1
52 1
Argali 0.000000 0.139700 0.095900 0.218100 0.040600 0.000000 0.040900 0.027300 0.053900 0.094600 0.013400 0.054500 0.013700 0.040600 0.054700 0.025200 0.067900 0.067800 0.013400 0.067700 0.040600 0.013400 0.107400 0.081100 0.026800 0.053900 0.013700 0.036800 0.040600 0.040700 0.094600 0.027200 0.090400 0.040500 0.027100 0.041300 0.013400 0.027200 0.027300 0.148700 0.107400 0.040700 0.094600 0.094200 0.027200 0.040800 0.080500 0.027400 0.040700 0.541300 0.040700 0.040700
LesserMous 0.139700 0.000000 0.178800 0.149500 0.122200 0.139700 0.122800 0.138900 0.106600 0.147100 0.153100 0.107600 0.125100 0.151400 0.152400 0.138400 0.120700 0.120100 0.152800 0.149200 0.122200 0.152600 0.131200 0.133900 0.137200 0.164400 0.125100 0.122300 0.151100 0.122300 0.147100 0.152600 0.141700 0.150900 0.137800 0.095300 0.153100 0.109100 0.138400 0.171700 0.131200 0.151600 0.147100 0.146600 0.109100 0.151900 0.190900 0.109600 0.108600 0.558300 0.122300 0.122300
LesserKudu 0.095900 0.178800 0.000000 0.257500 0.079900 0.095900 0.108600 0.095000 0.065500 0.132800 0.109100 0.093700 0.081800 0.108000 0.108700 0.095000 0.106800 0.106300 0.108900 0.079000 0.108000 0.108800 0.145300 0.119600 0.122900 0.120900 0.081800 0.052800 0.107700 0.052800 0.132800 0.108800 0.142400 0.107700 0.094600 0.081200 0.109100 0.066900 0.095000 0.186200 0.145300 0.108100 0.132800 0.132300 0.066900 0.108300 0.147000 0.095500 0.094500 0.580000 0.052800 0.052800
KillerWhal 0.218100 0.149500 0.257500 0.000000 0.182700 0.218100 0.183500 0.200800 0.179800 0.208000 0.216400 0.181400 0.202400 0.214000 0.230400 0.200800 0.195200 0.193900 0.231400 0.225300 0.214000 0.231100 0.190300 0.194200 0.198800 0.227400 0.202400 0.197600 0.213500 0.197600 0.208000 0.215600 0.214300 0.228300 0.215100 0.169800 0.216400 0.184200 0.200800 0.202700 0.190300 0.214300 0.208000 0.207300 0.184200 0.214600 0.239800 0.184900 0.183300 0.652400 0.197600 0.197600
DefassaWat 0.040600 0.122200 0.079900 0.182700 0.000000 0.040600 0.026500 0.012400 0.039300 0.051900 0.026600 0.039700 0.027000 0.026400 0.053700 0.013300 0.052800 0.052500 0.053800 0.052600 0.024600 0.053800 0.064600 0.039000 0.040000 0.039400 0.027000 0.026400 0.026300 0.026400 0.046900 0.026600 0.102800 0.053200 0.040100 0.026800 0.026600 0.013200 0.013300 0.103900 0.064600 0.026400 0.051900 0.051700 0.012300 0.026500 0.065300 0.040500 0.040000 0.509500 0.026400 0.024600
Sheep 0.000000 0.139700 0.095900 0.218100 0.040600 0.000000 0.040900 0.027300 0.053900 0.094600 0.013400 0.054500 0.013700 0.040600 0.054700 0.027300 0.067900 0.067500 0.013400 0.067700 0.040600 0.013400 0.107400 0.081100 0.026800 0.053900 0.012700 0.040700 0.040600 0.040700 0.094600 0.027200 0.090400 0.040500 0.027100 0.041300 0.013400 0.027200 0.027300 0.148700 0.107400 0.040700 0.094600 0.094200 0.027200 0.040800 0.080500 0.027400 0.040700 0.541300 0.040700 0.040700
MaxwellsDu 0.040900 0.122800 0.108600 0.183500 0.026500 0.040900 0.000000 0.012500 0.066800 0.079300 0.026800 0.039900 0.027100 0.026500 0.067700 0.013300 0.053100 0.052800 0.054200 0.080500 0.026500 0.054100 0.092000 0.066200 0.013200 0.039600 0.025400 0.053800 0.026500 0.053800 0.079300 0.026700 0.103200 0.053600 0.040300 0.054600 0.026800 0.040500 0.012400 0.132300 0.092000 0.026600 0.079300 0.079000 0.040500 0.026600 0.065700 0.013400 0.053800 0.552000 0.053800 0.053800
GazellaPrz 0.027300 0.138900 0.095000 0.200800 0.012400 0.027300 0.012500 0.000000 0.053400 0.066100 0.013400 0.053900 0.012700 0.012400 0.054200 0.000000 0.067300 0.066900 0.040600 0.067000 0.012400 0.040600 0.078900 0.053000 0.026800 0.026400 0.013600 0.040300 0.013200 0.040300 0.066100 0.013400 0.117800 0.040200 0.026900 0.041000 0.013400 0.027000 0.000000 0.119100 0.078900 0.013300 0.066100 0.065900 0.027000 0.013300 0.052500 0.027100 0.040400 0.535700 0.040300 0.040300
MountainNy 0.053900 0.106600 0.065500 0.179800 0.039300 0.053900 0.066800 0.053400 0.000000 0.091500 0.067100 0.052700 0.040200 0.066400 0.066800 0.053400 0.065700 0.065300 0.067000 0.038900 0.066400 0.066900 0.077000 0.078500 0.080500 0.079300 0.040200 0.013000 0.066200 0.013000 0.091500 0.066900 0.088300 0.066200 0.053200 0.040000 0.067100 0.026300 0.053400 0.116100 0.077000 0.066500 0.091500 0.091200 0.026300 0.066600 0.105200 0.053700 0.026200 0.521300 0.013000 0.013000
MuntiacusM 0.094600 0.147100 0.132800 0.208000 0.051900 0.094600 0.079300 0.066100 0.091500 0.000000 0.079700 0.092400 0.080700 0.078900 0.107100 0.066100 0.105400 0.104800 0.107400 0.104900 0.078900 0.107300 0.012200 0.012500 0.093000 0.091700 0.080700 0.078900 0.078800 0.078900 0.000000 0.079500 0.154100 0.106200 0.093300 0.052800 0.070300 0.066000 0.066100 0.075100 0.012200 0.079000 0.000000 0.024900 0.066000 0.079100 0.117400 0.094100 0.093200 0.512200 0.078900 0.078900
goat 0.013400 0.153100 0.109100 0.216400 0.026600 0.013400 0.026800 0.013400 0.067100 0.079700 0.000000 0.067800 0.027300 0.026600 0.068000 0.013400 0.081100 0.080700 0.026600 0.080800 0.026600 0.026600 0.092500 0.066500 0.012300 0.039800 0.027300 0.048400 0.026600 0.054000 0.070500 0.013400 0.102900 0.053800 0.040500 0.054900 0.000000 0.040600 0.013400 0.133000 0.092500 0.026700 0.079700 0.079400 0.040600 0.026700 0.066000 0.040900 0.054100 0.556000 0.054000 0.054000
AfricanBuf 0.054500 0.107600 0.093700 0.181400 0.039700 0.054500 0.039900 0.053900 0.052700 0.092400 0.067800 0.000000 0.040600 0.067000 0.039900 0.053900 0.039300 0.039100 0.067600 0.066100 0.067000 0.067600 0.105000 0.079300 0.053500 0.080000 0.040600 0.039800 0.066900 0.039800 0.092400 0.067600 0.089100 0.066900 0.053700 0.040400 0.067800 0.026600 0.053900 0.145200 0.105000 0.067100 0.092400 0.092000 0.026600 0.067300 0.106200 0.026700 0.053600 0.527000 0.039800 0.039800
Topi 0.013700 0.125100 0.081800 0.202400 0.027000 0.013700 0.027100 0.012700 0.040200 0.080700 0.027300 0.040600 0.000000 0.027000 0.040800 0.013600 0.054600 0.053800 0.027200 0.053900 0.025100 0.025300 0.093600 0.067300 0.040900 0.040200 0.000000 0.027000 0.026900 0.027000 0.080700 0.027200 0.105100 0.026900 0.012700 0.027400 0.027300 0.012600 0.013600 0.134500 0.093600 0.027000 0.080700 0.080300 0.013600 0.027100 0.066700 0.013600 0.027000 0.521200 0.027000 0.027000
CommonDuik 0.040600 0.151400 0.108000 0.214000 0.026400 0.040600 0.026500 0.012400 0.066400 0.078900 0.026600 0.067000 0.027000 0.000000 0.067300 0.013300 0.080300 0.079800 0.053900 0.080000 0.026400 0.053800 0.091600 0.065800 0.040000 0.039400 0.027000 0.053400 0.026300 0.053400 0.078900 0.026600 0.130200 0.053300 0.040100 0.054300 0.026600 0.040200 0.012300 0.131700 0.091600 0.026400 0.078900 0.078600 0.040200 0.026500 0.065300 0.040500 0.053500 0.549100 0.053400 0.053400
Suni 0.054700 0.152400 0.108700 0.230400 0.053700 0.054700 0.067700 0.054200 0.066800 0.107100 0.068000 0.039900 0.040800 0.067300 0.000000 0.054200 0.080800 0.080400 0.067900 0.052900 0.067300 0.067800 0.119800 0.093800 0.081700 0.080400 0.040800 0.053800 0.067200 0.053800 0.107100 0.067800 0.130900 0.067100 0.053900 0.054600 0.068000 0.040500 0.054200 0.160800 0.119800 0.067400 0.107100 0.106700 0.040500 0.067600 0.106600 0.054400 0.039700 0.552700 0.053800 0.053800
Springbuck 0.025200 0.138400 0.095000 0.200800 0.013300 0.027300 0.013300 0.000000 0.053400 0.066100 0.013400 0.053900 0.013600 0.013300 0.054200 0.000000 0.067300 0.066900 0.040600 0.067000 0.013300 0.040600 0.078900 0.053000 0.026800 0.026400 0.012800 0.040300 0.012400 0.040300 0.066100 0.013400 0.117800 0.040200 0.026900 0.041000 0.013400 0.027000 0.000000 0.119100 0.078900 0.013300 0.066100 0.065900 0.027000 0.013300 0.052500 0.025100 0.040400 0.535700 0.040300 0.040300
Okapi 0.067900 0.120700 0.106800 0.195200 0.052800 0.067900 0.053100 0.067300 0.065700 0.105400 0.081100 0.039300 0.054600 0.080300 0.080800 0.067300 0.000000 0.025700 0.081000 0.079100 0.080300 0.080900 0.118000 0.092300 0.066700 0.093200 0.054100 0.052900 0.080100 0.052900 0.105400 0.071800 0.101700 0.080100 0.067000 0.053700 0.081100 0.039800 0.060300 0.158400 0.118000 0.080400 0.105400 0.077800 0.039800 0.080600 0.119300 0.040000 0.066900 0.542400 0.052900 0.052900
Giraffe 0.067800 0.120100 0.106300 0.193900 0.052500 0.067500 0.052800 0.066900 0.065300 0.104800 0.080700 0.039100 0.053800 0.079800 0.080400 0.066900 0.025700 0.000000 0.080500 0.078700 0.079800 0.080400 0.117200 0.091800 0.066300 0.092700 0.053800 0.052600 0.079700 0.052600 0.104800 0.080400 0.101100 0.079600 0.066600 0.053400 0.080700 0.039600 0.066900 0.157300 0.117200 0.079900 0.104800 0.077300 0.039600 0.080100 0.118600 0.039800 0.066500 0.539000 0.052600 0.052600
TibetanAnt 0.013400 0.152800 0.108900 0.231400 0.053800 0.013400 0.054200 0.040600 0.067000 0.107400 0.026600 0.067600 0.027200 0.053900 0.067900 0.040600 0.081000 0.080500 0.000000 0.080700 0.053900 0.026500 0.120200 0.094100 0.039900 0.067000 0.027200 0.053900 0.053700 0.053900 0.107400 0.040500 0.102700 0.053700 0.040500 0.054700 0.026600 0.040600 0.037200 0.161400 0.120200 0.053900 0.107400 0.107000 0.040600 0.054000 0.093300 0.040800 0.054000 0.554200 0.053900 0.053900
Sitatunga 0.067700 0.149200 0.079000 0.225300 0.052600 0.067700 0.080500 0.067000 0.038900 0.104900 0.080800 0.066100 0.053900 0.080000 0.052900 0.067000 0.079100 0.078700 0.080700 0.000000 0.080000 0.080600 0.117300 0.091900 0.094400 0.092800 0.053900 0.026100 0.079800 0.026100 0.104900 0.080600 0.128300 0.079300 0.066700 0.053500 0.080800 0.039600 0.067000 0.157400 0.117300 0.080100 0.104900 0.104500 0.039600 0.080300 0.118700 0.067400 0.066600 0.539400 0.026100 0.026100
Oribi 0.040600 0.122200 0.108000 0.214000 0.024600 0.040600 0.026500 0.012400 0.066400 0.078900 0.026600 0.067000 0.025100 0.026400 0.067300 0.013300 0.080300 0.079800 0.053900 0.080000 0.000000 0.053800 0.091600 0.065800 0.040000 0.039400 0.027000 0.053400 0.026300 0.053400 0.078900 0.026600 0.130200 0.053300 0.040100 0.054300 0.026600 0.040200 0.013300 0.131700 0.091600 0.026400 0.078900 0.078600 0.040200 0.026500 0.065300 0.040500 0.053500 0.549100 0.053400 0.053400
BarbaryShe 0.013400 0.152600 0.108800 0.231100 0.053800 0.013400 0.054100 0.040600 0.066900 0.107300 0.026600 0.067600 0.025300 0.053800 0.067800 0.040600 0.080900 0.080400 0.026500 0.080600 0.053800 0.000000 0.120100 0.094000 0.039900 0.066900 0.027200 0.053800 0.053700 0.053800 0.107300 0.040500 0.102600 0.053600 0.040400 0.054700 0.026600 0.040500 0.040600 0.161200 0.120100 0.053900 0.107300 0.106900 0.040500 0.054000 0.093200 0.040800 0.053900 0.513100 0.053800 0.053800
Daviddeer 0.107400 0.131200 0.145300 0.190300 0.064600 0.107400 0.092000 0.078900 0.077000 0.012200 0.092500 0.105000 0.093600 0.091600 0.119800 0.078900 0.118000 0.117200 0.120200 0.117300 0.091600 0.120100 0.000000 0.024900 0.105700 0.104200 0.093600 0.091500 0.091400 0.091500 0.012200 0.092200 0.138700 0.118800 0.106100 0.065600 0.092500 0.078700 0.078900 0.061500 0.000000 0.091700 0.012200 0.037200 0.078700 0.091800 0.129800 0.106900 0.078400 0.524700 0.091500 0.091500
Reindeer 0.081100 0.133900 0.119600 0.194200 0.039000 0.081100 0.066200 0.053000 0.078500 0.012500 0.066500 0.079300 0.067300 0.065800 0.093800 0.053000 0.092300 0.091800 0.094100 0.091900 0.065800 0.094000 0.024900 0.000000 0.079800 0.078600 0.067300 0.065800 0.065700 0.065800 0.012500 0.059300 0.141400 0.093000 0.080100 0.039600 0.066500 0.052800 0.053000 0.062700 0.024900 0.065900 0.012500 0.012500 0.052800 0.066000 0.104400 0.080700 0.080000 0.517700 0.059700 0.065800
Ibex 0.026800 0.137200 0.122900 0.198800 0.040000 0.026800 0.013200 0.026800 0.080500 0.093000 0.012300 0.053500 0.040900 0.040000 0.081700 0.026800 0.066700 0.066300 0.039900 0.094400 0.040000 0.039900 0.105700 0.079800 0.000000 0.053000 0.040900 0.067500 0.039900 0.067500 0.093000 0.026700 0.088800 0.067300 0.054000 0.068600 0.013200 0.054200 0.026800 0.146300 0.105700 0.040000 0.093000 0.092700 0.054200 0.040100 0.079200 0.026900 0.067600 0.572700 0.067500 0.067500
GyrantGaze 0.053900 0.164400 0.120900 0.227400 0.039400 0.053900 0.039600 0.026400 0.079300 0.091700 0.039800 0.080000 0.040200 0.039400 0.080400 0.026400 0.093200 0.092700 0.067000 0.092800 0.039400 0.066900 0.104200 0.078600 0.053000 0.000000 0.040200 0.066500 0.039300 0.066500 0.091700 0.039700 0.142600 0.066200 0.053200 0.067500 0.039800 0.053400 0.026400 0.144200 0.104200 0.013000 0.091700 0.091300 0.053400 0.039500 0.078000 0.053700 0.066600 0.563100 0.066500 0.066500
Hartebeest 0.013700 0.125100 0.081800 0.202400 0.027000 0.012700 0.025400 0.013600 0.040200 0.080700 0.027300 0.040600 0.000000 0.027000 0.040800 0.012800 0.054100 0.053800 0.027200 0.053900 0.027000 0.027200 0.093600 0.067300 0.040900 0.040200 0.000000 0.027000 0.026900 0.027000 0.080700 0.027200 0.105100 0.026900 0.013500 0.025700 0.027300 0.013600 0.013600 0.134500 0.093600 0.027000 0.080700 0.080300 0.013600 0.025200 0.066700 0.013600 0.027000 0.521200 0.027000 0.025200
Bongo 0.036800 0.122300 0.052800 0.197600 0.026400 0.040700 0.053800 0.040300 0.013000 0.078900 0.048400 0.039800 0.027000 0.053400 0.053800 0.040300 0.052900 0.052600 0.053900 0.026100 0.053400 0.053800 0.091500 0.065800 0.067500 0.066500 0.027000 0.000000 0.053300 0.000000 0.078900 0.053800 0.102800 0.053300 0.040100 0.026800 0.054000 0.013300 0.040300 0.131500 0.091500 0.053500 0.078900 0.078600 0.013300 0.053600 0.092600 0.040500 0.040100 0.508700 0.000000 0.000000
Gerenuk 0.040600 0.151100 0.107700 0.213500 0.026300 0.040600 0.026500 0.013200 0.066200 0.078800 0.026600 0.066900 0.026900 0.026300 0.067200 0.012400 0.080100 0.079700 0.053700 0.079800 0.026300 0.053700 0.091400 0.065700 0.039900 0.039300 0.026900 0.053300 0.000000 0.053300 0.078800 0.026500 0.129900 0.053100 0.040000 0.054200 0.026600 0.040100 0.013200 0.131400 0.091400 0.026300 0.078800 0.078500 0.040100 0.026400 0.065200 0.040400 0.053400 0.547600 0.053300 0.053300
CommonElan 0.040700 0.122300 0.052800 0.197600 0.026400 0.040700 0.053800 0.040300 0.013000 0.078900 0.054000 0.039800 0.027000 0.053400 0.053800 0.040300 0.052900 0.052600 0.053900 0.026100 0.053400 0.053800 0.091500 0.065800 0.067500 0.066500 0.027000 0.000000 0.053300 0.000000 0.078900 0.053800 0.102800 0.053300 0.040100 0.026800 0.054000 0.012400 0.040300 0.131500 0.091500 0.053500 0.078900 0.078600 0.013300 0.053600 0.092600 0.040500 0.040100 0.508700 0.000000 0.000000
MuntiacusR 0.094600 0.147100 0.132800 0.208000 0.046900 0.094600 0.079300 0.066100 0.091500 0.000000 0.070500 0.092400 0.080700 0.078900 0.107100 0.066100 0.105400 0.104800 0.107400 0.104900 0.078900 0.107300 0.012200 0.012500 0.093000 0.091700 0.080700 0.078900 0.078800 0.078900 0.000000 0.079500 0.154100 0.106200 0.093300 0.052800 0.079700 0.066000 0.066100 0.075100 0.011500 0.079000 0.000000 0.024900 0.066000 0.079100 0.117400 0.094100 0.093200 0.512200 0.078900 0.078900
HarveysDui 0.027200 0.152600 0.108800 0.215600 0.026600 0.027200 0.026700 0.013400 0.066900 0.079500 0.013400 0.067600 0.027200 0.026600 0.067800 0.013400 0.071800 0.080400 0.040500 0.080600 0.026600 0.040500 0.092200 0.059300 0.026700 0.039700 0.027200 0.053800 0.026500 0.053800 0.079500 0.000000 0.117400 0.053700 0.040400 0.054700 0.013400 0.040500 0.013400 0.132500 0.092200 0.024700 0.079500 0.079200 0.040500 0.026700 0.065800 0.040800 0.053900 0.553200 0.053800 0.053800
Pronghorn 0.090400 0.141700 0.142400 0.214300 0.102800 0.090400 0.103200 0.117800 0.088300 0.154100 0.102900 0.089100 0.105100 0.130200 0.130900 0.117800 0.101700 0.101100 0.102700 0.128300 0.130200 0.102600 0.138700 0.141400 0.088800 0.142600 0.105100 0.102800 0.129900 0.102800 0.154100 0.117400 0.000000 0.129800 0.117300 0.104400 0.102900 0.090300 0.117800 0.177800 0.138700 0.130300 0.154100 0.153600 0.090300 0.130600 0.140600 0.090700 0.089900 0.591000 0.102800 0.103100
BlueWildeb 0.040500 0.150900 0.107700 0.228300 0.053200 0.040500 0.053600 0.040200 0.066200 0.106200 0.053800 0.066900 0.026900 0.053300 0.067100 0.040200 0.080100 0.079600 0.053700 0.079300 0.053300 0.053600 0.118800 0.093000 0.067300 0.066200 0.026900 0.053300 0.053100 0.053300 0.106200 0.053700 0.129800 0.000000 0.040000 0.054100 0.053800 0.040100 0.040200 0.159400 0.118800 0.053300 0.106200 0.105800 0.040100 0.049100 0.092300 0.040400 0.048800 0.545700 0.048600 0.053300
Gemsbok 0.027100 0.137800 0.094600 0.215100 0.040100 0.027100 0.040300 0.026900 0.053200 0.093300 0.040500 0.053700 0.012700 0.040100 0.053900 0.026900 0.067000 0.066600 0.040500 0.066700 0.040100 0.040400 0.106100 0.080100 0.054000 0.053200 0.013500 0.040100 0.040000 0.040100 0.093300 0.040400 0.117300 0.040000 0.000000 0.040800 0.040500 0.025200 0.026900 0.146800 0.106100 0.040200 0.093300 0.093000 0.026900 0.040200 0.079400 0.027000 0.040200 0.532500 0.040100 0.040100
Yak 0.041300 0.095300 0.081200 0.169800 0.026800 0.041300 0.054600 0.041000 0.040000 0.052800 0.054900 0.040400 0.027400 0.054300 0.054600 0.041000 0.053700 0.053400 0.054700 0.053500 0.054300 0.054700 0.065600 0.039600 0.068600 0.067500 0.025700 0.026800 0.054200 0.026800 0.052800 0.054700 0.104400 0.054100 0.040800 0.000000 0.054900 0.013500 0.041000 0.105500 0.058700 0.054300 0.052800 0.052600 0.013500 0.054500 0.094100 0.041100 0.040700 0.479000 0.026800 0.026800
BlueSheep 0.013400 0.153100 0.109100 0.216400 0.026600 0.013400 0.026800 0.013400 0.067100 0.070300 0.000000 0.067800 0.027300 0.026600 0.068000 0.013400 0.081100 0.080700 0.026600 0.080800 0.026600 0.026600 0.092500 0.066500 0.013200 0.039800 0.027300 0.054000 0.026600 0.054000 0.079700 0.013400 0.102900 0.053800 0.040500 0.054900 0.000000 0.040600 0.013400 0.133000 0.092500 0.026700 0.079700 0.079400 0.040600 0.026700 0.066000 0.040900 0.054100 0.556000 0.054000 0.054000
BohorReedb 0.027200 0.109100 0.066900 0.184200 0.013200 0.027200 0.040500 0.027000 0.026300 0.066000 0.040600 0.026600 0.012600 0.040200 0.040500 0.027000 0.039800 0.039600 0.040600 0.039600 0.040200 0.040500 0.078700 0.052800 0.054200 0.053400 0.013600 0.013300 0.040100 0.012400 0.066000 0.040500 0.090300 0.040100 0.025200 0.013500 0.040600 0.000000 0.027000 0.118800 0.078700 0.040300 0.059000 0.065700 0.000000 0.040400 0.079600 0.027100 0.026800 0.495400 0.012400 0.012400
KirksDik 0.027300 0.138400 0.095000 0.200800 0.013300 0.027300 0.012400 0.000000 0.053400 0.066100 0.013400 0.053900 0.013600 0.012300 0.054200 0.000000 0.060300 0.066900 0.037200 0.067000 0.013300 0.040600 0.078900 0.053000 0.026800 0.026400 0.013600 0.040300 0.013200 0.040300 0.066100 0.013400 0.117800 0.040200 0.026900 0.041000 0.013400 0.027000 0.000000 0.119100 0.078900 0.013300 0.066100 0.065900 0.027000 0.013300 0.052500 0.027100 0.040400 0.535700 0.040300 0.040300
RoeDeer 0.148700 0.171700 0.186200 0.202700 0.103900 0.148700 0.132300 0.119100 0.116100 0.075100 0.133000 0.145200 0.134500 0.131700 0.160800 0.119100 0.158400 0.157300 0.161400 0.157400 0.131700 0.161200 0.061500 0.062700 0.146300 0.144200 0.134500 0.131500 0.131400 0.131500 0.075100 0.132500 0.177800 0.159400 0.146800 0.105500 0.133000 0.118800 0.119100 0.000000 0.061500 0.131800 0.075100 0.074900 0.118800 0.132000 0.169900 0.147900 0.118300 0.597900 0.131500 0.131500
WhiteLippe 0.107400 0.131200 0.145300 0.190300 0.064600 0.107400 0.092000 0.078900 0.077000 0.012200 0.092500 0.105000 0.093600 0.091600 0.119800 0.078900 0.118000 0.117200 0.120200 0.117300 0.091600 0.120100 0.000000 0.024900 0.105700 0.104200 0.093600 0.091500 0.091400 0.091500 0.011500 0.092200 0.138700 0.118800 0.106100 0.058700 0.092500 0.078700 0.078900 0.061500 0.000000 0.091700 0.012200 0.037200 0.078700 0.091800 0.129800 0.106900 0.078400 0.524700 0.091500 0.091500
ThomsonGaz 0.040700 0.151600 0.108100 0.214300 0.026400 0.040700 0.026600 0.013300 0.066500 0.079000 0.026700 0.067100 0.027000 0.026400 0.067400 0.013300 0.080400 0.079900 0.053900 0.080100 0.026400 0.053900 0.091700 0.065900 0.040000 0.013000 0.027000 0.053500 0.026300 0.053500 0.079000 0.024700 0.130300 0.053300 0.040200 0.054300 0.026700 0.040300 0.013300 0.131800 0.091700 0.000000 0.079000 0.078700 0.040300 0.026500 0.065400 0.040500 0.053600 0.550200 0.053500 0.053500
MuntiacusC 0.094600 0.147100 0.132800 0.208000 0.051900 0.094600 0.079300 0.066100 0.091500 0.000000 0.079700 0.092400 0.080700 0.078900 0.107100 0.066100 0.105400 0.104800 0.107400 0.104900 0.078900 0.107300 0.012200 0.012500 0.093000 0.091700 0.080700 0.078900 0.078800 0.078900 0.000000 0.079500 0.154100 0.106200 0.093300 0.052800 0.079700 0.059000 0.066100 0.075100 0.012200 0.079000 0.000000 0.024900 0.066000 0.079100 0.117400 0.094100 0.093200 0.512200 0.070600 0.078900
WhiteTaile 0.094200 0.146600 0.132300 0.207300 0.051700 0.094200 0.079000 0.065900 0.091200 0.024900 0.079400 0.092000 0.080300 0.078600 0.106700 0.065900 0.077800 0.077300 0.107000 0.104500 0.078600 0.106900 0.037200 0.012500 0.092700 0.091300 0.080300 0.078600 0.078500 0.078600 0.024900 0.079200 0.153600 0.105800 0.093000 0.052600 0.079400 0.065700 0.065900 0.074900 0.037200 0.078700 0.024900 0.000000 0.065700 0.078800 0.117000 0.093700 0.092800 0.531200 0.078600 0.078600
Cattle 0.027200 0.109100 0.066900 0.184200 0.012300 0.027200 0.040500 0.027000 0.026300 0.066000 0.040600 0.026600 0.013600 0.040200 0.040500 0.027000 0.039800 0.039600 0.040600 0.039600 0.040200 0.040500 0.078700 0.052800 0.054200 0.053400 0.013600 0.013300 0.040100 0.013300 0.066000 0.040500 0.090300 0.040100 0.026900 0.013500 0.040600 0.000000 0.027000 0.118800 0.078700 0.040300 0.066000 0.065700 0.000000 0.037700 0.079600 0.027100 0.026800 0.495400 0.013300 0.012500
RoyalAntel 0.040800 0.151900 0.108300 0.214600 0.026500 0.040800 0.026600 0.013300 0.066600 0.079100 0.026700 0.067300 0.027100 0.026500 0.067600 0.013300 0.080600 0.080100 0.054000 0.080300 0.026500 0.054000 0.091800 0.066000 0.040100 0.039500 0.025200 0.053600 0.026400 0.053600 0.079100 0.026700 0.130600 0.049100 0.040200 0.054500 0.026700 0.040400 0.013300 0.132000 0.091800 0.026500 0.079100 0.078800 0.037700 0.000000 0.065500 0.040600 0.053700 0.550400 0.053600 0.053600
Steenbok 0.080500 0.190900 0.147000 0.239800 0.065300 0.080500 0.065700 0.052500 0.105200 0.117400 0.066000 0.106200 0.066700 0.065300 0.106600 0.052500 0.119300 0.118600 0.093300 0.118700 0.065300 0.093200 0.129800 0.104400 0.079200 0.078000 0.066700 0.092600 0.065200 0.092600 0.117400 0.065800 0.140600 0.092300 0.079400 0.094100 0.066000 0.079600 0.052500 0.169900 0.129800 0.065400 0.117400 0.117000 0.079600 0.065500 0.000000 0.080100 0.092800 0.592200 0.092600 0.092600
Impala 0.027400 0.109600 0.095500 0.184900 0.040500 0.027400 0.013400 0.027100 0.053700 0.094100 0.040900 0.026700 0.013600 0.040500 0.054400 0.025100 0.040000 0.039800 0.040800 0.067400 0.040500 0.040800 0.106900 0.080700 0.026900 0.053700 0.013600 0.040500 0.040400 0.040500 0.094100 0.040800 0.090700 0.040400 0.027000 0.041100 0.040900 0.027100 0.027100 0.147900 0.106900 0.040500 0.094100 0.093700 0.027100 0.040600 0.080100 0.000000 0.040600 0.537400 0.040500 0.040500
Klipspring 0.040700 0.108600 0.094500 0.183300 0.040000 0.040700 0.053800 0.040400 0.026200 0.093200 0.054100 0.053600 0.027000 0.053500 0.039700 0.040400 0.066900 0.066500 0.054000 0.066600 0.053500 0.053900 0.078400 0.080000 0.067600 0.066600 0.027000 0.040100 0.053400 0.040100 0.093200 0.053900 0.089900 0.048800 0.040200 0.040700 0.054100 0.026800 0.040400 0.118300 0.078400 0.053600 0.093200 0.092800 0.026800 0.053700 0.092800 0.040600 0.000000 0.532600 0.040100 0.040100
ForestMusk 0.541300 0.558300 0.580000 0.652400 0.509500 0.541300 0.552000 0.535700 0.521300 0.512200 0.556000 0.527000 0.521200 0.549100 0.552700 0.535700 0.542400 0.539000 0.554200 0.539400 0.549100 0.513100 0.524700 0.517700 0.572700 0.563100 0.521200 0.508700 0.547600 0.508700 0.512200 0.553200 0.591000 0.545700 0.532500 0.479000 0.556000 0.495400 0.535700 0.597900 0.524700 0.550200 0.512200 0.531200 0.495400 0.550400 0.592200 0.537400 0.532600 0.000000 0.508700 0.508700
Bushbuck 0.040700 0.122300 0.052800 0.197600 0.026400 0.040700 0.053800 0.040300 0.013000 0.078900 0.054000 0.039800 0.027000 0.053400 0.053800 0.040300 0.052900 0.052600 0.053900 0.026100 0.053400 0.053800 0.091500 0.059700 0.067500 0.066500 0.027000 0.000000 0.053300 0.000000 0.078900 0.053800 0.102800 0.048600 0.040100 0.026800 0.054000 0.012400 0.040300 0.131500 0.091500 0.053500 0.070600 0.078600 0.013300 0.053600 0.092600 0.040500 0.040100 0.508700 0.000000 0.000000
GreaterKud 0.040700 0.122300 0.052800 0.197600 0.024600 0.040700 0.053800 0.040300 0.013000 0.078900 0.054000 0.039800 0.027000 0.053400 0.053800 0.040300 0.052900 0.052600 0.053900 0.026100 0.053400 0.053800 0.091500 0.065800 0.067500 0.066500 0.025200 0.000000 0.053300 0.000000 0.078900 0.053800 0.103100 0.053300 0.040100 0.026800 0.054000 0.012400 0.040300 0.131500 0.091500 0.053500 0.078900 0.078600 0.012500 0.053600 0.092600 0.040500 0.040100 0.508700 0.000000 0.000000
