CODONML (in paml version 4.10.7, June 2023)  /home/rachel/ruminants_paml/6406-phy-tree/ENSBTAT00000003653.fasta.phy
Model: free dN/dS Ratios for branches,  kappa = 2.000 fixed

Codon frequency model: F3x4
ns =  54  ls =  32

Codon usage in sequences
--------------------------------------------------------------------------------------------------------------------------------------
Phe TTT   0   0   0   0   0   0 | Ser TCT   2   2   2   2   1   2 | Tyr TAT   0   2   1   2   0   1 | Cys TGT   0   0   0   0   0   0
    TTC   0   0   0   0   0   0 |     TCC   0   0   0   0   1   0 |     TAC   2   0   1   0   2   1 |     TGC   0   0   0   0   0   0
Leu TTA   0   0   0   0   0   0 |     TCA   1   1   1   1   1   1 | *** TAA   0   0   0   0   0   0 | *** TGA   0   0   0   0   0   0
    TTG   0   0   0   0   0   0 |     TCG   0   0   0   0   0   0 |     TAG   0   0   0   0   0   0 | Trp TGG   0   0   0   0   0   0
--------------------------------------------------------------------------------------------------------------------------------------
Leu CTT   0   0   0   0   0   0 | Pro CCT   0   0   0   0   0   0 | His CAT   0   1   0   0   1   1 | Arg CGT   0   0   0   0   0   0
    CTC   0   0   0   0   0   0 |     CCC   0   0   0   0   0   0 |     CAC   3   2   3   3   2   2 |     CGC   0   0   0   0   0   0
    CTA   1   1   1   1   1   1 |     CCA   1   1   1   1   1   1 | Gln CAA   0   0   0   0   0   0 |     CGA   0   0   0   0   0   0
    CTG   0   0   0   0   0   0 |     CCG   0   0   0   0   0   0 |     CAG   1   1   1   1   1   1 |     CGG   1   1   1   2   1   1
--------------------------------------------------------------------------------------------------------------------------------------
Ile ATT   2   2   1   2   1   1 | Thr ACT   0   0   0   0   0   0 | Asn AAT   1   1   1   1   0   1 | Ser AGT   1   1   0   1   1   0
    ATC   0   0   1   0   1   1 |     ACC   0   0   0   0   0   0 |     AAC   1   1   1   1   2   1 |     AGC   0   0   1   0   0   1
    ATA   1   1   1   1   1   1 |     ACA   0   0   0   0   0   0 | Lys AAA   1   1   1   1   1   1 | Arg AGA   0   0   0   0   0   0
Met ATG   0   0   0   0   0   0 |     ACG   0   0   0   0   0   0 |     AAG   1   1   1   1   2   2 |     AGG   1   1   1   0   0   0
--------------------------------------------------------------------------------------------------------------------------------------
Val GTT   0   0   0   0   0   0 | Ala GCT   0   0   0   0   0   0 | Asp GAT   0   0   0   0   0   0 | Gly GGT   0   0   1   0   0   0
    GTC   1   1   1   1   1   1 |     GCC   0   0   0   0   0   0 |     GAC   2   2   2   2   2   2 |     GGC   2   2   1   2   2   2
    GTA   0   0   0   0   0   0 |     GCA   1   1   1   1   1   0 | Glu GAA   0   0   0   0   0   0 |     GGA   1   1   1   1   1   1
    GTG   2   2   2   2   2   2 |     GCG   1   1   1   1   1   2 |     GAG   1   1   1   1   1   1 |     GGG   0   0   0   0   0   0
--------------------------------------------------------------------------------------------------------------------------------------

--------------------------------------------------------------------------------------------------------------------------------------
Phe TTT   0   0   0   0   0   0 | Ser TCT   1   2   2   2   2   1 | Tyr TAT   1   0   1   1   2   1 | Cys TGT   0   0   0   0   0   0
    TTC   0   0   0   0   0   0 |     TCC   0   0   0   0   0   1 |     TAC   1   2   1   1   0   1 |     TGC   0   0   0   0   0   0
Leu TTA   0   0   0   0   0   0 |     TCA   0   1   1   1   1   1 | *** TAA   0   0   0   0   0   0 | *** TGA   0   0   0   0   0   0
    TTG   0   0   0   0   0   0 |     TCG   2   0   0   0   0   0 |     TAG   0   0   0   0   0   0 | Trp TGG   0   0   0   0   0   0
--------------------------------------------------------------------------------------------------------------------------------------
Leu CTT   0   0   0   0   0   0 | Pro CCT   0   0   0   0   0   0 | His CAT   0   0   0   1   0   1 | Arg CGT   0   0   0   0   0   0
    CTC   0   0   0   0   0   0 |     CCC   0   0   0   0   0   0 |     CAC   3   3   3   2   3   2 |     CGC   0   0   0   0   0   0
    CTA   1   1   1   1   1   1 |     CCA   1   1   1   1   1   1 | Gln CAA   0   0   0   0   0   0 |     CGA   0   0   0   0   0   0
    CTG   0   0   0   0   0   0 |     CCG   0   0   0   0   0   0 |     CAG   1   1   1   1   1   1 |     CGG   1   1   1   1   1   1
--------------------------------------------------------------------------------------------------------------------------------------
Ile ATT   2   2   2   2   1   2 | Thr ACT   0   0   0   0   0   0 | Asn AAT   1   1   1   1   1   1 | Ser AGT   0   0   0   0   0   1
    ATC   0   0   0   0   1   0 |     ACC   0   0   0   0   0   0 |     AAC   1   1   1   1   1   1 |     AGC   1   1   1   1   1   0
    ATA   1   1   1   1   1   1 |     ACA   0   0   0   0   0   0 | Lys AAA   1   1   1   1   1   1 | Arg AGA   0   0   0   0   0   0
Met ATG   0   0   0   0   0   0 |     ACG   0   0   0   0   0   0 |     AAG   1   1   1   1   1   1 |     AGG   1   1   1   1   1   1
--------------------------------------------------------------------------------------------------------------------------------------
Val GTT   0   0   0   0   0   0 | Ala GCT   0   0   0   0   0   0 | Asp GAT   0   0   0   0   0   0 | Gly GGT   0   0   0   0   0   0
    GTC   1   1   1   1   1   1 |     GCC   0   0   0   0   0   0 |     GAC   2   2   2   2   2   2 |     GGC   2   2   2   1   2   2
    GTA   0   0   0   0   0   0 |     GCA   1   1   1   1   1   1 | Glu GAA   0   0   0   0   0   0 |     GGA   1   1   1   2   1   1
    GTG   2   2   2   2   2   2 |     GCG   1   1   1   1   1   1 |     GAG   1   1   1   1   1   1 |     GGG   0   0   0   0   0   0
--------------------------------------------------------------------------------------------------------------------------------------

--------------------------------------------------------------------------------------------------------------------------------------
Phe TTT   0   0   0   0   0   0 | Ser TCT   2   2   2   1   2   2 | Tyr TAT   0   1   1   1   1   1 | Cys TGT   0   0   0   0   0   0
    TTC   0   0   0   0   0   0 |     TCC   0   0   0   0   0   0 |     TAC   2   1   1   1   1   1 |     TGC   0   0   0   0   0   0
Leu TTA   0   0   0   0   0   0 |     TCA   1   1   1   1   1   1 | *** TAA   0   0   0   0   0   0 | *** TGA   0   0   0   0   0   0
    TTG   0   0   0   0   0   0 |     TCG   0   0   0   1   0   0 |     TAG   0   0   0   0   0   0 | Trp TGG   0   0   0   0   0   0
--------------------------------------------------------------------------------------------------------------------------------------
Leu CTT   0   0   0   0   0   0 | Pro CCT   0   0   0   0   0   0 | His CAT   0   0   0   0   0   0 | Arg CGT   0   0   0   0   0   0
    CTC   0   0   0   0   0   0 |     CCC   0   0   0   0   0   0 |     CAC   3   3   3   3   3   3 |     CGC   0   0   0   0   0   0
    CTA   1   1   1   1   1   1 |     CCA   1   1   1   1   1   1 | Gln CAA   0   0   0   0   0   0 |     CGA   0   0   0   0   0   0
    CTG   0   0   0   0   0   0 |     CCG   0   0   0   0   0   0 |     CAG   1   1   1   1   1   2 |     CGG   1   1   1   1   1   0
--------------------------------------------------------------------------------------------------------------------------------------
Ile ATT   2   2   2   2   2   2 | Thr ACT   0   0   0   0   0   0 | Asn AAT   1   1   0   1   1   1 | Ser AGT   0   0   1   0   0   0
    ATC   0   0   0   0   0   0 |     ACC   0   0   0   0   0   0 |     AAC   1   1   1   1   1   1 |     AGC   1   1   1   1   1   1
    ATA   1   1   1   1   1   1 |     ACA   0   0   0   0   0   0 | Lys AAA   1   1   1   1   1   1 | Arg AGA   0   0   0   0   0   0
Met ATG   0   0   0   0   0   0 |     ACG   0   0   0   0   0   0 |     AAG   1   1   2   1   1   1 |     AGG   1   1   0   1   1   1
--------------------------------------------------------------------------------------------------------------------------------------
Val GTT   0   0   0   0   0   0 | Ala GCT   0   0   0   0   0   0 | Asp GAT   0   0   0   0   0   0 | Gly GGT   0   0   1   0   0   0
    GTC   1   1   1   1   1   1 |     GCC   0   0   0   0   0   0 |     GAC   2   2   2   2   2   2 |     GGC   2   2   1   2   2   1
    GTA   0   0   0   0   0   0 |     GCA   1   1   1   1   1   1 | Glu GAA   0   0   0   0   0   0 |     GGA   1   1   1   1   1   2
    GTG   2   2   2   2   2   2 |     GCG   1   1   1   1   1   1 |     GAG   1   1   1   1   1   1 |     GGG   0   0   0   0   0   0
--------------------------------------------------------------------------------------------------------------------------------------

--------------------------------------------------------------------------------------------------------------------------------------
Phe TTT   0   0   0   0   0   0 | Ser TCT   2   2   2   2   2   2 | Tyr TAT   1   1   0   1   1   0 | Cys TGT   0   0   0   0   0   0
    TTC   0   0   0   0   0   0 |     TCC   0   0   0   0   0   0 |     TAC   1   1   2   1   1   2 |     TGC   0   0   0   0   0   0
Leu TTA   0   0   0   0   0   0 |     TCA   1   1   1   1   1   1 | *** TAA   0   0   0   0   0   0 | *** TGA   0   0   0   0   0   0
    TTG   0   0   0   0   0   0 |     TCG   0   0   0   0   0   0 |     TAG   0   0   0   0   0   0 | Trp TGG   0   0   0   0   0   0
--------------------------------------------------------------------------------------------------------------------------------------
Leu CTT   0   0   0   0   0   0 | Pro CCT   0   0   0   0   0   0 | His CAT   0   0   0   0   0   0 | Arg CGT   0   0   0   0   0   0
    CTC   0   0   0   0   0   0 |     CCC   0   0   0   0   0   0 |     CAC   3   3   3   3   3   3 |     CGC   0   0   0   0   0   0
    CTA   1   1   1   1   1   1 |     CCA   1   1   1   1   1   1 | Gln CAA   0   0   0   0   0   0 |     CGA   0   0   0   0   0   0
    CTG   0   0   0   0   0   0 |     CCG   0   0   0   0   0   0 |     CAG   1   1   1   1   1   1 |     CGG   1   1   1   1   1   1
--------------------------------------------------------------------------------------------------------------------------------------
Ile ATT   2   2   2   1   2   2 | Thr ACT   0   0   0   0   0   0 | Asn AAT   0   1   1   1   1   1 | Ser AGT   0   0   0   0   0   0
    ATC   0   0   0   1   0   0 |     ACC   0   0   0   0   0   0 |     AAC   2   1   1   1   1   1 |     AGC   1   1   1   1   1   1
    ATA   1   1   1   1   1   1 |     ACA   0   0   0   0   0   0 | Lys AAA   1   1   2   1   1   1 | Arg AGA   0   0   0   0   0   0
Met ATG   0   0   0   0   0   0 |     ACG   0   0   0   0   0   0 |     AAG   1   1   0   1   1   1 |     AGG   1   1   1   1   1   1
--------------------------------------------------------------------------------------------------------------------------------------
Val GTT   0   0   0   0   0   0 | Ala GCT   0   0   0   0   0   0 | Asp GAT   0   0   0   0   0   0 | Gly GGT   0   0   0   0   0   0
    GTC   1   1   1   1   1   1 |     GCC   0   0   0   0   0   0 |     GAC   2   2   2   2   2   2 |     GGC   2   2   2   2   1   2
    GTA   0   0   0   0   0   0 |     GCA   1   1   1   1   1   1 | Glu GAA   0   0   0   0   0   0 |     GGA   1   1   1   1   2   1
    GTG   2   2   2   2   2   2 |     GCG   1   1   1   1   1   1 |     GAG   1   1   1   1   1   1 |     GGG   0   0   0   0   0   0
--------------------------------------------------------------------------------------------------------------------------------------

--------------------------------------------------------------------------------------------------------------------------------------
Phe TTT   0   0   0   0   0   0 | Ser TCT   2   2   2   2   2   2 | Tyr TAT   1   1   0   1   1   2 | Cys TGT   0   0   0   0   0   0
    TTC   0   0   0   0   0   0 |     TCC   0   0   0   0   0   0 |     TAC   1   1   2   1   1   0 |     TGC   0   0   0   0   0   0
Leu TTA   0   0   0   0   0   0 |     TCA   1   1   1   1   1   1 | *** TAA   0   0   0   0   0   0 | *** TGA   0   0   0   0   0   0
    TTG   0   0   0   0   0   0 |     TCG   0   0   0   0   0   0 |     TAG   0   0   0   0   0   0 | Trp TGG   0   0   0   0   0   0
--------------------------------------------------------------------------------------------------------------------------------------
Leu CTT   0   0   0   0   0   0 | Pro CCT   0   0   0   0   0   0 | His CAT   1   1   0   0   0   0 | Arg CGT   0   0   0   0   0   0
    CTC   0   0   0   0   0   0 |     CCC   0   0   0   0   0   0 |     CAC   2   2   3   3   3   3 |     CGC   0   0   0   0   0   0
    CTA   1   1   1   1   1   1 |     CCA   1   1   1   1   1   1 | Gln CAA   1   0   0   0   0   0 |     CGA   0   0   0   0   0   0
    CTG   0   0   0   0   0   0 |     CCG   0   0   0   0   0   0 |     CAG   0   1   1   2   1   1 |     CGG   1   1   1   0   1   1
--------------------------------------------------------------------------------------------------------------------------------------
Ile ATT   2   2   2   2   2   1 | Thr ACT   0   0   0   0   0   0 | Asn AAT   0   1   1   1   0   1 | Ser AGT   1   1   0   0   1   0
    ATC   0   0   0   0   0   1 |     ACC   0   0   0   0   0   0 |     AAC   2   1   1   1   1   1 |     AGC   0   0   1   1   1   1
    ATA   1   1   1   1   1   1 |     ACA   0   0   0   0   0   0 | Lys AAA   1   1   1   1   1   1 | Arg AGA   0   0   0   0   0   0
Met ATG   0   0   0   0   0   0 |     ACG   0   0   0   0   0   0 |     AAG   1   1   1   1   2   1 |     AGG   1   1   1   1   0   1
--------------------------------------------------------------------------------------------------------------------------------------
Val GTT   0   0   0   0   0   0 | Ala GCT   0   0   0   0   0   0 | Asp GAT   0   0   0   0   0   0 | Gly GGT   0   0   0   0   0   0
    GTC   1   1   1   1   1   1 |     GCC   0   0   0   0   0   0 |     GAC   2   2   2   2   2   2 |     GGC   2   2   2   1   2   2
    GTA   0   0   0   0   0   0 |     GCA   1   1   1   1   1   1 | Glu GAA   0   0   0   0   0   0 |     GGA   1   1   1   2   1   1
    GTG   2   2   2   2   2   2 |     GCG   1   1   1   1   1   1 |     GAG   1   1   1   1   1   1 |     GGG   0   0   0   0   0   0
--------------------------------------------------------------------------------------------------------------------------------------

--------------------------------------------------------------------------------------------------------------------------------------
Phe TTT   0   0   0   0   0   0 | Ser TCT   2   2   1   2   2   2 | Tyr TAT   0   2   1   1   2   1 | Cys TGT   0   0   0   0   0   0
    TTC   0   0   0   0   0   0 |     TCC   0   0   1   0   0   0 |     TAC   2   0   1   1   0   1 |     TGC   0   0   0   0   0   0
Leu TTA   0   0   0   0   0   0 |     TCA   1   1   1   1   0   1 | *** TAA   0   0   0   0   0   0 | *** TGA   0   0   0   0   0   0
    TTG   0   0   0   0   0   0 |     TCG   0   0   0   0   1   0 |     TAG   0   0   0   0   0   0 | Trp TGG   0   0   0   0   0   0
--------------------------------------------------------------------------------------------------------------------------------------
Leu CTT   0   0   0   0   0   0 | Pro CCT   0   0   0   0   0   0 | His CAT   0   0   1   0   0   0 | Arg CGT   0   0   0   0   0   0
    CTC   0   0   0   0   0   0 |     CCC   0   0   0   0   0   0 |     CAC   3   3   2   3   3   3 |     CGC   0   0   0   0   0   0
    CTA   1   1   1   1   1   1 |     CCA   1   1   1   1   1   1 | Gln CAA   0   0   0   0   0   0 |     CGA   0   0   0   0   0   0
    CTG   0   0   0   0   0   0 |     CCG   0   0   0   0   0   0 |     CAG   2   1   1   1   1   1 |     CGG   0   1   1   1   1   1
--------------------------------------------------------------------------------------------------------------------------------------
Ile ATT   2   1   2   2   2   2 | Thr ACT   0   0   0   0   0   0 | Asn AAT   1   1   1   1   1   1 | Ser AGT   0   0   1   0   0   0
    ATC   0   1   0   0   0   0 |     ACC   0   0   0   0   0   0 |     AAC   1   1   1   1   1   1 |     AGC   1   1   0   1   1   1
    ATA   1   1   1   1   1   1 |     ACA   0   0   0   0   0   0 | Lys AAA   1   1   1   1   1   1 | Arg AGA   0   0   0   0   0   0
Met ATG   0   0   0   0   0   0 |     ACG   0   0   0   0   0   0 |     AAG   1   1   1   1   1   2 |     AGG   1   1   1   1   1   0
--------------------------------------------------------------------------------------------------------------------------------------
Val GTT   0   0   0   0   0   0 | Ala GCT   0   0   0   0   0   0 | Asp GAT   0   0   0   0   0   0 | Gly GGT   0   0   0   0   0   0
    GTC   1   1   1   1   1   1 |     GCC   0   0   0   0   0   0 |     GAC   2   2   2   2   2   2 |     GGC   1   2   2   2   2   2
    GTA   0   0   0   0   0   0 |     GCA   1   1   1   1   1   1 | Glu GAA   0   0   0   0   0   0 |     GGA   2   1   1   1   1   1
    GTG   2   2   2   2   2   2 |     GCG   1   1   1   1   1   1 |     GAG   1   1   1   1   1   1 |     GGG   0   0   0   0   0   0
--------------------------------------------------------------------------------------------------------------------------------------

--------------------------------------------------------------------------------------------------------------------------------------
Phe TTT   0   0   0   0   0   0 | Ser TCT   2   2   2   2   2   1 | Tyr TAT   2   1   0   1   2   1 | Cys TGT   0   0   0   0   0   0
    TTC   0   0   0   0   0   0 |     TCC   0   0   0   0   0   1 |     TAC   0   1   2   1   0   1 |     TGC   0   0   0   0   0   0
Leu TTA   0   0   0   0   0   0 |     TCA   1   1   1   1   1   1 | *** TAA   0   0   0   0   0   0 | *** TGA   0   0   0   0   0   0
    TTG   0   0   0   0   0   0 |     TCG   0   0   0   0   0   0 |     TAG   0   0   0   0   0   0 | Trp TGG   0   0   0   0   0   0
--------------------------------------------------------------------------------------------------------------------------------------
Leu CTT   0   0   0   0   0   0 | Pro CCT   0   0   0   0   0   0 | His CAT   0   0   0   0   0   1 | Arg CGT   0   0   0   0   0   0
    CTC   0   0   0   0   0   0 |     CCC   0   0   0   0   0   0 |     CAC   3   3   3   3   3   2 |     CGC   0   0   0   0   0   0
    CTA   1   1   1   1   1   1 |     CCA   1   1   1   1   1   1 | Gln CAA   0   0   0   0   0   0 |     CGA   0   0   0   0   0   0
    CTG   0   0   0   0   0   0 |     CCG   0   0   0   0   0   0 |     CAG   1   1   1   1   1   1 |     CGG   1   1   1   1   1   2
--------------------------------------------------------------------------------------------------------------------------------------
Ile ATT   2   2   2   2   2   2 | Thr ACT   0   0   0   0   0   0 | Asn AAT   1   1   1   1   1   1 | Ser AGT   0   0   0   0   0   1
    ATC   0   0   0   0   0   0 |     ACC   0   0   0   0   0   0 |     AAC   1   1   1   1   1   1 |     AGC   1   1   1   1   1   0
    ATA   1   1   1   1   1   1 |     ACA   0   0   0   0   0   0 | Lys AAA   1   1   1   1   1   1 | Arg AGA   0   0   0   0   0   0
Met ATG   0   0   0   0   0   0 |     ACG   0   0   0   0   0   0 |     AAG   1   1   1   2   1   1 |     AGG   1   1   1   0   1   0
--------------------------------------------------------------------------------------------------------------------------------------
Val GTT   0   0   0   0   0   0 | Ala GCT   0   0   0   0   0   0 | Asp GAT   0   0   0   0   0   0 | Gly GGT   0   0   0   0   0   0
    GTC   1   1   1   1   1   1 |     GCC   0   0   0   0   0   0 |     GAC   2   2   2   2   2   2 |     GGC   2   2   2   2   1   2
    GTA   0   0   0   0   0   0 |     GCA   1   1   1   1   1   2 | Glu GAA   0   0   0   0   0   0 |     GGA   1   1   1   1   2   1
    GTG   2   2   2   2   2   2 |     GCG   1   1   1   1   1   0 |     GAG   1   1   1   1   1   1 |     GGG   0   0   0   0   0   0
--------------------------------------------------------------------------------------------------------------------------------------

--------------------------------------------------------------------------------------------------------------------------------------
Phe TTT   0   0   0   0   0   0 | Ser TCT   2   2   1   2   2   2 | Tyr TAT   1   1   1   1   1   1 | Cys TGT   0   0   0   0   0   0
    TTC   0   0   0   0   0   0 |     TCC   0   0   1   0   0   0 |     TAC   1   1   1   1   1   1 |     TGC   0   0   0   0   0   0
Leu TTA   0   0   0   0   0   0 |     TCA   1   1   1   1   1   1 | *** TAA   0   0   0   0   0   0 | *** TGA   0   0   0   0   0   0
    TTG   0   0   0   0   0   0 |     TCG   0   0   0   0   0   0 |     TAG   0   0   0   0   0   0 | Trp TGG   0   0   0   0   0   0
--------------------------------------------------------------------------------------------------------------------------------------
Leu CTT   0   0   0   0   0   0 | Pro CCT   0   0   0   0   0   0 | His CAT   1   0   1   1   0   0 | Arg CGT   0   0   0   0   0   0
    CTC   0   0   0   0   0   0 |     CCC   0   0   0   0   0   0 |     CAC   2   3   2   2   3   3 |     CGC   0   0   0   0   0   0
    CTA   1   1   1   1   1   1 |     CCA   1   1   1   1   1   1 | Gln CAA   1   0   0   0   0   0 |     CGA   0   0   0   0   0   0
    CTG   0   0   0   0   0   0 |     CCG   0   0   0   0   0   0 |     CAG   0   2   1   1   1   1 |     CGG   1   0   1   1   1   1
--------------------------------------------------------------------------------------------------------------------------------------
Ile ATT   2   2   2   2   2   2 | Thr ACT   0   0   0   0   0   0 | Asn AAT   0   1   1   1   1   1 | Ser AGT   1   0   1   1   0   0
    ATC   0   0   0   0   0   0 |     ACC   0   0   0   0   0   0 |     AAC   2   1   1   1   1   1 |     AGC   0   1   0   0   1   1
    ATA   1   1   1   1   1   1 |     ACA   0   0   0   0   0   0 | Lys AAA   1   1   1   1   1   1 | Arg AGA   0   0   0   0   0   0
Met ATG   0   0   0   0   0   0 |     ACG   0   0   0   0   0   0 |     AAG   1   1   1   1   1   1 |     AGG   1   1   1   1   1   1
--------------------------------------------------------------------------------------------------------------------------------------
Val GTT   0   0   0   0   0   0 | Ala GCT   0   0   0   0   0   0 | Asp GAT   0   0   0   0   0   0 | Gly GGT   0   0   0   0   0   0
    GTC   1   1   1   1   1   1 |     GCC   0   0   0   0   0   0 |     GAC   2   2   2   2   2   2 |     GGC   2   1   2   1   2   2
    GTA   0   0   0   0   0   0 |     GCA   1   1   1   1   1   1 | Glu GAA   0   0   0   0   0   0 |     GGA   1   2   1   2   1   1
    GTG   2   2   2   2   2   2 |     GCG   1   1   1   1   1   1 |     GAG   1   1   1   1   1   1 |     GGG   0   0   0   0   0   0
--------------------------------------------------------------------------------------------------------------------------------------

--------------------------------------------------------------------------------------------------------------------------------------
Phe TTT   0   0   0   0   0   0 | Ser TCT   2   1   2   2   2   2 | Tyr TAT   2   1   0   2   1   1 | Cys TGT   0   0   0   0   0   0
    TTC   0   0   0   0   0   0 |     TCC   0   1   1   0   0   0 |     TAC   0   1   2   0   1   1 |     TGC   0   0   0   0   0   0
Leu TTA   0   0   0   0   0   0 |     TCA   1   1   0   1   1   1 | *** TAA   0   0   0   0   0   0 | *** TGA   0   0   0   0   0   0
    TTG   0   0   0   0   0   0 |     TCG   0   0   0   0   0   0 |     TAG   0   0   0   0   0   0 | Trp TGG   0   0   0   0   0   0
--------------------------------------------------------------------------------------------------------------------------------------
Leu CTT   0   0   0   0   0   0 | Pro CCT   0   0   0   0   0   0 | His CAT   0   0   0   0   0   0 | Arg CGT   0   0   0   0   0   0
    CTC   0   0   0   0   0   0 |     CCC   0   0   0   0   0   0 |     CAC   3   3   3   3   3   3 |     CGC   0   0   0   0   0   0
    CTA   1   1   1   1   1   1 |     CCA   1   1   1   1   1   1 | Gln CAA   0   0   0   0   0   0 |     CGA   0   0   0   0   0   0
    CTG   0   0   0   0   0   0 |     CCG   0   0   0   0   0   0 |     CAG   1   1   1   1   1   1 |     CGG   1   1   1   2   1   1
--------------------------------------------------------------------------------------------------------------------------------------
Ile ATT   2   2   2   2   1   1 | Thr ACT   0   0   0   0   0   0 | Asn AAT   1   1   1   1   1   1 | Ser AGT   0   0   0   1   0   0
    ATC   0   0   0   0   1   1 |     ACC   0   0   0   0   0   0 |     AAC   1   1   1   1   1   1 |     AGC   1   1   1   0   1   1
    ATA   1   1   1   1   1   1 |     ACA   0   0   0   0   0   0 | Lys AAA   1   1   1   1   1   1 | Arg AGA   0   0   0   0   0   0
Met ATG   0   0   0   0   0   0 |     ACG   0   0   0   0   0   0 |     AAG   1   1   1   1   1   1 |     AGG   1   1   1   0   1   1
--------------------------------------------------------------------------------------------------------------------------------------
Val GTT   0   0   0   0   0   0 | Ala GCT   0   0   0   0   0   0 | Asp GAT   0   0   0   0   0   0 | Gly GGT   0   0   0   0   0   0
    GTC   1   1   1   1   1   1 |     GCC   0   0   0   0   0   0 |     GAC   2   2   2   2   2   2 |     GGC   1   2   2   2   2   2
    GTA   0   0   0   0   0   0 |     GCA   1   1   1   1   1   1 | Glu GAA   0   0   0   0   0   0 |     GGA   2   0   1   1   1   1
    GTG   2   2   2   2   2   2 |     GCG   1   1   1   1   1   1 |     GAG   1   1   1   1   1   1 |     GGG   0   1   0   0   0   0
--------------------------------------------------------------------------------------------------------------------------------------

Codon position x base (3x4) table for each sequence.

#1: Argali         
position  1:    T:0.15625    C:0.21875    A:0.28125    G:0.34375
position  2:    T:0.21875    C:0.18750    A:0.40625    G:0.18750
position  3:    T:0.18750    C:0.34375    A:0.21875    G:0.25000
Average         T:0.18750    C:0.25000    A:0.30208    G:0.26042

#2: LesserMouseDeer
position  1:    T:0.15625    C:0.21875    A:0.28125    G:0.34375
position  2:    T:0.21875    C:0.18750    A:0.40625    G:0.18750
position  3:    T:0.28125    C:0.25000    A:0.21875    G:0.25000
Average         T:0.21875    C:0.21875    A:0.30208    G:0.26042

#3: LesserKudu     
position  1:    T:0.15625    C:0.21875    A:0.28125    G:0.34375
position  2:    T:0.21875    C:0.18750    A:0.40625    G:0.18750
position  3:    T:0.18750    C:0.34375    A:0.21875    G:0.25000
Average         T:0.18750    C:0.25000    A:0.30208    G:0.26042

#4: ForestMuskDeer2
position  1:    T:0.15625    C:0.25000    A:0.25000    G:0.34375
position  2:    T:0.21875    C:0.18750    A:0.40625    G:0.18750
position  3:    T:0.25000    C:0.28125    A:0.21875    G:0.25000
Average         T:0.20833    C:0.23958    A:0.29167    G:0.26042

#5: Camel          
position  1:    T:0.15625    C:0.21875    A:0.28125    G:0.34375
position  2:    T:0.21875    C:0.18750    A:0.43750    G:0.15625
position  3:    T:0.12500    C:0.40625    A:0.21875    G:0.25000
Average         T:0.16667    C:0.27083    A:0.31250    G:0.25000

#6: KillerWhale    
position  1:    T:0.15625    C:0.21875    A:0.28125    G:0.34375
position  2:    T:0.21875    C:0.18750    A:0.43750    G:0.15625
position  3:    T:0.18750    C:0.34375    A:0.18750    G:0.28125
Average         T:0.18750    C:0.25000    A:0.30208    G:0.26042

#7: DefassaWaterbuck
position  1:    T:0.15625    C:0.21875    A:0.28125    G:0.34375
position  2:    T:0.21875    C:0.18750    A:0.40625    G:0.18750
position  3:    T:0.15625    C:0.34375    A:0.18750    G:0.31250
Average         T:0.17708    C:0.25000    A:0.29167    G:0.28125

#8: Sheep          
position  1:    T:0.15625    C:0.21875    A:0.28125    G:0.34375
position  2:    T:0.21875    C:0.18750    A:0.40625    G:0.18750
position  3:    T:0.15625    C:0.37500    A:0.21875    G:0.25000
Average         T:0.17708    C:0.26042    A:0.30208    G:0.26042

#9: MaxwellsDuiker 
position  1:    T:0.15625    C:0.21875    A:0.28125    G:0.34375
position  2:    T:0.21875    C:0.18750    A:0.40625    G:0.18750
position  3:    T:0.18750    C:0.34375    A:0.21875    G:0.25000
Average         T:0.18750    C:0.25000    A:0.30208    G:0.26042

#10: GazellaPrzewalskyi
position  1:    T:0.15625    C:0.21875    A:0.28125    G:0.34375
position  2:    T:0.21875    C:0.18750    A:0.40625    G:0.18750
position  3:    T:0.21875    C:0.28125    A:0.25000    G:0.25000
Average         T:0.19792    C:0.22917    A:0.31250    G:0.26042

#11: MountainNyala  
position  1:    T:0.15625    C:0.21875    A:0.28125    G:0.34375
position  2:    T:0.21875    C:0.18750    A:0.40625    G:0.18750
position  3:    T:0.18750    C:0.34375    A:0.21875    G:0.25000
Average         T:0.18750    C:0.25000    A:0.30208    G:0.26042

#12: MuntiacusMuntjak
position  1:    T:0.15625    C:0.21875    A:0.28125    G:0.34375
position  2:    T:0.21875    C:0.18750    A:0.40625    G:0.18750
position  3:    T:0.21875    C:0.31250    A:0.21875    G:0.25000
Average         T:0.19792    C:0.23958    A:0.30208    G:0.26042

#13: goat           
position  1:    T:0.15625    C:0.21875    A:0.28125    G:0.34375
position  2:    T:0.21875    C:0.18750    A:0.40625    G:0.18750
position  3:    T:0.15625    C:0.37500    A:0.21875    G:0.25000
Average         T:0.17708    C:0.26042    A:0.30208    G:0.26042

#14: AfricanBuffalo 
position  1:    T:0.15625    C:0.21875    A:0.28125    G:0.34375
position  2:    T:0.21875    C:0.18750    A:0.40625    G:0.18750
position  3:    T:0.18750    C:0.34375    A:0.21875    G:0.25000
Average         T:0.18750    C:0.25000    A:0.30208    G:0.26042

#15: Topi           
position  1:    T:0.15625    C:0.21875    A:0.28125    G:0.34375
position  2:    T:0.21875    C:0.18750    A:0.40625    G:0.18750
position  3:    T:0.21875    C:0.31250    A:0.21875    G:0.25000
Average         T:0.19792    C:0.23958    A:0.30208    G:0.26042

#16: CommonDuiker   
position  1:    T:0.15625    C:0.21875    A:0.28125    G:0.34375
position  2:    T:0.21875    C:0.18750    A:0.40625    G:0.18750
position  3:    T:0.15625    C:0.34375    A:0.21875    G:0.28125
Average         T:0.17708    C:0.25000    A:0.30208    G:0.27083

#17: Suni           
position  1:    T:0.15625    C:0.21875    A:0.28125    G:0.34375
position  2:    T:0.21875    C:0.18750    A:0.40625    G:0.18750
position  3:    T:0.18750    C:0.34375    A:0.21875    G:0.25000
Average         T:0.18750    C:0.25000    A:0.30208    G:0.26042

#18: Springbuck     
position  1:    T:0.15625    C:0.21875    A:0.28125    G:0.34375
position  2:    T:0.21875    C:0.18750    A:0.43750    G:0.15625
position  3:    T:0.18750    C:0.31250    A:0.25000    G:0.25000
Average         T:0.18750    C:0.23958    A:0.32292    G:0.25000

#19: Okapi          
position  1:    T:0.15625    C:0.21875    A:0.28125    G:0.34375
position  2:    T:0.21875    C:0.18750    A:0.40625    G:0.18750
position  3:    T:0.15625    C:0.37500    A:0.21875    G:0.25000
Average         T:0.17708    C:0.26042    A:0.30208    G:0.26042

#20: Giraffe        
position  1:    T:0.15625    C:0.21875    A:0.28125    G:0.34375
position  2:    T:0.21875    C:0.18750    A:0.40625    G:0.18750
position  3:    T:0.18750    C:0.34375    A:0.21875    G:0.25000
Average         T:0.18750    C:0.25000    A:0.30208    G:0.26042

#21: TibetanAntelope
position  1:    T:0.15625    C:0.21875    A:0.28125    G:0.34375
position  2:    T:0.21875    C:0.18750    A:0.40625    G:0.18750
position  3:    T:0.15625    C:0.37500    A:0.25000    G:0.21875
Average         T:0.17708    C:0.26042    A:0.31250    G:0.25000

#22: Sitatunga      
position  1:    T:0.15625    C:0.21875    A:0.28125    G:0.34375
position  2:    T:0.21875    C:0.18750    A:0.40625    G:0.18750
position  3:    T:0.15625    C:0.37500    A:0.21875    G:0.25000
Average         T:0.17708    C:0.26042    A:0.30208    G:0.26042

#23: Oribi          
position  1:    T:0.15625    C:0.21875    A:0.28125    G:0.34375
position  2:    T:0.21875    C:0.18750    A:0.40625    G:0.18750
position  3:    T:0.18750    C:0.31250    A:0.25000    G:0.25000
Average         T:0.18750    C:0.23958    A:0.31250    G:0.26042

#24: BarbarySheep   
position  1:    T:0.15625    C:0.21875    A:0.28125    G:0.34375
position  2:    T:0.21875    C:0.18750    A:0.40625    G:0.18750
position  3:    T:0.15625    C:0.37500    A:0.21875    G:0.25000
Average         T:0.17708    C:0.26042    A:0.30208    G:0.26042

#25: Daviddeer      
position  1:    T:0.15625    C:0.21875    A:0.28125    G:0.34375
position  2:    T:0.21875    C:0.18750    A:0.40625    G:0.18750
position  3:    T:0.21875    C:0.31250    A:0.25000    G:0.21875
Average         T:0.19792    C:0.23958    A:0.31250    G:0.25000

#26: Reindeer       
position  1:    T:0.15625    C:0.21875    A:0.28125    G:0.34375
position  2:    T:0.21875    C:0.18750    A:0.40625    G:0.18750
position  3:    T:0.25000    C:0.28125    A:0.21875    G:0.25000
Average         T:0.20833    C:0.22917    A:0.30208    G:0.26042

#27: Ibex           
position  1:    T:0.15625    C:0.21875    A:0.28125    G:0.34375
position  2:    T:0.21875    C:0.18750    A:0.40625    G:0.18750
position  3:    T:0.15625    C:0.37500    A:0.21875    G:0.25000
Average         T:0.17708    C:0.26042    A:0.30208    G:0.26042

#28: GyrantGazelle  
position  1:    T:0.15625    C:0.21875    A:0.28125    G:0.34375
position  2:    T:0.21875    C:0.18750    A:0.43750    G:0.15625
position  3:    T:0.18750    C:0.31250    A:0.25000    G:0.25000
Average         T:0.18750    C:0.23958    A:0.32292    G:0.25000

#29: Hartebeest     
position  1:    T:0.15625    C:0.21875    A:0.28125    G:0.34375
position  2:    T:0.21875    C:0.18750    A:0.40625    G:0.18750
position  3:    T:0.18750    C:0.34375    A:0.21875    G:0.25000
Average         T:0.18750    C:0.25000    A:0.30208    G:0.26042

#30: Bongo          
position  1:    T:0.15625    C:0.21875    A:0.28125    G:0.34375
position  2:    T:0.21875    C:0.18750    A:0.40625    G:0.18750
position  3:    T:0.18750    C:0.34375    A:0.21875    G:0.25000
Average         T:0.18750    C:0.25000    A:0.30208    G:0.26042

#31: Gerenuk        
position  1:    T:0.15625    C:0.21875    A:0.28125    G:0.34375
position  2:    T:0.21875    C:0.18750    A:0.43750    G:0.15625
position  3:    T:0.15625    C:0.34375    A:0.25000    G:0.25000
Average         T:0.17708    C:0.25000    A:0.32292    G:0.25000

#32: CommonEland    
position  1:    T:0.15625    C:0.21875    A:0.28125    G:0.34375
position  2:    T:0.21875    C:0.18750    A:0.40625    G:0.18750
position  3:    T:0.18750    C:0.34375    A:0.21875    G:0.25000
Average         T:0.18750    C:0.25000    A:0.30208    G:0.26042

#33: MuntiacusReevesi
position  1:    T:0.15625    C:0.21875    A:0.28125    G:0.34375
position  2:    T:0.21875    C:0.18750    A:0.40625    G:0.18750
position  3:    T:0.21875    C:0.31250    A:0.21875    G:0.25000
Average         T:0.19792    C:0.23958    A:0.30208    G:0.26042

#34: HarveysDuiker  
position  1:    T:0.15625    C:0.21875    A:0.28125    G:0.34375
position  2:    T:0.21875    C:0.18750    A:0.40625    G:0.18750
position  3:    T:0.18750    C:0.34375    A:0.21875    G:0.25000
Average         T:0.18750    C:0.25000    A:0.30208    G:0.26042

#35: Pronghorn      
position  1:    T:0.15625    C:0.21875    A:0.28125    G:0.34375
position  2:    T:0.21875    C:0.18750    A:0.40625    G:0.18750
position  3:    T:0.21875    C:0.31250    A:0.18750    G:0.28125
Average         T:0.19792    C:0.23958    A:0.29167    G:0.27083

#36: BlueWildebeest 
position  1:    T:0.15625    C:0.21875    A:0.28125    G:0.34375
position  2:    T:0.21875    C:0.18750    A:0.43750    G:0.15625
position  3:    T:0.18750    C:0.34375    A:0.21875    G:0.25000
Average         T:0.18750    C:0.25000    A:0.31250    G:0.25000

#37: Gemsbok        
position  1:    T:0.15625    C:0.21875    A:0.28125    G:0.34375
position  2:    T:0.21875    C:0.18750    A:0.40625    G:0.18750
position  3:    T:0.21875    C:0.31250    A:0.21875    G:0.25000
Average         T:0.19792    C:0.23958    A:0.30208    G:0.26042

#38: Yak            
position  1:    T:0.15625    C:0.21875    A:0.28125    G:0.34375
position  2:    T:0.21875    C:0.18750    A:0.40625    G:0.18750
position  3:    T:0.18750    C:0.34375    A:0.21875    G:0.25000
Average         T:0.18750    C:0.25000    A:0.30208    G:0.26042

#39: BlueSheep      
position  1:    T:0.15625    C:0.21875    A:0.28125    G:0.34375
position  2:    T:0.21875    C:0.18750    A:0.40625    G:0.18750
position  3:    T:0.15625    C:0.37500    A:0.21875    G:0.25000
Average         T:0.17708    C:0.26042    A:0.30208    G:0.26042

#40: BohorReedbuck  
position  1:    T:0.15625    C:0.21875    A:0.28125    G:0.34375
position  2:    T:0.21875    C:0.18750    A:0.43750    G:0.15625
position  3:    T:0.18750    C:0.34375    A:0.21875    G:0.25000
Average         T:0.18750    C:0.25000    A:0.31250    G:0.25000

#41: KirksDik       
position  1:    T:0.15625    C:0.21875    A:0.28125    G:0.34375
position  2:    T:0.21875    C:0.18750    A:0.40625    G:0.18750
position  3:    T:0.21875    C:0.28125    A:0.25000    G:0.25000
Average         T:0.19792    C:0.22917    A:0.31250    G:0.26042

#42: RoeDeer        
position  1:    T:0.15625    C:0.25000    A:0.25000    G:0.34375
position  2:    T:0.21875    C:0.18750    A:0.40625    G:0.18750
position  3:    T:0.21875    C:0.31250    A:0.25000    G:0.21875
Average         T:0.19792    C:0.25000    A:0.30208    G:0.25000

#43: WhiteLippedDeer
position  1:    T:0.15625    C:0.21875    A:0.28125    G:0.34375
position  2:    T:0.21875    C:0.18750    A:0.40625    G:0.18750
position  3:    T:0.21875    C:0.31250    A:0.25000    G:0.21875
Average         T:0.19792    C:0.23958    A:0.31250    G:0.25000

#44: ThomsonGazelle 
position  1:    T:0.15625    C:0.21875    A:0.28125    G:0.34375
position  2:    T:0.21875    C:0.18750    A:0.43750    G:0.15625
position  3:    T:0.18750    C:0.31250    A:0.25000    G:0.25000
Average         T:0.18750    C:0.23958    A:0.32292    G:0.25000

#45: MuntiacusCrinifrons
position  1:    T:0.15625    C:0.21875    A:0.28125    G:0.34375
position  2:    T:0.21875    C:0.18750    A:0.40625    G:0.18750
position  3:    T:0.21875    C:0.31250    A:0.21875    G:0.25000
Average         T:0.19792    C:0.23958    A:0.30208    G:0.26042

#46: WhiteTailedDeer
position  1:    T:0.15625    C:0.21875    A:0.28125    G:0.34375
position  2:    T:0.21875    C:0.18750    A:0.40625    G:0.18750
position  3:    T:0.25000    C:0.25000    A:0.25000    G:0.25000
Average         T:0.20833    C:0.21875    A:0.31250    G:0.26042

#47: Cattle         
position  1:    T:0.15625    C:0.21875    A:0.28125    G:0.34375
position  2:    T:0.21875    C:0.18750    A:0.40625    G:0.18750
position  3:    T:0.18750    C:0.34375    A:0.21875    G:0.25000
Average         T:0.18750    C:0.25000    A:0.30208    G:0.26042

#48: RoyalAntelope  
position  1:    T:0.15625    C:0.21875    A:0.28125    G:0.34375
position  2:    T:0.21875    C:0.18750    A:0.40625    G:0.18750
position  3:    T:0.18750    C:0.34375    A:0.21875    G:0.25000
Average         T:0.18750    C:0.25000    A:0.30208    G:0.26042

#49: Steenbok       
position  1:    T:0.15625    C:0.21875    A:0.28125    G:0.34375
position  2:    T:0.21875    C:0.18750    A:0.40625    G:0.18750
position  3:    T:0.21875    C:0.28125    A:0.25000    G:0.25000
Average         T:0.19792    C:0.22917    A:0.31250    G:0.26042

#50: Impala         
position  1:    T:0.15625    C:0.21875    A:0.28125    G:0.34375
position  2:    T:0.21875    C:0.18750    A:0.40625    G:0.18750
position  3:    T:0.15625    C:0.37500    A:0.18750    G:0.28125
Average         T:0.17708    C:0.26042    A:0.29167    G:0.27083

#51: Klipspringer   
position  1:    T:0.15625    C:0.21875    A:0.28125    G:0.34375
position  2:    T:0.21875    C:0.18750    A:0.40625    G:0.18750
