CODONML (in paml version 4.10.7, June 2023)  /home/rachel/ruminants_paml/6406-phy-tree/ENSBTAT00000003016.fasta.phy
Model: free dN/dS Ratios for branches,  kappa = 2.000 fixed

Codon frequency model: F3x4
ns =  54  ls = 108

Codon usage in sequences
--------------------------------------------------------------------------------------------------------------------------------------
Phe TTT   6   6   6   6   5   6 | Ser TCT   0   0   0   0   0   0 | Tyr TAT   0   0   0   0   1   0 | Cys TGT   0   0   0   0   0   0
    TTC   1   1   1   1   2   1 |     TCC   0   0   0   0   0   0 |     TAC   2   2   2   2   1   2 |     TGC   0   0   0   0   0   0
Leu TTA   0   0   0   1   0   1 |     TCA   1   1   1   1   1   1 | *** TAA   0   0   0   0   0   0 | *** TGA   0   0   0   0   0   0
    TTG   3   3   3   2   3   2 |     TCG   0   0   0   0   0   0 |     TAG   0   0   0   0   0   0 | Trp TGG   2   2   2   2   2   2
--------------------------------------------------------------------------------------------------------------------------------------
Leu CTT   1   1   1   1   2   1 | Pro CCT   0   0   0   0   0   0 | His CAT   4   3   4   4   5   4 | Arg CGT   0   0   0   0   0   0
    CTC   1   1   1   1   1   1 |     CCC   3   3   3   3   3   2 |     CAC   1   2   1   1   0   1 |     CGC   1   1   1   0   1   1
    CTA   1   1   1   1   1   0 |     CCA   1   1   1   1   1   1 | Gln CAA   5   5   5   5   5   4 |     CGA   1   1   1   2   1   1
    CTG   1   1   1   1   0   1 |     CCG   0   0   0   0   0   0 |     CAG   1   1   1   1   1   2 |     CGG   0   0   0   0   0   0
--------------------------------------------------------------------------------------------------------------------------------------
Ile ATT   4   3   4   4   6   6 | Thr ACT   2   2   2   2   2   2 | Asn AAT   4   3   4   4   4   5 | Ser AGT   2   2   2   2   2   2
    ATC   2   3   2   2   1   1 |     ACC   1   1   1   1   1   1 |     AAC   4   5   4   4   4   3 |     AGC   1   1   1   1   1   1
    ATA   0   0   0   0   0   0 |     ACA   1   1   1   1   1   1 | Lys AAA   7   6   6   6   6   6 | Arg AGA   1   2   2   2   2   2
Met ATG   4   4   4   4   3   3 |     ACG   0   0   0   0   0   0 |     AAG   4   4   4   4   4   4 |     AGG   0   0   0   0   0   0
--------------------------------------------------------------------------------------------------------------------------------------
Val GTT   0   0   0   0   0   0 | Ala GCT   2   2   2   2   3   2 | Asp GAT   6   4   6   6   6   6 | Gly GGT   0   0   0   0   0   0
    GTC   1   1   1   1   1   1 |     GCC   3   3   3   3   2   4 |     GAC   2   4   2   2   2   2 |     GGC   0   0   0   0   0   0
    GTA   0   0   0   0   0   1 |     GCA   1   1   1   1   1   1 | Glu GAA   8   6   8   8   9   9 |     GGA   1   0   1   1   1   2
    GTG   1   1   1   1   1   1 |     GCG   0   0   0   0   0   0 |     GAG   7   9   7   7   6   6 |     GGG   3   4   3   3   3   2
--------------------------------------------------------------------------------------------------------------------------------------

--------------------------------------------------------------------------------------------------------------------------------------
Phe TTT   6   6   6   6   6   6 | Ser TCT   0   0   0   0   0   0 | Tyr TAT   0   0   0   0   0   0 | Cys TGT   0   0   0   0   0   0
    TTC   1   1   1   1   1   1 |     TCC   0   0   0   0   0   0 |     TAC   2   2   2   2   2   2 |     TGC   0   0   0   0   0   0
Leu TTA   0   0   0   0   0   0 |     TCA   1   1   1   1   1   1 | *** TAA   0   0   0   0   0   0 | *** TGA   0   0   0   0   0   0
    TTG   3   3   3   3   3   3 |     TCG   0   0   0   0   0   0 |     TAG   0   0   0   0   0   0 | Trp TGG   2   2   2   2   2   2
--------------------------------------------------------------------------------------------------------------------------------------
Leu CTT   1   1   1   1   1   1 | Pro CCT   0   0   0   0   0   0 | His CAT   4   4   4   4   4   4 | Arg CGT   0   0   0   0   0   0
    CTC   1   1   1   1   1   1 |     CCC   3   3   3   3   3   3 |     CAC   1   1   1   1   1   1 |     CGC   1   1   1   1   1   0
    CTA   1   1   1   1   1   1 |     CCA   1   1   1   1   1   1 | Gln CAA   5   5   5   5   5   5 |     CGA   1   1   1   1   1   2
    CTG   1   1   1   1   1   1 |     CCG   0   0   0   0   0   0 |     CAG   1   1   1   1   1   1 |     CGG   0   0   0   0   0   0
--------------------------------------------------------------------------------------------------------------------------------------
Ile ATT   4   4   4   3   4   3 | Thr ACT   2   2   2   2   2   2 | Asn AAT   4   4   4   4   4   4 | Ser AGT   2   2   2   2   2   3
    ATC   2   2   2   3   2   2 |     ACC   1   1   1   1   1   1 |     AAC   4   4   4   4   4   4 |     AGC   1   1   1   1   1   1
    ATA   0   0   0   0   0   0 |     ACA   1   1   1   1   1   1 | Lys AAA   7   7   7   7   6   6 | Arg AGA   1   1   1   1   2   2
Met ATG   4   4   4   4   4   4 |     ACG   0   0   0   0   0   0 |     AAG   4   4   4   4   4   4 |     AGG   0   0   0   0   0   0
--------------------------------------------------------------------------------------------------------------------------------------
Val GTT   0   0   0   0   0   0 | Ala GCT   2   2   2   2   2   2 | Asp GAT   6   6   6   6   6   4 | Gly GGT   0   0   0   0   0   0
    GTC   1   1   1   1   1   1 |     GCC   3   3   3   3   3   3 |     GAC   2   2   2   2   2   4 |     GGC   0   0   0   1   0   0
    GTA   0   0   0   0   0   0 |     GCA   1   1   1   1   1   1 | Glu GAA   8   8   7   8   8   8 |     GGA   1   1   1   1   1   1
    GTG   1   1   1   1   1   1 |     GCG   0   0   0   0   0   0 |     GAG   7   7   8   7   7   7 |     GGG   3   3   3   2   3   3
--------------------------------------------------------------------------------------------------------------------------------------

--------------------------------------------------------------------------------------------------------------------------------------
Phe TTT   6   6   6   6   6   6 | Ser TCT   0   0   0   0   0   0 | Tyr TAT   0   0   0   0   0   0 | Cys TGT   0   0   0   0   0   0
    TTC   1   1   1   1   1   1 |     TCC   0   0   0   0   0   0 |     TAC   2   2   2   2   2   2 |     TGC   0   0   0   0   0   0
Leu TTA   0   0   0   0   0   0 |     TCA   1   1   1   1   1   1 | *** TAA   0   0   0   0   0   0 | *** TGA   0   0   0   0   0   0
    TTG   3   3   3   3   3   3 |     TCG   0   0   0   0   0   0 |     TAG   0   0   0   0   0   0 | Trp TGG   2   2   2   2   2   2
--------------------------------------------------------------------------------------------------------------------------------------
Leu CTT   1   1   1   1   1   1 | Pro CCT   0   0   0   0   0   0 | His CAT   4   4   4   4   4   4 | Arg CGT   0   0   0   0   0   0
    CTC   1   1   1   1   1   1 |     CCC   3   2   3   3   3   3 |     CAC   1   1   1   1   1   1 |     CGC   1   1   1   1   1   1
    CTA   1   1   1   1   1   1 |     CCA   1   1   1   1   1   1 | Gln CAA   5   5   5   5   5   5 |     CGA   1   0   1   1   1   1
    CTG   1   1   1   1   1   1 |     CCG   0   0   0   0   0   0 |     CAG   1   1   1   1   1   1 |     CGG   0   1   0   0   0   0
--------------------------------------------------------------------------------------------------------------------------------------
Ile ATT   4   4   4   4   4   3 | Thr ACT   2   2   2   2   2   2 | Asn AAT   4   4   4   4   4   4 | Ser AGT   2   2   2   2   2   2
    ATC   2   2   2   2   2   3 |     ACC   1   1   1   1   1   1 |     AAC   4   4   4   4   4   4 |     AGC   1   1   1   1   1   1
    ATA   0   0   0   0   0   0 |     ACA   1   1   1   1   1   1 | Lys AAA   7   6   7   7   7   7 | Arg AGA   1   2   1   1   1   1
Met ATG   4   4   4   4   4   4 |     ACG   0   0   0   0   0   0 |     AAG   4   4   4   4   4   4 |     AGG   0   0   0   0   0   0
--------------------------------------------------------------------------------------------------------------------------------------
Val GTT   0   0   0   0   0   0 | Ala GCT   2   2   2   2   2   2 | Asp GAT   6   6   6   6   6   6 | Gly GGT   0   0   0   0   0   0
    GTC   1   1   1   1   1   1 |     GCC   3   4   3   3   3   3 |     GAC   2   2   2   2   2   2 |     GGC   0   0   0   0   0   0
    GTA   0   0   0   0   0   0 |     GCA   1   1   1   1   1   1 | Glu GAA   8   8   8   8   8   8 |     GGA   1   1   1   2   1   1
    GTG   1   1   1   1   1   1 |     GCG   0   0   0   0   0   0 |     GAG   7   7   7   7   7   7 |     GGG   3   3   3   2   3   3
--------------------------------------------------------------------------------------------------------------------------------------

--------------------------------------------------------------------------------------------------------------------------------------
Phe TTT   6   6   6   6   6   6 | Ser TCT   0   0   0   0   0   0 | Tyr TAT   0   0   0   0   0   0 | Cys TGT   0   0   0   0   0   0
    TTC   1   1   1   1   1   1 |     TCC   0   0   0   0   0   0 |     TAC   2   2   2   2   2   2 |     TGC   0   0   0   0   0   0
Leu TTA   0   0   0   0   0   0 |     TCA   1   1   1   1   1   1 | *** TAA   0   0   0   0   0   0 | *** TGA   0   0   0   0   0   0
    TTG   3   3   3   3   3   3 |     TCG   0   0   0   0   0   0 |     TAG   0   0   0   0   0   0 | Trp TGG   2   2   2   2   2   2
--------------------------------------------------------------------------------------------------------------------------------------
Leu CTT   1   1   1   1   1   1 | Pro CCT   0   0   0   0   0   0 | His CAT   4   4   4   4   4   4 | Arg CGT   0   0   0   0   0   0
    CTC   1   1   1   1   1   1 |     CCC   3   3   3   3   3   3 |     CAC   1   1   1   1   1   1 |     CGC   1   1   1   1   1   1
    CTA   1   1   1   1   1   1 |     CCA   1   1   1   1   1   1 | Gln CAA   5   5   5   5   5   5 |     CGA   1   1   1   1   1   1
    CTG   1   1   1   1   1   1 |     CCG   0   0   0   0   0   0 |     CAG   1   1   1   1   1   1 |     CGG   0   0   0   0   0   0
--------------------------------------------------------------------------------------------------------------------------------------
Ile ATT   4   4   4   4   3   4 | Thr ACT   2   2   2   2   2   2 | Asn AAT   4   4   4   4   4   4 | Ser AGT   2   2   2   2   2   2
    ATC   2   2   2   2   3   2 |     ACC   1   1   1   1   1   1 |     AAC   4   4   4   4   4   4 |     AGC   1   1   1   1   1   1
    ATA   0   0   0   0   0   0 |     ACA   1   1   1   1   1   1 | Lys AAA   6   6   7   6   7   7 | Arg AGA   1   1   1   2   1   1
Met ATG   4   4   4   4   4   4 |     ACG   0   0   0   0   0   0 |     AAG   4   4   4   4   4   4 |     AGG   1   1   0   0   0   0
--------------------------------------------------------------------------------------------------------------------------------------
Val GTT   0   0   0   0   0   0 | Ala GCT   2   2   2   2   2   2 | Asp GAT   6   6   6   6   6   6 | Gly GGT   0   0   0   0   0   0
    GTC   1   1   1   1   1   1 |     GCC   3   3   3   3   3   3 |     GAC   2   2   2   2   2   2 |     GGC   0   0   0   0   0   0
    GTA   0   0   0   0   0   0 |     GCA   1   1   1   1   1   1 | Glu GAA   7   9   8   8   8   8 |     GGA   1   1   1   1   1   1
    GTG   1   1   1   1   1   1 |     GCG   0   0   0   0   0   0 |     GAG   8   6   7   7   7   7 |     GGG   3   3   3   3   3   3
--------------------------------------------------------------------------------------------------------------------------------------

--------------------------------------------------------------------------------------------------------------------------------------
Phe TTT   6   6   6   6   6   6 | Ser TCT   0   0   0   0   0   0 | Tyr TAT   0   0   0   0   0   0 | Cys TGT   0   0   0   0   0   0
    TTC   1   1   1   1   1   1 |     TCC   0   0   0   0   0   0 |     TAC   2   2   2   2   2   2 |     TGC   0   0   0   0   0   0
Leu TTA   0   0   0   0   0   0 |     TCA   1   1   1   1   1   1 | *** TAA   0   0   0   0   0   0 | *** TGA   0   0   0   0   0   0
    TTG   3   3   3   3   3   3 |     TCG   0   0   0   0   0   0 |     TAG   0   0   0   0   0   0 | Trp TGG   2   2   2   2   2   2
--------------------------------------------------------------------------------------------------------------------------------------
Leu CTT   1   1   1   1   1   1 | Pro CCT   0   0   0   0   0   0 | His CAT   4   4   4   4   4   4 | Arg CGT   0   0   0   0   0   0
    CTC   1   1   1   2   1   1 |     CCC   3   3   3   3   3   3 |     CAC   1   1   1   1   1   1 |     CGC   0   0   1   0   1   1
    CTA   1   1   1   1   1   1 |     CCA   1   1   1   1   1   1 | Gln CAA   5   5   5   5   5   5 |     CGA   2   2   1   1   1   1
    CTG   1   1   1   1   1   1 |     CCG   0   0   0   0   0   0 |     CAG   1   1   1   1   1   1 |     CGG   0   0   0   0   0   0
--------------------------------------------------------------------------------------------------------------------------------------
Ile ATT   4   4   4   3   4   4 | Thr ACT   2   2   2   2   2   2 | Asn AAT   4   4   4   4   4   4 | Ser AGT   2   2   2   2   2   2
    ATC   2   2   2   3   2   2 |     ACC   1   1   1   1   1   1 |     AAC   4   4   4   4   4   4 |     AGC   1   1   1   1   1   1
    ATA   0   0   0   0   0   0 |     ACA   1   1   1   1   1   1 | Lys AAA   6   6   7   7   7   6 | Arg AGA   2   2   1   1   1   2
Met ATG   4   4   4   4   4   4 |     ACG   0   0   0   0   0   0 |     AAG   4   4   4   4   4   4 |     AGG   0   0   0   0   0   0
--------------------------------------------------------------------------------------------------------------------------------------
Val GTT   0   0   0   0   0   0 | Ala GCT   2   2   2   2   2   2 | Asp GAT   5   5   6   6   6   6 | Gly GGT   0   0   0   0   0   0
    GTC   1   1   1   1   1   1 |     GCC   3   3   3   3   3   3 |     GAC   3   3   2   2   2   2 |     GGC   0   0   0   0   0   0
    GTA   0   0   0   0   0   0 |     GCA   1   1   1   1   1   1 | Glu GAA   8   8   8   7   8   8 |     GGA   1   2   1   1   1   1
    GTG   1   1   1   1   1   1 |     GCG   0   0   0   0   0   0 |     GAG   7   7   7   8   7   7 |     GGG   3   2   3   3   3   3
--------------------------------------------------------------------------------------------------------------------------------------

--------------------------------------------------------------------------------------------------------------------------------------
Phe TTT   6   6   6   6   6   6 | Ser TCT   0   0   0   0   0   0 | Tyr TAT   0   0   0   0   0   0 | Cys TGT   0   0   0   0   0   0
    TTC   1   1   1   1   1   1 |     TCC   0   0   0   0   0   0 |     TAC   2   2   2   2   2   2 |     TGC   0   0   0   0   0   0
Leu TTA   0   0   0   0   0   0 |     TCA   1   1   1   1   1   1 | *** TAA   0   0   0   0   0   0 | *** TGA   0   0   0   0   0   0
    TTG   3   3   3   3   3   3 |     TCG   0   0   0   0   0   0 |     TAG   0   0   0   0   0   0 | Trp TGG   2   2   2   2   2   2
--------------------------------------------------------------------------------------------------------------------------------------
Leu CTT   1   1   1   1   1   1 | Pro CCT   0   0   0   0   0   0 | His CAT   4   4   4   4   4   4 | Arg CGT   0   0   0   0   0   0
    CTC   1   1   1   1   1   1 |     CCC   3   3   3   3   3   3 |     CAC   1   1   1   1   1   1 |     CGC   1   1   0   1   1   1
    CTA   1   1   1   1   1   1 |     CCA   1   1   1   1   1   1 | Gln CAA   5   5   5   5   4   5 |     CGA   1   1   2   1   1   1
    CTG   1   1   1   1   1   1 |     CCG   0   0   0   0   0   0 |     CAG   1   1   1   1   2   1 |     CGG   0   0   0   0   0   0
--------------------------------------------------------------------------------------------------------------------------------------
Ile ATT   3   4   4   4   4   4 | Thr ACT   2   2   2   2   2   2 | Asn AAT   4   4   4   4   4   4 | Ser AGT   2   2   2   2   2   2
    ATC   3   2   2   2   2   2 |     ACC   1   1   1   1   1   1 |     AAC   4   4   4   4   4   4 |     AGC   1   1   1   1   1   1
    ATA   0   0   0   0   0   0 |     ACA   1   1   1   1   1   1 | Lys AAA   7   6   6   7   7   7 | Arg AGA   1   2   2   1   2   1
Met ATG   4   4   4   4   4   4 |     ACG   0   0   0   0   0   0 |     AAG   4   4   4   4   3   4 |     AGG   0   0   0   0   0   0
--------------------------------------------------------------------------------------------------------------------------------------
Val GTT   0   0   0   0   0   0 | Ala GCT   2   2   2   2   2   2 | Asp GAT   6   6   4   6   6   6 | Gly GGT   0   0   0   0   0   0
    GTC   1   1   1   1   1   1 |     GCC   3   3   3   3   3   3 |     GAC   2   2   4   2   2   2 |     GGC   0   0   0   0   0   0
    GTA   0   0   0   0   0   0 |     GCA   1   1   1   1   1   1 | Glu GAA   8   8   8   8   9   8 |     GGA   1   1   1   1   1   1
    GTG   1   1   1   1   1   1 |     GCG   0   0   0   0   0   0 |     GAG   7   7   7   7   6   7 |     GGG   3   3   3   3   3   3
--------------------------------------------------------------------------------------------------------------------------------------

--------------------------------------------------------------------------------------------------------------------------------------
Phe TTT   6   6   6   6   6   6 | Ser TCT   0   0   0   0   0   0 | Tyr TAT   0   0   0   0   0   0 | Cys TGT   0   0   0   0   0   0
    TTC   1   1   1   1   1   1 |     TCC   0   0   0   0   0   0 |     TAC   2   2   2   2   2   2 |     TGC   0   0   0   0   0   0
Leu TTA   0   0   0   0   0   0 |     TCA   1   1   1   1   1   1 | *** TAA   0   0   0   0   0   0 | *** TGA   0   0   0   0   0   0
    TTG   3   3   3   3   3   3 |     TCG   0   0   0   0   0   0 |     TAG   0   0   0   0   0   0 | Trp TGG   2   2   2   2   2   2
--------------------------------------------------------------------------------------------------------------------------------------
Leu CTT   1   1   1   1   1   1 | Pro CCT   0   0   0   0   0   0 | His CAT   4   4   4   4   4   4 | Arg CGT   0   0   0   0   0   0
    CTC   1   1   1   1   1   1 |     CCC   3   3   3   3   3   3 |     CAC   1   1   1   1   1   1 |     CGC   1   1   1   1   1   0
    CTA   1   1   1   1   1   1 |     CCA   1   1   1   1   1   1 | Gln CAA   5   5   5   5   5   5 |     CGA   1   1   1   1   1   2
    CTG   1   1   1   1   1   1 |     CCG   0   0   0   0   0   0 |     CAG   1   1   1   1   1   1 |     CGG   0   0   0   0   0   0
--------------------------------------------------------------------------------------------------------------------------------------
Ile ATT   4   4   4   4   3   4 | Thr ACT   2   2   2   2   2   2 | Asn AAT   4   4   4   4   4   4 | Ser AGT   2   2   2   2   2   2
    ATC   2   2   2   2   3   2 |     ACC   1   1   1   1   1   1 |     AAC   4   4   4   4   4   4 |     AGC   1   1   1   1   1   1
    ATA   0   0   0   0   0   0 |     ACA   1   1   1   1   1   1 | Lys AAA   7   6   7   7   7   6 | Arg AGA   1   2   1   1   1   2
Met ATG   4   4   4   4   4   4 |     ACG   0   0   0   0   0   0 |     AAG   4   4   4   4   4   4 |     AGG   0   0   0   0   0   0
--------------------------------------------------------------------------------------------------------------------------------------
Val GTT   0   0   0   0   0   0 | Ala GCT   2   2   2   2   2   2 | Asp GAT   6   6   6   6   6   5 | Gly GGT   0   0   0   0   0   0
    GTC   1   1   1   1   1   1 |     GCC   3   3   3   3   3   3 |     GAC   2   2   2   2   2   3 |     GGC   0   0   0   0   0   0
    GTA   0   0   0   0   0   0 |     GCA   1   1   1   1   1   1 | Glu GAA   8   8   8   8   8   8 |     GGA   1   1   1   1   1   1
    GTG   1   1   1   1   1   1 |     GCG   0   0   0   0   0   0 |     GAG   7   7   7   7   7   7 |     GGG   3   3   3   3   3   3
--------------------------------------------------------------------------------------------------------------------------------------

--------------------------------------------------------------------------------------------------------------------------------------
Phe TTT   6   6   6   6   6   6 | Ser TCT   0   0   0   0   0   0 | Tyr TAT   0   0   0   0   0   0 | Cys TGT   0   0   0   0   0   0
    TTC   1   1   1   1   1   1 |     TCC   0   0   0   0   0   0 |     TAC   2   2   2   2   2   2 |     TGC   0   0   0   0   0   0
Leu TTA   0   0   0   0   0   0 |     TCA   1   1   1   1   1   1 | *** TAA   0   0   0   0   0   0 | *** TGA   0   0   0   0   0   0
    TTG   3   3   3   3   3   3 |     TCG   0   0   0   0   0   0 |     TAG   0   0   0   0   0   0 | Trp TGG   2   2   2   2   2   2
--------------------------------------------------------------------------------------------------------------------------------------
Leu CTT   1   1   1   1   1   1 | Pro CCT   0   0   0   0   0   0 | His CAT   4   4   4   4   4   4 | Arg CGT   0   0   0   0   0   0
    CTC   1   1   1   1   1   1 |     CCC   3   3   3   3   3   3 |     CAC   1   1   1   1   1   1 |     CGC   0   1   0   0   1   1
    CTA   1   1   1   1   1   1 |     CCA   1   1   1   1   1   1 | Gln CAA   5   5   5   5   5   5 |     CGA   2   1   2   2   1   1
    CTG   1   1   1   1   1   1 |     CCG   0   0   0   0   0   0 |     CAG   1   1   1   1   1   1 |     CGG   0   0   0   0   0   0
--------------------------------------------------------------------------------------------------------------------------------------
Ile ATT   4   3   4   3   4   3 | Thr ACT   2   2   2   2   2   2 | Asn AAT   4   4   4   4   4   4 | Ser AGT   2   2   2   2   2   2
    ATC   2   3   2   2   2   2 |     ACC   1   1   1   1   1   1 |     AAC   4   4   4   4   4   4 |     AGC   1   1   1   1   1   1
    ATA   0   0   0   0   0   0 |     ACA   1   1   1   1   1   1 | Lys AAA   6   7   6   6   6   7 | Arg AGA   2   1   2   2   2   1
Met ATG   4   4   4   4   4   5 |     ACG   0   0   0   0   0   0 |     AAG   4   4   4   4   4   4 |     AGG   0   0   0   0   0   0
--------------------------------------------------------------------------------------------------------------------------------------
Val GTT   0   0   0   1   0   0 | Ala GCT   2   2   2   2   2   2 | Asp GAT   5   6   4   5   6   6 | Gly GGT   0   0   0   0   0   0
    GTC   1   1   1   1   1   1 |     GCC   3   3   3   3   3   3 |     GAC   3   2   4   3   2   2 |     GGC   0   0   0   0   0   0
    GTA   0   0   0   0   0   0 |     GCA   1   1   1   1   1   1 | Glu GAA   8   8   8   8   8   8 |     GGA   1   1   1   2   1   1
    GTG   1   1   1   1   1   1 |     GCG   0   0   0   0   0   0 |     GAG   7   7   7   7   7   7 |     GGG   3   3   3   2   3   3
--------------------------------------------------------------------------------------------------------------------------------------

--------------------------------------------------------------------------------------------------------------------------------------
Phe TTT   6   6   6   6   6   6 | Ser TCT   0   0   0   0   0   0 | Tyr TAT   0   0   0   0   0   0 | Cys TGT   0   0   0   0   0   0
    TTC   1   1   1   1   1   1 |     TCC   0   0   0   0   0   0 |     TAC   2   2   2   2   2   2 |     TGC   0   0   0   0   0   0
Leu TTA   0   0   0   1   0   0 |     TCA   1   1   1   1   1   1 | *** TAA   0   0   0   0   0   0 | *** TGA   0   0   0   0   0   0
    TTG   3   3   3   2   3   3 |     TCG   0   0   0   0   0   0 |     TAG   0   0   0   0   0   0 | Trp TGG   2   2   2   2   2   2
--------------------------------------------------------------------------------------------------------------------------------------
Leu CTT   1   1   1   1   1   1 | Pro CCT   0   0   0   0   0   0 | His CAT   4   5   4   4   5   4 | Arg CGT   0   0   0   0   0   0
    CTC   1   1   1   1   1   1 |     CCC   3   3   3   3   3   3 |     CAC   1   0   1   1   0   1 |     CGC   1   1   1   0   1   1
    CTA   1   1   1   1   1   1 |     CCA   1   1   1   1   1   1 | Gln CAA   5   5   5   5   5   5 |     CGA   0   1   1   2   1   1
    CTG   1   1   1   1   1   1 |     CCG   0   0   0   0   0   0 |     CAG   1   1   1   1   1   1 |     CGG   0   0   0   0   0   0
--------------------------------------------------------------------------------------------------------------------------------------
Ile ATT   3   4   4   4   4   4 | Thr ACT   2   2   2   2   2   2 | Asn AAT   4   4   4   4   4   4 | Ser AGT   2   2   2   2   2   2
    ATC   3   2   2   2   2   2 |     ACC   1   1   1   1   1   1 |     AAC   4   4   4   4   4   4 |     AGC   1   1   1   1   1   1
    ATA   0   0   0   0   0   0 |     ACA   1   1   1   1   1   1 | Lys AAA   7   7   7   6   6   6 | Arg AGA   2   1   1   2   2   2
Met ATG   4   4   4   4   4   4 |     ACG   0   0   0   0   0   0 |     AAG   4   4   4   4   4   4 |     AGG   0   0   0   0   0   0
--------------------------------------------------------------------------------------------------------------------------------------
Val GTT   0   0   0   0   0   0 | Ala GCT   2   2   2   2   2   2 | Asp GAT   6   6   6   6   6   6 | Gly GGT   0   0   0   0   0   0
    GTC   1   1   1   1   1   1 |     GCC   3   3   3   3   3   3 |     GAC   2   2   2   2   2   2 |     GGC   0   0   0   0   0   0
    GTA   0   0   0   0   0   0 |     GCA   1   1   1   1   1   1 | Glu GAA   8   8   8   8   8   8 |     GGA   1   1   1   1   1   1
    GTG   1   1   1   1   1   1 |     GCG   0   0   0   0   0   0 |     GAG   7   7   7   7   7   7 |     GGG   3   3   3   3   3   3
--------------------------------------------------------------------------------------------------------------------------------------

Codon position x base (3x4) table for each sequence.

#1: Argali         
position  1:    T:0.13889    C:0.19444    A:0.34259    G:0.32407
position  2:    T:0.24074    C:0.13889    A:0.50926    G:0.11111
position  3:    T:0.28704    C:0.21296    A:0.25926    G:0.24074
Average         T:0.22222    C:0.18210    A:0.37037    G:0.22531

#2: LesserMouseDeer
position  1:    T:0.13889    C:0.19444    A:0.34259    G:0.32407
position  2:    T:0.24074    C:0.13889    A:0.50000    G:0.12037
position  3:    T:0.24074    C:0.25926    A:0.23148    G:0.26852
Average         T:0.20679    C:0.19753    A:0.35802    G:0.23765

#3: LesserKudu     
position  1:    T:0.13889    C:0.19444    A:0.34259    G:0.32407
position  2:    T:0.24074    C:0.13889    A:0.50000    G:0.12037
position  3:    T:0.28704    C:0.21296    A:0.25926    G:0.24074
Average         T:0.22222    C:0.18210    A:0.36728    G:0.22840

#4: ForestMuskDeer2
position  1:    T:0.13889    C:0.19444    A:0.34259    G:0.32407
position  2:    T:0.24074    C:0.13889    A:0.50000    G:0.12037
position  3:    T:0.28704    C:0.20370    A:0.27778    G:0.23148
Average         T:0.22222    C:0.17901    A:0.37346    G:0.22531

#5: Camel          
position  1:    T:0.13889    C:0.19444    A:0.34259    G:0.32407
position  2:    T:0.24074    C:0.13889    A:0.50000    G:0.12037
position  3:    T:0.33333    C:0.18519    A:0.26852    G:0.21296
Average         T:0.23765    C:0.17284    A:0.37037    G:0.21914

#6: KillerWhale    
position  1:    T:0.13889    C:0.17593    A:0.34259    G:0.34259
position  2:    T:0.24074    C:0.13889    A:0.50000    G:0.12037
position  3:    T:0.31481    C:0.19444    A:0.27778    G:0.21296
Average         T:0.23148    C:0.16975    A:0.37346    G:0.22531

#7: DefassaWaterbuck
position  1:    T:0.13889    C:0.19444    A:0.34259    G:0.32407
position  2:    T:0.24074    C:0.13889    A:0.50926    G:0.11111
position  3:    T:0.28704    C:0.21296    A:0.25926    G:0.24074
Average         T:0.22222    C:0.18210    A:0.37037    G:0.22531

#8: Sheep          
position  1:    T:0.13889    C:0.19444    A:0.34259    G:0.32407
position  2:    T:0.24074    C:0.13889    A:0.50926    G:0.11111
position  3:    T:0.28704    C:0.21296    A:0.25926    G:0.24074
Average         T:0.22222    C:0.18210    A:0.37037    G:0.22531

#9: MaxwellsDuiker 
position  1:    T:0.13889    C:0.19444    A:0.34259    G:0.32407
position  2:    T:0.24074    C:0.13889    A:0.50926    G:0.11111
position  3:    T:0.28704    C:0.21296    A:0.25000    G:0.25000
Average         T:0.22222    C:0.18210    A:0.36728    G:0.22840

#10: GazellaPrzewalskyi
position  1:    T:0.13889    C:0.19444    A:0.34259    G:0.32407
position  2:    T:0.24074    C:0.13889    A:0.50926    G:0.11111
position  3:    T:0.27778    C:0.23148    A:0.25926    G:0.23148
Average         T:0.21914    C:0.18827    A:0.37037    G:0.22222

#11: MountainNyala  
position  1:    T:0.13889    C:0.19444    A:0.34259    G:0.32407
position  2:    T:0.24074    C:0.13889    A:0.50000    G:0.12037
position  3:    T:0.28704    C:0.21296    A:0.25926    G:0.24074
Average         T:0.22222    C:0.18210    A:0.36728    G:0.22840

#12: MuntiacusMuntjak
position  1:    T:0.13889    C:0.19444    A:0.34259    G:0.32407
position  2:    T:0.23148    C:0.13889    A:0.50000    G:0.12963
position  3:    T:0.26852    C:0.22222    A:0.26852    G:0.24074
Average         T:0.21296    C:0.18519    A:0.37037    G:0.23148

#13: goat           
position  1:    T:0.13889    C:0.19444    A:0.34259    G:0.32407
position  2:    T:0.24074    C:0.13889    A:0.50926    G:0.11111
position  3:    T:0.28704    C:0.21296    A:0.25926    G:0.24074
Average         T:0.22222    C:0.18210    A:0.37037    G:0.22531

#14: AfricanBuffalo 
position  1:    T:0.13889    C:0.18519    A:0.34259    G:0.33333
position  2:    T:0.24074    C:0.13889    A:0.50000    G:0.12037
position  3:    T:0.28704    C:0.21296    A:0.25000    G:0.25000
Average         T:0.22222    C:0.17901    A:0.36420    G:0.23457

#15: Topi           
position  1:    T:0.13889    C:0.19444    A:0.34259    G:0.32407
position  2:    T:0.24074    C:0.13889    A:0.50926    G:0.11111
position  3:    T:0.28704    C:0.21296    A:0.25926    G:0.24074
Average         T:0.22222    C:0.18210    A:0.37037    G:0.22531

#16: CommonDuiker   
position  1:    T:0.13889    C:0.19444    A:0.34259    G:0.32407
position  2:    T:0.24074    C:0.13889    A:0.50926    G:0.11111
position  3:    T:0.28704    C:0.21296    A:0.26852    G:0.23148
Average         T:0.22222    C:0.18210    A:0.37346    G:0.22222

#17: Suni           
position  1:    T:0.13889    C:0.19444    A:0.34259    G:0.32407
position  2:    T:0.24074    C:0.13889    A:0.50926    G:0.11111
position  3:    T:0.28704    C:0.21296    A:0.25926    G:0.24074
Average         T:0.22222    C:0.18210    A:0.37037    G:0.22531

#18: Springbuck     
position  1:    T:0.13889    C:0.19444    A:0.34259    G:0.32407
position  2:    T:0.24074    C:0.13889    A:0.50926    G:0.11111
position  3:    T:0.27778    C:0.22222    A:0.25926    G:0.24074
Average         T:0.21914    C:0.18519    A:0.37037    G:0.22531

#19: Okapi          
position  1:    T:0.13889    C:0.19444    A:0.34259    G:0.32407
position  2:    T:0.24074    C:0.13889    A:0.50000    G:0.12037
position  3:    T:0.28704    C:0.21296    A:0.24074    G:0.25926
Average         T:0.22222    C:0.18210    A:0.36111    G:0.23457

#20: Giraffe        
position  1:    T:0.13889    C:0.19444    A:0.34259    G:0.32407
position  2:    T:0.24074    C:0.13889    A:0.50000    G:0.12037
position  3:    T:0.28704    C:0.21296    A:0.25926    G:0.24074
Average         T:0.22222    C:0.18210    A:0.36728    G:0.22840

#21: TibetanAntelope
position  1:    T:0.13889    C:0.19444    A:0.34259    G:0.32407
position  2:    T:0.24074    C:0.13889    A:0.50926    G:0.11111
position  3:    T:0.28704    C:0.21296    A:0.25926    G:0.24074
Average         T:0.22222    C:0.18210    A:0.37037    G:0.22531

#22: Sitatunga      
position  1:    T:0.13889    C:0.19444    A:0.34259    G:0.32407
position  2:    T:0.24074    C:0.13889    A:0.50000    G:0.12037
position  3:    T:0.28704    C:0.21296    A:0.25926    G:0.24074
Average         T:0.22222    C:0.18210    A:0.36728    G:0.22840

#23: Oribi          
position  1:    T:0.13889    C:0.19444    A:0.34259    G:0.32407
position  2:    T:0.24074    C:0.13889    A:0.50926    G:0.11111
position  3:    T:0.27778    C:0.22222    A:0.25926    G:0.24074
Average         T:0.21914    C:0.18519    A:0.37037    G:0.22531

#24: BarbarySheep   
position  1:    T:0.13889    C:0.19444    A:0.34259    G:0.32407
position  2:    T:0.24074    C:0.13889    A:0.50926    G:0.11111
position  3:    T:0.28704    C:0.21296    A:0.25926    G:0.24074
Average         T:0.22222    C:0.18210    A:0.37037    G:0.22531

#25: Daviddeer      
position  1:    T:0.13889    C:0.19444    A:0.34259    G:0.32407
position  2:    T:0.24074    C:0.13889    A:0.50000    G:0.12037
position  3:    T:0.27778    C:0.21296    A:0.26852    G:0.24074
Average         T:0.21914    C:0.18210    A:0.37037    G:0.22840

#26: Reindeer       
position  1:    T:0.13889    C:0.19444    A:0.34259    G:0.32407
position  2:    T:0.24074    C:0.13889    A:0.50000    G:0.12037
position  3:    T:0.27778    C:0.21296    A:0.27778    G:0.23148
Average         T:0.21914    C:0.18210    A:0.37346    G:0.22531

#27: Ibex           
position  1:    T:0.13889    C:0.19444    A:0.34259    G:0.32407
position  2:    T:0.24074    C:0.13889    A:0.50926    G:0.11111
position  3:    T:0.28704    C:0.21296    A:0.25926    G:0.24074
Average         T:0.22222    C:0.18210    A:0.37037    G:0.22531

#28: GyrantGazelle  
position  1:    T:0.13889    C:0.19444    A:0.34259    G:0.32407
position  2:    T:0.25000    C:0.13889    A:0.50926    G:0.10185
position  3:    T:0.27778    C:0.22222    A:0.25000    G:0.25000
Average         T:0.22222    C:0.18519    A:0.36728    G:0.22531

#29: Hartebeest     
position  1:    T:0.13889    C:0.19444    A:0.34259    G:0.32407
position  2:    T:0.24074    C:0.13889    A:0.50926    G:0.11111
position  3:    T:0.28704    C:0.21296    A:0.25926    G:0.24074
Average         T:0.22222    C:0.18210    A:0.37037    G:0.22531

#30: Bongo          
position  1:    T:0.13889    C:0.19444    A:0.34259    G:0.32407
position  2:    T:0.24074    C:0.13889    A:0.50000    G:0.12037
position  3:    T:0.28704    C:0.21296    A:0.25926    G:0.24074
Average         T:0.22222    C:0.18210    A:0.36728    G:0.22840

#31: Gerenuk        
position  1:    T:0.13889    C:0.19444    A:0.34259    G:0.32407
position  2:    T:0.24074    C:0.13889    A:0.50926    G:0.11111
position  3:    T:0.27778    C:0.22222    A:0.25926    G:0.24074
Average         T:0.21914    C:0.18519    A:0.37037    G:0.22531

#32: CommonEland    
position  1:    T:0.13889    C:0.19444    A:0.34259    G:0.32407
position  2:    T:0.24074    C:0.13889    A:0.50000    G:0.12037
position  3:    T:0.28704    C:0.21296    A:0.25926    G:0.24074
Average         T:0.22222    C:0.18210    A:0.36728    G:0.22840

#33: MuntiacusReevesi
position  1:    T:0.13889    C:0.19444    A:0.34259    G:0.32407
position  2:    T:0.24074    C:0.13889    A:0.50000    G:0.12037
position  3:    T:0.26852    C:0.22222    A:0.26852    G:0.24074
Average         T:0.21605    C:0.18519    A:0.37037    G:0.22840

#34: HarveysDuiker  
position  1:    T:0.13889    C:0.19444    A:0.34259    G:0.32407
position  2:    T:0.24074    C:0.13889    A:0.50926    G:0.11111
position  3:    T:0.28704    C:0.21296    A:0.25926    G:0.24074
Average         T:0.22222    C:0.18210    A:0.37037    G:0.22531

#35: Pronghorn      
position  1:    T:0.13889    C:0.19444    A:0.34259    G:0.32407
position  2:    T:0.24074    C:0.13889    A:0.50000    G:0.12037
position  3:    T:0.28704    C:0.21296    A:0.26852    G:0.23148
Average         T:0.22222    C:0.18210    A:0.37037    G:0.22531

#36: BlueWildebeest 
position  1:    T:0.13889    C:0.19444    A:0.34259    G:0.32407
position  2:    T:0.24074    C:0.13889    A:0.50926    G:0.11111
position  3:    T:0.28704    C:0.21296    A:0.25926    G:0.24074
Average         T:0.22222    C:0.18210    A:0.37037    G:0.22531

#37: Gemsbok        
position  1:    T:0.13889    C:0.19444    A:0.34259    G:0.32407
position  2:    T:0.24074    C:0.13889    A:0.50926    G:0.11111
position  3:    T:0.28704    C:0.21296    A:0.25926    G:0.24074
Average         T:0.22222    C:0.18210    A:0.37037    G:0.22531

#38: Yak            
position  1:    T:0.13889    C:0.19444    A:0.34259    G:0.32407
position  2:    T:0.24074    C:0.13889    A:0.50000    G:0.12037
position  3:    T:0.28704    C:0.21296    A:0.25926    G:0.24074
Average         T:0.22222    C:0.18210    A:0.36728    G:0.22840

#39: BlueSheep      
position  1:    T:0.13889    C:0.19444    A:0.34259    G:0.32407
position  2:    T:0.24074    C:0.13889    A:0.50926    G:0.11111
position  3:    T:0.28704    C:0.21296    A:0.25926    G:0.24074
Average         T:0.22222    C:0.18210    A:0.37037    G:0.22531

#40: BohorReedbuck  
position  1:    T:0.13889    C:0.19444    A:0.34259    G:0.32407
position  2:    T:0.24074    C:0.13889    A:0.50926    G:0.11111
position  3:    T:0.28704    C:0.21296    A:0.25926    G:0.24074
Average         T:0.22222    C:0.18210    A:0.37037    G:0.22531

#41: KirksDik       
position  1:    T:0.13889    C:0.19444    A:0.34259    G:0.32407
position  2:    T:0.24074    C:0.13889    A:0.50926    G:0.11111
position  3:    T:0.27778    C:0.22222    A:0.25926    G:0.24074
Average         T:0.21914    C:0.18519    A:0.37037    G:0.22531

#42: RoeDeer        
position  1:    T:0.13889    C:0.19444    A:0.34259    G:0.32407
position  2:    T:0.24074    C:0.13889    A:0.50000    G:0.12037
position  3:    T:0.27778    C:0.21296    A:0.26852    G:0.24074
Average         T:0.21914    C:0.18210    A:0.37037    G:0.22840

#43: WhiteLippedDeer
position  1:    T:0.13889    C:0.19444    A:0.34259    G:0.32407
position  2:    T:0.24074    C:0.13889    A:0.50000    G:0.12037
position  3:    T:0.27778    C:0.21296    A:0.26852    G:0.24074
Average         T:0.21914    C:0.18210    A:0.37037    G:0.22840

#44: ThomsonGazelle 
position  1:    T:0.13889    C:0.19444    A:0.34259    G:0.32407
position  2:    T:0.24074    C:0.13889    A:0.50926    G:0.11111
position  3:    T:0.27778    C:0.22222    A:0.25926    G:0.24074
Average         T:0.21914    C:0.18519    A:0.37037    G:0.22531

#45: MuntiacusCrinifrons
position  1:    T:0.13889    C:0.19444    A:0.34259    G:0.32407
position  2:    T:0.24074    C:0.13889    A:0.50000    G:0.12037
position  3:    T:0.26852    C:0.22222    A:0.26852    G:0.24074
Average         T:0.21605    C:0.18519    A:0.37037    G:0.22840

#46: WhiteTailedDeer
position  1:    T:0.13889    C:0.19444    A:0.33333    G:0.33333
position  2:    T:0.24074    C:0.13889    A:0.50000    G:0.12037
position  3:    T:0.27778    C:0.21296    A:0.27778    G:0.23148
Average         T:0.21914    C:0.18210    A:0.37037    G:0.22840

#47: Cattle         
position  1:    T:0.13889    C:0.19444    A:0.34259    G:0.32407
position  2:    T:0.24074    C:0.13889    A:0.50000    G:0.12037
position  3:    T:0.28704    C:0.21296    A:0.25926    G:0.24074
Average         T:0.22222    C:0.18210    A:0.36728    G:0.22840

#48: RoyalAntelope  
position  1:    T:0.13889    C:0.19444    A:0.34259    G:0.32407
position  2:    T:0.24074    C:0.13889    A:0.50926    G:0.11111
position  3:    T:0.27778    C:0.21296    A:0.25926    G:0.25000
Average         T:0.21914    C:0.18210    A:0.37037    G:0.22840

#49: Steenbok       
position  1:    T:0.13889    C:0.18519    A:0.35185    G:0.32407
position  2:    T:0.24074    C:0.13889    A:0.50926    G:0.11111
position  3:    T:0.27778    C:0.22222    A:0.25926    G:0.24074
Average         T:0.21914    C:0.18210    A:0.37346    G:0.22531

#50: Impala         
position  1:    T:0.13889    C:0.19444    A:0.34259    G:0.32407
position  2:    T:0.24074    C:0.13889    A:0.50926    G:0.11111
position  3:    T:0.29630    C:0.20370    A:0.25926    G:0.24074
Average         T:0.22531    C:0.17901    A:0.37037    G:0.22531

#51: Klipspringer   
position  1:    T:0.13889    C:0.19444    A:0.34259    G:0.32407
position  2:    T:0.24074    C:0.13889    A:0.50926    G:0.11111
