1
52 1
Argali 0.000000 0.327900 0.091500 0.223600 0.052100 0.003400 0.062400 0.072700 0.099300 0.096100 0.013600 0.077400 0.037700 0.062600 0.063000 0.079600 0.085200 0.088400 0.034200 0.102900 0.077000 0.010200 0.096700 0.095800 0.013600 0.069100 0.044700 0.103000 0.086500 0.091300 0.096200 0.069400 0.122500 0.041200 0.055000 0.077000 0.020400 0.048200 0.073000 0.095900 0.096800 0.072500 0.096300 0.088400 0.080700 0.051900 0.066100 0.070000 0.069700 0.089900 0.092000 0.094800
LesserMous 0.327900 0.000000 0.340600 0.312400 0.325600 0.332500 0.319700 0.325300 0.340800 0.309800 0.320700 0.295500 0.313900 0.320800 0.302900 0.333000 0.265400 0.267900 0.329600 0.350700 0.333700 0.315000 0.306900 0.308200 0.320600 0.319600 0.314400 0.351100 0.341000 0.333200 0.310400 0.317900 0.322900 0.309200 0.316400 0.309700 0.325000 0.328900 0.311600 0.303100 0.302400 0.319300 0.310700 0.298400 0.314700 0.315300 0.309100 0.281700 0.328600 0.308500 0.330700 0.337100
LesserKudu 0.091500 0.340600 0.000000 0.259400 0.084900 0.095200 0.088100 0.098500 0.034300 0.115500 0.088400 0.074000 0.077200 0.080900 0.063200 0.098000 0.089200 0.099900 0.084500 0.030800 0.103100 0.084600 0.112100 0.107700 0.088400 0.087300 0.077200 0.030800 0.105000 0.020300 0.115700 0.087800 0.118900 0.073600 0.087700 0.073600 0.095800 0.073400 0.091500 0.107700 0.116400 0.098200 0.115800 0.100100 0.077300 0.077400 0.084500 0.081200 0.091900 0.109100 0.020400 0.023700
KillerWhal 0.223600 0.312400 0.259400 0.000000 0.220200 0.227700 0.219300 0.218400 0.246000 0.244300 0.225200 0.229700 0.207300 0.219900 0.212900 0.208700 0.188500 0.191500 0.211200 0.250000 0.233000 0.220400 0.241700 0.230500 0.225100 0.213900 0.202900 0.259200 0.224700 0.244500 0.244700 0.218500 0.221800 0.215600 0.214100 0.237300 0.229200 0.215200 0.219000 0.230000 0.237500 0.217800 0.236000 0.226100 0.237400 0.216100 0.220200 0.203400 0.236800 0.229400 0.255200 0.239300
DefassaWat 0.052100 0.325600 0.084900 0.220200 0.000000 0.055600 0.059200 0.069500 0.088700 0.093000 0.048800 0.066900 0.041500 0.059400 0.059700 0.076500 0.078400 0.081600 0.055800 0.088600 0.073800 0.048700 0.089800 0.089100 0.048800 0.065900 0.045000 0.092400 0.079800 0.080800 0.093100 0.066200 0.119500 0.045000 0.058900 0.073900 0.055900 0.027400 0.066200 0.092800 0.086200 0.069400 0.089500 0.081600 0.077500 0.048700 0.062900 0.066800 0.066500 0.086700 0.081400 0.084200
Sheep 0.003400 0.332500 0.095200 0.227700 0.055600 0.000000 0.066000 0.076300 0.103000 0.099800 0.017000 0.081000 0.041200 0.066100 0.066600 0.083200 0.088900 0.092000 0.037700 0.106600 0.080700 0.013500 0.100400 0.099500 0.016900 0.072700 0.048200 0.106700 0.090100 0.094900 0.099900 0.073000 0.126300 0.044700 0.058400 0.080600 0.023900 0.051700 0.076600 0.099600 0.100500 0.076100 0.100000 0.092100 0.084300 0.055400 0.069700 0.073600 0.073300 0.093600 0.095600 0.098400
MaxwellsDu 0.062400 0.319700 0.088100 0.219300 0.059200 0.066000 0.000000 0.072700 0.084500 0.088700 0.055700 0.070100 0.041300 0.013500 0.055800 0.079600 0.070500 0.081100 0.055400 0.088100 0.077100 0.052000 0.093000 0.084800 0.055700 0.069100 0.041300 0.088100 0.086500 0.076700 0.088900 0.020300 0.118600 0.037700 0.047900 0.069800 0.062800 0.055300 0.065900 0.073700 0.089400 0.072600 0.088900 0.081100 0.073500 0.044800 0.059000 0.055600 0.062500 0.082400 0.084600 0.072800
GazellaPrz 0.072700 0.325300 0.098500 0.218400 0.069500 0.076300 0.072700 0.000000 0.102300 0.106600 0.073200 0.080500 0.055000 0.072900 0.059000 0.033400 0.088300 0.091400 0.080200 0.105900 0.030400 0.069500 0.111100 0.106400 0.073200 0.023300 0.062100 0.106000 0.040100 0.094300 0.106800 0.079700 0.117900 0.058500 0.072300 0.080100 0.080300 0.065600 0.026800 0.106500 0.107400 0.026700 0.106900 0.098900 0.083700 0.055100 0.020100 0.065900 0.072800 0.089300 0.095000 0.097700
MountainNy 0.099300 0.340800 0.034300 0.246000 0.088700 0.103000 0.084500 0.102300 0.000000 0.119500 0.092500 0.063100 0.077300 0.077300 0.059700 0.101800 0.093100 0.103800 0.092100 0.016900 0.107000 0.088600 0.124200 0.107800 0.092500 0.091100 0.070000 0.016900 0.108800 0.013500 0.119600 0.084200 0.130700 0.073700 0.076800 0.077400 0.099800 0.084500 0.095300 0.119200 0.120400 0.102000 0.119800 0.104000 0.077400 0.081100 0.088300 0.085000 0.088300 0.113100 0.027400 0.016900
MuntiacusM 0.096100 0.309800 0.115500 0.244300 0.093000 0.099800 0.088700 0.106600 0.119500 0.000000 0.089300 0.096900 0.077700 0.088900 0.082100 0.113600 0.067700 0.070900 0.096400 0.123100 0.111400 0.085400 0.031400 0.034700 0.089300 0.102800 0.077700 0.123200 0.120700 0.111100 0.006800 0.095900 0.112400 0.074000 0.088300 0.096500 0.096600 0.088700 0.099600 0.034700 0.027900 0.106300 0.006800 0.027600 0.100200 0.074200 0.092600 0.089300 0.096200 0.079600 0.111900 0.114600
goat 0.013600 0.320700 0.088400 0.225200 0.048800 0.017000 0.055700 0.073200 0.092500 0.089300 0.000000 0.070600 0.037900 0.055800 0.056200 0.080100 0.078400 0.081600 0.027400 0.096100 0.077500 0.003400 0.089900 0.089000 0.000000 0.069500 0.037900 0.096200 0.087100 0.084500 0.089400 0.062700 0.123300 0.034400 0.048300 0.070300 0.006800 0.044900 0.066300 0.089100 0.086200 0.073000 0.089500 0.081600 0.073900 0.045100 0.059300 0.063200 0.062900 0.090500 0.085100 0.088000
AfricanBuf 0.077400 0.295500 0.074000 0.229700 0.066900 0.081000 0.070100 0.080500 0.063100 0.096900 0.070600 0.000000 0.059400 0.070300 0.049000 0.080100 0.071000 0.074200 0.077600 0.074000 0.084900 0.066800 0.101400 0.096700 0.070600 0.069500 0.052200 0.074000 0.094400 0.069900 0.097100 0.077200 0.115600 0.055800 0.062600 0.034500 0.077800 0.070100 0.073500 0.096700 0.090100 0.080300 0.097200 0.089200 0.034500 0.059500 0.066600 0.063200 0.070200 0.090600 0.070500 0.073400
Topi 0.037700 0.313900 0.077200 0.207300 0.041500 0.041200 0.041300 0.055000 0.077300 0.077700 0.037900 0.059400 0.000000 0.041400 0.045200 0.061900 0.067000 0.070200 0.041300 0.080900 0.059100 0.034400 0.081900 0.073700 0.037900 0.051500 0.013500 0.080900 0.068700 0.069600 0.077900 0.048200 0.103700 0.010100 0.034100 0.059100 0.044900 0.037700 0.055200 0.077600 0.078300 0.054900 0.077900 0.070200 0.062700 0.034400 0.048400 0.052100 0.051900 0.071400 0.073700 0.073100
CommonDuik 0.062600 0.320800 0.080900 0.219900 0.059400 0.066100 0.013500 0.072900 0.077300 0.088900 0.055800 0.070300 0.041400 0.000000 0.056000 0.079800 0.070700 0.081300 0.055600 0.080900 0.077300 0.052100 0.093300 0.085000 0.055800 0.069300 0.041400 0.080900 0.079500 0.069600 0.089100 0.013500 0.111300 0.037800 0.048000 0.070000 0.062900 0.055400 0.066000 0.081300 0.089600 0.072700 0.089200 0.081300 0.073600 0.045000 0.059100 0.055700 0.059100 0.090200 0.077400 0.065800
Suni 0.063000 0.302900 0.063200 0.212900 0.059700 0.066600 0.055800 0.059000 0.059700 0.082100 0.056200 0.049000 0.045200 0.056000 0.000000 0.058700 0.063800 0.067100 0.063200 0.070500 0.063100 0.052500 0.086400 0.081900 0.056100 0.055400 0.038100 0.070600 0.072800 0.059300 0.082200 0.062800 0.100700 0.041600 0.048400 0.055900 0.063300 0.055800 0.052100 0.081900 0.082800 0.058800 0.082300 0.074500 0.055900 0.045300 0.045200 0.041800 0.055800 0.075600 0.059700 0.062800
Springbuck 0.079600 0.333000 0.098000 0.208700 0.076500 0.083200 0.079600 0.033400 0.101800 0.113600 0.080100 0.080100 0.061900 0.079800 0.058700 0.000000 0.095300 0.098400 0.079800 0.105400 0.030300 0.076400 0.118200 0.113400 0.080100 0.016600 0.061800 0.105400 0.026400 0.093900 0.113800 0.086600 0.117300 0.065400 0.072000 0.087000 0.087300 0.065300 0.033500 0.113500 0.114500 0.019900 0.113900 0.105900 0.087100 0.061900 0.026900 0.072800 0.065300 0.096300 0.094500 0.097300
Okapi 0.085200 0.265400 0.089200 0.188500 0.078400 0.088900 0.070500 0.088300 0.093100 0.067700 0.078400 0.071000 0.067000 0.070700 0.063800 0.095300 0.000000 0.024300 0.078100 0.089200 0.092900 0.074600 0.071900 0.060200 0.078400 0.084500 0.059700 0.096800 0.094800 0.085000 0.067800 0.077600 0.078600 0.063400 0.077500 0.070700 0.082000 0.074200 0.073900 0.056500 0.060800 0.088100 0.060500 0.052900 0.074400 0.067100 0.074300 0.063600 0.085400 0.061200 0.085700 0.081100
Giraffe 0.088400 0.267900 0.099900 0.191500 0.081600 0.092000 0.081100 0.091400 0.103800 0.070900 0.081600 0.074200 0.070200 0.081300 0.067100 0.098400 0.024300 0.000000 0.081200 0.099800 0.096000 0.077800 0.075100 0.063400 0.081600 0.087700 0.062900 0.107500 0.097900 0.095600 0.071100 0.088200 0.089200 0.066600 0.080500 0.073900 0.085200 0.077400 0.077100 0.067100 0.064100 0.091200 0.063700 0.056200 0.077500 0.070300 0.077500 0.074200 0.084900 0.064400 0.096400 0.099100
TibetanAnt 0.034200 0.329600 0.084500 0.211200 0.055800 0.037700 0.055400 0.080200 0.092100 0.096400 0.027400 0.077600 0.041300 0.055600 0.063200 0.079800 0.078100 0.081200 0.000000 0.080800 0.084600 0.023900 0.100800 0.085000 0.027400 0.076500 0.034300 0.088300 0.086700 0.076800 0.096600 0.062400 0.122800 0.037800 0.048000 0.077300 0.034400 0.044800 0.066000 0.096200 0.097200 0.080000 0.089100 0.081300 0.081000 0.052100 0.066300 0.070200 0.062700 0.097700 0.084800 0.080300
Sitatunga 0.102900 0.350700 0.030800 0.250000 0.088600 0.106600 0.088100 0.105900 0.016900 0.123100 0.096100 0.074000 0.080900 0.080900 0.070500 0.105400 0.089200 0.099800 0.080800 0.000000 0.110700 0.092200 0.127900 0.103800 0.096100 0.094600 0.073600 0.013500 0.105000 0.010100 0.123300 0.087800 0.126500 0.077200 0.087700 0.080900 0.103500 0.077000 0.091500 0.122900 0.124100 0.105600 0.115700 0.100000 0.084600 0.084700 0.091900 0.088500 0.099400 0.116900 0.023900 0.013400
Oribi 0.077000 0.333700 0.103100 0.233000 0.073800 0.080700 0.077100 0.030400 0.107000 0.111400 0.077500 0.084900 0.059100 0.077300 0.063100 0.030300 0.092900 0.096000 0.084600 0.110700 0.000000 0.073800 0.116000 0.111200 0.077500 0.020200 0.066300 0.110700 0.037000 0.098900 0.111600 0.084100 0.122800 0.062700 0.076600 0.084500 0.084800 0.069800 0.030500 0.111300 0.112300 0.023500 0.111700 0.103600 0.088200 0.059200 0.023800 0.070200 0.077100 0.094000 0.099600 0.102400
BarbaryShe 0.010200 0.315000 0.084600 0.220400 0.048700 0.013500 0.052000 0.069500 0.088600 0.085400 0.003400 0.066800 0.034400 0.052100 0.052500 0.076400 0.074600 0.077800 0.023900 0.092200 0.073800 0.000000 0.089700 0.085200 0.003400 0.065800 0.034400 0.092300 0.083300 0.080700 0.085500 0.059000 0.119200 0.030900 0.044500 0.066500 0.010200 0.044900 0.062600 0.085200 0.086000 0.069300 0.085600 0.077800 0.070100 0.041500 0.055700 0.059500 0.059200 0.086500 0.081300 0.084200
Daviddeer 0.096700 0.306900 0.112100 0.241700 0.089800 0.100400 0.093000 0.111100 0.124200 0.031400 0.089900 0.101400 0.081900 0.093300 0.086400 0.118200 0.071900 0.075100 0.100800 0.127900 0.116000 0.089700 0.000000 0.038500 0.089900 0.107200 0.082000 0.128000 0.125300 0.115600 0.031400 0.100200 0.109400 0.078200 0.092600 0.100900 0.097300 0.089300 0.104000 0.038500 0.017400 0.110800 0.031500 0.031400 0.104700 0.070900 0.097000 0.093600 0.100700 0.083900 0.116500 0.119100
Reindeer 0.095800 0.308200 0.107700 0.230500 0.089100 0.099500 0.084800 0.106400 0.107800 0.034700 0.089000 0.096700 0.073700 0.085000 0.081900 0.113400 0.060200 0.063400 0.085000 0.103800 0.111200 0.085200 0.038500 0.000000 0.089000 0.102600 0.066400 0.111500 0.112900 0.099600 0.034700 0.091900 0.104400 0.070100 0.084400 0.096200 0.096400 0.084800 0.091900 0.034600 0.034900 0.106100 0.027700 0.006800 0.100000 0.074000 0.092400 0.089000 0.096000 0.079300 0.104000 0.103100
Ibex 0.013600 0.320600 0.088400 0.225100 0.048800 0.016900 0.055700 0.073200 0.092500 0.089300 0.000000 0.070600 0.037900 0.055800 0.056100 0.080100 0.078400 0.081600 0.027400 0.096100 0.077500 0.003400 0.089900 0.089000 0.000000 0.069500 0.037900 0.096100 0.087000 0.084500 0.089400 0.062600 0.123300 0.034400 0.048100 0.070200 0.006800 0.044900 0.066300 0.089100 0.086200 0.073000 0.089500 0.081600 0.073900 0.045100 0.059300 0.063200 0.062900 0.090500 0.085100 0.088000
GyrantGaze 0.069100 0.319600 0.087300 0.213900 0.065900 0.072700 0.069100 0.023300 0.091100 0.102800 0.069500 0.069500 0.051500 0.069300 0.055400 0.016600 0.084500 0.087700 0.076500 0.094600 0.020200 0.065800 0.107200 0.102600 0.069500 0.000000 0.058500 0.094700 0.023200 0.083200 0.103000 0.076100 0.114000 0.055000 0.068700 0.069200 0.076700 0.062000 0.023400 0.102700 0.103600 0.009900 0.103000 0.095200 0.072800 0.051500 0.016700 0.062300 0.069100 0.085500 0.083800 0.086700
Hartebeest 0.044700 0.314400 0.077200 0.202900 0.045000 0.048200 0.041300 0.062100 0.070000 0.077700 0.037900 0.052200 0.013500 0.041400 0.038100 0.061800 0.059700 0.062900 0.034300 0.073600 0.066300 0.034400 0.082000 0.066400 0.037900 0.058500 0.000000 0.081000 0.068700 0.069600 0.077900 0.048200 0.111300 0.010100 0.027200 0.059100 0.044900 0.041200 0.048200 0.077600 0.078300 0.061900 0.070600 0.063000 0.059100 0.034400 0.048400 0.052100 0.044800 0.078800 0.073700 0.073100
Bongo 0.103000 0.351100 0.030800 0.259200 0.092400 0.106700 0.088100 0.106000 0.016900 0.123200 0.096200 0.074000 0.080900 0.080900 0.070600 0.105400 0.096800 0.107500 0.088300 0.013500 0.110700 0.092300 0.128000 0.111500 0.096100 0.094700 0.081000 0.000000 0.112500 0.010100 0.123400 0.087800 0.126600 0.077300 0.087700 0.081000 0.103500 0.080700 0.099000 0.123000 0.124200 0.105700 0.123500 0.107700 0.084700 0.084700 0.092000 0.088600 0.099400 0.116900 0.023900 0.013500
Gerenuk 0.086500 0.341000 0.105000 0.224700 0.079800 0.090100 0.086500 0.040100 0.108800 0.120700 0.087100 0.094400 0.068700 0.079500 0.072800 0.026400 0.094800 0.097900 0.086700 0.105000 0.037000 0.083300 0.125300 0.112900 0.087000 0.023200 0.068700 0.112500 0.000000 0.100800 0.120900 0.086300 0.124300 0.072200 0.086100 0.086700 0.094200 0.075800 0.033400 0.113100 0.121600 0.019800 0.113400 0.105500 0.090400 0.068800 0.033500 0.079700 0.075800 0.103400 0.101500 0.104200
CommonElan 0.091300 0.333200 0.020300 0.244500 0.080800 0.094900 0.076700 0.094300 0.013500 0.111100 0.084500 0.069900 0.069600 0.069600 0.059300 0.093900 0.085000 0.095600 0.076800 0.010100 0.098900 0.080700 0.115600 0.099600 0.084500 0.083200 0.069600 0.010100 0.100800 0.000000 0.111200 0.076400 0.114400 0.066000 0.076300 0.069600 0.091800 0.069400 0.087400 0.110800 0.111900 0.094100 0.111300 0.095800 0.073200 0.073300 0.080400 0.077100 0.087800 0.104700 0.013500 0.003300
MuntiacusR 0.096200 0.310400 0.115700 0.244700 0.093100 0.099900 0.088900 0.106800 0.119600 0.006800 0.089400 0.097100 0.077900 0.089100 0.082200 0.113800 0.067800 0.071100 0.096600 0.123300 0.111600 0.085500 0.031400 0.034700 0.089400 0.103000 0.077900 0.123400 0.120900 0.111200 0.000000 0.096000 0.112600 0.074200 0.088400 0.096600 0.096800 0.088800 0.099800 0.034700 0.027900 0.106500 0.006900 0.027700 0.100400 0.074300 0.092700 0.089400 0.096400 0.079700 0.112100 0.114700
HarveysDui 0.069400 0.317900 0.087800 0.218500 0.066200 0.073000 0.020300 0.079700 0.084200 0.095900 0.062700 0.077200 0.048200 0.013500 0.062800 0.086600 0.077600 0.088200 0.062400 0.087800 0.084100 0.059000 0.100200 0.091900 0.062600 0.076100 0.048200 0.087800 0.086300 0.076400 0.096000 0.000000 0.118200 0.044600 0.054800 0.076900 0.069800 0.062300 0.072800 0.088200 0.096600 0.079500 0.096100 0.088200 0.080500 0.051800 0.066000 0.055400 0.065900 0.097100 0.084300 0.072600
Pronghorn 0.122500 0.322900 0.118900 0.221800 0.119500 0.126300 0.118600 0.117900 0.130700 0.112400 0.123300 0.115600 0.103700 0.111300 0.100700 0.117300 0.078600 0.089200 0.122800 0.126500 0.122800 0.119200 0.109400 0.104400 0.123300 0.114000 0.111300 0.126600 0.124300 0.114400 0.112600 0.118200 0.000000 0.107500 0.118200 0.115100 0.130900 0.107200 0.118400 0.112200 0.097900 0.117500 0.112700 0.096900 0.118900 0.111500 0.111300 0.107900 0.126600 0.098400 0.115300 0.117900
BlueWildeb 0.041200 0.309200 0.073600 0.215600 0.045000 0.044700 0.037700 0.058500 0.073700 0.074000 0.034400 0.055800 0.010100 0.037800 0.041600 0.065400 0.063400 0.066600 0.037800 0.077200 0.062700 0.030900 0.078200 0.070100 0.034400 0.055000 0.010100 0.077300 0.072200 0.066000 0.074200 0.044600 0.107500 0.000000 0.030600 0.055500 0.041400 0.041200 0.051700 0.073900 0.074600 0.058400 0.074200 0.066600 0.059100 0.030900 0.044800 0.048500 0.048300 0.075000 0.070100 0.069400
Gemsbok 0.055000 0.316400 0.087700 0.214100 0.058900 0.058400 0.047900 0.072300 0.076800 0.088300 0.048300 0.062600 0.034100 0.048000 0.048400 0.072000 0.077500 0.080500 0.048000 0.087700 0.076600 0.044500 0.092600 0.084400 0.048100 0.068700 0.027200 0.087700 0.086100 0.076300 0.088400 0.054800 0.118200 0.030600 0.000000 0.069500 0.055100 0.055100 0.065600 0.088100 0.089000 0.072100 0.088500 0.080700 0.069500 0.044600 0.058500 0.062500 0.055100 0.089400 0.084200 0.079800
Yak 0.077000 0.309700 0.073600 0.237300 0.073900 0.080600 0.069800 0.080100 0.077400 0.096500 0.070300 0.034500 0.059100 0.070000 0.055900 0.087000 0.070700 0.073900 0.077300 0.080900 0.084500 0.066500 0.100900 0.096200 0.070200 0.069200 0.059100 0.081000 0.086700 0.069600 0.096600 0.076900 0.115100 0.055500 0.069500 0.000000 0.077400 0.069800 0.073200 0.096300 0.089600 0.072700 0.096700 0.088800 0.003400 0.059200 0.066300 0.062900 0.077200 0.090100 0.070100 0.073100
BlueSheep 0.020400 0.325000 0.095800 0.229200 0.055900 0.023900 0.062800 0.080300 0.099800 0.096600 0.006800 0.077800 0.044900 0.062900 0.063300 0.087300 0.082000 0.085200 0.034400 0.103500 0.084800 0.010200 0.097300 0.096400 0.006800 0.076700 0.044900 0.103500 0.094200 0.091800 0.096800 0.069800 0.130900 0.041400 0.055100 0.077400 0.000000 0.051900 0.073400 0.096400 0.093600 0.080100 0.096800 0.088900 0.081100 0.052200 0.066500 0.070300 0.070000 0.097900 0.092400 0.095300
BohorReedb 0.048200 0.328900 0.073400 0.215200 0.027400 0.051700 0.055300 0.065600 0.084500 0.088700 0.044900 0.070100 0.037700 0.055400 0.055800 0.065300 0.074200 0.077400 0.044800 0.077000 0.069800 0.044900 0.089300 0.084800 0.044900 0.062000 0.041200 0.080700 0.075800 0.069400 0.088800 0.062300 0.107200 0.041200 0.055100 0.069800 0.051900 0.000000 0.062300 0.088500 0.085600 0.065400 0.085200 0.077400 0.073400 0.044800 0.059000 0.062600 0.062500 0.082400 0.069900 0.072800
KirksDik 0.073000 0.311600 0.091500 0.219000 0.066200 0.076600 0.065900 0.026800 0.095300 0.099600 0.066300 0.073500 0.055200 0.066000 0.052100 0.033500 0.073900 0.077100 0.066000 0.091500 0.030500 0.062600 0.104000 0.091900 0.066300 0.023400 0.048200 0.099000 0.033400 0.087400 0.099800 0.072800 0.118400 0.051700 0.065600 0.073200 0.073400 0.062300 0.000000 0.099500 0.100400 0.026800 0.092300 0.084500 0.076800 0.048200 0.013400 0.059000 0.065900 0.082100 0.080600 0.090800
RoeDeer 0.095900 0.303100 0.107700 0.230000 0.092800 0.099600 0.073700 0.106500 0.119200 0.034700 0.089100 0.096700 0.077600 0.081300 0.081900 0.113500 0.056500 0.067100 0.096200 0.122900 0.111300 0.085200 0.038500 0.034600 0.089100 0.102700 0.077600 0.123000 0.113100 0.110800 0.034700 0.088200 0.112200 0.073900 0.088100 0.096300 0.096400 0.088500 0.099500 0.000000 0.034900 0.106200 0.034800 0.027600 0.100000 0.074000 0.092400 0.081600 0.098700 0.071900 0.111600 0.106700
WhiteLippe 0.096800 0.302400 0.116400 0.237500 0.086200 0.100500 0.089400 0.107400 0.120400 0.027900 0.086200 0.090100 0.078300 0.089600 0.082800 0.114500 0.060800 0.064100 0.097200 0.124100 0.112300 0.086000 0.017400 0.034900 0.086200 0.103600 0.078300 0.124200 0.121600 0.111900 0.027900 0.096600 0.097900 0.074600 0.089000 0.089600 0.093600 0.085600 0.100400 0.034900 0.000000 0.107200 0.028000 0.027900 0.093400 0.074700 0.093300 0.090000 0.097000 0.080200 0.112800 0.115400
ThomsonGaz 0.072500 0.319300 0.098200 0.217800 0.069400 0.076100 0.072600 0.026700 0.102000 0.106300 0.073000 0.080300 0.054900 0.072700 0.058800 0.019900 0.088100 0.091200 0.080000 0.105600 0.023500 0.069300 0.110800 0.106100 0.073000 0.009900 0.061900 0.105700 0.019800 0.094100 0.106500 0.079500 0.117500 0.058400 0.072100 0.072700 0.080100 0.065400 0.026800 0.106200 0.107200 0.000000 0.106600 0.098700 0.076300 0.054900 0.020100 0.065700 0.072600 0.089000 0.094700 0.097500
MuntiacusC 0.096300 0.310700 0.115800 0.236000 0.089500 0.100000 0.088900 0.106900 0.119800 0.006800 0.089500 0.097200 0.077900 0.089200 0.082300 0.113900 0.060500 0.063700 0.089100 0.115700 0.111700 0.085600 0.031500 0.027700 0.089500 0.103000 0.070600 0.123500 0.113400 0.111300 0.006900 0.096100 0.112700 0.074200 0.088500 0.096700 0.096800 0.085200 0.092300 0.034800 0.028000 0.106600 0.000000 0.020700 0.100500 0.074400 0.092800 0.089500 0.096500 0.079800 0.112200 0.114800
WhiteTaile 0.088400 0.298400 0.100100 0.226100 0.081600 0.092100 0.081100 0.098900 0.104000 0.027600 0.081600 0.089200 0.070200 0.081300 0.074500 0.105900 0.052900 0.056200 0.081300 0.100000 0.103600 0.077800 0.031400 0.006800 0.081600 0.095200 0.063000 0.107700 0.105500 0.095800 0.027700 0.088200 0.096900 0.066600 0.080700 0.088800 0.088900 0.077400 0.084500 0.027600 0.027900 0.098700 0.020700 0.000000 0.092500 0.066700 0.085000 0.081600 0.088600 0.071900 0.096500 0.099300
Cattle 0.080700 0.314700 0.077300 0.237400 0.077500 0.084300 0.073500 0.083700 0.077400 0.100200 0.073900 0.034500 0.062700 0.073600 0.055900 0.087100 0.074400 0.077500 0.081000 0.084600 0.088200 0.070100 0.104700 0.100000 0.073900 0.072800 0.059100 0.084700 0.090400 0.073200 0.100400 0.080500 0.118900 0.059100 0.069500 0.003400 0.081100 0.073400 0.076800 0.100000 0.093400 0.076300 0.100500 0.092500 0.000000 0.062800 0.069900 0.066500 0.077200 0.093900 0.073800 0.076700
RoyalAntel 0.051900 0.315300 0.077400 0.216100 0.048700 0.055400 0.044800 0.055100 0.081100 0.074200 0.045100 0.059500 0.034400 0.045000 0.045300 0.061900 0.067100 0.070300 0.052100 0.084700 0.059200 0.041500 0.070900 0.074000 0.045100 0.051500 0.034400 0.084700 0.068800 0.073300 0.074300 0.051800 0.111500 0.030900 0.044600 0.059200 0.052200 0.044800 0.048200 0.074000 0.074700 0.054900 0.074400 0.066700 0.062800 0.000000 0.041400 0.052200 0.037800 0.078900 0.073900 0.076800
Steenbok 0.066100 0.309100 0.084500 0.220200 0.062900 0.069700 0.059000 0.020100 0.088300 0.092600 0.059300 0.066600 0.048400 0.059100 0.045200 0.026900 0.074300 0.077500 0.066300 0.091900 0.023800 0.055700 0.097000 0.092400 0.059300 0.016700 0.048400 0.092000 0.033500 0.080400 0.092700 0.066000 0.111300 0.044800 0.058500 0.066300 0.066500 0.059000 0.013400 0.092400 0.093300 0.020100 0.092800 0.085000 0.069900 0.041400 0.000000 0.052100 0.059000 0.082600 0.081000 0.083900
Impala 0.070000 0.281700 0.081200 0.203400 0.066800 0.073600 0.055600 0.065900 0.085000 0.089300 0.063200 0.063200 0.052100 0.055700 0.041800 0.072800 0.063600 0.074200 0.070200 0.088500 0.070200 0.059500 0.093600 0.089000 0.063200 0.062300 0.052100 0.088600 0.079700 0.077100 0.089400 0.055400 0.107900 0.048500 0.062500 0.062900 0.070300 0.062600 0.059000 0.081600 0.090000 0.065700 0.089500 0.081600 0.066500 0.052200 0.052100 0.000000 0.070100 0.082900 0.077700 0.073200
Klipspring 0.069700 0.328600 0.091900 0.236800 0.066500 0.073300 0.062500 0.072800 0.088300 0.096200 0.062900 0.070200 0.051900 0.059100 0.055800 0.065300 0.085400 0.084900 0.062700 0.099400 0.077100 0.059200 0.100700 0.096000 0.062900 0.069100 0.044800 0.099400 0.075800 0.087800 0.096400 0.065900 0.126600 0.048300 0.055100 0.077200 0.070000 0.062500 0.065900 0.098700 0.097000 0.072600 0.096500 0.088600 0.077200 0.037800 0.059000 0.070100 0.000000 0.097500 0.088400 0.091200
ForestMusk 0.089900 0.308500 0.109100 0.229400 0.086700 0.093600 0.082400 0.089300 0.113100 0.079600 0.090500 0.090600 0.071400 0.090200 0.075600 0.096300 0.061200 0.064400 0.097700 0.116900 0.094000 0.086500 0.083900 0.079300 0.090500 0.085500 0.078800 0.116900 0.103400 0.104700 0.079700 0.097100 0.098400 0.075000 0.089400 0.090100 0.097900 0.082400 0.082100 0.071900 0.080200 0.089000 0.079800 0.071900 0.093900 0.078900 0.082600 0.082900 0.097500 0.000000 0.097800 0.108300
Bushbuck 0.092000 0.330700 0.020400 0.255200 0.081400 0.095600 0.084600 0.095000 0.027400 0.111900 0.085100 0.070500 0.073700 0.077400 0.059700 0.094500 0.085700 0.096400 0.084800 0.023900 0.099600 0.081300 0.116500 0.104000 0.085100 0.083800 0.073700 0.023900 0.101500 0.013500 0.112100 0.084300 0.115300 0.070100 0.084200 0.070100 0.092400 0.069900 0.080600 0.111600 0.112800 0.094700 0.112200 0.096500 0.073800 0.073900 0.081000 0.077700 0.088400 0.097800 0.000000 0.016900
GreaterKud 0.094800 0.337100 0.023700 0.239300 0.084200 0.098400 0.072800 0.097700 0.016900 0.114600 0.088000 0.073400 0.073100 0.065800 0.062800 0.097300 0.081100 0.099100 0.080300 0.013400 0.102400 0.084200 0.119100 0.103100 0.088000 0.086700 0.073100 0.013500 0.104200 0.003300 0.114700 0.072600 0.117900 0.069400 0.079800 0.073100 0.095300 0.072800 0.090800 0.106700 0.115400 0.097500 0.114800 0.099300 0.076700 0.076800 0.083900 0.073200 0.091200 0.108300 0.016900 0.000000
