1
52 1
Argali 0.000000 0.320100 0.106300 0.183300 0.024800 0.000000 0.024700 0.051200 0.103900 0.074900 0.024900 0.074900 0.024800 0.025100 0.051800 0.024800 0.048900 0.049300 0.024800 0.103900 0.051400 0.024900 0.074900 0.075000 0.024900 0.051500 0.024800 0.134200 0.024800 0.103900 0.074900 0.024800 0.132700 0.024800 0.074700 0.132700 0.025100 0.024800 0.025000 0.103300 0.074900 0.051500 0.074700 0.075000 0.105900 0.024800 0.050500 0.110300 0.050900 0.100000 0.104200 0.106300
LesserMous 0.320100 0.000000 0.386600 0.281500 0.280700 0.320100 0.279800 0.318600 0.380200 0.334400 0.280600 0.332900 0.280700 0.247500 0.321200 0.276600 0.254300 0.255100 0.278500 0.380200 0.320800 0.280600 0.332900 0.333100 0.280600 0.321100 0.280700 0.340600 0.280700 0.380200 0.334400 0.280700 0.409500 0.280700 0.346000 0.340300 0.282200 0.280700 0.278600 0.376700 0.332900 0.321100 0.334000 0.333100 0.388100 0.280700 0.317200 0.339500 0.283600 0.287700 0.381500 0.386600
LesserKudu 0.106300 0.386600 0.000000 0.284800 0.077800 0.106300 0.077800 0.106800 0.000200 0.024100 0.077700 0.024100 0.077800 0.078500 0.078400 0.077400 0.074500 0.075100 0.077500 0.000200 0.107300 0.077700 0.024100 0.024100 0.077700 0.107400 0.077800 0.023900 0.077800 0.000200 0.024100 0.077800 0.132300 0.077800 0.129800 0.023600 0.078500 0.077800 0.078100 0.049700 0.024100 0.107400 0.024100 0.024100 0.000100 0.077800 0.050700 0.172700 0.106500 0.099600 0.000200 0.000000
KillerWhal 0.183300 0.281500 0.284800 0.000000 0.145200 0.183300 0.165100 0.107100 0.277600 0.230300 0.142800 0.232300 0.145200 0.144700 0.185500 0.140300 0.157700 0.157900 0.142300 0.277600 0.109300 0.142800 0.232300 0.231000 0.142800 0.107800 0.145200 0.240300 0.145200 0.277600 0.230300 0.145200 0.315600 0.145200 0.211600 0.319900 0.146900 0.145200 0.138500 0.236800 0.232300 0.107800 0.228900 0.231000 0.285300 0.145200 0.176700 0.230400 0.184700 0.262000 0.276900 0.284800
DefassaWat 0.024800 0.280700 0.077800 0.145200 0.000000 0.023800 0.000100 0.025000 0.076000 0.048800 0.000100 0.048800 0.000000 0.000100 0.025300 0.000200 0.024000 0.024200 0.000100 0.076000 0.025200 0.000100 0.048800 0.048900 0.000100 0.025200 0.000000 0.104800 0.000000 0.076000 0.048800 0.000000 0.103500 0.000000 0.048800 0.103500 0.000100 0.000000 0.000300 0.075700 0.048800 0.025200 0.048700 0.048900 0.077500 0.000000 0.024700 0.080600 0.024900 0.073300 0.076300 0.077800
Sheep 0.000000 0.320100 0.106300 0.183300 0.023800 0.000000 0.024700 0.051200 0.103900 0.074900 0.024900 0.074900 0.024800 0.025100 0.051800 0.024800 0.048900 0.049300 0.024800 0.103900 0.051400 0.024900 0.074900 0.075000 0.024900 0.051500 0.024800 0.134200 0.024800 0.103900 0.074900 0.024800 0.132700 0.024800 0.074700 0.132700 0.025100 0.024800 0.025000 0.103300 0.074900 0.051500 0.074700 0.075000 0.105900 0.024800 0.050500 0.110300 0.050900 0.100000 0.104200 0.106300
MaxwellsDu 0.024700 0.279800 0.077800 0.165100 0.000100 0.024700 0.000000 0.024800 0.076200 0.048900 0.000200 0.048900 0.000100 0.000200 0.025100 0.000200 0.024000 0.024200 0.000200 0.076200 0.024900 0.000200 0.048900 0.049000 0.000200 0.024900 0.000100 0.105000 0.000100 0.076200 0.048900 0.000100 0.103700 0.000100 0.048500 0.103600 0.000200 0.000100 0.000400 0.075700 0.048900 0.024900 0.048800 0.049000 0.077600 0.000100 0.024500 0.079800 0.024800 0.073400 0.076400 0.077800
GazellaPrz 0.051200 0.318600 0.106800 0.107100 0.025000 0.051200 0.024800 0.000000 0.104300 0.075100 0.025000 0.075100 0.025000 0.025200 0.052200 0.024800 0.049100 0.049500 0.024900 0.104300 0.000100 0.025000 0.075100 0.075200 0.025000 0.000300 0.025000 0.135000 0.025000 0.104300 0.075100 0.025000 0.133100 0.025000 0.075400 0.133200 0.025200 0.025000 0.024800 0.103800 0.075100 0.000300 0.074900 0.075200 0.106400 0.025000 0.050700 0.053300 0.051400 0.100200 0.104600 0.106800
MountainNy 0.103900 0.380200 0.000200 0.277600 0.076000 0.103900 0.076200 0.104300 0.000000 0.023500 0.076000 0.023500 0.076000 0.076800 0.076600 0.075700 0.072600 0.073200 0.075800 0.000000 0.104800 0.076000 0.023500 0.023600 0.076000 0.105000 0.076000 0.022800 0.076000 0.000000 0.023500 0.076000 0.129100 0.076000 0.127000 0.023000 0.076600 0.076000 0.076500 0.048500 0.023500 0.105000 0.023500 0.023600 0.000100 0.076000 0.049600 0.169000 0.104100 0.097400 0.000100 0.000200
MuntiacusM 0.074900 0.334400 0.024100 0.230300 0.048800 0.074900 0.048900 0.075100 0.023500 0.000000 0.048800 0.000100 0.048800 0.049200 0.076000 0.048600 0.046800 0.047200 0.048600 0.023500 0.075400 0.048800 0.000100 0.000200 0.048800 0.075600 0.048800 0.048500 0.048800 0.023500 0.000000 0.048800 0.099600 0.048800 0.097800 0.048000 0.049200 0.048800 0.049000 0.023400 0.000100 0.075600 0.000100 0.000200 0.024000 0.048800 0.024000 0.134400 0.075000 0.070500 0.023600 0.024100
goat 0.024900 0.280600 0.077700 0.142800 0.000100 0.024900 0.000200 0.025000 0.076000 0.048800 0.000000 0.048800 0.000100 0.000200 0.025300 0.000200 0.023900 0.024100 0.000200 0.076000 0.025100 0.000000 0.048800 0.048800 0.000000 0.025200 0.000100 0.104700 0.000100 0.076000 0.048800 0.000100 0.103500 0.000100 0.048900 0.103500 0.000200 0.000100 0.000400 0.075600 0.048800 0.025200 0.048600 0.048800 0.077500 0.000100 0.024600 0.080500 0.025000 0.073300 0.076200 0.077700
AfricanBuf 0.074900 0.332900 0.024100 0.232300 0.048800 0.074900 0.048900 0.075100 0.023500 0.000100 0.048800 0.000000 0.048800 0.049300 0.076000 0.048600 0.046800 0.047200 0.048600 0.023500 0.075500 0.048800 0.000000 0.000100 0.048800 0.075700 0.048800 0.048500 0.048800 0.023500 0.000100 0.048800 0.099600 0.048800 0.097900 0.047800 0.049200 0.048800 0.049100 0.023400 0.000000 0.075700 0.000200 0.000100 0.023900 0.048800 0.023900 0.134500 0.075000 0.070600 0.023600 0.024100
Topi 0.024800 0.280700 0.077800 0.145200 0.000000 0.024800 0.000100 0.025000 0.076000 0.048800 0.000100 0.048800 0.000000 0.000100 0.025300 0.000200 0.024000 0.024200 0.000100 0.076000 0.025200 0.000100 0.048800 0.048900 0.000100 0.025200 0.000000 0.104800 0.000000 0.076000 0.048800 0.000000 0.103500 0.000000 0.048800 0.103500 0.000100 0.000000 0.000300 0.075700 0.048800 0.025200 0.048700 0.048900 0.077500 0.000000 0.024700 0.080600 0.024900 0.073300 0.076300 0.077800
CommonDuik 0.025100 0.247500 0.078500 0.144700 0.000100 0.025100 0.000200 0.025200 0.076800 0.049200 0.000200 0.049300 0.000100 0.000000 0.025600 0.000200 0.024200 0.024400 0.000200 0.076800 0.025400 0.000200 0.049300 0.049300 0.000200 0.025300 0.000100 0.105900 0.000100 0.076800 0.049200 0.000100 0.104500 0.000100 0.049300 0.104500 0.000200 0.000100 0.000400 0.076300 0.049300 0.025300 0.049100 0.049300 0.078200 0.000100 0.024900 0.053200 0.025200 0.073900 0.077000 0.078500
Suni 0.051800 0.321200 0.078400 0.185500 0.025300 0.051800 0.025100 0.052200 0.076600 0.076000 0.025300 0.076000 0.025300 0.025600 0.000000 0.025200 0.049900 0.050300 0.025200 0.076600 0.052500 0.025300 0.076000 0.076200 0.025300 0.052400 0.025300 0.105600 0.025300 0.076600 0.076000 0.025300 0.147400 0.025300 0.076200 0.104200 0.025600 0.025300 0.025500 0.105000 0.076000 0.052400 0.075900 0.076200 0.078100 0.025300 0.051300 0.112200 0.051900 0.101400 0.076900 0.078400
Springbuck 0.024800 0.276600 0.077400 0.140300 0.000200 0.024800 0.000200 0.024800 0.075700 0.048600 0.000200 0.048600 0.000200 0.000200 0.025200 0.000000 0.023900 0.024100 0.000200 0.075700 0.025000 0.000200 0.048600 0.048700 0.000200 0.024900 0.000200 0.104400 0.000200 0.075700 0.048600 0.000200 0.102800 0.000200 0.048600 0.102900 0.000200 0.000200 0.000500 0.075300 0.048600 0.024900 0.048600 0.048700 0.077100 0.000200 0.024600 0.080000 0.024900 0.072700 0.076000 0.077400
Okapi 0.048900 0.254300 0.074500 0.157700 0.024000 0.048900 0.024000 0.049100 0.072600 0.046800 0.023900 0.046800 0.024000 0.024200 0.049900 0.023900 0.000000 0.000100 0.023900 0.072600 0.049400 0.023900 0.046800 0.046800 0.023900 0.049700 0.024000 0.100000 0.024000 0.072600 0.046800 0.024000 0.099200 0.024000 0.072000 0.099100 0.024100 0.024000 0.024300 0.072400 0.046800 0.049700 0.046700 0.046800 0.074200 0.024000 0.048400 0.105500 0.049100 0.070300 0.072900 0.074500
Giraffe 0.049300 0.255100 0.075100 0.157900 0.024200 0.049300 0.024200 0.049500 0.073200 0.047200 0.024100 0.047200 0.024200 0.024400 0.050300 0.024100 0.000100 0.000000 0.024100 0.073200 0.049700 0.024100 0.047200 0.047200 0.024100 0.050000 0.024200 0.100800 0.024200 0.073200 0.047200 0.024200 0.100100 0.024200 0.072500 0.099800 0.024300 0.024200 0.024400 0.073000 0.047200 0.050000 0.047000 0.047200 0.074700 0.024200 0.048800 0.106300 0.049500 0.070800 0.073400 0.075100
TibetanAnt 0.024800 0.278500 0.077500 0.142300 0.000100 0.024800 0.000200 0.024900 0.075800 0.048600 0.000200 0.048600 0.000100 0.000200 0.025200 0.000200 0.023900 0.024100 0.000000 0.075800 0.025100 0.000200 0.048600 0.048700 0.000200 0.025000 0.000100 0.104500 0.000100 0.075800 0.048600 0.000100 0.103100 0.000100 0.048700 0.103100 0.000200 0.000100 0.000400 0.075300 0.048600 0.025000 0.048500 0.048700 0.077200 0.000100 0.024600 0.080200 0.024900 0.073000 0.076000 0.077500
Sitatunga 0.103900 0.380200 0.000200 0.277600 0.076000 0.103900 0.076200 0.104300 0.000000 0.023500 0.076000 0.023500 0.076000 0.076800 0.076600 0.075700 0.072600 0.073200 0.075800 0.000000 0.104800 0.076000 0.023500 0.023600 0.076000 0.105000 0.076000 0.023200 0.076000 0.000000 0.023500 0.076000 0.129100 0.076000 0.127000 0.023000 0.076600 0.076000 0.076500 0.048500 0.023500 0.105000 0.023500 0.023600 0.000100 0.076000 0.049600 0.169000 0.104100 0.097400 0.000100 0.000200
Oribi 0.051400 0.320800 0.107300 0.109300 0.025200 0.051400 0.024900 0.000100 0.104800 0.075400 0.025100 0.075500 0.025200 0.025400 0.052500 0.025000 0.049400 0.049700 0.025100 0.104800 0.000000 0.025100 0.075500 0.075600 0.025100 0.000200 0.025200 0.135600 0.025200 0.104800 0.075400 0.025200 0.133800 0.025200 0.075700 0.134000 0.025300 0.025200 0.025100 0.104300 0.075500 0.000200 0.075200 0.075600 0.106900 0.025200 0.050900 0.053600 0.051600 0.100800 0.105100 0.107300
BarbaryShe 0.024900 0.280600 0.077700 0.142800 0.000100 0.024900 0.000200 0.025000 0.076000 0.048800 0.000000 0.048800 0.000100 0.000200 0.025300 0.000200 0.023900 0.024100 0.000200 0.076000 0.025100 0.000000 0.048800 0.048800 0.000000 0.025200 0.000100 0.104700 0.000100 0.076000 0.048800 0.000100 0.103500 0.000100 0.048900 0.103500 0.000200 0.000100 0.000400 0.075600 0.048800 0.025200 0.048600 0.048800 0.077500 0.000100 0.024600 0.080500 0.025000 0.073300 0.076200 0.077700
Daviddeer 0.074900 0.332900 0.024100 0.232300 0.048800 0.074900 0.048900 0.075100 0.023500 0.000100 0.048800 0.000000 0.048800 0.049300 0.076000 0.048600 0.046800 0.047200 0.048600 0.023500 0.075500 0.048800 0.000000 0.000100 0.048800 0.075700 0.048800 0.048500 0.048800 0.023500 0.000100 0.048800 0.099600 0.048800 0.097900 0.047800 0.049200 0.048800 0.049100 0.023000 0.000000 0.075700 0.000200 0.000100 0.023900 0.048800 0.023900 0.134500 0.075000 0.070600 0.023600 0.024100
Reindeer 0.075000 0.333100 0.024100 0.231000 0.048900 0.075000 0.049000 0.075200 0.023600 0.000200 0.048800 0.000100 0.048900 0.049300 0.076200 0.048700 0.046800 0.047200 0.048700 0.023600 0.075600 0.048800 0.000100 0.000000 0.048800 0.075700 0.048900 0.048600 0.048900 0.023600 0.000200 0.048900 0.099700 0.048900 0.098000 0.048100 0.049300 0.048900 0.049100 0.023500 0.000100 0.075700 0.000200 0.000000 0.024000 0.048900 0.024000 0.134800 0.075200 0.070700 0.023600 0.024100
Ibex 0.024900 0.280600 0.077700 0.142800 0.000100 0.024900 0.000200 0.025000 0.076000 0.048800 0.000000 0.048800 0.000100 0.000200 0.025300 0.000200 0.023900 0.024100 0.000200 0.076000 0.025100 0.000000 0.048800 0.048800 0.000000 0.025200 0.000100 0.104700 0.000100 0.076000 0.048800 0.000100 0.103500 0.000100 0.048900 0.103500 0.000200 0.000100 0.000400 0.075600 0.048800 0.025200 0.048600 0.048800 0.077500 0.000100 0.024600 0.080500 0.025000 0.073300 0.076200 0.077700
GyrantGaze 0.051500 0.321100 0.107400 0.107800 0.025200 0.051500 0.024900 0.000300 0.105000 0.075600 0.025200 0.075700 0.025200 0.025300 0.052400 0.024900 0.049700 0.050000 0.025000 0.105000 0.000200 0.025200 0.075700 0.075700 0.025200 0.000000 0.025200 0.135900 0.025200 0.105000 0.075600 0.025200 0.133900 0.025200 0.075800 0.134100 0.025300 0.025200 0.025200 0.104500 0.075700 0.000000 0.075400 0.075700 0.107100 0.025200 0.050900 0.053600 0.051700 0.100900 0.105300 0.107400
Hartebeest 0.024800 0.280700 0.077800 0.145200 0.000000 0.024800 0.000100 0.025000 0.076000 0.048800 0.000100 0.048800 0.000000 0.000100 0.025300 0.000200 0.024000 0.024200 0.000100 0.076000 0.025200 0.000100 0.048800 0.048900 0.000100 0.025200 0.000000 0.104800 0.000000 0.076000 0.048800 0.000000 0.103500 0.000000 0.048800 0.103500 0.000100 0.000000 0.000300 0.075700 0.048800 0.025200 0.048700 0.048900 0.077500 0.000000 0.024700 0.080600 0.024900 0.073300 0.076300 0.077800
Bongo 0.134200 0.340600 0.023900 0.240300 0.104800 0.134200 0.105000 0.135000 0.022800 0.048500 0.104700 0.048500 0.104800 0.105900 0.105600 0.104400 0.100000 0.100800 0.104500 0.023200 0.135600 0.104700 0.048500 0.048600 0.104700 0.135900 0.104800 0.000000 0.104800 0.023200 0.048500 0.104800 0.160600 0.104800 0.157500 0.047400 0.105700 0.104800 0.105500 0.075100 0.048500 0.135900 0.048400 0.048600 0.023700 0.104800 0.076700 0.205200 0.134700 0.125700 0.023300 0.023900
Gerenuk 0.024800 0.280700 0.077800 0.145200 0.000000 0.024800 0.000100 0.025000 0.076000 0.048800 0.000100 0.048800 0.000000 0.000100 0.025300 0.000200 0.024000 0.024200 0.000100 0.076000 0.025200 0.000100 0.048800 0.048900 0.000100 0.025200 0.000000 0.104800 0.000000 0.076000 0.048800 0.000000 0.103500 0.000000 0.048800 0.103500 0.000100 0.000000 0.000300 0.075700 0.048800 0.025200 0.048700 0.048900 0.077500 0.000000 0.024700 0.080600 0.024900 0.073300 0.076300 0.077800
CommonElan 0.103900 0.380200 0.000200 0.277600 0.076000 0.103900 0.076200 0.104300 0.000000 0.023500 0.076000 0.023500 0.076000 0.076800 0.076600 0.075700 0.072600 0.073200 0.075800 0.000000 0.104800 0.076000 0.023500 0.023600 0.076000 0.105000 0.076000 0.023200 0.076000 0.000000 0.023500 0.076000 0.129100 0.076000 0.127000 0.023000 0.076600 0.076000 0.076500 0.048500 0.023500 0.105000 0.023500 0.023600 0.000100 0.076000 0.049600 0.169000 0.104100 0.097400 0.000100 0.000200
MuntiacusR 0.074900 0.334400 0.024100 0.230300 0.048800 0.074900 0.048900 0.075100 0.023500 0.000000 0.048800 0.000100 0.048800 0.049200 0.076000 0.048600 0.046800 0.047200 0.048600 0.023500 0.075400 0.048800 0.000100 0.000200 0.048800 0.075600 0.048800 0.048500 0.048800 0.023500 0.000000 0.048800 0.099600 0.048800 0.097800 0.048000 0.049200 0.048800 0.049000 0.023400 0.000100 0.075600 0.000100 0.000200 0.024000 0.048800 0.024000 0.134400 0.075000 0.070500 0.023600 0.024100
HarveysDui 0.024800 0.280700 0.077800 0.145200 0.000000 0.024800 0.000100 0.025000 0.076000 0.048800 0.000100 0.048800 0.000000 0.000100 0.025300 0.000200 0.024000 0.024200 0.000100 0.076000 0.025200 0.000100 0.048800 0.048900 0.000100 0.025200 0.000000 0.104800 0.000000 0.076000 0.048800 0.000000 0.103500 0.000000 0.048800 0.103500 0.000100 0.000000 0.000300 0.075700 0.048800 0.025200 0.048700 0.048900 0.077500 0.000000 0.024700 0.080600 0.024900 0.073300 0.076300 0.077800
Pronghorn 0.132700 0.409500 0.132300 0.315600 0.103500 0.132700 0.103700 0.133100 0.129100 0.099600 0.103500 0.099600 0.103500 0.104500 0.147400 0.102800 0.099200 0.100100 0.103100 0.129100 0.133800 0.103500 0.099600 0.099700 0.103500 0.133900 0.103500 0.160600 0.103500 0.129100 0.099600 0.103500 0.000000 0.103500 0.155100 0.158100 0.085300 0.103500 0.104000 0.128300 0.099600 0.133900 0.099500 0.099700 0.131800 0.103500 0.132300 0.135100 0.132800 0.124300 0.129600 0.132300
BlueWildeb 0.024800 0.280700 0.077800 0.145200 0.000000 0.024800 0.000100 0.025000 0.076000 0.048800 0.000100 0.048800 0.000000 0.000100 0.025300 0.000200 0.024000 0.024200 0.000100 0.076000 0.025200 0.000100 0.048800 0.048900 0.000100 0.025200 0.000000 0.104800 0.000000 0.076000 0.048800 0.000000 0.103500 0.000000 0.048800 0.103500 0.000100 0.000000 0.000300 0.075700 0.048800 0.025200 0.048700 0.048900 0.077500 0.000000 0.024700 0.080600 0.023700 0.073300 0.076300 0.077800
Gemsbok 0.074700 0.346000 0.129800 0.211600 0.048800 0.074700 0.048500 0.075400 0.127000 0.097800 0.048900 0.097900 0.048800 0.049300 0.076200 0.048600 0.072000 0.072500 0.048700 0.127000 0.075700 0.048900 0.097900 0.098000 0.048900 0.075800 0.048800 0.157500 0.048800 0.127000 0.097800 0.048800 0.155100 0.048800 0.000000 0.156100 0.049300 0.048800 0.049000 0.126400 0.097900 0.075800 0.097600 0.098000 0.129400 0.048800 0.074300 0.134800 0.075000 0.122800 0.127400 0.129800
Yak 0.132700 0.340300 0.023600 0.319900 0.103500 0.132700 0.103600 0.133200 0.023000 0.048000 0.103500 0.047800 0.103500 0.104500 0.104200 0.102900 0.099100 0.099800 0.103100 0.023000 0.134000 0.103500 0.047800 0.048100 0.103500 0.134100 0.103500 0.047400 0.103500 0.023000 0.048000 0.103500 0.158100 0.103500 0.156100 0.000000 0.104400 0.103500 0.103800 0.074000 0.047800 0.134100 0.047900 0.048100 0.022800 0.103500 0.075800 0.201600 0.133000 0.072100 0.023000 0.023600
BlueSheep 0.025100 0.282200 0.078500 0.146900 0.000100 0.025100 0.000200 0.025200 0.076600 0.049200 0.000200 0.049200 0.000100 0.000200 0.025600 0.000200 0.024100 0.024300 0.000200 0.076600 0.025300 0.000200 0.049200 0.049300 0.000200 0.025300 0.000100 0.105700 0.000100 0.076600 0.049200 0.000100 0.085300 0.000100 0.049300 0.104400 0.000000 0.000100 0.000400 0.076200 0.049200 0.025300 0.049100 0.049300 0.078100 0.000100 0.024900 0.067400 0.025200 0.073800 0.076900 0.078500
BohorReedb 0.024800 0.280700 0.077800 0.145200 0.000000 0.024800 0.000100 0.025000 0.076000 0.048800 0.000100 0.048800 0.000000 0.000100 0.025300 0.000200 0.024000 0.024200 0.000100 0.076000 0.025200 0.000100 0.048800 0.048900 0.000100 0.025200 0.000000 0.104800 0.000000 0.076000 0.048800 0.000000 0.103500 0.000000 0.048800 0.103500 0.000100 0.000000 0.000300 0.075700 0.048800 0.025200 0.048700 0.048900 0.077500 0.000000 0.024700 0.080600 0.024900 0.073300 0.076300 0.077800
KirksDik 0.025000 0.278600 0.078100 0.138500 0.000300 0.025000 0.000400 0.024800 0.076500 0.049000 0.000400 0.049100 0.000300 0.000400 0.025500 0.000500 0.024300 0.024400 0.000400 0.076500 0.025100 0.000400 0.049100 0.049100 0.000400 0.025200 0.000300 0.105500 0.000300 0.076500 0.049000 0.000300 0.104000 0.000300 0.049000 0.103800 0.000400 0.000300 0.000000 0.075900 0.049100 0.025200 0.049000 0.049100 0.077900 0.000300 0.024700 0.080600 0.025100 0.073400 0.076800 0.078100
RoeDeer 0.103300 0.376700 0.049700 0.236800 0.075700 0.103300 0.075700 0.103800 0.048500 0.023400 0.075600 0.023400 0.075700 0.076300 0.105000 0.075300 0.072400 0.073000 0.075300 0.048500 0.104300 0.075600 0.023000 0.023500 0.075600 0.104500 0.075700 0.075100 0.075700 0.048500 0.023400 0.075700 0.128300 0.075700 0.126400 0.074000 0.076200 0.075700 0.075900 0.000000 0.023000 0.104500 0.023300 0.023500 0.049300 0.075700 0.049200 0.167800 0.103500 0.096900 0.048700 0.049700
WhiteLippe 0.074900 0.332900 0.024100 0.232300 0.048800 0.074900 0.048900 0.075100 0.023500 0.000100 0.048800 0.000000 0.048800 0.049300 0.076000 0.048600 0.046800 0.047200 0.048600 0.023500 0.075500 0.048800 0.000000 0.000100 0.048800 0.075700 0.048800 0.048500 0.048800 0.023500 0.000100 0.048800 0.099600 0.048800 0.097900 0.047800 0.049200 0.048800 0.049100 0.023000 0.000000 0.075700 0.000200 0.000100 0.023900 0.048800 0.023900 0.134500 0.075000 0.070600 0.023600 0.024100
ThomsonGaz 0.051500 0.321100 0.107400 0.107800 0.025200 0.051500 0.024900 0.000300 0.105000 0.075600 0.025200 0.075700 0.025200 0.025300 0.052400 0.024900 0.049700 0.050000 0.025000 0.105000 0.000200 0.025200 0.075700 0.075700 0.025200 0.000000 0.025200 0.135900 0.025200 0.105000 0.075600 0.025200 0.133900 0.025200 0.075800 0.134100 0.025300 0.025200 0.025200 0.104500 0.075700 0.000000 0.075400 0.075700 0.107100 0.025200 0.050900 0.053600 0.051700 0.100900 0.105300 0.107400
MuntiacusC 0.074700 0.334000 0.024100 0.228900 0.048700 0.074700 0.048800 0.074900 0.023500 0.000100 0.048600 0.000200 0.048700 0.049100 0.075900 0.048600 0.046700 0.047000 0.048500 0.023500 0.075200 0.048600 0.000200 0.000200 0.048600 0.075400 0.048700 0.048400 0.048700 0.023500 0.000100 0.048700 0.099500 0.048700 0.097600 0.047900 0.049100 0.048700 0.049000 0.023300 0.000200 0.075400 0.000000 0.000200 0.024000 0.048700 0.023900 0.134300 0.074900 0.070400 0.023600 0.024100
WhiteTaile 0.075000 0.333100 0.024100 0.231000 0.048900 0.075000 0.049000 0.075200 0.023600 0.000200 0.048800 0.000100 0.048900 0.049300 0.076200 0.048700 0.046800 0.047200 0.048700 0.023600 0.075600 0.048800 0.000100 0.000000 0.048800 0.075700 0.048900 0.048600 0.048900 0.023600 0.000200 0.048900 0.099700 0.048900 0.098000 0.048100 0.049300 0.048900 0.049100 0.023500 0.000100 0.075700 0.000200 0.000000 0.024000 0.048900 0.024000 0.134800 0.075200 0.070700 0.023600 0.024100
Cattle 0.105900 0.388100 0.000100 0.285300 0.077500 0.105900 0.077600 0.106400 0.000100 0.024000 0.077500 0.023900 0.077500 0.078200 0.078100 0.077100 0.074200 0.074700 0.077200 0.000100 0.106900 0.077500 0.023900 0.024000 0.077500 0.107100 0.077500 0.023700 0.077500 0.000100 0.024000 0.077500 0.131800 0.077500 0.129400 0.022800 0.078100 0.077500 0.077900 0.049300 0.023900 0.107100 0.024000 0.024000 0.000000 0.077500 0.050500 0.172200 0.106100 0.099300 0.000200 0.000100
RoyalAntel 0.024800 0.280700 0.077800 0.145200 0.000000 0.024800 0.000100 0.025000 0.076000 0.048800 0.000100 0.048800 0.000000 0.000100 0.025300 0.000200 0.024000 0.024200 0.000100 0.076000 0.025200 0.000100 0.048800 0.048900 0.000100 0.025200 0.000000 0.104800 0.000000 0.076000 0.048800 0.000000 0.103500 0.000000 0.048800 0.103500 0.000100 0.000000 0.000300 0.075700 0.048800 0.025200 0.048700 0.048900 0.077500 0.000000 0.024700 0.080600 0.024900 0.073300 0.076300 0.077800
Steenbok 0.050500 0.317200 0.050700 0.176700 0.024700 0.050500 0.024500 0.050700 0.049600 0.024000 0.024600 0.023900 0.024700 0.024900 0.051300 0.024600 0.048400 0.048800 0.024600 0.049600 0.050900 0.024600 0.023900 0.024000 0.024600 0.050900 0.024700 0.076700 0.024700 0.049600 0.024000 0.024700 0.132300 0.024700 0.074300 0.075800 0.024900 0.024700 0.024700 0.049200 0.023900 0.050900 0.023900 0.024000 0.050500 0.024700 0.000000 0.108900 0.050600 0.099200 0.049700 0.050700
Impala 0.110300 0.339500 0.172700 0.230400 0.080600 0.110300 0.079800 0.053300 0.169000 0.134400 0.080500 0.134500 0.080600 0.053200 0.112200 0.080000 0.105500 0.106300 0.080200 0.169000 0.053600 0.080500 0.134500 0.134800 0.080500 0.053600 0.080600 0.205200 0.080600 0.169000 0.134400 0.080600 0.135100 0.080600 0.134800 0.201600 0.067400 0.080600 0.080600 0.167800 0.134500 0.053600 0.134300 0.134800 0.172200 0.080600 0.108900 0.000000 0.110600 0.161700 0.169600 0.172700
Klipspring 0.050900 0.283600 0.106500 0.184700 0.024900 0.050900 0.024800 0.051400 0.104100 0.075000 0.025000 0.075000 0.024900 0.025200 0.051900 0.024900 0.049100 0.049500 0.024900 0.104100 0.051600 0.025000 0.075000 0.075200 0.025000 0.051700 0.024900 0.134700 0.024900 0.104100 0.075000 0.024900 0.132800 0.023700 0.075000 0.133000 0.025200 0.024900 0.025100 0.103500 0.075000 0.051700 0.074900 0.075200 0.106100 0.024900 0.050600 0.110600 0.000000 0.100300 0.104400 0.106500
ForestMusk 0.100000 0.287700 0.099600 0.262000 0.073300 0.100000 0.073400 0.100200 0.097400 0.070500 0.073300 0.070600 0.073300 0.073900 0.101400 0.072700 0.070300 0.070800 0.073000 0.097400 0.100800 0.073300 0.070600 0.070700 0.073300 0.100900 0.073300 0.125700 0.073300 0.097400 0.070500 0.073300 0.124300 0.073300 0.122800 0.072100 0.073800 0.073300 0.073400 0.096900 0.070600 0.100900 0.070400 0.070700 0.099300 0.073300 0.099200 0.161700 0.100300 0.000000 0.097700 0.099600
Bushbuck 0.104200 0.381500 0.000200 0.276900 0.076300 0.104200 0.076400 0.104600 0.000100 0.023600 0.076200 0.023600 0.076300 0.077000 0.076900 0.076000 0.072900 0.073400 0.076000 0.000100 0.105100 0.076200 0.023600 0.023600 0.076200 0.105300 0.076300 0.023300 0.076300 0.000100 0.023600 0.076300 0.129600 0.076300 0.127400 0.023000 0.076900 0.076300 0.076800 0.048700 0.023600 0.105300 0.023600 0.023600 0.000200 0.076300 0.049700 0.169600 0.104400 0.097700 0.000000 0.000200
GreaterKud 0.106300 0.386600 0.000000 0.284800 0.077800 0.106300 0.077800 0.106800 0.000200 0.024100 0.077700 0.024100 0.077800 0.078500 0.078400 0.077400 0.074500 0.075100 0.077500 0.000200 0.107300 0.077700 0.024100 0.024100 0.077700 0.107400 0.077800 0.023900 0.077800 0.000200 0.024100 0.077800 0.132300 0.077800 0.129800 0.023600 0.078500 0.077800 0.078100 0.049700 0.024100 0.107400 0.024100 0.024100 0.000100 0.077800 0.050700 0.172700 0.106500 0.099600 0.000200 0.000000
