1
52 1
Argali 0.000000 0.261600 0.038000 0.161800 0.052800 0.000000 0.033600 0.041300 0.046000 0.089200 0.003600 0.042000 0.037600 0.029800 0.056200 0.037600 0.057800 0.061100 0.014800 0.049700 0.045000 0.003600 0.086300 0.080700 0.003600 0.033400 0.029900 0.037900 0.045600 0.038000 0.080900 0.029600 0.077400 0.029900 0.022000 0.049200 0.003600 0.045400 0.063400 0.104300 0.073800 0.033400 0.097600 0.084700 0.049400 0.060700 0.037100 0.045200 0.037500 0.066000 0.041900 0.037900
LesserMous 0.261600 0.000000 0.269200 0.328000 0.281600 0.261500 0.265900 0.267500 0.278300 0.284800 0.262100 0.267600 0.294600 0.260500 0.278100 0.255600 0.244400 0.233200 0.254700 0.281800 0.286200 0.268100 0.282000 0.278300 0.260500 0.264800 0.278300 0.267200 0.255900 0.270700 0.273700 0.238200 0.257200 0.289400 0.269700 0.274800 0.268700 0.272800 0.283000 0.290000 0.264700 0.265100 0.290400 0.285900 0.265800 0.308200 0.269400 0.285700 0.287200 0.275200 0.273200 0.267200
LesserKudu 0.038000 0.269200 0.000000 0.166600 0.068400 0.038000 0.049900 0.045700 0.007400 0.081600 0.041900 0.026500 0.070400 0.038000 0.065000 0.042000 0.050200 0.053600 0.044800 0.011100 0.049500 0.033900 0.074400 0.081900 0.041800 0.041600 0.062200 0.000000 0.050200 0.000100 0.073400 0.045600 0.078100 0.062200 0.053300 0.026100 0.041900 0.060600 0.074000 0.097200 0.062000 0.041700 0.090000 0.086000 0.026200 0.069600 0.045400 0.053900 0.054000 0.062500 0.003700 0.000000
KillerWhal 0.161800 0.328000 0.166600 0.000000 0.204200 0.161700 0.159300 0.178500 0.177500 0.188000 0.166500 0.164800 0.191600 0.169300 0.191200 0.169700 0.161300 0.163300 0.158500 0.181200 0.194600 0.166400 0.190600 0.180800 0.166100 0.188500 0.170800 0.166400 0.160100 0.166200 0.188000 0.172100 0.169900 0.175800 0.172200 0.173800 0.166900 0.193500 0.214500 0.190500 0.184200 0.188700 0.198300 0.177500 0.164900 0.193700 0.193000 0.179500 0.183200 0.180500 0.171700 0.166300
DefassaWat 0.052800 0.281600 0.068400 0.204200 0.000000 0.052800 0.064800 0.071600 0.077000 0.113000 0.056700 0.072700 0.069100 0.060800 0.088000 0.067900 0.084900 0.092300 0.053200 0.080700 0.075100 0.056700 0.110100 0.108200 0.056700 0.064400 0.061000 0.068300 0.076300 0.068200 0.104300 0.060400 0.109500 0.061000 0.068100 0.079900 0.056800 0.014600 0.087200 0.128300 0.092900 0.064400 0.121700 0.112400 0.080200 0.093000 0.068200 0.076900 0.069000 0.098000 0.072600 0.068300
Sheep 0.000000 0.261500 0.038000 0.161700 0.052800 0.000000 0.033600 0.041300 0.046000 0.089200 0.003600 0.042000 0.037600 0.029800 0.056200 0.037600 0.057700 0.061100 0.014800 0.049700 0.045000 0.003600 0.086300 0.080700 0.003600 0.033400 0.029900 0.037900 0.045600 0.037900 0.080900 0.029600 0.077400 0.029900 0.022000 0.049200 0.003600 0.045300 0.063300 0.104300 0.073800 0.033400 0.097600 0.084600 0.049400 0.060700 0.037100 0.045200 0.037500 0.066000 0.041900 0.037900
MaxwellsDu 0.033600 0.265900 0.049900 0.159300 0.064800 0.033600 0.000000 0.045200 0.058100 0.101900 0.037400 0.054000 0.057300 0.018400 0.060200 0.049400 0.071100 0.074500 0.041600 0.061800 0.056800 0.037400 0.099100 0.094500 0.037400 0.045000 0.049300 0.049800 0.049500 0.049800 0.093400 0.033300 0.081600 0.049300 0.048700 0.061100 0.037500 0.057200 0.075400 0.110100 0.086300 0.045000 0.110400 0.098600 0.061400 0.072800 0.048800 0.049200 0.049300 0.062000 0.053900 0.049800
GazellaPrz 0.041300 0.267500 0.045700 0.178500 0.071600 0.041300 0.045200 0.000000 0.053800 0.097300 0.045100 0.049800 0.065200 0.041300 0.061500 0.033700 0.065600 0.068900 0.048100 0.057500 0.041100 0.045100 0.094400 0.097100 0.045100 0.037200 0.057200 0.045600 0.033800 0.045600 0.088900 0.041000 0.077100 0.057200 0.048600 0.049000 0.045200 0.063900 0.067500 0.103900 0.081800 0.037200 0.097200 0.101200 0.049200 0.072700 0.041000 0.049100 0.057100 0.057700 0.049700 0.045600
MountainNy 0.046000 0.278300 0.007400 0.177500 0.077000 0.046000 0.058100 0.053800 0.000000 0.090300 0.050000 0.034400 0.079000 0.046100 0.073300 0.050100 0.058500 0.061900 0.053100 0.011200 0.057600 0.041800 0.083100 0.090100 0.049900 0.049600 0.070600 0.007400 0.058400 0.007400 0.081900 0.053700 0.086700 0.070600 0.061400 0.033900 0.050000 0.069100 0.082700 0.105500 0.070500 0.049700 0.098700 0.094200 0.034000 0.078100 0.053500 0.062200 0.062300 0.071000 0.011200 0.007400
MuntiacusM 0.089200 0.284800 0.081600 0.188000 0.113000 0.089200 0.101900 0.097300 0.090300 0.000000 0.093300 0.094500 0.124000 0.097700 0.112900 0.089300 0.073200 0.072500 0.097200 0.093900 0.101100 0.093300 0.056100 0.044000 0.093300 0.092800 0.115200 0.081500 0.093700 0.081500 0.007100 0.097000 0.097500 0.110800 0.105000 0.093000 0.089300 0.113800 0.112200 0.058500 0.025700 0.092900 0.007100 0.047800 0.085100 0.113800 0.096700 0.097400 0.096300 0.098200 0.085800 0.081500
goat 0.003600 0.262100 0.041900 0.166500 0.056700 0.003600 0.037400 0.045100 0.050000 0.093300 0.000000 0.045900 0.041500 0.033600 0.060100 0.041500 0.061800 0.065100 0.018600 0.053700 0.048800 0.007300 0.090400 0.085200 0.007300 0.037200 0.033700 0.041800 0.049500 0.041800 0.085000 0.033400 0.081000 0.033700 0.025700 0.053100 0.007300 0.049200 0.067300 0.108800 0.077800 0.037200 0.101800 0.089100 0.053300 0.064600 0.041000 0.049100 0.041400 0.070100 0.045800 0.041800
AfricanBuf 0.042000 0.267600 0.026500 0.164800 0.072700 0.042000 0.054000 0.049800 0.034400 0.094500 0.045900 0.000000 0.074700 0.050000 0.077100 0.046100 0.054300 0.057700 0.049000 0.038100 0.053500 0.037800 0.091600 0.085900 0.045900 0.045700 0.066400 0.026500 0.054300 0.026500 0.086000 0.051400 0.074100 0.066300 0.049400 0.014800 0.046000 0.056600 0.068300 0.109900 0.078800 0.045700 0.094500 0.089900 0.014800 0.065700 0.049500 0.066200 0.058100 0.071000 0.030400 0.026500
Topi 0.037600 0.294600 0.070400 0.191600 0.069100 0.037600 0.057300 0.065200 0.079000 0.124000 0.041500 0.074700 0.000000 0.053300 0.080500 0.069700 0.091300 0.094400 0.045700 0.082700 0.077200 0.041400 0.121400 0.115100 0.041400 0.064900 0.014800 0.070300 0.069900 0.070300 0.115200 0.053000 0.103000 0.014800 0.052700 0.081800 0.041500 0.061500 0.096400 0.131000 0.108100 0.065000 0.132900 0.119400 0.082200 0.085400 0.068800 0.069400 0.061400 0.091500 0.074600 0.070300
CommonDuik 0.029800 0.260500 0.038000 0.169300 0.060800 0.029800 0.018400 0.041300 0.046100 0.097700 0.033600 0.050000 0.053300 0.000000 0.056300 0.037700 0.067000 0.070400 0.037700 0.049800 0.052900 0.033600 0.094800 0.090400 0.033600 0.033500 0.045400 0.038000 0.037800 0.038000 0.089300 0.022000 0.077400 0.045400 0.044800 0.057200 0.033700 0.053300 0.067400 0.105800 0.082100 0.033500 0.106200 0.094400 0.057400 0.068800 0.044900 0.045300 0.045400 0.058000 0.042000 0.038000
Suni 0.056200 0.278100 0.065000 0.191200 0.088000 0.056200 0.060200 0.061500 0.073300 0.112900 0.060100 0.077100 0.080500 0.056300 0.000000 0.065900 0.068900 0.080300 0.064600 0.076900 0.073000 0.060100 0.110200 0.112800 0.052200 0.061100 0.072300 0.064900 0.061900 0.064900 0.104400 0.055900 0.105200 0.064300 0.071400 0.076200 0.060200 0.080400 0.091300 0.119600 0.097400 0.060800 0.121500 0.117000 0.076500 0.096200 0.057000 0.048400 0.072300 0.077200 0.069000 0.064900
Springbuck 0.037600 0.255600 0.042000 0.169700 0.067900 0.037600 0.049400 0.033700 0.050100 0.089300 0.041500 0.046100 0.069700 0.037700 0.065900 0.000000 0.061900 0.065300 0.036300 0.053800 0.037400 0.041500 0.086400 0.087600 0.041400 0.018400 0.053500 0.042000 0.007400 0.042000 0.081000 0.037400 0.081800 0.061500 0.045000 0.045400 0.041500 0.060200 0.052000 0.104500 0.073900 0.018400 0.089300 0.093200 0.045600 0.061000 0.037300 0.045500 0.052100 0.052400 0.046000 0.042000
Okapi 0.057800 0.244400 0.050200 0.161300 0.084900 0.057700 0.071100 0.065600 0.058500 0.073200 0.061800 0.054300 0.091300 0.067000 0.068900 0.061900 0.000000 0.022300 0.064900 0.062200 0.069400 0.061700 0.074300 0.068900 0.053600 0.061400 0.082800 0.050100 0.066200 0.050100 0.065000 0.067900 0.069800 0.074400 0.069200 0.061500 0.053800 0.068600 0.084300 0.083800 0.062000 0.061400 0.081400 0.072800 0.057700 0.098900 0.057200 0.065900 0.074300 0.070200 0.054200 0.050100
Giraffe 0.061100 0.233200 0.053600 0.163300 0.092300 0.061100 0.074500 0.068900 0.061900 0.072500 0.065100 0.057700 0.094400 0.070400 0.080300 0.065300 0.022300 0.000000 0.068400 0.065500 0.072600 0.065000 0.077800 0.072400 0.057000 0.064700 0.086000 0.053500 0.073700 0.053500 0.072500 0.070000 0.069100 0.086000 0.072400 0.064800 0.065200 0.076100 0.090100 0.087300 0.065500 0.064700 0.080700 0.076300 0.057100 0.102000 0.060500 0.077400 0.077600 0.073600 0.057600 0.053500
TibetanAnt 0.014800 0.254700 0.044800 0.158500 0.053200 0.014800 0.041600 0.048100 0.053100 0.097200 0.018600 0.049000 0.045700 0.037700 0.064600 0.036300 0.064900 0.068400 0.000000 0.057000 0.051600 0.018600 0.085700 0.087100 0.018600 0.041300 0.030100 0.044700 0.044400 0.044700 0.088600 0.037500 0.085200 0.037900 0.029700 0.056300 0.018600 0.045700 0.071900 0.112800 0.072900 0.041400 0.105700 0.092700 0.056600 0.061100 0.045100 0.053500 0.044400 0.072300 0.048900 0.044800
Sitatunga 0.049700 0.281800 0.011100 0.181200 0.080700 0.049700 0.061800 0.057500 0.011200 0.093900 0.053700 0.038100 0.082700 0.049800 0.076900 0.053800 0.062200 0.065500 0.057000 0.000000 0.061300 0.045500 0.086800 0.093800 0.053600 0.053300 0.074300 0.011100 0.062100 0.011100 0.085500 0.057400 0.090400 0.074300 0.065100 0.037500 0.053700 0.072900 0.086400 0.109300 0.074100 0.053300 0.102400 0.097900 0.037700 0.081800 0.057200 0.065900 0.066000 0.074800 0.014900 0.011000
Oribi 0.045000 0.286200 0.049500 0.194600 0.075100 0.045000 0.056800 0.041100 0.057600 0.101100 0.048800 0.053500 0.077200 0.052900 0.073000 0.037400 0.069400 0.072600 0.051600 0.061300 0.000000 0.048800 0.098200 0.092800 0.048800 0.040900 0.069000 0.049400 0.045300 0.049400 0.092700 0.052500 0.089200 0.069000 0.052300 0.052800 0.048900 0.067300 0.063700 0.116500 0.085500 0.040900 0.101100 0.096700 0.053000 0.068300 0.044700 0.052900 0.052900 0.069500 0.053500 0.049400
BarbaryShe 0.003600 0.268100 0.033900 0.166400 0.056700 0.003600 0.037400 0.045100 0.041800 0.093300 0.007300 0.037800 0.041400 0.033600 0.060100 0.041500 0.061700 0.065000 0.018600 0.045500 0.048800 0.000000 0.090400 0.085100 0.007300 0.037200 0.033700 0.033800 0.049500 0.033800 0.084900 0.033400 0.081400 0.033700 0.025700 0.045000 0.007300 0.049200 0.067300 0.108700 0.077800 0.037200 0.101700 0.089100 0.045200 0.064600 0.040900 0.049100 0.041400 0.070100 0.037800 0.033800
Daviddeer 0.086300 0.282000 0.074400 0.190600 0.110100 0.086300 0.099100 0.094400 0.083100 0.056100 0.090400 0.091600 0.121400 0.094800 0.110200 0.086400 0.074300 0.077800 0.085700 0.086800 0.098200 0.090400 0.000000 0.056300 0.090300 0.089900 0.112500 0.074300 0.090800 0.074300 0.048300 0.094200 0.094600 0.108100 0.102200 0.090100 0.090600 0.102200 0.117900 0.067600 0.025900 0.090000 0.064000 0.060200 0.082200 0.111500 0.093900 0.094600 0.095000 0.099100 0.078600 0.074300
Reindeer 0.080700 0.278300 0.081900 0.180800 0.108200 0.080700 0.094500 0.097100 0.090100 0.044000 0.085200 0.085900 0.115100 0.090400 0.112800 0.087600 0.068900 0.072400 0.087100 0.093800 0.092800 0.085100 0.056300 0.000000 0.085100 0.092600 0.105000 0.081300 0.091900 0.081300 0.036500 0.089800 0.080700 0.102000 0.096500 0.092900 0.085300 0.100400 0.120900 0.039900 0.029500 0.092700 0.051700 0.003500 0.085000 0.104000 0.096600 0.098200 0.089200 0.098000 0.085700 0.081300
Ibex 0.003600 0.260500 0.041800 0.166100 0.056700 0.003600 0.037400 0.045100 0.049900 0.093300 0.007300 0.045900 0.041400 0.033600 0.052200 0.041400 0.053600 0.057000 0.018600 0.053600 0.048800 0.007300 0.090300 0.085100 0.000000 0.037200 0.033700 0.041800 0.049400 0.041800 0.084900 0.033300 0.081300 0.033700 0.025700 0.053100 0.007300 0.049200 0.067100 0.108500 0.077800 0.037200 0.101700 0.088900 0.053300 0.064600 0.033300 0.049000 0.041300 0.070000 0.045800 0.041700
GyrantGaze 0.033400 0.264800 0.041600 0.188500 0.064400 0.033400 0.045000 0.037200 0.049600 0.092800 0.037200 0.045700 0.064900 0.033500 0.061100 0.018400 0.061400 0.064700 0.041300 0.053300 0.040900 0.037200 0.089900 0.092600 0.037200 0.000000 0.056900 0.041600 0.026000 0.041600 0.084500 0.033200 0.081000 0.056900 0.040700 0.045000 0.037300 0.056900 0.055300 0.107800 0.077400 0.000000 0.092700 0.096600 0.045100 0.064300 0.033200 0.048900 0.049000 0.061500 0.045600 0.041600
Hartebeest 0.029900 0.278300 0.062200 0.170800 0.061000 0.029900 0.049300 0.057200 0.070600 0.115200 0.033700 0.066400 0.014800 0.045400 0.072300 0.053500 0.082800 0.086000 0.030100 0.074300 0.069000 0.033700 0.112500 0.105000 0.033700 0.056900 0.000000 0.062100 0.053700 0.062100 0.106500 0.045100 0.094400 0.007400 0.044900 0.073600 0.033800 0.053500 0.088100 0.122100 0.099400 0.057000 0.124000 0.110600 0.073900 0.077100 0.060800 0.061300 0.052200 0.081700 0.066300 0.062100
Bongo 0.037900 0.267200 0.000000 0.166400 0.068300 0.037900 0.049800 0.045600 0.007400 0.081500 0.041800 0.026500 0.070300 0.038000 0.064900 0.042000 0.050100 0.053500 0.044700 0.011100 0.049400 0.033800 0.074300 0.081300 0.041800 0.041600 0.062100 0.000000 0.050100 0.000100 0.073200 0.045500 0.078000 0.062100 0.053200 0.026100 0.041900 0.060500 0.073900 0.096500 0.061900 0.041600 0.089800 0.085300 0.026200 0.069600 0.045400 0.053800 0.053900 0.062400 0.003700 0.000000
Gerenuk 0.045600 0.255900 0.050200 0.160100 0.076300 0.045600 0.049500 0.033800 0.058400 0.093700 0.049500 0.054300 0.069900 0.037800 0.061900 0.007400 0.066200 0.073700 0.044400 0.062100 0.045300 0.049500 0.090800 0.091900 0.049400 0.026000 0.053700 0.050100 0.000000 0.050100 0.085300 0.037500 0.082000 0.057700 0.052900 0.053400 0.049600 0.068500 0.060100 0.100300 0.078100 0.026100 0.093600 0.097500 0.053700 0.069200 0.045200 0.041700 0.060400 0.052500 0.054200 0.050100
CommonElan 0.038000 0.270700 0.000100 0.166200 0.068200 0.037900 0.049800 0.045600 0.007400 0.081500 0.041800 0.026500 0.070300 0.038000 0.064900 0.042000 0.050100 0.053500 0.044700 0.011100 0.049400 0.033800 0.074300 0.081300 0.041800 0.041600 0.062100 0.000100 0.050100 0.000000 0.073200 0.045500 0.078000 0.062100 0.053200 0.026100 0.041900 0.060400 0.073800 0.096400 0.061900 0.041600 0.089800 0.085300 0.026200 0.069600 0.045400 0.053800 0.053900 0.062500 0.003700 0.000000
MuntiacusR 0.080900 0.273700 0.073400 0.188000 0.104300 0.080900 0.093400 0.088900 0.081900 0.007100 0.085000 0.086000 0.115200 0.089300 0.104400 0.081000 0.065000 0.072500 0.088600 0.085500 0.092700 0.084900 0.048300 0.036500 0.084900 0.084500 0.106500 0.073200 0.085300 0.073200 0.000000 0.088700 0.089100 0.102100 0.096500 0.084600 0.080900 0.105100 0.103600 0.050700 0.018200 0.084500 0.014200 0.040200 0.076800 0.105200 0.088400 0.089000 0.087700 0.089600 0.077500 0.073200
HarveysDui 0.029600 0.238200 0.045600 0.172100 0.060400 0.029600 0.033300 0.041000 0.053700 0.097000 0.033400 0.051400 0.053000 0.022000 0.055900 0.037400 0.067900 0.070000 0.037500 0.057400 0.052500 0.033400 0.094200 0.089800 0.033300 0.033200 0.045100 0.045500 0.037500 0.045500 0.088700 0.000000 0.076900 0.045100 0.044500 0.056800 0.033400 0.052900 0.066900 0.105200 0.081600 0.033200 0.105400 0.093800 0.057000 0.068300 0.044600 0.045000 0.045100 0.065600 0.049600 0.045500
Pronghorn 0.077400 0.257200 0.078100 0.169900 0.109500 0.077400 0.081600 0.077100 0.086700 0.097500 0.081000 0.074100 0.103000 0.077400 0.105200 0.081800 0.069800 0.069100 0.085200 0.090400 0.089200 0.081400 0.094600 0.080700 0.081300 0.081000 0.094400 0.078000 0.082000 0.078000 0.089100 0.076900 0.000000 0.094400 0.076600 0.081200 0.081500 0.101700 0.108900 0.087400 0.082000 0.081000 0.097400 0.084600 0.073300 0.102100 0.084900 0.094100 0.094400 0.081900 0.082300 0.077900
BlueWildeb 0.029900 0.289400 0.062200 0.175800 0.061000 0.029900 0.049300 0.057200 0.070600 0.110800 0.033700 0.066300 0.014800 0.045400 0.064300 0.061500 0.074400 0.086000 0.037900 0.074300 0.069000 0.033700 0.108100 0.102000 0.033700 0.056900 0.007400 0.062100 0.057700 0.062100 0.102100 0.045100 0.094400 0.000000 0.044900 0.073500 0.033800 0.053400 0.088000 0.117600 0.095000 0.056900 0.119500 0.106200 0.073800 0.085400 0.060700 0.053300 0.053400 0.082900 0.066300 0.062000
Gemsbok 0.022000 0.269700 0.053300 0.172200 0.068100 0.022000 0.048700 0.048600 0.061400 0.105000 0.025700 0.049400 0.052700 0.044800 0.071400 0.045000 0.069200 0.072400 0.029700 0.065100 0.052300 0.025700 0.102200 0.096500 0.025700 0.040700 0.044900 0.053200 0.052900 0.053200 0.096500 0.044500 0.076600 0.044900 0.000000 0.056500 0.025700 0.060600 0.066900 0.120500 0.089500 0.040700 0.104900 0.100500 0.056700 0.068000 0.044400 0.060400 0.052700 0.073500 0.057300 0.053200
Yak 0.049200 0.274800 0.026100 0.173800 0.079900 0.049200 0.061100 0.049000 0.033900 0.093000 0.053100 0.014800 0.081800 0.057200 0.076200 0.045400 0.061500 0.064800 0.056300 0.037500 0.052800 0.045000 0.090100 0.092900 0.053100 0.045000 0.073600 0.026100 0.053400 0.026100 0.084600 0.056800 0.081200 0.073500 0.056500 0.000000 0.053200 0.072100 0.075300 0.108200 0.077500 0.045000 0.092900 0.096000 0.007300 0.072800 0.048700 0.065100 0.065300 0.069900 0.029900 0.026000
BlueSheep 0.003600 0.268700 0.041900 0.166900 0.056800 0.003600 0.037500 0.045200 0.050000 0.089300 0.007300 0.046000 0.041500 0.033700 0.060200 0.041500 0.053800 0.065200 0.018600 0.053700 0.048900 0.007300 0.090600 0.085300 0.007300 0.037300 0.033800 0.041900 0.049600 0.041900 0.080900 0.033400 0.081500 0.033800 0.025700 0.053200 0.000000 0.049300 0.067400 0.108900 0.078000 0.037300 0.097600 0.089200 0.053400 0.064700 0.041000 0.049200 0.041400 0.070200 0.045900 0.041800
BohorReedb 0.045400 0.272800 0.060600 0.193500 0.014600 0.045300 0.057200 0.063900 0.069100 0.113800 0.049200 0.056600 0.061500 0.053300 0.080400 0.060200 0.068600 0.076100 0.045700 0.072900 0.067300 0.049200 0.102200 0.100400 0.049200 0.056900 0.053500 0.060500 0.068500 0.060400 0.105100 0.052900 0.101700 0.053400 0.060600 0.072100 0.049300 0.000000 0.079500 0.120400 0.089200 0.056900 0.122600 0.104500 0.072400 0.085300 0.060700 0.069300 0.059900 0.090100 0.064700 0.060500
KirksDik 0.063400 0.283000 0.074000 0.214500 0.087200 0.063300 0.075400 0.067500 0.082700 0.112200 0.067300 0.068300 0.096400 0.067400 0.091300 0.052000 0.084300 0.090100 0.071900 0.086400 0.063700 0.067300 0.117900 0.120900 0.067100 0.055300 0.088100 0.073900 0.060100 0.073800 0.103600 0.066900 0.108900 0.088000 0.066900 0.075300 0.067400 0.079500 0.000000 0.136200 0.100800 0.055400 0.112100 0.124900 0.075600 0.095500 0.063100 0.071400 0.079600 0.084700 0.078200 0.074000
RoeDeer 0.104300 0.290000 0.097200 0.190500 0.128300 0.104300 0.110100 0.103900 0.105500 0.058500 0.108800 0.109900 0.131000 0.105800 0.119600 0.104500 0.083800 0.087300 0.112800 0.109300 0.116500 0.108700 0.067600 0.039900 0.108500 0.107800 0.122100 0.096500 0.100300 0.096400 0.050700 0.105200 0.087400 0.117600 0.120500 0.108200 0.108900 0.120400 0.136200 0.000000 0.044500 0.108000 0.066200 0.043600 0.100200 0.129900 0.113600 0.104200 0.113300 0.104900 0.100900 0.096500
WhiteLippe 0.073800 0.264700 0.062000 0.184200 0.092900 0.073800 0.086300 0.081800 0.070500 0.025700 0.077800 0.078800 0.108100 0.082100 0.097400 0.073900 0.062000 0.065500 0.072900 0.074100 0.085500 0.077800 0.025900 0.029500 0.077800 0.077400 0.099400 0.061900 0.078100 0.061900 0.018200 0.081600 0.082000 0.095000 0.089500 0.077500 0.078000 0.089200 0.100800 0.044500 0.000000 0.077400 0.033200 0.033300 0.069700 0.098500 0.081300 0.081900 0.082200 0.086200 0.066100 0.061900
ThomsonGaz 0.033400 0.265100 0.041700 0.188700 0.064400 0.033400 0.045000 0.037200 0.049700 0.092900 0.037200 0.045700 0.065000 0.033500 0.060800 0.018400 0.061400 0.064700 0.041400 0.053300 0.040900 0.037200 0.090000 0.092700 0.037200 0.000000 0.057000 0.041600 0.026100 0.041600 0.084500 0.033200 0.081000 0.056900 0.040700 0.045000 0.037300 0.056900 0.055400 0.108000 0.077400 0.000000 0.092800 0.096700 0.045200 0.064400 0.033200 0.048900 0.049000 0.061600 0.045600 0.041600
MuntiacusC 0.097600 0.290400 0.090000 0.198300 0.121700 0.097600 0.110400 0.097200 0.098700 0.007100 0.101800 0.094500 0.132900 0.106200 0.121500 0.089300 0.081400 0.080700 0.105700 0.102400 0.101100 0.101700 0.064000 0.051700 0.101700 0.092700 0.124000 0.089800 0.093600 0.089800 0.014200 0.105400 0.097400 0.119500 0.104900 0.092900 0.097600 0.122600 0.112100 0.066200 0.033200 0.092800 0.000000 0.055500 0.085100 0.113800 0.096700 0.105900 0.104800 0.098100 0.094200 0.089800
WhiteTaile 0.084700 0.285900 0.086000 0.177500 0.112400 0.084600 0.098600 0.101200 0.094200 0.047800 0.089100 0.089900 0.119400 0.094400 0.117000 0.093200 0.072800 0.076300 0.092700 0.097900 0.096700 0.089100 0.060200 0.003500 0.088900 0.096600 0.110600 0.085300 0.097500 0.085300 0.040200 0.093800 0.084600 0.106200 0.100500 0.096000 0.089200 0.104500 0.124900 0.043600 0.033300 0.096700 0.055500 0.000000 0.088000 0.101000 0.100500 0.102300 0.093300 0.102100 0.089700 0.085300
Cattle 0.049400 0.265800 0.026200 0.164900 0.080200 0.049400 0.061400 0.049200 0.034000 0.085100 0.053300 0.014800 0.082200 0.057400 0.076500 0.045600 0.057700 0.057100 0.056600 0.037700 0.053000 0.045200 0.082200 0.085000 0.053300 0.045100 0.073900 0.026200 0.053700 0.026200 0.076800 0.057000 0.073300 0.073800 0.056700 0.007300 0.053400 0.072400 0.075600 0.100200 0.069700 0.045200 0.085100 0.088000 0.000000 0.073100 0.048900 0.065400 0.065600 0.070200 0.030000 0.026100
RoyalAntel 0.060700 0.308200 0.069600 0.193700 0.093000 0.060700 0.072800 0.072700 0.078100 0.113800 0.064600 0.065700 0.085400 0.068800 0.096200 0.061000 0.098900 0.102000 0.061100 0.081800 0.068300 0.064600 0.111500 0.104000 0.064600 0.064300 0.077100 0.069600 0.069200 0.069600 0.105200 0.068300 0.102100 0.085400 0.068000 0.072800 0.064700 0.085300 0.095500 0.129900 0.098500 0.064400 0.113800 0.101000 0.073100 0.000000 0.068200 0.085100 0.059800 0.097900 0.073800 0.069500
Steenbok 0.037100 0.269400 0.045400 0.193000 0.068200 0.037100 0.048800 0.041000 0.053500 0.096700 0.041000 0.049500 0.068800 0.044900 0.057000 0.037300 0.057200 0.060500 0.045100 0.057200 0.044700 0.040900 0.093900 0.096600 0.033300 0.033200 0.060800 0.045400 0.045200 0.045400 0.088400 0.044600 0.084900 0.060700 0.044400 0.048700 0.041000 0.060700 0.063100 0.113600 0.081300 0.033200 0.096700 0.100500 0.048900 0.068200 0.000000 0.052700 0.052800 0.065500 0.049400 0.045400
Impala 0.045200 0.285700 0.053900 0.179500 0.076900 0.045200 0.049200 0.049100 0.062200 0.097400 0.049100 0.066200 0.069400 0.045300 0.048400 0.045500 0.065900 0.077400 0.053500 0.065900 0.052900 0.049100 0.094600 0.098200 0.049000 0.048900 0.061300 0.053800 0.041700 0.053800 0.089000 0.045000 0.094100 0.053300 0.060400 0.065100 0.049200 0.069300 0.071400 0.104200 0.081900 0.048900 0.105900 0.102300 0.065400 0.085100 0.052700 0.000000 0.061200 0.057900 0.057900 0.053800
Klipspring 0.037500 0.287200 0.054000 0.183200 0.069000 0.037500 0.049300 0.057100 0.062300 0.096300 0.041400 0.058100 0.061400 0.045400 0.072300 0.052100 0.074300 0.077600 0.044400 0.066000 0.052900 0.041400 0.095000 0.089200 0.041300 0.049000 0.052200 0.053900 0.060400 0.053900 0.087700 0.045100 0.094400 0.053400 0.052700 0.065300 0.041400 0.059900 0.079600 0.113300 0.082200 0.049000 0.104800 0.093300 0.065600 0.059800 0.052800 0.061200 0.000000 0.086500 0.058000 0.053900
ForestMusk 0.066000 0.275200 0.062500 0.180500 0.098000 0.066000 0.062000 0.057700 0.071000 0.098200 0.070100 0.071000 0.091500 0.058000 0.077200 0.052400 0.070200 0.073600 0.072300 0.074800 0.069500 0.070100 0.099100 0.098000 0.070000 0.061500 0.081700 0.062400 0.052500 0.062500 0.089600 0.065600 0.081900 0.082900 0.073500 0.069900 0.070200 0.090100 0.084700 0.104900 0.086200 0.061600 0.098100 0.102100 0.070200 0.097900 0.065500 0.057900 0.086500 0.000000 0.066700 0.062400
Bushbuck 0.041900 0.273200 0.003700 0.171700 0.072600 0.041900 0.053900 0.049700 0.011200 0.085800 0.045800 0.030400 0.074600 0.042000 0.069000 0.046000 0.054200 0.057600 0.048900 0.014900 0.053500 0.037800 0.078600 0.085700 0.045800 0.045600 0.066300 0.003700 0.054200 0.003700 0.077500 0.049600 0.082300 0.066300 0.057300 0.029900 0.045900 0.064700 0.078200 0.100900 0.066100 0.045600 0.094200 0.089700 0.030000 0.073800 0.049400 0.057900 0.058000 0.066700 0.000000 0.003700
GreaterKud 0.037900 0.267200 0.000000 0.166300 0.068300 0.037900 0.049800 0.045600 0.007400 0.081500 0.041800 0.026500 0.070300 0.038000 0.064900 0.042000 0.050100 0.053500 0.044800 0.011000 0.049400 0.033800 0.074300 0.081300 0.041700 0.041600 0.062100 0.000000 0.050100 0.000000 0.073200 0.045500 0.077900 0.062000 0.053200 0.026000 0.041800 0.060500 0.074000 0.096500 0.061900 0.041600 0.089800 0.085300 0.026100 0.069500 0.045400 0.053800 0.053900 0.062400 0.003700 0.000000
