1
52 1
Argali 0.000000 0.228700 0.034800 0.179800 0.053100 0.000000 0.035000 0.017400 0.035500 0.074700 0.017500 0.072500 0.000000 0.035000 0.053400 0.053400 0.054900 0.053300 0.017200 0.035500 0.035400 0.000000 0.072900 0.092600 0.017400 0.035400 0.000000 0.054400 0.054100 0.035500 0.074700 0.053100 0.072300 0.017200 0.016900 0.109600 0.000000 0.035300 0.053400 0.091400 0.072900 0.035400 0.095500 0.073000 0.110600 0.070600 0.034900 0.017400 0.035300 0.053500 0.035500 0.035500
LesserMous 0.228700 0.000000 0.183200 0.255800 0.277200 0.228700 0.252500 0.228800 0.183200 0.259400 0.255400 0.250300 0.228700 0.252500 0.277600 0.231800 0.231500 0.223600 0.248900 0.183200 0.256100 0.228700 0.252500 0.252600 0.208000 0.256100 0.228700 0.208600 0.284200 0.183200 0.259400 0.277200 0.248700 0.250100 0.208000 0.247500 0.228700 0.255400 0.253000 0.274300 0.252500 0.256100 0.262100 0.252400 0.202700 0.297500 0.250200 0.229000 0.255400 0.224300 0.183200 0.183200
LesserKudu 0.034800 0.183200 0.000000 0.179800 0.091800 0.035500 0.072500 0.054000 0.000000 0.074700 0.054300 0.072400 0.035500 0.072500 0.092300 0.092300 0.054800 0.053200 0.053300 0.000000 0.073500 0.035500 0.072800 0.092400 0.017800 0.073500 0.034500 0.017800 0.093600 0.000000 0.074700 0.091800 0.072100 0.053400 0.017800 0.109300 0.034700 0.073300 0.092200 0.091100 0.072800 0.073500 0.095400 0.072800 0.110300 0.110100 0.072100 0.054200 0.073300 0.053400 0.000000 0.000000
KillerWhal 0.179800 0.255800 0.179800 0.000000 0.225200 0.179800 0.201800 0.180100 0.179800 0.208000 0.204100 0.200900 0.179800 0.201800 0.225500 0.226300 0.182600 0.176500 0.199500 0.179800 0.204700 0.179800 0.201900 0.156500 0.203900 0.204700 0.179800 0.204400 0.184800 0.179800 0.208000 0.225400 0.199900 0.200300 0.203900 0.242400 0.179800 0.204400 0.180400 0.197700 0.201900 0.204700 0.234900 0.177500 0.201300 0.219400 0.200700 0.180200 0.204400 0.177100 0.179800 0.179800
DefassaWat 0.053100 0.277200 0.091800 0.225200 0.000000 0.053100 0.053100 0.035100 0.091800 0.094500 0.035400 0.091700 0.053100 0.053100 0.071900 0.072000 0.074000 0.071900 0.070900 0.091800 0.053700 0.053100 0.092100 0.112300 0.072000 0.053700 0.053100 0.112500 0.072900 0.091800 0.094500 0.071600 0.091400 0.034900 0.072000 0.129200 0.053100 0.017200 0.071900 0.110900 0.092100 0.053700 0.116000 0.092100 0.130500 0.089600 0.052300 0.035300 0.017100 0.072100 0.091800 0.091800
Sheep 0.000000 0.228700 0.035500 0.179800 0.053100 0.000000 0.035000 0.017000 0.035500 0.074700 0.017500 0.072500 0.000000 0.034100 0.053400 0.053400 0.054900 0.053300 0.017200 0.034500 0.035400 0.000000 0.072900 0.092600 0.017100 0.035400 0.000000 0.054400 0.054100 0.035500 0.074700 0.053100 0.072300 0.017200 0.017400 0.109600 0.000000 0.035300 0.053400 0.091400 0.072900 0.035400 0.095500 0.073000 0.110600 0.071000 0.034900 0.017400 0.035300 0.053500 0.035500 0.034000
MaxwellsDu 0.035000 0.252500 0.072500 0.201800 0.053100 0.035000 0.000000 0.017400 0.072500 0.074600 0.053400 0.072400 0.035000 0.000000 0.053300 0.053400 0.054800 0.053300 0.052500 0.072500 0.035000 0.033400 0.072800 0.092500 0.053400 0.035400 0.035000 0.092600 0.054100 0.072500 0.074600 0.017300 0.072200 0.052700 0.053300 0.109500 0.034700 0.033800 0.053300 0.091300 0.072800 0.035400 0.095400 0.072900 0.110100 0.070900 0.034800 0.017400 0.035300 0.053400 0.071500 0.072500
GazellaPrz 0.017400 0.228800 0.054000 0.180100 0.035100 0.017000 0.017400 0.000000 0.054000 0.055500 0.035300 0.053900 0.017400 0.017400 0.035300 0.035300 0.036300 0.035200 0.034800 0.054000 0.017100 0.017400 0.054200 0.073300 0.035300 0.017200 0.017400 0.073500 0.035800 0.054000 0.055500 0.035100 0.053700 0.034800 0.035300 0.090500 0.017400 0.017200 0.034600 0.072400 0.054200 0.017200 0.075700 0.054200 0.091300 0.052800 0.016800 0.000100 0.017100 0.035400 0.053800 0.054000
MountainNy 0.035500 0.183200 0.000000 0.179800 0.091800 0.035500 0.072500 0.054000 0.000000 0.074700 0.054300 0.072400 0.034600 0.072500 0.092300 0.092300 0.054800 0.053200 0.053300 0.000000 0.073500 0.035500 0.072800 0.092400 0.017500 0.073500 0.035500 0.017600 0.093600 0.000000 0.074700 0.091900 0.072100 0.053400 0.017800 0.109300 0.035500 0.073300 0.092200 0.091100 0.072800 0.073500 0.095400 0.072800 0.110300 0.110100 0.072100 0.054200 0.073300 0.053400 0.000000 0.000000
MuntiacusM 0.074700 0.259400 0.074700 0.208000 0.094500 0.074700 0.074600 0.055500 0.074700 0.000000 0.095200 0.074000 0.074700 0.074600 0.094200 0.094900 0.052500 0.054300 0.093300 0.074700 0.075600 0.074700 0.036400 0.094300 0.095100 0.075600 0.074700 0.095300 0.096400 0.074700 0.000000 0.094500 0.072400 0.093600 0.095100 0.111900 0.074700 0.075500 0.095000 0.093300 0.036400 0.075600 0.018400 0.074200 0.113600 0.113200 0.074200 0.055300 0.075500 0.054700 0.074700 0.074700
goat 0.017500 0.255400 0.054300 0.204100 0.035400 0.017500 0.053400 0.035300 0.054300 0.095200 0.000000 0.092300 0.017500 0.053400 0.072400 0.072500 0.074500 0.072300 0.034900 0.054300 0.054100 0.016900 0.092900 0.113200 0.035500 0.054100 0.017500 0.074000 0.073500 0.054300 0.095200 0.072100 0.091900 0.035000 0.035500 0.130200 0.017100 0.017700 0.072400 0.111700 0.092900 0.052900 0.116900 0.092900 0.131500 0.090100 0.053100 0.035500 0.017300 0.072600 0.054300 0.054300
AfricanBuf 0.072500 0.250300 0.072400 0.200900 0.091700 0.072500 0.072400 0.053900 0.072400 0.074000 0.092300 0.000000 0.072500 0.072400 0.091400 0.073000 0.053700 0.052800 0.090700 0.072400 0.054500 0.072500 0.072100 0.091500 0.092200 0.054500 0.072500 0.073200 0.074000 0.072400 0.074000 0.091700 0.071500 0.090900 0.092200 0.108700 0.072500 0.073200 0.092100 0.090600 0.072100 0.054500 0.094600 0.071200 0.110200 0.110100 0.072100 0.053700 0.073200 0.053100 0.072400 0.072400
Topi 0.000000 0.228700 0.035500 0.179800 0.053100 0.000000 0.035000 0.017400 0.034600 0.074700 0.017500 0.072500 0.000000 0.035000 0.053400 0.053400 0.054900 0.053300 0.017200 0.035500 0.034400 0.000000 0.072900 0.092600 0.017400 0.034700 0.000000 0.054400 0.054100 0.035500 0.074700 0.053100 0.072300 0.017200 0.017400 0.109600 0.000000 0.035300 0.053400 0.091400 0.072900 0.035400 0.095500 0.073000 0.110600 0.071000 0.034900 0.017400 0.035300 0.053500 0.035500 0.035500
CommonDuik 0.035000 0.252500 0.072500 0.201800 0.053100 0.034100 0.000000 0.017400 0.072500 0.074600 0.053400 0.072400 0.035000 0.000000 0.053300 0.053400 0.054800 0.053300 0.052500 0.072500 0.035400 0.034100 0.072800 0.092500 0.053400 0.035400 0.035000 0.092600 0.054100 0.072500 0.074600 0.016800 0.072200 0.052700 0.053600 0.109500 0.035000 0.035300 0.053300 0.091300 0.072800 0.035400 0.095400 0.072900 0.110500 0.070900 0.033800 0.017400 0.035300 0.053400 0.072500 0.072500
Suni 0.053400 0.277600 0.092300 0.225500 0.071900 0.053400 0.053300 0.035300 0.092300 0.094200 0.072400 0.091400 0.053400 0.053300 0.000000 0.072300 0.073800 0.071700 0.071200 0.092300 0.054000 0.053400 0.091800 0.112000 0.072300 0.054000 0.053400 0.113100 0.073300 0.092300 0.094200 0.072000 0.091100 0.071400 0.072300 0.129400 0.053400 0.053800 0.072300 0.072400 0.091800 0.054000 0.115700 0.091900 0.131200 0.090000 0.053100 0.035200 0.053800 0.072200 0.092300 0.092300
Springbuck 0.053400 0.231800 0.092300 0.226300 0.072000 0.053400 0.053400 0.035300 0.092300 0.094900 0.072500 0.073000 0.053400 0.053400 0.072300 0.000000 0.074300 0.072200 0.071300 0.092300 0.017500 0.053400 0.092700 0.113000 0.072400 0.017500 0.053400 0.073300 0.034400 0.092300 0.094900 0.072000 0.091800 0.071500 0.072400 0.130100 0.053400 0.053900 0.072300 0.111600 0.092700 0.017500 0.116500 0.092800 0.131300 0.090200 0.053100 0.035400 0.052400 0.072500 0.092300 0.092300
Okapi 0.054900 0.231500 0.054800 0.182600 0.074000 0.054900 0.054800 0.036300 0.054800 0.052500 0.074500 0.053700 0.054900 0.054800 0.073800 0.074300 0.000000 0.033800 0.073100 0.054800 0.055500 0.054900 0.054500 0.073900 0.074400 0.055500 0.054900 0.074500 0.075400 0.054800 0.056000 0.074000 0.054100 0.073300 0.074400 0.091400 0.054900 0.055400 0.074400 0.073100 0.054500 0.055500 0.076400 0.054500 0.092600 0.092500 0.054600 0.036100 0.055400 0.035700 0.054800 0.054800
Giraffe 0.053300 0.223600 0.053200 0.176500 0.071900 0.053300 0.053300 0.035200 0.053200 0.054300 0.072300 0.052800 0.053300 0.053300 0.071700 0.072200 0.033800 0.000000 0.071200 0.053200 0.053900 0.053300 0.053000 0.071700 0.072300 0.053900 0.053300 0.072300 0.073100 0.053200 0.054300 0.071900 0.017100 0.071300 0.072300 0.052400 0.053300 0.053800 0.072200 0.071100 0.053000 0.053900 0.074000 0.053000 0.053100 0.053100 0.053100 0.035100 0.053800 0.034800 0.053200 0.053200
TibetanAnt 0.017200 0.248900 0.053300 0.199500 0.070900 0.017200 0.052500 0.034800 0.053300 0.093300 0.034900 0.090700 0.017200 0.052500 0.071200 0.071300 0.073100 0.071200 0.000000 0.053300 0.053200 0.017200 0.091000 0.111100 0.034900 0.053200 0.016700 0.072500 0.072100 0.053300 0.093300 0.070900 0.090500 0.033000 0.034900 0.127900 0.016700 0.053000 0.071200 0.109800 0.091000 0.053200 0.114600 0.091200 0.129100 0.088900 0.052400 0.034900 0.053000 0.035100 0.053300 0.053300
Sitatunga 0.035500 0.183200 0.000000 0.179800 0.091800 0.034500 0.072500 0.054000 0.000000 0.074700 0.054300 0.072400 0.035500 0.072500 0.092300 0.092300 0.054800 0.053200 0.053300 0.000000 0.073500 0.033900 0.072800 0.092400 0.017800 0.073500 0.035500 0.017800 0.093600 0.000000 0.074700 0.091800 0.072100 0.053400 0.017300 0.109300 0.035500 0.072500 0.092200 0.091100 0.072800 0.073500 0.095400 0.072800 0.110300 0.110100 0.072100 0.054200 0.073300 0.053400 0.000000 0.000000
Oribi 0.035400 0.256100 0.073500 0.204700 0.053700 0.035400 0.035000 0.017100 0.073500 0.075600 0.054100 0.054500 0.034400 0.035400 0.054000 0.017500 0.055500 0.053900 0.053200 0.073500 0.000000 0.035400 0.073700 0.093600 0.054000 0.000000 0.035400 0.054700 0.017700 0.073500 0.075600 0.053700 0.073100 0.053300 0.054000 0.110800 0.035400 0.034400 0.054000 0.092400 0.073700 0.000000 0.096600 0.073800 0.111900 0.071700 0.034600 0.017600 0.035700 0.054100 0.073300 0.073500
BarbaryShe 0.000000 0.228700 0.035500 0.179800 0.053100 0.000000 0.033400 0.017400 0.035500 0.074700 0.016900 0.072500 0.000000 0.034100 0.053400 0.053400 0.054900 0.053300 0.017200 0.033900 0.035400 0.000000 0.072900 0.092600 0.017100 0.035400 0.000000 0.054400 0.054100 0.035500 0.074700 0.052700 0.072300 0.017200 0.017400 0.109600 0.000000 0.035300 0.053400 0.091400 0.072900 0.035400 0.095500 0.073000 0.110600 0.071000 0.034900 0.017400 0.033900 0.053500 0.035500 0.035500
Daviddeer 0.072900 0.252500 0.072800 0.201900 0.092100 0.072900 0.072800 0.054200 0.072800 0.036400 0.092900 0.072100 0.072900 0.072800 0.091800 0.092700 0.054500 0.053000 0.091000 0.072800 0.073700 0.072900 0.000000 0.054200 0.092800 0.073700 0.072900 0.092900 0.094000 0.072800 0.034900 0.092100 0.071800 0.091300 0.092800 0.109300 0.072900 0.073600 0.092500 0.091100 0.000000 0.073700 0.055700 0.035600 0.110700 0.110400 0.072400 0.051000 0.073600 0.053300 0.072800 0.072800
Reindeer 0.092600 0.252600 0.092400 0.156500 0.112300 0.092600 0.092500 0.073300 0.092400 0.094300 0.113200 0.091500 0.092600 0.092500 0.112000 0.113000 0.073900 0.071700 0.111100 0.092400 0.093600 0.092600 0.054200 0.000000 0.113100 0.093600 0.092600 0.113200 0.114500 0.092400 0.094300 0.112400 0.091200 0.111400 0.113100 0.129400 0.092600 0.093400 0.073400 0.071900 0.054200 0.093600 0.115800 0.017200 0.131300 0.090900 0.092000 0.073100 0.093400 0.072200 0.092400 0.092400
Ibex 0.017400 0.208000 0.017800 0.203900 0.072000 0.017100 0.053400 0.035300 0.017500 0.095100 0.035500 0.092200 0.017400 0.053400 0.072300 0.072400 0.074400 0.072300 0.034900 0.017800 0.054000 0.017100 0.092800 0.113100 0.000000 0.054000 0.017100 0.036300 0.073400 0.017400 0.095100 0.072000 0.091900 0.035000 0.000000 0.130100 0.017200 0.053900 0.072300 0.111600 0.092800 0.054000 0.116800 0.092800 0.131300 0.090000 0.053100 0.035400 0.053900 0.072500 0.017800 0.017800
GyrantGaze 0.035400 0.256100 0.073500 0.204700 0.053700 0.035400 0.035400 0.017200 0.073500 0.075600 0.054100 0.054500 0.034700 0.035400 0.054000 0.017500 0.055500 0.053900 0.053200 0.073500 0.000000 0.035400 0.073700 0.093600 0.054000 0.000000 0.035400 0.054700 0.017300 0.073500 0.075600 0.050600 0.073100 0.053300 0.054000 0.110800 0.034000 0.035700 0.054000 0.092400 0.073700 0.000000 0.096600 0.073800 0.111900 0.071700 0.035200 0.017600 0.035700 0.054100 0.073500 0.073500
Hartebeest 0.000000 0.228700 0.034500 0.179800 0.053100 0.000000 0.035000 0.017400 0.035500 0.074700 0.017500 0.072500 0.000000 0.035000 0.053400 0.053400 0.054900 0.053300 0.016700 0.035500 0.035400 0.000000 0.072900 0.092600 0.017100 0.035400 0.000000 0.054400 0.054100 0.035500 0.074700 0.053100 0.072300 0.016800 0.017100 0.109600 0.000000 0.035300 0.053400 0.091400 0.072900 0.035400 0.095500 0.073000 0.110600 0.071000 0.034900 0.017400 0.034400 0.053500 0.035500 0.035500
Bongo 0.054400 0.208600 0.017800 0.204400 0.112500 0.054400 0.092600 0.073500 0.017600 0.095300 0.074000 0.073200 0.054400 0.092600 0.113100 0.073300 0.074500 0.072300 0.072500 0.017800 0.054700 0.054400 0.092900 0.113200 0.036300 0.054700 0.054400 0.000000 0.074400 0.017800 0.095300 0.112500 0.092000 0.072700 0.036300 0.130200 0.054400 0.093600 0.113000 0.111700 0.092900 0.054700 0.117000 0.092900 0.131500 0.131200 0.092100 0.073800 0.093600 0.072600 0.017800 0.017400
Gerenuk 0.054100 0.284200 0.093600 0.184800 0.072900 0.054100 0.054100 0.035800 0.093600 0.096400 0.073500 0.074000 0.054100 0.054100 0.073300 0.034400 0.075400 0.073100 0.072100 0.093600 0.017700 0.054100 0.094000 0.114500 0.073400 0.017300 0.054100 0.074400 0.000000 0.093600 0.096400 0.072900 0.093000 0.072300 0.073400 0.131700 0.054100 0.054600 0.073200 0.113000 0.094000 0.017400 0.118400 0.094000 0.133000 0.091100 0.053800 0.035900 0.054600 0.073400 0.093600 0.093600
CommonElan 0.035500 0.183200 0.000000 0.179800 0.091800 0.035500 0.072500 0.054000 0.000000 0.074700 0.054300 0.072400 0.035500 0.072500 0.092300 0.092300 0.054800 0.053200 0.053300 0.000000 0.073500 0.035500 0.072800 0.092400 0.017400 0.073500 0.035500 0.017800 0.093600 0.000000 0.074700 0.091800 0.072100 0.053400 0.017300 0.109300 0.033900 0.073300 0.092200 0.091100 0.072800 0.073500 0.095400 0.072800 0.110300 0.110100 0.072100 0.054200 0.073300 0.053400 0.000000 0.000000
MuntiacusR 0.074700 0.259400 0.074700 0.208000 0.094500 0.074700 0.074600 0.055500 0.074700 0.000000 0.095200 0.074000 0.074700 0.074600 0.094200 0.094900 0.056000 0.054300 0.093300 0.074700 0.075600 0.074700 0.034900 0.094300 0.095100 0.075600 0.074700 0.095300 0.096400 0.074700 0.000000 0.094500 0.073500 0.093600 0.095100 0.111900 0.074700 0.075500 0.095000 0.093300 0.036400 0.075600 0.018400 0.074200 0.113600 0.113200 0.074200 0.055300 0.075500 0.054700 0.074700 0.074700
HarveysDui 0.053100 0.277200 0.091800 0.225400 0.071600 0.053100 0.017300 0.035100 0.091900 0.094500 0.072100 0.091700 0.053100 0.016800 0.072000 0.072000 0.074000 0.071900 0.070900 0.091800 0.053700 0.052700 0.092100 0.112400 0.072000 0.050600 0.053100 0.112500 0.072900 0.091800 0.094500 0.000000 0.091400 0.071100 0.072000 0.129300 0.053100 0.053600 0.072000 0.110900 0.092100 0.053700 0.116100 0.092200 0.130600 0.089700 0.052900 0.035300 0.053600 0.072200 0.091800 0.091800
Pronghorn 0.072300 0.248700 0.072100 0.199900 0.091400 0.072300 0.072200 0.053700 0.072100 0.072400 0.091900 0.071500 0.072300 0.072200 0.091100 0.091800 0.054100 0.017100 0.090500 0.072100 0.073100 0.072300 0.071800 0.091200 0.091900 0.073100 0.072300 0.092000 0.093000 0.072100 0.073500 0.091400 0.000000 0.090700 0.091900 0.071000 0.072300 0.072900 0.091800 0.090400 0.071800 0.073100 0.094100 0.071800 0.071900 0.072000 0.071900 0.053600 0.072900 0.053000 0.072100 0.072100
BlueWildeb 0.017200 0.250100 0.053400 0.200300 0.034900 0.017200 0.052700 0.034800 0.053400 0.093600 0.035000 0.090900 0.017200 0.052700 0.071400 0.071500 0.073300 0.071300 0.033000 0.053400 0.053300 0.017200 0.091300 0.111400 0.035000 0.053300 0.016800 0.072700 0.072300 0.053400 0.093600 0.071100 0.090700 0.000000 0.033600 0.128300 0.017200 0.053000 0.071400 0.110100 0.091300 0.053300 0.114900 0.091400 0.129500 0.089100 0.052500 0.035000 0.053100 0.071600 0.053400 0.053400
Gemsbok 0.016900 0.208000 0.017800 0.203900 0.072000 0.017400 0.053300 0.035300 0.017800 0.095100 0.035500 0.092200 0.017400 0.053600 0.072300 0.072400 0.074400 0.072300 0.034900 0.017300 0.054000 0.017400 0.092800 0.113100 0.000000 0.054000 0.017100 0.036300 0.073400 0.017300 0.095100 0.072000 0.091900 0.033600 0.000000 0.130100 0.017100 0.053900 0.072300 0.111600 0.092800 0.054000 0.116800 0.092800 0.131300 0.090000 0.053100 0.035400 0.053900 0.072500 0.017800 0.017300
Yak 0.109600 0.247500 0.109300 0.242400 0.129200 0.109600 0.109500 0.090500 0.109300 0.111900 0.130200 0.108700 0.109600 0.109500 0.129400 0.130100 0.091400 0.052400 0.127900 0.109300 0.110800 0.109600 0.109300 0.129400 0.130100 0.110800 0.109600 0.130200 0.131700 0.109300 0.111900 0.129300 0.071000 0.128300 0.130100 0.000000 0.109600 0.110500 0.129900 0.127900 0.109300 0.110800 0.133600 0.109300 0.070500 0.109000 0.109000 0.090500 0.110500 0.089100 0.109300 0.109300
BlueSheep 0.000000 0.228700 0.034700 0.179800 0.053100 0.000000 0.034700 0.017400 0.035500 0.074700 0.017100 0.072500 0.000000 0.035000 0.053400 0.053400 0.054900 0.053300 0.016700 0.035500 0.035400 0.000000 0.072900 0.092600 0.017200 0.034000 0.000000 0.054400 0.054100 0.033900 0.074700 0.053100 0.072300 0.017200 0.017100 0.109600 0.000000 0.035300 0.053400 0.091400 0.072900 0.035400 0.095500 0.073000 0.110600 0.071000 0.033400 0.017400 0.035300 0.053500 0.034500 0.035500
BohorReedb 0.035300 0.255400 0.073300 0.204400 0.017200 0.035300 0.033800 0.017200 0.073300 0.075500 0.017700 0.073200 0.035300 0.035300 0.053800 0.053900 0.055400 0.053800 0.053000 0.072500 0.034400 0.035300 0.073600 0.093400 0.053900 0.035700 0.035300 0.093600 0.054600 0.073300 0.075500 0.053600 0.072900 0.053000 0.053900 0.110500 0.035300 0.000000 0.053800 0.092100 0.073600 0.035700 0.096500 0.073600 0.111600 0.071400 0.035100 0.017600 0.000000 0.054000 0.073300 0.073300
KirksDik 0.053400 0.253000 0.092200 0.180400 0.071900 0.053400 0.053300 0.034600 0.092200 0.095000 0.072400 0.092100 0.053400 0.053300 0.072300 0.072300 0.074400 0.072200 0.071200 0.092200 0.054000 0.053400 0.092500 0.073400 0.072300 0.054000 0.053400 0.113000 0.073200 0.092200 0.095000 0.072000 0.091800 0.071400 0.072300 0.129900 0.053400 0.053800 0.000000 0.111400 0.092500 0.054000 0.116700 0.092600 0.131100 0.090100 0.053100 0.035400 0.053800 0.072500 0.092200 0.092200
RoeDeer 0.091400 0.274300 0.091100 0.197700 0.110900 0.091400 0.091300 0.072400 0.091100 0.093300 0.111700 0.090600 0.091400 0.091300 0.072400 0.111600 0.073100 0.071100 0.109800 0.091100 0.092400 0.091400 0.091100 0.071900 0.111600 0.092400 0.091400 0.111700 0.113000 0.091100 0.093300 0.110900 0.090400 0.110100 0.111600 0.127900 0.091400 0.092100 0.111400 0.000000 0.091100 0.092400 0.114700 0.053200 0.129700 0.089900 0.090900 0.072400 0.092100 0.071300 0.091100 0.091100
WhiteLippe 0.072900 0.252500 0.072800 0.201900 0.092100 0.072900 0.072800 0.054200 0.072800 0.036400 0.092900 0.072100 0.072900 0.072800 0.091800 0.092700 0.054500 0.053000 0.091000 0.072800 0.073700 0.072900 0.000000 0.054200 0.092800 0.073700 0.072900 0.092900 0.094000 0.072800 0.036400 0.092100 0.071800 0.091300 0.092800 0.109300 0.072900 0.073600 0.092500 0.091100 0.000000 0.073700 0.055700 0.035600 0.110700 0.110400 0.072400 0.054000 0.073600 0.053300 0.072800 0.072800
ThomsonGaz 0.035400 0.256100 0.073500 0.204700 0.053700 0.035400 0.035400 0.017200 0.073500 0.075600 0.052900 0.054500 0.035400 0.035400 0.054000 0.017500 0.055500 0.053900 0.053200 0.073500 0.000000 0.035400 0.073700 0.093600 0.054000 0.000000 0.035400 0.054700 0.017400 0.073500 0.075600 0.053700 0.073100 0.053300 0.054000 0.110800 0.035400 0.035700 0.054000 0.092400 0.073700 0.000000 0.096600 0.073800 0.111900 0.071700 0.035200 0.017600 0.035700 0.054100 0.073500 0.073500
MuntiacusC 0.095500 0.262100 0.095400 0.234900 0.116000 0.095500 0.095400 0.075700 0.095400 0.018400 0.116900 0.094600 0.095500 0.095400 0.115700 0.116500 0.076400 0.074000 0.114600 0.095400 0.096600 0.095500 0.055700 0.115800 0.116800 0.096600 0.095500 0.117000 0.118400 0.095400 0.018400 0.116100 0.094100 0.114900 0.116800 0.133600 0.095500 0.096500 0.116700 0.114700 0.055700 0.096600 0.000000 0.094900 0.135600 0.135200 0.094900 0.075500 0.096500 0.074600 0.095400 0.095400
WhiteTaile 0.073000 0.252400 0.072800 0.177500 0.092100 0.073000 0.072900 0.054200 0.072800 0.074200 0.092900 0.071200 0.073000 0.072900 0.091900 0.092800 0.054500 0.053000 0.091200 0.072800 0.073800 0.073000 0.035600 0.017200 0.092800 0.073800 0.073000 0.092900 0.094000 0.072800 0.074200 0.092200 0.071800 0.091400 0.092800 0.109300 0.073000 0.073600 0.092600 0.053200 0.035600 0.073800 0.094900 0.000000 0.110800 0.071700 0.072500 0.052500 0.073600 0.053300 0.072800 0.072800
Cattle 0.110600 0.202700 0.110300 0.201300 0.130500 0.110600 0.110100 0.091300 0.110300 0.113600 0.131500 0.110200 0.110600 0.110500 0.131200 0.131300 0.092600 0.053100 0.129100 0.110300 0.111900 0.110600 0.110700 0.131300 0.131300 0.111900 0.110600 0.131500 0.133000 0.110300 0.113600 0.130600 0.071900 0.129500 0.131300 0.070500 0.110600 0.111600 0.131100 0.129700 0.110700 0.111900 0.135600 0.110800 0.000000 0.110000 0.110000 0.091700 0.111600 0.090300 0.110300 0.110300
RoyalAntel 0.070600 0.297500 0.110100 0.219400 0.089600 0.071000 0.070900 0.052800 0.110100 0.113200 0.090100 0.110100 0.071000 0.070900 0.090000 0.090200 0.092500 0.053100 0.088900 0.110100 0.071700 0.071000 0.110400 0.090900 0.090000 0.071700 0.071000 0.131200 0.091100 0.110100 0.113200 0.089700 0.072000 0.089100 0.090000 0.109000 0.071000 0.071400 0.090100 0.089900 0.110400 0.071700 0.135200 0.071700 0.110000 0.000000 0.070700 0.053000 0.071400 0.090300 0.110100 0.110100
Steenbok 0.034900 0.250200 0.072100 0.200700 0.052300 0.034900 0.034800 0.016800 0.072100 0.074200 0.053100 0.072100 0.034900 0.033800 0.053100 0.053100 0.054600 0.053100 0.052400 0.072100 0.034600 0.034900 0.072400 0.092000 0.053100 0.035200 0.034900 0.092100 0.053800 0.072100 0.074200 0.052900 0.071900 0.052500 0.053100 0.109000 0.033400 0.035100 0.053100 0.090900 0.072400 0.035200 0.094900 0.072500 0.110000 0.070700 0.000000 0.017400 0.034500 0.053300 0.072100 0.072100
Impala 0.017400 0.229000 0.054200 0.180200 0.035300 0.017400 0.017400 0.000100 0.054200 0.055300 0.035500 0.053700 0.017400 0.017400 0.035200 0.035400 0.036100 0.035100 0.034900 0.054200 0.017600 0.017400 0.051000 0.073100 0.035400 0.017600 0.017400 0.073800 0.035900 0.054200 0.055300 0.035300 0.053600 0.035000 0.035400 0.090500 0.017400 0.017600 0.035400 0.072400 0.054000 0.017600 0.075500 0.052500 0.091700 0.053000 0.017400 0.000000 0.017600 0.035400 0.054200 0.054200
Klipspring 0.035300 0.255400 0.073300 0.204400 0.017100 0.035300 0.035300 0.017100 0.073300 0.075500 0.017300 0.073200 0.035300 0.035300 0.053800 0.052400 0.055400 0.053800 0.053000 0.073300 0.035700 0.033900 0.073600 0.093400 0.053900 0.035700 0.034400 0.093600 0.054600 0.073300 0.075500 0.053600 0.072900 0.053100 0.053900 0.110500 0.035300 0.000000 0.053800 0.092100 0.073600 0.035700 0.096500 0.073600 0.111600 0.071400 0.034500 0.017600 0.000000 0.054000 0.073300 0.073300
ForestMusk 0.053500 0.224300 0.053400 0.177100 0.072100 0.053500 0.053400 0.035400 0.053400 0.054700 0.072600 0.053100 0.053500 0.053400 0.072200 0.072500 0.035700 0.034800 0.035100 0.053400 0.054100 0.053500 0.053300 0.072200 0.072500 0.054100 0.053500 0.072600 0.073400 0.053400 0.054700 0.072200 0.053000 0.071600 0.072500 0.089100 0.053500 0.054000 0.072500 0.071300 0.053300 0.054100 0.074600 0.053300 0.090300 0.090300 0.053300 0.035400 0.054000 0.000000 0.053400 0.053400
Bushbuck 0.035500 0.183200 0.000000 0.179800 0.091800 0.035500 0.071500 0.053800 0.000000 0.074700 0.054300 0.072400 0.035500 0.072500 0.092300 0.092300 0.054800 0.053200 0.053300 0.000000 0.073300 0.035500 0.072800 0.092400 0.017800 0.073500 0.035500 0.017800 0.093600 0.000000 0.074700 0.091800 0.072100 0.053400 0.017800 0.109300 0.034500 0.073300 0.092200 0.091100 0.072800 0.073500 0.095400 0.072800 0.110300 0.110100 0.072100 0.054200 0.073300 0.053400 0.000000 0.000000
GreaterKud 0.035500 0.183200 0.000000 0.179800 0.091800 0.034000 0.072500 0.054000 0.000000 0.074700 0.054300 0.072400 0.035500 0.072500 0.092300 0.092300 0.054800 0.053200 0.053300 0.000000 0.073500 0.035500 0.072800 0.092400 0.017800 0.073500 0.035500 0.017400 0.093600 0.000000 0.074700 0.091800 0.072100 0.053400 0.017300 0.109300 0.035500 0.073300 0.092200 0.091100 0.072800 0.073500 0.095400 0.072800 0.110300 0.110100 0.072100 0.054200 0.073300 0.053400 0.000000 0.000000
