1
52 1
Argali 0.000000 0.236600 0.041200 0.193900 0.000200 0.000000 0.005800 0.029300 0.047600 0.070900 0.017600 0.035100 0.023400 0.035400 0.029400 0.011600 0.084000 0.084300 0.017600 0.053300 0.034300 0.000100 0.059600 0.059300 0.017600 0.017400 0.029300 0.041400 0.023500 0.047100 0.071100 0.023600 0.077400 0.029500 0.029400 0.041000 0.005800 0.011500 0.035300 0.065200 0.053200 0.011600 0.074800 0.059400 0.041100 0.005800 0.040900 0.017600 0.041200 0.040900 0.051400 0.053200
LesserMous 0.236600 0.000000 0.224600 0.196700 0.232900 0.236600 0.225800 0.246100 0.232500 0.255700 0.261400 0.223200 0.254800 0.225700 0.241000 0.223600 0.219600 0.205700 0.247000 0.239800 0.238400 0.231300 0.248800 0.234800 0.262100 0.214800 0.246600 0.224600 0.240100 0.217100 0.254400 0.234000 0.217800 0.264300 0.271100 0.238700 0.237900 0.223700 0.216900 0.241600 0.242200 0.223100 0.262600 0.249800 0.231800 0.242200 0.252600 0.235500 0.272000 0.232500 0.237600 0.239100
LesserKudu 0.041200 0.224600 0.000000 0.182000 0.041500 0.041200 0.035500 0.071900 0.005800 0.065100 0.059800 0.017300 0.065900 0.066000 0.072300 0.053400 0.078100 0.078400 0.059500 0.011600 0.065800 0.041500 0.066100 0.063600 0.059900 0.047400 0.071900 0.000000 0.066000 0.005800 0.077600 0.054100 0.096400 0.072400 0.072300 0.023200 0.047400 0.053200 0.078300 0.071700 0.059600 0.053200 0.081700 0.065800 0.023200 0.047800 0.083600 0.047800 0.084400 0.047100 0.005800 0.011500
KillerWhal 0.193900 0.196700 0.182000 0.000000 0.189700 0.193900 0.183200 0.202100 0.190100 0.202600 0.217000 0.174300 0.211000 0.212100 0.212600 0.188500 0.163000 0.163800 0.211000 0.196500 0.202800 0.188300 0.205200 0.191800 0.217900 0.180000 0.203100 0.182500 0.196900 0.174800 0.217800 0.199000 0.174500 0.219700 0.226700 0.195700 0.194900 0.186500 0.210800 0.198700 0.199100 0.188200 0.209900 0.206200 0.188900 0.198600 0.216700 0.197800 0.225500 0.189800 0.194800 0.196000
DefassaWat 0.000200 0.232900 0.041500 0.189700 0.000000 0.000200 0.005900 0.029600 0.047900 0.070700 0.017700 0.035400 0.023600 0.035700 0.029700 0.011700 0.084900 0.085100 0.017700 0.053800 0.031800 0.000200 0.059600 0.059900 0.017700 0.017600 0.029500 0.041700 0.023700 0.047500 0.071100 0.023900 0.078100 0.029800 0.029700 0.041400 0.005800 0.013800 0.035600 0.065800 0.053000 0.011700 0.075400 0.060000 0.041400 0.005900 0.041200 0.017800 0.041600 0.041300 0.051700 0.053600
Sheep 0.000000 0.236600 0.041200 0.193900 0.000200 0.000000 0.005800 0.029300 0.047600 0.070900 0.017600 0.035100 0.023400 0.035400 0.029400 0.011600 0.084000 0.084300 0.017600 0.053300 0.034300 0.000100 0.059600 0.059300 0.017600 0.017400 0.029300 0.041400 0.023500 0.047100 0.071100 0.023600 0.077400 0.029500 0.029400 0.041000 0.005800 0.011500 0.035300 0.065200 0.053200 0.011600 0.074800 0.059400 0.041100 0.005800 0.040900 0.017600 0.041200 0.040900 0.051400 0.053200
MaxwellsDu 0.005800 0.225800 0.035500 0.183200 0.005900 0.005800 0.000000 0.035600 0.041900 0.065400 0.023700 0.041500 0.029600 0.029700 0.035800 0.017600 0.078600 0.078900 0.023700 0.047700 0.038800 0.005900 0.066400 0.066100 0.023700 0.023600 0.035600 0.035700 0.029700 0.041400 0.078000 0.017900 0.084400 0.035800 0.035800 0.047400 0.011700 0.017600 0.041700 0.072100 0.059900 0.017600 0.082300 0.066200 0.047500 0.011800 0.047300 0.023800 0.047700 0.047400 0.046100 0.047500
GazellaPrz 0.029300 0.246100 0.071900 0.202100 0.029600 0.029300 0.035600 0.000000 0.077600 0.100700 0.047700 0.065600 0.053700 0.066200 0.060000 0.017500 0.116300 0.116800 0.047700 0.084500 0.041400 0.029500 0.091300 0.090800 0.047800 0.023400 0.059700 0.071100 0.029500 0.078000 0.088000 0.054200 0.095200 0.060100 0.060000 0.071700 0.035500 0.041300 0.041400 0.096800 0.084500 0.017400 0.105400 0.091000 0.071900 0.035700 0.046900 0.047900 0.065900 0.059400 0.082200 0.084300
MountainNy 0.047600 0.232500 0.005800 0.190100 0.047900 0.047600 0.041900 0.077600 0.000000 0.059300 0.054000 0.023400 0.060100 0.072800 0.079200 0.058500 0.072400 0.085400 0.060000 0.017600 0.071200 0.047900 0.060200 0.057700 0.054100 0.052200 0.066100 0.005800 0.071700 0.011600 0.070300 0.060800 0.102300 0.066600 0.066500 0.029300 0.054000 0.059800 0.083800 0.065900 0.053800 0.058500 0.075800 0.060000 0.029300 0.054400 0.089200 0.054400 0.091200 0.053600 0.011700 0.017500
MuntiacusM 0.070900 0.255700 0.065100 0.202600 0.070700 0.070900 0.065400 0.100700 0.059300 0.000000 0.077600 0.075500 0.071300 0.096600 0.101600 0.083500 0.077300 0.090100 0.090300 0.077500 0.096300 0.071500 0.023000 0.034700 0.077700 0.077400 0.077200 0.065400 0.096500 0.071100 0.011300 0.084600 0.114200 0.077800 0.077700 0.077100 0.077500 0.082500 0.109000 0.040500 0.017100 0.083200 0.022800 0.034700 0.077200 0.078100 0.114400 0.077700 0.115500 0.077000 0.075500 0.077300
goat 0.017600 0.261400 0.059800 0.217000 0.017700 0.017600 0.023700 0.047700 0.054000 0.077600 0.000000 0.053600 0.029600 0.054100 0.048000 0.029600 0.091100 0.104400 0.035800 0.072400 0.050500 0.017700 0.066300 0.070100 0.000100 0.035600 0.035500 0.060200 0.041900 0.065900 0.077900 0.042200 0.097100 0.035800 0.035700 0.053500 0.023600 0.029400 0.053900 0.072000 0.059800 0.029500 0.081400 0.066100 0.053700 0.023800 0.059500 0.035900 0.060000 0.059600 0.070400 0.072100
AfricanBuf 0.035100 0.223200 0.017300 0.174300 0.035400 0.035100 0.041500 0.065600 0.023400 0.075500 0.053600 0.000000 0.059600 0.072200 0.053700 0.047200 0.084200 0.084600 0.053300 0.029100 0.056500 0.029400 0.059800 0.057100 0.053700 0.041300 0.053400 0.017400 0.059800 0.011500 0.076000 0.060200 0.090000 0.066100 0.066000 0.017300 0.041300 0.047100 0.071900 0.065400 0.053400 0.047100 0.079900 0.059600 0.017300 0.041700 0.065100 0.041600 0.078100 0.041100 0.023300 0.029100
Topi 0.023400 0.254800 0.065900 0.211000 0.023600 0.023400 0.029600 0.053700 0.060100 0.071300 0.029600 0.059600 0.000000 0.047800 0.054000 0.035500 0.097200 0.110600 0.041800 0.078500 0.057100 0.023600 0.072400 0.072000 0.029600 0.041500 0.005800 0.066300 0.035700 0.071900 0.071500 0.048200 0.090500 0.005900 0.029600 0.065600 0.017600 0.035300 0.059900 0.078000 0.065800 0.035400 0.075200 0.072100 0.053500 0.029800 0.065400 0.041900 0.053700 0.065600 0.077100 0.078200
CommonDuik 0.035400 0.225700 0.066000 0.212100 0.035700 0.035400 0.029700 0.066200 0.072800 0.096600 0.054100 0.072200 0.047800 0.000000 0.066600 0.047700 0.110500 0.104500 0.054100 0.078700 0.057600 0.035700 0.098100 0.097600 0.054200 0.053800 0.053800 0.066400 0.060300 0.072100 0.109800 0.036000 0.103500 0.041900 0.066500 0.078300 0.029600 0.047500 0.072500 0.103700 0.091200 0.047500 0.114600 0.097800 0.066000 0.042000 0.071800 0.054300 0.066200 0.078200 0.077500 0.078400
Suni 0.029400 0.241000 0.072300 0.212600 0.029700 0.029400 0.035800 0.060000 0.079200 0.101600 0.048000 0.053700 0.054000 0.066600 0.000000 0.041600 0.117100 0.104300 0.048000 0.085000 0.064000 0.023700 0.090900 0.090200 0.048000 0.047700 0.047800 0.072700 0.054100 0.066000 0.102200 0.054500 0.110000 0.060500 0.060400 0.072100 0.035700 0.041500 0.066400 0.096600 0.084000 0.041500 0.107000 0.090200 0.072300 0.035900 0.059600 0.048200 0.072600 0.059600 0.084000 0.084800
Springbuck 0.011600 0.223600 0.053400 0.188500 0.011700 0.011600 0.017600 0.017500 0.058500 0.083500 0.029600 0.047200 0.035500 0.047700 0.041600 0.000000 0.097100 0.097400 0.029500 0.065800 0.023400 0.011700 0.072300 0.071900 0.029600 0.005800 0.041400 0.052000 0.011700 0.059400 0.071300 0.035800 0.077600 0.041700 0.041600 0.053200 0.017600 0.023400 0.023400 0.077900 0.065700 0.000100 0.087600 0.072000 0.053300 0.017700 0.029100 0.029600 0.047400 0.053200 0.062500 0.065600
Okapi 0.084000 0.219600 0.078100 0.163000 0.084900 0.084000 0.078600 0.116300 0.072400 0.077300 0.091100 0.084200 0.097200 0.110500 0.117100 0.097100 0.000000 0.023400 0.104100 0.090900 0.108000 0.084800 0.078400 0.078000 0.091200 0.089700 0.103400 0.078600 0.110500 0.084200 0.090000 0.098400 0.065100 0.104100 0.104000 0.090300 0.090900 0.095500 0.123200 0.084000 0.071800 0.096900 0.096500 0.078100 0.090600 0.091700 0.128600 0.091600 0.129800 0.090300 0.089400 0.090500
Giraffe 0.084300 0.205700 0.078400 0.163800 0.085100 0.084300 0.078900 0.116800 0.085400 0.090100 0.104400 0.084600 0.110600 0.104500 0.104300 0.097400 0.023400 0.000000 0.104500 0.091200 0.108200 0.085100 0.091600 0.091100 0.104500 0.089800 0.116800 0.078800 0.110900 0.084500 0.103100 0.098700 0.065300 0.117700 0.117500 0.090700 0.091300 0.095800 0.123600 0.097100 0.084700 0.097100 0.109800 0.091200 0.090900 0.092000 0.129000 0.092000 0.130300 0.090600 0.089700 0.090900
TibetanAnt 0.017600 0.247000 0.059500 0.211000 0.017700 0.017600 0.023700 0.047700 0.060000 0.090300 0.035800 0.053300 0.041800 0.054100 0.048000 0.029500 0.104100 0.104500 0.000000 0.072000 0.051000 0.017700 0.079100 0.078700 0.035800 0.035600 0.047800 0.053700 0.041800 0.065500 0.090700 0.042200 0.097100 0.048100 0.048000 0.059300 0.023700 0.029500 0.053900 0.084700 0.072400 0.029400 0.094900 0.078800 0.059400 0.023800 0.059500 0.036000 0.058300 0.059700 0.059900 0.071700
Sitatunga 0.053300 0.239800 0.011600 0.196500 0.053800 0.053300 0.047700 0.084500 0.017600 0.077500 0.072400 0.029100 0.078500 0.078700 0.085000 0.065800 0.090900 0.091200 0.072000 0.000000 0.078400 0.053700 0.078700 0.076300 0.072400 0.059700 0.084600 0.011600 0.078700 0.017400 0.090300 0.066700 0.096500 0.085100 0.085000 0.035000 0.059800 0.065600 0.091000 0.084300 0.072000 0.065600 0.094500 0.078400 0.035100 0.060200 0.096400 0.060200 0.097300 0.059400 0.017500 0.011600
Oribi 0.034300 0.238400 0.065800 0.202800 0.031800 0.034300 0.038800 0.041400 0.071200 0.096300 0.050500 0.056500 0.057100 0.057600 0.064000 0.023400 0.108000 0.108200 0.051000 0.078400 0.000000 0.032100 0.082600 0.081900 0.050900 0.026000 0.063000 0.064700 0.035600 0.071900 0.081100 0.057900 0.087700 0.051400 0.064000 0.065600 0.038300 0.043900 0.047500 0.088700 0.075800 0.023400 0.098100 0.081900 0.065700 0.038800 0.053100 0.050900 0.069000 0.062500 0.075500 0.078100
BarbaryShe 0.000100 0.231300 0.041500 0.188300 0.000200 0.000100 0.005900 0.029500 0.047900 0.071500 0.017700 0.029400 0.023600 0.035700 0.023700 0.011700 0.084800 0.085100 0.017700 0.053700 0.032100 0.000000 0.060200 0.059900 0.017700 0.017600 0.023600 0.041700 0.023700 0.041400 0.071800 0.023800 0.078100 0.029700 0.029700 0.041300 0.005900 0.011600 0.035600 0.065800 0.053700 0.011700 0.075400 0.059900 0.041400 0.005900 0.035300 0.017800 0.041600 0.041300 0.051600 0.053600
Daviddeer 0.059600 0.248800 0.066100 0.205200 0.059600 0.059600 0.066400 0.091300 0.060200 0.023000 0.066300 0.059800 0.072400 0.098100 0.090900 0.072300 0.078400 0.091600 0.079100 0.078700 0.082600 0.060200 0.000000 0.023400 0.066400 0.066100 0.078500 0.066500 0.085300 0.072200 0.023100 0.086000 0.103200 0.079000 0.078900 0.065900 0.066200 0.071500 0.097800 0.029200 0.005800 0.072000 0.032500 0.023400 0.066000 0.066800 0.103200 0.066400 0.104200 0.065900 0.077500 0.078500
Reindeer 0.059300 0.234800 0.063600 0.191800 0.059900 0.059300 0.066100 0.090800 0.057700 0.034700 0.070100 0.057100 0.072000 0.097600 0.090200 0.071900 0.078000 0.091100 0.078700 0.076300 0.081900 0.059900 0.023400 0.000000 0.066100 0.065800 0.078100 0.064000 0.084900 0.069900 0.034900 0.085600 0.103000 0.078600 0.078500 0.063400 0.065900 0.071700 0.097300 0.029100 0.017400 0.071700 0.040900 0.011600 0.063500 0.066500 0.102800 0.066500 0.103900 0.053300 0.074600 0.076500
Ibex 0.017600 0.262100 0.059900 0.217900 0.017700 0.017600 0.023700 0.047800 0.054100 0.077700 0.000100 0.053700 0.029600 0.054200 0.048000 0.029600 0.091200 0.104500 0.035800 0.072400 0.050900 0.017700 0.066400 0.066100 0.000000 0.035600 0.035600 0.060200 0.041900 0.066000 0.078000 0.042200 0.097200 0.035800 0.035800 0.053600 0.023700 0.029500 0.054000 0.072100 0.059900 0.029500 0.081800 0.066200 0.053700 0.023800 0.059500 0.036000 0.060100 0.059700 0.070800 0.072200
GyrantGaze 0.017400 0.214800 0.047400 0.180000 0.017600 0.017400 0.023600 0.023400 0.052200 0.077400 0.035600 0.041300 0.041500 0.053800 0.047700 0.005800 0.089700 0.089800 0.035600 0.059700 0.026000 0.017600 0.066100 0.065800 0.035600 0.000000 0.047500 0.045800 0.017600 0.053300 0.065200 0.041900 0.069900 0.047800 0.047700 0.047200 0.023500 0.029300 0.029400 0.071700 0.059600 0.005800 0.081400 0.065900 0.047300 0.023700 0.035000 0.023700 0.053600 0.047200 0.056100 0.059500
Hartebeest 0.029300 0.246600 0.071900 0.203100 0.029500 0.029300 0.035600 0.059700 0.066100 0.077200 0.035500 0.053400 0.005800 0.053800 0.047800 0.041400 0.103400 0.116800 0.047800 0.084600 0.063000 0.023600 0.078500 0.078100 0.035600 0.047500 0.000000 0.072300 0.041700 0.065600 0.077500 0.054200 0.096600 0.011700 0.035600 0.071600 0.023500 0.041200 0.066000 0.084000 0.071800 0.041300 0.081100 0.078200 0.059500 0.035700 0.059200 0.047900 0.059700 0.071600 0.083000 0.082700
Bongo 0.041400 0.224600 0.000000 0.182500 0.041700 0.041400 0.035700 0.071100 0.005800 0.065400 0.060200 0.017400 0.066300 0.066400 0.072700 0.052000 0.078600 0.078800 0.053700 0.011600 0.064700 0.041700 0.066500 0.064000 0.060200 0.045800 0.072300 0.000000 0.065200 0.005800 0.076600 0.054400 0.095700 0.072800 0.072700 0.023300 0.047700 0.053500 0.077200 0.072100 0.059900 0.052100 0.082100 0.066200 0.023400 0.048100 0.082700 0.048100 0.084700 0.047400 0.005800 0.011600
Gerenuk 0.023500 0.240100 0.066000 0.196900 0.023700 0.023500 0.029700 0.029500 0.071700 0.096500 0.041900 0.059800 0.035700 0.060300 0.054100 0.011700 0.110500 0.110900 0.041800 0.078700 0.035600 0.023700 0.085300 0.084900 0.041900 0.017600 0.041700 0.065200 0.000000 0.072100 0.084100 0.048300 0.090500 0.042000 0.054200 0.065800 0.029600 0.035400 0.035500 0.090900 0.078600 0.011600 0.101200 0.085000 0.066000 0.029800 0.041200 0.042000 0.060000 0.065700 0.076300 0.078400
CommonElan 0.047100 0.217100 0.005800 0.174800 0.047500 0.047100 0.041400 0.078000 0.011600 0.071100 0.065900 0.011500 0.071900 0.072100 0.066000 0.059400 0.084200 0.084500 0.065500 0.017400 0.071900 0.041400 0.072200 0.069900 0.066000 0.053300 0.065600 0.005800 0.072100 0.000000 0.083700 0.060200 0.102600 0.078500 0.078400 0.029000 0.053400 0.059200 0.084400 0.077700 0.065600 0.059200 0.088000 0.071900 0.029100 0.053800 0.077300 0.053900 0.090600 0.053100 0.011600 0.017300
MuntiacusR 0.071100 0.254400 0.077600 0.217800 0.071100 0.071100 0.078000 0.088000 0.070300 0.011300 0.077900 0.076000 0.071500 0.109800 0.102200 0.071300 0.090000 0.103100 0.090700 0.090300 0.081100 0.071800 0.023100 0.034900 0.078000 0.065200 0.077500 0.076600 0.084100 0.083700 0.000000 0.097700 0.101800 0.078100 0.078000 0.077400 0.077800 0.082900 0.096500 0.040700 0.017200 0.071100 0.022900 0.034900 0.077600 0.078400 0.102000 0.078000 0.109500 0.077400 0.087300 0.090000
HarveysDui 0.023600 0.234000 0.054100 0.199000 0.023900 0.023600 0.017900 0.054200 0.060800 0.084600 0.042200 0.060200 0.048200 0.036000 0.054500 0.035800 0.098400 0.098700 0.042200 0.066700 0.057900 0.023800 0.086000 0.085600 0.042200 0.041900 0.054200 0.054400 0.048300 0.060200 0.097700 0.000000 0.104200 0.054600 0.054600 0.066300 0.029800 0.035700 0.060500 0.091600 0.079200 0.035700 0.102200 0.085700 0.066400 0.030100 0.066100 0.042300 0.066700 0.066300 0.065200 0.066400
Pronghorn 0.077400 0.217800 0.096400 0.174500 0.078100 0.077400 0.084400 0.095200 0.102300 0.114200 0.097100 0.090000 0.090500 0.103500 0.110000 0.077600 0.065100 0.065300 0.097100 0.096500 0.087700 0.078100 0.103200 0.103000 0.097200 0.069900 0.096600 0.095700 0.090500 0.102600 0.101800 0.104200 0.000000 0.097300 0.109900 0.096200 0.071700 0.088900 0.102900 0.109000 0.096300 0.077300 0.121900 0.103100 0.083800 0.084800 0.108400 0.084800 0.103300 0.096100 0.106700 0.096200
BlueWildeb 0.029500 0.264300 0.072400 0.219700 0.029800 0.029500 0.035800 0.060100 0.066600 0.077800 0.035800 0.066100 0.005900 0.041900 0.060500 0.041700 0.104100 0.117700 0.048100 0.085100 0.051400 0.029700 0.079000 0.078600 0.035800 0.047800 0.011700 0.072800 0.042000 0.078500 0.078100 0.054600 0.097300 0.000000 0.035800 0.072100 0.023700 0.041500 0.066500 0.084600 0.072300 0.041600 0.082200 0.078700 0.059900 0.036000 0.071900 0.048300 0.060100 0.072100 0.084100 0.084800
Gemsbok 0.029400 0.271100 0.072300 0.226700 0.029700 0.029400 0.035800 0.060000 0.066500 0.077700 0.035700 0.066000 0.029600 0.066500 0.060400 0.041600 0.104000 0.117500 0.048000 0.085000 0.064000 0.029700 0.078900 0.078500 0.035800 0.047700 0.035600 0.072700 0.054200 0.078400 0.078000 0.054600 0.109900 0.035800 0.000000 0.072000 0.035700 0.041500 0.066400 0.084500 0.072200 0.041500 0.082100 0.078700 0.072200 0.035900 0.071800 0.048200 0.072500 0.072000 0.084000 0.084700
Yak 0.041000 0.238700 0.023200 0.195700 0.041400 0.041000 0.047400 0.071700 0.029300 0.077100 0.053500 0.017300 0.065600 0.078300 0.072100 0.053200 0.090300 0.090700 0.059300 0.035000 0.065600 0.041300 0.065900 0.063400 0.053600 0.047200 0.071600 0.023300 0.065800 0.029000 0.077400 0.066300 0.096200 0.072100 0.072000 0.000000 0.047300 0.053100 0.078000 0.071500 0.059400 0.053100 0.081200 0.065600 0.011100 0.047700 0.083400 0.047700 0.084200 0.047000 0.029200 0.035000
BlueSheep 0.005800 0.237900 0.047400 0.194900 0.005800 0.005800 0.011700 0.035500 0.054000 0.077500 0.023600 0.041300 0.017600 0.029600 0.035700 0.017600 0.090900 0.091300 0.023700 0.059800 0.038300 0.005900 0.066200 0.065900 0.023700 0.023500 0.023500 0.047700 0.029600 0.053400 0.077800 0.029800 0.071700 0.023700 0.035700 0.047300 0.000000 0.017500 0.041600 0.071800 0.059700 0.017500 0.081800 0.066000 0.035300 0.011800 0.047100 0.023700 0.035500 0.047300 0.058100 0.059600
BohorReedb 0.011500 0.223700 0.053200 0.186500 0.013800 0.011500 0.017600 0.041300 0.059800 0.082500 0.029400 0.047100 0.035300 0.047500 0.041500 0.023400 0.095500 0.095800 0.029500 0.065600 0.043900 0.011600 0.071500 0.071700 0.029500 0.029300 0.041200 0.053500 0.035400 0.059200 0.082900 0.035700 0.088900 0.041500 0.041500 0.053100 0.017500 0.000000 0.041300 0.065300 0.064900 0.023300 0.087300 0.071800 0.053200 0.017600 0.052900 0.029500 0.053400 0.053000 0.063600 0.065400
KirksDik 0.035300 0.216900 0.078300 0.210800 0.035600 0.035300 0.041700 0.041400 0.083800 0.109000 0.053900 0.071900 0.059900 0.072500 0.066400 0.023400 0.123200 0.123600 0.053900 0.091000 0.047500 0.035600 0.097800 0.097300 0.054000 0.029400 0.066000 0.077200 0.035500 0.084400 0.096500 0.060500 0.102900 0.066500 0.066400 0.078000 0.041600 0.041300 0.000000 0.084400 0.090900 0.023300 0.113600 0.097400 0.078200 0.041900 0.053000 0.054100 0.072200 0.077900 0.088100 0.090700
RoeDeer 0.065200 0.241600 0.071700 0.198700 0.065800 0.065200 0.072100 0.096800 0.065900 0.040500 0.072000 0.065400 0.078000 0.103700 0.096600 0.077900 0.084000 0.097100 0.084700 0.084300 0.088700 0.065800 0.029200 0.029100 0.072100 0.071700 0.084000 0.072100 0.090900 0.077700 0.040700 0.091600 0.109000 0.084600 0.084500 0.071500 0.071800 0.065300 0.084400 0.000000 0.023200 0.077600 0.046700 0.029100 0.071600 0.072400 0.108900 0.072400 0.109900 0.071400 0.082800 0.084000
WhiteLippe 0.053200 0.242200 0.059600 0.199100 0.053000 0.053200 0.059900 0.084500 0.053800 0.017100 0.059800 0.053400 0.065800 0.091200 0.084000 0.065700 0.071800 0.084700 0.072400 0.072000 0.075800 0.053700 0.005800 0.017400 0.059900 0.059600 0.071800 0.059900 0.078600 0.065600 0.017200 0.079200 0.096300 0.072300 0.072200 0.059400 0.059700 0.064900 0.090900 0.023200 0.000000 0.065500 0.028900 0.017400 0.059500 0.060200 0.096500 0.059800 0.097400 0.059400 0.070600 0.071800
ThomsonGaz 0.011600 0.223100 0.053200 0.188200 0.011700 0.011600 0.017600 0.017400 0.058500 0.083200 0.029500 0.047100 0.035400 0.047500 0.041500 0.000100 0.096900 0.097100 0.029400 0.065600 0.023400 0.011700 0.072000 0.071700 0.029500 0.005800 0.041300 0.052100 0.011600 0.059200 0.071100 0.035700 0.077300 0.041600 0.041500 0.053100 0.017500 0.023300 0.023300 0.077600 0.065500 0.000000 0.087600 0.071800 0.053200 0.017600 0.029000 0.029600 0.047300 0.053000 0.062800 0.065300
MuntiacusC 0.074800 0.262600 0.081700 0.209900 0.075400 0.074800 0.082300 0.105400 0.075800 0.022800 0.081400 0.079900 0.075200 0.114600 0.107000 0.087600 0.096500 0.109800 0.094900 0.094500 0.098100 0.075400 0.032500 0.040900 0.081800 0.081400 0.081100 0.082100 0.101200 0.088000 0.022900 0.102200 0.121900 0.082200 0.082100 0.081200 0.081800 0.087300 0.113600 0.046700 0.028900 0.087600 0.000000 0.040900 0.081300 0.082600 0.120900 0.081700 0.108900 0.083800 0.093100 0.094400
WhiteTaile 0.059400 0.249800 0.065800 0.206200 0.060000 0.059400 0.066200 0.091000 0.060000 0.034700 0.066100 0.059600 0.072100 0.097800 0.090200 0.072000 0.078100 0.091200 0.078800 0.078400 0.081900 0.059900 0.023400 0.011600 0.066200 0.065900 0.078200 0.066200 0.085000 0.071900 0.034900 0.085700 0.103100 0.078700 0.078700 0.065600 0.066000 0.071800 0.097400 0.029100 0.017400 0.071800 0.040900 0.000000 0.065800 0.066500 0.103000 0.066500 0.104000 0.065600 0.076600 0.078200
Cattle 0.041100 0.231800 0.023200 0.188900 0.041400 0.041100 0.047500 0.071900 0.029300 0.077200 0.053700 0.017300 0.053500 0.066000 0.072300 0.053300 0.090600 0.090900 0.059400 0.035100 0.065700 0.041400 0.066000 0.063500 0.053700 0.047300 0.059500 0.023400 0.066000 0.029100 0.077600 0.066400 0.083800 0.059900 0.072200 0.011100 0.035300 0.053200 0.078200 0.071600 0.059500 0.053200 0.081300 0.065800 0.000000 0.047800 0.083600 0.047800 0.071900 0.047100 0.029300 0.035000
RoyalAntel 0.005800 0.242200 0.047800 0.198600 0.005900 0.005800 0.011800 0.035700 0.054400 0.078100 0.023800 0.041700 0.029800 0.042000 0.035900 0.017700 0.091700 0.092000 0.023800 0.060200 0.038800 0.005900 0.066800 0.066500 0.023800 0.023700 0.035700 0.048100 0.029800 0.053800 0.078400 0.030100 0.084800 0.036000 0.035900 0.047700 0.011800 0.017600 0.041900 0.072400 0.060200 0.017600 0.082600 0.066500 0.047800 0.000000 0.047500 0.023900 0.048000 0.047600 0.058800 0.060100
Steenbok 0.040900 0.252600 0.083600 0.216700 0.041200 0.040900 0.047300 0.046900 0.089200 0.114400 0.059500 0.065100 0.065400 0.071800 0.059600 0.029100 0.128600 0.129000 0.059500 0.096400 0.053100 0.035300 0.103200 0.102800 0.059500 0.035000 0.059200 0.082700 0.041200 0.077300 0.102000 0.066100 0.108400 0.071900 0.071800 0.083400 0.047100 0.052900 0.053000 0.108900 0.096500 0.029000 0.120900 0.103000 0.083600 0.047500 0.000000 0.059700 0.077700 0.083500 0.093500 0.096100
Impala 0.017600 0.235500 0.047800 0.197800 0.017800 0.017600 0.023800 0.047900 0.054400 0.077700 0.035900 0.041600 0.041900 0.054300 0.048200 0.029600 0.091600 0.092000 0.036000 0.060200 0.050900 0.017800 0.066400 0.066500 0.036000 0.023700 0.047900 0.048100 0.042000 0.053900 0.078000 0.042300 0.084800 0.048300 0.048200 0.047700 0.023700 0.029500 0.054100 0.072400 0.059800 0.029600 0.081700 0.066500 0.047800 0.023900 0.059700 0.000000 0.060200 0.047600 0.058200 0.060100
Klipspring 0.041200 0.272000 0.084400 0.225500 0.041600 0.041200 0.047700 0.065900 0.091200 0.115500 0.060000 0.078100 0.053700 0.066200 0.072600 0.047400 0.129800 0.130300 0.058300 0.097300 0.069000 0.041600 0.104200 0.103900 0.060100 0.053600 0.059700 0.084700 0.060000 0.090600 0.109500 0.066700 0.103300 0.060100 0.072500 0.084200 0.035500 0.053400 0.072200 0.109900 0.097400 0.047300 0.108900 0.104000 0.071900 0.048000 0.077700 0.060200 0.000000 0.084200 0.095300 0.097000
ForestMusk 0.040900 0.232500 0.047100 0.189800 0.041300 0.040900 0.047400 0.059400 0.053600 0.077000 0.059600 0.041100 0.065600 0.078200 0.059600 0.053200 0.090300 0.090600 0.059700 0.059400 0.062500 0.041300 0.065900 0.053300 0.059700 0.047200 0.071600 0.047400 0.065700 0.053100 0.077400 0.066300 0.096100 0.072100 0.072000 0.047000 0.047300 0.053000 0.077900 0.071400 0.059400 0.053000 0.083800 0.065600 0.047100 0.047600 0.083500 0.047600 0.084200 0.000000 0.057200 0.059200
Bushbuck 0.051400 0.237600 0.005800 0.194800 0.051700 0.051400 0.046100 0.082200 0.011700 0.075500 0.070400 0.023300 0.077100 0.077500 0.084000 0.062500 0.089400 0.089700 0.059900 0.017500 0.075500 0.051600 0.077500 0.074600 0.070800 0.056100 0.083000 0.005800 0.076300 0.011600 0.087300 0.065200 0.106700 0.084100 0.084000 0.029200 0.058100 0.063600 0.088100 0.082800 0.070600 0.062800 0.093100 0.076600 0.029300 0.058800 0.093500 0.058200 0.095300 0.057200 0.000000 0.017500
GreaterKud 0.053200 0.239100 0.011500 0.196000 0.053600 0.053200 0.047500 0.084300 0.017500 0.077300 0.072100 0.029100 0.078200 0.078400 0.084800 0.065600 0.090500 0.090900 0.071700 0.011600 0.078100 0.053600 0.078500 0.076500 0.072200 0.059500 0.082700 0.011600 0.078400 0.017300 0.090000 0.066400 0.096200 0.084800 0.084700 0.035000 0.059600 0.065400 0.090700 0.084000 0.071800 0.065300 0.094400 0.078200 0.035000 0.060100 0.096100 0.060100 0.097000 0.059200 0.017500 0.000000
