1
52 1
Argali 0.000000 0.250400 0.106900 0.303100 0.150200 0.070900 0.111500 0.111500 0.144100 0.143600 0.074500 0.070600 0.235900 0.111500 0.149500 0.150200 0.198200 0.246500 0.074500 0.106900 0.111500 0.112400 0.106500 0.104300 0.077000 0.074500 0.285900 0.070800 0.198900 0.106900 0.143600 0.111500 0.250900 0.155200 0.149700 0.148100 0.074500 0.150200 0.194900 0.106500 0.106500 0.149700 0.143600 0.139800 0.148100 0.155400 0.111500 0.200500 0.149800 0.188000 0.106900 0.106900
LesserMous 0.250400 0.000000 0.199200 0.351700 0.196900 0.247700 0.155700 0.155700 0.242300 0.155900 0.202100 0.247100 0.202800 0.155700 0.195500 0.196900 0.074000 0.194500 0.202100 0.199200 0.155700 0.199800 0.199100 0.193400 0.208100 0.202100 0.256800 0.246200 0.252000 0.199200 0.155900 0.155700 0.200800 0.203700 0.196600 0.199600 0.202100 0.196900 0.157100 0.199100 0.199100 0.199500 0.155900 0.237400 0.199600 0.153000 0.155700 0.242200 0.153900 0.112200 0.199200 0.199200
LesserKudu 0.106900 0.199200 0.000000 0.457900 0.104800 0.105000 0.069200 0.069200 0.032600 0.103800 0.107900 0.104900 0.185900 0.069200 0.104300 0.104800 0.148700 0.278800 0.107900 0.000000 0.069200 0.145000 0.067800 0.066400 0.111200 0.107900 0.233300 0.033000 0.147700 0.000000 0.103800 0.069200 0.193800 0.108100 0.104400 0.104000 0.107900 0.104800 0.145200 0.067800 0.067800 0.105300 0.103800 0.032200 0.104000 0.107900 0.069200 0.235300 0.104400 0.141100 0.000000 0.000000
KillerWhal 0.303100 0.351700 0.457900 0.000000 0.405500 0.403700 0.352100 0.352100 0.518100 0.388100 0.304500 0.400000 0.407500 0.352100 0.404000 0.405000 0.243500 0.292100 0.304500 0.457900 0.352100 0.302900 0.449900 0.439900 0.312600 0.304500 0.396300 0.403300 0.487500 0.457900 0.388100 0.352100 0.246000 0.420300 0.406300 0.335900 0.304500 0.405500 0.240600 0.449900 0.449900 0.405800 0.388100 0.499400 0.335900 0.348200 0.352100 0.350600 0.350200 0.291000 0.457900 0.457900
DefassaWat 0.150200 0.196900 0.104800 0.405500 0.000000 0.145500 0.034500 0.034500 0.141400 0.141100 0.072200 0.145000 0.145800 0.034500 0.069300 0.069700 0.109900 0.240000 0.072200 0.104800 0.034500 0.109000 0.104500 0.102400 0.074500 0.072200 0.189300 0.144700 0.110300 0.104800 0.141100 0.034600 0.244800 0.071800 0.069300 0.144800 0.072200 0.000000 0.108300 0.104500 0.104500 0.069400 0.141100 0.137500 0.144800 0.071800 0.034500 0.195500 0.069300 0.104500 0.104800 0.104800
Sheep 0.070900 0.247700 0.105000 0.403700 0.145500 0.000000 0.108100 0.108100 0.141700 0.142400 0.071600 0.069000 0.231700 0.108100 0.144900 0.145500 0.193500 0.237100 0.071600 0.105000 0.108100 0.108200 0.104900 0.102800 0.073900 0.071600 0.282500 0.144800 0.192900 0.105000 0.142400 0.108100 0.243100 0.150400 0.145100 0.144300 0.071600 0.145500 0.189400 0.104900 0.104900 0.145900 0.142400 0.138600 0.144300 0.150300 0.108100 0.193700 0.145200 0.183400 0.105000 0.104700
MaxwellsDu 0.111500 0.155700 0.069200 0.352100 0.034500 0.108100 0.000000 0.000000 0.104800 0.104900 0.035800 0.107700 0.108000 0.000000 0.034300 0.034500 0.072500 0.196900 0.035400 0.069200 0.000000 0.072000 0.069100 0.067700 0.036900 0.035800 0.149400 0.107400 0.072600 0.068500 0.104900 0.000000 0.200700 0.035500 0.034300 0.107300 0.035800 0.034500 0.071300 0.069400 0.069100 0.034400 0.104900 0.102100 0.107300 0.035300 0.000000 0.153900 0.034400 0.069000 0.069000 0.069200
GazellaPrz 0.111500 0.155700 0.069200 0.352100 0.034500 0.108100 0.000000 0.000000 0.104800 0.104900 0.035800 0.107700 0.108000 0.000000 0.034100 0.034500 0.072500 0.196900 0.036000 0.068900 0.000000 0.072000 0.069100 0.067700 0.036900 0.035800 0.149400 0.107400 0.071800 0.069200 0.104900 0.000000 0.200700 0.035500 0.034300 0.107300 0.035400 0.034500 0.071300 0.069100 0.069500 0.034400 0.104900 0.102100 0.107300 0.035600 0.000000 0.153900 0.034400 0.069000 0.069200 0.069200
MountainNy 0.144100 0.242300 0.032600 0.518100 0.141400 0.141700 0.104800 0.104800 0.000000 0.139900 0.145300 0.141400 0.226300 0.104800 0.140400 0.067800 0.188300 0.229900 0.145300 0.032700 0.104800 0.183200 0.102700 0.100600 0.149700 0.145300 0.276600 0.067400 0.107200 0.032800 0.139900 0.104800 0.235900 0.145900 0.140600 0.140500 0.145300 0.141400 0.184000 0.102700 0.102700 0.141900 0.139900 0.065000 0.140500 0.145400 0.104800 0.188500 0.140700 0.178300 0.032800 0.032800
MuntiacusM 0.143600 0.155900 0.103800 0.388100 0.141100 0.142400 0.104900 0.104900 0.139900 0.000000 0.144600 0.142300 0.144800 0.104900 0.140400 0.141100 0.108400 0.227800 0.144600 0.103800 0.104900 0.182000 0.032600 0.032300 0.148700 0.144600 0.189400 0.141700 0.186600 0.103800 0.000000 0.104900 0.235700 0.145700 0.140600 0.140700 0.144600 0.141100 0.105600 0.033000 0.033000 0.142500 0.000000 0.065600 0.140700 0.145100 0.104900 0.276800 0.140700 0.102800 0.103800 0.103800
goat 0.074500 0.202100 0.107900 0.304500 0.072200 0.071600 0.035800 0.035800 0.145300 0.144600 0.000000 0.071400 0.150200 0.035600 0.071900 0.072200 0.113700 0.157400 0.000000 0.107900 0.035800 0.036100 0.107500 0.105300 0.000100 0.000000 0.194600 0.149700 0.114100 0.107900 0.144600 0.035500 0.159400 0.074500 0.071900 0.149700 0.000000 0.072200 0.112100 0.107500 0.107500 0.071800 0.144600 0.140900 0.149700 0.074600 0.035800 0.115000 0.072000 0.108100 0.107900 0.107900
AfricanBuf 0.070600 0.247100 0.104900 0.400000 0.145000 0.069000 0.107700 0.107700 0.141400 0.142300 0.071400 0.000000 0.230900 0.107700 0.144400 0.145000 0.192800 0.235600 0.071400 0.104900 0.107700 0.107800 0.104800 0.102700 0.073600 0.071400 0.281400 0.144400 0.192000 0.104900 0.142300 0.107700 0.241700 0.149900 0.144600 0.143800 0.070900 0.145000 0.188700 0.104800 0.104800 0.145500 0.142300 0.138500 0.143800 0.149600 0.107700 0.192800 0.144700 0.182700 0.104900 0.104900
Topi 0.235900 0.202800 0.185900 0.407500 0.145800 0.231700 0.108000 0.108000 0.226300 0.144800 0.150200 0.230900 0.000000 0.108000 0.144500 0.145800 0.110700 0.238400 0.150200 0.185900 0.108000 0.189300 0.185400 0.181200 0.154900 0.150200 0.035100 0.230400 0.194300 0.185900 0.144800 0.108000 0.245000 0.071400 0.144900 0.228800 0.150200 0.145800 0.108500 0.185400 0.185400 0.146400 0.144800 0.221400 0.228800 0.150100 0.108000 0.290500 0.144900 0.105000 0.185900 0.185900
CommonDuik 0.111500 0.155700 0.069200 0.352100 0.034500 0.108100 0.000000 0.000000 0.104800 0.104900 0.035600 0.107700 0.108000 0.000000 0.034300 0.034500 0.072500 0.196900 0.035800 0.069200 0.000000 0.072000 0.069000 0.067700 0.036900 0.035700 0.149400 0.107400 0.072600 0.069200 0.104900 0.000000 0.200700 0.035500 0.034300 0.107300 0.035800 0.034500 0.071300 0.069100 0.069100 0.034400 0.104900 0.102100 0.107300 0.035500 0.000000 0.153900 0.034400 0.069000 0.068800 0.069200
Suni 0.149500 0.195500 0.104300 0.404000 0.069300 0.144900 0.034300 0.034100 0.140400 0.140400 0.071900 0.144400 0.144500 0.034300 0.000000 0.069300 0.109800 0.239400 0.071900 0.104300 0.034300 0.109100 0.104000 0.102000 0.074200 0.071900 0.187100 0.144000 0.109100 0.104300 0.140400 0.034300 0.244600 0.071200 0.069200 0.144200 0.071900 0.069300 0.107400 0.104000 0.104000 0.069100 0.140400 0.136800 0.144200 0.071700 0.034300 0.195600 0.069400 0.104600 0.104300 0.104300
Springbuck 0.150200 0.196900 0.104800 0.405000 0.069700 0.145500 0.034500 0.034500 0.067800 0.141100 0.072200 0.145000 0.145800 0.034500 0.069300 0.000000 0.109900 0.151900 0.072200 0.104800 0.034500 0.109000 0.104500 0.102400 0.074500 0.072400 0.189300 0.144700 0.035200 0.104800 0.141100 0.034500 0.244800 0.071800 0.069300 0.144800 0.072200 0.069700 0.108300 0.104500 0.104500 0.069600 0.141100 0.137500 0.144800 0.071800 0.034600 0.111300 0.069300 0.104500 0.104800 0.104800
Okapi 0.198200 0.074000 0.148700 0.243500 0.109900 0.193500 0.072500 0.072500 0.188300 0.108400 0.113700 0.192800 0.110700 0.072500 0.109800 0.109900 0.000000 0.109600 0.113700 0.148700 0.072500 0.112500 0.148400 0.144700 0.116900 0.113700 0.153600 0.192400 0.155200 0.148700 0.108400 0.072500 0.111200 0.113300 0.109700 0.150100 0.113700 0.109900 0.072500 0.148400 0.148400 0.110200 0.108400 0.183300 0.150100 0.071800 0.072500 0.147200 0.071700 0.034600 0.148700 0.148700
Giraffe 0.246500 0.194500 0.278800 0.292100 0.240000 0.237100 0.196900 0.196900 0.229900 0.227800 0.157400 0.235600 0.238400 0.196900 0.239400 0.151900 0.109600 0.000000 0.157400 0.278800 0.196900 0.155800 0.275700 0.270000 0.162500 0.157400 0.288800 0.333900 0.201200 0.278800 0.227800 0.196900 0.153200 0.248000 0.239800 0.286100 0.157400 0.240000 0.197200 0.275700 0.275700 0.238600 0.227800 0.311600 0.286100 0.195300 0.196900 0.110900 0.194900 0.148800 0.278800 0.278800
TibetanAnt 0.074500 0.202100 0.107900 0.304500 0.072200 0.071600 0.035400 0.036000 0.145300 0.144600 0.000000 0.071400 0.150200 0.035800 0.071900 0.072200 0.113700 0.157400 0.000000 0.107900 0.035800 0.036100 0.107500 0.105300 0.000100 0.000000 0.194600 0.149700 0.114400 0.107900 0.144600 0.035800 0.159400 0.074500 0.071900 0.149700 0.000000 0.072200 0.112100 0.107500 0.107500 0.071800 0.144600 0.140900 0.149700 0.074600 0.035800 0.115000 0.072000 0.108100 0.107900 0.107900
Sitatunga 0.106900 0.199200 0.000000 0.457900 0.104800 0.105000 0.069200 0.068900 0.032700 0.103800 0.107900 0.104900 0.185900 0.069200 0.104300 0.104800 0.148700 0.278800 0.107900 0.000000 0.069200 0.145000 0.067800 0.066400 0.111200 0.107900 0.233300 0.033200 0.147700 0.000000 0.103800 0.069200 0.193800 0.108100 0.104400 0.104000 0.107900 0.104800 0.145200 0.067800 0.067800 0.105300 0.103800 0.032200 0.104000 0.107900 0.069200 0.235300 0.104400 0.141100 0.000000 0.000000
Oribi 0.111500 0.155700 0.069200 0.352100 0.034500 0.108100 0.000000 0.000000 0.104800 0.104900 0.035800 0.107700 0.108000 0.000000 0.034300 0.034500 0.072500 0.196900 0.035800 0.069200 0.000000 0.072000 0.069100 0.067700 0.036900 0.035800 0.149400 0.107400 0.072600 0.069200 0.104900 0.000000 0.200700 0.035500 0.034300 0.107300 0.035800 0.034500 0.071300 0.069100 0.069100 0.034200 0.104900 0.102100 0.107300 0.035600 0.000000 0.153900 0.034300 0.069000 0.069200 0.069200
BarbaryShe 0.112400 0.199800 0.145000 0.302900 0.109000 0.108200 0.072000 0.072000 0.183200 0.182000 0.036100 0.107800 0.189300 0.072000 0.109100 0.109000 0.112500 0.155800 0.036100 0.145000 0.072000 0.000000 0.144200 0.141400 0.037200 0.036100 0.235300 0.188800 0.153200 0.145000 0.182000 0.072000 0.157700 0.112300 0.109000 0.107100 0.035800 0.109000 0.150500 0.144200 0.144200 0.108500 0.182000 0.177700 0.107100 0.073900 0.071900 0.113900 0.034500 0.068900 0.145000 0.145000
Daviddeer 0.106500 0.199100 0.067800 0.449900 0.104500 0.104900 0.069100 0.069100 0.102700 0.032600 0.107500 0.104800 0.185400 0.069000 0.104000 0.104500 0.148400 0.275700 0.107500 0.067800 0.069100 0.144200 0.000000 0.000200 0.110700 0.107500 0.232600 0.104300 0.147000 0.067800 0.033000 0.069100 0.285000 0.107800 0.104100 0.103800 0.107600 0.104500 0.144800 0.000000 0.000000 0.105200 0.033000 0.032000 0.103800 0.107500 0.069100 0.233200 0.104200 0.140700 0.067500 0.067800
Reindeer 0.104300 0.193400 0.066400 0.439900 0.102400 0.102800 0.067700 0.067700 0.100600 0.032300 0.105300 0.102700 0.181200 0.067700 0.102000 0.102400 0.144700 0.270000 0.105300 0.066400 0.067700 0.141400 0.000200 0.000000 0.108400 0.105300 0.227100 0.102200 0.144100 0.066400 0.032300 0.067700 0.277700 0.105600 0.102100 0.101700 0.105300 0.102400 0.141500 0.000200 0.000200 0.103000 0.032300 0.031300 0.101700 0.105400 0.067700 0.229000 0.102100 0.137700 0.066400 0.066400
Ibex 0.077000 0.208100 0.111200 0.312600 0.074500 0.073900 0.036900 0.036900 0.149700 0.148700 0.000100 0.073600 0.154900 0.036900 0.074200 0.074500 0.116900 0.162500 0.000100 0.111200 0.036900 0.037200 0.110700 0.108400 0.000000 0.000100 0.200700 0.154500 0.118200 0.111200 0.148700 0.036900 0.164100 0.077000 0.074200 0.154700 0.000100 0.074500 0.115700 0.110700 0.110700 0.074100 0.148700 0.144700 0.154700 0.077100 0.036900 0.118700 0.074300 0.111400 0.111200 0.111200
GyrantGaze 0.074500 0.202100 0.107900 0.304500 0.072200 0.071600 0.035800 0.035800 0.145300 0.144600 0.000000 0.071400 0.150200 0.035700 0.071900 0.072400 0.113700 0.157400 0.000000 0.107900 0.035800 0.036100 0.107500 0.105300 0.000100 0.000000 0.194600 0.149700 0.114400 0.107900 0.144600 0.035600 0.159400 0.074300 0.072500 0.149700 0.000000 0.072200 0.112500 0.107500 0.107500 0.071800 0.144600 0.140900 0.149700 0.074600 0.035800 0.115000 0.072000 0.108100 0.107900 0.107900
Hartebeest 0.285900 0.256800 0.233300 0.396300 0.189300 0.282500 0.149400 0.149400 0.276600 0.189400 0.194600 0.281400 0.035100 0.149400 0.187100 0.189300 0.153600 0.288800 0.194600 0.233300 0.149400 0.235300 0.232600 0.227100 0.200700 0.194600 0.000000 0.280800 0.243400 0.233300 0.189400 0.149400 0.298600 0.111000 0.188100 0.278400 0.194600 0.189300 0.150400 0.232600 0.232600 0.190700 0.189400 0.271000 0.278400 0.194400 0.149400 0.346700 0.187800 0.145300 0.233300 0.233300
Bongo 0.070800 0.246200 0.033000 0.403300 0.144700 0.144800 0.107400 0.107400 0.067400 0.141700 0.149700 0.144400 0.230400 0.107400 0.144000 0.144700 0.192400 0.333900 0.149700 0.033200 0.107400 0.188800 0.104300 0.102200 0.154500 0.149700 0.280800 0.000000 0.191700 0.033100 0.141700 0.107400 0.242200 0.149400 0.144200 0.143400 0.149700 0.144700 0.188200 0.104300 0.104300 0.145000 0.141700 0.065900 0.143400 0.149400 0.107400 0.287200 0.144300 0.182300 0.033400 0.033100
Gerenuk 0.198900 0.252000 0.147700 0.487500 0.110300 0.192900 0.072600 0.071800 0.107200 0.186600 0.114100 0.192000 0.194300 0.072600 0.109100 0.035200 0.155200 0.201200 0.114400 0.147700 0.072600 0.153200 0.147000 0.144100 0.118200 0.114400 0.243400 0.191700 0.000000 0.147700 0.186600 0.072600 0.306400 0.114100 0.109300 0.191100 0.114400 0.110300 0.153000 0.147000 0.147000 0.109900 0.186600 0.181600 0.191100 0.113400 0.072600 0.156900 0.109300 0.146800 0.147700 0.147700
CommonElan 0.106900 0.199200 0.000000 0.457900 0.104800 0.105000 0.068500 0.069200 0.032800 0.103800 0.107900 0.104900 0.185900 0.069200 0.104300 0.104800 0.148700 0.278800 0.107900 0.000000 0.069200 0.145000 0.067800 0.066400 0.111200 0.107900 0.233300 0.033100 0.147700 0.000000 0.103800 0.069200 0.193800 0.108100 0.104400 0.104000 0.107900 0.104800 0.145200 0.067500 0.067800 0.105300 0.103800 0.032200 0.104000 0.107900 0.069200 0.235300 0.104400 0.141100 0.000000 0.000000
MuntiacusR 0.143600 0.155900 0.103800 0.388100 0.141100 0.142400 0.104900 0.104900 0.139900 0.000000 0.144600 0.142300 0.144800 0.104900 0.140400 0.141100 0.108400 0.227800 0.144600 0.103800 0.104900 0.182000 0.033000 0.032300 0.148700 0.144600 0.189400 0.141700 0.186600 0.103800 0.000000 0.104900 0.235700 0.145700 0.140600 0.140700 0.144600 0.141100 0.105600 0.033000 0.033000 0.142500 0.000000 0.065600 0.140700 0.145100 0.104900 0.276800 0.140700 0.102800 0.103800 0.103800
HarveysDui 0.111500 0.155700 0.069200 0.352100 0.034600 0.108100 0.000000 0.000000 0.104800 0.104900 0.035500 0.107700 0.108000 0.000000 0.034300 0.034500 0.072500 0.196900 0.035800 0.069200 0.000000 0.072000 0.069100 0.067700 0.036900 0.035600 0.149400 0.107400 0.072600 0.069200 0.104900 0.000000 0.200700 0.035500 0.034300 0.107300 0.035800 0.034500 0.071300 0.069100 0.069100 0.034400 0.104900 0.102100 0.107300 0.035600 0.000000 0.153900 0.034400 0.069000 0.069200 0.069200
Pronghorn 0.250900 0.200800 0.193800 0.246000 0.244800 0.243100 0.200700 0.200700 0.235900 0.235700 0.159400 0.241700 0.245000 0.200700 0.244600 0.244800 0.111200 0.153200 0.159400 0.193800 0.200700 0.157700 0.285000 0.277700 0.164100 0.159400 0.298600 0.242200 0.306400 0.193800 0.235700 0.200700 0.000000 0.253200 0.244900 0.241400 0.159400 0.244800 0.155000 0.285000 0.285000 0.244800 0.235700 0.228100 0.241400 0.198700 0.200700 0.194600 0.198500 0.151800 0.193800 0.193800
BlueWildeb 0.155200 0.203700 0.108100 0.420300 0.071800 0.150400 0.035500 0.035500 0.145900 0.145700 0.074500 0.149900 0.071400 0.035500 0.071200 0.071800 0.113300 0.248000 0.074500 0.108100 0.035500 0.112300 0.107800 0.105600 0.077000 0.074300 0.111000 0.149400 0.114100 0.108100 0.145700 0.035500 0.253200 0.000000 0.071300 0.148900 0.074500 0.071800 0.111600 0.107800 0.107800 0.071600 0.145700 0.141900 0.148900 0.073900 0.035500 0.201600 0.071300 0.107600 0.108100 0.108100
Gemsbok 0.149700 0.196600 0.104400 0.406300 0.069300 0.145100 0.034300 0.034300 0.140600 0.140600 0.071900 0.144600 0.144900 0.034300 0.069200 0.069300 0.109700 0.239800 0.071900 0.104400 0.034300 0.109000 0.104100 0.102100 0.074200 0.072500 0.188100 0.144200 0.109300 0.104400 0.140600 0.034300 0.244900 0.071300 0.000000 0.144300 0.071900 0.069200 0.107500 0.104700 0.104100 0.069100 0.140600 0.137100 0.144300 0.071700 0.034300 0.195500 0.069000 0.104500 0.104400 0.104400
Yak 0.148100 0.199600 0.104000 0.335900 0.144800 0.144300 0.107300 0.107300 0.140500 0.140700 0.149700 0.143800 0.228800 0.107300 0.144200 0.144800 0.150100 0.286100 0.149700 0.104000 0.107300 0.107100 0.103800 0.101700 0.154700 0.149700 0.278400 0.143400 0.191100 0.104000 0.140700 0.107300 0.241400 0.148900 0.144300 0.000000 0.149700 0.144800 0.104900 0.103800 0.103800 0.144700 0.140700 0.137000 0.000000 0.109700 0.107300 0.240200 0.068400 0.103200 0.104000 0.104000
BlueSheep 0.074500 0.202100 0.107900 0.304500 0.072200 0.071600 0.035800 0.035400 0.145300 0.144600 0.000000 0.070900 0.150200 0.035800 0.071900 0.072200 0.113700 0.157400 0.000000 0.107900 0.035800 0.035800 0.107600 0.105300 0.000100 0.000000 0.194600 0.149700 0.114400 0.107900 0.144600 0.035800 0.159400 0.074500 0.071900 0.149700 0.000000 0.072200 0.112100 0.107500 0.107500 0.071800 0.144600 0.140900 0.149700 0.074600 0.035800 0.115000 0.072000 0.108100 0.107900 0.107900
BohorReedb 0.150200 0.196900 0.104800 0.405500 0.000000 0.145500 0.034500 0.034500 0.141400 0.141100 0.072200 0.145000 0.145800 0.034500 0.069300 0.069700 0.109900 0.240000 0.072200 0.104800 0.034500 0.109000 0.104500 0.102400 0.074500 0.072200 0.189300 0.144700 0.110300 0.104800 0.141100 0.034500 0.244800 0.071800 0.069200 0.144800 0.072200 0.000000 0.108300 0.104500 0.104500 0.069400 0.141100 0.137500 0.144800 0.071800 0.034500 0.195500 0.069300 0.104500 0.104800 0.104800
KirksDik 0.194900 0.157100 0.145200 0.240600 0.108300 0.189400 0.071300 0.071300 0.184000 0.105600 0.112100 0.188700 0.108500 0.071300 0.107400 0.108300 0.072500 0.197200 0.112100 0.145200 0.071300 0.150500 0.144800 0.141500 0.115700 0.112500 0.150400 0.188200 0.153000 0.145200 0.105600 0.071300 0.155000 0.111600 0.107500 0.104900 0.112100 0.108300 0.000000 0.144800 0.144800 0.108000 0.105600 0.178700 0.104900 0.111400 0.071900 0.244700 0.107600 0.069000 0.145200 0.145200
RoeDeer 0.106500 0.199100 0.067800 0.449900 0.104500 0.104900 0.069400 0.069100 0.102700 0.033000 0.107500 0.104800 0.185400 0.069100 0.104000 0.104500 0.148400 0.275700 0.107500 0.067800 0.069100 0.144200 0.000000 0.000200 0.110700 0.107500 0.232600 0.104300 0.147000 0.067500 0.033000 0.069100 0.285000 0.107800 0.104700 0.103800 0.107500 0.104500 0.144800 0.000000 0.000000 0.105200 0.032700 0.032000 0.103800 0.107500 0.068500 0.233200 0.104200 0.140700 0.067800 0.067800
WhiteLippe 0.106500 0.199100 0.067800 0.449900 0.104500 0.104900 0.069100 0.069500 0.102700 0.033000 0.107500 0.104800 0.185400 0.069100 0.104000 0.104500 0.148400 0.275700 0.107500 0.067800 0.069100 0.144200 0.000000 0.000200 0.110700 0.107500 0.232600 0.104300 0.147000 0.067800 0.033000 0.069100 0.285000 0.107800 0.104100 0.103800 0.107500 0.104500 0.144800 0.000000 0.000000 0.105200 0.033000 0.032000 0.103800 0.107500 0.069100 0.233200 0.104200 0.140700 0.067800 0.067800
ThomsonGaz 0.149700 0.199500 0.105300 0.405800 0.069400 0.145900 0.034400 0.034400 0.141900 0.142500 0.071800 0.145500 0.146400 0.034400 0.069100 0.069600 0.110200 0.238600 0.071800 0.105300 0.034200 0.108500 0.105200 0.103000 0.074100 0.071800 0.190700 0.145000 0.109900 0.105300 0.142500 0.034400 0.244800 0.071600 0.069100 0.144700 0.071800 0.069400 0.108000 0.105200 0.105200 0.000000 0.142500 0.138800 0.144700 0.071600 0.034400 0.194800 0.069200 0.104700 0.105300 0.105300
MuntiacusC 0.143600 0.155900 0.103800 0.388100 0.141100 0.142400 0.104900 0.104900 0.139900 0.000000 0.144600 0.142300 0.144800 0.104900 0.140400 0.141100 0.108400 0.227800 0.144600 0.103800 0.104900 0.182000 0.033000 0.032300 0.148700 0.144600 0.189400 0.141700 0.186600 0.103800 0.000000 0.104900 0.235700 0.145700 0.140600 0.140700 0.144600 0.141100 0.105600 0.032700 0.033000 0.142500 0.000000 0.065600 0.140700 0.145100 0.104900 0.276800 0.140700 0.102800 0.103800 0.103800
WhiteTaile 0.139800 0.237400 0.032200 0.499400 0.137500 0.138600 0.102100 0.102100 0.065000 0.065600 0.140900 0.138500 0.221400 0.102100 0.136800 0.137500 0.183300 0.311600 0.140900 0.032200 0.102100 0.177700 0.032000 0.031300 0.144700 0.140900 0.271000 0.065900 0.181600 0.032200 0.065600 0.102100 0.228100 0.141900 0.137100 0.137000 0.140900 0.137500 0.178700 0.032000 0.032000 0.138800 0.065600 0.000000 0.137000 0.141400 0.102100 0.271000 0.137200 0.174200 0.032200 0.032200
Cattle 0.148100 0.199600 0.104000 0.335900 0.144800 0.144300 0.107300 0.107300 0.140500 0.140700 0.149700 0.143800 0.228800 0.107300 0.144200 0.144800 0.150100 0.286100 0.149700 0.104000 0.107300 0.107100 0.103800 0.101700 0.154700 0.149700 0.278400 0.143400 0.191100 0.104000 0.140700 0.107300 0.241400 0.148900 0.144300 0.000000 0.149700 0.144800 0.104900 0.103800 0.103800 0.144700 0.140700 0.137000 0.000000 0.109700 0.107300 0.240200 0.068000 0.103200 0.104000 0.104000
RoyalAntel 0.155400 0.153000 0.107900 0.348200 0.071800 0.150300 0.035300 0.035600 0.145400 0.145100 0.074600 0.149600 0.150100 0.035500 0.071700 0.071800 0.071800 0.195300 0.074600 0.107900 0.035600 0.073900 0.107500 0.105400 0.077100 0.074600 0.194400 0.149400 0.113400 0.107900 0.145100 0.035600 0.198700 0.073900 0.071700 0.109700 0.074600 0.071800 0.111400 0.107500 0.107500 0.071600 0.145100 0.141400 0.109700 0.000000 0.035000 0.152800 0.035200 0.070600 0.107900 0.107900
Steenbok 0.111500 0.155700 0.069200 0.352100 0.034500 0.108100 0.000000 0.000000 0.104800 0.104900 0.035800 0.107700 0.108000 0.000000 0.034300 0.034600 0.072500 0.196900 0.035800 0.069200 0.000000 0.071900 0.069100 0.067700 0.036900 0.035800 0.149400 0.107400 0.072600 0.069200 0.104900 0.000000 0.200700 0.035500 0.034300 0.107300 0.035800 0.034500 0.071900 0.068500 0.069100 0.034400 0.104900 0.102100 0.107300 0.035000 0.000000 0.153900 0.034200 0.069000 0.069200 0.069200
Impala 0.200500 0.242200 0.235300 0.350600 0.195500 0.193700 0.153900 0.153900 0.188500 0.276800 0.115000 0.192800 0.290500 0.153900 0.195600 0.111300 0.147200 0.110900 0.115000 0.235300 0.153900 0.113900 0.233200 0.229000 0.118700 0.115000 0.346700 0.287200 0.156900 0.235300 0.276800 0.153900 0.194600 0.201600 0.195500 0.240200 0.115000 0.195500 0.244700 0.233200 0.233200 0.194800 0.276800 0.271000 0.240200 0.152800 0.153900 0.000000 0.152500 0.192300 0.235300 0.235300
Klipspring 0.149800 0.153900 0.104400 0.350200 0.069300 0.145200 0.034400 0.034400 0.140700 0.140700 0.072000 0.144700 0.144900 0.034400 0.069400 0.069300 0.071700 0.194900 0.072000 0.104400 0.034300 0.034500 0.104200 0.102100 0.074300 0.072000 0.187800 0.144300 0.109300 0.104400 0.140700 0.034400 0.198500 0.071300 0.069000 0.068400 0.072000 0.069300 0.107600 0.104200 0.104200 0.069200 0.140700 0.137200 0.068000 0.035200 0.034200 0.152500 0.000000 0.032900 0.104400 0.104400
ForestMusk 0.188000 0.112200 0.141100 0.291000 0.104500 0.183400 0.069000 0.069000 0.178300 0.102800 0.108100 0.182700 0.105000 0.069000 0.104600 0.104500 0.034600 0.148800 0.108100 0.141100 0.069000 0.068900 0.140700 0.137700 0.111400 0.108100 0.145300 0.182300 0.146800 0.141100 0.102800 0.069000 0.151800 0.107600 0.104500 0.103200 0.108100 0.104500 0.069000 0.140700 0.140700 0.104700 0.102800 0.174200 0.103200 0.070600 0.069000 0.192300 0.032900 0.000000 0.141100 0.141100
Bushbuck 0.106900 0.199200 0.000000 0.457900 0.104800 0.105000 0.069000 0.069200 0.032800 0.103800 0.107900 0.104900 0.185900 0.068800 0.104300 0.104800 0.148700 0.278800 0.107900 0.000000 0.069200 0.145000 0.067500 0.066400 0.111200 0.107900 0.233300 0.033400 0.147700 0.000000 0.103800 0.069200 0.193800 0.108100 0.104400 0.104000 0.107900 0.104800 0.145200 0.067800 0.067800 0.105300 0.103800 0.032200 0.104000 0.107900 0.069200 0.235300 0.104400 0.141100 0.000000 0.000000
GreaterKud 0.106900 0.199200 0.000000 0.457900 0.104800 0.104700 0.069200 0.069200 0.032800 0.103800 0.107900 0.104900 0.185900 0.069200 0.104300 0.104800 0.148700 0.278800 0.107900 0.000000 0.069200 0.145000 0.067800 0.066400 0.111200 0.107900 0.233300 0.033100 0.147700 0.000000 0.103800 0.069200 0.193800 0.108100 0.104400 0.104000 0.107900 0.104800 0.145200 0.067800 0.067800 0.105300 0.103800 0.032200 0.104000 0.107900 0.069200 0.235300 0.104400 0.141100 0.000000 0.000000
