1
52 1
Argali 0.000000 0.177100 0.118600 0.244500 0.116400 0.000000 0.079300 0.039500 0.121700 0.210100 0.079000 0.079500 0.115900 0.214600 0.126200 0.039500 0.126000 0.166000 0.039500 0.113600 0.117200 0.117400 0.166500 0.084100 0.079000 0.039500 0.116400 0.121700 0.118100 0.205000 0.210100 0.039500 0.135700 0.116400 0.039600 0.194600 0.039500 0.116400 0.000000 0.124400 0.126000 0.078400 0.168700 0.177900 0.199000 0.156300 0.079000 0.078400 0.078400 0.040400 0.122700 0.160000
LesserMous 0.177100 0.000000 0.221800 0.138000 0.171500 0.177100 0.177500 0.132700 0.227600 0.120900 0.176800 0.177300 0.169900 0.236400 0.234000 0.132700 0.236100 0.281300 0.132700 0.317200 0.218100 0.218400 0.128700 0.088000 0.176800 0.132700 0.171600 0.227600 0.220500 0.322900 0.120900 0.132700 0.141000 0.171600 0.132700 0.258200 0.132700 0.171500 0.177100 0.085700 0.131600 0.175400 0.175300 0.185300 0.263100 0.216400 0.177300 0.175400 0.175400 0.132700 0.228200 0.221700
LesserKudu 0.118600 0.221800 0.000000 0.295700 0.155900 0.118600 0.119400 0.079300 0.036800 0.254500 0.119100 0.118400 0.155300 0.259800 0.169100 0.079300 0.167700 0.209000 0.079300 0.110300 0.157100 0.157500 0.209600 0.126700 0.119100 0.079300 0.155900 0.036800 0.158400 0.110700 0.254500 0.079300 0.181600 0.155900 0.079300 0.190600 0.079300 0.155900 0.118600 0.166700 0.169100 0.118100 0.212700 0.224100 0.194800 0.153000 0.119100 0.118100 0.118100 0.079300 0.037000 0.072600
KillerWhal 0.244500 0.138000 0.295700 0.000000 0.236500 0.244500 0.243800 0.193600 0.303600 0.285000 0.242400 0.134200 0.233000 0.372700 0.313700 0.193600 0.316000 0.236100 0.193600 0.406200 0.287900 0.287400 0.187600 0.144000 0.242400 0.193600 0.235200 0.303600 0.293000 0.414500 0.285000 0.193600 0.095100 0.235200 0.193600 0.334700 0.193600 0.236500 0.244500 0.140100 0.192900 0.241900 0.240000 0.258500 0.342300 0.285900 0.134200 0.241900 0.241900 0.193600 0.306300 0.295500
DefassaWat 0.116400 0.171500 0.155900 0.236500 0.000000 0.116400 0.116800 0.077700 0.159500 0.246800 0.116400 0.116500 0.070800 0.155000 0.076900 0.077700 0.165000 0.204100 0.077700 0.238000 0.072000 0.153600 0.113400 0.124000 0.116400 0.077700 0.071000 0.159500 0.155000 0.241500 0.246800 0.077700 0.177900 0.071000 0.077700 0.142100 0.077700 0.000000 0.116400 0.075600 0.165600 0.115900 0.207000 0.219200 0.144900 0.107000 0.116800 0.115900 0.115900 0.077700 0.160900 0.109600
Sheep 0.000000 0.177100 0.118600 0.244500 0.116400 0.000000 0.079300 0.039500 0.121700 0.210100 0.080100 0.079000 0.115900 0.214600 0.126200 0.040400 0.126000 0.166000 0.039500 0.113600 0.117200 0.117400 0.166500 0.084100 0.079000 0.039500 0.116600 0.121700 0.118100 0.205000 0.211200 0.039500 0.135700 0.116400 0.039500 0.194600 0.039500 0.116400 0.000000 0.124400 0.126000 0.078400 0.168700 0.177900 0.199000 0.156300 0.079500 0.078400 0.078400 0.040400 0.122700 0.160000
MaxwellsDu 0.079300 0.177500 0.119400 0.243800 0.116800 0.079300 0.000000 0.039900 0.122600 0.118600 0.079800 0.079600 0.116700 0.121200 0.127000 0.041500 0.127400 0.167400 0.039900 0.203400 0.118200 0.118800 0.078000 0.084700 0.079800 0.039900 0.117200 0.122600 0.119000 0.115500 0.118600 0.039900 0.136400 0.117200 0.039900 0.195900 0.040000 0.116800 0.079300 0.124900 0.126700 0.078900 0.079200 0.179400 0.200300 0.157700 0.079600 0.078900 0.078900 0.041100 0.123700 0.160800
GazellaPrz 0.039500 0.132700 0.079300 0.193600 0.077700 0.039500 0.039900 0.000000 0.081400 0.168600 0.039800 0.039500 0.077500 0.172100 0.084400 0.000000 0.084300 0.124700 0.000000 0.161600 0.078500 0.078700 0.124900 0.043400 0.039800 0.000000 0.077900 0.081400 0.079000 0.164100 0.168600 0.000000 0.090600 0.077900 0.000000 0.155600 0.000000 0.077700 0.039500 0.083100 0.084100 0.039400 0.126800 0.133300 0.159000 0.117500 0.039900 0.039600 0.039400 0.000000 0.082000 0.120100
MountainNy 0.121700 0.227600 0.036800 0.303600 0.159500 0.121700 0.122600 0.081400 0.000000 0.261400 0.122200 0.122100 0.159100 0.266600 0.173600 0.081400 0.166800 0.214600 0.081400 0.073100 0.161000 0.161700 0.214900 0.130200 0.122200 0.081400 0.159800 0.000000 0.162500 0.073900 0.261400 0.081400 0.186700 0.159800 0.081400 0.195000 0.081400 0.159500 0.121700 0.170900 0.173600 0.121100 0.218600 0.229900 0.199500 0.156800 0.122100 0.121100 0.121100 0.081400 0.000100 0.036300
MuntiacusM 0.210100 0.120900 0.254500 0.285000 0.246800 0.210100 0.118600 0.168600 0.261400 0.000000 0.211800 0.211000 0.247500 0.210900 0.271100 0.168600 0.273900 0.314000 0.168600 0.347600 0.250000 0.253000 0.115500 0.125400 0.211800 0.168600 0.248400 0.261400 0.253400 0.245700 0.000000 0.168600 0.178600 0.248400 0.168600 0.334800 0.168600 0.246800 0.210100 0.164000 0.166400 0.209000 0.037100 0.218800 0.343100 0.294000 0.211000 0.209000 0.209000 0.168600 0.264300 0.299400
goat 0.079000 0.176800 0.119100 0.242400 0.116400 0.080100 0.079800 0.039800 0.122200 0.211800 0.000000 0.079300 0.116300 0.216200 0.126600 0.039800 0.039400 0.077500 0.039800 0.202700 0.117800 0.037000 0.167000 0.084400 0.000000 0.039800 0.116800 0.123000 0.037000 0.114900 0.211800 0.039800 0.135900 0.118400 0.039800 0.109200 0.040800 0.116400 0.079000 0.124500 0.126200 0.078700 0.169800 0.177700 0.111300 0.073500 0.079300 0.078700 0.078700 0.039800 0.123300 0.160300
AfricanBuf 0.079500 0.177300 0.118400 0.134200 0.116500 0.079000 0.079600 0.039500 0.122100 0.211000 0.079300 0.000000 0.116300 0.215500 0.126800 0.039700 0.126600 0.077600 0.039700 0.202600 0.117700 0.117900 0.167200 0.084500 0.079300 0.039700 0.116800 0.122100 0.118500 0.205900 0.211000 0.039600 0.042200 0.116800 0.039700 0.195400 0.039700 0.116800 0.079000 0.124900 0.126500 0.078700 0.169400 0.178700 0.199800 0.156900 0.000000 0.078700 0.078700 0.040900 0.123200 0.160600
Topi 0.115900 0.169900 0.155300 0.233000 0.070800 0.115900 0.116700 0.077500 0.159100 0.247500 0.116300 0.116300 0.000000 0.155200 0.164400 0.077500 0.164200 0.203800 0.077500 0.237500 0.153300 0.153900 0.112800 0.123600 0.116300 0.077500 0.000100 0.159100 0.154600 0.241700 0.247500 0.077500 0.176100 0.000100 0.077500 0.142000 0.077500 0.070800 0.115900 0.075100 0.164700 0.115900 0.207100 0.217600 0.144200 0.106800 0.116300 0.115900 0.115900 0.077500 0.159900 0.109000
CommonDuik 0.214600 0.236400 0.259800 0.372700 0.155000 0.214600 0.121200 0.172100 0.266600 0.210900 0.216200 0.215500 0.155200 0.000000 0.277200 0.172100 0.278300 0.319200 0.172100 0.354400 0.255100 0.258000 0.116600 0.230000 0.216200 0.172100 0.155700 0.266600 0.258600 0.250600 0.210900 0.173400 0.298000 0.155700 0.172100 0.234600 0.172100 0.155000 0.214600 0.165300 0.276200 0.213500 0.214200 0.340500 0.233400 0.196600 0.215500 0.213500 0.213500 0.172100 0.269900 0.200200
Suni 0.126200 0.234000 0.169100 0.313700 0.076900 0.126200 0.127000 0.084400 0.173600 0.271100 0.126600 0.126800 0.164400 0.277200 0.000000 0.084400 0.180000 0.223500 0.084400 0.259600 0.077400 0.167400 0.224000 0.135500 0.126600 0.084400 0.165800 0.173600 0.168500 0.264300 0.271100 0.084400 0.192000 0.165800 0.084400 0.250000 0.084400 0.076900 0.126200 0.178200 0.180900 0.125500 0.226900 0.241200 0.254500 0.209100 0.126800 0.125500 0.125500 0.084400 0.165900 0.214100
Springbuck 0.039500 0.132700 0.079300 0.193600 0.077700 0.040400 0.041500 0.000000 0.081400 0.168600 0.039800 0.039700 0.077500 0.172100 0.084400 0.000000 0.084300 0.124700 0.000000 0.161600 0.078500 0.078700 0.124900 0.042300 0.039800 0.000000 0.077900 0.081400 0.079000 0.164100 0.168600 0.000000 0.090600 0.077900 0.000000 0.155600 0.000000 0.077700 0.039500 0.083100 0.084100 0.039400 0.126800 0.133300 0.159000 0.117500 0.040300 0.039400 0.039400 0.000000 0.082000 0.120100
Okapi 0.126000 0.236100 0.167700 0.316000 0.165000 0.126000 0.127400 0.084300 0.166800 0.273900 0.039400 0.126600 0.164200 0.278300 0.180000 0.084300 0.000000 0.038800 0.084300 0.254800 0.167100 0.078300 0.223900 0.135300 0.039400 0.084300 0.165800 0.166800 0.078300 0.155500 0.273900 0.084300 0.194400 0.165800 0.084300 0.152900 0.084300 0.165000 0.126000 0.177400 0.180300 0.125400 0.228400 0.239600 0.144200 0.114800 0.126600 0.125400 0.125400 0.084300 0.162400 0.207800
Giraffe 0.166000 0.281300 0.209000 0.236100 0.204100 0.166000 0.167400 0.124700 0.214600 0.314000 0.077500 0.077600 0.203800 0.319200 0.223500 0.124700 0.038800 0.000000 0.124700 0.300100 0.205900 0.115400 0.265400 0.176200 0.077500 0.124700 0.204600 0.214600 0.115700 0.200600 0.314000 0.124700 0.132800 0.204600 0.124700 0.190300 0.124700 0.204100 0.166000 0.219300 0.222900 0.165100 0.270000 0.284700 0.189900 0.153200 0.077600 0.165100 0.165100 0.124700 0.216900 0.253900
TibetanAnt 0.039500 0.132700 0.079300 0.193600 0.077700 0.039500 0.039900 0.000000 0.081400 0.168600 0.039800 0.039700 0.077500 0.172100 0.084400 0.000000 0.084300 0.124700 0.000000 0.161600 0.078500 0.080500 0.124900 0.042600 0.039800 0.000000 0.079900 0.081400 0.079000 0.164100 0.168600 0.000000 0.090600 0.077900 0.000000 0.155600 0.000000 0.077700 0.039500 0.083100 0.084100 0.039400 0.126800 0.133300 0.159000 0.117500 0.039700 0.040300 0.039400 0.000000 0.082000 0.120100
Sitatunga 0.113600 0.317200 0.110300 0.406200 0.238000 0.113600 0.203400 0.161600 0.073100 0.347600 0.202700 0.202600 0.237500 0.354400 0.259600 0.161600 0.254800 0.300100 0.161600 0.000000 0.239900 0.241700 0.299900 0.215700 0.202700 0.161600 0.238500 0.073100 0.243000 0.147000 0.347600 0.161600 0.277500 0.238500 0.161600 0.272500 0.161600 0.238000 0.113600 0.254800 0.259400 0.200800 0.305700 0.320500 0.279000 0.234300 0.202600 0.200800 0.200800 0.161600 0.073700 0.108000
Oribi 0.117200 0.218100 0.157100 0.287900 0.072000 0.117200 0.118200 0.078500 0.161000 0.250000 0.117800 0.117700 0.153300 0.255100 0.077400 0.078500 0.167100 0.205900 0.078500 0.239900 0.000000 0.155800 0.206000 0.125100 0.117800 0.078500 0.154000 0.161000 0.156400 0.244500 0.250000 0.078500 0.179000 0.154000 0.078500 0.231600 0.078500 0.072000 0.117200 0.164100 0.166400 0.116800 0.209300 0.219400 0.236900 0.194000 0.117800 0.116700 0.116700 0.078500 0.162500 0.198100
BarbaryShe 0.117400 0.218400 0.157500 0.287400 0.153600 0.117400 0.118800 0.078700 0.161700 0.253000 0.037000 0.117900 0.153900 0.258000 0.167400 0.078700 0.078300 0.115400 0.080500 0.241700 0.155800 0.000000 0.206700 0.126600 0.037000 0.078700 0.154500 0.161700 0.073400 0.152400 0.253000 0.078700 0.179300 0.154500 0.078700 0.144500 0.078700 0.153600 0.117400 0.164200 0.166700 0.116900 0.211000 0.219600 0.147200 0.109400 0.117900 0.116900 0.116900 0.078700 0.163100 0.198600
Daviddeer 0.166500 0.128700 0.209600 0.187600 0.113400 0.166500 0.078000 0.124900 0.214900 0.115500 0.167000 0.167200 0.112800 0.116600 0.224000 0.124900 0.223900 0.265400 0.124900 0.299900 0.206000 0.206700 0.000000 0.082900 0.166800 0.124900 0.113300 0.214900 0.208400 0.200800 0.115500 0.124900 0.133300 0.113300 0.124900 0.189300 0.124900 0.113400 0.166500 0.037900 0.124100 0.165700 0.077300 0.174700 0.193300 0.151900 0.167200 0.165700 0.165700 0.124900 0.217000 0.155600
Reindeer 0.084100 0.088000 0.126700 0.144000 0.124000 0.084100 0.084700 0.043400 0.130200 0.125400 0.084400 0.084500 0.123600 0.230000 0.135500 0.042300 0.135300 0.176200 0.042600 0.215700 0.125100 0.126600 0.082900 0.000000 0.084400 0.042300 0.124100 0.130200 0.126100 0.219500 0.125400 0.042300 0.045100 0.124100 0.043600 0.207600 0.042300 0.124000 0.084100 0.041400 0.041900 0.083800 0.083900 0.088400 0.212600 0.166800 0.084500 0.083800 0.083800 0.043400 0.131200 0.170900
Ibex 0.079000 0.176800 0.119100 0.242400 0.116400 0.079000 0.079800 0.039800 0.122200 0.211800 0.000000 0.079300 0.116300 0.216200 0.126600 0.039800 0.039400 0.077500 0.039800 0.202700 0.117800 0.037000 0.166800 0.084400 0.000000 0.039800 0.116800 0.122200 0.037000 0.114900 0.211800 0.039800 0.135900 0.116800 0.039800 0.109200 0.041500 0.116400 0.079000 0.124500 0.126200 0.078700 0.169800 0.178300 0.111300 0.073500 0.079300 0.078700 0.078700 0.039800 0.123300 0.160300
GyrantGaze 0.039500 0.132700 0.079300 0.193600 0.077700 0.039500 0.039900 0.000000 0.081400 0.168600 0.039800 0.039700 0.077500 0.172100 0.084400 0.000000 0.084300 0.124700 0.000000 0.161600 0.078500 0.078700 0.124900 0.042300 0.039800 0.000000 0.077900 0.081400 0.079000 0.164100 0.168600 0.000000 0.090600 0.077900 0.000000 0.155600 0.000000 0.077700 0.039500 0.083100 0.084100 0.039400 0.126800 0.133300 0.159000 0.117500 0.039700 0.039500 0.039400 0.000000 0.082000 0.120100
Hartebeest 0.116400 0.171600 0.155900 0.235200 0.071000 0.116600 0.117200 0.077900 0.159800 0.248400 0.116800 0.116800 0.000100 0.155700 0.165800 0.077900 0.165800 0.204600 0.079900 0.238500 0.154000 0.154500 0.113300 0.124100 0.116800 0.077900 0.000000 0.159800 0.155300 0.242800 0.248400 0.077900 0.177800 0.000000 0.077900 0.142100 0.077900 0.071000 0.116400 0.075400 0.165400 0.115900 0.207800 0.218300 0.144800 0.107200 0.116800 0.115900 0.115900 0.079100 0.161200 0.109400
Bongo 0.121700 0.227600 0.036800 0.303600 0.159500 0.121700 0.122600 0.081400 0.000000 0.261400 0.123000 0.122100 0.159100 0.266600 0.173600 0.081400 0.166800 0.214600 0.081400 0.073100 0.161000 0.161700 0.214900 0.130200 0.122200 0.081400 0.159800 0.000000 0.162500 0.073900 0.261400 0.081400 0.186700 0.159800 0.081400 0.195000 0.081400 0.159500 0.121700 0.170900 0.173600 0.121100 0.218600 0.229900 0.199500 0.156800 0.122100 0.121100 0.121100 0.081400 0.000100 0.036300
Gerenuk 0.118100 0.220500 0.158400 0.293000 0.155000 0.118100 0.119000 0.079000 0.162500 0.253400 0.037000 0.118500 0.154600 0.258600 0.168500 0.079000 0.078300 0.115700 0.079000 0.243000 0.156400 0.073400 0.208400 0.126100 0.037000 0.079000 0.155300 0.162500 0.000000 0.152400 0.253400 0.079000 0.181000 0.155300 0.079000 0.145100 0.079000 0.155000 0.118100 0.165700 0.167900 0.117600 0.211800 0.222500 0.148000 0.109600 0.118500 0.117600 0.117600 0.079000 0.164000 0.200200
CommonElan 0.205000 0.322900 0.110700 0.414500 0.241500 0.205000 0.115500 0.164100 0.073900 0.245700 0.114900 0.205900 0.241700 0.250600 0.264300 0.164100 0.155500 0.200600 0.164100 0.147000 0.244500 0.152400 0.200800 0.219500 0.114900 0.164100 0.242800 0.073900 0.152400 0.000000 0.245700 0.164100 0.284000 0.242800 0.164100 0.183300 0.164100 0.241500 0.205000 0.259200 0.264300 0.204000 0.204800 0.327100 0.187100 0.147600 0.205900 0.204000 0.204000 0.164100 0.074500 0.109000
MuntiacusR 0.210100 0.120900 0.254500 0.285000 0.246800 0.211200 0.118600 0.168600 0.261400 0.000000 0.211800 0.211000 0.247500 0.210900 0.271100 0.168600 0.273900 0.314000 0.168600 0.347600 0.250000 0.253000 0.115500 0.125400 0.211800 0.168600 0.248400 0.261400 0.253400 0.245700 0.000000 0.168600 0.178600 0.248400 0.168600 0.334800 0.168600 0.246800 0.210100 0.164000 0.166400 0.209000 0.037100 0.218800 0.343100 0.294000 0.211000 0.209000 0.209000 0.168600 0.264300 0.299400
HarveysDui 0.039500 0.132700 0.079300 0.193600 0.077700 0.039500 0.039900 0.000000 0.081400 0.168600 0.039800 0.039600 0.077500 0.173400 0.084400 0.000000 0.084300 0.124700 0.000000 0.161600 0.078500 0.078700 0.124900 0.042300 0.039800 0.000000 0.077900 0.081400 0.079000 0.164100 0.168600 0.000000 0.090600 0.077900 0.000000 0.155600 0.000000 0.077700 0.039500 0.083100 0.084100 0.039400 0.126800 0.133300 0.159000 0.117500 0.040400 0.040700 0.039400 0.000000 0.082000 0.120100
Pronghorn 0.135700 0.141000 0.181600 0.095100 0.177900 0.135700 0.136400 0.090600 0.186700 0.178600 0.135900 0.042200 0.176100 0.298000 0.192000 0.090600 0.194400 0.132800 0.090600 0.277500 0.179000 0.179300 0.133300 0.045100 0.135900 0.090600 0.177800 0.186700 0.181000 0.284000 0.178600 0.090600 0.000000 0.177800 0.090600 0.267900 0.090600 0.177900 0.135700 0.088800 0.089900 0.134800 0.134700 0.143000 0.273300 0.224100 0.042200 0.134800 0.134800 0.090600 0.187200 0.229900
BlueWildeb 0.116400 0.171600 0.155900 0.235200 0.071000 0.116400 0.117200 0.077900 0.159800 0.248400 0.118400 0.116800 0.000100 0.155700 0.165800 0.077900 0.165800 0.204600 0.077900 0.238500 0.154000 0.154500 0.113300 0.124100 0.116800 0.077900 0.000000 0.159800 0.155300 0.242800 0.248400 0.077900 0.177800 0.000000 0.077900 0.142100 0.077900 0.071000 0.116400 0.075400 0.165400 0.115900 0.207800 0.218300 0.144800 0.107200 0.116800 0.115900 0.115900 0.077900 0.161200 0.109400
Gemsbok 0.039600 0.132700 0.079300 0.193600 0.077700 0.039500 0.039900 0.000000 0.081400 0.168600 0.039800 0.039700 0.077500 0.172100 0.084400 0.000000 0.084300 0.124700 0.000000 0.161600 0.078500 0.078700 0.124900 0.043600 0.039800 0.000000 0.077900 0.081400 0.079000 0.164100 0.168600 0.000000 0.090600 0.077900 0.000000 0.155600 0.000000 0.077700 0.039500 0.084200 0.084100 0.039400 0.126800 0.133300 0.159000 0.117500 0.039700 0.039500 0.039400 0.000000 0.082000 0.120100
Yak 0.194600 0.258200 0.190600 0.334700 0.142100 0.194600 0.195900 0.155600 0.195000 0.334800 0.109200 0.195400 0.142000 0.234600 0.250000 0.155600 0.152900 0.190300 0.155600 0.272500 0.231600 0.144500 0.189300 0.207600 0.109200 0.155600 0.142100 0.195000 0.145100 0.183300 0.334800 0.155600 0.267900 0.142100 0.155600 0.000000 0.155600 0.142100 0.194600 0.150700 0.250000 0.109200 0.294200 0.309100 0.000100 0.031900 0.195400 0.109200 0.109200 0.155600 0.196900 0.142700
BlueSheep 0.039500 0.132700 0.079300 0.193600 0.077700 0.039500 0.040000 0.000000 0.081400 0.168600 0.040800 0.039700 0.077500 0.172100 0.084400 0.000000 0.084300 0.124700 0.000000 0.161600 0.078500 0.078700 0.124900 0.042300 0.041500 0.000000 0.077900 0.081400 0.079000 0.164100 0.168600 0.000000 0.090600 0.077900 0.000000 0.155600 0.000000 0.079100 0.039500 0.085000 0.084100 0.040200 0.126800 0.133300 0.159000 0.117500 0.039700 0.039400 0.039400 0.000000 0.082000 0.120100
BohorReedb 0.116400 0.171500 0.155900 0.236500 0.000000 0.116400 0.116800 0.077700 0.159500 0.246800 0.116400 0.116800 0.070800 0.155000 0.076900 0.077700 0.165000 0.204100 0.077700 0.238000 0.072000 0.153600 0.113400 0.124000 0.116400 0.077700 0.071000 0.159500 0.155000 0.241500 0.246800 0.077700 0.177900 0.071000 0.077700 0.142100 0.079100 0.000000 0.116400 0.075600 0.165600 0.115900 0.207000 0.219200 0.144900 0.107000 0.116800 0.115900 0.115900 0.077700 0.160900 0.109600
KirksDik 0.000000 0.177100 0.118600 0.244500 0.116400 0.000000 0.079300 0.039500 0.121700 0.210100 0.079000 0.079000 0.115900 0.214600 0.126200 0.039500 0.126000 0.166000 0.039500 0.113600 0.117200 0.117400 0.166500 0.084100 0.079000 0.039500 0.116400 0.121700 0.118100 0.205000 0.210100 0.039500 0.135700 0.116400 0.039500 0.194600 0.039500 0.116400 0.000000 0.124400 0.126000 0.078400 0.168700 0.177900 0.199000 0.156300 0.079000 0.078400 0.078400 0.039500 0.122700 0.160000
RoeDeer 0.124400 0.085700 0.166700 0.140100 0.075600 0.124400 0.124900 0.083100 0.170900 0.164000 0.124500 0.124900 0.075100 0.165300 0.178200 0.083100 0.177400 0.219300 0.083100 0.254800 0.164100 0.164200 0.037900 0.041400 0.124500 0.083100 0.075400 0.170900 0.165700 0.259200 0.164000 0.083100 0.088800 0.075400 0.084200 0.150700 0.085000 0.075600 0.124400 0.000000 0.082600 0.123800 0.123700 0.130800 0.153900 0.113600 0.124900 0.123800 0.123800 0.084800 0.172300 0.119800
WhiteLippe 0.126000 0.131600 0.169100 0.192900 0.165600 0.126000 0.126700 0.084100 0.173600 0.166400 0.126200 0.126500 0.164700 0.276200 0.180900 0.084100 0.180300 0.222900 0.084100 0.259400 0.166400 0.166700 0.124100 0.041900 0.126200 0.084100 0.165400 0.173600 0.167900 0.264300 0.166400 0.084100 0.089900 0.165400 0.084100 0.250000 0.084100 0.165600 0.126000 0.082600 0.000000 0.124500 0.125400 0.132600 0.256300 0.208600 0.126500 0.123900 0.125500 0.084100 0.175100 0.214100
ThomsonGaz 0.078400 0.175400 0.118100 0.241900 0.115900 0.078400 0.078900 0.039400 0.121100 0.209000 0.078700 0.078700 0.115900 0.213500 0.125500 0.039400 0.125400 0.165100 0.039400 0.200800 0.116800 0.116900 0.165700 0.083800 0.078700 0.039400 0.115900 0.121100 0.117600 0.204000 0.209000 0.039400 0.134800 0.115900 0.039400 0.109200 0.040200 0.115900 0.078400 0.123800 0.124500 0.000000 0.167900 0.177400 0.111300 0.155600 0.078700 0.000000 0.000000 0.040300 0.122100 0.159300
MuntiacusC 0.168700 0.175300 0.212700 0.240000 0.207000 0.168700 0.079200 0.126800 0.218600 0.037100 0.169800 0.169400 0.207100 0.214200 0.226900 0.126800 0.228400 0.270000 0.126800 0.305700 0.209300 0.211000 0.077300 0.083900 0.169800 0.126800 0.207800 0.218600 0.211800 0.204800 0.037100 0.126800 0.134700 0.207800 0.126800 0.294200 0.126800 0.207000 0.168700 0.123700 0.125400 0.167900 0.000000 0.176400 0.301600 0.252700 0.169400 0.167900 0.167900 0.126800 0.220700 0.258000
WhiteTaile 0.177900 0.185300 0.224100 0.258500 0.219200 0.177900 0.179400 0.133300 0.229900 0.218800 0.177700 0.178700 0.217600 0.340500 0.241200 0.133300 0.239600 0.284700 0.133300 0.320500 0.219400 0.219600 0.174700 0.088400 0.178300 0.133300 0.218300 0.229900 0.222500 0.327100 0.218800 0.133300 0.143000 0.218300 0.133300 0.309100 0.133300 0.219200 0.177900 0.130800 0.132600 0.177400 0.176400 0.000000 0.317500 0.264600 0.178700 0.177100 0.177100 0.133300 0.231900 0.272400
Cattle 0.199000 0.263100 0.194800 0.342300 0.144900 0.199000 0.200300 0.159000 0.199500 0.343100 0.111300 0.199800 0.144200 0.233400 0.254500 0.159000 0.144200 0.189900 0.159000 0.279000 0.236900 0.147200 0.193300 0.212600 0.111300 0.159000 0.144800 0.199500 0.148000 0.187100 0.343100 0.159000 0.273300 0.144800 0.159000 0.000100 0.159000 0.144900 0.199000 0.153900 0.256300 0.111300 0.301600 0.317500 0.000000 0.032400 0.199800 0.111300 0.111300 0.159000 0.199700 0.145600
RoyalAntel 0.156300 0.216400 0.153000 0.285900 0.107000 0.156300 0.157700 0.117500 0.156800 0.294000 0.073500 0.156900 0.106800 0.196600 0.209100 0.117500 0.114800 0.153200 0.117500 0.234300 0.194000 0.109400 0.151900 0.166800 0.073500 0.117500 0.107200 0.156800 0.109600 0.147600 0.294000 0.117500 0.224100 0.107200 0.117500 0.031900 0.117500 0.107000 0.156300 0.113600 0.208600 0.155600 0.252700 0.264600 0.032400 0.000000 0.156900 0.155600 0.155600 0.117500 0.158200 0.107500
Steenbok 0.079000 0.177300 0.119100 0.134200 0.116800 0.079500 0.079600 0.039900 0.122100 0.211000 0.079300 0.000000 0.116300 0.215500 0.126800 0.040300 0.126600 0.077600 0.039700 0.202600 0.117800 0.117900 0.167200 0.084500 0.079300 0.039700 0.116800 0.122100 0.118500 0.205900 0.211000 0.040400 0.042200 0.116800 0.039700 0.195400 0.039700 0.116800 0.079000 0.124900 0.126500 0.078700 0.169400 0.178700 0.199800 0.156900 0.000000 0.078700 0.078700 0.039700 0.123200 0.160600
Impala 0.078400 0.175400 0.118100 0.241900 0.115900 0.078400 0.078900 0.039600 0.121100 0.209000 0.078700 0.078700 0.115900 0.213500 0.125500 0.039400 0.125400 0.165100 0.040300 0.200800 0.116700 0.116900 0.165700 0.083800 0.078700 0.039500 0.115900 0.121100 0.117600 0.204000 0.209000 0.040700 0.134800 0.115900 0.039500 0.109200 0.039400 0.115900 0.078400 0.123800 0.123900 0.000000 0.167900 0.177100 0.111300 0.155600 0.078700 0.000000 0.000000 0.039400 0.122100 0.159300
Klipspring 0.078400 0.175400 0.118100 0.241900 0.115900 0.078400 0.078900 0.039400 0.121100 0.209000 0.078700 0.078700 0.115900 0.213500 0.125500 0.039400 0.125400 0.165100 0.039400 0.200800 0.116700 0.116900 0.165700 0.083800 0.078700 0.039400 0.115900 0.121100 0.117600 0.204000 0.209000 0.039400 0.134800 0.115900 0.039400 0.109200 0.039400 0.115900 0.078400 0.123800 0.125500 0.000000 0.167900 0.177100 0.111300 0.155600 0.078700 0.000000 0.000000 0.040300 0.122100 0.159300
ForestMusk 0.040400 0.132700 0.079300 0.193600 0.077700 0.040400 0.041100 0.000000 0.081400 0.168600 0.039800 0.040900 0.077500 0.172100 0.084400 0.000000 0.084300 0.124700 0.000000 0.161600 0.078500 0.078700 0.124900 0.043400 0.039800 0.000000 0.079100 0.081400 0.079000 0.164100 0.168600 0.000000 0.090600 0.077900 0.000000 0.155600 0.000000 0.077700 0.039500 0.084800 0.084100 0.040300 0.126800 0.133300 0.159000 0.117500 0.039700 0.039400 0.040300 0.000000 0.082000 0.120100
Bushbuck 0.122700 0.228200 0.037000 0.306300 0.160900 0.122700 0.123700 0.082000 0.000100 0.264300 0.123300 0.123200 0.159900 0.269900 0.165900 0.082000 0.162400 0.216900 0.082000 0.073700 0.162500 0.163100 0.217000 0.131200 0.123300 0.082000 0.161200 0.000100 0.164000 0.074500 0.264300 0.082000 0.187200 0.161200 0.082000 0.196900 0.082000 0.160900 0.122700 0.172300 0.175100 0.122100 0.220700 0.231900 0.199700 0.158200 0.123200 0.122100 0.122100 0.082000 0.000000 0.036600
GreaterKud 0.160000 0.221700 0.072600 0.295500 0.109600 0.160000 0.160800 0.120100 0.036300 0.299400 0.160300 0.160600 0.109000 0.200200 0.214100 0.120100 0.207800 0.253900 0.120100 0.108000 0.198100 0.198600 0.155600 0.170900 0.160300 0.120100 0.109400 0.036300 0.200200 0.109000 0.299400 0.120100 0.229900 0.109400 0.120100 0.142700 0.120100 0.109600 0.160000 0.119800 0.214100 0.159300 0.258000 0.272400 0.145600 0.107500 0.160600 0.159300 0.159300 0.120100 0.036600 0.000000
