1
52 1
Argali 0.000000 0.567300 0.153500 0.308900 0.083700 0.000000 0.048100 0.047700 0.154500 0.209700 0.000000 0.136900 0.047600 0.048200 0.115700 0.048600 0.128400 0.130800 0.032400 0.188600 0.046900 0.000000 0.172000 0.149200 0.031900 0.064000 0.047400 0.154700 0.064000 0.115700 0.226800 0.031500 0.145300 0.047600 0.110300 0.117800 0.015500 0.065200 0.063000 0.165500 0.189200 0.064400 0.209200 0.132200 0.117100 0.030400 0.083300 0.101100 0.049200 0.127900 0.154700 0.154300
LesserMous 0.567300 0.000000 0.534000 0.388800 0.516400 0.567000 0.588600 0.519000 0.538400 0.423800 0.567300 0.508400 0.574000 0.534300 0.611600 0.595500 0.418300 0.402600 0.568800 0.522700 0.587900 0.567300 0.423300 0.409500 0.557200 0.610900 0.544400 0.537800 0.551300 0.521000 0.391800 0.550500 0.390100 0.574000 0.594900 0.532000 0.529300 0.556700 0.594100 0.400900 0.443900 0.549700 0.423700 0.411800 0.528000 0.526100 0.541300 0.538200 0.548500 0.435100 0.537800 0.535500
LesserKudu 0.153500 0.534000 0.000000 0.285700 0.213400 0.153200 0.133800 0.168100 0.000100 0.227800 0.153500 0.118000 0.167700 0.170700 0.206800 0.134900 0.111000 0.113100 0.192000 0.031300 0.133800 0.153500 0.189800 0.166300 0.152100 0.150400 0.166900 0.000100 0.150500 0.031300 0.244900 0.114900 0.161900 0.167700 0.234000 0.099600 0.170500 0.189900 0.147100 0.182400 0.207000 0.150700 0.227300 0.149100 0.098900 0.188300 0.213100 0.232800 0.173700 0.144300 0.000100 0.000000
KillerWhal 0.308900 0.388800 0.285700 0.000000 0.313400 0.308300 0.326900 0.280400 0.287700 0.225500 0.308900 0.289000 0.321800 0.285900 0.324100 0.329900 0.215200 0.219200 0.310400 0.282400 0.326300 0.308900 0.225500 0.219200 0.305600 0.344600 0.302800 0.288000 0.303200 0.282100 0.203800 0.302400 0.195400 0.321800 0.350100 0.286900 0.284800 0.349500 0.337800 0.216600 0.243100 0.302700 0.225100 0.220400 0.285200 0.283200 0.379400 0.357800 0.291000 0.212000 0.288000 0.287100
DefassaWat 0.083700 0.516400 0.213400 0.313400 0.000000 0.083500 0.100200 0.098900 0.215000 0.273300 0.083700 0.120100 0.133800 0.066100 0.171700 0.101000 0.183500 0.150500 0.119900 0.249900 0.100000 0.083700 0.233300 0.168700 0.117900 0.116800 0.133100 0.215300 0.116700 0.171800 0.290700 0.082100 0.200500 0.133800 0.199200 0.175200 0.100300 0.048200 0.114100 0.222900 0.251000 0.116800 0.272700 0.188700 0.173900 0.082200 0.139600 0.158400 0.067300 0.163800 0.215300 0.214600
Sheep 0.000000 0.567000 0.153200 0.308300 0.083500 0.000000 0.048200 0.047600 0.154200 0.209300 0.000000 0.136600 0.047600 0.048300 0.115500 0.048500 0.128700 0.131200 0.032400 0.188300 0.048100 0.000000 0.171700 0.148900 0.031900 0.064100 0.047400 0.154400 0.064200 0.115500 0.226400 0.031600 0.145100 0.047600 0.110600 0.117600 0.015800 0.065100 0.062900 0.165100 0.188900 0.064300 0.208800 0.131900 0.116900 0.031700 0.083600 0.101000 0.049100 0.127700 0.154400 0.154000
MaxwellsDu 0.048100 0.588600 0.133800 0.326900 0.100200 0.048200 0.000000 0.063500 0.134700 0.226900 0.048100 0.117500 0.063500 0.064000 0.132100 0.031900 0.144500 0.147100 0.082200 0.168300 0.030300 0.048100 0.189000 0.165700 0.081100 0.047200 0.063200 0.134900 0.047200 0.097400 0.244000 0.047200 0.127100 0.063500 0.160500 0.099100 0.064100 0.081300 0.078700 0.146400 0.206200 0.047500 0.226400 0.148600 0.098600 0.080300 0.099800 0.117700 0.065400 0.144000 0.134900 0.134500
GazellaPrz 0.047700 0.519000 0.168100 0.280400 0.098900 0.047600 0.063500 0.000000 0.169200 0.223900 0.047700 0.151600 0.095600 0.063600 0.096000 0.063900 0.143400 0.146000 0.081100 0.203000 0.063400 0.047700 0.186500 0.163700 0.080200 0.079200 0.095200 0.169400 0.079300 0.130500 0.202400 0.046800 0.125400 0.095600 0.125100 0.132700 0.063600 0.080300 0.077800 0.144400 0.203600 0.079400 0.223500 0.146800 0.131900 0.047000 0.098900 0.116200 0.064600 0.108800 0.169400 0.168900
MountainNy 0.154500 0.538400 0.000100 0.287700 0.215000 0.154200 0.134700 0.169200 0.000000 0.229400 0.154500 0.118700 0.168700 0.171900 0.208100 0.135800 0.111600 0.113800 0.193200 0.031400 0.134500 0.154500 0.191000 0.167300 0.153100 0.151400 0.168000 0.000000 0.151500 0.031500 0.246700 0.115600 0.162900 0.168700 0.235500 0.100100 0.171700 0.191300 0.148100 0.183600 0.208400 0.151600 0.229000 0.150000 0.099500 0.189600 0.214600 0.234500 0.175000 0.145200 0.000000 0.000100
MuntiacusM 0.209700 0.423800 0.227800 0.225500 0.273300 0.209300 0.226900 0.223900 0.229400 0.000000 0.209700 0.210900 0.223300 0.227300 0.306500 0.228800 0.127800 0.130200 0.210800 0.224900 0.226400 0.209700 0.047900 0.078700 0.207800 0.243900 0.204000 0.229700 0.205700 0.186700 0.015600 0.205500 0.144000 0.223300 0.291200 0.190000 0.188500 0.247600 0.239100 0.094200 0.063800 0.205500 0.000000 0.062800 0.188900 0.245700 0.193500 0.253000 0.231200 0.197400 0.229700 0.229000
goat 0.000000 0.567300 0.153500 0.308900 0.083700 0.000000 0.048100 0.047700 0.154500 0.209700 0.000000 0.136900 0.047600 0.048200 0.115700 0.048600 0.128400 0.130800 0.032400 0.188600 0.048000 0.000000 0.172000 0.149200 0.031800 0.064000 0.047400 0.154700 0.064000 0.115700 0.226800 0.031500 0.145300 0.047600 0.110300 0.117800 0.015400 0.065200 0.063000 0.165500 0.189200 0.064400 0.209200 0.132200 0.117100 0.031100 0.083300 0.101100 0.049200 0.127900 0.154700 0.154300
AfricanBuf 0.136900 0.508400 0.118000 0.289000 0.120100 0.136600 0.117500 0.151600 0.118700 0.210900 0.136900 0.000000 0.151200 0.154200 0.228600 0.118400 0.129300 0.097100 0.137800 0.152300 0.117300 0.136900 0.172900 0.114200 0.135500 0.134000 0.150500 0.118900 0.134100 0.081600 0.228000 0.134200 0.145700 0.151200 0.217300 0.049100 0.153900 0.136000 0.167000 0.165900 0.190100 0.134200 0.210400 0.132700 0.048800 0.134400 0.196100 0.215700 0.157100 0.145700 0.118900 0.118600
Topi 0.047600 0.574000 0.167700 0.321800 0.133800 0.047600 0.063500 0.095600 0.168700 0.223300 0.047600 0.151200 0.000000 0.096900 0.130200 0.097500 0.143400 0.145800 0.081100 0.202700 0.096700 0.047600 0.186000 0.163500 0.080200 0.112700 0.000000 0.168900 0.113000 0.130300 0.240500 0.079300 0.125700 0.000000 0.092500 0.132400 0.063600 0.114200 0.077700 0.144700 0.203100 0.113100 0.222900 0.146600 0.131700 0.079700 0.098700 0.115800 0.098300 0.142600 0.168900 0.168500
CommonDuik 0.048200 0.534300 0.170700 0.285900 0.066100 0.048300 0.064000 0.063600 0.171900 0.227300 0.048200 0.154200 0.096900 0.000000 0.132300 0.064900 0.144500 0.147300 0.082400 0.205900 0.064100 0.048200 0.189400 0.166000 0.081000 0.080100 0.096500 0.172100 0.080100 0.132400 0.244300 0.047400 0.161600 0.096900 0.160300 0.134700 0.064200 0.081600 0.078800 0.182100 0.206600 0.080600 0.226800 0.148800 0.133900 0.080500 0.100100 0.118100 0.032300 0.144000 0.172100 0.171600
Suni 0.115700 0.611600 0.206800 0.324100 0.171700 0.115500 0.132100 0.096000 0.208100 0.306500 0.115700 0.228600 0.130200 0.132300 0.000000 0.133200 0.216100 0.220100 0.152100 0.243300 0.132000 0.115700 0.265900 0.239600 0.150200 0.148500 0.142100 0.208400 0.148800 0.204200 0.282200 0.113600 0.196200 0.130200 0.159800 0.207600 0.132300 0.150500 0.111200 0.217800 0.283900 0.148800 0.305900 0.221600 0.206400 0.114000 0.134800 0.116100 0.134400 0.178200 0.208400 0.207900
Springbuck 0.048600 0.595500 0.134900 0.329900 0.101000 0.048500 0.031900 0.063900 0.135800 0.228800 0.048600 0.118400 0.097500 0.064900 0.133200 0.000000 0.146300 0.149000 0.082800 0.169700 0.031800 0.048600 0.190600 0.167100 0.081800 0.047700 0.097100 0.136000 0.015700 0.098200 0.246200 0.047800 0.162900 0.097500 0.162500 0.099900 0.064800 0.081900 0.079300 0.183600 0.208000 0.047800 0.228300 0.149800 0.099300 0.081300 0.101000 0.118700 0.065900 0.145200 0.136000 0.135600
Okapi 0.128400 0.418300 0.111000 0.215200 0.183500 0.128700 0.144500 0.143400 0.111600 0.127800 0.128400 0.129300 0.143400 0.144500 0.216100 0.146300 0.000000 0.028600 0.129500 0.110100 0.144300 0.128400 0.094400 0.076300 0.127800 0.160400 0.126300 0.111800 0.126500 0.077200 0.143700 0.093000 0.074800 0.143400 0.207400 0.111800 0.110500 0.162900 0.124500 0.091600 0.110300 0.126900 0.127500 0.060900 0.111100 0.161300 0.183100 0.202100 0.147100 0.090600 0.111800 0.111500
Giraffe 0.130800 0.402600 0.113100 0.219200 0.150500 0.131200 0.147100 0.146000 0.113800 0.130200 0.130800 0.097100 0.145800 0.147300 0.220100 0.149000 0.028600 0.000000 0.132000 0.112000 0.146900 0.130800 0.096200 0.077500 0.130000 0.163300 0.128300 0.114000 0.128700 0.078500 0.146300 0.094700 0.075800 0.145800 0.210200 0.113800 0.112500 0.130400 0.126500 0.093000 0.112300 0.129100 0.129900 0.061900 0.113200 0.164300 0.186900 0.206400 0.150200 0.091900 0.114000 0.113700
TibetanAnt 0.032400 0.568800 0.192000 0.310400 0.119900 0.032400 0.082200 0.081100 0.193200 0.210800 0.032400 0.137800 0.081100 0.082400 0.152100 0.082800 0.129500 0.132000 0.000000 0.189600 0.082100 0.032400 0.172700 0.150000 0.065400 0.098500 0.064200 0.193500 0.064600 0.152100 0.228000 0.064700 0.145900 0.081100 0.145400 0.118500 0.048600 0.100000 0.096500 0.166200 0.189900 0.098600 0.210400 0.132900 0.117800 0.065000 0.119900 0.137100 0.083800 0.128500 0.193500 0.193000
Sitatunga 0.188600 0.522700 0.031300 0.282400 0.249900 0.188300 0.168300 0.203000 0.031400 0.224900 0.188600 0.152300 0.202700 0.205900 0.243300 0.169700 0.110100 0.112000 0.189600 0.000000 0.168000 0.188600 0.187400 0.164500 0.187200 0.184900 0.183900 0.031500 0.148900 0.062900 0.242100 0.148600 0.160600 0.202700 0.270600 0.098400 0.206000 0.225700 0.181300 0.180800 0.204500 0.185400 0.224500 0.147500 0.097900 0.224100 0.250100 0.270200 0.209200 0.143200 0.031500 0.031400
Oribi 0.046900 0.587900 0.133800 0.326300 0.100000 0.048100 0.030300 0.063400 0.134500 0.226400 0.048000 0.117300 0.096700 0.064100 0.132000 0.031800 0.144300 0.146900 0.082100 0.168000 0.000000 0.046700 0.188700 0.165400 0.080700 0.047100 0.096300 0.134700 0.047200 0.097300 0.243600 0.047200 0.161400 0.096700 0.160300 0.099000 0.064000 0.081200 0.078600 0.181800 0.205900 0.047400 0.226000 0.148400 0.098400 0.080200 0.099700 0.117600 0.065300 0.143900 0.134700 0.134300
BarbaryShe 0.000000 0.567300 0.153500 0.308900 0.083700 0.000000 0.048100 0.047700 0.154500 0.209700 0.000000 0.136900 0.047600 0.048200 0.115700 0.048600 0.128400 0.130800 0.032400 0.188600 0.046700 0.000000 0.172000 0.149200 0.031900 0.064000 0.047400 0.154700 0.064000 0.115700 0.226800 0.031500 0.145300 0.047600 0.110300 0.117800 0.015800 0.065200 0.063000 0.165500 0.189200 0.064400 0.209200 0.132200 0.117100 0.031700 0.083300 0.101100 0.049200 0.127900 0.154700 0.154300
Daviddeer 0.172000 0.423300 0.189800 0.225500 0.233300 0.171700 0.189000 0.186500 0.191000 0.047900 0.172000 0.172900 0.186000 0.189400 0.265900 0.190600 0.094400 0.096200 0.172700 0.187400 0.188700 0.172000 0.000000 0.062600 0.170500 0.205900 0.167300 0.191300 0.168700 0.150400 0.063700 0.168700 0.110300 0.186000 0.252900 0.153100 0.151800 0.209100 0.201800 0.078000 0.015100 0.168500 0.047800 0.046800 0.152100 0.207300 0.155800 0.252600 0.192800 0.162000 0.191300 0.190800
Reindeer 0.149200 0.409500 0.166300 0.219200 0.168700 0.148900 0.165700 0.163700 0.167300 0.078700 0.149200 0.114200 0.163500 0.166000 0.239600 0.167100 0.076300 0.077500 0.150000 0.164500 0.165400 0.149200 0.062600 0.000000 0.148200 0.182100 0.145600 0.167600 0.146600 0.129100 0.093900 0.146500 0.091700 0.163500 0.229300 0.131300 0.130200 0.184500 0.178800 0.044800 0.078200 0.146500 0.078200 0.014900 0.130500 0.146800 0.169400 0.226100 0.168500 0.124700 0.167600 0.167100
Ibex 0.031900 0.557200 0.152100 0.305600 0.117900 0.031900 0.081100 0.080200 0.153100 0.207800 0.031800 0.135500 0.080200 0.081000 0.150200 0.081800 0.127800 0.130000 0.065400 0.187200 0.080700 0.031900 0.170500 0.148200 0.000000 0.096800 0.079900 0.153300 0.097000 0.114900 0.224900 0.063600 0.144700 0.080200 0.143700 0.116800 0.047800 0.098500 0.095400 0.164500 0.187700 0.097500 0.207400 0.131300 0.116200 0.063900 0.117600 0.135900 0.082600 0.127400 0.153300 0.152900
GyrantGaze 0.064000 0.610900 0.150400 0.344600 0.116800 0.064100 0.047200 0.079200 0.151400 0.243900 0.064000 0.134000 0.112700 0.080100 0.148500 0.047700 0.160400 0.163300 0.098500 0.184900 0.047100 0.064000 0.205900 0.182100 0.096800 0.000000 0.112300 0.151600 0.062900 0.113500 0.261100 0.062900 0.177600 0.112700 0.142400 0.098500 0.080000 0.063900 0.094300 0.198400 0.223100 0.031100 0.243400 0.164900 0.114800 0.096300 0.116200 0.134400 0.081600 0.160000 0.151600 0.151200
Hartebeest 0.047400 0.544400 0.166900 0.302800 0.133100 0.047400 0.063200 0.095200 0.168000 0.204000 0.047400 0.150500 0.000000 0.096500 0.142100 0.097100 0.126300 0.128300 0.064200 0.183900 0.096300 0.047400 0.167300 0.145600 0.079900 0.112300 0.000000 0.168200 0.095900 0.129800 0.220900 0.079000 0.109000 0.000000 0.092200 0.131900 0.063300 0.113700 0.077400 0.127300 0.184200 0.112700 0.203600 0.129100 0.131100 0.079300 0.098200 0.115300 0.097800 0.125500 0.168200 0.167800
Bongo 0.154700 0.537800 0.000100 0.288000 0.215300 0.154400 0.134900 0.169400 0.000000 0.229700 0.154700 0.118900 0.168900 0.172100 0.208400 0.136000 0.111800 0.114000 0.193500 0.031500 0.134700 0.154700 0.191300 0.167600 0.153300 0.151600 0.168200 0.000000 0.151700 0.030600 0.247000 0.115800 0.163100 0.168900 0.235800 0.100300 0.171900 0.191500 0.148300 0.183800 0.208600 0.151800 0.229200 0.150200 0.099700 0.189900 0.215000 0.234800 0.175100 0.145400 0.000000 0.000000
Gerenuk 0.064000 0.551300 0.150500 0.303200 0.116700 0.064200 0.047200 0.079300 0.151500 0.205700 0.064000 0.134100 0.113000 0.080100 0.148800 0.015700 0.126500 0.128700 0.064600 0.148900 0.047200 0.064000 0.168700 0.146600 0.097000 0.062900 0.095900 0.151700 0.000000 0.113700 0.222600 0.062900 0.143200 0.113000 0.177000 0.115600 0.080100 0.097500 0.094500 0.162800 0.185700 0.063300 0.205200 0.129900 0.114900 0.096400 0.116300 0.134400 0.081600 0.126100 0.151700 0.151300
CommonElan 0.115700 0.521000 0.031300 0.282100 0.171800 0.115500 0.097400 0.130500 0.031500 0.186700 0.115700 0.081600 0.130300 0.132400 0.204200 0.098200 0.077200 0.078500 0.152100 0.062900 0.097300 0.115700 0.150400 0.129100 0.114900 0.113500 0.129800 0.030600 0.113700 0.000000 0.203500 0.079700 0.126100 0.130300 0.195500 0.064400 0.132300 0.150500 0.111300 0.145100 0.167200 0.113800 0.186300 0.112600 0.064000 0.149400 0.171900 0.190500 0.134400 0.109400 0.031400 0.031500
MuntiacusR 0.226800 0.391800 0.244900 0.203800 0.290700 0.226400 0.244000 0.202400 0.246700 0.015600 0.226800 0.228000 0.240500 0.244300 0.282200 0.246200 0.143700 0.146300 0.228000 0.242100 0.243600 0.226800 0.063700 0.093900 0.224900 0.261100 0.220900 0.247000 0.222600 0.203500 0.000000 0.222300 0.125600 0.240500 0.269100 0.207000 0.205300 0.264800 0.256100 0.076800 0.079600 0.222400 0.015500 0.078100 0.205800 0.223300 0.210600 0.270600 0.248400 0.177600 0.247000 0.246300
HarveysDui 0.031500 0.550500 0.114900 0.302400 0.082100 0.031600 0.047200 0.046800 0.115600 0.205500 0.031500 0.134200 0.079300 0.047400 0.113600 0.047800 0.093000 0.094700 0.064700 0.148600 0.047200 0.031500 0.168700 0.146500 0.063600 0.062900 0.079000 0.115800 0.062900 0.079700 0.222300 0.000000 0.142900 0.079300 0.141900 0.115600 0.047300 0.064000 0.030400 0.162600 0.185600 0.063300 0.205100 0.129800 0.114900 0.063200 0.081700 0.099200 0.048300 0.092700 0.115800 0.115500
Pronghorn 0.145300 0.390100 0.161900 0.195400 0.200500 0.145100 0.127100 0.125400 0.162900 0.144000 0.145300 0.145700 0.125700 0.161600 0.196200 0.162900 0.074800 0.075800 0.145900 0.160600 0.161400 0.145300 0.110300 0.091700 0.144700 0.177600 0.109000 0.163100 0.143200 0.126100 0.125600 0.142900 0.000000 0.125700 0.189500 0.127900 0.127000 0.179500 0.174800 0.044400 0.126200 0.143200 0.143700 0.076200 0.127200 0.143400 0.201100 0.219400 0.163600 0.106100 0.163100 0.162700
BlueWildeb 0.047600 0.574000 0.167700 0.321800 0.133800 0.047600 0.063500 0.095600 0.168700 0.223300 0.047600 0.151200 0.000000 0.096900 0.130200 0.097500 0.143400 0.145800 0.081100 0.202700 0.096700 0.047600 0.186000 0.163500 0.080200 0.112700 0.000000 0.168900 0.113000 0.130300 0.240500 0.079300 0.125700 0.000000 0.092500 0.132400 0.063600 0.114200 0.077700 0.144700 0.203100 0.113100 0.222900 0.146600 0.131700 0.079700 0.098700 0.115800 0.098300 0.142600 0.168900 0.168500
Gemsbok 0.110300 0.594900 0.234000 0.350100 0.199200 0.110600 0.160500 0.125100 0.235500 0.291200 0.110300 0.217300 0.092500 0.160300 0.159800 0.162500 0.207400 0.210200 0.145400 0.270600 0.160300 0.110300 0.252900 0.229300 0.143700 0.142400 0.092200 0.235800 0.177000 0.195500 0.269100 0.141900 0.189500 0.092500 0.000000 0.198200 0.126400 0.143800 0.140200 0.209500 0.270500 0.143200 0.290800 0.212200 0.197200 0.108900 0.162900 0.181200 0.162700 0.172400 0.235800 0.235200
Yak 0.117800 0.532000 0.099600 0.286900 0.175200 0.117600 0.099100 0.132700 0.100100 0.190000 0.117800 0.049100 0.132400 0.134700 0.207600 0.099900 0.111800 0.113800 0.118500 0.098400 0.099000 0.117800 0.153100 0.131300 0.116800 0.098500 0.131900 0.100300 0.115600 0.064400 0.207000 0.115600 0.127900 0.132400 0.198200 0.000000 0.134600 0.153300 0.148100 0.147400 0.170100 0.115700 0.189700 0.114500 0.000000 0.152000 0.175100 0.194000 0.137000 0.145300 0.100300 0.100000
BlueSheep 0.015500 0.529300 0.170500 0.284800 0.100300 0.015800 0.064100 0.063600 0.171700 0.188500 0.015400 0.153900 0.063600 0.064200 0.132300 0.064800 0.110500 0.112500 0.048600 0.206000 0.064000 0.015800 0.151800 0.130200 0.047800 0.080000 0.063300 0.171900 0.080100 0.132300 0.205300 0.047300 0.127000 0.063600 0.126400 0.134600 0.000000 0.081400 0.078800 0.146300 0.168700 0.047500 0.188100 0.113600 0.133800 0.047500 0.099900 0.117900 0.065500 0.144200 0.171900 0.171400
BohorReedb 0.065200 0.556700 0.189900 0.349500 0.048200 0.065100 0.081300 0.080300 0.191300 0.247600 0.065200 0.136000 0.114200 0.081600 0.150500 0.081900 0.162900 0.130400 0.100000 0.225700 0.081200 0.065200 0.209100 0.184500 0.098500 0.063900 0.113700 0.191500 0.097500 0.150500 0.264800 0.064000 0.179500 0.114200 0.143800 0.153300 0.081400 0.000000 0.095500 0.200700 0.226400 0.064000 0.247100 0.167100 0.152300 0.098000 0.118600 0.136600 0.082900 0.161600 0.191500 0.191000
KirksDik 0.063000 0.594100 0.147100 0.337800 0.114100 0.062900 0.078700 0.077800 0.148100 0.239100 0.063000 0.167000 0.077700 0.078800 0.111200 0.079300 0.124500 0.126500 0.096500 0.181300 0.078600 0.063000 0.201800 0.178800 0.095400 0.094300 0.077400 0.148300 0.094500 0.111300 0.256100 0.030400 0.174800 0.077700 0.140200 0.148100 0.078800 0.095500 0.000000 0.195100 0.218900 0.094600 0.238600 0.162000 0.147200 0.094800 0.080200 0.096900 0.079900 0.123700 0.148300 0.147900
RoeDeer 0.165500 0.400900 0.182400 0.216600 0.222900 0.165100 0.146400 0.144400 0.183600 0.094200 0.165500 0.165900 0.144700 0.182100 0.217800 0.183600 0.091600 0.093000 0.166200 0.180800 0.181800 0.165500 0.078000 0.044800 0.164500 0.198400 0.127300 0.183800 0.162800 0.145100 0.076800 0.162600 0.044400 0.144700 0.209500 0.147400 0.146300 0.200700 0.195100 0.000000 0.093600 0.162700 0.093600 0.029800 0.146600 0.163100 0.185900 0.242700 0.184600 0.123700 0.183800 0.183400
WhiteLippe 0.189200 0.443900 0.207000 0.243100 0.251000 0.188900 0.206200 0.203600 0.208400 0.063800 0.189200 0.190100 0.203100 0.206600 0.283900 0.208000 0.110300 0.112300 0.189900 0.204500 0.205900 0.189200 0.015100 0.078200 0.187700 0.223100 0.184200 0.208600 0.185700 0.167200 0.079600 0.185600 0.126200 0.203100 0.270500 0.170100 0.168700 0.226400 0.218900 0.093600 0.000000 0.185400 0.063700 0.062400 0.169000 0.224700 0.173000 0.270600 0.210100 0.178600 0.208600 0.208100
ThomsonGaz 0.064400 0.549700 0.150700 0.302700 0.116800 0.064300 0.047500 0.079400 0.151600 0.205500 0.064400 0.134200 0.113100 0.080600 0.148800 0.047800 0.126900 0.129100 0.098600 0.185400 0.047400 0.064400 0.168500 0.146500 0.097500 0.031100 0.112700 0.151800 0.063300 0.113800 0.222400 0.063300 0.143200 0.113100 0.143200 0.115700 0.047500 0.064000 0.094600 0.162700 0.185400 0.000000 0.205100 0.129900 0.115100 0.096900 0.117000 0.134600 0.081700 0.160600 0.151800 0.151400
MuntiacusC 0.209200 0.423700 0.227300 0.225100 0.272700 0.208800 0.226400 0.223500 0.229000 0.000000 0.209200 0.210400 0.222900 0.226800 0.305900 0.228300 0.127500 0.129900 0.210400 0.224500 0.226000 0.209200 0.047800 0.078200 0.207400 0.243400 0.203600 0.229200 0.205200 0.186300 0.015500 0.205100 0.143700 0.222900 0.290800 0.189700 0.188100 0.247100 0.238600 0.093600 0.063700 0.205100 0.000000 0.062400 0.188500 0.245200 0.193000 0.252500 0.230700 0.196900 0.229200 0.228600
WhiteTaile 0.132200 0.411800 0.149100 0.220400 0.188700 0.131900 0.148600 0.146800 0.150000 0.062800 0.132200 0.132700 0.146600 0.148800 0.221600 0.149800 0.060900 0.061900 0.132900 0.147500 0.148400 0.132200 0.046800 0.014900 0.131300 0.164900 0.129100 0.150200 0.129900 0.112600 0.078100 0.129800 0.076200 0.146600 0.212200 0.114500 0.113600 0.167100 0.162000 0.029800 0.062400 0.129900 0.062400 0.000000 0.113800 0.166000 0.151900 0.207800 0.151100 0.125300 0.150200 0.149900
Cattle 0.117100 0.528000 0.098900 0.285200 0.173900 0.116900 0.098600 0.131900 0.099500 0.188900 0.117100 0.048800 0.131700 0.133900 0.206400 0.099300 0.111100 0.113200 0.117800 0.097900 0.098400 0.117100 0.152100 0.130500 0.116200 0.114800 0.131100 0.099700 0.114900 0.064000 0.205800 0.114900 0.127200 0.131700 0.197200 0.000000 0.133800 0.152300 0.147200 0.146600 0.169000 0.115100 0.188500 0.113800 0.000000 0.151100 0.174000 0.192800 0.136100 0.144500 0.099700 0.099000
RoyalAntel 0.030400 0.526100 0.188300 0.283200 0.082200 0.031700 0.080300 0.047000 0.189600 0.245700 0.031100 0.134400 0.079700 0.080500 0.114000 0.081300 0.161300 0.164300 0.065000 0.224100 0.080200 0.031700 0.207300 0.146800 0.063900 0.096300 0.079300 0.189900 0.096400 0.149400 0.223300 0.063200 0.143400 0.079700 0.108900 0.152000 0.047500 0.098000 0.094800 0.163100 0.224700 0.096900 0.245200 0.166000 0.151100 0.000000 0.116900 0.135200 0.082100 0.109600 0.189900 0.189300
Steenbok 0.083300 0.541300 0.213100 0.379400 0.139600 0.083600 0.099800 0.098900 0.214600 0.193500 0.083300 0.196100 0.098700 0.100100 0.134800 0.101000 0.183100 0.186900 0.119900 0.250100 0.099700 0.083300 0.155800 0.169400 0.117600 0.116200 0.098200 0.215000 0.116300 0.171900 0.210600 0.081700 0.201100 0.098700 0.162900 0.175100 0.099900 0.118600 0.080200 0.185900 0.173000 0.117000 0.193000 0.151900 0.174000 0.116900 0.000000 0.120500 0.102200 0.182500 0.215000 0.214300
Impala 0.101100 0.538200 0.232800 0.357800 0.158400 0.101000 0.117700 0.116200 0.234500 0.253000 0.101100 0.215700 0.115800 0.118100 0.116100 0.118700 0.202100 0.206400 0.137100 0.270200 0.117600 0.101100 0.252600 0.226100 0.135900 0.134400 0.115300 0.234800 0.134400 0.190500 0.270600 0.099200 0.219400 0.115800 0.181200 0.194000 0.117900 0.136600 0.096900 0.242700 0.270600 0.134600 0.252500 0.207800 0.192800 0.135200 0.120500 0.000000 0.120200 0.200500 0.234800 0.234100
Klipspring 0.049200 0.548500 0.173700 0.291000 0.067300 0.049100 0.065400 0.064600 0.175000 0.231200 0.049200 0.157100 0.098300 0.032300 0.134400 0.065900 0.147100 0.150200 0.083800 0.209200 0.065300 0.049200 0.192800 0.168500 0.082600 0.081600 0.097800 0.175100 0.081600 0.134400 0.248400 0.048300 0.163600 0.098300 0.162700 0.137000 0.065500 0.082900 0.079900 0.184600 0.210100 0.081700 0.230700 0.151100 0.136100 0.082100 0.102200 0.120200 0.000000 0.145700 0.175100 0.174600
ForestMusk 0.127900 0.435100 0.144300 0.212000 0.163800 0.127700 0.144000 0.108800 0.145200 0.197400 0.127900 0.145700 0.142600 0.144000 0.178200 0.145200 0.090600 0.091900 0.128500 0.143200 0.143900 0.127900 0.162000 0.124700 0.127400 0.160000 0.125500 0.145400 0.126100 0.109400 0.177600 0.092700 0.106100 0.142600 0.172400 0.145300 0.144200 0.161600 0.123700 0.123700 0.178600 0.160600 0.196900 0.125300 0.144500 0.109600 0.182500 0.200500 0.145700 0.000000 0.145400 0.145000
Bushbuck 0.154700 0.537800 0.000100 0.288000 0.215300 0.154400 0.134900 0.169400 0.000000 0.229700 0.154700 0.118900 0.168900 0.172100 0.208400 0.136000 0.111800 0.114000 0.193500 0.031500 0.134700 0.154700 0.191300 0.167600 0.153300 0.151600 0.168200 0.000000 0.151700 0.031400 0.247000 0.115800 0.163100 0.168900 0.235800 0.100300 0.171900 0.191500 0.148300 0.183800 0.208600 0.151800 0.229200 0.150200 0.099700 0.189900 0.215000 0.234800 0.175100 0.145400 0.000000 0.000000
GreaterKud 0.154300 0.535500 0.000000 0.287100 0.214600 0.154000 0.134500 0.168900 0.000100 0.229000 0.154300 0.118600 0.168500 0.171600 0.207900 0.135600 0.111500 0.113700 0.193000 0.031400 0.134300 0.154300 0.190800 0.167100 0.152900 0.151200 0.167800 0.000000 0.151300 0.031500 0.246300 0.115500 0.162700 0.168500 0.235200 0.100000 0.171400 0.191000 0.147900 0.183400 0.208100 0.151400 0.228600 0.149900 0.099000 0.189300 0.214300 0.234100 0.174600 0.145000 0.000000 0.000000
