1
52 1
Argali 0.000000 0.561600 0.153100 0.552400 0.149300 0.000000 0.105600 0.291100 0.102900 0.341800 0.049500 0.102900 0.094200 0.101600 0.304600 0.152200 0.248800 0.053000 0.101400 0.102900 0.154500 0.047400 0.323000 0.352900 0.097400 0.153700 0.094200 0.168800 0.158300 0.102900 0.285800 0.148800 0.252200 0.139500 0.096000 0.102900 0.000000 0.198800 0.154500 0.205400 0.269300 0.202400 0.285800 0.323100 0.204000 0.154700 0.217300 0.155100 0.103000 0.223000 0.102900 0.152200
LesserMous 0.561600 0.000000 0.552300 0.507600 0.603600 0.561600 0.575900 0.558000 0.492900 0.419100 0.629600 0.492900 0.594100 0.549600 0.759500 0.552800 0.510400 0.507600 0.608500 0.492900 0.408600 0.595100 0.451600 0.289800 0.692400 0.407000 0.594100 0.626700 0.484500 0.492900 0.359700 0.598600 0.578100 0.654300 0.457600 0.492900 0.561600 0.672100 0.408600 0.460100 0.538500 0.462200 0.359700 0.398600 0.330100 0.616100 0.560200 0.629400 0.557900 0.506500 0.492900 0.552800
LesserKudu 0.153100 0.552300 0.000000 0.543400 0.196900 0.153100 0.155800 0.226500 0.048000 0.148000 0.203700 0.048000 0.138100 0.150300 0.133300 0.094700 0.185700 0.104100 0.207800 0.048000 0.203200 0.195200 0.505800 0.271000 0.251700 0.095500 0.138100 0.104100 0.207700 0.048000 0.210900 0.196300 0.188000 0.182300 0.140400 0.048000 0.153100 0.246000 0.203200 0.253500 0.448900 0.141400 0.210900 0.249800 0.142400 0.320500 0.267300 0.095900 0.152400 0.154700 0.048000 0.094700
KillerWhal 0.552400 0.507600 0.543400 0.000000 0.447800 0.552400 0.567600 0.542700 0.483500 0.632800 0.620800 0.483500 0.584100 0.540600 0.570900 0.391000 0.659000 0.499000 0.600300 0.483500 0.617200 0.585700 0.656600 0.656100 0.514000 0.548000 0.584100 0.433400 0.641000 0.483500 0.567700 0.590100 0.732200 0.486300 0.598500 0.483500 0.552400 0.508000 0.617200 0.603800 0.592900 0.448900 0.567700 0.713700 0.612800 0.788900 0.728600 0.459500 0.550100 0.563900 0.483500 0.391000
DefassaWat 0.149300 0.603600 0.196900 0.447800 0.000000 0.149300 0.152000 0.223800 0.149100 0.383000 0.198500 0.149100 0.238900 0.147300 0.232200 0.093500 0.289600 0.101700 0.255100 0.149100 0.198800 0.191100 0.494000 0.397700 0.139800 0.197900 0.238900 0.216500 0.202500 0.149100 0.329700 0.192900 0.293100 0.180100 0.242100 0.149100 0.149300 0.043800 0.198800 0.247800 0.438800 0.139500 0.329700 0.365200 0.246100 0.311900 0.260600 0.094600 0.149300 0.268300 0.149100 0.093500
Sheep 0.000000 0.561600 0.153100 0.552400 0.149300 0.000000 0.105600 0.291100 0.102900 0.341800 0.049500 0.102900 0.094200 0.101600 0.304600 0.152200 0.248800 0.053000 0.101400 0.102900 0.154500 0.047400 0.323000 0.352900 0.097400 0.153700 0.094200 0.168800 0.158300 0.102900 0.285800 0.148800 0.252200 0.139500 0.096000 0.102900 0.000000 0.198800 0.154500 0.205400 0.269300 0.202400 0.285800 0.323100 0.204000 0.154700 0.217300 0.155100 0.103000 0.223000 0.102900 0.152200
MaxwellsDu 0.105600 0.575900 0.155800 0.567600 0.152000 0.105600 0.000000 0.296400 0.104800 0.348800 0.158000 0.104800 0.200500 0.103400 0.310200 0.155000 0.253300 0.053900 0.215600 0.104800 0.157300 0.150900 0.328200 0.360900 0.207600 0.156500 0.200500 0.172300 0.161000 0.104800 0.291700 0.151500 0.257100 0.248200 0.204300 0.104800 0.105600 0.096300 0.157300 0.209100 0.273900 0.206100 0.291700 0.329500 0.207600 0.274800 0.105300 0.157900 0.104900 0.227500 0.104800 0.155000
GazellaPrz 0.291100 0.558000 0.226500 0.542700 0.223800 0.291100 0.296400 0.000000 0.182300 0.402100 0.230700 0.182300 0.264800 0.287100 0.164600 0.129100 0.212600 0.246700 0.346600 0.182300 0.230500 0.327100 0.658200 0.415700 0.173800 0.130200 0.264800 0.246700 0.234800 0.182300 0.352200 0.330100 0.319000 0.208700 0.268200 0.182300 0.291100 0.268600 0.230500 0.389700 0.599000 0.082100 0.352200 0.273700 0.172900 0.338300 0.289700 0.230500 0.291000 0.186400 0.182300 0.129100
MountainNy 0.102900 0.492900 0.048000 0.483500 0.149100 0.102900 0.104800 0.182300 0.000000 0.210900 0.153700 0.000000 0.092800 0.101200 0.189500 0.047800 0.140100 0.052600 0.157100 0.000000 0.153600 0.147500 0.450400 0.218500 0.202400 0.048100 0.092800 0.052600 0.156800 0.000000 0.159200 0.148600 0.251600 0.137700 0.094200 0.000000 0.102900 0.198200 0.153600 0.204000 0.394400 0.095000 0.159200 0.201100 0.095500 0.267300 0.215300 0.154100 0.102600 0.104000 0.000000 0.047800
MuntiacusM 0.341800 0.419100 0.148000 0.632800 0.383000 0.341800 0.348800 0.402100 0.210900 0.000000 0.400300 0.210900 0.304200 0.333600 0.295600 0.260700 0.360100 0.289700 0.406200 0.210900 0.397400 0.379800 0.315900 0.102200 0.454000 0.263500 0.304200 0.289700 0.409500 0.210900 0.050000 0.380700 0.366500 0.352300 0.197400 0.210900 0.341800 0.440200 0.397400 0.202600 0.388900 0.313200 0.050000 0.199700 0.200200 0.398600 0.481600 0.265700 0.338900 0.215600 0.210900 0.260700
goat 0.049500 0.629600 0.203700 0.620800 0.198500 0.049500 0.158000 0.230700 0.153700 0.400300 0.000000 0.153700 0.140900 0.151800 0.241400 0.202400 0.298700 0.105500 0.151500 0.153700 0.205500 0.094500 0.378700 0.412500 0.046500 0.204500 0.140900 0.224500 0.210800 0.153700 0.343500 0.197800 0.303100 0.185700 0.143900 0.153700 0.049500 0.248200 0.205500 0.256700 0.323900 0.252800 0.343500 0.255800 0.254900 0.098500 0.271300 0.206500 0.154000 0.158600 0.153700 0.202400
AfricanBuf 0.102900 0.492900 0.048000 0.483500 0.149100 0.102900 0.104800 0.182300 0.000000 0.210900 0.153700 0.000000 0.092800 0.101200 0.189500 0.047800 0.140100 0.052600 0.157100 0.000000 0.153600 0.147500 0.450400 0.218500 0.202400 0.048100 0.092800 0.052600 0.156800 0.000000 0.159200 0.148600 0.251600 0.137700 0.094200 0.000000 0.102900 0.198200 0.153600 0.204000 0.394400 0.095000 0.159200 0.201100 0.095500 0.267300 0.215300 0.154100 0.102600 0.104000 0.000000 0.047800
Topi 0.094200 0.594100 0.138100 0.584100 0.238900 0.094200 0.200500 0.264800 0.092800 0.304200 0.140900 0.092800 0.000000 0.194000 0.275300 0.137700 0.225400 0.150600 0.143800 0.092800 0.245700 0.135600 0.411600 0.314200 0.185700 0.138600 0.000000 0.150600 0.250700 0.092800 0.254400 0.238100 0.339500 0.040400 0.086900 0.092800 0.094200 0.286600 0.245700 0.294500 0.359700 0.183000 0.254400 0.290600 0.183800 0.245100 0.309800 0.246600 0.196600 0.199000 0.092800 0.137700
CommonDuik 0.101600 0.549600 0.150300 0.540600 0.147300 0.101600 0.103400 0.287100 0.101200 0.333600 0.151800 0.101200 0.194000 0.000000 0.299000 0.150100 0.244700 0.051900 0.208000 0.101200 0.151700 0.145800 0.444500 0.346000 0.199900 0.151000 0.194000 0.165600 0.154800 0.101200 0.279400 0.046800 0.141600 0.240500 0.196900 0.101200 0.101600 0.195900 0.151700 0.201500 0.389200 0.199300 0.279400 0.317200 0.200100 0.263700 0.212700 0.152200 0.101400 0.218500 0.101000 0.150100
Suni 0.304600 0.759500 0.133300 0.570900 0.232200 0.304600 0.310200 0.164600 0.189500 0.295600 0.241400 0.189500 0.275300 0.299000 0.000000 0.133700 0.325900 0.257600 0.362600 0.189500 0.355400 0.341200 0.693400 0.435600 0.181300 0.236900 0.275300 0.257600 0.364200 0.189500 0.369900 0.343100 0.329500 0.216300 0.280100 0.189500 0.304600 0.279300 0.355400 0.408100 0.629600 0.178300 0.369900 0.285800 0.284300 0.356900 0.429000 0.135500 0.303200 0.194600 0.189500 0.133700
Springbuck 0.152200 0.552800 0.094700 0.391000 0.093500 0.152200 0.155000 0.129100 0.047800 0.260700 0.202400 0.047800 0.137700 0.150100 0.133700 0.000000 0.185000 0.103700 0.206900 0.047800 0.202600 0.194600 0.505000 0.270400 0.142300 0.095000 0.137700 0.103700 0.206500 0.047800 0.209700 0.196400 0.299400 0.086600 0.139500 0.047800 0.152200 0.139700 0.202600 0.252700 0.448400 0.044700 0.209700 0.249100 0.141600 0.318700 0.266000 0.096300 0.152100 0.153900 0.047800 0.000000
Okapi 0.248800 0.510400 0.185700 0.659000 0.289600 0.248800 0.253300 0.212600 0.140100 0.360100 0.298700 0.140100 0.225400 0.244700 0.325900 0.185000 0.000000 0.202600 0.304400 0.140100 0.189000 0.286600 0.611600 0.371400 0.345900 0.089100 0.225400 0.202600 0.193000 0.140100 0.309200 0.288500 0.279800 0.268700 0.228900 0.140100 0.248800 0.338400 0.189000 0.348100 0.553200 0.132200 0.309200 0.343400 0.133100 0.417300 0.247900 0.299500 0.248100 0.251400 0.140100 0.185000
Giraffe 0.053000 0.507600 0.104100 0.499000 0.101700 0.053000 0.053900 0.246700 0.052600 0.289700 0.105500 0.052600 0.150600 0.051900 0.257600 0.103700 0.202600 0.000000 0.162200 0.052600 0.105100 0.100900 0.404000 0.300300 0.155700 0.104600 0.150600 0.115200 0.107500 0.052600 0.233100 0.101400 0.205600 0.198600 0.153300 0.052600 0.053000 0.152000 0.105100 0.156900 0.346800 0.154800 0.233100 0.274200 0.155800 0.219700 0.166100 0.105500 0.052700 0.170800 0.052600 0.103700
TibetanAnt 0.101400 0.608500 0.207800 0.600300 0.255100 0.101400 0.215600 0.346600 0.157100 0.406200 0.151500 0.157100 0.143800 0.208000 0.362600 0.206900 0.304400 0.162200 0.000000 0.157100 0.263600 0.145100 0.440900 0.420400 0.199200 0.208700 0.143800 0.229600 0.269400 0.157100 0.349400 0.254300 0.362100 0.189600 0.146600 0.157100 0.101400 0.305800 0.263600 0.314700 0.385600 0.258100 0.349400 0.384400 0.259800 0.263500 0.333100 0.264600 0.210800 0.284000 0.157100 0.206900
Sitatunga 0.102900 0.492900 0.048000 0.483500 0.149100 0.102900 0.104800 0.182300 0.000000 0.210900 0.153700 0.000000 0.092800 0.101200 0.189500 0.047800 0.140100 0.052600 0.157100 0.000000 0.153600 0.147500 0.450400 0.218500 0.202400 0.048100 0.092800 0.052600 0.156800 0.000000 0.159200 0.148600 0.251600 0.137700 0.094200 0.000000 0.102900 0.198200 0.153600 0.204000 0.394400 0.095000 0.159200 0.201100 0.095500 0.267300 0.215300 0.154100 0.102600 0.104000 0.000000 0.047800
Oribi 0.154500 0.408600 0.203200 0.617200 0.198800 0.154500 0.157300 0.230500 0.153600 0.397400 0.205500 0.153600 0.245700 0.151700 0.355400 0.202600 0.189000 0.105100 0.263600 0.153600 0.000000 0.196900 0.451900 0.350400 0.254000 0.097200 0.245700 0.224000 0.099800 0.153600 0.341700 0.198100 0.191200 0.292800 0.249900 0.153600 0.154500 0.248200 0.000000 0.255800 0.394800 0.144000 0.341700 0.320700 0.145000 0.323400 0.154500 0.205800 0.153900 0.277600 0.153600 0.202600
BarbaryShe 0.047400 0.595100 0.195200 0.585700 0.191100 0.047400 0.150900 0.327100 0.147500 0.379800 0.094500 0.147500 0.135600 0.145800 0.341200 0.194600 0.286600 0.100900 0.145100 0.147500 0.196900 0.000000 0.360000 0.392400 0.139700 0.196000 0.135600 0.214200 0.201200 0.147500 0.326500 0.190500 0.293400 0.179000 0.137900 0.147500 0.047400 0.238600 0.196900 0.140700 0.308500 0.242700 0.326500 0.360800 0.244000 0.196600 0.258700 0.197700 0.147800 0.265600 0.147500 0.194600
Daviddeer 0.323000 0.451600 0.505800 0.656600 0.494000 0.323000 0.328200 0.658200 0.450400 0.315900 0.378700 0.450400 0.411600 0.444500 0.693400 0.505000 0.611600 0.404000 0.440900 0.450400 0.451900 0.360000 0.000000 0.203900 0.429700 0.509300 0.411600 0.564700 0.527500 0.450400 0.263200 0.490600 0.623400 0.461400 0.299200 0.450400 0.323000 0.415300 0.451900 0.302900 0.045300 0.565100 0.263200 0.300000 0.426800 0.376400 0.453000 0.515700 0.451600 0.461300 0.450400 0.505000
Reindeer 0.352900 0.289800 0.271000 0.656100 0.397700 0.352900 0.360900 0.415700 0.218500 0.102200 0.412500 0.218500 0.314200 0.346000 0.435600 0.270400 0.371400 0.300300 0.420400 0.218500 0.350400 0.392400 0.203900 0.000000 0.468400 0.272400 0.314200 0.300300 0.422900 0.218500 0.051400 0.395400 0.525800 0.364400 0.203000 0.218500 0.352900 0.456400 0.350400 0.208800 0.269100 0.324200 0.051400 0.097300 0.206200 0.408300 0.498800 0.414000 0.351700 0.222600 0.218500 0.270400
Ibex 0.097400 0.692400 0.251700 0.514000 0.139800 0.097400 0.207600 0.173800 0.202400 0.454000 0.046500 0.202400 0.185700 0.199900 0.181300 0.142300 0.345900 0.155700 0.199200 0.202400 0.254000 0.139700 0.429700 0.468400 0.000000 0.252800 0.185700 0.277200 0.260200 0.202400 0.397200 0.244800 0.350800 0.131200 0.189300 0.202400 0.097400 0.186300 0.254000 0.305000 0.374600 0.189500 0.397200 0.304000 0.302900 0.145900 0.321700 0.145000 0.202800 0.208500 0.202400 0.142300
GyrantGaze 0.153700 0.407000 0.095500 0.548000 0.197900 0.153700 0.156500 0.130200 0.048100 0.263500 0.204500 0.048100 0.138600 0.151000 0.236900 0.095000 0.089100 0.104600 0.208700 0.048100 0.097200 0.196000 0.509300 0.272400 0.252800 0.000000 0.138600 0.104600 0.099300 0.048100 0.211800 0.197200 0.190600 0.183000 0.140800 0.048100 0.153700 0.247100 0.097200 0.254600 0.451900 0.045200 0.211800 0.250900 0.045600 0.320300 0.153100 0.204900 0.153100 0.155300 0.048100 0.095000
Hartebeest 0.094200 0.594100 0.138100 0.584100 0.238900 0.094200 0.200500 0.264800 0.092800 0.304200 0.140900 0.092800 0.000000 0.194000 0.275300 0.137700 0.225400 0.150600 0.143800 0.092800 0.245700 0.135600 0.411600 0.314200 0.185700 0.138600 0.000000 0.150600 0.250700 0.092800 0.254400 0.238000 0.339500 0.040400 0.086900 0.092800 0.094200 0.286600 0.245700 0.294500 0.359700 0.183000 0.254400 0.290600 0.183800 0.245100 0.309800 0.246600 0.196600 0.199000 0.092800 0.137700
Bongo 0.168800 0.626700 0.104100 0.433400 0.216500 0.168800 0.172300 0.246700 0.052600 0.289700 0.224500 0.052600 0.150600 0.165600 0.257600 0.103700 0.202600 0.115200 0.229600 0.052600 0.224000 0.214200 0.564700 0.300300 0.277200 0.104600 0.150600 0.000000 0.229500 0.052600 0.233100 0.215600 0.329800 0.198600 0.153300 0.052600 0.168800 0.270400 0.224000 0.279000 0.500700 0.154800 0.233100 0.274200 0.155800 0.352300 0.296200 0.224900 0.168100 0.170800 0.052600 0.103700
Gerenuk 0.158300 0.484500 0.207700 0.641000 0.202500 0.158300 0.161000 0.234800 0.156800 0.409500 0.210800 0.156800 0.250700 0.154800 0.364200 0.206500 0.193000 0.107500 0.269400 0.156800 0.099800 0.201200 0.527500 0.422900 0.260200 0.099300 0.250700 0.229500 0.000000 0.156800 0.351400 0.201700 0.195400 0.298400 0.255800 0.156800 0.158300 0.253200 0.099800 0.261800 0.467100 0.146900 0.351400 0.386000 0.148200 0.330500 0.157700 0.210600 0.157000 0.284700 0.156800 0.206500
CommonElan 0.102900 0.492900 0.048000 0.483500 0.149100 0.102900 0.104800 0.182300 0.000000 0.210900 0.153700 0.000000 0.092800 0.101200 0.189500 0.047800 0.140100 0.052600 0.157100 0.000000 0.153600 0.147500 0.450400 0.218500 0.202400 0.048100 0.092800 0.052600 0.156800 0.000000 0.159200 0.148600 0.251600 0.137700 0.094200 0.000000 0.102900 0.198200 0.153600 0.204000 0.394400 0.095000 0.159200 0.201100 0.095500 0.267300 0.215300 0.154100 0.102600 0.104000 0.000000 0.047800
MuntiacusR 0.285800 0.359700 0.210900 0.567700 0.329700 0.285800 0.291700 0.352200 0.159200 0.050000 0.343500 0.159200 0.254400 0.279400 0.369900 0.209700 0.309200 0.233100 0.349400 0.159200 0.341700 0.326500 0.263200 0.051400 0.397200 0.211800 0.254400 0.233100 0.351400 0.159200 0.000000 0.327900 0.451900 0.302800 0.148400 0.159200 0.285800 0.386000 0.341700 0.152400 0.333700 0.261900 0.000000 0.150200 0.150600 0.340400 0.422100 0.343900 0.282700 0.162500 0.159200 0.209700
HarveysDui 0.148800 0.598600 0.196300 0.590100 0.192900 0.148800 0.151500 0.330100 0.148600 0.380700 0.197800 0.148600 0.238100 0.046800 0.343100 0.196400 0.288500 0.101400 0.254300 0.148600 0.198100 0.190500 0.490600 0.395400 0.244800 0.197200 0.238000 0.215600 0.201700 0.148600 0.327900 0.000000 0.185300 0.284100 0.241200 0.148600 0.148800 0.240600 0.198100 0.246900 0.436100 0.244600 0.327900 0.363300 0.245200 0.309400 0.259900 0.198700 0.148800 0.267000 0.148600 0.196400
Pronghorn 0.252200 0.578100 0.188000 0.732200 0.293100 0.252200 0.257100 0.319000 0.251600 0.366500 0.303100 0.251600 0.339500 0.141600 0.329500 0.299400 0.279800 0.205600 0.362100 0.251600 0.191200 0.293400 0.623400 0.525800 0.350800 0.190600 0.339500 0.329800 0.195400 0.251600 0.451900 0.185300 0.000000 0.386300 0.345400 0.251600 0.252200 0.343000 0.191200 0.358000 0.563400 0.235600 0.451900 0.482500 0.237700 0.420200 0.251000 0.189300 0.251600 0.384000 0.251600 0.299400
BlueWildeb 0.139500 0.654300 0.182300 0.486300 0.180100 0.139500 0.248200 0.208700 0.137700 0.352300 0.185700 0.137700 0.040400 0.240500 0.216300 0.086600 0.268700 0.198600 0.189600 0.137700 0.292800 0.179000 0.461400 0.364400 0.131200 0.183000 0.040400 0.198600 0.298400 0.137700 0.302800 0.284100 0.386300 0.000000 0.128900 0.137700 0.139500 0.224900 0.292800 0.341600 0.409000 0.129500 0.302800 0.337400 0.227800 0.292300 0.358800 0.185400 0.243700 0.246400 0.137700 0.086600
Gemsbok 0.096000 0.457600 0.140400 0.598500 0.242100 0.096000 0.204300 0.268200 0.094200 0.197400 0.143900 0.094200 0.086900 0.196900 0.280100 0.139500 0.228900 0.153300 0.146600 0.094200 0.249900 0.137900 0.299200 0.203000 0.189300 0.140800 0.086900 0.153300 0.255800 0.094200 0.148400 0.241200 0.345400 0.128900 0.000000 0.094200 0.096000 0.290800 0.249900 0.190400 0.367500 0.185600 0.148400 0.188000 0.089500 0.143400 0.315800 0.251000 0.199600 0.202800 0.094200 0.139500
Yak 0.102900 0.492900 0.048000 0.483500 0.149100 0.102900 0.104800 0.182300 0.000000 0.210900 0.153700 0.000000 0.092800 0.101200 0.189500 0.047800 0.140100 0.052600 0.157100 0.000000 0.153600 0.147500 0.450400 0.218500 0.202400 0.048100 0.092800 0.052600 0.156800 0.000000 0.159200 0.148600 0.251600 0.137700 0.094200 0.000000 0.102900 0.198200 0.153600 0.204000 0.394400 0.095000 0.159200 0.201100 0.095500 0.267300 0.215300 0.154100 0.102600 0.104000 0.000000 0.047800
BlueSheep 0.000000 0.561600 0.153100 0.552400 0.149300 0.000000 0.105600 0.291100 0.102900 0.341800 0.049500 0.102900 0.094200 0.101600 0.304600 0.152200 0.248800 0.053000 0.101400 0.102900 0.154500 0.047400 0.323000 0.352900 0.097400 0.153700 0.094200 0.168800 0.158300 0.102900 0.285800 0.148800 0.252200 0.139500 0.096000 0.102900 0.000000 0.198800 0.154500 0.203800 0.269300 0.202400 0.285800 0.323100 0.204000 0.154700 0.217300 0.155100 0.103000 0.223000 0.102900 0.152200
BohorReedb 0.198800 0.672100 0.246000 0.508000 0.043800 0.198800 0.096300 0.268600 0.198200 0.440200 0.248200 0.198200 0.286600 0.195900 0.279300 0.139700 0.338400 0.152000 0.305800 0.198200 0.248200 0.238600 0.415300 0.456400 0.186300 0.247100 0.286600 0.270400 0.253200 0.198200 0.386000 0.240600 0.343000 0.224900 0.290800 0.198200 0.198800 0.000000 0.248200 0.297700 0.363300 0.185700 0.386000 0.418900 0.295600 0.365000 0.197900 0.141600 0.198600 0.322200 0.198200 0.139700
KirksDik 0.154500 0.408600 0.203200 0.617200 0.198800 0.154500 0.157300 0.230500 0.153600 0.397400 0.205500 0.153600 0.245700 0.151700 0.355400 0.202600 0.189000 0.105100 0.263600 0.153600 0.000000 0.196900 0.451900 0.350400 0.254000 0.097200 0.245700 0.224000 0.099800 0.153600 0.341700 0.198100 0.191200 0.292800 0.249900 0.153600 0.154500 0.248200 0.000000 0.255800 0.394800 0.144000 0.341700 0.320700 0.145000 0.323400 0.154500 0.205800 0.153900 0.277600 0.153600 0.202600
RoeDeer 0.205400 0.460100 0.253500 0.603800 0.247800 0.205400 0.209100 0.389700 0.204000 0.202600 0.256700 0.204000 0.294500 0.201500 0.408100 0.252700 0.348100 0.156900 0.314700 0.204000 0.255800 0.140700 0.302900 0.208800 0.305000 0.254600 0.294500 0.279000 0.261800 0.204000 0.152400 0.246900 0.358000 0.341600 0.190400 0.204000 0.203800 0.297700 0.255800 0.000000 0.373200 0.303100 0.152400 0.192700 0.193100 0.254600 0.323000 0.257100 0.204400 0.332600 0.204000 0.252700
WhiteLippe 0.269300 0.538500 0.448900 0.592900 0.438800 0.269300 0.273900 0.599000 0.394400 0.388900 0.323900 0.394400 0.359700 0.389200 0.629600 0.448400 0.553200 0.346800 0.385600 0.394400 0.394800 0.308500 0.045300 0.269100 0.374600 0.451900 0.359700 0.500700 0.467100 0.394400 0.333700 0.436100 0.563400 0.409000 0.367500 0.394400 0.269300 0.363300 0.394800 0.373200 0.000000 0.506700 0.333700 0.369800 0.509300 0.454600 0.396000 0.457100 0.395400 0.403200 0.394400 0.448400
ThomsonGaz 0.202400 0.462200 0.141400 0.448900 0.139500 0.202400 0.206100 0.082100 0.095000 0.313200 0.252800 0.095000 0.183000 0.199300 0.178300 0.044700 0.132200 0.154800 0.258100 0.095000 0.144000 0.242700 0.565100 0.324200 0.189500 0.045200 0.183000 0.154800 0.146900 0.095000 0.261900 0.244600 0.235600 0.129500 0.185600 0.095000 0.202400 0.185700 0.144000 0.303100 0.506700 0.000000 0.260300 0.298900 0.089900 0.371900 0.201500 0.144000 0.202000 0.204600 0.095000 0.044700
MuntiacusC 0.285800 0.359700 0.210900 0.567700 0.329700 0.285800 0.291700 0.352200 0.159200 0.050000 0.343500 0.159200 0.254400 0.279400 0.369900 0.209700 0.309200 0.233100 0.349400 0.159200 0.341700 0.326500 0.263200 0.051400 0.397200 0.211800 0.254400 0.233100 0.351400 0.159200 0.000000 0.327900 0.451900 0.302800 0.148400 0.159200 0.285800 0.386000 0.341700 0.152400 0.333700 0.260300 0.000000 0.150200 0.150600 0.340400 0.422100 0.343900 0.283900 0.162500 0.159200 0.209700
WhiteTaile 0.323100 0.398600 0.249800 0.713700 0.365200 0.323100 0.329500 0.273700 0.201100 0.199700 0.255800 0.201100 0.290600 0.317200 0.285800 0.249100 0.343400 0.274200 0.384400 0.201100 0.320700 0.360800 0.300000 0.097300 0.304000 0.250900 0.290600 0.274200 0.386000 0.201100 0.150200 0.363300 0.482500 0.337400 0.188000 0.201100 0.323100 0.418900 0.320700 0.192700 0.369800 0.298900 0.150200 0.000000 0.190700 0.253900 0.454700 0.379000 0.322000 0.206700 0.201100 0.249100
Cattle 0.204000 0.330100 0.142400 0.612800 0.246100 0.204000 0.207600 0.172900 0.095500 0.200200 0.254900 0.095500 0.183800 0.200100 0.284300 0.141600 0.133100 0.155800 0.259800 0.095500 0.145000 0.244000 0.426800 0.206200 0.302900 0.045600 0.183800 0.155800 0.148200 0.095500 0.150600 0.245200 0.237700 0.227800 0.089500 0.095500 0.204000 0.295600 0.145000 0.193100 0.509300 0.089900 0.150600 0.190700 0.000000 0.253000 0.203100 0.255200 0.202900 0.206000 0.095500 0.141600
RoyalAntel 0.154700 0.616100 0.320500 0.788900 0.311900 0.154700 0.274800 0.338300 0.267300 0.398600 0.098500 0.267300 0.245100 0.263700 0.356900 0.318700 0.417300 0.219700 0.263500 0.267300 0.323400 0.196600 0.376400 0.408300 0.145900 0.320300 0.245100 0.352300 0.330500 0.267300 0.340400 0.309400 0.420200 0.292300 0.143400 0.267300 0.154700 0.365000 0.323400 0.254600 0.454600 0.371900 0.340400 0.253900 0.253000 0.000000 0.270600 0.326600 0.267600 0.276300 0.267300 0.318700
Steenbok 0.217300 0.560200 0.267300 0.728600 0.260600 0.217300 0.105300 0.289700 0.215300 0.481600 0.271300 0.215300 0.309800 0.212700 0.429000 0.266000 0.247900 0.166100 0.333100 0.215300 0.154500 0.258700 0.453000 0.498800 0.321700 0.153100 0.309800 0.296200 0.157700 0.215300 0.422100 0.259900 0.251000 0.358800 0.315800 0.215300 0.217300 0.197900 0.154500 0.323000 0.396000 0.201500 0.422100 0.454700 0.203100 0.270600 0.000000 0.271200 0.215700 0.352200 0.215300 0.266000
Impala 0.155100 0.629400 0.095900 0.459500 0.094600 0.155100 0.157900 0.230500 0.154100 0.265700 0.206500 0.154100 0.246600 0.152200 0.135500 0.096300 0.299500 0.105500 0.264600 0.154100 0.205800 0.197700 0.515700 0.414000 0.145000 0.204900 0.246600 0.224900 0.210600 0.154100 0.343900 0.198700 0.189300 0.185400 0.251000 0.154100 0.155100 0.141600 0.205800 0.257100 0.457100 0.144000 0.343900 0.379000 0.255200 0.326600 0.271200 0.000000 0.154300 0.279000 0.154100 0.096300
Klipspring 0.103000 0.557900 0.152400 0.550100 0.149300 0.103000 0.104900 0.291000 0.102600 0.338900 0.154000 0.102600 0.196600 0.101400 0.303200 0.152100 0.248100 0.052700 0.210800 0.102600 0.153900 0.147800 0.451600 0.351700 0.202800 0.153100 0.196600 0.168100 0.157000 0.102600 0.282700 0.148800 0.251600 0.243700 0.199600 0.102600 0.103000 0.198600 0.153900 0.204400 0.395400 0.202000 0.283900 0.322000 0.202900 0.267600 0.215700 0.154300 0.000000 0.221900 0.102600 0.152100
ForestMusk 0.223000 0.506500 0.154700 0.563900 0.268300 0.223000 0.227500 0.186400 0.104000 0.215600 0.158600 0.104000 0.199000 0.218500 0.194600 0.153900 0.251400 0.170800 0.284000 0.104000 0.277600 0.265600 0.461300 0.222600 0.208500 0.155300 0.199000 0.170800 0.284700 0.104000 0.162500 0.267000 0.384000 0.246400 0.202800 0.104000 0.223000 0.322200 0.277600 0.332600 0.403200 0.204600 0.162500 0.206700 0.206000 0.276300 0.352200 0.279000 0.221900 0.000000 0.104000 0.153900
Bushbuck 0.102900 0.492900 0.048000 0.483500 0.149100 0.102900 0.104800 0.182300 0.000000 0.210900 0.153700 0.000000 0.092800 0.101000 0.189500 0.047800 0.140100 0.052600 0.157100 0.000000 0.153600 0.147500 0.450400 0.218500 0.202400 0.048100 0.092800 0.052600 0.156800 0.000000 0.159200 0.148600 0.251600 0.137700 0.094200 0.000000 0.102900 0.198200 0.153600 0.204000 0.394400 0.095000 0.159200 0.201100 0.095500 0.267300 0.215300 0.154100 0.102600 0.104000 0.000000 0.047800
GreaterKud 0.152200 0.552800 0.094700 0.391000 0.093500 0.152200 0.155000 0.129100 0.047800 0.260700 0.202400 0.047800 0.137700 0.150100 0.133700 0.000000 0.185000 0.103700 0.206900 0.047800 0.202600 0.194600 0.505000 0.270400 0.142300 0.095000 0.137700 0.103700 0.206500 0.047800 0.209700 0.196400 0.299400 0.086600 0.139500 0.047800 0.152200 0.139700 0.202600 0.252700 0.448400 0.044700 0.209700 0.249100 0.141600 0.318700 0.266000 0.096300 0.152100 0.153900 0.047800 0.000000
