CODONML (in paml version 4.10.7, June 2023)  /home/rachel/ruminants_paml/6406-phy-tree/ENSBTAT00000010916.fasta.phy
Model: free dN/dS Ratios for branches,  kappa = 2.000 fixed

Codon frequency model: F3x4
ns =  54  ls =  45

Codon usage in sequences
--------------------------------------------------------------------------------------------------------------------------------------
Phe TTT   1   1   1   1   1   1 | Ser TCT   1   2   1   1   1   2 | Tyr TAT   1   2   1   2   2   2 | Cys TGT   0   1   0   0   0   0
    TTC   0   0   0   0   0   0 |     TCC   1   0   1   1   1   1 |     TAC   2   0   2   2   0   1 |     TGC   0   0   0   0   0   0
Leu TTA   0   0   0   0   0   0 |     TCA   1   0   1   1   0   0 | *** TAA   0   0   0   0   0   0 | *** TGA   0   0   0   0   0   0
    TTG   0   0   0   0   0   0 |     TCG   0   1   0   0   1   0 |     TAG   0   0   0   0   0   0 | Trp TGG   1   1   1   1   1   1
--------------------------------------------------------------------------------------------------------------------------------------
Leu CTT   2   1   2   2   0   1 | Pro CCT   0   0   0   0   0   0 | His CAT   0   1   0   0   2   1 | Arg CGT   1   0   1   1   0   0
    CTC   1   2   1   1   0   2 |     CCC   2   1   2   2   2   1 |     CAC   1   1   1   0   0   0 |     CGC   0   0   0   0   0   0
    CTA   0   0   0   0   1   0 |     CCA   0   0   0   0   0   0 | Gln CAA   0   0   0   0   0   0 |     CGA   0   0   0   0   0   0
    CTG   1   1   1   1   2   2 |     CCG   0   0   0   0   0   0 |     CAG   5   5   5   5   4   4 |     CGG   0   1   0   0   0   0
--------------------------------------------------------------------------------------------------------------------------------------
Ile ATT   0   1   0   0   1   1 | Thr ACT   0   0   0   0   0   0 | Asn AAT   0   0   0   0   0   0 | Ser AGT   1   1   1   1   1   0
    ATC   1   1   1   1   0   0 |     ACC   0   0   0   0   0   0 |     AAC   2   2   2   2   2   3 |     AGC   0   0   0   0   0   1
    ATA   2   0   2   2   1   2 |     ACA   0   0   0   0   0   0 | Lys AAA   0   0   0   0   0   1 | Arg AGA   0   0   0   0   0   0
Met ATG   0   0   0   0   0   0 |     ACG   0   0   0   0   0   0 |     AAG   1   1   1   1   1   1 |     AGG   0   0   0   0   1   0
--------------------------------------------------------------------------------------------------------------------------------------
Val GTT   0   0   0   0   0   0 | Ala GCT   2   2   2   2   3   2 | Asp GAT   1   2   0   0   2   2 | Gly GGT   1   0   1   1   2   1
    GTC   0   0   0   0   1   0 |     GCC   1   1   2   1   1   1 |     GAC   3   2   4   4   3   2 |     GGC   1   0   0   1   0   1
    GTA   0   0   0   0   1   0 |     GCA   1   1   1   1   1   1 | Glu GAA   3   2   2   3   3   3 |     GGA   0   0   0   0   1   1
    GTG   0   1   0   0   0   0 |     GCG   0   1   0   0   0   0 |     GAG   3   4   4   3   2   3 |     GGG   1   2   1   1   0   0
--------------------------------------------------------------------------------------------------------------------------------------

--------------------------------------------------------------------------------------------------------------------------------------
Phe TTT   1   1   1   1   1   1 | Ser TCT   1   1   2   2   1   2 | Tyr TAT   2   1   2   2   1   2 | Cys TGT   0   0   0   0   0   0
    TTC   0   0   0   0   0   0 |     TCC   1   1   0   0   1   1 |     TAC   1   2   1   1   2   1 |     TGC   0   0   0   0   0   0
Leu TTA   0   0   0   0   0   0 |     TCA   1   1   1   1   1   0 | *** TAA   0   0   0   0   0   0 | *** TGA   0   0   0   0   0   0
    TTG   0   0   0   0   0   0 |     TCG   0   0   0   0   0   0 |     TAG   0   0   0   0   0   0 | Trp TGG   1   1   1   1   1   1
--------------------------------------------------------------------------------------------------------------------------------------
Leu CTT   2   2   2   2   2   2 | Pro CCT   0   0   0   0   0   0 | His CAT   0   0   0   0   0   0 | Arg CGT   1   1   1   1   1   1
    CTC   1   1   1   1   1   1 |     CCC   2   2   2   2   1   2 |     CAC   1   1   1   1   1   1 |     CGC   0   0   0   0   0   0
    CTA   0   0   0   0   0   0 |     CCA   0   0   0   0   0   0 | Gln CAA   0   0   0   0   0   0 |     CGA   0   0   1   0   0   0
    CTG   1   1   1   1   1   1 |     CCG   0   0   0   0   0   0 |     CAG   5   5   4   5   5   5 |     CGG   0   0   0   0   0   0
--------------------------------------------------------------------------------------------------------------------------------------
Ile ATT   1   0   0   0   0   0 | Thr ACT   0   0   0   0   0   0 | Asn AAT   0   0   0   0   0   0 | Ser AGT   1   1   1   1   1   1
    ATC   0   1   1   1   1   1 |     ACC   0   0   0   0   0   0 |     AAC   2   2   2   2   2   2 |     AGC   0   0   0   0   1   0
    ATA   2   2   2   2   2   2 |     ACA   0   0   0   0   0   0 | Lys AAA   0   0   0   0   0   0 | Arg AGA   0   0   0   0   0   0
Met ATG   0   0   0   0   0   0 |     ACG   0   0   0   0   0   0 |     AAG   1   1   1   1   1   1 |     AGG   0   0   0   0   0   0
--------------------------------------------------------------------------------------------------------------------------------------
Val GTT   0   0   0   0   0   0 | Ala GCT   2   2   2   2   2   2 | Asp GAT   1   1   2   1   0   1 | Gly GGT   1   1   1   1   1   1
    GTC   0   0   0   0   0   0 |     GCC   1   1   1   1   3   1 |     GAC   3   3   2   3   3   3 |     GGC   0   1   0   1   0   1
    GTA   0   0   0   0   0   0 |     GCA   1   1   1   1   1   1 | Glu GAA   3   3   2   3   2   3 |     GGA   0   0   1   0   0   0
    GTG   0   0   0   0   0   0 |     GCG   0   0   0   0   0   0 |     GAG   3   3   4   3   4   3 |     GGG   2   1   1   1   1   1
--------------------------------------------------------------------------------------------------------------------------------------

--------------------------------------------------------------------------------------------------------------------------------------
Phe TTT   1   1   1   1   1   1 | Ser TCT   1   1   1   2   1   1 | Tyr TAT   2   1   1   2   2   3 | Cys TGT   0   0   0   0   0   0
    TTC   0   0   0   0   0   0 |     TCC   1   1   1   0   1   1 |     TAC   1   2   2   0   1   0 |     TGC   0   0   0   0   0   0
Leu TTA   0   0   0   0   0   0 |     TCA   1   1   1   1   1   1 | *** TAA   0   0   0   0   0   0 | *** TGA   0   0   0   0   0   0
    TTG   0   0   0   0   0   0 |     TCG   0   0   0   0   0   0 |     TAG   0   0   0   0   0   0 | Trp TGG   1   1   1   1   1   1
--------------------------------------------------------------------------------------------------------------------------------------
Leu CTT   2   2   2   2   2   2 | Pro CCT   0   0   0   0   0   0 | His CAT   0   0   0   0   0   0 | Arg CGT   1   1   1   1   1   1
    CTC   1   1   1   1   1   1 |     CCC   2   2   2   1   2   2 |     CAC   1   1   1   1   0   2 |     CGC   0   0   0   0   0   0
    CTA   0   0   0   0   0   0 |     CCA   0   0   0   0   0   0 | Gln CAA   0   0   0   0   1   0 |     CGA   0   0   0   0   0   0
    CTG   1   1   1   1   1   1 |     CCG   0   0   0   1   0   0 |     CAG   5   5   5   5   4   4 |     CGG   0   0   0   0   0   0
--------------------------------------------------------------------------------------------------------------------------------------
Ile ATT   1   0   0   0   1   0 | Thr ACT   0   0   0   0   0   0 | Asn AAT   0   0   0   0   0   0 | Ser AGT   1   2   1   1   1   1
    ATC   0   1   1   1   0   1 |     ACC   0   0   0   0   0   0 |     AAC   2   2   2   2   2   2 |     AGC   0   0   0   0   0   0
    ATA   2   1   2   2   2   2 |     ACA   0   0   0   0   0   0 | Lys AAA   0   0   0   0   0   0 | Arg AGA   0   0   0   0   0   0
Met ATG   0   1   0   0   0   0 |     ACG   0   0   0   0   0   0 |     AAG   1   1   1   1   2   1 |     AGG   0   0   0   0   0   0
--------------------------------------------------------------------------------------------------------------------------------------
Val GTT   0   0   0   0   0   0 | Ala GCT   2   2   2   2   2   2 | Asp GAT   1   0   2   1   0   1 | Gly GGT   1   0   1   1   1   1
    GTC   0   0   0   0   0   0 |     GCC   1   1   1   1   1   2 |     GAC   2   4   2   4   4   3 |     GGC   1   0   1   1   0   0
    GTA   0   0   0   0   0   0 |     GCA   1   1   1   1   1   1 | Glu GAA   4   2   3   2   3   3 |     GGA   0   0   0   0   0   0
    GTG   0   0   0   0   0   0 |     GCG   0   0   0   0   0   0 |     GAG   3   4   3   4   3   3 |     GGG   1   2   1   1   2   1
--------------------------------------------------------------------------------------------------------------------------------------

--------------------------------------------------------------------------------------------------------------------------------------
Phe TTT   1   1   1   1   1   1 | Ser TCT   1   1   1   1   1   1 | Tyr TAT   2   2   3   1   2   2 | Cys TGT   0   0   0   0   0   0
    TTC   0   0   0   0   0   0 |     TCC   1   1   1   1   1   1 |     TAC   0   0   0   2   1   1 |     TGC   0   0   0   0   0   0
Leu TTA   0   0   0   0   0   0 |     TCA   0   0   1   1   1   1 | *** TAA   0   0   0   0   0   0 | *** TGA   0   0   0   0   0   0
    TTG   0   0   0   0   0   0 |     TCG   1   1   0   0   0   0 |     TAG   0   0   0   0   0   0 | Trp TGG   1   1   1   1   1   1
--------------------------------------------------------------------------------------------------------------------------------------
Leu CTT   2   2   2   2   2   2 | Pro CCT   0   0   0   0   0   0 | His CAT   0   0   0   0   0   1 | Arg CGT   1   1   1   1   1   0
    CTC   1   1   1   1   1   1 |     CCC   2   2   2   1   1   2 |     CAC   2   2   1   1   2   1 |     CGC   0   0   0   0   0   0
    CTA   0   0   0   0   0   0 |     CCA   0   0   0   0   0   0 | Gln CAA   0   0   1   0   0   0 |     CGA   0   0   0   0   0   0
    CTG   1   1   1   1   1   1 |     CCG   0   0   0   0   1   0 |     CAG   5   5   4   5   4   5 |     CGG   0   0   0   0   0   0
--------------------------------------------------------------------------------------------------------------------------------------
Ile ATT   0   0   0   0   0   0 | Thr ACT   0   0   0   0   0   0 | Asn AAT   0   0   0   0   0   0 | Ser AGT   1   1   1   1   1   1
    ATC   1   1   1   1   1   1 |     ACC   1   1   0   0   0   0 |     AAC   2   2   2   3   2   2 |     AGC   0   0   0   0   0   0
    ATA   2   2   2   2   2   2 |     ACA   0   0   0   0   0   0 | Lys AAA   0   0   0   0   0   0 | Arg AGA   0   0   0   0   0   0
Met ATG   0   0   0   0   0   0 |     ACG   0   0   0   0   0   0 |     AAG   1   1   1   1   1   1 |     AGG   0   0   0   0   0   0
--------------------------------------------------------------------------------------------------------------------------------------
Val GTT   0   0   0   0   0   0 | Ala GCT   2   2   2   2   2   2 | Asp GAT   0   0   1   0   2   1 | Gly GGT   1   1   1   1   1   1
    GTC   0   0   0   0   0   0 |     GCC   0   0   1   3   2   1 |     GAC   4   4   3   3   2   3 |     GGC   1   1   1   0   0   0
    GTA   0   0   0   0   0   0 |     GCA   1   2   1   1   1   1 | Glu GAA   3   2   3   2   3   3 |     GGA   0   0   0   0   0   0
    GTG   0   0   0   0   0   0 |     GCG   0   0   0   0   0   0 |     GAG   3   3   3   4   3   3 |     GGG   1   1   1   1   1   2
--------------------------------------------------------------------------------------------------------------------------------------

--------------------------------------------------------------------------------------------------------------------------------------
Phe TTT   1   1   1   1   1   1 | Ser TCT   1   1   1   1   1   1 | Tyr TAT   2   2   2   2   2   1 | Cys TGT   0   0   0   0   0   0
    TTC   0   0   0   0   0   0 |     TCC   2   2   1   1   1   1 |     TAC   1   1   1   1   1   2 |     TGC   0   0   0   0   0   0
Leu TTA   0   0   0   0   0   0 |     TCA   0   0   1   1   1   1 | *** TAA   0   0   0   0   0   0 | *** TGA   0   0   0   0   0   0
    TTG   0   0   0   0   0   0 |     TCG   0   0   0   0   0   0 |     TAG   0   0   0   0   0   0 | Trp TGG   1   1   1   1   1   1
--------------------------------------------------------------------------------------------------------------------------------------
Leu CTT   1   1   2   2   2   2 | Pro CCT   0   0   0   0   0   0 | His CAT   0   0   0   0   0   0 | Arg CGT   0   1   1   1   1   1
    CTC   3   2   1   1   1   1 |     CCC   2   2   2   2   2   1 |     CAC   0   2   1   2   0   1 |     CGC   1   0   0   0   0   0
    CTA   0   0   0   0   0   0 |     CCA   0   0   0   0   0   0 | Gln CAA   0   0   0   0   0   0 |     CGA   0   0   0   0   0   0
    CTG   1   1   1   1   1   1 |     CCG   0   0   0   0   0   0 |     CAG   6   5   5   4   6   5 |     CGG   0   0   0   0   0   0
--------------------------------------------------------------------------------------------------------------------------------------
Ile ATT   0   0   1   0   0   0 | Thr ACT   0   0   0   0   0   0 | Asn AAT   0   0   0   0   0   0 | Ser AGT   1   1   1   1   1   1
    ATC   0   1   0   1   1   1 |     ACC   0   0   0   0   0   0 |     AAC   1   2   2   2   2   3 |     AGC   0   0   0   0   0   0
    ATA   2   2   2   2   2   2 |     ACA   0   0   0   0   0   0 | Lys AAA   0   0   0   0   0   0 | Arg AGA   0   0   0   0   0   0
Met ATG   0   0   0   0   0   0 |     ACG   0   0   0   0   0   0 |     AAG   1   1   1   1   1   1 |     AGG   0   0   0   0   0   0
--------------------------------------------------------------------------------------------------------------------------------------
Val GTT   0   0   0   0   0   0 | Ala GCT   2   3   2   2   2   2 | Asp GAT   0   1   1   1   2   0 | Gly GGT   0   1   1   1   1   1
    GTC   0   0   0   0   0   0 |     GCC   1   0   1   2   1   4 |     GAC   5   2   3   3   2   2 |     GGC   1   1   1   0   1   0
    GTA   0   0   0   0   0   0 |     GCA   0   1   1   1   1   1 | Glu GAA   3   3   3   3   3   2 |     GGA   0   0   0   0   0   0
    GTG   0   0   0   0   0   0 |     GCG   1   0   0   0   0   0 |     GAG   3   3   3   3   3   4 |     GGG   2   1   1   1   1   1
--------------------------------------------------------------------------------------------------------------------------------------

--------------------------------------------------------------------------------------------------------------------------------------
Phe TTT   1   1   1   1   1   1 | Ser TCT   1   1   2   2   2   1 | Tyr TAT   2   1   2   2   2   2 | Cys TGT   0   0   0   0   0   0
    TTC   0   0   0   0   0   0 |     TCC   1   1   1   0   0   1 |     TAC   1   2   1   1   0   1 |     TGC   0   0   0   0   0   0
Leu TTA   0   0   0   0   0   0 |     TCA   1   1   0   1   0   1 | *** TAA   0   0   0   0   0   0 | *** TGA   0   0   0   0   0   0
    TTG   0   0   0   0   0   0 |     TCG   0   0   0   0   1   0 |     TAG   0   0   0   0   0   0 | Trp TGG   1   1   1   1   1   1
--------------------------------------------------------------------------------------------------------------------------------------
Leu CTT   2   2   2   2   2   2 | Pro CCT   0   0   0   0   0   0 | His CAT   0   0   0   0   0   0 | Arg CGT   1   1   1   1   1   1
    CTC   1   1   1   1   1   1 |     CCC   2   1   2   2   2   2 |     CAC   2   1   1   1   3   1 |     CGC   0   0   0   0   0   0
    CTA   0   0   0   0   0   0 |     CCA   0   0   0   0   0   0 | Gln CAA   1   0   0   0   0   0 |     CGA   0   0   0   0   0   0
    CTG   1   1   1   1   1   1 |     CCG   0   0   0   0   0   0 |     CAG   3   5   5   5   4   5 |     CGG   0   0   0   0   0   0
--------------------------------------------------------------------------------------------------------------------------------------
Ile ATT   0   0   0   0   1   0 | Thr ACT   0   0   0   0   0   0 | Asn AAT   0   0   0   0   0   0 | Ser AGT   1   1   1   1   1   1
    ATC   1   1   1   1   0   1 |     ACC   0   0   0   0   1   0 |     AAC   2   3   2   2   2   2 |     AGC   0   0   0   0   0   0
    ATA   2   2   2   2   2   2 |     ACA   0   0   0   0   0   0 | Lys AAA   0   0   0   0   0   0 | Arg AGA   0   0   0   0   0   0
Met ATG   0   0   0   0   0   0 |     ACG   0   0   0   0   0   0 |     AAG   1   1   1   1   1   1 |     AGG   0   0   0   0   0   0
--------------------------------------------------------------------------------------------------------------------------------------
Val GTT   1   0   0   0   0   0 | Ala GCT   1   2   2   2   2   2 | Asp GAT   1   0   1   1   2   2 | Gly GGT   1   1   1   1   1   1
    GTC   0   0   0   0   0   0 |     GCC   2   3   1   1   0   1 |     GAC   3   3   3   3   2   2 |     GGC   0   0   1   1   1   1
    GTA   0   0   0   0   0   0 |     GCA   1   1   1   1   1   1 | Glu GAA   4   2   3   2   3   3 |     GGA   0   0   0   0   0   0
    GTG   0   0   0   0   0   0 |     GCG   0   0   0   0   0   0 |     GAG   2   4   3   4   3   3 |     GGG   1   1   1   1   1   1
--------------------------------------------------------------------------------------------------------------------------------------

--------------------------------------------------------------------------------------------------------------------------------------
Phe TTT   1   1   1   1   1   1 | Ser TCT   1   1   1   1   1   1 | Tyr TAT   2   1   3   2   2   3 | Cys TGT   0   1   0   0   0   0
    TTC   0   0   0   0   0   0 |     TCC   1   1   1   1   1   2 |     TAC   1   2   0   1   1   0 |     TGC   0   0   0   0   0   0
Leu TTA   0   0   0   0   0   0 |     TCA   1   1   1   1   1   0 | *** TAA   0   0   0   0   0   0 | *** TGA   0   0   0   0   0   0
    TTG   0   0   0   0   0   0 |     TCG   0   0   0   0   0   0 |     TAG   0   0   0   0   0   0 | Trp TGG   1   1   1   1   1   1
--------------------------------------------------------------------------------------------------------------------------------------
Leu CTT   2   2   2   2   2   1 | Pro CCT   1   0   0   0   0   0 | His CAT   1   0   1   0   0   1 | Arg CGT   0   0   0   1   1   0
    CTC   1   1   1   1   1   2 |     CCC   1   2   2   2   2   2 |     CAC   1   2   1   1   1   2 |     CGC   0   0   0   0   0   0
    CTA   0   0   0   0   0   0 |     CCA   0   0   0   0   0   0 | Gln CAA   0   0   0   0   0   0 |     CGA   0   0   0   0   0   0
    CTG   1   1   1   1   1   1 |     CCG   0   0   0   0   0   0 |     CAG   5   4   5   5   5   4 |     CGG   0   0   0   0   0   0
--------------------------------------------------------------------------------------------------------------------------------------
Ile ATT   0   0   1   1   0   0 | Thr ACT   0   0   0   0   0   0 | Asn AAT   0   0   0   0   0   0 | Ser AGT   1   1   1   1   1   1
    ATC   1   1   0   0   1   1 |     ACC   0   0   0   0   0   0 |     AAC   2   2   2   2   2   2 |     AGC   0   0   0   0   0   0
    ATA   2   2   2   2   2   2 |     ACA   0   0   0   0   0   0 | Lys AAA   0   0   0   0   0   0 | Arg AGA   0   0   0   0   0   0
Met ATG   0   0   0   0   0   0 |     ACG   0   0   0   0   0   0 |     AAG   1   1   1   1   1   1 |     AGG   0   0   0   0   0   0
--------------------------------------------------------------------------------------------------------------------------------------
Val GTT   0   0   0   0   0   0 | Ala GCT   2   2   2   2   2   3 | Asp GAT   2   0   1   1   1   1 | Gly GGT   1   1   1   1   1   1
    GTC   0   0   0   0   0   0 |     GCC   1   1   1   1   1   0 |     GAC   2   4   3   3   3   3 |     GGC   1   1   1   0   1   1
    GTA   0   0   0   0   0   0 |     GCA   1   1   1   1   1   1 | Glu GAA   3   2   3   3   3   4 |     GGA   0   0   0   0   0   0
    GTG   0   0   0   0   0   0 |     GCG   0   0   0   0   0   0 |     GAG   3   4   3   3   3   2 |     GGG   1   1   1   2   1   1
--------------------------------------------------------------------------------------------------------------------------------------

--------------------------------------------------------------------------------------------------------------------------------------
Phe TTT   1   1   1   1   1   1 | Ser TCT   1   1   2   0   1   1 | Tyr TAT   2   2   2   1   1   2 | Cys TGT   0   0   0   0   1   0
    TTC   0   0   0   0   0   0 |     TCC   2   1   1   1   1   1 |     TAC   1   1   1   1   2   1 |     TGC   0   0   0   0   0   0
Leu TTA   0   0   0   0   0   0 |     TCA   0   1   0   0   1   1 | *** TAA   0   0   0   0   0   0 | *** TGA   0   0   0   0   0   0
    TTG   0   0   0   0   0   0 |     TCG   0   0   0   2   0   0 |     TAG   0   0   0   0   0   0 | Trp TGG   1   1   1   1   1   1
--------------------------------------------------------------------------------------------------------------------------------------
Leu CTT   1   2   2   0   2   2 | Pro CCT   0   0   0   0   0   0 | His CAT   0   0   0   0   0   0 | Arg CGT   1   1   1   1   0   1
    CTC   2   1   1   3   1   0 |     CCC   2   2   2   1   2   2 |     CAC   1   2   1   1   2   1 |     CGC   0   0   0   2   0   1
    CTA   0   0   0   0   0   0 |     CCA   0   0   0   0   0   0 | Gln CAA   0   0   0   0   0   0 |     CGA   0   0   0   0   0   0
    CTG   1   1   1   1   1   1 |     CCG   0   0   0   0   0   0 |     CAG   5   4   5   5   4   5 |     CGG   0   0   0   0   0   0
--------------------------------------------------------------------------------------------------------------------------------------
Ile ATT   0   0   0   0   0   0 | Thr ACT   0   0   0   0   0   0 | Asn AAT   0   0   0   0   0   0 | Ser AGT   1   1   1   1   1   1
    ATC   1   1   1   1   1   1 |     ACC   0   0   0   0   0   0 |     AAC   2   2   2   2   3   2 |     AGC   0   0   0   0   0   0
    ATA   2   2   2   2   2   2 |     ACA   0   0   0   0   0   0 | Lys AAA   0   0   0   0   0   0 | Arg AGA   0   0   0   0   0   0
Met ATG   0   0   0   0   0   0 |     ACG   0   0   0   0   0   0 |     AAG   1   1   1   1   1   1 |     AGG   0   0   0   0   0   0
--------------------------------------------------------------------------------------------------------------------------------------
Val GTT   0   0   0   0   0   0 | Ala GCT   2   2   2   2   2   2 | Asp GAT   0   1   1   1   0   1 | Gly GGT   1   1   1   1   1   1
    GTC   0   0   0   0   0   0 |     GCC   1   2   1   0   1   1 |     GAC   4   3   3   3   3   3 |     GGC   1   0   1   1   0   1
    GTA   0   0   0   0   0   0 |     GCA   1   1   1   1   1   1 | Glu GAA   3   3   3   3   2   3 |     GGA   0   0   0   0   0   0
    GTG   0   0   0   0   0   0 |     GCG   0   0   0   1   0   0 |     GAG   3   3   3   3   4   3 |     GGG   1   1   1   1   2   1
--------------------------------------------------------------------------------------------------------------------------------------

--------------------------------------------------------------------------------------------------------------------------------------
Phe TTT   1   1   1   1   1   1 | Ser TCT   2   1   1   1   1   1 | Tyr TAT   3   1   2   2   1   1 | Cys TGT   0   0   0   0   0   0
    TTC   0   0   0   0   0   0 |     TCC   0   1   1   1   1   1 |     TAC   0   2   1   2   2   2 |     TGC   0   0   0   0   0   0
Leu TTA   0   0   0   0   0   0 |     TCA   1   1   1   1   1   1 | *** TAA   0   0   0   0   0   0 | *** TGA   0   0   0   0   0   0
    TTG   0   0   0   0   0   0 |     TCG   0   0   0   0   0   0 |     TAG   0   0   0   0   0   0 | Trp TGG   1   1   1   1   1   1
--------------------------------------------------------------------------------------------------------------------------------------
Leu CTT   2   2   2   2   2   2 | Pro CCT   0   0   0   0   0   0 | His CAT   0   0   0   0   0   0 | Arg CGT   1   1   1   1   1   1
    CTC   1   1   1   1   1   1 |     CCC   2   2   2   2   2   2 |     CAC   2   1   1   0   1   1 |     CGC   0   0   0   0   0   0
    CTA   0   0   0   0   0   0 |     CCA   0   0   0   0   0   0 | Gln CAA   0   0   0   0   0   0 |     CGA   0   0   0   0   0   0
    CTG   1   1   1   1   1   1 |     CCG   0   0   0   0   0   0 |     CAG   4   5   5   5   5   5 |     CGG   0   0   0   0   0   0
--------------------------------------------------------------------------------------------------------------------------------------
Ile ATT   0   0   0   0   0   0 | Thr ACT   0   0   0   0   0   0 | Asn AAT   0   0   0   0   0   0 | Ser AGT   1   1   1   1   1   1
    ATC   1   1   1   1   1   1 |     ACC   0   0   0   0   0   0 |     AAC   2   3   2   2   3   2 |     AGC   0   0   0   0   0   0
    ATA   2   2   2   2   2   2 |     ACA   0   0   0   0   0   0 | Lys AAA   0   0   0   0   0   0 | Arg AGA   0   0   0   0   0   0
Met ATG   0   0   0   0   0   0 |     ACG   0   0   0   0   0   0 |     AAG   1   1   1   1   1   1 |     AGG   0   0   0   0   0   0
--------------------------------------------------------------------------------------------------------------------------------------
Val GTT   0   0   0   0   0   0 | Ala GCT   2   2   2   2   2   2 | Asp GAT   1   0   1   0   0   0 | Gly GGT   1   2   1   1   1   1
    GTC   0   0   0   0   0   0 |     GCC   1   1   1   1   2   2 |     GAC   3   3   3   4   3   4 |     GGC   1   0   1   1   0   0
    GTA   0   0   0   0   0   0 |     GCA   1   1   1   1   1   1 | Glu GAA   3   3   3   3   2   2 |     GGA   0   0   0   0   0   0
    GTG   0   0   0   0   0   0 |     GCG   0   0   0   0   0   0 |     GAG   3   3   3   3   4   4 |     GGG   1   1   1   1   1   1
--------------------------------------------------------------------------------------------------------------------------------------

Codon position x base (3x4) table for each sequence.

#1: Argali         
position  1:    T:0.17778    C:0.28889    A:0.15556    G:0.37778
position  2:    T:0.17778    C:0.20000    A:0.48889    G:0.13333
position  3:    T:0.24444    C:0.33333    A:0.15556    G:0.26667
Average         T:0.20000    C:0.27407    A:0.26667    G:0.25926

#2: LesserMouseDeer
position  1:    T:0.17778    C:0.28889    A:0.13333    G:0.40000
position  2:    T:0.17778    C:0.20000    A:0.48889    G:0.13333
position  3:    T:0.31111    C:0.22222    A:0.06667    G:0.40000
Average         T:0.22222    C:0.23704    A:0.22963    G:0.31111

#3: LesserKudu     
position  1:    T:0.17778    C:0.28889    A:0.15556    G:0.37778
position  2:    T:0.17778    C:0.22222    A:0.48889    G:0.11111
position  3:    T:0.22222    C:0.35556    A:0.13333    G:0.28889
Average         T:0.19259    C:0.28889    A:0.25926    G:0.25926

#4: ForestMuskDeer2
position  1:    T:0.20000    C:0.26667    A:0.15556    G:0.37778
position  2:    T:0.17778    C:0.20000    A:0.48889    G:0.13333
position  3:    T:0.24444    C:0.33333    A:0.15556    G:0.26667
Average         T:0.20741    C:0.26667    A:0.26667    G:0.25926

#5: Camel          
position  1:    T:0.15556    C:0.24444    A:0.15556    G:0.44444
position  2:    T:0.17778    C:0.22222    A:0.46667    G:0.13333
position  3:    T:0.33333    C:0.22222    A:0.17778    G:0.26667
Average         T:0.22222    C:0.22963    A:0.26667    G:0.28148

#6: KillerWhale    
position  1:    T:0.17778    C:0.24444    A:0.20000    G:0.37778
position  2:    T:0.20000    C:0.17778    A:0.51111    G:0.11111
position  3:    T:0.28889    C:0.28889    A:0.17778    G:0.24444
Average         T:0.22222    C:0.23704    A:0.29630    G:0.24444

#7: DefassaWaterbuck
position  1:    T:0.17778    C:0.28889    A:0.15556    G:0.37778
position  2:    T:0.17778    C:0.20000    A:0.48889    G:0.13333
position  3:    T:0.28889    C:0.26667    A:0.15556    G:0.28889
Average         T:0.21481    C:0.25185    A:0.26667    G:0.26667

#8: Sheep          
position  1:    T:0.17778    C:0.28889    A:0.15556    G:0.37778
position  2:    T:0.17778    C:0.20000    A:0.48889    G:0.13333
position  3:    T:0.24444    C:0.33333    A:0.15556    G:0.26667
Average         T:0.20000    C:0.27407    A:0.26667    G:0.25926

#9: MaxwellsDuiker 
position  1:    T:0.17778    C:0.28889    A:0.15556    G:0.37778
position  2:    T:0.17778    C:0.20000    A:0.46667    G:0.15556
position  3:    T:0.31111    C:0.24444    A:0.17778    G:0.26667
Average         T:0.22222    C:0.24444    A:0.26667    G:0.26667

#10: GazellaPrzewalskyi
position  1:    T:0.17778    C:0.28889    A:0.15556    G:0.37778
position  2:    T:0.17778    C:0.20000    A:0.48889    G:0.13333
position  3:    T:0.28889    C:0.28889    A:0.15556    G:0.26667
Average         T:0.21481    C:0.25926    A:0.26667    G:0.25926

#11: MountainNyala  
position  1:    T:0.17778    C:0.26667    A:0.17778    G:0.37778
position  2:    T:0.17778    C:0.22222    A:0.46667    G:0.13333
position  3:    T:0.22222    C:0.35556    A:0.13333    G:0.28889
Average         T:0.19259    C:0.28148    A:0.25926    G:0.26667

#12: MuntiacusMuntjak
position  1:    T:0.17778    C:0.28889    A:0.15556    G:0.37778
position  2:    T:0.17778    C:0.20000    A:0.48889    G:0.13333
position  3:    T:0.28889    C:0.31111    A:0.13333    G:0.26667
Average         T:0.21481    C:0.26667    A:0.25926    G:0.25926

#13: goat           
position  1:    T:0.17778    C:0.28889    A:0.15556    G:0.37778
position  2:    T:0.17778    C:0.20000    A:0.48889    G:0.13333
position  3:    T:0.28889    C:0.26667    A:0.17778    G:0.26667
Average         T:0.21481    C:0.25185    A:0.27407    G:0.25926

#14: AfricanBuffalo 
position  1:    T:0.17778    C:0.28889    A:0.17778    G:0.35556
position  2:    T:0.17778    C:0.20000    A:0.48889    G:0.13333
position  3:    T:0.22222    C:0.33333    A:0.11111    G:0.33333
Average         T:0.19259    C:0.27407    A:0.25926    G:0.27407

#15: Topi           
position  1:    T:0.17778    C:0.28889    A:0.15556    G:0.37778
position  2:    T:0.17778    C:0.20000    A:0.48889    G:0.13333
position  3:    T:0.26667    C:0.31111    A:0.15556    G:0.26667
Average         T:0.20741    C:0.26667    A:0.26667    G:0.25926

#16: CommonDuiker   
position  1:    T:0.15556    C:0.28889    A:0.15556    G:0.40000
position  2:    T:0.17778    C:0.20000    A:0.48889    G:0.13333
position  3:    T:0.28889    C:0.26667    A:0.13333    G:0.31111
Average         T:0.20741    C:0.25185    A:0.25926    G:0.28148

#17: Suni           
position  1:    T:0.17778    C:0.26667    A:0.17778    G:0.37778
position  2:    T:0.17778    C:0.20000    A:0.48889    G:0.13333
position  3:    T:0.26667    C:0.26667    A:0.17778    G:0.28889
Average         T:0.20741    C:0.24444    A:0.28148    G:0.26667

#18: Springbuck     
position  1:    T:0.17778    C:0.28889    A:0.15556    G:0.37778
position  2:    T:0.17778    C:0.22222    A:0.48889    G:0.11111
position  3:    T:0.28889    C:0.31111    A:0.15556    G:0.24444
Average         T:0.21481    C:0.27407    A:0.26667    G:0.24444

#19: Okapi          
position  1:    T:0.15556    C:0.31111    A:0.17778    G:0.35556
position  2:    T:0.17778    C:0.20000    A:0.48889    G:0.13333
position  3:    T:0.24444    C:0.33333    A:0.13333    G:0.28889
Average         T:0.19259    C:0.28148    A:0.26667    G:0.25926

#20: Giraffe        
position  1:    T:0.15556    C:0.31111    A:0.17778    G:0.35556
position  2:    T:0.17778    C:0.22222    A:0.46667    G:0.13333
position  3:    T:0.24444    C:0.33333    A:0.13333    G:0.28889
Average         T:0.19259    C:0.28889    A:0.25926    G:0.25926

#21: TibetanAntelope
position  1:    T:0.17778    C:0.28889    A:0.15556    G:0.37778
position  2:    T:0.17778    C:0.20000    A:0.48889    G:0.13333
position  3:    T:0.28889    C:0.28889    A:0.17778    G:0.24444
Average         T:0.21481    C:0.25926    A:0.27407    G:0.25185

#22: Sitatunga      
position  1:    T:0.17778    C:0.26667    A:0.17778    G:0.37778
position  2:    T:0.17778    C:0.22222    A:0.48889    G:0.11111
position  3:    T:0.22222    C:0.35556    A:0.13333    G:0.28889
Average         T:0.19259    C:0.28148    A:0.26667    G:0.25926

#23: Oribi          
position  1:    T:0.17778    C:0.28889    A:0.15556    G:0.37778
position  2:    T:0.17778    C:0.22222    A:0.48889    G:0.11111
position  3:    T:0.28889    C:0.28889    A:0.15556    G:0.26667
Average         T:0.21481    C:0.26667    A:0.26667    G:0.25185

#24: BarbarySheep   
position  1:    T:0.17778    C:0.28889    A:0.15556    G:0.37778
position  2:    T:0.17778    C:0.20000    A:0.51111    G:0.11111
position  3:    T:0.26667    C:0.28889    A:0.15556    G:0.28889
Average         T:0.20741    C:0.25926    A:0.27407    G:0.25926

#25: Daviddeer      
position  1:    T:0.17778    C:0.31111    A:0.11111    G:0.40000
position  2:    T:0.17778    C:0.20000    A:0.48889    G:0.13333
position  3:    T:0.17778    C:0.37778    A:0.11111    G:0.33333
Average         T:0.17778    C:0.29630    A:0.23704    G:0.28889

#26: Reindeer       
position  1:    T:0.17778    C:0.31111    A:0.15556    G:0.35556
position  2:    T:0.17778    C:0.20000    A:0.48889    G:0.13333
position  3:    T:0.26667    C:0.33333    A:0.13333    G:0.26667
Average         T:0.20741    C:0.28148    A:0.25926    G:0.25185

#27: Ibex           
position  1:    T:0.17778    C:0.28889    A:0.15556    G:0.37778
position  2:    T:0.17778    C:0.20000    A:0.48889    G:0.13333
position  3:    T:0.28889    C:0.28889    A:0.15556    G:0.26667
Average         T:0.21481    C:0.25926    A:0.26667    G:0.25926

#28: GyrantGazelle  
position  1:    T:0.17778    C:0.28889    A:0.15556    G:0.37778
position  2:    T:0.17778    C:0.22222    A:0.48889    G:0.11111
position  3:    T:0.26667    C:0.33333    A:0.15556    G:0.24444
Average         T:0.20741    C:0.28148    A:0.26667    G:0.24444

#29: Hartebeest     
position  1:    T:0.17778    C:0.28889    A:0.15556    G:0.37778
position  2:    T:0.17778    C:0.20000    A:0.48889    G:0.13333
position  3:    T:0.28889    C:0.26667    A:0.15556    G:0.28889
Average         T:0.21481    C:0.25185    A:0.26667    G:0.26667

#30: Bongo          
position  1:    T:0.17778    C:0.26667    A:0.17778    G:0.37778
position  2:    T:0.17778    C:0.24444    A:0.46667    G:0.11111
position  3:    T:0.22222    C:0.35556    A:0.13333    G:0.28889
Average         T:0.19259    C:0.28889    A:0.25926    G:0.25926

#31: Gerenuk        
position  1:    T:0.17778    C:0.28889    A:0.15556    G:0.37778
position  2:    T:0.20000    C:0.20000    A:0.48889    G:0.11111
position  3:    T:0.26667    C:0.33333    A:0.20000    G:0.20000
Average         T:0.21481    C:0.27407    A:0.28148    G:0.22963

#32: CommonEland    
position  1:    T:0.17778    C:0.26667    A:0.17778    G:0.37778
position  2:    T:0.17778    C:0.22222    A:0.48889    G:0.11111
position  3:    T:0.22222    C:0.35556    A:0.13333    G:0.28889
Average         T:0.19259    C:0.28148    A:0.26667    G:0.25926

#33: MuntiacusReevesi
position  1:    T:0.17778    C:0.28889    A:0.15556    G:0.37778
position  2:    T:0.17778    C:0.20000    A:0.48889    G:0.13333
position  3:    T:0.28889    C:0.31111    A:0.13333    G:0.26667
Average         T:0.21481    C:0.26667    A:0.25926    G:0.25926

#34: HarveysDuiker  
position  1:    T:0.17778    C:0.28889    A:0.15556    G:0.37778
position  2:    T:0.17778    C:0.20000    A:0.48889    G:0.13333
position  3:    T:0.28889    C:0.28889    A:0.13333    G:0.28889
Average         T:0.21481    C:0.25926    A:0.25926    G:0.26667

#35: Pronghorn      
position  1:    T:0.15556    C:0.31111    A:0.17778    G:0.35556
position  2:    T:0.17778    C:0.20000    A:0.48889    G:0.13333
position  3:    T:0.33333    C:0.26667    A:0.13333    G:0.26667
Average         T:0.22222    C:0.25926    A:0.26667    G:0.25185

#36: BlueWildebeest 
position  1:    T:0.17778    C:0.28889    A:0.15556    G:0.37778
position  2:    T:0.17778    C:0.20000    A:0.48889    G:0.13333
position  3:    T:0.28889    C:0.28889    A:0.15556    G:0.26667
Average         T:0.21481    C:0.25926    A:0.26667    G:0.25926

#37: Gemsbok        
position  1:    T:0.17778    C:0.28889    A:0.15556    G:0.37778
position  2:    T:0.17778    C:0.20000    A:0.51111    G:0.11111
position  3:    T:0.31111    C:0.26667    A:0.15556    G:0.26667
Average         T:0.22222    C:0.25185    A:0.27407    G:0.25185

#38: Yak            
position  1:    T:0.20000    C:0.26667    A:0.15556    G:0.37778
position  2:    T:0.17778    C:0.20000    A:0.48889    G:0.13333
position  3:    T:0.22222    C:0.37778    A:0.13333    G:0.26667
Average         T:0.20000    C:0.28148    A:0.25926    G:0.25926

#39: BlueSheep      
position  1:    T:0.17778    C:0.28889    A:0.15556    G:0.37778
position  2:    T:0.17778    C:0.20000    A:0.51111    G:0.11111
position  3:    T:0.31111    C:0.26667    A:0.15556    G:0.26667
Average         T:0.22222    C:0.25185    A:0.27407    G:0.25185

#40: BohorReedbuck  
position  1:    T:0.17778    C:0.28889    A:0.15556    G:0.37778
position  2:    T:0.17778    C:0.20000    A:0.48889    G:0.13333
position  3:    T:0.28889    C:0.26667    A:0.15556    G:0.28889
Average         T:0.21481    C:0.25185    A:0.26667    G:0.26667

#41: KirksDik       
position  1:    T:0.17778    C:0.28889    A:0.15556    G:0.37778
position  2:    T:0.17778    C:0.20000    A:0.48889    G:0.13333
position  3:    T:0.26667    C:0.31111    A:0.15556    G:0.26667
Average         T:0.20741    C:0.26667    A:0.26667    G:0.25926

#42: RoeDeer        
position  1:    T:0.17778    C:0.28889    A:0.15556    G:0.37778
position  2:    T:0.17778    C:0.20000    A:0.51111    G:0.11111
position  3:    T:0.28889    C:0.33333    A:0.15556    G:0.22222
Average         T:0.21481    C:0.27407    A:0.27407    G:0.23704

#43: WhiteLippedDeer
position  1:    T:0.17778    C:0.28889    A:0.15556    G:0.37778
position  2:    T:0.17778    C:0.20000    A:0.48889    G:0.13333
position  3:    T:0.22222    C:0.37778    A:0.13333    G:0.26667
Average         T:0.19259    C:0.28889    A:0.25926    G:0.25926

#44: ThomsonGazelle 
position  1:    T:0.17778    C:0.28889    A:0.15556    G:0.37778
position  2:    T:0.17778    C:0.22222    A:0.48889    G:0.11111
position  3:    T:0.26667    C:0.33333    A:0.15556    G:0.24444
Average         T:0.20741    C:0.28148    A:0.26667    G:0.24444

#45: MuntiacusCrinifrons
position  1:    T:0.17778    C:0.28889    A:0.15556    G:0.37778
position  2:    T:0.17778    C:0.20000    A:0.48889    G:0.13333
position  3:    T:0.28889    C:0.31111    A:0.13333    G:0.26667
Average         T:0.21481    C:0.26667    A:0.25926    G:0.25926

#46: WhiteTailedDeer
position  1:    T:0.15556    C:0.31111    A:0.15556    G:0.37778
position  2:    T:0.17778    C:0.17778    A:0.46667    G:0.17778
position  3:    T:0.17778    C:0.35556    A:0.13333    G:0.33333
Average         T:0.17037    C:0.28148    A:0.25185    G:0.29630

#47: Cattle         
position  1:    T:0.20000    C:0.26667    A:0.17778    G:0.35556
position  2:    T:0.17778    C:0.20000    A:0.48889    G:0.13333
position  3:    T:0.22222    C:0.35556    A:0.13333    G:0.28889
Average         T:0.20000    C:0.27407    A:0.26667    G:0.25926

#48: RoyalAntelope  
position  1:    T:0.17778    C:0.28889    A:0.15556    G:0.37778
position  2:    T:0.15556    C:0.20000    A:0.48889    G:0.15556
position  3:    T:0.26667    C:0.31111    A:0.15556    G:0.26667
Average         T:0.20000    C:0.26667    A:0.26667    G:0.26667

#49: Steenbok       
position  1:    T:0.17778    C:0.28889    A:0.15556    G:0.37778
position  2:    T:0.17778    C:0.20000    A:0.48889    G:0.13333
position  3:    T:0.31111    C:0.28889    A:0.15556    G:0.24444
Average         T:0.22222    C:0.25926    A:0.26667    G:0.25185

#50: Impala         
position  1:    T:0.17778    C:0.28889    A:0.17778    G:0.35556
position  2:    T:0.17778    C:0.20000    A:0.48889    G:0.13333
position  3:    T:0.24444    C:0.33333    A:0.15556    G:0.26667
Average         T:0.20000    C:0.27407    A:0.27407    G:0.25185

#51: Klipspringer   
position  1:    T:0.17778    C:0.28889    A:0.15556    G:0.37778
position  2:    T:0.17778    C:0.20000    A:0.48889    G:0.13333
