CODONML (in paml version 4.10.7, June 2023)  /home/rachel/ruminants_paml/6406-phy-tree/ENSBTAT00000033894.fasta.phy
Model: free dN/dS Ratios for branches,  kappa = 2.000 fixed

Codon frequency model: F3x4
ns =  54  ls = 217

Codon usage in sequences
--------------------------------------------------------------------------------------------------------------------------------------
Phe TTT   1   0   1   1   1   1 | Ser TCT   2   2   2   2   2   2 | Tyr TAT   0   0   0   0   0   0 | Cys TGT   0   0   0   0   0   0
    TTC   0   1   0   0   0   0 |     TCC   0   0   0   0   0   1 |     TAC   2   2   2   2   2   2 |     TGC   0   0   0   0   0   0
Leu TTA   4   4   4   4   4   4 |     TCA   0   0   0   0   1   1 | *** TAA   0   0   0   0   0   0 | *** TGA   0   0   0   0   0   0
    TTG   4   4   4   3   3   2 |     TCG   2   2   2   2   1   1 |     TAG   0   0   0   0   0   0 | Trp TGG   0   0   0   0   0   0
--------------------------------------------------------------------------------------------------------------------------------------
Leu CTT   4   3   4   4   3   4 | Pro CCT   2   2   2   2   2   2 | His CAT   0   0   0   0   1   0 | Arg CGT   6   6   6   6   6   6
    CTC   2   2   2   3   3   2 |     CCC   6   6   6   6   6   4 |     CAC   1   1   1   1   0   1 |     CGC   2   2   2   2   2   2
    CTA   4   5   4   3   5   5 |     CCA   0   0   0   0   1   1 | Gln CAA   2   2   2   2   4   4 |     CGA   8  10   8   8   9   9
    CTG   8   8   8   9   8   9 |     CCG   1   1   1   1   1   1 |     CAG  14  14  14  14  12  12 |     CGG   3   3   3   3   3   3
--------------------------------------------------------------------------------------------------------------------------------------
Ile ATT   1   1   1   1   0   1 | Thr ACT   0   0   0   0   1   0 | Asn AAT   3   3   3   3   3   3 | Ser AGT   1   1   1   1   1   1
    ATC   4   4   4   4   4   4 |     ACC   6   5   5   5   4   5 |     AAC   4   4   4   4   4   4 |     AGC   2   2   2   2   2   2
    ATA   2   2   2   2   3   2 |     ACA   3   3   3   3   3   2 | Lys AAA   5   5   5   4   5   5 | Arg AGA  14  12  14  14  13  13
Met ATG   9   9   9   9   9   9 |     ACG   0   0   0   0   0   1 |     AAG   5   5   5   6   5   5 |     AGG   2   2   2   2   2   2
--------------------------------------------------------------------------------------------------------------------------------------
Val GTT   2   2   2   1   2   2 | Ala GCT   6   5   5   6   4   5 | Asp GAT   4   4   4   4   3   5 | Gly GGT  14  14  14  14  14  14
    GTC   1   1   1   2   1   1 |     GCC   6   8   7   7   8   8 |     GAC   2   2   2   2   2   1 |     GGC  11  11  11  12  11  10
    GTA   1   2   2   2   2   2 |     GCA   5   4   4   4   4   4 | Glu GAA   1   1   1   1   1   1 |     GGA  12  12  12  11  11  13
    GTG   1   1   1   1   1   1 |     GCG   0   0   1   0   0   0 |     GAG   4   4   4   4   5   4 |     GGG   8   8   8   8   9   8
--------------------------------------------------------------------------------------------------------------------------------------

--------------------------------------------------------------------------------------------------------------------------------------
Phe TTT   1   1   1   1   1   1 | Ser TCT   2   2   2   2   2   2 | Tyr TAT   0   0   0   0   0   0 | Cys TGT   0   0   0   0   0   0
    TTC   0   0   0   0   0   0 |     TCC   0   0   0   0   0   0 |     TAC   2   2   2   2   2   2 |     TGC   0   0   0   0   0   0
Leu TTA   4   4   4   4   4   4 |     TCA   0   0   0   0   0   0 | *** TAA   0   0   0   0   0   0 | *** TGA   0   0   0   0   0   0
    TTG   4   4   2   4   4   4 |     TCG   2   2   2   2   2   2 |     TAG   0   0   0   0   0   0 | Trp TGG   0   0   0   0   0   0
--------------------------------------------------------------------------------------------------------------------------------------
Leu CTT   4   4   4   4   4   4 | Pro CCT   2   2   2   2   2   1 | His CAT   0   0   0   0   0   0 | Arg CGT   6   6   6   6   6   6
    CTC   2   2   2   2   2   2 |     CCC   6   6   6   6   6   5 |     CAC   1   1   1   1   1   1 |     CGC   2   2   2   2   2   2
    CTA   4   4   5   4   4   4 |     CCA   0   0   0   0   0   1 | Gln CAA   2   2   2   2   2   2 |     CGA   9   8   9   8   8   8
    CTG   8   8   9   8   8   8 |     CCG   1   1   1   1   1   2 |     CAG  14  14  14  14  14  14 |     CGG   3   3   3   3   3   3
--------------------------------------------------------------------------------------------------------------------------------------
Ile ATT   1   1   1   1   1   1 | Thr ACT   0   0   0   0   0   0 | Asn AAT   3   3   3   3   3   3 | Ser AGT   1   1   1   1   1   1
    ATC   4   4   4   4   4   4 |     ACC   5   6   5   5   5   5 |     AAC   4   4   4   4   4   4 |     AGC   2   2   2   2   2   2
    ATA   2   2   1   2   2   2 |     ACA   3   3   3   3   3   3 | Lys AAA   5   5   4   5   5   5 | Arg AGA  13  14  13  14  14  14
Met ATG   9   9  10   9   9   9 |     ACG   0   0   0   0   0   0 |     AAG   5   5   6   5   5   5 |     AGG   2   2   2   2   2   2
--------------------------------------------------------------------------------------------------------------------------------------
Val GTT   2   2   2   2   2   2 | Ala GCT   6   6   5   6   5   6 | Asp GAT   5   4   2   5   4   5 | Gly GGT  14  14  13  14  14  14
    GTC   1   1   1   1   1   1 |     GCC   7   6   7   7   7   7 |     GAC   1   2   4   1   2   1 |     GGC  11  11  12  11  11  12
    GTA   2   2   1   2   2   2 |     GCA   4   4   4   4   4   4 | Glu GAA   1   1   1   1   1   1 |     GGA  12  12  12  12  12  11
    GTG   1   1   1   1   1   1 |     GCG   0   0   2   0   1   0 |     GAG   4   4   4   4   4   4 |     GGG   8   8   8   8   8   8
--------------------------------------------------------------------------------------------------------------------------------------

--------------------------------------------------------------------------------------------------------------------------------------
Phe TTT   1   1   1   1   1   1 | Ser TCT   2   2   2   2   2   2 | Tyr TAT   0   0   0   0   0   0 | Cys TGT   0   0   0   0   0   0
    TTC   0   0   0   0   0   0 |     TCC   0   0   0   0   0   0 |     TAC   2   2   2   2   2   2 |     TGC   0   0   0   0   0   0
Leu TTA   4   4   4   4   4   4 |     TCA   0   0   0   1   0   0 | *** TAA   0   0   0   0   0   0 | *** TGA   0   0   0   0   0   0
    TTG   4   4   4   4   4   4 |     TCG   2   2   2   1   2   2 |     TAG   0   0   0   0   0   0 | Trp TGG   0   0   0   0   0   0
--------------------------------------------------------------------------------------------------------------------------------------
Leu CTT   4   4   4   4   4   4 | Pro CCT   2   2   2   2   2   2 | His CAT   0   0   0   0   0   0 | Arg CGT   6   6   6   6   7   6
    CTC   2   2   2   2   2   2 |     CCC   6   6   6   6   6   6 |     CAC   1   1   1   1   1   1 |     CGC   2   2   2   2   1   2
    CTA   4   4   4   5   4   4 |     CCA   0   0   0   0   0   0 | Gln CAA   2   2   2   2   2   2 |     CGA   8   8   8   8   8   8
    CTG   8   8   8   7   8   8 |     CCG   1   1   1   1   1   1 |     CAG  14  14  14  14  14  14 |     CGG   3   3   3   3   3   3
--------------------------------------------------------------------------------------------------------------------------------------
Ile ATT   1   1   1   1   1   1 | Thr ACT   0   0   0   0   0   0 | Asn AAT   3   3   3   3   3   3 | Ser AGT   1   1   1   1   1   1
    ATC   4   4   4   4   4   4 |     ACC   5   5   5   5   5   5 |     AAC   4   4   4   4   4   4 |     AGC   2   2   2   2   2   2
    ATA   2   2   2   2   2   2 |     ACA   3   3   3   3   2   3 | Lys AAA   5   5   5   5   5   5 | Arg AGA  14  14  14  14  14  14
Met ATG   9   9   9   9   9   9 |     ACG   0   0   0   0   1   0 |     AAG   5   5   5   5   5   5 |     AGG   2   2   2   2   2   2
--------------------------------------------------------------------------------------------------------------------------------------
Val GTT   2   2   2   2   2   2 | Ala GCT   6   5   6   6   6   6 | Asp GAT   5   4   5   5   5   5 | Gly GGT  14  14  14  14  14  14
    GTC   1   1   1   1   1   1 |     GCC   7   8   7   7   7   7 |     GAC   1   2   1   1   1   1 |     GGC  11  11  11  11  11  11
    GTA   2   2   2   1   2   2 |     GCA   4   4   4   4   4   4 | Glu GAA   1   1   1   1   1   1 |     GGA  12  12  12  12  12  12
    GTG   1   1   1   2   1   1 |     GCG   0   0   0   0   0   0 |     GAG   4   4   4   4   4   4 |     GGG   8   8   8   8   8   8
--------------------------------------------------------------------------------------------------------------------------------------

--------------------------------------------------------------------------------------------------------------------------------------
Phe TTT   1   1   1   1   1   1 | Ser TCT   2   2   2   2   3   2 | Tyr TAT   0   0   0   0   0   0 | Cys TGT   0   0   0   0   0   0
    TTC   0   0   0   0   0   0 |     TCC   0   0   0   0   0   0 |     TAC   2   2   2   2   2   2 |     TGC   0   0   0   0   0   0
Leu TTA   4   4   4   4   4   4 |     TCA   0   0   0   0   0   0 | *** TAA   0   0   0   0   0   0 | *** TGA   0   0   0   0   0   0
    TTG   4   4   3   4   4   4 |     TCG   2   2   2   2   2   2 |     TAG   0   0   0   0   0   0 | Trp TGG   0   0   0   0   0   0
--------------------------------------------------------------------------------------------------------------------------------------
Leu CTT   4   4   4   4   4   4 | Pro CCT   2   2   2   2   3   2 | His CAT   0   0   0   0   0   0 | Arg CGT   6   6   6   6   6   6
    CTC   2   2   2   2   2   2 |     CCC   5   5   6   6   5   6 |     CAC   1   1   1   1   1   1 |     CGC   2   2   2   2   2   2
    CTA   4   4   4   4   4   4 |     CCA   1   1   0   0   0   0 | Gln CAA   2   2   2   2   2   2 |     CGA   7   8   8   8   9   8
    CTG   8   8   9   8   8   8 |     CCG   1   1   1   1   1   1 |     CAG  14  14  14  14  14  14 |     CGG   4   3   3   3   3   3
--------------------------------------------------------------------------------------------------------------------------------------
Ile ATT   1   1   1   1   1   1 | Thr ACT   0   0   0   0   0   0 | Asn AAT   3   3   2   3   3   3 | Ser AGT   1   1   1   1   1   1
    ATC   4   4   4   4   4   4 |     ACC   5   6   5   5   5   5 |     AAC   4   4   5   4   4   4 |     AGC   2   2   2   2   2   2
    ATA   2   2   2   2   2   2 |     ACA   3   3   3   3   3   3 | Lys AAA   5   5   5   5   5   5 | Arg AGA  14  14  14  14  13  14
Met ATG   9   9   9   9   9   9 |     ACG   0   0   0   0   0   0 |     AAG   5   5   5   5   5   5 |     AGG   2   2   2   2   2   2
--------------------------------------------------------------------------------------------------------------------------------------
Val GTT   2   2   2   2   2   2 | Ala GCT   6   6   6   5   5   6 | Asp GAT   5   5   4   4   5   4 | Gly GGT  14  14  14  14  14  14
    GTC   1   1   1   1   1   1 |     GCC   7   6   7   7   7   7 |     GAC   1   1   2   2   1   2 |     GGC  11  11  11  11  11  11
    GTA   2   2   2   2   2   2 |     GCA   4   4   4   4   4   4 | Glu GAA   1   1   1   1   1   1 |     GGA  12  12  12  12  12  12
    GTG   1   1   1   1   1   1 |     GCG   0   0   0   1   0   0 |     GAG   4   4   4   4   4   4 |     GGG   8   8   8   8   8   8
--------------------------------------------------------------------------------------------------------------------------------------

--------------------------------------------------------------------------------------------------------------------------------------
Phe TTT   1   1   1   1   1   1 | Ser TCT   2   2   2   2   2   2 | Tyr TAT   0   0   0   0   0   0 | Cys TGT   0   0   0   0   0   0
    TTC   0   0   0   0   0   0 |     TCC   0   1   0   0   0   0 |     TAC   2   2   2   2   2   2 |     TGC   0   0   0   0   0   0
Leu TTA   4   4   4   4   4   4 |     TCA   0   0   0   0   0   0 | *** TAA   0   0   0   0   0   0 | *** TGA   0   0   0   0   0   0
    TTG   5   4   4   4   4   4 |     TCG   1   2   2   2   2   2 |     TAG   0   0   0   0   0   0 | Trp TGG   0   0   0   0   0   0
--------------------------------------------------------------------------------------------------------------------------------------
Leu CTT   4   4   4   4   4   4 | Pro CCT   1   1   2   2   2   2 | His CAT   0   0   0   0   0   0 | Arg CGT   6   6   6   6   6   6
    CTC   2   2   2   3   2   2 |     CCC   5   5   6   6   6   6 |     CAC   1   1   1   1   1   1 |     CGC   2   2   2   2   2   2
    CTA   4   4   4   4   4   4 |     CCA   1   1   0   0   0   0 | Gln CAA   2   2   2   2   2   2 |     CGA   8   8   8   8   8   8
    CTG   8   8   8   7   8   8 |     CCG   2   2   1   1   1   1 |     CAG  14  14  14  14  14  14 |     CGG   3   3   3   3   3   3
--------------------------------------------------------------------------------------------------------------------------------------
Ile ATT   1   1   1   1   1   1 | Thr ACT   0   0   0   0   0   0 | Asn AAT   3   3   3   3   3   3 | Ser AGT   1   1   1   1   1   1
    ATC   4   4   4   4   4   4 |     ACC   5   5   5   5   5   5 |     AAC   3   4   4   4   4   4 |     AGC   3   2   2   2   2   2
    ATA   2   2   2   2   2   2 |     ACA   3   3   3   3   3   3 | Lys AAA   5   5   5   5   5   5 | Arg AGA  13  14  14  14  14  14
Met ATG   9   9   9   9   9   9 |     ACG   0   0   0   0   0   0 |     AAG   5   5   5   5   5   5 |     AGG   2   2   2   2   2   2
--------------------------------------------------------------------------------------------------------------------------------------
Val GTT   2   2   2   2   2   2 | Ala GCT   6   6   6   6   6   5 | Asp GAT   5   5   5   5   5   4 | Gly GGT  14  14  14  14  14  14
    GTC   1   2   1   1   1   1 |     GCC   7   5   7   7   7   7 |     GAC   1   1   1   1   1   2 |     GGC  12  12  11  11  11  11
    GTA   2   2   2   2   2   2 |     GCA   4   4   4   4   4   4 | Glu GAA   1   1   1   1   1   1 |     GGA  12  11  12  12  12  12
    GTG   1   1   1   1   1   1 |     GCG   0   0   0   0   0   1 |     GAG   4   4   4   4   4   4 |     GGG   8   8   8   8   8   8
--------------------------------------------------------------------------------------------------------------------------------------

--------------------------------------------------------------------------------------------------------------------------------------
Phe TTT   1   1   1   1   1   1 | Ser TCT   2   2   2   2   2   2 | Tyr TAT   0   0   0   0   0   0 | Cys TGT   0   0   0   0   0   0
    TTC   0   0   0   0   0   0 |     TCC   0   0   0   0   0   0 |     TAC   2   2   2   2   2   2 |     TGC   0   0   0   0   0   0
Leu TTA   4   4   4   4   4   4 |     TCA   0   0   0   0   0   0 | *** TAA   0   0   0   0   0   0 | *** TGA   0   0   0   0   0   0
    TTG   4   4   4   4   4   4 |     TCG   2   2   2   2   2   2 |     TAG   0   0   0   0   0   0 | Trp TGG   0   0   0   0   0   0
--------------------------------------------------------------------------------------------------------------------------------------
Leu CTT   4   4   4   4   4   4 | Pro CCT   2   2   1   2   1   2 | His CAT   0   0   0   0   0   0 | Arg CGT   6   6   6   6   7   6
    CTC   2   2   2   2   2   2 |     CCC   6   6   5   6   6   6 |     CAC   1   1   1   1   1   1 |     CGC   2   2   2   2   2   2
    CTA   4   4   4   5   4   4 |     CCA   0   0   1   0   1   0 | Gln CAA   2   2   2   2   2   2 |     CGA   9   9   8   8   8   8
    CTG   8   8   8   7   8   8 |     CCG   1   1   2   1   1   1 |     CAG  14  14  14  14  14  14 |     CGG   3   2   3   3   2   3
--------------------------------------------------------------------------------------------------------------------------------------
Ile ATT   1   1   1   1   1   1 | Thr ACT   0   0   0   0   0   0 | Asn AAT   3   3   3   3   3   3 | Ser AGT   1   1   1   1   1   1
    ATC   4   4   4   4   4   4 |     ACC   5   5   5   5   5   5 |     AAC   4   4   4   4   4   4 |     AGC   2   2   2   2   2   2
    ATA   2   2   2   2   2   2 |     ACA   3   3   3   3   3   3 | Lys AAA   5   5   5   5   5   5 | Arg AGA  13  14  14  14  14  14
Met ATG   9   9   9   9   9   9 |     ACG   0   0   0   0   0   0 |     AAG   5   5   5   5   5   5 |     AGG   2   2   2   2   2   2
--------------------------------------------------------------------------------------------------------------------------------------
Val GTT   2   2   2   2   2   2 | Ala GCT   6   5   6   6   6   6 | Asp GAT   5   4   5   5   5   5 | Gly GGT  14  14  14  14  14  14
    GTC   1   1   1   1   1   1 |     GCC   7   7   7   7   7   7 |     GAC   1   2   1   1   1   1 |     GGC  11  11  12  11  11  11
    GTA   2   2   2   1   2   2 |     GCA   4   4   4   4   4   4 | Glu GAA   1   1   1   1   1   1 |     GGA  12  12  11  12  12  12
    GTG   1   1   1   2   1   1 |     GCG   0   1   0   0   0   0 |     GAG   4   4   4   4   4   4 |     GGG   8   8   8   8   8   8
--------------------------------------------------------------------------------------------------------------------------------------

--------------------------------------------------------------------------------------------------------------------------------------
Phe TTT   1   1   1   1   1   1 | Ser TCT   2   2   2   2   2   2 | Tyr TAT   0   0   0   0   0   0 | Cys TGT   0   0   0   0   0   0
    TTC   0   0   0   0   0   0 |     TCC   0   0   0   0   0   0 |     TAC   2   2   2   2   2   2 |     TGC   0   0   0   0   0   0
Leu TTA   4   4   4   4   4   4 |     TCA   0   0   0   0   0   0 | *** TAA   0   0   0   0   0   0 | *** TGA   0   0   0   0   0   0
    TTG   4   4   4   4   4   4 |     TCG   2   2   2   2   2   2 |     TAG   0   0   0   0   0   0 | Trp TGG   0   0   0   0   0   0
--------------------------------------------------------------------------------------------------------------------------------------
Leu CTT   4   4   4   4   4   4 | Pro CCT   2   2   2   2   2   1 | His CAT   0   0   0   0   0   0 | Arg CGT   6   6   6   6   6   6
    CTC   2   2   2   2   2   2 |     CCC   6   6   6   6   6   5 |     CAC   1   1   1   1   1   1 |     CGC   2   2   2   2   2   2
    CTA   4   4   4   5   4   4 |     CCA   0   0   0   0   0   1 | Gln CAA   2   2   2   2   2   2 |     CGA   8   8   8   9   8   8
    CTG   8   8   8   7   8   8 |     CCG   1   1   1   1   1   2 |     CAG  14  14  14  14  14  14 |     CGG   3   3   3   3   3   3
--------------------------------------------------------------------------------------------------------------------------------------
Ile ATT   1   1   1   1   1   1 | Thr ACT   0   0   0   0   0   0 | Asn AAT   3   3   3   3   3   3 | Ser AGT   1   1   1   1   1   1
    ATC   4   4   4   4   4   4 |     ACC   5   5   5   5   5   5 |     AAC   4   4   4   4   4   4 |     AGC   2   2   2   2   2   2
    ATA   2   2   2   2   2   2 |     ACA   3   3   3   3   3   3 | Lys AAA   5   5   5   5   5   5 | Arg AGA  14  14  14  13  14  14
Met ATG   9   9   9   9   9   9 |     ACG   0   0   0   0   0   0 |     AAG   5   5   5   5   5   5 |     AGG   2   2   2   2   2   2
--------------------------------------------------------------------------------------------------------------------------------------
Val GTT   2   2   2   2   2   2 | Ala GCT   6   5   6   6   6   5 | Asp GAT   4   4   5   5   5   5 | Gly GGT  14  14  14  14  14  14
    GTC   1   1   1   1   1   1 |     GCC   7   8   7   7   7   8 |     GAC   2   2   1   1   1   1 |     GGC  11  11  11  11  11  12
    GTA   2   2   2   1   2   2 |     GCA   4   4   4   4   4   4 | Glu GAA   1   1   1   1   1   1 |     GGA  12  12  12  12  12  11
    GTG   1   1   1   2   1   1 |     GCG   0   0   0   0   0   0 |     GAG   4   4   4   4   4   4 |     GGG   8   8   8   8   8   8
--------------------------------------------------------------------------------------------------------------------------------------

--------------------------------------------------------------------------------------------------------------------------------------
Phe TTT   1   1   1   1   1   1 | Ser TCT   2   3   2   2   2   2 | Tyr TAT   0   0   0   0   0   1 | Cys TGT   0   0   0   0   0   0
    TTC   0   0   0   0   0   0 |     TCC   0   0   0   1   0   0 |     TAC   2   2   2   2   2   1 |     TGC   0   0   0   0   0   0
Leu TTA   4   4   4   4   4   4 |     TCA   0   0   0   0   0   0 | *** TAA   0   0   0   0   0   0 | *** TGA   0   0   0   0   0   0
    TTG   5   4   4   4   4   4 |     TCG   2   2   2   2   2   2 |     TAG   0   0   0   0   0   0 | Trp TGG   0   0   0   0   0   0
--------------------------------------------------------------------------------------------------------------------------------------
Leu CTT   4   4   4   4   4   4 | Pro CCT   1   2   1   1   2   2 | His CAT   0   0   0   0   0   0 | Arg CGT   6   6   6   6   6   6
    CTC   2   2   2   2   2   2 |     CCC   5   6   5   5   6   6 |     CAC   1   1   1   1   1   1 |     CGC   2   2   2   2   2   2
    CTA   4   4   4   4   4   4 |     CCA   1   0   1   1   0   0 | Gln CAA   2   2   2   2   2   2 |     CGA   8   8   8   8   8   8
    CTG   7   8   8   8   8   8 |     CCG   2   1   2   2   1   1 |     CAG  14  14  14  14  14  14 |     CGG   3   3   3   3   3   3
--------------------------------------------------------------------------------------------------------------------------------------
Ile ATT   1   1   1   1   1   1 | Thr ACT   0   0   0   0   0   0 | Asn AAT   3   3   3   3   3   3 | Ser AGT   1   1   1   1   1   1
    ATC   4   4   4   4   4   4 |     ACC   5   5   5   5   5   5 |     AAC   4   4   4   4   4   4 |     AGC   2   2   2   2   2   2
    ATA   2   2   2   2   2   2 |     ACA   3   3   3   3   3   3 | Lys AAA   5   5   5   5   5   5 | Arg AGA  14  14  14  14  14  14
Met ATG   9   9   9   9   9   9 |     ACG   0   0   0   0   0   0 |     AAG   5   5   5   5   5   5 |     AGG   2   2   2   2   2   2
--------------------------------------------------------------------------------------------------------------------------------------
Val GTT   2   2   2   2   2   2 | Ala GCT   6   5   6   6   5   6 | Asp GAT   5   5   5   5   4   6 | Gly GGT  14  14  14  14  14  14
    GTC   1   1   1   1   1   1 |     GCC   7   7   7   6   8   7 |     GAC   1   1   1   1   2   0 |     GGC  12  11  12  12  11  11
    GTA   2   2   2   2   2   2 |     GCA   4   4   4   4   4   4 | Glu GAA   1   1   1   1   1   1 |     GGA  11  12  11  11  12  12
    GTG   1   1   1   1   1   1 |     GCG   0   0   0   0   0   0 |     GAG   4   4   4   4   4   4 |     GGG   8   8   8   8   8   8
--------------------------------------------------------------------------------------------------------------------------------------

--------------------------------------------------------------------------------------------------------------------------------------
Phe TTT   1   1   1   1   1   1 | Ser TCT   2   2   2   2   2   2 | Tyr TAT   0   0   0   0   0   0 | Cys TGT   0   0   0   0   0   0
    TTC   0   0   0   0   0   0 |     TCC   0   0   0   0   0   0 |     TAC   2   2   2   2   2   2 |     TGC   0   0   0   0   0   0
Leu TTA   4   4   4   4   3   4 |     TCA   0   0   0   0   0   0 | *** TAA   0   0   0   0   0   0 | *** TGA   0   0   0   0   0   0
    TTG   4   4   4   3   5   4 |     TCG   2   2   2   2   2   2 |     TAG   0   0   0   0   0   0 | Trp TGG   0   0   0   0   0   0
--------------------------------------------------------------------------------------------------------------------------------------
Leu CTT   4   4   4   4   4   4 | Pro CCT   3   2   2   2   2   3 | His CAT   0   0   0   0   0   0 | Arg CGT   6   6   6   6   6   6
    CTC   2   2   2   3   2   2 |     CCC   5   6   6   6   6   5 |     CAC   1   1   1   1   1   1 |     CGC   2   2   2   2   2   2
    CTA   5   4   5   3   4   4 |     CCA   0   0   0   0   0   0 | Gln CAA   3   2   2   2   2   2 |     CGA   8   9   8   8   8   8
    CTG   7   8   7   9   8   8 |     CCG   1   1   1   1   1   1 |     CAG  13  14  14  14  14  14 |     CGG   3   3   3   3   3   3
--------------------------------------------------------------------------------------------------------------------------------------
Ile ATT   1   1   1   1   1   1 | Thr ACT   0   0   0   0   0   0 | Asn AAT   3   3   3   3   3   3 | Ser AGT   1   1   1   1   1   1
    ATC   4   4   4   4   4   4 |     ACC   5   5   5   5   5   5 |     AAC   4   4   4   4   4   4 |     AGC   2   2   2   2   2   2
    ATA   2   2   2   2   2   2 |     ACA   3   3   3   3   3   3 | Lys AAA   5   5   5   4   5   5 | Arg AGA  14  13  14  14  14  14
Met ATG   9   9   9   9   9   9 |     ACG   0   0   0   0   0   0 |     AAG   5   5   5   6   5   5 |     AGG   2   2   2   2   2   2
--------------------------------------------------------------------------------------------------------------------------------------
Val GTT   2   2   2   1   2   2 | Ala GCT   6   6   6   6   5   5 | Asp GAT   5   5   5   4   4   4 | Gly GGT  14  14  14  14  14  14
    GTC   1   1   1   2   1   1 |     GCC   7   7   7   7   7   7 |     GAC   1   1   1   2   2   2 |     GGC  11  11  11  12  11  11
    GTA   2   1   2   2   2   2 |     GCA   4   5   4   4   4   4 | Glu GAA   1   1   1   1   1   1 |     GGA  12  12  12  11  12  12
    GTG   1   1   1   1   1   1 |     GCG   0   0   0   0   1   1 |     GAG   4   4   4   4   4   4 |     GGG   8   8   8   8   8   8
--------------------------------------------------------------------------------------------------------------------------------------

Codon position x base (3x4) table for each sequence.

#1: Argali         
position  1:    T:0.06912    C:0.29032    A:0.28111    G:0.35945
position  2:    T:0.22120    C:0.17972    A:0.21659    G:0.38249
position  3:    T:0.21198    C:0.22581    A:0.28111    G:0.28111
Average         T:0.16743    C:0.23195    A:0.25960    G:0.34101

#2: LesserMouseDeer
position  1:    T:0.06912    C:0.29954    A:0.26728    G:0.36406
position  2:    T:0.22581    C:0.17512    A:0.21659    G:0.38249
position  3:    T:0.19816    C:0.23502    A:0.28571    G:0.28111
Average         T:0.16436    C:0.23656    A:0.25653    G:0.34255

#3: LesserKudu     
position  1:    T:0.06912    C:0.29032    A:0.27650    G:0.36406
position  2:    T:0.22581    C:0.17512    A:0.21659    G:0.38249
position  3:    T:0.20737    C:0.22581    A:0.28111    G:0.28571
Average         T:0.16743    C:0.23041    A:0.25806    G:0.34409

#4: ForestMuskDeer2
position  1:    T:0.06452    C:0.29493    A:0.27650    G:0.36406
position  2:    T:0.22581    C:0.17512    A:0.21659    G:0.38249
position  3:    T:0.20737    C:0.23963    A:0.26728    G:0.28571
Average         T:0.16590    C:0.23656    A:0.25346    G:0.34409

#5: Camel          
position  1:    T:0.06452    C:0.30415    A:0.27189    G:0.35945
position  2:    T:0.22581    C:0.17512    A:0.21659    G:0.38249
position  3:    T:0.19816    C:0.22581    A:0.30415    G:0.27189
Average         T:0.16283    C:0.23502    A:0.26421    G:0.33794

#6: KillerWhale    
position  1:    T:0.06452    C:0.29954    A:0.27189    G:0.36406
position  2:    T:0.22581    C:0.17512    A:0.21659    G:0.38249
position  3:    T:0.21198    C:0.21659    A:0.30415    G:0.26728
Average         T:0.16743    C:0.23041    A:0.26421    G:0.33794

#7: DefassaWaterbuck
position  1:    T:0.06912    C:0.29493    A:0.27189    G:0.36406
position  2:    T:0.22581    C:0.17512    A:0.21659    G:0.38249
position  3:    T:0.21659    C:0.22120    A:0.28111    G:0.28111
Average         T:0.17051    C:0.23041    A:0.25653    G:0.34255

#8: Sheep          
position  1:    T:0.06912    C:0.29032    A:0.28111    G:0.35945
position  2:    T:0.22581    C:0.17512    A:0.21659    G:0.38249
position  3:    T:0.21198    C:0.22581    A:0.28111    G:0.28111
Average         T:0.16897    C:0.23041    A:0.25960    G:0.34101

#9: MaxwellsDuiker 
position  1:    T:0.05991    C:0.30415    A:0.27189    G:0.36406
position  2:    T:0.22120    C:0.17972    A:0.21659    G:0.38249
position  3:    T:0.19355    C:0.23963    A:0.27189    G:0.29493
Average         T:0.15822    C:0.24117    A:0.25346    G:0.34716

#10: GazellaPrzewalskyi
position  1:    T:0.06912    C:0.29032    A:0.27650    G:0.36406
position  2:    T:0.22581    C:0.17512    A:0.21659    G:0.38249
position  3:    T:0.21659    C:0.22120    A:0.28111    G:0.28111
Average         T:0.17051    C:0.22888    A:0.25806    G:0.34255

#11: MountainNyala  
position  1:    T:0.06912    C:0.29032    A:0.27650    G:0.36406
position  2:    T:0.22581    C:0.17512    A:0.21659    G:0.38249
position  3:    T:0.20737    C:0.22581    A:0.28111    G:0.28571
Average         T:0.16743    C:0.23041    A:0.25806    G:0.34409

#12: MuntiacusMuntjak
position  1:    T:0.06912    C:0.29032    A:0.27650    G:0.36406
position  2:    T:0.22581    C:0.17512    A:0.21659    G:0.38249
position  3:    T:0.21198    C:0.22120    A:0.28111    G:0.28571
Average         T:0.16897    C:0.22888    A:0.25806    G:0.34409

#13: goat           
position  1:    T:0.06912    C:0.29032    A:0.27650    G:0.36406
position  2:    T:0.22581    C:0.17512    A:0.21659    G:0.38249
position  3:    T:0.21659    C:0.22120    A:0.28111    G:0.28111
Average         T:0.17051    C:0.22888    A:0.25806    G:0.34255

#14: AfricanBuffalo 
position  1:    T:0.06912    C:0.29032    A:0.27650    G:0.36406
position  2:    T:0.22581    C:0.17512    A:0.21659    G:0.38249
position  3:    T:0.20737    C:0.23041    A:0.28111    G:0.28111
Average         T:0.16743    C:0.23195    A:0.25806    G:0.34255

#15: Topi           
position  1:    T:0.06912    C:0.29032    A:0.27650    G:0.36406
position  2:    T:0.22581    C:0.17512    A:0.21659    G:0.38249
position  3:    T:0.21659    C:0.22120    A:0.28111    G:0.28111
Average         T:0.17051    C:0.22888    A:0.25806    G:0.34255

#16: CommonDuiker   
position  1:    T:0.06912    C:0.29032    A:0.27650    G:0.36406
position  2:    T:0.22581    C:0.17512    A:0.21659    G:0.38249
position  3:    T:0.21659    C:0.22120    A:0.28571    G:0.27650
Average         T:0.17051    C:0.22888    A:0.25960    G:0.34101

#17: Suni           
position  1:    T:0.06912    C:0.29032    A:0.27650    G:0.36406
position  2:    T:0.22581    C:0.17512    A:0.21659    G:0.38249
position  3:    T:0.22120    C:0.21659    A:0.27650    G:0.28571
Average         T:0.17204    C:0.22734    A:0.25653    G:0.34409

#18: Springbuck     
position  1:    T:0.06912    C:0.29032    A:0.27650    G:0.36406
position  2:    T:0.22581    C:0.17512    A:0.21659    G:0.38249
position  3:    T:0.21659    C:0.22120    A:0.28111    G:0.28111
Average         T:0.17051    C:0.22888    A:0.25806    G:0.34255

#19: Okapi          
position  1:    T:0.06912    C:0.29032    A:0.27650    G:0.36406
position  2:    T:0.22581    C:0.17512    A:0.21659    G:0.38249
position  3:    T:0.21659    C:0.21659    A:0.28111    G:0.28571
Average         T:0.17051    C:0.22734    A:0.25806    G:0.34409

#20: Giraffe        
position  1:    T:0.06912    C:0.29032    A:0.28111    G:0.35945
position  2:    T:0.22581    C:0.17512    A:0.21659    G:0.38249
position  3:    T:0.21659    C:0.21659    A:0.28571    G:0.28111
Average         T:0.17051    C:0.22734    A:0.26114    G:0.34101

#21: TibetanAntelope
position  1:    T:0.06452    C:0.29493    A:0.27650    G:0.36406
position  2:    T:0.22581    C:0.17512    A:0.21659    G:0.38249
position  3:    T:0.20737    C:0.23041    A:0.28111    G:0.28111
Average         T:0.16590    C:0.23349    A:0.25806    G:0.34255

#22: Sitatunga      
position  1:    T:0.06912    C:0.29032    A:0.27650    G:0.36406
position  2:    T:0.22581    C:0.17512    A:0.21659    G:0.38249
position  3:    T:0.20737    C:0.22581    A:0.28111    G:0.28571
Average         T:0.16743    C:0.23041    A:0.25806    G:0.34409

#23: Oribi          
position  1:    T:0.07373    C:0.29493    A:0.27189    G:0.35945
position  2:    T:0.22581    C:0.17512    A:0.21659    G:0.38249
position  3:    T:0.22120    C:0.21659    A:0.28111    G:0.28111
Average         T:0.17358    C:0.22888    A:0.25653    G:0.34101

#24: BarbarySheep   
position  1:    T:0.06912    C:0.29032    A:0.27650    G:0.36406
position  2:    T:0.22581    C:0.17512    A:0.21659    G:0.38249
position  3:    T:0.21198    C:0.22581    A:0.28111    G:0.28111
Average         T:0.16897    C:0.23041    A:0.25806    G:0.34255

#25: Daviddeer      
position  1:    T:0.06912    C:0.29032    A:0.27189    G:0.36866
position  2:    T:0.23041    C:0.17051    A:0.21198    G:0.38710
position  3:    T:0.21198    C:0.22120    A:0.28111    G:0.28571
Average         T:0.17051    C:0.22734    A:0.25499    G:0.34716

#26: Reindeer       
position  1:    T:0.07373    C:0.29032    A:0.27650    G:0.35945
position  2:    T:0.23041    C:0.17051    A:0.21659    G:0.38249
position  3:    T:0.21198    C:0.22120    A:0.28111    G:0.28571
Average         T:0.17204    C:0.22734    A:0.25806    G:0.34255

#27: Ibex           
position  1:    T:0.06912    C:0.29032    A:0.27650    G:0.36406
position  2:    T:0.22581    C:0.17512    A:0.21659    G:0.38249
position  3:    T:0.21659    C:0.22120    A:0.28111    G:0.28111
Average         T:0.17051    C:0.22888    A:0.25806    G:0.34255

#28: GyrantGazelle  
position  1:    T:0.06912    C:0.29032    A:0.27650    G:0.36406
position  2:    T:0.22581    C:0.17512    A:0.21659    G:0.38249
position  3:    T:0.21659    C:0.22581    A:0.28111    G:0.27650
Average         T:0.17051    C:0.23041    A:0.25806    G:0.34101

#29: Hartebeest     
position  1:    T:0.06912    C:0.29032    A:0.27650    G:0.36406
position  2:    T:0.22581    C:0.17512    A:0.21659    G:0.38249
position  3:    T:0.21659    C:0.22120    A:0.28111    G:0.28111
Average         T:0.17051    C:0.22888    A:0.25806    G:0.34255

#30: Bongo          
position  1:    T:0.06912    C:0.29032    A:0.27650    G:0.36406
position  2:    T:0.22581    C:0.17512    A:0.21659    G:0.38249
position  3:    T:0.20737    C:0.22581    A:0.28111    G:0.28571
Average         T:0.16743    C:0.23041    A:0.25806    G:0.34409

#31: Gerenuk        
position  1:    T:0.06912    C:0.29493    A:0.27189    G:0.36406
position  2:    T:0.22581    C:0.17512    A:0.21659    G:0.38249
position  3:    T:0.21659    C:0.22120    A:0.28111    G:0.28111
Average         T:0.17051    C:0.23041    A:0.25653    G:0.34255

#32: CommonEland    
position  1:    T:0.06912    C:0.29032    A:0.27650    G:0.36406
position  2:    T:0.22581    C:0.17512    A:0.21659    G:0.38249
position  3:    T:0.20737    C:0.22581    A:0.28571    G:0.28111
Average         T:0.16743    C:0.23041    A:0.25960    G:0.34255

#33: MuntiacusReevesi
position  1:    T:0.06912    C:0.29032    A:0.27650    G:0.36406
position  2:    T:0.22581    C:0.17512    A:0.21659    G:0.38249
position  3:    T:0.21198    C:0.22120    A:0.28111    G:0.28571
Average         T:0.16897    C:0.22888    A:0.25806    G:0.34409

#34: HarveysDuiker  
position  1:    T:0.06912    C:0.29032    A:0.27650    G:0.36406
position  2:    T:0.22581    C:0.17512    A:0.21659    G:0.38249
position  3:    T:0.21659    C:0.22120    A:0.28111    G:0.28111
Average         T:0.17051    C:0.22888    A:0.25806    G:0.34255

#35: Pronghorn      
position  1:    T:0.06912    C:0.29032    A:0.27650    G:0.36406
position  2:    T:0.22581    C:0.17512    A:0.21659    G:0.38249
position  3:    T:0.21659    C:0.22120    A:0.28571    G:0.27650
Average         T:0.17051    C:0.22888    A:0.25960    G:0.34101

#36: BlueWildebeest 
position  1:    T:0.06912    C:0.29032    A:0.27650    G:0.36406
position  2:    T:0.22581    C:0.17512    A:0.21659    G:0.38249
position  3:    T:0.21659    C:0.22120    A:0.28111    G:0.28111
Average         T:0.17051    C:0.22888    A:0.25806    G:0.34255

#37: Gemsbok        
position  1:    T:0.06912    C:0.29032    A:0.27650    G:0.36406
position  2:    T:0.22581    C:0.17512    A:0.21659    G:0.38249
position  3:    T:0.21198    C:0.22581    A:0.28111    G:0.28111
Average         T:0.16897    C:0.23041    A:0.25806    G:0.34255

#38: Yak            
position  1:    T:0.06912    C:0.29032    A:0.27650    G:0.36406
position  2:    T:0.22581    C:0.17512    A:0.21659    G:0.38249
position  3:    T:0.20737    C:0.23041    A:0.28111    G:0.28111
Average         T:0.16743    C:0.23195    A:0.25806    G:0.34255

#39: BlueSheep      
position  1:    T:0.06912    C:0.29032    A:0.27650    G:0.36406
position  2:    T:0.22581    C:0.17512    A:0.21659    G:0.38249
position  3:    T:0.21659    C:0.22120    A:0.28111    G:0.28111
Average         T:0.17051    C:0.22888    A:0.25806    G:0.34255

#40: BohorReedbuck  
position  1:    T:0.06912    C:0.29493    A:0.27189    G:0.36406
position  2:    T:0.22581    C:0.17512    A:0.21659    G:0.38249
position  3:    T:0.21659    C:0.22120    A:0.28111    G:0.28111
Average         T:0.17051    C:0.23041    A:0.25653    G:0.34255

#41: KirksDik       
position  1:    T:0.06912    C:0.29032    A:0.27650    G:0.36406
position  2:    T:0.22581    C:0.17512    A:0.21659    G:0.38249
position  3:    T:0.21659    C:0.22120    A:0.28111    G:0.28111
Average         T:0.17051    C:0.22888    A:0.25806    G:0.34255

#42: RoeDeer        
position  1:    T:0.06912    C:0.29032    A:0.27650    G:0.36406
position  2:    T:0.22581    C:0.17512    A:0.21659    G:0.38249
position  3:    T:0.20737    C:0.22581    A:0.28111    G:0.28571
Average         T:0.16743    C:0.23041    A:0.25806    G:0.34409

#43: WhiteLippedDeer
position  1:    T:0.07373    C:0.28571    A:0.27650    G:0.36406
position  2:    T:0.22581    C:0.17512    A:0.21659    G:0.38249
position  3:    T:0.21198    C:0.22120    A:0.28111    G:0.28571
Average         T:0.17051    C:0.22734    A:0.25806    G:0.34409

#44: ThomsonGazelle 
position  1:    T:0.07373    C:0.29032    A:0.27650    G:0.35945
position  2:    T:0.22581    C:0.17512    A:0.21659    G:0.38249
position  3:    T:0.21659    C:0.22120    A:0.28111    G:0.28111
Average         T:0.17204    C:0.22888    A:0.25806    G:0.34101

#45: MuntiacusCrinifrons
position  1:    T:0.06912    C:0.29032    A:0.27650    G:0.36406
position  2:    T:0.22581    C:0.17512    A:0.21659    G:0.38249
position  3:    T:0.21198    C:0.22120    A:0.28111    G:0.28571
Average         T:0.16897    C:0.22888    A:0.25806    G:0.34409

#46: WhiteTailedDeer
position  1:    T:0.07373    C:0.29032    A:0.27650    G:0.35945
position  2:    T:0.22581    C:0.17512    A:0.21659    G:0.38249
position  3:    T:0.21198    C:0.22120    A:0.28111    G:0.28571
Average         T:0.17051    C:0.22888    A:0.25806    G:0.34255

#47: Cattle         
position  1:    T:0.06912    C:0.29032    A:0.27650    G:0.36406
position  2:    T:0.22581    C:0.17512    A:0.21659    G:0.38249
position  3:    T:0.20737    C:0.23041    A:0.28111    G:0.28111
Average         T:0.16743    C:0.23195    A:0.25806    G:0.34255

#48: RoyalAntelope  
position  1:    T:0.06912    C:0.29032    A:0.27650    G:0.36406
position  2:    T:0.22581    C:0.17512    A:0.21659    G:0.38249
position  3:    T:0.22581    C:0.21198    A:0.28111    G:0.28111
Average         T:0.17358    C:0.22581    A:0.25806    G:0.34255

#49: Steenbok       
position  1:    T:0.06912    C:0.29032    A:0.27650    G:0.36406
position  2:    T:0.22581    C:0.17512    A:0.21659    G:0.38249
position  3:    T:0.22120    C:0.21659    A:0.29032    G:0.27189
Average         T:0.17204    C:0.22734    A:0.26114    G:0.33948

#50: Impala         
position  1:    T:0.06912    C:0.29493    A:0.27189    G:0.36406
position  2:    T:0.22120    C:0.17972    A:0.21659    G:0.38249
position  3:    T:0.21659    C:0.22120    A:0.28111    G:0.28111
Average         T:0.16897    C:0.23195    A:0.25653    G:0.34255

#51: Klipspringer   
position  1:    T:0.06912    C:0.29032    A:0.27650    G:0.36406
position  2:    T:0.22581    C:0.17512    A:0.21659    G:0.38249
