1
52 1
Argali 0.000000 0.305200 0.126600 0.348700 0.126800 0.004400 0.090100 0.079700 0.124400 0.181400 0.020300 0.102000 0.067300 0.098200 0.139900 0.074000 0.190100 0.197300 0.071400 0.114800 0.069300 0.033900 0.164700 0.184300 0.015800 0.094800 0.068800 0.110400 0.083300 0.118000 0.172200 0.082100 0.172000 0.079100 0.069100 0.090100 0.018100 0.118000 0.106700 0.205400 0.161800 0.101400 0.178400 0.172000 0.094800 0.086900 0.084600 0.090500 0.083700 0.145200 0.115000 0.112500
LesserMous 0.305200 0.000000 0.332900 0.354100 0.311400 0.307700 0.303500 0.319400 0.335000 0.326500 0.314900 0.298500 0.304500 0.317400 0.354700 0.293900 0.338400 0.337200 0.304000 0.326900 0.284200 0.319200 0.314500 0.328800 0.312600 0.306000 0.306200 0.322100 0.308400 0.328100 0.325000 0.309500 0.310100 0.312500 0.310200 0.291100 0.315800 0.307900 0.336400 0.344300 0.310900 0.324100 0.323000 0.327800 0.296000 0.306100 0.305400 0.304600 0.310600 0.336200 0.315000 0.322900
LesserKudu 0.126600 0.332900 0.000000 0.375800 0.162100 0.123900 0.143800 0.142800 0.043700 0.204700 0.139100 0.089100 0.136500 0.135900 0.178900 0.132800 0.208700 0.202600 0.150300 0.034900 0.135300 0.143400 0.185000 0.197700 0.134400 0.148900 0.132300 0.030600 0.142200 0.032800 0.190100 0.135400 0.182100 0.148800 0.140000 0.096800 0.137000 0.158000 0.159900 0.226400 0.182100 0.155400 0.201700 0.191500 0.101300 0.141500 0.153000 0.134400 0.135700 0.190500 0.035000 0.034800
KillerWhal 0.348700 0.354100 0.375800 0.000000 0.356900 0.344600 0.359700 0.367900 0.379100 0.350700 0.352100 0.340600 0.348600 0.361400 0.382100 0.330100 0.335800 0.338100 0.367400 0.370400 0.347300 0.364000 0.336500 0.347600 0.356400 0.356300 0.350100 0.365600 0.345800 0.375100 0.352400 0.350600 0.320400 0.353400 0.344200 0.335000 0.360100 0.359200 0.392100 0.351600 0.330100 0.356300 0.346900 0.339600 0.339800 0.334600 0.341700 0.351400 0.332900 0.355000 0.371000 0.370000
DefassaWat 0.126800 0.311400 0.162100 0.356900 0.000000 0.126600 0.132100 0.125400 0.163100 0.203500 0.134600 0.137100 0.124300 0.130600 0.176400 0.125700 0.230200 0.238200 0.143900 0.147900 0.120600 0.146900 0.186400 0.201500 0.129800 0.134900 0.130300 0.148700 0.135500 0.156300 0.191100 0.124300 0.182400 0.136900 0.114900 0.135300 0.127300 0.034300 0.136300 0.223800 0.183400 0.149500 0.200400 0.194300 0.140100 0.124300 0.133100 0.122000 0.120900 0.199000 0.153500 0.158200
Sheep 0.004400 0.307700 0.123900 0.344600 0.126600 0.000000 0.085100 0.079600 0.121600 0.175600 0.020300 0.099300 0.062400 0.093100 0.134700 0.069100 0.184500 0.191600 0.066500 0.112100 0.064400 0.033900 0.159000 0.178600 0.015800 0.089800 0.064000 0.107600 0.078300 0.115200 0.166500 0.077100 0.166500 0.074200 0.064200 0.087400 0.018100 0.117800 0.104200 0.199400 0.156200 0.096400 0.172600 0.166300 0.092100 0.081900 0.079700 0.085500 0.078600 0.142600 0.112300 0.109700
MaxwellsDu 0.090100 0.303500 0.143800 0.359700 0.132100 0.085100 0.000000 0.099500 0.147000 0.184300 0.097500 0.114600 0.087700 0.073300 0.154800 0.088900 0.195200 0.207600 0.101400 0.137500 0.089300 0.094400 0.164700 0.184200 0.092900 0.109700 0.079400 0.133100 0.103300 0.135300 0.175200 0.058000 0.167300 0.092200 0.089300 0.107700 0.095400 0.125800 0.126300 0.207400 0.161900 0.111400 0.181300 0.174700 0.112300 0.078100 0.099400 0.100800 0.094400 0.160400 0.137700 0.134700
GazellaPrz 0.079700 0.319400 0.142800 0.367900 0.125400 0.079600 0.099500 0.000000 0.135000 0.185600 0.096600 0.118600 0.086600 0.105700 0.158800 0.062100 0.196500 0.209000 0.125200 0.130500 0.069500 0.108200 0.167300 0.182600 0.092100 0.082600 0.092700 0.121000 0.081000 0.126700 0.176800 0.097300 0.189900 0.103400 0.092900 0.111500 0.094500 0.116000 0.093900 0.203200 0.164500 0.089100 0.182700 0.178500 0.116100 0.101200 0.075200 0.094600 0.104000 0.173600 0.130700 0.126100
MountainNy 0.124400 0.335000 0.043700 0.379100 0.163100 0.121600 0.147000 0.135000 0.000000 0.211400 0.136900 0.094400 0.129600 0.139000 0.169600 0.125100 0.196100 0.190100 0.148500 0.021800 0.127600 0.141300 0.196700 0.206700 0.127200 0.141200 0.123100 0.017500 0.134500 0.028500 0.202000 0.133400 0.175600 0.141900 0.133100 0.094800 0.134800 0.164000 0.160200 0.233100 0.193800 0.152800 0.208300 0.195100 0.099300 0.144800 0.145300 0.132600 0.133700 0.188200 0.021800 0.039400
MuntiacusM 0.181400 0.326500 0.204700 0.350700 0.203500 0.175600 0.184300 0.185600 0.211400 0.000000 0.187400 0.157000 0.173800 0.186600 0.256800 0.175500 0.170300 0.162000 0.178500 0.198300 0.185700 0.191600 0.036900 0.068200 0.185200 0.176300 0.171500 0.199200 0.185600 0.207300 0.014800 0.182900 0.158500 0.181400 0.158600 0.163100 0.188000 0.192700 0.212400 0.089500 0.034700 0.201900 0.002100 0.057300 0.162200 0.164900 0.179900 0.180500 0.188400 0.170300 0.204000 0.208700
goat 0.020300 0.314900 0.139100 0.352100 0.134600 0.020300 0.097500 0.096600 0.136900 0.187400 0.000000 0.112100 0.074600 0.095800 0.145200 0.086200 0.190400 0.197500 0.069100 0.127300 0.086200 0.031600 0.170400 0.184600 0.009000 0.107000 0.076000 0.122800 0.100400 0.130500 0.178100 0.084600 0.179800 0.086500 0.076300 0.105100 0.015900 0.127900 0.119200 0.211200 0.167500 0.113600 0.184400 0.172300 0.109800 0.094400 0.101400 0.093100 0.091200 0.153200 0.127500 0.129800
AfricanBuf 0.102000 0.298500 0.089100 0.340600 0.137100 0.099300 0.114600 0.118600 0.094400 0.157000 0.112100 0.000000 0.111900 0.108900 0.152700 0.108300 0.185000 0.176400 0.133700 0.087400 0.105900 0.124000 0.132600 0.159300 0.107400 0.124600 0.112900 0.083000 0.128100 0.090100 0.153500 0.095700 0.137100 0.124100 0.110600 0.052900 0.110000 0.128000 0.138800 0.176400 0.129900 0.141400 0.154100 0.155900 0.057500 0.104100 0.118800 0.105000 0.108500 0.147400 0.082800 0.089700
Topi 0.067300 0.304500 0.136500 0.348600 0.124300 0.062400 0.087700 0.086600 0.129600 0.173800 0.074600 0.111900 0.000000 0.095700 0.147500 0.081100 0.169000 0.186800 0.086100 0.125000 0.078700 0.086200 0.148700 0.173500 0.070000 0.102100 0.020100 0.120600 0.090500 0.122900 0.164800 0.079600 0.165200 0.029500 0.047800 0.094900 0.072500 0.115500 0.123800 0.199300 0.145900 0.108700 0.170900 0.161300 0.099600 0.081900 0.098100 0.080800 0.091200 0.169200 0.122800 0.127300
CommonDuik 0.098200 0.317400 0.135900 0.361400 0.130600 0.093100 0.073300 0.105700 0.139000 0.186600 0.095800 0.108900 0.095700 0.000000 0.150900 0.090500 0.192600 0.194400 0.107200 0.134500 0.095500 0.112400 0.166900 0.186000 0.096100 0.106700 0.099300 0.130100 0.104900 0.137400 0.177400 0.040900 0.172500 0.105100 0.092200 0.109400 0.098600 0.119100 0.128000 0.203800 0.164100 0.117600 0.183600 0.181800 0.114100 0.095700 0.103200 0.093500 0.088000 0.163300 0.129700 0.131700
Suni 0.139900 0.354700 0.178900 0.382100 0.176400 0.134700 0.154800 0.158800 0.169600 0.256800 0.145200 0.152700 0.147500 0.150900 0.000000 0.153700 0.241000 0.232100 0.151300 0.162400 0.153600 0.154400 0.238300 0.229300 0.140600 0.169700 0.145600 0.163200 0.152900 0.170700 0.246800 0.132700 0.218800 0.159700 0.151100 0.150600 0.145600 0.174500 0.169100 0.240000 0.235200 0.171000 0.253600 0.227900 0.155200 0.157700 0.158100 0.115900 0.154700 0.219500 0.167900 0.167300
Springbuck 0.074000 0.293900 0.132800 0.330100 0.125700 0.069100 0.088900 0.062100 0.125100 0.175500 0.086200 0.108300 0.081100 0.090500 0.153700 0.000000 0.191900 0.199100 0.107200 0.120500 0.031400 0.097700 0.151100 0.170700 0.086400 0.046900 0.087300 0.116000 0.035800 0.124200 0.166400 0.077200 0.162200 0.093100 0.080100 0.101300 0.088900 0.118900 0.079600 0.190500 0.148300 0.048900 0.172600 0.166500 0.101000 0.081100 0.057800 0.094100 0.095200 0.158500 0.120700 0.118600
Okapi 0.190100 0.338400 0.208700 0.335800 0.230200 0.184500 0.195200 0.196500 0.196100 0.170300 0.190400 0.185000 0.169000 0.192600 0.241000 0.191900 0.000000 0.039900 0.183500 0.196800 0.193700 0.205000 0.156600 0.166000 0.182800 0.200100 0.174700 0.195000 0.198200 0.197100 0.169400 0.192400 0.162700 0.184200 0.182800 0.185800 0.196200 0.217700 0.227500 0.205600 0.153800 0.201100 0.167500 0.170100 0.190400 0.195300 0.200600 0.173500 0.185900 0.193400 0.199700 0.206900
Giraffe 0.197300 0.337200 0.202600 0.338100 0.238200 0.191600 0.207600 0.209000 0.190100 0.162000 0.197500 0.176400 0.186800 0.194400 0.232100 0.199100 0.039900 0.000000 0.185400 0.190800 0.200900 0.201600 0.163700 0.163000 0.189900 0.202400 0.187000 0.189000 0.194600 0.196500 0.166300 0.194200 0.164600 0.191400 0.184700 0.182500 0.203400 0.231100 0.232000 0.202400 0.160900 0.208800 0.159300 0.161900 0.187200 0.199700 0.207700 0.176000 0.187900 0.198000 0.193700 0.200800
TibetanAnt 0.071400 0.304000 0.150300 0.367400 0.143900 0.066500 0.101400 0.125200 0.148500 0.178500 0.069100 0.133700 0.086100 0.107200 0.151300 0.107200 0.183500 0.185400 0.000000 0.143900 0.104900 0.078200 0.172200 0.192800 0.064600 0.118300 0.084900 0.139500 0.106800 0.141800 0.169600 0.093500 0.170400 0.097900 0.087500 0.124100 0.067000 0.140000 0.135100 0.210900 0.169300 0.129800 0.175500 0.175100 0.128800 0.108300 0.119800 0.087300 0.113600 0.175200 0.139100 0.146200
Sitatunga 0.114800 0.326900 0.034900 0.370400 0.147900 0.112100 0.137500 0.130500 0.021800 0.198300 0.127300 0.087400 0.125000 0.134500 0.162400 0.120500 0.196800 0.190800 0.143900 0.000000 0.123000 0.131600 0.183800 0.193900 0.122600 0.136600 0.116000 0.008700 0.129900 0.019700 0.194400 0.123700 0.173500 0.132200 0.123500 0.085400 0.125200 0.148900 0.155600 0.222600 0.180900 0.148300 0.195300 0.182400 0.090000 0.135100 0.140800 0.123000 0.124000 0.180800 0.013100 0.030600
Oribi 0.069300 0.284200 0.135300 0.347300 0.120600 0.064400 0.089300 0.069500 0.127600 0.185700 0.086200 0.105900 0.078700 0.095500 0.153600 0.031400 0.193700 0.200900 0.104900 0.123000 0.000000 0.092900 0.166900 0.186500 0.081600 0.060800 0.084900 0.118600 0.045000 0.126800 0.177900 0.079800 0.159900 0.090600 0.082000 0.098800 0.084100 0.116400 0.086800 0.207200 0.164000 0.067400 0.184200 0.182200 0.103500 0.081100 0.060400 0.090900 0.097500 0.160000 0.118200 0.121100
BarbaryShe 0.033900 0.319200 0.143400 0.364000 0.146900 0.033900 0.094400 0.108200 0.141300 0.191600 0.031600 0.124000 0.086200 0.112400 0.154400 0.097700 0.205000 0.201600 0.078200 0.131600 0.092900 0.000000 0.179900 0.199500 0.027100 0.118600 0.082700 0.127200 0.107000 0.134800 0.187800 0.096300 0.176200 0.088400 0.078300 0.114400 0.029500 0.137500 0.135900 0.215400 0.177000 0.120200 0.188600 0.187100 0.119100 0.101200 0.112900 0.104700 0.098100 0.149500 0.131900 0.134200
Daviddeer 0.164700 0.314500 0.185000 0.336500 0.186400 0.159000 0.164700 0.167300 0.196700 0.036900 0.170400 0.132600 0.148700 0.166900 0.238300 0.151100 0.156600 0.163700 0.172200 0.183800 0.166900 0.179900 0.000000 0.054900 0.168200 0.163300 0.152100 0.184700 0.177700 0.192700 0.043500 0.163100 0.145500 0.161500 0.145000 0.143800 0.170900 0.178400 0.196300 0.066900 0.006400 0.183100 0.034700 0.053100 0.143000 0.156200 0.167500 0.161400 0.173600 0.162700 0.189700 0.191600
Reindeer 0.184300 0.328800 0.197700 0.347600 0.201500 0.178600 0.184200 0.182600 0.206700 0.068200 0.184600 0.159300 0.173500 0.186000 0.229300 0.170700 0.166000 0.163000 0.192800 0.193900 0.186500 0.199500 0.054900 0.000000 0.187800 0.190300 0.171200 0.194900 0.196600 0.208100 0.070300 0.183900 0.155100 0.180900 0.160900 0.162300 0.190600 0.199300 0.205500 0.087100 0.052600 0.213100 0.065800 0.038900 0.161800 0.170500 0.186500 0.171200 0.189300 0.171600 0.199600 0.207000
Ibex 0.015800 0.312600 0.134400 0.356400 0.129800 0.015800 0.092900 0.092100 0.127200 0.185200 0.009000 0.107400 0.070000 0.096100 0.140600 0.086400 0.182800 0.189900 0.064600 0.122600 0.081600 0.027100 0.168200 0.187800 0.000000 0.107400 0.071500 0.118100 0.095800 0.125800 0.175900 0.080000 0.175200 0.081900 0.071800 0.100400 0.011000 0.123200 0.119500 0.209000 0.165300 0.114000 0.182200 0.175400 0.105100 0.089700 0.096900 0.088500 0.086600 0.148400 0.122800 0.125200
GyrantGaze 0.094800 0.306000 0.148900 0.356300 0.134900 0.089800 0.109700 0.082600 0.141200 0.176300 0.107000 0.124600 0.102100 0.106700 0.169700 0.046900 0.200100 0.202400 0.118300 0.136600 0.060800 0.118600 0.163300 0.190300 0.107400 0.000000 0.108100 0.132200 0.055900 0.137900 0.167300 0.098600 0.173100 0.114100 0.101000 0.122600 0.109900 0.135700 0.097700 0.205400 0.160500 0.034900 0.173400 0.180700 0.127300 0.107000 0.078200 0.110100 0.116700 0.169900 0.136800 0.132200
Hartebeest 0.068800 0.306200 0.132300 0.350100 0.130300 0.064000 0.079400 0.092700 0.123100 0.171500 0.076000 0.112900 0.020100 0.099300 0.145600 0.087300 0.174700 0.187000 0.084900 0.116000 0.084900 0.082700 0.152100 0.171200 0.071500 0.108100 0.000000 0.116600 0.096600 0.118800 0.167900 0.085800 0.158000 0.022300 0.049500 0.101000 0.073900 0.121500 0.129700 0.191300 0.149200 0.104900 0.168600 0.154000 0.105700 0.083300 0.099200 0.086900 0.097400 0.164200 0.118700 0.123200
Bongo 0.110400 0.322100 0.030600 0.365600 0.148700 0.107600 0.133100 0.121000 0.017500 0.199200 0.122800 0.083000 0.120600 0.130100 0.163200 0.116000 0.195000 0.189000 0.139500 0.008700 0.118600 0.127200 0.184700 0.194900 0.118100 0.132200 0.116600 0.000000 0.125500 0.015400 0.189800 0.119300 0.171700 0.132800 0.124100 0.081000 0.120700 0.149600 0.145900 0.223700 0.181800 0.143900 0.196200 0.183300 0.085600 0.130600 0.131300 0.118700 0.119500 0.176300 0.008700 0.026300
Gerenuk 0.083300 0.308400 0.142200 0.345800 0.135500 0.078300 0.103300 0.081000 0.134500 0.185600 0.100400 0.128100 0.090500 0.104900 0.152900 0.035800 0.198200 0.194600 0.106800 0.129900 0.045000 0.107000 0.177700 0.196600 0.095800 0.055900 0.096600 0.125500 0.000000 0.133700 0.176400 0.091700 0.179600 0.102400 0.089200 0.121000 0.098200 0.136400 0.088700 0.212200 0.174800 0.062400 0.182600 0.187000 0.125700 0.090400 0.071700 0.098500 0.110000 0.173700 0.130100 0.128000
CommonElan 0.118000 0.328100 0.032800 0.375100 0.156300 0.115200 0.135300 0.126700 0.028500 0.207300 0.130500 0.090100 0.122900 0.137400 0.170700 0.124200 0.197100 0.196500 0.141800 0.019700 0.126800 0.134800 0.192700 0.208100 0.125800 0.137900 0.118800 0.015400 0.133700 0.000000 0.197800 0.126700 0.179100 0.140300 0.131500 0.088100 0.128400 0.157200 0.150500 0.231900 0.189700 0.144500 0.204200 0.196400 0.092700 0.132900 0.144500 0.126000 0.126900 0.178700 0.019700 0.028500
MuntiacusR 0.172200 0.325000 0.190100 0.352400 0.191100 0.166500 0.175200 0.176800 0.202000 0.014800 0.178100 0.153500 0.164800 0.177400 0.246800 0.166400 0.169400 0.166300 0.169600 0.194400 0.177900 0.187800 0.043500 0.070300 0.175900 0.167300 0.167900 0.189800 0.176400 0.197800 0.000000 0.173900 0.150200 0.183100 0.152400 0.157100 0.178700 0.183300 0.199800 0.099300 0.041200 0.192600 0.012700 0.059400 0.156300 0.158700 0.170900 0.171500 0.179200 0.166800 0.194700 0.199300
HarveysDui 0.082100 0.309500 0.135400 0.350600 0.124300 0.077100 0.058000 0.097300 0.133400 0.182900 0.084600 0.095700 0.079600 0.040900 0.132700 0.077200 0.192400 0.194200 0.093500 0.123700 0.079800 0.096300 0.163100 0.183900 0.080000 0.098600 0.085800 0.119300 0.091700 0.126700 0.173900 0.000000 0.164200 0.089100 0.083500 0.093600 0.082500 0.115400 0.114700 0.196400 0.160200 0.105100 0.180000 0.174300 0.098300 0.079700 0.095100 0.073800 0.072500 0.155800 0.124000 0.126000
Pronghorn 0.172000 0.310100 0.182100 0.320400 0.182400 0.166500 0.167300 0.189900 0.175600 0.158500 0.179800 0.137100 0.165200 0.172500 0.218800 0.162200 0.162700 0.164600 0.170400 0.173500 0.159900 0.176200 0.145500 0.155100 0.175200 0.173100 0.158000 0.171700 0.179600 0.179100 0.150200 0.164200 0.000000 0.172400 0.155000 0.146800 0.177800 0.170900 0.200400 0.171500 0.142800 0.184700 0.155800 0.158400 0.151400 0.159300 0.166900 0.147600 0.170600 0.159000 0.171200 0.178200
BlueWildeb 0.079100 0.312500 0.148800 0.353400 0.136900 0.074200 0.092200 0.103400 0.141900 0.181400 0.086500 0.124100 0.029500 0.105100 0.159700 0.093100 0.184200 0.191400 0.097900 0.132200 0.090600 0.088400 0.161500 0.180900 0.081900 0.114100 0.022300 0.132800 0.102400 0.140300 0.183100 0.089100 0.172400 0.000000 0.054600 0.104500 0.084400 0.127800 0.138700 0.201400 0.158600 0.110900 0.178400 0.163400 0.109100 0.093900 0.108100 0.092600 0.103400 0.176700 0.135000 0.139500
Gemsbok 0.069100 0.310200 0.140000 0.344200 0.114900 0.064200 0.089300 0.092900 0.133100 0.158600 0.076300 0.110600 0.047800 0.092200 0.151100 0.080100 0.182800 0.184700 0.087500 0.123500 0.082000 0.078300 0.145000 0.160900 0.071800 0.101000 0.049500 0.124100 0.089200 0.131500 0.152400 0.083500 0.155000 0.054600 0.000000 0.098600 0.074200 0.113800 0.122500 0.187500 0.143100 0.107500 0.155800 0.148800 0.103300 0.086000 0.090500 0.079800 0.086100 0.158700 0.126300 0.130800
Yak 0.090100 0.291100 0.096800 0.335000 0.135300 0.087400 0.107700 0.111500 0.094800 0.163100 0.105100 0.052900 0.094900 0.109400 0.150600 0.101300 0.185800 0.182500 0.124100 0.085400 0.098800 0.114400 0.143800 0.162300 0.100400 0.122600 0.101000 0.081000 0.121000 0.088100 0.157100 0.093600 0.146800 0.104500 0.098600 0.000000 0.102900 0.126000 0.139400 0.190400 0.140900 0.129400 0.160200 0.153600 0.004500 0.109800 0.116800 0.098100 0.106500 0.150700 0.085600 0.082900
BlueSheep 0.018100 0.315800 0.137000 0.360100 0.127300 0.018100 0.095400 0.094500 0.134800 0.188000 0.015900 0.110000 0.072500 0.098600 0.145600 0.088900 0.196200 0.203400 0.067000 0.125200 0.084100 0.029500 0.170900 0.190600 0.011000 0.109900 0.073900 0.120700 0.098200 0.128400 0.178700 0.082500 0.177800 0.084400 0.074200 0.102900 0.000000 0.120700 0.117100 0.211900 0.168000 0.116500 0.185000 0.178100 0.107600 0.092200 0.099300 0.090900 0.089100 0.151100 0.125400 0.127700
BohorReedb 0.118000 0.307900 0.158000 0.359200 0.034300 0.117800 0.125800 0.116000 0.164000 0.192700 0.127900 0.128000 0.115500 0.119100 0.174500 0.118900 0.217700 0.231100 0.140000 0.148900 0.116400 0.137500 0.178400 0.199300 0.123200 0.135700 0.121500 0.149600 0.136400 0.157200 0.183300 0.115400 0.170900 0.127800 0.113800 0.126000 0.120700 0.000000 0.145000 0.216800 0.175500 0.142200 0.189700 0.192000 0.130700 0.112800 0.126600 0.113200 0.117300 0.194000 0.154400 0.156400
KirksDik 0.106700 0.336400 0.159900 0.392100 0.136300 0.104200 0.126300 0.093900 0.160200 0.212400 0.119200 0.138800 0.123800 0.128000 0.169100 0.079600 0.227500 0.232000 0.135100 0.155600 0.086800 0.135900 0.196300 0.205500 0.119500 0.097700 0.129700 0.145900 0.088700 0.150500 0.199800 0.114700 0.200400 0.138700 0.122500 0.139400 0.117100 0.145000 0.000000 0.245800 0.193400 0.101700 0.209400 0.198800 0.146400 0.118600 0.094000 0.118100 0.126700 0.185200 0.155900 0.153600
RoeDeer 0.205400 0.344300 0.226400 0.351600 0.223800 0.199400 0.207400 0.203200 0.233100 0.089500 0.211200 0.176400 0.199300 0.203800 0.240000 0.190500 0.205600 0.202400 0.210900 0.222600 0.207200 0.215400 0.066900 0.087100 0.209000 0.205400 0.191300 0.223700 0.212200 0.231900 0.099300 0.196400 0.171500 0.201400 0.187500 0.190400 0.211900 0.216800 0.245800 0.000000 0.069200 0.228700 0.087600 0.087700 0.189800 0.193600 0.201500 0.180600 0.196300 0.183800 0.225800 0.230600
WhiteLippe 0.161800 0.310900 0.182100 0.330100 0.183400 0.156200 0.161900 0.164500 0.193800 0.034700 0.167500 0.129900 0.145900 0.164100 0.235200 0.148300 0.153800 0.160900 0.169300 0.180900 0.164000 0.177000 0.006400 0.052600 0.165300 0.160500 0.149200 0.181800 0.174800 0.189700 0.041200 0.160200 0.142800 0.158600 0.143100 0.140900 0.168000 0.175500 0.193400 0.069200 0.000000 0.180200 0.032400 0.050800 0.140100 0.153400 0.164700 0.158500 0.168300 0.159800 0.186600 0.188700
ThomsonGaz 0.101400 0.324100 0.155400 0.356300 0.149500 0.096400 0.111400 0.089100 0.152800 0.201900 0.113600 0.141400 0.108700 0.117600 0.171000 0.048900 0.201100 0.208800 0.129800 0.148300 0.067400 0.120200 0.183100 0.213100 0.114000 0.034900 0.104900 0.143900 0.062400 0.144500 0.192600 0.105100 0.184700 0.110900 0.107500 0.129400 0.116500 0.142200 0.101700 0.228700 0.180200 0.000000 0.198900 0.198000 0.134000 0.113700 0.084600 0.111700 0.123400 0.192600 0.148500 0.143900
MuntiacusC 0.178400 0.323000 0.201700 0.346900 0.200400 0.172600 0.181300 0.182700 0.208300 0.002100 0.184400 0.154100 0.170900 0.183600 0.253600 0.172600 0.167500 0.159300 0.175500 0.195300 0.184200 0.188600 0.034700 0.065800 0.182200 0.173400 0.168600 0.196200 0.182600 0.204200 0.012700 0.180000 0.155800 0.178400 0.155800 0.160200 0.185000 0.189700 0.209400 0.087600 0.032400 0.198900 0.000000 0.055000 0.159300 0.162000 0.177000 0.177600 0.185400 0.167500 0.201000 0.205700
WhiteTaile 0.172000 0.327800 0.191500 0.339600 0.194300 0.166300 0.174700 0.178500 0.195100 0.057300 0.172300 0.155900 0.161300 0.181800 0.227900 0.166500 0.170100 0.161900 0.175100 0.182400 0.182200 0.187100 0.053100 0.038900 0.175400 0.180700 0.154000 0.183300 0.187000 0.196400 0.059400 0.174300 0.158400 0.163400 0.148800 0.153600 0.178100 0.192000 0.198800 0.087700 0.050800 0.198000 0.055000 0.000000 0.150700 0.160800 0.177100 0.159200 0.187600 0.164300 0.188000 0.195300
Cattle 0.094800 0.296000 0.101300 0.339800 0.140100 0.092100 0.112300 0.116100 0.099300 0.162200 0.109800 0.057500 0.099600 0.114100 0.155200 0.101000 0.190400 0.187200 0.128800 0.090000 0.103500 0.119100 0.143000 0.161800 0.105100 0.127300 0.105700 0.085600 0.125700 0.092700 0.156300 0.098300 0.151400 0.109100 0.103300 0.004500 0.107600 0.130700 0.146400 0.189800 0.140100 0.134000 0.159300 0.150700 0.000000 0.114500 0.121400 0.102700 0.111200 0.155500 0.090100 0.087400
RoyalAntel 0.086900 0.306100 0.141500 0.334600 0.124300 0.081900 0.078100 0.101200 0.144800 0.164900 0.094400 0.104100 0.081900 0.095700 0.157700 0.081100 0.195300 0.199700 0.108300 0.135100 0.081100 0.101200 0.156200 0.170500 0.089700 0.107000 0.083300 0.130600 0.090400 0.132900 0.158700 0.079700 0.159300 0.093900 0.086000 0.109800 0.092200 0.112800 0.118600 0.193600 0.153400 0.113700 0.162000 0.160800 0.114500 0.000000 0.096300 0.097600 0.091100 0.163300 0.135300 0.137400
Steenbok 0.084600 0.305400 0.153000 0.341700 0.133100 0.079700 0.099400 0.075200 0.145300 0.179900 0.101400 0.118800 0.098100 0.103200 0.158100 0.057800 0.200600 0.207700 0.119800 0.140800 0.060400 0.112900 0.167500 0.186500 0.096900 0.078200 0.099200 0.131300 0.071700 0.144500 0.170900 0.095100 0.166900 0.108100 0.090500 0.116800 0.099300 0.126600 0.094000 0.201500 0.164700 0.084600 0.177000 0.177100 0.121400 0.096300 0.000000 0.104200 0.106400 0.163400 0.141000 0.138800
Impala 0.090500 0.304600 0.134400 0.351400 0.122000 0.085500 0.100800 0.094600 0.132600 0.180500 0.093100 0.105000 0.080800 0.093500 0.115900 0.094100 0.173500 0.176000 0.087300 0.123000 0.090900 0.104700 0.161400 0.171200 0.088500 0.110100 0.086900 0.118700 0.098500 0.126000 0.171500 0.073800 0.147600 0.092600 0.079800 0.098100 0.090900 0.113200 0.118100 0.180600 0.158500 0.111700 0.177600 0.159200 0.102700 0.097600 0.104200 0.000000 0.094400 0.164600 0.118300 0.125300
Klipspring 0.083700 0.310600 0.135700 0.332900 0.120900 0.078600 0.094400 0.104000 0.133700 0.188400 0.091200 0.108500 0.091200 0.088000 0.154700 0.095200 0.185900 0.187900 0.113600 0.124000 0.097500 0.098100 0.173600 0.189300 0.086600 0.116700 0.097400 0.119500 0.110000 0.126900 0.179200 0.072500 0.170600 0.103400 0.086100 0.106500 0.089100 0.117300 0.126700 0.196300 0.168300 0.123400 0.185400 0.187600 0.111200 0.091100 0.106400 0.094400 0.000000 0.161400 0.124200 0.126300
ForestMusk 0.145200 0.336200 0.190500 0.355000 0.199000 0.142600 0.160400 0.173600 0.188200 0.170300 0.153200 0.147400 0.169200 0.163300 0.219500 0.158500 0.193400 0.198000 0.175200 0.180800 0.160000 0.149500 0.162700 0.171600 0.148400 0.169900 0.164200 0.176300 0.173700 0.178700 0.166800 0.155800 0.159000 0.176700 0.158700 0.150700 0.151100 0.194000 0.185200 0.183800 0.159800 0.192600 0.167500 0.164300 0.155500 0.163300 0.163400 0.164600 0.161400 0.000000 0.176000 0.177800
Bushbuck 0.115000 0.315000 0.035000 0.371000 0.153500 0.112300 0.137700 0.130700 0.021800 0.204000 0.127500 0.082800 0.122800 0.129700 0.167900 0.120700 0.199700 0.193700 0.139100 0.013100 0.118200 0.131900 0.189700 0.199600 0.122800 0.136800 0.118700 0.008700 0.130100 0.019700 0.194700 0.124000 0.171200 0.135000 0.126300 0.085600 0.125400 0.154400 0.155900 0.225800 0.186600 0.148500 0.201000 0.188000 0.090100 0.135300 0.141000 0.118300 0.124200 0.176000 0.000000 0.030700
GreaterKud 0.112500 0.322900 0.034800 0.370000 0.158200 0.109700 0.134700 0.126100 0.039400 0.208700 0.129800 0.089700 0.127300 0.131700 0.167300 0.118600 0.206900 0.200800 0.146200 0.030600 0.121100 0.134200 0.191600 0.207000 0.125200 0.132200 0.123200 0.026300 0.128000 0.028500 0.199300 0.126000 0.178200 0.139500 0.130800 0.082900 0.127700 0.156400 0.153600 0.230600 0.188700 0.143900 0.205700 0.195300 0.087400 0.137400 0.138800 0.125300 0.126300 0.177800 0.030700 0.000000
