CODONML (in paml version 4.10.7, June 2023)  /home/rachel/ruminants_paml/6406-phy-tree/ENSBTAT00000004174.fasta.phy
Model: free dN/dS Ratios for branches,  kappa = 2.000 fixed

Codon frequency model: F3x4
ns =  54  ls = 171

Codon usage in sequences
--------------------------------------------------------------------------------------------------------------------------------------
Phe TTT   1   1   0   0   1   1 | Ser TCT   3   5   3   3   3   3 | Tyr TAT   1   1   1   1   1   1 | Cys TGT   0   0   0   0   0   0
    TTC   3   3   4   4   3   3 |     TCC   3   3   3   3   4   4 |     TAC   1   1   1   1   1   1 |     TGC   0   0   0   0   0   0
Leu TTA   1   0   1   1   1   1 |     TCA   2   2   2   2   2   2 | *** TAA   0   0   0   0   0   0 | *** TGA   0   0   0   0   0   0
    TTG   2   2   2   2   2   2 |     TCG   1   0   1   1   1   1 |     TAG   0   0   0   0   0   0 | Trp TGG   1   1   1   1   1   1
--------------------------------------------------------------------------------------------------------------------------------------
Leu CTT   4   3   3   3   4   4 | Pro CCT   3   3   4   4   3   3 | His CAT   5   4   5   5   5   5 | Arg CGT   0   0   0   0   0   0
    CTC   5   6   6   6   5   5 |     CCC   2   1   1   1   1   1 |     CAC   1   2   1   1   1   1 |     CGC   0   1   0   0   0   1
    CTA   2   1   0   1   1   0 |     CCA   2   2   2   2   2   2 | Gln CAA   2   3   3   3   3   3 |     CGA   1   1   1   2   1   0
    CTG   5   7   7   6   6   7 |     CCG   0   0   0   0   0   0 |     CAG  14  13  13  13  13  13 |     CGG   3   2   3   2   3   4
--------------------------------------------------------------------------------------------------------------------------------------
Ile ATT   4   5   4   5   3   3 | Thr ACT   0   0   0   0   0   0 | Asn AAT   4   3   4   4   3   3 | Ser AGT   3   3   2   3   4   3
    ATC   4   3   4   3   5   5 |     ACC   6   5   6   6   5   5 |     AAC   1   2   1   1   2   2 |     AGC   2   2   3   2   1   2
    ATA   3   3   3   3   3   3 |     ACA   2   1   1   2   2   2 | Lys AAA  10   9  10  10  11  10 | Arg AGA   2   2   2   2   2   2
Met ATG   3   3   3   3   3   3 |     ACG   0   2   1   0   1   1 |     AAG  11  12  11  11  10  11 |     AGG   2   2   2   2   2   1
--------------------------------------------------------------------------------------------------------------------------------------
Val GTT   2   2   2   2   2   2 | Ala GCT   1   0   0   0   0   0 | Asp GAT   3   4   3   4   4   3 | Gly GGT   0   0   0   0   0   0
    GTC   1   1   1   1   0   0 |     GCC   0   1   1   1   1   1 |     GAC   3   2   3   2   2   3 |     GGC   0   0   0   0   0   0
    GTA   1   1   1   1   1   1 |     GCA   4   4   4   4   4   4 | Glu GAA  11  12  11  11  11  10 |     GGA   4   4   4   4   4   4
    GTG   1   1   1   1   2   2 |     GCG   0   0   0   0   0   0 |     GAG  14  13  14  14  14  15 |     GGG   1   1   1   1   1   1
--------------------------------------------------------------------------------------------------------------------------------------

--------------------------------------------------------------------------------------------------------------------------------------
Phe TTT   0   1   0   0   0   0 | Ser TCT   3   3   3   3   3   3 | Tyr TAT   1   1   1   1   1   1 | Cys TGT   0   0   0   0   0   0
    TTC   4   3   4   4   4   4 |     TCC   3   3   3   3   3   3 |     TAC   1   1   1   1   1   1 |     TGC   0   0   0   0   0   0
Leu TTA   1   1   1   1   1   1 |     TCA   2   2   2   2   2   2 | *** TAA   0   0   0   0   0   0 | *** TGA   0   0   0   0   0   0
    TTG   2   2   2   2   2   1 |     TCG   1   1   1   1   1   1 |     TAG   0   0   0   0   0   0 | Trp TGG   1   1   1   1   1   1
--------------------------------------------------------------------------------------------------------------------------------------
Leu CTT   4   4   3   3   3   5 | Pro CCT   4   3   4   4   4   5 | His CAT   4   5   5   5   5   5 | Arg CGT   0   0   0   0   0   0
    CTC   5   5   6   6   6   4 |     CCC   1   2   1   1   1   0 |     CAC   2   1   1   1   1   1 |     CGC   0   0   0   0   0   0
    CTA   1   2   1   1   0   1 |     CCA   2   2   2   2   2   2 | Gln CAA   3   2   4   4   3   4 |     CGA   1   1   1   1   2   2
    CTG   6   5   6   6   7   7 |     CCG   0   0   0   0   0   0 |     CAG  13  14  12  12  13  12 |     CGG   3   3   3   3   2   2
--------------------------------------------------------------------------------------------------------------------------------------
Ile ATT   4   4   4   5   4   4 | Thr ACT   0   0   0   0   0   0 | Asn AAT   4   4   4   4   4   4 | Ser AGT   3   3   3   3   3   3
    ATC   4   4   4   3   4   4 |     ACC   6   6   6   6   6   5 |     AAC   1   1   1   1   1   1 |     AGC   2   2   2   2   2   2
    ATA   3   3   3   3   3   3 |     ACA   1   2   1   1   1   1 | Lys AAA  11  10  10  10  10  10 | Arg AGA   2   2   2   2   2   2
Met ATG   3   3   3   3   3   3 |     ACG   1   0   1   1   1   2 |     AAG  10  11  11  11  11  11 |     AGG   2   2   2   2   2   2
--------------------------------------------------------------------------------------------------------------------------------------
Val GTT   2   2   2   2   2   2 | Ala GCT   0   1   0   0   0   0 | Asp GAT   3   3   3   4   3   3 | Gly GGT   0   0   0   0   0   0
    GTC   1   1   1   1   1   1 |     GCC   1   0   1   1   1   1 |     GAC   3   3   3   2   3   3 |     GGC   0   0   0   0   0   0
    GTA   0   1   1   1   1   1 |     GCA   4   4   4   4   4   4 | Glu GAA  10  11  11  11  11  11 |     GGA   4   4   4   4   4   4
    GTG   2   1   1   1   1   1 |     GCG   0   0   0   0   0   0 |     GAG  15  14  14  14  14  14 |     GGG   1   1   1   1   1   1
--------------------------------------------------------------------------------------------------------------------------------------

--------------------------------------------------------------------------------------------------------------------------------------
Phe TTT   1   0   0   0   1   0 | Ser TCT   3   3   3   3   3   3 | Tyr TAT   1   1   1   1   1   1 | Cys TGT   0   0   0   0   0   0
    TTC   3   4   4   4   3   4 |     TCC   3   3   3   3   3   3 |     TAC   1   1   1   1   1   1 |     TGC   0   0   0   0   0   0
Leu TTA   1   1   1   1   1   1 |     TCA   2   2   2   2   2   2 | *** TAA   0   0   0   0   0   0 | *** TGA   0   0   0   0   0   0
    TTG   2   2   2   2   2   2 |     TCG   1   1   1   1   1   1 |     TAG   0   0   0   0   0   0 | Trp TGG   1   1   1   1   1   1
--------------------------------------------------------------------------------------------------------------------------------------
Leu CTT   4   3   4   3   3   3 | Pro CCT   3   4   4   5   4   4 | His CAT   5   5   5   5   5   5 | Arg CGT   0   0   0   0   0   0
    CTC   5   6   5   6   6   6 |     CCC   2   1   1   0   1   1 |     CAC   1   1   1   1   1   1 |     CGC   0   0   0   0   0   0
    CTA   1   1   1   1   1   1 |     CCA   2   2   2   2   2   2 | Gln CAA   2   4   3   3   2   4 |     CGA   1   2   1   1   1   1
    CTG   6   6   6   6   6   6 |     CCG   0   0   0   0   0   0 |     CAG  14  12  13  13  14  12 |     CGG   3   2   3   3   3   3
--------------------------------------------------------------------------------------------------------------------------------------
Ile ATT   4   4   4   4   4   5 | Thr ACT   0   0   0   0   0   0 | Asn AAT   4   4   4   4   3   4 | Ser AGT   3   3   3   3   3   3
    ATC   4   4   4   4   4   3 |     ACC   6   6   6   6   6   6 |     AAC   1   1   1   1   2   1 |     AGC   2   2   2   2   2   2
    ATA   3   3   3   3   3   3 |     ACA   2   1   1   1   1   1 | Lys AAA  10  10  10  10   9  10 | Arg AGA   2   2   2   2   2   2
Met ATG   3   3   3   3   3   3 |     ACG   0   1   1   1   1   1 |     AAG  11  11  11  11  12  11 |     AGG   2   2   2   2   2   2
--------------------------------------------------------------------------------------------------------------------------------------
Val GTT   2   2   2   2   2   2 | Ala GCT   0   0   0   0   0   0 | Asp GAT   2   3   3   3   4   3 | Gly GGT   0   0   0   0   0   0
    GTC   1   1   1   1   1   1 |     GCC   1   1   1   1   1   1 |     GAC   4   3   3   3   2   3 |     GGC   0   0   0   0   0   0
    GTA   1   1   1   1   1   1 |     GCA   4   4   4   4   4   4 | Glu GAA  11  10  11  11  10  11 |     GGA   4   4   4   4   4   4
    GTG   1   1   1   1   1   1 |     GCG   0   0   0   0   0   0 |     GAG  14  15  14  14  15  14 |     GGG   1   1   1   1   1   1
--------------------------------------------------------------------------------------------------------------------------------------

--------------------------------------------------------------------------------------------------------------------------------------
Phe TTT   0   0   1   0   1   1 | Ser TCT   3   3   3   3   3   3 | Tyr TAT   1   1   1   1   1   1 | Cys TGT   0   0   0   0   0   0
    TTC   4   4   3   4   3   3 |     TCC   3   3   3   3   3   3 |     TAC   1   1   1   1   1   1 |     TGC   0   0   0   0   0   0
Leu TTA   1   1   1   1   1   1 |     TCA   2   2   2   2   2   1 | *** TAA   0   0   0   0   0   0 | *** TGA   0   0   0   0   0   0
    TTG   3   3   2   2   2   2 |     TCG   1   1   1   1   1   2 |     TAG   0   0   0   0   0   0 | Trp TGG   1   1   1   1   1   1
--------------------------------------------------------------------------------------------------------------------------------------
Leu CTT   3   3   4   3   3   4 | Pro CCT   4   4   3   4   4   3 | His CAT   5   5   5   5   5   5 | Arg CGT   0   0   0   0   0   0
    CTC   6   6   5   6   6   5 |     CCC   1   1   2   1   1   2 |     CAC   1   1   1   1   1   1 |     CGC   0   0   0   0   0   0
    CTA   0   0   1   0   1   1 |     CCA   2   2   2   2   2   2 | Gln CAA   4   3   3   3   4   2 |     CGA   2   2   1   2   1   1
    CTG   6   6   6   7   6   6 |     CCG   0   0   0   0   0   0 |     CAG  12  13  13  13  12  14 |     CGG   2   2   3   2   3   3
--------------------------------------------------------------------------------------------------------------------------------------
Ile ATT   4   4   3   4   5   4 | Thr ACT   0   0   0   0   0   0 | Asn AAT   4   4   3   4   4   4 | Ser AGT   3   3   3   3   3   3
    ATC   4   4   5   4   3   4 |     ACC   6   6   6   6   6   6 |     AAC   1   1   2   1   1   1 |     AGC   2   2   2   2   2   2
    ATA   3   3   3   3   3   3 |     ACA   1   1   2   1   1   2 | Lys AAA  11  11  10  10  10  10 | Arg AGA   2   2   2   2   2   2
Met ATG   3   3   3   3   3   3 |     ACG   1   1   0   1   1   0 |     AAG  10  10  11  11  11  11 |     AGG   2   2   2   2   2   2
--------------------------------------------------------------------------------------------------------------------------------------
Val GTT   2   2   2   2   2   2 | Ala GCT   0   0   0   0   0   0 | Asp GAT   3   3   2   3   3   3 | Gly GGT   0   0   0   0   0   0
    GTC   1   1   1   1   1   1 |     GCC   1   1   1   1   1   1 |     GAC   3   3   4   3   3   3 |     GGC   0   0   0   0   0   0
    GTA   1   1   1   1   1   1 |     GCA   4   4   4   4   4   4 | Glu GAA  12  10  11  11  10  11 |     GGA   4   4   4   4   4   4
    GTG   1   1   1   1   1   1 |     GCG   0   0   0   0   0   0 |     GAG  13  15  14  14  15  14 |     GGG   1   1   1   1   1   1
--------------------------------------------------------------------------------------------------------------------------------------

--------------------------------------------------------------------------------------------------------------------------------------
Phe TTT   0   0   1   1   0   0 | Ser TCT   3   3   3   3   3   3 | Tyr TAT   1   1   1   1   1   1 | Cys TGT   0   0   0   0   0   0
    TTC   4   4   3   3   4   4 |     TCC   3   3   3   3   3   3 |     TAC   1   1   1   1   1   1 |     TGC   0   0   0   0   0   0
Leu TTA   1   1   1   1   1   1 |     TCA   2   2   2   2   2   2 | *** TAA   0   0   0   0   0   0 | *** TGA   0   0   0   0   0   0
    TTG   2   1   2   2   2   2 |     TCG   1   1   1   1   1   1 |     TAG   0   0   0   0   0   0 | Trp TGG   1   1   1   1   1   1
--------------------------------------------------------------------------------------------------------------------------------------
Leu CTT   5   4   4   3   4   3 | Pro CCT   4   4   3   4   4   4 | His CAT   5   6   5   5   5   5 | Arg CGT   0   0   0   0   0   0
    CTC   4   5   5   6   5   6 |     CCC   1   1   2   1   1   1 |     CAC   1   0   1   1   1   1 |     CGC   0   0   0   0   0   0
    CTA   1   1   1   1   1   0 |     CCA   2   2   2   2   2   2 | Gln CAA   3   4   2   4   3   3 |     CGA   2   1   1   1   1   2
    CTG   6   7   6   6   6   7 |     CCG   0   0   0   0   0   0 |     CAG  13  12  14  12  13  13 |     CGG   2   3   3   3   3   2
--------------------------------------------------------------------------------------------------------------------------------------
Ile ATT   3   4   4   5   4   4 | Thr ACT   1   0   0   1   0   0 | Asn AAT   4   4   4   4   4   4 | Ser AGT   3   3   3   3   3   3
    ATC   4   4   4   3   4   4 |     ACC   4   5   6   5   6   6 |     AAC   1   1   1   1   1   1 |     AGC   2   2   2   2   2   2
    ATA   4   3   3   3   3   3 |     ACA   1   1   2   1   1   1 | Lys AAA  10   9  10  10  10  10 | Arg AGA   2   2   2   2   2   2
Met ATG   3   3   3   3   3   3 |     ACG   2   2   0   1   1   1 |     AAG  11  12  11  11  11  11 |     AGG   2   2   2   2   2   2
--------------------------------------------------------------------------------------------------------------------------------------
Val GTT   2   2   2   2   2   2 | Ala GCT   0   0   0   0   0   0 | Asp GAT   3   3   2   3   3   3 | Gly GGT   0   0   0   0   0   0
    GTC   1   1   1   1   1   1 |     GCC   1   1   1   1   1   1 |     GAC   3   3   4   3   3   3 |     GGC   0   0   0   0   0   0
    GTA   1   1   1   1   1   1 |     GCA   4   4   4   4   4   4 | Glu GAA  11  11  11  11  11  11 |     GGA   4   4   4   4   4   4
    GTG   1   1   1   1   1   1 |     GCG   0   0   0   0   0   0 |     GAG  14  14  14  14  14  14 |     GGG   1   1   1   1   1   1
--------------------------------------------------------------------------------------------------------------------------------------

--------------------------------------------------------------------------------------------------------------------------------------
Phe TTT   0   0   0   0   0   0 | Ser TCT   3   3   3   3   3   3 | Tyr TAT   1   1   1   1   1   1 | Cys TGT   0   0   0   0   0   0
    TTC   4   4   4   4   4   4 |     TCC   3   3   3   3   3   4 |     TAC   1   1   1   1   1   1 |     TGC   0   0   0   0   0   0
Leu TTA   0   1   1   1   1   1 |     TCA   2   2   2   2   2   1 | *** TAA   0   0   0   0   0   0 | *** TGA   0   0   0   0   0   0
    TTG   2   2   1   2   3   2 |     TCG   1   1   1   1   1   1 |     TAG   0   0   0   0   0   0 | Trp TGG   1   1   1   1   1   1
--------------------------------------------------------------------------------------------------------------------------------------
Leu CTT   4   3   4   3   4   4 | Pro CCT   4   4   5   4   4   5 | His CAT   5   5   5   5   5   5 | Arg CGT   0   0   0   0   0   0
    CTC   5   6   5   6   5   5 |     CCC   1   1   0   1   1   0 |     CAC   1   1   1   1   1   1 |     CGC   0   0   0   0   0   0
    CTA   3   0   1   1   1   1 |     CCA   2   2   2   2   2   2 | Gln CAA   4   3   4   3   3   3 |     CGA   1   2   2   1   2   1
    CTG   5   7   7   6   5   6 |     CCG   0   0   0   0   0   0 |     CAG  12  13  12  13  13  13 |     CGG   3   2   2   3   2   3
--------------------------------------------------------------------------------------------------------------------------------------
Ile ATT   5   4   4   4   5   4 | Thr ACT   0   0   0   0   0   0 | Asn AAT   4   4   4   4   5   3 | Ser AGT   3   3   3   3   2   3
    ATC   3   4   4   4   3   4 |     ACC   6   6   5   6   6   6 |     AAC   1   1   1   1   1   2 |     AGC   2   2   2   2   2   2
    ATA   3   3   3   3   3   3 |     ACA   1   1   1   2   1   1 | Lys AAA  10  10  10  10  11  10 | Arg AGA   2   2   2   2   2   2
Met ATG   3   3   3   3   3   3 |     ACG   1   1   2   0   1   1 |     AAG  11  11  11  11  10  11 |     AGG   2   2   2   2   2   2
--------------------------------------------------------------------------------------------------------------------------------------
Val GTT   2   2   2   2   2   2 | Ala GCT   0   0   0   0   0   0 | Asp GAT   3   3   3   3   4   3 | Gly GGT   0   0   0   0   0   0
    GTC   1   1   1   1   1   1 |     GCC   1   1   1   1   1   1 |     GAC   3   3   3   3   2   3 |     GGC   0   0   0   0   0   0
    GTA   1   1   1   1   1   1 |     GCA   4   4   4   4   4   4 | Glu GAA  11  11  11  11  12  11 |     GGA   4   4   4   4   3   4
    GTG   1   1   1   1   1   1 |     GCG   0   0   0   0   0   0 |     GAG  14  14  14  14  13  14 |     GGG   1   1   1   1   2   1
--------------------------------------------------------------------------------------------------------------------------------------

--------------------------------------------------------------------------------------------------------------------------------------
Phe TTT   0   0   1   0   0   0 | Ser TCT   3   3   3   3   3   3 | Tyr TAT   1   1   1   1   1   1 | Cys TGT   0   0   0   0   0   0
    TTC   4   4   3   4   4   4 |     TCC   3   3   3   4   3   3 |     TAC   1   1   1   1   1   1 |     TGC   0   0   0   0   0   0
Leu TTA   1   1   1   1   1   1 |     TCA   2   2   2   1   2   2 | *** TAA   0   0   0   0   0   0 | *** TGA   0   0   0   0   0   0
    TTG   2   2   2   2   2   2 |     TCG   1   1   1   1   1   1 |     TAG   0   0   0   0   0   0 | Trp TGG   1   1   1   1   1   1
--------------------------------------------------------------------------------------------------------------------------------------
Leu CTT   5   3   4   4   3   5 | Pro CCT   4   4   3   4   5   4 | His CAT   5   5   5   4   5   5 | Arg CGT   0   0   0   0   0   0
    CTC   4   6   5   5   6   4 |     CCC   1   1   2   1   0   1 |     CAC   1   1   1   2   1   1 |     CGC   0   0   0   0   0   0
    CTA   1   1   1   1   1   1 |     CCA   2   2   2   2   2   2 | Gln CAA   3   3   2   3   5   3 |     CGA   1   2   1   1   1   2
    CTG   6   6   6   6   6   6 |     CCG   0   0   0   0   0   0 |     CAG  13  13  14  13  11  13 |     CGG   3   2   3   3   3   2
--------------------------------------------------------------------------------------------------------------------------------------
Ile ATT   4   4   4   4   5   4 | Thr ACT   0   0   0   0   0   0 | Asn AAT   4   4   4   4   4   4 | Ser AGT   3   3   3   3   3   2
    ATC   4   4   4   4   3   4 |     ACC   6   5   6   6   6   5 |     AAC   1   1   1   1   1   1 |     AGC   2   2   2   2   2   3
    ATA   3   3   3   3   3   3 |     ACA   1   2   2   1   2   2 | Lys AAA  10  10  10  11  10   9 | Arg AGA   2   2   2   2   2   2
Met ATG   3   3   3   3   3   3 |     ACG   1   1   0   1   0   1 |     AAG  11  11  11  10  11  12 |     AGG   2   2   2   2   2   2
--------------------------------------------------------------------------------------------------------------------------------------
Val GTT   2   2   2   2   2   2 | Ala GCT   0   0   0   0   0   0 | Asp GAT   3   3   3   3   4   3 | Gly GGT   0   0   0   0   0   0
    GTC   1   1   1   1   1   1 |     GCC   1   1   1   1   1   1 |     GAC   3   3   3   3   2   3 |     GGC   0   0   0   0   0   0
    GTA   1   1   1   0   1   1 |     GCA   4   4   4   4   4   4 | Glu GAA  11  11  11  10  11  11 |     GGA   4   4   4   4   4   4
    GTG   1   1   1   2   1   1 |     GCG   0   0   0   0   0   0 |     GAG  14  14  14  15  14  14 |     GGG   1   1   1   1   1   1
--------------------------------------------------------------------------------------------------------------------------------------

--------------------------------------------------------------------------------------------------------------------------------------
Phe TTT   1   1   0   0   0   0 | Ser TCT   3   3   3   3   3   3 | Tyr TAT   1   1   1   1   1   1 | Cys TGT   0   0   0   0   0   0
    TTC   3   3   4   4   4   4 |     TCC   3   3   3   3   3   3 |     TAC   1   1   1   1   1   1 |     TGC   0   0   0   0   0   0
Leu TTA   1   1   1   1   1   0 |     TCA   2   2   2   2   2   2 | *** TAA   0   0   0   0   0   0 | *** TGA   0   0   0   0   0   0
    TTG   2   2   1   2   2   3 |     TCG   1   1   1   1   1   1 |     TAG   0   0   0   0   0   0 | Trp TGG   1   1   1   1   1   1
--------------------------------------------------------------------------------------------------------------------------------------
Leu CTT   4   3   4   4   3   4 | Pro CCT   4   4   5   4   4   5 | His CAT   5   5   5   6   5   4 | Arg CGT   0   0   0   0   0   0
    CTC   5   6   5   5   6   5 |     CCC   1   1   0   1   1   0 |     CAC   1   1   1   0   1   2 |     CGC   0   0   0   0   0   0
    CTA   1   1   1   1   1   1 |     CCA   2   2   2   2   2   2 | Gln CAA   3   4   4   3   3   2 |     CGA   2   1   2   2   2   1
    CTG   6   6   7   6   6   6 |     CCG   0   0   0   0   0   0 |     CAG  13  12  12  13  13  14 |     CGG   2   3   2   2   2   3
--------------------------------------------------------------------------------------------------------------------------------------
Ile ATT   4   5   4   4   4   4 | Thr ACT   1   0   0   0   0   0 | Asn AAT   4   4   4   4   4   4 | Ser AGT   3   3   3   3   3   3
    ATC   4   3   4   4   4   4 |     ACC   4   6   5   5   6   6 |     AAC   1   1   1   1   1   1 |     AGC   2   2   2   2   2   2
    ATA   3   3   3   3   3   3 |     ACA   1   1   1   2   2   1 | Lys AAA  10  10  10  10  10  10 | Arg AGA   2   2   2   2   2   2
Met ATG   3   3   3   3   3   3 |     ACG   2   1   2   1   0   1 |     AAG  11  11  11  11  11  11 |     AGG   2   2   2   2   2   2
--------------------------------------------------------------------------------------------------------------------------------------
Val GTT   2   2   2   2   2   2 | Ala GCT   0   0   0   0   0   0 | Asp GAT   3   4   3   3   3   3 | Gly GGT   0   0   0   0   0   0
    GTC   1   1   1   1   1   1 |     GCC   1   1   1   1   1   1 |     GAC   3   2   3   3   3   3 |     GGC   0   0   0   0   0   0
    GTA   1   1   1   1   1   1 |     GCA   4   4   4   4   4   4 | Glu GAA  11  11  11  11  11  12 |     GGA   4   4   4   4   4   4
    GTG   1   1   1   1   1   1 |     GCG   0   0   0   0   0   0 |     GAG  14  14  14  14  14  13 |     GGG   1   1   1   1   1   1
--------------------------------------------------------------------------------------------------------------------------------------

--------------------------------------------------------------------------------------------------------------------------------------
Phe TTT   0   0   0   0   0   0 | Ser TCT   2   3   3   3   3   3 | Tyr TAT   2   2   1   1   1   1 | Cys TGT   0   0   0   0   0   0
    TTC   4   4   4   4   4   4 |     TCC   2   3   3   3   3   3 |     TAC   0   0   1   1   1   1 |     TGC   0   0   0   0   0   0
Leu TTA   1   1   1   1   1   1 |     TCA   3   2   2   2   3   2 | *** TAA   0   0   0   0   0   0 | *** TGA   0   0   0   0   0   0
    TTG   2   2   2   2   2   2 |     TCG   1   1   1   1   1   1 |     TAG   0   0   0   0   0   0 | Trp TGG   1   1   1   1   1   1
--------------------------------------------------------------------------------------------------------------------------------------
Leu CTT   3   4   3   3   3   3 | Pro CCT   4   4   4   4   4   4 | His CAT   5   5   5   5   5   5 | Arg CGT   0   0   0   0   0   0
    CTC   6   5   6   6   6   6 |     CCC   1   1   1   1   1   1 |     CAC   1   1   1   1   1   1 |     CGC   0   0   0   0   0   0
    CTA   1   1   1   1   0   0 |     CCA   2   2   2   2   2   2 | Gln CAA   4   3   3   3   3   3 |     CGA   1   1   1   2   2   2
    CTG   6   6   6   6   7   7 |     CCG   0   0   0   0   0   0 |     CAG  12  13  13  13  13  13 |     CGG   3   3   3   2   2   2
--------------------------------------------------------------------------------------------------------------------------------------
Ile ATT   5   4   4   5   4   4 | Thr ACT   1   0   0   0   0   0 | Asn AAT   4   3   4   4   4   4 | Ser AGT   3   3   3   3   3   3
    ATC   3   4   4   3   4   4 |     ACC   6   7   6   6   6   6 |     AAC   1   2   1   1   1   1 |     AGC   2   2   2   2   2   2
    ATA   3   3   3   3   3   3 |     ACA   2   0   1   1   1   1 | Lys AAA  10  10  10  10  10  10 | Arg AGA   2   2   2   2   2   2
Met ATG   3   3   3   3   3   2 |     ACG   0   1   1   1   1   2 |     AAG  11  11  11  11  11  11 |     AGG   2   2   2   2   2   2
--------------------------------------------------------------------------------------------------------------------------------------
Val GTT   2   2   2   2   2   2 | Ala GCT   0   0   0   0   0   0 | Asp GAT   3   3   3   4   3   3 | Gly GGT   0   0   0   0   0   0
    GTC   1   1   1   1   1   1 |     GCC   1   1   1   1   1   1 |     GAC   3   3   3   2   3   3 |     GGC   0   0   0   0   0   0
    GTA   1   1   1   1   1   1 |     GCA   4   4   4   4   3   4 | Glu GAA  11  11  11  11  11  11 |     GGA   4   4   3   4   4   4
    GTG   1   1   1   1   1   1 |     GCG   0   0   0   0   0   0 |     GAG  14  14  14  14  14  14 |     GGG   1   1   2   1   1   1
--------------------------------------------------------------------------------------------------------------------------------------

Codon position x base (3x4) table for each sequence.

#1: Argali         
position  1:    T:0.11111    C:0.28655    A:0.33333    G:0.26901
position  2:    T:0.24561    C:0.16959    A:0.47368    G:0.11111
position  3:    T:0.19883    C:0.18713    A:0.27485    G:0.33918
Average         T:0.18519    C:0.21442    A:0.36062    G:0.23977

#2: LesserMouseDeer
position  1:    T:0.11111    C:0.28655    A:0.33333    G:0.26901
position  2:    T:0.24561    C:0.16959    A:0.47368    G:0.11111
position  3:    T:0.19883    C:0.19298    A:0.26316    G:0.34503
Average         T:0.18519    C:0.21637    A:0.35673    G:0.24172

#3: LesserKudu     
position  1:    T:0.11111    C:0.28655    A:0.33333    G:0.26901
position  2:    T:0.24561    C:0.16959    A:0.47368    G:0.11111
position  3:    T:0.18129    C:0.20468    A:0.26316    G:0.35088
Average         T:0.17934    C:0.22027    A:0.35673    G:0.24366

#4: ForestMuskDeer2
position  1:    T:0.11111    C:0.28655    A:0.33333    G:0.26901
position  2:    T:0.24561    C:0.16959    A:0.47368    G:0.11111
position  3:    T:0.19883    C:0.18713    A:0.28070    G:0.33333
Average         T:0.18519    C:0.21442    A:0.36257    G:0.23782

#5: Camel          
position  1:    T:0.11696    C:0.28070    A:0.33333    G:0.26901
position  2:    T:0.24561    C:0.16959    A:0.47368    G:0.11111
position  3:    T:0.19298    C:0.18129    A:0.28070    G:0.34503
Average         T:0.18519    C:0.21053    A:0.36257    G:0.24172

#6: KillerWhale    
position  1:    T:0.11696    C:0.28655    A:0.32749    G:0.26901
position  2:    T:0.24561    C:0.16959    A:0.47368    G:0.11111
position  3:    T:0.18129    C:0.19883    A:0.25731    G:0.36257
Average         T:0.18129    C:0.21832    A:0.35283    G:0.24756

#7: DefassaWaterbuck
position  1:    T:0.11111    C:0.28655    A:0.33333    G:0.26901
position  2:    T:0.24561    C:0.16959    A:0.47368    G:0.11111
position  3:    T:0.18713    C:0.19883    A:0.26316    G:0.35088
Average         T:0.18129    C:0.21832    A:0.35673    G:0.24366

#8: Sheep          
position  1:    T:0.11111    C:0.28655    A:0.33333    G:0.26901
position  2:    T:0.24561    C:0.16959    A:0.47368    G:0.11111
position  3:    T:0.19883    C:0.18713    A:0.27485    G:0.33918
Average         T:0.18519    C:0.21442    A:0.36062    G:0.23977

#9: MaxwellsDuiker 
position  1:    T:0.11111    C:0.28655    A:0.33333    G:0.26901
position  2:    T:0.24561    C:0.16959    A:0.47368    G:0.11111
position  3:    T:0.18713    C:0.19883    A:0.27485    G:0.33918
Average         T:0.18129    C:0.21832    A:0.36062    G:0.23977

#10: GazellaPrzewalskyi
position  1:    T:0.11111    C:0.28655    A:0.33333    G:0.26901
position  2:    T:0.24561    C:0.16959    A:0.47368    G:0.11111
position  3:    T:0.19883    C:0.18713    A:0.27485    G:0.33918
Average         T:0.18519    C:0.21442    A:0.36062    G:0.23977

#11: MountainNyala  
position  1:    T:0.11111    C:0.28655    A:0.33333    G:0.26901
position  2:    T:0.24561    C:0.16959    A:0.47368    G:0.11111
position  3:    T:0.18713    C:0.19883    A:0.26901    G:0.34503
Average         T:0.18129    C:0.21832    A:0.35867    G:0.24172

#12: MuntiacusMuntjak
position  1:    T:0.10526    C:0.29240    A:0.33333    G:0.26901
position  2:    T:0.24561    C:0.16959    A:0.47368    G:0.11111
position  3:    T:0.20468    C:0.17544    A:0.28070    G:0.33918
Average         T:0.18519    C:0.21248    A:0.36257    G:0.23977

#13: goat           
position  1:    T:0.11111    C:0.28655    A:0.33333    G:0.26901
position  2:    T:0.24561    C:0.16959    A:0.47368    G:0.11111
position  3:    T:0.18713    C:0.19883    A:0.26901    G:0.34503
Average         T:0.18129    C:0.21832    A:0.35867    G:0.24172

#14: AfricanBuffalo 
position  1:    T:0.11111    C:0.28655    A:0.33333    G:0.26901
position  2:    T:0.24561    C:0.16959    A:0.47368    G:0.11111
position  3:    T:0.18713    C:0.19883    A:0.27485    G:0.33918
Average         T:0.18129    C:0.21832    A:0.36062    G:0.23977

#15: Topi           
position  1:    T:0.11111    C:0.28655    A:0.33333    G:0.26901
position  2:    T:0.24561    C:0.16959    A:0.47368    G:0.11111
position  3:    T:0.19298    C:0.19298    A:0.26901    G:0.34503
Average         T:0.18324    C:0.21637    A:0.35867    G:0.24172

#16: CommonDuiker   
position  1:    T:0.11111    C:0.28655    A:0.33333    G:0.26901
position  2:    T:0.24561    C:0.16959    A:0.47368    G:0.11111
position  3:    T:0.19298    C:0.19298    A:0.26901    G:0.34503
Average         T:0.18324    C:0.21637    A:0.35867    G:0.24172

#17: Suni           
position  1:    T:0.11111    C:0.28655    A:0.33333    G:0.26901
position  2:    T:0.24561    C:0.16959    A:0.47368    G:0.11111
position  3:    T:0.19298    C:0.19298    A:0.25146    G:0.36257
Average         T:0.18324    C:0.21637    A:0.35283    G:0.24756

#18: Springbuck     
position  1:    T:0.11111    C:0.28655    A:0.33333    G:0.26901
position  2:    T:0.24561    C:0.16959    A:0.47368    G:0.11111
position  3:    T:0.19298    C:0.19298    A:0.27485    G:0.33918
Average         T:0.18324    C:0.21637    A:0.36062    G:0.23977

#19: Okapi          
position  1:    T:0.11696    C:0.28070    A:0.33333    G:0.26901
position  2:    T:0.24561    C:0.16959    A:0.47368    G:0.11111
position  3:    T:0.18713    C:0.19883    A:0.28655    G:0.32749
Average         T:0.18324    C:0.21637    A:0.36452    G:0.23587

#20: Giraffe        
position  1:    T:0.11696    C:0.28070    A:0.33333    G:0.26901
position  2:    T:0.24561    C:0.16959    A:0.47368    G:0.11111
position  3:    T:0.18713    C:0.19883    A:0.26901    G:0.34503
Average         T:0.18324    C:0.21637    A:0.35867    G:0.24172

#21: TibetanAntelope
position  1:    T:0.11111    C:0.28655    A:0.33333    G:0.26901
position  2:    T:0.24561    C:0.16959    A:0.47368    G:0.11111
position  3:    T:0.17544    C:0.21053    A:0.27485    G:0.33918
Average         T:0.17739    C:0.22222    A:0.36062    G:0.23977

#22: Sitatunga      
position  1:    T:0.11111    C:0.28655    A:0.33333    G:0.26901
position  2:    T:0.24561    C:0.16959    A:0.47368    G:0.11111
position  3:    T:0.18713    C:0.19883    A:0.26901    G:0.34503
Average         T:0.18129    C:0.21832    A:0.35867    G:0.24172

#23: Oribi          
position  1:    T:0.11111    C:0.28655    A:0.33333    G:0.26901
position  2:    T:0.24561    C:0.16959    A:0.47368    G:0.11111
position  3:    T:0.19883    C:0.18713    A:0.26901    G:0.34503
Average         T:0.18519    C:0.21442    A:0.35867    G:0.24172

#24: BarbarySheep   
position  1:    T:0.11111    C:0.28655    A:0.33333    G:0.26901
position  2:    T:0.24561    C:0.16959    A:0.47368    G:0.11111
position  3:    T:0.19298    C:0.19298    A:0.26316    G:0.35088
Average         T:0.18324    C:0.21637    A:0.35673    G:0.24366

#25: Daviddeer      
position  1:    T:0.11111    C:0.28655    A:0.33333    G:0.26901
position  2:    T:0.24561    C:0.16959    A:0.47368    G:0.11111
position  3:    T:0.19883    C:0.17544    A:0.28070    G:0.34503
Average         T:0.18519    C:0.21053    A:0.36257    G:0.24172

#26: Reindeer       
position  1:    T:0.10526    C:0.29240    A:0.33333    G:0.26901
position  2:    T:0.24561    C:0.16959    A:0.47368    G:0.11111
position  3:    T:0.19883    C:0.18129    A:0.26901    G:0.35088
Average         T:0.18324    C:0.21442    A:0.35867    G:0.24366

#27: Ibex           
position  1:    T:0.11111    C:0.28655    A:0.33333    G:0.26901
position  2:    T:0.24561    C:0.16959    A:0.47368    G:0.11111
position  3:    T:0.18713    C:0.19883    A:0.26901    G:0.34503
Average         T:0.18129    C:0.21832    A:0.35867    G:0.24172

#28: GyrantGazelle  
position  1:    T:0.11111    C:0.28655    A:0.33333    G:0.26901
position  2:    T:0.24561    C:0.16959    A:0.47368    G:0.11111
position  3:    T:0.20468    C:0.18129    A:0.27485    G:0.33918
Average         T:0.18713    C:0.21248    A:0.36062    G:0.23977

#29: Hartebeest     
position  1:    T:0.11111    C:0.28655    A:0.33333    G:0.26901
position  2:    T:0.24561    C:0.16959    A:0.47368    G:0.11111
position  3:    T:0.19298    C:0.19298    A:0.26901    G:0.34503
Average         T:0.18324    C:0.21637    A:0.35867    G:0.24172

#30: Bongo          
position  1:    T:0.11111    C:0.28655    A:0.33333    G:0.26901
position  2:    T:0.24561    C:0.16959    A:0.47368    G:0.11111
position  3:    T:0.18713    C:0.19883    A:0.26901    G:0.34503
Average         T:0.18129    C:0.21832    A:0.35867    G:0.24172

#31: Gerenuk        
position  1:    T:0.10526    C:0.29240    A:0.33333    G:0.26901
position  2:    T:0.24561    C:0.16959    A:0.47368    G:0.11111
position  3:    T:0.19883    C:0.18713    A:0.28070    G:0.33333
Average         T:0.18324    C:0.21637    A:0.36257    G:0.23782

#32: CommonEland    
position  1:    T:0.11111    C:0.28655    A:0.33333    G:0.26901
position  2:    T:0.24561    C:0.16959    A:0.47368    G:0.11111
position  3:    T:0.18713    C:0.19883    A:0.26901    G:0.34503
Average         T:0.18129    C:0.21832    A:0.35867    G:0.24172

#33: MuntiacusReevesi
position  1:    T:0.10526    C:0.29240    A:0.33333    G:0.26901
position  2:    T:0.24561    C:0.16959    A:0.47368    G:0.11111
position  3:    T:0.19883    C:0.18129    A:0.28070    G:0.33918
Average         T:0.18324    C:0.21442    A:0.36257    G:0.23977

#34: HarveysDuiker  
position  1:    T:0.11111    C:0.28655    A:0.33333    G:0.26901
position  2:    T:0.24561    C:0.16959    A:0.47368    G:0.11111
position  3:    T:0.18713    C:0.19883    A:0.27485    G:0.33918
Average         T:0.18129    C:0.21832    A:0.36062    G:0.23977

#35: Pronghorn      
position  1:    T:0.11696    C:0.28070    A:0.33333    G:0.26901
position  2:    T:0.24561    C:0.16959    A:0.47953    G:0.10526
position  3:    T:0.20468    C:0.18129    A:0.28070    G:0.33333
Average         T:0.18908    C:0.21053    A:0.36452    G:0.23587

#36: BlueWildebeest 
position  1:    T:0.11111    C:0.28655    A:0.33333    G:0.26901
position  2:    T:0.24561    C:0.16959    A:0.47368    G:0.11111
position  3:    T:0.19298    C:0.19883    A:0.26316    G:0.34503
Average         T:0.18324    C:0.21832    A:0.35673    G:0.24172

#37: Gemsbok        
position  1:    T:0.11111    C:0.28655    A:0.33333    G:0.26901
position  2:    T:0.24561    C:0.16959    A:0.47368    G:0.11111
position  3:    T:0.19883    C:0.18713    A:0.26901    G:0.34503
Average         T:0.18519    C:0.21442    A:0.35867    G:0.24172

#38: Yak            
position  1:    T:0.11111    C:0.28655    A:0.33333    G:0.26901
position  2:    T:0.24561    C:0.16959    A:0.47368    G:0.11111
position  3:    T:0.18713    C:0.19298    A:0.28070    G:0.33918
Average         T:0.18129    C:0.21637    A:0.36257    G:0.23977

#39: BlueSheep      
position  1:    T:0.11111    C:0.28655    A:0.33333    G:0.26901
position  2:    T:0.24561    C:0.16959    A:0.47368    G:0.11111
position  3:    T:0.19298    C:0.19298    A:0.26901    G:0.34503
Average         T:0.18324    C:0.21637    A:0.35867    G:0.24172

#40: BohorReedbuck  
position  1:    T:0.11111    C:0.28655    A:0.33333    G:0.26901
position  2:    T:0.24561    C:0.16959    A:0.47368    G:0.11111
position  3:    T:0.18713    C:0.20468    A:0.25731    G:0.35088
Average         T:0.18129    C:0.22027    A:0.35478    G:0.24366

#41: KirksDik       
position  1:    T:0.11111    C:0.28655    A:0.33333    G:0.26901
position  2:    T:0.24561    C:0.16959    A:0.47368    G:0.11111
position  3:    T:0.20468    C:0.18129    A:0.28655    G:0.32749
Average         T:0.18713    C:0.21248    A:0.36452    G:0.23587

#42: RoeDeer        
position  1:    T:0.11111    C:0.28655    A:0.33333    G:0.26901
position  2:    T:0.24561    C:0.16959    A:0.47368    G:0.11111
position  3:    T:0.19298    C:0.18713    A:0.27485    G:0.34503
Average         T:0.18324    C:0.21442    A:0.36062    G:0.24172

#43: WhiteLippedDeer
position  1:    T:0.11111    C:0.28655    A:0.33333    G:0.26901
position  2:    T:0.24561    C:0.16959    A:0.47368    G:0.11111
position  3:    T:0.20468    C:0.17544    A:0.27485    G:0.34503
Average         T:0.18713    C:0.21053    A:0.36062    G:0.24172

#44: ThomsonGazelle 
position  1:    T:0.11111    C:0.28655    A:0.33333    G:0.26901
position  2:    T:0.24561    C:0.16959    A:0.47368    G:0.11111
position  3:    T:0.20468    C:0.18129    A:0.27485    G:0.33918
Average         T:0.18713    C:0.21248    A:0.36062    G:0.23977

#45: MuntiacusCrinifrons
position  1:    T:0.10526    C:0.29240    A:0.33333    G:0.26901
position  2:    T:0.24561    C:0.16959    A:0.47368    G:0.11111
position  3:    T:0.19883    C:0.18129    A:0.28070    G:0.33918
Average         T:0.18324    C:0.21442    A:0.36257    G:0.23977

#46: WhiteTailedDeer
position  1:    T:0.11111    C:0.28655    A:0.33333    G:0.26901
position  2:    T:0.24561    C:0.16959    A:0.47368    G:0.11111
position  3:    T:0.19883    C:0.18129    A:0.28070    G:0.33918
Average         T:0.18519    C:0.21248    A:0.36257    G:0.23977

#47: Cattle         
position  1:    T:0.11111    C:0.28655    A:0.33333    G:0.26901
position  2:    T:0.24561    C:0.16959    A:0.47368    G:0.11111
position  3:    T:0.18713    C:0.19883    A:0.28070    G:0.33333
Average         T:0.18129    C:0.21832    A:0.36257    G:0.23782

#48: RoyalAntelope  
position  1:    T:0.11111    C:0.28655    A:0.33333    G:0.26901
position  2:    T:0.24561    C:0.16959    A:0.47368    G:0.11111
position  3:    T:0.19298    C:0.19298    A:0.26316    G:0.35088
Average         T:0.18324    C:0.21637    A:0.35673    G:0.24366

#49: Steenbok       
position  1:    T:0.10526    C:0.28655    A:0.33918    G:0.26901
position  2:    T:0.24561    C:0.16959    A:0.47368    G:0.11111
position  3:    T:0.19883    C:0.18129    A:0.28655    G:0.33333
Average         T:0.18324    C:0.21248    A:0.36647    G:0.23782

#50: Impala         
position  1:    T:0.11111    C:0.28655    A:0.33333    G:0.26901
position  2:    T:0.24561    C:0.16959    A:0.47368    G:0.11111
position  3:    T:0.19298    C:0.19883    A:0.26316    G:0.34503
Average         T:0.18324    C:0.21832    A:0.35673    G:0.24172

#51: Klipspringer   
position  1:    T:0.11111    C:0.28655    A:0.33333    G:0.26901
position  2:    T:0.24561    C:0.16959    A:0.47368    G:0.11111
