CODONML (in paml version 4.10.7, June 2023)  /home/rachel/ruminants_paml/6406-phy-tree/ENSBTAT00000025291.fasta.phy
Model: free dN/dS Ratios for branches,  kappa = 2.000 fixed

Codon frequency model: F3x4
ns =  54  ls =  35

Codon usage in sequences
--------------------------------------------------------------------------------------------------------------------------------------
Phe TTT   1   1   1   1   1   1 | Ser TCT   1   2   1   1   1   2 | Tyr TAT   0   0   0   0   0   0 | Cys TGT   0   0   0   0   0   0
    TTC   0   0   0   0   0   0 |     TCC   1   1   1   1   1   0 |     TAC   0   0   0   0   0   0 |     TGC   0   0   0   0   0   0
Leu TTA   0   1   0   1   0   0 |     TCA   0   0   0   0   0   0 | *** TAA   0   0   0   0   0   0 | *** TGA   0   0   0   0   0   0
    TTG   1   0   1   0   0   0 |     TCG   0   0   0   0   0   0 |     TAG   0   0   0   0   0   0 | Trp TGG   2   2   2   2   2   2
--------------------------------------------------------------------------------------------------------------------------------------
Leu CTT   0   1   0   0   1   0 | Pro CCT   1   1   0   1   1   1 | His CAT   0   0   0   0   0   0 | Arg CGT   1   1   1   1   0   0
    CTC   2   1   2   2   1   2 |     CCC   1   1   2   1   1   1 |     CAC   0   0   0   0   0   0 |     CGC   0   0   0   0   0   0
    CTA   1   0   1   1   1   1 |     CCA   0   0   0   0   0   0 | Gln CAA   0   0   0   0   0   0 |     CGA   1   1   1   1   2   2
    CTG   2   3   2   2   3   3 |     CCG   0   0   0   0   0   0 |     CAG   0   0   0   0   0   0 |     CGG   0   0   0   0   0   0
--------------------------------------------------------------------------------------------------------------------------------------
Ile ATT   2   1   2   2   2   2 | Thr ACT   1   1   1   1   1   1 | Asn AAT   1   1   1   1   1   1 | Ser AGT   0   0   0   0   0   1
    ATC   2   3   2   2   2   2 |     ACC   0   0   0   0   0   1 |     AAC   1   1   1   1   1   1 |     AGC   2   1   2   2   2   1
    ATA   0   0   0   0   0   0 |     ACA   1   0   1   1   1   0 | Lys AAA   0   0   0   0   0   0 | Arg AGA   0   0   0   0   0   0
Met ATG   2   3   2   2   2   2 |     ACG   0   1   0   0   0   0 |     AAG   0   0   0   0   0   0 |     AGG   0   0   0   0   0   0
--------------------------------------------------------------------------------------------------------------------------------------
Val GTT   0   0   0   0   0   0 | Ala GCT   1   0   1   1   1   1 | Asp GAT   0   0   0   0   0   0 | Gly GGT   1   1   1   1   1   1
    GTC   0   0   0   1   0   0 |     GCC   1   1   1   1   1   1 |     GAC   0   0   0   0   0   0 |     GGC   1   1   1   1   1   1
    GTA   0   0   0   0   0   0 |     GCA   0   0   0   0   0   0 | Glu GAA   0   1   0   0   0   0 |     GGA   2   2   2   2   2   2
    GTG   1   1   1   0   1   1 |     GCG   0   0   0   0   0   0 |     GAG   1   0   1   1   1   1 |     GGG   0   0   0   0   0   0
--------------------------------------------------------------------------------------------------------------------------------------

--------------------------------------------------------------------------------------------------------------------------------------
Phe TTT   1   1   1   1   1   1 | Ser TCT   1   1   1   1   1   0 | Tyr TAT   0   0   0   0   0   0 | Cys TGT   0   0   0   0   0   0
    TTC   0   0   0   0   0   0 |     TCC   1   1   1   1   1   1 |     TAC   0   0   0   0   0   0 |     TGC   0   0   0   0   0   0
Leu TTA   0   0   0   0   0   0 |     TCA   0   0   0   0   0   0 | *** TAA   0   0   0   0   0   0 | *** TGA   0   0   0   0   0   0
    TTG   1   1   2   1   1   1 |     TCG   0   0   0   0   0   1 |     TAG   0   0   0   0   0   0 | Trp TGG   2   2   2   2   2   2
--------------------------------------------------------------------------------------------------------------------------------------
Leu CTT   0   0   0   0   0   0 | Pro CCT   1   1   0   1   1   1 | His CAT   0   0   0   0   0   0 | Arg CGT   1   1   1   1   1   1
    CTC   2   2   2   2   2   2 |     CCC   1   1   1   1   1   1 |     CAC   0   0   0   0   0   0 |     CGC   0   0   0   0   0   0
    CTA   1   1   1   1   1   1 |     CCA   0   0   0   0   0   0 | Gln CAA   0   0   0   0   0   0 |     CGA   1   1   1   1   1   1
    CTG   2   2   1   2   2   2 |     CCG   0   0   1   0   0   0 |     CAG   0   0   0   0   0   0 |     CGG   0   0   0   0   0   0
--------------------------------------------------------------------------------------------------------------------------------------
Ile ATT   2   2   2   2   2   2 | Thr ACT   2   1   1   2   1   1 | Asn AAT   1   1   1   1   1   1 | Ser AGT   0   0   0   0   0   1
    ATC   2   2   2   2   2   2 |     ACC   0   0   0   0   0   0 |     AAC   1   1   1   1   1   1 |     AGC   2   2   2   2   2   1
    ATA   0   0   0   0   0   0 |     ACA   0   1   1   0   1   1 | Lys AAA   0   0   0   0   0   0 | Arg AGA   0   0   0   0   0   0
Met ATG   2   2   2   2   2   2 |     ACG   0   0   0   0   0   0 |     AAG   0   0   0   0   0   0 |     AGG   0   0   0   0   0   0
--------------------------------------------------------------------------------------------------------------------------------------
Val GTT   0   0   0   0   0   0 | Ala GCT   2   1   1   1   1   0 | Asp GAT   0   0   0   0   0   0 | Gly GGT   1   1   1   1   1   1
    GTC   0   0   0   0   0   0 |     GCC   0   1   1   1   1   2 |     GAC   0   0   0   0   0   0 |     GGC   1   1   1   1   1   1
    GTA   0   0   0   0   0   0 |     GCA   0   0   0   0   0   0 | Glu GAA   0   0   0   0   0   0 |     GGA   2   2   2   2   2   2
    GTG   1   1   1   1   1   1 |     GCG   0   0   0   0   0   0 |     GAG   1   1   1   1   1   1 |     GGG   0   0   0   0   0   0
--------------------------------------------------------------------------------------------------------------------------------------

--------------------------------------------------------------------------------------------------------------------------------------
Phe TTT   1   1   1   1   1   1 | Ser TCT   1   1   1   1   1   0 | Tyr TAT   0   0   0   0   0   0 | Cys TGT   0   0   0   0   0   0
    TTC   0   0   0   0   0   0 |     TCC   1   1   1   1   1   1 |     TAC   0   0   0   0   0   0 |     TGC   0   0   0   0   0   0
Leu TTA   0   0   0   0   0   0 |     TCA   0   0   0   0   0   1 | *** TAA   0   0   0   0   0   0 | *** TGA   0   0   0   0   0   0
    TTG   1   1   1   1   1   1 |     TCG   0   0   0   0   0   0 |     TAG   0   0   0   0   0   0 | Trp TGG   2   2   2   2   2   2
--------------------------------------------------------------------------------------------------------------------------------------
Leu CTT   0   0   0   0   0   0 | Pro CCT   1   0   1   0   0   1 | His CAT   0   0   0   0   0   0 | Arg CGT   1   1   1   1   1   1
    CTC   2   2   2   2   2   2 |     CCC   1   2   1   1   2   1 |     CAC   0   0   0   0   0   0 |     CGC   0   0   0   0   0   0
    CTA   1   1   0   1   1   1 |     CCA   0   0   0   0   0   0 | Gln CAA   0   0   0   0   0   0 |     CGA   1   1   1   1   1   1
    CTG   2   2   3   2   2   2 |     CCG   0   0   0   1   0   0 |     CAG   0   0   0   0   0   0 |     CGG   0   0   0   0   0   0
--------------------------------------------------------------------------------------------------------------------------------------
Ile ATT   2   2   2   2   3   2 | Thr ACT   1   1   1   1   1   2 | Asn AAT   1   1   1   1   1   1 | Ser AGT   0   0   1   0   0   0
    ATC   2   2   2   2   1   2 |     ACC   0   0   0   0   0   0 |     AAC   1   1   1   1   1   1 |     AGC   2   2   1   2   2   2
    ATA   0   0   0   0   0   0 |     ACA   1   1   1   1   1   0 | Lys AAA   0   0   0   0   0   0 | Arg AGA   0   0   0   0   0   0
Met ATG   2   2   2   2   2   2 |     ACG   0   0   0   0   0   0 |     AAG   0   0   0   0   0   0 |     AGG   0   0   0   0   0   0
--------------------------------------------------------------------------------------------------------------------------------------
Val GTT   0   0   0   0   0   0 | Ala GCT   1   1   1   1   1   1 | Asp GAT   0   0   0   0   0   0 | Gly GGT   1   0   1   1   1   1
    GTC   0   0   0   0   0   0 |     GCC   1   1   1   1   1   1 |     GAC   0   0   0   0   0   0 |     GGC   1   1   1   1   1   1
    GTA   0   0   0   0   0   0 |     GCA   0   0   0   0   0   0 | Glu GAA   0   0   0   0   0   0 |     GGA   2   3   2   2   2   2
    GTG   1   1   1   1   1   1 |     GCG   0   0   0   0   0   0 |     GAG   1   1   1   1   1   1 |     GGG   0   0   0   0   0   0
--------------------------------------------------------------------------------------------------------------------------------------

--------------------------------------------------------------------------------------------------------------------------------------
Phe TTT   1   1   1   1   1   1 | Ser TCT   1   1   1   1   1   1 | Tyr TAT   0   0   0   0   0   0 | Cys TGT   0   0   0   0   0   0
    TTC   0   0   0   0   0   0 |     TCC   1   1   1   1   1   1 |     TAC   0   0   0   0   0   0 |     TGC   0   0   0   0   0   0
Leu TTA   0   0   0   0   0   0 |     TCA   0   0   0   0   0   0 | *** TAA   0   0   0   0   0   0 | *** TGA   0   0   0   0   0   0
    TTG   1   1   1   1   1   1 |     TCG   0   0   0   0   0   0 |     TAG   0   0   0   0   0   0 | Trp TGG   2   2   2   2   2   2
--------------------------------------------------------------------------------------------------------------------------------------
Leu CTT   0   0   0   0   0   0 | Pro CCT   1   1   1   0   1   1 | His CAT   0   0   0   0   0   0 | Arg CGT   1   1   1   1   1   1
    CTC   2   2   2   2   2   2 |     CCC   1   1   1   2   1   1 |     CAC   0   0   0   0   0   0 |     CGC   0   0   0   0   0   0
    CTA   1   1   1   1   1   1 |     CCA   0   0   0   0   0   0 | Gln CAA   0   0   0   0   0   0 |     CGA   1   1   1   1   1   1
    CTG   2   2   2   2   2   2 |     CCG   0   0   0   0   0   0 |     CAG   0   0   0   0   0   0 |     CGG   0   0   0   0   0   0
--------------------------------------------------------------------------------------------------------------------------------------
Ile ATT   2   2   2   2   2   2 | Thr ACT   1   1   1   1   2   1 | Asn AAT   1   1   1   1   1   1 | Ser AGT   0   0   0   0   1   0
    ATC   2   2   2   2   2   2 |     ACC   0   0   0   0   0   0 |     AAC   1   1   1   1   1   1 |     AGC   2   2   2   2   1   2
    ATA   0   0   0   0   0   0 |     ACA   1   1   1   1   0   1 | Lys AAA   0   0   0   0   0   0 | Arg AGA   0   0   0   0   0   0
Met ATG   2   2   2   2   2   2 |     ACG   0   0   0   0   0   0 |     AAG   0   0   0   0   0   0 |     AGG   0   0   0   0   0   0
--------------------------------------------------------------------------------------------------------------------------------------
Val GTT   0   0   0   0   0   0 | Ala GCT   1   1   1   1   1   1 | Asp GAT   0   0   0   0   0   0 | Gly GGT   1   1   1   1   1   1
    GTC   0   0   0   0   0   0 |     GCC   1   1   1   1   1   1 |     GAC   0   0   0   0   0   0 |     GGC   1   1   1   1   1   1
    GTA   0   0   0   0   0   0 |     GCA   0   0   0   0   0   0 | Glu GAA   0   0   0   0   0   0 |     GGA   2   2   2   2   2   2
    GTG   1   1   1   1   1   1 |     GCG   0   0   0   0   0   0 |     GAG   1   1   1   1   1   1 |     GGG   0   0   0   0   0   0
--------------------------------------------------------------------------------------------------------------------------------------

--------------------------------------------------------------------------------------------------------------------------------------
Phe TTT   1   1   1   1   1   1 | Ser TCT   1   1   1   1   1   1 | Tyr TAT   0   0   0   0   0   0 | Cys TGT   0   0   0   0   0   0
    TTC   0   0   0   0   0   0 |     TCC   1   1   1   1   1   1 |     TAC   0   0   0   0   0   0 |     TGC   0   0   0   0   0   0
Leu TTA   0   0   0   0   0   0 |     TCA   0   0   0   0   0   0 | *** TAA   0   0   0   0   0   0 | *** TGA   0   0   0   0   0   0
    TTG   1   1   1   1   1   1 |     TCG   0   0   0   0   0   0 |     TAG   0   0   0   0   0   0 | Trp TGG   2   2   2   2   2   2
--------------------------------------------------------------------------------------------------------------------------------------
Leu CTT   0   0   0   0   0   0 | Pro CCT   1   1   1   1   1   0 | His CAT   0   0   0   0   0   0 | Arg CGT   1   1   1   1   1   1
    CTC   2   2   2   2   2   2 |     CCC   1   1   1   1   1   2 |     CAC   0   0   0   0   0   0 |     CGC   0   0   0   0   0   0
    CTA   1   0   1   1   0   1 |     CCA   0   0   0   0   0   0 | Gln CAA   0   0   0   0   0   0 |     CGA   1   1   1   1   1   1
    CTG   2   3   2   2   3   2 |     CCG   0   0   0   0   0   0 |     CAG   0   0   0   0   0   0 |     CGG   0   0   0   0   0   0
--------------------------------------------------------------------------------------------------------------------------------------
Ile ATT   2   2   2   2   2   2 | Thr ACT   1   1   1   1   1   1 | Asn AAT   1   1   1   1   0   1 | Ser AGT   0   0   0   0   1   0
    ATC   2   2   2   2   2   2 |     ACC   0   0   0   0   0   0 |     AAC   1   1   1   1   2   1 |     AGC   2   2   2   2   1   2
    ATA   0   0   0   0   0   0 |     ACA   1   1   1   1   1   1 | Lys AAA   0   0   0   0   0   0 | Arg AGA   0   0   0   0   0   0
Met ATG   2   2   2   2   2   2 |     ACG   0   0   0   0   0   0 |     AAG   0   0   0   0   0   0 |     AGG   0   0   0   0   0   0
--------------------------------------------------------------------------------------------------------------------------------------
Val GTT   0   0   0   0   0   0 | Ala GCT   1   1   1   1   1   1 | Asp GAT   0   0   0   0   0   0 | Gly GGT   1   1   1   1   1   1
    GTC   0   0   0   0   0   0 |     GCC   1   1   1   1   1   1 |     GAC   0   0   0   0   0   0 |     GGC   1   1   1   1   1   1
    GTA   0   0   0   0   0   0 |     GCA   0   0   0   0   0   0 | Glu GAA   0   0   0   0   0   0 |     GGA   2   2   2   2   2   2
    GTG   1   1   1   1   1   1 |     GCG   0   0   0   0   0   0 |     GAG   1   1   1   1   1   1 |     GGG   0   0   0   0   0   0
--------------------------------------------------------------------------------------------------------------------------------------

--------------------------------------------------------------------------------------------------------------------------------------
Phe TTT   1   1   1   1   1   1 | Ser TCT   1   1   0   1   1   1 | Tyr TAT   0   0   0   0   0   0 | Cys TGT   0   0   0   0   0   0
    TTC   0   0   0   0   0   0 |     TCC   1   1   1   1   1   1 |     TAC   0   0   0   0   0   0 |     TGC   0   0   0   0   0   0
Leu TTA   0   0   0   0   0   0 |     TCA   0   0   0   0   0   0 | *** TAA   0   0   0   0   0   0 | *** TGA   0   0   0   0   0   0
    TTG   1   1   1   1   1   1 |     TCG   0   0   1   0   0   0 |     TAG   0   0   0   0   0   0 | Trp TGG   2   2   2   2   2   2
--------------------------------------------------------------------------------------------------------------------------------------
Leu CTT   0   0   0   0   0   0 | Pro CCT   1   0   1   0   1   1 | His CAT   0   0   0   0   0   0 | Arg CGT   1   1   1   1   1   1
    CTC   2   2   2   2   2   2 |     CCC   1   2   1   1   1   1 |     CAC   0   0   0   0   0   0 |     CGC   0   0   0   0   0   0
    CTA   1   1   1   1   1   0 |     CCA   0   0   0   0   0   0 | Gln CAA   0   0   0   0   0   0 |     CGA   1   1   1   1   1   1
    CTG   2   2   2   2   2   3 |     CCG   0   0   0   1   0   0 |     CAG   0   0   0   0   0   0 |     CGG   0   0   0   0   0   0
--------------------------------------------------------------------------------------------------------------------------------------
Ile ATT   2   2   2   2   2   3 | Thr ACT   2   1   1   1   1   1 | Asn AAT   1   1   1   1   1   1 | Ser AGT   1   0   0   0   0   1
    ATC   2   2   2   2   2   1 |     ACC   0   0   0   0   0   0 |     AAC   1   1   1   1   1   1 |     AGC   1   2   2   2   2   1
    ATA   0   0   0   0   0   0 |     ACA   0   1   1   1   1   1 | Lys AAA   0   0   0   0   0   0 | Arg AGA   0   0   0   0   0   0
Met ATG   2   2   2   2   2   2 |     ACG   0   0   0   0   0   0 |     AAG   0   0   0   0   0   0 |     AGG   0   0   0   0   0   0
--------------------------------------------------------------------------------------------------------------------------------------
Val GTT   0   0   0   0   0   0 | Ala GCT   1   1   0   1   1   1 | Asp GAT   0   0   0   0   0   0 | Gly GGT   1   1   1   1   1   1
    GTC   0   0   0   0   0   0 |     GCC   1   1   2   1   1   1 |     GAC   0   0   0   0   0   0 |     GGC   1   1   1   1   1   1
    GTA   0   0   0   0   0   0 |     GCA   0   0   0   0   0   0 | Glu GAA   0   0   0   0   0   0 |     GGA   2   2   2   2   2   2
    GTG   1   1   1   1   1   1 |     GCG   0   0   0   0   0   0 |     GAG   1   1   1   1   1   1 |     GGG   0   0   0   0   0   0
--------------------------------------------------------------------------------------------------------------------------------------

--------------------------------------------------------------------------------------------------------------------------------------
Phe TTT   1   1   1   1   1   1 | Ser TCT   1   1   1   1   1   1 | Tyr TAT   0   0   0   0   0   0 | Cys TGT   0   0   0   0   0   0
    TTC   0   0   0   0   0   0 |     TCC   1   1   1   1   1   1 |     TAC   0   0   0   0   0   0 |     TGC   0   0   0   0   0   0
Leu TTA   0   0   0   0   0   0 |     TCA   0   0   0   0   0   0 | *** TAA   0   0   0   0   0   0 | *** TGA   0   0   0   0   0   0
    TTG   1   1   1   1   0   1 |     TCG   0   0   0   0   0   0 |     TAG   0   0   0   0   0   0 | Trp TGG   2   2   2   2   2   2
--------------------------------------------------------------------------------------------------------------------------------------
Leu CTT   0   0   0   0   0   0 | Pro CCT   1   0   1   1   1   1 | His CAT   0   0   0   0   0   0 | Arg CGT   1   1   1   1   1   0
    CTC   2   2   2   2   2   2 |     CCC   1   2   1   1   1   1 |     CAC   0   0   0   0   0   0 |     CGC   0   0   0   0   0   1
    CTA   1   1   1   1   1   0 |     CCA   0   0   0   0   0   0 | Gln CAA   0   0   0   0   0   0 |     CGA   1   1   1   1   1   1
    CTG   2   2   2   2   3   2 |     CCG   0   0   0   0   0   0 |     CAG   0   0   0   0   0   0 |     CGG   0   0   0   0   0   0
--------------------------------------------------------------------------------------------------------------------------------------
Ile ATT   2   2   2   2   2   2 | Thr ACT   1   1   1   2   1   1 | Asn AAT   1   0   1   1   1   1 | Ser AGT   0   0   0   0   0   0
    ATC   2   2   2   2   2   2 |     ACC   0   0   0   0   1   0 |     AAC   1   2   1   1   1   1 |     AGC   2   2   2   2   2   2
    ATA   0   0   0   0   0   0 |     ACA   1   1   1   0   0   1 | Lys AAA   0   0   0   0   0   0 | Arg AGA   0   0   0   0   0   0
Met ATG   2   2   2   2   2   2 |     ACG   0   0   0   0   0   0 |     AAG   0   0   0   0   0   0 |     AGG   0   0   0   0   0   0
--------------------------------------------------------------------------------------------------------------------------------------
Val GTT   0   0   0   0   0   0 | Ala GCT   1   1   1   2   1   1 | Asp GAT   0   0   0   0   0   0 | Gly GGT   1   0   1   1   1   1
    GTC   0   0   0   0   0   0 |     GCC   1   1   1   0   1   0 |     GAC   0   0   0   0   0   0 |     GGC   1   1   1   1   1   1
    GTA   0   0   0   0   0   1 |     GCA   0   0   0   0   0   1 | Glu GAA   0   0   0   0   0   0 |     GGA   2   3   2   2   2   2
    GTG   1   1   1   1   1   1 |     GCG   0   0   0   0   0   0 |     GAG   1   1   1   1   1   1 |     GGG   0   0   0   0   0   0
--------------------------------------------------------------------------------------------------------------------------------------

--------------------------------------------------------------------------------------------------------------------------------------
Phe TTT   1   1   1   1   1   1 | Ser TCT   1   1   0   1   1   1 | Tyr TAT   0   0   0   0   0   0 | Cys TGT   0   0   0   0   0   0
    TTC   0   0   0   0   0   0 |     TCC   1   1   1   1   1   1 |     TAC   0   0   0   0   0   0 |     TGC   0   0   0   0   0   0
Leu TTA   0   0   0   0   0   0 |     TCA   0   0   0   0   0   0 | *** TAA   0   0   0   0   0   0 | *** TGA   0   0   0   0   0   0
    TTG   1   1   1   1   1   1 |     TCG   0   0   1   0   0   0 |     TAG   0   0   0   0   0   0 | Trp TGG   2   2   2   2   2   2
--------------------------------------------------------------------------------------------------------------------------------------
Leu CTT   0   0   0   0   0   0 | Pro CCT   1   1   1   1   0   1 | His CAT   0   0   0   0   0   0 | Arg CGT   1   1   1   0   1   1
    CTC   2   2   2   2   2   2 |     CCC   1   1   1   1   2   1 |     CAC   0   0   0   0   0   0 |     CGC   0   0   0   1   0   0
    CTA   1   1   1   0   1   1 |     CCA   0   0   0   0   0   0 | Gln CAA   0   0   0   0   0   0 |     CGA   1   1   1   1   1   1
    CTG   2   2   2   3   2   2 |     CCG   0   0   0   0   0   0 |     CAG   0   0   0   0   0   0 |     CGG   0   0   0   0   0   0
--------------------------------------------------------------------------------------------------------------------------------------
Ile ATT   2   2   2   2   2   2 | Thr ACT   1   1   1   1   1   2 | Asn AAT   1   1   1   0   1   1 | Ser AGT   0   0   0   0   0   0
    ATC   2   2   2   2   2   2 |     ACC   0   0   0   0   0   0 |     AAC   1   1   1   2   1   1 |     AGC   2   2   2   2   2   2
    ATA   0   0   0   0   0   0 |     ACA   1   1   1   1   1   0 | Lys AAA   0   0   0   0   0   0 | Arg AGA   0   0   0   0   0   0
Met ATG   2   2   2   2   2   2 |     ACG   0   0   0   0   0   0 |     AAG   0   0   0   0   0   0 |     AGG   0   0   0   0   0   0
--------------------------------------------------------------------------------------------------------------------------------------
Val GTT   0   0   0   0   0   0 | Ala GCT   1   1   0   1   1   1 | Asp GAT   0   0   0   0   0   0 | Gly GGT   1   1   1   1   0   1
    GTC   0   0   0   0   0   0 |     GCC   1   1   2   1   1   1 |     GAC   0   0   0   0   0   0 |     GGC   1   1   1   1   1   1
    GTA   0   0   0   0   0   0 |     GCA   0   0   0   0   0   0 | Glu GAA   0   0   0   0   0   0 |     GGA   2   2   2   2   3   2
    GTG   1   1   1   1   1   1 |     GCG   0   0   0   0   0   0 |     GAG   1   1   1   1   1   1 |     GGG   0   0   0   0   0   0
--------------------------------------------------------------------------------------------------------------------------------------

--------------------------------------------------------------------------------------------------------------------------------------
Phe TTT   1   1   0   1   1   1 | Ser TCT   1   1   1   1   1   1 | Tyr TAT   0   0   0   0   0   0 | Cys TGT   0   0   0   0   0   0
    TTC   0   0   1   0   0   0 |     TCC   1   1   1   1   1   1 |     TAC   0   0   0   0   0   0 |     TGC   0   0   0   0   0   0
Leu TTA   0   0   0   1   0   0 |     TCA   0   0   0   0   0   0 | *** TAA   0   0   0   0   0   0 | *** TGA   0   0   0   0   0   0
    TTG   1   1   1   0   1   1 |     TCG   0   0   0   0   0   0 |     TAG   0   0   0   0   0   0 | Trp TGG   2   2   2   2   2   2
--------------------------------------------------------------------------------------------------------------------------------------
Leu CTT   0   0   0   0   0   0 | Pro CCT   1   1   1   1   0   0 | His CAT   0   0   0   0   0   0 | Arg CGT   1   1   1   1   1   1
    CTC   2   2   2   2   2   2 |     CCC   1   1   1   1   2   2 |     CAC   0   0   0   0   0   0 |     CGC   0   0   0   0   0   0
    CTA   1   1   1   1   1   1 |     CCA   0   0   0   0   0   0 | Gln CAA   0   0   0   0   0   0 |     CGA   1   1   1   1   1   1
    CTG   2   2   2   2   2   2 |     CCG   0   0   0   0   0   0 |     CAG   0   0   0   0   0   0 |     CGG   0   0   0   0   0   0
--------------------------------------------------------------------------------------------------------------------------------------
Ile ATT   2   2   2   2   2   2 | Thr ACT   2   2   1   1   1   1 | Asn AAT   1   1   1   1   1   1 | Ser AGT   0   0   0   0   0   0
    ATC   2   2   2   2   2   2 |     ACC   0   0   0   0   0   0 |     AAC   1   1   1   1   1   1 |     AGC   2   2   2   2   2   2
    ATA   0   0   0   0   0   0 |     ACA   0   0   1   1   1   1 | Lys AAA   0   0   0   0   0   0 | Arg AGA   0   0   0   0   0   0
Met ATG   2   2   2   2   2   2 |     ACG   0   0   0   0   0   0 |     AAG   0   0   0   0   0   0 |     AGG   0   0   0   0   0   0
--------------------------------------------------------------------------------------------------------------------------------------
Val GTT   0   0   0   0   0   0 | Ala GCT   1   1   1   1   1   1 | Asp GAT   0   0   0   0   0   0 | Gly GGT   1   1   1   1   1   1
    GTC   0   0   0   1   0   0 |     GCC   1   1   1   1   1   1 |     GAC   0   0   0   0   0   0 |     GGC   1   1   1   1   1   1
    GTA   0   0   0   0   0   0 |     GCA   0   0   0   0   0   0 | Glu GAA   0   0   0   0   0   0 |     GGA   2   1   2   2   2   2
    GTG   1   1   1   0   1   1 |     GCG   0   0   0   0   0   0 |     GAG   1   1   1   1   1   1 |     GGG   0   1   0   0   0   0
--------------------------------------------------------------------------------------------------------------------------------------

Codon position x base (3x4) table for each sequence.

#1: Argali         
position  1:    T:0.17143    C:0.25714    A:0.34286    G:0.22857
position  2:    T:0.40000    C:0.22857    A:0.08571    G:0.28571
position  3:    T:0.28571    C:0.31429    A:0.14286    G:0.25714
Average         T:0.28571    C:0.26667    A:0.19048    G:0.25714

#2: LesserMouseDeer
position  1:    T:0.20000    C:0.25714    A:0.34286    G:0.20000
position  2:    T:0.42857    C:0.22857    A:0.08571    G:0.25714
position  3:    T:0.28571    C:0.28571    A:0.14286    G:0.28571
Average         T:0.30476    C:0.25714    A:0.19048    G:0.24762

#3: LesserKudu     
position  1:    T:0.17143    C:0.25714    A:0.34286    G:0.22857
position  2:    T:0.40000    C:0.22857    A:0.08571    G:0.28571
position  3:    T:0.25714    C:0.34286    A:0.14286    G:0.25714
Average         T:0.27619    C:0.27619    A:0.19048    G:0.25714

#4: ForestMuskDeer2
position  1:    T:0.17143    C:0.25714    A:0.34286    G:0.22857
position  2:    T:0.40000    C:0.22857    A:0.08571    G:0.28571
position  3:    T:0.28571    C:0.34286    A:0.17143    G:0.20000
Average         T:0.28571    C:0.27619    A:0.20000    G:0.23810

#5: Camel          
position  1:    T:0.14286    C:0.28571    A:0.34286    G:0.22857
position  2:    T:0.40000    C:0.22857    A:0.08571    G:0.28571
position  3:    T:0.28571    C:0.28571    A:0.17143    G:0.25714
Average         T:0.27619    C:0.26667    A:0.20000    G:0.25714

#6: KillerWhale    
position  1:    T:0.14286    C:0.28571    A:0.34286    G:0.22857
position  2:    T:0.40000    C:0.22857    A:0.08571    G:0.28571
position  3:    T:0.31429    C:0.28571    A:0.14286    G:0.25714
Average         T:0.28571    C:0.26667    A:0.19048    G:0.25714

#7: DefassaWaterbuck
position  1:    T:0.17143    C:0.25714    A:0.34286    G:0.22857
position  2:    T:0.40000    C:0.22857    A:0.08571    G:0.28571
position  3:    T:0.34286    C:0.28571    A:0.11429    G:0.25714
Average         T:0.30476    C:0.25714    A:0.18095    G:0.25714

#8: Sheep          
position  1:    T:0.17143    C:0.25714    A:0.34286    G:0.22857
position  2:    T:0.40000    C:0.22857    A:0.08571    G:0.28571
position  3:    T:0.28571    C:0.31429    A:0.14286    G:0.25714
Average         T:0.28571    C:0.26667    A:0.19048    G:0.25714

#9: MaxwellsDuiker 
position  1:    T:0.20000    C:0.22857    A:0.34286    G:0.22857
position  2:    T:0.40000    C:0.22857    A:0.08571    G:0.28571
position  3:    T:0.25714    C:0.31429    A:0.14286    G:0.28571
Average         T:0.28571    C:0.25714    A:0.19048    G:0.26667

#10: GazellaPrzewalskyi
position  1:    T:0.17143    C:0.25714    A:0.34286    G:0.22857
position  2:    T:0.40000    C:0.22857    A:0.08571    G:0.28571
position  3:    T:0.31429    C:0.31429    A:0.11429    G:0.25714
Average         T:0.29524    C:0.26667    A:0.18095    G:0.25714

#11: MountainNyala  
position  1:    T:0.17143    C:0.25714    A:0.34286    G:0.22857
position  2:    T:0.40000    C:0.22857    A:0.08571    G:0.28571
position  3:    T:0.28571    C:0.31429    A:0.14286    G:0.25714
Average         T:0.28571    C:0.26667    A:0.19048    G:0.25714

#12: MuntiacusMuntjak
position  1:    T:0.17143    C:0.25714    A:0.34286    G:0.22857
position  2:    T:0.40000    C:0.22857    A:0.08571    G:0.28571
position  3:    T:0.25714    C:0.31429    A:0.14286    G:0.28571
Average         T:0.27619    C:0.26667    A:0.19048    G:0.26667

#13: goat           
position  1:    T:0.17143    C:0.25714    A:0.34286    G:0.22857
position  2:    T:0.40000    C:0.22857    A:0.08571    G:0.28571
position  3:    T:0.28571    C:0.31429    A:0.14286    G:0.25714
Average         T:0.28571    C:0.26667    A:0.19048    G:0.25714

#14: AfricanBuffalo 
position  1:    T:0.17143    C:0.25714    A:0.34286    G:0.22857
position  2:    T:0.40000    C:0.22857    A:0.08571    G:0.28571
position  3:    T:0.22857    C:0.34286    A:0.17143    G:0.25714
Average         T:0.26667    C:0.27619    A:0.20000    G:0.25714

#15: Topi           
position  1:    T:0.17143    C:0.25714    A:0.34286    G:0.22857
position  2:    T:0.40000    C:0.22857    A:0.08571    G:0.28571
position  3:    T:0.31429    C:0.28571    A:0.11429    G:0.28571
Average         T:0.29524    C:0.25714    A:0.18095    G:0.26667

#16: CommonDuiker   
position  1:    T:0.17143    C:0.25714    A:0.34286    G:0.22857
position  2:    T:0.40000    C:0.22857    A:0.08571    G:0.28571
position  3:    T:0.25714    C:0.31429    A:0.14286    G:0.28571
Average         T:0.27619    C:0.26667    A:0.19048    G:0.26667

#17: Suni           
position  1:    T:0.17143    C:0.25714    A:0.34286    G:0.22857
position  2:    T:0.40000    C:0.22857    A:0.08571    G:0.28571
position  3:    T:0.28571    C:0.31429    A:0.14286    G:0.25714
Average         T:0.28571    C:0.26667    A:0.19048    G:0.25714

#18: Springbuck     
position  1:    T:0.17143    C:0.25714    A:0.34286    G:0.22857
position  2:    T:0.40000    C:0.22857    A:0.08571    G:0.28571
position  3:    T:0.28571    C:0.31429    A:0.14286    G:0.25714
Average         T:0.28571    C:0.26667    A:0.19048    G:0.25714

#19: Okapi          
position  1:    T:0.17143    C:0.25714    A:0.34286    G:0.22857
position  2:    T:0.40000    C:0.22857    A:0.08571    G:0.28571
position  3:    T:0.28571    C:0.31429    A:0.14286    G:0.25714
Average         T:0.28571    C:0.26667    A:0.19048    G:0.25714

#20: Giraffe        
position  1:    T:0.17143    C:0.25714    A:0.34286    G:0.22857
position  2:    T:0.40000    C:0.22857    A:0.08571    G:0.28571
position  3:    T:0.28571    C:0.31429    A:0.14286    G:0.25714
Average         T:0.28571    C:0.26667    A:0.19048    G:0.25714

#21: TibetanAntelope
position  1:    T:0.17143    C:0.25714    A:0.34286    G:0.22857
position  2:    T:0.40000    C:0.22857    A:0.08571    G:0.28571
position  3:    T:0.28571    C:0.31429    A:0.14286    G:0.25714
Average         T:0.28571    C:0.26667    A:0.19048    G:0.25714

#22: Sitatunga      
position  1:    T:0.17143    C:0.25714    A:0.34286    G:0.22857
position  2:    T:0.40000    C:0.22857    A:0.08571    G:0.28571
position  3:    T:0.25714    C:0.34286    A:0.14286    G:0.25714
Average         T:0.27619    C:0.27619    A:0.19048    G:0.25714

#23: Oribi          
position  1:    T:0.17143    C:0.25714    A:0.34286    G:0.22857
position  2:    T:0.40000    C:0.22857    A:0.08571    G:0.28571
position  3:    T:0.34286    C:0.28571    A:0.11429    G:0.25714
Average         T:0.30476    C:0.25714    A:0.18095    G:0.25714

#24: BarbarySheep   
position  1:    T:0.17143    C:0.25714    A:0.34286    G:0.22857
position  2:    T:0.40000    C:0.22857    A:0.08571    G:0.28571
position  3:    T:0.28571    C:0.31429    A:0.14286    G:0.25714
Average         T:0.28571    C:0.26667    A:0.19048    G:0.25714

#25: Daviddeer      
position  1:    T:0.17143    C:0.25714    A:0.34286    G:0.22857
position  2:    T:0.40000    C:0.22857    A:0.08571    G:0.28571
position  3:    T:0.28571    C:0.31429    A:0.14286    G:0.25714
Average         T:0.28571    C:0.26667    A:0.19048    G:0.25714

#26: Reindeer       
position  1:    T:0.17143    C:0.25714    A:0.34286    G:0.22857
position  2:    T:0.40000    C:0.22857    A:0.08571    G:0.28571
position  3:    T:0.28571    C:0.31429    A:0.11429    G:0.28571
Average         T:0.28571    C:0.26667    A:0.18095    G:0.26667

#27: Ibex           
position  1:    T:0.17143    C:0.25714    A:0.34286    G:0.22857
position  2:    T:0.40000    C:0.22857    A:0.08571    G:0.28571
position  3:    T:0.28571    C:0.31429    A:0.14286    G:0.25714
Average         T:0.28571    C:0.26667    A:0.19048    G:0.25714

#28: GyrantGazelle  
position  1:    T:0.17143    C:0.25714    A:0.34286    G:0.22857
position  2:    T:0.40000    C:0.22857    A:0.08571    G:0.28571
position  3:    T:0.28571    C:0.31429    A:0.14286    G:0.25714
Average         T:0.28571    C:0.26667    A:0.19048    G:0.25714

#29: Hartebeest     
position  1:    T:0.17143    C:0.25714    A:0.34286    G:0.22857
position  2:    T:0.40000    C:0.22857    A:0.08571    G:0.28571
position  3:    T:0.28571    C:0.31429    A:0.11429    G:0.28571
Average         T:0.28571    C:0.26667    A:0.18095    G:0.26667

#30: Bongo          
position  1:    T:0.17143    C:0.25714    A:0.34286    G:0.22857
position  2:    T:0.40000    C:0.22857    A:0.08571    G:0.28571
position  3:    T:0.25714    C:0.34286    A:0.14286    G:0.25714
Average         T:0.27619    C:0.27619    A:0.19048    G:0.25714

#31: Gerenuk        
position  1:    T:0.17143    C:0.25714    A:0.34286    G:0.22857
position  2:    T:0.40000    C:0.22857    A:0.08571    G:0.28571
position  3:    T:0.34286    C:0.28571    A:0.11429    G:0.25714
Average         T:0.30476    C:0.25714    A:0.18095    G:0.25714

#32: CommonEland    
position  1:    T:0.17143    C:0.25714    A:0.34286    G:0.22857
position  2:    T:0.40000    C:0.22857    A:0.08571    G:0.28571
position  3:    T:0.25714    C:0.34286    A:0.14286    G:0.25714
Average         T:0.27619    C:0.27619    A:0.19048    G:0.25714

#33: MuntiacusReevesi
position  1:    T:0.17143    C:0.25714    A:0.34286    G:0.22857
position  2:    T:0.40000    C:0.22857    A:0.08571    G:0.28571
position  3:    T:0.22857    C:0.34286    A:0.14286    G:0.28571
Average         T:0.26667    C:0.27619    A:0.19048    G:0.26667

#34: HarveysDuiker  
position  1:    T:0.17143    C:0.25714    A:0.34286    G:0.22857
position  2:    T:0.40000    C:0.22857    A:0.08571    G:0.28571
position  3:    T:0.25714    C:0.31429    A:0.14286    G:0.28571
Average         T:0.27619    C:0.26667    A:0.19048    G:0.26667

#35: Pronghorn      
position  1:    T:0.17143    C:0.25714    A:0.34286    G:0.22857
position  2:    T:0.40000    C:0.22857    A:0.08571    G:0.28571
position  3:    T:0.28571    C:0.31429    A:0.14286    G:0.25714
Average         T:0.28571    C:0.26667    A:0.19048    G:0.25714

#36: BlueWildebeest 
position  1:    T:0.17143    C:0.25714    A:0.34286    G:0.22857
position  2:    T:0.40000    C:0.22857    A:0.08571    G:0.28571
position  3:    T:0.34286    C:0.25714    A:0.11429    G:0.28571
Average         T:0.30476    C:0.24762    A:0.18095    G:0.26667

#37: Gemsbok        
position  1:    T:0.17143    C:0.25714    A:0.34286    G:0.22857
position  2:    T:0.40000    C:0.22857    A:0.08571    G:0.28571
position  3:    T:0.28571    C:0.31429    A:0.14286    G:0.25714
Average         T:0.28571    C:0.26667    A:0.19048    G:0.25714

#38: Yak            
position  1:    T:0.17143    C:0.25714    A:0.34286    G:0.22857
position  2:    T:0.40000    C:0.22857    A:0.08571    G:0.28571
position  3:    T:0.20000    C:0.37143    A:0.17143    G:0.25714
Average         T:0.25714    C:0.28571    A:0.20000    G:0.25714

#39: BlueSheep      
position  1:    T:0.17143    C:0.25714    A:0.34286    G:0.22857
position  2:    T:0.40000    C:0.22857    A:0.08571    G:0.28571
position  3:    T:0.28571    C:0.31429    A:0.14286    G:0.25714
Average         T:0.28571    C:0.26667    A:0.19048    G:0.25714

#40: BohorReedbuck  
position  1:    T:0.17143    C:0.25714    A:0.34286    G:0.22857
position  2:    T:0.40000    C:0.22857    A:0.08571    G:0.28571
position  3:    T:0.34286    C:0.28571    A:0.11429    G:0.25714
Average         T:0.30476    C:0.25714    A:0.18095    G:0.25714

#41: KirksDik       
position  1:    T:0.14286    C:0.28571    A:0.34286    G:0.22857
position  2:    T:0.40000    C:0.22857    A:0.08571    G:0.28571
position  3:    T:0.28571    C:0.34286    A:0.11429    G:0.25714
Average         T:0.27619    C:0.28571    A:0.18095    G:0.25714

#42: RoeDeer        
position  1:    T:0.17143    C:0.22857    A:0.34286    G:0.25714
position  2:    T:0.40000    C:0.22857    A:0.08571    G:0.28571
position  3:    T:0.25714    C:0.31429    A:0.17143    G:0.25714
Average         T:0.27619    C:0.25714    A:0.20000    G:0.26667

#43: WhiteLippedDeer
position  1:    T:0.17143    C:0.25714    A:0.34286    G:0.22857
position  2:    T:0.40000    C:0.22857    A:0.08571    G:0.28571
position  3:    T:0.28571    C:0.31429    A:0.14286    G:0.25714
Average         T:0.28571    C:0.26667    A:0.19048    G:0.25714

#44: ThomsonGazelle 
position  1:    T:0.17143    C:0.25714    A:0.34286    G:0.22857
position  2:    T:0.40000    C:0.22857    A:0.08571    G:0.28571
position  3:    T:0.28571    C:0.31429    A:0.14286    G:0.25714
Average         T:0.28571    C:0.26667    A:0.19048    G:0.25714

#45: MuntiacusCrinifrons
position  1:    T:0.17143    C:0.25714    A:0.34286    G:0.22857
position  2:    T:0.40000    C:0.22857    A:0.08571    G:0.28571
position  3:    T:0.22857    C:0.34286    A:0.14286    G:0.28571
Average         T:0.26667    C:0.27619    A:0.19048    G:0.26667

#46: WhiteTailedDeer
position  1:    T:0.17143    C:0.25714    A:0.34286    G:0.22857
position  2:    T:0.40000    C:0.22857    A:0.08571    G:0.28571
position  3:    T:0.22857    C:0.37143    A:0.11429    G:0.28571
Average         T:0.26667    C:0.28571    A:0.18095    G:0.26667

#47: Cattle         
position  1:    T:0.17143    C:0.25714    A:0.34286    G:0.22857
position  2:    T:0.40000    C:0.22857    A:0.08571    G:0.28571
position  3:    T:0.22857    C:0.34286    A:0.17143    G:0.25714
Average         T:0.26667    C:0.27619    A:0.20000    G:0.25714

#48: RoyalAntelope  
position  1:    T:0.17143    C:0.25714    A:0.34286    G:0.22857
position  2:    T:0.40000    C:0.22857    A:0.08571    G:0.28571
position  3:    T:0.31429    C:0.31429    A:0.11429    G:0.25714
Average         T:0.29524    C:0.26667    A:0.18095    G:0.25714

#49: Steenbok       
position  1:    T:0.17143    C:0.25714    A:0.34286    G:0.22857
position  2:    T:0.40000    C:0.22857    A:0.08571    G:0.28571
position  3:    T:0.31429    C:0.31429    A:0.11429    G:0.25714
Average         T:0.29524    C:0.26667    A:0.18095    G:0.25714

#50: Impala         
position  1:    T:0.17143    C:0.25714    A:0.34286    G:0.22857
position  2:    T:0.40000    C:0.22857    A:0.08571    G:0.28571
position  3:    T:0.31429    C:0.31429    A:0.08571    G:0.28571
Average         T:0.29524    C:0.26667    A:0.17143    G:0.26667

#51: Klipspringer   
position  1:    T:0.17143    C:0.25714    A:0.34286    G:0.22857
position  2:    T:0.40000    C:0.22857    A:0.08571    G:0.28571
