CODONML (in paml version 4.10.7, June 2023)  /home/rachel/ruminants_paml/6406-phy-tree/ENSBTAT00000008455.fasta.phy
Model: free dN/dS Ratios for branches,  kappa = 2.000 fixed

Codon frequency model: F3x4
ns =  54  ls = 103

Codon usage in sequences
--------------------------------------------------------------------------------------------------------------------------------------
Phe TTT   2   3   2   2   2   1 | Ser TCT   4   3   4   4   5   5 | Tyr TAT   1   1   1   1   0   0 | Cys TGT   2   2   2   2   2   2
    TTC   1   1   1   1   1   2 |     TCC   1   2   1   1   1   1 |     TAC   1   0   1   1   1   1 |     TGC   1   1   1   1   1   1
Leu TTA   4   3   3   3   3   3 |     TCA   1   1   1   2   1   2 | *** TAA   0   0   0   0   0   0 | *** TGA   0   0   0   0   0   0
    TTG   0   0   0   0   0   0 |     TCG   0   0   0   0   0   0 |     TAG   0   0   0   0   0   0 | Trp TGG   1   1   1   1   1   1
--------------------------------------------------------------------------------------------------------------------------------------
Leu CTT   0   0   0   0   1   0 | Pro CCT   1   1   1   1   0   1 | His CAT   1   1   1   1   1   1 | Arg CGT   0   0   0   0   0   0
    CTC   1   1   1   1   1   2 |     CCC   1   1   1   1   1   1 |     CAC   5   4   5   5   5   4 |     CGC   0   0   0   0   0   0
    CTA   2   3   3   3   2   1 |     CCA   1   1   1   1   1   2 | Gln CAA   1   2   1   1   1   0 |     CGA   1   1   1   1   0   1
    CTG   1   1   1   1   1   1 |     CCG   0   0   0   0   1   0 |     CAG   1   1   1   1   1   1 |     CGG   0   0   0   0   0   0
--------------------------------------------------------------------------------------------------------------------------------------
Ile ATT   4   5   5   6   3   4 | Thr ACT   1   2   1   1   1   0 | Asn AAT   3   3   3   4   3   3 | Ser AGT   4   4   3   2   4   2
    ATC   1   1   1   1   2   2 |     ACC   4   3   4   4   4   4 |     AAC   2   2   2   2   2   3 |     AGC   2   2   3   3   1   4
    ATA   1   1   1   0   0   2 |     ACA   2   2   2   1   2   2 | Lys AAA   7   6   7   7   6   6 | Arg AGA   1   1   1   1   2   1
Met ATG   5   5   5   5   5   4 |     ACG   0   0   0   0   0   1 |     AAG   3   4   3   3   4   4 |     AGG   0   0   0   0   0   0
--------------------------------------------------------------------------------------------------------------------------------------
Val GTT   3   1   2   2   2   2 | Ala GCT   2   2   2   1   1   1 | Asp GAT   1   1   1   1   1   2 | Gly GGT   3   1   2   2   1   2
    GTC   0   0   0   0   0   0 |     GCC   2   2   2   3   4   2 |     GAC   2   2   2   3   2   2 |     GGC   0   0   0   0   0   0
    GTA   0   1   0   0   2   1 |     GCA   3   3   3   3   2   2 | Glu GAA   2   2   2   1   4   1 |     GGA   4   5   5   5   5   6
    GTG   2   2   2   2   2   2 |     GCG   0   0   0   0   0   0 |     GAG   4   3   4   4   3   4 |     GGG   0   2   0   0   1   0
--------------------------------------------------------------------------------------------------------------------------------------

--------------------------------------------------------------------------------------------------------------------------------------
Phe TTT   2   2   1   2   2   1 | Ser TCT   4   4   4   4   4   4 | Tyr TAT   1   1   1   1   2   1 | Cys TGT   2   2   2   2   2   2
    TTC   1   1   1   1   1   2 |     TCC   1   1   1   1   1   2 |     TAC   1   1   1   1   1   1 |     TGC   1   1   1   1   1   1
Leu TTA   4   4   4   4   3   3 |     TCA   1   1   1   1   1   1 | *** TAA   0   0   0   0   0   0 | *** TGA   0   0   0   0   0   0
    TTG   0   0   1   0   0   0 |     TCG   0   0   0   0   0   0 |     TAG   0   0   0   0   0   0 | Trp TGG   1   1   1   1   1   1
--------------------------------------------------------------------------------------------------------------------------------------
Leu CTT   0   0   0   0   0   0 | Pro CCT   1   1   1   1   1   1 | His CAT   1   1   1   2   1   1 | Arg CGT   0   0   0   0   0   0
    CTC   1   1   1   1   1   1 |     CCC   1   1   1   1   1   0 |     CAC   5   5   5   4   5   5 |     CGC   0   0   0   0   0   0
    CTA   2   2   2   2   3   3 |     CCA   1   1   1   1   1   1 | Gln CAA   1   1   1   1   1   1 |     CGA   1   1   1   1   1   1
    CTG   1   1   1   1   1   1 |     CCG   0   0   0   0   0   0 |     CAG   1   1   1   1   1   1 |     CGG   0   0   0   0   0   0
--------------------------------------------------------------------------------------------------------------------------------------
Ile ATT   6   4   4   4   4   4 | Thr ACT   2   1   1   1   1   1 | Asn AAT   3   3   3   3   2   3 | Ser AGT   3   4   3   3   4   4
    ATC   1   1   1   1   1   1 |     ACC   3   4   4   4   4   4 |     AAC   2   2   2   2   2   2 |     AGC   3   2   3   3   2   2
    ATA   1   1   1   0   1   1 |     ACA   2   2   2   2   2   2 | Lys AAA   7   7   7   7   6   7 | Arg AGA   1   1   1   1   2   1
Met ATG   5   5   5   5   5   5 |     ACG   0   0   0   0   0   0 |     AAG   3   3   3   3   3   3 |     AGG   0   0   0   0   0   0
--------------------------------------------------------------------------------------------------------------------------------------
Val GTT   1   3   2   3   3   3 | Ala GCT   2   2   3   2   2   2 | Asp GAT   1   1   1   1   1   1 | Gly GGT   3   3   2   2   2   2
    GTC   0   0   0   0   0   0 |     GCC   2   2   2   2   2   2 |     GAC   2   2   2   2   2   2 |     GGC   0   0   0   0   0   0
    GTA   0   0   0   1   0   0 |     GCA   3   3   3   3   3   3 | Glu GAA   2   2   2   2   2   2 |     GGA   4   4   5   5   5   5
    GTG   2   2   2   2   2   2 |     GCG   0   0   0   0   0   0 |     GAG   4   4   4   4   4   4 |     GGG   0   0   0   0   0   0
--------------------------------------------------------------------------------------------------------------------------------------

--------------------------------------------------------------------------------------------------------------------------------------
Phe TTT   2   2   2   2   2   2 | Ser TCT   4   4   4   4   4   4 | Tyr TAT   1   1   1   1   1   1 | Cys TGT   2   2   2   2   2   2
    TTC   1   1   1   1   1   1 |     TCC   1   1   1   1   1   1 |     TAC   1   1   1   1   1   1 |     TGC   1   1   1   1   1   1
Leu TTA   4   3   4   4   3   4 |     TCA   1   1   1   1   1   1 | *** TAA   0   0   0   0   0   0 | *** TGA   0   0   0   0   0   0
    TTG   0   0   0   0   1   0 |     TCG   0   0   0   0   0   0 |     TAG   0   0   0   0   0   0 | Trp TGG   1   1   1   1   1   1
--------------------------------------------------------------------------------------------------------------------------------------
Leu CTT   0   0   0   0   0   0 | Pro CCT   1   1   1   1   1   1 | His CAT   1   1   1   1   1   1 | Arg CGT   0   0   0   0   0   0
    CTC   1   1   1   1   1   1 |     CCC   1   1   1   1   1   1 |     CAC   5   5   5   5   5   5 |     CGC   0   0   0   0   0   0
    CTA   2   3   2   2   2   2 |     CCA   1   1   1   1   1   1 | Gln CAA   1   1   1   1   1   1 |     CGA   1   1   1   1   1   1
    CTG   1   1   1   1   1   1 |     CCG   0   0   0   0   0   0 |     CAG   1   1   2   1   1   1 |     CGG   0   0   0   0   0   0
--------------------------------------------------------------------------------------------------------------------------------------
Ile ATT   4   4   4   4   3   4 | Thr ACT   1   1   1   1   1   1 | Asn AAT   3   3   3   3   4   2 | Ser AGT   3   4   3   3   3   3
    ATC   1   1   2   1   1   1 |     ACC   4   4   4   4   4   4 |     AAC   2   2   2   2   1   3 |     AGC   3   2   3   3   3   3
    ATA   1   2   0   1   1   1 |     ACA   2   2   2   2   2   2 | Lys AAA   7   7   7   7   7   6 | Arg AGA   1   1   1   1   1   1
Met ATG   5   4   4   5   5   5 |     ACG   0   0   0   0   0   0 |     AAG   3   3   4   3   3   3 |     AGG   0   0   0   0   0   0
--------------------------------------------------------------------------------------------------------------------------------------
Val GTT   3   2   3   3   4   3 | Ala GCT   2   3   2   2   2   2 | Asp GAT   1   1   1   1   1   1 | Gly GGT   3   2   3   2   3   2
    GTC   0   0   0   0   0   0 |     GCC   2   2   2   2   2   2 |     GAC   2   2   2   2   2   2 |     GGC   0   0   0   0   0   0
    GTA   0   0   1   0   0   0 |     GCA   3   3   3   3   3   3 | Glu GAA   2   2   2   2   2   3 |     GGA   4   5   4   5   4   5
    GTG   2   2   2   2   2   2 |     GCG   0   0   0   0   0   0 |     GAG   4   4   2   4   4   4 |     GGG   0   0   0   0   0   0
--------------------------------------------------------------------------------------------------------------------------------------

--------------------------------------------------------------------------------------------------------------------------------------
Phe TTT   1   1   2   2   2   1 | Ser TCT   5   5   4   4   4   4 | Tyr TAT   1   1   1   1   1   1 | Cys TGT   2   2   2   2   2   2
    TTC   1   1   1   1   1   1 |     TCC   1   1   1   1   1   1 |     TAC   1   1   1   1   1   1 |     TGC   1   1   1   1   1   1
Leu TTA   3   3   4   3   4   4 |     TCA   1   1   1   1   1   1 | *** TAA   0   0   0   0   0   0 | *** TGA   0   0   0   0   0   0
    TTG   0   0   0   0   0   0 |     TCG   0   0   0   0   0   0 |     TAG   0   0   0   0   0   0 | Trp TGG   1   1   1   1   1   1
--------------------------------------------------------------------------------------------------------------------------------------
Leu CTT   0   0   0   0   0   1 | Pro CCT   1   1   1   1   1   1 | His CAT   2   1   1   1   1   1 | Arg CGT   0   0   0   0   0   0
    CTC   1   1   1   1   1   1 |     CCC   1   1   1   1   1   1 |     CAC   4   5   5   5   5   5 |     CGC   0   0   0   0   0   0
    CTA   3   3   2   3   2   2 |     CCA   0   1   1   1   1   1 | Gln CAA   1   1   1   1   1   1 |     CGA   1   1   0   1   1   1
    CTG   1   1   1   1   1   1 |     CCG   1   0   0   0   0   0 |     CAG   1   2   1   1   1   1 |     CGG   0   0   0   0   0   0
--------------------------------------------------------------------------------------------------------------------------------------
Ile ATT   4   4   4   4   4   4 | Thr ACT   1   1   1   1   1   1 | Asn AAT   3   3   3   3   3   3 | Ser AGT   4   4   3   3   4   3
    ATC   1   1   1   1   1   1 |     ACC   4   4   4   4   4   4 |     AAC   2   2   2   2   2   2 |     AGC   2   2   3   3   2   3
    ATA   1   1   1   1   1   1 |     ACA   2   2   2   2   2   2 | Lys AAA   7   7   7   7   7   7 | Arg AGA   1   1   2   1   1   1
Met ATG   5   5   5   5   5   5 |     ACG   0   1   0   0   0   0 |     AAG   3   2   3   3   3   3 |     AGG   0   0   0   0   0   0
--------------------------------------------------------------------------------------------------------------------------------------
Val GTT   3   3   3   3   3   3 | Ala GCT   2   2   2   2   2   2 | Asp GAT   1   1   1   1   1   1 | Gly GGT   2   2   3   2   2   3
    GTC   0   0   0   0   0   0 |     GCC   2   2   2   2   2   2 |     GAC   2   3   2   2   2   2 |     GGC   0   0   0   0   0   0
    GTA   0   0   0   0   0   0 |     GCA   2   2   3   3   3   3 | Glu GAA   2   2   2   2   2   2 |     GGA   5   5   4   5   5   4
    GTG   2   2   2   2   2   2 |     GCG   1   1   0   0   0   0 |     GAG   4   2   4   4   4   4 |     GGG   0   0   0   0   0   0
--------------------------------------------------------------------------------------------------------------------------------------

--------------------------------------------------------------------------------------------------------------------------------------
Phe TTT   2   2   2   2   2   2 | Ser TCT   3   4   4   4   4   4 | Tyr TAT   1   1   1   1   1   1 | Cys TGT   2   2   2   2   2   2
    TTC   1   1   1   1   1   1 |     TCC   1   1   1   1   1   1 |     TAC   1   1   1   1   1   1 |     TGC   1   1   1   1   1   1
Leu TTA   3   4   4   4   4   3 |     TCA   1   1   1   1   1   1 | *** TAA   0   0   0   0   0   0 | *** TGA   0   0   0   0   0   0
    TTG   0   0   0   0   0   0 |     TCG   1   0   0   0   0   0 |     TAG   0   0   0   0   0   0 | Trp TGG   1   1   1   1   1   1
--------------------------------------------------------------------------------------------------------------------------------------
Leu CTT   0   0   0   0   0   0 | Pro CCT   1   1   1   1   1   1 | His CAT   1   1   1   1   1   1 | Arg CGT   0   0   0   0   0   0
    CTC   1   1   1   1   1   1 |     CCC   1   1   1   1   1   1 |     CAC   5   5   5   5   5   5 |     CGC   0   0   0   0   0   0
    CTA   3   2   2   2   2   3 |     CCA   1   1   1   1   1   1 | Gln CAA   1   1   1   1   1   1 |     CGA   1   1   1   1   1   1
    CTG   1   1   1   1   1   1 |     CCG   0   0   0   0   0   0 |     CAG   1   1   1   1   2   1 |     CGG   0   0   0   0   0   0
--------------------------------------------------------------------------------------------------------------------------------------
Ile ATT   4   4   4   4   4   4 | Thr ACT   1   1   1   1   1   1 | Asn AAT   3   3   3   3   3   3 | Ser AGT   3   3   3   3   3   3
    ATC   1   1   1   1   2   1 |     ACC   4   4   4   4   4   4 |     AAC   2   2   2   2   2   2 |     AGC   3   3   3   3   3   3
    ATA   1   1   1   1   0   1 |     ACA   2   2   2   2   2   2 | Lys AAA   7   7   7   7   7   7 | Arg AGA   1   1   1   1   1   1
Met ATG   5   5   5   5   4   5 |     ACG   0   0   0   0   0   0 |     AAG   3   3   3   3   4   3 |     AGG   0   0   0   0   0   0
--------------------------------------------------------------------------------------------------------------------------------------
Val GTT   3   3   3   3   3   3 | Ala GCT   2   2   2   2   2   2 | Asp GAT   1   1   1   1   1   1 | Gly GGT   2   2   3   2   3   2
    GTC   0   0   0   0   0   0 |     GCC   2   2   2   2   2   2 |     GAC   2   2   2   2   2   2 |     GGC   0   1   0   0   0   0
    GTA   0   0   0   0   1   0 |     GCA   3   3   3   3   3   3 | Glu GAA   2   2   2   2   2   2 |     GGA   5   4   4   5   4   5
    GTG   2   2   2   2   2   3 |     GCG   0   0   0   0   0   0 |     GAG   4   4   4   4   2   3 |     GGG   0   0   0   0   0   0
--------------------------------------------------------------------------------------------------------------------------------------

--------------------------------------------------------------------------------------------------------------------------------------
Phe TTT   2   2   1   2   2   2 | Ser TCT   4   4   4   4   5   4 | Tyr TAT   1   1   1   1   0   1 | Cys TGT   2   2   2   2   2   2
    TTC   1   1   2   1   1   1 |     TCC   1   1   1   1   1   1 |     TAC   1   1   1   1   1   1 |     TGC   1   1   1   1   1   1
Leu TTA   3   3   3   4   3   4 |     TCA   1   1   1   1   1   1 | *** TAA   0   0   0   0   0   0 | *** TGA   0   0   0   0   0   0
    TTG   1   0   0   0   0   0 |     TCG   0   0   0   0   0   0 |     TAG   0   0   0   0   0   0 | Trp TGG   1   1   1   1   1   1
--------------------------------------------------------------------------------------------------------------------------------------
Leu CTT   0   0   0   0   0   0 | Pro CCT   1   1   1   1   1   1 | His CAT   1   1   1   1   3   1 | Arg CGT   0   0   0   0   0   0
    CTC   1   1   1   1   1   1 |     CCC   1   1   1   1   1   1 |     CAC   5   5   5   5   2   5 |     CGC   0   0   0   0   0   0
    CTA   2   3   3   2   2   2 |     CCA   1   1   1   1   1   1 | Gln CAA   1   1   1   1   0   1 |     CGA   1   1   1   1   1   1
    CTG   1   1   1   1   2   1 |     CCG   0   0   0   0   0   0 |     CAG   1   1   1   1   2   2 |     CGG   0   0   0   0   0   0
--------------------------------------------------------------------------------------------------------------------------------------
Ile ATT   4   4   4   4   4   4 | Thr ACT   1   1   1   1   2   1 | Asn AAT   3   3   3   3   3   3 | Ser AGT   3   3   4   4   3   3
    ATC   1   1   1   1   1   2 |     ACC   4   4   4   4   4   4 |     AAC   1   2   2   2   4   2 |     AGC   4   3   2   2   3   3
    ATA   1   1   1   1   1   0 |     ACA   2   2   2   2   2   2 | Lys AAA   7   7   7   7   6   7 | Arg AGA   1   1   1   1   1   1
Met ATG   5   5   5   5   5   4 |     ACG   0   0   0   0   0   0 |     AAG   3   3   3   3   3   4 |     AGG   0   0   0   0   0   0
--------------------------------------------------------------------------------------------------------------------------------------
Val GTT   3   3   3   3   2   3 | Ala GCT   2   2   2   2   2   2 | Asp GAT   0   1   1   1   1   1 | Gly GGT   2   2   2   2   2   3
    GTC   0   0   0   0   0   0 |     GCC   2   2   2   2   2   2 |     GAC   3   2   2   2   2   2 |     GGC   0   0   0   0   0   0
    GTA   0   0   0   0   0   1 |     GCA   3   3   3   3   3   3 | Glu GAA   2   2   2   2   2   2 |     GGA   5   5   5   5   5   4
    GTG   2   2   2   2   2   2 |     GCG   0   0   0   0   0   0 |     GAG   4   4   4   4   4   2 |     GGG   0   0   0   0   0   0
--------------------------------------------------------------------------------------------------------------------------------------

--------------------------------------------------------------------------------------------------------------------------------------
Phe TTT   2   2   2   2   2   2 | Ser TCT   4   4   4   4   4   4 | Tyr TAT   1   1   1   1   1   1 | Cys TGT   2   2   2   2   2   2
    TTC   1   1   1   1   1   1 |     TCC   1   1   1   1   1   1 |     TAC   1   1   1   1   1   1 |     TGC   1   1   1   1   1   1
Leu TTA   4   2   4   4   4   3 |     TCA   1   1   1   1   1   1 | *** TAA   0   0   0   0   0   0 | *** TGA   0   0   0   0   0   0
    TTG   0   1   0   0   0   0 |     TCG   0   0   0   0   0   0 |     TAG   0   0   0   0   0   0 | Trp TGG   1   1   1   1   1   1
--------------------------------------------------------------------------------------------------------------------------------------
Leu CTT   0   0   0   0   0   0 | Pro CCT   1   1   1   1   1   1 | His CAT   1   1   1   1   1   1 | Arg CGT   0   0   0   0   0   0
    CTC   1   1   1   1   1   1 |     CCC   1   1   1   1   1   1 |     CAC   5   5   5   5   5   5 |     CGC   0   0   0   0   0   0
    CTA   2   3   2   2   2   3 |     CCA   1   1   1   1   1   1 | Gln CAA   1   1   1   1   1   1 |     CGA   1   1   1   1   1   1
    CTG   1   1   1   1   1   1 |     CCG   0   0   0   0   0   0 |     CAG   1   1   1   1   1   1 |     CGG   0   0   0   0   0   0
--------------------------------------------------------------------------------------------------------------------------------------
Ile ATT   4   4   4   5   4   4 | Thr ACT   1   1   1   2   1   1 | Asn AAT   3   3   3   2   3   3 | Ser AGT   4   4   3   3   3   3
    ATC   2   1   1   1   0   1 |     ACC   4   4   4   3   4   4 |     AAC   2   2   2   3   2   2 |     AGC   2   2   3   3   3   3
    ATA   1   1   1   1   2   1 |     ACA   2   2   2   2   2   2 | Lys AAA   7   7   7   7   7   7 | Arg AGA   1   1   1   1   1   1
Met ATG   4   5   5   5   5   5 |     ACG   0   0   0   0   0   0 |     AAG   3   3   3   3   3   3 |     AGG   0   0   0   0   0   0
--------------------------------------------------------------------------------------------------------------------------------------
Val GTT   3   3   3   2   3   3 | Ala GCT   2   2   2   2   2   2 | Asp GAT   1   1   1   1   1   1 | Gly GGT   3   2   3   3   2   2
    GTC   0   0   0   0   0   0 |     GCC   2   2   2   2   2   2 |     GAC   2   2   2   2   2   2 |     GGC   0   0   0   0   0   0
    GTA   0   0   0   0   0   0 |     GCA   3   3   3   3   3   3 | Glu GAA   2   2   2   2   2   3 |     GGA   4   5   4   4   5   5
    GTG   2   2   2   2   2   2 |     GCG   0   0   0   0   0   0 |     GAG   4   4   4   4   4   3 |     GGG   0   0   0   0   0   0
--------------------------------------------------------------------------------------------------------------------------------------

--------------------------------------------------------------------------------------------------------------------------------------
Phe TTT   2   1   1   2   2   2 | Ser TCT   4   4   4   4   4   4 | Tyr TAT   1   1   1   1   1   1 | Cys TGT   2   2   2   2   2   2
    TTC   1   1   2   1   1   1 |     TCC   1   1   1   1   1   1 |     TAC   1   1   1   1   1   1 |     TGC   1   1   1   1   1   1
Leu TTA   3   4   3   4   2   4 |     TCA   1   1   1   1   1   1 | *** TAA   0   0   0   0   0   0 | *** TGA   0   0   0   0   0   0
    TTG   0   1   0   0   1   0 |     TCG   0   0   0   0   0   0 |     TAG   0   0   0   0   0   0 | Trp TGG   1   1   1   1   1   1
--------------------------------------------------------------------------------------------------------------------------------------
Leu CTT   0   0   0   0   0   1 | Pro CCT   1   1   1   1   1   1 | His CAT   1   1   1   1   1   1 | Arg CGT   0   0   0   0   0   0
    CTC   1   1   1   1   1   0 |     CCC   1   1   1   1   1   1 |     CAC   5   5   5   5   5   5 |     CGC   0   0   0   0   0   0
    CTA   3   2   3   2   3   2 |     CCA   1   1   1   1   1   1 | Gln CAA   1   1   1   1   1   1 |     CGA   1   1   1   1   1   1
    CTG   1   1   1   1   1   1 |     CCG   0   0   0   0   0   0 |     CAG   1   1   1   1   1   1 |     CGG   0   0   0   0   0   0
--------------------------------------------------------------------------------------------------------------------------------------
Ile ATT   4   4   4   4   4   4 | Thr ACT   1   1   1   1   1   1 | Asn AAT   3   3   3   3   3   4 | Ser AGT   3   3   4   3   4   3
    ATC   1   1   1   1   1   1 |     ACC   4   4   4   4   4   4 |     AAC   2   2   2   2   2   2 |     AGC   3   3   2   3   2   3
    ATA   1   1   1   1   1   0 |     ACA   2   2   2   2   2   3 | Lys AAA   7   7   7   7   7   7 | Arg AGA   1   1   1   1   1   1
Met ATG   5   5   5   5   5   5 |     ACG   0   0   0   0   0   0 |     AAG   3   3   3   3   3   2 |     AGG   0   0   0   0   0   0
--------------------------------------------------------------------------------------------------------------------------------------
Val GTT   3   3   3   3   3   3 | Ala GCT   2   2   2   2   2   2 | Asp GAT   1   1   1   1   1   1 | Gly GGT   2   2   2   2   2   2
    GTC   0   0   0   0   0   0 |     GCC   2   2   2   2   2   2 |     GAC   2   2   2   2   2   2 |     GGC   0   0   0   1   0   0
    GTA   0   0   0   0   0   0 |     GCA   3   3   3   3   3   3 | Glu GAA   2   2   2   2   2   2 |     GGA   5   5   5   4   5   5
    GTG   2   2   2   2   2   2 |     GCG   0   0   0   0   0   0 |     GAG   4   4   4   4   4   4 |     GGG   0   0   0   0   0   0
--------------------------------------------------------------------------------------------------------------------------------------

--------------------------------------------------------------------------------------------------------------------------------------
Phe TTT   3   2   1   2   2   2 | Ser TCT   4   4   4   4   4   4 | Tyr TAT   1   1   1   1   1   1 | Cys TGT   2   2   2   2   2   2
    TTC   0   1   2   1   1   1 |     TCC   1   1   1   1   1   1 |     TAC   1   1   1   1   1   1 |     TGC   1   1   1   1   1   1
Leu TTA   4   3   4   3   3   3 |     TCA   1   0   1   2   1   1 | *** TAA   0   0   0   0   0   0 | *** TGA   0   0   0   0   0   0
    TTG   0   1   0   0   0   0 |     TCG   0   1   0   0   0   0 |     TAG   0   0   0   0   0   0 | Trp TGG   1   1   1   1   1   1
--------------------------------------------------------------------------------------------------------------------------------------
Leu CTT   0   0   0   0   0   0 | Pro CCT   0   1   1   1   1   1 | His CAT   1   1   1   1   1   1 | Arg CGT   0   0   0   0   0   0
    CTC   1   1   1   1   1   1 |     CCC   1   1   1   1   1   1 |     CAC   5   5   5   5   5   5 |     CGC   1   0   0   0   0   0
    CTA   2   2   2   3   3   3 |     CCA   1   1   1   1   1   1 | Gln CAA   1   1   1   1   1   1 |     CGA   1   1   1   1   1   1
    CTG   1   1   1   1   1   1 |     CCG   0   0   0   0   0   0 |     CAG   1   1   1   1   1   1 |     CGG   0   0   0   0   0   0
--------------------------------------------------------------------------------------------------------------------------------------
Ile ATT   4   4   4   6   4   4 | Thr ACT   1   2   1   1   1   1 | Asn AAT   3   3   3   4   3   3 | Ser AGT   3   3   3   2   3   3
    ATC   1   1   1   1   1   1 |     ACC   4   3   4   4   4   4 |     AAC   2   2   2   2   2   2 |     AGC   3   3   3   3   3   3
    ATA   1   0   1   0   1   1 |     ACA   2   2   2   1   2   2 | Lys AAA   7   7   7   7   7   7 | Arg AGA   1   1   1   1   1   1
Met ATG   5   5   5   5   5   5 |     ACG   0   0   0   0   0   0 |     AAG   3   3   3   3   3   3 |     AGG   0   0   0   0   0   0
--------------------------------------------------------------------------------------------------------------------------------------
Val GTT   3   3   3   2   3   3 | Ala GCT   2   2   2   1   2   2 | Asp GAT   1   1   2   1   1   1 | Gly GGT   2   3   2   2   2   2
    GTC   0   0   0   0   0   0 |     GCC   2   2   2   3   2   2 |     GAC   2   2   2   3   2   2 |     GGC   0   0   0   0   0   0
    GTA   0   1   0   0   0   0 |     GCA   3   3   3   3   3   3 | Glu GAA   2   2   2   1   2   2 |     GGA   5   4   5   5   5   5
    GTG   2   3   2   2   2   2 |     GCG   0   0   0   0   0   0 |     GAG   4   3   3   4   4   4 |     GGG   0   0   0   0   0   0
--------------------------------------------------------------------------------------------------------------------------------------

Codon position x base (3x4) table for each sequence.

#1: Argali         
position  1:    T:0.18447    C:0.15534    A:0.38835    G:0.27184
position  2:    T:0.26214    C:0.22330    A:0.33010    G:0.18447
position  3:    T:0.31068    C:0.23301    A:0.29126    G:0.16505
Average         T:0.25243    C:0.20388    A:0.33657    G:0.20712

#2: LesserMouseDeer
position  1:    T:0.17476    C:0.16505    A:0.39806    G:0.26214
position  2:    T:0.27184    C:0.22330    A:0.31068    G:0.19417
position  3:    T:0.29126    C:0.21359    A:0.31068    G:0.18447
Average         T:0.24595    C:0.20065    A:0.33981    G:0.21359

#3: LesserKudu     
position  1:    T:0.17476    C:0.16505    A:0.39806    G:0.26214
position  2:    T:0.26214    C:0.22330    A:0.33010    G:0.18447
position  3:    T:0.29126    C:0.24272    A:0.30097    G:0.16505
Average         T:0.24272    C:0.21036    A:0.34304    G:0.20388

#4: ForestMuskDeer2
position  1:    T:0.18447    C:0.16505    A:0.38835    G:0.26214
position  2:    T:0.26214    C:0.22330    A:0.33981    G:0.17476
position  3:    T:0.29126    C:0.26214    A:0.28155    G:0.16505
Average         T:0.24595    C:0.21683    A:0.33657    G:0.20065

#5: Camel          
position  1:    T:0.17476    C:0.15534    A:0.37864    G:0.29126
position  2:    T:0.26214    C:0.23301    A:0.33010    G:0.17476
position  3:    T:0.26214    C:0.25243    A:0.30097    G:0.18447
Average         T:0.23301    C:0.21359    A:0.33657    G:0.21683

#6: KillerWhale    
position  1:    T:0.18447    C:0.14563    A:0.40777    G:0.26214
position  2:    T:0.26214    C:0.23301    A:0.31068    G:0.19417
position  3:    T:0.25243    C:0.28155    A:0.29126    G:0.17476
Average         T:0.23301    C:0.22006    A:0.33657    G:0.21036

#7: DefassaWaterbuck
position  1:    T:0.18447    C:0.15534    A:0.40777    G:0.25243
position  2:    T:0.26214    C:0.22330    A:0.33010    G:0.18447
position  3:    T:0.31068    C:0.23301    A:0.29126    G:0.16505
Average         T:0.25243    C:0.20388    A:0.34304    G:0.20065

#8: Sheep          
position  1:    T:0.18447    C:0.15534    A:0.38835    G:0.27184
position  2:    T:0.26214    C:0.22330    A:0.33010    G:0.18447
position  3:    T:0.31068    C:0.23301    A:0.29126    G:0.16505
Average         T:0.25243    C:0.20388    A:0.33657    G:0.20712

#9: MaxwellsDuiker 
position  1:    T:0.18447    C:0.15534    A:0.38835    G:0.27184
position  2:    T:0.25243    C:0.23301    A:0.33010    G:0.18447
position  3:    T:0.28155    C:0.24272    A:0.30097    G:0.17476
Average         T:0.23948    C:0.21036    A:0.33981    G:0.21036

#10: GazellaPrzewalskyi
position  1:    T:0.18447    C:0.15534    A:0.37864    G:0.28155
position  2:    T:0.26214    C:0.22330    A:0.33010    G:0.18447
position  3:    T:0.30097    C:0.23301    A:0.30097    G:0.16505
Average         T:0.24919    C:0.20388    A:0.33657    G:0.21036

#11: MountainNyala  
position  1:    T:0.18447    C:0.16505    A:0.37864    G:0.27184
position  2:    T:0.26214    C:0.22330    A:0.32039    G:0.19417
position  3:    T:0.30097    C:0.23301    A:0.30097    G:0.16505
Average         T:0.24919    C:0.20712    A:0.33333    G:0.21036

#12: MuntiacusMuntjak
position  1:    T:0.18447    C:0.15534    A:0.38835    G:0.27184
position  2:    T:0.26214    C:0.22330    A:0.33010    G:0.18447
position  3:    T:0.29126    C:0.24272    A:0.30097    G:0.16505
Average         T:0.24595    C:0.20712    A:0.33981    G:0.20712

#13: goat           
position  1:    T:0.18447    C:0.15534    A:0.38835    G:0.27184
position  2:    T:0.26214    C:0.22330    A:0.33010    G:0.18447
position  3:    T:0.30097    C:0.24272    A:0.29126    G:0.16505
Average         T:0.24919    C:0.20712    A:0.33657    G:0.20712

#14: AfricanBuffalo 
position  1:    T:0.17476    C:0.16505    A:0.38835    G:0.27184
position  2:    T:0.25243    C:0.23301    A:0.33010    G:0.18447
position  3:    T:0.30097    C:0.23301    A:0.31068    G:0.15534
Average         T:0.24272    C:0.21036    A:0.34304    G:0.20388

#15: Topi           
position  1:    T:0.18447    C:0.16505    A:0.38835    G:0.26214
position  2:    T:0.26214    C:0.22330    A:0.33010    G:0.18447
position  3:    T:0.30097    C:0.25243    A:0.29126    G:0.15534
Average         T:0.24919    C:0.21359    A:0.33657    G:0.20065

#16: CommonDuiker   
position  1:    T:0.18447    C:0.15534    A:0.38835    G:0.27184
position  2:    T:0.26214    C:0.22330    A:0.33010    G:0.18447
position  3:    T:0.29126    C:0.24272    A:0.30097    G:0.16505
Average         T:0.24595    C:0.20712    A:0.33981    G:0.20712

#17: Suni           
position  1:    T:0.18447    C:0.15534    A:0.37864    G:0.28155
position  2:    T:0.26214    C:0.22330    A:0.33010    G:0.18447
position  3:    T:0.31068    C:0.23301    A:0.28155    G:0.17476
Average         T:0.25243    C:0.20388    A:0.33010    G:0.21359

#18: Springbuck     
position  1:    T:0.18447    C:0.15534    A:0.37864    G:0.28155
position  2:    T:0.26214    C:0.22330    A:0.33010    G:0.18447
position  3:    T:0.28155    C:0.25243    A:0.30097    G:0.16505
Average         T:0.24272    C:0.21036    A:0.33657    G:0.21036

#19: Okapi          
position  1:    T:0.17476    C:0.16505    A:0.38835    G:0.27184
position  2:    T:0.25243    C:0.23301    A:0.33010    G:0.18447
position  3:    T:0.31068    C:0.22330    A:0.28155    G:0.18447
Average         T:0.24595    C:0.20712    A:0.33333    G:0.21359

#20: Giraffe        
position  1:    T:0.17476    C:0.17476    A:0.38835    G:0.26214
position  2:    T:0.25243    C:0.24272    A:0.32039    G:0.18447
position  3:    T:0.30097    C:0.24272    A:0.29126    G:0.16505
Average         T:0.24272    C:0.22006    A:0.33333    G:0.20388

#21: TibetanAntelope
position  1:    T:0.18447    C:0.14563    A:0.39806    G:0.27184
position  2:    T:0.26214    C:0.22330    A:0.33010    G:0.18447
position  3:    T:0.30097    C:0.24272    A:0.29126    G:0.16505
Average         T:0.24919    C:0.20388    A:0.33981    G:0.20712

#22: Sitatunga      
position  1:    T:0.17476    C:0.16505    A:0.38835    G:0.27184
position  2:    T:0.26214    C:0.22330    A:0.33010    G:0.18447
position  3:    T:0.29126    C:0.24272    A:0.30097    G:0.16505
Average         T:0.24272    C:0.21036    A:0.33981    G:0.20712

#23: Oribi          
position  1:    T:0.18447    C:0.15534    A:0.38835    G:0.27184
position  2:    T:0.26214    C:0.22330    A:0.33010    G:0.18447
position  3:    T:0.30097    C:0.23301    A:0.30097    G:0.16505
Average         T:0.24919    C:0.20388    A:0.33981    G:0.20712

#24: BarbarySheep   
position  1:    T:0.17476    C:0.16505    A:0.38835    G:0.27184
position  2:    T:0.26214    C:0.22330    A:0.33010    G:0.18447
position  3:    T:0.30097    C:0.24272    A:0.29126    G:0.16505
Average         T:0.24595    C:0.21036    A:0.33657    G:0.20712

#25: Daviddeer      
position  1:    T:0.17476    C:0.16505    A:0.38835    G:0.27184
position  2:    T:0.26214    C:0.22330    A:0.33010    G:0.18447
position  3:    T:0.28155    C:0.24272    A:0.30097    G:0.17476
Average         T:0.23948    C:0.21036    A:0.33981    G:0.21036

#26: Reindeer       
position  1:    T:0.18447    C:0.15534    A:0.38835    G:0.27184
position  2:    T:0.26214    C:0.22330    A:0.33010    G:0.18447
position  3:    T:0.29126    C:0.25243    A:0.29126    G:0.16505
Average         T:0.24595    C:0.21036    A:0.33657    G:0.20712

#27: Ibex           
position  1:    T:0.18447    C:0.15534    A:0.38835    G:0.27184
position  2:    T:0.26214    C:0.22330    A:0.33010    G:0.18447
position  3:    T:0.30097    C:0.24272    A:0.29126    G:0.16505
Average         T:0.24919    C:0.20712    A:0.33657    G:0.20712

#28: GyrantGazelle  
position  1:    T:0.18447    C:0.15534    A:0.38835    G:0.27184
position  2:    T:0.26214    C:0.22330    A:0.33010    G:0.18447
position  3:    T:0.29126    C:0.24272    A:0.30097    G:0.16505
Average         T:0.24595    C:0.20712    A:0.33981    G:0.20712

#29: Hartebeest     
position  1:    T:0.18447    C:0.16505    A:0.38835    G:0.26214
position  2:    T:0.26214    C:0.22330    A:0.33010    G:0.18447
position  3:    T:0.30097    C:0.25243    A:0.29126    G:0.15534
Average         T:0.24919    C:0.21359    A:0.33657    G:0.20065

#30: Bongo          
position  1:    T:0.17476    C:0.16505    A:0.38835    G:0.27184
position  2:    T:0.27184    C:0.22330    A:0.32039    G:0.18447
position  3:    T:0.29126    C:0.24272    A:0.30097    G:0.16505
Average         T:0.24595    C:0.21036    A:0.33657    G:0.20712

#31: Gerenuk        
position  1:    T:0.18447    C:0.15534    A:0.38835    G:0.27184
position  2:    T:0.26214    C:0.22330    A:0.32039    G:0.19417
position  3:    T:0.28155    C:0.25243    A:0.29126    G:0.17476
Average         T:0.24272    C:0.21036    A:0.33333    G:0.21359

#32: CommonEland    
position  1:    T:0.17476    C:0.16505    A:0.38835    G:0.27184
position  2:    T:0.26214    C:0.22330    A:0.33010    G:0.18447
position  3:    T:0.29126    C:0.24272    A:0.30097    G:0.16505
Average         T:0.24272    C:0.21036    A:0.33981    G:0.20712

#33: MuntiacusReevesi
position  1:    T:0.17476    C:0.16505    A:0.38835    G:0.27184
position  2:    T:0.26214    C:0.22330    A:0.33010    G:0.18447
position  3:    T:0.29126    C:0.24272    A:0.30097    G:0.16505
Average         T:0.24272    C:0.21036    A:0.33981    G:0.20712

#34: HarveysDuiker  
position  1:    T:0.18447    C:0.15534    A:0.38835    G:0.27184
position  2:    T:0.26214    C:0.22330    A:0.33010    G:0.18447
position  3:    T:0.30097    C:0.23301    A:0.30097    G:0.16505
Average         T:0.24919    C:0.20388    A:0.33981    G:0.20712

#35: Pronghorn      
position  1:    T:0.17476    C:0.15534    A:0.40777    G:0.26214
position  2:    T:0.25243    C:0.24272    A:0.32039    G:0.18447
position  3:    T:0.31068    C:0.23301    A:0.27184    G:0.18447
Average         T:0.24595    C:0.21036    A:0.33333    G:0.21036

#36: BlueWildebeest 
position  1:    T:0.18447    C:0.16505    A:0.38835    G:0.26214
position  2:    T:0.26214    C:0.22330    A:0.33010    G:0.18447
position  3:    T:0.30097    C:0.25243    A:0.29126    G:0.15534
Average         T:0.24919    C:0.21359    A:0.33657    G:0.20065

#37: Gemsbok        
position  1:    T:0.18447    C:0.15534    A:0.38835    G:0.27184
position  2:    T:0.26214    C:0.22330    A:0.33010    G:0.18447
position  3:    T:0.31068    C:0.24272    A:0.29126    G:0.15534
Average         T:0.25243    C:0.20712    A:0.33657    G:0.20388

#38: Yak            
position  1:    T:0.17476    C:0.16505    A:0.38835    G:0.27184
position  2:    T:0.26214    C:0.22330    A:0.33010    G:0.18447
position  3:    T:0.30097    C:0.23301    A:0.29126    G:0.17476
Average         T:0.24595    C:0.20712    A:0.33657    G:0.21036

#39: BlueSheep      
position  1:    T:0.18447    C:0.15534    A:0.38835    G:0.27184
position  2:    T:0.26214    C:0.22330    A:0.33010    G:0.18447
position  3:    T:0.30097    C:0.24272    A:0.29126    G:0.16505
Average         T:0.24919    C:0.20712    A:0.33657    G:0.20712

#40: BohorReedbuck  
position  1:    T:0.18447    C:0.15534    A:0.39806    G:0.26214
position  2:    T:0.26214    C:0.22330    A:0.33010    G:0.18447
position  3:    T:0.30097    C:0.24272    A:0.29126    G:0.16505
Average         T:0.24919    C:0.20712    A:0.33981    G:0.20388

#41: KirksDik       
position  1:    T:0.18447    C:0.15534    A:0.38835    G:0.27184
position  2:    T:0.26214    C:0.22330    A:0.33010    G:0.18447
position  3:    T:0.29126    C:0.23301    A:0.31068    G:0.16505
Average         T:0.24595    C:0.20388    A:0.34304    G:0.20712

#42: RoeDeer        
position  1:    T:0.17476    C:0.16505    A:0.38835    G:0.27184
position  2:    T:0.26214    C:0.22330    A:0.33010    G:0.18447
position  3:    T:0.29126    C:0.24272    A:0.31068    G:0.15534
Average         T:0.24272    C:0.21036    A:0.34304    G:0.20388

#43: WhiteLippedDeer
position  1:    T:0.17476    C:0.16505    A:0.38835    G:0.27184
position  2:    T:0.26214    C:0.22330    A:0.33010    G:0.18447
position  3:    T:0.29126    C:0.24272    A:0.30097    G:0.16505
Average         T:0.24272    C:0.21036    A:0.33981    G:0.20712

#44: ThomsonGazelle 
position  1:    T:0.18447    C:0.15534    A:0.38835    G:0.27184
position  2:    T:0.26214    C:0.22330    A:0.33010    G:0.18447
position  3:    T:0.28155    C:0.24272    A:0.30097    G:0.17476
Average         T:0.24272    C:0.20712    A:0.33981    G:0.21036

#45: MuntiacusCrinifrons
position  1:    T:0.17476    C:0.16505    A:0.38835    G:0.27184
position  2:    T:0.26214    C:0.22330    A:0.33010    G:0.18447
position  3:    T:0.29126    C:0.24272    A:0.30097    G:0.16505
Average         T:0.24272    C:0.21036    A:0.33981    G:0.20712

#46: WhiteTailedDeer
position  1:    T:0.18447    C:0.15534    A:0.38835    G:0.27184
position  2:    T:0.26214    C:0.22330    A:0.33010    G:0.18447
position  3:    T:0.29126    C:0.25243    A:0.29126    G:0.16505
Average         T:0.24595    C:0.21036    A:0.33657    G:0.20712

#47: Cattle         
position  1:    T:0.17476    C:0.16505    A:0.38835    G:0.27184
position  2:    T:0.26214    C:0.22330    A:0.33010    G:0.18447
position  3:    T:0.30097    C:0.23301    A:0.29126    G:0.17476
Average         T:0.24595    C:0.20712    A:0.33657    G:0.21036

#48: RoyalAntelope  
position  1:    T:0.18447    C:0.15534    A:0.38835    G:0.27184
position  2:    T:0.25243    C:0.23301    A:0.33010    G:0.18447
position  3:    T:0.31068    C:0.23301    A:0.30097    G:0.15534
Average         T:0.24919    C:0.20712    A:0.33981    G:0.20388

#49: Steenbok       
position  1:    T:0.18447    C:0.15534    A:0.38835    G:0.27184
position  2:    T:0.26214    C:0.21359    A:0.33010    G:0.19417
position  3:    T:0.29126    C:0.24272    A:0.30097    G:0.16505
Average         T:0.24595    C:0.20388    A:0.33981    G:0.21036

#50: Impala         
position  1:    T:0.18447    C:0.15534    A:0.37864    G:0.28155
position  2:    T:0.27184    C:0.22330    A:0.32039    G:0.18447
position  3:    T:0.31068    C:0.23301    A:0.27184    G:0.18447
Average         T:0.25566    C:0.20388    A:0.32362    G:0.21683

#51: Klipspringer   
position  1:    T:0.18447    C:0.15534    A:0.38835    G:0.27184
position  2:    T:0.26214    C:0.22330    A:0.33010    G:0.18447
