1
52 1
Argali 0.000000 0.293600 0.090000 0.341100 0.021400 0.000000 0.021500 0.089500 0.064600 0.197000 0.043700 0.087100 0.021300 0.043300 0.021300 0.066100 0.117600 0.193700 0.043600 0.064500 0.090600 0.021400 0.220400 0.258600 0.043700 0.143700 0.021400 0.064600 0.111800 0.065600 0.224600 0.021500 0.116800 0.021400 0.066300 0.087100 0.043800 0.065700 0.069100 0.170100 0.196800 0.143200 0.224000 0.285300 0.087100 0.043500 0.089100 0.043000 0.043500 0.132300 0.110100 0.086700
LesserMous 0.293600 0.000000 0.235500 0.458100 0.261400 0.293600 0.232400 0.294200 0.203700 0.355700 0.234200 0.177100 0.232100 0.204500 0.324200 0.262400 0.392200 0.352300 0.293900 0.177100 0.292500 0.261400 0.384700 0.356000 0.234200 0.358300 0.261400 0.203700 0.261100 0.180900 0.389900 0.232400 0.431700 0.261400 0.262100 0.177100 0.293300 0.260600 0.271500 0.358900 0.360000 0.359000 0.388300 0.322300 0.177100 0.233000 0.292300 0.230000 0.234200 0.280100 0.176500 0.229500
LesserKudu 0.090000 0.235500 0.000000 0.406700 0.065600 0.090000 0.065600 0.089200 0.020900 0.194900 0.088900 0.042200 0.065200 0.088400 0.113700 0.065800 0.168300 0.249000 0.089400 0.020800 0.090100 0.065600 0.218700 0.254900 0.088900 0.142200 0.065600 0.020900 0.064900 0.021100 0.222400 0.065600 0.225000 0.065600 0.164800 0.042200 0.089700 0.112500 0.068300 0.226200 0.196300 0.142300 0.221900 0.222800 0.042200 0.088900 0.088700 0.042700 0.089500 0.131700 0.064000 0.042000
KillerWhal 0.341100 0.458100 0.406700 0.000000 0.304500 0.341100 0.303600 0.411800 0.362700 0.535900 0.273400 0.326900 0.303500 0.270700 0.304500 0.372500 0.456000 0.370100 0.304000 0.361800 0.409800 0.304500 0.479300 0.530300 0.273400 0.493000 0.304500 0.362700 0.438000 0.367300 0.479500 0.303600 0.544800 0.304500 0.375500 0.326900 0.341200 0.303000 0.387200 0.590800 0.539100 0.493900 0.578200 0.562900 0.326900 0.272500 0.371100 0.332600 0.406900 0.316400 0.433400 0.393400
DefassaWat 0.021400 0.261400 0.065600 0.304500 0.000000 0.021400 0.000200 0.065300 0.042000 0.166800 0.021300 0.063600 0.000100 0.021100 0.037700 0.042900 0.091400 0.164400 0.021300 0.041900 0.066000 0.000000 0.189600 0.225000 0.021300 0.115800 0.000000 0.042000 0.087100 0.042600 0.193000 0.000200 0.141700 0.000000 0.089200 0.063600 0.021300 0.042600 0.044700 0.196200 0.169000 0.115500 0.192500 0.250700 0.063600 0.021200 0.065000 0.021000 0.065800 0.107700 0.085700 0.063400
Sheep 0.000000 0.293600 0.090000 0.341100 0.021400 0.000000 0.021500 0.089500 0.064600 0.197000 0.043700 0.087100 0.021300 0.043300 0.021300 0.066100 0.117600 0.193700 0.043600 0.064500 0.090600 0.021400 0.220400 0.258600 0.043700 0.143700 0.021400 0.064600 0.111800 0.065600 0.224600 0.021500 0.116800 0.021400 0.066300 0.087100 0.043800 0.065700 0.069100 0.170100 0.196800 0.143200 0.224000 0.285300 0.087100 0.043500 0.089100 0.043000 0.043500 0.132300 0.110100 0.086700
MaxwellsDu 0.021500 0.232400 0.065600 0.303600 0.000200 0.021500 0.000000 0.065600 0.042100 0.141100 0.021300 0.063900 0.000100 0.020900 0.043200 0.043000 0.091700 0.165000 0.021400 0.041700 0.066000 0.000200 0.163500 0.196000 0.021300 0.115700 0.000200 0.042100 0.087300 0.042300 0.166500 0.000000 0.142300 0.000200 0.089200 0.063900 0.021400 0.042800 0.053800 0.169100 0.142200 0.115800 0.166000 0.221100 0.063900 0.021300 0.065200 0.020900 0.043100 0.107700 0.086100 0.063600
GazellaPrz 0.089500 0.294200 0.089200 0.411800 0.065300 0.089500 0.065600 0.000000 0.064100 0.194200 0.089400 0.086500 0.065200 0.088500 0.113100 0.021000 0.167700 0.248600 0.089100 0.064000 0.043100 0.065300 0.218000 0.255300 0.089400 0.090700 0.065300 0.064100 0.064000 0.065200 0.221700 0.065600 0.224300 0.065300 0.164800 0.086500 0.089300 0.112000 0.021900 0.225300 0.197100 0.090500 0.221100 0.282300 0.086500 0.088900 0.042500 0.042600 0.138500 0.131800 0.109500 0.086200
MountainNy 0.064600 0.203700 0.020900 0.362700 0.042000 0.064600 0.042100 0.064100 0.000000 0.162700 0.064500 0.020300 0.041900 0.063900 0.087100 0.042100 0.137600 0.213300 0.064300 0.000100 0.064700 0.042000 0.185500 0.219300 0.064500 0.113500 0.042000 0.000000 0.041600 0.000200 0.188300 0.042100 0.190300 0.042000 0.135500 0.020300 0.064400 0.086200 0.043800 0.191300 0.164900 0.113200 0.188000 0.189700 0.020300 0.064200 0.063800 0.020600 0.064600 0.105900 0.041000 0.020200
MuntiacusM 0.197000 0.355700 0.194900 0.535900 0.166800 0.197000 0.141100 0.194200 0.162700 0.000000 0.196200 0.188100 0.140200 0.166400 0.224100 0.167000 0.293000 0.387500 0.195400 0.136800 0.196600 0.166800 0.067500 0.094800 0.196200 0.203100 0.166800 0.162700 0.217700 0.138800 0.022200 0.141100 0.291700 0.166800 0.223400 0.188100 0.196600 0.221200 0.175200 0.070100 0.045900 0.202600 0.022200 0.118700 0.188100 0.194900 0.193200 0.139400 0.195500 0.237000 0.214200 0.186900
goat 0.043700 0.234200 0.088900 0.273400 0.021300 0.043700 0.021300 0.089400 0.064500 0.196200 0.000000 0.042100 0.021200 0.000300 0.066200 0.066000 0.117300 0.139700 0.043600 0.064200 0.090100 0.021300 0.219700 0.197100 0.000000 0.142000 0.021300 0.064500 0.111800 0.065300 0.223800 0.021300 0.170300 0.021300 0.114100 0.042100 0.043700 0.065500 0.068500 0.198100 0.197400 0.142100 0.223000 0.222200 0.042100 0.000100 0.089000 0.042800 0.089500 0.085400 0.110000 0.086700
AfricanBuf 0.087100 0.177100 0.042200 0.326900 0.063600 0.087100 0.063900 0.086500 0.020300 0.188100 0.042100 0.000000 0.063600 0.041700 0.110100 0.063800 0.162500 0.185000 0.086700 0.020300 0.087100 0.063600 0.211400 0.189900 0.042100 0.137500 0.063600 0.020300 0.063100 0.020700 0.214600 0.063900 0.217200 0.063600 0.160100 0.000000 0.086900 0.109000 0.066400 0.190100 0.190700 0.137100 0.214200 0.161900 0.000000 0.041900 0.086100 0.041600 0.087100 0.083200 0.062300 0.040900
Topi 0.021300 0.232100 0.065200 0.303500 0.000100 0.021300 0.000100 0.065200 0.041900 0.140200 0.021200 0.063600 0.000000 0.020900 0.043000 0.042800 0.091200 0.164400 0.021200 0.041300 0.065800 0.000100 0.162700 0.195200 0.021200 0.115300 0.000100 0.041900 0.086900 0.042200 0.165600 0.000100 0.141500 0.000100 0.088700 0.063600 0.021300 0.042500 0.044400 0.168100 0.141500 0.115500 0.165100 0.220300 0.063600 0.021100 0.064900 0.020800 0.042900 0.107300 0.085600 0.063300
CommonDuik 0.043300 0.204500 0.088400 0.270700 0.021100 0.043300 0.020900 0.088500 0.063900 0.166400 0.000300 0.041700 0.020900 0.000000 0.065500 0.065200 0.115900 0.138100 0.043200 0.063200 0.088900 0.021100 0.189200 0.167200 0.000300 0.140200 0.021100 0.063900 0.110600 0.064300 0.192600 0.020900 0.168100 0.021100 0.112800 0.041700 0.043300 0.064900 0.079000 0.168000 0.167900 0.140300 0.192000 0.191500 0.041700 0.000300 0.088100 0.042400 0.065300 0.084500 0.108900 0.085900
Suni 0.021300 0.324200 0.113700 0.304500 0.037700 0.021300 0.043200 0.113100 0.087100 0.224100 0.066200 0.110100 0.043000 0.065500 0.000000 0.089000 0.142200 0.220300 0.066000 0.086900 0.114300 0.043100 0.190300 0.288000 0.066200 0.169500 0.043100 0.087100 0.135700 0.088400 0.252700 0.043200 0.141400 0.043100 0.089200 0.110100 0.066200 0.088500 0.093000 0.196500 0.224500 0.169000 0.252000 0.315600 0.110100 0.065900 0.112500 0.065100 0.065800 0.107700 0.133700 0.109500
Springbuck 0.066100 0.262400 0.065800 0.372500 0.042900 0.066100 0.043000 0.021000 0.042100 0.167000 0.066000 0.063800 0.042800 0.065200 0.089000 0.000000 0.141500 0.219200 0.065800 0.042000 0.021300 0.042900 0.190000 0.225400 0.066000 0.067100 0.042900 0.042100 0.042000 0.042700 0.193300 0.043000 0.195600 0.042900 0.138600 0.063800 0.066000 0.088000 0.000100 0.196700 0.169300 0.066900 0.192800 0.251400 0.063800 0.065600 0.020900 0.021000 0.113400 0.107800 0.086000 0.063500
Okapi 0.117600 0.392200 0.168300 0.456000 0.091400 0.117600 0.091700 0.167700 0.137600 0.293000 0.117300 0.162500 0.091200 0.115900 0.142200 0.141500 0.000000 0.068700 0.116900 0.137500 0.169700 0.091400 0.316800 0.363500 0.117300 0.231300 0.091400 0.137600 0.191000 0.139500 0.324300 0.091700 0.148000 0.091400 0.197300 0.162500 0.117600 0.140700 0.148200 0.329800 0.297100 0.230600 0.322700 0.391300 0.162500 0.116600 0.167100 0.114900 0.169000 0.211400 0.187600 0.161600
Giraffe 0.193700 0.352300 0.249000 0.370100 0.164400 0.193700 0.165000 0.248600 0.213300 0.387500 0.139700 0.185000 0.164400 0.138100 0.220300 0.219200 0.068700 0.000000 0.165600 0.213400 0.250100 0.164400 0.340800 0.317600 0.139700 0.318500 0.164400 0.213300 0.272900 0.216900 0.423300 0.165000 0.228600 0.164400 0.281200 0.185000 0.193900 0.163500 0.229300 0.390800 0.321000 0.317300 0.420900 0.344200 0.185000 0.139000 0.189900 0.189600 0.249600 0.235000 0.268400 0.239200
TibetanAnt 0.043600 0.293900 0.089400 0.304000 0.021300 0.043600 0.021400 0.089100 0.064300 0.195400 0.043600 0.086700 0.021200 0.043200 0.066000 0.065800 0.116900 0.165600 0.000000 0.064200 0.089900 0.021300 0.190800 0.226600 0.043600 0.142200 0.021300 0.064300 0.111400 0.065300 0.222700 0.021400 0.169500 0.021300 0.114200 0.086700 0.043600 0.065300 0.068600 0.226400 0.170000 0.141700 0.222100 0.252400 0.086700 0.043400 0.065500 0.042800 0.089600 0.132400 0.109600 0.086400
Sitatunga 0.064500 0.177100 0.020800 0.361800 0.041900 0.064500 0.041700 0.064000 0.000100 0.136800 0.064200 0.020300 0.041300 0.063200 0.086900 0.042000 0.137500 0.213400 0.064200 0.000000 0.064500 0.041900 0.159300 0.190400 0.064200 0.113100 0.041900 0.000100 0.041500 0.000100 0.161700 0.041700 0.190100 0.041900 0.134700 0.020300 0.064300 0.086100 0.043500 0.164100 0.138200 0.113200 0.161300 0.162300 0.020300 0.063900 0.063700 0.020400 0.042200 0.105400 0.041000 0.020200
Oribi 0.090600 0.292500 0.090100 0.409800 0.066000 0.090600 0.066000 0.043100 0.064700 0.196600 0.090100 0.087100 0.065800 0.088900 0.114300 0.021300 0.169700 0.250100 0.089900 0.064500 0.000000 0.066000 0.220000 0.257700 0.090100 0.044800 0.066000 0.064700 0.064600 0.065500 0.224000 0.066000 0.226300 0.066000 0.166300 0.087100 0.090200 0.113000 0.000100 0.228300 0.199300 0.044700 0.223600 0.284500 0.087100 0.089700 0.042900 0.043000 0.139800 0.132000 0.110100 0.086700
BarbaryShe 0.021400 0.261400 0.065600 0.304500 0.000000 0.021400 0.000200 0.065300 0.042000 0.166800 0.021300 0.063600 0.000100 0.021100 0.043100 0.042900 0.091400 0.164400 0.021300 0.041900 0.066000 0.000000 0.189600 0.225000 0.021300 0.115800 0.000000 0.042000 0.087100 0.042600 0.193000 0.000200 0.141700 0.000000 0.089200 0.063600 0.021300 0.042600 0.044700 0.196200 0.169000 0.115500 0.192500 0.250700 0.063600 0.021200 0.065000 0.021000 0.065800 0.107700 0.085700 0.063400
Daviddeer 0.220400 0.384700 0.218700 0.479300 0.189600 0.220400 0.163500 0.218000 0.185500 0.067500 0.219700 0.211400 0.162700 0.189200 0.190300 0.190000 0.316800 0.340800 0.190800 0.159300 0.220000 0.189600 0.000000 0.068100 0.219700 0.227200 0.189600 0.185500 0.241700 0.161700 0.090900 0.163500 0.315800 0.189600 0.247200 0.211400 0.219700 0.245100 0.199000 0.092500 0.022000 0.226500 0.090700 0.091000 0.211400 0.218300 0.162000 0.161800 0.219000 0.205300 0.238200 0.210000
Reindeer 0.258600 0.356000 0.254900 0.530300 0.225000 0.258600 0.196000 0.255300 0.219300 0.094800 0.197100 0.189900 0.195200 0.167200 0.288000 0.225400 0.363500 0.317600 0.226600 0.190400 0.257700 0.225000 0.068100 0.000000 0.197100 0.265100 0.225000 0.219300 0.280000 0.211000 0.119800 0.196000 0.333000 0.225000 0.285400 0.189900 0.258200 0.284400 0.235200 0.095900 0.046000 0.265700 0.119500 0.021500 0.189900 0.195800 0.195000 0.193600 0.254900 0.212800 0.275300 0.245300
Ibex 0.043700 0.234200 0.088900 0.273400 0.021300 0.043700 0.021300 0.089400 0.064500 0.196200 0.000000 0.042100 0.021200 0.000300 0.066200 0.066000 0.117300 0.139700 0.043600 0.064200 0.090100 0.021300 0.219700 0.197100 0.000000 0.142000 0.021300 0.064500 0.111800 0.065300 0.223800 0.021300 0.170300 0.021300 0.114100 0.042100 0.043700 0.065500 0.068500 0.198100 0.197400 0.142100 0.223000 0.222200 0.042100 0.000100 0.089000 0.042800 0.089500 0.085400 0.110000 0.086700
GyrantGaze 0.143700 0.358300 0.142200 0.493000 0.115800 0.143700 0.115700 0.090700 0.113500 0.203100 0.142000 0.137500 0.115300 0.140200 0.169500 0.067100 0.231300 0.318500 0.142200 0.113100 0.044800 0.115800 0.227200 0.265100 0.142000 0.000000 0.115800 0.113500 0.113100 0.114600 0.231600 0.115700 0.294100 0.115800 0.225700 0.137500 0.142800 0.167300 0.045600 0.236600 0.204900 0.000100 0.231200 0.292800 0.137500 0.141200 0.090200 0.090200 0.196700 0.183300 0.162400 0.136600
Hartebeest 0.021400 0.261400 0.065600 0.304500 0.000000 0.021400 0.000200 0.065300 0.042000 0.166800 0.021300 0.063600 0.000100 0.021100 0.043100 0.042900 0.091400 0.164400 0.021300 0.041900 0.066000 0.000000 0.189600 0.225000 0.021300 0.115800 0.000000 0.042000 0.087100 0.042600 0.193000 0.000200 0.141700 0.000000 0.089200 0.063600 0.021300 0.042600 0.044700 0.196200 0.169000 0.115500 0.192500 0.250700 0.063600 0.021200 0.065000 0.021000 0.065800 0.107700 0.085700 0.063400
Bongo 0.064600 0.203700 0.020900 0.362700 0.042000 0.064600 0.042100 0.064100 0.000000 0.162700 0.064500 0.020300 0.041900 0.063900 0.087100 0.042100 0.137600 0.213300 0.064300 0.000100 0.064700 0.042000 0.185500 0.219300 0.064500 0.113500 0.042000 0.000000 0.041600 0.000200 0.188300 0.042100 0.190300 0.042000 0.135500 0.020300 0.064400 0.086200 0.043800 0.191300 0.164900 0.113200 0.188000 0.189700 0.020300 0.064200 0.063800 0.020600 0.064600 0.105900 0.041000 0.020200
Gerenuk 0.111800 0.261100 0.064900 0.438000 0.087100 0.111800 0.087300 0.064000 0.041600 0.217700 0.111800 0.063100 0.086900 0.110600 0.135700 0.042000 0.191000 0.272900 0.111400 0.041500 0.064600 0.087100 0.241700 0.280000 0.111800 0.113100 0.087100 0.041600 0.000000 0.042300 0.245400 0.087300 0.248300 0.087100 0.188100 0.063100 0.111600 0.134300 0.043800 0.249400 0.220900 0.112700 0.244900 0.247300 0.063100 0.111200 0.063800 0.064000 0.111700 0.154200 0.085100 0.062900
CommonElan 0.065600 0.180900 0.021100 0.367300 0.042600 0.065600 0.042300 0.065200 0.000200 0.138800 0.065300 0.020700 0.042200 0.064300 0.088400 0.042700 0.139500 0.216900 0.065300 0.000100 0.065500 0.042600 0.161700 0.211000 0.065300 0.114600 0.042600 0.000200 0.042300 0.000000 0.164100 0.042300 0.167700 0.042600 0.136900 0.020700 0.065300 0.087500 0.044200 0.166400 0.140200 0.114700 0.163600 0.182800 0.020700 0.065000 0.064800 0.020700 0.042900 0.085100 0.041800 0.020500
MuntiacusR 0.224600 0.389900 0.222400 0.479500 0.193000 0.224600 0.166500 0.221700 0.188300 0.022200 0.223800 0.214600 0.165600 0.192600 0.252700 0.193300 0.324300 0.423300 0.222700 0.161700 0.224000 0.193000 0.090900 0.119800 0.223800 0.231600 0.193000 0.188300 0.245400 0.164100 0.000000 0.166500 0.323100 0.193000 0.251900 0.214600 0.224000 0.249500 0.202600 0.094300 0.069500 0.230900 0.044700 0.144200 0.214600 0.222300 0.220300 0.164600 0.222900 0.264700 0.241800 0.213200
HarveysDui 0.021500 0.232400 0.065600 0.303600 0.000200 0.021500 0.000000 0.065600 0.042100 0.141100 0.021300 0.063900 0.000100 0.020900 0.043200 0.043000 0.091700 0.165000 0.021400 0.041700 0.066000 0.000200 0.163500 0.196000 0.021300 0.115700 0.000200 0.042100 0.087300 0.042300 0.166500 0.000000 0.142300 0.000200 0.089200 0.063900 0.021400 0.042800 0.053800 0.169100 0.142200 0.115800 0.166000 0.221100 0.063900 0.021300 0.065200 0.020900 0.043100 0.107700 0.086100 0.063600
Pronghorn 0.116800 0.431700 0.225000 0.544800 0.141700 0.116800 0.142300 0.224300 0.190300 0.291700 0.170300 0.217200 0.141500 0.168100 0.141400 0.195600 0.148000 0.228600 0.169500 0.190100 0.226300 0.141700 0.315800 0.333000 0.170300 0.294100 0.141700 0.190300 0.248300 0.167700 0.323100 0.142300 0.000000 0.141700 0.115900 0.217200 0.170400 0.194200 0.205200 0.261000 0.293500 0.292800 0.321400 0.361100 0.217200 0.169100 0.223300 0.166700 0.168200 0.214100 0.215700 0.215700
BlueWildeb 0.021400 0.261400 0.065600 0.304500 0.000000 0.021400 0.000200 0.065300 0.042000 0.166800 0.021300 0.063600 0.000100 0.021100 0.043100 0.042900 0.091400 0.164400 0.021300 0.041900 0.066000 0.000000 0.189600 0.225000 0.021300 0.115800 0.000000 0.042000 0.087100 0.042600 0.193000 0.000200 0.141700 0.000000 0.089200 0.063600 0.021300 0.042600 0.044700 0.196200 0.169000 0.115500 0.192500 0.250700 0.063600 0.021200 0.065000 0.021000 0.065800 0.107700 0.085700 0.063400
Gemsbok 0.066300 0.262100 0.164800 0.375500 0.089200 0.066300 0.089200 0.164800 0.135500 0.223400 0.114100 0.160100 0.088700 0.112800 0.089200 0.138600 0.197300 0.281200 0.114200 0.134700 0.166300 0.089200 0.247200 0.285400 0.114100 0.225700 0.089200 0.135500 0.188100 0.136900 0.251900 0.089200 0.115900 0.089200 0.000000 0.160100 0.114600 0.137800 0.144400 0.196000 0.220900 0.226200 0.251100 0.312600 0.160100 0.113400 0.163800 0.112200 0.113200 0.207500 0.133700 0.159200
Yak 0.087100 0.177100 0.042200 0.326900 0.063600 0.087100 0.063900 0.086500 0.020300 0.188100 0.042100 0.000000 0.063600 0.041700 0.110100 0.063800 0.162500 0.185000 0.086700 0.020300 0.087100 0.063600 0.211400 0.189900 0.042100 0.137500 0.063600 0.020300 0.063100 0.020700 0.214600 0.063900 0.217200 0.063600 0.160100 0.000000 0.086900 0.109000 0.066400 0.190100 0.190700 0.137100 0.214200 0.161900 0.000000 0.041900 0.086100 0.041600 0.087100 0.083200 0.062300 0.040900
BlueSheep 0.043800 0.293300 0.089700 0.341200 0.021300 0.043800 0.021400 0.089300 0.064400 0.196600 0.043700 0.086900 0.021300 0.043300 0.066200 0.066000 0.117600 0.193900 0.043600 0.064300 0.090200 0.021300 0.219700 0.258200 0.043700 0.142800 0.021300 0.064400 0.111600 0.065300 0.224000 0.021400 0.170400 0.021300 0.114600 0.086900 0.000000 0.057700 0.068900 0.227700 0.199200 0.142300 0.223300 0.284500 0.086900 0.043500 0.089000 0.043000 0.089900 0.132500 0.109700 0.086500
BohorReedb 0.065700 0.260600 0.112500 0.303000 0.042600 0.065700 0.042800 0.112000 0.086200 0.221200 0.065500 0.109000 0.042500 0.064900 0.088500 0.088000 0.140700 0.163500 0.065300 0.086100 0.113000 0.042600 0.245100 0.284400 0.065500 0.167300 0.042600 0.086200 0.134300 0.087500 0.249500 0.042800 0.194200 0.042600 0.137800 0.109000 0.057700 0.000000 0.091900 0.253600 0.224500 0.166700 0.248800 0.311700 0.109000 0.065200 0.111400 0.064500 0.112800 0.154700 0.132500 0.108500
KirksDik 0.069100 0.271500 0.068300 0.387200 0.044700 0.069100 0.053800 0.021900 0.043800 0.175200 0.068500 0.066400 0.044400 0.079000 0.093000 0.000100 0.148200 0.229300 0.068600 0.043500 0.000100 0.044700 0.199000 0.235200 0.068500 0.045600 0.044700 0.043800 0.043800 0.044200 0.202600 0.053800 0.205200 0.044700 0.144400 0.066400 0.068900 0.091900 0.000000 0.206600 0.176500 0.045700 0.202300 0.262200 0.066400 0.068100 0.021800 0.021800 0.117900 0.111500 0.089500 0.066100
RoeDeer 0.170100 0.358900 0.226200 0.590800 0.196200 0.170100 0.169100 0.225300 0.191300 0.070100 0.198100 0.190100 0.168100 0.168000 0.196500 0.196700 0.329800 0.390800 0.226400 0.164100 0.228300 0.196200 0.092500 0.095900 0.198100 0.236600 0.196200 0.191300 0.249400 0.166400 0.094300 0.169100 0.261000 0.196200 0.196000 0.190100 0.227700 0.253600 0.206600 0.000000 0.064900 0.235900 0.079400 0.120100 0.190100 0.196800 0.224000 0.167300 0.168900 0.239000 0.245300 0.216300
WhiteLippe 0.196800 0.360000 0.196300 0.539100 0.169000 0.196800 0.142200 0.197100 0.164900 0.045900 0.197400 0.190700 0.141500 0.167900 0.224500 0.169300 0.297100 0.321000 0.170000 0.138200 0.199300 0.169000 0.022000 0.046000 0.197400 0.204900 0.169000 0.164900 0.220900 0.140200 0.069500 0.142200 0.293500 0.169000 0.220900 0.190700 0.199200 0.224500 0.176500 0.064900 0.000000 0.205300 0.069300 0.069200 0.190700 0.196400 0.141400 0.140700 0.193100 0.240000 0.217300 0.189400
ThomsonGaz 0.143200 0.359000 0.142300 0.493900 0.115500 0.143200 0.115800 0.090500 0.113200 0.202600 0.142100 0.137100 0.115500 0.140300 0.169000 0.066900 0.230600 0.317300 0.141700 0.113200 0.044700 0.115500 0.226500 0.265700 0.142100 0.000100 0.115500 0.113200 0.112700 0.114700 0.230900 0.115800 0.292800 0.115500 0.226200 0.137100 0.142300 0.166700 0.045700 0.235900 0.205300 0.000000 0.230500 0.293500 0.137100 0.141400 0.090000 0.090400 0.197000 0.183500 0.161900 0.136200
MuntiacusC 0.224000 0.388300 0.221900 0.578200 0.192500 0.224000 0.166000 0.221100 0.188000 0.022200 0.223000 0.214200 0.165100 0.192000 0.252000 0.192800 0.322700 0.420900 0.222100 0.161300 0.223600 0.192500 0.090700 0.119500 0.223000 0.231200 0.192500 0.188000 0.244900 0.163600 0.044700 0.166000 0.321400 0.192500 0.251100 0.214200 0.223300 0.248800 0.202300 0.079400 0.069300 0.230500 0.000000 0.143800 0.214200 0.221600 0.219800 0.164200 0.222300 0.263800 0.241200 0.212700
WhiteTaile 0.285300 0.322300 0.222800 0.562900 0.250700 0.285300 0.221100 0.282300 0.189700 0.118700 0.222200 0.161900 0.220300 0.191500 0.315600 0.251400 0.391300 0.344200 0.252400 0.162300 0.284500 0.250700 0.091000 0.021500 0.222200 0.292800 0.250700 0.189700 0.247300 0.182800 0.144200 0.221100 0.361100 0.250700 0.312600 0.161900 0.284500 0.311700 0.262200 0.120100 0.069200 0.293500 0.143800 0.000000 0.161900 0.220700 0.220200 0.218600 0.222900 0.237500 0.243500 0.214800
Cattle 0.087100 0.177100 0.042200 0.326900 0.063600 0.087100 0.063900 0.086500 0.020300 0.188100 0.042100 0.000000 0.063600 0.041700 0.110100 0.063800 0.162500 0.185000 0.086700 0.020300 0.087100 0.063600 0.211400 0.189900 0.042100 0.137500 0.063600 0.020300 0.063100 0.020700 0.214600 0.063900 0.217200 0.063600 0.160100 0.000000 0.086900 0.109000 0.066400 0.190100 0.190700 0.137100 0.214200 0.161900 0.000000 0.041900 0.086100 0.041600 0.087100 0.083200 0.062300 0.040900
RoyalAntel 0.043500 0.233000 0.088900 0.272500 0.021200 0.043500 0.021300 0.088900 0.064200 0.194900 0.000100 0.041900 0.021100 0.000300 0.065900 0.065600 0.116600 0.139000 0.043400 0.063900 0.089700 0.021200 0.218300 0.195800 0.000100 0.141200 0.021200 0.064200 0.111200 0.065000 0.222300 0.021300 0.169100 0.021200 0.113400 0.041900 0.043500 0.065200 0.068100 0.196800 0.196400 0.141400 0.221600 0.220700 0.041900 0.000000 0.088600 0.042600 0.089100 0.085000 0.109500 0.086300
Steenbok 0.089100 0.292300 0.088700 0.371100 0.065000 0.089100 0.065200 0.042500 0.063800 0.193200 0.089000 0.086100 0.064900 0.088100 0.112500 0.020900 0.167100 0.189900 0.065500 0.063700 0.042900 0.065000 0.162000 0.195000 0.089000 0.090200 0.065000 0.063800 0.063800 0.064800 0.220300 0.065200 0.223300 0.065000 0.163800 0.086100 0.089000 0.111400 0.021800 0.224000 0.141400 0.090000 0.219800 0.220200 0.086100 0.088600 0.000000 0.042400 0.137700 0.131300 0.108800 0.085700
Impala 0.043000 0.230000 0.042700 0.332600 0.021000 0.043000 0.020900 0.042600 0.020600 0.139400 0.042800 0.041600 0.020800 0.042400 0.065100 0.021000 0.114900 0.189600 0.042800 0.020400 0.043000 0.021000 0.161800 0.193600 0.042800 0.090200 0.021000 0.020600 0.064000 0.020700 0.164600 0.020900 0.166700 0.021000 0.112200 0.041600 0.043000 0.064500 0.021800 0.167300 0.140700 0.090400 0.164200 0.218600 0.041600 0.042600 0.042400 0.000000 0.088200 0.084100 0.063000 0.041400
Klipspring 0.043500 0.234200 0.089500 0.406900 0.065800 0.043500 0.043100 0.138500 0.064600 0.195500 0.089500 0.087100 0.042900 0.065300 0.065800 0.113400 0.169000 0.249600 0.089600 0.042200 0.139800 0.065800 0.219000 0.254900 0.089500 0.196700 0.065800 0.064600 0.111700 0.042900 0.222900 0.043100 0.168200 0.065800 0.113200 0.087100 0.089900 0.112800 0.117900 0.168900 0.193100 0.197000 0.222300 0.222900 0.087100 0.089100 0.137700 0.088200 0.000000 0.181000 0.110200 0.086700
ForestMusk 0.132300 0.280100 0.131700 0.316400 0.107700 0.132300 0.107700 0.131800 0.105900 0.237000 0.085400 0.083200 0.107300 0.084500 0.107700 0.107800 0.211400 0.235000 0.132400 0.105400 0.132000 0.107700 0.205300 0.212800 0.085400 0.183300 0.107700 0.105900 0.154200 0.085100 0.264700 0.107700 0.214100 0.107700 0.207500 0.083200 0.132500 0.154700 0.111500 0.239000 0.240000 0.183500 0.263800 0.237500 0.083200 0.085000 0.131300 0.084100 0.181000 0.000000 0.152200 0.128400
Bushbuck 0.110100 0.176500 0.064000 0.433400 0.085700 0.110100 0.086100 0.109500 0.041000 0.214200 0.110000 0.062300 0.085600 0.108900 0.133700 0.086000 0.187600 0.268400 0.109600 0.041000 0.110100 0.085700 0.238200 0.275300 0.110000 0.162400 0.085700 0.041000 0.085100 0.041800 0.241800 0.086100 0.215700 0.085700 0.133700 0.062300 0.109700 0.132500 0.089500 0.245300 0.217300 0.161900 0.241200 0.243500 0.062300 0.109500 0.108800 0.063000 0.110200 0.152200 0.000000 0.062100
GreaterKud 0.086700 0.229500 0.042000 0.393400 0.063400 0.086700 0.063600 0.086200 0.020200 0.186900 0.086700 0.040900 0.063300 0.085900 0.109500 0.063500 0.161600 0.239200 0.086400 0.020200 0.086700 0.063400 0.210000 0.245300 0.086700 0.136600 0.063400 0.020200 0.062900 0.020500 0.213200 0.063600 0.215700 0.063400 0.159200 0.040900 0.086500 0.108500 0.066100 0.216300 0.189400 0.136200 0.212700 0.214800 0.040900 0.086300 0.085700 0.041400 0.086700 0.128400 0.062100 0.000000
