CODONML (in paml version 4.10.7, June 2023)  /home/rachel/ruminants_paml/6406-phy-tree/ENSBTAT00000015208.fasta.phy
Model: free dN/dS Ratios for branches,  kappa = 2.000 fixed

Codon frequency model: F3x4
ns =  54  ls = 109

Codon usage in sequences
--------------------------------------------------------------------------------------------------------------------------------------
Phe TTT   1   1   1   1   1   1 | Ser TCT   1   1   1   1   1   1 | Tyr TAT   2   2   2   2   2   2 | Cys TGT   1   1   1   1   0   1
    TTC   2   2   2   2   2   2 |     TCC   1   1   1   1   1   1 |     TAC   0   0   0   0   0   0 |     TGC   0   0   0   0   1   0
Leu TTA   0   0   0   0   0   0 |     TCA   0   1   0   0   0   0 | *** TAA   0   0   0   0   0   0 | *** TGA   0   0   0   0   0   0
    TTG   0   0   0   0   0   0 |     TCG   0   0   0   0   0   0 |     TAG   0   0   0   0   0   0 | Trp TGG   1   1   1   1   1   1
--------------------------------------------------------------------------------------------------------------------------------------
Leu CTT   1   2   1   1   1   2 | Pro CCT   6   6   6   6   6   6 | His CAT   0   0   1   0   1   0 | Arg CGT   0   1   0   0   1   1
    CTC   3   2   2   3   2   2 |     CCC   1   0   1   1   1   1 |     CAC   4   4   3   4   4   4 |     CGC   0   0   0   0   0   1
    CTA   2   1   3   2   1   0 |     CCA   2   3   2   2   2   2 | Gln CAA   1   1   1   3   1   1 |     CGA   3   3   3   3   3   3
    CTG   3   4   3   3   5   5 |     CCG   0   0   0   0   0   0 |     CAG  10  10  10   8  10  10 |     CGG   3   2   3   3   1   1
--------------------------------------------------------------------------------------------------------------------------------------
Ile ATT   3   4   3   4   5   5 | Thr ACT   1   2   1   1   1   1 | Asn AAT   1   0   1   1   1   0 | Ser AGT   0   1   0   0   0   0
    ATC   5   4   5   4   3   3 |     ACC   1   0   1   1   1   1 |     AAC   1   2   1   1   1   2 |     AGC   2   1   2   2   2   2
    ATA   0   0   0   0   0   0 |     ACA   0   0   0   0   0   0 | Lys AAA   0   0   0   0   0   0 | Arg AGA   0   0   0   0   0   0
Met ATG   0   0   0   0   0   0 |     ACG   0   0   0   0   0   0 |     AAG   4   4   4   4   4   4 |     AGG   0   0   0   0   0   0
--------------------------------------------------------------------------------------------------------------------------------------
Val GTT   0   0   0   0   0   0 | Ala GCT   5   4   5   5   5   6 | Asp GAT   4   3   4   5   5   4 | Gly GGT   3   2   3   3   3   2
    GTC   2   3   2   2   2   2 |     GCC   4   5   4   4   3   4 |     GAC   3   4   3   2   2   3 |     GGC   2   1   2   2   1   1
    GTA   2   1   2   2   2   2 |     GCA   4   2   4   4   4   4 | Glu GAA   3   4   3   3   4   4 |     GGA   2   1   2   2   2   1
    GTG   4   4   4   4   4   4 |     GCG   0   1   0   0   1   0 |     GAG   2   2   2   2   1   1 |     GGG   3   5   3   3   4   5
--------------------------------------------------------------------------------------------------------------------------------------

--------------------------------------------------------------------------------------------------------------------------------------
Phe TTT   1   1   1   1   1   1 | Ser TCT   1   1   1   1   1   1 | Tyr TAT   2   2   2   2   2   1 | Cys TGT   1   1   1   1   1   1
    TTC   2   2   2   2   2   2 |     TCC   1   1   1   1   1   1 |     TAC   0   0   0   0   0   1 |     TGC   0   0   0   0   0   0
Leu TTA   0   0   0   1   0   0 |     TCA   0   0   0   0   0   0 | *** TAA   0   0   0   0   0   0 | *** TGA   0   0   0   0   0   0
    TTG   0   0   0   0   0   0 |     TCG   0   0   0   0   0   0 |     TAG   0   0   0   0   0   0 | Trp TGG   1   1   1   1   1   1
--------------------------------------------------------------------------------------------------------------------------------------
Leu CTT   1   1   1   2   1   1 | Pro CCT   5   6   6   6   6   6 | His CAT   1   0   0   0   0   1 | Arg CGT   0   0   0   0   0   0
    CTC   3   3   3   2   3   3 |     CCC   2   1   1   1   1   1 |     CAC   3   4   4   4   4   3 |     CGC   0   0   0   0   0   0
    CTA   2   2   2   1   2   1 |     CCA   2   2   2   2   2   2 | Gln CAA   1   1   1   1   1   1 |     CGA   3   3   3   3   3   2
    CTG   3   3   3   3   3   4 |     CCG   0   0   0   0   0   0 |     CAG  10  10  10  10  10  10 |     CGG   3   3   3   3   3   4
--------------------------------------------------------------------------------------------------------------------------------------
Ile ATT   3   3   3   3   5   4 | Thr ACT   0   1   1   1   1   1 | Asn AAT   1   1   1   1   1   1 | Ser AGT   0   0   0   0   0   0
    ATC   5   5   5   5   3   4 |     ACC   2   1   1   1   1   1 |     AAC   1   1   1   1   1   1 |     AGC   2   2   2   2   2   2
    ATA   0   0   0   0   0   0 |     ACA   0   0   0   0   0   0 | Lys AAA   0   0   0   0   0   0 | Arg AGA   0   0   0   0   0   0
Met ATG   0   0   0   0   0   0 |     ACG   0   0   0   0   0   0 |     AAG   4   4   4   4   4   4 |     AGG   0   0   0   0   0   0
--------------------------------------------------------------------------------------------------------------------------------------
Val GTT   0   0   0   0   0   0 | Ala GCT   5   5   4   5   5   5 | Asp GAT   4   4   4   4   3   4 | Gly GGT   3   3   3   2   3   3
    GTC   2   2   2   2   2   2 |     GCC   4   4   5   4   4   4 |     GAC   3   3   3   3   3   3 |     GGC   2   2   2   2   2   2
    GTA   2   2   2   2   2   1 |     GCA   4   4   4   4   4   3 | Glu GAA   3   3   3   3   3   3 |     GGA   2   2   2   3   2   1
    GTG   4   4   4   4   4   5 |     GCG   0   0   0   0   0   1 |     GAG   2   2   2   2   3   2 |     GGG   3   3   3   3   3   4
--------------------------------------------------------------------------------------------------------------------------------------

--------------------------------------------------------------------------------------------------------------------------------------
Phe TTT   1   1   1   1   1   1 | Ser TCT   1   1   1   1   1   1 | Tyr TAT   2   2   2   2   2   2 | Cys TGT   1   1   1   1   1   1
    TTC   2   2   2   2   2   2 |     TCC   1   1   1   1   1   1 |     TAC   0   0   0   0   0   0 |     TGC   0   0   0   0   0   0
Leu TTA   0   0   0   0   0   1 |     TCA   0   0   0   0   0   0 | *** TAA   0   0   0   0   0   0 | *** TGA   0   0   0   0   0   0
    TTG   0   0   0   0   0   0 |     TCG   0   0   0   0   0   0 |     TAG   0   0   0   0   0   0 | Trp TGG   1   1   1   1   1   1
--------------------------------------------------------------------------------------------------------------------------------------
Leu CTT   1   1   1   1   1   1 | Pro CCT   5   6   6   6   6   5 | His CAT   0   0   1   0   1   1 | Arg CGT   0   0   0   0   0   0
    CTC   3   4   3   3   3   3 |     CCC   1   1   1   1   1   1 |     CAC   4   4   3   4   3   3 |     CGC   0   0   0   0   0   0
    CTA   2   2   2   2   2   1 |     CCA   3   2   2   2   2   2 | Gln CAA   1   1   1   1   1   1 |     CGA   3   2   3   3   3   3
    CTG   3   2   3   3   3   3 |     CCG   0   0   0   0   0   1 |     CAG  10  10  10  10  10  10 |     CGG   3   3   3   3   3   3
--------------------------------------------------------------------------------------------------------------------------------------
Ile ATT   3   4   2   3   4   3 | Thr ACT   1   2   1   1   1   1 | Asn AAT   1   1   2   1   1   1 | Ser AGT   0   0   0   0   0   0
    ATC   5   4   5   5   4   5 |     ACC   1   0   1   1   1   1 |     AAC   1   1   0   1   1   1 |     AGC   2   2   2   2   2   2
    ATA   0   0   0   0   0   0 |     ACA   0   0   0   0   0   0 | Lys AAA   0   0   0   0   0   0 | Arg AGA   0   1   0   0   0   0
Met ATG   0   0   0   0   0   0 |     ACG   0   0   0   0   0   0 |     AAG   4   4   4   4   4   4 |     AGG   0   0   0   0   0   0
--------------------------------------------------------------------------------------------------------------------------------------
Val GTT   0   0   1   0   0   0 | Ala GCT   5   5   5   5   5   5 | Asp GAT   4   4   4   4   4   4 | Gly GGT   3   3   3   3   3   3
    GTC   2   2   2   2   2   2 |     GCC   4   4   4   4   4   4 |     GAC   3   3   3   3   3   3 |     GGC   2   2   2   2   2   2
    GTA   2   1   2   2   2   2 |     GCA   4   5   4   4   3   4 | Glu GAA   3   2   3   3   3   3 |     GGA   2   2   2   2   3   2
    GTG   4   4   4   4   4   4 |     GCG   0   0   0   0   0   0 |     GAG   2   3   2   2   2   2 |     GGG   3   3   3   3   3   3
--------------------------------------------------------------------------------------------------------------------------------------

--------------------------------------------------------------------------------------------------------------------------------------
Phe TTT   1   1   1   1   0   1 | Ser TCT   1   1   1   1   1   1 | Tyr TAT   1   2   2   2   2   2 | Cys TGT   1   1   1   1   1   1
    TTC   2   2   2   2   3   2 |     TCC   0   0   1   1   1   1 |     TAC   1   0   0   0   0   0 |     TGC   0   0   0   0   0   0
Leu TTA   0   0   0   0   1   0 |     TCA   1   1   0   0   0   0 | *** TAA   0   0   0   0   0   0 | *** TGA   0   0   0   0   0   0
    TTG   0   0   0   0   0   0 |     TCG   0   0   0   0   0   0 |     TAG   0   0   0   0   0   0 | Trp TGG   1   1   1   1   1   1
--------------------------------------------------------------------------------------------------------------------------------------
Leu CTT   1   1   1   1   1   1 | Pro CCT   6   6   6   6   5   6 | His CAT   1   1   0   0   0   0 | Arg CGT   0   0   0   0   0   0
    CTC   3   3   3   3   3   3 |     CCC   1   1   1   1   1   1 |     CAC   3   3   4   4   4   4 |     CGC   0   0   0   0   0   0
    CTA   2   2   3   2   1   2 |     CCA   2   2   2   2   3   2 | Gln CAA   2   2   1   1   0   1 |     CGA   3   3   3   3   3   3
    CTG   3   3   2   3   3   3 |     CCG   0   0   0   0   0   0 |     CAG   9   9  10  10  10  10 |     CGG   3   3   3   3   3   3
--------------------------------------------------------------------------------------------------------------------------------------
Ile ATT   4   4   3   5   3   3 | Thr ACT   1   1   1   1   0   1 | Asn AAT   1   1   1   1   1   1 | Ser AGT   0   0   0   0   0   0
    ATC   4   4   5   3   5   5 |     ACC   1   1   1   1   2   1 |     AAC   1   1   1   1   1   1 |     AGC   2   2   2   2   2   2
    ATA   0   0   0   0   0   0 |     ACA   1   1   0   0   0   0 | Lys AAA   0   0   0   0   0   0 | Arg AGA   0   0   0   0   0   0
Met ATG   0   0   0   0   0   0 |     ACG   0   0   0   0   0   0 |     AAG   4   4   4   4   4   4 |     AGG   0   0   0   0   0   0
--------------------------------------------------------------------------------------------------------------------------------------
Val GTT   0   0   0   0   0   0 | Ala GCT   4   6   5   5   5   5 | Asp GAT   4   4   4   4   4   4 | Gly GGT   3   3   3   3   3   3
    GTC   2   2   2   2   2   2 |     GCC   5   3   4   4   4   4 |     GAC   3   3   3   3   3   3 |     GGC   2   2   2   2   2   2
    GTA   3   2   2   2   2   2 |     GCA   3   3   4   4   4   4 | Glu GAA   3   3   3   3   4   3 |     GGA   2   2   2   2   2   2
    GTG   3   4   4   4   4   4 |     GCG   0   0   0   0   0   0 |     GAG   2   2   2   2   2   2 |     GGG   3   3   3   3   3   3
--------------------------------------------------------------------------------------------------------------------------------------

--------------------------------------------------------------------------------------------------------------------------------------
Phe TTT   0   1   1   1   1   1 | Ser TCT   1   1   1   2   1   1 | Tyr TAT   1   1   2   2   2   2 | Cys TGT   1   1   1   1   1   1
    TTC   3   2   2   2   2   2 |     TCC   1   1   1   1   1   1 |     TAC   1   1   0   0   0   0 |     TGC   0   0   0   0   0   0
Leu TTA   0   0   0   1   0   0 |     TCA   0   0   0   0   0   0 | *** TAA   0   0   0   0   0   0 | *** TGA   0   0   0   0   0   0
    TTG   0   0   0   0   0   0 |     TCG   0   0   0   0   0   0 |     TAG   0   0   0   0   0   0 | Trp TGG   1   1   1   1   1   1
--------------------------------------------------------------------------------------------------------------------------------------
Leu CTT   1   1   1   2   1   1 | Pro CCT   6   6   6   4   6   6 | His CAT   0   0   0   0   0   0 | Arg CGT   0   0   0   0   0   0
    CTC   3   3   3   2   3   3 |     CCC   1   1   1   1   1   1 |     CAC   4   4   4   4   4   4 |     CGC   0   0   0   0   0   0
    CTA   1   1   2   1   2   2 |     CCA   2   2   2   2   2   2 | Gln CAA   1   1   1   1   1   1 |     CGA   3   2   3   3   3   3
    CTG   4   4   3   3   3   3 |     CCG   0   0   0   1   0   0 |     CAG  10  10  10  10  10  10 |     CGG   3   4   3   2   3   3
--------------------------------------------------------------------------------------------------------------------------------------
Ile ATT   4   3   3   3   2   5 | Thr ACT   1   1   1   1   1   1 | Asn AAT   1   1   1   1   2   1 | Ser AGT   0   0   0   0   0   0
    ATC   4   5   5   5   5   3 |     ACC   1   1   1   1   1   1 |     AAC   1   1   1   1   0   1 |     AGC   2   2   2   2   2   2
    ATA   0   0   0   0   0   0 |     ACA   0   0   0   0   0   0 | Lys AAA   0   0   0   0   0   0 | Arg AGA   0   0   0   0   0   0
Met ATG   0   0   0   0   0   0 |     ACG   0   0   0   0   0   0 |     AAG   4   4   4   4   4   4 |     AGG   0   0   0   1   0   0
--------------------------------------------------------------------------------------------------------------------------------------
Val GTT   0   0   0   0   1   0 | Ala GCT   5   6   5   5   5   5 | Asp GAT   4   4   4   4   4   4 | Gly GGT   3   3   3   3   3   3
    GTC   2   2   2   2   2   2 |     GCC   4   3   4   4   4   4 |     GAC   3   3   3   3   3   3 |     GGC   2   3   2   2   2   2
    GTA   2   2   2   2   2   2 |     GCA   3   4   4   4   4   4 | Glu GAA   3   3   3   3   3   3 |     GGA   1   1   2   2   2   2
    GTG   4   4   4   4   4   4 |     GCG   1   0   0   0   0   0 |     GAG   2   2   2   2   2   2 |     GGG   4   3   3   3   3   3
--------------------------------------------------------------------------------------------------------------------------------------

--------------------------------------------------------------------------------------------------------------------------------------
Phe TTT   1   1   1   1   1   1 | Ser TCT   1   1   1   1   1   1 | Tyr TAT   2   2   1   1   2   2 | Cys TGT   1   1   1   1   1   1
    TTC   2   2   2   2   2   2 |     TCC   1   1   1   1   1   1 |     TAC   0   0   1   1   0   0 |     TGC   0   0   0   0   0   0
Leu TTA   1   0   0   0   0   0 |     TCA   0   0   0   0   0   0 | *** TAA   0   0   0   0   0   0 | *** TGA   0   0   0   0   0   0
    TTG   0   0   0   0   0   0 |     TCG   0   0   0   0   0   0 |     TAG   0   0   0   0   0   0 | Trp TGG   1   1   1   1   1   1
--------------------------------------------------------------------------------------------------------------------------------------
Leu CTT   1   1   1   1   1   2 | Pro CCT   5   6   6   6   6   6 | His CAT   0   0   0   0   1   0 | Arg CGT   0   0   0   0   0   0
    CTC   3   3   3   3   3   2 |     CCC   1   1   1   1   1   1 |     CAC   4   4   4   4   3   4 |     CGC   0   0   0   0   0   0
    CTA   1   1   1   2   2   2 |     CCA   2   2   2   2   2   2 | Gln CAA   1   1   1   1   2   1 |     CGA   3   3   2   3   3   3
    CTG   3   4   4   3   3   3 |     CCG   1   0   0   0   0   0 |     CAG  10  10  10  10   9  10 |     CGG   3   3   4   3   3   3
--------------------------------------------------------------------------------------------------------------------------------------
Ile ATT   3   5   4   3   4   2 | Thr ACT   1   1   1   1   1   1 | Asn AAT   1   1   1   1   1   2 | Ser AGT   0   0   0   0   0   0
    ATC   5   3   4   5   5   5 |     ACC   1   1   1   1   1   1 |     AAC   1   1   1   1   1   0 |     AGC   2   2   2   2   2   2
    ATA   0   0   0   0   0   0 |     ACA   0   0   0   0   0   0 | Lys AAA   0   0   0   0   0   0 | Arg AGA   0   0   0   0   0   0
Met ATG   0   0   0   0   0   0 |     ACG   0   0   0   0   0   0 |     AAG   4   4   4   4   4   4 |     AGG   0   0   0   0   0   0
--------------------------------------------------------------------------------------------------------------------------------------
Val GTT   0   0   0   0   1   1 | Ala GCT   5   5   5   5   3   5 | Asp GAT   4   3   4   4   3   4 | Gly GGT   3   3   3   3   3   3
    GTC   2   2   2   2   0   2 |     GCC   4   4   4   4   5   4 |     GAC   3   3   3   3   4   3 |     GGC   2   2   2   2   2   2
    GTA   2   2   2   2   2   2 |     GCA   4   4   3   4   4   4 | Glu GAA   3   3   3   3   4   3 |     GGA   2   2   1   2   2   2
    GTG   4   4   4   4   4   4 |     GCG   0   0   1   0   1   0 |     GAG   2   3   2   2   2   2 |     GGG   3   3   4   3   2   3
--------------------------------------------------------------------------------------------------------------------------------------

--------------------------------------------------------------------------------------------------------------------------------------
Phe TTT   1   1   1   1   1   1 | Ser TCT   1   1   1   1   1   1 | Tyr TAT   2   2   2   2   2   1 | Cys TGT   1   1   1   1   1   1
    TTC   2   2   2   2   2   2 |     TCC   1   1   1   1   1   1 |     TAC   0   0   0   0   0   1 |     TGC   0   0   0   0   0   0
Leu TTA   0   0   0   0   1   0 |     TCA   0   0   0   0   0   0 | *** TAA   0   0   0   0   0   0 | *** TGA   0   0   0   0   0   0
    TTG   0   0   0   0   0   0 |     TCG   0   0   0   0   0   0 |     TAG   0   0   0   0   0   0 | Trp TGG   1   1   1   1   1   1
--------------------------------------------------------------------------------------------------------------------------------------
Leu CTT   1   1   1   1   1   1 | Pro CCT   6   6   6   5   5   6 | His CAT   0   0   1   0   0   0 | Arg CGT   0   0   0   0   0   0
    CTC   3   4   3   3   3   2 |     CCC   1   1   1   2   1   1 |     CAC   4   4   3   4   4   4 |     CGC   0   0   0   0   0   0
    CTA   2   2   2   2   1   2 |     CCA   2   2   2   2   3   2 | Gln CAA   1   1   1   1   2   1 |     CGA   3   2   3   3   3   3
    CTG   3   2   3   3   3   4 |     CCG   0   0   0   0   0   0 |     CAG  10  10  10  10   9   9 |     CGG   3   3   3   3   3   3
--------------------------------------------------------------------------------------------------------------------------------------
Ile ATT   3   4   3   3   3   4 | Thr ACT   1   1   1   0   1   1 | Asn AAT   2   1   1   1   1   1 | Ser AGT   0   0   0   0   0   0
    ATC   5   4   5   5   5   4 |     ACC   1   1   1   2   1   1 |     AAC   0   1   1   1   1   1 |     AGC   2   2   2   2   2   2
    ATA   0   0   0   0   0   0 |     ACA   0   0   0   0   0   0 | Lys AAA   0   0   0   0   1   0 | Arg AGA   0   1   0   0   0   0
Met ATG   0   0   0   0   0   0 |     ACG   0   0   0   0   0   0 |     AAG   4   4   4   3   3   4 |     AGG   0   0   0   1   0   0
--------------------------------------------------------------------------------------------------------------------------------------
Val GTT   0   0   0   0   0   0 | Ala GCT   5   5   5   5   5   5 | Asp GAT   4   4   4   4   5   5 | Gly GGT   3   3   3   3   3   3
    GTC   2   2   2   2   2   2 |     GCC   4   4   4   4   4   4 |     GAC   3   3   3   3   2   2 |     GGC   2   2   2   2   2   2
    GTA   2   1   2   2   2   2 |     GCA   4   5   4   4   4   4 | Glu GAA   3   3   3   3   3   3 |     GGA   2   2   2   2   2   1
    GTG   4   4   4   4   4   4 |     GCG   0   0   0   0   0   0 |     GAG   2   2   2   2   2   3 |     GGG   3   3   3   3   3   4
--------------------------------------------------------------------------------------------------------------------------------------

--------------------------------------------------------------------------------------------------------------------------------------
Phe TTT   0   1   1   1   1   1 | Ser TCT   1   2   1   1   1   1 | Tyr TAT   1   2   1   1   2   2 | Cys TGT   1   1   1   1   1   1
    TTC   3   2   2   2   2   2 |     TCC   1   1   1   1   1   1 |     TAC   1   0   1   1   0   0 |     TGC   0   0   0   0   0   0
Leu TTA   0   1   0   0   0   0 |     TCA   0   0   0   0   0   0 | *** TAA   0   0   0   0   0   0 | *** TGA   0   0   0   0   0   0
    TTG   0   0   0   0   0   0 |     TCG   0   0   0   0   0   0 |     TAG   0   0   0   0   0   0 | Trp TGG   1   1   1   1   1   1
--------------------------------------------------------------------------------------------------------------------------------------
Leu CTT   1   1   1   1   1   1 | Pro CCT   6   4   6   6   6   6 | His CAT   0   0   0   0   0   0 | Arg CGT   0   0   0   0   0   0
    CTC   3   3   3   3   4   3 |     CCC   1   1   1   1   1   1 |     CAC   4   4   4   4   4   4 |     CGC   0   0   0   0   0   0
    CTA   1   1   1   1   2   2 |     CCA   2   2   2   2   2   2 | Gln CAA   1   1   1   1   1   1 |     CGA   3   3   2   2   2   3
    CTG   4   3   4   4   2   3 |     CCG   0   1   0   0   0   0 |     CAG  10  10  10  10  10  10 |     CGG   3   3   4   4   3   3
--------------------------------------------------------------------------------------------------------------------------------------
Ile ATT   4   3   4   4   4   3 | Thr ACT   1   1   1   1   1   1 | Asn AAT   1   1   1   1   0   1 | Ser AGT   0   0   0   0   0   0
    ATC   4   5   4   4   4   4 |     ACC   1   1   1   1   1   1 |     AAC   1   1   1   1   1   1 |     AGC   2   2   2   2   2   2
    ATA   0   0   0   0   0   1 |     ACA   0   0   0   0   0   0 | Lys AAA   0   0   0   0   0   0 | Arg AGA   0   0   0   0   1   0
Met ATG   0   0   0   0   0   0 |     ACG   0   0   0   0   0   0 |     AAG   4   4   4   4   4   4 |     AGG   0   0   0   0   0   0
--------------------------------------------------------------------------------------------------------------------------------------
Val GTT   0   0   0   0   0   0 | Ala GCT   5   5   5   5   5   4 | Asp GAT   4   4   4   4   5   4 | Gly GGT   3   3   4   3   3   3
    GTC   2   2   2   2   2   2 |     GCC   4   4   4   4   4   4 |     GAC   3   3   3   3   3   3 |     GGC   2   2   1   2   2   2
    GTA   2   2   2   2   1   2 |     GCA   3   4   3   4   5   4 | Glu GAA   3   3   3   3   3   3 |     GGA   1   2   1   1   2   2
    GTG   4   4   4   4   4   4 |     GCG   1   0   1   0   0   1 |     GAG   2   2   2   2   2   2 |     GGG   4   3   4   4   3   3
--------------------------------------------------------------------------------------------------------------------------------------

--------------------------------------------------------------------------------------------------------------------------------------
Phe TTT   1   1   1   1   1   1 | Ser TCT   1   1   1   1   1   1 | Tyr TAT   2   2   2   2   2   2 | Cys TGT   1   1   1   1   1   1
    TTC   2   2   2   2   2   2 |     TCC   1   1   1   1   1   1 |     TAC   0   0   0   0   0   0 |     TGC   0   0   0   0   0   0
Leu TTA   1   0   0   0   0   0 |     TCA   0   0   0   0   0   0 | *** TAA   0   0   0   0   0   0 | *** TGA   0   0   0   0   0   0
    TTG   1   0   0   0   0   0 |     TCG   0   0   0   0   0   0 |     TAG   0   0   0   0   0   0 | Trp TGG   1   1   1   1   1   1
--------------------------------------------------------------------------------------------------------------------------------------
Leu CTT   2   1   0   1   1   1 | Pro CCT   6   6   6   6   6   6 | His CAT   0   1   0   0   0   0 | Arg CGT   0   0   0   0   0   0
    CTC   2   3   3   3   3   3 |     CCC   1   1   1   1   1   1 |     CAC   4   3   4   4   4   4 |     CGC   0   0   0   0   0   0
    CTA   1   2   2   2   2   1 |     CCA   2   2   2   2   2   2 | Gln CAA   1   1   1   3   1   1 |     CGA   3   3   3   3   3   3
    CTG   2   3   4   3   3   4 |     CCG   0   0   0   0   0   0 |     CAG  10  10  10   8  10  10 |     CGG   3   3   3   3   3   3
--------------------------------------------------------------------------------------------------------------------------------------
Ile ATT   3   4   3   4   5   5 | Thr ACT   1   1   1   1   1   1 | Asn AAT   1   1   1   1   1   1 | Ser AGT   0   0   0   0   0   0
    ATC   5   4   5   4   3   3 |     ACC   1   1   1   1   1   1 |     AAC   1   1   1   1   1   1 |     AGC   2   2   2   2   2   2
    ATA   0   0   0   0   0   0 |     ACA   0   0   0   0   0   0 | Lys AAA   0   0   0   0   0   0 | Arg AGA   0   0   0   0   0   0
Met ATG   0   0   0   0   0   0 |     ACG   0   0   0   0   0   0 |     AAG   4   4   4   4   3   4 |     AGG   0   0   0   0   1   0
--------------------------------------------------------------------------------------------------------------------------------------
Val GTT   0   0   0   0   0   0 | Ala GCT   5   5   5   5   5   5 | Asp GAT   4   4   4   5   4   4 | Gly GGT   3   3   3   3   3   3
    GTC   2   2   2   2   2   2 |     GCC   4   4   4   4   4   4 |     GAC   3   3   3   2   3   3 |     GGC   2   2   2   2   2   2
    GTA   2   2   2   2   2   2 |     GCA   4   4   4   4   4   4 | Glu GAA   3   3   3   3   3   3 |     GGA   2   2   2   2   2   2
    GTG   4   4   4   4   4   4 |     GCG   0   0   0   0   0   0 |     GAG   2   2   2   2   2   2 |     GGG   3   3   3   3   3   3
--------------------------------------------------------------------------------------------------------------------------------------

Codon position x base (3x4) table for each sequence.

#1: Argali         
position  1:    T:0.08257    C:0.35780    A:0.16514    G:0.39450
position  2:    T:0.25688    C:0.23853    A:0.32110    G:0.18349
position  3:    T:0.26606    C:0.28440    A:0.17431    G:0.27523
Average         T:0.20183    C:0.29358    A:0.22018    G:0.28440

#2: LesserMouseDeer
position  1:    T:0.09174    C:0.35780    A:0.16514    G:0.38532
position  2:    T:0.25688    C:0.23853    A:0.33028    G:0.17431
position  3:    T:0.27523    C:0.26606    A:0.15596    G:0.30275
Average         T:0.20795    C:0.28746    A:0.21713    G:0.28746

#3: LesserKudu     
position  1:    T:0.08257    C:0.35780    A:0.16514    G:0.39450
position  2:    T:0.25688    C:0.23853    A:0.32110    G:0.18349
position  3:    T:0.27523    C:0.26606    A:0.18349    G:0.27523
Average         T:0.20489    C:0.28746    A:0.22324    G:0.28440

#4: ForestMuskDeer2
position  1:    T:0.08257    C:0.35780    A:0.16514    G:0.39450
position  2:    T:0.25688    C:0.23853    A:0.32110    G:0.18349
position  3:    T:0.28440    C:0.26606    A:0.19266    G:0.25688
Average         T:0.20795    C:0.28746    A:0.22630    G:0.27829

#5: Camel          
position  1:    T:0.08257    C:0.35780    A:0.16514    G:0.39450
position  2:    T:0.25688    C:0.23853    A:0.33028    G:0.17431
position  3:    T:0.30275    C:0.23853    A:0.17431    G:0.28440
Average         T:0.21407    C:0.27829    A:0.22324    G:0.28440

#6: KillerWhale    
position  1:    T:0.08257    C:0.35780    A:0.16514    G:0.39450
position  2:    T:0.25688    C:0.24771    A:0.32110    G:0.17431
position  3:    T:0.29358    C:0.26606    A:0.15596    G:0.28440
Average         T:0.21101    C:0.29052    A:0.21407    G:0.28440

#7: DefassaWaterbuck
position  1:    T:0.08257    C:0.35780    A:0.16514    G:0.39450
position  2:    T:0.25688    C:0.23853    A:0.32110    G:0.18349
position  3:    T:0.25688    C:0.29358    A:0.17431    G:0.27523
Average         T:0.19878    C:0.29664    A:0.22018    G:0.28440

#8: Sheep          
position  1:    T:0.08257    C:0.35780    A:0.16514    G:0.39450
position  2:    T:0.25688    C:0.23853    A:0.32110    G:0.18349
position  3:    T:0.26606    C:0.28440    A:0.17431    G:0.27523
Average         T:0.20183    C:0.29358    A:0.22018    G:0.28440

#9: MaxwellsDuiker 
position  1:    T:0.08257    C:0.35780    A:0.16514    G:0.39450
position  2:    T:0.25688    C:0.23853    A:0.32110    G:0.18349
position  3:    T:0.25688    C:0.29358    A:0.17431    G:0.27523
Average         T:0.19878    C:0.29664    A:0.22018    G:0.28440

#10: GazellaPrzewalskyi
position  1:    T:0.09174    C:0.34862    A:0.16514    G:0.39450
position  2:    T:0.25688    C:0.23853    A:0.32110    G:0.18349
position  3:    T:0.26606    C:0.27523    A:0.18349    G:0.27523
Average         T:0.20489    C:0.28746    A:0.22324    G:0.28440

#11: MountainNyala  
position  1:    T:0.08257    C:0.35780    A:0.16514    G:0.39450
position  2:    T:0.25688    C:0.23853    A:0.32110    G:0.18349
position  3:    T:0.27523    C:0.26606    A:0.17431    G:0.28440
Average         T:0.20489    C:0.28746    A:0.22018    G:0.28746

#12: MuntiacusMuntjak
position  1:    T:0.08257    C:0.35780    A:0.16514    G:0.39450
position  2:    T:0.25688    C:0.23853    A:0.32110    G:0.18349
position  3:    T:0.27523    C:0.27523    A:0.12844    G:0.32110
Average         T:0.20489    C:0.29052    A:0.20489    G:0.29969

#13: goat           
position  1:    T:0.08257    C:0.35780    A:0.16514    G:0.39450
position  2:    T:0.25688    C:0.23853    A:0.32110    G:0.18349
position  3:    T:0.25688    C:0.28440    A:0.18349    G:0.27523
Average         T:0.19878    C:0.29358    A:0.22324    G:0.28440

#14: AfricanBuffalo 
position  1:    T:0.08257    C:0.34862    A:0.17431    G:0.39450
position  2:    T:0.24771    C:0.24771    A:0.32110    G:0.18349
position  3:    T:0.28440    C:0.27523    A:0.16514    G:0.27523
Average         T:0.20489    C:0.29052    A:0.22018    G:0.28440

#15: Topi           
position  1:    T:0.08257    C:0.35780    A:0.15596    G:0.40367
position  2:    T:0.25688    C:0.23853    A:0.32110    G:0.18349
position  3:    T:0.28440    C:0.26606    A:0.17431    G:0.27523
Average         T:0.20795    C:0.28746    A:0.21713    G:0.28746

#16: CommonDuiker   
position  1:    T:0.08257    C:0.35780    A:0.16514    G:0.39450
position  2:    T:0.25688    C:0.23853    A:0.32110    G:0.18349
position  3:    T:0.26606    C:0.28440    A:0.17431    G:0.27523
Average         T:0.20183    C:0.29358    A:0.22018    G:0.28440

#17: Suni           
position  1:    T:0.08257    C:0.35780    A:0.16514    G:0.39450
position  2:    T:0.25688    C:0.22936    A:0.32110    G:0.19266
position  3:    T:0.28440    C:0.26606    A:0.17431    G:0.27523
Average         T:0.20795    C:0.28440    A:0.22018    G:0.28746

#18: Springbuck     
position  1:    T:0.09174    C:0.34862    A:0.16514    G:0.39450
position  2:    T:0.25688    C:0.23853    A:0.32110    G:0.18349
position  3:    T:0.26606    C:0.27523    A:0.17431    G:0.28440
Average         T:0.20489    C:0.28746    A:0.22018    G:0.28746

#19: Okapi          
position  1:    T:0.08257    C:0.35780    A:0.17431    G:0.38532
position  2:    T:0.25688    C:0.23853    A:0.32110    G:0.18349
position  3:    T:0.26606    C:0.27523    A:0.20183    G:0.25688
Average         T:0.20183    C:0.29052    A:0.23242    G:0.27523

#20: Giraffe        
position  1:    T:0.08257    C:0.35780    A:0.17431    G:0.38532
position  2:    T:0.25688    C:0.23853    A:0.32110    G:0.18349
position  3:    T:0.29358    C:0.24771    A:0.19266    G:0.26606
Average         T:0.21101    C:0.28135    A:0.22936    G:0.27829

#21: TibetanAntelope
position  1:    T:0.08257    C:0.35780    A:0.16514    G:0.39450
position  2:    T:0.25688    C:0.23853    A:0.32110    G:0.18349
position  3:    T:0.26606    C:0.28440    A:0.18349    G:0.26606
Average         T:0.20183    C:0.29358    A:0.22324    G:0.28135

#22: Sitatunga      
position  1:    T:0.08257    C:0.35780    A:0.16514    G:0.39450
position  2:    T:0.25688    C:0.23853    A:0.32110    G:0.18349
position  3:    T:0.28440    C:0.26606    A:0.17431    G:0.27523
Average         T:0.20795    C:0.28746    A:0.22018    G:0.28440

#23: Oribi          
position  1:    T:0.09174    C:0.33945    A:0.16514    G:0.40367
position  2:    T:0.25688    C:0.23853    A:0.32110    G:0.18349
position  3:    T:0.23853    C:0.30275    A:0.18349    G:0.27523
Average         T:0.19572    C:0.29358    A:0.22324    G:0.28746

#24: BarbarySheep   
position  1:    T:0.08257    C:0.35780    A:0.16514    G:0.39450
position  2:    T:0.25688    C:0.23853    A:0.32110    G:0.18349
position  3:    T:0.26606    C:0.28440    A:0.17431    G:0.27523
Average         T:0.20183    C:0.29358    A:0.22018    G:0.28440

#25: Daviddeer      
position  1:    T:0.08257    C:0.35780    A:0.16514    G:0.39450
position  2:    T:0.25688    C:0.23853    A:0.32110    G:0.18349
position  3:    T:0.25688    C:0.29358    A:0.14679    G:0.30275
Average         T:0.19878    C:0.29664    A:0.21101    G:0.29358

#26: Reindeer       
position  1:    T:0.08257    C:0.35780    A:0.16514    G:0.39450
position  2:    T:0.25688    C:0.23853    A:0.32110    G:0.18349
position  3:    T:0.26606    C:0.29358    A:0.14679    G:0.29358
Average         T:0.20183    C:0.29664    A:0.21101    G:0.29052

#27: Ibex           
position  1:    T:0.08257    C:0.35780    A:0.16514    G:0.39450
position  2:    T:0.25688    C:0.23853    A:0.32110    G:0.18349
position  3:    T:0.26606    C:0.28440    A:0.17431    G:0.27523
Average         T:0.20183    C:0.29358    A:0.22018    G:0.28440

#28: GyrantGazelle  
position  1:    T:0.10092    C:0.33028    A:0.17431    G:0.39450
position  2:    T:0.25688    C:0.23853    A:0.32110    G:0.18349
position  3:    T:0.26606    C:0.27523    A:0.17431    G:0.28440
Average         T:0.20795    C:0.28135    A:0.22324    G:0.28746

#29: Hartebeest     
position  1:    T:0.08257    C:0.35780    A:0.15596    G:0.40367
position  2:    T:0.25688    C:0.23853    A:0.32110    G:0.18349
position  3:    T:0.27523    C:0.27523    A:0.17431    G:0.27523
Average         T:0.20489    C:0.29052    A:0.21713    G:0.28746

#30: Bongo          
position  1:    T:0.08257    C:0.35780    A:0.16514    G:0.39450
position  2:    T:0.25688    C:0.23853    A:0.32110    G:0.18349
position  3:    T:0.28440    C:0.26606    A:0.17431    G:0.27523
Average         T:0.20795    C:0.28746    A:0.22018    G:0.28440

#31: Gerenuk        
position  1:    T:0.09174    C:0.34862    A:0.16514    G:0.39450
position  2:    T:0.25688    C:0.23853    A:0.32110    G:0.18349
position  3:    T:0.25688    C:0.28440    A:0.17431    G:0.28440
Average         T:0.20183    C:0.29052    A:0.22018    G:0.28746

#32: CommonEland    
position  1:    T:0.08257    C:0.35780    A:0.16514    G:0.39450
position  2:    T:0.25688    C:0.23853    A:0.32110    G:0.18349
position  3:    T:0.27523    C:0.26606    A:0.16514    G:0.29358
Average         T:0.20489    C:0.28746    A:0.21713    G:0.29052

#33: MuntiacusReevesi
position  1:    T:0.08257    C:0.35780    A:0.16514    G:0.39450
position  2:    T:0.25688    C:0.23853    A:0.32110    G:0.18349
position  3:    T:0.26606    C:0.28440    A:0.13761    G:0.31193
Average         T:0.20183    C:0.29358    A:0.20795    G:0.29664

#34: HarveysDuiker  
position  1:    T:0.08257    C:0.35780    A:0.16514    G:0.39450
position  2:    T:0.25688    C:0.23853    A:0.32110    G:0.18349
position  3:    T:0.25688    C:0.29358    A:0.17431    G:0.27523
Average         T:0.19878    C:0.29664    A:0.22018    G:0.28440

#35: Pronghorn      
position  1:    T:0.08257    C:0.35780    A:0.17431    G:0.38532
position  2:    T:0.25688    C:0.23853    A:0.33028    G:0.17431
position  3:    T:0.26606    C:0.27523    A:0.19266    G:0.26606
Average         T:0.20183    C:0.29052    A:0.23242    G:0.27523

#36: BlueWildebeest 
position  1:    T:0.08257    C:0.35780    A:0.15596    G:0.40367
position  2:    T:0.25688    C:0.23853    A:0.32110    G:0.18349
position  3:    T:0.28440    C:0.26606    A:0.17431    G:0.27523
Average         T:0.20795    C:0.28746    A:0.21713    G:0.28746

#37: Gemsbok        
position  1:    T:0.08257    C:0.35780    A:0.16514    G:0.39450
position  2:    T:0.25688    C:0.23853    A:0.32110    G:0.18349
position  3:    T:0.27523    C:0.27523    A:0.17431    G:0.27523
Average         T:0.20489    C:0.29052    A:0.22018    G:0.28440

#38: Yak            
position  1:    T:0.08257    C:0.34862    A:0.17431    G:0.39450
position  2:    T:0.24771    C:0.24771    A:0.32110    G:0.18349
position  3:    T:0.27523    C:0.28440    A:0.17431    G:0.26606
Average         T:0.20183    C:0.29358    A:0.22324    G:0.28135

#39: BlueSheep      
position  1:    T:0.08257    C:0.35780    A:0.16514    G:0.39450
position  2:    T:0.25688    C:0.23853    A:0.32110    G:0.18349
position  3:    T:0.27523    C:0.27523    A:0.17431    G:0.27523
Average         T:0.20489    C:0.29052    A:0.22018    G:0.28440

#40: BohorReedbuck  
position  1:    T:0.08257    C:0.35780    A:0.16514    G:0.39450
position  2:    T:0.25688    C:0.23853    A:0.31193    G:0.19266
position  3:    T:0.24771    C:0.30275    A:0.17431    G:0.27523
Average         T:0.19572    C:0.29969    A:0.21713    G:0.28746

#41: KirksDik       
position  1:    T:0.09174    C:0.34862    A:0.16514    G:0.39450
position  2:    T:0.25688    C:0.23853    A:0.32110    G:0.18349
position  3:    T:0.26606    C:0.27523    A:0.20183    G:0.25688
Average         T:0.20489    C:0.28746    A:0.22936    G:0.27829

#42: RoeDeer        
position  1:    T:0.08257    C:0.34862    A:0.16514    G:0.40367
position  2:    T:0.25688    C:0.23853    A:0.32110    G:0.18349
position  3:    T:0.27523    C:0.26606    A:0.16514    G:0.29358
Average         T:0.20489    C:0.28440    A:0.21713    G:0.29358

#43: WhiteLippedDeer
position  1:    T:0.08257    C:0.35780    A:0.16514    G:0.39450
position  2:    T:0.25688    C:0.23853    A:0.32110    G:0.18349
position  3:    T:0.25688    C:0.29358    A:0.14679    G:0.30275
Average         T:0.19878    C:0.29664    A:0.21101    G:0.29358

#44: ThomsonGazelle 
position  1:    T:0.10092    C:0.33945    A:0.16514    G:0.39450
position  2:    T:0.25688    C:0.23853    A:0.32110    G:0.18349
position  3:    T:0.25688    C:0.28440    A:0.17431    G:0.28440
Average         T:0.20489    C:0.28746    A:0.22018    G:0.28746

#45: MuntiacusCrinifrons
position  1:    T:0.08257    C:0.35780    A:0.16514    G:0.39450
position  2:    T:0.25688    C:0.23853    A:0.32110    G:0.18349
position  3:    T:0.27523    C:0.27523    A:0.13761    G:0.31193
Average         T:0.20489    C:0.29052    A:0.20795    G:0.29664

#46: WhiteTailedDeer
position  1:    T:0.08257    C:0.35780    A:0.16514    G:0.39450
position  2:    T:0.25688    C:0.23853    A:0.32110    G:0.18349
position  3:    T:0.26606    C:0.28440    A:0.14679    G:0.30275
Average         T:0.20183    C:0.29358    A:0.21101    G:0.29358

#47: Cattle         
position  1:    T:0.08257    C:0.34862    A:0.16514    G:0.40367
position  2:    T:0.24771    C:0.24771    A:0.32110    G:0.18349
position  3:    T:0.27523    C:0.28440    A:0.17431    G:0.26606
Average         T:0.20183    C:0.29358    A:0.22018    G:0.28440

#48: RoyalAntelope  
position  1:    T:0.08257    C:0.35780    A:0.16514    G:0.39450
position  2:    T:0.25688    C:0.23853    A:0.32110    G:0.18349
position  3:    T:0.25688    C:0.27523    A:0.18349    G:0.28440
Average         T:0.19878    C:0.29052    A:0.22324    G:0.28746

#49: Steenbok       
position  1:    T:0.10092    C:0.33945    A:0.16514    G:0.39450
position  2:    T:0.25688    C:0.23853    A:0.32110    G:0.18349
position  3:    T:0.27523    C:0.27523    A:0.17431    G:0.27523
Average         T:0.21101    C:0.28440    A:0.22018    G:0.28440

#50: Impala         
position  1:    T:0.08257    C:0.35780    A:0.16514    G:0.39450
position  2:    T:0.25688    C:0.23853    A:0.32110    G:0.18349
position  3:    T:0.28440    C:0.26606    A:0.17431    G:0.27523
Average         T:0.20795    C:0.28746    A:0.22018    G:0.28440

#51: Klipspringer   
position  1:    T:0.08257    C:0.35780    A:0.16514    G:0.39450
position  2:    T:0.25688    C:0.23853    A:0.32110    G:0.18349
