1
52 1
Argali 0.000000 0.181300 0.064800 0.332500 0.048000 0.015500 0.026200 0.053800 0.037000 0.087200 0.000000 0.053300 0.031800 0.015600 0.015700 0.026400 0.064800 0.070500 0.010400 0.037000 0.037100 0.000000 0.093000 0.075800 0.005200 0.036200 0.031800 0.042400 0.031900 0.037100 0.093300 0.015700 0.117100 0.015700 0.031700 0.047900 0.005200 0.053400 0.026400 0.097900 0.098900 0.031800 0.087200 0.093000 0.042500 0.020900 0.026300 0.031700 0.015700 0.042300 0.059000 0.048000
LesserMous 0.181300 0.000000 0.250500 0.303900 0.214900 0.202700 0.194200 0.223600 0.220200 0.243100 0.181300 0.234300 0.187900 0.200500 0.188400 0.215800 0.234600 0.241700 0.193200 0.220500 0.222800 0.181300 0.235300 0.249700 0.175000 0.193500 0.201200 0.227200 0.223300 0.220900 0.251400 0.200600 0.242300 0.187100 0.208700 0.215100 0.187700 0.207600 0.215000 0.233200 0.215800 0.195800 0.243100 0.272000 0.221800 0.181300 0.201700 0.214600 0.194200 0.220500 0.221700 0.221100
LesserKudu 0.064800 0.250500 0.000000 0.355200 0.110900 0.065200 0.092800 0.111300 0.026300 0.093400 0.064800 0.076000 0.081800 0.081400 0.081900 0.087800 0.087300 0.093000 0.075900 0.026200 0.093200 0.064800 0.110800 0.093300 0.070500 0.099400 0.081800 0.031500 0.093800 0.026400 0.099600 0.070200 0.110400 0.075700 0.081600 0.070600 0.070400 0.104900 0.082000 0.132600 0.117000 0.093700 0.093400 0.111000 0.065000 0.087300 0.081800 0.093300 0.081400 0.075500 0.037100 0.026200
KillerWhal 0.332500 0.303900 0.355200 0.000000 0.352800 0.358800 0.347000 0.401100 0.330400 0.365000 0.332500 0.379500 0.339400 0.354600 0.349100 0.364000 0.316700 0.308500 0.336000 0.330900 0.354300 0.332500 0.339900 0.364400 0.324900 0.344400 0.355700 0.338100 0.373100 0.330600 0.374700 0.355400 0.327400 0.338400 0.348700 0.357200 0.340000 0.351900 0.354700 0.374700 0.342300 0.347500 0.365000 0.390100 0.348600 0.340200 0.338500 0.372900 0.332700 0.314900 0.331400 0.348000
DefassaWat 0.048000 0.214900 0.110900 0.352800 0.000000 0.053500 0.064400 0.105300 0.081200 0.104700 0.048000 0.104000 0.070400 0.053200 0.047400 0.075800 0.116400 0.122800 0.047900 0.081300 0.064600 0.048000 0.092400 0.093100 0.053500 0.076100 0.070400 0.086900 0.082000 0.081200 0.111000 0.064400 0.129200 0.053400 0.070200 0.092500 0.053400 0.036600 0.076000 0.115500 0.105000 0.081500 0.104700 0.110700 0.086700 0.042500 0.075800 0.081100 0.064500 0.092500 0.093000 0.092900
Sheep 0.015500 0.202700 0.065200 0.358800 0.053500 0.000000 0.042500 0.059700 0.037200 0.087700 0.015700 0.064600 0.048400 0.031700 0.031200 0.036600 0.075800 0.082200 0.026400 0.037200 0.037300 0.015700 0.093500 0.076200 0.021100 0.042800 0.048400 0.042600 0.043000 0.037300 0.093900 0.021000 0.123800 0.031800 0.037300 0.058700 0.020900 0.053400 0.042800 0.098500 0.099500 0.042200 0.087700 0.093600 0.052900 0.031800 0.031800 0.042000 0.031800 0.059000 0.059300 0.048200
MaxwellsDu 0.026200 0.194200 0.092800 0.347000 0.064400 0.042500 0.000000 0.081600 0.064000 0.104100 0.026200 0.080700 0.058900 0.020800 0.042400 0.053400 0.092800 0.098500 0.036800 0.064100 0.053300 0.026200 0.098300 0.092600 0.031600 0.064100 0.058800 0.069600 0.058500 0.064200 0.110400 0.031500 0.134500 0.042200 0.058700 0.075400 0.031500 0.081000 0.053300 0.114900 0.104300 0.058900 0.104100 0.098400 0.069800 0.036900 0.042300 0.058700 0.042200 0.069500 0.086700 0.075400
GazellaPrz 0.053800 0.223600 0.111300 0.401100 0.105300 0.059700 0.081600 0.000000 0.081800 0.135300 0.053800 0.099000 0.076600 0.070300 0.070700 0.070800 0.117600 0.123600 0.064800 0.081600 0.076100 0.053800 0.141400 0.123200 0.059400 0.070700 0.076500 0.087200 0.065400 0.082000 0.142000 0.059200 0.167500 0.070500 0.081700 0.093600 0.059300 0.105200 0.065200 0.140100 0.147800 0.065200 0.135300 0.141600 0.087800 0.076000 0.064900 0.070600 0.070300 0.098800 0.104900 0.081500
MountainNy 0.037000 0.220200 0.026300 0.330400 0.081200 0.037200 0.064000 0.081800 0.000000 0.086800 0.037000 0.047800 0.064300 0.053100 0.053400 0.059000 0.070100 0.075700 0.047700 0.000000 0.064400 0.037000 0.092500 0.075400 0.042400 0.069800 0.064200 0.005200 0.064700 0.000000 0.092800 0.042300 0.116400 0.047600 0.053300 0.042500 0.042300 0.081100 0.064500 0.108800 0.098400 0.064600 0.086800 0.092600 0.037000 0.058600 0.053300 0.064400 0.053200 0.058700 0.020900 0.010400
MuntiacusM 0.087200 0.243100 0.093400 0.365000 0.104700 0.087700 0.104100 0.135300 0.086800 0.000000 0.087200 0.122000 0.087200 0.092500 0.092300 0.109700 0.091700 0.098500 0.098500 0.086800 0.093000 0.087200 0.037300 0.042700 0.093100 0.110300 0.087200 0.092400 0.116600 0.087000 0.005200 0.092700 0.129000 0.081000 0.092600 0.115900 0.092800 0.127700 0.104900 0.075200 0.042800 0.115700 0.000000 0.059300 0.109900 0.087000 0.104600 0.115000 0.098600 0.098600 0.098600 0.098500
goat 0.000000 0.181300 0.064800 0.332500 0.048000 0.015700 0.026200 0.053800 0.037000 0.087200 0.000000 0.053300 0.031800 0.015600 0.015700 0.026400 0.064800 0.070500 0.010400 0.037000 0.037100 0.000000 0.093000 0.075800 0.005200 0.036200 0.031800 0.042400 0.031900 0.037100 0.093300 0.015700 0.117100 0.015700 0.031700 0.047900 0.005200 0.053400 0.026400 0.097900 0.098900 0.031800 0.087200 0.093000 0.042500 0.020900 0.026300 0.031700 0.015700 0.042300 0.059000 0.048000
AfricanBuf 0.053300 0.234300 0.076000 0.379500 0.104000 0.064600 0.080700 0.099000 0.047800 0.122000 0.053300 0.000000 0.087100 0.069600 0.070000 0.081400 0.087500 0.104800 0.064100 0.047800 0.092600 0.053300 0.128100 0.098600 0.058800 0.081100 0.087100 0.053200 0.087300 0.047900 0.128500 0.069700 0.128800 0.069800 0.075500 0.026300 0.058700 0.109700 0.081300 0.144700 0.134300 0.075800 0.122000 0.116400 0.021000 0.075300 0.081100 0.080900 0.069800 0.075300 0.070000 0.047900
Topi 0.031800 0.187900 0.081800 0.339400 0.070400 0.048400 0.058900 0.076600 0.064300 0.087200 0.031800 0.087100 0.000000 0.037000 0.037200 0.059400 0.087400 0.093200 0.042500 0.064300 0.048100 0.031800 0.092900 0.075800 0.026400 0.058700 0.010500 0.069800 0.053900 0.064400 0.093300 0.048000 0.117000 0.015700 0.053600 0.081700 0.037100 0.076000 0.048200 0.103400 0.098900 0.053800 0.087200 0.093000 0.076000 0.053500 0.059200 0.064800 0.048000 0.064400 0.053400 0.075700
CommonDuik 0.015600 0.200500 0.081400 0.354600 0.053200 0.031700 0.020800 0.070300 0.053100 0.092500 0.015600 0.069600 0.037000 0.000000 0.020900 0.042500 0.081400 0.087100 0.026100 0.053100 0.042300 0.015600 0.098300 0.081100 0.020900 0.052900 0.037000 0.058500 0.048000 0.053200 0.098700 0.020900 0.110600 0.020900 0.047700 0.064200 0.020900 0.069800 0.042400 0.103200 0.104200 0.047900 0.092500 0.086800 0.058700 0.036800 0.042300 0.047700 0.031500 0.058400 0.075400 0.064300
Suni 0.015700 0.188400 0.081900 0.349100 0.047400 0.031200 0.042400 0.070700 0.053400 0.092300 0.015700 0.070000 0.037200 0.020900 0.000000 0.042700 0.081900 0.087600 0.026300 0.053400 0.042100 0.015700 0.092600 0.080900 0.021000 0.048200 0.037200 0.058900 0.048300 0.053500 0.098200 0.031600 0.122700 0.021000 0.047600 0.064600 0.021000 0.064100 0.042600 0.103000 0.104300 0.048200 0.092300 0.098600 0.059000 0.025300 0.042500 0.037200 0.031700 0.058800 0.075900 0.064600
Springbuck 0.026400 0.215800 0.087800 0.364000 0.075800 0.036600 0.053400 0.070800 0.059000 0.109700 0.026400 0.081400 0.059400 0.042500 0.042700 0.000000 0.081800 0.087500 0.037100 0.059100 0.047700 0.026400 0.116500 0.098200 0.031800 0.042500 0.059400 0.053500 0.015700 0.059200 0.109900 0.037100 0.147400 0.042600 0.047700 0.075800 0.031800 0.069800 0.042500 0.120600 0.122200 0.042300 0.109700 0.116400 0.070400 0.047600 0.037000 0.048000 0.042600 0.070100 0.081700 0.070400
Okapi 0.064800 0.234600 0.087300 0.316700 0.116400 0.075800 0.092800 0.117600 0.070100 0.091700 0.064800 0.087500 0.087400 0.081400 0.081900 0.081800 0.000000 0.026200 0.075900 0.070100 0.098800 0.064800 0.098400 0.080500 0.070500 0.087600 0.087400 0.075600 0.087700 0.070300 0.097500 0.075900 0.133200 0.070000 0.075500 0.082100 0.070400 0.104100 0.093500 0.113000 0.103900 0.087600 0.091700 0.098400 0.076400 0.086700 0.087500 0.087200 0.064800 0.064400 0.093000 0.081600
Giraffe 0.070500 0.241700 0.093000 0.308500 0.122800 0.082200 0.098500 0.123600 0.075700 0.098500 0.070500 0.104800 0.093200 0.087100 0.087600 0.087500 0.026200 0.000000 0.081600 0.075700 0.105000 0.070500 0.104900 0.098600 0.076200 0.098700 0.093200 0.081300 0.093500 0.075900 0.104500 0.081600 0.140100 0.075700 0.081600 0.099300 0.076000 0.110400 0.099300 0.119800 0.110500 0.093300 0.098500 0.116500 0.093500 0.093000 0.093200 0.093000 0.070400 0.070000 0.098800 0.087300
TibetanAnt 0.010400 0.193200 0.075900 0.336000 0.047900 0.026400 0.036800 0.064800 0.047700 0.098500 0.010400 0.064100 0.042500 0.026100 0.026300 0.037100 0.075900 0.081600 0.000000 0.047700 0.047800 0.010400 0.104300 0.086900 0.015700 0.047200 0.042500 0.053100 0.042600 0.047800 0.104700 0.026200 0.128600 0.026200 0.042300 0.058800 0.015600 0.053300 0.037000 0.109200 0.110200 0.042500 0.098500 0.104300 0.053300 0.031500 0.036900 0.042400 0.026200 0.053000 0.069900 0.058800
Sitatunga 0.037000 0.220500 0.026200 0.330900 0.081300 0.037200 0.064100 0.081600 0.000000 0.086800 0.037000 0.047800 0.064300 0.053100 0.053400 0.059100 0.070100 0.075700 0.047700 0.000000 0.064300 0.037000 0.092600 0.075500 0.042500 0.070100 0.064300 0.005100 0.064800 0.000000 0.092900 0.042300 0.116500 0.047600 0.053200 0.042500 0.042400 0.081200 0.064500 0.108900 0.098500 0.064700 0.086800 0.092700 0.037100 0.058700 0.053300 0.064400 0.053100 0.058700 0.020600 0.010300
Oribi 0.037100 0.222800 0.093200 0.354300 0.064600 0.037300 0.053300 0.076100 0.064400 0.093000 0.037100 0.092600 0.048100 0.042300 0.042100 0.047700 0.098800 0.105000 0.047800 0.064300 0.000000 0.037100 0.087200 0.081600 0.042600 0.053400 0.048100 0.069800 0.042500 0.064600 0.099200 0.042400 0.135400 0.031700 0.052500 0.087000 0.042500 0.075800 0.053300 0.103800 0.093200 0.058700 0.093000 0.099000 0.081200 0.047800 0.031500 0.064100 0.053200 0.069800 0.075600 0.075700
BarbaryShe 0.000000 0.181300 0.064800 0.332500 0.048000 0.015700 0.026200 0.053800 0.037000 0.087200 0.000000 0.053300 0.031800 0.015600 0.015700 0.026400 0.064800 0.070500 0.010400 0.037000 0.037100 0.000000 0.093000 0.075800 0.005200 0.036200 0.031800 0.042400 0.031900 0.037100 0.093300 0.015700 0.117100 0.015700 0.031700 0.047900 0.005200 0.053400 0.026400 0.097900 0.098900 0.031800 0.087200 0.093000 0.042500 0.020900 0.026300 0.031700 0.015700 0.042300 0.059000 0.048000
Daviddeer 0.093000 0.235300 0.110800 0.339900 0.092400 0.093500 0.098300 0.141400 0.092500 0.037300 0.093000 0.128100 0.092900 0.098300 0.092600 0.116500 0.098400 0.104900 0.104300 0.092600 0.087200 0.093000 0.000000 0.048200 0.098900 0.116800 0.092900 0.098200 0.123000 0.092400 0.042900 0.098500 0.129100 0.086700 0.098800 0.122100 0.098700 0.121900 0.110800 0.080900 0.026500 0.122400 0.037300 0.064900 0.116100 0.087100 0.098700 0.121800 0.104500 0.104500 0.104400 0.104400
Reindeer 0.075800 0.249700 0.093300 0.364400 0.093100 0.076200 0.092600 0.123200 0.075400 0.042700 0.075800 0.098600 0.075800 0.081100 0.080900 0.098200 0.080500 0.098600 0.086900 0.075500 0.081600 0.075800 0.048200 0.000000 0.081500 0.098700 0.075800 0.081000 0.104800 0.075600 0.048300 0.081300 0.117100 0.069700 0.081200 0.092700 0.081400 0.116000 0.093200 0.064000 0.053800 0.104100 0.042700 0.015800 0.086800 0.075600 0.093000 0.103400 0.092700 0.087000 0.087100 0.087000
Ibex 0.005200 0.175000 0.070500 0.324900 0.053500 0.021100 0.031600 0.059400 0.042400 0.093100 0.005200 0.058800 0.026400 0.020900 0.021000 0.031800 0.070500 0.076200 0.015700 0.042500 0.042600 0.005200 0.098900 0.081500 0.000000 0.030700 0.037200 0.047800 0.037300 0.042500 0.099300 0.021000 0.123200 0.021000 0.026300 0.053500 0.010400 0.048000 0.031800 0.098000 0.104800 0.026400 0.093100 0.098900 0.048000 0.026300 0.031700 0.037100 0.021000 0.047800 0.053500 0.053500
GyrantGaze 0.036200 0.193500 0.099400 0.344400 0.076100 0.042800 0.064100 0.070700 0.069800 0.110300 0.036200 0.081100 0.058700 0.052900 0.048200 0.042500 0.087600 0.098700 0.047200 0.070100 0.053400 0.036200 0.116800 0.098700 0.030700 0.000000 0.070000 0.075600 0.053000 0.070000 0.116600 0.047400 0.129000 0.053100 0.037100 0.070500 0.041700 0.059000 0.058300 0.115300 0.122700 0.010400 0.110300 0.116800 0.064800 0.048000 0.052900 0.042600 0.042300 0.081000 0.081600 0.070200
Hartebeest 0.031800 0.201200 0.081800 0.355700 0.070400 0.048400 0.058800 0.076500 0.064200 0.087200 0.031800 0.087100 0.010500 0.037000 0.037200 0.059400 0.087400 0.093200 0.042500 0.064300 0.048100 0.031800 0.092900 0.075800 0.037200 0.070000 0.000000 0.069800 0.053900 0.064400 0.093300 0.048000 0.117000 0.015600 0.064700 0.081700 0.037100 0.087400 0.048200 0.109200 0.098800 0.065000 0.087200 0.093000 0.076000 0.053500 0.059100 0.064700 0.048000 0.064400 0.064500 0.075700
Bongo 0.042400 0.227200 0.031500 0.338100 0.086900 0.042600 0.069600 0.087200 0.005200 0.092400 0.042400 0.053200 0.069800 0.058500 0.058900 0.053500 0.075600 0.081300 0.053100 0.005100 0.069800 0.042400 0.098200 0.081000 0.047800 0.075600 0.069800 0.000000 0.059200 0.005200 0.092900 0.047700 0.122300 0.053000 0.058700 0.047900 0.047800 0.086800 0.070000 0.114600 0.104200 0.070200 0.092400 0.098300 0.042400 0.064100 0.058800 0.069900 0.058500 0.064200 0.026100 0.015400
Gerenuk 0.031900 0.223300 0.093800 0.373100 0.082000 0.043000 0.058500 0.065400 0.064700 0.116600 0.031900 0.087300 0.053900 0.048000 0.048300 0.015700 0.087700 0.093500 0.042600 0.064800 0.042500 0.031900 0.123000 0.104800 0.037300 0.053000 0.053900 0.059200 0.000000 0.064900 0.117000 0.042600 0.154600 0.037200 0.053600 0.081900 0.037200 0.075900 0.048100 0.127500 0.129000 0.048000 0.116600 0.117100 0.076200 0.053600 0.042500 0.053600 0.048200 0.064500 0.076100 0.076200
CommonElan 0.037100 0.220900 0.026400 0.330600 0.081200 0.037300 0.064200 0.082000 0.000000 0.087000 0.037100 0.047900 0.064400 0.053200 0.053500 0.059200 0.070300 0.075900 0.047800 0.000000 0.064600 0.037100 0.092400 0.075600 0.042500 0.070000 0.064400 0.005200 0.064900 0.000000 0.093100 0.042400 0.116700 0.047700 0.053500 0.042600 0.042500 0.081100 0.064600 0.109100 0.098700 0.064800 0.087000 0.092800 0.037100 0.058800 0.053400 0.064500 0.053400 0.058800 0.020900 0.010400
MuntiacusR 0.093300 0.251400 0.099600 0.374700 0.111000 0.093900 0.110400 0.142000 0.092800 0.005200 0.093300 0.128500 0.093300 0.098700 0.098200 0.109900 0.097500 0.104500 0.104700 0.092900 0.099200 0.093300 0.042900 0.048300 0.099300 0.116600 0.093300 0.092900 0.117000 0.093100 0.000000 0.098900 0.135700 0.087000 0.098500 0.122200 0.099000 0.134100 0.111200 0.081200 0.048500 0.121800 0.005200 0.065200 0.116100 0.093100 0.110900 0.115100 0.104900 0.104800 0.104900 0.104800
HarveysDui 0.015700 0.200600 0.070200 0.355400 0.064400 0.021000 0.031500 0.059200 0.042300 0.092700 0.015700 0.069700 0.048000 0.020900 0.031600 0.037100 0.075900 0.081600 0.026200 0.042300 0.042400 0.015700 0.098500 0.081300 0.021000 0.047400 0.048000 0.047700 0.042600 0.042400 0.098900 0.000000 0.134700 0.031600 0.042400 0.064300 0.020900 0.064300 0.042500 0.103400 0.104500 0.042500 0.092700 0.098600 0.058800 0.036900 0.031600 0.042400 0.031600 0.058500 0.064300 0.053300
Pronghorn 0.117100 0.242300 0.110400 0.327400 0.129200 0.123800 0.134500 0.167500 0.116400 0.129000 0.117100 0.128800 0.117000 0.110600 0.122700 0.147400 0.133200 0.140100 0.128600 0.116500 0.135400 0.117100 0.129100 0.117100 0.123200 0.129000 0.117000 0.122300 0.154600 0.116700 0.135700 0.134700 0.000000 0.110400 0.129300 0.122700 0.122900 0.141300 0.135500 0.145200 0.111500 0.141400 0.129000 0.123300 0.116800 0.128700 0.147500 0.140800 0.134900 0.116300 0.117100 0.104400
BlueWildeb 0.015700 0.187100 0.075700 0.338400 0.053400 0.031800 0.042200 0.070500 0.047600 0.081000 0.015700 0.069800 0.015700 0.020900 0.021000 0.042600 0.070000 0.075700 0.026200 0.047600 0.031700 0.015700 0.086700 0.069700 0.021000 0.053100 0.015600 0.053000 0.037200 0.047700 0.087000 0.031600 0.110400 0.000000 0.047900 0.064400 0.021000 0.070000 0.042500 0.091600 0.092500 0.048100 0.081000 0.086800 0.058900 0.036900 0.042400 0.047900 0.031600 0.047700 0.058600 0.058700
Gemsbok 0.031700 0.208700 0.081600 0.348700 0.070200 0.037300 0.058700 0.081700 0.053300 0.092600 0.031700 0.075500 0.053600 0.047700 0.047600 0.047700 0.075500 0.081600 0.042300 0.053200 0.052500 0.031700 0.098800 0.081200 0.026300 0.037100 0.064700 0.058700 0.053600 0.053500 0.098500 0.042400 0.129300 0.047900 0.000000 0.070000 0.037000 0.053200 0.059100 0.097500 0.104600 0.031400 0.092600 0.098900 0.064200 0.042300 0.053400 0.052700 0.047500 0.064300 0.064400 0.064400
Yak 0.047900 0.215100 0.070600 0.357200 0.092500 0.058700 0.075400 0.093600 0.042500 0.115900 0.047900 0.026300 0.081700 0.064200 0.064600 0.075800 0.082100 0.099300 0.058800 0.042500 0.087000 0.047900 0.122100 0.092700 0.053500 0.070500 0.081700 0.047900 0.081900 0.042600 0.122200 0.064300 0.122700 0.064400 0.070000 0.000000 0.053400 0.098200 0.075900 0.138600 0.128300 0.070200 0.115900 0.110600 0.005200 0.069600 0.075700 0.070200 0.064400 0.069900 0.064700 0.042600
BlueSheep 0.005200 0.187700 0.070400 0.340000 0.053400 0.020900 0.031500 0.059300 0.042300 0.092800 0.005200 0.058700 0.037100 0.020900 0.021000 0.031800 0.070400 0.076000 0.015600 0.042400 0.042500 0.005200 0.098700 0.081400 0.010400 0.041700 0.037100 0.047800 0.037200 0.042500 0.099000 0.020900 0.122900 0.021000 0.037000 0.053400 0.000000 0.058900 0.031700 0.103600 0.104600 0.037200 0.092800 0.098700 0.047900 0.026200 0.031600 0.037000 0.020900 0.047700 0.064400 0.053400
BohorReedb 0.053400 0.207600 0.104900 0.351900 0.036600 0.053400 0.081000 0.105200 0.081100 0.127700 0.053400 0.109700 0.076000 0.069800 0.064100 0.069800 0.104100 0.110400 0.053300 0.081200 0.075800 0.053400 0.121900 0.116000 0.048000 0.059000 0.087400 0.086800 0.075900 0.081100 0.134100 0.064300 0.141300 0.070000 0.053200 0.098200 0.058900 0.000000 0.081500 0.126600 0.128200 0.064200 0.127700 0.134200 0.092400 0.058800 0.075700 0.075100 0.070000 0.092400 0.081400 0.092800
KirksDik 0.026400 0.215000 0.082000 0.354700 0.076000 0.042800 0.053300 0.065200 0.064500 0.104900 0.026400 0.081300 0.048200 0.042400 0.042600 0.042500 0.093500 0.099300 0.037000 0.064500 0.053300 0.026400 0.110800 0.093200 0.031800 0.058300 0.048200 0.070000 0.048100 0.064600 0.111200 0.042500 0.135500 0.042500 0.059100 0.075900 0.031700 0.081500 0.000000 0.127300 0.116800 0.053500 0.104900 0.110800 0.070200 0.047900 0.042400 0.059100 0.042500 0.069900 0.076000 0.075900
RoeDeer 0.097900 0.233200 0.132600 0.374700 0.115500 0.098500 0.114900 0.140100 0.108800 0.075200 0.097900 0.144700 0.103400 0.103200 0.103000 0.120600 0.113000 0.119800 0.109200 0.108900 0.103800 0.097900 0.080900 0.064000 0.098000 0.115300 0.109200 0.114600 0.127500 0.109100 0.081200 0.103400 0.145200 0.091600 0.097500 0.138600 0.103600 0.126600 0.127300 0.000000 0.086700 0.120600 0.075200 0.080800 0.132500 0.097700 0.115300 0.125900 0.109300 0.114500 0.126600 0.120900
WhiteLippe 0.098900 0.215800 0.117000 0.342300 0.105000 0.099500 0.104300 0.147800 0.098400 0.042800 0.098900 0.134300 0.098900 0.104200 0.104300 0.122200 0.103900 0.110500 0.110200 0.098500 0.093200 0.098900 0.026500 0.053800 0.104800 0.122700 0.098800 0.104200 0.129000 0.098700 0.048500 0.104500 0.111500 0.092500 0.104600 0.128300 0.104600 0.128200 0.116800 0.086700 0.000000 0.128300 0.042800 0.070700 0.122200 0.098700 0.104700 0.127500 0.110400 0.110400 0.098900 0.110400
ThomsonGaz 0.031800 0.195800 0.093700 0.347500 0.081500 0.042200 0.058900 0.065200 0.064600 0.115700 0.031800 0.075800 0.053800 0.047900 0.048200 0.042300 0.087600 0.093300 0.042500 0.064700 0.058700 0.031800 0.122400 0.104100 0.026400 0.010400 0.065000 0.070200 0.048000 0.064800 0.121800 0.042500 0.141400 0.048100 0.031400 0.070200 0.037200 0.064200 0.053500 0.120600 0.128300 0.000000 0.115700 0.122500 0.064800 0.053100 0.047900 0.042500 0.037200 0.075700 0.076100 0.064800
MuntiacusC 0.087200 0.243100 0.093400 0.365000 0.104700 0.087700 0.104100 0.135300 0.086800 0.000000 0.087200 0.122000 0.087200 0.092500 0.092300 0.109700 0.091700 0.098500 0.098500 0.086800 0.093000 0.087200 0.037300 0.042700 0.093100 0.110300 0.087200 0.092400 0.116600 0.087000 0.005200 0.092700 0.129000 0.081000 0.092600 0.115900 0.092800 0.127700 0.104900 0.075200 0.042800 0.115700 0.000000 0.059300 0.109900 0.087000 0.104600 0.115000 0.098600 0.098600 0.098600 0.098500
WhiteTaile 0.093000 0.272000 0.111000 0.390100 0.110700 0.093600 0.098400 0.141600 0.092600 0.059300 0.093000 0.116400 0.093000 0.086800 0.098600 0.116400 0.098400 0.116500 0.104300 0.092700 0.099000 0.093000 0.064900 0.015800 0.098900 0.116800 0.093000 0.098300 0.117100 0.092800 0.065200 0.098600 0.123300 0.086800 0.098900 0.110600 0.098700 0.134200 0.110800 0.080800 0.070700 0.122500 0.059300 0.000000 0.104600 0.092800 0.110600 0.121700 0.110300 0.104500 0.104600 0.104500
Cattle 0.042500 0.221800 0.065000 0.348600 0.086700 0.052900 0.069800 0.087800 0.037000 0.109900 0.042500 0.021000 0.076000 0.058700 0.059000 0.070400 0.076400 0.093500 0.053300 0.037100 0.081200 0.042500 0.116100 0.086800 0.048000 0.064800 0.076000 0.042400 0.076200 0.037100 0.116100 0.058800 0.116800 0.058900 0.064200 0.005200 0.047900 0.092400 0.070200 0.132500 0.122200 0.064800 0.109900 0.104600 0.000000 0.063800 0.070100 0.064600 0.058900 0.064300 0.059100 0.037200
RoyalAntel 0.020900 0.181300 0.087300 0.340200 0.042500 0.031800 0.036900 0.076000 0.058600 0.087000 0.020900 0.075300 0.053500 0.036800 0.025300 0.047600 0.086700 0.093000 0.031500 0.058700 0.047800 0.020900 0.087100 0.075600 0.026300 0.048000 0.053500 0.064100 0.053600 0.058800 0.093100 0.036900 0.128700 0.036900 0.042300 0.069600 0.026200 0.058800 0.047900 0.097700 0.098700 0.053100 0.087000 0.092800 0.063800 0.000000 0.047800 0.052600 0.036900 0.064100 0.081200 0.070000
Steenbok 0.026300 0.201700 0.081800 0.338500 0.075800 0.031800 0.042300 0.064900 0.053300 0.104600 0.026300 0.081100 0.059200 0.042300 0.042500 0.037000 0.087500 0.093200 0.036900 0.053300 0.031500 0.026300 0.098700 0.093000 0.031700 0.052900 0.059100 0.058800 0.042500 0.053400 0.110900 0.031600 0.147500 0.042400 0.053400 0.075700 0.031600 0.075700 0.042400 0.115300 0.104700 0.047900 0.104600 0.110600 0.070100 0.047800 0.000000 0.053400 0.042400 0.058700 0.075800 0.064600
Impala 0.031700 0.214600 0.093300 0.372900 0.081100 0.042000 0.058700 0.070600 0.064400 0.115000 0.031700 0.080900 0.064800 0.047700 0.037200 0.048000 0.087200 0.093000 0.042400 0.064400 0.064100 0.031700 0.121800 0.103400 0.037100 0.042600 0.064700 0.069900 0.053600 0.064500 0.115100 0.042400 0.140800 0.047900 0.052700 0.070200 0.037000 0.075100 0.059100 0.125900 0.127500 0.042500 0.115000 0.121700 0.064600 0.052600 0.053400 0.000000 0.047900 0.075400 0.087100 0.064600
Klipspring 0.015700 0.194200 0.081400 0.332700 0.064500 0.031800 0.042200 0.070300 0.053200 0.098600 0.015700 0.069800 0.048000 0.031500 0.031700 0.042600 0.064800 0.070400 0.026200 0.053100 0.053200 0.015700 0.104500 0.092700 0.021000 0.042300 0.048000 0.058500 0.048200 0.053400 0.104900 0.031600 0.134900 0.031600 0.047500 0.064400 0.020900 0.070000 0.042500 0.109300 0.110400 0.037200 0.098600 0.110300 0.058900 0.036900 0.042400 0.047900 0.000000 0.058600 0.075400 0.064300
ForestMusk 0.042300 0.220500 0.075500 0.314900 0.092500 0.059000 0.069500 0.098800 0.058700 0.098600 0.042300 0.075300 0.064400 0.058400 0.058800 0.070100 0.064400 0.070000 0.053000 0.058700 0.069800 0.042300 0.104500 0.087000 0.047800 0.081000 0.064400 0.064200 0.064500 0.058800 0.104800 0.058500 0.116300 0.047700 0.064300 0.069900 0.047700 0.092400 0.069900 0.114500 0.110400 0.075700 0.098600 0.104500 0.064300 0.064100 0.058700 0.075400 0.058600 0.000000 0.069900 0.070000
Bushbuck 0.059000 0.221700 0.037100 0.331400 0.093000 0.059300 0.086700 0.104900 0.020900 0.098600 0.059000 0.070000 0.053400 0.075400 0.075900 0.081700 0.093000 0.098800 0.069900 0.020600 0.075600 0.059000 0.104400 0.087100 0.053500 0.081600 0.064500 0.026100 0.076100 0.020900 0.104900 0.064300 0.117100 0.058600 0.064400 0.064700 0.064400 0.081400 0.076000 0.126600 0.098900 0.076100 0.098600 0.104600 0.059100 0.081200 0.075800 0.087100 0.075400 0.069900 0.000000 0.031500
GreaterKud 0.048000 0.221100 0.026200 0.348000 0.092900 0.048200 0.075400 0.081500 0.010400 0.098500 0.048000 0.047900 0.075700 0.064300 0.064600 0.070400 0.081600 0.087300 0.058800 0.010300 0.075700 0.048000 0.104400 0.087000 0.053500 0.070200 0.075700 0.015400 0.076200 0.010400 0.104800 0.053300 0.104400 0.058700 0.064400 0.042600 0.053400 0.092800 0.075900 0.120900 0.110400 0.064800 0.098500 0.104500 0.037200 0.070000 0.064600 0.064600 0.064300 0.070000 0.031500 0.000000
