CODONML (in paml version 4.10.7, June 2023)  /home/rachel/ruminants_paml/6406-phy-tree/ENSBTAT00000047936.fasta.phy
Model: free dN/dS Ratios for branches,  kappa = 2.000 fixed

Codon frequency model: F3x4
ns =  54  ls =  26

Codon usage in sequences
--------------------------------------------------------------------------------------------------------------------------------------
Phe TTT   0   0   0   0   0   0 | Ser TCT   4   4   4   4   4   4 | Tyr TAT   0   0   0   0   0   0 | Cys TGT   0   0   0   0   0   0
    TTC   0   0   0   0   0   0 |     TCC   0   0   0   0   0   0 |     TAC   0   0   0   0   0   0 |     TGC   0   0   0   0   0   0
Leu TTA   0   0   1   1   1   1 |     TCA   1   1   1   1   1   1 | *** TAA   0   0   0   0   0   0 | *** TGA   0   0   0   0   0   0
    TTG   1   1   1   1   0   1 |     TCG   0   0   0   0   0   0 |     TAG   0   0   0   0   0   0 | Trp TGG   0   0   0   0   0   0
--------------------------------------------------------------------------------------------------------------------------------------
Leu CTT   0   0   0   0   1   0 | Pro CCT   0   0   0   0   0   0 | His CAT   1   1   1   1   0   0 | Arg CGT   0   0   0   0   0   0
    CTC   0   0   0   0   0   0 |     CCC   0   0   0   0   0   0 |     CAC   0   0   0   0   0   0 |     CGC   0   0   0   0   0   0
    CTA   1   1   0   0   0   0 |     CCA   1   1   1   1   1   1 | Gln CAA   0   0   0   0   0   1 |     CGA   0   0   0   0   0   0
    CTG   1   1   1   1   2   1 |     CCG   0   0   0   0   0   0 |     CAG   0   0   0   0   0   0 |     CGG   0   0   0   0   0   0
--------------------------------------------------------------------------------------------------------------------------------------
Ile ATT   0   0   0   0   0   0 | Thr ACT   0   0   0   0   0   0 | Asn AAT   0   0   0   0   0   0 | Ser AGT   0   0   0   0   0   0
    ATC   0   0   0   0   0   0 |     ACC   0   0   0   0   0   0 |     AAC   0   0   0   0   0   0 |     AGC   0   0   0   0   0   0
    ATA   0   0   0   0   1   0 |     ACA   1   0   1   1   0   1 | Lys AAA   2   2   2   2   2   2 | Arg AGA   1   1   1   1   1   1
Met ATG   2   2   2   2   1   2 |     ACG   0   1   0   0   1   0 |     AAG   2   2   2   2   2   2 |     AGG   0   0   0   0   0   0
--------------------------------------------------------------------------------------------------------------------------------------
Val GTT   0   0   0   0   0   0 | Ala GCT   0   0   0   0   0   0 | Asp GAT   3   3   3   3   3   3 | Gly GGT   0   0   0   0   0   0
    GTC   0   0   0   0   0   0 |     GCC   0   0   0   0   0   0 |     GAC   0   0   0   0   0   0 |     GGC   1   1   1   1   1   1
    GTA   0   0   0   0   0   0 |     GCA   0   0   0   0   0   0 | Glu GAA   2   1   2   2   2   2 |     GGA   0   0   0   0   0   0
    GTG   0   0   0   0   0   0 |     GCG   0   0   0   0   0   0 |     GAG   2   3   2   2   2   2 |     GGG   0   0   0   0   0   0
--------------------------------------------------------------------------------------------------------------------------------------

--------------------------------------------------------------------------------------------------------------------------------------
Phe TTT   0   0   0   0   0   0 | Ser TCT   4   3   4   4   4   4 | Tyr TAT   0   0   0   0   0   0 | Cys TGT   0   0   0   0   0   0
    TTC   0   0   0   0   0   0 |     TCC   0   1   0   0   0   0 |     TAC   0   0   0   0   0   0 |     TGC   0   0   0   0   0   0
Leu TTA   1   0   1   0   1   1 |     TCA   1   1   1   1   1   1 | *** TAA   0   0   0   0   0   0 | *** TGA   0   0   0   0   0   0
    TTG   1   1   1   2   1   0 |     TCG   0   0   0   0   0   0 |     TAG   0   0   0   0   0   0 | Trp TGG   0   0   0   0   0   0
--------------------------------------------------------------------------------------------------------------------------------------
Leu CTT   0   0   0   0   0   0 | Pro CCT   0   0   0   0   0   0 | His CAT   1   1   1   1   1   1 | Arg CGT   0   0   0   0   0   0
    CTC   0   0   0   0   0   0 |     CCC   0   0   0   0   0   0 |     CAC   0   0   0   0   0   0 |     CGC   0   0   0   0   0   0
    CTA   0   1   0   0   0   0 |     CCA   1   1   1   1   1   1 | Gln CAA   0   0   0   0   0   0 |     CGA   0   0   0   0   0   0
    CTG   1   1   1   1   1   2 |     CCG   0   0   0   0   0   0 |     CAG   0   0   0   0   0   0 |     CGG   0   0   0   0   0   0
--------------------------------------------------------------------------------------------------------------------------------------
Ile ATT   0   0   0   0   0   0 | Thr ACT   0   0   0   0   0   0 | Asn AAT   0   0   0   0   0   0 | Ser AGT   0   0   0   0   0   0
    ATC   0   0   0   0   0   0 |     ACC   0   0   0   0   0   0 |     AAC   0   0   0   0   0   0 |     AGC   0   0   0   0   0   0
    ATA   0   0   0   0   0   0 |     ACA   1   1   1   1   1   1 | Lys AAA   2   2   2   1   2   2 | Arg AGA   1   1   1   1   1   1
Met ATG   2   2   2   2   2   2 |     ACG   0   0   0   0   0   0 |     AAG   2   2   2   3   2   2 |     AGG   0   0   0   0   0   0
--------------------------------------------------------------------------------------------------------------------------------------
Val GTT   0   0   0   0   0   0 | Ala GCT   0   0   0   0   0   0 | Asp GAT   3   3   3   3   3   3 | Gly GGT   0   0   0   0   0   0
    GTC   0   0   0   0   0   0 |     GCC   0   0   0   0   0   0 |     GAC   0   0   0   0   0   0 |     GGC   1   1   1   1   1   1
    GTA   0   0   0   0   0   0 |     GCA   0   0   0   0   0   0 | Glu GAA   2   2   2   2   2   1 |     GGA   0   0   0   0   0   0
    GTG   0   0   0   0   0   0 |     GCG   0   0   0   0   0   0 |     GAG   2   2   2   2   2   3 |     GGG   0   0   0   0   0   0
--------------------------------------------------------------------------------------------------------------------------------------

--------------------------------------------------------------------------------------------------------------------------------------
Phe TTT   0   0   0   0   0   0 | Ser TCT   4   4   4   4   4   4 | Tyr TAT   0   0   0   0   0   0 | Cys TGT   0   0   0   0   0   0
    TTC   0   0   0   0   0   0 |     TCC   0   0   0   0   0   0 |     TAC   0   0   0   0   0   0 |     TGC   0   0   0   0   0   0
Leu TTA   1   1   1   1   1   1 |     TCA   1   1   1   1   1   1 | *** TAA   0   0   0   0   0   0 | *** TGA   0   0   0   0   0   0
    TTG   1   1   1   1   2   1 |     TCG   0   0   0   0   0   0 |     TAG   0   0   0   0   0   0 | Trp TGG   0   0   0   0   0   0
--------------------------------------------------------------------------------------------------------------------------------------
Leu CTT   0   0   0   0   0   0 | Pro CCT   0   0   0   0   0   0 | His CAT   1   1   1   1   1   1 | Arg CGT   0   0   0   0   0   0
    CTC   0   0   0   0   0   0 |     CCC   0   0   0   0   0   0 |     CAC   0   0   0   0   0   0 |     CGC   0   0   0   0   0   0
    CTA   0   0   0   0   0   0 |     CCA   1   1   1   1   1   1 | Gln CAA   0   0   0   0   0   0 |     CGA   0   0   0   0   0   0
    CTG   1   1   1   1   1   1 |     CCG   0   0   0   0   0   0 |     CAG   0   0   0   0   0   0 |     CGG   0   0   0   0   0   0
--------------------------------------------------------------------------------------------------------------------------------------
Ile ATT   0   0   0   0   0   0 | Thr ACT   0   0   0   0   0   0 | Asn AAT   0   0   0   0   0   0 | Ser AGT   0   0   0   0   0   0
    ATC   0   0   0   0   0   0 |     ACC   0   0   0   0   0   0 |     AAC   0   0   0   0   0   0 |     AGC   0   0   0   0   0   0
    ATA   0   0   0   0   0   0 |     ACA   1   1   1   1   1   1 | Lys AAA   2   2   2   2   2   2 | Arg AGA   1   1   1   1   1   1
Met ATG   2   2   2   2   1   2 |     ACG   0   0   0   0   0   0 |     AAG   2   2   2   2   2   2 |     AGG   0   0   0   0   0   0
--------------------------------------------------------------------------------------------------------------------------------------
Val GTT   0   0   0   0   0   0 | Ala GCT   0   0   0   0   0   0 | Asp GAT   3   3   3   3   3   3 | Gly GGT   0   0   0   0   0   0
    GTC   0   0   0   0   0   0 |     GCC   0   0   0   0   0   0 |     GAC   0   0   0   0   0   0 |     GGC   1   1   1   1   1   1
    GTA   0   0   0   0   0   0 |     GCA   0   0   0   0   0   0 | Glu GAA   2   2   2   2   1   2 |     GGA   0   0   0   0   0   0
    GTG   0   0   0   0   0   0 |     GCG   0   0   0   0   0   0 |     GAG   2   2   2   2   3   2 |     GGG   0   0   0   0   0   0
--------------------------------------------------------------------------------------------------------------------------------------

--------------------------------------------------------------------------------------------------------------------------------------
Phe TTT   0   0   0   0   0   0 | Ser TCT   4   4   4   4   3   4 | Tyr TAT   0   0   0   0   0   0 | Cys TGT   0   0   0   0   0   0
    TTC   0   0   0   0   0   0 |     TCC   0   0   0   0   0   0 |     TAC   0   0   0   0   0   0 |     TGC   0   0   0   0   0   0
Leu TTA   2   1   1   1   1   1 |     TCA   1   1   1   1   2   1 | *** TAA   0   0   0   0   0   0 | *** TGA   0   0   0   0   0   0
    TTG   0   1   1   1   1   1 |     TCG   0   0   0   0   0   0 |     TAG   0   0   0   0   0   0 | Trp TGG   0   0   0   0   0   0
--------------------------------------------------------------------------------------------------------------------------------------
Leu CTT   0   0   0   0   0   0 | Pro CCT   0   0   0   0   0   0 | His CAT   1   1   1   1   1   1 | Arg CGT   0   0   0   0   0   0
    CTC   0   0   0   0   0   0 |     CCC   0   0   0   0   0   0 |     CAC   0   0   0   0   0   0 |     CGC   0   0   0   0   0   0
    CTA   0   0   0   0   0   0 |     CCA   1   1   1   1   1   1 | Gln CAA   0   0   0   0   0   0 |     CGA   0   0   0   0   0   0
    CTG   1   1   1   1   1   1 |     CCG   0   0   0   0   0   0 |     CAG   0   0   0   0   0   0 |     CGG   0   0   0   0   0   0
--------------------------------------------------------------------------------------------------------------------------------------
Ile ATT   0   0   0   0   0   0 | Thr ACT   0   0   0   0   0   0 | Asn AAT   0   0   0   0   0   0 | Ser AGT   0   0   0   0   0   0
    ATC   0   0   0   0   0   0 |     ACC   0   0   0   0   0   0 |     AAC   0   0   0   0   0   0 |     AGC   0   0   0   0   0   0
    ATA   0   0   0   0   0   0 |     ACA   1   1   1   1   1   1 | Lys AAA   2   2   2   2   2   2 | Arg AGA   1   1   1   1   1   1
Met ATG   2   2   2   2   2   2 |     ACG   0   0   0   0   0   0 |     AAG   2   2   2   2   2   2 |     AGG   0   0   0   0   0   0
--------------------------------------------------------------------------------------------------------------------------------------
Val GTT   0   0   0   0   0   0 | Ala GCT   0   0   0   0   0   0 | Asp GAT   3   3   3   3   3   3 | Gly GGT   0   0   0   0   0   0
    GTC   0   0   0   0   0   0 |     GCC   0   0   0   0   0   0 |     GAC   0   0   0   0   0   0 |     GGC   1   1   1   1   1   1
    GTA   0   0   0   0   0   0 |     GCA   0   0   0   0   0   0 | Glu GAA   2   2   2   2   2   2 |     GGA   0   0   0   0   0   0
    GTG   0   0   0   0   0   0 |     GCG   0   0   0   0   0   0 |     GAG   2   2   2   2   2   2 |     GGG   0   0   0   0   0   0
--------------------------------------------------------------------------------------------------------------------------------------

--------------------------------------------------------------------------------------------------------------------------------------
Phe TTT   0   0   0   0   0   0 | Ser TCT   4   4   4   4   4   4 | Tyr TAT   0   0   0   0   0   0 | Cys TGT   0   0   0   0   0   0
    TTC   0   0   0   0   0   0 |     TCC   0   0   0   0   0   0 |     TAC   0   0   0   0   0   0 |     TGC   0   0   0   0   0   0
Leu TTA   1   1   1   0   1   1 |     TCA   1   1   1   1   1   1 | *** TAA   0   0   0   0   0   0 | *** TGA   0   0   0   0   0   0
    TTG   0   0   1   2   1   1 |     TCG   0   0   0   0   0   0 |     TAG   0   0   0   0   0   0 | Trp TGG   0   0   0   0   0   0
--------------------------------------------------------------------------------------------------------------------------------------
Leu CTT   0   0   0   0   0   0 | Pro CCT   0   0   0   0   0   0 | His CAT   1   1   1   1   1   1 | Arg CGT   0   0   0   0   0   0
    CTC   0   0   0   0   0   0 |     CCC   0   0   0   0   0   0 |     CAC   0   0   0   0   0   0 |     CGC   0   0   0   0   0   0
    CTA   0   0   0   0   0   0 |     CCA   1   1   1   1   1   1 | Gln CAA   0   0   0   0   0   0 |     CGA   0   0   0   0   0   0
    CTG   2   2   1   1   1   1 |     CCG   0   0   0   0   0   0 |     CAG   0   0   0   0   0   0 |     CGG   0   0   0   0   0   0
--------------------------------------------------------------------------------------------------------------------------------------
Ile ATT   0   0   0   0   0   0 | Thr ACT   0   0   0   0   0   0 | Asn AAT   0   0   0   0   0   0 | Ser AGT   0   0   0   0   0   0
    ATC   0   0   0   0   0   0 |     ACC   0   0   0   0   0   0 |     AAC   0   0   0   0   0   0 |     AGC   0   0   0   0   0   0
    ATA   0   0   0   0   0   0 |     ACA   1   1   1   1   1   1 | Lys AAA   2   2   2   2   2   2 | Arg AGA   1   1   1   1   1   1
Met ATG   2   2   2   2   2   2 |     ACG   0   0   0   0   0   0 |     AAG   2   2   2   2   2   2 |     AGG   0   0   0   0   0   0
--------------------------------------------------------------------------------------------------------------------------------------
Val GTT   0   0   0   0   0   0 | Ala GCT   0   0   0   0   0   0 | Asp GAT   3   3   3   3   3   3 | Gly GGT   0   0   0   0   0   0
    GTC   0   0   0   0   0   0 |     GCC   0   0   0   0   0   0 |     GAC   0   0   0   0   0   0 |     GGC   1   1   1   1   1   1
    GTA   0   0   0   0   0   0 |     GCA   0   0   0   0   0   0 | Glu GAA   1   1   2   2   2   2 |     GGA   0   0   0   0   0   0
    GTG   0   0   0   0   0   0 |     GCG   0   0   0   0   0   0 |     GAG   3   3   2   2   2   2 |     GGG   0   0   0   0   0   0
--------------------------------------------------------------------------------------------------------------------------------------

--------------------------------------------------------------------------------------------------------------------------------------
Phe TTT   0   0   0   0   0   0 | Ser TCT   4   4   4   4   4   4 | Tyr TAT   0   0   0   0   0   0 | Cys TGT   0   0   0   0   0   0
    TTC   0   0   0   0   0   0 |     TCC   0   0   0   0   0   0 |     TAC   0   0   0   0   0   0 |     TGC   0   0   0   0   0   0
Leu TTA   1   1   1   1   1   1 |     TCA   1   1   1   1   1   1 | *** TAA   0   0   0   0   0   0 | *** TGA   0   0   0   0   0   0
    TTG   1   1   0   1   1   1 |     TCG   0   0   0   0   0   0 |     TAG   0   0   0   0   0   0 | Trp TGG   0   0   0   0   0   0
--------------------------------------------------------------------------------------------------------------------------------------
Leu CTT   0   0   0   0   0   0 | Pro CCT   0   0   0   0   0   0 | His CAT   1   1   1   1   1   1 | Arg CGT   0   0   0   0   0   0
    CTC   0   0   0   0   0   0 |     CCC   0   0   0   0   0   0 |     CAC   0   0   0   0   0   0 |     CGC   0   0   0   0   0   0
    CTA   0   0   0   0   0   0 |     CCA   1   1   1   1   1   1 | Gln CAA   0   0   0   0   0   0 |     CGA   0   0   0   0   0   0
    CTG   1   1   2   1   1   1 |     CCG   0   0   0   0   0   0 |     CAG   0   0   0   0   0   0 |     CGG   0   0   0   0   0   0
--------------------------------------------------------------------------------------------------------------------------------------
Ile ATT   0   0   0   0   0   0 | Thr ACT   0   0   0   0   0   0 | Asn AAT   0   0   0   0   0   0 | Ser AGT   0   0   0   0   0   0
    ATC   0   0   0   0   0   0 |     ACC   0   0   0   0   0   0 |     AAC   0   0   0   0   0   0 |     AGC   0   0   0   0   0   0
    ATA   0   0   0   0   0   0 |     ACA   1   1   1   1   1   1 | Lys AAA   2   2   2   2   2   2 | Arg AGA   1   1   1   1   1   1
Met ATG   2   2   2   2   2   2 |     ACG   0   0   0   0   0   0 |     AAG   2   2   2   2   2   2 |     AGG   0   0   0   0   0   0
--------------------------------------------------------------------------------------------------------------------------------------
Val GTT   0   0   0   0   0   0 | Ala GCT   0   0   0   0   0   0 | Asp GAT   3   3   3   3   3   3 | Gly GGT   0   0   0   0   0   0
    GTC   0   0   0   0   0   0 |     GCC   0   0   0   0   0   0 |     GAC   0   0   0   0   0   0 |     GGC   1   1   1   1   1   1
    GTA   0   0   0   0   0   0 |     GCA   0   0   0   0   0   0 | Glu GAA   2   2   1   2   2   2 |     GGA   0   0   0   0   0   0
    GTG   0   0   0   0   0   0 |     GCG   0   0   0   0   0   0 |     GAG   2   2   3   2   2   2 |     GGG   0   0   0   0   0   0
--------------------------------------------------------------------------------------------------------------------------------------

--------------------------------------------------------------------------------------------------------------------------------------
Phe TTT   0   0   0   0   0   0 | Ser TCT   4   4   4   4   4   4 | Tyr TAT   0   0   0   0   0   0 | Cys TGT   0   0   0   0   0   0
    TTC   0   0   0   0   0   0 |     TCC   0   0   0   0   0   0 |     TAC   0   0   0   0   0   0 |     TGC   0   0   0   0   0   0
Leu TTA   1   1   1   1   1   1 |     TCA   1   1   1   1   1   1 | *** TAA   0   0   0   0   0   0 | *** TGA   0   0   0   0   0   0
    TTG   1   1   1   1   1   0 |     TCG   0   0   0   0   0   0 |     TAG   0   0   0   0   0   0 | Trp TGG   0   0   0   0   0   0
--------------------------------------------------------------------------------------------------------------------------------------
Leu CTT   0   0   0   0   0   0 | Pro CCT   0   0   0   0   0   0 | His CAT   1   1   1   1   1   1 | Arg CGT   0   0   0   0   0   0
    CTC   0   0   0   0   0   0 |     CCC   0   0   0   0   0   0 |     CAC   0   0   0   0   0   0 |     CGC   0   0   0   0   0   0
    CTA   0   0   0   0   0   0 |     CCA   1   1   1   1   1   1 | Gln CAA   0   0   0   0   0   0 |     CGA   0   0   0   0   0   0
    CTG   1   1   1   1   1   2 |     CCG   0   0   0   0   0   0 |     CAG   0   0   0   0   0   0 |     CGG   0   0   0   0   0   0
--------------------------------------------------------------------------------------------------------------------------------------
Ile ATT   0   0   0   0   0   0 | Thr ACT   0   0   0   0   0   0 | Asn AAT   0   0   0   0   0   0 | Ser AGT   0   0   0   0   0   0
    ATC   0   0   0   0   0   0 |     ACC   0   0   0   0   0   0 |     AAC   0   0   0   0   0   0 |     AGC   0   0   0   0   0   0
    ATA   0   0   0   0   0   0 |     ACA   1   1   1   1   1   0 | Lys AAA   2   2   2   2   2   2 | Arg AGA   1   1   1   1   1   1
Met ATG   2   2   2   2   2   2 |     ACG   0   0   0   0   0   1 |     AAG   2   2   2   2   2   2 |     AGG   0   0   0   0   0   0
--------------------------------------------------------------------------------------------------------------------------------------
Val GTT   0   0   0   0   0   0 | Ala GCT   0   0   0   0   0   0 | Asp GAT   3   3   3   3   3   3 | Gly GGT   0   0   0   0   0   0
    GTC   0   0   0   0   0   0 |     GCC   0   0   0   0   0   0 |     GAC   0   0   0   0   0   0 |     GGC   1   1   1   1   1   1
    GTA   0   0   0   0   0   0 |     GCA   0   0   0   0   0   0 | Glu GAA   2   2   2   2   2   1 |     GGA   0   0   0   0   0   0
    GTG   0   0   0   0   0   0 |     GCG   0   0   0   0   0   0 |     GAG   2   2   2   2   2   3 |     GGG   0   0   0   0   0   0
--------------------------------------------------------------------------------------------------------------------------------------

--------------------------------------------------------------------------------------------------------------------------------------
Phe TTT   0   0   0   0   0   0 | Ser TCT   4   4   4   4   4   4 | Tyr TAT   0   0   0   0   0   0 | Cys TGT   0   0   0   0   0   0
    TTC   0   0   0   0   0   0 |     TCC   0   0   0   0   0   0 |     TAC   0   0   0   0   0   0 |     TGC   0   0   0   0   0   0
Leu TTA   1   1   1   1   1   1 |     TCA   1   1   1   1   1   1 | *** TAA   0   0   0   0   0   0 | *** TGA   0   0   0   0   0   0
    TTG   0   1   0   0   1   1 |     TCG   0   0   0   0   0   0 |     TAG   0   0   0   0   0   0 | Trp TGG   0   0   0   0   0   0
--------------------------------------------------------------------------------------------------------------------------------------
Leu CTT   0   0   0   0   0   0 | Pro CCT   0   0   0   0   0   0 | His CAT   1   1   1   1   1   1 | Arg CGT   0   0   0   0   0   0
    CTC   0   0   0   0   0   0 |     CCC   0   0   0   0   0   0 |     CAC   0   0   0   0   0   0 |     CGC   0   0   0   0   0   0
    CTA   0   0   0   0   0   0 |     CCA   1   1   1   1   1   1 | Gln CAA   0   0   0   0   0   0 |     CGA   0   0   0   0   0   0
    CTG   2   1   2   2   1   1 |     CCG   0   0   0   0   0   0 |     CAG   0   0   0   0   0   0 |     CGG   0   0   0   0   0   0
--------------------------------------------------------------------------------------------------------------------------------------
Ile ATT   0   0   0   0   0   0 | Thr ACT   0   0   0   0   0   0 | Asn AAT   0   0   0   0   0   0 | Ser AGT   0   0   0   0   0   0
    ATC   0   0   0   0   0   0 |     ACC   0   0   0   0   0   0 |     AAC   0   0   0   0   0   0 |     AGC   0   0   0   0   0   0
    ATA   0   0   0   0   0   0 |     ACA   1   1   1   1   1   1 | Lys AAA   2   2   2   2   2   2 | Arg AGA   1   1   1   1   1   1
Met ATG   2   2   2   2   2   2 |     ACG   0   0   0   0   0   0 |     AAG   2   2   2   2   2   2 |     AGG   0   0   0   0   0   0
--------------------------------------------------------------------------------------------------------------------------------------
Val GTT   0   0   0   0   0   0 | Ala GCT   0   0   0   0   0   0 | Asp GAT   3   3   3   3   3   3 | Gly GGT   0   0   0   0   0   0
    GTC   0   0   0   0   0   0 |     GCC   0   0   0   0   0   0 |     GAC   0   0   0   0   0   0 |     GGC   1   1   1   1   1   1
    GTA   0   0   0   0   0   0 |     GCA   0   0   0   0   0   0 | Glu GAA   1   2   1   1   2   2 |     GGA   0   0   0   0   0   0
    GTG   0   0   0   0   0   0 |     GCG   0   0   0   0   0   0 |     GAG   3   2   3   3   2   2 |     GGG   0   0   0   0   0   0
--------------------------------------------------------------------------------------------------------------------------------------

--------------------------------------------------------------------------------------------------------------------------------------
Phe TTT   0   0   0   0   0   0 | Ser TCT   4   4   4   4   4   4 | Tyr TAT   0   0   0   0   0   0 | Cys TGT   0   0   0   0   0   0
    TTC   0   0   0   0   0   0 |     TCC   0   0   0   0   0   0 |     TAC   0   0   0   0   0   0 |     TGC   0   0   0   0   0   0
Leu TTA   1   1   1   1   1   1 |     TCA   1   1   1   1   1   1 | *** TAA   0   0   0   0   0   0 | *** TGA   0   0   0   0   0   0
    TTG   1   1   1   1   1   1 |     TCG   0   0   0   0   0   0 |     TAG   0   0   0   0   0   0 | Trp TGG   0   0   0   0   0   0
--------------------------------------------------------------------------------------------------------------------------------------
Leu CTT   0   0   0   0   0   0 | Pro CCT   0   0   0   0   0   0 | His CAT   1   1   1   1   1   1 | Arg CGT   0   0   0   0   0   0
    CTC   0   0   0   0   0   0 |     CCC   0   0   0   0   0   0 |     CAC   0   0   0   0   0   0 |     CGC   0   0   0   0   0   0
    CTA   0   0   0   0   0   0 |     CCA   1   1   1   1   1   1 | Gln CAA   0   0   0   0   0   0 |     CGA   0   0   0   0   0   0
    CTG   1   1   1   1   1   1 |     CCG   0   0   0   0   0   0 |     CAG   0   0   0   0   0   0 |     CGG   0   0   0   0   0   0
--------------------------------------------------------------------------------------------------------------------------------------
Ile ATT   0   0   0   0   0   0 | Thr ACT   0   0   0   0   0   0 | Asn AAT   0   0   0   0   0   0 | Ser AGT   0   0   0   0   0   0
    ATC   0   0   0   0   0   0 |     ACC   0   0   0   0   0   0 |     AAC   0   0   0   0   0   0 |     AGC   0   0   0   0   0   0
    ATA   0   0   0   0   0   0 |     ACA   1   1   1   1   1   1 | Lys AAA   2   2   2   2   2   2 | Arg AGA   1   1   1   1   1   1
Met ATG   2   2   2   2   2   2 |     ACG   0   0   0   0   0   0 |     AAG   2   2   2   2   2   2 |     AGG   0   0   0   0   0   0
--------------------------------------------------------------------------------------------------------------------------------------
Val GTT   0   0   0   0   0   0 | Ala GCT   0   0   0   0   0   0 | Asp GAT   3   3   3   3   3   3 | Gly GGT   0   0   0   0   0   0
    GTC   0   0   0   0   0   0 |     GCC   0   0   0   0   0   0 |     GAC   0   0   0   0   0   0 |     GGC   1   1   1   1   1   1
    GTA   0   0   0   0   0   0 |     GCA   0   0   0   0   0   0 | Glu GAA   2   2   2   2   2   2 |     GGA   0   0   0   0   0   0
    GTG   0   0   0   0   0   0 |     GCG   0   0   0   0   0   0 |     GAG   2   2   2   2   2   2 |     GGG   0   0   0   0   0   0
--------------------------------------------------------------------------------------------------------------------------------------

Codon position x base (3x4) table for each sequence.

#1: Argali         
position  1:    T:0.23077    C:0.15385    A:0.30769    G:0.30769
position  2:    T:0.19231    C:0.26923    A:0.46154    G:0.07692
position  3:    T:0.30769    C:0.03846    A:0.34615    G:0.30769
Average         T:0.24359    C:0.15385    A:0.37179    G:0.23077

#2: LesserMouseDeer
position  1:    T:0.23077    C:0.15385    A:0.30769    G:0.30769
position  2:    T:0.19231    C:0.26923    A:0.46154    G:0.07692
position  3:    T:0.30769    C:0.03846    A:0.26923    G:0.38462
Average         T:0.24359    C:0.15385    A:0.34615    G:0.25641

#3: LesserKudu     
position  1:    T:0.26923    C:0.11538    A:0.30769    G:0.30769
position  2:    T:0.19231    C:0.26923    A:0.46154    G:0.07692
position  3:    T:0.30769    C:0.03846    A:0.34615    G:0.30769
Average         T:0.25641    C:0.14103    A:0.37179    G:0.23077

#4: ForestMuskDeer2
position  1:    T:0.26923    C:0.11538    A:0.30769    G:0.30769
position  2:    T:0.19231    C:0.26923    A:0.46154    G:0.07692
position  3:    T:0.30769    C:0.03846    A:0.34615    G:0.30769
Average         T:0.25641    C:0.14103    A:0.37179    G:0.23077

#5: Camel          
position  1:    T:0.23077    C:0.15385    A:0.30769    G:0.30769
position  2:    T:0.23077    C:0.26923    A:0.42308    G:0.07692
position  3:    T:0.30769    C:0.03846    A:0.34615    G:0.30769
Average         T:0.25641    C:0.15385    A:0.35897    G:0.23077

#6: KillerWhale    
position  1:    T:0.26923    C:0.11538    A:0.30769    G:0.30769
position  2:    T:0.19231    C:0.26923    A:0.46154    G:0.07692
position  3:    T:0.26923    C:0.03846    A:0.38462    G:0.30769
Average         T:0.24359    C:0.14103    A:0.38462    G:0.23077

#7: DefassaWaterbuck
position  1:    T:0.26923    C:0.11538    A:0.30769    G:0.30769
position  2:    T:0.19231    C:0.26923    A:0.46154    G:0.07692
position  3:    T:0.30769    C:0.03846    A:0.34615    G:0.30769
Average         T:0.25641    C:0.14103    A:0.37179    G:0.23077

#8: Sheep          
position  1:    T:0.23077    C:0.15385    A:0.30769    G:0.30769
position  2:    T:0.19231    C:0.26923    A:0.46154    G:0.07692
position  3:    T:0.26923    C:0.07692    A:0.34615    G:0.30769
Average         T:0.23077    C:0.16667    A:0.37179    G:0.23077

#9: MaxwellsDuiker 
position  1:    T:0.26923    C:0.11538    A:0.30769    G:0.30769
position  2:    T:0.19231    C:0.26923    A:0.46154    G:0.07692
position  3:    T:0.30769    C:0.03846    A:0.34615    G:0.30769
Average         T:0.25641    C:0.14103    A:0.37179    G:0.23077

#10: GazellaPrzewalskyi
position  1:    T:0.26923    C:0.11538    A:0.30769    G:0.30769
position  2:    T:0.19231    C:0.26923    A:0.46154    G:0.07692
position  3:    T:0.30769    C:0.03846    A:0.26923    G:0.38462
Average         T:0.25641    C:0.14103    A:0.34615    G:0.25641

#11: MountainNyala  
position  1:    T:0.26923    C:0.11538    A:0.30769    G:0.30769
position  2:    T:0.19231    C:0.26923    A:0.46154    G:0.07692
position  3:    T:0.30769    C:0.03846    A:0.34615    G:0.30769
Average         T:0.25641    C:0.14103    A:0.37179    G:0.23077

#12: MuntiacusMuntjak
position  1:    T:0.23077    C:0.15385    A:0.30769    G:0.30769
position  2:    T:0.19231    C:0.26923    A:0.46154    G:0.07692
position  3:    T:0.30769    C:0.03846    A:0.30769    G:0.34615
Average         T:0.24359    C:0.15385    A:0.35897    G:0.24359

#13: goat           
position  1:    T:0.26923    C:0.11538    A:0.30769    G:0.30769
position  2:    T:0.19231    C:0.26923    A:0.46154    G:0.07692
position  3:    T:0.30769    C:0.03846    A:0.34615    G:0.30769
Average         T:0.25641    C:0.14103    A:0.37179    G:0.23077

#14: AfricanBuffalo 
position  1:    T:0.26923    C:0.11538    A:0.30769    G:0.30769
position  2:    T:0.19231    C:0.26923    A:0.46154    G:0.07692
position  3:    T:0.30769    C:0.03846    A:0.34615    G:0.30769
Average         T:0.25641    C:0.14103    A:0.37179    G:0.23077

#15: Topi           
position  1:    T:0.26923    C:0.11538    A:0.30769    G:0.30769
position  2:    T:0.19231    C:0.26923    A:0.46154    G:0.07692
position  3:    T:0.30769    C:0.03846    A:0.34615    G:0.30769
Average         T:0.25641    C:0.14103    A:0.37179    G:0.23077

#16: CommonDuiker   
position  1:    T:0.26923    C:0.11538    A:0.30769    G:0.30769
position  2:    T:0.19231    C:0.26923    A:0.46154    G:0.07692
position  3:    T:0.30769    C:0.03846    A:0.34615    G:0.30769
Average         T:0.25641    C:0.14103    A:0.37179    G:0.23077

#17: Suni           
position  1:    T:0.30769    C:0.11538    A:0.26923    G:0.30769
position  2:    T:0.19231    C:0.26923    A:0.46154    G:0.07692
position  3:    T:0.30769    C:0.03846    A:0.30769    G:0.34615
Average         T:0.26923    C:0.14103    A:0.34615    G:0.24359

#18: Springbuck     
position  1:    T:0.26923    C:0.11538    A:0.30769    G:0.30769
position  2:    T:0.19231    C:0.26923    A:0.46154    G:0.07692
position  3:    T:0.30769    C:0.03846    A:0.34615    G:0.30769
Average         T:0.25641    C:0.14103    A:0.37179    G:0.23077

#19: Okapi          
position  1:    T:0.26923    C:0.11538    A:0.30769    G:0.30769
position  2:    T:0.19231    C:0.26923    A:0.46154    G:0.07692
position  3:    T:0.30769    C:0.03846    A:0.38462    G:0.26923
Average         T:0.25641    C:0.14103    A:0.38462    G:0.21795

#20: Giraffe        
position  1:    T:0.26923    C:0.11538    A:0.30769    G:0.30769
position  2:    T:0.19231    C:0.26923    A:0.46154    G:0.07692
position  3:    T:0.30769    C:0.03846    A:0.34615    G:0.30769
Average         T:0.25641    C:0.14103    A:0.37179    G:0.23077

#21: TibetanAntelope
position  1:    T:0.26923    C:0.11538    A:0.30769    G:0.30769
position  2:    T:0.19231    C:0.26923    A:0.46154    G:0.07692
position  3:    T:0.30769    C:0.03846    A:0.34615    G:0.30769
Average         T:0.25641    C:0.14103    A:0.37179    G:0.23077

#22: Sitatunga      
position  1:    T:0.26923    C:0.11538    A:0.30769    G:0.30769
position  2:    T:0.19231    C:0.26923    A:0.46154    G:0.07692
position  3:    T:0.30769    C:0.03846    A:0.34615    G:0.30769
Average         T:0.25641    C:0.14103    A:0.37179    G:0.23077

#23: Oribi          
position  1:    T:0.26923    C:0.11538    A:0.30769    G:0.30769
position  2:    T:0.19231    C:0.26923    A:0.46154    G:0.07692
position  3:    T:0.26923    C:0.03846    A:0.38462    G:0.30769
Average         T:0.24359    C:0.14103    A:0.38462    G:0.23077

#24: BarbarySheep   
position  1:    T:0.26923    C:0.11538    A:0.30769    G:0.30769
position  2:    T:0.19231    C:0.26923    A:0.46154    G:0.07692
position  3:    T:0.30769    C:0.03846    A:0.34615    G:0.30769
Average         T:0.25641    C:0.14103    A:0.37179    G:0.23077

#25: Daviddeer      
position  1:    T:0.23077    C:0.15385    A:0.30769    G:0.30769
position  2:    T:0.19231    C:0.26923    A:0.46154    G:0.07692
position  3:    T:0.30769    C:0.03846    A:0.30769    G:0.34615
Average         T:0.24359    C:0.15385    A:0.35897    G:0.24359

#26: Reindeer       
position  1:    T:0.23077    C:0.15385    A:0.30769    G:0.30769
position  2:    T:0.19231    C:0.26923    A:0.46154    G:0.07692
position  3:    T:0.30769    C:0.03846    A:0.30769    G:0.34615
Average         T:0.24359    C:0.15385    A:0.35897    G:0.24359

#27: Ibex           
position  1:    T:0.26923    C:0.11538    A:0.30769    G:0.30769
position  2:    T:0.19231    C:0.26923    A:0.46154    G:0.07692
position  3:    T:0.30769    C:0.03846    A:0.34615    G:0.30769
Average         T:0.25641    C:0.14103    A:0.37179    G:0.23077

#28: GyrantGazelle  
position  1:    T:0.26923    C:0.11538    A:0.30769    G:0.30769
position  2:    T:0.19231    C:0.26923    A:0.46154    G:0.07692
position  3:    T:0.30769    C:0.03846    A:0.30769    G:0.34615
Average         T:0.25641    C:0.14103    A:0.35897    G:0.24359

#29: Hartebeest     
position  1:    T:0.26923    C:0.11538    A:0.30769    G:0.30769
position  2:    T:0.19231    C:0.26923    A:0.46154    G:0.07692
position  3:    T:0.30769    C:0.03846    A:0.34615    G:0.30769
Average         T:0.25641    C:0.14103    A:0.37179    G:0.23077

#30: Bongo          
position  1:    T:0.26923    C:0.11538    A:0.30769    G:0.30769
position  2:    T:0.19231    C:0.26923    A:0.46154    G:0.07692
position  3:    T:0.30769    C:0.03846    A:0.34615    G:0.30769
Average         T:0.25641    C:0.14103    A:0.37179    G:0.23077

#31: Gerenuk        
position  1:    T:0.26923    C:0.11538    A:0.30769    G:0.30769
position  2:    T:0.19231    C:0.26923    A:0.46154    G:0.07692
position  3:    T:0.30769    C:0.03846    A:0.34615    G:0.30769
Average         T:0.25641    C:0.14103    A:0.37179    G:0.23077

#32: CommonEland    
position  1:    T:0.26923    C:0.11538    A:0.30769    G:0.30769
position  2:    T:0.19231    C:0.26923    A:0.46154    G:0.07692
position  3:    T:0.30769    C:0.03846    A:0.34615    G:0.30769
Average         T:0.25641    C:0.14103    A:0.37179    G:0.23077

#33: MuntiacusReevesi
position  1:    T:0.23077    C:0.15385    A:0.30769    G:0.30769
position  2:    T:0.19231    C:0.26923    A:0.46154    G:0.07692
position  3:    T:0.30769    C:0.03846    A:0.30769    G:0.34615
Average         T:0.24359    C:0.15385    A:0.35897    G:0.24359

#34: HarveysDuiker  
position  1:    T:0.26923    C:0.11538    A:0.30769    G:0.30769
position  2:    T:0.19231    C:0.26923    A:0.46154    G:0.07692
position  3:    T:0.30769    C:0.03846    A:0.34615    G:0.30769
Average         T:0.25641    C:0.14103    A:0.37179    G:0.23077

#35: Pronghorn      
position  1:    T:0.26923    C:0.11538    A:0.30769    G:0.30769
position  2:    T:0.19231    C:0.26923    A:0.46154    G:0.07692
position  3:    T:0.30769    C:0.03846    A:0.34615    G:0.30769
Average         T:0.25641    C:0.14103    A:0.37179    G:0.23077

#36: BlueWildebeest 
position  1:    T:0.26923    C:0.11538    A:0.30769    G:0.30769
position  2:    T:0.19231    C:0.26923    A:0.46154    G:0.07692
position  3:    T:0.30769    C:0.03846    A:0.34615    G:0.30769
Average         T:0.25641    C:0.14103    A:0.37179    G:0.23077

#37: Gemsbok        
position  1:    T:0.26923    C:0.11538    A:0.30769    G:0.30769
position  2:    T:0.19231    C:0.26923    A:0.46154    G:0.07692
position  3:    T:0.30769    C:0.03846    A:0.34615    G:0.30769
Average         T:0.25641    C:0.14103    A:0.37179    G:0.23077

#38: Yak            
position  1:    T:0.26923    C:0.11538    A:0.30769    G:0.30769
position  2:    T:0.19231    C:0.26923    A:0.46154    G:0.07692
position  3:    T:0.30769    C:0.03846    A:0.34615    G:0.30769
Average         T:0.25641    C:0.14103    A:0.37179    G:0.23077

#39: BlueSheep      
position  1:    T:0.26923    C:0.11538    A:0.30769    G:0.30769
position  2:    T:0.19231    C:0.26923    A:0.46154    G:0.07692
position  3:    T:0.30769    C:0.03846    A:0.34615    G:0.30769
Average         T:0.25641    C:0.14103    A:0.37179    G:0.23077

#40: BohorReedbuck  
position  1:    T:0.26923    C:0.11538    A:0.30769    G:0.30769
position  2:    T:0.19231    C:0.26923    A:0.46154    G:0.07692
position  3:    T:0.30769    C:0.03846    A:0.34615    G:0.30769
Average         T:0.25641    C:0.14103    A:0.37179    G:0.23077

#41: KirksDik       
position  1:    T:0.26923    C:0.11538    A:0.30769    G:0.30769
position  2:    T:0.19231    C:0.26923    A:0.46154    G:0.07692
position  3:    T:0.30769    C:0.03846    A:0.34615    G:0.30769
Average         T:0.25641    C:0.14103    A:0.37179    G:0.23077

#42: RoeDeer        
position  1:    T:0.23077    C:0.15385    A:0.30769    G:0.30769
position  2:    T:0.19231    C:0.26923    A:0.46154    G:0.07692
position  3:    T:0.30769    C:0.03846    A:0.26923    G:0.38462
Average         T:0.24359    C:0.15385    A:0.34615    G:0.25641

#43: WhiteLippedDeer
position  1:    T:0.23077    C:0.15385    A:0.30769    G:0.30769
position  2:    T:0.19231    C:0.26923    A:0.46154    G:0.07692
position  3:    T:0.30769    C:0.03846    A:0.30769    G:0.34615
Average         T:0.24359    C:0.15385    A:0.35897    G:0.24359

#44: ThomsonGazelle 
position  1:    T:0.26923    C:0.11538    A:0.30769    G:0.30769
position  2:    T:0.19231    C:0.26923    A:0.46154    G:0.07692
position  3:    T:0.30769    C:0.03846    A:0.34615    G:0.30769
Average         T:0.25641    C:0.14103    A:0.37179    G:0.23077

#45: MuntiacusCrinifrons
position  1:    T:0.23077    C:0.15385    A:0.30769    G:0.30769
position  2:    T:0.19231    C:0.26923    A:0.46154    G:0.07692
position  3:    T:0.30769    C:0.03846    A:0.30769    G:0.34615
Average         T:0.24359    C:0.15385    A:0.35897    G:0.24359

#46: WhiteTailedDeer
position  1:    T:0.23077    C:0.15385    A:0.30769    G:0.30769
position  2:    T:0.19231    C:0.26923    A:0.46154    G:0.07692
position  3:    T:0.30769    C:0.03846    A:0.30769    G:0.34615
Average         T:0.24359    C:0.15385    A:0.35897    G:0.24359

#47: Cattle         
position  1:    T:0.26923    C:0.11538    A:0.30769    G:0.30769
position  2:    T:0.19231    C:0.26923    A:0.46154    G:0.07692
position  3:    T:0.30769    C:0.03846    A:0.34615    G:0.30769
Average         T:0.25641    C:0.14103    A:0.37179    G:0.23077

#48: RoyalAntelope  
position  1:    T:0.26923    C:0.11538    A:0.30769    G:0.30769
position  2:    T:0.19231    C:0.26923    A:0.46154    G:0.07692
position  3:    T:0.30769    C:0.03846    A:0.34615    G:0.30769
Average         T:0.25641    C:0.14103    A:0.37179    G:0.23077

#49: Steenbok       
position  1:    T:0.26923    C:0.11538    A:0.30769    G:0.30769
position  2:    T:0.19231    C:0.26923    A:0.46154    G:0.07692
position  3:    T:0.30769    C:0.03846    A:0.34615    G:0.30769
Average         T:0.25641    C:0.14103    A:0.37179    G:0.23077

#50: Impala         
position  1:    T:0.26923    C:0.11538    A:0.30769    G:0.30769
position  2:    T:0.19231    C:0.26923    A:0.46154    G:0.07692
position  3:    T:0.30769    C:0.03846    A:0.34615    G:0.30769
Average         T:0.25641    C:0.14103    A:0.37179    G:0.23077

#51: Klipspringer   
position  1:    T:0.26923    C:0.11538    A:0.30769    G:0.30769
position  2:    T:0.19231    C:0.26923    A:0.46154    G:0.07692
