1
52 1
Argali 0.000000 0.081600 0.025100 0.050700 0.000000 0.000000 0.000100 0.025500 0.050300 0.024900 0.000000 0.051900 0.000000 0.000100 0.000200 0.050200 0.000100 0.079000 0.000000 0.025100 0.025000 0.000100 0.024300 0.024600 0.000000 0.050200 0.000100 0.025100 0.100800 0.025100 0.000500 0.025300 0.160300 0.000000 0.000000 0.000100 0.000000 0.000100 0.025200 0.024500 0.024300 0.050200 0.000700 0.000200 0.000200 0.050200 0.025200 0.050300 0.024400 0.074900 0.025100 0.000200
LesserMous 0.081600 0.000000 0.111500 0.140600 0.081600 0.081600 0.081000 0.113200 0.138400 0.109200 0.081600 0.112400 0.081600 0.081000 0.088800 0.139100 0.081000 0.113200 0.081600 0.111500 0.111100 0.081300 0.106800 0.107100 0.081600 0.139100 0.081400 0.110900 0.194400 0.111500 0.082300 0.054300 0.201400 0.081600 0.081600 0.081000 0.081600 0.081200 0.111700 0.106900 0.106800 0.139100 0.082200 0.080400 0.081300 0.137500 0.111700 0.138400 0.108300 0.162900 0.111500 0.080200
LesserKudu 0.025100 0.111500 0.000000 0.077500 0.025100 0.025100 0.025000 0.052000 0.024800 0.050600 0.025100 0.079500 0.025100 0.025000 0.024800 0.076600 0.025000 0.107700 0.025100 0.000000 0.050900 0.025000 0.049500 0.050000 0.025100 0.076600 0.025000 0.000200 0.128000 0.000000 0.025300 0.051700 0.190800 0.025100 0.025100 0.025000 0.025100 0.025000 0.051300 0.049600 0.049500 0.076600 0.025200 0.024800 0.025000 0.076400 0.051300 0.076800 0.050000 0.101200 0.000000 0.024700
KillerWhal 0.050700 0.140600 0.077500 0.000000 0.050700 0.050700 0.050300 0.078400 0.103200 0.064300 0.050700 0.106700 0.050700 0.050300 0.050200 0.102800 0.050300 0.135700 0.050700 0.077500 0.076900 0.050500 0.074600 0.075800 0.050700 0.102800 0.050600 0.077300 0.155100 0.077500 0.035200 0.078100 0.160700 0.050700 0.050700 0.050300 0.050700 0.050400 0.077500 0.075100 0.074600 0.102800 0.033600 0.050000 0.050400 0.103100 0.077500 0.094700 0.075600 0.128300 0.077500 0.050000
DefassaWat 0.000000 0.081600 0.025100 0.050700 0.000000 0.000000 0.000100 0.025500 0.050300 0.024900 0.000000 0.051900 0.000000 0.000100 0.000200 0.050200 0.000100 0.079000 0.000000 0.025100 0.025000 0.000100 0.024300 0.024600 0.000000 0.050200 0.000100 0.025100 0.100800 0.025100 0.000500 0.025300 0.160300 0.000000 0.000000 0.000100 0.000000 0.000100 0.025200 0.024500 0.024300 0.050200 0.000700 0.000200 0.000200 0.050200 0.025200 0.050300 0.024400 0.074900 0.025100 0.000200
Sheep 0.000000 0.081600 0.025100 0.050700 0.000000 0.000000 0.000100 0.025500 0.050300 0.024900 0.000000 0.051900 0.000000 0.000100 0.000200 0.050200 0.000100 0.079000 0.000000 0.025100 0.025000 0.000100 0.024300 0.024600 0.000000 0.050200 0.000100 0.025100 0.100800 0.025100 0.000500 0.025300 0.160300 0.000000 0.000000 0.000100 0.000000 0.000100 0.025200 0.024500 0.024300 0.050200 0.000700 0.000200 0.000200 0.050200 0.025200 0.050300 0.024400 0.074900 0.025100 0.000200
MaxwellsDu 0.000100 0.081000 0.025000 0.050300 0.000100 0.000100 0.000000 0.025300 0.049800 0.024800 0.000100 0.051500 0.000100 0.000000 0.000300 0.049700 0.000000 0.078400 0.000100 0.025000 0.024800 0.000200 0.024100 0.024400 0.000100 0.049700 0.000200 0.024900 0.099800 0.025000 0.000400 0.025100 0.158800 0.000100 0.000100 0.000000 0.000100 0.000200 0.025000 0.024300 0.024100 0.049700 0.000600 0.000100 0.000100 0.049700 0.025000 0.049900 0.024300 0.074300 0.025000 0.000100
GazellaPrz 0.025500 0.113200 0.052000 0.078400 0.025500 0.025500 0.025300 0.000000 0.077800 0.051200 0.025500 0.080600 0.025500 0.025300 0.025300 0.025200 0.025300 0.109200 0.025500 0.052000 0.000200 0.025400 0.050100 0.050600 0.025500 0.025200 0.025400 0.051900 0.075600 0.052000 0.025600 0.052400 0.193500 0.025500 0.025500 0.025300 0.025500 0.025400 0.000100 0.050300 0.050100 0.025200 0.025500 0.025100 0.025400 0.077500 0.000100 0.077900 0.050700 0.102500 0.052000 0.025100
MountainNy 0.050300 0.138400 0.024800 0.103200 0.050300 0.050300 0.049800 0.077800 0.000000 0.076000 0.050300 0.105700 0.050300 0.049800 0.074900 0.101900 0.049800 0.134200 0.050300 0.024800 0.076100 0.050000 0.074100 0.024100 0.050300 0.101900 0.050100 0.024500 0.153900 0.024800 0.050600 0.077200 0.218900 0.050300 0.050300 0.049800 0.050300 0.050000 0.076700 0.074500 0.074100 0.101900 0.050600 0.049500 0.049900 0.101900 0.076700 0.102400 0.075000 0.127200 0.024800 0.049000
MuntiacusM 0.024900 0.109200 0.050600 0.064300 0.024900 0.024900 0.024800 0.051200 0.076000 0.000000 0.024900 0.078300 0.024900 0.024800 0.024800 0.075500 0.024800 0.105600 0.024900 0.050600 0.050200 0.024900 0.049000 0.049700 0.024900 0.075500 0.024900 0.050500 0.126900 0.050600 0.024700 0.051000 0.188100 0.024900 0.024900 0.024800 0.024900 0.024900 0.050600 0.049400 0.049000 0.075500 0.024800 0.024600 0.024800 0.075900 0.050600 0.076000 0.049400 0.048900 0.050600 0.024600
goat 0.000000 0.081600 0.025100 0.050700 0.000000 0.000000 0.000100 0.025500 0.050300 0.024900 0.000000 0.051900 0.000000 0.000100 0.000200 0.050200 0.000100 0.079000 0.000000 0.025100 0.025000 0.000100 0.024300 0.024600 0.000000 0.050200 0.000100 0.025100 0.100800 0.025100 0.000500 0.025300 0.160300 0.000000 0.000000 0.000100 0.000000 0.000100 0.025200 0.024500 0.024300 0.050200 0.000700 0.000200 0.000200 0.050200 0.025200 0.050300 0.024400 0.074900 0.025100 0.000200
AfricanBuf 0.051900 0.112400 0.079500 0.106700 0.051900 0.051900 0.051500 0.080600 0.105700 0.078300 0.051900 0.000000 0.051900 0.051500 0.051400 0.105700 0.051500 0.139300 0.051900 0.079500 0.079000 0.051700 0.076600 0.077400 0.051900 0.105700 0.051800 0.079300 0.158800 0.079500 0.052300 0.080100 0.163500 0.051900 0.051900 0.051500 0.051900 0.051700 0.079500 0.076700 0.076600 0.105700 0.052400 0.051200 0.051600 0.105400 0.079500 0.105900 0.077500 0.130800 0.079500 0.051100
Topi 0.000000 0.081600 0.025100 0.050700 0.000000 0.000000 0.000100 0.025500 0.050300 0.024900 0.000000 0.051900 0.000000 0.000100 0.000200 0.050200 0.000100 0.079000 0.000000 0.025100 0.025000 0.000100 0.024300 0.024600 0.000000 0.050200 0.000100 0.025100 0.100800 0.025100 0.000500 0.025300 0.160300 0.000000 0.000000 0.000100 0.000000 0.000100 0.025200 0.024500 0.024300 0.050200 0.000700 0.000200 0.000200 0.050200 0.025200 0.050300 0.024400 0.074900 0.025100 0.000200
CommonDuik 0.000100 0.081000 0.025000 0.050300 0.000100 0.000100 0.000000 0.025300 0.049800 0.024800 0.000100 0.051500 0.000100 0.000000 0.000300 0.049700 0.000000 0.078400 0.000100 0.025000 0.024800 0.000200 0.024100 0.024400 0.000100 0.049700 0.000200 0.024900 0.099800 0.025000 0.000400 0.025100 0.158800 0.000100 0.000100 0.000000 0.000100 0.000200 0.025000 0.024300 0.024100 0.049700 0.000600 0.000100 0.000100 0.049700 0.025000 0.049900 0.024300 0.074300 0.025000 0.000100
Suni 0.000200 0.088800 0.024800 0.050200 0.000200 0.000200 0.000300 0.025300 0.074900 0.024800 0.000200 0.051400 0.000200 0.000300 0.000000 0.049700 0.000300 0.078200 0.000200 0.024800 0.024700 0.000300 0.023800 0.048800 0.000200 0.049700 0.000300 0.049800 0.100000 0.024800 0.000700 0.025100 0.158900 0.000200 0.000200 0.000300 0.000200 0.000300 0.024900 0.024300 0.023800 0.049700 0.001000 0.000500 0.000500 0.049600 0.024900 0.049600 0.023800 0.074300 0.024800 0.024100
Springbuck 0.050200 0.139100 0.076600 0.102800 0.050200 0.050200 0.049700 0.025200 0.101900 0.075500 0.050200 0.105700 0.050200 0.049700 0.049700 0.000000 0.049700 0.134700 0.050200 0.076600 0.024700 0.049900 0.073900 0.074600 0.050200 0.000000 0.050000 0.076400 0.048200 0.076600 0.050200 0.077300 0.187200 0.050200 0.050200 0.049700 0.050200 0.049900 0.024800 0.074200 0.073900 0.000000 0.049900 0.049400 0.049800 0.101600 0.024800 0.102000 0.075000 0.126000 0.076600 0.049300
Okapi 0.000100 0.081000 0.025000 0.050300 0.000100 0.000100 0.000000 0.025300 0.049800 0.024800 0.000100 0.051500 0.000100 0.000000 0.000300 0.049700 0.000000 0.078400 0.000100 0.025000 0.024800 0.000200 0.024100 0.024400 0.000100 0.049700 0.000200 0.024900 0.099800 0.025000 0.000400 0.025100 0.158800 0.000100 0.000100 0.000000 0.000100 0.000200 0.025000 0.024300 0.024100 0.049700 0.000600 0.000100 0.000100 0.049700 0.025000 0.049900 0.024300 0.074300 0.025000 0.000100
Giraffe 0.079000 0.113200 0.107700 0.135700 0.079000 0.079000 0.078400 0.109200 0.134200 0.105600 0.079000 0.139300 0.079000 0.078400 0.078200 0.134700 0.078400 0.000000 0.079000 0.107700 0.107200 0.078600 0.103600 0.104100 0.079000 0.134700 0.078700 0.107300 0.188700 0.107700 0.079500 0.052400 0.260900 0.079000 0.079000 0.078400 0.079000 0.078600 0.108000 0.103700 0.103600 0.134700 0.079300 0.077800 0.078500 0.133800 0.108000 0.134300 0.105100 0.158600 0.107700 0.077700
TibetanAnt 0.000000 0.081600 0.025100 0.050700 0.000000 0.000000 0.000100 0.025500 0.050300 0.024900 0.000000 0.051900 0.000000 0.000100 0.000200 0.050200 0.000100 0.079000 0.000000 0.025100 0.025000 0.000100 0.024300 0.024600 0.000000 0.050200 0.000100 0.025100 0.100800 0.025100 0.000500 0.025300 0.160300 0.000000 0.000000 0.000100 0.000000 0.000100 0.025200 0.024500 0.024300 0.050200 0.000700 0.000200 0.000200 0.050200 0.025200 0.050300 0.024400 0.074900 0.025100 0.000200
Sitatunga 0.025100 0.111500 0.000000 0.077500 0.025100 0.025100 0.025000 0.052000 0.024800 0.050600 0.025100 0.079500 0.025100 0.025000 0.024800 0.076600 0.025000 0.107700 0.025100 0.000000 0.050900 0.025000 0.049500 0.050000 0.025100 0.076600 0.025000 0.000200 0.128000 0.000000 0.025300 0.051700 0.190800 0.025100 0.025100 0.025000 0.025100 0.025000 0.051300 0.049600 0.049500 0.076600 0.025200 0.024800 0.025000 0.076400 0.051300 0.076800 0.050000 0.101200 0.000000 0.024700
Oribi 0.025000 0.111100 0.050900 0.076900 0.025000 0.025000 0.024800 0.000200 0.076100 0.050200 0.025000 0.079000 0.025000 0.024800 0.024700 0.024700 0.024800 0.107200 0.025000 0.050900 0.000000 0.024900 0.049000 0.049500 0.025000 0.024700 0.024900 0.050700 0.074100 0.050900 0.024900 0.051400 0.188600 0.025000 0.025000 0.024800 0.025000 0.024900 0.000100 0.049300 0.049000 0.024700 0.024800 0.024600 0.024800 0.075900 0.000100 0.076200 0.049700 0.100400 0.050900 0.024500
BarbaryShe 0.000100 0.081300 0.025000 0.050500 0.000100 0.000100 0.000200 0.025400 0.050000 0.024900 0.000100 0.051700 0.000100 0.000200 0.000300 0.049900 0.000200 0.078600 0.000100 0.025000 0.024900 0.000000 0.024100 0.024400 0.000100 0.049900 0.000200 0.024900 0.100300 0.025000 0.000600 0.025200 0.159100 0.000100 0.000100 0.000200 0.000100 0.000200 0.025100 0.024400 0.024100 0.049900 0.000800 0.000400 0.000300 0.049800 0.025100 0.050000 0.024100 0.074600 0.025000 0.000300
Daviddeer 0.024300 0.106800 0.049500 0.074600 0.024300 0.024300 0.024100 0.050100 0.074100 0.049000 0.024300 0.076600 0.024300 0.024100 0.023800 0.073900 0.024100 0.103600 0.024300 0.049500 0.049000 0.024100 0.000000 0.048500 0.024300 0.073900 0.024100 0.049300 0.123900 0.049500 0.024400 0.049800 0.184300 0.024300 0.024300 0.024100 0.024300 0.024100 0.049400 0.048000 0.000000 0.073900 0.024200 0.024000 0.024100 0.074000 0.049400 0.024100 0.000500 0.098300 0.049500 0.023900
Reindeer 0.024600 0.107100 0.050000 0.075800 0.024600 0.024600 0.024400 0.050600 0.024100 0.049700 0.024600 0.077400 0.024600 0.024400 0.048800 0.074600 0.024400 0.104100 0.024600 0.050000 0.049500 0.024400 0.048500 0.000000 0.024600 0.074600 0.024400 0.049400 0.125600 0.050000 0.024700 0.050100 0.187000 0.024600 0.024600 0.024400 0.024600 0.024400 0.049900 0.048800 0.048500 0.074600 0.024700 0.024300 0.024400 0.074900 0.049900 0.075000 0.048600 0.100100 0.050000 0.024000
Ibex 0.000000 0.081600 0.025100 0.050700 0.000000 0.000000 0.000100 0.025500 0.050300 0.024900 0.000000 0.051900 0.000000 0.000100 0.000200 0.050200 0.000100 0.079000 0.000000 0.025100 0.025000 0.000100 0.024300 0.024600 0.000000 0.050200 0.000100 0.025100 0.100800 0.025100 0.000500 0.025300 0.160300 0.000000 0.000000 0.000100 0.000000 0.000100 0.025200 0.024500 0.024300 0.050200 0.000700 0.000200 0.000200 0.050200 0.025200 0.050300 0.024400 0.074900 0.025100 0.000200
GyrantGaze 0.050200 0.139100 0.076600 0.102800 0.050200 0.050200 0.049700 0.025200 0.101900 0.075500 0.050200 0.105700 0.050200 0.049700 0.049700 0.000000 0.049700 0.134700 0.050200 0.076600 0.024700 0.049900 0.073900 0.074600 0.050200 0.000000 0.050000 0.076400 0.048200 0.076600 0.050200 0.077300 0.187200 0.050200 0.050200 0.049700 0.050200 0.049900 0.024800 0.074200 0.073900 0.000000 0.049900 0.049400 0.049800 0.101600 0.024800 0.102000 0.075000 0.126000 0.076600 0.049300
Hartebeest 0.000100 0.081400 0.025000 0.050600 0.000100 0.000100 0.000200 0.025400 0.050100 0.024900 0.000100 0.051800 0.000100 0.000200 0.000300 0.050000 0.000200 0.078700 0.000100 0.025000 0.024900 0.000200 0.024100 0.024400 0.000100 0.050000 0.000000 0.025000 0.100500 0.025000 0.000600 0.025300 0.159800 0.000100 0.000100 0.000200 0.000100 0.000200 0.025100 0.024400 0.024100 0.050000 0.000800 0.000400 0.000300 0.050000 0.025100 0.050100 0.024200 0.074700 0.025000 0.000300
Bongo 0.025100 0.110900 0.000200 0.077300 0.025100 0.025100 0.024900 0.051900 0.024500 0.050500 0.025100 0.079300 0.025100 0.024900 0.049800 0.076400 0.024900 0.107300 0.025100 0.000200 0.050700 0.024900 0.049300 0.049400 0.025100 0.076400 0.025000 0.000000 0.127700 0.000200 0.025200 0.051500 0.190600 0.025100 0.025100 0.024900 0.025100 0.024900 0.051100 0.049500 0.049300 0.076400 0.025000 0.024700 0.024900 0.076200 0.051100 0.076600 0.049800 0.101200 0.000200 0.024500
Gerenuk 0.100800 0.194400 0.128000 0.155100 0.100800 0.100800 0.099800 0.075600 0.153900 0.126900 0.100800 0.158800 0.100800 0.099800 0.100000 0.048200 0.099800 0.188700 0.100800 0.128000 0.074100 0.100300 0.123900 0.125600 0.100800 0.048200 0.100500 0.127700 0.000000 0.128000 0.101300 0.128900 0.243200 0.100800 0.100800 0.099800 0.100800 0.100400 0.074500 0.124700 0.123900 0.048200 0.101200 0.099300 0.100000 0.153700 0.074500 0.154000 0.125700 0.178800 0.128000 0.099200
CommonElan 0.025100 0.111500 0.000000 0.077500 0.025100 0.025100 0.025000 0.052000 0.024800 0.050600 0.025100 0.079500 0.025100 0.025000 0.024800 0.076600 0.025000 0.107700 0.025100 0.000000 0.050900 0.025000 0.049500 0.050000 0.025100 0.076600 0.025000 0.000200 0.128000 0.000000 0.025300 0.051700 0.190800 0.025100 0.025100 0.025000 0.025100 0.025000 0.051300 0.049600 0.049500 0.076600 0.025200 0.024800 0.025000 0.076400 0.051300 0.076800 0.050000 0.101200 0.000000 0.024700
MuntiacusR 0.000500 0.082300 0.025300 0.035200 0.000500 0.000500 0.000400 0.025600 0.050600 0.024700 0.000500 0.052300 0.000500 0.000400 0.000700 0.050200 0.000400 0.079500 0.000500 0.025300 0.024900 0.000600 0.024400 0.024700 0.000500 0.050200 0.000600 0.025200 0.101300 0.025300 0.000000 0.025500 0.161600 0.000500 0.000500 0.000400 0.000500 0.000600 0.025200 0.024600 0.024400 0.050200 0.000200 0.000200 0.000500 0.050400 0.025200 0.050500 0.024200 0.075400 0.025300 0.000500
HarveysDui 0.025300 0.054300 0.051700 0.078100 0.025300 0.025300 0.025100 0.052400 0.077200 0.051000 0.025300 0.080100 0.025300 0.025100 0.025100 0.077300 0.025100 0.052400 0.025300 0.051700 0.051400 0.025200 0.049800 0.050100 0.025300 0.077300 0.025300 0.051500 0.128900 0.051700 0.025500 0.000000 0.192500 0.025300 0.025300 0.025100 0.025300 0.025200 0.051700 0.050000 0.049800 0.077300 0.025600 0.025000 0.025200 0.077000 0.051700 0.077400 0.050500 0.101800 0.051700 0.024900
Pronghorn 0.160300 0.201400 0.190800 0.160700 0.160300 0.160300 0.158800 0.193500 0.218900 0.188100 0.160300 0.163500 0.160300 0.158800 0.158900 0.187200 0.158800 0.260900 0.160300 0.190800 0.188600 0.159100 0.184300 0.187000 0.160300 0.187200 0.159800 0.190600 0.243200 0.190800 0.161600 0.192500 0.000000 0.160300 0.160300 0.158800 0.160300 0.159500 0.190200 0.184700 0.184300 0.187200 0.161400 0.157900 0.159100 0.218000 0.190200 0.218600 0.187000 0.183600 0.190800 0.157700
BlueWildeb 0.000000 0.081600 0.025100 0.050700 0.000000 0.000000 0.000100 0.025500 0.050300 0.024900 0.000000 0.051900 0.000000 0.000100 0.000200 0.050200 0.000100 0.079000 0.000000 0.025100 0.025000 0.000100 0.024300 0.024600 0.000000 0.050200 0.000100 0.025100 0.100800 0.025100 0.000500 0.025300 0.160300 0.000000 0.000000 0.000100 0.000000 0.000100 0.025200 0.024500 0.024300 0.050200 0.000700 0.000200 0.000200 0.050200 0.025200 0.050300 0.024400 0.074900 0.025100 0.000200
Gemsbok 0.000000 0.081600 0.025100 0.050700 0.000000 0.000000 0.000100 0.025500 0.050300 0.024900 0.000000 0.051900 0.000000 0.000100 0.000200 0.050200 0.000100 0.079000 0.000000 0.025100 0.025000 0.000100 0.024300 0.024600 0.000000 0.050200 0.000100 0.025100 0.100800 0.025100 0.000500 0.025300 0.160300 0.000000 0.000000 0.000100 0.000000 0.000100 0.025200 0.024500 0.024300 0.050200 0.000700 0.000200 0.000200 0.050200 0.025200 0.050300 0.024400 0.074900 0.025100 0.000200
Yak 0.000100 0.081000 0.025000 0.050300 0.000100 0.000100 0.000000 0.025300 0.049800 0.024800 0.000100 0.051500 0.000100 0.000000 0.000300 0.049700 0.000000 0.078400 0.000100 0.025000 0.024800 0.000200 0.024100 0.024400 0.000100 0.049700 0.000200 0.024900 0.099800 0.025000 0.000400 0.025100 0.158800 0.000100 0.000100 0.000000 0.000100 0.000200 0.025000 0.024300 0.024100 0.049700 0.000600 0.000100 0.000100 0.049700 0.025000 0.049900 0.024300 0.074300 0.025000 0.000100
BlueSheep 0.000000 0.081600 0.025100 0.050700 0.000000 0.000000 0.000100 0.025500 0.050300 0.024900 0.000000 0.051900 0.000000 0.000100 0.000200 0.050200 0.000100 0.079000 0.000000 0.025100 0.025000 0.000100 0.024300 0.024600 0.000000 0.050200 0.000100 0.025100 0.100800 0.025100 0.000500 0.025300 0.160300 0.000000 0.000000 0.000100 0.000000 0.000100 0.025200 0.024500 0.024300 0.050200 0.000700 0.000200 0.000200 0.050200 0.025200 0.050300 0.024400 0.074900 0.025100 0.000200
BohorReedb 0.000100 0.081200 0.025000 0.050400 0.000100 0.000100 0.000200 0.025400 0.050000 0.024900 0.000100 0.051700 0.000100 0.000200 0.000300 0.049900 0.000200 0.078600 0.000100 0.025000 0.024900 0.000200 0.024100 0.024400 0.000100 0.049900 0.000200 0.024900 0.100400 0.025000 0.000600 0.025200 0.159500 0.000100 0.000100 0.000200 0.000100 0.000000 0.025100 0.024400 0.024100 0.049900 0.000800 0.000400 0.000300 0.049900 0.025100 0.050000 0.024100 0.074500 0.025000 0.000300
KirksDik 0.025200 0.111700 0.051300 0.077500 0.025200 0.025200 0.025000 0.000100 0.076700 0.050600 0.025200 0.079500 0.025200 0.025000 0.024900 0.024800 0.025000 0.108000 0.025200 0.051300 0.000100 0.025100 0.049400 0.049900 0.025200 0.024800 0.025100 0.051100 0.074500 0.051300 0.025200 0.051700 0.190200 0.025200 0.025200 0.025000 0.025200 0.025100 0.000000 0.049600 0.049400 0.024800 0.025000 0.024800 0.025000 0.076400 0.000000 0.076800 0.050100 0.101100 0.051300 0.024700
RoeDeer 0.024500 0.106900 0.049600 0.075100 0.024500 0.024500 0.024300 0.050300 0.074500 0.049400 0.024500 0.076700 0.024500 0.024300 0.024300 0.074200 0.024300 0.103700 0.024500 0.049600 0.049300 0.024400 0.048000 0.048800 0.024500 0.074200 0.024400 0.049500 0.124700 0.049600 0.024600 0.050000 0.184700 0.024500 0.024500 0.024300 0.024500 0.024400 0.049600 0.000000 0.048000 0.074200 0.024600 0.024100 0.024300 0.074500 0.049600 0.074600 0.048600 0.099200 0.049600 0.024100
WhiteLippe 0.024300 0.106800 0.049500 0.074600 0.024300 0.024300 0.024100 0.050100 0.074100 0.049000 0.024300 0.076600 0.024300 0.024100 0.023800 0.073900 0.024100 0.103600 0.024300 0.049500 0.049000 0.024100 0.000000 0.048500 0.024300 0.073900 0.024100 0.049300 0.123900 0.049500 0.024400 0.049800 0.184300 0.024300 0.024300 0.024100 0.024300 0.024100 0.049400 0.048000 0.000000 0.073900 0.024200 0.024000 0.024100 0.074000 0.049400 0.024100 0.000500 0.098300 0.049500 0.023900
ThomsonGaz 0.050200 0.139100 0.076600 0.102800 0.050200 0.050200 0.049700 0.025200 0.101900 0.075500 0.050200 0.105700 0.050200 0.049700 0.049700 0.000000 0.049700 0.134700 0.050200 0.076600 0.024700 0.049900 0.073900 0.074600 0.050200 0.000000 0.050000 0.076400 0.048200 0.076600 0.050200 0.077300 0.187200 0.050200 0.050200 0.049700 0.050200 0.049900 0.024800 0.074200 0.073900 0.000000 0.049900 0.049400 0.049800 0.101600 0.024800 0.102000 0.075000 0.126000 0.076600 0.049300
MuntiacusC 0.000700 0.082200 0.025200 0.033600 0.000700 0.000700 0.000600 0.025500 0.050600 0.024800 0.000700 0.052400 0.000700 0.000600 0.001000 0.049900 0.000600 0.079300 0.000700 0.025200 0.024800 0.000800 0.024200 0.024700 0.000700 0.049900 0.000800 0.025000 0.101200 0.025200 0.000200 0.025600 0.161400 0.000700 0.000700 0.000600 0.000700 0.000800 0.025000 0.024600 0.024200 0.049900 0.000000 0.000500 0.000700 0.050200 0.025000 0.050400 0.023600 0.075300 0.025200 0.000700
WhiteTaile 0.000200 0.080400 0.024800 0.050000 0.000200 0.000200 0.000100 0.025100 0.049500 0.024600 0.000200 0.051200 0.000200 0.000100 0.000500 0.049400 0.000100 0.077800 0.000200 0.024800 0.024600 0.000400 0.024000 0.024300 0.000200 0.049400 0.000400 0.024700 0.099300 0.024800 0.000200 0.025000 0.157900 0.000200 0.000200 0.000100 0.000200 0.000400 0.024800 0.024100 0.024000 0.049400 0.000500 0.000000 0.000200 0.049400 0.024800 0.049600 0.024000 0.073900 0.024800 0.000200
Cattle 0.000200 0.081300 0.025000 0.050400 0.000200 0.000200 0.000100 0.025400 0.049900 0.024800 0.000200 0.051600 0.000200 0.000100 0.000500 0.049800 0.000100 0.078500 0.000200 0.025000 0.024800 0.000300 0.024100 0.024400 0.000200 0.049800 0.000300 0.024900 0.100000 0.025000 0.000500 0.025200 0.159100 0.000200 0.000200 0.000100 0.000200 0.000300 0.025000 0.024300 0.024100 0.049800 0.000700 0.000200 0.000000 0.049800 0.025000 0.050000 0.024500 0.074400 0.025000 0.000200
RoyalAntel 0.050200 0.137500 0.076400 0.103100 0.050200 0.050200 0.049700 0.077500 0.101900 0.075900 0.050200 0.105400 0.050200 0.049700 0.049600 0.101600 0.049700 0.133800 0.050200 0.076400 0.075900 0.049800 0.074000 0.074900 0.050200 0.101600 0.050000 0.076200 0.153700 0.076400 0.050400 0.077000 0.218000 0.050200 0.050200 0.049700 0.050200 0.049900 0.076400 0.074500 0.074000 0.101600 0.050200 0.049400 0.049800 0.000000 0.076400 0.102100 0.075200 0.100000 0.076400 0.049300
Steenbok 0.025200 0.111700 0.051300 0.077500 0.025200 0.025200 0.025000 0.000100 0.076700 0.050600 0.025200 0.079500 0.025200 0.025000 0.024900 0.024800 0.025000 0.108000 0.025200 0.051300 0.000100 0.025100 0.049400 0.049900 0.025200 0.024800 0.025100 0.051100 0.074500 0.051300 0.025200 0.051700 0.190200 0.025200 0.025200 0.025000 0.025200 0.025100 0.000000 0.049600 0.049400 0.024800 0.025000 0.024800 0.025000 0.076400 0.000000 0.076800 0.050100 0.101100 0.051300 0.024700
Impala 0.050300 0.138400 0.076800 0.094700 0.050300 0.050300 0.049900 0.077900 0.102400 0.076000 0.050300 0.105900 0.050300 0.049900 0.049600 0.102000 0.049900 0.134300 0.050300 0.076800 0.076200 0.050000 0.024100 0.075000 0.050300 0.102000 0.050100 0.076600 0.154000 0.076800 0.050500 0.077400 0.218600 0.050300 0.050300 0.049900 0.050300 0.050000 0.076800 0.074600 0.024100 0.102000 0.050400 0.049600 0.050000 0.102100 0.076800 0.000000 0.024200 0.127100 0.076800 0.049500
Klipspring 0.024400 0.108300 0.050000 0.075600 0.024400 0.024400 0.024300 0.050700 0.075000 0.049400 0.024400 0.077500 0.024400 0.024300 0.023800 0.075000 0.024300 0.105100 0.024400 0.050000 0.049700 0.024100 0.000500 0.048600 0.024400 0.075000 0.024200 0.049800 0.125700 0.050000 0.024200 0.050500 0.187000 0.024400 0.024400 0.024300 0.024400 0.024100 0.050100 0.048600 0.000500 0.075000 0.023600 0.024000 0.024500 0.075200 0.050100 0.024200 0.000000 0.099500 0.050000 0.024000
ForestMusk 0.074900 0.162900 0.101200 0.128300 0.074900 0.074900 0.074300 0.102500 0.127200 0.048900 0.074900 0.130800 0.074900 0.074300 0.074300 0.126000 0.074300 0.158600 0.074900 0.101200 0.100400 0.074600 0.098300 0.100100 0.074900 0.126000 0.074700 0.101200 0.178800 0.101200 0.075400 0.101800 0.183600 0.074900 0.074900 0.074300 0.074900 0.074500 0.101100 0.099200 0.098300 0.126000 0.075300 0.073900 0.074400 0.100000 0.101100 0.127100 0.099500 0.000000 0.101200 0.074000
Bushbuck 0.025100 0.111500 0.000000 0.077500 0.025100 0.025100 0.025000 0.052000 0.024800 0.050600 0.025100 0.079500 0.025100 0.025000 0.024800 0.076600 0.025000 0.107700 0.025100 0.000000 0.050900 0.025000 0.049500 0.050000 0.025100 0.076600 0.025000 0.000200 0.128000 0.000000 0.025300 0.051700 0.190800 0.025100 0.025100 0.025000 0.025100 0.025000 0.051300 0.049600 0.049500 0.076600 0.025200 0.024800 0.025000 0.076400 0.051300 0.076800 0.050000 0.101200 0.000000 0.024700
GreaterKud 0.000200 0.080200 0.024700 0.050000 0.000200 0.000200 0.000100 0.025100 0.049000 0.024600 0.000200 0.051100 0.000200 0.000100 0.024100 0.049300 0.000100 0.077700 0.000200 0.024700 0.024500 0.000300 0.023900 0.024000 0.000200 0.049300 0.000300 0.024500 0.099200 0.024700 0.000500 0.024900 0.157700 0.000200 0.000200 0.000100 0.000200 0.000300 0.024700 0.024100 0.023900 0.049300 0.000700 0.000200 0.000200 0.049300 0.024700 0.049500 0.024000 0.074000 0.024700 0.000000
