1
52 1
Argali 0.000000 0.506500 0.048200 0.213500 0.038100 0.000000 0.047700 0.018800 0.048200 0.089100 0.037900 0.088200 0.028100 0.047600 0.163800 0.047500 0.142000 0.079100 0.018700 0.048300 0.018800 0.028200 0.079400 0.110600 0.037900 0.057100 0.028100 0.048200 0.047600 0.048200 0.110400 0.037900 0.233100 0.018700 0.018700 0.047600 0.028200 0.037900 0.047600 0.132500 0.089900 0.047300 0.078800 0.089200 0.047700 0.057300 0.047700 0.037900 0.067200 0.058000 0.088800 0.058200
LesserMous 0.506500 0.000000 0.551200 0.405400 0.493200 0.506500 0.489100 0.538700 0.551200 0.513200 0.539300 0.544800 0.520900 0.506200 0.511100 0.594400 0.436700 0.447900 0.505800 0.550200 0.539100 0.524200 0.479800 0.496800 0.539300 0.572000 0.520900 0.551200 0.596000 0.551200 0.532900 0.506400 0.496500 0.505800 0.505800 0.539500 0.522900 0.507100 0.519200 0.549400 0.479400 0.552900 0.529200 0.514900 0.539300 0.501500 0.517400 0.506800 0.474700 0.459500 0.510500 0.569300
LesserKudu 0.048200 0.551200 0.000000 0.228100 0.048500 0.048200 0.058200 0.048300 0.000000 0.100700 0.048100 0.099600 0.038300 0.038400 0.166000 0.078200 0.154900 0.090500 0.028600 0.000000 0.048300 0.038400 0.090900 0.122900 0.048100 0.067900 0.038300 0.000000 0.078400 0.000000 0.122600 0.048200 0.221200 0.028600 0.028600 0.058100 0.038200 0.048300 0.078500 0.123100 0.080300 0.077900 0.090100 0.100900 0.058100 0.088100 0.078800 0.048400 0.078300 0.068800 0.038400 0.009400
KillerWhal 0.213500 0.405400 0.228100 0.000000 0.179000 0.213500 0.200800 0.213400 0.228100 0.177900 0.213000 0.263400 0.201000 0.201300 0.341600 0.249000 0.198700 0.166500 0.189600 0.228300 0.213600 0.201400 0.177800 0.166500 0.213000 0.235900 0.201000 0.228100 0.249900 0.228100 0.189700 0.188600 0.301200 0.189600 0.189600 0.249200 0.200600 0.190000 0.201400 0.214400 0.189600 0.223700 0.189600 0.178100 0.225500 0.211900 0.226500 0.189200 0.225200 0.165300 0.228000 0.241000
DefassaWat 0.038100 0.493200 0.048500 0.179000 0.000000 0.038100 0.048000 0.038200 0.048500 0.069000 0.038100 0.088800 0.027900 0.047900 0.199400 0.067700 0.110200 0.059100 0.018800 0.048600 0.038200 0.028400 0.059300 0.090000 0.038100 0.077500 0.028300 0.048500 0.067800 0.048500 0.089900 0.038100 0.210800 0.018800 0.018800 0.067800 0.028400 0.018900 0.057700 0.111600 0.069600 0.067400 0.079300 0.069100 0.048000 0.077700 0.067900 0.038200 0.067700 0.038500 0.078900 0.058600
Sheep 0.000000 0.506500 0.048200 0.213500 0.038100 0.000000 0.047700 0.018800 0.048200 0.089100 0.037900 0.088200 0.028100 0.047600 0.163800 0.047500 0.142000 0.079100 0.018700 0.048300 0.018800 0.028200 0.079400 0.110600 0.037900 0.057100 0.028100 0.048200 0.047600 0.048200 0.110400 0.037900 0.233100 0.018700 0.018700 0.047600 0.028200 0.037900 0.047600 0.132500 0.089900 0.047300 0.078800 0.089200 0.047700 0.057300 0.047700 0.037900 0.067200 0.058000 0.088800 0.058200
MaxwellsDu 0.047700 0.489100 0.058200 0.200800 0.048000 0.047700 0.000000 0.047600 0.058200 0.099600 0.047400 0.098600 0.037800 0.018800 0.163600 0.077200 0.131200 0.068900 0.028300 0.058200 0.047600 0.037900 0.089900 0.121300 0.047400 0.087100 0.037800 0.058200 0.077400 0.058200 0.121200 0.009300 0.221700 0.028300 0.028300 0.057500 0.037800 0.047700 0.077600 0.143500 0.100400 0.076900 0.089100 0.099700 0.038000 0.087200 0.077700 0.047800 0.077500 0.068100 0.099200 0.068300
GazellaPrz 0.018800 0.538700 0.048300 0.213400 0.038200 0.018800 0.047600 0.000000 0.048300 0.089000 0.037900 0.088100 0.028200 0.047800 0.186100 0.028200 0.141700 0.079000 0.018800 0.048300 0.000100 0.028300 0.079400 0.110600 0.037900 0.037700 0.028200 0.048300 0.028300 0.048300 0.110300 0.037900 0.232700 0.018800 0.018800 0.067300 0.028200 0.038000 0.028400 0.132700 0.089900 0.028100 0.078700 0.089200 0.047700 0.077100 0.028500 0.038100 0.067400 0.057900 0.089000 0.058300
MountainNy 0.048200 0.551200 0.000000 0.228100 0.048500 0.048200 0.058200 0.048300 0.000000 0.100700 0.048100 0.099600 0.038300 0.038400 0.166000 0.078200 0.154900 0.090500 0.028600 0.000000 0.048300 0.038400 0.090900 0.122900 0.048100 0.067900 0.038300 0.000000 0.078400 0.000000 0.122600 0.048200 0.221200 0.028600 0.028600 0.058100 0.038200 0.048300 0.078500 0.123100 0.080300 0.077900 0.090100 0.100900 0.058100 0.088100 0.078800 0.048400 0.078300 0.068800 0.038400 0.009400
MuntiacusM 0.089100 0.513200 0.100700 0.177900 0.069000 0.089100 0.099600 0.089000 0.100700 0.000000 0.088900 0.121800 0.078500 0.099700 0.231900 0.120400 0.139500 0.077800 0.068600 0.100800 0.089100 0.078800 0.028500 0.038000 0.088900 0.130700 0.078500 0.100700 0.120700 0.100700 0.018800 0.089100 0.213000 0.068600 0.068600 0.099600 0.078500 0.068700 0.121000 0.057900 0.038100 0.119900 0.009300 0.018800 0.079000 0.109600 0.121300 0.068500 0.120900 0.048100 0.144400 0.111500
goat 0.037900 0.539300 0.048100 0.213000 0.038100 0.037900 0.047400 0.037900 0.048100 0.088900 0.000000 0.088000 0.028200 0.047600 0.174700 0.067000 0.141600 0.078900 0.018700 0.048100 0.037900 0.009300 0.079200 0.110300 0.000000 0.076800 0.028200 0.048100 0.067200 0.048100 0.110100 0.037800 0.232500 0.018700 0.018700 0.067100 0.009300 0.037900 0.067400 0.132200 0.089700 0.066800 0.078600 0.089000 0.047600 0.076900 0.067600 0.038000 0.067200 0.057900 0.088600 0.058100
AfricanBuf 0.088200 0.544800 0.099600 0.263400 0.088800 0.088200 0.098600 0.088100 0.099600 0.121800 0.088000 0.000000 0.077700 0.098700 0.223800 0.119200 0.176600 0.100700 0.067900 0.099700 0.088100 0.078000 0.133600 0.166300 0.088000 0.129300 0.077700 0.099600 0.119500 0.099600 0.144300 0.088100 0.298400 0.067900 0.067900 0.078200 0.077700 0.088400 0.119500 0.189500 0.144600 0.118600 0.110900 0.143500 0.058100 0.119000 0.109100 0.088500 0.119800 0.110200 0.142500 0.110300
Topi 0.028100 0.520900 0.038300 0.201000 0.027900 0.028100 0.037800 0.028200 0.038300 0.078500 0.028200 0.077700 0.000000 0.037800 0.185900 0.057200 0.130600 0.068600 0.009300 0.038300 0.028300 0.018700 0.068900 0.099700 0.028200 0.066800 0.000000 0.038300 0.057300 0.038300 0.099500 0.028200 0.197000 0.009300 0.009300 0.057200 0.018700 0.028200 0.057300 0.121200 0.079200 0.057000 0.068400 0.078600 0.037900 0.066900 0.057400 0.028200 0.057100 0.047900 0.078300 0.048100
CommonDuik 0.047600 0.506200 0.038400 0.201300 0.047900 0.047600 0.018800 0.047800 0.038400 0.099700 0.047600 0.098700 0.037800 0.000000 0.152600 0.077400 0.131300 0.069000 0.028300 0.038500 0.047800 0.037900 0.090000 0.121600 0.047600 0.087300 0.037800 0.038400 0.077600 0.038400 0.121400 0.009300 0.221900 0.028300 0.028300 0.057500 0.037900 0.047600 0.077500 0.121800 0.079600 0.077100 0.089300 0.099900 0.038000 0.087300 0.077700 0.047800 0.077300 0.068100 0.078600 0.048300
Suni 0.163800 0.511100 0.166000 0.341600 0.199400 0.163800 0.163600 0.186100 0.166000 0.231900 0.174700 0.223800 0.185900 0.152600 0.000000 0.221300 0.273900 0.201900 0.175000 0.166100 0.186300 0.186600 0.221800 0.258700 0.174700 0.208800 0.185900 0.166000 0.221800 0.166000 0.258500 0.169700 0.414900 0.175000 0.175000 0.175100 0.185900 0.198200 0.221600 0.258400 0.209200 0.220200 0.219400 0.232500 0.197900 0.173300 0.222700 0.187100 0.187100 0.211200 0.212700 0.177400
Springbuck 0.047500 0.594400 0.078200 0.249000 0.067700 0.047500 0.077200 0.028200 0.078200 0.120400 0.067000 0.119200 0.057200 0.077400 0.221300 0.000000 0.174800 0.110200 0.047500 0.078200 0.028200 0.057300 0.110700 0.142700 0.067000 0.028000 0.057200 0.078200 0.018700 0.078200 0.142400 0.067100 0.245100 0.047500 0.047500 0.097400 0.057100 0.067300 0.057400 0.165500 0.121500 0.018600 0.109700 0.120600 0.077200 0.107300 0.057600 0.067500 0.097600 0.088100 0.120200 0.088500
Okapi 0.142000 0.436700 0.154900 0.198700 0.110200 0.142000 0.131200 0.141700 0.154900 0.139500 0.141600 0.176600 0.130600 0.131300 0.273900 0.174800 0.000000 0.067400 0.120200 0.155000 0.141800 0.131100 0.119000 0.139600 0.141600 0.185600 0.130600 0.154900 0.175400 0.154900 0.139700 0.120200 0.200500 0.120200 0.120200 0.152900 0.130600 0.120400 0.152700 0.161700 0.129700 0.174100 0.150300 0.139600 0.131200 0.163000 0.176100 0.120200 0.175800 0.098400 0.154600 0.166400
Giraffe 0.079100 0.447900 0.090500 0.166500 0.059100 0.079100 0.068900 0.079000 0.090500 0.077800 0.078900 0.100700 0.068600 0.069000 0.201900 0.110200 0.067400 0.000000 0.058700 0.090600 0.079000 0.068800 0.068200 0.098600 0.078900 0.120500 0.068600 0.090500 0.110600 0.090500 0.098700 0.058700 0.179200 0.058700 0.058700 0.089500 0.068600 0.058800 0.110600 0.119800 0.078400 0.109800 0.088000 0.077800 0.069000 0.099300 0.110900 0.058700 0.110800 0.038400 0.133700 0.101200
TibetanAnt 0.018700 0.505800 0.028600 0.189600 0.018800 0.018700 0.028300 0.018800 0.028600 0.068600 0.018700 0.067900 0.009300 0.028300 0.175000 0.047500 0.120200 0.058700 0.000000 0.028700 0.018800 0.009300 0.058900 0.089500 0.018700 0.057200 0.009300 0.028600 0.047700 0.028600 0.089300 0.018800 0.209300 0.000000 0.000000 0.047600 0.009300 0.018700 0.047600 0.110900 0.069200 0.047400 0.058400 0.068600 0.028300 0.057200 0.047700 0.018800 0.047500 0.038300 0.068300 0.038400
Sitatunga 0.048300 0.550200 0.000000 0.228300 0.048600 0.048300 0.058200 0.048300 0.000000 0.100800 0.048100 0.099700 0.038300 0.038500 0.166100 0.078200 0.155000 0.090600 0.028700 0.000000 0.048300 0.038400 0.091000 0.123000 0.048100 0.068000 0.038300 0.000000 0.078400 0.000000 0.122700 0.048200 0.221400 0.028700 0.028700 0.058100 0.038300 0.048300 0.078600 0.123200 0.080400 0.078000 0.090200 0.101000 0.058000 0.088200 0.078900 0.048500 0.078400 0.068800 0.038400 0.009500
Oribi 0.018800 0.539100 0.048300 0.213600 0.038200 0.018800 0.047600 0.000100 0.048300 0.089100 0.037900 0.088100 0.028300 0.047800 0.186300 0.028200 0.141800 0.079000 0.018800 0.048300 0.000000 0.028300 0.079400 0.110700 0.037900 0.037700 0.028300 0.048300 0.028300 0.048300 0.110400 0.037900 0.232900 0.018800 0.018800 0.067300 0.028200 0.038000 0.028400 0.132700 0.090000 0.028100 0.078800 0.089300 0.047700 0.077100 0.028500 0.038100 0.067400 0.058000 0.089000 0.058300
BarbaryShe 0.028200 0.524200 0.038400 0.201400 0.028400 0.028200 0.037900 0.028300 0.038400 0.078800 0.009300 0.078000 0.018700 0.037900 0.186600 0.057300 0.131100 0.068800 0.009300 0.038400 0.028300 0.000000 0.069100 0.099900 0.009300 0.067000 0.018700 0.038400 0.057500 0.038400 0.099800 0.028300 0.221200 0.009300 0.009300 0.057400 0.000100 0.028200 0.057400 0.121500 0.079400 0.057100 0.068500 0.078800 0.038000 0.067100 0.057500 0.028300 0.057300 0.048100 0.078500 0.048200
Daviddeer 0.079400 0.479800 0.090900 0.177800 0.059300 0.079400 0.089900 0.079400 0.090900 0.028500 0.079200 0.133600 0.068900 0.090000 0.221800 0.110700 0.119000 0.068200 0.058900 0.091000 0.079400 0.069100 0.000000 0.038200 0.079200 0.121100 0.068900 0.090900 0.111000 0.090900 0.038200 0.079400 0.190800 0.058900 0.058900 0.110900 0.068900 0.059000 0.111200 0.058300 0.009400 0.110300 0.038100 0.028500 0.089900 0.099900 0.111500 0.058900 0.111100 0.038500 0.134600 0.101700
Reindeer 0.110600 0.496800 0.122900 0.166500 0.090000 0.110600 0.121300 0.110600 0.122900 0.038000 0.110300 0.166300 0.099700 0.121600 0.258700 0.142700 0.139600 0.098600 0.089500 0.123000 0.110700 0.099900 0.038200 0.000000 0.110300 0.153500 0.099700 0.122900 0.143100 0.122900 0.038000 0.110500 0.189600 0.089500 0.089500 0.142800 0.099600 0.089500 0.121400 0.038300 0.048000 0.142200 0.047700 0.018800 0.121200 0.131400 0.121800 0.089500 0.121100 0.068200 0.145200 0.134000
Ibex 0.037900 0.539300 0.048100 0.213000 0.038100 0.037900 0.047400 0.037900 0.048100 0.088900 0.000000 0.088000 0.028200 0.047600 0.174700 0.067000 0.141600 0.078900 0.018700 0.048100 0.037900 0.009300 0.079200 0.110300 0.000000 0.076800 0.028200 0.048100 0.067200 0.048100 0.110100 0.037800 0.232500 0.018700 0.018700 0.067100 0.009300 0.037900 0.067400 0.132200 0.089700 0.066800 0.078600 0.089000 0.047600 0.076900 0.067600 0.038000 0.067200 0.057900 0.088600 0.058100
GyrantGaze 0.057100 0.572000 0.067900 0.235900 0.077500 0.057100 0.087100 0.037700 0.067900 0.130700 0.076800 0.129300 0.066800 0.087300 0.208800 0.028000 0.185600 0.120500 0.057200 0.068000 0.037700 0.067000 0.121100 0.153500 0.076800 0.000000 0.066800 0.067900 0.028100 0.067900 0.153000 0.076900 0.256600 0.057200 0.057200 0.086900 0.066700 0.077100 0.067200 0.176500 0.132000 0.009200 0.120000 0.131000 0.087000 0.117300 0.067300 0.077300 0.107600 0.098100 0.109400 0.078100
Hartebeest 0.028100 0.520900 0.038300 0.201000 0.028300 0.028100 0.037800 0.028200 0.038300 0.078500 0.028200 0.077700 0.000000 0.037800 0.185900 0.057200 0.130600 0.068600 0.009300 0.038300 0.028300 0.018700 0.068900 0.099700 0.028200 0.066800 0.000000 0.038300 0.057300 0.038300 0.099500 0.028200 0.197000 0.009300 0.009300 0.057200 0.018700 0.028200 0.057300 0.121200 0.079200 0.057000 0.068400 0.078600 0.037900 0.066900 0.057400 0.028200 0.057100 0.047900 0.078300 0.048100
Bongo 0.048200 0.551200 0.000000 0.228100 0.048500 0.048200 0.058200 0.048300 0.000000 0.100700 0.048100 0.099600 0.038300 0.038400 0.166000 0.078200 0.154900 0.090500 0.028600 0.000000 0.048300 0.038400 0.090900 0.122900 0.048100 0.067900 0.038300 0.000000 0.078400 0.000000 0.122600 0.048200 0.221200 0.028600 0.028600 0.058100 0.038200 0.048300 0.078500 0.123100 0.080300 0.077900 0.090100 0.100900 0.058100 0.088100 0.078800 0.048400 0.078300 0.068800 0.038400 0.009400
Gerenuk 0.047600 0.596000 0.078400 0.249900 0.067800 0.047600 0.077400 0.028300 0.078400 0.120700 0.067200 0.119500 0.057300 0.077600 0.221800 0.018700 0.175400 0.110600 0.047700 0.078400 0.028300 0.057500 0.111000 0.143100 0.067200 0.028100 0.057300 0.078400 0.000000 0.078400 0.142900 0.067300 0.245600 0.047700 0.047700 0.097700 0.057300 0.067500 0.057600 0.165900 0.121800 0.018600 0.110000 0.120900 0.077500 0.107600 0.057700 0.067700 0.097800 0.088400 0.120400 0.088700
CommonElan 0.048200 0.551200 0.000000 0.228100 0.048500 0.048200 0.058200 0.048300 0.000000 0.100700 0.048100 0.099600 0.038300 0.038400 0.166000 0.078200 0.154900 0.090500 0.028600 0.000000 0.048300 0.038400 0.090900 0.122900 0.048100 0.067900 0.038300 0.000000 0.078400 0.000000 0.122600 0.048200 0.221200 0.028600 0.028600 0.058100 0.038200 0.048300 0.078500 0.123100 0.080300 0.077900 0.090100 0.100900 0.058100 0.088100 0.078800 0.048400 0.078300 0.068800 0.038400 0.009400
MuntiacusR 0.110400 0.532900 0.122600 0.189700 0.089900 0.110400 0.121200 0.110300 0.122600 0.018800 0.110100 0.144300 0.099500 0.121400 0.258500 0.142400 0.139700 0.098700 0.089300 0.122700 0.110400 0.099800 0.038200 0.038000 0.110100 0.153000 0.099500 0.122600 0.142900 0.122600 0.000000 0.110400 0.213500 0.089300 0.089300 0.121300 0.099500 0.089500 0.143100 0.057900 0.048000 0.141900 0.028400 0.038000 0.100100 0.131400 0.143400 0.089300 0.143100 0.068200 0.167400 0.133600
HarveysDui 0.037900 0.506400 0.048200 0.188600 0.038100 0.037900 0.009300 0.037900 0.048200 0.089100 0.037800 0.088100 0.028200 0.009300 0.169700 0.067100 0.120200 0.058700 0.018800 0.048200 0.037900 0.028300 0.079400 0.110500 0.037800 0.076900 0.028200 0.048200 0.067300 0.048200 0.110400 0.000000 0.209400 0.018800 0.018800 0.047600 0.028200 0.037900 0.067400 0.132400 0.089900 0.066900 0.078700 0.089200 0.028300 0.077000 0.067600 0.038000 0.067400 0.057900 0.088700 0.058100
Pronghorn 0.233100 0.496500 0.221200 0.301200 0.210800 0.233100 0.221700 0.232700 0.221200 0.213000 0.232500 0.298400 0.197000 0.221900 0.414900 0.245100 0.200500 0.179200 0.209300 0.221400 0.232900 0.221200 0.190800 0.189600 0.232500 0.256600 0.197000 0.221200 0.245600 0.221200 0.213500 0.209400 0.000000 0.209300 0.209300 0.245100 0.220400 0.209500 0.245000 0.238200 0.202700 0.243900 0.224900 0.213500 0.221200 0.280700 0.246000 0.209700 0.221400 0.176400 0.245200 0.233100
BlueWildeb 0.018700 0.505800 0.028600 0.189600 0.018800 0.018700 0.028300 0.018800 0.028600 0.068600 0.018700 0.067900 0.009300 0.028300 0.175000 0.047500 0.120200 0.058700 0.000000 0.028700 0.018800 0.009300 0.058900 0.089500 0.018700 0.057200 0.009300 0.028600 0.047700 0.028600 0.089300 0.018800 0.209300 0.000000 0.000000 0.047600 0.009300 0.018700 0.047600 0.110900 0.069200 0.047400 0.058400 0.068600 0.028300 0.057200 0.047700 0.018800 0.047500 0.038300 0.068300 0.038400
Gemsbok 0.018700 0.505800 0.028600 0.189600 0.018800 0.018700 0.028300 0.018800 0.028600 0.068600 0.018700 0.067900 0.009300 0.028300 0.175000 0.047500 0.120200 0.058700 0.000000 0.028700 0.018800 0.009300 0.058900 0.089500 0.018700 0.057200 0.009300 0.028600 0.047700 0.028600 0.089300 0.018800 0.209300 0.000000 0.000000 0.047600 0.009300 0.018700 0.047600 0.110900 0.069200 0.047400 0.058400 0.068600 0.028300 0.057200 0.047700 0.018800 0.047500 0.038300 0.068300 0.038400
Yak 0.047600 0.539500 0.058100 0.249200 0.067800 0.047600 0.057500 0.067300 0.058100 0.099600 0.067100 0.078200 0.057200 0.057500 0.175100 0.097400 0.152900 0.089500 0.047600 0.058100 0.067300 0.057400 0.110900 0.142800 0.067100 0.086900 0.057200 0.058100 0.097700 0.058100 0.121300 0.047600 0.245100 0.047600 0.047600 0.000000 0.057200 0.067400 0.097800 0.165300 0.121600 0.097000 0.089100 0.120700 0.018800 0.087100 0.098000 0.067500 0.097800 0.088400 0.098900 0.068200
BlueSheep 0.028200 0.522900 0.038200 0.200600 0.028400 0.028200 0.037800 0.028200 0.038200 0.078500 0.009300 0.077700 0.018700 0.037900 0.185900 0.057100 0.130600 0.068600 0.009300 0.038300 0.028200 0.000100 0.068900 0.099600 0.009300 0.066700 0.018700 0.038200 0.057300 0.038200 0.099500 0.028200 0.220400 0.009300 0.009300 0.057200 0.000000 0.028200 0.057400 0.121200 0.079200 0.056900 0.068300 0.078600 0.037800 0.066900 0.057500 0.028300 0.057300 0.047900 0.078200 0.048100
BohorReedb 0.037900 0.507100 0.048300 0.190000 0.018900 0.037900 0.047700 0.038000 0.048300 0.068700 0.037900 0.088400 0.028200 0.047600 0.198200 0.067300 0.120400 0.058800 0.018700 0.048300 0.038000 0.028200 0.059000 0.089500 0.037900 0.077100 0.028200 0.048300 0.067500 0.048300 0.089500 0.037900 0.209500 0.018700 0.018700 0.067400 0.028200 0.000000 0.067400 0.110900 0.069200 0.067000 0.078900 0.068700 0.047800 0.077300 0.067500 0.038000 0.067300 0.038300 0.088900 0.058300
KirksDik 0.047600 0.519200 0.078500 0.201400 0.057700 0.047600 0.077600 0.028400 0.078500 0.121000 0.067400 0.119500 0.057300 0.077500 0.221600 0.057400 0.152700 0.110600 0.047600 0.078600 0.028400 0.057400 0.111200 0.121400 0.067400 0.067200 0.057300 0.078500 0.057600 0.078500 0.143100 0.067400 0.245000 0.047600 0.047600 0.097800 0.057400 0.067400 0.000000 0.166500 0.122200 0.057200 0.110300 0.121200 0.077600 0.108000 0.038000 0.067500 0.077200 0.068200 0.078500 0.088900
RoeDeer 0.132500 0.549400 0.123100 0.214400 0.111600 0.132500 0.143500 0.132700 0.123100 0.057900 0.132200 0.189500 0.121200 0.121800 0.258400 0.165500 0.161700 0.119800 0.110900 0.123200 0.132700 0.121500 0.058300 0.038300 0.132200 0.176500 0.121200 0.123100 0.165900 0.123100 0.057900 0.132400 0.238200 0.110900 0.110900 0.165300 0.121200 0.110900 0.166500 0.000000 0.048300 0.165000 0.068000 0.038300 0.143300 0.153600 0.167100 0.110900 0.165700 0.088800 0.168600 0.134200
WhiteLippe 0.089900 0.479400 0.080300 0.189600 0.069600 0.089900 0.100400 0.089900 0.080300 0.038100 0.089700 0.144600 0.079200 0.079600 0.209200 0.121500 0.129700 0.078400 0.069200 0.080400 0.090000 0.079400 0.009400 0.048000 0.089700 0.132000 0.079200 0.080300 0.121800 0.080300 0.048000 0.089900 0.202700 0.069200 0.069200 0.121600 0.079200 0.069200 0.122200 0.048300 0.000000 0.121100 0.047900 0.038200 0.100400 0.110500 0.122500 0.069100 0.121900 0.048400 0.123500 0.091000
ThomsonGaz 0.047300 0.552900 0.077900 0.223700 0.067400 0.047300 0.076900 0.028100 0.077900 0.119900 0.066800 0.118600 0.057000 0.077100 0.220200 0.018600 0.174100 0.109800 0.047400 0.078000 0.028100 0.057100 0.110300 0.142200 0.066800 0.009200 0.057000 0.077900 0.018600 0.077900 0.141900 0.066900 0.243900 0.047400 0.047400 0.097000 0.056900 0.067000 0.057200 0.165000 0.121100 0.000000 0.109300 0.120100 0.076900 0.106900 0.057400 0.067200 0.097200 0.087800 0.119900 0.088200
MuntiacusC 0.078800 0.529200 0.090100 0.189600 0.079300 0.078800 0.089100 0.078700 0.090100 0.009300 0.078600 0.110900 0.068400 0.089300 0.219400 0.109700 0.150300 0.088000 0.058400 0.090200 0.078800 0.068500 0.038100 0.047700 0.078600 0.120000 0.068400 0.090100 0.110000 0.090100 0.028400 0.078700 0.224900 0.058400 0.058400 0.089100 0.068300 0.078900 0.110300 0.068000 0.047900 0.109300 0.000000 0.028300 0.068700 0.099100 0.110600 0.058400 0.110100 0.058000 0.133400 0.100800
WhiteTaile 0.089200 0.514900 0.100900 0.178100 0.069100 0.089200 0.099700 0.089200 0.100900 0.018800 0.089000 0.143500 0.078600 0.099900 0.232500 0.120600 0.139600 0.077800 0.068600 0.101000 0.089300 0.078800 0.028500 0.018800 0.089000 0.131000 0.078600 0.100900 0.120900 0.100900 0.038000 0.089200 0.213500 0.068600 0.068600 0.120700 0.078600 0.068700 0.121200 0.038300 0.038200 0.120100 0.028300 0.000000 0.099700 0.109700 0.121500 0.068600 0.120900 0.048100 0.144800 0.111700
Cattle 0.047700 0.539300 0.058100 0.225500 0.048000 0.047700 0.038000 0.047700 0.058100 0.079000 0.047600 0.058100 0.037900 0.038000 0.197900 0.077200 0.131200 0.069000 0.028300 0.058000 0.047700 0.038000 0.089900 0.121200 0.047600 0.087000 0.037900 0.058100 0.077500 0.058100 0.100100 0.028300 0.221200 0.028300 0.028300 0.018800 0.037800 0.047800 0.077600 0.143300 0.100400 0.076900 0.068700 0.099700 0.000000 0.087300 0.077800 0.047800 0.077600 0.068100 0.099100 0.068200
RoyalAntel 0.057300 0.501500 0.088100 0.211900 0.077700 0.057300 0.087200 0.077100 0.088100 0.109600 0.076900 0.119000 0.066900 0.087300 0.173300 0.107300 0.163000 0.099300 0.057200 0.088200 0.077100 0.067100 0.099900 0.131400 0.076900 0.117300 0.066900 0.088100 0.107600 0.088100 0.131400 0.077000 0.280700 0.057200 0.057200 0.087100 0.066900 0.077300 0.108000 0.153600 0.110500 0.106900 0.099100 0.109700 0.087300 0.000000 0.108100 0.077300 0.107800 0.098400 0.130300 0.098600
Steenbok 0.047700 0.517400 0.078800 0.226500 0.067900 0.047700 0.077700 0.028500 0.078800 0.121300 0.067600 0.109100 0.057400 0.077700 0.222700 0.057600 0.176100 0.110900 0.047700 0.078900 0.028500 0.057500 0.111500 0.121800 0.067600 0.067300 0.057400 0.078800 0.057700 0.078800 0.143400 0.067600 0.246000 0.047700 0.047700 0.098000 0.057500 0.067500 0.038000 0.167100 0.122500 0.057400 0.110600 0.121500 0.077800 0.108100 0.000000 0.067800 0.077400 0.088700 0.099700 0.089200
Impala 0.037900 0.506800 0.048400 0.189200 0.038200 0.037900 0.047800 0.038100 0.048400 0.068500 0.038000 0.088500 0.028200 0.047800 0.187100 0.067500 0.120200 0.058700 0.018800 0.048500 0.038100 0.028300 0.058900 0.089500 0.038000 0.077300 0.028200 0.048400 0.067700 0.048400 0.089300 0.038000 0.209700 0.018800 0.018800 0.067500 0.028300 0.038000 0.067500 0.110900 0.069100 0.067200 0.058400 0.068600 0.047800 0.077300 0.067800 0.000000 0.067400 0.038200 0.089100 0.058400
Klipspring 0.067200 0.474700 0.078300 0.225200 0.067700 0.067200 0.077500 0.067400 0.078300 0.120900 0.067200 0.119800 0.057100 0.077300 0.187100 0.097600 0.175800 0.110800 0.047500 0.078400 0.067400 0.057300 0.111100 0.121100 0.067200 0.107600 0.057100 0.078300 0.097800 0.078300 0.143100 0.067400 0.221400 0.047500 0.047500 0.097800 0.057300 0.067300 0.077200 0.165700 0.121900 0.097200 0.110100 0.120900 0.077600 0.107800 0.077400 0.067400 0.000000 0.088500 0.098900 0.088700
ForestMusk 0.058000 0.459500 0.068800 0.165300 0.038500 0.058000 0.068100 0.057900 0.068800 0.048100 0.057900 0.110200 0.047900 0.068100 0.211200 0.088100 0.098400 0.038400 0.038300 0.068800 0.058000 0.048100 0.038500 0.068200 0.057900 0.098100 0.047900 0.068800 0.088400 0.068800 0.068200 0.057900 0.176400 0.038300 0.038300 0.088400 0.047900 0.038300 0.068200 0.088800 0.048400 0.087800 0.058000 0.048100 0.068100 0.098400 0.088700 0.038200 0.088500 0.000000 0.110800 0.079100
Bushbuck 0.088800 0.510500 0.038400 0.228000 0.078900 0.088800 0.099200 0.089000 0.038400 0.144400 0.088600 0.142500 0.078300 0.078600 0.212700 0.120200 0.154600 0.133700 0.068300 0.038400 0.089000 0.078500 0.134600 0.145200 0.088600 0.109400 0.078300 0.038400 0.120400 0.038400 0.167400 0.088700 0.245200 0.068300 0.068300 0.098900 0.078200 0.088900 0.078500 0.168600 0.123500 0.119900 0.133400 0.144800 0.099100 0.130300 0.099700 0.089100 0.098900 0.110800 0.000000 0.048300
GreaterKud 0.058200 0.569300 0.009400 0.241000 0.058600 0.058200 0.068300 0.058300 0.009400 0.111500 0.058100 0.110300 0.048100 0.048300 0.177400 0.088500 0.166400 0.101200 0.038400 0.009500 0.058300 0.048200 0.101700 0.134000 0.058100 0.078100 0.048100 0.009400 0.088700 0.009400 0.133600 0.058100 0.233100 0.038400 0.038400 0.068200 0.048100 0.058300 0.088900 0.134200 0.091000 0.088200 0.100800 0.111700 0.068200 0.098600 0.089200 0.058400 0.088700 0.079100 0.048300 0.000000
