CODONML (in paml version 4.10.7, June 2023)  /home/rachel/ruminants_paml/6406-phy-tree/ENSBTAT00000035929.fasta.phy
Model: free dN/dS Ratios for branches,  kappa = 2.000 fixed

Codon frequency model: F3x4
ns =  54  ls =  19

Codon usage in sequences
--------------------------------------------------------------------------------------------------------------------------------------
Phe TTT   0   0   0   0   0   0 | Ser TCT   0   0   0   0   0   1 | Tyr TAT   1   2   1   1   1   1 | Cys TGT   0   0   0   0   0   0
    TTC   1   1   1   1   1   1 |     TCC   2   2   2   2   2   1 |     TAC   1   0   1   1   1   1 |     TGC   0   0   0   0   0   0
Leu TTA   0   0   0   0   0   0 |     TCA   0   0   0   0   1   0 | *** TAA   0   0   0   0   0   0 | *** TGA   0   0   0   0   0   0
    TTG   0   0   0   0   0   0 |     TCG   1   1   1   1   0   1 |     TAG   0   0   0   0   0   0 | Trp TGG   0   0   0   0   0   0
--------------------------------------------------------------------------------------------------------------------------------------
Leu CTT   2   1   2   2   2   2 | Pro CCT   0   0   0   0   0   0 | His CAT   0   0   1   0   0   0 | Arg CGT   1   0   1   1   0   1
    CTC   1   1   1   1   1   1 |     CCC   0   0   0   0   0   1 |     CAC   1   1   0   1   1   1 |     CGC   0   0   0   0   1   0
    CTA   0   0   0   0   0   0 |     CCA   1   1   1   1   1   1 | Gln CAA   0   0   0   0   0   0 |     CGA   0   0   0   0   0   0
    CTG   0   1   0   0   0   0 |     CCG   0   0   0   0   0   0 |     CAG   0   0   0   0   0   0 |     CGG   0   0   0   0   0   0
--------------------------------------------------------------------------------------------------------------------------------------
Ile ATT   0   0   0   0   0   0 | Thr ACT   0   0   0   0   0   0 | Asn AAT   0   0   0   0   0   0 | Ser AGT   0   0   0   0   0   0
    ATC   2   1   2   2   2   2 |     ACC   0   0   0   0   0   0 |     AAC   0   0   0   0   0   0 |     AGC   0   0   0   0   0   0
    ATA   0   0   0   0   0   0 |     ACA   0   0   0   0   0   0 | Lys AAA   0   0   0   0   0   0 | Arg AGA   0   1   0   0   0   0
Met ATG   0   0   0   0   0   0 |     ACG   0   0   0   0   0   0 |     AAG   0   0   0   0   0   0 |     AGG   0   0   0   0   0   0
--------------------------------------------------------------------------------------------------------------------------------------
Val GTT   0   0   0   0   0   0 | Ala GCT   1   0   1   1   0   0 | Asp GAT   0   0   0   0   0   0 | Gly GGT   0   0   0   0   0   0
    GTC   0   1   0   0   0   0 |     GCC   1   2   1   1   2   1 |     GAC   1   1   1   1   1   1 |     GGC   1   1   1   1   1   1
    GTA   0   0   0   0   0   0 |     GCA   0   0   0   0   0   0 | Glu GAA   0   0   0   0   0   0 |     GGA   0   0   0   0   0   0
    GTG   0   0   0   0   0   0 |     GCG   0   0   0   0   0   0 |     GAG   1   1   1   1   1   1 |     GGG   0   0   0   0   0   0
--------------------------------------------------------------------------------------------------------------------------------------

--------------------------------------------------------------------------------------------------------------------------------------
Phe TTT   0   1   0   0   0   0 | Ser TCT   0   0   1   0   0   0 | Tyr TAT   1   1   1   1   1   1 | Cys TGT   0   0   0   0   0   0
    TTC   1   0   1   1   1   1 |     TCC   2   1   2   2   2   2 |     TAC   1   1   1   1   1   1 |     TGC   0   0   0   0   0   0
Leu TTA   0   0   0   0   0   0 |     TCA   0   0   0   0   0   0 | *** TAA   0   0   0   0   0   0 | *** TGA   0   0   0   0   0   0
    TTG   0   0   0   0   0   0 |     TCG   1   1   0   1   1   1 |     TAG   0   0   0   0   0   0 | Trp TGG   0   0   0   0   0   0
--------------------------------------------------------------------------------------------------------------------------------------
Leu CTT   2   2   2   2   2   2 | Pro CCT   0   0   0   0   0   0 | His CAT   1   0   1   0   1   0 | Arg CGT   1   1   1   1   1   1
    CTC   1   2   1   1   1   1 |     CCC   0   0   0   0   0   0 |     CAC   0   1   0   1   0   1 |     CGC   0   0   0   0   0   0
    CTA   0   0   0   0   0   0 |     CCA   1   1   1   1   1   1 | Gln CAA   0   0   0   0   0   0 |     CGA   0   0   0   0   0   0
    CTG   0   0   0   0   0   0 |     CCG   0   0   0   0   0   0 |     CAG   0   0   0   0   0   0 |     CGG   0   0   0   0   0   0
--------------------------------------------------------------------------------------------------------------------------------------
Ile ATT   0   0   0   0   0   1 | Thr ACT   0   0   0   0   0   0 | Asn AAT   0   0   0   0   0   0 | Ser AGT   0   0   0   0   0   0
    ATC   2   2   2   2   2   1 |     ACC   0   0   0   0   0   0 |     AAC   0   0   0   0   0   0 |     AGC   0   0   0   0   0   0
    ATA   0   0   0   0   0   0 |     ACA   0   0   0   0   0   0 | Lys AAA   0   0   0   0   0   0 | Arg AGA   0   0   0   0   0   0
Met ATG   0   0   0   0   0   0 |     ACG   0   0   0   0   0   0 |     AAG   0   0   0   0   0   0 |     AGG   0   0   0   0   0   0
--------------------------------------------------------------------------------------------------------------------------------------
Val GTT   0   0   0   0   0   0 | Ala GCT   1   1   1   1   1   0 | Asp GAT   0   0   0   0   0   0 | Gly GGT   0   0   0   0   0   0
    GTC   0   0   0   0   0   0 |     GCC   1   1   1   1   1   2 |     GAC   1   1   1   1   1   1 |     GGC   1   1   1   1   1   1
    GTA   0   0   0   0   0   0 |     GCA   0   0   0   0   0   0 | Glu GAA   0   0   0   0   0   0 |     GGA   0   0   0   0   0   0
    GTG   0   0   0   0   0   0 |     GCG   0   0   0   0   0   0 |     GAG   1   1   1   1   1   1 |     GGG   0   0   0   0   0   0
--------------------------------------------------------------------------------------------------------------------------------------

--------------------------------------------------------------------------------------------------------------------------------------
Phe TTT   0   0   0   0   0   0 | Ser TCT   0   0   0   2   1   0 | Tyr TAT   1   1   1   1   1   1 | Cys TGT   0   0   0   0   0   0
    TTC   1   1   1   1   1   1 |     TCC   2   2   2   1   2   2 |     TAC   1   1   1   1   1   1 |     TGC   0   0   0   0   0   0
Leu TTA   0   0   0   0   0   0 |     TCA   0   0   0   0   0   0 | *** TAA   0   0   0   0   0   0 | *** TGA   0   0   0   0   0   0
    TTG   0   0   0   0   0   0 |     TCG   1   1   1   0   0   1 |     TAG   0   0   0   0   0   0 | Trp TGG   0   0   0   0   0   0
--------------------------------------------------------------------------------------------------------------------------------------
Leu CTT   2   2   2   2   2   2 | Pro CCT   0   0   0   0   0   0 | His CAT   0   0   0   0   0   0 | Arg CGT   1   1   1   1   1   1
    CTC   1   1   1   1   1   1 |     CCC   0   0   0   0   0   0 |     CAC   1   1   1   1   1   1 |     CGC   0   0   0   0   0   0
    CTA   0   0   0   0   0   0 |     CCA   1   1   1   1   1   1 | Gln CAA   0   0   0   0   0   0 |     CGA   0   0   0   0   0   0
    CTG   0   0   0   0   0   0 |     CCG   0   0   0   0   0   0 |     CAG   0   0   0   0   0   0 |     CGG   0   0   0   0   0   0
--------------------------------------------------------------------------------------------------------------------------------------
Ile ATT   0   0   0   0   0   0 | Thr ACT   0   0   0   0   0   0 | Asn AAT   0   0   0   0   0   0 | Ser AGT   0   0   0   0   0   0
    ATC   2   1   2   2   2   2 |     ACC   0   0   0   0   0   0 |     AAC   0   0   0   0   0   0 |     AGC   0   0   0   0   0   0
    ATA   0   1   0   0   0   0 |     ACA   0   0   0   0   0   0 | Lys AAA   0   0   0   0   0   0 | Arg AGA   0   0   0   0   0   0
Met ATG   0   0   0   0   0   0 |     ACG   0   0   0   0   0   0 |     AAG   0   0   0   0   0   0 |     AGG   0   0   0   0   0   0
--------------------------------------------------------------------------------------------------------------------------------------
Val GTT   0   0   0   0   0   0 | Ala GCT   1   1   1   1   1   1 | Asp GAT   0   0   0   0   0   0 | Gly GGT   0   0   0   0   0   0
    GTC   0   0   0   0   0   0 |     GCC   1   1   1   1   1   1 |     GAC   1   1   1   1   1   1 |     GGC   1   1   1   1   1   1
    GTA   0   0   0   0   0   0 |     GCA   0   0   0   0   0   0 | Glu GAA   0   0   0   0   0   0 |     GGA   0   0   0   0   0   0
    GTG   0   0   0   0   0   0 |     GCG   0   0   0   0   0   0 |     GAG   1   1   1   1   1   1 |     GGG   0   0   0   0   0   0
--------------------------------------------------------------------------------------------------------------------------------------

--------------------------------------------------------------------------------------------------------------------------------------
Phe TTT   0   0   0   0   0   0 | Ser TCT   0   0   0   0   0   0 | Tyr TAT   1   1   1   1   1   1 | Cys TGT   0   0   0   0   0   0
    TTC   1   1   1   1   1   1 |     TCC   2   2   2   2   2   2 |     TAC   1   1   1   1   1   1 |     TGC   0   0   0   0   0   0
Leu TTA   0   0   0   0   0   0 |     TCA   1   1   0   0   0   0 | *** TAA   0   0   0   0   0   0 | *** TGA   0   0   0   0   0   0
    TTG   0   0   0   0   0   0 |     TCG   0   0   1   1   1   1 |     TAG   0   0   0   0   0   0 | Trp TGG   0   0   0   0   0   0
--------------------------------------------------------------------------------------------------------------------------------------
Leu CTT   2   2   2   2   2   2 | Pro CCT   0   0   0   0   0   0 | His CAT   1   1   0   1   0   0 | Arg CGT   1   1   1   1   1   1
    CTC   1   1   1   1   1   1 |     CCC   0   0   0   0   0   0 |     CAC   0   0   1   0   1   1 |     CGC   0   0   0   0   0   0
    CTA   0   0   0   0   0   0 |     CCA   1   1   1   1   1   1 | Gln CAA   0   0   0   0   0   0 |     CGA   0   0   0   0   0   0
    CTG   0   0   0   0   0   0 |     CCG   0   0   0   0   0   0 |     CAG   0   0   0   0   0   0 |     CGG   0   0   0   0   0   0
--------------------------------------------------------------------------------------------------------------------------------------
Ile ATT   0   0   0   0   0   0 | Thr ACT   0   0   0   0   0   0 | Asn AAT   0   0   0   0   0   0 | Ser AGT   0   0   0   0   0   0
    ATC   2   2   2   2   2   2 |     ACC   0   0   0   0   0   0 |     AAC   0   0   0   0   0   0 |     AGC   0   0   0   0   0   0
    ATA   0   0   0   0   0   0 |     ACA   0   0   0   0   0   0 | Lys AAA   0   0   0   0   0   0 | Arg AGA   0   0   0   0   0   0
Met ATG   0   0   0   0   0   0 |     ACG   0   0   0   0   0   0 |     AAG   0   0   0   0   0   0 |     AGG   0   0   0   0   0   0
--------------------------------------------------------------------------------------------------------------------------------------
Val GTT   0   0   0   0   0   0 | Ala GCT   1   1   2   1   1   1 | Asp GAT   0   0   0   0   0   0 | Gly GGT   0   0   0   0   0   0
    GTC   0   0   0   0   0   0 |     GCC   1   1   0   1   1   1 |     GAC   1   1   1   1   1   1 |     GGC   1   1   1   1   1   1
    GTA   0   0   0   0   0   0 |     GCA   0   0   0   0   0   0 | Glu GAA   0   0   0   0   0   0 |     GGA   0   0   0   0   0   0
    GTG   0   0   0   0   0   0 |     GCG   0   0   0   0   0   0 |     GAG   1   1   1   1   1   1 |     GGG   0   0   0   0   0   0
--------------------------------------------------------------------------------------------------------------------------------------

--------------------------------------------------------------------------------------------------------------------------------------
Phe TTT   0   0   0   0   0   0 | Ser TCT   0   0   0   0   0   0 | Tyr TAT   1   1   1   1   1   1 | Cys TGT   0   0   0   0   0   0
    TTC   1   1   1   1   1   1 |     TCC   2   2   2   2   2   2 |     TAC   1   1   1   1   1   1 |     TGC   0   0   0   0   0   0
Leu TTA   0   0   0   0   0   0 |     TCA   1   0   0   0   0   0 | *** TAA   0   0   0   0   0   0 | *** TGA   0   0   0   0   0   0
    TTG   0   0   0   0   0   0 |     TCG   0   1   1   1   1   1 |     TAG   0   0   0   0   0   0 | Trp TGG   0   0   0   0   0   0
--------------------------------------------------------------------------------------------------------------------------------------
Leu CTT   2   2   2   2   2   2 | Pro CCT   0   0   0   0   0   0 | His CAT   0   1   0   0   0   1 | Arg CGT   1   0   1   1   1   1
    CTC   1   1   1   1   1   1 |     CCC   0   0   0   1   0   0 |     CAC   1   0   1   1   1   0 |     CGC   0   1   0   0   0   0
    CTA   0   0   0   0   0   0 |     CCA   1   1   1   1   1   1 | Gln CAA   0   0   0   0   0   0 |     CGA   0   0   0   0   0   0
    CTG   0   0   0   0   0   0 |     CCG   0   0   0   0   0   0 |     CAG   0   0   0   0   0   0 |     CGG   0   0   0   0   0   0
--------------------------------------------------------------------------------------------------------------------------------------
Ile ATT   1   1   0   0   0   0 | Thr ACT   0   0   0   0   0   0 | Asn AAT   0   0   0   0   0   0 | Ser AGT   0   0   0   0   0   0
    ATC   1   1   2   2   2   2 |     ACC   0   0   0   0   0   0 |     AAC   0   0   0   0   0   0 |     AGC   0   0   0   0   0   0
    ATA   0   0   0   0   0   0 |     ACA   0   0   0   0   0   0 | Lys AAA   0   0   0   0   0   0 | Arg AGA   0   0   0   0   0   0
Met ATG   0   0   0   0   0   0 |     ACG   0   0   0   0   0   0 |     AAG   0   0   0   0   0   0 |     AGG   0   0   0   0   0   0
--------------------------------------------------------------------------------------------------------------------------------------
Val GTT   0   0   0   0   0   0 | Ala GCT   0   0   1   1   1   1 | Asp GAT   0   0   0   0   0   0 | Gly GGT   0   0   0   0   0   0
    GTC   0   0   0   0   0   0 |     GCC   2   2   1   0   1   1 |     GAC   1   1   1   1   1   1 |     GGC   1   1   1   1   1   1
    GTA   0   0   0   0   0   0 |     GCA   0   0   0   0   0   0 | Glu GAA   0   0   0   0   0   0 |     GGA   0   0   0   0   0   0
    GTG   0   0   0   0   0   0 |     GCG   0   0   0   0   0   0 |     GAG   1   1   1   1   1   1 |     GGG   0   0   0   0   0   0
--------------------------------------------------------------------------------------------------------------------------------------

--------------------------------------------------------------------------------------------------------------------------------------
Phe TTT   0   0   0   0   0   0 | Ser TCT   0   0   0   1   0   0 | Tyr TAT   1   1   1   1   1   1 | Cys TGT   0   0   0   0   0   0
    TTC   1   1   1   1   1   1 |     TCC   2   2   2   2   2   2 |     TAC   1   1   1   1   1   1 |     TGC   0   0   0   0   0   0
Leu TTA   0   0   0   0   0   0 |     TCA   0   0   0   0   0   0 | *** TAA   0   0   0   0   0   0 | *** TGA   0   0   0   0   0   0
    TTG   0   0   0   0   0   0 |     TCG   1   1   1   0   1   1 |     TAG   0   0   0   0   0   0 | Trp TGG   0   0   0   0   0   0
--------------------------------------------------------------------------------------------------------------------------------------
Leu CTT   2   2   2   2   2   2 | Pro CCT   0   0   0   0   0   0 | His CAT   0   1   0   0   0   0 | Arg CGT   1   1   1   1   1   1
    CTC   1   1   1   1   1   1 |     CCC   0   0   0   0   0   0 |     CAC   1   0   1   1   1   1 |     CGC   0   0   0   0   0   0
    CTA   0   0   0   0   0   0 |     CCA   1   1   1   1   1   1 | Gln CAA   0   0   0   0   0   0 |     CGA   0   0   0   0   0   0
    CTG   0   0   0   0   0   0 |     CCG   0   0   0   0   0   0 |     CAG   0   0   0   0   0   0 |     CGG   0   0   0   0   0   0
--------------------------------------------------------------------------------------------------------------------------------------
Ile ATT   0   0   1   0   0   0 | Thr ACT   0   0   0   0   0   0 | Asn AAT   0   0   0   0   0   0 | Ser AGT   0   0   0   0   0   0
    ATC   2   2   1   2   2   2 |     ACC   0   0   0   0   0   0 |     AAC   0   0   0   0   0   0 |     AGC   0   0   0   0   0   0
    ATA   0   0   0   0   0   0 |     ACA   0   0   0   0   0   0 | Lys AAA   0   0   0   0   0   0 | Arg AGA   0   0   0   0   0   0
Met ATG   0   0   0   0   0   0 |     ACG   0   0   0   0   0   0 |     AAG   0   0   0   0   0   0 |     AGG   0   0   0   0   0   0
--------------------------------------------------------------------------------------------------------------------------------------
Val GTT   0   0   0   0   0   0 | Ala GCT   1   1   0   1   0   1 | Asp GAT   0   0   0   0   0   0 | Gly GGT   0   0   0   0   0   0
    GTC   0   0   0   0   0   0 |     GCC   1   1   2   1   2   1 |     GAC   1   1   1   1   1   1 |     GGC   1   1   1   1   1   1
    GTA   0   0   0   0   0   0 |     GCA   0   0   0   0   0   0 | Glu GAA   0   0   0   0   0   0 |     GGA   0   0   0   0   0   0
    GTG   0   0   0   0   0   0 |     GCG   0   0   0   0   0   0 |     GAG   1   1   1   1   1   1 |     GGG   0   0   0   0   0   0
--------------------------------------------------------------------------------------------------------------------------------------

--------------------------------------------------------------------------------------------------------------------------------------
Phe TTT   0   0   0   0   0   0 | Ser TCT   0   0   0   0   0   0 | Tyr TAT   1   1   1   1   1   1 | Cys TGT   0   0   0   0   0   0
    TTC   1   1   1   1   1   1 |     TCC   2   2   2   2   2   2 |     TAC   1   1   1   1   1   1 |     TGC   0   0   0   0   0   0
Leu TTA   0   0   0   0   0   0 |     TCA   1   0   0   0   0   0 | *** TAA   0   0   0   0   0   0 | *** TGA   0   0   0   0   0   0
    TTG   0   0   0   0   0   0 |     TCG   0   1   1   1   1   1 |     TAG   0   0   0   0   0   0 | Trp TGG   0   0   0   0   0   0
--------------------------------------------------------------------------------------------------------------------------------------
Leu CTT   2   2   2   2   2   2 | Pro CCT   0   0   0   0   0   0 | His CAT   0   0   0   1   0   0 | Arg CGT   1   1   1   1   1   1
    CTC   1   1   1   1   1   1 |     CCC   0   0   0   0   0   0 |     CAC   1   1   1   0   1   1 |     CGC   0   0   0   0   0   0
    CTA   0   0   0   0   0   0 |     CCA   1   1   1   1   1   1 | Gln CAA   0   0   0   0   0   0 |     CGA   0   0   0   0   0   0
    CTG   0   0   0   0   0   0 |     CCG   0   0   0   0   0   0 |     CAG   0   0   0   0   0   0 |     CGG   0   0   0   0   0   0
--------------------------------------------------------------------------------------------------------------------------------------
Ile ATT   0   0   0   0   0   1 | Thr ACT   0   0   0   0   0   0 | Asn AAT   0   0   0   0   0   0 | Ser AGT   0   0   0   0   0   0
    ATC   2   2   2   2   2   1 |     ACC   0   0   0   0   0   0 |     AAC   0   0   0   0   0   0 |     AGC   0   0   0   0   0   0
    ATA   0   0   0   0   0   0 |     ACA   0   0   0   0   0   0 | Lys AAA   0   0   0   0   0   0 | Arg AGA   0   0   0   0   0   0
Met ATG   0   0   0   0   0   0 |     ACG   0   0   0   0   0   0 |     AAG   0   0   0   0   0   0 |     AGG   0   0   0   0   0   0
--------------------------------------------------------------------------------------------------------------------------------------
Val GTT   0   0   0   0   0   0 | Ala GCT   1   1   1   1   1   0 | Asp GAT   0   0   0   0   0   0 | Gly GGT   0   0   0   0   0   1
    GTC   0   0   0   0   0   0 |     GCC   1   1   1   1   1   2 |     GAC   1   1   1   1   1   1 |     GGC   1   1   1   1   1   0
    GTA   0   0   0   0   0   0 |     GCA   0   0   0   0   0   0 | Glu GAA   0   0   0   0   0   0 |     GGA   0   0   0   0   0   0
    GTG   0   0   0   0   0   0 |     GCG   0   0   0   0   0   0 |     GAG   1   1   1   1   1   1 |     GGG   0   0   0   0   0   0
--------------------------------------------------------------------------------------------------------------------------------------

--------------------------------------------------------------------------------------------------------------------------------------
Phe TTT   0   0   0   0   0   0 | Ser TCT   0   0   0   0   0   0 | Tyr TAT   1   1   1   1   1   1 | Cys TGT   0   0   0   0   0   0
    TTC   1   1   1   1   1   1 |     TCC   2   2   2   2   2   2 |     TAC   1   1   1   1   1   1 |     TGC   0   0   0   0   0   0
Leu TTA   0   0   0   0   0   0 |     TCA   1   0   0   1   0   0 | *** TAA   0   0   0   0   0   0 | *** TGA   0   0   0   0   0   0
    TTG   0   0   0   0   0   0 |     TCG   0   1   1   0   1   1 |     TAG   0   0   0   0   0   0 | Trp TGG   0   0   0   0   0   0
--------------------------------------------------------------------------------------------------------------------------------------
Leu CTT   2   2   2   2   2   2 | Pro CCT   0   0   0   0   0   0 | His CAT   0   0   0   0   0   0 | Arg CGT   1   1   1   0   1   1
    CTC   1   1   1   1   1   1 |     CCC   0   0   0   0   0   0 |     CAC   1   1   1   1   1   1 |     CGC   0   0   0   1   0   0
    CTA   0   0   0   0   0   0 |     CCA   1   1   1   1   1   1 | Gln CAA   0   0   0   0   0   0 |     CGA   0   0   0   0   0   0
    CTG   0   0   0   0   0   0 |     CCG   0   0   0   0   0   0 |     CAG   0   0   0   0   0   0 |     CGG   0   0   0   0   0   0
--------------------------------------------------------------------------------------------------------------------------------------
Ile ATT   1   0   1   1   0   0 | Thr ACT   0   0   0   0   0   0 | Asn AAT   0   0   0   0   0   0 | Ser AGT   0   0   0   0   0   0
    ATC   1   2   1   1   2   2 |     ACC   0   0   0   0   0   0 |     AAC   0   0   0   0   0   0 |     AGC   0   0   0   0   0   0
    ATA   0   0   0   0   0   0 |     ACA   0   0   0   0   0   0 | Lys AAA   0   0   0   0   0   0 | Arg AGA   0   0   0   0   0   0
Met ATG   0   0   0   0   0   0 |     ACG   0   0   0   0   0   0 |     AAG   0   0   0   0   0   0 |     AGG   0   0   0   0   0   0
--------------------------------------------------------------------------------------------------------------------------------------
Val GTT   0   0   0   0   0   0 | Ala GCT   0   1   0   0   1   1 | Asp GAT   0   0   0   0   0   0 | Gly GGT   0   0   0   0   0   0
    GTC   0   0   0   0   0   0 |     GCC   2   1   2   2   1   1 |     GAC   1   1   1   1   1   1 |     GGC   1   1   1   1   1   1
    GTA   0   0   0   0   0   0 |     GCA   0   0   0   0   0   0 | Glu GAA   0   0   0   0   0   0 |     GGA   0   0   0   0   0   0
    GTG   0   0   0   0   0   0 |     GCG   0   0   0   0   0   0 |     GAG   1   1   1   1   1   1 |     GGG   0   0   0   0   0   0
--------------------------------------------------------------------------------------------------------------------------------------

--------------------------------------------------------------------------------------------------------------------------------------
Phe TTT   0   0   0   0   0   0 | Ser TCT   0   1   0   0   0   0 | Tyr TAT   1   1   1   1   1   1 | Cys TGT   0   0   0   0   0   0
    TTC   1   1   1   1   1   1 |     TCC   2   2   2   2   2   2 |     TAC   1   1   1   1   1   1 |     TGC   0   0   0   0   0   0
Leu TTA   0   0   0   0   0   0 |     TCA   0   0   0   0   0   0 | *** TAA   0   0   0   0   0   0 | *** TGA   0   0   0   0   0   0
    TTG   0   0   0   0   0   0 |     TCG   0   0   1   1   1   1 |     TAG   0   0   0   0   0   0 | Trp TGG   0   0   0   0   0   0
--------------------------------------------------------------------------------------------------------------------------------------
Leu CTT   2   2   2   2   2   2 | Pro CCT   0   0   0   0   0   0 | His CAT   0   0   0   0   1   1 | Arg CGT   1   1   1   1   1   1
    CTC   1   1   1   1   1   1 |     CCC   0   0   0   0   0   0 |     CAC   1   1   1   1   0   0 |     CGC   0   0   0   0   0   0
    CTA   0   0   0   0   0   0 |     CCA   1   1   1   1   1   1 | Gln CAA   0   0   0   0   0   0 |     CGA   0   0   0   0   0   0
    CTG   0   0   0   0   0   0 |     CCG   0   0   0   0   0   0 |     CAG   0   0   0   0   0   0 |     CGG   0   0   0   0   0   0
--------------------------------------------------------------------------------------------------------------------------------------
Ile ATT   0   0   0   0   0   0 | Thr ACT   0   0   0   0   0   0 | Asn AAT   0   0   0   0   0   0 | Ser AGT   0   0   0   0   0   0
    ATC   2   2   2   2   2   2 |     ACC   0   0   0   0   0   0 |     AAC   0   0   0   0   0   0 |     AGC   0   0   0   0   0   0
    ATA   0   0   0   0   0   0 |     ACA   0   0   0   0   0   0 | Lys AAA   0   0   0   0   0   0 | Arg AGA   0   0   0   0   0   0
Met ATG   0   0   0   0   0   0 |     ACG   1   0   0   0   0   0 |     AAG   0   0   0   0   0   0 |     AGG   0   0   0   0   0   0
--------------------------------------------------------------------------------------------------------------------------------------
Val GTT   0   0   0   0   0   0 | Ala GCT   1   1   1   1   1   1 | Asp GAT   0   0   0   0   0   0 | Gly GGT   1   0   0   0   0   0
    GTC   0   0   0   0   0   0 |     GCC   1   1   1   1   1   1 |     GAC   1   1   1   1   1   1 |     GGC   0   1   1   1   1   1
    GTA   0   0   0   0   0   0 |     GCA   0   0   0   0   0   0 | Glu GAA   0   0   0   0   0   0 |     GGA   0   0   0   0   0   0
    GTG   0   0   0   0   0   0 |     GCG   0   0   0   0   0   0 |     GAG   1   1   1   1   1   1 |     GGG   0   0   0   0   0   0
--------------------------------------------------------------------------------------------------------------------------------------

Codon position x base (3x4) table for each sequence.

#1: Argali         
position  1:    T:0.31579    C:0.31579    A:0.10526    G:0.26316
position  2:    T:0.31579    C:0.31579    A:0.26316    G:0.10526
position  3:    T:0.26316    C:0.57895    A:0.05263    G:0.10526
Average         T:0.29825    C:0.40351    A:0.14035    G:0.15789

#2: LesserMouseDeer
position  1:    T:0.31579    C:0.26316    A:0.10526    G:0.31579
position  2:    T:0.31579    C:0.31579    A:0.26316    G:0.10526
position  3:    T:0.15789    C:0.57895    A:0.10526    G:0.15789
Average         T:0.26316    C:0.38596    A:0.15789    G:0.19298

#3: LesserKudu     
position  1:    T:0.31579    C:0.31579    A:0.10526    G:0.26316
position  2:    T:0.31579    C:0.31579    A:0.26316    G:0.10526
position  3:    T:0.31579    C:0.52632    A:0.05263    G:0.10526
Average         T:0.31579    C:0.38596    A:0.14035    G:0.15789

#4: ForestMuskDeer2
position  1:    T:0.31579    C:0.31579    A:0.10526    G:0.26316
position  2:    T:0.31579    C:0.31579    A:0.26316    G:0.10526
position  3:    T:0.26316    C:0.57895    A:0.05263    G:0.10526
Average         T:0.29825    C:0.40351    A:0.14035    G:0.15789

#5: Camel          
position  1:    T:0.31579    C:0.31579    A:0.10526    G:0.26316
position  2:    T:0.31579    C:0.31579    A:0.26316    G:0.10526
position  3:    T:0.15789    C:0.68421    A:0.10526    G:0.05263
Average         T:0.26316    C:0.43860    A:0.15789    G:0.14035

#6: KillerWhale    
position  1:    T:0.31579    C:0.36842    A:0.10526    G:0.21053
position  2:    T:0.31579    C:0.31579    A:0.26316    G:0.10526
position  3:    T:0.26316    C:0.57895    A:0.05263    G:0.10526
Average         T:0.29825    C:0.42105    A:0.14035    G:0.14035

#7: DefassaWaterbuck
position  1:    T:0.31579    C:0.31579    A:0.10526    G:0.26316
position  2:    T:0.31579    C:0.31579    A:0.26316    G:0.10526
position  3:    T:0.31579    C:0.52632    A:0.05263    G:0.10526
Average         T:0.31579    C:0.38596    A:0.14035    G:0.15789

#8: Sheep          
position  1:    T:0.26316    C:0.36842    A:0.10526    G:0.26316
position  2:    T:0.36842    C:0.26316    A:0.26316    G:0.10526
position  3:    T:0.31579    C:0.52632    A:0.05263    G:0.10526
Average         T:0.31579    C:0.38596    A:0.14035    G:0.15789

#9: MaxwellsDuiker 
position  1:    T:0.31579    C:0.31579    A:0.10526    G:0.26316
position  2:    T:0.31579    C:0.31579    A:0.26316    G:0.10526
position  3:    T:0.36842    C:0.52632    A:0.05263    G:0.05263
Average         T:0.33333    C:0.38596    A:0.14035    G:0.14035

#10: GazellaPrzewalskyi
position  1:    T:0.31579    C:0.31579    A:0.10526    G:0.26316
position  2:    T:0.31579    C:0.31579    A:0.26316    G:0.10526
position  3:    T:0.26316    C:0.57895    A:0.05263    G:0.10526
Average         T:0.29825    C:0.40351    A:0.14035    G:0.15789

#11: MountainNyala  
position  1:    T:0.31579    C:0.31579    A:0.10526    G:0.26316
position  2:    T:0.31579    C:0.31579    A:0.26316    G:0.10526
position  3:    T:0.31579    C:0.52632    A:0.05263    G:0.10526
Average         T:0.31579    C:0.38596    A:0.14035    G:0.15789

#12: MuntiacusMuntjak
position  1:    T:0.31579    C:0.31579    A:0.10526    G:0.26316
position  2:    T:0.31579    C:0.31579    A:0.26316    G:0.10526
position  3:    T:0.26316    C:0.57895    A:0.05263    G:0.10526
Average         T:0.29825    C:0.40351    A:0.14035    G:0.15789

#13: goat           
position  1:    T:0.31579    C:0.31579    A:0.10526    G:0.26316
position  2:    T:0.31579    C:0.31579    A:0.26316    G:0.10526
position  3:    T:0.26316    C:0.57895    A:0.05263    G:0.10526
Average         T:0.29825    C:0.40351    A:0.14035    G:0.15789

#14: AfricanBuffalo 
position  1:    T:0.31579    C:0.31579    A:0.10526    G:0.26316
position  2:    T:0.31579    C:0.31579    A:0.26316    G:0.10526
position  3:    T:0.26316    C:0.52632    A:0.10526    G:0.10526
Average         T:0.29825    C:0.38596    A:0.15789    G:0.15789

#15: Topi           
position  1:    T:0.31579    C:0.31579    A:0.10526    G:0.26316
position  2:    T:0.31579    C:0.31579    A:0.26316    G:0.10526
position  3:    T:0.26316    C:0.57895    A:0.05263    G:0.10526
Average         T:0.29825    C:0.40351    A:0.14035    G:0.15789

#16: CommonDuiker   
position  1:    T:0.31579    C:0.31579    A:0.10526    G:0.26316
position  2:    T:0.31579    C:0.31579    A:0.26316    G:0.10526
position  3:    T:0.36842    C:0.52632    A:0.05263    G:0.05263
Average         T:0.33333    C:0.38596    A:0.14035    G:0.14035

#17: Suni           
position  1:    T:0.31579    C:0.31579    A:0.10526    G:0.26316
position  2:    T:0.31579    C:0.31579    A:0.26316    G:0.10526
position  3:    T:0.31579    C:0.57895    A:0.05263    G:0.05263
Average         T:0.31579    C:0.40351    A:0.14035    G:0.14035

#18: Springbuck     
position  1:    T:0.31579    C:0.31579    A:0.10526    G:0.26316
position  2:    T:0.31579    C:0.31579    A:0.26316    G:0.10526
position  3:    T:0.26316    C:0.57895    A:0.05263    G:0.10526
Average         T:0.29825    C:0.40351    A:0.14035    G:0.15789

#19: Okapi          
position  1:    T:0.31579    C:0.31579    A:0.10526    G:0.26316
position  2:    T:0.31579    C:0.31579    A:0.26316    G:0.10526
position  3:    T:0.31579    C:0.52632    A:0.10526    G:0.05263
Average         T:0.31579    C:0.38596    A:0.15789    G:0.14035

#20: Giraffe        
position  1:    T:0.31579    C:0.31579    A:0.10526    G:0.26316
position  2:    T:0.31579    C:0.31579    A:0.26316    G:0.10526
position  3:    T:0.31579    C:0.52632    A:0.10526    G:0.05263
Average         T:0.31579    C:0.38596    A:0.15789    G:0.14035

#21: TibetanAntelope
position  1:    T:0.31579    C:0.31579    A:0.10526    G:0.26316
position  2:    T:0.31579    C:0.31579    A:0.26316    G:0.10526
position  3:    T:0.31579    C:0.52632    A:0.05263    G:0.10526
Average         T:0.31579    C:0.38596    A:0.14035    G:0.15789

#22: Sitatunga      
position  1:    T:0.31579    C:0.31579    A:0.10526    G:0.26316
position  2:    T:0.31579    C:0.31579    A:0.26316    G:0.10526
position  3:    T:0.31579    C:0.52632    A:0.05263    G:0.10526
Average         T:0.31579    C:0.38596    A:0.14035    G:0.15789

#23: Oribi          
position  1:    T:0.31579    C:0.31579    A:0.10526    G:0.26316
position  2:    T:0.31579    C:0.31579    A:0.26316    G:0.10526
position  3:    T:0.26316    C:0.57895    A:0.05263    G:0.10526
Average         T:0.29825    C:0.40351    A:0.14035    G:0.15789

#24: BarbarySheep   
position  1:    T:0.31579    C:0.31579    A:0.10526    G:0.26316
position  2:    T:0.31579    C:0.31579    A:0.26316    G:0.10526
position  3:    T:0.26316    C:0.57895    A:0.05263    G:0.10526
Average         T:0.29825    C:0.40351    A:0.14035    G:0.15789

#25: Daviddeer      
position  1:    T:0.31579    C:0.31579    A:0.10526    G:0.26316
position  2:    T:0.31579    C:0.31579    A:0.26316    G:0.10526
position  3:    T:0.26316    C:0.57895    A:0.10526    G:0.05263
Average         T:0.29825    C:0.40351    A:0.15789    G:0.14035

#26: Reindeer       
position  1:    T:0.31579    C:0.31579    A:0.10526    G:0.26316
position  2:    T:0.31579    C:0.31579    A:0.26316    G:0.10526
position  3:    T:0.26316    C:0.57895    A:0.05263    G:0.10526
Average         T:0.29825    C:0.40351    A:0.14035    G:0.15789

#27: Ibex           
position  1:    T:0.31579    C:0.31579    A:0.10526    G:0.26316
position  2:    T:0.31579    C:0.31579    A:0.26316    G:0.10526
position  3:    T:0.26316    C:0.57895    A:0.05263    G:0.10526
Average         T:0.29825    C:0.40351    A:0.14035    G:0.15789

#28: GyrantGazelle  
position  1:    T:0.31579    C:0.36842    A:0.10526    G:0.21053
position  2:    T:0.31579    C:0.31579    A:0.26316    G:0.10526
position  3:    T:0.26316    C:0.57895    A:0.05263    G:0.10526
Average         T:0.29825    C:0.42105    A:0.14035    G:0.14035

#29: Hartebeest     
position  1:    T:0.31579    C:0.31579    A:0.10526    G:0.26316
position  2:    T:0.31579    C:0.31579    A:0.26316    G:0.10526
position  3:    T:0.26316    C:0.57895    A:0.05263    G:0.10526
Average         T:0.29825    C:0.40351    A:0.14035    G:0.15789

#30: Bongo          
position  1:    T:0.31579    C:0.31579    A:0.10526    G:0.26316
position  2:    T:0.31579    C:0.31579    A:0.26316    G:0.10526
position  3:    T:0.31579    C:0.52632    A:0.05263    G:0.10526
Average         T:0.31579    C:0.38596    A:0.14035    G:0.15789

#31: Gerenuk        
position  1:    T:0.31579    C:0.31579    A:0.10526    G:0.26316
position  2:    T:0.31579    C:0.31579    A:0.26316    G:0.10526
position  3:    T:0.26316    C:0.57895    A:0.05263    G:0.10526
Average         T:0.29825    C:0.40351    A:0.14035    G:0.15789

#32: CommonEland    
position  1:    T:0.31579    C:0.31579    A:0.10526    G:0.26316
position  2:    T:0.31579    C:0.31579    A:0.26316    G:0.10526
position  3:    T:0.31579    C:0.52632    A:0.05263    G:0.10526
Average         T:0.31579    C:0.38596    A:0.14035    G:0.15789

#33: MuntiacusReevesi
position  1:    T:0.31579    C:0.31579    A:0.10526    G:0.26316
position  2:    T:0.31579    C:0.31579    A:0.26316    G:0.10526
position  3:    T:0.26316    C:0.57895    A:0.05263    G:0.10526
Average         T:0.29825    C:0.40351    A:0.14035    G:0.15789

#34: HarveysDuiker  
position  1:    T:0.31579    C:0.31579    A:0.10526    G:0.26316
position  2:    T:0.31579    C:0.31579    A:0.26316    G:0.10526
position  3:    T:0.31579    C:0.57895    A:0.05263    G:0.05263
Average         T:0.31579    C:0.40351    A:0.14035    G:0.14035

#35: Pronghorn      
position  1:    T:0.31579    C:0.31579    A:0.10526    G:0.26316
position  2:    T:0.31579    C:0.31579    A:0.26316    G:0.10526
position  3:    T:0.21053    C:0.63158    A:0.05263    G:0.10526
Average         T:0.28070    C:0.42105    A:0.14035    G:0.15789

#36: BlueWildebeest 
position  1:    T:0.31579    C:0.31579    A:0.10526    G:0.26316
position  2:    T:0.31579    C:0.31579    A:0.26316    G:0.10526
position  3:    T:0.26316    C:0.57895    A:0.05263    G:0.10526
Average         T:0.29825    C:0.40351    A:0.14035    G:0.15789

#37: Gemsbok        
position  1:    T:0.31579    C:0.31579    A:0.10526    G:0.26316
position  2:    T:0.31579    C:0.31579    A:0.26316    G:0.10526
position  3:    T:0.26316    C:0.57895    A:0.10526    G:0.05263
Average         T:0.29825    C:0.40351    A:0.15789    G:0.14035

#38: Yak            
position  1:    T:0.31579    C:0.31579    A:0.10526    G:0.26316
position  2:    T:0.31579    C:0.31579    A:0.26316    G:0.10526
position  3:    T:0.26316    C:0.57895    A:0.05263    G:0.10526
Average         T:0.29825    C:0.40351    A:0.14035    G:0.15789

#39: BlueSheep      
position  1:    T:0.31579    C:0.31579    A:0.10526    G:0.26316
position  2:    T:0.31579    C:0.31579    A:0.26316    G:0.10526
position  3:    T:0.26316    C:0.57895    A:0.05263    G:0.10526
Average         T:0.29825    C:0.40351    A:0.14035    G:0.15789

#40: BohorReedbuck  
position  1:    T:0.31579    C:0.31579    A:0.10526    G:0.26316
position  2:    T:0.31579    C:0.31579    A:0.26316    G:0.10526
position  3:    T:0.31579    C:0.52632    A:0.05263    G:0.10526
Average         T:0.31579    C:0.38596    A:0.14035    G:0.15789

#41: KirksDik       
position  1:    T:0.31579    C:0.31579    A:0.10526    G:0.26316
position  2:    T:0.31579    C:0.31579    A:0.26316    G:0.10526
position  3:    T:0.26316    C:0.57895    A:0.05263    G:0.10526
Average         T:0.29825    C:0.40351    A:0.14035    G:0.15789

#42: RoeDeer        
position  1:    T:0.31579    C:0.31579    A:0.10526    G:0.26316
position  2:    T:0.31579    C:0.31579    A:0.26316    G:0.10526
position  3:    T:0.31579    C:0.52632    A:0.05263    G:0.10526
Average         T:0.31579    C:0.38596    A:0.14035    G:0.15789

#43: WhiteLippedDeer
position  1:    T:0.31579    C:0.31579    A:0.10526    G:0.26316
position  2:    T:0.31579    C:0.31579    A:0.26316    G:0.10526
position  3:    T:0.26316    C:0.57895    A:0.10526    G:0.05263
Average         T:0.29825    C:0.40351    A:0.15789    G:0.14035

#44: ThomsonGazelle 
position  1:    T:0.31579    C:0.31579    A:0.10526    G:0.26316
position  2:    T:0.31579    C:0.31579    A:0.26316    G:0.10526
position  3:    T:0.26316    C:0.57895    A:0.05263    G:0.10526
Average         T:0.29825    C:0.40351    A:0.14035    G:0.15789

#45: MuntiacusCrinifrons
position  1:    T:0.31579    C:0.31579    A:0.10526    G:0.26316
position  2:    T:0.31579    C:0.31579    A:0.26316    G:0.10526
position  3:    T:0.26316    C:0.57895    A:0.05263    G:0.10526
Average         T:0.29825    C:0.40351    A:0.14035    G:0.15789

#46: WhiteTailedDeer
position  1:    T:0.31579    C:0.31579    A:0.10526    G:0.26316
position  2:    T:0.31579    C:0.31579    A:0.26316    G:0.10526
position  3:    T:0.21053    C:0.63158    A:0.10526    G:0.05263
Average         T:0.28070    C:0.42105    A:0.15789    G:0.14035

#47: Cattle         
position  1:    T:0.31579    C:0.31579    A:0.10526    G:0.26316
position  2:    T:0.31579    C:0.31579    A:0.26316    G:0.10526
position  3:    T:0.26316    C:0.57895    A:0.05263    G:0.10526
Average         T:0.29825    C:0.40351    A:0.14035    G:0.15789

#48: RoyalAntelope  
position  1:    T:0.31579    C:0.31579    A:0.10526    G:0.26316
position  2:    T:0.31579    C:0.31579    A:0.26316    G:0.10526
position  3:    T:0.26316    C:0.57895    A:0.05263    G:0.10526
Average         T:0.29825    C:0.40351    A:0.14035    G:0.15789

#49: Steenbok       
position  1:    T:0.26316    C:0.31579    A:0.15789    G:0.26316
position  2:    T:0.31579    C:0.31579    A:0.26316    G:0.10526
position  3:    T:0.31579    C:0.52632    A:0.05263    G:0.10526
Average         T:0.29825    C:0.38596    A:0.15789    G:0.15789

#50: Impala         
position  1:    T:0.31579    C:0.31579    A:0.10526    G:0.26316
position  2:    T:0.31579    C:0.31579    A:0.26316    G:0.10526
position  3:    T:0.31579    C:0.57895    A:0.05263    G:0.05263
Average         T:0.31579    C:0.40351    A:0.14035    G:0.14035

#51: Klipspringer   
position  1:    T:0.31579    C:0.31579    A:0.10526    G:0.26316
position  2:    T:0.31579    C:0.31579    A:0.26316    G:0.10526
