1
52 1
Argali 0.000000 0.094500 0.034300 0.129100 0.027100 0.000000 0.023600 0.030600 0.034200 0.045500 0.016800 0.027200 0.037700 0.027100 0.033900 0.030500 0.041000 0.041100 0.034000 0.041400 0.037400 0.020200 0.034900 0.030600 0.023600 0.030500 0.044600 0.037800 0.027000 0.034300 0.049200 0.035000 0.037500 0.037600 0.020300 0.030700 0.013400 0.027200 0.023700 0.042200 0.034900 0.030500 0.045600 0.037600 0.030700 0.041200 0.030600 0.030600 0.030400 0.037600 0.044800 0.034200
LesserMous 0.094500 0.000000 0.096000 0.118300 0.087600 0.094400 0.084500 0.091800 0.087400 0.096400 0.075900 0.079500 0.099600 0.091700 0.087500 0.092800 0.082700 0.082800 0.102800 0.095300 0.098100 0.087200 0.079600 0.090700 0.083600 0.086300 0.107900 0.091300 0.087200 0.087600 0.100600 0.100000 0.102900 0.100100 0.080200 0.083600 0.079600 0.088100 0.083700 0.092600 0.091100 0.091200 0.096700 0.083000 0.083500 0.111900 0.084000 0.092100 0.097700 0.083400 0.099000 0.087400
LesserKudu 0.034300 0.096000 0.000000 0.111600 0.027400 0.034300 0.030900 0.031000 0.013600 0.046100 0.023900 0.027600 0.038200 0.034500 0.034400 0.023900 0.041600 0.048900 0.041500 0.020500 0.037900 0.027400 0.035300 0.038100 0.030900 0.028500 0.045200 0.017100 0.020500 0.013600 0.042700 0.042000 0.045100 0.038100 0.020500 0.031100 0.020500 0.027500 0.024200 0.042800 0.039000 0.028600 0.046200 0.038100 0.031100 0.045300 0.031000 0.031000 0.037900 0.030900 0.024000 0.017000
KillerWhal 0.129100 0.118300 0.111600 0.000000 0.106700 0.129100 0.126000 0.118100 0.110200 0.127700 0.109900 0.105900 0.130800 0.122100 0.121700 0.105700 0.109000 0.109300 0.130000 0.114300 0.129000 0.121700 0.121800 0.125400 0.117900 0.118600 0.138500 0.110400 0.114000 0.110300 0.138500 0.126700 0.126400 0.130600 0.114400 0.118200 0.113900 0.114500 0.117900 0.129500 0.118000 0.123900 0.128100 0.121800 0.118000 0.119200 0.122400 0.114900 0.125700 0.106200 0.110400 0.110200
DefassaWat 0.027100 0.087600 0.027400 0.106700 0.000000 0.027100 0.016900 0.016900 0.027400 0.038800 0.016900 0.027300 0.023900 0.020300 0.027200 0.016900 0.034200 0.041300 0.034200 0.034500 0.023700 0.020300 0.028100 0.030800 0.023800 0.016900 0.030800 0.031000 0.013500 0.027400 0.042500 0.028500 0.030700 0.023900 0.006700 0.030900 0.013500 0.013500 0.010100 0.035500 0.031700 0.016900 0.038900 0.030800 0.030900 0.034400 0.013500 0.023800 0.023700 0.030800 0.038000 0.027400
Sheep 0.000000 0.094400 0.034300 0.129100 0.027100 0.000000 0.023600 0.030600 0.034200 0.045500 0.016800 0.027200 0.037700 0.027100 0.033900 0.030500 0.041000 0.041100 0.033900 0.041400 0.037400 0.020200 0.034900 0.030600 0.023600 0.030500 0.044600 0.037800 0.027000 0.034300 0.049200 0.035100 0.037500 0.037600 0.020300 0.030700 0.013400 0.027200 0.023700 0.042300 0.035000 0.030500 0.045600 0.037600 0.030700 0.041200 0.030600 0.030600 0.030400 0.037600 0.044800 0.034200
MaxwellsDu 0.023600 0.084500 0.030900 0.126000 0.016900 0.023600 0.000000 0.020400 0.030900 0.040000 0.013500 0.023900 0.027400 0.010100 0.030600 0.020300 0.037700 0.037800 0.030600 0.038000 0.027200 0.016900 0.028100 0.034300 0.020300 0.020300 0.034300 0.034500 0.016900 0.030900 0.043700 0.018200 0.027200 0.027300 0.010100 0.023900 0.010100 0.016900 0.013500 0.039100 0.035300 0.020300 0.040100 0.034300 0.023900 0.030900 0.018000 0.027200 0.020200 0.034300 0.041500 0.030900
GazellaPrz 0.030600 0.091800 0.031000 0.118100 0.016900 0.030600 0.020400 0.000000 0.030900 0.042200 0.020300 0.030900 0.027400 0.016900 0.023800 0.020400 0.037800 0.045000 0.037700 0.038100 0.023800 0.023700 0.031600 0.034300 0.027300 0.013500 0.027300 0.034500 0.013500 0.031000 0.045900 0.020900 0.034300 0.027400 0.010100 0.030900 0.016900 0.010100 0.013500 0.039000 0.035100 0.016900 0.038600 0.034400 0.030900 0.030900 0.020400 0.020400 0.020300 0.034400 0.041600 0.030900
MountainNy 0.034200 0.087400 0.013600 0.110200 0.027400 0.034200 0.030900 0.030900 0.000000 0.038000 0.023900 0.020600 0.038200 0.034400 0.034400 0.023900 0.034500 0.041700 0.041400 0.006800 0.037900 0.027300 0.027500 0.031000 0.030900 0.025200 0.045100 0.003400 0.020400 0.006800 0.034700 0.042100 0.045100 0.038000 0.020500 0.024100 0.020400 0.027500 0.024200 0.027500 0.031000 0.028600 0.038100 0.031000 0.024100 0.045300 0.031000 0.030900 0.037800 0.023900 0.010100 0.003400
MuntiacusM 0.045500 0.096400 0.046100 0.127700 0.038800 0.045500 0.040000 0.042200 0.038000 0.000000 0.035000 0.037900 0.049800 0.043500 0.045600 0.042100 0.044900 0.052200 0.052900 0.045300 0.048600 0.038500 0.014900 0.023900 0.042200 0.037800 0.049800 0.041700 0.038500 0.038100 0.020500 0.051900 0.056800 0.042600 0.031600 0.039400 0.031400 0.038800 0.035100 0.027400 0.020500 0.042200 0.006800 0.024000 0.039300 0.060700 0.042400 0.034900 0.049200 0.041500 0.048800 0.038000
goat 0.016800 0.075900 0.023900 0.109900 0.016900 0.016800 0.013500 0.020300 0.023900 0.035000 0.000000 0.010100 0.027300 0.016900 0.023700 0.020300 0.030600 0.023800 0.023700 0.030900 0.027100 0.010000 0.024500 0.027200 0.006700 0.020200 0.034200 0.027400 0.016800 0.023900 0.038700 0.024900 0.027200 0.027300 0.010100 0.020400 0.003300 0.016900 0.013500 0.031800 0.028100 0.020300 0.035100 0.027300 0.020400 0.030800 0.020300 0.020300 0.020200 0.020400 0.034400 0.023900
AfricanBuf 0.027200 0.079500 0.027600 0.105900 0.027300 0.027200 0.023900 0.030900 0.020600 0.037900 0.010100 0.000000 0.038100 0.027300 0.034300 0.023800 0.030800 0.023900 0.034300 0.027600 0.037800 0.020400 0.027400 0.030900 0.017000 0.027900 0.045000 0.024100 0.020400 0.020600 0.041700 0.035000 0.037900 0.037900 0.020500 0.017100 0.013500 0.027400 0.023900 0.034400 0.030900 0.030900 0.038000 0.030900 0.017100 0.041600 0.030900 0.027400 0.030700 0.024000 0.031100 0.020600
Topi 0.037700 0.099600 0.038200 0.130800 0.023900 0.037700 0.027400 0.027400 0.038200 0.049800 0.027300 0.038100 0.000000 0.030900 0.037900 0.023900 0.038000 0.045200 0.045000 0.045400 0.020500 0.030800 0.039100 0.041600 0.034400 0.027400 0.013600 0.041800 0.023900 0.038200 0.053600 0.032200 0.041500 0.006800 0.017000 0.041700 0.023900 0.024000 0.020500 0.046600 0.042800 0.027400 0.049900 0.041600 0.041700 0.045200 0.020500 0.034400 0.034300 0.034500 0.048900 0.038200
CommonDuik 0.027100 0.091700 0.034500 0.122100 0.020300 0.027100 0.010100 0.016900 0.034400 0.043500 0.016900 0.027300 0.030900 0.000000 0.027200 0.023800 0.041200 0.041300 0.034100 0.041600 0.030700 0.020300 0.031600 0.037800 0.023800 0.023700 0.037800 0.038000 0.020300 0.034500 0.047200 0.014200 0.030700 0.030800 0.013500 0.027400 0.013500 0.013500 0.016900 0.042600 0.038800 0.023800 0.043600 0.037800 0.027400 0.027400 0.023800 0.023800 0.013400 0.037800 0.045100 0.034400
Suni 0.033900 0.087500 0.034400 0.121700 0.027200 0.033900 0.030600 0.023800 0.034400 0.045600 0.023700 0.034300 0.037900 0.027200 0.000000 0.030600 0.041200 0.048400 0.041100 0.041600 0.037600 0.027100 0.035100 0.037800 0.030600 0.030600 0.044800 0.038000 0.027100 0.034400 0.049400 0.034900 0.044700 0.037800 0.020300 0.037900 0.020300 0.020400 0.023800 0.042500 0.038600 0.030700 0.045700 0.037800 0.037900 0.041400 0.030700 0.023800 0.030500 0.037800 0.045000 0.034400
Springbuck 0.030500 0.092800 0.023900 0.105700 0.016900 0.030500 0.020300 0.020400 0.023900 0.042100 0.020300 0.023800 0.023900 0.023800 0.030600 0.000000 0.034200 0.041300 0.030700 0.031000 0.023700 0.023700 0.031400 0.034300 0.027200 0.020300 0.030800 0.027400 0.010100 0.024000 0.045800 0.027800 0.027200 0.023800 0.010100 0.027400 0.016900 0.016900 0.013500 0.038800 0.035000 0.020300 0.042200 0.034300 0.027400 0.030900 0.020400 0.030400 0.027100 0.023900 0.027400 0.023900
Okapi 0.041000 0.082700 0.041600 0.109000 0.034200 0.041000 0.037700 0.037800 0.034500 0.044900 0.030600 0.030800 0.038000 0.041200 0.041200 0.034200 0.000000 0.006700 0.048300 0.041700 0.037700 0.034100 0.034400 0.037900 0.037700 0.034500 0.044900 0.038100 0.034100 0.034600 0.048700 0.041700 0.044700 0.037900 0.027300 0.038000 0.027200 0.034300 0.030800 0.041400 0.037900 0.037700 0.045100 0.037900 0.038000 0.055800 0.037800 0.034300 0.044600 0.030900 0.045200 0.034500
Giraffe 0.041100 0.082800 0.048900 0.109300 0.041300 0.041100 0.037800 0.045000 0.041700 0.052200 0.023800 0.023900 0.045200 0.041300 0.048400 0.041300 0.006700 0.000000 0.048400 0.049000 0.044800 0.034200 0.041500 0.045000 0.030800 0.041700 0.052200 0.045300 0.041300 0.041700 0.056100 0.041900 0.044800 0.045100 0.034400 0.038100 0.027300 0.041500 0.037900 0.048600 0.045100 0.044900 0.052300 0.045100 0.038100 0.055900 0.045000 0.041400 0.044700 0.030900 0.052500 0.041700
TibetanAnt 0.034000 0.102800 0.041500 0.130000 0.034200 0.033900 0.030600 0.037700 0.041400 0.052900 0.023700 0.034300 0.045000 0.034100 0.041100 0.030700 0.048300 0.048400 0.000000 0.048700 0.044600 0.027100 0.042200 0.044800 0.030600 0.037600 0.051900 0.045100 0.034100 0.041500 0.056800 0.042100 0.037700 0.044800 0.027300 0.037900 0.020300 0.034300 0.030700 0.049700 0.045900 0.037700 0.053100 0.044800 0.037900 0.041400 0.037700 0.039000 0.037500 0.036300 0.045100 0.041400
Sitatunga 0.041400 0.095300 0.020500 0.114300 0.034500 0.041400 0.038000 0.038100 0.006800 0.045300 0.030900 0.027600 0.045400 0.041600 0.041600 0.031000 0.041700 0.049000 0.048700 0.000000 0.045100 0.034400 0.034700 0.038200 0.038000 0.032500 0.052500 0.003400 0.027400 0.013700 0.041900 0.049400 0.052400 0.045300 0.027500 0.031200 0.027400 0.034600 0.031400 0.034600 0.038200 0.035800 0.045400 0.038200 0.031200 0.052600 0.038100 0.038100 0.045000 0.031000 0.010200 0.010200
Oribi 0.037400 0.098100 0.037900 0.129000 0.023700 0.037400 0.027200 0.023800 0.037900 0.048600 0.027100 0.037800 0.020500 0.030700 0.037600 0.023700 0.037700 0.044800 0.044600 0.045100 0.000000 0.030600 0.038000 0.041300 0.034100 0.027100 0.027300 0.041500 0.016900 0.037900 0.052400 0.024300 0.041200 0.020400 0.016900 0.034300 0.023700 0.023800 0.020300 0.046000 0.041600 0.020300 0.045200 0.041300 0.034400 0.044900 0.020400 0.034100 0.034000 0.034300 0.041400 0.037900
BarbaryShe 0.020200 0.087200 0.027400 0.121700 0.020300 0.020200 0.016900 0.023700 0.027300 0.038500 0.010000 0.020400 0.030800 0.020300 0.027100 0.023700 0.034100 0.034200 0.027100 0.034400 0.030600 0.000000 0.028000 0.030700 0.016800 0.023700 0.037700 0.030900 0.020200 0.027400 0.042200 0.028400 0.030600 0.030700 0.013500 0.024300 0.006700 0.020300 0.016900 0.035300 0.031600 0.023700 0.038600 0.030700 0.024200 0.034300 0.023800 0.023700 0.023600 0.030700 0.037900 0.027300
Daviddeer 0.034900 0.079600 0.035300 0.121800 0.028100 0.034900 0.028100 0.031600 0.027500 0.014900 0.024500 0.027400 0.039100 0.031600 0.035100 0.031400 0.034400 0.041500 0.042200 0.034700 0.038000 0.028000 0.000000 0.013600 0.031600 0.027300 0.046300 0.031100 0.027900 0.027600 0.018400 0.039500 0.045900 0.039100 0.021100 0.024000 0.020900 0.028200 0.024500 0.017000 0.010200 0.031500 0.014900 0.013600 0.024000 0.049900 0.031700 0.031400 0.038600 0.031000 0.038100 0.027500
Reindeer 0.030600 0.090700 0.038100 0.125400 0.030800 0.030600 0.034300 0.034300 0.031000 0.023900 0.027200 0.030900 0.041600 0.037800 0.037800 0.034300 0.037900 0.045000 0.044800 0.038200 0.041300 0.030700 0.013600 0.000000 0.034300 0.031100 0.048500 0.034600 0.030700 0.031000 0.027600 0.045600 0.048400 0.041400 0.023900 0.034500 0.023800 0.030900 0.027400 0.017000 0.017100 0.034300 0.024000 0.013600 0.034500 0.052200 0.034400 0.034300 0.041200 0.034400 0.041600 0.031000
Ibex 0.023600 0.083600 0.030900 0.117900 0.023800 0.023600 0.020300 0.027300 0.030900 0.042200 0.006700 0.017000 0.034400 0.023800 0.030600 0.027200 0.037700 0.030800 0.030600 0.038000 0.034100 0.016800 0.031600 0.034300 0.000000 0.027200 0.041300 0.034500 0.023700 0.030900 0.045900 0.032000 0.034200 0.034300 0.016900 0.027400 0.010000 0.023800 0.020400 0.039000 0.035200 0.027200 0.042300 0.034300 0.027400 0.037900 0.027300 0.027200 0.027100 0.027300 0.041500 0.030900
GyrantGaze 0.030500 0.086300 0.028500 0.118600 0.016900 0.030500 0.020300 0.013500 0.025200 0.037800 0.020200 0.027900 0.027400 0.023700 0.030600 0.020300 0.034500 0.041700 0.037600 0.032500 0.027100 0.023700 0.027300 0.031100 0.027200 0.000000 0.027300 0.028900 0.016900 0.025100 0.041500 0.031300 0.034100 0.027300 0.010100 0.031400 0.016800 0.016900 0.013500 0.034300 0.030800 0.013500 0.037900 0.031200 0.031300 0.037900 0.020400 0.027200 0.027100 0.031400 0.036100 0.025200
Hartebeest 0.044600 0.107900 0.045200 0.138500 0.030800 0.044600 0.034300 0.027300 0.045100 0.049800 0.034200 0.045000 0.013600 0.037800 0.044800 0.030800 0.044900 0.052200 0.051900 0.052500 0.027300 0.037700 0.046300 0.048500 0.041300 0.027300 0.000000 0.048800 0.030700 0.045200 0.057200 0.041100 0.048400 0.006700 0.023900 0.048700 0.030700 0.030900 0.027300 0.053900 0.050100 0.034300 0.049900 0.048500 0.048700 0.052200 0.027400 0.034300 0.041200 0.041500 0.056000 0.045100
Bongo 0.037800 0.091300 0.017100 0.110400 0.031000 0.037800 0.034500 0.034500 0.003400 0.041700 0.027400 0.024100 0.041800 0.038000 0.038000 0.027400 0.038100 0.045300 0.045100 0.003400 0.041500 0.030900 0.031100 0.034600 0.034500 0.028900 0.048800 0.000000 0.023900 0.010200 0.038300 0.045800 0.048700 0.041700 0.024000 0.027700 0.023900 0.031000 0.027800 0.031000 0.034600 0.032200 0.041800 0.034600 0.027600 0.048900 0.034600 0.034500 0.041400 0.027500 0.006700 0.006800
Gerenuk 0.027000 0.087200 0.020500 0.114000 0.013500 0.027000 0.016900 0.013500 0.020400 0.038500 0.016800 0.020400 0.023900 0.020300 0.027100 0.010100 0.034100 0.041300 0.034100 0.027400 0.016900 0.020200 0.027900 0.030700 0.023700 0.016900 0.030700 0.023900 0.000000 0.020500 0.042200 0.021000 0.030700 0.023800 0.006700 0.017000 0.013400 0.013500 0.010100 0.035200 0.031500 0.010100 0.035000 0.030800 0.017000 0.034300 0.016900 0.023800 0.023600 0.030800 0.030900 0.020400
CommonElan 0.034300 0.087600 0.013600 0.110300 0.027400 0.034300 0.030900 0.031000 0.006800 0.038100 0.023900 0.020600 0.038200 0.034500 0.034400 0.024000 0.034600 0.041700 0.041500 0.013700 0.037900 0.027400 0.027600 0.031000 0.030900 0.025100 0.045200 0.010200 0.020500 0.000000 0.041800 0.042200 0.045100 0.038100 0.020500 0.024100 0.020500 0.027500 0.024300 0.034600 0.031100 0.028600 0.038200 0.031100 0.024100 0.045300 0.031000 0.031000 0.037900 0.024000 0.017100 0.010200
MuntiacusR 0.049200 0.100600 0.042700 0.138500 0.042500 0.049200 0.043700 0.045900 0.034700 0.020500 0.038700 0.041700 0.053600 0.047200 0.049400 0.045800 0.048700 0.056100 0.056800 0.041900 0.052400 0.042200 0.018400 0.027600 0.045900 0.041500 0.057200 0.038300 0.042200 0.041800 0.000000 0.055700 0.057000 0.049900 0.035200 0.039300 0.035100 0.042500 0.038800 0.024100 0.024000 0.045900 0.020600 0.027600 0.043000 0.064600 0.046200 0.042200 0.053000 0.045200 0.045400 0.034700
HarveysDui 0.035000 0.100000 0.042000 0.126700 0.028500 0.035100 0.018200 0.020900 0.042100 0.051900 0.024900 0.035000 0.032200 0.014200 0.034900 0.027800 0.041700 0.041900 0.042100 0.049400 0.024300 0.028400 0.039500 0.045600 0.032000 0.031300 0.041100 0.045800 0.021000 0.042200 0.055700 0.000000 0.038400 0.034100 0.021200 0.028100 0.021300 0.021200 0.024400 0.050800 0.047100 0.024300 0.048300 0.045700 0.028000 0.035800 0.032100 0.031200 0.024600 0.038600 0.053000 0.042100
Pronghorn 0.037500 0.102900 0.045100 0.126400 0.030700 0.037500 0.027200 0.034300 0.045100 0.056800 0.027200 0.037900 0.041500 0.030700 0.044700 0.027200 0.044700 0.044800 0.037700 0.052400 0.041200 0.030600 0.045900 0.048400 0.034200 0.034100 0.048400 0.048700 0.030700 0.045100 0.057000 0.038400 0.000000 0.041400 0.023800 0.038000 0.023700 0.030800 0.027300 0.053400 0.049600 0.034200 0.057000 0.048500 0.041500 0.038000 0.034300 0.042400 0.034100 0.041400 0.048700 0.045100
BlueWildeb 0.037600 0.100100 0.038100 0.130600 0.023900 0.037600 0.027300 0.027400 0.038000 0.042600 0.027300 0.037900 0.006800 0.030800 0.037800 0.023800 0.037900 0.045100 0.044800 0.045300 0.020400 0.030700 0.039100 0.041400 0.034300 0.027300 0.006700 0.041700 0.023800 0.038100 0.049900 0.034100 0.041400 0.000000 0.017000 0.041600 0.023800 0.023900 0.020400 0.046700 0.042900 0.027300 0.042700 0.041500 0.041600 0.045100 0.020500 0.027300 0.034200 0.034400 0.048800 0.038000
Gemsbok 0.020300 0.080200 0.020500 0.114400 0.006700 0.020300 0.010100 0.010100 0.020500 0.031600 0.010100 0.020500 0.017000 0.013500 0.020300 0.010100 0.027300 0.034400 0.027300 0.027500 0.016900 0.013500 0.021100 0.023900 0.016900 0.010100 0.023900 0.024000 0.006700 0.020500 0.035200 0.021200 0.023800 0.017000 0.000000 0.024000 0.006700 0.006800 0.003400 0.028500 0.024600 0.010100 0.031600 0.023900 0.024000 0.027400 0.010200 0.017000 0.016900 0.023900 0.031000 0.020500
Yak 0.030700 0.083600 0.031100 0.118200 0.030900 0.030700 0.023900 0.030900 0.024100 0.039400 0.020400 0.017100 0.041700 0.027400 0.037900 0.027400 0.038000 0.038100 0.037900 0.031200 0.034300 0.024300 0.024000 0.034500 0.027400 0.031400 0.048700 0.027700 0.017000 0.024100 0.039300 0.028100 0.038000 0.041600 0.024000 0.000000 0.017000 0.031000 0.027400 0.038000 0.034600 0.027400 0.035900 0.034500 0.006800 0.045200 0.034500 0.034400 0.034300 0.034600 0.034700 0.024100
BlueSheep 0.013400 0.079600 0.020500 0.113900 0.013500 0.013400 0.010100 0.016900 0.020400 0.031400 0.003300 0.013500 0.023900 0.013500 0.020300 0.016900 0.027200 0.027300 0.020300 0.027400 0.023700 0.006700 0.020900 0.023800 0.010000 0.016800 0.030700 0.023900 0.013400 0.020500 0.035100 0.021300 0.023700 0.023800 0.006700 0.017000 0.000000 0.013500 0.010100 0.028200 0.024500 0.016900 0.031500 0.023800 0.017000 0.027300 0.016900 0.016900 0.016800 0.023800 0.030900 0.020400
BohorReedb 0.027200 0.088100 0.027500 0.114500 0.013500 0.027200 0.016900 0.010100 0.027500 0.038800 0.016900 0.027400 0.024000 0.013500 0.020400 0.016900 0.034300 0.041500 0.034300 0.034600 0.023800 0.020300 0.028200 0.030900 0.023800 0.016900 0.030900 0.031000 0.013500 0.027500 0.042500 0.021200 0.030800 0.023900 0.006800 0.031000 0.013500 0.000000 0.010200 0.035600 0.031700 0.017000 0.038900 0.030900 0.030900 0.027400 0.017000 0.017000 0.016900 0.030900 0.038100 0.027500
KirksDik 0.023700 0.083700 0.024200 0.117900 0.010100 0.023700 0.013500 0.013500 0.024200 0.035100 0.013500 0.023900 0.020500 0.016900 0.023800 0.013500 0.030800 0.037900 0.030700 0.031400 0.020300 0.016900 0.024500 0.027400 0.020400 0.013500 0.027300 0.027800 0.010100 0.024300 0.038800 0.024400 0.027300 0.020400 0.003400 0.027400 0.010100 0.010200 0.000000 0.031900 0.028100 0.013500 0.035200 0.027400 0.027500 0.031500 0.013600 0.020400 0.020300 0.027800 0.034900 0.024200
RoeDeer 0.042200 0.092600 0.042800 0.129500 0.035500 0.042300 0.039100 0.039000 0.027500 0.027400 0.031800 0.034400 0.046600 0.042600 0.042500 0.038800 0.041400 0.048600 0.049700 0.034600 0.046000 0.035300 0.017000 0.017000 0.039000 0.034300 0.053900 0.031000 0.035200 0.034600 0.024100 0.050800 0.053400 0.046700 0.028500 0.038000 0.028200 0.035600 0.031900 0.000000 0.020500 0.038900 0.027500 0.017000 0.038000 0.057500 0.039200 0.038700 0.046000 0.037900 0.038100 0.027500
WhiteLippe 0.034900 0.091100 0.039000 0.118000 0.031700 0.035000 0.035300 0.035100 0.031000 0.020500 0.028100 0.030900 0.042800 0.038800 0.038600 0.035000 0.037900 0.045100 0.045900 0.038200 0.041600 0.031600 0.010200 0.017100 0.035200 0.030800 0.050100 0.034600 0.031500 0.031100 0.024000 0.047100 0.049600 0.042900 0.024600 0.034600 0.024500 0.031700 0.028100 0.020500 0.000000 0.035100 0.020500 0.017100 0.034500 0.053600 0.035400 0.035000 0.042200 0.034500 0.041700 0.031000
ThomsonGaz 0.030500 0.091200 0.028600 0.123900 0.016900 0.030500 0.020300 0.016900 0.028600 0.042200 0.020300 0.030900 0.027400 0.023800 0.030700 0.020300 0.037700 0.044900 0.037700 0.035800 0.020300 0.023700 0.031500 0.034300 0.027200 0.013500 0.034300 0.032200 0.010100 0.028600 0.045900 0.024300 0.034200 0.027300 0.010100 0.027400 0.016900 0.017000 0.013500 0.038900 0.035100 0.000000 0.038700 0.034300 0.027400 0.037900 0.020400 0.027300 0.027100 0.034400 0.039400 0.028500
MuntiacusC 0.045600 0.096700 0.046200 0.128100 0.038900 0.045600 0.040100 0.038600 0.038100 0.006800 0.035100 0.038000 0.049900 0.043600 0.045700 0.042200 0.045100 0.052300 0.053100 0.045400 0.045200 0.038600 0.014900 0.024000 0.042300 0.037900 0.049900 0.041800 0.035000 0.038200 0.020600 0.048300 0.057000 0.042700 0.031600 0.035900 0.031500 0.038900 0.035200 0.027500 0.020500 0.038700 0.000000 0.024000 0.035800 0.060900 0.042500 0.035000 0.049400 0.041600 0.048900 0.038100
WhiteTaile 0.037600 0.083000 0.038100 0.121800 0.030800 0.037600 0.034300 0.034400 0.031000 0.024000 0.027300 0.030900 0.041600 0.037800 0.037800 0.034300 0.037900 0.045100 0.044800 0.038200 0.041300 0.030700 0.013600 0.013600 0.034300 0.031200 0.048500 0.034600 0.030800 0.031100 0.027600 0.045700 0.048500 0.041500 0.023900 0.034500 0.023800 0.030900 0.027400 0.017000 0.017100 0.034300 0.024000 0.000000 0.034500 0.052300 0.034400 0.034400 0.041200 0.034400 0.041700 0.031000
Cattle 0.030700 0.083500 0.031100 0.118000 0.030900 0.030700 0.023900 0.030900 0.024100 0.039300 0.020400 0.017100 0.041700 0.027400 0.037900 0.027400 0.038000 0.038100 0.037900 0.031200 0.034400 0.024200 0.024000 0.034500 0.027400 0.031300 0.048700 0.027600 0.017000 0.024100 0.043000 0.028000 0.041500 0.041600 0.024000 0.006800 0.017000 0.030900 0.027500 0.038000 0.034500 0.027400 0.035800 0.034500 0.000000 0.045200 0.034500 0.034400 0.034300 0.034600 0.034700 0.024100
RoyalAntel 0.041200 0.111900 0.045300 0.119200 0.034400 0.041200 0.030900 0.030900 0.045300 0.060700 0.030800 0.041600 0.045200 0.027400 0.041400 0.030900 0.055800 0.055900 0.041400 0.052600 0.044900 0.034300 0.049900 0.052200 0.037900 0.037900 0.052200 0.048900 0.034300 0.045300 0.064600 0.035800 0.038000 0.045100 0.027400 0.045200 0.027300 0.027400 0.031500 0.057500 0.053600 0.037900 0.060900 0.052300 0.045200 0.000000 0.038000 0.035900 0.030800 0.041600 0.048900 0.045200
Steenbok 0.030600 0.084000 0.031000 0.122400 0.013500 0.030600 0.018000 0.020400 0.031000 0.042400 0.020300 0.030900 0.020500 0.023800 0.030700 0.020400 0.037800 0.045000 0.037700 0.038100 0.020400 0.023800 0.031700 0.034400 0.027300 0.020400 0.027400 0.034600 0.016900 0.031000 0.046200 0.032100 0.034300 0.020500 0.010200 0.034500 0.016900 0.017000 0.013600 0.039200 0.035400 0.020400 0.042500 0.034400 0.034500 0.038000 0.000000 0.027300 0.027200 0.034400 0.041600 0.031000
Impala 0.030600 0.092100 0.031000 0.114900 0.023800 0.030600 0.027200 0.020400 0.030900 0.034900 0.020300 0.027400 0.034400 0.023800 0.023800 0.030400 0.034300 0.041400 0.039000 0.038100 0.034100 0.023700 0.031400 0.034300 0.027200 0.027200 0.034300 0.034500 0.023800 0.031000 0.042200 0.031200 0.042400 0.027300 0.017000 0.034400 0.016900 0.017000 0.020400 0.038700 0.035000 0.027300 0.035000 0.034400 0.034400 0.035900 0.027300 0.000000 0.027200 0.035700 0.043100 0.030900
Klipspring 0.030400 0.097700 0.037900 0.125700 0.023700 0.030400 0.020200 0.020300 0.037800 0.049200 0.020200 0.030700 0.034300 0.013400 0.030500 0.027100 0.044600 0.044700 0.037500 0.045000 0.034000 0.023600 0.038600 0.041200 0.027100 0.027100 0.041200 0.041400 0.023600 0.037900 0.053000 0.024600 0.034100 0.034200 0.016900 0.034300 0.016800 0.016900 0.020300 0.046000 0.042200 0.027100 0.049400 0.041200 0.034300 0.030800 0.027200 0.027200 0.000000 0.041200 0.048500 0.037800
ForestMusk 0.037600 0.083400 0.030900 0.106200 0.030800 0.037600 0.034300 0.034400 0.023900 0.041500 0.020400 0.024000 0.034500 0.037800 0.037800 0.023900 0.030900 0.030900 0.036300 0.031000 0.034300 0.030700 0.031000 0.034400 0.027300 0.031400 0.041500 0.027500 0.030800 0.024000 0.045200 0.038600 0.041400 0.034400 0.023900 0.034600 0.023800 0.030900 0.027800 0.037900 0.034500 0.034400 0.041600 0.034400 0.034600 0.041600 0.034400 0.035700 0.041200 0.000000 0.027500 0.023900
Bushbuck 0.044800 0.099000 0.024000 0.110400 0.038000 0.044800 0.041500 0.041600 0.010100 0.048800 0.034400 0.031100 0.048900 0.045100 0.045000 0.027400 0.045200 0.052500 0.045100 0.010200 0.041400 0.037900 0.038100 0.041600 0.041500 0.036100 0.056000 0.006700 0.030900 0.017100 0.045400 0.053000 0.048700 0.048800 0.031000 0.034700 0.030900 0.038100 0.034900 0.038100 0.041700 0.039400 0.048900 0.041700 0.034700 0.048900 0.041600 0.043100 0.048500 0.027500 0.000000 0.013600
GreaterKud 0.034200 0.087400 0.017000 0.110200 0.027400 0.034200 0.030900 0.030900 0.003400 0.038000 0.023900 0.020600 0.038200 0.034400 0.034400 0.023900 0.034500 0.041700 0.041400 0.010200 0.037900 0.027300 0.027500 0.031000 0.030900 0.025200 0.045100 0.006800 0.020400 0.010200 0.034700 0.042100 0.045100 0.038000 0.020500 0.024100 0.020400 0.027500 0.024200 0.027500 0.031000 0.028500 0.038100 0.031000 0.024100 0.045200 0.031000 0.030900 0.037800 0.023900 0.013600 0.000000
