1
52 1
Argali 0.000000 0.362600 0.085000 0.413900 0.016600 0.049200 0.099800 0.049600 0.069400 0.148600 0.000000 0.067600 0.050400 0.050400 0.066100 0.098700 0.130100 0.185700 0.016500 0.069400 0.033000 0.034000 0.184800 0.184600 0.016500 0.065400 0.049700 0.069700 0.097500 0.069100 0.166500 0.032800 0.163600 0.016700 0.032900 0.086300 0.050000 0.016600 0.082200 0.184200 0.204200 0.065600 0.148600 0.183900 0.069100 0.068400 0.033400 0.065800 0.049500 0.124800 0.067800 0.051200
LesserMous 0.362600 0.000000 0.406900 0.467600 0.383000 0.427500 0.336700 0.376200 0.394800 0.429600 0.361300 0.379800 0.438300 0.378900 0.452600 0.414400 0.347200 0.420100 0.380100 0.394800 0.348900 0.309200 0.477200 0.450300 0.381300 0.365200 0.431300 0.397000 0.407600 0.390800 0.390200 0.346900 0.403800 0.387500 0.402600 0.414100 0.434500 0.383000 0.358600 0.448400 0.505900 0.367000 0.429600 0.447600 0.391300 0.411200 0.353200 0.447200 0.373300 0.385300 0.382100 0.362100
LesserKudu 0.085000 0.406900 0.000000 0.434400 0.101200 0.134000 0.187100 0.134800 0.085100 0.204200 0.084700 0.082800 0.137000 0.136900 0.151700 0.148700 0.185900 0.241700 0.100900 0.085100 0.117600 0.121500 0.240400 0.159700 0.100900 0.114800 0.135000 0.085500 0.110200 0.084700 0.222100 0.116900 0.218900 0.102300 0.117400 0.083100 0.135800 0.101200 0.167800 0.198700 0.260300 0.115200 0.204200 0.198300 0.066500 0.157200 0.119100 0.150800 0.099100 0.178000 0.082800 0.065500
KillerWhal 0.413900 0.467600 0.434400 0.000000 0.434500 0.481200 0.504500 0.483400 0.448400 0.522200 0.412400 0.407000 0.491600 0.487800 0.442500 0.461800 0.464300 0.545000 0.372000 0.448400 0.457200 0.416700 0.573200 0.544600 0.432300 0.414900 0.420700 0.450800 0.491500 0.442900 0.548200 0.454700 0.464500 0.439700 0.426200 0.442000 0.486400 0.434500 0.529700 0.540600 0.603400 0.417500 0.522200 0.540300 0.419100 0.529100 0.401800 0.496300 0.484700 0.498700 0.433500 0.413800
DefassaWat 0.016600 0.383000 0.101200 0.434500 0.000000 0.065100 0.115500 0.065600 0.086000 0.165800 0.016400 0.049400 0.066400 0.066600 0.081600 0.114500 0.147700 0.202900 0.032600 0.086000 0.048900 0.050400 0.201600 0.201600 0.032600 0.081100 0.065400 0.086400 0.112900 0.085600 0.183600 0.048800 0.180600 0.033100 0.048800 0.102800 0.065800 0.000000 0.097600 0.200800 0.220900 0.081400 0.165800 0.200700 0.085700 0.084800 0.049700 0.081700 0.065500 0.141500 0.084000 0.067700
Sheep 0.049200 0.427500 0.134000 0.481200 0.065100 0.000000 0.147400 0.097500 0.101900 0.200700 0.049100 0.116300 0.099200 0.099100 0.080000 0.145900 0.182700 0.238000 0.064900 0.101900 0.081100 0.083600 0.236500 0.236300 0.064900 0.112700 0.097800 0.102300 0.144400 0.101400 0.218300 0.080700 0.215000 0.065800 0.080900 0.136000 0.098200 0.065100 0.129700 0.235600 0.256000 0.113000 0.200700 0.235300 0.119000 0.117700 0.082100 0.113400 0.097400 0.175500 0.116600 0.100500
MaxwellsDu 0.099800 0.336700 0.187100 0.504500 0.115500 0.147400 0.000000 0.113400 0.173600 0.260800 0.099500 0.168900 0.150900 0.080900 0.165000 0.127300 0.200900 0.256200 0.115200 0.173600 0.063600 0.065500 0.297700 0.297600 0.115300 0.094700 0.148800 0.174400 0.125700 0.172700 0.235700 0.063000 0.274800 0.116800 0.131400 0.190000 0.114300 0.115500 0.145400 0.296800 0.318200 0.095000 0.260800 0.253400 0.172700 0.134300 0.098200 0.164200 0.113300 0.232500 0.169500 0.153500
GazellaPrz 0.049600 0.376200 0.134800 0.483400 0.065600 0.097500 0.113400 0.000000 0.084400 0.202600 0.049400 0.117200 0.099900 0.065400 0.114700 0.112400 0.184600 0.198600 0.065400 0.084400 0.048200 0.049700 0.238600 0.238700 0.065400 0.079700 0.098400 0.084800 0.110900 0.119800 0.220400 0.047900 0.217100 0.066300 0.081500 0.137000 0.098900 0.065600 0.096200 0.237900 0.258200 0.079900 0.202600 0.237600 0.119800 0.066200 0.048800 0.114200 0.064300 0.138100 0.117500 0.101400
MountainNy 0.069400 0.394800 0.085100 0.448400 0.086000 0.101900 0.173600 0.084400 0.000000 0.189600 0.069200 0.067600 0.122100 0.122200 0.137300 0.134800 0.171000 0.185600 0.085700 0.000000 0.102800 0.106300 0.226500 0.180900 0.085700 0.100300 0.120300 0.000000 0.133100 0.033600 0.207800 0.102200 0.182700 0.086900 0.102700 0.086400 0.121300 0.086000 0.153800 0.180200 0.246700 0.100700 0.189600 0.180100 0.069200 0.123900 0.104100 0.136600 0.120000 0.163700 0.050600 0.034000
MuntiacusM 0.148600 0.429600 0.204200 0.522200 0.165800 0.200700 0.260800 0.202600 0.189600 0.000000 0.148200 0.184200 0.186100 0.205100 0.180900 0.257700 0.174800 0.186600 0.165300 0.189600 0.183700 0.190200 0.034000 0.034000 0.165300 0.218800 0.183200 0.190500 0.234500 0.188600 0.016600 0.182500 0.208000 0.167600 0.143200 0.207500 0.204300 0.165800 0.219000 0.033900 0.051500 0.219600 0.000000 0.033900 0.188600 0.229900 0.186000 0.219600 0.202300 0.147600 0.165500 0.167500
goat 0.000000 0.361300 0.084700 0.412400 0.016400 0.049100 0.099500 0.049400 0.069200 0.148200 0.000000 0.067400 0.050000 0.050200 0.065500 0.098600 0.129800 0.185100 0.016200 0.069200 0.032100 0.033800 0.184200 0.184100 0.016100 0.065200 0.049300 0.069500 0.097200 0.068900 0.166000 0.032700 0.163200 0.016300 0.032700 0.086100 0.049600 0.016400 0.081600 0.183500 0.203400 0.065400 0.148200 0.183400 0.068900 0.068200 0.033300 0.065600 0.049300 0.124400 0.067600 0.051000
AfricanBuf 0.067600 0.379800 0.082800 0.407000 0.049400 0.116300 0.168900 0.117200 0.067600 0.184200 0.067400 0.000000 0.119100 0.119100 0.133900 0.114600 0.166100 0.222100 0.066700 0.067600 0.100200 0.103400 0.219800 0.179600 0.083600 0.097700 0.117400 0.067900 0.129500 0.067400 0.201900 0.099700 0.198800 0.084700 0.100000 0.083900 0.118100 0.049400 0.150100 0.179100 0.239300 0.098000 0.184200 0.178900 0.067300 0.138700 0.101500 0.133300 0.117100 0.159200 0.066000 0.049900
Topi 0.050400 0.438300 0.137000 0.491600 0.066400 0.099200 0.150900 0.099900 0.122100 0.186100 0.050000 0.119100 0.000000 0.101600 0.116100 0.149500 0.187700 0.224300 0.066200 0.122100 0.082600 0.085200 0.222300 0.222200 0.066200 0.115300 0.031900 0.122700 0.147500 0.121600 0.204100 0.082700 0.220800 0.032800 0.082500 0.121200 0.100000 0.066400 0.097000 0.221200 0.241800 0.115700 0.186100 0.221300 0.121700 0.120500 0.084200 0.116200 0.099800 0.140500 0.119400 0.102900
CommonDuik 0.050400 0.378900 0.136900 0.487800 0.066600 0.099100 0.080900 0.065400 0.122200 0.205100 0.050200 0.119100 0.101600 0.000000 0.116600 0.114200 0.187000 0.243200 0.066500 0.122200 0.048900 0.050500 0.241500 0.241200 0.066500 0.080900 0.100200 0.122800 0.112600 0.121700 0.223100 0.016000 0.219700 0.067400 0.082900 0.139200 0.065900 0.066600 0.097800 0.240300 0.261300 0.081200 0.205100 0.199000 0.121800 0.084600 0.049600 0.116200 0.065300 0.178900 0.119400 0.103000
Suni 0.066100 0.452600 0.151700 0.442500 0.081600 0.080000 0.165000 0.114700 0.137300 0.180900 0.065500 0.133900 0.116100 0.116600 0.000000 0.163500 0.183200 0.258500 0.081500 0.137300 0.097600 0.100600 0.216000 0.216000 0.081500 0.095300 0.114500 0.138000 0.161300 0.136800 0.198400 0.097600 0.193900 0.082500 0.097400 0.154000 0.114900 0.081600 0.146400 0.215100 0.235100 0.095600 0.180900 0.215100 0.136800 0.135600 0.064900 0.130700 0.114600 0.194600 0.134200 0.118200
Springbuck 0.098700 0.414400 0.148700 0.461800 0.114500 0.145900 0.127300 0.112400 0.134800 0.257700 0.098600 0.114600 0.149500 0.114200 0.163500 0.000000 0.197600 0.295500 0.079800 0.134800 0.063100 0.099000 0.273300 0.251600 0.114200 0.061700 0.147400 0.135400 0.092000 0.134200 0.275400 0.095700 0.271600 0.115600 0.130200 0.151000 0.148200 0.114500 0.144100 0.231400 0.293200 0.061800 0.257700 0.250500 0.134300 0.133000 0.097300 0.162800 0.112300 0.229600 0.131700 0.116000
Okapi 0.130100 0.347200 0.185900 0.464300 0.147700 0.182700 0.200900 0.184600 0.171000 0.174800 0.129800 0.166100 0.187700 0.187000 0.183200 0.197600 0.000000 0.090400 0.147100 0.171000 0.165600 0.130700 0.191900 0.212600 0.147200 0.200800 0.184700 0.171900 0.236100 0.170000 0.193600 0.164700 0.190500 0.149300 0.165100 0.188900 0.185800 0.147700 0.201400 0.191100 0.211900 0.201700 0.174800 0.211600 0.170100 0.211100 0.167800 0.182200 0.184400 0.149000 0.166700 0.149200
Giraffe 0.185700 0.420100 0.241700 0.545000 0.202900 0.238000 0.256200 0.198600 0.185600 0.186600 0.185100 0.222100 0.224300 0.243200 0.258500 0.295500 0.090400 0.000000 0.202100 0.185600 0.220700 0.186300 0.222900 0.222900 0.202300 0.255800 0.220700 0.186500 0.292100 0.226400 0.204600 0.219700 0.226800 0.205300 0.220000 0.245100 0.241500 0.202900 0.256900 0.222100 0.242400 0.257000 0.186600 0.222000 0.226700 0.226200 0.223600 0.237000 0.239900 0.184500 0.222100 0.204900
TibetanAnt 0.016500 0.380100 0.100900 0.372000 0.032600 0.064900 0.115200 0.065400 0.085700 0.165300 0.016200 0.066700 0.066200 0.066500 0.081500 0.079800 0.147100 0.202100 0.000000 0.085700 0.047400 0.050300 0.200900 0.200900 0.031900 0.080900 0.065300 0.086100 0.112600 0.085400 0.183000 0.048700 0.180000 0.033000 0.048700 0.102500 0.065600 0.032600 0.097300 0.200100 0.220100 0.081200 0.165300 0.200100 0.085400 0.084600 0.049600 0.081500 0.065300 0.141000 0.083800 0.067500
Sitatunga 0.069400 0.394800 0.085100 0.448400 0.086000 0.101900 0.173600 0.084400 0.000000 0.189600 0.069200 0.067600 0.122100 0.122200 0.137300 0.134800 0.171000 0.185600 0.085700 0.000000 0.102800 0.106300 0.226500 0.180900 0.085700 0.100300 0.120300 0.000000 0.133100 0.033600 0.207800 0.102200 0.182700 0.086900 0.102700 0.086400 0.121300 0.086000 0.153800 0.180200 0.246700 0.100700 0.189600 0.180100 0.069200 0.123900 0.104100 0.136600 0.120000 0.163700 0.050600 0.034000
Oribi 0.033000 0.348900 0.117600 0.457200 0.048900 0.081100 0.063600 0.048200 0.102800 0.183700 0.032100 0.100200 0.082600 0.048900 0.097600 0.063100 0.165600 0.220700 0.047400 0.102800 0.000000 0.032900 0.219400 0.219400 0.048700 0.031300 0.081400 0.103300 0.062200 0.102400 0.201300 0.031900 0.198100 0.049400 0.064800 0.119500 0.081900 0.048900 0.079600 0.218700 0.238800 0.031400 0.183700 0.218400 0.102400 0.066400 0.032500 0.097600 0.048100 0.158700 0.100500 0.084300
BarbaryShe 0.034000 0.309200 0.121500 0.416700 0.050400 0.083600 0.065500 0.049700 0.106300 0.190200 0.033800 0.103400 0.085200 0.050500 0.100600 0.099000 0.130700 0.186300 0.050300 0.106300 0.032900 0.000000 0.227100 0.227100 0.049800 0.065500 0.084000 0.106800 0.097700 0.105800 0.208500 0.032900 0.205100 0.049800 0.066800 0.123400 0.084500 0.050400 0.082000 0.226300 0.247100 0.065800 0.190200 0.226100 0.105800 0.068600 0.033500 0.100600 0.049600 0.164100 0.103800 0.087100
Daviddeer 0.184800 0.477200 0.240400 0.573200 0.201600 0.236500 0.297700 0.238600 0.226500 0.034000 0.184200 0.219800 0.222300 0.241500 0.216000 0.273300 0.191900 0.222900 0.200900 0.226500 0.219400 0.227100 0.000000 0.067500 0.201000 0.254400 0.218900 0.227600 0.269900 0.225200 0.050800 0.218100 0.245000 0.203800 0.178000 0.244000 0.240400 0.201600 0.254600 0.033000 0.015900 0.255400 0.034000 0.067300 0.225300 0.267200 0.222100 0.255200 0.238200 0.183700 0.201400 0.203800
Reindeer 0.184600 0.450300 0.159700 0.544600 0.201600 0.236300 0.297600 0.238700 0.180900 0.034000 0.184100 0.179600 0.222200 0.241200 0.216000 0.251600 0.212600 0.222900 0.200900 0.180900 0.219400 0.227100 0.067500 0.000000 0.201000 0.213500 0.218800 0.181400 0.229000 0.180000 0.050700 0.218000 0.244000 0.203800 0.178000 0.202300 0.240400 0.201600 0.254600 0.033100 0.084600 0.214200 0.034000 0.032900 0.183900 0.267300 0.222100 0.255000 0.197200 0.183600 0.161300 0.163200
Ibex 0.016500 0.381300 0.100900 0.432300 0.032600 0.064900 0.115300 0.065400 0.085700 0.165300 0.016100 0.083600 0.066200 0.066500 0.081500 0.114200 0.147200 0.202300 0.031900 0.085700 0.048700 0.049800 0.201000 0.201000 0.000000 0.080900 0.065300 0.086100 0.112600 0.085400 0.183000 0.048700 0.180000 0.033000 0.048700 0.102500 0.065600 0.032600 0.097100 0.200200 0.220300 0.081200 0.165300 0.200100 0.085400 0.084600 0.049600 0.081500 0.065300 0.141100 0.083800 0.067500
GyrantGaze 0.065400 0.365200 0.114800 0.414900 0.081100 0.112700 0.094700 0.079700 0.100300 0.218800 0.065200 0.097700 0.115300 0.080900 0.095300 0.061700 0.200800 0.255800 0.080900 0.100300 0.031300 0.065500 0.254400 0.213500 0.080900 0.000000 0.113700 0.100800 0.060800 0.099900 0.236400 0.063300 0.209200 0.082000 0.096900 0.116500 0.114300 0.081100 0.111300 0.213000 0.274000 0.000000 0.218800 0.212600 0.099900 0.098900 0.031600 0.129200 0.079600 0.192500 0.098000 0.082200
Hartebeest 0.049700 0.431300 0.135000 0.420700 0.065400 0.097800 0.148800 0.098400 0.120300 0.183200 0.049300 0.117400 0.031900 0.100200 0.114500 0.147400 0.184700 0.220700 0.065300 0.120300 0.081400 0.084000 0.218900 0.218800 0.065300 0.113700 0.000000 0.120900 0.145400 0.119800 0.201000 0.081500 0.217400 0.032400 0.081300 0.137100 0.098600 0.065400 0.130400 0.217900 0.238200 0.114100 0.183200 0.218000 0.120000 0.118800 0.083000 0.114600 0.098400 0.138500 0.117700 0.101500
Bongo 0.069700 0.397000 0.085500 0.450800 0.086400 0.102300 0.174400 0.084800 0.000000 0.190500 0.069500 0.067900 0.122700 0.122800 0.138000 0.135400 0.171900 0.186500 0.086100 0.000000 0.103300 0.106800 0.227600 0.181400 0.086100 0.100800 0.120900 0.000000 0.133800 0.033900 0.208800 0.102600 0.183600 0.087300 0.103200 0.086800 0.121900 0.086400 0.154500 0.180600 0.247900 0.101100 0.190500 0.180600 0.069500 0.124500 0.104600 0.137300 0.120500 0.164400 0.050800 0.034100
Gerenuk 0.097500 0.407600 0.110200 0.491500 0.112900 0.144400 0.125700 0.110900 0.133100 0.234500 0.097200 0.129500 0.147500 0.112600 0.161300 0.092000 0.236100 0.292100 0.112600 0.133100 0.062200 0.097700 0.269900 0.229000 0.112600 0.060800 0.145400 0.133800 0.000000 0.132600 0.251900 0.094400 0.267600 0.114100 0.128500 0.129900 0.146200 0.112900 0.108300 0.228500 0.289600 0.061000 0.234500 0.228100 0.113700 0.131100 0.096000 0.160700 0.110800 0.226900 0.095500 0.114500
CommonElan 0.069100 0.390800 0.084700 0.442900 0.085600 0.101400 0.172700 0.119800 0.033600 0.188600 0.068900 0.067400 0.121600 0.121700 0.136800 0.134200 0.170000 0.226400 0.085400 0.033600 0.102400 0.105800 0.225200 0.180000 0.085400 0.099900 0.119800 0.033900 0.132600 0.000000 0.206700 0.101700 0.141800 0.086500 0.066700 0.086000 0.120700 0.085600 0.153100 0.179200 0.245300 0.100200 0.188600 0.179200 0.068900 0.142000 0.103600 0.136000 0.119500 0.162800 0.050400 0.033900
MuntiacusR 0.166500 0.390200 0.222100 0.548200 0.183600 0.218300 0.235700 0.220400 0.207800 0.016600 0.166000 0.201900 0.204100 0.223100 0.198400 0.275400 0.193600 0.204600 0.183000 0.207800 0.201300 0.208500 0.050800 0.050700 0.183000 0.236400 0.201000 0.208800 0.251900 0.206700 0.000000 0.200100 0.226300 0.185600 0.160500 0.225600 0.222200 0.183600 0.236700 0.050600 0.068200 0.237200 0.016700 0.050500 0.206800 0.248300 0.204000 0.237300 0.220100 0.165400 0.183200 0.185400
HarveysDui 0.032800 0.346900 0.116900 0.454700 0.048800 0.080700 0.063000 0.047900 0.102200 0.182500 0.032700 0.099700 0.082700 0.016000 0.097600 0.095700 0.164700 0.219700 0.048700 0.102200 0.031900 0.032900 0.218100 0.218000 0.048700 0.063300 0.081500 0.102600 0.094400 0.101700 0.200100 0.000000 0.197000 0.049400 0.064800 0.118900 0.048300 0.048800 0.079700 0.217100 0.237400 0.063500 0.182500 0.177200 0.101900 0.066100 0.032300 0.097200 0.047900 0.157800 0.099900 0.083800
Pronghorn 0.163600 0.403800 0.218900 0.464500 0.180600 0.215000 0.274800 0.217100 0.182700 0.208000 0.163200 0.198800 0.220800 0.219700 0.193900 0.271600 0.190500 0.226800 0.180000 0.182700 0.198100 0.205100 0.245000 0.244000 0.180000 0.209200 0.217400 0.183600 0.267600 0.141800 0.226300 0.197000 0.000000 0.182600 0.157500 0.221900 0.218500 0.180600 0.253700 0.243000 0.265200 0.209600 0.208000 0.242900 0.203300 0.222000 0.160100 0.233100 0.217500 0.181900 0.180300 0.163300
BlueWildeb 0.016700 0.387500 0.102300 0.439700 0.033100 0.065800 0.116800 0.066300 0.086900 0.167600 0.016300 0.084700 0.032800 0.067400 0.082500 0.115600 0.149300 0.205300 0.033000 0.086900 0.049400 0.049800 0.203800 0.203800 0.033000 0.082000 0.032400 0.087300 0.114100 0.086500 0.185600 0.049400 0.182600 0.000000 0.049300 0.103900 0.066400 0.033100 0.098600 0.203000 0.223300 0.082200 0.167600 0.202900 0.086600 0.085700 0.050300 0.082500 0.066200 0.143100 0.084900 0.068400
Gemsbok 0.032900 0.402600 0.117400 0.426200 0.048800 0.080900 0.131400 0.081500 0.102700 0.143200 0.032700 0.100000 0.082500 0.082900 0.097400 0.130200 0.165100 0.220000 0.048700 0.102700 0.064800 0.066800 0.178000 0.178000 0.048700 0.096900 0.081300 0.103200 0.128500 0.066700 0.160500 0.064800 0.157500 0.049300 0.000000 0.119300 0.081800 0.048800 0.113200 0.177400 0.196600 0.097200 0.143200 0.177300 0.102300 0.101300 0.065900 0.097500 0.081400 0.158300 0.100300 0.084200
Yak 0.086300 0.414100 0.083100 0.442000 0.102800 0.136000 0.190000 0.137000 0.086400 0.207500 0.086100 0.083900 0.121200 0.139200 0.154000 0.151000 0.188900 0.245100 0.102500 0.086400 0.119500 0.123400 0.244000 0.202300 0.102500 0.116500 0.137100 0.086800 0.129900 0.086000 0.225600 0.118900 0.221900 0.103900 0.119300 0.000000 0.137900 0.102800 0.152800 0.201700 0.264100 0.116900 0.207500 0.201400 0.016300 0.159600 0.121000 0.153300 0.136800 0.161100 0.084400 0.068000
BlueSheep 0.050000 0.434500 0.135800 0.486400 0.065800 0.098200 0.114300 0.098900 0.121300 0.204300 0.049600 0.118100 0.100000 0.065900 0.114900 0.148200 0.185800 0.241500 0.065600 0.121300 0.081900 0.084500 0.240400 0.240400 0.065600 0.114300 0.098600 0.121900 0.146200 0.120700 0.222200 0.048300 0.218500 0.066400 0.081800 0.137900 0.000000 0.065800 0.130800 0.220300 0.236600 0.114700 0.204300 0.198400 0.120700 0.119600 0.083300 0.114900 0.098800 0.178200 0.118400 0.102200
BohorReedb 0.016600 0.383000 0.101200 0.434500 0.000000 0.065100 0.115500 0.065600 0.086000 0.165800 0.016400 0.049400 0.066400 0.066600 0.081600 0.114500 0.147700 0.202900 0.032600 0.086000 0.048900 0.050400 0.201600 0.201600 0.032600 0.081100 0.065400 0.086400 0.112900 0.085600 0.183600 0.048800 0.180600 0.033100 0.048800 0.102800 0.065800 0.000000 0.097600 0.200800 0.220900 0.081400 0.165800 0.200700 0.085700 0.084800 0.049700 0.081700 0.065500 0.141500 0.084000 0.067700
KirksDik 0.082200 0.358600 0.167800 0.529700 0.097600 0.129700 0.145400 0.096200 0.153800 0.219000 0.081600 0.150100 0.097000 0.097800 0.146400 0.144100 0.201400 0.256900 0.097300 0.153800 0.079600 0.082000 0.254600 0.254600 0.097100 0.111300 0.130400 0.154500 0.108300 0.153100 0.236700 0.079700 0.253700 0.098600 0.113200 0.152800 0.130800 0.097600 0.000000 0.253500 0.274100 0.111700 0.219000 0.253500 0.153400 0.116000 0.081100 0.111600 0.096100 0.211300 0.114400 0.134400
RoeDeer 0.184200 0.448400 0.198700 0.540600 0.200800 0.235600 0.296800 0.237900 0.180200 0.033900 0.183500 0.179100 0.221200 0.240300 0.215100 0.231400 0.191100 0.222100 0.200100 0.180200 0.218700 0.226300 0.033000 0.033100 0.200200 0.213000 0.217900 0.180600 0.228500 0.179200 0.050600 0.217100 0.243000 0.203000 0.177400 0.201700 0.220300 0.200800 0.253500 0.000000 0.049700 0.213700 0.033900 0.033000 0.183400 0.266600 0.221200 0.254000 0.237400 0.183200 0.161000 0.162900
WhiteLippe 0.204200 0.505900 0.260300 0.603400 0.220900 0.256000 0.318200 0.258200 0.246700 0.051500 0.203400 0.239300 0.241800 0.261300 0.235100 0.293200 0.211900 0.242400 0.220100 0.246700 0.238800 0.247100 0.015900 0.084600 0.220300 0.274000 0.238200 0.247900 0.289600 0.245300 0.068200 0.237400 0.265200 0.223300 0.196600 0.264100 0.236600 0.220900 0.274100 0.049700 0.000000 0.275100 0.051500 0.084400 0.245300 0.288000 0.241700 0.274600 0.257900 0.203000 0.220800 0.223400
ThomsonGaz 0.065600 0.367000 0.115200 0.417500 0.081400 0.113000 0.095000 0.079900 0.100700 0.219600 0.065400 0.098000 0.115700 0.081200 0.095600 0.061800 0.201700 0.257000 0.081200 0.100700 0.031400 0.065800 0.255400 0.214200 0.081200 0.000000 0.114100 0.101100 0.061000 0.100200 0.237200 0.063500 0.209600 0.082200 0.097200 0.116900 0.114700 0.081400 0.111700 0.213700 0.275100 0.000000 0.219600 0.213300 0.100200 0.099300 0.031700 0.129700 0.079800 0.193200 0.098400 0.082500
MuntiacusC 0.148600 0.429600 0.204200 0.522200 0.165800 0.200700 0.260800 0.202600 0.189600 0.000000 0.148200 0.184200 0.186100 0.205100 0.180900 0.257700 0.174800 0.186600 0.165300 0.189600 0.183700 0.190200 0.034000 0.034000 0.165300 0.218800 0.183200 0.190500 0.234500 0.188600 0.016700 0.182500 0.208000 0.167600 0.143200 0.207500 0.204300 0.165800 0.219000 0.033900 0.051500 0.219600 0.000000 0.033900 0.188600 0.229900 0.186000 0.219600 0.202300 0.147600 0.165500 0.167500
WhiteTaile 0.183900 0.447600 0.198300 0.540300 0.200700 0.235300 0.253400 0.237600 0.180100 0.033900 0.183400 0.178900 0.221300 0.199000 0.215100 0.250500 0.211600 0.222000 0.200100 0.180100 0.218400 0.226100 0.067300 0.032900 0.200100 0.212600 0.218000 0.180600 0.228100 0.179200 0.050500 0.177200 0.242900 0.202900 0.177300 0.201400 0.198400 0.200700 0.253500 0.033000 0.084400 0.213300 0.033900 0.000000 0.183100 0.266000 0.221100 0.254000 0.237200 0.182900 0.160600 0.162500
Cattle 0.069100 0.391300 0.066500 0.419100 0.085700 0.119000 0.172700 0.119800 0.069200 0.188600 0.068900 0.067300 0.121700 0.121800 0.136800 0.134300 0.170100 0.226700 0.085400 0.069200 0.102400 0.105800 0.225300 0.183900 0.085400 0.099900 0.120000 0.069500 0.113700 0.068900 0.206800 0.101900 0.203300 0.086600 0.102300 0.016300 0.120700 0.085700 0.153400 0.183400 0.245300 0.100200 0.188600 0.183100 0.000000 0.142000 0.103700 0.136200 0.119600 0.143300 0.067500 0.051000
RoyalAntel 0.068400 0.411200 0.157200 0.529100 0.084800 0.117700 0.134300 0.066200 0.123900 0.229900 0.068200 0.138700 0.120500 0.084600 0.135600 0.133000 0.211100 0.226200 0.084600 0.123900 0.066400 0.068600 0.267200 0.267300 0.084600 0.098900 0.118800 0.124500 0.131100 0.142000 0.248300 0.066100 0.222000 0.085700 0.101300 0.159600 0.119600 0.084800 0.116000 0.266600 0.288000 0.099300 0.229900 0.266000 0.142000 0.000000 0.067300 0.135000 0.083100 0.202000 0.139200 0.122600
Steenbok 0.033400 0.353200 0.119100 0.401800 0.049700 0.082100 0.098200 0.048800 0.104100 0.186000 0.033300 0.101500 0.084200 0.049600 0.064900 0.097300 0.167800 0.223600 0.049600 0.104100 0.032500 0.033500 0.222100 0.222100 0.049600 0.031600 0.083000 0.104600 0.096000 0.103600 0.204000 0.032300 0.160100 0.050300 0.065900 0.121000 0.083300 0.049700 0.081100 0.221200 0.241700 0.031700 0.186000 0.221100 0.103700 0.067300 0.000000 0.098700 0.048800 0.160700 0.101700 0.085300
Impala 0.065800 0.447200 0.150800 0.496300 0.081700 0.113400 0.164200 0.114200 0.136600 0.219600 0.065600 0.133300 0.116200 0.116200 0.130700 0.162800 0.182200 0.237000 0.081500 0.136600 0.097600 0.100600 0.255200 0.255000 0.081500 0.129200 0.114600 0.137300 0.160700 0.136000 0.237300 0.097200 0.233100 0.082500 0.097500 0.153300 0.114900 0.081700 0.111600 0.254000 0.274600 0.129700 0.219600 0.254000 0.136200 0.135000 0.098700 0.000000 0.114100 0.175100 0.133600 0.117600
Klipspring 0.049500 0.373300 0.099100 0.484700 0.065500 0.097400 0.113300 0.064300 0.120000 0.202300 0.049300 0.117100 0.099800 0.065300 0.114600 0.112300 0.184400 0.239900 0.065300 0.120000 0.048100 0.049600 0.238200 0.197200 0.065300 0.079600 0.098400 0.120500 0.110800 0.119500 0.220100 0.047900 0.217500 0.066200 0.081400 0.136800 0.098800 0.065500 0.096100 0.237400 0.257900 0.079800 0.202300 0.237200 0.119600 0.083100 0.048800 0.114100 0.000000 0.176600 0.117500 0.101300
ForestMusk 0.124800 0.385300 0.178000 0.498700 0.141500 0.175500 0.232500 0.138100 0.163700 0.147600 0.124400 0.159200 0.140500 0.178900 0.194600 0.229600 0.149000 0.184500 0.141000 0.163700 0.158700 0.164100 0.183700 0.183600 0.141100 0.192500 0.138500 0.164400 0.226900 0.162800 0.165400 0.157800 0.181900 0.143100 0.158300 0.161100 0.178200 0.141500 0.211300 0.183200 0.203000 0.193200 0.147600 0.182900 0.143300 0.202000 0.160700 0.175100 0.176600 0.000000 0.159600 0.142900
Bushbuck 0.067800 0.382100 0.082800 0.433500 0.084000 0.116600 0.169500 0.117500 0.050600 0.165500 0.067600 0.066000 0.119400 0.119400 0.134200 0.131700 0.166700 0.222100 0.083800 0.050600 0.100500 0.103800 0.201400 0.161300 0.083800 0.098000 0.117700 0.050800 0.095500 0.050400 0.183200 0.099900 0.180300 0.084900 0.100300 0.084400 0.118400 0.084000 0.114400 0.161000 0.220800 0.098400 0.165500 0.160600 0.067500 0.139200 0.101700 0.133600 0.117500 0.159600 0.000000 0.016300
GreaterKud 0.051200 0.362100 0.065500 0.413800 0.067700 0.100500 0.153500 0.101400 0.034000 0.167500 0.051000 0.049900 0.102900 0.103000 0.118200 0.116000 0.149200 0.204900 0.067500 0.034000 0.084300 0.087100 0.203800 0.163200 0.067500 0.082200 0.101500 0.034100 0.114500 0.033900 0.185400 0.083800 0.163300 0.068400 0.084200 0.068000 0.102200 0.067700 0.134400 0.162900 0.223400 0.082500 0.167500 0.162500 0.051000 0.122600 0.085300 0.117600 0.101300 0.142900 0.016300 0.000000
