1
52 1
Argali 0.000000 0.489700 0.267200 0.438200 0.253100 0.000000 0.491700 0.120400 0.267200 0.149200 0.075600 0.280600 0.096600 0.166500 0.146900 0.215900 0.355900 0.282300 0.104900 0.262200 0.144700 0.099100 0.120900 0.100200 0.205400 0.189300 0.173600 0.264200 0.248600 0.236100 0.149800 0.144400 0.204600 0.120200 0.181900 0.171500 0.075600 0.206500 0.203300 0.222700 0.125200 0.272700 0.149800 0.126600 0.178300 0.197400 0.194100 0.464800 0.632900 0.372000 0.215000 0.250100
LesserMous 0.489700 0.000000 0.579300 0.360000 0.552600 0.489700 0.225300 0.529300 0.582100 0.399000 0.391000 0.422200 0.493200 0.597800 0.513900 0.303800 0.748900 0.644600 0.353000 0.567600 0.568000 0.420300 0.519200 0.414800 0.252700 0.307300 0.479800 0.567800 0.305500 0.527800 0.401500 0.569200 0.485900 0.528900 0.373000 0.554400 0.391000 0.491900 0.640000 0.354500 0.451700 0.334500 0.401500 0.458600 0.488100 0.556200 0.647700 0.249700 0.241100 0.414000 0.507800 0.570900
LesserKudu 0.267200 0.579300 0.000000 0.563400 0.344600 0.267200 0.539400 0.295800 0.198700 0.293300 0.190800 0.268200 0.240700 0.346500 0.256000 0.275600 0.416100 0.341000 0.191600 0.195300 0.324200 0.276600 0.319200 0.241100 0.309300 0.314700 0.291900 0.196700 0.311000 0.171100 0.294700 0.323500 0.261000 0.266500 0.307300 0.283300 0.190800 0.297300 0.403900 0.284700 0.268200 0.405100 0.294700 0.271300 0.233900 0.317500 0.351800 0.448900 0.691600 0.441200 0.097700 0.125600
KillerWhal 0.438200 0.360000 0.563400 0.000000 0.579100 0.438200 0.364700 0.558200 0.607600 0.435000 0.429900 0.458400 0.524500 0.621500 0.542800 0.381400 0.574700 0.487500 0.394200 0.593600 0.594300 0.456600 0.464400 0.450900 0.478300 0.350300 0.549100 0.593400 0.313300 0.556600 0.437600 0.595400 0.517200 0.557600 0.411400 0.580700 0.429900 0.523100 0.661600 0.481700 0.485500 0.374900 0.437600 0.454600 0.519300 0.582500 0.667700 0.429800 0.297400 0.640500 0.538800 0.598000
DefassaWat 0.253100 0.552600 0.344600 0.579100 0.000000 0.253100 0.552300 0.279700 0.282400 0.251000 0.180600 0.296400 0.254800 0.327900 0.217900 0.265200 0.254400 0.187000 0.154300 0.277300 0.305900 0.261300 0.165700 0.201700 0.259300 0.302200 0.276400 0.279500 0.365700 0.252300 0.195900 0.305900 0.167600 0.279400 0.290000 0.189200 0.180600 0.093600 0.380300 0.244400 0.200700 0.322000 0.195900 0.173700 0.143800 0.300800 0.299000 0.485000 0.700300 0.317900 0.232500 0.330800
Sheep 0.000000 0.489700 0.267200 0.438200 0.253100 0.000000 0.491700 0.120400 0.267200 0.149200 0.075600 0.280600 0.096600 0.166500 0.146900 0.215900 0.355900 0.282300 0.104900 0.262200 0.144700 0.099100 0.120900 0.100200 0.205400 0.189300 0.173600 0.264200 0.248600 0.236100 0.149800 0.144400 0.204600 0.120200 0.181900 0.171500 0.075600 0.206500 0.203300 0.222700 0.125200 0.272700 0.149800 0.126600 0.178300 0.197400 0.194100 0.464800 0.632900 0.372000 0.215000 0.250100
MaxwellsDu 0.491700 0.225300 0.539400 0.364700 0.552300 0.491700 0.000000 0.532100 0.585000 0.400100 0.393600 0.424500 0.496000 0.505100 0.514900 0.307200 0.747800 0.644800 0.355400 0.570500 0.571800 0.423300 0.520000 0.416400 0.250800 0.309600 0.521800 0.570000 0.270500 0.530600 0.402800 0.478100 0.488700 0.531300 0.375400 0.555800 0.393600 0.493800 0.713500 0.356400 0.453000 0.336800 0.402800 0.459500 0.489700 0.466200 0.650900 0.213700 0.155700 0.416700 0.510300 0.572200
GazellaPrz 0.120400 0.529300 0.295800 0.558200 0.279700 0.120400 0.532100 0.000000 0.262900 0.230500 0.101200 0.310600 0.121400 0.089600 0.227000 0.244100 0.294600 0.223300 0.131700 0.290500 0.116600 0.124400 0.255300 0.180400 0.236100 0.217500 0.199300 0.292500 0.277900 0.204600 0.231500 0.068100 0.231600 0.144900 0.209000 0.197000 0.101200 0.233600 0.171200 0.251800 0.206200 0.301700 0.231500 0.208500 0.204800 0.166400 0.114300 0.502800 0.680400 0.370900 0.243400 0.279500
MountainNy 0.267200 0.582100 0.198700 0.607600 0.282400 0.267200 0.585000 0.262900 0.000000 0.233900 0.190900 0.209200 0.269500 0.312300 0.199200 0.276600 0.324800 0.252400 0.191700 0.045800 0.290600 0.276800 0.257800 0.241000 0.309500 0.315900 0.320900 0.094100 0.382800 0.119400 0.295400 0.289700 0.203400 0.295500 0.339100 0.225400 0.190900 0.236000 0.365000 0.284700 0.268100 0.406700 0.295400 0.271200 0.177000 0.312400 0.345900 0.541000 0.747200 0.337700 0.097700 0.180300
MuntiacusM 0.149200 0.399000 0.293300 0.435000 0.251000 0.149200 0.400100 0.230500 0.233900 0.000000 0.130200 0.245200 0.205300 0.278900 0.171000 0.156500 0.380600 0.307400 0.103900 0.229600 0.256500 0.210700 0.120000 0.048600 0.203400 0.188600 0.227600 0.230900 0.247700 0.261700 0.047400 0.256400 0.229300 0.230200 0.181200 0.251800 0.130200 0.204500 0.327400 0.220600 0.072800 0.271800 0.047400 0.125500 0.203400 0.252100 0.310100 0.379300 0.521400 0.332600 0.241400 0.277400
goat 0.075600 0.391000 0.190800 0.429900 0.180600 0.075600 0.393600 0.101200 0.190900 0.130200 0.000000 0.200500 0.076200 0.149800 0.128100 0.138000 0.284500 0.209200 0.026900 0.187200 0.126700 0.078200 0.155500 0.078700 0.120200 0.171400 0.156400 0.188800 0.233700 0.160700 0.130800 0.126400 0.130700 0.101000 0.164400 0.154500 0.000000 0.131900 0.187200 0.142300 0.104900 0.259200 0.130800 0.106100 0.104100 0.181600 0.178400 0.371500 0.523100 0.291300 0.137300 0.170300
AfricanBuf 0.280600 0.422200 0.268200 0.458400 0.296400 0.280600 0.424500 0.310600 0.209200 0.245200 0.200500 0.000000 0.282700 0.363700 0.208400 0.225600 0.369100 0.293100 0.201400 0.205400 0.341700 0.290600 0.270500 0.253300 0.251900 0.198000 0.337000 0.206500 0.260200 0.179500 0.246400 0.339700 0.212500 0.310100 0.222400 0.235700 0.200500 0.247500 0.425900 0.300200 0.281900 0.285100 0.246400 0.285400 0.185300 0.364200 0.400300 0.393900 0.556100 0.318200 0.157700 0.251100
Topi 0.096600 0.493200 0.240700 0.524500 0.254800 0.096600 0.496000 0.121400 0.269500 0.205300 0.076200 0.282700 0.000000 0.167700 0.202200 0.217500 0.358400 0.284400 0.105800 0.264400 0.146000 0.099900 0.230200 0.155100 0.207100 0.190800 0.071000 0.266400 0.250600 0.238100 0.206300 0.145600 0.206300 0.023000 0.074200 0.172800 0.076200 0.208200 0.204800 0.224400 0.180900 0.274700 0.206300 0.183000 0.179700 0.145100 0.195700 0.468700 0.638800 0.375000 0.188400 0.222400
CommonDuik 0.166500 0.597800 0.346500 0.621500 0.327900 0.166500 0.505100 0.089600 0.312300 0.278900 0.149800 0.363700 0.167700 0.000000 0.274700 0.295200 0.340700 0.270200 0.182100 0.339900 0.161000 0.171900 0.303600 0.229400 0.292000 0.268800 0.246400 0.342300 0.329900 0.252900 0.280200 0.021500 0.279800 0.190900 0.258300 0.243600 0.149800 0.282600 0.217700 0.304800 0.255100 0.353000 0.280200 0.258000 0.253300 0.161000 0.157900 0.566800 0.756800 0.424700 0.294400 0.332200
Suni 0.146900 0.513900 0.256000 0.542800 0.217900 0.146900 0.514900 0.227000 0.199200 0.171000 0.128100 0.208400 0.202200 0.274700 0.000000 0.238400 0.284700 0.215800 0.128700 0.195700 0.252900 0.207500 0.142400 0.123000 0.230200 0.274300 0.250900 0.197300 0.336800 0.171400 0.171800 0.252600 0.143700 0.226700 0.263300 0.165400 0.128100 0.172800 0.322100 0.245800 0.147500 0.360300 0.171800 0.149200 0.119400 0.219400 0.305800 0.487800 0.655400 0.290700 0.150400 0.239300
Springbuck 0.215900 0.303800 0.275600 0.381400 0.265200 0.215900 0.307200 0.244100 0.276600 0.156500 0.138000 0.225600 0.217500 0.295200 0.238400 0.000000 0.402400 0.325300 0.110200 0.271300 0.271900 0.223500 0.239700 0.161500 0.217000 0.138500 0.181800 0.272600 0.197900 0.243600 0.157200 0.271600 0.242900 0.243800 0.192000 0.266300 0.138000 0.216600 0.348000 0.170000 0.188400 0.223100 0.157200 0.190700 0.215300 0.266500 0.328800 0.360600 0.419200 0.354100 0.222100 0.258400
Okapi 0.355900 0.748900 0.416100 0.574700 0.254400 0.355900 0.747800 0.294600 0.324800 0.380600 0.284500 0.369100 0.358400 0.340700 0.284700 0.402400 0.000000 0.062500 0.285500 0.346500 0.381800 0.367400 0.344200 0.331100 0.409900 0.446400 0.407300 0.349800 0.442800 0.264100 0.321100 0.319800 0.234800 0.323000 0.427800 0.310100 0.284500 0.212000 0.461400 0.385600 0.357400 0.537000 0.321100 0.273300 0.264600 0.403100 0.372200 0.665800 0.930700 0.269000 0.303900 0.404900
Giraffe 0.282300 0.644600 0.341000 0.487500 0.187000 0.282300 0.644800 0.223300 0.252400 0.307400 0.209200 0.293100 0.284400 0.270200 0.215800 0.325300 0.062500 0.000000 0.210100 0.275000 0.308300 0.291800 0.273000 0.257300 0.325100 0.366100 0.334000 0.276900 0.433100 0.194300 0.249600 0.248400 0.166400 0.309400 0.350900 0.241000 0.209200 0.143000 0.382600 0.305800 0.283500 0.456100 0.249600 0.200900 0.194600 0.330200 0.300700 0.569100 0.813100 0.253800 0.230400 0.326900
TibetanAnt 0.104900 0.353000 0.191600 0.394200 0.154300 0.104900 0.355400 0.131700 0.191700 0.103900 0.026900 0.201400 0.105800 0.182100 0.128700 0.110200 0.285500 0.210100 0.000000 0.188000 0.158500 0.108700 0.129300 0.052400 0.089900 0.142400 0.130000 0.189600 0.203700 0.161400 0.104400 0.158100 0.131300 0.131600 0.136600 0.155200 0.026900 0.105200 0.223800 0.113500 0.078500 0.229500 0.104400 0.079400 0.104600 0.155200 0.212700 0.335500 0.478500 0.292600 0.137900 0.171100
Sitatunga 0.262200 0.567600 0.195300 0.593600 0.277300 0.262200 0.570500 0.290500 0.045800 0.229600 0.187200 0.205400 0.264400 0.339900 0.195700 0.271300 0.346500 0.275000 0.188000 0.000000 0.256800 0.271500 0.253100 0.236500 0.302900 0.309700 0.314900 0.092500 0.375000 0.117400 0.289900 0.317500 0.199700 0.289900 0.332500 0.221400 0.187200 0.174800 0.395600 0.279100 0.263000 0.398500 0.289900 0.266100 0.173800 0.340000 0.374400 0.528400 0.726100 0.362300 0.096100 0.177100
Oribi 0.144700 0.568000 0.324200 0.594300 0.305900 0.144700 0.571800 0.116600 0.290600 0.256500 0.126700 0.341700 0.146000 0.161000 0.252900 0.271900 0.381800 0.308300 0.158500 0.256800 0.000000 0.149700 0.281500 0.206600 0.266600 0.245400 0.224900 0.320400 0.306800 0.291800 0.257700 0.139800 0.258500 0.169500 0.235800 0.222200 0.126700 0.202100 0.196000 0.280700 0.232500 0.330200 0.257700 0.235000 0.231100 0.190400 0.188000 0.540300 0.727300 0.401600 0.271500 0.308600
BarbaryShe 0.099100 0.420300 0.276600 0.456600 0.261300 0.099100 0.423300 0.124400 0.276800 0.210700 0.078200 0.290600 0.099900 0.171900 0.207500 0.223500 0.367400 0.291800 0.108700 0.271500 0.149700 0.000000 0.236200 0.159200 0.213300 0.196100 0.124700 0.273500 0.194900 0.244400 0.211700 0.149200 0.184400 0.124200 0.188200 0.177200 0.078200 0.213700 0.153300 0.230700 0.185700 0.219700 0.211700 0.187800 0.184400 0.203900 0.200600 0.399600 0.555300 0.385500 0.222700 0.259100
Daviddeer 0.120900 0.519200 0.319200 0.464400 0.165700 0.120900 0.520000 0.255300 0.257800 0.120000 0.155500 0.270500 0.230200 0.303600 0.142400 0.239700 0.344200 0.273000 0.129300 0.253100 0.281500 0.236200 0.000000 0.072500 0.231500 0.275800 0.252200 0.255100 0.338800 0.228000 0.120500 0.281400 0.197700 0.255000 0.264600 0.166300 0.155500 0.173500 0.354200 0.247300 0.072100 0.296400 0.120500 0.150000 0.172500 0.276600 0.275200 0.491900 0.664100 0.358000 0.207600 0.304400
Reindeer 0.100200 0.414800 0.241100 0.450900 0.201700 0.100200 0.416400 0.180400 0.241000 0.048600 0.078700 0.253300 0.155100 0.229400 0.123000 0.161500 0.331100 0.257300 0.052400 0.236500 0.206600 0.159200 0.072500 0.000000 0.146200 0.194800 0.178100 0.238500 0.256000 0.210500 0.048800 0.206300 0.179600 0.180100 0.187000 0.202600 0.078700 0.154400 0.273900 0.166400 0.024500 0.280800 0.048800 0.075900 0.153500 0.202700 0.260000 0.393900 0.544800 0.344000 0.188800 0.223000
Ibex 0.205400 0.252700 0.309300 0.478300 0.259300 0.205400 0.250800 0.236100 0.309500 0.203400 0.120200 0.251900 0.207100 0.292000 0.230200 0.217000 0.409900 0.325100 0.089900 0.302900 0.266600 0.213300 0.231500 0.146200 0.000000 0.186400 0.232800 0.305600 0.254800 0.272600 0.204400 0.266200 0.235000 0.235800 0.178100 0.260700 0.120200 0.206200 0.350000 0.155400 0.175500 0.282500 0.204400 0.177800 0.204800 0.260900 0.328800 0.240000 0.360800 0.279100 0.249000 0.291300
GyrantGaze 0.189300 0.307300 0.314700 0.350300 0.302200 0.189300 0.309600 0.217500 0.315900 0.188600 0.171400 0.198000 0.190800 0.268800 0.274300 0.138500 0.446400 0.366100 0.142400 0.309700 0.245400 0.196100 0.275800 0.194800 0.186400 0.000000 0.214500 0.310900 0.110000 0.280700 0.189500 0.245000 0.279700 0.217200 0.106700 0.240200 0.171400 0.252400 0.319400 0.205600 0.222800 0.078900 0.189500 0.225500 0.250800 0.240200 0.302100 0.328600 0.422400 0.400800 0.259100 0.298200
Hartebeest 0.173600 0.479800 0.291900 0.549100 0.276400 0.173600 0.521800 0.199300 0.320900 0.227600 0.156400 0.337000 0.071000 0.246400 0.250900 0.181800 0.407300 0.334000 0.130000 0.314900 0.224900 0.124700 0.252200 0.178100 0.232800 0.214500 0.000000 0.317100 0.273900 0.288700 0.228700 0.224400 0.255500 0.094200 0.097300 0.220400 0.156400 0.230500 0.230600 0.248500 0.203700 0.297400 0.228700 0.206000 0.229200 0.166800 0.276700 0.493800 0.665900 0.430500 0.240200 0.275900
Bongo 0.264200 0.567800 0.196700 0.593400 0.279500 0.264200 0.570000 0.292500 0.094100 0.230900 0.188800 0.206500 0.266400 0.342300 0.197300 0.272600 0.349800 0.276900 0.189600 0.092500 0.320400 0.273500 0.255100 0.238500 0.305600 0.310900 0.317100 0.000000 0.376200 0.118300 0.291300 0.319700 0.201100 0.292000 0.333800 0.223100 0.188800 0.233500 0.398200 0.281400 0.265200 0.399700 0.291300 0.268300 0.175200 0.342500 0.376500 0.528700 0.723300 0.363300 0.096800 0.178600
Gerenuk 0.248600 0.305500 0.311000 0.313300 0.365700 0.248600 0.270500 0.277900 0.382800 0.247700 0.233700 0.260200 0.250600 0.329900 0.336800 0.197900 0.442800 0.433100 0.203700 0.375000 0.306800 0.194900 0.338800 0.256000 0.254800 0.110000 0.273900 0.376200 0.000000 0.344900 0.248900 0.306200 0.313300 0.215900 0.163200 0.300000 0.233700 0.315700 0.387300 0.270600 0.284900 0.134700 0.248900 0.288400 0.313800 0.300100 0.365300 0.251000 0.377100 0.397100 0.324400 0.366800
CommonElan 0.236100 0.527800 0.171100 0.556600 0.252300 0.236100 0.530600 0.204600 0.119400 0.261700 0.160700 0.179500 0.238100 0.252900 0.171400 0.243600 0.264100 0.194300 0.161400 0.117400 0.291800 0.244400 0.228000 0.210500 0.272600 0.280700 0.288700 0.118300 0.344900 0.000000 0.262900 0.230400 0.175000 0.263600 0.303800 0.197000 0.160700 0.206100 0.367000 0.251300 0.236900 0.368700 0.262900 0.239700 0.149200 0.313900 0.284400 0.492000 0.678300 0.333200 0.072200 0.152100
MuntiacusR 0.149800 0.401500 0.294700 0.437600 0.195900 0.149800 0.402800 0.231500 0.295400 0.047400 0.130800 0.246400 0.206300 0.280200 0.171800 0.157200 0.321100 0.249600 0.104400 0.289900 0.257700 0.211700 0.120500 0.048800 0.204400 0.189500 0.228700 0.291300 0.248900 0.262900 0.000000 0.257600 0.174100 0.231200 0.182000 0.252900 0.130800 0.149800 0.329100 0.221700 0.073100 0.273100 0.000000 0.073700 0.204300 0.253200 0.311600 0.381600 0.525300 0.269000 0.242600 0.278800
HarveysDui 0.144400 0.569200 0.323500 0.595400 0.305900 0.144400 0.478100 0.068100 0.289700 0.256400 0.126400 0.339700 0.145600 0.021500 0.252600 0.271600 0.319800 0.248400 0.158100 0.317500 0.139800 0.149200 0.281400 0.206300 0.266200 0.245000 0.224400 0.319700 0.306200 0.230400 0.257600 0.000000 0.257500 0.169000 0.235300 0.221800 0.126400 0.260000 0.195800 0.280500 0.232300 0.329800 0.257600 0.234900 0.230700 0.139500 0.137000 0.539900 0.727600 0.401000 0.270900 0.308300
Pronghorn 0.204600 0.485900 0.261000 0.517200 0.167600 0.204600 0.488700 0.231600 0.203400 0.229300 0.130700 0.212500 0.206300 0.279800 0.143700 0.242900 0.234800 0.166400 0.131300 0.199700 0.258500 0.184400 0.197700 0.179600 0.235000 0.279700 0.255500 0.201100 0.313300 0.175000 0.174100 0.257500 0.000000 0.231100 0.268300 0.168500 0.130700 0.122500 0.328200 0.250600 0.205300 0.337200 0.174100 0.151400 0.121600 0.279800 0.312100 0.462000 0.628000 0.235000 0.153500 0.244000
BlueWildeb 0.120200 0.528900 0.266500 0.557600 0.279400 0.120200 0.531300 0.144900 0.295500 0.230200 0.101000 0.310100 0.023000 0.190900 0.226700 0.243800 0.323000 0.309400 0.131600 0.289900 0.169500 0.124200 0.255000 0.180100 0.235800 0.217200 0.094200 0.292000 0.215900 0.263600 0.231200 0.169000 0.231100 0.000000 0.098400 0.196700 0.101000 0.233300 0.229500 0.251600 0.206000 0.301200 0.231200 0.208300 0.204500 0.168600 0.219100 0.502100 0.680000 0.334200 0.214500 0.249400
Gemsbok 0.181900 0.373000 0.307300 0.411400 0.290000 0.181900 0.375400 0.209000 0.339100 0.181200 0.164400 0.222400 0.074200 0.258300 0.263300 0.192000 0.427800 0.350900 0.136600 0.332500 0.235800 0.188200 0.264600 0.187000 0.178100 0.106700 0.097300 0.333800 0.163200 0.303800 0.182000 0.235300 0.268300 0.098400 0.000000 0.230800 0.164400 0.242100 0.305800 0.262100 0.213800 0.187900 0.182000 0.216300 0.240700 0.174400 0.290100 0.355100 0.496000 0.382100 0.252900 0.290900
Yak 0.171500 0.554400 0.283300 0.580700 0.189200 0.171500 0.555800 0.197000 0.225400 0.251800 0.154500 0.235700 0.172800 0.243600 0.165400 0.266300 0.310100 0.241000 0.155200 0.221400 0.222200 0.177200 0.166300 0.202600 0.260700 0.240200 0.220400 0.223100 0.300000 0.197000 0.252900 0.221800 0.168500 0.196700 0.230800 0.000000 0.154500 0.198400 0.287200 0.274900 0.201500 0.260800 0.252900 0.230700 0.143800 0.243800 0.217600 0.526000 0.704400 0.258500 0.176400 0.239200
BlueSheep 0.075600 0.391000 0.190800 0.429900 0.180600 0.075600 0.393600 0.101200 0.190900 0.130200 0.000000 0.200500 0.076200 0.149800 0.128100 0.138000 0.284500 0.209200 0.026900 0.187200 0.126700 0.078200 0.155500 0.078700 0.120200 0.171400 0.156400 0.188800 0.233700 0.160700 0.130800 0.126400 0.130700 0.101000 0.164400 0.154500 0.000000 0.131900 0.187200 0.142300 0.104900 0.259200 0.130800 0.106100 0.104100 0.181600 0.178400 0.371500 0.523100 0.291300 0.137300 0.170300
BohorReedb 0.206500 0.491900 0.297300 0.523100 0.093600 0.206500 0.493800 0.233600 0.236000 0.204500 0.131900 0.247500 0.208200 0.282600 0.172800 0.216600 0.212000 0.143000 0.105200 0.174800 0.202100 0.213700 0.173500 0.154400 0.206200 0.252400 0.230500 0.233500 0.315700 0.206100 0.149800 0.260000 0.122500 0.233300 0.242100 0.198400 0.131900 0.000000 0.332000 0.194000 0.180200 0.340000 0.149800 0.126500 0.150300 0.255100 0.314900 0.428700 0.636200 0.270300 0.184800 0.281100
KirksDik 0.203300 0.640000 0.403900 0.661600 0.380300 0.203300 0.713500 0.171200 0.365000 0.327400 0.187200 0.425900 0.204800 0.217700 0.322100 0.348000 0.461400 0.382600 0.223800 0.395600 0.196000 0.153300 0.354200 0.273900 0.350000 0.319400 0.230600 0.398200 0.387300 0.367000 0.329100 0.195800 0.328200 0.229500 0.305800 0.287200 0.187200 0.332000 0.000000 0.360500 0.301900 0.341500 0.329100 0.305500 0.299700 0.196100 0.246700 0.670500 0.819200 0.494800 0.347200 0.390400
RoeDeer 0.222700 0.354500 0.284700 0.481700 0.244400 0.222700 0.356400 0.251800 0.284700 0.220600 0.142300 0.300200 0.224400 0.304800 0.245800 0.170000 0.385600 0.305800 0.113500 0.279100 0.280700 0.230700 0.247300 0.166400 0.155400 0.205600 0.248500 0.281400 0.270600 0.251300 0.221700 0.280500 0.250600 0.251600 0.262100 0.274900 0.142300 0.194000 0.360500 0.000000 0.194300 0.296500 0.221700 0.196700 0.222000 0.275100 0.339800 0.289600 0.480100 0.366500 0.229300 0.267100
WhiteLippe 0.125200 0.451700 0.268200 0.485500 0.200700 0.125200 0.453000 0.206200 0.268100 0.072800 0.104900 0.281900 0.180900 0.255100 0.147500 0.188400 0.357400 0.283500 0.078500 0.263000 0.232500 0.185700 0.072100 0.024500 0.175500 0.222800 0.203700 0.265200 0.284900 0.236900 0.073100 0.232300 0.205300 0.206000 0.213800 0.201500 0.104900 0.180200 0.301900 0.194300 0.000000 0.279300 0.073100 0.101100 0.179100 0.228300 0.258600 0.428500 0.587400 0.373800 0.215900 0.251200
ThomsonGaz 0.272700 0.334500 0.405100 0.374900 0.322000 0.272700 0.336800 0.301700 0.406700 0.271800 0.259200 0.285100 0.274700 0.353000 0.360300 0.223100 0.537000 0.456100 0.229500 0.398500 0.330200 0.219700 0.296400 0.280800 0.282500 0.078900 0.297400 0.399700 0.134700 0.368700 0.273100 0.329800 0.337200 0.301200 0.187900 0.260800 0.259200 0.340000 0.341500 0.296500 0.279300 0.000000 0.273100 0.313100 0.337800 0.323400 0.321900 0.354200 0.451000 0.501100 0.349100 0.391900
MuntiacusC 0.149800 0.401500 0.294700 0.437600 0.195900 0.149800 0.402800 0.231500 0.295400 0.047400 0.130800 0.246400 0.206300 0.280200 0.171800 0.157200 0.321100 0.249600 0.104400 0.289900 0.257700 0.211700 0.120500 0.048800 0.204400 0.189500 0.228700 0.291300 0.248900 0.262900 0.000000 0.257600 0.174100 0.231200 0.182000 0.252900 0.130800 0.149800 0.329100 0.221700 0.073100 0.273100 0.000000 0.073700 0.204300 0.253200 0.311600 0.381600 0.525300 0.269000 0.242600 0.278800
WhiteTaile 0.126600 0.458600 0.271300 0.454600 0.173700 0.126600 0.459500 0.208500 0.271200 0.125500 0.106100 0.285400 0.183000 0.258000 0.149200 0.190700 0.273300 0.200900 0.079400 0.266100 0.235000 0.187800 0.150000 0.075900 0.177800 0.225500 0.206000 0.268300 0.288400 0.239700 0.073700 0.234900 0.151400 0.208300 0.216300 0.230700 0.106100 0.126500 0.305500 0.196700 0.101100 0.313100 0.073700 0.000000 0.181200 0.230900 0.289500 0.434600 0.596700 0.308400 0.218500 0.254300
Cattle 0.178300 0.488100 0.233900 0.519300 0.143800 0.178300 0.489700 0.204800 0.177000 0.203400 0.104100 0.185300 0.179700 0.253300 0.119400 0.215300 0.264600 0.194600 0.104600 0.173800 0.231100 0.184400 0.172500 0.153500 0.204800 0.250800 0.229200 0.175200 0.313800 0.149200 0.204300 0.230700 0.121600 0.204500 0.240700 0.143800 0.104100 0.150300 0.299700 0.222000 0.179100 0.337800 0.204300 0.181200 0.000000 0.253600 0.226900 0.463300 0.629900 0.268400 0.127300 0.216000
RoyalAntel 0.197400 0.556200 0.317500 0.582500 0.300800 0.197400 0.466200 0.166400 0.312400 0.252100 0.181600 0.364200 0.145100 0.161000 0.219400 0.266500 0.403100 0.330200 0.155200 0.340000 0.190400 0.203900 0.276600 0.202700 0.260900 0.240200 0.166800 0.342500 0.300100 0.313900 0.253200 0.139500 0.279800 0.168600 0.174400 0.243800 0.181600 0.255100 0.196100 0.275100 0.228300 0.323400 0.253200 0.230900 0.253600 0.000000 0.239700 0.526900 0.706500 0.425200 0.265900 0.302600
Steenbok 0.194100 0.647700 0.351800 0.667700 0.299000 0.194100 0.650900 0.114300 0.345900 0.310100 0.178400 0.400300 0.195700 0.157900 0.305800 0.328800 0.372200 0.300700 0.212700 0.374400 0.188000 0.200600 0.275200 0.260000 0.328800 0.302100 0.276700 0.376500 0.365300 0.284400 0.311600 0.137000 0.312100 0.219100 0.290100 0.217600 0.178400 0.314900 0.246700 0.339800 0.258600 0.321900 0.311600 0.289500 0.226900 0.239700 0.000000 0.614900 0.818500 0.463400 0.328400 0.367800
Impala 0.464800 0.249700 0.448900 0.429800 0.485000 0.464800 0.213700 0.502800 0.541000 0.379300 0.371500 0.393900 0.468700 0.566800 0.487800 0.360600 0.665800 0.569100 0.335500 0.528400 0.540300 0.399600 0.491900 0.393900 0.240000 0.328600 0.493800 0.528700 0.251000 0.492000 0.381600 0.539900 0.462000 0.502100 0.355100 0.526000 0.371500 0.428700 0.670500 0.289600 0.428500 0.354200 0.381600 0.434600 0.463300 0.526900 0.614900 0.000000 0.318700 0.393600 0.472300 0.528400
Klipspring 0.632900 0.241100 0.691600 0.297400 0.700300 0.632900 0.155700 0.680400 0.747200 0.521400 0.523100 0.556100 0.638800 0.756800 0.655400 0.419200 0.930700 0.813100 0.478500 0.726100 0.727300 0.555300 0.664100 0.544800 0.360800 0.422400 0.665900 0.723300 0.377100 0.678300 0.525300 0.727600 0.628000 0.680000 0.496000 0.704400 0.523100 0.636200 0.819200 0.480100 0.587400 0.451000 0.525300 0.596700 0.629900 0.706500 0.818500 0.318700 0.000000 0.545700 0.660000 0.738900
ForestMusk 0.372000 0.414000 0.441200 0.640500 0.317900 0.372000 0.416700 0.370900 0.337700 0.332600 0.291300 0.318200 0.375000 0.424700 0.290700 0.354100 0.269000 0.253800 0.292600 0.362300 0.401600 0.385500 0.358000 0.344000 0.279100 0.400800 0.430500 0.363300 0.397100 0.333200 0.269000 0.401000 0.235000 0.334200 0.382100 0.258500 0.291300 0.270300 0.494800 0.366500 0.373800 0.501100 0.269000 0.308400 0.268400 0.425200 0.463400 0.393600 0.545700 0.000000 0.313100 0.429000
Bushbuck 0.215000 0.507800 0.097700 0.538800 0.232500 0.215000 0.510300 0.243400 0.097700 0.241400 0.137300 0.157700 0.188400 0.294400 0.150400 0.222100 0.303900 0.230400 0.137900 0.096100 0.271500 0.222700 0.207600 0.188800 0.249000 0.259100 0.240200 0.096800 0.324400 0.072200 0.242600 0.270900 0.153500 0.214500 0.252900 0.176400 0.137300 0.184800 0.347200 0.229300 0.215900 0.349100 0.242600 0.218500 0.127300 0.265900 0.328400 0.472300 0.660000 0.313100 0.000000 0.076100
GreaterKud 0.250100 0.570900 0.125600 0.598000 0.330800 0.250100 0.572200 0.279500 0.180300 0.277400 0.170300 0.251100 0.222400 0.332200 0.239300 0.258400 0.404900 0.326900 0.171100 0.177100 0.308600 0.259100 0.304400 0.223000 0.291300 0.298200 0.275900 0.178600 0.366800 0.152100 0.278800 0.308300 0.244000 0.249400 0.290900 0.239200 0.170300 0.281100 0.390400 0.267100 0.251200 0.391900 0.278800 0.254300 0.216000 0.302600 0.367800 0.528400 0.738900 0.429000 0.076100 0.000000
