CODONML (in paml version 4.10.7, June 2023)  /home/rachel/ruminants_paml/6406-phy-tree/ENSBTAT00000044381.fasta.phy
Model: free dN/dS Ratios for branches,  kappa = 2.000 fixed

Codon frequency model: F3x4
ns =  54  ls =  26

Codon usage in sequences
--------------------------------------------------------------------------------------------------------------------------------------
Phe TTT   0   0   0   0   0   0 | Ser TCT   0   0   0   0   0   0 | Tyr TAT   0   0   0   0   0   0 | Cys TGT   0   0   0   0   0   0
    TTC   1   1   1   1   1   1 |     TCC   2   2   2   2   2   2 |     TAC   1   1   1   1   1   1 |     TGC   0   0   0   0   0   0
Leu TTA   0   0   0   0   0   0 |     TCA   0   0   0   0   0   0 | *** TAA   0   0   0   0   0   0 | *** TGA   0   0   0   0   0   0
    TTG   0   0   0   0   0   0 |     TCG   0   0   0   0   0   0 |     TAG   0   0   0   0   0   0 | Trp TGG   2   2   2   2   2   2
--------------------------------------------------------------------------------------------------------------------------------------
Leu CTT   0   0   0   0   0   0 | Pro CCT   0   0   0   0   0   0 | His CAT   0   0   0   0   0   0 | Arg CGT   0   0   0   0   0   1
    CTC   0   0   0   0   0   0 |     CCC   0   1   0   0   0   0 |     CAC   1   2   1   1   1   1 |     CGC   1   1   1   1   2   0
    CTA   0   0   0   0   0   0 |     CCA   1   0   0   1   0   1 | Gln CAA   0   0   0   0   0   0 |     CGA   0   0   0   0   0   1
    CTG   2   2   2   2   2   2 |     CCG   1   1   2   1   2   1 |     CAG   1   0   1   1   1   1 |     CGG   1   1   1   1   0   0
--------------------------------------------------------------------------------------------------------------------------------------
Ile ATT   0   1   0   1   0   0 | Thr ACT   0   0   0   0   0   0 | Asn AAT   0   0   0   0   0   0 | Ser AGT   0   0   0   0   0   0
    ATC   1   0   1   0   1   0 |     ACC   1   1   1   1   1   2 |     AAC   0   0   0   0   0   0 |     AGC   1   1   1   1   1   1
    ATA   0   1   0   0   0   0 |     ACA   0   0   0   0   0   0 | Lys AAA   0   0   0   0   0   0 | Arg AGA   0   0   0   0   0   0
Met ATG   2   0   2   2   2   2 |     ACG   0   0   0   0   0   1 |     AAG   1   1   1   0   1   0 |     AGG   0   0   0   1   0   0
--------------------------------------------------------------------------------------------------------------------------------------
Val GTT   0   0   0   0   0   0 | Ala GCT   0   0   0   0   0   0 | Asp GAT   0   0   0   0   0   0 | Gly GGT   0   0   0   0   0   0
    GTC   0   0   0   0   0   0 |     GCC   1   1   1   1   1   1 |     GAC   0   0   0   0   0   0 |     GGC   1   1   1   1   1   1
    GTA   0   0   0   0   0   0 |     GCA   0   0   0   0   0   0 | Glu GAA   0   0   0   0   0   0 |     GGA   1   0   1   0   0   0
    GTG   0   1   0   0   0   0 |     GCG   0   0   0   0   0   0 |     GAG   3   3   3   3   3   3 |     GGG   0   1   0   1   1   1
--------------------------------------------------------------------------------------------------------------------------------------

--------------------------------------------------------------------------------------------------------------------------------------
Phe TTT   0   0   0   0   0   0 | Ser TCT   0   0   0   0   0   0 | Tyr TAT   0   0   0   0   0   0 | Cys TGT   0   0   0   0   0   0
    TTC   1   1   1   1   1   1 |     TCC   2   2   2   2   2   2 |     TAC   1   1   1   1   1   1 |     TGC   0   0   0   0   0   0
Leu TTA   0   0   0   0   0   0 |     TCA   0   0   0   0   0   0 | *** TAA   0   0   0   0   0   0 | *** TGA   0   0   0   0   0   0
    TTG   0   0   0   0   0   0 |     TCG   0   0   0   1   0   0 |     TAG   0   0   0   0   0   0 | Trp TGG   2   2   2   1   2   2
--------------------------------------------------------------------------------------------------------------------------------------
Leu CTT   0   0   0   0   0   0 | Pro CCT   0   0   0   0   0   0 | His CAT   0   0   0   0   0   1 | Arg CGT   0   0   0   0   0   0
    CTC   0   0   0   0   0   0 |     CCC   0   0   0   0   0   0 |     CAC   1   1   1   1   1   1 |     CGC   1   1   1   1   1   1
    CTA   0   0   0   0   0   0 |     CCA   1   1   1   1   0   0 | Gln CAA   0   0   0   0   0   0 |     CGA   0   0   0   0   0   0
    CTG   2   2   2   2   2   2 |     CCG   1   1   1   1   2   2 |     CAG   1   1   1   2   1   0 |     CGG   1   1   0   0   1   1
--------------------------------------------------------------------------------------------------------------------------------------
Ile ATT   0   0   1   0   0   0 | Thr ACT   0   0   0   0   0   0 | Asn AAT   0   0   0   0   0   0 | Ser AGT   0   0   0   0   0   0
    ATC   1   1   0   1   1   1 |     ACC   1   1   1   1   1   1 |     AAC   0   0   0   0   0   0 |     AGC   1   1   1   1   1   1
    ATA   0   0   0   0   0   0 |     ACA   0   0   0   0   0   0 | Lys AAA   0   0   0   0   0   0 | Arg AGA   0   0   0   0   0   0
Met ATG   2   2   2   2   1   2 |     ACG   0   0   0   0   1   0 |     AAG   1   1   1   1   1   1 |     AGG   0   0   1   0   0   0
--------------------------------------------------------------------------------------------------------------------------------------
Val GTT   0   0   0   0   0   0 | Ala GCT   0   0   0   0   0   0 | Asp GAT   0   0   0   0   0   0 | Gly GGT   0   0   0   0   0   0
    GTC   0   0   0   0   0   0 |     GCC   1   1   1   1   1   1 |     GAC   0   0   0   0   0   0 |     GGC   1   1   1   1   1   1
    GTA   0   0   0   0   0   0 |     GCA   0   0   0   0   0   0 | Glu GAA   0   0   0   0   0   0 |     GGA   1   1   1   1   1   0
    GTG   0   0   0   0   0   0 |     GCG   0   0   0   0   0   0 |     GAG   3   3   3   3   3   3 |     GGG   0   0   0   0   0   1
--------------------------------------------------------------------------------------------------------------------------------------

--------------------------------------------------------------------------------------------------------------------------------------
Phe TTT   0   0   0   0   0   0 | Ser TCT   0   0   0   0   0   0 | Tyr TAT   0   0   0   0   0   0 | Cys TGT   0   0   0   0   0   0
    TTC   1   1   1   1   1   1 |     TCC   2   2   2   2   2   2 |     TAC   1   1   1   1   1   1 |     TGC   0   1   0   0   0   0
Leu TTA   0   0   0   0   0   0 |     TCA   0   0   0   0   0   0 | *** TAA   0   0   0   0   0   0 | *** TGA   0   0   0   0   0   0
    TTG   0   0   0   0   0   0 |     TCG   0   0   0   0   0   1 |     TAG   0   0   0   0   0   0 | Trp TGG   2   2   2   2   2   1
--------------------------------------------------------------------------------------------------------------------------------------
Leu CTT   0   0   0   0   0   0 | Pro CCT   0   0   0   0   0   0 | His CAT   0   0   0   0   0   0 | Arg CGT   0   0   0   0   0   0
    CTC   0   0   0   0   0   0 |     CCC   0   0   0   0   0   0 |     CAC   1   1   1   1   1   1 |     CGC   1   0   1   1   1   1
    CTA   0   0   0   0   0   0 |     CCA   1   0   1   1   1   1 | Gln CAA   0   0   0   0   0   0 |     CGA   0   0   0   0   0   0
    CTG   2   2   2   2   2   2 |     CCG   1   2   1   1   1   1 |     CAG   1   1   1   1   1   1 |     CGG   1   1   1   0   1   1
--------------------------------------------------------------------------------------------------------------------------------------
Ile ATT   0   0   0   0   1   0 | Thr ACT   0   0   0   0   0   0 | Asn AAT   0   0   0   0   0   0 | Ser AGT   0   0   0   0   0   0
    ATC   1   1   1   1   0   1 |     ACC   1   1   1   1   1   1 |     AAC   0   0   0   0   0   0 |     AGC   1   1   1   1   1   1
    ATA   0   0   0   0   0   0 |     ACA   0   0   0   0   0   0 | Lys AAA   0   0   0   0   0   0 | Arg AGA   0   0   0   0   0   0
Met ATG   2   1   2   2   2   2 |     ACG   0   0   0   0   0   0 |     AAG   1   1   1   1   1   1 |     AGG   0   0   0   1   0   0
--------------------------------------------------------------------------------------------------------------------------------------
Val GTT   0   0   0   0   0   0 | Ala GCT   0   0   0   0   0   0 | Asp GAT   0   0   0   0   0   0 | Gly GGT   0   0   0   0   0   0
    GTC   0   0   0   0   0   0 |     GCC   1   1   1   1   1   1 |     GAC   0   0   0   0   0   0 |     GGC   1   1   1   1   1   1
    GTA   0   0   0   0   0   0 |     GCA   0   0   0   0   0   0 | Glu GAA   0   0   1   0   0   0 |     GGA   1   1   1   1   1   1
    GTG   0   1   0   0   0   0 |     GCG   0   0   0   0   0   0 |     GAG   3   3   2   3   3   3 |     GGG   0   0   0   0   0   0
--------------------------------------------------------------------------------------------------------------------------------------

--------------------------------------------------------------------------------------------------------------------------------------
Phe TTT   0   0   0   0   0   0 | Ser TCT   0   0   0   0   0   0 | Tyr TAT   0   0   0   0   0   0 | Cys TGT   0   0   0   0   0   0
    TTC   1   1   1   1   1   1 |     TCC   2   2   2   2   2   2 |     TAC   1   1   1   1   1   1 |     TGC   0   0   0   0   0   0
Leu TTA   0   0   0   0   0   0 |     TCA   0   0   0   0   0   0 | *** TAA   0   0   0   0   0   0 | *** TGA   0   0   0   0   0   0
    TTG   0   0   0   0   0   0 |     TCG   0   0   0   0   1   0 |     TAG   0   0   0   0   0   0 | Trp TGG   2   2   2   2   1   2
--------------------------------------------------------------------------------------------------------------------------------------
Leu CTT   0   0   0   0   0   0 | Pro CCT   0   0   0   0   0   0 | His CAT   0   0   0   0   0   0 | Arg CGT   0   0   0   0   0   0
    CTC   0   0   0   0   0   0 |     CCC   0   0   0   0   0   0 |     CAC   1   1   1   1   1   1 |     CGC   1   1   1   1   1   1
    CTA   0   0   0   0   0   0 |     CCA   1   0   1   0   1   1 | Gln CAA   0   0   0   0   0   0 |     CGA   0   0   0   0   0   0
    CTG   2   2   2   2   2   2 |     CCG   1   2   1   2   1   1 |     CAG   1   1   1   1   1   1 |     CGG   1   1   1   1   1   1
--------------------------------------------------------------------------------------------------------------------------------------
Ile ATT   0   0   0   0   0   0 | Thr ACT   0   0   0   0   0   0 | Asn AAT   0   0   0   0   0   0 | Ser AGT   0   0   0   0   0   0
    ATC   1   1   1   1   1   1 |     ACC   1   1   1   1   1   1 |     AAC   0   0   0   0   0   0 |     AGC   1   1   1   1   1   1
    ATA   0   0   0   0   0   0 |     ACA   0   0   0   0   0   0 | Lys AAA   0   0   0   0   0   0 | Arg AGA   0   0   0   0   0   0
Met ATG   2   2   2   1   2   2 |     ACG   0   0   0   1   0   0 |     AAG   1   1   1   1   1   1 |     AGG   0   0   0   0   0   0
--------------------------------------------------------------------------------------------------------------------------------------
Val GTT   0   0   0   0   0   0 | Ala GCT   0   0   0   0   0   0 | Asp GAT   0   0   0   0   0   0 | Gly GGT   0   0   0   0   0   0
    GTC   0   0   0   0   0   0 |     GCC   1   1   1   1   1   1 |     GAC   0   0   0   0   0   0 |     GGC   1   1   1   1   1   1
    GTA   0   0   0   0   0   0 |     GCA   0   0   0   0   0   0 | Glu GAA   0   0   0   0   0   0 |     GGA   1   1   1   1   1   1
    GTG   0   0   0   0   0   0 |     GCG   0   0   0   0   0   0 |     GAG   3   3   3   3   3   3 |     GGG   0   0   0   0   0   0
--------------------------------------------------------------------------------------------------------------------------------------

--------------------------------------------------------------------------------------------------------------------------------------
Phe TTT   0   0   0   0   0   0 | Ser TCT   0   0   0   0   0   0 | Tyr TAT   0   0   0   0   0   0 | Cys TGT   0   0   0   0   0   0
    TTC   2   1   1   1   1   1 |     TCC   2   2   2   2   2   2 |     TAC   1   1   1   1   1   1 |     TGC   1   0   0   0   0   0
Leu TTA   0   0   0   0   0   0 |     TCA   0   0   0   0   0   0 | *** TAA   0   0   0   0   0   0 | *** TGA   0   0   0   0   0   0
    TTG   0   0   0   0   0   0 |     TCG   0   0   0   1   0   0 |     TAG   0   0   0   0   0   0 | Trp TGG   2   2   2   1   2   2
--------------------------------------------------------------------------------------------------------------------------------------
Leu CTT   0   0   0   0   0   0 | Pro CCT   0   0   0   0   0   0 | His CAT   0   0   0   0   0   0 | Arg CGT   0   0   0   0   0   0
    CTC   0   0   0   0   0   0 |     CCC   0   0   0   0   0   0 |     CAC   1   1   1   1   1   1 |     CGC   0   1   1   1   1   1
    CTA   0   0   0   0   0   0 |     CCA   0   0   1   1   1   0 | Gln CAA   0   0   0   0   0   0 |     CGA   0   0   0   0   0   0
    CTG   2   2   2   2   2   2 |     CCG   2   2   1   1   1   2 |     CAG   1   1   1   1   1   1 |     CGG   1   1   1   1   1   1
--------------------------------------------------------------------------------------------------------------------------------------
Ile ATT   0   0   0   0   0   0 | Thr ACT   0   0   0   0   0   0 | Asn AAT   0   0   0   0   0   0 | Ser AGT   0   0   0   0   0   0
    ATC   0   1   1   1   1   1 |     ACC   1   1   1   1   1   1 |     AAC   0   0   0   0   0   0 |     AGC   1   1   1   1   1   1
    ATA   0   0   0   0   0   0 |     ACA   0   0   0   0   0   0 | Lys AAA   0   0   0   0   0   0 | Arg AGA   0   0   0   0   0   0
Met ATG   2   2   2   2   2   1 |     ACG   0   0   0   0   0   1 |     AAG   1   1   1   1   1   1 |     AGG   0   0   0   0   0   0
--------------------------------------------------------------------------------------------------------------------------------------
Val GTT   0   0   0   0   0   0 | Ala GCT   0   0   0   0   0   0 | Asp GAT   0   0   0   0   0   0 | Gly GGT   0   0   0   0   0   0
    GTC   0   0   0   0   0   0 |     GCC   1   1   1   1   1   1 |     GAC   0   0   0   0   0   0 |     GGC   1   1   1   1   1   1
    GTA   0   0   0   0   0   0 |     GCA   0   0   0   0   0   0 | Glu GAA   0   0   0   0   1   0 |     GGA   0   0   1   1   1   1
    GTG   0   0   0   0   0   0 |     GCG   0   0   0   0   0   0 |     GAG   3   3   3   3   2   3 |     GGG   1   1   0   0   0   0
--------------------------------------------------------------------------------------------------------------------------------------

--------------------------------------------------------------------------------------------------------------------------------------
Phe TTT   0   0   0   0   0   0 | Ser TCT   0   0   0   0   0   0 | Tyr TAT   0   0   0   0   0   0 | Cys TGT   0   0   0   0   0   0
    TTC   1   1   1   1   1   1 |     TCC   2   2   2   2   2   2 |     TAC   1   1   1   1   1   1 |     TGC   0   0   0   0   0   0
Leu TTA   0   0   0   0   0   0 |     TCA   0   0   0   0   0   0 | *** TAA   0   0   0   0   0   0 | *** TGA   0   0   0   0   0   0
    TTG   0   0   0   0   0   0 |     TCG   1   0   0   0   0   0 |     TAG   0   0   0   0   0   0 | Trp TGG   1   2   2   2   2   2
--------------------------------------------------------------------------------------------------------------------------------------
Leu CTT   0   0   0   0   0   0 | Pro CCT   0   0   0   0   0   0 | His CAT   0   0   1   0   0   0 | Arg CGT   0   0   0   0   0   0
    CTC   0   0   0   0   0   0 |     CCC   0   0   0   0   0   0 |     CAC   1   1   1   1   1   1 |     CGC   1   1   1   1   1   1
    CTA   0   0   0   0   0   0 |     CCA   1   0   0   1   1   1 | Gln CAA   0   0   0   0   0   0 |     CGA   0   0   0   0   0   0
    CTG   2   2   2   2   2   2 |     CCG   1   2   2   1   1   1 |     CAG   1   1   0   1   1   1 |     CGG   1   1   1   0   1   1
--------------------------------------------------------------------------------------------------------------------------------------
Ile ATT   0   0   0   0   0   0 | Thr ACT   0   0   0   0   0   0 | Asn AAT   0   0   0   0   0   0 | Ser AGT   0   0   0   0   0   0
    ATC   1   1   1   1   1   1 |     ACC   1   1   1   1   1   1 |     AAC   0   0   0   0   0   0 |     AGC   1   1   1   1   1   1
    ATA   0   0   0   0   0   0 |     ACA   0   0   0   0   0   0 | Lys AAA   0   0   0   0   0   0 | Arg AGA   0   0   0   0   0   0
Met ATG   2   1   2   2   2   1 |     ACG   0   1   0   0   0   1 |     AAG   1   1   1   1   1   1 |     AGG   0   0   0   1   0   0
--------------------------------------------------------------------------------------------------------------------------------------
Val GTT   0   0   0   0   0   0 | Ala GCT   0   0   0   0   0   0 | Asp GAT   0   0   0   0   0   0 | Gly GGT   0   0   0   0   0   0
    GTC   0   0   0   0   0   0 |     GCC   1   1   1   1   1   1 |     GAC   0   0   0   0   0   0 |     GGC   1   1   1   1   1   1
    GTA   0   0   0   0   0   0 |     GCA   0   0   0   0   0   0 | Glu GAA   0   0   0   0   0   1 |     GGA   1   1   0   1   1   1
    GTG   0   0   0   0   0   0 |     GCG   0   0   0   0   0   0 |     GAG   3   3   3   3   3   2 |     GGG   0   0   1   0   0   0
--------------------------------------------------------------------------------------------------------------------------------------

--------------------------------------------------------------------------------------------------------------------------------------
Phe TTT   0   0   0   0   0   0 | Ser TCT   0   0   0   0   0   0 | Tyr TAT   0   0   0   0   0   0 | Cys TGT   0   0   0   0   0   0
    TTC   1   1   1   1   1   1 |     TCC   2   2   2   2   2   2 |     TAC   1   1   1   1   1   1 |     TGC   0   0   0   0   0   0
Leu TTA   0   0   0   0   0   0 |     TCA   0   0   0   0   0   0 | *** TAA   0   0   0   0   0   0 | *** TGA   0   0   0   0   0   0
    TTG   0   0   0   0   0   0 |     TCG   0   0   0   0   1   0 |     TAG   0   0   0   0   0   0 | Trp TGG   2   2   2   2   1   2
--------------------------------------------------------------------------------------------------------------------------------------
Leu CTT   0   0   0   0   0   0 | Pro CCT   0   0   0   0   0   0 | His CAT   0   0   0   0   0   0 | Arg CGT   0   0   0   0   0   0
    CTC   0   0   0   0   0   0 |     CCC   0   0   0   0   0   0 |     CAC   1   1   1   1   1   1 |     CGC   1   1   1   1   1   1
    CTA   0   0   0   0   0   0 |     CCA   1   0   1   1   2   0 | Gln CAA   0   0   0   0   0   0 |     CGA   0   0   0   0   0   0
    CTG   2   2   2   2   2   2 |     CCG   1   2   1   1   0   2 |     CAG   1   1   1   1   1   1 |     CGG   1   1   1   1   1   1
--------------------------------------------------------------------------------------------------------------------------------------
Ile ATT   0   0   0   0   0   0 | Thr ACT   0   0   0   0   0   0 | Asn AAT   0   0   0   0   0   0 | Ser AGT   0   0   0   0   0   0
    ATC   0   1   1   1   1   1 |     ACC   2   1   1   1   1   1 |     AAC   0   0   0   0   0   0 |     AGC   1   1   1   1   1   1
    ATA   0   0   0   0   0   0 |     ACA   0   0   0   0   0   0 | Lys AAA   0   0   0   0   1   0 | Arg AGA   0   0   0   0   0   0
Met ATG   2   2   2   2   2   1 |     ACG   0   0   0   0   0   0 |     AAG   0   1   1   1   0   1 |     AGG   1   0   0   0   0   0
--------------------------------------------------------------------------------------------------------------------------------------
Val GTT   0   0   0   0   0   0 | Ala GCT   0   0   0   0   0   0 | Asp GAT   0   0   0   0   0   0 | Gly GGT   0   0   0   0   0   0
    GTC   0   0   0   0   0   0 |     GCC   1   1   1   1   1   1 |     GAC   0   0   0   0   0   0 |     GGC   1   1   1   1   1   1
    GTA   0   0   0   0   0   0 |     GCA   0   0   0   0   0   0 | Glu GAA   1   0   0   0   0   1 |     GGA   1   1   1   1   1   0
    GTG   0   0   0   0   0   1 |     GCG   0   0   0   0   0   0 |     GAG   2   3   3   3   3   2 |     GGG   0   0   0   0   0   1
--------------------------------------------------------------------------------------------------------------------------------------

--------------------------------------------------------------------------------------------------------------------------------------
Phe TTT   0   0   0   0   0   0 | Ser TCT   0   0   0   0   0   0 | Tyr TAT   0   0   0   0   0   0 | Cys TGT   0   0   0   0   0   0
    TTC   2   1   1   1   1   1 |     TCC   2   2   2   2   2   2 |     TAC   1   1   1   1   1   1 |     TGC   0   0   0   0   0   0
Leu TTA   0   0   0   0   0   0 |     TCA   0   0   0   0   0   0 | *** TAA   0   0   0   0   0   0 | *** TGA   0   0   0   0   0   0
    TTG   0   0   0   0   0   0 |     TCG   0   1   0   0   0   0 |     TAG   0   0   0   0   0   0 | Trp TGG   2   1   2   2   2   2
--------------------------------------------------------------------------------------------------------------------------------------
Leu CTT   0   0   0   0   0   0 | Pro CCT   0   0   0   0   0   0 | His CAT   0   0   1   0   0   0 | Arg CGT   0   0   0   0   0   0
    CTC   0   0   0   0   0   0 |     CCC   0   0   0   0   0   0 |     CAC   1   1   1   1   1   1 |     CGC   1   1   1   1   1   1
    CTA   0   0   0   0   0   0 |     CCA   0   1   0   0   0   1 | Gln CAA   0   0   0   0   0   0 |     CGA   0   0   0   0   0   0
    CTG   2   2   2   2   2   2 |     CCG   2   1   2   2   2   1 |     CAG   1   1   0   1   1   1 |     CGG   1   1   1   1   1   1
--------------------------------------------------------------------------------------------------------------------------------------
Ile ATT   0   0   0   0   0   0 | Thr ACT   0   0   0   0   0   0 | Asn AAT   0   0   0   0   0   0 | Ser AGT   0   0   0   0   0   0
    ATC   0   1   1   1   1   1 |     ACC   1   1   1   1   1   1 |     AAC   0   0   0   0   0   0 |     AGC   1   1   1   1   1   1
    ATA   0   0   0   0   0   0 |     ACA   0   0   0   0   0   0 | Lys AAA   0   0   0   0   0   0 | Arg AGA   0   0   0   0   0   0
Met ATG   2   2   2   2   2   2 |     ACG   0   0   0   0   0   0 |     AAG   1   1   1   1   1   1 |     AGG   0   0   0   0   0   0
--------------------------------------------------------------------------------------------------------------------------------------
Val GTT   0   0   0   0   0   0 | Ala GCT   0   0   0   0   0   0 | Asp GAT   0   0   0   0   0   0 | Gly GGT   0   0   0   0   0   0
    GTC   0   0   0   0   0   0 |     GCC   1   1   1   1   1   1 |     GAC   0   0   0   0   0   0 |     GGC   1   1   1   1   1   1
    GTA   0   0   0   0   0   0 |     GCA   0   0   0   0   0   0 | Glu GAA   0   0   0   0   0   0 |     GGA   0   1   0   0   1   1
    GTG   0   0   0   0   0   0 |     GCG   0   0   0   0   0   0 |     GAG   3   3   3   3   3   3 |     GGG   1   0   1   1   0   0
--------------------------------------------------------------------------------------------------------------------------------------

--------------------------------------------------------------------------------------------------------------------------------------
Phe TTT   0   0   0   0   0   0 | Ser TCT   0   0   0   0   0   0 | Tyr TAT   0   0   0   0   0   0 | Cys TGT   0   0   0   0   0   0
    TTC   1   1   1   1   1   1 |     TCC   2   2   2   2   2   2 |     TAC   1   1   1   1   1   1 |     TGC   0   0   0   0   0   0
Leu TTA   0   0   0   0   0   0 |     TCA   0   0   0   0   0   0 | *** TAA   0   0   0   0   0   0 | *** TGA   0   0   0   0   0   0
    TTG   0   0   0   0   0   0 |     TCG   1   0   0   0   0   0 |     TAG   0   0   0   0   0   0 | Trp TGG   1   2   2   2   2   2
--------------------------------------------------------------------------------------------------------------------------------------
Leu CTT   0   0   0   0   0   0 | Pro CCT   0   0   0   0   0   0 | His CAT   0   0   0   0   0   0 | Arg CGT   0   0   0   0   0   0
    CTC   0   0   0   0   0   0 |     CCC   0   0   0   0   0   0 |     CAC   1   1   1   1   1   1 |     CGC   1   1   1   1   1   1
    CTA   0   0   0   0   0   0 |     CCA   1   1   1   1   0   0 | Gln CAA   0   0   0   0   0   0 |     CGA   0   0   0   0   0   0
    CTG   1   2   2   2   2   2 |     CCG   1   1   1   1   2   2 |     CAG   2   1   1   1   1   1 |     CGG   1   1   1   1   1   1
--------------------------------------------------------------------------------------------------------------------------------------
Ile ATT   0   0   1   1   0   0 | Thr ACT   0   0   0   0   0   0 | Asn AAT   0   0   0   0   0   0 | Ser AGT   0   0   0   0   0   0
    ATC   1   1   0   0   1   1 |     ACC   1   1   1   1   1   1 |     AAC   0   0   0   0   0   0 |     AGC   1   1   1   1   1   1
    ATA   0   0   0   0   0   0 |     ACA   0   0   0   0   0   0 | Lys AAA   0   0   0   0   0   0 | Arg AGA   0   0   0   0   0   0
Met ATG   2   2   2   2   1   1 |     ACG   0   0   0   0   1   1 |     AAG   1   1   1   0   1   1 |     AGG   0   0   0   1   0   0
--------------------------------------------------------------------------------------------------------------------------------------
Val GTT   0   0   0   0   0   0 | Ala GCT   0   0   0   0   0   0 | Asp GAT   0   0   0   0   0   0 | Gly GGT   0   0   0   0   0   0
    GTC   0   0   0   0   0   0 |     GCC   1   1   1   1   1   1 |     GAC   0   0   0   0   0   0 |     GGC   1   1   1   1   1   1
    GTA   0   0   0   0   0   0 |     GCA   0   0   0   0   0   0 | Glu GAA   0   0   0   0   0   0 |     GGA   1   1   1   0   1   1
    GTG   0   0   0   0   0   0 |     GCG   0   0   0   0   0   0 |     GAG   3   3   3   3   3   3 |     GGG   0   0   0   1   0   0
--------------------------------------------------------------------------------------------------------------------------------------

Codon position x base (3x4) table for each sequence.

#1: Argali         
position  1:    T:0.23077    C:0.30769    A:0.23077    G:0.23077
position  2:    T:0.23077    C:0.23077    A:0.26923    G:0.26923
position  3:    T:0.00000    C:0.42308    A:0.07692    G:0.50000
Average         T:0.15385    C:0.32051    A:0.19231    G:0.33333

#2: LesserMouseDeer
position  1:    T:0.23077    C:0.30769    A:0.19231    G:0.26923
position  2:    T:0.23077    C:0.23077    A:0.26923    G:0.26923
position  3:    T:0.03846    C:0.46154    A:0.03846    G:0.46154
Average         T:0.16667    C:0.33333    A:0.16667    G:0.33333

#3: LesserKudu     
position  1:    T:0.23077    C:0.30769    A:0.23077    G:0.23077
position  2:    T:0.23077    C:0.23077    A:0.26923    G:0.26923
position  3:    T:0.00000    C:0.42308    A:0.03846    G:0.53846
Average         T:0.15385    C:0.32051    A:0.17949    G:0.34615

#4: ForestMuskDeer2
position  1:    T:0.23077    C:0.30769    A:0.23077    G:0.23077
position  2:    T:0.23077    C:0.23077    A:0.23077    G:0.30769
position  3:    T:0.03846    C:0.38462    A:0.03846    G:0.53846
Average         T:0.16667    C:0.30769    A:0.16667    G:0.35897

#5: Camel          
position  1:    T:0.23077    C:0.30769    A:0.23077    G:0.23077
position  2:    T:0.23077    C:0.23077    A:0.26923    G:0.26923
position  3:    T:0.00000    C:0.46154    A:0.00000    G:0.53846
Average         T:0.15385    C:0.33333    A:0.16667    G:0.34615

#6: KillerWhale    
position  1:    T:0.23077    C:0.30769    A:0.23077    G:0.23077
position  2:    T:0.19231    C:0.30769    A:0.23077    G:0.26923
position  3:    T:0.03846    C:0.38462    A:0.07692    G:0.50000
Average         T:0.15385    C:0.33333    A:0.17949    G:0.33333

#7: DefassaWaterbuck
position  1:    T:0.23077    C:0.30769    A:0.23077    G:0.23077
position  2:    T:0.23077    C:0.23077    A:0.26923    G:0.26923
position  3:    T:0.00000    C:0.42308    A:0.07692    G:0.50000
Average         T:0.15385    C:0.32051    A:0.19231    G:0.33333

#8: Sheep          
position  1:    T:0.23077    C:0.30769    A:0.23077    G:0.23077
position  2:    T:0.23077    C:0.23077    A:0.26923    G:0.26923
position  3:    T:0.00000    C:0.42308    A:0.07692    G:0.50000
Average         T:0.15385    C:0.32051    A:0.19231    G:0.33333

#9: MaxwellsDuiker 
position  1:    T:0.23077    C:0.26923    A:0.26923    G:0.23077
position  2:    T:0.23077    C:0.23077    A:0.26923    G:0.26923
position  3:    T:0.03846    C:0.38462    A:0.07692    G:0.50000
Average         T:0.16667    C:0.29487    A:0.20513    G:0.33333

#10: GazellaPrzewalskyi
position  1:    T:0.23077    C:0.30769    A:0.23077    G:0.23077
position  2:    T:0.23077    C:0.26923    A:0.30769    G:0.19231
position  3:    T:0.00000    C:0.42308    A:0.07692    G:0.50000
Average         T:0.15385    C:0.33333    A:0.20513    G:0.30769

#11: MountainNyala  
position  1:    T:0.23077    C:0.30769    A:0.23077    G:0.23077
position  2:    T:0.19231    C:0.26923    A:0.26923    G:0.26923
position  3:    T:0.00000    C:0.42308    A:0.03846    G:0.53846
Average         T:0.14103    C:0.33333    A:0.17949    G:0.34615

#12: MuntiacusMuntjak
position  1:    T:0.23077    C:0.30769    A:0.23077    G:0.23077
position  2:    T:0.23077    C:0.23077    A:0.26923    G:0.26923
position  3:    T:0.03846    C:0.42308    A:0.00000    G:0.53846
Average         T:0.16667    C:0.32051    A:0.16667    G:0.34615

#13: goat           
position  1:    T:0.23077    C:0.30769    A:0.23077    G:0.23077
position  2:    T:0.23077    C:0.23077    A:0.26923    G:0.26923
position  3:    T:0.00000    C:0.42308    A:0.07692    G:0.50000
Average         T:0.15385    C:0.32051    A:0.19231    G:0.33333

#14: AfricanBuffalo 
position  1:    T:0.26923    C:0.26923    A:0.19231    G:0.26923
position  2:    T:0.23077    C:0.23077    A:0.26923    G:0.26923
position  3:    T:0.00000    C:0.42308    A:0.03846    G:0.53846
Average         T:0.16667    C:0.30769    A:0.16667    G:0.35897

#15: Topi           
position  1:    T:0.23077    C:0.30769    A:0.23077    G:0.23077
position  2:    T:0.23077    C:0.23077    A:0.26923    G:0.26923
position  3:    T:0.00000    C:0.42308    A:0.11538    G:0.46154
Average         T:0.15385    C:0.32051    A:0.20513    G:0.32051

#16: CommonDuiker   
position  1:    T:0.23077    C:0.26923    A:0.26923    G:0.23077
position  2:    T:0.23077    C:0.23077    A:0.26923    G:0.26923
position  3:    T:0.00000    C:0.42308    A:0.07692    G:0.50000
Average         T:0.15385    C:0.30769    A:0.20513    G:0.33333

#17: Suni           
position  1:    T:0.23077    C:0.30769    A:0.23077    G:0.23077
position  2:    T:0.23077    C:0.23077    A:0.26923    G:0.26923
position  3:    T:0.03846    C:0.38462    A:0.07692    G:0.50000
Average         T:0.16667    C:0.30769    A:0.19231    G:0.33333

#18: Springbuck     
position  1:    T:0.23077    C:0.30769    A:0.23077    G:0.23077
position  2:    T:0.23077    C:0.26923    A:0.26923    G:0.23077
position  3:    T:0.00000    C:0.42308    A:0.07692    G:0.50000
Average         T:0.15385    C:0.33333    A:0.19231    G:0.32051

#19: Okapi          
position  1:    T:0.23077    C:0.30769    A:0.23077    G:0.23077
position  2:    T:0.23077    C:0.23077    A:0.26923    G:0.26923
position  3:    T:0.00000    C:0.42308    A:0.07692    G:0.50000
Average         T:0.15385    C:0.32051    A:0.19231    G:0.33333

#20: Giraffe        
position  1:    T:0.23077    C:0.30769    A:0.23077    G:0.23077
position  2:    T:0.23077    C:0.23077    A:0.26923    G:0.26923
position  3:    T:0.00000    C:0.42308    A:0.03846    G:0.53846
Average         T:0.15385    C:0.32051    A:0.17949    G:0.34615

#21: TibetanAntelope
position  1:    T:0.23077    C:0.30769    A:0.23077    G:0.23077
position  2:    T:0.23077    C:0.23077    A:0.26923    G:0.26923
position  3:    T:0.00000    C:0.42308    A:0.07692    G:0.50000
Average         T:0.15385    C:0.32051    A:0.19231    G:0.33333

#22: Sitatunga      
position  1:    T:0.23077    C:0.30769    A:0.23077    G:0.23077
position  2:    T:0.19231    C:0.26923    A:0.26923    G:0.26923
position  3:    T:0.00000    C:0.42308    A:0.03846    G:0.53846
Average         T:0.14103    C:0.33333    A:0.17949    G:0.34615

#23: Oribi          
position  1:    T:0.23077    C:0.30769    A:0.23077    G:0.23077
position  2:    T:0.23077    C:0.26923    A:0.26923    G:0.23077
position  3:    T:0.00000    C:0.42308    A:0.07692    G:0.50000
Average         T:0.15385    C:0.33333    A:0.19231    G:0.32051

#24: BarbarySheep   
position  1:    T:0.23077    C:0.30769    A:0.23077    G:0.23077
position  2:    T:0.23077    C:0.23077    A:0.26923    G:0.26923
position  3:    T:0.00000    C:0.42308    A:0.07692    G:0.50000
Average         T:0.15385    C:0.32051    A:0.19231    G:0.33333

#25: Daviddeer      
position  1:    T:0.30769    C:0.26923    A:0.19231    G:0.23077
position  2:    T:0.23077    C:0.23077    A:0.26923    G:0.26923
position  3:    T:0.00000    C:0.42308    A:0.00000    G:0.57692
Average         T:0.17949    C:0.30769    A:0.15385    G:0.35897

#26: Reindeer       
position  1:    T:0.23077    C:0.30769    A:0.23077    G:0.23077
position  2:    T:0.23077    C:0.23077    A:0.26923    G:0.26923
position  3:    T:0.00000    C:0.42308    A:0.00000    G:0.57692
Average         T:0.15385    C:0.32051    A:0.16667    G:0.35897

#27: Ibex           
position  1:    T:0.23077    C:0.30769    A:0.23077    G:0.23077
position  2:    T:0.23077    C:0.23077    A:0.26923    G:0.26923
position  3:    T:0.00000    C:0.42308    A:0.07692    G:0.50000
Average         T:0.15385    C:0.32051    A:0.19231    G:0.33333

#28: GyrantGazelle  
position  1:    T:0.23077    C:0.30769    A:0.23077    G:0.23077
position  2:    T:0.23077    C:0.26923    A:0.26923    G:0.23077
position  3:    T:0.00000    C:0.42308    A:0.07692    G:0.50000
Average         T:0.15385    C:0.33333    A:0.19231    G:0.32051

#29: Hartebeest     
position  1:    T:0.23077    C:0.30769    A:0.23077    G:0.23077
position  2:    T:0.23077    C:0.23077    A:0.26923    G:0.26923
position  3:    T:0.00000    C:0.42308    A:0.11538    G:0.46154
Average         T:0.15385    C:0.32051    A:0.20513    G:0.32051

#30: Bongo          
position  1:    T:0.23077    C:0.30769    A:0.23077    G:0.23077
position  2:    T:0.19231    C:0.26923    A:0.26923    G:0.26923
position  3:    T:0.00000    C:0.42308    A:0.03846    G:0.53846
Average         T:0.14103    C:0.33333    A:0.17949    G:0.34615

#31: Gerenuk        
position  1:    T:0.23077    C:0.30769    A:0.23077    G:0.23077
position  2:    T:0.23077    C:0.26923    A:0.26923    G:0.23077
position  3:    T:0.00000    C:0.42308    A:0.07692    G:0.50000
Average         T:0.15385    C:0.33333    A:0.19231    G:0.32051

#32: CommonEland    
position  1:    T:0.23077    C:0.30769    A:0.23077    G:0.23077
position  2:    T:0.19231    C:0.26923    A:0.26923    G:0.26923
position  3:    T:0.00000    C:0.42308    A:0.03846    G:0.53846
Average         T:0.14103    C:0.33333    A:0.17949    G:0.34615

#33: MuntiacusReevesi
position  1:    T:0.23077    C:0.30769    A:0.23077    G:0.23077
position  2:    T:0.23077    C:0.23077    A:0.26923    G:0.26923
position  3:    T:0.03846    C:0.42308    A:0.00000    G:0.53846
Average         T:0.16667    C:0.32051    A:0.16667    G:0.34615

#34: HarveysDuiker  
position  1:    T:0.23077    C:0.26923    A:0.26923    G:0.23077
position  2:    T:0.23077    C:0.23077    A:0.26923    G:0.26923
position  3:    T:0.00000    C:0.42308    A:0.07692    G:0.50000
Average         T:0.15385    C:0.30769    A:0.20513    G:0.33333

#35: Pronghorn      
position  1:    T:0.23077    C:0.30769    A:0.23077    G:0.23077
position  2:    T:0.23077    C:0.23077    A:0.26923    G:0.26923
position  3:    T:0.00000    C:0.42308    A:0.07692    G:0.50000
Average         T:0.15385    C:0.32051    A:0.19231    G:0.33333

#36: BlueWildebeest 
position  1:    T:0.23077    C:0.30769    A:0.23077    G:0.23077
position  2:    T:0.19231    C:0.26923    A:0.26923    G:0.26923
position  3:    T:0.00000    C:0.42308    A:0.11538    G:0.46154
Average         T:0.14103    C:0.33333    A:0.20513    G:0.32051

#37: Gemsbok        
position  1:    T:0.23077    C:0.30769    A:0.23077    G:0.23077
position  2:    T:0.19231    C:0.26923    A:0.23077    G:0.30769
position  3:    T:0.00000    C:0.42308    A:0.11538    G:0.46154
Average         T:0.14103    C:0.33333    A:0.19231    G:0.33333

#38: Yak            
position  1:    T:0.23077    C:0.30769    A:0.23077    G:0.23077
position  2:    T:0.23077    C:0.23077    A:0.26923    G:0.26923
position  3:    T:0.00000    C:0.42308    A:0.03846    G:0.53846
Average         T:0.15385    C:0.32051    A:0.17949    G:0.34615

#39: BlueSheep      
position  1:    T:0.23077    C:0.30769    A:0.23077    G:0.23077
position  2:    T:0.23077    C:0.23077    A:0.26923    G:0.26923
position  3:    T:0.00000    C:0.42308    A:0.07692    G:0.50000
Average         T:0.15385    C:0.32051    A:0.19231    G:0.33333

#40: BohorReedbuck  
position  1:    T:0.23077    C:0.30769    A:0.23077    G:0.23077
position  2:    T:0.23077    C:0.23077    A:0.26923    G:0.26923
position  3:    T:0.00000    C:0.42308    A:0.07692    G:0.50000
Average         T:0.15385    C:0.32051    A:0.19231    G:0.33333

#41: KirksDik       
position  1:    T:0.23077    C:0.30769    A:0.23077    G:0.23077
position  2:    T:0.23077    C:0.26923    A:0.26923    G:0.23077
position  3:    T:0.00000    C:0.42308    A:0.15385    G:0.42308
Average         T:0.15385    C:0.33333    A:0.21795    G:0.29487

#42: RoeDeer        
position  1:    T:0.23077    C:0.30769    A:0.19231    G:0.26923
position  2:    T:0.23077    C:0.23077    A:0.26923    G:0.26923
position  3:    T:0.00000    C:0.42308    A:0.03846    G:0.53846
Average         T:0.15385    C:0.32051    A:0.16667    G:0.35897

#43: WhiteLippedDeer
position  1:    T:0.26923    C:0.30769    A:0.19231    G:0.23077
position  2:    T:0.23077    C:0.23077    A:0.26923    G:0.26923
position  3:    T:0.00000    C:0.42308    A:0.00000    G:0.57692
Average         T:0.16667    C:0.32051    A:0.15385    G:0.35897

#44: ThomsonGazelle 
position  1:    T:0.23077    C:0.30769    A:0.23077    G:0.23077
position  2:    T:0.23077    C:0.26923    A:0.26923    G:0.23077
position  3:    T:0.00000    C:0.42308    A:0.07692    G:0.50000
Average         T:0.15385    C:0.33333    A:0.19231    G:0.32051

#45: MuntiacusCrinifrons
position  1:    T:0.23077    C:0.30769    A:0.23077    G:0.23077
position  2:    T:0.23077    C:0.23077    A:0.26923    G:0.26923
position  3:    T:0.03846    C:0.42308    A:0.00000    G:0.53846
Average         T:0.16667    C:0.32051    A:0.16667    G:0.34615

#46: WhiteTailedDeer
position  1:    T:0.23077    C:0.30769    A:0.23077    G:0.23077
position  2:    T:0.23077    C:0.23077    A:0.26923    G:0.26923
position  3:    T:0.00000    C:0.42308    A:0.00000    G:0.57692
Average         T:0.15385    C:0.32051    A:0.16667    G:0.35897

#47: Cattle         
position  1:    T:0.23077    C:0.30769    A:0.23077    G:0.23077
position  2:    T:0.23077    C:0.23077    A:0.26923    G:0.26923
position  3:    T:0.00000    C:0.42308    A:0.03846    G:0.53846
Average         T:0.15385    C:0.32051    A:0.17949    G:0.34615

#48: RoyalAntelope  
position  1:    T:0.23077    C:0.30769    A:0.23077    G:0.23077
position  2:    T:0.23077    C:0.23077    A:0.26923    G:0.26923
position  3:    T:0.00000    C:0.42308    A:0.07692    G:0.50000
Average         T:0.15385    C:0.32051    A:0.19231    G:0.33333

#49: Steenbok       
position  1:    T:0.23077    C:0.30769    A:0.23077    G:0.23077
position  2:    T:0.19231    C:0.26923    A:0.30769    G:0.23077
position  3:    T:0.00000    C:0.42308    A:0.07692    G:0.50000
Average         T:0.14103    C:0.33333    A:0.20513    G:0.32051

#50: Impala         
position  1:    T:0.23077    C:0.30769    A:0.23077    G:0.23077
position  2:    T:0.23077    C:0.23077    A:0.26923    G:0.26923
position  3:    T:0.00000    C:0.42308    A:0.07692    G:0.50000
Average         T:0.15385    C:0.32051    A:0.19231    G:0.33333

#51: Klipspringer   
position  1:    T:0.23077    C:0.30769    A:0.23077    G:0.23077
position  2:    T:0.23077    C:0.23077    A:0.26923    G:0.26923
