1
52 1
Argali 0.000000 0.554900 0.286900 0.731100 0.165800 0.013700 0.167200 0.155800 0.283200 0.269300 0.062100 0.226000 0.159500 0.167500 0.173900 0.181800 0.244800 0.266700 0.087900 0.274600 0.206600 0.071500 0.294900 0.305200 0.042900 0.178400 0.164100 0.287800 0.151500 0.259300 0.270100 0.147200 0.307500 0.124000 0.141900 0.255200 0.057600 0.188600 0.181100 0.302400 0.280900 0.197400 0.271300 0.306200 0.245400 0.177200 0.186200 0.171000 0.193100 0.248600 0.280000 0.274400
LesserMous 0.554900 0.000000 0.581700 0.658700 0.534800 0.567200 0.564100 0.539800 0.561700 0.540700 0.535400 0.561100 0.577600 0.558100 0.530100 0.531100 0.525200 0.577600 0.517900 0.554100 0.572400 0.572200 0.604800 0.554000 0.547800 0.531300 0.574800 0.583100 0.538600 0.572600 0.559400 0.564700 0.547600 0.529700 0.550000 0.577500 0.549000 0.561300 0.499500 0.627500 0.566100 0.553400 0.555800 0.544800 0.566600 0.547200 0.562100 0.543000 0.540900 0.553800 0.557200 0.587000
LesserKudu 0.286900 0.581700 0.000000 0.690200 0.257100 0.282200 0.224100 0.275900 0.052700 0.223600 0.244500 0.169900 0.276500 0.230000 0.225800 0.280800 0.223800 0.238700 0.259100 0.043400 0.259600 0.267100 0.241900 0.246300 0.240100 0.242800 0.281100 0.062500 0.259300 0.043000 0.236100 0.214600 0.258000 0.249500 0.279700 0.152700 0.240500 0.292500 0.273300 0.256300 0.276000 0.256300 0.249200 0.248100 0.143300 0.281200 0.273600 0.259500 0.277800 0.260800 0.061900 0.043400
KillerWhal 0.731100 0.658700 0.690200 0.000000 0.740100 0.725200 0.735900 0.745400 0.687000 0.713200 0.721400 0.728900 0.807400 0.715400 0.681200 0.693800 0.747500 0.750000 0.700200 0.667300 0.756700 0.698100 0.784800 0.761000 0.694900 0.723600 0.810800 0.721800 0.710600 0.680100 0.738400 0.703000 0.734900 0.768000 0.761600 0.737400 0.718500 0.823500 0.743900 0.799600 0.762600 0.737600 0.750100 0.760300 0.713400 0.722800 0.733600 0.723400 0.736900 0.749400 0.656300 0.698200
DefassaWat 0.165800 0.534800 0.257100 0.740100 0.000000 0.172000 0.167600 0.177400 0.276800 0.232800 0.148100 0.213400 0.199500 0.153300 0.170100 0.171500 0.243400 0.259200 0.143600 0.268300 0.207200 0.173900 0.264000 0.256800 0.143800 0.178600 0.202700 0.281400 0.157800 0.265400 0.235200 0.153400 0.268200 0.163500 0.153800 0.253000 0.143900 0.075500 0.177400 0.264700 0.260300 0.208000 0.235200 0.246700 0.243500 0.188900 0.186900 0.173000 0.194200 0.260300 0.274200 0.268000
Sheep 0.013700 0.567200 0.282200 0.725200 0.172000 0.000000 0.173200 0.161900 0.278400 0.264500 0.057400 0.215500 0.154800 0.162800 0.169300 0.177200 0.251900 0.274000 0.083200 0.269800 0.202000 0.066900 0.290200 0.300400 0.038200 0.173800 0.159400 0.283000 0.146900 0.254500 0.265300 0.142500 0.302900 0.119200 0.137200 0.250400 0.052900 0.205600 0.176600 0.297800 0.276100 0.192800 0.266600 0.314200 0.240600 0.172600 0.181700 0.177400 0.188400 0.261400 0.275300 0.269600
MaxwellsDu 0.167200 0.564100 0.224100 0.735900 0.167600 0.173200 0.000000 0.173700 0.231500 0.228400 0.138500 0.203500 0.152400 0.079200 0.166300 0.178100 0.233700 0.243800 0.150300 0.222900 0.182700 0.164300 0.259800 0.252600 0.134100 0.164100 0.145600 0.224500 0.164000 0.220500 0.230700 0.074400 0.242100 0.127600 0.139400 0.243300 0.134200 0.211100 0.189300 0.272000 0.279300 0.172500 0.219800 0.265700 0.233700 0.158600 0.193100 0.179800 0.163300 0.274300 0.240700 0.222700
GazellaPrz 0.155800 0.539800 0.275900 0.745400 0.177400 0.161900 0.173700 0.000000 0.284600 0.244700 0.159600 0.231900 0.205000 0.169800 0.165300 0.106400 0.238700 0.259900 0.149900 0.276100 0.135500 0.163700 0.288800 0.299800 0.144400 0.092800 0.208000 0.289100 0.102400 0.261300 0.247200 0.154200 0.309700 0.168900 0.191600 0.248600 0.155300 0.210200 0.116500 0.288700 0.284700 0.120600 0.246900 0.294400 0.239100 0.185000 0.120600 0.179100 0.184200 0.266800 0.293600 0.275900
MountainNy 0.283200 0.561700 0.052700 0.687000 0.276800 0.278400 0.231500 0.284600 0.000000 0.231200 0.240600 0.165700 0.272400 0.225900 0.233300 0.289500 0.243000 0.246700 0.255200 0.029000 0.267800 0.263300 0.256000 0.266200 0.236200 0.251000 0.277100 0.048100 0.267400 0.038400 0.243900 0.210700 0.277400 0.233500 0.263700 0.148500 0.236500 0.307000 0.269700 0.275900 0.284300 0.252600 0.257100 0.255600 0.139000 0.265400 0.293900 0.255600 0.261700 0.268600 0.057500 0.038800
MuntiacusM 0.269300 0.540700 0.223600 0.713200 0.232800 0.264500 0.228400 0.244700 0.231200 0.000000 0.251500 0.226500 0.289600 0.219100 0.208900 0.249400 0.222000 0.220100 0.253500 0.222400 0.290400 0.255500 0.082700 0.082300 0.234900 0.241100 0.274200 0.212300 0.223300 0.220000 0.014100 0.236600 0.259100 0.250200 0.278300 0.237600 0.241600 0.284400 0.298100 0.113700 0.091700 0.272400 0.023100 0.090900 0.216200 0.287000 0.272100 0.224300 0.284100 0.249800 0.229000 0.222200
goat 0.062100 0.535400 0.244500 0.721400 0.148100 0.057400 0.138500 0.159600 0.240600 0.251500 0.000000 0.184200 0.130200 0.128300 0.156100 0.164200 0.215700 0.249300 0.074400 0.231800 0.178200 0.048100 0.283000 0.287600 0.019200 0.139000 0.134900 0.245300 0.133600 0.217200 0.252200 0.118600 0.278400 0.094700 0.108000 0.224900 0.013600 0.182000 0.152800 0.285200 0.268800 0.158100 0.253700 0.288900 0.215000 0.148700 0.168700 0.142100 0.152800 0.248400 0.250000 0.231600
AfricanBuf 0.226000 0.561100 0.169900 0.728900 0.213400 0.215500 0.203500 0.231900 0.165700 0.226500 0.184200 0.000000 0.215300 0.216900 0.229800 0.236800 0.203600 0.218400 0.180300 0.156500 0.247400 0.211800 0.258900 0.251300 0.179600 0.205100 0.218300 0.147900 0.221500 0.154800 0.228900 0.188800 0.239800 0.177500 0.194700 0.115900 0.179900 0.271800 0.237600 0.259500 0.267400 0.224500 0.240500 0.253300 0.106300 0.250400 0.241200 0.210800 0.228000 0.248000 0.175000 0.156500
Topi 0.159500 0.577600 0.276500 0.807400 0.199500 0.154800 0.152400 0.205000 0.272400 0.289600 0.130200 0.215300 0.000000 0.168300 0.197500 0.221900 0.246100 0.268300 0.125900 0.276300 0.224800 0.151000 0.314600 0.320400 0.120500 0.207400 0.023300 0.277000 0.195900 0.273200 0.290500 0.153600 0.280900 0.033300 0.096400 0.269000 0.125800 0.244700 0.209800 0.335200 0.337300 0.215300 0.291500 0.314200 0.259100 0.195100 0.226300 0.189000 0.183000 0.279900 0.294200 0.264000
CommonDuik 0.167500 0.558100 0.230000 0.715400 0.153300 0.162800 0.079200 0.169800 0.225900 0.219100 0.128300 0.216900 0.168300 0.000000 0.140300 0.174200 0.225100 0.246300 0.139900 0.217200 0.167100 0.143200 0.254900 0.247400 0.123800 0.170800 0.162300 0.218900 0.129000 0.226500 0.219800 0.060500 0.242500 0.132900 0.145600 0.233900 0.123900 0.186200 0.179100 0.274700 0.270400 0.168600 0.210700 0.266000 0.224300 0.133000 0.178800 0.174500 0.168900 0.227700 0.235400 0.228700
Suni 0.173900 0.530100 0.225800 0.681200 0.170100 0.169300 0.166300 0.165300 0.233300 0.208900 0.156100 0.229800 0.197500 0.140300 0.000000 0.202200 0.193500 0.241300 0.146200 0.224700 0.173500 0.155100 0.250000 0.272600 0.140700 0.177100 0.190900 0.237900 0.177200 0.222200 0.209500 0.151700 0.226400 0.171800 0.179000 0.200500 0.151800 0.187700 0.180000 0.275800 0.259800 0.185400 0.200600 0.267600 0.202400 0.202600 0.185300 0.137800 0.175500 0.217600 0.231200 0.224500
Springbuck 0.181800 0.531100 0.280800 0.693800 0.171500 0.177200 0.178100 0.106400 0.289500 0.249400 0.164200 0.236800 0.221900 0.174200 0.202200 0.000000 0.254500 0.264600 0.165400 0.281000 0.120500 0.179200 0.293700 0.280200 0.149000 0.063900 0.219400 0.281700 0.068400 0.277900 0.252000 0.164100 0.302400 0.185300 0.185200 0.271900 0.160000 0.215000 0.116200 0.293400 0.289500 0.095900 0.251500 0.281700 0.268000 0.184100 0.120300 0.183800 0.183400 0.307700 0.286200 0.280800
Okapi 0.244800 0.525200 0.223800 0.747500 0.243400 0.251900 0.233700 0.238700 0.243000 0.222000 0.215700 0.203600 0.246100 0.225100 0.193500 0.254500 0.000000 0.063700 0.200500 0.234400 0.242700 0.242900 0.253100 0.257300 0.211300 0.235000 0.248800 0.247500 0.228800 0.231900 0.224200 0.219400 0.218800 0.208900 0.219600 0.203600 0.211600 0.289000 0.255400 0.276700 0.261000 0.253800 0.224400 0.247100 0.211000 0.274800 0.259200 0.207900 0.235300 0.243800 0.229000 0.234300
Giraffe 0.266700 0.577600 0.238700 0.750000 0.259200 0.274000 0.243800 0.259900 0.246700 0.220100 0.249300 0.218400 0.268300 0.246300 0.241300 0.264600 0.063700 0.000000 0.245800 0.238200 0.286900 0.265000 0.262700 0.255400 0.233100 0.245000 0.270700 0.239500 0.238500 0.235600 0.222300 0.229600 0.222200 0.230400 0.246200 0.230000 0.245300 0.305100 0.288800 0.286100 0.270500 0.252700 0.222500 0.256500 0.226200 0.285100 0.286600 0.234100 0.281200 0.258300 0.243900 0.238100
TibetanAnt 0.087900 0.517900 0.259100 0.700200 0.143600 0.083200 0.150300 0.149900 0.255200 0.253500 0.074400 0.180300 0.125900 0.139900 0.146200 0.165400 0.200500 0.245800 0.000000 0.234100 0.179600 0.084200 0.272600 0.289800 0.064600 0.161900 0.130600 0.259800 0.145300 0.243500 0.254200 0.119500 0.245200 0.090200 0.098600 0.196900 0.069800 0.177600 0.154000 0.275000 0.258500 0.181200 0.255600 0.291300 0.187000 0.138800 0.159300 0.154300 0.153900 0.250500 0.264500 0.246100
Sitatunga 0.274600 0.554100 0.043400 0.667300 0.268300 0.269800 0.222900 0.276100 0.029000 0.222400 0.231800 0.156500 0.276300 0.217200 0.224700 0.281000 0.234400 0.238200 0.234100 0.000000 0.259400 0.242400 0.247300 0.257500 0.227300 0.242400 0.281000 0.038800 0.258800 0.029000 0.235100 0.202000 0.269300 0.236800 0.267400 0.128400 0.227600 0.304600 0.273400 0.267500 0.263500 0.256100 0.248500 0.259200 0.118800 0.250800 0.273600 0.246900 0.265400 0.260300 0.058200 0.027100
Oribi 0.206600 0.572400 0.259600 0.756700 0.207200 0.202000 0.182700 0.135500 0.267800 0.290400 0.178200 0.247400 0.224800 0.167100 0.173500 0.120500 0.242700 0.286900 0.179600 0.259400 0.000000 0.193200 0.334400 0.338200 0.163100 0.097000 0.223200 0.266800 0.121400 0.256600 0.291200 0.173600 0.322800 0.188600 0.195300 0.264500 0.174100 0.240600 0.114900 0.335100 0.344300 0.115100 0.280500 0.339000 0.255000 0.202800 0.139500 0.209000 0.203200 0.316100 0.276700 0.259300
BarbaryShe 0.071500 0.572200 0.267100 0.698100 0.173900 0.066900 0.164300 0.163700 0.263300 0.255500 0.048100 0.211800 0.151000 0.143200 0.155100 0.179200 0.242900 0.265000 0.084200 0.242400 0.193200 0.000000 0.299900 0.311100 0.028800 0.164700 0.155600 0.267900 0.148600 0.239500 0.256200 0.144200 0.282400 0.115100 0.117700 0.229100 0.043500 0.185500 0.167600 0.313900 0.273300 0.183900 0.257700 0.318000 0.219300 0.153000 0.172900 0.157300 0.168000 0.228800 0.278500 0.254300
Daviddeer 0.294900 0.604800 0.241900 0.784800 0.264000 0.290200 0.259800 0.288800 0.256000 0.082700 0.283000 0.258900 0.314600 0.254900 0.250000 0.293700 0.253100 0.262700 0.272600 0.247300 0.334400 0.299900 0.000000 0.097800 0.278600 0.285500 0.301000 0.248400 0.260900 0.250200 0.087900 0.256600 0.277200 0.286800 0.312200 0.258100 0.279000 0.317300 0.329800 0.119900 0.067100 0.317900 0.096600 0.096200 0.236200 0.325300 0.317600 0.291500 0.316300 0.287100 0.259200 0.252800
Reindeer 0.305200 0.554000 0.246300 0.761000 0.256800 0.300400 0.252600 0.299800 0.266200 0.082300 0.287600 0.251300 0.320400 0.247400 0.272600 0.280200 0.257300 0.255400 0.289800 0.257500 0.338200 0.311100 0.097800 0.000000 0.283200 0.289900 0.306800 0.258500 0.271100 0.254600 0.087500 0.273200 0.264800 0.292500 0.311000 0.281400 0.283500 0.315900 0.341200 0.134500 0.112700 0.310200 0.096100 0.061200 0.259200 0.303900 0.322500 0.266300 0.320600 0.279200 0.263600 0.257200
Ibex 0.042900 0.547800 0.240100 0.694900 0.143800 0.038200 0.134100 0.144400 0.236200 0.234900 0.019200 0.179600 0.120500 0.123800 0.140700 0.149000 0.211300 0.233100 0.064600 0.227300 0.163100 0.028800 0.278600 0.283200 0.000000 0.134500 0.125300 0.240900 0.118600 0.212700 0.235600 0.114100 0.274300 0.085000 0.098400 0.220400 0.013800 0.177700 0.148400 0.280900 0.264500 0.153700 0.237300 0.284600 0.210400 0.133600 0.153500 0.137500 0.148200 0.232100 0.245700 0.227100
GyrantGaze 0.178400 0.531300 0.242800 0.723600 0.178600 0.173800 0.164100 0.092800 0.251000 0.241100 0.139000 0.205100 0.207400 0.170800 0.177100 0.063900 0.235000 0.245000 0.161900 0.242400 0.097000 0.164700 0.285500 0.289900 0.134500 0.000000 0.205100 0.243600 0.064400 0.239700 0.243600 0.144700 0.294500 0.170800 0.181900 0.239600 0.145500 0.212000 0.097600 0.273700 0.281400 0.035800 0.243300 0.291300 0.235500 0.185900 0.106700 0.180500 0.174900 0.287200 0.248200 0.242200
Hartebeest 0.164100 0.574800 0.281100 0.810800 0.202700 0.159400 0.145600 0.208000 0.277100 0.274200 0.134900 0.218300 0.023300 0.162300 0.190900 0.219400 0.248800 0.270700 0.130600 0.281000 0.223200 0.155600 0.301000 0.306800 0.125300 0.205100 0.000000 0.275900 0.193800 0.277800 0.277200 0.146700 0.273600 0.037900 0.100400 0.271500 0.130600 0.247400 0.214200 0.319200 0.320900 0.201900 0.276200 0.300900 0.261800 0.199600 0.229000 0.193700 0.182300 0.284500 0.298800 0.268600
Bongo 0.287800 0.583100 0.062500 0.721800 0.281400 0.283000 0.224500 0.289100 0.048100 0.212300 0.245300 0.147900 0.277000 0.218900 0.237900 0.281700 0.247500 0.239500 0.259800 0.038800 0.266800 0.267900 0.248400 0.258500 0.240900 0.243600 0.275900 0.000000 0.248000 0.048200 0.224600 0.203800 0.281800 0.238200 0.268400 0.153100 0.235500 0.317400 0.286400 0.256400 0.276500 0.257100 0.237800 0.260100 0.143600 0.275400 0.286100 0.248100 0.278700 0.273200 0.077300 0.048700
Gerenuk 0.151500 0.538600 0.259300 0.710600 0.157800 0.146900 0.164000 0.102400 0.267400 0.223300 0.133600 0.221500 0.195900 0.129000 0.177200 0.068400 0.228800 0.238500 0.145300 0.258800 0.121400 0.148600 0.260900 0.271100 0.118600 0.064400 0.193800 0.248000 0.000000 0.256000 0.225600 0.144500 0.264700 0.159600 0.160400 0.256500 0.129300 0.190800 0.097500 0.267200 0.262800 0.082400 0.225800 0.272500 0.252500 0.164300 0.096900 0.191200 0.190800 0.256800 0.264900 0.270800
CommonElan 0.259300 0.572600 0.043000 0.680100 0.265400 0.254500 0.220500 0.261300 0.038400 0.220000 0.217200 0.154800 0.273200 0.226500 0.222200 0.277900 0.231900 0.235600 0.243500 0.029000 0.256600 0.239500 0.250200 0.254600 0.212700 0.239700 0.277800 0.048200 0.256000 0.000000 0.232500 0.199800 0.278100 0.234200 0.264400 0.137900 0.213000 0.301200 0.270400 0.264500 0.272600 0.253300 0.245700 0.256300 0.128300 0.271700 0.282400 0.244100 0.262400 0.269300 0.057600 0.029000
MuntiacusR 0.270100 0.559400 0.236100 0.738400 0.235200 0.265300 0.230700 0.247200 0.243900 0.014100 0.252200 0.228900 0.290500 0.219800 0.209500 0.252000 0.224200 0.222300 0.254200 0.235100 0.291200 0.256200 0.087900 0.087500 0.235600 0.243600 0.277200 0.224600 0.225600 0.232500 0.000000 0.239100 0.259800 0.250900 0.281300 0.240100 0.242300 0.287400 0.299000 0.109500 0.097500 0.275200 0.028000 0.096100 0.218400 0.287900 0.274900 0.224900 0.284600 0.250500 0.241500 0.234900
HarveysDui 0.147200 0.564700 0.214600 0.703000 0.153400 0.142500 0.074400 0.154200 0.210700 0.236600 0.118600 0.188800 0.153600 0.060500 0.151700 0.164100 0.219400 0.229600 0.119500 0.202000 0.173600 0.144200 0.256600 0.273200 0.114100 0.144700 0.146700 0.203800 0.144500 0.199800 0.239100 0.000000 0.249600 0.118200 0.140400 0.205400 0.114200 0.202100 0.159100 0.257300 0.264500 0.153000 0.239000 0.286400 0.195800 0.149600 0.163000 0.170400 0.154100 0.246800 0.219900 0.201800
Pronghorn 0.307500 0.547600 0.258000 0.734900 0.268200 0.302900 0.242100 0.309700 0.277400 0.259100 0.278400 0.239800 0.280900 0.242500 0.226400 0.302400 0.218800 0.222200 0.245200 0.269300 0.322800 0.282400 0.277200 0.264800 0.274300 0.294500 0.273600 0.281800 0.264700 0.278100 0.259800 0.249600 0.000000 0.254900 0.233000 0.251200 0.274600 0.325500 0.277500 0.302400 0.275300 0.267300 0.261100 0.254500 0.259100 0.286800 0.290200 0.253300 0.276300 0.249300 0.263400 0.280900
BlueWildeb 0.124000 0.529700 0.249500 0.768000 0.163500 0.119200 0.127600 0.168900 0.233500 0.250200 0.094700 0.177500 0.033300 0.132900 0.171800 0.185300 0.208900 0.230400 0.090200 0.236800 0.188600 0.115100 0.286800 0.292500 0.085000 0.170800 0.037900 0.238200 0.159600 0.234200 0.250900 0.118200 0.254900 0.000000 0.062300 0.229800 0.090200 0.208300 0.173700 0.307800 0.297000 0.179000 0.252400 0.287000 0.219900 0.159000 0.189800 0.152500 0.157400 0.241000 0.255000 0.236600
Gemsbok 0.141900 0.550000 0.279700 0.761600 0.153800 0.137200 0.139400 0.191600 0.263700 0.278300 0.108000 0.194700 0.096400 0.145600 0.179000 0.185200 0.219600 0.246200 0.098600 0.267400 0.195300 0.117700 0.312200 0.311000 0.098400 0.181900 0.100400 0.268400 0.160400 0.264400 0.281300 0.140400 0.233000 0.062300 0.000000 0.258200 0.103600 0.197100 0.159500 0.323300 0.307500 0.179400 0.268600 0.299400 0.248500 0.176800 0.200400 0.154300 0.159500 0.252900 0.285200 0.267100
Yak 0.255200 0.577500 0.152700 0.737400 0.253000 0.250400 0.243300 0.248600 0.148500 0.237600 0.224900 0.115900 0.269000 0.233900 0.200500 0.271900 0.203600 0.230000 0.196900 0.128400 0.264500 0.229100 0.258100 0.281400 0.220400 0.239600 0.271500 0.153100 0.256500 0.137900 0.240100 0.205400 0.251200 0.229800 0.258200 0.000000 0.220700 0.271100 0.254400 0.282200 0.266500 0.259200 0.251500 0.276300 0.018200 0.266900 0.252700 0.227800 0.269900 0.241400 0.152600 0.139300
BlueSheep 0.057600 0.549000 0.240500 0.718500 0.143900 0.052900 0.134200 0.155300 0.236500 0.241600 0.013600 0.179900 0.125800 0.123900 0.151800 0.160000 0.211600 0.245300 0.069800 0.227600 0.174100 0.043500 0.279000 0.283500 0.013800 0.145500 0.130600 0.235500 0.129300 0.213000 0.242300 0.114200 0.274600 0.090200 0.103600 0.220700 0.000000 0.177900 0.159400 0.275500 0.264800 0.164700 0.243900 0.285000 0.210700 0.144400 0.159300 0.132400 0.148400 0.244300 0.245900 0.227400
BohorReedb 0.188600 0.561300 0.292500 0.823500 0.075500 0.205600 0.211100 0.210200 0.307000 0.284400 0.182000 0.271800 0.244700 0.186200 0.187700 0.215000 0.289000 0.305100 0.177600 0.304600 0.240600 0.185500 0.317300 0.315900 0.177700 0.212000 0.247400 0.317400 0.190800 0.301200 0.287400 0.202100 0.325500 0.208300 0.197100 0.271100 0.177900 0.000000 0.189500 0.304700 0.301000 0.241400 0.286200 0.310200 0.267300 0.222100 0.199000 0.195900 0.239600 0.289700 0.309800 0.304400
KirksDik 0.181100 0.499500 0.273300 0.743900 0.177400 0.176600 0.189300 0.116500 0.269700 0.298100 0.152800 0.237600 0.209800 0.179100 0.180000 0.116200 0.255400 0.288800 0.154000 0.273400 0.114900 0.167600 0.329800 0.341200 0.148400 0.097600 0.214200 0.286400 0.097500 0.270400 0.299000 0.159100 0.277500 0.173700 0.159500 0.254400 0.159400 0.189500 0.000000 0.318800 0.327600 0.105800 0.299800 0.329300 0.244800 0.178300 0.101100 0.216400 0.171900 0.282100 0.290700 0.273200
RoeDeer 0.302400 0.627500 0.256300 0.799600 0.264700 0.297800 0.272000 0.288700 0.275900 0.113700 0.285200 0.259500 0.335200 0.274700 0.275800 0.293400 0.276700 0.286100 0.275000 0.267500 0.335100 0.313900 0.119900 0.134500 0.280900 0.273700 0.319200 0.256400 0.267200 0.264500 0.109500 0.257300 0.302400 0.307800 0.323300 0.282200 0.275500 0.304700 0.318800 0.000000 0.118500 0.304800 0.117200 0.137600 0.260800 0.332200 0.304400 0.281200 0.317600 0.294800 0.273200 0.267200
WhiteLippe 0.280900 0.566100 0.276000 0.762600 0.260300 0.276100 0.279300 0.284700 0.284300 0.091700 0.268800 0.267400 0.337300 0.270400 0.259800 0.289500 0.261000 0.270500 0.258500 0.263500 0.344300 0.273300 0.067100 0.112700 0.264500 0.281400 0.320900 0.276500 0.262800 0.272600 0.097500 0.264500 0.275300 0.297000 0.307500 0.266500 0.264800 0.301000 0.327600 0.118500 0.000000 0.313300 0.105400 0.126100 0.244800 0.316600 0.289300 0.277300 0.314000 0.285300 0.281500 0.275500
ThomsonGaz 0.197400 0.553400 0.256300 0.737600 0.208000 0.192800 0.172500 0.120600 0.252600 0.272400 0.158100 0.224500 0.215300 0.168600 0.185400 0.095900 0.253800 0.252700 0.181200 0.256100 0.115100 0.183900 0.317900 0.310200 0.153700 0.035800 0.201900 0.257100 0.082400 0.253300 0.275200 0.153000 0.267300 0.179000 0.179400 0.259200 0.164700 0.241400 0.105800 0.304800 0.313300 0.000000 0.262900 0.310900 0.255200 0.188800 0.124700 0.199600 0.193900 0.294800 0.261700 0.255800
MuntiacusC 0.271300 0.555800 0.249200 0.750100 0.235200 0.266600 0.219800 0.246900 0.257100 0.023100 0.253700 0.240500 0.291500 0.210700 0.200600 0.251500 0.224400 0.222500 0.255600 0.248500 0.280500 0.257700 0.096600 0.096100 0.237300 0.243300 0.276200 0.237800 0.225800 0.245700 0.028000 0.239000 0.261100 0.252400 0.268600 0.251500 0.243900 0.286200 0.299800 0.117200 0.105400 0.262900 0.000000 0.104500 0.230200 0.288900 0.274000 0.226700 0.286000 0.252100 0.254700 0.248200
WhiteTaile 0.306200 0.544800 0.248100 0.760300 0.246700 0.314200 0.265700 0.294400 0.255600 0.090900 0.288900 0.253300 0.314200 0.266000 0.267600 0.281700 0.247100 0.256500 0.291300 0.259200 0.339000 0.318000 0.096200 0.061200 0.284600 0.291300 0.300900 0.260100 0.272500 0.256300 0.096100 0.286400 0.254500 0.287000 0.299400 0.276300 0.285000 0.310200 0.329300 0.137600 0.126100 0.310900 0.104500 0.000000 0.266900 0.311300 0.323500 0.267100 0.309000 0.250100 0.265000 0.259000
Cattle 0.245400 0.566600 0.143300 0.713400 0.243500 0.240600 0.233700 0.239100 0.139000 0.216200 0.215000 0.106300 0.259100 0.224300 0.202400 0.268000 0.211000 0.226200 0.187000 0.118800 0.255000 0.219300 0.236200 0.259200 0.210400 0.235500 0.261800 0.143600 0.252500 0.128300 0.218400 0.195800 0.259100 0.219900 0.248500 0.018200 0.210700 0.267300 0.244800 0.260800 0.244800 0.255200 0.230200 0.266900 0.000000 0.257300 0.243200 0.218000 0.260000 0.243700 0.148400 0.129700
RoyalAntel 0.177200 0.547200 0.281200 0.722800 0.188900 0.172600 0.158600 0.185000 0.265400 0.287000 0.148700 0.250400 0.195100 0.133000 0.202600 0.184100 0.274800 0.285100 0.138800 0.250800 0.202800 0.153000 0.325300 0.303900 0.133600 0.185900 0.199600 0.275400 0.164300 0.271700 0.287900 0.149600 0.286800 0.159000 0.176800 0.266900 0.144400 0.222100 0.178300 0.332200 0.316600 0.188800 0.288900 0.311300 0.257300 0.000000 0.193700 0.212200 0.179200 0.278400 0.286600 0.268800
Steenbok 0.186200 0.562100 0.273600 0.733600 0.186900 0.181700 0.193100 0.120600 0.293900 0.272100 0.168700 0.241200 0.226300 0.178800 0.185300 0.120300 0.259200 0.286600 0.159300 0.273600 0.139500 0.172900 0.317600 0.322500 0.153500 0.106700 0.229000 0.286100 0.096900 0.282400 0.274900 0.163000 0.290200 0.189800 0.200400 0.252700 0.159300 0.199000 0.101100 0.304400 0.289300 0.124700 0.274000 0.323500 0.243200 0.193700 0.000000 0.205100 0.193900 0.282700 0.278900 0.285400
Impala 0.171000 0.543000 0.259500 0.723400 0.173000 0.177400 0.179800 0.179100 0.255600 0.224300 0.142100 0.210800 0.189000 0.174500 0.137800 0.183800 0.207900 0.234100 0.154300 0.246900 0.209000 0.157300 0.291500 0.266300 0.137500 0.180500 0.193700 0.248100 0.191200 0.244100 0.224900 0.170400 0.253300 0.152500 0.154300 0.227800 0.132400 0.195900 0.216400 0.281200 0.277300 0.199600 0.226700 0.267100 0.218000 0.212200 0.205100 0.000000 0.206700 0.239100 0.264900 0.246700
Klipspring 0.193100 0.540900 0.277800 0.736900 0.194200 0.188400 0.163300 0.184200 0.261700 0.284100 0.152800 0.228000 0.183000 0.168900 0.175500 0.183400 0.235300 0.281200 0.153900 0.265400 0.203200 0.168000 0.316300 0.320600 0.148200 0.174900 0.182300 0.278700 0.190800 0.262400 0.284600 0.154100 0.276300 0.157400 0.159500 0.269900 0.148400 0.239600 0.171900 0.317600 0.314000 0.193900 0.286000 0.309000 0.260000 0.179200 0.193900 0.206700 0.000000 0.261900 0.253400 0.265200
ForestMusk 0.248600 0.553800 0.260800 0.749400 0.260300 0.261400 0.274300 0.266800 0.268600 0.249800 0.248400 0.248000 0.279900 0.227700 0.217600 0.307700 0.243800 0.258300 0.250500 0.260300 0.316100 0.228800 0.287100 0.279200 0.232100 0.287200 0.284500 0.273200 0.256800 0.269300 0.250500 0.246800 0.249300 0.241000 0.252900 0.241400 0.244300 0.289700 0.282100 0.294800 0.285300 0.294800 0.252100 0.250100 0.243700 0.278400 0.282700 0.239100 0.261900 0.000000 0.272700 0.272000
Bushbuck 0.280000 0.557200 0.061900 0.656300 0.274200 0.275300 0.240700 0.293600 0.057500 0.229000 0.250000 0.175000 0.294200 0.235400 0.231200 0.286200 0.229000 0.243900 0.264500 0.058200 0.276700 0.278500 0.259200 0.263600 0.245700 0.248200 0.298800 0.077300 0.264900 0.057600 0.241500 0.219900 0.263400 0.255000 0.285200 0.152600 0.245900 0.309800 0.290700 0.273200 0.281500 0.261700 0.254700 0.265000 0.148400 0.286600 0.278900 0.264900 0.253400 0.272700 0.000000 0.058200
GreaterKud 0.274400 0.587000 0.043400 0.698200 0.268000 0.269600 0.222700 0.275900 0.038800 0.222200 0.231600 0.156500 0.264000 0.228700 0.224500 0.280800 0.234300 0.238100 0.246100 0.027100 0.259300 0.254300 0.252800 0.257200 0.227100 0.242200 0.268600 0.048700 0.270800 0.029000 0.234900 0.201800 0.280900 0.236600 0.267100 0.139300 0.227400 0.304400 0.273200 0.267200 0.275500 0.255800 0.248200 0.259000 0.129700 0.268800 0.285400 0.246700 0.265200 0.272000 0.058200 0.000000
