1
52 1
Argali 0.000000 0.359600 0.156500 0.204700 0.121300 0.000000 0.127800 0.100900 0.131500 0.158300 0.048400 0.132600 0.048400 0.129600 0.076300 0.100900 0.268800 0.195800 0.118400 0.101500 0.074900 0.048400 0.164400 0.162600 0.048400 0.074100 0.048400 0.131500 0.101700 0.102400 0.159400 0.129900 0.212000 0.023600 0.101000 0.103500 0.049800 0.122400 0.050800 0.164000 0.191600 0.074100 0.158300 0.161300 0.076000 0.048600 0.049000 0.163700 0.105900 0.153100 0.131500 0.130800
LesserMous 0.359600 0.000000 0.298700 0.216100 0.465900 0.359600 0.334800 0.298400 0.343800 0.229300 0.292800 0.266600 0.292800 0.409800 0.266200 0.298400 0.294800 0.206800 0.403600 0.376000 0.261900 0.292800 0.240300 0.231900 0.292800 0.334400 0.292800 0.343800 0.299200 0.298300 0.231700 0.339200 0.294900 0.394900 0.377100 0.229400 0.299200 0.428900 0.373100 0.317200 0.273600 0.334400 0.229300 0.233900 0.263700 0.292400 0.364800 0.311200 0.314900 0.370700 0.343800 0.266600
LesserKudu 0.156500 0.298700 0.000000 0.210700 0.238400 0.156500 0.131400 0.103900 0.077300 0.105500 0.102500 0.078900 0.102500 0.191200 0.078400 0.103900 0.142700 0.140200 0.180400 0.103200 0.077300 0.102500 0.109600 0.108300 0.102500 0.131400 0.102500 0.077300 0.104400 0.050300 0.106200 0.133400 0.188600 0.184900 0.160500 0.051500 0.104900 0.181200 0.106700 0.169300 0.136800 0.131400 0.105500 0.107400 0.078000 0.102500 0.131000 0.108200 0.108300 0.157200 0.077300 0.025100
KillerWhal 0.204700 0.216100 0.210700 0.000000 0.364400 0.204700 0.243800 0.210600 0.182800 0.179400 0.207200 0.118000 0.207200 0.245900 0.180100 0.210600 0.228700 0.155800 0.220800 0.211900 0.179000 0.207200 0.186900 0.181900 0.207200 0.243700 0.207200 0.182800 0.212500 0.147600 0.181200 0.248200 0.242400 0.171600 0.278800 0.149700 0.212500 0.295900 0.218300 0.256600 0.217100 0.243700 0.179400 0.183200 0.181400 0.221900 0.208300 0.245000 0.217900 0.203600 0.182800 0.181700
DefassaWat 0.121300 0.465900 0.238400 0.364400 0.000000 0.121300 0.208100 0.179200 0.274600 0.240600 0.122600 0.215000 0.122600 0.273500 0.154100 0.179200 0.395600 0.310300 0.199200 0.265200 0.152100 0.122600 0.249300 0.247500 0.122600 0.150200 0.122600 0.274600 0.179900 0.240500 0.242600 0.211800 0.323700 0.147600 0.179900 0.183000 0.123700 0.044800 0.184800 0.248800 0.277300 0.150200 0.240600 0.245000 0.153300 0.122600 0.178000 0.247700 0.186000 0.233800 0.274600 0.211700
Sheep 0.000000 0.359600 0.156500 0.204700 0.121300 0.000000 0.127800 0.100900 0.131500 0.158300 0.048400 0.132600 0.048400 0.129600 0.076300 0.100900 0.268800 0.195800 0.118400 0.101500 0.075100 0.048400 0.164400 0.162600 0.048400 0.074100 0.048400 0.131500 0.101700 0.102400 0.159400 0.129900 0.212000 0.023600 0.101000 0.103500 0.049800 0.122400 0.050800 0.164000 0.191600 0.074100 0.158300 0.161300 0.076000 0.048600 0.049000 0.163700 0.105900 0.153100 0.131500 0.130800
MaxwellsDu 0.127800 0.334800 0.131400 0.243800 0.208100 0.127800 0.000000 0.024600 0.163900 0.133300 0.075200 0.106800 0.075200 0.103300 0.051300 0.024600 0.173900 0.109100 0.091500 0.191400 0.050400 0.075200 0.138700 0.107800 0.074100 0.048900 0.075200 0.163900 0.024800 0.132700 0.134300 0.050000 0.251000 0.155400 0.130900 0.078200 0.077300 0.152200 0.136200 0.108600 0.166200 0.049800 0.133300 0.106900 0.105500 0.075500 0.130600 0.137200 0.137500 0.128200 0.163900 0.105500
GazellaPrz 0.100900 0.298400 0.103900 0.210600 0.179200 0.100900 0.024600 0.000000 0.134700 0.105600 0.049700 0.079100 0.048700 0.131700 0.025400 0.000000 0.209200 0.140300 0.121500 0.161500 0.025000 0.049700 0.109800 0.108500 0.049700 0.024600 0.049700 0.134700 0.000100 0.104800 0.106400 0.077300 0.219600 0.127600 0.103400 0.051700 0.051000 0.125300 0.107500 0.109200 0.137000 0.023800 0.105600 0.107500 0.078200 0.049800 0.103000 0.108400 0.108700 0.101300 0.134700 0.078200
MountainNy 0.131500 0.343800 0.077300 0.182800 0.274600 0.131500 0.163900 0.134700 0.000000 0.136200 0.132800 0.109200 0.132800 0.165600 0.108500 0.134700 0.177800 0.174300 0.217000 0.024800 0.106900 0.132800 0.142000 0.140100 0.132800 0.163900 0.132800 0.000000 0.135400 0.025300 0.137300 0.166600 0.223800 0.160000 0.194600 0.080100 0.136000 0.213400 0.080800 0.205600 0.170000 0.163900 0.136200 0.139000 0.108000 0.132800 0.105400 0.111200 0.140600 0.190600 0.000000 0.051800
MuntiacusM 0.158300 0.229300 0.105500 0.179400 0.240600 0.158300 0.133300 0.105600 0.136200 0.000000 0.104200 0.078400 0.104200 0.192500 0.079700 0.105600 0.167400 0.101300 0.185500 0.163000 0.078600 0.104200 0.054000 0.053600 0.104200 0.133200 0.104200 0.136200 0.106100 0.105900 0.052300 0.135200 0.161300 0.186400 0.163000 0.052500 0.106800 0.184000 0.168100 0.110300 0.025900 0.133200 0.000000 0.052800 0.079400 0.104300 0.160600 0.109800 0.110200 0.159500 0.136200 0.079400
goat 0.048400 0.292800 0.102500 0.207200 0.122600 0.048400 0.075200 0.049700 0.132800 0.104200 0.000000 0.078100 0.000000 0.129900 0.025100 0.049000 0.205700 0.138200 0.062500 0.159200 0.024700 0.000000 0.108100 0.106900 0.000000 0.075000 0.000000 0.132800 0.050100 0.103300 0.105000 0.076300 0.216500 0.073400 0.049600 0.051000 0.000100 0.072200 0.106000 0.107500 0.135000 0.075200 0.104200 0.106000 0.077200 0.000100 0.101700 0.106800 0.052100 0.100000 0.132800 0.077100
AfricanBuf 0.132600 0.266600 0.078900 0.118000 0.215000 0.132600 0.106800 0.079100 0.109200 0.078400 0.078100 0.000000 0.078100 0.166600 0.053100 0.079100 0.181100 0.113600 0.093700 0.136300 0.052400 0.078100 0.083400 0.082400 0.078100 0.106700 0.078100 0.109200 0.079500 0.079700 0.080900 0.108500 0.194400 0.104000 0.135900 0.026200 0.079900 0.157500 0.140800 0.143100 0.109600 0.106700 0.078400 0.081700 0.052900 0.078100 0.135000 0.082600 0.082500 0.077100 0.109200 0.052900
Topi 0.048400 0.292800 0.102500 0.207200 0.122600 0.048400 0.075200 0.048700 0.132800 0.104200 0.000000 0.078100 0.000000 0.129900 0.025100 0.049700 0.205700 0.138200 0.062500 0.159200 0.024700 0.000000 0.108100 0.106900 0.000000 0.075200 0.000000 0.132800 0.050100 0.103300 0.105000 0.076300 0.216500 0.073400 0.049600 0.051000 0.000100 0.072200 0.106000 0.107500 0.135000 0.075500 0.104200 0.106000 0.077200 0.000100 0.101700 0.106800 0.052100 0.100000 0.132800 0.077100
CommonDuik 0.129600 0.409800 0.191200 0.245900 0.273500 0.129600 0.103300 0.131700 0.165600 0.192500 0.129900 0.166600 0.129900 0.000000 0.106300 0.131700 0.239900 0.168300 0.151300 0.194000 0.104500 0.129900 0.200700 0.166700 0.129900 0.160600 0.129900 0.165600 0.132700 0.134100 0.194100 0.050000 0.250300 0.158100 0.190900 0.135100 0.133400 0.211100 0.138100 0.168700 0.229100 0.160600 0.192500 0.165400 0.164700 0.130300 0.132800 0.200400 0.200400 0.187000 0.165600 0.164200
Suni 0.076300 0.266200 0.078400 0.180100 0.154100 0.076300 0.051300 0.025400 0.108500 0.079700 0.025100 0.053100 0.025100 0.106300 0.000000 0.025400 0.179900 0.112800 0.092000 0.135100 0.000100 0.025100 0.082900 0.081800 0.025100 0.051300 0.025100 0.108500 0.025500 0.079200 0.080300 0.052100 0.192800 0.102800 0.078300 0.026000 0.025500 0.100800 0.081100 0.082400 0.110200 0.051300 0.079700 0.081200 0.052500 0.025000 0.077700 0.081900 0.081400 0.076500 0.108500 0.052600
Springbuck 0.100900 0.298400 0.103900 0.210600 0.179200 0.100900 0.024600 0.000000 0.134700 0.105600 0.049000 0.079100 0.049700 0.131700 0.025400 0.000000 0.209200 0.140300 0.121500 0.161500 0.025000 0.049700 0.109800 0.108500 0.049700 0.024000 0.049700 0.134700 0.000100 0.104800 0.106400 0.077300 0.219600 0.127600 0.103400 0.051700 0.051000 0.125300 0.107500 0.109200 0.137000 0.024600 0.105600 0.107500 0.078200 0.049800 0.103000 0.108400 0.108700 0.101300 0.134700 0.078200
Okapi 0.268800 0.294800 0.142700 0.228700 0.395600 0.268800 0.173900 0.209200 0.177800 0.167400 0.205700 0.181100 0.205700 0.239900 0.179900 0.209200 0.000000 0.056200 0.253100 0.204200 0.177300 0.205700 0.175600 0.137400 0.205700 0.242300 0.205700 0.177800 0.210400 0.143500 0.168900 0.176700 0.172000 0.302500 0.262600 0.147500 0.210900 0.323500 0.213800 0.209700 0.206800 0.242300 0.167400 0.137100 0.178900 0.205800 0.238200 0.218800 0.218900 0.272700 0.177800 0.114700
Giraffe 0.195800 0.206800 0.140200 0.155800 0.310300 0.195800 0.109100 0.140300 0.174300 0.101300 0.138200 0.113600 0.138200 0.168300 0.112800 0.140300 0.056200 0.000000 0.181300 0.200200 0.111200 0.138200 0.106100 0.070800 0.138200 0.170000 0.138200 0.174300 0.141000 0.140800 0.102100 0.110600 0.137200 0.226000 0.202500 0.083500 0.141700 0.245600 0.209600 0.137700 0.136200 0.170000 0.101300 0.071600 0.112200 0.138200 0.198900 0.146200 0.146800 0.198200 0.174300 0.112600
TibetanAnt 0.118400 0.403600 0.180400 0.220800 0.199200 0.118400 0.091500 0.121500 0.217000 0.185500 0.062500 0.093700 0.062500 0.151300 0.092000 0.121500 0.253100 0.181300 0.000000 0.245200 0.093100 0.062500 0.193500 0.158200 0.062500 0.150700 0.062500 0.217000 0.121200 0.182300 0.186900 0.093100 0.306700 0.089700 0.121700 0.123000 0.062500 0.141800 0.186500 0.160500 0.222300 0.150700 0.185500 0.157800 0.152900 0.061700 0.179600 0.187800 0.124500 0.115000 0.217000 0.153100
Sitatunga 0.101500 0.376000 0.103200 0.211900 0.265200 0.101500 0.191400 0.161500 0.024800 0.163000 0.159200 0.136300 0.159200 0.194000 0.135100 0.161500 0.204200 0.200200 0.245200 0.000000 0.133300 0.159200 0.169600 0.167600 0.159200 0.131300 0.159200 0.024800 0.162200 0.050700 0.164200 0.194600 0.185600 0.128600 0.222900 0.106300 0.163000 0.267000 0.051900 0.234500 0.197600 0.131300 0.163000 0.166200 0.077900 0.159100 0.076300 0.138600 0.168600 0.218300 0.024800 0.077700
Oribi 0.074900 0.261900 0.077300 0.179000 0.152100 0.075100 0.050400 0.025000 0.106900 0.078600 0.024700 0.052400 0.024700 0.104500 0.000100 0.025000 0.177300 0.111200 0.093100 0.133300 0.000000 0.024700 0.081800 0.080700 0.024700 0.050400 0.024700 0.106900 0.025200 0.078100 0.079100 0.050000 0.190200 0.101200 0.075700 0.025700 0.025300 0.099400 0.080100 0.081400 0.108700 0.050400 0.078600 0.080000 0.051800 0.024700 0.076700 0.080700 0.080800 0.075300 0.106900 0.051800
BarbaryShe 0.048400 0.292800 0.102500 0.207200 0.122600 0.048400 0.075200 0.049700 0.132800 0.104200 0.000000 0.078100 0.000000 0.129900 0.025100 0.049700 0.205700 0.138200 0.062500 0.159200 0.024700 0.000000 0.108100 0.106900 0.000000 0.075200 0.000000 0.132800 0.050100 0.103300 0.105000 0.076300 0.216500 0.073400 0.049600 0.051000 0.000100 0.072200 0.106000 0.107500 0.135000 0.075200 0.104200 0.106000 0.077200 0.000100 0.101700 0.106800 0.052100 0.100000 0.132800 0.077100
Daviddeer 0.164400 0.240300 0.109600 0.186900 0.249300 0.164400 0.138700 0.109800 0.142000 0.054000 0.108100 0.083400 0.108100 0.200700 0.082900 0.109800 0.175600 0.106100 0.193500 0.169600 0.081800 0.108100 0.000000 0.055700 0.108100 0.138600 0.108100 0.142000 0.110300 0.110500 0.054400 0.140700 0.167600 0.193800 0.169300 0.054600 0.110700 0.190400 0.176000 0.055900 0.027200 0.138600 0.054000 0.055600 0.082500 0.108200 0.167500 0.114500 0.114000 0.165800 0.142000 0.082700
Reindeer 0.162600 0.231900 0.108300 0.181900 0.247500 0.162600 0.107800 0.108500 0.140100 0.053600 0.106900 0.082400 0.106900 0.166700 0.081800 0.108500 0.137400 0.070800 0.158200 0.167600 0.080700 0.106900 0.055700 0.000000 0.106900 0.137000 0.106900 0.140100 0.109000 0.108900 0.054000 0.109300 0.165900 0.191600 0.167600 0.053900 0.109500 0.188900 0.173400 0.054900 0.083300 0.137000 0.053600 0.000100 0.081500 0.107000 0.165300 0.112900 0.113000 0.164000 0.140100 0.081600
Ibex 0.048400 0.292800 0.102500 0.207200 0.122600 0.048400 0.074100 0.049700 0.132800 0.104200 0.000000 0.078100 0.000000 0.129900 0.025100 0.049700 0.205700 0.138200 0.062500 0.159200 0.024700 0.000000 0.108100 0.106900 0.000000 0.075200 0.000000 0.132800 0.050100 0.103300 0.105000 0.076300 0.216500 0.073400 0.049600 0.051000 0.000100 0.072200 0.106000 0.107500 0.135000 0.075200 0.104200 0.106000 0.077200 0.000100 0.101700 0.106800 0.052100 0.100000 0.132800 0.077100
GyrantGaze 0.074100 0.334400 0.131400 0.243700 0.150200 0.074100 0.048900 0.024600 0.163900 0.133200 0.075000 0.106700 0.075200 0.160600 0.051300 0.024000 0.242300 0.170000 0.150700 0.131300 0.050400 0.075200 0.138600 0.137000 0.075200 0.000000 0.075000 0.163900 0.024800 0.132700 0.134200 0.104400 0.186800 0.100000 0.130900 0.078200 0.077300 0.152200 0.078800 0.138100 0.166100 0.000000 0.133200 0.135800 0.051000 0.075500 0.075700 0.137100 0.137500 0.128200 0.163900 0.105500
Hartebeest 0.048400 0.292800 0.102500 0.207200 0.122600 0.048400 0.075200 0.049700 0.132800 0.104200 0.000000 0.078100 0.000000 0.129900 0.025100 0.049700 0.205700 0.138200 0.062500 0.159200 0.024700 0.000000 0.108100 0.106900 0.000000 0.075000 0.000000 0.132800 0.050100 0.103300 0.105000 0.076300 0.216500 0.073400 0.049600 0.051000 0.000100 0.072200 0.106000 0.107500 0.135000 0.074500 0.104200 0.106000 0.077200 0.000100 0.101700 0.106800 0.052100 0.100000 0.132800 0.077100
Bongo 0.131500 0.343800 0.077300 0.182800 0.274600 0.131500 0.163900 0.134700 0.000000 0.136200 0.132800 0.109200 0.132800 0.165600 0.108500 0.134700 0.177800 0.174300 0.217000 0.024800 0.106900 0.132800 0.142000 0.140100 0.132800 0.163900 0.132800 0.000000 0.135400 0.025300 0.137300 0.166600 0.223800 0.160000 0.194600 0.080100 0.136000 0.213400 0.080800 0.205600 0.170000 0.163900 0.136200 0.139000 0.108000 0.132800 0.105400 0.111200 0.140600 0.190600 0.000000 0.051800
Gerenuk 0.101700 0.299200 0.104400 0.212500 0.179900 0.101700 0.024800 0.000100 0.135400 0.106100 0.050100 0.079500 0.050100 0.132700 0.025500 0.000100 0.210400 0.141000 0.121200 0.162200 0.025200 0.050100 0.110300 0.109000 0.050100 0.024800 0.050100 0.135400 0.000000 0.105300 0.106900 0.077900 0.220300 0.128500 0.104300 0.051900 0.051200 0.125700 0.107900 0.109700 0.137600 0.024800 0.106100 0.108100 0.078600 0.050000 0.103400 0.108800 0.109300 0.101700 0.135400 0.078600
CommonElan 0.102400 0.298300 0.050300 0.147600 0.240500 0.102400 0.132700 0.104800 0.025300 0.105900 0.103300 0.079700 0.103300 0.134100 0.079200 0.104800 0.143500 0.140800 0.182300 0.050700 0.078100 0.103300 0.110500 0.108900 0.103300 0.132700 0.103300 0.025300 0.105300 0.000000 0.106800 0.134800 0.189700 0.129700 0.161900 0.052000 0.105700 0.182300 0.052500 0.171100 0.137600 0.132700 0.105900 0.108200 0.078800 0.103300 0.077100 0.109600 0.109000 0.158400 0.025300 0.025300
MuntiacusR 0.159400 0.231700 0.106200 0.181200 0.242600 0.159400 0.134300 0.106400 0.137300 0.052300 0.105000 0.080900 0.105000 0.194100 0.080300 0.106400 0.168900 0.102100 0.186900 0.164200 0.079100 0.105000 0.054400 0.054000 0.105000 0.134200 0.105000 0.137300 0.106900 0.106800 0.000000 0.136200 0.104100 0.187800 0.164300 0.052900 0.107500 0.185400 0.169800 0.111200 0.081400 0.134200 0.052300 0.052900 0.080000 0.105000 0.161900 0.110700 0.111000 0.160700 0.137300 0.080000
HarveysDui 0.129900 0.339200 0.133400 0.248200 0.211800 0.129900 0.050000 0.077300 0.166600 0.135200 0.076300 0.108500 0.076300 0.050000 0.052100 0.077300 0.176700 0.110600 0.093100 0.194600 0.050000 0.076300 0.140700 0.109300 0.076300 0.104400 0.076300 0.166600 0.077900 0.134800 0.136200 0.000000 0.255500 0.157900 0.132900 0.079500 0.078400 0.154700 0.138500 0.110200 0.168700 0.104400 0.135200 0.108400 0.107200 0.076600 0.132800 0.139400 0.139900 0.130300 0.166600 0.107100
Pronghorn 0.212000 0.294900 0.188600 0.242400 0.323700 0.212000 0.251000 0.219600 0.223800 0.161300 0.216500 0.194400 0.216500 0.250300 0.192800 0.219600 0.172000 0.137200 0.306700 0.185600 0.190200 0.216500 0.167600 0.165900 0.216500 0.186800 0.216500 0.223800 0.220300 0.189700 0.104100 0.255500 0.000000 0.241800 0.285300 0.162600 0.221400 0.328900 0.193800 0.231000 0.195400 0.186800 0.161300 0.164300 0.131900 0.216400 0.155700 0.228500 0.230300 0.279500 0.223800 0.161900
BlueWildeb 0.023600 0.394900 0.184900 0.171600 0.147600 0.023600 0.155400 0.127600 0.160000 0.186400 0.073400 0.104000 0.073400 0.158100 0.102800 0.127600 0.302500 0.226000 0.089700 0.128600 0.101200 0.073400 0.193800 0.191600 0.073400 0.100000 0.073400 0.160000 0.128500 0.129700 0.187800 0.157900 0.241800 0.000000 0.127700 0.130700 0.075300 0.148600 0.077200 0.193600 0.221300 0.100000 0.186400 0.190100 0.102400 0.073600 0.074400 0.193400 0.133700 0.124900 0.160000 0.158800
Gemsbok 0.101000 0.377100 0.160500 0.278800 0.179900 0.101000 0.130900 0.103400 0.194600 0.163000 0.049600 0.135900 0.049600 0.190900 0.078300 0.103400 0.262600 0.202500 0.121700 0.222900 0.075700 0.049600 0.169300 0.167600 0.049600 0.130900 0.049600 0.194600 0.104300 0.161900 0.164300 0.132900 0.285300 0.127700 0.000000 0.106200 0.051000 0.125600 0.166400 0.168600 0.197500 0.130900 0.163000 0.166000 0.134300 0.049800 0.159800 0.167800 0.108700 0.156600 0.194600 0.134100
Yak 0.103500 0.229400 0.051500 0.149700 0.183000 0.103500 0.078200 0.051700 0.080100 0.052500 0.051000 0.026200 0.051000 0.135100 0.026000 0.051700 0.147500 0.083500 0.123000 0.106300 0.025700 0.051000 0.054600 0.053900 0.051000 0.078200 0.051000 0.080100 0.051900 0.052000 0.052900 0.079500 0.162600 0.130700 0.106200 0.000000 0.052200 0.128200 0.109900 0.112000 0.081600 0.078200 0.052500 0.053500 0.026000 0.051000 0.105300 0.053900 0.053800 0.103700 0.080100 0.025900
BlueSheep 0.049800 0.299200 0.104900 0.212500 0.123700 0.049800 0.077300 0.051000 0.136000 0.106800 0.000100 0.079900 0.000100 0.133400 0.025500 0.051000 0.210900 0.141700 0.062500 0.163000 0.025300 0.000100 0.110700 0.109500 0.000100 0.077300 0.000100 0.136000 0.051200 0.105700 0.107500 0.078400 0.221400 0.075300 0.051000 0.052200 0.000000 0.070800 0.108300 0.110000 0.138200 0.077300 0.106800 0.108500 0.079000 0.000200 0.104000 0.109400 0.053500 0.102400 0.136000 0.079000
BohorReedb 0.122400 0.428900 0.181200 0.295900 0.044800 0.122400 0.152200 0.125300 0.213400 0.184000 0.072200 0.157500 0.072200 0.211100 0.100800 0.125300 0.323500 0.245600 0.141800 0.267000 0.099400 0.072200 0.190400 0.188900 0.072200 0.152200 0.072200 0.213400 0.125700 0.182300 0.185400 0.154700 0.328900 0.148600 0.125600 0.128200 0.070800 0.000000 0.212400 0.189200 0.217700 0.152200 0.184000 0.186800 0.155600 0.072200 0.179300 0.187800 0.128700 0.177100 0.213400 0.155400
KirksDik 0.050800 0.373100 0.106700 0.218300 0.184800 0.050800 0.136200 0.107500 0.080800 0.168100 0.106000 0.140800 0.106000 0.138100 0.081100 0.107500 0.213800 0.209600 0.186500 0.051900 0.080100 0.106000 0.176000 0.173400 0.106000 0.078800 0.106000 0.080800 0.107900 0.052500 0.169800 0.138500 0.193800 0.077200 0.166400 0.109900 0.108300 0.212400 0.000000 0.175700 0.204500 0.078800 0.168100 0.172200 0.080600 0.105900 0.025500 0.174900 0.173700 0.162700 0.080800 0.080500
RoeDeer 0.164000 0.317200 0.169300 0.256600 0.248800 0.164000 0.108600 0.109200 0.205600 0.110300 0.107500 0.143100 0.107500 0.168700 0.082400 0.109200 0.209700 0.137700 0.160500 0.234500 0.081400 0.107500 0.055900 0.054900 0.107500 0.138100 0.107500 0.205600 0.109700 0.171100 0.111200 0.110200 0.231000 0.193600 0.168600 0.112000 0.110000 0.189200 0.175700 0.000000 0.083500 0.138100 0.110300 0.054400 0.141500 0.107600 0.167400 0.177100 0.176000 0.165000 0.205600 0.142000
WhiteLippe 0.191600 0.273600 0.136800 0.217100 0.277300 0.191600 0.166200 0.137000 0.170000 0.025900 0.135000 0.109600 0.135000 0.229100 0.110200 0.137000 0.206800 0.136200 0.222300 0.197600 0.108700 0.135000 0.027200 0.083300 0.135000 0.166100 0.135000 0.170000 0.137600 0.137600 0.081400 0.168700 0.195400 0.221300 0.197500 0.081600 0.138200 0.217700 0.204500 0.083500 0.000000 0.166100 0.025900 0.082200 0.109700 0.135000 0.194900 0.142600 0.142700 0.193400 0.170000 0.109900
ThomsonGaz 0.074100 0.334400 0.131400 0.243700 0.150200 0.074100 0.049800 0.023800 0.163900 0.133200 0.075200 0.106700 0.075500 0.160600 0.051300 0.024600 0.242300 0.170000 0.150700 0.131300 0.050400 0.075200 0.138600 0.137000 0.075200 0.000000 0.074500 0.163900 0.024800 0.132700 0.134200 0.104400 0.186800 0.100000 0.130900 0.078200 0.077300 0.152200 0.078800 0.138100 0.166100 0.000000 0.133200 0.135800 0.051000 0.075500 0.075700 0.137100 0.137500 0.128200 0.163900 0.105500
MuntiacusC 0.158300 0.229300 0.105500 0.179400 0.240600 0.158300 0.133300 0.105600 0.136200 0.000000 0.104200 0.078400 0.104200 0.192500 0.079700 0.105600 0.167400 0.101300 0.185500 0.163000 0.078600 0.104200 0.054000 0.053600 0.104200 0.133200 0.104200 0.136200 0.106100 0.105900 0.052300 0.135200 0.161300 0.186400 0.163000 0.052500 0.106800 0.184000 0.168100 0.110300 0.025900 0.133200 0.000000 0.052800 0.079400 0.104300 0.160600 0.109800 0.110200 0.159500 0.136200 0.079400
WhiteTaile 0.161300 0.233900 0.107400 0.183200 0.245000 0.161300 0.106900 0.107500 0.139000 0.052800 0.106000 0.081700 0.106000 0.165400 0.081200 0.107500 0.137100 0.071600 0.157800 0.166200 0.080000 0.106000 0.055600 0.000100 0.106000 0.135800 0.106000 0.139000 0.108100 0.108200 0.052900 0.108400 0.164300 0.190100 0.166000 0.053500 0.108500 0.186800 0.172200 0.054400 0.082200 0.135800 0.052800 0.000000 0.080800 0.106000 0.164200 0.112000 0.111800 0.162500 0.139000 0.081000
Cattle 0.076000 0.263700 0.078000 0.181400 0.153300 0.076000 0.105500 0.078200 0.108000 0.079400 0.077200 0.052900 0.077200 0.164700 0.052500 0.078200 0.178900 0.112200 0.152900 0.077900 0.051800 0.077200 0.082500 0.081500 0.077200 0.051000 0.077200 0.108000 0.078600 0.078800 0.080000 0.107200 0.131900 0.102400 0.134300 0.026000 0.079000 0.155600 0.080600 0.141500 0.109700 0.051000 0.079400 0.080800 0.000000 0.077200 0.077300 0.081700 0.081600 0.131200 0.108000 0.052300
RoyalAntel 0.048600 0.292400 0.102500 0.221900 0.122600 0.048600 0.075500 0.049800 0.132800 0.104300 0.000100 0.078100 0.000100 0.130300 0.025000 0.049800 0.205800 0.138200 0.061700 0.159100 0.024700 0.000100 0.108200 0.107000 0.000100 0.075500 0.000100 0.132800 0.050000 0.103300 0.105000 0.076600 0.216400 0.073600 0.049800 0.051000 0.000200 0.072200 0.105900 0.107600 0.135000 0.075500 0.104300 0.106000 0.077200 0.000000 0.101600 0.106800 0.052200 0.100000 0.132800 0.077200
Steenbok 0.049000 0.364800 0.131000 0.208300 0.178000 0.049000 0.130600 0.103000 0.105400 0.160600 0.101700 0.135000 0.101700 0.132800 0.077700 0.103000 0.238200 0.198900 0.179600 0.076300 0.076700 0.101700 0.167500 0.165300 0.101700 0.075700 0.101700 0.105400 0.103400 0.077100 0.161900 0.132800 0.155700 0.074400 0.159800 0.105300 0.104000 0.179300 0.025500 0.167400 0.194900 0.075700 0.160600 0.164200 0.077300 0.101600 0.000000 0.166900 0.166600 0.155800 0.105400 0.104800
Impala 0.163700 0.311200 0.108200 0.245000 0.247700 0.163700 0.137200 0.108400 0.111200 0.109800 0.106800 0.082600 0.106800 0.200400 0.081900 0.108400 0.218800 0.146200 0.187800 0.138600 0.080700 0.106800 0.114500 0.112900 0.106800 0.137100 0.106800 0.111200 0.108800 0.109600 0.110700 0.139400 0.228500 0.193400 0.167800 0.053900 0.109400 0.187800 0.174900 0.177100 0.142600 0.137100 0.109800 0.112000 0.081700 0.106800 0.166900 0.000000 0.113400 0.163700 0.111200 0.081600
Klipspring 0.105900 0.314900 0.108300 0.217900 0.186000 0.105900 0.137500 0.108700 0.140600 0.110200 0.052100 0.082500 0.052100 0.200400 0.081400 0.108700 0.218900 0.146800 0.124500 0.168600 0.080800 0.052100 0.114000 0.113000 0.052100 0.137500 0.052100 0.140600 0.109300 0.109000 0.111000 0.139900 0.230300 0.133700 0.108700 0.053800 0.053500 0.128700 0.173700 0.176000 0.142700 0.137500 0.110200 0.111800 0.081600 0.052200 0.166600 0.113400 0.000000 0.164800 0.140600 0.081400
ForestMusk 0.153100 0.370700 0.157200 0.203600 0.233800 0.153100 0.128200 0.101300 0.190600 0.159500 0.100000 0.077100 0.100000 0.187000 0.076500 0.101300 0.272700 0.198200 0.115000 0.218300 0.075300 0.100000 0.165800 0.164000 0.100000 0.128200 0.100000 0.190600 0.101700 0.158400 0.160700 0.130300 0.279500 0.124900 0.156600 0.103700 0.102400 0.177100 0.162700 0.165000 0.193400 0.128200 0.159500 0.162500 0.131200 0.100000 0.155800 0.163700 0.164800 0.000000 0.190600 0.131100
Bushbuck 0.131500 0.343800 0.077300 0.182800 0.274600 0.131500 0.163900 0.134700 0.000000 0.136200 0.132800 0.109200 0.132800 0.165600 0.108500 0.134700 0.177800 0.174300 0.217000 0.024800 0.106900 0.132800 0.142000 0.140100 0.132800 0.163900 0.132800 0.000000 0.135400 0.025300 0.137300 0.166600 0.223800 0.160000 0.194600 0.080100 0.136000 0.213400 0.080800 0.205600 0.170000 0.163900 0.136200 0.139000 0.108000 0.132800 0.105400 0.111200 0.140600 0.190600 0.000000 0.051800
GreaterKud 0.130800 0.266600 0.025100 0.181700 0.211700 0.130800 0.105500 0.078200 0.051800 0.079400 0.077100 0.052900 0.077100 0.164200 0.052600 0.078200 0.114700 0.112600 0.153100 0.077700 0.051800 0.077100 0.082700 0.081600 0.077100 0.105500 0.077100 0.051800 0.078600 0.025300 0.080000 0.107100 0.161900 0.158800 0.134100 0.025900 0.079000 0.155400 0.080500 0.142000 0.109900 0.105500 0.079400 0.081000 0.052300 0.077200 0.104800 0.081600 0.081400 0.131100 0.051800 0.000000
