1
52 1
Argali 0.000000 0.228200 0.093800 0.252100 0.103000 0.018400 0.113800 0.092700 0.104700 0.095400 0.037000 0.102800 0.074700 0.093400 0.157300 0.094900 0.146800 0.165400 0.037400 0.093800 0.124600 0.055300 0.104600 0.085400 0.037100 0.095100 0.064800 0.102700 0.074900 0.112000 0.115800 0.093300 0.158900 0.065000 0.064500 0.084100 0.056400 0.084900 0.085400 0.095200 0.104600 0.095100 0.095400 0.085800 0.084100 0.112500 0.065400 0.102200 0.104300 0.106200 0.111900 0.111800
LesserMous 0.228200 0.000000 0.248000 0.257400 0.211800 0.230700 0.272000 0.245000 0.262400 0.204800 0.228500 0.246800 0.226900 0.246900 0.276800 0.227300 0.263500 0.283200 0.208900 0.247700 0.262400 0.227800 0.214500 0.239500 0.228600 0.228800 0.238100 0.256900 0.250800 0.266700 0.204200 0.246500 0.309100 0.237700 0.259100 0.236600 0.253000 0.240200 0.240500 0.227700 0.214500 0.228800 0.204800 0.217700 0.236600 0.269200 0.239600 0.268200 0.262000 0.218200 0.267300 0.267100
LesserKudu 0.093800 0.248000 0.000000 0.271000 0.082500 0.094800 0.092400 0.072300 0.008900 0.093900 0.074400 0.044700 0.073500 0.092100 0.114400 0.054900 0.154800 0.173200 0.056100 0.000000 0.093200 0.093800 0.103100 0.103700 0.074600 0.055300 0.064100 0.008800 0.054800 0.017500 0.114000 0.092000 0.136700 0.064000 0.063500 0.026800 0.094400 0.064600 0.045800 0.093800 0.103100 0.055300 0.093900 0.084500 0.026800 0.072300 0.045600 0.062800 0.083200 0.084600 0.017500 0.017500
KillerWhal 0.252100 0.257400 0.271000 0.000000 0.281700 0.277500 0.294600 0.292000 0.285500 0.298300 0.229800 0.281300 0.206100 0.269900 0.302500 0.263400 0.335900 0.356100 0.232600 0.270800 0.296900 0.251900 0.307900 0.286100 0.229900 0.275800 0.216600 0.279900 0.262900 0.289700 0.310300 0.269700 0.332100 0.216200 0.212500 0.260200 0.253100 0.263600 0.263300 0.297500 0.307900 0.275800 0.298300 0.287200 0.260200 0.246400 0.240400 0.245600 0.239200 0.277300 0.290300 0.266900
DefassaWat 0.103000 0.211800 0.082500 0.281700 0.000000 0.103100 0.082600 0.080600 0.093000 0.064500 0.083900 0.082100 0.102500 0.063300 0.144100 0.064300 0.103300 0.121400 0.065300 0.082500 0.102400 0.083400 0.073300 0.093500 0.064700 0.064400 0.092300 0.091300 0.083300 0.081200 0.083900 0.063200 0.146500 0.092600 0.091900 0.073100 0.084200 0.054800 0.074300 0.083700 0.073300 0.064400 0.064500 0.074500 0.073100 0.100900 0.073700 0.110100 0.092700 0.074700 0.081300 0.100200
Sheep 0.018400 0.230700 0.094800 0.277500 0.103100 0.000000 0.114900 0.093200 0.105800 0.096400 0.056500 0.103800 0.095100 0.094300 0.158800 0.095900 0.148300 0.167200 0.037500 0.094700 0.125900 0.075800 0.105700 0.106400 0.056700 0.096100 0.084800 0.103700 0.075700 0.113100 0.117000 0.094200 0.160400 0.085100 0.084400 0.084900 0.076600 0.085800 0.086400 0.096200 0.105700 0.096300 0.096400 0.086700 0.084900 0.113600 0.085600 0.123100 0.105400 0.107400 0.113000 0.113000
MaxwellsDu 0.113800 0.272000 0.092400 0.294600 0.082600 0.114900 0.000000 0.072700 0.103100 0.114000 0.093900 0.082200 0.112700 0.035800 0.135000 0.074200 0.165800 0.194800 0.075600 0.092300 0.103500 0.113800 0.123200 0.124000 0.094200 0.074700 0.102800 0.101200 0.074000 0.110300 0.134600 0.035600 0.157200 0.102700 0.101900 0.082800 0.114400 0.064800 0.064900 0.113800 0.123200 0.074700 0.114000 0.104500 0.082800 0.091700 0.064700 0.120200 0.102800 0.104600 0.110300 0.110200
GazellaPrz 0.092700 0.245000 0.072300 0.292000 0.080600 0.093200 0.072700 0.000000 0.082500 0.092800 0.092900 0.072200 0.111400 0.072200 0.132900 0.035900 0.152900 0.171200 0.074400 0.072300 0.072400 0.112000 0.101900 0.122500 0.093100 0.036000 0.101200 0.081000 0.035900 0.090000 0.112800 0.072200 0.116400 0.101600 0.100800 0.081900 0.113100 0.063800 0.045400 0.112500 0.101900 0.036000 0.092800 0.103200 0.081900 0.090700 0.044600 0.099500 0.101700 0.103400 0.089900 0.089900
MountainNy 0.104700 0.262400 0.008900 0.285500 0.093000 0.105800 0.103100 0.082500 0.000000 0.104800 0.084800 0.054100 0.083900 0.102700 0.125700 0.065000 0.166900 0.185500 0.066400 0.008900 0.103900 0.104700 0.114100 0.114800 0.085100 0.065400 0.074200 0.017800 0.064800 0.026700 0.125300 0.102600 0.147800 0.074200 0.073600 0.036100 0.105300 0.074900 0.055700 0.104700 0.114100 0.065400 0.104800 0.095300 0.036100 0.082500 0.055500 0.072800 0.093800 0.095400 0.026500 0.026500
MuntiacusM 0.095400 0.204800 0.093900 0.298300 0.064500 0.096400 0.114000 0.092800 0.104800 0.000000 0.075600 0.093400 0.114500 0.093500 0.158200 0.075200 0.115200 0.133700 0.057100 0.093900 0.114900 0.095400 0.027400 0.046400 0.075800 0.075800 0.104400 0.102800 0.094800 0.112100 0.018300 0.093400 0.179800 0.104400 0.103500 0.084200 0.095900 0.085400 0.085600 0.036900 0.027400 0.075800 0.000000 0.027700 0.084200 0.112700 0.085300 0.122100 0.094800 0.085900 0.112000 0.111900
goat 0.037000 0.228500 0.074400 0.229800 0.083900 0.056500 0.093900 0.092900 0.084800 0.075600 0.000000 0.064300 0.055600 0.074000 0.137000 0.075200 0.136100 0.154800 0.018600 0.074300 0.114900 0.037000 0.084800 0.065800 0.018300 0.075700 0.046100 0.083200 0.075000 0.092400 0.095600 0.074000 0.159200 0.046100 0.045700 0.064800 0.036900 0.065700 0.065800 0.075400 0.084800 0.075700 0.075600 0.066100 0.064800 0.092900 0.046500 0.082900 0.084600 0.086000 0.092400 0.092400
AfricanBuf 0.102800 0.246800 0.044700 0.281300 0.082100 0.103800 0.082200 0.072200 0.054100 0.093400 0.064300 0.000000 0.082500 0.091600 0.103700 0.073600 0.153800 0.172100 0.065200 0.044500 0.112400 0.102800 0.102400 0.112600 0.083600 0.074100 0.073000 0.053400 0.082700 0.062300 0.113400 0.091600 0.146000 0.072900 0.072400 0.035300 0.103400 0.054800 0.073700 0.102700 0.102400 0.074100 0.093400 0.093500 0.035500 0.062600 0.073500 0.090400 0.092100 0.093600 0.061400 0.062000
Topi 0.074700 0.226900 0.073500 0.206100 0.102500 0.095100 0.112700 0.111400 0.083900 0.114500 0.055600 0.082500 0.000000 0.092500 0.156600 0.094000 0.177000 0.195600 0.056300 0.073500 0.134000 0.074700 0.123700 0.104400 0.055700 0.094600 0.009000 0.082300 0.093200 0.091400 0.135200 0.092400 0.178100 0.009000 0.045200 0.064100 0.075100 0.084400 0.084500 0.114200 0.123700 0.094600 0.114500 0.104900 0.064100 0.091900 0.065000 0.101300 0.103300 0.105000 0.091400 0.091300
CommonDuik 0.093400 0.246900 0.092100 0.269900 0.063300 0.094300 0.035800 0.072200 0.102700 0.093500 0.074000 0.091600 0.092500 0.000000 0.155100 0.054800 0.154100 0.172500 0.055800 0.092000 0.093000 0.093400 0.102700 0.123400 0.074200 0.055200 0.082800 0.100800 0.073700 0.109900 0.113600 0.000000 0.176500 0.082800 0.082200 0.082500 0.093900 0.083700 0.064600 0.113300 0.102700 0.055200 0.093500 0.104000 0.082500 0.110500 0.064400 0.119700 0.102400 0.104200 0.109900 0.109800
Suni 0.157300 0.276800 0.114400 0.302500 0.144100 0.158800 0.135000 0.132900 0.125700 0.158200 0.137000 0.103700 0.156600 0.155100 0.000000 0.136400 0.213700 0.221200 0.117500 0.114300 0.167300 0.136100 0.167700 0.168700 0.137300 0.136600 0.145300 0.123300 0.136000 0.132700 0.180400 0.155000 0.202400 0.145900 0.144700 0.104500 0.158900 0.104700 0.126500 0.157900 0.167700 0.136600 0.158200 0.148200 0.104500 0.113500 0.125500 0.122800 0.125500 0.127300 0.132800 0.122800
Springbuck 0.094900 0.227300 0.054900 0.263400 0.064300 0.095900 0.074200 0.035900 0.065000 0.075200 0.075200 0.073600 0.094000 0.054800 0.136400 0.000000 0.135500 0.154100 0.056800 0.054900 0.055500 0.095000 0.084400 0.105000 0.075400 0.018300 0.084200 0.063800 0.018100 0.072800 0.095200 0.054800 0.138300 0.084100 0.083500 0.064500 0.095500 0.065500 0.027600 0.095000 0.084400 0.018300 0.075200 0.085600 0.064500 0.092500 0.027500 0.082400 0.084200 0.085700 0.072800 0.072800
Okapi 0.146800 0.263500 0.154800 0.335900 0.103300 0.148300 0.165800 0.152900 0.166900 0.115200 0.136100 0.153800 0.177000 0.154100 0.213700 0.135500 0.000000 0.054600 0.117400 0.154700 0.114400 0.157200 0.124500 0.146300 0.136500 0.136500 0.166300 0.163600 0.156300 0.173200 0.136000 0.153900 0.222200 0.166100 0.164800 0.144400 0.158100 0.125700 0.147000 0.135700 0.124500 0.136500 0.115200 0.126300 0.144400 0.174100 0.146300 0.183900 0.145400 0.126900 0.152300 0.152100
Giraffe 0.165400 0.283200 0.173200 0.356100 0.121400 0.167200 0.194800 0.171200 0.185500 0.133700 0.154800 0.172100 0.195600 0.172500 0.221200 0.154100 0.054600 0.000000 0.136200 0.173100 0.174600 0.175900 0.142900 0.165000 0.155200 0.155100 0.184900 0.181900 0.174900 0.191600 0.154700 0.172300 0.240600 0.184600 0.183300 0.162800 0.176900 0.144300 0.165600 0.154300 0.142900 0.155100 0.133700 0.144900 0.162800 0.171600 0.164900 0.181300 0.143300 0.125100 0.170500 0.191300
TibetanAnt 0.037400 0.208900 0.056100 0.232600 0.065300 0.037500 0.075600 0.074400 0.066400 0.057100 0.018600 0.065200 0.056300 0.055800 0.117500 0.056800 0.117400 0.136200 0.000000 0.056100 0.095900 0.037400 0.066400 0.066800 0.018700 0.056900 0.046500 0.065100 0.056600 0.074400 0.076900 0.055800 0.141000 0.046700 0.046300 0.046600 0.037800 0.047000 0.047300 0.056900 0.066400 0.056900 0.057100 0.047600 0.046600 0.074700 0.046600 0.084000 0.066200 0.067400 0.074300 0.074300
Sitatunga 0.093800 0.247700 0.000000 0.270800 0.082500 0.094700 0.092300 0.072300 0.008900 0.093900 0.074300 0.044500 0.073500 0.092000 0.114300 0.054900 0.154700 0.173100 0.056100 0.000000 0.093100 0.093800 0.103000 0.103600 0.074500 0.055300 0.064000 0.008800 0.054700 0.017500 0.114000 0.091900 0.136600 0.064000 0.063500 0.026700 0.094300 0.064600 0.045700 0.093700 0.103000 0.055300 0.093900 0.084500 0.026700 0.072300 0.045600 0.062800 0.083200 0.084600 0.017400 0.017400
Oribi 0.124600 0.262400 0.093200 0.296900 0.102400 0.125900 0.103500 0.072400 0.103900 0.114900 0.114900 0.112400 0.134000 0.093000 0.167300 0.055500 0.114400 0.174600 0.095900 0.093100 0.000000 0.134800 0.124200 0.145900 0.115200 0.055600 0.123300 0.102000 0.074600 0.111200 0.135700 0.092900 0.178600 0.123700 0.122700 0.103100 0.136200 0.104200 0.065500 0.135500 0.124200 0.055500 0.114900 0.125900 0.103100 0.132000 0.064500 0.121100 0.123900 0.126100 0.111200 0.091600
BarbaryShe 0.055300 0.227800 0.093800 0.251900 0.083400 0.075800 0.113800 0.112000 0.104700 0.095400 0.037000 0.102800 0.074700 0.093400 0.136100 0.095000 0.157200 0.175900 0.037400 0.093800 0.134800 0.000000 0.104400 0.085500 0.018400 0.095200 0.064800 0.102700 0.094700 0.092300 0.115800 0.093300 0.179600 0.065100 0.064500 0.084100 0.037200 0.084900 0.085500 0.095200 0.104400 0.095100 0.095400 0.085800 0.084100 0.112500 0.065400 0.102300 0.104300 0.086000 0.111900 0.111900
Daviddeer 0.104600 0.214500 0.103100 0.307900 0.073300 0.105700 0.123200 0.101900 0.114100 0.027400 0.084800 0.102400 0.123700 0.102700 0.167700 0.084400 0.124500 0.142900 0.066400 0.103000 0.124200 0.104400 0.000000 0.055500 0.084700 0.085000 0.113700 0.111900 0.104000 0.120900 0.046100 0.102500 0.188900 0.113600 0.112700 0.093300 0.104900 0.094700 0.094900 0.046000 0.000000 0.085000 0.027400 0.036900 0.093300 0.121900 0.094500 0.131200 0.104000 0.085500 0.121100 0.121000
Reindeer 0.085400 0.239500 0.103700 0.286100 0.093500 0.106400 0.124000 0.122500 0.114800 0.046400 0.065800 0.112600 0.104400 0.123400 0.168700 0.105000 0.146300 0.165000 0.066800 0.103600 0.145900 0.085500 0.055500 0.000000 0.066000 0.105800 0.094500 0.112600 0.104700 0.121900 0.065600 0.123300 0.190000 0.094400 0.093700 0.093800 0.086000 0.095300 0.095500 0.027600 0.055500 0.105800 0.046400 0.018300 0.093800 0.122600 0.075500 0.112200 0.104700 0.095800 0.121800 0.121700
Ibex 0.037100 0.228600 0.074600 0.229900 0.064700 0.056700 0.094200 0.093100 0.085100 0.075800 0.018300 0.083600 0.055700 0.074200 0.137300 0.075400 0.136500 0.155200 0.018700 0.074500 0.115200 0.018400 0.084700 0.066000 0.000000 0.076000 0.046200 0.083500 0.075200 0.073300 0.095800 0.074100 0.159500 0.046200 0.045800 0.065000 0.018400 0.065900 0.066000 0.075700 0.084700 0.076000 0.075800 0.066300 0.065000 0.093100 0.046600 0.083100 0.084800 0.086300 0.092600 0.092600
GyrantGaze 0.095100 0.228800 0.055300 0.275800 0.064400 0.096100 0.074700 0.036000 0.065400 0.075800 0.075700 0.074100 0.094600 0.055200 0.136600 0.018300 0.136500 0.155100 0.056900 0.055300 0.055600 0.095200 0.085000 0.105800 0.076000 0.000000 0.084400 0.064200 0.036900 0.073300 0.095800 0.055100 0.139100 0.084700 0.084000 0.064900 0.096100 0.065600 0.027800 0.095700 0.085000 0.000000 0.075800 0.086200 0.064900 0.093100 0.027500 0.082900 0.084800 0.086300 0.073300 0.073200
Hartebeest 0.064800 0.238100 0.064100 0.216600 0.092300 0.084800 0.102800 0.101200 0.074200 0.104400 0.046100 0.073000 0.009000 0.082800 0.145300 0.084200 0.166300 0.184900 0.046500 0.064000 0.123300 0.064800 0.113700 0.094500 0.046200 0.084400 0.000000 0.072900 0.083900 0.081900 0.125000 0.082800 0.167800 0.000000 0.036000 0.054700 0.065500 0.074400 0.074800 0.104200 0.113700 0.084400 0.104400 0.094900 0.054700 0.082300 0.055200 0.091600 0.093500 0.095100 0.081900 0.081800
Bongo 0.102700 0.256900 0.008800 0.279900 0.091300 0.103700 0.101200 0.081000 0.017800 0.102800 0.083200 0.053400 0.082300 0.100800 0.123300 0.063800 0.163600 0.181900 0.065100 0.008800 0.102000 0.102700 0.111900 0.112600 0.083500 0.064200 0.072900 0.000000 0.063600 0.008700 0.122900 0.100700 0.145200 0.072800 0.072200 0.035600 0.103300 0.073500 0.054600 0.102700 0.111900 0.064200 0.102800 0.093400 0.035600 0.081000 0.054500 0.071500 0.092000 0.093600 0.008700 0.008600
Gerenuk 0.074900 0.250800 0.054800 0.262900 0.083300 0.075700 0.074000 0.035900 0.064800 0.094800 0.075000 0.082700 0.093200 0.073700 0.136000 0.018100 0.156300 0.174900 0.056600 0.054700 0.074600 0.094700 0.104000 0.104700 0.075200 0.036900 0.083900 0.063600 0.000000 0.072600 0.115100 0.073600 0.118300 0.083900 0.083200 0.064300 0.095200 0.065200 0.027500 0.094700 0.104000 0.036900 0.094800 0.085300 0.064300 0.092300 0.027400 0.082200 0.083900 0.085400 0.072600 0.072500
CommonElan 0.112000 0.266700 0.017500 0.289700 0.081200 0.113100 0.110300 0.090000 0.026700 0.112100 0.092400 0.062300 0.091400 0.109900 0.132700 0.072800 0.173200 0.191600 0.074400 0.017500 0.111200 0.092300 0.120900 0.121900 0.073300 0.073300 0.081900 0.008700 0.072600 0.000000 0.132400 0.109800 0.154200 0.081800 0.081200 0.044500 0.092800 0.082600 0.063700 0.112000 0.120900 0.073300 0.112100 0.102700 0.044500 0.090000 0.063500 0.080400 0.101200 0.102900 0.017300 0.017300
MuntiacusR 0.115800 0.204200 0.114000 0.310300 0.083900 0.117000 0.134600 0.112800 0.125300 0.018300 0.095600 0.113400 0.135200 0.113600 0.180400 0.095200 0.136000 0.154700 0.076900 0.114000 0.135700 0.115800 0.046100 0.065600 0.095800 0.095800 0.125000 0.122900 0.115100 0.132400 0.000000 0.113500 0.169800 0.124900 0.123900 0.104100 0.116500 0.105700 0.105900 0.036900 0.046100 0.095800 0.018300 0.046700 0.104100 0.133200 0.105500 0.142600 0.115200 0.106100 0.132300 0.132200
HarveysDui 0.093300 0.246500 0.092000 0.269700 0.063200 0.094200 0.035600 0.072200 0.102600 0.093400 0.074000 0.091600 0.092400 0.000000 0.155000 0.054800 0.153900 0.172300 0.055800 0.091900 0.092900 0.093300 0.102500 0.123300 0.074100 0.055100 0.082800 0.100700 0.073600 0.109800 0.113500 0.000000 0.176300 0.082700 0.082100 0.082500 0.093800 0.083600 0.064600 0.113100 0.102500 0.055100 0.093400 0.103900 0.082500 0.110400 0.064400 0.119600 0.102300 0.104000 0.109800 0.109700
Pronghorn 0.158900 0.309100 0.136700 0.332100 0.146500 0.160400 0.157200 0.116400 0.147800 0.179800 0.159200 0.146000 0.178100 0.176500 0.202400 0.138300 0.222200 0.240600 0.141000 0.136600 0.178600 0.179600 0.188900 0.190000 0.159500 0.139100 0.167800 0.145200 0.118300 0.154200 0.169800 0.176300 0.000000 0.167600 0.166500 0.146900 0.180500 0.109600 0.128900 0.159000 0.188900 0.139100 0.179800 0.170200 0.146900 0.136100 0.128500 0.144700 0.147800 0.170500 0.134800 0.154200
BlueWildeb 0.065000 0.237700 0.064000 0.216200 0.092600 0.085100 0.102700 0.101600 0.074200 0.104400 0.046100 0.072900 0.009000 0.082800 0.145900 0.084100 0.166100 0.184600 0.046700 0.064000 0.123700 0.065100 0.113600 0.094400 0.046200 0.084700 0.000000 0.072800 0.083900 0.081800 0.124900 0.082700 0.167600 0.000000 0.036000 0.054700 0.065400 0.074600 0.074700 0.104100 0.113600 0.084700 0.104400 0.094800 0.054700 0.082300 0.055400 0.091600 0.093400 0.095000 0.081800 0.081800
Gemsbok 0.064500 0.259100 0.063500 0.212500 0.091900 0.084400 0.101900 0.100800 0.073600 0.103500 0.045700 0.072400 0.045200 0.082200 0.144700 0.083500 0.164800 0.183300 0.046300 0.063500 0.122700 0.064500 0.112700 0.093700 0.045800 0.084000 0.036000 0.072200 0.083200 0.081200 0.123900 0.082100 0.166500 0.036000 0.000000 0.054200 0.064900 0.074100 0.074200 0.103400 0.112700 0.084000 0.103500 0.094100 0.054200 0.062900 0.055000 0.090900 0.092700 0.094300 0.081200 0.081200
Yak 0.084100 0.236600 0.026800 0.260200 0.073100 0.084900 0.082800 0.081900 0.036100 0.084200 0.064800 0.035300 0.064100 0.082500 0.104500 0.064500 0.144400 0.162800 0.046600 0.026700 0.103100 0.084100 0.093300 0.093800 0.065000 0.064900 0.054700 0.035600 0.064300 0.044500 0.104100 0.082500 0.146900 0.054700 0.054200 0.000000 0.084600 0.055200 0.055300 0.084000 0.093300 0.064900 0.084200 0.074800 0.000000 0.063100 0.055100 0.072200 0.073600 0.074900 0.044300 0.044300
BlueSheep 0.056400 0.253000 0.094400 0.253100 0.084200 0.076600 0.114400 0.113100 0.105300 0.095900 0.036900 0.103400 0.075100 0.093900 0.158900 0.095500 0.158100 0.176900 0.037800 0.094300 0.136200 0.037200 0.104900 0.086000 0.018400 0.096100 0.065500 0.103300 0.095200 0.092800 0.116500 0.093800 0.180500 0.065400 0.064900 0.084600 0.000000 0.085800 0.086000 0.095800 0.104900 0.096100 0.095900 0.086400 0.084600 0.113200 0.066000 0.102800 0.104900 0.106800 0.112500 0.112500
BohorReedb 0.084900 0.240200 0.064600 0.263600 0.054800 0.085800 0.064800 0.063800 0.074900 0.085400 0.065700 0.054800 0.084400 0.083700 0.104700 0.065500 0.125700 0.144300 0.047000 0.064600 0.104200 0.084900 0.094700 0.095300 0.065900 0.065600 0.074400 0.073500 0.065200 0.082600 0.105700 0.083600 0.109600 0.074600 0.074100 0.055200 0.085800 0.000000 0.056100 0.085200 0.094700 0.064800 0.085400 0.075900 0.055200 0.064100 0.055600 0.092300 0.074700 0.076000 0.063700 0.082600
KirksDik 0.085400 0.240500 0.045800 0.263300 0.074300 0.086400 0.064900 0.045400 0.055700 0.085600 0.065800 0.073700 0.084500 0.064600 0.126500 0.027600 0.147000 0.165600 0.047300 0.045700 0.065500 0.085500 0.094900 0.095500 0.066000 0.027800 0.074800 0.054600 0.027500 0.063700 0.105900 0.064600 0.128900 0.074700 0.074200 0.055300 0.086000 0.056100 0.000000 0.085500 0.094900 0.027800 0.085600 0.076100 0.055300 0.083200 0.018300 0.073200 0.074800 0.076200 0.063700 0.063600
RoeDeer 0.095200 0.227700 0.093800 0.297500 0.083700 0.096200 0.113800 0.112500 0.104700 0.036900 0.075400 0.102700 0.114200 0.113300 0.157900 0.095000 0.135700 0.154300 0.056900 0.093700 0.135500 0.095200 0.046000 0.027600 0.075700 0.095700 0.104200 0.102700 0.094700 0.112000 0.036900 0.113100 0.159000 0.104100 0.103400 0.084000 0.095800 0.085200 0.085500 0.000000 0.046000 0.095700 0.036900 0.009200 0.084000 0.112500 0.085200 0.122000 0.094600 0.085600 0.111900 0.111800
WhiteLippe 0.104600 0.214500 0.103100 0.307900 0.073300 0.105700 0.123200 0.101900 0.114100 0.027400 0.084800 0.102400 0.123700 0.102700 0.167700 0.084400 0.124500 0.142900 0.066400 0.103000 0.124200 0.104400 0.000000 0.055500 0.084700 0.085000 0.113700 0.111900 0.104000 0.120900 0.046100 0.102500 0.188900 0.113600 0.112700 0.093300 0.104900 0.094700 0.094900 0.046000 0.000000 0.085000 0.027400 0.036900 0.093300 0.121900 0.094500 0.131200 0.104000 0.085500 0.121100 0.121000
ThomsonGaz 0.095100 0.228800 0.055300 0.275800 0.064400 0.096300 0.074700 0.036000 0.065400 0.075800 0.075700 0.074100 0.094600 0.055200 0.136600 0.018300 0.136500 0.155100 0.056900 0.055300 0.055500 0.095100 0.085000 0.105800 0.076000 0.000000 0.084400 0.064200 0.036900 0.073300 0.095800 0.055100 0.139100 0.084700 0.084000 0.064900 0.096100 0.064800 0.027800 0.095700 0.085000 0.000000 0.075800 0.086200 0.064900 0.093100 0.027600 0.082900 0.084800 0.086300 0.073300 0.073200
MuntiacusC 0.095400 0.204800 0.093900 0.298300 0.064500 0.096400 0.114000 0.092800 0.104800 0.000000 0.075600 0.093400 0.114500 0.093500 0.158200 0.075200 0.115200 0.133700 0.057100 0.093900 0.114900 0.095400 0.027400 0.046400 0.075800 0.075800 0.104400 0.102800 0.094800 0.112100 0.018300 0.093400 0.179800 0.104400 0.103500 0.084200 0.095900 0.085400 0.085600 0.036900 0.027400 0.075800 0.000000 0.027700 0.084200 0.112700 0.085300 0.122100 0.094800 0.085900 0.112000 0.111900
WhiteTaile 0.085800 0.217700 0.084500 0.287200 0.074500 0.086700 0.104500 0.103200 0.095300 0.027700 0.066100 0.093500 0.104900 0.104000 0.148200 0.085600 0.126300 0.144900 0.047600 0.084500 0.125900 0.085800 0.036900 0.018300 0.066300 0.086200 0.094900 0.093400 0.085300 0.102700 0.046700 0.103900 0.170200 0.094800 0.094100 0.074800 0.086400 0.075900 0.076100 0.009200 0.036900 0.086200 0.027700 0.000000 0.074800 0.103300 0.075800 0.112700 0.085300 0.076300 0.102600 0.102600
Cattle 0.084100 0.236600 0.026800 0.260200 0.073100 0.084900 0.082800 0.081900 0.036100 0.084200 0.064800 0.035500 0.064100 0.082500 0.104500 0.064500 0.144400 0.162800 0.046600 0.026700 0.103100 0.084100 0.093300 0.093800 0.065000 0.064900 0.054700 0.035600 0.064300 0.044500 0.104100 0.082500 0.146900 0.054700 0.054200 0.000000 0.084600 0.055200 0.055300 0.084000 0.093300 0.064900 0.084200 0.074800 0.000000 0.063100 0.055100 0.072200 0.073600 0.074900 0.044300 0.043900
RoyalAntel 0.112500 0.269200 0.072300 0.246400 0.100900 0.113600 0.091700 0.090700 0.082500 0.112700 0.092900 0.062600 0.091900 0.110500 0.113500 0.092500 0.174100 0.171600 0.074700 0.072300 0.132000 0.112500 0.121900 0.122600 0.093100 0.093100 0.082300 0.081000 0.092300 0.090000 0.133200 0.110400 0.136100 0.082300 0.062900 0.063100 0.113200 0.064100 0.083200 0.112500 0.121900 0.093100 0.112700 0.103300 0.063100 0.000000 0.083000 0.099700 0.062700 0.103400 0.090000 0.089900
Steenbok 0.065400 0.239600 0.045600 0.240400 0.073700 0.085600 0.064700 0.044600 0.055500 0.085300 0.046500 0.073500 0.065000 0.064400 0.125500 0.027500 0.146300 0.164900 0.046600 0.045600 0.064500 0.065400 0.094500 0.075500 0.046600 0.027500 0.055200 0.054500 0.027400 0.063500 0.105500 0.064400 0.128500 0.055400 0.055000 0.055100 0.066000 0.055600 0.018300 0.085200 0.094500 0.027600 0.085300 0.075800 0.055100 0.083000 0.000000 0.054300 0.074600 0.075900 0.063500 0.063400
Impala 0.102200 0.268200 0.062800 0.245600 0.110100 0.123100 0.120200 0.099500 0.072800 0.122100 0.082900 0.090400 0.101300 0.119700 0.122800 0.082400 0.183900 0.181300 0.084000 0.062800 0.121100 0.102300 0.131200 0.112200 0.083100 0.082900 0.091600 0.071500 0.082200 0.080400 0.142600 0.119600 0.144700 0.091600 0.090900 0.072200 0.102800 0.092300 0.073200 0.122000 0.131200 0.082900 0.122100 0.112700 0.072200 0.099700 0.054300 0.000000 0.091600 0.112800 0.080400 0.080300
Klipspring 0.104300 0.262000 0.083200 0.239200 0.092700 0.105400 0.102800 0.101700 0.093800 0.094800 0.084600 0.092100 0.103300 0.102400 0.125500 0.084200 0.145400 0.143300 0.066200 0.083200 0.123900 0.104300 0.104000 0.104700 0.084800 0.084800 0.093500 0.092000 0.083900 0.101200 0.115200 0.102300 0.147800 0.093400 0.092700 0.073600 0.104900 0.074700 0.074800 0.094600 0.104000 0.084800 0.094800 0.085300 0.073600 0.062700 0.074600 0.091600 0.000000 0.095100 0.101100 0.101100
ForestMusk 0.106200 0.218200 0.084600 0.277300 0.074700 0.107400 0.104600 0.103400 0.095400 0.085900 0.086000 0.093600 0.105000 0.104200 0.127300 0.085700 0.126900 0.125100 0.067400 0.084600 0.126100 0.086000 0.085500 0.095800 0.086300 0.086300 0.095100 0.093600 0.085400 0.102900 0.106100 0.104000 0.170500 0.095000 0.094300 0.074900 0.106800 0.076000 0.076200 0.085600 0.085500 0.086300 0.085900 0.076300 0.074900 0.103400 0.075900 0.112800 0.095100 0.000000 0.102800 0.102700
Bushbuck 0.111900 0.267300 0.017500 0.290300 0.081300 0.113000 0.110300 0.089900 0.026500 0.112000 0.092400 0.061400 0.091400 0.109900 0.132800 0.072800 0.152300 0.170500 0.074300 0.017400 0.111200 0.111900 0.121100 0.121800 0.092600 0.073300 0.081900 0.008700 0.072600 0.017300 0.132300 0.109800 0.134800 0.081800 0.081200 0.044300 0.112500 0.063700 0.063700 0.111900 0.121100 0.073300 0.112000 0.102600 0.044300 0.090000 0.063500 0.080400 0.101100 0.102800 0.000000 0.017200
GreaterKud 0.111800 0.267100 0.017500 0.266900 0.100200 0.113000 0.110200 0.089900 0.026500 0.111900 0.092400 0.062000 0.091300 0.109800 0.122800 0.072800 0.152100 0.191300 0.074300 0.017400 0.091600 0.111900 0.121000 0.121700 0.092600 0.073200 0.081800 0.008600 0.072500 0.017300 0.132200 0.109700 0.154200 0.081800 0.081200 0.044300 0.112500 0.082600 0.063600 0.111800 0.121000 0.073200 0.111900 0.102600 0.043900 0.089900 0.063400 0.080300 0.101100 0.102700 0.017200 0.000000
