CODONML (in paml version 4.10.7, June 2023)  /home/rachel/ruminants_paml/6406-phy-tree/ENSBTAT00000027370.fasta.phy
Model: free dN/dS Ratios for branches,  kappa = 2.000 fixed

Codon frequency model: F3x4
ns =  54  ls = 108

Codon usage in sequences
--------------------------------------------------------------------------------------------------------------------------------------
Phe TTT   1   1   1   1   1   1 | Ser TCT   1   1   1   0   1   1 | Tyr TAT   4   4   5   4   3   3 | Cys TGT   0   1   0   0   1   1
    TTC   1   1   1   1   1   1 |     TCC   1   0   1   2   0   0 |     TAC   3   3   2   3   4   4 |     TGC   1   0   1   1   0   0
Leu TTA   1   1   1   1   1   2 |     TCA   1   1   0   1   0   0 | *** TAA   0   0   0   0   0   0 | *** TGA   0   0   0   0   0   0
    TTG   0   0   0   0   1   0 |     TCG   0   0   0   0   0   0 |     TAG   0   0   0   0   0   0 | Trp TGG   0   0   0   0   0   0
--------------------------------------------------------------------------------------------------------------------------------------
Leu CTT   0   0   0   0   0   0 | Pro CCT   2   2   3   2   3   2 | His CAT   0   1   0   0   0   1 | Arg CGT   0   0   0   0   0   0
    CTC   1   1   0   1   1   1 |     CCC   2   2   2   2   2   1 |     CAC   6   5   6   6   6   5 |     CGC   0   0   0   0   0   0
    CTA   0   0   0   0   0   0 |     CCA   0   0   1   0   0   0 | Gln CAA   3   3   3   4   1   3 |     CGA   0   0   0   0   0   0
    CTG   3   3   4   3   2   3 |     CCG   1   1   0   1   0   2 |     CAG   3   3   3   2   5   3 |     CGG   1   1   1   1   1   1
--------------------------------------------------------------------------------------------------------------------------------------
Ile ATT   0   0   0   0   0   0 | Thr ACT   1   0   1   1   1   1 | Asn AAT   1   2   1   1   2   2 | Ser AGT   3   2   3   2   2   2
    ATC   3   4   3   3   4   3 |     ACC   3   6   3   3   3   4 |     AAC   2   1   2   2   2   2 |     AGC   4   4   4   5   3   4
    ATA   2   1   2   2   2   2 |     ACA   1   2   1   1   2   1 | Lys AAA   5   4   6   5   5   4 | Arg AGA   1   1   1   0   1   1
Met ATG   2   2   2   2   2   2 |     ACG   2   1   2   2   1   2 |     AAG   3   4   2   3   3   4 |     AGG   1   1   1   2   1   1
--------------------------------------------------------------------------------------------------------------------------------------
Val GTT   0   0   0   0   0   0 | Ala GCT   3   4   4   3   4   4 | Asp GAT   3   3   3   3   4   4 | Gly GGT   3   1   3   2   4   1
    GTC   3   3   3   3   4   3 |     GCC   3   3   3   3   1   2 |     GAC   4   5   4   5   4   4 |     GGC   1   2   1   1   1   1
    GTA   3   2   2   2   2   2 |     GCA   1   1   1   1   3   2 | Glu GAA   3   4   3   2   3   5 |     GGA   2   0   1   1   1   2
    GTG   2   3   3   3   3   3 |     GCG   1   0   0   1   0   0 |     GAG   4   3   4   5   4   2 |     GGG   2   4   3   3   2   3
--------------------------------------------------------------------------------------------------------------------------------------

--------------------------------------------------------------------------------------------------------------------------------------
Phe TTT   1   1   1   1   1   1 | Ser TCT   1   1   1   1   1   1 | Tyr TAT   4   4   4   3   5   3 | Cys TGT   0   0   0   0   0   0
    TTC   1   1   1   1   1   1 |     TCC   1   1   1   1   1   1 |     TAC   3   3   3   4   2   3 |     TGC   1   1   1   1   1   1
Leu TTA   1   1   1   1   1   1 |     TCA   1   1   1   1   0   1 | *** TAA   0   0   0   0   0   0 | *** TGA   0   0   0   0   0   0
    TTG   0   0   0   0   0   0 |     TCG   0   0   0   0   0   0 |     TAG   0   0   0   0   0   0 | Trp TGG   0   0   0   0   0   0
--------------------------------------------------------------------------------------------------------------------------------------
Leu CTT   0   0   0   0   0   0 | Pro CCT   2   2   2   2   3   3 | His CAT   0   0   0   0   0   0 | Arg CGT   0   0   0   0   0   0
    CTC   1   1   1   1   0   1 |     CCC   2   2   2   2   2   1 |     CAC   6   6   6   6   6   7 |     CGC   0   0   0   0   0   0
    CTA   0   0   0   0   0   0 |     CCA   0   0   0   0   1   0 | Gln CAA   3   3   3   2   3   3 |     CGA   0   0   0   0   0   0
    CTG   3   3   3   3   4   3 |     CCG   1   1   1   1   0   1 |     CAG   3   3   3   4   3   3 |     CGG   1   1   1   1   1   1
--------------------------------------------------------------------------------------------------------------------------------------
Ile ATT   0   0   0   0   0   0 | Thr ACT   1   1   1   1   1   1 | Asn AAT   1   1   2   1   1   0 | Ser AGT   3   3   4   3   2   2
    ATC   3   3   3   3   3   3 |     ACC   3   3   3   3   3   2 |     AAC   2   2   1   2   2   2 |     AGC   4   4   3   4   5   5
    ATA   2   2   2   2   2   2 |     ACA   2   1   2   1   2   2 | Lys AAA   5   5   5   6   6   4 | Arg AGA   1   1   1   1   1   2
Met ATG   2   2   2   2   2   2 |     ACG   1   2   1   2   1   1 |     AAG   3   3   3   2   2   3 |     AGG   1   1   1   1   1   1
--------------------------------------------------------------------------------------------------------------------------------------
Val GTT   0   0   0   0   0   0 | Ala GCT   4   3   3   4   4   4 | Asp GAT   3   3   3   2   2   4 | Gly GGT   3   3   3   3   3   2
    GTC   3   3   3   3   3   3 |     GCC   3   3   4   3   3   4 |     GAC   4   4   4   5   5   5 |     GGC   1   1   1   1   1   1
    GTA   3   3   3   3   2   2 |     GCA   1   1   1   1   1   1 | Glu GAA   3   3   4   3   3   3 |     GGA   2   2   2   2   1   1
    GTG   2   2   2   2   3   3 |     GCG   0   1   0   0   0   1 |     GAG   4   4   3   4   4   4 |     GGG   2   2   2   2   3   2
--------------------------------------------------------------------------------------------------------------------------------------

--------------------------------------------------------------------------------------------------------------------------------------
Phe TTT   1   1   1   1   1   1 | Ser TCT   1   0   1   1   1   1 | Tyr TAT   5   4   4   4   4   5 | Cys TGT   0   0   0   0   0   0
    TTC   1   1   1   1   1   1 |     TCC   1   1   1   1   1   1 |     TAC   2   3   3   3   3   2 |     TGC   1   1   1   1   1   1
Leu TTA   1   1   1   1   1   1 |     TCA   1   0   1   1   1   1 | *** TAA   0   0   0   0   0   0 | *** TGA   0   0   0   0   0   0
    TTG   0   0   0   0   0   0 |     TCG   0   0   0   0   0   0 |     TAG   0   0   0   0   0   0 | Trp TGG   0   0   0   0   0   0
--------------------------------------------------------------------------------------------------------------------------------------
Leu CTT   0   0   0   0   0   0 | Pro CCT   2   3   2   2   2   2 | His CAT   0   0   0   0   0   0 | Arg CGT   0   0   0   0   0   0
    CTC   1   0   1   1   1   1 |     CCC   2   1   2   2   2   2 |     CAC   6   6   6   6   6   6 |     CGC   0   0   0   0   0   0
    CTA   0   0   0   0   0   0 |     CCA   0   1   0   0   0   0 | Gln CAA   3   3   3   3   3   2 |     CGA   1   0   0   0   0   0
    CTG   3   4   3   3   3   3 |     CCG   1   1   1   1   1   1 |     CAG   3   3   3   3   3   4 |     CGG   0   1   1   1   1   1
--------------------------------------------------------------------------------------------------------------------------------------
Ile ATT   0   0   0   0   0   0 | Thr ACT   1   1   1   1   1   1 | Asn AAT   1   1   1   0   1   1 | Ser AGT   2   3   3   4   3   3
    ATC   3   3   3   3   3   3 |     ACC   3   3   3   3   4   3 |     AAC   2   2   2   3   2   2 |     AGC   5   3   4   3   4   4
    ATA   2   2   2   2   2   2 |     ACA   1   1   1   1   1   2 | Lys AAA   5   5   5   5   5   5 | Arg AGA   1   1   1   1   1   1
Met ATG   2   2   2   2   2   2 |     ACG   2   2   2   2   1   1 |     AAG   3   2   3   3   3   3 |     AGG   1   2   1   1   1   1
--------------------------------------------------------------------------------------------------------------------------------------
Val GTT   0   0   0   0   0   0 | Ala GCT   4   5   4   4   4   4 | Asp GAT   3   3   3   3   3   2 | Gly GGT   2   3   3   3   3   3
    GTC   3   3   3   3   3   3 |     GCC   3   3   3   3   3   3 |     GAC   4   4   4   4   4   5 |     GGC   2   3   1   1   1   1
    GTA   3   2   3   3   3   3 |     GCA   1   1   1   1   0   1 | Glu GAA   3   3   3   3   3   3 |     GGA   2   1   2   2   2   2
    GTG   2   2   2   2   2   2 |     GCG   0   1   0   0   1   0 |     GAG   4   4   4   4   4   4 |     GGG   2   2   2   2   2   2
--------------------------------------------------------------------------------------------------------------------------------------

--------------------------------------------------------------------------------------------------------------------------------------
Phe TTT   0   1   1   1   1   1 | Ser TCT   1   1   1   1   1   1 | Tyr TAT   4   4   4   5   4   4 | Cys TGT   1   1   0   0   1   0
    TTC   2   1   1   1   1   1 |     TCC   1   1   1   1   1   1 |     TAC   3   3   3   2   3   3 |     TGC   0   0   1   1   0   1
Leu TTA   1   1   1   1   1   1 |     TCA   1   1   1   0   1   1 | *** TAA   0   0   0   0   0   0 | *** TGA   0   0   0   0   0   0
    TTG   0   0   0   0   0   0 |     TCG   0   0   0   0   0   0 |     TAG   0   0   0   0   0   0 | Trp TGG   0   0   0   0   0   0
--------------------------------------------------------------------------------------------------------------------------------------
Leu CTT   0   0   0   0   0   0 | Pro CCT   3   3   2   3   1   2 | His CAT   0   0   0   0   0   0 | Arg CGT   0   0   0   0   0   0
    CTC   1   1   1   0   1   1 |     CCC   1   0   2   2   3   2 |     CAC   6   6   6   6   6   6 |     CGC   0   0   0   0   0   0
    CTA   0   0   0   0   0   0 |     CCA   0   0   0   1   0   0 | Gln CAA   3   3   3   3   2   3 |     CGA   0   0   0   0   0   0
    CTG   3   3   3   4   3   3 |     CCG   1   2   1   0   1   1 |     CAG   3   3   3   3   4   3 |     CGG   1   1   1   1   1   1
--------------------------------------------------------------------------------------------------------------------------------------
Ile ATT   0   0   0   0   0   0 | Thr ACT   1   1   1   1   1   1 | Asn AAT   2   2   1   1   1   1 | Ser AGT   2   2   3   2   3   3
    ATC   3   3   3   3   3   3 |     ACC   3   3   3   3   3   3 |     AAC   1   1   2   2   2   2 |     AGC   5   5   4   5   4   4
    ATA   2   2   2   2   2   2 |     ACA   2   1   1   1   1   1 | Lys AAA   4   4   5   6   5   5 | Arg AGA   2   2   1   2   1   1
Met ATG   2   2   2   2   2   2 |     ACG   1   2   2   2   2   2 |     AAG   3   3   3   2   3   3 |     AGG   1   1   1   0   1   1
--------------------------------------------------------------------------------------------------------------------------------------
Val GTT   0   0   0   0   0   0 | Ala GCT   4   4   3   4   4   4 | Asp GAT   3   3   3   3   3   3 | Gly GGT   3   3   3   3   3   3
    GTC   3   3   3   3   3   3 |     GCC   3   3   3   3   3   3 |     GAC   5   5   4   4   4   4 |     GGC   0   0   1   1   1   1
    GTA   2   2   3   2   3   3 |     GCA   1   0   2   1   1   1 | Glu GAA   3   3   3   3   4   3 |     GGA   1   1   2   1   2   2
    GTG   3   3   2   3   2   2 |     GCG   0   1   0   0   0   0 |     GAG   4   4   4   4   3   4 |     GGG   3   3   2   3   2   2
--------------------------------------------------------------------------------------------------------------------------------------

--------------------------------------------------------------------------------------------------------------------------------------
Phe TTT   2   1   1   1   1   1 | Ser TCT   1   1   1   1   1   1 | Tyr TAT   3   3   3   4   4   5 | Cys TGT   0   0   0   0   0   0
    TTC   0   1   1   1   1   1 |     TCC   1   1   1   1   1   1 |     TAC   3   3   4   3   3   2 |     TGC   1   1   1   1   1   1
Leu TTA   1   1   1   1   1   1 |     TCA   1   1   1   1   1   0 | *** TAA   0   0   0   0   0   0 | *** TGA   0   0   0   0   0   0
    TTG   0   0   0   1   0   0 |     TCG   0   0   0   0   0   0 |     TAG   0   0   0   0   0   0 | Trp TGG   0   0   0   0   0   0
--------------------------------------------------------------------------------------------------------------------------------------
Leu CTT   0   1   0   0   0   0 | Pro CCT   3   3   2   2   2   4 | His CAT   0   1   0   0   0   0 | Arg CGT   0   0   0   0   0   0
    CTC   1   0   1   1   1   0 |     CCC   1   1   2   2   2   1 |     CAC   7   6   6   6   6   6 |     CGC   0   0   0   0   0   0
    CTA   0   0   0   0   0   0 |     CCA   0   0   0   0   0   1 | Gln CAA   3   3   3   2   3   3 |     CGA   0   0   1   0   0   0
    CTG   3   3   3   2   3   4 |     CCG   1   1   1   1   1   0 |     CAG   3   3   3   4   3   3 |     CGG   1   1   0   1   1   1
--------------------------------------------------------------------------------------------------------------------------------------
Ile ATT   0   0   0   0   0   0 | Thr ACT   1   1   1   1   1   1 | Asn AAT   0   0   1   1   1   1 | Ser AGT   2   2   3   3   3   3
    ATC   3   3   3   3   3   3 |     ACC   2   2   3   3   3   3 |     AAC   2   2   2   2   2   2 |     AGC   5   5   4   4   4   4
    ATA   2   2   2   2   2   2 |     ACA   2   1   1   1   1   1 | Lys AAA   4   4   5   5   5   6 | Arg AGA   2   2   1   1   1   1
Met ATG   2   2   2   2   2   2 |     ACG   1   2   2   2   2   2 |     AAG   3   3   3   3   3   2 |     AGG   1   1   1   1   1   1
--------------------------------------------------------------------------------------------------------------------------------------
Val GTT   0   0   0   0   0   0 | Ala GCT   3   3   4   4   4   4 | Asp GAT   4   5   3   2   3   2 | Gly GGT   2   2   2   3   3   3
    GTC   3   3   3   3   3   3 |     GCC   4   5   3   3   3   3 |     GAC   5   4   4   5   4   5 |     GGC   1   1   2   1   1   1
    GTA   3   2   3   3   3   2 |     GCA   1   1   1   1   1   1 | Glu GAA   3   3   3   3   3   3 |     GGA   1   1   2   2   2   1
    GTG   2   3   2   2   2   3 |     GCG   1   0   0   0   0   0 |     GAG   4   4   4   4   4   4 |     GGG   3   3   2   2   2   3
--------------------------------------------------------------------------------------------------------------------------------------

--------------------------------------------------------------------------------------------------------------------------------------
Phe TTT   1   1   1   1   0   1 | Ser TCT   1   1   1   1   0   1 | Tyr TAT   4   5   3   4   4   4 | Cys TGT   0   0   0   0   1   0
    TTC   1   1   1   1   2   1 |     TCC   1   1   1   1   1   1 |     TAC   3   2   3   3   3   3 |     TGC   1   1   1   1   0   1
Leu TTA   1   1   1   1   1   1 |     TCA   1   0   1   1   1   1 | *** TAA   0   0   0   0   0   0 | *** TGA   0   0   0   0   0   0
    TTG   0   0   0   0   0   0 |     TCG   0   0   0   0   0   0 |     TAG   0   0   0   0   0   0 | Trp TGG   0   0   0   0   0   0
--------------------------------------------------------------------------------------------------------------------------------------
Leu CTT   0   0   0   0   0   0 | Pro CCT   2   3   3   2   3   2 | His CAT   0   0   0   0   0   0 | Arg CGT   0   0   0   0   0   0
    CTC   1   0   1   1   1   1 |     CCC   2   2   1   2   1   2 |     CAC   6   6   7   6   6   6 |     CGC   0   0   0   0   0   0
    CTA   0   0   0   0   0   0 |     CCA   0   1   0   0   0   0 | Gln CAA   2   3   3   3   4   3 |     CGA   0   0   0   0   0   0
    CTG   3   4   3   3   3   3 |     CCG   1   0   1   1   1   1 |     CAG   4   3   3   3   2   3 |     CGG   1   1   1   1   1   1
--------------------------------------------------------------------------------------------------------------------------------------
Ile ATT   0   0   0   0   0   0 | Thr ACT   1   1   1   1   1   1 | Asn AAT   1   1   0   0   2   1 | Ser AGT   3   3   2   4   2   3
    ATC   3   3   3   3   3   3 |     ACC   3   3   2   3   3   3 |     AAC   2   2   2   3   2   2 |     AGC   4   4   5   3   4   4
    ATA   2   2   2   2   2   2 |     ACA   1   2   2   1   2   1 | Lys AAA   5   5   4   5   5   5 | Arg AGA   1   1   2   1   1   1
Met ATG   2   2   2   2   2   2 |     ACG   2   1   1   2   1   2 |     AAG   3   3   3   3   3   3 |     AGG   1   1   1   1   1   1
--------------------------------------------------------------------------------------------------------------------------------------
Val GTT   0   0   0   0   0   0 | Ala GCT   4   4   4   4   4   4 | Asp GAT   2   3   4   3   3   3 | Gly GGT   3   3   2   3   2   3
    GTC   3   3   3   3   3   3 |     GCC   3   3   5   3   3   3 |     GAC   5   4   5   4   5   4 |     GGC   1   1   1   1   0   1
    GTA   3   2   2   3   2   3 |     GCA   1   1   1   1   1   1 | Glu GAA   3   3   3   3   1   3 |     GGA   2   1   1   2   1   2
    GTG   2   3   3   2   3   2 |     GCG   0   0   0   0   1   0 |     GAG   4   4   4   4   6   4 |     GGG   2   3   2   2   4   2
--------------------------------------------------------------------------------------------------------------------------------------

--------------------------------------------------------------------------------------------------------------------------------------
Phe TTT   1   1   1   1   1   1 | Ser TCT   1   1   1   1   1   0 | Tyr TAT   4   4   4   4   4   3 | Cys TGT   0   0   0   0   0   0
    TTC   1   1   1   1   1   1 |     TCC   1   1   1   1   1   2 |     TAC   3   3   3   3   3   4 |     TGC   1   1   1   1   1   1
Leu TTA   1   1   1   1   1   1 |     TCA   1   0   1   1   1   1 | *** TAA   0   0   0   0   0   0 | *** TGA   0   0   0   0   0   0
    TTG   0   0   0   0   0   0 |     TCG   0   0   0   0   0   0 |     TAG   0   0   0   0   0   0 | Trp TGG   0   0   0   0   0   0
--------------------------------------------------------------------------------------------------------------------------------------
Leu CTT   0   0   0   0   0   0 | Pro CCT   2   3   2   2   2   3 | His CAT   0   0   0   0   0   1 | Arg CGT   0   0   0   0   0   0
    CTC   1   0   1   1   1   1 |     CCC   2   1   2   2   2   1 |     CAC   6   6   6   6   6   5 |     CGC   0   0   0   0   0   0
    CTA   0   0   0   0   0   0 |     CCA   0   1   0   0   0   1 | Gln CAA   3   3   3   3   2   3 |     CGA   0   0   1   0   0   0
    CTG   3   3   3   3   2   3 |     CCG   1   2   1   1   2   0 |     CAG   3   3   3   3   4   3 |     CGG   1   1   0   1   1   1
--------------------------------------------------------------------------------------------------------------------------------------
Ile ATT   0   0   0   0   0   0 | Thr ACT   1   1   1   1   1   1 | Asn AAT   1   1   1   1   1   0 | Ser AGT   3   3   3   3   2   1
    ATC   3   3   3   3   3   3 |     ACC   3   3   3   3   3   2 |     AAC   2   2   2   2   2   2 |     AGC   4   4   4   4   5   6
    ATA   2   2   2   2   2   2 |     ACA   2   1   1   3   1   1 | Lys AAA   5   5   5   5   4   2 | Arg AGA   1   1   1   1   2   2
Met ATG   2   2   2   2   2   2 |     ACG   1   2   2   0   2   2 |     AAG   3   3   3   3   3   5 |     AGG   1   1   1   1   1   1
--------------------------------------------------------------------------------------------------------------------------------------
Val GTT   0   0   0   0   0   0 | Ala GCT   4   4   4   4   4   4 | Asp GAT   3   3   3   3   3   3 | Gly GGT   3   3   3   3   3   2
    GTC   3   3   3   3   3   3 |     GCC   3   3   3   3   3   4 |     GAC   4   4   4   4   4   6 |     GGC   1   1   1   1   1   2
    GTA   3   2   3   3   3   2 |     GCA   1   1   1   1   1   0 | Glu GAA   3   3   3   3   3   3 |     GGA   2   1   2   2   2   1
    GTG   2   3   2   2   2   3 |     GCG   0   0   0   0   0   1 |     GAG   4   4   4   4   4   4 |     GGG   2   3   2   2   2   2
--------------------------------------------------------------------------------------------------------------------------------------

--------------------------------------------------------------------------------------------------------------------------------------
Phe TTT   2   1   1   1   1   1 | Ser TCT   1   1   1   1   1   1 | Tyr TAT   3   4   3   3   4   4 | Cys TGT   0   0   0   0   0   0
    TTC   0   1   1   1   1   1 |     TCC   1   1   1   1   1   0 |     TAC   3   3   3   3   3   3 |     TGC   1   1   1   1   1   1
Leu TTA   1   1   1   1   1   1 |     TCA   1   1   1   1   0   1 | *** TAA   0   0   0   0   0   0 | *** TGA   0   0   0   0   0   0
    TTG   0   1   0   0   0   1 |     TCG   0   0   0   0   0   0 |     TAG   0   0   0   0   0   0 | Trp TGG   0   0   0   0   0   0
--------------------------------------------------------------------------------------------------------------------------------------
Leu CTT   0   0   0   1   0   0 | Pro CCT   3   2   3   3   3   2 | His CAT   0   1   0   2   0   0 | Arg CGT   0   0   0   0   0   0
    CTC   1   1   1   0   0   1 |     CCC   1   2   1   1   1   2 |     CAC   7   5   7   5   6   6 |     CGC   0   0   0   0   0   0
    CTA   0   0   0   0   0   0 |     CCA   0   0   0   0   1   0 | Gln CAA   3   2   3   2   3   3 |     CGA   0   0   0   0   0   0
    CTG   3   2   3   3   4   3 |     CCG   1   1   1   1   1   1 |     CAG   3   4   3   4   3   3 |     CGG   1   1   1   1   1   1
--------------------------------------------------------------------------------------------------------------------------------------
Ile ATT   0   0   0   0   0   0 | Thr ACT   1   1   1   1   1   1 | Asn AAT   0   1   0   1   1   1 | Ser AGT   2   3   2   2   3   3
    ATC   3   3   3   3   3   3 |     ACC   2   3   2   2   3   3 |     AAC   2   2   2   1   2   2 |     AGC   5   4   5   5   4   3
    ATA   2   2   2   2   2   2 |     ACA   2   1   2   2   1   1 | Lys AAA   4   5   4   4   5   5 | Arg AGA   2   1   2   2   1   1
Met ATG   2   2   2   2   2   2 |     ACG   1   2   1   1   2   2 |     AAG   3   3   3   3   3   3 |     AGG   1   1   1   1   1   1
--------------------------------------------------------------------------------------------------------------------------------------
Val GTT   0   0   0   0   0   0 | Ala GCT   3   4   4   3   4   4 | Asp GAT   4   3   4   4   3   4 | Gly GGT   2   3   2   2   3   3
    GTC   3   3   3   3   3   3 |     GCC   4   3   4   5   3   3 |     GAC   5   4   5   5   4   3 |     GGC   1   1   1   1   1   3
    GTA   3   3   2   2   2   3 |     GCA   1   1   1   0   0   1 | Glu GAA   3   3   3   3   3   3 |     GGA   1   2   1   1   1   1
    GTG   2   2   3   3   3   2 |     GCG   1   0   1   1   1   0 |     GAG   4   4   4   4   4   4 |     GGG   3   2   2   3   3   2
--------------------------------------------------------------------------------------------------------------------------------------

--------------------------------------------------------------------------------------------------------------------------------------
Phe TTT   1   1   1   1   1   1 | Ser TCT   1   1   1   0   1   1 | Tyr TAT   4   3   4   4   5   5 | Cys TGT   0   0   0   0   0   0
    TTC   1   1   1   1   1   1 |     TCC   1   1   1   2   1   1 |     TAC   3   4   3   3   2   2 |     TGC   1   1   1   1   1   1
Leu TTA   1   1   1   1   1   1 |     TCA   1   1   1   1   0   0 | *** TAA   0   0   0   0   0   0 | *** TGA   0   0   0   0   0   0
    TTG   0   0   0   0   0   0 |     TCG   0   0   0   0   0   0 |     TAG   0   0   0   0   0   0 | Trp TGG   0   0   0   0   0   0
--------------------------------------------------------------------------------------------------------------------------------------
Leu CTT   0   0   0   0   0   0 | Pro CCT   2   2   2   2   3   3 | His CAT   0   0   0   0   1   0 | Arg CGT   0   0   0   0   0   0
    CTC   1   0   1   1   0   0 |     CCC   2   2   2   2   2   2 |     CAC   6   6   6   6   5   6 |     CGC   0   0   0   0   0   0
    CTA   0   0   0   0   0   0 |     CCA   0   0   0   0   1   1 | Gln CAA   2   3   2   4   3   3 |     CGA   0   0   0   0   0   0
    CTG   3   4   3   3   4   4 |     CCG   1   1   1   1   0   0 |     CAG   4   4   4   2   3   3 |     CGG   1   0   1   1   1   1
--------------------------------------------------------------------------------------------------------------------------------------
Ile ATT   0   0   0   0   0   0 | Thr ACT   1   1   1   1   1   1 | Asn AAT   1   1   1   1   1   1 | Ser AGT   3   3   3   2   2   2
    ATC   3   3   3   3   3   3 |     ACC   3   2   3   3   4   3 |     AAC   2   2   2   2   2   2 |     AGC   4   4   4   5   5   5
    ATA   2   2   2   2   2   2 |     ACA   1   1   2   1   1   1 | Lys AAA   5   5   4   5   6   6 | Arg AGA   1   1   1   0   1   1
Met ATG   2   2   2   2   2   2 |     ACG   2   2   1   2   2   2 |     AAG   3   3   3   3   2   2 |     AGG   1   1   2   2   1   1
--------------------------------------------------------------------------------------------------------------------------------------
Val GTT   0   0   0   0   0   0 | Ala GCT   4   4   4   3   4   4 | Asp GAT   2   3   4   3   2   3 | Gly GGT   3   3   3   2   3   3
    GTC   3   4   3   3   3   3 |     GCC   3   4   3   3   2   3 |     GAC   5   4   3   5   5   4 |     GGC   1   1   1   1   1   1
    GTA   3   1   3   2   2   2 |     GCA   1   1   1   1   1   1 | Glu GAA   3   3   3   2   3   3 |     GGA   2   2   2   1   1   1
    GTG   2   3   2   3   3   3 |     GCG   0   0   0   1   0   0 |     GAG   4   4   4   5   4   4 |     GGG   2   2   2   3   3   3
--------------------------------------------------------------------------------------------------------------------------------------

Codon position x base (3x4) table for each sequence.

#1: Argali         
position  1:    T:0.12963    C:0.20370    A:0.31481    G:0.35185
position  2:    T:0.20370    C:0.21296    A:0.40741    G:0.17593
position  3:    T:0.20370    C:0.35185    A:0.21296    G:0.23148
Average         T:0.17901    C:0.25617    A:0.31173    G:0.25309

#2: LesserMouseDeer
position  1:    T:0.12037    C:0.20370    A:0.32407    G:0.35185
position  2:    T:0.20370    C:0.22222    A:0.41667    G:0.15741
position  3:    T:0.20370    C:0.37037    A:0.18519    G:0.24074
Average         T:0.17593    C:0.26543    A:0.30864    G:0.25000

#3: LesserKudu     
position  1:    T:0.12037    C:0.21296    A:0.31481    G:0.35185
position  2:    T:0.20370    C:0.21296    A:0.40741    G:0.17593
position  3:    T:0.23148    C:0.33333    A:0.20370    G:0.23148
Average         T:0.18519    C:0.25309    A:0.30864    G:0.25309

#4: ForestMuskDeer2
position  1:    T:0.12963    C:0.20370    A:0.31481    G:0.35185
position  2:    T:0.20370    C:0.21296    A:0.41667    G:0.16667
position  3:    T:0.17593    C:0.37963    A:0.18519    G:0.25926
Average         T:0.16975    C:0.26543    A:0.30556    G:0.25926

#5: Camel          
position  1:    T:0.12037    C:0.19444    A:0.31481    G:0.37037
position  2:    T:0.22222    C:0.19444    A:0.42593    G:0.15741
position  3:    T:0.24074    C:0.33333    A:0.19444    G:0.23148
Average         T:0.19444    C:0.24074    A:0.31173    G:0.25309

#6: KillerWhale    
position  1:    T:0.12037    C:0.20370    A:0.32407    G:0.35185
position  2:    T:0.21296    C:0.20370    A:0.42593    G:0.15741
position  3:    T:0.21296    C:0.32407    A:0.22222    G:0.24074
Average         T:0.18210    C:0.24383    A:0.32407    G:0.25000

#7: DefassaWaterbuck
position  1:    T:0.12963    C:0.20370    A:0.31481    G:0.35185
position  2:    T:0.20370    C:0.21296    A:0.40741    G:0.17593
position  3:    T:0.21296    C:0.35185    A:0.22222    G:0.21296
Average         T:0.18210    C:0.25617    A:0.31481    G:0.24691

#8: Sheep          
position  1:    T:0.12963    C:0.20370    A:0.31481    G:0.35185
position  2:    T:0.20370    C:0.21296    A:0.40741    G:0.17593
position  3:    T:0.20370    C:0.35185    A:0.21296    G:0.23148
Average         T:0.17901    C:0.25617    A:0.31173    G:0.25309

#9: MaxwellsDuiker 
position  1:    T:0.12963    C:0.20370    A:0.31481    G:0.35185
position  2:    T:0.20370    C:0.21296    A:0.40741    G:0.17593
position  3:    T:0.22222    C:0.34259    A:0.23148    G:0.20370
Average         T:0.18519    C:0.25309    A:0.31790    G:0.24383

#10: GazellaPrzewalskyi
position  1:    T:0.12963    C:0.20370    A:0.31481    G:0.35185
position  2:    T:0.20370    C:0.21296    A:0.40741    G:0.17593
position  3:    T:0.19444    C:0.37037    A:0.21296    G:0.22222
Average         T:0.17593    C:0.26235    A:0.31173    G:0.25000

#11: MountainNyala  
position  1:    T:0.12037    C:0.21296    A:0.31481    G:0.35185
position  2:    T:0.20370    C:0.21296    A:0.40741    G:0.17593
position  3:    T:0.21296    C:0.35185    A:0.21296    G:0.22222
Average         T:0.17901    C:0.25926    A:0.31173    G:0.25000

#12: MuntiacusMuntjak
position  1:    T:0.12037    C:0.21296    A:0.29630    G:0.37037
position  2:    T:0.20370    C:0.22222    A:0.40741    G:0.16667
position  3:    T:0.19444    C:0.37037    A:0.20370    G:0.23148
Average         T:0.17284    C:0.26852    A:0.30247    G:0.25617

#13: goat           
position  1:    T:0.12963    C:0.20370    A:0.31481    G:0.35185
position  2:    T:0.20370    C:0.21296    A:0.40741    G:0.17593
position  3:    T:0.20370    C:0.36111    A:0.22222    G:0.21296
Average         T:0.17901    C:0.25926    A:0.31481    G:0.24691

#14: AfricanBuffalo 
position  1:    T:0.11111    C:0.21296    A:0.30556    G:0.37037
position  2:    T:0.19444    C:0.22222    A:0.39815    G:0.18519
position  3:    T:0.22222    C:0.34259    A:0.19444    G:0.24074
Average         T:0.17593    C:0.25926    A:0.29938    G:0.26543

#15: Topi           
position  1:    T:0.12963    C:0.20370    A:0.31481    G:0.35185
position  2:    T:0.20370    C:0.21296    A:0.40741    G:0.17593
position  3:    T:0.21296    C:0.35185    A:0.21296    G:0.22222
Average         T:0.18210    C:0.25617    A:0.31173    G:0.25000

#16: CommonDuiker   
position  1:    T:0.12963    C:0.20370    A:0.31481    G:0.35185
position  2:    T:0.20370    C:0.21296    A:0.40741    G:0.17593
position  3:    T:0.21296    C:0.35185    A:0.21296    G:0.22222
Average         T:0.18210    C:0.25617    A:0.31173    G:0.25000

#17: Suni           
position  1:    T:0.12963    C:0.20370    A:0.31481    G:0.35185
position  2:    T:0.20370    C:0.21296    A:0.40741    G:0.17593
position  3:    T:0.21296    C:0.36111    A:0.20370    G:0.22222
Average         T:0.18210    C:0.25926    A:0.30864    G:0.25000

#18: Springbuck     
position  1:    T:0.12963    C:0.20370    A:0.31481    G:0.35185
position  2:    T:0.20370    C:0.21296    A:0.40741    G:0.17593
position  3:    T:0.21296    C:0.35185    A:0.21296    G:0.22222
Average         T:0.18210    C:0.25617    A:0.31173    G:0.25000

#19: Okapi          
position  1:    T:0.12963    C:0.20370    A:0.31481    G:0.35185
position  2:    T:0.20370    C:0.21296    A:0.40741    G:0.17593
position  3:    T:0.22222    C:0.34259    A:0.20370    G:0.23148
Average         T:0.18519    C:0.25309    A:0.30864    G:0.25309

#20: Giraffe        
position  1:    T:0.12963    C:0.20370    A:0.31481    G:0.35185
position  2:    T:0.20370    C:0.21296    A:0.40741    G:0.17593
position  3:    T:0.23148    C:0.32407    A:0.18519    G:0.25926
Average         T:0.18827    C:0.24691    A:0.30247    G:0.26235

#21: TibetanAntelope
position  1:    T:0.12963    C:0.20370    A:0.31481    G:0.35185
position  2:    T:0.20370    C:0.21296    A:0.40741    G:0.17593
position  3:    T:0.20370    C:0.35185    A:0.22222    G:0.22222
Average         T:0.17901    C:0.25617    A:0.31481    G:0.25000

#22: Sitatunga      
position  1:    T:0.12037    C:0.21296    A:0.31481    G:0.35185
position  2:    T:0.20370    C:0.21296    A:0.40741    G:0.17593
position  3:    T:0.22222    C:0.34259    A:0.21296    G:0.22222
Average         T:0.18210    C:0.25617    A:0.31173    G:0.25000

#23: Oribi          
position  1:    T:0.12963    C:0.20370    A:0.31481    G:0.35185
position  2:    T:0.20370    C:0.21296    A:0.40741    G:0.17593
position  3:    T:0.21296    C:0.35185    A:0.21296    G:0.22222
Average         T:0.18210    C:0.25617    A:0.31173    G:0.25000

#24: BarbarySheep   
position  1:    T:0.12963    C:0.20370    A:0.31481    G:0.35185
position  2:    T:0.20370    C:0.21296    A:0.40741    G:0.17593
position  3:    T:0.21296    C:0.35185    A:0.21296    G:0.22222
Average         T:0.18210    C:0.25617    A:0.31173    G:0.25000

#25: Daviddeer      
position  1:    T:0.12037    C:0.21296    A:0.29630    G:0.37037
position  2:    T:0.20370    C:0.21296    A:0.40741    G:0.17593
position  3:    T:0.19444    C:0.36111    A:0.21296    G:0.23148
Average         T:0.17284    C:0.26235    A:0.30556    G:0.25926

#26: Reindeer       
position  1:    T:0.12037    C:0.21296    A:0.29630    G:0.37037
position  2:    T:0.20370    C:0.21296    A:0.40741    G:0.17593
position  3:    T:0.21296    C:0.35185    A:0.19444    G:0.24074
Average         T:0.17901    C:0.25926    A:0.29938    G:0.26235

#27: Ibex           
position  1:    T:0.12963    C:0.20370    A:0.31481    G:0.35185
position  2:    T:0.20370    C:0.21296    A:0.40741    G:0.17593
position  3:    T:0.19444    C:0.37037    A:0.22222    G:0.21296
Average         T:0.17593    C:0.26235    A:0.31481    G:0.24691

#28: GyrantGazelle  
position  1:    T:0.13889    C:0.19444    A:0.31481    G:0.35185
position  2:    T:0.20370    C:0.21296    A:0.40741    G:0.17593
position  3:    T:0.20370    C:0.36111    A:0.20370    G:0.23148
Average         T:0.18210    C:0.25617    A:0.30864    G:0.25309

#29: Hartebeest     
position  1:    T:0.12963    C:0.20370    A:0.31481    G:0.35185
position  2:    T:0.20370    C:0.21296    A:0.40741    G:0.17593
position  3:    T:0.21296    C:0.35185    A:0.21296    G:0.22222
Average         T:0.18210    C:0.25617    A:0.31173    G:0.25000

#30: Bongo          
position  1:    T:0.12037    C:0.21296    A:0.31481    G:0.35185
position  2:    T:0.20370    C:0.21296    A:0.40741    G:0.17593
position  3:    T:0.23148    C:0.33333    A:0.20370    G:0.23148
Average         T:0.18519    C:0.25309    A:0.30864    G:0.25309

#31: Gerenuk        
position  1:    T:0.12963    C:0.20370    A:0.31481    G:0.35185
position  2:    T:0.20370    C:0.21296    A:0.40741    G:0.17593
position  3:    T:0.20370    C:0.36111    A:0.20370    G:0.23148
Average         T:0.17901    C:0.25926    A:0.30864    G:0.25309

#32: CommonEland    
position  1:    T:0.12037    C:0.21296    A:0.31481    G:0.35185
position  2:    T:0.20370    C:0.21296    A:0.40741    G:0.17593
position  3:    T:0.23148    C:0.33333    A:0.20370    G:0.23148
Average         T:0.18519    C:0.25309    A:0.30864    G:0.25309

#33: MuntiacusReevesi
position  1:    T:0.12037    C:0.21296    A:0.29630    G:0.37037
position  2:    T:0.20370    C:0.22222    A:0.40741    G:0.16667
position  3:    T:0.19444    C:0.37963    A:0.20370    G:0.22222
Average         T:0.17284    C:0.27160    A:0.30247    G:0.25309

#34: HarveysDuiker  
position  1:    T:0.12963    C:0.20370    A:0.31481    G:0.35185
position  2:    T:0.20370    C:0.21296    A:0.40741    G:0.17593
position  3:    T:0.21296    C:0.35185    A:0.21296    G:0.22222
Average         T:0.18210    C:0.25617    A:0.31173    G:0.25000

#35: Pronghorn      
position  1:    T:0.12037    C:0.20370    A:0.31481    G:0.36111
position  2:    T:0.20370    C:0.21296    A:0.42593    G:0.15741
position  3:    T:0.20370    C:0.34259    A:0.19444    G:0.25926
Average         T:0.17593    C:0.25309    A:0.31173    G:0.25926

#36: BlueWildebeest 
position  1:    T:0.12963    C:0.20370    A:0.31481    G:0.35185
position  2:    T:0.20370    C:0.21296    A:0.40741    G:0.17593
position  3:    T:0.21296    C:0.35185    A:0.21296    G:0.22222
Average         T:0.18210    C:0.25617    A:0.31173    G:0.25000

#37: Gemsbok        
position  1:    T:0.12963    C:0.20370    A:0.31481    G:0.35185
position  2:    T:0.20370    C:0.21296    A:0.40741    G:0.17593
position  3:    T:0.21296    C:0.35185    A:0.22222    G:0.21296
Average         T:0.18210    C:0.25617    A:0.31481    G:0.24691

#38: Yak            
position  1:    T:0.12037    C:0.21296    A:0.31481    G:0.35185
position  2:    T:0.19444    C:0.22222    A:0.40741    G:0.17593
position  3:    T:0.22222    C:0.33333    A:0.19444    G:0.25000
Average         T:0.17901    C:0.25617    A:0.30556    G:0.25926

#39: BlueSheep      
position  1:    T:0.12963    C:0.20370    A:0.31481    G:0.35185
position  2:    T:0.20370    C:0.21296    A:0.40741    G:0.17593
position  3:    T:0.21296    C:0.35185    A:0.22222    G:0.21296
Average         T:0.18210    C:0.25617    A:0.31481    G:0.24691

#40: BohorReedbuck  
position  1:    T:0.12963    C:0.20370    A:0.31481    G:0.35185
position  2:    T:0.20370    C:0.21296    A:0.40741    G:0.17593
position  3:    T:0.21296    C:0.35185    A:0.23148    G:0.20370
Average         T:0.18210    C:0.25617    A:0.31790    G:0.24383

#41: KirksDik       
position  1:    T:0.12963    C:0.20370    A:0.31481    G:0.35185
position  2:    T:0.19444    C:0.22222    A:0.39815    G:0.18519
position  3:    T:0.20370    C:0.36111    A:0.20370    G:0.23148
Average         T:0.17593    C:0.26235    A:0.30556    G:0.25617

#42: RoeDeer        
position  1:    T:0.12963    C:0.20370    A:0.29630    G:0.37037
position  2:    T:0.20370    C:0.21296    A:0.40741    G:0.17593
position  3:    T:0.17593    C:0.39815    A:0.17593    G:0.25000
Average         T:0.16975    C:0.27160    A:0.29321    G:0.26543

#43: WhiteLippedDeer
position  1:    T:0.12037    C:0.21296    A:0.29630    G:0.37037
position  2:    T:0.20370    C:0.21296    A:0.40741    G:0.17593
position  3:    T:0.19444    C:0.36111    A:0.21296    G:0.23148
Average         T:0.17284    C:0.26235    A:0.30556    G:0.25926

#44: ThomsonGazelle 
position  1:    T:0.13889    C:0.19444    A:0.31481    G:0.35185
position  2:    T:0.20370    C:0.21296    A:0.40741    G:0.17593
position  3:    T:0.22222    C:0.34259    A:0.20370    G:0.23148
Average         T:0.18827    C:0.25000    A:0.30864    G:0.25309

#45: MuntiacusCrinifrons
position  1:    T:0.12037    C:0.21296    A:0.29630    G:0.37037
position  2:    T:0.20370    C:0.22222    A:0.40741    G:0.16667
position  3:    T:0.19444    C:0.37037    A:0.20370    G:0.23148
Average         T:0.17284    C:0.26852    A:0.30247    G:0.25617

#46: WhiteTailedDeer
position  1:    T:0.12037    C:0.21296    A:0.29630    G:0.37037
position  2:    T:0.20370    C:0.21296    A:0.40741    G:0.17593
position  3:    T:0.22222    C:0.34259    A:0.18519    G:0.25000
Average         T:0.18210    C:0.25617    A:0.29630    G:0.26543

#47: Cattle         
position  1:    T:0.12037    C:0.21296    A:0.31481    G:0.35185
position  2:    T:0.20370    C:0.21296    A:0.40741    G:0.17593
position  3:    T:0.22222    C:0.33333    A:0.18519    G:0.25926
Average         T:0.18210    C:0.25309    A:0.30247    G:0.26235

#48: RoyalAntelope  
position  1:    T:0.12963    C:0.20370    A:0.30556    G:0.36111
position  2:    T:0.21296    C:0.20370    A:0.40741    G:0.17593
position  3:    T:0.22222    C:0.34259    A:0.20370    G:0.23148
Average         T:0.18827    C:0.25000    A:0.30556    G:0.25617

#49: Steenbok       
position  1:    T:0.12963    C:0.20370    A:0.31481    G:0.35185
position  2:    T:0.20370    C:0.21296    A:0.40741    G:0.17593
position  3:    T:0.20370    C:0.36111    A:0.20370    G:0.23148
Average         T:0.17901    C:0.25926    A:0.30864    G:0.25309

#50: Impala         
position  1:    T:0.12963    C:0.20370    A:0.30556    G:0.36111
position  2:    T:0.20370    C:0.21296    A:0.41667    G:0.16667
position  3:    T:0.20370    C:0.36111    A:0.19444    G:0.24074
Average         T:0.17901    C:0.25926    A:0.30556    G:0.25617

#51: Klipspringer   
position  1:    T:0.12963    C:0.20370    A:0.31481    G:0.35185
position  2:    T:0.20370    C:0.21296    A:0.39815    G:0.18519
