CODONML (in paml version 4.10.7, June 2023)  /home/rachel/ruminants_paml/6406-phy-tree/ENSBTAT00000008479.fasta.phy
Model: free dN/dS Ratios for branches,  kappa = 2.000 fixed

Codon frequency model: F3x4
ns =  54  ls =  35

Codon usage in sequences
--------------------------------------------------------------------------------------------------------------------------------------
Phe TTT   1   1   1   1   1   1 | Ser TCT   0   0   0   0   0   0 | Tyr TAT   0   0   0   0   0   0 | Cys TGT   2   2   2   2   2   2
    TTC   0   0   0   0   0   0 |     TCC   1   1   1   1   1   1 |     TAC   0   0   0   0   0   0 |     TGC   1   1   1   1   1   1
Leu TTA   1   0   1   1   0   1 |     TCA   0   0   0   0   0   0 | *** TAA   0   0   0   0   0   0 | *** TGA   0   0   0   0   0   0
    TTG   1   2   1   1   1   2 |     TCG   0   0   0   0   0   0 |     TAG   0   0   0   0   0   0 | Trp TGG   1   1   1   1   1   1
--------------------------------------------------------------------------------------------------------------------------------------
Leu CTT   0   0   0   0   0   0 | Pro CCT   0   0   0   0   0   0 | His CAT   0   0   0   0   0   0 | Arg CGT   0   0   0   0   0   0
    CTC   1   1   1   1   0   0 |     CCC   0   0   0   0   0   0 |     CAC   0   0   0   0   0   0 |     CGC   0   0   0   0   0   0
    CTA   1   1   1   1   1   1 |     CCA   0   0   0   0   0   0 | Gln CAA   1   1   2   1   0   1 |     CGA   0   0   0   0   0   0
    CTG   2   2   2   2   4   2 |     CCG   0   0   0   0   0   0 |     CAG   2   2   1   2   2   2 |     CGG   0   0   0   0   0   0
--------------------------------------------------------------------------------------------------------------------------------------
Ile ATT   1   1   1   1   1   1 | Thr ACT   0   0   1   0   1   0 | Asn AAT   1   1   1   1   1   1 | Ser AGT   2   2   2   2   1   1
    ATC   0   0   0   0   0   0 |     ACC   2   2   2   2   1   1 |     AAC   1   1   1   1   1   1 |     AGC   0   0   0   0   1   1
    ATA   0   0   0   1   0   0 |     ACA   0   0   0   1   0   1 | Lys AAA   1   1   1   1   1   1 | Arg AGA   0   0   0   0   0   0
Met ATG   1   1   1   1   1   1 |     ACG   1   1   0   0   1   1 |     AAG   0   0   0   0   1   0 |     AGG   0   0   0   0   0   0
--------------------------------------------------------------------------------------------------------------------------------------
Val GTT   0   0   0   0   0   0 | Ala GCT   0   0   0   0   0   0 | Asp GAT   0   0   0   0   1   1 | Gly GGT   1   1   1   2   1   1
    GTC   0   1   1   1   1   1 |     GCC   1   0   0   0   0   0 |     GAC   2   2   2   2   1   1 |     GGC   1   1   1   0   1   1
    GTA   2   2   2   1   1   2 |     GCA   1   1   1   1   0   1 | Glu GAA   0   0   0   0   0   0 |     GGA   1   1   1   1   1   1
    GTG   0   0   0   0   1   0 |     GCG   0   0   0   0   1   0 |     GAG   0   0   0   0   0   0 |     GGG   1   1   1   1   1   1
--------------------------------------------------------------------------------------------------------------------------------------

--------------------------------------------------------------------------------------------------------------------------------------
Phe TTT   1   1   1   1   1   1 | Ser TCT   0   0   0   0   0   0 | Tyr TAT   0   0   0   0   0   0 | Cys TGT   2   2   2   2   2   2
    TTC   0   0   0   0   0   0 |     TCC   1   1   1   1   1   1 |     TAC   0   0   0   0   0   0 |     TGC   1   1   1   1   1   1
Leu TTA   1   1   1   1   1   1 |     TCA   0   0   0   0   0   0 | *** TAA   0   0   0   0   0   0 | *** TGA   0   0   0   0   0   0
    TTG   2   1   1   1   1   1 |     TCG   0   0   0   0   0   0 |     TAG   0   0   0   0   0   0 | Trp TGG   1   1   1   1   1   1
--------------------------------------------------------------------------------------------------------------------------------------
Leu CTT   0   0   0   0   0   0 | Pro CCT   0   0   0   0   0   0 | His CAT   0   0   0   0   0   0 | Arg CGT   0   0   0   0   0   0
    CTC   1   1   1   1   1   1 |     CCC   0   0   0   0   0   0 |     CAC   0   0   0   0   0   0 |     CGC   0   0   0   0   0   0
    CTA   1   1   1   1   1   1 |     CCA   0   0   0   0   0   0 | Gln CAA   1   1   1   0   2   1 |     CGA   0   0   0   0   0   0
    CTG   1   2   2   2   2   2 |     CCG   0   0   0   0   0   0 |     CAG   2   2   2   3   1   2 |     CGG   0   0   0   0   0   0
--------------------------------------------------------------------------------------------------------------------------------------
Ile ATT   1   1   1   1   1   1 | Thr ACT   0   0   0   0   0   0 | Asn AAT   1   1   1   1   1   0 | Ser AGT   2   2   2   2   2   2
    ATC   0   0   0   0   0   0 |     ACC   2   2   2   2   2   2 |     AAC   1   1   1   1   1   2 |     AGC   0   0   0   0   0   0
    ATA   0   0   0   0   0   0 |     ACA   0   0   0   0   0   0 | Lys AAA   1   1   1   1   1   1 | Arg AGA   0   0   0   0   0   0
Met ATG   1   1   1   1   1   1 |     ACG   1   1   1   1   1   1 |     AAG   0   0   0   0   0   0 |     AGG   0   0   0   0   0   0
--------------------------------------------------------------------------------------------------------------------------------------
Val GTT   0   0   0   0   0   0 | Ala GCT   0   0   0   0   0   0 | Asp GAT   0   0   0   0   0   0 | Gly GGT   1   1   2   1   1   1
    GTC   1   0   1   1   1   1 |     GCC   0   1   0   0   0   0 |     GAC   2   2   2   2   2   2 |     GGC   1   1   0   1   1   1
    GTA   2   2   2   2   2   2 |     GCA   1   1   1   1   1   1 | Glu GAA   0   0   0   0   0   0 |     GGA   1   1   1   1   1   1
    GTG   0   0   0   0   0   0 |     GCG   0   0   0   0   0   0 |     GAG   0   0   0   0   0   0 |     GGG   1   1   1   1   1   1
--------------------------------------------------------------------------------------------------------------------------------------

--------------------------------------------------------------------------------------------------------------------------------------
Phe TTT   1   1   1   1   1   1 | Ser TCT   0   0   0   0   0   0 | Tyr TAT   0   0   0   0   0   0 | Cys TGT   2   2   2   2   2   2
    TTC   0   0   0   0   0   0 |     TCC   1   1   1   1   1   1 |     TAC   0   0   0   0   0   0 |     TGC   1   1   1   1   1   1
Leu TTA   1   1   1   1   1   1 |     TCA   0   0   0   0   0   0 | *** TAA   0   0   0   0   0   0 | *** TGA   0   0   0   0   0   0
    TTG   1   1   1   1   1   1 |     TCG   0   0   0   0   0   0 |     TAG   0   0   0   0   0   0 | Trp TGG   1   1   1   1   1   1
--------------------------------------------------------------------------------------------------------------------------------------
Leu CTT   0   0   0   0   0   0 | Pro CCT   0   0   0   0   0   0 | His CAT   0   0   0   0   0   0 | Arg CGT   0   0   0   0   0   0
    CTC   1   1   1   1   1   1 |     CCC   0   0   0   0   0   0 |     CAC   0   0   0   0   0   0 |     CGC   0   0   0   0   0   0
    CTA   1   1   1   1   1   1 |     CCA   0   0   0   0   0   0 | Gln CAA   1   1   1   1   1   0 |     CGA   0   0   0   0   0   0
    CTG   2   2   2   2   2   2 |     CCG   0   0   0   0   0   0 |     CAG   2   2   2   2   2   3 |     CGG   0   0   0   0   0   0
--------------------------------------------------------------------------------------------------------------------------------------
Ile ATT   1   1   1   1   1   1 | Thr ACT   0   0   0   0   0   1 | Asn AAT   1   1   1   1   1   1 | Ser AGT   2   2   2   2   2   2
    ATC   0   0   0   0   0   0 |     ACC   2   2   2   2   2   1 |     AAC   1   1   1   1   1   1 |     AGC   0   0   0   0   0   0
    ATA   0   0   0   0   0   0 |     ACA   0   0   0   0   0   0 | Lys AAA   1   1   1   1   1   1 | Arg AGA   0   0   0   0   0   0
Met ATG   1   1   1   1   1   1 |     ACG   1   1   1   1   1   1 |     AAG   0   0   0   0   0   0 |     AGG   0   0   0   0   0   0
--------------------------------------------------------------------------------------------------------------------------------------
Val GTT   0   0   0   0   0   0 | Ala GCT   0   0   0   0   0   0 | Asp GAT   0   0   0   0   0   0 | Gly GGT   1   1   1   1   1   1
    GTC   0   1   1   1   1   1 |     GCC   1   0   0   0   0   0 |     GAC   2   2   2   2   2   2 |     GGC   1   1   1   1   1   1
    GTA   2   2   2   2   2   2 |     GCA   1   1   1   1   1   1 | Glu GAA   0   0   0   0   0   0 |     GGA   1   1   1   1   1   1
    GTG   0   0   0   0   0   0 |     GCG   0   0   0   0   0   0 |     GAG   0   0   0   0   0   0 |     GGG   1   1   1   1   1   1
--------------------------------------------------------------------------------------------------------------------------------------

--------------------------------------------------------------------------------------------------------------------------------------
Phe TTT   1   1   1   1   1   1 | Ser TCT   0   0   0   0   0   0 | Tyr TAT   0   0   0   0   0   0 | Cys TGT   2   2   2   2   2   2
    TTC   0   0   0   0   0   0 |     TCC   1   1   1   1   1   1 |     TAC   0   0   0   0   0   0 |     TGC   1   1   1   1   1   1
Leu TTA   1   1   1   1   1   1 |     TCA   0   0   0   0   0   0 | *** TAA   0   0   0   0   0   0 | *** TGA   0   0   0   0   0   0
    TTG   1   1   1   1   1   1 |     TCG   0   0   0   0   0   0 |     TAG   0   0   0   0   0   0 | Trp TGG   1   1   1   1   1   1
--------------------------------------------------------------------------------------------------------------------------------------
Leu CTT   0   0   0   0   0   0 | Pro CCT   0   0   0   0   0   0 | His CAT   0   0   0   0   0   0 | Arg CGT   0   0   0   0   0   0
    CTC   1   1   1   1   1   1 |     CCC   0   0   0   0   0   0 |     CAC   0   0   0   0   0   0 |     CGC   0   0   0   0   0   0
    CTA   0   1   1   1   1   1 |     CCA   0   0   0   0   0   0 | Gln CAA   1   1   1   2   0   1 |     CGA   0   0   0   0   0   0
    CTG   3   2   2   2   2   2 |     CCG   0   0   0   0   0   0 |     CAG   2   2   2   1   3   2 |     CGG   0   0   0   0   0   0
--------------------------------------------------------------------------------------------------------------------------------------
Ile ATT   1   1   1   1   1   1 | Thr ACT   0   0   0   0   0   0 | Asn AAT   2   2   1   1   1   1 | Ser AGT   2   2   2   2   2   2
    ATC   0   0   0   0   0   0 |     ACC   2   2   2   2   2   2 |     AAC   0   0   1   1   1   1 |     AGC   0   0   0   0   0   0
    ATA   1   1   0   0   0   0 |     ACA   0   0   0   0   0   0 | Lys AAA   1   1   1   1   1   1 | Arg AGA   0   0   0   0   0   0
Met ATG   1   1   1   1   1   1 |     ACG   1   1   1   1   1   1 |     AAG   0   0   0   0   0   0 |     AGG   0   0   0   0   0   0
--------------------------------------------------------------------------------------------------------------------------------------
Val GTT   0   0   0   0   0   0 | Ala GCT   0   0   0   0   0   0 | Asp GAT   0   0   0   0   0   0 | Gly GGT   1   1   2   1   1   1
    GTC   1   1   1   1   1   0 |     GCC   0   0   0   0   0   1 |     GAC   2   2   2   2   2   2 |     GGC   1   1   0   1   1   1
    GTA   1   1   2   2   2   2 |     GCA   1   1   1   1   1   1 | Glu GAA   0   0   0   0   0   0 |     GGA   1   1   1   1   1   1
    GTG   0   0   0   0   0   0 |     GCG   0   0   0   0   0   0 |     GAG   0   0   0   0   0   0 |     GGG   1   1   1   1   1   1
--------------------------------------------------------------------------------------------------------------------------------------

--------------------------------------------------------------------------------------------------------------------------------------
Phe TTT   1   1   1   1   1   1 | Ser TCT   0   0   0   0   0   0 | Tyr TAT   0   0   0   0   0   0 | Cys TGT   2   2   2   2   2   2
    TTC   0   0   0   0   0   0 |     TCC   1   1   1   1   1   1 |     TAC   0   0   0   0   0   0 |     TGC   1   1   1   1   1   1
Leu TTA   1   1   1   1   1   1 |     TCA   0   0   0   0   0   0 | *** TAA   0   0   0   0   0   0 | *** TGA   0   0   0   0   0   0
    TTG   1   1   1   1   1   1 |     TCG   0   0   0   0   0   0 |     TAG   0   0   0   0   0   0 | Trp TGG   1   1   1   1   1   1
--------------------------------------------------------------------------------------------------------------------------------------
Leu CTT   0   0   0   0   0   0 | Pro CCT   0   0   0   0   0   0 | His CAT   0   0   0   0   0   0 | Arg CGT   0   0   0   0   0   0
    CTC   1   1   1   1   1   1 |     CCC   0   0   0   0   0   0 |     CAC   0   0   0   0   0   0 |     CGC   0   0   0   0   0   0
    CTA   1   1   1   1   1   1 |     CCA   0   0   0   0   0   0 | Gln CAA   1   1   0   0   1   2 |     CGA   0   0   0   0   0   0
    CTG   2   2   2   2   2   2 |     CCG   0   0   0   0   0   0 |     CAG   2   2   3   3   2   1 |     CGG   0   0   0   0   0   0
--------------------------------------------------------------------------------------------------------------------------------------
Ile ATT   1   1   1   1   1   1 | Thr ACT   0   0   0   0   0   0 | Asn AAT   0   0   1   1   1   1 | Ser AGT   1   2   2   2   2   2
    ATC   0   0   0   0   0   0 |     ACC   2   2   2   2   2   2 |     AAC   2   2   1   1   1   1 |     AGC   1   0   0   0   0   0
    ATA   0   0   0   0   0   0 |     ACA   0   0   0   0   0   0 | Lys AAA   1   1   1   1   1   1 | Arg AGA   0   0   0   0   0   0
Met ATG   1   1   1   1   1   1 |     ACG   1   1   1   1   1   1 |     AAG   0   0   0   0   0   0 |     AGG   0   0   0   0   0   0
--------------------------------------------------------------------------------------------------------------------------------------
Val GTT   0   0   0   0   0   0 | Ala GCT   0   0   0   0   0   0 | Asp GAT   0   0   0   0   0   0 | Gly GGT   1   1   1   1   1   1
    GTC   1   1   0   1   1   1 |     GCC   0   0   1   0   0   0 |     GAC   2   2   2   2   2   2 |     GGC   1   1   1   1   1   1
    GTA   2   2   2   1   2   2 |     GCA   1   1   1   1   1   1 | Glu GAA   0   0   0   0   0   0 |     GGA   1   1   1   1   1   1
    GTG   0   0   0   1   0   0 |     GCG   0   0   0   0   0   0 |     GAG   0   0   0   0   0   0 |     GGG   1   1   1   1   1   1
--------------------------------------------------------------------------------------------------------------------------------------

--------------------------------------------------------------------------------------------------------------------------------------
Phe TTT   1   1   1   1   1   1 | Ser TCT   0   0   0   0   0   0 | Tyr TAT   0   0   0   0   0   0 | Cys TGT   1   2   2   2   2   2
    TTC   0   0   0   0   0   0 |     TCC   1   1   1   1   1   1 |     TAC   0   0   0   0   0   0 |     TGC   2   1   1   1   1   1
Leu TTA   1   1   1   1   1   1 |     TCA   0   0   0   0   0   0 | *** TAA   0   0   0   0   0   0 | *** TGA   0   0   0   0   0   0
    TTG   1   1   1   1   1   1 |     TCG   0   0   0   0   0   0 |     TAG   0   0   0   0   0   0 | Trp TGG   1   1   1   1   1   1
--------------------------------------------------------------------------------------------------------------------------------------
Leu CTT   0   0   0   0   0   0 | Pro CCT   0   0   0   0   0   0 | His CAT   0   0   0   0   0   0 | Arg CGT   0   0   0   0   0   0
    CTC   1   1   1   1   1   1 |     CCC   0   0   0   0   0   0 |     CAC   0   0   0   0   0   0 |     CGC   0   0   0   0   0   0
    CTA   1   1   1   1   1   1 |     CCA   0   0   0   0   0   0 | Gln CAA   0   2   1   1   0   1 |     CGA   0   0   0   0   0   0
    CTG   2   2   2   2   2   2 |     CCG   0   0   0   0   0   0 |     CAG   3   1   2   2   3   2 |     CGG   0   0   0   0   0   0
--------------------------------------------------------------------------------------------------------------------------------------
Ile ATT   1   1   1   1   1   1 | Thr ACT   0   0   0   0   0   0 | Asn AAT   1   1   0   1   1   1 | Ser AGT   2   2   2   2   2   2
    ATC   0   0   0   0   0   0 |     ACC   2   2   2   2   2   2 |     AAC   1   1   2   1   1   1 |     AGC   0   0   0   0   0   0
    ATA   0   0   0   0   0   0 |     ACA   0   0   0   0   1   0 | Lys AAA   1   1   1   1   1   1 | Arg AGA   0   0   0   0   0   0
Met ATG   1   1   1   1   1   1 |     ACG   1   1   1   1   0   1 |     AAG   0   0   0   0   0   0 |     AGG   0   0   0   0   0   0
--------------------------------------------------------------------------------------------------------------------------------------
Val GTT   0   0   0   0   0   0 | Ala GCT   0   0   0   0   0   0 | Asp GAT   0   0   0   0   0   0 | Gly GGT   1   1   1   1   1   1
    GTC   1   1   1   1   1   1 |     GCC   0   0   0   0   0   0 |     GAC   2   2   2   2   2   2 |     GGC   1   1   1   1   1   1
    GTA   2   2   2   2   2   2 |     GCA   1   1   1   1   1   1 | Glu GAA   0   0   0   0   0   0 |     GGA   1   1   1   1   1   1
    GTG   0   0   0   0   0   0 |     GCG   0   0   0   0   0   0 |     GAG   0   0   0   0   0   0 |     GGG   1   1   1   1   1   1
--------------------------------------------------------------------------------------------------------------------------------------

--------------------------------------------------------------------------------------------------------------------------------------
Phe TTT   1   1   1   1   1   1 | Ser TCT   0   0   0   1   0   0 | Tyr TAT   0   0   0   0   0   0 | Cys TGT   2   2   2   2   2   2
    TTC   0   0   0   0   0   0 |     TCC   1   1   1   0   0   1 |     TAC   0   0   0   0   0   0 |     TGC   1   1   1   1   1   1
Leu TTA   1   1   1   1   1   1 |     TCA   0   0   0   0   0   0 | *** TAA   0   0   0   0   0   0 | *** TGA   0   0   0   0   0   0
    TTG   1   1   1   2   1   1 |     TCG   0   0   0   0   1   0 |     TAG   0   0   0   0   0   0 | Trp TGG   1   1   1   1   1   1
--------------------------------------------------------------------------------------------------------------------------------------
Leu CTT   0   0   0   0   0   0 | Pro CCT   0   0   0   0   0   0 | His CAT   0   0   0   0   0   0 | Arg CGT   0   0   0   0   0   0
    CTC   1   1   1   1   1   2 |     CCC   0   0   0   0   0   0 |     CAC   0   0   0   0   0   0 |     CGC   0   0   0   0   0   0
    CTA   1   1   1   1   1   1 |     CCA   0   0   0   0   0   0 | Gln CAA   1   1   1   1   0   1 |     CGA   0   0   0   0   0   0
    CTG   2   2   2   1   2   1 |     CCG   0   0   0   0   0   0 |     CAG   2   2   2   2   3   2 |     CGG   0   0   0   0   0   0
--------------------------------------------------------------------------------------------------------------------------------------
Ile ATT   1   1   1   1   1   1 | Thr ACT   0   0   0   0   0   0 | Asn AAT   1   1   1   1   1   0 | Ser AGT   2   2   2   2   2   2
    ATC   0   0   0   0   0   0 |     ACC   2   2   2   2   2   2 |     AAC   1   1   1   1   1   2 |     AGC   0   0   0   0   0   0
    ATA   0   0   0   0   0   0 |     ACA   1   0   0   0   0   0 | Lys AAA   1   1   1   1   1   1 | Arg AGA   0   0   0   0   0   0
Met ATG   1   1   1   1   1   1 |     ACG   0   1   1   1   1   1 |     AAG   0   0   0   0   0   0 |     AGG   0   0   0   0   0   0
--------------------------------------------------------------------------------------------------------------------------------------
Val GTT   0   0   0   0   0   0 | Ala GCT   0   0   0   0   0   0 | Asp GAT   0   0   0   0   0   0 | Gly GGT   1   1   1   1   1   1
    GTC   1   1   0   1   1   1 |     GCC   0   0   1   0   0   0 |     GAC   2   2   2   2   2   2 |     GGC   1   1   1   1   1   1
    GTA   2   2   2   2   2   2 |     GCA   1   1   1   1   1   1 | Glu GAA   0   0   0   0   0   0 |     GGA   1   1   1   1   1   1
    GTG   0   0   0   0   0   0 |     GCG   0   0   0   0   0   0 |     GAG   0   0   0   0   0   0 |     GGG   1   1   1   1   1   1
--------------------------------------------------------------------------------------------------------------------------------------

--------------------------------------------------------------------------------------------------------------------------------------
Phe TTT   1   1   1   1   1   1 | Ser TCT   0   0   0   0   0   0 | Tyr TAT   0   0   0   0   0   0 | Cys TGT   2   2   2   2   2   2
    TTC   0   0   0   0   0   0 |     TCC   1   1   1   1   1   1 |     TAC   0   0   0   0   0   0 |     TGC   1   1   1   1   1   1
Leu TTA   1   1   1   1   1   1 |     TCA   0   0   0   0   0   0 | *** TAA   0   0   0   0   0   0 | *** TGA   0   0   0   0   0   0
    TTG   1   1   1   1   1   1 |     TCG   0   0   0   0   0   0 |     TAG   0   0   0   0   0   0 | Trp TGG   1   1   1   1   1   1
--------------------------------------------------------------------------------------------------------------------------------------
Leu CTT   0   0   0   0   0   0 | Pro CCT   0   0   0   0   0   0 | His CAT   0   0   0   0   0   0 | Arg CGT   0   0   0   0   0   0
    CTC   1   1   1   1   1   1 |     CCC   0   0   0   0   0   0 |     CAC   0   0   0   0   0   0 |     CGC   0   0   0   0   0   0
    CTA   1   1   1   1   1   1 |     CCA   0   0   0   0   0   0 | Gln CAA   1   0   1   1   1   0 |     CGA   0   0   0   0   0   0
    CTG   2   2   2   2   2   2 |     CCG   0   0   0   0   0   0 |     CAG   2   3   2   2   2   3 |     CGG   0   0   0   0   0   0
--------------------------------------------------------------------------------------------------------------------------------------
Ile ATT   1   1   1   1   1   1 | Thr ACT   0   0   0   0   0   0 | Asn AAT   0   1   0   0   1   1 | Ser AGT   1   2   2   2   2   2
    ATC   0   0   0   0   0   0 |     ACC   2   2   2   2   2   2 |     AAC   2   1   2   2   1   1 |     AGC   1   0   0   0   0   0
    ATA   0   0   0   0   0   0 |     ACA   0   0   0   0   0   0 | Lys AAA   1   1   1   1   1   1 | Arg AGA   0   0   0   0   0   0
Met ATG   1   1   1   1   1   1 |     ACG   1   1   1   1   1   1 |     AAG   0   0   0   0   0   0 |     AGG   0   0   0   0   0   0
--------------------------------------------------------------------------------------------------------------------------------------
Val GTT   0   0   0   0   0   0 | Ala GCT   0   0   0   0   0   0 | Asp GAT   0   0   0   0   0   0 | Gly GGT   1   2   1   1   1   1
    GTC   1   1   1   1   1   1 |     GCC   0   0   0   0   0   0 |     GAC   2   2   2   2   2   2 |     GGC   1   0   1   1   1   1
    GTA   2   1   2   2   2   2 |     GCA   1   1   1   1   1   1 | Glu GAA   0   0   0   0   0   0 |     GGA   1   1   1   1   1   1
    GTG   0   1   0   0   0   0 |     GCG   0   0   0   0   0   0 |     GAG   0   0   0   0   0   0 |     GGG   1   1   1   1   1   1
--------------------------------------------------------------------------------------------------------------------------------------

--------------------------------------------------------------------------------------------------------------------------------------
Phe TTT   1   1   1   1   1   1 | Ser TCT   0   0   0   0   0   0 | Tyr TAT   0   0   0   0   0   0 | Cys TGT   2   2   2   2   2   2
    TTC   0   0   0   0   0   0 |     TCC   1   1   1   1   1   1 |     TAC   0   0   0   0   0   0 |     TGC   1   1   1   1   1   1
Leu TTA   1   1   1   1   1   1 |     TCA   0   0   0   0   0   0 | *** TAA   0   0   0   0   0   0 | *** TGA   0   0   0   0   0   0
    TTG   1   1   2   1   1   1 |     TCG   0   0   0   0   0   0 |     TAG   0   0   0   0   0   0 | Trp TGG   1   1   1   1   1   1
--------------------------------------------------------------------------------------------------------------------------------------
Leu CTT   0   0   0   0   0   0 | Pro CCT   0   0   0   0   0   0 | His CAT   0   0   0   0   0   0 | Arg CGT   0   0   0   0   0   0
    CTC   1   1   1   1   1   1 |     CCC   0   0   0   0   0   0 |     CAC   0   0   0   0   0   0 |     CGC   0   0   0   0   0   0
    CTA   1   1   1   1   1   1 |     CCA   0   0   0   0   0   0 | Gln CAA   0   1   1   1   2   1 |     CGA   0   0   0   0   0   0
    CTG   2   2   1   2   2   2 |     CCG   0   0   0   0   0   0 |     CAG   3   2   2   2   1   2 |     CGG   0   0   0   0   0   0
--------------------------------------------------------------------------------------------------------------------------------------
Ile ATT   1   1   1   1   1   1 | Thr ACT   0   0   0   0   0   0 | Asn AAT   1   1   1   1   1   1 | Ser AGT   2   2   2   2   2   2
    ATC   0   0   0   0   0   0 |     ACC   2   2   2   2   2   2 |     AAC   1   1   1   1   1   1 |     AGC   0   0   0   0   0   0
    ATA   0   0   0   1   0   0 |     ACA   0   0   0   1   0   0 | Lys AAA   1   1   1   1   1   1 | Arg AGA   0   0   0   0   0   0
Met ATG   1   1   1   1   1   1 |     ACG   1   1   1   0   1   1 |     AAG   0   0   0   0   0   0 |     AGG   0   0   0   0   0   0
--------------------------------------------------------------------------------------------------------------------------------------
Val GTT   0   0   0   0   0   0 | Ala GCT   0   0   0   0   0   0 | Asp GAT   1   0   0   0   0   0 | Gly GGT   1   1   1   2   1   1
    GTC   1   1   1   1   1   1 |     GCC   0   0   0   0   0   0 |     GAC   1   2   2   2   2   2 |     GGC   1   1   0   0   1   1
    GTA   2   2   2   1   2   2 |     GCA   1   1   1   1   1   1 | Glu GAA   0   0   0   0   0   0 |     GGA   1   1   2   1   1   1
    GTG   0   0   0   0   0   0 |     GCG   0   0   0   0   0   0 |     GAG   0   0   0   0   0   0 |     GGG   1   1   1   1   1   1
--------------------------------------------------------------------------------------------------------------------------------------

Codon position x base (3x4) table for each sequence.

#1: Argali         
position  1:    T:0.22857    C:0.20000    A:0.28571    G:0.28571
position  2:    T:0.31429    C:0.17143    A:0.22857    G:0.28571
position  3:    T:0.22857    C:0.28571    A:0.22857    G:0.25714
Average         T:0.25714    C:0.21905    A:0.24762    G:0.27619

#2: LesserMouseDeer
position  1:    T:0.22857    C:0.20000    A:0.28571    G:0.28571
position  2:    T:0.34286    C:0.14286    A:0.22857    G:0.28571
position  3:    T:0.22857    C:0.28571    A:0.20000    G:0.28571
Average         T:0.26667    C:0.20952    A:0.23810    G:0.28571

#3: LesserKudu     
position  1:    T:0.22857    C:0.20000    A:0.28571    G:0.28571
position  2:    T:0.34286    C:0.14286    A:0.22857    G:0.28571
position  3:    T:0.25714    C:0.28571    A:0.25714    G:0.20000
Average         T:0.27619    C:0.20952    A:0.25714    G:0.25714

#4: ForestMuskDeer2
position  1:    T:0.22857    C:0.20000    A:0.31429    G:0.25714
position  2:    T:0.34286    C:0.14286    A:0.22857    G:0.28571
position  3:    T:0.25714    C:0.25714    A:0.25714    G:0.22857
Average         T:0.27619    C:0.20000    A:0.26667    G:0.25714

#5: Camel          
position  1:    T:0.20000    C:0.20000    A:0.31429    G:0.28571
position  2:    T:0.34286    C:0.14286    A:0.22857    G:0.28571
position  3:    T:0.25714    C:0.22857    A:0.11429    G:0.40000
Average         T:0.26667    C:0.19048    A:0.21905    G:0.32381

#6: KillerWhale    
position  1:    T:0.25714    C:0.17143    A:0.28571    G:0.28571
position  2:    T:0.34286    C:0.14286    A:0.22857    G:0.28571
position  3:    T:0.22857    C:0.22857    A:0.25714    G:0.28571
Average         T:0.27619    C:0.18095    A:0.25714    G:0.28571

#7: DefassaWaterbuck
position  1:    T:0.25714    C:0.17143    A:0.28571    G:0.28571
position  2:    T:0.34286    C:0.14286    A:0.22857    G:0.28571
position  3:    T:0.22857    C:0.28571    A:0.22857    G:0.25714
Average         T:0.27619    C:0.20000    A:0.24762    G:0.27619

#8: Sheep          
position  1:    T:0.22857    C:0.20000    A:0.28571    G:0.28571
position  2:    T:0.31429    C:0.17143    A:0.22857    G:0.28571
position  3:    T:0.22857    C:0.28571    A:0.22857    G:0.25714
Average         T:0.25714    C:0.21905    A:0.24762    G:0.27619

#9: MaxwellsDuiker 
position  1:    T:0.22857    C:0.20000    A:0.28571    G:0.28571
position  2:    T:0.34286    C:0.14286    A:0.22857    G:0.28571
position  3:    T:0.25714    C:0.25714    A:0.22857    G:0.25714
Average         T:0.27619    C:0.20000    A:0.24762    G:0.27619

#10: GazellaPrzewalskyi
position  1:    T:0.22857    C:0.20000    A:0.28571    G:0.28571
position  2:    T:0.34286    C:0.14286    A:0.22857    G:0.28571
position  3:    T:0.22857    C:0.28571    A:0.20000    G:0.28571
Average         T:0.26667    C:0.20952    A:0.23810    G:0.28571

#11: MountainNyala  
position  1:    T:0.22857    C:0.20000    A:0.28571    G:0.28571
position  2:    T:0.34286    C:0.14286    A:0.22857    G:0.28571
position  3:    T:0.22857    C:0.28571    A:0.25714    G:0.22857
Average         T:0.26667    C:0.20952    A:0.25714    G:0.26667

#12: MuntiacusMuntjak
position  1:    T:0.22857    C:0.20000    A:0.28571    G:0.28571
position  2:    T:0.34286    C:0.14286    A:0.22857    G:0.28571
position  3:    T:0.20000    C:0.31429    A:0.22857    G:0.25714
Average         T:0.25714    C:0.21905    A:0.24762    G:0.27619

#13: goat           
position  1:    T:0.22857    C:0.20000    A:0.28571    G:0.28571
position  2:    T:0.31429    C:0.17143    A:0.22857    G:0.28571
position  3:    T:0.22857    C:0.28571    A:0.22857    G:0.25714
Average         T:0.25714    C:0.21905    A:0.24762    G:0.27619

#14: AfricanBuffalo 
position  1:    T:0.22857    C:0.20000    A:0.28571    G:0.28571
position  2:    T:0.34286    C:0.14286    A:0.22857    G:0.28571
position  3:    T:0.22857    C:0.28571    A:0.22857    G:0.25714
Average         T:0.26667    C:0.20952    A:0.24762    G:0.27619

#15: Topi           
position  1:    T:0.22857    C:0.20000    A:0.28571    G:0.28571
position  2:    T:0.34286    C:0.14286    A:0.22857    G:0.28571
position  3:    T:0.22857    C:0.28571    A:0.22857    G:0.25714
Average         T:0.26667    C:0.20952    A:0.24762    G:0.27619

#16: CommonDuiker   
position  1:    T:0.22857    C:0.20000    A:0.28571    G:0.28571
position  2:    T:0.34286    C:0.14286    A:0.22857    G:0.28571
position  3:    T:0.22857    C:0.28571    A:0.22857    G:0.25714
Average         T:0.26667    C:0.20952    A:0.24762    G:0.27619

#17: Suni           
position  1:    T:0.22857    C:0.20000    A:0.28571    G:0.28571
position  2:    T:0.34286    C:0.14286    A:0.22857    G:0.28571
position  3:    T:0.22857    C:0.28571    A:0.22857    G:0.25714
Average         T:0.26667    C:0.20952    A:0.24762    G:0.27619

#18: Springbuck     
position  1:    T:0.22857    C:0.20000    A:0.28571    G:0.28571
position  2:    T:0.34286    C:0.14286    A:0.22857    G:0.28571
position  3:    T:0.25714    C:0.25714    A:0.20000    G:0.28571
Average         T:0.27619    C:0.20000    A:0.23810    G:0.28571

#19: Okapi          
position  1:    T:0.22857    C:0.20000    A:0.31429    G:0.25714
position  2:    T:0.34286    C:0.14286    A:0.22857    G:0.28571
position  3:    T:0.25714    C:0.25714    A:0.20000    G:0.28571
Average         T:0.27619    C:0.20000    A:0.24762    G:0.27619

#20: Giraffe        
position  1:    T:0.22857    C:0.20000    A:0.31429    G:0.25714
position  2:    T:0.34286    C:0.14286    A:0.22857    G:0.28571
position  3:    T:0.25714    C:0.25714    A:0.22857    G:0.25714
Average         T:0.27619    C:0.20000    A:0.25714    G:0.26667

#21: TibetanAntelope
position  1:    T:0.22857    C:0.20000    A:0.28571    G:0.28571
position  2:    T:0.34286    C:0.14286    A:0.22857    G:0.28571
position  3:    T:0.25714    C:0.25714    A:0.22857    G:0.25714
Average         T:0.27619    C:0.20000    A:0.24762    G:0.27619

#22: Sitatunga      
position  1:    T:0.22857    C:0.20000    A:0.28571    G:0.28571
position  2:    T:0.34286    C:0.14286    A:0.22857    G:0.28571
position  3:    T:0.22857    C:0.28571    A:0.25714    G:0.22857
Average         T:0.26667    C:0.20952    A:0.25714    G:0.26667

#23: Oribi          
position  1:    T:0.22857    C:0.20000    A:0.28571    G:0.28571
position  2:    T:0.34286    C:0.14286    A:0.22857    G:0.28571
position  3:    T:0.22857    C:0.28571    A:0.20000    G:0.28571
Average         T:0.26667    C:0.20952    A:0.23810    G:0.28571

#24: BarbarySheep   
position  1:    T:0.22857    C:0.20000    A:0.28571    G:0.28571
position  2:    T:0.31429    C:0.17143    A:0.22857    G:0.28571
position  3:    T:0.22857    C:0.28571    A:0.22857    G:0.25714
Average         T:0.25714    C:0.21905    A:0.24762    G:0.27619

#25: Daviddeer      
position  1:    T:0.22857    C:0.20000    A:0.28571    G:0.28571
position  2:    T:0.34286    C:0.14286    A:0.22857    G:0.28571
position  3:    T:0.17143    C:0.34286    A:0.22857    G:0.25714
Average         T:0.24762    C:0.22857    A:0.24762    G:0.27619

#26: Reindeer       
position  1:    T:0.22857    C:0.20000    A:0.28571    G:0.28571
position  2:    T:0.34286    C:0.14286    A:0.22857    G:0.28571
position  3:    T:0.20000    C:0.31429    A:0.22857    G:0.25714
Average         T:0.25714    C:0.21905    A:0.24762    G:0.27619

#27: Ibex           
position  1:    T:0.22857    C:0.20000    A:0.28571    G:0.28571
position  2:    T:0.31429    C:0.17143    A:0.22857    G:0.28571
position  3:    T:0.22857    C:0.28571    A:0.20000    G:0.28571
Average         T:0.25714    C:0.21905    A:0.23810    G:0.28571

#28: GyrantGazelle  
position  1:    T:0.22857    C:0.20000    A:0.28571    G:0.28571
position  2:    T:0.34286    C:0.14286    A:0.22857    G:0.28571
position  3:    T:0.22857    C:0.28571    A:0.17143    G:0.31429
Average         T:0.26667    C:0.20952    A:0.22857    G:0.29524

#29: Hartebeest     
position  1:    T:0.22857    C:0.20000    A:0.28571    G:0.28571
position  2:    T:0.34286    C:0.14286    A:0.22857    G:0.28571
position  3:    T:0.22857    C:0.28571    A:0.22857    G:0.25714
Average         T:0.26667    C:0.20952    A:0.24762    G:0.27619

#30: Bongo          
position  1:    T:0.22857    C:0.20000    A:0.28571    G:0.28571
position  2:    T:0.34286    C:0.14286    A:0.22857    G:0.28571
position  3:    T:0.22857    C:0.28571    A:0.25714    G:0.22857
Average         T:0.26667    C:0.20952    A:0.25714    G:0.26667

#31: Gerenuk        
position  1:    T:0.22857    C:0.20000    A:0.28571    G:0.28571
position  2:    T:0.34286    C:0.14286    A:0.22857    G:0.28571
position  3:    T:0.20000    C:0.31429    A:0.20000    G:0.28571
Average         T:0.25714    C:0.21905    A:0.23810    G:0.28571

#32: CommonEland    
position  1:    T:0.22857    C:0.20000    A:0.28571    G:0.28571
position  2:    T:0.34286    C:0.14286    A:0.22857    G:0.28571
position  3:    T:0.22857    C:0.28571    A:0.25714    G:0.22857
Average         T:0.26667    C:0.20952    A:0.25714    G:0.26667

#33: MuntiacusReevesi
position  1:    T:0.22857    C:0.20000    A:0.28571    G:0.28571
position  2:    T:0.34286    C:0.14286    A:0.22857    G:0.28571
position  3:    T:0.20000    C:0.31429    A:0.22857    G:0.25714
Average         T:0.25714    C:0.21905    A:0.24762    G:0.27619

#34: HarveysDuiker  
position  1:    T:0.22857    C:0.20000    A:0.28571    G:0.28571
position  2:    T:0.34286    C:0.14286    A:0.22857    G:0.28571
position  3:    T:0.22857    C:0.28571    A:0.22857    G:0.25714
Average         T:0.26667    C:0.20952    A:0.24762    G:0.27619

#35: Pronghorn      
position  1:    T:0.22857    C:0.20000    A:0.28571    G:0.28571
position  2:    T:0.34286    C:0.14286    A:0.22857    G:0.28571
position  3:    T:0.22857    C:0.28571    A:0.22857    G:0.25714
Average         T:0.26667    C:0.20952    A:0.24762    G:0.27619

#36: BlueWildebeest 
position  1:    T:0.22857    C:0.20000    A:0.28571    G:0.28571
position  2:    T:0.34286    C:0.14286    A:0.22857    G:0.28571
position  3:    T:0.22857    C:0.28571    A:0.22857    G:0.25714
Average         T:0.26667    C:0.20952    A:0.24762    G:0.27619

#37: Gemsbok        
position  1:    T:0.22857    C:0.20000    A:0.28571    G:0.28571
position  2:    T:0.34286    C:0.14286    A:0.22857    G:0.28571
position  3:    T:0.22857    C:0.28571    A:0.25714    G:0.22857
Average         T:0.26667    C:0.20952    A:0.25714    G:0.26667

#38: Yak            
position  1:    T:0.22857    C:0.20000    A:0.28571    G:0.28571
position  2:    T:0.34286    C:0.14286    A:0.22857    G:0.28571
position  3:    T:0.22857    C:0.28571    A:0.22857    G:0.25714
Average         T:0.26667    C:0.20952    A:0.24762    G:0.27619

#39: BlueSheep      
position  1:    T:0.22857    C:0.20000    A:0.28571    G:0.28571
position  2:    T:0.31429    C:0.17143    A:0.22857    G:0.28571
position  3:    T:0.22857    C:0.28571    A:0.22857    G:0.25714
Average         T:0.25714    C:0.21905    A:0.24762    G:0.27619

#40: BohorReedbuck  
position  1:    T:0.25714    C:0.17143    A:0.28571    G:0.28571
position  2:    T:0.34286    C:0.14286    A:0.22857    G:0.28571
position  3:    T:0.25714    C:0.25714    A:0.22857    G:0.25714
Average         T:0.28571    C:0.19048    A:0.24762    G:0.27619

#41: KirksDik       
position  1:    T:0.22857    C:0.20000    A:0.28571    G:0.28571
position  2:    T:0.34286    C:0.14286    A:0.22857    G:0.28571
position  3:    T:0.22857    C:0.25714    A:0.20000    G:0.31429
Average         T:0.26667    C:0.20000    A:0.23810    G:0.29524

#42: RoeDeer        
position  1:    T:0.22857    C:0.20000    A:0.28571    G:0.28571
position  2:    T:0.34286    C:0.14286    A:0.22857    G:0.28571
position  3:    T:0.20000    C:0.34286    A:0.22857    G:0.22857
Average         T:0.25714    C:0.22857    A:0.24762    G:0.26667

#43: WhiteLippedDeer
position  1:    T:0.22857    C:0.20000    A:0.28571    G:0.28571
position  2:    T:0.34286    C:0.14286    A:0.22857    G:0.28571
position  3:    T:0.17143    C:0.34286    A:0.22857    G:0.25714
Average         T:0.24762    C:0.22857    A:0.24762    G:0.27619

#44: ThomsonGazelle 
position  1:    T:0.22857    C:0.20000    A:0.28571    G:0.28571
position  2:    T:0.34286    C:0.14286    A:0.22857    G:0.28571
position  3:    T:0.25714    C:0.25714    A:0.17143    G:0.31429
Average         T:0.27619    C:0.20000    A:0.22857    G:0.29524

#45: MuntiacusCrinifrons
position  1:    T:0.22857    C:0.20000    A:0.28571    G:0.28571
position  2:    T:0.34286    C:0.14286    A:0.22857    G:0.28571
position  3:    T:0.20000    C:0.31429    A:0.22857    G:0.25714
Average         T:0.25714    C:0.21905    A:0.24762    G:0.27619

#46: WhiteTailedDeer
position  1:    T:0.22857    C:0.20000    A:0.28571    G:0.28571
position  2:    T:0.34286    C:0.14286    A:0.22857    G:0.28571
position  3:    T:0.20000    C:0.31429    A:0.22857    G:0.25714
Average         T:0.25714    C:0.21905    A:0.24762    G:0.27619

#47: Cattle         
position  1:    T:0.22857    C:0.20000    A:0.28571    G:0.28571
position  2:    T:0.34286    C:0.14286    A:0.22857    G:0.28571
position  3:    T:0.22857    C:0.28571    A:0.22857    G:0.25714
Average         T:0.26667    C:0.20952    A:0.24762    G:0.27619

#48: RoyalAntelope  
position  1:    T:0.22857    C:0.20000    A:0.28571    G:0.28571
position  2:    T:0.34286    C:0.14286    A:0.22857    G:0.28571
position  3:    T:0.22857    C:0.28571    A:0.20000    G:0.28571
Average         T:0.26667    C:0.20952    A:0.23810    G:0.28571

#49: Steenbok       
position  1:    T:0.22857    C:0.20000    A:0.28571    G:0.28571
position  2:    T:0.34286    C:0.14286    A:0.22857    G:0.28571
position  3:    T:0.25714    C:0.25714    A:0.20000    G:0.28571
Average         T:0.27619    C:0.20000    A:0.23810    G:0.28571

#50: Impala         
position  1:    T:0.22857    C:0.20000    A:0.28571    G:0.28571
position  2:    T:0.34286    C:0.14286    A:0.22857    G:0.28571
position  3:    T:0.22857    C:0.28571    A:0.22857    G:0.25714
Average         T:0.26667    C:0.20952    A:0.24762    G:0.27619

#51: Klipspringer   
position  1:    T:0.25714    C:0.17143    A:0.28571    G:0.28571
position  2:    T:0.34286    C:0.14286    A:0.22857    G:0.28571
