1
52 1
Argali 0.000000 0.275300 0.131400 0.172200 0.051100 0.000000 0.132100 0.053500 0.078700 0.123400 0.025800 0.066600 0.063900 0.064300 0.091800 0.065100 0.080200 0.053100 0.012800 0.091500 0.078400 0.026200 0.123400 0.137300 0.025500 0.148200 0.077300 0.078700 0.079800 0.092400 0.135900 0.052000 0.127600 0.051800 0.118200 0.066200 0.025700 0.052500 0.066000 0.133000 0.149800 0.134000 0.107900 0.150300 0.065600 0.091700 0.052900 0.038500 0.051900 0.159500 0.078700 0.076700
LesserMous 0.275300 0.000000 0.327300 0.263000 0.235900 0.275700 0.281000 0.279200 0.270600 0.362600 0.273500 0.292800 0.249100 0.237800 0.268800 0.320100 0.243500 0.245400 0.259900 0.269000 0.335600 0.245900 0.361400 0.307000 0.271100 0.383000 0.203700 0.270600 0.291100 0.286200 0.339900 0.272100 0.339100 0.237700 0.249300 0.290700 0.273000 0.242300 0.275200 0.316600 0.389400 0.366500 0.341800 0.320100 0.287900 0.316200 0.276300 0.223700 0.239600 0.297400 0.270600 0.297400
LesserKudu 0.131400 0.327300 0.000000 0.224200 0.100800 0.131600 0.183400 0.133600 0.049000 0.206700 0.131300 0.118000 0.169900 0.141900 0.142000 0.172700 0.131600 0.132900 0.117800 0.061000 0.172200 0.133300 0.206800 0.159900 0.130100 0.229800 0.154900 0.049000 0.159500 0.061800 0.218900 0.116500 0.151900 0.129400 0.168800 0.117400 0.130800 0.103600 0.145200 0.184500 0.232900 0.215000 0.220900 0.172300 0.116300 0.184700 0.132200 0.088500 0.102400 0.181800 0.049000 0.073400
KillerWhal 0.172200 0.263000 0.224200 0.000000 0.166600 0.172700 0.245500 0.174400 0.168100 0.221800 0.171300 0.125200 0.213500 0.167000 0.199700 0.217200 0.171700 0.142200 0.157100 0.166800 0.199300 0.174700 0.187300 0.202500 0.169300 0.280500 0.196500 0.168100 0.187600 0.183100 0.234600 0.170200 0.192000 0.168900 0.195600 0.118800 0.139500 0.171000 0.172800 0.213600 0.215400 0.264000 0.237000 0.216100 0.123300 0.214300 0.173200 0.153200 0.138100 0.157700 0.168100 0.164300
DefassaWat 0.051100 0.235900 0.100800 0.166600 0.000000 0.051100 0.074900 0.051900 0.050200 0.149800 0.051000 0.064700 0.088600 0.036900 0.037000 0.090200 0.051200 0.051600 0.038100 0.062500 0.103400 0.051800 0.149400 0.105000 0.050600 0.115600 0.075100 0.050200 0.077400 0.063100 0.162000 0.024900 0.094400 0.050300 0.088200 0.064300 0.050800 0.000100 0.064100 0.129800 0.175400 0.130000 0.133800 0.117500 0.063800 0.102100 0.051300 0.012300 0.024900 0.126400 0.050200 0.074900
Sheep 0.000000 0.275700 0.131600 0.172700 0.051100 0.000000 0.132400 0.053600 0.078800 0.123700 0.025800 0.066700 0.064000 0.064400 0.092000 0.065200 0.080300 0.053200 0.012800 0.091600 0.078500 0.026200 0.123600 0.137500 0.025600 0.148600 0.077500 0.078800 0.079900 0.092500 0.136100 0.052100 0.127700 0.051800 0.118500 0.066400 0.025700 0.052600 0.066100 0.133200 0.150100 0.134300 0.108100 0.150600 0.065700 0.091800 0.052900 0.038500 0.052000 0.159300 0.078800 0.076800
MaxwellsDu 0.132100 0.281000 0.183400 0.245500 0.074900 0.132400 0.000000 0.134500 0.130100 0.205800 0.132200 0.147900 0.170600 0.062000 0.088200 0.173900 0.117300 0.133800 0.118800 0.115000 0.188300 0.134200 0.241200 0.205100 0.131100 0.200400 0.155700 0.130100 0.131800 0.143900 0.254000 0.103000 0.161700 0.130100 0.114300 0.147100 0.131800 0.076900 0.146300 0.186400 0.268100 0.216300 0.188800 0.217800 0.145600 0.185400 0.133200 0.089300 0.103200 0.181300 0.130100 0.155500
GazellaPrz 0.053500 0.279200 0.133600 0.174400 0.051900 0.053600 0.134500 0.000000 0.079900 0.123200 0.053400 0.067700 0.092700 0.065300 0.078800 0.038500 0.081600 0.054000 0.039800 0.092900 0.051500 0.054200 0.123100 0.139700 0.052900 0.091000 0.078500 0.079900 0.025700 0.093700 0.135600 0.052900 0.129400 0.052600 0.120100 0.067300 0.053200 0.053300 0.012800 0.165700 0.149400 0.077600 0.107700 0.152900 0.066700 0.106900 0.000300 0.039100 0.052800 0.160800 0.079900 0.106000
MountainNy 0.078700 0.270600 0.049000 0.168100 0.050200 0.078800 0.130100 0.079900 0.000000 0.150800 0.078500 0.065300 0.117000 0.089800 0.090100 0.119000 0.078800 0.079400 0.065200 0.012300 0.132700 0.079700 0.150800 0.106000 0.077800 0.174600 0.102800 0.000000 0.105900 0.012300 0.163100 0.077800 0.125200 0.077400 0.116200 0.064900 0.078200 0.051600 0.092100 0.131000 0.176900 0.160300 0.164800 0.118600 0.064300 0.131200 0.079000 0.037800 0.051000 0.127600 0.000000 0.024400
MuntiacusM 0.123400 0.362600 0.206700 0.221800 0.149800 0.123700 0.205800 0.123200 0.150800 0.000000 0.153800 0.139300 0.194200 0.164800 0.179400 0.133400 0.138000 0.125700 0.139300 0.163900 0.147200 0.156300 0.025600 0.066100 0.152300 0.221100 0.178200 0.150800 0.149700 0.165500 0.037800 0.152700 0.142000 0.151300 0.224500 0.138700 0.153200 0.153800 0.135200 0.064200 0.050700 0.205800 0.012400 0.078900 0.137400 0.210400 0.121900 0.136500 0.152100 0.206500 0.150800 0.147100
goat 0.025800 0.273500 0.131300 0.171300 0.051000 0.025800 0.132200 0.053400 0.078500 0.153800 0.000000 0.065000 0.063800 0.064200 0.091500 0.092700 0.080000 0.053100 0.012800 0.091200 0.106300 0.026100 0.153600 0.137100 0.000100 0.147700 0.077100 0.078500 0.079500 0.092100 0.166300 0.052000 0.127600 0.051700 0.104600 0.066100 0.025600 0.052400 0.065800 0.162600 0.180300 0.133600 0.137200 0.150000 0.065500 0.091300 0.052800 0.038400 0.051800 0.159600 0.078500 0.104100
AfricanBuf 0.066600 0.292800 0.118000 0.125200 0.064700 0.066700 0.147900 0.067700 0.065300 0.139300 0.065000 0.000000 0.105600 0.078200 0.106100 0.107500 0.094700 0.067300 0.053000 0.078000 0.092800 0.067500 0.109600 0.123000 0.065900 0.163800 0.091300 0.065300 0.094200 0.078800 0.151900 0.065900 0.113200 0.065500 0.104800 0.026000 0.039100 0.066500 0.080200 0.148600 0.136000 0.149300 0.153000 0.136000 0.025700 0.119800 0.067000 0.051900 0.038800 0.114400 0.065300 0.063800
Topi 0.063900 0.249100 0.169900 0.213500 0.088600 0.064000 0.170600 0.092700 0.117000 0.194200 0.063800 0.105600 0.000000 0.102000 0.130100 0.103500 0.119200 0.092100 0.050900 0.129700 0.145500 0.064800 0.194200 0.175700 0.063200 0.157500 0.036300 0.117000 0.090600 0.130800 0.206300 0.090300 0.169100 0.037100 0.127900 0.105000 0.063500 0.091000 0.104700 0.202300 0.220700 0.143700 0.177400 0.188800 0.104000 0.102100 0.091700 0.076200 0.090100 0.199100 0.117000 0.142600
CommonDuik 0.064300 0.237800 0.141900 0.167000 0.036900 0.064400 0.062000 0.065300 0.089800 0.164800 0.064200 0.078200 0.102000 0.000000 0.049700 0.103900 0.091500 0.065000 0.051200 0.075600 0.117300 0.065200 0.164500 0.147500 0.063700 0.129600 0.088300 0.089800 0.064100 0.103300 0.177000 0.037500 0.121400 0.063300 0.101600 0.077800 0.064000 0.037900 0.077500 0.144000 0.190700 0.144200 0.148400 0.160500 0.077100 0.115800 0.064600 0.050200 0.063500 0.139100 0.089800 0.115000
Suni 0.091800 0.268800 0.142000 0.199700 0.037000 0.092000 0.088200 0.078800 0.090100 0.179400 0.091500 0.106100 0.130100 0.049700 0.000000 0.117400 0.091900 0.092600 0.078300 0.075900 0.130900 0.093000 0.178800 0.148400 0.090700 0.143200 0.115600 0.090100 0.077300 0.103600 0.191500 0.063700 0.138600 0.090200 0.101900 0.105500 0.091200 0.038000 0.091000 0.144600 0.205100 0.158100 0.162800 0.161100 0.104600 0.144400 0.078000 0.050500 0.063800 0.140400 0.090100 0.115400
Springbuck 0.065100 0.320100 0.172700 0.217200 0.090200 0.065200 0.173900 0.038500 0.119000 0.133400 0.092700 0.107500 0.103500 0.103900 0.117400 0.000000 0.121400 0.093800 0.079200 0.131700 0.062800 0.094100 0.133300 0.180600 0.091800 0.101700 0.117000 0.119000 0.037700 0.133000 0.145500 0.091900 0.172500 0.091300 0.159100 0.106900 0.092300 0.092600 0.050700 0.174900 0.158900 0.088600 0.118100 0.193600 0.105900 0.146000 0.025300 0.077600 0.091600 0.202700 0.119000 0.116100
Okapi 0.080200 0.243500 0.131600 0.171700 0.051200 0.080300 0.117300 0.081600 0.078800 0.138000 0.080000 0.094700 0.119200 0.091500 0.091900 0.121400 0.000000 0.053200 0.066400 0.091600 0.135400 0.081400 0.154300 0.108300 0.079300 0.178000 0.104700 0.078800 0.108100 0.092500 0.166900 0.079300 0.111500 0.078800 0.118500 0.094200 0.079700 0.052600 0.093900 0.133900 0.181100 0.163400 0.122100 0.121200 0.093400 0.133800 0.080600 0.038500 0.052000 0.129800 0.078800 0.104500
Giraffe 0.053100 0.245400 0.132900 0.142200 0.051600 0.053200 0.133800 0.054000 0.079400 0.125700 0.053100 0.067300 0.092100 0.065000 0.092600 0.093800 0.053200 0.000000 0.039600 0.092300 0.107600 0.053900 0.125500 0.109500 0.052600 0.149500 0.078000 0.079400 0.080500 0.093200 0.108800 0.052600 0.098600 0.052200 0.119400 0.066900 0.052800 0.053000 0.066600 0.135300 0.122600 0.135200 0.109700 0.122500 0.066300 0.106200 0.053500 0.038800 0.052400 0.101500 0.079400 0.105300
TibetanAnt 0.012800 0.259900 0.117800 0.157100 0.038100 0.012800 0.118800 0.039800 0.065200 0.139300 0.012800 0.053000 0.050900 0.051200 0.078300 0.079200 0.066400 0.039600 0.000000 0.078000 0.092800 0.013000 0.139200 0.122600 0.012700 0.134100 0.064100 0.065200 0.066000 0.078700 0.151800 0.038900 0.112700 0.038600 0.104600 0.052800 0.012800 0.039200 0.052500 0.148300 0.166000 0.119900 0.123100 0.135700 0.052300 0.078100 0.039300 0.025500 0.038700 0.143200 0.065200 0.090900
Sitatunga 0.091500 0.269000 0.061000 0.166800 0.062500 0.091600 0.115000 0.092900 0.012300 0.163900 0.091200 0.078000 0.129700 0.075600 0.075900 0.131700 0.091600 0.092300 0.078000 0.000000 0.145500 0.092700 0.163800 0.118800 0.090400 0.187400 0.115300 0.012300 0.091000 0.024600 0.176000 0.090400 0.138700 0.090000 0.101500 0.077600 0.090900 0.064200 0.104900 0.115800 0.189800 0.173100 0.177900 0.131400 0.076900 0.144000 0.091800 0.050200 0.063500 0.112300 0.012200 0.036500
Oribi 0.078400 0.335600 0.172200 0.199300 0.103400 0.078500 0.188300 0.051500 0.132700 0.147200 0.106300 0.092800 0.145500 0.117300 0.130900 0.062800 0.135400 0.107600 0.092800 0.145500 0.000000 0.108000 0.118300 0.195100 0.105300 0.142700 0.130600 0.132700 0.076800 0.146800 0.159100 0.077600 0.188000 0.104900 0.144000 0.092200 0.078100 0.106300 0.063600 0.188800 0.143600 0.129100 0.131600 0.208100 0.091400 0.160000 0.051000 0.090800 0.077600 0.186200 0.132700 0.102000
BarbaryShe 0.026200 0.245900 0.133300 0.174700 0.051800 0.026200 0.134200 0.054200 0.079700 0.156300 0.026100 0.067500 0.064800 0.065200 0.093000 0.094100 0.081400 0.053900 0.013000 0.092700 0.108000 0.000000 0.156200 0.139300 0.025900 0.150100 0.078400 0.079700 0.080800 0.093600 0.169000 0.052800 0.129400 0.052500 0.119800 0.067200 0.026000 0.053200 0.066900 0.165300 0.183300 0.135800 0.139600 0.152500 0.066600 0.092800 0.053600 0.039000 0.052600 0.161700 0.079700 0.105800
Daviddeer 0.123400 0.361400 0.206800 0.187300 0.149400 0.123600 0.241200 0.123100 0.150800 0.025600 0.153600 0.109600 0.194200 0.164500 0.178800 0.133300 0.154300 0.125500 0.139200 0.163800 0.118300 0.156200 0.000000 0.066000 0.152200 0.220700 0.178100 0.150800 0.149500 0.165500 0.038000 0.152300 0.176900 0.151300 0.192700 0.109000 0.123000 0.153500 0.135000 0.064100 0.025000 0.205700 0.038300 0.078900 0.108000 0.210100 0.121800 0.136200 0.122100 0.174600 0.150800 0.118200
Reindeer 0.137300 0.307000 0.159900 0.202500 0.105000 0.137500 0.205100 0.139700 0.106000 0.066100 0.137100 0.123000 0.175700 0.147500 0.148400 0.180600 0.108300 0.109500 0.122600 0.118800 0.195100 0.139300 0.066000 0.000000 0.135800 0.240100 0.159900 0.106000 0.166700 0.119900 0.078600 0.135800 0.158100 0.133100 0.176100 0.122400 0.136600 0.107800 0.151600 0.050600 0.091900 0.224600 0.079400 0.012400 0.121200 0.177800 0.138100 0.092200 0.106800 0.158200 0.106000 0.131800
Ibex 0.025500 0.271100 0.130100 0.169300 0.050600 0.025600 0.131100 0.052900 0.077800 0.152300 0.000100 0.065900 0.063200 0.063700 0.090700 0.091800 0.079300 0.052600 0.012700 0.090400 0.105300 0.025900 0.152200 0.135800 0.000000 0.146400 0.076500 0.077800 0.078800 0.091300 0.164800 0.051500 0.126500 0.051200 0.103700 0.065600 0.025400 0.052000 0.065300 0.161100 0.178600 0.132400 0.136200 0.148600 0.065000 0.090500 0.052300 0.038100 0.051400 0.158000 0.077800 0.103200
GyrantGaze 0.148200 0.383000 0.229800 0.280500 0.115600 0.148600 0.200400 0.091000 0.174600 0.221100 0.147700 0.163800 0.157500 0.129600 0.143200 0.101700 0.178000 0.149500 0.134100 0.187400 0.142700 0.150100 0.220700 0.240100 0.146400 0.000000 0.171600 0.174600 0.089400 0.189200 0.233100 0.117900 0.202100 0.145600 0.215700 0.162900 0.147200 0.118800 0.103100 0.265500 0.246800 0.036200 0.203800 0.253100 0.161300 0.202200 0.090300 0.131400 0.146100 0.245800 0.174600 0.200900
Hartebeest 0.077300 0.203700 0.154900 0.196500 0.075100 0.077500 0.155700 0.078500 0.102800 0.178200 0.077100 0.091300 0.036300 0.088300 0.115600 0.117000 0.104700 0.078000 0.064100 0.115300 0.130600 0.078400 0.178100 0.159900 0.076500 0.171600 0.000000 0.102800 0.104100 0.116300 0.190300 0.076500 0.153000 0.024500 0.113800 0.090900 0.076900 0.077100 0.090500 0.186400 0.204300 0.157500 0.161800 0.172900 0.090000 0.101400 0.077700 0.062800 0.076300 0.182900 0.102800 0.128000
Bongo 0.078700 0.270600 0.049000 0.168100 0.050200 0.078800 0.130100 0.079900 0.000000 0.150800 0.078500 0.065300 0.117000 0.089800 0.090100 0.119000 0.078800 0.079400 0.065200 0.012300 0.132700 0.079700 0.150800 0.106000 0.077800 0.174600 0.102800 0.000000 0.105900 0.012300 0.163100 0.077800 0.125200 0.077400 0.116200 0.064900 0.078200 0.051600 0.092100 0.131000 0.176900 0.160300 0.164800 0.118600 0.064300 0.131200 0.079000 0.037800 0.051000 0.127600 0.000000 0.024400
Gerenuk 0.079800 0.291100 0.159500 0.187600 0.077400 0.079900 0.131800 0.025700 0.105900 0.149700 0.079500 0.094200 0.090600 0.064100 0.077300 0.037700 0.108100 0.080500 0.066000 0.091000 0.076800 0.080800 0.149500 0.166700 0.078800 0.089400 0.104100 0.105900 0.000000 0.119900 0.161800 0.078800 0.158400 0.078400 0.117700 0.093600 0.079200 0.079500 0.038100 0.162200 0.175500 0.075700 0.133800 0.179700 0.092800 0.132900 0.025400 0.064800 0.078600 0.159200 0.105900 0.131800
CommonElan 0.092400 0.286200 0.061800 0.183100 0.063100 0.092500 0.143900 0.093700 0.012300 0.165500 0.092100 0.078800 0.130800 0.103300 0.103600 0.133000 0.092500 0.093200 0.078700 0.024600 0.146800 0.093600 0.165500 0.119900 0.091300 0.189200 0.116300 0.012300 0.119900 0.000000 0.177700 0.091200 0.139700 0.090700 0.129800 0.051300 0.091700 0.064800 0.105900 0.116500 0.191700 0.174800 0.179700 0.132700 0.050900 0.145400 0.092700 0.050700 0.064100 0.112300 0.012300 0.036800
MuntiacusR 0.135900 0.339900 0.218900 0.234600 0.162000 0.136100 0.254000 0.135600 0.163100 0.037800 0.166300 0.151900 0.206300 0.177000 0.191500 0.145500 0.166900 0.108800 0.151800 0.176000 0.159100 0.169000 0.038000 0.078600 0.164800 0.233100 0.190300 0.163100 0.161800 0.177700 0.000000 0.165100 0.190000 0.163600 0.236800 0.151300 0.165700 0.166300 0.147300 0.076300 0.037100 0.217900 0.050600 0.091200 0.149800 0.222500 0.134400 0.148800 0.164400 0.187200 0.163100 0.159000
HarveysDui 0.052000 0.272100 0.116500 0.170200 0.024900 0.052100 0.103000 0.052900 0.077800 0.152700 0.052000 0.065900 0.090300 0.037500 0.063700 0.091900 0.079300 0.052600 0.038900 0.090400 0.077600 0.052800 0.152300 0.135800 0.051500 0.117900 0.076500 0.077800 0.078800 0.091200 0.165100 0.000000 0.109100 0.051200 0.117100 0.065500 0.051800 0.025500 0.065300 0.161000 0.179100 0.132600 0.136400 0.148700 0.064900 0.104100 0.052300 0.038100 0.051400 0.156000 0.077800 0.103200
Pronghorn 0.127600 0.339100 0.151900 0.192000 0.094400 0.127700 0.161700 0.129400 0.125200 0.142000 0.127600 0.113200 0.169100 0.121400 0.138600 0.172500 0.111500 0.098600 0.112700 0.138700 0.188000 0.129400 0.176900 0.158100 0.126500 0.202100 0.153000 0.125200 0.158400 0.139700 0.190000 0.109100 0.000000 0.125600 0.200600 0.112700 0.127500 0.096800 0.142200 0.184900 0.205600 0.219700 0.156000 0.172000 0.111700 0.185500 0.128000 0.110400 0.126300 0.178900 0.125200 0.152500
BlueWildeb 0.051800 0.237700 0.129400 0.168900 0.050300 0.051800 0.130100 0.052600 0.077400 0.151300 0.051700 0.065500 0.037100 0.063300 0.090200 0.091300 0.078800 0.052200 0.038600 0.090000 0.104900 0.052500 0.151300 0.133100 0.051200 0.145600 0.024500 0.077400 0.078400 0.090700 0.163600 0.051200 0.125600 0.000000 0.088800 0.065200 0.051500 0.051600 0.064900 0.160100 0.177600 0.131700 0.135200 0.146300 0.064600 0.076300 0.052000 0.037800 0.051100 0.156200 0.077400 0.102700
Gemsbok 0.118200 0.249300 0.168800 0.195600 0.088200 0.118500 0.114300 0.120100 0.116200 0.224500 0.104600 0.104800 0.127900 0.101600 0.101900 0.159100 0.118500 0.119400 0.104600 0.101500 0.144000 0.119800 0.192700 0.176100 0.103700 0.215700 0.113800 0.116200 0.117700 0.129800 0.236800 0.117100 0.200600 0.088800 0.000000 0.104300 0.090000 0.090500 0.131800 0.171500 0.218900 0.201100 0.206900 0.188600 0.103300 0.170900 0.118900 0.075800 0.063000 0.138800 0.116200 0.113800
Yak 0.066200 0.290700 0.117400 0.118800 0.064300 0.066400 0.147100 0.067300 0.064900 0.138700 0.066100 0.026000 0.105000 0.077800 0.105500 0.106900 0.094200 0.066900 0.052800 0.077600 0.092200 0.067200 0.109000 0.122400 0.065600 0.162900 0.090900 0.064900 0.093600 0.051300 0.151300 0.065500 0.112700 0.065200 0.104300 0.000000 0.038900 0.066100 0.079700 0.118800 0.135200 0.148500 0.152700 0.135300 0.000100 0.119100 0.066600 0.051700 0.038600 0.085600 0.064900 0.063500
BlueSheep 0.025700 0.273000 0.130800 0.139500 0.050800 0.025700 0.131800 0.053200 0.078200 0.153200 0.025600 0.039100 0.063500 0.064000 0.091200 0.092300 0.079700 0.052800 0.012800 0.090900 0.078100 0.026000 0.123000 0.136600 0.025400 0.147200 0.076900 0.078200 0.079200 0.091700 0.165700 0.051800 0.127500 0.051500 0.090000 0.038900 0.000000 0.052200 0.065600 0.162000 0.149300 0.133100 0.136900 0.149400 0.038500 0.091000 0.052600 0.038300 0.025400 0.129900 0.078200 0.076500
BohorReedb 0.052500 0.242300 0.103600 0.171000 0.000100 0.052600 0.076900 0.053300 0.051600 0.153800 0.052400 0.066500 0.091000 0.037900 0.038000 0.092600 0.052600 0.053000 0.039200 0.064200 0.106300 0.053200 0.153500 0.107800 0.052000 0.118800 0.077100 0.051600 0.079500 0.064800 0.166300 0.025500 0.096800 0.051600 0.090500 0.066100 0.052200 0.000000 0.065900 0.133500 0.180200 0.133600 0.137400 0.120900 0.065500 0.105000 0.052700 0.012700 0.025600 0.128700 0.051600 0.077000
KirksDik 0.066000 0.275200 0.145200 0.172800 0.064100 0.066100 0.146300 0.012800 0.092100 0.135200 0.065800 0.080200 0.104700 0.077500 0.091000 0.050700 0.093900 0.066600 0.052500 0.104900 0.063600 0.066900 0.135000 0.151600 0.065300 0.103100 0.090500 0.092100 0.038100 0.105900 0.147300 0.065300 0.142200 0.064900 0.131800 0.079700 0.065600 0.065900 0.000000 0.177200 0.160900 0.089700 0.119600 0.164700 0.079000 0.090800 0.012600 0.051500 0.065100 0.142100 0.092100 0.117800
RoeDeer 0.133000 0.316600 0.184500 0.213600 0.129800 0.133200 0.186400 0.165700 0.131000 0.064200 0.162600 0.148600 0.202300 0.144000 0.144600 0.174900 0.133900 0.135300 0.148300 0.115800 0.188800 0.165300 0.064100 0.050600 0.161100 0.265500 0.186400 0.131000 0.162200 0.116500 0.076300 0.161000 0.184900 0.160100 0.171500 0.118800 0.162000 0.133500 0.177200 0.000000 0.089200 0.249900 0.077100 0.062900 0.117700 0.218400 0.163800 0.117200 0.132000 0.124600 0.131000 0.127900
WhiteLippe 0.149800 0.389400 0.232900 0.215400 0.175400 0.150100 0.268100 0.149400 0.176900 0.050700 0.180300 0.136000 0.220700 0.190700 0.205100 0.158900 0.181100 0.122600 0.166000 0.189800 0.143600 0.183300 0.025000 0.091900 0.178600 0.246800 0.204300 0.176900 0.175500 0.191700 0.037100 0.179100 0.205600 0.177600 0.218900 0.135200 0.149300 0.180200 0.160900 0.089200 0.000000 0.231800 0.063400 0.104500 0.133900 0.236800 0.148100 0.162400 0.148200 0.171700 0.176900 0.143500
ThomsonGaz 0.134000 0.366500 0.215000 0.264000 0.130000 0.134300 0.216300 0.077600 0.160300 0.205800 0.133600 0.149300 0.143700 0.144200 0.158100 0.088600 0.163400 0.135200 0.119900 0.173100 0.129100 0.135800 0.205700 0.224600 0.132400 0.036200 0.157500 0.160300 0.075700 0.174800 0.217900 0.132600 0.219700 0.131700 0.201100 0.148500 0.133100 0.133600 0.089700 0.249900 0.231800 0.000000 0.188900 0.237500 0.147100 0.187700 0.077000 0.117500 0.132200 0.230800 0.160300 0.186400
MuntiacusC 0.107900 0.341800 0.220900 0.237000 0.133800 0.108100 0.188800 0.107700 0.164800 0.012400 0.137200 0.153000 0.177400 0.148400 0.162800 0.118100 0.122100 0.109700 0.123100 0.177900 0.131600 0.139600 0.038300 0.079400 0.136200 0.203800 0.161800 0.164800 0.133800 0.179700 0.050600 0.136400 0.156000 0.135200 0.206900 0.152700 0.136900 0.137400 0.119600 0.077100 0.063400 0.188900 0.000000 0.092200 0.151200 0.193100 0.106500 0.120700 0.135900 0.220500 0.164800 0.160700
WhiteTaile 0.150300 0.320100 0.172300 0.216100 0.117500 0.150600 0.217800 0.152900 0.118600 0.078900 0.150000 0.136000 0.188800 0.160500 0.161100 0.193600 0.121200 0.122500 0.135700 0.131400 0.208100 0.152500 0.078900 0.012400 0.148600 0.253100 0.172900 0.118600 0.179700 0.132700 0.091200 0.148700 0.172000 0.146300 0.188600 0.135300 0.149400 0.120900 0.164700 0.062900 0.104500 0.237500 0.092200 0.000000 0.134000 0.190700 0.151100 0.104800 0.119500 0.171700 0.118600 0.144300
Cattle 0.065600 0.287900 0.116300 0.123300 0.063800 0.065700 0.145600 0.066700 0.064300 0.137400 0.065500 0.025700 0.104000 0.077100 0.104600 0.105900 0.093400 0.066300 0.052300 0.076900 0.091400 0.066600 0.108000 0.121200 0.065000 0.161300 0.090000 0.064300 0.092800 0.050900 0.149800 0.064900 0.111700 0.064600 0.103300 0.000100 0.038500 0.065500 0.079000 0.117700 0.133900 0.147100 0.151200 0.134000 0.000000 0.118000 0.066000 0.051200 0.038300 0.084800 0.064300 0.063000
RoyalAntel 0.091700 0.316200 0.184700 0.214300 0.102100 0.091800 0.185400 0.106900 0.131200 0.210400 0.091300 0.119800 0.102100 0.115800 0.144400 0.146000 0.133800 0.106200 0.078100 0.144000 0.160000 0.092800 0.210100 0.177800 0.090500 0.202200 0.101400 0.131200 0.132900 0.145400 0.222500 0.104100 0.185500 0.076300 0.170900 0.119100 0.091000 0.105000 0.090800 0.218400 0.236800 0.187700 0.193100 0.190700 0.118000 0.000000 0.105800 0.089700 0.103300 0.184500 0.131200 0.157000
Steenbok 0.052900 0.276300 0.132200 0.173200 0.051300 0.052900 0.133200 0.000300 0.079000 0.121900 0.052800 0.067000 0.091700 0.064600 0.078000 0.025300 0.080600 0.053500 0.039300 0.091800 0.051000 0.053600 0.121800 0.138100 0.052300 0.090300 0.077700 0.079000 0.025400 0.092700 0.134400 0.052300 0.128000 0.052000 0.118900 0.066600 0.052600 0.052700 0.012600 0.163800 0.148100 0.077000 0.106500 0.151100 0.066000 0.105800 0.000000 0.038600 0.052200 0.158800 0.079000 0.104800
Impala 0.038500 0.223700 0.088500 0.153200 0.012300 0.038500 0.089300 0.039100 0.037800 0.136500 0.038400 0.051900 0.076200 0.050200 0.050500 0.077600 0.038500 0.038800 0.025500 0.050200 0.090800 0.039000 0.136200 0.092200 0.038100 0.131400 0.062800 0.037800 0.064800 0.050700 0.148800 0.038100 0.110400 0.037800 0.075800 0.051700 0.038300 0.012700 0.051500 0.117200 0.162400 0.117500 0.120700 0.104800 0.051200 0.089700 0.038600 0.000000 0.012500 0.112900 0.037800 0.062700
Klipspring 0.051900 0.239600 0.102400 0.138100 0.024900 0.052000 0.103200 0.052800 0.051000 0.152100 0.051800 0.038800 0.090100 0.063500 0.063800 0.091600 0.052000 0.052400 0.038700 0.063500 0.077600 0.052600 0.122100 0.106800 0.051400 0.146100 0.076300 0.051000 0.078600 0.064100 0.164400 0.051400 0.126300 0.051100 0.063000 0.038600 0.025400 0.025600 0.065100 0.132000 0.148200 0.132200 0.135900 0.119500 0.038300 0.103300 0.052200 0.012500 0.000000 0.099800 0.051000 0.050000
ForestMusk 0.159500 0.297400 0.181800 0.157700 0.126400 0.159300 0.181300 0.160800 0.127600 0.206500 0.159600 0.114400 0.199100 0.139100 0.140400 0.202700 0.129800 0.101500 0.143200 0.112300 0.186200 0.161700 0.174600 0.158200 0.158000 0.245800 0.182900 0.127600 0.159200 0.112300 0.187200 0.156000 0.178900 0.156200 0.138800 0.085600 0.129900 0.128700 0.142100 0.124600 0.171700 0.230800 0.220500 0.171700 0.084800 0.184500 0.158800 0.112900 0.099800 0.000000 0.127600 0.124300
Bushbuck 0.078700 0.270600 0.049000 0.168100 0.050200 0.078800 0.130100 0.079900 0.000000 0.150800 0.078500 0.065300 0.117000 0.089800 0.090100 0.119000 0.078800 0.079400 0.065200 0.012200 0.132700 0.079700 0.150800 0.106000 0.077800 0.174600 0.102800 0.000000 0.105900 0.012300 0.163100 0.077800 0.125200 0.077400 0.116200 0.064900 0.078200 0.051600 0.092100 0.131000 0.176900 0.160300 0.164800 0.118600 0.064300 0.131200 0.079000 0.037800 0.051000 0.127600 0.000000 0.024400
GreaterKud 0.076700 0.297400 0.073400 0.164300 0.074900 0.076800 0.155500 0.106000 0.024400 0.147100 0.104100 0.063800 0.142600 0.115000 0.115400 0.116100 0.104500 0.105300 0.090900 0.036500 0.102000 0.105800 0.118200 0.131800 0.103200 0.200900 0.128000 0.024400 0.131800 0.036800 0.159000 0.103200 0.152500 0.102700 0.113800 0.063500 0.076500 0.077000 0.117800 0.127900 0.143500 0.186400 0.160700 0.144300 0.063000 0.157000 0.104800 0.062700 0.050000 0.124300 0.024400 0.000000
