1
52 1
Argali 0.000000 0.158100 0.051300 0.130300 0.014400 0.000000 0.036800 0.045000 0.043900 0.073200 0.014400 0.058800 0.029300 0.036700 0.044800 0.044800 0.065400 0.043900 0.014500 0.051700 0.067600 0.014100 0.058300 0.036400 0.014500 0.029400 0.021900 0.043900 0.036800 0.051300 0.080500 0.036700 0.073700 0.021900 0.014400 0.043700 0.007000 0.014500 0.043800 0.051100 0.043400 0.037100 0.073200 0.057400 0.043700 0.036800 0.044400 0.021900 0.029400 0.036500 0.051400 0.051100
LesserMous 0.158100 0.000000 0.159200 0.195500 0.160100 0.158100 0.152500 0.163800 0.159600 0.164900 0.141200 0.176400 0.177200 0.152200 0.181000 0.153700 0.183800 0.159200 0.159000 0.169300 0.188400 0.142100 0.174500 0.150400 0.141700 0.144000 0.168600 0.159600 0.152100 0.159200 0.172700 0.152000 0.184100 0.168600 0.158300 0.158600 0.150100 0.160900 0.159200 0.158500 0.157500 0.153700 0.164900 0.174300 0.158600 0.152400 0.152500 0.152400 0.144000 0.151300 0.159700 0.158600
LesserKudu 0.051300 0.159200 0.000000 0.140600 0.051400 0.051300 0.044200 0.052500 0.006900 0.080800 0.051400 0.035700 0.067100 0.044200 0.067700 0.052300 0.074000 0.051200 0.051600 0.014300 0.075100 0.051600 0.065700 0.043600 0.051600 0.036700 0.059500 0.006900 0.044100 0.000000 0.088100 0.044100 0.081400 0.059500 0.051400 0.021300 0.044000 0.051600 0.050700 0.058600 0.050800 0.044500 0.080800 0.066000 0.021300 0.059300 0.051800 0.044100 0.036700 0.044000 0.000000 0.000000
KillerWhal 0.130300 0.195500 0.140600 0.000000 0.130800 0.130300 0.114500 0.125100 0.132600 0.146900 0.130400 0.148900 0.139800 0.116800 0.132500 0.133200 0.132500 0.121900 0.131100 0.125000 0.158200 0.131300 0.147500 0.121600 0.130800 0.115100 0.131500 0.132600 0.106300 0.140600 0.154600 0.125200 0.165300 0.131500 0.130500 0.131800 0.122400 0.131600 0.129700 0.131900 0.131000 0.115600 0.146900 0.132000 0.131800 0.123100 0.131300 0.122900 0.115100 0.124700 0.141000 0.140000
DefassaWat 0.014400 0.160100 0.051400 0.130800 0.000000 0.014400 0.036900 0.045100 0.044000 0.073300 0.014500 0.058900 0.029300 0.036800 0.044800 0.044900 0.066000 0.043800 0.014500 0.051800 0.067700 0.014500 0.058400 0.036300 0.014500 0.029400 0.022000 0.044000 0.036800 0.051400 0.080600 0.036800 0.073900 0.022000 0.014500 0.043800 0.007200 0.014500 0.043900 0.051200 0.043500 0.037200 0.073300 0.058100 0.043800 0.052000 0.044500 0.021900 0.029400 0.036600 0.051500 0.051200
Sheep 0.000000 0.158100 0.051300 0.130300 0.014400 0.000000 0.036800 0.045000 0.043900 0.073200 0.014400 0.058800 0.029300 0.036700 0.044800 0.044800 0.065400 0.043900 0.014500 0.051700 0.067600 0.014500 0.058300 0.036400 0.014500 0.029400 0.021900 0.043900 0.036800 0.051300 0.080500 0.036700 0.073700 0.021900 0.014400 0.043700 0.007000 0.014500 0.043800 0.051100 0.043400 0.037100 0.073200 0.057400 0.043700 0.036800 0.044400 0.021900 0.029400 0.036500 0.051400 0.051100
MaxwellsDu 0.036800 0.152500 0.044200 0.114500 0.036900 0.036800 0.000000 0.022400 0.036800 0.066200 0.036900 0.051700 0.037100 0.014600 0.037500 0.037500 0.057600 0.036700 0.037000 0.044500 0.060300 0.037100 0.051200 0.029200 0.037100 0.022100 0.029600 0.036800 0.029500 0.044200 0.073500 0.029500 0.066700 0.029600 0.036900 0.036600 0.029400 0.037000 0.021900 0.044000 0.036300 0.029800 0.066200 0.049600 0.036600 0.042300 0.037100 0.029500 0.022100 0.029400 0.044300 0.044000
GazellaPrz 0.045000 0.163800 0.052500 0.125100 0.045100 0.045000 0.022400 0.000000 0.045000 0.075000 0.045200 0.060200 0.045400 0.022400 0.045900 0.030300 0.067000 0.044900 0.045300 0.053000 0.053400 0.045300 0.059700 0.037200 0.045300 0.014900 0.037800 0.045000 0.022300 0.052500 0.082400 0.037600 0.075600 0.037800 0.045100 0.044700 0.037500 0.045100 0.029700 0.052300 0.044500 0.022600 0.075000 0.058800 0.044700 0.053200 0.030100 0.037700 0.030000 0.037400 0.052700 0.052300
MountainNy 0.043900 0.159600 0.006900 0.132600 0.044000 0.043900 0.036800 0.045000 0.000000 0.073400 0.044100 0.028600 0.059600 0.036800 0.060100 0.044800 0.066500 0.043800 0.044200 0.007100 0.067500 0.044200 0.058400 0.036300 0.044200 0.029400 0.052000 0.000000 0.036700 0.006900 0.080700 0.036800 0.073900 0.052000 0.044000 0.014200 0.036600 0.044200 0.043300 0.051200 0.043500 0.037100 0.073400 0.058600 0.013800 0.051900 0.044400 0.036700 0.029400 0.036600 0.007100 0.007100
MuntiacusM 0.073200 0.164900 0.080800 0.146900 0.073300 0.073200 0.066200 0.075000 0.073400 0.000000 0.073500 0.088500 0.089400 0.066100 0.090200 0.074500 0.096200 0.073000 0.073700 0.081500 0.097400 0.073800 0.072100 0.050400 0.073700 0.058700 0.081800 0.073400 0.066100 0.080800 0.006800 0.066000 0.080200 0.081800 0.073500 0.073000 0.065900 0.073700 0.073100 0.050200 0.057300 0.066700 0.000000 0.057700 0.073000 0.081500 0.066300 0.066100 0.058700 0.065800 0.081100 0.080500
goat 0.014400 0.141200 0.051400 0.130400 0.014500 0.014400 0.036900 0.045200 0.044100 0.073500 0.000000 0.059000 0.029400 0.036900 0.044900 0.044900 0.064700 0.044000 0.014500 0.051900 0.067700 0.000000 0.058400 0.036500 0.000000 0.029500 0.022000 0.044100 0.036900 0.051400 0.080800 0.036800 0.074000 0.022000 0.014500 0.043800 0.007200 0.014500 0.044000 0.051300 0.043500 0.037200 0.073500 0.056600 0.043800 0.052100 0.044500 0.021900 0.029500 0.036600 0.051600 0.051200
AfricanBuf 0.058800 0.176400 0.035700 0.148900 0.058900 0.058800 0.051700 0.060200 0.028600 0.088500 0.059000 0.000000 0.074700 0.051700 0.075400 0.059900 0.081600 0.058700 0.059100 0.034600 0.082800 0.059200 0.073200 0.051100 0.059200 0.044200 0.067100 0.028100 0.051600 0.035700 0.095800 0.051700 0.089100 0.067100 0.058900 0.028400 0.051400 0.059200 0.058300 0.066100 0.058200 0.052100 0.088500 0.073600 0.027500 0.067000 0.059400 0.051700 0.044200 0.051400 0.035900 0.035700
Topi 0.029300 0.177200 0.067100 0.139800 0.029300 0.029300 0.037100 0.045400 0.059600 0.089400 0.029400 0.074700 0.000000 0.037000 0.045100 0.060700 0.080700 0.059500 0.029400 0.067600 0.083900 0.029500 0.058700 0.051800 0.029500 0.044800 0.007100 0.059600 0.052300 0.067100 0.096800 0.052200 0.090100 0.007000 0.029300 0.059200 0.022000 0.029500 0.059400 0.066800 0.058800 0.052800 0.089400 0.072400 0.059200 0.067900 0.060200 0.037100 0.044800 0.052000 0.067200 0.066800
CommonDuik 0.036700 0.152200 0.044200 0.116800 0.036800 0.036700 0.014600 0.022400 0.036800 0.066100 0.036900 0.051700 0.037000 0.000000 0.037400 0.037400 0.059400 0.036700 0.036900 0.044600 0.060200 0.037000 0.051100 0.029200 0.037000 0.022100 0.029600 0.036800 0.029500 0.044200 0.073400 0.014300 0.066600 0.029600 0.036800 0.036600 0.029400 0.037000 0.036600 0.043900 0.036300 0.029800 0.066100 0.051600 0.036600 0.044600 0.037100 0.029500 0.022100 0.029300 0.044300 0.044000
Suni 0.044800 0.181000 0.067700 0.132500 0.044800 0.044800 0.037500 0.045900 0.060100 0.090200 0.044900 0.075400 0.045100 0.037400 0.000000 0.061400 0.082200 0.060100 0.045000 0.068300 0.068900 0.045100 0.074800 0.052300 0.045100 0.045300 0.037500 0.060100 0.052900 0.067700 0.097600 0.052800 0.090900 0.037500 0.044900 0.059800 0.037300 0.045000 0.060000 0.067500 0.059400 0.037800 0.090200 0.073800 0.059800 0.068600 0.060800 0.037500 0.045300 0.052500 0.067900 0.067400
Springbuck 0.044800 0.153700 0.052300 0.133200 0.044900 0.044800 0.037500 0.030300 0.044800 0.074500 0.044900 0.059900 0.060700 0.037400 0.061400 0.000000 0.066700 0.044700 0.045000 0.052700 0.053200 0.045100 0.059400 0.037000 0.045100 0.014300 0.053000 0.044800 0.022200 0.052300 0.081900 0.037400 0.075200 0.053000 0.044900 0.044500 0.037300 0.044900 0.029600 0.052100 0.044200 0.022400 0.074500 0.058500 0.044500 0.052900 0.029900 0.037500 0.028800 0.037200 0.052400 0.052100
Okapi 0.065400 0.183800 0.074000 0.132500 0.066000 0.065400 0.057600 0.067000 0.066500 0.096200 0.064700 0.081600 0.080700 0.059400 0.082200 0.066700 0.000000 0.019900 0.065000 0.074600 0.089800 0.065800 0.081000 0.058000 0.065000 0.050500 0.072900 0.066500 0.058200 0.074000 0.103500 0.059300 0.081400 0.072900 0.064400 0.066100 0.057900 0.065800 0.064800 0.073500 0.058400 0.058700 0.096200 0.066000 0.066100 0.073400 0.064600 0.057300 0.050500 0.059100 0.074100 0.073700
Giraffe 0.043900 0.159200 0.051200 0.121900 0.043800 0.043900 0.036700 0.044900 0.043800 0.073000 0.044000 0.058700 0.059500 0.036700 0.060100 0.044700 0.019900 0.000000 0.044100 0.051600 0.067500 0.044200 0.058200 0.036200 0.044200 0.029300 0.051900 0.043800 0.036700 0.051200 0.080300 0.036600 0.058500 0.051900 0.044000 0.043600 0.036600 0.044200 0.043800 0.051000 0.043400 0.037100 0.073000 0.057900 0.043600 0.051800 0.044300 0.036700 0.029300 0.036500 0.051300 0.051000
TibetanAnt 0.014500 0.159000 0.051600 0.131100 0.014500 0.014500 0.037000 0.045300 0.044200 0.073700 0.014500 0.059100 0.029400 0.036900 0.045000 0.045000 0.065000 0.044100 0.000000 0.052000 0.067900 0.014600 0.058600 0.036600 0.014600 0.029500 0.022000 0.044200 0.037000 0.051600 0.081000 0.036900 0.074200 0.022000 0.014500 0.043900 0.007200 0.014600 0.044100 0.051400 0.043700 0.037300 0.073700 0.056900 0.043900 0.052200 0.044600 0.022000 0.029500 0.036800 0.051700 0.051400
Sitatunga 0.051700 0.169300 0.014300 0.125000 0.051800 0.051700 0.044500 0.053000 0.007100 0.081500 0.051900 0.034600 0.067600 0.044600 0.068300 0.052700 0.074600 0.051600 0.052000 0.000000 0.075700 0.052100 0.066300 0.044000 0.052100 0.037000 0.060000 0.007100 0.044500 0.014300 0.088900 0.044500 0.082100 0.060000 0.051800 0.021400 0.044300 0.052100 0.051200 0.059000 0.051200 0.044900 0.081500 0.066600 0.020900 0.059800 0.052200 0.044500 0.037000 0.044300 0.014400 0.014300
Oribi 0.067600 0.188400 0.075100 0.158200 0.067700 0.067600 0.060300 0.053400 0.067500 0.097400 0.067700 0.082800 0.083900 0.060200 0.068900 0.053200 0.089800 0.067500 0.067900 0.075700 0.000000 0.068000 0.082200 0.059600 0.068000 0.037400 0.076200 0.067500 0.044900 0.075100 0.104800 0.060200 0.098300 0.076200 0.067700 0.067200 0.060000 0.068000 0.052000 0.074800 0.066700 0.045300 0.097400 0.081400 0.067200 0.076000 0.052700 0.060300 0.052700 0.065800 0.075300 0.074800
BarbaryShe 0.014100 0.142100 0.051600 0.131300 0.014500 0.014500 0.037100 0.045300 0.044200 0.073800 0.000000 0.059200 0.029500 0.037000 0.045100 0.045100 0.065800 0.044200 0.014600 0.052100 0.068000 0.000000 0.058700 0.036600 0.000000 0.029600 0.022100 0.044200 0.037000 0.051600 0.081100 0.037000 0.074300 0.022100 0.014500 0.044000 0.007200 0.014600 0.044100 0.051500 0.043700 0.037400 0.073800 0.057800 0.044000 0.052300 0.044700 0.022000 0.029600 0.036800 0.051800 0.051500
Daviddeer 0.058300 0.174500 0.065700 0.147500 0.058400 0.058300 0.051200 0.059700 0.058400 0.072100 0.058400 0.073200 0.058700 0.051100 0.074800 0.059400 0.081000 0.058200 0.058600 0.066300 0.082200 0.058700 0.000000 0.035800 0.058600 0.043800 0.051300 0.058400 0.051200 0.065700 0.079200 0.051100 0.072800 0.051300 0.058400 0.058100 0.051000 0.058600 0.058100 0.050300 0.028200 0.051700 0.072100 0.057900 0.058100 0.066400 0.058900 0.051200 0.043800 0.050900 0.065800 0.065500
Reindeer 0.036400 0.150400 0.043600 0.121600 0.036300 0.036400 0.029200 0.037200 0.036300 0.050400 0.036500 0.051100 0.051800 0.029200 0.052300 0.037000 0.058000 0.036200 0.036600 0.044000 0.059600 0.036600 0.035800 0.000000 0.036600 0.021900 0.044300 0.036300 0.029200 0.043600 0.057500 0.029200 0.065900 0.044300 0.036400 0.036200 0.029100 0.036600 0.036300 0.028700 0.021300 0.029500 0.050400 0.035000 0.036200 0.044200 0.036700 0.029200 0.021900 0.029000 0.043800 0.043500
Ibex 0.014500 0.141700 0.051600 0.130800 0.014500 0.014500 0.037100 0.045300 0.044200 0.073700 0.000000 0.059200 0.029500 0.037000 0.045100 0.045100 0.065000 0.044200 0.014600 0.052100 0.068000 0.000000 0.058600 0.036600 0.000000 0.029600 0.022100 0.044200 0.037000 0.051600 0.081100 0.037000 0.074200 0.022100 0.014500 0.044000 0.007300 0.014600 0.044100 0.051500 0.043700 0.037400 0.073700 0.056900 0.044000 0.052300 0.044700 0.022000 0.029600 0.036800 0.051800 0.051400
GyrantGaze 0.029400 0.144000 0.036700 0.115100 0.029400 0.029400 0.022100 0.014900 0.029400 0.058700 0.029500 0.044200 0.044800 0.022100 0.045300 0.014300 0.050500 0.029300 0.029500 0.037000 0.037400 0.029600 0.043800 0.021900 0.029600 0.000000 0.037300 0.029400 0.007100 0.036700 0.066000 0.022100 0.059100 0.037300 0.029400 0.029200 0.022000 0.029500 0.014500 0.036600 0.029000 0.007400 0.058700 0.042500 0.029200 0.037200 0.014700 0.022100 0.014700 0.022000 0.036800 0.036600
Hartebeest 0.021900 0.168600 0.059500 0.131500 0.022000 0.021900 0.029600 0.037800 0.052000 0.081800 0.022000 0.067100 0.007100 0.029600 0.037500 0.053000 0.072900 0.051900 0.022000 0.060000 0.076200 0.022100 0.051300 0.044300 0.022100 0.037300 0.000000 0.052000 0.044800 0.059500 0.089200 0.044700 0.082400 0.000000 0.022000 0.051700 0.014600 0.022100 0.051900 0.059300 0.051400 0.045200 0.081800 0.064700 0.051700 0.060200 0.052600 0.029600 0.037300 0.044500 0.059600 0.059300
Bongo 0.043900 0.159600 0.006900 0.132600 0.044000 0.043900 0.036800 0.045000 0.000000 0.073400 0.044100 0.028100 0.059600 0.036800 0.060100 0.044800 0.066500 0.043800 0.044200 0.007100 0.067500 0.044200 0.058400 0.036300 0.044200 0.029400 0.052000 0.000000 0.036700 0.007100 0.080700 0.036800 0.073900 0.052000 0.044000 0.014200 0.036600 0.044200 0.043300 0.051200 0.043500 0.037100 0.073400 0.058600 0.013900 0.051900 0.044400 0.036700 0.029400 0.036600 0.007100 0.007100
Gerenuk 0.036800 0.152100 0.044100 0.106300 0.036800 0.036800 0.029500 0.022300 0.036700 0.066100 0.036900 0.051600 0.052300 0.029500 0.052900 0.022200 0.058200 0.036700 0.037000 0.044500 0.044900 0.037000 0.051200 0.029200 0.037000 0.007100 0.044800 0.036700 0.000000 0.044100 0.073400 0.029500 0.066600 0.044800 0.036800 0.036500 0.029400 0.036900 0.021800 0.044000 0.036300 0.014700 0.066100 0.050100 0.036500 0.044700 0.022100 0.029500 0.021300 0.029300 0.044200 0.044000
CommonElan 0.051300 0.159200 0.000000 0.140600 0.051400 0.051300 0.044200 0.052500 0.006900 0.080800 0.051400 0.035700 0.067100 0.044200 0.067700 0.052300 0.074000 0.051200 0.051600 0.014300 0.075100 0.051600 0.065700 0.043600 0.051600 0.036700 0.059500 0.007100 0.044100 0.000000 0.088100 0.044100 0.081400 0.059500 0.051400 0.021300 0.044000 0.051600 0.050700 0.058600 0.050800 0.044500 0.080800 0.066000 0.020900 0.059300 0.051800 0.044100 0.036700 0.044000 0.000000 0.000000
MuntiacusR 0.080500 0.172700 0.088100 0.154600 0.080600 0.080500 0.073500 0.082400 0.080700 0.006800 0.080800 0.095800 0.096800 0.073400 0.097600 0.081900 0.103500 0.080300 0.081000 0.088900 0.104800 0.081100 0.079200 0.057500 0.081100 0.066000 0.089200 0.080700 0.073400 0.088100 0.000000 0.073300 0.087400 0.089200 0.080800 0.080300 0.073200 0.081000 0.080300 0.057300 0.064400 0.074000 0.006700 0.064800 0.080300 0.088900 0.073500 0.073400 0.066000 0.073000 0.088400 0.087800
HarveysDui 0.036700 0.152000 0.044100 0.125200 0.036800 0.036700 0.029500 0.037600 0.036800 0.066000 0.036800 0.051700 0.052200 0.014300 0.052800 0.037400 0.059300 0.036600 0.036900 0.044500 0.060200 0.037000 0.051100 0.029200 0.037000 0.022100 0.044700 0.036800 0.029500 0.044100 0.073300 0.000000 0.066500 0.044700 0.036800 0.036600 0.029400 0.036900 0.036600 0.043900 0.036300 0.029700 0.066000 0.051500 0.036600 0.044600 0.037100 0.029500 0.022100 0.029300 0.044300 0.044000
Pronghorn 0.073700 0.184100 0.081400 0.165300 0.073900 0.073700 0.066700 0.075600 0.073900 0.080200 0.074000 0.089100 0.090100 0.066600 0.090900 0.075200 0.081400 0.058500 0.074200 0.082100 0.098300 0.074300 0.072800 0.065900 0.074200 0.059100 0.082400 0.073900 0.066600 0.081400 0.087400 0.066500 0.000000 0.082400 0.074000 0.073500 0.066400 0.074200 0.073600 0.080900 0.072900 0.067200 0.080200 0.088800 0.073500 0.082200 0.059200 0.066600 0.059100 0.066300 0.081600 0.081100
BlueWildeb 0.021900 0.168600 0.059500 0.131500 0.022000 0.021900 0.029600 0.037800 0.052000 0.081800 0.022000 0.067100 0.007000 0.029600 0.037500 0.053000 0.072900 0.051900 0.022000 0.060000 0.076200 0.022100 0.051300 0.044300 0.022100 0.037300 0.000000 0.052000 0.044800 0.059500 0.089200 0.044700 0.082400 0.000000 0.022000 0.051700 0.014600 0.022100 0.051900 0.059300 0.051400 0.045200 0.081800 0.064700 0.051700 0.060200 0.052600 0.029600 0.037300 0.044500 0.059600 0.059300
Gemsbok 0.014400 0.158300 0.051400 0.130500 0.014500 0.014400 0.036900 0.045100 0.044000 0.073500 0.014500 0.058900 0.029300 0.036800 0.044900 0.044900 0.064400 0.044000 0.014500 0.051800 0.067700 0.014500 0.058400 0.036400 0.014500 0.029400 0.022000 0.044000 0.036800 0.051400 0.080800 0.036800 0.074000 0.022000 0.000000 0.043800 0.007200 0.014500 0.043900 0.051200 0.043500 0.037200 0.073500 0.056300 0.043800 0.052000 0.044500 0.021900 0.029400 0.036600 0.051500 0.051200
Yak 0.043700 0.158600 0.021300 0.131800 0.043800 0.043700 0.036600 0.044700 0.014200 0.073000 0.043800 0.028400 0.059200 0.036600 0.059800 0.044500 0.066100 0.043600 0.043900 0.021400 0.067200 0.044000 0.058100 0.036200 0.044000 0.029200 0.051700 0.014200 0.036500 0.021300 0.080300 0.036600 0.073500 0.051700 0.043800 0.000000 0.036400 0.044000 0.043000 0.050900 0.043300 0.036900 0.073000 0.058300 0.000000 0.051600 0.044100 0.036500 0.029200 0.036400 0.021400 0.021200
BlueSheep 0.007000 0.150100 0.044000 0.122400 0.007200 0.007000 0.029400 0.037500 0.036600 0.065900 0.007200 0.051400 0.022000 0.029400 0.037300 0.037300 0.057900 0.036600 0.007200 0.044300 0.060000 0.007200 0.051000 0.029100 0.007300 0.022000 0.014600 0.036600 0.029400 0.044000 0.073200 0.029400 0.066400 0.014600 0.007200 0.036400 0.000000 0.007200 0.036500 0.043800 0.036200 0.029700 0.065900 0.049900 0.036400 0.044500 0.037000 0.014600 0.022000 0.029200 0.044100 0.043800
BohorReedb 0.014500 0.160900 0.051600 0.131600 0.014500 0.014500 0.037000 0.045100 0.044200 0.073700 0.014500 0.059200 0.029500 0.037000 0.045000 0.044900 0.065800 0.044200 0.014600 0.052100 0.068000 0.014600 0.058600 0.036600 0.014600 0.029500 0.022100 0.044200 0.036900 0.051600 0.081000 0.036900 0.074200 0.022100 0.014500 0.044000 0.007200 0.000000 0.044100 0.051400 0.043700 0.037200 0.073700 0.057800 0.044000 0.052200 0.044700 0.022000 0.029400 0.036800 0.051800 0.051400
KirksDik 0.043800 0.159200 0.050700 0.129700 0.043900 0.043800 0.021900 0.029700 0.043300 0.073100 0.044000 0.058300 0.059400 0.036600 0.060000 0.029600 0.064800 0.043800 0.044100 0.051200 0.052000 0.044100 0.058100 0.036300 0.044100 0.014500 0.051900 0.043300 0.021800 0.050700 0.080300 0.036600 0.073600 0.051900 0.043900 0.043000 0.036500 0.044100 0.000000 0.051000 0.043300 0.022000 0.073100 0.056800 0.043000 0.051800 0.029300 0.036700 0.029300 0.036500 0.043100 0.050400
RoeDeer 0.051100 0.158500 0.058600 0.131900 0.051200 0.051100 0.044000 0.052300 0.051200 0.050200 0.051300 0.066100 0.066800 0.043900 0.067500 0.052100 0.073500 0.051000 0.051400 0.059000 0.074800 0.051500 0.050300 0.028700 0.051500 0.036600 0.059300 0.051200 0.044000 0.058600 0.057300 0.043900 0.080900 0.059300 0.051200 0.050900 0.043800 0.051400 0.051000 0.000000 0.035700 0.044400 0.050200 0.035800 0.050900 0.051600 0.051600 0.044000 0.036600 0.043700 0.058700 0.058300
WhiteLippe 0.043400 0.157500 0.050800 0.131000 0.043500 0.043400 0.036300 0.044500 0.043500 0.057300 0.043500 0.058200 0.058800 0.036300 0.059400 0.044200 0.058400 0.043400 0.043700 0.051200 0.066700 0.043700 0.028200 0.021300 0.043700 0.029000 0.051400 0.043500 0.036300 0.050800 0.064400 0.036300 0.072900 0.051400 0.043500 0.043300 0.036200 0.043700 0.043300 0.035700 0.000000 0.036600 0.057300 0.043100 0.043300 0.051300 0.043800 0.036300 0.029000 0.036100 0.050900 0.050600
ThomsonGaz 0.037100 0.153700 0.044500 0.115600 0.037200 0.037100 0.029800 0.022600 0.037100 0.066700 0.037200 0.052100 0.052800 0.029800 0.037800 0.022400 0.058700 0.037100 0.037300 0.044900 0.045300 0.037400 0.051700 0.029500 0.037400 0.007400 0.045200 0.037100 0.014700 0.044500 0.074000 0.029700 0.067200 0.045200 0.037200 0.036900 0.029700 0.037200 0.022000 0.044400 0.036600 0.000000 0.066700 0.050600 0.036900 0.045100 0.022300 0.029800 0.022200 0.029600 0.044600 0.044400
MuntiacusC 0.073200 0.164900 0.080800 0.146900 0.073300 0.073200 0.066200 0.075000 0.073400 0.000000 0.073500 0.088500 0.089400 0.066100 0.090200 0.074500 0.096200 0.073000 0.073700 0.081500 0.097400 0.073800 0.072100 0.050400 0.073700 0.058700 0.081800 0.073400 0.066100 0.080800 0.006700 0.066000 0.080200 0.081800 0.073500 0.073000 0.065900 0.073700 0.073100 0.050200 0.057300 0.066700 0.000000 0.057700 0.073000 0.081500 0.066300 0.066100 0.058700 0.065800 0.081100 0.080500
WhiteTaile 0.057400 0.174300 0.066000 0.132000 0.058100 0.057400 0.049600 0.058800 0.058600 0.057700 0.056600 0.073600 0.072400 0.051600 0.073800 0.058500 0.066000 0.057900 0.056900 0.066600 0.081400 0.057800 0.057900 0.035000 0.056900 0.042500 0.064700 0.058600 0.050100 0.066000 0.064800 0.051500 0.088800 0.064700 0.056300 0.058300 0.049900 0.057800 0.056800 0.035800 0.043100 0.050600 0.057700 0.000000 0.058300 0.049600 0.056400 0.049200 0.042500 0.051300 0.066200 0.065800
Cattle 0.043700 0.158600 0.021300 0.131800 0.043800 0.043700 0.036600 0.044700 0.013800 0.073000 0.043800 0.027500 0.059200 0.036600 0.059800 0.044500 0.066100 0.043600 0.043900 0.020900 0.067200 0.044000 0.058100 0.036200 0.044000 0.029200 0.051700 0.013900 0.036500 0.020900 0.080300 0.036600 0.073500 0.051700 0.043800 0.000000 0.036400 0.044000 0.043000 0.050900 0.043300 0.036900 0.073000 0.058300 0.000000 0.051600 0.044100 0.036500 0.029200 0.036400 0.021400 0.021200
RoyalAntel 0.036800 0.152400 0.059300 0.123100 0.052000 0.036800 0.042300 0.053200 0.051900 0.081500 0.052100 0.067000 0.067900 0.044600 0.068600 0.052900 0.073400 0.051800 0.052200 0.059800 0.076000 0.052300 0.066400 0.044200 0.052300 0.037200 0.060200 0.051900 0.044700 0.059300 0.088900 0.044600 0.082200 0.060200 0.052000 0.051600 0.044500 0.052200 0.051800 0.051600 0.051300 0.045100 0.081500 0.049600 0.051600 0.000000 0.052400 0.044700 0.037200 0.044400 0.059500 0.059100
Steenbok 0.044400 0.152500 0.051800 0.131300 0.044500 0.044400 0.037100 0.030100 0.044400 0.066300 0.044500 0.059400 0.060200 0.037100 0.060800 0.029900 0.064600 0.044300 0.044600 0.052200 0.052700 0.044700 0.058900 0.036700 0.044700 0.014700 0.052600 0.044400 0.022100 0.051800 0.073500 0.037100 0.059200 0.052600 0.044500 0.044100 0.037000 0.044700 0.029300 0.051600 0.043800 0.022300 0.066300 0.056400 0.044100 0.052400 0.000000 0.037100 0.029700 0.036900 0.051900 0.051600
Impala 0.021900 0.152400 0.044100 0.122900 0.021900 0.021900 0.029500 0.037700 0.036700 0.066100 0.021900 0.051700 0.037100 0.029500 0.037500 0.037500 0.057300 0.036700 0.022000 0.044500 0.060300 0.022000 0.051200 0.029200 0.022000 0.022100 0.029600 0.036700 0.029500 0.044100 0.073400 0.029500 0.066600 0.029600 0.021900 0.036500 0.014600 0.022000 0.036700 0.044000 0.036300 0.029800 0.066100 0.049200 0.036500 0.044700 0.037100 0.000000 0.022100 0.029300 0.044300 0.044000
Klipspring 0.029400 0.144000 0.036700 0.115100 0.029400 0.029400 0.022100 0.030000 0.029400 0.058700 0.029500 0.044200 0.044800 0.022100 0.045300 0.028800 0.050500 0.029300 0.029500 0.037000 0.052700 0.029600 0.043800 0.021900 0.029600 0.014700 0.037300 0.029400 0.021300 0.036700 0.066000 0.022100 0.059100 0.037300 0.029400 0.029200 0.022000 0.029400 0.029300 0.036600 0.029000 0.022200 0.058700 0.042500 0.029200 0.037200 0.029700 0.022100 0.000000 0.022000 0.036800 0.036600
ForestMusk 0.036500 0.151300 0.044000 0.124700 0.036600 0.036500 0.029400 0.037400 0.036600 0.065800 0.036600 0.051400 0.052000 0.029300 0.052500 0.037200 0.059100 0.036500 0.036800 0.044300 0.065800 0.036800 0.050900 0.029000 0.036800 0.022000 0.044500 0.036600 0.029300 0.044000 0.073000 0.029300 0.066300 0.044500 0.036600 0.036400 0.029200 0.036800 0.036500 0.043700 0.036100 0.029600 0.065800 0.051300 0.036400 0.044400 0.036900 0.029300 0.022000 0.000000 0.044100 0.043800
Bushbuck 0.051400 0.159700 0.000000 0.141000 0.051500 0.051400 0.044300 0.052700 0.007100 0.081100 0.051600 0.035900 0.067200 0.044300 0.067900 0.052400 0.074100 0.051300 0.051700 0.014400 0.075300 0.051800 0.065800 0.043800 0.051800 0.036800 0.059600 0.007100 0.044200 0.000000 0.088400 0.044300 0.081600 0.059600 0.051500 0.021400 0.044100 0.051800 0.043100 0.058700 0.050900 0.044600 0.081100 0.066200 0.021400 0.059500 0.051900 0.044300 0.036800 0.044100 0.000000 0.000000
GreaterKud 0.051100 0.158600 0.000000 0.140000 0.051200 0.051100 0.044000 0.052300 0.007100 0.080500 0.051200 0.035700 0.066800 0.044000 0.067400 0.052100 0.073700 0.051000 0.051400 0.014300 0.074800 0.051500 0.065500 0.043500 0.051400 0.036600 0.059300 0.007100 0.044000 0.000000 0.087800 0.044000 0.081100 0.059300 0.051200 0.021200 0.043800 0.051400 0.050400 0.058300 0.050600 0.044400 0.080500 0.065800 0.021200 0.059100 0.051600 0.044000 0.036600 0.043800 0.000000 0.000000
