1
52 1
Argali 0.000000 0.286300 0.097000 0.087000 0.301100 0.101600 0.220600 0.101600 0.097000 0.099600 0.101600 0.101600 0.104200 0.220600 0.247000 0.101300 0.100200 0.205800 0.101600 0.097000 0.101600 0.101600 0.091700 0.205400 0.101600 0.097000 0.104200 0.097000 0.101300 0.097000 0.099600 0.220600 0.098100 0.104200 0.099000 0.101600 0.099000 0.191600 0.101600 0.359800 0.091700 0.097000 0.099600 0.103100 0.101600 0.196000 0.101600 0.212100 0.104900 0.211800 0.097000 0.097000
LesserMous 0.286300 0.000000 0.371600 0.367400 0.334300 0.383600 0.394700 0.383600 0.371600 0.381900 0.383600 0.383600 0.383200 0.394700 0.300900 0.376900 0.382600 0.379900 0.383600 0.371600 0.383600 0.383600 0.357500 0.467100 0.383600 0.367700 0.383200 0.371600 0.376900 0.371600 0.381900 0.394700 0.379400 0.383200 0.375200 0.383600 0.375200 0.249100 0.383600 0.515500 0.357500 0.367700 0.381900 0.379300 0.383600 0.473300 0.383600 0.272400 0.284100 0.513600 0.371600 0.371600
LesserKudu 0.097000 0.371600 0.000000 0.002300 0.174300 0.000200 0.095500 0.000200 0.000000 0.000800 0.000200 0.000200 0.000500 0.095500 0.103300 0.000500 0.000800 0.089000 0.000200 0.000000 0.000200 0.000200 0.000800 0.088700 0.000200 0.000500 0.000500 0.000000 0.000500 0.000000 0.000800 0.095500 0.000800 0.000500 0.000500 0.000200 0.000500 0.084000 0.000200 0.201600 0.000800 0.000500 0.000800 0.000800 0.000200 0.084800 0.000200 0.092100 0.000800 0.091800 0.000000 0.000000
KillerWhal 0.087000 0.367400 0.002300 0.000000 0.172600 0.001900 0.092400 0.001900 0.002300 0.002600 0.001900 0.001900 0.002200 0.092400 0.097300 0.002200 0.002300 0.087900 0.001900 0.002300 0.001900 0.001900 0.002700 0.084600 0.001900 0.002600 0.002200 0.002300 0.002200 0.002300 0.002600 0.092400 0.001900 0.002200 0.001600 0.001900 0.001600 0.082000 0.001900 0.252900 0.002700 0.002600 0.002600 0.002300 0.001900 0.083600 0.001900 0.086600 0.001900 0.088300 0.002300 0.002300
DefassaWat 0.301100 0.334300 0.174300 0.172600 0.000000 0.182000 0.285400 0.182000 0.174300 0.180900 0.182000 0.182000 0.185400 0.285400 0.203100 0.180600 0.180300 0.269400 0.182000 0.174300 0.182000 0.182000 0.168200 0.281900 0.182000 0.173600 0.185400 0.174300 0.180600 0.174300 0.180900 0.285400 0.178400 0.185400 0.178600 0.182000 0.178600 0.079300 0.182000 0.415400 0.168200 0.173600 0.180900 0.186200 0.182000 0.265800 0.182000 0.278800 0.093700 0.282700 0.174300 0.174300
Sheep 0.101600 0.383600 0.000200 0.001900 0.182000 0.000000 0.099700 0.000000 0.000200 0.000500 0.000000 0.000000 0.000200 0.099700 0.109500 0.000200 0.000500 0.093900 0.000000 0.000200 0.000000 0.000000 0.000500 0.092900 0.000000 0.000500 0.000200 0.000200 0.000200 0.000200 0.000500 0.099700 0.000500 0.000200 0.000200 0.000000 0.000200 0.087400 0.000000 0.212000 0.000500 0.000500 0.000500 0.000500 0.000000 0.089300 0.000000 0.095800 0.000500 0.095600 0.000200 0.000200
MaxwellsDu 0.220600 0.394700 0.095500 0.092400 0.285400 0.099700 0.000000 0.099700 0.095500 0.098100 0.099700 0.099700 0.101500 0.000000 0.237100 0.098400 0.098400 0.000500 0.099700 0.095500 0.099700 0.099700 0.091100 0.195200 0.099700 0.094900 0.101500 0.095500 0.098400 0.095500 0.098100 0.000000 0.096200 0.101500 0.097400 0.099700 0.097400 0.187200 0.099700 0.353700 0.091100 0.094900 0.098100 0.101000 0.099700 0.190400 0.099700 0.210300 0.103100 0.207300 0.095500 0.095500
GazellaPrz 0.101600 0.383600 0.000200 0.001900 0.182000 0.000000 0.099700 0.000000 0.000200 0.000500 0.000000 0.000000 0.000200 0.099700 0.109500 0.000200 0.000500 0.093900 0.000000 0.000200 0.000000 0.000000 0.000500 0.092900 0.000000 0.000500 0.000200 0.000200 0.000200 0.000200 0.000500 0.099700 0.000500 0.000200 0.000200 0.000000 0.000200 0.087400 0.000000 0.212000 0.000500 0.000500 0.000500 0.000500 0.000000 0.089300 0.000000 0.095800 0.000500 0.095600 0.000200 0.000200
MountainNy 0.097000 0.371600 0.000000 0.002300 0.174300 0.000200 0.095500 0.000200 0.000000 0.000800 0.000200 0.000200 0.000500 0.095500 0.103300 0.000500 0.000800 0.089000 0.000200 0.000000 0.000200 0.000200 0.000800 0.088700 0.000200 0.000500 0.000500 0.000000 0.000500 0.000000 0.000800 0.095500 0.000800 0.000500 0.000500 0.000200 0.000500 0.084000 0.000200 0.201600 0.000800 0.000500 0.000800 0.000800 0.000200 0.084800 0.000200 0.092100 0.000800 0.091800 0.000000 0.000000
MuntiacusM 0.099600 0.381900 0.000800 0.002600 0.180900 0.000500 0.098100 0.000500 0.000800 0.000000 0.000500 0.000500 0.000700 0.098100 0.106100 0.000800 0.000500 0.091600 0.000500 0.000800 0.000500 0.000500 0.000500 0.090200 0.000500 0.001000 0.000700 0.000800 0.000800 0.000800 0.000000 0.098100 0.000500 0.000700 0.000800 0.000500 0.000800 0.086800 0.000500 0.259400 0.000500 0.001000 0.000000 0.001000 0.000500 0.087700 0.000500 0.093800 0.001000 0.094600 0.000800 0.000800
goat 0.101600 0.383600 0.000200 0.001900 0.182000 0.000000 0.099700 0.000000 0.000200 0.000500 0.000000 0.000000 0.000200 0.099700 0.109500 0.000200 0.000500 0.093900 0.000000 0.000200 0.000000 0.000000 0.000500 0.092900 0.000000 0.000500 0.000200 0.000200 0.000200 0.000200 0.000500 0.099700 0.000500 0.000200 0.000200 0.000000 0.000200 0.087000 0.000000 0.212000 0.000500 0.000500 0.000500 0.000500 0.000000 0.089300 0.000000 0.095800 0.000500 0.095600 0.000200 0.000200
AfricanBuf 0.101600 0.383600 0.000200 0.001900 0.182000 0.000000 0.099700 0.000000 0.000200 0.000500 0.000000 0.000000 0.000200 0.099700 0.109500 0.000200 0.000500 0.093900 0.000000 0.000200 0.000000 0.000000 0.000500 0.092900 0.000000 0.000500 0.000200 0.000200 0.000200 0.000200 0.000500 0.099700 0.000500 0.000200 0.000200 0.000000 0.000200 0.087400 0.000000 0.212000 0.000500 0.000500 0.000500 0.000500 0.000000 0.089300 0.000000 0.095800 0.000500 0.095600 0.000200 0.000200
Topi 0.104200 0.383200 0.000500 0.002200 0.185400 0.000200 0.101500 0.000200 0.000500 0.000700 0.000200 0.000200 0.000000 0.101500 0.110800 0.000200 0.000800 0.094100 0.000200 0.000500 0.000200 0.000200 0.000800 0.094700 0.000200 0.000500 0.000000 0.000500 0.000200 0.000500 0.000700 0.101500 0.000700 0.000000 0.000500 0.000200 0.000500 0.089300 0.000200 0.215700 0.000800 0.000500 0.000700 0.000800 0.000200 0.090000 0.000200 0.098600 0.000700 0.098000 0.000500 0.000500
CommonDuik 0.220600 0.394700 0.095500 0.092400 0.285400 0.099700 0.000000 0.099700 0.095500 0.098100 0.099700 0.099700 0.101500 0.000000 0.237100 0.098400 0.098400 0.000500 0.099700 0.095500 0.099700 0.099700 0.091100 0.195200 0.099700 0.094900 0.101500 0.095500 0.098400 0.095500 0.098100 0.000000 0.096200 0.101500 0.097400 0.099700 0.097400 0.187200 0.099700 0.353700 0.091100 0.094900 0.098100 0.101000 0.099700 0.190400 0.099700 0.210300 0.103100 0.207300 0.095500 0.095500
Suni 0.247000 0.300900 0.103300 0.097300 0.203100 0.109500 0.237100 0.109500 0.103300 0.106100 0.109500 0.109500 0.110800 0.237100 0.000000 0.106600 0.106600 0.217000 0.109500 0.103300 0.109500 0.109500 0.098400 0.215700 0.109500 0.101900 0.110800 0.103300 0.106600 0.103300 0.106100 0.237100 0.104000 0.110800 0.106900 0.109500 0.106900 0.203600 0.109500 0.112500 0.098400 0.101900 0.106100 0.109000 0.109500 0.206000 0.109500 0.000700 0.112600 0.226300 0.103300 0.103300
Springbuck 0.101300 0.376900 0.000500 0.002200 0.180600 0.000200 0.098400 0.000200 0.000500 0.000800 0.000200 0.000200 0.000200 0.098400 0.106600 0.000000 0.000800 0.092100 0.000200 0.000500 0.000200 0.000200 0.000800 0.092100 0.000200 0.000200 0.000200 0.000500 0.000000 0.000500 0.000800 0.098400 0.000800 0.000200 0.000500 0.000200 0.000500 0.086900 0.000200 0.206700 0.000800 0.000200 0.000800 0.000800 0.000200 0.088100 0.000200 0.095000 0.000800 0.094800 0.000500 0.000500
Okapi 0.100200 0.382600 0.000800 0.002300 0.180300 0.000500 0.098400 0.000500 0.000800 0.000500 0.000500 0.000500 0.000800 0.098400 0.106600 0.000800 0.000000 0.092500 0.000500 0.000800 0.000500 0.000500 0.001100 0.090900 0.000500 0.001100 0.000800 0.000800 0.000800 0.000800 0.000500 0.098400 0.000500 0.000800 0.000500 0.000500 0.000500 0.086500 0.000500 0.265000 0.001100 0.001100 0.000500 0.001100 0.000500 0.087600 0.000500 0.094300 0.000800 0.094500 0.000800 0.000800
Giraffe 0.205800 0.379900 0.089000 0.087900 0.269400 0.093900 0.000500 0.093900 0.089000 0.091600 0.093900 0.093900 0.094100 0.000500 0.217000 0.092100 0.092500 0.000000 0.093900 0.089000 0.093900 0.093900 0.088300 0.183000 0.093900 0.089100 0.094100 0.089000 0.092100 0.089000 0.091600 0.000500 0.090700 0.094100 0.092700 0.093900 0.092700 0.176700 0.093900 0.404300 0.088300 0.089100 0.091600 0.094500 0.093900 0.177200 0.093900 0.198500 0.097400 0.194600 0.089000 0.089000
TibetanAnt 0.101600 0.383600 0.000200 0.001900 0.182000 0.000000 0.099700 0.000000 0.000200 0.000500 0.000000 0.000000 0.000200 0.099700 0.109500 0.000200 0.000500 0.093900 0.000000 0.000200 0.000000 0.000000 0.000500 0.092900 0.000000 0.000500 0.000200 0.000200 0.000200 0.000200 0.000500 0.099700 0.000500 0.000200 0.000200 0.000000 0.000200 0.087400 0.000000 0.212000 0.000500 0.000500 0.000500 0.000500 0.000000 0.089300 0.000000 0.095800 0.000500 0.095600 0.000200 0.000200
Sitatunga 0.097000 0.371600 0.000000 0.002300 0.174300 0.000200 0.095500 0.000200 0.000000 0.000800 0.000200 0.000200 0.000500 0.095500 0.103300 0.000500 0.000800 0.089000 0.000200 0.000000 0.000200 0.000200 0.000800 0.088700 0.000200 0.000500 0.000500 0.000000 0.000500 0.000000 0.000800 0.095500 0.000800 0.000500 0.000500 0.000200 0.000500 0.084000 0.000200 0.201600 0.000800 0.000500 0.000800 0.000800 0.000200 0.084800 0.000200 0.092100 0.000800 0.091800 0.000000 0.000000
Oribi 0.101600 0.383600 0.000200 0.001900 0.182000 0.000000 0.099700 0.000000 0.000200 0.000500 0.000000 0.000000 0.000200 0.099700 0.109500 0.000200 0.000500 0.093900 0.000000 0.000200 0.000000 0.000000 0.000500 0.092900 0.000000 0.000500 0.000200 0.000200 0.000200 0.000200 0.000500 0.099700 0.000500 0.000200 0.000200 0.000000 0.000200 0.087400 0.000000 0.212000 0.000500 0.000500 0.000500 0.000500 0.000000 0.089300 0.000000 0.095800 0.000500 0.095600 0.000200 0.000200
BarbaryShe 0.101600 0.383600 0.000200 0.001900 0.182000 0.000000 0.099700 0.000000 0.000200 0.000500 0.000000 0.000000 0.000200 0.099700 0.109500 0.000200 0.000500 0.093900 0.000000 0.000200 0.000000 0.000000 0.000500 0.092900 0.000000 0.000500 0.000200 0.000200 0.000200 0.000200 0.000500 0.099700 0.000500 0.000200 0.000200 0.000000 0.000200 0.087400 0.000000 0.212000 0.000500 0.000500 0.000500 0.000500 0.000000 0.089300 0.000000 0.095800 0.000500 0.095600 0.000200 0.000200
Daviddeer 0.091700 0.357500 0.000800 0.002700 0.168200 0.000500 0.091100 0.000500 0.000800 0.000500 0.000500 0.000500 0.000800 0.091100 0.098400 0.000800 0.001100 0.088300 0.000500 0.000800 0.000500 0.000500 0.000000 0.082500 0.000500 0.001000 0.000800 0.000800 0.000800 0.000800 0.000500 0.091100 0.001000 0.000800 0.000800 0.000500 0.000800 0.080900 0.000500 0.191200 0.000000 0.001000 0.000500 0.001100 0.000500 0.082500 0.000500 0.086100 0.001000 0.087700 0.000800 0.000800
Reindeer 0.205400 0.467100 0.088700 0.084600 0.281900 0.092900 0.195200 0.092900 0.088700 0.090200 0.092900 0.092900 0.094700 0.195200 0.215700 0.092100 0.090900 0.183000 0.092900 0.088700 0.092900 0.092900 0.082500 0.000000 0.092900 0.088200 0.094700 0.088700 0.092100 0.088700 0.090200 0.195200 0.088800 0.094700 0.090000 0.092900 0.090000 0.176600 0.092900 0.305300 0.082500 0.088200 0.090200 0.094000 0.092900 0.182400 0.092900 0.188000 0.094300 0.191100 0.088700 0.088700
Ibex 0.101600 0.383600 0.000200 0.001900 0.182000 0.000000 0.099700 0.000000 0.000200 0.000500 0.000000 0.000000 0.000200 0.099700 0.109500 0.000200 0.000500 0.093900 0.000000 0.000200 0.000000 0.000000 0.000500 0.092900 0.000000 0.000500 0.000200 0.000200 0.000200 0.000200 0.000500 0.099700 0.000500 0.000200 0.000200 0.000000 0.000200 0.087400 0.000000 0.212000 0.000500 0.000500 0.000500 0.000500 0.000000 0.089300 0.000000 0.095800 0.000500 0.095600 0.000200 0.000200
GyrantGaze 0.097000 0.367700 0.000500 0.002600 0.173600 0.000500 0.094900 0.000500 0.000500 0.001000 0.000500 0.000500 0.000500 0.094900 0.101900 0.000200 0.001100 0.089100 0.000500 0.000500 0.000500 0.000500 0.001000 0.088200 0.000500 0.000000 0.000500 0.000500 0.000200 0.000500 0.001000 0.094900 0.001000 0.000500 0.000800 0.000500 0.000800 0.083700 0.000500 0.198400 0.001000 0.000000 0.001000 0.001100 0.000500 0.084700 0.000500 0.091500 0.001000 0.091200 0.000500 0.000500
Hartebeest 0.104200 0.383200 0.000500 0.002200 0.185400 0.000200 0.101500 0.000200 0.000500 0.000700 0.000200 0.000200 0.000000 0.101500 0.110800 0.000200 0.000800 0.094100 0.000200 0.000500 0.000200 0.000200 0.000800 0.094700 0.000200 0.000500 0.000000 0.000500 0.000200 0.000500 0.000700 0.101500 0.000700 0.000000 0.000500 0.000200 0.000500 0.089300 0.000200 0.215700 0.000800 0.000500 0.000700 0.000800 0.000200 0.090000 0.000200 0.098600 0.000700 0.098000 0.000500 0.000500
Bongo 0.097000 0.371600 0.000000 0.002300 0.174300 0.000200 0.095500 0.000200 0.000000 0.000800 0.000200 0.000200 0.000500 0.095500 0.103300 0.000500 0.000800 0.089000 0.000200 0.000000 0.000200 0.000200 0.000800 0.088700 0.000200 0.000500 0.000500 0.000000 0.000500 0.000000 0.000800 0.095500 0.000800 0.000500 0.000500 0.000200 0.000500 0.084000 0.000200 0.201600 0.000800 0.000500 0.000800 0.000800 0.000200 0.084800 0.000200 0.092100 0.000800 0.091800 0.000000 0.000000
Gerenuk 0.101300 0.376900 0.000500 0.002200 0.180600 0.000200 0.098400 0.000200 0.000500 0.000800 0.000200 0.000200 0.000200 0.098400 0.106600 0.000000 0.000800 0.092100 0.000200 0.000500 0.000200 0.000200 0.000800 0.092100 0.000200 0.000200 0.000200 0.000500 0.000000 0.000500 0.000800 0.098400 0.000800 0.000200 0.000500 0.000200 0.000500 0.086900 0.000200 0.206700 0.000800 0.000200 0.000800 0.000800 0.000200 0.088100 0.000200 0.095000 0.000800 0.094800 0.000500 0.000500
CommonElan 0.097000 0.371600 0.000000 0.002300 0.174300 0.000200 0.095500 0.000200 0.000000 0.000800 0.000200 0.000200 0.000500 0.095500 0.103300 0.000500 0.000800 0.089000 0.000200 0.000000 0.000200 0.000200 0.000800 0.088700 0.000200 0.000500 0.000500 0.000000 0.000500 0.000000 0.000800 0.095500 0.000800 0.000500 0.000500 0.000200 0.000500 0.084000 0.000200 0.201600 0.000800 0.000500 0.000800 0.000800 0.000200 0.084800 0.000200 0.092100 0.000800 0.091800 0.000000 0.000000
MuntiacusR 0.099600 0.381900 0.000800 0.002600 0.180900 0.000500 0.098100 0.000500 0.000800 0.000000 0.000500 0.000500 0.000700 0.098100 0.106100 0.000800 0.000500 0.091600 0.000500 0.000800 0.000500 0.000500 0.000500 0.090200 0.000500 0.001000 0.000700 0.000800 0.000800 0.000800 0.000000 0.098100 0.000500 0.000700 0.000800 0.000500 0.000800 0.086800 0.000500 0.259400 0.000500 0.001000 0.000000 0.001000 0.000500 0.087700 0.000500 0.093800 0.001000 0.094600 0.000800 0.000800
HarveysDui 0.220600 0.394700 0.095500 0.092400 0.285400 0.099700 0.000000 0.099700 0.095500 0.098100 0.099700 0.099700 0.101500 0.000000 0.237100 0.098400 0.098400 0.000500 0.099700 0.095500 0.099700 0.099700 0.091100 0.195200 0.099700 0.094900 0.101500 0.095500 0.098400 0.095500 0.098100 0.000000 0.096200 0.101500 0.097400 0.099700 0.097400 0.187200 0.099700 0.353700 0.091100 0.094900 0.098100 0.101000 0.099700 0.190400 0.099700 0.210300 0.103100 0.207300 0.095500 0.095500
Pronghorn 0.098100 0.379400 0.000800 0.001900 0.178400 0.000500 0.096200 0.000500 0.000800 0.000500 0.000500 0.000500 0.000700 0.096200 0.104000 0.000800 0.000500 0.090700 0.000500 0.000800 0.000500 0.000500 0.001000 0.088800 0.000500 0.001000 0.000700 0.000800 0.000800 0.000800 0.000500 0.096200 0.000000 0.000700 0.000800 0.000500 0.000800 0.085400 0.000500 0.275800 0.001000 0.001000 0.000500 0.000800 0.000500 0.086400 0.000500 0.091900 0.001000 0.092700 0.000800 0.000800
BlueWildeb 0.104200 0.383200 0.000500 0.002200 0.185400 0.000200 0.101500 0.000200 0.000500 0.000700 0.000200 0.000200 0.000000 0.101500 0.110800 0.000200 0.000800 0.094100 0.000200 0.000500 0.000200 0.000200 0.000800 0.094700 0.000200 0.000500 0.000000 0.000500 0.000200 0.000500 0.000700 0.101500 0.000700 0.000000 0.000500 0.000200 0.000500 0.089300 0.000200 0.215700 0.000800 0.000500 0.000700 0.000800 0.000200 0.090000 0.000200 0.098600 0.000700 0.098000 0.000500 0.000500
Gemsbok 0.099000 0.375200 0.000500 0.001600 0.178600 0.000200 0.097400 0.000200 0.000500 0.000800 0.000200 0.000200 0.000500 0.097400 0.106900 0.000500 0.000500 0.092700 0.000200 0.000500 0.000200 0.000200 0.000800 0.090000 0.000200 0.000800 0.000500 0.000500 0.000500 0.000500 0.000800 0.097400 0.000800 0.000500 0.000000 0.000200 0.000000 0.085500 0.000200 0.206900 0.000800 0.000800 0.000800 0.000800 0.000200 0.087500 0.000200 0.092000 0.000200 0.093300 0.000500 0.000500
Yak 0.101600 0.383600 0.000200 0.001900 0.182000 0.000000 0.099700 0.000000 0.000200 0.000500 0.000000 0.000000 0.000200 0.099700 0.109500 0.000200 0.000500 0.093900 0.000000 0.000200 0.000000 0.000000 0.000500 0.092900 0.000000 0.000500 0.000200 0.000200 0.000200 0.000200 0.000500 0.099700 0.000500 0.000200 0.000200 0.000000 0.000200 0.087400 0.000000 0.212000 0.000500 0.000500 0.000500 0.000500 0.000000 0.089300 0.000000 0.095800 0.000500 0.095600 0.000200 0.000200
BlueSheep 0.099000 0.375200 0.000500 0.001600 0.178600 0.000200 0.097400 0.000200 0.000500 0.000800 0.000200 0.000200 0.000500 0.097400 0.106900 0.000500 0.000500 0.092700 0.000200 0.000500 0.000200 0.000200 0.000800 0.090000 0.000200 0.000800 0.000500 0.000500 0.000500 0.000500 0.000800 0.097400 0.000800 0.000500 0.000000 0.000200 0.000000 0.085500 0.000200 0.206900 0.000800 0.000800 0.000800 0.000800 0.000200 0.087500 0.000200 0.092000 0.000200 0.093300 0.000500 0.000500
BohorReedb 0.191600 0.249100 0.084000 0.082000 0.079300 0.087400 0.187200 0.087400 0.084000 0.086800 0.087000 0.087400 0.089300 0.187200 0.203600 0.086900 0.086500 0.176700 0.087400 0.084000 0.087400 0.087400 0.080900 0.176600 0.087400 0.083700 0.089300 0.084000 0.086900 0.084000 0.086800 0.187200 0.085400 0.089300 0.085500 0.087400 0.085500 0.000000 0.087400 0.308700 0.080900 0.083700 0.086800 0.088900 0.087400 0.171500 0.087400 0.180800 0.000500 0.182300 0.084000 0.084000
KirksDik 0.101600 0.383600 0.000200 0.001900 0.182000 0.000000 0.099700 0.000000 0.000200 0.000500 0.000000 0.000000 0.000200 0.099700 0.109500 0.000200 0.000500 0.093900 0.000000 0.000200 0.000000 0.000000 0.000500 0.092900 0.000000 0.000500 0.000200 0.000200 0.000200 0.000200 0.000500 0.099700 0.000500 0.000200 0.000200 0.000000 0.000200 0.087400 0.000000 0.212000 0.000500 0.000500 0.000500 0.000500 0.000000 0.089300 0.000000 0.095800 0.000500 0.095600 0.000200 0.000200
RoeDeer 0.359800 0.515500 0.201600 0.252900 0.415400 0.212000 0.353700 0.212000 0.201600 0.259400 0.212000 0.212000 0.215700 0.353700 0.112500 0.206700 0.265000 0.404300 0.212000 0.201600 0.212000 0.212000 0.191200 0.305300 0.212000 0.198400 0.215700 0.201600 0.206700 0.201600 0.259400 0.353700 0.275800 0.215700 0.206900 0.212000 0.206900 0.308700 0.212000 0.000000 0.191200 0.198400 0.259400 0.206600 0.212000 0.308500 0.212000 0.101300 0.277100 0.337600 0.201600 0.201600
WhiteLippe 0.091700 0.357500 0.000800 0.002700 0.168200 0.000500 0.091100 0.000500 0.000800 0.000500 0.000500 0.000500 0.000800 0.091100 0.098400 0.000800 0.001100 0.088300 0.000500 0.000800 0.000500 0.000500 0.000000 0.082500 0.000500 0.001000 0.000800 0.000800 0.000800 0.000800 0.000500 0.091100 0.001000 0.000800 0.000800 0.000500 0.000800 0.080900 0.000500 0.191200 0.000000 0.001000 0.000500 0.001100 0.000500 0.082500 0.000500 0.086100 0.001000 0.087700 0.000800 0.000800
ThomsonGaz 0.097000 0.367700 0.000500 0.002600 0.173600 0.000500 0.094900 0.000500 0.000500 0.001000 0.000500 0.000500 0.000500 0.094900 0.101900 0.000200 0.001100 0.089100 0.000500 0.000500 0.000500 0.000500 0.001000 0.088200 0.000500 0.000000 0.000500 0.000500 0.000200 0.000500 0.001000 0.094900 0.001000 0.000500 0.000800 0.000500 0.000800 0.083700 0.000500 0.198400 0.001000 0.000000 0.001000 0.001100 0.000500 0.084700 0.000500 0.091500 0.001000 0.091200 0.000500 0.000500
MuntiacusC 0.099600 0.381900 0.000800 0.002600 0.180900 0.000500 0.098100 0.000500 0.000800 0.000000 0.000500 0.000500 0.000700 0.098100 0.106100 0.000800 0.000500 0.091600 0.000500 0.000800 0.000500 0.000500 0.000500 0.090200 0.000500 0.001000 0.000700 0.000800 0.000800 0.000800 0.000000 0.098100 0.000500 0.000700 0.000800 0.000500 0.000800 0.086800 0.000500 0.259400 0.000500 0.001000 0.000000 0.001000 0.000500 0.087700 0.000500 0.093800 0.001000 0.094600 0.000800 0.000800
WhiteTaile 0.103100 0.379300 0.000800 0.002300 0.186200 0.000500 0.101000 0.000500 0.000800 0.001000 0.000500 0.000500 0.000800 0.101000 0.109000 0.000800 0.001100 0.094500 0.000500 0.000800 0.000500 0.000500 0.001100 0.094000 0.000500 0.001100 0.000800 0.000800 0.000800 0.000800 0.001000 0.101000 0.000800 0.000800 0.000800 0.000500 0.000800 0.088900 0.000500 0.206600 0.001100 0.001100 0.001000 0.000000 0.000500 0.090300 0.000500 0.095800 0.001000 0.097000 0.000800 0.000800
Cattle 0.101600 0.383600 0.000200 0.001900 0.182000 0.000000 0.099700 0.000000 0.000200 0.000500 0.000000 0.000000 0.000200 0.099700 0.109500 0.000200 0.000500 0.093900 0.000000 0.000200 0.000000 0.000000 0.000500 0.092900 0.000000 0.000500 0.000200 0.000200 0.000200 0.000200 0.000500 0.099700 0.000500 0.000200 0.000200 0.000000 0.000200 0.087400 0.000000 0.212000 0.000500 0.000500 0.000500 0.000500 0.000000 0.089300 0.000000 0.095800 0.000500 0.095600 0.000200 0.000200
RoyalAntel 0.196000 0.473300 0.084800 0.083600 0.265800 0.089300 0.190400 0.089300 0.084800 0.087700 0.089300 0.089300 0.090000 0.190400 0.206000 0.088100 0.087600 0.177200 0.089300 0.084800 0.089300 0.089300 0.082500 0.182400 0.089300 0.084700 0.090000 0.084800 0.088100 0.084800 0.087700 0.190400 0.086400 0.090000 0.087500 0.089300 0.087500 0.171500 0.089300 0.308500 0.082500 0.084700 0.087700 0.090300 0.089300 0.000000 0.089300 0.185500 0.093200 0.186500 0.084800 0.084800
Steenbok 0.101600 0.383600 0.000200 0.001900 0.182000 0.000000 0.099700 0.000000 0.000200 0.000500 0.000000 0.000000 0.000200 0.099700 0.109500 0.000200 0.000500 0.093900 0.000000 0.000200 0.000000 0.000000 0.000500 0.092900 0.000000 0.000500 0.000200 0.000200 0.000200 0.000200 0.000500 0.099700 0.000500 0.000200 0.000200 0.000000 0.000200 0.087400 0.000000 0.212000 0.000500 0.000500 0.000500 0.000500 0.000000 0.089300 0.000000 0.095800 0.000500 0.095600 0.000200 0.000200
Impala 0.212100 0.272400 0.092100 0.086600 0.278800 0.095800 0.210300 0.095800 0.092100 0.093800 0.095800 0.095800 0.098600 0.210300 0.000700 0.095000 0.094300 0.198500 0.095800 0.092100 0.095800 0.095800 0.086100 0.188000 0.095800 0.091500 0.098600 0.092100 0.095000 0.092100 0.093800 0.210300 0.091900 0.098600 0.092000 0.095800 0.092000 0.180800 0.095800 0.101300 0.086100 0.091500 0.093800 0.095800 0.095800 0.185500 0.095800 0.000000 0.097500 0.199700 0.092100 0.092100
Klipspring 0.104900 0.284100 0.000800 0.001900 0.093700 0.000500 0.103100 0.000500 0.000800 0.001000 0.000500 0.000500 0.000700 0.103100 0.112600 0.000800 0.000800 0.097400 0.000500 0.000800 0.000500 0.000500 0.001000 0.094300 0.000500 0.001000 0.000700 0.000800 0.000800 0.000800 0.001000 0.103100 0.001000 0.000700 0.000200 0.000500 0.000200 0.000500 0.000500 0.277100 0.001000 0.001000 0.001000 0.001000 0.000500 0.093200 0.000500 0.097500 0.000000 0.099600 0.000800 0.000800
ForestMusk 0.211800 0.513600 0.091800 0.088300 0.282700 0.095600 0.207300 0.095600 0.091800 0.094600 0.095600 0.095600 0.098000 0.207300 0.226300 0.094800 0.094500 0.194600 0.095600 0.091800 0.095600 0.095600 0.087700 0.191100 0.095600 0.091200 0.098000 0.091800 0.094800 0.091800 0.094600 0.207300 0.092700 0.098000 0.093300 0.095600 0.093300 0.182300 0.095600 0.337600 0.087700 0.091200 0.094600 0.097000 0.095600 0.186500 0.095600 0.199700 0.099600 0.000000 0.091800 0.091800
Bushbuck 0.097000 0.371600 0.000000 0.002300 0.174300 0.000200 0.095500 0.000200 0.000000 0.000800 0.000200 0.000200 0.000500 0.095500 0.103300 0.000500 0.000800 0.089000 0.000200 0.000000 0.000200 0.000200 0.000800 0.088700 0.000200 0.000500 0.000500 0.000000 0.000500 0.000000 0.000800 0.095500 0.000800 0.000500 0.000500 0.000200 0.000500 0.084000 0.000200 0.201600 0.000800 0.000500 0.000800 0.000800 0.000200 0.084800 0.000200 0.092100 0.000800 0.091800 0.000000 0.000000
GreaterKud 0.097000 0.371600 0.000000 0.002300 0.174300 0.000200 0.095500 0.000200 0.000000 0.000800 0.000200 0.000200 0.000500 0.095500 0.103300 0.000500 0.000800 0.089000 0.000200 0.000000 0.000200 0.000200 0.000800 0.088700 0.000200 0.000500 0.000500 0.000000 0.000500 0.000000 0.000800 0.095500 0.000800 0.000500 0.000500 0.000200 0.000500 0.084000 0.000200 0.201600 0.000800 0.000500 0.000800 0.000800 0.000200 0.084800 0.000200 0.092100 0.000800 0.091800 0.000000 0.000000
