CODONML (in paml version 4.10.7, June 2023)  /home/rachel/ruminants_paml/6406-phy-tree/ENSBTAT00000045996.fasta.phy
Model: free dN/dS Ratios for branches,  kappa = 2.000 fixed

Codon frequency model: F3x4
ns =  54  ls =  22

Codon usage in sequences
--------------------------------------------------------------------------------------------------------------------------------------
Phe TTT   0   0   0   0   0   0 | Ser TCT   0   0   0   0   0   0 | Tyr TAT   0   0   0   0   0   0 | Cys TGT   0   0   0   0   0   0
    TTC   1   1   1   1   1   1 |     TCC   0   0   0   0   0   0 |     TAC   0   0   0   0   0   0 |     TGC   0   0   0   0   0   0
Leu TTA   0   0   0   0   0   0 |     TCA   0   0   0   0   0   0 | *** TAA   0   0   0   0   0   0 | *** TGA   0   0   0   0   0   0
    TTG   0   0   0   0   0   0 |     TCG   0   0   0   0   0   0 |     TAG   0   0   0   0   0   0 | Trp TGG   0   0   0   0   0   0
--------------------------------------------------------------------------------------------------------------------------------------
Leu CTT   0   0   0   0   0   0 | Pro CCT   0   0   0   0   0   0 | His CAT   1   1   1   1   2   2 | Arg CGT   0   0   0   0   0   0
    CTC   0   0   0   0   0   0 |     CCC   0   0   0   0   0   0 |     CAC   1   1   1   1   0   0 |     CGC   0   0   0   0   0   0
    CTA   1   0   0   0   0   0 |     CCA   0   0   0   0   0   0 | Gln CAA   0   0   0   0   0   0 |     CGA   0   0   0   0   0   0
    CTG   0   1   1   1   1   1 |     CCG   0   0   0   0   0   0 |     CAG   1   1   1   1   1   1 |     CGG   0   0   0   0   0   0
--------------------------------------------------------------------------------------------------------------------------------------
Ile ATT   0   0   0   0   1   0 | Thr ACT   1   1   1   1   1   1 | Asn AAT   0   0   0   0   0   0 | Ser AGT   0   0   0   0   0   0
    ATC   4   4   4   4   2   4 |     ACC   0   0   0   0   0   0 |     AAC   0   0   0   0   0   0 |     AGC   0   0   0   0   1   1
    ATA   0   0   0   0   1   0 |     ACA   1   1   1   1   1   2 | Lys AAA   0   0   0   0   0   0 | Arg AGA   0   0   0   0   0   0
Met ATG   0   0   0   0   1   0 |     ACG   0   1   0   0   0   0 |     AAG   1   1   1   1   1   1 |     AGG   1   1   1   1   1   1
--------------------------------------------------------------------------------------------------------------------------------------
Val GTT   0   0   0   0   0   0 | Ala GCT   2   1   2   2   1   1 | Asp GAT   0   0   0   0   1   0 | Gly GGT   0   0   0   0   0   0
    GTC   0   0   0   0   0   0 |     GCC   1   1   1   1   1   1 |     GAC   1   1   1   1   0   1 |     GGC   1   1   1   1   0   0
    GTA   0   0   0   0   0   0 |     GCA   0   1   0   0   0   1 | Glu GAA   0   0   0   0   0   0 |     GGA   1   1   1   1   1   1
    GTG   1   0   1   1   0   0 |     GCG   1   1   1   1   2   1 |     GAG   0   0   0   0   0   0 |     GGG   1   1   1   1   1   1
--------------------------------------------------------------------------------------------------------------------------------------

--------------------------------------------------------------------------------------------------------------------------------------
Phe TTT   0   0   1   0   0   0 | Ser TCT   0   0   0   0   0   0 | Tyr TAT   0   0   0   0   0   0 | Cys TGT   0   0   0   0   0   0
    TTC   1   1   0   1   1   1 |     TCC   0   0   0   0   0   0 |     TAC   0   0   0   0   0   0 |     TGC   0   0   0   0   0   0
Leu TTA   0   0   0   0   0   0 |     TCA   0   0   0   0   0   0 | *** TAA   0   0   0   0   0   0 | *** TGA   0   0   0   0   0   0
    TTG   0   0   0   0   0   0 |     TCG   0   0   0   0   0   0 |     TAG   0   0   0   0   0   0 | Trp TGG   0   0   0   0   0   0
--------------------------------------------------------------------------------------------------------------------------------------
Leu CTT   0   0   0   0   0   0 | Pro CCT   0   0   0   0   0   0 | His CAT   1   1   1   1   1   1 | Arg CGT   0   0   0   0   0   0
    CTC   0   0   0   0   0   0 |     CCC   0   0   0   0   0   0 |     CAC   1   1   1   1   1   1 |     CGC   0   0   0   0   0   0
    CTA   0   0   0   0   0   0 |     CCA   0   0   0   0   0   0 | Gln CAA   0   0   0   0   0   0 |     CGA   0   0   0   0   0   0
    CTG   1   1   1   1   1   1 |     CCG   0   0   0   0   0   0 |     CAG   1   1   1   1   1   1 |     CGG   0   0   0   0   0   0
--------------------------------------------------------------------------------------------------------------------------------------
Ile ATT   0   0   0   0   0   1 | Thr ACT   2   1   1   1   1   1 | Asn AAT   0   0   0   0   0   0 | Ser AGT   0   0   0   0   0   0
    ATC   4   4   4   4   4   3 |     ACC   0   0   0   0   0   0 |     AAC   0   0   0   0   0   0 |     AGC   0   0   0   0   0   0
    ATA   0   0   0   0   0   0 |     ACA   0   1   1   1   1   1 | Lys AAA   0   0   0   0   0   0 | Arg AGA   0   0   0   0   0   0
Met ATG   0   0   0   0   0   0 |     ACG   0   0   0   0   0   0 |     AAG   1   1   1   1   1   1 |     AGG   1   1   1   1   1   1
--------------------------------------------------------------------------------------------------------------------------------------
Val GTT   0   0   0   0   0   0 | Ala GCT   2   2   2   2   2   2 | Asp GAT   0   0   0   0   0   0 | Gly GGT   0   0   0   0   0   0
    GTC   0   0   0   0   0   0 |     GCC   1   1   1   1   1   1 |     GAC   1   1   1   1   1   1 |     GGC   1   1   1   1   1   1
    GTA   0   0   0   0   0   0 |     GCA   1   0   0   1   0   1 | Glu GAA   0   0   0   0   0   0 |     GGA   1   1   1   1   1   1
    GTG   1   1   1   1   1   1 |     GCG   0   1   1   0   1   0 |     GAG   0   0   0   0   0   0 |     GGG   1   1   1   1   1   1
--------------------------------------------------------------------------------------------------------------------------------------

--------------------------------------------------------------------------------------------------------------------------------------
Phe TTT   0   0   0   1   0   0 | Ser TCT   0   0   0   0   0   0 | Tyr TAT   0   0   0   0   0   0 | Cys TGT   0   0   0   0   0   0
    TTC   1   1   1   0   1   1 |     TCC   0   0   0   0   0   0 |     TAC   0   0   0   0   0   0 |     TGC   0   0   0   0   0   0
Leu TTA   0   0   0   0   0   0 |     TCA   0   0   0   0   0   0 | *** TAA   0   0   0   0   0   0 | *** TGA   0   0   0   0   0   0
    TTG   0   0   0   0   0   0 |     TCG   0   0   0   0   0   0 |     TAG   0   0   0   0   0   0 | Trp TGG   0   0   0   0   0   0
--------------------------------------------------------------------------------------------------------------------------------------
Leu CTT   0   0   0   0   0   0 | Pro CCT   0   0   0   0   0   0 | His CAT   1   2   1   1   2   1 | Arg CGT   0   0   0   0   0   0
    CTC   0   0   0   0   0   0 |     CCC   0   0   0   0   0   0 |     CAC   1   0   1   1   0   1 |     CGC   0   0   0   0   0   0
    CTA   0   0   0   0   0   0 |     CCA   0   0   0   0   0   0 | Gln CAA   0   0   0   0   0   0 |     CGA   0   0   0   0   0   0
    CTG   1   1   1   1   1   1 |     CCG   0   0   0   0   0   0 |     CAG   1   1   1   1   1   1 |     CGG   0   0   0   0   0   0
--------------------------------------------------------------------------------------------------------------------------------------
Ile ATT   0   0   0   0   0   0 | Thr ACT   1   1   1   1   1   0 | Asn AAT   0   0   0   0   0   0 | Ser AGT   0   0   0   0   0   0
    ATC   4   4   4   4   4   4 |     ACC   0   0   0   0   0   1 |     AAC   0   0   0   0   0   0 |     AGC   0   1   0   0   1   0
    ATA   0   0   0   0   0   0 |     ACA   1   1   1   1   1   1 | Lys AAA   0   0   0   0   0   0 | Arg AGA   0   0   0   0   0   0
Met ATG   0   0   0   0   0   0 |     ACG   0   0   0   0   0   0 |     AAG   1   1   1   1   1   1 |     AGG   1   1   1   1   1   1
--------------------------------------------------------------------------------------------------------------------------------------
Val GTT   0   0   0   0   0   0 | Ala GCT   2   2   2   2   2   3 | Asp GAT   0   1   0   0   0   0 | Gly GGT   0   0   0   0   0   0
    GTC   0   0   0   0   0   0 |     GCC   1   1   1   1   2   0 |     GAC   1   0   1   1   1   1 |     GGC   1   0   1   1   0   1
    GTA   0   0   0   0   0   0 |     GCA   0   0   0   0   0   1 | Glu GAA   0   0   0   0   0   0 |     GGA   1   1   1   1   1   1
    GTG   1   1   1   1   1   1 |     GCG   1   1   1   1   0   0 |     GAG   0   0   0   0   0   0 |     GGG   1   1   1   1   1   1
--------------------------------------------------------------------------------------------------------------------------------------

--------------------------------------------------------------------------------------------------------------------------------------
Phe TTT   0   0   0   0   0   0 | Ser TCT   0   0   0   0   0   0 | Tyr TAT   0   0   0   0   0   0 | Cys TGT   0   0   0   0   0   0
    TTC   1   1   1   1   1   1 |     TCC   0   0   0   0   0   0 |     TAC   0   0   0   0   0   0 |     TGC   0   0   0   0   0   0
Leu TTA   0   0   0   0   0   0 |     TCA   0   0   0   0   0   0 | *** TAA   0   0   0   0   0   0 | *** TGA   0   0   0   0   0   0
    TTG   0   0   0   0   0   0 |     TCG   0   0   0   0   0   0 |     TAG   0   0   0   0   0   0 | Trp TGG   0   0   0   0   0   0
--------------------------------------------------------------------------------------------------------------------------------------
Leu CTT   0   0   0   0   0   0 | Pro CCT   0   0   0   0   0   0 | His CAT   1   1   1   1   1   1 | Arg CGT   0   0   0   0   0   0
    CTC   0   0   0   0   0   0 |     CCC   0   0   0   0   0   0 |     CAC   1   1   1   1   1   1 |     CGC   0   0   0   0   0   0
    CTA   0   0   0   0   0   0 |     CCA   0   0   0   0   0   0 | Gln CAA   0   0   0   0   0   0 |     CGA   0   0   0   0   0   0
    CTG   1   1   1   1   1   1 |     CCG   0   0   0   0   0   0 |     CAG   1   1   1   1   1   1 |     CGG   0   0   0   0   0   0
--------------------------------------------------------------------------------------------------------------------------------------
Ile ATT   0   0   0   0   0   0 | Thr ACT   1   1   1   1   1   1 | Asn AAT   0   0   0   0   0   0 | Ser AGT   0   0   0   0   0   0
    ATC   4   4   4   4   4   4 |     ACC   0   0   0   0   0   0 |     AAC   0   0   0   0   0   0 |     AGC   0   0   0   0   0   0
    ATA   0   0   0   0   0   0 |     ACA   1   1   1   1   1   1 | Lys AAA   0   0   0   0   0   0 | Arg AGA   0   0   0   0   0   0
Met ATG   0   0   0   0   0   0 |     ACG   0   0   0   0   0   0 |     AAG   1   1   1   1   1   1 |     AGG   1   1   1   1   1   1
--------------------------------------------------------------------------------------------------------------------------------------
Val GTT   0   0   0   0   0   0 | Ala GCT   2   2   2   2   2   2 | Asp GAT   0   0   0   0   0   0 | Gly GGT   0   0   0   0   0   0
    GTC   0   0   0   0   0   0 |     GCC   1   1   1   1   1   1 |     GAC   1   1   1   1   1   1 |     GGC   1   1   1   1   1   1
    GTA   0   0   0   0   0   0 |     GCA   0   0   0   0   1   0 | Glu GAA   0   0   0   0   0   0 |     GGA   1   1   1   1   1   1
    GTG   1   1   1   1   1   1 |     GCG   1   1   1   1   0   1 |     GAG   0   0   0   0   0   0 |     GGG   1   1   1   1   1   1
--------------------------------------------------------------------------------------------------------------------------------------

--------------------------------------------------------------------------------------------------------------------------------------
Phe TTT   0   0   0   0   0   0 | Ser TCT   0   0   0   0   0   0 | Tyr TAT   0   0   0   0   0   0 | Cys TGT   0   0   0   0   0   0
    TTC   1   1   1   1   1   1 |     TCC   0   0   0   0   0   0 |     TAC   0   0   0   0   0   0 |     TGC   0   0   0   0   0   0
Leu TTA   0   0   0   0   0   0 |     TCA   0   0   0   0   0   0 | *** TAA   0   0   0   0   0   0 | *** TGA   0   0   0   0   0   0
    TTG   0   0   0   0   0   0 |     TCG   0   0   0   0   0   0 |     TAG   0   0   0   0   0   0 | Trp TGG   0   0   0   0   0   0
--------------------------------------------------------------------------------------------------------------------------------------
Leu CTT   0   0   0   0   0   0 | Pro CCT   0   0   0   0   0   0 | His CAT   1   1   1   1   1   1 | Arg CGT   0   0   0   0   0   0
    CTC   0   0   0   0   0   0 |     CCC   0   0   0   0   0   0 |     CAC   1   1   1   1   1   1 |     CGC   0   0   0   0   0   0
    CTA   0   0   0   0   0   0 |     CCA   0   0   0   0   0   0 | Gln CAA   0   0   0   0   0   0 |     CGA   0   0   0   0   0   0
    CTG   1   1   1   1   1   1 |     CCG   0   0   0   0   0   0 |     CAG   1   1   1   1   1   1 |     CGG   0   0   0   0   0   0
--------------------------------------------------------------------------------------------------------------------------------------
Ile ATT   0   0   0   0   0   0 | Thr ACT   1   0   1   1   1   1 | Asn AAT   0   0   0   0   0   0 | Ser AGT   0   0   0   0   0   0
    ATC   4   4   4   4   4   4 |     ACC   0   0   0   0   0   0 |     AAC   0   0   0   0   0   0 |     AGC   0   0   0   0   0   0
    ATA   0   0   0   0   0   0 |     ACA   1   1   1   1   1   1 | Lys AAA   0   0   0   0   0   0 | Arg AGA   0   0   0   0   0   0
Met ATG   0   0   0   0   0   0 |     ACG   0   1   0   0   0   0 |     AAG   1   1   1   1   1   1 |     AGG   1   1   1   1   1   1
--------------------------------------------------------------------------------------------------------------------------------------
Val GTT   0   0   0   0   0   0 | Ala GCT   2   2   2   2   2   2 | Asp GAT   0   0   0   0   0   0 | Gly GGT   0   0   0   0   0   0
    GTC   0   0   0   0   0   0 |     GCC   1   1   1   1   1   1 |     GAC   1   1   1   1   1   1 |     GGC   1   1   1   1   1   1
    GTA   0   0   0   0   0   0 |     GCA   1   1   0   1   0   0 | Glu GAA   0   0   0   0   0   0 |     GGA   1   1   1   1   1   1
    GTG   1   1   1   1   1   1 |     GCG   0   0   1   0   1   1 |     GAG   0   0   0   0   0   0 |     GGG   1   1   1   1   1   1
--------------------------------------------------------------------------------------------------------------------------------------

--------------------------------------------------------------------------------------------------------------------------------------
Phe TTT   0   0   0   1   0   0 | Ser TCT   0   0   0   0   0   0 | Tyr TAT   0   0   0   0   0   0 | Cys TGT   0   0   0   0   0   0
    TTC   1   1   1   0   1   1 |     TCC   0   0   0   0   0   0 |     TAC   0   0   0   0   0   0 |     TGC   0   0   0   0   0   0
Leu TTA   0   0   0   0   0   0 |     TCA   0   0   0   0   0   0 | *** TAA   0   0   0   0   0   0 | *** TGA   0   0   0   0   0   0
    TTG   0   0   0   0   0   0 |     TCG   0   0   0   0   0   0 |     TAG   0   0   0   0   0   0 | Trp TGG   0   0   0   0   0   0
--------------------------------------------------------------------------------------------------------------------------------------
Leu CTT   0   0   0   0   0   0 | Pro CCT   0   0   0   0   0   0 | His CAT   1   1   1   1   2   1 | Arg CGT   0   0   0   0   0   0
    CTC   0   0   0   0   0   0 |     CCC   0   0   0   0   0   0 |     CAC   1   1   1   1   0   1 |     CGC   0   0   0   0   0   0
    CTA   0   0   0   0   0   0 |     CCA   0   0   0   0   0   0 | Gln CAA   0   0   0   0   0   0 |     CGA   0   0   0   0   0   0
    CTG   1   1   1   1   1   1 |     CCG   0   0   0   0   0   0 |     CAG   1   1   1   1   1   1 |     CGG   0   0   0   0   0   0
--------------------------------------------------------------------------------------------------------------------------------------
Ile ATT   0   0   0   0   0   0 | Thr ACT   1   1   1   1   1   1 | Asn AAT   0   0   0   0   0   0 | Ser AGT   0   0   0   0   0   0
    ATC   4   4   4   4   4   4 |     ACC   0   0   0   0   0   0 |     AAC   0   0   0   0   0   0 |     AGC   0   0   0   0   0   0
    ATA   0   0   0   0   0   0 |     ACA   1   1   1   1   1   1 | Lys AAA   0   0   0   0   0   0 | Arg AGA   0   0   0   0   0   0
Met ATG   0   0   0   0   0   0 |     ACG   0   0   0   0   0   0 |     AAG   1   1   1   1   1   1 |     AGG   1   1   1   1   1   1
--------------------------------------------------------------------------------------------------------------------------------------
Val GTT   0   0   0   0   0   0 | Ala GCT   2   2   2   2   2   2 | Asp GAT   0   0   0   0   0   0 | Gly GGT   0   0   0   0   0   0
    GTC   0   0   0   0   0   0 |     GCC   1   1   1   1   1   1 |     GAC   1   1   1   1   1   1 |     GGC   1   1   1   1   1   1
    GTA   0   0   0   0   0   0 |     GCA   1   0   1   0   0   0 | Glu GAA   0   0   0   0   0   0 |     GGA   1   1   1   1   1   1
    GTG   1   1   1   1   1   1 |     GCG   0   1   0   1   1   1 |     GAG   0   0   0   0   0   0 |     GGG   1   1   1   1   1   1
--------------------------------------------------------------------------------------------------------------------------------------

--------------------------------------------------------------------------------------------------------------------------------------
Phe TTT   0   0   0   0   0   0 | Ser TCT   0   0   0   0   0   0 | Tyr TAT   0   0   0   0   0   0 | Cys TGT   0   0   0   0   0   0
    TTC   1   1   1   1   1   1 |     TCC   0   0   0   0   0   0 |     TAC   0   0   0   0   0   0 |     TGC   0   0   0   0   0   0
Leu TTA   0   0   0   0   0   0 |     TCA   0   0   0   0   0   0 | *** TAA   0   0   0   0   0   0 | *** TGA   0   0   0   0   0   0
    TTG   0   0   0   0   0   0 |     TCG   0   0   0   0   0   0 |     TAG   0   0   0   0   0   0 | Trp TGG   0   0   0   0   0   0
--------------------------------------------------------------------------------------------------------------------------------------
Leu CTT   0   0   0   0   0   0 | Pro CCT   0   0   0   0   0   0 | His CAT   1   2   1   1   1   1 | Arg CGT   0   0   0   0   0   0
    CTC   0   0   0   0   0   0 |     CCC   0   0   0   0   0   0 |     CAC   1   0   1   1   1   1 |     CGC   0   0   0   0   0   0
    CTA   0   0   0   0   0   0 |     CCA   0   0   0   0   0   0 | Gln CAA   0   0   0   0   0   0 |     CGA   0   0   0   0   0   0
    CTG   1   1   1   1   1   1 |     CCG   0   0   0   0   0   0 |     CAG   1   1   1   1   1   1 |     CGG   0   0   0   0   0   0
--------------------------------------------------------------------------------------------------------------------------------------
Ile ATT   0   0   0   0   0   0 | Thr ACT   1   1   1   2   1   1 | Asn AAT   0   0   0   0   0   0 | Ser AGT   0   0   0   0   0   0
    ATC   4   4   4   4   4   4 |     ACC   0   0   0   0   0   0 |     AAC   0   0   0   0   0   0 |     AGC   0   0   0   0   1   0
    ATA   0   0   0   0   0   0 |     ACA   1   1   1   0   1   1 | Lys AAA   0   0   0   0   0   0 | Arg AGA   0   0   0   0   0   0
Met ATG   0   0   0   0   0   0 |     ACG   0   0   0   0   0   0 |     AAG   1   1   1   1   1   1 |     AGG   1   1   1   1   1   1
--------------------------------------------------------------------------------------------------------------------------------------
Val GTT   0   0   0   0   0   0 | Ala GCT   2   2   2   2   2   2 | Asp GAT   0   0   0   0   0   0 | Gly GGT   0   0   0   0   0   0
    GTC   0   0   0   0   0   0 |     GCC   1   1   1   1   1   1 |     GAC   1   1   1   1   1   1 |     GGC   1   1   1   1   0   1
    GTA   0   0   0   0   0   0 |     GCA   0   0   0   1   1   1 | Glu GAA   0   0   0   0   0   0 |     GGA   1   1   1   1   1   1
    GTG   1   1   1   1   1   1 |     GCG   1   1   1   0   0   0 |     GAG   0   0   0   0   0   0 |     GGG   1   1   1   1   1   1
--------------------------------------------------------------------------------------------------------------------------------------

--------------------------------------------------------------------------------------------------------------------------------------
Phe TTT   0   0   0   0   0   0 | Ser TCT   0   0   0   0   0   0 | Tyr TAT   0   0   0   0   0   0 | Cys TGT   0   0   0   0   0   0
    TTC   1   1   1   1   1   1 |     TCC   0   0   0   0   0   0 |     TAC   0   0   0   0   0   0 |     TGC   0   0   0   0   0   0
Leu TTA   0   0   0   0   0   0 |     TCA   0   0   0   0   0   0 | *** TAA   0   0   0   0   0   0 | *** TGA   0   0   0   0   0   0
    TTG   0   0   0   0   0   0 |     TCG   0   0   0   0   0   0 |     TAG   0   0   0   0   0   0 | Trp TGG   0   0   0   0   0   0
--------------------------------------------------------------------------------------------------------------------------------------
Leu CTT   0   0   0   0   0   0 | Pro CCT   0   0   0   0   0   0 | His CAT   1   1   1   1   2   1 | Arg CGT   0   0   0   0   0   0
    CTC   0   0   0   0   0   0 |     CCC   0   0   0   0   0   0 |     CAC   1   1   1   1   0   1 |     CGC   0   0   0   0   0   0
    CTA   0   0   0   0   0   0 |     CCA   0   0   0   0   0   0 | Gln CAA   0   0   0   0   0   1 |     CGA   0   0   0   0   0   0
    CTG   1   1   1   1   1   1 |     CCG   0   0   0   0   0   0 |     CAG   1   1   1   1   1   0 |     CGG   0   0   0   0   0   0
--------------------------------------------------------------------------------------------------------------------------------------
Ile ATT   0   0   0   0   0   0 | Thr ACT   1   1   1   0   1   1 | Asn AAT   0   0   0   0   0   0 | Ser AGT   0   0   0   0   0   0
    ATC   4   4   4   4   4   4 |     ACC   0   0   0   0   0   0 |     AAC   0   0   0   0   0   0 |     AGC   0   0   0   0   0   0
    ATA   0   0   0   0   0   0 |     ACA   1   1   1   1   1   1 | Lys AAA   0   0   0   0   0   0 | Arg AGA   0   0   0   0   0   0
Met ATG   0   0   0   0   0   1 |     ACG   0   0   0   1   0   0 |     AAG   1   1   1   1   1   1 |     AGG   1   1   1   1   1   1
--------------------------------------------------------------------------------------------------------------------------------------
Val GTT   0   0   0   0   0   0 | Ala GCT   2   2   2   2   2   2 | Asp GAT   0   0   0   0   0   0 | Gly GGT   0   0   0   0   0   0
    GTC   0   0   0   0   0   0 |     GCC   1   1   1   1   1   1 |     GAC   1   1   1   1   1   1 |     GGC   1   1   1   1   1   1
    GTA   0   0   0   0   0   0 |     GCA   1   1   1   1   0   0 | Glu GAA   0   0   0   0   0   0 |     GGA   1   1   1   1   1   1
    GTG   1   1   1   1   1   0 |     GCG   0   0   0   0   1   1 |     GAG   0   0   0   0   0   0 |     GGG   1   1   1   1   1   1
--------------------------------------------------------------------------------------------------------------------------------------

--------------------------------------------------------------------------------------------------------------------------------------
Phe TTT   0   0   0   0   0   0 | Ser TCT   0   0   0   0   0   0 | Tyr TAT   0   0   0   0   0   0 | Cys TGT   0   0   0   0   0   0
    TTC   1   1   1   1   1   1 |     TCC   0   0   0   0   0   0 |     TAC   0   0   0   0   0   0 |     TGC   0   0   0   0   0   0
Leu TTA   0   0   0   0   0   0 |     TCA   0   0   0   0   0   0 | *** TAA   0   0   0   0   0   0 | *** TGA   0   0   0   0   0   0
    TTG   0   0   0   0   0   0 |     TCG   0   0   0   0   0   0 |     TAG   0   0   0   0   0   0 | Trp TGG   0   0   0   0   0   0
--------------------------------------------------------------------------------------------------------------------------------------
Leu CTT   0   0   0   0   0   0 | Pro CCT   0   0   0   0   0   0 | His CAT   1   2   1   1   1   1 | Arg CGT   0   0   0   0   0   0
    CTC   0   0   0   0   0   0 |     CCC   0   0   0   0   0   0 |     CAC   1   0   1   1   1   1 |     CGC   0   0   0   0   0   0
    CTA   0   0   0   0   0   0 |     CCA   0   0   0   0   0   0 | Gln CAA   0   0   1   0   0   0 |     CGA   0   0   0   0   0   0
    CTG   1   1   1   1   1   1 |     CCG   0   0   0   0   0   0 |     CAG   1   1   0   1   1   1 |     CGG   0   0   0   0   0   0
--------------------------------------------------------------------------------------------------------------------------------------
Ile ATT   0   0   0   0   0   0 | Thr ACT   1   1   1   1   1   1 | Asn AAT   0   0   0   0   0   0 | Ser AGT   0   0   0   0   0   0
    ATC   4   4   4   4   4   4 |     ACC   0   0   0   0   0   0 |     AAC   0   0   0   0   0   0 |     AGC   1   1   0   0   0   0
    ATA   0   0   0   0   0   0 |     ACA   1   1   1   1   1   1 | Lys AAA   0   0   1   0   0   0 | Arg AGA   0   0   0   0   0   0
Met ATG   0   0   0   0   0   0 |     ACG   0   0   0   0   0   0 |     AAG   1   1   0   1   1   1 |     AGG   1   1   1   1   1   1
--------------------------------------------------------------------------------------------------------------------------------------
Val GTT   0   0   0   0   0   0 | Ala GCT   2   2   2   2   2   2 | Asp GAT   0   0   0   0   0   0 | Gly GGT   0   0   0   0   0   0
    GTC   0   0   0   0   0   0 |     GCC   1   1   1   1   1   1 |     GAC   1   1   1   1   1   1 |     GGC   0   0   1   1   1   1
    GTA   0   0   0   0   0   0 |     GCA   1   0   0   0   0   0 | Glu GAA   0   0   0   0   0   0 |     GGA   1   1   1   1   1   1
    GTG   1   1   1   1   1   1 |     GCG   0   1   1   1   1   1 |     GAG   0   0   0   0   0   0 |     GGG   1   1   1   1   1   1
--------------------------------------------------------------------------------------------------------------------------------------

Codon position x base (3x4) table for each sequence.

#1: Argali         
position  1:    T:0.04545    C:0.18182    A:0.36364    G:0.40909
position  2:    T:0.31818    C:0.27273    A:0.22727    G:0.18182
position  3:    T:0.18182    C:0.40909    A:0.13636    G:0.27273
Average         T:0.18182    C:0.28788    A:0.24242    G:0.28788

#2: LesserMouseDeer
position  1:    T:0.04545    C:0.18182    A:0.40909    G:0.36364
position  2:    T:0.27273    C:0.31818    A:0.22727    G:0.18182
position  3:    T:0.13636    C:0.40909    A:0.13636    G:0.31818
Average         T:0.15152    C:0.30303    A:0.25758    G:0.28788

#3: LesserKudu     
position  1:    T:0.04545    C:0.18182    A:0.36364    G:0.40909
position  2:    T:0.31818    C:0.27273    A:0.22727    G:0.18182
position  3:    T:0.18182    C:0.40909    A:0.09091    G:0.31818
Average         T:0.18182    C:0.28788    A:0.22727    G:0.30303

#4: ForestMuskDeer2
position  1:    T:0.04545    C:0.18182    A:0.36364    G:0.40909
position  2:    T:0.31818    C:0.27273    A:0.22727    G:0.18182
position  3:    T:0.18182    C:0.40909    A:0.09091    G:0.31818
Average         T:0.18182    C:0.28788    A:0.22727    G:0.30303

#5: Camel          
position  1:    T:0.04545    C:0.18182    A:0.45455    G:0.31818
position  2:    T:0.31818    C:0.27273    A:0.22727    G:0.18182
position  3:    T:0.27273    C:0.22727    A:0.13636    G:0.36364
Average         T:0.21212    C:0.22727    A:0.27273    G:0.28788

#6: KillerWhale    
position  1:    T:0.04545    C:0.18182    A:0.45455    G:0.31818
position  2:    T:0.27273    C:0.31818    A:0.22727    G:0.18182
position  3:    T:0.18182    C:0.36364    A:0.18182    G:0.27273
Average         T:0.16667    C:0.28788    A:0.28788    G:0.25758

#7: DefassaWaterbuck
position  1:    T:0.04545    C:0.18182    A:0.36364    G:0.40909
position  2:    T:0.31818    C:0.27273    A:0.22727    G:0.18182
position  3:    T:0.22727    C:0.40909    A:0.09091    G:0.27273
Average         T:0.19697    C:0.28788    A:0.22727    G:0.28788

#8: Sheep          
position  1:    T:0.04545    C:0.18182    A:0.36364    G:0.40909
position  2:    T:0.31818    C:0.27273    A:0.22727    G:0.18182
position  3:    T:0.18182    C:0.40909    A:0.09091    G:0.31818
Average         T:0.18182    C:0.28788    A:0.22727    G:0.30303

#9: MaxwellsDuiker 
position  1:    T:0.04545    C:0.18182    A:0.36364    G:0.40909
position  2:    T:0.31818    C:0.27273    A:0.22727    G:0.18182
position  3:    T:0.22727    C:0.36364    A:0.09091    G:0.31818
Average         T:0.19697    C:0.27273    A:0.22727    G:0.30303

#10: GazellaPrzewalskyi
position  1:    T:0.04545    C:0.18182    A:0.36364    G:0.40909
position  2:    T:0.31818    C:0.27273    A:0.22727    G:0.18182
position  3:    T:0.18182    C:0.40909    A:0.13636    G:0.27273
Average         T:0.18182    C:0.28788    A:0.24242    G:0.28788

#11: MountainNyala  
position  1:    T:0.04545    C:0.18182    A:0.36364    G:0.40909
position  2:    T:0.31818    C:0.27273    A:0.22727    G:0.18182
position  3:    T:0.18182    C:0.40909    A:0.09091    G:0.31818
Average         T:0.18182    C:0.28788    A:0.22727    G:0.30303

#12: MuntiacusMuntjak
position  1:    T:0.04545    C:0.18182    A:0.36364    G:0.40909
position  2:    T:0.31818    C:0.27273    A:0.22727    G:0.18182
position  3:    T:0.22727    C:0.36364    A:0.13636    G:0.27273
Average         T:0.19697    C:0.27273    A:0.24242    G:0.28788

#13: goat           
position  1:    T:0.04545    C:0.18182    A:0.36364    G:0.40909
position  2:    T:0.31818    C:0.27273    A:0.22727    G:0.18182
position  3:    T:0.18182    C:0.40909    A:0.09091    G:0.31818
Average         T:0.18182    C:0.28788    A:0.22727    G:0.30303

#14: AfricanBuffalo 
position  1:    T:0.04545    C:0.18182    A:0.40909    G:0.36364
position  2:    T:0.31818    C:0.27273    A:0.22727    G:0.18182
position  3:    T:0.27273    C:0.31818    A:0.09091    G:0.31818
Average         T:0.21212    C:0.25758    A:0.24242    G:0.28788

#15: Topi           
position  1:    T:0.04545    C:0.18182    A:0.36364    G:0.40909
position  2:    T:0.31818    C:0.27273    A:0.22727    G:0.18182
position  3:    T:0.18182    C:0.40909    A:0.09091    G:0.31818
Average         T:0.18182    C:0.28788    A:0.22727    G:0.30303

#16: CommonDuiker   
position  1:    T:0.04545    C:0.18182    A:0.36364    G:0.40909
position  2:    T:0.31818    C:0.27273    A:0.22727    G:0.18182
position  3:    T:0.22727    C:0.36364    A:0.09091    G:0.31818
Average         T:0.19697    C:0.27273    A:0.22727    G:0.30303

#17: Suni           
position  1:    T:0.04545    C:0.18182    A:0.40909    G:0.36364
position  2:    T:0.31818    C:0.27273    A:0.22727    G:0.18182
position  3:    T:0.22727    C:0.40909    A:0.09091    G:0.27273
Average         T:0.19697    C:0.28788    A:0.24242    G:0.27273

#18: Springbuck     
position  1:    T:0.04545    C:0.18182    A:0.36364    G:0.40909
position  2:    T:0.31818    C:0.27273    A:0.22727    G:0.18182
position  3:    T:0.18182    C:0.40909    A:0.13636    G:0.27273
Average         T:0.18182    C:0.28788    A:0.24242    G:0.28788

#19: Okapi          
position  1:    T:0.04545    C:0.18182    A:0.36364    G:0.40909
position  2:    T:0.31818    C:0.27273    A:0.22727    G:0.18182
position  3:    T:0.18182    C:0.40909    A:0.09091    G:0.31818
Average         T:0.18182    C:0.28788    A:0.22727    G:0.30303

#20: Giraffe        
position  1:    T:0.04545    C:0.18182    A:0.36364    G:0.40909
position  2:    T:0.31818    C:0.27273    A:0.22727    G:0.18182
position  3:    T:0.18182    C:0.40909    A:0.09091    G:0.31818
Average         T:0.18182    C:0.28788    A:0.22727    G:0.30303

#21: TibetanAntelope
position  1:    T:0.04545    C:0.18182    A:0.36364    G:0.40909
position  2:    T:0.31818    C:0.27273    A:0.22727    G:0.18182
position  3:    T:0.18182    C:0.40909    A:0.09091    G:0.31818
Average         T:0.18182    C:0.28788    A:0.22727    G:0.30303

#22: Sitatunga      
position  1:    T:0.04545    C:0.18182    A:0.36364    G:0.40909
position  2:    T:0.31818    C:0.27273    A:0.22727    G:0.18182
position  3:    T:0.18182    C:0.40909    A:0.09091    G:0.31818
Average         T:0.18182    C:0.28788    A:0.22727    G:0.30303

#23: Oribi          
position  1:    T:0.04545    C:0.18182    A:0.36364    G:0.40909
position  2:    T:0.31818    C:0.27273    A:0.22727    G:0.18182
position  3:    T:0.18182    C:0.40909    A:0.13636    G:0.27273
Average         T:0.18182    C:0.28788    A:0.24242    G:0.28788

#24: BarbarySheep   
position  1:    T:0.04545    C:0.18182    A:0.36364    G:0.40909
position  2:    T:0.31818    C:0.27273    A:0.22727    G:0.18182
position  3:    T:0.18182    C:0.40909    A:0.09091    G:0.31818
Average         T:0.18182    C:0.28788    A:0.22727    G:0.30303

#25: Daviddeer      
position  1:    T:0.04545    C:0.18182    A:0.36364    G:0.40909
position  2:    T:0.31818    C:0.27273    A:0.22727    G:0.18182
position  3:    T:0.18182    C:0.40909    A:0.13636    G:0.27273
Average         T:0.18182    C:0.28788    A:0.24242    G:0.28788

#26: Reindeer       
position  1:    T:0.04545    C:0.18182    A:0.36364    G:0.40909
position  2:    T:0.31818    C:0.27273    A:0.22727    G:0.18182
position  3:    T:0.13636    C:0.40909    A:0.13636    G:0.31818
Average         T:0.16667    C:0.28788    A:0.24242    G:0.30303

#27: Ibex           
position  1:    T:0.04545    C:0.18182    A:0.36364    G:0.40909
position  2:    T:0.31818    C:0.27273    A:0.22727    G:0.18182
position  3:    T:0.18182    C:0.40909    A:0.09091    G:0.31818
Average         T:0.18182    C:0.28788    A:0.22727    G:0.30303

#28: GyrantGazelle  
position  1:    T:0.04545    C:0.18182    A:0.36364    G:0.40909
position  2:    T:0.31818    C:0.27273    A:0.22727    G:0.18182
position  3:    T:0.18182    C:0.40909    A:0.13636    G:0.27273
Average         T:0.18182    C:0.28788    A:0.24242    G:0.28788

#29: Hartebeest     
position  1:    T:0.04545    C:0.18182    A:0.36364    G:0.40909
position  2:    T:0.31818    C:0.27273    A:0.22727    G:0.18182
position  3:    T:0.18182    C:0.40909    A:0.09091    G:0.31818
Average         T:0.18182    C:0.28788    A:0.22727    G:0.30303

#30: Bongo          
position  1:    T:0.04545    C:0.18182    A:0.36364    G:0.40909
position  2:    T:0.31818    C:0.27273    A:0.22727    G:0.18182
position  3:    T:0.18182    C:0.40909    A:0.09091    G:0.31818
Average         T:0.18182    C:0.28788    A:0.22727    G:0.30303

#31: Gerenuk        
position  1:    T:0.04545    C:0.18182    A:0.36364    G:0.40909
position  2:    T:0.31818    C:0.27273    A:0.22727    G:0.18182
position  3:    T:0.18182    C:0.40909    A:0.13636    G:0.27273
Average         T:0.18182    C:0.28788    A:0.24242    G:0.28788

#32: CommonEland    
position  1:    T:0.04545    C:0.18182    A:0.36364    G:0.40909
position  2:    T:0.31818    C:0.27273    A:0.22727    G:0.18182
position  3:    T:0.18182    C:0.40909    A:0.09091    G:0.31818
Average         T:0.18182    C:0.28788    A:0.22727    G:0.30303

#33: MuntiacusReevesi
position  1:    T:0.04545    C:0.18182    A:0.36364    G:0.40909
position  2:    T:0.31818    C:0.27273    A:0.22727    G:0.18182
position  3:    T:0.18182    C:0.40909    A:0.13636    G:0.27273
Average         T:0.18182    C:0.28788    A:0.24242    G:0.28788

#34: HarveysDuiker  
position  1:    T:0.04545    C:0.18182    A:0.36364    G:0.40909
position  2:    T:0.31818    C:0.27273    A:0.22727    G:0.18182
position  3:    T:0.22727    C:0.36364    A:0.09091    G:0.31818
Average         T:0.19697    C:0.27273    A:0.22727    G:0.30303

#35: Pronghorn      
position  1:    T:0.04545    C:0.18182    A:0.36364    G:0.40909
position  2:    T:0.31818    C:0.27273    A:0.22727    G:0.18182
position  3:    T:0.22727    C:0.36364    A:0.09091    G:0.31818
Average         T:0.19697    C:0.27273    A:0.22727    G:0.30303

#36: BlueWildebeest 
position  1:    T:0.04545    C:0.18182    A:0.36364    G:0.40909
position  2:    T:0.31818    C:0.27273    A:0.22727    G:0.18182
position  3:    T:0.18182    C:0.40909    A:0.09091    G:0.31818
Average         T:0.18182    C:0.28788    A:0.22727    G:0.30303

#37: Gemsbok        
position  1:    T:0.04545    C:0.18182    A:0.36364    G:0.40909
position  2:    T:0.31818    C:0.27273    A:0.22727    G:0.18182
position  3:    T:0.18182    C:0.40909    A:0.09091    G:0.31818
Average         T:0.18182    C:0.28788    A:0.22727    G:0.30303

#38: Yak            
position  1:    T:0.04545    C:0.18182    A:0.36364    G:0.40909
position  2:    T:0.31818    C:0.27273    A:0.22727    G:0.18182
position  3:    T:0.22727    C:0.36364    A:0.09091    G:0.31818
Average         T:0.19697    C:0.27273    A:0.22727    G:0.30303

#39: BlueSheep      
position  1:    T:0.04545    C:0.18182    A:0.36364    G:0.40909
position  2:    T:0.31818    C:0.27273    A:0.22727    G:0.18182
position  3:    T:0.18182    C:0.40909    A:0.09091    G:0.31818
Average         T:0.18182    C:0.28788    A:0.22727    G:0.30303

#40: BohorReedbuck  
position  1:    T:0.04545    C:0.18182    A:0.36364    G:0.40909
position  2:    T:0.31818    C:0.27273    A:0.22727    G:0.18182
position  3:    T:0.22727    C:0.40909    A:0.09091    G:0.27273
Average         T:0.19697    C:0.28788    A:0.22727    G:0.28788

#41: KirksDik       
position  1:    T:0.04545    C:0.18182    A:0.40909    G:0.36364
position  2:    T:0.31818    C:0.27273    A:0.22727    G:0.18182
position  3:    T:0.18182    C:0.40909    A:0.13636    G:0.27273
Average         T:0.18182    C:0.28788    A:0.25758    G:0.27273

#42: RoeDeer        
position  1:    T:0.04545    C:0.18182    A:0.36364    G:0.40909
position  2:    T:0.31818    C:0.27273    A:0.22727    G:0.18182
position  3:    T:0.18182    C:0.40909    A:0.13636    G:0.27273
Average         T:0.18182    C:0.28788    A:0.24242    G:0.28788

#43: WhiteLippedDeer
position  1:    T:0.04545    C:0.18182    A:0.36364    G:0.40909
position  2:    T:0.31818    C:0.27273    A:0.22727    G:0.18182
position  3:    T:0.18182    C:0.40909    A:0.13636    G:0.27273
Average         T:0.18182    C:0.28788    A:0.24242    G:0.28788

#44: ThomsonGazelle 
position  1:    T:0.04545    C:0.18182    A:0.36364    G:0.40909
position  2:    T:0.31818    C:0.27273    A:0.22727    G:0.18182
position  3:    T:0.18182    C:0.40909    A:0.13636    G:0.27273
Average         T:0.18182    C:0.28788    A:0.24242    G:0.28788

#45: MuntiacusCrinifrons
position  1:    T:0.04545    C:0.18182    A:0.36364    G:0.40909
position  2:    T:0.31818    C:0.27273    A:0.22727    G:0.18182
position  3:    T:0.18182    C:0.40909    A:0.13636    G:0.27273
Average         T:0.18182    C:0.28788    A:0.24242    G:0.28788

#46: WhiteTailedDeer
position  1:    T:0.04545    C:0.18182    A:0.36364    G:0.40909
position  2:    T:0.31818    C:0.27273    A:0.22727    G:0.18182
position  3:    T:0.13636    C:0.40909    A:0.13636    G:0.31818
Average         T:0.16667    C:0.28788    A:0.24242    G:0.30303

#47: Cattle         
position  1:    T:0.04545    C:0.18182    A:0.36364    G:0.40909
position  2:    T:0.31818    C:0.27273    A:0.22727    G:0.18182
position  3:    T:0.22727    C:0.36364    A:0.09091    G:0.31818
Average         T:0.19697    C:0.27273    A:0.22727    G:0.30303

#48: RoyalAntelope  
position  1:    T:0.04545    C:0.18182    A:0.40909    G:0.36364
position  2:    T:0.31818    C:0.27273    A:0.22727    G:0.18182
position  3:    T:0.18182    C:0.40909    A:0.13636    G:0.27273
Average         T:0.18182    C:0.28788    A:0.25758    G:0.27273

#49: Steenbok       
position  1:    T:0.04545    C:0.18182    A:0.40909    G:0.36364
position  2:    T:0.31818    C:0.27273    A:0.22727    G:0.18182
position  3:    T:0.18182    C:0.40909    A:0.13636    G:0.27273
Average         T:0.18182    C:0.28788    A:0.25758    G:0.27273

#50: Impala         
position  1:    T:0.04545    C:0.18182    A:0.40909    G:0.36364
position  2:    T:0.31818    C:0.27273    A:0.22727    G:0.18182
position  3:    T:0.22727    C:0.36364    A:0.09091    G:0.31818
Average         T:0.19697    C:0.27273    A:0.24242    G:0.28788

#51: Klipspringer   
position  1:    T:0.04545    C:0.18182    A:0.36364    G:0.40909
position  2:    T:0.31818    C:0.27273    A:0.22727    G:0.18182
