CODONML (in paml version 4.10.7, June 2023)  /home/rachel/ruminants_paml/6406-phy-tree/ENSBTAT00000013714.fasta.phy
Model: free dN/dS Ratios for branches,  kappa = 2.000 fixed

Codon frequency model: F3x4
ns =  54  ls = 146

Codon usage in sequences
--------------------------------------------------------------------------------------------------------------------------------------
Phe TTT   6   6   6   6   7   6 | Ser TCT   5   4   5   5   6   4 | Tyr TAT   2   1   2   2   2   2 | Cys TGT   3   3   3   3   3   3
    TTC   3   3   3   3   2   3 |     TCC   2   2   2   1   2   1 |     TAC   5   6   5   5   5   5 |     TGC   1   1   1   1   1   1
Leu TTA   7   7   7   7   6   7 |     TCA   5   5   6   5   6   7 | *** TAA   0   0   0   0   0   0 | *** TGA   0   0   0   0   0   0
    TTG   4   4   4   4   6   3 |     TCG   1   1   0   1   0   0 |     TAG   0   0   0   0   0   0 | Trp TGG   2   2   2   2   2   2
--------------------------------------------------------------------------------------------------------------------------------------
Leu CTT   5   5   5   5   4   4 | Pro CCT   2   2   2   2   2   2 | His CAT   1   1   1   1   1   1 | Arg CGT   0   0   0   0   0   0
    CTC   1   1   1   1   0   1 |     CCC   1   1   1   1   1   2 |     CAC   1   1   1   1   1   1 |     CGC   0   0   0   0   0   0
    CTA   1   1   1   1   3   1 |     CCA   1   1   1   1   1   1 | Gln CAA   1   2   1   1   2   2 |     CGA   0   0   0   0   0   0
    CTG   2   2   2   2   1   4 |     CCG   0   0   0   0   0   1 |     CAG   4   3   4   4   3   3 |     CGG   0   0   0   0   0   0
--------------------------------------------------------------------------------------------------------------------------------------
Ile ATT   1   1   1   1   3   1 | Thr ACT   2   2   2   2   1   1 | Asn AAT   4   4   4   4   3   4 | Ser AGT   4   4   4   4   3   3
    ATC   0   0   0   0   0   0 |     ACC   0   0   0   0   0   0 |     AAC   2   2   2   2   3   1 |     AGC   0   0   0   0   0   1
    ATA   2   2   2   2   1   2 |     ACA   2   3   2   3   2   1 | Lys AAA   4   3   4   4   2   3 | Arg AGA   5   5   5   5   4   4
Met ATG   2   2   2   2   2   1 |     ACG   0   0   0   0   0   1 |     AAG   3   4   3   3   6   5 |     AGG   0   0   0   0   0   0
--------------------------------------------------------------------------------------------------------------------------------------
Val GTT   3   3   3   3   3   2 | Ala GCT   6   6   6   6   5   6 | Asp GAT   2   3   2   2   3   3 | Gly GGT   4   4   4   4   4   5
    GTC   2   2   2   2   2   2 |     GCC   0   0   0   1   0   0 |     GAC   3   2   3   3   2   2 |     GGC   1   2   1   1   2   2
    GTA   2   2   2   2   1   2 |     GCA   3   2   3   2   3   4 | Glu GAA   9  10   9   9   9   8 |     GGA   8   6   8   8   8   7
    GTG   3   3   3   3   4   4 |     GCG   0   1   0   0   0   0 |     GAG   3   3   3   3   3   4 |     GGG   0   0   0   0   0   0
--------------------------------------------------------------------------------------------------------------------------------------

--------------------------------------------------------------------------------------------------------------------------------------
Phe TTT   6   6   6   6   6   6 | Ser TCT   5   5   5   5   5   4 | Tyr TAT   2   2   2   2   2   2 | Cys TGT   3   3   3   3   3   3
    TTC   3   3   3   3   3   3 |     TCC   2   2   2   2   2   2 |     TAC   5   5   5   5   5   5 |     TGC   1   1   1   1   1   1
Leu TTA   7   7   7   7   7   7 |     TCA   5   5   5   5   5   6 | *** TAA   0   0   0   0   0   0 | *** TGA   0   0   0   0   0   0
    TTG   4   4   4   4   4   4 |     TCG   1   1   1   1   1   1 |     TAG   0   0   0   0   0   0 | Trp TGG   2   2   2   2   2   2
--------------------------------------------------------------------------------------------------------------------------------------
Leu CTT   5   5   5   5   5   5 | Pro CCT   2   2   2   2   2   2 | His CAT   1   1   1   1   1   1 | Arg CGT   0   0   0   0   0   0
    CTC   1   1   1   1   1   1 |     CCC   1   1   1   1   1   1 |     CAC   1   1   1   1   1   1 |     CGC   0   0   0   0   0   0
    CTA   1   1   1   1   1   1 |     CCA   1   1   1   1   1   1 | Gln CAA   1   1   1   1   1   1 |     CGA   0   0   0   0   0   0
    CTG   2   2   2   2   2   2 |     CCG   0   0   0   0   0   0 |     CAG   4   4   4   4   4   4 |     CGG   0   0   0   0   0   0
--------------------------------------------------------------------------------------------------------------------------------------
Ile ATT   1   1   1   1   1   1 | Thr ACT   2   1   2   2   2   2 | Asn AAT   4   4   4   4   4   4 | Ser AGT   4   4   4   4   4   3
    ATC   0   0   0   0   0   0 |     ACC   0   1   0   0   0   0 |     AAC   2   2   2   2   2   2 |     AGC   0   0   0   0   0   0
    ATA   2   2   2   2   2   2 |     ACA   2   2   2   2   2   2 | Lys AAA   4   4   4   4   4   4 | Arg AGA   5   5   5   5   5   5
Met ATG   2   3   2   2   2   2 |     ACG   0   0   0   0   0   0 |     AAG   3   3   3   3   3   3 |     AGG   0   0   0   0   0   0
--------------------------------------------------------------------------------------------------------------------------------------
Val GTT   3   3   3   3   3   3 | Ala GCT   6   6   6   6   6   6 | Asp GAT   2   2   2   2   2   2 | Gly GGT   4   4   4   4   4   5
    GTC   2   2   2   2   2   2 |     GCC   0   0   0   0   0   0 |     GAC   3   3   3   3   3   3 |     GGC   1   1   1   1   1   1
    GTA   2   2   2   2   2   3 |     GCA   3   3   3   3   3   3 | Glu GAA   9   9   9   9   9   9 |     GGA   8   8   8   8   8   8
    GTG   3   2   3   3   3   2 |     GCG   0   0   0   0   0   0 |     GAG   3   3   3   3   3   3 |     GGG   0   0   0   0   0   0
--------------------------------------------------------------------------------------------------------------------------------------

--------------------------------------------------------------------------------------------------------------------------------------
Phe TTT   6   6   6   6   6   6 | Ser TCT   5   5   5   5   5   5 | Tyr TAT   2   2   2   2   2   2 | Cys TGT   3   3   3   3   3   3
    TTC   3   3   3   3   3   3 |     TCC   2   2   3   2   2   2 |     TAC   5   5   5   5   5   5 |     TGC   1   1   1   1   1   1
Leu TTA   7   6   7   7   7   7 |     TCA   5   5   5   5   5   5 | *** TAA   0   0   0   0   0   0 | *** TGA   0   0   0   0   0   0
    TTG   4   4   4   4   4   4 |     TCG   1   1   0   1   1   1 |     TAG   0   0   0   0   0   0 | Trp TGG   2   2   2   2   2   2
--------------------------------------------------------------------------------------------------------------------------------------
Leu CTT   5   5   5   5   5   5 | Pro CCT   2   2   2   2   2   2 | His CAT   1   1   1   1   1   1 | Arg CGT   0   0   0   0   0   0
    CTC   1   1   1   1   2   1 |     CCC   1   1   1   1   1   1 |     CAC   1   1   1   1   1   1 |     CGC   0   0   0   0   0   0
    CTA   1   2   1   1   1   1 |     CCA   1   1   1   1   1   1 | Gln CAA   1   1   1   1   1   1 |     CGA   0   0   0   0   0   0
    CTG   2   2   2   2   1   2 |     CCG   0   0   0   0   0   0 |     CAG   4   4   4   4   4   4 |     CGG   0   0   0   0   0   0
--------------------------------------------------------------------------------------------------------------------------------------
Ile ATT   1   1   1   1   1   1 | Thr ACT   2   2   2   2   2   2 | Asn AAT   4   4   4   4   4   4 | Ser AGT   4   3   4   3   4   4
    ATC   0   0   0   0   0   0 |     ACC   0   0   0   0   0   0 |     AAC   2   2   1   2   2   2 |     AGC   0   1   1   0   0   0
    ATA   2   2   2   2   2   2 |     ACA   2   2   2   2   2   2 | Lys AAA   4   4   4   4   4   4 | Arg AGA   5   5   5   5   5   5
Met ATG   2   2   2   2   2   2 |     ACG   0   0   0   0   0   0 |     AAG   3   3   3   3   3   3 |     AGG   0   0   0   0   0   0
--------------------------------------------------------------------------------------------------------------------------------------
Val GTT   3   3   2   3   3   3 | Ala GCT   6   6   6   6   6   6 | Asp GAT   2   2   2   2   2   2 | Gly GGT   4   4   4   5   4   5
    GTC   2   2   2   2   2   2 |     GCC   0   0   0   0   0   0 |     GAC   3   3   3   3   3   3 |     GGC   1   1   1   1   1   1
    GTA   2   2   2   2   2   2 |     GCA   3   3   2   3   3   3 | Glu GAA   9   9   9   9   9   9 |     GGA   8   8   8   8   8   7
    GTG   3   3   4   3   3   3 |     GCG   0   0   1   0   0   0 |     GAG   3   3   3   3   3   3 |     GGG   0   0   0   0   0   0
--------------------------------------------------------------------------------------------------------------------------------------

--------------------------------------------------------------------------------------------------------------------------------------
Phe TTT   6   6   6   6   6   6 | Ser TCT   4   4   5   5   5   5 | Tyr TAT   2   2   2   2   2   2 | Cys TGT   3   3   3   3   3   3
    TTC   3   3   3   3   3   3 |     TCC   2   2   2   2   2   2 |     TAC   5   5   5   5   5   5 |     TGC   1   1   1   1   1   1
Leu TTA   7   7   7   7   6   7 |     TCA   6   6   5   5   5   5 | *** TAA   0   0   0   0   0   0 | *** TGA   0   0   0   0   0   0
    TTG   4   4   4   4   4   4 |     TCG   1   1   1   1   1   1 |     TAG   0   0   0   0   0   0 | Trp TGG   2   2   2   2   2   2
--------------------------------------------------------------------------------------------------------------------------------------
Leu CTT   5   5   5   5   5   5 | Pro CCT   1   1   2   2   2   2 | His CAT   1   1   1   1   1   1 | Arg CGT   0   0   0   0   0   0
    CTC   1   1   1   1   1   1 |     CCC   1   1   1   1   1   1 |     CAC   1   1   1   1   1   1 |     CGC   0   0   0   0   0   0
    CTA   1   1   1   1   2   1 |     CCA   2   2   1   1   1   1 | Gln CAA   0   0   1   1   1   1 |     CGA   0   0   0   0   0   0
    CTG   2   2   2   2   2   2 |     CCG   0   0   0   0   0   0 |     CAG   5   5   4   4   4   4 |     CGG   0   0   0   0   0   0
--------------------------------------------------------------------------------------------------------------------------------------
Ile ATT   1   1   1   1   1   1 | Thr ACT   2   2   2   2   2   2 | Asn AAT   4   4   4   4   4   4 | Ser AGT   4   4   4   4   4   4
    ATC   0   0   0   0   0   0 |     ACC   0   0   0   0   0   0 |     AAC   2   2   2   2   2   2 |     AGC   0   0   0   0   0   0
    ATA   2   2   2   2   2   2 |     ACA   2   2   2   2   2   2 | Lys AAA   4   4   4   4   4   4 | Arg AGA   5   5   5   5   4   5
Met ATG   2   2   2   2   2   2 |     ACG   0   0   0   0   0   0 |     AAG   3   3   3   3   3   3 |     AGG   0   0   0   0   1   0
--------------------------------------------------------------------------------------------------------------------------------------
Val GTT   3   3   3   3   3   3 | Ala GCT   6   6   6   6   6   6 | Asp GAT   2   2   2   2   2   2 | Gly GGT   4   4   3   4   4   4
    GTC   2   2   2   2   3   2 |     GCC   0   0   0   0   0   0 |     GAC   3   3   3   3   3   3 |     GGC   1   1   2   1   1   1
    GTA   2   2   2   2   1   2 |     GCA   3   3   3   3   3   3 | Glu GAA   9   9   9   9   9   9 |     GGA   8   8   8   8   8   8
    GTG   3   3   3   3   3   3 |     GCG   0   0   0   0   0   0 |     GAG   3   3   3   3   3   3 |     GGG   0   0   0   0   0   0
--------------------------------------------------------------------------------------------------------------------------------------

--------------------------------------------------------------------------------------------------------------------------------------
Phe TTT   6   6   6   6   6   6 | Ser TCT   4   4   5   5   5   5 | Tyr TAT   2   2   2   2   2   2 | Cys TGT   3   3   3   3   3   3
    TTC   3   3   3   2   3   3 |     TCC   2   2   2   2   2   2 |     TAC   5   5   5   5   5   5 |     TGC   1   1   1   1   1   1
Leu TTA   7   7   7   7   7   7 |     TCA   6   6   5   5   5   5 | *** TAA   0   0   0   0   0   0 | *** TGA   0   0   0   0   0   0
    TTG   4   4   4   4   4   4 |     TCG   1   1   1   1   1   1 |     TAG   0   0   0   0   0   0 | Trp TGG   2   2   2   2   2   2
--------------------------------------------------------------------------------------------------------------------------------------
Leu CTT   5   5   5   5   5   5 | Pro CCT   2   2   2   2   2   2 | His CAT   1   1   1   1   1   1 | Arg CGT   0   0   0   0   0   0
    CTC   1   1   1   2   1   1 |     CCC   1   1   1   1   1   1 |     CAC   1   1   1   1   1   1 |     CGC   0   0   0   0   0   0
    CTA   1   1   1   1   1   1 |     CCA   1   1   1   1   1   1 | Gln CAA   1   1   1   1   1   1 |     CGA   0   0   0   0   0   0
    CTG   2   2   2   2   2   2 |     CCG   0   0   0   0   0   0 |     CAG   4   4   4   4   4   4 |     CGG   0   0   0   0   0   0
--------------------------------------------------------------------------------------------------------------------------------------
Ile ATT   1   0   1   1   1   1 | Thr ACT   2   2   2   2   2   2 | Asn AAT   4   4   4   4   4   4 | Ser AGT   4   4   4   4   4   4
    ATC   0   1   0   0   0   0 |     ACC   0   0   0   0   0   0 |     AAC   2   2   2   2   1   2 |     AGC   0   0   0   0   1   0
    ATA   2   2   2   3   2   2 |     ACA   2   2   2   2   2   2 | Lys AAA   4   4   4   4   4   4 | Arg AGA   5   5   5   5   5   5
Met ATG   2   2   2   1   2   2 |     ACG   0   0   0   0   0   0 |     AAG   3   3   3   3   3   3 |     AGG   0   0   0   0   0   0
--------------------------------------------------------------------------------------------------------------------------------------
Val GTT   3   3   3   3   2   3 | Ala GCT   6   6   6   6   6   6 | Asp GAT   2   2   2   2   2   2 | Gly GGT   4   4   4   4   4   4
    GTC   2   2   2   2   2   2 |     GCC   0   0   0   0   0   0 |     GAC   3   4   3   3   3   3 |     GGC   1   1   1   1   1   1
    GTA   2   2   2   2   2   2 |     GCA   3   1   3   3   2   3 | Glu GAA   9   8   9   9   9   9 |     GGA   8   8   8   8   8   8
    GTG   3   3   3   3   4   3 |     GCG   0   2   0   0   1   0 |     GAG   3   3   3   3   3   3 |     GGG   0   0   0   0   0   0
--------------------------------------------------------------------------------------------------------------------------------------

--------------------------------------------------------------------------------------------------------------------------------------
Phe TTT   5   6   6   6   6   6 | Ser TCT   5   5   4   5   4   5 | Tyr TAT   2   2   2   2   2   2 | Cys TGT   3   3   3   3   3   3
    TTC   4   3   3   3   3   3 |     TCC   2   2   2   2   2   2 |     TAC   5   5   5   5   5   5 |     TGC   1   1   1   1   1   1
Leu TTA   7   7   7   7   8   7 |     TCA   5   5   6   5   7   5 | *** TAA   0   0   0   0   0   0 | *** TGA   0   0   0   0   0   0
    TTG   4   4   4   4   4   4 |     TCG   1   1   1   1   0   1 |     TAG   0   0   0   0   0   0 | Trp TGG   2   2   2   2   2   2
--------------------------------------------------------------------------------------------------------------------------------------
Leu CTT   5   5   5   5   5   5 | Pro CCT   2   2   2   2   2   2 | His CAT   1   1   1   1   1   1 | Arg CGT   0   0   0   0   0   0
    CTC   1   1   1   1   1   1 |     CCC   1   2   1   1   1   1 |     CAC   1   1   1   1   1   1 |     CGC   0   0   0   0   0   0
    CTA   1   1   1   1   0   1 |     CCA   1   0   1   1   1   1 | Gln CAA   1   1   1   1   1   1 |     CGA   0   0   0   0   0   0
    CTG   2   2   2   2   2   2 |     CCG   0   0   0   0   0   0 |     CAG   4   4   4   4   4   4 |     CGG   0   0   0   0   0   0
--------------------------------------------------------------------------------------------------------------------------------------
Ile ATT   1   1   1   1   1   1 | Thr ACT   2   2   2   2   2   2 | Asn AAT   4   4   4   4   4   4 | Ser AGT   4   4   3   3   4   4
    ATC   0   0   0   0   0   0 |     ACC   0   0   0   0   0   0 |     AAC   2   2   2   2   2   1 |     AGC   0   0   0   0   0   1
    ATA   2   2   2   2   2   2 |     ACA   2   2   2   2   2   2 | Lys AAA   4   4   4   4   4   4 | Arg AGA   5   5   5   5   5   5
Met ATG   2   2   2   2   2   2 |     ACG   0   0   0   0   0   0 |     AAG   3   3   3   3   3   3 |     AGG   0   0   0   0   0   0
--------------------------------------------------------------------------------------------------------------------------------------
Val GTT   3   3   3   3   3   2 | Ala GCT   6   6   6   6   6   6 | Asp GAT   2   2   2   2   3   2 | Gly GGT   4   4   5   5   4   4
    GTC   2   2   2   2   2   2 |     GCC   0   0   0   0   0   0 |     GAC   3   3   3   3   2   3 |     GGC   1   1   1   1   1   1
    GTA   2   2   3   2   2   2 |     GCA   3   3   3   3   2   2 | Glu GAA   9   9   9   9   9   9 |     GGA   8   8   8   8   8   8
    GTG   3   3   2   3   3   4 |     GCG   0   0   0   0   1   1 |     GAG   3   3   3   3   3   3 |     GGG   0   0   0   0   0   0
--------------------------------------------------------------------------------------------------------------------------------------

--------------------------------------------------------------------------------------------------------------------------------------
Phe TTT   6   6   6   6   6   6 | Ser TCT   5   5   5   5   5   4 | Tyr TAT   2   2   2   2   2   2 | Cys TGT   3   3   3   3   3   2
    TTC   3   3   3   3   3   3 |     TCC   2   2   2   2   2   2 |     TAC   5   5   5   5   5   5 |     TGC   1   1   1   1   1   2
Leu TTA   7   7   7   7   7   7 |     TCA   6   5   5   5   5   6 | *** TAA   0   0   0   0   0   0 | *** TGA   0   0   0   0   0   0
    TTG   4   4   4   4   4   4 |     TCG   0   1   1   1   1   1 |     TAG   0   0   0   0   0   0 | Trp TGG   2   2   2   2   2   2
--------------------------------------------------------------------------------------------------------------------------------------
Leu CTT   5   5   5   5   5   5 | Pro CCT   2   2   2   2   2   2 | His CAT   1   1   1   1   1   1 | Arg CGT   0   0   0   0   0   0
    CTC   1   1   1   1   1   1 |     CCC   1   1   1   1   1   1 |     CAC   1   1   1   1   1   1 |     CGC   0   0   0   0   0   0
    CTA   1   1   1   1   1   1 |     CCA   1   1   1   1   1   1 | Gln CAA   1   1   1   1   1   1 |     CGA   0   0   0   0   0   0
    CTG   2   2   2   2   2   2 |     CCG   0   0   0   0   0   0 |     CAG   4   4   4   4   4   4 |     CGG   0   0   0   0   0   0
--------------------------------------------------------------------------------------------------------------------------------------
Ile ATT   1   1   1   1   1   1 | Thr ACT   2   2   2   2   2   1 | Asn AAT   4   4   4   4   4   4 | Ser AGT   4   3   4   4   4   4
    ATC   0   0   0   0   0   0 |     ACC   0   0   0   0   0   0 |     AAC   2   2   2   2   2   2 |     AGC   0   1   0   0   0   0
    ATA   2   2   2   2   2   2 |     ACA   2   2   2   2   2   2 | Lys AAA   4   4   4   4   4   4 | Arg AGA   5   5   5   5   5   5
Met ATG   2   2   2   2   2   2 |     ACG   0   0   0   0   0   0 |     AAG   3   3   3   3   3   3 |     AGG   0   0   0   0   0   0
--------------------------------------------------------------------------------------------------------------------------------------
Val GTT   3   3   3   3   4   3 | Ala GCT   6   6   6   6   6   7 | Asp GAT   2   2   2   2   2   2 | Gly GGT   4   4   4   4   4   4
    GTC   2   2   2   2   1   2 |     GCC   0   0   0   0   0   0 |     GAC   3   3   3   3   3   3 |     GGC   1   1   1   1   1   1
    GTA   2   2   2   2   2   2 |     GCA   3   3   3   3   3   3 | Glu GAA   9   9   9   9   9   9 |     GGA   8   8   8   8   8   8
    GTG   3   3   3   3   3   3 |     GCG   0   0   0   0   0   0 |     GAG   3   3   3   3   3   3 |     GGG   0   0   0   0   0   0
--------------------------------------------------------------------------------------------------------------------------------------

--------------------------------------------------------------------------------------------------------------------------------------
Phe TTT   6   6   6   6   6   6 | Ser TCT   4   5   4   4   5   5 | Tyr TAT   2   2   2   2   3   2 | Cys TGT   3   3   3   2   3   2
    TTC   3   3   3   3   3   3 |     TCC   2   2   2   2   2   3 |     TAC   5   5   5   5   4   5 |     TGC   1   1   1   2   1   2
Leu TTA   7   7   7   7   7   7 |     TCA   6   5   6   6   6   4 | *** TAA   0   0   0   0   0   0 | *** TGA   0   0   0   0   0   0
    TTG   4   4   4   4   4   4 |     TCG   1   1   1   1   0   1 |     TAG   0   0   0   0   0   0 | Trp TGG   2   2   2   2   2   2
--------------------------------------------------------------------------------------------------------------------------------------
Leu CTT   5   5   5   5   5   5 | Pro CCT   2   2   2   2   2   2 | His CAT   1   1   1   1   1   1 | Arg CGT   0   0   0   0   0   0
    CTC   1   1   1   1   1   1 |     CCC   1   1   1   1   1   1 |     CAC   1   1   1   1   1   1 |     CGC   0   0   0   0   0   0
    CTA   1   1   1   1   1   2 |     CCA   1   1   1   1   1   1 | Gln CAA   1   1   1   1   1   1 |     CGA   0   0   0   0   0   0
    CTG   2   2   2   2   2   1 |     CCG   0   0   0   0   0   0 |     CAG   4   4   4   4   4   4 |     CGG   0   0   0   0   0   0
--------------------------------------------------------------------------------------------------------------------------------------
Ile ATT   1   1   1   0   1   1 | Thr ACT   2   2   2   2   2   2 | Asn AAT   4   4   4   4   4   4 | Ser AGT   4   4   3   4   3   4
    ATC   0   0   0   1   0   0 |     ACC   0   0   0   0   0   0 |     AAC   2   2   2   2   2   2 |     AGC   0   0   0   0   1   0
    ATA   2   2   2   2   2   2 |     ACA   2   2   2   1   2   2 | Lys AAA   4   4   4   4   4   4 | Arg AGA   5   5   5   5   5   5
Met ATG   2   2   2   2   2   2 |     ACG   0   0   0   0   0   0 |     AAG   3   3   3   3   3   3 |     AGG   0   0   0   0   0   0
--------------------------------------------------------------------------------------------------------------------------------------
Val GTT   3   3   3   3   3   3 | Ala GCT   6   6   6   6   6   6 | Asp GAT   2   2   2   2   2   2 | Gly GGT   4   4   5   4   4   4
    GTC   2   2   2   2   2   2 |     GCC   0   0   0   0   0   0 |     GAC   3   3   3   4   3   3 |     GGC   1   1   1   1   1   1
    GTA   2   2   3   2   2   2 |     GCA   3   3   3   3   3   3 | Glu GAA   9   9   9   8   9   9 |     GGA   8   8   8   8   8   8
    GTG   3   3   2   3   3   3 |     GCG   0   0   0   1   0   0 |     GAG   3   3   3   3   3   3 |     GGG   0   0   0   0   0   0
--------------------------------------------------------------------------------------------------------------------------------------

--------------------------------------------------------------------------------------------------------------------------------------
Phe TTT   6   6   6   6   6   6 | Ser TCT   5   5   5   5   5   5 | Tyr TAT   1   2   2   2   2   2 | Cys TGT   3   3   3   3   3   3
    TTC   3   3   2   3   3   3 |     TCC   2   2   2   1   2   2 |     TAC   6   5   5   5   5   5 |     TGC   1   1   1   1   1   1
Leu TTA   7   7   7   7   7   7 |     TCA   5   5   5   5   5   5 | *** TAA   0   0   0   0   0   0 | *** TGA   0   0   0   0   0   0
    TTG   2   4   3   4   4   4 |     TCG   1   1   1   1   1   1 |     TAG   0   0   0   0   0   0 | Trp TGG   2   2   2   2   2   2
--------------------------------------------------------------------------------------------------------------------------------------
Leu CTT   5   5   5   5   5   6 | Pro CCT   2   2   2   2   2   2 | His CAT   1   1   2   1   1   1 | Arg CGT   0   0   0   0   0   0
    CTC   1   1   2   1   1   0 |     CCC   1   2   1   1   1   1 |     CAC   1   1   1   1   1   1 |     CGC   0   0   0   0   0   0
    CTA   1   1   1   1   1   1 |     CCA   1   0   1   1   1   1 | Gln CAA   1   1   1   1   1   1 |     CGA   0   0   0   0   0   0
    CTG   3   2   3   2   2   2 |     CCG   0   0   0   0   0   0 |     CAG   4   4   3   4   4   4 |     CGG   0   0   0   0   0   0
--------------------------------------------------------------------------------------------------------------------------------------
Ile ATT   1   1   1   1   1   1 | Thr ACT   2   2   2   2   2   2 | Asn AAT   3   4   4   4   4   4 | Ser AGT   4   4   4   4   4   4
    ATC   0   0   0   0   0   0 |     ACC   0   0   0   0   0   0 |     AAC   3   2   2   2   2   2 |     AGC   0   0   0   0   0   0
    ATA   2   2   2   2   2   2 |     ACA   2   2   2   3   2   2 | Lys AAA   4   4   4   4   4   4 | Arg AGA   5   5   5   5   5   5
Met ATG   2   2   2   2   2   2 |     ACG   0   0   0   0   0   0 |     AAG   3   3   3   3   3   3 |     AGG   0   0   0   0   0   0
--------------------------------------------------------------------------------------------------------------------------------------
Val GTT   3   3   3   3   3   3 | Ala GCT   6   6   6   6   6   6 | Asp GAT   2   2   2   2   2   2 | Gly GGT   4   4   4   4   4   4
    GTC   2   2   2   2   2   2 |     GCC   0   0   0   1   0   0 |     GAC   3   3   3   3   3   3 |     GGC   1   1   1   1   1   1
    GTA   2   2   2   2   2   2 |     GCA   3   3   3   2   3   3 | Glu GAA   9   9   9   9   9   9 |     GGA   8   8   8   8   8   8
    GTG   4   3   3   3   3   3 |     GCG   0   0   0   0   0   0 |     GAG   3   3   3   3   3   3 |     GGG   0   0   0   0   0   0
--------------------------------------------------------------------------------------------------------------------------------------

Codon position x base (3x4) table for each sequence.

#1: Argali         
position  1:    T:0.31507    C:0.13699    A:0.21233    G:0.33562
position  2:    T:0.30137    C:0.20548    A:0.30137    G:0.19178
position  3:    T:0.34247    C:0.15068    A:0.34247    G:0.16438
Average         T:0.31963    C:0.16438    A:0.28539    G:0.23059

#2: LesserMouseDeer
position  1:    T:0.30822    C:0.13699    A:0.21918    G:0.33562
position  2:    T:0.30137    C:0.20548    A:0.30822    G:0.18493
position  3:    T:0.33562    C:0.15753    A:0.33562    G:0.17123
Average         T:0.31507    C:0.16667    A:0.28767    G:0.23059

#3: LesserKudu     
position  1:    T:0.31507    C:0.13699    A:0.21233    G:0.33562
position  2:    T:0.30137    C:0.20548    A:0.30137    G:0.19178
position  3:    T:0.34247    C:0.15068    A:0.34932    G:0.15753
Average         T:0.31963    C:0.16438    A:0.28767    G:0.22831

#4: ForestMuskDeer2
position  1:    T:0.30822    C:0.13699    A:0.21918    G:0.33562
position  2:    T:0.30137    C:0.20548    A:0.30137    G:0.19178
position  3:    T:0.34247    C:0.15068    A:0.34247    G:0.16438
Average         T:0.31735    C:0.16438    A:0.28767    G:0.23059

#5: Camel          
position  1:    T:0.32877    C:0.13014    A:0.20548    G:0.33562
position  2:    T:0.30822    C:0.19863    A:0.30822    G:0.18493
position  3:    T:0.34247    C:0.14384    A:0.32877    G:0.18493
Average         T:0.32648    C:0.15753    A:0.28082    G:0.23516

#6: KillerWhale    
position  1:    T:0.30137    C:0.15753    A:0.19178    G:0.34932
position  2:    T:0.29452    C:0.21233    A:0.30137    G:0.19178
position  3:    T:0.32192    C:0.15068    A:0.33562    G:0.19178
Average         T:0.30594    C:0.17352    A:0.27626    G:0.24429

#7: DefassaWaterbuck
position  1:    T:0.31507    C:0.13699    A:0.21233    G:0.33562
position  2:    T:0.30137    C:0.20548    A:0.30137    G:0.19178
position  3:    T:0.34247    C:0.15068    A:0.34247    G:0.16438
Average         T:0.31963    C:0.16438    A:0.28539    G:0.23059

#8: Sheep          
position  1:    T:0.31507    C:0.13699    A:0.21918    G:0.32877
position  2:    T:0.30137    C:0.20548    A:0.30137    G:0.19178
position  3:    T:0.33562    C:0.15753    A:0.34247    G:0.16438
Average         T:0.31735    C:0.16667    A:0.28767    G:0.22831

#9: MaxwellsDuiker 
position  1:    T:0.31507    C:0.13699    A:0.21233    G:0.33562
position  2:    T:0.30137    C:0.20548    A:0.30137    G:0.19178
position  3:    T:0.34247    C:0.15068    A:0.34247    G:0.16438
Average         T:0.31963    C:0.16438    A:0.28539    G:0.23059

#10: GazellaPrzewalskyi
position  1:    T:0.31507    C:0.13699    A:0.21233    G:0.33562
position  2:    T:0.30137    C:0.20548    A:0.30137    G:0.19178
position  3:    T:0.34247    C:0.15068    A:0.34247    G:0.16438
Average         T:0.31963    C:0.16438    A:0.28539    G:0.23059

#11: MountainNyala  
position  1:    T:0.31507    C:0.13699    A:0.21233    G:0.33562
position  2:    T:0.30137    C:0.20548    A:0.30137    G:0.19178
position  3:    T:0.34247    C:0.15068    A:0.34247    G:0.16438
Average         T:0.31963    C:0.16438    A:0.28539    G:0.23059

#12: MuntiacusMuntjak
position  1:    T:0.31507    C:0.13699    A:0.20548    G:0.34247
position  2:    T:0.30137    C:0.20548    A:0.30137    G:0.19178
position  3:    T:0.33562    C:0.15068    A:0.35616    G:0.15753
Average         T:0.31735    C:0.16438    A:0.28767    G:0.23059

#13: goat           
position  1:    T:0.31507    C:0.13699    A:0.21233    G:0.33562
position  2:    T:0.30137    C:0.20548    A:0.30137    G:0.19178
position  3:    T:0.34247    C:0.15068    A:0.34247    G:0.16438
Average         T:0.31963    C:0.16438    A:0.28539    G:0.23059

#14: AfricanBuffalo 
position  1:    T:0.30822    C:0.14384    A:0.21233    G:0.33562
position  2:    T:0.30137    C:0.20548    A:0.30137    G:0.19178
position  3:    T:0.33562    C:0.15753    A:0.34247    G:0.16438
Average         T:0.31507    C:0.16895    A:0.28539    G:0.23059

#15: Topi           
position  1:    T:0.31507    C:0.13699    A:0.21233    G:0.33562
position  2:    T:0.30137    C:0.20548    A:0.29452    G:0.19863
position  3:    T:0.33562    C:0.15753    A:0.33562    G:0.17123
Average         T:0.31735    C:0.16667    A:0.28082    G:0.23516

#16: CommonDuiker   
position  1:    T:0.31507    C:0.13699    A:0.20548    G:0.34247
position  2:    T:0.30137    C:0.20548    A:0.30137    G:0.19178
position  3:    T:0.34247    C:0.15068    A:0.34247    G:0.16438
Average         T:0.31963    C:0.16438    A:0.28311    G:0.23288

#17: Suni           
position  1:    T:0.31507    C:0.13699    A:0.21233    G:0.33562
position  2:    T:0.30137    C:0.20548    A:0.30137    G:0.19178
position  3:    T:0.34247    C:0.15753    A:0.34247    G:0.15753
Average         T:0.31963    C:0.16667    A:0.28539    G:0.22831

#18: Springbuck     
position  1:    T:0.31507    C:0.13699    A:0.21233    G:0.33562
position  2:    T:0.30137    C:0.20548    A:0.30137    G:0.19178
position  3:    T:0.34932    C:0.15068    A:0.33562    G:0.16438
Average         T:0.32192    C:0.16438    A:0.28311    G:0.23059

#19: Okapi          
position  1:    T:0.31507    C:0.13699    A:0.21233    G:0.33562
position  2:    T:0.30137    C:0.20548    A:0.30137    G:0.19178
position  3:    T:0.32877    C:0.15068    A:0.34932    G:0.17123
Average         T:0.31507    C:0.16438    A:0.28767    G:0.23288

#20: Giraffe        
position  1:    T:0.31507    C:0.13699    A:0.21233    G:0.33562
position  2:    T:0.30137    C:0.20548    A:0.30137    G:0.19178
position  3:    T:0.32877    C:0.15068    A:0.34932    G:0.17123
Average         T:0.31507    C:0.16438    A:0.28767    G:0.23288

#21: TibetanAntelope
position  1:    T:0.31507    C:0.13699    A:0.21233    G:0.33562
position  2:    T:0.30137    C:0.20548    A:0.30137    G:0.19178
position  3:    T:0.33562    C:0.15753    A:0.34247    G:0.16438
Average         T:0.31735    C:0.16667    A:0.28539    G:0.23059

#22: Sitatunga      
position  1:    T:0.31507    C:0.13699    A:0.21233    G:0.33562
position  2:    T:0.30137    C:0.20548    A:0.30137    G:0.19178
position  3:    T:0.34247    C:0.15068    A:0.34247    G:0.16438
Average         T:0.31963    C:0.16438    A:0.28539    G:0.23059

#23: Oribi          
position  1:    T:0.30822    C:0.14384    A:0.21233    G:0.33562
position  2:    T:0.30137    C:0.20548    A:0.30137    G:0.19178
position  3:    T:0.34247    C:0.15753    A:0.32877    G:0.17123
Average         T:0.31735    C:0.16895    A:0.28082    G:0.23288

#24: BarbarySheep   
position  1:    T:0.31507    C:0.13699    A:0.21233    G:0.33562
position  2:    T:0.30137    C:0.20548    A:0.30137    G:0.19178
position  3:    T:0.34247    C:0.15068    A:0.34247    G:0.16438
Average         T:0.31963    C:0.16438    A:0.28539    G:0.23059

#25: Daviddeer      
position  1:    T:0.31507    C:0.13699    A:0.21233    G:0.33562
position  2:    T:0.30137    C:0.20548    A:0.30137    G:0.19178
position  3:    T:0.33562    C:0.15068    A:0.34932    G:0.16438
Average         T:0.31735    C:0.16438    A:0.28767    G:0.23059

#26: Reindeer       
position  1:    T:0.31507    C:0.13699    A:0.21233    G:0.33562
position  2:    T:0.30137    C:0.20548    A:0.30137    G:0.19178
position  3:    T:0.32877    C:0.16438    A:0.32877    G:0.17808
Average         T:0.31507    C:0.16895    A:0.28082    G:0.23516

#27: Ibex           
position  1:    T:0.31507    C:0.13699    A:0.21233    G:0.33562
position  2:    T:0.30137    C:0.20548    A:0.30137    G:0.19178
position  3:    T:0.34247    C:0.15068    A:0.34247    G:0.16438
Average         T:0.31963    C:0.16438    A:0.28539    G:0.23059

#28: GyrantGazelle  
position  1:    T:0.30822    C:0.14384    A:0.21233    G:0.33562
position  2:    T:0.30137    C:0.20548    A:0.30137    G:0.19178
position  3:    T:0.34247    C:0.15068    A:0.34932    G:0.15753
Average         T:0.31735    C:0.16667    A:0.28767    G:0.22831

#29: Hartebeest     
position  1:    T:0.31507    C:0.13699    A:0.21233    G:0.33562
position  2:    T:0.30137    C:0.20548    A:0.29452    G:0.19863
position  3:    T:0.33562    C:0.15068    A:0.33562    G:0.17808
Average         T:0.31735    C:0.16438    A:0.28082    G:0.23744

#30: Bongo          
position  1:    T:0.31507    C:0.13699    A:0.21233    G:0.33562
position  2:    T:0.30137    C:0.20548    A:0.30137    G:0.19178
position  3:    T:0.34247    C:0.15068    A:0.34247    G:0.16438
Average         T:0.31963    C:0.16438    A:0.28539    G:0.23059

#31: Gerenuk        
position  1:    T:0.31507    C:0.13699    A:0.21233    G:0.33562
position  2:    T:0.30137    C:0.20548    A:0.30137    G:0.19178
position  3:    T:0.33562    C:0.15753    A:0.34247    G:0.16438
Average         T:0.31735    C:0.16667    A:0.28539    G:0.23059

#32: CommonEland    
position  1:    T:0.31507    C:0.13699    A:0.21233    G:0.33562
position  2:    T:0.30137    C:0.20548    A:0.30137    G:0.19178
position  3:    T:0.34247    C:0.15753    A:0.33562    G:0.16438
Average         T:0.31963    C:0.16667    A:0.28311    G:0.23059

#33: MuntiacusReevesi
position  1:    T:0.31507    C:0.13699    A:0.20548    G:0.34247
position  2:    T:0.30137    C:0.20548    A:0.30137    G:0.19178
position  3:    T:0.33562    C:0.15068    A:0.35616    G:0.15753
Average         T:0.31735    C:0.16438    A:0.28767    G:0.23059

#34: HarveysDuiker  
position  1:    T:0.31507    C:0.13699    A:0.20548    G:0.34247
position  2:    T:0.30137    C:0.20548    A:0.30137    G:0.19178
position  3:    T:0.34247    C:0.15068    A:0.34247    G:0.16438
Average         T:0.31963    C:0.16438    A:0.28311    G:0.23288

#35: Pronghorn      
position  1:    T:0.32192    C:0.13014    A:0.21233    G:0.33562
position  2:    T:0.30137    C:0.20548    A:0.30137    G:0.19178
position  3:    T:0.34247    C:0.14384    A:0.34932    G:0.16438
Average         T:0.32192    C:0.15982    A:0.28767    G:0.23059

#36: BlueWildebeest 
position  1:    T:0.31507    C:0.13699    A:0.21233    G:0.33562
position  2:    T:0.30137    C:0.20548    A:0.29452    G:0.19863
position  3:    T:0.33562    C:0.15068    A:0.33562    G:0.17808
Average         T:0.31735    C:0.16438    A:0.28082    G:0.23744

#37: Gemsbok        
position  1:    T:0.31507    C:0.13699    A:0.21233    G:0.33562
position  2:    T:0.30137    C:0.20548    A:0.30137    G:0.19178
position  3:    T:0.34247    C:0.15068    A:0.34932    G:0.15753
Average         T:0.31963    C:0.16438    A:0.28767    G:0.22831

#38: Yak            
position  1:    T:0.31507    C:0.13699    A:0.21233    G:0.33562
position  2:    T:0.30137    C:0.20548    A:0.30137    G:0.19178
position  3:    T:0.33562    C:0.15753    A:0.34247    G:0.16438
Average         T:0.31735    C:0.16667    A:0.28539    G:0.23059

#39: BlueSheep      
position  1:    T:0.31507    C:0.13699    A:0.21233    G:0.33562
position  2:    T:0.30137    C:0.20548    A:0.30137    G:0.19178
position  3:    T:0.34247    C:0.15068    A:0.34247    G:0.16438
Average         T:0.31963    C:0.16438    A:0.28539    G:0.23059

#40: BohorReedbuck  
position  1:    T:0.31507    C:0.13699    A:0.21233    G:0.33562
position  2:    T:0.30137    C:0.20548    A:0.30137    G:0.19178
position  3:    T:0.34247    C:0.15068    A:0.34247    G:0.16438
Average         T:0.31963    C:0.16438    A:0.28539    G:0.23059

#41: KirksDik       
position  1:    T:0.31507    C:0.13699    A:0.21233    G:0.33562
position  2:    T:0.30137    C:0.20548    A:0.30137    G:0.19178
position  3:    T:0.34932    C:0.14384    A:0.34247    G:0.16438
Average         T:0.32192    C:0.16210    A:0.28539    G:0.23059

#42: RoeDeer        
position  1:    T:0.31507    C:0.13699    A:0.20548    G:0.34247
position  2:    T:0.30137    C:0.20548    A:0.30137    G:0.19178
position  3:    T:0.32877    C:0.15753    A:0.34932    G:0.16438
Average         T:0.31507    C:0.16667    A:0.28539    G:0.23288

#43: WhiteLippedDeer
position  1:    T:0.31507    C:0.13699    A:0.21233    G:0.33562
position  2:    T:0.30137    C:0.20548    A:0.30137    G:0.19178
position  3:    T:0.33562    C:0.15068    A:0.34932    G:0.16438
Average         T:0.31735    C:0.16438    A:0.28767    G:0.23059

#44: ThomsonGazelle 
position  1:    T:0.31507    C:0.13699    A:0.21233    G:0.33562
position  2:    T:0.30137    C:0.20548    A:0.30137    G:0.19178
position  3:    T:0.34247    C:0.15068    A:0.34247    G:0.16438
Average         T:0.31963    C:0.16438    A:0.28539    G:0.23059

#45: MuntiacusCrinifrons
position  1:    T:0.31507    C:0.13699    A:0.20548    G:0.34247
position  2:    T:0.30137    C:0.20548    A:0.30137    G:0.19178
position  3:    T:0.33562    C:0.15068    A:0.35616    G:0.15753
Average         T:0.31735    C:0.16438    A:0.28767    G:0.23059

#46: WhiteTailedDeer
position  1:    T:0.31507    C:0.13699    A:0.20548    G:0.34247
position  2:    T:0.30137    C:0.20548    A:0.30137    G:0.19178
position  3:    T:0.32192    C:0.17123    A:0.33562    G:0.17123
Average         T:0.31279    C:0.17123    A:0.28082    G:0.23516

#47: Cattle         
position  1:    T:0.31507    C:0.13699    A:0.21233    G:0.33562
position  2:    T:0.30137    C:0.20548    A:0.30137    G:0.19178
position  3:    T:0.34247    C:0.15068    A:0.34932    G:0.15753
Average         T:0.31963    C:0.16438    A:0.28767    G:0.22831

#48: RoyalAntelope  
position  1:    T:0.31507    C:0.13699    A:0.21233    G:0.33562
position  2:    T:0.30137    C:0.20548    A:0.30137    G:0.19178
position  3:    T:0.33562    C:0.16438    A:0.34247    G:0.15753
Average         T:0.31735    C:0.16895    A:0.28539    G:0.22831

#49: Steenbok       
position  1:    T:0.30137    C:0.14384    A:0.21233    G:0.34247
position  2:    T:0.30137    C:0.20548    A:0.30137    G:0.19178
position  3:    T:0.32877    C:0.16438    A:0.34247    G:0.16438
Average         T:0.31050    C:0.17123    A:0.28539    G:0.23288

#50: Impala         
position  1:    T:0.31507    C:0.13699    A:0.21233    G:0.33562
position  2:    T:0.30137    C:0.20548    A:0.30137    G:0.19178
position  3:    T:0.34247    C:0.15753    A:0.33562    G:0.16438
Average         T:0.31963    C:0.16667    A:0.28311    G:0.23059

#51: Klipspringer   
position  1:    T:0.30137    C:0.15068    A:0.21233    G:0.33562
position  2:    T:0.30137    C:0.20548    A:0.30137    G:0.19178
