CODONML (in paml version 4.10.7, June 2023)  /home/rachel/ruminants_paml/6406-phy-tree/ENSBTAT00000018992.fasta.phy
Model: free dN/dS Ratios for branches,  kappa = 2.000 fixed

Codon frequency model: F3x4
ns =  54  ls = 130

Codon usage in sequences
--------------------------------------------------------------------------------------------------------------------------------------
Phe TTT   3   2   3   3   3   3 | Ser TCT   0   0   0   0   0   0 | Tyr TAT   8   8   7   7   6   7 | Cys TGT   2   2   2   2   2   2
    TTC   0   1   0   0   0   0 |     TCC   0   0   0   0   0   0 |     TAC   0   0   1   1   2   1 |     TGC   1   1   1   1   1   1
Leu TTA   4   5   5   5   6   5 |     TCA   4   4   4   3   4   4 | *** TAA   0   0   0   0   0   0 | *** TGA   0   0   0   0   0   0
    TTG   3   1   2   2   0   2 |     TCG   0   0   0   1   0   0 |     TAG   0   0   0   0   0   0 | Trp TGG   0   0   0   0   0   0
--------------------------------------------------------------------------------------------------------------------------------------
Leu CTT   2   3   2   2   2   2 | Pro CCT   2   2   2   2   2   2 | His CAT   3   4   3   3   3   3 | Arg CGT   0   0   0   0   0   0
    CTC   2   2   2   3   2   2 |     CCC   1   1   1   1   1   1 |     CAC   1   0   1   1   1   1 |     CGC   0   0   0   0   0   0
    CTA   5   4   5   5   5   5 |     CCA   2   2   2   2   2   2 | Gln CAA   5   5   5   5   3   5 |     CGA   0   0   0   0   0   0
    CTG   2   3   2   1   3   2 |     CCG   0   0   0   0   0   0 |     CAG   5   4   5   5   7   5 |     CGG   0   1   0   0   0   0
--------------------------------------------------------------------------------------------------------------------------------------
Ile ATT   3   3   3   3   2   3 | Thr ACT   3   3   3   3   3   3 | Asn AAT   2   2   2   2   2   2 | Ser AGT   1   1   1   1   1   1
    ATC   2   2   2   2   3   2 |     ACC   0   0   0   0   0   0 |     AAC   2   1   2   2   2   2 |     AGC   1   2   1   1   1   1
    ATA   1   1   1   1   1   1 |     ACA   4   4   4   4   4   4 | Lys AAA   3   3   4   4   5   4 | Arg AGA   1   1   1   1   1   1
Met ATG   2   2   2   2   2   2 |     ACG   0   0   0   0   0   0 |     AAG   5   4   3   3   2   3 |     AGG   2   3   3   3   3   3
--------------------------------------------------------------------------------------------------------------------------------------
Val GTT   3   3   3   3   3   3 | Ala GCT   4   3   5   3   4   5 | Asp GAT   5   5   5   5   5   5 | Gly GGT   0   0   0   0   0   0
    GTC   1   1   1   1   1   1 |     GCC   4   4   4   5   4   3 |     GAC   1   1   1   1   1   1 |     GGC   1   1   1   1   1   1
    GTA   1   1   1   1   1   1 |     GCA  10  12  10  11  11  11 | Glu GAA   9   9   9   9   9   9 |     GGA   1   1   1   1   1   1
    GTG   0   0   0   0   0   0 |     GCG   1   0   0   0   0   0 |     GAG   2   2   2   2   2   2 |     GGG   0   0   0   0   0   0
--------------------------------------------------------------------------------------------------------------------------------------

--------------------------------------------------------------------------------------------------------------------------------------
Phe TTT   3   3   3   3   3   3 | Ser TCT   0   0   0   0   0   0 | Tyr TAT   8   8   8   8   7   7 | Cys TGT   3   2   2   2   2   2
    TTC   0   0   0   0   0   0 |     TCC   0   0   0   0   0   0 |     TAC   0   0   0   0   1   1 |     TGC   0   1   1   1   1   1
Leu TTA   5   4   5   5   5   5 |     TCA   4   4   4   4   4   4 | *** TAA   0   0   0   0   0   0 | *** TGA   0   0   0   0   0   0
    TTG   2   3   2   2   2   2 |     TCG   0   0   0   0   0   0 |     TAG   0   0   0   0   0   0 | Trp TGG   0   0   0   0   0   0
--------------------------------------------------------------------------------------------------------------------------------------
Leu CTT   2   2   2   2   2   2 | Pro CCT   2   2   2   2   2   2 | His CAT   3   3   3   3   3   3 | Arg CGT   0   0   0   0   0   0
    CTC   2   2   2   2   2   2 |     CCC   1   1   1   1   1   1 |     CAC   1   1   1   1   1   1 |     CGC   0   0   0   0   0   0
    CTA   5   5   5   5   5   4 |     CCA   1   2   2   2   2   2 | Gln CAA   5   5   5   5   5   6 |     CGA   0   0   0   0   0   0
    CTG   2   2   2   2   2   3 |     CCG   1   0   0   0   0   0 |     CAG   5   5   5   5   5   4 |     CGG   0   0   0   0   0   0
--------------------------------------------------------------------------------------------------------------------------------------
Ile ATT   3   3   3   3   3   3 | Thr ACT   3   3   3   3   3   3 | Asn AAT   2   2   2   2   2   2 | Ser AGT   1   1   1   1   1   1
    ATC   2   2   2   2   2   2 |     ACC   0   0   0   0   0   0 |     AAC   2   2   2   2   2   2 |     AGC   1   1   1   1   1   1
    ATA   1   1   1   1   1   1 |     ACA   4   4   4   4   4   3 | Lys AAA   4   4   4   4   5   3 | Arg AGA   1   1   1   1   1   1
Met ATG   2   2   2   2   2   2 |     ACG   0   0   0   0   0   1 |     AAG   4   4   4   4   2   4 |     AGG   2   2   2   2   3   3
--------------------------------------------------------------------------------------------------------------------------------------
Val GTT   3   3   3   3   3   3 | Ala GCT   4   4   4   3   4   4 | Asp GAT   5   5   5   5   5   5 | Gly GGT   0   0   0   0   0   0
    GTC   1   1   1   1   1   2 |     GCC   4   4   4   4   4   4 |     GAC   1   1   1   1   1   1 |     GGC   1   1   1   1   1   1
    GTA   1   1   1   1   1   0 |     GCA  11  10  11  12  11  10 | Glu GAA   9   9   9   9   9   9 |     GGA   1   1   1   1   1   1
    GTG   0   0   0   0   0   0 |     GCG   0   1   0   0   0   1 |     GAG   2   2   2   2   2   2 |     GGG   0   0   0   0   0   0
--------------------------------------------------------------------------------------------------------------------------------------

--------------------------------------------------------------------------------------------------------------------------------------
Phe TTT   3   3   3   3   3   3 | Ser TCT   0   0   0   0   0   0 | Tyr TAT   8   8   7   8   7   8 | Cys TGT   2   2   2   2   2   2
    TTC   0   0   0   0   0   0 |     TCC   0   0   0   0   0   0 |     TAC   0   0   1   0   1   0 |     TGC   1   1   1   1   1   1
Leu TTA   5   5   5   5   5   5 |     TCA   4   4   4   4   4   4 | *** TAA   0   0   0   0   0   0 | *** TGA   0   0   0   0   0   0
    TTG   2   2   2   2   2   2 |     TCG   0   0   0   0   0   0 |     TAG   0   0   0   0   0   0 | Trp TGG   0   0   0   0   0   0
--------------------------------------------------------------------------------------------------------------------------------------
Leu CTT   2   2   2   2   2   2 | Pro CCT   2   2   2   2   2   2 | His CAT   3   3   3   3   3   3 | Arg CGT   0   0   0   0   0   0
    CTC   2   2   2   2   2   1 |     CCC   1   1   1   1   1   1 |     CAC   1   1   1   1   1   1 |     CGC   0   0   0   0   0   0
    CTA   5   5   5   5   5   6 |     CCA   2   2   2   2   2   2 | Gln CAA   5   5   5   5   5   5 |     CGA   0   0   0   0   0   0
    CTG   2   2   2   2   2   2 |     CCG   0   0   0   0   0   0 |     CAG   5   5   5   5   5   5 |     CGG   0   0   0   0   0   0
--------------------------------------------------------------------------------------------------------------------------------------
Ile ATT   3   3   3   3   3   3 | Thr ACT   3   3   3   3   3   3 | Asn AAT   2   2   2   2   2   2 | Ser AGT   1   1   1   1   1   1
    ATC   2   2   2   2   2   2 |     ACC   0   0   0   0   0   0 |     AAC   2   2   2   2   2   2 |     AGC   1   1   1   1   1   1
    ATA   2   1   1   1   1   1 |     ACA   3   4   4   4   4   4 | Lys AAA   4   4   4   5   4   4 | Arg AGA   1   1   1   1   1   1
Met ATG   2   2   2   2   2   2 |     ACG   0   0   0   0   0   0 |     AAG   4   3   4   4   4   4 |     AGG   2   3   2   1   2   2
--------------------------------------------------------------------------------------------------------------------------------------
Val GTT   3   3   3   3   3   3 | Ala GCT   4   3   4   5   4   4 | Asp GAT   5   5   5   5   5   5 | Gly GGT   0   0   0   0   0   0
    GTC   1   1   1   1   2   1 |     GCC   4   5   4   3   3   4 |     GAC   1   1   1   1   1   1 |     GGC   1   1   1   1   1   1
    GTA   1   1   1   1   1   1 |     GCA  10  11  11  11  10  11 | Glu GAA   9   9   9   9   9  10 |     GGA   1   1   1   1   1   1
    GTG   0   0   0   0   0   0 |     GCG   1   0   0   0   1   0 |     GAG   2   2   2   2   2   1 |     GGG   0   0   0   0   0   0
--------------------------------------------------------------------------------------------------------------------------------------

--------------------------------------------------------------------------------------------------------------------------------------
Phe TTT   3   3   3   3   3   3 | Ser TCT   0   0   0   0   0   0 | Tyr TAT   8   8   8   7   8   8 | Cys TGT   2   2   2   2   2   2
    TTC   0   0   0   0   0   0 |     TCC   0   0   0   0   0   0 |     TAC   0   0   0   1   0   0 |     TGC   1   1   1   1   1   1
Leu TTA   5   5   5   5   5   5 |     TCA   4   4   4   4   4   4 | *** TAA   0   0   0   0   0   0 | *** TGA   0   0   0   0   0   0
    TTG   2   3   2   2   2   2 |     TCG   0   0   0   0   0   0 |     TAG   0   0   0   0   0   0 | Trp TGG   0   0   0   0   0   0
--------------------------------------------------------------------------------------------------------------------------------------
Leu CTT   2   1   2   2   2   2 | Pro CCT   2   2   2   2   2   2 | His CAT   3   3   3   3   3   3 | Arg CGT   0   0   0   0   0   0
    CTC   2   3   2   2   2   2 |     CCC   1   1   1   1   1   1 |     CAC   1   1   1   1   1   1 |     CGC   0   0   0   0   0   0
    CTA   5   5   5   5   4   5 |     CCA   1   1   2   2   2   2 | Gln CAA   5   5   5   5   5   5 |     CGA   0   0   0   0   0   0
    CTG   2   1   2   2   3   2 |     CCG   1   1   0   0   0   0 |     CAG   5   5   5   5   5   5 |     CGG   0   0   0   0   0   0
--------------------------------------------------------------------------------------------------------------------------------------
Ile ATT   3   3   3   3   3   3 | Thr ACT   3   3   3   3   3   3 | Asn AAT   2   2   2   2   2   2 | Ser AGT   1   1   1   1   1   1
    ATC   2   2   2   2   2   2 |     ACC   0   0   0   0   0   0 |     AAC   2   2   2   2   2   2 |     AGC   1   1   1   1   1   1
    ATA   1   1   1   1   1   2 |     ACA   4   4   4   4   4   3 | Lys AAA   4   4   4   4   4   4 | Arg AGA   1   1   1   1   1   1
Met ATG   2   2   2   2   2   2 |     ACG   0   0   0   0   0   0 |     AAG   3   3   4   3   4   4 |     AGG   3   3   2   3   2   2
--------------------------------------------------------------------------------------------------------------------------------------
Val GTT   3   3   3   3   3   3 | Ala GCT   4   4   4   4   4   4 | Asp GAT   5   5   5   5   5   5 | Gly GGT   0   0   0   0   0   0
    GTC   1   1   1   1   1   1 |     GCC   4   4   4   4   4   4 |     GAC   1   1   1   1   1   1 |     GGC   1   1   1   1   1   1
    GTA   1   1   1   1   1   1 |     GCA  10  10  11  11  11  11 | Glu GAA   9   9   9   9   9   9 |     GGA   1   1   1   1   1   1
    GTG   0   0   0   0   0   0 |     GCG   1   1   0   0   0   0 |     GAG   2   2   2   2   2   2 |     GGG   0   0   0   0   0   0
--------------------------------------------------------------------------------------------------------------------------------------

--------------------------------------------------------------------------------------------------------------------------------------
Phe TTT   3   3   3   3   3   3 | Ser TCT   0   0   0   0   0   0 | Tyr TAT   7   8   8   8   8   7 | Cys TGT   2   2   2   2   2   2
    TTC   0   0   0   0   0   0 |     TCC   0   0   0   0   0   0 |     TAC   1   0   0   0   0   1 |     TGC   1   1   1   1   1   1
Leu TTA   5   5   5   5   5   5 |     TCA   4   4   4   4   4   4 | *** TAA   0   0   0   0   0   0 | *** TGA   0   0   0   0   0   0
    TTG   2   2   2   2   2   2 |     TCG   0   0   0   0   0   0 |     TAG   0   0   0   0   0   0 | Trp TGG   0   0   0   0   0   0
--------------------------------------------------------------------------------------------------------------------------------------
Leu CTT   2   2   2   2   2   2 | Pro CCT   2   2   2   2   2   2 | His CAT   3   3   3   3   3   3 | Arg CGT   0   0   0   0   0   0
    CTC   2   2   2   2   2   2 |     CCC   1   1   1   1   1   1 |     CAC   1   1   1   1   1   1 |     CGC   0   0   0   0   0   0
    CTA   5   5   5   5   5   5 |     CCA   2   2   2   2   2   2 | Gln CAA   6   6   5   5   5   5 |     CGA   1   0   0   0   0   0
    CTG   2   2   2   2   2   2 |     CCG   0   0   0   0   0   0 |     CAG   4   4   5   5   5   5 |     CGG   0   0   0   0   0   0
--------------------------------------------------------------------------------------------------------------------------------------
Ile ATT   3   3   3   3   3   3 | Thr ACT   3   3   3   3   3   3 | Asn AAT   2   2   2   2   2   2 | Ser AGT   1   1   1   1   1   1
    ATC   2   2   2   2   2   2 |     ACC   0   0   0   0   0   0 |     AAC   2   2   2   2   2   2 |     AGC   1   1   1   1   1   1
    ATA   1   1   2   1   1   1 |     ACA   3   4   3   4   4   4 | Lys AAA   3   3   4   4   4   4 | Arg AGA   0   1   1   1   1   1
Met ATG   2   2   2   2   2   2 |     ACG   1   0   0   0   0   0 |     AAG   4   4   4   4   4   3 |     AGG   3   3   2   2   2   3
--------------------------------------------------------------------------------------------------------------------------------------
Val GTT   3   3   3   3   3   3 | Ala GCT   3   3   4   4   4   4 | Asp GAT   5   5   5   5   5   5 | Gly GGT   0   0   0   0   0   0
    GTC   2   2   1   1   1   1 |     GCC   5   5   4   4   4   4 |     GAC   1   1   1   1   1   1 |     GGC   1   1   1   1   1   1
    GTA   0   0   1   1   1   1 |     GCA  11  11  10  11  11  11 | Glu GAA   9   9   9   9  10   9 |     GGA   1   1   1   1   1   1
    GTG   0   0   0   0   0   0 |     GCG   0   0   1   0   0   0 |     GAG   2   2   2   2   1   2 |     GGG   0   0   0   0   0   0
--------------------------------------------------------------------------------------------------------------------------------------

--------------------------------------------------------------------------------------------------------------------------------------
Phe TTT   3   3   3   3   3   3 | Ser TCT   0   0   0   0   0   0 | Tyr TAT   8   7   7   8   8   8 | Cys TGT   2   2   2   2   2   2
    TTC   0   0   0   0   0   0 |     TCC   0   0   0   0   0   0 |     TAC   0   1   1   0   0   0 |     TGC   1   1   1   1   1   1
Leu TTA   5   5   5   5   5   5 |     TCA   4   4   4   4   4   4 | *** TAA   0   0   0   0   0   0 | *** TGA   0   0   0   0   0   0
    TTG   2   2   2   2   2   2 |     TCG   0   0   0   0   0   0 |     TAG   0   0   0   0   0   0 | Trp TGG   0   0   0   0   0   0
--------------------------------------------------------------------------------------------------------------------------------------
Leu CTT   2   2   2   2   2   2 | Pro CCT   2   2   2   2   2   2 | His CAT   3   3   3   3   3   3 | Arg CGT   0   0   0   0   0   0
    CTC   2   2   2   2   2   2 |     CCC   1   1   1   1   1   1 |     CAC   1   1   1   1   1   1 |     CGC   0   0   0   0   0   0
    CTA   5   5   4   5   5   5 |     CCA   2   2   2   2   2   2 | Gln CAA   5   5   6   5   5   4 |     CGA   0   0   0   0   0   0
    CTG   2   2   3   2   2   2 |     CCG   0   0   0   0   0   0 |     CAG   5   5   4   5   5   6 |     CGG   0   0   0   0   0   0
--------------------------------------------------------------------------------------------------------------------------------------
Ile ATT   3   3   3   3   3   3 | Thr ACT   3   3   3   3   3   3 | Asn AAT   2   2   2   2   2   2 | Ser AGT   1   1   1   1   1   1
    ATC   2   2   2   2   2   2 |     ACC   0   0   0   0   0   0 |     AAC   2   2   2   2   2   2 |     AGC   1   1   1   1   1   1
    ATA   1   1   1   1   1   1 |     ACA   4   4   3   4   3   4 | Lys AAA   4   5   3   5   4   4 | Arg AGA   1   1   1   1   1   1
Met ATG   2   2   2   2   2   2 |     ACG   0   0   1   0   1   0 |     AAG   4   2   4   3   3   4 |     AGG   2   3   3   2   3   2
--------------------------------------------------------------------------------------------------------------------------------------
Val GTT   3   3   3   3   3   3 | Ala GCT   4   4   3   4   5   4 | Asp GAT   5   5   5   5   5   5 | Gly GGT   0   0   0   0   0   0
    GTC   1   1   2   1   1   1 |     GCC   4   4   5   4   4   4 |     GAC   1   1   1   1   1   1 |     GGC   1   1   1   1   1   1
    GTA   1   1   0   1   1   1 |     GCA  11  11  10  10  10  11 | Glu GAA   9   9   9   9   9   9 |     GGA   1   1   1   1   1   1
    GTG   0   0   0   0   0   0 |     GCG   0   0   1   1   0   0 |     GAG   2   2   2   2   2   2 |     GGG   0   0   0   0   0   0
--------------------------------------------------------------------------------------------------------------------------------------

--------------------------------------------------------------------------------------------------------------------------------------
Phe TTT   3   3   3   3   3   3 | Ser TCT   0   0   0   0   0   0 | Tyr TAT   8   8   8   8   8   8 | Cys TGT   2   2   2   3   2   2
    TTC   0   0   0   0   0   0 |     TCC   0   0   0   0   0   0 |     TAC   0   0   0   0   0   0 |     TGC   1   1   1   0   1   1
Leu TTA   5   5   5   5   5   5 |     TCA   4   4   4   4   4   3 | *** TAA   0   0   0   0   0   0 | *** TGA   0   0   0   0   0   0
    TTG   2   2   2   2   2   2 |     TCG   0   0   0   0   0   1 |     TAG   0   0   0   0   0   0 | Trp TGG   0   0   0   0   0   0
--------------------------------------------------------------------------------------------------------------------------------------
Leu CTT   2   2   2   2   2   2 | Pro CCT   2   2   2   2   2   2 | His CAT   3   3   3   3   3   3 | Arg CGT   0   0   0   0   0   0
    CTC   2   2   2   2   2   2 |     CCC   1   1   1   1   1   1 |     CAC   1   1   1   1   1   1 |     CGC   0   0   0   0   0   0
    CTA   5   5   5   5   5   5 |     CCA   2   2   2   2   2   2 | Gln CAA   5   5   5   5   5   5 |     CGA   0   0   0   0   0   0
    CTG   2   2   2   2   2   2 |     CCG   0   0   0   0   0   0 |     CAG   5   5   5   5   5   5 |     CGG   0   0   0   0   0   0
--------------------------------------------------------------------------------------------------------------------------------------
Ile ATT   3   3   3   3   3   3 | Thr ACT   3   3   3   3   3   3 | Asn AAT   2   2   2   2   2   2 | Ser AGT   1   1   1   1   1   1
    ATC   2   2   2   2   2   2 |     ACC   0   0   0   0   0   0 |     AAC   2   2   2   2   2   2 |     AGC   1   1   1   1   1   1
    ATA   1   1   2   1   1   1 |     ACA   4   4   3   4   4   4 | Lys AAA   4   4   4   4   4   3 | Arg AGA   1   1   1   1   1   1
Met ATG   2   2   2   2   2   2 |     ACG   0   0   0   0   0   0 |     AAG   4   3   4   4   4   4 |     AGG   2   3   2   2   2   3
--------------------------------------------------------------------------------------------------------------------------------------
Val GTT   3   3   3   3   3   3 | Ala GCT   4   3   4   4   4   3 | Asp GAT   5   5   5   5   5   5 | Gly GGT   0   0   0   0   0   0
    GTC   1   1   1   1   1   2 |     GCC   4   5   4   4   4   5 |     GAC   1   1   1   1   1   1 |     GGC   1   1   1   1   1   1
    GTA   1   1   1   1   1   0 |     GCA  10  11  11  11  11  11 | Glu GAA   9   9   9   9   9   9 |     GGA   1   1   1   1   1   1
    GTG   0   0   0   0   0   0 |     GCG   1   0   0   0   0   0 |     GAG   2   2   2   2   2   2 |     GGG   0   0   0   0   0   0
--------------------------------------------------------------------------------------------------------------------------------------

--------------------------------------------------------------------------------------------------------------------------------------
Phe TTT   3   3   3   3   3   3 | Ser TCT   0   0   0   0   0   0 | Tyr TAT   7   8   7   8   8   8 | Cys TGT   2   2   2   2   2   2
    TTC   0   0   0   0   0   0 |     TCC   0   0   0   0   0   0 |     TAC   1   0   1   0   0   0 |     TGC   1   1   1   1   1   1
Leu TTA   5   5   5   5   5   4 |     TCA   4   4   4   4   4   4 | *** TAA   0   0   0   0   0   0 | *** TGA   0   0   0   0   0   0
    TTG   2   2   2   2   2   3 |     TCG   0   0   0   0   0   0 |     TAG   0   0   0   0   0   0 | Trp TGG   0   0   0   0   0   0
--------------------------------------------------------------------------------------------------------------------------------------
Leu CTT   2   2   2   2   2   2 | Pro CCT   2   2   2   2   2   2 | His CAT   3   3   3   3   3   3 | Arg CGT   0   0   0   0   0   0
    CTC   2   2   2   2   2   2 |     CCC   1   1   1   1   1   1 |     CAC   1   1   1   1   1   1 |     CGC   0   0   0   0   0   0
    CTA   5   5   4   5   5   4 |     CCA   2   2   2   2   2   2 | Gln CAA   6   5   6   6   5   5 |     CGA   1   0   0   0   0   0
    CTG   2   2   3   2   2   3 |     CCG   0   0   0   0   0   0 |     CAG   4   5   4   4   5   5 |     CGG   0   0   0   0   0   0
--------------------------------------------------------------------------------------------------------------------------------------
Ile ATT   3   3   3   3   3   3 | Thr ACT   3   3   3   3   3   3 | Asn AAT   1   2   2   2   2   2 | Ser AGT   1   1   1   1   1   1
    ATC   2   2   2   2   2   2 |     ACC   0   0   0   0   0   0 |     AAC   3   2   2   2   2   2 |     AGC   1   1   1   1   1   1
    ATA   1   1   1   1   1   1 |     ACA   3   4   3   4   4   4 | Lys AAA   3   4   3   3   4   4 | Arg AGA   0   1   1   1   1   1
Met ATG   2   2   2   2   2   2 |     ACG   1   0   1   0   0   0 |     AAG   4   4   4   4   3   4 |     AGG   3   2   3   3   3   2
--------------------------------------------------------------------------------------------------------------------------------------
Val GTT   4   3   3   3   3   3 | Ala GCT   3   4   3   3   3   5 | Asp GAT   5   5   5   5   5   5 | Gly GGT   0   0   0   0   0   0
    GTC   1   1   2   2   1   1 |     GCC   5   4   5   5   5   3 |     GAC   1   1   1   1   1   1 |     GGC   1   1   1   1   1   1
    GTA   0   1   0   0   1   1 |     GCA  11  11  10  11  11  11 | Glu GAA   9  10   9   9   9   9 |     GGA   1   1   1   1   1   1
    GTG   0   0   0   0   0   0 |     GCG   0   0   1   0   0   0 |     GAG   2   1   2   2   2   2 |     GGG   0   0   0   0   0   0
--------------------------------------------------------------------------------------------------------------------------------------

--------------------------------------------------------------------------------------------------------------------------------------
Phe TTT   3   3   3   3   3   3 | Ser TCT   0   0   0   0   0   0 | Tyr TAT   8   7   8   7   7   7 | Cys TGT   2   2   2   2   2   2
    TTC   0   0   0   0   0   0 |     TCC   0   0   0   0   0   0 |     TAC   0   1   0   1   1   1 |     TGC   1   1   1   1   1   1
Leu TTA   5   5   5   5   5   5 |     TCA   4   4   4   3   4   4 | *** TAA   0   0   0   0   0   0 | *** TGA   0   0   0   0   0   0
    TTG   2   2   2   2   2   2 |     TCG   0   0   0   1   0   0 |     TAG   0   0   0   0   0   0 | Trp TGG   0   0   0   0   0   0
--------------------------------------------------------------------------------------------------------------------------------------
Leu CTT   2   2   2   2   2   2 | Pro CCT   2   2   2   2   2   2 | His CAT   3   3   3   3   3   3 | Arg CGT   0   0   0   0   0   0
    CTC   2   2   2   3   2   1 |     CCC   1   1   1   1   1   1 |     CAC   1   1   1   1   1   1 |     CGC   0   0   0   0   0   0
    CTA   5   5   4   5   5   6 |     CCA   2   2   2   2   2   2 | Gln CAA   5   5   5   5   5   5 |     CGA   0   0   0   0   0   0
    CTG   2   2   3   1   2   2 |     CCG   0   0   0   0   0   0 |     CAG   5   5   5   5   5   5 |     CGG   0   0   0   0   0   0
--------------------------------------------------------------------------------------------------------------------------------------
Ile ATT   3   3   3   3   3   3 | Thr ACT   3   3   3   3   3   3 | Asn AAT   2   2   2   2   2   2 | Ser AGT   1   1   1   1   1   1
    ATC   2   2   2   2   2   2 |     ACC   0   0   0   0   0   0 |     AAC   2   2   2   2   2   2 |     AGC   1   1   1   1   1   1
    ATA   1   1   1   1   1   1 |     ACA   4   4   4   4   4   4 | Lys AAA   4   4   4   4   5   5 | Arg AGA   1   1   2   1   1   2
Met ATG   2   2   2   2   2   2 |     ACG   0   0   0   0   0   0 |     AAG   4   4   4   3   2   2 |     AGG   2   2   1   3   3   2
--------------------------------------------------------------------------------------------------------------------------------------
Val GTT   3   3   3   3   3   3 | Ala GCT   4   4   4   3   4   4 | Asp GAT   5   6   6   5   5   5 | Gly GGT   0   0   0   0   0   0
    GTC   1   1   1   1   1   1 |     GCC   4   4   4   5   4   4 |     GAC   1   0   0   1   1   1 |     GGC   1   1   1   1   1   1
    GTA   1   1   1   1   1   1 |     GCA  11  11  11  11  11  11 | Glu GAA   9   9   9   9   9   9 |     GGA   1   1   1   1   1   1
    GTG   0   0   0   0   0   0 |     GCG   0   0   0   0   0   0 |     GAG   2   2   2   2   2   2 |     GGG   0   0   0   0   0   0
--------------------------------------------------------------------------------------------------------------------------------------

Codon position x base (3x4) table for each sequence.

#1: Argali         
position  1:    T:0.19231    C:0.23077    A:0.24615    G:0.33077
position  2:    T:0.26154    C:0.26923    A:0.39231    G:0.07692
position  3:    T:0.31538    C:0.13077    A:0.38462    G:0.16923
Average         T:0.25641    C:0.21026    A:0.34103    G:0.19231

#2: LesserMouseDeer
position  1:    T:0.18462    C:0.23846    A:0.24615    G:0.33077
position  2:    T:0.26154    C:0.26923    A:0.36923    G:0.10000
position  3:    T:0.31538    C:0.13077    A:0.40000    G:0.15385
Average         T:0.25385    C:0.21282    A:0.33846    G:0.19487

#3: LesserKudu     
position  1:    T:0.19231    C:0.23077    A:0.24615    G:0.33077
position  2:    T:0.26154    C:0.26923    A:0.38462    G:0.08462
position  3:    T:0.31538    C:0.13846    A:0.40000    G:0.14615
Average         T:0.25641    C:0.21282    A:0.34359    G:0.18718

#4: ForestMuskDeer2
position  1:    T:0.19231    C:0.23077    A:0.24615    G:0.33077
position  2:    T:0.26154    C:0.26923    A:0.38462    G:0.08462
position  3:    T:0.30000    C:0.15385    A:0.40000    G:0.14615
Average         T:0.25128    C:0.21795    A:0.34359    G:0.18718

#5: Camel          
position  1:    T:0.18462    C:0.23846    A:0.24615    G:0.33077
position  2:    T:0.26154    C:0.26923    A:0.38462    G:0.08462
position  3:    T:0.29231    C:0.15385    A:0.40769    G:0.14615
Average         T:0.24615    C:0.22051    A:0.34615    G:0.18718

#6: KillerWhale    
position  1:    T:0.19231    C:0.23077    A:0.24615    G:0.33077
position  2:    T:0.26154    C:0.26923    A:0.38462    G:0.08462
position  3:    T:0.31538    C:0.13077    A:0.40769    G:0.14615
Average         T:0.25641    C:0.21026    A:0.34615    G:0.18718

#7: DefassaWaterbuck
position  1:    T:0.19231    C:0.23077    A:0.24615    G:0.33077
position  2:    T:0.26154    C:0.26923    A:0.39231    G:0.07692
position  3:    T:0.32308    C:0.12308    A:0.40000    G:0.15385
Average         T:0.25897    C:0.20769    A:0.34615    G:0.18718

#8: Sheep          
position  1:    T:0.19231    C:0.23077    A:0.24615    G:0.33077
position  2:    T:0.26154    C:0.26923    A:0.39231    G:0.07692
position  3:    T:0.31538    C:0.13077    A:0.39231    G:0.16154
Average         T:0.25641    C:0.21026    A:0.34359    G:0.18974

#9: MaxwellsDuiker 
position  1:    T:0.19231    C:0.23077    A:0.24615    G:0.33077
position  2:    T:0.26154    C:0.26923    A:0.39231    G:0.07692
position  3:    T:0.31538    C:0.13077    A:0.40769    G:0.14615
Average         T:0.25641    C:0.21026    A:0.34872    G:0.18462

#10: GazellaPrzewalskyi
position  1:    T:0.19231    C:0.23077    A:0.24615    G:0.33077
position  2:    T:0.26154    C:0.26923    A:0.39231    G:0.07692
position  3:    T:0.30769    C:0.13077    A:0.41538    G:0.14615
Average         T:0.25385    C:0.21026    A:0.35128    G:0.18462

#11: MountainNyala  
position  1:    T:0.19231    C:0.23077    A:0.24615    G:0.33077
position  2:    T:0.26154    C:0.26923    A:0.38462    G:0.08462
position  3:    T:0.30769    C:0.13846    A:0.41538    G:0.13846
Average         T:0.25385    C:0.21282    A:0.34872    G:0.18462

#12: MuntiacusMuntjak
position  1:    T:0.19231    C:0.23077    A:0.24615    G:0.33077
position  2:    T:0.26154    C:0.26923    A:0.38462    G:0.08462
position  3:    T:0.30769    C:0.14615    A:0.37692    G:0.16923
Average         T:0.25385    C:0.21538    A:0.33590    G:0.19487

#13: goat           
position  1:    T:0.19231    C:0.23077    A:0.24615    G:0.33077
position  2:    T:0.26923    C:0.26154    A:0.39231    G:0.07692
position  3:    T:0.31538    C:0.13077    A:0.40000    G:0.15385
Average         T:0.25897    C:0.20769    A:0.34615    G:0.18718

#14: AfricanBuffalo 
position  1:    T:0.19231    C:0.23077    A:0.24615    G:0.33077
position  2:    T:0.26154    C:0.26923    A:0.38462    G:0.08462
position  3:    T:0.30769    C:0.13846    A:0.40769    G:0.14615
Average         T:0.25385    C:0.21282    A:0.34615    G:0.18718

#15: Topi           
position  1:    T:0.19231    C:0.23077    A:0.24615    G:0.33077
position  2:    T:0.26154    C:0.26923    A:0.39231    G:0.07692
position  3:    T:0.30769    C:0.13846    A:0.40769    G:0.14615
Average         T:0.25385    C:0.21282    A:0.34872    G:0.18462

#16: CommonDuiker   
position  1:    T:0.19231    C:0.23077    A:0.24615    G:0.33077
position  2:    T:0.26154    C:0.26923    A:0.40000    G:0.06923
position  3:    T:0.32308    C:0.12308    A:0.41538    G:0.13846
Average         T:0.25897    C:0.20769    A:0.35385    G:0.17949

#17: Suni           
position  1:    T:0.19231    C:0.23077    A:0.24615    G:0.33077
position  2:    T:0.26923    C:0.26154    A:0.39231    G:0.07692
position  3:    T:0.30769    C:0.13846    A:0.40000    G:0.15385
Average         T:0.25641    C:0.21026    A:0.34615    G:0.18718

#18: Springbuck     
position  1:    T:0.19231    C:0.23077    A:0.24615    G:0.33077
position  2:    T:0.26154    C:0.26923    A:0.39231    G:0.07692
position  3:    T:0.31538    C:0.12308    A:0.42308    G:0.13846
Average         T:0.25641    C:0.20769    A:0.35385    G:0.18205

#19: Okapi          
position  1:    T:0.19231    C:0.23077    A:0.24615    G:0.33077
position  2:    T:0.26154    C:0.26923    A:0.38462    G:0.08462
position  3:    T:0.31538    C:0.13077    A:0.39231    G:0.16154
Average         T:0.25641    C:0.21026    A:0.34103    G:0.19231

#20: Giraffe        
position  1:    T:0.20000    C:0.22308    A:0.24615    G:0.33077
position  2:    T:0.26154    C:0.26923    A:0.38462    G:0.08462
position  3:    T:0.30769    C:0.13846    A:0.39231    G:0.16154
Average         T:0.25641    C:0.21026    A:0.34103    G:0.19231

#21: TibetanAntelope
position  1:    T:0.19231    C:0.23077    A:0.24615    G:0.33077
position  2:    T:0.26154    C:0.26923    A:0.39231    G:0.07692
position  3:    T:0.31538    C:0.13077    A:0.40769    G:0.14615
Average         T:0.25641    C:0.21026    A:0.34872    G:0.18462

#22: Sitatunga      
position  1:    T:0.19231    C:0.23077    A:0.24615    G:0.33077
position  2:    T:0.26154    C:0.26923    A:0.38462    G:0.08462
position  3:    T:0.30769    C:0.13846    A:0.40769    G:0.14615
Average         T:0.25385    C:0.21282    A:0.34615    G:0.18718

#23: Oribi          
position  1:    T:0.19231    C:0.23077    A:0.24615    G:0.33077
position  2:    T:0.26154    C:0.26923    A:0.39231    G:0.07692
position  3:    T:0.31538    C:0.13077    A:0.40000    G:0.15385
Average         T:0.25641    C:0.21026    A:0.34615    G:0.18718

#24: BarbarySheep   
position  1:    T:0.19231    C:0.23077    A:0.24615    G:0.33077
position  2:    T:0.26923    C:0.26154    A:0.39231    G:0.07692
position  3:    T:0.31538    C:0.13077    A:0.40769    G:0.14615
Average         T:0.25897    C:0.20769    A:0.34872    G:0.18462

#25: Daviddeer      
position  1:    T:0.19231    C:0.23846    A:0.23846    G:0.33077
position  2:    T:0.26154    C:0.26923    A:0.38462    G:0.08462
position  3:    T:0.30000    C:0.15385    A:0.39231    G:0.15385
Average         T:0.25128    C:0.22051    A:0.33846    G:0.18974

#26: Reindeer       
position  1:    T:0.19231    C:0.23077    A:0.24615    G:0.33077
position  2:    T:0.26154    C:0.26923    A:0.38462    G:0.08462
position  3:    T:0.30769    C:0.14615    A:0.40000    G:0.14615
Average         T:0.25385    C:0.21538    A:0.34359    G:0.18718

#27: Ibex           
position  1:    T:0.19231    C:0.23077    A:0.24615    G:0.33077
position  2:    T:0.26923    C:0.26154    A:0.39231    G:0.07692
position  3:    T:0.31538    C:0.13077    A:0.40000    G:0.15385
Average         T:0.25897    C:0.20769    A:0.34615    G:0.18718

#28: GyrantGazelle  
position  1:    T:0.19231    C:0.23077    A:0.24615    G:0.33077
position  2:    T:0.26154    C:0.26923    A:0.39231    G:0.07692
position  3:    T:0.31538    C:0.13077    A:0.40769    G:0.14615
Average         T:0.25641    C:0.21026    A:0.34872    G:0.18462

#29: Hartebeest     
position  1:    T:0.19231    C:0.23077    A:0.24615    G:0.33077
position  2:    T:0.26154    C:0.26923    A:0.39231    G:0.07692
position  3:    T:0.31538    C:0.13077    A:0.41538    G:0.13846
Average         T:0.25641    C:0.21026    A:0.35128    G:0.18205

#30: Bongo          
position  1:    T:0.19231    C:0.23077    A:0.24615    G:0.33077
position  2:    T:0.26154    C:0.26923    A:0.38462    G:0.08462
position  3:    T:0.30769    C:0.13846    A:0.40769    G:0.14615
Average         T:0.25385    C:0.21282    A:0.34615    G:0.18718

#31: Gerenuk        
position  1:    T:0.19231    C:0.23077    A:0.24615    G:0.33077
position  2:    T:0.26154    C:0.26923    A:0.39231    G:0.07692
position  3:    T:0.31538    C:0.13077    A:0.40769    G:0.14615
Average         T:0.25641    C:0.21026    A:0.34872    G:0.18462

#32: CommonEland    
position  1:    T:0.19231    C:0.23077    A:0.24615    G:0.33077
position  2:    T:0.26154    C:0.26923    A:0.38462    G:0.08462
position  3:    T:0.30769    C:0.13846    A:0.41538    G:0.13846
Average         T:0.25385    C:0.21282    A:0.34872    G:0.18462

#33: MuntiacusReevesi
position  1:    T:0.19231    C:0.23077    A:0.24615    G:0.33077
position  2:    T:0.26154    C:0.26923    A:0.38462    G:0.08462
position  3:    T:0.30000    C:0.15385    A:0.37692    G:0.16923
Average         T:0.25128    C:0.21795    A:0.33590    G:0.19487

#34: HarveysDuiker  
position  1:    T:0.19231    C:0.23077    A:0.24615    G:0.33077
position  2:    T:0.26154    C:0.26923    A:0.39231    G:0.07692
position  3:    T:0.31538    C:0.13077    A:0.40769    G:0.14615
Average         T:0.25641    C:0.21026    A:0.34872    G:0.18462

#35: Pronghorn      
position  1:    T:0.19231    C:0.23077    A:0.24615    G:0.33077
position  2:    T:0.26154    C:0.26923    A:0.38462    G:0.08462
position  3:    T:0.32308    C:0.13077    A:0.39231    G:0.15385
Average         T:0.25897    C:0.21026    A:0.34103    G:0.18974

#36: BlueWildebeest 
position  1:    T:0.19231    C:0.23077    A:0.24615    G:0.33077
position  2:    T:0.26154    C:0.26923    A:0.39231    G:0.07692
position  3:    T:0.31538    C:0.13077    A:0.40000    G:0.15385
Average         T:0.25641    C:0.21026    A:0.34615    G:0.18718

#37: Gemsbok        
position  1:    T:0.19231    C:0.23077    A:0.24615    G:0.33077
position  2:    T:0.26154    C:0.26923    A:0.39231    G:0.07692
position  3:    T:0.31538    C:0.13077    A:0.40000    G:0.15385
Average         T:0.25641    C:0.21026    A:0.34615    G:0.18718

#38: Yak            
position  1:    T:0.19231    C:0.23077    A:0.24615    G:0.33077
position  2:    T:0.26154    C:0.26923    A:0.38462    G:0.08462
position  3:    T:0.30769    C:0.13846    A:0.40769    G:0.14615
Average         T:0.25385    C:0.21282    A:0.34615    G:0.18718

#39: BlueSheep      
position  1:    T:0.19231    C:0.23077    A:0.24615    G:0.33077
position  2:    T:0.26923    C:0.26154    A:0.39231    G:0.07692
position  3:    T:0.31538    C:0.13077    A:0.40769    G:0.14615
Average         T:0.25897    C:0.20769    A:0.34872    G:0.18462

#40: BohorReedbuck  
position  1:    T:0.19231    C:0.23077    A:0.24615    G:0.33077
position  2:    T:0.26154    C:0.26923    A:0.39231    G:0.07692
position  3:    T:0.32308    C:0.12308    A:0.40769    G:0.14615
Average         T:0.25897    C:0.20769    A:0.34872    G:0.18462

#41: KirksDik       
position  1:    T:0.19231    C:0.23077    A:0.24615    G:0.33077
position  2:    T:0.26154    C:0.26923    A:0.39231    G:0.07692
position  3:    T:0.31538    C:0.13077    A:0.40769    G:0.14615
Average         T:0.25641    C:0.21026    A:0.34872    G:0.18462

#42: RoeDeer        
position  1:    T:0.19231    C:0.23077    A:0.24615    G:0.33077
position  2:    T:0.26154    C:0.26923    A:0.38462    G:0.08462
position  3:    T:0.30769    C:0.14615    A:0.38462    G:0.16154
Average         T:0.25385    C:0.21538    A:0.33846    G:0.19231

#43: WhiteLippedDeer
position  1:    T:0.19231    C:0.23846    A:0.23846    G:0.33077
position  2:    T:0.26154    C:0.26923    A:0.38462    G:0.08462
position  3:    T:0.30000    C:0.15385    A:0.39231    G:0.15385
Average         T:0.25128    C:0.22051    A:0.33846    G:0.18974

#44: ThomsonGazelle 
position  1:    T:0.19231    C:0.23077    A:0.24615    G:0.33077
position  2:    T:0.26154    C:0.26923    A:0.39231    G:0.07692
position  3:    T:0.31538    C:0.13077    A:0.41538    G:0.13846
Average         T:0.25641    C:0.21026    A:0.35128    G:0.18205

#45: MuntiacusCrinifrons
position  1:    T:0.19231    C:0.23077    A:0.24615    G:0.33077
position  2:    T:0.26154    C:0.26923    A:0.38462    G:0.08462
position  3:    T:0.30000    C:0.15385    A:0.37692    G:0.16923
Average         T:0.25128    C:0.21795    A:0.33590    G:0.19487

#46: WhiteTailedDeer
position  1:    T:0.19231    C:0.23077    A:0.24615    G:0.33077
position  2:    T:0.26154    C:0.26923    A:0.38462    G:0.08462
position  3:    T:0.30769    C:0.14615    A:0.40000    G:0.14615
Average         T:0.25385    C:0.21538    A:0.34359    G:0.18718

#47: Cattle         
position  1:    T:0.19231    C:0.23077    A:0.24615    G:0.33077
position  2:    T:0.26154    C:0.26923    A:0.38462    G:0.08462
position  3:    T:0.30769    C:0.13846    A:0.40769    G:0.14615
Average         T:0.25385    C:0.21282    A:0.34615    G:0.18718

#48: RoyalAntelope  
position  1:    T:0.19231    C:0.23077    A:0.24615    G:0.33077
position  2:    T:0.26154    C:0.26923    A:0.39231    G:0.07692
position  3:    T:0.32308    C:0.12308    A:0.39231    G:0.16154
Average         T:0.25897    C:0.20769    A:0.34359    G:0.18974

#49: Steenbok       
position  1:    T:0.19231    C:0.23077    A:0.24615    G:0.33077
position  2:    T:0.26154    C:0.26923    A:0.39231    G:0.07692
position  3:    T:0.31538    C:0.13077    A:0.40769    G:0.14615
Average         T:0.25641    C:0.21026    A:0.34872    G:0.18462

#50: Impala         
position  1:    T:0.19231    C:0.23077    A:0.24615    G:0.33077
position  2:    T:0.26154    C:0.26923    A:0.39231    G:0.07692
position  3:    T:0.31538    C:0.13077    A:0.40769    G:0.14615
Average         T:0.25641    C:0.21026    A:0.34872    G:0.18462

#51: Klipspringer   
position  1:    T:0.19231    C:0.23077    A:0.24615    G:0.33077
position  2:    T:0.26154    C:0.26923    A:0.39231    G:0.07692
