1
52 1
Argali 0.000000 0.341700 0.166000 0.274300 0.139200 0.011600 0.120400 0.149400 0.137800 0.215200 0.047900 0.098900 0.089900 0.114300 0.137100 0.150600 0.189600 0.170400 0.068900 0.131500 0.122600 0.047900 0.214300 0.204500 0.044000 0.113300 0.069600 0.135700 0.138100 0.139800 0.201100 0.106200 0.194000 0.073400 0.061000 0.111200 0.048000 0.112800 0.115200 0.189600 0.165100 0.113300 0.207100 0.194900 0.102200 0.120900 0.135300 0.135800 0.117800 0.149600 0.150700 0.125300
LesserMous 0.341700 0.000000 0.394300 0.351000 0.366400 0.332400 0.330100 0.372600 0.371500 0.343900 0.337600 0.323900 0.321800 0.331200 0.384300 0.389300 0.363100 0.333300 0.333800 0.366900 0.329100 0.331700 0.350900 0.322300 0.332900 0.350800 0.331900 0.359500 0.350900 0.364600 0.362600 0.328500 0.394600 0.335500 0.319900 0.337100 0.332900 0.360700 0.325200 0.361100 0.310900 0.350800 0.345500 0.334900 0.325700 0.335700 0.343100 0.362800 0.373700 0.330400 0.379100 0.380200
LesserKudu 0.166000 0.394300 0.000000 0.310400 0.156800 0.167100 0.166000 0.185000 0.084500 0.233300 0.159300 0.118700 0.183600 0.149400 0.178500 0.196200 0.192200 0.201100 0.164600 0.059500 0.158000 0.168800 0.232500 0.196900 0.164300 0.148200 0.161900 0.063600 0.183200 0.059300 0.228900 0.160200 0.206100 0.165600 0.152200 0.140400 0.178700 0.180900 0.186900 0.213300 0.182000 0.148200 0.235000 0.212600 0.131100 0.182000 0.171100 0.196500 0.181700 0.170400 0.068700 0.071800
KillerWhal 0.274300 0.351000 0.310400 0.000000 0.315200 0.275900 0.319700 0.323400 0.258000 0.307800 0.275700 0.256500 0.252200 0.289000 0.309700 0.315700 0.289500 0.288500 0.281700 0.283600 0.308000 0.266500 0.313300 0.293300 0.266800 0.307000 0.280400 0.277200 0.282000 0.292300 0.313500 0.301800 0.288900 0.273800 0.289900 0.258600 0.276900 0.332100 0.280500 0.283900 0.266900 0.307000 0.314700 0.283300 0.248800 0.327500 0.274800 0.312300 0.302100 0.263800 0.311300 0.285400
DefassaWat 0.139200 0.366400 0.156800 0.315200 0.000000 0.135700 0.115200 0.140600 0.147100 0.197000 0.119400 0.107000 0.138000 0.109000 0.127800 0.132600 0.181400 0.171200 0.129200 0.131200 0.108400 0.137700 0.195800 0.206600 0.115300 0.108000 0.116600 0.135500 0.129000 0.139700 0.213100 0.119100 0.171500 0.120400 0.116400 0.129000 0.138200 0.046000 0.119000 0.196500 0.186100 0.108000 0.219200 0.196700 0.119600 0.135000 0.116800 0.149800 0.140400 0.135600 0.141200 0.143900
Sheep 0.011600 0.332400 0.167100 0.275900 0.135700 0.000000 0.116800 0.146000 0.138700 0.216700 0.044200 0.099600 0.094900 0.110700 0.142900 0.147200 0.190800 0.171500 0.065200 0.132400 0.119000 0.044100 0.215800 0.206000 0.040200 0.109700 0.074400 0.136600 0.134700 0.140800 0.202500 0.102600 0.195300 0.078200 0.065700 0.111900 0.044300 0.118200 0.111700 0.186200 0.166300 0.109700 0.208500 0.196300 0.102900 0.117300 0.131800 0.132300 0.114200 0.150500 0.151800 0.126100
MaxwellsDu 0.120400 0.330100 0.166000 0.319700 0.115200 0.116800 0.000000 0.126700 0.137200 0.216700 0.110000 0.106600 0.128400 0.054900 0.131500 0.127700 0.166400 0.170800 0.115000 0.130700 0.081100 0.110100 0.209400 0.205800 0.105900 0.089700 0.107200 0.125500 0.115000 0.120200 0.222600 0.038000 0.185300 0.111000 0.098000 0.128500 0.119400 0.116300 0.127600 0.185600 0.175400 0.089700 0.228800 0.195900 0.119200 0.120000 0.116100 0.116500 0.125600 0.139800 0.140700 0.143400
GazellaPrz 0.149400 0.372600 0.185000 0.323400 0.140600 0.146000 0.126700 0.000000 0.139000 0.234400 0.130400 0.136900 0.166000 0.111800 0.151500 0.112700 0.218300 0.208400 0.135100 0.160400 0.093900 0.139100 0.223800 0.234200 0.135000 0.085100 0.145400 0.155300 0.100600 0.150100 0.250300 0.130400 0.203800 0.140100 0.145100 0.158000 0.148300 0.141000 0.121200 0.224300 0.214100 0.085100 0.246400 0.214600 0.148900 0.159500 0.123300 0.150700 0.168800 0.187300 0.151500 0.163200
MountainNy 0.137800 0.371500 0.084500 0.258000 0.147100 0.138700 0.137200 0.139000 0.000000 0.207900 0.140600 0.091000 0.164300 0.121400 0.159200 0.149200 0.177700 0.167900 0.136600 0.059700 0.139200 0.140700 0.186700 0.192000 0.136400 0.129500 0.142800 0.055100 0.136400 0.050600 0.203500 0.141000 0.167400 0.137300 0.133400 0.103400 0.150300 0.161600 0.158600 0.187800 0.157500 0.129500 0.209400 0.177300 0.103400 0.172100 0.142800 0.120700 0.171900 0.146900 0.068700 0.054700
MuntiacusM 0.215200 0.343900 0.233300 0.307800 0.197000 0.216700 0.216700 0.234400 0.207900 0.000000 0.198100 0.171500 0.208400 0.198600 0.250200 0.241800 0.215600 0.200400 0.233600 0.207400 0.187700 0.227400 0.085600 0.108200 0.213000 0.197000 0.196400 0.201600 0.228400 0.210900 0.028200 0.200200 0.225800 0.200000 0.196100 0.174300 0.223400 0.201100 0.216700 0.132400 0.085900 0.197000 0.032200 0.094600 0.174300 0.218300 0.210800 0.247800 0.221700 0.205300 0.208000 0.219900
goat 0.047900 0.337600 0.159300 0.275700 0.119400 0.044200 0.110000 0.130400 0.140600 0.198100 0.000000 0.084400 0.080500 0.095500 0.135600 0.122700 0.164100 0.163800 0.051700 0.134500 0.095000 0.039400 0.196600 0.197000 0.019000 0.086200 0.060500 0.138600 0.110500 0.142700 0.184300 0.096200 0.177600 0.064300 0.052200 0.096500 0.039100 0.094300 0.097000 0.187400 0.167800 0.086200 0.190000 0.187600 0.087800 0.119700 0.107400 0.125300 0.098900 0.143100 0.144200 0.128300
AfricanBuf 0.098900 0.323900 0.118700 0.256500 0.107000 0.099600 0.106600 0.136900 0.091000 0.171500 0.084400 0.000000 0.116100 0.100600 0.138300 0.138100 0.143200 0.142700 0.098300 0.084000 0.100000 0.093200 0.169900 0.160200 0.080200 0.099700 0.103900 0.088200 0.116100 0.092400 0.167200 0.101300 0.147300 0.107800 0.103700 0.021000 0.093600 0.122200 0.110700 0.151300 0.121500 0.099700 0.182800 0.150700 0.021000 0.126200 0.103800 0.131900 0.122600 0.112400 0.102700 0.087500
Topi 0.089900 0.321800 0.183600 0.252200 0.138000 0.094900 0.128400 0.166000 0.164300 0.208400 0.080500 0.116100 0.000000 0.113400 0.154200 0.158300 0.160100 0.168900 0.102200 0.149100 0.121500 0.089000 0.202100 0.212600 0.085000 0.121200 0.027600 0.153300 0.137000 0.157400 0.224100 0.114200 0.192300 0.031400 0.060500 0.128300 0.089300 0.120500 0.123100 0.197700 0.183100 0.121200 0.220100 0.193100 0.110300 0.138200 0.125100 0.171300 0.099200 0.126000 0.168500 0.161400
CommonDuik 0.114300 0.331200 0.149400 0.289000 0.109000 0.110700 0.054900 0.111800 0.121400 0.198600 0.095500 0.100600 0.113400 0.000000 0.115400 0.103900 0.159800 0.154700 0.100200 0.114700 0.075700 0.103800 0.201600 0.197900 0.100100 0.084200 0.101300 0.109700 0.091500 0.113900 0.214600 0.050300 0.168600 0.096300 0.101100 0.122200 0.104700 0.110300 0.104000 0.188100 0.177900 0.084200 0.220700 0.178200 0.103900 0.100100 0.088200 0.115000 0.118800 0.133500 0.124400 0.127300
Suni 0.137100 0.384300 0.178500 0.309700 0.127800 0.142900 0.131500 0.151500 0.159200 0.250200 0.135600 0.138300 0.154200 0.115400 0.000000 0.157200 0.222500 0.202500 0.122500 0.153100 0.143200 0.144000 0.243200 0.239600 0.122500 0.133500 0.132900 0.157400 0.135800 0.161600 0.246100 0.126100 0.197700 0.136600 0.123600 0.160300 0.145300 0.114900 0.148800 0.213400 0.208600 0.133500 0.252400 0.229700 0.150800 0.137300 0.128400 0.147100 0.160200 0.171000 0.158500 0.156100
Springbuck 0.150600 0.389300 0.196200 0.315700 0.132600 0.147200 0.127700 0.112700 0.149200 0.241800 0.122700 0.138100 0.158300 0.103900 0.157200 0.000000 0.196200 0.167600 0.118600 0.161900 0.077600 0.131400 0.241300 0.241700 0.118500 0.077400 0.137600 0.156700 0.059400 0.151400 0.247700 0.122500 0.186200 0.123700 0.137400 0.159500 0.136300 0.128700 0.109500 0.227000 0.221400 0.077400 0.264300 0.221800 0.150200 0.161000 0.089600 0.142800 0.151800 0.156200 0.162400 0.164600
Okapi 0.189600 0.363100 0.192200 0.289500 0.181400 0.190800 0.166400 0.218300 0.177700 0.215600 0.164100 0.143200 0.160100 0.159800 0.222500 0.196200 0.000000 0.084300 0.188100 0.167200 0.172700 0.173500 0.209500 0.195800 0.169100 0.181600 0.166700 0.161700 0.193000 0.170700 0.211400 0.160700 0.149500 0.170300 0.166400 0.164600 0.183300 0.185500 0.191600 0.177200 0.185700 0.181600 0.227100 0.191300 0.146100 0.171800 0.166800 0.215700 0.176500 0.147700 0.177300 0.179400
Giraffe 0.170400 0.333300 0.201100 0.288500 0.171200 0.171500 0.170800 0.208400 0.167900 0.200400 0.163800 0.142700 0.168900 0.154700 0.202500 0.167600 0.084300 0.000000 0.169100 0.166600 0.163000 0.173000 0.204000 0.180700 0.168700 0.171800 0.175500 0.151900 0.164100 0.160800 0.186700 0.155800 0.140200 0.170000 0.156900 0.164000 0.173600 0.175800 0.177300 0.162500 0.170700 0.171800 0.202000 0.176200 0.145600 0.171400 0.166500 0.205600 0.185500 0.134000 0.176700 0.169400
TibetanAnt 0.068900 0.333800 0.164600 0.281700 0.129200 0.065200 0.115000 0.135100 0.136600 0.233600 0.051700 0.098300 0.102200 0.100200 0.122500 0.118600 0.188100 0.169100 0.000000 0.130400 0.108500 0.059900 0.232900 0.223100 0.047800 0.108200 0.081800 0.134600 0.097800 0.138600 0.229600 0.109900 0.173400 0.085600 0.073200 0.119400 0.060100 0.116500 0.110200 0.203300 0.193200 0.108200 0.225600 0.213500 0.110500 0.129600 0.103400 0.130400 0.121400 0.139200 0.149400 0.115200
Sitatunga 0.131500 0.366900 0.059500 0.283600 0.131200 0.132400 0.130700 0.160400 0.059700 0.207400 0.134500 0.084000 0.149100 0.114700 0.153100 0.161900 0.167200 0.166600 0.130400 0.000000 0.132800 0.143800 0.195900 0.170900 0.130200 0.123000 0.127400 0.029900 0.148800 0.025600 0.203000 0.125100 0.171400 0.131200 0.127100 0.105800 0.144300 0.146200 0.152600 0.176900 0.156200 0.123000 0.209000 0.176300 0.096600 0.156200 0.136500 0.165900 0.156400 0.136000 0.043400 0.037200
Oribi 0.122600 0.329100 0.158000 0.308000 0.108400 0.119000 0.081100 0.093900 0.139200 0.187700 0.095000 0.100000 0.121500 0.075700 0.143200 0.077600 0.172700 0.163000 0.108500 0.132800 0.000000 0.103700 0.196300 0.186600 0.099600 0.041000 0.100700 0.127700 0.065400 0.122600 0.203300 0.085100 0.177200 0.104500 0.100500 0.121500 0.112800 0.109600 0.086100 0.186900 0.166900 0.041000 0.209200 0.187100 0.112400 0.127200 0.087600 0.123700 0.123600 0.151000 0.133200 0.145300
BarbaryShe 0.047900 0.331700 0.168800 0.266500 0.137700 0.044100 0.110100 0.139100 0.140700 0.227400 0.039400 0.093200 0.089000 0.103800 0.144000 0.131400 0.173500 0.173000 0.059900 0.143800 0.103700 0.000000 0.226700 0.217000 0.035500 0.103400 0.077200 0.148000 0.110500 0.142700 0.213300 0.105100 0.196300 0.081000 0.060400 0.105400 0.031500 0.120400 0.105500 0.197300 0.177500 0.103400 0.219400 0.207400 0.087800 0.128700 0.116200 0.125400 0.115900 0.143200 0.153600 0.137400
Daviddeer 0.214300 0.350900 0.232500 0.313300 0.195800 0.215800 0.209400 0.223800 0.186700 0.085600 0.196600 0.169900 0.202100 0.201600 0.243200 0.241300 0.209500 0.204000 0.232900 0.195900 0.196300 0.226700 0.000000 0.110700 0.212100 0.205700 0.190000 0.190200 0.227600 0.199500 0.090300 0.192900 0.229900 0.193700 0.209600 0.172600 0.227500 0.199700 0.215800 0.115800 0.069300 0.205700 0.095200 0.087600 0.172700 0.221200 0.209800 0.230600 0.199100 0.194300 0.196600 0.208700
Reindeer 0.204500 0.322300 0.196900 0.293300 0.206600 0.206000 0.205800 0.234200 0.192000 0.108200 0.197000 0.160200 0.212600 0.197900 0.239600 0.241700 0.195800 0.180700 0.223100 0.170900 0.186600 0.217000 0.110700 0.000000 0.202400 0.206100 0.200400 0.165100 0.228000 0.174600 0.113100 0.189300 0.195900 0.204100 0.199900 0.172800 0.217700 0.220600 0.226200 0.093100 0.074200 0.206100 0.118200 0.047300 0.163100 0.207200 0.210200 0.247900 0.221300 0.194600 0.171500 0.173600
Ibex 0.044000 0.332900 0.164300 0.266800 0.115300 0.040200 0.105900 0.135000 0.136400 0.213000 0.019000 0.080200 0.085000 0.100100 0.122500 0.118500 0.169100 0.168700 0.047800 0.130200 0.099600 0.035500 0.212100 0.202400 0.000000 0.099300 0.064800 0.134400 0.115000 0.138400 0.199100 0.092100 0.182600 0.068600 0.056400 0.092400 0.035400 0.098900 0.101400 0.183000 0.163500 0.099300 0.205000 0.193000 0.083700 0.124600 0.103300 0.121200 0.103600 0.139000 0.149200 0.124100
GyrantGaze 0.113300 0.350800 0.148200 0.307000 0.108000 0.109700 0.089700 0.085100 0.129500 0.197000 0.086200 0.099700 0.121200 0.084200 0.133500 0.077400 0.181600 0.171800 0.108200 0.123000 0.041000 0.103400 0.205700 0.206100 0.099300 0.000000 0.100400 0.118000 0.056800 0.112900 0.212700 0.093600 0.186100 0.104200 0.091600 0.121100 0.112500 0.109300 0.081600 0.196200 0.186100 0.000000 0.218700 0.196500 0.112000 0.126800 0.087400 0.132400 0.123200 0.150500 0.118900 0.135500
Hartebeest 0.069600 0.331900 0.161900 0.280400 0.116600 0.074400 0.107200 0.145400 0.142800 0.196400 0.060500 0.103900 0.027600 0.101300 0.132900 0.137600 0.166700 0.175500 0.081800 0.127400 0.100700 0.077200 0.190000 0.200400 0.064800 0.100400 0.000000 0.131600 0.125100 0.135700 0.212100 0.093200 0.190000 0.011500 0.040400 0.116200 0.077500 0.099900 0.111300 0.185500 0.170900 0.100400 0.208000 0.190800 0.107200 0.126100 0.122100 0.149900 0.096000 0.141100 0.146500 0.139800
Bongo 0.135700 0.359500 0.063600 0.277200 0.135500 0.136600 0.125500 0.155300 0.055100 0.201600 0.138600 0.088200 0.153300 0.109700 0.157400 0.156700 0.161700 0.151900 0.134600 0.029900 0.127700 0.148000 0.190200 0.165100 0.134400 0.118000 0.131600 0.000000 0.143700 0.029800 0.197200 0.120000 0.156400 0.135400 0.131300 0.100800 0.148500 0.150400 0.147500 0.171100 0.150700 0.118000 0.203100 0.180700 0.100800 0.150600 0.140800 0.160500 0.160600 0.130700 0.047600 0.042400
Gerenuk 0.138100 0.350900 0.183200 0.282000 0.129000 0.134700 0.115000 0.100600 0.136400 0.228400 0.110500 0.116100 0.137000 0.091500 0.135800 0.059400 0.193000 0.164100 0.097800 0.148800 0.065400 0.110500 0.227600 0.228000 0.115000 0.056800 0.125100 0.143700 0.000000 0.138500 0.244500 0.118800 0.164500 0.128800 0.124900 0.137300 0.115300 0.134100 0.084700 0.213200 0.207800 0.056800 0.250600 0.218400 0.119200 0.148000 0.085500 0.139300 0.139300 0.152900 0.144700 0.151700
CommonElan 0.139800 0.364600 0.059300 0.292300 0.139700 0.140800 0.120200 0.150100 0.050600 0.210900 0.142700 0.092400 0.157400 0.113900 0.161600 0.151400 0.170700 0.160800 0.138600 0.025600 0.122600 0.142700 0.199500 0.174600 0.138400 0.112900 0.135700 0.029800 0.138500 0.000000 0.206500 0.124200 0.165400 0.139500 0.126100 0.114200 0.152600 0.154500 0.160800 0.180600 0.159800 0.112900 0.212500 0.180000 0.105000 0.164800 0.144900 0.160000 0.164800 0.144200 0.043000 0.046800
MuntiacusR 0.201100 0.362600 0.228900 0.313500 0.213100 0.202500 0.222600 0.250300 0.203500 0.028200 0.184300 0.167200 0.224100 0.214600 0.246100 0.247700 0.211400 0.186700 0.229600 0.203000 0.203300 0.213300 0.090300 0.113100 0.199100 0.212700 0.212100 0.197200 0.244500 0.206500 0.000000 0.206000 0.231600 0.215700 0.192000 0.169900 0.209300 0.207000 0.222300 0.123700 0.072800 0.212700 0.020500 0.090400 0.170000 0.234600 0.216800 0.243700 0.237900 0.211000 0.203600 0.215600
HarveysDui 0.106200 0.328500 0.160200 0.301800 0.119100 0.102600 0.038000 0.130400 0.141000 0.200200 0.096200 0.101300 0.114200 0.050300 0.126100 0.122500 0.160700 0.155800 0.109900 0.125100 0.085100 0.105100 0.192900 0.189300 0.092100 0.093600 0.093200 0.120000 0.118800 0.124200 0.206000 0.000000 0.179500 0.088300 0.093000 0.113800 0.105400 0.120100 0.122500 0.169500 0.159500 0.093600 0.212000 0.179600 0.104700 0.114600 0.124700 0.125000 0.111300 0.134400 0.144600 0.137800
Pronghorn 0.194000 0.394600 0.206100 0.288900 0.171500 0.195300 0.185300 0.203800 0.167400 0.225800 0.177600 0.147300 0.192300 0.168600 0.197700 0.186200 0.149500 0.140200 0.173400 0.171400 0.177200 0.196300 0.229900 0.195900 0.182600 0.186100 0.190000 0.156400 0.164500 0.165400 0.231600 0.179500 0.000000 0.193600 0.189500 0.168800 0.197000 0.190100 0.215000 0.212000 0.195600 0.186100 0.237600 0.201300 0.159500 0.201100 0.180200 0.219800 0.190600 0.161400 0.181600 0.174000
BlueWildeb 0.073400 0.335500 0.165600 0.273800 0.120400 0.078200 0.111000 0.140100 0.137300 0.200000 0.064300 0.107800 0.031400 0.096300 0.136600 0.123700 0.170300 0.170000 0.085600 0.131200 0.104500 0.081000 0.193700 0.204100 0.068600 0.104200 0.011500 0.135400 0.128800 0.139500 0.215700 0.088300 0.193600 0.000000 0.044200 0.120000 0.081300 0.103600 0.114900 0.189200 0.174600 0.104200 0.211700 0.184600 0.111000 0.129900 0.117000 0.144500 0.099800 0.144800 0.150300 0.143500
Gemsbok 0.061000 0.319900 0.152200 0.289900 0.116400 0.065700 0.098000 0.145100 0.133400 0.196100 0.052200 0.103700 0.060500 0.101100 0.123600 0.137400 0.166400 0.156900 0.073200 0.127100 0.100500 0.060400 0.209600 0.199900 0.056400 0.091600 0.040400 0.131300 0.124900 0.126100 0.192000 0.093000 0.189500 0.044200 0.000000 0.115900 0.069000 0.099900 0.119800 0.185000 0.170400 0.091600 0.188000 0.190400 0.106900 0.125900 0.122000 0.131500 0.113500 0.145200 0.136800 0.139500
Yak 0.111200 0.337100 0.140400 0.258600 0.129000 0.111900 0.128500 0.158000 0.103400 0.174300 0.096500 0.021000 0.128300 0.122200 0.160300 0.159500 0.164600 0.164000 0.119400 0.105800 0.121500 0.105400 0.172600 0.172800 0.092400 0.121100 0.116200 0.100800 0.137300 0.114200 0.169900 0.113800 0.168800 0.120000 0.115900 0.000000 0.105800 0.143800 0.122800 0.164000 0.124700 0.121100 0.185500 0.163400 0.016100 0.148500 0.125100 0.144300 0.134900 0.133800 0.124700 0.109100
BlueSheep 0.048000 0.332900 0.178700 0.276900 0.138200 0.044300 0.119400 0.148300 0.150300 0.223400 0.039100 0.093600 0.089300 0.104700 0.145300 0.136300 0.183300 0.173600 0.060100 0.144300 0.112800 0.031500 0.227500 0.217700 0.035400 0.112500 0.077500 0.148500 0.115300 0.152600 0.209300 0.105400 0.197000 0.081300 0.069000 0.105800 0.000000 0.120800 0.105800 0.198100 0.178200 0.112500 0.215400 0.208200 0.088200 0.129200 0.116600 0.134700 0.116900 0.143700 0.163600 0.128800
BohorReedb 0.112800 0.360700 0.180900 0.332100 0.046000 0.118200 0.116300 0.141000 0.161600 0.201100 0.094300 0.122200 0.120500 0.110300 0.114900 0.128700 0.185500 0.175800 0.116500 0.146200 0.109600 0.120400 0.199700 0.220600 0.098900 0.109300 0.099900 0.150400 0.134100 0.154500 0.207000 0.120100 0.190100 0.103600 0.099900 0.143800 0.120800 0.000000 0.119900 0.215400 0.200400 0.109300 0.212900 0.210900 0.134500 0.135500 0.122200 0.140700 0.122500 0.145300 0.156100 0.149100
KirksDik 0.115200 0.325200 0.186900 0.280500 0.119000 0.111700 0.127600 0.121200 0.158600 0.216700 0.097000 0.110700 0.123100 0.104000 0.148800 0.109500 0.191600 0.177300 0.110200 0.152600 0.086100 0.105500 0.215800 0.226200 0.101400 0.081600 0.111300 0.147500 0.084700 0.160800 0.222300 0.122500 0.215000 0.114900 0.119800 0.122800 0.105800 0.119900 0.000000 0.216200 0.186400 0.081600 0.218600 0.216600 0.113900 0.146900 0.098300 0.142900 0.133900 0.161000 0.152600 0.164800
RoeDeer 0.189600 0.361100 0.213300 0.283900 0.196500 0.186200 0.185600 0.224300 0.187800 0.132400 0.187400 0.151300 0.197700 0.188100 0.213400 0.227000 0.177200 0.162500 0.203300 0.176900 0.186900 0.197300 0.115800 0.093100 0.183000 0.196200 0.185500 0.171100 0.213200 0.180600 0.123700 0.169500 0.212000 0.189200 0.185000 0.164000 0.198100 0.215400 0.216200 0.000000 0.079000 0.196200 0.133400 0.088500 0.154200 0.196900 0.200300 0.227200 0.201300 0.175800 0.197900 0.179600
WhiteLippe 0.165100 0.310900 0.182000 0.266900 0.186100 0.166300 0.175400 0.214100 0.157500 0.085900 0.167800 0.121500 0.183100 0.177900 0.208600 0.221400 0.185700 0.170700 0.193200 0.156200 0.166900 0.177500 0.069300 0.074200 0.163500 0.186100 0.170900 0.150700 0.207800 0.159800 0.072800 0.159500 0.195600 0.174600 0.170400 0.124700 0.178200 0.200400 0.186400 0.079000 0.000000 0.186100 0.086500 0.069700 0.124700 0.196900 0.190200 0.206600 0.191100 0.165300 0.166500 0.168900
ThomsonGaz 0.113300 0.350800 0.148200 0.307000 0.108000 0.109700 0.089700 0.085100 0.129500 0.197000 0.086200 0.099700 0.121200 0.084200 0.133500 0.077400 0.181600 0.171800 0.108200 0.123000 0.041000 0.103400 0.205700 0.206100 0.099300 0.000000 0.100400 0.118000 0.056800 0.112900 0.212700 0.093600 0.186100 0.104200 0.091600 0.121100 0.112500 0.109300 0.081600 0.196200 0.186100 0.000000 0.218700 0.196500 0.112000 0.126800 0.087400 0.132400 0.123200 0.150500 0.118900 0.135500
MuntiacusC 0.207100 0.345500 0.235000 0.314700 0.219200 0.208500 0.228800 0.246400 0.209400 0.032200 0.190000 0.182800 0.220100 0.220700 0.252400 0.264300 0.227100 0.202000 0.225600 0.209000 0.209200 0.219400 0.095200 0.118200 0.205000 0.218700 0.208000 0.203100 0.250600 0.212500 0.020500 0.212000 0.237600 0.211700 0.188000 0.185500 0.215400 0.212900 0.218600 0.133400 0.086500 0.218700 0.000000 0.095300 0.185500 0.240900 0.222800 0.244400 0.244100 0.216900 0.209600 0.221600
WhiteTaile 0.194900 0.334900 0.212600 0.283300 0.196700 0.196300 0.195900 0.214600 0.177300 0.094600 0.187600 0.150700 0.193100 0.178200 0.229700 0.221800 0.191300 0.176200 0.213500 0.176300 0.187100 0.207400 0.087600 0.047300 0.193000 0.196500 0.190800 0.180700 0.218400 0.180000 0.090400 0.179600 0.201300 0.184600 0.190400 0.163400 0.208200 0.210900 0.216600 0.088500 0.069700 0.196500 0.095300 0.000000 0.153700 0.207600 0.190500 0.227400 0.211600 0.175200 0.176900 0.178900
Cattle 0.102200 0.325700 0.131100 0.248800 0.119600 0.102900 0.119200 0.148900 0.103400 0.174300 0.087800 0.021000 0.110300 0.103900 0.150800 0.150200 0.146100 0.145600 0.110500 0.096600 0.112400 0.087800 0.172700 0.163100 0.083700 0.112000 0.107200 0.100800 0.119200 0.105000 0.170000 0.104700 0.159500 0.111000 0.106900 0.016100 0.088200 0.134500 0.113900 0.154200 0.124700 0.112000 0.185500 0.153700 0.000000 0.138900 0.107000 0.144300 0.125700 0.115600 0.115400 0.099900
RoyalAntel 0.120900 0.335700 0.182000 0.327500 0.135000 0.117300 0.120000 0.159500 0.172100 0.218300 0.119700 0.126200 0.138200 0.100100 0.137300 0.161000 0.171800 0.171400 0.129600 0.156200 0.127200 0.128700 0.221200 0.207200 0.124600 0.126800 0.126100 0.150600 0.148000 0.164800 0.234600 0.114600 0.201100 0.129900 0.125900 0.148500 0.129200 0.135500 0.146900 0.196900 0.196900 0.126800 0.240900 0.207600 0.138900 0.000000 0.135600 0.169100 0.135500 0.169400 0.156600 0.169000
Steenbok 0.135300 0.343100 0.171100 0.274800 0.116800 0.131800 0.116100 0.123300 0.142800 0.210800 0.107400 0.103800 0.125100 0.088200 0.128400 0.089600 0.166800 0.166500 0.103400 0.136500 0.087600 0.116200 0.209800 0.210200 0.103300 0.087400 0.122100 0.140800 0.085500 0.144900 0.216800 0.124700 0.180200 0.117000 0.122000 0.125100 0.116600 0.122200 0.098300 0.200300 0.190200 0.087400 0.222800 0.190500 0.107000 0.135600 0.000000 0.118400 0.136200 0.145400 0.146400 0.149000
Impala 0.135800 0.362800 0.196500 0.312300 0.149800 0.132300 0.116500 0.150700 0.120700 0.247800 0.125300 0.131900 0.171300 0.115000 0.147100 0.142800 0.215700 0.205600 0.130400 0.165900 0.123700 0.125400 0.230600 0.247900 0.121200 0.132400 0.149900 0.160500 0.139300 0.160000 0.243700 0.125000 0.219800 0.144500 0.131500 0.144300 0.134700 0.140700 0.142900 0.227200 0.206600 0.132400 0.244400 0.227400 0.144300 0.169100 0.118400 0.000000 0.159600 0.169400 0.176200 0.159000
Klipspring 0.117800 0.373700 0.181700 0.302100 0.140400 0.114200 0.125600 0.168800 0.171900 0.221700 0.098900 0.122600 0.099200 0.118800 0.160200 0.151800 0.176500 0.185500 0.121400 0.156400 0.123600 0.115900 0.199100 0.221300 0.103600 0.123200 0.096000 0.160600 0.139300 0.164800 0.237900 0.111300 0.190600 0.099800 0.113500 0.134900 0.116900 0.122500 0.133900 0.201300 0.191100 0.123200 0.244100 0.211600 0.125700 0.135500 0.136200 0.159600 0.000000 0.155300 0.176200 0.159200
ForestMusk 0.149600 0.330400 0.170400 0.263800 0.135600 0.150500 0.139800 0.187300 0.146900 0.205300 0.143100 0.112400 0.126000 0.133500 0.171000 0.156200 0.147700 0.134000 0.139200 0.136000 0.151000 0.143200 0.194300 0.194600 0.139000 0.150500 0.141100 0.130700 0.152900 0.144200 0.211000 0.134400 0.161400 0.144800 0.145200 0.133800 0.143700 0.145300 0.161000 0.175800 0.165300 0.150500 0.216900 0.175200 0.115600 0.169400 0.145400 0.169400 0.155300 0.000000 0.155200 0.138900
Bushbuck 0.150700 0.379100 0.068700 0.311300 0.141200 0.151800 0.140700 0.151500 0.068700 0.208000 0.144200 0.102700 0.168500 0.124400 0.158500 0.162400 0.177300 0.176700 0.149400 0.043400 0.133200 0.153600 0.196600 0.171500 0.149200 0.118900 0.146500 0.047600 0.144700 0.043000 0.203600 0.144600 0.181600 0.150300 0.136800 0.124700 0.163600 0.156100 0.152600 0.197900 0.166500 0.118900 0.209600 0.176900 0.115400 0.156600 0.146400 0.176200 0.176200 0.155200 0.000000 0.056000
GreaterKud 0.125300 0.380200 0.071800 0.285400 0.143900 0.126100 0.143400 0.163200 0.054700 0.219900 0.128300 0.087500 0.161400 0.127300 0.156100 0.164600 0.179400 0.169400 0.115200 0.037200 0.145300 0.137400 0.208700 0.173600 0.124100 0.135500 0.139800 0.042400 0.151700 0.046800 0.215600 0.137800 0.174000 0.143500 0.139500 0.109100 0.128800 0.149100 0.164800 0.179600 0.168900 0.135500 0.221600 0.178900 0.099900 0.169000 0.149000 0.159000 0.159200 0.138900 0.056000 0.000000
