1
52 1
Argali 0.000000 0.544100 0.265400 0.629700 0.179000 0.061900 0.176800 0.210000 0.253900 0.325100 0.076900 0.194300 0.253600 0.219700 0.195500 0.179700 0.240700 0.219100 0.182900 0.220200 0.225500 0.117300 0.336900 0.374500 0.113800 0.235000 0.243400 0.269600 0.212400 0.236800 0.278000 0.220800 0.255400 0.243300 0.193700 0.243700 0.115200 0.165500 0.221700 0.250000 0.309700 0.212800 0.312700 0.308400 0.226100 0.185700 0.229000 0.167800 0.205500 0.273100 0.277400 0.270800
LesserMous 0.544100 0.000000 0.507200 0.629200 0.531900 0.524300 0.532400 0.493000 0.497400 0.516900 0.513700 0.473500 0.497300 0.639700 0.521600 0.535400 0.640100 0.591200 0.571200 0.470800 0.641700 0.552700 0.517200 0.566100 0.513500 0.593200 0.488500 0.535300 0.547000 0.515500 0.562600 0.694200 0.459500 0.488500 0.555600 0.528400 0.567500 0.535900 0.623100 0.525200 0.506600 0.620800 0.499500 0.535500 0.527600 0.613700 0.506900 0.551700 0.618500 0.507200 0.545000 0.527100
LesserKudu 0.265400 0.507200 0.000000 0.629000 0.247300 0.226400 0.215500 0.232600 0.058800 0.350600 0.186600 0.204700 0.292500 0.258700 0.206200 0.189000 0.329100 0.275600 0.193300 0.107900 0.265600 0.231300 0.268500 0.350900 0.224100 0.274500 0.282400 0.071100 0.234900 0.121200 0.334600 0.291500 0.325100 0.282400 0.246800 0.166000 0.168400 0.278600 0.277900 0.274600 0.320200 0.252800 0.338200 0.282800 0.178300 0.281600 0.280400 0.207400 0.215500 0.281700 0.093600 0.091800
KillerWhal 0.629700 0.629200 0.629000 0.000000 0.610100 0.620600 0.513100 0.545700 0.597800 0.520400 0.570000 0.529600 0.511400 0.571700 0.554200 0.613000 0.477400 0.492800 0.495000 0.664400 0.623300 0.540300 0.629200 0.557600 0.524400 0.555500 0.503400 0.619400 0.618500 0.663600 0.580500 0.629000 0.422900 0.503700 0.519100 0.562600 0.578500 0.570500 0.680600 0.554900 0.551700 0.623800 0.507100 0.538100 0.580600 0.482200 0.596700 0.625900 0.602000 0.606400 0.549900 0.609000
DefassaWat 0.179000 0.531900 0.247300 0.610100 0.000000 0.128100 0.173600 0.190500 0.235700 0.337200 0.103100 0.162700 0.193300 0.187100 0.163600 0.148800 0.180800 0.146200 0.179800 0.174700 0.191900 0.144300 0.316400 0.334800 0.139900 0.201600 0.183000 0.250900 0.179200 0.219100 0.321000 0.187900 0.221800 0.183000 0.175300 0.225200 0.141700 0.070900 0.200500 0.231800 0.289800 0.179600 0.292900 0.289200 0.208100 0.210200 0.209400 0.179800 0.201800 0.238500 0.258800 0.252800
Sheep 0.061900 0.524300 0.226400 0.620600 0.128100 0.000000 0.139400 0.184900 0.214400 0.286700 0.038700 0.171700 0.203000 0.181600 0.157000 0.141800 0.232700 0.181000 0.146900 0.181800 0.186300 0.078600 0.297500 0.350200 0.076200 0.196700 0.192300 0.229700 0.187300 0.197900 0.270900 0.212100 0.248000 0.192200 0.169300 0.204000 0.077200 0.156000 0.195200 0.211600 0.270400 0.173600 0.274300 0.269300 0.186900 0.205500 0.204800 0.158100 0.196800 0.251600 0.238300 0.232600
MaxwellsDu 0.176800 0.532400 0.215500 0.513100 0.173600 0.139400 0.000000 0.160900 0.204300 0.301400 0.129100 0.189200 0.191700 0.157800 0.162100 0.147000 0.250300 0.199900 0.127300 0.173500 0.189700 0.142200 0.299500 0.317700 0.111900 0.172000 0.181400 0.218800 0.190400 0.188600 0.286400 0.185200 0.220100 0.181400 0.120500 0.193400 0.140200 0.161200 0.198200 0.258500 0.272300 0.177400 0.289200 0.285400 0.206000 0.180600 0.180200 0.163500 0.172800 0.265800 0.227200 0.222200
GazellaPrz 0.210000 0.493000 0.232600 0.545700 0.190500 0.184900 0.160900 0.000000 0.222100 0.322600 0.145500 0.206600 0.194300 0.202000 0.151000 0.108100 0.239400 0.217400 0.195200 0.219100 0.135200 0.189100 0.255000 0.387500 0.182900 0.158700 0.183900 0.236300 0.122400 0.205500 0.371800 0.232500 0.266400 0.183900 0.190500 0.181600 0.156500 0.219800 0.100100 0.278800 0.258700 0.136700 0.310200 0.285900 0.194600 0.196600 0.067600 0.180100 0.189400 0.254600 0.244600 0.239600
MountainNy 0.253900 0.497400 0.058800 0.597800 0.235700 0.214400 0.204300 0.222100 0.000000 0.341100 0.174400 0.193100 0.281700 0.247600 0.194700 0.149400 0.285700 0.264200 0.182400 0.096500 0.254200 0.219200 0.260400 0.340900 0.212400 0.263100 0.271500 0.011300 0.224200 0.058000 0.325100 0.280600 0.313800 0.271500 0.235500 0.154600 0.156500 0.267400 0.266200 0.263500 0.310300 0.241100 0.329800 0.271600 0.167000 0.270800 0.270200 0.196000 0.187200 0.271800 0.033600 0.080800
MuntiacusM 0.325100 0.516900 0.350600 0.520400 0.337200 0.286700 0.301400 0.322600 0.341100 0.000000 0.279200 0.262400 0.334400 0.348600 0.294200 0.338400 0.276500 0.255900 0.365600 0.304000 0.376400 0.292300 0.210100 0.189900 0.316000 0.366600 0.325200 0.323500 0.394100 0.322000 0.073700 0.418700 0.234500 0.325200 0.368600 0.268000 0.320200 0.355600 0.410500 0.137700 0.186800 0.313800 0.030900 0.183100 0.251400 0.337700 0.293600 0.314200 0.367800 0.309800 0.345400 0.324000
goat 0.076900 0.513700 0.186600 0.570000 0.103100 0.038700 0.129100 0.145500 0.174400 0.279200 0.000000 0.145900 0.178300 0.143000 0.118000 0.103300 0.193900 0.142400 0.137100 0.172000 0.146500 0.039400 0.257100 0.309700 0.038200 0.157600 0.167300 0.189200 0.147400 0.158400 0.262900 0.172600 0.209000 0.167200 0.130400 0.163400 0.038700 0.130800 0.153600 0.172200 0.230000 0.133800 0.266200 0.229300 0.147100 0.166800 0.166600 0.147800 0.157700 0.225900 0.198700 0.193900
AfricanBuf 0.194300 0.473500 0.204700 0.529600 0.162700 0.171700 0.189200 0.206600 0.193100 0.262400 0.145900 0.000000 0.208200 0.203000 0.151300 0.163600 0.239600 0.189000 0.223200 0.190700 0.208300 0.189500 0.229000 0.277600 0.183500 0.217900 0.197900 0.206900 0.209100 0.206000 0.248500 0.204000 0.251200 0.197800 0.191100 0.125600 0.185800 0.220300 0.217700 0.189900 0.232700 0.194600 0.250400 0.226600 0.137800 0.197400 0.211700 0.152500 0.189100 0.197400 0.201300 0.196900
Topi 0.253600 0.497300 0.292500 0.511400 0.193300 0.203000 0.191700 0.194300 0.281700 0.334400 0.178300 0.208200 0.000000 0.231900 0.182100 0.194000 0.226100 0.218300 0.223900 0.278300 0.196100 0.220600 0.381600 0.445900 0.186400 0.192000 0.010600 0.297100 0.225700 0.265000 0.396900 0.262400 0.295200 0.010600 0.141400 0.257400 0.216800 0.193800 0.248500 0.306800 0.354500 0.225800 0.321400 0.365100 0.269500 0.199500 0.213100 0.239900 0.219300 0.281900 0.304100 0.297200
CommonDuik 0.219700 0.639700 0.258700 0.571700 0.187100 0.181600 0.157800 0.202000 0.247600 0.348600 0.143000 0.203000 0.231900 0.000000 0.148100 0.160200 0.235000 0.185300 0.231200 0.244500 0.203500 0.185400 0.347700 0.378700 0.151400 0.184700 0.221800 0.262800 0.204400 0.230900 0.332200 0.069900 0.261800 0.221800 0.187100 0.236700 0.182400 0.215700 0.212200 0.243000 0.320500 0.163000 0.335800 0.299600 0.250100 0.221000 0.220500 0.205800 0.214100 0.311100 0.270600 0.264800
Suni 0.195500 0.521600 0.206200 0.554200 0.163600 0.157000 0.162100 0.151000 0.194700 0.294200 0.118000 0.151300 0.182100 0.148100 0.000000 0.110600 0.211800 0.161900 0.196000 0.192200 0.152100 0.160500 0.260500 0.323600 0.155500 0.109200 0.171600 0.209300 0.152800 0.178800 0.278700 0.205300 0.239000 0.171500 0.136500 0.183400 0.157700 0.164100 0.159100 0.191100 0.234300 0.112600 0.281600 0.245700 0.195900 0.171400 0.170900 0.125700 0.162600 0.227100 0.218100 0.213400
Springbuck 0.179700 0.535400 0.189000 0.613000 0.148800 0.141800 0.147000 0.108100 0.149400 0.338400 0.103300 0.163600 0.194000 0.160200 0.110600 0.000000 0.195900 0.174500 0.154400 0.175300 0.108900 0.144900 0.226300 0.369200 0.140300 0.119400 0.183700 0.163100 0.059100 0.135000 0.322300 0.188800 0.251800 0.183600 0.148800 0.195500 0.142000 0.176400 0.113500 0.233100 0.214600 0.097200 0.325800 0.287600 0.208500 0.182800 0.128300 0.138000 0.147400 0.239000 0.172400 0.196100
Okapi 0.240700 0.640100 0.329100 0.477400 0.180800 0.232700 0.250300 0.239400 0.285700 0.276500 0.193900 0.239600 0.226100 0.235000 0.211800 0.195900 0.000000 0.089500 0.254600 0.252000 0.198900 0.237600 0.314400 0.274300 0.230700 0.249800 0.216300 0.301500 0.258500 0.268700 0.261800 0.296700 0.224900 0.216300 0.238600 0.244900 0.233700 0.181000 0.283700 0.179100 0.288800 0.228600 0.236600 0.227700 0.240900 0.257100 0.257300 0.273600 0.280100 0.241100 0.277400 0.302400
Giraffe 0.219100 0.591200 0.275600 0.492800 0.146200 0.181000 0.199900 0.217400 0.264200 0.255900 0.142400 0.189000 0.218300 0.185300 0.161900 0.174500 0.089500 0.000000 0.220100 0.229700 0.190300 0.184800 0.263600 0.226300 0.179300 0.199700 0.208300 0.279800 0.206400 0.247200 0.241700 0.230300 0.165000 0.208300 0.201700 0.222600 0.181800 0.186600 0.229100 0.131600 0.238300 0.177700 0.215900 0.179700 0.218900 0.236200 0.235700 0.191700 0.228800 0.220500 0.256300 0.251000
TibetanAnt 0.182900 0.571200 0.193300 0.495000 0.179800 0.146900 0.127300 0.195200 0.182400 0.365600 0.137100 0.223200 0.223900 0.231200 0.196000 0.154400 0.254600 0.220100 0.000000 0.179800 0.196600 0.177700 0.319400 0.383000 0.172600 0.233200 0.214100 0.196100 0.196900 0.194200 0.349100 0.220100 0.280500 0.214100 0.179900 0.228400 0.121400 0.222300 0.234200 0.292400 0.338400 0.212300 0.353300 0.318800 0.252000 0.240800 0.240200 0.184500 0.179100 0.298900 0.177600 0.200100
Sitatunga 0.220200 0.470800 0.107900 0.664400 0.174700 0.181800 0.173500 0.219100 0.096500 0.304000 0.172000 0.190700 0.278300 0.244500 0.192200 0.175300 0.252000 0.229700 0.179800 0.000000 0.250900 0.216100 0.256800 0.273500 0.209600 0.259800 0.268000 0.109300 0.221200 0.108500 0.289100 0.277100 0.311000 0.268100 0.232300 0.166100 0.182800 0.189700 0.262700 0.260000 0.306300 0.238000 0.261900 0.268100 0.178400 0.267500 0.266900 0.164700 0.201700 0.268200 0.132000 0.129100
Oribi 0.225500 0.641700 0.265600 0.623300 0.191900 0.186300 0.189700 0.135200 0.254200 0.376400 0.146500 0.208300 0.196100 0.203500 0.152100 0.108900 0.198900 0.190300 0.196600 0.250900 0.000000 0.190500 0.287200 0.357600 0.184500 0.159700 0.185300 0.269900 0.150400 0.236900 0.359900 0.220300 0.299200 0.185300 0.178300 0.227800 0.186700 0.221500 0.128100 0.250200 0.260900 0.137500 0.363300 0.277200 0.241400 0.226400 0.155200 0.181500 0.219400 0.287200 0.278000 0.271400
BarbaryShe 0.117300 0.552700 0.231300 0.540300 0.144300 0.078600 0.142200 0.189100 0.219200 0.292300 0.039400 0.189500 0.220600 0.185400 0.160500 0.144900 0.237600 0.184800 0.177700 0.216100 0.190500 0.000000 0.305300 0.290800 0.077700 0.201100 0.209900 0.234700 0.191600 0.202100 0.277200 0.216500 0.222600 0.209900 0.172500 0.177000 0.078800 0.173300 0.200100 0.226700 0.244900 0.177600 0.279200 0.276000 0.191100 0.179800 0.208600 0.192000 0.201000 0.239600 0.243600 0.237500
Daviddeer 0.336900 0.517200 0.268500 0.629200 0.316400 0.297500 0.299500 0.255000 0.260400 0.210100 0.257100 0.229000 0.381600 0.347700 0.260500 0.226300 0.314400 0.263600 0.319400 0.256800 0.287200 0.305300 0.000000 0.195300 0.294300 0.296500 0.371200 0.274900 0.274400 0.273500 0.197200 0.383500 0.299400 0.371200 0.334200 0.234500 0.266900 0.346700 0.299900 0.140800 0.067000 0.274700 0.199300 0.163500 0.230700 0.368500 0.273800 0.292500 0.286300 0.260400 0.266400 0.247600
Reindeer 0.374500 0.566100 0.350900 0.557600 0.334800 0.350200 0.317700 0.387500 0.340900 0.189900 0.309700 0.277600 0.445900 0.378700 0.323600 0.369200 0.274300 0.226300 0.383000 0.273500 0.357600 0.290800 0.195300 0.000000 0.346700 0.398200 0.437700 0.356600 0.426900 0.353500 0.177700 0.435200 0.288700 0.437800 0.386000 0.266800 0.319400 0.367900 0.446000 0.148800 0.224700 0.376200 0.154300 0.120600 0.280200 0.384900 0.417100 0.377700 0.351300 0.308700 0.345200 0.324000
Ibex 0.113800 0.513500 0.224100 0.524400 0.139900 0.076200 0.111900 0.182900 0.212400 0.316000 0.038200 0.183500 0.186400 0.151400 0.155500 0.140300 0.230700 0.179300 0.172600 0.209600 0.184500 0.077700 0.294300 0.346700 0.000000 0.166300 0.175600 0.227500 0.185300 0.196000 0.299500 0.180700 0.216400 0.175600 0.139800 0.202100 0.076400 0.140300 0.193200 0.209100 0.267300 0.171800 0.303200 0.266400 0.184900 0.203400 0.174800 0.186000 0.195000 0.263100 0.236100 0.230500
GyrantGaze 0.235000 0.593200 0.274500 0.555500 0.201600 0.196700 0.172000 0.158700 0.263100 0.366600 0.157600 0.217900 0.192000 0.184700 0.109200 0.119400 0.249800 0.199700 0.233200 0.259800 0.159700 0.201100 0.296500 0.398200 0.166300 0.000000 0.181700 0.278700 0.160600 0.246000 0.349600 0.243400 0.248400 0.181700 0.147200 0.252600 0.197400 0.174400 0.166700 0.260000 0.270700 0.070000 0.353700 0.317200 0.266100 0.207700 0.177800 0.191400 0.200400 0.281200 0.286300 0.280100
Hartebeest 0.243400 0.488500 0.282400 0.503400 0.183000 0.192300 0.181400 0.183900 0.271500 0.325200 0.167300 0.197900 0.010600 0.221800 0.171600 0.183700 0.216300 0.208300 0.214100 0.268000 0.185300 0.209900 0.371200 0.437700 0.175600 0.181700 0.000000 0.286900 0.215200 0.254800 0.388200 0.252300 0.285700 0.000000 0.130800 0.247000 0.206100 0.183500 0.237800 0.297200 0.344100 0.215500 0.312300 0.355700 0.259300 0.189500 0.203100 0.229500 0.209100 0.272300 0.294200 0.287300
Bongo 0.269600 0.535300 0.071100 0.619400 0.250900 0.229700 0.218800 0.236300 0.011300 0.323500 0.189200 0.206900 0.297100 0.262800 0.209300 0.163100 0.301500 0.279800 0.196100 0.109300 0.269900 0.234700 0.274900 0.356600 0.227500 0.278700 0.286900 0.000000 0.238600 0.070000 0.309000 0.296600 0.299100 0.286900 0.250400 0.168200 0.170700 0.283200 0.282800 0.279000 0.327000 0.227900 0.311100 0.287000 0.180600 0.286200 0.255400 0.210700 0.173400 0.256000 0.045100 0.092900
Gerenuk 0.212400 0.547000 0.234900 0.618500 0.179200 0.187300 0.190400 0.122400 0.224200 0.394100 0.147400 0.209100 0.225700 0.204400 0.152800 0.059100 0.258500 0.206400 0.196900 0.221200 0.150400 0.191600 0.274400 0.426900 0.185300 0.160600 0.215200 0.238600 0.000000 0.207700 0.376300 0.235300 0.286200 0.215200 0.192800 0.244200 0.187700 0.208400 0.128700 0.282800 0.262100 0.138300 0.380900 0.321200 0.258000 0.227400 0.169000 0.182200 0.191100 0.273800 0.246900 0.241800
CommonElan 0.236800 0.515500 0.121200 0.663600 0.219100 0.197900 0.188600 0.205500 0.058000 0.322000 0.158400 0.206000 0.265000 0.230900 0.178800 0.135000 0.268700 0.247200 0.194200 0.108500 0.236900 0.202100 0.273500 0.353500 0.196000 0.246000 0.254800 0.070000 0.207700 0.000000 0.306200 0.262900 0.328300 0.254800 0.218800 0.181100 0.169300 0.249900 0.247900 0.246300 0.292000 0.224000 0.342300 0.270000 0.193500 0.254000 0.253200 0.180100 0.172000 0.285200 0.080300 0.104900
MuntiacusR 0.278000 0.562600 0.334600 0.580500 0.321000 0.270900 0.286400 0.371800 0.325100 0.073700 0.262900 0.248500 0.396900 0.332200 0.278700 0.322300 0.261800 0.241700 0.349100 0.289100 0.359900 0.277200 0.197200 0.177700 0.299500 0.349600 0.388200 0.309000 0.376300 0.306200 0.000000 0.366600 0.221000 0.388200 0.305100 0.283400 0.303800 0.306800 0.392600 0.125400 0.173800 0.313400 0.085500 0.170500 0.266000 0.322200 0.339600 0.312100 0.351100 0.265800 0.329500 0.309300
HarveysDui 0.220800 0.694200 0.291500 0.629000 0.187900 0.212100 0.185200 0.232500 0.280600 0.418700 0.172600 0.204000 0.262400 0.069900 0.205300 0.188800 0.296700 0.230300 0.220100 0.277100 0.220300 0.216500 0.383500 0.435200 0.180700 0.243400 0.252300 0.296600 0.235300 0.262900 0.366600 0.000000 0.280100 0.252300 0.188200 0.269200 0.212700 0.246900 0.244600 0.306300 0.355200 0.221700 0.405200 0.367300 0.282800 0.222400 0.250500 0.193300 0.215300 0.344700 0.303900 0.296800
Pronghorn 0.255400 0.459500 0.325100 0.422900 0.221800 0.248000 0.220100 0.266400 0.313800 0.234500 0.209000 0.251200 0.295200 0.261800 0.239000 0.251800 0.224900 0.165000 0.280500 0.311000 0.299200 0.222600 0.299400 0.288700 0.216400 0.248400 0.285700 0.299100 0.286200 0.328300 0.221000 0.280100 0.000000 0.285700 0.251100 0.272600 0.235500 0.251800 0.313600 0.219600 0.274400 0.242300 0.222500 0.255500 0.255000 0.284400 0.255400 0.288300 0.278500 0.255600 0.319900 0.313600
BlueWildeb 0.243300 0.488500 0.282400 0.503700 0.183000 0.192200 0.181400 0.183900 0.271500 0.325200 0.167200 0.197800 0.010600 0.221800 0.171500 0.183600 0.216300 0.208300 0.214100 0.268100 0.185300 0.209900 0.371200 0.437800 0.175600 0.181700 0.000000 0.286900 0.215200 0.254800 0.388200 0.252300 0.285700 0.000000 0.130800 0.247000 0.206100 0.183400 0.237800 0.297200 0.344100 0.215400 0.312200 0.355800 0.259300 0.189500 0.203100 0.229500 0.209100 0.272300 0.294300 0.287400
Gemsbok 0.193700 0.555600 0.246800 0.519100 0.175300 0.169300 0.120500 0.190500 0.235500 0.368600 0.130400 0.191100 0.141400 0.187100 0.136500 0.148800 0.238600 0.201700 0.179900 0.232300 0.178300 0.172500 0.334200 0.386000 0.139800 0.147200 0.130800 0.250400 0.192800 0.218800 0.305100 0.188200 0.251100 0.130800 0.000000 0.225000 0.169700 0.135700 0.201200 0.261500 0.307100 0.179000 0.354300 0.319900 0.237700 0.169800 0.209300 0.193600 0.174300 0.283900 0.258700 0.252600
Yak 0.243700 0.528400 0.166000 0.562600 0.225200 0.204000 0.193400 0.181600 0.154600 0.268000 0.163400 0.125600 0.257400 0.236700 0.183400 0.195500 0.244900 0.222600 0.228400 0.166100 0.227800 0.177000 0.234500 0.266800 0.202100 0.252600 0.247000 0.168200 0.244200 0.181100 0.283400 0.269200 0.272600 0.247000 0.225000 0.000000 0.174400 0.256400 0.254800 0.223100 0.269100 0.230100 0.255900 0.231600 0.036300 0.260000 0.230000 0.214900 0.223500 0.201600 0.163300 0.160100
BlueSheep 0.115200 0.567500 0.168400 0.578500 0.141700 0.077200 0.140200 0.156500 0.156500 0.320200 0.038700 0.185800 0.216800 0.182400 0.157700 0.142000 0.233700 0.181800 0.121400 0.182800 0.186700 0.078800 0.266900 0.319400 0.076400 0.197400 0.206100 0.170700 0.187700 0.169300 0.303800 0.212700 0.235500 0.206100 0.169700 0.174400 0.000000 0.170200 0.195600 0.212300 0.271000 0.174300 0.307700 0.239800 0.158200 0.205600 0.205300 0.188300 0.168600 0.236000 0.180300 0.176200
BohorReedb 0.165500 0.535900 0.278600 0.570500 0.070900 0.156000 0.161200 0.219800 0.267400 0.355600 0.130800 0.220300 0.193800 0.215700 0.164100 0.176400 0.181000 0.186600 0.222300 0.189700 0.221500 0.173300 0.346700 0.367900 0.140300 0.174400 0.183500 0.283200 0.208400 0.249900 0.306800 0.246900 0.251800 0.183400 0.135700 0.256400 0.170200 0.000000 0.231800 0.261900 0.321900 0.208800 0.310000 0.321700 0.238500 0.183200 0.238100 0.209200 0.202600 0.268400 0.290700 0.283900
KirksDik 0.221700 0.623100 0.277900 0.680600 0.200500 0.195200 0.198200 0.100100 0.266200 0.410500 0.153600 0.217700 0.248500 0.212200 0.159100 0.113500 0.283700 0.229100 0.234200 0.262700 0.128100 0.200100 0.299900 0.446000 0.193200 0.166700 0.237800 0.282800 0.128700 0.247900 0.392600 0.244600 0.313600 0.237800 0.201200 0.254800 0.195600 0.231800 0.000000 0.294600 0.272500 0.143700 0.396600 0.334800 0.269000 0.236600 0.147700 0.189800 0.229400 0.300100 0.290800 0.283600
RoeDeer 0.250000 0.525200 0.274600 0.554900 0.231800 0.211600 0.258500 0.278800 0.263500 0.137700 0.172200 0.189900 0.306800 0.243000 0.191100 0.233100 0.179100 0.131600 0.292400 0.260000 0.250200 0.226700 0.140800 0.148800 0.209100 0.260000 0.297200 0.279000 0.282800 0.246300 0.125400 0.306300 0.219600 0.297200 0.261500 0.223100 0.212300 0.261900 0.294600 0.000000 0.117400 0.237500 0.126600 0.079500 0.206400 0.295400 0.280800 0.252300 0.289800 0.267400 0.255800 0.237000
WhiteLippe 0.309700 0.506600 0.320200 0.551700 0.289800 0.270400 0.272300 0.258700 0.310300 0.186800 0.230000 0.232700 0.354500 0.320500 0.234300 0.214600 0.288800 0.238300 0.338400 0.306300 0.260900 0.244900 0.067000 0.224700 0.267300 0.270700 0.344100 0.327000 0.262100 0.292000 0.173800 0.355200 0.274400 0.344100 0.307100 0.269100 0.271000 0.321900 0.272500 0.117400 0.000000 0.248600 0.175600 0.179000 0.264500 0.309200 0.248800 0.265700 0.337500 0.294100 0.301100 0.279900
ThomsonGaz 0.212800 0.620800 0.252800 0.623800 0.179600 0.173600 0.177400 0.136700 0.241100 0.313800 0.133800 0.194600 0.225800 0.163000 0.112600 0.097200 0.228600 0.177700 0.212300 0.238000 0.137500 0.177600 0.274700 0.376200 0.171800 0.070000 0.215500 0.227900 0.138300 0.224000 0.313400 0.221700 0.242300 0.215400 0.179000 0.230100 0.174300 0.208800 0.143700 0.237500 0.248600 0.000000 0.301000 0.295000 0.243800 0.214300 0.144000 0.168800 0.192900 0.245600 0.264900 0.259000
MuntiacusC 0.312700 0.499500 0.338200 0.507100 0.292900 0.274300 0.289200 0.310200 0.329800 0.030900 0.266200 0.250400 0.321400 0.335800 0.281600 0.325800 0.236600 0.215900 0.353300 0.261900 0.363300 0.279200 0.199300 0.154300 0.303200 0.353700 0.312300 0.311100 0.380900 0.342300 0.085500 0.405200 0.222500 0.312200 0.354300 0.255900 0.307700 0.310000 0.396600 0.126600 0.175600 0.301000 0.000000 0.172100 0.239500 0.325400 0.281700 0.315100 0.355000 0.298300 0.333100 0.313200
WhiteTaile 0.308400 0.535500 0.282800 0.538100 0.289200 0.269300 0.285400 0.285900 0.271600 0.183100 0.229300 0.226600 0.365100 0.299600 0.245700 0.287600 0.227700 0.179700 0.318800 0.268100 0.277200 0.276000 0.163500 0.120600 0.266400 0.317200 0.355700 0.287000 0.321200 0.270000 0.170500 0.367300 0.255500 0.355800 0.319900 0.231600 0.239800 0.321700 0.334800 0.079500 0.179000 0.295000 0.172100 0.000000 0.215000 0.322200 0.338800 0.310800 0.317600 0.274500 0.248100 0.230100
Cattle 0.226100 0.527600 0.178300 0.580600 0.208100 0.186900 0.206000 0.194600 0.167000 0.251400 0.147100 0.137800 0.269500 0.250100 0.195900 0.208500 0.240900 0.218900 0.252000 0.178400 0.241400 0.191100 0.230700 0.280200 0.184900 0.266100 0.259300 0.180600 0.258000 0.193500 0.266000 0.282800 0.255000 0.259300 0.237700 0.036300 0.158200 0.238500 0.269000 0.206400 0.264500 0.243800 0.239500 0.215000 0.000000 0.273000 0.242700 0.227800 0.236100 0.214400 0.175300 0.171900
RoyalAntel 0.185700 0.613700 0.281600 0.482200 0.210200 0.205500 0.180600 0.196600 0.270800 0.337700 0.166800 0.197400 0.199500 0.221000 0.171400 0.182800 0.257100 0.236200 0.240800 0.267500 0.226400 0.179800 0.368500 0.384900 0.203400 0.207700 0.189500 0.286200 0.227400 0.254000 0.322200 0.222400 0.284400 0.189500 0.169800 0.260000 0.205600 0.183200 0.236600 0.295400 0.309200 0.214300 0.325400 0.322200 0.273000 0.000000 0.215100 0.186800 0.181100 0.301400 0.293400 0.286800
Steenbok 0.229000 0.506900 0.280400 0.596700 0.209400 0.204800 0.180200 0.067600 0.270200 0.293600 0.166600 0.211700 0.213100 0.220500 0.170900 0.128300 0.257300 0.235700 0.240200 0.266900 0.155200 0.208600 0.273800 0.417100 0.174800 0.177800 0.203100 0.255400 0.169000 0.253200 0.339600 0.250500 0.255400 0.203100 0.209300 0.230000 0.205300 0.238100 0.147700 0.280800 0.248800 0.144000 0.281700 0.338800 0.242700 0.215100 0.000000 0.199500 0.208100 0.271300 0.292900 0.286200
Impala 0.167800 0.551700 0.207400 0.625900 0.179800 0.158100 0.163500 0.180100 0.196000 0.314200 0.147800 0.152500 0.239900 0.205800 0.125700 0.138000 0.273600 0.191700 0.184500 0.164700 0.181500 0.192000 0.292500 0.377700 0.186000 0.191400 0.229500 0.210700 0.182200 0.180100 0.312100 0.193300 0.288300 0.229500 0.193600 0.214900 0.188300 0.209200 0.189800 0.252300 0.265700 0.168800 0.315100 0.310800 0.227800 0.186800 0.199500 0.000000 0.191800 0.258500 0.219500 0.214400
Klipspring 0.205500 0.618500 0.215500 0.602000 0.201800 0.196800 0.172800 0.189400 0.187200 0.367800 0.157700 0.189100 0.219300 0.214100 0.162600 0.147400 0.280100 0.228800 0.179100 0.201700 0.219400 0.201000 0.286300 0.351300 0.195000 0.200400 0.209100 0.173400 0.191100 0.172000 0.351100 0.215300 0.278500 0.209100 0.174300 0.223500 0.168600 0.202600 0.229400 0.289800 0.337500 0.192900 0.355000 0.317600 0.236100 0.181100 0.208100 0.191800 0.000000 0.266600 0.209600 0.222100
ForestMusk 0.273100 0.507200 0.281700 0.606400 0.238500 0.251600 0.265800 0.254600 0.271800 0.309800 0.225900 0.197400 0.281900 0.311100 0.227100 0.239000 0.241100 0.220500 0.298900 0.268200 0.287200 0.239600 0.260400 0.308700 0.263100 0.281200 0.272300 0.256000 0.273800 0.285200 0.265800 0.344700 0.255600 0.272300 0.283900 0.201600 0.236000 0.268400 0.300100 0.267400 0.294100 0.245600 0.298300 0.274500 0.214400 0.301400 0.271300 0.258500 0.266600 0.000000 0.278000 0.272000
Bushbuck 0.277400 0.545000 0.093600 0.549900 0.258800 0.238300 0.227200 0.244600 0.033600 0.345400 0.198700 0.201300 0.304100 0.270600 0.218100 0.172400 0.277400 0.256300 0.177600 0.132000 0.278000 0.243600 0.266400 0.345200 0.236100 0.286300 0.294200 0.045100 0.246900 0.080300 0.329500 0.303900 0.319900 0.294300 0.258700 0.163300 0.180300 0.290700 0.290800 0.255800 0.301100 0.264900 0.333100 0.248100 0.175300 0.293400 0.292900 0.219500 0.209600 0.278000 0.000000 0.066800
GreaterKud 0.270800 0.527100 0.091800 0.609000 0.252800 0.232600 0.222200 0.239600 0.080800 0.324000 0.193900 0.196900 0.297200 0.264800 0.213400 0.196100 0.302400 0.251000 0.200100 0.129100 0.271400 0.237500 0.247600 0.324000 0.230500 0.280100 0.287300 0.092900 0.241800 0.104900 0.309300 0.296800 0.313600 0.287400 0.252600 0.160100 0.176200 0.283900 0.283600 0.237000 0.279900 0.259000 0.313200 0.230100 0.171900 0.286800 0.286200 0.214400 0.222100 0.272000 0.066800 0.000000
