CODONML (in paml version 4.10.7, June 2023)  /home/rachel/ruminants_paml/6406-phy-tree/ENSBTAT00000009173.fasta.phy
Model: free dN/dS Ratios for branches,  kappa = 2.000 fixed

Codon frequency model: F3x4
ns =  54  ls =  27

Codon usage in sequences
--------------------------------------------------------------------------------------------------------------------------------------
Phe TTT   1   1   1   1   1   1 | Ser TCT   0   0   0   0   0   0 | Tyr TAT   0   0   0   0   0   0 | Cys TGT   0   0   0   0   0   0
    TTC   1   1   1   1   1   1 |     TCC   0   0   0   1   0   0 |     TAC   0   0   0   0   0   0 |     TGC   0   0   0   0   0   0
Leu TTA   0   0   0   0   0   0 |     TCA   1   0   1   0   1   1 | *** TAA   0   0   0   0   0   0 | *** TGA   0   0   0   0   0   0
    TTG   2   1   1   1   1   1 |     TCG   0   1   0   0   0   0 |     TAG   0   0   0   0   0   0 | Trp TGG   1   1   1   1   1   1
--------------------------------------------------------------------------------------------------------------------------------------
Leu CTT   0   0   0   0   0   0 | Pro CCT   0   0   0   0   0   0 | His CAT   1   1   1   1   2   1 | Arg CGT   0   0   0   0   0   0
    CTC   0   0   0   0   0   0 |     CCC   0   0   0   0   0   0 |     CAC   1   2   1   1   1   1 |     CGC   0   0   0   0   0   0
    CTA   0   0   0   0   1   0 |     CCA   0   0   0   0   0   0 | Gln CAA   0   0   0   1   0   0 |     CGA   0   0   0   1   0   0
    CTG   0   1   1   1   0   1 |     CCG   0   0   0   0   0   0 |     CAG   2   1   2   1   1   2 |     CGG   2   2   2   1   2   2
--------------------------------------------------------------------------------------------------------------------------------------
Ile ATT   0   0   0   0   0   0 | Thr ACT   0   0   0   0   0   0 | Asn AAT   0   0   0   0   1   0 | Ser AGT   0   0   0   0   0   0
    ATC   2   1   1   1   1   2 |     ACC   1   1   1   1   1   1 |     AAC   1   0   0   1   0   0 |     AGC   0   0   0   0   0   0
    ATA   0   1   1   1   1   0 |     ACA   0   0   0   0   0   0 | Lys AAA   1   1   1   1   1   2 | Arg AGA   1   1   1   1   1   1
Met ATG   1   1   1   1   1   1 |     ACG   0   0   0   0   0   0 |     AAG   1   2   2   1   1   1 |     AGG   0   0   0   0   0   0
--------------------------------------------------------------------------------------------------------------------------------------
Val GTT   1   1   1   1   1   1 | Ala GCT   0   0   0   0   0   0 | Asp GAT   1   1   1   1   1   1 | Gly GGT   0   0   0   0   0   0
    GTC   0   0   0   0   0   0 |     GCC   0   0   0   0   0   0 |     GAC   0   0   0   0   0   0 |     GGC   1   1   1   1   1   1
    GTA   0   0   0   0   0   0 |     GCA   2   2   2   2   2   1 | Glu GAA   0   0   0   0   0   0 |     GGA   1   1   1   1   1   1
    GTG   1   1   1   1   1   1 |     GCG   0   0   0   0   0   1 |     GAG   0   0   0   0   0   0 |     GGG   0   0   0   0   0   0
--------------------------------------------------------------------------------------------------------------------------------------

--------------------------------------------------------------------------------------------------------------------------------------
Phe TTT   1   1   1   1   1   1 | Ser TCT   0   0   0   0   0   0 | Tyr TAT   0   0   0   0   0   0 | Cys TGT   0   0   0   0   0   0
    TTC   1   1   1   1   1   1 |     TCC   0   0   0   0   0   0 |     TAC   0   0   0   0   0   0 |     TGC   0   0   0   0   0   0
Leu TTA   0   0   0   0   0   0 |     TCA   1   1   1   1   1   1 | *** TAA   0   0   0   0   0   0 | *** TGA   0   0   0   0   0   0
    TTG   2   2   2   2   1   1 |     TCG   0   0   0   0   0   0 |     TAG   0   0   0   0   0   0 | Trp TGG   1   1   1   1   1   1
--------------------------------------------------------------------------------------------------------------------------------------
Leu CTT   0   0   0   0   0   0 | Pro CCT   0   0   0   0   0   0 | His CAT   1   1   1   1   2   1 | Arg CGT   0   0   0   0   0   0
    CTC   0   0   0   0   0   0 |     CCC   0   0   0   0   0   0 |     CAC   2   1   1   1   1   1 |     CGC   0   0   0   0   0   0
    CTA   0   0   0   0   0   0 |     CCA   0   0   0   0   0   0 | Gln CAA   0   0   0   1   0   0 |     CGA   0   0   0   0   0   0
    CTG   0   0   0   0   1   1 |     CCG   0   0   0   0   0   0 |     CAG   1   2   2   1   1   2 |     CGG   2   2   2   2   2   2
--------------------------------------------------------------------------------------------------------------------------------------
Ile ATT   0   0   0   0   0   0 | Thr ACT   0   0   0   0   0   0 | Asn AAT   0   0   0   0   0   0 | Ser AGT   0   0   0   0   0   0
    ATC   1   2   1   1   1   1 |     ACC   1   1   1   1   1   1 |     AAC   1   1   1   1   0   1 |     AGC   0   0   0   0   0   0
    ATA   1   0   1   1   1   1 |     ACA   0   0   0   0   0   0 | Lys AAA   1   1   1   1   1   1 | Arg AGA   1   1   1   1   1   1
Met ATG   1   1   1   1   1   1 |     ACG   0   0   0   0   0   0 |     AAG   1   1   1   1   2   1 |     AGG   0   0   0   0   0   0
--------------------------------------------------------------------------------------------------------------------------------------
Val GTT   1   1   1   1   1   1 | Ala GCT   0   0   0   0   0   1 | Asp GAT   1   1   1   1   1   1 | Gly GGT   0   0   0   0   0   0
    GTC   0   0   0   0   0   0 |     GCC   0   0   0   0   0   0 |     GAC   0   0   0   0   0   0 |     GGC   1   1   1   1   1   1
    GTA   0   0   0   0   0   0 |     GCA   2   2   2   2   2   1 | Glu GAA   0   0   0   0   0   0 |     GGA   1   1   1   1   1   1
    GTG   1   1   1   1   1   1 |     GCG   0   0   0   0   0   0 |     GAG   0   0   0   0   0   0 |     GGG   0   0   0   0   0   0
--------------------------------------------------------------------------------------------------------------------------------------

--------------------------------------------------------------------------------------------------------------------------------------
Phe TTT   1   1   1   1   1   1 | Ser TCT   0   0   0   0   0   0 | Tyr TAT   0   0   0   0   0   0 | Cys TGT   0   0   0   0   0   0
    TTC   1   1   1   1   1   1 |     TCC   0   0   0   0   0   0 |     TAC   0   0   0   0   0   0 |     TGC   0   0   0   0   0   0
Leu TTA   0   0   0   0   0   0 |     TCA   1   1   1   1   1   1 | *** TAA   0   0   0   0   0   0 | *** TGA   0   0   0   0   0   0
    TTG   2   1   2   2   2   2 |     TCG   0   0   0   0   0   0 |     TAG   0   0   0   0   0   0 | Trp TGG   1   1   1   1   1   1
--------------------------------------------------------------------------------------------------------------------------------------
Leu CTT   0   0   0   0   0   0 | Pro CCT   0   0   0   0   0   0 | His CAT   1   1   1   1   1   1 | Arg CGT   0   0   0   0   0   0
    CTC   0   0   0   0   0   0 |     CCC   0   0   0   0   0   0 |     CAC   1   1   1   1   1   1 |     CGC   0   0   0   0   0   0
    CTA   0   0   0   0   0   0 |     CCA   0   0   0   0   0   0 | Gln CAA   0   0   0   0   0   0 |     CGA   0   0   0   0   1   0
    CTG   0   1   0   0   0   0 |     CCG   0   0   0   0   0   0 |     CAG   2   2   2   2   2   2 |     CGG   2   2   2   2   1   2
--------------------------------------------------------------------------------------------------------------------------------------
Ile ATT   0   0   0   0   0   0 | Thr ACT   0   0   0   0   0   0 | Asn AAT   0   0   0   0   0   0 | Ser AGT   0   0   0   0   0   0
    ATC   2   1   2   1   1   1 |     ACC   1   1   1   1   1   1 |     AAC   1   0   1   1   1   0 |     AGC   0   0   0   0   0   0
    ATA   0   1   0   1   1   1 |     ACA   0   0   0   0   0   0 | Lys AAA   1   1   1   1   1   1 | Arg AGA   1   1   1   1   1   1
Met ATG   1   1   1   1   1   1 |     ACG   0   0   0   0   0   0 |     AAG   1   2   1   1   1   2 |     AGG   0   0   0   0   0   0
--------------------------------------------------------------------------------------------------------------------------------------
Val GTT   1   1   1   1   1   1 | Ala GCT   0   0   0   0   0   0 | Asp GAT   1   1   1   1   1   1 | Gly GGT   0   0   0   0   0   0
    GTC   0   0   0   0   0   0 |     GCC   0   0   0   0   0   0 |     GAC   0   0   0   0   0   0 |     GGC   1   1   1   1   1   1
    GTA   0   0   0   0   0   0 |     GCA   2   2   2   2   1   2 | Glu GAA   0   0   0   0   0   0 |     GGA   1   1   1   1   1   1
    GTG   1   1   1   1   1   1 |     GCG   0   0   0   0   1   0 |     GAG   0   0   0   0   0   0 |     GGG   0   0   0   0   0   0
--------------------------------------------------------------------------------------------------------------------------------------

--------------------------------------------------------------------------------------------------------------------------------------
Phe TTT   1   1   1   1   1   1 | Ser TCT   0   0   0   0   0   0 | Tyr TAT   0   0   0   0   0   0 | Cys TGT   0   0   0   0   0   0
    TTC   1   1   1   1   1   1 |     TCC   0   0   0   0   0   0 |     TAC   0   0   0   0   0   0 |     TGC   0   0   0   0   0   0
Leu TTA   0   0   0   0   0   0 |     TCA   1   1   1   1   1   1 | *** TAA   0   0   0   0   0   0 | *** TGA   0   0   0   0   0   0
    TTG   1   1   2   1   2   2 |     TCG   0   0   0   0   0   0 |     TAG   0   0   0   0   0   0 | Trp TGG   1   1   1   1   1   1
--------------------------------------------------------------------------------------------------------------------------------------
Leu CTT   0   0   0   0   0   0 | Pro CCT   0   0   0   0   0   0 | His CAT   1   1   1   2   1   1 | Arg CGT   0   0   0   0   0   0
    CTC   0   0   0   0   0   0 |     CCC   0   0   0   0   0   0 |     CAC   1   1   1   1   1   1 |     CGC   0   0   0   0   0   0
    CTA   0   0   0   0   0   0 |     CCA   0   0   0   0   0   0 | Gln CAA   0   0   0   0   0   0 |     CGA   0   1   0   0   0   0
    CTG   1   1   0   1   0   0 |     CCG   0   0   0   0   0   0 |     CAG   2   2   2   1   2   2 |     CGG   2   2   2   2   2   2
--------------------------------------------------------------------------------------------------------------------------------------
Ile ATT   1   1   0   0   0   0 | Thr ACT   0   0   0   0   0   0 | Asn AAT   0   0   0   0   0   0 | Ser AGT   0   0   0   0   0   0
    ATC   0   0   2   1   1   2 |     ACC   1   1   1   1   1   1 |     AAC   1   1   1   0   0   1 |     AGC   0   0   0   0   0   0
    ATA   1   1   0   1   1   0 |     ACA   0   0   0   0   0   0 | Lys AAA   1   1   1   1   1   1 | Arg AGA   1   0   1   1   1   1
Met ATG   1   1   1   1   1   1 |     ACG   0   0   0   0   0   0 |     AAG   1   1   1   2   2   1 |     AGG   0   0   0   0   0   0
--------------------------------------------------------------------------------------------------------------------------------------
Val GTT   1   1   1   1   1   1 | Ala GCT   0   0   0   0   0   0 | Asp GAT   1   1   1   1   1   1 | Gly GGT   0   0   0   0   0   0
    GTC   0   0   0   0   0   0 |     GCC   0   0   0   0   0   0 |     GAC   0   0   0   0   0   0 |     GGC   1   1   1   1   1   1
    GTA   0   0   0   0   0   0 |     GCA   2   2   2   2   2   2 | Glu GAA   0   0   0   0   0   0 |     GGA   1   1   1   1   1   1
    GTG   1   1   1   1   1   1 |     GCG   0   0   0   0   0   0 |     GAG   0   0   0   0   0   0 |     GGG   0   0   0   0   0   0
--------------------------------------------------------------------------------------------------------------------------------------

--------------------------------------------------------------------------------------------------------------------------------------
Phe TTT   1   1   1   1   1   1 | Ser TCT   0   0   0   0   0   0 | Tyr TAT   0   0   0   0   0   0 | Cys TGT   0   0   0   0   0   0
    TTC   1   1   1   1   1   1 |     TCC   0   0   0   0   0   0 |     TAC   0   0   0   0   0   0 |     TGC   0   0   0   0   0   0
Leu TTA   0   0   0   0   0   0 |     TCA   1   1   1   0   1   1 | *** TAA   0   0   0   0   0   0 | *** TGA   0   0   0   0   0   0
    TTG   1   1   2   2   2   1 |     TCG   0   0   0   1   0   0 |     TAG   0   0   0   0   0   0 | Trp TGG   1   1   1   1   1   1
--------------------------------------------------------------------------------------------------------------------------------------
Leu CTT   0   0   0   0   0   0 | Pro CCT   0   0   0   0   0   0 | His CAT   1   1   1   1   1   3 | Arg CGT   0   0   0   0   0   0
    CTC   0   0   0   0   0   0 |     CCC   0   0   0   0   0   0 |     CAC   1   1   1   1   1   0 |     CGC   0   0   0   0   0   0
    CTA   0   0   0   0   0   0 |     CCA   0   0   0   0   0   0 | Gln CAA   0   1   0   0   0   0 |     CGA   0   0   0   0   0   0
    CTG   1   1   0   0   0   1 |     CCG   0   0   0   0   0   0 |     CAG   2   1   2   2   2   1 |     CGG   2   2   2   2   2   2
--------------------------------------------------------------------------------------------------------------------------------------
Ile ATT   0   0   0   0   0   0 | Thr ACT   0   0   0   0   0   0 | Asn AAT   0   0   0   0   0   0 | Ser AGT   0   0   0   0   0   0
    ATC   1   1   2   1   2   1 |     ACC   1   1   1   1   1   1 |     AAC   1   1   1   0   1   0 |     AGC   0   0   0   0   0   0
    ATA   1   1   0   1   0   1 |     ACA   0   0   0   0   0   0 | Lys AAA   1   1   1   1   1   1 | Arg AGA   1   1   0   1   1   1
Met ATG   1   1   1   1   1   1 |     ACG   0   0   0   0   0   0 |     AAG   1   1   1   2   1   2 |     AGG   0   0   1   0   0   0
--------------------------------------------------------------------------------------------------------------------------------------
Val GTT   1   1   1   1   1   1 | Ala GCT   0   0   0   0   0   0 | Asp GAT   1   1   1   1   1   1 | Gly GGT   0   0   0   0   0   0
    GTC   0   0   0   0   0   0 |     GCC   0   0   0   0   0   0 |     GAC   0   0   0   0   0   0 |     GGC   1   1   1   1   1   1
    GTA   0   0   0   0   0   0 |     GCA   2   2   2   2   2   2 | Glu GAA   0   0   0   0   0   0 |     GGA   1   1   1   1   1   1
    GTG   1   1   1   1   1   1 |     GCG   0   0   0   0   0   0 |     GAG   0   0   0   0   0   0 |     GGG   0   0   0   0   0   0
--------------------------------------------------------------------------------------------------------------------------------------

--------------------------------------------------------------------------------------------------------------------------------------
Phe TTT   1   1   1   1   1   1 | Ser TCT   0   0   0   0   0   0 | Tyr TAT   0   0   0   0   0   0 | Cys TGT   0   0   0   0   0   0
    TTC   1   1   1   1   1   1 |     TCC   0   0   0   0   0   0 |     TAC   0   0   0   0   0   0 |     TGC   0   0   0   0   0   0
Leu TTA   0   0   0   0   0   0 |     TCA   1   1   1   1   1   1 | *** TAA   0   0   0   0   0   0 | *** TGA   0   0   0   0   0   0
    TTG   2   1   1   2   1   2 |     TCG   0   0   0   0   0   0 |     TAG   0   0   0   0   0   0 | Trp TGG   1   1   1   1   1   1
--------------------------------------------------------------------------------------------------------------------------------------
Leu CTT   0   0   0   0   0   0 | Pro CCT   0   0   0   0   0   0 | His CAT   1   2   1   1   1   1 | Arg CGT   0   0   0   0   0   0
    CTC   0   0   0   0   0   0 |     CCC   0   0   0   0   0   0 |     CAC   1   1   1   1   1   1 |     CGC   0   0   0   0   0   0
    CTA   0   0   0   0   0   0 |     CCA   0   0   0   0   0   0 | Gln CAA   0   0   0   0   0   0 |     CGA   0   0   0   0   0   0
    CTG   0   1   1   0   1   0 |     CCG   0   0   0   0   0   0 |     CAG   2   1   2   2   2   2 |     CGG   2   2   2   1   2   2
--------------------------------------------------------------------------------------------------------------------------------------
Ile ATT   0   0   0   0   0   0 | Thr ACT   0   0   0   0   0   0 | Asn AAT   0   0   0   0   0   0 | Ser AGT   0   0   0   0   0   0
    ATC   1   1   1   1   1   2 |     ACC   1   1   1   1   1   1 |     AAC   0   0   1   1   0   1 |     AGC   0   0   0   0   0   0
    ATA   1   1   1   1   1   0 |     ACA   0   0   0   0   0   0 | Lys AAA   1   1   1   1   1   1 | Arg AGA   1   1   1   1   1   1
Met ATG   1   1   1   1   1   1 |     ACG   0   0   0   0   0   0 |     AAG   2   2   1   1   2   1 |     AGG   0   0   0   1   0   0
--------------------------------------------------------------------------------------------------------------------------------------
Val GTT   1   1   1   1   1   1 | Ala GCT   0   0   1   0   0   0 | Asp GAT   1   1   1   1   1   1 | Gly GGT   0   0   0   0   0   0
    GTC   0   0   0   0   0   0 |     GCC   0   0   0   0   0   0 |     GAC   0   0   0   0   0   0 |     GGC   1   1   1   1   1   1
    GTA   0   0   0   0   0   0 |     GCA   2   2   1   2   2   2 | Glu GAA   0   0   0   0   0   0 |     GGA   1   1   1   1   1   1
    GTG   1   1   1   1   1   1 |     GCG   0   0   0   0   0   0 |     GAG   0   0   0   0   0   0 |     GGG   0   0   0   0   0   0
--------------------------------------------------------------------------------------------------------------------------------------

--------------------------------------------------------------------------------------------------------------------------------------
Phe TTT   1   1   1   1   1   1 | Ser TCT   0   0   0   0   0   0 | Tyr TAT   0   0   0   0   0   0 | Cys TGT   0   0   0   0   0   0
    TTC   1   1   1   1   1   1 |     TCC   0   0   0   0   0   0 |     TAC   0   0   0   0   0   0 |     TGC   0   0   0   0   0   0
Leu TTA   0   0   0   0   0   0 |     TCA   1   1   1   1   1   1 | *** TAA   0   0   0   0   0   0 | *** TGA   0   0   0   0   0   0
    TTG   2   1   2   2   2   1 |     TCG   0   0   0   0   0   0 |     TAG   0   0   0   0   0   0 | Trp TGG   1   1   1   1   1   1
--------------------------------------------------------------------------------------------------------------------------------------
Leu CTT   0   0   0   0   0   0 | Pro CCT   0   0   0   0   0   0 | His CAT   1   1   1   1   1   1 | Arg CGT   0   0   0   0   0   0
    CTC   0   0   0   0   0   0 |     CCC   0   0   0   0   0   0 |     CAC   1   1   1   2   1   1 |     CGC   0   0   0   0   0   0
    CTA   0   0   0   0   0   0 |     CCA   0   0   0   0   0   0 | Gln CAA   0   0   0   0   0   0 |     CGA   0   0   0   0   0   0
    CTG   0   1   0   0   0   1 |     CCG   0   0   0   0   0   0 |     CAG   2   2   2   1   2   2 |     CGG   2   2   2   2   2   2
--------------------------------------------------------------------------------------------------------------------------------------
Ile ATT   0   0   0   0   0   0 | Thr ACT   0   0   0   0   0   0 | Asn AAT   0   0   0   0   0   0 | Ser AGT   0   0   0   0   0   0
    ATC   2   1   2   1   1   1 |     ACC   1   1   1   1   1   1 |     AAC   1   0   1   1   1   1 |     AGC   0   0   0   0   0   0
    ATA   0   0   0   1   1   1 |     ACA   0   0   0   0   0   0 | Lys AAA   1   2   1   1   0   1 | Arg AGA   1   1   1   1   1   1
Met ATG   1   1   1   1   1   1 |     ACG   0   0   0   0   0   0 |     AAG   1   2   1   1   2   1 |     AGG   0   0   0   0   0   0
--------------------------------------------------------------------------------------------------------------------------------------
Val GTT   1   1   1   1   1   1 | Ala GCT   0   0   0   0   0   0 | Asp GAT   1   1   1   1   1   1 | Gly GGT   0   0   0   0   1   0
    GTC   0   0   0   0   0   0 |     GCC   0   0   0   0   0   0 |     GAC   0   0   0   0   0   0 |     GGC   1   1   1   1   0   1
    GTA   0   0   0   0   0   0 |     GCA   2   2   2   2   2   2 | Glu GAA   0   0   0   0   0   0 |     GGA   1   1   1   1   1   1
    GTG   1   1   1   1   1   1 |     GCG   0   0   0   0   0   0 |     GAG   0   0   0   0   0   0 |     GGG   0   0   0   0   0   0
--------------------------------------------------------------------------------------------------------------------------------------

--------------------------------------------------------------------------------------------------------------------------------------
Phe TTT   1   1   1   1   1   1 | Ser TCT   0   0   0   0   0   0 | Tyr TAT   0   0   0   0   0   0 | Cys TGT   0   0   0   0   0   0
    TTC   1   1   1   1   1   1 |     TCC   0   0   0   0   0   0 |     TAC   0   0   0   0   0   0 |     TGC   0   0   0   0   0   0
Leu TTA   0   0   0   0   0   0 |     TCA   1   1   1   1   1   1 | *** TAA   0   0   0   0   0   0 | *** TGA   0   0   0   0   0   0
    TTG   1   2   1   1   1   2 |     TCG   0   0   0   0   0   0 |     TAG   0   0   0   0   0   0 | Trp TGG   1   1   1   1   1   1
--------------------------------------------------------------------------------------------------------------------------------------
Leu CTT   0   0   0   0   0   0 | Pro CCT   0   0   0   0   0   0 | His CAT   1   1   1   1   1   1 | Arg CGT   0   0   0   0   0   0
    CTC   0   0   0   0   0   0 |     CCC   0   0   0   0   0   0 |     CAC   1   1   1   1   1   1 |     CGC   0   0   0   0   0   0
    CTA   0   0   0   0   0   0 |     CCA   0   0   0   0   0   0 | Gln CAA   0   0   0   0   0   0 |     CGA   0   0   0   0   0   1
    CTG   1   0   1   1   1   0 |     CCG   0   0   0   0   0   0 |     CAG   2   2   2   2   2   2 |     CGG   2   2   2   2   2   1
--------------------------------------------------------------------------------------------------------------------------------------
Ile ATT   0   0   0   0   0   0 | Thr ACT   0   0   0   0   0   0 | Asn AAT   0   0   0   0   0   0 | Ser AGT   0   0   0   0   0   0
    ATC   1   1   1   1   1   0 |     ACC   1   1   1   1   1   2 |     AAC   1   0   1   1   0   1 |     AGC   0   0   0   0   0   0
    ATA   1   1   1   1   0   1 |     ACA   0   0   0   0   0   0 | Lys AAA   1   1   1   1   2   1 | Arg AGA   1   1   1   1   1   1
Met ATG   1   1   1   1   1   1 |     ACG   0   0   0   0   0   0 |     AAG   1   2   1   1   2   1 |     AGG   0   0   0   0   0   0
--------------------------------------------------------------------------------------------------------------------------------------
Val GTT   1   1   1   1   1   1 | Ala GCT   0   0   1   0   0   0 | Asp GAT   1   1   1   1   1   1 | Gly GGT   0   0   0   0   0   0
    GTC   0   0   0   0   0   0 |     GCC   0   0   0   0   0   0 |     GAC   0   0   0   0   0   0 |     GGC   1   1   1   1   1   1
    GTA   0   0   0   0   0   0 |     GCA   2   2   1   2   2   2 | Glu GAA   0   0   0   0   0   0 |     GGA   1   1   1   1   1   1
    GTG   1   1   1   1   1   1 |     GCG   0   0   0   0   0   0 |     GAG   0   0   0   0   0   0 |     GGG   0   0   0   0   0   0
--------------------------------------------------------------------------------------------------------------------------------------

--------------------------------------------------------------------------------------------------------------------------------------
Phe TTT   1   1   1   1   1   1 | Ser TCT   0   0   0   0   0   0 | Tyr TAT   0   0   0   0   0   0 | Cys TGT   0   0   0   0   0   0
    TTC   1   1   1   1   1   1 |     TCC   0   1   0   1   0   0 |     TAC   0   1   0   0   0   0 |     TGC   0   0   0   0   0   0
Leu TTA   0   0   0   0   0   0 |     TCA   1   0   1   0   1   1 | *** TAA   0   0   0   0   0   0 | *** TGA   0   0   0   0   0   0
    TTG   2   1   2   1   1   1 |     TCG   0   1   0   0   0   0 |     TAG   0   0   0   0   0   0 | Trp TGG   1   1   1   1   1   1
--------------------------------------------------------------------------------------------------------------------------------------
Leu CTT   0   0   0   0   0   0 | Pro CCT   0   0   0   0   0   0 | His CAT   1   1   1   1   2   2 | Arg CGT   0   0   0   0   0   0
    CTC   0   0   0   0   0   0 |     CCC   0   0   0   0   0   0 |     CAC   1   0   1   1   1   1 |     CGC   0   0   0   0   0   0
    CTA   0   0   0   0   0   0 |     CCA   0   0   0   0   0   0 | Gln CAA   0   0   0   1   0   0 |     CGA   0   0   0   1   0   0
    CTG   0   0   0   1   1   1 |     CCG   0   0   0   0   0   0 |     CAG   2   2   2   1   1   1 |     CGG   2   2   2   1   2   2
--------------------------------------------------------------------------------------------------------------------------------------
Ile ATT   0   1   0   0   0   0 | Thr ACT   0   0   0   0   0   0 | Asn AAT   0   0   0   0   0   0 | Ser AGT   0   0   0   0   0   0
    ATC   1   0   1   1   1   1 |     ACC   1   1   1   1   1   1 |     AAC   0   1   1   1   0   0 |     AGC   0   0   0   0   0   0
    ATA   1   1   1   1   1   1 |     ACA   0   0   0   0   0   0 | Lys AAA   2   1   1   1   1   1 | Arg AGA   1   1   1   1   1   1
Met ATG   1   1   1   1   1   1 |     ACG   0   0   0   0   0   0 |     AAG   1   1   1   1   2   2 |     AGG   0   0   0   0   0   0
--------------------------------------------------------------------------------------------------------------------------------------
Val GTT   1   1   1   1   1   1 | Ala GCT   0   0   0   0   0   0 | Asp GAT   1   1   1   1   1   1 | Gly GGT   0   0   0   0   0   0
    GTC   0   0   0   0   0   0 |     GCC   0   0   0   0   0   0 |     GAC   0   0   0   0   0   0 |     GGC   1   1   1   1   1   1
    GTA   0   1   0   0   0   0 |     GCA   2   2   2   2   2   2 | Glu GAA   0   0   0   0   0   0 |     GGA   1   1   1   1   1   1
    GTG   1   0   1   1   1   1 |     GCG   0   0   0   0   0   0 |     GAG   0   0   0   0   0   0 |     GGG   0   0   0   0   0   0
--------------------------------------------------------------------------------------------------------------------------------------

Codon position x base (3x4) table for each sequence.

#1: Argali         
position  1:    T:0.22222    C:0.22222    A:0.29630    G:0.25926
position  2:    T:0.33333    C:0.14815    A:0.29630    G:0.22222
position  3:    T:0.14815    C:0.25926    A:0.22222    G:0.37037
Average         T:0.23457    C:0.20988    A:0.27160    G:0.28395

#2: LesserMouseDeer
position  1:    T:0.18519    C:0.25926    A:0.29630    G:0.25926
position  2:    T:0.33333    C:0.14815    A:0.29630    G:0.22222
position  3:    T:0.14815    C:0.22222    A:0.22222    G:0.40741
Average         T:0.22222    C:0.20988    A:0.27160    G:0.29630

#3: LesserKudu     
position  1:    T:0.18519    C:0.25926    A:0.29630    G:0.25926
position  2:    T:0.33333    C:0.14815    A:0.29630    G:0.22222
position  3:    T:0.14815    C:0.18519    A:0.25926    G:0.40741
Average         T:0.22222    C:0.19753    A:0.28395    G:0.29630

#4: ForestMuskDeer2
position  1:    T:0.18519    C:0.25926    A:0.29630    G:0.25926
position  2:    T:0.33333    C:0.14815    A:0.29630    G:0.22222
position  3:    T:0.14815    C:0.25926    A:0.29630    G:0.29630
Average         T:0.22222    C:0.22222    A:0.29630    G:0.25926

#5: Camel          
position  1:    T:0.18519    C:0.25926    A:0.29630    G:0.25926
position  2:    T:0.33333    C:0.14815    A:0.29630    G:0.22222
position  3:    T:0.22222    C:0.18519    A:0.29630    G:0.29630
Average         T:0.24691    C:0.19753    A:0.29630    G:0.25926

#6: KillerWhale    
position  1:    T:0.18519    C:0.25926    A:0.29630    G:0.25926
position  2:    T:0.33333    C:0.14815    A:0.29630    G:0.22222
position  3:    T:0.14815    C:0.22222    A:0.22222    G:0.40741
Average         T:0.22222    C:0.20988    A:0.27160    G:0.29630

#7: DefassaWaterbuck
position  1:    T:0.22222    C:0.22222    A:0.29630    G:0.25926
position  2:    T:0.33333    C:0.14815    A:0.29630    G:0.22222
position  3:    T:0.14815    C:0.25926    A:0.25926    G:0.33333
Average         T:0.23457    C:0.20988    A:0.28395    G:0.27160

#8: Sheep          
position  1:    T:0.22222    C:0.22222    A:0.29630    G:0.25926
position  2:    T:0.33333    C:0.14815    A:0.29630    G:0.22222
position  3:    T:0.14815    C:0.25926    A:0.22222    G:0.37037
Average         T:0.23457    C:0.20988    A:0.27160    G:0.28395

#9: MaxwellsDuiker 
position  1:    T:0.22222    C:0.22222    A:0.29630    G:0.25926
position  2:    T:0.33333    C:0.14815    A:0.29630    G:0.22222
position  3:    T:0.14815    C:0.22222    A:0.25926    G:0.37037
Average         T:0.23457    C:0.19753    A:0.28395    G:0.28395

#10: GazellaPrzewalskyi
position  1:    T:0.22222    C:0.22222    A:0.29630    G:0.25926
position  2:    T:0.33333    C:0.14815    A:0.29630    G:0.22222
position  3:    T:0.14815    C:0.22222    A:0.29630    G:0.33333
Average         T:0.23457    C:0.19753    A:0.29630    G:0.27160

#11: MountainNyala  
position  1:    T:0.18519    C:0.25926    A:0.29630    G:0.25926
position  2:    T:0.33333    C:0.14815    A:0.29630    G:0.22222
position  3:    T:0.18519    C:0.18519    A:0.25926    G:0.37037
Average         T:0.23457    C:0.19753    A:0.28395    G:0.28395

#12: MuntiacusMuntjak
position  1:    T:0.18519    C:0.25926    A:0.29630    G:0.25926
position  2:    T:0.33333    C:0.14815    A:0.29630    G:0.22222
position  3:    T:0.18519    C:0.22222    A:0.22222    G:0.37037
Average         T:0.23457    C:0.20988    A:0.27160    G:0.28395

#13: goat           
position  1:    T:0.22222    C:0.22222    A:0.29630    G:0.25926
position  2:    T:0.33333    C:0.14815    A:0.29630    G:0.22222
position  3:    T:0.14815    C:0.25926    A:0.22222    G:0.37037
Average         T:0.23457    C:0.20988    A:0.27160    G:0.28395

#14: AfricanBuffalo 
position  1:    T:0.18519    C:0.25926    A:0.29630    G:0.25926
position  2:    T:0.33333    C:0.14815    A:0.29630    G:0.22222
position  3:    T:0.14815    C:0.18519    A:0.25926    G:0.40741
Average         T:0.22222    C:0.19753    A:0.28395    G:0.29630

#15: Topi           
position  1:    T:0.22222    C:0.22222    A:0.29630    G:0.25926
position  2:    T:0.33333    C:0.14815    A:0.29630    G:0.22222
position  3:    T:0.14815    C:0.25926    A:0.22222    G:0.37037
Average         T:0.23457    C:0.20988    A:0.27160    G:0.28395

#16: CommonDuiker   
position  1:    T:0.22222    C:0.22222    A:0.29630    G:0.25926
position  2:    T:0.33333    C:0.14815    A:0.29630    G:0.22222
position  3:    T:0.14815    C:0.22222    A:0.25926    G:0.37037
Average         T:0.23457    C:0.19753    A:0.28395    G:0.28395

#17: Suni           
position  1:    T:0.22222    C:0.22222    A:0.29630    G:0.25926
position  2:    T:0.33333    C:0.14815    A:0.29630    G:0.22222
position  3:    T:0.14815    C:0.22222    A:0.25926    G:0.37037
Average         T:0.23457    C:0.19753    A:0.28395    G:0.28395

#18: Springbuck     
position  1:    T:0.22222    C:0.22222    A:0.29630    G:0.25926
position  2:    T:0.33333    C:0.14815    A:0.29630    G:0.22222
position  3:    T:0.14815    C:0.18519    A:0.25926    G:0.40741
Average         T:0.23457    C:0.18519    A:0.28395    G:0.29630

#19: Okapi          
position  1:    T:0.18519    C:0.25926    A:0.29630    G:0.25926
position  2:    T:0.33333    C:0.14815    A:0.29630    G:0.22222
position  3:    T:0.18519    C:0.18519    A:0.25926    G:0.37037
Average         T:0.23457    C:0.19753    A:0.28395    G:0.28395

#20: Giraffe        
position  1:    T:0.18519    C:0.29630    A:0.25926    G:0.25926
position  2:    T:0.33333    C:0.14815    A:0.29630    G:0.22222
position  3:    T:0.18519    C:0.18519    A:0.25926    G:0.37037
Average         T:0.23457    C:0.20988    A:0.27160    G:0.28395

#21: TibetanAntelope
position  1:    T:0.22222    C:0.22222    A:0.29630    G:0.25926
position  2:    T:0.33333    C:0.14815    A:0.29630    G:0.22222
position  3:    T:0.14815    C:0.25926    A:0.22222    G:0.37037
Average         T:0.23457    C:0.20988    A:0.27160    G:0.28395

#22: Sitatunga      
position  1:    T:0.18519    C:0.25926    A:0.29630    G:0.25926
position  2:    T:0.33333    C:0.14815    A:0.29630    G:0.22222
position  3:    T:0.18519    C:0.18519    A:0.25926    G:0.37037
Average         T:0.23457    C:0.19753    A:0.28395    G:0.28395

#23: Oribi          
position  1:    T:0.22222    C:0.22222    A:0.29630    G:0.25926
position  2:    T:0.33333    C:0.14815    A:0.29630    G:0.22222
position  3:    T:0.14815    C:0.18519    A:0.25926    G:0.40741
Average         T:0.23457    C:0.18519    A:0.28395    G:0.29630

#24: BarbarySheep   
position  1:    T:0.22222    C:0.22222    A:0.29630    G:0.25926
position  2:    T:0.33333    C:0.14815    A:0.29630    G:0.22222
position  3:    T:0.14815    C:0.25926    A:0.22222    G:0.37037
Average         T:0.23457    C:0.20988    A:0.27160    G:0.28395

#25: Daviddeer      
position  1:    T:0.18519    C:0.25926    A:0.29630    G:0.25926
position  2:    T:0.33333    C:0.14815    A:0.29630    G:0.22222
position  3:    T:0.14815    C:0.22222    A:0.25926    G:0.37037
Average         T:0.22222    C:0.20988    A:0.28395    G:0.28395

#26: Reindeer       
position  1:    T:0.18519    C:0.25926    A:0.29630    G:0.25926
position  2:    T:0.33333    C:0.14815    A:0.29630    G:0.22222
position  3:    T:0.14815    C:0.22222    A:0.29630    G:0.33333
Average         T:0.22222    C:0.20988    A:0.29630    G:0.27160

#27: Ibex           
position  1:    T:0.22222    C:0.22222    A:0.29630    G:0.25926
position  2:    T:0.33333    C:0.14815    A:0.29630    G:0.22222
position  3:    T:0.14815    C:0.25926    A:0.18519    G:0.40741
Average         T:0.23457    C:0.20988    A:0.25926    G:0.29630

#28: GyrantGazelle  
position  1:    T:0.22222    C:0.22222    A:0.29630    G:0.25926
position  2:    T:0.33333    C:0.14815    A:0.29630    G:0.22222
position  3:    T:0.14815    C:0.18519    A:0.22222    G:0.44444
Average         T:0.23457    C:0.18519    A:0.27160    G:0.30864

#29: Hartebeest     
position  1:    T:0.22222    C:0.22222    A:0.29630    G:0.25926
position  2:    T:0.33333    C:0.14815    A:0.29630    G:0.22222
position  3:    T:0.14815    C:0.25926    A:0.22222    G:0.37037
Average         T:0.23457    C:0.20988    A:0.27160    G:0.28395

#30: Bongo          
position  1:    T:0.18519    C:0.25926    A:0.29630    G:0.25926
position  2:    T:0.33333    C:0.14815    A:0.29630    G:0.22222
position  3:    T:0.22222    C:0.14815    A:0.25926    G:0.37037
Average         T:0.24691    C:0.18519    A:0.28395    G:0.28395

#31: Gerenuk        
position  1:    T:0.22222    C:0.22222    A:0.29630    G:0.25926
position  2:    T:0.33333    C:0.14815    A:0.29630    G:0.22222
position  3:    T:0.14815    C:0.18519    A:0.25926    G:0.40741
Average         T:0.23457    C:0.18519    A:0.28395    G:0.29630

#32: CommonEland    
position  1:    T:0.18519    C:0.25926    A:0.29630    G:0.25926
position  2:    T:0.33333    C:0.14815    A:0.29630    G:0.22222
position  3:    T:0.18519    C:0.18519    A:0.25926    G:0.37037
Average         T:0.23457    C:0.19753    A:0.28395    G:0.28395

#33: MuntiacusReevesi
position  1:    T:0.18519    C:0.25926    A:0.29630    G:0.25926
position  2:    T:0.33333    C:0.14815    A:0.29630    G:0.22222
position  3:    T:0.18519    C:0.22222    A:0.22222    G:0.37037
Average         T:0.23457    C:0.20988    A:0.27160    G:0.28395

#34: HarveysDuiker  
position  1:    T:0.22222    C:0.18519    A:0.33333    G:0.25926
position  2:    T:0.33333    C:0.14815    A:0.29630    G:0.22222
position  3:    T:0.14815    C:0.22222    A:0.25926    G:0.37037
Average         T:0.23457    C:0.18519    A:0.29630    G:0.28395

#35: Pronghorn      
position  1:    T:0.18519    C:0.25926    A:0.29630    G:0.25926
position  2:    T:0.33333    C:0.14815    A:0.29630    G:0.22222
position  3:    T:0.14815    C:0.18519    A:0.25926    G:0.40741
Average         T:0.22222    C:0.19753    A:0.28395    G:0.29630

#36: BlueWildebeest 
position  1:    T:0.22222    C:0.22222    A:0.29630    G:0.25926
position  2:    T:0.33333    C:0.14815    A:0.29630    G:0.22222
position  3:    T:0.14815    C:0.25926    A:0.22222    G:0.37037
Average         T:0.23457    C:0.20988    A:0.27160    G:0.28395

#37: Gemsbok        
position  1:    T:0.22222    C:0.22222    A:0.29630    G:0.25926
position  2:    T:0.33333    C:0.14815    A:0.29630    G:0.22222
position  3:    T:0.14815    C:0.25926    A:0.22222    G:0.37037
Average         T:0.23457    C:0.20988    A:0.27160    G:0.28395

#38: Yak            
position  1:    T:0.18519    C:0.25926    A:0.29630    G:0.25926
position  2:    T:0.29630    C:0.14815    A:0.33333    G:0.22222
position  3:    T:0.14815    C:0.18519    A:0.25926    G:0.40741
Average         T:0.20988    C:0.19753    A:0.29630    G:0.29630

#39: BlueSheep      
position  1:    T:0.22222    C:0.22222    A:0.29630    G:0.25926
position  2:    T:0.33333    C:0.14815    A:0.29630    G:0.22222
position  3:    T:0.14815    C:0.25926    A:0.22222    G:0.37037
Average         T:0.23457    C:0.20988    A:0.27160    G:0.28395

#40: BohorReedbuck  
position  1:    T:0.22222    C:0.22222    A:0.29630    G:0.25926
position  2:    T:0.33333    C:0.14815    A:0.29630    G:0.22222
position  3:    T:0.14815    C:0.25926    A:0.25926    G:0.33333
Average         T:0.23457    C:0.20988    A:0.28395    G:0.27160

#41: KirksDik       
position  1:    T:0.22222    C:0.22222    A:0.29630    G:0.25926
position  2:    T:0.33333    C:0.14815    A:0.29630    G:0.22222
position  3:    T:0.18519    C:0.18519    A:0.22222    G:0.40741
Average         T:0.24691    C:0.18519    A:0.27160    G:0.29630

#42: RoeDeer        
position  1:    T:0.18519    C:0.25926    A:0.29630    G:0.25926
position  2:    T:0.33333    C:0.14815    A:0.29630    G:0.22222
position  3:    T:0.14815    C:0.22222    A:0.25926    G:0.37037
Average         T:0.22222    C:0.20988    A:0.28395    G:0.28395

#43: WhiteLippedDeer
position  1:    T:0.18519    C:0.25926    A:0.29630    G:0.25926
position  2:    T:0.33333    C:0.14815    A:0.29630    G:0.22222
position  3:    T:0.14815    C:0.22222    A:0.25926    G:0.37037
Average         T:0.22222    C:0.20988    A:0.28395    G:0.28395

#44: ThomsonGazelle 
position  1:    T:0.22222    C:0.22222    A:0.29630    G:0.25926
position  2:    T:0.33333    C:0.14815    A:0.29630    G:0.22222
position  3:    T:0.14815    C:0.18519    A:0.25926    G:0.40741
Average         T:0.23457    C:0.18519    A:0.28395    G:0.29630

#45: MuntiacusCrinifrons
position  1:    T:0.18519    C:0.25926    A:0.29630    G:0.25926
position  2:    T:0.33333    C:0.14815    A:0.29630    G:0.22222
position  3:    T:0.18519    C:0.22222    A:0.22222    G:0.37037
Average         T:0.23457    C:0.20988    A:0.27160    G:0.28395

#46: WhiteTailedDeer
position  1:    T:0.18519    C:0.25926    A:0.29630    G:0.25926
position  2:    T:0.33333    C:0.14815    A:0.29630    G:0.22222
position  3:    T:0.14815    C:0.22222    A:0.25926    G:0.37037
Average         T:0.22222    C:0.20988    A:0.28395    G:0.28395

#47: Cattle         
position  1:    T:0.18519    C:0.25926    A:0.29630    G:0.25926
position  2:    T:0.29630    C:0.14815    A:0.33333    G:0.22222
position  3:    T:0.14815    C:0.18519    A:0.25926    G:0.40741
Average         T:0.20988    C:0.19753    A:0.29630    G:0.29630

#48: RoyalAntelope  
position  1:    T:0.22222    C:0.22222    A:0.29630    G:0.25926
position  2:    T:0.29630    C:0.18519    A:0.29630    G:0.22222
position  3:    T:0.14815    C:0.22222    A:0.29630    G:0.33333
Average         T:0.22222    C:0.20988    A:0.29630    G:0.27160

#49: Steenbok       
position  1:    T:0.22222    C:0.22222    A:0.29630    G:0.25926
position  2:    T:0.33333    C:0.14815    A:0.29630    G:0.22222
position  3:    T:0.14815    C:0.18519    A:0.29630    G:0.37037
Average         T:0.23457    C:0.18519    A:0.29630    G:0.28395

#50: Impala         
position  1:    T:0.25926    C:0.18519    A:0.29630    G:0.25926
position  2:    T:0.29630    C:0.18519    A:0.29630    G:0.22222
position  3:    T:0.18519    C:0.22222    A:0.25926    G:0.33333
Average         T:0.24691    C:0.19753    A:0.28395    G:0.27160

#51: Klipspringer   
position  1:    T:0.22222    C:0.22222    A:0.29630    G:0.25926
position  2:    T:0.33333    C:0.14815    A:0.29630    G:0.22222
