CODONML (in paml version 4.10.7, June 2023)  /home/rachel/ruminants_paml/6406-phy-tree/ENSBTAT00000001253.fasta.phy
Model: free dN/dS Ratios for branches,  kappa = 2.000 fixed

Codon frequency model: F3x4
ns =  54  ls = 144

Codon usage in sequences
--------------------------------------------------------------------------------------------------------------------------------------
Phe TTT   3   3   3   3   4   4 | Ser TCT   3   2   3   3   2   2 | Tyr TAT   2   0   2   2   2   2 | Cys TGT   1   0   0   1   1   1
    TTC   3   3   3   3   2   2 |     TCC   4   6   4   4   3   4 |     TAC   1   3   1   1   1   1 |     TGC   2   3   3   2   2   2
Leu TTA   3   4   3   3   4   3 |     TCA   2   1   2   2   4   2 | *** TAA   0   0   0   0   0   0 | *** TGA   0   0   0   0   0   0
    TTG   3   2   3   3   2   3 |     TCG   0   0   0   0   0   1 |     TAG   0   0   0   0   0   0 | Trp TGG   1   1   1   1   1   1
--------------------------------------------------------------------------------------------------------------------------------------
Leu CTT   3   3   3   3   3   3 | Pro CCT   1   1   1   1   0   1 | His CAT   3   4   3   2   4   4 | Arg CGT   1   1   1   1   1   1
    CTC   0   0   0   0   0   0 |     CCC   0   0   0   0   1   0 |     CAC   3   2   3   4   2   2 |     CGC   0   0   0   0   0   0
    CTA   2   2   2   2   2   2 |     CCA   1   1   1   1   1   1 | Gln CAA   0   1   0   0   0   0 |     CGA   1   1   1   1   1   1
    CTG   0   0   0   0   0   0 |     CCG   0   0   0   0   0   0 |     CAG   7   6   7   7   7   7 |     CGG   0   0   1   1   0   0
--------------------------------------------------------------------------------------------------------------------------------------
Ile ATT   6   4   6   6   7   6 | Thr ACT   3   4   3   3   4   4 | Asn AAT   5   4   5   4   4   4 | Ser AGT   2   1   2   2   2   2
    ATC   2   4   2   2   1   2 |     ACC   2   1   3   2   1   1 |     AAC   2   3   2   3   3   3 |     AGC   0   1   0   0   0   0
    ATA   0   0   0   0   0   0 |     ACA   6   4   5   6   5   5 | Lys AAA   4   4   5   5   5   5 | Arg AGA   4   4   4   4   4   5
Met ATG   3   3   3   3   3   3 |     ACG   0   1   0   0   1   1 |     AAG   3   3   2   2   2   2 |     AGG   3   3   2   2   3   2
--------------------------------------------------------------------------------------------------------------------------------------
Val GTT   1   0   0   0   0   0 | Ala GCT   6   5   6   6   6   6 | Asp GAT   3   2   3   3   3   4 | Gly GGT   2   2   2   2   2   3
    GTC   1   1   1   1   1   1 |     GCC   3   4   3   3   3   3 |     GAC   3   4   3   3   3   2 |     GGC   5   4   4   4   6   4
    GTA   1   2   2   1   2   3 |     GCA   5   2   5   5   4   5 | Glu GAA   9   9   9   9   9   9 |     GGA   6   6   6   6   3   5
    GTG   2   2   2   3   2   1 |     GCG   0   4   0   0   1   0 |     GAG   1   1   1   1   1   1 |     GGG   1   2   2   2   3   2
--------------------------------------------------------------------------------------------------------------------------------------

--------------------------------------------------------------------------------------------------------------------------------------
Phe TTT   3   3   3   3   3   3 | Ser TCT   3   3   3   3   3   3 | Tyr TAT   2   2   2   1   2   2 | Cys TGT   1   1   1   1   0   1
    TTC   3   3   3   3   3   3 |     TCC   4   4   4   4   4   4 |     TAC   1   1   1   2   1   1 |     TGC   2   2   2   2   3   2
Leu TTA   3   3   3   3   4   3 |     TCA   2   2   2   2   2   1 | *** TAA   0   0   0   0   0   0 | *** TGA   0   0   0   0   0   0
    TTG   3   3   3   3   2   3 |     TCG   0   0   0   0   0   1 |     TAG   0   0   0   0   0   0 | Trp TGG   1   1   1   1   1   1
--------------------------------------------------------------------------------------------------------------------------------------
Leu CTT   3   3   3   3   3   3 | Pro CCT   1   1   1   1   1   1 | His CAT   3   3   3   3   3   3 | Arg CGT   1   1   1   1   1   1
    CTC   0   0   0   0   0   0 |     CCC   0   0   0   0   0   0 |     CAC   3   3   3   3   3   3 |     CGC   0   0   0   0   0   0
    CTA   2   2   2   2   2   2 |     CCA   1   1   1   1   1   1 | Gln CAA   0   0   0   0   0   0 |     CGA   1   1   1   1   1   1
    CTG   0   0   0   0   0   0 |     CCG   0   0   0   0   0   0 |     CAG   7   7   7   7   7   7 |     CGG   1   0   1   1   1   1
--------------------------------------------------------------------------------------------------------------------------------------
Ile ATT   6   6   6   5   6   6 | Thr ACT   3   3   3   3   3   4 | Asn AAT   5   5   5   5   5   5 | Ser AGT   2   2   2   1   2   2
    ATC   2   2   2   3   2   2 |     ACC   3   2   2   2   2   2 |     AAC   2   2   2   2   2   2 |     AGC   0   0   0   1   0   0
    ATA   0   0   0   0   0   0 |     ACA   5   6   6   6   6   5 | Lys AAA   5   4   5   5   5   5 | Arg AGA   4   4   4   4   4   4
Met ATG   3   3   3   3   3   3 |     ACG   0   0   0   0   0   0 |     AAG   2   3   2   2   2   2 |     AGG   2   3   2   2   2   2
--------------------------------------------------------------------------------------------------------------------------------------
Val GTT   0   1   0   0   0   0 | Ala GCT   6   6   7   6   6   6 | Asp GAT   3   3   3   3   3   3 | Gly GGT   2   2   2   2   2   2
    GTC   1   1   1   1   1   1 |     GCC   3   3   3   3   3   3 |     GAC   3   3   3   3   3   3 |     GGC   5   5   5   5   4   4
    GTA   2   1   2   2   2   2 |     GCA   5   5   4   4   5   5 | Glu GAA   9   9   9   9   9   9 |     GGA   6   6   6   6   6   6
    GTG   2   2   2   2   2   2 |     GCG   0   0   0   1   0   0 |     GAG   1   1   1   1   1   1 |     GGG   1   1   1   1   2   2
--------------------------------------------------------------------------------------------------------------------------------------

--------------------------------------------------------------------------------------------------------------------------------------
Phe TTT   3   3   3   3   3   3 | Ser TCT   3   3   3   3   3   3 | Tyr TAT   2   2   2   2   1   2 | Cys TGT   1   1   1   1   1   0
    TTC   3   3   3   3   3   3 |     TCC   4   4   4   4   4   4 |     TAC   1   1   1   1   2   1 |     TGC   2   2   2   2   2   3
Leu TTA   3   3   3   3   3   3 |     TCA   2   2   1   2   2   2 | *** TAA   0   0   0   0   0   0 | *** TGA   0   0   0   0   0   0
    TTG   3   3   3   3   3   3 |     TCG   0   0   1   0   0   0 |     TAG   0   0   0   0   0   0 | Trp TGG   1   1   1   1   1   1
--------------------------------------------------------------------------------------------------------------------------------------
Leu CTT   3   3   3   3   3   3 | Pro CCT   1   1   1   1   1   1 | His CAT   3   3   3   3   3   3 | Arg CGT   1   1   1   1   1   1
    CTC   0   0   0   0   0   0 |     CCC   0   0   0   0   0   0 |     CAC   3   3   3   3   3   3 |     CGC   0   0   0   0   0   0
    CTA   2   2   2   2   2   2 |     CCA   1   1   1   1   1   1 | Gln CAA   0   0   0   0   0   0 |     CGA   1   1   1   1   1   1
    CTG   0   0   0   0   0   0 |     CCG   0   0   0   0   0   0 |     CAG   7   7   7   7   7   7 |     CGG   0   1   0   1   1   1
--------------------------------------------------------------------------------------------------------------------------------------
Ile ATT   6   6   6   6   6   6 | Thr ACT   3   3   3   3   3   3 | Asn AAT   5   5   5   5   5   5 | Ser AGT   2   1   2   2   2   2
    ATC   2   2   2   2   2   2 |     ACC   2   2   2   2   2   2 |     AAC   2   2   2   2   2   2 |     AGC   0   1   0   0   0   0
    ATA   0   0   0   0   0   0 |     ACA   6   6   6   6   6   6 | Lys AAA   4   5   5   5   5   5 | Arg AGA   4   4   4   4   4   4
Met ATG   3   3   3   3   3   3 |     ACG   0   0   0   0   0   0 |     AAG   3   2   2   2   2   2 |     AGG   3   2   3   2   2   2
--------------------------------------------------------------------------------------------------------------------------------------
Val GTT   1   0   1   0   0   0 | Ala GCT   6   7   6   7   6   6 | Asp GAT   3   3   3   3   3   3 | Gly GGT   2   2   3   2   2   2
    GTC   1   1   1   1   1   1 |     GCC   3   2   3   2   3   3 |     GAC   3   3   3   3   3   3 |     GGC   5   4   4   5   5   5
    GTA   1   2   1   2   2   2 |     GCA   5   5   5   5   5   4 | Glu GAA   9   9   9   9   9   9 |     GGA   6   5   6   6   6   6
    GTG   2   2   2   2   2   2 |     GCG   0   0   0   0   0   1 |     GAG   1   1   1   1   1   1 |     GGG   1   3   1   1   1   1
--------------------------------------------------------------------------------------------------------------------------------------

--------------------------------------------------------------------------------------------------------------------------------------
Phe TTT   3   3   3   3   3   3 | Ser TCT   3   3   3   3   3   3 | Tyr TAT   2   2   2   2   2   2 | Cys TGT   1   1   1   0   1   1
    TTC   3   3   3   3   3   3 |     TCC   4   4   4   4   4   4 |     TAC   1   1   1   1   1   1 |     TGC   2   2   2   3   2   2
Leu TTA   3   3   3   4   3   3 |     TCA   2   2   2   2   2   1 | *** TAA   0   0   0   0   0   0 | *** TGA   0   0   0   0   0   0
    TTG   3   3   3   2   3   3 |     TCG   0   0   0   0   0   1 |     TAG   0   0   0   0   0   0 | Trp TGG   1   1   1   1   1   1
--------------------------------------------------------------------------------------------------------------------------------------
Leu CTT   3   3   3   3   3   3 | Pro CCT   1   1   1   1   1   1 | His CAT   4   4   4   3   3   3 | Arg CGT   1   1   1   1   1   1
    CTC   0   0   0   0   0   0 |     CCC   0   0   0   0   0   0 |     CAC   2   2   2   3   3   3 |     CGC   0   0   0   0   0   0
    CTA   2   2   2   2   2   2 |     CCA   1   1   1   1   1   1 | Gln CAA   0   0   0   0   0   0 |     CGA   1   1   1   1   1   1
    CTG   0   0   0   0   0   0 |     CCG   0   0   0   0   0   0 |     CAG   7   7   7   7   7   7 |     CGG   1   1   0   1   1   0
--------------------------------------------------------------------------------------------------------------------------------------
Ile ATT   6   6   6   6   6   6 | Thr ACT   3   3   3   3   3   3 | Asn AAT   5   5   5   5   5   5 | Ser AGT   2   2   2   2   2   2
    ATC   2   2   2   2   2   2 |     ACC   2   2   2   2   2   2 |     AAC   2   2   2   2   2   2 |     AGC   0   0   0   0   0   0
    ATA   0   0   0   0   0   0 |     ACA   6   6   6   6   6   6 | Lys AAA   5   5   4   5   5   4 | Arg AGA   4   4   4   4   4   4
Met ATG   3   3   3   3   3   3 |     ACG   0   0   0   0   0   0 |     AAG   2   2   3   2   2   3 |     AGG   2   2   3   2   2   3
--------------------------------------------------------------------------------------------------------------------------------------
Val GTT   0   0   1   0   0   1 | Ala GCT   6   7   6   6   6   7 | Asp GAT   3   3   3   3   3   3 | Gly GGT   2   2   2   2   2   2
    GTC   1   1   1   1   1   1 |     GCC   2   1   3   3   3   2 |     GAC   3   3   3   3   3   3 |     GGC   4   5   5   4   5   5
    GTA   3   2   1   2   2   1 |     GCA   5   5   5   5   5   5 | Glu GAA   9   9   9   9   9   9 |     GGA   6   6   6   6   6   6
    GTG   1   2   2   2   2   2 |     GCG   1   1   0   0   0   0 |     GAG   1   1   1   1   1   1 |     GGG   2   1   1   2   1   1
--------------------------------------------------------------------------------------------------------------------------------------

--------------------------------------------------------------------------------------------------------------------------------------
Phe TTT   3   3   3   3   3   3 | Ser TCT   3   3   3   3   3   3 | Tyr TAT   2   2   2   2   2   2 | Cys TGT   1   1   1   0   1   0
    TTC   3   3   3   3   3   3 |     TCC   4   4   4   4   4   4 |     TAC   1   1   1   1   1   1 |     TGC   2   2   2   3   2   3
Leu TTA   3   3   3   3   3   4 |     TCA   1   1   2   2   1   2 | *** TAA   0   0   0   0   0   0 | *** TGA   0   0   0   0   0   0
    TTG   3   3   3   3   3   2 |     TCG   1   1   0   0   1   0 |     TAG   0   0   0   0   0   0 | Trp TGG   1   1   1   1   1   1
--------------------------------------------------------------------------------------------------------------------------------------
Leu CTT   3   3   3   3   3   3 | Pro CCT   1   1   1   1   1   1 | His CAT   3   5   3   4   3   3 | Arg CGT   1   1   1   1   1   1
    CTC   0   0   0   0   0   0 |     CCC   0   0   0   0   0   0 |     CAC   3   1   3   2   3   3 |     CGC   0   0   0   0   0   0
    CTA   2   2   2   2   2   2 |     CCA   1   1   1   1   1   1 | Gln CAA   0   0   0   0   0   0 |     CGA   1   1   1   1   1   1
    CTG   0   0   0   0   0   0 |     CCG   0   0   0   0   0   0 |     CAG   7   7   7   7   7   7 |     CGG   1   1   0   1   0   1
--------------------------------------------------------------------------------------------------------------------------------------
Ile ATT   6   6   6   6   6   6 | Thr ACT   3   3   3   3   3   3 | Asn AAT   5   5   5   4   5   5 | Ser AGT   2   2   1   2   2   2
    ATC   2   2   2   2   2   2 |     ACC   2   2   2   2   2   2 |     AAC   2   2   2   3   2   2 |     AGC   0   0   1   0   0   0
    ATA   0   0   0   0   0   0 |     ACA   6   6   6   5   6   6 | Lys AAA   5   5   4   5   5   5 | Arg AGA   4   4   4   4   4   4
Met ATG   3   3   3   3   3   3 |     ACG   0   0   0   1   0   0 |     AAG   2   2   3   2   2   2 |     AGG   2   2   3   2   3   2
--------------------------------------------------------------------------------------------------------------------------------------
Val GTT   0   0   1   0   1   0 | Ala GCT   6   6   6   6   6   6 | Asp GAT   3   3   3   2   3   3 | Gly GGT   1   2   2   2   3   2
    GTC   1   1   1   1   1   1 |     GCC   3   3   3   3   3   3 |     GAC   3   3   3   4   3   3 |     GGC   4   4   5   5   4   4
    GTA   2   2   1   2   1   2 |     GCA   5   5   5   5   5   5 | Glu GAA   9   9   9   9   9   9 |     GGA   6   5   6   6   6   6
    GTG   2   2   2   2   2   2 |     GCG   0   0   0   0   0   0 |     GAG   1   1   1   1   1   1 |     GGG   3   3   1   1   1   2
--------------------------------------------------------------------------------------------------------------------------------------

--------------------------------------------------------------------------------------------------------------------------------------
Phe TTT   3   3   3   3   3   3 | Ser TCT   3   3   3   3   3   3 | Tyr TAT   2   2   2   2   2   2 | Cys TGT   0   0   1   1   1   1
    TTC   3   3   3   3   3   3 |     TCC   4   4   4   4   4   4 |     TAC   1   1   1   1   1   1 |     TGC   3   3   2   2   2   2
Leu TTA   3   4   3   3   3   3 |     TCA   2   2   1   2   2   2 | *** TAA   0   0   0   0   0   0 | *** TGA   0   0   0   0   0   0
    TTG   3   2   3   3   3   3 |     TCG   0   0   1   0   0   0 |     TAG   0   0   0   0   0   0 | Trp TGG   1   1   1   1   1   1
--------------------------------------------------------------------------------------------------------------------------------------
Leu CTT   3   3   3   3   3   3 | Pro CCT   1   1   1   1   1   1 | His CAT   3   3   3   3   4   3 | Arg CGT   1   1   1   1   1   1
    CTC   0   0   0   0   0   0 |     CCC   0   0   0   0   0   0 |     CAC   3   3   3   3   2   3 |     CGC   0   0   0   0   0   0
    CTA   2   2   2   2   2   2 |     CCA   1   1   1   1   1   1 | Gln CAA   0   0   0   0   0   0 |     CGA   1   1   1   1   1   1
    CTG   0   0   0   0   0   0 |     CCG   0   0   0   0   0   0 |     CAG   7   7   7   7   7   7 |     CGG   1   1   1   1   1   0
--------------------------------------------------------------------------------------------------------------------------------------
Ile ATT   6   6   6   6   5   6 | Thr ACT   3   3   4   3   3   3 | Asn AAT   5   5   5   5   5   5 | Ser AGT   2   2   2   2   2   2
    ATC   2   2   2   2   2   2 |     ACC   2   2   2   2   2   2 |     AAC   2   2   2   2   2   2 |     AGC   0   0   0   0   0   0
    ATA   0   0   0   0   1   0 |     ACA   5   6   5   5   6   6 | Lys AAA   5   5   5   5   5   5 | Arg AGA   4   4   4   4   4   4
Met ATG   3   3   3   3   3   3 |     ACG   1   0   0   1   0   0 |     AAG   2   2   2   2   2   2 |     AGG   2   2   2   2   2   3
--------------------------------------------------------------------------------------------------------------------------------------
Val GTT   0   0   0   0   0   1 | Ala GCT   6   6   6   5   6   6 | Asp GAT   3   3   3   3   3   3 | Gly GGT   2   2   2   2   2   3
    GTC   1   1   1   1   1   1 |     GCC   3   3   3   4   4   3 |     GAC   3   3   3   3   3   3 |     GGC   5   4   4   5   4   4
    GTA   2   2   2   2   2   1 |     GCA   4   5   5   5   3   5 | Glu GAA   9   9   9   9   9   9 |     GGA   6   6   6   6   6   6
    GTG   2   2   2   2   2   2 |     GCG   1   0   0   0   1   0 |     GAG   1   1   1   1   1   1 |     GGG   1   2   2   1   2   1
--------------------------------------------------------------------------------------------------------------------------------------

--------------------------------------------------------------------------------------------------------------------------------------
Phe TTT   3   3   3   3   3   3 | Ser TCT   3   3   3   3   3   3 | Tyr TAT   2   2   2   2   2   1 | Cys TGT   1   1   1   1   1   1
    TTC   3   3   3   3   3   3 |     TCC   4   4   4   4   4   4 |     TAC   1   1   1   1   1   2 |     TGC   2   2   2   2   2   2
Leu TTA   3   3   3   3   3   3 |     TCA   2   2   2   2   2   1 | *** TAA   0   0   0   0   0   0 | *** TGA   0   0   0   0   0   0
    TTG   3   3   3   3   3   3 |     TCG   0   0   0   0   0   1 |     TAG   0   0   0   0   0   0 | Trp TGG   1   1   1   1   1   1
--------------------------------------------------------------------------------------------------------------------------------------
Leu CTT   3   3   3   3   3   3 | Pro CCT   2   1   1   1   1   1 | His CAT   3   3   3   4   3   3 | Arg CGT   1   1   1   1   1   0
    CTC   0   0   0   0   0   1 |     CCC   0   0   0   0   0   0 |     CAC   3   3   3   2   3   3 |     CGC   0   0   0   0   0   1
    CTA   2   2   2   2   2   1 |     CCA   0   1   1   1   1   1 | Gln CAA   0   0   0   0   1   0 |     CGA   1   1   1   1   1   1
    CTG   0   0   0   0   0   0 |     CCG   0   0   0   0   0   0 |     CAG   7   7   7   7   6   7 |     CGG   0   1   0   1   1   1
--------------------------------------------------------------------------------------------------------------------------------------
Ile ATT   6   6   6   6   6   6 | Thr ACT   3   3   3   3   3   3 | Asn AAT   4   4   4   5   5   5 | Ser AGT   3   1   2   2   2   2
    ATC   2   2   2   2   2   2 |     ACC   2   2   2   3   2   2 |     AAC   2   3   3   2   2   2 |     AGC   0   1   0   0   0   0
    ATA   0   0   0   0   0   0 |     ACA   6   6   6   5   6   5 | Lys AAA   5   5   4   5   5   5 | Arg AGA   4   4   4   4   4   4
Met ATG   3   3   3   3   3   3 |     ACG   0   0   0   0   0   1 |     AAG   2   2   3   2   2   2 |     AGG   3   2   3   2   2   2
--------------------------------------------------------------------------------------------------------------------------------------
Val GTT   1   0   1   0   0   0 | Ala GCT   6   6   6   6   7   6 | Asp GAT   3   3   3   3   3   3 | Gly GGT   2   2   2   2   2   2
    GTC   1   1   1   1   1   1 |     GCC   3   3   3   3   2   3 |     GAC   3   3   3   3   3   3 |     GGC   5   5   5   5   5   4
    GTA   1   2   1   2   2   2 |     GCA   5   5   5   5   5   5 | Glu GAA   9   9   9   9   9   9 |     GGA   6   5   6   6   6   5
    GTG   2   2   2   2   2   2 |     GCG   0   0   0   0   0   0 |     GAG   1   1   1   1   1   1 |     GGG   1   2   1   1   1   3
--------------------------------------------------------------------------------------------------------------------------------------

--------------------------------------------------------------------------------------------------------------------------------------
Phe TTT   3   3   3   3   3   3 | Ser TCT   3   3   3   3   3   2 | Tyr TAT   2   2   2   2   2   2 | Cys TGT   1   0   1   1   1   1
    TTC   3   3   3   3   3   3 |     TCC   4   4   4   4   4   5 |     TAC   1   1   1   1   1   1 |     TGC   2   3   2   2   2   2
Leu TTA   2   3   3   3   3   3 |     TCA   1   2   1   1   2   2 | *** TAA   0   0   0   0   0   0 | *** TGA   0   0   0   0   0   0
    TTG   4   3   3   3   3   3 |     TCG   1   0   1   1   0   0 |     TAG   0   0   0   0   0   0 | Trp TGG   1   1   1   1   1   1
--------------------------------------------------------------------------------------------------------------------------------------
Leu CTT   3   3   3   3   3   3 | Pro CCT   1   1   1   1   1   1 | His CAT   3   4   3   5   3   3 | Arg CGT   1   1   1   1   1   1
    CTC   0   0   0   0   0   0 |     CCC   0   0   0   0   0   0 |     CAC   3   2   3   1   3   3 |     CGC   0   0   0   0   0   0
    CTA   2   2   2   2   2   2 |     CCA   1   1   1   1   1   1 | Gln CAA   0   0   0   0   0   0 |     CGA   1   1   1   1   1   1
    CTG   0   0   0   0   0   0 |     CCG   0   0   0   0   0   0 |     CAG   7   7   7   7   7   7 |     CGG   1   1   1   1   1   1
--------------------------------------------------------------------------------------------------------------------------------------
Ile ATT   6   6   6   6   6   6 | Thr ACT   3   3   4   3   3   2 | Asn AAT   5   4   5   5   4   5 | Ser AGT   2   2   2   2   1   2
    ATC   2   2   2   2   2   2 |     ACC   2   2   2   2   2   3 |     AAC   2   3   2   2   3   2 |     AGC   0   0   0   0   1   0
    ATA   0   0   0   0   0   0 |     ACA   6   5   5   6   6   6 | Lys AAA   5   5   5   5   5   5 | Arg AGA   4   4   4   4   4   4
Met ATG   3   3   3   3   3   3 |     ACG   0   1   0   0   0   0 |     AAG   2   2   2   2   2   2 |     AGG   2   2   2   2   2   2
--------------------------------------------------------------------------------------------------------------------------------------
Val GTT   0   0   0   0   0   0 | Ala GCT   6   6   6   6   6   6 | Asp GAT   3   2   3   3   3   3 | Gly GGT   2   2   2   2   2   2
    GTC   1   1   1   1   1   1 |     GCC   3   3   3   3   3   3 |     GAC   3   4   3   3   3   3 |     GGC   4   5   4   4   5   5
    GTA   2   2   2   2   2   2 |     GCA   5   5   5   5   5   5 | Glu GAA   9   9   9   9   9   9 |     GGA   6   6   6   5   5   6
    GTG   2   2   2   2   2   2 |     GCG   0   0   0   0   0   0 |     GAG   1   1   1   1   1   1 |     GGG   2   1   2   3   2   1
--------------------------------------------------------------------------------------------------------------------------------------

--------------------------------------------------------------------------------------------------------------------------------------
Phe TTT   3   3   3   3   3   3 | Ser TCT   3   3   3   3   3   3 | Tyr TAT   1   2   2   2   2   2 | Cys TGT   1   1   1   1   0   0
    TTC   3   3   3   3   3   3 |     TCC   4   4   4   4   4   4 |     TAC   2   1   1   1   1   1 |     TGC   2   2   2   2   3   3
Leu TTA   3   3   3   3   3   4 |     TCA   2   1   2   2   2   2 | *** TAA   0   0   0   0   0   0 | *** TGA   0   0   0   0   0   0
    TTG   3   3   3   3   3   2 |     TCG   0   1   0   0   0   0 |     TAG   0   0   0   0   0   0 | Trp TGG   1   1   1   1   1   1
--------------------------------------------------------------------------------------------------------------------------------------
Leu CTT   3   3   3   3   3   3 | Pro CCT   1   1   1   1   1   1 | His CAT   3   4   3   2   3   3 | Arg CGT   1   1   1   1   1   1
    CTC   0   0   0   0   0   0 |     CCC   0   0   0   0   0   0 |     CAC   3   2   3   4   3   3 |     CGC   0   0   0   0   0   0
    CTA   2   2   2   2   2   2 |     CCA   1   1   1   1   1   1 | Gln CAA   0   0   0   0   1   0 |     CGA   1   1   1   1   1   1
    CTG   0   0   0   0   0   0 |     CCG   0   0   0   0   0   0 |     CAG   7   7   7   7   6   7 |     CGG   1   1   1   1   1   1
--------------------------------------------------------------------------------------------------------------------------------------
Ile ATT   7   6   6   6   6   6 | Thr ACT   3   3   3   3   3   3 | Asn AAT   5   5   5   4   5   5 | Ser AGT   2   2   2   2   2   2
    ATC   1   2   2   2   2   2 |     ACC   2   2   2   2   2   2 |     AAC   2   2   2   3   2   2 |     AGC   0   0   0   0   0   0
    ATA   0   0   0   0   0   0 |     ACA   6   6   6   6   6   6 | Lys AAA   5   5   5   5   5   5 | Arg AGA   4   4   4   4   4   4
Met ATG   3   3   3   3   3   3 |     ACG   0   0   0   0   0   0 |     AAG   2   2   2   2   2   2 |     AGG   2   2   2   2   2   2
--------------------------------------------------------------------------------------------------------------------------------------
Val GTT   0   0   0   0   0   0 | Ala GCT   6   6   6   6   6   6 | Asp GAT   3   3   3   3   3   3 | Gly GGT   2   2   3   2   2   2
    GTC   1   1   1   1   1   1 |     GCC   3   3   3   3   3   3 |     GAC   3   3   3   3   3   3 |     GGC   5   5   4   4   4   4
    GTA   2   2   2   1   2   2 |     GCA   5   5   5   5   5   5 | Glu GAA   9   9   9   9   9   9 |     GGA   6   6   6   6   6   6
    GTG   2   2   2   3   2   2 |     GCG   0   0   0   0   0   0 |     GAG   1   1   1   1   1   1 |     GGG   1   1   1   2   2   2
--------------------------------------------------------------------------------------------------------------------------------------

Codon position x base (3x4) table for each sequence.

#1: Argali         
position  1:    T:0.19444    C:0.15278    A:0.31250    G:0.34028
position  2:    T:0.22917    C:0.25000    A:0.31944    G:0.20139
position  3:    T:0.31250    C:0.21528    A:0.30556    G:0.16667
Average         T:0.24537    C:0.20602    A:0.31250    G:0.23611

#2: LesserMouseDeer
position  1:    T:0.19444    C:0.15278    A:0.30556    G:0.34722
position  2:    T:0.22917    C:0.25000    A:0.31944    G:0.20139
position  3:    T:0.25000    C:0.27083    A:0.28472    G:0.19444
Average         T:0.22454    C:0.22454    A:0.30324    G:0.24769

#3: LesserKudu     
position  1:    T:0.19444    C:0.15972    A:0.30556    G:0.34028
position  2:    T:0.22917    C:0.25000    A:0.31944    G:0.20139
position  3:    T:0.29861    C:0.22222    A:0.31250    G:0.16667
Average         T:0.24074    C:0.21065    A:0.31250    G:0.23611

#4: ForestMuskDeer2
position  1:    T:0.19444    C:0.15972    A:0.30556    G:0.34028
position  2:    T:0.22917    C:0.25000    A:0.31944    G:0.20139
position  3:    T:0.29167    C:0.22222    A:0.31250    G:0.17361
Average         T:0.23843    C:0.21065    A:0.31250    G:0.23843

#5: Camel          
position  1:    T:0.19444    C:0.15278    A:0.31250    G:0.34028
position  2:    T:0.22917    C:0.25000    A:0.31944    G:0.20139
position  3:    T:0.31250    C:0.20139    A:0.30556    G:0.18056
Average         T:0.24537    C:0.20139    A:0.31250    G:0.24074

#6: KillerWhale    
position  1:    T:0.19444    C:0.15278    A:0.31250    G:0.34028
position  2:    T:0.22917    C:0.25000    A:0.31944    G:0.20139
position  3:    T:0.32639    C:0.18750    A:0.31944    G:0.16667
Average         T:0.25000    C:0.19676    A:0.31713    G:0.23611

#7: DefassaWaterbuck
position  1:    T:0.19444    C:0.15972    A:0.30556    G:0.34028
position  2:    T:0.22917    C:0.25000    A:0.31944    G:0.20139
position  3:    T:0.30556    C:0.22222    A:0.31250    G:0.15972
Average         T:0.24306    C:0.21065    A:0.31250    G:0.23380

#8: Sheep          
position  1:    T:0.19444    C:0.15278    A:0.31250    G:0.34028
position  2:    T:0.22917    C:0.25000    A:0.31944    G:0.20139
position  3:    T:0.31250    C:0.21528    A:0.30556    G:0.16667
Average         T:0.24537    C:0.20602    A:0.31250    G:0.23611

#9: MaxwellsDuiker 
position  1:    T:0.19444    C:0.15972    A:0.30556    G:0.34028
position  2:    T:0.22917    C:0.25000    A:0.31944    G:0.20139
position  3:    T:0.31250    C:0.21528    A:0.31250    G:0.15972
Average         T:0.24537    C:0.20833    A:0.31250    G:0.23380

#10: GazellaPrzewalskyi
position  1:    T:0.19444    C:0.15972    A:0.30556    G:0.34028
position  2:    T:0.22917    C:0.25000    A:0.31944    G:0.20139
position  3:    T:0.28472    C:0.23611    A:0.31250    G:0.16667
Average         T:0.23611    C:0.21528    A:0.31250    G:0.23611

#11: MountainNyala  
position  1:    T:0.19444    C:0.15972    A:0.30556    G:0.34028
position  2:    T:0.22917    C:0.25000    A:0.31944    G:0.20139
position  3:    T:0.29861    C:0.21528    A:0.32639    G:0.15972
Average         T:0.24074    C:0.20833    A:0.31713    G:0.23380

#12: MuntiacusMuntjak
position  1:    T:0.19444    C:0.15972    A:0.30556    G:0.34028
position  2:    T:0.22917    C:0.25000    A:0.31944    G:0.20139
position  3:    T:0.31250    C:0.20833    A:0.30556    G:0.17361
Average         T:0.24537    C:0.20602    A:0.31019    G:0.23843

#13: goat           
position  1:    T:0.19444    C:0.15278    A:0.31250    G:0.34028
position  2:    T:0.22917    C:0.25000    A:0.31944    G:0.20139
position  3:    T:0.31250    C:0.21528    A:0.30556    G:0.16667
Average         T:0.24537    C:0.20602    A:0.31250    G:0.23611

#14: AfricanBuffalo 
position  1:    T:0.19444    C:0.15972    A:0.30556    G:0.34028
position  2:    T:0.22917    C:0.25000    A:0.31944    G:0.20139
position  3:    T:0.30556    C:0.20833    A:0.31250    G:0.17361
Average         T:0.24306    C:0.20602    A:0.31250    G:0.23843

#15: Topi           
position  1:    T:0.19444    C:0.15278    A:0.31250    G:0.34028
position  2:    T:0.22917    C:0.25000    A:0.31944    G:0.20139
position  3:    T:0.31944    C:0.20833    A:0.30556    G:0.16667
Average         T:0.24769    C:0.20370    A:0.31250    G:0.23611

#16: CommonDuiker   
position  1:    T:0.19444    C:0.15972    A:0.30556    G:0.34028
position  2:    T:0.22917    C:0.25000    A:0.31944    G:0.20139
position  3:    T:0.31250    C:0.20833    A:0.31944    G:0.15972
Average         T:0.24537    C:0.20602    A:0.31481    G:0.23380

#17: Suni           
position  1:    T:0.19444    C:0.15972    A:0.30556    G:0.34028
position  2:    T:0.22917    C:0.25000    A:0.31944    G:0.20139
position  3:    T:0.29861    C:0.22222    A:0.31944    G:0.15972
Average         T:0.24074    C:0.21065    A:0.31481    G:0.23380

#18: Springbuck     
position  1:    T:0.19444    C:0.15972    A:0.30556    G:0.34028
position  2:    T:0.22917    C:0.25000    A:0.31944    G:0.20139
position  3:    T:0.29861    C:0.22222    A:0.31250    G:0.16667
Average         T:0.24074    C:0.21065    A:0.31250    G:0.23611

#19: Okapi          
position  1:    T:0.19444    C:0.15972    A:0.30556    G:0.34028
position  2:    T:0.22917    C:0.25000    A:0.31944    G:0.20139
position  3:    T:0.31250    C:0.19444    A:0.32639    G:0.16667
Average         T:0.24537    C:0.20139    A:0.31713    G:0.23611

#20: Giraffe        
position  1:    T:0.19444    C:0.15972    A:0.30556    G:0.34028
position  2:    T:0.22917    C:0.25000    A:0.31944    G:0.20139
position  3:    T:0.31944    C:0.19444    A:0.31944    G:0.16667
Average         T:0.24769    C:0.20139    A:0.31481    G:0.23611

#21: TibetanAntelope
position  1:    T:0.19444    C:0.15278    A:0.31250    G:0.34028
position  2:    T:0.22917    C:0.25000    A:0.31944    G:0.20139
position  3:    T:0.31944    C:0.20833    A:0.30556    G:0.16667
Average         T:0.24769    C:0.20370    A:0.31250    G:0.23611

#22: Sitatunga      
position  1:    T:0.19444    C:0.15972    A:0.30556    G:0.34028
position  2:    T:0.22917    C:0.25000    A:0.31944    G:0.20139
position  3:    T:0.29861    C:0.21528    A:0.32639    G:0.15972
Average         T:0.24074    C:0.20833    A:0.31713    G:0.23380

#23: Oribi          
position  1:    T:0.19444    C:0.15972    A:0.30556    G:0.34028
position  2:    T:0.22917    C:0.25000    A:0.31944    G:0.20139
position  3:    T:0.30556    C:0.21528    A:0.31944    G:0.15972
Average         T:0.24306    C:0.20833    A:0.31481    G:0.23380

#24: BarbarySheep   
position  1:    T:0.19444    C:0.15278    A:0.31250    G:0.34028
position  2:    T:0.22917    C:0.25000    A:0.31944    G:0.20139
position  3:    T:0.31944    C:0.20833    A:0.29861    G:0.17361
Average         T:0.24769    C:0.20370    A:0.31019    G:0.23843

#25: Daviddeer      
position  1:    T:0.19444    C:0.15972    A:0.30556    G:0.34028
position  2:    T:0.22917    C:0.25000    A:0.31944    G:0.20139
position  3:    T:0.29861    C:0.20833    A:0.31250    G:0.18056
Average         T:0.24074    C:0.20602    A:0.31250    G:0.24074

#26: Reindeer       
position  1:    T:0.19444    C:0.15972    A:0.30556    G:0.34028
position  2:    T:0.22917    C:0.25000    A:0.31944    G:0.20139
position  3:    T:0.31944    C:0.19444    A:0.30556    G:0.18056
Average         T:0.24769    C:0.20139    A:0.31019    G:0.24074

#27: Ibex           
position  1:    T:0.19444    C:0.15278    A:0.31250    G:0.34028
position  2:    T:0.22917    C:0.25000    A:0.31944    G:0.20139
position  3:    T:0.30556    C:0.22222    A:0.30556    G:0.16667
Average         T:0.24306    C:0.20833    A:0.31250    G:0.23611

#28: GyrantGazelle  
position  1:    T:0.19444    C:0.15972    A:0.30556    G:0.34028
position  2:    T:0.22917    C:0.25000    A:0.31944    G:0.20139
position  3:    T:0.29167    C:0.22917    A:0.31250    G:0.16667
Average         T:0.23843    C:0.21296    A:0.31250    G:0.23611

#29: Hartebeest     
position  1:    T:0.19444    C:0.15278    A:0.31250    G:0.34028
position  2:    T:0.22917    C:0.25000    A:0.31944    G:0.20139
position  3:    T:0.31944    C:0.20833    A:0.30556    G:0.16667
Average         T:0.24769    C:0.20370    A:0.31250    G:0.23611

#30: Bongo          
position  1:    T:0.19444    C:0.15972    A:0.30556    G:0.34028
position  2:    T:0.22917    C:0.25000    A:0.31944    G:0.20139
position  3:    T:0.29861    C:0.21528    A:0.32639    G:0.15972
Average         T:0.24074    C:0.20833    A:0.31713    G:0.23380

#31: Gerenuk        
position  1:    T:0.19444    C:0.15972    A:0.30556    G:0.34028
position  2:    T:0.22917    C:0.25000    A:0.31944    G:0.20139
position  3:    T:0.29861    C:0.22222    A:0.30556    G:0.17361
Average         T:0.24074    C:0.21065    A:0.31019    G:0.23843

#32: CommonEland    
position  1:    T:0.19444    C:0.15972    A:0.30556    G:0.34028
position  2:    T:0.22917    C:0.25000    A:0.31944    G:0.20139
position  3:    T:0.29861    C:0.21528    A:0.32639    G:0.15972
Average         T:0.24074    C:0.20833    A:0.31713    G:0.23380

#33: MuntiacusReevesi
position  1:    T:0.19444    C:0.15972    A:0.30556    G:0.34028
position  2:    T:0.22917    C:0.25000    A:0.31944    G:0.20139
position  3:    T:0.31250    C:0.20833    A:0.30556    G:0.17361
Average         T:0.24537    C:0.20602    A:0.31019    G:0.23843

#34: HarveysDuiker  
position  1:    T:0.19444    C:0.15972    A:0.30556    G:0.34028
position  2:    T:0.22917    C:0.25000    A:0.31944    G:0.20139
position  3:    T:0.29861    C:0.22222    A:0.31250    G:0.16667
Average         T:0.24074    C:0.21065    A:0.31250    G:0.23611

#35: Pronghorn      
position  1:    T:0.19444    C:0.15972    A:0.30556    G:0.34028
position  2:    T:0.22917    C:0.25000    A:0.31944    G:0.20139
position  3:    T:0.30556    C:0.20833    A:0.31250    G:0.17361
Average         T:0.24306    C:0.20602    A:0.31250    G:0.23843

#36: BlueWildebeest 
position  1:    T:0.19444    C:0.15278    A:0.31250    G:0.34028
position  2:    T:0.22917    C:0.25000    A:0.31944    G:0.20139
position  3:    T:0.31944    C:0.20833    A:0.31250    G:0.15972
Average         T:0.24769    C:0.20370    A:0.31481    G:0.23380

#37: Gemsbok        
position  1:    T:0.19444    C:0.15278    A:0.31250    G:0.34028
position  2:    T:0.22917    C:0.25000    A:0.31250    G:0.20833
position  3:    T:0.31944    C:0.21528    A:0.30556    G:0.15972
Average         T:0.24769    C:0.20602    A:0.31019    G:0.23611

#38: Yak            
position  1:    T:0.19444    C:0.15972    A:0.30556    G:0.34028
position  2:    T:0.22917    C:0.25000    A:0.31944    G:0.20139
position  3:    T:0.29167    C:0.22917    A:0.31250    G:0.16667
Average         T:0.23843    C:0.21296    A:0.31250    G:0.23611

#39: BlueSheep      
position  1:    T:0.19444    C:0.15278    A:0.31250    G:0.34028
position  2:    T:0.22917    C:0.25000    A:0.31944    G:0.20139
position  3:    T:0.30556    C:0.22222    A:0.30556    G:0.16667
Average         T:0.24306    C:0.20833    A:0.31250    G:0.23611

#40: BohorReedbuck  
position  1:    T:0.19444    C:0.15972    A:0.30556    G:0.34028
position  2:    T:0.22917    C:0.25000    A:0.31944    G:0.20139
position  3:    T:0.31250    C:0.21528    A:0.31250    G:0.15972
Average         T:0.24537    C:0.20833    A:0.31250    G:0.23380

#41: KirksDik       
position  1:    T:0.19444    C:0.15972    A:0.30556    G:0.34028
position  2:    T:0.22917    C:0.25000    A:0.31944    G:0.20139
position  3:    T:0.31250    C:0.20833    A:0.32639    G:0.15278
Average         T:0.24537    C:0.20602    A:0.31713    G:0.23148

#42: RoeDeer        
position  1:    T:0.19444    C:0.15972    A:0.30556    G:0.34028
position  2:    T:0.22917    C:0.25000    A:0.31944    G:0.20139
position  3:    T:0.29167    C:0.22917    A:0.29167    G:0.18750
Average         T:0.23843    C:0.21296    A:0.30556    G:0.24306

#43: WhiteLippedDeer
position  1:    T:0.19444    C:0.15972    A:0.30556    G:0.34028
position  2:    T:0.22917    C:0.25000    A:0.31944    G:0.20139
position  3:    T:0.30556    C:0.20833    A:0.30556    G:0.18056
Average         T:0.24306    C:0.20602    A:0.31019    G:0.24074

#44: ThomsonGazelle 
position  1:    T:0.19444    C:0.15972    A:0.30556    G:0.34028
position  2:    T:0.22917    C:0.25000    A:0.31944    G:0.20139
position  3:    T:0.29167    C:0.22917    A:0.31250    G:0.16667
Average         T:0.23843    C:0.21296    A:0.31250    G:0.23611

#45: MuntiacusCrinifrons
position  1:    T:0.19444    C:0.15972    A:0.30556    G:0.34028
position  2:    T:0.22917    C:0.25000    A:0.31944    G:0.20139
position  3:    T:0.31250    C:0.20833    A:0.30556    G:0.17361
Average         T:0.24537    C:0.20602    A:0.31019    G:0.23843

#46: WhiteTailedDeer
position  1:    T:0.19444    C:0.15972    A:0.30556    G:0.34028
position  2:    T:0.22917    C:0.25000    A:0.31944    G:0.20139
position  3:    T:0.31944    C:0.19444    A:0.30556    G:0.18056
Average         T:0.24769    C:0.20139    A:0.31019    G:0.24074

#47: Cattle         
position  1:    T:0.19444    C:0.15972    A:0.30556    G:0.34028
position  2:    T:0.22917    C:0.25000    A:0.31944    G:0.20139
position  3:    T:0.29167    C:0.22917    A:0.31250    G:0.16667
Average         T:0.23843    C:0.21296    A:0.31250    G:0.23611

#48: RoyalAntelope  
position  1:    T:0.19444    C:0.15972    A:0.30556    G:0.34028
position  2:    T:0.22917    C:0.25000    A:0.31944    G:0.20139
position  3:    T:0.29167    C:0.22917    A:0.31944    G:0.15972
Average         T:0.23843    C:0.21296    A:0.31481    G:0.23380

#49: Steenbok       
position  1:    T:0.19444    C:0.15972    A:0.30556    G:0.34028
position  2:    T:0.22917    C:0.25000    A:0.31944    G:0.20139
position  3:    T:0.30556    C:0.21528    A:0.31944    G:0.15972
Average         T:0.24306    C:0.20833    A:0.31481    G:0.23380

#50: Impala         
position  1:    T:0.19444    C:0.15972    A:0.30556    G:0.34028
position  2:    T:0.22917    C:0.25000    A:0.31944    G:0.20139
position  3:    T:0.31250    C:0.20833    A:0.31250    G:0.16667
Average         T:0.24537    C:0.20602    A:0.31250    G:0.23611

#51: Klipspringer   
position  1:    T:0.19444    C:0.15972    A:0.30556    G:0.34028
position  2:    T:0.22917    C:0.25000    A:0.31944    G:0.20139
