1
52 1
Argali 0.000000 0.276000 0.067100 0.192200 0.093500 0.000000 0.075300 0.066300 0.066600 0.093700 0.032500 0.075300 0.049500 0.093100 0.066300 0.075000 0.075400 0.076200 0.040700 0.075600 0.057800 0.040900 0.075300 0.084600 0.032500 0.094400 0.057800 0.093400 0.074600 0.093500 0.075300 0.112300 0.076700 0.066500 0.041000 0.075300 0.041100 0.084200 0.057600 0.103100 0.066300 0.075000 0.093700 0.066800 0.066700 0.083900 0.075400 0.085000 0.084400 0.093700 0.075500 0.075600
LesserMous 0.276000 0.000000 0.302800 0.242800 0.267300 0.276000 0.312100 0.300300 0.301900 0.314100 0.276600 0.338800 0.277800 0.337000 0.253500 0.313000 0.288000 0.290800 0.311100 0.290400 0.312800 0.313400 0.288100 0.302100 0.289900 0.370000 0.288300 0.314200 0.310200 0.316200 0.288200 0.391700 0.292200 0.276800 0.289100 0.287400 0.289000 0.254800 0.310600 0.325500 0.275400 0.337200 0.314100 0.277500 0.326300 0.277200 0.312600 0.278800 0.326800 0.290300 0.314800 0.290400
LesserKudu 0.067100 0.302800 0.000000 0.162000 0.085300 0.067100 0.058400 0.049600 0.016000 0.049900 0.058500 0.049600 0.024500 0.058300 0.049500 0.075700 0.076100 0.059100 0.066900 0.024300 0.067000 0.076100 0.049700 0.058600 0.067400 0.076800 0.049700 0.040800 0.075300 0.041000 0.067000 0.094900 0.068200 0.058400 0.040100 0.041100 0.076700 0.085200 0.038800 0.067600 0.049600 0.075600 0.049900 0.067500 0.049800 0.067000 0.076100 0.050200 0.076000 0.049900 0.023900 0.024300
KillerWhal 0.192200 0.242800 0.162000 0.000000 0.182400 0.192200 0.202600 0.171000 0.161000 0.141300 0.151000 0.160600 0.161800 0.202100 0.130900 0.139400 0.202700 0.183200 0.191300 0.171700 0.181300 0.203500 0.140700 0.151500 0.182600 0.201500 0.171200 0.171300 0.180100 0.172100 0.160600 0.225900 0.152600 0.161300 0.141700 0.160400 0.161800 0.192800 0.159900 0.171500 0.150500 0.202100 0.141300 0.172100 0.171500 0.171400 0.181600 0.152300 0.170200 0.141300 0.151300 0.171700
DefassaWat 0.093500 0.267300 0.085300 0.182400 0.000000 0.093500 0.102800 0.093500 0.084700 0.103400 0.075700 0.102500 0.076000 0.121400 0.058100 0.121300 0.102900 0.103600 0.102300 0.094000 0.084300 0.102800 0.084500 0.094200 0.094000 0.143000 0.102700 0.093400 0.102000 0.113100 0.102800 0.161900 0.124000 0.093700 0.084900 0.102700 0.103700 0.007900 0.102100 0.132300 0.093500 0.121000 0.103400 0.094200 0.112300 0.093600 0.121700 0.094900 0.112300 0.067300 0.093900 0.094000
Sheep 0.000000 0.276000 0.067100 0.192200 0.093500 0.000000 0.075300 0.066300 0.066600 0.093700 0.032100 0.075300 0.049500 0.093100 0.066300 0.075000 0.075400 0.076200 0.040700 0.075600 0.057800 0.040900 0.075300 0.084600 0.032500 0.094400 0.057800 0.093400 0.074600 0.093900 0.075300 0.112700 0.076700 0.066500 0.041000 0.075300 0.041100 0.084200 0.057600 0.103100 0.066300 0.075000 0.093700 0.066800 0.066700 0.083900 0.075400 0.085000 0.084400 0.093700 0.075500 0.075600
MaxwellsDu 0.075300 0.312100 0.058400 0.202600 0.102800 0.075300 0.000000 0.057700 0.057900 0.084600 0.075500 0.084100 0.041000 0.032400 0.075000 0.083900 0.084400 0.067300 0.075100 0.066800 0.066400 0.075400 0.084300 0.093800 0.075700 0.103600 0.066500 0.084300 0.083400 0.084800 0.102400 0.067000 0.094900 0.075300 0.049500 0.066500 0.085000 0.093300 0.032300 0.093900 0.075200 0.083800 0.084600 0.075700 0.075500 0.093000 0.084300 0.076000 0.093300 0.084600 0.066700 0.066800
GazellaPrz 0.066300 0.300300 0.049600 0.171000 0.093500 0.066300 0.057700 0.000000 0.049200 0.058100 0.066600 0.075100 0.041000 0.057600 0.066100 0.040600 0.075300 0.076100 0.075000 0.058000 0.057600 0.075300 0.040800 0.049500 0.066700 0.094100 0.066400 0.075300 0.039400 0.075700 0.057800 0.093700 0.076500 0.075200 0.040900 0.057700 0.058300 0.084200 0.040500 0.066900 0.031800 0.057400 0.058100 0.048400 0.066500 0.066200 0.057700 0.067100 0.066400 0.075600 0.040900 0.058000
MountainNy 0.066600 0.301900 0.016000 0.161000 0.084700 0.066600 0.057900 0.049200 0.000000 0.049500 0.058000 0.049200 0.024300 0.057800 0.049100 0.075000 0.075600 0.058600 0.066400 0.007800 0.065900 0.075600 0.049300 0.058200 0.066900 0.076200 0.049300 0.024000 0.074700 0.023500 0.066600 0.094100 0.067700 0.057900 0.038900 0.040800 0.076100 0.084600 0.040600 0.067100 0.049200 0.075100 0.049500 0.067000 0.049400 0.066500 0.075300 0.046500 0.075500 0.049500 0.007900 0.007800
MuntiacusM 0.093700 0.314100 0.049900 0.141300 0.103400 0.093700 0.084600 0.058100 0.049500 0.000000 0.058100 0.066600 0.049800 0.084500 0.075400 0.084400 0.103100 0.085700 0.075400 0.058300 0.084400 0.103100 0.016100 0.041200 0.094200 0.104100 0.075600 0.075700 0.101900 0.058400 0.015700 0.122600 0.076900 0.084700 0.049700 0.049200 0.067400 0.112600 0.066400 0.058500 0.024300 0.084300 0.000000 0.058400 0.075800 0.075600 0.066900 0.058700 0.075800 0.067100 0.041100 0.058300
goat 0.032500 0.276600 0.058500 0.151000 0.075700 0.032100 0.075500 0.066600 0.058000 0.058100 0.000000 0.057900 0.049600 0.093400 0.066500 0.075300 0.075600 0.076500 0.040800 0.066900 0.038900 0.041000 0.040400 0.049500 0.031200 0.094700 0.058000 0.084500 0.074900 0.067000 0.057800 0.113100 0.059000 0.066800 0.041100 0.057900 0.024400 0.084500 0.057700 0.085000 0.049200 0.075200 0.058100 0.049600 0.066900 0.084200 0.058000 0.067300 0.066700 0.075800 0.066800 0.066900
AfricanBuf 0.075300 0.338800 0.049600 0.160600 0.102500 0.075300 0.084100 0.075100 0.049200 0.066600 0.057900 0.000000 0.049500 0.084000 0.057500 0.083900 0.084400 0.085200 0.075100 0.057900 0.049100 0.084400 0.066300 0.075500 0.075700 0.076000 0.057800 0.066400 0.083400 0.066700 0.084000 0.103200 0.076500 0.066500 0.048800 0.049200 0.085000 0.111800 0.049000 0.093700 0.075100 0.083800 0.066600 0.093600 0.040900 0.092900 0.084300 0.075900 0.075200 0.066600 0.057800 0.057900
Topi 0.049500 0.277800 0.024500 0.161800 0.076000 0.049500 0.041000 0.041000 0.024300 0.049800 0.049600 0.049500 0.000000 0.049500 0.040900 0.066600 0.058200 0.041500 0.049400 0.032800 0.058100 0.058200 0.049600 0.058500 0.049700 0.067600 0.024200 0.049600 0.066300 0.049800 0.066900 0.085500 0.059100 0.031500 0.024400 0.031800 0.058700 0.066900 0.032500 0.058500 0.038800 0.066600 0.049800 0.049800 0.041100 0.058000 0.067000 0.041400 0.075900 0.049700 0.032700 0.031000
CommonDuik 0.093100 0.337000 0.058300 0.202100 0.121400 0.093100 0.032400 0.057600 0.057800 0.084500 0.093400 0.084000 0.049500 0.000000 0.074900 0.083700 0.102500 0.085100 0.092900 0.066700 0.084000 0.093300 0.084100 0.093700 0.093600 0.103400 0.075200 0.084200 0.083300 0.084600 0.102200 0.049600 0.094700 0.084100 0.066700 0.066400 0.103200 0.111700 0.032300 0.093700 0.074700 0.083700 0.084500 0.093600 0.075300 0.092900 0.084100 0.075900 0.093200 0.084500 0.066200 0.066700
Suni 0.066300 0.253500 0.049500 0.130900 0.058100 0.066300 0.075000 0.066100 0.049100 0.075400 0.066500 0.057500 0.040900 0.074900 0.000000 0.074800 0.093100 0.075400 0.066100 0.056900 0.075000 0.075200 0.075000 0.084400 0.066600 0.075800 0.049100 0.057700 0.057200 0.075500 0.092900 0.093600 0.067400 0.040700 0.040800 0.057500 0.075700 0.049300 0.040400 0.084400 0.066100 0.074700 0.075400 0.084300 0.049200 0.066200 0.075100 0.049600 0.084100 0.040900 0.057700 0.057800
Springbuck 0.075000 0.313000 0.075700 0.139400 0.121300 0.075000 0.083900 0.040600 0.075000 0.084400 0.075300 0.083900 0.066600 0.083700 0.074800 0.000000 0.102200 0.103300 0.083800 0.084300 0.066200 0.084100 0.066300 0.075500 0.075400 0.103300 0.075100 0.102200 0.065700 0.102800 0.084000 0.102800 0.085500 0.084000 0.049300 0.083900 0.066900 0.111500 0.048800 0.093600 0.057200 0.066000 0.084400 0.075500 0.075200 0.074900 0.066300 0.093800 0.075100 0.102600 0.066500 0.084300
Okapi 0.075400 0.288000 0.076100 0.202700 0.102900 0.075400 0.084400 0.075300 0.075600 0.103100 0.075600 0.084400 0.058200 0.102500 0.093100 0.102200 0.000000 0.039000 0.084200 0.084800 0.066600 0.084600 0.084400 0.094000 0.075800 0.122900 0.084400 0.102800 0.101600 0.103300 0.102600 0.141800 0.067300 0.093500 0.066900 0.066700 0.085100 0.093500 0.084000 0.112600 0.075300 0.102200 0.103100 0.075800 0.075700 0.093200 0.102700 0.094300 0.112100 0.103100 0.084600 0.084800
Giraffe 0.076200 0.290800 0.059100 0.183200 0.103600 0.076200 0.067300 0.076100 0.058600 0.085700 0.076500 0.085200 0.041500 0.085100 0.075400 0.103300 0.039000 0.000000 0.076000 0.067600 0.085200 0.085500 0.085300 0.095000 0.076600 0.104900 0.067300 0.085400 0.102700 0.085800 0.103700 0.123800 0.059100 0.076200 0.050100 0.067300 0.086100 0.094800 0.067000 0.095100 0.076100 0.103200 0.085700 0.076600 0.076400 0.094200 0.103800 0.077000 0.113300 0.085700 0.067500 0.067600
TibetanAnt 0.040700 0.311100 0.066900 0.191300 0.102300 0.040700 0.075100 0.075000 0.066400 0.075400 0.040800 0.075100 0.049400 0.092900 0.066100 0.083800 0.084200 0.076000 0.000000 0.075400 0.066400 0.049300 0.066400 0.093500 0.040900 0.094000 0.057700 0.093100 0.083300 0.093500 0.084000 0.112400 0.076000 0.066400 0.040900 0.075100 0.049600 0.093000 0.057500 0.102700 0.057700 0.083800 0.075400 0.075400 0.066500 0.092700 0.084200 0.084600 0.093200 0.093300 0.075200 0.075400
Sitatunga 0.075600 0.290400 0.024300 0.171700 0.094000 0.075600 0.066800 0.058000 0.007800 0.058300 0.066900 0.057900 0.032800 0.066700 0.056900 0.084300 0.084800 0.067600 0.075400 0.000000 0.075500 0.085000 0.058000 0.067100 0.076000 0.085500 0.058100 0.032300 0.083800 0.031500 0.075600 0.103700 0.076900 0.066800 0.049700 0.049400 0.085400 0.093900 0.049200 0.076200 0.058000 0.084200 0.058300 0.076100 0.058200 0.075500 0.084700 0.058700 0.084600 0.058300 0.015500 0.000000
Oribi 0.057800 0.312800 0.067000 0.181300 0.084300 0.057800 0.066400 0.057600 0.065900 0.084400 0.038900 0.049100 0.058100 0.084000 0.075000 0.066200 0.066600 0.085200 0.066400 0.075500 0.000000 0.066600 0.066300 0.075500 0.058000 0.103600 0.066500 0.093200 0.065800 0.093700 0.084000 0.103100 0.085700 0.075300 0.049400 0.066500 0.067100 0.093200 0.049000 0.112300 0.075100 0.066200 0.084400 0.075500 0.058000 0.092900 0.066500 0.094100 0.057700 0.075500 0.075300 0.075500
BarbaryShe 0.040900 0.313400 0.076100 0.203500 0.102800 0.040900 0.075400 0.075300 0.075600 0.103100 0.041000 0.084400 0.058200 0.093300 0.075200 0.084100 0.084600 0.085500 0.049300 0.085000 0.066600 0.000000 0.084600 0.084800 0.041000 0.103900 0.066700 0.102800 0.083700 0.103300 0.102500 0.112900 0.086000 0.075500 0.049600 0.066800 0.032800 0.093400 0.066400 0.103300 0.075300 0.084100 0.103100 0.066900 0.075700 0.093100 0.084500 0.094300 0.093600 0.103100 0.084600 0.084800
Daviddeer 0.075300 0.288100 0.049700 0.140700 0.084500 0.075300 0.084300 0.040800 0.049300 0.016100 0.040400 0.066300 0.049600 0.084100 0.075000 0.066300 0.084400 0.085300 0.066400 0.058000 0.066300 0.084600 0.000000 0.024300 0.075700 0.103600 0.075300 0.075400 0.083400 0.058100 0.015600 0.122100 0.067600 0.084300 0.049500 0.049200 0.049700 0.093500 0.066200 0.058200 0.007800 0.083800 0.016100 0.041000 0.075400 0.075200 0.066500 0.058400 0.075300 0.066800 0.040900 0.058000
Reindeer 0.084600 0.302100 0.058600 0.151500 0.094200 0.084600 0.093800 0.049500 0.058200 0.041200 0.049500 0.075500 0.058500 0.093700 0.084400 0.075500 0.094000 0.095000 0.093500 0.067100 0.075500 0.084800 0.024300 0.000000 0.085100 0.113800 0.084700 0.084800 0.092900 0.067200 0.041000 0.132500 0.077000 0.093900 0.058500 0.058100 0.058600 0.103300 0.075300 0.049800 0.032500 0.093300 0.041200 0.032700 0.084900 0.084500 0.075700 0.067600 0.084700 0.076100 0.049700 0.067100
Ibex 0.032500 0.289900 0.067400 0.182600 0.094000 0.032500 0.075700 0.066700 0.066900 0.094200 0.031200 0.075700 0.049700 0.093600 0.066600 0.075400 0.075800 0.076600 0.040900 0.076000 0.058000 0.041000 0.075700 0.085100 0.000000 0.094800 0.058100 0.093900 0.075000 0.094400 0.093700 0.113300 0.077100 0.066900 0.041200 0.075700 0.041300 0.084700 0.057900 0.103700 0.066700 0.075400 0.094200 0.067100 0.067000 0.084400 0.075800 0.085400 0.084800 0.094200 0.075900 0.076000
GyrantGaze 0.094400 0.370000 0.076800 0.201500 0.143000 0.094400 0.103600 0.094100 0.076200 0.104100 0.094700 0.076000 0.067600 0.103400 0.075800 0.103300 0.122900 0.104900 0.094000 0.085500 0.103600 0.103900 0.103600 0.113800 0.094800 0.000000 0.076200 0.085200 0.102700 0.085700 0.122700 0.113700 0.093800 0.085300 0.067500 0.085000 0.102500 0.132600 0.066800 0.113400 0.094100 0.049100 0.104100 0.113700 0.076200 0.112800 0.084400 0.095300 0.110700 0.100500 0.085300 0.085500
Hartebeest 0.057800 0.288300 0.049700 0.171200 0.102700 0.057800 0.066500 0.066400 0.049300 0.075600 0.058000 0.057800 0.024200 0.075200 0.049100 0.075100 0.084400 0.067300 0.057700 0.058100 0.066500 0.066700 0.075300 0.084700 0.058100 0.076200 0.000000 0.075400 0.074700 0.075800 0.093200 0.094200 0.067700 0.007800 0.031600 0.057800 0.067200 0.093300 0.040600 0.084800 0.066400 0.075100 0.075600 0.075600 0.049400 0.084000 0.075500 0.067100 0.084400 0.075600 0.057900 0.058100
Bongo 0.093400 0.314200 0.040800 0.171300 0.093400 0.093400 0.084300 0.075300 0.024000 0.075700 0.084500 0.066400 0.049600 0.084200 0.057700 0.102200 0.102800 0.085400 0.093100 0.032300 0.093200 0.102800 0.075400 0.084800 0.093900 0.085200 0.075400 0.000000 0.101600 0.030900 0.093300 0.122200 0.095000 0.066700 0.066900 0.066500 0.103500 0.093700 0.066200 0.094000 0.075300 0.102100 0.075700 0.093900 0.075500 0.075300 0.102700 0.076200 0.102600 0.058200 0.032200 0.031400
Gerenuk 0.074600 0.310200 0.075300 0.180100 0.102000 0.074600 0.083400 0.039400 0.074700 0.101900 0.074900 0.083400 0.066300 0.083300 0.057200 0.065700 0.101600 0.102700 0.083300 0.083800 0.065800 0.083700 0.083400 0.092900 0.075000 0.102700 0.074700 0.101600 0.000000 0.102200 0.101400 0.102200 0.085000 0.083600 0.066200 0.083400 0.084200 0.092600 0.048600 0.111400 0.074500 0.065600 0.101900 0.092800 0.075000 0.092100 0.066000 0.075400 0.074700 0.083900 0.083700 0.083800
CommonElan 0.093500 0.316200 0.041000 0.172100 0.113100 0.093900 0.084800 0.075700 0.023500 0.058400 0.067000 0.066700 0.049800 0.084600 0.075500 0.102800 0.103300 0.085800 0.093500 0.031500 0.093700 0.103300 0.058100 0.067200 0.094400 0.085700 0.075800 0.030900 0.102200 0.000000 0.075700 0.122800 0.077000 0.084800 0.067200 0.049500 0.085400 0.112900 0.066500 0.076300 0.058100 0.102700 0.058400 0.058400 0.075900 0.093800 0.084800 0.058800 0.103300 0.076200 0.032400 0.031000
MuntiacusR 0.075300 0.288200 0.067000 0.160600 0.102800 0.075300 0.102400 0.057800 0.066600 0.015700 0.057800 0.084000 0.066900 0.102200 0.092900 0.084000 0.102600 0.103700 0.084000 0.075600 0.084000 0.102500 0.015600 0.041000 0.093700 0.122700 0.093200 0.093300 0.101400 0.075700 0.000000 0.141400 0.085700 0.102500 0.066900 0.066400 0.067000 0.112000 0.083700 0.075800 0.024200 0.083900 0.015700 0.058100 0.093400 0.075200 0.065800 0.076100 0.075400 0.084600 0.058000 0.075600
HarveysDui 0.112300 0.391700 0.094900 0.225900 0.161900 0.112700 0.067000 0.093700 0.094100 0.122600 0.113100 0.103200 0.085500 0.049600 0.093600 0.102800 0.141800 0.123800 0.112400 0.103700 0.103100 0.112900 0.122100 0.132500 0.113300 0.113700 0.094200 0.122200 0.102200 0.122800 0.141400 0.000000 0.114100 0.103400 0.085400 0.103200 0.122800 0.151500 0.049500 0.132600 0.112300 0.093400 0.122600 0.132400 0.094300 0.131200 0.093900 0.113700 0.112700 0.122600 0.103400 0.103700
Pronghorn 0.076700 0.292200 0.068200 0.152600 0.124000 0.076700 0.094900 0.076500 0.067700 0.076900 0.059000 0.076500 0.059100 0.094700 0.067400 0.085500 0.067300 0.059100 0.076000 0.076900 0.085700 0.086000 0.067600 0.077000 0.077100 0.093800 0.067700 0.095000 0.085000 0.077000 0.085700 0.114100 0.000000 0.076700 0.059100 0.058700 0.067800 0.114000 0.058500 0.085800 0.058700 0.084800 0.076900 0.077000 0.067800 0.094700 0.067100 0.068200 0.095200 0.095100 0.076800 0.076900
BlueWildeb 0.066500 0.276800 0.058400 0.161300 0.093700 0.066500 0.075300 0.075200 0.057900 0.084700 0.066800 0.066500 0.031500 0.084100 0.040700 0.084000 0.093500 0.076200 0.066400 0.066800 0.075300 0.075500 0.084300 0.093900 0.066900 0.085300 0.007800 0.066700 0.083600 0.084800 0.102500 0.103400 0.076700 0.000000 0.040400 0.066500 0.076100 0.084400 0.049100 0.093900 0.075200 0.084000 0.084600 0.084600 0.058000 0.075200 0.084500 0.076100 0.093600 0.066900 0.066700 0.066800
Gemsbok 0.041000 0.289100 0.040100 0.141700 0.084900 0.041000 0.049500 0.040900 0.038900 0.049700 0.041100 0.048800 0.024400 0.066700 0.040800 0.049300 0.066900 0.050100 0.040900 0.049700 0.049400 0.049600 0.049500 0.058500 0.041200 0.067500 0.031600 0.066900 0.066200 0.067200 0.066900 0.085400 0.059100 0.040400 0.000000 0.049400 0.032900 0.075700 0.031500 0.058500 0.040900 0.066500 0.049700 0.041200 0.041100 0.075400 0.066900 0.058700 0.075200 0.067100 0.032700 0.049700
Yak 0.075300 0.287400 0.041100 0.160400 0.102700 0.075300 0.066500 0.057700 0.040800 0.049200 0.057900 0.049200 0.031800 0.066400 0.057500 0.083900 0.066700 0.067300 0.075100 0.049400 0.066500 0.066800 0.049200 0.058100 0.075700 0.085000 0.057800 0.066500 0.083400 0.049500 0.066400 0.103200 0.058700 0.066500 0.049400 0.000000 0.049700 0.093300 0.049000 0.058100 0.040700 0.083800 0.049400 0.058000 0.040900 0.075100 0.066500 0.041100 0.093400 0.066700 0.049300 0.049400
BlueSheep 0.041100 0.289000 0.076700 0.161800 0.103700 0.041100 0.085000 0.058300 0.076100 0.067400 0.024400 0.085000 0.058700 0.103200 0.075700 0.066900 0.085100 0.086100 0.049600 0.085400 0.067100 0.032800 0.049700 0.058600 0.041300 0.102500 0.067200 0.103500 0.084200 0.085400 0.067000 0.122800 0.067800 0.076100 0.032900 0.049700 0.000000 0.094100 0.066900 0.076200 0.041100 0.084100 0.067400 0.041300 0.076200 0.093800 0.066600 0.076600 0.094300 0.103500 0.067300 0.085400
BohorReedb 0.084200 0.254800 0.085200 0.192800 0.007900 0.084200 0.093300 0.084200 0.084600 0.112600 0.084500 0.111800 0.066900 0.111700 0.049300 0.111500 0.093500 0.094800 0.093000 0.093900 0.093200 0.093400 0.093500 0.103300 0.084700 0.132600 0.093300 0.093700 0.092600 0.112900 0.112000 0.151500 0.114000 0.084400 0.075700 0.093300 0.094100 0.000000 0.092800 0.122200 0.084200 0.111200 0.112600 0.084800 0.102700 0.084300 0.111900 0.085400 0.121600 0.076100 0.093800 0.093900
KirksDik 0.057600 0.310600 0.038800 0.159900 0.102100 0.057600 0.032300 0.040500 0.040600 0.066400 0.057700 0.049000 0.032500 0.032300 0.040400 0.048800 0.084000 0.067000 0.057500 0.049200 0.049000 0.066400 0.066200 0.075300 0.057900 0.066800 0.040600 0.066200 0.048600 0.066500 0.083700 0.049500 0.058500 0.049100 0.031500 0.049000 0.066900 0.092800 0.000000 0.075400 0.057600 0.048800 0.066400 0.075300 0.040700 0.074700 0.049100 0.058000 0.057600 0.066400 0.049100 0.049200
RoeDeer 0.103100 0.325500 0.067600 0.171500 0.132300 0.103100 0.093900 0.066900 0.067100 0.058500 0.085000 0.093700 0.058500 0.093700 0.084400 0.093600 0.112600 0.095100 0.102700 0.076200 0.112300 0.103300 0.058200 0.049800 0.103700 0.113400 0.084800 0.094000 0.111400 0.076300 0.075800 0.132600 0.085800 0.093900 0.058500 0.058100 0.076200 0.122200 0.075400 0.000000 0.049500 0.111900 0.058500 0.049800 0.084800 0.102900 0.093900 0.067600 0.122200 0.094100 0.058400 0.076200
WhiteLippe 0.066300 0.275400 0.049600 0.150500 0.093500 0.066300 0.075200 0.031800 0.049200 0.024300 0.049200 0.075100 0.038800 0.074700 0.066100 0.057200 0.075300 0.076100 0.057700 0.058000 0.075100 0.075300 0.007800 0.032500 0.066700 0.094100 0.066400 0.075300 0.074500 0.058100 0.024200 0.112300 0.058700 0.075200 0.040900 0.040700 0.041100 0.084200 0.057600 0.049500 0.000000 0.074800 0.024300 0.032500 0.066500 0.066200 0.057700 0.049600 0.084200 0.075600 0.040900 0.058000
ThomsonGaz 0.075000 0.337200 0.075600 0.202100 0.121000 0.075000 0.083800 0.057400 0.075100 0.084300 0.075200 0.083800 0.066600 0.083700 0.074700 0.066000 0.102200 0.103200 0.083800 0.084200 0.066200 0.084100 0.083800 0.093300 0.075400 0.049100 0.075100 0.102100 0.065600 0.102700 0.083900 0.093400 0.084800 0.084000 0.066500 0.083800 0.084100 0.111200 0.048800 0.111900 0.074800 0.000000 0.084300 0.093300 0.075200 0.074800 0.032100 0.093700 0.057700 0.102500 0.084100 0.084200
MuntiacusC 0.093700 0.314100 0.049900 0.141300 0.103400 0.093700 0.084600 0.058100 0.049500 0.000000 0.058100 0.066600 0.049800 0.084500 0.075400 0.084400 0.103100 0.085700 0.075400 0.058300 0.084400 0.103100 0.016100 0.041200 0.094200 0.104100 0.075600 0.075700 0.101900 0.058400 0.015700 0.122600 0.076900 0.084600 0.049700 0.049400 0.067400 0.112600 0.066400 0.058500 0.024300 0.084300 0.000000 0.058400 0.075800 0.075600 0.066900 0.058700 0.075800 0.067100 0.041100 0.058300
WhiteTaile 0.066800 0.277500 0.067500 0.172100 0.094200 0.066800 0.075700 0.048400 0.067000 0.058400 0.049600 0.093600 0.049800 0.093600 0.084300 0.075500 0.075800 0.076600 0.075400 0.076100 0.075500 0.066900 0.041000 0.032700 0.067100 0.113700 0.075600 0.093900 0.092800 0.058400 0.058100 0.132400 0.077000 0.084600 0.041200 0.058000 0.041300 0.084800 0.075300 0.049800 0.032500 0.093300 0.058400 0.000000 0.084800 0.084500 0.075700 0.067500 0.103100 0.094300 0.058300 0.076100
Cattle 0.066700 0.326300 0.049800 0.171500 0.112300 0.066700 0.075500 0.066500 0.049400 0.075800 0.066900 0.040900 0.041100 0.075300 0.049200 0.075200 0.075700 0.076400 0.066500 0.058200 0.058000 0.075700 0.075400 0.084900 0.067000 0.076200 0.049400 0.075500 0.075000 0.075900 0.093400 0.094300 0.067800 0.058000 0.041100 0.040900 0.076200 0.102700 0.040700 0.084800 0.066500 0.075200 0.075800 0.084800 0.000000 0.084300 0.075600 0.067200 0.084600 0.075700 0.058000 0.058200
RoyalAntel 0.083900 0.277200 0.067000 0.171400 0.093600 0.083900 0.093000 0.066200 0.066500 0.075600 0.084200 0.092900 0.058000 0.092900 0.066200 0.074900 0.093200 0.094200 0.092700 0.075500 0.092900 0.093100 0.075200 0.084500 0.084400 0.112800 0.084000 0.075300 0.092100 0.093800 0.075200 0.131200 0.094700 0.075200 0.075400 0.075100 0.093800 0.084300 0.074700 0.102900 0.066200 0.074800 0.075600 0.084500 0.084300 0.000000 0.075200 0.084900 0.084200 0.075700 0.075400 0.075500
Steenbok 0.075400 0.312600 0.076100 0.181600 0.121700 0.075400 0.084300 0.057700 0.075300 0.066900 0.058000 0.084300 0.067000 0.084100 0.075100 0.066300 0.102700 0.103800 0.084200 0.084700 0.066500 0.084500 0.066500 0.075700 0.075800 0.084400 0.075500 0.102700 0.066000 0.084800 0.065800 0.093900 0.067100 0.084500 0.066900 0.066500 0.066600 0.111900 0.049100 0.093900 0.057700 0.032100 0.066900 0.075700 0.075600 0.075200 0.000000 0.076000 0.058000 0.103100 0.084500 0.084700
Impala 0.085000 0.278800 0.050200 0.152300 0.094900 0.085000 0.076000 0.067100 0.046500 0.058700 0.067300 0.075900 0.041400 0.075900 0.049600 0.093800 0.094300 0.077000 0.084600 0.058700 0.094100 0.094300 0.058400 0.067600 0.085400 0.095300 0.067100 0.076200 0.075400 0.058800 0.076100 0.113700 0.068200 0.076100 0.058700 0.041100 0.076600 0.085400 0.058000 0.067600 0.049600 0.093700 0.058700 0.067500 0.067200 0.084900 0.076000 0.000000 0.103700 0.058800 0.058600 0.058700
Klipspring 0.084400 0.326800 0.076000 0.170200 0.112300 0.084400 0.093300 0.066400 0.075500 0.075800 0.066700 0.075200 0.075900 0.093200 0.084100 0.075100 0.112100 0.113300 0.093200 0.084600 0.057700 0.093600 0.075300 0.084700 0.084800 0.110700 0.084400 0.102600 0.074700 0.103300 0.075400 0.112700 0.095200 0.093600 0.075200 0.093400 0.094300 0.121600 0.057600 0.122200 0.084200 0.057700 0.075800 0.103100 0.084600 0.084200 0.058000 0.103700 0.000000 0.093800 0.084500 0.084600
ForestMusk 0.093700 0.290300 0.049900 0.141300 0.067300 0.093700 0.084600 0.075600 0.049500 0.067100 0.075800 0.066600 0.049700 0.084500 0.040900 0.102600 0.103100 0.085700 0.093300 0.058300 0.075500 0.103100 0.066800 0.076100 0.094200 0.100500 0.075600 0.058200 0.083900 0.076200 0.084600 0.122600 0.095100 0.066900 0.067100 0.066700 0.103500 0.076100 0.066400 0.094100 0.075600 0.102500 0.067100 0.094300 0.075700 0.075700 0.103100 0.058800 0.093800 0.000000 0.058200 0.058300
Bushbuck 0.075500 0.314800 0.023900 0.151300 0.093900 0.075500 0.066700 0.040900 0.007900 0.041100 0.066800 0.057800 0.032700 0.066200 0.057700 0.066500 0.084600 0.067500 0.075200 0.015500 0.075300 0.084600 0.040900 0.049700 0.075900 0.085300 0.057900 0.032200 0.083700 0.032400 0.058000 0.103400 0.076800 0.066700 0.032700 0.049300 0.067300 0.093800 0.049100 0.058400 0.040900 0.084100 0.041100 0.058300 0.058000 0.075400 0.084500 0.058600 0.084500 0.058200 0.000000 0.015700
GreaterKud 0.075600 0.290400 0.024300 0.171700 0.094000 0.075600 0.066800 0.058000 0.007800 0.058300 0.066900 0.057900 0.031000 0.066700 0.057800 0.084300 0.084800 0.067600 0.075400 0.000000 0.075500 0.084800 0.058000 0.067100 0.076000 0.085500 0.058100 0.031400 0.083800 0.031000 0.075600 0.103700 0.076900 0.066800 0.049700 0.049400 0.085400 0.093900 0.049200 0.076200 0.058000 0.084200 0.058300 0.076100 0.058200 0.075500 0.084700 0.058700 0.084600 0.058300 0.015700 0.000000
