1
52 1
Argali 0.000000 0.260400 0.163000 0.252700 0.115700 0.021000 0.115100 0.089900 0.114200 0.139500 0.042700 0.169000 0.066700 0.089800 0.113100 0.139800 0.165200 0.140900 0.065800 0.114200 0.090200 0.021500 0.140200 0.192500 0.042700 0.116800 0.090200 0.138000 0.167000 0.138700 0.113300 0.138100 0.160900 0.090200 0.143600 0.114700 0.021400 0.089900 0.140200 0.165300 0.140200 0.142800 0.139500 0.190500 0.114200 0.164600 0.166800 0.089500 0.189900 0.165900 0.112900 0.165700
LesserMous 0.260400 0.000000 0.249700 0.252200 0.251100 0.292400 0.269800 0.260100 0.247500 0.245400 0.254700 0.308800 0.216300 0.240200 0.239300 0.284000 0.308200 0.278500 0.241800 0.247500 0.214300 0.223900 0.265800 0.276100 0.254700 0.253800 0.215200 0.220100 0.305600 0.277100 0.331800 0.268500 0.214200 0.215200 0.244900 0.251000 0.227800 0.220600 0.281900 0.264500 0.265800 0.283400 0.245400 0.294900 0.250500 0.300200 0.245200 0.212200 0.328900 0.297000 0.220400 0.311000
LesserKudu 0.163000 0.249700 0.000000 0.285300 0.087200 0.189000 0.110200 0.085900 0.042100 0.110700 0.110400 0.088400 0.086200 0.086100 0.085500 0.110300 0.114100 0.087700 0.131000 0.042100 0.063700 0.132200 0.111300 0.111300 0.110400 0.087900 0.063700 0.020900 0.135300 0.063800 0.137300 0.132500 0.065500 0.063700 0.112100 0.042300 0.136000 0.063700 0.109900 0.087500 0.111300 0.111900 0.110700 0.110400 0.042200 0.132800 0.087400 0.063200 0.108800 0.134600 0.041900 0.039500
KillerWhal 0.252700 0.252200 0.285300 0.000000 0.231900 0.285800 0.224900 0.227900 0.226400 0.293100 0.287100 0.312500 0.201700 0.195200 0.226500 0.261100 0.311400 0.281600 0.283600 0.226400 0.200200 0.256800 0.294100 0.327000 0.287100 0.232600 0.201500 0.254000 0.280900 0.255600 0.319300 0.252300 0.281600 0.201500 0.208900 0.227700 0.261400 0.199800 0.258100 0.292400 0.294100 0.263400 0.293100 0.323000 0.227200 0.287900 0.289400 0.198300 0.255600 0.290500 0.254100 0.289700
DefassaWat 0.115700 0.251100 0.087200 0.231900 0.000000 0.140600 0.066000 0.042700 0.042900 0.111800 0.112400 0.090300 0.042700 0.043000 0.042500 0.065400 0.112200 0.089300 0.086500 0.042900 0.021100 0.087200 0.112500 0.112200 0.112400 0.043700 0.021100 0.064700 0.089100 0.065000 0.138700 0.087900 0.066500 0.021100 0.066800 0.043000 0.090000 0.021100 0.065600 0.088400 0.112500 0.066800 0.111800 0.111400 0.042900 0.087900 0.089000 0.021100 0.110800 0.089900 0.087100 0.088500
Sheep 0.021000 0.292400 0.189000 0.285800 0.140600 0.000000 0.139900 0.113700 0.138800 0.165100 0.064700 0.196000 0.090000 0.113700 0.137500 0.165500 0.165200 0.166600 0.088800 0.138800 0.114200 0.043600 0.166000 0.164100 0.064700 0.142000 0.114200 0.163200 0.193800 0.163900 0.137800 0.163300 0.186600 0.114200 0.169900 0.139400 0.043200 0.113800 0.165700 0.191700 0.166000 0.168800 0.165100 0.162400 0.138800 0.190800 0.193300 0.113200 0.216900 0.192000 0.137300 0.192100
MaxwellsDu 0.115100 0.269800 0.110200 0.224900 0.066000 0.139900 0.000000 0.064900 0.065100 0.120900 0.136400 0.113500 0.065200 0.021100 0.064800 0.088300 0.138300 0.112500 0.109600 0.065100 0.042900 0.110500 0.120300 0.121000 0.136400 0.066600 0.042900 0.087100 0.113000 0.087800 0.122100 0.064500 0.089400 0.042900 0.091100 0.065100 0.113700 0.042800 0.088800 0.095300 0.120300 0.090400 0.120900 0.120500 0.064900 0.111500 0.113000 0.042700 0.125000 0.114100 0.110100 0.112200
GazellaPrz 0.089900 0.260100 0.085900 0.227900 0.042700 0.113700 0.064900 0.000000 0.042100 0.110400 0.087300 0.088700 0.042000 0.042000 0.042000 0.064500 0.110500 0.087900 0.085200 0.042100 0.020800 0.085900 0.111100 0.110900 0.087300 0.043100 0.020600 0.063600 0.088000 0.064000 0.137300 0.086500 0.042800 0.020600 0.065700 0.042300 0.065500 0.020700 0.064600 0.087300 0.111100 0.065900 0.110400 0.110200 0.042200 0.086600 0.087600 0.020500 0.109000 0.088700 0.085700 0.087300
MountainNy 0.114200 0.247500 0.042100 0.226400 0.042900 0.138800 0.065100 0.042100 0.000000 0.110800 0.065100 0.043400 0.042200 0.042200 0.041800 0.064700 0.114200 0.087900 0.085600 0.000000 0.020600 0.086300 0.111300 0.111200 0.065100 0.043200 0.020600 0.020900 0.088100 0.020900 0.137200 0.086800 0.065200 0.020600 0.065800 0.000300 0.088900 0.020800 0.064800 0.087500 0.111300 0.066000 0.110800 0.110300 0.000200 0.086900 0.087900 0.020300 0.063900 0.088400 0.042000 0.042700
MuntiacusM 0.139500 0.245400 0.110700 0.293100 0.111800 0.165100 0.120900 0.110400 0.110800 0.000000 0.135800 0.162500 0.064300 0.093900 0.110500 0.135900 0.143700 0.112600 0.157300 0.110800 0.087300 0.109800 0.000200 0.042600 0.135800 0.112700 0.087300 0.087400 0.162500 0.134500 0.065700 0.145300 0.089900 0.087300 0.138600 0.111100 0.113200 0.087000 0.135400 0.021000 0.000200 0.137800 0.000000 0.042400 0.110700 0.159600 0.112300 0.087200 0.156600 0.162700 0.064300 0.161100
goat 0.042700 0.254700 0.110400 0.287100 0.112400 0.064700 0.136400 0.087300 0.065100 0.135800 0.000000 0.114400 0.064900 0.111000 0.110000 0.136000 0.160500 0.136800 0.064100 0.065100 0.087700 0.021000 0.136400 0.187300 0.000000 0.113400 0.087800 0.087200 0.162300 0.087700 0.162900 0.159300 0.156600 0.087800 0.140600 0.065300 0.020800 0.087500 0.136300 0.160700 0.136400 0.138500 0.135800 0.185300 0.065000 0.160000 0.162000 0.087000 0.134900 0.160600 0.064300 0.112000
AfricanBuf 0.169000 0.308800 0.088400 0.312500 0.090300 0.196000 0.113500 0.088700 0.043400 0.162500 0.114400 0.000000 0.089400 0.088500 0.041900 0.113500 0.183400 0.158900 0.135900 0.043400 0.065900 0.137100 0.163400 0.163100 0.114400 0.091000 0.066000 0.065500 0.139000 0.065900 0.191300 0.136700 0.088100 0.066000 0.116600 0.043700 0.141000 0.065800 0.113900 0.137200 0.163400 0.115500 0.162500 0.161500 0.043600 0.137800 0.138800 0.065500 0.112600 0.138900 0.088400 0.089700
Topi 0.066700 0.216300 0.086200 0.201700 0.042700 0.090000 0.065200 0.042000 0.042200 0.064300 0.064900 0.089400 0.000000 0.042500 0.042200 0.064500 0.111600 0.088600 0.085800 0.042200 0.020800 0.042000 0.064600 0.110900 0.064900 0.043100 0.020700 0.063800 0.076700 0.064200 0.137100 0.087100 0.065800 0.020700 0.065900 0.042400 0.043200 0.020900 0.064700 0.087300 0.064600 0.065800 0.064300 0.110400 0.042300 0.086900 0.087800 0.020900 0.109500 0.089100 0.041500 0.087400
CommonDuik 0.089800 0.240200 0.086100 0.195200 0.043000 0.113700 0.021100 0.042000 0.042200 0.093900 0.111000 0.088500 0.042500 0.000000 0.042300 0.064800 0.112700 0.088000 0.085700 0.042200 0.021000 0.086300 0.094200 0.094000 0.111000 0.043400 0.021000 0.063600 0.088400 0.064300 0.095000 0.042100 0.065400 0.021000 0.066300 0.042100 0.088800 0.021000 0.065000 0.069300 0.094200 0.066200 0.093900 0.093900 0.042000 0.087000 0.088200 0.020900 0.096100 0.089100 0.086000 0.087700
Suni 0.113100 0.239300 0.085500 0.226500 0.042500 0.137500 0.064800 0.042000 0.041800 0.110500 0.110000 0.041900 0.042200 0.042300 0.000000 0.064400 0.110000 0.087600 0.085100 0.041800 0.020800 0.085600 0.110700 0.111100 0.110000 0.042900 0.020800 0.063200 0.087800 0.063600 0.136600 0.086300 0.043000 0.020800 0.066200 0.042100 0.088100 0.020800 0.064500 0.087100 0.110700 0.065500 0.110500 0.110000 0.042000 0.086500 0.087600 0.020800 0.109100 0.088300 0.085300 0.086900
Springbuck 0.139800 0.284000 0.110300 0.261100 0.065400 0.165500 0.088300 0.064500 0.064700 0.135900 0.136000 0.113500 0.064500 0.064800 0.064400 0.000000 0.136300 0.112700 0.109200 0.064700 0.042500 0.110000 0.136600 0.136600 0.136000 0.065900 0.042400 0.087000 0.020900 0.087200 0.164000 0.110500 0.089900 0.042400 0.090500 0.064800 0.113300 0.042500 0.087600 0.111700 0.136600 0.089500 0.135900 0.135600 0.064700 0.064500 0.111900 0.042400 0.134000 0.112800 0.109900 0.111700
Okapi 0.165200 0.308200 0.114100 0.311400 0.112200 0.165200 0.138300 0.110500 0.114200 0.143700 0.160500 0.183400 0.111600 0.112700 0.110000 0.136300 0.000000 0.020700 0.133100 0.114200 0.087600 0.134200 0.144100 0.118800 0.160500 0.113200 0.087900 0.089900 0.162500 0.138600 0.147100 0.162100 0.110700 0.087900 0.140500 0.111200 0.138000 0.087300 0.135900 0.119300 0.144100 0.138100 0.143700 0.119800 0.110700 0.159700 0.112700 0.086900 0.184300 0.160900 0.113800 0.165900
Giraffe 0.140900 0.278500 0.087700 0.281600 0.089300 0.166600 0.112500 0.087900 0.087900 0.112600 0.136800 0.158900 0.088600 0.088000 0.087600 0.112700 0.020700 0.000000 0.110200 0.087900 0.065400 0.111100 0.113100 0.113100 0.136800 0.090100 0.065400 0.064900 0.138300 0.111200 0.114400 0.135100 0.087600 0.065400 0.116200 0.088500 0.114300 0.065200 0.112700 0.088800 0.113100 0.114500 0.112600 0.111900 0.088200 0.136100 0.089600 0.064900 0.160100 0.137400 0.087500 0.136600
TibetanAnt 0.065800 0.241800 0.131000 0.283600 0.086500 0.088800 0.109600 0.085200 0.085600 0.157300 0.064100 0.135900 0.085800 0.085700 0.085100 0.109200 0.133100 0.110200 0.000000 0.085600 0.063400 0.041600 0.158100 0.157800 0.064100 0.087300 0.063400 0.107800 0.133800 0.108400 0.134500 0.131900 0.111300 0.063400 0.112700 0.086000 0.042800 0.063200 0.109400 0.132800 0.158100 0.110900 0.157300 0.156500 0.085700 0.132200 0.133600 0.063200 0.155800 0.133700 0.130900 0.132700
Sitatunga 0.114200 0.247500 0.042100 0.226400 0.042900 0.138800 0.065100 0.042100 0.000000 0.110800 0.065100 0.043400 0.042200 0.042200 0.041800 0.064700 0.114200 0.087900 0.085600 0.000000 0.020600 0.086300 0.111300 0.111200 0.065100 0.043200 0.020600 0.020900 0.088100 0.020900 0.137200 0.086800 0.065200 0.020600 0.065800 0.000300 0.088900 0.020800 0.064800 0.087500 0.111300 0.066000 0.110800 0.110300 0.000200 0.086900 0.087900 0.020300 0.063900 0.088400 0.042000 0.042700
Oribi 0.090200 0.214300 0.063700 0.200200 0.021100 0.114200 0.042900 0.020800 0.020600 0.087300 0.087700 0.065900 0.020800 0.021000 0.020800 0.042500 0.087600 0.065400 0.063400 0.020600 0.000000 0.063800 0.087700 0.087600 0.087700 0.021300 0.000300 0.041800 0.065200 0.042200 0.112700 0.064400 0.043300 0.000300 0.043600 0.020800 0.065800 0.000100 0.042700 0.064600 0.087700 0.043400 0.087300 0.087100 0.020700 0.064300 0.065100 0.000300 0.086500 0.065800 0.063600 0.064700
BarbaryShe 0.021500 0.223900 0.132200 0.256800 0.087200 0.043600 0.110500 0.085900 0.086300 0.109800 0.021000 0.137100 0.042000 0.086300 0.085600 0.110000 0.134200 0.111100 0.041600 0.086300 0.063800 0.000000 0.110400 0.158800 0.021000 0.088000 0.063800 0.108800 0.134800 0.109300 0.135400 0.132900 0.112200 0.063800 0.112700 0.086700 0.000200 0.063700 0.110300 0.133700 0.110400 0.111800 0.109800 0.157500 0.086400 0.133300 0.134500 0.063500 0.157000 0.134600 0.085600 0.133900
Daviddeer 0.140200 0.265800 0.111300 0.294100 0.112500 0.166000 0.120300 0.111100 0.111300 0.000200 0.136400 0.163400 0.064600 0.094200 0.110700 0.136600 0.144100 0.113100 0.158100 0.111300 0.087700 0.110400 0.000000 0.042900 0.136400 0.096800 0.087700 0.087900 0.163300 0.135300 0.065900 0.144700 0.090600 0.087700 0.139500 0.111700 0.113800 0.087500 0.120000 0.021100 0.000000 0.122700 0.000200 0.042500 0.111300 0.160500 0.113000 0.087500 0.157200 0.162400 0.064600 0.162100
Reindeer 0.192500 0.276100 0.111300 0.327000 0.112200 0.164100 0.121000 0.110900 0.111200 0.042600 0.187300 0.163100 0.110900 0.094000 0.111100 0.136600 0.118800 0.113100 0.157800 0.111200 0.087600 0.158800 0.042900 0.000000 0.187300 0.113100 0.087500 0.087800 0.163400 0.135000 0.066100 0.145400 0.090400 0.087500 0.139000 0.111500 0.163800 0.087300 0.135800 0.021100 0.042900 0.138400 0.042600 0.000100 0.111200 0.160100 0.112700 0.087600 0.157300 0.163500 0.110800 0.161900
Ibex 0.042700 0.254700 0.110400 0.287100 0.112400 0.064700 0.136400 0.087300 0.065100 0.135800 0.000000 0.114400 0.064900 0.111000 0.110000 0.136000 0.160500 0.136800 0.064100 0.065100 0.087700 0.021000 0.136400 0.187300 0.000000 0.113400 0.087800 0.087200 0.162300 0.087700 0.162900 0.159300 0.156600 0.087800 0.140600 0.065300 0.020800 0.087500 0.136300 0.160700 0.136400 0.138500 0.135800 0.185300 0.065000 0.160000 0.162000 0.087000 0.134900 0.160600 0.064300 0.112000
GyrantGaze 0.116800 0.253800 0.087900 0.232600 0.043700 0.142000 0.066600 0.043100 0.043200 0.112700 0.113400 0.091000 0.043100 0.043400 0.042900 0.065900 0.113200 0.090100 0.087300 0.043200 0.021300 0.088000 0.096800 0.113100 0.113400 0.000000 0.021300 0.065200 0.089800 0.065600 0.139800 0.088700 0.067200 0.021300 0.068000 0.043300 0.090800 0.021300 0.021000 0.089000 0.096800 0.021300 0.112700 0.112300 0.043200 0.088700 0.089800 0.021300 0.111800 0.066700 0.087800 0.089300
Hartebeest 0.090200 0.215200 0.063700 0.201500 0.021100 0.114200 0.042900 0.020600 0.020600 0.087300 0.087800 0.066000 0.020700 0.021000 0.020800 0.042400 0.087900 0.065400 0.063400 0.020600 0.000300 0.063800 0.087700 0.087500 0.087800 0.021300 0.000000 0.041800 0.050500 0.042200 0.112700 0.064400 0.043200 0.000000 0.043300 0.020700 0.065800 0.000300 0.042500 0.064600 0.087700 0.043300 0.087300 0.087200 0.020700 0.064200 0.064900 0.000400 0.086300 0.066000 0.063600 0.064600
Bongo 0.138000 0.220100 0.020900 0.254000 0.064700 0.163200 0.087100 0.063600 0.020900 0.087400 0.087200 0.065500 0.063800 0.063600 0.063200 0.087000 0.089900 0.064900 0.107800 0.020900 0.041800 0.108800 0.087900 0.087800 0.087200 0.065200 0.041800 0.000000 0.111200 0.042200 0.112800 0.109100 0.042800 0.041800 0.088500 0.020700 0.111900 0.041900 0.086900 0.064700 0.087900 0.088500 0.087400 0.087100 0.020800 0.109400 0.064700 0.041200 0.085800 0.110900 0.020800 0.064800
Gerenuk 0.167000 0.305600 0.135300 0.280900 0.089100 0.193800 0.113000 0.088000 0.088100 0.162500 0.162300 0.139000 0.076700 0.088400 0.087800 0.020900 0.162500 0.138300 0.133800 0.088100 0.065200 0.134800 0.163300 0.163400 0.162300 0.089800 0.050500 0.111200 0.000000 0.111400 0.192400 0.135600 0.115000 0.050500 0.101100 0.088400 0.139100 0.065100 0.112200 0.137300 0.163300 0.114500 0.162500 0.162200 0.088100 0.087800 0.137500 0.065000 0.160100 0.138800 0.134800 0.137200
CommonElan 0.138700 0.277100 0.063800 0.255600 0.065000 0.163900 0.087800 0.064000 0.020900 0.134500 0.087700 0.065900 0.064200 0.064300 0.063600 0.087200 0.138600 0.111200 0.108400 0.020900 0.042200 0.109300 0.135300 0.135000 0.087700 0.065600 0.042200 0.042200 0.111400 0.000000 0.161800 0.109900 0.088200 0.042200 0.089100 0.021000 0.112500 0.042200 0.087500 0.110600 0.135300 0.089000 0.134500 0.133800 0.021000 0.110000 0.111300 0.041800 0.086400 0.111600 0.063700 0.064600
MuntiacusR 0.113300 0.331800 0.137300 0.319300 0.138700 0.137800 0.122100 0.137300 0.137200 0.065700 0.162900 0.191300 0.137100 0.095000 0.136600 0.164000 0.147100 0.114400 0.134500 0.137200 0.112700 0.135400 0.065900 0.066100 0.162900 0.139800 0.112700 0.112800 0.192400 0.161800 0.000000 0.146500 0.116200 0.112700 0.167300 0.137600 0.139900 0.112300 0.162900 0.043200 0.065900 0.166400 0.065700 0.065500 0.137000 0.188000 0.139200 0.112200 0.184500 0.191800 0.136600 0.190600
HarveysDui 0.138100 0.268500 0.132500 0.252300 0.087900 0.163300 0.064500 0.086500 0.086800 0.145300 0.159300 0.136700 0.087100 0.042100 0.086300 0.110500 0.162100 0.135100 0.131900 0.086800 0.064400 0.132900 0.144700 0.145400 0.159300 0.088700 0.064400 0.109100 0.135600 0.109900 0.146500 0.000000 0.111900 0.064400 0.114100 0.086900 0.136600 0.064200 0.111100 0.119300 0.144700 0.112700 0.145300 0.144600 0.086600 0.133900 0.135600 0.064100 0.147200 0.136000 0.132500 0.134600
Pronghorn 0.160900 0.214200 0.065500 0.281600 0.066500 0.186600 0.089400 0.042800 0.065200 0.089900 0.156600 0.088100 0.065800 0.065400 0.043000 0.089900 0.110700 0.087600 0.111300 0.065200 0.043300 0.112200 0.090600 0.090400 0.156600 0.067200 0.043200 0.042800 0.115000 0.088200 0.116200 0.111900 0.000000 0.043200 0.092000 0.065900 0.134400 0.043200 0.089500 0.066700 0.090600 0.091100 0.089900 0.089700 0.065700 0.112800 0.066800 0.043100 0.136400 0.113800 0.065300 0.113100
BlueWildeb 0.090200 0.215200 0.063700 0.201500 0.021100 0.114200 0.042900 0.020600 0.020600 0.087300 0.087800 0.066000 0.020700 0.021000 0.020800 0.042400 0.087900 0.065400 0.063400 0.020600 0.000300 0.063800 0.087700 0.087500 0.087800 0.021300 0.000000 0.041800 0.050500 0.042200 0.112700 0.064400 0.043200 0.000000 0.043300 0.020700 0.065800 0.000300 0.042500 0.064600 0.087700 0.043300 0.087300 0.087200 0.020700 0.064200 0.064900 0.000400 0.086300 0.066000 0.063600 0.064600
Gemsbok 0.143600 0.244900 0.112100 0.208900 0.066800 0.169900 0.091100 0.065700 0.065800 0.138600 0.140600 0.116600 0.065900 0.066300 0.066200 0.090500 0.140500 0.116200 0.112700 0.065800 0.043600 0.112700 0.139500 0.139000 0.140600 0.068000 0.043300 0.088500 0.101100 0.089100 0.167300 0.114100 0.092000 0.043300 0.000000 0.066400 0.116200 0.043600 0.090800 0.113900 0.139500 0.092300 0.138600 0.139300 0.066200 0.089400 0.115300 0.043500 0.138400 0.116600 0.112000 0.113800
Yak 0.114700 0.251000 0.042300 0.227700 0.043000 0.139400 0.065100 0.042300 0.000300 0.111100 0.065300 0.043700 0.042400 0.042100 0.042100 0.064800 0.111200 0.088500 0.086000 0.000300 0.020800 0.086700 0.111700 0.111500 0.065300 0.043300 0.020700 0.020700 0.088400 0.021000 0.137600 0.086900 0.065900 0.020700 0.066400 0.000000 0.089300 0.020800 0.065000 0.087700 0.111700 0.066100 0.111100 0.110500 0.000100 0.087300 0.088100 0.020600 0.064300 0.088700 0.042200 0.043000
BlueSheep 0.021400 0.227800 0.136000 0.261400 0.090000 0.043200 0.113700 0.065500 0.088900 0.113200 0.020800 0.141000 0.043200 0.088800 0.088100 0.113300 0.138000 0.114300 0.042800 0.088900 0.065800 0.000200 0.113800 0.163800 0.020800 0.090800 0.065800 0.111900 0.139100 0.112500 0.139900 0.136600 0.134400 0.065800 0.116200 0.089300 0.000000 0.065700 0.113500 0.137900 0.113800 0.115400 0.113200 0.162300 0.089000 0.137300 0.138700 0.065400 0.161400 0.138100 0.087900 0.138100
BohorReedb 0.089900 0.220600 0.063700 0.199800 0.021100 0.113800 0.042800 0.020700 0.020800 0.087000 0.087500 0.065800 0.020900 0.021000 0.020800 0.042500 0.087300 0.065200 0.063200 0.020800 0.000100 0.063700 0.087500 0.087300 0.087500 0.021300 0.000300 0.041900 0.065100 0.042200 0.112300 0.064200 0.043200 0.000300 0.043600 0.020800 0.065700 0.000000 0.042600 0.064500 0.087500 0.043300 0.087000 0.086800 0.020800 0.064200 0.065000 0.000300 0.086300 0.065500 0.063600 0.064600
KirksDik 0.140200 0.281900 0.109900 0.258100 0.065600 0.165700 0.088800 0.064600 0.064800 0.135400 0.136300 0.113900 0.064700 0.065000 0.064500 0.087600 0.135900 0.112700 0.109400 0.064800 0.042700 0.110300 0.120000 0.135800 0.136300 0.021000 0.042500 0.086900 0.112200 0.087500 0.162900 0.111100 0.089500 0.042500 0.090800 0.065000 0.113500 0.042600 0.000000 0.111200 0.120000 0.042600 0.135400 0.134900 0.064900 0.111100 0.112400 0.042500 0.134300 0.088800 0.109900 0.111500
RoeDeer 0.165300 0.264500 0.087500 0.292400 0.088400 0.191700 0.095300 0.087300 0.087500 0.021000 0.160700 0.137200 0.087300 0.069300 0.087100 0.111700 0.119300 0.088800 0.132800 0.087500 0.064600 0.133700 0.021100 0.021100 0.160700 0.089000 0.064600 0.064700 0.137300 0.110600 0.043200 0.119300 0.066700 0.064600 0.113900 0.087700 0.137900 0.064500 0.111200 0.000000 0.021100 0.113400 0.021000 0.021000 0.087500 0.134800 0.088600 0.064400 0.132200 0.137400 0.087100 0.136300
WhiteLippe 0.140200 0.265800 0.111300 0.294100 0.112500 0.166000 0.120300 0.111100 0.111300 0.000200 0.136400 0.163400 0.064600 0.094200 0.110700 0.136600 0.144100 0.113100 0.158100 0.111300 0.087700 0.110400 0.000000 0.042900 0.136400 0.096800 0.087700 0.087900 0.163300 0.135300 0.065900 0.144700 0.090600 0.087700 0.139500 0.111700 0.113800 0.087500 0.120000 0.021100 0.000000 0.122700 0.000200 0.042500 0.111300 0.160500 0.113000 0.087500 0.157200 0.162400 0.064600 0.162100
ThomsonGaz 0.142800 0.283400 0.111900 0.263400 0.066800 0.168800 0.090400 0.065900 0.066000 0.137800 0.138500 0.115500 0.065800 0.066200 0.065500 0.089500 0.138100 0.114500 0.110900 0.066000 0.043400 0.111800 0.122700 0.138400 0.138500 0.021300 0.043300 0.088500 0.114500 0.089000 0.166400 0.112700 0.091100 0.043300 0.092300 0.066100 0.115400 0.043300 0.042600 0.113400 0.122700 0.000000 0.137800 0.137400 0.066000 0.112900 0.114400 0.043200 0.136600 0.090600 0.111700 0.113700
MuntiacusC 0.139500 0.245400 0.110700 0.293100 0.111800 0.165100 0.120900 0.110400 0.110800 0.000000 0.135800 0.162500 0.064300 0.093900 0.110500 0.135900 0.143700 0.112600 0.157300 0.110800 0.087300 0.109800 0.000200 0.042600 0.135800 0.112700 0.087300 0.087400 0.162500 0.134500 0.065700 0.145300 0.089900 0.087300 0.138600 0.111100 0.113200 0.087000 0.135400 0.021000 0.000200 0.137800 0.000000 0.042400 0.110700 0.159600 0.112300 0.087200 0.156600 0.162700 0.064300 0.161100
WhiteTaile 0.190500 0.294900 0.110400 0.323000 0.111400 0.162400 0.120500 0.110200 0.110300 0.042400 0.185300 0.161500 0.110400 0.093900 0.110000 0.135600 0.119800 0.111900 0.156500 0.110300 0.087100 0.157500 0.042500 0.000100 0.185300 0.112300 0.087200 0.087100 0.162200 0.133800 0.065500 0.144600 0.089700 0.087200 0.139300 0.110500 0.162300 0.086800 0.134900 0.021000 0.042500 0.137400 0.042400 0.000000 0.110200 0.158800 0.112000 0.086700 0.155900 0.161400 0.109900 0.160500
Cattle 0.114200 0.250500 0.042200 0.227200 0.042900 0.138800 0.064900 0.042200 0.000200 0.110700 0.065000 0.043600 0.042300 0.042000 0.042000 0.064700 0.110700 0.088200 0.085700 0.000200 0.020700 0.086400 0.111300 0.111200 0.065000 0.043200 0.020700 0.020800 0.088100 0.021000 0.137000 0.086600 0.065700 0.020700 0.066200 0.000100 0.089000 0.020800 0.064900 0.087500 0.111300 0.066000 0.110700 0.110200 0.000000 0.087000 0.087900 0.020600 0.064200 0.088300 0.042100 0.042800
RoyalAntel 0.164600 0.300200 0.132800 0.287900 0.087900 0.190800 0.111500 0.086600 0.086900 0.159600 0.160000 0.137800 0.086900 0.087000 0.086500 0.064500 0.159700 0.136100 0.132200 0.086900 0.064300 0.133300 0.160500 0.160100 0.160000 0.088700 0.064200 0.109400 0.087800 0.110000 0.188000 0.133900 0.112800 0.064200 0.089400 0.087300 0.137300 0.064200 0.111100 0.134800 0.160500 0.112900 0.159600 0.158800 0.087000 0.000000 0.135700 0.064200 0.157900 0.136400 0.132700 0.134800
Steenbok 0.166800 0.245200 0.087400 0.289400 0.089000 0.193300 0.113000 0.087600 0.087900 0.112300 0.162000 0.138800 0.087800 0.088200 0.087600 0.111900 0.112700 0.089600 0.133600 0.087900 0.065100 0.134500 0.113000 0.112700 0.162000 0.089800 0.064900 0.064700 0.137500 0.111300 0.139200 0.135600 0.066800 0.064900 0.115300 0.088100 0.138700 0.065000 0.112400 0.088600 0.113000 0.114400 0.112300 0.112000 0.087900 0.135700 0.000000 0.064900 0.111300 0.138600 0.087300 0.136400
Impala 0.089500 0.212200 0.063200 0.198300 0.021100 0.113200 0.042700 0.020500 0.020300 0.087200 0.087000 0.065500 0.020900 0.020900 0.020800 0.042400 0.086900 0.064900 0.063200 0.020300 0.000300 0.063500 0.087500 0.087600 0.087000 0.021300 0.000400 0.041200 0.065000 0.041800 0.112200 0.064100 0.043100 0.000400 0.043500 0.020600 0.065400 0.000300 0.042500 0.064400 0.087500 0.043200 0.087200 0.086700 0.020600 0.064200 0.064900 0.000000 0.086200 0.065400 0.063100 0.064300
Klipspring 0.189900 0.328900 0.108800 0.255600 0.110800 0.216900 0.125000 0.109000 0.063900 0.156600 0.134900 0.112600 0.109500 0.096100 0.109100 0.134000 0.184300 0.160100 0.155800 0.063900 0.086500 0.157000 0.157200 0.157300 0.134900 0.111800 0.086300 0.085800 0.160100 0.086400 0.184500 0.147200 0.136400 0.086300 0.138400 0.064300 0.161400 0.086300 0.134300 0.132200 0.157200 0.136600 0.156600 0.155900 0.064200 0.157900 0.111300 0.086200 0.000000 0.160400 0.108600 0.110400
ForestMusk 0.165900 0.297000 0.134600 0.290500 0.089900 0.192000 0.114100 0.088700 0.088400 0.162700 0.160600 0.138900 0.089100 0.089100 0.088300 0.112800 0.160900 0.137400 0.133700 0.088400 0.065800 0.134600 0.162400 0.163500 0.160600 0.066700 0.066000 0.110900 0.138800 0.111600 0.191800 0.136000 0.113800 0.066000 0.116600 0.088700 0.138100 0.065500 0.088800 0.137400 0.162400 0.090600 0.162700 0.161400 0.088300 0.136400 0.138600 0.065400 0.160400 0.000000 0.134300 0.112400
Bushbuck 0.112900 0.220400 0.041900 0.254100 0.087100 0.137300 0.110100 0.085700 0.042000 0.064300 0.064300 0.088400 0.041500 0.086000 0.085300 0.109900 0.113800 0.087500 0.130900 0.042000 0.063600 0.085600 0.064600 0.110800 0.064300 0.087800 0.063600 0.020800 0.134800 0.063700 0.136600 0.132500 0.065300 0.063600 0.112000 0.042200 0.087900 0.063600 0.109900 0.087100 0.064600 0.111700 0.064300 0.109900 0.042100 0.132700 0.087300 0.063100 0.108600 0.134300 0.000000 0.086800
GreaterKud 0.165700 0.311000 0.039500 0.289700 0.088500 0.192100 0.112200 0.087300 0.042700 0.161100 0.112000 0.089700 0.087400 0.087700 0.086900 0.111700 0.165900 0.136600 0.132700 0.042700 0.064700 0.133900 0.162100 0.161900 0.112000 0.089300 0.064600 0.064800 0.137200 0.064600 0.190600 0.134600 0.113100 0.064600 0.113800 0.043000 0.138100 0.064600 0.111500 0.136300 0.162100 0.113700 0.161100 0.160500 0.042800 0.134800 0.136400 0.064300 0.110400 0.112400 0.086800 0.000000
