CODONML (in paml version 4.10.7, June 2023)  /home/rachel/ruminants_paml/6406-phy-tree/ENSBTAT00000033157.fasta.phy
Model: free dN/dS Ratios for branches,  kappa = 2.000 fixed

Codon frequency model: F3x4
ns =  54  ls =  38

Codon usage in sequences
--------------------------------------------------------------------------------------------------------------------------------------
Phe TTT   1   1   1   1   0   0 | Ser TCT   0   0   0   0   0   0 | Tyr TAT   1   1   1   1   1   1 | Cys TGT   0   0   0   0   0   0
    TTC   1   1   1   1   2   2 |     TCC   0   0   0   0   0   0 |     TAC   0   0   0   0   0   0 |     TGC   0   0   0   0   0   0
Leu TTA   1   1   1   1   1   1 |     TCA   0   0   0   0   0   0 | *** TAA   0   0   0   0   0   0 | *** TGA   0   0   0   0   0   0
    TTG   0   0   0   0   0   0 |     TCG   0   0   0   0   0   0 |     TAG   0   0   0   0   0   0 | Trp TGG   0   0   0   0   0   0
--------------------------------------------------------------------------------------------------------------------------------------
Leu CTT   0   0   0   0   0   0 | Pro CCT   1   0   1   1   0   1 | His CAT   0   0   0   0   0   0 | Arg CGT   0   1   0   0   0   0
    CTC   0   0   0   0   0   0 |     CCC   0   0   0   0   1   0 |     CAC   1   1   1   1   1   1 |     CGC   0   0   0   0   1   0
    CTA   0   0   0   0   0   0 |     CCA   0   1   0   0   0   0 | Gln CAA   0   0   0   0   0   0 |     CGA   2   1   2   2   1   1
    CTG   1   1   1   1   1   1 |     CCG   0   0   0   0   0   0 |     CAG   0   0   0   0   0   0 |     CGG   0   0   0   0   0   0
--------------------------------------------------------------------------------------------------------------------------------------
Ile ATT   0   0   0   0   0   0 | Thr ACT   1   1   1   1   1   1 | Asn AAT   1   1   1   0   1   1 | Ser AGT   0   0   0   0   0   0
    ATC   1   1   1   1   1   1 |     ACC   0   0   0   0   0   0 |     AAC   1   1   1   2   1   1 |     AGC   0   0   0   0   0   0
    ATA   0   0   0   0   0   0 |     ACA   0   0   0   0   0   0 | Lys AAA   2   2   2   2   2   2 | Arg AGA   0   0   0   0   0   1
Met ATG   1   1   1   1   1   1 |     ACG   0   0   0   0   0   0 |     AAG   2   2   2   2   2   2 |     AGG   1   1   1   1   1   1
--------------------------------------------------------------------------------------------------------------------------------------
Val GTT   0   0   0   0   0   0 | Ala GCT   4   4   4   4   2   4 | Asp GAT   1   2   1   1   1   2 | Gly GGT   0   0   0   0   1   0
    GTC   0   0   0   0   0   1 |     GCC   1   1   1   1   1   0 |     GAC   2   1   2   2   2   1 |     GGC   0   0   0   0   0   0
    GTA   0   0   0   0   0   1 |     GCA   1   1   1   1   2   0 | Glu GAA   2   2   2   2   1   1 |     GGA   0   0   0   0   0   0
    GTG   5   5   5   5   5   4 |     GCG   0   0   0   0   1   1 |     GAG   1   1   1   1   2   2 |     GGG   2   2   2   2   1   2
--------------------------------------------------------------------------------------------------------------------------------------

--------------------------------------------------------------------------------------------------------------------------------------
Phe TTT   1   1   1   0   1   1 | Ser TCT   0   0   0   0   0   0 | Tyr TAT   1   1   1   1   1   1 | Cys TGT   0   0   0   0   0   0
    TTC   1   1   1   2   1   1 |     TCC   0   0   0   0   0   0 |     TAC   0   0   0   0   0   0 |     TGC   0   0   0   0   0   0
Leu TTA   1   1   1   1   1   1 |     TCA   0   0   0   0   0   0 | *** TAA   0   0   0   0   0   0 | *** TGA   0   0   0   0   0   0
    TTG   0   0   0   0   0   0 |     TCG   0   0   0   0   0   0 |     TAG   0   0   0   0   0   0 | Trp TGG   0   0   0   0   0   0
--------------------------------------------------------------------------------------------------------------------------------------
Leu CTT   0   0   0   1   0   0 | Pro CCT   1   1   1   1   1   1 | His CAT   0   0   0   0   0   1 | Arg CGT   0   0   0   0   0   0
    CTC   0   0   0   0   0   0 |     CCC   0   0   0   0   0   0 |     CAC   1   1   1   1   1   0 |     CGC   0   0   0   0   0   0
    CTA   0   0   0   0   0   0 |     CCA   0   0   0   0   0   0 | Gln CAA   0   0   0   0   0   0 |     CGA   2   2   1   2   2   2
    CTG   1   1   1   0   1   1 |     CCG   0   0   0   0   0   0 |     CAG   0   0   0   0   0   0 |     CGG   0   0   1   0   0   0
--------------------------------------------------------------------------------------------------------------------------------------
Ile ATT   0   0   0   0   0   0 | Thr ACT   1   1   1   1   1   1 | Asn AAT   0   0   1   1   1   1 | Ser AGT   0   0   0   0   0   0
    ATC   1   1   1   1   1   1 |     ACC   0   0   0   0   0   0 |     AAC   2   2   1   1   1   1 |     AGC   0   0   0   0   0   0
    ATA   0   0   0   0   0   0 |     ACA   0   0   0   0   0   0 | Lys AAA   1   2   2   2   2   2 | Arg AGA   0   0   0   0   0   0
Met ATG   1   1   1   1   1   1 |     ACG   0   0   0   0   0   0 |     AAG   3   2   2   2   2   2 |     AGG   1   1   1   1   1   1
--------------------------------------------------------------------------------------------------------------------------------------
Val GTT   0   0   0   0   0   0 | Ala GCT   4   4   5   5   4   4 | Asp GAT   0   1   1   2   1   1 | Gly GGT   0   0   0   0   0   0
    GTC   0   0   0   0   0   0 |     GCC   1   1   0   1   1   1 |     GAC   3   2   2   1   2   2 |     GGC   0   0   0   0   0   0
    GTA   0   0   0   0   0   0 |     GCA   0   1   1   0   1   1 | Glu GAA   2   2   2   2   2   2 |     GGA   0   0   0   0   0   0
    GTG   5   5   5   5   5   5 |     GCG   1   0   0   0   0   0 |     GAG   1   1   1   1   1   1 |     GGG   2   2   2   2   2   2
--------------------------------------------------------------------------------------------------------------------------------------

--------------------------------------------------------------------------------------------------------------------------------------
Phe TTT   1   1   1   1   0   0 | Ser TCT   0   0   0   0   0   0 | Tyr TAT   1   1   1   1   1   1 | Cys TGT   0   0   0   0   0   0
    TTC   1   1   1   1   2   2 |     TCC   0   0   0   0   0   0 |     TAC   0   0   0   0   0   0 |     TGC   0   0   0   0   0   0
Leu TTA   1   1   1   1   1   1 |     TCA   0   0   0   0   0   0 | *** TAA   0   0   0   0   0   0 | *** TGA   0   0   0   0   0   0
    TTG   0   0   0   0   0   0 |     TCG   0   0   0   0   0   0 |     TAG   0   0   0   0   0   0 | Trp TGG   0   0   0   0   0   0
--------------------------------------------------------------------------------------------------------------------------------------
Leu CTT   0   0   0   0   0   0 | Pro CCT   1   1   1   1   1   1 | His CAT   0   0   1   0   0   1 | Arg CGT   0   0   0   0   0   0
    CTC   0   0   0   0   0   0 |     CCC   0   0   0   0   0   0 |     CAC   1   1   1   1   1   0 |     CGC   0   0   0   0   0   0
    CTA   0   0   0   0   0   0 |     CCA   0   0   0   0   0   0 | Gln CAA   0   0   0   0   0   0 |     CGA   2   1   1   1   2   2
    CTG   1   1   1   1   1   1 |     CCG   0   0   0   0   0   0 |     CAG   0   0   0   0   0   0 |     CGG   0   0   1   1   0   0
--------------------------------------------------------------------------------------------------------------------------------------
Ile ATT   0   0   0   0   0   0 | Thr ACT   1   1   1   1   0   1 | Asn AAT   1   1   0   1   1   1 | Ser AGT   0   0   0   0   0   0
    ATC   1   1   1   1   1   1 |     ACC   0   0   0   0   0   0 |     AAC   1   1   1   1   1   1 |     AGC   0   0   0   0   0   0
    ATA   0   0   0   0   0   0 |     ACA   0   0   0   0   0   0 | Lys AAA   2   2   2   2   2   2 | Arg AGA   0   1   0   0   0   0
Met ATG   1   1   1   1   1   1 |     ACG   0   0   0   0   0   0 |     AAG   2   2   2   2   2   2 |     AGG   1   1   1   1   1   1
--------------------------------------------------------------------------------------------------------------------------------------
Val GTT   0   0   0   0   0   0 | Ala GCT   4   4   4   5   4   4 | Asp GAT   1   1   1   1   0   1 | Gly GGT   0   0   0   0   0   0
    GTC   0   0   0   0   0   0 |     GCC   1   1   1   0   2   1 |     GAC   2   3   2   2   3   2 |     GGC   0   0   0   0   0   0
    GTA   0   0   0   0   0   0 |     GCA   1   1   1   1   1   1 | Glu GAA   2   1   3   2   2   2 |     GGA   0   0   0   0   0   0
    GTG   5   5   5   5   5   5 |     GCG   0   0   0   0   0   0 |     GAG   1   1   0   1   1   1 |     GGG   2   2   2   2   2   2
--------------------------------------------------------------------------------------------------------------------------------------

--------------------------------------------------------------------------------------------------------------------------------------
Phe TTT   1   1   1   1   0   1 | Ser TCT   0   0   0   0   0   0 | Tyr TAT   1   1   1   1   1   1 | Cys TGT   0   0   0   0   0   0
    TTC   1   1   1   1   2   1 |     TCC   0   0   0   0   0   0 |     TAC   0   0   0   0   0   0 |     TGC   0   0   0   0   0   0
Leu TTA   1   1   1   1   1   1 |     TCA   0   0   0   0   0   0 | *** TAA   0   0   0   0   0   0 | *** TGA   0   0   0   0   0   0
    TTG   1   0   0   0   0   0 |     TCG   0   0   0   0   0   0 |     TAG   0   0   0   0   0   0 | Trp TGG   0   0   0   0   0   0
--------------------------------------------------------------------------------------------------------------------------------------
Leu CTT   0   0   0   0   0   0 | Pro CCT   1   1   0   1   1   1 | His CAT   0   0   0   0   0   0 | Arg CGT   0   0   0   0   0   0
    CTC   0   0   0   0   0   0 |     CCC   0   0   0   0   0   0 |     CAC   1   1   1   1   1   1 |     CGC   0   0   0   0   0   0
    CTA   0   0   0   0   0   0 |     CCA   0   0   1   0   0   0 | Gln CAA   0   0   0   0   0   0 |     CGA   2   2   2   2   2   2
    CTG   0   1   1   1   1   1 |     CCG   0   0   0   0   0   0 |     CAG   0   0   0   0   0   0 |     CGG   0   0   0   0   0   0
--------------------------------------------------------------------------------------------------------------------------------------
Ile ATT   0   0   0   0   0   0 | Thr ACT   1   1   1   1   1   1 | Asn AAT   1   1   1   1   1   1 | Ser AGT   0   0   0   0   0   0
    ATC   1   1   1   1   1   1 |     ACC   0   0   0   0   0   0 |     AAC   1   1   1   1   1   1 |     AGC   0   0   0   0   0   0
    ATA   0   0   0   0   0   0 |     ACA   0   0   0   0   0   0 | Lys AAA   2   2   2   2   2   2 | Arg AGA   0   0   0   0   0   0
Met ATG   1   1   1   1   1   1 |     ACG   0   0   0   0   0   0 |     AAG   2   2   2   2   2   2 |     AGG   1   1   1   1   1   1
--------------------------------------------------------------------------------------------------------------------------------------
Val GTT   0   0   0   0   0   0 | Ala GCT   4   4   4   4   4   4 | Asp GAT   1   1   1   1   1   1 | Gly GGT   0   0   0   0   0   0
    GTC   0   0   0   0   0   0 |     GCC   1   1   1   1   1   1 |     GAC   2   2   2   2   2   2 |     GGC   0   0   0   0   0   0
    GTA   1   1   0   0   0   0 |     GCA   1   1   1   1   1   1 | Glu GAA   2   2   2   2   2   2 |     GGA   0   0   1   0   0   0
    GTG   4   4   5   5   5   5 |     GCG   0   0   0   0   0   0 |     GAG   1   1   1   1   1   1 |     GGG   2   2   1   2   2   2
--------------------------------------------------------------------------------------------------------------------------------------

--------------------------------------------------------------------------------------------------------------------------------------
Phe TTT   1   1   1   0   1   1 | Ser TCT   0   0   0   0   0   0 | Tyr TAT   1   1   1   1   1   1 | Cys TGT   0   0   0   0   0   0
    TTC   1   1   1   2   1   1 |     TCC   0   0   0   0   0   0 |     TAC   0   0   0   0   0   0 |     TGC   0   0   0   0   0   0
Leu TTA   1   1   1   1   1   1 |     TCA   0   0   0   0   0   0 | *** TAA   0   0   0   0   0   0 | *** TGA   0   0   0   0   0   0
    TTG   0   0   0   0   0   0 |     TCG   0   0   0   0   0   0 |     TAG   0   0   0   0   0   0 | Trp TGG   0   0   0   0   0   0
--------------------------------------------------------------------------------------------------------------------------------------
Leu CTT   0   0   0   0   0   0 | Pro CCT   1   1   1   1   1   1 | His CAT   1   1   0   1   1   0 | Arg CGT   0   0   0   0   0   0
    CTC   0   0   0   0   0   0 |     CCC   0   0   0   0   0   0 |     CAC   0   0   1   0   1   1 |     CGC   0   0   0   0   0   0
    CTA   0   0   0   0   0   0 |     CCA   0   0   0   0   0   0 | Gln CAA   0   0   0   0   0   0 |     CGA   2   2   2   2   1   2
    CTG   1   1   1   1   1   1 |     CCG   0   0   0   0   0   0 |     CAG   0   0   0   0   0   0 |     CGG   0   0   0   0   1   0
--------------------------------------------------------------------------------------------------------------------------------------
Ile ATT   0   0   0   0   0   0 | Thr ACT   1   1   1   1   1   1 | Asn AAT   1   1   1   1   0   1 | Ser AGT   0   0   0   0   0   0
    ATC   1   1   1   1   1   1 |     ACC   0   0   0   0   0   0 |     AAC   1   1   1   1   1   1 |     AGC   0   0   0   0   0   0
    ATA   0   0   0   0   0   0 |     ACA   0   0   0   0   0   0 | Lys AAA   3   2   2   2   2   2 | Arg AGA   0   0   0   0   0   0
Met ATG   1   1   1   1   1   1 |     ACG   0   0   0   0   0   0 |     AAG   1   2   2   2   2   2 |     AGG   1   1   1   1   1   1
--------------------------------------------------------------------------------------------------------------------------------------
Val GTT   0   0   0   0   0   0 | Ala GCT   4   4   4   3   4   4 | Asp GAT   1   2   1   1   1   1 | Gly GGT   0   0   0   0   0   0
    GTC   0   0   0   0   0   0 |     GCC   1   1   1   1   1   1 |     GAC   2   1   2   2   2   2 |     GGC   0   0   0   0   0   0
    GTA   0   0   0   0   0   0 |     GCA   1   1   1   1   1   1 | Glu GAA   2   2   2   2   2   2 |     GGA   1   0   0   0   0   0
    GTG   5   5   5   5   5   5 |     GCG   0   0   0   1   0   0 |     GAG   1   1   1   1   1   1 |     GGG   1   2   2   2   2   2
--------------------------------------------------------------------------------------------------------------------------------------

--------------------------------------------------------------------------------------------------------------------------------------
Phe TTT   0   1   1   1   1   1 | Ser TCT   0   0   0   0   0   0 | Tyr TAT   1   1   1   1   1   1 | Cys TGT   0   0   0   0   0   0
    TTC   2   1   1   1   1   1 |     TCC   0   0   0   0   0   0 |     TAC   0   0   0   0   0   0 |     TGC   0   0   0   0   0   0
Leu TTA   1   1   1   1   1   1 |     TCA   0   0   0   0   0   0 | *** TAA   0   0   0   0   0   0 | *** TGA   0   0   0   0   0   0
    TTG   0   0   0   0   0   0 |     TCG   0   0   0   0   0   0 |     TAG   0   0   0   0   0   0 | Trp TGG   0   0   0   0   0   0
--------------------------------------------------------------------------------------------------------------------------------------
Leu CTT   0   0   0   0   0   0 | Pro CCT   1   1   1   1   1   1 | His CAT   0   0   1   0   0   1 | Arg CGT   0   0   0   0   0   0
    CTC   0   0   0   0   0   0 |     CCC   0   0   0   0   0   0 |     CAC   1   1   0   1   1   1 |     CGC   0   0   0   0   0   0
    CTA   0   0   0   0   0   0 |     CCA   0   0   0   0   0   0 | Gln CAA   0   0   0   0   0   0 |     CGA   2   2   2   1   2   1
    CTG   1   1   1   1   1   1 |     CCG   0   0   0   0   0   0 |     CAG   0   0   0   0   0   0 |     CGG   0   0   0   1   0   1
--------------------------------------------------------------------------------------------------------------------------------------
Ile ATT   0   0   0   0   0   0 | Thr ACT   1   1   1   1   1   1 | Asn AAT   0   1   1   1   1   0 | Ser AGT   0   0   0   0   0   0
    ATC   1   1   1   1   1   1 |     ACC   0   0   0   0   0   0 |     AAC   2   1   1   1   1   1 |     AGC   0   0   0   0   0   0
    ATA   0   0   0   0   0   0 |     ACA   0   0   0   0   0   0 | Lys AAA   2   2   2   2   2   2 | Arg AGA   0   0   0   0   0   0
Met ATG   1   1   1   1   1   1 |     ACG   0   0   0   0   0   0 |     AAG   2   2   2   2   2   2 |     AGG   1   1   1   1   1   1
--------------------------------------------------------------------------------------------------------------------------------------
Val GTT   0   0   0   0   0   0 | Ala GCT   4   4   4   4   4   4 | Asp GAT   1   1   1   1   2   1 | Gly GGT   0   0   0   0   0   0
    GTC   0   0   0   0   0   0 |     GCC   1   1   1   1   1   1 |     GAC   2   2   2   2   1   2 |     GGC   0   0   0   0   0   0
    GTA   0   0   0   0   1   0 |     GCA   1   1   1   1   1   1 | Glu GAA   2   2   2   2   2   2 |     GGA   0   0   0   0   0   0
    GTG   5   5   5   5   4   5 |     GCG   0   0   0   0   0   0 |     GAG   1   1   1   1   1   1 |     GGG   2   2   2   2   2   2
--------------------------------------------------------------------------------------------------------------------------------------

--------------------------------------------------------------------------------------------------------------------------------------
Phe TTT   1   1   1   1   0   1 | Ser TCT   0   0   0   0   0   0 | Tyr TAT   1   1   1   1   0   1 | Cys TGT   0   0   0   0   0   0
    TTC   1   1   1   1   2   1 |     TCC   0   0   0   0   0   0 |     TAC   0   0   0   0   1   0 |     TGC   0   0   0   0   0   0
Leu TTA   1   1   1   1   1   1 |     TCA   0   0   0   0   0   0 | *** TAA   0   0   0   0   0   0 | *** TGA   0   0   0   0   0   0
    TTG   0   0   0   0   0   0 |     TCG   0   0   0   0   0   0 |     TAG   0   0   0   0   0   0 | Trp TGG   0   0   0   0   0   0
--------------------------------------------------------------------------------------------------------------------------------------
Leu CTT   0   0   0   0   0   0 | Pro CCT   1   1   1   1   1   1 | His CAT   0   0   0   0   0   1 | Arg CGT   0   0   0   0   0   0
    CTC   0   0   0   0   0   0 |     CCC   0   0   0   0   0   0 |     CAC   1   1   1   1   1   0 |     CGC   0   0   0   0   0   0
    CTA   0   0   0   0   0   0 |     CCA   0   0   0   0   0   0 | Gln CAA   0   0   0   0   0   0 |     CGA   2   2   2   2   2   2
    CTG   1   1   1   1   1   0 |     CCG   0   0   0   0   0   0 |     CAG   0   0   0   0   0   0 |     CGG   0   0   0   0   0   0
--------------------------------------------------------------------------------------------------------------------------------------
Ile ATT   0   0   0   0   0   0 | Thr ACT   1   1   1   1   1   1 | Asn AAT   1   1   1   0   1   1 | Ser AGT   1   0   0   0   0   0
    ATC   1   1   1   1   1   1 |     ACC   0   0   0   0   0   0 |     AAC   1   1   1   2   1   1 |     AGC   0   0   0   0   0   0
    ATA   0   0   0   0   0   0 |     ACA   0   0   0   0   0   0 | Lys AAA   2   2   2   1   2   2 | Arg AGA   0   0   0   0   0   0
Met ATG   1   1   1   1   1   2 |     ACG   0   0   0   0   0   0 |     AAG   2   2   2   3   2   2 |     AGG   1   1   1   1   1   1
--------------------------------------------------------------------------------------------------------------------------------------
Val GTT   0   0   0   0   0   0 | Ala GCT   3   3   3   4   4   4 | Asp GAT   1   1   1   1   1   1 | Gly GGT   0   0   0   0   0   0
    GTC   0   0   0   0   0   0 |     GCC   1   1   1   1   1   1 |     GAC   2   2   2   2   2   2 |     GGC   0   0   0   0   0   0
    GTA   0   0   0   0   0   0 |     GCA   1   1   1   1   1   1 | Glu GAA   2   2   2   2   2   2 |     GGA   0   0   0   0   0   0
    GTG   5   5   5   5   5   5 |     GCG   0   1   1   0   0   0 |     GAG   1   1   1   1   1   1 |     GGG   2   2   2   2   2   2
--------------------------------------------------------------------------------------------------------------------------------------

--------------------------------------------------------------------------------------------------------------------------------------
Phe TTT   1   0   1   1   1   1 | Ser TCT   0   0   0   0   0   0 | Tyr TAT   1   1   1   1   1   1 | Cys TGT   0   0   0   0   0   0
    TTC   1   2   1   1   1   1 |     TCC   0   0   0   0   0   0 |     TAC   0   0   0   0   0   0 |     TGC   0   0   0   0   0   0
Leu TTA   1   1   1   1   1   1 |     TCA   0   0   0   0   0   0 | *** TAA   0   0   0   0   0   0 | *** TGA   0   0   0   0   0   0
    TTG   0   0   0   0   0   0 |     TCG   0   0   0   0   0   0 |     TAG   0   0   0   0   0   0 | Trp TGG   0   0   0   0   0   0
--------------------------------------------------------------------------------------------------------------------------------------
Leu CTT   0   0   0   0   0   0 | Pro CCT   1   1   1   1   1   1 | His CAT   1   1   1   1   0   0 | Arg CGT   0   0   0   0   0   0
    CTC   0   0   0   0   0   0 |     CCC   0   0   0   0   0   0 |     CAC   0   0   0   0   1   1 |     CGC   0   0   0   0   0   0
    CTA   0   0   0   0   0   0 |     CCA   0   0   0   0   0   0 | Gln CAA   0   0   0   0   0   0 |     CGA   2   2   2   2   2   2
    CTG   1   1   1   1   1   1 |     CCG   0   0   0   0   0   0 |     CAG   0   0   0   0   0   0 |     CGG   0   0   0   0   0   0
--------------------------------------------------------------------------------------------------------------------------------------
Ile ATT   0   0   0   0   0   0 | Thr ACT   1   1   1   1   1   1 | Asn AAT   1   1   1   1   1   1 | Ser AGT   0   0   0   0   0   0
    ATC   1   1   1   1   1   1 |     ACC   0   0   0   0   0   0 |     AAC   1   1   1   1   1   1 |     AGC   0   0   0   0   0   0
    ATA   0   0   0   0   0   0 |     ACA   0   0   0   0   0   0 | Lys AAA   2   2   2   2   2   2 | Arg AGA   0   0   0   0   0   0
Met ATG   1   1   1   1   1   1 |     ACG   0   0   0   0   0   0 |     AAG   2   2   2   2   2   2 |     AGG   1   1   1   1   1   1
--------------------------------------------------------------------------------------------------------------------------------------
Val GTT   0   0   0   0   0   0 | Ala GCT   4   4   4   4   3   4 | Asp GAT   1   2   1   2   1   1 | Gly GGT   0   0   0   0   0   0
    GTC   0   0   0   0   0   0 |     GCC   1   1   1   1   1   1 |     GAC   2   1   2   1   2   2 |     GGC   0   0   0   0   0   0
    GTA   0   0   0   0   0   0 |     GCA   1   1   1   1   1   0 | Glu GAA   2   2   2   2   2   2 |     GGA   0   1   0   0   0   0
    GTG   5   5   5   5   5   5 |     GCG   0   0   0   0   1   1 |     GAG   1   1   1   1   1   1 |     GGG   2   1   2   2   2   2
--------------------------------------------------------------------------------------------------------------------------------------

--------------------------------------------------------------------------------------------------------------------------------------
Phe TTT   0   1   1   1   1   1 | Ser TCT   0   0   0   0   0   0 | Tyr TAT   1   1   1   1   1   1 | Cys TGT   0   0   0   0   0   0
    TTC   2   1   1   1   1   1 |     TCC   0   0   0   0   0   0 |     TAC   0   0   0   0   0   0 |     TGC   0   0   0   0   0   0
Leu TTA   1   1   1   1   1   1 |     TCA   0   0   0   0   0   0 | *** TAA   0   0   0   0   0   0 | *** TGA   0   0   0   0   0   0
    TTG   0   0   0   0   0   0 |     TCG   0   0   0   0   0   0 |     TAG   0   0   0   0   0   0 | Trp TGG   0   0   0   0   0   0
--------------------------------------------------------------------------------------------------------------------------------------
Leu CTT   0   0   0   0   0   0 | Pro CCT   1   1   1   1   1   1 | His CAT   0   0   0   0   0   0 | Arg CGT   0   0   0   0   0   0
    CTC   0   0   0   0   0   0 |     CCC   0   0   0   0   0   0 |     CAC   1   1   1   1   1   1 |     CGC   0   0   0   0   0   0
    CTA   0   0   0   0   0   0 |     CCA   0   0   0   0   0   0 | Gln CAA   0   0   0   0   0   0 |     CGA   2   2   2   2   2   2
    CTG   1   1   1   1   1   1 |     CCG   0   0   0   0   0   0 |     CAG   0   0   0   0   0   0 |     CGG   0   0   0   0   0   0
--------------------------------------------------------------------------------------------------------------------------------------
Ile ATT   0   0   0   0   0   0 | Thr ACT   0   1   1   1   0   1 | Asn AAT   1   1   0   0   1   1 | Ser AGT   0   0   0   0   0   0
    ATC   1   1   1   1   1   1 |     ACC   0   1   0   0   0   0 |     AAC   1   0   2   2   1   1 |     AGC   0   0   0   0   0   0
    ATA   0   0   0   0   0   0 |     ACA   0   0   0   0   0   0 | Lys AAA   2   2   2   2   2   2 | Arg AGA   0   0   0   0   0   0
Met ATG   1   1   2   1   1   1 |     ACG   0   0   0   0   1   0 |     AAG   2   2   2   2   2   2 |     AGG   1   1   1   1   1   1
--------------------------------------------------------------------------------------------------------------------------------------
Val GTT   0   0   0   0   0   0 | Ala GCT   5   4   4   4   4   4 | Asp GAT   1   1   1   1   1   1 | Gly GGT   0   0   0   0   0   0
    GTC   0   0   0   0   0   0 |     GCC   1   1   2   1   1   1 |     GAC   2   2   2   2   2   2 |     GGC   0   0   0   0   0   0
    GTA   0   0   0   0   0   0 |     GCA   1   1   0   1   1   1 | Glu GAA   2   2   2   2   2   2 |     GGA   0   0   0   0   0   0
    GTG   5   5   4   5   5   5 |     GCG   0   0   0   0   0   0 |     GAG   1   1   1   1   1   1 |     GGG   2   2   2   2   2   2
--------------------------------------------------------------------------------------------------------------------------------------

Codon position x base (3x4) table for each sequence.

#1: Argali         
position  1:    T:0.10526    C:0.13158    A:0.26316    G:0.50000
position  2:    T:0.28947    C:0.21053    A:0.36842    G:0.13158
position  3:    T:0.26316    C:0.18421    A:0.21053    G:0.34211
Average         T:0.21930    C:0.17544    A:0.28070    G:0.32456

#2: LesserMouseDeer
position  1:    T:0.10526    C:0.13158    A:0.26316    G:0.50000
position  2:    T:0.28947    C:0.21053    A:0.36842    G:0.13158
position  3:    T:0.28947    C:0.15789    A:0.21053    G:0.34211
Average         T:0.22807    C:0.16667    A:0.28070    G:0.32456

#3: LesserKudu     
position  1:    T:0.10526    C:0.13158    A:0.26316    G:0.50000
position  2:    T:0.28947    C:0.21053    A:0.36842    G:0.13158
position  3:    T:0.26316    C:0.18421    A:0.21053    G:0.34211
Average         T:0.21930    C:0.17544    A:0.28070    G:0.32456

#4: ForestMuskDeer2
position  1:    T:0.10526    C:0.13158    A:0.26316    G:0.50000
position  2:    T:0.28947    C:0.21053    A:0.36842    G:0.13158
position  3:    T:0.23684    C:0.21053    A:0.21053    G:0.34211
Average         T:0.21053    C:0.18421    A:0.28070    G:0.32456

#5: Camel          
position  1:    T:0.10526    C:0.13158    A:0.26316    G:0.50000
position  2:    T:0.28947    C:0.21053    A:0.36842    G:0.13158
position  3:    T:0.18421    C:0.26316    A:0.18421    G:0.36842
Average         T:0.19298    C:0.20175    A:0.27193    G:0.33333

#6: KillerWhale    
position  1:    T:0.10526    C:0.10526    A:0.28947    G:0.50000
position  2:    T:0.31579    C:0.18421    A:0.36842    G:0.13158
position  3:    T:0.26316    C:0.18421    A:0.18421    G:0.36842
Average         T:0.22807    C:0.15789    A:0.28070    G:0.33333

#7: DefassaWaterbuck
position  1:    T:0.10526    C:0.13158    A:0.26316    G:0.50000
position  2:    T:0.28947    C:0.21053    A:0.36842    G:0.13158
position  3:    T:0.21053    C:0.23684    A:0.15789    G:0.39474
Average         T:0.20175    C:0.19298    A:0.26316    G:0.34211

#8: Sheep          
position  1:    T:0.10526    C:0.13158    A:0.26316    G:0.50000
position  2:    T:0.28947    C:0.21053    A:0.36842    G:0.13158
position  3:    T:0.23684    C:0.21053    A:0.21053    G:0.34211
Average         T:0.21053    C:0.18421    A:0.28070    G:0.32456

#9: MaxwellsDuiker 
position  1:    T:0.10526    C:0.13158    A:0.26316    G:0.50000
position  2:    T:0.28947    C:0.21053    A:0.36842    G:0.13158
position  3:    T:0.28947    C:0.15789    A:0.18421    G:0.36842
Average         T:0.22807    C:0.16667    A:0.27193    G:0.33333

#10: GazellaPrzewalskyi
position  1:    T:0.10526    C:0.13158    A:0.26316    G:0.50000
position  2:    T:0.28947    C:0.21053    A:0.36842    G:0.13158
position  3:    T:0.31579    C:0.18421    A:0.18421    G:0.31579
Average         T:0.23684    C:0.17544    A:0.27193    G:0.31579

#11: MountainNyala  
position  1:    T:0.10526    C:0.13158    A:0.26316    G:0.50000
position  2:    T:0.28947    C:0.21053    A:0.36842    G:0.13158
position  3:    T:0.26316    C:0.18421    A:0.21053    G:0.34211
Average         T:0.21930    C:0.17544    A:0.28070    G:0.32456

#12: MuntiacusMuntjak
position  1:    T:0.10526    C:0.13158    A:0.26316    G:0.50000
position  2:    T:0.28947    C:0.21053    A:0.36842    G:0.13158
position  3:    T:0.28947    C:0.15789    A:0.21053    G:0.34211
Average         T:0.22807    C:0.16667    A:0.28070    G:0.32456

#13: goat           
position  1:    T:0.10526    C:0.13158    A:0.26316    G:0.50000
position  2:    T:0.28947    C:0.21053    A:0.36842    G:0.13158
position  3:    T:0.26316    C:0.18421    A:0.21053    G:0.34211
Average         T:0.21930    C:0.17544    A:0.28070    G:0.32456

#14: AfricanBuffalo 
position  1:    T:0.10526    C:0.10526    A:0.28947    G:0.50000
position  2:    T:0.28947    C:0.21053    A:0.36842    G:0.13158
position  3:    T:0.26316    C:0.21053    A:0.18421    G:0.34211
Average         T:0.21930    C:0.17544    A:0.28070    G:0.32456

#15: Topi           
position  1:    T:0.10526    C:0.15789    A:0.23684    G:0.50000
position  2:    T:0.28947    C:0.21053    A:0.36842    G:0.13158
position  3:    T:0.26316    C:0.18421    A:0.21053    G:0.34211
Average         T:0.21930    C:0.18421    A:0.27193    G:0.32456

#16: CommonDuiker   
position  1:    T:0.10526    C:0.13158    A:0.26316    G:0.50000
position  2:    T:0.28947    C:0.21053    A:0.36842    G:0.13158
position  3:    T:0.28947    C:0.15789    A:0.18421    G:0.36842
Average         T:0.22807    C:0.16667    A:0.27193    G:0.33333

#17: Suni           
position  1:    T:0.10526    C:0.13158    A:0.23684    G:0.52632
position  2:    T:0.28947    C:0.21053    A:0.36842    G:0.13158
position  3:    T:0.18421    C:0.26316    A:0.21053    G:0.34211
Average         T:0.19298    C:0.20175    A:0.27193    G:0.33333

#18: Springbuck     
position  1:    T:0.10526    C:0.13158    A:0.26316    G:0.50000
position  2:    T:0.28947    C:0.21053    A:0.36842    G:0.13158
position  3:    T:0.26316    C:0.18421    A:0.21053    G:0.34211
Average         T:0.21930    C:0.17544    A:0.28070    G:0.32456

#19: Okapi          
position  1:    T:0.13158    C:0.10526    A:0.26316    G:0.50000
position  2:    T:0.28947    C:0.21053    A:0.36842    G:0.13158
position  3:    T:0.26316    C:0.18421    A:0.23684    G:0.31579
Average         T:0.22807    C:0.16667    A:0.28947    G:0.31579

#20: Giraffe        
position  1:    T:0.10526    C:0.13158    A:0.26316    G:0.50000
position  2:    T:0.28947    C:0.21053    A:0.36842    G:0.13158
position  3:    T:0.26316    C:0.18421    A:0.23684    G:0.31579
Average         T:0.21930    C:0.17544    A:0.28947    G:0.31579

#21: TibetanAntelope
position  1:    T:0.10526    C:0.13158    A:0.26316    G:0.50000
position  2:    T:0.28947    C:0.21053    A:0.36842    G:0.13158
position  3:    T:0.23684    C:0.18421    A:0.26316    G:0.31579
Average         T:0.21053    C:0.17544    A:0.29825    G:0.31579

#22: Sitatunga      
position  1:    T:0.10526    C:0.13158    A:0.26316    G:0.50000
position  2:    T:0.28947    C:0.21053    A:0.36842    G:0.13158
position  3:    T:0.26316    C:0.18421    A:0.21053    G:0.34211
Average         T:0.21930    C:0.17544    A:0.28070    G:0.32456

#23: Oribi          
position  1:    T:0.10526    C:0.13158    A:0.26316    G:0.50000
position  2:    T:0.28947    C:0.21053    A:0.36842    G:0.13158
position  3:    T:0.23684    C:0.21053    A:0.21053    G:0.34211
Average         T:0.21053    C:0.18421    A:0.28070    G:0.32456

#24: BarbarySheep   
position  1:    T:0.10526    C:0.13158    A:0.26316    G:0.50000
position  2:    T:0.28947    C:0.21053    A:0.36842    G:0.13158
position  3:    T:0.26316    C:0.18421    A:0.21053    G:0.34211
Average         T:0.21930    C:0.17544    A:0.28070    G:0.32456

#25: Daviddeer      
position  1:    T:0.10526    C:0.13158    A:0.26316    G:0.50000
position  2:    T:0.28947    C:0.21053    A:0.36842    G:0.13158
position  3:    T:0.28947    C:0.15789    A:0.26316    G:0.28947
Average         T:0.22807    C:0.16667    A:0.29825    G:0.30702

#26: Reindeer       
position  1:    T:0.10526    C:0.13158    A:0.26316    G:0.50000
position  2:    T:0.28947    C:0.21053    A:0.36842    G:0.13158
position  3:    T:0.31579    C:0.13158    A:0.21053    G:0.34211
Average         T:0.23684    C:0.15789    A:0.28070    G:0.32456

#27: Ibex           
position  1:    T:0.10526    C:0.13158    A:0.26316    G:0.50000
position  2:    T:0.28947    C:0.21053    A:0.36842    G:0.13158
position  3:    T:0.26316    C:0.18421    A:0.21053    G:0.34211
Average         T:0.21930    C:0.17544    A:0.28070    G:0.32456

#28: GyrantGazelle  
position  1:    T:0.10526    C:0.13158    A:0.26316    G:0.50000
position  2:    T:0.28947    C:0.21053    A:0.36842    G:0.13158
position  3:    T:0.23684    C:0.18421    A:0.21053    G:0.36842
Average         T:0.21053    C:0.17544    A:0.28070    G:0.33333

#29: Hartebeest     
position  1:    T:0.10526    C:0.15789    A:0.23684    G:0.50000
position  2:    T:0.28947    C:0.21053    A:0.36842    G:0.13158
position  3:    T:0.26316    C:0.18421    A:0.18421    G:0.36842
Average         T:0.21930    C:0.18421    A:0.26316    G:0.33333

#30: Bongo          
position  1:    T:0.10526    C:0.13158    A:0.26316    G:0.50000
position  2:    T:0.28947    C:0.21053    A:0.36842    G:0.13158
position  3:    T:0.26316    C:0.18421    A:0.21053    G:0.34211
Average         T:0.21930    C:0.17544    A:0.28070    G:0.32456

#31: Gerenuk        
position  1:    T:0.10526    C:0.13158    A:0.26316    G:0.50000
position  2:    T:0.28947    C:0.21053    A:0.36842    G:0.13158
position  3:    T:0.21053    C:0.23684    A:0.21053    G:0.34211
Average         T:0.20175    C:0.19298    A:0.28070    G:0.32456

#32: CommonEland    
position  1:    T:0.10526    C:0.13158    A:0.26316    G:0.50000
position  2:    T:0.28947    C:0.21053    A:0.36842    G:0.13158
position  3:    T:0.26316    C:0.18421    A:0.21053    G:0.34211
Average         T:0.21930    C:0.17544    A:0.28070    G:0.32456

#33: MuntiacusReevesi
position  1:    T:0.10526    C:0.13158    A:0.26316    G:0.50000
position  2:    T:0.28947    C:0.21053    A:0.36842    G:0.13158
position  3:    T:0.28947    C:0.15789    A:0.21053    G:0.34211
Average         T:0.22807    C:0.16667    A:0.28070    G:0.32456

#34: HarveysDuiker  
position  1:    T:0.10526    C:0.13158    A:0.26316    G:0.50000
position  2:    T:0.28947    C:0.21053    A:0.36842    G:0.13158
position  3:    T:0.26316    C:0.18421    A:0.18421    G:0.36842
Average         T:0.21930    C:0.17544    A:0.27193    G:0.33333

#35: Pronghorn      
position  1:    T:0.10526    C:0.13158    A:0.26316    G:0.50000
position  2:    T:0.28947    C:0.21053    A:0.36842    G:0.13158
position  3:    T:0.28947    C:0.15789    A:0.23684    G:0.31579
Average         T:0.22807    C:0.16667    A:0.28947    G:0.31579

#36: BlueWildebeest 
position  1:    T:0.10526    C:0.15789    A:0.23684    G:0.50000
position  2:    T:0.28947    C:0.21053    A:0.36842    G:0.13158
position  3:    T:0.26316    C:0.18421    A:0.18421    G:0.36842
Average         T:0.21930    C:0.18421    A:0.26316    G:0.33333

#37: Gemsbok        
position  1:    T:0.10526    C:0.13158    A:0.28947    G:0.47368
position  2:    T:0.28947    C:0.18421    A:0.36842    G:0.15789
position  3:    T:0.26316    C:0.18421    A:0.21053    G:0.34211
Average         T:0.21930    C:0.16667    A:0.28947    G:0.32456

#38: Yak            
position  1:    T:0.10526    C:0.13158    A:0.26316    G:0.50000
position  2:    T:0.28947    C:0.21053    A:0.36842    G:0.13158
position  3:    T:0.23684    C:0.18421    A:0.21053    G:0.36842
Average         T:0.21053    C:0.17544    A:0.28070    G:0.33333

#39: BlueSheep      
position  1:    T:0.10526    C:0.13158    A:0.26316    G:0.50000
position  2:    T:0.28947    C:0.21053    A:0.36842    G:0.13158
position  3:    T:0.23684    C:0.18421    A:0.21053    G:0.36842
Average         T:0.21053    C:0.17544    A:0.28070    G:0.33333

#40: BohorReedbuck  
position  1:    T:0.10526    C:0.13158    A:0.26316    G:0.50000
position  2:    T:0.28947    C:0.21053    A:0.36842    G:0.13158
position  3:    T:0.23684    C:0.21053    A:0.18421    G:0.36842
Average         T:0.21053    C:0.18421    A:0.27193    G:0.33333

#41: KirksDik       
position  1:    T:0.10526    C:0.13158    A:0.26316    G:0.50000
position  2:    T:0.28947    C:0.21053    A:0.36842    G:0.13158
position  3:    T:0.21053    C:0.23684    A:0.21053    G:0.34211
Average         T:0.20175    C:0.19298    A:0.28070    G:0.32456

#42: RoeDeer        
position  1:    T:0.10526    C:0.10526    A:0.28947    G:0.50000
position  2:    T:0.28947    C:0.21053    A:0.36842    G:0.13158
position  3:    T:0.28947    C:0.15789    A:0.21053    G:0.34211
Average         T:0.22807    C:0.15789    A:0.28947    G:0.32456

#43: WhiteLippedDeer
position  1:    T:0.10526    C:0.13158    A:0.26316    G:0.50000
position  2:    T:0.28947    C:0.21053    A:0.36842    G:0.13158
position  3:    T:0.28947    C:0.15789    A:0.21053    G:0.34211
Average         T:0.22807    C:0.16667    A:0.28070    G:0.32456

#44: ThomsonGazelle 
position  1:    T:0.10526    C:0.13158    A:0.26316    G:0.50000
position  2:    T:0.28947    C:0.21053    A:0.36842    G:0.13158
position  3:    T:0.28947    C:0.15789    A:0.23684    G:0.31579
Average         T:0.22807    C:0.16667    A:0.28947    G:0.31579

#45: MuntiacusCrinifrons
position  1:    T:0.10526    C:0.13158    A:0.26316    G:0.50000
position  2:    T:0.28947    C:0.21053    A:0.36842    G:0.13158
position  3:    T:0.28947    C:0.15789    A:0.21053    G:0.34211
Average         T:0.22807    C:0.16667    A:0.28070    G:0.32456

#46: WhiteTailedDeer
position  1:    T:0.10526    C:0.13158    A:0.26316    G:0.50000
position  2:    T:0.28947    C:0.21053    A:0.36842    G:0.13158
position  3:    T:0.31579    C:0.13158    A:0.21053    G:0.34211
Average         T:0.23684    C:0.15789    A:0.28070    G:0.32456

#47: Cattle         
position  1:    T:0.10526    C:0.13158    A:0.26316    G:0.50000
position  2:    T:0.28947    C:0.21053    A:0.36842    G:0.13158
position  3:    T:0.23684    C:0.18421    A:0.21053    G:0.36842
Average         T:0.21053    C:0.17544    A:0.28070    G:0.33333

#48: RoyalAntelope  
position  1:    T:0.10526    C:0.13158    A:0.26316    G:0.50000
position  2:    T:0.28947    C:0.21053    A:0.36842    G:0.13158
position  3:    T:0.26316    C:0.18421    A:0.18421    G:0.36842
Average         T:0.21930    C:0.17544    A:0.27193    G:0.33333

#49: Steenbok       
position  1:    T:0.10526    C:0.13158    A:0.23684    G:0.52632
position  2:    T:0.28947    C:0.21053    A:0.36842    G:0.13158
position  3:    T:0.23684    C:0.21053    A:0.21053    G:0.34211
Average         T:0.21053    C:0.18421    A:0.27193    G:0.33333

#50: Impala         
position  1:    T:0.10526    C:0.13158    A:0.26316    G:0.50000
position  2:    T:0.28947    C:0.23684    A:0.34211    G:0.13158
position  3:    T:0.26316    C:0.18421    A:0.21053    G:0.34211
Average         T:0.21930    C:0.18421    A:0.27193    G:0.32456

#51: Klipspringer   
position  1:    T:0.10526    C:0.13158    A:0.28947    G:0.47368
position  2:    T:0.28947    C:0.21053    A:0.36842    G:0.13158
