CODONML (in paml version 4.10.7, June 2023)  /home/rachel/ruminants_paml/6406-phy-tree/ENSBTAT00000065041.fasta.phy
Model: free dN/dS Ratios for branches,  kappa = 2.000 fixed

Codon frequency model: F3x4
ns =  54  ls = 100

Codon usage in sequences
--------------------------------------------------------------------------------------------------------------------------------------
Phe TTT   2   2   1   1   2   2 | Ser TCT   1   1   1   1   1   1 | Tyr TAT   1   2   2   2   2   1 | Cys TGT   2   1   2   2   0   0
    TTC   2   2   3   3   2   2 |     TCC   1   1   1   1   2   1 |     TAC   1   0   0   0   0   1 |     TGC   1   2   1   1   3   3
Leu TTA   0   0   0   0   0   0 |     TCA   1   1   1   1   0   1 | *** TAA   0   0   0   0   0   0 | *** TGA   0   0   0   0   0   0
    TTG   1   1   1   1   1   1 |     TCG   1   1   1   1   1   1 |     TAG   0   0   0   0   0   0 | Trp TGG   0   0   0   0   0   0
--------------------------------------------------------------------------------------------------------------------------------------
Leu CTT   1   1   1   1   1   1 | Pro CCT   2   2   2   2   2   2 | His CAT   1   1   0   0   1   0 | Arg CGT   0   1   0   1   0   0
    CTC   4   4   4   4   4   4 |     CCC   2   2   1   2   2   2 |     CAC   0   0   1   1   0   1 |     CGC   2   1   2   1   2   2
    CTA   0   0   0   0   0   0 |     CCA   0   0   1   0   0   0 | Gln CAA   3   3   3   3   3   3 |     CGA   0   0   0   0   0   0
    CTG   0   0   0   0   0   0 |     CCG   0   0   0   0   0   0 |     CAG   3   3   3   3   3   3 |     CGG   1   1   1   1   1   1
--------------------------------------------------------------------------------------------------------------------------------------
Ile ATT   2   2   2   2   2   2 | Thr ACT   0   0   0   0   0   0 | Asn AAT   1   3   1   1   2   2 | Ser AGT   1   1   2   1   0   1
    ATC   2   2   2   3   3   2 |     ACC   2   1   2   2   2   2 |     AAC   3   1   3   3   2   2 |     AGC   2   3   1   2   3   2
    ATA   3   3   3   2   2   3 |     ACA   2   2   2   2   1   1 | Lys AAA   9   9   9   9   8   9 | Arg AGA   1   1   1   1   1   1
Met ATG   8   8   8   8   8   8 |     ACG   1   1   1   1   1   2 |     AAG   2   2   2   2   3   2 |     AGG   0   0   0   0   0   0
--------------------------------------------------------------------------------------------------------------------------------------
Val GTT   3   2   4   3   1   3 | Ala GCT   3   3   3   3   3   3 | Asp GAT   5   3   4   5   5   6 | Gly GGT   1   1   1   1   1   1
    GTC   2   2   1   2   2   2 |     GCC   1   1   1   1   2   1 |     GAC   2   4   3   2   2   1 |     GGC   0   0   0   0   0   0
    GTA   0   0   0   0   0   0 |     GCA   1   1   1   1   1   0 | Glu GAA   7   7   7   7   7   7 |     GGA   1   1   1   1   1   1
    GTG   1   2   1   1   3   1 |     GCG   0   0   0   0   0   1 |     GAG   1   1   1   1   1   1 |     GGG   0   0   0   0   0   0
--------------------------------------------------------------------------------------------------------------------------------------

--------------------------------------------------------------------------------------------------------------------------------------
Phe TTT   1   2   2   2   1   1 | Ser TCT   1   1   1   1   1   1 | Tyr TAT   2   1   1   1   2   2 | Cys TGT   2   2   2   2   2   2
    TTC   3   2   2   2   3   3 |     TCC   1   1   1   1   1   1 |     TAC   0   1   1   1   0   0 |     TGC   1   1   1   1   1   1
Leu TTA   0   0   0   0   0   0 |     TCA   1   1   1   1   1   1 | *** TAA   0   0   0   0   0   0 | *** TGA   0   0   0   0   0   0
    TTG   1   1   1   1   1   1 |     TCG   1   1   1   1   1   1 |     TAG   0   0   0   0   0   0 | Trp TGG   0   0   0   0   0   0
--------------------------------------------------------------------------------------------------------------------------------------
Leu CTT   1   1   1   1   1   1 | Pro CCT   2   2   2   2   2   2 | His CAT   1   1   1   1   0   1 | Arg CGT   0   0   0   0   0   0
    CTC   4   4   4   4   4   4 |     CCC   2   2   2   2   1   2 |     CAC   0   0   0   0   1   0 |     CGC   2   2   2   2   2   2
    CTA   0   0   0   0   0   0 |     CCA   0   0   0   0   1   0 | Gln CAA   3   3   3   3   3   3 |     CGA   0   0   0   0   0   0
    CTG   0   0   0   0   0   0 |     CCG   0   0   0   0   0   0 |     CAG   3   3   3   3   3   3 |     CGG   1   1   1   1   1   1
--------------------------------------------------------------------------------------------------------------------------------------
Ile ATT   2   2   2   2   2   2 | Thr ACT   0   0   0   0   0   0 | Asn AAT   2   1   1   1   1   1 | Ser AGT   1   1   1   1   1   1
    ATC   2   2   2   2   2   2 |     ACC   2   2   2   2   2   2 |     AAC   2   3   3   3   3   3 |     AGC   2   2   2   2   2   2
    ATA   3   3   3   3   3   3 |     ACA   2   2   2   2   2   2 | Lys AAA   9   9   9   9   9   9 | Arg AGA   1   1   1   1   1   1
Met ATG   8   8   8   8   8   8 |     ACG   1   1   1   1   1   1 |     AAG   2   2   2   2   2   2 |     AGG   0   0   0   0   0   0
--------------------------------------------------------------------------------------------------------------------------------------
Val GTT   3   3   3   2   4   3 | Ala GCT   3   3   3   3   3   3 | Asp GAT   5   5   6   6   4   6 | Gly GGT   1   1   1   1   1   1
    GTC   2   2   2   2   1   1 |     GCC   1   1   1   1   1   1 |     GAC   2   2   1   1   3   1 |     GGC   0   0   0   0   0   0
    GTA   0   0   0   0   0   0 |     GCA   1   1   1   1   1   1 | Glu GAA   7   7   7   7   7   7 |     GGA   1   1   1   1   1   1
    GTG   1   1   1   2   1   2 |     GCG   0   0   0   0   0   0 |     GAG   1   1   1   1   1   1 |     GGG   0   0   0   0   0   0
--------------------------------------------------------------------------------------------------------------------------------------

--------------------------------------------------------------------------------------------------------------------------------------
Phe TTT   2   2   2   2   2   2 | Ser TCT   1   1   1   1   1   1 | Tyr TAT   1   1   2   1   1   1 | Cys TGT   2   2   2   2   2   2
    TTC   2   2   2   2   2   2 |     TCC   1   1   1   1   1   1 |     TAC   1   1   0   1   1   1 |     TGC   1   1   1   1   1   1
Leu TTA   0   0   0   0   0   0 |     TCA   1   1   1   1   1   1 | *** TAA   0   0   0   0   0   0 | *** TGA   0   0   0   0   0   0
    TTG   1   1   1   1   1   1 |     TCG   1   1   1   1   1   1 |     TAG   0   0   0   0   0   0 | Trp TGG   0   0   0   0   0   0
--------------------------------------------------------------------------------------------------------------------------------------
Leu CTT   1   1   1   1   1   1 | Pro CCT   2   2   2   1   2   2 | His CAT   1   1   1   1   1   1 | Arg CGT   0   0   0   0   0   0
    CTC   4   4   4   4   4   4 |     CCC   2   2   2   3   2   2 |     CAC   0   0   0   0   0   0 |     CGC   2   2   2   2   2   2
    CTA   0   0   0   0   0   0 |     CCA   0   0   0   0   0   0 | Gln CAA   3   3   3   3   3   3 |     CGA   0   1   0   0   0   0
    CTG   0   0   0   0   0   0 |     CCG   0   0   0   0   0   0 |     CAG   3   3   3   3   3   3 |     CGG   1   0   1   1   1   1
--------------------------------------------------------------------------------------------------------------------------------------
Ile ATT   2   2   2   2   2   3 | Thr ACT   0   0   0   0   0   0 | Asn AAT   1   1   1   1   1   1 | Ser AGT   1   0   1   1   1   1
    ATC   2   2   2   2   2   2 |     ACC   2   2   2   2   2   2 |     AAC   3   3   3   3   3   3 |     AGC   2   3   2   2   2   2
    ATA   3   3   3   3   3   2 |     ACA   2   2   2   2   2   2 | Lys AAA   9   9   9   9   9   9 | Arg AGA   1   1   1   1   1   1
Met ATG   8   8   8   8   8   8 |     ACG   1   1   1   1   1   1 |     AAG   2   2   2   2   2   2 |     AGG   0   0   0   0   0   0
--------------------------------------------------------------------------------------------------------------------------------------
Val GTT   3   3   4   3   3   3 | Ala GCT   3   3   3   3   3   3 | Asp GAT   4   4   5   6   6   6 | Gly GGT   1   1   1   1   1   1
    GTC   2   2   1   2   2   2 |     GCC   1   1   1   1   1   1 |     GAC   3   3   2   1   1   1 |     GGC   0   0   0   0   0   0
    GTA   0   0   0   0   0   0 |     GCA   1   1   1   1   1   1 | Glu GAA   7   7   7   7   7   7 |     GGA   1   1   1   1   1   1
    GTG   1   1   1   1   1   1 |     GCG   0   0   0   0   0   0 |     GAG   1   1   1   1   1   1 |     GGG   0   0   0   0   0   0
--------------------------------------------------------------------------------------------------------------------------------------

--------------------------------------------------------------------------------------------------------------------------------------
Phe TTT   1   1   2   1   2   2 | Ser TCT   1   1   1   1   1   1 | Tyr TAT   1   1   1   2   1   1 | Cys TGT   2   2   2   2   2   2
    TTC   3   3   2   3   2   2 |     TCC   1   1   1   1   1   1 |     TAC   1   1   1   0   1   1 |     TGC   1   1   1   1   1   1
Leu TTA   0   0   0   0   0   0 |     TCA   1   1   1   1   1   1 | *** TAA   0   0   0   0   0   0 | *** TGA   0   0   0   0   0   0
    TTG   1   1   1   1   1   1 |     TCG   1   1   1   1   1   1 |     TAG   0   0   0   0   0   0 | Trp TGG   0   0   0   0   0   0
--------------------------------------------------------------------------------------------------------------------------------------
Leu CTT   1   1   1   1   1   1 | Pro CCT   2   2   2   2   2   2 | His CAT   0   0   1   0   1   1 | Arg CGT   0   0   0   0   0   0
    CTC   4   4   4   4   4   4 |     CCC   2   2   2   1   2   2 |     CAC   1   1   0   1   0   0 |     CGC   2   2   2   2   2   2
    CTA   0   0   0   0   0   0 |     CCA   0   0   0   1   0   0 | Gln CAA   3   3   3   3   2   3 |     CGA   0   0   0   0   0   0
    CTG   0   0   0   0   0   0 |     CCG   0   0   0   0   0   0 |     CAG   3   3   3   3   4   3 |     CGG   1   1   1   1   1   1
--------------------------------------------------------------------------------------------------------------------------------------
Ile ATT   2   2   3   2   2   2 | Thr ACT   0   0   0   0   0   0 | Asn AAT   1   2   1   1   1   1 | Ser AGT   1   1   1   1   1   1
    ATC   2   2   1   2   2   2 |     ACC   2   2   2   2   2   2 |     AAC   3   2   3   3   3   3 |     AGC   2   2   2   2   2   2
    ATA   3   3   3   3   3   3 |     ACA   2   2   2   2   2   2 | Lys AAA   9   9   9   9   9   9 | Arg AGA   1   1   1   1   1   1
Met ATG   8   8   8   8   8   8 |     ACG   1   1   1   1   1   1 |     AAG   2   2   2   2   2   2 |     AGG   0   0   0   0   0   0
--------------------------------------------------------------------------------------------------------------------------------------
Val GTT   3   3   3   4   3   3 | Ala GCT   3   3   3   3   3   3 | Asp GAT   5   5   5   4   6   4 | Gly GGT   1   1   1   1   1   1
    GTC   2   2   2   1   2   2 |     GCC   1   1   1   1   1   1 |     GAC   2   2   2   3   1   3 |     GGC   0   0   0   0   1   0
    GTA   0   0   0   0   0   0 |     GCA   1   1   1   1   1   1 | Glu GAA   7   6   7   7   7   7 |     GGA   1   1   1   1   0   1
    GTG   1   1   1   1   1   1 |     GCG   0   0   0   0   0   0 |     GAG   1   2   1   1   1   1 |     GGG   0   0   0   0   0   0
--------------------------------------------------------------------------------------------------------------------------------------

--------------------------------------------------------------------------------------------------------------------------------------
Phe TTT   1   1   2   2   2   1 | Ser TCT   1   1   1   1   1   1 | Tyr TAT   2   2   1   1   1   2 | Cys TGT   2   2   2   2   2   2
    TTC   3   3   2   2   2   3 |     TCC   1   1   1   1   1   1 |     TAC   0   0   1   1   1   0 |     TGC   1   1   1   1   1   1
Leu TTA   0   0   0   0   0   0 |     TCA   1   1   1   1   1   1 | *** TAA   0   0   0   0   0   0 | *** TGA   0   0   0   0   0   0
    TTG   1   1   1   1   1   1 |     TCG   1   1   1   1   1   1 |     TAG   0   0   0   0   0   0 | Trp TGG   0   0   0   0   0   0
--------------------------------------------------------------------------------------------------------------------------------------
Leu CTT   1   1   1   1   1   1 | Pro CCT   2   2   2   2   2   2 | His CAT   1   1   1   1   1   0 | Arg CGT   0   0   0   0   0   0
    CTC   4   4   4   4   4   4 |     CCC   2   2   2   2   2   1 |     CAC   0   0   0   0   0   1 |     CGC   2   2   2   2   2   2
    CTA   0   0   0   0   0   0 |     CCA   0   0   0   0   0   1 | Gln CAA   3   3   3   3   3   3 |     CGA   0   1   0   1   0   0
    CTG   0   0   0   0   0   0 |     CCG   0   0   0   0   0   0 |     CAG   3   3   3   3   3   3 |     CGG   1   0   1   0   1   1
--------------------------------------------------------------------------------------------------------------------------------------
Ile ATT   2   2   2   2   2   2 | Thr ACT   0   0   0   0   0   0 | Asn AAT   1   1   1   1   1   1 | Ser AGT   1   1   1   1   1   1
    ATC   2   2   2   2   2   2 |     ACC   2   2   2   2   2   2 |     AAC   3   3   3   3   3   3 |     AGC   2   2   2   2   2   2
    ATA   3   3   3   3   3   3 |     ACA   2   2   2   2   2   2 | Lys AAA   9   9   9   9   9   9 | Arg AGA   1   1   1   1   1   1
Met ATG   8   8   8   8   8   8 |     ACG   1   1   1   1   1   1 |     AAG   2   2   2   2   2   2 |     AGG   0   0   0   0   0   0
--------------------------------------------------------------------------------------------------------------------------------------
Val GTT   3   3   3   3   4   4 | Ala GCT   3   3   3   3   3   3 | Asp GAT   5   5   4   6   5   4 | Gly GGT   1   1   1   1   1   1
    GTC   2   2   2   2   1   1 |     GCC   1   1   1   1   1   1 |     GAC   2   2   3   1   2   3 |     GGC   0   0   0   0   0   0
    GTA   0   0   0   0   0   0 |     GCA   1   1   1   1   1   1 | Glu GAA   7   7   7   6   7   7 |     GGA   0   1   1   1   1   1
    GTG   1   1   1   1   1   1 |     GCG   0   0   0   0   0   0 |     GAG   1   1   1   2   1   1 |     GGG   1   0   0   0   0   0
--------------------------------------------------------------------------------------------------------------------------------------

--------------------------------------------------------------------------------------------------------------------------------------
Phe TTT   2   1   1   2   1   2 | Ser TCT   1   1   1   1   1   1 | Tyr TAT   1   2   2   1   2   1 | Cys TGT   2   2   2   2   2   2
    TTC   2   3   3   2   3   2 |     TCC   1   1   1   1   2   1 |     TAC   1   0   0   1   0   1 |     TGC   1   1   1   1   1   1
Leu TTA   0   0   0   0   0   0 |     TCA   1   1   1   1   0   1 | *** TAA   0   0   0   0   0   0 | *** TGA   0   0   0   0   0   0
    TTG   1   1   1   1   1   1 |     TCG   1   1   1   1   1   1 |     TAG   0   0   0   0   0   0 | Trp TGG   0   0   0   0   0   0
--------------------------------------------------------------------------------------------------------------------------------------
Leu CTT   1   1   1   1   1   1 | Pro CCT   2   2   2   2   2   2 | His CAT   1   0   1   1   0   1 | Arg CGT   0   0   0   0   0   0
    CTC   4   4   4   4   4   4 |     CCC   2   1   2   2   2   2 |     CAC   0   1   0   0   1   0 |     CGC   2   2   2   2   2   2
    CTA   0   0   0   0   0   0 |     CCA   0   1   0   0   0   0 | Gln CAA   3   3   3   3   3   3 |     CGA   0   0   0   0   0   0
    CTG   0   0   0   0   0   0 |     CCG   0   0   0   0   0   0 |     CAG   3   3   3   3   3   3 |     CGG   1   1   1   1   1   1
--------------------------------------------------------------------------------------------------------------------------------------
Ile ATT   2   2   2   2   2   2 | Thr ACT   0   0   0   0   0   0 | Asn AAT   1   1   1   1   1   1 | Ser AGT   1   1   1   1   1   1
    ATC   2   2   2   2   2   2 |     ACC   2   2   2   2   2   2 |     AAC   3   3   3   3   3   3 |     AGC   2   2   2   2   2   2
    ATA   3   3   3   3   3   3 |     ACA   2   2   2   2   3   2 | Lys AAA   9   9   9   9   9   9 | Arg AGA   1   1   1   1   1   1
Met ATG   8   8   8   8   8   8 |     ACG   1   1   1   1   0   1 |     AAG   2   2   2   2   2   2 |     AGG   0   0   0   0   0   0
--------------------------------------------------------------------------------------------------------------------------------------
Val GTT   3   3   3   3   2   4 | Ala GCT   3   3   3   3   3   3 | Asp GAT   6   3   6   6   5   6 | Gly GGT   1   1   1   1   1   1
    GTC   2   2   1   2   2   1 |     GCC   1   1   1   1   1   1 |     GAC   1   4   1   1   2   1 |     GGC   0   0   0   0   0   0
    GTA   0   0   0   0   0   0 |     GCA   1   1   1   1   1   1 | Glu GAA   7   7   7   7   7   7 |     GGA   1   1   1   1   1   1
    GTG   1   1   2   1   2   1 |     GCG   0   0   0   0   0   0 |     GAG   1   1   1   1   1   1 |     GGG   0   0   0   0   0   0
--------------------------------------------------------------------------------------------------------------------------------------

--------------------------------------------------------------------------------------------------------------------------------------
Phe TTT   2   1   2   1   2   2 | Ser TCT   1   1   1   1   1   1 | Tyr TAT   1   1   1   2   1   1 | Cys TGT   2   2   2   2   2   2
    TTC   2   3   2   3   2   2 |     TCC   1   1   1   1   1   2 |     TAC   1   1   1   0   1   1 |     TGC   1   1   1   1   1   1
Leu TTA   0   0   0   0   0   0 |     TCA   1   1   1   1   1   0 | *** TAA   0   0   0   0   0   0 | *** TGA   0   0   0   0   0   0
    TTG   1   1   1   1   1   1 |     TCG   1   1   1   1   1   1 |     TAG   0   0   0   0   0   0 | Trp TGG   0   0   0   0   0   0
--------------------------------------------------------------------------------------------------------------------------------------
Leu CTT   1   1   1   1   1   1 | Pro CCT   2   2   2   2   2   2 | His CAT   1   1   1   1   1   1 | Arg CGT   1   0   0   0   0   0
    CTC   4   4   4   4   4   4 |     CCC   2   2   2   2   2   2 |     CAC   0   0   0   0   0   0 |     CGC   1   2   2   2   2   2
    CTA   0   0   0   0   0   0 |     CCA   0   0   0   0   0   0 | Gln CAA   3   3   3   3   3   3 |     CGA   0   0   0   0   0   0
    CTG   0   0   0   0   0   0 |     CCG   0   0   0   0   0   0 |     CAG   3   3   3   3   3   3 |     CGG   1   1   1   1   1   1
--------------------------------------------------------------------------------------------------------------------------------------
Ile ATT   2   2   2   2   2   2 | Thr ACT   0   0   0   0   0   0 | Asn AAT   1   1   1   2   1   1 | Ser AGT   1   1   1   1   1   1
    ATC   2   2   2   2   2   2 |     ACC   2   2   2   2   2   2 |     AAC   3   3   3   2   3   3 |     AGC   2   2   2   2   2   2
    ATA   3   3   3   3   3   3 |     ACA   2   2   1   2   2   2 | Lys AAA   9   9   9   9   9   9 | Arg AGA   1   1   1   1   1   1
Met ATG   8   8   8   8   8   8 |     ACG   1   1   2   1   1   1 |     AAG   2   2   2   2   2   2 |     AGG   0   0   0   0   0   0
--------------------------------------------------------------------------------------------------------------------------------------
Val GTT   3   2   3   3   3   3 | Ala GCT   3   3   3   3   3   3 | Asp GAT   5   5   5   6   5   6 | Gly GGT   1   1   1   1   1   1
    GTC   2   3   2   2   2   2 |     GCC   1   1   1   1   1   1 |     GAC   2   2   2   1   2   1 |     GGC   0   0   0   0   0   0
    GTA   0   0   0   0   0   0 |     GCA   1   1   1   1   1   1 | Glu GAA   7   7   7   7   7   7 |     GGA   1   1   1   1   1   1
    GTG   1   1   1   1   1   1 |     GCG   0   0   0   0   0   0 |     GAG   1   1   1   1   1   1 |     GGG   0   0   0   0   0   0
--------------------------------------------------------------------------------------------------------------------------------------

--------------------------------------------------------------------------------------------------------------------------------------
Phe TTT   1   2   1   1   1   2 | Ser TCT   1   1   1   1   1   1 | Tyr TAT   2   1   2   2   1   1 | Cys TGT   2   2   2   2   2   2
    TTC   3   2   3   3   3   2 |     TCC   1   1   1   1   1   1 |     TAC   0   1   0   0   1   1 |     TGC   1   1   1   1   1   1
Leu TTA   0   0   0   0   0   0 |     TCA   1   1   1   1   1   1 | *** TAA   0   0   0   0   0   0 | *** TGA   0   0   0   0   0   0
    TTG   1   1   1   1   1   1 |     TCG   1   1   1   1   1   1 |     TAG   0   0   0   0   0   0 | Trp TGG   0   0   0   0   0   0
--------------------------------------------------------------------------------------------------------------------------------------
Leu CTT   1   1   1   1   1   1 | Pro CCT   2   2   2   2   2   2 | His CAT   1   1   1   1   1   1 | Arg CGT   0   0   0   0   0   0
    CTC   4   4   4   4   4   4 |     CCC   2   2   2   2   2   2 |     CAC   0   0   0   0   0   0 |     CGC   2   2   2   2   2   2
    CTA   0   0   0   0   0   0 |     CCA   0   0   0   0   0   0 | Gln CAA   3   3   3   3   3   2 |     CGA   0   0   0   0   0   0
    CTG   0   0   0   0   0   0 |     CCG   0   0   0   0   0   0 |     CAG   3   3   3   3   3   4 |     CGG   1   1   1   1   1   1
--------------------------------------------------------------------------------------------------------------------------------------
Ile ATT   2   2   2   2   2   2 | Thr ACT   0   0   0   0   0   0 | Asn AAT   1   1   1   1   1   1 | Ser AGT   1   1   1   1   1   1
    ATC   2   2   2   2   2   2 |     ACC   2   2   2   2   2   2 |     AAC   3   3   3   3   3   3 |     AGC   2   2   2   2   2   2
    ATA   3   3   3   3   3   3 |     ACA   2   2   2   2   2   3 | Lys AAA   9   9   9   9   9   9 | Arg AGA   1   1   1   1   1   1
Met ATG   8   8   8   8   8   8 |     ACG   1   1   1   1   1   0 |     AAG   2   2   2   2   2   2 |     AGG   0   0   0   0   0   0
--------------------------------------------------------------------------------------------------------------------------------------
Val GTT   3   3   3   3   2   3 | Ala GCT   3   3   3   3   3   3 | Asp GAT   5   6   6   5   5   6 | Gly GGT   1   1   1   1   1   1
    GTC   2   2   2   2   3   2 |     GCC   1   1   1   1   1   1 |     GAC   2   1   1   2   2   1 |     GGC   0   0   0   0   0   0
    GTA   0   0   0   0   0   0 |     GCA   1   1   1   1   1   1 | Glu GAA   7   6   7   7   7   7 |     GGA   0   1   1   1   1   1
    GTG   1   1   1   1   1   1 |     GCG   0   0   0   0   0   0 |     GAG   1   2   1   1   1   1 |     GGG   1   0   0   0   0   0
--------------------------------------------------------------------------------------------------------------------------------------

--------------------------------------------------------------------------------------------------------------------------------------
Phe TTT   2   1   2   1   1   1 | Ser TCT   1   1   1   1   1   1 | Tyr TAT   2   1   1   2   2   2 | Cys TGT   2   2   2   2   2   2
    TTC   2   3   2   3   3   3 |     TCC   1   1   1   1   1   1 |     TAC   0   1   1   0   0   0 |     TGC   1   1   1   1   1   1
Leu TTA   0   0   0   0   0   0 |     TCA   1   1   1   1   1   1 | *** TAA   0   0   0   0   0   0 | *** TGA   0   0   0   0   0   0
    TTG   1   1   1   1   1   1 |     TCG   1   1   1   1   1   1 |     TAG   0   0   0   0   0   0 | Trp TGG   0   0   0   0   0   0
--------------------------------------------------------------------------------------------------------------------------------------
Leu CTT   1   1   0   1   1   1 | Pro CCT   2   2   2   2   2   2 | His CAT   1   1   1   0   0   1 | Arg CGT   0   0   0   1   0   0
    CTC   4   4   5   4   4   4 |     CCC   2   2   2   2   1   1 |     CAC   0   0   0   1   1   0 |     CGC   2   2   2   1   2   2
    CTA   0   0   0   0   0   0 |     CCA   0   0   0   0   1   1 | Gln CAA   3   3   3   3   3   3 |     CGA   0   0   0   0   0   0
    CTG   0   0   0   0   0   0 |     CCG   0   0   0   0   0   0 |     CAG   3   3   3   3   3   3 |     CGG   1   1   1   1   1   1
--------------------------------------------------------------------------------------------------------------------------------------
Ile ATT   1   2   2   2   2   2 | Thr ACT   0   0   0   0   0   0 | Asn AAT   1   1   1   1   1   1 | Ser AGT   1   1   1   1   1   1
    ATC   2   2   2   3   2   2 |     ACC   2   2   2   2   2   2 |     AAC   3   3   3   3   3   3 |     AGC   2   2   2   2   2   2
    ATA   4   3   3   2   3   3 |     ACA   2   3   2   2   2   2 | Lys AAA   9   9   9   9   9   9 | Arg AGA   1   1   1   1   1   1
Met ATG   8   8   8   8   8   8 |     ACG   1   0   1   1   1   1 |     AAG   2   2   2   2   2   2 |     AGG   0   0   0   0   0   0
--------------------------------------------------------------------------------------------------------------------------------------
Val GTT   3   3   3   3   4   4 | Ala GCT   3   3   3   3   3   3 | Asp GAT   5   6   6   5   4   4 | Gly GGT   1   1   1   1   1   1
    GTC   2   2   2   2   1   1 |     GCC   1   1   1   1   1   1 |     GAC   2   1   1   2   3   3 |     GGC   0   0   0   0   0   0
    GTA   0   0   0   0   0   0 |     GCA   1   1   1   1   1   1 | Glu GAA   7   7   7   7   7   7 |     GGA   1   1   1   1   1   1
    GTG   1   1   1   1   1   1 |     GCG   0   0   0   0   0   0 |     GAG   1   1   1   1   1   1 |     GGG   0   0   0   0   0   0
--------------------------------------------------------------------------------------------------------------------------------------

Codon position x base (3x4) table for each sequence.

#1: Argali         
position  1:    T:0.14000    C:0.19000    A:0.39000    G:0.28000
position  2:    T:0.31000    C:0.18000    A:0.39000    G:0.12000
position  3:    T:0.26000    C:0.27000    A:0.28000    G:0.19000
Average         T:0.23667    C:0.21333    A:0.35333    G:0.19667

#2: LesserMouseDeer
position  1:    T:0.14000    C:0.19000    A:0.39000    G:0.28000
position  2:    T:0.31000    C:0.17000    A:0.39000    G:0.13000
position  3:    T:0.26000    C:0.26000    A:0.28000    G:0.20000
Average         T:0.23667    C:0.20667    A:0.35333    G:0.20333

#3: LesserKudu     
position  1:    T:0.14000    C:0.19000    A:0.39000    G:0.28000
position  2:    T:0.31000    C:0.18000    A:0.39000    G:0.12000
position  3:    T:0.26000    C:0.26000    A:0.29000    G:0.19000
Average         T:0.23667    C:0.21000    A:0.35667    G:0.19667

#4: ForestMuskDeer2
position  1:    T:0.14000    C:0.19000    A:0.39000    G:0.28000
position  2:    T:0.31000    C:0.18000    A:0.39000    G:0.12000
position  3:    T:0.26000    C:0.28000    A:0.27000    G:0.19000
Average         T:0.23667    C:0.21667    A:0.35000    G:0.19667

#5: Camel          
position  1:    T:0.14000    C:0.19000    A:0.38000    G:0.29000
position  2:    T:0.31000    C:0.18000    A:0.39000    G:0.12000
position  3:    T:0.23000    C:0.31000    A:0.24000    G:0.22000
Average         T:0.22667    C:0.22667    A:0.33667    G:0.21000

#6: KillerWhale    
position  1:    T:0.14000    C:0.19000    A:0.39000    G:0.28000
position  2:    T:0.31000    C:0.18000    A:0.39000    G:0.12000
position  3:    T:0.25000    C:0.28000    A:0.26000    G:0.21000
Average         T:0.23333    C:0.21667    A:0.34667    G:0.20333

#7: DefassaWaterbuck
position  1:    T:0.14000    C:0.19000    A:0.39000    G:0.28000
position  2:    T:0.31000    C:0.18000    A:0.39000    G:0.12000
position  3:    T:0.27000    C:0.26000    A:0.28000    G:0.19000
Average         T:0.24000    C:0.21000    A:0.35333    G:0.19667

#8: Sheep          
position  1:    T:0.14000    C:0.19000    A:0.39000    G:0.28000
position  2:    T:0.31000    C:0.18000    A:0.39000    G:0.12000
position  3:    T:0.26000    C:0.27000    A:0.28000    G:0.19000
Average         T:0.23667    C:0.21333    A:0.35333    G:0.19667

#9: MaxwellsDuiker 
position  1:    T:0.14000    C:0.19000    A:0.39000    G:0.28000
position  2:    T:0.31000    C:0.18000    A:0.39000    G:0.12000
position  3:    T:0.27000    C:0.26000    A:0.28000    G:0.19000
Average         T:0.24000    C:0.21000    A:0.35333    G:0.19667

#10: GazellaPrzewalskyi
position  1:    T:0.14000    C:0.19000    A:0.39000    G:0.28000
position  2:    T:0.31000    C:0.18000    A:0.39000    G:0.12000
position  3:    T:0.26000    C:0.26000    A:0.28000    G:0.20000
Average         T:0.23667    C:0.21000    A:0.35333    G:0.20000

#11: MountainNyala  
position  1:    T:0.14000    C:0.19000    A:0.39000    G:0.28000
position  2:    T:0.31000    C:0.18000    A:0.39000    G:0.12000
position  3:    T:0.25000    C:0.27000    A:0.29000    G:0.19000
Average         T:0.23333    C:0.21333    A:0.35667    G:0.19667

#12: MuntiacusMuntjak
position  1:    T:0.14000    C:0.19000    A:0.39000    G:0.28000
position  2:    T:0.31000    C:0.18000    A:0.39000    G:0.12000
position  3:    T:0.27000    C:0.25000    A:0.28000    G:0.20000
Average         T:0.24000    C:0.20667    A:0.35333    G:0.20000

#13: goat           
position  1:    T:0.14000    C:0.19000    A:0.39000    G:0.28000
position  2:    T:0.31000    C:0.18000    A:0.39000    G:0.12000
position  3:    T:0.25000    C:0.28000    A:0.28000    G:0.19000
Average         T:0.23333    C:0.21667    A:0.35333    G:0.19667

#14: AfricanBuffalo 
position  1:    T:0.14000    C:0.19000    A:0.39000    G:0.28000
position  2:    T:0.31000    C:0.18000    A:0.39000    G:0.12000
position  3:    T:0.24000    C:0.29000    A:0.29000    G:0.18000
Average         T:0.23000    C:0.22000    A:0.35667    G:0.19333

#15: Topi           
position  1:    T:0.14000    C:0.19000    A:0.39000    G:0.28000
position  2:    T:0.31000    C:0.18000    A:0.39000    G:0.12000
position  3:    T:0.28000    C:0.25000    A:0.28000    G:0.19000
Average         T:0.24333    C:0.20667    A:0.35333    G:0.19667

#16: CommonDuiker   
position  1:    T:0.14000    C:0.19000    A:0.39000    G:0.28000
position  2:    T:0.31000    C:0.18000    A:0.39000    G:0.12000
position  3:    T:0.26000    C:0.27000    A:0.28000    G:0.19000
Average         T:0.23667    C:0.21333    A:0.35333    G:0.19667

#17: Suni           
position  1:    T:0.14000    C:0.19000    A:0.39000    G:0.28000
position  2:    T:0.31000    C:0.18000    A:0.39000    G:0.12000
position  3:    T:0.27000    C:0.26000    A:0.28000    G:0.19000
Average         T:0.24000    C:0.21000    A:0.35333    G:0.19667

#18: Springbuck     
position  1:    T:0.14000    C:0.19000    A:0.39000    G:0.28000
position  2:    T:0.31000    C:0.18000    A:0.39000    G:0.12000
position  3:    T:0.28000    C:0.26000    A:0.27000    G:0.19000
Average         T:0.24333    C:0.21000    A:0.35000    G:0.19667

#19: Okapi          
position  1:    T:0.14000    C:0.19000    A:0.39000    G:0.28000
position  2:    T:0.31000    C:0.18000    A:0.39000    G:0.12000
position  3:    T:0.24000    C:0.29000    A:0.28000    G:0.19000
Average         T:0.23000    C:0.22000    A:0.35333    G:0.19667

#20: Giraffe        
position  1:    T:0.14000    C:0.19000    A:0.39000    G:0.28000
position  2:    T:0.31000    C:0.18000    A:0.39000    G:0.12000
position  3:    T:0.25000    C:0.28000    A:0.27000    G:0.20000
Average         T:0.23333    C:0.21667    A:0.35000    G:0.20000

#21: TibetanAntelope
position  1:    T:0.14000    C:0.19000    A:0.39000    G:0.28000
position  2:    T:0.31000    C:0.18000    A:0.39000    G:0.12000
position  3:    T:0.27000    C:0.26000    A:0.28000    G:0.19000
Average         T:0.24000    C:0.21000    A:0.35333    G:0.19667

#22: Sitatunga      
position  1:    T:0.14000    C:0.19000    A:0.39000    G:0.28000
position  2:    T:0.31000    C:0.18000    A:0.39000    G:0.12000
position  3:    T:0.25000    C:0.27000    A:0.29000    G:0.19000
Average         T:0.23333    C:0.21333    A:0.35667    G:0.19667

#23: Oribi          
position  1:    T:0.14000    C:0.19000    A:0.39000    G:0.28000
position  2:    T:0.31000    C:0.18000    A:0.39000    G:0.12000
position  3:    T:0.27000    C:0.27000    A:0.26000    G:0.20000
Average         T:0.24000    C:0.21333    A:0.34667    G:0.20000

#24: BarbarySheep   
position  1:    T:0.14000    C:0.19000    A:0.39000    G:0.28000
position  2:    T:0.31000    C:0.18000    A:0.39000    G:0.12000
position  3:    T:0.25000    C:0.28000    A:0.28000    G:0.19000
Average         T:0.23333    C:0.21667    A:0.35333    G:0.19667

#25: Daviddeer      
position  1:    T:0.14000    C:0.19000    A:0.39000    G:0.28000
position  2:    T:0.31000    C:0.18000    A:0.39000    G:0.12000
position  3:    T:0.26000    C:0.27000    A:0.27000    G:0.20000
Average         T:0.23667    C:0.21333    A:0.35000    G:0.20000

#26: Reindeer       
position  1:    T:0.14000    C:0.19000    A:0.39000    G:0.28000
position  2:    T:0.31000    C:0.18000    A:0.39000    G:0.12000
position  3:    T:0.26000    C:0.27000    A:0.29000    G:0.18000
Average         T:0.23667    C:0.21333    A:0.35667    G:0.19333

#27: Ibex           
position  1:    T:0.14000    C:0.19000    A:0.39000    G:0.28000
position  2:    T:0.31000    C:0.18000    A:0.39000    G:0.12000
position  3:    T:0.25000    C:0.28000    A:0.28000    G:0.19000
Average         T:0.23333    C:0.21667    A:0.35333    G:0.19667

#28: GyrantGazelle  
position  1:    T:0.14000    C:0.19000    A:0.39000    G:0.28000
position  2:    T:0.31000    C:0.18000    A:0.39000    G:0.12000
position  3:    T:0.27000    C:0.26000    A:0.28000    G:0.19000
Average         T:0.24000    C:0.21000    A:0.35333    G:0.19667

#29: Hartebeest     
position  1:    T:0.14000    C:0.19000    A:0.39000    G:0.28000
position  2:    T:0.31000    C:0.18000    A:0.39000    G:0.12000
position  3:    T:0.27000    C:0.26000    A:0.28000    G:0.19000
Average         T:0.24000    C:0.21000    A:0.35333    G:0.19667

#30: Bongo          
position  1:    T:0.14000    C:0.19000    A:0.39000    G:0.28000
position  2:    T:0.31000    C:0.18000    A:0.39000    G:0.12000
position  3:    T:0.25000    C:0.27000    A:0.29000    G:0.19000
Average         T:0.23333    C:0.21333    A:0.35667    G:0.19667

#31: Gerenuk        
position  1:    T:0.14000    C:0.19000    A:0.39000    G:0.28000
position  2:    T:0.31000    C:0.18000    A:0.39000    G:0.12000
position  3:    T:0.27000    C:0.26000    A:0.28000    G:0.19000
Average         T:0.24000    C:0.21000    A:0.35333    G:0.19667

#32: CommonEland    
position  1:    T:0.14000    C:0.19000    A:0.39000    G:0.28000
position  2:    T:0.31000    C:0.18000    A:0.39000    G:0.12000
position  3:    T:0.23000    C:0.29000    A:0.29000    G:0.19000
Average         T:0.22667    C:0.22000    A:0.35667    G:0.19667

#33: MuntiacusReevesi
position  1:    T:0.14000    C:0.19000    A:0.39000    G:0.28000
position  2:    T:0.31000    C:0.18000    A:0.39000    G:0.12000
position  3:    T:0.27000    C:0.25000    A:0.28000    G:0.20000
Average         T:0.24000    C:0.20667    A:0.35333    G:0.20000

#34: HarveysDuiker  
position  1:    T:0.14000    C:0.19000    A:0.39000    G:0.28000
position  2:    T:0.31000    C:0.18000    A:0.39000    G:0.12000
position  3:    T:0.27000    C:0.26000    A:0.28000    G:0.19000
Average         T:0.24000    C:0.21000    A:0.35333    G:0.19667

#35: Pronghorn      
position  1:    T:0.14000    C:0.19000    A:0.39000    G:0.28000
position  2:    T:0.31000    C:0.18000    A:0.39000    G:0.12000
position  3:    T:0.24000    C:0.29000    A:0.28000    G:0.19000
Average         T:0.23000    C:0.22000    A:0.35333    G:0.19667

#36: BlueWildebeest 
position  1:    T:0.14000    C:0.19000    A:0.39000    G:0.28000
position  2:    T:0.31000    C:0.18000    A:0.39000    G:0.12000
position  3:    T:0.28000    C:0.25000    A:0.28000    G:0.19000
Average         T:0.24333    C:0.20667    A:0.35333    G:0.19667

#37: Gemsbok        
position  1:    T:0.14000    C:0.19000    A:0.39000    G:0.28000
position  2:    T:0.31000    C:0.18000    A:0.39000    G:0.12000
position  3:    T:0.27000    C:0.26000    A:0.28000    G:0.19000
Average         T:0.24000    C:0.21000    A:0.35333    G:0.19667

#38: Yak            
position  1:    T:0.14000    C:0.19000    A:0.39000    G:0.28000
position  2:    T:0.31000    C:0.18000    A:0.39000    G:0.12000
position  3:    T:0.24000    C:0.29000    A:0.28000    G:0.19000
Average         T:0.23000    C:0.22000    A:0.35333    G:0.19667

#39: BlueSheep      
position  1:    T:0.14000    C:0.19000    A:0.39000    G:0.28000
position  2:    T:0.31000    C:0.18000    A:0.39000    G:0.12000
position  3:    T:0.26000    C:0.27000    A:0.27000    G:0.20000
Average         T:0.23667    C:0.21333    A:0.35000    G:0.20000

#40: BohorReedbuck  
position  1:    T:0.14000    C:0.19000    A:0.39000    G:0.28000
position  2:    T:0.31000    C:0.18000    A:0.39000    G:0.12000
position  3:    T:0.28000    C:0.25000    A:0.28000    G:0.19000
Average         T:0.24333    C:0.20667    A:0.35333    G:0.19667

#41: KirksDik       
position  1:    T:0.14000    C:0.19000    A:0.39000    G:0.28000
position  2:    T:0.31000    C:0.18000    A:0.39000    G:0.12000
position  3:    T:0.26000    C:0.27000    A:0.28000    G:0.19000
Average         T:0.23667    C:0.21333    A:0.35333    G:0.19667

#42: RoeDeer        
position  1:    T:0.14000    C:0.19000    A:0.39000    G:0.28000
position  2:    T:0.31000    C:0.18000    A:0.39000    G:0.12000
position  3:    T:0.27000    C:0.27000    A:0.27000    G:0.19000
Average         T:0.24000    C:0.21333    A:0.35000    G:0.19667

#43: WhiteLippedDeer
position  1:    T:0.14000    C:0.19000    A:0.39000    G:0.28000
position  2:    T:0.31000    C:0.18000    A:0.39000    G:0.12000
position  3:    T:0.26000    C:0.27000    A:0.27000    G:0.20000
Average         T:0.23667    C:0.21333    A:0.35000    G:0.20000

#44: ThomsonGazelle 
position  1:    T:0.14000    C:0.19000    A:0.39000    G:0.28000
position  2:    T:0.31000    C:0.18000    A:0.39000    G:0.12000
position  3:    T:0.27000    C:0.26000    A:0.27000    G:0.20000
Average         T:0.24000    C:0.21000    A:0.35000    G:0.20000

#45: MuntiacusCrinifrons
position  1:    T:0.14000    C:0.19000    A:0.39000    G:0.28000
position  2:    T:0.31000    C:0.18000    A:0.39000    G:0.12000
position  3:    T:0.27000    C:0.26000    A:0.28000    G:0.19000
Average         T:0.24000    C:0.21000    A:0.35333    G:0.19667

#46: WhiteTailedDeer
position  1:    T:0.14000    C:0.19000    A:0.39000    G:0.28000
position  2:    T:0.31000    C:0.18000    A:0.39000    G:0.12000
position  3:    T:0.26000    C:0.27000    A:0.28000    G:0.19000
Average         T:0.23667    C:0.21333    A:0.35333    G:0.19667

#47: Cattle         
position  1:    T:0.14000    C:0.19000    A:0.39000    G:0.28000
position  2:    T:0.31000    C:0.18000    A:0.39000    G:0.12000
position  3:    T:0.24000    C:0.29000    A:0.28000    G:0.19000
Average         T:0.23000    C:0.22000    A:0.35333    G:0.19667

#48: RoyalAntelope  
position  1:    T:0.14000    C:0.19000    A:0.39000    G:0.28000
position  2:    T:0.31000    C:0.18000    A:0.39000    G:0.12000
position  3:    T:0.27000    C:0.26000    A:0.28000    G:0.19000
Average         T:0.24000    C:0.21000    A:0.35333    G:0.19667

#49: Steenbok       
position  1:    T:0.14000    C:0.19000    A:0.39000    G:0.28000
position  2:    T:0.31000    C:0.18000    A:0.39000    G:0.12000
position  3:    T:0.26000    C:0.26000    A:0.29000    G:0.19000
Average         T:0.23667    C:0.21000    A:0.35667    G:0.19667

#50: Impala         
position  1:    T:0.14000    C:0.19000    A:0.39000    G:0.28000
position  2:    T:0.31000    C:0.18000    A:0.39000    G:0.12000
position  3:    T:0.26000    C:0.27000    A:0.29000    G:0.18000
Average         T:0.23667    C:0.21333    A:0.35667    G:0.19333

#51: Klipspringer   
position  1:    T:0.14000    C:0.19000    A:0.39000    G:0.28000
position  2:    T:0.31000    C:0.18000    A:0.39000    G:0.12000
