CODONML (in paml version 4.10.7, June 2023)  /home/rachel/ruminants_paml/6406-phy-tree/ENSBTAT00000023312.fasta.phy
Model: free dN/dS Ratios for branches,  kappa = 2.000 fixed

Codon frequency model: F3x4
ns =  54  ls = 113

Codon usage in sequences
--------------------------------------------------------------------------------------------------------------------------------------
Phe TTT   3   3   3   3   3   3 | Ser TCT   3   2   3   3   2   2 | Tyr TAT   1   0   1   1   1   1 | Cys TGT   0   1   0   0   0   0
    TTC   3   3   3   3   3   3 |     TCC   3   3   3   3   3   3 |     TAC   0   1   0   0   0   0 |     TGC   2   1   2   2   2   2
Leu TTA   0   0   0   0   0   0 |     TCA   2   3   2   1   2   1 | *** TAA   0   0   0   0   0   0 | *** TGA   0   0   0   0   0   0
    TTG   0   0   0   0   0   0 |     TCG   0   0   0   1   1   2 |     TAG   0   0   0   0   0   0 | Trp TGG   1   1   1   1   1   1
--------------------------------------------------------------------------------------------------------------------------------------
Leu CTT   2   2   2   1   2   2 | Pro CCT   3   3   3   3   3   4 | His CAT   1   1   1   1   1   0 | Arg CGT   0   0   0   0   0   0
    CTC   1   1   2   2   1   1 |     CCC   6   6   6   5   5   5 |     CAC   3   3   3   3   3   4 |     CGC   0   0   0   0   1   0
    CTA   1   3   1   1   0   1 |     CCA   4   4   4   4   4   5 | Gln CAA   1   1   1   1   1   2 |     CGA   1   1   1   1   1   1
    CTG   4   2   3   4   5   4 |     CCG   1   1   1   2   2   0 |     CAG   5   5   5   5   5   4 |     CGG   1   1   1   1   0   1
--------------------------------------------------------------------------------------------------------------------------------------
Ile ATT   3   3   3   3   3   3 | Thr ACT   1   2   1   1   2   1 | Asn AAT   0   0   0   0   0   0 | Ser AGT   1   1   1   1   2   1
    ATC   4   4   4   4   4   4 |     ACC   6   5   6   5   5   6 |     AAC   0   0   0   0   0   0 |     AGC   5   5   5   5   4   5
    ATA   2   2   2   2   2   2 |     ACA   2   3   2   2   4   3 | Lys AAA   2   2   2   2   2   2 | Arg AGA   0   0   0   0   0   0
Met ATG   5   5   5   5   5   5 |     ACG   2   1   2   2   0   1 |     AAG   3   3   3   3   3   3 |     AGG   0   0   0   0   0   0
--------------------------------------------------------------------------------------------------------------------------------------
Val GTT   1   1   1   1   1   0 | Ala GCT   2   2   2   2   2   2 | Asp GAT   0   0   0   0   0   0 | Gly GGT   1   0   0   0   0   0
    GTC   0   0   0   0   0   1 |     GCC   4   4   4   5   4   4 |     GAC   1   1   1   1   1   1 |     GGC   5   6   5   4   5   5
    GTA   0   0   0   0   0   0 |     GCA   3   2   3   3   1   1 | Glu GAA   1   2   1   1   2   1 |     GGA   0   1   0   1   1   1
    GTG   0   0   0   0   0   0 |     GCG   0   0   0   0   1   1 |     GAG   6   5   6   6   5   6 |     GGG   1   1   2   2   2   2
--------------------------------------------------------------------------------------------------------------------------------------

--------------------------------------------------------------------------------------------------------------------------------------
Phe TTT   3   3   3   3   3   3 | Ser TCT   3   3   3   3   3   3 | Tyr TAT   1   1   1   1   1   1 | Cys TGT   0   0   0   0   0   0
    TTC   3   3   3   3   3   3 |     TCC   3   3   3   3   3   3 |     TAC   0   0   0   0   0   0 |     TGC   2   2   2   2   2   2
Leu TTA   0   0   0   0   0   0 |     TCA   2   2   2   2   2   2 | *** TAA   0   0   0   0   0   0 | *** TGA   0   0   0   0   0   0
    TTG   0   0   0   0   0   0 |     TCG   0   0   0   0   0   0 |     TAG   0   0   0   0   0   0 | Trp TGG   1   1   1   1   1   1
--------------------------------------------------------------------------------------------------------------------------------------
Leu CTT   1   2   1   1   2   1 | Pro CCT   3   3   3   3   3   3 | His CAT   1   1   1   1   1   1 | Arg CGT   0   0   0   0   0   0
    CTC   2   1   2   2   2   2 |     CCC   6   6   6   6   6   6 |     CAC   3   3   3   3   3   3 |     CGC   0   0   0   0   0   0
    CTA   1   1   1   1   1   1 |     CCA   4   4   4   4   4   5 | Gln CAA   1   1   1   1   1   1 |     CGA   1   1   1   1   1   1
    CTG   4   4   4   4   3   4 |     CCG   1   1   1   1   1   0 |     CAG   5   4   5   5   5   5 |     CGG   1   1   1   1   1   1
--------------------------------------------------------------------------------------------------------------------------------------
Ile ATT   3   3   3   3   3   3 | Thr ACT   1   1   1   1   2   1 | Asn AAT   0   0   0   0   0   0 | Ser AGT   1   1   1   1   1   1
    ATC   4   4   4   4   4   4 |     ACC   6   6   6   6   5   6 |     AAC   0   0   0   0   0   0 |     AGC   5   4   4   5   5   5
    ATA   2   2   2   2   2   2 |     ACA   3   2   2   3   3   2 | Lys AAA   2   2   2   2   2   2 | Arg AGA   0   0   0   0   0   0
Met ATG   5   5   5   5   5   5 |     ACG   1   2   2   1   1   2 |     AAG   3   3   3   3   3   3 |     AGG   0   0   0   0   0   0
--------------------------------------------------------------------------------------------------------------------------------------
Val GTT   1   1   1   1   1   1 | Ala GCT   2   2   2   2   2   2 | Asp GAT   0   0   0   0   0   0 | Gly GGT   0   1   0   0   0   0
    GTC   0   0   0   0   0   0 |     GCC   4   4   4   5   4   4 |     GAC   1   1   1   1   1   1 |     GGC   6   6   7   6   5   5
    GTA   0   0   0   0   0   0 |     GCA   3   3   3   2   3   3 | Glu GAA   1   1   1   1   2   1 |     GGA   0   0   0   0   0   0
    GTG   0   0   0   0   0   0 |     GCG   0   0   0   0   0   0 |     GAG   6   6   6   6   5   6 |     GGG   1   2   1   1   2   2
--------------------------------------------------------------------------------------------------------------------------------------

--------------------------------------------------------------------------------------------------------------------------------------
Phe TTT   3   3   3   3   3   3 | Ser TCT   3   2   3   3   3   3 | Tyr TAT   0   1   1   1   1   1 | Cys TGT   0   0   0   0   0   0
    TTC   3   3   3   3   3   3 |     TCC   3   3   3   3   3   3 |     TAC   1   0   0   0   0   0 |     TGC   2   2   2   2   2   2
Leu TTA   0   1   0   0   0   0 |     TCA   2   2   2   2   2   2 | *** TAA   0   0   0   0   0   0 | *** TGA   0   0   0   0   0   0
    TTG   0   0   0   0   1   0 |     TCG   0   1   0   0   0   0 |     TAG   0   0   0   0   0   0 | Trp TGG   1   1   1   1   1   1
--------------------------------------------------------------------------------------------------------------------------------------
Leu CTT   2   1   1   1   1   1 | Pro CCT   3   3   3   3   3   3 | His CAT   1   1   1   1   1   0 | Arg CGT   0   0   0   0   0   0
    CTC   1   2   2   2   2   2 |     CCC   6   5   6   6   6   6 |     CAC   3   3   3   3   3   4 |     CGC   0   0   0   0   0   0
    CTA   1   0   1   1   1   1 |     CCA   4   4   4   3   4   5 | Gln CAA   1   1   1   1   1   1 |     CGA   1   1   1   1   1   1
    CTG   4   4   4   4   3   4 |     CCG   1   2   1   2   1   0 |     CAG   5   5   5   5   5   5 |     CGG   1   1   1   1   1   1
--------------------------------------------------------------------------------------------------------------------------------------
Ile ATT   3   3   3   3   3   3 | Thr ACT   1   1   1   1   1   1 | Asn AAT   0   0   0   0   0   1 | Ser AGT   1   1   1   1   1   0
    ATC   3   4   4   5   4   4 |     ACC   6   6   6   6   6   6 |     AAC   0   0   0   0   0   0 |     AGC   5   5   5   4   5   5
    ATA   2   2   2   1   2   2 |     ACA   2   2   3   2   3   2 | Lys AAA   2   2   2   2   2   2 | Arg AGA   0   0   0   0   0   0
Met ATG   5   5   5   5   5   5 |     ACG   2   2   1   2   1   2 |     AAG   3   3   3   3   3   3 |     AGG   0   0   0   0   0   0
--------------------------------------------------------------------------------------------------------------------------------------
Val GTT   1   1   2   1   1   1 | Ala GCT   2   2   1   2   2   2 | Asp GAT   0   0   0   0   0   0 | Gly GGT   0   0   0   0   0   0
    GTC   1   0   0   0   0   0 |     GCC   4   4   4   4   4   4 |     GAC   1   1   1   1   1   1 |     GGC   6   5   6   7   6   6
    GTA   0   0   0   0   0   0 |     GCA   3   3   3   3   3   3 | Glu GAA   1   2   1   1   1   1 |     GGA   0   0   0   0   0   0
    GTG   0   0   0   0   0   0 |     GCG   0   0   0   0   0   0 |     GAG   6   5   6   6   6   6 |     GGG   1   2   1   1   1   1
--------------------------------------------------------------------------------------------------------------------------------------

--------------------------------------------------------------------------------------------------------------------------------------
Phe TTT   3   3   3   3   3   3 | Ser TCT   3   3   3   3   3   3 | Tyr TAT   1   0   0   1   1   1 | Cys TGT   0   0   0   0   0   0
    TTC   3   3   3   3   3   3 |     TCC   3   3   3   3   3   3 |     TAC   0   1   1   0   0   0 |     TGC   2   2   2   2   2   2
Leu TTA   0   0   0   0   0   0 |     TCA   1   1   2   2   2   2 | *** TAA   0   0   0   0   0   0 | *** TGA   0   0   0   0   0   0
    TTG   0   0   1   0   0   0 |     TCG   1   1   0   0   0   0 |     TAG   0   0   0   0   0   0 | Trp TGG   1   1   1   1   1   1
--------------------------------------------------------------------------------------------------------------------------------------
Leu CTT   1   1   2   2   1   2 | Pro CCT   3   3   3   3   2   3 | His CAT   1   1   1   1   1   1 | Arg CGT   0   0   0   0   0   0
    CTC   2   3   1   2   2   1 |     CCC   6   6   6   6   7   6 |     CAC   3   3   3   3   3   3 |     CGC   0   0   0   0   0   0
    CTA   1   1   1   1   1   1 |     CCA   4   4   4   4   4   4 | Gln CAA   1   1   2   1   1   1 |     CGA   1   1   1   1   2   1
    CTG   4   3   3   3   4   4 |     CCG   1   1   1   1   1   1 |     CAG   5   5   4   5   5   5 |     CGG   1   1   1   1   0   1
--------------------------------------------------------------------------------------------------------------------------------------
Ile ATT   3   3   3   3   3   3 | Thr ACT   1   2   1   2   1   1 | Asn AAT   0   0   0   0   0   0 | Ser AGT   1   1   1   2   1   1
    ATC   4   4   4   4   4   4 |     ACC   6   6   6   5   6   6 |     AAC   0   0   0   0   0   0 |     AGC   5   5   5   4   5   5
    ATA   2   2   2   2   2   2 |     ACA   2   2   2   2   2   3 | Lys AAA   2   2   2   2   2   2 | Arg AGA   0   0   0   0   0   0
Met ATG   5   5   5   5   5   5 |     ACG   2   2   2   2   2   1 |     AAG   3   3   3   3   3   3 |     AGG   0   0   0   0   0   0
--------------------------------------------------------------------------------------------------------------------------------------
Val GTT   1   1   1   1   1   1 | Ala GCT   2   1   2   2   2   2 | Asp GAT   0   0   0   0   0   0 | Gly GGT   0   0   0   0   0   0
    GTC   0   0   0   0   0   0 |     GCC   4   4   4   4   4   4 |     GAC   1   1   1   1   1   1 |     GGC   5   5   6   5   6   6
    GTA   0   0   0   0   0   0 |     GCA   3   3   3   3   3   3 | Glu GAA   2   1   1   2   1   1 |     GGA   0   0   0   0   0   0
    GTG   0   0   0   0   0   0 |     GCG   0   0   0   0   0   0 |     GAG   5   6   6   5   6   6 |     GGG   2   2   1   2   1   1
--------------------------------------------------------------------------------------------------------------------------------------

--------------------------------------------------------------------------------------------------------------------------------------
Phe TTT   3   3   3   3   3   3 | Ser TCT   3   3   3   3   3   3 | Tyr TAT   1   1   0   1   1   1 | Cys TGT   0   0   0   0   0   0
    TTC   3   3   3   3   3   3 |     TCC   3   3   3   3   3   3 |     TAC   0   0   1   0   0   0 |     TGC   2   2   2   2   2   2
Leu TTA   0   0   0   0   0   0 |     TCA   2   2   2   2   2   2 | *** TAA   0   0   0   0   0   0 | *** TGA   0   0   0   0   0   0
    TTG   0   0   0   0   0   0 |     TCG   0   0   0   0   0   0 |     TAG   0   0   0   0   0   0 | Trp TGG   1   1   1   1   1   1
--------------------------------------------------------------------------------------------------------------------------------------
Leu CTT   1   1   2   1   1   2 | Pro CCT   3   3   3   3   3   3 | His CAT   1   1   1   1   1   1 | Arg CGT   0   0   0   0   0   0
    CTC   2   2   1   1   2   2 |     CCC   6   6   6   6   6   6 |     CAC   3   3   3   3   3   3 |     CGC   0   0   0   0   0   0
    CTA   1   1   1   1   1   1 |     CCA   5   5   4   4   4   4 | Gln CAA   1   1   1   1   1   1 |     CGA   1   2   1   1   1   1
    CTG   4   4   4   5   4   3 |     CCG   0   0   1   1   1   1 |     CAG   5   5   5   5   5   5 |     CGG   1   0   1   1   1   1
--------------------------------------------------------------------------------------------------------------------------------------
Ile ATT   3   3   3   3   3   3 | Thr ACT   1   1   1   1   1   2 | Asn AAT   0   0   0   0   0   0 | Ser AGT   1   1   1   1   1   1
    ATC   4   4   4   4   4   4 |     ACC   6   6   6   6   6   5 |     AAC   0   0   0   0   0   0 |     AGC   5   5   5   5   5   5
    ATA   2   2   2   2   2   2 |     ACA   2   2   2   2   3   2 | Lys AAA   2   2   2   2   2   2 | Arg AGA   0   0   0   0   0   0
Met ATG   5   5   5   5   5   5 |     ACG   2   2   2   2   1   2 |     AAG   3   3   3   3   3   3 |     AGG   0   0   0   0   0   0
--------------------------------------------------------------------------------------------------------------------------------------
Val GTT   1   1   1   1   1   1 | Ala GCT   2   2   2   2   2   2 | Asp GAT   0   0   0   0   0   0 | Gly GGT   0   0   0   0   0   0
    GTC   0   0   0   0   0   0 |     GCC   4   4   4   3   4   4 |     GAC   1   1   1   1   1   1 |     GGC   5   5   6   6   6   5
    GTA   0   0   0   0   0   0 |     GCA   3   3   3   3   3   3 | Glu GAA   1   1   1   1   1   2 |     GGA   0   0   0   0   0   0
    GTG   0   0   0   0   0   0 |     GCG   0   0   0   1   0   0 |     GAG   6   6   6   6   6   5 |     GGG   2   2   1   1   1   2
--------------------------------------------------------------------------------------------------------------------------------------

--------------------------------------------------------------------------------------------------------------------------------------
Phe TTT   3   3   3   3   3   3 | Ser TCT   3   3   3   3   3   3 | Tyr TAT   1   1   1   1   0   1 | Cys TGT   0   0   0   0   0   0
    TTC   3   3   3   3   3   3 |     TCC   3   3   3   3   3   3 |     TAC   0   0   0   0   1   0 |     TGC   2   2   2   2   2   2
Leu TTA   0   0   0   0   0   0 |     TCA   2   2   2   2   1   2 | *** TAA   0   0   0   0   0   0 | *** TGA   0   0   0   0   0   0
    TTG   0   0   0   0   0   0 |     TCG   0   0   0   0   1   0 |     TAG   0   0   0   0   0   0 | Trp TGG   1   1   1   1   1   1
--------------------------------------------------------------------------------------------------------------------------------------
Leu CTT   1   2   1   1   1   1 | Pro CCT   3   3   3   2   3   3 | His CAT   1   1   1   1   1   1 | Arg CGT   0   0   0   0   0   0
    CTC   2   2   2   2   2   2 |     CCC   6   6   6   7   6   6 |     CAC   3   3   3   3   3   3 |     CGC   0   0   0   0   0   0
    CTA   1   1   1   1   1   1 |     CCA   4   4   5   3   4   4 | Gln CAA   1   1   1   1   1   1 |     CGA   1   1   1   1   1   1
    CTG   4   3   4   4   4   4 |     CCG   1   1   0   2   1   1 |     CAG   5   5   5   5   5   5 |     CGG   1   1   1   1   1   1
--------------------------------------------------------------------------------------------------------------------------------------
Ile ATT   3   3   3   3   3   3 | Thr ACT   1   1   1   1   1   1 | Asn AAT   0   0   0   0   0   0 | Ser AGT   1   1   2   1   1   1
    ATC   4   4   4   5   4   4 |     ACC   6   6   6   6   6   6 |     AAC   0   0   0   0   0   0 |     AGC   5   5   4   4   5   5
    ATA   2   2   2   1   2   2 |     ACA   2   2   2   2   2   3 | Lys AAA   2   2   2   2   2   2 | Arg AGA   0   0   0   0   0   0
Met ATG   5   5   5   5   5   5 |     ACG   2   2   2   2   2   1 |     AAG   3   3   3   3   3   3 |     AGG   0   0   0   0   0   0
--------------------------------------------------------------------------------------------------------------------------------------
Val GTT   1   1   1   1   1   1 | Ala GCT   2   2   2   2   2   2 | Asp GAT   0   0   0   0   0   0 | Gly GGT   0   0   0   0   0   0
    GTC   0   0   0   0   0   0 |     GCC   4   4   4   4   4   4 |     GAC   1   1   1   1   1   1 |     GGC   6   5   5   7   5   6
    GTA   0   0   0   0   0   0 |     GCA   3   3   3   3   3   3 | Glu GAA   1   2   1   1   1   1 |     GGA   0   0   0   0   0   0
    GTG   0   0   0   0   0   0 |     GCG   0   0   0   0   0   0 |     GAG   6   5   6   6   6   6 |     GGG   1   2   2   1   2   1
--------------------------------------------------------------------------------------------------------------------------------------

--------------------------------------------------------------------------------------------------------------------------------------
Phe TTT   3   3   3   3   3   3 | Ser TCT   3   3   3   3   3   3 | Tyr TAT   1   0   1   1   1   1 | Cys TGT   0   0   0   0   0   0
    TTC   3   3   3   3   3   3 |     TCC   3   3   3   3   3   3 |     TAC   0   1   0   0   0   0 |     TGC   2   2   2   2   2   2
Leu TTA   0   1   0   0   0   0 |     TCA   2   2   2   2   2   2 | *** TAA   0   0   0   0   0   0 | *** TGA   0   0   0   0   0   0
    TTG   0   0   0   0   0   0 |     TCG   0   0   0   0   0   0 |     TAG   0   0   0   0   0   0 | Trp TGG   1   1   1   1   1   1
--------------------------------------------------------------------------------------------------------------------------------------
Leu CTT   1   1   2   1   1   2 | Pro CCT   3   3   3   3   3   3 | His CAT   0   1   1   1   1   1 | Arg CGT   0   0   0   0   0   0
    CTC   2   2   1   2   2   1 |     CCC   6   5   6   6   6   6 |     CAC   4   3   3   3   3   3 |     CGC   0   0   0   0   0   0
    CTA   1   0   1   1   1   1 |     CCA   4   5   4   4   4   5 | Gln CAA   1   1   1   1   1   1 |     CGA   1   1   1   1   1   1
    CTG   4   4   4   4   4   4 |     CCG   1   1   1   1   1   0 |     CAG   5   5   5   5   5   5 |     CGG   1   1   1   1   1   1
--------------------------------------------------------------------------------------------------------------------------------------
Ile ATT   3   3   3   3   3   3 | Thr ACT   1   1   1   1   1   1 | Asn AAT   0   0   0   0   0   0 | Ser AGT   1   1   1   1   1   1
    ATC   3   4   4   4   4   4 |     ACC   6   6   7   6   6   6 |     AAC   0   0   0   0   0   0 |     AGC   5   5   5   5   5   5
    ATA   2   2   2   2   2   2 |     ACA   3   2   2   3   2   2 | Lys AAA   2   2   2   2   2   2 | Arg AGA   0   0   0   0   0   0
Met ATG   5   5   5   5   5   5 |     ACG   1   2   1   1   2   2 |     AAG   3   3   3   3   3   3 |     AGG   0   0   0   0   0   0
--------------------------------------------------------------------------------------------------------------------------------------
Val GTT   1   1   1   1   1   1 | Ala GCT   2   2   2   2   2   2 | Asp GAT   0   0   0   0   0   0 | Gly GGT   0   0   0   0   0   0
    GTC   1   0   0   0   0   0 |     GCC   4   4   4   4   4   4 |     GAC   1   1   1   1   1   1 |     GGC   6   5   6   6   6   6
    GTA   0   0   0   0   0   0 |     GCA   3   3   3   3   3   3 | Glu GAA   1   1   1   1   1   1 |     GGA   0   0   0   0   0   0
    GTG   0   0   0   0   0   0 |     GCG   0   0   0   0   0   0 |     GAG   6   6   6   6   6   6 |     GGG   1   2   1   1   1   1
--------------------------------------------------------------------------------------------------------------------------------------

--------------------------------------------------------------------------------------------------------------------------------------
Phe TTT   3   3   3   3   3   3 | Ser TCT   3   3   3   3   3   3 | Tyr TAT   1   1   1   1   0   1 | Cys TGT   0   0   0   0   0   0
    TTC   3   3   3   3   3   3 |     TCC   3   3   3   3   3   2 |     TAC   0   0   0   0   1   0 |     TGC   2   2   2   2   2   2
Leu TTA   0   0   0   0   1   0 |     TCA   2   2   2   2   2   2 | *** TAA   0   0   0   0   0   0 | *** TGA   0   0   0   0   0   0
    TTG   0   0   0   0   0   0 |     TCG   0   0   0   0   0   1 |     TAG   0   0   0   0   0   0 | Trp TGG   1   1   1   1   1   1
--------------------------------------------------------------------------------------------------------------------------------------
Leu CTT   1   1   1   1   1   2 | Pro CCT   3   3   3   3   3   4 | His CAT   1   1   1   1   1   1 | Arg CGT   0   0   0   0   0   0
    CTC   2   2   2   2   2   1 |     CCC   6   6   6   6   5   5 |     CAC   3   3   3   3   3   3 |     CGC   0   0   0   0   0   0
    CTA   1   1   1   1   0   1 |     CCA   5   4   5   5   4   4 | Gln CAA   1   1   1   1   1   1 |     CGA   1   1   1   2   1   1
    CTG   4   4   4   4   4   4 |     CCG   0   1   0   0   2   1 |     CAG   5   5   5   5   5   5 |     CGG   1   1   1   0   1   1
--------------------------------------------------------------------------------------------------------------------------------------
Ile ATT   3   3   3   3   3   3 | Thr ACT   1   1   1   1   2   1 | Asn AAT   0   0   0   0   0   0 | Ser AGT   1   1   1   1   1   1
    ATC   4   4   4   4   4   4 |     ACC   6   6   6   6   6   6 |     AAC   0   0   0   0   0   0 |     AGC   5   5   5   5   5   5
    ATA   2   2   2   2   2   2 |     ACA   2   2   2   2   2   2 | Lys AAA   2   2   2   2   2   2 | Arg AGA   0   0   0   0   0   0
Met ATG   5   5   5   5   5   5 |     ACG   2   2   2   2   2   2 |     AAG   3   3   3   3   3   3 |     AGG   0   0   0   0   0   0
--------------------------------------------------------------------------------------------------------------------------------------
Val GTT   1   1   1   1   1   1 | Ala GCT   2   2   2   2   1   2 | Asp GAT   0   0   0   0   0   0 | Gly GGT   0   0   0   0   0   0
    GTC   0   0   0   0   0   0 |     GCC   4   4   4   4   4   4 |     GAC   1   1   1   1   1   1 |     GGC   5   6   5   5   5   6
    GTA   0   0   0   0   0   0 |     GCA   3   3   3   3   3   2 | Glu GAA   1   1   1   1   1   1 |     GGA   0   0   0   0   0   0
    GTG   0   0   0   0   0   0 |     GCG   0   0   0   0   0   1 |     GAG   6   6   6   6   6   6 |     GGG   2   1   2   2   2   1
--------------------------------------------------------------------------------------------------------------------------------------

--------------------------------------------------------------------------------------------------------------------------------------
Phe TTT   3   3   3   3   3   3 | Ser TCT   3   3   3   3   3   3 | Tyr TAT   1   1   1   1   1   1 | Cys TGT   0   0   0   0   0   0
    TTC   3   3   3   3   3   3 |     TCC   3   3   2   3   3   3 |     TAC   0   0   0   0   0   0 |     TGC   2   2   2   2   2   2
Leu TTA   0   0   0   0   0   0 |     TCA   2   2   3   1   2   2 | *** TAA   0   0   0   0   0   0 | *** TGA   0   0   0   0   0   0
    TTG   0   0   0   0   0   0 |     TCG   0   0   0   1   0   0 |     TAG   0   0   0   0   0   0 | Trp TGG   1   1   1   1   1   1
--------------------------------------------------------------------------------------------------------------------------------------
Leu CTT   1   1   1   1   2   2 | Pro CCT   3   3   3   3   3   4 | His CAT   1   0   1   1   1   1 | Arg CGT   0   0   0   0   0   0
    CTC   2   2   2   2   2   2 |     CCC   6   6   6   5   6   6 |     CAC   3   4   3   3   3   3 |     CGC   0   0   0   0   0   0
    CTA   1   1   1   1   1   1 |     CCA   4   4   5   4   4   4 | Gln CAA   1   1   1   1   1   1 |     CGA   1   1   2   1   1   1
    CTG   4   4   4   4   3   3 |     CCG   1   1   0   2   1   0 |     CAG   5   5   5   5   5   5 |     CGG   1   1   0   1   1   1
--------------------------------------------------------------------------------------------------------------------------------------
Ile ATT   3   3   3   3   3   3 | Thr ACT   1   1   1   1   2   2 | Asn AAT   0   0   0   0   0   0 | Ser AGT   1   1   1   1   2   1
    ATC   4   3   4   4   4   4 |     ACC   6   6   6   5   5   5 |     AAC   0   0   0   0   0   0 |     AGC   5   5   5   5   4   5
    ATA   2   2   2   2   2   2 |     ACA   2   3   2   2   2   2 | Lys AAA   2   2   2   2   2   2 | Arg AGA   0   0   0   0   0   0
Met ATG   5   5   5   5   5   5 |     ACG   2   1   2   2   2   2 |     AAG   3   3   3   3   3   3 |     AGG   0   0   0   0   0   0
--------------------------------------------------------------------------------------------------------------------------------------
Val GTT   1   1   1   1   1   1 | Ala GCT   2   2   2   2   2   2 | Asp GAT   0   0   0   0   0   0 | Gly GGT   0   0   0   0   0   0
    GTC   0   1   0   0   0   0 |     GCC   4   4   4   5   4   4 |     GAC   1   1   1   1   1   1 |     GGC   6   6   6   4   5   5
    GTA   0   0   0   0   0   0 |     GCA   3   3   3   3   3   3 | Glu GAA   1   1   1   1   2   2 |     GGA   0   0   0   1   0   0
    GTG   0   0   0   0   0   0 |     GCG   0   0   0   0   0   0 |     GAG   6   6   6   6   5   5 |     GGG   1   1   1   2   2   2
--------------------------------------------------------------------------------------------------------------------------------------

Codon position x base (3x4) table for each sequence.

#1: Argali         
position  1:    T:0.15929    C:0.30088    A:0.31858    G:0.22124
position  2:    T:0.25664    C:0.37168    A:0.21239    G:0.15929
position  3:    T:0.19469    C:0.38053    A:0.16814    G:0.25664
Average         T:0.20354    C:0.35103    A:0.23304    G:0.21239

#2: LesserMouseDeer
position  1:    T:0.15929    C:0.30088    A:0.31858    G:0.22124
position  2:    T:0.25664    C:0.36283    A:0.21239    G:0.16814
position  3:    T:0.18584    C:0.38053    A:0.21239    G:0.22124
Average         T:0.20059    C:0.34808    A:0.24779    G:0.20354

#3: LesserKudu     
position  1:    T:0.15929    C:0.30088    A:0.31858    G:0.22124
position  2:    T:0.25664    C:0.37168    A:0.21239    G:0.15929
position  3:    T:0.18584    C:0.38938    A:0.16814    G:0.25664
Average         T:0.20059    C:0.35398    A:0.23304    G:0.21239

#4: ForestMuskDeer2
position  1:    T:0.15929    C:0.30088    A:0.30973    G:0.23009
position  2:    T:0.25664    C:0.37168    A:0.21239    G:0.15929
position  3:    T:0.17699    C:0.37168    A:0.16814    G:0.28319
Average         T:0.19764    C:0.34808    A:0.23009    G:0.22419

#5: Camel          
position  1:    T:0.15929    C:0.30088    A:0.31858    G:0.22124
position  2:    T:0.25664    C:0.36283    A:0.21239    G:0.16814
position  3:    T:0.19469    C:0.36283    A:0.17699    G:0.26549
Average         T:0.20354    C:0.34218    A:0.23599    G:0.21829

#6: KillerWhale    
position  1:    T:0.15929    C:0.30088    A:0.31858    G:0.22124
position  2:    T:0.25664    C:0.36283    A:0.21239    G:0.16814
position  3:    T:0.16814    C:0.38938    A:0.17699    G:0.26549
Average         T:0.19469    C:0.35103    A:0.23599    G:0.21829

#7: DefassaWaterbuck
position  1:    T:0.15929    C:0.30088    A:0.31858    G:0.22124
position  2:    T:0.25664    C:0.37168    A:0.21239    G:0.15929
position  3:    T:0.17699    C:0.39823    A:0.17699    G:0.24779
Average         T:0.19764    C:0.35693    A:0.23599    G:0.20944

#8: Sheep          
position  1:    T:0.15929    C:0.29204    A:0.30973    G:0.23894
position  2:    T:0.25664    C:0.37168    A:0.20354    G:0.16814
position  3:    T:0.19469    C:0.38053    A:0.16814    G:0.25664
Average         T:0.20354    C:0.34808    A:0.22714    G:0.22124

#9: MaxwellsDuiker 
position  1:    T:0.15929    C:0.30088    A:0.30973    G:0.23009
position  2:    T:0.25664    C:0.37168    A:0.21239    G:0.15929
position  3:    T:0.17699    C:0.39823    A:0.16814    G:0.25664
Average         T:0.19764    C:0.35693    A:0.23009    G:0.21534

#10: GazellaPrzewalskyi
position  1:    T:0.15929    C:0.30088    A:0.31858    G:0.22124
position  2:    T:0.25664    C:0.37168    A:0.21239    G:0.15929
position  3:    T:0.17699    C:0.40708    A:0.16814    G:0.24779
Average         T:0.19764    C:0.35988    A:0.23304    G:0.20944

#11: MountainNyala  
position  1:    T:0.15929    C:0.30088    A:0.31858    G:0.22124
position  2:    T:0.25664    C:0.37168    A:0.21239    G:0.15929
position  3:    T:0.19469    C:0.38053    A:0.18584    G:0.23894
Average         T:0.20354    C:0.35103    A:0.23894    G:0.20649

#12: MuntiacusMuntjak
position  1:    T:0.15929    C:0.30088    A:0.31858    G:0.22124
position  2:    T:0.25664    C:0.37168    A:0.21239    G:0.15929
position  3:    T:0.17699    C:0.38938    A:0.17699    G:0.25664
Average         T:0.19764    C:0.35398    A:0.23599    G:0.21239

#13: goat           
position  1:    T:0.15929    C:0.30088    A:0.30973    G:0.23009
position  2:    T:0.25664    C:0.37168    A:0.21239    G:0.15929
position  3:    T:0.17699    C:0.39823    A:0.16814    G:0.25664
Average         T:0.19764    C:0.35693    A:0.23009    G:0.21534

#14: AfricanBuffalo 
position  1:    T:0.16814    C:0.29204    A:0.31858    G:0.22124
position  2:    T:0.25664    C:0.37168    A:0.21239    G:0.15929
position  3:    T:0.16814    C:0.38053    A:0.17699    G:0.27434
Average         T:0.19764    C:0.34808    A:0.23599    G:0.21829

#15: Topi           
position  1:    T:0.15929    C:0.30088    A:0.31858    G:0.22124
position  2:    T:0.26549    C:0.36283    A:0.21239    G:0.15929
position  3:    T:0.17699    C:0.39823    A:0.17699    G:0.24779
Average         T:0.20059    C:0.35398    A:0.23599    G:0.20944

#16: CommonDuiker   
position  1:    T:0.15929    C:0.30088    A:0.30973    G:0.23009
position  2:    T:0.25664    C:0.37168    A:0.21239    G:0.15929
position  3:    T:0.17699    C:0.40708    A:0.15044    G:0.26549
Average         T:0.19764    C:0.35988    A:0.22419    G:0.21829

#17: Suni           
position  1:    T:0.16814    C:0.29204    A:0.31858    G:0.22124
position  2:    T:0.25664    C:0.37168    A:0.21239    G:0.15929
position  3:    T:0.17699    C:0.39823    A:0.17699    G:0.24779
Average         T:0.20059    C:0.35398    A:0.23599    G:0.20944

#18: Springbuck     
position  1:    T:0.15929    C:0.30088    A:0.31858    G:0.22124
position  2:    T:0.25664    C:0.37168    A:0.22124    G:0.15044
position  3:    T:0.16814    C:0.40708    A:0.17699    G:0.24779
Average         T:0.19469    C:0.35988    A:0.23894    G:0.20649

#19: Okapi          
position  1:    T:0.15929    C:0.30088    A:0.31858    G:0.22124
position  2:    T:0.25664    C:0.37168    A:0.21239    G:0.15929
position  3:    T:0.17699    C:0.38938    A:0.16814    G:0.26549
Average         T:0.19764    C:0.35398    A:0.23304    G:0.21534

#20: Giraffe        
position  1:    T:0.15929    C:0.30088    A:0.32743    G:0.21239
position  2:    T:0.25664    C:0.37168    A:0.21239    G:0.15929
position  3:    T:0.16814    C:0.40708    A:0.15929    G:0.26549
Average         T:0.19469    C:0.35988    A:0.23304    G:0.21239

#21: TibetanAntelope
position  1:    T:0.16814    C:0.29204    A:0.31858    G:0.22124
position  2:    T:0.25664    C:0.37168    A:0.21239    G:0.15929
position  3:    T:0.17699    C:0.39823    A:0.17699    G:0.24779
Average         T:0.20059    C:0.35398    A:0.23599    G:0.20944

#22: Sitatunga      
position  1:    T:0.15929    C:0.30088    A:0.31858    G:0.22124
position  2:    T:0.25664    C:0.37168    A:0.21239    G:0.15929
position  3:    T:0.20354    C:0.37168    A:0.17699    G:0.24779
Average         T:0.20649    C:0.34808    A:0.23599    G:0.20944

#23: Oribi          
position  1:    T:0.15929    C:0.30088    A:0.31858    G:0.22124
position  2:    T:0.25664    C:0.37168    A:0.21239    G:0.15929
position  3:    T:0.16814    C:0.40708    A:0.17699    G:0.24779
Average         T:0.19469    C:0.35988    A:0.23599    G:0.20944

#24: BarbarySheep   
position  1:    T:0.15929    C:0.30088    A:0.31858    G:0.22124
position  2:    T:0.25664    C:0.37168    A:0.21239    G:0.15929
position  3:    T:0.18584    C:0.38938    A:0.17699    G:0.24779
Average         T:0.20059    C:0.35398    A:0.23599    G:0.20944

#25: Daviddeer      
position  1:    T:0.15929    C:0.30088    A:0.31858    G:0.22124
position  2:    T:0.25664    C:0.37168    A:0.21239    G:0.15929
position  3:    T:0.17699    C:0.38938    A:0.17699    G:0.25664
Average         T:0.19764    C:0.35398    A:0.23599    G:0.21239

#26: Reindeer       
position  1:    T:0.15929    C:0.30088    A:0.31858    G:0.22124
position  2:    T:0.25664    C:0.37168    A:0.21239    G:0.15929
position  3:    T:0.17699    C:0.38938    A:0.18584    G:0.24779
Average         T:0.19764    C:0.35398    A:0.23894    G:0.20944

#27: Ibex           
position  1:    T:0.15929    C:0.30088    A:0.31858    G:0.22124
position  2:    T:0.25664    C:0.37168    A:0.21239    G:0.15929
position  3:    T:0.17699    C:0.39823    A:0.16814    G:0.25664
Average         T:0.19764    C:0.35693    A:0.23304    G:0.21239

#28: GyrantGazelle  
position  1:    T:0.15929    C:0.30088    A:0.31858    G:0.22124
position  2:    T:0.25664    C:0.37168    A:0.21239    G:0.15929
position  3:    T:0.17699    C:0.38053    A:0.16814    G:0.27434
Average         T:0.19764    C:0.35103    A:0.23304    G:0.21829

#29: Hartebeest     
position  1:    T:0.15929    C:0.30088    A:0.31858    G:0.22124
position  2:    T:0.25664    C:0.37168    A:0.21239    G:0.15929
position  3:    T:0.17699    C:0.39823    A:0.17699    G:0.24779
Average         T:0.19764    C:0.35693    A:0.23599    G:0.20944

#30: Bongo          
position  1:    T:0.15929    C:0.30088    A:0.31858    G:0.22124
position  2:    T:0.25664    C:0.37168    A:0.21239    G:0.15929
position  3:    T:0.19469    C:0.38053    A:0.17699    G:0.24779
Average         T:0.20354    C:0.35103    A:0.23599    G:0.20944

#31: Gerenuk        
position  1:    T:0.15929    C:0.30088    A:0.31858    G:0.22124
position  2:    T:0.25664    C:0.37168    A:0.21239    G:0.15929
position  3:    T:0.17699    C:0.39823    A:0.16814    G:0.25664
Average         T:0.19764    C:0.35693    A:0.23304    G:0.21239

#32: CommonEland    
position  1:    T:0.15929    C:0.30088    A:0.31858    G:0.22124
position  2:    T:0.25664    C:0.37168    A:0.21239    G:0.15929
position  3:    T:0.18584    C:0.38938    A:0.17699    G:0.24779
Average         T:0.20059    C:0.35398    A:0.23599    G:0.20944

#33: MuntiacusReevesi
position  1:    T:0.15929    C:0.30088    A:0.31858    G:0.22124
position  2:    T:0.25664    C:0.37168    A:0.21239    G:0.15929
position  3:    T:0.18584    C:0.38053    A:0.17699    G:0.25664
Average         T:0.20059    C:0.35103    A:0.23599    G:0.21239

#34: HarveysDuiker  
position  1:    T:0.15929    C:0.30088    A:0.30973    G:0.23009
position  2:    T:0.25664    C:0.37168    A:0.21239    G:0.15929
position  3:    T:0.16814    C:0.41593    A:0.15044    G:0.26549
Average         T:0.19469    C:0.36283    A:0.22419    G:0.21829

#35: Pronghorn      
position  1:    T:0.15929    C:0.30088    A:0.31858    G:0.22124
position  2:    T:0.25664    C:0.37168    A:0.21239    G:0.15929
position  3:    T:0.16814    C:0.39823    A:0.15929    G:0.27434
Average         T:0.19469    C:0.35693    A:0.23009    G:0.21829

#36: BlueWildebeest 
position  1:    T:0.15929    C:0.30088    A:0.31858    G:0.22124
position  2:    T:0.25664    C:0.37168    A:0.21239    G:0.15929
position  3:    T:0.17699    C:0.39823    A:0.17699    G:0.24779
Average         T:0.19764    C:0.35693    A:0.23599    G:0.20944

#37: Gemsbok        
position  1:    T:0.15929    C:0.30088    A:0.30973    G:0.23009
position  2:    T:0.25664    C:0.37168    A:0.21239    G:0.15929
position  3:    T:0.16814    C:0.40708    A:0.17699    G:0.24779
Average         T:0.19469    C:0.35988    A:0.23304    G:0.21239

#38: Yak            
position  1:    T:0.16814    C:0.29204    A:0.31858    G:0.22124
position  2:    T:0.25664    C:0.37168    A:0.21239    G:0.15929
position  3:    T:0.16814    C:0.38938    A:0.17699    G:0.26549
Average         T:0.19764    C:0.35103    A:0.23599    G:0.21534

#39: BlueSheep      
position  1:    T:0.15929    C:0.30088    A:0.31858    G:0.22124
position  2:    T:0.25664    C:0.37168    A:0.21239    G:0.15929
position  3:    T:0.18584    C:0.39823    A:0.16814    G:0.24779
Average         T:0.20059    C:0.35693    A:0.23304    G:0.20944

#40: BohorReedbuck  
position  1:    T:0.15929    C:0.30088    A:0.31858    G:0.22124
position  2:    T:0.25664    C:0.37168    A:0.21239    G:0.15929
position  3:    T:0.17699    C:0.39823    A:0.17699    G:0.24779
Average         T:0.19764    C:0.35693    A:0.23599    G:0.20944

#41: KirksDik       
position  1:    T:0.15929    C:0.30088    A:0.31858    G:0.22124
position  2:    T:0.25664    C:0.37168    A:0.21239    G:0.15929
position  3:    T:0.17699    C:0.39823    A:0.16814    G:0.25664
Average         T:0.19764    C:0.35693    A:0.23304    G:0.21239

#42: RoeDeer        
position  1:    T:0.15929    C:0.30088    A:0.31858    G:0.22124
position  2:    T:0.25664    C:0.37168    A:0.21239    G:0.15929
position  3:    T:0.18584    C:0.38938    A:0.17699    G:0.24779
Average         T:0.20059    C:0.35398    A:0.23599    G:0.20944

#43: WhiteLippedDeer
position  1:    T:0.15929    C:0.30088    A:0.31858    G:0.22124
position  2:    T:0.25664    C:0.37168    A:0.21239    G:0.15929
position  3:    T:0.17699    C:0.38938    A:0.17699    G:0.25664
Average         T:0.19764    C:0.35398    A:0.23599    G:0.21239

#44: ThomsonGazelle 
position  1:    T:0.15929    C:0.30088    A:0.31858    G:0.22124
position  2:    T:0.25664    C:0.37168    A:0.21239    G:0.15929
position  3:    T:0.17699    C:0.39823    A:0.16814    G:0.25664
Average         T:0.19764    C:0.35693    A:0.23304    G:0.21239

#45: MuntiacusCrinifrons
position  1:    T:0.15929    C:0.30088    A:0.31858    G:0.22124
position  2:    T:0.25664    C:0.37168    A:0.21239    G:0.15929
position  3:    T:0.17699    C:0.38938    A:0.17699    G:0.25664
Average         T:0.19764    C:0.35398    A:0.23599    G:0.21239

#46: WhiteTailedDeer
position  1:    T:0.15929    C:0.30088    A:0.31858    G:0.22124
position  2:    T:0.25664    C:0.37168    A:0.21239    G:0.15929
position  3:    T:0.17699    C:0.38938    A:0.18584    G:0.24779
Average         T:0.19764    C:0.35398    A:0.23894    G:0.20944

#47: Cattle         
position  1:    T:0.16814    C:0.29204    A:0.32743    G:0.21239
position  2:    T:0.25664    C:0.37168    A:0.21239    G:0.15929
position  3:    T:0.16814    C:0.38938    A:0.16814    G:0.27434
Average         T:0.19764    C:0.35103    A:0.23599    G:0.21534

#48: RoyalAntelope  
position  1:    T:0.15929    C:0.30088    A:0.31858    G:0.22124
position  2:    T:0.25664    C:0.37168    A:0.21239    G:0.15929
position  3:    T:0.19469    C:0.37168    A:0.15929    G:0.27434
Average         T:0.20354    C:0.34808    A:0.23009    G:0.21829

#49: Steenbok       
position  1:    T:0.15929    C:0.30088    A:0.31858    G:0.22124
position  2:    T:0.25664    C:0.37168    A:0.21239    G:0.15929
position  3:    T:0.17699    C:0.39823    A:0.16814    G:0.25664
Average         T:0.19764    C:0.35693    A:0.23304    G:0.21239

#50: Impala         
position  1:    T:0.15929    C:0.30088    A:0.30973    G:0.23009
position  2:    T:0.25664    C:0.37168    A:0.21239    G:0.15929
position  3:    T:0.16814    C:0.40708    A:0.17699    G:0.24779
Average         T:0.19469    C:0.35988    A:0.23304    G:0.21239

#51: Klipspringer   
position  1:    T:0.15929    C:0.30088    A:0.31858    G:0.22124
position  2:    T:0.25664    C:0.37168    A:0.21239    G:0.15929
