1
52 1
Argali 0.000000 0.243800 0.084400 0.194600 0.095800 0.000000 0.080800 0.074500 0.084100 0.207900 0.025500 0.085000 0.063400 0.074700 0.068200 0.074600 0.085900 0.084600 0.025500 0.078900 0.080700 0.030600 0.182900 0.182600 0.020300 0.058000 0.052400 0.085000 0.069300 0.090300 0.195700 0.069700 0.116000 0.047000 0.047100 0.074600 0.020500 0.074200 0.074400 0.194700 0.151900 0.057900 0.195700 0.190500 0.074600 0.108000 0.096400 0.085000 0.085800 0.097600 0.073800 0.096100
LesserMous 0.243800 0.000000 0.215700 0.267200 0.216800 0.243800 0.242900 0.233400 0.234600 0.323800 0.221300 0.217800 0.233300 0.234200 0.203500 0.213000 0.199900 0.209800 0.236300 0.209200 0.221300 0.215400 0.298900 0.277000 0.216100 0.227300 0.233000 0.237700 0.193800 0.202700 0.326100 0.243600 0.243400 0.225600 0.219700 0.226800 0.216300 0.212500 0.199100 0.313000 0.284500 0.206000 0.326100 0.271700 0.226800 0.219100 0.238200 0.217700 0.241000 0.193700 0.216500 0.223400
LesserKudu 0.084400 0.215700 0.000000 0.227200 0.101300 0.084400 0.092000 0.091400 0.051200 0.207400 0.089200 0.090700 0.102600 0.097200 0.090300 0.080100 0.097100 0.095700 0.089800 0.035700 0.086300 0.095200 0.176300 0.163400 0.084200 0.085800 0.091100 0.030700 0.074800 0.025400 0.195200 0.092200 0.115700 0.085200 0.079900 0.068900 0.073300 0.079700 0.079900 0.188000 0.151700 0.074300 0.195200 0.170900 0.068900 0.107900 0.101900 0.073500 0.097000 0.109100 0.010200 0.030700
KillerWhal 0.194600 0.267200 0.227200 0.000000 0.201400 0.194600 0.238900 0.171000 0.193600 0.274300 0.186500 0.189000 0.210700 0.230500 0.175700 0.197000 0.172000 0.156100 0.187000 0.181400 0.191700 0.180800 0.260900 0.253800 0.193400 0.184300 0.197200 0.195800 0.178300 0.207800 0.276100 0.225700 0.207600 0.190200 0.183700 0.183900 0.181600 0.183600 0.177500 0.252100 0.226500 0.190000 0.276100 0.262300 0.183900 0.209500 0.221700 0.195700 0.210500 0.159900 0.214500 0.208600
DefassaWat 0.095800 0.216800 0.101300 0.201400 0.000000 0.095800 0.103800 0.069000 0.106500 0.221700 0.100600 0.074000 0.074500 0.097400 0.068300 0.080200 0.074800 0.079200 0.089900 0.090000 0.086400 0.084200 0.170300 0.157500 0.095600 0.074600 0.074400 0.096300 0.074900 0.096000 0.209300 0.092500 0.116100 0.068700 0.063400 0.085900 0.084500 0.031000 0.057900 0.194900 0.164400 0.074400 0.209300 0.152600 0.085900 0.074200 0.102100 0.063100 0.085900 0.086300 0.095900 0.090500
Sheep 0.000000 0.243800 0.084400 0.194600 0.095800 0.000000 0.080800 0.074500 0.084100 0.207900 0.025300 0.085000 0.063700 0.074700 0.068200 0.074600 0.085900 0.084600 0.025500 0.078900 0.080700 0.030600 0.182900 0.182600 0.020300 0.058000 0.052400 0.085000 0.069300 0.090300 0.195700 0.069700 0.116000 0.047000 0.047100 0.074600 0.020300 0.074200 0.074400 0.194700 0.151900 0.057900 0.195700 0.190500 0.074600 0.108000 0.096400 0.085000 0.085800 0.097600 0.073500 0.096100
MaxwellsDu 0.080800 0.242900 0.092000 0.238900 0.103800 0.080800 0.000000 0.081600 0.114700 0.192100 0.085800 0.098300 0.105200 0.048000 0.086700 0.075900 0.093700 0.115200 0.085900 0.097800 0.082100 0.091800 0.180400 0.167300 0.080300 0.081700 0.093400 0.104300 0.070500 0.109700 0.179800 0.042900 0.130900 0.087400 0.081600 0.093200 0.069500 0.081600 0.075700 0.192400 0.149000 0.070100 0.179800 0.162000 0.093200 0.104600 0.098100 0.092500 0.076100 0.117400 0.080900 0.115900
GazellaPrz 0.074500 0.233400 0.091400 0.171000 0.069000 0.074500 0.081600 0.000000 0.090900 0.183800 0.090700 0.063600 0.075400 0.081200 0.041900 0.042100 0.064600 0.063400 0.079700 0.074500 0.047800 0.085400 0.159700 0.159400 0.085300 0.042100 0.064200 0.069400 0.036900 0.086000 0.171600 0.076100 0.093700 0.058500 0.053000 0.053200 0.074500 0.047600 0.042000 0.171400 0.129200 0.036600 0.171600 0.167000 0.053200 0.080800 0.063400 0.069200 0.058600 0.075800 0.080300 0.091900
MountainNy 0.084100 0.234600 0.051200 0.193600 0.106500 0.084100 0.114700 0.090900 0.000000 0.192800 0.088900 0.095700 0.096400 0.108300 0.078700 0.091000 0.096700 0.106600 0.089500 0.025500 0.097200 0.083700 0.181500 0.168400 0.095100 0.091200 0.085100 0.030500 0.085700 0.035600 0.194100 0.103300 0.127100 0.079300 0.074100 0.068600 0.084000 0.084800 0.090700 0.193300 0.150800 0.085100 0.194100 0.189100 0.068600 0.124800 0.112900 0.073500 0.119700 0.120300 0.040800 0.030900
MuntiacusM 0.207900 0.323800 0.207400 0.274300 0.221700 0.207900 0.192100 0.183800 0.192800 0.000000 0.212600 0.194800 0.211100 0.184300 0.175400 0.197000 0.164600 0.193900 0.213300 0.174400 0.191700 0.206700 0.097100 0.127500 0.220100 0.197400 0.197300 0.195700 0.191200 0.188000 0.011400 0.166300 0.215100 0.190100 0.183300 0.183600 0.207700 0.196900 0.196300 0.114900 0.091200 0.189800 0.011300 0.122200 0.183600 0.223900 0.222100 0.195400 0.224300 0.184500 0.194700 0.195100
goat 0.025500 0.221300 0.089200 0.186500 0.100600 0.025300 0.085800 0.090700 0.088900 0.212600 0.000000 0.084400 0.079600 0.090900 0.073100 0.090700 0.090900 0.089500 0.030400 0.083700 0.097000 0.025500 0.200500 0.174800 0.015100 0.079600 0.068300 0.101200 0.085500 0.095100 0.214000 0.086000 0.132900 0.062700 0.063000 0.090700 0.015100 0.090300 0.079300 0.212500 0.169100 0.084900 0.214000 0.182400 0.090700 0.112900 0.112700 0.101100 0.090800 0.102600 0.078400 0.100900
AfricanBuf 0.085000 0.217800 0.090700 0.189000 0.074000 0.085000 0.098300 0.063600 0.095700 0.194800 0.084400 0.000000 0.086100 0.086300 0.068700 0.074800 0.064000 0.073800 0.079000 0.079400 0.081000 0.084700 0.164800 0.156700 0.068100 0.069300 0.074700 0.085600 0.069500 0.079600 0.182700 0.092700 0.111200 0.069000 0.063500 0.052600 0.068400 0.063600 0.068600 0.176500 0.134300 0.069100 0.182700 0.164100 0.052600 0.097200 0.085400 0.074300 0.080400 0.068700 0.079700 0.096700
Topi 0.063400 0.233300 0.102600 0.210700 0.074500 0.063700 0.105200 0.075400 0.096400 0.211100 0.079600 0.086100 0.000000 0.098700 0.080200 0.086900 0.087000 0.091400 0.068700 0.091200 0.093300 0.063100 0.159900 0.172300 0.074300 0.081300 0.010400 0.097500 0.081600 0.097200 0.198700 0.093700 0.111900 0.015500 0.026200 0.086900 0.063300 0.064000 0.075300 0.184500 0.154000 0.081100 0.198700 0.180100 0.086900 0.097900 0.109200 0.074800 0.098400 0.098900 0.097100 0.103100
CommonDuik 0.074700 0.234200 0.097200 0.230500 0.097400 0.074700 0.048000 0.081200 0.108300 0.184300 0.090900 0.086300 0.098700 0.000000 0.080600 0.058700 0.076000 0.108800 0.068800 0.091600 0.076000 0.080100 0.147700 0.172600 0.085500 0.075600 0.087100 0.098000 0.053400 0.103300 0.172100 0.026700 0.124100 0.081200 0.075500 0.087000 0.074700 0.075500 0.069700 0.172000 0.129700 0.064100 0.172100 0.154600 0.087000 0.098200 0.091800 0.086300 0.087000 0.110800 0.086100 0.109400
Suni 0.068200 0.203500 0.090300 0.175700 0.068300 0.068200 0.086700 0.041900 0.078700 0.175400 0.073100 0.068700 0.080200 0.080600 0.000000 0.063700 0.069400 0.057500 0.073500 0.062700 0.069700 0.067900 0.164500 0.152000 0.079000 0.052800 0.069000 0.079700 0.058400 0.073800 0.176600 0.075600 0.092900 0.063400 0.058100 0.058200 0.068100 0.047100 0.063500 0.176200 0.134300 0.058100 0.176600 0.171800 0.058200 0.091200 0.085400 0.068500 0.069200 0.080900 0.079300 0.079500
Springbuck 0.074600 0.213000 0.080100 0.197000 0.080200 0.074600 0.075900 0.042100 0.091000 0.197000 0.090700 0.074800 0.086900 0.058700 0.063700 0.000000 0.053500 0.085800 0.085000 0.074600 0.026200 0.085400 0.172300 0.171900 0.085300 0.042000 0.075500 0.080700 0.015500 0.086000 0.184800 0.064800 0.093700 0.069700 0.064100 0.053200 0.074500 0.058600 0.031300 0.184200 0.141400 0.025900 0.184800 0.166800 0.053200 0.069500 0.041800 0.069300 0.081000 0.087300 0.069100 0.091900
Okapi 0.085900 0.199900 0.097100 0.172000 0.074800 0.085900 0.093700 0.064600 0.096700 0.164600 0.090900 0.064000 0.087000 0.076000 0.069400 0.053500 0.000000 0.052800 0.080100 0.080200 0.053700 0.085500 0.147800 0.135200 0.085700 0.070300 0.075600 0.086400 0.048200 0.091700 0.152600 0.082400 0.082600 0.069800 0.064400 0.064600 0.074600 0.064300 0.053300 0.159500 0.117700 0.058900 0.152600 0.130000 0.064600 0.086700 0.080900 0.075000 0.087300 0.053700 0.086000 0.097700
Giraffe 0.084600 0.209800 0.095700 0.156100 0.079200 0.084600 0.115200 0.063400 0.106600 0.193900 0.089500 0.073800 0.091400 0.108800 0.057500 0.085800 0.052800 0.000000 0.078600 0.090200 0.080600 0.084300 0.163600 0.138900 0.084200 0.080200 0.080100 0.085100 0.080500 0.090400 0.181900 0.103900 0.081400 0.074300 0.068800 0.074500 0.073500 0.068900 0.074300 0.175200 0.139500 0.080000 0.181900 0.158200 0.074500 0.102600 0.107800 0.096400 0.097000 0.063700 0.096000 0.096200
TibetanAnt 0.025500 0.236300 0.089800 0.187000 0.089900 0.025500 0.085900 0.079700 0.089500 0.213300 0.030400 0.079000 0.068700 0.068800 0.073500 0.085000 0.080100 0.078600 0.000000 0.084300 0.091200 0.020200 0.175500 0.175100 0.025300 0.079400 0.057700 0.090400 0.079700 0.095700 0.201100 0.074900 0.121700 0.052200 0.052200 0.079700 0.015200 0.079600 0.068400 0.187200 0.157200 0.079200 0.201100 0.182800 0.079700 0.102000 0.106300 0.090400 0.096000 0.091400 0.078900 0.101600
Sitatunga 0.078900 0.209200 0.035700 0.181400 0.090000 0.078900 0.097800 0.074500 0.025500 0.174400 0.083700 0.079400 0.091200 0.091600 0.062700 0.074600 0.080200 0.090200 0.084300 0.000000 0.080700 0.079000 0.157600 0.163400 0.089900 0.074700 0.079800 0.025700 0.069300 0.020300 0.175500 0.086600 0.109900 0.074100 0.068800 0.052500 0.078800 0.057700 0.074400 0.162700 0.127600 0.068900 0.175500 0.170900 0.052500 0.096500 0.096300 0.057300 0.102800 0.097700 0.025700 0.025800
Oribi 0.080700 0.221300 0.086300 0.191700 0.086400 0.080700 0.082100 0.047800 0.097200 0.191700 0.097000 0.081000 0.093300 0.076000 0.069700 0.026200 0.053700 0.080600 0.091200 0.080700 0.000000 0.091700 0.167000 0.166700 0.091500 0.047700 0.081700 0.086900 0.031600 0.092300 0.179400 0.070900 0.088500 0.075800 0.070100 0.059100 0.080600 0.064600 0.036800 0.178900 0.136200 0.031700 0.179400 0.174400 0.059100 0.075600 0.042100 0.075300 0.087300 0.082100 0.075200 0.098300
BarbaryShe 0.030600 0.215400 0.095200 0.180800 0.084200 0.030600 0.091800 0.085400 0.083700 0.206700 0.025500 0.084700 0.063100 0.080100 0.067900 0.085400 0.085500 0.084300 0.020200 0.079000 0.091700 0.000000 0.176000 0.181800 0.030500 0.074300 0.063500 0.095900 0.080100 0.089800 0.208100 0.080600 0.127400 0.057800 0.057700 0.085400 0.020400 0.085100 0.063100 0.200600 0.163600 0.079700 0.208100 0.189500 0.085400 0.096200 0.107400 0.084400 0.096700 0.097200 0.084300 0.096100
Daviddeer 0.182900 0.298900 0.176300 0.260900 0.170300 0.182900 0.180400 0.159700 0.181500 0.097100 0.200500 0.164800 0.159900 0.147700 0.164500 0.172300 0.147800 0.163600 0.175500 0.157600 0.167000 0.176000 0.000000 0.100400 0.194600 0.178800 0.159700 0.171200 0.166600 0.170600 0.085700 0.142900 0.169400 0.153100 0.146800 0.159600 0.182700 0.153400 0.153400 0.065500 0.026800 0.165500 0.085700 0.107200 0.159600 0.165800 0.196400 0.152300 0.198000 0.154100 0.170400 0.177300
Reindeer 0.182600 0.277000 0.163400 0.253800 0.157500 0.182600 0.167300 0.159400 0.168400 0.127500 0.174800 0.156700 0.172300 0.172600 0.152000 0.171900 0.135200 0.138900 0.175100 0.163400 0.166700 0.181800 0.100400 0.000000 0.168900 0.178600 0.159500 0.158000 0.166300 0.170200 0.115800 0.155100 0.169300 0.152900 0.146700 0.159300 0.157300 0.159200 0.157300 0.070900 0.083100 0.165200 0.115800 0.037300 0.159300 0.171500 0.196000 0.170600 0.172100 0.146200 0.157600 0.151600
Ibex 0.020300 0.216100 0.084200 0.193400 0.095600 0.020300 0.080300 0.085300 0.095100 0.220100 0.015100 0.068100 0.074300 0.085500 0.079000 0.085300 0.085700 0.084200 0.025300 0.089900 0.091500 0.030500 0.194600 0.168900 0.000000 0.079800 0.063200 0.096100 0.080000 0.090100 0.207800 0.080500 0.127700 0.057600 0.057300 0.085300 0.010100 0.085200 0.073900 0.206500 0.163400 0.079500 0.207800 0.176500 0.085300 0.107800 0.095800 0.096000 0.085300 0.085700 0.073400 0.107300
GyrantGaze 0.058000 0.227300 0.085800 0.184300 0.074600 0.058000 0.081700 0.042100 0.091200 0.197400 0.079600 0.069300 0.081300 0.075600 0.052800 0.042000 0.070300 0.080200 0.079400 0.074700 0.047700 0.074300 0.178800 0.178600 0.079800 0.000000 0.069900 0.086500 0.037000 0.086200 0.191700 0.070600 0.105600 0.064200 0.058600 0.058800 0.069000 0.053100 0.042000 0.190800 0.147700 0.025900 0.191700 0.186500 0.058800 0.075200 0.063500 0.074900 0.075500 0.081600 0.074800 0.092100
Hartebeest 0.052400 0.233000 0.091100 0.197200 0.074400 0.052400 0.093400 0.064200 0.085100 0.197300 0.068300 0.074700 0.010400 0.087100 0.069000 0.075500 0.075600 0.080100 0.057700 0.079800 0.081700 0.063500 0.159700 0.159500 0.063200 0.069900 0.000000 0.086000 0.070200 0.085700 0.185000 0.082000 0.111600 0.005200 0.015600 0.075500 0.052400 0.053000 0.075300 0.171500 0.141500 0.069700 0.185000 0.167100 0.075500 0.097700 0.097600 0.074900 0.086800 0.087200 0.085600 0.091600
Bongo 0.085000 0.237700 0.030700 0.195800 0.096300 0.085000 0.104300 0.069400 0.030500 0.195700 0.101200 0.085600 0.097500 0.098000 0.079700 0.080700 0.086400 0.085100 0.090400 0.025700 0.086900 0.095900 0.171200 0.158000 0.096100 0.086500 0.086000 0.000000 0.075400 0.025600 0.183500 0.093000 0.116700 0.080200 0.074800 0.058400 0.084900 0.074600 0.080500 0.183000 0.140500 0.074900 0.183500 0.178600 0.058400 0.114600 0.102700 0.074200 0.109300 0.109900 0.020400 0.020400
Gerenuk 0.069300 0.193800 0.074800 0.178300 0.074900 0.069300 0.070500 0.036900 0.085700 0.191200 0.085500 0.069500 0.081600 0.053400 0.058400 0.015500 0.048200 0.080500 0.079700 0.069300 0.031600 0.080100 0.166600 0.166300 0.080000 0.037000 0.070200 0.075400 0.000000 0.080700 0.179000 0.059500 0.088300 0.064400 0.058800 0.047900 0.069200 0.053300 0.026100 0.178500 0.135800 0.020700 0.179000 0.161200 0.047900 0.064200 0.047300 0.064000 0.075700 0.081900 0.063900 0.086600
CommonElan 0.090300 0.202700 0.025400 0.207800 0.096000 0.090300 0.109700 0.086000 0.035600 0.188000 0.095100 0.079600 0.097200 0.103300 0.073800 0.086000 0.091700 0.090400 0.095700 0.020300 0.092300 0.089800 0.170600 0.170200 0.090100 0.086200 0.085700 0.025600 0.080700 0.000000 0.189300 0.098400 0.110200 0.079900 0.074600 0.063600 0.090200 0.074400 0.085800 0.182300 0.146100 0.080200 0.189300 0.177900 0.063600 0.114200 0.096600 0.079400 0.114700 0.103600 0.025700 0.015200
MuntiacusR 0.195700 0.326100 0.195200 0.276100 0.209300 0.195700 0.179800 0.171600 0.194100 0.011400 0.214000 0.182700 0.198700 0.172100 0.176600 0.184800 0.152600 0.181900 0.201100 0.175500 0.179400 0.208100 0.085700 0.115800 0.207800 0.191700 0.185000 0.183500 0.179000 0.189300 0.000000 0.154200 0.202400 0.177900 0.171200 0.171500 0.195500 0.184600 0.184100 0.103400 0.079800 0.177700 0.000000 0.110400 0.171500 0.211400 0.209700 0.183200 0.211700 0.172300 0.182600 0.196500
HarveysDui 0.069700 0.243600 0.092200 0.225700 0.092500 0.069700 0.042900 0.076100 0.103300 0.166300 0.086000 0.092700 0.093700 0.026700 0.075600 0.064800 0.082400 0.103900 0.074900 0.086600 0.070900 0.080600 0.142900 0.155100 0.080500 0.070600 0.082000 0.093000 0.059500 0.098400 0.154200 0.000000 0.119100 0.076200 0.070400 0.082000 0.069700 0.070500 0.064600 0.167300 0.112700 0.059100 0.154200 0.149900 0.082000 0.093200 0.086800 0.081300 0.081900 0.105800 0.081100 0.104400
Pronghorn 0.116000 0.243400 0.115700 0.207600 0.116100 0.116000 0.130900 0.093700 0.127100 0.215100 0.132900 0.111200 0.111900 0.124100 0.092900 0.093700 0.082600 0.081400 0.121700 0.109900 0.088500 0.127400 0.169400 0.169300 0.127700 0.105600 0.111600 0.116700 0.088300 0.110200 0.202400 0.119100 0.000000 0.105400 0.099900 0.094100 0.115900 0.093700 0.076300 0.174800 0.144300 0.087700 0.202400 0.164400 0.094100 0.129100 0.116400 0.110500 0.123900 0.100900 0.116100 0.116500
BlueWildeb 0.047000 0.225600 0.085200 0.190200 0.068700 0.047000 0.087400 0.058500 0.079300 0.190100 0.062700 0.069000 0.015500 0.081200 0.063400 0.069700 0.069800 0.074300 0.052200 0.074100 0.075800 0.057800 0.153100 0.152900 0.057600 0.064200 0.005200 0.080200 0.064400 0.079900 0.177900 0.076200 0.105400 0.000000 0.010300 0.069700 0.046900 0.047400 0.069500 0.164800 0.135000 0.064000 0.177900 0.160400 0.069700 0.091800 0.091600 0.069000 0.081000 0.081300 0.079600 0.085500
Gemsbok 0.047100 0.219700 0.079900 0.183700 0.063400 0.047100 0.081600 0.053000 0.074100 0.183300 0.063000 0.063500 0.026200 0.075500 0.058100 0.064100 0.064400 0.068800 0.052200 0.068800 0.070100 0.057700 0.146800 0.146700 0.057300 0.058600 0.015600 0.074800 0.058800 0.074600 0.171200 0.070400 0.099900 0.010300 0.000000 0.064100 0.047100 0.042100 0.063900 0.158400 0.128800 0.058500 0.171200 0.154000 0.064100 0.086400 0.085900 0.063700 0.075300 0.075600 0.074500 0.080400
Yak 0.074600 0.226800 0.068900 0.183900 0.085900 0.074600 0.093200 0.053200 0.068600 0.183600 0.090700 0.052600 0.086900 0.087000 0.058200 0.053200 0.064600 0.074500 0.079700 0.052500 0.059100 0.085400 0.159600 0.159300 0.085300 0.058800 0.075500 0.058400 0.047900 0.063600 0.171500 0.082000 0.094100 0.069700 0.064100 0.000000 0.074500 0.064200 0.053000 0.171300 0.129100 0.047600 0.171500 0.166900 0.000000 0.086600 0.074800 0.063800 0.086900 0.087300 0.058100 0.069300
BlueSheep 0.020500 0.216300 0.073300 0.181600 0.084500 0.020300 0.069500 0.074500 0.084000 0.207700 0.015100 0.068400 0.063300 0.074700 0.068100 0.074500 0.074600 0.073500 0.015200 0.078800 0.080600 0.020400 0.182700 0.157300 0.010100 0.069000 0.052400 0.084900 0.069200 0.090200 0.195500 0.069700 0.115900 0.046900 0.047100 0.074500 0.000000 0.074100 0.063300 0.194600 0.151800 0.068800 0.195500 0.164700 0.074500 0.096400 0.096300 0.084900 0.074500 0.086100 0.062600 0.096000
BohorReedb 0.074200 0.212500 0.079700 0.183600 0.031000 0.074200 0.081600 0.047600 0.084800 0.196900 0.090300 0.063600 0.064000 0.075500 0.047100 0.058600 0.064300 0.068900 0.079600 0.057700 0.064600 0.085100 0.153400 0.159200 0.085200 0.053100 0.053000 0.074600 0.053300 0.074400 0.184600 0.070500 0.093700 0.047400 0.042100 0.064200 0.074100 0.000000 0.058400 0.158600 0.135300 0.053000 0.184600 0.154300 0.064200 0.063800 0.080300 0.041800 0.064200 0.070200 0.074300 0.080800
KirksDik 0.074400 0.199100 0.079900 0.177500 0.057900 0.074400 0.075700 0.042000 0.090700 0.196300 0.079300 0.068600 0.075300 0.069700 0.063500 0.031300 0.053300 0.074300 0.068400 0.074400 0.036800 0.063100 0.153400 0.157300 0.073900 0.042000 0.075300 0.080500 0.026100 0.085800 0.184100 0.064600 0.076300 0.069500 0.063900 0.053000 0.063300 0.058400 0.000000 0.177700 0.135200 0.025900 0.184100 0.164800 0.053000 0.047400 0.052400 0.058100 0.080800 0.075000 0.068900 0.091600
RoeDeer 0.194700 0.313000 0.188000 0.252100 0.194900 0.194700 0.192400 0.171400 0.193300 0.114900 0.212500 0.176500 0.184500 0.172000 0.176200 0.184200 0.159500 0.175200 0.187200 0.162700 0.178900 0.200600 0.065500 0.070900 0.206500 0.190800 0.171500 0.183000 0.178500 0.182300 0.103400 0.167300 0.174800 0.164800 0.158400 0.171300 0.194600 0.158600 0.177700 0.000000 0.071400 0.177300 0.103400 0.077200 0.171300 0.183700 0.208400 0.169900 0.197100 0.160100 0.182100 0.189200
WhiteLippe 0.151900 0.284500 0.151700 0.226500 0.164400 0.151900 0.149000 0.129200 0.150800 0.091200 0.169100 0.134300 0.154000 0.129700 0.134300 0.141400 0.117700 0.139500 0.157200 0.127600 0.136200 0.163600 0.026800 0.083100 0.163400 0.147700 0.141500 0.140500 0.135800 0.146100 0.079800 0.112700 0.144300 0.135000 0.128800 0.129100 0.151800 0.135300 0.135200 0.071400 0.000000 0.134900 0.079800 0.089600 0.129100 0.159900 0.164800 0.134300 0.166200 0.123700 0.139800 0.152500
ThomsonGaz 0.057900 0.206000 0.074300 0.190000 0.074400 0.057900 0.070100 0.036600 0.085100 0.189800 0.084900 0.069100 0.081100 0.064100 0.058100 0.025900 0.058900 0.080000 0.079200 0.068900 0.031700 0.079700 0.165500 0.165200 0.079500 0.025900 0.069700 0.074900 0.020700 0.080200 0.177700 0.059100 0.087700 0.064000 0.058500 0.047600 0.068800 0.053000 0.025900 0.177300 0.134900 0.000000 0.177700 0.172900 0.047600 0.063800 0.047000 0.063600 0.075200 0.081400 0.063500 0.086000
MuntiacusC 0.195700 0.326100 0.195200 0.276100 0.209300 0.195700 0.179800 0.171600 0.194100 0.011300 0.214000 0.182700 0.198700 0.172100 0.176600 0.184800 0.152600 0.181900 0.201100 0.175500 0.179400 0.208100 0.085700 0.115800 0.207800 0.191700 0.185000 0.183500 0.179000 0.189300 0.000000 0.154200 0.202400 0.177900 0.171200 0.171500 0.195500 0.184600 0.184100 0.103400 0.079800 0.177700 0.000000 0.110400 0.171500 0.211400 0.209700 0.183200 0.211700 0.172300 0.182600 0.196500
WhiteTaile 0.190500 0.271700 0.170900 0.262300 0.152600 0.190500 0.162000 0.167000 0.189100 0.122200 0.182400 0.164100 0.180100 0.154600 0.171800 0.166800 0.130000 0.158200 0.182800 0.170900 0.174400 0.189500 0.107200 0.037300 0.176500 0.186500 0.167100 0.178600 0.161200 0.177900 0.110400 0.149900 0.164400 0.160400 0.154000 0.166900 0.164700 0.154300 0.164800 0.077200 0.089600 0.172900 0.110400 0.000000 0.166900 0.179300 0.204100 0.178300 0.179900 0.153500 0.165000 0.172000
Cattle 0.074600 0.226800 0.068900 0.183900 0.085900 0.074600 0.093200 0.053200 0.068600 0.183600 0.090700 0.052600 0.086900 0.087000 0.058200 0.053200 0.064600 0.074500 0.079700 0.052500 0.059100 0.085400 0.159600 0.159300 0.085300 0.058800 0.075500 0.058400 0.047900 0.063600 0.171500 0.082000 0.094100 0.069700 0.064100 0.000000 0.074500 0.064200 0.053000 0.171300 0.129100 0.047600 0.171500 0.166900 0.000000 0.086600 0.074800 0.063800 0.086900 0.087300 0.058100 0.069300
RoyalAntel 0.108000 0.219100 0.107900 0.209500 0.074200 0.108000 0.104600 0.080800 0.124800 0.223900 0.112900 0.097200 0.097900 0.098200 0.091200 0.069500 0.086700 0.102600 0.102000 0.096500 0.075600 0.096200 0.165800 0.171500 0.107800 0.075200 0.097700 0.114600 0.064200 0.114200 0.211400 0.093200 0.129100 0.091800 0.086400 0.086600 0.096400 0.063800 0.047400 0.183700 0.159900 0.063800 0.211400 0.179300 0.086600 0.000000 0.091400 0.074800 0.097700 0.104500 0.102400 0.120300
Steenbok 0.096400 0.238200 0.101900 0.221700 0.102100 0.096400 0.098100 0.063400 0.112900 0.222100 0.112700 0.085400 0.109200 0.091800 0.085400 0.041800 0.080900 0.107800 0.106300 0.096300 0.042100 0.107400 0.196400 0.196000 0.095800 0.063500 0.097600 0.102700 0.047300 0.096600 0.209700 0.086800 0.116400 0.091600 0.085900 0.074800 0.096300 0.080300 0.052400 0.208400 0.164800 0.047000 0.209700 0.204100 0.074800 0.091400 0.000000 0.091000 0.103200 0.098000 0.090800 0.114100
Impala 0.085000 0.217700 0.073500 0.195700 0.063100 0.085000 0.092500 0.069200 0.073500 0.195400 0.101100 0.074300 0.074800 0.086300 0.068500 0.069300 0.075000 0.096400 0.090400 0.057300 0.075300 0.084400 0.152300 0.170600 0.096000 0.074900 0.074900 0.074200 0.064000 0.079400 0.183200 0.081300 0.110500 0.069000 0.063700 0.063800 0.084900 0.041800 0.058100 0.169900 0.134300 0.063600 0.183200 0.178300 0.063800 0.074800 0.091000 0.000000 0.074900 0.081000 0.073800 0.085100
Klipspring 0.085800 0.241000 0.097000 0.210500 0.085900 0.085800 0.076100 0.058600 0.119700 0.224300 0.090800 0.080400 0.098400 0.087000 0.069200 0.081000 0.087300 0.097000 0.096000 0.102800 0.087300 0.096700 0.198000 0.172100 0.085300 0.075500 0.086800 0.109300 0.075700 0.114700 0.211700 0.081900 0.123900 0.081000 0.075300 0.086900 0.074500 0.064200 0.080800 0.197100 0.166200 0.075200 0.211700 0.179900 0.086900 0.097700 0.103200 0.074900 0.000000 0.087200 0.097300 0.120900
ForestMusk 0.097600 0.193700 0.109100 0.159900 0.086300 0.097600 0.117400 0.075800 0.120300 0.184500 0.102600 0.068700 0.098900 0.110800 0.080900 0.087300 0.053700 0.063700 0.091400 0.097700 0.082100 0.097200 0.154100 0.146200 0.085700 0.081600 0.087200 0.109900 0.081900 0.103600 0.172300 0.105800 0.100900 0.081300 0.075600 0.087300 0.086100 0.070200 0.075000 0.160100 0.123700 0.081400 0.172300 0.153500 0.087300 0.104500 0.098000 0.081000 0.087200 0.000000 0.109400 0.121500
Bushbuck 0.073800 0.216500 0.010200 0.214500 0.095900 0.073500 0.080900 0.080300 0.040800 0.194700 0.078400 0.079700 0.097100 0.086100 0.079300 0.069100 0.086000 0.096000 0.078900 0.025700 0.075200 0.084300 0.170400 0.157600 0.073400 0.074800 0.085600 0.020400 0.063900 0.025700 0.182600 0.081100 0.116100 0.079600 0.074500 0.058100 0.062600 0.074300 0.068900 0.182100 0.139800 0.063500 0.182600 0.165000 0.058100 0.102400 0.090800 0.073800 0.097300 0.109400 0.000000 0.030700
GreaterKud 0.096100 0.223400 0.030700 0.208600 0.090500 0.096100 0.115900 0.091900 0.030900 0.195100 0.100900 0.096700 0.103100 0.109400 0.079500 0.091900 0.097700 0.096200 0.101600 0.025800 0.098300 0.096100 0.177300 0.151600 0.107300 0.092100 0.091600 0.020400 0.086600 0.015200 0.196500 0.104400 0.116500 0.085500 0.080400 0.069300 0.096000 0.080800 0.091600 0.189200 0.152500 0.086000 0.196500 0.172000 0.069300 0.120300 0.114100 0.085100 0.120900 0.121500 0.030700 0.000000
