1
52 1
Argali 0.000000 0.159500 0.046200 0.154400 0.037200 0.010400 0.026500 0.075100 0.046000 0.076200 0.010400 0.053100 0.030400 0.031800 0.037300 0.067600 0.064300 0.059000 0.021200 0.046100 0.062600 0.010400 0.076200 0.086000 0.015700 0.081700 0.030700 0.051800 0.079600 0.046400 0.093800 0.021100 0.100000 0.030400 0.021000 0.037000 0.020900 0.037300 0.059200 0.087700 0.099100 0.069200 0.082100 0.075900 0.037100 0.048400 0.087100 0.065200 0.053700 0.064400 0.040500 0.040600
LesserMous 0.159500 0.000000 0.170600 0.211400 0.172700 0.158700 0.159800 0.191600 0.173000 0.186000 0.159600 0.162400 0.164800 0.146500 0.169800 0.176100 0.183800 0.171500 0.154800 0.173100 0.190600 0.159800 0.199700 0.191500 0.163900 0.206400 0.164500 0.179900 0.196600 0.173900 0.201900 0.153100 0.196300 0.163700 0.139600 0.159200 0.172600 0.166500 0.184600 0.186800 0.212700 0.190400 0.193200 0.197800 0.159800 0.172600 0.203500 0.204100 0.178900 0.190800 0.154000 0.167400
LesserKudu 0.046200 0.170600 0.000000 0.144900 0.054100 0.055900 0.028800 0.069000 0.021300 0.059900 0.046300 0.030000 0.047100 0.039800 0.043000 0.061400 0.048200 0.053900 0.044100 0.021300 0.065800 0.046400 0.060000 0.082600 0.040800 0.086600 0.047200 0.026700 0.085200 0.021300 0.077300 0.023000 0.071500 0.046900 0.037300 0.024400 0.057800 0.054100 0.062500 0.082700 0.082600 0.073800 0.065700 0.074300 0.024500 0.053000 0.093500 0.058500 0.054100 0.048200 0.015900 0.016000
KillerWhal 0.154400 0.211400 0.144900 0.000000 0.161400 0.166000 0.148600 0.181500 0.161000 0.150900 0.154700 0.167000 0.139200 0.147700 0.134100 0.177600 0.127400 0.153300 0.141700 0.161200 0.186200 0.155000 0.151300 0.174900 0.158400 0.200500 0.145900 0.168000 0.198900 0.161900 0.171500 0.141700 0.161300 0.145100 0.140600 0.151100 0.169700 0.148100 0.179600 0.177400 0.164200 0.179300 0.158000 0.164800 0.151800 0.159600 0.214200 0.178700 0.187500 0.146500 0.154700 0.148600
DefassaWat 0.037200 0.172700 0.054100 0.161400 0.000000 0.047100 0.032100 0.082500 0.054000 0.082100 0.037300 0.053500 0.036200 0.042800 0.042900 0.075400 0.070100 0.064800 0.037800 0.054100 0.070400 0.037300 0.082300 0.092500 0.042900 0.088700 0.036500 0.059700 0.087300 0.054300 0.099900 0.026600 0.106200 0.036400 0.026400 0.048200 0.048300 0.010500 0.065000 0.093800 0.105300 0.076200 0.088100 0.078700 0.048400 0.054200 0.093100 0.071100 0.065000 0.070200 0.048600 0.048700
Sheep 0.010400 0.158700 0.055900 0.166000 0.047100 0.000000 0.035900 0.085800 0.056000 0.086500 0.021000 0.051600 0.039700 0.041200 0.046500 0.077700 0.074200 0.057600 0.030200 0.055700 0.072700 0.021000 0.086500 0.090600 0.026400 0.092400 0.040400 0.061600 0.078400 0.056100 0.104700 0.030100 0.098400 0.039800 0.030000 0.046200 0.031700 0.046900 0.069500 0.092400 0.109900 0.079400 0.092600 0.085900 0.046400 0.057800 0.098000 0.075900 0.063800 0.074600 0.049900 0.050200
MaxwellsDu 0.026500 0.159800 0.028800 0.148600 0.032100 0.035900 0.000000 0.059800 0.032200 0.059700 0.026600 0.039800 0.025000 0.021100 0.021300 0.053200 0.047900 0.042700 0.026900 0.032200 0.048100 0.026600 0.059800 0.069600 0.029200 0.065800 0.025500 0.037700 0.064700 0.032300 0.077100 0.005300 0.079400 0.025500 0.015800 0.026600 0.037500 0.032100 0.031900 0.071100 0.082400 0.053800 0.065500 0.055400 0.026700 0.032100 0.070400 0.046700 0.043000 0.048200 0.026800 0.026900
GazellaPrz 0.075100 0.191600 0.069000 0.181500 0.082500 0.085800 0.059800 0.000000 0.082800 0.094400 0.075200 0.089300 0.058600 0.065100 0.065600 0.058900 0.087400 0.081700 0.076200 0.082800 0.064900 0.075400 0.094500 0.116600 0.079200 0.065900 0.058700 0.088700 0.059100 0.083200 0.112600 0.054100 0.121700 0.058300 0.053700 0.074700 0.087000 0.082600 0.048500 0.118100 0.118000 0.053900 0.100500 0.102300 0.075000 0.071200 0.065000 0.093000 0.094200 0.076500 0.077200 0.077500
MountainNy 0.046000 0.173000 0.021300 0.161000 0.054000 0.056000 0.032200 0.082800 0.000000 0.071100 0.046100 0.041100 0.046900 0.042900 0.043000 0.064400 0.059200 0.053900 0.047000 0.000000 0.068500 0.046300 0.071200 0.082500 0.052100 0.089000 0.047000 0.015900 0.087600 0.021400 0.088700 0.026600 0.094600 0.046700 0.037300 0.024300 0.057600 0.054000 0.065200 0.082600 0.094100 0.076400 0.077000 0.074200 0.024400 0.054300 0.093500 0.070000 0.054000 0.059200 0.015900 0.016000
MuntiacusM 0.076200 0.186000 0.059900 0.150900 0.082100 0.086500 0.059700 0.094400 0.071100 0.000000 0.076300 0.081700 0.075400 0.070700 0.059600 0.104200 0.053700 0.070600 0.077400 0.071200 0.099100 0.076400 0.021000 0.053200 0.082100 0.118600 0.075200 0.076900 0.116600 0.071400 0.026400 0.054000 0.100700 0.075000 0.059200 0.065000 0.087700 0.082200 0.093700 0.042400 0.042300 0.105200 0.005200 0.047700 0.065200 0.071100 0.122500 0.100000 0.093800 0.059300 0.054300 0.065800
goat 0.010400 0.159600 0.046300 0.154700 0.037300 0.021000 0.026600 0.075200 0.046100 0.076300 0.000000 0.053200 0.030500 0.031800 0.037400 0.067700 0.064400 0.059100 0.021200 0.046200 0.062700 0.000000 0.076400 0.086100 0.005200 0.081800 0.030800 0.051900 0.079700 0.046500 0.093900 0.021100 0.100100 0.030500 0.021000 0.037100 0.010400 0.037300 0.059300 0.087800 0.099200 0.069300 0.082200 0.076000 0.037200 0.048500 0.087200 0.065400 0.053800 0.064500 0.040600 0.040700
AfricanBuf 0.053100 0.162400 0.030000 0.167000 0.053500 0.051600 0.039800 0.089300 0.041100 0.081700 0.053200 0.000000 0.057700 0.045100 0.053600 0.080800 0.058600 0.053400 0.051100 0.041100 0.076100 0.053300 0.081800 0.087400 0.047800 0.096000 0.057800 0.046800 0.081800 0.041400 0.099400 0.034100 0.082200 0.057600 0.047800 0.026200 0.064300 0.053500 0.073200 0.087600 0.104800 0.083000 0.087600 0.085100 0.026300 0.063800 0.104100 0.069100 0.070200 0.069800 0.035600 0.035700
Topi 0.030400 0.164800 0.047100 0.139200 0.036200 0.039700 0.025000 0.058600 0.046900 0.075400 0.030500 0.057700 0.000000 0.034000 0.029800 0.057100 0.063000 0.052100 0.030500 0.047000 0.052200 0.030600 0.075300 0.085300 0.036300 0.064400 0.000100 0.052700 0.063300 0.047300 0.093300 0.022500 0.098500 0.000100 0.021200 0.041100 0.041800 0.035900 0.047000 0.087000 0.098600 0.055700 0.081500 0.077800 0.041300 0.046800 0.075000 0.059100 0.058400 0.053700 0.041400 0.041500
CommonDuik 0.031800 0.146500 0.039800 0.147700 0.042800 0.041200 0.021100 0.065100 0.042900 0.070700 0.031800 0.045100 0.034000 0.000000 0.021200 0.063900 0.058700 0.047900 0.032200 0.042900 0.058900 0.031900 0.070800 0.080600 0.034600 0.065400 0.030800 0.048500 0.069900 0.043100 0.088200 0.015800 0.090600 0.030700 0.026400 0.035400 0.042700 0.042800 0.053600 0.070800 0.093500 0.053500 0.076500 0.066600 0.035500 0.042800 0.081200 0.046600 0.042800 0.058900 0.037500 0.037600
Suni 0.037300 0.169800 0.043000 0.134100 0.042900 0.046500 0.021300 0.065600 0.043000 0.059600 0.037400 0.053600 0.029800 0.021200 0.000000 0.064300 0.048000 0.037200 0.037900 0.043000 0.059300 0.037400 0.059600 0.068800 0.043000 0.065900 0.030000 0.048600 0.070400 0.043200 0.076900 0.015900 0.082600 0.029800 0.026500 0.037300 0.048400 0.042900 0.054000 0.059600 0.082200 0.053800 0.065400 0.054200 0.037500 0.043100 0.081900 0.048800 0.054000 0.059000 0.037600 0.037700
Springbuck 0.067600 0.176100 0.061400 0.177600 0.075400 0.077700 0.053200 0.058900 0.064400 0.104200 0.067700 0.080800 0.057100 0.063900 0.064300 0.000000 0.091400 0.086000 0.068500 0.064500 0.047400 0.067900 0.104300 0.114100 0.071000 0.053600 0.057200 0.070100 0.052700 0.064700 0.116500 0.047600 0.115400 0.056900 0.058400 0.067200 0.079200 0.075400 0.031400 0.116000 0.127700 0.042100 0.110300 0.099600 0.067400 0.066900 0.058300 0.090600 0.074000 0.080500 0.059000 0.059200
Okapi 0.064300 0.183800 0.048200 0.127400 0.070100 0.074200 0.047900 0.087400 0.059200 0.053700 0.064400 0.058600 0.063000 0.058700 0.048000 0.091400 0.000000 0.036800 0.065100 0.059200 0.075200 0.064500 0.053800 0.075900 0.070100 0.105300 0.063100 0.059300 0.103500 0.059500 0.070800 0.042400 0.076200 0.062700 0.053200 0.053400 0.075700 0.059000 0.081100 0.076200 0.070500 0.092300 0.059400 0.067500 0.053600 0.070200 0.109400 0.087600 0.081500 0.053200 0.053800 0.053900
Giraffe 0.059000 0.171500 0.053900 0.153300 0.064800 0.057600 0.042700 0.081700 0.053900 0.070600 0.059100 0.053400 0.052100 0.047900 0.037200 0.086000 0.036800 0.000000 0.059700 0.054000 0.069900 0.059100 0.070700 0.076200 0.064800 0.093800 0.052200 0.054000 0.075100 0.054200 0.088100 0.037100 0.082300 0.051900 0.047900 0.048100 0.070300 0.064800 0.075700 0.076400 0.087700 0.081200 0.076400 0.073800 0.048300 0.064900 0.104000 0.076600 0.076100 0.070100 0.048500 0.048600
TibetanAnt 0.021200 0.154800 0.044100 0.141700 0.037800 0.030200 0.026900 0.076200 0.047000 0.077400 0.021200 0.051100 0.030500 0.032200 0.037900 0.068500 0.065100 0.059700 0.000000 0.047000 0.063500 0.021300 0.077500 0.087400 0.023600 0.082900 0.030800 0.052900 0.080800 0.047400 0.095300 0.021400 0.096500 0.030500 0.021400 0.037600 0.032100 0.037900 0.059900 0.089100 0.100700 0.070200 0.083400 0.072900 0.037700 0.048900 0.088100 0.062600 0.054500 0.065400 0.041400 0.041400
Sitatunga 0.046100 0.173100 0.021300 0.161200 0.054100 0.055700 0.032200 0.082800 0.000000 0.071200 0.046200 0.041100 0.047000 0.042900 0.043000 0.064500 0.059200 0.054000 0.047000 0.000000 0.068600 0.046300 0.071200 0.082600 0.052100 0.089100 0.047100 0.015900 0.087700 0.021400 0.088800 0.026700 0.094700 0.046800 0.037300 0.024300 0.057700 0.054100 0.065300 0.082700 0.094200 0.076500 0.077000 0.074200 0.024400 0.054400 0.093600 0.070000 0.054100 0.059200 0.015900 0.016000
Oribi 0.062600 0.190600 0.065800 0.186200 0.070400 0.072700 0.048100 0.064900 0.068500 0.099100 0.062700 0.076100 0.052200 0.058900 0.059300 0.047400 0.075200 0.069900 0.063500 0.068600 0.000000 0.062900 0.099300 0.109200 0.066000 0.048500 0.052300 0.074400 0.058700 0.069000 0.117300 0.042600 0.111000 0.052000 0.053400 0.062200 0.062800 0.070400 0.037100 0.111000 0.122600 0.037000 0.105200 0.094800 0.062500 0.073600 0.064200 0.086000 0.081800 0.075600 0.063000 0.063200
BarbaryShe 0.010400 0.159800 0.046400 0.155000 0.037300 0.021000 0.026600 0.075400 0.046300 0.076400 0.000000 0.053300 0.030600 0.031900 0.037400 0.067900 0.064500 0.059100 0.021300 0.046300 0.062900 0.000000 0.076500 0.086300 0.004900 0.082000 0.031000 0.052000 0.079900 0.046600 0.094000 0.021200 0.100200 0.030600 0.021100 0.037100 0.010400 0.037400 0.059400 0.087900 0.099300 0.069400 0.082300 0.076400 0.037200 0.048500 0.087300 0.065400 0.053800 0.064600 0.040700 0.040900
Daviddeer 0.076200 0.199700 0.060000 0.151300 0.082300 0.086500 0.059800 0.094500 0.071200 0.021000 0.076400 0.081800 0.075300 0.070800 0.059600 0.104300 0.053800 0.070700 0.077500 0.071200 0.099300 0.076500 0.000000 0.053300 0.082300 0.118700 0.075100 0.077000 0.116700 0.071500 0.037100 0.054100 0.100900 0.074900 0.059300 0.065100 0.076400 0.082300 0.093800 0.053400 0.020900 0.105300 0.015600 0.047800 0.065300 0.082700 0.122600 0.100100 0.093900 0.059300 0.065700 0.065900
Reindeer 0.086000 0.191500 0.082600 0.174900 0.092500 0.090600 0.069600 0.116600 0.082500 0.053200 0.086100 0.087400 0.085300 0.080600 0.068800 0.114100 0.075900 0.076200 0.087400 0.082600 0.109200 0.086300 0.053300 0.000000 0.092200 0.129200 0.085400 0.088400 0.121000 0.082900 0.059000 0.063700 0.116400 0.085100 0.068700 0.076300 0.097900 0.092400 0.103900 0.042100 0.075300 0.115400 0.058800 0.006100 0.076600 0.092500 0.133200 0.104700 0.104100 0.070400 0.077000 0.077200
Ibex 0.015700 0.163900 0.040800 0.158400 0.042900 0.026400 0.029200 0.079200 0.052100 0.082100 0.005200 0.047800 0.036300 0.034600 0.043000 0.071000 0.070100 0.064800 0.023600 0.052100 0.066000 0.004900 0.082300 0.092200 0.000000 0.085500 0.036600 0.057800 0.083400 0.052400 0.100000 0.023500 0.094400 0.036200 0.026500 0.042600 0.015700 0.042900 0.062600 0.093800 0.105300 0.072600 0.088100 0.082800 0.042700 0.053000 0.093200 0.059900 0.059500 0.070300 0.046500 0.046700
GyrantGaze 0.081700 0.206400 0.086600 0.200500 0.088700 0.092400 0.065800 0.065900 0.089000 0.118600 0.081800 0.096000 0.064400 0.065400 0.065900 0.053600 0.105300 0.093800 0.082900 0.089100 0.048500 0.082000 0.118700 0.129200 0.085500 0.000000 0.064500 0.095000 0.059500 0.089500 0.137500 0.059900 0.131100 0.064100 0.071100 0.081600 0.093700 0.088800 0.043100 0.118000 0.142900 0.010500 0.125000 0.114500 0.081900 0.080400 0.070900 0.092900 0.100600 0.094100 0.083400 0.083700
Hartebeest 0.030700 0.164500 0.047200 0.145900 0.036500 0.040400 0.025500 0.058700 0.047000 0.075200 0.030800 0.057800 0.000100 0.030800 0.030000 0.057200 0.063100 0.052200 0.030800 0.047100 0.052300 0.031000 0.075100 0.085400 0.036600 0.064500 0.000000 0.052800 0.063300 0.047400 0.093100 0.019900 0.098300 0.000000 0.021100 0.041300 0.042000 0.036200 0.047200 0.086800 0.098300 0.052300 0.081300 0.075800 0.041400 0.046900 0.075000 0.059200 0.058500 0.053500 0.041500 0.041700
Bongo 0.051800 0.179900 0.026700 0.168000 0.059700 0.061600 0.037700 0.088700 0.015900 0.076900 0.051900 0.046800 0.052700 0.048500 0.048600 0.070100 0.059300 0.054000 0.052900 0.015900 0.074400 0.052000 0.077000 0.088400 0.057800 0.095000 0.052800 0.000000 0.093500 0.026800 0.094700 0.032100 0.094700 0.052400 0.042800 0.030000 0.063400 0.059700 0.071000 0.088600 0.088400 0.082200 0.082900 0.080100 0.030100 0.060000 0.099400 0.075800 0.059700 0.064900 0.021300 0.021400
Gerenuk 0.079600 0.196600 0.085200 0.198900 0.087300 0.078400 0.064700 0.059100 0.087600 0.116600 0.079700 0.081800 0.063300 0.069900 0.070400 0.052700 0.103500 0.075100 0.080800 0.087700 0.058700 0.079900 0.116700 0.121000 0.083400 0.059500 0.063300 0.093500 0.000000 0.088100 0.135200 0.059000 0.116600 0.063000 0.070000 0.079300 0.091500 0.087400 0.042500 0.122800 0.140500 0.047800 0.122900 0.112600 0.079500 0.079100 0.069700 0.097400 0.098900 0.092500 0.082100 0.082300
CommonElan 0.046400 0.173900 0.021300 0.161900 0.054300 0.056100 0.032300 0.083200 0.021400 0.071400 0.046500 0.041400 0.047300 0.043100 0.043200 0.064700 0.059500 0.054200 0.047400 0.021400 0.069000 0.046600 0.071500 0.082900 0.052400 0.089500 0.047400 0.026800 0.088100 0.000000 0.089100 0.026800 0.095100 0.047100 0.037500 0.024500 0.058100 0.054300 0.065600 0.083000 0.094500 0.076800 0.077400 0.074600 0.024600 0.043400 0.094000 0.070400 0.054300 0.059500 0.016000 0.016100
MuntiacusR 0.093800 0.201900 0.077300 0.171500 0.099900 0.104700 0.077100 0.112600 0.088700 0.026400 0.093900 0.099400 0.093300 0.088200 0.076900 0.116500 0.070800 0.088100 0.095300 0.088800 0.117300 0.094000 0.037100 0.059000 0.100000 0.137500 0.093100 0.094700 0.135200 0.089100 0.000000 0.071200 0.119300 0.092800 0.076400 0.082300 0.105600 0.100000 0.111800 0.048100 0.058800 0.123500 0.021000 0.053400 0.082700 0.088700 0.141200 0.118300 0.116000 0.076500 0.071500 0.083300
HarveysDui 0.021100 0.153100 0.023000 0.141700 0.026600 0.030100 0.005300 0.054100 0.026600 0.054000 0.021100 0.034100 0.022500 0.015800 0.015900 0.047600 0.042400 0.037100 0.021400 0.026700 0.042600 0.021200 0.054100 0.063700 0.023500 0.059900 0.019900 0.032100 0.059000 0.026800 0.071200 0.000000 0.073400 0.019800 0.010500 0.024300 0.031900 0.026600 0.037300 0.065300 0.076500 0.048100 0.059700 0.049400 0.024400 0.026600 0.064600 0.040900 0.037400 0.042600 0.021300 0.021400
Pronghorn 0.100000 0.196300 0.071500 0.161300 0.106200 0.098400 0.079400 0.121700 0.094600 0.100700 0.100100 0.082200 0.098500 0.090600 0.082600 0.115400 0.076200 0.082300 0.096500 0.094700 0.111000 0.100200 0.100900 0.116400 0.094400 0.131100 0.098300 0.094700 0.116600 0.095100 0.119300 0.073400 0.000000 0.097900 0.088200 0.088400 0.112100 0.094500 0.102500 0.118800 0.124700 0.117000 0.107000 0.113000 0.088700 0.111200 0.135300 0.112900 0.118000 0.097400 0.089000 0.089300
BlueWildeb 0.030400 0.163700 0.046900 0.145100 0.036400 0.039800 0.025500 0.058300 0.046700 0.075000 0.030500 0.057600 0.000100 0.030700 0.029800 0.056900 0.062700 0.051900 0.030500 0.046800 0.052000 0.030600 0.074900 0.085100 0.036200 0.064100 0.000000 0.052400 0.063000 0.047100 0.092800 0.019800 0.097900 0.000000 0.021000 0.041200 0.041700 0.036100 0.046900 0.086500 0.098000 0.052000 0.081000 0.075700 0.041300 0.046800 0.074600 0.058800 0.058300 0.053400 0.041200 0.041400
Gemsbok 0.021000 0.139600 0.037300 0.140600 0.026400 0.030000 0.015800 0.053700 0.037300 0.059200 0.021000 0.047800 0.021200 0.026400 0.026500 0.058400 0.053200 0.047900 0.021400 0.037300 0.053400 0.021100 0.059300 0.068700 0.026500 0.071100 0.021100 0.042800 0.070000 0.037500 0.076400 0.010500 0.088200 0.021000 0.000000 0.031700 0.031800 0.026400 0.048100 0.070500 0.081700 0.059000 0.065000 0.058200 0.031800 0.037400 0.075700 0.054000 0.048100 0.053300 0.032000 0.032100
Yak 0.037000 0.159200 0.024400 0.151100 0.048200 0.046200 0.026600 0.074700 0.024300 0.065000 0.037100 0.026200 0.041100 0.035400 0.037300 0.067200 0.053400 0.048100 0.037600 0.024300 0.062200 0.037100 0.065100 0.076300 0.042600 0.081600 0.041300 0.030000 0.079300 0.024500 0.082300 0.024300 0.088400 0.041200 0.031700 0.000000 0.048000 0.048200 0.059300 0.076400 0.087700 0.073000 0.070800 0.068300 0.000000 0.048400 0.087200 0.063900 0.053700 0.053400 0.018600 0.018700
BlueSheep 0.020900 0.172600 0.057800 0.169700 0.048300 0.031700 0.037500 0.087000 0.057600 0.087700 0.010400 0.064300 0.041800 0.042700 0.048400 0.079200 0.075700 0.070300 0.032100 0.057700 0.062800 0.010400 0.076400 0.097900 0.015700 0.093700 0.042000 0.063400 0.091500 0.058100 0.105600 0.031900 0.112100 0.041700 0.031800 0.048000 0.000000 0.048300 0.070500 0.099400 0.099300 0.080900 0.093700 0.088800 0.048100 0.059700 0.098800 0.076800 0.065000 0.075800 0.052100 0.052300
BohorReedb 0.037300 0.166500 0.054100 0.148100 0.010500 0.046900 0.032100 0.082600 0.054000 0.082200 0.037300 0.053500 0.035900 0.042800 0.042900 0.075400 0.059000 0.064800 0.037900 0.054100 0.070400 0.037400 0.082300 0.092400 0.042900 0.088800 0.036200 0.059700 0.087400 0.054300 0.100000 0.026600 0.094500 0.036100 0.026400 0.048200 0.048300 0.000000 0.065100 0.093900 0.105400 0.076200 0.088200 0.078300 0.048400 0.054200 0.093200 0.071200 0.065100 0.070200 0.048600 0.048800
KirksDik 0.059200 0.184600 0.062500 0.179600 0.065000 0.069500 0.031900 0.048500 0.065200 0.093700 0.059300 0.073200 0.047000 0.053600 0.054000 0.031400 0.081100 0.075700 0.059900 0.065300 0.037100 0.059400 0.093800 0.103900 0.062600 0.043100 0.047200 0.071000 0.042500 0.065600 0.111800 0.037300 0.102500 0.046900 0.048100 0.059300 0.070500 0.065100 0.000000 0.105500 0.117100 0.031800 0.099800 0.089600 0.059500 0.053900 0.048000 0.080600 0.076400 0.070200 0.059800 0.060000
RoeDeer 0.087700 0.186800 0.082700 0.177400 0.093800 0.092400 0.071100 0.118100 0.082600 0.042400 0.087800 0.087600 0.087000 0.070800 0.059600 0.116000 0.076200 0.076400 0.089100 0.082700 0.111000 0.087900 0.053400 0.042100 0.093800 0.118000 0.086800 0.088600 0.122800 0.083000 0.048100 0.065300 0.118800 0.086500 0.070500 0.076400 0.099400 0.093900 0.105500 0.000000 0.075500 0.117100 0.047900 0.036900 0.076700 0.094300 0.134700 0.111800 0.105600 0.081800 0.077100 0.077300
WhiteLippe 0.099100 0.212700 0.082600 0.164200 0.105300 0.109900 0.082400 0.118000 0.094100 0.042300 0.099200 0.104800 0.098600 0.093500 0.082200 0.127700 0.070500 0.087700 0.100700 0.094200 0.122600 0.099300 0.020900 0.075300 0.105300 0.142900 0.098300 0.088400 0.140500 0.094500 0.058800 0.076500 0.124700 0.098000 0.081700 0.087700 0.099300 0.105400 0.117100 0.075500 0.000000 0.128900 0.036900 0.069700 0.088000 0.105900 0.146600 0.111800 0.117200 0.081800 0.088500 0.088800
ThomsonGaz 0.069200 0.190400 0.073800 0.179300 0.076200 0.079400 0.053800 0.053900 0.076400 0.105200 0.069300 0.083000 0.055700 0.053500 0.053800 0.042100 0.092300 0.081200 0.070200 0.076500 0.037000 0.069400 0.105300 0.115400 0.072600 0.010500 0.052300 0.082200 0.047800 0.076800 0.123500 0.048100 0.117000 0.052000 0.059000 0.073000 0.080900 0.076200 0.031800 0.117100 0.128900 0.000000 0.111400 0.100900 0.073200 0.067800 0.058900 0.080000 0.087600 0.081400 0.070900 0.071100
MuntiacusC 0.082100 0.193200 0.065700 0.158000 0.088100 0.092600 0.065500 0.100500 0.077000 0.005200 0.082200 0.087600 0.081500 0.076500 0.065400 0.110300 0.059400 0.076400 0.083400 0.077000 0.105200 0.082300 0.015600 0.058800 0.088100 0.125000 0.081300 0.082900 0.122900 0.077400 0.021000 0.059700 0.107000 0.081000 0.065000 0.070800 0.093700 0.088200 0.099800 0.047900 0.036900 0.111400 0.000000 0.053300 0.071100 0.077000 0.128800 0.106100 0.099800 0.065000 0.060000 0.071600
WhiteTaile 0.075900 0.197800 0.074300 0.164800 0.078700 0.085900 0.055400 0.102300 0.074200 0.047700 0.076000 0.085100 0.077800 0.066600 0.054200 0.099600 0.067500 0.073800 0.072900 0.074200 0.094800 0.076400 0.047800 0.006100 0.082800 0.114500 0.075800 0.080100 0.112600 0.074600 0.053400 0.049400 0.113000 0.075700 0.058200 0.068300 0.088800 0.078300 0.089600 0.036900 0.069700 0.100900 0.053300 0.000000 0.068600 0.078000 0.118900 0.090700 0.090000 0.073100 0.068500 0.068700
Cattle 0.037100 0.159800 0.024500 0.151800 0.048400 0.046400 0.026700 0.075000 0.024400 0.065200 0.037200 0.026300 0.041300 0.035500 0.037500 0.067400 0.053600 0.048300 0.037700 0.024400 0.062500 0.037200 0.065300 0.076600 0.042700 0.081900 0.041400 0.030100 0.079500 0.024600 0.082700 0.024400 0.088700 0.041300 0.031800 0.000000 0.048100 0.048400 0.059500 0.076700 0.088000 0.073200 0.071100 0.068600 0.000000 0.048600 0.087500 0.064100 0.053900 0.053600 0.018700 0.018700
RoyalAntel 0.048400 0.172600 0.053000 0.159600 0.054200 0.057800 0.032100 0.071200 0.054300 0.071100 0.048500 0.063800 0.046800 0.042800 0.043100 0.066900 0.070200 0.064900 0.048900 0.054400 0.073600 0.048500 0.082700 0.092500 0.053000 0.080400 0.046900 0.060000 0.079100 0.043400 0.088700 0.026600 0.111200 0.046800 0.037400 0.048400 0.059700 0.054200 0.053900 0.094300 0.105900 0.067800 0.077000 0.078000 0.048600 0.000000 0.082000 0.070800 0.063800 0.070600 0.037700 0.049000
Steenbok 0.087100 0.203500 0.093500 0.214200 0.093100 0.098000 0.070400 0.065000 0.093500 0.122500 0.087200 0.104100 0.075000 0.081200 0.081900 0.058300 0.109400 0.104000 0.088100 0.093600 0.064200 0.087300 0.122600 0.133200 0.093200 0.070900 0.075000 0.099400 0.069700 0.094000 0.141200 0.064600 0.135300 0.074600 0.075700 0.087200 0.098800 0.093200 0.048000 0.134700 0.146600 0.058900 0.128800 0.118900 0.087500 0.082000 0.000000 0.099700 0.093300 0.098400 0.087900 0.088200
Impala 0.065200 0.204100 0.058500 0.178700 0.071100 0.075900 0.046700 0.093000 0.070000 0.100000 0.065400 0.069100 0.059100 0.046600 0.048800 0.090600 0.087600 0.076600 0.062600 0.070000 0.086000 0.065400 0.100100 0.104700 0.059900 0.092900 0.059200 0.075800 0.097400 0.070400 0.118300 0.040900 0.112900 0.058800 0.054000 0.063900 0.076800 0.071200 0.080600 0.111800 0.111800 0.080000 0.106100 0.090700 0.064100 0.070800 0.099700 0.000000 0.082600 0.087800 0.064400 0.064600
Klipspring 0.053700 0.178900 0.054100 0.187500 0.065000 0.063800 0.043000 0.094200 0.054000 0.093800 0.053800 0.070200 0.058400 0.042800 0.054000 0.074000 0.081500 0.076100 0.054500 0.054100 0.081800 0.053800 0.093900 0.104100 0.059500 0.100600 0.058500 0.059700 0.098900 0.054300 0.116000 0.037400 0.118000 0.058300 0.048100 0.053700 0.065000 0.065100 0.076400 0.105600 0.117200 0.087600 0.099800 0.090000 0.053900 0.063800 0.093300 0.082600 0.000000 0.081400 0.048600 0.048700
ForestMusk 0.064400 0.190800 0.048200 0.146500 0.070200 0.074600 0.048200 0.076500 0.059200 0.059300 0.064500 0.069800 0.053700 0.058900 0.059000 0.080500 0.053200 0.070100 0.065400 0.059200 0.075600 0.064600 0.059300 0.070400 0.070300 0.094100 0.053500 0.064900 0.092500 0.059500 0.076500 0.042600 0.097400 0.053400 0.053300 0.053400 0.075800 0.070200 0.070200 0.081800 0.081800 0.081400 0.065000 0.073100 0.053600 0.070600 0.098400 0.087800 0.081400 0.000000 0.053800 0.053900
Bushbuck 0.040500 0.154000 0.015900 0.154700 0.048600 0.049900 0.026800 0.077200 0.015900 0.054300 0.040600 0.035600 0.041400 0.037500 0.037600 0.059000 0.053800 0.048500 0.041400 0.015900 0.063000 0.040700 0.065700 0.077000 0.046500 0.083400 0.041500 0.021300 0.082100 0.016000 0.071500 0.021300 0.089000 0.041200 0.032000 0.018600 0.052100 0.048600 0.059800 0.077100 0.088500 0.070900 0.060000 0.068500 0.018700 0.037700 0.087900 0.064400 0.048600 0.053800 0.000000 0.010700
GreaterKud 0.040600 0.167400 0.016000 0.148600 0.048700 0.050200 0.026900 0.077500 0.016000 0.065800 0.040700 0.035700 0.041500 0.037600 0.037700 0.059200 0.053900 0.048600 0.041400 0.016000 0.063200 0.040900 0.065900 0.077200 0.046700 0.083700 0.041700 0.021400 0.082300 0.016100 0.083300 0.021400 0.089300 0.041400 0.032100 0.018700 0.052300 0.048800 0.060000 0.077300 0.088800 0.071100 0.071600 0.068700 0.018700 0.049000 0.088200 0.064600 0.048700 0.053900 0.010700 0.000000
