CODONML (in paml version 4.10.7, June 2023)  /home/rachel/ruminants_paml/6406-phy-tree/ENSBTAT00000029222.fasta.phy
Model: free dN/dS Ratios for branches,  kappa = 2.000 fixed

Codon frequency model: F3x4
ns =  54  ls =  26

Codon usage in sequences
--------------------------------------------------------------------------------------------------------------------------------------
Phe TTT   2   2   2   2   2   2 | Ser TCT   0   0   0   0   0   0 | Tyr TAT   1   1   1   1   1   1 | Cys TGT   1   1   1   1   1   1
    TTC   0   0   0   0   0   0 |     TCC   0   0   0   0   0   0 |     TAC   0   0   0   0   0   0 |     TGC   0   0   0   0   0   0
Leu TTA   0   0   0   0   0   0 |     TCA   0   1   0   1   1   1 | *** TAA   0   0   0   0   0   0 | *** TGA   0   0   0   0   0   0
    TTG   0   0   0   0   0   0 |     TCG   1   0   1   0   0   0 |     TAG   0   0   0   0   0   0 | Trp TGG   0   0   0   0   0   0
--------------------------------------------------------------------------------------------------------------------------------------
Leu CTT   0   0   0   0   0   0 | Pro CCT   0   0   0   0   0   0 | His CAT   1   1   1   1   1   1 | Arg CGT   0   0   0   0   0   0
    CTC   0   0   0   0   0   0 |     CCC   1   1   1   1   1   1 |     CAC   0   0   0   0   0   0 |     CGC   0   0   0   0   0   0
    CTA   0   0   0   0   0   0 |     CCA   0   0   0   0   0   0 | Gln CAA   0   0   0   0   0   0 |     CGA   1   2   1   1   0   1
    CTG   0   0   0   0   0   0 |     CCG   0   0   0   0   0   0 |     CAG   0   0   0   0   0   0 |     CGG   1   0   1   1   2   1
--------------------------------------------------------------------------------------------------------------------------------------
Ile ATT   1   1   1   1   1   1 | Thr ACT   0   0   0   0   0   0 | Asn AAT   0   0   0   0   0   0 | Ser AGT   0   0   0   0   0   0
    ATC   0   0   0   0   0   0 |     ACC   1   1   1   1   1   1 |     AAC   4   4   4   4   4   4 |     AGC   0   0   0   0   0   0
    ATA   0   0   0   0   0   0 |     ACA   0   0   0   0   0   0 | Lys AAA   3   3   2   3   3   3 | Arg AGA   0   0   0   0   0   0
Met ATG   0   0   0   0   0   0 |     ACG   0   0   0   0   0   0 |     AAG   0   0   1   0   0   0 |     AGG   0   0   0   0   0   0
--------------------------------------------------------------------------------------------------------------------------------------
Val GTT   0   0   0   0   0   0 | Ala GCT   1   0   1   1   1   1 | Asp GAT   1   1   1   1   1   0 | Gly GGT   0   0   0   0   0   0
    GTC   0   0   0   0   0   0 |     GCC   1   2   1   1   1   1 |     GAC   0   0   0   0   0   1 |     GGC   1   0   0   0   0   0
    GTA   1   1   1   1   1   1 |     GCA   1   1   1   1   1   1 | Glu GAA   0   0   0   0   0   0 |     GGA   0   1   1   1   1   1
    GTG   2   2   2   2   2   2 |     GCG   0   0   0   0   0   0 |     GAG   0   0   0   0   0   0 |     GGG   0   0   0   0   0   0
--------------------------------------------------------------------------------------------------------------------------------------

--------------------------------------------------------------------------------------------------------------------------------------
Phe TTT   2   2   2   2   2   2 | Ser TCT   0   0   0   0   0   0 | Tyr TAT   1   1   1   1   1   1 | Cys TGT   1   1   1   1   1   1
    TTC   0   0   0   0   0   0 |     TCC   0   0   0   0   0   0 |     TAC   0   0   0   0   0   0 |     TGC   0   0   0   0   0   0
Leu TTA   0   0   0   0   0   0 |     TCA   0   0   0   0   0   1 | *** TAA   0   0   0   0   0   0 | *** TGA   0   0   0   0   0   0
    TTG   0   0   0   0   0   0 |     TCG   1   1   1   1   1   0 |     TAG   0   0   0   0   0   0 | Trp TGG   0   0   0   0   0   0
--------------------------------------------------------------------------------------------------------------------------------------
Leu CTT   0   0   0   0   0   0 | Pro CCT   0   0   0   0   0   0 | His CAT   1   1   1   1   1   1 | Arg CGT   0   0   0   0   0   0
    CTC   0   0   0   0   0   0 |     CCC   1   1   1   1   1   1 |     CAC   0   0   0   0   0   0 |     CGC   0   0   0   0   0   0
    CTA   0   0   0   0   0   0 |     CCA   0   0   0   0   0   0 | Gln CAA   0   0   0   0   0   0 |     CGA   1   1   1   1   1   1
    CTG   0   0   0   0   0   0 |     CCG   0   0   0   0   0   0 |     CAG   0   0   0   0   0   0 |     CGG   1   1   1   1   1   1
--------------------------------------------------------------------------------------------------------------------------------------
Ile ATT   1   1   1   1   1   1 | Thr ACT   0   0   0   0   0   0 | Asn AAT   0   0   0   0   0   0 | Ser AGT   0   0   0   0   0   0
    ATC   0   0   0   0   0   0 |     ACC   1   1   1   1   1   1 |     AAC   4   4   4   4   4   4 |     AGC   0   0   0   0   0   0
    ATA   0   0   0   0   0   0 |     ACA   0   0   0   0   0   0 | Lys AAA   3   3   3   3   2   3 | Arg AGA   0   0   0   0   0   0
Met ATG   0   0   0   0   0   0 |     ACG   0   0   0   0   0   0 |     AAG   0   0   0   0   1   0 |     AGG   0   0   0   0   0   0
--------------------------------------------------------------------------------------------------------------------------------------
Val GTT   0   0   0   0   0   0 | Ala GCT   1   1   1   1   1   1 | Asp GAT   1   1   1   1   1   1 | Gly GGT   0   0   0   0   0   0
    GTC   0   0   0   0   0   1 |     GCC   1   1   1   1   1   1 |     GAC   0   0   0   0   0   0 |     GGC   1   1   1   0   0   0
    GTA   1   1   1   1   1   0 |     GCA   1   1   1   1   1   1 | Glu GAA   0   0   0   0   0   0 |     GGA   0   0   0   1   1   1
    GTG   2   2   2   2   2   2 |     GCG   0   0   0   0   0   0 |     GAG   0   0   0   0   0   0 |     GGG   0   0   0   0   0   0
--------------------------------------------------------------------------------------------------------------------------------------

--------------------------------------------------------------------------------------------------------------------------------------
Phe TTT   2   2   2   2   2   2 | Ser TCT   0   0   0   0   0   0 | Tyr TAT   1   1   1   1   1   1 | Cys TGT   1   1   1   1   1   1
    TTC   0   0   0   0   0   0 |     TCC   0   0   0   0   0   0 |     TAC   0   0   0   0   0   0 |     TGC   0   0   0   0   0   0
Leu TTA   0   0   0   0   0   0 |     TCA   0   0   0   1   1   0 | *** TAA   0   0   0   0   0   0 | *** TGA   0   0   0   0   0   0
    TTG   0   0   0   0   0   0 |     TCG   1   1   1   0   0   1 |     TAG   0   0   0   0   0   0 | Trp TGG   0   0   0   0   0   0
--------------------------------------------------------------------------------------------------------------------------------------
Leu CTT   0   0   0   0   0   0 | Pro CCT   0   0   0   0   0   0 | His CAT   1   1   1   1   1   1 | Arg CGT   0   0   0   0   0   0
    CTC   0   0   0   0   0   0 |     CCC   1   1   1   1   1   1 |     CAC   0   0   0   0   0   0 |     CGC   0   0   0   0   0   0
    CTA   0   0   0   0   0   0 |     CCA   0   0   0   0   0   0 | Gln CAA   0   0   0   0   0   0 |     CGA   1   1   1   1   1   1
    CTG   0   0   0   0   0   0 |     CCG   0   0   0   0   0   0 |     CAG   0   0   0   0   0   0 |     CGG   1   1   1   1   1   1
--------------------------------------------------------------------------------------------------------------------------------------
Ile ATT   1   1   1   1   1   1 | Thr ACT   0   0   0   0   0   0 | Asn AAT   0   0   0   0   0   0 | Ser AGT   0   0   0   0   0   0
    ATC   0   0   0   0   0   0 |     ACC   1   1   1   1   1   1 |     AAC   4   4   4   4   4   4 |     AGC   0   0   0   0   0   0
    ATA   0   0   0   0   0   0 |     ACA   0   0   0   0   0   0 | Lys AAA   3   3   3   3   3   3 | Arg AGA   0   0   0   0   0   0
Met ATG   0   0   0   0   0   0 |     ACG   0   0   0   0   0   0 |     AAG   0   0   0   0   0   0 |     AGG   0   0   0   0   0   0
--------------------------------------------------------------------------------------------------------------------------------------
Val GTT   0   0   0   0   0   0 | Ala GCT   1   1   1   1   1   1 | Asp GAT   1   1   1   1   1   1 | Gly GGT   0   0   0   0   0   0
    GTC   0   0   0   0   0   0 |     GCC   1   1   1   1   1   1 |     GAC   0   0   0   0   0   0 |     GGC   1   0   1   1   0   0
    GTA   1   1   1   1   1   1 |     GCA   1   1   1   1   1   1 | Glu GAA   0   0   0   0   0   0 |     GGA   0   1   0   0   1   1
    GTG   2   2   2   2   2   2 |     GCG   0   0   0   0   0   0 |     GAG   0   0   0   0   0   0 |     GGG   0   0   0   0   0   0
--------------------------------------------------------------------------------------------------------------------------------------

--------------------------------------------------------------------------------------------------------------------------------------
Phe TTT   2   2   2   2   2   2 | Ser TCT   0   0   0   0   0   0 | Tyr TAT   1   1   1   1   1   1 | Cys TGT   1   1   1   1   1   1
    TTC   0   0   0   0   0   0 |     TCC   0   0   0   0   0   0 |     TAC   0   0   0   0   0   0 |     TGC   0   0   0   0   0   0
Leu TTA   0   0   0   0   0   0 |     TCA   1   1   0   0   0   0 | *** TAA   0   0   0   0   0   0 | *** TGA   0   0   0   0   0   0
    TTG   0   0   0   0   0   0 |     TCG   0   0   1   1   1   1 |     TAG   0   0   0   0   0   0 | Trp TGG   0   0   0   0   0   0
--------------------------------------------------------------------------------------------------------------------------------------
Leu CTT   0   0   0   0   0   0 | Pro CCT   0   0   0   0   0   0 | His CAT   1   1   1   1   1   1 | Arg CGT   0   0   0   0   0   0
    CTC   0   0   0   0   0   0 |     CCC   1   1   1   1   1   1 |     CAC   0   0   0   0   0   0 |     CGC   0   0   0   0   0   0
    CTA   0   0   0   0   0   0 |     CCA   0   0   0   0   0   0 | Gln CAA   0   0   0   0   0   0 |     CGA   1   1   1   1   1   1
    CTG   0   0   0   0   0   0 |     CCG   0   0   0   0   0   0 |     CAG   0   0   0   0   0   0 |     CGG   1   1   1   1   1   1
--------------------------------------------------------------------------------------------------------------------------------------
Ile ATT   1   1   1   1   1   1 | Thr ACT   0   0   0   0   0   0 | Asn AAT   0   0   0   0   0   0 | Ser AGT   0   0   0   0   0   0
    ATC   0   0   0   0   0   0 |     ACC   1   1   1   1   1   1 |     AAC   4   4   4   4   4   4 |     AGC   0   0   0   0   0   0
    ATA   0   0   0   0   0   0 |     ACA   0   0   0   0   0   0 | Lys AAA   3   3   3   2   3   3 | Arg AGA   0   0   0   0   0   0
Met ATG   0   0   0   0   0   0 |     ACG   0   0   0   0   0   0 |     AAG   0   0   0   1   0   0 |     AGG   0   0   0   0   0   0
--------------------------------------------------------------------------------------------------------------------------------------
Val GTT   0   0   0   0   0   0 | Ala GCT   1   1   1   1   1   1 | Asp GAT   1   1   1   1   1   1 | Gly GGT   0   0   0   0   0   0
    GTC   0   0   0   0   0   0 |     GCC   1   1   1   1   1   1 |     GAC   0   0   0   0   0   0 |     GGC   0   0   1   0   0   1
    GTA   1   1   1   1   1   1 |     GCA   1   1   1   1   1   1 | Glu GAA   0   0   0   0   0   0 |     GGA   1   1   0   1   1   0
    GTG   2   2   2   2   2   2 |     GCG   0   0   0   0   0   0 |     GAG   0   0   0   0   0   0 |     GGG   0   0   0   0   0   0
--------------------------------------------------------------------------------------------------------------------------------------

--------------------------------------------------------------------------------------------------------------------------------------
Phe TTT   2   2   2   2   2   2 | Ser TCT   0   0   0   0   0   0 | Tyr TAT   1   1   1   1   1   1 | Cys TGT   1   1   1   1   1   1
    TTC   0   0   0   0   0   0 |     TCC   0   0   0   0   0   0 |     TAC   0   0   0   0   0   0 |     TGC   0   0   0   0   0   0
Leu TTA   0   0   0   0   0   0 |     TCA   1   1   0   0   0   0 | *** TAA   0   0   0   0   0   0 | *** TGA   0   0   0   0   0   0
    TTG   0   0   0   0   0   0 |     TCG   0   0   1   1   1   1 |     TAG   0   0   0   0   0   0 | Trp TGG   0   0   0   0   0   0
--------------------------------------------------------------------------------------------------------------------------------------
Leu CTT   0   0   0   0   0   0 | Pro CCT   0   0   0   0   0   0 | His CAT   1   1   1   1   1   1 | Arg CGT   0   0   0   0   0   0
    CTC   0   0   0   0   0   0 |     CCC   1   1   1   1   1   1 |     CAC   0   0   0   0   0   0 |     CGC   0   0   0   0   0   0
    CTA   0   0   0   0   0   0 |     CCA   0   0   0   0   0   0 | Gln CAA   0   0   0   0   0   0 |     CGA   1   1   1   1   1   1
    CTG   0   0   0   0   0   0 |     CCG   0   0   0   0   0   0 |     CAG   0   0   0   0   0   0 |     CGG   1   1   1   1   1   1
--------------------------------------------------------------------------------------------------------------------------------------
Ile ATT   1   1   1   1   1   1 | Thr ACT   0   0   0   0   0   0 | Asn AAT   0   0   0   0   0   0 | Ser AGT   0   0   0   0   0   0
    ATC   0   0   0   0   0   0 |     ACC   1   1   1   1   1   1 |     AAC   4   4   4   4   4   4 |     AGC   0   0   0   0   0   0
    ATA   0   0   0   0   0   0 |     ACA   0   0   0   0   0   0 | Lys AAA   3   3   3   3   3   2 | Arg AGA   0   0   0   0   0   0
Met ATG   0   0   0   0   0   0 |     ACG   0   0   0   0   0   0 |     AAG   0   0   0   0   0   1 |     AGG   0   0   0   0   0   0
--------------------------------------------------------------------------------------------------------------------------------------
Val GTT   0   0   0   0   0   0 | Ala GCT   1   1   1   1   1   1 | Asp GAT   1   1   1   1   1   1 | Gly GGT   0   0   0   0   0   0
    GTC   1   1   0   0   0   0 |     GCC   1   1   1   1   1   1 |     GAC   0   0   0   0   0   0 |     GGC   0   0   1   0   1   0
    GTA   0   0   1   1   1   1 |     GCA   1   1   1   1   1   1 | Glu GAA   0   0   0   0   0   0 |     GGA   1   1   0   1   0   1
    GTG   2   2   2   2   2   2 |     GCG   0   0   0   0   0   0 |     GAG   0   0   0   0   0   0 |     GGG   0   0   0   0   0   0
--------------------------------------------------------------------------------------------------------------------------------------

--------------------------------------------------------------------------------------------------------------------------------------
Phe TTT   2   2   2   2   2   2 | Ser TCT   0   0   0   0   0   0 | Tyr TAT   0   1   1   1   1   1 | Cys TGT   1   1   1   1   1   1
    TTC   0   0   0   0   0   0 |     TCC   0   0   0   0   0   0 |     TAC   1   0   0   0   0   0 |     TGC   0   0   0   0   0   0
Leu TTA   0   0   0   0   0   0 |     TCA   0   0   1   0   1   0 | *** TAA   0   0   0   0   0   0 | *** TGA   0   0   0   0   0   0
    TTG   0   0   0   0   0   0 |     TCG   1   1   0   1   0   1 |     TAG   0   0   0   0   0   0 | Trp TGG   0   0   0   0   0   0
--------------------------------------------------------------------------------------------------------------------------------------
Leu CTT   0   0   0   0   0   0 | Pro CCT   0   0   0   0   0   0 | His CAT   1   1   1   1   1   1 | Arg CGT   0   0   0   0   0   0
    CTC   0   0   0   0   0   0 |     CCC   1   1   1   1   1   1 |     CAC   0   0   0   0   0   0 |     CGC   0   0   0   0   0   0
    CTA   0   0   0   0   0   0 |     CCA   0   0   0   0   0   0 | Gln CAA   0   0   0   0   0   0 |     CGA   1   1   1   1   1   1
    CTG   0   0   0   0   0   0 |     CCG   0   0   0   0   0   0 |     CAG   0   0   0   0   0   0 |     CGG   1   1   1   1   1   1
--------------------------------------------------------------------------------------------------------------------------------------
Ile ATT   1   1   1   1   1   1 | Thr ACT   0   0   0   0   0   0 | Asn AAT   0   0   0   0   0   0 | Ser AGT   0   0   0   0   0   0
    ATC   0   0   0   0   0   0 |     ACC   1   1   1   1   1   1 |     AAC   4   4   4   4   4   4 |     AGC   0   0   0   0   0   0
    ATA   0   0   0   0   0   0 |     ACA   0   0   0   0   0   0 | Lys AAA   3   2   3   3   3   3 | Arg AGA   0   0   0   0   0   0
Met ATG   0   0   0   0   0   0 |     ACG   0   0   0   0   0   0 |     AAG   0   1   0   0   0   0 |     AGG   0   0   0   0   0   0
--------------------------------------------------------------------------------------------------------------------------------------
Val GTT   0   0   0   0   0   0 | Ala GCT   1   1   1   1   1   1 | Asp GAT   1   1   1   1   1   1 | Gly GGT   0   0   0   0   0   0
    GTC   0   0   1   0   0   0 |     GCC   1   1   1   1   1   1 |     GAC   0   0   0   0   0   0 |     GGC   0   0   0   1   0   1
    GTA   1   1   0   1   1   1 |     GCA   1   1   1   1   1   1 | Glu GAA   0   0   0   0   0   0 |     GGA   1   1   1   0   1   0
    GTG   2   2   2   2   2   2 |     GCG   0   0   0   0   0   0 |     GAG   0   0   0   0   0   0 |     GGG   0   0   0   0   0   0
--------------------------------------------------------------------------------------------------------------------------------------

--------------------------------------------------------------------------------------------------------------------------------------
Phe TTT   2   2   2   2   2   2 | Ser TCT   0   0   0   0   0   0 | Tyr TAT   1   1   1   1   1   1 | Cys TGT   1   1   1   1   1   1
    TTC   0   0   0   0   0   0 |     TCC   0   0   0   0   0   0 |     TAC   0   0   0   0   0   0 |     TGC   0   0   0   0   0   0
Leu TTA   0   0   0   0   0   0 |     TCA   0   0   0   0   0   1 | *** TAA   0   0   0   0   0   0 | *** TGA   0   0   0   0   0   0
    TTG   0   0   0   0   0   0 |     TCG   1   1   1   1   1   0 |     TAG   0   0   0   0   0   0 | Trp TGG   0   0   0   0   0   0
--------------------------------------------------------------------------------------------------------------------------------------
Leu CTT   0   0   0   0   0   0 | Pro CCT   0   0   0   0   0   0 | His CAT   1   1   1   1   1   1 | Arg CGT   0   0   0   0   0   0
    CTC   0   0   0   0   0   0 |     CCC   1   1   1   1   1   1 |     CAC   0   0   0   0   0   0 |     CGC   0   0   0   0   0   0
    CTA   0   0   0   0   0   0 |     CCA   0   0   0   0   0   0 | Gln CAA   0   0   0   0   0   0 |     CGA   1   1   1   1   1   1
    CTG   0   0   0   0   0   0 |     CCG   0   0   0   0   0   0 |     CAG   0   0   0   0   0   0 |     CGG   1   1   1   1   1   1
--------------------------------------------------------------------------------------------------------------------------------------
Ile ATT   1   1   1   1   1   1 | Thr ACT   0   0   0   0   0   0 | Asn AAT   0   0   0   0   0   0 | Ser AGT   0   0   0   0   0   0
    ATC   0   0   0   0   0   0 |     ACC   1   1   1   1   1   1 |     AAC   4   4   4   4   4   4 |     AGC   0   0   0   0   0   0
    ATA   0   0   0   0   0   0 |     ACA   0   0   0   0   0   0 | Lys AAA   3   3   3   3   3   3 | Arg AGA   0   0   0   0   0   0
Met ATG   0   0   0   0   0   0 |     ACG   0   0   0   0   0   0 |     AAG   0   0   0   0   0   0 |     AGG   0   0   0   0   0   0
--------------------------------------------------------------------------------------------------------------------------------------
Val GTT   0   0   0   0   0   1 | Ala GCT   1   1   1   1   1   1 | Asp GAT   1   1   1   1   1   1 | Gly GGT   0   0   0   0   0   0
    GTC   0   0   0   0   0   0 |     GCC   1   1   1   1   1   1 |     GAC   0   0   0   0   0   0 |     GGC   1   0   1   1   0   0
    GTA   1   1   1   1   1   0 |     GCA   1   1   1   1   1   1 | Glu GAA   0   0   0   0   0   0 |     GGA   0   1   0   0   1   1
    GTG   2   2   2   2   2   2 |     GCG   0   0   0   0   0   0 |     GAG   0   0   0   0   0   0 |     GGG   0   0   0   0   0   0
--------------------------------------------------------------------------------------------------------------------------------------

--------------------------------------------------------------------------------------------------------------------------------------
Phe TTT   2   2   2   2   2   2 | Ser TCT   0   0   0   0   0   0 | Tyr TAT   1   1   1   1   1   1 | Cys TGT   1   1   1   1   1   1
    TTC   0   0   0   0   0   0 |     TCC   0   0   0   0   0   0 |     TAC   0   0   0   0   0   0 |     TGC   0   0   0   0   0   0
Leu TTA   0   0   0   0   0   0 |     TCA   1   0   1   1   0   0 | *** TAA   0   0   0   0   0   0 | *** TGA   0   0   0   0   0   0
    TTG   0   0   0   0   0   0 |     TCG   0   1   0   0   1   1 |     TAG   0   0   0   0   0   0 | Trp TGG   0   0   0   0   0   0
--------------------------------------------------------------------------------------------------------------------------------------
Leu CTT   0   0   0   0   0   0 | Pro CCT   0   0   0   0   0   0 | His CAT   1   1   1   1   1   1 | Arg CGT   0   0   0   0   0   0
    CTC   0   0   0   0   0   0 |     CCC   1   1   1   1   1   1 |     CAC   0   0   0   0   0   0 |     CGC   0   0   0   0   0   0
    CTA   0   0   0   0   0   0 |     CCA   0   0   0   0   0   0 | Gln CAA   0   0   0   0   0   0 |     CGA   1   1   1   1   1   1
    CTG   0   0   0   0   0   0 |     CCG   0   0   0   0   0   0 |     CAG   0   0   0   0   0   0 |     CGG   1   1   1   1   1   1
--------------------------------------------------------------------------------------------------------------------------------------
Ile ATT   1   1   1   1   1   1 | Thr ACT   0   0   0   0   0   0 | Asn AAT   0   0   0   0   0   0 | Ser AGT   0   0   0   0   0   0
    ATC   0   0   0   0   0   0 |     ACC   1   1   1   1   1   1 |     AAC   4   4   4   4   4   4 |     AGC   0   0   0   0   0   0
    ATA   0   0   0   0   0   0 |     ACA   0   0   0   0   0   0 | Lys AAA   3   3   3   3   3   3 | Arg AGA   0   0   0   0   0   0
Met ATG   0   0   0   0   0   0 |     ACG   0   0   0   0   0   0 |     AAG   0   0   0   0   0   0 |     AGG   0   0   0   0   0   0
--------------------------------------------------------------------------------------------------------------------------------------
Val GTT   0   0   0   0   0   0 | Ala GCT   1   1   1   1   1   1 | Asp GAT   1   1   1   1   1   1 | Gly GGT   0   0   0   0   0   0
    GTC   1   0   1   1   0   0 |     GCC   1   1   1   1   1   1 |     GAC   0   0   0   0   0   0 |     GGC   0   0   0   0   0   0
    GTA   0   1   0   0   1   1 |     GCA   1   1   1   1   1   1 | Glu GAA   0   0   0   0   0   0 |     GGA   1   1   1   1   1   1
    GTG   2   2   2   2   2   2 |     GCG   0   0   0   0   0   0 |     GAG   0   0   0   0   0   0 |     GGG   0   0   0   0   0   0
--------------------------------------------------------------------------------------------------------------------------------------

--------------------------------------------------------------------------------------------------------------------------------------
Phe TTT   2   2   2   2   2   2 | Ser TCT   0   0   0   0   0   0 | Tyr TAT   1   1   0   1   1   1 | Cys TGT   1   1   1   1   1   1
    TTC   0   0   0   0   0   0 |     TCC   0   0   0   0   0   0 |     TAC   0   0   1   0   0   0 |     TGC   0   0   0   0   0   0
Leu TTA   0   0   0   0   0   0 |     TCA   0   0   0   1   0   0 | *** TAA   0   0   0   0   0   0 | *** TGA   0   0   0   0   0   0
    TTG   0   0   0   0   0   0 |     TCG   1   1   1   0   1   1 |     TAG   0   0   0   0   0   0 | Trp TGG   0   0   0   0   0   0
--------------------------------------------------------------------------------------------------------------------------------------
Leu CTT   0   0   0   0   0   0 | Pro CCT   0   0   0   0   0   0 | His CAT   1   1   1   1   1   1 | Arg CGT   0   0   0   0   0   0
    CTC   0   0   0   0   0   0 |     CCC   1   1   1   1   1   1 |     CAC   0   0   0   0   0   0 |     CGC   0   0   0   0   0   0
    CTA   0   0   0   0   0   0 |     CCA   0   0   0   0   0   0 | Gln CAA   0   0   0   0   0   0 |     CGA   1   1   1   1   1   1
    CTG   0   0   0   0   0   0 |     CCG   0   0   0   0   0   0 |     CAG   0   0   0   0   0   0 |     CGG   1   1   1   1   1   1
--------------------------------------------------------------------------------------------------------------------------------------
Ile ATT   1   1   1   1   1   1 | Thr ACT   0   0   0   0   0   0 | Asn AAT   0   0   0   0   0   0 | Ser AGT   0   0   0   0   0   0
    ATC   0   0   0   0   0   0 |     ACC   1   1   1   1   1   1 |     AAC   4   4   4   4   4   4 |     AGC   0   0   0   0   0   0
    ATA   0   0   0   0   0   0 |     ACA   0   0   0   0   0   0 | Lys AAA   3   3   3   3   2   2 | Arg AGA   0   0   0   0   0   0
Met ATG   0   0   0   0   0   0 |     ACG   0   0   0   0   0   0 |     AAG   0   0   0   0   1   1 |     AGG   0   0   0   0   0   0
--------------------------------------------------------------------------------------------------------------------------------------
Val GTT   0   0   0   0   0   0 | Ala GCT   1   1   1   1   1   1 | Asp GAT   1   1   1   1   1   1 | Gly GGT   0   0   0   0   0   0
    GTC   0   0   0   0   0   0 |     GCC   1   1   1   1   1   1 |     GAC   0   0   0   0   0   0 |     GGC   0   0   0   0   0   0
    GTA   1   1   1   1   1   1 |     GCA   1   1   1   1   1   1 | Glu GAA   0   0   0   0   0   0 |     GGA   1   1   1   1   1   1
    GTG   2   2   2   2   2   2 |     GCG   0   0   0   0   0   0 |     GAG   0   0   0   0   0   0 |     GGG   0   0   0   0   0   0
--------------------------------------------------------------------------------------------------------------------------------------

Codon position x base (3x4) table for each sequence.

#1: Argali         
position  1:    T:0.19231    C:0.15385    A:0.34615    G:0.30769
position  2:    T:0.23077    C:0.23077    A:0.38462    G:0.15385
position  3:    T:0.30769    C:0.30769    A:0.23077    G:0.15385
Average         T:0.24359    C:0.23077    A:0.32051    G:0.20513

#2: LesserMouseDeer
position  1:    T:0.19231    C:0.15385    A:0.34615    G:0.30769
position  2:    T:0.23077    C:0.23077    A:0.38462    G:0.15385
position  3:    T:0.26923    C:0.30769    A:0.34615    G:0.07692
Average         T:0.23077    C:0.23077    A:0.35897    G:0.17949

#3: LesserKudu     
position  1:    T:0.19231    C:0.15385    A:0.34615    G:0.30769
position  2:    T:0.23077    C:0.23077    A:0.38462    G:0.15385
position  3:    T:0.30769    C:0.26923    A:0.23077    G:0.19231
Average         T:0.24359    C:0.21795    A:0.32051    G:0.21795

#4: ForestMuskDeer2
position  1:    T:0.19231    C:0.15385    A:0.34615    G:0.30769
position  2:    T:0.23077    C:0.23077    A:0.38462    G:0.15385
position  3:    T:0.30769    C:0.26923    A:0.30769    G:0.11538
Average         T:0.24359    C:0.21795    A:0.34615    G:0.19231

#5: Camel          
position  1:    T:0.19231    C:0.15385    A:0.34615    G:0.30769
position  2:    T:0.23077    C:0.23077    A:0.38462    G:0.15385
position  3:    T:0.30769    C:0.26923    A:0.26923    G:0.15385
Average         T:0.24359    C:0.21795    A:0.33333    G:0.20513

#6: KillerWhale    
position  1:    T:0.19231    C:0.15385    A:0.34615    G:0.30769
position  2:    T:0.23077    C:0.23077    A:0.38462    G:0.15385
position  3:    T:0.26923    C:0.30769    A:0.30769    G:0.11538
Average         T:0.23077    C:0.23077    A:0.34615    G:0.19231

#7: DefassaWaterbuck
position  1:    T:0.19231    C:0.15385    A:0.34615    G:0.30769
position  2:    T:0.23077    C:0.23077    A:0.38462    G:0.15385
position  3:    T:0.30769    C:0.30769    A:0.23077    G:0.15385
Average         T:0.24359    C:0.23077    A:0.32051    G:0.20513

#8: Sheep          
position  1:    T:0.19231    C:0.15385    A:0.34615    G:0.30769
position  2:    T:0.23077    C:0.23077    A:0.38462    G:0.15385
position  3:    T:0.30769    C:0.30769    A:0.23077    G:0.15385
Average         T:0.24359    C:0.23077    A:0.32051    G:0.20513

#9: MaxwellsDuiker 
position  1:    T:0.19231    C:0.15385    A:0.34615    G:0.30769
position  2:    T:0.23077    C:0.23077    A:0.38462    G:0.15385
position  3:    T:0.30769    C:0.30769    A:0.23077    G:0.15385
Average         T:0.24359    C:0.23077    A:0.32051    G:0.20513

#10: GazellaPrzewalskyi
position  1:    T:0.19231    C:0.15385    A:0.34615    G:0.30769
position  2:    T:0.23077    C:0.23077    A:0.38462    G:0.15385
position  3:    T:0.30769    C:0.26923    A:0.26923    G:0.15385
Average         T:0.24359    C:0.21795    A:0.33333    G:0.20513

#11: MountainNyala  
position  1:    T:0.19231    C:0.15385    A:0.34615    G:0.30769
position  2:    T:0.23077    C:0.23077    A:0.38462    G:0.15385
position  3:    T:0.30769    C:0.26923    A:0.23077    G:0.19231
Average         T:0.24359    C:0.21795    A:0.32051    G:0.21795

#12: MuntiacusMuntjak
position  1:    T:0.19231    C:0.15385    A:0.34615    G:0.30769
position  2:    T:0.23077    C:0.23077    A:0.38462    G:0.15385
position  3:    T:0.30769    C:0.30769    A:0.26923    G:0.11538
Average         T:0.24359    C:0.23077    A:0.33333    G:0.19231

#13: goat           
position  1:    T:0.19231    C:0.15385    A:0.34615    G:0.30769
position  2:    T:0.23077    C:0.23077    A:0.38462    G:0.15385
position  3:    T:0.30769    C:0.30769    A:0.23077    G:0.15385
Average         T:0.24359    C:0.23077    A:0.32051    G:0.20513

#14: AfricanBuffalo 
position  1:    T:0.19231    C:0.15385    A:0.34615    G:0.30769
position  2:    T:0.23077    C:0.23077    A:0.38462    G:0.15385
position  3:    T:0.30769    C:0.26923    A:0.26923    G:0.15385
Average         T:0.24359    C:0.21795    A:0.33333    G:0.20513

#15: Topi           
position  1:    T:0.19231    C:0.15385    A:0.34615    G:0.30769
position  2:    T:0.23077    C:0.23077    A:0.38462    G:0.15385
position  3:    T:0.30769    C:0.30769    A:0.23077    G:0.15385
Average         T:0.24359    C:0.23077    A:0.32051    G:0.20513

#16: CommonDuiker   
position  1:    T:0.19231    C:0.15385    A:0.34615    G:0.30769
position  2:    T:0.23077    C:0.23077    A:0.38462    G:0.15385
position  3:    T:0.30769    C:0.30769    A:0.26923    G:0.11538
Average         T:0.24359    C:0.23077    A:0.33333    G:0.19231

#17: Suni           
position  1:    T:0.19231    C:0.15385    A:0.34615    G:0.30769
position  2:    T:0.23077    C:0.23077    A:0.38462    G:0.15385
position  3:    T:0.30769    C:0.26923    A:0.30769    G:0.11538
Average         T:0.24359    C:0.21795    A:0.34615    G:0.19231

#18: Springbuck     
position  1:    T:0.19231    C:0.15385    A:0.34615    G:0.30769
position  2:    T:0.23077    C:0.23077    A:0.38462    G:0.15385
position  3:    T:0.30769    C:0.26923    A:0.26923    G:0.15385
Average         T:0.24359    C:0.21795    A:0.33333    G:0.20513

#19: Okapi          
position  1:    T:0.19231    C:0.15385    A:0.34615    G:0.30769
position  2:    T:0.23077    C:0.23077    A:0.38462    G:0.15385
position  3:    T:0.30769    C:0.26923    A:0.30769    G:0.11538
Average         T:0.24359    C:0.21795    A:0.34615    G:0.19231

#20: Giraffe        
position  1:    T:0.19231    C:0.15385    A:0.34615    G:0.30769
position  2:    T:0.23077    C:0.23077    A:0.38462    G:0.15385
position  3:    T:0.30769    C:0.26923    A:0.30769    G:0.11538
Average         T:0.24359    C:0.21795    A:0.34615    G:0.19231

#21: TibetanAntelope
position  1:    T:0.19231    C:0.15385    A:0.34615    G:0.30769
position  2:    T:0.23077    C:0.23077    A:0.38462    G:0.15385
position  3:    T:0.30769    C:0.30769    A:0.23077    G:0.15385
Average         T:0.24359    C:0.23077    A:0.32051    G:0.20513

#22: Sitatunga      
position  1:    T:0.19231    C:0.15385    A:0.34615    G:0.30769
position  2:    T:0.23077    C:0.23077    A:0.38462    G:0.15385
position  3:    T:0.30769    C:0.26923    A:0.23077    G:0.19231
Average         T:0.24359    C:0.21795    A:0.32051    G:0.21795

#23: Oribi          
position  1:    T:0.19231    C:0.15385    A:0.34615    G:0.30769
position  2:    T:0.23077    C:0.23077    A:0.38462    G:0.15385
position  3:    T:0.30769    C:0.26923    A:0.26923    G:0.15385
Average         T:0.24359    C:0.21795    A:0.33333    G:0.20513

#24: BarbarySheep   
position  1:    T:0.19231    C:0.15385    A:0.34615    G:0.30769
position  2:    T:0.23077    C:0.23077    A:0.38462    G:0.15385
position  3:    T:0.30769    C:0.30769    A:0.23077    G:0.15385
Average         T:0.24359    C:0.23077    A:0.32051    G:0.20513

#25: Daviddeer      
position  1:    T:0.19231    C:0.15385    A:0.34615    G:0.30769
position  2:    T:0.23077    C:0.23077    A:0.38462    G:0.15385
position  3:    T:0.30769    C:0.30769    A:0.26923    G:0.11538
Average         T:0.24359    C:0.23077    A:0.33333    G:0.19231

#26: Reindeer       
position  1:    T:0.19231    C:0.15385    A:0.34615    G:0.30769
position  2:    T:0.23077    C:0.23077    A:0.38462    G:0.15385
position  3:    T:0.30769    C:0.30769    A:0.26923    G:0.11538
Average         T:0.24359    C:0.23077    A:0.33333    G:0.19231

#27: Ibex           
position  1:    T:0.19231    C:0.15385    A:0.34615    G:0.30769
position  2:    T:0.23077    C:0.23077    A:0.38462    G:0.15385
position  3:    T:0.30769    C:0.30769    A:0.23077    G:0.15385
Average         T:0.24359    C:0.23077    A:0.32051    G:0.20513

#28: GyrantGazelle  
position  1:    T:0.19231    C:0.15385    A:0.34615    G:0.30769
position  2:    T:0.23077    C:0.23077    A:0.38462    G:0.15385
position  3:    T:0.30769    C:0.26923    A:0.26923    G:0.15385
Average         T:0.24359    C:0.21795    A:0.33333    G:0.20513

#29: Hartebeest     
position  1:    T:0.19231    C:0.15385    A:0.34615    G:0.30769
position  2:    T:0.23077    C:0.23077    A:0.38462    G:0.15385
position  3:    T:0.30769    C:0.30769    A:0.23077    G:0.15385
Average         T:0.24359    C:0.23077    A:0.32051    G:0.20513

#30: Bongo          
position  1:    T:0.19231    C:0.15385    A:0.34615    G:0.30769
position  2:    T:0.23077    C:0.23077    A:0.38462    G:0.15385
position  3:    T:0.30769    C:0.26923    A:0.23077    G:0.19231
Average         T:0.24359    C:0.21795    A:0.32051    G:0.21795

#31: Gerenuk        
position  1:    T:0.19231    C:0.15385    A:0.34615    G:0.30769
position  2:    T:0.23077    C:0.23077    A:0.38462    G:0.15385
position  3:    T:0.26923    C:0.30769    A:0.26923    G:0.15385
Average         T:0.23077    C:0.23077    A:0.33333    G:0.20513

#32: CommonEland    
position  1:    T:0.19231    C:0.15385    A:0.34615    G:0.30769
position  2:    T:0.23077    C:0.23077    A:0.38462    G:0.15385
position  3:    T:0.30769    C:0.26923    A:0.23077    G:0.19231
Average         T:0.24359    C:0.21795    A:0.32051    G:0.21795

#33: MuntiacusReevesi
position  1:    T:0.19231    C:0.15385    A:0.34615    G:0.30769
position  2:    T:0.23077    C:0.23077    A:0.38462    G:0.15385
position  3:    T:0.30769    C:0.30769    A:0.26923    G:0.11538
Average         T:0.24359    C:0.23077    A:0.33333    G:0.19231

#34: HarveysDuiker  
position  1:    T:0.19231    C:0.15385    A:0.34615    G:0.30769
position  2:    T:0.23077    C:0.23077    A:0.38462    G:0.15385
position  3:    T:0.30769    C:0.30769    A:0.23077    G:0.15385
Average         T:0.24359    C:0.23077    A:0.32051    G:0.20513

#35: Pronghorn      
position  1:    T:0.19231    C:0.15385    A:0.34615    G:0.30769
position  2:    T:0.23077    C:0.23077    A:0.38462    G:0.15385
position  3:    T:0.30769    C:0.26923    A:0.30769    G:0.11538
Average         T:0.24359    C:0.21795    A:0.34615    G:0.19231

#36: BlueWildebeest 
position  1:    T:0.19231    C:0.15385    A:0.34615    G:0.30769
position  2:    T:0.23077    C:0.23077    A:0.38462    G:0.15385
position  3:    T:0.30769    C:0.30769    A:0.23077    G:0.15385
Average         T:0.24359    C:0.23077    A:0.32051    G:0.20513

#37: Gemsbok        
position  1:    T:0.19231    C:0.15385    A:0.34615    G:0.30769
position  2:    T:0.23077    C:0.23077    A:0.38462    G:0.15385
position  3:    T:0.30769    C:0.30769    A:0.23077    G:0.15385
Average         T:0.24359    C:0.23077    A:0.32051    G:0.20513

#38: Yak            
position  1:    T:0.19231    C:0.15385    A:0.34615    G:0.30769
position  2:    T:0.23077    C:0.23077    A:0.38462    G:0.15385
position  3:    T:0.30769    C:0.26923    A:0.26923    G:0.15385
Average         T:0.24359    C:0.21795    A:0.33333    G:0.20513

#39: BlueSheep      
position  1:    T:0.19231    C:0.15385    A:0.34615    G:0.30769
position  2:    T:0.23077    C:0.23077    A:0.38462    G:0.15385
position  3:    T:0.30769    C:0.30769    A:0.23077    G:0.15385
Average         T:0.24359    C:0.23077    A:0.32051    G:0.20513

#40: BohorReedbuck  
position  1:    T:0.19231    C:0.15385    A:0.34615    G:0.30769
position  2:    T:0.23077    C:0.23077    A:0.38462    G:0.15385
position  3:    T:0.30769    C:0.30769    A:0.23077    G:0.15385
Average         T:0.24359    C:0.23077    A:0.32051    G:0.20513

#41: KirksDik       
position  1:    T:0.19231    C:0.15385    A:0.34615    G:0.30769
position  2:    T:0.23077    C:0.23077    A:0.38462    G:0.15385
position  3:    T:0.30769    C:0.26923    A:0.26923    G:0.15385
Average         T:0.24359    C:0.21795    A:0.33333    G:0.20513

#42: RoeDeer        
position  1:    T:0.19231    C:0.15385    A:0.34615    G:0.30769
position  2:    T:0.23077    C:0.23077    A:0.38462    G:0.15385
position  3:    T:0.34615    C:0.26923    A:0.26923    G:0.11538
Average         T:0.25641    C:0.21795    A:0.33333    G:0.19231

#43: WhiteLippedDeer
position  1:    T:0.19231    C:0.15385    A:0.34615    G:0.30769
position  2:    T:0.23077    C:0.23077    A:0.38462    G:0.15385
position  3:    T:0.30769    C:0.30769    A:0.26923    G:0.11538
Average         T:0.24359    C:0.23077    A:0.33333    G:0.19231

#44: ThomsonGazelle 
position  1:    T:0.19231    C:0.15385    A:0.34615    G:0.30769
position  2:    T:0.23077    C:0.23077    A:0.38462    G:0.15385
position  3:    T:0.30769    C:0.26923    A:0.26923    G:0.15385
Average         T:0.24359    C:0.21795    A:0.33333    G:0.20513

#45: MuntiacusCrinifrons
position  1:    T:0.19231    C:0.15385    A:0.34615    G:0.30769
position  2:    T:0.23077    C:0.23077    A:0.38462    G:0.15385
position  3:    T:0.30769    C:0.30769    A:0.26923    G:0.11538
Average         T:0.24359    C:0.23077    A:0.33333    G:0.19231

#46: WhiteTailedDeer
position  1:    T:0.19231    C:0.15385    A:0.34615    G:0.30769
position  2:    T:0.23077    C:0.23077    A:0.38462    G:0.15385
position  3:    T:0.30769    C:0.30769    A:0.26923    G:0.11538
Average         T:0.24359    C:0.23077    A:0.33333    G:0.19231

#47: Cattle         
position  1:    T:0.19231    C:0.15385    A:0.34615    G:0.30769
position  2:    T:0.23077    C:0.23077    A:0.38462    G:0.15385
position  3:    T:0.30769    C:0.26923    A:0.26923    G:0.15385
Average         T:0.24359    C:0.21795    A:0.33333    G:0.20513

#48: RoyalAntelope  
position  1:    T:0.19231    C:0.15385    A:0.34615    G:0.30769
position  2:    T:0.23077    C:0.23077    A:0.38462    G:0.15385
position  3:    T:0.30769    C:0.26923    A:0.26923    G:0.15385
Average         T:0.24359    C:0.21795    A:0.33333    G:0.20513

#49: Steenbok       
position  1:    T:0.19231    C:0.15385    A:0.34615    G:0.30769
position  2:    T:0.23077    C:0.23077    A:0.38462    G:0.15385
position  3:    T:0.30769    C:0.26923    A:0.26923    G:0.15385
Average         T:0.24359    C:0.21795    A:0.33333    G:0.20513

#50: Impala         
position  1:    T:0.19231    C:0.15385    A:0.34615    G:0.30769
position  2:    T:0.23077    C:0.23077    A:0.38462    G:0.15385
position  3:    T:0.30769    C:0.26923    A:0.26923    G:0.15385
Average         T:0.24359    C:0.21795    A:0.33333    G:0.20513

#51: Klipspringer   
position  1:    T:0.19231    C:0.15385    A:0.34615    G:0.30769
position  2:    T:0.23077    C:0.23077    A:0.38462    G:0.15385
