1
52 1
Argali 0.000000 0.531100 0.183300 0.457700 0.103500 0.019100 0.121200 0.204100 0.160200 0.234700 0.038700 0.142400 0.057900 0.079800 0.168800 0.162700 0.310600 0.290600 0.114600 0.161300 0.203400 0.076900 0.196000 0.213000 0.038700 0.199800 0.037900 0.165400 0.140000 0.165400 0.234100 0.102000 0.262200 0.098400 0.058200 0.142400 0.079000 0.123400 0.202600 0.154700 0.134500 0.239400 0.209900 0.229800 0.124000 0.156700 0.223500 0.244000 0.122800 0.142800 0.203000 0.159100
LesserMous 0.531100 0.000000 0.423600 0.479500 0.480700 0.576900 0.495900 0.493500 0.478200 0.584800 0.549400 0.462800 0.577700 0.498000 0.504300 0.523200 0.484400 0.385500 0.621500 0.478300 0.529400 0.596000 0.570400 0.476700 0.552400 0.562300 0.552400 0.460400 0.546200 0.460400 0.553900 0.476200 0.501800 0.572500 0.517500 0.485300 0.617500 0.506200 0.567300 0.455600 0.546100 0.610700 0.549000 0.492400 0.443100 0.523800 0.568000 0.547400 0.504100 0.462500 0.502500 0.500900
LesserKudu 0.183300 0.423600 0.000000 0.411100 0.128300 0.211800 0.146200 0.186400 0.096700 0.215700 0.190400 0.123200 0.210700 0.146600 0.150100 0.189400 0.245800 0.225600 0.204800 0.097300 0.230800 0.231200 0.221800 0.196000 0.189900 0.227600 0.189900 0.058700 0.211400 0.058700 0.215100 0.126500 0.243700 0.258300 0.166100 0.101300 0.238100 0.148900 0.253200 0.136600 0.201300 0.268900 0.190900 0.213400 0.104300 0.227600 0.278800 0.248400 0.148100 0.124100 0.136800 0.096100
KillerWhal 0.457700 0.479500 0.411100 0.000000 0.465600 0.497300 0.481500 0.550300 0.408600 0.506100 0.472300 0.448800 0.498600 0.482800 0.463500 0.500400 0.502600 0.446400 0.428300 0.408600 0.517100 0.458500 0.497200 0.516600 0.475200 0.538600 0.475200 0.446100 0.463300 0.445900 0.505400 0.461900 0.495200 0.525400 0.444000 0.446300 0.533300 0.490700 0.508400 0.441400 0.419700 0.558800 0.474000 0.475100 0.429100 0.451400 0.555500 0.573800 0.491500 0.391300 0.456100 0.430700
DefassaWat 0.103500 0.480700 0.128300 0.465600 0.000000 0.083900 0.020900 0.104500 0.105400 0.131300 0.063000 0.042000 0.084200 0.021000 0.062400 0.063100 0.211300 0.190600 0.124500 0.105400 0.104200 0.104200 0.143900 0.206600 0.063300 0.103100 0.063300 0.063600 0.083800 0.063600 0.131000 0.000000 0.206200 0.127900 0.041500 0.060200 0.107100 0.021300 0.125300 0.143100 0.123200 0.143600 0.107700 0.224800 0.021000 0.102300 0.149300 0.137800 0.021200 0.085500 0.147000 0.104600
Sheep 0.019100 0.576900 0.211800 0.497300 0.083900 0.000000 0.103100 0.186300 0.143100 0.216500 0.019600 0.124700 0.039400 0.061100 0.149900 0.145400 0.294200 0.273900 0.097300 0.143100 0.185800 0.058500 0.180000 0.241100 0.019700 0.183500 0.019700 0.146800 0.121600 0.146700 0.216100 0.083300 0.244200 0.079800 0.039600 0.123800 0.060100 0.105000 0.184800 0.179200 0.117600 0.223900 0.191700 0.258300 0.104800 0.139000 0.207500 0.227100 0.104500 0.124100 0.185200 0.142000
MaxwellsDu 0.121200 0.495900 0.146200 0.481500 0.020900 0.103100 0.000000 0.123300 0.123500 0.150400 0.082500 0.061500 0.102700 0.040900 0.085100 0.082100 0.228500 0.208100 0.142000 0.124300 0.122800 0.122800 0.160600 0.222200 0.082300 0.120800 0.082300 0.083400 0.103000 0.083300 0.150100 0.020000 0.224800 0.146600 0.060400 0.082300 0.126200 0.041500 0.143700 0.160900 0.140400 0.160800 0.126900 0.239700 0.041700 0.120800 0.166600 0.156600 0.041300 0.105000 0.166700 0.122700
GazellaPrz 0.204100 0.493500 0.186400 0.550300 0.104500 0.186300 0.123300 0.000000 0.163200 0.211900 0.165200 0.144700 0.186600 0.123700 0.170500 0.038600 0.314900 0.294200 0.201500 0.163100 0.117200 0.206100 0.219700 0.307100 0.166000 0.075800 0.166000 0.122900 0.057700 0.122900 0.211500 0.103700 0.293800 0.231200 0.143100 0.121500 0.211000 0.125500 0.095900 0.242400 0.199400 0.134600 0.187700 0.323900 0.125200 0.180900 0.119000 0.221300 0.124900 0.189300 0.205300 0.162100
MountainNy 0.160200 0.478200 0.096700 0.408600 0.105400 0.143100 0.123500 0.163200 0.000000 0.191300 0.122500 0.101300 0.142400 0.123900 0.172200 0.165900 0.245400 0.225200 0.181100 0.000000 0.207100 0.162300 0.198800 0.215900 0.122200 0.203800 0.122200 0.038600 0.142800 0.038600 0.190800 0.103900 0.243200 0.186800 0.100300 0.059800 0.167000 0.125800 0.228800 0.156200 0.136300 0.244500 0.167300 0.233000 0.082300 0.159700 0.253400 0.222300 0.124300 0.101700 0.037100 0.036300
MuntiacusM 0.234700 0.584800 0.215700 0.506100 0.131300 0.216500 0.150400 0.211900 0.191300 0.000000 0.194500 0.105200 0.193900 0.151000 0.200800 0.170300 0.275400 0.278000 0.209600 0.191300 0.211200 0.235700 0.161300 0.269600 0.195400 0.208900 0.195400 0.149500 0.191000 0.149500 0.104700 0.130200 0.277200 0.263900 0.171000 0.147600 0.194600 0.153300 0.233000 0.204900 0.141000 0.207100 0.020100 0.287000 0.106800 0.232200 0.264300 0.284600 0.152500 0.172600 0.235200 0.189800
goat 0.038700 0.549400 0.190400 0.472300 0.063000 0.019600 0.082500 0.165200 0.122500 0.194500 0.000000 0.103800 0.019700 0.082800 0.128300 0.124500 0.272200 0.251900 0.077900 0.122500 0.164800 0.039000 0.203900 0.221200 0.000000 0.162900 0.000000 0.125700 0.101400 0.125600 0.194000 0.062500 0.221500 0.059800 0.019800 0.103100 0.040000 0.084000 0.164100 0.159700 0.139800 0.203300 0.170100 0.238600 0.083800 0.119000 0.186400 0.203900 0.083600 0.103400 0.164300 0.121600
AfricanBuf 0.142400 0.462800 0.123200 0.448800 0.042000 0.124700 0.061500 0.144700 0.101300 0.105200 0.103800 0.000000 0.081000 0.061800 0.107100 0.103200 0.160400 0.184800 0.163200 0.102000 0.144500 0.144300 0.096900 0.155600 0.103500 0.141700 0.103500 0.061500 0.124200 0.061500 0.082700 0.041400 0.199200 0.168900 0.081600 0.060800 0.126400 0.062700 0.165300 0.097000 0.077500 0.181800 0.082900 0.173100 0.020600 0.141700 0.188700 0.180100 0.062300 0.082700 0.143600 0.100500
Topi 0.057900 0.577700 0.210700 0.498600 0.084200 0.039400 0.102700 0.186600 0.142400 0.193900 0.019700 0.081000 0.000000 0.103100 0.150300 0.144700 0.246700 0.274200 0.097000 0.143400 0.186200 0.058600 0.178400 0.195600 0.019700 0.182600 0.019700 0.147100 0.122000 0.147100 0.169300 0.083000 0.244600 0.080000 0.039500 0.124100 0.039900 0.104600 0.185300 0.136800 0.116600 0.222800 0.169600 0.212700 0.105100 0.139300 0.206500 0.225700 0.104100 0.124500 0.185600 0.141300
CommonDuik 0.079800 0.498000 0.146600 0.482800 0.021000 0.061100 0.040900 0.123700 0.123900 0.151000 0.082800 0.061800 0.103100 0.000000 0.085500 0.082400 0.229500 0.209100 0.142400 0.124700 0.123400 0.123300 0.118800 0.222900 0.082600 0.121200 0.082600 0.083600 0.103300 0.083600 0.150700 0.020200 0.225800 0.147300 0.061000 0.082600 0.126800 0.040900 0.144200 0.161500 0.099000 0.161200 0.127400 0.240400 0.041900 0.121100 0.167100 0.157100 0.041500 0.105400 0.167300 0.123000
Suni 0.168800 0.504300 0.150100 0.463500 0.062400 0.149900 0.085100 0.170500 0.172200 0.200800 0.128300 0.107100 0.150300 0.085500 0.000000 0.128500 0.280900 0.236500 0.145700 0.172200 0.170000 0.169900 0.209500 0.274700 0.128900 0.168100 0.128900 0.129800 0.149400 0.129800 0.200400 0.064500 0.281000 0.149100 0.105800 0.126300 0.174900 0.086700 0.169300 0.208600 0.188400 0.187500 0.175600 0.292900 0.084400 0.166900 0.194600 0.210900 0.086300 0.152500 0.214800 0.170800
Springbuck 0.162700 0.523200 0.189400 0.500400 0.063100 0.145400 0.082100 0.038600 0.165900 0.170300 0.124500 0.103200 0.144700 0.082400 0.128500 0.000000 0.272200 0.251800 0.160700 0.167000 0.078600 0.164900 0.179100 0.264800 0.124200 0.037200 0.124200 0.125900 0.019400 0.125900 0.170000 0.062200 0.249200 0.189800 0.102000 0.124300 0.169500 0.083600 0.057900 0.202700 0.159000 0.096000 0.146700 0.282000 0.083900 0.141400 0.100900 0.202800 0.083100 0.148000 0.210000 0.164700
Okapi 0.310600 0.484400 0.245800 0.502600 0.211300 0.294200 0.228500 0.314900 0.245400 0.275400 0.272200 0.160400 0.246700 0.229500 0.280900 0.272200 0.000000 0.092900 0.333000 0.245400 0.264700 0.312600 0.255300 0.251600 0.273500 0.308700 0.273500 0.228400 0.293000 0.227100 0.249700 0.209600 0.231100 0.342800 0.248200 0.224400 0.275200 0.232800 0.334600 0.211400 0.235600 0.349800 0.250100 0.288900 0.185800 0.307200 0.363900 0.312500 0.231800 0.204200 0.288800 0.265600
Giraffe 0.290600 0.385500 0.225600 0.446400 0.190600 0.273900 0.208100 0.294200 0.225200 0.278000 0.251900 0.184800 0.274200 0.209100 0.236500 0.251800 0.092900 0.000000 0.312600 0.225500 0.244900 0.292400 0.281700 0.277800 0.253000 0.288600 0.253000 0.207800 0.272600 0.206800 0.277500 0.189100 0.210900 0.298400 0.228000 0.204400 0.278000 0.212200 0.265900 0.236200 0.261500 0.329600 0.252400 0.315900 0.165600 0.288300 0.292700 0.290600 0.211100 0.184200 0.268400 0.245300
TibetanAnt 0.114600 0.621500 0.204800 0.428300 0.124500 0.097300 0.142000 0.201500 0.181100 0.209600 0.077900 0.163200 0.097000 0.142400 0.145700 0.160700 0.333000 0.312600 0.000000 0.182400 0.200800 0.116000 0.215800 0.277600 0.077700 0.197500 0.077700 0.187000 0.138400 0.186900 0.209000 0.122800 0.286400 0.138400 0.077800 0.163400 0.119200 0.144500 0.200100 0.217400 0.153600 0.216000 0.185600 0.294200 0.145100 0.177200 0.200400 0.267700 0.143800 0.163900 0.224300 0.179900
Sitatunga 0.161300 0.478300 0.097300 0.408600 0.105400 0.143100 0.124300 0.163100 0.000000 0.191300 0.122500 0.102000 0.143400 0.124700 0.172200 0.167000 0.245400 0.225500 0.182400 0.000000 0.207100 0.162300 0.200200 0.217400 0.123000 0.205200 0.123000 0.038600 0.142800 0.038600 0.190800 0.104600 0.243200 0.186800 0.101000 0.059700 0.166900 0.126600 0.228800 0.156100 0.137100 0.246200 0.167300 0.234600 0.082300 0.160400 0.255300 0.224000 0.126000 0.101700 0.037200 0.037500
Oribi 0.203400 0.529400 0.230800 0.517100 0.104200 0.185800 0.122800 0.117200 0.207100 0.211200 0.164800 0.144500 0.186200 0.123400 0.170000 0.078600 0.264700 0.244900 0.200800 0.207100 0.000000 0.204800 0.218600 0.283500 0.165600 0.115500 0.165600 0.167100 0.098000 0.166300 0.210900 0.103400 0.292800 0.230900 0.142600 0.164400 0.188500 0.125100 0.136700 0.241300 0.198700 0.175700 0.187100 0.322300 0.124900 0.201200 0.185300 0.197200 0.124500 0.188600 0.250600 0.205400
BarbaryShe 0.076900 0.596000 0.231200 0.458500 0.104200 0.058500 0.122800 0.206100 0.162300 0.235700 0.039000 0.144300 0.058600 0.123300 0.169900 0.164900 0.312600 0.292400 0.116000 0.162300 0.204800 0.000000 0.242500 0.259500 0.039100 0.202500 0.039100 0.166400 0.141000 0.166400 0.233500 0.103300 0.264100 0.099000 0.059000 0.143300 0.079500 0.125100 0.203900 0.197800 0.178000 0.242700 0.209300 0.276400 0.124800 0.157700 0.226500 0.247600 0.124400 0.100600 0.204200 0.161100
Daviddeer 0.196000 0.570400 0.221800 0.497200 0.143900 0.180000 0.160600 0.219700 0.198800 0.161300 0.203900 0.096900 0.178400 0.118800 0.209500 0.179100 0.255300 0.281700 0.215800 0.200200 0.218600 0.242500 0.000000 0.207000 0.202700 0.215200 0.202700 0.160800 0.199700 0.160800 0.138600 0.141800 0.281400 0.268800 0.179700 0.158800 0.226900 0.163400 0.239300 0.150000 0.052900 0.233400 0.139000 0.223500 0.120500 0.238700 0.267300 0.286700 0.162600 0.182100 0.241700 0.197500
Reindeer 0.213000 0.476700 0.196000 0.516600 0.206600 0.241100 0.222200 0.307100 0.215900 0.269600 0.221200 0.155600 0.195600 0.222900 0.274700 0.264800 0.251600 0.277800 0.277600 0.217400 0.283500 0.259500 0.207000 0.000000 0.220000 0.301000 0.220000 0.224300 0.241400 0.222700 0.244100 0.203600 0.322200 0.286300 0.196900 0.198900 0.195500 0.226200 0.327900 0.089600 0.147500 0.341300 0.244900 0.050300 0.181500 0.255600 0.353800 0.332400 0.225100 0.156300 0.237000 0.214500
Ibex 0.038700 0.552400 0.189900 0.475200 0.063300 0.019700 0.082300 0.166000 0.122200 0.195400 0.000000 0.103500 0.019700 0.082600 0.128900 0.124200 0.273500 0.253000 0.077700 0.123000 0.165600 0.039100 0.202700 0.220000 0.000000 0.162600 0.000000 0.126300 0.101800 0.126200 0.195000 0.062300 0.222500 0.060100 0.019400 0.103500 0.040200 0.083800 0.164800 0.159900 0.139000 0.202800 0.170900 0.237400 0.084200 0.119500 0.186000 0.203400 0.083400 0.103900 0.165000 0.121300
GyrantGaze 0.199800 0.562300 0.227600 0.538600 0.103100 0.183500 0.120800 0.075800 0.203800 0.208900 0.162900 0.141700 0.182600 0.121200 0.168100 0.037200 0.308700 0.288600 0.197500 0.205200 0.115500 0.202500 0.215200 0.301000 0.162600 0.000000 0.162600 0.164900 0.057000 0.164800 0.208400 0.101600 0.289200 0.227700 0.140200 0.162700 0.208100 0.122900 0.094600 0.239200 0.195300 0.054900 0.185100 0.272700 0.123400 0.178700 0.138600 0.243200 0.122300 0.186800 0.247700 0.202600
Hartebeest 0.037900 0.552400 0.189900 0.475200 0.063300 0.019700 0.082300 0.166000 0.122200 0.195400 0.000000 0.103500 0.019700 0.082600 0.128900 0.124200 0.273500 0.253000 0.077700 0.123000 0.165600 0.039100 0.202700 0.220000 0.000000 0.162600 0.000000 0.126300 0.101800 0.126200 0.195000 0.062300 0.222500 0.060100 0.019400 0.103500 0.040200 0.083800 0.164800 0.159900 0.139000 0.202800 0.170900 0.237400 0.084200 0.119500 0.186000 0.203400 0.083400 0.103900 0.165000 0.121300
Bongo 0.165400 0.460400 0.058700 0.446100 0.063600 0.146800 0.083400 0.122900 0.038600 0.149500 0.125700 0.061500 0.147100 0.083600 0.129800 0.125900 0.228400 0.207800 0.187000 0.038600 0.167100 0.166400 0.160800 0.224300 0.126300 0.164900 0.126300 0.000000 0.147200 0.000100 0.149200 0.063100 0.223700 0.191700 0.103600 0.040200 0.172700 0.084900 0.187900 0.160000 0.140600 0.205900 0.126100 0.240400 0.041400 0.163700 0.213500 0.181000 0.084400 0.104300 0.077600 0.038400
Gerenuk 0.140000 0.546200 0.211400 0.463300 0.083800 0.121600 0.103000 0.057700 0.142800 0.191000 0.101400 0.124200 0.122000 0.103300 0.149400 0.019400 0.293000 0.272600 0.138400 0.142800 0.098000 0.141000 0.199700 0.241400 0.101800 0.057000 0.101800 0.147200 0.000000 0.146400 0.190500 0.083200 0.271000 0.164700 0.080300 0.123500 0.145600 0.104800 0.076800 0.178100 0.136900 0.115600 0.167100 0.257500 0.104500 0.118500 0.121400 0.227300 0.104300 0.123800 0.184400 0.141900
CommonElan 0.165400 0.460400 0.058700 0.445900 0.063600 0.146700 0.083300 0.122900 0.038600 0.149500 0.125600 0.061500 0.147100 0.083600 0.129800 0.125900 0.227100 0.206800 0.186900 0.038600 0.166300 0.166400 0.160800 0.222700 0.126200 0.164800 0.126200 0.000100 0.146400 0.000000 0.149100 0.063100 0.223700 0.191600 0.103500 0.040200 0.171200 0.084900 0.187800 0.160000 0.140500 0.205900 0.126100 0.240300 0.041400 0.163700 0.213400 0.180000 0.084400 0.104300 0.077500 0.038400
MuntiacusR 0.234100 0.553900 0.215100 0.505400 0.131000 0.216100 0.150100 0.211500 0.190800 0.104700 0.194000 0.082700 0.169300 0.150700 0.200400 0.170000 0.249700 0.277500 0.209000 0.190800 0.210900 0.233500 0.138600 0.244100 0.195000 0.208400 0.195000 0.149200 0.190500 0.149100 0.000000 0.130000 0.276800 0.263500 0.170600 0.147300 0.219000 0.153000 0.232500 0.181100 0.118800 0.206500 0.082000 0.261500 0.106600 0.231600 0.263800 0.284100 0.152200 0.172300 0.187600 0.189300
HarveysDui 0.102000 0.476200 0.126500 0.461900 0.000000 0.083300 0.020000 0.103700 0.103900 0.130200 0.062500 0.041400 0.083000 0.020200 0.064500 0.062200 0.209600 0.189100 0.122800 0.104600 0.103400 0.103300 0.141800 0.203600 0.062300 0.101600 0.062300 0.063100 0.083200 0.063100 0.130000 0.000000 0.204400 0.126900 0.039900 0.062300 0.106200 0.021000 0.124300 0.142100 0.121400 0.141900 0.106800 0.221500 0.021100 0.101500 0.147100 0.135600 0.020200 0.084800 0.147200 0.103100
Pronghorn 0.262200 0.501800 0.243700 0.495200 0.206200 0.244200 0.224800 0.293800 0.243200 0.277200 0.221500 0.199200 0.244600 0.225800 0.281000 0.249200 0.231100 0.210900 0.286400 0.243200 0.292800 0.264100 0.281400 0.322200 0.222500 0.289200 0.222500 0.223700 0.271000 0.223700 0.276800 0.204400 0.000000 0.294100 0.246000 0.220500 0.272200 0.229300 0.291500 0.254000 0.259700 0.333400 0.249700 0.339600 0.178700 0.286700 0.287800 0.375300 0.228200 0.199000 0.289800 0.265100
BlueWildeb 0.098400 0.572500 0.258300 0.525400 0.127900 0.079800 0.146600 0.231200 0.186800 0.263900 0.059800 0.168900 0.080000 0.147300 0.149100 0.189800 0.342800 0.298400 0.138400 0.186800 0.230900 0.099000 0.268800 0.286300 0.060100 0.227700 0.060100 0.191700 0.164700 0.191600 0.263500 0.126900 0.294100 0.000000 0.080400 0.167700 0.101800 0.149400 0.207300 0.222600 0.202400 0.268800 0.237900 0.303200 0.149100 0.181500 0.230300 0.276900 0.148600 0.168100 0.230200 0.185300
Gemsbok 0.058200 0.517500 0.166100 0.444000 0.041500 0.039600 0.060400 0.143100 0.100300 0.171000 0.019800 0.081600 0.039500 0.061000 0.105800 0.102000 0.248200 0.228000 0.077800 0.101000 0.142600 0.059000 0.179700 0.196900 0.019400 0.140200 0.019400 0.103600 0.080300 0.103500 0.170600 0.039900 0.246000 0.080400 0.000000 0.081600 0.060600 0.061900 0.163300 0.137800 0.117400 0.179800 0.147200 0.214200 0.062200 0.098100 0.186400 0.177800 0.061600 0.081900 0.142100 0.099600
Yak 0.142400 0.485300 0.101300 0.446300 0.060200 0.123800 0.082300 0.121500 0.059800 0.147600 0.103100 0.060800 0.124100 0.082600 0.126300 0.124300 0.224400 0.204400 0.163400 0.059700 0.164400 0.143300 0.158800 0.198900 0.103500 0.162700 0.103500 0.040200 0.123500 0.040200 0.147300 0.062300 0.220500 0.167700 0.081600 0.000000 0.147400 0.083800 0.185400 0.137800 0.118600 0.202600 0.124600 0.216400 0.040600 0.140900 0.210600 0.203600 0.083400 0.082100 0.099200 0.059300
BlueSheep 0.079000 0.617500 0.238100 0.533300 0.107100 0.060100 0.126200 0.211000 0.167000 0.194600 0.040000 0.126400 0.039900 0.126800 0.174900 0.169500 0.275200 0.278000 0.119200 0.166900 0.188500 0.079500 0.226900 0.195500 0.040200 0.208100 0.040200 0.172700 0.145600 0.171200 0.219000 0.106200 0.272200 0.101800 0.060600 0.147400 0.000000 0.128600 0.209700 0.181800 0.161600 0.249400 0.170200 0.262100 0.128300 0.162100 0.233100 0.230600 0.128000 0.147200 0.210300 0.165600
BohorReedb 0.123400 0.506200 0.148900 0.490700 0.021300 0.105000 0.041500 0.125500 0.125800 0.153300 0.084000 0.062700 0.104600 0.040900 0.086700 0.083600 0.232800 0.212200 0.144500 0.126600 0.125100 0.125100 0.163400 0.226200 0.083800 0.122900 0.083800 0.084900 0.104800 0.084900 0.153000 0.021000 0.229300 0.149400 0.061900 0.083800 0.128600 0.000000 0.146300 0.163800 0.142900 0.163500 0.129300 0.244000 0.042500 0.122900 0.169600 0.159600 0.039600 0.106900 0.169800 0.124800
KirksDik 0.202600 0.567300 0.253200 0.508400 0.125300 0.184800 0.143700 0.095900 0.228800 0.233000 0.164100 0.165300 0.185300 0.144200 0.169300 0.057900 0.334600 0.265900 0.200100 0.228800 0.136700 0.203900 0.239300 0.327900 0.164800 0.094600 0.164800 0.187900 0.076800 0.187800 0.232500 0.124300 0.291500 0.207300 0.163300 0.185400 0.209700 0.146300 0.000000 0.262400 0.219100 0.153600 0.208400 0.344500 0.145900 0.201200 0.098200 0.271300 0.145600 0.210300 0.272300 0.227200
RoeDeer 0.154700 0.455600 0.136600 0.441400 0.143100 0.179200 0.160900 0.242400 0.156200 0.204900 0.159700 0.097000 0.136800 0.161500 0.208600 0.202700 0.211400 0.236200 0.217400 0.156100 0.241300 0.197800 0.150000 0.089600 0.159900 0.239200 0.159900 0.160000 0.178100 0.160000 0.181100 0.142100 0.254000 0.222600 0.137800 0.137800 0.181800 0.163800 0.262400 0.000000 0.091900 0.278900 0.181600 0.106400 0.119900 0.194000 0.289000 0.287700 0.163000 0.097100 0.196200 0.155100
WhiteLippe 0.134500 0.546100 0.201300 0.419700 0.123200 0.117600 0.140400 0.199400 0.136300 0.141000 0.139800 0.077500 0.116600 0.099000 0.188400 0.159000 0.235600 0.261500 0.153600 0.137100 0.198700 0.178000 0.052900 0.147500 0.139000 0.195300 0.139000 0.140600 0.136900 0.140500 0.118800 0.121400 0.259700 0.202400 0.117400 0.118600 0.161600 0.142900 0.219100 0.091900 0.000000 0.213500 0.119000 0.164200 0.100300 0.175200 0.246400 0.264200 0.142200 0.119000 0.177300 0.135300
ThomsonGaz 0.239400 0.610700 0.268900 0.558800 0.143600 0.223900 0.160800 0.134600 0.244500 0.207100 0.203300 0.181800 0.222800 0.161200 0.187500 0.096000 0.349800 0.329600 0.216000 0.246200 0.175700 0.242700 0.233400 0.341300 0.202800 0.054900 0.202800 0.205900 0.115600 0.205900 0.206500 0.141900 0.333400 0.268800 0.179800 0.202600 0.249400 0.163500 0.153600 0.278900 0.213500 0.000000 0.183400 0.311700 0.163800 0.218300 0.177900 0.287100 0.162700 0.227900 0.288300 0.243000
MuntiacusC 0.209900 0.549000 0.190900 0.474000 0.107700 0.191700 0.126900 0.187700 0.167300 0.020100 0.170100 0.082900 0.169600 0.127400 0.175600 0.146700 0.250100 0.252400 0.185600 0.167300 0.187100 0.209300 0.139000 0.244900 0.170900 0.185100 0.170900 0.126100 0.167100 0.126100 0.082000 0.106800 0.249700 0.237900 0.147200 0.124600 0.170200 0.129300 0.208400 0.181600 0.119000 0.183400 0.000000 0.262300 0.084100 0.207700 0.238200 0.256300 0.128600 0.148600 0.210300 0.166100
WhiteTaile 0.229800 0.492400 0.213400 0.475100 0.224800 0.258300 0.239700 0.323900 0.233000 0.287000 0.238600 0.173100 0.212700 0.240400 0.292900 0.282000 0.288900 0.315900 0.294200 0.234600 0.322300 0.276400 0.223500 0.050300 0.237400 0.272700 0.237400 0.240400 0.257500 0.240300 0.261500 0.221500 0.339600 0.303200 0.214200 0.216400 0.262100 0.244000 0.344500 0.106400 0.164200 0.311700 0.262300 0.000000 0.199500 0.272300 0.370400 0.374700 0.242900 0.174500 0.254000 0.231500
Cattle 0.124000 0.443100 0.104300 0.429100 0.021000 0.104800 0.041700 0.125200 0.082300 0.106800 0.083800 0.020600 0.105100 0.041900 0.084400 0.083900 0.185800 0.165600 0.145100 0.082300 0.124900 0.124800 0.120500 0.181500 0.084200 0.123400 0.084200 0.041400 0.104500 0.041400 0.106600 0.021100 0.178700 0.149100 0.062200 0.040600 0.128300 0.042500 0.145900 0.119900 0.100300 0.163800 0.084100 0.199500 0.000000 0.122500 0.170400 0.160400 0.042200 0.062600 0.123000 0.081700
RoyalAntel 0.156700 0.523800 0.227600 0.451400 0.102300 0.139000 0.120800 0.180900 0.159700 0.232200 0.119000 0.141700 0.139300 0.121100 0.166900 0.141400 0.307200 0.288300 0.177200 0.160400 0.201200 0.157700 0.238700 0.255600 0.119500 0.178700 0.119500 0.163700 0.118500 0.163700 0.231600 0.101500 0.286700 0.181500 0.098100 0.140900 0.162100 0.122900 0.201200 0.194000 0.175200 0.218300 0.207700 0.272300 0.122500 0.000000 0.226000 0.243200 0.122300 0.141700 0.200700 0.158600
Steenbok 0.223500 0.568000 0.278800 0.555500 0.149300 0.207500 0.166600 0.119000 0.253400 0.264300 0.186400 0.188700 0.206500 0.167100 0.194600 0.100900 0.363900 0.292700 0.200400 0.255300 0.185300 0.226500 0.267300 0.353800 0.186000 0.138600 0.186000 0.213500 0.121400 0.213400 0.263800 0.147100 0.287800 0.230300 0.186400 0.210600 0.233100 0.169600 0.098200 0.289000 0.246400 0.177900 0.238200 0.370400 0.170400 0.226000 0.000000 0.246500 0.168800 0.236500 0.300200 0.251600
Impala 0.244000 0.547400 0.248400 0.573800 0.137800 0.227100 0.156600 0.221300 0.222300 0.284600 0.203900 0.180100 0.225700 0.157100 0.210900 0.202800 0.312500 0.290600 0.267700 0.224000 0.197200 0.247600 0.286700 0.332400 0.203400 0.243200 0.203400 0.181000 0.227300 0.180000 0.284100 0.135600 0.375300 0.276900 0.177800 0.203600 0.230600 0.159600 0.271300 0.287700 0.264200 0.287100 0.256300 0.374700 0.160400 0.243200 0.246500 0.000000 0.133300 0.231100 0.270700 0.220600
Klipspring 0.122800 0.504100 0.148100 0.491500 0.021200 0.104500 0.041300 0.124900 0.124300 0.152500 0.083600 0.062300 0.104100 0.041500 0.086300 0.083100 0.231800 0.211100 0.143800 0.126000 0.124500 0.124400 0.162600 0.225100 0.083400 0.122300 0.083400 0.084400 0.104300 0.084400 0.152200 0.020200 0.228200 0.148600 0.061600 0.083400 0.128000 0.039600 0.145600 0.163000 0.142200 0.162700 0.128600 0.242900 0.042200 0.122300 0.168800 0.133300 0.000000 0.106400 0.169000 0.124200
ForestMusk 0.142800 0.462500 0.124100 0.391300 0.085500 0.124100 0.105000 0.189300 0.101700 0.172600 0.103400 0.082700 0.124500 0.105400 0.152500 0.148000 0.204200 0.184200 0.163900 0.101700 0.188600 0.100600 0.182100 0.156300 0.103900 0.186800 0.103900 0.104300 0.123800 0.104300 0.172300 0.084800 0.199000 0.168100 0.081900 0.082100 0.147200 0.106900 0.210300 0.097100 0.119000 0.227900 0.148600 0.174500 0.062600 0.141700 0.236500 0.231100 0.106400 0.000000 0.143000 0.101000
Bushbuck 0.203000 0.502500 0.136800 0.456100 0.147000 0.185200 0.166700 0.205300 0.037100 0.235200 0.164300 0.143600 0.185600 0.167300 0.214800 0.210000 0.288800 0.268400 0.224300 0.037200 0.250600 0.204200 0.241700 0.237000 0.165000 0.247700 0.165000 0.077600 0.184400 0.077500 0.187600 0.147200 0.289800 0.230200 0.142100 0.099200 0.210300 0.169800 0.272300 0.196200 0.177300 0.288300 0.210300 0.254000 0.123000 0.200700 0.300200 0.270700 0.169000 0.143000 0.000000 0.075200
GreaterKud 0.159100 0.500900 0.096100 0.430700 0.104600 0.142000 0.122700 0.162100 0.036300 0.189800 0.121600 0.100500 0.141300 0.123000 0.170800 0.164700 0.265600 0.245300 0.179900 0.037500 0.205400 0.161100 0.197500 0.214500 0.121300 0.202600 0.121300 0.038400 0.141900 0.038400 0.189300 0.103100 0.265100 0.185300 0.099600 0.059300 0.165600 0.124800 0.227200 0.155100 0.135300 0.243000 0.166100 0.231500 0.081700 0.158600 0.251600 0.220600 0.124200 0.101000 0.075200 0.000000
