1
52 1
Argali 0.000000 0.617800 0.158900 0.428500 0.092700 0.015500 0.091800 0.154000 0.167400 0.144900 0.040100 0.120600 0.107700 0.127000 0.175200 0.138200 0.190800 0.223400 0.030800 0.166900 0.084800 0.040400 0.153900 0.188100 0.040100 0.108700 0.122900 0.167600 0.169500 0.186500 0.145100 0.110200 0.169100 0.107000 0.073800 0.120000 0.040100 0.092700 0.103400 0.174700 0.144800 0.108600 0.128500 0.191300 0.109800 0.174000 0.117500 0.084100 0.142100 0.236400 0.182300 0.196600
LesserMous 0.617800 0.000000 0.522200 0.526300 0.549000 0.646100 0.538800 0.601500 0.533800 0.623900 0.577500 0.569600 0.596200 0.601300 0.585800 0.618200 0.618700 0.704700 0.565100 0.531300 0.539000 0.580600 0.599900 0.693400 0.575800 0.564500 0.613100 0.519600 0.628900 0.557300 0.621300 0.576400 0.632400 0.591400 0.536600 0.567600 0.577600 0.549000 0.579000 0.611600 0.617000 0.549200 0.600600 0.635100 0.579000 0.602600 0.615500 0.563300 0.525500 0.653000 0.546600 0.561900
LesserKudu 0.158900 0.522200 0.000000 0.368400 0.078400 0.177100 0.095800 0.131500 0.008400 0.131900 0.133200 0.088200 0.170200 0.095200 0.172600 0.125000 0.160600 0.194000 0.124600 0.008300 0.070200 0.114800 0.141300 0.176600 0.133100 0.094700 0.166200 0.008400 0.138400 0.025300 0.132100 0.096400 0.175900 0.149500 0.132900 0.087800 0.133200 0.078400 0.089000 0.143000 0.132000 0.094700 0.115100 0.160000 0.096100 0.152200 0.104000 0.087700 0.089900 0.205900 0.041500 0.033900
KillerWhal 0.428500 0.526300 0.368400 0.000000 0.364000 0.449400 0.358500 0.389300 0.353500 0.419700 0.424900 0.378600 0.482400 0.394400 0.472300 0.388600 0.393000 0.454400 0.414700 0.376900 0.356200 0.400100 0.401800 0.446600 0.423400 0.344600 0.486700 0.366900 0.419600 0.389700 0.404500 0.385400 0.459900 0.467000 0.461300 0.376800 0.424900 0.364000 0.383700 0.435400 0.390900 0.320600 0.400700 0.455500 0.386000 0.432100 0.405900 0.376000 0.386600 0.437400 0.417700 0.413900
DefassaWat 0.092700 0.549000 0.078400 0.364000 0.000000 0.109900 0.033300 0.075900 0.086800 0.084800 0.067900 0.042600 0.102600 0.050200 0.113300 0.059700 0.114300 0.146400 0.059500 0.086600 0.008400 0.050600 0.111600 0.127500 0.067800 0.050000 0.118300 0.087000 0.091900 0.105000 0.084900 0.033500 0.127300 0.101900 0.085600 0.042300 0.067900 0.000000 0.025500 0.094600 0.084800 0.050000 0.068200 0.111200 0.050600 0.094300 0.058600 0.025200 0.061300 0.157400 0.120800 0.114400
Sheep 0.015500 0.646100 0.177100 0.449400 0.109900 0.000000 0.108800 0.171500 0.185500 0.162400 0.056500 0.128500 0.124500 0.144300 0.193200 0.156100 0.180500 0.212800 0.048600 0.185000 0.102000 0.056700 0.171500 0.196800 0.056500 0.125700 0.139600 0.185800 0.187100 0.195600 0.162600 0.127500 0.177700 0.123700 0.090500 0.137500 0.056500 0.109900 0.120900 0.183600 0.162300 0.125600 0.146000 0.200200 0.127000 0.191900 0.134600 0.101100 0.160300 0.254000 0.191100 0.215100
MaxwellsDu 0.091800 0.538800 0.095800 0.358500 0.033300 0.108800 0.000000 0.092700 0.104200 0.101200 0.067200 0.059500 0.101100 0.049600 0.130700 0.059000 0.130600 0.162000 0.059000 0.103900 0.025000 0.050200 0.092500 0.144600 0.067100 0.032700 0.116600 0.104400 0.090900 0.122500 0.101400 0.032500 0.144300 0.100500 0.084300 0.059200 0.067200 0.033300 0.042500 0.111300 0.083800 0.032700 0.084800 0.127700 0.067400 0.111300 0.075000 0.040200 0.078800 0.174100 0.119700 0.132000
GazellaPrz 0.154000 0.601500 0.131500 0.389300 0.075900 0.171500 0.092700 0.000000 0.139900 0.127800 0.110700 0.103400 0.164800 0.110100 0.138000 0.120900 0.155600 0.206800 0.120600 0.139500 0.067900 0.111200 0.155100 0.190100 0.128800 0.092000 0.180200 0.140100 0.152700 0.158600 0.146500 0.093300 0.190000 0.163700 0.147500 0.084900 0.129000 0.075900 0.086100 0.148100 0.146200 0.109600 0.129800 0.173900 0.093000 0.163300 0.118800 0.084800 0.124300 0.181500 0.173900 0.168400
MountainNy 0.167400 0.533800 0.008400 0.353500 0.086800 0.185500 0.104200 0.139900 0.000000 0.140400 0.141800 0.096800 0.178700 0.103500 0.181200 0.133600 0.150400 0.183300 0.133200 0.016600 0.078700 0.123300 0.149700 0.184900 0.141600 0.103100 0.174500 0.016400 0.146600 0.032400 0.140600 0.104900 0.184200 0.157800 0.141400 0.096300 0.141800 0.086800 0.097700 0.151500 0.140400 0.103000 0.123600 0.168500 0.104600 0.160800 0.112300 0.096200 0.098600 0.214100 0.049700 0.042000
MuntiacusM 0.144900 0.623900 0.131900 0.419700 0.084800 0.162400 0.101200 0.127800 0.140400 0.000000 0.101900 0.094500 0.127400 0.119200 0.167400 0.111900 0.174400 0.187600 0.111600 0.140000 0.076400 0.102300 0.091100 0.106500 0.119800 0.100900 0.142900 0.140600 0.161900 0.159200 0.032100 0.093100 0.162300 0.126600 0.137600 0.085200 0.120000 0.084800 0.095300 0.074200 0.065500 0.118800 0.015500 0.090200 0.093400 0.146400 0.127300 0.075700 0.124700 0.173500 0.155600 0.159700
goat 0.040100 0.577500 0.133200 0.424900 0.067900 0.056500 0.067200 0.110700 0.141800 0.101900 0.000000 0.095400 0.083300 0.102200 0.149700 0.113000 0.166600 0.199300 0.007900 0.141400 0.059800 0.016300 0.128900 0.163200 0.015600 0.066700 0.098900 0.142000 0.144800 0.160700 0.120200 0.085300 0.144400 0.082800 0.049500 0.094800 0.015500 0.067900 0.078000 0.149200 0.119900 0.084100 0.103400 0.166000 0.103000 0.148700 0.092900 0.059200 0.116200 0.192900 0.157000 0.170700
AfricanBuf 0.120600 0.569600 0.088200 0.378600 0.042600 0.128500 0.059500 0.103400 0.096800 0.094500 0.095400 0.000000 0.131000 0.076900 0.142600 0.087100 0.133100 0.165900 0.086900 0.096700 0.034300 0.077600 0.121800 0.128900 0.095200 0.076600 0.146900 0.097000 0.119600 0.106100 0.094600 0.059900 0.147200 0.130200 0.113700 0.051400 0.095400 0.042600 0.052200 0.095700 0.094500 0.076500 0.077800 0.112400 0.059400 0.122600 0.085600 0.051400 0.089600 0.186400 0.122100 0.124900
Topi 0.107700 0.596200 0.170200 0.482400 0.102600 0.124500 0.101100 0.164800 0.178700 0.127400 0.083300 0.131000 0.000000 0.137400 0.186500 0.139900 0.182700 0.195500 0.075200 0.168800 0.094100 0.083600 0.155700 0.209700 0.083200 0.118700 0.030000 0.178900 0.152500 0.198200 0.127600 0.101500 0.179800 0.031600 0.065400 0.111700 0.083300 0.102600 0.113500 0.175700 0.146500 0.118700 0.129300 0.192300 0.119800 0.165500 0.126900 0.093300 0.133500 0.228000 0.164000 0.187900
CommonDuik 0.127000 0.601300 0.095200 0.394400 0.050200 0.144300 0.049600 0.110100 0.103500 0.119200 0.102200 0.076900 0.137400 0.000000 0.149100 0.094200 0.129900 0.144300 0.093900 0.103200 0.042100 0.084700 0.146800 0.162400 0.102100 0.066200 0.116300 0.103700 0.108000 0.121700 0.119400 0.033100 0.162100 0.118100 0.120400 0.076500 0.102200 0.050200 0.059800 0.129800 0.119300 0.066200 0.102800 0.146300 0.084600 0.129000 0.057700 0.041800 0.096800 0.172900 0.137100 0.131200
Suni 0.175200 0.585800 0.172600 0.472300 0.113300 0.193200 0.130700 0.138000 0.181200 0.167400 0.149700 0.142600 0.186500 0.149100 0.000000 0.161000 0.214300 0.248100 0.141300 0.180800 0.105300 0.131400 0.176600 0.232500 0.149600 0.148300 0.202100 0.181600 0.154400 0.201100 0.167500 0.131600 0.202700 0.185500 0.168900 0.141900 0.149800 0.113300 0.124700 0.198900 0.167400 0.148300 0.150700 0.215900 0.150100 0.199000 0.158100 0.104300 0.165700 0.231700 0.216200 0.191500
Springbuck 0.138200 0.618200 0.125000 0.388600 0.059700 0.156100 0.059000 0.120900 0.133600 0.111900 0.113000 0.087100 0.139900 0.094200 0.161000 0.000000 0.159000 0.191900 0.104500 0.133200 0.051500 0.095100 0.120700 0.136600 0.112800 0.075900 0.155600 0.133800 0.082800 0.152600 0.112100 0.077200 0.174100 0.139000 0.122500 0.086700 0.113000 0.059700 0.069700 0.122400 0.093700 0.075900 0.095300 0.139100 0.095000 0.140400 0.102900 0.068700 0.107800 0.185200 0.168200 0.162600
Okapi 0.190800 0.618700 0.160600 0.393000 0.114300 0.180500 0.130600 0.155600 0.150400 0.174400 0.166600 0.133100 0.182700 0.129900 0.214300 0.159000 0.000000 0.065300 0.158500 0.168500 0.106800 0.149100 0.202200 0.198200 0.166400 0.129400 0.160900 0.168900 0.152700 0.168100 0.156600 0.131400 0.188100 0.145300 0.184900 0.141100 0.166600 0.114300 0.125000 0.166800 0.156500 0.129300 0.158600 0.182700 0.148900 0.193700 0.120700 0.123200 0.163100 0.187700 0.182600 0.196700
Giraffe 0.223400 0.704700 0.194000 0.454400 0.146400 0.212800 0.162000 0.206800 0.183300 0.187600 0.199300 0.165900 0.195500 0.144300 0.248100 0.191900 0.065300 0.000000 0.191400 0.201700 0.138400 0.181600 0.216200 0.203100 0.199200 0.161300 0.173700 0.202300 0.184500 0.201400 0.170000 0.145100 0.202400 0.158600 0.216900 0.155500 0.199300 0.146400 0.157700 0.180200 0.170700 0.161200 0.172200 0.169000 0.163100 0.217600 0.151700 0.154700 0.177700 0.219500 0.215400 0.210900
TibetanAnt 0.030800 0.565100 0.124600 0.414700 0.059500 0.048600 0.059000 0.120600 0.133200 0.111600 0.007900 0.086900 0.075200 0.093900 0.141300 0.104500 0.158500 0.191400 0.000000 0.132800 0.051400 0.008200 0.120600 0.154900 0.007900 0.075900 0.090800 0.133400 0.136600 0.152200 0.111800 0.077000 0.136200 0.074700 0.041400 0.086400 0.007900 0.059500 0.069500 0.140800 0.111600 0.075800 0.095000 0.157600 0.094700 0.140200 0.084600 0.050900 0.107500 0.203600 0.148600 0.162100
Sitatunga 0.166900 0.531300 0.008300 0.376900 0.086600 0.185000 0.103900 0.139500 0.016600 0.140000 0.141400 0.096700 0.168800 0.103200 0.180800 0.133200 0.168500 0.201700 0.132800 0.000000 0.078500 0.123000 0.149500 0.185000 0.141200 0.102800 0.174100 0.016700 0.146300 0.033600 0.140200 0.104600 0.184000 0.157400 0.141000 0.096000 0.141400 0.086600 0.097400 0.151500 0.140200 0.102700 0.123300 0.168500 0.104300 0.160300 0.112200 0.095900 0.098300 0.213600 0.041200 0.042100
Oribi 0.084800 0.539000 0.070200 0.356200 0.008400 0.102000 0.025000 0.067900 0.078700 0.076400 0.059800 0.034300 0.094100 0.042100 0.105300 0.051500 0.106800 0.138400 0.051400 0.078500 0.000000 0.042500 0.103700 0.119800 0.059700 0.041900 0.110000 0.078900 0.084100 0.096900 0.075400 0.024300 0.119600 0.093500 0.077100 0.034100 0.059800 0.008400 0.017100 0.086200 0.076800 0.041900 0.059800 0.102800 0.042400 0.086300 0.050300 0.016800 0.053000 0.150000 0.112900 0.106400
BarbaryShe 0.040400 0.580600 0.114800 0.400100 0.050600 0.056700 0.050200 0.111200 0.123300 0.102300 0.016300 0.077600 0.083600 0.084700 0.131400 0.095100 0.149100 0.181600 0.008200 0.123000 0.042500 0.000000 0.111000 0.145200 0.016300 0.066900 0.099300 0.123500 0.127100 0.142000 0.102400 0.067900 0.126700 0.083100 0.049700 0.077200 0.016300 0.050600 0.060400 0.130900 0.102200 0.066900 0.085700 0.147600 0.085400 0.130400 0.075600 0.042100 0.097700 0.193600 0.138800 0.151800
Daviddeer 0.153900 0.599900 0.141300 0.401800 0.111600 0.171500 0.092500 0.155100 0.149700 0.091100 0.128900 0.121800 0.155700 0.146800 0.176600 0.120700 0.202200 0.216200 0.120600 0.149500 0.103700 0.111000 0.000000 0.132700 0.128800 0.109400 0.171100 0.150000 0.170700 0.168800 0.091200 0.120700 0.190300 0.154700 0.147500 0.112200 0.128900 0.111600 0.122800 0.100700 0.056600 0.109400 0.075000 0.116800 0.120300 0.194800 0.136900 0.102700 0.134200 0.210600 0.164800 0.169300
Reindeer 0.188100 0.693400 0.176600 0.446600 0.127500 0.196800 0.144600 0.190100 0.184900 0.106500 0.163200 0.128900 0.209700 0.162400 0.232500 0.136600 0.198200 0.203100 0.154900 0.185000 0.119800 0.145200 0.132700 0.000000 0.162900 0.161900 0.224900 0.185200 0.205600 0.184100 0.106700 0.136600 0.186100 0.208400 0.181900 0.128200 0.163200 0.127500 0.120500 0.081400 0.106600 0.161800 0.090600 0.047300 0.136200 0.190800 0.134100 0.136900 0.169900 0.215500 0.199100 0.204900
Ibex 0.040100 0.575800 0.133100 0.423400 0.067800 0.056500 0.067100 0.128800 0.141600 0.119800 0.015600 0.095200 0.083200 0.102100 0.149600 0.112800 0.166400 0.199200 0.007900 0.141200 0.059700 0.016300 0.128800 0.162900 0.000000 0.084000 0.098800 0.141800 0.144700 0.160600 0.120000 0.085200 0.144200 0.082700 0.049500 0.094700 0.016100 0.067800 0.077900 0.149100 0.119800 0.084000 0.103300 0.165800 0.102900 0.148400 0.092800 0.059200 0.116000 0.211500 0.156900 0.170500
GyrantGaze 0.108700 0.564500 0.094700 0.344600 0.050000 0.125700 0.032700 0.092000 0.103100 0.100900 0.066700 0.076600 0.118700 0.066200 0.148300 0.075900 0.129400 0.161300 0.075900 0.102800 0.041900 0.066900 0.109400 0.161900 0.084000 0.000000 0.116100 0.103200 0.090100 0.121100 0.119000 0.067100 0.161800 0.100000 0.101800 0.076200 0.084100 0.050000 0.059600 0.129200 0.100700 0.016000 0.102500 0.145700 0.084400 0.128600 0.074600 0.058700 0.096500 0.154600 0.118400 0.130700
Hartebeest 0.122900 0.613100 0.166200 0.486700 0.118300 0.139600 0.116600 0.180200 0.174500 0.142900 0.098900 0.146900 0.030000 0.116300 0.202100 0.155600 0.160900 0.173700 0.090800 0.174100 0.110000 0.099300 0.171100 0.224900 0.098800 0.116100 0.000000 0.174800 0.149200 0.193600 0.143100 0.117100 0.185700 0.015300 0.080900 0.127400 0.098900 0.118300 0.129500 0.191200 0.161900 0.116100 0.145000 0.207600 0.135400 0.180900 0.106400 0.109000 0.149500 0.223100 0.170400 0.183600
Bongo 0.167600 0.519600 0.008400 0.366900 0.087000 0.185800 0.104400 0.140100 0.016400 0.140600 0.142000 0.097000 0.178900 0.103700 0.181600 0.133800 0.168900 0.202300 0.133400 0.016700 0.078900 0.123500 0.150000 0.185200 0.141800 0.103200 0.174800 0.000000 0.146900 0.033500 0.140800 0.105100 0.184500 0.158100 0.141600 0.096500 0.142000 0.087000 0.097800 0.151800 0.140600 0.103200 0.123800 0.168800 0.104800 0.161000 0.112500 0.096300 0.098800 0.214300 0.049800 0.041000
Gerenuk 0.169500 0.628900 0.138400 0.419600 0.091900 0.187100 0.090900 0.152700 0.146600 0.161900 0.144800 0.119600 0.152500 0.108000 0.154400 0.082800 0.152700 0.184500 0.136600 0.146300 0.084100 0.127100 0.170700 0.205600 0.144700 0.090100 0.149200 0.146900 0.000000 0.165200 0.162200 0.109400 0.196100 0.133200 0.154500 0.119000 0.144800 0.091900 0.102400 0.173100 0.125000 0.090000 0.145700 0.189500 0.127000 0.172100 0.098800 0.101000 0.140800 0.195900 0.180100 0.174900
CommonElan 0.186500 0.557300 0.025300 0.389700 0.105000 0.195600 0.122500 0.158600 0.032400 0.159200 0.160700 0.106100 0.198200 0.121700 0.201100 0.152600 0.168100 0.201400 0.152200 0.033600 0.096900 0.142000 0.168800 0.184100 0.160600 0.121100 0.193600 0.033500 0.165200 0.000000 0.159400 0.123400 0.183500 0.176900 0.160300 0.114700 0.160700 0.105000 0.116300 0.151000 0.159200 0.121100 0.142400 0.167800 0.123000 0.179900 0.130600 0.114500 0.117500 0.233200 0.049500 0.057700
MuntiacusR 0.145100 0.621300 0.132100 0.404500 0.084900 0.162600 0.101400 0.146500 0.140600 0.032100 0.120200 0.094600 0.127600 0.119400 0.167500 0.112100 0.156600 0.170000 0.111800 0.140200 0.075400 0.102400 0.091200 0.106700 0.120000 0.119000 0.143100 0.140800 0.162200 0.159400 0.000000 0.093300 0.162500 0.126800 0.137800 0.085400 0.120200 0.084900 0.095500 0.074400 0.048800 0.119000 0.031300 0.090400 0.093500 0.166400 0.127500 0.075900 0.115800 0.192100 0.155800 0.159800
HarveysDui 0.110200 0.576400 0.096400 0.385400 0.033500 0.127500 0.032500 0.093300 0.104900 0.093100 0.085300 0.059900 0.101500 0.033100 0.131600 0.077200 0.131400 0.145100 0.077000 0.104600 0.024300 0.067900 0.120700 0.136600 0.085200 0.067100 0.117100 0.105100 0.109400 0.123400 0.093300 0.000000 0.126700 0.100900 0.102800 0.042100 0.085300 0.033500 0.042800 0.103200 0.093700 0.067100 0.076700 0.119700 0.050300 0.112000 0.075500 0.024300 0.061100 0.156600 0.139000 0.113900
Pronghorn 0.169100 0.632400 0.175900 0.459900 0.127300 0.177700 0.144300 0.190000 0.184200 0.162300 0.144400 0.147200 0.179800 0.162100 0.202700 0.174100 0.188100 0.202400 0.136200 0.184000 0.119600 0.126700 0.190300 0.186100 0.144200 0.161800 0.185700 0.184500 0.196100 0.183500 0.162500 0.126700 0.000000 0.169500 0.162800 0.136600 0.144400 0.127300 0.138800 0.172900 0.162200 0.161700 0.145900 0.189300 0.144600 0.162800 0.152200 0.118600 0.159000 0.213300 0.198500 0.193300
BlueWildeb 0.107000 0.591400 0.149500 0.467000 0.101900 0.123700 0.100500 0.163700 0.157800 0.126600 0.082800 0.130200 0.031600 0.118100 0.185500 0.139000 0.145300 0.158600 0.074700 0.157400 0.093500 0.083100 0.154700 0.208400 0.082700 0.100000 0.015300 0.158100 0.133200 0.176900 0.126800 0.100900 0.169500 0.000000 0.065000 0.111000 0.082800 0.101900 0.112800 0.174600 0.145600 0.099900 0.128500 0.191200 0.119100 0.183800 0.108100 0.092700 0.132600 0.207200 0.154000 0.167000
Gemsbok 0.073800 0.536600 0.132900 0.461300 0.085600 0.090500 0.084300 0.147500 0.141400 0.137600 0.049500 0.113700 0.065400 0.120400 0.168900 0.122500 0.184900 0.216900 0.041400 0.141000 0.077100 0.049700 0.147500 0.181900 0.049500 0.101800 0.080900 0.141600 0.154500 0.160300 0.137800 0.102800 0.162800 0.065000 0.000000 0.113100 0.049500 0.085600 0.096200 0.148200 0.138300 0.101700 0.121100 0.164800 0.121300 0.167500 0.110200 0.076400 0.135300 0.230800 0.156600 0.170300
Yak 0.120000 0.567600 0.087800 0.376800 0.042300 0.137500 0.059200 0.084900 0.096300 0.085200 0.094800 0.051400 0.111700 0.076500 0.141900 0.086700 0.141100 0.155500 0.086400 0.096000 0.034100 0.077200 0.112200 0.128200 0.094700 0.076200 0.127400 0.096500 0.119000 0.114700 0.085400 0.042100 0.136600 0.111000 0.113100 0.000000 0.094800 0.042300 0.051900 0.095200 0.085300 0.076200 0.068600 0.111800 0.008200 0.121900 0.085100 0.051100 0.070500 0.148200 0.130500 0.105300
BlueSheep 0.040100 0.577600 0.133200 0.424900 0.067900 0.056500 0.067200 0.129000 0.141800 0.120000 0.015500 0.095400 0.083300 0.102200 0.149800 0.113000 0.166600 0.199300 0.007900 0.141400 0.059800 0.016300 0.128900 0.163200 0.016100 0.084100 0.098900 0.142000 0.144800 0.160700 0.120200 0.085300 0.144400 0.082800 0.049500 0.094800 0.000000 0.067900 0.078000 0.149300 0.120000 0.084100 0.103400 0.166000 0.103100 0.148700 0.092900 0.059200 0.116200 0.211800 0.157000 0.170700
BohorReedb 0.092700 0.549000 0.078400 0.364000 0.000000 0.109900 0.033300 0.075900 0.086800 0.084800 0.067900 0.042600 0.102600 0.050200 0.113300 0.059700 0.114300 0.146400 0.059500 0.086600 0.008400 0.050600 0.111600 0.127500 0.067800 0.050000 0.118300 0.087000 0.091900 0.105000 0.084900 0.033500 0.127300 0.101900 0.085600 0.042300 0.067900 0.000000 0.025500 0.094600 0.084800 0.050000 0.068200 0.111200 0.050600 0.094300 0.058600 0.025200 0.061300 0.157400 0.120800 0.114400
KirksDik 0.103400 0.579000 0.089000 0.383700 0.025500 0.120900 0.042500 0.086100 0.097700 0.095300 0.078000 0.052200 0.113500 0.059800 0.124700 0.069700 0.125000 0.157700 0.069500 0.097400 0.017100 0.060400 0.122800 0.120500 0.077900 0.059600 0.129500 0.097800 0.102400 0.116300 0.095500 0.042800 0.138800 0.112800 0.096200 0.051900 0.078000 0.025500 0.000000 0.105500 0.095300 0.059600 0.078500 0.104000 0.060300 0.105100 0.068400 0.034300 0.071700 0.169300 0.132300 0.126000
RoeDeer 0.174700 0.611600 0.143000 0.435400 0.094600 0.183600 0.111300 0.148100 0.151500 0.074200 0.149200 0.095700 0.175700 0.129800 0.198900 0.122400 0.166800 0.180200 0.140800 0.151500 0.086200 0.130900 0.100700 0.081400 0.149100 0.129200 0.191200 0.151800 0.173100 0.151000 0.074400 0.103200 0.172900 0.174600 0.148200 0.095200 0.149300 0.094600 0.105500 0.000000 0.074700 0.129100 0.058100 0.048500 0.103400 0.168200 0.119400 0.103400 0.135800 0.203100 0.166400 0.171400
WhiteLippe 0.144800 0.617000 0.132000 0.390900 0.084800 0.162300 0.083800 0.146200 0.140400 0.065500 0.119900 0.094500 0.146500 0.119300 0.167400 0.093700 0.156500 0.170700 0.111600 0.140200 0.076800 0.102200 0.056600 0.106600 0.119800 0.100700 0.161900 0.140600 0.125000 0.159200 0.048800 0.093700 0.162200 0.145600 0.138300 0.085300 0.120000 0.084800 0.095300 0.074700 0.000000 0.100700 0.049400 0.090700 0.093400 0.166000 0.109800 0.076200 0.124800 0.191800 0.174400 0.159800
ThomsonGaz 0.108600 0.549200 0.094700 0.320600 0.050000 0.125600 0.032700 0.109600 0.103000 0.118800 0.084100 0.076500 0.118700 0.066200 0.148300 0.075900 0.129300 0.161200 0.075800 0.102700 0.041900 0.066900 0.109400 0.161800 0.084000 0.016000 0.116100 0.103200 0.090000 0.121100 0.119000 0.067100 0.161700 0.099900 0.101700 0.076200 0.084100 0.050000 0.059600 0.129100 0.100700 0.000000 0.102400 0.145700 0.084300 0.128600 0.074500 0.058700 0.096400 0.172400 0.118400 0.130600
MuntiacusC 0.128500 0.600600 0.115100 0.400700 0.068200 0.146000 0.084800 0.129800 0.123600 0.015500 0.103400 0.077800 0.129300 0.102800 0.150700 0.095300 0.158600 0.172200 0.095000 0.123300 0.059800 0.085700 0.075000 0.090600 0.103300 0.102500 0.145000 0.123800 0.145700 0.142400 0.031300 0.076700 0.145900 0.128500 0.121100 0.068600 0.103400 0.068200 0.078500 0.058100 0.049400 0.102400 0.000000 0.074300 0.076800 0.129900 0.111000 0.059300 0.107600 0.176000 0.158000 0.142900
WhiteTaile 0.191300 0.635100 0.160000 0.455500 0.111200 0.200200 0.127700 0.173900 0.168500 0.090200 0.166000 0.112400 0.192300 0.146300 0.215900 0.139100 0.182700 0.169000 0.157600 0.168500 0.102800 0.147600 0.116800 0.047300 0.165800 0.145700 0.207600 0.168800 0.189500 0.167800 0.090400 0.119700 0.189300 0.191200 0.164800 0.111800 0.166000 0.111200 0.104000 0.048500 0.090700 0.145700 0.074300 0.000000 0.120000 0.174400 0.135700 0.119900 0.153100 0.219200 0.183000 0.188500
Cattle 0.109800 0.579000 0.096100 0.386000 0.050600 0.127000 0.067400 0.093000 0.104600 0.093400 0.103000 0.059400 0.119800 0.084600 0.150100 0.095000 0.148900 0.163100 0.094700 0.104300 0.042400 0.085400 0.120300 0.136200 0.102900 0.084400 0.135400 0.104800 0.127000 0.123000 0.093500 0.050300 0.144600 0.119100 0.121300 0.008200 0.103100 0.050600 0.060300 0.103400 0.093400 0.084300 0.076800 0.120000 0.000000 0.130200 0.093300 0.059400 0.078900 0.155900 0.138600 0.113500
RoyalAntel 0.174000 0.602600 0.152200 0.432100 0.094300 0.191900 0.111300 0.163300 0.160800 0.146400 0.148700 0.122600 0.165500 0.129000 0.199000 0.140400 0.193700 0.217600 0.140200 0.160300 0.086300 0.130400 0.194800 0.190800 0.148400 0.128600 0.180900 0.161000 0.172100 0.179900 0.166400 0.112000 0.162800 0.183800 0.167500 0.121900 0.148700 0.094300 0.105100 0.168200 0.166000 0.128600 0.129900 0.174400 0.130200 0.000000 0.137800 0.103500 0.125000 0.220700 0.195500 0.190200
Steenbok 0.117500 0.615500 0.104000 0.405900 0.058600 0.134600 0.075000 0.118800 0.112300 0.127300 0.092900 0.085600 0.126900 0.057700 0.158100 0.102900 0.120700 0.151700 0.084600 0.112200 0.050300 0.075600 0.136900 0.134100 0.092800 0.074600 0.106400 0.112500 0.098800 0.130600 0.127500 0.075500 0.152200 0.108100 0.110200 0.085100 0.092900 0.058600 0.068400 0.119400 0.109800 0.074500 0.111000 0.135700 0.093300 0.137800 0.000000 0.067100 0.105800 0.181500 0.146000 0.140200
Impala 0.084100 0.563300 0.087700 0.376000 0.025200 0.101100 0.040200 0.084800 0.096200 0.075700 0.059200 0.051400 0.093300 0.041800 0.104300 0.068700 0.123200 0.154700 0.050900 0.095900 0.016800 0.042100 0.102700 0.136900 0.059200 0.058700 0.109000 0.096300 0.101000 0.114500 0.075900 0.024300 0.118600 0.092700 0.076400 0.051100 0.059200 0.025200 0.034300 0.103400 0.076200 0.058700 0.059300 0.119900 0.059400 0.103500 0.067100 0.000000 0.070600 0.166800 0.130300 0.124000
Klipspring 0.142100 0.525500 0.089900 0.386600 0.061300 0.160300 0.078800 0.124300 0.098600 0.124700 0.116200 0.089600 0.133500 0.096800 0.165700 0.107800 0.163100 0.177700 0.107500 0.098300 0.053000 0.097700 0.134200 0.169900 0.116000 0.096500 0.149500 0.098800 0.140800 0.117500 0.115800 0.061100 0.159000 0.132600 0.135300 0.070500 0.116200 0.061300 0.071700 0.135800 0.124800 0.096400 0.107600 0.153100 0.078900 0.125000 0.105800 0.070600 0.000000 0.189600 0.133500 0.098200
ForestMusk 0.236400 0.653000 0.205900 0.437400 0.157400 0.254000 0.174100 0.181500 0.214100 0.173500 0.192900 0.186400 0.228000 0.172900 0.231700 0.185200 0.187700 0.219500 0.203600 0.213600 0.150000 0.193600 0.210600 0.215500 0.211500 0.154600 0.223100 0.214300 0.195900 0.233200 0.192100 0.156600 0.213300 0.207200 0.230800 0.148200 0.211800 0.157400 0.169300 0.203100 0.191800 0.172400 0.176000 0.219200 0.155900 0.220700 0.181500 0.166800 0.189600 0.000000 0.247600 0.223000
Bushbuck 0.182300 0.546600 0.041500 0.417700 0.120800 0.191100 0.119700 0.173900 0.049700 0.155600 0.157000 0.122100 0.164000 0.137100 0.216200 0.168200 0.182600 0.215400 0.148600 0.041200 0.112900 0.138800 0.164800 0.199100 0.156900 0.118400 0.170400 0.049800 0.180100 0.049500 0.155800 0.139000 0.198500 0.154000 0.156600 0.130500 0.157000 0.120800 0.132300 0.166400 0.174400 0.118400 0.158000 0.183000 0.138600 0.195500 0.146000 0.130300 0.133500 0.247600 0.000000 0.075500
GreaterKud 0.196600 0.561900 0.033900 0.413900 0.114400 0.215100 0.132000 0.168400 0.042000 0.159700 0.170700 0.124900 0.187900 0.131200 0.191500 0.162600 0.196700 0.210900 0.162100 0.042100 0.106400 0.151800 0.169300 0.204900 0.170500 0.130700 0.183600 0.041000 0.174900 0.057700 0.159800 0.113900 0.193300 0.167000 0.170300 0.105300 0.170700 0.114400 0.126000 0.171400 0.159800 0.130600 0.142900 0.188500 0.113500 0.190200 0.140200 0.124000 0.098200 0.223000 0.075500 0.000000
