CODONML (in paml version 4.10.7, June 2023)  /home/rachel/ruminants_paml/6406-phy-tree/ENSBTAT00000003789.fasta.phy
Model: free dN/dS Ratios for branches,  kappa = 2.000 fixed

Codon frequency model: F3x4
ns =  54  ls =  92

Codon usage in sequences
--------------------------------------------------------------------------------------------------------------------------------------
Phe TTT   4   4   3   4   4   4 | Ser TCT   2   1   1   1   2   1 | Tyr TAT   3   3   3   3   4   3 | Cys TGT   1   1   1   1   1   1
    TTC   1   1   2   1   1   1 |     TCC   2   2   2   3   1   2 |     TAC   2   2   2   2   1   2 |     TGC   0   0   0   0   0   0
Leu TTA   4   5   4   3   5   5 |     TCA   2   2   3   2   2   2 | *** TAA   0   0   0   0   0   0 | *** TGA   0   0   0   0   0   0
    TTG   0   0   0   1   0   0 |     TCG   0   0   0   0   0   0 |     TAG   0   0   0   0   0   0 | Trp TGG   1   1   1   1   1   1
--------------------------------------------------------------------------------------------------------------------------------------
Leu CTT   2   2   2   2   2   2 | Pro CCT   1   1   1   1   1   1 | His CAT   1   1   1   1   1   1 | Arg CGT   0   0   0   0   0   0
    CTC   0   0   0   0   0   0 |     CCC   0   0   0   0   0   0 |     CAC   1   1   1   1   1   1 |     CGC   0   0   0   0   0   0
    CTA   0   0   0   0   0   0 |     CCA   1   2   2   2   2   2 | Gln CAA   3   2   3   3   2   2 |     CGA   1   1   1   1   1   1
    CTG   0   0   0   0   0   0 |     CCG   1   0   0   0   0   0 |     CAG   2   2   2   2   2   2 |     CGG   0   1   0   0   0   0
--------------------------------------------------------------------------------------------------------------------------------------
Ile ATT   4   4   4   4   5   4 | Thr ACT   0   1   0   0   0   0 | Asn AAT   1   1   1   1   1   1 | Ser AGT   0   1   1   1   1   1
    ATC   1   1   1   1   1   1 |     ACC   2   2   2   2   2   3 |     AAC   0   0   0   0   0   0 |     AGC   2   1   1   1   2   1
    ATA   1   1   1   1   0   1 |     ACA   4   3   3   3   3   2 | Lys AAA   3   2   3   3   3   2 | Arg AGA   0   0   0   0   0   0
Met ATG   2   2   2   2   2   2 |     ACG   0   1   1   1   1   2 |     AAG   5   5   5   5   5   6 |     AGG   2   1   2   2   2   2
--------------------------------------------------------------------------------------------------------------------------------------
Val GTT   3   3   3   3   4   3 | Ala GCT   0   0   1   0   0   0 | Asp GAT   4   5   5   4   4   5 | Gly GGT   1   1   0   0   0   1
    GTC   2   2   2   2   1   1 |     GCC   2   2   1   2   1   1 |     GAC   3   2   2   3   3   2 |     GGC   0   0   1   1   1   0
    GTA   3   3   2   2   3   3 |     GCA   1   1   1   1   1   1 | Glu GAA   7  10   6   7   8   8 |     GGA   0   0   0   0   0   0
    GTG   1   1   2   2   1   2 |     GCG   0   0   0   0   0   0 |     GAG   3   1   4   3   3   3 |     GGG   0   0   0   0   0   0
--------------------------------------------------------------------------------------------------------------------------------------

--------------------------------------------------------------------------------------------------------------------------------------
Phe TTT   4   4   4   4   3   4 | Ser TCT   1   2   1   1   1   1 | Tyr TAT   3   3   3   3   3   3 | Cys TGT   1   1   1   1   1   1
    TTC   1   1   1   1   2   1 |     TCC   2   2   2   2   2   2 |     TAC   2   2   2   2   2   2 |     TGC   0   0   0   0   0   0
Leu TTA   4   4   4   4   4   4 |     TCA   3   2   3   3   3   3 | *** TAA   0   0   0   0   0   0 | *** TGA   0   0   0   0   0   0
    TTG   0   0   0   0   0   0 |     TCG   0   0   0   0   0   0 |     TAG   0   0   0   0   0   0 | Trp TGG   1   1   1   1   1   1
--------------------------------------------------------------------------------------------------------------------------------------
Leu CTT   2   2   2   2   2   2 | Pro CCT   1   1   1   1   1   1 | His CAT   1   1   1   1   1   1 | Arg CGT   0   0   0   0   0   0
    CTC   0   0   0   0   0   0 |     CCC   0   0   0   0   0   0 |     CAC   1   1   1   1   1   1 |     CGC   0   0   0   0   0   0
    CTA   0   0   0   0   0   0 |     CCA   2   1   2   2   2   2 | Gln CAA   3   3   3   3   3   2 |     CGA   1   1   1   1   1   1
    CTG   0   0   0   0   0   0 |     CCG   0   1   0   0   0   0 |     CAG   2   2   2   2   2   2 |     CGG   0   0   0   0   0   0
--------------------------------------------------------------------------------------------------------------------------------------
Ile ATT   4   4   4   4   4   4 | Thr ACT   0   0   0   0   0   0 | Asn AAT   1   1   1   1   1   1 | Ser AGT   1   0   1   1   1   1
    ATC   1   1   1   1   1   1 |     ACC   2   2   2   2   2   2 |     AAC   0   0   0   0   0   0 |     AGC   1   2   1   1   1   1
    ATA   1   1   1   1   1   1 |     ACA   4   4   4   4   3   4 | Lys AAA   3   3   3   3   3   3 | Arg AGA   0   0   0   0   0   0
Met ATG   2   2   2   2   2   2 |     ACG   0   0   0   0   1   0 |     AAG   5   5   5   5   5   5 |     AGG   2   2   2   2   2   2
--------------------------------------------------------------------------------------------------------------------------------------
Val GTT   3   3   3   3   3   3 | Ala GCT   0   0   0   1   1   0 | Asp GAT   5   4   5   5   5   4 | Gly GGT   0   1   0   0   0   0
    GTC   2   2   3   3   2   2 |     GCC   2   2   2   1   1   2 |     GAC   2   3   2   2   2   3 |     GGC   1   0   1   1   1   1
    GTA   3   3   2   2   2   3 |     GCA   1   1   1   1   1   1 | Glu GAA   7   7   7   7   6   8 |     GGA   0   0   0   0   0   0
    GTG   1   1   1   1   2   1 |     GCG   0   0   0   0   0   0 |     GAG   3   3   3   3   4   3 |     GGG   0   0   0   0   0   0
--------------------------------------------------------------------------------------------------------------------------------------

--------------------------------------------------------------------------------------------------------------------------------------
Phe TTT   4   3   4   4   3   4 | Ser TCT   2   1   2   1   1   1 | Tyr TAT   3   3   3   3   2   3 | Cys TGT   1   1   1   1   1   1
    TTC   1   2   1   1   2   1 |     TCC   2   2   2   2   2   2 |     TAC   2   2   2   2   3   2 |     TGC   0   0   0   0   0   0
Leu TTA   4   4   4   4   3   4 |     TCA   2   3   2   3   3   3 | *** TAA   0   0   0   0   0   0 | *** TGA   0   0   0   0   0   0
    TTG   0   0   0   0   1   0 |     TCG   0   0   0   0   0   0 |     TAG   0   0   0   0   0   0 | Trp TGG   1   1   1   1   1   1
--------------------------------------------------------------------------------------------------------------------------------------
Leu CTT   2   2   2   2   2   2 | Pro CCT   1   1   1   1   1   1 | His CAT   1   1   1   1   1   1 | Arg CGT   0   0   0   0   0   0
    CTC   0   0   0   0   0   0 |     CCC   0   0   0   0   0   0 |     CAC   1   1   1   1   1   1 |     CGC   0   0   0   0   0   0
    CTA   0   0   0   0   0   0 |     CCA   1   2   1   2   2   2 | Gln CAA   3   3   3   3   3   2 |     CGA   1   1   1   1   1   1
    CTG   0   0   0   0   0   0 |     CCG   1   0   1   0   0   0 |     CAG   2   2   2   2   2   3 |     CGG   0   0   0   0   0   0
--------------------------------------------------------------------------------------------------------------------------------------
Ile ATT   4   4   4   4   4   4 | Thr ACT   0   0   0   0   0   0 | Asn AAT   1   1   1   1   1   1 | Ser AGT   0   1   0   1   1   1
    ATC   1   1   1   1   1   1 |     ACC   2   2   2   2   2   2 |     AAC   0   0   0   0   0   0 |     AGC   2   1   2   1   1   1
    ATA   1   1   1   1   1   1 |     ACA   4   3   4   4   3   4 | Lys AAA   3   3   3   3   3   3 | Arg AGA   0   0   0   0   0   0
Met ATG   2   2   2   2   2   2 |     ACG   0   1   0   0   0   0 |     AAG   5   5   5   5   5   5 |     AGG   2   2   2   2   2   2
--------------------------------------------------------------------------------------------------------------------------------------
Val GTT   3   4   2   3   4   3 | Ala GCT   0   0   0   0   1   0 | Asp GAT   4   5   4   5   5   5 | Gly GGT   0   0   0   0   0   0
    GTC   2   1   3   3   1   3 |     GCC   2   2   2   2   1   2 |     GAC   3   2   3   2   2   2 |     GGC   1   1   1   1   1   1
    GTA   3   3   3   2   3   2 |     GCA   1   1   1   1   2   1 | Glu GAA   7   6   7   7   7   7 |     GGA   0   0   0   0   0   0
    GTG   1   1   1   1   1   1 |     GCG   0   0   0   0   0   0 |     GAG   3   4   3   3   3   3 |     GGG   0   0   0   0   0   0
--------------------------------------------------------------------------------------------------------------------------------------

--------------------------------------------------------------------------------------------------------------------------------------
Phe TTT   4   4   4   3   4   4 | Ser TCT   1   1   2   1   1   2 | Tyr TAT   3   2   3   3   3   3 | Cys TGT   1   1   1   1   1   1
    TTC   1   1   1   2   1   1 |     TCC   2   2   2   2   2   2 |     TAC   2   3   2   2   2   2 |     TGC   0   0   0   0   0   0
Leu TTA   3   4   4   4   4   4 |     TCA   3   3   2   3   3   2 | *** TAA   0   0   0   0   0   0 | *** TGA   0   0   0   0   0   0
    TTG   1   0   0   0   0   0 |     TCG   0   0   0   0   0   0 |     TAG   0   0   0   0   0   0 | Trp TGG   1   1   1   1   1   1
--------------------------------------------------------------------------------------------------------------------------------------
Leu CTT   2   2   2   2   2   2 | Pro CCT   1   1   1   1   1   1 | His CAT   1   1   1   1   1   1 | Arg CGT   0   0   0   0   0   0
    CTC   0   0   0   0   0   0 |     CCC   0   0   0   0   0   0 |     CAC   1   1   1   1   1   1 |     CGC   0   0   0   0   0   0
    CTA   0   0   0   0   0   0 |     CCA   2   2   1   2   2   1 | Gln CAA   2   2   2   3   2   3 |     CGA   1   1   1   1   1   1
    CTG   0   0   0   0   0   0 |     CCG   0   0   1   0   0   1 |     CAG   2   2   3   2   3   2 |     CGG   0   0   0   0   0   0
--------------------------------------------------------------------------------------------------------------------------------------
Ile ATT   4   4   4   4   4   4 | Thr ACT   1   1   0   0   0   0 | Asn AAT   1   1   1   1   1   1 | Ser AGT   1   1   0   1   1   0
    ATC   1   1   1   1   1   1 |     ACC   2   2   2   2   2   2 |     AAC   0   0   0   0   0   0 |     AGC   1   1   2   1   1   2
    ATA   1   1   1   1   1   1 |     ACA   2   2   4   3   4   4 | Lys AAA   3   3   3   3   3   3 | Arg AGA   0   0   0   0   0   0
Met ATG   2   2   2   2   2   2 |     ACG   0   0   0   1   0   0 |     AAG   5   5   5   5   5   5 |     AGG   2   2   2   2   2   2
--------------------------------------------------------------------------------------------------------------------------------------
Val GTT   3   4   3   3   3   3 | Ala GCT   0   1   0   1   0   0 | Asp GAT   5   5   4   5   5   4 | Gly GGT   0   1   0   1   0   1
    GTC   2   1   2   2   3   2 |     GCC   2   1   2   1   2   2 |     GAC   2   2   3   2   2   3 |     GGC   1   0   1   0   1   0
    GTA   3   3   3   2   2   2 |     GCA   2   2   1   1   1   1 | Glu GAA   8   8   7   6   7   7 |     GGA   0   0   0   0   0   0
    GTG   1   1   1   2   1   2 |     GCG   0   0   0   0   0   0 |     GAG   3   3   3   4   3   3 |     GGG   0   0   0   0   0   0
--------------------------------------------------------------------------------------------------------------------------------------

--------------------------------------------------------------------------------------------------------------------------------------
Phe TTT   4   4   4   4   4   3 | Ser TCT   1   1   2   1   2   1 | Tyr TAT   3   3   4   3   3   3 | Cys TGT   1   1   1   1   1   1
    TTC   1   1   1   1   1   2 |     TCC   2   2   2   2   2   2 |     TAC   2   2   1   2   2   2 |     TGC   0   0   0   0   0   0
Leu TTA   3   4   4   4   4   4 |     TCA   3   3   2   3   2   3 | *** TAA   0   0   0   0   0   0 | *** TGA   0   0   0   0   0   0
    TTG   1   0   0   0   0   0 |     TCG   0   0   0   0   0   0 |     TAG   0   0   0   0   0   0 | Trp TGG   1   1   1   1   1   1
--------------------------------------------------------------------------------------------------------------------------------------
Leu CTT   2   2   2   2   2   2 | Pro CCT   1   1   1   1   1   1 | His CAT   1   1   1   1   1   1 | Arg CGT   0   0   0   0   0   0
    CTC   0   0   0   0   0   0 |     CCC   0   0   0   0   0   0 |     CAC   1   1   1   1   1   1 |     CGC   0   0   0   0   0   0
    CTA   0   0   0   0   0   0 |     CCA   2   2   1   2   1   2 | Gln CAA   2   2   3   2   3   3 |     CGA   1   1   1   1   1   1
    CTG   0   0   0   0   0   0 |     CCG   0   0   1   0   1   0 |     CAG   2   2   2   3   2   2 |     CGG   0   0   0   0   0   0
--------------------------------------------------------------------------------------------------------------------------------------
Ile ATT   4   4   4   4   4   4 | Thr ACT   0   0   0   0   1   0 | Asn AAT   1   1   1   1   1   1 | Ser AGT   1   1   0   1   0   1
    ATC   1   1   1   1   1   1 |     ACC   2   2   2   2   2   2 |     AAC   0   0   0   0   0   0 |     AGC   1   1   2   1   2   1
    ATA   1   1   1   1   1   1 |     ACA   4   4   4   4   3   3 | Lys AAA   3   4   3   3   3   3 | Arg AGA   0   0   0   0   0   0
Met ATG   2   2   2   2   2   2 |     ACG   0   0   0   0   0   1 |     AAG   5   4   5   5   5   5 |     AGG   2   2   2   2   2   2
--------------------------------------------------------------------------------------------------------------------------------------
Val GTT   3   3   3   3   2   3 | Ala GCT   0   0   0   0   0   1 | Asp GAT   4   5   4   5   4   5 | Gly GGT   0   0   0   0   0   0
    GTC   2   2   2   3   3   2 |     GCC   2   2   2   2   2   1 |     GAC   3   2   3   2   3   2 |     GGC   1   1   1   1   1   1
    GTA   3   3   3   2   3   2 |     GCA   1   1   1   1   1   1 | Glu GAA   8   8   7   6   7   6 |     GGA   0   0   0   0   0   0
    GTG   1   1   1   1   1   2 |     GCG   0   0   0   0   0   0 |     GAG   3   3   3   4   3   4 |     GGG   0   0   0   0   0   0
--------------------------------------------------------------------------------------------------------------------------------------

--------------------------------------------------------------------------------------------------------------------------------------
Phe TTT   4   3   4   4   4   4 | Ser TCT   1   1   1   1   1   2 | Tyr TAT   3   3   3   3   3   3 | Cys TGT   1   1   1   1   1   1
    TTC   1   2   1   1   1   1 |     TCC   2   2   2   2   2   2 |     TAC   2   2   2   2   2   2 |     TGC   0   0   0   0   0   0
Leu TTA   4   4   4   4   4   4 |     TCA   3   3   3   3   3   2 | *** TAA   0   0   0   0   0   0 | *** TGA   0   0   0   0   0   0
    TTG   0   0   0   0   0   0 |     TCG   0   0   0   0   0   0 |     TAG   0   0   0   0   0   0 | Trp TGG   1   1   1   1   1   1
--------------------------------------------------------------------------------------------------------------------------------------
Leu CTT   2   2   2   2   2   2 | Pro CCT   1   1   1   1   1   1 | His CAT   1   1   1   1   1   1 | Arg CGT   0   0   0   0   0   0
    CTC   0   0   0   0   0   0 |     CCC   1   0   0   0   0   0 |     CAC   1   1   1   1   1   1 |     CGC   0   0   0   0   0   0
    CTA   0   0   0   0   0   0 |     CCA   1   2   2   2   2   1 | Gln CAA   2   3   2   3   2   3 |     CGA   1   1   1   1   1   1
    CTG   0   0   0   0   0   0 |     CCG   0   0   0   0   0   1 |     CAG   3   2   2   2   2   2 |     CGG   0   0   0   0   0   0
--------------------------------------------------------------------------------------------------------------------------------------
Ile ATT   5   4   4   4   4   4 | Thr ACT   0   0   0   0   0   0 | Asn AAT   1   1   1   1   1   1 | Ser AGT   1   1   1   1   1   0
    ATC   0   1   1   1   1   1 |     ACC   2   2   2   2   2   2 |     AAC   0   0   0   0   0   0 |     AGC   1   1   1   1   1   2
    ATA   1   1   1   1   1   1 |     ACA   4   3   4   4   3   4 | Lys AAA   3   3   3   3   3   3 | Arg AGA   1   0   0   0   0   0
Met ATG   2   2   2   2   2   2 |     ACG   0   1   0   0   0   0 |     AAG   5   5   5   5   5   5 |     AGG   1   2   2   2   2   2
--------------------------------------------------------------------------------------------------------------------------------------
Val GTT   3   3   3   3   3   2 | Ala GCT   0   0   0   0   0   0 | Asp GAT   5   5   4   5   5   4 | Gly GGT   0   0   0   0   0   0
    GTC   3   2   2   3   2   3 |     GCC   2   2   2   2   2   2 |     GAC   2   2   3   2   2   3 |     GGC   1   1   1   1   1   1
    GTA   2   2   3   2   3   3 |     GCA   1   1   1   1   2   1 | Glu GAA   7   6   8   7   8   7 |     GGA   0   0   0   0   0   0
    GTG   1   2   1   1   1   1 |     GCG   0   0   0   0   0   0 |     GAG   3   4   3   3   3   3 |     GGG   0   0   0   0   0   0
--------------------------------------------------------------------------------------------------------------------------------------

--------------------------------------------------------------------------------------------------------------------------------------
Phe TTT   4   3   4   4   4   4 | Ser TCT   2   1   2   1   1   1 | Tyr TAT   3   3   3   3   3   3 | Cys TGT   1   1   1   1   1   1
    TTC   1   2   1   1   1   1 |     TCC   2   2   2   2   2   2 |     TAC   2   2   2   2   2   2 |     TGC   0   0   0   0   0   0
Leu TTA   4   4   4   4   4   4 |     TCA   2   3   2   3   3   3 | *** TAA   0   0   0   0   0   0 | *** TGA   0   0   0   0   0   0
    TTG   0   0   0   0   0   0 |     TCG   0   0   0   0   0   0 |     TAG   0   0   0   0   0   0 | Trp TGG   1   1   1   1   1   1
--------------------------------------------------------------------------------------------------------------------------------------
Leu CTT   2   2   2   2   2   2 | Pro CCT   1   1   1   1   1   1 | His CAT   1   1   1   1   1   1 | Arg CGT   0   0   0   0   0   0
    CTC   0   0   0   0   0   0 |     CCC   0   0   0   0   0   0 |     CAC   1   1   1   1   1   1 |     CGC   0   0   0   0   0   0
    CTA   0   0   0   0   0   0 |     CCA   1   2   1   2   2   2 | Gln CAA   3   3   3   3   2   2 |     CGA   1   1   1   1   1   1
    CTG   0   0   0   0   0   0 |     CCG   1   0   1   0   0   0 |     CAG   2   2   2   2   3   2 |     CGG   0   0   0   0   0   0
--------------------------------------------------------------------------------------------------------------------------------------
Ile ATT   4   4   4   4   4   5 | Thr ACT   0   0   0   0   0   0 | Asn AAT   1   1   1   1   1   1 | Ser AGT   0   1   0   1   1   1
    ATC   1   1   1   1   1   0 |     ACC   2   2   2   2   2   2 |     AAC   0   0   0   0   0   0 |     AGC   2   1   2   1   1   1
    ATA   1   1   1   1   1   1 |     ACA   4   3   4   4   4   4 | Lys AAA   3   3   3   3   2   4 | Arg AGA   0   0   0   0   1   0
Met ATG   2   2   2   2   2   2 |     ACG   0   1   0   0   0   0 |     AAG   5   5   5   5   5   4 |     AGG   2   2   2   2   2   2
--------------------------------------------------------------------------------------------------------------------------------------
Val GTT   2   3   3   4   2   3 | Ala GCT   0   0   0   0   0   0 | Asp GAT   4   5   4   5   5   5 | Gly GGT   0   0   0   0   0   0
    GTC   3   2   2   1   4   2 |     GCC   2   2   2   2   2   2 |     GAC   3   2   3   2   2   2 |     GGC   1   1   1   1   1   1
    GTA   3   3   3   3   2   3 |     GCA   1   1   1   1   1   1 | Glu GAA   7   6   7   7   6   7 |     GGA   0   0   0   0   0   0
    GTG   1   1   1   1   1   1 |     GCG   0   0   0   0   0   0 |     GAG   3   4   3   3   4   4 |     GGG   0   0   0   0   0   0
--------------------------------------------------------------------------------------------------------------------------------------

--------------------------------------------------------------------------------------------------------------------------------------
Phe TTT   4   4   4   4   3   3 | Ser TCT   1   1   1   1   1   1 | Tyr TAT   3   3   3   3   3   3 | Cys TGT   1   1   1   1   1   1
    TTC   1   1   1   1   2   2 |     TCC   2   2   2   2   2   2 |     TAC   2   2   2   2   2   2 |     TGC   0   0   0   0   0   0
Leu TTA   3   4   4   4   4   4 |     TCA   3   3   3   3   3   3 | *** TAA   0   0   0   0   0   0 | *** TGA   0   0   0   0   0   0
    TTG   1   0   0   0   0   0 |     TCG   0   0   0   0   0   0 |     TAG   0   0   0   0   0   0 | Trp TGG   1   1   1   1   1   1
--------------------------------------------------------------------------------------------------------------------------------------
Leu CTT   2   2   2   2   2   2 | Pro CCT   1   1   1   1   1   1 | His CAT   1   1   1   1   1   1 | Arg CGT   0   0   0   0   0   0
    CTC   0   0   0   0   0   0 |     CCC   0   0   0   0   0   0 |     CAC   1   1   1   1   1   1 |     CGC   0   0   0   0   0   0
    CTA   0   0   0   0   0   0 |     CCA   2   2   2   2   2   2 | Gln CAA   2   2   2   2   3   3 |     CGA   1   1   1   1   1   1
    CTG   0   0   0   0   0   0 |     CCG   0   0   0   0   0   0 |     CAG   2   3   2   2   2   2 |     CGG   0   0   0   0   0   0
--------------------------------------------------------------------------------------------------------------------------------------
Ile ATT   4   4   4   4   4   4 | Thr ACT   0   0   0   0   0   0 | Asn AAT   1   1   1   1   1   1 | Ser AGT   1   1   1   1   1   1
    ATC   1   1   1   1   1   1 |     ACC   2   2   2   2   2   2 |     AAC   0   0   0   0   0   0 |     AGC   1   1   1   1   1   1
    ATA   1   1   1   1   1   1 |     ACA   4   4   4   4   3   4 | Lys AAA   3   3   3   4   3   3 | Arg AGA   0   0   0   0   0   0
Met ATG   2   2   2   2   2   2 |     ACG   0   0   0   0   1   0 |     AAG   5   5   5   4   5   5 |     AGG   2   2   2   2   2   2
--------------------------------------------------------------------------------------------------------------------------------------
Val GTT   3   3   3   3   3   3 | Ala GCT   0   0   0   0   1   0 | Asp GAT   4   5   4   5   5   5 | Gly GGT   0   1   0   0   0   0
    GTC   2   3   2   2   2   2 |     GCC   2   2   2   2   1   2 |     GAC   3   2   3   2   2   2 |     GGC   1   0   1   1   1   1
    GTA   3   2   3   3   3   3 |     GCA   1   1   1   1   1   1 | Glu GAA   8   7   8   8   6   7 |     GGA   0   0   0   0   0   0
    GTG   1   1   1   1   1   1 |     GCG   0   0   0   0   0   0 |     GAG   3   3   3   3   4   3 |     GGG   0   0   0   0   0   0
--------------------------------------------------------------------------------------------------------------------------------------

--------------------------------------------------------------------------------------------------------------------------------------
Phe TTT   4   4   4   4   3   3 | Ser TCT   1   1   1   1   1   1 | Tyr TAT   3   3   3   3   3   3 | Cys TGT   1   1   1   1   1   1
    TTC   1   1   1   1   2   2 |     TCC   2   2   2   3   2   2 |     TAC   2   2   2   2   2   2 |     TGC   0   0   0   0   0   0
Leu TTA   4   4   4   3   4   4 |     TCA   3   3   3   2   3   3 | *** TAA   0   0   0   0   0   0 | *** TGA   0   0   0   0   0   0
    TTG   0   0   0   1   0   0 |     TCG   0   0   0   0   0   0 |     TAG   0   0   0   0   0   0 | Trp TGG   1   1   1   1   1   1
--------------------------------------------------------------------------------------------------------------------------------------
Leu CTT   2   2   2   2   2   2 | Pro CCT   1   1   1   1   1   1 | His CAT   1   1   1   1   1   1 | Arg CGT   0   0   0   0   0   0
    CTC   0   0   0   0   0   0 |     CCC   0   0   0   0   0   0 |     CAC   1   1   1   1   1   1 |     CGC   0   0   0   0   0   0
    CTA   0   0   0   0   0   0 |     CCA   2   2   2   2   2   2 | Gln CAA   3   3   2   3   3   3 |     CGA   1   1   1   1   1   1
    CTG   0   0   0   0   0   0 |     CCG   0   0   0   0   0   0 |     CAG   2   2   3   2   2   2 |     CGG   0   0   0   0   0   0
--------------------------------------------------------------------------------------------------------------------------------------
Ile ATT   4   4   4   4   4   4 | Thr ACT   0   0   0   0   0   0 | Asn AAT   1   1   1   1   1   1 | Ser AGT   1   1   1   1   1   1
    ATC   1   1   1   1   1   1 |     ACC   3   2   2   2   2   2 |     AAC   0   0   0   0   0   0 |     AGC   1   1   1   1   1   1
    ATA   1   1   1   1   1   1 |     ACA   3   4   4   3   3   3 | Lys AAA   3   3   4   3   3   3 | Arg AGA   0   0   0   0   0   0
Met ATG   2   2   2   2   2   2 |     ACG   0   0   0   1   1   1 |     AAG   5   5   4   5   5   5 |     AGG   2   2   2   2   2   2
--------------------------------------------------------------------------------------------------------------------------------------
Val GTT   3   3   4   3   3   3 | Ala GCT   0   0   0   0   1   1 | Asp GAT   5   4   4   4   5   5 | Gly GGT   0   0   0   0   0   0
    GTC   3   2   1   2   2   2 |     GCC   2   2   2   2   1   1 |     GAC   2   3   3   3   2   2 |     GGC   1   1   1   1   1   1
    GTA   2   3   3   2   2   2 |     GCA   1   1   1   1   1   1 | Glu GAA   7   7   7   7   6   6 |     GGA   0   0   0   0   0   0
    GTG   1   1   1   2   2   2 |     GCG   0   0   0   0   0   0 |     GAG   3   3   3   3   4   4 |     GGG   0   0   0   0   0   0
--------------------------------------------------------------------------------------------------------------------------------------

Codon position x base (3x4) table for each sequence.

#1: Argali         
position  1:    T:0.23913    C:0.14130    A:0.29348    G:0.32609
position  2:    T:0.30435    C:0.19565    A:0.41304    G:0.08696
position  3:    T:0.29348    C:0.19565    A:0.32609    G:0.18478
Average         T:0.27899    C:0.17754    A:0.34420    G:0.19928

#2: LesserMouseDeer
position  1:    T:0.23913    C:0.14130    A:0.28261    G:0.33696
position  2:    T:0.31522    C:0.19565    A:0.40217    G:0.08696
position  3:    T:0.31522    C:0.17391    A:0.34783    G:0.16304
Average         T:0.28986    C:0.17029    A:0.34420    G:0.19565

#3: LesserKudu     
position  1:    T:0.23913    C:0.14130    A:0.29348    G:0.32609
position  2:    T:0.30435    C:0.19565    A:0.41304    G:0.08696
position  3:    T:0.29348    C:0.18478    A:0.31522    G:0.20652
Average         T:0.27899    C:0.17391    A:0.34058    G:0.20652

#4: ForestMuskDeer2
position  1:    T:0.23913    C:0.14130    A:0.29348    G:0.32609
position  2:    T:0.30435    C:0.19565    A:0.41304    G:0.08696
position  3:    T:0.28261    C:0.20652    A:0.30435    G:0.20652
Average         T:0.27536    C:0.18116    A:0.33696    G:0.20652

#5: Camel          
position  1:    T:0.23913    C:0.13043    A:0.30435    G:0.32609
position  2:    T:0.31522    C:0.17391    A:0.41304    G:0.09783
position  3:    T:0.32609    C:0.16304    A:0.32609    G:0.18478
Average         T:0.29348    C:0.15580    A:0.34783    G:0.20290

#6: KillerWhale    
position  1:    T:0.23913    C:0.13043    A:0.30435    G:0.32609
position  2:    T:0.31522    C:0.18478    A:0.41304    G:0.08696
position  3:    T:0.30435    C:0.16304    A:0.31522    G:0.21739
Average         T:0.28623    C:0.15942    A:0.34420    G:0.21014

#7: DefassaWaterbuck
position  1:    T:0.23913    C:0.14130    A:0.29348    G:0.32609
position  2:    T:0.30435    C:0.19565    A:0.41304    G:0.08696
position  3:    T:0.29348    C:0.18478    A:0.34783    G:0.17391
Average         T:0.27899    C:0.17391    A:0.35145    G:0.19565

#8: Sheep          
position  1:    T:0.23913    C:0.14130    A:0.29348    G:0.32609
position  2:    T:0.30435    C:0.19565    A:0.41304    G:0.08696
position  3:    T:0.29348    C:0.19565    A:0.32609    G:0.18478
Average         T:0.27899    C:0.17754    A:0.34420    G:0.19928

#9: MaxwellsDuiker 
position  1:    T:0.23913    C:0.14130    A:0.29348    G:0.32609
position  2:    T:0.30435    C:0.19565    A:0.41304    G:0.08696
position  3:    T:0.29348    C:0.19565    A:0.33696    G:0.17391
Average         T:0.27899    C:0.17754    A:0.34783    G:0.19565

#10: GazellaPrzewalskyi
position  1:    T:0.23913    C:0.14130    A:0.29348    G:0.32609
position  2:    T:0.30435    C:0.19565    A:0.41304    G:0.08696
position  3:    T:0.30435    C:0.18478    A:0.33696    G:0.17391
Average         T:0.28261    C:0.17391    A:0.34783    G:0.19565

#11: MountainNyala  
position  1:    T:0.23913    C:0.14130    A:0.29348    G:0.32609
position  2:    T:0.30435    C:0.19565    A:0.41304    G:0.08696
position  3:    T:0.29348    C:0.18478    A:0.31522    G:0.20652
Average         T:0.27899    C:0.17391    A:0.34058    G:0.20652

#12: MuntiacusMuntjak
position  1:    T:0.23913    C:0.13043    A:0.29348    G:0.33696
position  2:    T:0.30435    C:0.19565    A:0.41304    G:0.08696
position  3:    T:0.28261    C:0.19565    A:0.34783    G:0.17391
Average         T:0.27536    C:0.17391    A:0.35145    G:0.19928

#13: goat           
position  1:    T:0.23913    C:0.14130    A:0.29348    G:0.32609
position  2:    T:0.30435    C:0.19565    A:0.41304    G:0.08696
position  3:    T:0.28261    C:0.20652    A:0.32609    G:0.18478
Average         T:0.27536    C:0.18116    A:0.34420    G:0.19928

#14: AfricanBuffalo 
position  1:    T:0.23913    C:0.14130    A:0.29348    G:0.32609
position  2:    T:0.30435    C:0.19565    A:0.41304    G:0.08696
position  3:    T:0.29348    C:0.18478    A:0.32609    G:0.19565
Average         T:0.27899    C:0.17391    A:0.34420    G:0.20290

#15: Topi           
position  1:    T:0.23913    C:0.14130    A:0.29348    G:0.32609
position  2:    T:0.30435    C:0.19565    A:0.41304    G:0.08696
position  3:    T:0.27174    C:0.21739    A:0.32609    G:0.18478
Average         T:0.27174    C:0.18478    A:0.34420    G:0.19928

#16: CommonDuiker   
position  1:    T:0.23913    C:0.14130    A:0.29348    G:0.32609
position  2:    T:0.30435    C:0.19565    A:0.41304    G:0.08696
position  3:    T:0.29348    C:0.19565    A:0.33696    G:0.17391
Average         T:0.27899    C:0.17754    A:0.34783    G:0.19565

#17: Suni           
position  1:    T:0.23913    C:0.14130    A:0.28261    G:0.33696
position  2:    T:0.30435    C:0.19565    A:0.41304    G:0.08696
position  3:    T:0.29348    C:0.18478    A:0.33696    G:0.18478
Average         T:0.27899    C:0.17391    A:0.34420    G:0.20290

#18: Springbuck     
position  1:    T:0.23913    C:0.14130    A:0.29348    G:0.32609
position  2:    T:0.30435    C:0.19565    A:0.41304    G:0.08696
position  3:    T:0.29348    C:0.19565    A:0.32609    G:0.18478
Average         T:0.27899    C:0.17754    A:0.34420    G:0.19928

#19: Okapi          
position  1:    T:0.23913    C:0.13043    A:0.28261    G:0.34783
position  2:    T:0.30435    C:0.19565    A:0.41304    G:0.08696
position  3:    T:0.30435    C:0.18478    A:0.32609    G:0.18478
Average         T:0.28261    C:0.17029    A:0.34058    G:0.20652

#20: Giraffe        
position  1:    T:0.23913    C:0.13043    A:0.28261    G:0.34783
position  2:    T:0.30435    C:0.19565    A:0.41304    G:0.08696
position  3:    T:0.32609    C:0.16304    A:0.33696    G:0.17391
Average         T:0.28986    C:0.16304    A:0.34420    G:0.20290

#21: TibetanAntelope
position  1:    T:0.23913    C:0.14130    A:0.29348    G:0.32609
position  2:    T:0.30435    C:0.19565    A:0.41304    G:0.08696
position  3:    T:0.28261    C:0.20652    A:0.31522    G:0.19565
Average         T:0.27536    C:0.18116    A:0.34058    G:0.20290

#22: Sitatunga      
position  1:    T:0.23913    C:0.14130    A:0.29348    G:0.32609
position  2:    T:0.30435    C:0.19565    A:0.41304    G:0.08696
position  3:    T:0.30435    C:0.17391    A:0.31522    G:0.20652
Average         T:0.28261    C:0.17029    A:0.34058    G:0.20652

#23: Oribi          
position  1:    T:0.23913    C:0.14130    A:0.29348    G:0.32609
position  2:    T:0.30435    C:0.19565    A:0.41304    G:0.08696
position  3:    T:0.29348    C:0.19565    A:0.32609    G:0.18478
Average         T:0.27899    C:0.17754    A:0.34420    G:0.19928

#24: BarbarySheep   
position  1:    T:0.23913    C:0.14130    A:0.29348    G:0.32609
position  2:    T:0.30435    C:0.19565    A:0.41304    G:0.08696
position  3:    T:0.29348    C:0.19565    A:0.31522    G:0.19565
Average         T:0.27899    C:0.17754    A:0.34058    G:0.20290

#25: Daviddeer      
position  1:    T:0.23913    C:0.13043    A:0.29348    G:0.33696
position  2:    T:0.30435    C:0.19565    A:0.41304    G:0.08696
position  3:    T:0.28261    C:0.19565    A:0.33696    G:0.18478
Average         T:0.27536    C:0.17391    A:0.34783    G:0.20290

#26: Reindeer       
position  1:    T:0.23913    C:0.13043    A:0.29348    G:0.33696
position  2:    T:0.30435    C:0.19565    A:0.41304    G:0.08696
position  3:    T:0.29348    C:0.18478    A:0.35870    G:0.16304
Average         T:0.27899    C:0.17029    A:0.35507    G:0.19565

#27: Ibex           
position  1:    T:0.23913    C:0.14130    A:0.29348    G:0.32609
position  2:    T:0.30435    C:0.19565    A:0.41304    G:0.08696
position  3:    T:0.29348    C:0.19565    A:0.32609    G:0.18478
Average         T:0.27899    C:0.17754    A:0.34420    G:0.19928

#28: GyrantGazelle  
position  1:    T:0.23913    C:0.14130    A:0.29348    G:0.32609
position  2:    T:0.30435    C:0.19565    A:0.41304    G:0.08696
position  3:    T:0.29348    C:0.19565    A:0.31522    G:0.19565
Average         T:0.27899    C:0.17754    A:0.34058    G:0.20290

#29: Hartebeest     
position  1:    T:0.23913    C:0.14130    A:0.29348    G:0.32609
position  2:    T:0.30435    C:0.19565    A:0.41304    G:0.08696
position  3:    T:0.28261    C:0.21739    A:0.31522    G:0.18478
Average         T:0.27536    C:0.18478    A:0.34058    G:0.19928

#30: Bongo          
position  1:    T:0.23913    C:0.14130    A:0.29348    G:0.32609
position  2:    T:0.30435    C:0.19565    A:0.41304    G:0.08696
position  3:    T:0.29348    C:0.18478    A:0.31522    G:0.20652
Average         T:0.27899    C:0.17391    A:0.34058    G:0.20652

#31: Gerenuk        
position  1:    T:0.23913    C:0.14130    A:0.29348    G:0.32609
position  2:    T:0.30435    C:0.19565    A:0.41304    G:0.08696
position  3:    T:0.30435    C:0.19565    A:0.32609    G:0.17391
Average         T:0.28261    C:0.17754    A:0.34420    G:0.19565

#32: CommonEland    
position  1:    T:0.23913    C:0.14130    A:0.29348    G:0.32609
position  2:    T:0.30435    C:0.19565    A:0.41304    G:0.08696
position  3:    T:0.28261    C:0.19565    A:0.31522    G:0.20652
Average         T:0.27536    C:0.17754    A:0.34058    G:0.20652

#33: MuntiacusReevesi
position  1:    T:0.23913    C:0.13043    A:0.29348    G:0.33696
position  2:    T:0.30435    C:0.19565    A:0.41304    G:0.08696
position  3:    T:0.28261    C:0.19565    A:0.34783    G:0.17391
Average         T:0.27536    C:0.17391    A:0.35145    G:0.19928

#34: HarveysDuiker  
position  1:    T:0.23913    C:0.14130    A:0.29348    G:0.32609
position  2:    T:0.30435    C:0.19565    A:0.41304    G:0.08696
position  3:    T:0.29348    C:0.19565    A:0.33696    G:0.17391
Average         T:0.27899    C:0.17754    A:0.34783    G:0.19565

#35: Pronghorn      
position  1:    T:0.23913    C:0.13043    A:0.28261    G:0.34783
position  2:    T:0.30435    C:0.19565    A:0.41304    G:0.08696
position  3:    T:0.29348    C:0.18478    A:0.34783    G:0.17391
Average         T:0.27899    C:0.17029    A:0.34783    G:0.20290

#36: BlueWildebeest 
position  1:    T:0.23913    C:0.14130    A:0.29348    G:0.32609
position  2:    T:0.30435    C:0.19565    A:0.41304    G:0.08696
position  3:    T:0.27174    C:0.21739    A:0.32609    G:0.18478
Average         T:0.27174    C:0.18478    A:0.34420    G:0.19928

#37: Gemsbok        
position  1:    T:0.23913    C:0.14130    A:0.29348    G:0.32609
position  2:    T:0.30435    C:0.19565    A:0.41304    G:0.08696
position  3:    T:0.27174    C:0.21739    A:0.32609    G:0.18478
Average         T:0.27174    C:0.18478    A:0.34420    G:0.19928

#38: Yak            
position  1:    T:0.23913    C:0.14130    A:0.29348    G:0.32609
position  2:    T:0.30435    C:0.19565    A:0.41304    G:0.08696
position  3:    T:0.28261    C:0.19565    A:0.32609    G:0.19565
Average         T:0.27536    C:0.17754    A:0.34420    G:0.20290

#39: BlueSheep      
position  1:    T:0.23913    C:0.14130    A:0.29348    G:0.32609
position  2:    T:0.30435    C:0.19565    A:0.41304    G:0.08696
position  3:    T:0.28261    C:0.20652    A:0.32609    G:0.18478
Average         T:0.27536    C:0.18116    A:0.34420    G:0.19928

#40: BohorReedbuck  
position  1:    T:0.23913    C:0.14130    A:0.29348    G:0.32609
position  2:    T:0.30435    C:0.19565    A:0.41304    G:0.08696
position  3:    T:0.30435    C:0.17391    A:0.34783    G:0.17391
Average         T:0.28261    C:0.17029    A:0.35145    G:0.19565

#41: KirksDik       
position  1:    T:0.23913    C:0.14130    A:0.29348    G:0.32609
position  2:    T:0.30435    C:0.19565    A:0.40217    G:0.09783
position  3:    T:0.28261    C:0.20652    A:0.31522    G:0.19565
Average         T:0.27536    C:0.18116    A:0.33696    G:0.20652

#42: RoeDeer        
position  1:    T:0.23913    C:0.13043    A:0.29348    G:0.33696
position  2:    T:0.30435    C:0.19565    A:0.41304    G:0.08696
position  3:    T:0.30435    C:0.17391    A:0.34783    G:0.17391
Average         T:0.28261    C:0.16667    A:0.35145    G:0.19928

#43: WhiteLippedDeer
position  1:    T:0.23913    C:0.13043    A:0.29348    G:0.33696
position  2:    T:0.30435    C:0.19565    A:0.41304    G:0.08696
position  3:    T:0.28261    C:0.19565    A:0.33696    G:0.18478
Average         T:0.27536    C:0.17391    A:0.34783    G:0.20290

#44: ThomsonGazelle 
position  1:    T:0.23913    C:0.14130    A:0.29348    G:0.32609
position  2:    T:0.30435    C:0.19565    A:0.41304    G:0.08696
position  3:    T:0.30435    C:0.18478    A:0.32609    G:0.18478
Average         T:0.28261    C:0.17391    A:0.34420    G:0.19928

#45: MuntiacusCrinifrons
position  1:    T:0.23913    C:0.13043    A:0.29348    G:0.33696
position  2:    T:0.30435    C:0.19565    A:0.41304    G:0.08696
position  3:    T:0.28261    C:0.19565    A:0.34783    G:0.17391
Average         T:0.27536    C:0.17391    A:0.35145    G:0.19928

#46: WhiteTailedDeer
position  1:    T:0.23913    C:0.13043    A:0.29348    G:0.33696
position  2:    T:0.30435    C:0.19565    A:0.41304    G:0.08696
position  3:    T:0.29348    C:0.18478    A:0.35870    G:0.16304
Average         T:0.27899    C:0.17029    A:0.35507    G:0.19565

#47: Cattle         
position  1:    T:0.23913    C:0.14130    A:0.29348    G:0.32609
position  2:    T:0.30435    C:0.19565    A:0.41304    G:0.08696
position  3:    T:0.29348    C:0.18478    A:0.32609    G:0.19565
Average         T:0.27899    C:0.17391    A:0.34420    G:0.20290

#48: RoyalAntelope  
position  1:    T:0.23913    C:0.14130    A:0.29348    G:0.32609
position  2:    T:0.30435    C:0.19565    A:0.41304    G:0.08696
position  3:    T:0.28261    C:0.19565    A:0.34783    G:0.17391
Average         T:0.27536    C:0.17754    A:0.35145    G:0.19565

#49: Steenbok       
position  1:    T:0.23913    C:0.14130    A:0.29348    G:0.32609
position  2:    T:0.30435    C:0.19565    A:0.41304    G:0.08696
position  3:    T:0.29348    C:0.20652    A:0.32609    G:0.17391
Average         T:0.27899    C:0.18116    A:0.34420    G:0.19565

#50: Impala         
position  1:    T:0.23913    C:0.14130    A:0.29348    G:0.32609
position  2:    T:0.30435    C:0.19565    A:0.41304    G:0.08696
position  3:    T:0.28261    C:0.19565    A:0.34783    G:0.17391
Average         T:0.27536    C:0.17754    A:0.35145    G:0.19565

#51: Klipspringer   
position  1:    T:0.23913    C:0.14130    A:0.29348    G:0.32609
position  2:    T:0.30435    C:0.19565    A:0.41304    G:0.08696
