CODONML (in paml version 4.10.7, June 2023)  /home/rachel/ruminants_paml/6406-phy-tree/ENSBTAT00000014872.fasta.phy
Model: free dN/dS Ratios for branches,  kappa = 2.000 fixed

Codon frequency model: F3x4
ns =  54  ls =  41

Codon usage in sequences
--------------------------------------------------------------------------------------------------------------------------------------
Phe TTT   2   2   2   2   1   1 | Ser TCT   1   1   1   1   1   1 | Tyr TAT   1   1   1   1   1   1 | Cys TGT   0   0   0   0   0   0
    TTC   0   0   0   0   1   1 |     TCC   1   1   1   1   1   1 |     TAC   0   0   0   0   0   0 |     TGC   0   0   0   0   0   0
Leu TTA   0   0   0   0   0   1 |     TCA   1   2   1   1   1   1 | *** TAA   0   0   0   0   0   0 | *** TGA   0   0   0   0   0   0
    TTG   3   3   3   3   2   2 |     TCG   0   0   0   0   1   0 |     TAG   0   0   0   0   0   0 | Trp TGG   0   0   0   0   0   0
--------------------------------------------------------------------------------------------------------------------------------------
Leu CTT   0   0   0   0   0   0 | Pro CCT   1   1   1   1   1   1 | His CAT   1   1   1   1   1   1 | Arg CGT   0   0   0   0   0   0
    CTC   0   0   0   0   0   0 |     CCC   0   0   0   0   0   0 |     CAC   0   0   0   0   0   0 |     CGC   0   0   0   0   0   0
    CTA   0   0   0   0   1   0 |     CCA   4   3   4   4   4   4 | Gln CAA   1   1   1   1   1   1 |     CGA   0   0   0   0   0   0
    CTG   2   2   2   2   1   2 |     CCG   0   0   0   0   1   0 |     CAG   1   1   1   1   0   1 |     CGG   0   0   0   0   0   0
--------------------------------------------------------------------------------------------------------------------------------------
Ile ATT   0   1   0   0   1   0 | Thr ACT   3   1   3   3   2   3 | Asn AAT   1   1   1   1   1   1 | Ser AGT   0   0   0   0   0   0
    ATC   0   0   0   0   0   0 |     ACC   0   0   0   0   0   0 |     AAC   0   0   0   0   0   0 |     AGC   0   0   0   0   0   0
    ATA   1   1   1   1   1   1 |     ACA   1   2   1   1   1   0 | Lys AAA   2   2   2   2   2   2 | Arg AGA   1   2   1   1   2   2
Met ATG   0   0   0   0   0   0 |     ACG   0   0   0   0   0   0 |     AAG   1   1   1   1   1   1 |     AGG   2   1   2   2   1   1
--------------------------------------------------------------------------------------------------------------------------------------
Val GTT   1   1   1   1   1   1 | Ala GCT   0   0   0   0   0   0 | Asp GAT   1   1   1   1   1   1 | Gly GGT   2   2   2   2   2   2
    GTC   0   0   0   0   0   0 |     GCC   0   0   0   0   0   0 |     GAC   1   1   1   1   1   1 |     GGC   0   0   0   0   0   0
    GTA   0   0   0   0   0   0 |     GCA   1   1   1   1   1   2 | Glu GAA   3   3   3   3   3   3 |     GGA   0   0   0   0   0   0
    GTG   0   0   0   0   0   0 |     GCG   0   0   0   0   0   0 |     GAG   1   1   1   1   1   1 |     GGG   0   0   0   0   0   0
--------------------------------------------------------------------------------------------------------------------------------------

--------------------------------------------------------------------------------------------------------------------------------------
Phe TTT   2   2   2   2   2   2 | Ser TCT   1   1   1   1   1   1 | Tyr TAT   1   1   1   1   1   1 | Cys TGT   0   0   0   0   0   0
    TTC   0   0   0   0   0   0 |     TCC   1   1   1   1   1   1 |     TAC   0   0   0   0   0   0 |     TGC   0   0   0   0   0   0
Leu TTA   0   0   0   0   0   0 |     TCA   1   1   1   1   1   1 | *** TAA   0   0   0   0   0   0 | *** TGA   0   0   0   0   0   0
    TTG   3   3   3   3   3   4 |     TCG   0   0   0   0   0   0 |     TAG   0   0   0   0   0   0 | Trp TGG   0   0   0   0   0   0
--------------------------------------------------------------------------------------------------------------------------------------
Leu CTT   0   0   0   0   0   0 | Pro CCT   1   1   1   1   1   1 | His CAT   1   1   1   1   1   1 | Arg CGT   0   0   0   0   0   0
    CTC   0   0   0   0   0   0 |     CCC   0   0   0   0   0   0 |     CAC   0   0   0   0   0   0 |     CGC   0   0   0   0   0   0
    CTA   0   0   0   0   0   0 |     CCA   4   4   4   4   4   4 | Gln CAA   1   1   1   1   1   1 |     CGA   0   0   0   0   0   0
    CTG   2   2   2   2   2   1 |     CCG   0   0   0   0   0   0 |     CAG   1   1   1   1   1   1 |     CGG   0   0   0   0   0   0
--------------------------------------------------------------------------------------------------------------------------------------
Ile ATT   0   0   0   0   0   0 | Thr ACT   3   3   3   3   3   3 | Asn AAT   1   1   1   1   1   1 | Ser AGT   0   0   0   0   0   0
    ATC   0   0   0   0   0   0 |     ACC   0   0   0   0   0   0 |     AAC   0   0   0   0   0   0 |     AGC   0   0   0   0   0   0
    ATA   1   1   1   1   1   1 |     ACA   1   1   1   1   1   1 | Lys AAA   2   2   2   2   2   2 | Arg AGA   1   1   1   1   1   1
Met ATG   0   0   0   0   0   0 |     ACG   0   0   0   0   0   0 |     AAG   1   1   1   1   1   1 |     AGG   2   2   2   2   2   2
--------------------------------------------------------------------------------------------------------------------------------------
Val GTT   1   1   1   1   1   1 | Ala GCT   0   0   0   0   0   0 | Asp GAT   1   1   1   1   1   1 | Gly GGT   2   2   2   2   2   2
    GTC   0   0   0   0   0   0 |     GCC   0   0   0   0   0   0 |     GAC   1   1   1   1   1   1 |     GGC   0   0   0   0   0   0
    GTA   0   0   0   0   0   0 |     GCA   1   1   1   1   1   1 | Glu GAA   3   3   3   3   3   3 |     GGA   0   0   0   0   0   0
    GTG   0   0   0   0   0   0 |     GCG   0   0   0   0   0   0 |     GAG   1   1   1   1   1   1 |     GGG   0   0   0   0   0   0
--------------------------------------------------------------------------------------------------------------------------------------

--------------------------------------------------------------------------------------------------------------------------------------
Phe TTT   2   2   2   2   2   2 | Ser TCT   1   1   1   1   1   1 | Tyr TAT   1   1   1   1   1   1 | Cys TGT   0   0   0   0   0   0
    TTC   0   0   0   0   0   0 |     TCC   1   1   1   1   1   1 |     TAC   0   0   0   0   0   0 |     TGC   0   0   0   0   0   0
Leu TTA   0   0   0   0   0   0 |     TCA   1   1   1   1   1   1 | *** TAA   0   0   0   0   0   0 | *** TGA   0   0   0   0   0   0
    TTG   3   3   3   3   3   3 |     TCG   0   0   0   0   0   0 |     TAG   0   0   0   0   0   0 | Trp TGG   0   0   0   0   0   0
--------------------------------------------------------------------------------------------------------------------------------------
Leu CTT   0   0   0   0   0   0 | Pro CCT   1   1   1   1   1   1 | His CAT   1   1   1   1   1   1 | Arg CGT   0   0   0   0   0   0
    CTC   0   0   0   0   0   0 |     CCC   0   0   0   0   0   0 |     CAC   0   0   0   0   0   0 |     CGC   0   0   0   0   0   0
    CTA   0   0   0   0   0   0 |     CCA   4   4   4   4   4   4 | Gln CAA   1   1   1   1   1   1 |     CGA   0   0   0   0   0   0
    CTG   2   2   2   2   2   2 |     CCG   0   0   0   0   0   0 |     CAG   1   1   1   1   1   1 |     CGG   0   0   0   0   0   0
--------------------------------------------------------------------------------------------------------------------------------------
Ile ATT   0   0   0   0   0   0 | Thr ACT   3   3   3   3   3   3 | Asn AAT   1   1   1   1   0   1 | Ser AGT   0   0   0   0   0   0
    ATC   0   0   0   0   0   0 |     ACC   0   0   0   0   0   0 |     AAC   0   0   0   0   1   0 |     AGC   0   0   0   0   0   0
    ATA   1   1   1   1   1   1 |     ACA   1   1   1   1   1   1 | Lys AAA   2   2   2   2   1   2 | Arg AGA   1   1   1   1   1   1
Met ATG   0   0   0   0   0   0 |     ACG   0   0   0   0   0   0 |     AAG   1   1   1   1   2   1 |     AGG   2   2   2   2   2   2
--------------------------------------------------------------------------------------------------------------------------------------
Val GTT   1   1   1   1   1   1 | Ala GCT   0   0   0   0   0   0 | Asp GAT   1   1   1   1   1   1 | Gly GGT   2   2   2   2   2   2
    GTC   0   0   0   0   0   0 |     GCC   0   0   0   0   0   0 |     GAC   1   1   1   1   1   1 |     GGC   0   0   0   0   0   0
    GTA   0   0   0   0   0   0 |     GCA   1   1   1   1   1   1 | Glu GAA   3   3   3   3   3   3 |     GGA   0   0   0   0   0   0
    GTG   0   0   0   0   0   0 |     GCG   0   0   0   0   0   0 |     GAG   1   1   1   1   1   1 |     GGG   0   0   0   0   0   0
--------------------------------------------------------------------------------------------------------------------------------------

--------------------------------------------------------------------------------------------------------------------------------------
Phe TTT   2   2   2   2   2   2 | Ser TCT   1   1   1   1   1   1 | Tyr TAT   1   1   1   1   1   1 | Cys TGT   0   0   0   0   0   0
    TTC   0   0   0   0   0   0 |     TCC   1   1   1   1   1   1 |     TAC   0   0   0   0   0   0 |     TGC   0   0   0   0   0   0
Leu TTA   0   0   0   0   0   0 |     TCA   1   1   1   1   1   1 | *** TAA   0   0   0   0   0   0 | *** TGA   0   0   0   0   0   0
    TTG   3   3   3   3   3   3 |     TCG   0   0   0   0   0   0 |     TAG   0   0   0   0   0   0 | Trp TGG   0   0   0   0   0   0
--------------------------------------------------------------------------------------------------------------------------------------
Leu CTT   0   0   0   0   0   0 | Pro CCT   1   1   1   1   1   1 | His CAT   1   1   1   1   1   1 | Arg CGT   0   0   0   0   0   0
    CTC   0   0   0   0   0   0 |     CCC   0   0   0   0   0   0 |     CAC   0   0   0   0   0   0 |     CGC   0   0   0   0   0   0
    CTA   0   0   0   0   0   0 |     CCA   4   4   4   4   4   4 | Gln CAA   1   1   1   1   1   1 |     CGA   0   0   0   0   0   0
    CTG   2   2   2   2   2   2 |     CCG   0   0   0   0   0   0 |     CAG   1   1   1   1   1   1 |     CGG   0   0   0   0   0   0
--------------------------------------------------------------------------------------------------------------------------------------
Ile ATT   0   0   0   0   0   0 | Thr ACT   3   3   3   3   2   3 | Asn AAT   1   1   1   1   1   1 | Ser AGT   0   0   0   0   0   0
    ATC   0   0   0   0   0   0 |     ACC   0   0   0   0   1   0 |     AAC   0   0   0   0   0   0 |     AGC   0   0   0   0   0   0
    ATA   1   1   1   1   1   1 |     ACA   1   1   1   1   1   1 | Lys AAA   2   2   2   2   2   2 | Arg AGA   1   1   1   1   1   1
Met ATG   0   0   0   0   0   0 |     ACG   0   0   0   0   0   0 |     AAG   1   1   1   1   1   1 |     AGG   2   2   2   2   2   2
--------------------------------------------------------------------------------------------------------------------------------------
Val GTT   1   1   1   1   1   1 | Ala GCT   0   0   0   0   0   0 | Asp GAT   1   1   1   1   1   1 | Gly GGT   2   2   2   2   2   2
    GTC   0   0   0   0   0   0 |     GCC   0   0   0   0   0   0 |     GAC   1   1   1   1   1   1 |     GGC   0   0   0   0   0   0
    GTA   0   0   0   0   0   0 |     GCA   1   1   1   1   1   1 | Glu GAA   3   3   3   3   3   3 |     GGA   0   0   0   0   0   0
    GTG   0   0   0   0   0   0 |     GCG   0   0   0   0   0   0 |     GAG   1   1   1   1   1   1 |     GGG   0   0   0   0   0   0
--------------------------------------------------------------------------------------------------------------------------------------

--------------------------------------------------------------------------------------------------------------------------------------
Phe TTT   2   2   2   2   2   2 | Ser TCT   1   1   1   1   1   1 | Tyr TAT   1   1   1   1   1   1 | Cys TGT   0   0   0   0   0   0
    TTC   0   0   0   0   0   0 |     TCC   1   1   1   1   1   1 |     TAC   0   0   0   0   0   0 |     TGC   0   0   0   0   0   0
Leu TTA   0   0   0   0   0   0 |     TCA   1   1   1   1   1   1 | *** TAA   0   0   0   0   0   0 | *** TGA   0   0   0   0   0   0
    TTG   3   4   3   3   3   3 |     TCG   0   0   0   0   0   0 |     TAG   0   0   0   0   0   0 | Trp TGG   0   0   0   0   0   0
--------------------------------------------------------------------------------------------------------------------------------------
Leu CTT   0   0   0   0   0   0 | Pro CCT   1   1   1   1   1   1 | His CAT   1   1   1   1   1   1 | Arg CGT   0   0   0   0   0   0
    CTC   0   0   0   0   0   0 |     CCC   0   0   0   0   0   0 |     CAC   0   0   0   0   0   0 |     CGC   0   0   0   0   0   0
    CTA   0   0   0   0   0   0 |     CCA   4   4   4   4   4   4 | Gln CAA   1   1   1   1   1   1 |     CGA   0   0   0   0   0   0
    CTG   2   1   2   2   2   2 |     CCG   0   0   0   0   0   0 |     CAG   1   1   1   1   1   1 |     CGG   0   0   0   0   0   0
--------------------------------------------------------------------------------------------------------------------------------------
Ile ATT   0   0   0   0   0   0 | Thr ACT   3   2   3   3   3   3 | Asn AAT   1   1   1   1   1   1 | Ser AGT   0   0   0   0   0   0
    ATC   0   0   0   0   0   0 |     ACC   0   1   0   0   0   0 |     AAC   0   0   0   0   0   0 |     AGC   0   0   0   0   0   0
    ATA   1   1   1   1   1   1 |     ACA   1   1   1   0   1   1 | Lys AAA   2   2   2   2   2   2 | Arg AGA   1   1   1   1   1   1
Met ATG   0   0   0   0   0   0 |     ACG   0   0   0   0   0   0 |     AAG   1   1   1   1   1   1 |     AGG   2   2   2   2   2   2
--------------------------------------------------------------------------------------------------------------------------------------
Val GTT   1   1   1   1   1   1 | Ala GCT   0   0   0   0   0   0 | Asp GAT   1   1   1   1   1   1 | Gly GGT   2   2   2   2   2   2
    GTC   0   0   0   0   0   0 |     GCC   0   0   0   0   0   0 |     GAC   1   1   1   1   1   1 |     GGC   0   0   0   0   0   0
    GTA   0   0   0   0   0   0 |     GCA   1   1   1   2   1   1 | Glu GAA   3   3   3   3   3   3 |     GGA   0   0   0   0   0   0
    GTG   0   0   0   0   0   0 |     GCG   0   0   0   0   0   0 |     GAG   1   1   1   1   1   1 |     GGG   0   0   0   0   0   0
--------------------------------------------------------------------------------------------------------------------------------------

--------------------------------------------------------------------------------------------------------------------------------------
Phe TTT   2   2   2   2   2   2 | Ser TCT   1   1   1   1   1   1 | Tyr TAT   1   1   1   1   1   1 | Cys TGT   0   0   0   0   0   0
    TTC   0   0   0   0   0   0 |     TCC   1   1   1   1   1   1 |     TAC   0   0   0   0   0   0 |     TGC   0   0   0   0   0   0
Leu TTA   0   0   0   0   0   0 |     TCA   1   1   1   1   1   1 | *** TAA   0   0   0   0   0   0 | *** TGA   0   0   0   0   0   0
    TTG   3   3   4   3   3   3 |     TCG   0   0   0   0   0   0 |     TAG   0   0   0   0   0   0 | Trp TGG   0   0   0   0   0   0
--------------------------------------------------------------------------------------------------------------------------------------
Leu CTT   0   0   0   0   0   0 | Pro CCT   1   1   1   1   1   1 | His CAT   1   1   1   1   1   1 | Arg CGT   0   0   0   0   0   0
    CTC   0   0   0   0   0   0 |     CCC   0   0   0   0   0   0 |     CAC   0   0   0   0   0   0 |     CGC   0   0   0   0   0   0
    CTA   0   0   0   0   0   0 |     CCA   4   4   4   4   4   4 | Gln CAA   1   1   1   1   1   1 |     CGA   0   0   0   0   0   0
    CTG   2   2   1   2   2   2 |     CCG   0   0   0   0   0   0 |     CAG   1   1   1   1   1   1 |     CGG   0   0   0   0   0   0
--------------------------------------------------------------------------------------------------------------------------------------
Ile ATT   0   0   0   0   0   0 | Thr ACT   3   3   3   3   2   3 | Asn AAT   1   1   1   1   1   1 | Ser AGT   0   0   0   0   0   0
    ATC   0   0   0   0   0   0 |     ACC   0   0   0   0   0   0 |     AAC   0   0   0   0   0   0 |     AGC   0   0   0   0   0   0
    ATA   1   1   1   1   1   1 |     ACA   1   1   1   1   1   0 | Lys AAA   2   2   2   2   2   3 | Arg AGA   1   1   1   1   1   1
Met ATG   0   0   0   0   0   0 |     ACG   0   0   0   0   0   0 |     AAG   1   1   1   1   1   1 |     AGG   2   2   2   2   2   2
--------------------------------------------------------------------------------------------------------------------------------------
Val GTT   1   1   1   1   1   1 | Ala GCT   0   0   0   0   1   0 | Asp GAT   1   1   1   1   1   1 | Gly GGT   2   2   2   2   2   2
    GTC   0   0   0   0   0   0 |     GCC   0   0   0   0   0   0 |     GAC   1   1   1   1   1   1 |     GGC   0   0   0   0   0   0
    GTA   0   0   0   0   0   0 |     GCA   1   1   1   1   1   1 | Glu GAA   3   3   3   3   3   3 |     GGA   0   0   0   0   0   0
    GTG   0   0   0   0   0   0 |     GCG   0   0   0   0   0   0 |     GAG   1   1   1   1   1   1 |     GGG   0   0   0   0   0   0
--------------------------------------------------------------------------------------------------------------------------------------

--------------------------------------------------------------------------------------------------------------------------------------
Phe TTT   2   2   2   2   2   2 | Ser TCT   1   1   1   1   1   1 | Tyr TAT   1   1   1   1   1   1 | Cys TGT   0   0   0   0   0   0
    TTC   0   0   0   0   0   0 |     TCC   1   1   1   1   1   1 |     TAC   0   0   0   0   0   0 |     TGC   0   0   0   0   0   0
Leu TTA   0   0   0   0   0   0 |     TCA   1   1   1   1   1   1 | *** TAA   0   0   0   0   0   0 | *** TGA   0   0   0   0   0   0
    TTG   3   3   3   3   3   4 |     TCG   0   0   0   0   0   0 |     TAG   0   0   0   0   0   0 | Trp TGG   0   0   0   0   0   0
--------------------------------------------------------------------------------------------------------------------------------------
Leu CTT   0   0   0   0   0   0 | Pro CCT   1   1   1   1   1   1 | His CAT   1   1   1   1   1   1 | Arg CGT   0   0   0   0   0   0
    CTC   0   0   0   0   0   0 |     CCC   0   0   0   0   0   0 |     CAC   0   0   0   0   0   0 |     CGC   0   0   0   0   0   0
    CTA   0   0   0   0   0   0 |     CCA   4   4   4   4   4   4 | Gln CAA   1   1   0   1   1   1 |     CGA   0   0   0   0   0   0
    CTG   2   2   2   2   2   1 |     CCG   0   0   0   0   0   0 |     CAG   1   1   2   1   1   1 |     CGG   0   1   0   0   0   0
--------------------------------------------------------------------------------------------------------------------------------------
Ile ATT   0   0   0   0   0   0 | Thr ACT   3   3   3   3   3   3 | Asn AAT   1   1   1   1   1   1 | Ser AGT   0   0   0   0   0   0
    ATC   0   0   0   0   0   0 |     ACC   0   0   0   0   0   0 |     AAC   0   0   0   0   0   0 |     AGC   0   0   0   0   0   0
    ATA   1   1   1   1   1   1 |     ACA   1   1   1   1   1   1 | Lys AAA   2   2   2   2   2   2 | Arg AGA   1   1   1   1   1   1
Met ATG   0   0   0   0   0   0 |     ACG   0   0   0   0   0   0 |     AAG   1   1   1   1   1   1 |     AGG   2   1   2   2   2   2
--------------------------------------------------------------------------------------------------------------------------------------
Val GTT   1   1   1   1   1   1 | Ala GCT   0   0   0   0   0   0 | Asp GAT   1   1   1   1   1   1 | Gly GGT   2   2   2   2   2   2
    GTC   0   0   0   0   0   0 |     GCC   0   0   0   0   0   0 |     GAC   1   1   1   1   1   1 |     GGC   0   0   0   0   0   0
    GTA   0   0   0   0   0   0 |     GCA   1   1   1   1   1   1 | Glu GAA   3   3   3   3   3   3 |     GGA   0   0   0   0   0   0
    GTG   0   0   0   0   0   0 |     GCG   0   0   0   0   0   0 |     GAG   1   1   1   1   1   1 |     GGG   0   0   0   0   0   0
--------------------------------------------------------------------------------------------------------------------------------------

--------------------------------------------------------------------------------------------------------------------------------------
Phe TTT   2   2   2   2   2   2 | Ser TCT   1   1   1   1   1   1 | Tyr TAT   1   1   1   1   1   1 | Cys TGT   0   0   0   0   0   0
    TTC   0   0   0   0   0   0 |     TCC   1   1   1   1   1   1 |     TAC   0   0   0   0   0   0 |     TGC   0   0   0   0   0   0
Leu TTA   0   0   0   0   0   0 |     TCA   1   1   1   1   1   1 | *** TAA   0   0   0   0   0   0 | *** TGA   0   0   0   0   0   0
    TTG   4   4   4   4   3   3 |     TCG   0   0   0   0   0   0 |     TAG   0   0   0   0   0   0 | Trp TGG   0   0   0   0   0   0
--------------------------------------------------------------------------------------------------------------------------------------
Leu CTT   0   0   0   0   0   0 | Pro CCT   1   1   1   1   1   1 | His CAT   1   1   1   1   1   1 | Arg CGT   0   0   0   0   0   0
    CTC   0   0   0   0   0   0 |     CCC   0   0   0   0   0   0 |     CAC   0   0   0   0   0   0 |     CGC   0   0   0   0   0   0
    CTA   0   0   0   0   0   0 |     CCA   4   4   4   4   4   4 | Gln CAA   1   1   1   1   1   1 |     CGA   0   0   0   0   0   0
    CTG   1   1   1   1   2   2 |     CCG   0   0   0   0   0   0 |     CAG   1   1   1   1   1   1 |     CGG   0   0   0   0   0   0
--------------------------------------------------------------------------------------------------------------------------------------
Ile ATT   0   0   0   0   0   0 | Thr ACT   3   3   3   3   3   3 | Asn AAT   1   1   1   1   1   1 | Ser AGT   0   0   0   0   0   0
    ATC   0   0   0   0   0   0 |     ACC   0   0   0   0   0   0 |     AAC   0   0   0   0   0   0 |     AGC   0   0   0   0   0   0
    ATA   1   1   1   1   1   1 |     ACA   1   0   1   1   1   1 | Lys AAA   2   2   2   2   2   2 | Arg AGA   1   1   1   1   1   1
Met ATG   0   0   0   0   0   0 |     ACG   0   0   0   0   0   0 |     AAG   1   1   1   1   1   1 |     AGG   2   2   2   2   2   2
--------------------------------------------------------------------------------------------------------------------------------------
Val GTT   1   1   1   1   1   1 | Ala GCT   0   0   0   0   0   0 | Asp GAT   1   1   1   1   1   1 | Gly GGT   2   2   2   2   2   2
    GTC   0   0   0   0   0   0 |     GCC   0   0   0   0   0   0 |     GAC   1   1   1   1   1   1 |     GGC   0   0   0   0   0   0
    GTA   0   0   0   0   0   0 |     GCA   1   2   1   1   1   1 | Glu GAA   3   3   3   3   3   3 |     GGA   0   0   0   0   0   0
    GTG   0   0   0   0   0   0 |     GCG   0   0   0   0   0   0 |     GAG   1   1   1   1   1   1 |     GGG   0   0   0   0   0   0
--------------------------------------------------------------------------------------------------------------------------------------

--------------------------------------------------------------------------------------------------------------------------------------
Phe TTT   2   2   2   2   2   2 | Ser TCT   1   1   1   1   1   1 | Tyr TAT   1   1   1   1   1   1 | Cys TGT   0   0   0   0   0   0
    TTC   0   0   0   0   0   0 |     TCC   1   1   1   1   1   1 |     TAC   0   0   0   0   0   0 |     TGC   0   0   0   0   0   0
Leu TTA   0   0   0   0   0   0 |     TCA   1   1   1   1   1   1 | *** TAA   0   0   0   0   0   0 | *** TGA   0   0   0   0   0   0
    TTG   3   3   3   3   3   3 |     TCG   0   0   0   0   0   0 |     TAG   0   0   0   0   0   0 | Trp TGG   0   0   0   0   0   0
--------------------------------------------------------------------------------------------------------------------------------------
Leu CTT   0   0   0   0   0   0 | Pro CCT   1   1   1   1   1   1 | His CAT   1   1   1   1   1   1 | Arg CGT   0   0   0   0   0   0
    CTC   0   0   0   0   0   0 |     CCC   0   0   0   0   0   0 |     CAC   0   0   0   0   0   0 |     CGC   0   0   0   0   0   0
    CTA   0   0   0   0   0   0 |     CCA   4   4   4   4   4   4 | Gln CAA   1   1   1   1   1   1 |     CGA   0   0   0   0   0   0
    CTG   2   2   2   2   2   2 |     CCG   0   0   0   0   0   0 |     CAG   1   1   1   1   1   1 |     CGG   0   0   0   0   0   0
--------------------------------------------------------------------------------------------------------------------------------------
Ile ATT   0   0   0   0   0   0 | Thr ACT   3   3   3   3   3   3 | Asn AAT   0   1   1   1   1   1 | Ser AGT   1   0   0   0   0   0
    ATC   0   0   0   0   0   0 |     ACC   0   0   0   0   0   0 |     AAC   0   0   0   0   0   0 |     AGC   0   0   0   0   0   0
    ATA   1   1   1   1   1   1 |     ACA   1   1   1   1   1   1 | Lys AAA   2   2   2   2   2   2 | Arg AGA   1   1   1   1   1   1
Met ATG   0   0   0   0   0   0 |     ACG   0   0   0   0   0   0 |     AAG   1   1   1   1   1   1 |     AGG   2   2   2   2   2   2
--------------------------------------------------------------------------------------------------------------------------------------
Val GTT   1   1   1   1   1   1 | Ala GCT   0   0   0   0   0   0 | Asp GAT   1   1   1   1   1   1 | Gly GGT   2   2   2   2   2   2
    GTC   0   0   0   0   0   0 |     GCC   0   0   0   0   0   0 |     GAC   1   1   1   1   1   1 |     GGC   0   0   0   0   0   0
    GTA   0   0   0   0   0   0 |     GCA   1   1   1   1   1   1 | Glu GAA   2   3   3   3   3   3 |     GGA   0   0   0   0   0   0
    GTG   0   0   0   0   0   0 |     GCG   0   0   0   0   0   0 |     GAG   2   1   1   1   1   1 |     GGG   0   0   0   0   0   0
--------------------------------------------------------------------------------------------------------------------------------------

Codon position x base (3x4) table for each sequence.

#1: Argali         
position  1:    T:0.21951    C:0.24390    A:0.29268    G:0.24390
position  2:    T:0.21951    C:0.31707    A:0.34146    G:0.12195
position  3:    T:0.34146    C:0.04878    A:0.36585    G:0.24390
Average         T:0.26016    C:0.20325    A:0.33333    G:0.20325

#2: LesserMouseDeer
position  1:    T:0.24390    C:0.21951    A:0.29268    G:0.24390
position  2:    T:0.24390    C:0.29268    A:0.34146    G:0.12195
position  3:    T:0.31707    C:0.04878    A:0.41463    G:0.21951
Average         T:0.26829    C:0.18699    A:0.34959    G:0.19512

#3: LesserKudu     
position  1:    T:0.21951    C:0.24390    A:0.29268    G:0.24390
position  2:    T:0.21951    C:0.31707    A:0.34146    G:0.12195
position  3:    T:0.34146    C:0.04878    A:0.36585    G:0.24390
Average         T:0.26016    C:0.20325    A:0.33333    G:0.20325

#4: ForestMuskDeer2
position  1:    T:0.21951    C:0.24390    A:0.29268    G:0.24390
position  2:    T:0.21951    C:0.31707    A:0.34146    G:0.12195
position  3:    T:0.34146    C:0.04878    A:0.36585    G:0.24390
Average         T:0.26016    C:0.20325    A:0.33333    G:0.20325

#5: Camel          
position  1:    T:0.21951    C:0.24390    A:0.29268    G:0.24390
position  2:    T:0.21951    C:0.34146    A:0.31707    G:0.12195
position  3:    T:0.31707    C:0.07317    A:0.41463    G:0.19512
Average         T:0.25203    C:0.21951    A:0.34146    G:0.18699

#6: KillerWhale    
position  1:    T:0.21951    C:0.24390    A:0.26829    G:0.26829
position  2:    T:0.21951    C:0.31707    A:0.34146    G:0.12195
position  3:    T:0.31707    C:0.07317    A:0.41463    G:0.19512
Average         T:0.25203    C:0.21138    A:0.34146    G:0.19512

#7: DefassaWaterbuck
position  1:    T:0.21951    C:0.24390    A:0.29268    G:0.24390
position  2:    T:0.21951    C:0.31707    A:0.34146    G:0.12195
position  3:    T:0.34146    C:0.04878    A:0.36585    G:0.24390
Average         T:0.26016    C:0.20325    A:0.33333    G:0.20325

#8: Sheep          
position  1:    T:0.21951    C:0.24390    A:0.29268    G:0.24390
position  2:    T:0.21951    C:0.31707    A:0.34146    G:0.12195
position  3:    T:0.34146    C:0.04878    A:0.36585    G:0.24390
Average         T:0.26016    C:0.20325    A:0.33333    G:0.20325

#9: MaxwellsDuiker 
position  1:    T:0.21951    C:0.24390    A:0.29268    G:0.24390
position  2:    T:0.21951    C:0.31707    A:0.34146    G:0.12195
position  3:    T:0.34146    C:0.04878    A:0.36585    G:0.24390
Average         T:0.26016    C:0.20325    A:0.33333    G:0.20325

#10: GazellaPrzewalskyi
position  1:    T:0.21951    C:0.24390    A:0.29268    G:0.24390
position  2:    T:0.21951    C:0.31707    A:0.34146    G:0.12195
position  3:    T:0.34146    C:0.04878    A:0.36585    G:0.24390
Average         T:0.26016    C:0.20325    A:0.33333    G:0.20325

#11: MountainNyala  
position  1:    T:0.21951    C:0.24390    A:0.29268    G:0.24390
position  2:    T:0.21951    C:0.31707    A:0.34146    G:0.12195
position  3:    T:0.34146    C:0.04878    A:0.36585    G:0.24390
Average         T:0.26016    C:0.20325    A:0.33333    G:0.20325

#12: MuntiacusMuntjak
position  1:    T:0.24390    C:0.21951    A:0.29268    G:0.24390
position  2:    T:0.21951    C:0.31707    A:0.34146    G:0.12195
position  3:    T:0.34146    C:0.04878    A:0.36585    G:0.24390
Average         T:0.26829    C:0.19512    A:0.33333    G:0.20325

#13: goat           
position  1:    T:0.21951    C:0.24390    A:0.29268    G:0.24390
position  2:    T:0.21951    C:0.31707    A:0.34146    G:0.12195
position  3:    T:0.34146    C:0.04878    A:0.36585    G:0.24390
Average         T:0.26016    C:0.20325    A:0.33333    G:0.20325

#14: AfricanBuffalo 
position  1:    T:0.21951    C:0.24390    A:0.29268    G:0.24390
position  2:    T:0.21951    C:0.31707    A:0.34146    G:0.12195
position  3:    T:0.34146    C:0.04878    A:0.36585    G:0.24390
Average         T:0.26016    C:0.20325    A:0.33333    G:0.20325

#15: Topi           
position  1:    T:0.21951    C:0.24390    A:0.29268    G:0.24390
position  2:    T:0.21951    C:0.31707    A:0.34146    G:0.12195
position  3:    T:0.34146    C:0.04878    A:0.36585    G:0.24390
Average         T:0.26016    C:0.20325    A:0.33333    G:0.20325

#16: CommonDuiker   
position  1:    T:0.21951    C:0.24390    A:0.29268    G:0.24390
position  2:    T:0.21951    C:0.31707    A:0.34146    G:0.12195
position  3:    T:0.34146    C:0.04878    A:0.36585    G:0.24390
Average         T:0.26016    C:0.20325    A:0.33333    G:0.20325

#17: Suni           
position  1:    T:0.21951    C:0.24390    A:0.29268    G:0.24390
position  2:    T:0.21951    C:0.31707    A:0.34146    G:0.12195
position  3:    T:0.31707    C:0.07317    A:0.34146    G:0.26829
Average         T:0.25203    C:0.21138    A:0.32520    G:0.21138

#18: Springbuck     
position  1:    T:0.21951    C:0.24390    A:0.29268    G:0.24390
position  2:    T:0.21951    C:0.31707    A:0.34146    G:0.12195
position  3:    T:0.34146    C:0.04878    A:0.36585    G:0.24390
Average         T:0.26016    C:0.20325    A:0.33333    G:0.20325

#19: Okapi          
position  1:    T:0.21951    C:0.24390    A:0.29268    G:0.24390
position  2:    T:0.21951    C:0.31707    A:0.34146    G:0.12195
position  3:    T:0.34146    C:0.04878    A:0.36585    G:0.24390
Average         T:0.26016    C:0.20325    A:0.33333    G:0.20325

#20: Giraffe        
position  1:    T:0.21951    C:0.24390    A:0.29268    G:0.24390
position  2:    T:0.21951    C:0.31707    A:0.34146    G:0.12195
position  3:    T:0.34146    C:0.04878    A:0.36585    G:0.24390
Average         T:0.26016    C:0.20325    A:0.33333    G:0.20325

#21: TibetanAntelope
position  1:    T:0.21951    C:0.24390    A:0.29268    G:0.24390
position  2:    T:0.21951    C:0.31707    A:0.34146    G:0.12195
position  3:    T:0.34146    C:0.04878    A:0.36585    G:0.24390
Average         T:0.26016    C:0.20325    A:0.33333    G:0.20325

#22: Sitatunga      
position  1:    T:0.21951    C:0.24390    A:0.29268    G:0.24390
position  2:    T:0.21951    C:0.31707    A:0.34146    G:0.12195
position  3:    T:0.34146    C:0.04878    A:0.36585    G:0.24390
Average         T:0.26016    C:0.20325    A:0.33333    G:0.20325

#23: Oribi          
position  1:    T:0.21951    C:0.24390    A:0.29268    G:0.24390
position  2:    T:0.21951    C:0.31707    A:0.34146    G:0.12195
position  3:    T:0.31707    C:0.07317    A:0.36585    G:0.24390
Average         T:0.25203    C:0.21138    A:0.33333    G:0.20325

#24: BarbarySheep   
position  1:    T:0.21951    C:0.24390    A:0.29268    G:0.24390
position  2:    T:0.21951    C:0.31707    A:0.34146    G:0.12195
position  3:    T:0.34146    C:0.04878    A:0.36585    G:0.24390
Average         T:0.26016    C:0.20325    A:0.33333    G:0.20325

#25: Daviddeer      
position  1:    T:0.21951    C:0.24390    A:0.29268    G:0.24390
position  2:    T:0.21951    C:0.31707    A:0.34146    G:0.12195
position  3:    T:0.34146    C:0.04878    A:0.36585    G:0.24390
Average         T:0.26016    C:0.20325    A:0.33333    G:0.20325

#26: Reindeer       
position  1:    T:0.24390    C:0.21951    A:0.29268    G:0.24390
position  2:    T:0.21951    C:0.31707    A:0.34146    G:0.12195
position  3:    T:0.31707    C:0.07317    A:0.36585    G:0.24390
Average         T:0.26016    C:0.20325    A:0.33333    G:0.20325

#27: Ibex           
position  1:    T:0.21951    C:0.24390    A:0.29268    G:0.24390
position  2:    T:0.21951    C:0.31707    A:0.34146    G:0.12195
position  3:    T:0.34146    C:0.04878    A:0.36585    G:0.24390
Average         T:0.26016    C:0.20325    A:0.33333    G:0.20325

#28: GyrantGazelle  
position  1:    T:0.21951    C:0.24390    A:0.26829    G:0.26829
position  2:    T:0.21951    C:0.31707    A:0.34146    G:0.12195
position  3:    T:0.34146    C:0.04878    A:0.36585    G:0.24390
Average         T:0.26016    C:0.20325    A:0.32520    G:0.21138

#29: Hartebeest     
position  1:    T:0.21951    C:0.24390    A:0.29268    G:0.24390
position  2:    T:0.21951    C:0.31707    A:0.34146    G:0.12195
position  3:    T:0.34146    C:0.04878    A:0.36585    G:0.24390
Average         T:0.26016    C:0.20325    A:0.33333    G:0.20325

#30: Bongo          
position  1:    T:0.21951    C:0.24390    A:0.29268    G:0.24390
position  2:    T:0.21951    C:0.31707    A:0.34146    G:0.12195
position  3:    T:0.34146    C:0.04878    A:0.36585    G:0.24390
Average         T:0.26016    C:0.20325    A:0.33333    G:0.20325

#31: Gerenuk        
position  1:    T:0.21951    C:0.24390    A:0.29268    G:0.24390
position  2:    T:0.21951    C:0.31707    A:0.34146    G:0.12195
position  3:    T:0.34146    C:0.04878    A:0.36585    G:0.24390
Average         T:0.26016    C:0.20325    A:0.33333    G:0.20325

#32: CommonEland    
position  1:    T:0.21951    C:0.24390    A:0.29268    G:0.24390
position  2:    T:0.21951    C:0.31707    A:0.34146    G:0.12195
position  3:    T:0.34146    C:0.04878    A:0.36585    G:0.24390
Average         T:0.26016    C:0.20325    A:0.33333    G:0.20325

#33: MuntiacusReevesi
position  1:    T:0.24390    C:0.21951    A:0.29268    G:0.24390
position  2:    T:0.21951    C:0.31707    A:0.34146    G:0.12195
position  3:    T:0.34146    C:0.04878    A:0.36585    G:0.24390
Average         T:0.26829    C:0.19512    A:0.33333    G:0.20325

#34: HarveysDuiker  
position  1:    T:0.21951    C:0.24390    A:0.29268    G:0.24390
position  2:    T:0.21951    C:0.31707    A:0.34146    G:0.12195
position  3:    T:0.34146    C:0.04878    A:0.36585    G:0.24390
Average         T:0.26016    C:0.20325    A:0.33333    G:0.20325

#35: Pronghorn      
position  1:    T:0.21951    C:0.24390    A:0.26829    G:0.26829
position  2:    T:0.21951    C:0.31707    A:0.34146    G:0.12195
position  3:    T:0.34146    C:0.04878    A:0.36585    G:0.24390
Average         T:0.26016    C:0.20325    A:0.32520    G:0.21138

#36: BlueWildebeest 
position  1:    T:0.21951    C:0.24390    A:0.29268    G:0.24390
position  2:    T:0.21951    C:0.29268    A:0.36585    G:0.12195
position  3:    T:0.34146    C:0.04878    A:0.36585    G:0.24390
Average         T:0.26016    C:0.19512    A:0.34146    G:0.20325

#37: Gemsbok        
position  1:    T:0.21951    C:0.24390    A:0.29268    G:0.24390
position  2:    T:0.21951    C:0.31707    A:0.34146    G:0.12195
position  3:    T:0.34146    C:0.04878    A:0.36585    G:0.24390
Average         T:0.26016    C:0.20325    A:0.33333    G:0.20325

#38: Yak            
position  1:    T:0.21951    C:0.26829    A:0.26829    G:0.24390
position  2:    T:0.21951    C:0.31707    A:0.34146    G:0.12195
position  3:    T:0.34146    C:0.04878    A:0.36585    G:0.24390
Average         T:0.26016    C:0.21138    A:0.32520    G:0.20325

#39: BlueSheep      
position  1:    T:0.21951    C:0.24390    A:0.29268    G:0.24390
position  2:    T:0.21951    C:0.31707    A:0.34146    G:0.12195
position  3:    T:0.34146    C:0.04878    A:0.34146    G:0.26829
Average         T:0.26016    C:0.20325    A:0.32520    G:0.21138

#40: BohorReedbuck  
position  1:    T:0.21951    C:0.24390    A:0.29268    G:0.24390
position  2:    T:0.21951    C:0.31707    A:0.34146    G:0.12195
position  3:    T:0.34146    C:0.04878    A:0.36585    G:0.24390
Average         T:0.26016    C:0.20325    A:0.33333    G:0.20325

#41: KirksDik       
position  1:    T:0.21951    C:0.24390    A:0.29268    G:0.24390
position  2:    T:0.21951    C:0.31707    A:0.34146    G:0.12195
position  3:    T:0.34146    C:0.04878    A:0.36585    G:0.24390
Average         T:0.26016    C:0.20325    A:0.33333    G:0.20325

#42: RoeDeer        
position  1:    T:0.24390    C:0.21951    A:0.29268    G:0.24390
position  2:    T:0.21951    C:0.31707    A:0.34146    G:0.12195
position  3:    T:0.34146    C:0.04878    A:0.36585    G:0.24390
Average         T:0.26829    C:0.19512    A:0.33333    G:0.20325

#43: WhiteLippedDeer
position  1:    T:0.24390    C:0.21951    A:0.29268    G:0.24390
position  2:    T:0.21951    C:0.31707    A:0.34146    G:0.12195
position  3:    T:0.34146    C:0.04878    A:0.36585    G:0.24390
Average         T:0.26829    C:0.19512    A:0.33333    G:0.20325

#44: ThomsonGazelle 
position  1:    T:0.24390    C:0.21951    A:0.26829    G:0.26829
position  2:    T:0.21951    C:0.31707    A:0.34146    G:0.12195
position  3:    T:0.34146    C:0.04878    A:0.36585    G:0.24390
Average         T:0.26829    C:0.19512    A:0.32520    G:0.21138

#45: MuntiacusCrinifrons
position  1:    T:0.24390    C:0.21951    A:0.29268    G:0.24390
position  2:    T:0.21951    C:0.31707    A:0.34146    G:0.12195
position  3:    T:0.34146    C:0.04878    A:0.36585    G:0.24390
Average         T:0.26829    C:0.19512    A:0.33333    G:0.20325

#46: WhiteTailedDeer
position  1:    T:0.24390    C:0.21951    A:0.29268    G:0.24390
position  2:    T:0.21951    C:0.31707    A:0.34146    G:0.12195
position  3:    T:0.34146    C:0.04878    A:0.36585    G:0.24390
Average         T:0.26829    C:0.19512    A:0.33333    G:0.20325

#47: Cattle         
position  1:    T:0.21951    C:0.24390    A:0.29268    G:0.24390
position  2:    T:0.21951    C:0.31707    A:0.34146    G:0.12195
position  3:    T:0.34146    C:0.04878    A:0.36585    G:0.24390
Average         T:0.26016    C:0.20325    A:0.33333    G:0.20325

#48: RoyalAntelope  
position  1:    T:0.21951    C:0.24390    A:0.29268    G:0.24390
position  2:    T:0.21951    C:0.31707    A:0.34146    G:0.12195
position  3:    T:0.34146    C:0.04878    A:0.36585    G:0.24390
Average         T:0.26016    C:0.20325    A:0.33333    G:0.20325

#49: Steenbok       
position  1:    T:0.21951    C:0.24390    A:0.29268    G:0.24390
position  2:    T:0.21951    C:0.31707    A:0.31707    G:0.14634
position  3:    T:0.34146    C:0.04878    A:0.34146    G:0.26829
Average         T:0.26016    C:0.20325    A:0.31707    G:0.21951

#50: Impala         
position  1:    T:0.21951    C:0.24390    A:0.29268    G:0.24390
position  2:    T:0.21951    C:0.31707    A:0.34146    G:0.12195
position  3:    T:0.34146    C:0.04878    A:0.36585    G:0.24390
Average         T:0.26016    C:0.20325    A:0.33333    G:0.20325

#51: Klipspringer   
position  1:    T:0.21951    C:0.24390    A:0.29268    G:0.24390
position  2:    T:0.21951    C:0.31707    A:0.34146    G:0.12195
