1
52 1
Argali 0.000000 0.117100 0.041100 0.090400 0.024700 0.002100 0.020300 0.032300 0.038800 0.040600 0.007700 0.033400 0.023500 0.025700 0.027100 0.030200 0.048100 0.037600 0.020200 0.036500 0.022500 0.010500 0.036000 0.039200 0.007400 0.028000 0.021400 0.036600 0.031300 0.037600 0.042800 0.023500 0.055800 0.023500 0.022400 0.033400 0.011600 0.024600 0.033500 0.039400 0.035800 0.025800 0.040600 0.038200 0.034100 0.025100 0.032300 0.036700 0.029900 0.036600 0.032100 0.038600
LesserMous 0.117100 0.000000 0.121100 0.127100 0.109300 0.115800 0.107200 0.122600 0.118400 0.119000 0.112200 0.111600 0.116500 0.109100 0.116400 0.120400 0.123700 0.113500 0.119900 0.118300 0.114300 0.118400 0.107900 0.118700 0.114800 0.119200 0.111900 0.118700 0.118700 0.119900 0.121600 0.109800 0.139200 0.114100 0.114900 0.112800 0.119800 0.109200 0.121300 0.119400 0.107700 0.115400 0.120400 0.116000 0.111500 0.115500 0.125200 0.128700 0.113800 0.123200 0.115600 0.121100
LesserKudu 0.041100 0.121100 0.000000 0.103000 0.039100 0.038800 0.031200 0.044900 0.012700 0.049500 0.038200 0.032300 0.042200 0.038900 0.042600 0.040200 0.061700 0.052200 0.045500 0.012700 0.033600 0.038800 0.047100 0.048100 0.037700 0.039100 0.037900 0.012700 0.041300 0.014800 0.049600 0.034500 0.069000 0.040000 0.042300 0.033400 0.039900 0.038900 0.040200 0.046100 0.044800 0.034500 0.049600 0.048200 0.033500 0.038800 0.043400 0.050100 0.039900 0.052200 0.010600 0.013700
KillerWhal 0.090400 0.127100 0.103000 0.000000 0.091000 0.087900 0.084200 0.095600 0.100100 0.092100 0.084800 0.093900 0.095600 0.089200 0.092300 0.091400 0.095600 0.087800 0.100400 0.097700 0.084100 0.083100 0.091000 0.094100 0.084400 0.093500 0.090600 0.097600 0.091800 0.098800 0.092300 0.084200 0.112200 0.090300 0.091900 0.089600 0.086800 0.093000 0.093300 0.095400 0.087200 0.091300 0.092200 0.093700 0.093000 0.088100 0.088900 0.096600 0.085700 0.091900 0.095000 0.100400
DefassaWat 0.024700 0.109300 0.039100 0.091000 0.000000 0.022500 0.018200 0.030300 0.036800 0.036300 0.019600 0.034000 0.026900 0.021500 0.025000 0.028200 0.047200 0.036700 0.031300 0.034600 0.020500 0.024700 0.035100 0.036100 0.021400 0.023800 0.022600 0.034700 0.028100 0.035600 0.038600 0.019300 0.053900 0.024700 0.024800 0.032800 0.023600 0.008500 0.031500 0.037400 0.034900 0.019400 0.036300 0.036200 0.033500 0.025800 0.031400 0.030200 0.026900 0.036800 0.030100 0.036700
Sheep 0.002100 0.115800 0.038800 0.087900 0.022500 0.000000 0.018100 0.030000 0.036500 0.038300 0.005500 0.031100 0.021300 0.023500 0.024900 0.028000 0.045800 0.035300 0.018100 0.034300 0.020300 0.008400 0.034800 0.037000 0.005300 0.025800 0.019200 0.034400 0.029100 0.035400 0.040600 0.021400 0.053500 0.021300 0.020300 0.031200 0.009500 0.022400 0.031300 0.037200 0.034700 0.023600 0.038400 0.035900 0.031800 0.022900 0.030100 0.034400 0.027800 0.034300 0.029900 0.036400
MaxwellsDu 0.020300 0.107200 0.031200 0.084200 0.018200 0.018100 0.000000 0.026800 0.026800 0.032800 0.017400 0.027900 0.024600 0.012800 0.021700 0.024700 0.039200 0.031100 0.026800 0.024600 0.015000 0.020200 0.029400 0.032700 0.017000 0.020400 0.020400 0.026800 0.021500 0.026700 0.035100 0.009600 0.051400 0.022500 0.021400 0.026900 0.021300 0.018100 0.025900 0.031700 0.029300 0.018200 0.032900 0.032700 0.027500 0.020300 0.024700 0.029000 0.023500 0.031100 0.022400 0.027800
GazellaPrz 0.032300 0.122600 0.044900 0.095600 0.030300 0.030000 0.026800 0.000000 0.043300 0.040100 0.027900 0.042300 0.032300 0.030200 0.031700 0.023700 0.049300 0.041000 0.040400 0.041000 0.018300 0.027800 0.036700 0.037800 0.026800 0.021500 0.029100 0.041200 0.024800 0.042100 0.042400 0.028000 0.060400 0.032300 0.033500 0.036800 0.031100 0.032300 0.029200 0.036100 0.034400 0.018700 0.040200 0.037800 0.039700 0.030600 0.026900 0.036700 0.035500 0.034400 0.035500 0.043200
MountainNy 0.038800 0.118400 0.012700 0.100100 0.036800 0.036500 0.026800 0.043300 0.000000 0.048200 0.035900 0.030100 0.041000 0.035600 0.040300 0.041200 0.060500 0.049800 0.045500 0.004200 0.031300 0.036500 0.045900 0.046900 0.035400 0.036800 0.036700 0.006300 0.039000 0.009500 0.050600 0.030100 0.066000 0.041000 0.040000 0.032300 0.037700 0.036600 0.036800 0.047200 0.043500 0.034500 0.048300 0.047000 0.032300 0.038800 0.041100 0.047700 0.037600 0.049900 0.008400 0.009500
MuntiacusM 0.040600 0.119000 0.049500 0.092100 0.036300 0.038300 0.032800 0.040100 0.048200 0.000000 0.037700 0.045100 0.042300 0.031400 0.039300 0.033600 0.048200 0.037700 0.044000 0.043800 0.030300 0.036100 0.020500 0.025800 0.037200 0.033700 0.038000 0.046100 0.034700 0.044900 0.006300 0.029100 0.059400 0.040100 0.034700 0.046200 0.041800 0.036100 0.040400 0.026100 0.018300 0.029200 0.002100 0.025900 0.047000 0.040500 0.041200 0.044700 0.036700 0.042200 0.041400 0.048200
goat 0.007700 0.112200 0.038200 0.084800 0.019600 0.005500 0.017400 0.027900 0.035900 0.037700 0.000000 0.030600 0.020700 0.022800 0.026400 0.025800 0.043600 0.031000 0.017400 0.033700 0.018200 0.006300 0.034200 0.034800 0.003200 0.023600 0.018500 0.033800 0.026900 0.034700 0.039900 0.020600 0.055200 0.020700 0.019600 0.029000 0.007400 0.019500 0.029100 0.036400 0.034000 0.021400 0.037700 0.033800 0.029700 0.022800 0.027900 0.032300 0.027100 0.032200 0.029200 0.035800
AfricanBuf 0.033400 0.111600 0.032300 0.093900 0.034000 0.031100 0.027900 0.042300 0.030100 0.045100 0.030600 0.000000 0.035600 0.031400 0.037100 0.038100 0.057000 0.044300 0.040100 0.029000 0.030300 0.033300 0.041700 0.042700 0.030000 0.035900 0.031300 0.029100 0.041500 0.030000 0.047400 0.024700 0.063300 0.035600 0.034600 0.022500 0.032300 0.033900 0.041600 0.045100 0.039300 0.033600 0.045200 0.042700 0.022500 0.035600 0.041200 0.042300 0.033300 0.046700 0.026700 0.031100
Topi 0.023500 0.116500 0.042200 0.095600 0.026900 0.021300 0.024600 0.032300 0.041000 0.042300 0.020700 0.035600 0.000000 0.025800 0.026900 0.034600 0.050400 0.037600 0.030100 0.038800 0.024800 0.023400 0.038900 0.038800 0.020200 0.025800 0.006400 0.038900 0.031300 0.039900 0.044700 0.025800 0.061600 0.010600 0.023600 0.033500 0.024600 0.024600 0.035700 0.039000 0.036500 0.025800 0.042400 0.037700 0.035700 0.032300 0.032400 0.035600 0.031100 0.041000 0.034300 0.040900
CommonDuik 0.025700 0.109100 0.038900 0.089200 0.021500 0.023500 0.012800 0.030200 0.035600 0.031400 0.022800 0.031400 0.025800 0.000000 0.025000 0.023700 0.042600 0.034400 0.029100 0.033300 0.018300 0.025700 0.030200 0.033400 0.022400 0.019300 0.021500 0.034500 0.024800 0.034400 0.033600 0.009600 0.054900 0.023600 0.023600 0.032400 0.026800 0.021400 0.029200 0.034700 0.030000 0.017100 0.031400 0.033400 0.033200 0.025700 0.029100 0.032400 0.024700 0.034500 0.030000 0.035500
Suni 0.027100 0.116400 0.042600 0.092300 0.025000 0.024900 0.021700 0.031700 0.040300 0.039300 0.026400 0.037100 0.026900 0.025000 0.000000 0.031700 0.048500 0.040200 0.036000 0.038000 0.020900 0.029300 0.033700 0.039200 0.026000 0.027200 0.022600 0.038200 0.028300 0.039100 0.041600 0.020600 0.058600 0.024700 0.028300 0.033800 0.028200 0.024800 0.032800 0.036000 0.031300 0.025000 0.039300 0.036900 0.036600 0.029400 0.032800 0.029400 0.028300 0.038200 0.033500 0.040200
Springbuck 0.030200 0.120400 0.040200 0.091400 0.028200 0.028000 0.024700 0.023700 0.041200 0.033600 0.025800 0.038100 0.034600 0.023700 0.031700 0.000000 0.044900 0.041100 0.036900 0.039000 0.016100 0.025800 0.034700 0.038000 0.024700 0.017200 0.030300 0.039100 0.018300 0.040000 0.035900 0.021500 0.058400 0.032400 0.031400 0.034700 0.029100 0.028000 0.024900 0.038100 0.034600 0.011800 0.033600 0.035800 0.035300 0.025800 0.022600 0.034700 0.029100 0.036800 0.033400 0.038900
Okapi 0.048100 0.123700 0.061700 0.095600 0.047200 0.045800 0.039200 0.049300 0.060500 0.048200 0.043600 0.057000 0.050400 0.042600 0.048500 0.044900 0.000000 0.015900 0.051500 0.058100 0.039300 0.043500 0.044800 0.043600 0.042400 0.044900 0.046000 0.058300 0.048300 0.059200 0.052800 0.040400 0.059700 0.048100 0.042600 0.049300 0.046900 0.047000 0.048400 0.041500 0.044700 0.040300 0.048200 0.046000 0.050000 0.048100 0.045900 0.049300 0.045800 0.044700 0.053500 0.058000
Giraffe 0.037600 0.113500 0.052200 0.087800 0.036700 0.035300 0.031100 0.041000 0.049800 0.037700 0.031000 0.044300 0.037600 0.034400 0.040200 0.041100 0.015900 0.000000 0.042100 0.047600 0.031200 0.035300 0.036600 0.036500 0.032100 0.036800 0.033400 0.047600 0.040000 0.048700 0.042200 0.032200 0.052400 0.037600 0.032200 0.041100 0.036500 0.036500 0.042400 0.036800 0.034200 0.033300 0.037800 0.035400 0.041100 0.040900 0.039900 0.041100 0.037600 0.036500 0.043000 0.049700
TibetanAnt 0.020200 0.119900 0.045500 0.100400 0.031300 0.018100 0.026800 0.040400 0.045500 0.044000 0.017400 0.040100 0.030100 0.029100 0.036000 0.036900 0.051500 0.042100 0.000000 0.043200 0.029200 0.020200 0.043900 0.046400 0.017000 0.033600 0.028000 0.043400 0.036200 0.044300 0.048600 0.029100 0.065100 0.030100 0.024700 0.039000 0.021300 0.031200 0.040200 0.039400 0.043700 0.029100 0.044100 0.045500 0.039700 0.032200 0.039000 0.043400 0.034400 0.045500 0.038700 0.044200
Sitatunga 0.036500 0.118300 0.012700 0.097700 0.034600 0.034300 0.024600 0.041000 0.004200 0.043800 0.033700 0.029000 0.038800 0.033300 0.038000 0.039000 0.058100 0.047600 0.043200 0.000000 0.029100 0.034200 0.041400 0.042400 0.033200 0.034500 0.034500 0.004200 0.036800 0.005300 0.046100 0.027900 0.066000 0.038800 0.037800 0.030100 0.035400 0.034400 0.035700 0.044900 0.039100 0.032300 0.043900 0.042500 0.030100 0.036500 0.038800 0.045500 0.035400 0.047600 0.006300 0.007300
Oribi 0.022500 0.114300 0.033600 0.084100 0.020500 0.020300 0.015000 0.018300 0.031300 0.030300 0.018200 0.030300 0.024800 0.018300 0.020900 0.016100 0.039300 0.031200 0.029200 0.029100 0.000000 0.018200 0.027000 0.028000 0.017100 0.011800 0.020500 0.029200 0.017200 0.030200 0.032600 0.016100 0.053900 0.022600 0.021500 0.027000 0.021400 0.020400 0.017200 0.029300 0.026900 0.009600 0.030300 0.028000 0.027600 0.021500 0.017200 0.027000 0.023600 0.029100 0.024700 0.031200
BarbaryShe 0.010500 0.118400 0.038800 0.083100 0.024700 0.008400 0.020200 0.027800 0.036500 0.036100 0.006300 0.033300 0.023400 0.025700 0.029300 0.025800 0.043500 0.035300 0.020200 0.034200 0.018200 0.000000 0.034800 0.032500 0.005200 0.023600 0.021300 0.034400 0.026800 0.035300 0.038400 0.023500 0.058000 0.023400 0.022400 0.031200 0.009500 0.024500 0.026900 0.034900 0.034700 0.021400 0.036100 0.033700 0.031800 0.025600 0.025700 0.034400 0.029900 0.034300 0.029800 0.036400
Daviddeer 0.036000 0.107900 0.047100 0.091000 0.035100 0.034800 0.029400 0.036700 0.045900 0.020500 0.034200 0.041700 0.038900 0.030200 0.033700 0.034700 0.044800 0.036600 0.043900 0.041400 0.027000 0.034800 0.000000 0.020300 0.033800 0.032500 0.034600 0.041600 0.035800 0.042500 0.022700 0.028000 0.055700 0.036700 0.033500 0.042800 0.038200 0.034900 0.036900 0.024700 0.008500 0.030200 0.020500 0.020400 0.043500 0.037100 0.037900 0.043400 0.035600 0.036600 0.039100 0.045800
Reindeer 0.039200 0.118700 0.048100 0.094100 0.036100 0.037000 0.032700 0.037800 0.046900 0.025800 0.034800 0.042700 0.038800 0.033400 0.039200 0.038000 0.043600 0.036500 0.046400 0.042400 0.028000 0.032500 0.020300 0.000000 0.033700 0.031300 0.034500 0.044800 0.039000 0.043500 0.028000 0.033400 0.060300 0.036600 0.034600 0.041600 0.038100 0.033700 0.035700 0.025700 0.018000 0.029000 0.025800 0.013800 0.042300 0.040300 0.036700 0.044400 0.041000 0.037600 0.040100 0.046800
Ibex 0.007400 0.114800 0.037700 0.084400 0.021400 0.005300 0.017000 0.026800 0.035400 0.037200 0.003200 0.030000 0.020200 0.022400 0.026000 0.024700 0.042400 0.032100 0.017000 0.033200 0.017100 0.005200 0.033800 0.033700 0.000000 0.022500 0.018100 0.033300 0.025800 0.034300 0.039500 0.020300 0.052400 0.020200 0.019200 0.025700 0.004200 0.021300 0.028000 0.036100 0.033600 0.020300 0.037300 0.032600 0.028600 0.022400 0.026800 0.031100 0.026700 0.031000 0.028800 0.035300
GyrantGaze 0.028000 0.119200 0.039100 0.093500 0.023800 0.025800 0.020400 0.021500 0.036800 0.033700 0.023600 0.035900 0.025800 0.019300 0.027200 0.017200 0.044900 0.036800 0.033600 0.034500 0.011800 0.023600 0.032500 0.031300 0.022500 0.000000 0.023700 0.034700 0.018300 0.035600 0.035900 0.019300 0.059600 0.025900 0.025900 0.030300 0.026900 0.023700 0.022700 0.034800 0.032400 0.008600 0.033700 0.031300 0.030900 0.026900 0.018300 0.031300 0.028000 0.034600 0.029000 0.036700
Hartebeest 0.021400 0.111900 0.037900 0.090600 0.022600 0.019200 0.020400 0.029100 0.036700 0.038000 0.018500 0.031300 0.006400 0.021500 0.022600 0.030300 0.046000 0.033400 0.028000 0.034500 0.020500 0.021300 0.034600 0.034500 0.018100 0.023700 0.000000 0.034600 0.027000 0.035600 0.040300 0.021500 0.056000 0.006400 0.019300 0.029200 0.022400 0.020300 0.031500 0.034700 0.032200 0.021500 0.038000 0.033400 0.031400 0.028000 0.028100 0.032400 0.027900 0.036700 0.030000 0.036600
Bongo 0.036600 0.118700 0.012700 0.097600 0.034700 0.034400 0.026800 0.041200 0.006300 0.046100 0.033800 0.029100 0.038900 0.034500 0.038200 0.039100 0.058300 0.047600 0.043400 0.004200 0.029200 0.034400 0.041600 0.044800 0.033300 0.034700 0.034600 0.000000 0.036900 0.008500 0.048400 0.030100 0.066200 0.038900 0.037900 0.030200 0.035500 0.034500 0.034800 0.045000 0.041400 0.032400 0.046200 0.044900 0.030200 0.036700 0.039000 0.045600 0.035500 0.047800 0.006300 0.008400
Gerenuk 0.031300 0.118700 0.041300 0.091800 0.028100 0.029100 0.021500 0.024800 0.039000 0.034700 0.026900 0.041500 0.031300 0.024800 0.028300 0.018300 0.048300 0.040000 0.036200 0.036800 0.017200 0.026800 0.035800 0.039000 0.025800 0.018300 0.027000 0.036900 0.000000 0.037800 0.037000 0.022600 0.060700 0.029100 0.030300 0.035800 0.028000 0.028000 0.027100 0.038100 0.033400 0.014000 0.034700 0.039000 0.038700 0.032400 0.024800 0.035800 0.034700 0.037900 0.031200 0.038900
CommonElan 0.037600 0.119900 0.014800 0.098800 0.035600 0.035400 0.026700 0.042100 0.009500 0.044900 0.034700 0.030000 0.039900 0.034400 0.039100 0.040000 0.059200 0.048700 0.044300 0.005300 0.030200 0.035300 0.042500 0.043500 0.034300 0.035600 0.035600 0.008500 0.037800 0.000000 0.047200 0.030000 0.067100 0.039800 0.038900 0.031100 0.036500 0.035500 0.036800 0.045900 0.040200 0.033400 0.044900 0.043500 0.031200 0.037600 0.039900 0.046500 0.036400 0.048700 0.008400 0.004200
MuntiacusR 0.042800 0.121600 0.049600 0.092300 0.038600 0.040600 0.035100 0.042400 0.050600 0.006300 0.039900 0.047400 0.044700 0.033600 0.041600 0.035900 0.052800 0.042200 0.048600 0.046100 0.032600 0.038400 0.022700 0.028000 0.039500 0.035900 0.040300 0.048400 0.037000 0.047200 0.000000 0.031400 0.061800 0.040200 0.039200 0.048500 0.044100 0.038400 0.042700 0.030500 0.020400 0.031400 0.008400 0.028100 0.049300 0.042800 0.043500 0.047100 0.041300 0.044500 0.043700 0.050500
HarveysDui 0.023500 0.109800 0.034500 0.084200 0.019300 0.021400 0.009600 0.028000 0.030100 0.029100 0.020600 0.024700 0.025800 0.009600 0.020600 0.021500 0.040400 0.032200 0.029100 0.027900 0.016100 0.023500 0.028000 0.033400 0.020300 0.019300 0.021500 0.030100 0.022600 0.030000 0.031400 0.000000 0.052600 0.023600 0.022600 0.030200 0.020300 0.021400 0.027000 0.032500 0.027900 0.017100 0.029200 0.033400 0.030900 0.023600 0.026900 0.028000 0.020300 0.032300 0.025600 0.031100
Pronghorn 0.055800 0.139200 0.069000 0.112200 0.053900 0.053500 0.051400 0.060400 0.066000 0.059400 0.055200 0.063300 0.061600 0.054900 0.058600 0.058400 0.059700 0.052400 0.065100 0.066000 0.053900 0.058000 0.055700 0.060300 0.052400 0.059600 0.056000 0.066200 0.060700 0.067100 0.061800 0.052600 0.000000 0.059300 0.056100 0.061100 0.056900 0.054800 0.063000 0.059900 0.055700 0.057200 0.059400 0.060500 0.064100 0.058100 0.062800 0.061600 0.055800 0.058100 0.062500 0.068100
BlueWildeb 0.023500 0.114100 0.040000 0.090300 0.024700 0.021300 0.022500 0.032300 0.041000 0.040100 0.020700 0.035600 0.010600 0.023600 0.024700 0.032400 0.048100 0.037600 0.030100 0.038800 0.022600 0.023400 0.036700 0.036600 0.020200 0.025900 0.006400 0.038900 0.029100 0.039800 0.040200 0.023600 0.059300 0.000000 0.021400 0.033500 0.024500 0.022400 0.033700 0.036800 0.034300 0.023700 0.040200 0.035500 0.036400 0.030100 0.030200 0.034500 0.030000 0.038800 0.034300 0.040900
Gemsbok 0.022400 0.114900 0.042300 0.091900 0.024800 0.020300 0.021400 0.033500 0.040000 0.034700 0.019600 0.034600 0.023600 0.023600 0.028300 0.031400 0.042600 0.032200 0.024700 0.037800 0.021500 0.022400 0.033500 0.034600 0.019200 0.025900 0.019300 0.037900 0.030300 0.038900 0.039200 0.022600 0.056100 0.021400 0.000000 0.034700 0.023500 0.024700 0.032500 0.033600 0.033400 0.023700 0.034700 0.033500 0.035300 0.029000 0.031300 0.035700 0.026800 0.037800 0.033300 0.039900
Yak 0.033400 0.112800 0.033400 0.089600 0.032800 0.031200 0.026900 0.036800 0.032300 0.046200 0.029000 0.022500 0.033500 0.032400 0.033800 0.034700 0.049300 0.041100 0.039000 0.030100 0.027000 0.031200 0.042800 0.041600 0.025700 0.030300 0.029200 0.030200 0.035800 0.031100 0.048500 0.030200 0.061100 0.033500 0.034700 0.000000 0.030100 0.032700 0.038200 0.040600 0.038200 0.029200 0.046300 0.041700 0.004300 0.033400 0.035700 0.041200 0.034500 0.043400 0.027800 0.030000
BlueSheep 0.011600 0.119800 0.039900 0.086800 0.023600 0.009500 0.021300 0.031100 0.037700 0.041800 0.007400 0.032300 0.024600 0.026800 0.028200 0.029100 0.046900 0.036500 0.021300 0.035400 0.021400 0.009500 0.038200 0.038100 0.004200 0.026900 0.022400 0.035500 0.028000 0.036500 0.044100 0.020300 0.056900 0.024500 0.023500 0.030100 0.000000 0.025700 0.032400 0.040500 0.038000 0.024700 0.041900 0.037000 0.033000 0.026700 0.031200 0.033300 0.028900 0.035400 0.031000 0.037500
BohorReedb 0.024600 0.109200 0.038900 0.093000 0.008500 0.022400 0.018100 0.032300 0.036600 0.036100 0.019500 0.033900 0.024600 0.021400 0.024800 0.028000 0.047000 0.036500 0.031200 0.034400 0.020400 0.024500 0.034900 0.033700 0.021300 0.023700 0.020300 0.034500 0.028000 0.035500 0.038400 0.021400 0.054800 0.022400 0.024700 0.032700 0.025700 0.000000 0.031300 0.037300 0.034800 0.019300 0.036100 0.036000 0.033300 0.025700 0.031200 0.032300 0.029000 0.036600 0.030000 0.036500
KirksDik 0.033500 0.121300 0.040200 0.093300 0.031500 0.031300 0.025900 0.029200 0.036800 0.040400 0.029100 0.041600 0.035700 0.029200 0.032800 0.024900 0.048400 0.042400 0.040200 0.035700 0.017200 0.026900 0.036900 0.035700 0.028000 0.022700 0.031500 0.034800 0.027100 0.036800 0.042700 0.027000 0.063000 0.033700 0.032500 0.038200 0.032400 0.031300 0.000000 0.037000 0.036800 0.020500 0.040400 0.035700 0.036600 0.030200 0.025900 0.038000 0.030300 0.040100 0.031200 0.037800
RoeDeer 0.039400 0.119400 0.046100 0.095400 0.037400 0.037200 0.031700 0.036100 0.047200 0.026100 0.036400 0.045100 0.039000 0.034700 0.036000 0.038100 0.041500 0.036800 0.039400 0.044900 0.029300 0.034900 0.024700 0.025700 0.036100 0.034800 0.034700 0.045000 0.038100 0.045900 0.030500 0.032500 0.059900 0.036800 0.033600 0.040600 0.040500 0.037300 0.037000 0.000000 0.022600 0.030300 0.026100 0.027900 0.042900 0.037200 0.038000 0.043700 0.037900 0.041200 0.040300 0.045900
WhiteLippe 0.035800 0.107700 0.044800 0.087200 0.034900 0.034700 0.029300 0.034400 0.043500 0.018300 0.034000 0.039300 0.036500 0.030000 0.031300 0.034600 0.044700 0.034200 0.043700 0.039100 0.026900 0.034700 0.008500 0.018000 0.033600 0.032400 0.032200 0.041400 0.033400 0.040200 0.020400 0.027900 0.055700 0.034300 0.033400 0.038200 0.038000 0.034800 0.036800 0.022600 0.000000 0.030100 0.018300 0.018000 0.041100 0.036900 0.037700 0.043300 0.035400 0.036500 0.036800 0.043500
ThomsonGaz 0.025800 0.115400 0.034500 0.091300 0.019400 0.023600 0.018200 0.018700 0.034500 0.029200 0.021400 0.033600 0.025800 0.017100 0.025000 0.011800 0.040300 0.033300 0.029100 0.032300 0.009600 0.021400 0.030200 0.029000 0.020300 0.008600 0.021500 0.032400 0.014000 0.033400 0.031400 0.017100 0.057200 0.023700 0.023700 0.029200 0.024700 0.019300 0.020500 0.030300 0.030100 0.000000 0.029200 0.029100 0.029700 0.022500 0.018200 0.025800 0.026900 0.032300 0.026800 0.033300
MuntiacusC 0.040600 0.120400 0.049600 0.092200 0.036300 0.038400 0.032900 0.040200 0.048300 0.002100 0.037700 0.045200 0.042400 0.031400 0.039300 0.033600 0.048200 0.037800 0.044100 0.043900 0.030300 0.036100 0.020500 0.025800 0.037300 0.033700 0.038000 0.046200 0.034700 0.044900 0.008400 0.029200 0.059400 0.040200 0.034700 0.046300 0.041900 0.036100 0.040400 0.026100 0.018300 0.029200 0.000000 0.025900 0.047000 0.040600 0.041300 0.044800 0.036800 0.042300 0.041400 0.048200
WhiteTaile 0.038200 0.116000 0.048200 0.093700 0.036200 0.035900 0.032700 0.037800 0.047000 0.025900 0.033800 0.042700 0.037700 0.033400 0.036900 0.035800 0.046000 0.035400 0.045500 0.042500 0.028000 0.033700 0.020400 0.013800 0.032600 0.031300 0.033400 0.044900 0.039000 0.043500 0.028100 0.033400 0.060500 0.035500 0.033500 0.041700 0.037000 0.036000 0.035700 0.027900 0.018000 0.029100 0.025900 0.000000 0.042400 0.038200 0.038900 0.042200 0.038800 0.037600 0.040200 0.046800
Cattle 0.034100 0.111500 0.033500 0.093000 0.033500 0.031800 0.027500 0.039700 0.032300 0.047000 0.029700 0.022500 0.035700 0.033200 0.036600 0.035300 0.050000 0.041100 0.039700 0.030100 0.027600 0.031800 0.043500 0.042300 0.028600 0.030900 0.031400 0.030200 0.038700 0.031200 0.049300 0.030900 0.064100 0.036400 0.035300 0.004300 0.033000 0.033300 0.036600 0.042900 0.041100 0.029700 0.047000 0.042400 0.000000 0.034000 0.036300 0.042000 0.035100 0.044200 0.027800 0.030000
RoyalAntel 0.025100 0.115500 0.038800 0.088100 0.025800 0.022900 0.020300 0.030600 0.038800 0.040500 0.022800 0.035600 0.032300 0.025700 0.029400 0.025800 0.048100 0.040900 0.032200 0.036500 0.021500 0.025600 0.037100 0.040300 0.022400 0.026900 0.028000 0.036700 0.032400 0.037600 0.042800 0.023600 0.058100 0.030100 0.029000 0.033400 0.026700 0.025700 0.030200 0.037200 0.036900 0.022500 0.040600 0.038200 0.034000 0.000000 0.032300 0.036700 0.028900 0.036600 0.032100 0.037500
Steenbok 0.032300 0.125200 0.043400 0.088900 0.031400 0.030100 0.024700 0.026900 0.041100 0.041200 0.027900 0.041200 0.032400 0.029100 0.032800 0.022600 0.045900 0.039900 0.039000 0.038800 0.017200 0.025700 0.037900 0.036700 0.026800 0.018300 0.028100 0.039000 0.024800 0.039900 0.043500 0.026900 0.062800 0.030200 0.031300 0.035700 0.031200 0.031200 0.025900 0.038000 0.037700 0.018200 0.041300 0.038900 0.036300 0.032300 0.000000 0.035700 0.032200 0.040000 0.033300 0.041000
Impala 0.036700 0.128700 0.050100 0.096600 0.030200 0.034400 0.029000 0.036700 0.047700 0.044700 0.032300 0.042300 0.035600 0.032400 0.029400 0.034700 0.049300 0.041100 0.043400 0.045500 0.027000 0.034400 0.043400 0.044400 0.031100 0.031300 0.032400 0.045600 0.035800 0.046500 0.047100 0.028000 0.061600 0.034500 0.035700 0.041200 0.033300 0.032300 0.038000 0.043700 0.043300 0.025800 0.044800 0.042200 0.042000 0.036700 0.035700 0.000000 0.034400 0.038800 0.041000 0.047600
Klipspring 0.029900 0.113800 0.039900 0.085700 0.026900 0.027800 0.023500 0.035500 0.037600 0.036700 0.027100 0.033300 0.031100 0.024700 0.028300 0.029100 0.045800 0.037600 0.034400 0.035400 0.023600 0.029900 0.035600 0.041000 0.026700 0.028000 0.027900 0.035500 0.034700 0.036400 0.041300 0.020300 0.055800 0.030000 0.026800 0.034500 0.028900 0.029000 0.030300 0.037900 0.035400 0.026900 0.036800 0.038800 0.035100 0.028900 0.032200 0.034400 0.000000 0.039900 0.033100 0.037500
ForestMusk 0.036600 0.123200 0.052200 0.091900 0.036800 0.034300 0.031100 0.034400 0.049900 0.042200 0.032200 0.046700 0.041000 0.034500 0.038200 0.036800 0.044700 0.036500 0.045500 0.047600 0.029100 0.034300 0.036600 0.037600 0.031000 0.034600 0.036700 0.047800 0.037900 0.048700 0.044500 0.032300 0.058100 0.038800 0.037800 0.043400 0.035400 0.036600 0.040100 0.041200 0.036500 0.032300 0.042300 0.037600 0.044200 0.036600 0.040000 0.038800 0.039900 0.000000 0.043100 0.049700
Bushbuck 0.032100 0.115600 0.010600 0.095000 0.030100 0.029900 0.022400 0.035500 0.008400 0.041400 0.029200 0.026700 0.034300 0.030000 0.033500 0.033400 0.053500 0.043000 0.038700 0.006300 0.024700 0.029800 0.039100 0.040100 0.028800 0.029000 0.030000 0.006300 0.031200 0.008400 0.043700 0.025600 0.062500 0.034300 0.033300 0.027800 0.031000 0.030000 0.031200 0.040300 0.036800 0.026800 0.041400 0.040200 0.027800 0.032100 0.033300 0.041000 0.033100 0.043100 0.000000 0.008400
GreaterKud 0.038600 0.121100 0.013700 0.100400 0.036700 0.036400 0.027800 0.043200 0.009500 0.048200 0.035800 0.031100 0.040900 0.035500 0.040200 0.038900 0.058000 0.049700 0.044200 0.007300 0.031200 0.036400 0.045800 0.046800 0.035300 0.036700 0.036600 0.008400 0.038900 0.004200 0.050500 0.031100 0.068100 0.040900 0.039900 0.030000 0.037500 0.036500 0.037800 0.045900 0.043500 0.033300 0.048200 0.046800 0.030000 0.037500 0.041000 0.047600 0.037500 0.049700 0.008400 0.000000
