CODONML (in paml version 4.10.7, June 2023)  /home/rachel/ruminants_paml/6406-phy-tree/ENSBTAT00000014206.fasta.phy
Model: free dN/dS Ratios for branches,  kappa = 2.000 fixed

Codon frequency model: F3x4
ns =  54  ls =  66

Codon usage in sequences
--------------------------------------------------------------------------------------------------------------------------------------
Phe TTT   2   2   2   2   2   2 | Ser TCT   0   0   0   0   0   0 | Tyr TAT   3   2   4   3   4   3 | Cys TGT   0   0   0   0   0   0
    TTC   1   1   1   1   1   1 |     TCC   2   2   2   2   3   2 |     TAC   3   4   2   3   2   3 |     TGC   0   1   0   0   0   0
Leu TTA   0   0   0   0   0   1 |     TCA   1   1   1   1   0   1 | *** TAA   0   0   0   0   0   0 | *** TGA   0   0   0   0   0   0
    TTG   2   2   2   2   3   1 |     TCG   0   0   0   0   0   0 |     TAG   0   0   0   0   0   0 | Trp TGG   0   0   0   0   0   0
--------------------------------------------------------------------------------------------------------------------------------------
Leu CTT   0   1   0   0   0   0 | Pro CCT   0   0   0   0   0   0 | His CAT   0   0   0   0   0   0 | Arg CGT   1   1   1   1   1   1
    CTC   1   0   1   1   1   1 |     CCC   2   2   2   2   2   1 |     CAC   0   0   0   0   0   0 |     CGC   1   1   1   1   1   1
    CTA   0   0   0   0   0   0 |     CCA   0   0   0   1   0   0 | Gln CAA   3   0   2   2   0   0 |     CGA   0   0   1   0   0   0
    CTG   2   2   2   2   1   2 |     CCG   0   0   0   0   0   1 |     CAG   5   7   5   5   7   7 |     CGG   0   0   0   0   0   0
--------------------------------------------------------------------------------------------------------------------------------------
Ile ATT   1   1   1   1   1   1 | Thr ACT   1   1   1   1   1   0 | Asn AAT   1   2   1   1   1   1 | Ser AGT   0   0   0   0   0   0
    ATC   1   1   1   1   1   2 |     ACC   1   1   1   1   1   2 |     AAC   0   0   0   0   0   0 |     AGC   0   0   0   0   0   0
    ATA   0   0   0   0   0   0 |     ACA   1   1   1   1   0   1 | Lys AAA   3   6   3   3   4   2 | Arg AGA   0   0   0   0   1   1
Met ATG   1   1   1   1   1   1 |     ACG   0   0   0   0   0   0 |     AAG   5   2   5   5   5   6 |     AGG   2   2   2   2   2   2
--------------------------------------------------------------------------------------------------------------------------------------
Val GTT   1   1   1   1   1   1 | Ala GCT   0   0   0   0   0   0 | Asp GAT   2   2   3   3   3   4 | Gly GGT   0   0   0   0   0   0
    GTC   1   1   1   1   1   0 |     GCC   1   1   1   1   1   1 |     GAC   5   4   4   4   4   3 |     GGC   0   0   0   0   0   0
    GTA   0   0   0   0   0   0 |     GCA   0   0   0   0   0   0 | Glu GAA   2   2   2   2   2   1 |     GGA   1   1   1   1   0   1
    GTG   1   1   1   1   1   1 |     GCG   0   0   0   0   0   0 |     GAG   5   5   5   5   6   6 |     GGG   1   1   1   1   1   1
--------------------------------------------------------------------------------------------------------------------------------------

--------------------------------------------------------------------------------------------------------------------------------------
Phe TTT   2   2   2   2   2   2 | Ser TCT   0   0   0   0   0   0 | Tyr TAT   3   3   3   3   4   3 | Cys TGT   0   0   0   0   0   0
    TTC   1   1   1   1   1   1 |     TCC   2   2   2   2   2   2 |     TAC   3   3   3   3   2   3 |     TGC   1   0   0   0   0   0
Leu TTA   0   0   0   0   0   0 |     TCA   1   1   1   1   1   1 | *** TAA   0   0   0   0   0   0 | *** TGA   0   0   0   0   0   0
    TTG   2   2   2   2   2   2 |     TCG   0   0   0   0   0   0 |     TAG   0   0   0   0   0   0 | Trp TGG   0   0   0   0   0   0
--------------------------------------------------------------------------------------------------------------------------------------
Leu CTT   0   0   0   0   0   0 | Pro CCT   0   0   0   0   0   0 | His CAT   0   0   0   0   0   0 | Arg CGT   1   1   1   1   1   1
    CTC   1   1   1   1   1   1 |     CCC   2   2   2   2   2   2 |     CAC   0   0   0   0   0   0 |     CGC   0   1   1   1   1   1
    CTA   0   0   0   0   0   0 |     CCA   0   0   0   0   0   0 | Gln CAA   2   3   2   2   2   2 |     CGA   1   0   1   1   1   0
    CTG   2   2   2   2   2   2 |     CCG   0   0   0   0   0   0 |     CAG   5   5   5   5   5   6 |     CGG   0   0   0   0   0   0
--------------------------------------------------------------------------------------------------------------------------------------
Ile ATT   1   1   1   1   1   1 | Thr ACT   1   1   1   1   1   1 | Asn AAT   1   1   1   1   1   1 | Ser AGT   0   0   0   0   0   0
    ATC   1   1   1   1   1   1 |     ACC   1   1   1   1   1   1 |     AAC   0   0   0   0   0   0 |     AGC   0   0   0   0   0   0
    ATA   0   0   0   0   0   0 |     ACA   1   1   1   1   1   1 | Lys AAA   3   3   3   3   3   3 | Arg AGA   0   0   0   0   0   1
Met ATG   1   1   1   1   1   1 |     ACG   0   0   0   0   0   0 |     AAG   5   5   5   5   5   5 |     AGG   2   2   2   2   2   1
--------------------------------------------------------------------------------------------------------------------------------------
Val GTT   1   1   1   1   1   1 | Ala GCT   0   0   0   0   0   0 | Asp GAT   3   2   3   3   2   3 | Gly GGT   0   0   0   0   0   0
    GTC   1   1   1   1   1   1 |     GCC   1   1   1   1   1   1 |     GAC   4   5   4   4   5   4 |     GGC   0   0   0   0   0   0
    GTA   0   0   0   0   0   0 |     GCA   0   0   0   0   0   0 | Glu GAA   2   2   2   2   2   2 |     GGA   1   1   1   1   1   1
    GTG   1   1   1   1   1   1 |     GCG   0   0   0   0   0   0 |     GAG   5   5   5   5   5   5 |     GGG   1   1   1   1   1   1
--------------------------------------------------------------------------------------------------------------------------------------

--------------------------------------------------------------------------------------------------------------------------------------
Phe TTT   2   2   2   2   2   2 | Ser TCT   0   0   0   0   0   0 | Tyr TAT   3   3   3   3   3   3 | Cys TGT   0   0   0   0   0   0
    TTC   1   1   1   1   1   1 |     TCC   2   2   2   2   2   2 |     TAC   3   3   3   3   3   3 |     TGC   0   0   0   0   0   0
Leu TTA   0   0   0   0   0   0 |     TCA   1   1   1   1   1   1 | *** TAA   0   0   0   0   0   0 | *** TGA   0   0   0   0   0   0
    TTG   2   2   2   2   2   2 |     TCG   0   0   0   0   0   0 |     TAG   0   0   0   0   0   0 | Trp TGG   0   0   0   0   0   0
--------------------------------------------------------------------------------------------------------------------------------------
Leu CTT   0   0   0   0   0   0 | Pro CCT   0   0   0   0   1   0 | His CAT   0   0   0   0   0   0 | Arg CGT   1   1   1   1   1   1
    CTC   1   1   1   1   1   1 |     CCC   2   2   2   2   1   2 |     CAC   0   0   0   0   0   0 |     CGC   1   1   1   1   1   1
    CTA   0   0   0   1   0   0 |     CCA   0   0   0   0   0   0 | Gln CAA   2   2   3   1   2   2 |     CGA   1   1   0   1   1   1
    CTG   2   2   2   1   2   2 |     CCG   0   0   0   0   0   0 |     CAG   5   5   5   6   5   5 |     CGG   0   0   0   0   0   0
--------------------------------------------------------------------------------------------------------------------------------------
Ile ATT   1   1   1   1   1   1 | Thr ACT   1   1   1   1   1   1 | Asn AAT   1   1   1   1   1   1 | Ser AGT   0   0   0   0   0   0
    ATC   1   1   1   1   1   1 |     ACC   1   1   1   1   1   1 |     AAC   0   0   0   0   0   0 |     AGC   0   0   0   0   0   0
    ATA   0   0   0   0   0   0 |     ACA   1   1   1   1   1   1 | Lys AAA   3   3   3   3   3   3 | Arg AGA   0   0   0   0   0   0
Met ATG   1   1   1   1   1   1 |     ACG   0   0   0   0   0   0 |     AAG   5   5   5   5   5   5 |     AGG   2   2   2   2   2   2
--------------------------------------------------------------------------------------------------------------------------------------
Val GTT   1   2   1   1   1   1 | Ala GCT   0   0   0   0   0   0 | Asp GAT   3   3   3   3   3   3 | Gly GGT   0   0   0   0   0   0
    GTC   1   0   1   1   1   1 |     GCC   1   1   1   1   1   1 |     GAC   4   4   4   4   4   4 |     GGC   0   0   0   0   0   0
    GTA   0   0   0   0   0   0 |     GCA   0   0   0   0   0   0 | Glu GAA   2   2   2   2   2   2 |     GGA   1   1   1   1   1   1
    GTG   1   1   1   1   1   1 |     GCG   0   0   0   0   0   0 |     GAG   5   5   5   5   5   5 |     GGG   1   1   1   1   1   1
--------------------------------------------------------------------------------------------------------------------------------------

--------------------------------------------------------------------------------------------------------------------------------------
Phe TTT   2   2   2   2   2   2 | Ser TCT   1   1   0   0   0   0 | Tyr TAT   3   3   3   4   3   3 | Cys TGT   0   0   0   0   0   0
    TTC   1   1   1   1   1   1 |     TCC   1   1   2   2   2   2 |     TAC   3   3   3   2   3   3 |     TGC   0   0   0   0   0   0
Leu TTA   0   0   0   0   0   0 |     TCA   1   1   1   1   1   1 | *** TAA   0   0   0   0   0   0 | *** TGA   0   0   0   0   0   0
    TTG   1   2   2   2   2   2 |     TCG   0   0   0   0   0   0 |     TAG   0   0   0   0   0   0 | Trp TGG   0   0   0   0   0   0
--------------------------------------------------------------------------------------------------------------------------------------
Leu CTT   0   0   0   0   0   0 | Pro CCT   0   0   0   0   0   0 | His CAT   0   0   0   0   0   0 | Arg CGT   1   1   1   1   1   1
    CTC   1   1   1   1   1   1 |     CCC   2   2   2   2   2   1 |     CAC   0   0   0   0   0   0 |     CGC   1   1   1   1   1   1
    CTA   0   0   0   0   0   0 |     CCA   0   0   0   0   0   0 | Gln CAA   3   2   2   2   2   2 |     CGA   0   1   1   1   1   1
    CTG   3   2   2   2   1   2 |     CCG   0   0   0   0   1   0 |     CAG   5   5   5   5   5   5 |     CGG   0   0   0   0   0   0
--------------------------------------------------------------------------------------------------------------------------------------
Ile ATT   1   1   1   1   1   1 | Thr ACT   1   1   1   1   1   1 | Asn AAT   1   1   1   1   1   1 | Ser AGT   0   0   0   0   0   0
    ATC   1   1   1   1   1   1 |     ACC   1   1   1   1   1   1 |     AAC   0   0   0   0   0   0 |     AGC   0   0   0   0   0   0
    ATA   0   0   0   0   0   0 |     ACA   1   1   1   1   1   1 | Lys AAA   3   3   3   3   3   3 | Arg AGA   0   0   0   0   0   0
Met ATG   1   1   2   1   1   1 |     ACG   0   0   0   0   0   0 |     AAG   5   5   5   5   5   5 |     AGG   2   2   2   2   2   2
--------------------------------------------------------------------------------------------------------------------------------------
Val GTT   1   1   1   1   1   1 | Ala GCT   0   0   0   0   0   0 | Asp GAT   3   3   3   3   3   3 | Gly GGT   0   0   0   0   0   0
    GTC   1   1   1   1   1   1 |     GCC   1   1   1   1   1   2 |     GAC   4   4   4   4   4   4 |     GGC   0   0   0   0   0   0
    GTA   0   0   0   0   0   0 |     GCA   0   0   0   0   0   0 | Glu GAA   2   2   2   2   2   2 |     GGA   1   1   1   1   1   1
    GTG   1   1   0   1   1   1 |     GCG   0   0   0   0   0   0 |     GAG   5   5   5   5   5   5 |     GGG   1   1   1   1   1   1
--------------------------------------------------------------------------------------------------------------------------------------

--------------------------------------------------------------------------------------------------------------------------------------
Phe TTT   2   1   2   2   2   2 | Ser TCT   1   0   0   0   0   0 | Tyr TAT   3   4   3   3   3   4 | Cys TGT   0   0   0   0   0   0
    TTC   1   2   1   1   1   1 |     TCC   1   2   2   2   2   2 |     TAC   3   2   3   3   3   2 |     TGC   0   1   0   0   0   0
Leu TTA   0   0   0   0   0   0 |     TCA   1   1   1   1   1   1 | *** TAA   0   0   0   0   0   0 | *** TGA   0   0   0   0   0   0
    TTG   2   2   2   2   2   2 |     TCG   0   0   0   0   0   0 |     TAG   0   0   0   0   0   0 | Trp TGG   0   0   0   0   0   0
--------------------------------------------------------------------------------------------------------------------------------------
Leu CTT   0   0   0   0   0   0 | Pro CCT   1   0   0   0   0   0 | His CAT   0   0   0   0   0   0 | Arg CGT   1   1   1   1   1   1
    CTC   1   1   1   1   1   1 |     CCC   1   2   2   2   2   2 |     CAC   0   0   0   0   0   0 |     CGC   1   0   1   1   1   1
    CTA   0   0   0   0   0   0 |     CCA   0   0   0   0   0   0 | Gln CAA   1   1   2   2   3   2 |     CGA   1   1   1   1   0   1
    CTG   2   2   2   2   2   2 |     CCG   0   0   0   0   0   0 |     CAG   6   6   5   5   5   5 |     CGG   0   0   0   0   0   0
--------------------------------------------------------------------------------------------------------------------------------------
Ile ATT   1   1   1   1   1   1 | Thr ACT   1   1   1   1   1   1 | Asn AAT   1   1   1   1   1   1 | Ser AGT   0   0   0   0   0   0
    ATC   1   1   1   1   1   1 |     ACC   1   1   1   1   1   1 |     AAC   0   0   0   0   0   0 |     AGC   0   0   0   0   0   0
    ATA   0   1   0   0   0   0 |     ACA   1   1   1   0   1   1 | Lys AAA   3   2   3   3   3   3 | Arg AGA   1   1   0   1   0   0
Met ATG   1   1   1   1   1   1 |     ACG   0   0   0   0   0   0 |     AAG   5   5   5   5   5   5 |     AGG   1   1   2   2   2   2
--------------------------------------------------------------------------------------------------------------------------------------
Val GTT   1   1   1   1   1   1 | Ala GCT   0   0   0   0   0   0 | Asp GAT   2   3   3   3   3   3 | Gly GGT   0   0   0   0   0   0
    GTC   1   1   1   1   1   1 |     GCC   1   1   1   1   1   1 |     GAC   5   4   4   4   4   4 |     GGC   0   0   0   0   0   0
    GTA   0   0   0   0   0   0 |     GCA   0   0   0   0   0   0 | Glu GAA   2   2   2   2   2   2 |     GGA   1   1   1   1   1   1
    GTG   1   1   1   1   1   1 |     GCG   0   0   0   0   0   0 |     GAG   5   5   5   5   5   5 |     GGG   1   1   1   1   1   1
--------------------------------------------------------------------------------------------------------------------------------------

--------------------------------------------------------------------------------------------------------------------------------------
Phe TTT   2   2   2   2   2   2 | Ser TCT   1   0   0   0   1   0 | Tyr TAT   3   4   3   3   2   3 | Cys TGT   0   0   0   0   0   0
    TTC   1   1   1   1   1   1 |     TCC   1   2   2   2   1   2 |     TAC   3   2   3   3   4   3 |     TGC   0   0   0   0   0   0
Leu TTA   0   0   0   0   0   0 |     TCA   1   1   1   1   1   1 | *** TAA   0   0   0   0   0   0 | *** TGA   0   0   0   0   0   0
    TTG   2   2   2   2   2   2 |     TCG   0   0   0   0   0   0 |     TAG   0   0   0   0   0   0 | Trp TGG   0   0   0   0   0   0
--------------------------------------------------------------------------------------------------------------------------------------
Leu CTT   0   0   0   0   0   0 | Pro CCT   0   0   0   0   0   0 | His CAT   0   0   0   0   0   0 | Arg CGT   1   1   1   1   2   1
    CTC   1   1   1   1   1   1 |     CCC   2   2   2   2   2   2 |     CAC   0   0   0   0   1   0 |     CGC   1   1   1   1   0   1
    CTA   0   0   0   0   0   0 |     CCA   0   0   0   0   0   0 | Gln CAA   2   2   2   2   3   2 |     CGA   1   1   0   1   0   1
    CTG   2   2   2   2   2   2 |     CCG   0   0   0   0   0   0 |     CAG   5   5   6   5   4   5 |     CGG   0   0   0   0   0   1
--------------------------------------------------------------------------------------------------------------------------------------
Ile ATT   1   1   1   1   1   1 | Thr ACT   1   1   1   1   1   1 | Asn AAT   1   1   1   1   1   1 | Ser AGT   0   0   0   0   0   0
    ATC   1   1   1   1   1   1 |     ACC   1   1   1   1   0   1 |     AAC   0   0   0   0   0   0 |     AGC   0   0   0   0   0   0
    ATA   0   0   0   0   0   0 |     ACA   1   1   1   1   2   1 | Lys AAA   4   3   3   3   3   3 | Arg AGA   0   0   1   0   0   0
Met ATG   1   1   1   1   1   1 |     ACG   0   0   0   0   0   0 |     AAG   4   5   5   5   5   5 |     AGG   2   2   1   2   2   1
--------------------------------------------------------------------------------------------------------------------------------------
Val GTT   1   1   1   1   1   1 | Ala GCT   0   0   0   0   0   0 | Asp GAT   3   3   3   3   3   3 | Gly GGT   0   1   0   0   0   0
    GTC   1   1   1   1   1   1 |     GCC   1   1   1   1   1   1 |     GAC   4   4   4   4   4   4 |     GGC   0   0   0   0   0   0
    GTA   0   0   0   0   0   0 |     GCA   0   0   0   0   0   0 | Glu GAA   2   2   2   2   2   2 |     GGA   1   1   1   1   1   1
    GTG   1   1   1   1   1   1 |     GCG   0   0   0   0   0   0 |     GAG   5   5   5   5   6   5 |     GGG   1   0   1   1   0   1
--------------------------------------------------------------------------------------------------------------------------------------

--------------------------------------------------------------------------------------------------------------------------------------
Phe TTT   2   2   2   2   2   2 | Ser TCT   0   0   0   0   0   0 | Tyr TAT   3   4   3   3   4   4 | Cys TGT   0   0   0   0   0   0
    TTC   1   1   1   1   1   1 |     TCC   2   2   2   2   2   2 |     TAC   3   2   3   3   2   2 |     TGC   1   0   0   1   0   1
Leu TTA   0   0   0   0   0   0 |     TCA   1   1   1   1   1   1 | *** TAA   0   0   0   0   0   0 | *** TGA   0   0   0   0   0   0
    TTG   2   2   2   2   2   2 |     TCG   0   0   0   0   0   0 |     TAG   0   0   0   0   0   0 | Trp TGG   0   0   0   0   0   0
--------------------------------------------------------------------------------------------------------------------------------------
Leu CTT   0   0   0   0   0   0 | Pro CCT   0   0   0   0   0   0 | His CAT   0   0   1   0   0   0 | Arg CGT   1   1   0   1   1   1
    CTC   1   1   1   1   1   1 |     CCC   2   2   2   2   2   2 |     CAC   0   0   0   0   0   0 |     CGC   0   1   1   0   1   0
    CTA   0   0   0   0   0   0 |     CCA   0   0   0   0   0   0 | Gln CAA   3   2   2   2   2   1 |     CGA   0   1   1   1   1   1
    CTG   2   2   2   2   2   2 |     CCG   0   0   0   0   0   0 |     CAG   5   5   5   5   5   6 |     CGG   0   0   0   0   0   0
--------------------------------------------------------------------------------------------------------------------------------------
Ile ATT   1   1   1   1   1   1 | Thr ACT   1   1   1   1   1   1 | Asn AAT   1   1   1   1   1   1 | Ser AGT   0   0   0   0   0   0
    ATC   1   1   1   1   1   1 |     ACC   1   1   1   1   1   1 |     AAC   0   0   0   0   0   0 |     AGC   0   0   0   0   0   0
    ATA   0   0   0   0   0   0 |     ACA   1   1   1   1   1   1 | Lys AAA   4   3   3   3   3   3 | Arg AGA   0   0   0   0   0   1
Met ATG   1   1   1   1   1   1 |     ACG   0   0   0   0   0   0 |     AAG   4   5   5   5   5   5 |     AGG   2   2   2   2   2   1
--------------------------------------------------------------------------------------------------------------------------------------
Val GTT   1   1   1   1   1   1 | Ala GCT   0   0   0   0   0   0 | Asp GAT   4   3   3   3   3   2 | Gly GGT   0   0   0   0   0   0
    GTC   1   1   1   1   1   1 |     GCC   1   1   1   1   1   1 |     GAC   3   4   4   4   3   5 |     GGC   0   0   0   0   0   0
    GTA   0   0   0   0   0   0 |     GCA   0   0   0   0   0   0 | Glu GAA   2   2   2   2   2   2 |     GGA   1   1   1   1   1   1
    GTG   1   1   1   1   1   1 |     GCG   0   0   0   0   0   0 |     GAG   5   5   5   5   6   5 |     GGG   1   1   1   1   1   1
--------------------------------------------------------------------------------------------------------------------------------------

--------------------------------------------------------------------------------------------------------------------------------------
Phe TTT   2   2   2   1   2   2 | Ser TCT   1   0   0   0   0   1 | Tyr TAT   3   3   3   4   4   3 | Cys TGT   0   0   0   0   0   0
    TTC   1   1   1   2   1   1 |     TCC   1   2   2   2   2   1 |     TAC   3   3   3   2   2   3 |     TGC   0   0   0   1   0   1
Leu TTA   0   0   0   0   0   0 |     TCA   1   1   1   1   1   0 | *** TAA   0   0   0   0   0   0 | *** TGA   0   0   0   0   0   0
    TTG   2   2   2   2   2   2 |     TCG   0   0   0   0   0   1 |     TAG   0   0   0   0   0   0 | Trp TGG   0   0   0   0   0   0
--------------------------------------------------------------------------------------------------------------------------------------
Leu CTT   0   0   0   0   0   0 | Pro CCT   0   0   0   0   0   0 | His CAT   0   0   0   0   0   0 | Arg CGT   1   1   1   1   1   1
    CTC   1   1   1   1   1   1 |     CCC   2   2   2   2   2   2 |     CAC   0   0   0   0   0   0 |     CGC   1   1   1   0   1   0
    CTA   0   0   0   0   0   0 |     CCA   0   0   0   0   0   0 | Gln CAA   1   2   2   1   2   2 |     CGA   1   1   0   1   1   1
    CTG   2   2   2   2   2   2 |     CCG   0   0   0   0   0   0 |     CAG   6   5   6   6   5   5 |     CGG   0   0   0   0   0   0
--------------------------------------------------------------------------------------------------------------------------------------
Ile ATT   1   1   1   1   1   1 | Thr ACT   1   1   1   1   1   1 | Asn AAT   1   1   1   1   1   1 | Ser AGT   0   0   0   0   0   0
    ATC   1   1   1   1   1   1 |     ACC   1   1   1   1   1   1 |     AAC   0   0   0   0   0   0 |     AGC   0   0   0   0   0   0
    ATA   0   0   0   0   0   0 |     ACA   1   1   1   1   1   1 | Lys AAA   3   3   3   3   3   3 | Arg AGA   1   0   1   1   0   0
Met ATG   1   1   1   1   1   1 |     ACG   0   0   0   0   0   0 |     AAG   5   5   5   5   5   5 |     AGG   1   2   1   1   2   2
--------------------------------------------------------------------------------------------------------------------------------------
Val GTT   1   1   1   1   1   1 | Ala GCT   0   0   0   0   0   0 | Asp GAT   2   3   3   3   3   3 | Gly GGT   0   0   0   0   0   0
    GTC   1   1   1   1   1   1 |     GCC   1   1   1   1   1   1 |     GAC   5   4   4   4   4   4 |     GGC   0   0   0   0   0   0
    GTA   0   0   0   0   0   0 |     GCA   0   0   0   0   0   0 | Glu GAA   2   2   2   2   2   2 |     GGA   1   1   1   1   1   1
    GTG   2   1   1   1   1   1 |     GCG   0   0   0   0   0   0 |     GAG   4   5   5   5   5   5 |     GGG   1   1   1   1   1   1
--------------------------------------------------------------------------------------------------------------------------------------

--------------------------------------------------------------------------------------------------------------------------------------
Phe TTT   2   2   2   2   2   2 | Ser TCT   0   0   0   0   0   0 | Tyr TAT   3   3   3   3   4   4 | Cys TGT   0   0   0   0   0   0
    TTC   1   1   1   1   1   1 |     TCC   2   2   2   2   2   2 |     TAC   3   3   3   3   2   2 |     TGC   0   0   0   0   0   0
Leu TTA   0   1   0   0   0   0 |     TCA   1   1   1   1   1   1 | *** TAA   0   0   0   0   0   0 | *** TGA   0   0   0   0   0   0
    TTG   2   1   2   2   2   2 |     TCG   0   0   0   0   0   0 |     TAG   0   0   0   0   0   0 | Trp TGG   0   0   0   0   0   0
--------------------------------------------------------------------------------------------------------------------------------------
Leu CTT   0   0   0   0   0   0 | Pro CCT   0   0   0   0   0   0 | His CAT   0   0   0   0   0   0 | Arg CGT   1   1   1   1   1   1
    CTC   1   1   1   1   1   1 |     CCC   2   2   2   2   2   2 |     CAC   0   0   0   0   0   0 |     CGC   1   1   1   1   1   1
    CTA   0   0   0   0   0   0 |     CCA   0   0   0   1   0   0 | Gln CAA   2   2   2   2   2   2 |     CGA   1   1   1   0   1   1
    CTG   2   2   2   2   2   2 |     CCG   0   0   0   0   0   0 |     CAG   5   5   5   5   5   5 |     CGG   0   0   0   0   0   0
--------------------------------------------------------------------------------------------------------------------------------------
Ile ATT   1   1   1   1   1   1 | Thr ACT   1   1   1   1   1   1 | Asn AAT   1   1   1   1   1   1 | Ser AGT   0   0   0   0   0   0
    ATC   1   1   1   1   1   1 |     ACC   1   1   1   1   1   1 |     AAC   0   0   0   0   0   0 |     AGC   0   0   0   0   0   0
    ATA   0   0   0   0   0   0 |     ACA   1   1   1   1   1   1 | Lys AAA   3   3   3   3   3   3 | Arg AGA   0   0   0   0   0   0
Met ATG   1   1   1   1   1   1 |     ACG   0   0   0   0   0   0 |     AAG   5   5   5   5   5   5 |     AGG   2   2   2   2   2   2
--------------------------------------------------------------------------------------------------------------------------------------
Val GTT   1   1   1   1   1   1 | Ala GCT   0   0   0   0   0   0 | Asp GAT   4   3   3   3   3   3 | Gly GGT   0   0   0   0   0   0
    GTC   1   1   1   1   1   1 |     GCC   1   1   1   1   1   1 |     GAC   3   4   4   4   4   4 |     GGC   0   0   0   0   0   0
    GTA   0   0   0   0   0   0 |     GCA   0   0   0   0   0   0 | Glu GAA   2   2   2   2   2   2 |     GGA   1   1   1   1   1   1
    GTG   1   1   1   1   1   1 |     GCG   0   0   0   0   0   0 |     GAG   5   5   5   5   5   5 |     GGG   1   1   1   1   1   1
--------------------------------------------------------------------------------------------------------------------------------------

Codon position x base (3x4) table for each sequence.

#1: Argali         
position  1:    T:0.21212    C:0.22727    A:0.25758    G:0.30303
position  2:    T:0.21212    C:0.13636    A:0.56061    G:0.09091
position  3:    T:0.18182    C:0.28788    A:0.16667    G:0.36364
Average         T:0.20202    C:0.21717    A:0.32828    G:0.25253

#2: LesserMouseDeer
position  1:    T:0.22727    C:0.21212    A:0.27273    G:0.28788
position  2:    T:0.21212    C:0.13636    A:0.54545    G:0.10606
position  3:    T:0.19697    C:0.28788    A:0.16667    G:0.34848
Average         T:0.21212    C:0.21212    A:0.32828    G:0.24747

#3: LesserKudu     
position  1:    T:0.21212    C:0.22727    A:0.25758    G:0.30303
position  2:    T:0.21212    C:0.13636    A:0.54545    G:0.10606
position  3:    T:0.21212    C:0.25758    A:0.16667    G:0.36364
Average         T:0.21212    C:0.20707    A:0.32323    G:0.25758

#4: ForestMuskDeer2
position  1:    T:0.21212    C:0.22727    A:0.25758    G:0.30303
position  2:    T:0.21212    C:0.15152    A:0.54545    G:0.09091
position  3:    T:0.19697    C:0.27273    A:0.16667    G:0.36364
Average         T:0.20707    C:0.21717    A:0.32323    G:0.25253

#5: Camel          
position  1:    T:0.22727    C:0.19697    A:0.27273    G:0.30303
position  2:    T:0.21212    C:0.12121    A:0.57576    G:0.09091
position  3:    T:0.21212    C:0.27273    A:0.10606    G:0.40909
Average         T:0.21717    C:0.19697    A:0.31818    G:0.26768

#6: KillerWhale    
position  1:    T:0.21212    C:0.21212    A:0.28788    G:0.28788
position  2:    T:0.21212    C:0.13636    A:0.54545    G:0.10606
position  3:    T:0.19697    C:0.25758    A:0.12121    G:0.42424
Average         T:0.20707    C:0.20202    A:0.31818    G:0.27273

#7: DefassaWaterbuck
position  1:    T:0.22727    C:0.21212    A:0.25758    G:0.30303
position  2:    T:0.21212    C:0.13636    A:0.54545    G:0.10606
position  3:    T:0.19697    C:0.27273    A:0.16667    G:0.36364
Average         T:0.21212    C:0.20707    A:0.32323    G:0.25758

#8: Sheep          
position  1:    T:0.21212    C:0.22727    A:0.25758    G:0.30303
position  2:    T:0.21212    C:0.13636    A:0.56061    G:0.09091
position  3:    T:0.18182    C:0.28788    A:0.16667    G:0.36364
Average         T:0.20202    C:0.21717    A:0.32828    G:0.25253

#9: MaxwellsDuiker 
position  1:    T:0.21212    C:0.22727    A:0.25758    G:0.30303
position  2:    T:0.21212    C:0.13636    A:0.54545    G:0.10606
position  3:    T:0.19697    C:0.27273    A:0.16667    G:0.36364
Average         T:0.20707    C:0.21212    A:0.32323    G:0.25758

#10: GazellaPrzewalskyi
position  1:    T:0.21212    C:0.22727    A:0.25758    G:0.30303
position  2:    T:0.21212    C:0.13636    A:0.54545    G:0.10606
position  3:    T:0.19697    C:0.27273    A:0.16667    G:0.36364
Average         T:0.20707    C:0.21212    A:0.32323    G:0.25758

#11: MountainNyala  
position  1:    T:0.21212    C:0.22727    A:0.25758    G:0.30303
position  2:    T:0.21212    C:0.13636    A:0.54545    G:0.10606
position  3:    T:0.19697    C:0.27273    A:0.16667    G:0.36364
Average         T:0.20707    C:0.21212    A:0.32323    G:0.25758

#12: MuntiacusMuntjak
position  1:    T:0.21212    C:0.22727    A:0.25758    G:0.30303
position  2:    T:0.21212    C:0.13636    A:0.56061    G:0.09091
position  3:    T:0.19697    C:0.27273    A:0.16667    G:0.36364
Average         T:0.20707    C:0.21212    A:0.32828    G:0.25253

#13: goat           
position  1:    T:0.21212    C:0.22727    A:0.25758    G:0.30303
position  2:    T:0.21212    C:0.13636    A:0.54545    G:0.10606
position  3:    T:0.19697    C:0.27273    A:0.16667    G:0.36364
Average         T:0.20707    C:0.21212    A:0.32323    G:0.25758

#14: AfricanBuffalo 
position  1:    T:0.21212    C:0.22727    A:0.25758    G:0.30303
position  2:    T:0.21212    C:0.13636    A:0.54545    G:0.10606
position  3:    T:0.21212    C:0.25758    A:0.16667    G:0.36364
Average         T:0.21212    C:0.20707    A:0.32323    G:0.25758

#15: Topi           
position  1:    T:0.21212    C:0.22727    A:0.25758    G:0.30303
position  2:    T:0.21212    C:0.13636    A:0.56061    G:0.09091
position  3:    T:0.19697    C:0.27273    A:0.16667    G:0.36364
Average         T:0.20707    C:0.21212    A:0.32828    G:0.25253

#16: CommonDuiker   
position  1:    T:0.21212    C:0.22727    A:0.25758    G:0.30303
position  2:    T:0.21212    C:0.13636    A:0.54545    G:0.10606
position  3:    T:0.19697    C:0.27273    A:0.16667    G:0.36364
Average         T:0.20707    C:0.21212    A:0.32323    G:0.25758

#17: Suni           
position  1:    T:0.21212    C:0.22727    A:0.25758    G:0.30303
position  2:    T:0.21212    C:0.13636    A:0.54545    G:0.10606
position  3:    T:0.21212    C:0.25758    A:0.16667    G:0.36364
Average         T:0.21212    C:0.20707    A:0.32323    G:0.25758

#18: Springbuck     
position  1:    T:0.21212    C:0.22727    A:0.25758    G:0.30303
position  2:    T:0.21212    C:0.13636    A:0.54545    G:0.10606
position  3:    T:0.19697    C:0.27273    A:0.16667    G:0.36364
Average         T:0.20707    C:0.21212    A:0.32323    G:0.25758

#19: Okapi          
position  1:    T:0.19697    C:0.24242    A:0.25758    G:0.30303
position  2:    T:0.21212    C:0.13636    A:0.56061    G:0.09091
position  3:    T:0.21212    C:0.25758    A:0.16667    G:0.36364
Average         T:0.20707    C:0.21212    A:0.32828    G:0.25253

#20: Giraffe        
position  1:    T:0.21212    C:0.22727    A:0.25758    G:0.30303
position  2:    T:0.21212    C:0.13636    A:0.54545    G:0.10606
position  3:    T:0.21212    C:0.25758    A:0.16667    G:0.36364
Average         T:0.21212    C:0.20707    A:0.32323    G:0.25758

#21: TibetanAntelope
position  1:    T:0.21212    C:0.22727    A:0.27273    G:0.28788
position  2:    T:0.21212    C:0.13636    A:0.54545    G:0.10606
position  3:    T:0.19697    C:0.27273    A:0.16667    G:0.36364
Average         T:0.20707    C:0.21212    A:0.32828    G:0.25253

#22: Sitatunga      
position  1:    T:0.21212    C:0.22727    A:0.25758    G:0.30303
position  2:    T:0.21212    C:0.13636    A:0.54545    G:0.10606
position  3:    T:0.21212    C:0.25758    A:0.16667    G:0.36364
Average         T:0.21212    C:0.20707    A:0.32323    G:0.25758

#23: Oribi          
position  1:    T:0.21212    C:0.22727    A:0.25758    G:0.30303
position  2:    T:0.19697    C:0.15152    A:0.54545    G:0.10606
position  3:    T:0.19697    C:0.27273    A:0.16667    G:0.36364
Average         T:0.20202    C:0.21717    A:0.32323    G:0.25758

#24: BarbarySheep   
position  1:    T:0.21212    C:0.21212    A:0.25758    G:0.31818
position  2:    T:0.21212    C:0.13636    A:0.54545    G:0.10606
position  3:    T:0.19697    C:0.27273    A:0.16667    G:0.36364
Average         T:0.20707    C:0.20707    A:0.32323    G:0.26263

#25: Daviddeer      
position  1:    T:0.21212    C:0.22727    A:0.25758    G:0.30303
position  2:    T:0.21212    C:0.13636    A:0.54545    G:0.10606
position  3:    T:0.21212    C:0.25758    A:0.16667    G:0.36364
Average         T:0.21212    C:0.20707    A:0.32323    G:0.25758

#26: Reindeer       
position  1:    T:0.22727    C:0.21212    A:0.25758    G:0.30303
position  2:    T:0.22727    C:0.13636    A:0.53030    G:0.10606
position  3:    T:0.19697    C:0.27273    A:0.16667    G:0.36364
Average         T:0.21717    C:0.20707    A:0.31818    G:0.25758

#27: Ibex           
position  1:    T:0.21212    C:0.22727    A:0.25758    G:0.30303
position  2:    T:0.21212    C:0.13636    A:0.54545    G:0.10606
position  3:    T:0.19697    C:0.27273    A:0.16667    G:0.36364
Average         T:0.20707    C:0.21212    A:0.32323    G:0.25758

#28: GyrantGazelle  
position  1:    T:0.21212    C:0.22727    A:0.25758    G:0.30303
position  2:    T:0.21212    C:0.12121    A:0.54545    G:0.12121
position  3:    T:0.19697    C:0.27273    A:0.16667    G:0.36364
Average         T:0.20707    C:0.20707    A:0.32323    G:0.26263

#29: Hartebeest     
position  1:    T:0.21212    C:0.22727    A:0.25758    G:0.30303
position  2:    T:0.21212    C:0.13636    A:0.56061    G:0.09091
position  3:    T:0.19697    C:0.27273    A:0.16667    G:0.36364
Average         T:0.20707    C:0.21212    A:0.32828    G:0.25253

#30: Bongo          
position  1:    T:0.21212    C:0.22727    A:0.25758    G:0.30303
position  2:    T:0.21212    C:0.13636    A:0.54545    G:0.10606
position  3:    T:0.21212    C:0.25758    A:0.16667    G:0.36364
Average         T:0.21212    C:0.20707    A:0.32323    G:0.25758

#31: Gerenuk        
position  1:    T:0.21212    C:0.22727    A:0.25758    G:0.30303
position  2:    T:0.21212    C:0.13636    A:0.54545    G:0.10606
position  3:    T:0.21212    C:0.25758    A:0.18182    G:0.34848
Average         T:0.21212    C:0.20707    A:0.32828    G:0.25253

#32: CommonEland    
position  1:    T:0.21212    C:0.22727    A:0.25758    G:0.30303
position  2:    T:0.21212    C:0.13636    A:0.54545    G:0.10606
position  3:    T:0.22727    C:0.25758    A:0.16667    G:0.34848
Average         T:0.21717    C:0.20707    A:0.32323    G:0.25253

#33: MuntiacusReevesi
position  1:    T:0.21212    C:0.22727    A:0.25758    G:0.30303
position  2:    T:0.21212    C:0.13636    A:0.56061    G:0.09091
position  3:    T:0.19697    C:0.27273    A:0.16667    G:0.36364
Average         T:0.20707    C:0.21212    A:0.32828    G:0.25253

#34: HarveysDuiker  
position  1:    T:0.21212    C:0.22727    A:0.25758    G:0.30303
position  2:    T:0.21212    C:0.13636    A:0.54545    G:0.10606
position  3:    T:0.19697    C:0.27273    A:0.16667    G:0.36364
Average         T:0.20707    C:0.21212    A:0.32323    G:0.25758

#35: Pronghorn      
position  1:    T:0.21212    C:0.22727    A:0.25758    G:0.30303
position  2:    T:0.21212    C:0.13636    A:0.57576    G:0.07576
position  3:    T:0.21212    C:0.25758    A:0.18182    G:0.34848
Average         T:0.21212    C:0.20707    A:0.33838    G:0.24242

#36: BlueWildebeest 
position  1:    T:0.21212    C:0.24242    A:0.24242    G:0.30303
position  2:    T:0.21212    C:0.13636    A:0.54545    G:0.10606
position  3:    T:0.19697    C:0.27273    A:0.16667    G:0.36364
Average         T:0.20707    C:0.21717    A:0.31818    G:0.25758

#37: Gemsbok        
position  1:    T:0.22727    C:0.21212    A:0.25758    G:0.30303
position  2:    T:0.21212    C:0.13636    A:0.56061    G:0.09091
position  3:    T:0.21212    C:0.25758    A:0.18182    G:0.34848
Average         T:0.21717    C:0.20202    A:0.33333    G:0.24747

#38: Yak            
position  1:    T:0.21212    C:0.22727    A:0.25758    G:0.30303
position  2:    T:0.21212    C:0.13636    A:0.54545    G:0.10606
position  3:    T:0.21212    C:0.25758    A:0.16667    G:0.36364
Average         T:0.21212    C:0.20707    A:0.32323    G:0.25758

#39: BlueSheep      
position  1:    T:0.21212    C:0.22727    A:0.25758    G:0.30303
position  2:    T:0.21212    C:0.13636    A:0.56061    G:0.09091
position  3:    T:0.19697    C:0.27273    A:0.16667    G:0.36364
Average         T:0.20707    C:0.21212    A:0.32828    G:0.25253

#40: BohorReedbuck  
position  1:    T:0.22727    C:0.21212    A:0.25758    G:0.30303
position  2:    T:0.21212    C:0.13636    A:0.54545    G:0.10606
position  3:    T:0.19697    C:0.27273    A:0.16667    G:0.36364
Average         T:0.21212    C:0.20707    A:0.32323    G:0.25758

#41: KirksDik       
position  1:    T:0.21212    C:0.22727    A:0.25758    G:0.30303
position  2:    T:0.21212    C:0.13636    A:0.54545    G:0.10606
position  3:    T:0.21212    C:0.24242    A:0.16667    G:0.37879
Average         T:0.21212    C:0.20202    A:0.32323    G:0.26263

#42: RoeDeer        
position  1:    T:0.22727    C:0.21212    A:0.25758    G:0.30303
position  2:    T:0.21212    C:0.13636    A:0.54545    G:0.10606
position  3:    T:0.19697    C:0.27273    A:0.16667    G:0.36364
Average         T:0.21212    C:0.20707    A:0.32323    G:0.25758

#43: WhiteLippedDeer
position  1:    T:0.21212    C:0.22727    A:0.25758    G:0.30303
position  2:    T:0.22727    C:0.13636    A:0.53030    G:0.10606
position  3:    T:0.19697    C:0.27273    A:0.16667    G:0.36364
Average         T:0.21212    C:0.21212    A:0.31818    G:0.25758

#44: ThomsonGazelle 
position  1:    T:0.21212    C:0.22727    A:0.25758    G:0.30303
position  2:    T:0.21212    C:0.13636    A:0.54545    G:0.10606
position  3:    T:0.19697    C:0.27273    A:0.16667    G:0.36364
Average         T:0.20707    C:0.21212    A:0.32323    G:0.25758

#45: MuntiacusCrinifrons
position  1:    T:0.21212    C:0.22727    A:0.25758    G:0.30303
position  2:    T:0.21212    C:0.13636    A:0.56061    G:0.09091
position  3:    T:0.19697    C:0.27273    A:0.16667    G:0.36364
Average         T:0.20707    C:0.21212    A:0.32828    G:0.25253

#46: WhiteTailedDeer
position  1:    T:0.22727    C:0.21212    A:0.25758    G:0.30303
position  2:    T:0.21212    C:0.13636    A:0.54545    G:0.10606
position  3:    T:0.19697    C:0.27273    A:0.16667    G:0.36364
Average         T:0.21212    C:0.20707    A:0.32323    G:0.25758

#47: Cattle         
position  1:    T:0.21212    C:0.22727    A:0.25758    G:0.30303
position  2:    T:0.21212    C:0.13636    A:0.54545    G:0.10606
position  3:    T:0.21212    C:0.25758    A:0.16667    G:0.36364
Average         T:0.21212    C:0.20707    A:0.32323    G:0.25758

#48: RoyalAntelope  
position  1:    T:0.22727    C:0.21212    A:0.25758    G:0.30303
position  2:    T:0.21212    C:0.13636    A:0.54545    G:0.10606
position  3:    T:0.21212    C:0.25758    A:0.15152    G:0.37879
Average         T:0.21717    C:0.20202    A:0.31818    G:0.26263

#49: Steenbok       
position  1:    T:0.21212    C:0.22727    A:0.25758    G:0.30303
position  2:    T:0.21212    C:0.13636    A:0.54545    G:0.10606
position  3:    T:0.21212    C:0.25758    A:0.16667    G:0.36364
Average         T:0.21212    C:0.20707    A:0.32323    G:0.25758

#50: Impala         
position  1:    T:0.21212    C:0.22727    A:0.25758    G:0.30303
position  2:    T:0.21212    C:0.13636    A:0.54545    G:0.10606
position  3:    T:0.19697    C:0.27273    A:0.18182    G:0.34848
Average         T:0.20707    C:0.21212    A:0.32828    G:0.25253

#51: Klipspringer   
position  1:    T:0.21212    C:0.22727    A:0.25758    G:0.30303
position  2:    T:0.21212    C:0.13636    A:0.54545    G:0.10606
