1
52 1
Argali 0.000000 0.273100 0.077100 0.207500 0.079000 0.019400 0.062800 0.077900 0.077100 0.100000 0.019100 0.077100 0.038900 0.039100 0.061000 0.039900 0.124100 0.103500 0.019100 0.077100 0.099400 0.019400 0.145400 0.103300 0.000000 0.040400 0.059800 0.077100 0.078800 0.095900 0.079900 0.060900 0.154800 0.039100 0.019700 0.096000 0.019700 0.059600 0.038800 0.079700 0.122600 0.081700 0.100000 0.123200 0.096000 0.060400 0.039200 0.019500 0.100500 0.058400 0.095900 0.114800
LesserMous 0.273100 0.000000 0.267800 0.416500 0.338000 0.251700 0.212800 0.328900 0.267800 0.249300 0.303700 0.267800 0.276200 0.279400 0.323500 0.288700 0.288900 0.262300 0.300200 0.267800 0.333600 0.308400 0.309300 0.258100 0.273100 0.288700 0.254600 0.267800 0.334900 0.289600 0.223300 0.259900 0.368700 0.276200 0.253800 0.291200 0.308400 0.313400 0.278300 0.222000 0.279900 0.290400 0.249300 0.281000 0.291200 0.259200 0.281900 0.253800 0.370100 0.247500 0.289600 0.312800
LesserKudu 0.077100 0.267800 0.000000 0.251000 0.119200 0.099300 0.105000 0.117600 0.000000 0.098400 0.097800 0.000000 0.077700 0.077900 0.102300 0.080100 0.122000 0.101800 0.097000 0.000000 0.140000 0.099300 0.143200 0.101700 0.077100 0.080100 0.100100 0.000000 0.118900 0.018300 0.077900 0.101100 0.152700 0.077700 0.059000 0.055500 0.098800 0.099900 0.078000 0.078500 0.120700 0.123100 0.098400 0.121400 0.055500 0.101000 0.078000 0.058700 0.141500 0.057500 0.018300 0.036200
KillerWhal 0.207500 0.416500 0.251000 0.000000 0.308900 0.188200 0.301800 0.303400 0.251000 0.258300 0.232200 0.251000 0.256800 0.258100 0.241400 0.265000 0.315100 0.292200 0.207600 0.251000 0.256900 0.234800 0.340300 0.293400 0.207500 0.265000 0.237300 0.251000 0.255300 0.270900 0.260600 0.290300 0.285700 0.256800 0.236500 0.271200 0.234500 0.287700 0.258200 0.260000 0.312900 0.318400 0.258300 0.314700 0.271200 0.290000 0.261000 0.236500 0.336700 0.231500 0.270900 0.291400
DefassaWat 0.079000 0.338000 0.119200 0.308900 0.000000 0.101900 0.108200 0.120400 0.119200 0.145100 0.100400 0.119200 0.079700 0.080200 0.105000 0.082400 0.171600 0.150100 0.099500 0.119200 0.143900 0.102000 0.170800 0.124400 0.079000 0.082400 0.102800 0.119200 0.121800 0.138400 0.124000 0.104000 0.200200 0.079500 0.060200 0.138700 0.101500 0.019100 0.080000 0.123500 0.146900 0.126800 0.145100 0.144300 0.138700 0.060600 0.079100 0.060500 0.123700 0.100400 0.138400 0.157900
Sheep 0.019400 0.251700 0.099300 0.188200 0.101900 0.000000 0.086500 0.100300 0.099300 0.124400 0.039300 0.099300 0.059800 0.060100 0.083900 0.061800 0.149700 0.128400 0.039400 0.099300 0.122900 0.039900 0.171700 0.128000 0.019400 0.061800 0.040300 0.099300 0.101600 0.118400 0.103100 0.083100 0.179300 0.059800 0.040500 0.118600 0.039800 0.081900 0.060000 0.102700 0.147600 0.105500 0.123900 0.148400 0.118600 0.083100 0.060600 0.040100 0.124900 0.080200 0.118400 0.137800
MaxwellsDu 0.062800 0.212800 0.105000 0.301800 0.108200 0.086500 0.000000 0.106000 0.105000 0.131800 0.085000 0.104500 0.063300 0.063800 0.089300 0.065700 0.110000 0.089400 0.084200 0.105000 0.130400 0.086400 0.182300 0.136200 0.062800 0.065700 0.087400 0.105000 0.107700 0.125100 0.109600 0.043000 0.189500 0.063300 0.042600 0.125500 0.086100 0.087000 0.063800 0.109100 0.156800 0.112800 0.131800 0.157600 0.125500 0.043300 0.063600 0.042600 0.132100 0.085100 0.125100 0.145500
GazellaPrz 0.077900 0.328900 0.117600 0.303400 0.120400 0.100300 0.106000 0.000000 0.117600 0.142300 0.098800 0.117600 0.078600 0.078800 0.103300 0.080900 0.167900 0.147000 0.098000 0.117600 0.141500 0.100400 0.167400 0.147400 0.077900 0.081000 0.101100 0.117600 0.119900 0.136600 0.121700 0.102000 0.197100 0.078500 0.059200 0.136600 0.099900 0.100900 0.038500 0.121400 0.144000 0.124400 0.142300 0.167300 0.136600 0.102000 0.079600 0.058900 0.143000 0.098700 0.136600 0.155700
MountainNy 0.077100 0.267800 0.000000 0.251000 0.119200 0.099300 0.105000 0.117600 0.000000 0.098400 0.097800 0.000000 0.077700 0.078100 0.102300 0.080100 0.122000 0.101800 0.097000 0.000000 0.140000 0.099300 0.143200 0.101700 0.077100 0.080100 0.100100 0.000000 0.118900 0.018300 0.078700 0.101100 0.152700 0.077700 0.058700 0.055500 0.098800 0.099900 0.078000 0.078500 0.120700 0.123100 0.098400 0.121400 0.055500 0.101000 0.078800 0.058700 0.141500 0.057500 0.018100 0.036200
MuntiacusM 0.100000 0.249300 0.098400 0.258300 0.145100 0.124400 0.131800 0.142300 0.098400 0.000000 0.122000 0.098400 0.100900 0.101600 0.127700 0.104300 0.148900 0.127600 0.120900 0.098400 0.166700 0.123800 0.123900 0.082200 0.099200 0.104300 0.125000 0.098400 0.144200 0.117500 0.019400 0.126600 0.156900 0.100900 0.080700 0.117800 0.123300 0.124800 0.101300 0.059500 0.101300 0.150000 0.000000 0.102100 0.117800 0.126600 0.102500 0.081300 0.168500 0.079700 0.117500 0.136900
goat 0.019100 0.303700 0.097800 0.232200 0.100400 0.039300 0.085000 0.098800 0.097800 0.122000 0.000000 0.097800 0.058900 0.059200 0.082600 0.061600 0.147100 0.126200 0.038400 0.098700 0.121100 0.039300 0.168900 0.125900 0.019500 0.060700 0.080900 0.097800 0.100000 0.116700 0.101500 0.081800 0.176800 0.058900 0.039500 0.117600 0.039100 0.080700 0.059500 0.101100 0.145300 0.103700 0.122000 0.146100 0.116900 0.081700 0.059700 0.039900 0.122200 0.079000 0.116700 0.135900
AfricanBuf 0.077100 0.267800 0.000000 0.251000 0.119200 0.099300 0.104500 0.117600 0.000000 0.098400 0.097800 0.000000 0.077700 0.078500 0.102300 0.080100 0.122000 0.101900 0.097000 0.000000 0.140000 0.099300 0.143200 0.101700 0.077100 0.080100 0.100400 0.000000 0.118900 0.018200 0.078700 0.101100 0.152700 0.077700 0.058700 0.055500 0.098800 0.099900 0.078000 0.078500 0.120700 0.123100 0.098400 0.121400 0.056000 0.101300 0.078800 0.058700 0.141500 0.057500 0.018300 0.036200
Topi 0.038900 0.276200 0.077700 0.256800 0.079700 0.059800 0.063300 0.078600 0.077700 0.100900 0.058900 0.077700 0.000000 0.039200 0.061500 0.040200 0.125200 0.104400 0.058300 0.077700 0.100200 0.059700 0.146600 0.104200 0.038700 0.040200 0.019800 0.077700 0.079500 0.096700 0.080600 0.060900 0.156100 0.000000 0.019700 0.096700 0.059500 0.059800 0.039100 0.079500 0.123600 0.082400 0.100900 0.080700 0.096700 0.060900 0.039300 0.019600 0.101300 0.058800 0.096700 0.115700
CommonDuik 0.039100 0.279400 0.077900 0.258100 0.080200 0.060100 0.063800 0.078800 0.078100 0.101600 0.059200 0.078500 0.039200 0.000000 0.061800 0.040500 0.082700 0.106100 0.058600 0.078100 0.100700 0.060000 0.147500 0.104800 0.038900 0.040900 0.060600 0.078100 0.079900 0.097000 0.081100 0.020100 0.156900 0.039200 0.019800 0.097200 0.059800 0.060400 0.039300 0.080800 0.124400 0.041200 0.101600 0.124900 0.097200 0.061100 0.039800 0.019700 0.101900 0.059200 0.097000 0.116200
Suni 0.061000 0.323500 0.102300 0.241400 0.105000 0.083900 0.089300 0.103300 0.102300 0.127700 0.082600 0.102300 0.061500 0.061800 0.000000 0.063900 0.154400 0.132500 0.081800 0.102300 0.126800 0.083800 0.177000 0.132100 0.061000 0.063600 0.084700 0.101400 0.104700 0.122100 0.106200 0.084900 0.185000 0.061500 0.041300 0.122200 0.083600 0.084400 0.061600 0.105900 0.152300 0.108800 0.127700 0.153200 0.122200 0.085600 0.062400 0.041500 0.128200 0.082600 0.121700 0.142000
Springbuck 0.039900 0.288700 0.080100 0.265000 0.082400 0.061800 0.065700 0.080900 0.080100 0.104300 0.061600 0.080100 0.040200 0.040500 0.063900 0.000000 0.129800 0.108200 0.060200 0.080100 0.103400 0.061700 0.151500 0.107700 0.039900 0.000000 0.062300 0.080100 0.040200 0.099600 0.083300 0.063100 0.160800 0.040200 0.020400 0.099700 0.061500 0.062100 0.040800 0.083000 0.127700 0.042600 0.104300 0.128400 0.100100 0.063000 0.040800 0.020700 0.104700 0.061300 0.099600 0.119100
Okapi 0.124100 0.288900 0.122000 0.315100 0.171600 0.149700 0.110000 0.167900 0.122000 0.148900 0.147100 0.122000 0.125200 0.082700 0.154400 0.129800 0.000000 0.021000 0.145800 0.122000 0.193900 0.149400 0.198400 0.153600 0.124100 0.129800 0.151100 0.122000 0.170400 0.141300 0.127300 0.062900 0.117400 0.125200 0.105200 0.099200 0.104000 0.150700 0.125800 0.126700 0.173500 0.130400 0.148900 0.174200 0.099200 0.153200 0.127300 0.105200 0.149000 0.103100 0.141300 0.161300
Giraffe 0.103500 0.262300 0.101800 0.292200 0.150100 0.128400 0.089400 0.147000 0.101800 0.127600 0.126200 0.101900 0.104400 0.106100 0.132500 0.108200 0.021000 0.000000 0.125000 0.101800 0.172300 0.128200 0.176300 0.131700 0.103500 0.108200 0.129600 0.101800 0.149200 0.121300 0.106100 0.085500 0.097900 0.104400 0.084300 0.079400 0.083300 0.129200 0.104900 0.105600 0.151800 0.155700 0.127600 0.152500 0.079400 0.131300 0.106200 0.084300 0.127700 0.082500 0.121300 0.141200
TibetanAnt 0.019100 0.300200 0.097000 0.207600 0.099500 0.039400 0.084200 0.098000 0.097000 0.120900 0.038400 0.097000 0.058300 0.058600 0.081800 0.060200 0.145800 0.125000 0.000000 0.097000 0.076700 0.038900 0.167400 0.124800 0.019100 0.060200 0.080000 0.097000 0.099200 0.115800 0.100600 0.081000 0.175500 0.058300 0.039100 0.115900 0.038800 0.079900 0.058400 0.100200 0.144100 0.102800 0.120900 0.144800 0.116500 0.080900 0.058400 0.039100 0.121400 0.078300 0.115800 0.134800
Sitatunga 0.077100 0.267800 0.000000 0.251000 0.119200 0.099300 0.105000 0.117600 0.000000 0.098400 0.098700 0.000000 0.077700 0.078100 0.102300 0.080100 0.122000 0.101800 0.097000 0.000000 0.140000 0.099300 0.143200 0.101700 0.077100 0.080100 0.100100 0.000000 0.118900 0.018200 0.078700 0.101100 0.152700 0.077700 0.058700 0.055500 0.100300 0.099900 0.078000 0.078500 0.120700 0.123100 0.098400 0.121400 0.055500 0.101000 0.078800 0.058700 0.141500 0.057500 0.018300 0.036200
Oribi 0.099400 0.333600 0.140000 0.256900 0.143900 0.122900 0.130400 0.141500 0.140000 0.166700 0.121100 0.140000 0.100200 0.100700 0.126800 0.103400 0.193900 0.172300 0.076700 0.140000 0.000000 0.123000 0.216900 0.172300 0.099400 0.103400 0.124000 0.140000 0.143300 0.159300 0.145400 0.125400 0.221800 0.100200 0.080100 0.159500 0.122600 0.123800 0.100600 0.144900 0.191700 0.148700 0.166700 0.192800 0.159500 0.125300 0.101700 0.080600 0.167200 0.121100 0.159300 0.178900
BarbaryShe 0.019400 0.308400 0.099300 0.234800 0.102000 0.039900 0.086400 0.100400 0.099300 0.123800 0.039300 0.099300 0.059700 0.060000 0.083800 0.061700 0.149400 0.128200 0.038900 0.099300 0.123000 0.000000 0.170800 0.128300 0.019400 0.061700 0.082100 0.099300 0.101600 0.118600 0.103000 0.083000 0.179500 0.059700 0.040100 0.118600 0.039700 0.082100 0.060000 0.102700 0.147600 0.105300 0.123800 0.148900 0.118600 0.083000 0.060600 0.040100 0.124300 0.080100 0.118600 0.138000
Daviddeer 0.145400 0.309300 0.143200 0.340300 0.170800 0.171700 0.182300 0.167400 0.143200 0.123900 0.168900 0.143200 0.146600 0.147500 0.177000 0.151500 0.198400 0.176300 0.167400 0.143200 0.216900 0.170800 0.000000 0.128200 0.145400 0.151500 0.173200 0.143200 0.192700 0.162800 0.103100 0.175100 0.226600 0.146600 0.126500 0.163000 0.170700 0.150100 0.125000 0.102800 0.059900 0.200300 0.123900 0.148700 0.163000 0.151800 0.148900 0.126500 0.169700 0.123800 0.162800 0.182700
Reindeer 0.103300 0.258100 0.101700 0.293400 0.124400 0.128000 0.136200 0.147400 0.101700 0.082200 0.125900 0.101700 0.104200 0.104800 0.132100 0.107700 0.153600 0.131700 0.124800 0.101700 0.172300 0.128300 0.128200 0.000000 0.103300 0.107700 0.129200 0.101700 0.149000 0.121400 0.061600 0.130700 0.184100 0.104200 0.083900 0.121500 0.127400 0.104200 0.104700 0.061400 0.105000 0.154900 0.082200 0.019900 0.121500 0.130600 0.105800 0.083900 0.174100 0.082200 0.121400 0.141300
Ibex 0.000000 0.273100 0.077100 0.207500 0.079000 0.019400 0.062800 0.077900 0.077100 0.099200 0.019500 0.077100 0.038700 0.038900 0.061000 0.039900 0.124100 0.103500 0.019100 0.077100 0.099400 0.019400 0.145400 0.103300 0.000000 0.040700 0.059800 0.077100 0.078800 0.095900 0.079900 0.060400 0.154800 0.038900 0.019800 0.096000 0.019300 0.059600 0.038800 0.079700 0.122600 0.081700 0.100000 0.123200 0.096000 0.060400 0.039200 0.019500 0.100500 0.058400 0.095900 0.114800
GyrantGaze 0.040400 0.288700 0.080100 0.265000 0.082400 0.061800 0.065700 0.081000 0.080100 0.104300 0.060700 0.080100 0.040200 0.040900 0.063600 0.000000 0.129800 0.108200 0.060200 0.080100 0.103400 0.061700 0.151500 0.107700 0.040700 0.000000 0.062300 0.080100 0.040800 0.099600 0.083300 0.063100 0.160800 0.040200 0.020600 0.099700 0.061500 0.062100 0.040400 0.082900 0.127700 0.041800 0.104300 0.128400 0.099700 0.063000 0.040800 0.020300 0.104700 0.060800 0.099600 0.119100
Hartebeest 0.059800 0.254600 0.100100 0.237300 0.102800 0.040300 0.087400 0.101100 0.100100 0.125000 0.080900 0.100400 0.019800 0.060600 0.084700 0.062300 0.151100 0.129600 0.080000 0.100100 0.124000 0.082100 0.173200 0.129200 0.059800 0.062300 0.000000 0.100100 0.102500 0.119400 0.104000 0.083900 0.180900 0.019600 0.040500 0.119600 0.081800 0.082700 0.060500 0.102900 0.149000 0.106500 0.125000 0.104100 0.119600 0.083800 0.061200 0.040500 0.125500 0.080900 0.119400 0.139000
Bongo 0.077100 0.267800 0.000000 0.251000 0.119200 0.099300 0.105000 0.117600 0.000000 0.098400 0.097800 0.000000 0.077700 0.078100 0.101400 0.080100 0.122000 0.101800 0.097000 0.000000 0.140000 0.099300 0.143200 0.101700 0.077100 0.080100 0.100100 0.000000 0.118900 0.018200 0.078500 0.101100 0.152700 0.077700 0.058700 0.055500 0.098800 0.099900 0.078100 0.078500 0.120700 0.123100 0.098400 0.121400 0.055500 0.101000 0.078800 0.058700 0.141500 0.057500 0.018300 0.036200
Gerenuk 0.078800 0.334900 0.118900 0.255300 0.121800 0.101600 0.107700 0.119900 0.118900 0.144200 0.100000 0.118900 0.079500 0.079900 0.104700 0.040200 0.170400 0.149200 0.099200 0.118900 0.143300 0.101600 0.192700 0.149000 0.078800 0.040800 0.102500 0.118900 0.000000 0.138100 0.123400 0.103600 0.199200 0.079500 0.060000 0.138200 0.101100 0.101900 0.079800 0.123000 0.168400 0.082300 0.144200 0.169400 0.138200 0.103100 0.080600 0.060200 0.144800 0.100000 0.138100 0.157400
CommonElan 0.095900 0.289600 0.018300 0.270900 0.138400 0.118400 0.125100 0.136600 0.018300 0.117500 0.116700 0.018200 0.096700 0.097000 0.122100 0.099600 0.141300 0.121300 0.115800 0.018200 0.159300 0.118600 0.162800 0.121400 0.095900 0.099600 0.119400 0.018200 0.138100 0.000000 0.097700 0.120500 0.129900 0.096700 0.077700 0.073400 0.117900 0.119200 0.097000 0.097500 0.140100 0.142700 0.117500 0.141000 0.073600 0.120400 0.098000 0.077700 0.160900 0.076200 0.000000 0.017600
MuntiacusR 0.079900 0.223300 0.077900 0.260600 0.124000 0.103100 0.109600 0.121700 0.078700 0.019400 0.101500 0.078700 0.080600 0.081100 0.106200 0.083300 0.127300 0.106100 0.100600 0.078700 0.145400 0.103000 0.103100 0.061600 0.079900 0.083300 0.104000 0.078500 0.123400 0.097700 0.000000 0.105300 0.158100 0.080600 0.060600 0.098000 0.102600 0.103800 0.080900 0.039600 0.080600 0.128300 0.019500 0.081500 0.098000 0.105200 0.081900 0.061100 0.147000 0.059700 0.097700 0.117100
HarveysDui 0.060900 0.259900 0.101100 0.290300 0.104000 0.083100 0.043000 0.102000 0.101100 0.126600 0.081800 0.101100 0.060900 0.020100 0.084900 0.063100 0.062900 0.085500 0.081000 0.101100 0.125400 0.083000 0.175100 0.130700 0.060400 0.063100 0.083900 0.101100 0.103600 0.120500 0.105300 0.000000 0.182700 0.060900 0.040900 0.120800 0.082700 0.083600 0.061300 0.105600 0.150700 0.063300 0.126600 0.151400 0.120800 0.084900 0.061900 0.040900 0.126900 0.081800 0.120500 0.140300
Pronghorn 0.154800 0.368700 0.152700 0.285700 0.200200 0.179300 0.189500 0.197100 0.152700 0.156900 0.176800 0.152700 0.156100 0.156900 0.185000 0.160800 0.117400 0.097900 0.175500 0.152700 0.221800 0.179500 0.226600 0.184100 0.154800 0.160800 0.180900 0.152700 0.199200 0.129900 0.158100 0.182700 0.000000 0.156100 0.137300 0.130400 0.135900 0.180800 0.156800 0.157700 0.202500 0.206200 0.156900 0.203700 0.130400 0.182500 0.158400 0.137300 0.178900 0.134600 0.129900 0.148100
BlueWildeb 0.039100 0.276200 0.077700 0.256800 0.079500 0.059800 0.063300 0.078500 0.077700 0.100900 0.058900 0.077700 0.000000 0.039200 0.061500 0.040200 0.125200 0.104400 0.058300 0.077700 0.100200 0.059700 0.146600 0.104200 0.038900 0.040200 0.019600 0.077700 0.079500 0.096700 0.080600 0.060900 0.156100 0.000000 0.019600 0.096700 0.059500 0.060100 0.039300 0.080300 0.123600 0.082800 0.100900 0.080700 0.096700 0.060900 0.039500 0.019800 0.101300 0.058800 0.096700 0.115700
Gemsbok 0.019700 0.253800 0.059000 0.236500 0.060200 0.040500 0.042600 0.059200 0.058700 0.080700 0.039500 0.058700 0.019700 0.019800 0.041300 0.020400 0.105200 0.084300 0.039100 0.058700 0.080100 0.040100 0.126500 0.083900 0.019800 0.020600 0.040500 0.058700 0.060000 0.077700 0.060600 0.040900 0.137300 0.019600 0.000000 0.077800 0.040400 0.040300 0.019800 0.060700 0.103700 0.062300 0.081300 0.104200 0.077800 0.040900 0.019900 0.000000 0.081600 0.039500 0.077300 0.096900
Yak 0.096000 0.291200 0.055500 0.271200 0.138700 0.118600 0.125500 0.136600 0.055500 0.117800 0.117600 0.055500 0.096700 0.097200 0.122200 0.099700 0.099200 0.079400 0.115900 0.055500 0.159500 0.118600 0.163000 0.121500 0.096000 0.099700 0.119600 0.055500 0.138200 0.073400 0.098000 0.120800 0.130400 0.096700 0.077800 0.000000 0.118100 0.119100 0.097100 0.097700 0.140300 0.143100 0.117800 0.141100 0.000000 0.120700 0.098100 0.077700 0.161100 0.076300 0.073600 0.091800
BlueSheep 0.019700 0.308400 0.098800 0.234500 0.101500 0.039800 0.086100 0.099900 0.098800 0.123300 0.039100 0.098800 0.059500 0.059800 0.083600 0.061500 0.104000 0.083300 0.038800 0.100300 0.122600 0.039700 0.170700 0.127400 0.019300 0.061500 0.081800 0.098800 0.101100 0.117900 0.102600 0.082700 0.135900 0.059500 0.040400 0.118100 0.000000 0.081600 0.059800 0.102600 0.146900 0.105000 0.123300 0.147700 0.119200 0.082700 0.060400 0.040000 0.080800 0.079800 0.117900 0.137200
BohorReedb 0.059600 0.313400 0.099900 0.287700 0.019100 0.081900 0.087000 0.100900 0.099900 0.124800 0.080700 0.099900 0.059800 0.060400 0.084400 0.062100 0.150700 0.129200 0.079900 0.099900 0.123800 0.082100 0.150100 0.104200 0.059600 0.062100 0.082700 0.099900 0.101900 0.119200 0.103800 0.083600 0.180800 0.060100 0.040300 0.119100 0.081600 0.000000 0.060300 0.103400 0.126500 0.106200 0.124800 0.124200 0.119400 0.040600 0.060100 0.040300 0.103500 0.080700 0.119200 0.138800
KirksDik 0.038800 0.278300 0.078000 0.258200 0.080000 0.060000 0.063800 0.038500 0.078000 0.101300 0.059500 0.078000 0.039100 0.039300 0.061600 0.040800 0.125800 0.104900 0.058400 0.078000 0.100600 0.060000 0.125000 0.104700 0.038800 0.040400 0.060500 0.078100 0.079800 0.097000 0.080900 0.061300 0.156800 0.039300 0.019800 0.097100 0.059800 0.060300 0.000000 0.080700 0.102500 0.083100 0.101300 0.124900 0.097100 0.061100 0.039700 0.019700 0.101700 0.059100 0.097000 0.116100
RoeDeer 0.079700 0.222000 0.078500 0.260000 0.123500 0.102700 0.109100 0.121400 0.078500 0.059500 0.101100 0.078500 0.079500 0.080800 0.105900 0.083000 0.126700 0.105600 0.100200 0.078500 0.144900 0.102700 0.102800 0.061400 0.079700 0.082900 0.102900 0.078500 0.123000 0.097500 0.039600 0.105600 0.157700 0.080300 0.060700 0.097700 0.102600 0.103400 0.080700 0.000000 0.080900 0.127700 0.058600 0.081300 0.097700 0.104700 0.081500 0.060700 0.102300 0.059400 0.097500 0.116800
WhiteLippe 0.122600 0.279900 0.120700 0.312900 0.146900 0.147600 0.156800 0.144000 0.120700 0.101300 0.145300 0.120700 0.123600 0.124400 0.152300 0.127700 0.173500 0.151800 0.144100 0.120700 0.191700 0.147600 0.059900 0.105000 0.122600 0.127700 0.149000 0.120700 0.168400 0.140100 0.080600 0.150700 0.202500 0.123600 0.103700 0.140300 0.146900 0.126500 0.102500 0.080900 0.000000 0.175000 0.101700 0.125200 0.140300 0.128100 0.125600 0.103700 0.146100 0.102300 0.140100 0.159900
ThomsonGaz 0.081700 0.290400 0.123100 0.318400 0.126800 0.105500 0.112800 0.124400 0.123100 0.150000 0.103700 0.123100 0.082400 0.041200 0.108800 0.042600 0.130400 0.155700 0.102800 0.123100 0.148700 0.105300 0.200300 0.154900 0.081700 0.041800 0.106500 0.123100 0.082300 0.142700 0.128300 0.063300 0.206200 0.082800 0.062300 0.143100 0.105000 0.106200 0.083100 0.127700 0.175000 0.000000 0.150000 0.175800 0.143100 0.107800 0.083700 0.062300 0.150300 0.103800 0.142700 0.162800
MuntiacusC 0.100000 0.249300 0.098400 0.258300 0.145100 0.123900 0.131800 0.142300 0.098400 0.000000 0.122000 0.098400 0.100900 0.101600 0.127700 0.104300 0.148900 0.127600 0.120900 0.098400 0.166700 0.123800 0.123900 0.082200 0.100000 0.104300 0.125000 0.098400 0.144200 0.117500 0.019500 0.126600 0.156900 0.100900 0.081300 0.117800 0.123300 0.124800 0.101300 0.058600 0.101700 0.150000 0.000000 0.102100 0.117800 0.126600 0.102500 0.081300 0.168500 0.079700 0.117500 0.136900
WhiteTaile 0.123200 0.281000 0.121400 0.314700 0.144300 0.148400 0.157600 0.167300 0.121400 0.102100 0.146100 0.121400 0.080700 0.124900 0.153200 0.128400 0.174200 0.152500 0.144800 0.121400 0.192800 0.148900 0.148700 0.019900 0.123200 0.128400 0.104100 0.121400 0.169400 0.141000 0.081500 0.151400 0.203700 0.080700 0.104200 0.141100 0.147700 0.124200 0.124900 0.081300 0.125200 0.175800 0.102100 0.000000 0.141100 0.151200 0.126200 0.104200 0.194700 0.102000 0.141000 0.160800
Cattle 0.096000 0.291200 0.055500 0.271200 0.138700 0.118600 0.125500 0.136600 0.055500 0.117800 0.116900 0.056000 0.096700 0.097200 0.122200 0.100100 0.099200 0.079400 0.116500 0.055500 0.159500 0.118600 0.163000 0.121500 0.096000 0.099700 0.119600 0.055500 0.138200 0.073600 0.098000 0.120800 0.130400 0.096700 0.077800 0.000000 0.119200 0.119400 0.097100 0.097700 0.140300 0.143100 0.117800 0.141100 0.000000 0.120700 0.098100 0.077800 0.161100 0.076300 0.073600 0.091800
RoyalAntel 0.060400 0.259200 0.101000 0.290000 0.060600 0.083100 0.043300 0.102000 0.101000 0.126600 0.081700 0.101300 0.060900 0.061100 0.085600 0.063000 0.153200 0.131300 0.080900 0.101000 0.125300 0.083000 0.151800 0.130600 0.060400 0.063000 0.083800 0.101000 0.103100 0.120400 0.105200 0.084900 0.182500 0.060900 0.040900 0.120700 0.082700 0.040600 0.061100 0.104700 0.128100 0.107800 0.126600 0.151200 0.120700 0.000000 0.061800 0.040900 0.104900 0.081800 0.120400 0.140200
Steenbok 0.039200 0.281900 0.078000 0.261000 0.079100 0.060600 0.063600 0.079600 0.078800 0.102500 0.059700 0.078800 0.039300 0.039800 0.062400 0.040800 0.127300 0.106200 0.058400 0.078800 0.101700 0.060600 0.148900 0.105800 0.039200 0.040800 0.061200 0.078800 0.080600 0.098000 0.081900 0.061900 0.158400 0.039500 0.019900 0.098100 0.060400 0.060100 0.039700 0.081500 0.125600 0.083700 0.102500 0.126200 0.098100 0.061800 0.000000 0.019900 0.102900 0.059700 0.098000 0.117300
Impala 0.019500 0.253800 0.058700 0.236500 0.060500 0.040100 0.042600 0.058900 0.058700 0.081300 0.039900 0.058700 0.019600 0.019700 0.041500 0.020700 0.105200 0.084300 0.039100 0.058700 0.080600 0.040100 0.126500 0.083900 0.019500 0.020300 0.040500 0.058700 0.060200 0.077700 0.061100 0.040900 0.137300 0.019800 0.000000 0.077700 0.040000 0.040300 0.019700 0.060700 0.103700 0.062300 0.081300 0.104200 0.077800 0.040900 0.019900 0.000000 0.081000 0.039500 0.077700 0.096900
Klipspring 0.100500 0.370100 0.141500 0.336700 0.123700 0.124900 0.132100 0.143000 0.141500 0.168500 0.122200 0.141500 0.101300 0.101900 0.128200 0.104700 0.149000 0.127700 0.121400 0.141500 0.167200 0.124300 0.169700 0.174100 0.100500 0.104700 0.125500 0.141500 0.144800 0.160900 0.147000 0.126900 0.178900 0.101300 0.081600 0.161100 0.080800 0.103500 0.101700 0.102300 0.146100 0.150300 0.168500 0.194700 0.161100 0.104900 0.102900 0.081000 0.000000 0.122400 0.160900 0.180600
ForestMusk 0.058400 0.247500 0.057500 0.231500 0.100400 0.080200 0.085100 0.098700 0.057500 0.079700 0.079000 0.057500 0.058800 0.059200 0.082600 0.061300 0.103100 0.082500 0.078300 0.057500 0.121100 0.080100 0.123800 0.082200 0.058400 0.060800 0.080900 0.057500 0.100000 0.076200 0.059700 0.081800 0.134600 0.058800 0.039500 0.076300 0.079800 0.080700 0.059100 0.059400 0.102300 0.103800 0.079700 0.102000 0.076300 0.081800 0.059700 0.039500 0.122400 0.000000 0.076200 0.095000
Bushbuck 0.095900 0.289600 0.018300 0.270900 0.138400 0.118400 0.125100 0.136600 0.018100 0.117500 0.116700 0.018300 0.096700 0.097000 0.121700 0.099600 0.141300 0.121300 0.115800 0.018300 0.159300 0.118600 0.162800 0.121400 0.095900 0.099600 0.119400 0.018300 0.138100 0.000000 0.097700 0.120500 0.129900 0.096700 0.077300 0.073600 0.117900 0.119200 0.097000 0.097500 0.140100 0.142700 0.117500 0.141000 0.073600 0.120400 0.098000 0.077700 0.160900 0.076200 0.000000 0.017700
GreaterKud 0.114800 0.312800 0.036200 0.291400 0.157900 0.137800 0.145500 0.155700 0.036200 0.136900 0.135900 0.036200 0.115700 0.116200 0.142000 0.119100 0.161300 0.141200 0.134800 0.036200 0.178900 0.138000 0.182700 0.141300 0.114800 0.119100 0.139000 0.036200 0.157400 0.017600 0.117100 0.140300 0.148100 0.115700 0.096900 0.091800 0.137200 0.138800 0.116100 0.116800 0.159900 0.162800 0.136900 0.160800 0.091800 0.140200 0.117300 0.096900 0.180600 0.095000 0.017700 0.000000
