1
52 1
Argali 0.000000 0.119000 0.048300 0.058800 0.014400 0.000000 0.014400 0.033300 0.038400 0.058100 0.004800 0.048700 0.014400 0.033700 0.048700 0.024100 0.058400 0.058400 0.014300 0.033500 0.019100 0.004800 0.068000 0.038600 0.004800 0.044000 0.014400 0.033500 0.034100 0.038600 0.068400 0.023900 0.048700 0.014400 0.019200 0.048500 0.004800 0.014400 0.043700 0.043800 0.067900 0.043700 0.063200 0.058400 0.053600 0.043300 0.019200 0.029300 0.038700 0.053800 0.043400 0.048400
LesserMous 0.119000 0.000000 0.139600 0.088000 0.114300 0.119000 0.114100 0.144100 0.139700 0.102700 0.113900 0.140400 0.114500 0.135000 0.140700 0.124600 0.118300 0.107900 0.113900 0.134200 0.108400 0.113900 0.102500 0.077400 0.113800 0.125400 0.114500 0.134300 0.136300 0.129100 0.113400 0.124000 0.108500 0.114400 0.109000 0.140400 0.113900 0.114300 0.146100 0.103600 0.102400 0.124800 0.108100 0.097800 0.146000 0.134500 0.108800 0.131500 0.129900 0.113600 0.134300 0.129200
LesserKudu 0.048300 0.139600 0.000000 0.068600 0.043600 0.048300 0.043500 0.072500 0.017700 0.077800 0.043400 0.038400 0.043700 0.058300 0.078800 0.053500 0.068200 0.068100 0.053400 0.014100 0.048300 0.043400 0.087900 0.058000 0.043400 0.074100 0.043700 0.023600 0.063900 0.028500 0.088300 0.048200 0.068500 0.043700 0.048600 0.038400 0.043400 0.043600 0.073500 0.063400 0.087700 0.073600 0.083000 0.078200 0.043300 0.073000 0.048400 0.059100 0.063400 0.073600 0.014100 0.018900
KillerWhal 0.058800 0.088000 0.068600 0.000000 0.054100 0.058800 0.054000 0.083400 0.068600 0.053400 0.053900 0.069100 0.054200 0.074200 0.079600 0.064200 0.048500 0.048500 0.064000 0.063500 0.048800 0.053900 0.063300 0.028900 0.053900 0.074900 0.054200 0.063600 0.074900 0.058700 0.063700 0.063800 0.048700 0.054200 0.059200 0.069000 0.053900 0.054100 0.084600 0.043900 0.063200 0.064200 0.058500 0.048700 0.074200 0.084000 0.059000 0.070000 0.064000 0.053800 0.063600 0.058700
DefassaWat 0.014400 0.114300 0.043600 0.054100 0.000000 0.014400 0.009600 0.038400 0.033700 0.053400 0.009600 0.043900 0.009600 0.029000 0.044000 0.019300 0.053700 0.053700 0.019200 0.028800 0.014300 0.009600 0.063300 0.033800 0.009600 0.039300 0.009600 0.028800 0.029300 0.033900 0.063700 0.019200 0.039000 0.009600 0.014500 0.043800 0.009600 0.000000 0.038900 0.039000 0.063200 0.038900 0.058600 0.053700 0.048900 0.038600 0.014400 0.024500 0.034000 0.049000 0.038700 0.043700
Sheep 0.000000 0.119000 0.048300 0.058800 0.014400 0.000000 0.014400 0.033300 0.038400 0.058100 0.004500 0.048700 0.014400 0.033800 0.048700 0.024100 0.058500 0.058400 0.014300 0.033500 0.019100 0.004700 0.068000 0.038600 0.004800 0.044000 0.014400 0.033500 0.034100 0.038600 0.068400 0.023900 0.048700 0.014400 0.019200 0.048600 0.004500 0.014400 0.043700 0.043800 0.067900 0.043700 0.063300 0.058400 0.053600 0.043300 0.019200 0.029300 0.038600 0.053800 0.043400 0.048400
MaxwellsDu 0.014400 0.114100 0.043500 0.054000 0.009600 0.014400 0.000000 0.038300 0.033700 0.053400 0.009600 0.043900 0.009600 0.019200 0.044000 0.019300 0.053700 0.053600 0.019200 0.028800 0.014400 0.009600 0.063200 0.033800 0.009600 0.039200 0.009600 0.028800 0.029300 0.033800 0.063600 0.009600 0.043900 0.009600 0.014500 0.043800 0.009600 0.009600 0.038900 0.039000 0.063100 0.039000 0.058500 0.053600 0.048800 0.038600 0.014400 0.024500 0.033900 0.049000 0.038600 0.043600
GazellaPrz 0.033300 0.144100 0.072500 0.083400 0.038400 0.033300 0.038300 0.000000 0.062500 0.082400 0.038200 0.073000 0.038500 0.048000 0.063100 0.038300 0.082900 0.082800 0.048000 0.057500 0.033300 0.038200 0.082200 0.062600 0.038200 0.058400 0.038400 0.057500 0.048500 0.062700 0.092900 0.047900 0.073200 0.038400 0.043300 0.072900 0.038200 0.038400 0.048000 0.068100 0.082000 0.058000 0.087600 0.082800 0.078100 0.067500 0.043100 0.053700 0.053000 0.078300 0.067600 0.072600
MountainNy 0.038400 0.139700 0.017700 0.068600 0.033700 0.038400 0.033700 0.062500 0.000000 0.077900 0.033600 0.038500 0.033800 0.048300 0.068500 0.043500 0.068200 0.068100 0.043400 0.004700 0.038400 0.033600 0.087900 0.058000 0.033600 0.063800 0.033800 0.004700 0.053700 0.018900 0.088400 0.038400 0.068500 0.033800 0.038600 0.038400 0.033600 0.033700 0.063300 0.063400 0.087700 0.063400 0.083100 0.078200 0.043300 0.062900 0.038500 0.049000 0.053300 0.073600 0.004700 0.009400
MuntiacusM 0.058100 0.102700 0.077800 0.053400 0.053400 0.058100 0.053400 0.082400 0.077900 0.000000 0.053200 0.078400 0.053600 0.073200 0.088900 0.063400 0.062900 0.048100 0.063300 0.072800 0.058100 0.053200 0.028300 0.038200 0.053200 0.084200 0.053500 0.072800 0.073900 0.068000 0.018900 0.063000 0.053300 0.053500 0.058400 0.078200 0.053200 0.053400 0.083600 0.043300 0.028300 0.073500 0.004700 0.057900 0.083400 0.067900 0.058300 0.069200 0.078400 0.053300 0.072800 0.078000
goat 0.004800 0.113900 0.043400 0.053900 0.009600 0.004500 0.009600 0.038200 0.033600 0.053200 0.000000 0.043800 0.009600 0.028900 0.043800 0.019300 0.053500 0.053500 0.009600 0.028700 0.014300 0.000000 0.063100 0.033700 0.000000 0.039100 0.009600 0.028700 0.029200 0.033700 0.063500 0.019100 0.043800 0.009600 0.014400 0.043700 0.000000 0.009600 0.038800 0.038900 0.063000 0.038800 0.058300 0.053500 0.048700 0.038500 0.014400 0.024400 0.033700 0.048800 0.038500 0.043500
AfricanBuf 0.048700 0.140400 0.038400 0.069100 0.043900 0.048700 0.043900 0.073000 0.038500 0.078400 0.043800 0.000000 0.034100 0.063800 0.058900 0.043900 0.053500 0.063600 0.053800 0.033500 0.048600 0.043800 0.088400 0.058500 0.043800 0.064400 0.034100 0.033600 0.054200 0.048500 0.078600 0.053600 0.069000 0.034000 0.048900 0.019000 0.043800 0.043900 0.068900 0.063900 0.088300 0.063900 0.073400 0.068500 0.014300 0.073500 0.048800 0.059600 0.068900 0.063900 0.033600 0.038500
Topi 0.014400 0.114500 0.043700 0.054200 0.009600 0.014400 0.009600 0.038500 0.033800 0.053600 0.009600 0.034100 0.000000 0.029100 0.029200 0.009600 0.053900 0.053800 0.019300 0.028900 0.014400 0.009600 0.063500 0.033900 0.009600 0.029400 0.000000 0.028900 0.019500 0.033900 0.053700 0.019300 0.044100 0.000000 0.014500 0.034000 0.009600 0.009600 0.039000 0.039100 0.063400 0.029200 0.048600 0.043800 0.039000 0.038700 0.014500 0.024400 0.034000 0.039100 0.038800 0.043800
CommonDuik 0.033700 0.135000 0.058300 0.074200 0.029000 0.033800 0.019200 0.048000 0.048300 0.073200 0.028900 0.063800 0.029100 0.000000 0.053800 0.029000 0.073600 0.073600 0.038700 0.043300 0.024000 0.028900 0.083300 0.053400 0.028900 0.049100 0.029100 0.043400 0.039100 0.048500 0.083700 0.009500 0.063500 0.029100 0.033900 0.063600 0.028900 0.029000 0.048700 0.058800 0.083100 0.048800 0.078500 0.073600 0.068800 0.058200 0.033800 0.044300 0.033800 0.069000 0.053300 0.058400
Suni 0.048700 0.140700 0.078800 0.079600 0.044000 0.048700 0.044000 0.063100 0.068500 0.088900 0.043800 0.058900 0.029200 0.053800 0.000000 0.034000 0.073900 0.084100 0.053800 0.063400 0.038800 0.043800 0.099000 0.058700 0.043800 0.044200 0.029200 0.063400 0.044200 0.068800 0.089100 0.053700 0.079500 0.029200 0.049000 0.068900 0.043800 0.044000 0.058900 0.064100 0.098800 0.043900 0.083800 0.068800 0.063800 0.073600 0.048800 0.054600 0.048900 0.074400 0.073700 0.068700
Springbuck 0.024100 0.124600 0.053500 0.064200 0.019300 0.024100 0.019300 0.038300 0.043500 0.063400 0.019300 0.043900 0.009600 0.029000 0.034000 0.000000 0.063700 0.063700 0.029000 0.038500 0.014400 0.019300 0.073300 0.043700 0.019300 0.019400 0.009600 0.038600 0.009600 0.043700 0.063600 0.028900 0.054000 0.009600 0.024200 0.043800 0.019300 0.019300 0.038900 0.049000 0.073200 0.019300 0.058400 0.053600 0.048800 0.048500 0.024100 0.034400 0.033900 0.048900 0.048500 0.053600
Okapi 0.058400 0.118300 0.068200 0.048500 0.053700 0.058500 0.053700 0.082900 0.068200 0.062900 0.053500 0.053500 0.053900 0.073600 0.073900 0.063700 0.000000 0.018900 0.063600 0.063100 0.058400 0.053500 0.072900 0.048300 0.053500 0.084600 0.053800 0.063100 0.074400 0.058400 0.073300 0.063400 0.048500 0.053800 0.058800 0.068600 0.053500 0.053700 0.078800 0.063600 0.072700 0.084100 0.068100 0.068200 0.063600 0.083400 0.058600 0.069600 0.078800 0.053400 0.063200 0.068300
Giraffe 0.058400 0.107900 0.068100 0.048500 0.053700 0.058400 0.053600 0.082800 0.068100 0.048100 0.053500 0.063600 0.053800 0.073600 0.084100 0.063700 0.018900 0.000000 0.063500 0.063100 0.058300 0.053500 0.067800 0.048200 0.053500 0.084600 0.053800 0.063100 0.074300 0.058300 0.068200 0.063300 0.048500 0.053800 0.058700 0.068500 0.053500 0.053700 0.083900 0.063500 0.067700 0.084100 0.053100 0.068200 0.073700 0.078300 0.058500 0.069500 0.078800 0.053400 0.063200 0.068300
TibetanAnt 0.014300 0.113900 0.053400 0.064000 0.019200 0.014300 0.019200 0.048000 0.043400 0.063300 0.009600 0.053800 0.019300 0.038700 0.053800 0.029000 0.063600 0.063500 0.000000 0.038500 0.023900 0.009600 0.073200 0.033700 0.009500 0.049100 0.019300 0.038500 0.039100 0.043600 0.063400 0.028800 0.053800 0.019300 0.024100 0.053600 0.009600 0.019200 0.048700 0.048800 0.073100 0.048600 0.068400 0.053500 0.058700 0.048400 0.024100 0.034300 0.043700 0.058900 0.048400 0.053500
Sitatunga 0.033500 0.134200 0.014100 0.063500 0.028800 0.033500 0.028800 0.057500 0.004700 0.072800 0.028700 0.033500 0.028900 0.043300 0.063400 0.038500 0.063100 0.063100 0.038500 0.000000 0.033500 0.028700 0.082700 0.053000 0.028700 0.058700 0.028900 0.009400 0.048700 0.023700 0.083200 0.033400 0.063400 0.028800 0.033700 0.033500 0.028700 0.028800 0.058300 0.058400 0.082600 0.058300 0.077900 0.073100 0.038400 0.057800 0.033600 0.043900 0.048300 0.068500 0.009400 0.014100
Oribi 0.019100 0.108400 0.048300 0.048800 0.014300 0.019100 0.014400 0.033300 0.038400 0.058100 0.014300 0.048600 0.014400 0.024000 0.038800 0.014400 0.058400 0.058300 0.023900 0.033500 0.000000 0.014300 0.068000 0.038500 0.014300 0.034100 0.014400 0.033500 0.024200 0.038600 0.068400 0.023900 0.048700 0.014400 0.019200 0.048500 0.014300 0.014300 0.033800 0.043700 0.067800 0.033700 0.063200 0.058400 0.053600 0.043300 0.019200 0.029300 0.028900 0.053700 0.043400 0.048400
BarbaryShe 0.004800 0.113900 0.043400 0.053900 0.009600 0.004700 0.009600 0.038200 0.033600 0.053200 0.000000 0.043800 0.009600 0.028900 0.043800 0.019300 0.053500 0.053500 0.009600 0.028700 0.014300 0.000000 0.063100 0.033700 0.000000 0.039100 0.009600 0.028700 0.029200 0.033700 0.063500 0.019100 0.043800 0.009600 0.014400 0.043700 0.000000 0.009600 0.038800 0.038900 0.063000 0.038800 0.058300 0.053500 0.048700 0.038500 0.014400 0.024400 0.033700 0.048800 0.038500 0.043500
Daviddeer 0.068000 0.102500 0.087900 0.063300 0.063300 0.068000 0.063200 0.082200 0.087900 0.028300 0.063100 0.088400 0.063500 0.083300 0.099000 0.073300 0.072900 0.067800 0.073200 0.082700 0.068000 0.063100 0.000000 0.047900 0.063100 0.094300 0.063500 0.082800 0.084000 0.077900 0.038100 0.072900 0.063200 0.063400 0.068400 0.088300 0.063100 0.063300 0.093700 0.053000 0.009300 0.083500 0.033200 0.067800 0.093500 0.077800 0.068200 0.079300 0.088500 0.063200 0.082800 0.088000
Reindeer 0.038600 0.077400 0.058000 0.028900 0.033800 0.038600 0.033800 0.062600 0.058000 0.038200 0.033700 0.058500 0.033900 0.053400 0.058700 0.043700 0.048300 0.048200 0.033700 0.053000 0.038500 0.033700 0.047900 0.000000 0.033700 0.054000 0.033900 0.053100 0.054000 0.048300 0.038300 0.043400 0.038600 0.033900 0.038800 0.058300 0.033700 0.033800 0.063500 0.024000 0.047800 0.043700 0.043200 0.019000 0.063400 0.063100 0.038600 0.049200 0.048500 0.043600 0.053100 0.048200
Ibex 0.004800 0.113800 0.043400 0.053900 0.009600 0.004800 0.009600 0.038200 0.033600 0.053200 0.000000 0.043800 0.009600 0.028900 0.043800 0.019300 0.053500 0.053500 0.009500 0.028700 0.014300 0.000000 0.063100 0.033700 0.000000 0.039100 0.009600 0.028700 0.029200 0.033700 0.063500 0.019100 0.043800 0.009600 0.014400 0.043700 0.000000 0.009600 0.038800 0.038900 0.063000 0.038700 0.058300 0.053500 0.048700 0.038500 0.014400 0.024400 0.033800 0.048800 0.038500 0.043500
GyrantGaze 0.044000 0.125400 0.074100 0.074900 0.039300 0.044000 0.039200 0.058400 0.063800 0.084200 0.039100 0.064400 0.029400 0.049100 0.044200 0.019400 0.084600 0.084600 0.049100 0.058700 0.034100 0.039100 0.094300 0.054000 0.039100 0.000000 0.029400 0.058800 0.029400 0.064100 0.084500 0.049000 0.074700 0.029300 0.044300 0.054100 0.039100 0.039300 0.059300 0.059400 0.094200 0.019400 0.079100 0.064100 0.059200 0.068900 0.044100 0.054900 0.044100 0.069600 0.069000 0.064000
Hartebeest 0.014400 0.114500 0.043700 0.054200 0.009600 0.014400 0.009600 0.038400 0.033800 0.053500 0.009600 0.034100 0.000000 0.029100 0.029200 0.009600 0.053800 0.053800 0.019300 0.028900 0.014400 0.009600 0.063500 0.033900 0.009600 0.029400 0.000000 0.028900 0.019500 0.033900 0.053700 0.019300 0.044100 0.000000 0.014500 0.034000 0.009600 0.009600 0.039000 0.039100 0.063300 0.029200 0.048600 0.043800 0.039000 0.038700 0.014500 0.024400 0.034000 0.039100 0.038800 0.043800
Bongo 0.033500 0.134300 0.023600 0.063600 0.028800 0.033500 0.028800 0.057500 0.004700 0.072800 0.028700 0.033600 0.028900 0.043400 0.063400 0.038600 0.063100 0.063100 0.038500 0.009400 0.033500 0.028700 0.082800 0.053100 0.028700 0.058800 0.028900 0.000000 0.048700 0.023700 0.083200 0.033500 0.063500 0.028900 0.033700 0.033500 0.028700 0.028800 0.058300 0.058400 0.082600 0.058400 0.078000 0.073100 0.038400 0.057900 0.033600 0.044000 0.048300 0.068600 0.009400 0.014100
Gerenuk 0.034100 0.136300 0.063900 0.074900 0.029300 0.034100 0.029300 0.048500 0.053700 0.073900 0.029200 0.054200 0.019500 0.039100 0.044200 0.009600 0.074400 0.074300 0.039100 0.048700 0.024200 0.029200 0.084000 0.054000 0.029200 0.029400 0.019500 0.048700 0.000000 0.048900 0.074200 0.039000 0.064500 0.019500 0.034300 0.043800 0.029200 0.029300 0.049200 0.059400 0.083900 0.029200 0.068900 0.064100 0.048900 0.058800 0.034200 0.044700 0.044100 0.059400 0.058900 0.064000
CommonElan 0.038600 0.129100 0.028500 0.058700 0.033900 0.038600 0.033800 0.062700 0.018900 0.068000 0.033700 0.048500 0.033900 0.048500 0.068800 0.043700 0.058400 0.058300 0.043600 0.023700 0.038600 0.033700 0.077900 0.048300 0.033700 0.064100 0.033900 0.023700 0.048900 0.000000 0.078300 0.038500 0.058600 0.033900 0.038800 0.048400 0.033700 0.033900 0.063600 0.053600 0.077700 0.063700 0.073100 0.068300 0.053500 0.063100 0.038700 0.049200 0.053500 0.063700 0.014200 0.019000
MuntiacusR 0.068400 0.113400 0.088300 0.063700 0.063700 0.068400 0.063600 0.092900 0.088400 0.018900 0.063500 0.078600 0.053700 0.083700 0.089100 0.063600 0.073300 0.068200 0.063400 0.083200 0.068400 0.063500 0.038100 0.038300 0.063500 0.084500 0.053700 0.083200 0.074200 0.078300 0.000000 0.073400 0.063600 0.053700 0.068800 0.078500 0.063500 0.063700 0.089000 0.053400 0.038000 0.073700 0.014100 0.048200 0.083700 0.078200 0.068600 0.079800 0.083800 0.053500 0.083300 0.088500
HarveysDui 0.023900 0.124000 0.048200 0.063800 0.019200 0.023900 0.009600 0.047900 0.038400 0.063000 0.019100 0.053600 0.019300 0.009500 0.053700 0.028900 0.063400 0.063300 0.028800 0.033400 0.023900 0.019100 0.072900 0.043400 0.019100 0.049000 0.019300 0.033500 0.039000 0.038500 0.073400 0.000000 0.053600 0.019200 0.024100 0.053500 0.019100 0.019200 0.048600 0.048700 0.072800 0.048700 0.068200 0.063400 0.058600 0.048200 0.024000 0.034200 0.033700 0.058700 0.043300 0.048300
Pronghorn 0.048700 0.108500 0.068500 0.048700 0.039000 0.048700 0.043900 0.073200 0.068500 0.053300 0.043800 0.069000 0.044100 0.063500 0.079500 0.054000 0.048500 0.048500 0.053800 0.063400 0.048700 0.043800 0.063200 0.038600 0.043800 0.074700 0.044100 0.063500 0.064500 0.058600 0.063600 0.053600 0.000000 0.044100 0.049000 0.068900 0.043800 0.039000 0.074200 0.053800 0.063100 0.074200 0.058400 0.058600 0.074100 0.073600 0.048800 0.059700 0.069000 0.043700 0.063500 0.068700
BlueWildeb 0.014400 0.114400 0.043700 0.054200 0.009600 0.014400 0.009600 0.038400 0.033800 0.053500 0.009600 0.034000 0.000000 0.029100 0.029200 0.009600 0.053800 0.053800 0.019300 0.028800 0.014400 0.009600 0.063400 0.033900 0.009600 0.029300 0.000000 0.028900 0.019500 0.033900 0.053700 0.019200 0.044100 0.000000 0.014500 0.034000 0.009600 0.009600 0.039000 0.039100 0.063300 0.029100 0.048600 0.043800 0.039000 0.038700 0.014500 0.024400 0.034000 0.039100 0.038800 0.043800
Gemsbok 0.019200 0.109000 0.048600 0.059200 0.014500 0.019200 0.014500 0.043300 0.038600 0.058400 0.014400 0.048900 0.014500 0.033900 0.049000 0.024200 0.058800 0.058700 0.024100 0.033700 0.019200 0.014400 0.068400 0.038800 0.014400 0.044300 0.014500 0.033700 0.034300 0.038800 0.068800 0.024100 0.049000 0.014500 0.000000 0.048800 0.014400 0.014500 0.037900 0.044000 0.068200 0.044000 0.063600 0.057300 0.053900 0.043600 0.019300 0.029400 0.038900 0.054100 0.043600 0.048700
Yak 0.048500 0.140400 0.038400 0.069000 0.043800 0.048600 0.043800 0.072900 0.038400 0.078200 0.043700 0.019000 0.034000 0.063600 0.068900 0.043800 0.068600 0.068500 0.053600 0.033500 0.048500 0.043700 0.088300 0.058300 0.043700 0.054100 0.034000 0.033500 0.043800 0.048400 0.078500 0.053500 0.068900 0.034000 0.048800 0.000000 0.043700 0.043800 0.073900 0.063800 0.088100 0.053700 0.073200 0.068400 0.004700 0.073400 0.048700 0.059500 0.068800 0.063700 0.033500 0.038400
BlueSheep 0.004800 0.113900 0.043400 0.053900 0.009600 0.004500 0.009600 0.038200 0.033600 0.053200 0.000000 0.043800 0.009600 0.028900 0.043800 0.019300 0.053500 0.053500 0.009600 0.028700 0.014300 0.000000 0.063100 0.033700 0.000000 0.039100 0.009600 0.028700 0.029200 0.033700 0.063500 0.019100 0.043800 0.009600 0.014400 0.043700 0.000000 0.009600 0.038800 0.038900 0.063000 0.038800 0.058300 0.053500 0.048700 0.038500 0.014400 0.024400 0.033700 0.048800 0.038500 0.043500
BohorReedb 0.014400 0.114300 0.043600 0.054100 0.000000 0.014400 0.009600 0.038400 0.033700 0.053400 0.009600 0.043900 0.009600 0.029000 0.044000 0.019300 0.053700 0.053700 0.019200 0.028800 0.014300 0.009600 0.063300 0.033800 0.009600 0.039300 0.009600 0.028800 0.029300 0.033900 0.063700 0.019200 0.039000 0.009600 0.014500 0.043800 0.009600 0.000000 0.038900 0.039000 0.063200 0.038900 0.058600 0.053700 0.048900 0.038600 0.014400 0.024500 0.034000 0.049000 0.038700 0.043700
KirksDik 0.043700 0.146100 0.073500 0.084600 0.038900 0.043700 0.038900 0.048000 0.063300 0.083600 0.038800 0.068900 0.039000 0.048700 0.058900 0.038900 0.078800 0.083900 0.048700 0.058300 0.033800 0.038800 0.093700 0.063500 0.038800 0.059300 0.039000 0.058300 0.049200 0.063600 0.089000 0.048600 0.074200 0.039000 0.037900 0.073900 0.038800 0.038900 0.000000 0.069000 0.093500 0.058900 0.088800 0.084000 0.074000 0.068400 0.043800 0.054500 0.043700 0.079400 0.068500 0.073700
RoeDeer 0.043800 0.103600 0.063400 0.043900 0.039000 0.043800 0.039000 0.068100 0.063400 0.043300 0.038900 0.063900 0.039100 0.058800 0.064100 0.049000 0.063600 0.063500 0.048800 0.058400 0.043700 0.038900 0.053000 0.024000 0.038900 0.059400 0.039100 0.058400 0.059400 0.053600 0.053400 0.048700 0.053800 0.039100 0.044000 0.063800 0.038900 0.039000 0.069000 0.000000 0.053000 0.049000 0.048400 0.043600 0.068900 0.068500 0.043800 0.054600 0.053800 0.058900 0.058400 0.053500
WhiteLippe 0.067900 0.102400 0.087700 0.063200 0.063200 0.067900 0.063100 0.082000 0.087700 0.028300 0.063000 0.088300 0.063400 0.083100 0.098800 0.073200 0.072700 0.067700 0.073100 0.082600 0.067800 0.063000 0.009300 0.047800 0.063000 0.094200 0.063300 0.082600 0.083900 0.077700 0.038000 0.072800 0.063100 0.063300 0.068200 0.088100 0.063000 0.063200 0.093500 0.053000 0.000000 0.083400 0.033100 0.067600 0.093400 0.077700 0.068000 0.079200 0.088300 0.063100 0.082600 0.087800
ThomsonGaz 0.043700 0.124800 0.073600 0.064200 0.038900 0.043700 0.039000 0.058000 0.063400 0.073500 0.038800 0.063900 0.029200 0.048800 0.043900 0.019300 0.084100 0.084100 0.048600 0.058300 0.033700 0.038800 0.083500 0.043700 0.038700 0.019400 0.029200 0.058400 0.029200 0.063700 0.073700 0.048700 0.074200 0.029100 0.044000 0.053700 0.038800 0.038900 0.058900 0.049000 0.083400 0.000000 0.068500 0.053700 0.058900 0.068500 0.043800 0.054600 0.043800 0.069100 0.068600 0.063600
MuntiacusC 0.063200 0.108100 0.083000 0.058500 0.058600 0.063300 0.058500 0.087600 0.083100 0.004700 0.058300 0.073400 0.048600 0.078500 0.083800 0.058400 0.068100 0.053100 0.068400 0.077900 0.063200 0.058300 0.033200 0.043200 0.058300 0.079100 0.048600 0.078000 0.068900 0.073100 0.014100 0.068200 0.058400 0.048600 0.063600 0.073200 0.058300 0.058600 0.088800 0.048400 0.033100 0.068500 0.000000 0.053000 0.078400 0.073000 0.063400 0.074500 0.083700 0.048400 0.078000 0.083200
WhiteTaile 0.058400 0.097800 0.078200 0.048700 0.053700 0.058400 0.053600 0.082800 0.078200 0.057900 0.053500 0.068500 0.043800 0.073600 0.068800 0.053600 0.068200 0.068200 0.053500 0.073100 0.058400 0.053500 0.067800 0.019000 0.053500 0.064100 0.043800 0.073100 0.064100 0.068300 0.048200 0.063400 0.058600 0.043800 0.057300 0.068400 0.053500 0.053700 0.084000 0.043600 0.067600 0.053700 0.053000 0.000000 0.073600 0.083400 0.058500 0.069600 0.068600 0.053500 0.073200 0.068200
Cattle 0.053600 0.146000 0.043300 0.074200 0.048900 0.053600 0.048800 0.078100 0.043300 0.083400 0.048700 0.014300 0.039000 0.068800 0.063800 0.048800 0.063600 0.073700 0.058700 0.038400 0.053600 0.048700 0.093500 0.063400 0.048700 0.059200 0.039000 0.038400 0.048900 0.053500 0.083700 0.058600 0.074100 0.039000 0.053900 0.004700 0.048700 0.048900 0.074000 0.068900 0.093400 0.058900 0.078400 0.073600 0.000000 0.078500 0.053700 0.064700 0.074000 0.068900 0.038400 0.043400
RoyalAntel 0.043300 0.134500 0.073000 0.084000 0.038600 0.043300 0.038600 0.067500 0.062900 0.067900 0.038500 0.073500 0.038700 0.058200 0.073600 0.048500 0.083400 0.078300 0.048400 0.057800 0.043300 0.038500 0.077800 0.063100 0.038500 0.068900 0.038700 0.057900 0.058800 0.063100 0.078200 0.048200 0.073600 0.038700 0.043600 0.073400 0.038500 0.038600 0.068400 0.068500 0.077700 0.068500 0.073000 0.083400 0.078500 0.000000 0.043400 0.049000 0.063300 0.073400 0.068000 0.073100
Steenbok 0.019200 0.108800 0.048400 0.059000 0.014400 0.019200 0.014400 0.043100 0.038500 0.058300 0.014400 0.048800 0.014500 0.033800 0.048800 0.024100 0.058600 0.058500 0.024100 0.033600 0.019200 0.014400 0.068200 0.038600 0.014400 0.044100 0.014500 0.033600 0.034200 0.038700 0.068600 0.024000 0.048800 0.014500 0.019300 0.048700 0.014400 0.014400 0.043800 0.043800 0.068000 0.043800 0.063400 0.058500 0.053700 0.043400 0.000000 0.029300 0.038800 0.053900 0.043500 0.048500
Impala 0.029300 0.131500 0.059100 0.070000 0.024500 0.029300 0.024500 0.053700 0.049000 0.069200 0.024400 0.059600 0.024400 0.044300 0.054600 0.034400 0.069600 0.069500 0.034300 0.043900 0.029300 0.024400 0.079300 0.049200 0.024400 0.054900 0.024400 0.044000 0.044700 0.049200 0.079800 0.034200 0.059700 0.024400 0.029400 0.059500 0.024400 0.024500 0.054500 0.054600 0.079200 0.054600 0.074500 0.069600 0.064700 0.049000 0.029300 0.000000 0.049400 0.064900 0.054100 0.059300
Klipspring 0.038700 0.129900 0.063400 0.064000 0.034000 0.038600 0.033900 0.053000 0.053300 0.078400 0.033700 0.068900 0.034000 0.033800 0.048900 0.033900 0.078800 0.078800 0.043700 0.048300 0.028900 0.033700 0.088500 0.048500 0.033800 0.044100 0.034000 0.048300 0.044100 0.053500 0.083800 0.033700 0.069000 0.034000 0.038900 0.068800 0.033700 0.034000 0.043700 0.053800 0.088300 0.043800 0.083700 0.068600 0.074000 0.063300 0.038800 0.049400 0.000000 0.074200 0.058400 0.053500
ForestMusk 0.053800 0.113600 0.073600 0.053800 0.049000 0.053800 0.049000 0.078300 0.073600 0.053300 0.048800 0.063900 0.039100 0.069000 0.074400 0.048900 0.053400 0.053400 0.058900 0.068500 0.053700 0.048800 0.063200 0.043600 0.048800 0.069600 0.039100 0.068600 0.059400 0.063700 0.053500 0.058700 0.043700 0.039100 0.054100 0.063700 0.048800 0.049000 0.079400 0.058900 0.063100 0.069100 0.048400 0.053500 0.068900 0.073400 0.053900 0.064900 0.074200 0.000000 0.068600 0.073700
Bushbuck 0.043400 0.134300 0.014100 0.063600 0.038700 0.043400 0.038600 0.067600 0.004700 0.072800 0.038500 0.033600 0.038800 0.053300 0.073700 0.048500 0.063200 0.063200 0.048400 0.009400 0.043400 0.038500 0.082800 0.053100 0.038500 0.069000 0.038800 0.009400 0.058900 0.014200 0.083300 0.043300 0.063500 0.038800 0.043600 0.033500 0.038500 0.038700 0.068500 0.058400 0.082600 0.068600 0.078000 0.073200 0.038400 0.068000 0.043500 0.054100 0.058400 0.068600 0.000000 0.004500
GreaterKud 0.048400 0.129200 0.018900 0.058700 0.043700 0.048400 0.043600 0.072600 0.009400 0.078000 0.043500 0.038500 0.043800 0.058400 0.068700 0.053600 0.068300 0.068300 0.053500 0.014100 0.048400 0.043500 0.088000 0.048200 0.043500 0.064000 0.043800 0.014100 0.064000 0.019000 0.088500 0.048300 0.068700 0.043800 0.048700 0.038400 0.043500 0.043700 0.073700 0.053500 0.087800 0.063600 0.083200 0.068200 0.043400 0.073100 0.048500 0.059300 0.053500 0.073700 0.004500 0.000000
