1
52 1
Argali 0.000000 0.269100 0.084200 0.230100 0.055200 0.008700 0.071800 0.076500 0.085300 0.132600 0.028600 0.075200 0.058100 0.073400 0.075600 0.077400 0.096100 0.110900 0.043400 0.086600 0.074100 0.022000 0.135300 0.130500 0.028600 0.065700 0.056900 0.085300 0.075100 0.084100 0.131200 0.071200 0.133200 0.060300 0.046000 0.074700 0.023100 0.062100 0.077500 0.133500 0.137600 0.065600 0.133900 0.149000 0.080500 0.061500 0.081800 0.060700 0.062300 0.092700 0.090300 0.086300
LesserMous 0.269100 0.000000 0.279600 0.257900 0.265100 0.267900 0.274700 0.273100 0.280100 0.309000 0.266200 0.264800 0.268700 0.280400 0.279300 0.283300 0.260900 0.265800 0.273400 0.286700 0.275500 0.269200 0.299100 0.294200 0.269000 0.279800 0.268700 0.283400 0.286700 0.281900 0.313400 0.279700 0.293000 0.258100 0.270000 0.282300 0.273100 0.273900 0.296200 0.288100 0.298700 0.282900 0.317000 0.310200 0.287900 0.276700 0.277800 0.260600 0.275500 0.253800 0.281300 0.278300
LesserKudu 0.084200 0.279600 0.000000 0.238300 0.077900 0.079500 0.091400 0.101200 0.019800 0.137000 0.079600 0.055400 0.086700 0.098000 0.093800 0.092900 0.100100 0.111600 0.083400 0.017600 0.094600 0.076400 0.139800 0.131000 0.079500 0.085700 0.083100 0.018700 0.097800 0.018700 0.135600 0.092100 0.136600 0.084200 0.081600 0.063200 0.076300 0.080200 0.099400 0.126400 0.139500 0.086800 0.141000 0.147000 0.067800 0.092600 0.096600 0.077500 0.082900 0.090600 0.024300 0.020800
KillerWhal 0.230100 0.257900 0.238300 0.000000 0.230700 0.222000 0.239000 0.240500 0.240400 0.268900 0.225800 0.224100 0.237300 0.238400 0.231200 0.257400 0.226500 0.235500 0.229700 0.243800 0.249200 0.222700 0.267900 0.259500 0.232700 0.238400 0.235900 0.244900 0.257600 0.241900 0.274700 0.240200 0.252100 0.232600 0.225400 0.230000 0.223800 0.234600 0.256000 0.260000 0.270700 0.237000 0.275000 0.275600 0.232400 0.237500 0.248000 0.223100 0.234500 0.227900 0.248600 0.238700
DefassaWat 0.055200 0.265100 0.077900 0.230700 0.000000 0.050600 0.061200 0.075000 0.078900 0.137700 0.052800 0.072300 0.062200 0.066000 0.075000 0.072100 0.095900 0.105900 0.054300 0.082600 0.071200 0.046200 0.136500 0.126400 0.052800 0.061500 0.058700 0.083700 0.075800 0.080200 0.133600 0.062400 0.129100 0.058600 0.049900 0.074300 0.049600 0.015500 0.077000 0.126800 0.136200 0.062600 0.139000 0.146100 0.077700 0.063400 0.074300 0.057800 0.061700 0.088700 0.083900 0.080000
Sheep 0.008700 0.267900 0.079500 0.222000 0.050600 0.000000 0.067200 0.074200 0.080600 0.134100 0.024200 0.070500 0.055800 0.066400 0.073300 0.072800 0.092600 0.107300 0.036600 0.084300 0.069500 0.017600 0.136800 0.126800 0.024200 0.061100 0.052400 0.083000 0.072800 0.079500 0.132700 0.064200 0.129500 0.055800 0.042600 0.070100 0.018700 0.057500 0.070500 0.129800 0.139100 0.062200 0.135400 0.146400 0.075900 0.061600 0.077200 0.056100 0.060000 0.086800 0.085600 0.081700
MaxwellsDu 0.071800 0.274700 0.091400 0.239000 0.061200 0.067200 0.000000 0.088400 0.094800 0.138000 0.069300 0.085700 0.076500 0.033200 0.084800 0.086700 0.109400 0.124800 0.068700 0.098500 0.080900 0.062700 0.143300 0.132800 0.071600 0.078400 0.073100 0.097200 0.092800 0.096100 0.137700 0.033300 0.145000 0.074200 0.070300 0.088700 0.066100 0.065800 0.084100 0.133500 0.143900 0.079400 0.140400 0.152900 0.090900 0.079000 0.086400 0.069700 0.073800 0.098700 0.099900 0.095900
GazellaPrz 0.076500 0.273100 0.101200 0.240500 0.075000 0.074200 0.088400 0.000000 0.107100 0.150500 0.074100 0.100500 0.073000 0.090100 0.094300 0.066900 0.122300 0.133900 0.075800 0.108500 0.058900 0.069700 0.154300 0.129700 0.078900 0.051800 0.071900 0.107100 0.065700 0.108400 0.149100 0.090300 0.150400 0.071800 0.077500 0.100600 0.073200 0.077300 0.068100 0.142800 0.152600 0.050500 0.151900 0.151800 0.107700 0.086100 0.063500 0.080400 0.084600 0.112100 0.112400 0.103300
MountainNy 0.085300 0.280100 0.019800 0.240400 0.078900 0.080600 0.094800 0.107100 0.000000 0.139200 0.082900 0.055300 0.094800 0.096500 0.094700 0.098700 0.104500 0.113600 0.084400 0.019700 0.100400 0.078500 0.141900 0.135800 0.082900 0.091500 0.091300 0.018600 0.101200 0.007600 0.137700 0.090600 0.143900 0.092300 0.083800 0.063100 0.079600 0.086000 0.105200 0.133700 0.141600 0.092600 0.143100 0.155500 0.067700 0.095900 0.100000 0.080900 0.087500 0.092800 0.019700 0.009800
MuntiacusM 0.132600 0.309000 0.137000 0.268900 0.137700 0.134100 0.138000 0.150500 0.139200 0.000000 0.140500 0.124800 0.145700 0.145100 0.150700 0.151500 0.144600 0.156800 0.137000 0.140700 0.148300 0.132100 0.072200 0.091900 0.144300 0.142500 0.141800 0.141900 0.154400 0.140600 0.005800 0.146700 0.160700 0.142800 0.138100 0.138500 0.135800 0.141600 0.157500 0.091700 0.074700 0.142400 0.005800 0.102300 0.143500 0.142000 0.149100 0.130800 0.137100 0.135700 0.150200 0.142900
goat 0.028600 0.266200 0.079600 0.225800 0.052800 0.024200 0.069300 0.074100 0.082900 0.140500 0.000000 0.072800 0.053500 0.068500 0.070900 0.075100 0.097200 0.112100 0.041100 0.086600 0.074100 0.016500 0.138000 0.129300 0.008700 0.066800 0.050100 0.085300 0.077500 0.081800 0.139000 0.068700 0.124100 0.051100 0.044800 0.074800 0.018700 0.059700 0.070300 0.132200 0.140300 0.067900 0.141800 0.148900 0.078200 0.069800 0.074800 0.058400 0.061200 0.087900 0.088000 0.084000
AfricanBuf 0.075200 0.264800 0.055400 0.224100 0.072300 0.070500 0.085700 0.100500 0.055300 0.124800 0.072800 0.000000 0.082200 0.088700 0.085800 0.084800 0.092100 0.104600 0.071900 0.055300 0.090200 0.068400 0.132700 0.121400 0.072800 0.083600 0.079800 0.054100 0.093300 0.054100 0.126000 0.084000 0.120700 0.079700 0.072400 0.040200 0.069500 0.077000 0.097400 0.114300 0.135000 0.084800 0.131400 0.139700 0.044800 0.088300 0.092200 0.064600 0.076100 0.079000 0.060100 0.056400
Topi 0.058100 0.268700 0.086700 0.237300 0.062200 0.055800 0.076500 0.073000 0.094800 0.145700 0.053500 0.082200 0.000000 0.078100 0.082600 0.076100 0.112100 0.122200 0.054800 0.092500 0.073900 0.051400 0.144400 0.133100 0.055800 0.070200 0.009800 0.096100 0.084500 0.096100 0.144200 0.080600 0.134400 0.017400 0.044800 0.087800 0.054800 0.064400 0.076200 0.127000 0.146800 0.069000 0.147000 0.152500 0.091200 0.070500 0.080500 0.070000 0.072900 0.097500 0.099900 0.093500
CommonDuik 0.073400 0.280400 0.098000 0.238400 0.066000 0.066400 0.033200 0.090100 0.096500 0.145100 0.068500 0.088700 0.078100 0.000000 0.081700 0.093200 0.111200 0.121500 0.067900 0.102700 0.088500 0.066700 0.150400 0.137300 0.073200 0.081100 0.074700 0.101400 0.093200 0.097800 0.144700 0.024300 0.141800 0.078100 0.071900 0.091700 0.067800 0.073000 0.088200 0.140800 0.151000 0.082300 0.147500 0.160100 0.093900 0.080700 0.085600 0.071500 0.077800 0.103900 0.101600 0.095200
Suni 0.075600 0.279300 0.093800 0.231200 0.075000 0.073300 0.084800 0.094300 0.094700 0.150700 0.070900 0.085800 0.082600 0.081700 0.000000 0.087700 0.116700 0.129600 0.074700 0.093700 0.086500 0.068900 0.153500 0.144600 0.075600 0.081800 0.081500 0.094800 0.084100 0.096000 0.151900 0.083100 0.150700 0.084900 0.073800 0.091300 0.072300 0.079400 0.097400 0.142200 0.155800 0.080500 0.154700 0.167200 0.093600 0.085000 0.087700 0.074000 0.086000 0.105900 0.101900 0.098200
Springbuck 0.077400 0.283300 0.092900 0.257400 0.072100 0.072800 0.086700 0.066900 0.098700 0.151500 0.075100 0.084800 0.076100 0.093200 0.087700 0.000000 0.112500 0.128900 0.078900 0.100000 0.058300 0.070700 0.151400 0.136200 0.072700 0.034400 0.072600 0.101200 0.036600 0.100000 0.150100 0.087000 0.141600 0.072500 0.073400 0.089900 0.074100 0.074400 0.070000 0.141900 0.152500 0.035500 0.155600 0.155800 0.095800 0.089200 0.058400 0.076400 0.081700 0.104900 0.106300 0.099800
Okapi 0.096100 0.260900 0.100100 0.226500 0.095900 0.092600 0.109400 0.122300 0.104500 0.144600 0.097200 0.092100 0.112100 0.111200 0.116700 0.112500 0.000000 0.034900 0.105100 0.109700 0.118000 0.091700 0.141700 0.125100 0.097100 0.107500 0.108400 0.109600 0.117600 0.105800 0.143100 0.108900 0.105300 0.109400 0.094600 0.099000 0.091600 0.100700 0.122800 0.129400 0.141300 0.109400 0.146000 0.133700 0.103700 0.111000 0.115100 0.098900 0.103400 0.096100 0.111100 0.108000
Giraffe 0.110900 0.265800 0.111600 0.235500 0.105900 0.107300 0.124800 0.133900 0.113600 0.156800 0.112100 0.104600 0.122200 0.121500 0.129600 0.128900 0.034900 0.000000 0.116400 0.116300 0.132200 0.106600 0.151300 0.143700 0.112100 0.121500 0.118500 0.118600 0.133000 0.114900 0.155300 0.121800 0.121900 0.117100 0.104700 0.111600 0.104000 0.110800 0.139700 0.149300 0.148200 0.123500 0.156700 0.149900 0.116400 0.118600 0.127800 0.111400 0.116000 0.114800 0.121500 0.114700
TibetanAnt 0.043400 0.273400 0.083400 0.229700 0.054300 0.036600 0.068700 0.075800 0.084400 0.137000 0.041100 0.071900 0.054800 0.067900 0.074700 0.078900 0.105100 0.116400 0.000000 0.088100 0.075500 0.034500 0.134400 0.125800 0.043400 0.067100 0.053700 0.086800 0.082500 0.085600 0.135600 0.068100 0.133600 0.057100 0.046100 0.071500 0.037900 0.061200 0.076600 0.128800 0.136800 0.068200 0.138400 0.145300 0.077300 0.065400 0.080900 0.059800 0.063700 0.094200 0.089400 0.083100
Sitatunga 0.086600 0.286700 0.017600 0.243800 0.082600 0.084300 0.098500 0.108500 0.019700 0.140700 0.086600 0.055300 0.092500 0.102700 0.093700 0.100000 0.109700 0.116300 0.088100 0.000000 0.099300 0.082200 0.137000 0.138700 0.086600 0.092800 0.090200 0.009500 0.102500 0.018600 0.139300 0.096800 0.149400 0.088800 0.086300 0.065500 0.083300 0.084900 0.109100 0.133900 0.136600 0.093900 0.144700 0.157300 0.070100 0.097300 0.101300 0.082200 0.088800 0.095300 0.024200 0.020800
Oribi 0.074100 0.275500 0.094600 0.249200 0.071200 0.069500 0.080900 0.058900 0.100400 0.148300 0.074100 0.090200 0.073900 0.088500 0.086500 0.058300 0.118000 0.132200 0.075500 0.099300 0.000000 0.067300 0.150900 0.140900 0.076400 0.043400 0.071600 0.100500 0.059500 0.101700 0.149500 0.082800 0.143800 0.071500 0.068800 0.094100 0.070800 0.073200 0.058500 0.138500 0.151900 0.044500 0.151000 0.160600 0.100100 0.082300 0.055100 0.075400 0.070000 0.110300 0.105600 0.101500
BarbaryShe 0.022000 0.269200 0.076400 0.222700 0.046200 0.017600 0.062700 0.069700 0.078500 0.132100 0.016500 0.068400 0.051400 0.066700 0.068900 0.070700 0.091700 0.106600 0.034500 0.082200 0.067300 0.000000 0.132200 0.122200 0.018100 0.060100 0.048000 0.080900 0.071900 0.077400 0.130700 0.064400 0.121100 0.051400 0.038200 0.068000 0.013200 0.053100 0.068400 0.125200 0.134500 0.061200 0.133400 0.140400 0.073800 0.063100 0.072700 0.054000 0.054400 0.087100 0.083500 0.079600
Daviddeer 0.135300 0.299100 0.139800 0.267900 0.136500 0.136800 0.143300 0.154300 0.141900 0.072200 0.138000 0.132700 0.144400 0.150400 0.153500 0.151400 0.141700 0.151300 0.134400 0.137000 0.150900 0.132200 0.000000 0.092000 0.139100 0.142200 0.141900 0.139400 0.154300 0.143400 0.070900 0.146700 0.161000 0.137700 0.139500 0.141100 0.138400 0.140300 0.160100 0.089200 0.009300 0.142200 0.073500 0.099800 0.146200 0.143400 0.146300 0.127200 0.133000 0.128000 0.150400 0.145900
Reindeer 0.130500 0.294200 0.131000 0.259500 0.126400 0.126800 0.132800 0.129700 0.135800 0.091900 0.129300 0.121400 0.133100 0.137300 0.144600 0.136200 0.125100 0.143700 0.125800 0.138700 0.140900 0.122200 0.092000 0.000000 0.131800 0.127100 0.129200 0.138500 0.142900 0.137200 0.090500 0.132300 0.154300 0.130300 0.125200 0.125900 0.124500 0.130300 0.146000 0.067800 0.095700 0.129600 0.093200 0.045300 0.132200 0.140900 0.135100 0.119600 0.125700 0.125800 0.141500 0.139500
Ibex 0.028600 0.269000 0.079500 0.232700 0.052800 0.024200 0.071600 0.078900 0.082900 0.144300 0.008700 0.072800 0.055800 0.073200 0.075600 0.072700 0.097100 0.112100 0.043400 0.086600 0.076400 0.018100 0.139100 0.131800 0.000000 0.064500 0.052300 0.085300 0.076300 0.081700 0.137500 0.071000 0.126600 0.051100 0.047100 0.074700 0.020900 0.059700 0.075100 0.132100 0.141500 0.065600 0.145600 0.148700 0.078100 0.072100 0.077100 0.058400 0.061100 0.086700 0.087900 0.084000
GyrantGaze 0.065700 0.279800 0.085700 0.238400 0.061500 0.061100 0.078400 0.051800 0.091500 0.142500 0.066800 0.083600 0.070200 0.081100 0.081800 0.034400 0.107500 0.121500 0.067100 0.092800 0.043400 0.060100 0.142200 0.127100 0.064500 0.000000 0.066800 0.094000 0.035500 0.092800 0.138400 0.076600 0.137800 0.066600 0.062700 0.085100 0.063500 0.063800 0.058400 0.132700 0.143300 0.009800 0.143800 0.146400 0.091000 0.075000 0.050300 0.069400 0.067400 0.093900 0.099000 0.092600
Hartebeest 0.056900 0.268700 0.083100 0.235900 0.058700 0.052400 0.073100 0.071900 0.091300 0.141800 0.050100 0.079800 0.009800 0.074700 0.081500 0.072600 0.108400 0.118500 0.053700 0.090200 0.071600 0.048000 0.141900 0.129200 0.052300 0.066800 0.000000 0.093700 0.083300 0.092500 0.140400 0.077200 0.130600 0.015200 0.041400 0.084300 0.051400 0.060900 0.072600 0.124500 0.144200 0.067800 0.143100 0.148600 0.087700 0.069500 0.077000 0.066500 0.070500 0.093900 0.096300 0.089900
Bongo 0.085300 0.283400 0.018700 0.244900 0.083700 0.083000 0.097200 0.107100 0.018600 0.141900 0.085300 0.054100 0.096100 0.101400 0.094800 0.101200 0.109600 0.118600 0.086800 0.009500 0.100500 0.080900 0.139400 0.138500 0.085300 0.094000 0.093700 0.000000 0.101200 0.017500 0.140500 0.095500 0.149200 0.089900 0.087400 0.064300 0.082000 0.088400 0.107700 0.133800 0.139100 0.095100 0.145900 0.157200 0.068900 0.098400 0.102500 0.080900 0.087500 0.095200 0.023100 0.019700
Gerenuk 0.075100 0.286700 0.097800 0.257600 0.075800 0.072800 0.092800 0.065700 0.101200 0.154400 0.077500 0.093300 0.084500 0.093200 0.084100 0.036600 0.117600 0.133000 0.082500 0.102500 0.059500 0.071900 0.154300 0.142900 0.076300 0.035500 0.083300 0.101200 0.000000 0.100000 0.150300 0.087400 0.152300 0.083200 0.079400 0.094900 0.075400 0.078000 0.072400 0.148500 0.155400 0.034300 0.155800 0.162700 0.100800 0.085700 0.054900 0.083700 0.085400 0.108600 0.108900 0.102300
CommonElan 0.084100 0.281900 0.018700 0.241900 0.080200 0.079500 0.096100 0.108400 0.007600 0.140600 0.081800 0.054100 0.096100 0.097800 0.096000 0.100000 0.105800 0.114900 0.085600 0.018600 0.101700 0.077400 0.143400 0.137200 0.081700 0.092800 0.092500 0.017500 0.100000 0.000000 0.139200 0.091900 0.145400 0.093600 0.083800 0.062000 0.078500 0.087300 0.106600 0.135100 0.143100 0.093900 0.144600 0.157000 0.066500 0.097200 0.101300 0.082200 0.088800 0.094100 0.018700 0.008700
MuntiacusR 0.131200 0.313400 0.135600 0.274700 0.133600 0.132700 0.137700 0.149100 0.137700 0.005800 0.139000 0.126000 0.144200 0.144700 0.151900 0.150100 0.143100 0.155300 0.135600 0.139300 0.149500 0.130700 0.070900 0.090500 0.137500 0.138400 0.140400 0.140500 0.150300 0.139200 0.000000 0.143700 0.159200 0.138800 0.136600 0.137000 0.134400 0.137500 0.156000 0.092800 0.074500 0.138300 0.006900 0.100900 0.142000 0.140500 0.150300 0.132000 0.134100 0.131600 0.148800 0.141500
HarveysDui 0.071200 0.279700 0.092100 0.240200 0.062400 0.064200 0.033300 0.090300 0.090600 0.146700 0.068700 0.084000 0.080600 0.024300 0.083100 0.087000 0.108900 0.121800 0.068100 0.096800 0.082800 0.064400 0.146700 0.132300 0.071000 0.076600 0.077200 0.095500 0.087400 0.091900 0.143700 0.000000 0.144500 0.078300 0.069700 0.086900 0.067900 0.068400 0.088400 0.139500 0.147300 0.077700 0.149100 0.159200 0.091600 0.083200 0.088300 0.066900 0.073200 0.101800 0.095700 0.091700
Pronghorn 0.133200 0.293000 0.136600 0.252100 0.129100 0.129500 0.145000 0.150400 0.143900 0.160700 0.124100 0.120700 0.134400 0.141800 0.150700 0.141600 0.105300 0.121900 0.133600 0.149400 0.143800 0.121100 0.161000 0.154300 0.126600 0.137800 0.130600 0.149200 0.152300 0.145400 0.159200 0.144500 0.000000 0.131600 0.124300 0.130200 0.123400 0.131800 0.148100 0.154600 0.163600 0.140100 0.164800 0.168000 0.133800 0.139400 0.147600 0.123600 0.128100 0.128700 0.149600 0.147600
BlueWildeb 0.060300 0.258100 0.084200 0.232600 0.058600 0.055800 0.074200 0.071800 0.092300 0.142800 0.051100 0.079700 0.017400 0.078100 0.084900 0.072500 0.109400 0.117100 0.057100 0.088800 0.071500 0.051400 0.137700 0.130300 0.051100 0.066600 0.015200 0.089900 0.083200 0.093600 0.138800 0.078300 0.131600 0.000000 0.044700 0.085300 0.054700 0.062000 0.074900 0.123000 0.140000 0.067700 0.144100 0.147200 0.088700 0.071700 0.076900 0.067600 0.069200 0.090100 0.097400 0.088600
Gemsbok 0.046000 0.270000 0.081600 0.225400 0.049900 0.042600 0.070300 0.077500 0.083800 0.138100 0.044800 0.072400 0.044800 0.071900 0.073800 0.073400 0.094600 0.104700 0.046100 0.086300 0.068800 0.038200 0.139500 0.125200 0.047100 0.062700 0.041400 0.087400 0.079400 0.083800 0.136600 0.069700 0.124300 0.044700 0.000000 0.074300 0.041500 0.055700 0.075800 0.128400 0.141800 0.066200 0.139400 0.143800 0.080200 0.067900 0.077900 0.061300 0.064100 0.094900 0.085200 0.083600
Yak 0.074700 0.282300 0.063200 0.230000 0.074300 0.070100 0.088700 0.100600 0.063100 0.138500 0.074800 0.040200 0.087800 0.091700 0.091300 0.089900 0.099000 0.111600 0.071500 0.065500 0.094100 0.068000 0.141100 0.125900 0.074700 0.085100 0.084300 0.064300 0.094900 0.062000 0.137000 0.086900 0.130200 0.085300 0.074300 0.000000 0.069100 0.080100 0.095300 0.125200 0.143500 0.083800 0.142400 0.143000 0.009800 0.091500 0.096100 0.070300 0.080400 0.089400 0.065600 0.061800
BlueSheep 0.023100 0.273100 0.076300 0.223800 0.049600 0.018700 0.066100 0.073200 0.079600 0.135800 0.018700 0.069500 0.054800 0.067800 0.072300 0.074100 0.091600 0.104000 0.037900 0.083300 0.070800 0.013200 0.138400 0.124500 0.020900 0.063500 0.051400 0.082000 0.075400 0.078500 0.134400 0.067900 0.123400 0.054700 0.041500 0.069100 0.000000 0.054200 0.071800 0.128800 0.140800 0.064600 0.137100 0.141400 0.074900 0.064200 0.076200 0.057400 0.057800 0.090600 0.084600 0.080700
BohorReedb 0.062100 0.273900 0.080200 0.234600 0.015500 0.057500 0.065800 0.077300 0.086000 0.141600 0.059700 0.077000 0.064400 0.073000 0.079400 0.074400 0.100700 0.110800 0.061200 0.084900 0.073200 0.053100 0.140300 0.130300 0.059700 0.063800 0.060900 0.088400 0.078000 0.087300 0.137500 0.068400 0.131800 0.062000 0.055700 0.080100 0.054200 0.000000 0.081700 0.130900 0.140000 0.064900 0.142900 0.146000 0.083600 0.068000 0.076600 0.062700 0.066400 0.091100 0.091100 0.087100
KirksDik 0.077500 0.296200 0.099400 0.256000 0.077000 0.070500 0.084100 0.068100 0.105200 0.157500 0.070300 0.097400 0.076200 0.088200 0.097400 0.070000 0.122800 0.139700 0.076600 0.109100 0.058500 0.068400 0.160100 0.146000 0.075100 0.058400 0.072600 0.107700 0.072400 0.106600 0.156000 0.088400 0.148100 0.074900 0.075800 0.095300 0.071800 0.081700 0.000000 0.148500 0.161100 0.059500 0.158800 0.165700 0.099900 0.088000 0.063000 0.084900 0.084200 0.111400 0.108000 0.106300
RoeDeer 0.133500 0.288100 0.126400 0.260000 0.126800 0.129800 0.133500 0.142800 0.133700 0.091700 0.132200 0.114300 0.127000 0.140800 0.142200 0.141900 0.129400 0.149300 0.128800 0.133900 0.138500 0.125200 0.089200 0.067800 0.132100 0.132700 0.124500 0.133800 0.148500 0.135100 0.092800 0.139500 0.154600 0.123000 0.128400 0.125200 0.128800 0.130900 0.148500 0.000000 0.094100 0.135000 0.095500 0.079100 0.130100 0.137500 0.140200 0.120100 0.124900 0.124000 0.141900 0.137300
WhiteLippe 0.137600 0.298700 0.139500 0.270700 0.136200 0.139100 0.143900 0.152600 0.141600 0.074700 0.140300 0.135000 0.146800 0.151000 0.155800 0.152500 0.141300 0.148200 0.136800 0.136600 0.151900 0.134500 0.009300 0.095700 0.141500 0.143300 0.144200 0.139100 0.155400 0.143100 0.074500 0.147300 0.163600 0.140000 0.141800 0.143500 0.140800 0.140000 0.161100 0.094100 0.000000 0.143200 0.077100 0.100900 0.148500 0.143100 0.147400 0.129500 0.136500 0.130300 0.150100 0.145600
ThomsonGaz 0.065600 0.282900 0.086800 0.237000 0.062600 0.062200 0.079400 0.050500 0.092600 0.142400 0.067900 0.084800 0.069000 0.082300 0.080500 0.035500 0.109400 0.123500 0.068200 0.093900 0.044500 0.061200 0.142200 0.129600 0.065600 0.009800 0.067800 0.095100 0.034300 0.093900 0.138300 0.077700 0.140100 0.067700 0.066200 0.083800 0.064600 0.064900 0.059500 0.135000 0.143200 0.000000 0.143700 0.149000 0.092100 0.072500 0.051500 0.071600 0.070800 0.096200 0.100200 0.093700
MuntiacusC 0.133900 0.317000 0.141000 0.275000 0.139000 0.135400 0.140400 0.151900 0.143100 0.005800 0.141800 0.131400 0.147000 0.147500 0.154700 0.155600 0.146000 0.156700 0.138400 0.144700 0.151000 0.133400 0.073500 0.093200 0.145600 0.143800 0.143100 0.145900 0.155800 0.144600 0.006900 0.149100 0.164800 0.144100 0.139400 0.142400 0.137100 0.142900 0.158800 0.095500 0.077100 0.143700 0.000000 0.103600 0.147500 0.143300 0.149100 0.137300 0.139500 0.137000 0.154200 0.146900
WhiteTaile 0.149000 0.310200 0.147000 0.275600 0.146100 0.146400 0.152900 0.151800 0.155500 0.102300 0.148900 0.139700 0.152500 0.160100 0.167200 0.155800 0.133700 0.149900 0.145300 0.157300 0.160600 0.140400 0.099800 0.045300 0.148700 0.146400 0.148600 0.157200 0.162700 0.157000 0.100900 0.159200 0.168000 0.147200 0.143800 0.143000 0.141400 0.146000 0.165700 0.079100 0.100900 0.149000 0.103600 0.000000 0.149300 0.155500 0.154500 0.141700 0.141400 0.137600 0.161500 0.156700
Cattle 0.080500 0.287900 0.067800 0.232400 0.077700 0.075900 0.090900 0.107700 0.067700 0.143500 0.078200 0.044800 0.091200 0.093900 0.093600 0.095800 0.103700 0.116400 0.077300 0.070100 0.100100 0.073800 0.146200 0.132200 0.078100 0.091000 0.087700 0.068900 0.100800 0.066500 0.142000 0.091600 0.133800 0.088700 0.080200 0.009800 0.074900 0.083600 0.099900 0.130100 0.148500 0.092100 0.147500 0.149300 0.000000 0.093800 0.099600 0.074900 0.086300 0.089200 0.071400 0.066400
RoyalAntel 0.061500 0.276700 0.092600 0.237500 0.063400 0.061600 0.079000 0.086100 0.095900 0.142000 0.069800 0.088300 0.070500 0.080700 0.085000 0.089200 0.111000 0.118600 0.065400 0.097300 0.082300 0.063100 0.143400 0.140900 0.072100 0.075000 0.069500 0.098400 0.085700 0.097200 0.140500 0.083200 0.139400 0.071700 0.067900 0.091500 0.064200 0.068000 0.088000 0.137500 0.143100 0.072500 0.143300 0.155500 0.093800 0.000000 0.084100 0.074800 0.071800 0.101200 0.103500 0.094600
Steenbok 0.081800 0.277800 0.096600 0.248000 0.074300 0.077200 0.086400 0.063500 0.100000 0.149100 0.074800 0.092200 0.080500 0.085600 0.087700 0.058400 0.115100 0.127800 0.080900 0.101300 0.055100 0.072700 0.146300 0.135100 0.077100 0.050300 0.077000 0.102500 0.054900 0.101300 0.150300 0.088300 0.147600 0.076900 0.077900 0.096100 0.076200 0.076600 0.063000 0.140200 0.147400 0.051500 0.149100 0.154500 0.099600 0.084100 0.000000 0.081000 0.083900 0.100000 0.107600 0.101100
Impala 0.060700 0.260600 0.077500 0.223100 0.057800 0.056100 0.069700 0.080400 0.080900 0.130800 0.058400 0.064600 0.070000 0.071500 0.074000 0.076400 0.098900 0.111400 0.059800 0.082200 0.075400 0.054000 0.127200 0.119600 0.058400 0.069400 0.066500 0.080900 0.083700 0.082200 0.132000 0.066900 0.123600 0.067600 0.061300 0.070300 0.057400 0.062700 0.084900 0.120100 0.129500 0.071600 0.137300 0.141700 0.074900 0.074800 0.081000 0.000000 0.066000 0.087100 0.088300 0.084400
Klipspring 0.062300 0.275500 0.082900 0.234500 0.061700 0.060000 0.073800 0.084600 0.087500 0.137100 0.061200 0.076100 0.072900 0.077800 0.086000 0.081700 0.103400 0.116000 0.063700 0.088800 0.070000 0.054400 0.133000 0.125700 0.061100 0.067400 0.070500 0.087500 0.085400 0.088800 0.134100 0.073200 0.128100 0.069200 0.064100 0.080400 0.057800 0.066400 0.084200 0.124900 0.136500 0.070800 0.139500 0.141400 0.086300 0.071800 0.083900 0.066000 0.000000 0.095000 0.090200 0.088600
ForestMusk 0.092700 0.253800 0.090600 0.227900 0.088700 0.086800 0.098700 0.112100 0.092800 0.135700 0.087900 0.079000 0.097500 0.103900 0.105900 0.104900 0.096100 0.114800 0.094200 0.095300 0.110300 0.087100 0.128000 0.125800 0.086700 0.093900 0.093900 0.095200 0.108600 0.094100 0.131600 0.101800 0.128700 0.090100 0.094900 0.089400 0.090600 0.091100 0.111400 0.124000 0.130300 0.096200 0.137000 0.137600 0.089200 0.101200 0.100000 0.087100 0.095000 0.000000 0.100400 0.096300
Bushbuck 0.090300 0.281300 0.024300 0.248600 0.083900 0.085600 0.099900 0.112400 0.019700 0.150200 0.088000 0.060100 0.099900 0.101600 0.101900 0.106300 0.111100 0.121500 0.089400 0.024200 0.105600 0.083500 0.150400 0.141500 0.087900 0.099000 0.096300 0.023100 0.108900 0.018700 0.148800 0.095700 0.149600 0.097400 0.085200 0.065600 0.084600 0.091100 0.108000 0.141900 0.150100 0.100200 0.154200 0.161500 0.071400 0.103500 0.107600 0.088300 0.090200 0.100400 0.000000 0.020800
GreaterKud 0.086300 0.278300 0.020800 0.238700 0.080000 0.081700 0.095900 0.103300 0.009800 0.142900 0.084000 0.056400 0.093500 0.095200 0.098200 0.099800 0.108000 0.114700 0.083100 0.020800 0.101500 0.079600 0.145900 0.139500 0.084000 0.092600 0.089900 0.019700 0.102300 0.008700 0.141500 0.091700 0.147600 0.088600 0.083600 0.061800 0.080700 0.087100 0.106300 0.137300 0.145600 0.093700 0.146900 0.156700 0.066400 0.094600 0.101100 0.084400 0.088600 0.096300 0.020800 0.000000
