CODONML (in paml version 4.10.7, June 2023)  /home/rachel/ruminants_paml/6406-phy-tree/ENSBTAT00000010491.fasta.phy
Model: free dN/dS Ratios for branches,  kappa = 2.000 fixed

Codon frequency model: F3x4
ns =  54  ls = 216

Codon usage in sequences
--------------------------------------------------------------------------------------------------------------------------------------
Phe TTT   5   5   5   5   5   5 | Ser TCT   1   1   1   2   1   1 | Tyr TAT   4   3   4   4   4   3 | Cys TGT   6   7   6   6   6   6
    TTC   2   2   2   2   2   2 |     TCC   2   2   2   1   2   2 |     TAC   4   5   4   4   4   5 |     TGC   2   2   2   2   2   2
Leu TTA   4   5   4   5   5   4 |     TCA   1   1   1   1   1   1 | *** TAA   0   0   0   0   0   0 | *** TGA   0   0   0   0   0   0
    TTG   3   2   3   3   3   3 |     TCG   0   0   0   0   0   0 |     TAG   0   0   0   0   0   0 | Trp TGG   3   3   3   3   3   3
--------------------------------------------------------------------------------------------------------------------------------------
Leu CTT   9   7   9   9   7   8 | Pro CCT   7   7   6   7   6   7 | His CAT   3   3   3   3   4   3 | Arg CGT   3   3   3   3   3   3
    CTC   1   1   1   1   2   1 |     CCC   4   4   4   4   4   4 |     CAC   2   2   2   2   1   2 |     CGC   1   1   1   1   1   1
    CTA   5   4   5   4   6   5 |     CCA   6   6   7   6   7   5 | Gln CAA   2   2   2   2   3   2 |     CGA   0   0   0   0   0   1
    CTG   6   9   6   6   5   7 |     CCG   0   0   0   0   0   1 |     CAG   7   7   7   7   6   7 |     CGG   0   0   0   0   0   0
--------------------------------------------------------------------------------------------------------------------------------------
Ile ATT   9   9   9   9  11   9 | Thr ACT   2   2   2   2   2   2 | Asn AAT   5   4   5   5   3   5 | Ser AGT   2   2   2   2   2   2
    ATC   5   5   5   5   3   5 |     ACC   2   2   2   2   1   2 |     AAC   5   5   5   5   7   5 |     AGC   3   3   3   3   3   3
    ATA   5   5   5   5   5   5 |     ACA   4   4   4   4   4   4 | Lys AAA   5   6   5   5   4   6 | Arg AGA   4   4   4   4   5   3
Met ATG   8   8   8   8   8   8 |     ACG   2   2   2   2   3   2 |     AAG   9   8   9   9  10   8 |     AGG   0   0   0   0   0   0
--------------------------------------------------------------------------------------------------------------------------------------
Val GTT   3   3   3   4   3   3 | Ala GCT   6   6   6   6   5   6 | Asp GAT   7   7   7   7   7   7 | Gly GGT   4   4   4   4   4   4
    GTC   2   2   2   2   2   2 |     GCC   3   3   3   3   4   3 |     GAC   4   4   4   4   4   4 |     GGC   1   1   1   1   1   1
    GTA   4   4   4   3   4   4 |     GCA   1   2   2   2   2   2 | Glu GAA   7   7   7   7   7   7 |     GGA   1   1   1   1   0   1
    GTG   5   5   5   5   5   5 |     GCG   1   0   0   0   0   0 |     GAG   4   4   4   4   4   4 |     GGG   0   0   0   0   0   0
--------------------------------------------------------------------------------------------------------------------------------------

--------------------------------------------------------------------------------------------------------------------------------------
Phe TTT   5   5   5   5   5   5 | Ser TCT   1   1   1   1   1   1 | Tyr TAT   4   4   4   4   4   4 | Cys TGT   6   6   6   6   6   6
    TTC   2   2   2   2   2   2 |     TCC   2   2   2   2   2   2 |     TAC   4   4   4   4   4   4 |     TGC   2   2   2   2   2   2
Leu TTA   4   4   4   4   4   5 |     TCA   1   1   1   1   1   1 | *** TAA   0   0   0   0   0   0 | *** TGA   0   0   0   0   0   0
    TTG   3   3   3   3   3   3 |     TCG   0   0   0   0   0   0 |     TAG   0   0   0   0   0   0 | Trp TGG   3   3   3   3   3   3
--------------------------------------------------------------------------------------------------------------------------------------
Leu CTT   9   9   9   9   9   9 | Pro CCT   7   7   7   7   6   7 | His CAT   3   3   3   3   3   3 | Arg CGT   3   3   3   3   3   3
    CTC   1   1   1   1   1   1 |     CCC   4   4   4   4   4   4 |     CAC   2   2   2   2   2   2 |     CGC   1   1   1   1   1   1
    CTA   5   5   5   5   5   3 |     CCA   6   6   6   6   7   6 | Gln CAA   2   2   2   2   2   2 |     CGA   0   0   0   0   0   0
    CTG   6   6   6   6   6   7 |     CCG   0   0   0   0   0   0 |     CAG   7   7   7   7   7   7 |     CGG   0   0   0   0   0   0
--------------------------------------------------------------------------------------------------------------------------------------
Ile ATT   8   9   9   9   9   9 | Thr ACT   2   2   2   2   2   2 | Asn AAT   5   5   5   5   6   5 | Ser AGT   2   2   2   2   2   2
    ATC   6   5   5   5   5   5 |     ACC   2   2   2   2   2   2 |     AAC   5   5   5   5   4   5 |     AGC   3   3   3   3   3   3
    ATA   5   5   5   5   5   5 |     ACA   4   4   4   4   4   4 | Lys AAA   5   5   5   5   5   5 | Arg AGA   4   4   4   4   4   4
Met ATG   8   8   8   8   8   8 |     ACG   2   2   2   2   2   2 |     AAG   9   9   9   9   9   9 |     AGG   0   0   0   0   0   0
--------------------------------------------------------------------------------------------------------------------------------------
Val GTT   3   3   3   3   3   3 | Ala GCT   6   6   6   6   6   6 | Asp GAT   7   7   8   7   7   7 | Gly GGT   4   4   4   4   4   4
    GTC   2   2   2   2   2   2 |     GCC   3   3   3   3   3   3 |     GAC   4   4   3   4   4   4 |     GGC   1   1   1   1   1   1
    GTA   4   4   4   3   4   4 |     GCA   1   1   1   1   2   2 | Glu GAA   7   7   7   7   7   7 |     GGA   1   1   1   1   1   1
    GTG   5   5   5   6   5   5 |     GCG   1   1   1   1   0   0 |     GAG   4   4   4   4   4   4 |     GGG   0   0   0   0   0   0
--------------------------------------------------------------------------------------------------------------------------------------

--------------------------------------------------------------------------------------------------------------------------------------
Phe TTT   5   5   5   5   5   5 | Ser TCT   1   2   1   1   1   1 | Tyr TAT   4   4   4   4   3   4 | Cys TGT   6   6   6   6   6   6
    TTC   2   2   2   2   2   2 |     TCC   2   1   2   2   2   2 |     TAC   4   4   4   4   5   4 |     TGC   2   2   2   2   2   2
Leu TTA   4   4   4   4   5   5 |     TCA   1   1   1   1   1   1 | *** TAA   0   0   0   0   0   0 | *** TGA   0   0   0   0   0   0
    TTG   3   3   3   3   2   3 |     TCG   0   0   0   0   0   0 |     TAG   0   0   0   0   0   0 | Trp TGG   3   3   3   3   3   3
--------------------------------------------------------------------------------------------------------------------------------------
Leu CTT   8   9   9   9   9   9 | Pro CCT   7   7   7   7   7   7 | His CAT   3   3   3   3   3   3 | Arg CGT   3   3   3   3   3   3
    CTC   2   1   1   1   1   1 |     CCC   4   4   4   4   4   4 |     CAC   2   2   2   2   2   2 |     CGC   1   1   1   1   1   1
    CTA   5   5   4   5   4   4 |     CCA   6   6   6   6   6   6 | Gln CAA   2   2   2   2   2   2 |     CGA   0   0   0   0   0   0
    CTG   6   6   7   6   7   6 |     CCG   0   0   0   0   0   0 |     CAG   7   7   7   7   7   7 |     CGG   0   0   0   0   0   0
--------------------------------------------------------------------------------------------------------------------------------------
Ile ATT   9   9   9   9   9   9 | Thr ACT   2   2   2   2   2   2 | Asn AAT   5   5   5   5   5   5 | Ser AGT   2   2   2   2   2   2
    ATC   5   5   5   5   5   5 |     ACC   2   2   2   2   2   2 |     AAC   5   5   5   5   5   5 |     AGC   3   3   3   3   3   3
    ATA   5   5   5   5   5   5 |     ACA   4   4   4   4   4   4 | Lys AAA   5   5   5   5   5   5 | Arg AGA   4   4   4   4   4   5
Met ATG   8   8   8   8   8   8 |     ACG   2   2   2   2   2   2 |     AAG   9   9   9   9   9   9 |     AGG   0   0   0   0   0   0
--------------------------------------------------------------------------------------------------------------------------------------
Val GTT   3   3   3   3   3   3 | Ala GCT   6   6   6   6   6   6 | Asp GAT   7   7   7   7   6   7 | Gly GGT   4   4   5   4   4   4
    GTC   2   2   1   2   2   2 |     GCC   3   3   3   3   3   3 |     GAC   4   4   4   4   5   4 |     GGC   1   1   1   1   1   1
    GTA   4   4   4   4   4   4 |     GCA   1   2   1   1   1   1 | Glu GAA   7   7   7   7   6   7 |     GGA   1   1   1   1   1   0
    GTG   5   5   5   5   5   5 |     GCG   1   0   1   1   1   1 |     GAG   4   4   4   4   5   4 |     GGG   0   0   0   0   0   0
--------------------------------------------------------------------------------------------------------------------------------------

--------------------------------------------------------------------------------------------------------------------------------------
Phe TTT   5   6   5   5   5   5 | Ser TCT   1   1   1   1   1   1 | Tyr TAT   4   4   4   4   4   4 | Cys TGT   6   6   6   6   6   6
    TTC   2   1   2   2   2   2 |     TCC   2   2   2   2   2   2 |     TAC   4   4   4   4   4   4 |     TGC   2   2   2   2   2   2
Leu TTA   4   4   4   4   4   4 |     TCA   1   1   1   1   1   1 | *** TAA   0   0   0   0   0   0 | *** TGA   0   0   0   0   0   0
    TTG   3   3   3   3   3   3 |     TCG   0   0   0   0   0   0 |     TAG   0   0   0   0   0   0 | Trp TGG   3   3   3   3   3   3
--------------------------------------------------------------------------------------------------------------------------------------
Leu CTT   9   9   9   9   9   9 | Pro CCT   7   7   8   6   7   7 | His CAT   3   2   3   3   2   3 | Arg CGT   3   3   3   3   4   3
    CTC   1   1   1   1   1   1 |     CCC   4   4   4   4   4   4 |     CAC   2   2   2   2   2   2 |     CGC   1   2   1   1   1   1
    CTA   5   5   4   5   5   4 |     CCA   5   3   5   7   6   6 | Gln CAA   2   2   2   2   2   2 |     CGA   0   0   0   0   0   0
    CTG   6   6   7   6   6   7 |     CCG   1   3   0   0   0   0 |     CAG   7   7   7   7   7   7 |     CGG   0   0   0   0   0   0
--------------------------------------------------------------------------------------------------------------------------------------
Ile ATT   8   8   8   9   9   9 | Thr ACT   1   2   2   2   2   2 | Asn AAT   5   5   5   5   5   5 | Ser AGT   1   2   2   2   2   2
    ATC   6   6   6   5   5   5 |     ACC   3   2   2   2   2   2 |     AAC   5   5   5   5   5   5 |     AGC   4   3   3   3   3   3
    ATA   5   5   5   5   5   5 |     ACA   4   4   4   5   4   4 | Lys AAA   5   5   5   5   5   5 | Arg AGA   4   4   4   4   4   4
Met ATG   8   8   8   8   8   8 |     ACG   2   2   2   1   2   2 |     AAG   9   9   9   9   9   9 |     AGG   0   0   0   0   0   0
--------------------------------------------------------------------------------------------------------------------------------------
Val GTT   3   3   3   3   3   3 | Ala GCT   6   6   6   6   6   6 | Asp GAT   7   7   7   7   7   7 | Gly GGT   4   4   4   4   3   4
    GTC   2   2   2   3   2   2 |     GCC   3   3   3   3   3   3 |     GAC   4   4   4   4   4   4 |     GGC   1   1   1   1   2   1
    GTA   4   4   4   3   4   4 |     GCA   2   2   1   2   1   1 | Glu GAA   8   7   7   7   7   7 |     GGA   0   1   1   1   1   1
    GTG   5   5   5   5   5   5 |     GCG   0   0   1   0   1   1 |     GAG   4   4   4   4   4   4 |     GGG   0   0   0   0   0   0
--------------------------------------------------------------------------------------------------------------------------------------

--------------------------------------------------------------------------------------------------------------------------------------
Phe TTT   5   5   5   5   5   5 | Ser TCT   1   1   1   1   1   1 | Tyr TAT   4   4   4   4   4   4 | Cys TGT   6   6   6   6   6   6
    TTC   2   2   2   2   2   2 |     TCC   2   2   2   2   2   2 |     TAC   4   4   4   4   4   4 |     TGC   2   2   2   2   2   2
Leu TTA   5   5   4   3   4   4 |     TCA   1   1   1   1   1   1 | *** TAA   0   0   0   0   0   0 | *** TGA   0   0   0   0   0   0
    TTG   3   3   3   4   3   3 |     TCG   0   0   0   0   0   0 |     TAG   0   0   0   0   0   0 | Trp TGG   3   3   3   3   3   3
--------------------------------------------------------------------------------------------------------------------------------------
Leu CTT   9   9   8   9   9   8 | Pro CCT   7   7   7   7   7   6 | His CAT   3   3   3   3   3   4 | Arg CGT   3   1   3   3   3   2
    CTC   1   1   2   1   1   1 |     CCC   4   4   4   4   4   4 |     CAC   2   2   2   2   2   2 |     CGC   1   3   1   1   1   1
    CTA   3   3   5   5   4   6 |     CCA   6   6   6   6   6   6 | Gln CAA   2   2   2   1   2   2 |     CGA   0   0   0   0   0   0
    CTG   7   7   6   6   7   6 |     CCG   0   0   0   0   0   0 |     CAG   7   7   7   8   7   7 |     CGG   0   0   0   0   0   0
--------------------------------------------------------------------------------------------------------------------------------------
Ile ATT   9   9   8  10   9   9 | Thr ACT   2   2   2   2   2   2 | Asn AAT   5   5   5   5   5   5 | Ser AGT   2   2   2   2   2   2
    ATC   5   5   6   4   5   5 |     ACC   2   2   2   2   2   2 |     AAC   5   5   5   5   5   5 |     AGC   3   3   3   3   3   3
    ATA   5   5   5   5   5   5 |     ACA   4   5   4   4   4   4 | Lys AAA   5   5   5   4   5   5 | Arg AGA   4   4   4   4   4   4
Met ATG   8   8   8   8   8   8 |     ACG   2   1   2   2   2   2 |     AAG   9   9   9  10   9   9 |     AGG   0   0   0   0   0   0
--------------------------------------------------------------------------------------------------------------------------------------
Val GTT   3   3   3   3   3   4 | Ala GCT   6   6   6   6   6   6 | Asp GAT   7   7   7   7   7   7 | Gly GGT   4   4   4   4   4   4
    GTC   2   2   2   2   2   2 |     GCC   3   3   3   3   3   3 |     GAC   4   4   4   4   4   4 |     GGC   1   1   1   1   1   1
    GTA   4   4   4   4   4   4 |     GCA   2   2   1   1   1   2 | Glu GAA   7   8   7   6   7   7 |     GGA   1   1   1   1   1   1
    GTG   5   5   5   5   5   5 |     GCG   0   0   1   1   1   0 |     GAG   4   3   4   5   4   4 |     GGG   0   0   0   0   0   0
--------------------------------------------------------------------------------------------------------------------------------------

--------------------------------------------------------------------------------------------------------------------------------------
Phe TTT   5   5   5   5   5   5 | Ser TCT   1   1   1   1   1   1 | Tyr TAT   4   4   4   4   5   4 | Cys TGT   6   6   6   6   6   6
    TTC   2   2   2   2   2   2 |     TCC   2   2   2   2   2   2 |     TAC   4   4   4   4   3   4 |     TGC   2   2   2   2   2   2
Leu TTA   4   4   5   4   4   4 |     TCA   1   1   1   1   1   1 | *** TAA   0   0   0   0   0   0 | *** TGA   0   0   0   0   0   0
    TTG   3   3   3   3   3   3 |     TCG   0   0   0   0   0   0 |     TAG   0   0   0   0   0   0 | Trp TGG   3   3   3   3   3   3
--------------------------------------------------------------------------------------------------------------------------------------
Leu CTT   9   9   9   9   9   9 | Pro CCT   7   6   7   7   7   7 | His CAT   3   3   3   3   3   3 | Arg CGT   3   3   3   3   3   3
    CTC   1   1   1   1   1   1 |     CCC   4   4   4   4   4   4 |     CAC   2   2   2   2   2   2 |     CGC   1   1   1   1   1   1
    CTA   5   5   3   5   5   4 |     CCA   6   7   6   6   5   6 | Gln CAA   1   2   2   2   2   2 |     CGA   0   0   0   0   0   0
    CTG   6   6   7   6   6   7 |     CCG   0   0   0   0   1   0 |     CAG   8   7   7   7   7   7 |     CGG   0   0   0   0   0   0
--------------------------------------------------------------------------------------------------------------------------------------
Ile ATT   9   9   9   9   9   9 | Thr ACT   2   2   2   2   2   2 | Asn AAT   5   5   5   5   5   5 | Ser AGT   2   2   2   2   2   2
    ATC   5   5   5   5   5   5 |     ACC   2   2   2   2   2   2 |     AAC   5   5   5   5   5   5 |     AGC   3   3   3   3   3   3
    ATA   5   5   5   5   5   5 |     ACA   4   4   4   4   4   4 | Lys AAA   5   5   5   5   5   5 | Arg AGA   5   4   4   4   4   4
Met ATG   8   8   8   8   8   8 |     ACG   2   2   2   2   2   2 |     AAG   9   9   9   9   9   9 |     AGG   0   0   0   0   0   0
--------------------------------------------------------------------------------------------------------------------------------------
Val GTT   3   3   3   3   3   3 | Ala GCT   6   6   6   6   6   6 | Asp GAT   7   8   7   7   7   7 | Gly GGT   4   4   4   4   4   4
    GTC   2   2   2   2   2   2 |     GCC   3   3   3   3   3   3 |     GAC   4   3   4   4   4   4 |     GGC   1   1   1   1   1   1
    GTA   4   4   4   4   4   4 |     GCA   1   2   2   1   2   1 | Glu GAA   7   7   7   7   7   7 |     GGA   0   1   1   1   1   1
    GTG   5   5   5   5   5   5 |     GCG   1   0   0   1   0   1 |     GAG   4   4   4   4   4   4 |     GGG   0   0   0   0   0   0
--------------------------------------------------------------------------------------------------------------------------------------

--------------------------------------------------------------------------------------------------------------------------------------
Phe TTT   5   5   5   5   5   5 | Ser TCT   1   1   1   1   1   1 | Tyr TAT   4   4   4   4   4   4 | Cys TGT   6   6   6   6   6   6
    TTC   2   2   2   2   2   2 |     TCC   2   2   2   2   2   2 |     TAC   4   4   4   4   4   4 |     TGC   2   2   2   2   2   2
Leu TTA   4   4   4   4   4   5 |     TCA   1   1   1   1   1   1 | *** TAA   0   0   0   0   0   0 | *** TGA   0   0   0   0   0   0
    TTG   3   3   3   3   3   3 |     TCG   0   0   0   0   0   0 |     TAG   0   0   0   0   0   0 | Trp TGG   3   3   3   3   3   3
--------------------------------------------------------------------------------------------------------------------------------------
Leu CTT   9   9   8   9   9   9 | Pro CCT   7   7   7   7   7   7 | His CAT   3   3   3   3   3   3 | Arg CGT   3   3   2   3   3   3
    CTC   1   1   2   1   1   1 |     CCC   4   4   4   4   4   4 |     CAC   2   2   2   2   2   2 |     CGC   1   1   2   1   1   1
    CTA   4   5   5   5   5   3 |     CCA   6   6   6   6   6   6 | Gln CAA   2   1   2   2   2   2 |     CGA   0   0   0   0   0   0
    CTG   7   6   6   6   6   7 |     CCG   0   0   0   0   0   0 |     CAG   7   8   7   7   7   7 |     CGG   0   0   0   0   0   0
--------------------------------------------------------------------------------------------------------------------------------------
Ile ATT   9   9   9   8   9   9 | Thr ACT   2   2   2   2   2   2 | Asn AAT   5   5   5   5   5   5 | Ser AGT   2   2   2   2   2   2
    ATC   5   5   5   6   5   5 |     ACC   2   2   2   2   2   2 |     AAC   5   5   5   5   5   5 |     AGC   3   3   3   3   3   3
    ATA   5   5   5   5   5   5 |     ACA   4   4   4   4   4   4 | Lys AAA   5   5   5   5   5   5 | Arg AGA   4   4   4   4   4   4
Met ATG   8   8   8   8   8   8 |     ACG   2   2   2   2   2   2 |     AAG   9   9   9   9   9   9 |     AGG   0   0   0   0   0   0
--------------------------------------------------------------------------------------------------------------------------------------
Val GTT   3   3   3   3   3   3 | Ala GCT   6   6   6   6   6   6 | Asp GAT   7   7   7   7   7   7 | Gly GGT   4   4   4   4   4   4
    GTC   2   2   2   2   2   2 |     GCC   3   3   3   3   3   3 |     GAC   4   4   4   4   4   4 |     GGC   1   1   1   1   1   1
    GTA   4   4   4   4   4   4 |     GCA   1   2   1   1   1   2 | Glu GAA   7   7   7   7   7   7 |     GGA   1   1   1   1   1   1
    GTG   5   5   5   5   5   5 |     GCG   1   0   1   1   1   0 |     GAG   4   4   4   4   4   4 |     GGG   0   0   0   0   0   0
--------------------------------------------------------------------------------------------------------------------------------------

--------------------------------------------------------------------------------------------------------------------------------------
Phe TTT   5   5   5   5   5   5 | Ser TCT   1   1   1   1   1   1 | Tyr TAT   4   4   4   4   4   4 | Cys TGT   6   6   6   6   6   6
    TTC   2   2   2   2   2   2 |     TCC   2   2   2   2   2   2 |     TAC   4   4   4   4   4   4 |     TGC   2   2   2   2   2   2
Leu TTA   5   3   5   5   4   4 |     TCA   1   1   1   1   1   1 | *** TAA   0   0   0   0   0   0 | *** TGA   0   0   0   0   0   0
    TTG   3   4   3   3   3   3 |     TCG   0   0   0   0   0   0 |     TAG   0   0   0   0   0   0 | Trp TGG   3   3   3   3   3   3
--------------------------------------------------------------------------------------------------------------------------------------
Leu CTT   9   9   9   9   9   9 | Pro CCT   7   7   7   7   7   6 | His CAT   3   3   3   3   3   3 | Arg CGT   3   3   3   3   3   3
    CTC   1   1   1   1   1   1 |     CCC   4   5   4   4   4   5 |     CAC   2   2   2   2   2   2 |     CGC   1   1   1   1   1   1
    CTA   3   5   3   3   5   5 |     CCA   6   5   6   6   6   6 | Gln CAA   2   1   2   2   2   2 |     CGA   0   0   0   0   0   0
    CTG   7   6   7   7   6   6 |     CCG   0   0   0   0   0   0 |     CAG   7   8   7   7   7   7 |     CGG   0   0   0   0   0   0
--------------------------------------------------------------------------------------------------------------------------------------
Ile ATT   9   9   9   9   9   9 | Thr ACT   2   2   2   2   2   2 | Asn AAT   5   5   5   5   5   5 | Ser AGT   2   2   2   2   2   2
    ATC   5   5   5   5   5   5 |     ACC   2   2   2   2   2   2 |     AAC   5   5   5   5   5   5 |     AGC   3   3   3   3   3   3
    ATA   5   5   5   5   5   5 |     ACA   4   4   4   5   4   5 | Lys AAA   5   4   5   5   5   5 | Arg AGA   4   4   4   4   4   4
Met ATG   8   8   8   8   8   8 |     ACG   2   2   2   1   2   1 |     AAG   9  10   9   9   9   9 |     AGG   0   0   0   0   0   0
--------------------------------------------------------------------------------------------------------------------------------------
Val GTT   3   3   3   3   3   3 | Ala GCT   6   6   6   6   6   6 | Asp GAT   7   7   7   7   7   7 | Gly GGT   4   4   4   4   4   4
    GTC   2   2   2   2   2   2 |     GCC   3   3   3   3   3   3 |     GAC   4   4   4   4   4   4 |     GGC   1   1   1   1   1   1
    GTA   4   4   4   4   4   4 |     GCA   2   1   2   2   2   1 | Glu GAA   7   6   7   8   7   7 |     GGA   1   1   1   1   1   1
    GTG   5   5   5   5   5   5 |     GCG   0   1   0   0   0   1 |     GAG   4   5   4   3   4   4 |     GGG   0   0   0   0   0   0
--------------------------------------------------------------------------------------------------------------------------------------

--------------------------------------------------------------------------------------------------------------------------------------
Phe TTT   5   5   4   5   5   5 | Ser TCT   1   1   1   2   1   1 | Tyr TAT   4   4   4   4   4   4 | Cys TGT   6   6   6   6   6   6
    TTC   2   2   2   2   2   2 |     TCC   2   2   2   1   2   2 |     TAC   4   4   4   4   4   4 |     TGC   2   2   2   2   2   2
Leu TTA   4   4   4   5   4   4 |     TCA   1   1   1   1   1   1 | *** TAA   0   0   0   0   0   0 | *** TGA   0   0   0   0   0   0
    TTG   3   4   3   3   3   3 |     TCG   0   0   0   0   0   0 |     TAG   0   0   0   0   0   0 | Trp TGG   3   3   3   3   3   3
--------------------------------------------------------------------------------------------------------------------------------------
Leu CTT   9   9  10   9   9   9 | Pro CCT   7   7   7   7   6   6 | His CAT   3   3   3   3   3   2 | Arg CGT   3   3   3   3   3   3
    CTC   1   1   1   1   1   1 |     CCC   4   4   4   4   4   4 |     CAC   2   2   2   2   2   3 |     CGC   1   1   1   1   1   1
    CTA   5   5   5   4   5   5 |     CCA   6   6   5   6   7   7 | Gln CAA   2   2   2   2   2   2 |     CGA   0   0   0   0   0   0
    CTG   6   5   6   6   6   6 |     CCG   0   0   1   0   0   0 |     CAG   7   7   7   7   7   7 |     CGG   0   0   0   0   0   0
--------------------------------------------------------------------------------------------------------------------------------------
Ile ATT   9   8   9   9   9   9 | Thr ACT   2   2   2   2   2   2 | Asn AAT   5   5   5   5   5   5 | Ser AGT   2   2   2   2   2   2
    ATC   5   5   5   5   5   5 |     ACC   2   2   2   2   2   2 |     AAC   5   5   5   5   5   5 |     AGC   3   3   3   3   3   3
    ATA   5   6   5   5   5   5 |     ACA   4   4   4   4   4   4 | Lys AAA   5   5   5   5   5   5 | Arg AGA   4   4   4   4   4   4
Met ATG   8   8   8   8   8   8 |     ACG   2   2   2   2   2   2 |     AAG   9   9   9   9   9   9 |     AGG   0   0   0   0   0   0
--------------------------------------------------------------------------------------------------------------------------------------
Val GTT   3   3   3   4   3   3 | Ala GCT   6   6   6   6   6   6 | Asp GAT   7   7   7   7   7   7 | Gly GGT   4   4   4   4   4   4
    GTC   2   2   2   2   2   2 |     GCC   3   3   3   3   3   3 |     GAC   4   4   4   4   4   4 |     GGC   1   1   1   1   1   1
    GTA   4   4   4   3   4   4 |     GCA   1   1   1   2   2   2 | Glu GAA   7   7   7   7   7   7 |     GGA   1   1   1   1   1   1
    GTG   5   5   5   5   5   5 |     GCG   1   1   1   0   0   0 |     GAG   4   4   4   4   4   4 |     GGG   0   0   0   0   0   0
--------------------------------------------------------------------------------------------------------------------------------------

Codon position x base (3x4) table for each sequence.

#1: Argali         
position  1:    T:0.17130    C:0.25926    A:0.32407    G:0.24537
position  2:    T:0.35185    C:0.19444    A:0.31481    G:0.13889
position  3:    T:0.35185    C:0.19907    A:0.22685    G:0.22222
Average         T:0.29167    C:0.21759    A:0.28858    G:0.20216

#2: LesserMouseDeer
position  1:    T:0.17593    C:0.25926    A:0.31944    G:0.24537
position  2:    T:0.35185    C:0.19444    A:0.31019    G:0.14352
position  3:    T:0.33796    C:0.20370    A:0.23611    G:0.22222
Average         T:0.28858    C:0.21914    A:0.28858    G:0.20370

#3: LesserKudu     
position  1:    T:0.17130    C:0.25926    A:0.32407    G:0.24537
position  2:    T:0.35185    C:0.19444    A:0.31481    G:0.13889
position  3:    T:0.34722    C:0.19907    A:0.23611    G:0.21759
Average         T:0.29012    C:0.21759    A:0.29167    G:0.20062

#4: ForestMuskDeer2
position  1:    T:0.17593    C:0.25463    A:0.32407    G:0.24537
position  2:    T:0.35185    C:0.19444    A:0.31481    G:0.13889
position  3:    T:0.36111    C:0.19444    A:0.22685    G:0.21759
Average         T:0.29630    C:0.21451    A:0.28858    G:0.20062

#5: Camel          
position  1:    T:0.17593    C:0.25463    A:0.32870    G:0.24074
position  2:    T:0.35185    C:0.19444    A:0.31481    G:0.13889
position  3:    T:0.33796    C:0.19907    A:0.24537    G:0.21759
Average         T:0.28858    C:0.21605    A:0.29630    G:0.19907

#6: KillerWhale    
position  1:    T:0.17130    C:0.26389    A:0.31944    G:0.24537
position  2:    T:0.35185    C:0.19444    A:0.31481    G:0.13889
position  3:    T:0.34259    C:0.20370    A:0.23148    G:0.22222
Average         T:0.28858    C:0.22068    A:0.28858    G:0.20216

#7: DefassaWaterbuck
position  1:    T:0.17130    C:0.25926    A:0.32407    G:0.24537
position  2:    T:0.35185    C:0.19444    A:0.31481    G:0.13889
position  3:    T:0.34722    C:0.20370    A:0.22685    G:0.22222
Average         T:0.29012    C:0.21914    A:0.28858    G:0.20216

#8: Sheep          
position  1:    T:0.17130    C:0.25926    A:0.32407    G:0.24537
position  2:    T:0.35185    C:0.19444    A:0.31481    G:0.13889
position  3:    T:0.35185    C:0.19907    A:0.22685    G:0.22222
Average         T:0.29167    C:0.21759    A:0.28858    G:0.20216

#9: MaxwellsDuiker 
position  1:    T:0.17130    C:0.25926    A:0.32407    G:0.24537
position  2:    T:0.35185    C:0.19444    A:0.31481    G:0.13889
position  3:    T:0.35648    C:0.19444    A:0.22685    G:0.22222
Average         T:0.29321    C:0.21605    A:0.28858    G:0.20216

#10: GazellaPrzewalskyi
position  1:    T:0.17130    C:0.25926    A:0.32407    G:0.24537
position  2:    T:0.35185    C:0.19444    A:0.31481    G:0.13889
position  3:    T:0.35185    C:0.19907    A:0.22222    G:0.22685
Average         T:0.29167    C:0.21759    A:0.28704    G:0.20370

#11: MountainNyala  
position  1:    T:0.17130    C:0.25926    A:0.32407    G:0.24537
position  2:    T:0.35185    C:0.19444    A:0.31481    G:0.13889
position  3:    T:0.35185    C:0.19444    A:0.23611    G:0.21759
Average         T:0.29167    C:0.21605    A:0.29167    G:0.20062

#12: MuntiacusMuntjak
position  1:    T:0.17593    C:0.25463    A:0.32407    G:0.24537
position  2:    T:0.35185    C:0.19444    A:0.31481    G:0.13889
position  3:    T:0.35185    C:0.19907    A:0.22685    G:0.22222
Average         T:0.29321    C:0.21605    A:0.28858    G:0.20216

#13: goat           
position  1:    T:0.17130    C:0.25926    A:0.32407    G:0.24537
position  2:    T:0.35185    C:0.19444    A:0.31481    G:0.13889
position  3:    T:0.34722    C:0.20370    A:0.22685    G:0.22222
Average         T:0.29012    C:0.21914    A:0.28858    G:0.20216

#14: AfricanBuffalo 
position  1:    T:0.17130    C:0.25926    A:0.32407    G:0.24537
position  2:    T:0.35185    C:0.19444    A:0.31481    G:0.13889
position  3:    T:0.35648    C:0.19444    A:0.23148    G:0.21759
Average         T:0.29321    C:0.21605    A:0.29012    G:0.20062

#15: Topi           
position  1:    T:0.17130    C:0.25926    A:0.32407    G:0.24537
position  2:    T:0.34722    C:0.19444    A:0.31481    G:0.14352
position  3:    T:0.35648    C:0.19444    A:0.22222    G:0.22685
Average         T:0.29167    C:0.21605    A:0.28704    G:0.20525

#16: CommonDuiker   
position  1:    T:0.17130    C:0.25926    A:0.32407    G:0.24537
position  2:    T:0.35185    C:0.19444    A:0.31481    G:0.13889
position  3:    T:0.35185    C:0.19907    A:0.22685    G:0.22222
Average         T:0.29167    C:0.21759    A:0.28858    G:0.20216

#17: Suni           
position  1:    T:0.17130    C:0.25926    A:0.32407    G:0.24537
position  2:    T:0.35185    C:0.19444    A:0.31481    G:0.13889
position  3:    T:0.34259    C:0.20833    A:0.22222    G:0.22685
Average         T:0.28858    C:0.22068    A:0.28704    G:0.20370

#18: Springbuck     
position  1:    T:0.17593    C:0.25463    A:0.32870    G:0.24074
position  2:    T:0.35185    C:0.19444    A:0.31481    G:0.13889
position  3:    T:0.35185    C:0.19907    A:0.22685    G:0.22222
Average         T:0.29321    C:0.21605    A:0.29012    G:0.20062

#19: Okapi          
position  1:    T:0.17130    C:0.25926    A:0.32407    G:0.24537
position  2:    T:0.35185    C:0.19444    A:0.31944    G:0.13426
position  3:    T:0.33796    C:0.21296    A:0.22685    G:0.22222
Average         T:0.28704    C:0.22222    A:0.29012    G:0.20062

#20: Giraffe        
position  1:    T:0.17130    C:0.25926    A:0.32407    G:0.24537
position  2:    T:0.35185    C:0.19444    A:0.31019    G:0.14352
position  3:    T:0.34722    C:0.20370    A:0.21759    G:0.23148
Average         T:0.29012    C:0.21914    A:0.28395    G:0.20679

#21: TibetanAntelope
position  1:    T:0.17130    C:0.25926    A:0.32407    G:0.24537
position  2:    T:0.35185    C:0.19444    A:0.31481    G:0.13889
position  3:    T:0.35185    C:0.20370    A:0.21759    G:0.22685
Average         T:0.29167    C:0.21914    A:0.28549    G:0.20370

#22: Sitatunga      
position  1:    T:0.17130    C:0.25926    A:0.32407    G:0.24537
position  2:    T:0.35185    C:0.19444    A:0.31481    G:0.13889
position  3:    T:0.34722    C:0.20370    A:0.23611    G:0.21296
Average         T:0.29012    C:0.21914    A:0.29167    G:0.19907

#23: Oribi          
position  1:    T:0.17130    C:0.25926    A:0.32407    G:0.24537
position  2:    T:0.35185    C:0.19444    A:0.31019    G:0.14352
position  3:    T:0.34722    C:0.20370    A:0.22685    G:0.22222
Average         T:0.29012    C:0.21914    A:0.28704    G:0.20370

#24: BarbarySheep   
position  1:    T:0.17130    C:0.25926    A:0.32407    G:0.24537
position  2:    T:0.35185    C:0.19444    A:0.31481    G:0.13889
position  3:    T:0.35185    C:0.19907    A:0.22222    G:0.22685
Average         T:0.29167    C:0.21759    A:0.28704    G:0.20370

#25: Daviddeer      
position  1:    T:0.17593    C:0.25463    A:0.32407    G:0.24537
position  2:    T:0.35185    C:0.19444    A:0.31481    G:0.13889
position  3:    T:0.35185    C:0.19907    A:0.22685    G:0.22222
Average         T:0.29321    C:0.21605    A:0.28858    G:0.20216

#26: Reindeer       
position  1:    T:0.17593    C:0.25463    A:0.32407    G:0.24537
position  2:    T:0.35185    C:0.19444    A:0.31481    G:0.13889
position  3:    T:0.34259    C:0.20833    A:0.23611    G:0.21296
Average         T:0.29012    C:0.21914    A:0.29167    G:0.19907

#27: Ibex           
position  1:    T:0.17130    C:0.25926    A:0.32407    G:0.24537
position  2:    T:0.35185    C:0.19444    A:0.31481    G:0.13889
position  3:    T:0.34259    C:0.20833    A:0.22685    G:0.22222
Average         T:0.28858    C:0.22068    A:0.28858    G:0.20216

#28: GyrantGazelle  
position  1:    T:0.17130    C:0.25926    A:0.32407    G:0.24537
position  2:    T:0.35185    C:0.19444    A:0.31481    G:0.13889
position  3:    T:0.35648    C:0.19444    A:0.20833    G:0.24074
Average         T:0.29321    C:0.21605    A:0.28241    G:0.20833

#29: Hartebeest     
position  1:    T:0.17130    C:0.25926    A:0.32407    G:0.24537
position  2:    T:0.35185    C:0.19444    A:0.31481    G:0.13889
position  3:    T:0.35185    C:0.19907    A:0.22222    G:0.22685
Average         T:0.29167    C:0.21759    A:0.28704    G:0.20370

#30: Bongo          
position  1:    T:0.17130    C:0.25463    A:0.32407    G:0.25000
position  2:    T:0.35648    C:0.18981    A:0.31944    G:0.13426
position  3:    T:0.34722    C:0.19907    A:0.23611    G:0.21759
Average         T:0.29167    C:0.21451    A:0.29321    G:0.20062

#31: Gerenuk        
position  1:    T:0.17130    C:0.25926    A:0.32870    G:0.24074
position  2:    T:0.35185    C:0.19444    A:0.31481    G:0.13889
position  3:    T:0.35185    C:0.19907    A:0.22222    G:0.22685
Average         T:0.29167    C:0.21759    A:0.28858    G:0.20216

#32: CommonEland    
position  1:    T:0.17130    C:0.25926    A:0.32407    G:0.24537
position  2:    T:0.35185    C:0.19444    A:0.31481    G:0.13889
position  3:    T:0.35185    C:0.19444    A:0.23611    G:0.21759
Average         T:0.29167    C:0.21605    A:0.29167    G:0.20062

#33: MuntiacusReevesi
position  1:    T:0.17593    C:0.25463    A:0.32407    G:0.24537
position  2:    T:0.35185    C:0.19444    A:0.31481    G:0.13889
position  3:    T:0.35185    C:0.19907    A:0.22685    G:0.22222
Average         T:0.29321    C:0.21605    A:0.28858    G:0.20216

#34: HarveysDuiker  
position  1:    T:0.17130    C:0.25926    A:0.32407    G:0.24537
position  2:    T:0.35185    C:0.19444    A:0.31481    G:0.13889
position  3:    T:0.35185    C:0.19907    A:0.22685    G:0.22222
Average         T:0.29167    C:0.21759    A:0.28858    G:0.20216

#35: Pronghorn      
position  1:    T:0.17130    C:0.25926    A:0.32407    G:0.24537
position  2:    T:0.35185    C:0.19444    A:0.31481    G:0.13889
position  3:    T:0.35648    C:0.19444    A:0.22685    G:0.22222
Average         T:0.29321    C:0.21605    A:0.28858    G:0.20216

#36: BlueWildebeest 
position  1:    T:0.17130    C:0.25926    A:0.32407    G:0.24537
position  2:    T:0.35185    C:0.19444    A:0.31481    G:0.13889
position  3:    T:0.35185    C:0.19907    A:0.22222    G:0.22685
Average         T:0.29167    C:0.21759    A:0.28704    G:0.20370

#37: Gemsbok        
position  1:    T:0.17130    C:0.25926    A:0.32407    G:0.24537
position  2:    T:0.35185    C:0.19444    A:0.31481    G:0.13889
position  3:    T:0.35185    C:0.19907    A:0.22222    G:0.22685
Average         T:0.29167    C:0.21759    A:0.28704    G:0.20370

#38: Yak            
position  1:    T:0.17130    C:0.25926    A:0.32407    G:0.24537
position  2:    T:0.35185    C:0.19444    A:0.31481    G:0.13889
position  3:    T:0.35185    C:0.19907    A:0.22685    G:0.22222
Average         T:0.29167    C:0.21759    A:0.28858    G:0.20216

#39: BlueSheep      
position  1:    T:0.17130    C:0.25926    A:0.32407    G:0.24537
position  2:    T:0.35185    C:0.19444    A:0.31481    G:0.13889
position  3:    T:0.34259    C:0.20833    A:0.22685    G:0.22222
Average         T:0.28858    C:0.22068    A:0.28858    G:0.20216

#40: BohorReedbuck  
position  1:    T:0.17130    C:0.25926    A:0.32407    G:0.24537
position  2:    T:0.35185    C:0.19444    A:0.31481    G:0.13889
position  3:    T:0.34722    C:0.20370    A:0.22685    G:0.22222
Average         T:0.29012    C:0.21914    A:0.28858    G:0.20216

#41: KirksDik       
position  1:    T:0.17130    C:0.25926    A:0.32407    G:0.24537
position  2:    T:0.35185    C:0.19444    A:0.31481    G:0.13889
position  3:    T:0.35185    C:0.19907    A:0.22685    G:0.22222
Average         T:0.29167    C:0.21759    A:0.28858    G:0.20216

#42: RoeDeer        
position  1:    T:0.17593    C:0.25463    A:0.32407    G:0.24537
position  2:    T:0.35185    C:0.19444    A:0.31481    G:0.13889
position  3:    T:0.35185    C:0.19907    A:0.22685    G:0.22222
Average         T:0.29321    C:0.21605    A:0.28858    G:0.20216

#43: WhiteLippedDeer
position  1:    T:0.17593    C:0.25463    A:0.32407    G:0.24537
position  2:    T:0.35185    C:0.19444    A:0.31481    G:0.13889
position  3:    T:0.35185    C:0.19907    A:0.22685    G:0.22222
Average         T:0.29321    C:0.21605    A:0.28858    G:0.20216

#44: ThomsonGazelle 
position  1:    T:0.17130    C:0.25926    A:0.32407    G:0.24537
position  2:    T:0.35185    C:0.19444    A:0.31481    G:0.13889
position  3:    T:0.35185    C:0.20370    A:0.20370    G:0.24074
Average         T:0.29167    C:0.21914    A:0.28086    G:0.20833

#45: MuntiacusCrinifrons
position  1:    T:0.17593    C:0.25463    A:0.32407    G:0.24537
position  2:    T:0.35185    C:0.19444    A:0.31481    G:0.13889
position  3:    T:0.35185    C:0.19907    A:0.22685    G:0.22222
Average         T:0.29321    C:0.21605    A:0.28858    G:0.20216

#46: WhiteTailedDeer
position  1:    T:0.17593    C:0.25463    A:0.32407    G:0.24537
position  2:    T:0.35185    C:0.19444    A:0.31481    G:0.13889
position  3:    T:0.35185    C:0.19907    A:0.23611    G:0.21296
Average         T:0.29321    C:0.21605    A:0.29167    G:0.19907

#47: Cattle         
position  1:    T:0.17130    C:0.25926    A:0.32407    G:0.24537
position  2:    T:0.35185    C:0.19444    A:0.31481    G:0.13889
position  3:    T:0.35185    C:0.19907    A:0.23148    G:0.21759
Average         T:0.29167    C:0.21759    A:0.29012    G:0.20062

#48: RoyalAntelope  
position  1:    T:0.17130    C:0.25926    A:0.32407    G:0.24537
position  2:    T:0.35185    C:0.19444    A:0.31481    G:0.13889
position  3:    T:0.34722    C:0.20370    A:0.23148    G:0.21759
Average         T:0.29012    C:0.21914    A:0.29012    G:0.20062

#49: Steenbok       
position  1:    T:0.17130    C:0.25926    A:0.32407    G:0.24537
position  2:    T:0.35185    C:0.19444    A:0.31481    G:0.13889
position  3:    T:0.35185    C:0.19907    A:0.22685    G:0.22222
Average         T:0.29167    C:0.21759    A:0.28858    G:0.20216

#50: Impala         
position  1:    T:0.17593    C:0.25463    A:0.32407    G:0.24537
position  2:    T:0.35185    C:0.19444    A:0.31481    G:0.13889
position  3:    T:0.34722    C:0.19907    A:0.23148    G:0.22222
Average         T:0.29167    C:0.21605    A:0.29012    G:0.20216

#51: Klipspringer   
position  1:    T:0.16667    C:0.26389    A:0.32407    G:0.24537
position  2:    T:0.35185    C:0.19444    A:0.31481    G:0.13889
