1
52 1
Argali 0.000000 0.270500 0.058500 0.283800 0.047100 0.000000 0.034400 0.022900 0.081800 0.071700 0.023000 0.079400 0.022700 0.035000 0.069700 0.034300 0.122300 0.122500 0.058200 0.069800 0.022800 0.034400 0.097500 0.107800 0.022700 0.022900 0.022700 0.094500 0.022900 0.082400 0.071700 0.022900 0.073000 0.034100 0.046000 0.071100 0.023300 0.034700 0.083100 0.095900 0.083900 0.034900 0.071700 0.083800 0.084200 0.022900 0.058400 0.045700 0.023300 0.097100 0.082100 0.069800
LesserMous 0.270500 0.000000 0.219000 0.185000 0.255900 0.270600 0.249500 0.266700 0.230400 0.190800 0.268700 0.236400 0.232900 0.253200 0.280200 0.248600 0.233000 0.281300 0.281900 0.230300 0.234600 0.280700 0.222200 0.215800 0.264700 0.234800 0.233400 0.261100 0.235100 0.247500 0.190800 0.234800 0.179800 0.247100 0.261300 0.220200 0.241200 0.258600 0.283300 0.248500 0.204800 0.251600 0.190800 0.204300 0.237700 0.234700 0.267300 0.246800 0.271300 0.190700 0.245900 0.230600
LesserKudu 0.058500 0.219000 0.000000 0.219200 0.083200 0.058600 0.045600 0.057700 0.022100 0.034500 0.058100 0.022600 0.033800 0.046300 0.081100 0.045500 0.082100 0.082000 0.094000 0.011000 0.034000 0.069400 0.058600 0.069200 0.057300 0.034100 0.033900 0.033500 0.034200 0.021500 0.034500 0.034100 0.035000 0.045300 0.052700 0.011200 0.058800 0.070000 0.094500 0.082100 0.046100 0.046200 0.034500 0.046100 0.022700 0.034100 0.069600 0.033500 0.058700 0.034300 0.022200 0.011000
KillerWhal 0.283800 0.185000 0.219200 0.000000 0.251400 0.283900 0.262200 0.279900 0.242100 0.192300 0.281600 0.248900 0.244500 0.266400 0.281700 0.261200 0.213200 0.260900 0.294300 0.230700 0.246900 0.294000 0.192500 0.202100 0.277600 0.247200 0.245100 0.216000 0.247800 0.247300 0.192300 0.247200 0.190900 0.259100 0.274500 0.232400 0.253000 0.296800 0.262200 0.250000 0.206100 0.264400 0.192300 0.205900 0.218300 0.246900 0.247300 0.259200 0.251000 0.201700 0.246400 0.230900
DefassaWat 0.047100 0.255900 0.083200 0.251400 0.000000 0.047100 0.058200 0.046400 0.107000 0.071700 0.046800 0.109400 0.046000 0.059100 0.094400 0.058000 0.122700 0.149900 0.058300 0.094600 0.046300 0.058100 0.097600 0.082400 0.046200 0.046400 0.046100 0.120000 0.046500 0.107700 0.071700 0.046400 0.073100 0.057700 0.070000 0.096200 0.023400 0.034600 0.083200 0.095900 0.083900 0.058600 0.071700 0.083800 0.110100 0.046400 0.083000 0.069600 0.072000 0.097200 0.107200 0.094600
Sheep 0.000000 0.270600 0.058600 0.283900 0.047100 0.000000 0.034500 0.022900 0.081900 0.071800 0.023000 0.078200 0.022700 0.035000 0.069700 0.034300 0.122400 0.122500 0.058300 0.069900 0.022800 0.034400 0.097600 0.107900 0.021700 0.022900 0.022800 0.094600 0.023000 0.082500 0.071800 0.022900 0.073100 0.034200 0.046100 0.071100 0.023400 0.034700 0.083200 0.096000 0.084000 0.034700 0.071800 0.083900 0.084300 0.022900 0.058400 0.045700 0.023300 0.097200 0.082100 0.069900
MaxwellsDu 0.034400 0.249500 0.045600 0.262200 0.058200 0.034500 0.000000 0.033800 0.068400 0.058100 0.034200 0.069900 0.011100 0.022700 0.056600 0.022300 0.107100 0.133400 0.069100 0.056700 0.011100 0.045400 0.083000 0.093300 0.033700 0.011100 0.011100 0.080600 0.011200 0.068800 0.058100 0.011100 0.059200 0.022200 0.033700 0.057700 0.034600 0.045700 0.069400 0.106800 0.070000 0.022500 0.058100 0.069900 0.070300 0.011200 0.045500 0.033400 0.034400 0.082700 0.068600 0.056700
GazellaPrz 0.022900 0.266700 0.057700 0.279900 0.046400 0.022900 0.033800 0.000000 0.080700 0.070600 0.022700 0.082500 0.022400 0.034400 0.068700 0.033800 0.120600 0.120800 0.057400 0.068800 0.022500 0.033900 0.096000 0.106200 0.022400 0.022400 0.022400 0.093100 0.022600 0.081200 0.070600 0.022400 0.071900 0.033700 0.045300 0.070000 0.023000 0.034200 0.081900 0.094500 0.082600 0.034100 0.070600 0.082500 0.083000 0.022500 0.057500 0.045000 0.046400 0.095600 0.080900 0.068800
MountainNy 0.081800 0.230400 0.022100 0.242100 0.107000 0.081900 0.068400 0.080700 0.000000 0.057200 0.081300 0.045100 0.056300 0.069400 0.103900 0.068200 0.105700 0.105500 0.117600 0.010900 0.056700 0.092500 0.081700 0.091800 0.080300 0.056800 0.056500 0.033000 0.057000 0.021900 0.057200 0.056800 0.058300 0.067900 0.076600 0.033500 0.082400 0.093300 0.118100 0.105100 0.068900 0.069300 0.057200 0.068800 0.045400 0.056800 0.092800 0.055800 0.082100 0.057100 0.021800 0.010800
MuntiacusM 0.071700 0.190800 0.034500 0.192300 0.071700 0.071800 0.058100 0.070600 0.057200 0.000000 0.071200 0.058500 0.045900 0.059100 0.094200 0.057900 0.046000 0.094900 0.082700 0.045700 0.046200 0.082600 0.022900 0.033800 0.070200 0.046300 0.046100 0.069600 0.046500 0.057800 0.000000 0.046300 0.000200 0.057600 0.065700 0.046400 0.047400 0.083300 0.083000 0.045800 0.011300 0.058700 0.000000 0.011300 0.058900 0.046400 0.082800 0.069400 0.071900 0.022800 0.057600 0.045700
goat 0.023000 0.268700 0.058100 0.281600 0.046800 0.023000 0.034200 0.022700 0.081300 0.071200 0.000000 0.076000 0.022500 0.034700 0.069200 0.034100 0.121600 0.121700 0.057800 0.069400 0.022600 0.034100 0.096800 0.107100 0.000100 0.022700 0.022600 0.093800 0.022800 0.081800 0.071200 0.022700 0.072500 0.033900 0.045700 0.070500 0.023200 0.034400 0.082500 0.095300 0.083300 0.034400 0.071200 0.083200 0.083600 0.022700 0.058000 0.045400 0.046900 0.096400 0.081500 0.069300
AfricanBuf 0.079400 0.236400 0.022600 0.248900 0.109400 0.078200 0.069900 0.082500 0.045100 0.058500 0.076000 0.000000 0.057500 0.071000 0.106200 0.069600 0.107900 0.107800 0.120200 0.033700 0.057900 0.088700 0.083500 0.093800 0.076300 0.058000 0.057700 0.056900 0.058200 0.045400 0.058500 0.058000 0.059600 0.069300 0.079900 0.034100 0.077600 0.095300 0.120800 0.107400 0.070400 0.070900 0.058500 0.070300 0.046100 0.058000 0.094800 0.057000 0.084000 0.058400 0.045200 0.033700
Topi 0.022700 0.232900 0.033800 0.244500 0.046000 0.022700 0.011100 0.022400 0.056300 0.045900 0.022500 0.057500 0.000000 0.011200 0.044800 0.011000 0.094000 0.119700 0.056900 0.044800 0.000100 0.033600 0.070200 0.080500 0.022200 0.000100 0.000000 0.068200 0.000100 0.056600 0.045900 0.000100 0.046800 0.011000 0.022200 0.045600 0.022800 0.033900 0.057100 0.093600 0.057600 0.011100 0.045900 0.057500 0.057900 0.000100 0.033700 0.022000 0.022800 0.070000 0.056500 0.044800
CommonDuik 0.035000 0.253200 0.046300 0.266400 0.059100 0.035000 0.022700 0.034400 0.069400 0.059100 0.034700 0.071000 0.011200 0.000000 0.057400 0.022600 0.108800 0.135500 0.070100 0.057500 0.011300 0.046000 0.084300 0.094800 0.034200 0.011300 0.011200 0.081800 0.011300 0.069800 0.059100 0.011300 0.060200 0.022500 0.034200 0.058600 0.035100 0.046400 0.070400 0.108500 0.071100 0.022800 0.059100 0.071000 0.071400 0.011300 0.046200 0.033900 0.035100 0.084000 0.069600 0.057500
Suni 0.069700 0.280200 0.081100 0.281700 0.094400 0.069700 0.056600 0.068700 0.103900 0.094200 0.069200 0.106200 0.044800 0.057400 0.000000 0.056400 0.144900 0.172500 0.105100 0.092200 0.045000 0.080400 0.120100 0.129900 0.068300 0.045100 0.044900 0.117000 0.045300 0.104900 0.094200 0.045100 0.096000 0.056200 0.068100 0.093500 0.070100 0.081000 0.105500 0.144200 0.106300 0.057000 0.094200 0.106200 0.106800 0.045100 0.080600 0.067700 0.069900 0.119700 0.104600 0.092200
Springbuck 0.034300 0.248600 0.045500 0.261200 0.058000 0.034300 0.022300 0.033800 0.068200 0.057900 0.034100 0.069600 0.011000 0.022600 0.056400 0.000000 0.106800 0.133000 0.068900 0.056500 0.011100 0.045200 0.082700 0.093000 0.033600 0.011100 0.011100 0.080300 0.011100 0.068600 0.057900 0.011100 0.059000 0.022100 0.033500 0.057500 0.034500 0.045600 0.069200 0.106400 0.069700 0.022400 0.057900 0.069700 0.070000 0.011100 0.045400 0.033300 0.034400 0.082400 0.068300 0.056500
Okapi 0.122300 0.233000 0.082100 0.213200 0.122700 0.122400 0.107100 0.120600 0.105700 0.046000 0.121600 0.107900 0.094000 0.108800 0.144900 0.106800 0.000000 0.069400 0.120300 0.093400 0.094700 0.119900 0.046000 0.080500 0.119900 0.094800 0.094300 0.093000 0.095200 0.106200 0.046000 0.094800 0.046800 0.106200 0.116900 0.094800 0.084800 0.134200 0.107400 0.093600 0.057600 0.107900 0.046000 0.057500 0.082800 0.094900 0.133200 0.118600 0.096300 0.070000 0.105800 0.093300
Giraffe 0.122500 0.281300 0.082000 0.260900 0.149900 0.122500 0.133400 0.120800 0.105500 0.094900 0.121700 0.107800 0.119700 0.135500 0.172500 0.133000 0.069400 0.000000 0.146900 0.093300 0.120500 0.120100 0.095000 0.130800 0.120000 0.120700 0.120000 0.092800 0.121100 0.106100 0.094900 0.120700 0.096700 0.132300 0.144700 0.094800 0.110800 0.134500 0.160800 0.119000 0.107100 0.134400 0.094900 0.107000 0.082700 0.120700 0.160700 0.118700 0.122500 0.094700 0.079700 0.093300
TibetanAnt 0.058200 0.281900 0.094000 0.294300 0.058300 0.058300 0.069100 0.057400 0.117600 0.082700 0.057800 0.120200 0.056900 0.070100 0.105100 0.068900 0.120300 0.146900 0.000000 0.105200 0.057300 0.045100 0.083000 0.118500 0.057100 0.057300 0.057100 0.130500 0.057600 0.118300 0.082700 0.057300 0.084200 0.068500 0.080900 0.107000 0.034700 0.069600 0.094000 0.106700 0.070000 0.069600 0.082700 0.094700 0.120900 0.057400 0.093800 0.080300 0.083000 0.108000 0.117900 0.105200
Sitatunga 0.069800 0.230300 0.011000 0.230700 0.094600 0.069900 0.056700 0.068800 0.010900 0.045700 0.069400 0.033700 0.044800 0.057500 0.092200 0.056500 0.093400 0.093300 0.105200 0.000000 0.045100 0.080500 0.070000 0.080200 0.068400 0.045200 0.045000 0.021800 0.045300 0.010900 0.045700 0.045200 0.046400 0.056300 0.063900 0.022200 0.070200 0.081200 0.105700 0.093300 0.057400 0.057500 0.045700 0.057300 0.033900 0.045200 0.080800 0.044400 0.070100 0.045500 0.010900 0.000100
Oribi 0.022800 0.234600 0.034000 0.246900 0.046300 0.022800 0.011100 0.022500 0.056700 0.046200 0.022600 0.057900 0.000100 0.011300 0.045000 0.011100 0.094700 0.120500 0.057300 0.045100 0.000000 0.033800 0.070700 0.081100 0.022400 0.000000 0.000100 0.068600 0.000100 0.057000 0.046200 0.000000 0.047100 0.011000 0.022300 0.045900 0.022900 0.034100 0.057500 0.094300 0.058000 0.011200 0.046200 0.057900 0.058200 0.000100 0.034000 0.022100 0.022900 0.070400 0.056800 0.045100
BarbaryShe 0.034400 0.280700 0.069400 0.294000 0.058100 0.034400 0.045400 0.033900 0.092500 0.082600 0.034100 0.088700 0.033600 0.046000 0.080400 0.045200 0.119900 0.120100 0.045100 0.080500 0.033800 0.000000 0.108300 0.118400 0.033700 0.033900 0.033700 0.105000 0.034000 0.093100 0.082600 0.033900 0.084100 0.045000 0.056900 0.081900 0.034600 0.045700 0.093800 0.106600 0.094700 0.045600 0.082600 0.094600 0.095100 0.033900 0.069200 0.056400 0.058400 0.107900 0.092700 0.080500
Daviddeer 0.097500 0.222200 0.058600 0.192500 0.097600 0.097600 0.083000 0.096000 0.081700 0.022900 0.096800 0.083500 0.070200 0.084300 0.120100 0.082700 0.046000 0.095000 0.083000 0.070000 0.070700 0.108300 0.000000 0.057300 0.095400 0.070800 0.070400 0.069700 0.071100 0.082500 0.022900 0.070800 0.023300 0.082200 0.092400 0.070900 0.072500 0.109300 0.083100 0.069900 0.010900 0.083500 0.022900 0.034400 0.058900 0.070900 0.108600 0.094400 0.072000 0.046500 0.082200 0.069900
Reindeer 0.107800 0.215800 0.069200 0.202100 0.082400 0.107900 0.093300 0.106200 0.091800 0.033800 0.107100 0.093800 0.080500 0.094800 0.129900 0.093000 0.080500 0.130800 0.118500 0.080200 0.081100 0.118400 0.057300 0.000000 0.105600 0.081300 0.080800 0.104700 0.081600 0.092700 0.033800 0.081300 0.034400 0.092400 0.077500 0.081300 0.083000 0.119300 0.119000 0.033200 0.045200 0.093900 0.033800 0.022200 0.094400 0.081300 0.118600 0.104500 0.108100 0.057100 0.092400 0.080200
Ibex 0.022700 0.264700 0.057300 0.277600 0.046200 0.021700 0.033700 0.022400 0.080300 0.070200 0.000100 0.076300 0.022200 0.034200 0.068300 0.033600 0.119900 0.120000 0.057100 0.068400 0.022400 0.033700 0.095400 0.105600 0.000000 0.022400 0.022300 0.092600 0.022500 0.080700 0.070200 0.022400 0.071500 0.033500 0.045100 0.069600 0.022900 0.034000 0.081400 0.093900 0.082100 0.033900 0.070200 0.082100 0.082500 0.022500 0.057200 0.044800 0.046300 0.095100 0.080400 0.068400
GyrantGaze 0.022900 0.234800 0.034100 0.247200 0.046400 0.022900 0.011100 0.022400 0.056800 0.046300 0.022700 0.058000 0.000100 0.011300 0.045100 0.011100 0.094800 0.120700 0.057300 0.045200 0.000000 0.033900 0.070800 0.081300 0.022400 0.000000 0.000100 0.068700 0.000100 0.057100 0.046300 0.000000 0.047200 0.011100 0.022300 0.046000 0.023000 0.034100 0.057600 0.094500 0.058100 0.011200 0.046300 0.058000 0.058300 0.000000 0.034000 0.022200 0.022800 0.070500 0.056900 0.045200
Hartebeest 0.022700 0.233400 0.033900 0.245100 0.046100 0.022800 0.011100 0.022400 0.056500 0.046100 0.022600 0.057700 0.000000 0.011200 0.044900 0.011100 0.094300 0.120000 0.057100 0.045000 0.000100 0.033700 0.070400 0.080800 0.022300 0.000100 0.000000 0.068400 0.000100 0.056800 0.046100 0.000100 0.046900 0.011000 0.022300 0.045700 0.022900 0.034000 0.057300 0.093900 0.057800 0.011200 0.046100 0.057700 0.058000 0.000100 0.033800 0.022100 0.022800 0.070200 0.056600 0.045000
Bongo 0.094500 0.261100 0.033500 0.216000 0.120000 0.094600 0.080600 0.093100 0.033000 0.069600 0.093800 0.056900 0.068200 0.081800 0.117000 0.080300 0.093000 0.092800 0.130500 0.021800 0.068600 0.105000 0.069700 0.104700 0.092600 0.068700 0.068400 0.000000 0.069000 0.033200 0.069600 0.068700 0.070600 0.079900 0.088800 0.045100 0.095000 0.105900 0.105300 0.118300 0.081500 0.081700 0.069600 0.081400 0.033700 0.068800 0.105400 0.067600 0.069800 0.069200 0.033100 0.021900
Gerenuk 0.022900 0.235100 0.034200 0.247800 0.046500 0.023000 0.011200 0.022600 0.057000 0.046500 0.022800 0.058200 0.000100 0.011300 0.045300 0.011100 0.095200 0.121100 0.057600 0.045300 0.000100 0.034000 0.071100 0.081600 0.022500 0.000100 0.000100 0.069000 0.000000 0.057300 0.046500 0.000100 0.047400 0.011100 0.022400 0.046100 0.023100 0.034300 0.057800 0.094800 0.058300 0.011200 0.046500 0.058300 0.058600 0.000100 0.034100 0.022300 0.023000 0.070800 0.057100 0.045300
CommonElan 0.082400 0.247500 0.021500 0.247300 0.107700 0.082500 0.068800 0.081200 0.021900 0.057800 0.081800 0.045400 0.056600 0.069800 0.104900 0.068600 0.106200 0.106100 0.118300 0.010900 0.057000 0.093100 0.082500 0.092700 0.080700 0.057100 0.056800 0.033200 0.057300 0.000000 0.057800 0.057100 0.058700 0.068300 0.077000 0.033700 0.082900 0.093900 0.118900 0.106100 0.069600 0.069700 0.057800 0.069500 0.045600 0.057100 0.093400 0.056100 0.082700 0.057500 0.022000 0.010900
MuntiacusR 0.071700 0.190800 0.034500 0.192300 0.071700 0.071800 0.058100 0.070600 0.057200 0.000000 0.071200 0.058500 0.045900 0.059100 0.094200 0.057900 0.046000 0.094900 0.082700 0.045700 0.046200 0.082600 0.022900 0.033800 0.070200 0.046300 0.046100 0.069600 0.046500 0.057800 0.000000 0.046300 0.000200 0.057600 0.065700 0.046400 0.047400 0.083300 0.083000 0.045800 0.011300 0.058700 0.000000 0.011300 0.058900 0.046400 0.082800 0.069400 0.071900 0.022800 0.057600 0.045700
HarveysDui 0.022900 0.234800 0.034100 0.247200 0.046400 0.022900 0.011100 0.022400 0.056800 0.046300 0.022700 0.058000 0.000100 0.011300 0.045100 0.011100 0.094800 0.120700 0.057300 0.045200 0.000000 0.033900 0.070800 0.081300 0.022400 0.000000 0.000100 0.068700 0.000100 0.057100 0.046300 0.000000 0.047200 0.011100 0.022300 0.046000 0.023000 0.034100 0.057600 0.094500 0.058100 0.011200 0.046300 0.058000 0.058300 0.000000 0.034000 0.022200 0.022800 0.070500 0.056900 0.045200
Pronghorn 0.073000 0.179800 0.035000 0.190900 0.073100 0.073100 0.059200 0.071900 0.058300 0.000200 0.072500 0.059600 0.046800 0.060200 0.096000 0.059000 0.046800 0.096700 0.084200 0.046400 0.047100 0.084100 0.023300 0.034400 0.071500 0.047200 0.046900 0.070600 0.047400 0.058700 0.000200 0.047200 0.000000 0.058700 0.069000 0.047200 0.048200 0.084900 0.084600 0.046600 0.011500 0.059600 0.000200 0.011500 0.060000 0.047200 0.084400 0.070700 0.073300 0.023200 0.058400 0.046400
BlueWildeb 0.034100 0.247100 0.045300 0.259100 0.057700 0.034200 0.022200 0.033700 0.067900 0.057600 0.033900 0.069300 0.011000 0.022500 0.056200 0.022100 0.106200 0.132300 0.068500 0.056300 0.011000 0.045000 0.082200 0.092400 0.033500 0.011100 0.011000 0.079900 0.011100 0.068300 0.057600 0.011100 0.058700 0.000000 0.033400 0.057200 0.034300 0.045400 0.068800 0.105700 0.069400 0.022300 0.057600 0.069300 0.069700 0.011100 0.045100 0.033200 0.034200 0.082000 0.068000 0.056300
Gemsbok 0.046000 0.261300 0.052700 0.274500 0.070000 0.046100 0.033700 0.045300 0.076600 0.065700 0.045700 0.079900 0.022200 0.034200 0.068100 0.033500 0.116900 0.144700 0.080900 0.063900 0.022300 0.056900 0.092400 0.077500 0.045100 0.022300 0.022300 0.088800 0.022400 0.077000 0.065700 0.022300 0.069000 0.033400 0.000000 0.067200 0.046300 0.057300 0.081200 0.090800 0.078900 0.033800 0.065700 0.053000 0.080400 0.022400 0.057100 0.044700 0.046200 0.080400 0.076500 0.063900
Yak 0.071100 0.220200 0.011200 0.232400 0.096200 0.071100 0.057700 0.070000 0.033500 0.046400 0.070500 0.034100 0.045600 0.058600 0.093500 0.057500 0.094800 0.094800 0.107000 0.022200 0.045900 0.081900 0.070900 0.081300 0.069600 0.046000 0.045700 0.045100 0.046100 0.033700 0.046400 0.046000 0.047200 0.057200 0.067200 0.000000 0.071400 0.082600 0.082300 0.094500 0.058100 0.058500 0.046400 0.058100 0.011300 0.046000 0.082200 0.045200 0.071300 0.046300 0.033600 0.022200
BlueSheep 0.023300 0.241200 0.058800 0.253000 0.023400 0.023400 0.034600 0.023000 0.082400 0.047400 0.023200 0.077600 0.022800 0.035100 0.070100 0.034500 0.084800 0.110800 0.034700 0.070200 0.022900 0.034600 0.072500 0.083000 0.022900 0.023000 0.022900 0.095000 0.023100 0.082900 0.047400 0.023000 0.048200 0.034300 0.046300 0.071400 0.000000 0.034900 0.058800 0.071300 0.059400 0.034800 0.047400 0.059300 0.084700 0.023000 0.058700 0.046000 0.047500 0.072100 0.082600 0.070200
BohorReedb 0.034700 0.258600 0.070000 0.296800 0.034600 0.034700 0.045700 0.034200 0.093300 0.083300 0.034400 0.095300 0.033900 0.046400 0.081000 0.045600 0.134200 0.134500 0.069600 0.081200 0.034100 0.045700 0.109300 0.119300 0.034000 0.034100 0.034000 0.105900 0.034300 0.093900 0.083300 0.034100 0.084900 0.045400 0.057300 0.082600 0.034900 0.000000 0.094700 0.107500 0.095500 0.046000 0.083300 0.095400 0.095900 0.034200 0.069800 0.056900 0.058800 0.108800 0.093500 0.081200
KirksDik 0.083100 0.283300 0.094500 0.262200 0.083200 0.083200 0.069400 0.081900 0.118100 0.083000 0.082500 0.120800 0.057100 0.070400 0.105500 0.069200 0.107400 0.160800 0.094000 0.105700 0.057500 0.093800 0.083100 0.119000 0.081400 0.057600 0.057300 0.105300 0.057800 0.118900 0.083000 0.057600 0.084600 0.068800 0.081200 0.082300 0.058800 0.094700 0.000000 0.132600 0.095200 0.069800 0.083000 0.095100 0.070300 0.057600 0.069600 0.080600 0.058500 0.108500 0.118400 0.105700
RoeDeer 0.095900 0.248500 0.082100 0.250000 0.095900 0.096000 0.106800 0.094500 0.105100 0.045800 0.095300 0.107400 0.093600 0.108500 0.144200 0.106400 0.093600 0.119000 0.106700 0.093300 0.094300 0.106600 0.069900 0.033200 0.093900 0.094500 0.093900 0.118300 0.094800 0.106100 0.045800 0.094500 0.046600 0.105700 0.090800 0.094500 0.071300 0.107500 0.132600 0.000000 0.057400 0.107400 0.045800 0.033800 0.108100 0.094500 0.131900 0.117500 0.122300 0.069700 0.105800 0.093300
WhiteLippe 0.083900 0.204800 0.046100 0.206100 0.083900 0.084000 0.070000 0.082600 0.068900 0.011300 0.083300 0.070400 0.057600 0.071100 0.106300 0.069700 0.057600 0.107100 0.070000 0.057400 0.058000 0.094700 0.010900 0.045200 0.082100 0.058100 0.057800 0.081500 0.058300 0.069600 0.011300 0.058100 0.011500 0.069400 0.078900 0.058100 0.059400 0.095500 0.095200 0.057400 0.000000 0.070400 0.011300 0.022600 0.070900 0.058100 0.094900 0.081300 0.084200 0.034300 0.069300 0.057300
ThomsonGaz 0.034900 0.251600 0.046200 0.264400 0.058600 0.034700 0.022500 0.034100 0.069300 0.058700 0.034400 0.070900 0.011100 0.022800 0.057000 0.022400 0.107900 0.134400 0.069600 0.057500 0.011200 0.045600 0.083500 0.093900 0.033900 0.011200 0.011200 0.081700 0.011200 0.069700 0.058700 0.011200 0.059600 0.022300 0.033800 0.058500 0.034800 0.046000 0.069800 0.107400 0.070400 0.000000 0.058700 0.070300 0.071300 0.011200 0.045800 0.022300 0.034700 0.083200 0.069500 0.057500
MuntiacusC 0.071700 0.190800 0.034500 0.192300 0.071700 0.071800 0.058100 0.070600 0.057200 0.000000 0.071200 0.058500 0.045900 0.059100 0.094200 0.057900 0.046000 0.094900 0.082700 0.045700 0.046200 0.082600 0.022900 0.033800 0.070200 0.046300 0.046100 0.069600 0.046500 0.057800 0.000000 0.046300 0.000200 0.057600 0.065700 0.046400 0.047400 0.083300 0.083000 0.045800 0.011300 0.058700 0.000000 0.011300 0.058900 0.046400 0.082800 0.069400 0.071900 0.022800 0.057600 0.045700
WhiteTaile 0.083800 0.204300 0.046100 0.205900 0.083800 0.083900 0.069900 0.082500 0.068800 0.011300 0.083200 0.070300 0.057500 0.071000 0.106200 0.069700 0.057500 0.107000 0.094700 0.057300 0.057900 0.094600 0.034400 0.022200 0.082100 0.058000 0.057700 0.081400 0.058300 0.069500 0.011300 0.058000 0.011500 0.069300 0.053000 0.058100 0.059300 0.095400 0.095100 0.033800 0.022600 0.070300 0.011300 0.000000 0.070800 0.058100 0.094800 0.081200 0.084100 0.034300 0.069200 0.057300
Cattle 0.084200 0.237700 0.022700 0.218300 0.110100 0.084300 0.070300 0.083000 0.045400 0.058900 0.083600 0.046100 0.057900 0.071400 0.106800 0.070000 0.082800 0.082700 0.120900 0.033900 0.058200 0.095100 0.058900 0.094400 0.082500 0.058300 0.058000 0.033700 0.058600 0.045600 0.058900 0.058300 0.060000 0.069700 0.080400 0.011300 0.084700 0.095900 0.070300 0.108100 0.070900 0.071300 0.058900 0.070800 0.000000 0.058400 0.095400 0.057300 0.059300 0.058700 0.045500 0.033900
RoyalAntel 0.022900 0.234700 0.034100 0.246900 0.046400 0.022900 0.011200 0.022500 0.056800 0.046400 0.022700 0.058000 0.000100 0.011300 0.045100 0.011100 0.094900 0.120700 0.057400 0.045200 0.000100 0.033900 0.070900 0.081300 0.022500 0.000000 0.000100 0.068800 0.000100 0.057100 0.046400 0.000000 0.047200 0.011100 0.022400 0.046000 0.023000 0.034200 0.057600 0.094500 0.058100 0.011200 0.046400 0.058100 0.058400 0.000000 0.034000 0.022200 0.023000 0.070600 0.057000 0.045200
Steenbok 0.058400 0.267300 0.069600 0.247300 0.083000 0.058400 0.045500 0.057500 0.092800 0.082800 0.058000 0.094800 0.033700 0.046200 0.080600 0.045400 0.133200 0.160700 0.093800 0.080800 0.034000 0.069200 0.108600 0.118600 0.057200 0.034000 0.033800 0.105400 0.034100 0.093400 0.082800 0.034000 0.084400 0.045100 0.057100 0.082200 0.058700 0.069800 0.069600 0.131900 0.094900 0.045800 0.082800 0.094800 0.095400 0.034000 0.000000 0.056700 0.058600 0.108200 0.093100 0.080800
Impala 0.045700 0.246800 0.033500 0.259200 0.069600 0.045700 0.033400 0.045000 0.055800 0.069400 0.045400 0.057000 0.022000 0.033900 0.067700 0.033300 0.118600 0.118700 0.080300 0.044400 0.022100 0.056400 0.094400 0.104500 0.044800 0.022200 0.022100 0.067600 0.022300 0.056100 0.069400 0.022200 0.070700 0.033200 0.044700 0.045200 0.046000 0.056900 0.080600 0.117500 0.081300 0.022300 0.069400 0.081200 0.057300 0.022200 0.056700 0.000000 0.045800 0.069300 0.056000 0.044400
Klipspring 0.023300 0.271300 0.058700 0.251000 0.072000 0.023300 0.034400 0.046400 0.082100 0.071900 0.046900 0.084000 0.022800 0.035100 0.069900 0.034400 0.096300 0.122500 0.083000 0.070100 0.022900 0.058400 0.072000 0.108100 0.046300 0.022800 0.022800 0.069800 0.023000 0.082700 0.071900 0.022800 0.073300 0.034200 0.046200 0.071300 0.047500 0.058800 0.058500 0.122300 0.084200 0.034700 0.071900 0.084100 0.059300 0.023000 0.058600 0.045800 0.000000 0.097400 0.082400 0.070100
ForestMusk 0.097100 0.190700 0.034300 0.201700 0.097200 0.097200 0.082700 0.095600 0.057100 0.022800 0.096400 0.058400 0.070000 0.084000 0.119700 0.082400 0.070000 0.094700 0.108000 0.045500 0.070400 0.107900 0.046500 0.057100 0.095100 0.070500 0.070200 0.069200 0.070800 0.057500 0.022800 0.070500 0.023200 0.082000 0.080400 0.046300 0.072100 0.108800 0.108500 0.069700 0.034300 0.083200 0.022800 0.034300 0.058700 0.070600 0.108200 0.069300 0.097400 0.000000 0.057300 0.045500
Bushbuck 0.082100 0.245900 0.022200 0.246400 0.107200 0.082100 0.068600 0.080900 0.021800 0.057600 0.081500 0.045200 0.056500 0.069600 0.104600 0.068300 0.105800 0.079700 0.117900 0.010900 0.056800 0.092700 0.082200 0.092400 0.080400 0.056900 0.056600 0.033100 0.057100 0.022000 0.057600 0.056900 0.058400 0.068000 0.076500 0.033600 0.082600 0.093500 0.118400 0.105800 0.069300 0.069500 0.057600 0.069200 0.045500 0.057000 0.093100 0.056000 0.082400 0.057300 0.000000 0.010900
GreaterKud 0.069800 0.230600 0.011000 0.230900 0.094600 0.069900 0.056700 0.068800 0.010800 0.045700 0.069300 0.033700 0.044800 0.057500 0.092200 0.056500 0.093300 0.093300 0.105200 0.000100 0.045100 0.080500 0.069900 0.080200 0.068400 0.045200 0.045000 0.021900 0.045300 0.010900 0.045700 0.045200 0.046400 0.056300 0.063900 0.022200 0.070200 0.081200 0.105700 0.093300 0.057300 0.057500 0.045700 0.057300 0.033900 0.045200 0.080800 0.044400 0.070100 0.045500 0.010900 0.000000
