1
52 1
Argali 0.000000 0.633100 0.144800 0.434800 0.072900 0.007100 0.081700 0.099300 0.119200 0.198400 0.035800 0.145400 0.077300 0.084200 0.119700 0.117600 0.151900 0.142800 0.053800 0.129700 0.100400 0.028500 0.188400 0.166500 0.028800 0.081800 0.066300 0.126300 0.084400 0.121400 0.189100 0.076600 0.177700 0.069800 0.092100 0.136900 0.043000 0.092300 0.113700 0.188000 0.198000 0.088700 0.260000 0.171500 0.144300 0.074900 0.128200 0.103200 0.082600 0.144100 0.184900 0.133100
LesserMous 0.633100 0.000000 0.611500 0.537300 0.608500 0.630000 0.563700 0.604400 0.575200 0.582300 0.625400 0.578000 0.640100 0.594000 0.666200 0.639200 0.562400 0.564200 0.638000 0.587800 0.614400 0.638500 0.540600 0.534700 0.632400 0.591500 0.623800 0.583900 0.627800 0.598100 0.572900 0.601200 0.589700 0.642500 0.647500 0.558900 0.646100 0.619800 0.600800 0.539600 0.550100 0.597500 0.613600 0.560000 0.554600 0.588500 0.649100 0.631700 0.591000 0.589100 0.636100 0.604300
LesserKudu 0.144800 0.611500 0.000000 0.434000 0.143800 0.136600 0.130100 0.147100 0.031400 0.228500 0.147800 0.107600 0.164800 0.143600 0.152200 0.181500 0.172700 0.155800 0.162600 0.041700 0.165000 0.135700 0.192600 0.179500 0.140900 0.154200 0.153700 0.031200 0.164100 0.048700 0.210400 0.147500 0.186100 0.161200 0.163800 0.083500 0.135500 0.156300 0.171300 0.200900 0.202200 0.144700 0.291200 0.193100 0.090600 0.139500 0.184300 0.167200 0.139800 0.148500 0.104800 0.045000
KillerWhal 0.434800 0.537300 0.434000 0.000000 0.463900 0.433500 0.444100 0.452500 0.436600 0.458000 0.441600 0.424300 0.473900 0.451700 0.490100 0.458800 0.433100 0.420400 0.478100 0.447900 0.475500 0.440900 0.423900 0.395300 0.445600 0.440600 0.460500 0.444400 0.459400 0.423900 0.439500 0.457900 0.446300 0.475600 0.493800 0.444300 0.424200 0.466600 0.477000 0.440400 0.437200 0.435300 0.488400 0.449300 0.452700 0.443400 0.444200 0.447200 0.456700 0.457900 0.484300 0.429500
DefassaWat 0.072900 0.608500 0.143800 0.463900 0.000000 0.072800 0.081200 0.106300 0.118300 0.205600 0.079900 0.152400 0.099700 0.083600 0.134600 0.140100 0.158900 0.149900 0.098200 0.128800 0.107400 0.072300 0.187000 0.165200 0.072900 0.088900 0.088700 0.125400 0.114600 0.128300 0.196200 0.083600 0.184600 0.092200 0.114500 0.135900 0.079700 0.028500 0.112800 0.195200 0.196600 0.095800 0.267400 0.178700 0.143300 0.089800 0.142900 0.118000 0.086100 0.143100 0.191900 0.139900
Sheep 0.007100 0.630000 0.136600 0.433500 0.072800 0.000000 0.081600 0.099100 0.111100 0.197900 0.035700 0.137200 0.077100 0.084000 0.119400 0.117400 0.151600 0.134300 0.060000 0.121600 0.100200 0.028400 0.187900 0.166100 0.028700 0.081600 0.066200 0.118200 0.084200 0.113400 0.188600 0.076500 0.177300 0.069700 0.091900 0.128500 0.041200 0.092100 0.113400 0.187600 0.197500 0.088600 0.259400 0.171100 0.135900 0.074700 0.127900 0.103000 0.082400 0.143800 0.184500 0.125000
MaxwellsDu 0.081700 0.563700 0.130100 0.444100 0.081200 0.081600 0.000000 0.092400 0.104400 0.187000 0.088800 0.146600 0.085600 0.062100 0.120700 0.118600 0.157700 0.148500 0.099800 0.115100 0.085700 0.088600 0.168100 0.154900 0.081800 0.074800 0.082300 0.111600 0.085200 0.122400 0.177700 0.062100 0.175400 0.093600 0.100700 0.129900 0.088500 0.085400 0.090700 0.176400 0.168900 0.081800 0.248200 0.159900 0.137300 0.075500 0.113800 0.104100 0.075500 0.129100 0.169600 0.126300
GazellaPrz 0.099300 0.604400 0.147100 0.452500 0.106300 0.099100 0.092400 0.000000 0.137600 0.205500 0.098600 0.164100 0.118800 0.072100 0.134000 0.096600 0.146400 0.166200 0.109400 0.148100 0.072600 0.106000 0.208200 0.186100 0.099300 0.054400 0.107800 0.136800 0.083300 0.155400 0.208700 0.072100 0.176600 0.107300 0.125800 0.147600 0.113600 0.118400 0.088300 0.207900 0.209300 0.076200 0.271600 0.191300 0.154900 0.085700 0.115500 0.121600 0.097600 0.154900 0.195600 0.151400
MountainNy 0.119200 0.575200 0.031400 0.436600 0.118300 0.111100 0.104400 0.137600 0.000000 0.201500 0.122300 0.082800 0.139000 0.118100 0.142700 0.156100 0.146000 0.129600 0.137100 0.010400 0.139100 0.118100 0.174100 0.161000 0.115300 0.128300 0.127800 0.014000 0.146400 0.024300 0.192200 0.122100 0.180900 0.139300 0.146300 0.065800 0.117900 0.138600 0.145100 0.173800 0.183500 0.119100 0.263100 0.166000 0.073000 0.113500 0.166900 0.141600 0.113700 0.115000 0.079700 0.027900
MuntiacusM 0.198400 0.582300 0.228500 0.458000 0.205600 0.197900 0.187000 0.205500 0.201500 0.000000 0.205500 0.203500 0.206800 0.196800 0.238300 0.247100 0.202500 0.215900 0.217200 0.212300 0.211800 0.196400 0.105900 0.126900 0.198400 0.200700 0.195100 0.200300 0.210400 0.211400 0.037500 0.192500 0.251700 0.198500 0.241100 0.195600 0.200700 0.228700 0.228700 0.122600 0.102400 0.207200 0.081000 0.114800 0.203300 0.189800 0.231400 0.223200 0.198700 0.210400 0.256300 0.215700
goat 0.035800 0.625400 0.147800 0.441600 0.079900 0.035700 0.088800 0.098600 0.122300 0.205500 0.000000 0.148400 0.069200 0.083600 0.126700 0.124500 0.150900 0.141800 0.060800 0.132700 0.107400 0.028300 0.195600 0.173700 0.013600 0.088900 0.058400 0.129300 0.091400 0.132200 0.196100 0.068600 0.184600 0.061800 0.083900 0.140000 0.042700 0.099400 0.120800 0.195300 0.205300 0.092000 0.267200 0.178800 0.147300 0.082100 0.135100 0.094900 0.089800 0.139100 0.187700 0.143900
AfricanBuf 0.145400 0.578000 0.107600 0.424300 0.152400 0.137200 0.146600 0.164100 0.082800 0.203500 0.148400 0.000000 0.165500 0.128600 0.161100 0.174600 0.165500 0.148300 0.171300 0.093100 0.165800 0.144100 0.184700 0.163400 0.141500 0.155000 0.154400 0.082300 0.164900 0.100300 0.202600 0.132600 0.187300 0.165900 0.180900 0.053900 0.136100 0.169200 0.164000 0.184600 0.190000 0.145400 0.259000 0.176800 0.068400 0.128300 0.193300 0.168000 0.140200 0.141200 0.144500 0.089100
Topi 0.077300 0.640100 0.164800 0.473900 0.099700 0.077100 0.085600 0.118800 0.139000 0.206800 0.069200 0.165500 0.000000 0.095600 0.135700 0.137200 0.181000 0.155400 0.087600 0.149500 0.104200 0.076600 0.214600 0.188100 0.069700 0.101300 0.010700 0.146100 0.111500 0.156900 0.201800 0.088000 0.198300 0.027500 0.096000 0.149000 0.084000 0.104000 0.117600 0.210100 0.215600 0.108100 0.259600 0.193300 0.156400 0.086600 0.132000 0.122800 0.090700 0.156300 0.188900 0.160800
CommonDuik 0.084200 0.594000 0.143600 0.451700 0.083600 0.084000 0.062100 0.072100 0.118100 0.196800 0.083600 0.128600 0.095600 0.000000 0.130400 0.120500 0.158900 0.145800 0.101900 0.128600 0.080400 0.090900 0.195300 0.165000 0.084200 0.069700 0.084700 0.117500 0.102800 0.135900 0.196000 0.035500 0.172600 0.095900 0.110500 0.127700 0.090800 0.084000 0.100900 0.195000 0.196200 0.076600 0.257800 0.178500 0.143100 0.078100 0.115700 0.106300 0.074400 0.134900 0.174900 0.124200
Suni 0.119700 0.666200 0.152200 0.490100 0.134600 0.119400 0.120700 0.134000 0.142700 0.238300 0.126700 0.161100 0.135700 0.130400 0.000000 0.140600 0.188800 0.180300 0.129800 0.145200 0.135600 0.118600 0.237300 0.205500 0.119700 0.132800 0.128500 0.149800 0.134900 0.160600 0.228400 0.122600 0.232100 0.136000 0.122900 0.144600 0.110600 0.143300 0.149800 0.218900 0.238400 0.139500 0.302900 0.202100 0.160200 0.102000 0.155600 0.118700 0.118300 0.176600 0.192900 0.164500
Springbuck 0.117600 0.639200 0.181500 0.458800 0.140100 0.117400 0.118600 0.096600 0.156100 0.247100 0.124500 0.174600 0.137200 0.120500 0.140600 0.000000 0.173500 0.164600 0.119900 0.158500 0.105800 0.124200 0.246200 0.214700 0.109900 0.095200 0.126200 0.171100 0.086400 0.181900 0.237300 0.112800 0.211700 0.129700 0.136400 0.183000 0.131900 0.140900 0.122000 0.236900 0.243100 0.101900 0.301900 0.211300 0.182200 0.104300 0.129700 0.155700 0.116300 0.165500 0.206300 0.185800
Okapi 0.151900 0.562400 0.172700 0.433100 0.158900 0.151600 0.157700 0.146400 0.146000 0.202500 0.150900 0.165500 0.181000 0.158900 0.188800 0.173500 0.000000 0.078400 0.162000 0.157500 0.172800 0.158500 0.187900 0.166000 0.151900 0.153600 0.169700 0.162200 0.155300 0.155900 0.205900 0.138800 0.173300 0.169000 0.171400 0.148900 0.162600 0.172000 0.187900 0.178900 0.193300 0.160300 0.278200 0.154100 0.148200 0.138700 0.192300 0.175500 0.143000 0.136000 0.206100 0.177000
Giraffe 0.142800 0.564200 0.155800 0.420400 0.149900 0.134300 0.148500 0.166200 0.129600 0.215900 0.141800 0.148300 0.155400 0.145800 0.180300 0.164600 0.078400 0.000000 0.161400 0.140300 0.172300 0.149600 0.196600 0.165400 0.134700 0.157000 0.144000 0.145000 0.146300 0.147800 0.206100 0.141800 0.172700 0.155800 0.162500 0.131500 0.153700 0.154800 0.187800 0.169700 0.197600 0.155500 0.279900 0.161900 0.139100 0.137600 0.209100 0.170600 0.133600 0.134800 0.197400 0.151700
TibetanAnt 0.053800 0.638000 0.162600 0.478100 0.098200 0.060000 0.099800 0.109400 0.137100 0.217200 0.060800 0.171300 0.087600 0.101900 0.129800 0.119900 0.162000 0.161400 0.000000 0.147500 0.102900 0.060700 0.216100 0.185300 0.053800 0.092200 0.076700 0.152000 0.102300 0.146900 0.199100 0.094400 0.199900 0.080100 0.102200 0.163200 0.060300 0.110200 0.123900 0.207000 0.217100 0.106700 0.279400 0.190500 0.170600 0.093100 0.130400 0.113300 0.100800 0.146200 0.194800 0.166600
Sitatunga 0.129700 0.587800 0.041700 0.447900 0.128800 0.121600 0.115100 0.148100 0.010400 0.212300 0.132700 0.093100 0.149500 0.128600 0.145200 0.158500 0.157500 0.140300 0.147500 0.000000 0.149700 0.128500 0.185000 0.171900 0.125800 0.138900 0.138400 0.024400 0.156900 0.027700 0.202900 0.132500 0.191300 0.149900 0.156800 0.076400 0.128300 0.149100 0.155800 0.184700 0.194500 0.129600 0.269700 0.176900 0.083600 0.124200 0.177200 0.152000 0.116500 0.125500 0.086500 0.038200
Oribi 0.100400 0.614400 0.165000 0.475500 0.107400 0.100200 0.085700 0.072600 0.139100 0.211800 0.107400 0.165800 0.104200 0.080400 0.135600 0.105800 0.172800 0.172300 0.102900 0.149700 0.000000 0.107200 0.210800 0.188300 0.100400 0.062600 0.093200 0.146300 0.084200 0.157100 0.202200 0.088000 0.186200 0.104500 0.135300 0.141100 0.107100 0.111800 0.082000 0.201600 0.211800 0.069500 0.274400 0.193600 0.148500 0.086700 0.101400 0.111200 0.090800 0.148400 0.197500 0.161000
BarbaryShe 0.028500 0.638500 0.135700 0.440900 0.072300 0.028400 0.088600 0.106000 0.118100 0.196400 0.028300 0.144100 0.076600 0.090900 0.118600 0.124200 0.158500 0.149600 0.060700 0.128500 0.107200 0.000000 0.186500 0.164800 0.021300 0.088700 0.065700 0.125100 0.091200 0.120300 0.187200 0.083400 0.176000 0.069200 0.091200 0.135600 0.035400 0.099100 0.112600 0.186200 0.196000 0.095500 0.257300 0.169800 0.142900 0.081900 0.134700 0.109900 0.089600 0.142700 0.183100 0.131900
Daviddeer 0.188400 0.540600 0.192600 0.423900 0.187000 0.187900 0.168100 0.208200 0.174100 0.105900 0.195600 0.184700 0.214600 0.195300 0.237300 0.246200 0.187900 0.196600 0.216100 0.185000 0.210800 0.186500 0.000000 0.099400 0.188400 0.190400 0.202700 0.181500 0.200600 0.175800 0.105800 0.199700 0.227700 0.206200 0.240400 0.167900 0.182100 0.209900 0.214000 0.111700 0.023000 0.197300 0.145000 0.095500 0.175700 0.183600 0.230700 0.217400 0.188300 0.206000 0.255600 0.197000
Reindeer 0.166500 0.534700 0.179500 0.395300 0.165200 0.166100 0.154900 0.186100 0.161000 0.126900 0.173700 0.163400 0.188100 0.165000 0.205500 0.214700 0.166000 0.165400 0.185300 0.171900 0.188300 0.164800 0.099400 0.000000 0.166500 0.168300 0.176300 0.160000 0.178500 0.154400 0.118100 0.169300 0.197200 0.179800 0.213300 0.163400 0.152200 0.178900 0.177900 0.091000 0.099800 0.183800 0.180700 0.058700 0.162600 0.152700 0.200000 0.186200 0.157300 0.175100 0.218400 0.175300
Ibex 0.028800 0.632400 0.140900 0.445600 0.072900 0.028700 0.081800 0.099300 0.115300 0.198400 0.013600 0.141500 0.069700 0.084200 0.119700 0.109900 0.151900 0.134700 0.053800 0.125800 0.100400 0.021300 0.188400 0.166500 0.000000 0.081800 0.058800 0.122400 0.076800 0.125300 0.189100 0.076600 0.177700 0.062300 0.084400 0.132900 0.035700 0.092300 0.113700 0.188100 0.198100 0.084900 0.260000 0.171500 0.140300 0.074900 0.128200 0.103200 0.082600 0.132100 0.180700 0.137000
GyrantGaze 0.081800 0.591500 0.154200 0.440600 0.088900 0.081600 0.074800 0.054400 0.128300 0.200700 0.088900 0.155000 0.101300 0.069700 0.132800 0.095200 0.153600 0.157000 0.092200 0.138900 0.062600 0.088700 0.190400 0.168300 0.081800 0.000000 0.090200 0.135500 0.073600 0.138300 0.191200 0.069700 0.192100 0.093700 0.116500 0.138400 0.096300 0.101000 0.078800 0.190100 0.191400 0.035800 0.263100 0.173400 0.145800 0.067900 0.098500 0.104300 0.079700 0.145600 0.195200 0.142300
Hartebeest 0.066300 0.623800 0.153700 0.460500 0.088700 0.066200 0.082300 0.107800 0.127800 0.195100 0.058400 0.154400 0.010700 0.084700 0.128500 0.126200 0.169700 0.144000 0.076700 0.138400 0.093200 0.065700 0.202700 0.176300 0.058800 0.090200 0.000000 0.135000 0.100500 0.145900 0.190200 0.077100 0.187100 0.017300 0.092700 0.137700 0.073200 0.093000 0.114400 0.198200 0.203700 0.097000 0.247500 0.181500 0.145100 0.075400 0.129000 0.111800 0.079500 0.145100 0.177500 0.149800
Bongo 0.126300 0.583900 0.031200 0.444400 0.125400 0.118200 0.111600 0.136800 0.014000 0.200300 0.129300 0.082300 0.146100 0.117500 0.149800 0.171100 0.162200 0.145000 0.152000 0.024400 0.146300 0.125100 0.181500 0.160000 0.122400 0.135500 0.135000 0.000000 0.153500 0.038400 0.199400 0.121400 0.184300 0.146400 0.161500 0.072900 0.124900 0.145700 0.152300 0.181200 0.191000 0.126200 0.261500 0.173400 0.072600 0.120700 0.165900 0.148600 0.121000 0.130000 0.079100 0.020700
Gerenuk 0.084400 0.627800 0.164100 0.459400 0.114600 0.084200 0.085200 0.083300 0.146400 0.210400 0.091400 0.164900 0.111500 0.102800 0.134900 0.086400 0.155300 0.146300 0.102300 0.156900 0.084200 0.091200 0.200600 0.178500 0.076800 0.073600 0.100500 0.153500 0.000000 0.156300 0.201000 0.095200 0.176800 0.103900 0.126600 0.156500 0.098700 0.126900 0.108700 0.200300 0.197300 0.088000 0.272600 0.183700 0.164000 0.090200 0.108400 0.130000 0.098200 0.172100 0.196600 0.168300
CommonElan 0.121400 0.598100 0.048700 0.423900 0.128300 0.113400 0.122400 0.155400 0.024300 0.211400 0.132200 0.100300 0.156900 0.135900 0.160600 0.181900 0.155900 0.147800 0.146900 0.027700 0.157100 0.120300 0.175800 0.154400 0.125300 0.138300 0.145900 0.038400 0.156300 0.000000 0.202000 0.139900 0.194400 0.149200 0.164200 0.083600 0.120100 0.148600 0.163300 0.183900 0.185100 0.137000 0.268500 0.176200 0.090800 0.131700 0.176600 0.151300 0.131900 0.125000 0.101400 0.045200
MuntiacusR 0.189100 0.572900 0.210400 0.439500 0.196200 0.188600 0.177700 0.208700 0.192200 0.037500 0.196100 0.202600 0.201800 0.196000 0.228400 0.237300 0.205900 0.206100 0.199100 0.202900 0.202200 0.187200 0.105800 0.118100 0.189100 0.191200 0.190200 0.199400 0.201000 0.202000 0.000000 0.200300 0.249700 0.193600 0.236000 0.186200 0.191400 0.218900 0.209900 0.113900 0.106300 0.197700 0.088900 0.106100 0.193800 0.184400 0.230600 0.217700 0.189100 0.211000 0.255100 0.214800
HarveysDui 0.076600 0.601200 0.147500 0.457900 0.083600 0.076500 0.062100 0.072100 0.122100 0.192500 0.068600 0.132600 0.088000 0.035500 0.122600 0.112800 0.138800 0.141800 0.094400 0.132500 0.088000 0.083400 0.199700 0.169300 0.076600 0.069700 0.077100 0.121400 0.095200 0.139900 0.200300 0.000000 0.176800 0.088200 0.095200 0.131700 0.090900 0.084000 0.100800 0.190700 0.196400 0.076600 0.263200 0.174300 0.147100 0.070400 0.115700 0.094900 0.070300 0.130900 0.171000 0.135900
Pronghorn 0.177700 0.589700 0.186100 0.446300 0.184600 0.177300 0.175400 0.176600 0.180900 0.251700 0.184600 0.187300 0.198300 0.172600 0.232100 0.211700 0.173300 0.172700 0.199900 0.191300 0.186200 0.176000 0.227700 0.197200 0.177700 0.192100 0.187100 0.184300 0.176800 0.194400 0.249700 0.176800 0.000000 0.198800 0.201300 0.182900 0.180100 0.197800 0.218700 0.232000 0.237700 0.173700 0.315600 0.224000 0.186400 0.173000 0.209600 0.205100 0.177500 0.173800 0.232600 0.194800
BlueWildeb 0.069800 0.642500 0.161200 0.475600 0.092200 0.069700 0.093600 0.107300 0.139300 0.198500 0.061800 0.165900 0.027500 0.095900 0.136000 0.129700 0.169000 0.155800 0.080100 0.149900 0.104500 0.069200 0.206200 0.179800 0.062300 0.093700 0.017300 0.146400 0.103900 0.149200 0.193600 0.088200 0.198800 0.000000 0.100100 0.145300 0.076600 0.104200 0.126000 0.201700 0.207200 0.108300 0.241800 0.185000 0.152700 0.086800 0.140200 0.123100 0.090900 0.148600 0.181000 0.161200
Gemsbok 0.092100 0.647500 0.163800 0.493800 0.114500 0.091900 0.100700 0.125800 0.146300 0.241100 0.083900 0.180900 0.096000 0.110500 0.122900 0.136400 0.171400 0.162500 0.102200 0.156800 0.135300 0.091200 0.240400 0.213300 0.084400 0.116500 0.092700 0.161500 0.126600 0.164200 0.236000 0.095200 0.201300 0.100100 0.000000 0.164500 0.106400 0.115100 0.141100 0.235800 0.241700 0.131200 0.305500 0.218800 0.180300 0.101900 0.155100 0.122200 0.110100 0.163600 0.205200 0.176300
Yak 0.136900 0.558900 0.083500 0.444300 0.135900 0.128500 0.129900 0.147600 0.065800 0.195600 0.140000 0.053900 0.149000 0.127700 0.144600 0.183000 0.148900 0.131500 0.163200 0.076400 0.141100 0.135600 0.167900 0.163400 0.132900 0.138400 0.137700 0.072900 0.156500 0.083600 0.186200 0.131700 0.182900 0.145300 0.164500 0.000000 0.135400 0.152900 0.155600 0.176400 0.177400 0.120700 0.257600 0.168500 0.021600 0.123300 0.177200 0.151700 0.131300 0.124600 0.144300 0.087400
BlueSheep 0.043000 0.646100 0.135500 0.424200 0.079700 0.041200 0.088500 0.113600 0.117900 0.200700 0.042700 0.136100 0.084000 0.090800 0.110600 0.131900 0.162600 0.153700 0.060300 0.128300 0.107100 0.035400 0.182100 0.152200 0.035700 0.096300 0.073200 0.124900 0.098700 0.120100 0.191400 0.090900 0.180100 0.076600 0.106400 0.135400 0.000000 0.091400 0.120400 0.190400 0.191600 0.103100 0.261900 0.174000 0.142700 0.089500 0.119300 0.102100 0.097200 0.150600 0.182800 0.131700
BohorReedb 0.092300 0.619800 0.156300 0.466600 0.028500 0.092100 0.085400 0.118400 0.138600 0.228700 0.099400 0.169200 0.104000 0.084000 0.143300 0.140900 0.172000 0.154800 0.110200 0.149100 0.111800 0.099100 0.209900 0.178900 0.092300 0.101000 0.093000 0.145700 0.126900 0.148600 0.218900 0.084000 0.197800 0.104200 0.115100 0.152900 0.091400 0.000000 0.125300 0.218300 0.210900 0.107900 0.292300 0.201500 0.164300 0.094200 0.139700 0.122400 0.090400 0.147800 0.205400 0.160400
KirksDik 0.113700 0.600800 0.171300 0.477000 0.112800 0.113400 0.090700 0.088300 0.145100 0.228700 0.120800 0.164000 0.117600 0.100900 0.149800 0.122000 0.187900 0.187800 0.123900 0.155800 0.082000 0.112600 0.214000 0.177900 0.113700 0.078800 0.114400 0.152300 0.108700 0.163300 0.209900 0.100800 0.218700 0.126000 0.141100 0.155600 0.120400 0.125300 0.000000 0.218100 0.215100 0.093600 0.288800 0.192000 0.163200 0.099800 0.133800 0.136600 0.104100 0.162900 0.213600 0.167300
RoeDeer 0.188000 0.539600 0.200900 0.440400 0.195200 0.187600 0.176400 0.207900 0.173800 0.122600 0.195300 0.184600 0.210100 0.195000 0.218900 0.236900 0.178900 0.169700 0.207000 0.184700 0.201600 0.186200 0.111700 0.091000 0.188100 0.190100 0.198200 0.181200 0.200300 0.183900 0.113900 0.190700 0.232000 0.201700 0.235800 0.176400 0.190400 0.218300 0.218100 0.000000 0.107900 0.205700 0.180700 0.070800 0.184200 0.174500 0.248100 0.217000 0.179200 0.205700 0.246000 0.196600
WhiteLippe 0.198000 0.550100 0.202200 0.437200 0.196600 0.197500 0.168900 0.209300 0.183500 0.102400 0.205300 0.190000 0.215600 0.196200 0.238400 0.243100 0.193300 0.197600 0.217100 0.194500 0.211800 0.196000 0.023000 0.099800 0.198100 0.191400 0.203700 0.191000 0.197300 0.185100 0.106300 0.196400 0.237700 0.207200 0.241700 0.177400 0.191600 0.210900 0.215100 0.107900 0.000000 0.207100 0.145700 0.095900 0.185200 0.184200 0.227600 0.209200 0.189200 0.202700 0.256900 0.206600
ThomsonGaz 0.088700 0.597500 0.144700 0.435300 0.095800 0.088600 0.081800 0.076200 0.119100 0.207200 0.092000 0.145400 0.108100 0.076600 0.139500 0.101900 0.160300 0.155500 0.106700 0.129600 0.069500 0.095500 0.197300 0.183800 0.084900 0.035800 0.097000 0.126200 0.088000 0.137000 0.197700 0.076600 0.173700 0.108300 0.131200 0.120700 0.103100 0.107900 0.093600 0.205700 0.207100 0.000000 0.269500 0.189000 0.128100 0.090500 0.112700 0.126800 0.086800 0.136000 0.184500 0.140800
MuntiacusC 0.260000 0.613600 0.291200 0.488400 0.267400 0.259400 0.248200 0.271600 0.263100 0.081000 0.267200 0.259000 0.259600 0.257800 0.302900 0.301900 0.278200 0.279900 0.279400 0.269700 0.274400 0.257300 0.145000 0.180700 0.260000 0.263100 0.247500 0.261500 0.272600 0.268500 0.088900 0.263200 0.315600 0.241800 0.305500 0.257600 0.261900 0.292300 0.288800 0.180700 0.145700 0.269500 0.000000 0.172700 0.265400 0.256500 0.294000 0.290700 0.261500 0.269800 0.204200 0.273000
WhiteTaile 0.171500 0.560000 0.193100 0.449300 0.178700 0.171100 0.159900 0.191300 0.166000 0.114800 0.178800 0.176800 0.193300 0.178500 0.202100 0.211300 0.154100 0.161900 0.190500 0.176900 0.193600 0.169800 0.095500 0.058700 0.171500 0.173400 0.181500 0.173400 0.183700 0.176200 0.106100 0.174300 0.224000 0.185000 0.218800 0.168500 0.174000 0.201500 0.192000 0.070800 0.095900 0.189000 0.172700 0.000000 0.167700 0.157800 0.231300 0.200300 0.162400 0.180300 0.228800 0.188900
Cattle 0.144300 0.554600 0.090600 0.452700 0.143300 0.135900 0.137300 0.154900 0.073000 0.203300 0.147300 0.068400 0.156400 0.143100 0.160200 0.182200 0.148200 0.139100 0.170600 0.083600 0.148500 0.142900 0.175700 0.162600 0.140300 0.145800 0.145100 0.072600 0.164000 0.090800 0.193800 0.147100 0.186400 0.152700 0.180300 0.021600 0.142700 0.164300 0.163200 0.184200 0.185200 0.128100 0.265400 0.167700 0.000000 0.130800 0.176400 0.159100 0.139000 0.124000 0.151800 0.094500
RoyalAntel 0.074900 0.588500 0.139500 0.443400 0.089800 0.074700 0.075500 0.085700 0.113500 0.189800 0.082100 0.128300 0.086600 0.078100 0.102000 0.104300 0.138700 0.137600 0.093100 0.124200 0.086700 0.081900 0.183600 0.152700 0.074900 0.067900 0.075400 0.120700 0.090200 0.131700 0.184400 0.070400 0.173000 0.086800 0.101900 0.123300 0.089500 0.094200 0.099800 0.174500 0.184200 0.090500 0.256500 0.157800 0.130800 0.000000 0.107200 0.089700 0.056900 0.130600 0.171500 0.135600
Steenbok 0.128200 0.649100 0.184300 0.444200 0.142900 0.127900 0.113800 0.115500 0.166900 0.231400 0.135100 0.193300 0.132000 0.115700 0.155600 0.129700 0.192300 0.209100 0.130400 0.177200 0.101400 0.134700 0.230700 0.200000 0.128200 0.098500 0.129000 0.165900 0.108400 0.176600 0.230600 0.115700 0.209600 0.140200 0.155100 0.177200 0.119300 0.139700 0.133800 0.248100 0.227600 0.112700 0.294000 0.231300 0.176400 0.107200 0.000000 0.131100 0.127100 0.184400 0.225500 0.180400
Impala 0.103200 0.631700 0.167200 0.447200 0.118000 0.103000 0.104100 0.121600 0.141600 0.223200 0.094900 0.168000 0.122800 0.106300 0.118700 0.155700 0.175500 0.170600 0.113300 0.152000 0.111200 0.109900 0.217400 0.186200 0.103200 0.104300 0.111800 0.148600 0.130000 0.151300 0.217700 0.094900 0.205100 0.123100 0.122200 0.151700 0.102100 0.122400 0.136600 0.217000 0.209200 0.126800 0.290700 0.200300 0.159100 0.089700 0.131100 0.000000 0.097700 0.146900 0.199800 0.163300
Klipspring 0.082600 0.591000 0.139800 0.456700 0.086100 0.082400 0.075500 0.097600 0.113700 0.198700 0.089800 0.140200 0.090700 0.074400 0.118300 0.116300 0.143000 0.133600 0.100800 0.116500 0.090800 0.089600 0.188300 0.157300 0.082600 0.079700 0.079500 0.121000 0.098200 0.131900 0.189100 0.070300 0.177500 0.090900 0.110100 0.131300 0.097200 0.090400 0.104100 0.179200 0.189200 0.086800 0.261500 0.162400 0.139000 0.056900 0.127100 0.097700 0.000000 0.126800 0.171800 0.135800
ForestMusk 0.144100 0.589100 0.148500 0.457900 0.143100 0.143800 0.129100 0.154900 0.115000 0.210400 0.139100 0.141200 0.156300 0.134900 0.176600 0.165500 0.136000 0.134800 0.146200 0.125500 0.148400 0.142700 0.206000 0.175100 0.132100 0.145600 0.145100 0.130000 0.172100 0.125000 0.211000 0.130900 0.173800 0.148600 0.163600 0.124600 0.150600 0.147800 0.162900 0.205700 0.202700 0.136000 0.269800 0.180300 0.124000 0.130600 0.184400 0.146900 0.126800 0.000000 0.167800 0.144600
Bushbuck 0.184900 0.636100 0.104800 0.484300 0.191900 0.184500 0.169600 0.195600 0.079700 0.256300 0.187700 0.144500 0.188900 0.174900 0.192900 0.206300 0.206100 0.197400 0.194800 0.086500 0.197500 0.183100 0.255600 0.218400 0.180700 0.195200 0.177500 0.079100 0.196600 0.101400 0.255100 0.171000 0.232600 0.181000 0.205200 0.144300 0.182800 0.205400 0.213600 0.246000 0.256900 0.184500 0.204200 0.228800 0.151800 0.171500 0.225500 0.199800 0.171800 0.167800 0.000000 0.089700
GreaterKud 0.133100 0.604300 0.045000 0.429500 0.139900 0.125000 0.126300 0.151400 0.027900 0.215700 0.143900 0.089100 0.160800 0.124200 0.164500 0.185800 0.177000 0.151700 0.166600 0.038200 0.161000 0.131900 0.197000 0.175300 0.137000 0.142300 0.149800 0.020700 0.168300 0.045200 0.214800 0.135900 0.194800 0.161200 0.176300 0.087400 0.131700 0.160400 0.167300 0.196600 0.206600 0.140800 0.273000 0.188900 0.094500 0.135600 0.180400 0.163300 0.135800 0.144600 0.089700 0.000000
