1
52 1
Argali 0.000000 0.457700 0.123300 0.513500 0.136700 0.033300 0.229200 0.206100 0.122600 0.238700 0.055700 0.158700 0.117200 0.166600 0.159900 0.192400 0.261700 0.205500 0.100600 0.122600 0.167100 0.064300 0.222700 0.187100 0.055700 0.206300 0.140600 0.122600 0.162800 0.158500 0.228300 0.166200 0.334700 0.140700 0.111600 0.135700 0.101000 0.148500 0.142600 0.230800 0.229400 0.206800 0.256300 0.228400 0.189400 0.198600 0.208900 0.099500 0.136100 0.173400 0.133900 0.122600
LesserMous 0.457700 0.000000 0.301100 0.325100 0.464700 0.497000 0.480500 0.480700 0.298500 0.329100 0.397400 0.358400 0.416200 0.397800 0.452500 0.499800 0.349800 0.290100 0.355800 0.298500 0.448700 0.431300 0.333500 0.338200 0.397400 0.538400 0.380300 0.298500 0.484000 0.312400 0.321100 0.415000 0.467100 0.396200 0.342600 0.360100 0.363000 0.444600 0.466900 0.388700 0.372800 0.501500 0.293400 0.381500 0.381100 0.362200 0.526500 0.331900 0.347700 0.379100 0.284100 0.298500
LesserKudu 0.123300 0.301100 0.000000 0.366800 0.108200 0.161800 0.123300 0.179500 0.000100 0.116600 0.063200 0.051000 0.083600 0.074300 0.117800 0.144800 0.162400 0.123600 0.062000 0.000100 0.120200 0.085800 0.127700 0.095400 0.063200 0.182000 0.082700 0.000100 0.143600 0.030200 0.106900 0.085300 0.210700 0.082800 0.072300 0.040900 0.062400 0.118800 0.109200 0.131300 0.131000 0.207600 0.130000 0.129400 0.062800 0.127900 0.170400 0.060000 0.072700 0.083800 0.009900 0.000100
KillerWhal 0.513500 0.325100 0.366800 0.000000 0.443900 0.573500 0.577100 0.484200 0.363500 0.368200 0.432300 0.380400 0.405100 0.486100 0.436000 0.537700 0.312900 0.285200 0.421900 0.363500 0.480900 0.432300 0.343000 0.344600 0.432300 0.534300 0.371500 0.363500 0.500600 0.348400 0.361300 0.451700 0.383700 0.386700 0.348600 0.395500 0.432300 0.426000 0.539100 0.392400 0.380100 0.532600 0.332900 0.387800 0.419000 0.383900 0.489500 0.407300 0.384800 0.370000 0.348800 0.363500
DefassaWat 0.136700 0.464700 0.108200 0.443900 0.000000 0.178700 0.180100 0.212300 0.107500 0.167500 0.088200 0.166700 0.109300 0.124200 0.158000 0.150600 0.267600 0.221500 0.080300 0.107500 0.174600 0.088300 0.203300 0.168900 0.088200 0.163800 0.107800 0.107500 0.137100 0.118500 0.157500 0.135700 0.285700 0.107900 0.096800 0.156200 0.109600 0.010500 0.163000 0.210400 0.209300 0.189700 0.182400 0.208200 0.182900 0.205200 0.189800 0.108200 0.143900 0.155800 0.118400 0.107500
Sheep 0.033300 0.497000 0.161800 0.573500 0.178700 0.000000 0.248300 0.251300 0.160800 0.283800 0.092000 0.198800 0.156200 0.182500 0.202600 0.238000 0.308200 0.247100 0.138600 0.160800 0.210600 0.100800 0.265900 0.229200 0.092000 0.253700 0.180000 0.160800 0.206000 0.185000 0.273200 0.208900 0.388700 0.180200 0.149500 0.175000 0.138900 0.190600 0.158500 0.276500 0.274400 0.254300 0.302800 0.274100 0.232600 0.241500 0.255400 0.137700 0.175400 0.200800 0.172500 0.160800
MaxwellsDu 0.229200 0.480500 0.123300 0.577100 0.180100 0.248300 0.000000 0.247200 0.122500 0.210200 0.152800 0.158800 0.174500 0.067300 0.216800 0.208600 0.321500 0.270500 0.124900 0.122500 0.193500 0.180100 0.247900 0.212100 0.152800 0.223000 0.172000 0.122500 0.206400 0.158400 0.199800 0.078600 0.379300 0.172100 0.160200 0.173700 0.150000 0.191700 0.129300 0.258000 0.255800 0.266900 0.226500 0.255700 0.202300 0.197400 0.237900 0.135200 0.135300 0.197900 0.133800 0.122500
GazellaPrz 0.206100 0.480700 0.179500 0.484200 0.212300 0.251300 0.247200 0.000000 0.178200 0.230300 0.135600 0.216000 0.144800 0.225200 0.196400 0.149100 0.269700 0.236100 0.181000 0.178200 0.099600 0.161100 0.190200 0.181300 0.135600 0.149300 0.143000 0.178200 0.099400 0.215000 0.220400 0.225400 0.363600 0.119500 0.119900 0.205400 0.182200 0.223700 0.136600 0.250300 0.170300 0.149100 0.246700 0.221300 0.196500 0.205700 0.149500 0.156200 0.168500 0.177800 0.189700 0.178200
MountainNy 0.122600 0.298500 0.000100 0.363500 0.107500 0.160800 0.122500 0.178200 0.000000 0.116000 0.062900 0.050700 0.083100 0.073900 0.117000 0.143800 0.161400 0.123400 0.061700 0.000000 0.119400 0.085200 0.126800 0.094700 0.062900 0.180700 0.082200 0.000000 0.142600 0.029900 0.106200 0.084700 0.209200 0.082300 0.071800 0.040600 0.062000 0.118100 0.108500 0.130400 0.130000 0.206000 0.129100 0.128200 0.062400 0.127100 0.169100 0.059900 0.072200 0.083200 0.009800 0.000000
MuntiacusM 0.238700 0.329100 0.116600 0.368200 0.167500 0.283800 0.210200 0.230300 0.116000 0.000000 0.166800 0.150400 0.164000 0.179600 0.213700 0.233700 0.212900 0.182200 0.163800 0.116000 0.231700 0.193200 0.070400 0.040100 0.166800 0.247200 0.162000 0.116000 0.206100 0.127000 0.009900 0.191700 0.206000 0.162100 0.127500 0.163600 0.164700 0.178400 0.220000 0.094200 0.072200 0.246700 0.030100 0.068200 0.190200 0.187000 0.182100 0.138500 0.175600 0.112700 0.126900 0.116000
goat 0.055700 0.397400 0.063200 0.432300 0.088200 0.092000 0.152800 0.135600 0.062900 0.166800 0.000000 0.095700 0.071500 0.099800 0.098400 0.121900 0.190600 0.149700 0.042000 0.062900 0.100300 0.021300 0.153600 0.120500 0.000000 0.134000 0.069700 0.062900 0.095900 0.095700 0.156900 0.099600 0.271700 0.069800 0.052500 0.085600 0.042200 0.099000 0.089500 0.158500 0.158000 0.159200 0.181700 0.156300 0.121800 0.131300 0.125900 0.038300 0.074600 0.108400 0.073400 0.062900
AfricanBuf 0.158700 0.358400 0.051000 0.380400 0.166700 0.198800 0.158800 0.216000 0.050700 0.150400 0.095700 0.000000 0.114900 0.107300 0.176000 0.206000 0.197700 0.157100 0.093900 0.050700 0.154700 0.119100 0.138300 0.105900 0.095700 0.218900 0.113500 0.050700 0.178800 0.082300 0.140900 0.107200 0.222200 0.113600 0.104300 0.072200 0.117200 0.177600 0.168000 0.117700 0.141800 0.245400 0.165000 0.139800 0.106600 0.138500 0.181200 0.080300 0.105000 0.094000 0.060900 0.050700
Topi 0.117200 0.416200 0.083600 0.405100 0.109300 0.156200 0.174500 0.144800 0.083100 0.164000 0.071500 0.114900 0.000000 0.120700 0.129700 0.145700 0.194500 0.156300 0.090400 0.083100 0.128500 0.093500 0.151100 0.118400 0.071500 0.158000 0.020000 0.083100 0.086200 0.093800 0.154300 0.120600 0.235700 0.020000 0.030500 0.106000 0.116400 0.120000 0.122100 0.153900 0.155200 0.183000 0.178900 0.153000 0.142600 0.128900 0.123100 0.070600 0.078900 0.106400 0.093700 0.083100
CommonDuik 0.166600 0.397800 0.074300 0.486100 0.124200 0.182500 0.067300 0.225200 0.073900 0.179600 0.099800 0.107300 0.120700 0.000000 0.158100 0.162900 0.255700 0.210900 0.075200 0.073900 0.161500 0.124500 0.216100 0.181300 0.099800 0.202400 0.119100 0.073900 0.161300 0.107100 0.169700 0.053600 0.302600 0.119200 0.108100 0.120200 0.098200 0.135200 0.100900 0.223700 0.222300 0.229500 0.195100 0.222000 0.145700 0.142600 0.202700 0.084100 0.085400 0.167900 0.084500 0.073900
Suni 0.159900 0.452500 0.117800 0.436000 0.158000 0.202600 0.216800 0.196400 0.117000 0.213700 0.098400 0.176000 0.129700 0.158100 0.000000 0.135500 0.249600 0.207900 0.142500 0.117000 0.159100 0.122400 0.200100 0.190900 0.098400 0.136100 0.139800 0.117000 0.158800 0.151100 0.203900 0.145500 0.351200 0.139900 0.129700 0.141900 0.119400 0.168900 0.110600 0.206800 0.205500 0.160800 0.217100 0.231200 0.168300 0.189600 0.198400 0.128600 0.153800 0.177300 0.105300 0.117000
Springbuck 0.192400 0.499800 0.144800 0.537700 0.150600 0.238000 0.208600 0.149100 0.143800 0.233700 0.121900 0.206000 0.145700 0.162900 0.135500 0.000000 0.268800 0.249100 0.142600 0.143800 0.122400 0.147300 0.271900 0.235900 0.121900 0.113800 0.143700 0.143800 0.064900 0.179700 0.223600 0.175400 0.384000 0.143800 0.157500 0.195400 0.143800 0.161800 0.113800 0.282000 0.252200 0.138400 0.250300 0.280100 0.224600 0.247800 0.164200 0.146200 0.155400 0.232100 0.155100 0.143800
Okapi 0.261700 0.349800 0.162400 0.312900 0.267600 0.308200 0.321500 0.269700 0.161400 0.212900 0.190600 0.197700 0.194500 0.255700 0.249600 0.268800 0.000000 0.090300 0.208500 0.161400 0.230100 0.215200 0.187200 0.165200 0.190600 0.326400 0.192100 0.161400 0.253500 0.197100 0.203100 0.255700 0.213400 0.180100 0.174000 0.186700 0.213600 0.279800 0.272200 0.201800 0.192000 0.356700 0.216100 0.201900 0.215000 0.224500 0.260800 0.196900 0.199300 0.175500 0.172700 0.161400
Giraffe 0.205500 0.290100 0.123600 0.285200 0.221500 0.247100 0.270500 0.236100 0.123400 0.182200 0.149700 0.157100 0.156300 0.210900 0.207900 0.249100 0.090300 0.000000 0.167300 0.123400 0.210800 0.172400 0.135000 0.137100 0.149700 0.275300 0.154500 0.123400 0.208200 0.157400 0.172600 0.210700 0.173100 0.143000 0.134300 0.146500 0.171800 0.233400 0.224700 0.146600 0.162000 0.303200 0.173000 0.171300 0.172600 0.182500 0.240000 0.157900 0.158600 0.135500 0.112100 0.123400
TibetanAnt 0.100600 0.355800 0.062000 0.421900 0.080300 0.138600 0.124900 0.181000 0.061700 0.163800 0.042000 0.093900 0.090400 0.075200 0.142500 0.142600 0.208500 0.167300 0.000000 0.061700 0.121300 0.058600 0.174800 0.141400 0.042000 0.154700 0.088700 0.061700 0.116600 0.094000 0.154300 0.075000 0.247500 0.088800 0.072700 0.083800 0.062900 0.091600 0.134200 0.179900 0.179500 0.180000 0.179000 0.179900 0.119200 0.105900 0.159400 0.059100 0.073100 0.129000 0.072100 0.061700
Sitatunga 0.122600 0.298500 0.000100 0.363500 0.107500 0.160800 0.122500 0.178200 0.000000 0.116000 0.062900 0.050700 0.083100 0.073900 0.117000 0.143800 0.161400 0.123400 0.061700 0.000000 0.119400 0.085200 0.126800 0.094700 0.062900 0.180700 0.082200 0.000000 0.142600 0.029900 0.106200 0.084700 0.209200 0.082300 0.071800 0.040600 0.062000 0.118100 0.108500 0.130400 0.130000 0.206000 0.129100 0.128200 0.062400 0.127100 0.169100 0.059900 0.072200 0.083200 0.009800 0.000000
Oribi 0.167100 0.448700 0.120200 0.480900 0.174600 0.210600 0.193500 0.099600 0.119400 0.231700 0.100300 0.154700 0.128500 0.161500 0.159100 0.122400 0.230100 0.210800 0.121300 0.119400 0.000000 0.124700 0.216300 0.182000 0.100300 0.121900 0.126300 0.119400 0.072600 0.154300 0.221600 0.161400 0.318700 0.126400 0.108800 0.144400 0.122100 0.185900 0.101100 0.224100 0.196600 0.146700 0.248100 0.221800 0.184200 0.168500 0.089700 0.119900 0.109300 0.177600 0.130400 0.119400
BarbaryShe 0.064300 0.431300 0.085800 0.432300 0.088300 0.100800 0.180100 0.161100 0.085200 0.193200 0.021300 0.119100 0.093500 0.124500 0.122400 0.147300 0.215200 0.172400 0.058600 0.085200 0.124700 0.000000 0.179000 0.145200 0.021300 0.159900 0.091700 0.085200 0.120200 0.119000 0.183200 0.124200 0.284400 0.091800 0.074700 0.108900 0.064400 0.099200 0.113800 0.184800 0.184200 0.186500 0.209200 0.182500 0.146600 0.156000 0.162800 0.061200 0.097600 0.132400 0.096000 0.085200
Daviddeer 0.222700 0.333500 0.127700 0.343000 0.203300 0.265900 0.247900 0.190200 0.126800 0.070400 0.153600 0.138300 0.151100 0.216100 0.200100 0.271900 0.187200 0.135000 0.174800 0.126800 0.216300 0.179000 0.000000 0.029900 0.153600 0.257500 0.149700 0.126800 0.216600 0.161300 0.061000 0.216200 0.192400 0.126700 0.115700 0.150900 0.176300 0.214600 0.230900 0.061500 0.049400 0.257100 0.081000 0.058000 0.165000 0.150800 0.205900 0.149900 0.163000 0.061300 0.115300 0.126800
Reindeer 0.187100 0.338200 0.095400 0.344600 0.168900 0.229200 0.212100 0.181300 0.094700 0.040100 0.120500 0.105900 0.118400 0.181300 0.190900 0.235900 0.165200 0.137100 0.141400 0.094700 0.182000 0.145200 0.029900 0.000000 0.120500 0.222000 0.117100 0.094700 0.181900 0.128300 0.030400 0.181300 0.170000 0.117200 0.083900 0.118100 0.142700 0.180000 0.196200 0.051700 0.030600 0.221600 0.051300 0.026200 0.155700 0.141100 0.171400 0.117400 0.129800 0.051600 0.105500 0.094700
Ibex 0.055700 0.397400 0.063200 0.432300 0.088200 0.092000 0.152800 0.135600 0.062900 0.166800 0.000000 0.095700 0.071500 0.099800 0.098400 0.121900 0.190600 0.149700 0.042000 0.062900 0.100300 0.021300 0.153600 0.120500 0.000000 0.134000 0.069700 0.062900 0.095900 0.095700 0.156900 0.099600 0.271700 0.069800 0.052500 0.085600 0.042200 0.099000 0.089500 0.158500 0.158000 0.159200 0.181700 0.156300 0.121800 0.131300 0.125900 0.038300 0.074600 0.108400 0.073400 0.062900
GyrantGaze 0.206300 0.538400 0.182000 0.534300 0.163800 0.253700 0.223000 0.149300 0.180700 0.247200 0.134000 0.218900 0.158000 0.202400 0.136100 0.113800 0.326400 0.275300 0.154700 0.180700 0.121900 0.159900 0.257500 0.222000 0.134000 0.000000 0.132000 0.180700 0.088700 0.218000 0.236900 0.175700 0.383700 0.155800 0.169900 0.183200 0.181800 0.149900 0.139100 0.267100 0.237700 0.044000 0.236700 0.265800 0.225800 0.233700 0.164600 0.158300 0.192900 0.217600 0.192200 0.180700
Hartebeest 0.140600 0.380300 0.082700 0.371500 0.107800 0.180000 0.172000 0.143000 0.082200 0.162000 0.069700 0.113500 0.020000 0.119100 0.139800 0.143700 0.192100 0.154500 0.088700 0.082200 0.126300 0.091700 0.149700 0.117100 0.069700 0.132000 0.000000 0.082200 0.085000 0.092800 0.152500 0.119100 0.260300 0.019700 0.030200 0.104700 0.114600 0.095800 0.132500 0.152000 0.153600 0.156000 0.152900 0.151000 0.140800 0.127600 0.121400 0.069500 0.077200 0.105300 0.092700 0.082200
Bongo 0.122600 0.298500 0.000100 0.363500 0.107500 0.160800 0.122500 0.178200 0.000000 0.116000 0.062900 0.050700 0.083100 0.073900 0.117000 0.143800 0.161400 0.123400 0.061700 0.000000 0.119400 0.085200 0.126800 0.094700 0.062900 0.180700 0.082200 0.000000 0.142600 0.029900 0.106200 0.084700 0.209200 0.082300 0.071800 0.040600 0.062000 0.118100 0.108500 0.130400 0.130000 0.206000 0.129100 0.128200 0.062400 0.127100 0.169100 0.059900 0.072200 0.083200 0.009800 0.000000
Gerenuk 0.162800 0.484000 0.143600 0.500600 0.137100 0.206000 0.206400 0.099400 0.142600 0.206100 0.095900 0.178800 0.086200 0.161300 0.158800 0.064900 0.253500 0.208200 0.116600 0.142600 0.072600 0.120200 0.216600 0.181900 0.095900 0.088700 0.085000 0.142600 0.000000 0.166300 0.196100 0.161100 0.332900 0.085100 0.097300 0.168200 0.142300 0.148200 0.112500 0.224100 0.196700 0.112200 0.221900 0.222200 0.209300 0.193200 0.101100 0.120300 0.127900 0.178100 0.153900 0.142600
CommonElan 0.158500 0.312400 0.030200 0.348400 0.118500 0.185000 0.158400 0.215000 0.029900 0.127000 0.095700 0.082300 0.093800 0.107100 0.151100 0.179700 0.197100 0.157400 0.094000 0.029900 0.154300 0.119000 0.161300 0.128300 0.095700 0.218000 0.092800 0.029900 0.166300 0.000000 0.117200 0.118300 0.248800 0.092900 0.082300 0.072100 0.094500 0.129200 0.143100 0.165800 0.165400 0.244200 0.140500 0.163900 0.094900 0.161400 0.180800 0.070700 0.104700 0.093900 0.039900 0.029900
MuntiacusR 0.228300 0.321100 0.106900 0.361300 0.157500 0.273200 0.199800 0.220400 0.106200 0.009900 0.156900 0.140900 0.154300 0.169700 0.203900 0.223600 0.203100 0.172600 0.154300 0.106200 0.221600 0.183200 0.061000 0.030400 0.156900 0.236900 0.152500 0.106200 0.196100 0.117200 0.000000 0.181800 0.196300 0.152600 0.117900 0.154000 0.155000 0.168600 0.209700 0.084500 0.062500 0.236400 0.020200 0.058300 0.180500 0.177400 0.197600 0.128800 0.166100 0.103200 0.117100 0.106200
HarveysDui 0.166200 0.415000 0.085300 0.451700 0.135700 0.208900 0.078600 0.225400 0.084700 0.191700 0.099600 0.107200 0.120600 0.053600 0.145500 0.175400 0.255700 0.210700 0.075000 0.084700 0.161400 0.124200 0.216200 0.181300 0.099600 0.175700 0.119100 0.084700 0.161100 0.118300 0.181800 0.000000 0.301800 0.119200 0.108100 0.120000 0.109500 0.146700 0.136700 0.223400 0.222200 0.201900 0.207400 0.222100 0.132600 0.119000 0.202500 0.084100 0.085400 0.167800 0.095500 0.084700
Pronghorn 0.334700 0.467100 0.210700 0.383700 0.285700 0.388700 0.379300 0.363600 0.209200 0.206000 0.271700 0.222200 0.235700 0.302600 0.351200 0.384000 0.213400 0.173100 0.247500 0.209200 0.318700 0.284400 0.192400 0.170000 0.271700 0.383700 0.260300 0.209200 0.332900 0.248800 0.196300 0.301800 0.000000 0.247100 0.249700 0.238000 0.268900 0.297800 0.351000 0.208700 0.184600 0.384500 0.196200 0.183300 0.270400 0.250700 0.332100 0.277800 0.251400 0.222000 0.221500 0.209200
BlueWildeb 0.140700 0.396200 0.082800 0.386700 0.107900 0.180200 0.172100 0.119500 0.082300 0.162100 0.069800 0.113600 0.020000 0.119200 0.139900 0.143800 0.180100 0.143000 0.088800 0.082300 0.126400 0.091800 0.126700 0.117200 0.069800 0.155800 0.019700 0.082300 0.085100 0.092900 0.152600 0.119200 0.247100 0.000000 0.030200 0.104800 0.114600 0.118400 0.132600 0.152200 0.130000 0.180400 0.177000 0.151100 0.117700 0.105000 0.121500 0.069600 0.077300 0.083300 0.092800 0.082300
Gemsbok 0.111600 0.342600 0.072300 0.348600 0.096800 0.149500 0.160200 0.119900 0.071800 0.127500 0.052500 0.104300 0.030500 0.108100 0.129700 0.157500 0.174000 0.134300 0.072700 0.071800 0.108800 0.074700 0.115700 0.083900 0.052500 0.169900 0.030200 0.071800 0.097300 0.082300 0.117900 0.108100 0.249700 0.030200 0.000000 0.094200 0.095300 0.107300 0.121300 0.142400 0.118700 0.169600 0.141200 0.116400 0.129900 0.116800 0.110300 0.048500 0.062000 0.094600 0.082200 0.071800
Yak 0.135700 0.360100 0.040900 0.395500 0.156200 0.175000 0.173700 0.205400 0.040600 0.163600 0.085600 0.072200 0.106000 0.120200 0.141900 0.195400 0.186700 0.146500 0.083800 0.040600 0.144400 0.108900 0.150900 0.118100 0.085600 0.183200 0.104700 0.040600 0.168200 0.072100 0.154000 0.120000 0.238000 0.104800 0.094200 0.000000 0.107000 0.167000 0.157700 0.155400 0.154900 0.209000 0.178500 0.153400 0.052300 0.151500 0.196300 0.082300 0.094700 0.106000 0.050900 0.040600
BlueSheep 0.101000 0.363000 0.062400 0.432300 0.109600 0.138900 0.150000 0.182200 0.062000 0.164700 0.042200 0.117200 0.116400 0.098200 0.119400 0.143800 0.213600 0.171800 0.062900 0.062000 0.122100 0.064400 0.176300 0.142700 0.042200 0.181800 0.114600 0.062000 0.142300 0.094500 0.155000 0.109500 0.268900 0.114600 0.095300 0.107000 0.000000 0.120400 0.110900 0.181600 0.181200 0.207800 0.179800 0.179300 0.131600 0.129900 0.173200 0.082700 0.095800 0.153500 0.072500 0.062000
BohorReedb 0.148500 0.444600 0.118800 0.426000 0.010500 0.190600 0.191700 0.223700 0.118100 0.178400 0.099000 0.177600 0.120000 0.135200 0.168900 0.161800 0.279800 0.233400 0.091600 0.118100 0.185900 0.099200 0.214600 0.180000 0.099000 0.149900 0.095800 0.118100 0.148200 0.129200 0.168600 0.146700 0.297800 0.118400 0.107300 0.167000 0.120400 0.000000 0.174200 0.222100 0.220800 0.175200 0.169000 0.219900 0.194000 0.216400 0.201200 0.118900 0.154800 0.166800 0.129100 0.118100
KirksDik 0.142600 0.466900 0.109200 0.539100 0.163000 0.158500 0.129300 0.136600 0.108500 0.220000 0.089500 0.168000 0.122100 0.100900 0.110600 0.113800 0.272200 0.224700 0.134200 0.108500 0.101100 0.113800 0.230900 0.196200 0.089500 0.139100 0.132500 0.108500 0.112500 0.143100 0.209700 0.136700 0.351000 0.132600 0.121300 0.157700 0.110900 0.174200 0.000000 0.239800 0.211200 0.164500 0.235900 0.238100 0.185300 0.181200 0.126800 0.109000 0.121000 0.191600 0.119400 0.108500
RoeDeer 0.230800 0.388700 0.131300 0.392400 0.210400 0.276500 0.258000 0.250300 0.130400 0.094200 0.158500 0.117700 0.153900 0.223700 0.206800 0.282000 0.201800 0.146600 0.179900 0.130400 0.224100 0.184800 0.061500 0.051700 0.158500 0.267100 0.152000 0.130400 0.224100 0.165800 0.084500 0.223400 0.208700 0.152200 0.142400 0.155400 0.181600 0.222100 0.239800 0.000000 0.085000 0.295900 0.106800 0.082400 0.195600 0.179400 0.213100 0.155600 0.167600 0.085000 0.118500 0.130400
WhiteLippe 0.229400 0.372800 0.131000 0.380100 0.209300 0.274400 0.255800 0.170300 0.130000 0.072200 0.158000 0.141800 0.155200 0.222300 0.205500 0.252200 0.192000 0.162000 0.179500 0.130000 0.196600 0.184200 0.049400 0.030600 0.158000 0.237700 0.153600 0.130000 0.196700 0.165400 0.062500 0.222200 0.184600 0.130000 0.118700 0.154900 0.181200 0.220800 0.211200 0.085000 0.000000 0.223700 0.083700 0.059200 0.169600 0.154500 0.185800 0.154100 0.167300 0.062900 0.141300 0.130000
ThomsonGaz 0.206800 0.501500 0.207600 0.532600 0.189700 0.254300 0.266900 0.149100 0.206000 0.246700 0.159200 0.245400 0.183000 0.229500 0.160800 0.138400 0.356700 0.303200 0.180000 0.206000 0.146700 0.186500 0.257100 0.221600 0.159200 0.044000 0.156000 0.206000 0.112200 0.244200 0.236400 0.201900 0.384500 0.180400 0.169600 0.209000 0.207800 0.175200 0.164500 0.295900 0.223700 0.000000 0.222800 0.265200 0.253300 0.260800 0.190700 0.183700 0.218800 0.244100 0.217700 0.206000
MuntiacusC 0.256300 0.293400 0.130000 0.332900 0.182400 0.302800 0.226500 0.246700 0.129100 0.030100 0.181700 0.165000 0.178900 0.195100 0.217100 0.250300 0.216100 0.173000 0.179000 0.129100 0.248100 0.209200 0.081000 0.051300 0.181700 0.236700 0.152900 0.129100 0.221900 0.140500 0.020200 0.207400 0.196200 0.177000 0.141200 0.178500 0.179800 0.169000 0.235900 0.106800 0.083700 0.222800 0.000000 0.080900 0.206000 0.202800 0.223600 0.153000 0.191000 0.106800 0.128900 0.129100
WhiteTaile 0.228400 0.381500 0.129400 0.387800 0.208200 0.274100 0.255700 0.221300 0.128200 0.068200 0.156300 0.139800 0.153000 0.222000 0.231200 0.280100 0.201900 0.171300 0.179900 0.128200 0.221800 0.182500 0.058000 0.026200 0.156300 0.265800 0.151000 0.128200 0.222200 0.163900 0.058300 0.222100 0.183300 0.151100 0.116400 0.153400 0.179300 0.219900 0.238100 0.082400 0.059200 0.265200 0.080900 0.000000 0.193900 0.177700 0.211300 0.151300 0.165500 0.081600 0.139600 0.128200
Cattle 0.189400 0.381100 0.062800 0.419000 0.182900 0.232600 0.202300 0.196500 0.062400 0.190200 0.121800 0.106600 0.142600 0.145700 0.168300 0.224600 0.215000 0.172600 0.119200 0.062400 0.184200 0.146600 0.165000 0.155700 0.121800 0.225800 0.140800 0.062400 0.209300 0.094900 0.180500 0.132600 0.270400 0.117700 0.129900 0.052300 0.131600 0.194000 0.185300 0.195600 0.169600 0.253300 0.206000 0.193900 0.000000 0.165900 0.239700 0.118300 0.130600 0.119000 0.072900 0.062400
RoyalAntel 0.198600 0.362200 0.127900 0.383900 0.205200 0.241500 0.197400 0.205700 0.127100 0.187000 0.131300 0.138500 0.128900 0.142600 0.189600 0.247800 0.224500 0.182500 0.105900 0.127100 0.168500 0.156000 0.150800 0.141100 0.131300 0.233700 0.127600 0.127100 0.193200 0.161400 0.177400 0.119000 0.250700 0.105000 0.116800 0.151500 0.129900 0.216400 0.181200 0.179400 0.154500 0.260800 0.202800 0.177700 0.165900 0.000000 0.195900 0.128300 0.094400 0.128300 0.138000 0.127100
Steenbok 0.208900 0.526500 0.170400 0.489500 0.189800 0.255400 0.237900 0.149500 0.169100 0.182100 0.125900 0.181200 0.123100 0.202700 0.198400 0.164200 0.260800 0.240000 0.159400 0.169100 0.089700 0.162800 0.205900 0.171400 0.125900 0.164600 0.121400 0.169100 0.101100 0.180800 0.197600 0.202500 0.332100 0.121500 0.110300 0.196300 0.173200 0.201200 0.126800 0.213100 0.185800 0.190700 0.223600 0.211300 0.239700 0.195900 0.000000 0.146400 0.159000 0.180500 0.180700 0.169100
Impala 0.099500 0.331900 0.060000 0.407300 0.108200 0.137700 0.135200 0.156200 0.059900 0.138500 0.038300 0.080300 0.070600 0.084100 0.128600 0.146200 0.196900 0.157900 0.059100 0.059900 0.119900 0.061200 0.149900 0.117400 0.038300 0.158300 0.069500 0.059900 0.120300 0.070700 0.128800 0.084100 0.277800 0.069600 0.048500 0.082300 0.082700 0.118900 0.109000 0.155600 0.154100 0.183700 0.153000 0.151300 0.118300 0.128300 0.146400 0.000000 0.071000 0.104800 0.070600 0.059900
Klipspring 0.136100 0.347700 0.072700 0.384800 0.143900 0.175400 0.135300 0.168500 0.072200 0.175600 0.074600 0.105000 0.078900 0.085400 0.153800 0.155400 0.199300 0.158600 0.073100 0.072200 0.109300 0.097600 0.163000 0.129800 0.074600 0.192900 0.077200 0.072200 0.127900 0.104700 0.166100 0.085400 0.251400 0.077300 0.062000 0.094700 0.095800 0.154800 0.121000 0.167600 0.167300 0.218800 0.191000 0.165500 0.130600 0.094400 0.159000 0.071000 0.000000 0.117500 0.082700 0.072200
ForestMusk 0.173400 0.379100 0.083800 0.370000 0.155800 0.200800 0.197900 0.177800 0.083200 0.112700 0.108400 0.094000 0.106400 0.167900 0.177300 0.232100 0.175500 0.135500 0.129000 0.083200 0.177600 0.132400 0.061300 0.051600 0.108400 0.217600 0.105300 0.083200 0.178100 0.093900 0.103200 0.167800 0.222000 0.083300 0.094600 0.106000 0.153500 0.166800 0.191600 0.085000 0.062900 0.244100 0.106800 0.081600 0.119000 0.128300 0.180500 0.104800 0.117500 0.000000 0.093800 0.083200
Bushbuck 0.133900 0.284100 0.009900 0.348800 0.118400 0.172500 0.133800 0.189700 0.009800 0.126900 0.073400 0.060900 0.093700 0.084500 0.105300 0.155100 0.172700 0.112100 0.072100 0.009800 0.130400 0.096000 0.115300 0.105500 0.073400 0.192200 0.092700 0.009800 0.153900 0.039900 0.117100 0.095500 0.221500 0.092800 0.082200 0.050900 0.072500 0.129100 0.119400 0.118500 0.141300 0.217700 0.128900 0.139600 0.072900 0.138000 0.180700 0.070600 0.082700 0.093800 0.000000 0.009800
GreaterKud 0.122600 0.298500 0.000100 0.363500 0.107500 0.160800 0.122500 0.178200 0.000000 0.116000 0.062900 0.050700 0.083100 0.073900 0.117000 0.143800 0.161400 0.123400 0.061700 0.000000 0.119400 0.085200 0.126800 0.094700 0.062900 0.180700 0.082200 0.000000 0.142600 0.029900 0.106200 0.084700 0.209200 0.082300 0.071800 0.040600 0.062000 0.118100 0.108500 0.130400 0.130000 0.206000 0.129100 0.128200 0.062400 0.127100 0.169100 0.059900 0.072200 0.083200 0.009800 0.000000
