1
52 1
Argali 0.000000 0.190700 0.152000 0.138600 0.013400 0.000000 0.082900 0.069400 0.149900 0.168800 0.027300 0.131900 0.041100 0.041000 0.069800 0.070500 0.120200 0.103600 0.013000 0.150600 0.026000 0.012900 0.185200 0.182500 0.012900 0.040300 0.041600 0.102600 0.040800 0.117200 0.168800 0.040900 0.133100 0.027300 0.027300 0.118200 0.027300 0.013400 0.041500 0.151300 0.221400 0.040800 0.168800 0.150400 0.118200 0.040700 0.040800 0.054700 0.040400 0.117100 0.168800 0.102100
LesserMous 0.190700 0.000000 0.125600 0.087200 0.172200 0.190700 0.202900 0.171400 0.090400 0.122900 0.192700 0.138700 0.209700 0.152600 0.171400 0.174400 0.124500 0.107400 0.172200 0.124300 0.152900 0.172200 0.139000 0.153800 0.172200 0.169400 0.213100 0.141900 0.136700 0.123100 0.122900 0.152200 0.121700 0.192500 0.192500 0.141000 0.172000 0.172200 0.173700 0.106100 0.173500 0.136700 0.122900 0.105600 0.141000 0.169800 0.136700 0.119000 0.169500 0.120900 0.108000 0.123500
LesserKudu 0.152000 0.125600 0.000000 0.108900 0.153500 0.152000 0.203000 0.152500 0.027400 0.121700 0.173000 0.072200 0.189500 0.153200 0.152800 0.155000 0.107200 0.090400 0.153500 0.027600 0.135000 0.153500 0.137500 0.152500 0.153500 0.150900 0.192400 0.041900 0.119200 0.027400 0.121700 0.152700 0.088300 0.173100 0.173100 0.089400 0.153800 0.153500 0.155100 0.105100 0.171500 0.119200 0.121700 0.104500 0.089400 0.186000 0.119200 0.134900 0.151200 0.104200 0.042000 0.042000
KillerWhal 0.138600 0.087200 0.108900 0.000000 0.121500 0.138600 0.152200 0.120800 0.107200 0.106900 0.140000 0.089700 0.156200 0.104600 0.121000 0.122800 0.075800 0.059700 0.121500 0.107800 0.103900 0.121500 0.122800 0.137800 0.121500 0.119500 0.158500 0.091900 0.088500 0.074900 0.106900 0.104400 0.073900 0.140000 0.140000 0.091300 0.121700 0.121500 0.089600 0.090400 0.156800 0.088500 0.106900 0.089900 0.091300 0.153300 0.088500 0.103700 0.119700 0.073600 0.125500 0.075300
DefassaWat 0.013400 0.172200 0.153500 0.121500 0.000000 0.013400 0.068300 0.054900 0.151400 0.151300 0.013100 0.133100 0.027100 0.027000 0.055200 0.055800 0.103900 0.087800 0.000000 0.152100 0.012900 0.000000 0.167300 0.164800 0.000000 0.026600 0.026100 0.103600 0.026900 0.118300 0.151300 0.027000 0.116800 0.013500 0.013100 0.119400 0.013500 0.000000 0.027300 0.134300 0.202400 0.026300 0.151300 0.133600 0.119400 0.026800 0.026900 0.040500 0.026600 0.101200 0.170600 0.103100
Sheep 0.000000 0.190700 0.152000 0.138600 0.013400 0.000000 0.082900 0.069400 0.149900 0.168800 0.025600 0.131900 0.041100 0.041000 0.069800 0.070500 0.120200 0.103600 0.013000 0.150600 0.025500 0.013400 0.185200 0.182500 0.013400 0.040300 0.038900 0.102600 0.040800 0.117200 0.168800 0.040900 0.133100 0.027300 0.026300 0.118200 0.027300 0.012900 0.041500 0.151300 0.221400 0.040800 0.168800 0.150400 0.118200 0.040700 0.040800 0.054700 0.040400 0.117100 0.168800 0.102100
MaxwellsDu 0.082900 0.202900 0.203000 0.152200 0.068300 0.082900 0.000000 0.097500 0.200200 0.200300 0.083500 0.180500 0.097800 0.040200 0.068500 0.099000 0.150400 0.133300 0.068300 0.201100 0.053600 0.068300 0.217700 0.214100 0.068300 0.067400 0.099100 0.184300 0.068200 0.165200 0.200300 0.040100 0.146600 0.083500 0.083500 0.166500 0.083600 0.068300 0.069200 0.182200 0.255700 0.068200 0.200300 0.181400 0.166500 0.096800 0.068200 0.082100 0.067400 0.146300 0.220600 0.149300
GazellaPrz 0.069400 0.171400 0.152500 0.120800 0.054900 0.069400 0.097500 0.000000 0.150400 0.150300 0.070000 0.132300 0.084300 0.055100 0.084300 0.055600 0.103300 0.087200 0.054900 0.151200 0.040400 0.054900 0.166400 0.181000 0.054900 0.054100 0.085500 0.135200 0.026800 0.117500 0.150300 0.054900 0.116100 0.070100 0.070100 0.118600 0.070100 0.054900 0.055600 0.133500 0.201500 0.026800 0.150300 0.132800 0.118600 0.083300 0.025600 0.068700 0.054100 0.100400 0.169300 0.102400
MountainNy 0.149900 0.090400 0.027400 0.107200 0.151400 0.149900 0.200200 0.150400 0.000000 0.088100 0.170500 0.071200 0.186800 0.151000 0.150800 0.152800 0.105600 0.089100 0.151400 0.027200 0.133200 0.151400 0.103100 0.117600 0.151400 0.148800 0.189600 0.041400 0.117600 0.027000 0.088100 0.150600 0.087100 0.170600 0.170600 0.088200 0.151700 0.151400 0.152900 0.072500 0.135200 0.117600 0.088100 0.072100 0.088200 0.183400 0.117600 0.101200 0.149100 0.102800 0.013000 0.041400
MuntiacusM 0.168800 0.122900 0.121700 0.106900 0.151300 0.168800 0.200300 0.150300 0.088100 0.000000 0.135400 0.102600 0.186800 0.150800 0.150800 0.152400 0.105200 0.088800 0.151300 0.088300 0.133100 0.151300 0.039800 0.114100 0.151300 0.148800 0.189500 0.105000 0.117400 0.088000 0.000000 0.150600 0.086900 0.170500 0.170500 0.121000 0.151600 0.151300 0.152800 0.085600 0.067700 0.117400 0.000000 0.069900 0.121000 0.183500 0.117400 0.101100 0.149100 0.102600 0.105100 0.104600
goat 0.027300 0.192700 0.173000 0.140000 0.013100 0.025600 0.083500 0.070000 0.170500 0.135400 0.000000 0.151400 0.041500 0.041400 0.070400 0.071200 0.121600 0.104800 0.013100 0.171300 0.025900 0.013500 0.186900 0.184100 0.013100 0.040600 0.042000 0.121200 0.041200 0.136100 0.135400 0.041200 0.134500 0.027600 0.027600 0.137400 0.027600 0.013500 0.041800 0.152700 0.223400 0.041200 0.135400 0.151900 0.137400 0.041000 0.041200 0.055100 0.040700 0.118300 0.190800 0.120600
AfricanBuf 0.131900 0.138700 0.072200 0.089700 0.133100 0.131900 0.180500 0.132300 0.071200 0.102600 0.151400 0.000000 0.167300 0.132800 0.132600 0.134400 0.088500 0.072600 0.133100 0.071500 0.115700 0.133100 0.117800 0.132200 0.133100 0.130900 0.169700 0.057000 0.100600 0.041800 0.102600 0.132500 0.071000 0.151500 0.151500 0.042300 0.133400 0.133100 0.134400 0.086900 0.150300 0.100600 0.102600 0.086400 0.042300 0.164300 0.100600 0.115600 0.131100 0.086100 0.087400 0.056800
Topi 0.041100 0.209700 0.189500 0.156200 0.027100 0.041100 0.097800 0.084300 0.186800 0.186800 0.041500 0.167300 0.000000 0.055300 0.084800 0.085700 0.137300 0.120200 0.027100 0.187700 0.040600 0.027100 0.203600 0.200500 0.027100 0.050700 0.027500 0.136900 0.055100 0.151900 0.186800 0.055200 0.150000 0.013100 0.013600 0.153400 0.041500 0.027100 0.055900 0.168800 0.241000 0.055100 0.186800 0.167800 0.153400 0.054800 0.055100 0.069100 0.054400 0.133600 0.171500 0.136200
CommonDuik 0.041000 0.152600 0.153200 0.104600 0.027000 0.041000 0.040200 0.055100 0.151000 0.150800 0.041400 0.132800 0.055300 0.000000 0.055100 0.056000 0.103600 0.087500 0.027000 0.151700 0.013300 0.027000 0.167000 0.164400 0.027000 0.026600 0.056100 0.135800 0.027000 0.118000 0.150800 0.000100 0.116600 0.041400 0.041400 0.119100 0.041200 0.027000 0.027300 0.134000 0.202100 0.027000 0.150800 0.133300 0.119100 0.054500 0.027000 0.040600 0.026700 0.100700 0.170100 0.102800
Suni 0.069800 0.171400 0.152800 0.121000 0.055200 0.069800 0.068500 0.084300 0.150800 0.150800 0.070400 0.132600 0.084800 0.055100 0.000000 0.085600 0.103300 0.087300 0.055200 0.151400 0.040600 0.055200 0.167000 0.164600 0.055200 0.054400 0.085900 0.135500 0.055100 0.117800 0.150800 0.055000 0.116400 0.070400 0.070400 0.118800 0.070200 0.055200 0.055700 0.133800 0.202100 0.055100 0.150800 0.133200 0.118800 0.083500 0.055100 0.040600 0.054500 0.085700 0.169700 0.102700
Springbuck 0.070500 0.174400 0.155000 0.122800 0.055800 0.070500 0.099000 0.055600 0.152800 0.152400 0.071200 0.134400 0.085700 0.056000 0.085600 0.000000 0.105300 0.088800 0.055800 0.153700 0.041000 0.055800 0.168700 0.182800 0.055800 0.055000 0.086900 0.137300 0.026300 0.119300 0.152400 0.055800 0.117900 0.071200 0.071200 0.120800 0.071200 0.055800 0.056500 0.135500 0.204100 0.027200 0.152400 0.134800 0.120800 0.084500 0.027200 0.069700 0.055000 0.101900 0.172000 0.104000
Okapi 0.120200 0.124500 0.107200 0.075800 0.103900 0.120200 0.150400 0.103300 0.105600 0.105200 0.121600 0.088500 0.137300 0.103600 0.103300 0.105300 0.000000 0.014400 0.103900 0.106200 0.087000 0.103900 0.120700 0.134600 0.103900 0.102000 0.139500 0.090500 0.072200 0.073700 0.105200 0.103400 0.072800 0.121700 0.121700 0.074600 0.104100 0.103900 0.104900 0.089200 0.154000 0.072200 0.105200 0.088600 0.074600 0.134500 0.072200 0.086900 0.102200 0.057700 0.123700 0.058800
Giraffe 0.103600 0.107400 0.090400 0.059700 0.087800 0.103600 0.133300 0.087200 0.089100 0.088800 0.104800 0.072600 0.120200 0.087500 0.087300 0.088800 0.014400 0.000000 0.087800 0.089600 0.071500 0.087800 0.104000 0.118300 0.087800 0.086200 0.122100 0.074300 0.056900 0.058100 0.088800 0.087300 0.057400 0.104900 0.104900 0.058800 0.087900 0.087800 0.088600 0.073200 0.136300 0.056900 0.088800 0.072700 0.058800 0.117900 0.056900 0.071500 0.086300 0.042700 0.106500 0.043500
TibetanAnt 0.013000 0.172200 0.153500 0.121500 0.000000 0.013000 0.068300 0.054900 0.151400 0.151300 0.013100 0.133100 0.027100 0.027000 0.055200 0.055800 0.103900 0.087800 0.000000 0.152100 0.013200 0.000000 0.167300 0.164800 0.000000 0.025500 0.027400 0.103600 0.026900 0.118300 0.151300 0.027000 0.116800 0.013500 0.013500 0.119400 0.013500 0.000000 0.027300 0.134300 0.202400 0.026900 0.151300 0.133600 0.119400 0.026800 0.026900 0.040500 0.026600 0.101200 0.170600 0.103100
Sitatunga 0.150600 0.124300 0.027600 0.107800 0.152100 0.150600 0.201100 0.151200 0.027200 0.088300 0.171300 0.071500 0.187700 0.151700 0.151400 0.153700 0.106200 0.089600 0.152100 0.000000 0.133800 0.152100 0.103400 0.150800 0.152100 0.149500 0.190500 0.041600 0.118200 0.027200 0.088300 0.151400 0.087400 0.171400 0.171400 0.088600 0.152300 0.152100 0.153600 0.104100 0.135600 0.118200 0.088300 0.103500 0.088600 0.184100 0.118200 0.133600 0.149800 0.103200 0.041700 0.041600
Oribi 0.026000 0.152900 0.135000 0.103900 0.012900 0.025500 0.053600 0.040400 0.133200 0.133100 0.025900 0.115700 0.040600 0.013300 0.040600 0.041000 0.087000 0.071500 0.013200 0.133800 0.000000 0.013200 0.148700 0.146600 0.013200 0.012600 0.041100 0.118300 0.013200 0.101200 0.133100 0.013200 0.100000 0.027000 0.027000 0.102100 0.027000 0.012900 0.013400 0.116700 0.182600 0.012800 0.133100 0.116100 0.102100 0.040200 0.012900 0.026500 0.012700 0.084800 0.151400 0.086400
BarbaryShe 0.012900 0.172200 0.153500 0.121500 0.000000 0.013400 0.068300 0.054900 0.151400 0.151300 0.013500 0.133100 0.027100 0.027000 0.055200 0.055800 0.103900 0.087800 0.000000 0.152100 0.013200 0.000000 0.167300 0.164800 0.000000 0.026600 0.027400 0.103600 0.026900 0.118300 0.151300 0.027000 0.116800 0.013500 0.013100 0.119400 0.013500 0.000000 0.027300 0.134300 0.202400 0.025800 0.151300 0.133600 0.119400 0.026800 0.025800 0.040500 0.026600 0.101200 0.170600 0.103100
Daviddeer 0.185200 0.139000 0.137500 0.122800 0.167300 0.185200 0.217700 0.166400 0.103100 0.039800 0.186900 0.117800 0.203600 0.167000 0.167000 0.168700 0.120700 0.104000 0.167300 0.103400 0.148700 0.167300 0.000000 0.096900 0.167300 0.164800 0.206400 0.120400 0.132800 0.103100 0.039800 0.166700 0.101800 0.186900 0.186900 0.136700 0.167700 0.167300 0.169200 0.084200 0.025900 0.132800 0.039800 0.068800 0.136700 0.199900 0.132800 0.116100 0.165100 0.117600 0.120500 0.120000
Reindeer 0.182500 0.153800 0.152500 0.137800 0.164800 0.182500 0.214100 0.181000 0.117600 0.114100 0.184100 0.132200 0.200500 0.164400 0.164600 0.182800 0.134600 0.118300 0.164800 0.150800 0.146600 0.164800 0.096900 0.000000 0.164800 0.129100 0.203200 0.135300 0.147100 0.117600 0.114100 0.164000 0.116200 0.184100 0.184100 0.151300 0.165300 0.164800 0.166600 0.068300 0.127300 0.147100 0.114100 0.053600 0.151300 0.197200 0.147100 0.114600 0.162700 0.132400 0.135300 0.134800
Ibex 0.012900 0.172200 0.153500 0.121500 0.000000 0.013400 0.068300 0.054900 0.151400 0.151300 0.013100 0.133100 0.027100 0.027000 0.055200 0.055800 0.103900 0.087800 0.000000 0.152100 0.013200 0.000000 0.167300 0.164800 0.000000 0.025500 0.026600 0.103600 0.025900 0.118300 0.151300 0.027000 0.116800 0.013200 0.013500 0.119400 0.013500 0.000000 0.027300 0.134300 0.202400 0.026900 0.151300 0.133600 0.119400 0.026800 0.026900 0.040500 0.026600 0.101200 0.170600 0.103100
GyrantGaze 0.040300 0.169400 0.150900 0.119500 0.026600 0.040300 0.067400 0.054100 0.148800 0.148800 0.040600 0.130900 0.050700 0.026600 0.054400 0.055000 0.102000 0.086200 0.025500 0.149500 0.012600 0.026600 0.164800 0.129100 0.025500 0.000000 0.055000 0.133800 0.026500 0.116300 0.148800 0.026600 0.114900 0.040600 0.040600 0.117300 0.040700 0.026600 0.026900 0.100000 0.199600 0.026500 0.148800 0.099500 0.117300 0.053800 0.026500 0.037700 0.025400 0.099400 0.167500 0.101300
Hartebeest 0.041600 0.213100 0.192400 0.158500 0.026100 0.038900 0.099100 0.085500 0.189600 0.189500 0.042000 0.169700 0.027500 0.056100 0.085900 0.086900 0.139500 0.122100 0.027400 0.190500 0.041100 0.027400 0.206400 0.203200 0.026600 0.055000 0.000000 0.138900 0.055800 0.154100 0.189500 0.055900 0.152200 0.013400 0.013700 0.155700 0.042100 0.026200 0.056700 0.171200 0.244300 0.055800 0.189500 0.170200 0.155700 0.055600 0.055800 0.070000 0.055100 0.135500 0.174100 0.138200
Bongo 0.102600 0.141900 0.041900 0.091900 0.103600 0.102600 0.184300 0.135200 0.041400 0.105000 0.121200 0.057000 0.136900 0.135800 0.135500 0.137300 0.090500 0.074300 0.103600 0.041600 0.118300 0.103600 0.120400 0.135300 0.103600 0.133800 0.138900 0.000000 0.102800 0.013500 0.105000 0.135400 0.072600 0.121300 0.121300 0.073500 0.103900 0.103600 0.137500 0.088800 0.153600 0.102800 0.105000 0.088300 0.073500 0.134500 0.102800 0.118300 0.134100 0.088200 0.056400 0.027600
Gerenuk 0.040800 0.136700 0.119200 0.088500 0.026900 0.040800 0.068200 0.026800 0.117600 0.117400 0.041200 0.100600 0.055100 0.027000 0.055100 0.026300 0.072200 0.056900 0.026900 0.118200 0.013200 0.026900 0.132800 0.147100 0.025900 0.026500 0.055800 0.102800 0.000000 0.086200 0.117400 0.026900 0.085200 0.041200 0.041200 0.087000 0.041200 0.026000 0.027300 0.101400 0.166000 0.000000 0.117400 0.100900 0.087000 0.054400 0.000000 0.040400 0.026500 0.070200 0.135300 0.071600
CommonElan 0.117200 0.123100 0.027400 0.074900 0.118300 0.117200 0.165200 0.117500 0.027000 0.088000 0.136100 0.041800 0.151900 0.118000 0.117800 0.119300 0.073700 0.058100 0.118300 0.027200 0.101200 0.118300 0.103100 0.117600 0.118300 0.116300 0.154100 0.013500 0.086200 0.000000 0.088000 0.117700 0.056800 0.136200 0.136200 0.057500 0.118500 0.118300 0.119500 0.072400 0.135100 0.086200 0.088000 0.072000 0.057500 0.149300 0.086200 0.101200 0.116600 0.071800 0.041400 0.013500
MuntiacusR 0.168800 0.122900 0.121700 0.106900 0.151300 0.168800 0.200300 0.150300 0.088100 0.000000 0.135400 0.102600 0.186800 0.150800 0.150800 0.152400 0.105200 0.088800 0.151300 0.088300 0.133100 0.151300 0.039800 0.114100 0.151300 0.148800 0.189500 0.105000 0.117400 0.088000 0.000000 0.150600 0.086900 0.170500 0.170500 0.121000 0.151600 0.151300 0.152800 0.085600 0.067700 0.117400 0.000000 0.069900 0.121000 0.183500 0.117400 0.101100 0.149100 0.102600 0.105100 0.104600
HarveysDui 0.040900 0.152200 0.152700 0.104400 0.027000 0.040900 0.040100 0.054900 0.150600 0.150600 0.041200 0.132500 0.055200 0.000100 0.055000 0.055800 0.103400 0.087300 0.027000 0.151400 0.013200 0.027000 0.166700 0.164000 0.027000 0.026600 0.055900 0.135400 0.026900 0.117700 0.150600 0.000000 0.116300 0.041300 0.041300 0.118800 0.041100 0.027000 0.027200 0.133600 0.201800 0.026900 0.150600 0.133000 0.118800 0.054400 0.026900 0.040500 0.026600 0.100600 0.169600 0.102500
Pronghorn 0.133100 0.121700 0.088300 0.073900 0.116800 0.133100 0.146600 0.116100 0.087100 0.086900 0.134500 0.071000 0.150000 0.116600 0.116400 0.117900 0.072800 0.057400 0.116800 0.087400 0.100000 0.116800 0.101800 0.116200 0.116800 0.114900 0.152200 0.072600 0.085200 0.056800 0.086900 0.116300 0.000000 0.134600 0.134600 0.087900 0.117100 0.116800 0.117900 0.071600 0.133600 0.085200 0.086900 0.071200 0.087900 0.147400 0.085200 0.100000 0.115100 0.071000 0.103900 0.072300
BlueWildeb 0.027300 0.192500 0.173100 0.140000 0.013500 0.027300 0.083500 0.070100 0.170600 0.170500 0.027600 0.151500 0.013100 0.041400 0.070400 0.071200 0.121700 0.104900 0.013500 0.171400 0.027000 0.013500 0.186900 0.184100 0.013200 0.040600 0.013400 0.121300 0.041200 0.136200 0.170500 0.041300 0.134600 0.000000 0.000000 0.137600 0.027600 0.013500 0.041900 0.152800 0.223400 0.041200 0.170500 0.151900 0.137600 0.041000 0.041200 0.055200 0.040700 0.118400 0.155400 0.120700
Gemsbok 0.027300 0.192500 0.173100 0.140000 0.013100 0.026300 0.083500 0.070100 0.170600 0.170500 0.027600 0.151500 0.013600 0.041400 0.070400 0.071200 0.121700 0.104900 0.013500 0.171400 0.027000 0.013100 0.186900 0.184100 0.013500 0.040600 0.013700 0.121300 0.041200 0.136200 0.170500 0.041300 0.134600 0.000000 0.000000 0.137600 0.027600 0.013500 0.041900 0.152800 0.223400 0.041200 0.170500 0.151900 0.137600 0.041000 0.041200 0.055200 0.040700 0.118400 0.155400 0.120700
Yak 0.118200 0.141000 0.089400 0.091300 0.119400 0.118200 0.166500 0.118600 0.088200 0.121000 0.137400 0.042300 0.153400 0.119100 0.118800 0.120800 0.074600 0.058800 0.119400 0.088600 0.102100 0.119400 0.136700 0.151300 0.119400 0.117300 0.155700 0.073500 0.087000 0.057500 0.121000 0.118800 0.087900 0.137600 0.137600 0.000000 0.119600 0.119400 0.120500 0.104600 0.170700 0.087000 0.121000 0.104000 0.000000 0.150400 0.087000 0.102000 0.117500 0.072500 0.105300 0.043000
BlueSheep 0.027300 0.172000 0.153800 0.121700 0.013500 0.027300 0.083600 0.070100 0.151700 0.151600 0.027600 0.133400 0.041500 0.041200 0.070200 0.071200 0.104100 0.087900 0.013500 0.152300 0.027000 0.013500 0.167700 0.165300 0.013500 0.040700 0.042100 0.103900 0.041200 0.118500 0.151600 0.041100 0.117100 0.027600 0.027600 0.119600 0.000000 0.013500 0.041700 0.134600 0.202800 0.041200 0.151600 0.133900 0.119600 0.040900 0.041200 0.055200 0.040700 0.101500 0.170900 0.103400
BohorReedb 0.013400 0.172200 0.153500 0.121500 0.000000 0.012900 0.068300 0.054900 0.151400 0.151300 0.013500 0.133100 0.027100 0.027000 0.055200 0.055800 0.103900 0.087800 0.000000 0.152100 0.012900 0.000000 0.167300 0.164800 0.000000 0.026600 0.026200 0.103600 0.026000 0.118300 0.151300 0.027000 0.116800 0.013500 0.013500 0.119400 0.013500 0.000000 0.027300 0.134300 0.202400 0.026900 0.151300 0.133600 0.119400 0.026800 0.026900 0.040500 0.026600 0.101200 0.170600 0.103100
KirksDik 0.041500 0.173700 0.155100 0.089600 0.027300 0.041500 0.069200 0.055600 0.152900 0.152800 0.041800 0.134400 0.055900 0.027300 0.055700 0.056500 0.104900 0.088600 0.027300 0.153600 0.013400 0.027300 0.169200 0.166600 0.027300 0.026900 0.056700 0.137500 0.027300 0.119500 0.152800 0.027200 0.117900 0.041900 0.041900 0.120500 0.041700 0.027300 0.000000 0.135700 0.204700 0.027300 0.152800 0.135000 0.120500 0.055100 0.027300 0.041000 0.026900 0.102100 0.172200 0.104100
RoeDeer 0.151300 0.106100 0.105100 0.090400 0.134300 0.151300 0.182200 0.133500 0.072500 0.085600 0.152700 0.086900 0.168800 0.134000 0.133800 0.135500 0.089200 0.073200 0.134300 0.104100 0.116700 0.134300 0.084200 0.068300 0.134300 0.100000 0.171200 0.088800 0.101400 0.072400 0.085600 0.133600 0.071600 0.152800 0.152800 0.104600 0.134600 0.134300 0.135700 0.000000 0.114600 0.101400 0.085600 0.012900 0.104600 0.165800 0.101400 0.085600 0.132400 0.086900 0.088900 0.088500
WhiteLippe 0.221400 0.173500 0.171500 0.156800 0.202400 0.221400 0.255700 0.201500 0.135200 0.067700 0.223400 0.150300 0.241000 0.202100 0.202100 0.204100 0.154000 0.136300 0.202400 0.135600 0.182600 0.202400 0.025900 0.127300 0.202400 0.199600 0.244300 0.153600 0.166000 0.135100 0.067700 0.201800 0.133600 0.223400 0.223400 0.170700 0.202800 0.202400 0.204700 0.114600 0.000000 0.166000 0.067700 0.098200 0.170700 0.236300 0.166000 0.148200 0.199800 0.150000 0.153600 0.153000
ThomsonGaz 0.040800 0.136700 0.119200 0.088500 0.026300 0.040800 0.068200 0.026800 0.117600 0.117400 0.041200 0.100600 0.055100 0.027000 0.055100 0.027200 0.072200 0.056900 0.026900 0.118200 0.012800 0.025800 0.132800 0.147100 0.026900 0.026500 0.055800 0.102800 0.000000 0.086200 0.117400 0.026900 0.085200 0.041200 0.041200 0.087000 0.041200 0.026900 0.027300 0.101400 0.166000 0.000000 0.117400 0.100900 0.087000 0.054400 0.000000 0.040400 0.026500 0.070200 0.135300 0.071600
MuntiacusC 0.168800 0.122900 0.121700 0.106900 0.151300 0.168800 0.200300 0.150300 0.088100 0.000000 0.135400 0.102600 0.186800 0.150800 0.150800 0.152400 0.105200 0.088800 0.151300 0.088300 0.133100 0.151300 0.039800 0.114100 0.151300 0.148800 0.189500 0.105000 0.117400 0.088000 0.000000 0.150600 0.086900 0.170500 0.170500 0.121000 0.151600 0.151300 0.152800 0.085600 0.067700 0.117400 0.000000 0.069900 0.121000 0.183500 0.117400 0.101100 0.149100 0.102600 0.105100 0.104600
WhiteTaile 0.150400 0.105600 0.104500 0.089900 0.133600 0.150400 0.181400 0.132800 0.072100 0.069900 0.151900 0.086400 0.167800 0.133300 0.133200 0.134800 0.088600 0.072700 0.133600 0.103500 0.116100 0.133600 0.068800 0.053600 0.133600 0.099500 0.170200 0.088300 0.100900 0.072000 0.069900 0.133000 0.071200 0.151900 0.151900 0.104000 0.133900 0.133600 0.135000 0.012900 0.098200 0.100900 0.069900 0.000000 0.104000 0.164900 0.100900 0.085100 0.131700 0.086400 0.088400 0.088000
Cattle 0.118200 0.141000 0.089400 0.091300 0.119400 0.118200 0.166500 0.118600 0.088200 0.121000 0.137400 0.042300 0.153400 0.119100 0.118800 0.120800 0.074600 0.058800 0.119400 0.088600 0.102100 0.119400 0.136700 0.151300 0.119400 0.117300 0.155700 0.073500 0.087000 0.057500 0.121000 0.118800 0.087900 0.137600 0.137600 0.000000 0.119600 0.119400 0.120500 0.104600 0.170700 0.087000 0.121000 0.104000 0.000000 0.150400 0.087000 0.102000 0.117500 0.072500 0.105300 0.043000
RoyalAntel 0.040700 0.169800 0.186000 0.153300 0.026800 0.040700 0.096800 0.083300 0.183400 0.183500 0.041000 0.164300 0.054800 0.054500 0.083500 0.084500 0.134500 0.117900 0.026800 0.184100 0.040200 0.026800 0.199900 0.197200 0.026800 0.053800 0.055600 0.134500 0.054400 0.149300 0.183500 0.054400 0.147400 0.041000 0.041000 0.150400 0.040900 0.026800 0.055100 0.165800 0.236300 0.054400 0.183500 0.164900 0.150400 0.000000 0.054400 0.068400 0.026400 0.131400 0.203600 0.133800
Steenbok 0.040800 0.136700 0.119200 0.088500 0.026900 0.040800 0.068200 0.025600 0.117600 0.117400 0.041200 0.100600 0.055100 0.027000 0.055100 0.027200 0.072200 0.056900 0.026900 0.118200 0.012900 0.025800 0.132800 0.147100 0.026900 0.026500 0.055800 0.102800 0.000000 0.086200 0.117400 0.026900 0.085200 0.041200 0.041200 0.087000 0.041200 0.026900 0.027300 0.101400 0.166000 0.000000 0.117400 0.100900 0.087000 0.054400 0.000000 0.040400 0.026500 0.070200 0.135300 0.071600
Impala 0.054700 0.119000 0.134900 0.103700 0.040500 0.054700 0.082100 0.068700 0.101200 0.101100 0.055100 0.115600 0.069100 0.040600 0.040600 0.069700 0.086900 0.071500 0.040500 0.133600 0.026500 0.040500 0.116100 0.114600 0.040500 0.037700 0.070000 0.118300 0.040400 0.101200 0.101100 0.040500 0.100000 0.055200 0.055200 0.102000 0.055200 0.040500 0.041000 0.085600 0.148200 0.040400 0.101100 0.085100 0.102000 0.068400 0.040400 0.000000 0.040000 0.084800 0.118300 0.086400
Klipspring 0.040400 0.169500 0.151200 0.119700 0.026600 0.040400 0.067400 0.054100 0.149100 0.149100 0.040700 0.131100 0.054400 0.026700 0.054500 0.055000 0.102200 0.086300 0.026600 0.149800 0.012700 0.026600 0.165100 0.162700 0.026600 0.025400 0.055100 0.134100 0.026500 0.116600 0.149100 0.026600 0.115100 0.040700 0.040700 0.117500 0.040700 0.026600 0.026900 0.132400 0.199800 0.026500 0.149100 0.131700 0.117500 0.026400 0.026500 0.040000 0.000000 0.099600 0.167900 0.101600
ForestMusk 0.117100 0.120900 0.104200 0.073600 0.101200 0.117100 0.146300 0.100400 0.102800 0.102600 0.118300 0.086100 0.133600 0.100700 0.085700 0.101900 0.057700 0.042700 0.101200 0.103200 0.084800 0.101200 0.117600 0.132400 0.101200 0.099400 0.135500 0.088200 0.070200 0.071800 0.102600 0.100600 0.071000 0.118400 0.118400 0.072500 0.101500 0.101200 0.102100 0.086900 0.150000 0.070200 0.102600 0.086400 0.072500 0.131400 0.070200 0.084800 0.099600 0.000000 0.120300 0.057300
Bushbuck 0.168800 0.108000 0.042000 0.125500 0.170600 0.168800 0.220600 0.169300 0.013000 0.105100 0.190800 0.087400 0.171500 0.170100 0.169700 0.172000 0.123700 0.106500 0.170600 0.041700 0.151400 0.170600 0.120500 0.135300 0.170600 0.167500 0.174100 0.056400 0.135300 0.041400 0.105100 0.169600 0.103900 0.155400 0.155400 0.105300 0.170900 0.170600 0.172200 0.088900 0.153600 0.135300 0.105100 0.088400 0.105300 0.203600 0.135300 0.118300 0.167900 0.120300 0.000000 0.056400
GreaterKud 0.102100 0.123500 0.042000 0.075300 0.103100 0.102100 0.149300 0.102400 0.041400 0.104600 0.120600 0.056800 0.136200 0.102800 0.102700 0.104000 0.058800 0.043500 0.103100 0.041600 0.086400 0.103100 0.120000 0.134800 0.103100 0.101300 0.138200 0.027600 0.071600 0.013500 0.104600 0.102500 0.072300 0.120700 0.120700 0.043000 0.103400 0.103100 0.104100 0.088500 0.153000 0.071600 0.104600 0.088000 0.043000 0.133800 0.071600 0.086400 0.101600 0.057300 0.056400 0.000000
