1
52 1
Argali 0.000000 0.360100 0.130900 0.337900 0.082500 0.018900 0.086400 0.093000 0.129400 0.151500 0.052500 0.136000 0.078600 0.093100 0.101900 0.115100 0.148400 0.147300 0.067100 0.124800 0.105100 0.043400 0.178900 0.161900 0.052600 0.127500 0.076000 0.130400 0.130500 0.149100 0.152300 0.083400 0.188200 0.078900 0.081400 0.138100 0.044800 0.090900 0.141900 0.160000 0.186400 0.115900 0.154900 0.158500 0.128800 0.096000 0.125200 0.121800 0.095400 0.161300 0.143300 0.122000
LesserMous 0.360100 0.000000 0.362600 0.346000 0.349900 0.358500 0.355000 0.357200 0.347400 0.375900 0.355500 0.350900 0.339300 0.360000 0.382900 0.388900 0.341100 0.337900 0.357700 0.358900 0.362000 0.345600 0.365700 0.342900 0.356200 0.369100 0.340200 0.365500 0.386100 0.382400 0.373900 0.351000 0.433500 0.344800 0.340500 0.368600 0.331900 0.351600 0.399600 0.346900 0.376800 0.354200 0.371900 0.342500 0.369200 0.368200 0.362800 0.409000 0.356400 0.386000 0.370900 0.355400
LesserKudu 0.130900 0.362600 0.000000 0.365000 0.128400 0.134800 0.146700 0.141000 0.054200 0.157300 0.135200 0.096700 0.132900 0.141900 0.150600 0.176500 0.157400 0.159600 0.145700 0.033500 0.147600 0.120400 0.165000 0.144900 0.135500 0.164400 0.136500 0.044700 0.173900 0.050400 0.158200 0.130900 0.198000 0.139800 0.141400 0.111300 0.121400 0.130700 0.192300 0.166000 0.179200 0.152300 0.160700 0.141400 0.105200 0.132300 0.149500 0.152100 0.131500 0.160700 0.039200 0.036400
KillerWhal 0.337900 0.346000 0.365000 0.000000 0.344000 0.347400 0.321200 0.351400 0.348800 0.372200 0.308400 0.357500 0.338600 0.324800 0.372900 0.365600 0.339400 0.318000 0.326600 0.352000 0.343200 0.314700 0.366800 0.345300 0.309000 0.375300 0.331100 0.358300 0.375600 0.371000 0.383300 0.325300 0.383000 0.331900 0.326900 0.341400 0.309900 0.354000 0.367700 0.348600 0.359900 0.360700 0.377100 0.340500 0.341700 0.362100 0.368700 0.343200 0.318300 0.327000 0.351400 0.340800
DefassaWat 0.082500 0.349900 0.128400 0.344000 0.000000 0.080000 0.065000 0.077400 0.120300 0.155900 0.071400 0.114100 0.062900 0.065700 0.086400 0.099900 0.126600 0.138100 0.074900 0.122100 0.077600 0.063000 0.163600 0.143400 0.071600 0.094300 0.060200 0.121500 0.091200 0.140500 0.153300 0.073800 0.180000 0.063200 0.071600 0.109900 0.051900 0.014000 0.120800 0.144500 0.171100 0.088700 0.159400 0.149800 0.107000 0.068000 0.082900 0.106700 0.080000 0.159300 0.134600 0.112900
Sheep 0.018900 0.358500 0.134800 0.347400 0.080000 0.000000 0.089700 0.090500 0.133300 0.149100 0.055700 0.139900 0.076100 0.096500 0.099400 0.118600 0.152400 0.147600 0.070300 0.128600 0.102600 0.047300 0.176600 0.159500 0.055700 0.125000 0.073400 0.134200 0.128100 0.153000 0.149800 0.086700 0.185900 0.076400 0.078900 0.135600 0.042200 0.088400 0.139500 0.151100 0.184100 0.113500 0.152500 0.156100 0.120100 0.093500 0.122800 0.125500 0.098800 0.165400 0.147300 0.125800
MaxwellsDu 0.086400 0.355000 0.146700 0.321200 0.065000 0.089700 0.000000 0.072500 0.138900 0.161100 0.072500 0.126500 0.075700 0.044000 0.104900 0.082900 0.132300 0.137400 0.081600 0.140500 0.078400 0.070000 0.175300 0.136000 0.072600 0.088900 0.073000 0.139800 0.091800 0.152200 0.158600 0.033800 0.178300 0.076000 0.072700 0.116200 0.065000 0.073400 0.114600 0.156500 0.182800 0.083400 0.164500 0.142200 0.119400 0.075400 0.086500 0.118900 0.069200 0.151600 0.140200 0.131300
GazellaPrz 0.093000 0.357200 0.141000 0.351400 0.077400 0.090500 0.072500 0.000000 0.133100 0.161900 0.090800 0.120700 0.076400 0.085000 0.111400 0.083100 0.132900 0.144400 0.100300 0.134700 0.049700 0.082400 0.176100 0.149400 0.091000 0.065800 0.079600 0.127800 0.062900 0.146500 0.162700 0.069600 0.178800 0.082700 0.078800 0.110400 0.077100 0.085900 0.085400 0.150700 0.183600 0.054700 0.165300 0.149200 0.104500 0.087900 0.063400 0.137600 0.093200 0.158500 0.147100 0.131800
MountainNy 0.129400 0.347400 0.054200 0.348800 0.120300 0.133300 0.138900 0.133100 0.000000 0.159500 0.127300 0.085600 0.128200 0.134000 0.142700 0.143200 0.159500 0.154900 0.137700 0.029900 0.133300 0.112400 0.167300 0.143700 0.127600 0.143900 0.125400 0.036600 0.146900 0.048000 0.153600 0.129400 0.187000 0.128700 0.124100 0.103300 0.113400 0.122700 0.171600 0.161500 0.181800 0.132000 0.163000 0.140200 0.097100 0.130800 0.141700 0.157200 0.126700 0.159500 0.048200 0.028200
MuntiacusM 0.151500 0.375900 0.157300 0.372200 0.155900 0.149100 0.161100 0.161900 0.159500 0.000000 0.143200 0.163100 0.150400 0.149900 0.178400 0.181800 0.162100 0.167900 0.153800 0.157400 0.152500 0.121800 0.092000 0.104200 0.143500 0.176100 0.147700 0.169800 0.185800 0.173000 0.034300 0.145000 0.185300 0.141100 0.155800 0.171500 0.129300 0.164700 0.197800 0.111500 0.105000 0.170300 0.008400 0.107200 0.161800 0.166100 0.167300 0.196500 0.168200 0.169200 0.170300 0.151200
goat 0.052500 0.355500 0.135200 0.308400 0.071400 0.055700 0.072500 0.090800 0.127300 0.143200 0.000000 0.121300 0.058900 0.079000 0.099700 0.107100 0.133600 0.138700 0.058900 0.129000 0.079200 0.024900 0.157300 0.146900 0.005300 0.101500 0.056200 0.128400 0.107400 0.147100 0.147000 0.075400 0.173300 0.058400 0.061600 0.117300 0.030900 0.079900 0.109800 0.151400 0.164600 0.096000 0.146600 0.150000 0.120500 0.076100 0.093200 0.107600 0.087300 0.146500 0.135100 0.126100
AfricanBuf 0.136000 0.350900 0.096700 0.357500 0.114100 0.139900 0.126500 0.120700 0.085600 0.163100 0.121300 0.000000 0.118800 0.127800 0.136600 0.162800 0.139600 0.141800 0.134700 0.093800 0.127300 0.112600 0.157400 0.130400 0.121600 0.137900 0.116000 0.099500 0.147300 0.102400 0.157200 0.117100 0.204300 0.119300 0.121100 0.054800 0.113600 0.122900 0.172100 0.144900 0.171800 0.132300 0.166600 0.120600 0.060500 0.130900 0.142000 0.151100 0.136300 0.153100 0.102800 0.087700
Topi 0.078600 0.339300 0.132900 0.338600 0.062900 0.076100 0.075700 0.076400 0.128200 0.150400 0.058900 0.118800 0.000000 0.076500 0.097200 0.104500 0.124800 0.133000 0.067900 0.129900 0.076600 0.050500 0.164600 0.138100 0.058900 0.098900 0.013400 0.129200 0.107800 0.151200 0.147900 0.072800 0.180600 0.021500 0.047500 0.120900 0.045400 0.071300 0.119200 0.152200 0.172000 0.093400 0.153800 0.144400 0.111700 0.073500 0.090600 0.111200 0.084800 0.146900 0.145400 0.130000
CommonDuik 0.093100 0.360000 0.141900 0.324800 0.065700 0.096500 0.044000 0.085000 0.134000 0.149900 0.079000 0.127800 0.076500 0.000000 0.094000 0.095300 0.133800 0.138900 0.076500 0.135600 0.079200 0.064900 0.170500 0.140600 0.079200 0.095700 0.073800 0.135000 0.098500 0.153900 0.147300 0.034600 0.180000 0.070900 0.079300 0.111100 0.071600 0.074100 0.121800 0.145000 0.171300 0.090200 0.153300 0.143700 0.108200 0.076200 0.093300 0.102000 0.069800 0.153100 0.141600 0.132700
Suni 0.101900 0.382900 0.150600 0.372900 0.086400 0.099400 0.104900 0.111400 0.142700 0.178400 0.099700 0.136600 0.097200 0.094000 0.000000 0.133700 0.152200 0.160800 0.094300 0.144300 0.105500 0.085400 0.179500 0.169100 0.099900 0.115900 0.094500 0.143600 0.124900 0.162600 0.162600 0.101900 0.189000 0.097600 0.105600 0.132300 0.092100 0.094900 0.154700 0.154000 0.187100 0.116500 0.181900 0.171400 0.129400 0.102900 0.125800 0.113300 0.114200 0.180700 0.156800 0.141300
Springbuck 0.115100 0.388900 0.176500 0.365600 0.099900 0.118600 0.082900 0.083100 0.143200 0.181800 0.107100 0.162800 0.104500 0.095300 0.133700 0.000000 0.165600 0.164700 0.113600 0.170200 0.060300 0.104700 0.202900 0.176000 0.107300 0.054000 0.107900 0.169400 0.045600 0.169200 0.179300 0.097300 0.192100 0.110900 0.112800 0.145600 0.099500 0.108300 0.101600 0.183800 0.210700 0.048600 0.185300 0.182400 0.152200 0.110100 0.079700 0.150800 0.097500 0.175400 0.182800 0.154600
Okapi 0.148400 0.341100 0.157400 0.339400 0.126600 0.152400 0.132300 0.132900 0.159500 0.162100 0.133600 0.139600 0.124800 0.133800 0.152200 0.165600 0.000000 0.055700 0.131300 0.164100 0.136400 0.125000 0.143200 0.129800 0.133900 0.153300 0.128300 0.176500 0.162700 0.173100 0.159400 0.122900 0.150100 0.138100 0.139700 0.141600 0.126100 0.135300 0.187800 0.137600 0.153700 0.153900 0.158900 0.132900 0.141800 0.143300 0.151100 0.183000 0.132900 0.145800 0.177100 0.157900
Giraffe 0.147300 0.337900 0.159600 0.318000 0.138100 0.147600 0.137400 0.144400 0.154900 0.167900 0.138700 0.141800 0.133000 0.138900 0.160800 0.164700 0.055700 0.000000 0.136400 0.159600 0.148000 0.136400 0.148700 0.131900 0.139000 0.171700 0.136700 0.172100 0.168300 0.182200 0.161900 0.134100 0.158800 0.136700 0.148300 0.153600 0.131100 0.147000 0.180400 0.143000 0.159400 0.152900 0.164600 0.128500 0.153800 0.148500 0.156500 0.182300 0.131600 0.144700 0.179500 0.160000
TibetanAnt 0.067100 0.357700 0.145700 0.326600 0.074900 0.070300 0.081600 0.100300 0.137700 0.153800 0.058900 0.134700 0.067900 0.076500 0.094300 0.113600 0.131300 0.136400 0.000000 0.139400 0.091500 0.050600 0.168100 0.144700 0.059000 0.114100 0.065200 0.138700 0.123100 0.157700 0.154500 0.078700 0.168000 0.068200 0.073600 0.140000 0.051200 0.083300 0.137500 0.146000 0.175600 0.108500 0.157200 0.147800 0.130600 0.079500 0.108700 0.111200 0.078900 0.144100 0.151900 0.136400
Sitatunga 0.124800 0.358900 0.033500 0.352000 0.122100 0.128600 0.140500 0.134700 0.029900 0.157400 0.129000 0.093800 0.129900 0.135600 0.144300 0.170200 0.164100 0.159600 0.139400 0.000000 0.141300 0.114200 0.171800 0.148400 0.129300 0.158100 0.127200 0.022100 0.167600 0.039000 0.158300 0.124800 0.184800 0.130400 0.132100 0.111400 0.115200 0.124500 0.179500 0.172900 0.186200 0.146100 0.160900 0.145000 0.105300 0.126100 0.143300 0.152300 0.134700 0.160800 0.033400 0.025000
Oribi 0.105100 0.362000 0.147600 0.343200 0.077600 0.102600 0.078400 0.049700 0.133300 0.152500 0.079200 0.127300 0.076600 0.079200 0.105500 0.060300 0.136400 0.148000 0.091500 0.141300 0.000000 0.076700 0.163500 0.156200 0.079300 0.049000 0.079800 0.140600 0.057400 0.146700 0.149900 0.075500 0.179500 0.082800 0.090800 0.110700 0.077300 0.086000 0.079800 0.154200 0.170900 0.043600 0.152900 0.159400 0.117100 0.088000 0.046500 0.134800 0.087400 0.158900 0.153800 0.132000
BarbaryShe 0.043400 0.345600 0.120400 0.314700 0.063000 0.047300 0.070000 0.082400 0.112400 0.121800 0.024900 0.112600 0.050500 0.064900 0.085400 0.104700 0.125000 0.136400 0.050600 0.114200 0.076700 0.000000 0.148500 0.131800 0.024100 0.093200 0.046300 0.113700 0.108000 0.132300 0.125500 0.055600 0.171200 0.050800 0.059100 0.108700 0.022500 0.071500 0.113400 0.136100 0.155800 0.087700 0.125200 0.134900 0.099500 0.067800 0.090800 0.099300 0.083900 0.150600 0.126500 0.111300
Daviddeer 0.178900 0.365700 0.165000 0.366800 0.163600 0.176600 0.175300 0.176100 0.167300 0.092000 0.157300 0.157400 0.164600 0.170500 0.179500 0.202900 0.143200 0.148700 0.168100 0.171800 0.163500 0.148500 0.000000 0.095500 0.157600 0.190400 0.161900 0.177600 0.200300 0.180900 0.086200 0.158800 0.184100 0.172100 0.176700 0.165900 0.156400 0.165800 0.219300 0.096400 0.011600 0.184600 0.082800 0.098500 0.172800 0.167200 0.175000 0.197700 0.182600 0.153700 0.178200 0.158900
Reindeer 0.161900 0.342900 0.144900 0.345300 0.143400 0.159500 0.136000 0.149400 0.143700 0.104200 0.146900 0.130400 0.138100 0.140600 0.169100 0.176000 0.129800 0.131900 0.144700 0.148400 0.156200 0.131800 0.095500 0.000000 0.147200 0.170100 0.135400 0.151000 0.173200 0.153900 0.098400 0.129500 0.187200 0.138700 0.137000 0.145400 0.129800 0.145700 0.198400 0.074200 0.105000 0.164300 0.101100 0.025800 0.145600 0.140700 0.161500 0.180600 0.152500 0.156500 0.151200 0.138800
Ibex 0.052600 0.356200 0.135500 0.309000 0.071600 0.055700 0.072600 0.091000 0.127600 0.143500 0.005300 0.121600 0.058900 0.079200 0.099900 0.107300 0.133900 0.139000 0.059000 0.129300 0.079300 0.024100 0.157600 0.147200 0.000000 0.101700 0.056200 0.128600 0.110600 0.147400 0.147300 0.075200 0.173700 0.059200 0.061700 0.117500 0.030900 0.080000 0.110000 0.148200 0.164900 0.096200 0.146900 0.150300 0.120700 0.076200 0.093400 0.107800 0.087400 0.146700 0.135400 0.126300
GyrantGaze 0.127500 0.369100 0.164400 0.375300 0.094300 0.125000 0.088900 0.065800 0.143900 0.176100 0.101500 0.137900 0.098900 0.095700 0.115900 0.054000 0.153300 0.171700 0.114100 0.158100 0.049000 0.093200 0.190400 0.170100 0.101700 0.000000 0.102300 0.157300 0.045600 0.157000 0.173500 0.091800 0.192800 0.105400 0.101300 0.127400 0.099900 0.102600 0.095800 0.178000 0.198000 0.015500 0.179500 0.176400 0.133900 0.104500 0.062600 0.151300 0.103700 0.182500 0.170600 0.148800
Hartebeest 0.076000 0.340200 0.136500 0.331100 0.060200 0.073400 0.073000 0.079600 0.125400 0.147700 0.056200 0.116000 0.013400 0.073800 0.094500 0.107900 0.128300 0.136700 0.065200 0.127200 0.079800 0.046300 0.161900 0.135400 0.056200 0.102300 0.000000 0.126500 0.111200 0.148500 0.145100 0.070200 0.177900 0.018800 0.044800 0.124500 0.042600 0.068600 0.110600 0.149500 0.169300 0.096700 0.151100 0.135200 0.115300 0.070800 0.088000 0.102500 0.088000 0.150800 0.142700 0.127300
Bongo 0.130400 0.365500 0.044700 0.358300 0.121500 0.134200 0.139800 0.127800 0.036600 0.169800 0.128400 0.099500 0.129200 0.135000 0.143600 0.169400 0.176500 0.172100 0.138700 0.022100 0.140600 0.113700 0.177600 0.151000 0.128600 0.157300 0.126500 0.000000 0.160400 0.044400 0.164000 0.124200 0.197100 0.129800 0.131400 0.110900 0.114700 0.123900 0.185000 0.172000 0.185200 0.145400 0.173300 0.147500 0.104800 0.125500 0.142600 0.145300 0.134000 0.159900 0.038900 0.029600
Gerenuk 0.130500 0.386100 0.173900 0.375600 0.091200 0.128100 0.091800 0.062900 0.146900 0.185800 0.107400 0.147300 0.107800 0.098500 0.124900 0.045600 0.162700 0.168300 0.123100 0.167600 0.057400 0.108000 0.200300 0.173200 0.110600 0.045600 0.111200 0.160400 0.000000 0.160200 0.183300 0.100500 0.182900 0.114300 0.110100 0.124200 0.102800 0.099500 0.110100 0.174400 0.208000 0.040300 0.189300 0.179500 0.130600 0.107500 0.076700 0.154300 0.106700 0.172500 0.180200 0.158200
CommonElan 0.149100 0.382400 0.050400 0.371000 0.140500 0.153000 0.152200 0.146500 0.048000 0.173000 0.147100 0.102400 0.151200 0.153900 0.162600 0.169200 0.173100 0.182200 0.157700 0.039000 0.146700 0.132300 0.180900 0.153900 0.147400 0.157000 0.148500 0.044400 0.160200 0.000000 0.167300 0.136400 0.193600 0.151800 0.146900 0.110700 0.133400 0.142800 0.191100 0.182000 0.195400 0.145100 0.176500 0.150500 0.110800 0.138000 0.148600 0.170500 0.146400 0.166500 0.038900 0.030500
MuntiacusR 0.152300 0.373900 0.158200 0.383300 0.153300 0.149800 0.158600 0.162700 0.153600 0.034300 0.147000 0.157200 0.147900 0.147300 0.162600 0.179300 0.159400 0.161900 0.154500 0.158300 0.149900 0.125500 0.086200 0.098400 0.147300 0.173500 0.145100 0.164000 0.183300 0.167300 0.000000 0.139300 0.182700 0.138500 0.150100 0.165700 0.133000 0.162200 0.198800 0.099300 0.099200 0.164600 0.031400 0.098300 0.159200 0.163600 0.171400 0.187500 0.159100 0.166600 0.164600 0.145500
HarveysDui 0.083400 0.351000 0.130900 0.325300 0.073800 0.086700 0.033800 0.069600 0.129400 0.145000 0.075400 0.117100 0.072800 0.034600 0.101900 0.097300 0.122900 0.134100 0.078700 0.124800 0.075500 0.055600 0.158800 0.129500 0.075200 0.091800 0.070200 0.124200 0.100500 0.136400 0.139300 0.000000 0.174800 0.073100 0.069800 0.107000 0.068000 0.082100 0.111700 0.153200 0.166100 0.080500 0.148300 0.126200 0.104100 0.078300 0.095200 0.109900 0.072000 0.148200 0.130700 0.121900
Pronghorn 0.188200 0.433500 0.198000 0.383000 0.180000 0.185900 0.178300 0.178800 0.187000 0.185300 0.173300 0.204300 0.180600 0.180000 0.189000 0.192100 0.150100 0.158800 0.168000 0.184800 0.179500 0.171200 0.184100 0.187200 0.173700 0.192800 0.177900 0.197100 0.182900 0.193600 0.182700 0.174800 0.000000 0.184800 0.186000 0.198800 0.166100 0.188900 0.208100 0.175200 0.198600 0.187100 0.182200 0.183600 0.192300 0.196700 0.197600 0.210500 0.162700 0.176400 0.204600 0.185100
BlueWildeb 0.078900 0.344800 0.139800 0.331900 0.063200 0.076400 0.076000 0.082700 0.128700 0.141100 0.058400 0.119300 0.021500 0.070900 0.097600 0.110900 0.138100 0.136700 0.068200 0.130400 0.082800 0.050800 0.172100 0.138700 0.059200 0.105400 0.018800 0.129800 0.114300 0.151800 0.138500 0.073100 0.184800 0.000000 0.047700 0.127800 0.045600 0.071600 0.113700 0.152900 0.179700 0.093800 0.144500 0.145000 0.118500 0.073800 0.097000 0.111700 0.091000 0.157600 0.146000 0.130500
Gemsbok 0.081400 0.340500 0.141400 0.326900 0.071600 0.078900 0.072700 0.078800 0.124100 0.155800 0.061600 0.121100 0.047500 0.079300 0.105600 0.112800 0.139700 0.148300 0.073600 0.132100 0.090800 0.059100 0.176700 0.137000 0.061700 0.101300 0.044800 0.131400 0.110100 0.146900 0.150100 0.069800 0.186000 0.047700 0.000000 0.110800 0.053700 0.080100 0.121500 0.157600 0.184200 0.089900 0.159200 0.136900 0.107800 0.082200 0.104900 0.119500 0.096300 0.159000 0.141200 0.132200
Yak 0.138100 0.368600 0.111300 0.341400 0.109900 0.135600 0.116200 0.110400 0.103300 0.171500 0.117300 0.054800 0.120900 0.111100 0.132300 0.145600 0.141600 0.153600 0.140000 0.111400 0.110700 0.108700 0.165900 0.145400 0.117500 0.127400 0.124500 0.110900 0.124200 0.110700 0.165700 0.107000 0.198800 0.127800 0.110800 0.000000 0.109500 0.118600 0.161000 0.146700 0.180300 0.115700 0.175100 0.135500 0.028200 0.133000 0.131300 0.140400 0.138300 0.154900 0.111200 0.102300
BlueSheep 0.044800 0.331900 0.121400 0.309900 0.051900 0.042200 0.065000 0.077100 0.113400 0.129300 0.030900 0.113600 0.045400 0.071600 0.092100 0.099500 0.126100 0.131100 0.051200 0.115200 0.077300 0.022500 0.156400 0.129800 0.030900 0.099900 0.042600 0.114700 0.102800 0.133400 0.133000 0.068000 0.166100 0.045600 0.053700 0.109500 0.000000 0.060400 0.114200 0.130900 0.163800 0.094300 0.132600 0.136100 0.100300 0.062700 0.091400 0.112200 0.074100 0.139000 0.127600 0.112300
BohorReedb 0.090900 0.351600 0.130700 0.354000 0.014000 0.088400 0.073400 0.085900 0.122700 0.164700 0.079900 0.122900 0.071300 0.074100 0.094900 0.108300 0.135300 0.147000 0.083300 0.124500 0.086000 0.071500 0.165800 0.145700 0.080000 0.102600 0.068600 0.123900 0.099500 0.142800 0.162200 0.082100 0.188900 0.071600 0.080100 0.118600 0.060400 0.000000 0.129200 0.153400 0.173300 0.097100 0.168300 0.158600 0.115600 0.071100 0.091300 0.115100 0.088300 0.168100 0.136900 0.115300
KirksDik 0.141900 0.399600 0.192300 0.367700 0.120800 0.139500 0.114600 0.085400 0.171600 0.197800 0.109800 0.172100 0.119200 0.121800 0.154700 0.101600 0.187800 0.180400 0.137500 0.179500 0.079800 0.113400 0.219300 0.198400 0.110000 0.095800 0.110600 0.185000 0.110100 0.191100 0.198800 0.111700 0.208100 0.113700 0.121500 0.161000 0.114200 0.129200 0.000000 0.200000 0.227200 0.079000 0.201300 0.191500 0.167700 0.124700 0.076400 0.156300 0.126900 0.204500 0.198600 0.176400
RoeDeer 0.160000 0.346900 0.166000 0.348600 0.144500 0.151100 0.156500 0.150700 0.161500 0.111500 0.151400 0.144900 0.152200 0.145000 0.154000 0.183800 0.137600 0.143000 0.146000 0.172900 0.154200 0.136100 0.096400 0.074200 0.148200 0.178000 0.149500 0.172000 0.174400 0.182000 0.099300 0.153200 0.175200 0.152900 0.157600 0.146700 0.130900 0.153400 0.200000 0.000000 0.103200 0.172200 0.108400 0.071000 0.140400 0.161500 0.175900 0.168900 0.150500 0.158000 0.179400 0.159900
WhiteLippe 0.186400 0.376800 0.179200 0.359900 0.171100 0.184100 0.182800 0.183600 0.181800 0.105000 0.164600 0.171800 0.172000 0.171300 0.187100 0.210700 0.153700 0.159400 0.175600 0.186200 0.170900 0.155800 0.011600 0.105000 0.164900 0.198000 0.169300 0.185200 0.208000 0.195400 0.099200 0.166100 0.198600 0.179700 0.184200 0.180300 0.163800 0.173300 0.227200 0.103200 0.000000 0.192200 0.095700 0.108500 0.187300 0.174600 0.182500 0.198500 0.190100 0.161100 0.192700 0.173100
ThomsonGaz 0.115900 0.354200 0.152300 0.360700 0.088700 0.113500 0.083400 0.054700 0.132000 0.170300 0.096000 0.132300 0.093400 0.090200 0.116500 0.048600 0.153900 0.152900 0.108500 0.146100 0.043600 0.087700 0.184600 0.164300 0.096200 0.015500 0.096700 0.145400 0.040300 0.145100 0.164600 0.080500 0.187100 0.093800 0.089900 0.115700 0.094300 0.097100 0.079000 0.172200 0.192200 0.000000 0.173800 0.164100 0.122000 0.099000 0.057300 0.139700 0.098300 0.176700 0.158500 0.136900
MuntiacusC 0.154900 0.371900 0.160700 0.377100 0.159400 0.152500 0.164500 0.165300 0.163000 0.008400 0.146600 0.166600 0.153800 0.153300 0.181900 0.185300 0.158900 0.164600 0.157200 0.160900 0.152900 0.125200 0.082800 0.101100 0.146900 0.179500 0.151100 0.173300 0.189300 0.176500 0.031400 0.148300 0.182200 0.144500 0.159200 0.175100 0.132600 0.168300 0.201300 0.108400 0.095700 0.173800 0.000000 0.104200 0.165300 0.169600 0.170800 0.200000 0.171700 0.172700 0.173900 0.154700
WhiteTaile 0.158500 0.342500 0.141400 0.340500 0.149800 0.156100 0.142200 0.149200 0.140200 0.107200 0.150000 0.120600 0.144400 0.143700 0.171400 0.182400 0.132900 0.128500 0.147800 0.145000 0.159400 0.134900 0.098500 0.025800 0.150300 0.176400 0.135200 0.147500 0.179500 0.150500 0.098300 0.126200 0.183600 0.145000 0.136900 0.135500 0.136100 0.158600 0.191500 0.071000 0.108500 0.164100 0.104200 0.000000 0.135700 0.153400 0.161300 0.164100 0.155600 0.152200 0.147800 0.135400
Cattle 0.128800 0.369200 0.105200 0.341700 0.107000 0.120100 0.119400 0.104500 0.097100 0.161800 0.120500 0.060500 0.111700 0.108200 0.129400 0.152200 0.141800 0.153800 0.130600 0.105300 0.117100 0.099500 0.172800 0.145600 0.120700 0.133900 0.115300 0.104800 0.130600 0.110800 0.159200 0.104100 0.192300 0.118500 0.107800 0.028200 0.100300 0.115600 0.167700 0.140400 0.187300 0.122000 0.165300 0.135700 0.000000 0.130000 0.137800 0.143700 0.135400 0.155000 0.111200 0.096200
RoyalAntel 0.096000 0.368200 0.132300 0.362100 0.068000 0.093500 0.075400 0.087900 0.130800 0.166100 0.076100 0.130900 0.073500 0.076200 0.102900 0.110100 0.143300 0.148500 0.079500 0.126100 0.088000 0.067800 0.167200 0.140700 0.076200 0.104500 0.070800 0.125500 0.107500 0.138000 0.163600 0.078300 0.196700 0.073800 0.082200 0.133000 0.062700 0.071100 0.124700 0.161500 0.174600 0.099000 0.169600 0.153400 0.130000 0.000000 0.090200 0.122900 0.090300 0.169400 0.125900 0.123200
Steenbok 0.125200 0.362800 0.149500 0.368700 0.082900 0.122800 0.086500 0.063400 0.141700 0.167300 0.093200 0.142000 0.090600 0.093300 0.125800 0.079700 0.151100 0.156500 0.108700 0.143300 0.046500 0.090800 0.175000 0.161500 0.093400 0.062600 0.088000 0.142600 0.076700 0.148600 0.171400 0.095200 0.197600 0.097000 0.104900 0.131300 0.091400 0.091300 0.076400 0.175900 0.182500 0.057300 0.170800 0.161300 0.137800 0.090200 0.000000 0.139600 0.107400 0.160900 0.155600 0.134000
Impala 0.121800 0.409000 0.152100 0.343200 0.106700 0.125500 0.118900 0.137600 0.157200 0.196500 0.107600 0.151100 0.111200 0.102000 0.113300 0.150800 0.183000 0.182300 0.111200 0.152300 0.134800 0.099300 0.197700 0.180600 0.107800 0.151300 0.102500 0.145300 0.154300 0.170500 0.187500 0.109900 0.210500 0.111700 0.119500 0.140400 0.112200 0.115100 0.156300 0.168900 0.198500 0.139700 0.200000 0.164100 0.143700 0.122900 0.139600 0.000000 0.137500 0.189800 0.164700 0.143100
Klipspring 0.095400 0.356400 0.131500 0.318300 0.080000 0.098800 0.069200 0.093200 0.126700 0.168200 0.087300 0.136300 0.084800 0.069800 0.114200 0.097500 0.132900 0.131600 0.078900 0.134700 0.087400 0.083900 0.182600 0.152500 0.087400 0.103700 0.088000 0.134000 0.106700 0.146400 0.159100 0.072000 0.162700 0.091000 0.096300 0.138300 0.074100 0.088300 0.126900 0.150500 0.190100 0.098300 0.171700 0.155600 0.135400 0.090300 0.107400 0.137500 0.000000 0.148900 0.134400 0.125400
ForestMusk 0.161300 0.386000 0.160700 0.327000 0.159300 0.165400 0.151600 0.158500 0.159500 0.169200 0.146500 0.153100 0.146900 0.153100 0.180700 0.175400 0.145800 0.144700 0.144100 0.160800 0.158900 0.150600 0.153700 0.156500 0.146700 0.182500 0.150800 0.159900 0.172500 0.166500 0.166600 0.148200 0.176400 0.157600 0.159000 0.154900 0.139000 0.168100 0.204500 0.158000 0.161100 0.176700 0.172700 0.152200 0.155000 0.169400 0.160900 0.189800 0.148900 0.000000 0.167100 0.151200
Bushbuck 0.143300 0.370900 0.039200 0.351400 0.134600 0.147300 0.140200 0.147100 0.048200 0.170300 0.135100 0.102800 0.145400 0.141600 0.156800 0.182800 0.177100 0.179500 0.151900 0.033400 0.153800 0.126500 0.178200 0.151200 0.135400 0.170600 0.142700 0.038900 0.180200 0.038900 0.164600 0.130700 0.204600 0.146000 0.141200 0.111200 0.127600 0.136900 0.198600 0.179400 0.192700 0.158500 0.173900 0.147800 0.111200 0.125900 0.155600 0.164700 0.134400 0.167100 0.000000 0.030600
GreaterKud 0.122000 0.355400 0.036400 0.340800 0.112900 0.125800 0.131300 0.131800 0.028200 0.151200 0.126100 0.087700 0.130000 0.132700 0.141300 0.154600 0.157900 0.160000 0.136400 0.025000 0.132000 0.111300 0.158900 0.138800 0.126300 0.148800 0.127300 0.029600 0.158200 0.030500 0.145500 0.121900 0.185100 0.130500 0.132200 0.102300 0.112300 0.115300 0.176400 0.159900 0.173100 0.136900 0.154700 0.135400 0.096200 0.123200 0.134000 0.143100 0.125400 0.151200 0.030600 0.000000
