CODONML (in paml version 4.10.7, June 2023)  /home/rachel/ruminants_paml/6406-phy-tree/ENSBTAT00000001963.fasta.phy
Model: free dN/dS Ratios for branches,  kappa = 2.000 fixed

Codon frequency model: F3x4
ns =  54  ls = 123

Codon usage in sequences
--------------------------------------------------------------------------------------------------------------------------------------
Phe TTT   1   0   1   1   0   0 | Ser TCT   0   0   0   0   1   0 | Tyr TAT   0   1   1   1   2   1 | Cys TGT   0   0   0   0   0   0
    TTC   4   5   4   4   5   5 |     TCC   1   1   1   1   1   2 |     TAC   3   2   2   2   1   2 |     TGC   2   2   2   2   2   2
Leu TTA   0   0   0   0   0   0 |     TCA   1   1   1   2   0   0 | *** TAA   0   0   0   0   0   0 | *** TGA   0   0   0   0   0   0
    TTG   0   0   0   0   1   1 |     TCG   1   1   1   0   1   1 |     TAG   0   0   0   0   0   0 | Trp TGG   2   2   2   2   2   2
--------------------------------------------------------------------------------------------------------------------------------------
Leu CTT   1   1   1   1   2   1 | Pro CCT   0   0   0   0   0   0 | His CAT   0   0   0   0   0   0 | Arg CGT   1   0   1   1   0   0
    CTC   2   3   2   2   2   4 |     CCC   5   5   4   5   6   4 |     CAC   2   2   2   2   2   2 |     CGC   1   1   1   0   1   2
    CTA   0   0   0   0   0   0 |     CCA   2   2   1   1   1   1 | Gln CAA   0   0   0   0   0   0 |     CGA   1   2   1   1   1   1
    CTG   6   5   6   6   4   3 |     CCG   0   0   2   1   0   1 |     CAG   4   4   4   4   4   4 |     CGG   3   3   3   4   4   4
--------------------------------------------------------------------------------------------------------------------------------------
Ile ATT   1   2   1   1   2   2 | Thr ACT   1   0   0   0   0   0 | Asn AAT   3   4   3   3   3   3 | Ser AGT   0   1   0   0   1   0
    ATC   8   7   8   8   7   7 |     ACC   2   2   2   2   2   2 |     AAC   5   4   5   5   5   5 |     AGC   3   2   3   3   2   3
    ATA   0   0   0   0   0   0 |     ACA   0   1   1   1   2   2 | Lys AAA   3   3   3   3   3   2 | Arg AGA   0   0   0   0   0   0
Met ATG   2   2   2   2   2   2 |     ACG   1   1   1   1   0   0 |     AAG   9   9   9   9   9  10 |     AGG   1   1   1   1   1   1
--------------------------------------------------------------------------------------------------------------------------------------
Val GTT   0   0   1   1   0   1 | Ala GCT   1   1   1   1   1   1 | Asp GAT   2   1   3   5   3   4 | Gly GGT   0   0   0   0   0   0
    GTC   2   2   1   1   1   1 |     GCC   4   5   4   3   3   4 |     GAC   8   9   7   5   7   6 |     GGC   3   3   3   2   2   2
    GTA   0   0   0   0   0   0 |     GCA   2   1   2   2   3   1 | Glu GAA   0   0   0   0   0   0 |     GGA   0   1   0   1   0   0
    GTG   5   5   5   5   6   5 |     GCG   0   0   0   1   0   1 |     GAG  12  12  12  12  12  12 |     GGG   2   1   2   2   3   3
--------------------------------------------------------------------------------------------------------------------------------------

--------------------------------------------------------------------------------------------------------------------------------------
Phe TTT   1   1   1   1   1   1 | Ser TCT   0   0   0   0   0   0 | Tyr TAT   1   0   1   1   1   1 | Cys TGT   0   0   0   0   0   0
    TTC   4   4   4   4   4   4 |     TCC   1   1   1   1   1   1 |     TAC   2   3   2   2   2   2 |     TGC   2   2   2   2   2   2
Leu TTA   0   0   0   0   0   0 |     TCA   1   1   1   1   1   1 | *** TAA   0   0   0   0   0   0 | *** TGA   0   0   0   0   0   0
    TTG   0   0   0   0   0   0 |     TCG   1   1   1   1   1   1 |     TAG   0   0   0   0   0   0 | Trp TGG   2   2   2   2   2   2
--------------------------------------------------------------------------------------------------------------------------------------
Leu CTT   1   1   1   1   1   1 | Pro CCT   0   0   0   1   0   0 | His CAT   0   0   0   0   0   0 | Arg CGT   0   0   0   0   1   0
    CTC   2   2   2   2   2   2 |     CCC   5   5   5   5   5   6 |     CAC   2   2   2   2   2   2 |     CGC   1   2   1   1   1   1
    CTA   0   0   0   0   0   0 |     CCA   2   2   2   1   1   1 | Gln CAA   0   0   0   0   0   0 |     CGA   1   1   1   2   1   1
    CTG   6   6   6   6   6   6 |     CCG   0   0   0   0   1   0 |     CAG   4   4   4   4   4   4 |     CGG   4   3   4   3   3   4
--------------------------------------------------------------------------------------------------------------------------------------
Ile ATT   1   1   1   1   1   1 | Thr ACT   1   1   1   1   0   0 | Asn AAT   3   3   4   3   3   3 | Ser AGT   1   0   0   0   0   0
    ATC   8   8   8   8   8   8 |     ACC   2   2   2   2   2   2 |     AAC   5   5   4   5   5   5 |     AGC   2   3   3   3   3   3
    ATA   0   0   0   0   0   0 |     ACA   0   0   0   0   1   2 | Lys AAA   3   3   3   3   3   3 | Arg AGA   0   0   0   0   0   1
Met ATG   2   2   2   2   2   2 |     ACG   1   1   1   1   1   0 |     AAG   9   9   9   9   9   9 |     AGG   1   1   1   1   1   0
--------------------------------------------------------------------------------------------------------------------------------------
Val GTT   0   0   0   0   1   1 | Ala GCT   1   1   2   2   1   2 | Asp GAT   4   2   2   3   2   2 | Gly GGT   0   0   0   0   0   0
    GTC   2   2   2   2   1   1 |     GCC   4   4   3   3   4   3 |     GAC   6   8   8   7   8   8 |     GGC   3   3   3   3   3   2
    GTA   0   0   0   0   0   0 |     GCA   2   2   2   2   2   2 | Glu GAA   0   0   0   0   0   1 |     GGA   0   0   0   1   0   1
    GTG   5   5   5   5   5   5 |     GCG   0   0   0   0   0   0 |     GAG  12  12  12  12  12  11 |     GGG   2   2   2   1   2   2
--------------------------------------------------------------------------------------------------------------------------------------

--------------------------------------------------------------------------------------------------------------------------------------
Phe TTT   1   1   1   1   1   1 | Ser TCT   0   0   0   0   0   0 | Tyr TAT   0   1   1   1   1   1 | Cys TGT   0   0   0   0   0   1
    TTC   4   4   4   4   4   4 |     TCC   1   1   1   1   1   1 |     TAC   3   2   2   2   2   2 |     TGC   2   2   2   2   2   1
Leu TTA   0   0   0   0   0   0 |     TCA   1   1   1   1   1   1 | *** TAA   0   0   0   0   0   0 | *** TGA   0   0   0   0   0   0
    TTG   0   0   0   0   0   0 |     TCG   1   1   1   1   1   1 |     TAG   0   0   0   0   0   0 | Trp TGG   2   2   2   2   2   2
--------------------------------------------------------------------------------------------------------------------------------------
Leu CTT   1   1   1   1   1   1 | Pro CCT   0   0   0   0   0   1 | His CAT   0   0   0   0   0   0 | Arg CGT   0   0   0   0   0   0
    CTC   2   2   2   2   2   2 |     CCC   5   5   5   5   5   5 |     CAC   2   2   2   2   2   2 |     CGC   2   1   1   0   1   1
    CTA   0   1   0   0   0   0 |     CCA   2   2   2   2   2   1 | Gln CAA   0   0   0   0   0   0 |     CGA   1   1   2   1   1   2
    CTG   6   5   6   6   6   6 |     CCG   0   0   0   0   0   0 |     CAG   4   4   4   4   4   4 |     CGG   3   4   3   5   4   3
--------------------------------------------------------------------------------------------------------------------------------------
Ile ATT   1   1   1   1   1   1 | Thr ACT   1   0   1   1   1   1 | Asn AAT   3   3   3   3   3   3 | Ser AGT   0   0   0   0   0   0
    ATC   8   8   8   8   8   8 |     ACC   2   2   2   2   2   2 |     AAC   5   5   5   5   5   5 |     AGC   3   3   3   3   3   3
    ATA   0   0   0   0   0   0 |     ACA   0   1   0   0   1   0 | Lys AAA   3   3   3   3   3   3 | Arg AGA   0   0   0   0   0   0
Met ATG   2   2   2   2   2   2 |     ACG   1   1   1   1   0   1 |     AAG   9   9   9   9   9   9 |     AGG   1   1   1   1   1   1
--------------------------------------------------------------------------------------------------------------------------------------
Val GTT   0   1   0   0   0   0 | Ala GCT   1   1   2   1   1   2 | Asp GAT   2   2   2   2   2   4 | Gly GGT   0   0   0   0   0   0
    GTC   2   1   2   2   2   2 |     GCC   4   4   3   4   4   3 |     GAC   8   8   8   8   8   6 |     GGC   3   3   3   3   3   3
    GTA   0   0   0   0   0   0 |     GCA   2   2   2   2   2   2 | Glu GAA   0   0   0   0   0   0 |     GGA   0   1   0   0   0   1
    GTG   5   5   5   5   5   5 |     GCG   0   0   0   0   0   0 |     GAG  12  12  12  12  12  12 |     GGG   2   1   2   2   2   1
--------------------------------------------------------------------------------------------------------------------------------------

--------------------------------------------------------------------------------------------------------------------------------------
Phe TTT   1   1   1   1   1   1 | Ser TCT   0   0   0   0   0   0 | Tyr TAT   1   1   0   1   1   0 | Cys TGT   0   0   0   0   0   0
    TTC   4   4   4   4   4   4 |     TCC   1   1   1   1   1   1 |     TAC   2   2   3   2   2   3 |     TGC   2   2   2   2   2   2
Leu TTA   0   0   0   0   0   0 |     TCA   1   1   1   1   1   1 | *** TAA   0   0   0   0   0   0 | *** TGA   0   0   0   0   0   0
    TTG   0   0   0   0   0   0 |     TCG   1   1   1   1   1   1 |     TAG   0   0   0   0   0   0 | Trp TGG   2   2   2   2   2   2
--------------------------------------------------------------------------------------------------------------------------------------
Leu CTT   1   1   1   1   1   1 | Pro CCT   0   0   0   0   1   0 | His CAT   0   0   0   0   0   0 | Arg CGT   0   0   0   1   0   0
    CTC   2   2   2   2   2   2 |     CCC   5   5   5   5   4   5 |     CAC   2   2   2   2   2   2 |     CGC   1   1   2   1   1   2
    CTA   1   1   0   0   0   0 |     CCA   1   1   2   1   1   2 | Gln CAA   0   0   0   0   1   0 |     CGA   1   1   1   1   2   1
    CTG   5   5   6   6   6   6 |     CCG   1   1   0   1   1   0 |     CAG   4   4   4   4   3   4 |     CGG   4   4   3   3   2   3
--------------------------------------------------------------------------------------------------------------------------------------
Ile ATT   1   1   2   1   1   1 | Thr ACT   0   0   1   0   1   1 | Asn AAT   3   3   3   3   3   3 | Ser AGT   1   1   0   0   0   0
    ATC   8   8   7   8   8   8 |     ACC   2   2   2   2   2   2 |     AAC   5   5   5   5   5   5 |     AGC   2   2   3   3   3   3
    ATA   0   0   0   0   0   0 |     ACA   1   1   0   1   0   0 | Lys AAA   3   3   3   3   3   3 | Arg AGA   0   0   0   0   0   0
Met ATG   2   2   1   2   2   2 |     ACG   1   1   1   1   1   1 |     AAG   9   9   9   9   9   9 |     AGG   1   1   1   1   2   1
--------------------------------------------------------------------------------------------------------------------------------------
Val GTT   1   1   0   1   1   0 | Ala GCT   1   1   1   1   2   1 | Asp GAT   3   2   3   2   4   3 | Gly GGT   0   0   0   0   0   0
    GTC   1   1   2   1   1   2 |     GCC   4   4   4   4   3   4 |     GAC   7   8   7   8   6   7 |     GGC   2   2   4   3   3   3
    GTA   0   0   0   0   0   0 |     GCA   2   2   2   2   2   2 | Glu GAA   0   0   0   0   1   0 |     GGA   1   1   0   0   1   0
    GTG   5   5   6   5   5   5 |     GCG   0   0   0   0   0   0 |     GAG  12  12  11  12  11  12 |     GGG   2   2   2   2   1   2
--------------------------------------------------------------------------------------------------------------------------------------

--------------------------------------------------------------------------------------------------------------------------------------
Phe TTT   1   1   1   1   1   1 | Ser TCT   0   0   0   0   0   0 | Tyr TAT   1   1   0   1   1   1 | Cys TGT   0   0   0   0   0   0
    TTC   4   4   4   4   4   4 |     TCC   1   1   1   1   1   1 |     TAC   2   2   3   2   2   2 |     TGC   2   2   2   2   2   2
Leu TTA   0   0   0   0   0   0 |     TCA   1   1   1   1   1   1 | *** TAA   0   0   0   0   0   0 | *** TGA   0   0   0   0   0   0
    TTG   0   0   0   0   0   0 |     TCG   1   1   1   1   1   1 |     TAG   0   0   0   0   0   0 | Trp TGG   2   2   2   2   2   2
--------------------------------------------------------------------------------------------------------------------------------------
Leu CTT   1   2   1   1   1   1 | Pro CCT   0   0   0   1   0   0 | His CAT   0   0   0   0   0   0 | Arg CGT   0   0   0   1   0   1
    CTC   2   1   2   2   2   2 |     CCC   5   5   5   5   5   5 |     CAC   2   2   2   2   2   2 |     CGC   1   1   2   0   1   1
    CTA   0   0   0   0   0   0 |     CCA   1   1   2   1   2   1 | Gln CAA   0   0   0   0   0   0 |     CGA   1   1   1   3   2   1
    CTG   6   6   6   6   6   6 |     CCG   1   1   0   0   0   1 |     CAG   4   4   4   4   4   4 |     CGG   4   4   3   2   3   3
--------------------------------------------------------------------------------------------------------------------------------------
Ile ATT   1   2   1   1   1   1 | Thr ACT   0   0   1   1   1   0 | Asn AAT   4   3   3   3   3   3 | Ser AGT   0   0   0   0   0   0
    ATC   8   7   8   8   8   8 |     ACC   2   2   2   2   2   2 |     AAC   4   5   5   5   5   5 |     AGC   3   3   3   3   3   3
    ATA   0   0   0   0   0   0 |     ACA   2   2   0   0   0   1 | Lys AAA   3   3   3   3   3   3 | Arg AGA   0   0   0   0   0   0
Met ATG   2   2   2   2   2   2 |     ACG   0   0   1   1   1   1 |     AAG   9   9   9   9   9   9 |     AGG   1   1   1   1   1   1
--------------------------------------------------------------------------------------------------------------------------------------
Val GTT   1   1   0   0   0   1 | Ala GCT   1   1   1   2   2   1 | Asp GAT   2   2   2   3   2   2 | Gly GGT   0   0   0   0   0   0
    GTC   1   1   2   2   2   1 |     GCC   4   4   4   3   3   4 |     GAC   8   8   8   7   8   8 |     GGC   2   2   3   3   3   3
    GTA   0   0   0   0   0   0 |     GCA   2   2   2   2   2   2 | Glu GAA   1   1   0   0   0   0 |     GGA   1   1   0   1   0   0
    GTG   5   5   5   5   5   5 |     GCG   0   0   0   0   0   0 |     GAG  11  11  12  12  12  12 |     GGG   2   2   2   1   2   2
--------------------------------------------------------------------------------------------------------------------------------------

--------------------------------------------------------------------------------------------------------------------------------------
Phe TTT   1   1   1   1   2   1 | Ser TCT   0   0   0   0   0   0 | Tyr TAT   1   1   1   1   1   1 | Cys TGT   0   0   0   0   0   0
    TTC   4   4   4   4   3   4 |     TCC   1   1   1   1   1   1 |     TAC   2   2   2   2   2   2 |     TGC   2   2   2   2   2   2
Leu TTA   0   0   0   0   0   0 |     TCA   1   1   1   1   2   2 | *** TAA   0   0   0   0   0   0 | *** TGA   0   0   0   0   0   0
    TTG   0   0   0   0   0   0 |     TCG   1   1   1   1   0   0 |     TAG   0   0   0   0   0   0 | Trp TGG   2   2   2   2   2   2
--------------------------------------------------------------------------------------------------------------------------------------
Leu CTT   1   1   1   1   1   1 | Pro CCT   1   0   0   0   0   0 | His CAT   0   0   0   0   0   0 | Arg CGT   0   1   0   0   0   0
    CTC   2   2   2   2   2   2 |     CCC   5   5   6   5   5   5 |     CAC   2   2   2   2   2   2 |     CGC   1   1   1   1   1   1
    CTA   0   0   0   0   1   0 |     CCA   1   1   1   2   1   2 | Gln CAA   0   0   0   0   0   0 |     CGA   2   1   1   1   1   2
    CTG   6   6   6   6   5   6 |     CCG   0   1   0   0   1   0 |     CAG   4   4   4   4   4   4 |     CGG   3   3   4   4   4   3
--------------------------------------------------------------------------------------------------------------------------------------
Ile ATT   2   1   1   1   1   1 | Thr ACT   1   0   0   1   0   1 | Asn AAT   3   3   3   3   4   3 | Ser AGT   0   0   0   0   0   0
    ATC   7   8   8   8   8   8 |     ACC   2   2   2   2   2   2 |     AAC   5   5   5   5   4   5 |     AGC   3   3   3   3   3   3
    ATA   0   0   0   0   0   0 |     ACA   1   1   2   0   1   0 | Lys AAA   3   3   3   3   3   3 | Arg AGA   0   0   1   0   0   1
Met ATG   2   2   2   2   2   2 |     ACG   0   1   0   1   1   1 |     AAG   9   9   9   9   9   9 |     AGG   1   1   0   1   1   0
--------------------------------------------------------------------------------------------------------------------------------------
Val GTT   0   1   1   0   1   1 | Ala GCT   2   1   2   1   2   2 | Asp GAT   3   2   2   3   3   2 | Gly GGT   0   0   0   0   0   0
    GTC   2   1   1   2   1   1 |     GCC   3   3   3   4   2   3 |     GAC   7   8   8   7   7   8 |     GGC   3   3   2   3   2   3
    GTA   0   0   0   1   0   0 |     GCA   2   2   2   2   2   2 | Glu GAA   0   0   1   0   0   0 |     GGA   1   0   1   0   1   0
    GTG   5   5   5   4   5   5 |     GCG   0   1   0   0   1   0 |     GAG  12  12  11  12  12  12 |     GGG   1   2   2   2   2   2
--------------------------------------------------------------------------------------------------------------------------------------

--------------------------------------------------------------------------------------------------------------------------------------
Phe TTT   2   1   1   1   1   1 | Ser TCT   0   0   0   0   0   0 | Tyr TAT   1   1   0   1   1   1 | Cys TGT   0   0   0   0   0   0
    TTC   3   4   4   4   4   4 |     TCC   1   1   1   1   1   1 |     TAC   2   2   3   2   2   2 |     TGC   2   2   2   2   2   2
Leu TTA   0   0   0   0   0   0 |     TCA   1   1   1   2   1   1 | *** TAA   0   0   0   0   0   0 | *** TGA   0   0   0   0   0   0
    TTG   0   0   0   0   0   0 |     TCG   1   1   1   0   1   1 |     TAG   0   0   0   0   0   0 | Trp TGG   2   2   2   2   2   2
--------------------------------------------------------------------------------------------------------------------------------------
Leu CTT   1   1   1   1   1   1 | Pro CCT   0   0   0   0   1   0 | His CAT   0   0   0   0   0   0 | Arg CGT   0   0   0   0   0   0
    CTC   2   2   2   2   2   2 |     CCC   6   5   5   5   5   5 |     CAC   2   2   2   2   2   2 |     CGC   1   1   2   1   1   1
    CTA   0   1   0   0   0   0 |     CCA   1   2   2   2   1   1 | Gln CAA   0   0   0   0   0   0 |     CGA   3   1   1   1   2   1
    CTG   6   5   6   6   6   6 |     CCG   0   0   0   0   0   1 |     CAG   4   4   4   4   4   4 |     CGG   2   4   3   4   3   4
--------------------------------------------------------------------------------------------------------------------------------------
Ile ATT   1   1   1   1   1   2 | Thr ACT   1   0   1   2   1   0 | Asn AAT   3   3   3   3   3   3 | Ser AGT   0   0   0   1   0   0
    ATC   8   8   8   8   8   7 |     ACC   2   2   2   2   2   2 |     AAC   5   5   5   5   5   5 |     AGC   3   3   3   2   3   3
    ATA   0   0   0   0   0   0 |     ACA   0   1   0   0   0   2 | Lys AAA   3   3   3   3   3   3 | Arg AGA   0   0   0   0   0   0
Met ATG   2   2   2   2   2   2 |     ACG   1   1   1   0   1   0 |     AAG   9   9   9   9   9   9 |     AGG   1   1   1   1   1   1
--------------------------------------------------------------------------------------------------------------------------------------
Val GTT   0   1   0   0   0   1 | Ala GCT   2   1   1   1   2   1 | Asp GAT   2   2   2   4   4   2 | Gly GGT   0   0   0   0   0   0
    GTC   2   1   2   2   2   1 |     GCC   3   4   4   4   3   4 |     GAC   8   8   8   6   6   8 |     GGC   3   3   3   3   3   2
    GTA   0   0   0   0   0   0 |     GCA   2   2   2   2   2   2 | Glu GAA   0   0   0   0   1   1 |     GGA   0   0   0   0   1   1
    GTG   5   5   5   5   5   5 |     GCG   0   0   0   0   0   0 |     GAG  12  12  12  12  11  11 |     GGG   2   2   2   2   1   2
--------------------------------------------------------------------------------------------------------------------------------------

--------------------------------------------------------------------------------------------------------------------------------------
Phe TTT   1   1   1   1   1   1 | Ser TCT   0   0   0   0   0   0 | Tyr TAT   1   1   1   2   1   1 | Cys TGT   0   0   0   0   0   0
    TTC   4   4   4   4   4   4 |     TCC   1   1   1   1   1   1 |     TAC   2   2   2   1   2   2 |     TGC   2   2   2   2   2   2
Leu TTA   0   0   0   0   0   0 |     TCA   1   1   1   1   1   1 | *** TAA   0   0   0   0   0   0 | *** TGA   0   0   0   0   0   0
    TTG   0   0   0   0   0   0 |     TCG   1   1   1   1   1   1 |     TAG   0   0   0   0   0   0 | Trp TGG   2   2   2   2   2   2
--------------------------------------------------------------------------------------------------------------------------------------
Leu CTT   1   1   1   1   1   1 | Pro CCT   0   1   0   0   0   1 | His CAT   0   0   0   0   0   0 | Arg CGT   0   1   0   0   0   0
    CTC   2   2   2   2   2   2 |     CCC   5   5   6   6   5   4 |     CAC   2   2   2   2   2   2 |     CGC   1   0   1   2   1   0
    CTA   0   0   0   0   1   1 |     CCA   1   1   1   1   2   1 | Gln CAA   0   0   0   0   0   0 |     CGA   1   3   1   1   1   1
    CTG   6   6   6   6   5   5 |     CCG   1   0   0   0   0   1 |     CAG   4   4   4   4   4   4 |     CGG   4   2   4   3   4   4
--------------------------------------------------------------------------------------------------------------------------------------
Ile ATT   1   1   1   2   1   1 | Thr ACT   0   1   0   0   0   1 | Asn AAT   5   3   3   3   3   2 | Ser AGT   0   0   0   0   0   0
    ATC   8   8   8   7   8   8 |     ACC   2   2   2   2   2   2 |     AAC   3   5   5   5   5   6 |     AGC   3   3   3   3   3   3
    ATA   0   0   0   0   0   0 |     ACA   2   0   2   1   1   0 | Lys AAA   3   3   3   3   3   3 | Arg AGA   0   0   1   0   0   0
Met ATG   2   2   2   2   2   2 |     ACG   0   1   0   1   1   1 |     AAG   9   9   9   9   9   9 |     AGG   1   1   0   1   1   2
--------------------------------------------------------------------------------------------------------------------------------------
Val GTT   1   0   1   1   1   0 | Ala GCT   1   2   2   1   1   1 | Asp GAT   3   5   2   2   2   2 | Gly GGT   0   0   0   0   0   0
    GTC   1   2   1   1   1   2 |     GCC   3   3   3   4   3   4 |     GAC   7   5   8   8   8   7 |     GGC   2   3   2   2   3   3
    GTA   0   0   0   0   0   0 |     GCA   3   2   2   2   2   2 | Glu GAA   1   0   1   2   0   0 |     GGA   1   1   1   1   0   0
    GTG   5   5   5   5   5   5 |     GCG   0   0   0   0   1   0 |     GAG  11  12  11  10  12  13 |     GGG   2   1   2   2   2   2
--------------------------------------------------------------------------------------------------------------------------------------

--------------------------------------------------------------------------------------------------------------------------------------
Phe TTT   1   2   1   1   1   1 | Ser TCT   0   0   0   0   0   0 | Tyr TAT   1   2   1   1   1   1 | Cys TGT   0   0   1   0   0   0
    TTC   4   3   4   4   4   4 |     TCC   1   1   1   1   1   1 |     TAC   2   1   2   2   2   2 |     TGC   2   2   1   2   2   2
Leu TTA   0   0   0   0   0   0 |     TCA   1   2   1   2   1   1 | *** TAA   0   0   0   0   0   0 | *** TGA   0   0   0   0   0   0
    TTG   0   0   0   0   0   0 |     TCG   1   0   1   0   1   1 |     TAG   0   0   0   0   0   0 | Trp TGG   2   2   2   2   2   2
--------------------------------------------------------------------------------------------------------------------------------------
Leu CTT   2   1   1   1   1   1 | Pro CCT   1   0   0   0   0   0 | His CAT   0   0   0   0   0   0 | Arg CGT   0   0   0   1   1   1
    CTC   1   2   2   2   2   2 |     CCC   5   5   5   5   5   5 |     CAC   2   2   2   2   2   2 |     CGC   0   2   1   0   1   1
    CTA   0   0   0   0   0   0 |     CCA   0   2   2   1   1   1 | Gln CAA   0   0   0   0   0   0 |     CGA   2   1   1   1   1   1
    CTG   6   6   6   6   6   6 |     CCG   1   0   0   1   1   1 |     CAG   4   4   4   4   4   4 |     CGG   3   3   4   4   3   3
--------------------------------------------------------------------------------------------------------------------------------------
Ile ATT   1   1   1   1   1   1 | Thr ACT   1   1   1   0   0   0 | Asn AAT   2   3   3   3   3   4 | Ser AGT   0   1   0   0   0   0
    ATC   8   8   8   8   8   8 |     ACC   2   2   2   2   2   2 |     AAC   6   5   5   5   5   4 |     AGC   3   2   3   3   3   3
    ATA   0   0   0   0   0   0 |     ACA   0   1   0   1   1   1 | Lys AAA   3   3   3   3   3   3 | Arg AGA   0   0   0   0   0   0
Met ATG   2   2   2   2   2   2 |     ACG   1   0   1   1   1   1 |     AAG   9   9   9   9   9   9 |     AGG   2   1   1   1   1   1
--------------------------------------------------------------------------------------------------------------------------------------
Val GTT   0   0   0   1   1   1 | Ala GCT   2   2   1   1   1   1 | Asp GAT   3   3   2   4   3   2 | Gly GGT   0   0   0   0   0   0
    GTC   2   2   2   1   1   1 |     GCC   3   3   4   3   4   4 |     GAC   6   7   8   6   7   8 |     GGC   3   3   3   2   3   3
    GTA   0   0   0   0   0   0 |     GCA   2   2   2   2   2   2 | Glu GAA   0   1   1   0   0   0 |     GGA   1   0   0   1   0   0
    GTG   5   5   5   5   5   5 |     GCG   0   0   0   1   0   0 |     GAG  13  11  11  12  12  12 |     GGG   1   2   2   2   2   2
--------------------------------------------------------------------------------------------------------------------------------------

Codon position x base (3x4) table for each sequence.

#1: Argali         
position  1:    T:0.12195    C:0.22764    A:0.31707    G:0.33333
position  2:    T:0.26016    C:0.17073    A:0.41463    G:0.15447
position  3:    T:0.08943    C:0.44715    A:0.07317    G:0.39024
Average         T:0.15718    C:0.28184    A:0.26829    G:0.29268

#2: LesserMouseDeer
position  1:    T:0.12195    C:0.22764    A:0.31707    G:0.33333
position  2:    T:0.26016    C:0.17073    A:0.41463    G:0.15447
position  3:    T:0.08943    C:0.44715    A:0.08943    G:0.37398
Average         T:0.15718    C:0.28184    A:0.27371    G:0.28726

#3: LesserKudu     
position  1:    T:0.12195    C:0.22764    A:0.31707    G:0.33333
position  2:    T:0.26016    C:0.17073    A:0.41463    G:0.15447
position  3:    T:0.10569    C:0.41463    A:0.07317    G:0.40650
Average         T:0.16260    C:0.27100    A:0.26829    G:0.29810

#4: ForestMuskDeer2
position  1:    T:0.12195    C:0.22764    A:0.31707    G:0.33333
position  2:    T:0.26016    C:0.17073    A:0.41463    G:0.15447
position  3:    T:0.12195    C:0.38211    A:0.08943    G:0.40650
Average         T:0.16802    C:0.26016    A:0.27371    G:0.29810

#5: Camel          
position  1:    T:0.13008    C:0.21951    A:0.31707    G:0.33333
position  2:    T:0.26016    C:0.17073    A:0.41463    G:0.15447
position  3:    T:0.12195    C:0.39837    A:0.08130    G:0.39837
Average         T:0.17073    C:0.26287    A:0.27100    G:0.29539

#6: KillerWhale    
position  1:    T:0.13008    C:0.21951    A:0.31707    G:0.33333
position  2:    T:0.26016    C:0.16260    A:0.41463    G:0.16260
position  3:    T:0.10569    C:0.43089    A:0.05691    G:0.40650
Average         T:0.16531    C:0.27100    A:0.26287    G:0.30081

#7: DefassaWaterbuck
position  1:    T:0.12195    C:0.22764    A:0.31707    G:0.33333
position  2:    T:0.26016    C:0.17073    A:0.41463    G:0.15447
position  3:    T:0.11382    C:0.41463    A:0.07317    G:0.39837
Average         T:0.16531    C:0.27100    A:0.26829    G:0.29539

#8: Sheep          
position  1:    T:0.12195    C:0.22764    A:0.31707    G:0.33333
position  2:    T:0.26016    C:0.17073    A:0.41463    G:0.15447
position  3:    T:0.08130    C:0.45528    A:0.07317    G:0.39024
Average         T:0.15447    C:0.28455    A:0.26829    G:0.29268

#9: MaxwellsDuiker 
position  1:    T:0.12195    C:0.22764    A:0.31707    G:0.33333
position  2:    T:0.26016    C:0.17073    A:0.41463    G:0.15447
position  3:    T:0.10569    C:0.42276    A:0.07317    G:0.39837
Average         T:0.16260    C:0.27371    A:0.26829    G:0.29539

#10: GazellaPrzewalskyi
position  1:    T:0.12195    C:0.22764    A:0.31707    G:0.33333
position  2:    T:0.26016    C:0.17073    A:0.41463    G:0.15447
position  3:    T:0.11382    C:0.42276    A:0.08130    G:0.38211
Average         T:0.16531    C:0.27371    A:0.27100    G:0.28997

#11: MountainNyala  
position  1:    T:0.12195    C:0.22764    A:0.31707    G:0.33333
position  2:    T:0.26016    C:0.17073    A:0.41463    G:0.15447
position  3:    T:0.09756    C:0.43089    A:0.07317    G:0.39837
Average         T:0.15989    C:0.27642    A:0.26829    G:0.29539

#12: MuntiacusMuntjak
position  1:    T:0.12195    C:0.22764    A:0.31707    G:0.33333
position  2:    T:0.26016    C:0.17073    A:0.41463    G:0.15447
position  3:    T:0.09756    C:0.42276    A:0.10569    G:0.37398
Average         T:0.15989    C:0.27371    A:0.27913    G:0.28726

#13: goat           
position  1:    T:0.12195    C:0.22764    A:0.31707    G:0.33333
position  2:    T:0.26016    C:0.17073    A:0.41463    G:0.15447
position  3:    T:0.08130    C:0.45528    A:0.07317    G:0.39024
Average         T:0.15447    C:0.28455    A:0.26829    G:0.29268

#14: AfricanBuffalo 
position  1:    T:0.12195    C:0.22764    A:0.31707    G:0.33333
position  2:    T:0.26016    C:0.17073    A:0.41463    G:0.15447
position  3:    T:0.08943    C:0.43089    A:0.09756    G:0.38211
Average         T:0.15718    C:0.27642    A:0.27642    G:0.28997

#15: Topi           
position  1:    T:0.12195    C:0.22764    A:0.31707    G:0.33333
position  2:    T:0.26016    C:0.17073    A:0.41463    G:0.15447
position  3:    T:0.09756    C:0.43089    A:0.08130    G:0.39024
Average         T:0.15989    C:0.27642    A:0.27100    G:0.29268

#16: CommonDuiker   
position  1:    T:0.12195    C:0.22764    A:0.31707    G:0.33333
position  2:    T:0.26016    C:0.17073    A:0.41463    G:0.15447
position  3:    T:0.08943    C:0.43089    A:0.07317    G:0.40650
Average         T:0.15718    C:0.27642    A:0.26829    G:0.29810

#17: Suni           
position  1:    T:0.12195    C:0.22764    A:0.31707    G:0.33333
position  2:    T:0.26016    C:0.17073    A:0.41463    G:0.15447
position  3:    T:0.08943    C:0.43902    A:0.08130    G:0.39024
Average         T:0.15718    C:0.27913    A:0.27100    G:0.29268

#18: Springbuck     
position  1:    T:0.12195    C:0.22764    A:0.31707    G:0.33333
position  2:    T:0.26016    C:0.17073    A:0.41463    G:0.15447
position  3:    T:0.13008    C:0.40650    A:0.08130    G:0.38211
Average         T:0.17073    C:0.26829    A:0.27100    G:0.28997

#19: Okapi          
position  1:    T:0.12195    C:0.22764    A:0.31707    G:0.33333
position  2:    T:0.26016    C:0.17073    A:0.41463    G:0.15447
position  3:    T:0.10569    C:0.40650    A:0.08943    G:0.39837
Average         T:0.16260    C:0.26829    A:0.27371    G:0.29539

#20: Giraffe        
position  1:    T:0.12195    C:0.22764    A:0.31707    G:0.33333
position  2:    T:0.26016    C:0.17073    A:0.41463    G:0.15447
position  3:    T:0.09756    C:0.41463    A:0.08943    G:0.39837
Average         T:0.15989    C:0.27100    A:0.27371    G:0.29539

#21: TibetanAntelope
position  1:    T:0.12195    C:0.22764    A:0.30894    G:0.34146
position  2:    T:0.26016    C:0.17073    A:0.40650    G:0.16260
position  3:    T:0.09756    C:0.44715    A:0.07317    G:0.38211
Average         T:0.15989    C:0.28184    A:0.26287    G:0.29539

#22: Sitatunga      
position  1:    T:0.12195    C:0.22764    A:0.31707    G:0.33333
position  2:    T:0.26016    C:0.17073    A:0.41463    G:0.15447
position  3:    T:0.09756    C:0.43089    A:0.07317    G:0.39837
Average         T:0.15989    C:0.27642    A:0.26829    G:0.29539

#23: Oribi          
position  1:    T:0.12195    C:0.21951    A:0.32520    G:0.33333
position  2:    T:0.26016    C:0.17073    A:0.41463    G:0.15447
position  3:    T:0.13008    C:0.39837    A:0.09756    G:0.37398
Average         T:0.17073    C:0.26287    A:0.27913    G:0.28726

#24: BarbarySheep   
position  1:    T:0.12195    C:0.22764    A:0.31707    G:0.33333
position  2:    T:0.26016    C:0.17073    A:0.41463    G:0.15447
position  3:    T:0.08943    C:0.44715    A:0.07317    G:0.39024
Average         T:0.15718    C:0.28184    A:0.26829    G:0.29268

#25: Daviddeer      
position  1:    T:0.12195    C:0.22764    A:0.31707    G:0.33333
position  2:    T:0.26016    C:0.17073    A:0.41463    G:0.15447
position  3:    T:0.09756    C:0.41463    A:0.09756    G:0.39024
Average         T:0.15989    C:0.27100    A:0.27642    G:0.29268

#26: Reindeer       
position  1:    T:0.12195    C:0.22764    A:0.31707    G:0.33333
position  2:    T:0.26016    C:0.17073    A:0.41463    G:0.15447
position  3:    T:0.10569    C:0.40650    A:0.09756    G:0.39024
Average         T:0.16260    C:0.26829    A:0.27642    G:0.29268

#27: Ibex           
position  1:    T:0.12195    C:0.22764    A:0.31707    G:0.33333
position  2:    T:0.26016    C:0.17073    A:0.41463    G:0.15447
position  3:    T:0.08130    C:0.45528    A:0.07317    G:0.39024
Average         T:0.15447    C:0.28455    A:0.26829    G:0.29268

#28: GyrantGazelle  
position  1:    T:0.12195    C:0.22764    A:0.31707    G:0.33333
position  2:    T:0.26016    C:0.17073    A:0.41463    G:0.15447
position  3:    T:0.12195    C:0.41463    A:0.08943    G:0.37398
Average         T:0.16802    C:0.27100    A:0.27371    G:0.28726

#29: Hartebeest     
position  1:    T:0.12195    C:0.22764    A:0.31707    G:0.33333
position  2:    T:0.26016    C:0.17073    A:0.41463    G:0.15447
position  3:    T:0.09756    C:0.43089    A:0.08130    G:0.39024
Average         T:0.15989    C:0.27642    A:0.27100    G:0.29268

#30: Bongo          
position  1:    T:0.12195    C:0.22764    A:0.31707    G:0.33333
position  2:    T:0.26016    C:0.17073    A:0.41463    G:0.15447
position  3:    T:0.09756    C:0.43089    A:0.07317    G:0.39837
Average         T:0.15989    C:0.27642    A:0.26829    G:0.29539

#31: Gerenuk        
position  1:    T:0.12195    C:0.22764    A:0.31707    G:0.33333
position  2:    T:0.26016    C:0.17073    A:0.41463    G:0.15447
position  3:    T:0.12195    C:0.41463    A:0.08943    G:0.37398
Average         T:0.16802    C:0.27100    A:0.27371    G:0.28726

#32: CommonEland    
position  1:    T:0.12195    C:0.22764    A:0.31707    G:0.33333
position  2:    T:0.26016    C:0.17073    A:0.41463    G:0.15447
position  3:    T:0.09756    C:0.42276    A:0.07317    G:0.40650
Average         T:0.15989    C:0.27371    A:0.26829    G:0.29810

#33: MuntiacusReevesi
position  1:    T:0.12195    C:0.22764    A:0.31707    G:0.33333
position  2:    T:0.26016    C:0.17073    A:0.41463    G:0.15447
position  3:    T:0.09756    C:0.42276    A:0.10569    G:0.37398
Average         T:0.15989    C:0.27371    A:0.27913    G:0.28726

#34: HarveysDuiker  
position  1:    T:0.12195    C:0.22764    A:0.31707    G:0.33333
position  2:    T:0.26016    C:0.17073    A:0.41463    G:0.15447
position  3:    T:0.09756    C:0.43089    A:0.08130    G:0.39024
Average         T:0.15989    C:0.27642    A:0.27100    G:0.29268

#35: Pronghorn      
position  1:    T:0.12195    C:0.22764    A:0.31707    G:0.33333
position  2:    T:0.26016    C:0.17073    A:0.41463    G:0.15447
position  3:    T:0.12195    C:0.38211    A:0.09756    G:0.39837
Average         T:0.16802    C:0.26016    A:0.27642    G:0.29539

#36: BlueWildebeest 
position  1:    T:0.12195    C:0.22764    A:0.31707    G:0.33333
position  2:    T:0.26016    C:0.17073    A:0.41463    G:0.15447
position  3:    T:0.10569    C:0.42276    A:0.09756    G:0.37398
Average         T:0.16260    C:0.27371    A:0.27642    G:0.28726

#37: Gemsbok        
position  1:    T:0.12195    C:0.22764    A:0.31707    G:0.33333
position  2:    T:0.26016    C:0.17073    A:0.41463    G:0.15447
position  3:    T:0.10569    C:0.43089    A:0.08130    G:0.38211
Average         T:0.16260    C:0.27642    A:0.27100    G:0.28997

#38: Yak            
position  1:    T:0.12195    C:0.22764    A:0.31707    G:0.33333
position  2:    T:0.26016    C:0.17073    A:0.41463    G:0.15447
position  3:    T:0.08943    C:0.43089    A:0.08943    G:0.39024
Average         T:0.15718    C:0.27642    A:0.27371    G:0.29268

#39: BlueSheep      
position  1:    T:0.12195    C:0.22764    A:0.31707    G:0.33333
position  2:    T:0.26016    C:0.17073    A:0.41463    G:0.15447
position  3:    T:0.08130    C:0.45528    A:0.07317    G:0.39024
Average         T:0.15447    C:0.28455    A:0.26829    G:0.29268

#40: BohorReedbuck  
position  1:    T:0.12195    C:0.22764    A:0.31707    G:0.33333
position  2:    T:0.26016    C:0.17073    A:0.41463    G:0.15447
position  3:    T:0.12195    C:0.41463    A:0.08130    G:0.38211
Average         T:0.16802    C:0.27100    A:0.27100    G:0.28997

#41: KirksDik       
position  1:    T:0.12195    C:0.22764    A:0.31707    G:0.33333
position  2:    T:0.26016    C:0.17073    A:0.41463    G:0.15447
position  3:    T:0.12195    C:0.41463    A:0.08943    G:0.37398
Average         T:0.16802    C:0.27100    A:0.27371    G:0.28726

#42: RoeDeer        
position  1:    T:0.12195    C:0.22764    A:0.31707    G:0.33333
position  2:    T:0.26016    C:0.17073    A:0.41463    G:0.15447
position  3:    T:0.09756    C:0.41463    A:0.09756    G:0.39024
Average         T:0.15989    C:0.27100    A:0.27642    G:0.29268

#43: WhiteLippedDeer
position  1:    T:0.12195    C:0.22764    A:0.31707    G:0.33333
position  2:    T:0.26016    C:0.17073    A:0.41463    G:0.15447
position  3:    T:0.11382    C:0.39024    A:0.10569    G:0.39024
Average         T:0.16531    C:0.26287    A:0.27913    G:0.29268

#44: ThomsonGazelle 
position  1:    T:0.12195    C:0.22764    A:0.31707    G:0.33333
position  2:    T:0.26016    C:0.17073    A:0.41463    G:0.15447
position  3:    T:0.13821    C:0.39837    A:0.08943    G:0.37398
Average         T:0.17344    C:0.26558    A:0.27371    G:0.28726

#45: MuntiacusCrinifrons
position  1:    T:0.12195    C:0.22764    A:0.31707    G:0.33333
position  2:    T:0.26016    C:0.17073    A:0.41463    G:0.15447
position  3:    T:0.09756    C:0.42276    A:0.10569    G:0.37398
Average         T:0.15989    C:0.27371    A:0.27913    G:0.28726

#46: WhiteTailedDeer
position  1:    T:0.12195    C:0.22764    A:0.31707    G:0.33333
position  2:    T:0.26016    C:0.17073    A:0.41463    G:0.15447
position  3:    T:0.10569    C:0.42276    A:0.09756    G:0.37398
Average         T:0.16260    C:0.27371    A:0.27642    G:0.28726

#47: Cattle         
position  1:    T:0.12195    C:0.22764    A:0.31707    G:0.33333
position  2:    T:0.26016    C:0.17073    A:0.41463    G:0.15447
position  3:    T:0.08943    C:0.42276    A:0.08943    G:0.39837
Average         T:0.15718    C:0.27371    A:0.27371    G:0.29539

#48: RoyalAntelope  
position  1:    T:0.12195    C:0.21951    A:0.32520    G:0.33333
position  2:    T:0.26016    C:0.17073    A:0.41463    G:0.15447
position  3:    T:0.08943    C:0.42276    A:0.07317    G:0.41463
Average         T:0.15718    C:0.27100    A:0.27100    G:0.30081

#49: Steenbok       
position  1:    T:0.12195    C:0.21951    A:0.32520    G:0.33333
position  2:    T:0.26016    C:0.17073    A:0.41463    G:0.15447
position  3:    T:0.11382    C:0.40650    A:0.07317    G:0.40650
Average         T:0.16531    C:0.26558    A:0.27100    G:0.29810

#50: Impala         
position  1:    T:0.12195    C:0.22764    A:0.31707    G:0.33333
position  2:    T:0.26016    C:0.17073    A:0.41463    G:0.15447
position  3:    T:0.13008    C:0.40650    A:0.09756    G:0.36585
Average         T:0.17073    C:0.26829    A:0.27642    G:0.28455

#51: Klipspringer   
position  1:    T:0.12195    C:0.22764    A:0.31707    G:0.33333
position  2:    T:0.26016    C:0.17073    A:0.41463    G:0.15447
