1
52 1
Argali 0.000000 0.492100 0.209800 0.326000 0.000100 0.000000 0.055200 0.051100 0.158700 0.248100 0.000000 0.106200 0.055200 0.000000 0.000000 0.000100 0.366100 0.328200 0.000000 0.158700 0.055200 0.051000 0.168000 0.168000 0.000000 0.000000 0.055200 0.158700 0.000000 0.212800 0.263800 0.000000 0.505800 0.055200 0.053900 0.106200 0.000000 0.000100 0.056000 0.248000 0.223600 0.000000 0.248100 0.230800 0.106200 0.000000 0.109900 0.000000 0.000100 0.772300 0.265000 0.158700
LesserMous 0.492100 0.000000 0.625800 0.259300 0.490800 0.492100 0.496400 0.570500 0.550600 0.509900 0.492100 0.463300 0.496400 0.492100 0.492100 0.466100 0.682400 0.408600 0.492100 0.550600 0.406900 0.587300 0.367600 0.367600 0.492100 0.492100 0.496400 0.550600 0.492200 0.651800 0.414400 0.492200 0.643400 0.496400 0.673000 0.463300 0.492100 0.490800 0.400800 0.205900 0.446100 0.492100 0.509900 0.463900 0.463300 0.492100 0.584200 0.492100 0.471800 3.267900 0.735600 0.550600
LesserKudu 0.209800 0.625800 0.000000 0.215000 0.210500 0.209800 0.215300 0.146500 0.042800 0.207500 0.209800 0.090800 0.215300 0.209800 0.209800 0.204200 0.248400 0.270700 0.209800 0.042800 0.283200 0.145900 0.142900 0.142900 0.209800 0.209800 0.215300 0.042800 0.209800 0.085600 0.291500 0.209800 0.404400 0.215300 0.283200 0.090800 0.209800 0.210500 0.213600 0.276200 0.089400 0.209800 0.207500 0.195000 0.090800 0.209800 0.269100 0.209800 0.205400 0.588200 0.040600 0.042800
KillerWhal 0.326000 0.259300 0.215000 0.000000 0.323600 0.326000 0.314500 0.231600 0.293300 0.250000 0.326000 0.233500 0.314500 0.326000 0.326000 0.313200 0.339400 0.182600 0.326000 0.293300 0.439600 0.396400 0.169300 0.169300 0.326000 0.326000 0.314500 0.293300 0.326000 0.357100 0.318700 0.326000 0.315800 0.314500 0.439800 0.233500 0.326000 0.323600 0.263900 0.303300 0.226400 0.326000 0.250000 0.232500 0.233500 0.326000 0.387300 0.326000 0.313600 0.650700 0.272000 0.293300
DefassaWat 0.000100 0.490800 0.210500 0.323600 0.000000 0.000100 0.055500 0.051300 0.159200 0.247200 0.000100 0.106600 0.055500 0.000100 0.000100 0.000200 0.364300 0.329500 0.000100 0.159200 0.055300 0.051200 0.168600 0.168600 0.000100 0.000100 0.055500 0.159200 0.000100 0.213700 0.263000 0.000100 0.502900 0.055500 0.055300 0.106600 0.000100 0.000000 0.056300 0.249300 0.224400 0.000100 0.247200 0.231000 0.106600 0.000100 0.110500 0.000100 0.112500 0.776100 0.266000 0.159200
Sheep 0.000000 0.492100 0.209800 0.326000 0.000100 0.000000 0.055200 0.051100 0.158700 0.248100 0.000000 0.106200 0.055200 0.000000 0.000000 0.000100 0.366100 0.328200 0.000000 0.158700 0.055100 0.051000 0.168000 0.168000 0.000000 0.000000 0.055200 0.158700 0.000000 0.212800 0.263800 0.000000 0.505800 0.055100 0.055100 0.106200 0.000000 0.000100 0.056000 0.248000 0.223600 0.000000 0.248100 0.230800 0.106200 0.000000 0.109900 0.000000 0.000100 0.772300 0.265000 0.158700
MaxwellsDu 0.055200 0.496400 0.215300 0.314500 0.055500 0.055200 0.000000 0.109300 0.163100 0.256100 0.055200 0.109200 0.000000 0.053800 0.055200 0.053800 0.376600 0.339100 0.055200 0.163100 0.118900 0.109600 0.172900 0.172900 0.055200 0.055200 0.000000 0.163100 0.055200 0.218600 0.272600 0.054800 0.523600 0.000000 0.118900 0.109200 0.054900 0.055500 0.057600 0.255300 0.230200 0.055200 0.256100 0.237600 0.109500 0.055200 0.054900 0.054100 0.053900 0.798700 0.271700 0.163100
GazellaPrz 0.051100 0.570500 0.146500 0.231600 0.051300 0.051100 0.109300 0.000000 0.209800 0.306600 0.051100 0.157900 0.109300 0.051100 0.051100 0.049800 0.425700 0.390500 0.051100 0.209800 0.108900 0.101200 0.221700 0.221700 0.050400 0.051100 0.109300 0.209800 0.051100 0.265000 0.325700 0.051100 0.576700 0.109300 0.108900 0.157900 0.051100 0.051300 0.111100 0.307800 0.276900 0.051100 0.306600 0.285900 0.157900 0.051100 0.163900 0.051100 0.050100 0.869200 0.197200 0.209800
MountainNy 0.158700 0.550600 0.042800 0.293300 0.159200 0.158700 0.163100 0.209800 0.000000 0.158200 0.158700 0.046000 0.163100 0.158700 0.158700 0.154300 0.201000 0.219800 0.158700 0.000000 0.228600 0.098300 0.096600 0.096700 0.158700 0.158700 0.163100 0.000000 0.158700 0.043300 0.236800 0.158700 0.350400 0.163100 0.228600 0.046000 0.158700 0.159200 0.161600 0.223200 0.045600 0.158700 0.158200 0.148300 0.046000 0.158700 0.216500 0.158700 0.155000 0.525000 0.085600 0.000000
MuntiacusM 0.248100 0.509900 0.207500 0.250000 0.247200 0.248100 0.256100 0.306600 0.158200 0.000000 0.248100 0.105600 0.256100 0.248100 0.248100 0.238500 0.218800 0.177700 0.248100 0.158200 0.340000 0.310400 0.051700 0.051700 0.248100 0.248100 0.256100 0.158200 0.248100 0.210600 0.057500 0.248100 0.309500 0.256100 0.186900 0.105600 0.248100 0.247200 0.253100 0.179600 0.103200 0.248100 0.000000 0.105300 0.105600 0.248100 0.317400 0.248100 0.239900 0.319400 0.260000 0.158200
goat 0.000000 0.492100 0.209800 0.326000 0.000100 0.000000 0.055200 0.051100 0.158700 0.248100 0.000000 0.106200 0.055200 0.000000 0.000000 0.000100 0.366100 0.328200 0.000000 0.158700 0.053900 0.050800 0.168000 0.168000 0.000000 0.000000 0.055200 0.158700 0.000000 0.212800 0.263800 0.000000 0.505800 0.055200 0.054800 0.106200 0.000000 0.000100 0.056000 0.248000 0.223600 0.000000 0.248100 0.230800 0.106200 0.000000 0.109900 0.000000 0.000100 0.772300 0.265000 0.158700
AfricanBuf 0.106200 0.463300 0.090800 0.233500 0.106600 0.106200 0.109200 0.157900 0.046000 0.105600 0.106200 0.000000 0.109200 0.106200 0.106200 0.103300 0.206100 0.164700 0.106200 0.046000 0.171600 0.158700 0.048000 0.048500 0.106200 0.106200 0.109200 0.046000 0.106200 0.091800 0.177700 0.106200 0.289900 0.109200 0.171600 0.000000 0.106200 0.106600 0.108200 0.167500 0.096700 0.106200 0.105600 0.099000 0.000000 0.106200 0.162900 0.106200 0.103700 0.453800 0.136400 0.046000
Topi 0.055200 0.496400 0.215300 0.314500 0.055500 0.055200 0.000000 0.109300 0.163100 0.256100 0.055200 0.109200 0.000000 0.055200 0.055200 0.053800 0.376600 0.339100 0.054200 0.163100 0.118900 0.109600 0.172900 0.173800 0.055200 0.055200 0.000000 0.163100 0.053600 0.218600 0.272600 0.055200 0.523600 0.000000 0.118900 0.109200 0.055200 0.055500 0.057600 0.255300 0.230200 0.055200 0.256100 0.237600 0.109200 0.055200 0.054000 0.055200 0.053900 0.798700 0.271700 0.163100
CommonDuik 0.000000 0.492100 0.209800 0.326000 0.000100 0.000000 0.053800 0.051100 0.158700 0.248100 0.000000 0.106200 0.055200 0.000000 0.000000 0.000100 0.366100 0.328200 0.000000 0.158700 0.055100 0.051000 0.168000 0.168000 0.000000 0.000000 0.053700 0.158700 0.000000 0.212800 0.263800 0.000000 0.505800 0.055200 0.055100 0.106200 0.000000 0.000100 0.056000 0.248000 0.223600 0.000000 0.248100 0.230800 0.106200 0.000000 0.109900 0.000000 0.000100 0.772300 0.265000 0.158700
Suni 0.000000 0.492100 0.209800 0.326000 0.000100 0.000000 0.055200 0.051100 0.158700 0.248100 0.000000 0.106200 0.055200 0.000000 0.000000 0.000100 0.366100 0.328200 0.000000 0.158700 0.055100 0.051000 0.168000 0.168000 0.000000 0.000000 0.054100 0.158700 0.000000 0.212800 0.263800 0.000000 0.505800 0.055200 0.055100 0.106200 0.000000 0.000100 0.056000 0.248000 0.223600 0.000000 0.248100 0.230800 0.106200 0.000000 0.109900 0.000000 0.000100 0.772300 0.265000 0.158700
Springbuck 0.000100 0.466100 0.204200 0.313200 0.000200 0.000100 0.053800 0.049800 0.154300 0.238500 0.000100 0.103300 0.053800 0.000100 0.000100 0.000000 0.351700 0.317100 0.000100 0.154300 0.053600 0.049800 0.163200 0.163200 0.000100 0.000100 0.053800 0.154300 0.000100 0.206900 0.253300 0.000100 0.480500 0.053800 0.053600 0.103300 0.000100 0.000200 0.054500 0.240400 0.217100 0.000100 0.238500 0.223800 0.103300 0.000100 0.106900 0.000100 0.000200 0.736300 0.257800 0.154300
Okapi 0.366100 0.682400 0.248400 0.339400 0.364300 0.366100 0.376600 0.425700 0.201000 0.218800 0.366100 0.206100 0.376600 0.366100 0.366100 0.351700 0.000000 0.161400 0.366100 0.201000 0.471100 0.354100 0.151000 0.151000 0.366100 0.366100 0.376600 0.201000 0.366100 0.252100 0.309100 0.366100 0.277900 0.376600 0.471100 0.206100 0.366100 0.364300 0.372000 0.293000 0.147300 0.366100 0.218800 0.206100 0.206100 0.366100 0.439100 0.366100 0.355100 0.443400 0.300400 0.201000
Giraffe 0.328200 0.408600 0.270700 0.182600 0.329500 0.328200 0.339100 0.390500 0.219800 0.177700 0.328200 0.164700 0.339100 0.328200 0.328200 0.317100 0.161400 0.000000 0.328200 0.219800 0.437600 0.396300 0.107400 0.107400 0.328200 0.328200 0.339100 0.219800 0.328200 0.275200 0.270700 0.328200 0.107900 0.339100 0.437600 0.164900 0.328200 0.329500 0.334900 0.252300 0.161000 0.328200 0.177700 0.165100 0.164700 0.328200 0.404700 0.328200 0.319900 0.407600 0.326800 0.219800
TibetanAnt 0.000000 0.492100 0.209800 0.326000 0.000100 0.000000 0.055200 0.051100 0.158700 0.248100 0.000000 0.106200 0.054200 0.000000 0.000000 0.000100 0.366100 0.328200 0.000000 0.158700 0.055100 0.051500 0.168000 0.168000 0.000000 0.000000 0.055200 0.158700 0.000000 0.212800 0.263800 0.000000 0.505800 0.055200 0.055100 0.105900 0.000000 0.000100 0.056000 0.248000 0.223600 0.000000 0.248100 0.230800 0.106200 0.000000 0.109900 0.000000 0.000100 0.772300 0.265000 0.158700
Sitatunga 0.158700 0.550600 0.042800 0.293300 0.159200 0.158700 0.163100 0.209800 0.000000 0.158200 0.158700 0.046000 0.163100 0.158700 0.158700 0.154300 0.201000 0.219800 0.158700 0.000000 0.228600 0.098300 0.096700 0.096700 0.158700 0.158700 0.163100 0.000000 0.158700 0.042900 0.236800 0.158700 0.350400 0.163100 0.228600 0.046000 0.158700 0.159200 0.161600 0.223200 0.045600 0.158700 0.158200 0.149200 0.046000 0.158700 0.216500 0.158700 0.155000 0.525000 0.085300 0.000000
Oribi 0.055200 0.406900 0.283200 0.439600 0.055300 0.055100 0.118900 0.108900 0.228600 0.340000 0.053900 0.171600 0.118900 0.055100 0.055100 0.053600 0.471100 0.437600 0.055100 0.228600 0.000000 0.109200 0.242600 0.242600 0.055100 0.055100 0.118900 0.228600 0.055100 0.288100 0.363500 0.055100 0.660100 0.118900 0.118500 0.171600 0.055100 0.055300 0.120800 0.339300 0.303700 0.055100 0.340000 0.314000 0.171600 0.053600 0.177300 0.055100 0.053800 1.030700 0.344300 0.228600
BarbaryShe 0.051000 0.587300 0.145900 0.396400 0.051200 0.051000 0.109600 0.101200 0.098300 0.310400 0.050800 0.158700 0.109600 0.051000 0.051000 0.049800 0.354100 0.396300 0.051500 0.098300 0.109200 0.000000 0.223600 0.223600 0.051000 0.051000 0.109600 0.098300 0.051000 0.147800 0.330300 0.049700 0.588200 0.109600 0.109200 0.158700 0.051000 0.051200 0.111200 0.310400 0.155500 0.051000 0.310400 0.288800 0.158700 0.050100 0.163700 0.051000 0.049900 0.889100 0.195700 0.098300
Daviddeer 0.168000 0.367600 0.142900 0.169300 0.168600 0.168000 0.172900 0.221700 0.096600 0.051700 0.168000 0.048000 0.172900 0.168000 0.168000 0.163200 0.151000 0.107400 0.168000 0.096700 0.242600 0.223600 0.000000 0.000000 0.168000 0.168000 0.172900 0.096700 0.168000 0.144700 0.115500 0.168000 0.223600 0.172900 0.242600 0.048500 0.168000 0.168600 0.171100 0.108700 0.047300 0.168000 0.051700 0.048400 0.048500 0.168000 0.228900 0.168000 0.164100 0.374600 0.190900 0.094600
Reindeer 0.168000 0.367600 0.142900 0.169300 0.168600 0.168000 0.172900 0.221700 0.096700 0.051700 0.168000 0.048500 0.173800 0.168000 0.168000 0.163200 0.151000 0.107400 0.168000 0.096700 0.242600 0.223600 0.000000 0.000000 0.168000 0.168000 0.172900 0.096700 0.168000 0.144700 0.115500 0.168000 0.223600 0.172900 0.242600 0.048500 0.168000 0.168600 0.171100 0.108700 0.047000 0.168000 0.051700 0.048400 0.048500 0.168000 0.228900 0.166600 0.164100 0.374600 0.190900 0.096700
Ibex 0.000000 0.492100 0.209800 0.326000 0.000100 0.000000 0.055200 0.050400 0.158700 0.248100 0.000000 0.106200 0.055200 0.000000 0.000000 0.000100 0.366100 0.328200 0.000000 0.158700 0.055100 0.051000 0.168000 0.168000 0.000000 0.000000 0.055200 0.158700 0.000000 0.212800 0.263800 0.000000 0.505800 0.055200 0.055100 0.106200 0.000000 0.000100 0.056000 0.248000 0.223600 0.000000 0.248100 0.230800 0.106200 0.000000 0.109900 0.000000 0.000100 0.772300 0.265000 0.158700
GyrantGaze 0.000000 0.492100 0.209800 0.326000 0.000100 0.000000 0.055200 0.051100 0.158700 0.248100 0.000000 0.106200 0.055200 0.000000 0.000000 0.000100 0.366100 0.328200 0.000000 0.158700 0.055100 0.051000 0.168000 0.168000 0.000000 0.000000 0.053600 0.158700 0.000000 0.212800 0.263800 0.000000 0.505800 0.055200 0.055100 0.106200 0.000000 0.000100 0.056000 0.248000 0.223600 0.000000 0.248100 0.230800 0.106200 0.000000 0.109900 0.000000 0.000100 0.772300 0.265000 0.158700
Hartebeest 0.055200 0.496400 0.215300 0.314500 0.055500 0.055200 0.000000 0.109300 0.163100 0.256100 0.055200 0.109200 0.000000 0.053700 0.054100 0.053800 0.376600 0.339100 0.055200 0.163100 0.118900 0.109600 0.172900 0.172900 0.055200 0.053600 0.000000 0.163100 0.055200 0.218600 0.272600 0.055200 0.523600 0.000000 0.118900 0.109200 0.054100 0.055500 0.055800 0.255300 0.230200 0.055200 0.256100 0.237600 0.109200 0.055200 0.054900 0.055200 0.053900 0.798700 0.271700 0.163100
Bongo 0.158700 0.550600 0.042800 0.293300 0.159200 0.158700 0.163100 0.209800 0.000000 0.158200 0.158700 0.046000 0.163100 0.158700 0.158700 0.154300 0.201000 0.219800 0.158700 0.000000 0.228600 0.098300 0.096700 0.096700 0.158700 0.158700 0.163100 0.000000 0.158700 0.043300 0.236800 0.158700 0.350400 0.163100 0.228600 0.046000 0.158700 0.159200 0.161600 0.223200 0.045600 0.158700 0.158200 0.148300 0.046000 0.158700 0.216500 0.158700 0.155000 0.525000 0.085600 0.000000
Gerenuk 0.000000 0.492200 0.209800 0.326000 0.000100 0.000000 0.055200 0.051100 0.158700 0.248100 0.000000 0.106200 0.053600 0.000000 0.000000 0.000100 0.366100 0.328200 0.000000 0.158700 0.055100 0.051000 0.168000 0.168000 0.000000 0.000000 0.055200 0.158700 0.000000 0.212800 0.263800 0.000000 0.505800 0.055200 0.053600 0.106200 0.000000 0.000100 0.056000 0.248000 0.223600 0.000000 0.248100 0.230800 0.106200 0.000000 0.109900 0.000000 0.000100 0.772300 0.265000 0.158700
CommonElan 0.212800 0.651800 0.085600 0.357100 0.213700 0.212800 0.218600 0.265000 0.043300 0.210600 0.212800 0.091800 0.218600 0.212800 0.212800 0.206900 0.252100 0.275200 0.212800 0.042900 0.288100 0.147800 0.144700 0.144700 0.212800 0.212800 0.218600 0.043300 0.212800 0.000000 0.296800 0.212800 0.413400 0.218600 0.288100 0.091800 0.212800 0.213700 0.216800 0.280800 0.090800 0.212800 0.210600 0.197800 0.091800 0.212800 0.273200 0.212800 0.208200 0.509900 0.040600 0.043300
MuntiacusR 0.263800 0.414400 0.291500 0.318700 0.263000 0.263800 0.272600 0.325700 0.236800 0.057500 0.263800 0.177700 0.272600 0.263800 0.263800 0.253300 0.309100 0.270700 0.263800 0.236800 0.363500 0.330300 0.115500 0.115500 0.263800 0.263800 0.272600 0.236800 0.263800 0.296800 0.000000 0.263800 0.433200 0.272600 0.198800 0.177700 0.263800 0.263000 0.269100 0.118800 0.172900 0.263800 0.058900 0.177100 0.177700 0.263800 0.337400 0.263800 0.254900 0.446300 0.352300 0.236800
HarveysDui 0.000000 0.492200 0.209800 0.326000 0.000100 0.000000 0.054800 0.051100 0.158700 0.248100 0.000000 0.106200 0.055200 0.000000 0.000000 0.000100 0.366100 0.328200 0.000000 0.158700 0.055100 0.049700 0.168000 0.168000 0.000000 0.000000 0.055200 0.158700 0.000000 0.212800 0.263800 0.000000 0.505800 0.055200 0.055100 0.106200 0.000000 0.000100 0.056000 0.248000 0.223600 0.000000 0.248100 0.230800 0.106200 0.000000 0.109300 0.000000 0.000100 0.772300 0.265000 0.158700
Pronghorn 0.505800 0.643400 0.404400 0.315800 0.502900 0.505800 0.523600 0.576700 0.350400 0.309500 0.505800 0.289900 0.523600 0.505800 0.505800 0.480500 0.277900 0.107900 0.505800 0.350400 0.660100 0.588200 0.223600 0.223600 0.505800 0.505800 0.523600 0.350400 0.505800 0.413400 0.433200 0.505800 0.000000 0.523600 0.660300 0.289900 0.505800 0.502900 0.517200 0.407600 0.281200 0.505800 0.309500 0.164400 0.289900 0.505800 0.600400 0.505800 0.488000 0.588900 0.469500 0.350400
BlueWildeb 0.055200 0.496400 0.215300 0.314500 0.055500 0.055100 0.000000 0.109300 0.163100 0.256100 0.055200 0.109200 0.000000 0.055200 0.055200 0.053800 0.376600 0.339100 0.055200 0.163100 0.118900 0.109600 0.172900 0.172900 0.055200 0.055200 0.000000 0.163100 0.055200 0.218600 0.272600 0.055200 0.523600 0.000000 0.118900 0.109900 0.053600 0.055500 0.057600 0.255300 0.230200 0.055200 0.256100 0.237600 0.109200 0.055200 0.054900 0.055200 0.053900 0.798700 0.271700 0.163100
Gemsbok 0.053900 0.673000 0.283200 0.439800 0.055300 0.055100 0.118900 0.108900 0.228600 0.186900 0.054800 0.171600 0.118900 0.055100 0.055100 0.053600 0.471100 0.437600 0.055100 0.228600 0.118500 0.109200 0.242600 0.242600 0.055100 0.055100 0.118900 0.228600 0.053600 0.288100 0.198800 0.055100 0.660300 0.118900 0.000000 0.171600 0.054000 0.055300 0.120800 0.339300 0.303700 0.055100 0.186900 0.314000 0.171600 0.055100 0.177300 0.055100 0.053800 0.669400 0.344300 0.228600
Yak 0.106200 0.463300 0.090800 0.233500 0.106600 0.106200 0.109200 0.157900 0.046000 0.105600 0.106200 0.000000 0.109200 0.106200 0.106200 0.103300 0.206100 0.164900 0.105900 0.046000 0.171600 0.158700 0.048500 0.048500 0.106200 0.106200 0.109200 0.046000 0.106200 0.091800 0.177700 0.106200 0.289900 0.109900 0.171600 0.000000 0.106200 0.106600 0.108200 0.167500 0.096700 0.106200 0.105600 0.099000 0.000000 0.106200 0.162900 0.106200 0.103700 0.453800 0.136400 0.046000
BlueSheep 0.000000 0.492100 0.209800 0.326000 0.000100 0.000000 0.054900 0.051100 0.158700 0.248100 0.000000 0.106200 0.055200 0.000000 0.000000 0.000100 0.366100 0.328200 0.000000 0.158700 0.055100 0.051000 0.168000 0.168000 0.000000 0.000000 0.054100 0.158700 0.000000 0.212800 0.263800 0.000000 0.505800 0.053600 0.054000 0.106200 0.000000 0.000100 0.056000 0.248000 0.223600 0.000000 0.248100 0.230800 0.106200 0.000000 0.109900 0.000000 0.000100 0.772300 0.265000 0.158700
BohorReedb 0.000100 0.490800 0.210500 0.323600 0.000000 0.000100 0.055500 0.051300 0.159200 0.247200 0.000100 0.106600 0.055500 0.000100 0.000100 0.000200 0.364300 0.329500 0.000100 0.159200 0.055300 0.051200 0.168600 0.168600 0.000100 0.000100 0.055500 0.159200 0.000100 0.213700 0.263000 0.000100 0.502900 0.055500 0.055300 0.106600 0.000100 0.000000 0.056300 0.249300 0.224400 0.000100 0.247200 0.231000 0.106600 0.000100 0.110500 0.000100 0.099300 0.776100 0.266000 0.159200
KirksDik 0.056000 0.400800 0.213600 0.263900 0.056300 0.056000 0.057600 0.111100 0.161600 0.253100 0.056000 0.108200 0.057600 0.056000 0.056000 0.054500 0.372000 0.334900 0.056000 0.161600 0.120800 0.111200 0.171100 0.171100 0.056000 0.056000 0.055800 0.161600 0.056000 0.216800 0.269100 0.056000 0.517200 0.057600 0.120800 0.108200 0.056000 0.056300 0.000000 0.252700 0.227600 0.056000 0.253100 0.235300 0.108200 0.056000 0.114700 0.056000 0.054800 0.785400 0.269800 0.161600
RoeDeer 0.248000 0.205900 0.276200 0.303300 0.249300 0.248000 0.255300 0.307800 0.223200 0.179600 0.248000 0.167500 0.255300 0.248000 0.248000 0.240400 0.293000 0.252300 0.248000 0.223200 0.339300 0.310400 0.108700 0.108700 0.248000 0.248000 0.255300 0.223200 0.248000 0.280800 0.118800 0.248000 0.407600 0.255300 0.339300 0.167500 0.248000 0.249300 0.252700 0.000000 0.162700 0.248000 0.179600 0.167000 0.167500 0.248000 0.318100 0.248000 0.242300 0.629300 0.335000 0.223200
WhiteLippe 0.223600 0.446100 0.089400 0.226400 0.224400 0.223600 0.230200 0.276900 0.045600 0.103200 0.223600 0.096700 0.230200 0.223600 0.223600 0.217100 0.147300 0.161000 0.223600 0.045600 0.303700 0.155500 0.047300 0.047000 0.223600 0.223600 0.230200 0.045600 0.223600 0.090800 0.172900 0.223600 0.281200 0.230200 0.303700 0.096700 0.223600 0.224400 0.227600 0.162700 0.000000 0.223600 0.103200 0.096600 0.096500 0.223600 0.285900 0.223600 0.218400 0.440500 0.134500 0.045500
ThomsonGaz 0.000000 0.492100 0.209800 0.326000 0.000100 0.000000 0.055200 0.051100 0.158700 0.248100 0.000000 0.106200 0.055200 0.000000 0.000000 0.000100 0.366100 0.328200 0.000000 0.158700 0.055100 0.051000 0.168000 0.168000 0.000000 0.000000 0.055200 0.158700 0.000000 0.212800 0.263800 0.000000 0.505800 0.055200 0.055100 0.106200 0.000000 0.000100 0.056000 0.248000 0.223600 0.000000 0.248100 0.230800 0.106100 0.000000 0.109900 0.000000 0.000100 0.772300 0.265000 0.158700
MuntiacusC 0.248100 0.509900 0.207500 0.250000 0.247200 0.248100 0.256100 0.306600 0.158200 0.000000 0.248100 0.105600 0.256100 0.248100 0.248100 0.238500 0.218800 0.177700 0.248100 0.158200 0.340000 0.310400 0.051700 0.051700 0.248100 0.248100 0.256100 0.158200 0.248100 0.210600 0.058900 0.248100 0.309500 0.256100 0.186900 0.105600 0.248100 0.247200 0.253100 0.179600 0.103200 0.248100 0.000000 0.105300 0.105600 0.248100 0.317400 0.248100 0.239900 0.319400 0.260000 0.158200
WhiteTaile 0.230800 0.463900 0.195000 0.232500 0.231000 0.230800 0.237600 0.285900 0.148300 0.105300 0.230800 0.099000 0.237600 0.230800 0.230800 0.223800 0.206100 0.165100 0.230800 0.149200 0.314000 0.288800 0.048400 0.048400 0.230800 0.230800 0.237600 0.148300 0.230800 0.197800 0.177100 0.230800 0.164400 0.237600 0.314000 0.099000 0.230800 0.231000 0.235300 0.167000 0.096600 0.230800 0.105300 0.000000 0.099000 0.230800 0.295600 0.230800 0.225400 0.451000 0.244800 0.148300
Cattle 0.106200 0.463300 0.090800 0.233500 0.106600 0.106200 0.109500 0.157900 0.046000 0.105600 0.106200 0.000000 0.109200 0.106200 0.106200 0.103300 0.206100 0.164700 0.106200 0.046000 0.171600 0.158700 0.048500 0.048500 0.106200 0.106200 0.109200 0.046000 0.106200 0.091800 0.177700 0.106200 0.289900 0.109200 0.171600 0.000000 0.106200 0.106600 0.108200 0.167500 0.096500 0.106100 0.105600 0.099000 0.000000 0.106200 0.162900 0.106200 0.103700 0.453800 0.136400 0.046000
RoyalAntel 0.000000 0.492100 0.209800 0.326000 0.000100 0.000000 0.055200 0.051100 0.158700 0.248100 0.000000 0.106200 0.055200 0.000000 0.000000 0.000100 0.366100 0.328200 0.000000 0.158700 0.053600 0.050100 0.168000 0.168000 0.000000 0.000000 0.055200 0.158700 0.000000 0.212800 0.263800 0.000000 0.505800 0.055200 0.055100 0.106200 0.000000 0.000100 0.056000 0.248000 0.223600 0.000000 0.248100 0.230800 0.106200 0.000000 0.109900 0.000000 0.000100 0.772300 0.265000 0.158700
Steenbok 0.109900 0.584200 0.269100 0.387300 0.110500 0.109900 0.054900 0.163900 0.216500 0.317400 0.109900 0.162900 0.054000 0.109900 0.109900 0.106900 0.439100 0.404700 0.109900 0.216500 0.177300 0.163700 0.228900 0.228900 0.109900 0.109900 0.054900 0.216500 0.109900 0.273200 0.337400 0.109300 0.600400 0.054900 0.177300 0.162900 0.109900 0.110500 0.114700 0.318100 0.285900 0.109900 0.317400 0.295600 0.162900 0.109900 0.000000 0.109900 0.107600 0.897700 0.327500 0.216500
Impala 0.000000 0.492100 0.209800 0.326000 0.000100 0.000000 0.054100 0.051100 0.158700 0.248100 0.000000 0.106200 0.055200 0.000000 0.000000 0.000100 0.366100 0.328200 0.000000 0.158700 0.055100 0.051000 0.168000 0.166600 0.000000 0.000000 0.055200 0.158700 0.000000 0.212800 0.263800 0.000000 0.505800 0.055200 0.055100 0.106200 0.000000 0.000100 0.056000 0.248000 0.223600 0.000000 0.248100 0.230800 0.106200 0.000000 0.109900 0.000000 0.000100 0.772300 0.265000 0.158700
Klipspring 0.000100 0.471800 0.205400 0.313600 0.112500 0.000100 0.053900 0.050100 0.155000 0.239900 0.000100 0.103700 0.053900 0.000100 0.000100 0.000200 0.355100 0.319900 0.000100 0.155000 0.053800 0.049900 0.164100 0.164100 0.000100 0.000100 0.053900 0.155000 0.000100 0.208200 0.254900 0.000100 0.488000 0.053900 0.053800 0.103700 0.000100 0.099300 0.054800 0.242300 0.218400 0.000100 0.239900 0.225400 0.103700 0.000100 0.107600 0.000100 0.000000 0.756800 0.259900 0.155000
ForestMusk 0.772300 3.267900 0.588200 0.650700 0.776100 0.772300 0.798700 0.869200 0.525000 0.319400 0.772300 0.453800 0.798700 0.772300 0.772300 0.736300 0.443400 0.407600 0.772300 0.525000 1.030700 0.889100 0.374600 0.374600 0.772300 0.772300 0.798700 0.525000 0.772300 0.509900 0.446300 0.772300 0.588900 0.798700 0.669400 0.453800 0.772300 0.776100 0.785400 0.629300 0.440500 0.772300 0.319400 0.451000 0.453800 0.772300 0.897700 0.772300 0.756800 0.000000 0.572500 0.525000
Bushbuck 0.265000 0.735600 0.040600 0.272000 0.266000 0.265000 0.271700 0.197200 0.085600 0.260000 0.265000 0.136400 0.271700 0.265000 0.265000 0.257800 0.300400 0.326800 0.265000 0.085300 0.344300 0.195700 0.190900 0.190900 0.265000 0.265000 0.271700 0.085600 0.265000 0.040600 0.352300 0.265000 0.469500 0.271700 0.344300 0.136400 0.265000 0.266000 0.269800 0.335000 0.134500 0.265000 0.260000 0.244800 0.136400 0.265000 0.327500 0.265000 0.259900 0.572500 0.000000 0.085000
GreaterKud 0.158700 0.550600 0.042800 0.293300 0.159200 0.158700 0.163100 0.209800 0.000000 0.158200 0.158700 0.046000 0.163100 0.158700 0.158700 0.154300 0.201000 0.219800 0.158700 0.000000 0.228600 0.098300 0.094600 0.096700 0.158700 0.158700 0.163100 0.000000 0.158700 0.043300 0.236800 0.158700 0.350400 0.163100 0.228600 0.046000 0.158700 0.159200 0.161600 0.223200 0.045500 0.158700 0.158200 0.148300 0.046000 0.158700 0.216500 0.158700 0.155000 0.525000 0.085000 0.000000
