1
52 1
Argali 0.000000 0.240300 0.036700 0.256500 0.036900 0.000000 0.029900 0.061900 0.037300 0.051100 0.011900 0.055900 0.023900 0.048400 0.030100 0.076600 0.082600 0.083600 0.030200 0.037000 0.049800 0.018100 0.069800 0.069600 0.012000 0.043200 0.029900 0.030900 0.049400 0.037400 0.057900 0.024000 0.085800 0.029800 0.030300 0.049400 0.023900 0.049700 0.024300 0.050600 0.063000 0.049300 0.057500 0.063500 0.049400 0.049900 0.049200 0.037000 0.030100 0.050200 0.043000 0.043500
LesserMous 0.240300 0.000000 0.260700 0.259500 0.260700 0.240300 0.262800 0.268200 0.264800 0.224100 0.240600 0.289400 0.254900 0.253600 0.248000 0.332200 0.219000 0.239800 0.256700 0.262800 0.289200 0.249700 0.221100 0.236800 0.241100 0.278300 0.263000 0.255700 0.286900 0.275400 0.235300 0.256300 0.211500 0.262100 0.267700 0.279800 0.247300 0.279800 0.250700 0.222900 0.211600 0.277500 0.223200 0.230100 0.280400 0.244300 0.297200 0.233900 0.265000 0.253000 0.269900 0.273600
LesserKudu 0.036700 0.260700 0.000000 0.268200 0.050000 0.036700 0.042500 0.075500 0.024700 0.065000 0.036800 0.056000 0.048900 0.061400 0.042900 0.090900 0.096000 0.097200 0.043000 0.024500 0.063300 0.043200 0.083900 0.083600 0.036800 0.056500 0.055100 0.018500 0.062700 0.024800 0.072000 0.036600 0.099800 0.054900 0.043100 0.049600 0.049000 0.063100 0.037100 0.064300 0.076900 0.062700 0.071400 0.077500 0.049600 0.063400 0.062600 0.050200 0.042800 0.063800 0.030600 0.030900
KillerWhal 0.256500 0.259500 0.268200 0.000000 0.276200 0.256500 0.278200 0.310900 0.272800 0.242700 0.256800 0.286100 0.287500 0.296200 0.263900 0.358400 0.219000 0.222200 0.282100 0.270400 0.315300 0.265900 0.255500 0.254100 0.257100 0.304700 0.295400 0.263500 0.313200 0.274000 0.217700 0.271900 0.255800 0.294700 0.274900 0.277000 0.271000 0.294900 0.276200 0.240700 0.245900 0.312800 0.249900 0.247400 0.277600 0.297300 0.311700 0.270000 0.280600 0.270600 0.277300 0.280700
DefassaWat 0.036900 0.260700 0.050000 0.276200 0.000000 0.036900 0.042700 0.056200 0.050800 0.079000 0.036900 0.069800 0.048900 0.061700 0.043100 0.077700 0.111100 0.112500 0.043200 0.050400 0.050500 0.043400 0.084200 0.097600 0.036900 0.043800 0.054100 0.044200 0.050100 0.051000 0.086100 0.036800 0.115600 0.055200 0.043300 0.063100 0.048400 0.024600 0.037200 0.078100 0.090800 0.050100 0.085400 0.091400 0.063100 0.063700 0.062900 0.050400 0.043000 0.077400 0.056500 0.057200
Sheep 0.000000 0.240300 0.036700 0.256500 0.036900 0.000000 0.029900 0.061900 0.037300 0.051100 0.011900 0.055900 0.023900 0.048400 0.030100 0.076600 0.082600 0.083600 0.030200 0.037000 0.049800 0.018100 0.069800 0.069600 0.012000 0.043200 0.029900 0.030900 0.049400 0.037400 0.057900 0.024000 0.085800 0.029800 0.030300 0.049400 0.023900 0.049700 0.024300 0.050600 0.063000 0.049300 0.057500 0.063500 0.049400 0.049900 0.049200 0.037000 0.030100 0.050200 0.043000 0.043500
MaxwellsDu 0.029900 0.262800 0.042500 0.278200 0.042700 0.029900 0.000000 0.067600 0.043200 0.070200 0.029900 0.061600 0.041800 0.041700 0.035900 0.082300 0.101500 0.102700 0.036000 0.042800 0.055500 0.036100 0.088600 0.075100 0.030000 0.049000 0.047800 0.036800 0.055100 0.043300 0.077000 0.017700 0.105300 0.047700 0.036100 0.055200 0.041800 0.055400 0.030200 0.069400 0.081800 0.055100 0.076500 0.082300 0.055200 0.055700 0.054900 0.042800 0.035900 0.067900 0.048800 0.049400
GazellaPrz 0.061900 0.268200 0.075500 0.310900 0.056200 0.061900 0.067600 0.000000 0.076700 0.106000 0.061900 0.095700 0.067800 0.086900 0.068100 0.077100 0.124300 0.140000 0.068300 0.076000 0.050100 0.068600 0.110900 0.124600 0.062000 0.043500 0.074000 0.069900 0.062600 0.077000 0.113300 0.061700 0.136100 0.073900 0.068500 0.088900 0.074200 0.069300 0.049600 0.097500 0.117500 0.049700 0.112400 0.118500 0.089000 0.089800 0.075500 0.069400 0.055300 0.104000 0.082200 0.083100
MountainNy 0.037300 0.264800 0.024700 0.272800 0.050800 0.037300 0.043200 0.076700 0.000000 0.066100 0.037300 0.056900 0.049600 0.062300 0.043500 0.092200 0.097500 0.098600 0.043600 0.012300 0.064100 0.043800 0.085200 0.084900 0.037400 0.057300 0.055900 0.006200 0.063600 0.011100 0.073100 0.037200 0.108300 0.055700 0.043800 0.050300 0.049700 0.064100 0.037600 0.065300 0.078100 0.063600 0.072600 0.078700 0.050300 0.064400 0.063500 0.051000 0.043500 0.064800 0.018400 0.018700
MuntiacusM 0.051100 0.224100 0.065000 0.242700 0.079000 0.051100 0.070200 0.106000 0.066100 0.000000 0.051200 0.085800 0.077000 0.090300 0.068900 0.123200 0.065600 0.066400 0.071000 0.065500 0.093200 0.057900 0.045600 0.045500 0.051300 0.085800 0.083500 0.059200 0.092400 0.066400 0.019700 0.064100 0.075300 0.083300 0.071200 0.078800 0.063900 0.093000 0.064900 0.026000 0.038800 0.092400 0.006300 0.039100 0.078900 0.093400 0.092100 0.079200 0.070700 0.065900 0.071800 0.072700
goat 0.011900 0.240600 0.036800 0.256800 0.036900 0.011900 0.029900 0.061900 0.037300 0.051200 0.000000 0.055900 0.036100 0.048400 0.030200 0.076600 0.082700 0.083600 0.030200 0.037000 0.049800 0.018100 0.069800 0.069600 0.000000 0.043200 0.042200 0.030900 0.049400 0.037500 0.057900 0.024000 0.085800 0.042000 0.030300 0.049400 0.011900 0.049700 0.024300 0.050600 0.063000 0.049400 0.057500 0.063500 0.049500 0.049900 0.049200 0.037000 0.030100 0.050200 0.043000 0.043600
AfricanBuf 0.055900 0.289400 0.056000 0.286100 0.069800 0.055900 0.061600 0.095700 0.056900 0.085800 0.055900 0.000000 0.068200 0.081000 0.062200 0.112000 0.109900 0.125300 0.062300 0.056400 0.083400 0.062600 0.104800 0.104400 0.056000 0.076400 0.074500 0.050300 0.082700 0.057100 0.093000 0.055600 0.128700 0.074300 0.062500 0.043400 0.068300 0.083300 0.056400 0.084800 0.097500 0.082800 0.092300 0.098300 0.043400 0.083600 0.082500 0.070000 0.062100 0.070700 0.062500 0.063200
Topi 0.023900 0.254900 0.048900 0.287500 0.048900 0.023900 0.041800 0.067800 0.049600 0.077000 0.036100 0.068200 0.000000 0.060300 0.042100 0.075700 0.094800 0.095900 0.042200 0.049200 0.062100 0.042400 0.095500 0.095200 0.035500 0.055400 0.005800 0.043200 0.061600 0.049800 0.083900 0.035900 0.112600 0.005800 0.042300 0.061600 0.047900 0.060100 0.036400 0.069600 0.088500 0.061500 0.083300 0.089200 0.061700 0.062200 0.061400 0.049200 0.042000 0.062400 0.055200 0.055800
CommonDuik 0.048400 0.253600 0.061400 0.296200 0.061700 0.048400 0.041700 0.086900 0.062300 0.090300 0.048400 0.081000 0.060300 0.000000 0.054500 0.102500 0.122000 0.123500 0.054600 0.061800 0.074900 0.054800 0.108900 0.094900 0.048500 0.068100 0.066500 0.055800 0.074300 0.062600 0.097400 0.035800 0.119700 0.066300 0.048300 0.074400 0.060400 0.074800 0.048800 0.089400 0.101800 0.074300 0.096700 0.102600 0.074400 0.075000 0.074100 0.061900 0.054400 0.088600 0.067900 0.068600
Suni 0.030100 0.248000 0.042900 0.263900 0.043100 0.030100 0.035900 0.068100 0.043500 0.068900 0.030200 0.062200 0.042100 0.054500 0.000000 0.083100 0.100800 0.102000 0.036300 0.043200 0.056000 0.036400 0.088200 0.087400 0.030200 0.036800 0.048200 0.037100 0.055600 0.043700 0.076100 0.030000 0.104500 0.048100 0.036400 0.055600 0.042200 0.055900 0.030400 0.067900 0.081200 0.055600 0.075300 0.081500 0.055700 0.056100 0.055400 0.043200 0.036100 0.069500 0.049200 0.049800
Springbuck 0.076600 0.332200 0.090900 0.358400 0.077700 0.076600 0.082300 0.077100 0.092200 0.123200 0.076600 0.112000 0.075700 0.102500 0.083100 0.000000 0.141500 0.143300 0.083200 0.091500 0.051200 0.083600 0.128000 0.142400 0.076800 0.044500 0.082100 0.085300 0.063900 0.099500 0.130900 0.076300 0.154900 0.081900 0.083500 0.104800 0.089300 0.091500 0.063900 0.121800 0.134900 0.050800 0.129900 0.136100 0.104900 0.105900 0.090800 0.084600 0.082900 0.106000 0.097800 0.099000
Okapi 0.082600 0.219000 0.096000 0.219000 0.111100 0.082600 0.101500 0.124300 0.097500 0.065600 0.082700 0.109900 0.094800 0.122000 0.100800 0.141500 0.000000 0.024800 0.102700 0.096700 0.125800 0.089600 0.091300 0.091000 0.082800 0.118100 0.101300 0.090500 0.124700 0.097900 0.072600 0.095500 0.093100 0.101100 0.103000 0.116600 0.095300 0.125500 0.096900 0.071500 0.084200 0.124700 0.072000 0.084800 0.116700 0.126100 0.124400 0.111600 0.102300 0.084300 0.102900 0.104100
Giraffe 0.083600 0.239800 0.097200 0.222200 0.112500 0.083600 0.102700 0.140000 0.098600 0.066400 0.083600 0.125300 0.095900 0.123500 0.102000 0.143300 0.024800 0.000000 0.103900 0.097800 0.119700 0.090700 0.092400 0.092100 0.083800 0.119500 0.102500 0.091600 0.126300 0.099100 0.073500 0.096600 0.094300 0.102200 0.104200 0.118000 0.096400 0.127000 0.098000 0.072300 0.085200 0.126200 0.072900 0.085900 0.118100 0.127700 0.125900 0.112900 0.103500 0.085300 0.104100 0.105300
TibetanAnt 0.030200 0.256700 0.043000 0.282100 0.043200 0.030200 0.036000 0.068300 0.043600 0.071000 0.030200 0.062300 0.042200 0.054600 0.036300 0.083200 0.102700 0.103900 0.000000 0.043300 0.056200 0.036500 0.089800 0.089400 0.030300 0.049600 0.048300 0.037200 0.055700 0.043800 0.077900 0.030100 0.106700 0.048200 0.036500 0.055800 0.042300 0.056100 0.030500 0.070200 0.082800 0.055700 0.077300 0.083300 0.055800 0.056300 0.055500 0.043300 0.036200 0.069700 0.049300 0.049900
Sitatunga 0.037000 0.262800 0.024500 0.270400 0.050400 0.037000 0.042800 0.076000 0.012300 0.065500 0.037000 0.056400 0.049200 0.061800 0.043200 0.091500 0.096700 0.097800 0.043300 0.000000 0.063700 0.043500 0.084500 0.084200 0.037100 0.056900 0.055400 0.006100 0.063200 0.012400 0.072500 0.036900 0.107400 0.055300 0.043400 0.049900 0.049300 0.063600 0.037300 0.064800 0.077500 0.063100 0.072000 0.078000 0.049900 0.063900 0.063000 0.050500 0.043100 0.064300 0.006100 0.018500
Oribi 0.049800 0.289200 0.063300 0.315300 0.050500 0.049800 0.055500 0.050100 0.064100 0.093200 0.049800 0.083400 0.062100 0.074900 0.056000 0.051200 0.125800 0.119700 0.056200 0.063700 0.000000 0.056400 0.098300 0.112000 0.049900 0.018600 0.068400 0.057500 0.037400 0.071000 0.100500 0.049600 0.123200 0.068200 0.056300 0.076600 0.062200 0.063700 0.037400 0.092100 0.104900 0.024800 0.099700 0.105900 0.076600 0.077300 0.063200 0.057100 0.055900 0.091100 0.069900 0.070700
BarbaryShe 0.018100 0.249700 0.043200 0.265900 0.043400 0.018100 0.036100 0.068600 0.043800 0.057900 0.018100 0.062600 0.042400 0.054800 0.036400 0.083600 0.089600 0.090700 0.036500 0.043500 0.056400 0.000000 0.076700 0.069900 0.018100 0.049700 0.048500 0.037400 0.055900 0.044000 0.064800 0.024100 0.093100 0.048400 0.036600 0.056000 0.030100 0.056300 0.030600 0.057300 0.069800 0.055900 0.064300 0.070300 0.056000 0.056500 0.055800 0.043500 0.036400 0.056900 0.049500 0.050100
Daviddeer 0.069800 0.221100 0.083900 0.255500 0.084200 0.069800 0.088600 0.110900 0.085200 0.045600 0.069800 0.104800 0.095500 0.108900 0.088200 0.128000 0.091300 0.092400 0.089800 0.084500 0.098300 0.076700 0.000000 0.064400 0.069900 0.091000 0.102000 0.078300 0.097500 0.085600 0.052500 0.082600 0.094900 0.101800 0.083300 0.091000 0.082400 0.083900 0.083800 0.045100 0.006100 0.097500 0.052000 0.058200 0.091000 0.098700 0.111000 0.098200 0.089300 0.085000 0.090700 0.091800
Reindeer 0.069600 0.236800 0.083600 0.254100 0.097600 0.069600 0.075100 0.124600 0.084900 0.045500 0.069600 0.104400 0.095200 0.094900 0.087400 0.142400 0.091000 0.092100 0.089400 0.084200 0.112000 0.069900 0.064400 0.000000 0.069700 0.104600 0.101700 0.078000 0.111100 0.085300 0.052300 0.056100 0.094600 0.101500 0.089700 0.097400 0.082200 0.111700 0.083600 0.045000 0.057600 0.111100 0.051900 0.018800 0.097500 0.112200 0.110700 0.097900 0.089000 0.084700 0.090400 0.091600
Ibex 0.012000 0.241100 0.036800 0.257100 0.036900 0.012000 0.030000 0.062000 0.037400 0.051300 0.000000 0.056000 0.035500 0.048500 0.030200 0.076800 0.082800 0.083800 0.030300 0.037100 0.049900 0.018100 0.069900 0.069700 0.000000 0.043300 0.042100 0.031000 0.049500 0.037500 0.058000 0.024100 0.086000 0.042100 0.030400 0.049500 0.011800 0.049600 0.024400 0.050700 0.063200 0.049500 0.057600 0.063600 0.049600 0.050000 0.049300 0.037100 0.030200 0.050300 0.043100 0.043600
GyrantGaze 0.043200 0.278300 0.056500 0.304700 0.043800 0.043200 0.049000 0.043500 0.057300 0.085800 0.043200 0.076400 0.055400 0.068100 0.036800 0.044500 0.118100 0.119500 0.049600 0.056900 0.018600 0.049700 0.091000 0.104600 0.043300 0.000000 0.061700 0.050700 0.030900 0.064100 0.093100 0.043100 0.115300 0.061500 0.049700 0.069700 0.055600 0.056900 0.030900 0.084900 0.097600 0.018400 0.092300 0.098400 0.069700 0.070300 0.056500 0.050300 0.049400 0.084000 0.063000 0.063800
Hartebeest 0.029900 0.263000 0.055100 0.295400 0.054100 0.029900 0.047800 0.074000 0.055900 0.083500 0.042200 0.074500 0.005800 0.066500 0.048200 0.082100 0.101300 0.102500 0.048300 0.055400 0.068400 0.048500 0.102000 0.101700 0.042100 0.061700 0.000000 0.049400 0.067800 0.056100 0.090500 0.042000 0.119400 0.011700 0.048500 0.067900 0.047900 0.068000 0.042500 0.076100 0.095000 0.067800 0.089800 0.095700 0.067900 0.068500 0.067600 0.055500 0.048100 0.068700 0.061400 0.062100
Bongo 0.030900 0.255700 0.018500 0.263500 0.044200 0.030900 0.036800 0.069900 0.006200 0.059200 0.030900 0.050300 0.043200 0.055800 0.037100 0.085300 0.090500 0.091600 0.037200 0.006100 0.057500 0.037400 0.078300 0.078000 0.031000 0.050700 0.049400 0.000000 0.057000 0.006200 0.066200 0.030800 0.101000 0.049300 0.037300 0.043800 0.043300 0.057400 0.031200 0.058500 0.071300 0.057000 0.065600 0.071800 0.043800 0.057700 0.056900 0.044400 0.037100 0.058100 0.012200 0.012200
Gerenuk 0.049400 0.286900 0.062700 0.313200 0.050100 0.049400 0.055100 0.062600 0.063600 0.092400 0.049400 0.082700 0.061600 0.074300 0.055600 0.063900 0.124700 0.126300 0.055700 0.063200 0.037400 0.055900 0.097500 0.111100 0.049500 0.030900 0.067800 0.057000 0.000000 0.070500 0.099700 0.049200 0.122200 0.067600 0.055900 0.076000 0.061700 0.063200 0.037100 0.091400 0.104100 0.037100 0.098900 0.104900 0.076000 0.076700 0.075800 0.056600 0.055500 0.090300 0.069300 0.070100
CommonElan 0.037400 0.275400 0.024800 0.274000 0.051000 0.037400 0.043300 0.077000 0.011100 0.066400 0.037500 0.057100 0.049800 0.062600 0.043700 0.099500 0.097900 0.099100 0.043800 0.012400 0.071000 0.044000 0.085600 0.085300 0.037500 0.064100 0.056100 0.006200 0.070500 0.000000 0.073500 0.037300 0.094600 0.056000 0.044000 0.050500 0.049900 0.064400 0.037800 0.065600 0.078500 0.070400 0.072900 0.079000 0.050600 0.064700 0.050700 0.051200 0.043700 0.071800 0.018500 0.006200
MuntiacusR 0.057900 0.235300 0.072000 0.217700 0.086100 0.057900 0.077000 0.113300 0.073100 0.019700 0.057900 0.093000 0.083900 0.097400 0.076100 0.130900 0.072600 0.073500 0.077900 0.072500 0.100500 0.064800 0.052500 0.052300 0.058000 0.093100 0.090500 0.066200 0.099700 0.073500 0.000000 0.070900 0.082700 0.090200 0.078200 0.085900 0.070700 0.100300 0.071900 0.032700 0.045600 0.099600 0.026300 0.045900 0.086000 0.100800 0.099300 0.086400 0.077600 0.073000 0.078900 0.079800
HarveysDui 0.024000 0.256300 0.036600 0.271900 0.036800 0.024000 0.017700 0.061700 0.037200 0.064100 0.024000 0.055600 0.035900 0.035800 0.030000 0.076300 0.095500 0.096600 0.030100 0.036900 0.049600 0.024100 0.082600 0.056100 0.024100 0.043100 0.042000 0.030800 0.049200 0.037300 0.070900 0.000000 0.099200 0.041900 0.030200 0.049200 0.036000 0.049500 0.024200 0.063400 0.075800 0.049200 0.070400 0.076300 0.049300 0.049700 0.049000 0.036900 0.030000 0.062900 0.042900 0.043400
Pronghorn 0.085800 0.211500 0.099800 0.255800 0.115600 0.085800 0.105300 0.136100 0.108300 0.075300 0.085800 0.128700 0.112600 0.119700 0.104500 0.154900 0.093100 0.094300 0.106700 0.107400 0.123200 0.093100 0.094900 0.094600 0.086000 0.115300 0.119400 0.101000 0.122200 0.094600 0.082700 0.099200 0.000000 0.119100 0.107000 0.121100 0.098900 0.130600 0.093300 0.074400 0.087500 0.122000 0.082000 0.088200 0.121300 0.131300 0.114900 0.101000 0.106100 0.101000 0.113800 0.101000
BlueWildeb 0.029800 0.262100 0.054900 0.294700 0.055200 0.029800 0.047700 0.073900 0.055700 0.083300 0.042000 0.074300 0.005800 0.066300 0.048100 0.081900 0.101100 0.102200 0.048200 0.055300 0.068200 0.048400 0.101800 0.101500 0.042100 0.061500 0.011700 0.049300 0.067600 0.056000 0.090200 0.041900 0.119100 0.000000 0.048300 0.067700 0.054000 0.068000 0.042400 0.075900 0.094800 0.067600 0.089600 0.095500 0.067800 0.055600 0.054900 0.055300 0.048000 0.068600 0.061300 0.062000
Gemsbok 0.030300 0.267700 0.043100 0.274900 0.043300 0.030300 0.036100 0.068500 0.043800 0.071200 0.030300 0.062500 0.042300 0.048300 0.036400 0.083500 0.103000 0.104200 0.036500 0.043400 0.056300 0.036600 0.083300 0.089700 0.030400 0.049700 0.048500 0.037300 0.055900 0.044000 0.078200 0.030200 0.107000 0.048300 0.000000 0.043200 0.042400 0.049900 0.030600 0.070400 0.076400 0.055800 0.077600 0.083600 0.043200 0.056400 0.055700 0.043500 0.036300 0.069900 0.049500 0.050100
Yak 0.049400 0.279800 0.049600 0.277000 0.063100 0.049400 0.055200 0.088900 0.050300 0.078800 0.049400 0.043400 0.061600 0.074400 0.055600 0.104800 0.116600 0.118000 0.055800 0.049900 0.076600 0.056000 0.091000 0.097400 0.049500 0.069700 0.067900 0.043800 0.076000 0.050500 0.085900 0.049200 0.121100 0.067700 0.043200 0.000000 0.061700 0.069900 0.049900 0.077900 0.083900 0.075900 0.085200 0.091200 0.012100 0.076800 0.075700 0.063300 0.055500 0.064000 0.056000 0.056600
BlueSheep 0.023900 0.247300 0.049000 0.271000 0.048400 0.023900 0.041800 0.074200 0.049700 0.063900 0.011900 0.068300 0.047900 0.060400 0.042200 0.089300 0.095300 0.096400 0.042300 0.049300 0.062200 0.030100 0.082400 0.082200 0.011800 0.055600 0.047900 0.043300 0.061700 0.049900 0.070700 0.036000 0.098900 0.054000 0.042400 0.061700 0.000000 0.061800 0.036400 0.063200 0.075600 0.061700 0.057000 0.076100 0.061800 0.062300 0.061500 0.049300 0.042100 0.062700 0.055300 0.055900
BohorReedb 0.049700 0.279800 0.063100 0.294900 0.024600 0.049700 0.055400 0.069300 0.064100 0.093000 0.049700 0.083300 0.060100 0.074800 0.055900 0.091500 0.125500 0.127000 0.056100 0.063600 0.063700 0.056300 0.083900 0.111700 0.049600 0.056900 0.068000 0.057400 0.063200 0.064400 0.100300 0.049500 0.130600 0.068000 0.049900 0.069900 0.061800 0.000000 0.050100 0.092000 0.090500 0.063100 0.099600 0.105600 0.070000 0.077200 0.069400 0.063600 0.055800 0.091200 0.069700 0.070600
KirksDik 0.024300 0.250700 0.037100 0.276200 0.037200 0.024300 0.030200 0.049600 0.037600 0.064900 0.024300 0.056400 0.036400 0.048800 0.030400 0.063900 0.096900 0.098000 0.030500 0.037300 0.037400 0.030600 0.083800 0.083600 0.024400 0.030900 0.042500 0.031200 0.037100 0.037800 0.071900 0.024200 0.093300 0.042400 0.030600 0.049900 0.036400 0.050100 0.000000 0.064200 0.076800 0.037100 0.071300 0.077400 0.049900 0.050300 0.049700 0.031000 0.030400 0.063700 0.043400 0.043900
RoeDeer 0.050600 0.222900 0.064300 0.240700 0.078100 0.050600 0.069400 0.097500 0.065300 0.026000 0.050600 0.084800 0.069600 0.089400 0.067900 0.121800 0.071500 0.072300 0.070200 0.064800 0.092100 0.057300 0.045100 0.045000 0.050700 0.084900 0.076100 0.058500 0.091400 0.065600 0.032700 0.063400 0.074400 0.075900 0.070400 0.077900 0.063200 0.092000 0.064200 0.000000 0.038400 0.091400 0.032500 0.038700 0.078000 0.092400 0.091100 0.078400 0.069900 0.065200 0.071000 0.071900
WhiteLippe 0.063000 0.211600 0.076900 0.245900 0.090800 0.063000 0.081800 0.117500 0.078100 0.038800 0.063000 0.097500 0.088500 0.101800 0.081200 0.134900 0.084200 0.085200 0.082800 0.077500 0.104900 0.069800 0.006100 0.057600 0.063200 0.097600 0.095000 0.071300 0.104100 0.078500 0.045600 0.075800 0.087500 0.094800 0.076400 0.083900 0.075600 0.090500 0.076800 0.038400 0.000000 0.104100 0.045200 0.051400 0.084000 0.091500 0.103700 0.091100 0.082400 0.077900 0.083700 0.084700
ThomsonGaz 0.049300 0.277500 0.062700 0.312800 0.050100 0.049300 0.055100 0.049700 0.063600 0.092400 0.049400 0.082800 0.061500 0.074300 0.055600 0.050800 0.124700 0.126200 0.055700 0.063100 0.024800 0.055900 0.097500 0.111100 0.049500 0.018400 0.067800 0.057000 0.037100 0.070400 0.099600 0.049200 0.122000 0.067600 0.055800 0.075900 0.061700 0.063100 0.037100 0.091400 0.104100 0.000000 0.098900 0.105000 0.076000 0.076700 0.062700 0.056600 0.055500 0.090300 0.069300 0.070100
MuntiacusC 0.057500 0.223200 0.071400 0.249900 0.085400 0.057500 0.076500 0.112400 0.072600 0.006300 0.057500 0.092300 0.083300 0.096700 0.075300 0.129900 0.072000 0.072900 0.077300 0.072000 0.099700 0.064300 0.052000 0.051900 0.057600 0.092300 0.089800 0.065600 0.098900 0.072900 0.026300 0.070400 0.082000 0.089600 0.077600 0.085200 0.057000 0.099600 0.071300 0.032500 0.045200 0.098900 0.000000 0.045600 0.085300 0.100000 0.098600 0.085700 0.077000 0.072400 0.078300 0.079200
WhiteTaile 0.063500 0.230100 0.077500 0.247400 0.091400 0.063500 0.082300 0.118500 0.078700 0.039100 0.063500 0.098300 0.089200 0.102600 0.081500 0.136100 0.084800 0.085900 0.083300 0.078000 0.105900 0.070300 0.058200 0.018800 0.063600 0.098400 0.095700 0.071800 0.104900 0.079000 0.045900 0.076300 0.088200 0.095500 0.083600 0.091200 0.076100 0.105600 0.077400 0.038700 0.051400 0.105000 0.045600 0.000000 0.091300 0.106000 0.104600 0.091700 0.083000 0.078400 0.084300 0.085300
Cattle 0.049400 0.280400 0.049600 0.277600 0.063100 0.049400 0.055200 0.089000 0.050300 0.078900 0.049500 0.043400 0.061700 0.074400 0.055700 0.104900 0.116700 0.118100 0.055800 0.049900 0.076600 0.056000 0.091000 0.097500 0.049600 0.069700 0.067900 0.043800 0.076000 0.050600 0.086000 0.049300 0.121300 0.067800 0.043200 0.012100 0.061800 0.070000 0.049900 0.078000 0.084000 0.076000 0.085300 0.091300 0.000000 0.076900 0.075800 0.063400 0.055600 0.064000 0.056000 0.056700
RoyalAntel 0.049900 0.244300 0.063400 0.297300 0.063700 0.049900 0.055700 0.089800 0.064400 0.093400 0.049900 0.083600 0.062200 0.075000 0.056100 0.105900 0.126100 0.127700 0.056300 0.063900 0.077300 0.056500 0.098700 0.112200 0.050000 0.070300 0.068500 0.057700 0.076700 0.064700 0.100800 0.049700 0.131300 0.055600 0.056400 0.076800 0.062300 0.077200 0.050300 0.092400 0.091500 0.076700 0.100000 0.106000 0.076900 0.000000 0.063300 0.050700 0.056100 0.077900 0.070100 0.070900
Steenbok 0.049200 0.297200 0.062600 0.311700 0.062900 0.049200 0.054900 0.075500 0.063500 0.092100 0.049200 0.082500 0.061400 0.074100 0.055400 0.090800 0.124400 0.125900 0.055500 0.063000 0.063200 0.055800 0.111000 0.110700 0.049300 0.056500 0.067600 0.056900 0.075800 0.050700 0.099300 0.049000 0.114900 0.054900 0.055700 0.075700 0.061500 0.069400 0.049700 0.091100 0.103700 0.062700 0.098600 0.104600 0.075800 0.063300 0.000000 0.063100 0.055300 0.090400 0.069100 0.056800
Impala 0.037000 0.233900 0.050200 0.270000 0.050400 0.037000 0.042800 0.069400 0.051000 0.079200 0.037000 0.070000 0.049200 0.061900 0.043200 0.084600 0.111600 0.112900 0.043300 0.050500 0.057100 0.043500 0.098200 0.097900 0.037100 0.050300 0.055500 0.044400 0.056600 0.051200 0.086400 0.036900 0.101000 0.055300 0.043500 0.063300 0.049300 0.063600 0.031000 0.078400 0.091100 0.056600 0.085700 0.091700 0.063400 0.050700 0.063100 0.000000 0.043200 0.064200 0.056700 0.044300
Klipspring 0.030100 0.265000 0.042800 0.280600 0.043000 0.030100 0.035900 0.055300 0.043500 0.070700 0.030100 0.062100 0.042000 0.054400 0.036100 0.082900 0.102300 0.103500 0.036200 0.043100 0.055900 0.036400 0.089300 0.089000 0.030200 0.049400 0.048100 0.037100 0.055500 0.043700 0.077600 0.030000 0.106100 0.048000 0.036300 0.055500 0.042100 0.055800 0.030400 0.069900 0.082400 0.055500 0.077000 0.083000 0.055600 0.056100 0.055300 0.043200 0.000000 0.069400 0.049100 0.049700
ForestMusk 0.050200 0.253000 0.063800 0.270600 0.077400 0.050200 0.067900 0.104000 0.064800 0.065900 0.050200 0.070700 0.062400 0.088600 0.069500 0.106000 0.084300 0.085300 0.069700 0.064300 0.091100 0.056900 0.085000 0.084700 0.050300 0.084000 0.068700 0.058100 0.090300 0.071800 0.073000 0.062900 0.101000 0.068600 0.069900 0.064000 0.062700 0.091200 0.063700 0.065200 0.077900 0.090300 0.072400 0.078400 0.064000 0.077900 0.090400 0.064200 0.069400 0.000000 0.070500 0.071400
Bushbuck 0.043000 0.269900 0.030600 0.277300 0.056500 0.043000 0.048800 0.082200 0.018400 0.071800 0.043000 0.062500 0.055200 0.067900 0.049200 0.097800 0.102900 0.104100 0.049300 0.006100 0.069900 0.049500 0.090700 0.090400 0.043100 0.063000 0.061400 0.012200 0.069300 0.018500 0.078900 0.042900 0.113800 0.061300 0.049500 0.056000 0.055300 0.069700 0.043400 0.071000 0.083700 0.069300 0.078300 0.084300 0.056000 0.070100 0.069100 0.056700 0.049100 0.070500 0.000000 0.024600
GreaterKud 0.043500 0.273600 0.030900 0.280700 0.057200 0.043500 0.049400 0.083100 0.018700 0.072700 0.043600 0.063200 0.055800 0.068600 0.049800 0.099000 0.104100 0.105300 0.049900 0.018500 0.070700 0.050100 0.091800 0.091600 0.043600 0.063800 0.062100 0.012200 0.070100 0.006200 0.079800 0.043400 0.101000 0.062000 0.050100 0.056600 0.055900 0.070600 0.043900 0.071900 0.084700 0.070100 0.079200 0.085300 0.056700 0.070900 0.056800 0.044300 0.049700 0.071400 0.024600 0.000000
