CODONML (in paml version 4.10.7, June 2023)  /home/rachel/ruminants_paml/6406-phy-tree/ENSBTAT00000020559.fasta.phy
Model: free dN/dS Ratios for branches,  kappa = 2.000 fixed

Codon frequency model: F3x4
ns =  54  ls =  36

Codon usage in sequences
--------------------------------------------------------------------------------------------------------------------------------------
Phe TTT   0   0   0   0   0   0 | Ser TCT   0   0   0   0   0   0 | Tyr TAT   0   0   0   0   0   0 | Cys TGT   0   0   0   0   0   0
    TTC   0   1   0   0   0   0 |     TCC   0   0   0   0   0   0 |     TAC   1   0   1   1   1   1 |     TGC   0   0   0   0   0   0
Leu TTA   0   0   0   0   0   0 |     TCA   0   0   0   0   0   0 | *** TAA   0   0   0   0   0   0 | *** TGA   0   0   0   0   0   0
    TTG   1   1   1   0   0   1 |     TCG   0   0   0   0   0   0 |     TAG   0   0   0   0   0   0 | Trp TGG   0   0   0   0   0   0
--------------------------------------------------------------------------------------------------------------------------------------
Leu CTT   0   0   0   0   0   1 | Pro CCT   1   1   1   0   1   1 | His CAT   1   0   1   1   1   1 | Arg CGT   1   1   1   1   1   1
    CTC   0   0   0   1   0   0 |     CCC   1   1   1   3   1   1 |     CAC   2   2   2   1   2   2 |     CGC   0   0   0   1   0   0
    CTA   1   0   0   0   0   0 |     CCA   1   0   1   0   1   2 | Gln CAA   0   0   0   0   0   1 |     CGA   0   0   0   0   0   0
    CTG   2   3   3   4   4   2 |     CCG   2   3   2   2   2   1 |     CAG   1   2   1   1   1   0 |     CGG   0   0   0   0   0   0
--------------------------------------------------------------------------------------------------------------------------------------
Ile ATT   0   0   1   0   1   1 | Thr ACT   0   0   0   0   0   0 | Asn AAT   1   1   1   1   1   1 | Ser AGT   0   0   0   0   0   1
    ATC   2   2   1   2   1   1 |     ACC   0   0   0   0   0   0 |     AAC   1   1   1   1   1   1 |     AGC   3   3   3   3   3   2
    ATA   0   0   0   0   0   0 |     ACA   0   0   0   0   0   0 | Lys AAA   0   0   0   1   1   0 | Arg AGA   0   0   0   0   0   0
Met ATG   1   1   1   1   1   1 |     ACG   0   0   0   0   0   0 |     AAG   3   3   3   2   2   3 |     AGG   0   0   0   0   0   0
--------------------------------------------------------------------------------------------------------------------------------------
Val GTT   1   0   0   0   1   1 | Ala GCT   0   0   1   0   1   1 | Asp GAT   0   0   0   0   0   0 | Gly GGT   0   0   0   0   0   0
    GTC   2   3   3   2   2   2 |     GCC   2   2   1   2   1   1 |     GAC   1   1   1   1   1   1 |     GGC   1   1   1   1   1   1
    GTA   0   0   0   0   0   0 |     GCA   0   0   0   0   0   0 | Glu GAA   1   1   1   1   1   2 |     GGA   1   0   1   1   1   1
    GTG   0   0   0   0   0   0 |     GCG   0   0   0   0   0   0 |     GAG   1   1   1   1   1   0 |     GGG   0   1   0   0   0   0
--------------------------------------------------------------------------------------------------------------------------------------

--------------------------------------------------------------------------------------------------------------------------------------
Phe TTT   0   0   0   0   0   0 | Ser TCT   0   0   0   0   0   0 | Tyr TAT   0   0   0   0   0   0 | Cys TGT   0   0   0   0   0   0
    TTC   0   0   0   0   0   0 |     TCC   0   0   0   0   0   0 |     TAC   1   1   1   1   1   1 |     TGC   0   0   0   0   0   0
Leu TTA   0   0   0   0   0   0 |     TCA   0   0   0   0   0   0 | *** TAA   0   0   0   0   0   0 | *** TGA   0   0   0   0   0   0
    TTG   1   1   1   1   1   1 |     TCG   0   0   0   0   0   0 |     TAG   0   0   0   0   0   0 | Trp TGG   0   0   0   0   0   0
--------------------------------------------------------------------------------------------------------------------------------------
Leu CTT   0   0   0   0   0   0 | Pro CCT   1   1   1   1   1   0 | His CAT   1   1   1   1   1   1 | Arg CGT   1   1   1   1   1   1
    CTC   0   1   0   0   0   0 |     CCC   1   1   1   1   1   1 |     CAC   2   2   2   2   2   2 |     CGC   0   0   0   0   0   0
    CTA   0   0   0   0   0   0 |     CCA   2   1   2   1   1   2 | Gln CAA   0   0   0   0   0   1 |     CGA   0   0   0   0   0   0
    CTG   3   2   3   3   3   3 |     CCG   1   2   1   2   2   2 |     CAG   1   1   1   1   1   0 |     CGG   0   0   0   0   0   0
--------------------------------------------------------------------------------------------------------------------------------------
Ile ATT   0   0   0   0   1   1 | Thr ACT   0   0   0   0   0   0 | Asn AAT   1   1   1   1   1   1 | Ser AGT   0   0   0   0   0   0
    ATC   2   2   3   2   1   1 |     ACC   0   0   0   0   0   0 |     AAC   1   1   1   1   1   1 |     AGC   3   3   3   3   3   3
    ATA   0   0   0   0   0   0 |     ACA   0   0   0   0   0   0 | Lys AAA   0   0   0   0   0   0 | Arg AGA   0   0   0   0   0   0
Met ATG   1   1   1   1   1   1 |     ACG   0   0   0   0   0   0 |     AAG   3   3   3   3   3   3 |     AGG   0   0   0   0   0   0
--------------------------------------------------------------------------------------------------------------------------------------
Val GTT   0   1   0   0   0   0 | Ala GCT   0   0   0   0   0   0 | Asp GAT   0   0   0   0   0   0 | Gly GGT   0   0   0   0   0   0
    GTC   2   2   2   3   3   3 |     GCC   2   2   2   2   2   2 |     GAC   1   1   1   1   1   1 |     GGC   1   1   1   1   1   1
    GTA   0   0   0   0   0   0 |     GCA   0   0   0   0   0   0 | Glu GAA   1   1   1   1   1   1 |     GGA   1   1   1   1   1   1
    GTG   1   0   0   0   0   0 |     GCG   0   0   0   0   0   0 |     GAG   1   1   1   1   1   1 |     GGG   0   0   0   0   0   0
--------------------------------------------------------------------------------------------------------------------------------------

--------------------------------------------------------------------------------------------------------------------------------------
Phe TTT   0   0   0   0   0   0 | Ser TCT   0   0   0   0   0   0 | Tyr TAT   0   0   0   0   0   0 | Cys TGT   0   0   0   0   0   0
    TTC   0   0   0   0   0   0 |     TCC   0   0   0   0   0   0 |     TAC   1   1   1   1   1   1 |     TGC   0   0   0   0   0   0
Leu TTA   0   0   0   0   0   0 |     TCA   0   0   0   0   0   0 | *** TAA   0   0   0   0   0   0 | *** TGA   0   0   0   0   0   0
    TTG   1   1   1   1   1   1 |     TCG   0   0   0   0   0   0 |     TAG   0   0   0   0   0   0 | Trp TGG   0   0   0   0   0   0
--------------------------------------------------------------------------------------------------------------------------------------
Leu CTT   0   0   0   0   0   0 | Pro CCT   1   1   1   1   1   1 | His CAT   1   1   1   1   1   1 | Arg CGT   1   1   1   1   1   1
    CTC   0   0   0   0   0   0 |     CCC   1   1   1   1   2   1 |     CAC   2   2   2   2   2   2 |     CGC   0   0   0   0   0   0
    CTA   1   0   0   0   0   0 |     CCA   1   1   1   2   1   1 | Gln CAA   0   0   0   0   0   0 |     CGA   0   0   0   0   0   0
    CTG   2   3   3   3   3   3 |     CCG   2   2   2   1   1   2 |     CAG   1   1   1   1   1   1 |     CGG   0   0   0   0   0   0
--------------------------------------------------------------------------------------------------------------------------------------
Ile ATT   0   1   0   0   0   0 | Thr ACT   0   0   0   0   0   0 | Asn AAT   1   1   1   1   1   1 | Ser AGT   0   0   0   0   0   0
    ATC   2   1   2   2   2   2 |     ACC   0   0   0   0   0   0 |     AAC   1   1   1   1   1   1 |     AGC   3   3   3   3   3   3
    ATA   0   0   0   0   0   0 |     ACA   0   0   0   0   0   0 | Lys AAA   0   0   0   0   0   0 | Arg AGA   0   0   0   0   0   0
Met ATG   1   1   1   1   1   1 |     ACG   0   0   0   0   0   0 |     AAG   3   3   3   3   3   3 |     AGG   0   0   0   0   0   0
--------------------------------------------------------------------------------------------------------------------------------------
Val GTT   1   0   1   0   0   0 | Ala GCT   0   0   0   0   0   0 | Asp GAT   0   0   0   0   0   0 | Gly GGT   0   0   0   0   0   0
    GTC   2   3   2   3   3   3 |     GCC   2   2   2   2   2   2 |     GAC   1   1   1   1   1   1 |     GGC   1   1   1   1   1   1
    GTA   0   0   0   0   0   0 |     GCA   0   0   0   0   0   0 | Glu GAA   1   1   1   1   1   1 |     GGA   1   1   1   1   1   1
    GTG   0   0   0   0   0   0 |     GCG   0   0   0   0   0   0 |     GAG   1   1   1   1   1   1 |     GGG   0   0   0   0   0   0
--------------------------------------------------------------------------------------------------------------------------------------

--------------------------------------------------------------------------------------------------------------------------------------
Phe TTT   0   0   0   0   0   0 | Ser TCT   0   0   0   0   0   0 | Tyr TAT   0   0   1   0   0   0 | Cys TGT   0   0   0   0   0   0
    TTC   0   0   0   0   0   0 |     TCC   0   0   0   0   0   0 |     TAC   1   1   0   1   1   1 |     TGC   0   0   0   0   0   0
Leu TTA   0   0   0   0   0   0 |     TCA   0   0   0   0   0   0 | *** TAA   0   0   0   0   0   0 | *** TGA   0   0   0   0   0   0
    TTG   1   1   1   1   1   1 |     TCG   0   0   0   0   0   0 |     TAG   0   0   0   0   0   0 | Trp TGG   0   0   0   0   0   0
--------------------------------------------------------------------------------------------------------------------------------------
Leu CTT   0   0   0   0   0   0 | Pro CCT   1   1   2   1   1   1 | His CAT   1   1   1   1   1   1 | Arg CGT   1   1   1   1   1   1
    CTC   0   0   0   0   0   0 |     CCC   1   1   1   1   1   1 |     CAC   2   2   2   2   2   2 |     CGC   0   0   0   0   0   0
    CTA   0   0   0   0   0   1 |     CCA   2   1   1   1   1   1 | Gln CAA   0   0   0   0   0   0 |     CGA   0   0   0   0   0   0
    CTG   3   3   3   3   3   2 |     CCG   1   2   1   2   2   2 |     CAG   1   1   1   1   1   1 |     CGG   0   0   0   0   0   0
--------------------------------------------------------------------------------------------------------------------------------------
Ile ATT   1   1   0   1   0   0 | Thr ACT   0   0   0   0   0   0 | Asn AAT   1   1   1   1   1   1 | Ser AGT   0   0   0   0   0   0
    ATC   1   1   2   1   2   2 |     ACC   0   0   0   0   0   0 |     AAC   1   1   1   1   1   1 |     AGC   3   3   3   3   3   3
    ATA   0   0   0   0   0   0 |     ACA   0   0   0   0   0   0 | Lys AAA   0   0   0   0   0   0 | Arg AGA   0   0   0   0   0   0
Met ATG   1   1   1   1   1   1 |     ACG   0   0   0   0   0   0 |     AAG   3   3   3   3   3   3 |     AGG   0   0   0   0   0   0
--------------------------------------------------------------------------------------------------------------------------------------
Val GTT   0   0   1   0   0   1 | Ala GCT   1   0   0   0   0   0 | Asp GAT   0   0   0   0   0   0 | Gly GGT   0   0   0   0   0   0
    GTC   3   3   2   3   3   2 |     GCC   1   2   2   2   2   2 |     GAC   1   1   1   1   1   1 |     GGC   1   1   1   1   1   1
    GTA   0   0   0   0   0   0 |     GCA   0   0   0   0   0   0 | Glu GAA   1   1   1   1   1   1 |     GGA   1   1   1   1   1   1
    GTG   0   0   0   0   0   0 |     GCG   0   0   0   0   0   0 |     GAG   1   1   1   1   1   1 |     GGG   0   0   0   0   0   0
--------------------------------------------------------------------------------------------------------------------------------------

--------------------------------------------------------------------------------------------------------------------------------------
Phe TTT   0   0   0   0   0   0 | Ser TCT   0   0   0   0   0   0 | Tyr TAT   0   0   0   0   0   0 | Cys TGT   0   0   0   0   0   0
    TTC   0   0   0   0   0   0 |     TCC   0   0   0   0   0   0 |     TAC   1   1   1   1   1   1 |     TGC   0   0   0   0   0   0
Leu TTA   0   0   0   0   0   0 |     TCA   0   0   0   0   0   0 | *** TAA   0   0   0   0   0   0 | *** TGA   0   0   0   0   0   0
    TTG   1   1   1   1   1   1 |     TCG   0   0   0   0   0   0 |     TAG   0   0   0   0   0   0 | Trp TGG   0   0   0   0   0   0
--------------------------------------------------------------------------------------------------------------------------------------
Leu CTT   0   0   0   0   0   0 | Pro CCT   0   0   1   1   1   1 | His CAT   1   1   1   1   1   1 | Arg CGT   1   1   1   1   1   1
    CTC   0   0   0   0   0   0 |     CCC   1   1   1   1   1   1 |     CAC   2   2   2   2   2   2 |     CGC   0   0   0   0   0   0
    CTA   0   0   1   0   0   0 |     CCA   2   2   1   1   1   1 | Gln CAA   1   1   0   0   0   0 |     CGA   0   0   0   0   0   0
    CTG   3   3   2   3   3   3 |     CCG   2   2   2   2   2   2 |     CAG   0   0   1   1   1   1 |     CGG   0   0   0   0   0   0
--------------------------------------------------------------------------------------------------------------------------------------
Ile ATT   1   1   0   0   0   1 | Thr ACT   0   0   0   0   0   0 | Asn AAT   1   1   1   1   1   1 | Ser AGT   0   0   0   0   0   0
    ATC   1   1   2   2   2   1 |     ACC   0   0   0   0   0   0 |     AAC   1   1   1   1   1   1 |     AGC   3   3   3   3   3   3
    ATA   0   0   0   0   0   0 |     ACA   0   0   0   0   0   0 | Lys AAA   0   0   0   0   0   0 | Arg AGA   0   0   0   0   0   0
Met ATG   1   1   1   1   1   1 |     ACG   0   0   0   0   0   0 |     AAG   3   3   3   3   3   3 |     AGG   0   0   0   0   0   0
--------------------------------------------------------------------------------------------------------------------------------------
Val GTT   0   0   1   0   1   0 | Ala GCT   1   0   0   0   0   0 | Asp GAT   0   0   0   0   0   0 | Gly GGT   0   0   0   0   0   0
    GTC   3   3   2   3   2   3 |     GCC   1   2   2   2   2   2 |     GAC   1   1   1   1   1   1 |     GGC   1   1   1   1   1   1
    GTA   0   0   0   0   0   0 |     GCA   0   0   0   0   0   0 | Glu GAA   1   1   1   1   1   1 |     GGA   1   1   1   1   1   1
    GTG   0   0   0   0   0   0 |     GCG   0   0   0   0   0   0 |     GAG   1   1   1   1   1   1 |     GGG   0   0   0   0   0   0
--------------------------------------------------------------------------------------------------------------------------------------

--------------------------------------------------------------------------------------------------------------------------------------
Phe TTT   0   0   0   0   0   0 | Ser TCT   0   0   0   0   0   0 | Tyr TAT   0   0   0   0   0   0 | Cys TGT   0   0   0   0   0   0
    TTC   0   0   0   0   0   0 |     TCC   0   0   0   0   0   0 |     TAC   1   1   1   1   1   1 |     TGC   0   0   0   0   0   0
Leu TTA   0   0   0   0   0   0 |     TCA   0   0   0   0   0   0 | *** TAA   0   0   0   0   0   0 | *** TGA   0   0   0   0   0   0
    TTG   1   1   1   1   1   1 |     TCG   0   0   0   0   0   0 |     TAG   0   0   0   0   0   0 | Trp TGG   0   0   0   0   0   0
--------------------------------------------------------------------------------------------------------------------------------------
Leu CTT   0   0   0   0   0   0 | Pro CCT   1   1   0   1   1   1 | His CAT   1   1   1   1   1   1 | Arg CGT   1   1   1   1   1   1
    CTC   0   0   0   0   0   0 |     CCC   1   0   1   1   1   1 |     CAC   2   2   2   1   2   2 |     CGC   0   0   0   0   0   0
    CTA   0   0   0   0   0   0 |     CCA   1   1   2   2   3   1 | Gln CAA   0   0   1   0   0   0 |     CGA   0   0   0   0   0   0
    CTG   3   3   3   3   3   3 |     CCG   2   3   2   1   0   2 |     CAG   1   1   0   1   1   1 |     CGG   0   0   0   0   0   0
--------------------------------------------------------------------------------------------------------------------------------------
Ile ATT   0   1   1   0   1   0 | Thr ACT   0   0   0   0   0   0 | Asn AAT   1   1   1   1   1   1 | Ser AGT   0   0   0   0   1   0
    ATC   2   1   1   2   1   2 |     ACC   0   0   0   0   0   0 |     AAC   1   1   1   2   1   1 |     AGC   3   3   3   3   2   3
    ATA   0   0   0   0   0   0 |     ACA   0   0   0   0   0   0 | Lys AAA   0   0   0   0   0   0 | Arg AGA   0   0   0   0   0   0
Met ATG   1   1   1   1   1   1 |     ACG   0   0   0   0   0   0 |     AAG   3   3   3   3   3   3 |     AGG   0   0   0   0   0   0
--------------------------------------------------------------------------------------------------------------------------------------
Val GTT   0   0   0   0   0   1 | Ala GCT   0   0   0   0   1   0 | Asp GAT   0   0   0   0   0   0 | Gly GGT   0   0   0   0   0   0
    GTC   3   3   2   3   3   2 |     GCC   2   2   2   2   1   2 |     GAC   1   1   1   1   1   1 |     GGC   1   1   1   1   1   1
    GTA   0   0   0   0   0   0 |     GCA   0   0   0   0   0   0 | Glu GAA   1   1   1   1   1   1 |     GGA   1   1   1   1   1   1
    GTG   0   0   1   0   0   0 |     GCG   0   0   0   0   0   0 |     GAG   1   1   1   1   1   1 |     GGG   0   0   0   0   0   0
--------------------------------------------------------------------------------------------------------------------------------------

--------------------------------------------------------------------------------------------------------------------------------------
Phe TTT   0   0   0   0   0   0 | Ser TCT   0   0   0   0   0   0 | Tyr TAT   0   1   0   0   0   1 | Cys TGT   0   0   0   0   0   0
    TTC   0   0   0   0   0   0 |     TCC   0   0   0   0   0   0 |     TAC   1   0   1   1   1   0 |     TGC   0   0   0   0   0   0
Leu TTA   0   0   0   0   0   0 |     TCA   0   0   0   0   0   0 | *** TAA   0   0   0   0   0   0 | *** TGA   0   0   0   0   0   0
    TTG   1   1   1   1   1   1 |     TCG   0   0   0   0   0   0 |     TAG   0   0   0   0   0   0 | Trp TGG   0   0   0   0   0   0
--------------------------------------------------------------------------------------------------------------------------------------
Leu CTT   0   0   0   0   0   0 | Pro CCT   1   1   1   1   1   0 | His CAT   1   1   1   1   1   1 | Arg CGT   1   1   1   1   1   1
    CTC   0   0   0   0   0   0 |     CCC   1   1   1   1   1   1 |     CAC   2   2   2   2   2   2 |     CGC   0   0   0   0   0   0
    CTA   0   0   1   0   0   0 |     CCA   1   1   1   2   1   2 | Gln CAA   0   0   0   1   0   1 |     CGA   0   0   0   0   0   0
    CTG   3   3   2   3   3   3 |     CCG   2   2   2   1   2   2 |     CAG   1   1   1   0   1   0 |     CGG   0   0   0   0   0   0
--------------------------------------------------------------------------------------------------------------------------------------
Ile ATT   0   1   0   0   0   1 | Thr ACT   0   0   0   0   0   0 | Asn AAT   1   1   1   1   1   1 | Ser AGT   0   0   0   0   0   0
    ATC   2   1   2   2   2   1 |     ACC   0   0   0   0   0   0 |     AAC   1   1   1   1   1   1 |     AGC   3   3   3   3   3   3
    ATA   0   0   0   0   0   0 |     ACA   0   0   0   0   0   0 | Lys AAA   0   0   0   0   0   0 | Arg AGA   0   0   0   0   0   0
Met ATG   1   1   1   1   1   1 |     ACG   0   0   0   0   0   0 |     AAG   3   3   3   3   3   3 |     AGG   0   0   0   0   0   0
--------------------------------------------------------------------------------------------------------------------------------------
Val GTT   1   0   1   0   0   0 | Ala GCT   0   0   0   0   0   0 | Asp GAT   0   0   0   0   0   0 | Gly GGT   0   0   0   0   0   0
    GTC   2   3   2   2   3   3 |     GCC   2   2   2   2   2   2 |     GAC   1   1   1   1   1   1 |     GGC   1   1   1   1   1   1
    GTA   0   0   0   0   0   0 |     GCA   0   0   0   0   0   0 | Glu GAA   1   1   1   1   1   1 |     GGA   1   1   1   1   1   1
    GTG   0   0   0   1   0   0 |     GCG   0   0   0   0   0   0 |     GAG   1   1   1   1   1   1 |     GGG   0   0   0   0   0   0
--------------------------------------------------------------------------------------------------------------------------------------

--------------------------------------------------------------------------------------------------------------------------------------
Phe TTT   0   0   0   0   0   0 | Ser TCT   0   0   0   0   0   0 | Tyr TAT   0   0   0   0   1   0 | Cys TGT   0   0   0   0   0   0
    TTC   0   0   0   0   0   0 |     TCC   0   0   0   0   0   0 |     TAC   1   1   1   1   0   1 |     TGC   0   0   0   0   0   0
Leu TTA   0   0   0   0   0   0 |     TCA   0   0   0   0   0   0 | *** TAA   0   0   0   0   0   0 | *** TGA   0   0   0   0   0   0
    TTG   1   1   1   1   1   1 |     TCG   0   0   0   0   0   0 |     TAG   0   0   0   0   0   0 | Trp TGG   0   0   0   0   0   0
--------------------------------------------------------------------------------------------------------------------------------------
Leu CTT   0   0   0   0   0   0 | Pro CCT   0   1   0   0   1   1 | His CAT   1   1   1   1   1   0 | Arg CGT   1   1   1   1   1   1
    CTC   0   0   0   0   0   0 |     CCC   1   1   1   1   1   1 |     CAC   2   2   2   2   2   3 |     CGC   0   0   0   0   0   0
    CTA   0   0   0   0   0   0 |     CCA   2   1   2   2   1   1 | Gln CAA   1   0   1   1   0   0 |     CGA   0   0   0   0   0   0
    CTG   3   3   3   3   3   3 |     CCG   2   2   2   2   2   2 |     CAG   0   1   0   0   1   1 |     CGG   0   0   0   0   0   0
--------------------------------------------------------------------------------------------------------------------------------------
Ile ATT   1   0   1   1   1   0 | Thr ACT   0   0   0   0   0   0 | Asn AAT   1   1   1   1   1   1 | Ser AGT   0   0   0   0   0   0
    ATC   1   2   1   1   1   3 |     ACC   0   0   0   0   0   0 |     AAC   1   1   1   1   1   1 |     AGC   3   3   3   3   3   3
    ATA   0   0   0   0   0   0 |     ACA   0   0   0   0   0   0 | Lys AAA   0   0   0   0   0   0 | Arg AGA   0   0   0   0   0   0
Met ATG   1   1   1   1   1   1 |     ACG   0   0   0   0   0   0 |     AAG   3   3   3   3   3   3 |     AGG   0   0   0   0   0   0
--------------------------------------------------------------------------------------------------------------------------------------
Val GTT   0   0   0   0   0   0 | Ala GCT   1   0   0   0   0   1 | Asp GAT   0   0   0   0   0   0 | Gly GGT   0   0   0   0   0   0
    GTC   3   3   3   3   3   2 |     GCC   1   2   2   2   2   1 |     GAC   1   1   1   1   1   1 |     GGC   1   1   1   1   1   1
    GTA   0   0   0   0   0   0 |     GCA   0   0   0   0   0   0 | Glu GAA   1   1   1   1   1   1 |     GGA   1   1   1   1   1   1
    GTG   0   0   0   0   0   0 |     GCG   0   0   0   0   0   0 |     GAG   1   1   1   1   1   1 |     GGG   0   0   0   0   0   0
--------------------------------------------------------------------------------------------------------------------------------------

--------------------------------------------------------------------------------------------------------------------------------------
Phe TTT   0   0   0   0   0   0 | Ser TCT   0   0   0   0   0   0 | Tyr TAT   0   1   0   0   0   0 | Cys TGT   0   0   0   0   0   0
    TTC   0   0   0   0   0   0 |     TCC   0   0   0   0   0   0 |     TAC   1   0   1   1   1   1 |     TGC   0   0   0   0   0   0
Leu TTA   0   0   0   0   0   0 |     TCA   0   0   0   0   0   0 | *** TAA   0   0   0   0   0   0 | *** TGA   0   0   0   0   0   0
    TTG   1   1   1   0   1   1 |     TCG   0   0   0   0   0   0 |     TAG   0   0   0   0   0   0 | Trp TGG   0   0   0   0   0   0
--------------------------------------------------------------------------------------------------------------------------------------
Leu CTT   0   0   0   0   0   0 | Pro CCT   1   1   1   0   1   1 | His CAT   1   1   1   1   1   1 | Arg CGT   1   1   1   1   1   1
    CTC   0   0   0   1   0   0 |     CCC   1   1   1   3   1   1 |     CAC   2   2   2   1   2   2 |     CGC   0   0   0   1   0   0
    CTA   0   0   0   0   0   0 |     CCA   1   1   1   0   1   1 | Gln CAA   0   0   0   0   0   0 |     CGA   0   0   0   0   0   0
    CTG   3   3   3   4   3   3 |     CCG   2   2   2   2   2   2 |     CAG   1   1   1   1   1   1 |     CGG   0   0   0   0   0   0
--------------------------------------------------------------------------------------------------------------------------------------
Ile ATT   0   0   0   0   1   1 | Thr ACT   0   0   0   0   0   0 | Asn AAT   1   1   1   1   1   1 | Ser AGT   0   0   0   0   0   0
    ATC   2   2   2   2   1   1 |     ACC   0   0   0   0   0   0 |     AAC   1   1   1   1   1   1 |     AGC   3   3   3   3   3   3
    ATA   0   0   0   0   0   0 |     ACA   0   0   0   0   0   0 | Lys AAA   0   0   0   1   0   0 | Arg AGA   0   0   0   0   0   0
Met ATG   1   1   1   1   1   1 |     ACG   0   0   0   0   0   0 |     AAG   3   3   3   2   3   3 |     AGG   0   0   0   0   0   0
--------------------------------------------------------------------------------------------------------------------------------------
Val GTT   0   0   0   0   0   0 | Ala GCT   0   1   0   0   0   0 | Asp GAT   0   0   0   0   0   0 | Gly GGT   0   0   0   0   0   0
    GTC   3   3   3   2   3   3 |     GCC   2   1   2   2   2   2 |     GAC   1   1   1   1   1   1 |     GGC   1   1   1   1   1   1
    GTA   0   0   0   0   0   0 |     GCA   0   0   0   0   0   0 | Glu GAA   1   1   1   1   1   1 |     GGA   1   1   1   1   1   1
    GTG   0   0   0   0   0   0 |     GCG   0   0   0   0   0   0 |     GAG   1   1   1   1   1   1 |     GGG   0   0   0   0   0   0
--------------------------------------------------------------------------------------------------------------------------------------

Codon position x base (3x4) table for each sequence.

#1: Argali         
position  1:    T:0.05556    C:0.36111    A:0.30556    G:0.27778
position  2:    T:0.27778    C:0.19444    A:0.36111    G:0.16667
position  3:    T:0.13889    C:0.44444    A:0.11111    G:0.30556
Average         T:0.15741    C:0.33333    A:0.25926    G:0.25000

#2: LesserMouseDeer
position  1:    T:0.05556    C:0.36111    A:0.30556    G:0.27778
position  2:    T:0.30556    C:0.19444    A:0.33333    G:0.16667
position  3:    T:0.08333    C:0.47222    A:0.02778    G:0.41667
Average         T:0.14815    C:0.34259    A:0.22222    G:0.28704

#3: LesserKudu     
position  1:    T:0.05556    C:0.36111    A:0.30556    G:0.27778
position  2:    T:0.27778    C:0.19444    A:0.36111    G:0.16667
position  3:    T:0.16667    C:0.41667    A:0.08333    G:0.33333
Average         T:0.16667    C:0.32407    A:0.25000    G:0.25926

#4: ForestMuskDeer2
position  1:    T:0.02778    C:0.41667    A:0.30556    G:0.25000
position  2:    T:0.27778    C:0.19444    A:0.33333    G:0.19444
position  3:    T:0.08333    C:0.52778    A:0.08333    G:0.30556
Average         T:0.12963    C:0.37963    A:0.24074    G:0.25000

#5: Camel          
position  1:    T:0.02778    C:0.38889    A:0.30556    G:0.27778
position  2:    T:0.27778    C:0.19444    A:0.36111    G:0.16667
position  3:    T:0.19444    C:0.38889    A:0.11111    G:0.30556
Average         T:0.16667    C:0.32407    A:0.25926    G:0.25000

#6: KillerWhale    
position  1:    T:0.05556    C:0.36111    A:0.30556    G:0.27778
position  2:    T:0.27778    C:0.19444    A:0.36111    G:0.16667
position  3:    T:0.25000    C:0.36111    A:0.16667    G:0.22222
Average         T:0.19444    C:0.30556    A:0.27778    G:0.22222

#7: DefassaWaterbuck
position  1:    T:0.05556    C:0.36111    A:0.30556    G:0.27778
position  2:    T:0.27778    C:0.19444    A:0.36111    G:0.16667
position  3:    T:0.11111    C:0.44444    A:0.11111    G:0.33333
Average         T:0.14815    C:0.33333    A:0.25926    G:0.25926

#8: Sheep          
position  1:    T:0.05556    C:0.36111    A:0.30556    G:0.27778
position  2:    T:0.27778    C:0.19444    A:0.36111    G:0.16667
position  3:    T:0.13889    C:0.47222    A:0.08333    G:0.30556
Average         T:0.15741    C:0.34259    A:0.25000    G:0.25000

#9: MaxwellsDuiker 
position  1:    T:0.05556    C:0.36111    A:0.33333    G:0.25000
position  2:    T:0.27778    C:0.19444    A:0.36111    G:0.16667
position  3:    T:0.11111    C:0.47222    A:0.11111    G:0.30556
Average         T:0.14815    C:0.34259    A:0.26852    G:0.24074

#10: GazellaPrzewalskyi
position  1:    T:0.05556    C:0.36111    A:0.30556    G:0.27778
position  2:    T:0.27778    C:0.19444    A:0.36111    G:0.16667
position  3:    T:0.11111    C:0.47222    A:0.08333    G:0.33333
Average         T:0.14815    C:0.34259    A:0.25000    G:0.25926

#11: MountainNyala  
position  1:    T:0.05556    C:0.36111    A:0.30556    G:0.27778
position  2:    T:0.27778    C:0.19444    A:0.36111    G:0.16667
position  3:    T:0.13889    C:0.44444    A:0.08333    G:0.33333
Average         T:0.15741    C:0.33333    A:0.25000    G:0.25926

#12: MuntiacusMuntjak
position  1:    T:0.05556    C:0.36111    A:0.30556    G:0.27778
position  2:    T:0.27778    C:0.19444    A:0.36111    G:0.16667
position  3:    T:0.11111    C:0.44444    A:0.13889    G:0.30556
Average         T:0.14815    C:0.33333    A:0.26852    G:0.25000

#13: goat           
position  1:    T:0.05556    C:0.36111    A:0.30556    G:0.27778
position  2:    T:0.27778    C:0.19444    A:0.36111    G:0.16667
position  3:    T:0.13889    C:0.44444    A:0.11111    G:0.30556
Average         T:0.15741    C:0.33333    A:0.25926    G:0.25000

#14: AfricanBuffalo 
position  1:    T:0.05556    C:0.36111    A:0.30556    G:0.27778
position  2:    T:0.27778    C:0.19444    A:0.36111    G:0.16667
position  3:    T:0.13889    C:0.44444    A:0.08333    G:0.33333
Average         T:0.15741    C:0.33333    A:0.25000    G:0.25926

#15: Topi           
position  1:    T:0.05556    C:0.36111    A:0.30556    G:0.27778
position  2:    T:0.27778    C:0.19444    A:0.36111    G:0.16667
position  3:    T:0.13889    C:0.44444    A:0.08333    G:0.33333
Average         T:0.15741    C:0.33333    A:0.25000    G:0.25926

#16: CommonDuiker   
position  1:    T:0.05556    C:0.36111    A:0.30556    G:0.27778
position  2:    T:0.27778    C:0.19444    A:0.36111    G:0.16667
position  3:    T:0.11111    C:0.47222    A:0.11111    G:0.30556
Average         T:0.14815    C:0.34259    A:0.25926    G:0.25000

#17: Suni           
position  1:    T:0.05556    C:0.36111    A:0.30556    G:0.27778
position  2:    T:0.27778    C:0.19444    A:0.36111    G:0.16667
position  3:    T:0.11111    C:0.50000    A:0.08333    G:0.30556
Average         T:0.14815    C:0.35185    A:0.25000    G:0.25000

#18: Springbuck     
position  1:    T:0.05556    C:0.36111    A:0.30556    G:0.27778
position  2:    T:0.27778    C:0.19444    A:0.36111    G:0.16667
position  3:    T:0.11111    C:0.47222    A:0.08333    G:0.33333
Average         T:0.14815    C:0.34259    A:0.25000    G:0.25926

#19: Okapi          
position  1:    T:0.05556    C:0.36111    A:0.30556    G:0.27778
position  2:    T:0.27778    C:0.19444    A:0.36111    G:0.16667
position  3:    T:0.16667    C:0.41667    A:0.11111    G:0.30556
Average         T:0.16667    C:0.32407    A:0.25926    G:0.25000

#20: Giraffe        
position  1:    T:0.05556    C:0.36111    A:0.30556    G:0.27778
position  2:    T:0.27778    C:0.19444    A:0.36111    G:0.16667
position  3:    T:0.13889    C:0.44444    A:0.08333    G:0.33333
Average         T:0.15741    C:0.33333    A:0.25000    G:0.25926

#21: TibetanAntelope
position  1:    T:0.05556    C:0.36111    A:0.30556    G:0.27778
position  2:    T:0.27778    C:0.19444    A:0.36111    G:0.16667
position  3:    T:0.19444    C:0.41667    A:0.08333    G:0.30556
Average         T:0.17593    C:0.32407    A:0.25000    G:0.25000

#22: Sitatunga      
position  1:    T:0.05556    C:0.36111    A:0.30556    G:0.27778
position  2:    T:0.27778    C:0.19444    A:0.36111    G:0.16667
position  3:    T:0.13889    C:0.44444    A:0.08333    G:0.33333
Average         T:0.15741    C:0.33333    A:0.25000    G:0.25926

#23: Oribi          
position  1:    T:0.05556    C:0.36111    A:0.30556    G:0.27778
position  2:    T:0.27778    C:0.19444    A:0.36111    G:0.16667
position  3:    T:0.11111    C:0.47222    A:0.08333    G:0.33333
Average         T:0.14815    C:0.34259    A:0.25000    G:0.25926

#24: BarbarySheep   
position  1:    T:0.05556    C:0.36111    A:0.30556    G:0.27778
position  2:    T:0.27778    C:0.19444    A:0.36111    G:0.16667
position  3:    T:0.13889    C:0.44444    A:0.11111    G:0.30556
Average         T:0.15741    C:0.33333    A:0.25926    G:0.25000

#25: Daviddeer      
position  1:    T:0.05556    C:0.36111    A:0.30556    G:0.27778
position  2:    T:0.27778    C:0.19444    A:0.36111    G:0.16667
position  3:    T:0.13889    C:0.41667    A:0.13889    G:0.30556
Average         T:0.15741    C:0.32407    A:0.26852    G:0.25000

#26: Reindeer       
position  1:    T:0.05556    C:0.36111    A:0.30556    G:0.27778
position  2:    T:0.27778    C:0.19444    A:0.36111    G:0.16667
position  3:    T:0.11111    C:0.44444    A:0.13889    G:0.30556
Average         T:0.14815    C:0.33333    A:0.26852    G:0.25000

#27: Ibex           
position  1:    T:0.05556    C:0.36111    A:0.30556    G:0.27778
position  2:    T:0.27778    C:0.19444    A:0.36111    G:0.16667
position  3:    T:0.13889    C:0.44444    A:0.11111    G:0.30556
Average         T:0.15741    C:0.33333    A:0.25926    G:0.25000

#28: GyrantGazelle  
position  1:    T:0.05556    C:0.36111    A:0.30556    G:0.27778
position  2:    T:0.27778    C:0.19444    A:0.36111    G:0.16667
position  3:    T:0.11111    C:0.47222    A:0.08333    G:0.33333
Average         T:0.14815    C:0.34259    A:0.25000    G:0.25926

#29: Hartebeest     
position  1:    T:0.05556    C:0.36111    A:0.30556    G:0.27778
position  2:    T:0.27778    C:0.19444    A:0.36111    G:0.16667
position  3:    T:0.13889    C:0.44444    A:0.08333    G:0.33333
Average         T:0.15741    C:0.33333    A:0.25000    G:0.25926

#30: Bongo          
position  1:    T:0.05556    C:0.36111    A:0.30556    G:0.27778
position  2:    T:0.27778    C:0.19444    A:0.36111    G:0.16667
position  3:    T:0.13889    C:0.44444    A:0.08333    G:0.33333
Average         T:0.15741    C:0.33333    A:0.25000    G:0.25926

#31: Gerenuk        
position  1:    T:0.05556    C:0.36111    A:0.30556    G:0.27778
position  2:    T:0.27778    C:0.19444    A:0.36111    G:0.16667
position  3:    T:0.11111    C:0.47222    A:0.08333    G:0.33333
Average         T:0.14815    C:0.34259    A:0.25000    G:0.25926

#32: CommonEland    
position  1:    T:0.05556    C:0.36111    A:0.30556    G:0.27778
position  2:    T:0.27778    C:0.19444    A:0.36111    G:0.16667
position  3:    T:0.13889    C:0.41667    A:0.08333    G:0.36111
Average         T:0.15741    C:0.32407    A:0.25000    G:0.26852

#33: MuntiacusReevesi
position  1:    T:0.05556    C:0.36111    A:0.30556    G:0.27778
position  2:    T:0.27778    C:0.19444    A:0.36111    G:0.16667
position  3:    T:0.11111    C:0.41667    A:0.13889    G:0.33333
Average         T:0.14815    C:0.32407    A:0.26852    G:0.25926

#34: HarveysDuiker  
position  1:    T:0.05556    C:0.33333    A:0.33333    G:0.27778
position  2:    T:0.27778    C:0.19444    A:0.36111    G:0.16667
position  3:    T:0.11111    C:0.47222    A:0.11111    G:0.30556
Average         T:0.14815    C:0.33333    A:0.26852    G:0.25000

#35: Pronghorn      
position  1:    T:0.05556    C:0.36111    A:0.30556    G:0.27778
position  2:    T:0.27778    C:0.19444    A:0.36111    G:0.16667
position  3:    T:0.19444    C:0.38889    A:0.13889    G:0.27778
Average         T:0.17593    C:0.31481    A:0.26852    G:0.24074

#36: BlueWildebeest 
position  1:    T:0.05556    C:0.36111    A:0.30556    G:0.27778
position  2:    T:0.27778    C:0.19444    A:0.36111    G:0.16667
position  3:    T:0.13889    C:0.44444    A:0.08333    G:0.33333
Average         T:0.15741    C:0.33333    A:0.25000    G:0.25926

#37: Gemsbok        
position  1:    T:0.05556    C:0.36111    A:0.30556    G:0.27778
position  2:    T:0.27778    C:0.19444    A:0.36111    G:0.16667
position  3:    T:0.13889    C:0.44444    A:0.08333    G:0.33333
Average         T:0.15741    C:0.33333    A:0.25000    G:0.25926

#38: Yak            
position  1:    T:0.05556    C:0.36111    A:0.30556    G:0.27778
position  2:    T:0.27778    C:0.19444    A:0.36111    G:0.16667
position  3:    T:0.16667    C:0.41667    A:0.08333    G:0.33333
Average         T:0.16667    C:0.32407    A:0.25000    G:0.25926

#39: BlueSheep      
position  1:    T:0.05556    C:0.36111    A:0.30556    G:0.27778
position  2:    T:0.27778    C:0.19444    A:0.36111    G:0.16667
position  3:    T:0.13889    C:0.44444    A:0.11111    G:0.30556
Average         T:0.15741    C:0.33333    A:0.25926    G:0.25000

#40: BohorReedbuck  
position  1:    T:0.05556    C:0.36111    A:0.30556    G:0.27778
position  2:    T:0.27778    C:0.19444    A:0.36111    G:0.16667
position  3:    T:0.11111    C:0.44444    A:0.13889    G:0.30556
Average         T:0.14815    C:0.33333    A:0.26852    G:0.25000

#41: KirksDik       
position  1:    T:0.05556    C:0.36111    A:0.30556    G:0.27778
position  2:    T:0.27778    C:0.19444    A:0.36111    G:0.16667
position  3:    T:0.11111    C:0.47222    A:0.08333    G:0.33333
Average         T:0.14815    C:0.34259    A:0.25000    G:0.25926

#42: RoeDeer        
position  1:    T:0.05556    C:0.36111    A:0.30556    G:0.27778
position  2:    T:0.27778    C:0.19444    A:0.36111    G:0.16667
position  3:    T:0.13889    C:0.41667    A:0.13889    G:0.30556
Average         T:0.15741    C:0.32407    A:0.26852    G:0.25000

#43: WhiteLippedDeer
position  1:    T:0.05556    C:0.36111    A:0.30556    G:0.27778
position  2:    T:0.27778    C:0.19444    A:0.36111    G:0.16667
position  3:    T:0.13889    C:0.41667    A:0.13889    G:0.30556
Average         T:0.15741    C:0.32407    A:0.26852    G:0.25000

#44: ThomsonGazelle 
position  1:    T:0.05556    C:0.36111    A:0.30556    G:0.27778
position  2:    T:0.27778    C:0.19444    A:0.36111    G:0.16667
position  3:    T:0.11111    C:0.47222    A:0.08333    G:0.33333
Average         T:0.14815    C:0.34259    A:0.25000    G:0.25926

#45: MuntiacusCrinifrons
position  1:    T:0.05556    C:0.36111    A:0.30556    G:0.27778
position  2:    T:0.27778    C:0.19444    A:0.36111    G:0.16667
position  3:    T:0.11111    C:0.44444    A:0.13889    G:0.30556
Average         T:0.14815    C:0.33333    A:0.26852    G:0.25000

#46: WhiteTailedDeer
position  1:    T:0.05556    C:0.36111    A:0.30556    G:0.27778
position  2:    T:0.27778    C:0.19444    A:0.36111    G:0.16667
position  3:    T:0.11111    C:0.44444    A:0.13889    G:0.30556
Average         T:0.14815    C:0.33333    A:0.26852    G:0.25000

#47: Cattle         
position  1:    T:0.05556    C:0.36111    A:0.30556    G:0.27778
position  2:    T:0.27778    C:0.19444    A:0.36111    G:0.16667
position  3:    T:0.16667    C:0.41667    A:0.08333    G:0.33333
Average         T:0.16667    C:0.32407    A:0.25000    G:0.25926

#48: RoyalAntelope  
position  1:    T:0.05556    C:0.36111    A:0.33333    G:0.25000
position  2:    T:0.27778    C:0.19444    A:0.36111    G:0.16667
position  3:    T:0.11111    C:0.47222    A:0.08333    G:0.33333
Average         T:0.14815    C:0.34259    A:0.25926    G:0.25000

#49: Steenbok       
position  1:    T:0.05556    C:0.36111    A:0.30556    G:0.27778
position  2:    T:0.27778    C:0.19444    A:0.36111    G:0.16667
position  3:    T:0.11111    C:0.47222    A:0.08333    G:0.33333
Average         T:0.14815    C:0.34259    A:0.25000    G:0.25926

#50: Impala         
position  1:    T:0.05556    C:0.36111    A:0.30556    G:0.27778
position  2:    T:0.27778    C:0.19444    A:0.36111    G:0.16667
position  3:    T:0.16667    C:0.41667    A:0.08333    G:0.33333
Average         T:0.16667    C:0.32407    A:0.25000    G:0.25926

#51: Klipspringer   
position  1:    T:0.05556    C:0.36111    A:0.30556    G:0.27778
position  2:    T:0.27778    C:0.19444    A:0.36111    G:0.16667
