1
52 1
Argali 0.000000 0.262500 0.063300 0.218100 0.036300 0.002800 0.036700 0.035300 0.063300 0.118700 0.013900 0.054400 0.027900 0.036800 0.053600 0.039700 0.094400 0.087100 0.036300 0.054400 0.054100 0.019500 0.102400 0.106500 0.019500 0.039900 0.025000 0.063400 0.045500 0.066200 0.134900 0.034000 0.106000 0.022200 0.030700 0.044600 0.016600 0.039000 0.048500 0.129600 0.096300 0.039800 0.115400 0.100100 0.044700 0.051000 0.036900 0.048500 0.036500 0.059800 0.066200 0.071900
LesserMous 0.262500 0.000000 0.292200 0.253000 0.281200 0.257700 0.249000 0.276700 0.292700 0.299500 0.259800 0.277100 0.263500 0.245900 0.266300 0.270900 0.264900 0.265100 0.280700 0.280300 0.272900 0.252000 0.279200 0.290700 0.263300 0.284600 0.262300 0.289100 0.279000 0.287500 0.311300 0.246200 0.275100 0.259200 0.258400 0.267300 0.258900 0.283600 0.286600 0.296500 0.280000 0.275600 0.295300 0.282900 0.268000 0.283700 0.268800 0.268500 0.263400 0.282600 0.288000 0.298700
LesserKudu 0.063300 0.292200 0.000000 0.247600 0.083000 0.060100 0.071900 0.076500 0.016600 0.130600 0.065600 0.054000 0.071500 0.058300 0.089100 0.081100 0.112800 0.103600 0.083000 0.013800 0.090000 0.071700 0.114000 0.118600 0.071500 0.078600 0.071200 0.016600 0.084200 0.019300 0.147100 0.063200 0.117900 0.068400 0.071100 0.062500 0.068300 0.073600 0.077700 0.145600 0.107800 0.078400 0.127200 0.112100 0.056700 0.080500 0.078400 0.084100 0.071400 0.068300 0.019400 0.019200
KillerWhal 0.218100 0.253000 0.247600 0.000000 0.236200 0.213700 0.213200 0.230900 0.243500 0.259400 0.216200 0.229000 0.226400 0.220000 0.243000 0.210300 0.235200 0.220600 0.228600 0.240400 0.243100 0.208900 0.239800 0.245500 0.215700 0.221800 0.225400 0.251600 0.221600 0.254900 0.270600 0.214500 0.248900 0.222500 0.226400 0.227400 0.211000 0.228100 0.243900 0.247400 0.232700 0.219800 0.255500 0.238300 0.224200 0.226700 0.231800 0.232500 0.226500 0.222900 0.247000 0.249800
DefassaWat 0.036300 0.281200 0.083000 0.236200 0.000000 0.033300 0.050400 0.052600 0.083100 0.126000 0.033100 0.068100 0.041500 0.050500 0.055500 0.056300 0.108100 0.100900 0.055600 0.074100 0.070800 0.038800 0.109900 0.114000 0.038700 0.056700 0.032900 0.083100 0.062200 0.085900 0.142100 0.047700 0.119800 0.035800 0.038500 0.055200 0.035800 0.018900 0.065200 0.150300 0.103900 0.056500 0.122700 0.107700 0.055300 0.064600 0.053600 0.056200 0.050100 0.073400 0.086000 0.091600
Sheep 0.002800 0.257700 0.060100 0.213700 0.033300 0.000000 0.033700 0.032200 0.060200 0.115100 0.011000 0.051300 0.025000 0.033800 0.050600 0.036700 0.091000 0.083700 0.033400 0.051300 0.051000 0.016600 0.099000 0.103000 0.016600 0.036900 0.022100 0.060200 0.042500 0.063000 0.131200 0.031000 0.102500 0.019400 0.027700 0.041500 0.013800 0.036000 0.045400 0.125900 0.092900 0.036800 0.111800 0.096600 0.041600 0.048000 0.033900 0.045400 0.033500 0.056700 0.063100 0.068700
MaxwellsDu 0.036700 0.249000 0.071900 0.213200 0.050400 0.033700 0.000000 0.040900 0.071900 0.114700 0.033500 0.057000 0.042000 0.028000 0.056200 0.039400 0.090600 0.077300 0.056200 0.063000 0.059700 0.039200 0.098600 0.102600 0.036300 0.045500 0.039000 0.072000 0.051100 0.074800 0.124300 0.025200 0.098900 0.036200 0.044700 0.053200 0.036200 0.047300 0.054100 0.128900 0.092600 0.045400 0.111400 0.096200 0.053300 0.047800 0.042500 0.048200 0.033400 0.056500 0.074900 0.080500
GazellaPrz 0.035300 0.276700 0.076500 0.230900 0.052600 0.032200 0.040900 0.000000 0.076700 0.130200 0.035200 0.064500 0.042200 0.047300 0.063600 0.023700 0.098800 0.098000 0.056500 0.067400 0.038100 0.041000 0.113700 0.117900 0.041000 0.023400 0.039200 0.076700 0.029400 0.079600 0.146800 0.044000 0.116900 0.036400 0.041900 0.054700 0.038000 0.055000 0.032200 0.146400 0.107500 0.023500 0.126800 0.111200 0.054800 0.059800 0.020600 0.058600 0.046700 0.070000 0.079600 0.085400
MountainNy 0.063300 0.292700 0.016600 0.243500 0.083100 0.060200 0.071900 0.076700 0.000000 0.130900 0.065700 0.060000 0.071500 0.064500 0.083100 0.075100 0.112900 0.103900 0.083200 0.013800 0.090100 0.071700 0.114300 0.118800 0.071600 0.081700 0.071300 0.005500 0.078100 0.019300 0.147400 0.063300 0.118000 0.068500 0.077300 0.062600 0.068400 0.073700 0.084300 0.145800 0.108100 0.081500 0.127500 0.112000 0.062800 0.080700 0.072300 0.084200 0.071500 0.077400 0.008200 0.024900
MuntiacusM 0.118700 0.299500 0.130600 0.259400 0.126000 0.115100 0.114700 0.130200 0.130900 0.000000 0.114300 0.110900 0.120500 0.115000 0.125900 0.134700 0.134800 0.123400 0.132500 0.121000 0.143800 0.114200 0.027300 0.050500 0.120500 0.135400 0.120000 0.130900 0.138000 0.133900 0.019100 0.102300 0.149900 0.117200 0.120100 0.101200 0.117000 0.122200 0.141000 0.074300 0.021800 0.135100 0.002700 0.044700 0.101400 0.120300 0.131800 0.130900 0.120500 0.113800 0.127300 0.133200
goat 0.013900 0.259800 0.065600 0.216200 0.033100 0.011000 0.033500 0.035200 0.065700 0.114300 0.000000 0.050900 0.024800 0.033600 0.050200 0.039300 0.090300 0.083100 0.033100 0.056800 0.053600 0.016500 0.098300 0.102200 0.005500 0.039500 0.022000 0.065700 0.045100 0.068500 0.130200 0.030800 0.101700 0.019200 0.027500 0.041300 0.013800 0.035800 0.048000 0.131600 0.092300 0.039500 0.111000 0.095900 0.041400 0.047600 0.036600 0.045100 0.033300 0.056300 0.068600 0.074200
AfricanBuf 0.054400 0.277100 0.054000 0.229000 0.068100 0.051300 0.057000 0.064500 0.060000 0.110900 0.050900 0.000000 0.056700 0.045400 0.068100 0.069200 0.097100 0.089600 0.062200 0.051100 0.081100 0.056900 0.094800 0.099300 0.056700 0.066600 0.056500 0.060000 0.072200 0.062800 0.127000 0.048400 0.095700 0.053700 0.056400 0.042200 0.053600 0.064800 0.066200 0.128500 0.088800 0.066400 0.107600 0.092900 0.036500 0.065500 0.066400 0.069100 0.056700 0.056500 0.059900 0.062500
Topi 0.027900 0.263500 0.071500 0.226400 0.041500 0.025000 0.042000 0.042200 0.071500 0.120500 0.024800 0.056700 0.000000 0.036400 0.053000 0.042100 0.090000 0.089200 0.047300 0.062600 0.062400 0.024800 0.098100 0.108400 0.030400 0.042300 0.008200 0.071600 0.042100 0.068400 0.136600 0.039300 0.104500 0.005400 0.030200 0.047100 0.024700 0.044200 0.056700 0.138100 0.098400 0.042200 0.117200 0.102100 0.047200 0.050400 0.045000 0.047800 0.041800 0.062000 0.074400 0.080100
CommonDuik 0.036800 0.245900 0.058300 0.220000 0.050500 0.033800 0.028000 0.047300 0.064500 0.115000 0.033600 0.045400 0.036400 0.000000 0.056400 0.051300 0.084700 0.071500 0.044800 0.055400 0.065900 0.033600 0.092600 0.102900 0.039300 0.048700 0.033400 0.064500 0.057300 0.061400 0.124700 0.025300 0.095900 0.030600 0.033400 0.053400 0.036300 0.047400 0.048400 0.132500 0.092900 0.048600 0.111800 0.096500 0.047600 0.047900 0.048600 0.042400 0.039300 0.056700 0.067400 0.067200
Suni 0.053600 0.266300 0.089100 0.243000 0.055500 0.050600 0.056200 0.063600 0.083100 0.125900 0.050200 0.068100 0.053000 0.056400 0.000000 0.068200 0.108300 0.100800 0.055600 0.079800 0.079900 0.056000 0.109800 0.113900 0.055900 0.068600 0.049900 0.082900 0.074200 0.092100 0.142100 0.053500 0.100900 0.047200 0.055700 0.060900 0.047100 0.058100 0.076900 0.150400 0.103800 0.068400 0.122600 0.101300 0.061000 0.064700 0.059800 0.050400 0.038700 0.079400 0.086100 0.091700
Springbuck 0.039700 0.270900 0.081100 0.210300 0.056300 0.036700 0.039400 0.023700 0.075100 0.134700 0.039300 0.069200 0.042100 0.051300 0.068200 0.000000 0.103500 0.102600 0.062300 0.072100 0.036400 0.045200 0.118200 0.122300 0.042100 0.022400 0.039100 0.081300 0.016600 0.084100 0.151100 0.048400 0.115100 0.036300 0.050600 0.059400 0.039100 0.059000 0.036600 0.143000 0.112000 0.022300 0.131300 0.115800 0.059500 0.065600 0.019100 0.063100 0.045000 0.074600 0.084200 0.089800
Okapi 0.094400 0.264900 0.112800 0.235200 0.108100 0.091000 0.090600 0.098800 0.112900 0.134800 0.090300 0.097100 0.090000 0.084700 0.108300 0.103500 0.000000 0.048200 0.114600 0.103400 0.112600 0.090300 0.111900 0.122400 0.096300 0.104100 0.089700 0.113000 0.106700 0.109400 0.151200 0.081800 0.112400 0.086900 0.096100 0.087200 0.093000 0.104500 0.106800 0.153000 0.112100 0.103800 0.131500 0.116000 0.087400 0.108800 0.100700 0.100100 0.090100 0.089900 0.116000 0.121800
Giraffe 0.087100 0.265100 0.103600 0.220600 0.100900 0.083700 0.077300 0.098000 0.103900 0.123400 0.083100 0.089600 0.089200 0.071500 0.100800 0.102600 0.048200 0.000000 0.107100 0.094200 0.117900 0.089300 0.107400 0.108400 0.089200 0.103100 0.088800 0.103800 0.105700 0.106900 0.129900 0.068500 0.107900 0.086000 0.095000 0.079900 0.085800 0.097300 0.108800 0.141100 0.101300 0.102800 0.120200 0.102100 0.080000 0.101400 0.099700 0.099000 0.083100 0.076700 0.106900 0.112700
TibetanAnt 0.036300 0.280700 0.083000 0.228600 0.055600 0.033400 0.056200 0.056500 0.083200 0.132500 0.033100 0.062200 0.047300 0.044800 0.055600 0.062300 0.114600 0.107100 0.000000 0.073800 0.073900 0.033200 0.116200 0.120300 0.038800 0.059700 0.044300 0.082900 0.068200 0.092200 0.148700 0.053500 0.113500 0.041500 0.044000 0.064300 0.030200 0.058300 0.065200 0.150300 0.110100 0.059600 0.129200 0.107600 0.058500 0.058800 0.053700 0.068100 0.050100 0.073400 0.080000 0.091700
Sitatunga 0.054400 0.280300 0.013800 0.240400 0.074100 0.051300 0.063000 0.067400 0.013800 0.121000 0.056800 0.051100 0.062600 0.055400 0.079800 0.072100 0.103400 0.094200 0.073800 0.000000 0.081000 0.062800 0.104600 0.107500 0.062700 0.072600 0.062400 0.013800 0.075200 0.016600 0.137300 0.054300 0.108100 0.059600 0.068300 0.053800 0.059200 0.064800 0.075200 0.135700 0.098500 0.072400 0.117700 0.102400 0.053900 0.077700 0.069100 0.075100 0.062300 0.068400 0.016600 0.022100
Oribi 0.054100 0.272900 0.090000 0.243100 0.070800 0.051000 0.059700 0.038100 0.090100 0.143800 0.053600 0.081100 0.062400 0.065900 0.079900 0.036400 0.112600 0.117900 0.073900 0.081000 0.000000 0.059600 0.127200 0.131400 0.059500 0.042400 0.059200 0.090200 0.042200 0.086900 0.160400 0.063000 0.134300 0.056400 0.065000 0.074100 0.056400 0.073500 0.050900 0.148900 0.120900 0.042300 0.140400 0.124900 0.074200 0.080400 0.039400 0.077700 0.065300 0.089400 0.093100 0.092600
BarbaryShe 0.019500 0.252000 0.071700 0.208900 0.038800 0.016600 0.039200 0.041000 0.071700 0.114200 0.016500 0.056900 0.024800 0.033600 0.056000 0.045200 0.090300 0.089300 0.033200 0.062800 0.059600 0.000000 0.092000 0.102200 0.022100 0.045400 0.022000 0.071800 0.051000 0.068600 0.130200 0.036500 0.108100 0.019200 0.027600 0.047200 0.019200 0.041500 0.053900 0.131600 0.092300 0.045300 0.111000 0.095900 0.047300 0.047600 0.042400 0.045100 0.033300 0.062200 0.068600 0.080300
Daviddeer 0.102400 0.279200 0.114000 0.239800 0.109900 0.099000 0.098600 0.113700 0.114300 0.027300 0.098300 0.094800 0.098100 0.092600 0.109800 0.118200 0.111900 0.107400 0.116200 0.104600 0.127200 0.092000 0.000000 0.038800 0.104400 0.118800 0.097700 0.114300 0.121400 0.110800 0.041300 0.086500 0.133200 0.094900 0.097800 0.085400 0.101000 0.106300 0.124500 0.062200 0.005400 0.118500 0.024500 0.033200 0.085500 0.104200 0.115300 0.108100 0.104400 0.097800 0.110800 0.116700
Reindeer 0.106500 0.290700 0.118600 0.245500 0.114000 0.103000 0.102600 0.117900 0.118800 0.050500 0.102200 0.099300 0.108400 0.102900 0.113900 0.122300 0.122400 0.108400 0.120300 0.107500 0.131400 0.102200 0.038800 0.000000 0.108400 0.123000 0.108000 0.118800 0.125600 0.121800 0.059000 0.093500 0.137500 0.105100 0.108000 0.089700 0.104900 0.110300 0.128600 0.065600 0.033200 0.122700 0.047600 0.016400 0.089900 0.108200 0.119500 0.118700 0.108400 0.101800 0.115300 0.121200
Ibex 0.019500 0.263300 0.071500 0.215700 0.038700 0.016600 0.036300 0.041000 0.071600 0.120500 0.005500 0.056700 0.030400 0.039300 0.055900 0.042100 0.096300 0.089200 0.038800 0.062700 0.059500 0.022100 0.104400 0.108400 0.000000 0.045300 0.027500 0.071600 0.050900 0.074400 0.136500 0.036400 0.104800 0.024800 0.033100 0.047100 0.019200 0.041400 0.053800 0.134800 0.098300 0.045200 0.117200 0.102100 0.047200 0.053400 0.042300 0.050800 0.036100 0.062000 0.074500 0.080100
GyrantGaze 0.039900 0.284600 0.078600 0.221800 0.056700 0.036900 0.045500 0.023400 0.081700 0.135400 0.039500 0.066600 0.042300 0.048700 0.068600 0.022400 0.104100 0.103100 0.059700 0.072600 0.042400 0.045400 0.118800 0.123000 0.045300 0.000000 0.039300 0.081800 0.028100 0.084500 0.145200 0.048700 0.118900 0.036500 0.047800 0.059600 0.039300 0.059400 0.033900 0.153800 0.112500 0.005500 0.132000 0.116400 0.056700 0.063000 0.024800 0.063500 0.051200 0.072000 0.084700 0.087300
Hartebeest 0.025000 0.262300 0.071200 0.225400 0.032900 0.022100 0.039000 0.039200 0.071300 0.120000 0.022000 0.056500 0.008200 0.033400 0.049900 0.039100 0.089700 0.088800 0.044300 0.062400 0.059200 0.022000 0.097700 0.108000 0.027500 0.039300 0.000000 0.071300 0.044800 0.068100 0.136000 0.036300 0.104100 0.002700 0.027300 0.046900 0.021800 0.035600 0.053600 0.137600 0.098000 0.039200 0.116800 0.101700 0.047000 0.047400 0.041900 0.044800 0.038800 0.061800 0.074200 0.079800
Bongo 0.063400 0.289100 0.016600 0.251600 0.083100 0.060200 0.072000 0.076700 0.005500 0.130900 0.065700 0.060000 0.071600 0.064500 0.082900 0.081300 0.113000 0.103800 0.082900 0.013800 0.090200 0.071800 0.114300 0.118800 0.071600 0.081800 0.071300 0.000000 0.084400 0.019400 0.147400 0.063300 0.117700 0.068500 0.077300 0.062700 0.068100 0.073700 0.084400 0.145800 0.108100 0.081600 0.127500 0.111700 0.062800 0.080700 0.078300 0.084300 0.071300 0.077400 0.008300 0.024900
Gerenuk 0.045500 0.279000 0.084200 0.221600 0.062200 0.042500 0.051100 0.029400 0.078100 0.138000 0.045100 0.072200 0.042100 0.057300 0.074200 0.016600 0.106700 0.105700 0.068200 0.075200 0.042200 0.051000 0.121400 0.125600 0.050900 0.028100 0.044800 0.084400 0.000000 0.087200 0.154500 0.054300 0.121400 0.042100 0.056400 0.062300 0.044900 0.064900 0.042400 0.142900 0.115100 0.028000 0.134600 0.119000 0.062500 0.071600 0.024800 0.069100 0.056700 0.077600 0.087300 0.092900
CommonElan 0.066200 0.287500 0.019300 0.254900 0.085900 0.063000 0.074800 0.079600 0.019300 0.133900 0.068500 0.062800 0.068400 0.061400 0.092100 0.084100 0.109400 0.106900 0.092200 0.016600 0.086900 0.068600 0.110800 0.121800 0.074400 0.084500 0.068100 0.019400 0.087200 0.000000 0.150400 0.066100 0.121000 0.065400 0.074100 0.065500 0.071200 0.076500 0.087200 0.142100 0.111100 0.084300 0.130500 0.115300 0.065600 0.089600 0.081400 0.081000 0.074400 0.080200 0.022100 0.022000
MuntiacusR 0.134900 0.311300 0.147100 0.270600 0.142100 0.131200 0.124300 0.146800 0.147400 0.019100 0.130200 0.127000 0.136600 0.124700 0.142100 0.151100 0.151200 0.129900 0.148700 0.137300 0.160400 0.130200 0.041300 0.059000 0.136500 0.145200 0.136000 0.147400 0.154500 0.150400 0.000000 0.111800 0.166500 0.133200 0.136100 0.117000 0.132900 0.138200 0.157600 0.089400 0.035700 0.151600 0.016300 0.053200 0.117300 0.136300 0.148300 0.144100 0.136500 0.129600 0.143700 0.142900
HarveysDui 0.034000 0.246200 0.063200 0.214500 0.047700 0.031000 0.025200 0.044000 0.063300 0.102300 0.030800 0.048400 0.039300 0.025300 0.053500 0.048400 0.081800 0.068500 0.053500 0.054300 0.063000 0.036500 0.086500 0.093500 0.036400 0.048700 0.036300 0.063300 0.054300 0.066100 0.111800 0.000000 0.093000 0.033500 0.042000 0.044600 0.033500 0.044600 0.057300 0.116200 0.080500 0.048600 0.099100 0.087200 0.044700 0.050900 0.045700 0.045400 0.036400 0.053800 0.066200 0.071800
Pronghorn 0.106000 0.275100 0.117900 0.248900 0.119800 0.102500 0.098900 0.116900 0.118000 0.149900 0.101700 0.095700 0.104500 0.095900 0.100900 0.115100 0.112400 0.107900 0.113500 0.108100 0.134300 0.108100 0.133200 0.137500 0.104800 0.118900 0.104100 0.117700 0.121400 0.121000 0.166500 0.093000 0.000000 0.101200 0.110600 0.098500 0.091700 0.116000 0.121200 0.151500 0.126900 0.118500 0.146500 0.124600 0.098700 0.114300 0.112100 0.118200 0.092200 0.110800 0.121100 0.120400
BlueWildeb 0.022200 0.259200 0.068400 0.222500 0.035800 0.019400 0.036200 0.036400 0.068500 0.117200 0.019200 0.053700 0.005400 0.030600 0.047200 0.036300 0.086900 0.086000 0.041500 0.059600 0.056400 0.019200 0.094900 0.105100 0.024800 0.036500 0.002700 0.068500 0.042100 0.065400 0.133200 0.033500 0.101200 0.000000 0.024400 0.044100 0.019100 0.038500 0.050800 0.134600 0.095100 0.036400 0.113900 0.098800 0.044100 0.044600 0.039000 0.042000 0.036000 0.059000 0.071400 0.077000
Gemsbok 0.030700 0.258400 0.071100 0.226400 0.038500 0.027700 0.044700 0.041900 0.077300 0.120100 0.027500 0.056400 0.030200 0.033400 0.055700 0.050600 0.096100 0.095000 0.044000 0.068300 0.065000 0.027600 0.097800 0.108000 0.033100 0.047800 0.027300 0.077300 0.056400 0.074100 0.136100 0.042000 0.110600 0.024400 0.000000 0.049500 0.030200 0.046900 0.053400 0.143800 0.098000 0.047800 0.116800 0.101700 0.043700 0.047100 0.047800 0.050500 0.044500 0.061800 0.080200 0.079700
Yak 0.044600 0.267300 0.062500 0.227400 0.055200 0.041500 0.053200 0.054700 0.062600 0.101200 0.041300 0.042200 0.047100 0.053400 0.060900 0.059400 0.087200 0.079900 0.064300 0.053800 0.074100 0.047200 0.085400 0.089700 0.047100 0.059600 0.046900 0.062700 0.062300 0.065500 0.117000 0.044600 0.098500 0.044100 0.049500 0.000000 0.044000 0.055200 0.068300 0.121700 0.079400 0.059500 0.097900 0.083400 0.005500 0.067700 0.056500 0.065100 0.047100 0.059200 0.065500 0.071100
BlueSheep 0.016600 0.258900 0.068300 0.211000 0.035800 0.013800 0.036200 0.038000 0.068400 0.117000 0.013800 0.053600 0.024700 0.036300 0.047100 0.039100 0.093000 0.085800 0.030200 0.059200 0.056400 0.019200 0.101000 0.104900 0.019200 0.039300 0.021800 0.068100 0.044900 0.071200 0.132900 0.033500 0.091700 0.019100 0.030200 0.044000 0.000000 0.038500 0.050700 0.134400 0.095000 0.039200 0.113700 0.092400 0.044100 0.050300 0.033400 0.047800 0.030300 0.059000 0.071300 0.076900
BohorReedb 0.039000 0.283600 0.073600 0.228100 0.018900 0.036000 0.047300 0.055000 0.073700 0.122200 0.035800 0.064800 0.044200 0.047400 0.058100 0.059000 0.104500 0.097300 0.058300 0.064800 0.073500 0.041500 0.106300 0.110300 0.041400 0.059400 0.035600 0.073700 0.064900 0.076500 0.138200 0.044600 0.116000 0.038500 0.046900 0.055200 0.038500 0.000000 0.067800 0.139700 0.100300 0.059200 0.119000 0.104000 0.055300 0.061500 0.056300 0.053100 0.047000 0.070100 0.076500 0.082100
KirksDik 0.048500 0.286600 0.077700 0.243900 0.065200 0.045400 0.054100 0.032200 0.084300 0.141000 0.048000 0.066200 0.056700 0.048400 0.076900 0.036600 0.106800 0.108800 0.065200 0.075200 0.050900 0.053900 0.124500 0.128600 0.053800 0.033900 0.053600 0.084400 0.042400 0.087200 0.157600 0.057300 0.121200 0.050800 0.053400 0.068300 0.050700 0.067800 0.000000 0.159100 0.118200 0.033800 0.137700 0.122100 0.062400 0.068600 0.033800 0.072100 0.059700 0.077200 0.087300 0.086700
RoeDeer 0.129600 0.296500 0.145600 0.247400 0.150300 0.125900 0.128900 0.146400 0.145800 0.074300 0.131600 0.128500 0.138100 0.132500 0.150400 0.143000 0.153000 0.141100 0.150300 0.135700 0.148900 0.131600 0.062200 0.065600 0.134800 0.153800 0.137600 0.145800 0.142900 0.142100 0.089400 0.116200 0.151500 0.134600 0.143800 0.121700 0.134400 0.139700 0.159100 0.000000 0.056400 0.153300 0.071300 0.059600 0.121900 0.137900 0.150000 0.149000 0.134800 0.131000 0.142000 0.141400
WhiteLippe 0.096300 0.280000 0.107800 0.232700 0.103900 0.092900 0.092600 0.107500 0.108100 0.021800 0.092300 0.088800 0.098400 0.092900 0.103800 0.112000 0.112100 0.101300 0.110100 0.098500 0.120900 0.092300 0.005400 0.033200 0.098300 0.112500 0.098000 0.108100 0.115100 0.111100 0.035700 0.080500 0.126900 0.095100 0.098000 0.079400 0.095000 0.100300 0.118200 0.056400 0.000000 0.112300 0.019000 0.027600 0.079600 0.098200 0.109100 0.108400 0.098300 0.091800 0.104700 0.110500
ThomsonGaz 0.039800 0.275600 0.078400 0.219800 0.056500 0.036800 0.045400 0.023500 0.081500 0.135100 0.039500 0.066400 0.042200 0.048600 0.068400 0.022300 0.103800 0.102800 0.059600 0.072400 0.042300 0.045300 0.118500 0.122700 0.045200 0.005500 0.039200 0.081600 0.028000 0.084300 0.151600 0.048600 0.118500 0.036400 0.047800 0.059500 0.039200 0.059200 0.033800 0.153300 0.112300 0.000000 0.131700 0.116200 0.056700 0.062900 0.024800 0.063300 0.051000 0.071800 0.084500 0.087100
MuntiacusC 0.115400 0.295300 0.127200 0.255500 0.122700 0.111800 0.111400 0.126800 0.127500 0.002700 0.111000 0.107600 0.117200 0.111800 0.122600 0.131300 0.131500 0.120200 0.129200 0.117700 0.140400 0.111000 0.024500 0.047600 0.117200 0.132000 0.116800 0.127500 0.134600 0.130500 0.016300 0.099100 0.146500 0.113900 0.116800 0.097900 0.113700 0.119000 0.137700 0.071300 0.019000 0.131700 0.000000 0.041800 0.098100 0.117000 0.128400 0.127600 0.117200 0.110600 0.123900 0.129800
WhiteTaile 0.100100 0.282900 0.112100 0.238300 0.107700 0.096600 0.096200 0.111200 0.112000 0.044700 0.095900 0.092900 0.102100 0.096500 0.101300 0.115800 0.116000 0.102100 0.107600 0.102400 0.124900 0.095900 0.033200 0.016400 0.102100 0.116400 0.101700 0.111700 0.119000 0.115300 0.053200 0.087200 0.124600 0.098800 0.101700 0.083400 0.092400 0.104000 0.122100 0.059600 0.027600 0.116200 0.041800 0.000000 0.083600 0.101600 0.106500 0.112200 0.095800 0.095500 0.108500 0.114700
Cattle 0.044700 0.268000 0.056700 0.224200 0.055300 0.041600 0.053300 0.054800 0.062800 0.101400 0.041400 0.036500 0.047200 0.047600 0.061000 0.059500 0.087400 0.080000 0.058500 0.053900 0.074200 0.047300 0.085500 0.089900 0.047200 0.056700 0.047000 0.062800 0.062500 0.065600 0.117300 0.044700 0.098700 0.044100 0.043700 0.005500 0.044100 0.055300 0.062400 0.121900 0.079600 0.056700 0.098100 0.083600 0.000000 0.061800 0.056700 0.065200 0.047200 0.053400 0.065600 0.065300
RoyalAntel 0.051000 0.283700 0.080500 0.226700 0.064600 0.048000 0.047800 0.059800 0.080700 0.120300 0.047600 0.065500 0.050400 0.047900 0.064700 0.065600 0.108800 0.101400 0.058800 0.077700 0.080400 0.047600 0.104200 0.108200 0.053400 0.063000 0.047400 0.080700 0.071600 0.089600 0.136300 0.050900 0.114300 0.044600 0.047100 0.067700 0.050300 0.061500 0.068600 0.137900 0.098200 0.062900 0.117000 0.101600 0.061800 0.000000 0.062900 0.059500 0.053300 0.067800 0.077500 0.080100
Steenbok 0.036900 0.268800 0.078400 0.231800 0.053600 0.033900 0.042500 0.020600 0.072300 0.131800 0.036600 0.066400 0.045000 0.048600 0.059800 0.019100 0.100700 0.099700 0.053700 0.069100 0.039400 0.042400 0.115300 0.119500 0.042300 0.024800 0.041900 0.078300 0.024800 0.081400 0.148300 0.045700 0.112100 0.039000 0.047800 0.056500 0.033400 0.056300 0.033800 0.150000 0.109100 0.024800 0.128400 0.106500 0.056700 0.062900 0.000000 0.060300 0.042300 0.071800 0.081400 0.087100
Impala 0.048500 0.268500 0.084100 0.232500 0.056200 0.045400 0.048200 0.058600 0.084200 0.130900 0.045100 0.069100 0.047800 0.042400 0.050400 0.063100 0.100100 0.099000 0.068100 0.075100 0.077700 0.045100 0.108100 0.118700 0.050800 0.063500 0.044800 0.084300 0.069100 0.081000 0.144100 0.045400 0.118200 0.042000 0.050500 0.065100 0.047800 0.053100 0.072100 0.149000 0.108400 0.063300 0.127600 0.112200 0.065200 0.059500 0.060300 0.000000 0.045000 0.074400 0.087200 0.089900
Klipspring 0.036500 0.263400 0.071400 0.226500 0.050100 0.033500 0.033400 0.046700 0.071500 0.120500 0.033300 0.056700 0.041800 0.039300 0.038700 0.045000 0.090100 0.083100 0.050100 0.062300 0.065300 0.033300 0.104400 0.108400 0.036100 0.051200 0.038800 0.071300 0.056700 0.074400 0.136500 0.036400 0.092200 0.036000 0.044500 0.047100 0.030300 0.047000 0.059700 0.134800 0.098300 0.051000 0.117200 0.095800 0.047200 0.053300 0.042300 0.045000 0.000000 0.062000 0.074400 0.080000
ForestMusk 0.059800 0.282600 0.068300 0.222900 0.073400 0.056700 0.056500 0.070000 0.077400 0.113800 0.056300 0.056500 0.062000 0.056700 0.079400 0.074600 0.089900 0.076700 0.073400 0.068400 0.089400 0.062200 0.097800 0.101800 0.062000 0.072000 0.061800 0.077400 0.077600 0.080200 0.129600 0.053800 0.110800 0.059000 0.061800 0.059200 0.059000 0.070100 0.077200 0.131000 0.091800 0.071800 0.110600 0.095500 0.053400 0.067800 0.071800 0.074400 0.062000 0.000000 0.080300 0.079800
Bushbuck 0.066200 0.288000 0.019400 0.247000 0.086000 0.063100 0.074900 0.079600 0.008200 0.127300 0.068600 0.059900 0.074400 0.067400 0.086100 0.084200 0.116000 0.106900 0.080000 0.016600 0.093100 0.068600 0.110800 0.115300 0.074500 0.084700 0.074200 0.008300 0.087300 0.022100 0.143700 0.066200 0.121100 0.071400 0.080200 0.065500 0.071300 0.076500 0.087300 0.142000 0.104700 0.084500 0.123900 0.108500 0.065600 0.077500 0.081400 0.087200 0.074400 0.080300 0.000000 0.027700
GreaterKud 0.071900 0.298700 0.019200 0.249800 0.091600 0.068700 0.080500 0.085400 0.024900 0.133200 0.074200 0.062500 0.080100 0.067200 0.091700 0.089800 0.121800 0.112700 0.091700 0.022100 0.092600 0.080300 0.116700 0.121200 0.080100 0.087300 0.079800 0.024900 0.092900 0.022000 0.142900 0.071800 0.120400 0.077000 0.079700 0.071100 0.076900 0.082100 0.086700 0.141400 0.110500 0.087100 0.129800 0.114700 0.065300 0.080100 0.087100 0.089900 0.080000 0.079800 0.027700 0.000000
