CODONML (in paml version 4.10.7, June 2023)  /home/rachel/ruminants_paml/6406-phy-tree/ENSBTAT00000012816.fasta.phy
Model: free dN/dS Ratios for branches,  kappa = 2.000 fixed

Codon frequency model: F3x4
ns =  54  ls =  89

Codon usage in sequences
--------------------------------------------------------------------------------------------------------------------------------------
Phe TTT   3   3   3   3   3   3 | Ser TCT   2   2   2   2   3   1 | Tyr TAT   3   3   3   3   3   3 | Cys TGT   1   1   1   1   0   1
    TTC   0   0   0   0   0   0 |     TCC   0   0   0   0   0   1 |     TAC   2   2   2   2   2   2 |     TGC   1   1   1   1   1   1
Leu TTA   2   1   2   2   0   2 |     TCA   2   2   2   2   1   2 | *** TAA   0   0   0   0   0   0 | *** TGA   0   0   0   0   0   0
    TTG   2   3   2   2   3   2 |     TCG   0   0   0   0   1   0 |     TAG   0   0   0   0   0   0 | Trp TGG   1   1   1   1   1   1
--------------------------------------------------------------------------------------------------------------------------------------
Leu CTT   2   2   2   2   2   2 | Pro CCT   2   1   2   2   2   1 | His CAT   1   0   1   0   1   0 | Arg CGT   0   0   0   0   0   0
    CTC   3   3   2   3   2   3 |     CCC   0   1   0   0   0   1 |     CAC   1   2   1   2   1   2 |     CGC   0   0   0   0   0   0
    CTA   1   2   1   1   3   1 |     CCA   0   0   0   0   0   0 | Gln CAA   2   2   2   1   2   2 |     CGA   1   1   1   1   2   2
    CTG   3   2   4   3   4   3 |     CCG   0   0   0   0   0   0 |     CAG   5   5   5   6   5   5 |     CGG   1   1   1   1   0   0
--------------------------------------------------------------------------------------------------------------------------------------
Ile ATT   1   1   1   1   1   1 | Thr ACT   1   1   1   1   1   1 | Asn AAT   2   2   2   2   2   2 | Ser AGT   0   0   1   0   0   0
    ATC   0   0   0   0   0   0 |     ACC   0   0   0   0   0   0 |     AAC   2   2   2   2   1   2 |     AGC   2   2   1   2   2   2
    ATA   3   3   3   3   1   3 |     ACA   1   1   1   1   1   1 | Lys AAA   2   2   2   2   2   2 | Arg AGA   3   3   3   3   3   3
Met ATG   1   1   1   1   2   1 |     ACG   0   0   0   0   0   0 |     AAG   1   1   1   1   1   1 |     AGG   2   2   2   2   2   2
--------------------------------------------------------------------------------------------------------------------------------------
Val GTT   1   1   1   1   1   1 | Ala GCT   1   1   1   1   1   1 | Asp GAT   5   5   5   5   6   4 | Gly GGT   0   0   0   0   0   0
    GTC   2   2   2   2   2   2 |     GCC   1   2   1   1   1   1 |     GAC   1   1   1   1   1   1 |     GGC   0   0   0   0   0   0
    GTA   0   0   0   0   0   0 |     GCA   1   0   1   1   1   1 | Glu GAA   7   8   7   7   7   7 |     GGA   1   1   1   1   2   1
    GTG   1   1   1   1   1   1 |     GCG   0   0   0   0   0   0 |     GAG   5   4   5   5   5   6 |     GGG   1   1   1   1   0   1
--------------------------------------------------------------------------------------------------------------------------------------

--------------------------------------------------------------------------------------------------------------------------------------
Phe TTT   3   3   3   3   3   3 | Ser TCT   2   2   2   2   2   2 | Tyr TAT   3   3   3   3   3   3 | Cys TGT   1   1   1   1   1   1
    TTC   0   0   0   0   0   0 |     TCC   0   0   0   0   0   0 |     TAC   2   2   2   2   2   2 |     TGC   1   1   1   1   1   1
Leu TTA   2   2   2   2   2   2 |     TCA   2   2   2   2   2   2 | *** TAA   0   0   0   0   0   0 | *** TGA   0   0   0   0   0   0
    TTG   2   2   2   2   2   2 |     TCG   0   0   0   0   0   0 |     TAG   0   0   0   0   0   0 | Trp TGG   1   1   1   1   1   1
--------------------------------------------------------------------------------------------------------------------------------------
Leu CTT   2   2   2   2   2   2 | Pro CCT   2   2   2   2   2   2 | His CAT   1   1   1   1   1   0 | Arg CGT   0   0   0   0   0   0
    CTC   3   3   3   3   3   3 |     CCC   0   0   0   0   0   0 |     CAC   1   1   1   1   1   2 |     CGC   0   0   0   0   0   0
    CTA   1   1   1   1   1   1 |     CCA   0   0   0   0   0   0 | Gln CAA   2   2   2   2   2   1 |     CGA   1   1   1   2   1   1
    CTG   3   3   3   3   3   3 |     CCG   0   0   0   0   0   0 |     CAG   5   5   5   5   5   6 |     CGG   1   1   1   1   1   1
--------------------------------------------------------------------------------------------------------------------------------------
Ile ATT   1   1   1   1   1   1 | Thr ACT   1   1   1   1   1   1 | Asn AAT   2   2   2   2   2   2 | Ser AGT   0   0   0   0   1   0
    ATC   0   0   0   0   0   0 |     ACC   0   0   0   0   0   0 |     AAC   2   2   3   2   2   2 |     AGC   2   2   1   2   1   2
    ATA   3   3   3   3   3   3 |     ACA   1   1   1   1   1   1 | Lys AAA   2   2   2   2   2   2 | Arg AGA   3   3   3   2   3   3
Met ATG   1   1   1   1   1   1 |     ACG   0   0   0   0   0   0 |     AAG   1   1   1   1   1   1 |     AGG   2   2   2   2   2   2
--------------------------------------------------------------------------------------------------------------------------------------
Val GTT   1   1   1   1   1   1 | Ala GCT   1   1   1   1   1   1 | Asp GAT   5   5   5   5   5   5 | Gly GGT   0   0   0   0   0   0
    GTC   2   2   2   2   2   2 |     GCC   1   2   1   1   1   1 |     GAC   1   1   1   1   1   1 |     GGC   0   0   0   0   0   0
    GTA   0   0   0   0   0   0 |     GCA   1   0   1   1   1   1 | Glu GAA   7   7   7   7   8   6 |     GGA   1   1   1   1   1   1
    GTG   1   1   1   1   1   1 |     GCG   0   0   0   0   0   0 |     GAG   5   5   5   5   4   6 |     GGG   1   1   1   1   1   1
--------------------------------------------------------------------------------------------------------------------------------------

--------------------------------------------------------------------------------------------------------------------------------------
Phe TTT   3   3   3   3   3   3 | Ser TCT   2   3   2   2   2   2 | Tyr TAT   3   3   3   3   3   3 | Cys TGT   1   0   1   1   1   1
    TTC   0   0   0   0   0   0 |     TCC   0   0   0   0   0   0 |     TAC   2   2   2   2   2   2 |     TGC   1   1   1   1   1   1
Leu TTA   2   2   2   2   2   2 |     TCA   2   2   1   2   2   2 | *** TAA   0   0   0   0   0   0 | *** TGA   0   0   0   0   0   0
    TTG   2   2   2   2   2   2 |     TCG   0   0   1   0   0   0 |     TAG   0   0   0   0   0   0 | Trp TGG   1   1   1   1   1   1
--------------------------------------------------------------------------------------------------------------------------------------
Leu CTT   2   2   2   2   2   2 | Pro CCT   2   2   2   2   2   2 | His CAT   1   1   1   1   0   1 | Arg CGT   0   0   0   0   0   0
    CTC   3   2   3   3   3   3 |     CCC   0   0   0   0   0   0 |     CAC   1   1   1   1   2   1 |     CGC   0   0   0   0   0   0
    CTA   1   1   1   1   1   1 |     CCA   0   0   0   0   0   0 | Gln CAA   2   2   2   2   2   2 |     CGA   1   1   1   1   1   1
    CTG   3   4   3   3   3   3 |     CCG   0   0   0   0   0   0 |     CAG   5   5   5   5   5   5 |     CGG   1   1   1   1   1   1
--------------------------------------------------------------------------------------------------------------------------------------
Ile ATT   1   1   1   1   1   1 | Thr ACT   1   1   1   1   1   1 | Asn AAT   2   2   2   2   2   2 | Ser AGT   0   0   0   0   0   0
    ATC   0   0   0   0   0   0 |     ACC   0   0   0   0   0   0 |     AAC   2   2   2   2   2   2 |     AGC   2   2   2   2   2   2
    ATA   3   3   3   3   3   3 |     ACA   1   1   1   1   1   1 | Lys AAA   2   2   2   2   2   2 | Arg AGA   3   3   3   3   3   3
Met ATG   1   1   1   1   1   1 |     ACG   0   0   0   0   0   0 |     AAG   1   1   1   1   1   1 |     AGG   2   2   2   2   2   2
--------------------------------------------------------------------------------------------------------------------------------------
Val GTT   1   1   1   1   1   1 | Ala GCT   1   1   1   1   1   1 | Asp GAT   5   5   5   5   5   5 | Gly GGT   0   0   0   0   0   0
    GTC   2   2   2   2   2   2 |     GCC   1   1   1   1   1   1 |     GAC   1   1   1   1   1   1 |     GGC   0   0   0   0   0   0
    GTA   0   0   0   0   0   0 |     GCA   1   1   1   1   1   1 | Glu GAA   7   7   7   7   8   7 |     GGA   1   1   1   1   2   1
    GTG   1   1   1   1   1   1 |     GCG   0   0   0   0   0   0 |     GAG   5   5   5   5   4   5 |     GGG   1   1   1   1   0   1
--------------------------------------------------------------------------------------------------------------------------------------

--------------------------------------------------------------------------------------------------------------------------------------
Phe TTT   3   3   3   3   3   3 | Ser TCT   2   2   2   2   2   2 | Tyr TAT   3   4   3   3   3   3 | Cys TGT   1   1   1   1   1   1
    TTC   0   0   0   0   0   0 |     TCC   0   0   0   0   0   0 |     TAC   2   1   2   2   2   2 |     TGC   1   1   1   1   1   1
Leu TTA   2   2   2   2   2   2 |     TCA   2   2   2   2   2   2 | *** TAA   0   0   0   0   0   0 | *** TGA   0   0   0   0   0   0
    TTG   2   2   2   2   2   2 |     TCG   0   0   0   0   0   0 |     TAG   0   0   0   0   0   0 | Trp TGG   1   1   1   1   1   1
--------------------------------------------------------------------------------------------------------------------------------------
Leu CTT   2   2   2   2   2   2 | Pro CCT   2   2   2   2   2   2 | His CAT   0   1   1   1   1   1 | Arg CGT   0   0   0   0   0   0
    CTC   3   3   3   3   3   3 |     CCC   0   0   0   0   0   0 |     CAC   2   1   1   1   1   1 |     CGC   0   0   0   0   0   0
    CTA   1   1   1   1   1   1 |     CCA   0   0   0   0   0   0 | Gln CAA   1   1   2   2   2   2 |     CGA   1   1   1   1   1   1
    CTG   3   3   3   3   3   3 |     CCG   0   0   0   0   0   0 |     CAG   6   6   5   5   5   5 |     CGG   1   1   1   1   1   1
--------------------------------------------------------------------------------------------------------------------------------------
Ile ATT   1   1   1   1   1   1 | Thr ACT   1   1   1   1   1   1 | Asn AAT   2   2   2   2   2   2 | Ser AGT   0   0   0   0   0   0
    ATC   0   0   0   0   0   0 |     ACC   0   0   0   0   0   0 |     AAC   2   3   2   2   2   3 |     AGC   2   1   2   2   2   1
    ATA   3   3   3   3   3   3 |     ACA   1   1   1   1   1   1 | Lys AAA   2   2   2   2   2   2 | Arg AGA   3   3   3   3   3   3
Met ATG   1   1   1   1   1   1 |     ACG   0   0   0   0   0   0 |     AAG   1   1   1   1   1   1 |     AGG   2   2   2   2   2   2
--------------------------------------------------------------------------------------------------------------------------------------
Val GTT   1   1   1   1   1   1 | Ala GCT   1   1   1   1   1   1 | Asp GAT   5   5   5   5   5   5 | Gly GGT   0   0   0   0   0   0
    GTC   2   2   2   2   2   2 |     GCC   1   1   1   1   1   1 |     GAC   1   1   1   1   1   1 |     GGC   0   0   0   0   0   0
    GTA   0   0   0   0   0   0 |     GCA   1   1   1   1   1   1 | Glu GAA   7   7   7   7   7   7 |     GGA   1   1   1   1   1   1
    GTG   1   1   1   1   1   1 |     GCG   0   0   0   0   0   0 |     GAG   5   5   5   5   5   5 |     GGG   1   1   1   1   1   1
--------------------------------------------------------------------------------------------------------------------------------------

--------------------------------------------------------------------------------------------------------------------------------------
Phe TTT   3   3   3   3   3   3 | Ser TCT   2   2   2   2   2   2 | Tyr TAT   3   3   3   3   3   3 | Cys TGT   1   1   1   1   1   1
    TTC   0   0   0   0   0   0 |     TCC   0   0   0   0   0   0 |     TAC   2   2   2   2   2   2 |     TGC   1   1   1   1   1   1
Leu TTA   2   2   2   2   2   2 |     TCA   2   2   2   2   1   2 | *** TAA   0   0   0   0   0   0 | *** TGA   0   0   0   0   0   0
    TTG   2   2   2   2   2   2 |     TCG   0   0   0   0   1   0 |     TAG   0   0   0   0   0   0 | Trp TGG   1   1   1   1   1   1
--------------------------------------------------------------------------------------------------------------------------------------
Leu CTT   2   2   2   2   2   2 | Pro CCT   2   2   2   2   2   2 | His CAT   0   0   1   1   1   1 | Arg CGT   0   0   0   0   0   0
    CTC   3   3   3   3   3   3 |     CCC   0   0   0   0   0   0 |     CAC   2   2   1   1   1   1 |     CGC   0   0   0   0   0   0
    CTA   1   1   1   1   1   1 |     CCA   0   0   0   0   0   0 | Gln CAA   1   1   2   2   2   2 |     CGA   1   1   1   1   1   1
    CTG   3   3   3   3   3   3 |     CCG   0   0   0   0   0   0 |     CAG   6   6   5   5   5   5 |     CGG   1   1   1   1   1   1
--------------------------------------------------------------------------------------------------------------------------------------
Ile ATT   1   1   1   1   1   1 | Thr ACT   1   1   1   1   1   1 | Asn AAT   2   2   2   2   2   2 | Ser AGT   0   0   0   0   0   1
    ATC   0   0   0   0   0   0 |     ACC   0   0   0   0   0   0 |     AAC   2   2   2   2   2   2 |     AGC   2   2   2   2   2   1
    ATA   3   3   3   3   3   3 |     ACA   1   1   1   1   1   1 | Lys AAA   2   2   2   2   2   2 | Arg AGA   3   3   3   3   3   3
Met ATG   1   1   1   1   1   1 |     ACG   0   0   0   0   0   0 |     AAG   1   1   1   1   1   1 |     AGG   2   2   2   2   2   2
--------------------------------------------------------------------------------------------------------------------------------------
Val GTT   1   1   1   1   1   1 | Ala GCT   1   1   1   1   1   1 | Asp GAT   5   5   5   5   5   5 | Gly GGT   0   0   0   0   0   0
    GTC   2   2   2   2   2   2 |     GCC   1   1   1   1   1   1 |     GAC   1   1   1   1   1   1 |     GGC   0   0   0   0   0   0
    GTA   0   0   0   0   0   0 |     GCA   1   1   1   1   1   1 | Glu GAA   6   6   7   7   7   7 |     GGA   1   1   1   1   1   1
    GTG   1   1   1   1   1   1 |     GCG   0   0   0   0   0   0 |     GAG   6   6   5   5   5   5 |     GGG   1   1   1   1   1   1
--------------------------------------------------------------------------------------------------------------------------------------

--------------------------------------------------------------------------------------------------------------------------------------
Phe TTT   3   3   3   3   3   3 | Ser TCT   2   2   2   2   2   2 | Tyr TAT   3   3   3   3   3   3 | Cys TGT   1   1   1   1   1   1
    TTC   0   0   0   0   0   0 |     TCC   0   0   0   0   0   0 |     TAC   2   2   2   2   2   2 |     TGC   1   1   1   1   1   1
Leu TTA   2   2   1   2   1   2 |     TCA   2   2   2   2   2   1 | *** TAA   0   0   0   0   0   0 | *** TGA   0   0   0   0   0   0
    TTG   2   2   3   2   3   2 |     TCG   0   0   0   0   0   1 |     TAG   0   0   0   0   0   0 | Trp TGG   1   1   1   1   1   1
--------------------------------------------------------------------------------------------------------------------------------------
Leu CTT   2   2   2   2   2   2 | Pro CCT   2   2   2   2   2   2 | His CAT   1   1   0   1   0   1 | Arg CGT   0   0   0   0   0   0
    CTC   3   2   3   3   3   3 |     CCC   0   0   0   0   0   0 |     CAC   1   1   2   1   2   1 |     CGC   0   0   0   0   0   0
    CTA   1   1   1   1   1   1 |     CCA   0   0   0   0   0   0 | Gln CAA   2   2   1   2   1   2 |     CGA   1   1   1   1   1   1
    CTG   3   4   3   3   3   3 |     CCG   0   0   0   0   0   0 |     CAG   5   5   6   5   6   5 |     CGG   1   1   1   1   1   1
--------------------------------------------------------------------------------------------------------------------------------------
Ile ATT   1   1   1   1   1   1 | Thr ACT   1   1   1   1   1   1 | Asn AAT   2   2   2   2   2   2 | Ser AGT   0   0   0   0   0   0
    ATC   0   0   0   0   0   0 |     ACC   0   0   0   0   0   0 |     AAC   2   2   2   2   2   2 |     AGC   2   2   2   2   2   2
    ATA   3   3   3   3   3   3 |     ACA   1   1   1   1   1   1 | Lys AAA   2   2   2   2   2   2 | Arg AGA   3   3   3   3   3   3
Met ATG   1   1   1   1   1   1 |     ACG   0   0   0   0   0   0 |     AAG   1   1   1   1   1   1 |     AGG   2   2   2   2   2   2
--------------------------------------------------------------------------------------------------------------------------------------
Val GTT   1   1   1   1   1   1 | Ala GCT   1   1   1   1   1   1 | Asp GAT   5   5   5   5   4   5 | Gly GGT   0   0   0   0   0   0
    GTC   2   2   2   2   2   2 |     GCC   1   1   1   1   1   1 |     GAC   1   1   1   1   1   1 |     GGC   0   0   0   0   0   0
    GTA   0   0   0   0   0   0 |     GCA   1   1   1   1   1   1 | Glu GAA   7   7   6   7   7   7 |     GGA   1   1   1   1   1   1
    GTG   1   1   1   1   1   1 |     GCG   0   0   0   0   0   0 |     GAG   5   5   6   5   6   5 |     GGG   1   1   1   1   1   1
--------------------------------------------------------------------------------------------------------------------------------------

--------------------------------------------------------------------------------------------------------------------------------------
Phe TTT   3   3   3   3   3   3 | Ser TCT   2   2   2   2   2   2 | Tyr TAT   3   3   3   3   3   3 | Cys TGT   1   1   1   1   1   1
    TTC   0   0   0   0   0   0 |     TCC   0   0   0   0   0   0 |     TAC   2   2   2   2   2   2 |     TGC   1   1   1   1   1   1
Leu TTA   2   2   2   2   2   2 |     TCA   2   2   2   2   2   2 | *** TAA   0   0   0   0   0   0 | *** TGA   0   0   0   0   0   0
    TTG   2   2   2   2   2   2 |     TCG   0   0   0   0   0   0 |     TAG   0   0   0   0   0   0 | Trp TGG   1   1   1   1   1   1
--------------------------------------------------------------------------------------------------------------------------------------
Leu CTT   2   2   2   2   2   2 | Pro CCT   2   2   2   2   2   2 | His CAT   1   1   1   1   1   1 | Arg CGT   0   0   0   0   0   0
    CTC   3   2   3   3   3   3 |     CCC   0   0   0   0   0   0 |     CAC   1   1   1   1   1   1 |     CGC   0   0   0   0   0   0
    CTA   1   1   1   1   1   1 |     CCA   0   0   0   0   0   0 | Gln CAA   2   2   2   2   2   1 |     CGA   1   1   1   1   1   1
    CTG   3   4   3   3   3   3 |     CCG   0   0   0   0   0   0 |     CAG   5   5   5   5   5   6 |     CGG   1   1   1   1   1   1
--------------------------------------------------------------------------------------------------------------------------------------
Ile ATT   1   1   1   1   1   1 | Thr ACT   1   1   1   1   1   1 | Asn AAT   2   2   2   2   2   2 | Ser AGT   0   0   0   0   0   0
    ATC   0   0   0   0   0   0 |     ACC   0   0   0   0   0   0 |     AAC   2   2   2   2   2   2 |     AGC   2   2   2   2   2   2
    ATA   3   3   3   3   3   3 |     ACA   1   1   1   1   1   1 | Lys AAA   2   2   2   2   2   2 | Arg AGA   3   3   3   3   3   3
Met ATG   1   1   1   1   1   1 |     ACG   0   0   0   0   0   0 |     AAG   1   1   1   1   1   1 |     AGG   2   2   2   2   2   2
--------------------------------------------------------------------------------------------------------------------------------------
Val GTT   1   1   1   1   1   1 | Ala GCT   1   1   1   1   1   1 | Asp GAT   5   5   5   5   5   5 | Gly GGT   0   0   0   0   0   0
    GTC   2   2   2   2   2   2 |     GCC   1   1   1   1   1   1 |     GAC   1   1   1   1   1   1 |     GGC   0   0   0   0   0   0
    GTA   0   0   0   0   0   0 |     GCA   1   1   1   1   1   1 | Glu GAA   7   7   7   7   7   6 |     GGA   1   1   1   1   1   1
    GTG   1   1   1   1   1   1 |     GCG   0   0   0   0   0   0 |     GAG   5   5   5   5   5   6 |     GGG   1   1   1   1   1   1
--------------------------------------------------------------------------------------------------------------------------------------

--------------------------------------------------------------------------------------------------------------------------------------
Phe TTT   3   3   3   3   3   3 | Ser TCT   2   2   2   2   2   2 | Tyr TAT   3   3   3   3   3   3 | Cys TGT   1   1   1   1   1   1
    TTC   0   0   0   0   0   0 |     TCC   0   0   0   0   0   0 |     TAC   2   2   2   2   2   2 |     TGC   1   1   1   1   1   1
Leu TTA   2   2   1   2   2   2 |     TCA   2   2   2   2   2   2 | *** TAA   0   0   0   0   0   0 | *** TGA   0   0   0   0   0   0
    TTG   2   2   3   2   2   2 |     TCG   0   0   0   0   0   0 |     TAG   0   0   0   0   0   0 | Trp TGG   1   1   1   1   1   1
--------------------------------------------------------------------------------------------------------------------------------------
Leu CTT   2   2   2   2   2   2 | Pro CCT   2   2   2   2   2   2 | His CAT   0   1   0   0   1   1 | Arg CGT   0   0   0   0   0   0
    CTC   3   3   3   3   2   3 |     CCC   0   0   0   0   0   0 |     CAC   2   1   2   2   1   1 |     CGC   0   0   0   0   0   0
    CTA   1   1   1   1   1   1 |     CCA   0   0   0   0   0   0 | Gln CAA   1   2   1   1   2   2 |     CGA   1   1   1   1   1   1
    CTG   3   3   3   3   4   3 |     CCG   0   0   0   0   0   0 |     CAG   6   5   6   6   5   5 |     CGG   1   1   1   1   1   1
--------------------------------------------------------------------------------------------------------------------------------------
Ile ATT   1   1   1   1   1   1 | Thr ACT   1   1   1   1   1   1 | Asn AAT   2   2   2   2   2   2 | Ser AGT   0   0   0   0   0   0
    ATC   0   0   0   0   0   0 |     ACC   0   0   0   0   0   0 |     AAC   2   2   2   2   2   2 |     AGC   2   2   2   2   2   2
    ATA   3   3   3   3   3   3 |     ACA   1   1   1   1   1   1 | Lys AAA   2   2   2   2   2   2 | Arg AGA   3   3   3   3   3   3
Met ATG   1   1   1   1   1   1 |     ACG   0   0   0   0   0   0 |     AAG   1   1   1   1   1   1 |     AGG   2   2   2   2   2   2
--------------------------------------------------------------------------------------------------------------------------------------
Val GTT   1   1   1   1   1   1 | Ala GCT   1   1   1   1   1   1 | Asp GAT   5   5   5   5   5   5 | Gly GGT   0   0   0   0   0   0
    GTC   2   2   2   2   2   2 |     GCC   1   1   1   1   1   1 |     GAC   1   1   1   1   1   1 |     GGC   0   0   0   0   0   0
    GTA   0   0   0   0   0   0 |     GCA   1   1   1   1   1   1 | Glu GAA   6   7   6   6   7   7 |     GGA   1   1   1   1   1   1
    GTG   1   1   1   1   1   1 |     GCG   0   0   0   0   0   0 |     GAG   6   5   6   6   5   5 |     GGG   1   1   1   1   1   1
--------------------------------------------------------------------------------------------------------------------------------------

--------------------------------------------------------------------------------------------------------------------------------------
Phe TTT   3   3   3   3   3   3 | Ser TCT   2   2   2   2   2   2 | Tyr TAT   3   3   3   3   3   3 | Cys TGT   1   1   1   1   1   1
    TTC   0   0   0   0   0   0 |     TCC   0   0   0   0   0   0 |     TAC   2   2   2   2   2   2 |     TGC   1   1   1   1   1   1
Leu TTA   2   2   2   2   2   2 |     TCA   2   2   2   2   2   2 | *** TAA   0   0   0   0   0   0 | *** TGA   0   0   0   0   0   0
    TTG   2   2   2   2   2   2 |     TCG   0   0   0   0   0   0 |     TAG   0   0   0   0   0   0 | Trp TGG   1   1   1   1   1   1
--------------------------------------------------------------------------------------------------------------------------------------
Leu CTT   2   2   2   2   2   2 | Pro CCT   2   2   2   2   2   2 | His CAT   1   1   1   0   1   1 | Arg CGT   0   0   0   0   0   0
    CTC   3   3   3   3   3   2 |     CCC   0   0   0   0   0   0 |     CAC   1   1   1   2   1   1 |     CGC   0   0   0   0   0   0
    CTA   1   1   1   1   1   1 |     CCA   0   0   0   0   0   0 | Gln CAA   2   2   2   1   2   2 |     CGA   1   1   1   1   1   1
    CTG   3   3   3   3   3   4 |     CCG   0   0   0   0   0   0 |     CAG   5   5   5   6   5   5 |     CGG   1   1   1   1   1   1
--------------------------------------------------------------------------------------------------------------------------------------
Ile ATT   1   1   1   1   1   1 | Thr ACT   1   1   1   1   1   1 | Asn AAT   2   2   2   2   2   2 | Ser AGT   0   0   0   0   1   1
    ATC   0   0   0   0   0   0 |     ACC   0   0   0   0   0   0 |     AAC   2   2   2   2   2   2 |     AGC   2   2   2   2   1   1
    ATA   3   3   3   3   3   3 |     ACA   1   1   1   1   1   1 | Lys AAA   2   2   2   2   2   2 | Arg AGA   3   3   3   3   3   3
Met ATG   1   1   1   1   1   1 |     ACG   0   0   0   0   0   0 |     AAG   1   1   1   1   1   1 |     AGG   2   2   2   2   2   2
--------------------------------------------------------------------------------------------------------------------------------------
Val GTT   1   1   1   1   1   1 | Ala GCT   1   1   1   1   1   1 | Asp GAT   5   5   5   5   5   5 | Gly GGT   0   0   0   0   0   0
    GTC   2   2   2   2   2   2 |     GCC   1   1   1   1   1   1 |     GAC   1   1   1   1   1   1 |     GGC   0   0   0   0   0   0
    GTA   0   0   0   0   0   0 |     GCA   1   0   1   1   1   1 | Glu GAA   7   7   7   7   8   7 |     GGA   1   1   1   1   1   1
    GTG   1   1   1   1   1   1 |     GCG   0   1   0   0   0   0 |     GAG   5   5   5   5   4   5 |     GGG   1   1   1   1   1   1
--------------------------------------------------------------------------------------------------------------------------------------

Codon position x base (3x4) table for each sequence.

#1: Argali         
position  1:    T:0.21348    C:0.24719    A:0.23596    G:0.30337
position  2:    T:0.28090    C:0.12360    A:0.43820    G:0.15730
position  3:    T:0.28090    C:0.16854    A:0.29213    G:0.25843
Average         T:0.25843    C:0.17978    A:0.32210    G:0.23970

#2: LesserMouseDeer
position  1:    T:0.21348    C:0.24719    A:0.23596    G:0.30337
position  2:    T:0.28090    C:0.12360    A:0.43820    G:0.15730
position  3:    T:0.25843    C:0.20225    A:0.29213    G:0.24719
Average         T:0.25094    C:0.19101    A:0.32210    G:0.23596

#3: LesserKudu     
position  1:    T:0.21348    C:0.24719    A:0.23596    G:0.30337
position  2:    T:0.28090    C:0.12360    A:0.43820    G:0.15730
position  3:    T:0.29213    C:0.14607    A:0.29213    G:0.26966
Average         T:0.26217    C:0.17228    A:0.32210    G:0.24345

#4: ForestMuskDeer2
position  1:    T:0.21348    C:0.24719    A:0.23596    G:0.30337
position  2:    T:0.28090    C:0.12360    A:0.43820    G:0.15730
position  3:    T:0.26966    C:0.17978    A:0.28090    G:0.26966
Average         T:0.25468    C:0.18352    A:0.31835    G:0.24345

#5: Camel          
position  1:    T:0.20225    C:0.26966    A:0.21348    G:0.31461
position  2:    T:0.28090    C:0.13483    A:0.43820    G:0.14607
position  3:    T:0.29213    C:0.14607    A:0.28090    G:0.28090
Average         T:0.25843    C:0.18352    A:0.31086    G:0.24719

#6: KillerWhale    
position  1:    T:0.21348    C:0.24719    A:0.23596    G:0.30337
position  2:    T:0.28090    C:0.12360    A:0.43820    G:0.15730
position  3:    T:0.23596    C:0.20225    A:0.30337    G:0.25843
Average         T:0.24345    C:0.19101    A:0.32584    G:0.23970

#7: DefassaWaterbuck
position  1:    T:0.21348    C:0.24719    A:0.23596    G:0.30337
position  2:    T:0.28090    C:0.12360    A:0.43820    G:0.15730
position  3:    T:0.28090    C:0.16854    A:0.29213    G:0.25843
Average         T:0.25843    C:0.17978    A:0.32210    G:0.23970

#8: Sheep          
position  1:    T:0.21348    C:0.24719    A:0.23596    G:0.30337
position  2:    T:0.28090    C:0.12360    A:0.43820    G:0.15730
position  3:    T:0.28090    C:0.17978    A:0.28090    G:0.25843
Average         T:0.25843    C:0.18352    A:0.31835    G:0.23970

#9: MaxwellsDuiker 
position  1:    T:0.21348    C:0.24719    A:0.23596    G:0.30337
position  2:    T:0.28090    C:0.12360    A:0.44944    G:0.14607
position  3:    T:0.28090    C:0.16854    A:0.29213    G:0.25843
Average         T:0.25843    C:0.17978    A:0.32584    G:0.23596

#10: GazellaPrzewalskyi
position  1:    T:0.21348    C:0.25843    A:0.22472    G:0.30337
position  2:    T:0.28090    C:0.12360    A:0.43820    G:0.15730
position  3:    T:0.28090    C:0.16854    A:0.29213    G:0.25843
Average         T:0.25843    C:0.18352    A:0.31835    G:0.23970

#11: MountainNyala  
position  1:    T:0.21348    C:0.24719    A:0.23596    G:0.30337
position  2:    T:0.28090    C:0.12360    A:0.43820    G:0.15730
position  3:    T:0.29213    C:0.15730    A:0.30337    G:0.24719
Average         T:0.26217    C:0.17603    A:0.32584    G:0.23596

#12: MuntiacusMuntjak
position  1:    T:0.21348    C:0.24719    A:0.23596    G:0.30337
position  2:    T:0.28090    C:0.12360    A:0.43820    G:0.15730
position  3:    T:0.26966    C:0.17978    A:0.26966    G:0.28090
Average         T:0.25468    C:0.18352    A:0.31461    G:0.24719

#13: goat           
position  1:    T:0.21348    C:0.24719    A:0.23596    G:0.30337
position  2:    T:0.28090    C:0.12360    A:0.43820    G:0.15730
position  3:    T:0.28090    C:0.16854    A:0.29213    G:0.25843
Average         T:0.25843    C:0.17978    A:0.32210    G:0.23970

#14: AfricanBuffalo 
position  1:    T:0.21348    C:0.24719    A:0.23596    G:0.30337
position  2:    T:0.28090    C:0.13483    A:0.43820    G:0.14607
position  3:    T:0.28090    C:0.15730    A:0.29213    G:0.26966
Average         T:0.25843    C:0.17978    A:0.32210    G:0.23970

#15: Topi           
position  1:    T:0.21348    C:0.24719    A:0.23596    G:0.30337
position  2:    T:0.28090    C:0.12360    A:0.43820    G:0.15730
position  3:    T:0.28090    C:0.16854    A:0.28090    G:0.26966
Average         T:0.25843    C:0.17978    A:0.31835    G:0.24345

#16: CommonDuiker   
position  1:    T:0.21348    C:0.24719    A:0.23596    G:0.30337
position  2:    T:0.28090    C:0.12360    A:0.43820    G:0.15730
position  3:    T:0.28090    C:0.16854    A:0.29213    G:0.25843
Average         T:0.25843    C:0.17978    A:0.32210    G:0.23970

#17: Suni           
position  1:    T:0.21348    C:0.24719    A:0.23596    G:0.30337
position  2:    T:0.28090    C:0.12360    A:0.43820    G:0.15730
position  3:    T:0.26966    C:0.17978    A:0.31461    G:0.23596
Average         T:0.25468    C:0.18352    A:0.32959    G:0.23221

#18: Springbuck     
position  1:    T:0.21348    C:0.24719    A:0.23596    G:0.30337
position  2:    T:0.28090    C:0.12360    A:0.43820    G:0.15730
position  3:    T:0.28090    C:0.16854    A:0.29213    G:0.25843
Average         T:0.25843    C:0.17978    A:0.32210    G:0.23970

#19: Okapi          
position  1:    T:0.21348    C:0.24719    A:0.23596    G:0.30337
position  2:    T:0.28090    C:0.12360    A:0.43820    G:0.15730
position  3:    T:0.26966    C:0.17978    A:0.28090    G:0.26966
Average         T:0.25468    C:0.18352    A:0.31835    G:0.24345

#20: Giraffe        
position  1:    T:0.21348    C:0.24719    A:0.23596    G:0.30337
position  2:    T:0.28090    C:0.12360    A:0.44944    G:0.14607
position  3:    T:0.29213    C:0.15730    A:0.28090    G:0.26966
Average         T:0.26217    C:0.17603    A:0.32210    G:0.23970

#21: TibetanAntelope
position  1:    T:0.21348    C:0.24719    A:0.23596    G:0.30337
position  2:    T:0.28090    C:0.12360    A:0.43820    G:0.15730
position  3:    T:0.28090    C:0.16854    A:0.29213    G:0.25843
Average         T:0.25843    C:0.17978    A:0.32210    G:0.23970

#22: Sitatunga      
position  1:    T:0.21348    C:0.24719    A:0.23596    G:0.30337
position  2:    T:0.28090    C:0.12360    A:0.43820    G:0.15730
position  3:    T:0.28090    C:0.16854    A:0.29213    G:0.25843
Average         T:0.25843    C:0.17978    A:0.32210    G:0.23970

#23: Oribi          
position  1:    T:0.21348    C:0.24719    A:0.23596    G:0.30337
position  2:    T:0.28090    C:0.12360    A:0.43820    G:0.15730
position  3:    T:0.28090    C:0.16854    A:0.29213    G:0.25843
Average         T:0.25843    C:0.17978    A:0.32210    G:0.23970

#24: BarbarySheep   
position  1:    T:0.21348    C:0.24719    A:0.23596    G:0.30337
position  2:    T:0.28090    C:0.12360    A:0.44944    G:0.14607
position  3:    T:0.28090    C:0.16854    A:0.29213    G:0.25843
Average         T:0.25843    C:0.17978    A:0.32584    G:0.23596

#25: Daviddeer      
position  1:    T:0.21348    C:0.24719    A:0.23596    G:0.30337
position  2:    T:0.28090    C:0.12360    A:0.43820    G:0.15730
position  3:    T:0.26966    C:0.17978    A:0.26966    G:0.28090
Average         T:0.25468    C:0.18352    A:0.31461    G:0.24719

#26: Reindeer       
position  1:    T:0.21348    C:0.24719    A:0.23596    G:0.30337
position  2:    T:0.28090    C:0.12360    A:0.43820    G:0.15730
position  3:    T:0.26966    C:0.17978    A:0.26966    G:0.28090
Average         T:0.25468    C:0.18352    A:0.31461    G:0.24719

#27: Ibex           
position  1:    T:0.21348    C:0.24719    A:0.23596    G:0.30337
position  2:    T:0.28090    C:0.12360    A:0.43820    G:0.15730
position  3:    T:0.28090    C:0.16854    A:0.29213    G:0.25843
Average         T:0.25843    C:0.17978    A:0.32210    G:0.23970

#28: GyrantGazelle  
position  1:    T:0.21348    C:0.24719    A:0.23596    G:0.30337
position  2:    T:0.28090    C:0.12360    A:0.43820    G:0.15730
position  3:    T:0.28090    C:0.16854    A:0.29213    G:0.25843
Average         T:0.25843    C:0.17978    A:0.32210    G:0.23970

#29: Hartebeest     
position  1:    T:0.21348    C:0.24719    A:0.23596    G:0.30337
position  2:    T:0.28090    C:0.12360    A:0.43820    G:0.15730
position  3:    T:0.28090    C:0.16854    A:0.28090    G:0.26966
Average         T:0.25843    C:0.17978    A:0.31835    G:0.24345

#30: Bongo          
position  1:    T:0.21348    C:0.24719    A:0.23596    G:0.30337
position  2:    T:0.28090    C:0.12360    A:0.43820    G:0.15730
position  3:    T:0.29213    C:0.15730    A:0.29213    G:0.25843
Average         T:0.26217    C:0.17603    A:0.32210    G:0.23970

#31: Gerenuk        
position  1:    T:0.21348    C:0.24719    A:0.23596    G:0.30337
position  2:    T:0.28090    C:0.12360    A:0.43820    G:0.15730
position  3:    T:0.28090    C:0.16854    A:0.29213    G:0.25843
Average         T:0.25843    C:0.17978    A:0.32210    G:0.23970

#32: CommonEland    
position  1:    T:0.21348    C:0.24719    A:0.23596    G:0.30337
position  2:    T:0.28090    C:0.12360    A:0.43820    G:0.15730
position  3:    T:0.28090    C:0.15730    A:0.29213    G:0.26966
Average         T:0.25843    C:0.17603    A:0.32210    G:0.24345

#33: MuntiacusReevesi
position  1:    T:0.21348    C:0.24719    A:0.23596    G:0.30337
position  2:    T:0.28090    C:0.12360    A:0.43820    G:0.15730
position  3:    T:0.26966    C:0.17978    A:0.25843    G:0.29213
Average         T:0.25468    C:0.18352    A:0.31086    G:0.25094

#34: HarveysDuiker  
position  1:    T:0.21348    C:0.24719    A:0.23596    G:0.30337
position  2:    T:0.28090    C:0.12360    A:0.43820    G:0.15730
position  3:    T:0.28090    C:0.16854    A:0.29213    G:0.25843
Average         T:0.25843    C:0.17978    A:0.32210    G:0.23970

#35: Pronghorn      
position  1:    T:0.21348    C:0.24719    A:0.23596    G:0.30337
position  2:    T:0.28090    C:0.12360    A:0.43820    G:0.15730
position  3:    T:0.25843    C:0.17978    A:0.26966    G:0.29213
Average         T:0.25094    C:0.18352    A:0.31461    G:0.25094

#36: BlueWildebeest 
position  1:    T:0.21348    C:0.24719    A:0.23596    G:0.30337
position  2:    T:0.28090    C:0.12360    A:0.43820    G:0.15730
position  3:    T:0.28090    C:0.16854    A:0.28090    G:0.26966
Average         T:0.25843    C:0.17978    A:0.31835    G:0.24345

#37: Gemsbok        
position  1:    T:0.21348    C:0.24719    A:0.23596    G:0.30337
position  2:    T:0.28090    C:0.12360    A:0.43820    G:0.15730
position  3:    T:0.28090    C:0.16854    A:0.29213    G:0.25843
Average         T:0.25843    C:0.17978    A:0.32210    G:0.23970

#38: Yak            
position  1:    T:0.21348    C:0.24719    A:0.23596    G:0.30337
position  2:    T:0.28090    C:0.12360    A:0.43820    G:0.15730
position  3:    T:0.28090    C:0.15730    A:0.29213    G:0.26966
Average         T:0.25843    C:0.17603    A:0.32210    G:0.24345

#39: BlueSheep      
position  1:    T:0.21348    C:0.24719    A:0.23596    G:0.30337
position  2:    T:0.28090    C:0.12360    A:0.43820    G:0.15730
position  3:    T:0.28090    C:0.16854    A:0.29213    G:0.25843
Average         T:0.25843    C:0.17978    A:0.32210    G:0.23970

#40: BohorReedbuck  
position  1:    T:0.21348    C:0.24719    A:0.23596    G:0.30337
position  2:    T:0.28090    C:0.12360    A:0.43820    G:0.15730
position  3:    T:0.28090    C:0.16854    A:0.29213    G:0.25843
Average         T:0.25843    C:0.17978    A:0.32210    G:0.23970

#41: KirksDik       
position  1:    T:0.21348    C:0.24719    A:0.23596    G:0.30337
position  2:    T:0.28090    C:0.12360    A:0.43820    G:0.15730
position  3:    T:0.28090    C:0.16854    A:0.29213    G:0.25843
Average         T:0.25843    C:0.17978    A:0.32210    G:0.23970

#42: RoeDeer        
position  1:    T:0.21348    C:0.24719    A:0.23596    G:0.30337
position  2:    T:0.28090    C:0.12360    A:0.43820    G:0.15730
position  3:    T:0.28090    C:0.16854    A:0.26966    G:0.28090
Average         T:0.25843    C:0.17978    A:0.31461    G:0.24719

#43: WhiteLippedDeer
position  1:    T:0.21348    C:0.24719    A:0.23596    G:0.30337
position  2:    T:0.28090    C:0.12360    A:0.43820    G:0.15730
position  3:    T:0.26966    C:0.17978    A:0.26966    G:0.28090
Average         T:0.25468    C:0.18352    A:0.31461    G:0.24719

#44: ThomsonGazelle 
position  1:    T:0.21348    C:0.24719    A:0.23596    G:0.30337
position  2:    T:0.28090    C:0.12360    A:0.43820    G:0.15730
position  3:    T:0.28090    C:0.16854    A:0.29213    G:0.25843
Average         T:0.25843    C:0.17978    A:0.32210    G:0.23970

#45: MuntiacusCrinifrons
position  1:    T:0.21348    C:0.24719    A:0.23596    G:0.30337
position  2:    T:0.28090    C:0.12360    A:0.43820    G:0.15730
position  3:    T:0.26966    C:0.17978    A:0.25843    G:0.29213
Average         T:0.25468    C:0.18352    A:0.31086    G:0.25094

#46: WhiteTailedDeer
position  1:    T:0.21348    C:0.24719    A:0.23596    G:0.30337
position  2:    T:0.28090    C:0.12360    A:0.43820    G:0.15730
position  3:    T:0.26966    C:0.17978    A:0.26966    G:0.28090
Average         T:0.25468    C:0.18352    A:0.31461    G:0.24719

#47: Cattle         
position  1:    T:0.21348    C:0.24719    A:0.23596    G:0.30337
position  2:    T:0.28090    C:0.12360    A:0.43820    G:0.15730
position  3:    T:0.28090    C:0.15730    A:0.29213    G:0.26966
Average         T:0.25843    C:0.17603    A:0.32210    G:0.24345

#48: RoyalAntelope  
position  1:    T:0.21348    C:0.24719    A:0.23596    G:0.30337
position  2:    T:0.28090    C:0.12360    A:0.43820    G:0.15730
position  3:    T:0.28090    C:0.16854    A:0.29213    G:0.25843
Average         T:0.25843    C:0.17978    A:0.32210    G:0.23970

#49: Steenbok       
position  1:    T:0.21348    C:0.24719    A:0.23596    G:0.30337
position  2:    T:0.28090    C:0.12360    A:0.43820    G:0.15730
position  3:    T:0.28090    C:0.16854    A:0.29213    G:0.25843
Average         T:0.25843    C:0.17978    A:0.32210    G:0.23970

#50: Impala         
position  1:    T:0.21348    C:0.24719    A:0.23596    G:0.30337
position  2:    T:0.28090    C:0.12360    A:0.43820    G:0.15730
position  3:    T:0.28090    C:0.16854    A:0.28090    G:0.26966
Average         T:0.25843    C:0.17978    A:0.31835    G:0.24345

#51: Klipspringer   
position  1:    T:0.21348    C:0.24719    A:0.23596    G:0.30337
position  2:    T:0.28090    C:0.12360    A:0.43820    G:0.15730
