1
52 1
Argali 0.000000 0.419100 0.110700 0.385500 0.092900 0.003200 0.077100 0.090600 0.094900 0.128400 0.024900 0.106800 0.077000 0.073200 0.120100 0.093300 0.134900 0.126700 0.038000 0.105600 0.086300 0.024800 0.137500 0.126800 0.028200 0.089400 0.071900 0.094600 0.084300 0.100500 0.141200 0.077300 0.146500 0.066500 0.061000 0.098400 0.029900 0.080200 0.109500 0.131800 0.137100 0.085900 0.129200 0.118900 0.099800 0.084700 0.077100 0.116100 0.090700 0.122900 0.097000 0.100300
LesserMous 0.419100 0.000000 0.401300 0.468000 0.413000 0.414900 0.398300 0.397700 0.402200 0.411300 0.400400 0.392800 0.403500 0.410700 0.426100 0.421900 0.405600 0.401500 0.415700 0.412600 0.411200 0.399600 0.421400 0.389600 0.404800 0.420700 0.385500 0.409900 0.422300 0.400300 0.429800 0.411300 0.419000 0.400800 0.402800 0.403100 0.395800 0.401700 0.432800 0.415100 0.414600 0.413000 0.412700 0.397000 0.396900 0.402200 0.404200 0.405600 0.408200 0.430200 0.395000 0.404600
LesserKudu 0.110700 0.401300 0.000000 0.371400 0.102900 0.107300 0.082200 0.119400 0.038100 0.140900 0.098200 0.084000 0.097900 0.093900 0.113300 0.109100 0.141100 0.122300 0.108200 0.041400 0.107900 0.098000 0.142500 0.135200 0.101600 0.114100 0.083700 0.034700 0.109100 0.033100 0.140000 0.085500 0.135800 0.087500 0.089100 0.090500 0.096100 0.093800 0.134600 0.142000 0.140300 0.112500 0.134300 0.123500 0.090400 0.102200 0.100200 0.122600 0.110100 0.125600 0.026400 0.029700
KillerWhal 0.385500 0.468000 0.371400 0.000000 0.370100 0.381500 0.359400 0.384500 0.389300 0.372400 0.376800 0.344900 0.377400 0.373200 0.428000 0.396300 0.362100 0.371100 0.377700 0.385200 0.363100 0.375500 0.387500 0.384800 0.375800 0.392300 0.378600 0.380300 0.397300 0.382200 0.372400 0.362900 0.371900 0.380100 0.376600 0.381100 0.372700 0.365100 0.387700 0.389000 0.383800 0.396200 0.372800 0.369900 0.385800 0.378000 0.366600 0.411700 0.375500 0.351800 0.382800 0.378700
DefassaWat 0.092900 0.413000 0.102900 0.370100 0.000000 0.089500 0.071800 0.097500 0.094400 0.137700 0.084100 0.102500 0.083800 0.085400 0.117600 0.100200 0.122900 0.126600 0.094100 0.116100 0.082700 0.085700 0.135600 0.128100 0.087500 0.098000 0.094900 0.094100 0.094800 0.103600 0.140600 0.078800 0.142100 0.088000 0.085900 0.094400 0.087500 0.021400 0.120000 0.129300 0.139000 0.098200 0.131000 0.120300 0.094300 0.093400 0.078800 0.115600 0.095800 0.109300 0.092900 0.099700
Sheep 0.003200 0.414900 0.107300 0.381500 0.089500 0.000000 0.073800 0.087200 0.091500 0.125000 0.021600 0.103400 0.073600 0.069900 0.116600 0.089900 0.131500 0.123300 0.034700 0.102200 0.082900 0.021200 0.134000 0.123300 0.024900 0.086000 0.068500 0.094900 0.080900 0.097100 0.137700 0.073900 0.143100 0.063100 0.057700 0.094700 0.026600 0.076900 0.106100 0.128300 0.133700 0.082500 0.125800 0.115400 0.096400 0.081300 0.073800 0.112700 0.087200 0.119400 0.093600 0.096900
MaxwellsDu 0.077100 0.398300 0.082200 0.359400 0.071800 0.073800 0.000000 0.076500 0.080900 0.132800 0.068700 0.090700 0.072100 0.054200 0.098100 0.068600 0.109300 0.108600 0.082000 0.102500 0.063500 0.064700 0.126800 0.123600 0.072100 0.077300 0.063200 0.091500 0.065100 0.090000 0.132400 0.044100 0.126300 0.061500 0.059600 0.082400 0.073900 0.062900 0.089900 0.124800 0.128300 0.077400 0.122400 0.108200 0.082300 0.070700 0.061500 0.103600 0.076500 0.114100 0.079300 0.086200
GazellaPrz 0.090600 0.397700 0.119400 0.384500 0.097500 0.087200 0.076500 0.000000 0.101400 0.147700 0.089100 0.119500 0.092400 0.084900 0.121200 0.078000 0.130800 0.126800 0.099100 0.123600 0.065900 0.086900 0.151300 0.134200 0.092500 0.079400 0.092600 0.119800 0.072600 0.107200 0.150600 0.081900 0.157800 0.087400 0.081700 0.116400 0.092400 0.092000 0.097500 0.148900 0.149000 0.081500 0.144700 0.131800 0.112600 0.091200 0.058500 0.123100 0.102900 0.137800 0.107300 0.112600
MountainNy 0.094900 0.402200 0.038100 0.389300 0.094400 0.091500 0.080900 0.101400 0.000000 0.136200 0.086100 0.093700 0.096700 0.092800 0.121600 0.091400 0.132500 0.124900 0.099800 0.032300 0.088300 0.089500 0.137700 0.130300 0.089500 0.094700 0.086000 0.026300 0.093200 0.027300 0.133300 0.087900 0.142400 0.086300 0.084200 0.087400 0.094900 0.081800 0.124000 0.133300 0.145000 0.093000 0.133300 0.118700 0.094600 0.093700 0.088100 0.114000 0.097900 0.120700 0.021500 0.028000
MuntiacusM 0.128400 0.411300 0.140900 0.372400 0.137700 0.125000 0.132800 0.147700 0.136200 0.000000 0.120000 0.145000 0.136400 0.126600 0.164500 0.150000 0.133300 0.127000 0.129400 0.143400 0.138900 0.122800 0.066400 0.082700 0.123400 0.149300 0.138700 0.139600 0.148100 0.134500 0.034600 0.127500 0.146700 0.129100 0.123100 0.141200 0.121400 0.135800 0.149600 0.076900 0.063400 0.143900 0.019200 0.079000 0.129700 0.144900 0.123500 0.150500 0.126700 0.146000 0.130900 0.130500
goat 0.024900 0.400400 0.098200 0.376800 0.084100 0.021600 0.068700 0.089100 0.086100 0.120000 0.000000 0.101600 0.068400 0.071700 0.116700 0.095500 0.129600 0.125800 0.036600 0.096800 0.088800 0.019900 0.136600 0.117700 0.006600 0.091500 0.066800 0.089500 0.086500 0.091700 0.132100 0.070400 0.141200 0.061700 0.059700 0.091500 0.018200 0.071600 0.108000 0.118800 0.136200 0.088000 0.120800 0.113700 0.096900 0.083200 0.075900 0.110900 0.089200 0.117700 0.088200 0.087900
AfricanBuf 0.106800 0.392800 0.084000 0.344900 0.102500 0.103400 0.090700 0.119500 0.093700 0.145000 0.101600 0.000000 0.097500 0.097200 0.128500 0.114400 0.141400 0.133700 0.109900 0.100800 0.111400 0.101300 0.142900 0.127600 0.105000 0.117800 0.099600 0.082500 0.112600 0.092000 0.140200 0.092400 0.130300 0.090700 0.088700 0.070200 0.099400 0.093300 0.125400 0.136500 0.146300 0.116100 0.138300 0.127400 0.066500 0.096300 0.103600 0.120700 0.108100 0.121800 0.086700 0.091800
Topi 0.077000 0.403500 0.097900 0.377400 0.083800 0.073600 0.072100 0.092400 0.096700 0.136400 0.068400 0.097500 0.000000 0.089300 0.114400 0.098800 0.125400 0.129100 0.081900 0.107400 0.092100 0.071700 0.134200 0.123000 0.075300 0.098400 0.028300 0.096400 0.086200 0.102300 0.139300 0.079100 0.135200 0.021700 0.049000 0.096600 0.073400 0.074900 0.122500 0.135700 0.145300 0.102300 0.133500 0.115200 0.094700 0.079300 0.082800 0.110500 0.088800 0.109900 0.091500 0.102000
CommonDuik 0.073200 0.410700 0.093900 0.373200 0.085400 0.069900 0.054200 0.084900 0.092800 0.126600 0.071700 0.097200 0.089300 0.000000 0.108400 0.082300 0.125000 0.124900 0.072800 0.110700 0.084600 0.067900 0.135700 0.122500 0.075100 0.087400 0.080600 0.094400 0.082300 0.091000 0.133100 0.026600 0.140200 0.079000 0.073400 0.096400 0.066200 0.076500 0.101800 0.123600 0.122200 0.083900 0.116200 0.107100 0.094500 0.084400 0.071800 0.113800 0.086700 0.120600 0.091100 0.098100
Suni 0.120100 0.426100 0.113300 0.428000 0.117600 0.116600 0.098100 0.121200 0.121600 0.164500 0.116700 0.128500 0.114400 0.108400 0.000000 0.123800 0.149400 0.151500 0.123000 0.138400 0.115100 0.112600 0.166500 0.153100 0.120100 0.128900 0.107200 0.130800 0.112500 0.121700 0.159700 0.101700 0.165100 0.102000 0.096100 0.134900 0.114400 0.110100 0.136800 0.168300 0.168000 0.123500 0.153800 0.146900 0.134700 0.117000 0.107400 0.124700 0.115500 0.149000 0.118200 0.125200
Springbuck 0.093300 0.421900 0.109100 0.396300 0.100200 0.089900 0.068600 0.078000 0.091400 0.150000 0.095500 0.114400 0.098800 0.082300 0.123800 0.000000 0.134900 0.134900 0.101900 0.124300 0.061500 0.095200 0.151700 0.140400 0.098900 0.054000 0.095400 0.113100 0.042000 0.115400 0.149100 0.079200 0.156300 0.088400 0.086300 0.113400 0.100700 0.094700 0.100400 0.145400 0.151100 0.050600 0.141300 0.132400 0.111300 0.093900 0.063200 0.127600 0.103700 0.138200 0.108100 0.118900
Okapi 0.134900 0.405600 0.141100 0.362100 0.122900 0.131500 0.109300 0.130800 0.132500 0.133300 0.129600 0.141400 0.125400 0.125000 0.149400 0.134900 0.000000 0.045100 0.143500 0.151100 0.118900 0.127500 0.119900 0.112400 0.133100 0.132600 0.125900 0.139700 0.135000 0.134600 0.128500 0.123900 0.106300 0.128100 0.107300 0.130700 0.129300 0.121000 0.149800 0.117300 0.125200 0.136600 0.126600 0.119700 0.138200 0.128100 0.111200 0.143500 0.127000 0.125400 0.131000 0.134300
Giraffe 0.126700 0.401500 0.122300 0.371100 0.126600 0.123300 0.108600 0.126800 0.124900 0.127000 0.125800 0.133700 0.129100 0.124900 0.151500 0.134900 0.045100 0.000000 0.139200 0.132100 0.122000 0.121200 0.121000 0.102600 0.129200 0.140100 0.121900 0.120800 0.131200 0.115700 0.126500 0.116300 0.107700 0.121800 0.099100 0.118700 0.127300 0.120900 0.157700 0.107600 0.118800 0.138400 0.120300 0.106300 0.126200 0.128000 0.114200 0.147500 0.132600 0.127100 0.119600 0.122900
TibetanAnt 0.038000 0.415700 0.108200 0.377700 0.094100 0.034700 0.082000 0.099100 0.099800 0.129400 0.036600 0.109900 0.081900 0.072800 0.123000 0.101900 0.143500 0.139200 0.000000 0.106800 0.094900 0.033000 0.134700 0.133700 0.039900 0.101500 0.080300 0.099500 0.096500 0.105400 0.138300 0.073300 0.149500 0.071400 0.065900 0.099300 0.034800 0.085100 0.118000 0.131000 0.134300 0.098000 0.126500 0.122000 0.101000 0.086000 0.089200 0.109800 0.099300 0.127800 0.094600 0.105100
Sitatunga 0.105600 0.412600 0.041400 0.385200 0.116100 0.102200 0.102500 0.123600 0.032300 0.143400 0.096800 0.100800 0.107400 0.110700 0.138400 0.124300 0.151100 0.132100 0.106800 0.000000 0.106500 0.096500 0.137300 0.133800 0.096600 0.116400 0.093000 0.032900 0.118700 0.024700 0.140500 0.102200 0.138200 0.097000 0.091200 0.098000 0.098300 0.099600 0.142600 0.140600 0.148400 0.114700 0.140500 0.118300 0.105200 0.108100 0.106100 0.128700 0.116200 0.131700 0.028200 0.031300
Oribi 0.086300 0.411200 0.107900 0.363100 0.082700 0.082900 0.063500 0.065900 0.088300 0.138900 0.088800 0.111400 0.092100 0.084600 0.115100 0.061500 0.118900 0.122000 0.094900 0.106500 0.000000 0.086400 0.132900 0.129800 0.088600 0.056100 0.090500 0.106400 0.056300 0.101300 0.134800 0.078000 0.147700 0.081400 0.079300 0.102600 0.092300 0.073700 0.093700 0.134800 0.140100 0.054400 0.132200 0.121800 0.104300 0.087200 0.056300 0.109600 0.089500 0.120200 0.097800 0.104700
BarbaryShe 0.024800 0.399600 0.098000 0.375500 0.085700 0.021200 0.064700 0.086900 0.089500 0.122800 0.019900 0.101300 0.071700 0.067900 0.112600 0.095200 0.127500 0.121200 0.033000 0.096500 0.086400 0.000000 0.131800 0.119300 0.023200 0.083900 0.063000 0.089200 0.086200 0.091500 0.135500 0.068400 0.137100 0.061200 0.055800 0.090900 0.018100 0.073200 0.104000 0.126100 0.131500 0.087800 0.123600 0.113300 0.092600 0.079300 0.075400 0.110600 0.088900 0.117400 0.084300 0.082300
Daviddeer 0.137500 0.421400 0.142500 0.387500 0.135600 0.134000 0.126800 0.151300 0.137700 0.066400 0.136600 0.142900 0.134200 0.135700 0.166500 0.151700 0.119900 0.121000 0.134700 0.137300 0.132900 0.131800 0.000000 0.072800 0.140100 0.135800 0.132700 0.137300 0.146000 0.136000 0.069500 0.132900 0.133200 0.123100 0.120800 0.139100 0.134300 0.133600 0.157100 0.077800 0.040000 0.137900 0.064000 0.065500 0.131200 0.138900 0.117400 0.146700 0.116800 0.140000 0.130500 0.135700
Reindeer 0.126800 0.389600 0.135200 0.384800 0.128100 0.123300 0.123600 0.134200 0.130300 0.082700 0.117700 0.127600 0.123000 0.122500 0.153100 0.140400 0.112400 0.102600 0.133700 0.133800 0.129800 0.119300 0.072800 0.000000 0.125000 0.138100 0.125200 0.130000 0.130800 0.120900 0.081400 0.121400 0.129500 0.112300 0.113800 0.124500 0.121100 0.122300 0.161600 0.068000 0.072600 0.138200 0.079600 0.034300 0.120600 0.129400 0.117900 0.161100 0.122500 0.128800 0.124900 0.124400
Ibex 0.028200 0.404800 0.101600 0.375800 0.087500 0.024900 0.072100 0.092500 0.089500 0.123400 0.006600 0.105000 0.075300 0.075100 0.120100 0.098900 0.133100 0.129200 0.039900 0.096600 0.088600 0.023200 0.140100 0.125000 0.000000 0.094900 0.073700 0.092900 0.089900 0.091500 0.135600 0.073800 0.140900 0.068600 0.063100 0.094900 0.021500 0.071400 0.107800 0.122300 0.139700 0.091400 0.124200 0.120900 0.100300 0.086600 0.079300 0.114300 0.092600 0.124900 0.091600 0.091200
GyrantGaze 0.089400 0.420700 0.114100 0.392300 0.098000 0.086000 0.077300 0.079400 0.094700 0.149300 0.091500 0.117800 0.098400 0.087400 0.128900 0.054000 0.132600 0.140100 0.101500 0.116400 0.056100 0.083900 0.135800 0.138100 0.094900 0.000000 0.096900 0.109000 0.048800 0.115000 0.152300 0.084400 0.157700 0.088100 0.086000 0.116600 0.092900 0.089000 0.107300 0.141100 0.146800 0.023100 0.142600 0.128100 0.118300 0.091800 0.063000 0.127100 0.094200 0.118900 0.104100 0.112900
Hartebeest 0.071900 0.385500 0.083700 0.378600 0.094900 0.068500 0.063200 0.092600 0.086000 0.138700 0.066800 0.099600 0.028300 0.080600 0.107200 0.095400 0.125900 0.121900 0.080300 0.093000 0.090500 0.063000 0.132700 0.125200 0.073700 0.096900 0.000000 0.085800 0.084600 0.088000 0.141600 0.073900 0.133600 0.021700 0.047400 0.096900 0.068300 0.082200 0.113500 0.138000 0.141900 0.100700 0.135800 0.113500 0.093100 0.088600 0.081200 0.112700 0.083600 0.112000 0.080900 0.087800
Bongo 0.094600 0.409900 0.034700 0.380300 0.094100 0.094900 0.091500 0.119800 0.026300 0.139600 0.089500 0.082500 0.096400 0.094400 0.130800 0.113100 0.139700 0.120800 0.099500 0.032900 0.106400 0.089200 0.137300 0.130000 0.092900 0.109000 0.085800 0.000000 0.111300 0.024700 0.136700 0.089500 0.138200 0.086000 0.087600 0.076400 0.091000 0.081500 0.137000 0.136800 0.144600 0.107300 0.136700 0.118400 0.087100 0.097100 0.098800 0.117500 0.105000 0.120400 0.021500 0.024600
Gerenuk 0.084300 0.422300 0.109100 0.397300 0.094800 0.080900 0.065100 0.072600 0.093200 0.148100 0.086500 0.112600 0.086200 0.082300 0.112500 0.042000 0.135000 0.131200 0.096500 0.118700 0.056300 0.086200 0.146000 0.130800 0.089900 0.048800 0.084600 0.111300 0.000000 0.109900 0.143300 0.079300 0.148600 0.075800 0.070200 0.104200 0.091600 0.085700 0.094900 0.135800 0.149400 0.045400 0.137500 0.119000 0.109600 0.088500 0.058000 0.121900 0.094500 0.128700 0.102600 0.113300
CommonElan 0.100500 0.400300 0.033100 0.382200 0.103600 0.097100 0.090000 0.107200 0.027300 0.134500 0.091700 0.092000 0.102300 0.091000 0.121700 0.115400 0.134600 0.115700 0.105400 0.024700 0.101300 0.091500 0.136000 0.120900 0.091500 0.115000 0.088000 0.024700 0.109900 0.000000 0.131500 0.089800 0.133100 0.091900 0.089800 0.089300 0.093200 0.087300 0.129900 0.131500 0.135600 0.113300 0.131500 0.113100 0.092900 0.093800 0.093700 0.116000 0.105400 0.122800 0.019900 0.019700
MuntiacusR 0.141200 0.429800 0.140000 0.372400 0.140600 0.137700 0.132400 0.150600 0.133300 0.034600 0.132100 0.140200 0.139300 0.133100 0.159700 0.149100 0.128500 0.126500 0.138300 0.140500 0.134800 0.135500 0.069500 0.081400 0.135600 0.152300 0.141600 0.136700 0.143300 0.131500 0.000000 0.128300 0.140000 0.128700 0.118900 0.140900 0.137300 0.138600 0.160300 0.082800 0.069300 0.146900 0.031400 0.077700 0.136800 0.145900 0.123000 0.153600 0.127500 0.133700 0.129900 0.135100
HarveysDui 0.077300 0.411300 0.085500 0.362900 0.078800 0.073900 0.044100 0.081900 0.087900 0.127500 0.070400 0.092400 0.079100 0.026600 0.101700 0.079200 0.123900 0.116300 0.073300 0.102200 0.078000 0.068400 0.132900 0.121400 0.073800 0.084400 0.073900 0.089500 0.079300 0.089800 0.128300 0.000000 0.135400 0.072400 0.066800 0.089800 0.068400 0.069900 0.106200 0.126400 0.126800 0.084500 0.120800 0.104200 0.089700 0.074200 0.072300 0.107200 0.080000 0.108300 0.086300 0.093200
Pronghorn 0.146500 0.419000 0.135800 0.371900 0.142100 0.143100 0.126300 0.157800 0.142400 0.146700 0.141200 0.130300 0.135200 0.140200 0.165100 0.156300 0.106300 0.107700 0.149500 0.138200 0.147700 0.137100 0.133200 0.129500 0.140900 0.157700 0.133600 0.138200 0.148600 0.133100 0.140000 0.135400 0.000000 0.132100 0.120400 0.127200 0.142700 0.127100 0.167400 0.126900 0.142400 0.155900 0.136200 0.121800 0.130800 0.143500 0.143400 0.143700 0.136700 0.140900 0.137100 0.136600
BlueWildeb 0.066500 0.400800 0.087500 0.380100 0.088000 0.063100 0.061500 0.087400 0.086300 0.129100 0.061700 0.090700 0.021700 0.079000 0.102000 0.088400 0.128100 0.121800 0.071400 0.097000 0.081400 0.061200 0.123100 0.112300 0.068600 0.088100 0.021700 0.086000 0.075800 0.091900 0.128700 0.072400 0.132100 0.000000 0.038700 0.089400 0.066700 0.075300 0.112000 0.125000 0.134100 0.088200 0.126200 0.104500 0.087600 0.079800 0.075800 0.107400 0.078400 0.106800 0.081100 0.091600
Gemsbok 0.061000 0.402800 0.089100 0.376600 0.085900 0.057700 0.059600 0.081700 0.084200 0.123100 0.059700 0.088700 0.049000 0.073400 0.096100 0.086300 0.107300 0.099100 0.065900 0.091200 0.079300 0.055800 0.120800 0.113800 0.063100 0.086000 0.047400 0.087600 0.070200 0.089800 0.118900 0.066800 0.120400 0.038700 0.000000 0.087500 0.061300 0.076900 0.106100 0.118800 0.124300 0.086200 0.116500 0.102300 0.089200 0.070500 0.066600 0.097800 0.076300 0.104600 0.079100 0.089500
Yak 0.098400 0.403100 0.090500 0.381100 0.094400 0.094700 0.082400 0.116400 0.087400 0.141200 0.091500 0.070200 0.096600 0.096400 0.134900 0.113400 0.130700 0.118700 0.099300 0.098000 0.102600 0.090900 0.139100 0.124500 0.094900 0.116600 0.096900 0.076400 0.104200 0.089300 0.140900 0.089800 0.127200 0.089400 0.087500 0.000000 0.093000 0.085300 0.126000 0.125800 0.146300 0.109400 0.134200 0.116800 0.029700 0.099100 0.098600 0.123300 0.110800 0.122600 0.085800 0.090900
BlueSheep 0.029900 0.395800 0.096100 0.372700 0.087500 0.026600 0.073900 0.092400 0.094900 0.121400 0.018200 0.099400 0.073400 0.066200 0.114400 0.100700 0.129300 0.127300 0.034800 0.098300 0.092300 0.018100 0.134300 0.121100 0.021500 0.092900 0.068300 0.091000 0.091600 0.093200 0.137300 0.068400 0.142700 0.066700 0.061300 0.093000 0.000000 0.074900 0.109500 0.120300 0.130100 0.093200 0.122200 0.118900 0.098400 0.084700 0.081100 0.108700 0.090700 0.119200 0.089700 0.087600
BohorReedb 0.080200 0.401700 0.093800 0.365100 0.021400 0.076900 0.062900 0.092000 0.081800 0.135800 0.071600 0.093300 0.074900 0.076500 0.110100 0.094700 0.121000 0.120900 0.085100 0.099600 0.073700 0.073200 0.133600 0.122300 0.071400 0.089000 0.082200 0.081500 0.085700 0.087300 0.138600 0.069900 0.127100 0.075300 0.076900 0.085300 0.074900 0.000000 0.118200 0.127400 0.133200 0.085500 0.125400 0.114600 0.088800 0.084300 0.077100 0.110000 0.092100 0.109300 0.083800 0.087100
KirksDik 0.109500 0.432800 0.134600 0.387700 0.120000 0.106100 0.089900 0.097500 0.124000 0.149600 0.108000 0.125400 0.122500 0.101800 0.136800 0.100400 0.149800 0.157700 0.118000 0.142600 0.093700 0.104000 0.157100 0.161600 0.107800 0.107300 0.113500 0.137000 0.094900 0.129900 0.160300 0.106200 0.167400 0.112000 0.106100 0.126000 0.109500 0.118200 0.000000 0.158600 0.162500 0.103800 0.146600 0.149300 0.122200 0.117600 0.077100 0.144300 0.120200 0.155100 0.122500 0.129600
RoeDeer 0.131800 0.415100 0.142000 0.389000 0.129300 0.128300 0.124800 0.148900 0.133300 0.076900 0.118800 0.136500 0.135700 0.123600 0.168300 0.145400 0.117300 0.107600 0.131000 0.140600 0.134800 0.126100 0.077800 0.068000 0.122300 0.141100 0.138000 0.136800 0.135800 0.131500 0.082800 0.126400 0.126900 0.125000 0.118800 0.125800 0.120300 0.127400 0.158600 0.000000 0.077600 0.135500 0.070200 0.064300 0.129400 0.142300 0.122900 0.152100 0.131500 0.129900 0.131800 0.138900
WhiteLippe 0.137100 0.414600 0.140300 0.383800 0.139000 0.133700 0.128300 0.149000 0.145000 0.063400 0.136200 0.146300 0.145300 0.122200 0.168000 0.151100 0.125200 0.118800 0.134300 0.148400 0.140100 0.131500 0.040000 0.072600 0.139700 0.146800 0.141900 0.144600 0.149400 0.135600 0.069300 0.126800 0.142400 0.134100 0.124300 0.146300 0.130100 0.133200 0.162500 0.077600 0.000000 0.145100 0.055100 0.068900 0.130900 0.148100 0.113300 0.158000 0.133500 0.139600 0.139700 0.139200
ThomsonGaz 0.085900 0.413000 0.112500 0.396200 0.098200 0.082500 0.077400 0.081500 0.093000 0.143900 0.088000 0.116100 0.102300 0.083900 0.123500 0.050600 0.136600 0.138400 0.098000 0.114700 0.054400 0.087800 0.137900 0.138200 0.091400 0.023100 0.100700 0.107300 0.045400 0.113300 0.146900 0.084500 0.155900 0.088200 0.086200 0.109400 0.093200 0.085500 0.103800 0.135500 0.145100 0.000000 0.133400 0.122600 0.116600 0.092000 0.064900 0.121700 0.088900 0.124700 0.102400 0.113000
MuntiacusC 0.129200 0.412700 0.134300 0.372800 0.131000 0.125800 0.122400 0.144700 0.133300 0.019200 0.120800 0.138300 0.133500 0.116200 0.153800 0.141300 0.126600 0.120300 0.126500 0.140500 0.132200 0.123600 0.064000 0.079600 0.124200 0.142600 0.135800 0.136700 0.137500 0.131500 0.031400 0.120800 0.136200 0.126200 0.116500 0.134200 0.122200 0.125400 0.146600 0.070200 0.055100 0.133400 0.000000 0.068700 0.130500 0.140000 0.120500 0.149700 0.125600 0.135500 0.128000 0.131300
WhiteTaile 0.118900 0.397000 0.123500 0.369900 0.120300 0.115400 0.108200 0.131800 0.118700 0.079000 0.113700 0.127400 0.115200 0.107100 0.146900 0.132400 0.119700 0.106300 0.122000 0.118300 0.121800 0.113300 0.065500 0.034300 0.120900 0.128100 0.113500 0.118400 0.119000 0.113100 0.077700 0.104200 0.121800 0.104500 0.102300 0.116800 0.118900 0.114600 0.149300 0.064300 0.068900 0.122600 0.068700 0.000000 0.116600 0.121500 0.110000 0.144900 0.110800 0.113300 0.113400 0.120400
Cattle 0.099800 0.396900 0.090400 0.385800 0.094300 0.096400 0.082300 0.112600 0.094600 0.129700 0.096900 0.066500 0.094700 0.094500 0.134700 0.111300 0.138200 0.126200 0.101000 0.105200 0.104300 0.092600 0.131200 0.120600 0.100300 0.118300 0.093100 0.087100 0.109600 0.092900 0.136800 0.089700 0.130800 0.087600 0.089200 0.029700 0.098400 0.088800 0.122200 0.129400 0.130900 0.116600 0.130500 0.116600 0.000000 0.100800 0.093000 0.119400 0.112500 0.126200 0.093000 0.094500
RoyalAntel 0.084700 0.402200 0.102200 0.378000 0.093400 0.081300 0.070700 0.091200 0.093700 0.144900 0.083200 0.096300 0.079300 0.084400 0.117000 0.093900 0.128100 0.128000 0.086000 0.108100 0.087200 0.079300 0.138900 0.129400 0.086600 0.091800 0.088600 0.097100 0.088500 0.093800 0.145900 0.074200 0.143500 0.079800 0.070500 0.099100 0.084700 0.084300 0.117600 0.142300 0.148100 0.092000 0.140000 0.121500 0.100800 0.000000 0.074300 0.101800 0.078400 0.116100 0.088400 0.099100
Steenbok 0.077100 0.404200 0.100200 0.366600 0.078800 0.073800 0.061500 0.058500 0.088100 0.123500 0.075900 0.103600 0.082800 0.071800 0.107400 0.063200 0.111200 0.114200 0.089200 0.106100 0.056300 0.075400 0.117400 0.117900 0.079300 0.063000 0.081200 0.098800 0.058000 0.093700 0.123000 0.072300 0.143400 0.075800 0.066600 0.098600 0.081100 0.077100 0.077100 0.122900 0.113300 0.064900 0.120500 0.110000 0.093000 0.074300 0.000000 0.105500 0.083800 0.112300 0.090100 0.097100
Impala 0.116100 0.405600 0.122600 0.411700 0.115600 0.112700 0.103600 0.123100 0.114000 0.150500 0.110900 0.120700 0.110500 0.113800 0.124700 0.127600 0.143500 0.147500 0.109800 0.128700 0.109600 0.110600 0.146700 0.161100 0.114300 0.127100 0.112700 0.117500 0.121900 0.116000 0.153600 0.107200 0.143700 0.107400 0.097800 0.123300 0.108700 0.110000 0.144300 0.152100 0.158000 0.121700 0.149700 0.144900 0.119400 0.101800 0.105500 0.000000 0.110000 0.139000 0.105000 0.119500
Klipspring 0.090700 0.408200 0.110100 0.375500 0.095800 0.087200 0.076500 0.102900 0.097900 0.126700 0.089200 0.108100 0.088800 0.086700 0.115500 0.103700 0.127000 0.132600 0.099300 0.116200 0.089500 0.088900 0.116800 0.122500 0.092600 0.094200 0.083600 0.105000 0.094500 0.105400 0.127500 0.080000 0.136700 0.078400 0.076300 0.110800 0.090700 0.092100 0.120200 0.131500 0.133500 0.088900 0.125600 0.110800 0.112500 0.078400 0.083800 0.110000 0.000000 0.116800 0.092600 0.107000
ForestMusk 0.122900 0.430200 0.125600 0.351800 0.109300 0.119400 0.114100 0.137800 0.120700 0.146000 0.117700 0.121800 0.109900 0.120600 0.149000 0.138200 0.125400 0.127100 0.127800 0.131700 0.120200 0.117400 0.140000 0.128800 0.124900 0.118900 0.112000 0.120400 0.128700 0.122800 0.133700 0.108300 0.140900 0.106800 0.104600 0.122600 0.119200 0.109300 0.155100 0.129900 0.139600 0.124700 0.135500 0.113300 0.126200 0.116100 0.112300 0.139000 0.116800 0.000000 0.119200 0.126200
Bushbuck 0.097000 0.395000 0.026400 0.382800 0.092900 0.093600 0.079300 0.107300 0.021500 0.130900 0.088200 0.086700 0.091500 0.091100 0.118200 0.108100 0.131000 0.119600 0.094600 0.028200 0.097800 0.084300 0.130500 0.124900 0.091600 0.104100 0.080900 0.021500 0.102600 0.019900 0.129900 0.086300 0.137100 0.081100 0.079100 0.085800 0.089700 0.083800 0.122500 0.131800 0.139700 0.102400 0.128000 0.113400 0.093000 0.088400 0.090100 0.105000 0.092600 0.119200 0.000000 0.016500
GreaterKud 0.100300 0.404600 0.029700 0.378700 0.099700 0.096900 0.086200 0.112600 0.028000 0.130500 0.087900 0.091800 0.102000 0.098100 0.125200 0.118900 0.134300 0.122900 0.105100 0.031300 0.104700 0.082300 0.135700 0.124400 0.091200 0.112900 0.087800 0.024600 0.113300 0.019700 0.135100 0.093200 0.136600 0.091600 0.089500 0.090900 0.087600 0.087100 0.129600 0.138900 0.139200 0.113000 0.131300 0.120400 0.094500 0.099100 0.097100 0.119500 0.107000 0.126200 0.016500 0.000000
