CODONML (in paml version 4.10.7, June 2023)  /home/rachel/ruminants_paml/6406-phy-tree/ENSBTAT00000061356.fasta.phy
Model: free dN/dS Ratios for branches,  kappa = 2.000 fixed

Codon frequency model: F3x4
ns =  54  ls =  37

Codon usage in sequences
--------------------------------------------------------------------------------------------------------------------------------------
Phe TTT   0   0   0   0   0   0 | Ser TCT   0   0   0   0   0   0 | Tyr TAT   0   0   0   0   0   0 | Cys TGT   2   2   3   3   3   3
    TTC   0   0   0   0   0   0 |     TCC   0   0   0   0   0   0 |     TAC   1   1   1   1   1   1 |     TGC   5   5   4   4   4   4
Leu TTA   0   0   0   0   0   0 |     TCA   0   0   0   0   0   0 | *** TAA   0   0   0   0   0   0 | *** TGA   0   0   0   0   0   0
    TTG   0   0   0   0   0   0 |     TCG   0   0   0   0   0   0 |     TAG   0   0   0   0   0   0 | Trp TGG   0   0   0   0   0   0
--------------------------------------------------------------------------------------------------------------------------------------
Leu CTT   1   1   1   1   1   1 | Pro CCT   2   3   2   2   2   3 | His CAT   2   2   2   2   2   2 | Arg CGT   0   0   0   0   0   0
    CTC   0   0   0   0   0   0 |     CCC   1   0   1   1   0   0 |     CAC   2   2   2   2   2   2 |     CGC   0   0   0   0   0   0
    CTA   1   1   1   1   1   1 |     CCA   1   1   1   1   1   1 | Gln CAA   0   0   0   0   0   0 |     CGA   0   0   0   0   0   0
    CTG   0   0   0   0   0   0 |     CCG   0   0   0   0   1   0 |     CAG   2   2   2   2   2   2 |     CGG   0   0   0   0   0   0
--------------------------------------------------------------------------------------------------------------------------------------
Ile ATT   0   0   0   0   0   0 | Thr ACT   0   0   0   0   0   0 | Asn AAT   0   0   0   0   0   0 | Ser AGT   1   1   1   1   1   1
    ATC   1   1   1   1   1   1 |     ACC   0   0   0   0   0   0 |     AAC   2   2   2   2   2   2 |     AGC   1   1   1   1   1   1
    ATA   0   0   0   0   0   0 |     ACA   0   0   0   0   0   0 | Lys AAA   0   0   0   0   0   0 | Arg AGA   0   0   0   0   0   0
Met ATG   1   1   1   1   1   1 |     ACG   1   1   1   1   1   1 |     AAG   3   3   3   3   3   3 |     AGG   0   0   0   0   0   0
--------------------------------------------------------------------------------------------------------------------------------------
Val GTT   0   0   0   0   0   0 | Ala GCT   1   1   1   1   1   1 | Asp GAT   1   1   1   1   1   1 | Gly GGT   1   0   1   1   1   1
    GTC   0   0   0   0   0   0 |     GCC   0   1   0   0   0   0 |     GAC   0   0   0   0   0   0 |     GGC   1   2   1   1   0   1
    GTA   0   0   0   0   0   0 |     GCA   0   0   0   1   0   0 | Glu GAA   1   1   1   1   1   1 |     GGA   0   0   0   0   0   0
    GTG   1   1   1   1   1   1 |     GCG   1   0   1   0   1   1 |     GAG   0   0   0   0   0   0 |     GGG   0   0   0   0   1   0
--------------------------------------------------------------------------------------------------------------------------------------

--------------------------------------------------------------------------------------------------------------------------------------
Phe TTT   0   0   0   0   0   0 | Ser TCT   0   0   0   0   0   0 | Tyr TAT   0   0   0   0   0   0 | Cys TGT   2   2   2   2   3   1
    TTC   0   0   0   0   0   0 |     TCC   0   0   0   0   0   0 |     TAC   1   1   1   1   1   1 |     TGC   5   5   5   5   4   6
Leu TTA   0   0   0   0   0   0 |     TCA   0   0   0   0   0   0 | *** TAA   0   0   0   0   0   0 | *** TGA   0   0   0   0   0   0
    TTG   0   0   0   0   0   0 |     TCG   0   0   0   0   0   0 |     TAG   0   0   0   0   0   0 | Trp TGG   0   0   0   0   0   0
--------------------------------------------------------------------------------------------------------------------------------------
Leu CTT   1   1   1   1   1   1 | Pro CCT   2   2   2   2   2   2 | His CAT   2   2   2   2   2   2 | Arg CGT   0   0   0   0   0   0
    CTC   0   0   0   0   0   0 |     CCC   1   1   1   1   1   0 |     CAC   2   2   2   2   2   2 |     CGC   0   0   0   0   0   0
    CTA   1   1   1   1   1   1 |     CCA   1   1   1   1   1   1 | Gln CAA   0   0   0   0   0   0 |     CGA   0   0   0   0   0   0
    CTG   0   0   0   0   0   0 |     CCG   0   0   0   0   0   1 |     CAG   2   2   2   2   2   2 |     CGG   0   0   0   0   0   0
--------------------------------------------------------------------------------------------------------------------------------------
Ile ATT   0   0   0   0   0   0 | Thr ACT   0   0   0   0   0   0 | Asn AAT   0   0   0   0   0   0 | Ser AGT   1   1   1   1   1   1
    ATC   1   1   1   1   1   1 |     ACC   0   0   0   0   0   0 |     AAC   2   2   2   2   2   2 |     AGC   1   1   1   1   1   1
    ATA   0   0   0   0   0   0 |     ACA   0   0   0   0   0   0 | Lys AAA   0   0   0   0   0   0 | Arg AGA   0   0   0   0   0   0
Met ATG   1   1   1   1   1   1 |     ACG   1   1   1   1   1   1 |     AAG   3   3   3   3   3   3 |     AGG   0   0   0   0   0   0
--------------------------------------------------------------------------------------------------------------------------------------
Val GTT   0   0   0   0   0   0 | Ala GCT   1   1   1   1   1   1 | Asp GAT   1   1   1   1   1   1 | Gly GGT   1   1   1   0   1   1
    GTC   0   0   0   0   0   0 |     GCC   0   0   0   0   0   0 |     GAC   0   0   0   0   0   0 |     GGC   1   1   1   2   1   1
    GTA   0   0   0   0   0   0 |     GCA   0   0   0   0   0   0 | Glu GAA   1   1   1   1   1   1 |     GGA   0   0   0   0   0   0
    GTG   1   1   1   1   1   1 |     GCG   1   1   1   1   1   1 |     GAG   0   0   0   0   0   0 |     GGG   0   0   0   0   0   0
--------------------------------------------------------------------------------------------------------------------------------------

--------------------------------------------------------------------------------------------------------------------------------------
Phe TTT   0   0   0   0   0   0 | Ser TCT   0   0   0   0   0   0 | Tyr TAT   0   0   0   0   0   0 | Cys TGT   2   1   2   1   3   2
    TTC   0   0   0   0   0   0 |     TCC   0   0   0   0   0   0 |     TAC   1   1   1   1   1   1 |     TGC   5   6   5   6   4   5
Leu TTA   0   0   0   0   0   0 |     TCA   0   0   0   0   0   0 | *** TAA   0   0   0   0   0   0 | *** TGA   0   0   0   0   0   0
    TTG   0   0   0   0   0   0 |     TCG   0   0   0   0   0   0 |     TAG   0   0   0   0   0   0 | Trp TGG   0   0   0   0   0   0
--------------------------------------------------------------------------------------------------------------------------------------
Leu CTT   1   1   1   1   1   1 | Pro CCT   2   2   2   2   2   2 | His CAT   2   2   2   2   2   2 | Arg CGT   0   0   0   0   0   0
    CTC   0   0   0   0   0   0 |     CCC   1   1   1   1   1   1 |     CAC   2   2   2   2   2   2 |     CGC   0   0   0   0   0   0
    CTA   1   1   1   1   1   1 |     CCA   1   1   1   1   1   1 | Gln CAA   0   0   0   0   0   0 |     CGA   0   0   0   0   0   0
    CTG   0   0   0   0   0   0 |     CCG   0   0   0   0   0   0 |     CAG   2   2   2   2   2   2 |     CGG   0   0   0   0   0   0
--------------------------------------------------------------------------------------------------------------------------------------
Ile ATT   0   0   0   0   0   0 | Thr ACT   0   0   0   0   0   0 | Asn AAT   0   0   0   0   0   0 | Ser AGT   1   1   1   1   1   1
    ATC   1   1   1   1   1   1 |     ACC   0   0   0   0   0   0 |     AAC   2   2   2   2   2   2 |     AGC   1   1   1   1   1   1
    ATA   0   0   0   0   0   0 |     ACA   0   0   0   0   0   0 | Lys AAA   0   0   0   0   0   0 | Arg AGA   0   0   0   0   0   0
Met ATG   1   1   1   1   1   1 |     ACG   1   1   1   1   1   1 |     AAG   3   3   3   3   3   3 |     AGG   0   0   0   0   0   0
--------------------------------------------------------------------------------------------------------------------------------------
Val GTT   0   0   0   0   0   0 | Ala GCT   1   1   1   1   1   1 | Asp GAT   1   1   0   1   1   1 | Gly GGT   1   1   0   1   1   0
    GTC   0   0   0   0   0   0 |     GCC   0   0   0   0   0   0 |     GAC   0   0   1   0   0   0 |     GGC   1   1   2   1   1   2
    GTA   0   0   0   0   0   0 |     GCA   0   0   0   0   0   0 | Glu GAA   1   1   1   1   1   1 |     GGA   0   0   0   0   0   0
    GTG   1   1   1   1   1   1 |     GCG   1   1   1   1   1   1 |     GAG   0   0   0   0   0   0 |     GGG   0   0   0   0   0   0
--------------------------------------------------------------------------------------------------------------------------------------

--------------------------------------------------------------------------------------------------------------------------------------
Phe TTT   0   0   0   0   0   0 | Ser TCT   0   0   0   0   0   0 | Tyr TAT   0   0   0   0   0   0 | Cys TGT   3   3   2   3   2   2
    TTC   0   0   0   0   0   0 |     TCC   0   0   0   0   0   0 |     TAC   1   1   1   1   1   1 |     TGC   4   4   5   4   5   5
Leu TTA   0   0   0   0   0   0 |     TCA   0   0   0   0   0   0 | *** TAA   0   0   0   0   0   0 | *** TGA   0   0   0   0   0   0
    TTG   0   0   0   0   0   0 |     TCG   0   0   0   0   0   0 |     TAG   0   0   0   0   0   0 | Trp TGG   0   0   0   0   0   0
--------------------------------------------------------------------------------------------------------------------------------------
Leu CTT   1   1   1   1   1   1 | Pro CCT   2   2   2   2   2   2 | His CAT   3   2   2   2   2   2 | Arg CGT   0   0   0   0   0   0
    CTC   0   0   0   0   0   0 |     CCC   1   1   1   1   1   1 |     CAC   1   2   2   2   2   2 |     CGC   0   0   0   0   0   0
    CTA   1   1   1   1   1   1 |     CCA   1   1   1   1   1   1 | Gln CAA   0   0   0   0   0   0 |     CGA   0   0   0   0   0   0
    CTG   0   0   0   0   0   0 |     CCG   0   0   0   0   0   0 |     CAG   2   2   2   2   2   2 |     CGG   0   0   0   0   0   0
--------------------------------------------------------------------------------------------------------------------------------------
Ile ATT   0   0   0   0   0   0 | Thr ACT   0   0   0   0   0   0 | Asn AAT   0   0   0   0   0   0 | Ser AGT   1   1   1   1   1   1
    ATC   1   1   1   1   1   1 |     ACC   0   0   0   0   0   0 |     AAC   2   2   2   2   2   2 |     AGC   1   1   1   1   1   1
    ATA   0   0   0   0   0   0 |     ACA   0   0   0   0   0   0 | Lys AAA   0   0   0   0   0   0 | Arg AGA   0   0   0   0   0   0
Met ATG   1   1   1   1   1   1 |     ACG   1   1   1   1   1   1 |     AAG   3   3   3   3   3   3 |     AGG   0   0   0   0   0   0
--------------------------------------------------------------------------------------------------------------------------------------
Val GTT   0   0   0   0   0   0 | Ala GCT   2   1   1   1   1   1 | Asp GAT   1   1   1   1   1   1 | Gly GGT   1   1   1   1   0   1
    GTC   0   0   0   0   0   0 |     GCC   0   0   0   0   0   0 |     GAC   0   0   0   0   0   0 |     GGC   1   1   1   1   2   1
    GTA   0   0   0   0   0   0 |     GCA   0   1   0   0   0   0 | Glu GAA   1   1   1   1   1   1 |     GGA   0   0   0   0   0   0
    GTG   1   1   1   1   1   1 |     GCG   0   0   1   1   1   1 |     GAG   0   0   0   0   0   0 |     GGG   0   0   0   0   0   0
--------------------------------------------------------------------------------------------------------------------------------------

--------------------------------------------------------------------------------------------------------------------------------------
Phe TTT   0   0   0   0   0   0 | Ser TCT   0   0   0   0   0   0 | Tyr TAT   0   0   0   0   0   0 | Cys TGT   2   2   2   2   1   3
    TTC   0   0   0   0   0   0 |     TCC   0   0   0   0   0   0 |     TAC   1   1   1   1   1   1 |     TGC   5   5   5   5   6   4
Leu TTA   0   0   0   0   0   0 |     TCA   0   0   0   0   0   0 | *** TAA   0   0   0   0   0   0 | *** TGA   0   0   0   0   0   0
    TTG   0   0   0   0   0   0 |     TCG   0   0   0   1   0   0 |     TAG   0   0   0   0   0   0 | Trp TGG   0   0   0   0   0   0
--------------------------------------------------------------------------------------------------------------------------------------
Leu CTT   1   1   1   1   1   1 | Pro CCT   2   2   2   2   2   2 | His CAT   2   2   2   1   2   2 | Arg CGT   0   0   0   0   0   0
    CTC   0   0   0   0   0   0 |     CCC   1   0   1   1   1   1 |     CAC   2   2   2   3   2   2 |     CGC   0   0   0   0   0   0
    CTA   1   1   1   1   1   1 |     CCA   1   1   1   1   1   1 | Gln CAA   0   0   0   0   0   0 |     CGA   0   0   0   0   0   0
    CTG   0   0   0   0   0   0 |     CCG   0   1   0   0   0   0 |     CAG   2   2   2   2   2   2 |     CGG   0   0   0   0   0   0
--------------------------------------------------------------------------------------------------------------------------------------
Ile ATT   0   0   0   0   0   0 | Thr ACT   0   0   0   0   0   0 | Asn AAT   0   0   0   0   0   0 | Ser AGT   1   1   1   1   1   1
    ATC   1   1   1   1   1   1 |     ACC   0   0   0   0   0   0 |     AAC   2   2   2   2   2   2 |     AGC   1   1   1   1   1   1
    ATA   0   0   0   0   0   0 |     ACA   0   0   0   0   0   0 | Lys AAA   0   0   0   0   0   0 | Arg AGA   0   0   0   0   0   0
Met ATG   1   1   1   1   1   1 |     ACG   1   1   1   0   1   1 |     AAG   3   3   3   3   3   3 |     AGG   0   0   0   0   0   0
--------------------------------------------------------------------------------------------------------------------------------------
Val GTT   0   0   0   0   0   0 | Ala GCT   1   1   1   1   1   1 | Asp GAT   1   1   1   1   0   1 | Gly GGT   1   1   1   0   0   1
    GTC   0   0   0   0   0   0 |     GCC   0   0   0   0   0   0 |     GAC   0   0   0   0   1   0 |     GGC   1   1   1   2   2   1
    GTA   0   0   0   0   0   0 |     GCA   0   0   0   0   0   0 | Glu GAA   1   1   1   1   1   1 |     GGA   0   0   0   0   0   0
    GTG   1   1   1   1   1   1 |     GCG   1   1   1   1   1   1 |     GAG   0   0   0   0   0   0 |     GGG   0   0   0   0   0   0
--------------------------------------------------------------------------------------------------------------------------------------

--------------------------------------------------------------------------------------------------------------------------------------
Phe TTT   0   0   0   0   0   0 | Ser TCT   0   0   0   0   0   0 | Tyr TAT   0   0   0   0   0   0 | Cys TGT   2   3   1   2   2   2
    TTC   0   0   0   0   0   0 |     TCC   0   0   0   0   0   0 |     TAC   1   1   1   1   1   1 |     TGC   5   4   6   5   5   5
Leu TTA   0   0   0   0   0   0 |     TCA   0   0   0   0   0   0 | *** TAA   0   0   0   0   0   0 | *** TGA   0   0   0   0   0   0
    TTG   0   0   0   0   0   0 |     TCG   0   0   0   0   0   0 |     TAG   0   0   0   0   0   0 | Trp TGG   0   0   0   0   0   0
--------------------------------------------------------------------------------------------------------------------------------------
Leu CTT   1   1   1   1   1   1 | Pro CCT   2   2   2   2   2   2 | His CAT   2   2   2   2   2   2 | Arg CGT   0   0   0   0   0   0
    CTC   0   0   0   0   0   0 |     CCC   1   1   0   1   1   1 |     CAC   2   2   2   2   2   2 |     CGC   0   0   0   0   0   0
    CTA   1   1   1   1   1   1 |     CCA   1   1   1   1   1   1 | Gln CAA   0   0   0   0   0   0 |     CGA   0   0   0   0   0   0
    CTG   0   0   0   0   0   0 |     CCG   0   0   1   0   0   0 |     CAG   2   2   2   2   2   2 |     CGG   0   0   0   0   0   0
--------------------------------------------------------------------------------------------------------------------------------------
Ile ATT   0   0   0   0   0   0 | Thr ACT   0   0   0   0   0   0 | Asn AAT   0   0   0   0   0   0 | Ser AGT   1   1   0   1   1   1
    ATC   1   1   1   1   1   1 |     ACC   0   0   0   0   0   0 |     AAC   2   2   2   2   2   2 |     AGC   1   1   2   1   1   1
    ATA   0   0   0   0   0   0 |     ACA   0   0   0   0   0   0 | Lys AAA   0   0   0   0   0   0 | Arg AGA   0   0   0   0   0   0
Met ATG   1   1   1   1   1   1 |     ACG   1   1   1   1   0   1 |     AAG   3   3   3   3   3   3 |     AGG   0   0   0   0   0   0
--------------------------------------------------------------------------------------------------------------------------------------
Val GTT   0   0   0   0   0   0 | Ala GCT   1   1   1   1   1   1 | Asp GAT   1   1   1   1   0   0 | Gly GGT   0   1   1   1   1   0
    GTC   0   0   0   0   0   0 |     GCC   0   0   0   0   0   0 |     GAC   0   0   0   0   1   1 |     GGC   2   1   1   1   1   2
    GTA   0   0   0   0   0   0 |     GCA   0   0   0   0   0   0 | Glu GAA   1   1   1   1   1   1 |     GGA   0   0   0   0   0   0
    GTG   1   1   1   1   1   1 |     GCG   1   1   1   1   2   1 |     GAG   0   0   0   0   0   0 |     GGG   0   0   0   0   0   0
--------------------------------------------------------------------------------------------------------------------------------------

--------------------------------------------------------------------------------------------------------------------------------------
Phe TTT   0   0   0   0   0   0 | Ser TCT   0   0   0   0   0   0 | Tyr TAT   0   0   0   0   0   0 | Cys TGT   2   3   2   2   2   1
    TTC   0   0   0   0   0   0 |     TCC   0   0   0   0   0   0 |     TAC   1   1   1   1   1   1 |     TGC   5   4   5   5   5   6
Leu TTA   0   0   0   0   0   0 |     TCA   0   0   0   0   0   0 | *** TAA   0   0   0   0   0   0 | *** TGA   0   0   0   0   0   0
    TTG   0   0   0   0   0   0 |     TCG   0   0   0   0   0   0 |     TAG   0   0   0   0   0   0 | Trp TGG   0   0   0   0   0   0
--------------------------------------------------------------------------------------------------------------------------------------
Leu CTT   1   1   1   0   1   0 | Pro CCT   2   2   2   2   2   2 | His CAT   2   2   2   1   2   2 | Arg CGT   0   0   0   0   0   0
    CTC   0   0   0   1   0   0 |     CCC   1   1   1   1   1   0 |     CAC   2   2   2   3   2   2 |     CGC   0   0   0   0   0   0
    CTA   1   1   1   1   1   1 |     CCA   1   1   1   1   1   1 | Gln CAA   0   0   0   0   0   0 |     CGA   0   0   0   0   0   0
    CTG   0   0   0   0   0   1 |     CCG   0   0   0   0   0   1 |     CAG   2   2   2   2   2   2 |     CGG   0   0   0   0   0   0
--------------------------------------------------------------------------------------------------------------------------------------
Ile ATT   0   0   0   0   0   0 | Thr ACT   0   0   0   0   0   0 | Asn AAT   0   0   0   0   0   0 | Ser AGT   1   1   1   1   0   1
    ATC   1   1   1   1   1   1 |     ACC   0   0   0   0   0   0 |     AAC   2   2   2   2   2   2 |     AGC   1   1   1   1   2   1
    ATA   0   0   0   0   0   0 |     ACA   0   0   0   0   0   0 | Lys AAA   0   0   0   0   0   0 | Arg AGA   0   0   0   0   0   0
Met ATG   1   1   1   1   1   1 |     ACG   1   1   1   1   1   0 |     AAG   3   3   3   3   3   3 |     AGG   0   0   0   0   0   0
--------------------------------------------------------------------------------------------------------------------------------------
Val GTT   0   0   0   0   0   0 | Ala GCT   1   1   1   1   0   0 | Asp GAT   1   1   1   1   1   1 | Gly GGT   0   1   1   1   0   0
    GTC   0   0   0   0   0   0 |     GCC   0   0   0   0   2   1 |     GAC   0   0   0   0   0   0 |     GGC   2   1   1   1   2   2
    GTA   0   0   0   0   0   0 |     GCA   0   0   0   0   0   0 | Glu GAA   1   1   1   1   1   1 |     GGA   0   0   0   0   0   0
    GTG   1   1   1   1   1   1 |     GCG   1   1   1   1   0   2 |     GAG   0   0   0   0   0   0 |     GGG   0   0   0   0   0   0
--------------------------------------------------------------------------------------------------------------------------------------

--------------------------------------------------------------------------------------------------------------------------------------
Phe TTT   0   0   0   0   0   0 | Ser TCT   0   0   0   0   0   0 | Tyr TAT   0   0   0   0   0   0 | Cys TGT   2   2   1   1   3   2
    TTC   0   0   0   0   0   0 |     TCC   0   0   0   0   0   0 |     TAC   1   1   1   1   1   1 |     TGC   5   5   6   6   4   5
Leu TTA   0   0   0   0   0   0 |     TCA   0   0   0   0   0   0 | *** TAA   0   0   0   0   0   0 | *** TGA   0   0   0   0   0   0
    TTG   0   0   0   0   0   0 |     TCG   0   1   0   0   0   0 |     TAG   0   0   0   0   0   0 | Trp TGG   0   0   0   0   0   0
--------------------------------------------------------------------------------------------------------------------------------------
Leu CTT   1   1   1   1   1   1 | Pro CCT   2   2   2   2   2   2 | His CAT   2   2   2   2   2   2 | Arg CGT   0   0   0   0   0   0
    CTC   0   0   0   0   0   0 |     CCC   1   1   0   0   1   1 |     CAC   2   2   2   2   2   2 |     CGC   0   0   0   0   0   0
    CTA   1   1   1   1   1   1 |     CCA   1   1   1   1   1   1 | Gln CAA   0   0   0   0   0   0 |     CGA   0   0   0   0   0   0
    CTG   0   0   0   0   0   0 |     CCG   0   0   1   1   0   0 |     CAG   2   2   2   2   2   2 |     CGG   0   0   0   0   0   0
--------------------------------------------------------------------------------------------------------------------------------------
Ile ATT   0   0   0   0   0   0 | Thr ACT   0   0   0   0   0   0 | Asn AAT   0   0   0   0   0   0 | Ser AGT   1   1   1   1   1   1
    ATC   1   1   1   1   1   1 |     ACC   0   0   0   0   0   0 |     AAC   2   2   2   2   2   2 |     AGC   1   1   1   1   1   1
    ATA   0   0   0   0   0   0 |     ACA   0   0   0   0   0   0 | Lys AAA   0   0   0   0   0   0 | Arg AGA   0   0   0   0   0   0
Met ATG   1   1   1   1   1   1 |     ACG   1   0   1   1   1   1 |     AAG   3   3   3   3   3   3 |     AGG   0   0   0   0   0   0
--------------------------------------------------------------------------------------------------------------------------------------
Val GTT   0   0   0   0   0   0 | Ala GCT   1   1   1   1   1   1 | Asp GAT   1   1   1   1   1   1 | Gly GGT   1   0   1   1   1   1
    GTC   0   0   0   0   0   0 |     GCC   0   0   0   0   0   0 |     GAC   0   0   0   0   0   0 |     GGC   1   2   1   1   1   1
    GTA   0   0   0   0   0   0 |     GCA   0   0   0   0   0   0 | Glu GAA   1   1   1   1   1   1 |     GGA   0   0   0   0   0   0
    GTG   1   1   1   1   1   1 |     GCG   1   1   1   1   1   1 |     GAG   0   0   0   0   0   0 |     GGG   0   0   0   0   0   0
--------------------------------------------------------------------------------------------------------------------------------------

--------------------------------------------------------------------------------------------------------------------------------------
Phe TTT   0   0   0   0   0   0 | Ser TCT   0   0   0   0   0   0 | Tyr TAT   0   0   0   0   0   0 | Cys TGT   2   3   2   3   3   3
    TTC   0   0   0   0   0   0 |     TCC   0   0   0   0   0   0 |     TAC   1   1   1   1   1   1 |     TGC   5   4   5   4   4   4
Leu TTA   0   0   0   0   0   0 |     TCA   0   0   0   0   0   0 | *** TAA   0   0   0   0   0   0 | *** TGA   0   0   0   0   0   0
    TTG   0   0   0   0   0   0 |     TCG   0   0   0   0   0   0 |     TAG   0   0   0   0   0   0 | Trp TGG   0   0   0   0   0   0
--------------------------------------------------------------------------------------------------------------------------------------
Leu CTT   1   1   1   1   1   1 | Pro CCT   2   2   3   2   2   2 | His CAT   2   2   2   2   2   2 | Arg CGT   0   0   0   0   0   0
    CTC   0   0   0   0   0   0 |     CCC   1   1   0   1   1   1 |     CAC   2   2   2   2   2   2 |     CGC   0   0   0   0   0   0
    CTA   1   1   1   1   1   1 |     CCA   1   1   1   1   1   1 | Gln CAA   0   0   0   0   0   0 |     CGA   0   0   0   0   0   0
    CTG   0   0   0   0   0   0 |     CCG   0   0   0   0   0   0 |     CAG   2   2   2   2   2   2 |     CGG   0   0   0   0   0   0
--------------------------------------------------------------------------------------------------------------------------------------
Ile ATT   0   0   0   0   0   0 | Thr ACT   0   0   0   0   0   0 | Asn AAT   0   0   0   0   0   0 | Ser AGT   0   1   1   1   1   1
    ATC   1   1   1   1   1   1 |     ACC   0   0   0   0   0   0 |     AAC   2   2   2   2   2   2 |     AGC   2   1   1   1   1   1
    ATA   0   0   0   0   0   0 |     ACA   0   0   0   0   0   0 | Lys AAA   0   0   0   0   0   0 | Arg AGA   0   0   0   0   0   0
Met ATG   1   1   1   1   1   1 |     ACG   1   1   1   1   1   1 |     AAG   3   3   3   3   3   3 |     AGG   0   0   0   0   0   0
--------------------------------------------------------------------------------------------------------------------------------------
Val GTT   0   0   0   0   0   0 | Ala GCT   1   1   1   1   1   1 | Asp GAT   1   1   1   1   1   1 | Gly GGT   0   1   1   1   1   1
    GTC   0   0   0   0   0   0 |     GCC   0   1   0   0   0   0 |     GAC   0   0   0   0   0   0 |     GGC   2   1   1   1   1   1
    GTA   0   0   0   0   0   0 |     GCA   0   0   1   1   0   0 | Glu GAA   1   1   1   1   1   1 |     GGA   0   0   0   0   0   0
    GTG   1   1   1   1   1   1 |     GCG   1   0   0   0   1   1 |     GAG   0   0   0   0   0   0 |     GGG   0   0   0   0   0   0
--------------------------------------------------------------------------------------------------------------------------------------

Codon position x base (3x4) table for each sequence.

#1: Argali         
position  1:    T:0.21622    C:0.32432    A:0.27027    G:0.18919
position  2:    T:0.13514    C:0.18919    A:0.37838    G:0.29730
position  3:    T:0.29730    C:0.37838    A:0.08108    G:0.24324
Average         T:0.21622    C:0.29730    A:0.24324    G:0.24324

#2: LesserMouseDeer
position  1:    T:0.21622    C:0.32432    A:0.27027    G:0.18919
position  2:    T:0.13514    C:0.18919    A:0.37838    G:0.29730
position  3:    T:0.29730    C:0.40541    A:0.08108    G:0.21622
Average         T:0.21622    C:0.30631    A:0.24324    G:0.23423

#3: LesserKudu     
position  1:    T:0.21622    C:0.32432    A:0.27027    G:0.18919
position  2:    T:0.13514    C:0.18919    A:0.37838    G:0.29730
position  3:    T:0.32432    C:0.35135    A:0.08108    G:0.24324
Average         T:0.22523    C:0.28829    A:0.24324    G:0.24324

#4: ForestMuskDeer2
position  1:    T:0.21622    C:0.32432    A:0.27027    G:0.18919
position  2:    T:0.13514    C:0.18919    A:0.37838    G:0.29730
position  3:    T:0.32432    C:0.35135    A:0.10811    G:0.21622
Average         T:0.22523    C:0.28829    A:0.25225    G:0.23423

#5: Camel          
position  1:    T:0.21622    C:0.32432    A:0.27027    G:0.18919
position  2:    T:0.13514    C:0.18919    A:0.37838    G:0.29730
position  3:    T:0.32432    C:0.29730    A:0.08108    G:0.29730
Average         T:0.22523    C:0.27027    A:0.24324    G:0.26126

#6: KillerWhale    
position  1:    T:0.21622    C:0.32432    A:0.27027    G:0.18919
position  2:    T:0.13514    C:0.18919    A:0.37838    G:0.29730
position  3:    T:0.35135    C:0.32432    A:0.08108    G:0.24324
Average         T:0.23423    C:0.27928    A:0.24324    G:0.24324

#7: DefassaWaterbuck
position  1:    T:0.21622    C:0.32432    A:0.27027    G:0.18919
position  2:    T:0.13514    C:0.18919    A:0.37838    G:0.29730
position  3:    T:0.29730    C:0.37838    A:0.08108    G:0.24324
Average         T:0.21622    C:0.29730    A:0.24324    G:0.24324

#8: Sheep          
position  1:    T:0.21622    C:0.32432    A:0.27027    G:0.18919
position  2:    T:0.13514    C:0.18919    A:0.37838    G:0.29730
position  3:    T:0.29730    C:0.37838    A:0.08108    G:0.24324
Average         T:0.21622    C:0.29730    A:0.24324    G:0.24324

#9: MaxwellsDuiker 
position  1:    T:0.21622    C:0.32432    A:0.27027    G:0.18919
position  2:    T:0.13514    C:0.18919    A:0.37838    G:0.29730
position  3:    T:0.29730    C:0.37838    A:0.08108    G:0.24324
Average         T:0.21622    C:0.29730    A:0.24324    G:0.24324

#10: GazellaPrzewalskyi
position  1:    T:0.21622    C:0.32432    A:0.27027    G:0.18919
position  2:    T:0.13514    C:0.18919    A:0.37838    G:0.29730
position  3:    T:0.27027    C:0.40541    A:0.08108    G:0.24324
Average         T:0.20721    C:0.30631    A:0.24324    G:0.24324

#11: MountainNyala  
position  1:    T:0.21622    C:0.32432    A:0.27027    G:0.18919
position  2:    T:0.13514    C:0.18919    A:0.37838    G:0.29730
position  3:    T:0.32432    C:0.35135    A:0.08108    G:0.24324
Average         T:0.22523    C:0.28829    A:0.24324    G:0.24324

#12: MuntiacusMuntjak
position  1:    T:0.21622    C:0.32432    A:0.27027    G:0.18919
position  2:    T:0.13514    C:0.18919    A:0.37838    G:0.29730
position  3:    T:0.27027    C:0.37838    A:0.08108    G:0.27027
Average         T:0.20721    C:0.29730    A:0.24324    G:0.25225

#13: goat           
position  1:    T:0.21622    C:0.32432    A:0.27027    G:0.18919
position  2:    T:0.13514    C:0.18919    A:0.37838    G:0.29730
position  3:    T:0.29730    C:0.37838    A:0.08108    G:0.24324
Average         T:0.21622    C:0.29730    A:0.24324    G:0.24324

#14: AfricanBuffalo 
position  1:    T:0.21622    C:0.32432    A:0.27027    G:0.18919
position  2:    T:0.13514    C:0.18919    A:0.37838    G:0.29730
position  3:    T:0.27027    C:0.40541    A:0.08108    G:0.24324
Average         T:0.20721    C:0.30631    A:0.24324    G:0.24324

#15: Topi           
position  1:    T:0.21622    C:0.32432    A:0.27027    G:0.18919
position  2:    T:0.13514    C:0.18919    A:0.37838    G:0.29730
position  3:    T:0.24324    C:0.43243    A:0.08108    G:0.24324
Average         T:0.19820    C:0.31532    A:0.24324    G:0.24324

#16: CommonDuiker   
position  1:    T:0.21622    C:0.32432    A:0.27027    G:0.18919
position  2:    T:0.13514    C:0.18919    A:0.37838    G:0.29730
position  3:    T:0.27027    C:0.40541    A:0.08108    G:0.24324
Average         T:0.20721    C:0.30631    A:0.24324    G:0.24324

#17: Suni           
position  1:    T:0.21622    C:0.32432    A:0.27027    G:0.18919
position  2:    T:0.13514    C:0.18919    A:0.37838    G:0.29730
position  3:    T:0.32432    C:0.35135    A:0.08108    G:0.24324
Average         T:0.22523    C:0.28829    A:0.24324    G:0.24324

#18: Springbuck     
position  1:    T:0.21622    C:0.32432    A:0.27027    G:0.18919
position  2:    T:0.13514    C:0.18919    A:0.37838    G:0.29730
position  3:    T:0.27027    C:0.40541    A:0.08108    G:0.24324
Average         T:0.20721    C:0.30631    A:0.24324    G:0.24324

#19: Okapi          
position  1:    T:0.21622    C:0.32432    A:0.27027    G:0.18919
position  2:    T:0.13514    C:0.18919    A:0.37838    G:0.29730
position  3:    T:0.37838    C:0.32432    A:0.08108    G:0.21622
Average         T:0.24324    C:0.27928    A:0.24324    G:0.23423

#20: Giraffe        
position  1:    T:0.21622    C:0.32432    A:0.27027    G:0.18919
position  2:    T:0.13514    C:0.18919    A:0.37838    G:0.29730
position  3:    T:0.32432    C:0.35135    A:0.10811    G:0.21622
Average         T:0.22523    C:0.28829    A:0.25225    G:0.23423

#21: TibetanAntelope
position  1:    T:0.21622    C:0.32432    A:0.27027    G:0.18919
position  2:    T:0.13514    C:0.18919    A:0.37838    G:0.29730
position  3:    T:0.29730    C:0.37838    A:0.08108    G:0.24324
Average         T:0.21622    C:0.29730    A:0.24324    G:0.24324

#22: Sitatunga      
position  1:    T:0.21622    C:0.32432    A:0.27027    G:0.18919
position  2:    T:0.13514    C:0.18919    A:0.37838    G:0.29730
position  3:    T:0.32432    C:0.35135    A:0.08108    G:0.24324
Average         T:0.22523    C:0.28829    A:0.24324    G:0.24324

#23: Oribi          
position  1:    T:0.21622    C:0.32432    A:0.27027    G:0.18919
position  2:    T:0.13514    C:0.18919    A:0.37838    G:0.29730
position  3:    T:0.27027    C:0.40541    A:0.08108    G:0.24324
Average         T:0.20721    C:0.30631    A:0.24324    G:0.24324

#24: BarbarySheep   
position  1:    T:0.21622    C:0.32432    A:0.27027    G:0.18919
position  2:    T:0.13514    C:0.18919    A:0.37838    G:0.29730
position  3:    T:0.29730    C:0.37838    A:0.08108    G:0.24324
Average         T:0.21622    C:0.29730    A:0.24324    G:0.24324

#25: Daviddeer      
position  1:    T:0.21622    C:0.32432    A:0.27027    G:0.18919
position  2:    T:0.13514    C:0.18919    A:0.37838    G:0.29730
position  3:    T:0.29730    C:0.37838    A:0.08108    G:0.24324
Average         T:0.21622    C:0.29730    A:0.24324    G:0.24324

#26: Reindeer       
position  1:    T:0.21622    C:0.32432    A:0.27027    G:0.18919
position  2:    T:0.13514    C:0.18919    A:0.37838    G:0.29730
position  3:    T:0.29730    C:0.35135    A:0.08108    G:0.27027
Average         T:0.21622    C:0.28829    A:0.24324    G:0.25225

#27: Ibex           
position  1:    T:0.21622    C:0.32432    A:0.27027    G:0.18919
position  2:    T:0.13514    C:0.18919    A:0.37838    G:0.29730
position  3:    T:0.29730    C:0.37838    A:0.08108    G:0.24324
Average         T:0.21622    C:0.29730    A:0.24324    G:0.24324

#28: GyrantGazelle  
position  1:    T:0.24324    C:0.32432    A:0.24324    G:0.18919
position  2:    T:0.13514    C:0.18919    A:0.37838    G:0.29730
position  3:    T:0.24324    C:0.43243    A:0.08108    G:0.24324
Average         T:0.20721    C:0.31532    A:0.23423    G:0.24324

#29: Hartebeest     
position  1:    T:0.21622    C:0.32432    A:0.27027    G:0.18919
position  2:    T:0.13514    C:0.18919    A:0.37838    G:0.29730
position  3:    T:0.21622    C:0.45946    A:0.08108    G:0.24324
Average         T:0.18919    C:0.32432    A:0.24324    G:0.24324

#30: Bongo          
position  1:    T:0.21622    C:0.32432    A:0.27027    G:0.18919
position  2:    T:0.13514    C:0.18919    A:0.37838    G:0.29730
position  3:    T:0.32432    C:0.35135    A:0.08108    G:0.24324
Average         T:0.22523    C:0.28829    A:0.24324    G:0.24324

#31: Gerenuk        
position  1:    T:0.21622    C:0.32432    A:0.27027    G:0.18919
position  2:    T:0.13514    C:0.18919    A:0.37838    G:0.29730
position  3:    T:0.27027    C:0.40541    A:0.08108    G:0.24324
Average         T:0.20721    C:0.30631    A:0.24324    G:0.24324

#32: CommonEland    
position  1:    T:0.21622    C:0.32432    A:0.27027    G:0.18919
position  2:    T:0.13514    C:0.18919    A:0.37838    G:0.29730
position  3:    T:0.32432    C:0.35135    A:0.08108    G:0.24324
Average         T:0.22523    C:0.28829    A:0.24324    G:0.24324

#33: MuntiacusReevesi
position  1:    T:0.21622    C:0.32432    A:0.27027    G:0.18919
position  2:    T:0.13514    C:0.18919    A:0.37838    G:0.29730
position  3:    T:0.24324    C:0.40541    A:0.08108    G:0.27027
Average         T:0.19820    C:0.30631    A:0.24324    G:0.25225

#34: HarveysDuiker  
position  1:    T:0.21622    C:0.32432    A:0.27027    G:0.18919
position  2:    T:0.13514    C:0.18919    A:0.37838    G:0.29730
position  3:    T:0.29730    C:0.37838    A:0.08108    G:0.24324
Average         T:0.21622    C:0.29730    A:0.24324    G:0.24324

#35: Pronghorn      
position  1:    T:0.21622    C:0.32432    A:0.24324    G:0.21622
position  2:    T:0.13514    C:0.18919    A:0.37838    G:0.29730
position  3:    T:0.27027    C:0.40541    A:0.08108    G:0.24324
Average         T:0.20721    C:0.30631    A:0.23423    G:0.25225

#36: BlueWildebeest 
position  1:    T:0.21622    C:0.32432    A:0.27027    G:0.18919
position  2:    T:0.13514    C:0.18919    A:0.37838    G:0.29730
position  3:    T:0.24324    C:0.43243    A:0.08108    G:0.24324
Average         T:0.19820    C:0.31532    A:0.24324    G:0.24324

#37: Gemsbok        
position  1:    T:0.21622    C:0.32432    A:0.27027    G:0.18919
position  2:    T:0.13514    C:0.18919    A:0.37838    G:0.29730
position  3:    T:0.27027    C:0.40541    A:0.08108    G:0.24324
Average         T:0.20721    C:0.30631    A:0.24324    G:0.24324

#38: Yak            
position  1:    T:0.21622    C:0.32432    A:0.27027    G:0.18919
position  2:    T:0.13514    C:0.18919    A:0.37838    G:0.29730
position  3:    T:0.32432    C:0.35135    A:0.08108    G:0.24324
Average         T:0.22523    C:0.28829    A:0.24324    G:0.24324

#39: BlueSheep      
position  1:    T:0.21622    C:0.32432    A:0.27027    G:0.18919
position  2:    T:0.13514    C:0.18919    A:0.37838    G:0.29730
position  3:    T:0.29730    C:0.37838    A:0.08108    G:0.24324
Average         T:0.21622    C:0.29730    A:0.24324    G:0.24324

#40: BohorReedbuck  
position  1:    T:0.21622    C:0.32432    A:0.27027    G:0.18919
position  2:    T:0.13514    C:0.18919    A:0.37838    G:0.29730
position  3:    T:0.24324    C:0.43243    A:0.08108    G:0.24324
Average         T:0.19820    C:0.31532    A:0.24324    G:0.24324

#41: KirksDik       
position  1:    T:0.21622    C:0.32432    A:0.27027    G:0.18919
position  2:    T:0.13514    C:0.18919    A:0.37838    G:0.29730
position  3:    T:0.21622    C:0.48649    A:0.08108    G:0.21622
Average         T:0.18919    C:0.33333    A:0.24324    G:0.23423

#42: RoeDeer        
position  1:    T:0.21622    C:0.32432    A:0.24324    G:0.21622
position  2:    T:0.13514    C:0.18919    A:0.37838    G:0.29730
position  3:    T:0.18919    C:0.43243    A:0.08108    G:0.29730
Average         T:0.18018    C:0.31532    A:0.23423    G:0.27027

#43: WhiteLippedDeer
position  1:    T:0.21622    C:0.32432    A:0.27027    G:0.18919
position  2:    T:0.13514    C:0.18919    A:0.37838    G:0.29730
position  3:    T:0.29730    C:0.37838    A:0.08108    G:0.24324
Average         T:0.21622    C:0.29730    A:0.24324    G:0.24324

#44: ThomsonGazelle 
position  1:    T:0.24324    C:0.32432    A:0.24324    G:0.18919
position  2:    T:0.13514    C:0.18919    A:0.37838    G:0.29730
position  3:    T:0.27027    C:0.40541    A:0.08108    G:0.24324
Average         T:0.21622    C:0.30631    A:0.23423    G:0.24324

#45: MuntiacusCrinifrons
position  1:    T:0.21622    C:0.32432    A:0.27027    G:0.18919
position  2:    T:0.13514    C:0.18919    A:0.37838    G:0.29730
position  3:    T:0.27027    C:0.37838    A:0.08108    G:0.27027
Average         T:0.20721    C:0.29730    A:0.24324    G:0.25225

#46: WhiteTailedDeer
position  1:    T:0.21622    C:0.32432    A:0.27027    G:0.18919
position  2:    T:0.13514    C:0.18919    A:0.37838    G:0.29730
position  3:    T:0.27027    C:0.37838    A:0.08108    G:0.27027
Average         T:0.20721    C:0.29730    A:0.24324    G:0.25225

#47: Cattle         
position  1:    T:0.21622    C:0.32432    A:0.27027    G:0.18919
position  2:    T:0.13514    C:0.18919    A:0.37838    G:0.29730
position  3:    T:0.32432    C:0.35135    A:0.08108    G:0.24324
Average         T:0.22523    C:0.28829    A:0.24324    G:0.24324

#48: RoyalAntelope  
position  1:    T:0.21622    C:0.32432    A:0.27027    G:0.18919
position  2:    T:0.13514    C:0.18919    A:0.37838    G:0.29730
position  3:    T:0.29730    C:0.37838    A:0.08108    G:0.24324
Average         T:0.21622    C:0.29730    A:0.24324    G:0.24324

#49: Steenbok       
position  1:    T:0.21622    C:0.32432    A:0.27027    G:0.18919
position  2:    T:0.13514    C:0.18919    A:0.37838    G:0.29730
position  3:    T:0.24324    C:0.43243    A:0.08108    G:0.24324
Average         T:0.19820    C:0.31532    A:0.24324    G:0.24324

#50: Impala         
position  1:    T:0.21622    C:0.32432    A:0.27027    G:0.18919
position  2:    T:0.13514    C:0.18919    A:0.37838    G:0.29730
position  3:    T:0.32432    C:0.37838    A:0.08108    G:0.21622
Average         T:0.22523    C:0.29730    A:0.24324    G:0.23423

#51: Klipspringer   
position  1:    T:0.21622    C:0.32432    A:0.27027    G:0.18919
position  2:    T:0.13514    C:0.18919    A:0.37838    G:0.29730
