1
52 1
Argali 0.000000 0.164400 0.075200 0.365100 0.060000 0.014500 0.059700 0.044200 0.075100 0.044400 0.059800 0.059800 0.044300 0.029200 0.092300 0.044400 0.076400 0.108000 0.014500 0.091300 0.059500 0.000100 0.060300 0.092600 0.028800 0.075400 0.029200 0.075100 0.044600 0.075100 0.044400 0.058800 0.074900 0.059600 0.060500 0.044600 0.000000 0.075700 0.059300 0.075600 0.060300 0.029300 0.059800 0.060000 0.044600 0.059800 0.044300 0.075000 0.059800 0.044600 0.075100 0.075100
LesserMous 0.164400 0.000000 0.223600 0.508700 0.220400 0.147100 0.166200 0.147200 0.184800 0.147400 0.202700 0.167400 0.148000 0.165600 0.201800 0.148000 0.144800 0.217200 0.146700 0.201000 0.164600 0.163800 0.148900 0.183200 0.164600 0.183700 0.165600 0.184800 0.148600 0.184800 0.147400 0.203600 0.224200 0.165900 0.168600 0.148600 0.164400 0.201600 0.164100 0.185900 0.148900 0.165600 0.165500 0.166700 0.148600 0.202200 0.147400 0.183200 0.130300 0.179100 0.184800 0.184800
LesserKudu 0.075200 0.223600 0.000000 0.437700 0.108200 0.059600 0.076100 0.059900 0.029500 0.060100 0.107200 0.076200 0.060100 0.044500 0.108600 0.060100 0.093100 0.124800 0.091400 0.044500 0.075700 0.075000 0.076600 0.109200 0.107200 0.091800 0.044500 0.029500 0.059900 0.029500 0.060100 0.044800 0.124200 0.075900 0.077000 0.060100 0.075200 0.125200 0.075100 0.092200 0.076600 0.044500 0.076100 0.076100 0.060100 0.107700 0.059900 0.091300 0.075800 0.091800 0.029500 0.029500
KillerWhal 0.365100 0.508700 0.437700 0.000000 0.368100 0.387100 0.386400 0.384900 0.491300 0.384700 0.339500 0.412200 0.385300 0.362200 0.365500 0.384800 0.474100 0.389700 0.387700 0.465700 0.408700 0.363800 0.343900 0.392300 0.415500 0.338900 0.362200 0.491300 0.386300 0.491300 0.384700 0.386100 0.487100 0.412100 0.414100 0.386800 0.365100 0.390900 0.407800 0.384500 0.343900 0.361800 0.360800 0.362500 0.386800 0.411400 0.384100 0.435400 0.383900 0.389400 0.491300 0.491300
DefassaWat 0.060000 0.220400 0.108200 0.368100 0.000000 0.075700 0.092000 0.075600 0.141800 0.075800 0.060100 0.091900 0.075700 0.059900 0.092700 0.075900 0.144100 0.108400 0.075700 0.159700 0.091600 0.060000 0.092700 0.061000 0.091600 0.108500 0.059900 0.141800 0.076200 0.141800 0.075800 0.091800 0.140800 0.091800 0.093100 0.076200 0.060000 0.014400 0.091200 0.108600 0.092700 0.060000 0.092200 0.060300 0.076200 0.125200 0.075600 0.107700 0.091800 0.075800 0.141800 0.141800
Sheep 0.014500 0.147100 0.059600 0.387100 0.075700 0.000000 0.044600 0.029300 0.059900 0.029400 0.075100 0.044600 0.029400 0.014500 0.075700 0.029400 0.060600 0.091700 0.029300 0.075300 0.044300 0.014400 0.044900 0.076300 0.044300 0.059900 0.014500 0.059900 0.028400 0.059900 0.029400 0.044500 0.059500 0.044500 0.045100 0.028800 0.014500 0.091900 0.044100 0.060000 0.044900 0.014500 0.044600 0.044600 0.028800 0.044400 0.029300 0.059600 0.044500 0.029400 0.059900 0.059900
MaxwellsDu 0.059700 0.166200 0.076100 0.386400 0.092000 0.044600 0.000000 0.014600 0.075900 0.014600 0.059700 0.029000 0.014400 0.029400 0.060600 0.014700 0.076900 0.075900 0.044400 0.092000 0.029400 0.059700 0.029800 0.060900 0.091100 0.044700 0.029400 0.075900 0.014700 0.075900 0.014600 0.029000 0.107900 0.029500 0.030000 0.014700 0.059700 0.075900 0.029300 0.044900 0.029800 0.029500 0.029600 0.029600 0.014700 0.091800 0.014600 0.044300 0.029500 0.076000 0.076000 0.075900
GazellaPrz 0.044200 0.147200 0.059900 0.384900 0.075600 0.029300 0.014600 0.000000 0.059900 0.000300 0.075200 0.014600 0.000100 0.014600 0.045000 0.000100 0.060500 0.059800 0.029200 0.075400 0.014600 0.044100 0.014500 0.044900 0.074900 0.029500 0.014600 0.059900 0.000100 0.059900 0.000300 0.044600 0.091100 0.014600 0.014900 0.000200 0.044200 0.059900 0.014400 0.029700 0.014500 0.014600 0.014600 0.014600 0.000200 0.075200 0.000100 0.029200 0.014600 0.059700 0.059900 0.059900
MountainNy 0.075100 0.184800 0.029500 0.491300 0.141800 0.059900 0.075900 0.059900 0.000000 0.060100 0.141200 0.076000 0.060000 0.075500 0.108800 0.060100 0.060800 0.124800 0.059600 0.014600 0.075700 0.075100 0.076500 0.109500 0.107000 0.091800 0.075500 0.000000 0.060400 0.000000 0.060100 0.076100 0.124400 0.075700 0.077000 0.060400 0.075100 0.124800 0.075100 0.092200 0.076500 0.075700 0.076000 0.076000 0.060400 0.107800 0.059900 0.091000 0.075800 0.091900 0.000000 0.000000
MuntiacusM 0.044400 0.147400 0.060100 0.384700 0.075800 0.029400 0.014600 0.000300 0.060100 0.000000 0.075400 0.014700 0.000100 0.014600 0.045000 0.000200 0.060700 0.060000 0.029300 0.075700 0.014500 0.044200 0.014700 0.045000 0.075200 0.029400 0.014600 0.060100 0.000300 0.060100 0.000000 0.044700 0.091400 0.014600 0.014800 0.000200 0.044400 0.060100 0.014400 0.029600 0.014700 0.014600 0.014600 0.014600 0.000200 0.075600 0.000200 0.029300 0.014600 0.060000 0.060100 0.060100
goat 0.059800 0.202700 0.107200 0.339500 0.060100 0.075100 0.059700 0.075200 0.141200 0.075400 0.000000 0.091700 0.075400 0.059700 0.091900 0.075400 0.143400 0.108000 0.075500 0.158200 0.091000 0.059600 0.092300 0.092300 0.059900 0.107700 0.059700 0.141200 0.075300 0.141200 0.075400 0.059600 0.140400 0.091400 0.092500 0.075500 0.059800 0.075900 0.090700 0.108000 0.092300 0.059700 0.091600 0.060000 0.075500 0.124500 0.075200 0.107400 0.091400 0.108000 0.141200 0.141200
AfricanBuf 0.059800 0.167400 0.076200 0.412200 0.091900 0.044600 0.029000 0.014600 0.076000 0.014700 0.091700 0.000000 0.014600 0.029500 0.060600 0.014700 0.077000 0.076000 0.044400 0.092200 0.029500 0.059700 0.029900 0.060900 0.091300 0.044700 0.029500 0.076000 0.014800 0.076000 0.014700 0.060300 0.108300 0.029500 0.030000 0.014800 0.059800 0.075900 0.029300 0.045000 0.029900 0.029600 0.029600 0.029700 0.014800 0.091900 0.014600 0.044400 0.029600 0.075900 0.076000 0.076000
Topi 0.044300 0.148000 0.060100 0.385300 0.075700 0.029400 0.014400 0.000100 0.060000 0.000100 0.075400 0.014600 0.000000 0.014200 0.044900 0.000100 0.060700 0.060000 0.029300 0.075700 0.014500 0.044300 0.014700 0.045100 0.075400 0.029400 0.014300 0.060000 0.000100 0.060000 0.000100 0.044600 0.091500 0.014500 0.014800 0.000100 0.044300 0.059900 0.014400 0.029600 0.014700 0.014600 0.014600 0.014600 0.000100 0.075600 0.000100 0.029200 0.014600 0.060000 0.060000 0.060000
CommonDuik 0.029200 0.165600 0.044500 0.362200 0.059900 0.014500 0.029400 0.014600 0.075500 0.014600 0.059700 0.029500 0.014200 0.000000 0.060400 0.014600 0.076600 0.075700 0.044300 0.091600 0.029300 0.029200 0.029700 0.060700 0.059400 0.044500 0.000000 0.075500 0.014700 0.075500 0.014600 0.029400 0.075200 0.029400 0.029900 0.014700 0.029200 0.075700 0.029200 0.044700 0.029700 0.000100 0.029500 0.029500 0.014700 0.059800 0.014500 0.044300 0.029500 0.044500 0.075500 0.075500
Suni 0.092300 0.201800 0.108600 0.365500 0.092700 0.075700 0.060600 0.045000 0.108800 0.045000 0.091900 0.060600 0.044900 0.060400 0.000000 0.044900 0.110300 0.044900 0.076000 0.092300 0.060100 0.106400 0.061100 0.045500 0.125500 0.076200 0.060400 0.108800 0.045000 0.108800 0.045000 0.092500 0.142100 0.060400 0.061200 0.045100 0.092300 0.076400 0.071900 0.076700 0.061100 0.060400 0.060600 0.029800 0.045100 0.125800 0.057100 0.076000 0.060400 0.076200 0.108800 0.108800
Springbuck 0.044400 0.148000 0.060100 0.384800 0.075900 0.029400 0.014700 0.000100 0.060100 0.000200 0.075400 0.014700 0.000100 0.014600 0.044900 0.000000 0.060700 0.060000 0.029300 0.075700 0.014500 0.057700 0.014700 0.045100 0.075300 0.029200 0.014600 0.060100 0.000100 0.060100 0.000200 0.044800 0.091500 0.014600 0.014700 0.000100 0.044400 0.060100 0.022700 0.029600 0.014700 0.014600 0.014600 0.014700 0.000100 0.075600 0.001100 0.029300 0.014600 0.060000 0.060100 0.060100
Okapi 0.076400 0.144800 0.093100 0.474100 0.144100 0.060600 0.076900 0.060500 0.060800 0.060700 0.143400 0.077000 0.060700 0.076600 0.110300 0.060700 0.000000 0.092300 0.060500 0.076700 0.076200 0.076200 0.077300 0.110900 0.092400 0.092800 0.076600 0.060800 0.061000 0.060800 0.060700 0.109800 0.125900 0.076700 0.077700 0.061000 0.076400 0.126600 0.076000 0.093200 0.077300 0.076600 0.076800 0.076900 0.061000 0.109300 0.060600 0.092400 0.045100 0.092800 0.060800 0.060800
Giraffe 0.108000 0.217200 0.124800 0.389700 0.108400 0.091700 0.075900 0.059800 0.124800 0.060000 0.108000 0.076000 0.060000 0.075700 0.044900 0.060000 0.092300 0.000000 0.091500 0.107800 0.075300 0.107700 0.076400 0.060600 0.124600 0.091700 0.075700 0.124800 0.060400 0.124800 0.060000 0.108300 0.158500 0.075700 0.076700 0.060400 0.108000 0.091800 0.075100 0.092000 0.076400 0.075800 0.075800 0.044700 0.060400 0.142200 0.059800 0.091400 0.075800 0.091600 0.124800 0.124800
TibetanAnt 0.014500 0.146700 0.091400 0.387700 0.075700 0.029300 0.044400 0.029200 0.059600 0.029300 0.075500 0.044400 0.029300 0.044300 0.076000 0.029300 0.060500 0.091500 0.000000 0.075300 0.044200 0.014500 0.044800 0.076300 0.044300 0.059700 0.044300 0.059600 0.029500 0.059600 0.029300 0.075400 0.090900 0.044300 0.045000 0.029500 0.014500 0.059900 0.044000 0.059900 0.044800 0.044400 0.044500 0.044600 0.029500 0.075500 0.029200 0.059400 0.044400 0.059900 0.059600 0.059600
Sitatunga 0.091300 0.201000 0.044500 0.465700 0.159700 0.075300 0.092000 0.075400 0.014600 0.075700 0.158200 0.092200 0.075700 0.091600 0.092300 0.075700 0.076700 0.107800 0.075300 0.000000 0.091500 0.091000 0.092600 0.109000 0.123900 0.108000 0.091600 0.014600 0.076300 0.014600 0.075700 0.092200 0.141000 0.091800 0.093100 0.076300 0.091300 0.142200 0.090900 0.108400 0.092600 0.091600 0.091900 0.092000 0.076300 0.124500 0.075500 0.107500 0.091700 0.075700 0.014600 0.014600
Oribi 0.059500 0.164600 0.075700 0.408700 0.091600 0.044300 0.029400 0.014600 0.075700 0.014500 0.091000 0.029500 0.014500 0.029300 0.060100 0.014500 0.076200 0.075300 0.044200 0.091500 0.000000 0.072000 0.029500 0.060400 0.090700 0.044400 0.029300 0.075700 0.014600 0.075700 0.014500 0.059900 0.107100 0.000100 0.029800 0.014600 0.059500 0.075600 0.038000 0.044600 0.029500 0.029300 0.029400 0.029400 0.014600 0.091100 0.023000 0.044100 0.029300 0.075400 0.075700 0.075700
BarbaryShe 0.000100 0.163800 0.075000 0.363800 0.060000 0.014400 0.059700 0.044100 0.075100 0.044200 0.059600 0.059700 0.044300 0.029200 0.106400 0.057700 0.076200 0.107700 0.014500 0.091000 0.072000 0.000000 0.060100 0.092300 0.029300 0.089800 0.029200 0.075100 0.056600 0.075100 0.044200 0.059500 0.074600 0.059600 0.074600 0.044500 0.000100 0.075700 0.059100 0.088900 0.060100 0.041700 0.059600 0.059800 0.044500 0.059600 0.044000 0.075000 0.073600 0.044400 0.075100 0.075100
Daviddeer 0.060300 0.148900 0.076600 0.343900 0.092700 0.044900 0.029800 0.014500 0.076500 0.014700 0.092300 0.029900 0.014700 0.029700 0.061100 0.014700 0.077300 0.076400 0.044800 0.092600 0.029500 0.060100 0.000000 0.061200 0.092100 0.044900 0.029700 0.076500 0.014700 0.076500 0.014700 0.060700 0.108700 0.029700 0.030100 0.014800 0.060300 0.076500 0.029300 0.045200 0.000000 0.029700 0.029800 0.029800 0.014800 0.092400 0.014600 0.044700 0.029700 0.076400 0.076500 0.076500
Reindeer 0.092600 0.183200 0.109200 0.392300 0.061000 0.076300 0.060900 0.044900 0.109500 0.045000 0.092300 0.060900 0.045100 0.060700 0.045500 0.045100 0.110900 0.060600 0.076300 0.109000 0.060400 0.092300 0.061200 0.000000 0.125800 0.076600 0.060700 0.109500 0.045400 0.109500 0.045000 0.093100 0.142600 0.060700 0.061500 0.045400 0.092600 0.045300 0.060200 0.076800 0.061200 0.060700 0.060800 0.029900 0.045400 0.126300 0.044900 0.076300 0.060600 0.092900 0.109500 0.109500
Ibex 0.028800 0.164600 0.107200 0.415500 0.091600 0.044300 0.091100 0.074900 0.107000 0.075200 0.059900 0.091300 0.075400 0.059400 0.125500 0.075300 0.092400 0.124600 0.044300 0.123900 0.090700 0.029300 0.092100 0.125800 0.000000 0.107500 0.059400 0.107000 0.075600 0.107000 0.075200 0.090900 0.106800 0.090900 0.092200 0.075600 0.028800 0.107200 0.090600 0.107800 0.092100 0.059600 0.091300 0.091600 0.075600 0.091500 0.075000 0.107000 0.091300 0.075600 0.107600 0.106800
GyrantGaze 0.075400 0.183700 0.091800 0.338900 0.108500 0.059900 0.044700 0.029500 0.091800 0.029400 0.107700 0.044700 0.029400 0.044500 0.076200 0.029200 0.092800 0.091700 0.059700 0.108000 0.044400 0.089800 0.044900 0.076600 0.107500 0.000000 0.044500 0.091800 0.029600 0.091800 0.029400 0.075900 0.124000 0.044600 0.045100 0.029600 0.075400 0.092000 0.056000 0.060200 0.044900 0.044500 0.014600 0.044700 0.029600 0.108000 0.042000 0.059700 0.044400 0.091800 0.091800 0.091800
Hartebeest 0.029200 0.165600 0.044500 0.362200 0.059900 0.014500 0.029400 0.014600 0.075500 0.014600 0.059700 0.029500 0.014300 0.000000 0.060400 0.014600 0.076600 0.075700 0.044300 0.091600 0.029300 0.029200 0.029700 0.060700 0.059400 0.044500 0.000000 0.075500 0.014700 0.075500 0.014600 0.029400 0.075200 0.029400 0.029900 0.014700 0.029000 0.075700 0.029200 0.044700 0.029700 0.000100 0.029500 0.029500 0.014700 0.059800 0.014500 0.043900 0.029500 0.044500 0.075500 0.075500
Bongo 0.075100 0.184800 0.029500 0.491300 0.141800 0.059900 0.075900 0.059900 0.000000 0.060100 0.141200 0.076000 0.060000 0.075500 0.108800 0.060100 0.060800 0.124800 0.059600 0.014600 0.075700 0.075100 0.076500 0.109500 0.107000 0.091800 0.075500 0.000000 0.060400 0.000000 0.060100 0.076100 0.124400 0.075700 0.077000 0.060400 0.075100 0.124800 0.075100 0.092200 0.076500 0.075700 0.076000 0.076000 0.060400 0.107800 0.059900 0.091300 0.075800 0.091900 0.000000 0.000000
Gerenuk 0.044600 0.148600 0.059900 0.386300 0.076200 0.028400 0.014700 0.000100 0.060400 0.000300 0.075300 0.014800 0.000100 0.014700 0.045000 0.000100 0.061000 0.060400 0.029500 0.076300 0.014600 0.056600 0.014700 0.045400 0.075600 0.029600 0.014700 0.060400 0.000000 0.060400 0.000300 0.045000 0.092000 0.014700 0.014900 0.000100 0.044600 0.060400 0.021400 0.029800 0.014700 0.014700 0.014700 0.014800 0.000100 0.075900 0.000200 0.029500 0.014700 0.060300 0.060400 0.060400
CommonElan 0.075100 0.184800 0.029500 0.491300 0.141800 0.059900 0.075900 0.059900 0.000000 0.060100 0.141200 0.076000 0.060000 0.075500 0.108800 0.060100 0.060800 0.124800 0.059600 0.014600 0.075700 0.075100 0.076500 0.109500 0.107000 0.091800 0.075500 0.000000 0.060400 0.000000 0.060100 0.076100 0.124400 0.075700 0.077000 0.060400 0.075100 0.124800 0.075100 0.092200 0.076500 0.075700 0.076000 0.076000 0.060400 0.107800 0.059900 0.091000 0.075800 0.091900 0.000000 0.000000
MuntiacusR 0.044400 0.147400 0.060100 0.384700 0.075800 0.029400 0.014600 0.000300 0.060100 0.000000 0.075400 0.014700 0.000100 0.014600 0.045000 0.000200 0.060700 0.060000 0.029300 0.075700 0.014500 0.044200 0.014700 0.045000 0.075200 0.029400 0.014600 0.060100 0.000300 0.060100 0.000000 0.044700 0.091400 0.014600 0.014800 0.000200 0.044400 0.060100 0.014400 0.029600 0.014700 0.014600 0.014600 0.014600 0.000200 0.075600 0.000200 0.029300 0.014600 0.060000 0.060100 0.060100
HarveysDui 0.058800 0.203600 0.044800 0.386100 0.091800 0.044500 0.029000 0.044600 0.076100 0.044700 0.059600 0.060300 0.044600 0.029400 0.092500 0.044800 0.109800 0.108300 0.075400 0.092200 0.059900 0.059500 0.060700 0.093100 0.090900 0.075900 0.029400 0.076100 0.045000 0.076100 0.044700 0.000000 0.107600 0.060100 0.061100 0.045000 0.059600 0.108400 0.059600 0.076200 0.060700 0.029500 0.060300 0.060400 0.045000 0.091600 0.044600 0.075300 0.060200 0.075800 0.075400 0.076100
Pronghorn 0.074900 0.224200 0.124200 0.487100 0.140800 0.059500 0.107900 0.091100 0.124400 0.091400 0.140400 0.108300 0.091500 0.075200 0.142100 0.091500 0.125900 0.158500 0.090900 0.141000 0.107100 0.074600 0.108700 0.142600 0.106800 0.124000 0.075200 0.124400 0.092000 0.124400 0.091400 0.107600 0.000000 0.107700 0.092600 0.091900 0.074900 0.158400 0.106700 0.124900 0.108700 0.075200 0.107800 0.108100 0.091900 0.107200 0.091200 0.123600 0.108000 0.091000 0.124400 0.124400
BlueWildeb 0.059600 0.165900 0.075900 0.412100 0.091800 0.044500 0.029500 0.014600 0.075700 0.014600 0.091400 0.029500 0.014500 0.029400 0.060400 0.014600 0.076700 0.075700 0.044300 0.091800 0.000100 0.059600 0.029700 0.060700 0.090900 0.044600 0.029400 0.075700 0.014700 0.075700 0.014600 0.060100 0.107700 0.000000 0.029900 0.014700 0.059600 0.075100 0.029200 0.044800 0.029700 0.029500 0.029600 0.029600 0.014700 0.091600 0.014600 0.044300 0.029500 0.075800 0.075700 0.075700
Gemsbok 0.060500 0.168600 0.077000 0.414100 0.093100 0.045100 0.030000 0.014900 0.077000 0.014800 0.092500 0.030000 0.014800 0.029900 0.061200 0.014700 0.077700 0.076700 0.045000 0.093100 0.029800 0.074600 0.030100 0.061500 0.092200 0.045100 0.029900 0.077000 0.014900 0.077000 0.014800 0.061100 0.092600 0.029900 0.000000 0.014900 0.060500 0.076900 0.040400 0.045400 0.030100 0.029800 0.030000 0.030000 0.014900 0.092700 0.026100 0.044900 0.029800 0.076700 0.077000 0.077000
Yak 0.044600 0.148600 0.060100 0.386800 0.076200 0.028800 0.014700 0.000200 0.060400 0.000200 0.075500 0.014800 0.000100 0.014700 0.045100 0.000100 0.061000 0.060400 0.029500 0.076300 0.014600 0.044500 0.014800 0.045400 0.075600 0.029600 0.014700 0.060400 0.000100 0.060400 0.000200 0.045000 0.091900 0.014700 0.014900 0.000000 0.044600 0.060400 0.014500 0.029800 0.014800 0.014700 0.014700 0.014800 0.000000 0.075900 0.000100 0.029500 0.014700 0.060300 0.060400 0.060400
BlueSheep 0.000000 0.164400 0.075200 0.365100 0.060000 0.014500 0.059700 0.044200 0.075100 0.044400 0.059800 0.059800 0.044300 0.029200 0.092300 0.044400 0.076400 0.108000 0.014500 0.091300 0.059500 0.000100 0.060300 0.092600 0.028800 0.075400 0.029000 0.075100 0.044600 0.075100 0.044400 0.059600 0.074900 0.059600 0.060500 0.044600 0.000000 0.075700 0.059300 0.075600 0.060300 0.029300 0.059800 0.060000 0.044600 0.059800 0.044300 0.075000 0.059800 0.044600 0.074800 0.075100
BohorReedb 0.075700 0.201600 0.125200 0.390900 0.014400 0.091900 0.075900 0.059900 0.124800 0.060100 0.075900 0.075900 0.059900 0.075700 0.076400 0.060100 0.126600 0.091800 0.059900 0.142200 0.075600 0.075700 0.076500 0.045300 0.107200 0.092000 0.075700 0.124800 0.060400 0.124800 0.060100 0.108400 0.158400 0.075100 0.076900 0.060400 0.075700 0.000000 0.075200 0.092200 0.076500 0.075900 0.076100 0.044800 0.060400 0.142200 0.059900 0.091300 0.075700 0.091800 0.124800 0.124800
KirksDik 0.059300 0.164100 0.075100 0.407800 0.091200 0.044100 0.029300 0.014400 0.075100 0.014400 0.090700 0.029300 0.014400 0.029200 0.071900 0.022700 0.076000 0.075100 0.044000 0.090900 0.038000 0.059100 0.029300 0.060200 0.090600 0.056000 0.029200 0.075100 0.021400 0.075100 0.014400 0.059600 0.106700 0.029200 0.040400 0.014500 0.059300 0.075200 0.000000 0.055000 0.029300 0.039800 0.029200 0.029300 0.014500 0.090900 0.014400 0.044000 0.039800 0.075200 0.075100 0.075100
RoeDeer 0.075600 0.185900 0.092200 0.384500 0.108600 0.060000 0.044900 0.029700 0.092200 0.029600 0.108000 0.045000 0.029600 0.044700 0.076700 0.029600 0.093200 0.092000 0.059900 0.108400 0.044600 0.088900 0.045200 0.076800 0.107800 0.060200 0.044700 0.092200 0.029800 0.092200 0.029600 0.076200 0.124900 0.044800 0.045400 0.029800 0.075600 0.092200 0.055000 0.000000 0.045200 0.044700 0.044800 0.044900 0.029800 0.108300 0.040400 0.059900 0.044800 0.092000 0.092200 0.092200
WhiteLippe 0.060300 0.148900 0.076600 0.343900 0.092700 0.044900 0.029800 0.014500 0.076500 0.014700 0.092300 0.029900 0.014700 0.029700 0.061100 0.014700 0.077300 0.076400 0.044800 0.092600 0.029500 0.060100 0.000000 0.061200 0.092100 0.044900 0.029700 0.076500 0.014700 0.076500 0.014700 0.060700 0.108700 0.029700 0.030100 0.014800 0.060300 0.076500 0.029300 0.045200 0.000000 0.029700 0.029800 0.029800 0.014800 0.092400 0.014600 0.044700 0.029700 0.076400 0.076500 0.076500
ThomsonGaz 0.029300 0.165600 0.044500 0.361800 0.060000 0.014500 0.029500 0.014600 0.075700 0.014600 0.059700 0.029600 0.014600 0.000100 0.060400 0.014600 0.076600 0.075800 0.044400 0.091600 0.029300 0.041700 0.029700 0.060700 0.059600 0.044500 0.000100 0.075700 0.014700 0.075700 0.014600 0.029500 0.075200 0.029500 0.029800 0.014700 0.029300 0.075900 0.039800 0.044700 0.029700 0.000000 0.029500 0.029600 0.014700 0.059800 0.025600 0.044400 0.029300 0.044500 0.075700 0.075700
MuntiacusC 0.059800 0.165500 0.076100 0.360800 0.092200 0.044600 0.029600 0.014600 0.076000 0.014600 0.091600 0.029600 0.014600 0.029500 0.060600 0.014600 0.076800 0.075800 0.044500 0.091900 0.029400 0.059600 0.029800 0.060800 0.091300 0.014600 0.029500 0.076000 0.014700 0.076000 0.014600 0.060300 0.107800 0.029600 0.030000 0.014700 0.059800 0.076100 0.029200 0.044800 0.029800 0.029500 0.000000 0.029600 0.014700 0.091700 0.014600 0.044400 0.029500 0.075900 0.076000 0.076000
WhiteTaile 0.060000 0.166700 0.076100 0.362500 0.060300 0.044600 0.029600 0.014600 0.076000 0.014600 0.060000 0.029700 0.014600 0.029500 0.029800 0.014700 0.076900 0.044700 0.044600 0.092000 0.029400 0.059800 0.029800 0.029900 0.091600 0.044700 0.029500 0.076000 0.014800 0.076000 0.014600 0.060400 0.108100 0.029600 0.030000 0.014800 0.060000 0.044800 0.029300 0.044900 0.029800 0.029600 0.029600 0.000000 0.014800 0.092000 0.014600 0.044500 0.029600 0.076000 0.076000 0.076000
Cattle 0.044600 0.148600 0.060100 0.386800 0.076200 0.028800 0.014700 0.000200 0.060400 0.000200 0.075500 0.014800 0.000100 0.014700 0.045100 0.000100 0.061000 0.060400 0.029500 0.076300 0.014600 0.044500 0.014800 0.045400 0.075600 0.029600 0.014700 0.060400 0.000100 0.060400 0.000200 0.045000 0.091900 0.014700 0.014900 0.000000 0.044600 0.060400 0.014500 0.029800 0.014800 0.014700 0.014700 0.014800 0.000000 0.075900 0.000100 0.029500 0.014700 0.060300 0.060400 0.060400
RoyalAntel 0.059800 0.202200 0.107700 0.411400 0.125200 0.044400 0.091800 0.075200 0.107800 0.075600 0.124500 0.091900 0.075600 0.059800 0.125800 0.075600 0.109300 0.142200 0.075500 0.124500 0.091100 0.059600 0.092400 0.126300 0.091500 0.108000 0.059800 0.107800 0.075900 0.107800 0.075600 0.091600 0.107200 0.091600 0.092700 0.075900 0.059800 0.142200 0.090900 0.108300 0.092400 0.059800 0.091700 0.092000 0.075900 0.000000 0.075400 0.107600 0.091600 0.075800 0.107800 0.107800
Steenbok 0.044300 0.147400 0.059900 0.384100 0.075600 0.029300 0.014600 0.000100 0.059900 0.000200 0.075200 0.014600 0.000100 0.014500 0.057100 0.001100 0.060600 0.059800 0.029200 0.075500 0.023000 0.044000 0.014600 0.044900 0.075000 0.042000 0.014500 0.059900 0.000200 0.059900 0.000200 0.044600 0.091200 0.014600 0.026100 0.000100 0.044300 0.059900 0.014400 0.040400 0.014600 0.025600 0.014600 0.014600 0.000100 0.075400 0.000000 0.029200 0.025600 0.059800 0.059900 0.059900
Impala 0.075000 0.183200 0.091300 0.435400 0.107700 0.059600 0.044300 0.029200 0.091000 0.029300 0.107400 0.044400 0.029200 0.044300 0.076000 0.029300 0.092400 0.091400 0.059400 0.107500 0.044100 0.075000 0.044700 0.076300 0.107000 0.059700 0.043900 0.091300 0.029500 0.091000 0.029300 0.075300 0.123600 0.044300 0.044900 0.029500 0.075000 0.091300 0.044000 0.059900 0.044700 0.044400 0.044400 0.044500 0.029500 0.107600 0.029200 0.000000 0.044400 0.091500 0.091000 0.091000
Klipspring 0.059800 0.130300 0.075800 0.383900 0.091800 0.044500 0.029500 0.014600 0.075800 0.014600 0.091400 0.029600 0.014600 0.029500 0.060400 0.014600 0.045100 0.075800 0.044400 0.091700 0.029300 0.073600 0.029700 0.060600 0.091300 0.044400 0.029500 0.075800 0.014700 0.075800 0.014600 0.060200 0.108000 0.029500 0.029800 0.014700 0.059800 0.075700 0.039800 0.044800 0.029700 0.029300 0.029500 0.029600 0.014700 0.091600 0.025600 0.044400 0.000000 0.075600 0.075800 0.075800
ForestMusk 0.044600 0.179100 0.091800 0.389400 0.075800 0.029400 0.076000 0.059700 0.091900 0.060000 0.108000 0.075900 0.060000 0.044500 0.076200 0.060000 0.092800 0.091600 0.059900 0.075700 0.075400 0.044400 0.076400 0.092900 0.075600 0.091800 0.044500 0.091900 0.060300 0.091900 0.060000 0.075800 0.091000 0.075800 0.076700 0.060300 0.044600 0.091800 0.075200 0.092000 0.076400 0.044500 0.075900 0.076000 0.060300 0.075800 0.059800 0.091500 0.075600 0.000000 0.091900 0.091900
Bushbuck 0.075100 0.184800 0.029500 0.491300 0.141800 0.059900 0.076000 0.059900 0.000000 0.060100 0.141200 0.076000 0.060000 0.075500 0.108800 0.060100 0.060800 0.124800 0.059600 0.014600 0.075700 0.075100 0.076500 0.109500 0.107600 0.091800 0.075500 0.000000 0.060400 0.000000 0.060100 0.075400 0.124400 0.075700 0.077000 0.060400 0.074800 0.124800 0.075100 0.092200 0.076500 0.075700 0.076000 0.076000 0.060400 0.107800 0.059900 0.091000 0.075800 0.091900 0.000000 0.000000
GreaterKud 0.075100 0.184800 0.029500 0.491300 0.141800 0.059900 0.075900 0.059900 0.000000 0.060100 0.141200 0.076000 0.060000 0.075500 0.108800 0.060100 0.060800 0.124800 0.059600 0.014600 0.075700 0.075100 0.076500 0.109500 0.106800 0.091800 0.075500 0.000000 0.060400 0.000000 0.060100 0.076100 0.124400 0.075700 0.077000 0.060400 0.075100 0.124800 0.075100 0.092200 0.076500 0.075700 0.076000 0.076000 0.060400 0.107800 0.059900 0.091000 0.075800 0.091900 0.000000 0.000000
