CODONML (in paml version 4.10.7, June 2023)  /home/rachel/ruminants_paml/6406-phy-tree/ENSBTAT00000024937.fasta.phy
Model: free dN/dS Ratios for branches,  kappa = 2.000 fixed

Codon frequency model: F3x4
ns =  54  ls =  65

Codon usage in sequences
--------------------------------------------------------------------------------------------------------------------------------------
Phe TTT   1   1   1   1   1   1 | Ser TCT   1   1   1   1   0   1 | Tyr TAT   1   1   1   1   1   1 | Cys TGT   0   0   0   0   0   0
    TTC   2   2   2   2   2   2 |     TCC   1   1   1   1   2   1 |     TAC   0   0   0   0   0   0 |     TGC   0   0   0   0   0   0
Leu TTA   0   0   0   0   0   0 |     TCA   0   0   0   0   0   0 | *** TAA   0   0   0   0   0   0 | *** TGA   0   0   0   0   0   0
    TTG   0   0   0   0   0   0 |     TCG   0   0   0   0   0   0 |     TAG   0   0   0   0   0   0 | Trp TGG   0   0   0   0   0   0
--------------------------------------------------------------------------------------------------------------------------------------
Leu CTT   0   0   0   0   0   0 | Pro CCT   0   0   0   0   0   0 | His CAT   1   3   3   3   3   3 | Arg CGT   0   0   0   0   0   0
    CTC   0   0   0   0   0   0 |     CCC   1   2   1   1   1   1 |     CAC   4   2   2   2   2   1 |     CGC   0   0   0   0   0   1
    CTA   1   0   2   1   0   0 |     CCA   1   0   1   1   1   1 | Gln CAA   0   1   0   1   0   1 |     CGA   1   0   1   1   1   1
    CTG   5   6   4   5   6   6 |     CCG   0   0   0   0   0   0 |     CAG   2   2   2   1   2   1 |     CGG   0   0   0   0   0   0
--------------------------------------------------------------------------------------------------------------------------------------
Ile ATT   1   1   2   1   1   1 | Thr ACT   1   1   1   0   1   1 | Asn AAT   0   0   0   0   0   0 | Ser AGT   1   0   1   1   1   0
    ATC   1   2   0   1   1   1 |     ACC   2   2   2   3   2   2 |     AAC   1   1   1   1   1   1 |     AGC   6   4   6   6   4   5
    ATA   0   0   0   0   0   0 |     ACA   0   0   1   1   1   1 | Lys AAA   0   0   0   0   0   1 | Arg AGA   0   0   0   0   0   0
Met ATG   2   2   2   2   2   2 |     ACG   0   0   0   0   0   0 |     AAG   4   4   4   4   4   3 |     AGG   2   2   2   2   2   2
--------------------------------------------------------------------------------------------------------------------------------------
Val GTT   1   1   1   1   1   1 | Ala GCT   1   1   1   1   1   1 | Asp GAT   1   1   1   1   1   1 | Gly GGT   0   1   0   0   0   0
    GTC   5   4   5   5   5   5 |     GCC   1   1   1   1   1   1 |     GAC   3   3   3   3   3   2 |     GGC   1   3   1   1   3   3
    GTA   0   0   0   0   0   0 |     GCA   4   4   3   3   2   2 | Glu GAA   1   1   1   1   1   1 |     GGA   0   0   0   0   0   0
    GTG   2   2   2   2   2   2 |     GCG   0   0   0   0   1   1 |     GAG   2   2   2   2   2   3 |     GGG   0   0   0   0   0   0
--------------------------------------------------------------------------------------------------------------------------------------

--------------------------------------------------------------------------------------------------------------------------------------
Phe TTT   1   1   1   0   1   1 | Ser TCT   1   1   1   1   1   1 | Tyr TAT   1   1   1   1   1   1 | Cys TGT   0   0   0   0   0   0
    TTC   2   2   2   3   2   2 |     TCC   1   1   1   1   1   1 |     TAC   0   0   0   0   0   0 |     TGC   0   0   0   0   0   0
Leu TTA   0   0   0   0   0   0 |     TCA   0   0   0   0   0   1 | *** TAA   0   0   0   0   0   0 | *** TGA   0   0   0   0   0   0
    TTG   0   0   0   0   0   0 |     TCG   0   0   0   0   0   0 |     TAG   0   0   0   0   0   0 | Trp TGG   0   0   0   0   0   0
--------------------------------------------------------------------------------------------------------------------------------------
Leu CTT   0   0   0   0   0   0 | Pro CCT   0   0   0   0   0   0 | His CAT   2   1   2   1   3   3 | Arg CGT   0   0   0   0   0   0
    CTC   0   0   0   0   0   0 |     CCC   1   1   1   1   1   1 |     CAC   3   4   3   4   2   2 |     CGC   0   0   0   0   0   0
    CTA   1   1   1   1   1   1 |     CCA   1   1   1   1   1   0 | Gln CAA   0   0   0   0   0   0 |     CGA   1   1   1   1   1   1
    CTG   5   5   5   5   5   5 |     CCG   0   0   0   0   0   0 |     CAG   2   2   2   2   2   2 |     CGG   0   0   0   0   0   0
--------------------------------------------------------------------------------------------------------------------------------------
Ile ATT   1   1   1   1   2   0 | Thr ACT   1   1   1   1   1   0 | Asn AAT   0   0   0   0   0   0 | Ser AGT   1   1   0   1   1   1
    ATC   1   1   1   1   0   2 |     ACC   2   2   2   2   2   3 |     AAC   1   1   1   1   1   1 |     AGC   6   6   6   6   6   6
    ATA   0   0   0   0   0   0 |     ACA   0   0   0   0   1   1 | Lys AAA   0   0   0   1   0   0 | Arg AGA   0   0   0   0   0   0
Met ATG   2   2   2   2   2   2 |     ACG   0   0   0   0   0   0 |     AAG   4   4   4   3   4   4 |     AGG   2   2   2   2   2   2
--------------------------------------------------------------------------------------------------------------------------------------
Val GTT   1   1   1   1   1   1 | Ala GCT   1   1   1   1   1   1 | Asp GAT   1   1   1   1   1   1 | Gly GGT   0   0   1   0   0   0
    GTC   5   5   5   5   5   5 |     GCC   1   1   1   1   1   1 |     GAC   3   3   3   3   3   3 |     GGC   1   1   1   1   1   0
    GTA   0   0   0   0   0   0 |     GCA   4   4   4   4   3   3 | Glu GAA   1   1   1   1   1   1 |     GGA   0   0   0   0   0   1
    GTG   2   2   2   2   2   2 |     GCG   0   0   0   0   0   0 |     GAG   2   2   2   2   2   2 |     GGG   0   0   0   0   0   0
--------------------------------------------------------------------------------------------------------------------------------------

--------------------------------------------------------------------------------------------------------------------------------------
Phe TTT   1   1   1   1   0   1 | Ser TCT   1   1   1   1   1   1 | Tyr TAT   1   1   1   1   1   1 | Cys TGT   0   0   0   0   0   0
    TTC   2   2   2   2   3   2 |     TCC   1   1   1   1   1   1 |     TAC   0   0   0   0   0   0 |     TGC   0   0   0   0   0   0
Leu TTA   0   0   0   0   0   0 |     TCA   0   0   0   0   0   0 | *** TAA   0   0   0   0   0   0 | *** TGA   0   0   0   0   0   0
    TTG   0   0   0   0   0   0 |     TCG   0   0   0   0   0   0 |     TAG   0   0   0   0   0   0 | Trp TGG   0   0   0   0   0   0
--------------------------------------------------------------------------------------------------------------------------------------
Leu CTT   0   0   0   0   0   0 | Pro CCT   0   0   0   0   0   0 | His CAT   1   3   2   1   1   2 | Arg CGT   0   0   0   0   0   0
    CTC   0   0   0   0   0   0 |     CCC   1   1   1   1   1   1 |     CAC   4   2   3   4   4   3 |     CGC   0   0   0   0   0   0
    CTA   1   1   1   1   1   1 |     CCA   1   1   1   1   1   1 | Gln CAA   0   0   0   0   0   0 |     CGA   1   1   1   1   1   1
    CTG   5   5   5   5   5   5 |     CCG   0   0   0   0   0   0 |     CAG   2   2   2   2   2   2 |     CGG   0   0   0   0   0   0
--------------------------------------------------------------------------------------------------------------------------------------
Ile ATT   1   1   1   1   1   1 | Thr ACT   1   1   1   1   1   1 | Asn AAT   0   0   0   0   0   0 | Ser AGT   1   1   1   1   1   1
    ATC   1   1   1   1   1   1 |     ACC   2   2   2   2   2   2 |     AAC   1   1   1   1   1   1 |     AGC   6   6   6   6   6   6
    ATA   0   0   0   0   0   0 |     ACA   0   1   0   0   1   0 | Lys AAA   0   0   0   0   0   0 | Arg AGA   0   0   0   0   0   0
Met ATG   2   2   2   2   2   2 |     ACG   0   0   0   0   0   0 |     AAG   4   4   4   4   4   4 |     AGG   2   2   2   2   2   2
--------------------------------------------------------------------------------------------------------------------------------------
Val GTT   1   1   1   1   1   1 | Ala GCT   1   1   1   1   1   1 | Asp GAT   1   1   1   1   1   1 | Gly GGT   0   0   0   0   0   0
    GTC   5   5   5   5   5   5 |     GCC   1   1   1   1   1   1 |     GAC   3   3   3   3   3   3 |     GGC   1   1   1   1   1   1
    GTA   0   0   0   0   0   0 |     GCA   4   3   4   4   3   4 | Glu GAA   1   1   1   1   1   1 |     GGA   0   0   0   0   0   0
    GTG   2   2   2   2   2   2 |     GCG   0   0   0   0   0   0 |     GAG   2   2   2   2   2   2 |     GGG   0   0   0   0   0   0
--------------------------------------------------------------------------------------------------------------------------------------

--------------------------------------------------------------------------------------------------------------------------------------
Phe TTT   1   1   1   1   1   1 | Ser TCT   1   1   1   1   1   1 | Tyr TAT   1   1   1   1   1   1 | Cys TGT   0   0   0   0   0   0
    TTC   2   2   2   2   2   2 |     TCC   1   1   1   1   1   1 |     TAC   0   0   0   0   0   0 |     TGC   0   0   0   0   0   0
Leu TTA   0   0   0   0   0   0 |     TCA   0   0   0   0   0   0 | *** TAA   0   0   0   0   0   0 | *** TGA   0   0   0   0   0   0
    TTG   0   0   0   0   0   0 |     TCG   0   0   0   0   0   0 |     TAG   0   0   0   0   0   0 | Trp TGG   0   0   0   0   0   0
--------------------------------------------------------------------------------------------------------------------------------------
Leu CTT   0   0   0   0   0   0 | Pro CCT   0   0   0   0   0   0 | His CAT   3   3   1   3   2   2 | Arg CGT   0   0   0   0   0   0
    CTC   0   0   0   0   0   0 |     CCC   1   1   1   1   1   1 |     CAC   2   2   4   2   3   3 |     CGC   0   0   0   0   0   0
    CTA   1   1   1   1   1   1 |     CCA   1   1   1   1   1   1 | Gln CAA   1   0   0   0   0   0 |     CGA   1   1   1   1   1   1
    CTG   5   5   5   5   5   5 |     CCG   0   0   0   0   0   0 |     CAG   1   2   2   2   2   2 |     CGG   0   0   0   0   0   0
--------------------------------------------------------------------------------------------------------------------------------------
Ile ATT   1   1   1   2   1   1 | Thr ACT   1   1   1   1   1   1 | Asn AAT   0   0   0   0   0   0 | Ser AGT   1   2   1   1   1   2
    ATC   1   2   2   0   1   1 |     ACC   2   2   2   2   2   2 |     AAC   1   1   1   1   1   1 |     AGC   6   5   6   6   6   5
    ATA   0   0   0   0   0   0 |     ACA   1   1   0   1   0   0 | Lys AAA   0   0   0   0   0   0 | Arg AGA   0   0   0   0   0   0
Met ATG   2   2   2   2   2   2 |     ACG   0   0   0   0   0   0 |     AAG   4   4   4   4   4   4 |     AGG   2   2   2   2   2   2
--------------------------------------------------------------------------------------------------------------------------------------
Val GTT   1   1   1   1   1   1 | Ala GCT   1   1   1   1   1   1 | Asp GAT   1   1   1   1   1   1 | Gly GGT   0   0   0   0   0   0
    GTC   5   4   4   5   5   5 |     GCC   1   1   1   1   1   1 |     GAC   3   3   3   3   3   3 |     GGC   1   1   1   1   1   1
    GTA   0   0   0   0   0   0 |     GCA   3   3   4   3   4   4 | Glu GAA   1   1   1   1   1   1 |     GGA   0   0   0   0   0   0
    GTG   2   2   2   2   2   2 |     GCG   0   0   0   0   0   0 |     GAG   2   2   2   2   2   2 |     GGG   0   0   0   0   0   0
--------------------------------------------------------------------------------------------------------------------------------------

--------------------------------------------------------------------------------------------------------------------------------------
Phe TTT   1   1   1   1   1   1 | Ser TCT   1   1   1   1   1   1 | Tyr TAT   1   1   1   1   1   1 | Cys TGT   0   0   0   0   0   0
    TTC   2   2   2   2   2   2 |     TCC   1   1   1   1   1   1 |     TAC   0   0   0   0   0   0 |     TGC   0   0   0   0   0   0
Leu TTA   0   0   0   0   0   0 |     TCA   0   0   0   0   0   0 | *** TAA   0   0   0   0   0   0 | *** TGA   0   0   0   0   0   0
    TTG   0   0   0   0   0   0 |     TCG   0   0   0   0   0   0 |     TAG   0   0   0   0   0   0 | Trp TGG   0   0   0   0   0   0
--------------------------------------------------------------------------------------------------------------------------------------
Leu CTT   0   0   0   0   0   0 | Pro CCT   0   0   0   0   0   0 | His CAT   3   3   1   3   1   3 | Arg CGT   0   0   0   0   0   0
    CTC   0   0   0   0   0   0 |     CCC   1   1   1   1   1   1 |     CAC   2   2   4   2   4   2 |     CGC   0   0   0   0   0   0
    CTA   1   1   1   1   1   1 |     CCA   1   1   1   1   1   1 | Gln CAA   0   0   0   0   0   0 |     CGA   1   1   1   1   1   1
    CTG   5   5   5   5   5   5 |     CCG   0   0   0   0   0   0 |     CAG   2   2   2   2   2   2 |     CGG   0   0   0   0   0   0
--------------------------------------------------------------------------------------------------------------------------------------
Ile ATT   0   0   1   1   1   2 | Thr ACT   0   0   1   1   1   1 | Asn AAT   0   0   0   0   0   0 | Ser AGT   1   1   1   1   1   1
    ATC   2   2   1   1   1   0 |     ACC   3   3   2   2   2   2 |     AAC   1   1   1   1   1   1 |     AGC   6   6   6   6   6   6
    ATA   0   0   0   0   0   0 |     ACA   1   1   0   1   0   1 | Lys AAA   0   0   0   0   0   0 | Arg AGA   0   0   0   0   0   0
Met ATG   2   2   2   2   2   2 |     ACG   0   0   0   0   0   0 |     AAG   4   4   4   4   4   4 |     AGG   2   2   2   2   2   2
--------------------------------------------------------------------------------------------------------------------------------------
Val GTT   1   1   1   1   1   1 | Ala GCT   1   1   1   1   1   1 | Asp GAT   1   1   1   1   1   1 | Gly GGT   0   0   0   0   0   0
    GTC   5   5   5   5   5   5 |     GCC   1   1   1   1   1   1 |     GAC   3   3   3   3   3   3 |     GGC   0   0   1   1   1   1
    GTA   0   0   0   0   0   0 |     GCA   3   3   4   3   4   3 | Glu GAA   1   1   1   1   1   1 |     GGA   1   1   0   0   0   0
    GTG   2   2   2   2   2   2 |     GCG   0   0   0   0   0   0 |     GAG   2   2   2   2   2   2 |     GGG   0   0   0   0   0   0
--------------------------------------------------------------------------------------------------------------------------------------

--------------------------------------------------------------------------------------------------------------------------------------
Phe TTT   1   1   1   1   1   1 | Ser TCT   1   1   1   1   1   1 | Tyr TAT   1   1   1   1   1   1 | Cys TGT   0   0   0   0   0   0
    TTC   2   2   2   2   2   2 |     TCC   1   1   1   1   1   1 |     TAC   0   0   0   0   0   0 |     TGC   0   0   0   0   0   0
Leu TTA   0   0   0   0   0   0 |     TCA   0   0   0   0   0   0 | *** TAA   0   0   0   0   0   0 | *** TGA   0   0   0   0   0   0
    TTG   0   0   0   0   0   0 |     TCG   0   0   0   0   0   0 |     TAG   0   0   0   0   0   0 | Trp TGG   0   0   0   0   0   0
--------------------------------------------------------------------------------------------------------------------------------------
Leu CTT   0   0   0   0   0   0 | Pro CCT   0   0   0   0   0   0 | His CAT   2   3   3   1   3   1 | Arg CGT   0   0   0   0   0   0
    CTC   0   0   0   0   0   0 |     CCC   1   1   1   1   1   1 |     CAC   3   2   2   4   2   4 |     CGC   0   0   0   0   0   0
    CTA   1   1   1   1   1   1 |     CCA   1   1   1   1   1   1 | Gln CAA   0   0   0   0   0   0 |     CGA   1   1   1   1   1   1
    CTG   5   5   5   5   5   5 |     CCG   0   0   0   0   0   0 |     CAG   2   2   2   2   2   2 |     CGG   0   0   0   0   0   0
--------------------------------------------------------------------------------------------------------------------------------------
Ile ATT   1   2   0   1   1   1 | Thr ACT   1   1   0   1   1   1 | Asn AAT   0   0   0   0   0   0 | Ser AGT   1   1   1   1   2   1
    ATC   1   0   2   1   1   1 |     ACC   2   2   3   2   2   2 |     AAC   1   1   2   1   1   1 |     AGC   6   6   6   6   5   6
    ATA   0   0   0   0   0   0 |     ACA   0   1   1   0   1   0 | Lys AAA   0   0   0   0   0   0 | Arg AGA   0   0   0   0   0   0
Met ATG   2   2   2   2   2   2 |     ACG   0   0   0   0   0   0 |     AAG   4   4   4   4   4   4 |     AGG   2   2   2   2   2   2
--------------------------------------------------------------------------------------------------------------------------------------
Val GTT   1   1   2   1   1   1 | Ala GCT   1   1   1   1   1   1 | Asp GAT   1   1   1   1   1   1 | Gly GGT   0   0   0   0   0   0
    GTC   5   5   5   5   5   5 |     GCC   1   1   1   1   1   1 |     GAC   3   3   2   3   3   3 |     GGC   1   1   0   1   1   1
    GTA   0   0   0   0   1   0 |     GCA   4   3   3   4   3   4 | Glu GAA   1   1   1   1   1   1 |     GGA   0   0   1   0   0   0
    GTG   2   2   1   2   1   2 |     GCG   0   0   0   0   0   0 |     GAG   2   2   2   2   2   2 |     GGG   0   0   0   0   0   0
--------------------------------------------------------------------------------------------------------------------------------------

--------------------------------------------------------------------------------------------------------------------------------------
Phe TTT   1   1   1   1   1   1 | Ser TCT   1   2   1   1   1   1 | Tyr TAT   1   1   1   1   1   1 | Cys TGT   0   0   0   0   0   0
    TTC   2   2   2   2   2   2 |     TCC   1   0   1   1   1   1 |     TAC   0   0   0   0   0   0 |     TGC   0   0   0   0   0   0
Leu TTA   0   0   0   0   0   0 |     TCA   0   0   0   0   0   0 | *** TAA   0   0   0   0   0   0 | *** TGA   0   0   0   0   0   0
    TTG   0   0   0   0   0   0 |     TCG   0   0   0   0   0   0 |     TAG   0   0   0   0   0   0 | Trp TGG   0   0   0   0   0   0
--------------------------------------------------------------------------------------------------------------------------------------
Leu CTT   0   0   0   0   0   0 | Pro CCT   0   0   0   0   0   0 | His CAT   1   3   1   2   2   3 | Arg CGT   0   0   0   0   0   0
    CTC   0   0   0   0   0   0 |     CCC   1   1   1   1   1   1 |     CAC   4   2   4   3   3   2 |     CGC   0   0   0   0   0   0
    CTA   1   1   1   1   1   1 |     CCA   1   1   1   1   1   1 | Gln CAA   0   0   0   0   0   0 |     CGA   1   1   1   1   1   1
    CTG   5   5   5   5   5   5 |     CCG   0   0   0   0   0   0 |     CAG   2   2   2   2   2   2 |     CGG   0   0   0   0   0   0
--------------------------------------------------------------------------------------------------------------------------------------
Ile ATT   1   1   1   1   1   0 | Thr ACT   1   1   1   1   1   0 | Asn AAT   0   0   0   0   0   0 | Ser AGT   1   1   1   1   1   1
    ATC   1   2   1   1   2   2 |     ACC   2   2   2   2   2   3 |     AAC   1   1   1   1   1   1 |     AGC   6   6   6   6   6   6
    ATA   0   0   0   0   0   0 |     ACA   1   1   0   0   0   1 | Lys AAA   0   0   0   0   0   0 | Arg AGA   0   0   0   0   0   0
Met ATG   2   2   2   2   2   2 |     ACG   0   0   0   0   0   0 |     AAG   4   4   4   4   4   4 |     AGG   2   2   2   2   2   2
--------------------------------------------------------------------------------------------------------------------------------------
Val GTT   1   1   1   1   1   1 | Ala GCT   1   1   1   1   1   1 | Asp GAT   1   1   1   1   1   1 | Gly GGT   0   0   0   0   0   0
    GTC   5   4   5   5   4   5 |     GCC   1   1   1   1   1   1 |     GAC   3   3   3   3   3   3 |     GGC   1   1   1   1   1   0
    GTA   0   0   0   0   0   0 |     GCA   3   3   4   4   4   3 | Glu GAA   1   2   1   1   1   1 |     GGA   0   0   0   0   0   1
    GTG   2   2   2   2   2   2 |     GCG   0   0   0   0   0   0 |     GAG   2   1   2   2   2   2 |     GGG   0   0   0   0   0   0
--------------------------------------------------------------------------------------------------------------------------------------

--------------------------------------------------------------------------------------------------------------------------------------
Phe TTT   1   1   1   1   1   1 | Ser TCT   1   1   1   1   1   1 | Tyr TAT   1   1   1   1   1   1 | Cys TGT   0   0   0   0   0   0
    TTC   2   2   2   2   2   2 |     TCC   1   1   1   1   1   1 |     TAC   0   0   0   0   0   0 |     TGC   0   0   0   0   0   0
Leu TTA   0   0   0   0   0   0 |     TCA   0   0   0   0   0   0 | *** TAA   0   0   0   0   0   0 | *** TGA   0   0   0   0   0   0
    TTG   0   0   0   0   0   0 |     TCG   0   0   0   0   0   0 |     TAG   0   0   0   0   0   0 | Trp TGG   0   0   0   0   0   0
--------------------------------------------------------------------------------------------------------------------------------------
Leu CTT   0   0   0   0   0   0 | Pro CCT   0   0   0   0   0   0 | His CAT   3   3   3   3   3   1 | Arg CGT   0   0   0   0   0   0
    CTC   0   0   0   0   0   0 |     CCC   1   1   1   1   1   1 |     CAC   2   2   2   2   2   3 |     CGC   0   0   0   0   0   1
    CTA   1   1   1   1   1   1 |     CCA   1   1   1   1   1   1 | Gln CAA   0   0   0   0   0   0 |     CGA   1   1   1   1   1   1
    CTG   5   5   5   5   5   5 |     CCG   0   0   0   0   0   0 |     CAG   2   2   2   2   2   2 |     CGG   0   0   0   0   0   0
--------------------------------------------------------------------------------------------------------------------------------------
Ile ATT   0   1   0   0   1   1 | Thr ACT   0   1   0   0   1   1 | Asn AAT   0   0   0   0   0   0 | Ser AGT   1   1   1   1   1   1
    ATC   2   1   2   2   1   2 |     ACC   3   2   3   3   2   2 |     AAC   1   1   1   1   1   0 |     AGC   6   6   6   6   6   6
    ATA   0   0   0   0   0   0 |     ACA   1   0   1   1   1   0 | Lys AAA   0   0   0   0   0   0 | Arg AGA   0   0   0   0   0   0
Met ATG   2   2   2   2   2   1 |     ACG   0   0   0   0   0   1 |     AAG   4   4   4   4   4   4 |     AGG   2   2   2   2   2   2
--------------------------------------------------------------------------------------------------------------------------------------
Val GTT   1   1   1   1   1   1 | Ala GCT   1   1   1   1   1   1 | Asp GAT   1   1   1   1   1   1 | Gly GGT   0   0   0   0   0   0
    GTC   5   5   5   5   5   4 |     GCC   1   1   1   1   1   2 |     GAC   3   3   3   3   3   3 |     GGC   0   1   0   0   1   2
    GTA   0   0   0   0   0   0 |     GCA   3   4   3   3   3   3 | Glu GAA   1   1   1   1   2   1 |     GGA   1   0   1   1   0   0
    GTG   2   2   2   2   2   2 |     GCG   0   0   0   0   0   0 |     GAG   2   2   2   2   1   2 |     GGG   0   0   0   0   0   0
--------------------------------------------------------------------------------------------------------------------------------------

--------------------------------------------------------------------------------------------------------------------------------------
Phe TTT   1   0   1   1   1   1 | Ser TCT   1   0   1   1   1   1 | Tyr TAT   1   1   1   1   1   1 | Cys TGT   0   0   0   0   0   0
    TTC   2   3   2   2   2   2 |     TCC   1   2   1   1   1   1 |     TAC   0   0   0   0   0   0 |     TGC   0   0   0   0   0   0
Leu TTA   0   0   0   0   0   0 |     TCA   0   0   1   0   0   0 | *** TAA   0   0   0   0   0   0 | *** TGA   0   0   0   0   0   0
    TTG   0   0   0   0   0   0 |     TCG   0   0   0   0   0   0 |     TAG   0   0   0   0   0   0 | Trp TGG   0   0   0   0   0   0
--------------------------------------------------------------------------------------------------------------------------------------
Leu CTT   0   0   0   0   0   0 | Pro CCT   0   0   0   0   0   0 | His CAT   2   3   2   3   3   3 | Arg CGT   0   0   0   0   0   0
    CTC   0   0   0   0   0   0 |     CCC   1   1   1   1   1   1 |     CAC   3   2   3   2   2   2 |     CGC   0   0   0   0   0   0
    CTA   1   1   1   1   1   1 |     CCA   1   1   0   1   1   1 | Gln CAA   0   0   0   1   0   0 |     CGA   1   1   1   1   1   1
    CTG   5   5   5   5   5   5 |     CCG   0   0   0   0   0   0 |     CAG   2   2   2   1   2   2 |     CGG   0   0   0   0   0   0
--------------------------------------------------------------------------------------------------------------------------------------
Ile ATT   1   1   1   1   2   2 | Thr ACT   1   1   1   0   1   1 | Asn AAT   0   0   0   0   0   0 | Ser AGT   1   2   1   1   1   1
    ATC   1   1   1   1   0   0 |     ACC   2   2   2   3   2   2 |     AAC   1   1   1   1   1   1 |     AGC   6   5   6   6   6   6
    ATA   0   0   0   0   0   0 |     ACA   0   1   0   1   1   1 | Lys AAA   0   0   0   0   0   0 | Arg AGA   0   0   0   0   0   0
Met ATG   2   2   2   2   2   2 |     ACG   0   0   0   0   0   0 |     AAG   4   4   4   4   4   4 |     AGG   2   2   2   2   2   2
--------------------------------------------------------------------------------------------------------------------------------------
Val GTT   1   1   1   1   1   1 | Ala GCT   1   1   1   1   1   1 | Asp GAT   1   1   1   1   1   1 | Gly GGT   0   0   0   0   0   0
    GTC   5   5   5   5   5   5 |     GCC   1   1   1   1   1   1 |     GAC   3   3   3   3   3   3 |     GGC   1   1   1   1   1   1
    GTA   1   0   0   0   0   0 |     GCA   4   3   4   3   3   3 | Glu GAA   1   1   1   1   1   1 |     GGA   0   0   0   0   0   0
    GTG   1   2   2   2   2   2 |     GCG   0   0   0   0   0   0 |     GAG   2   2   2   2   2   2 |     GGG   0   0   0   0   0   0
--------------------------------------------------------------------------------------------------------------------------------------

Codon position x base (3x4) table for each sequence.

#1: Argali         
position  1:    T:0.09231    C:0.24615    A:0.32308    G:0.33846
position  2:    T:0.32308    C:0.20000    A:0.30769    G:0.16923
position  3:    T:0.15385    C:0.43077    A:0.12308    G:0.29231
Average         T:0.18974    C:0.29231    A:0.25128    G:0.26667

#2: LesserMouseDeer
position  1:    T:0.09231    C:0.24615    A:0.29231    G:0.36923
position  2:    T:0.32308    C:0.20000    A:0.32308    G:0.15385
position  3:    T:0.18462    C:0.41538    A:0.09231    G:0.30769
Average         T:0.20000    C:0.28718    A:0.23590    G:0.27692

#3: LesserKudu     
position  1:    T:0.09231    C:0.24615    A:0.33846    G:0.32308
position  2:    T:0.32308    C:0.20000    A:0.30769    G:0.16923
position  3:    T:0.20000    C:0.38462    A:0.13846    G:0.27692
Average         T:0.20513    C:0.27692    A:0.26154    G:0.25641

#4: ForestMuskDeer2
position  1:    T:0.09231    C:0.24615    A:0.33846    G:0.32308
position  2:    T:0.32308    C:0.20000    A:0.30769    G:0.16923
position  3:    T:0.16923    C:0.41538    A:0.13846    G:0.27692
Average         T:0.19487    C:0.28718    A:0.26154    G:0.25641

#5: Camel          
position  1:    T:0.09231    C:0.24615    A:0.30769    G:0.35385
position  2:    T:0.32308    C:0.20000    A:0.30769    G:0.16923
position  3:    T:0.16923    C:0.41538    A:0.09231    G:0.32308
Average         T:0.19487    C:0.28718    A:0.23590    G:0.28205

#6: KillerWhale    
position  1:    T:0.09231    C:0.24615    A:0.30769    G:0.35385
position  2:    T:0.32308    C:0.20000    A:0.29231    G:0.18462
position  3:    T:0.16923    C:0.40000    A:0.12308    G:0.30769
Average         T:0.19487    C:0.28205    A:0.24103    G:0.28205

#7: DefassaWaterbuck
position  1:    T:0.09231    C:0.24615    A:0.32308    G:0.33846
position  2:    T:0.32308    C:0.20000    A:0.30769    G:0.16923
position  3:    T:0.16923    C:0.41538    A:0.12308    G:0.29231
Average         T:0.19487    C:0.28718    A:0.25128    G:0.26667

#8: Sheep          
position  1:    T:0.09231    C:0.24615    A:0.32308    G:0.33846
position  2:    T:0.32308    C:0.20000    A:0.30769    G:0.16923
position  3:    T:0.15385    C:0.43077    A:0.12308    G:0.29231
Average         T:0.18974    C:0.29231    A:0.25128    G:0.26667

#9: MaxwellsDuiker 
position  1:    T:0.09231    C:0.24615    A:0.30769    G:0.35385
position  2:    T:0.32308    C:0.20000    A:0.30769    G:0.16923
position  3:    T:0.16923    C:0.41538    A:0.12308    G:0.29231
Average         T:0.19487    C:0.28718    A:0.24615    G:0.27179

#10: GazellaPrzewalskyi
position  1:    T:0.09231    C:0.24615    A:0.32308    G:0.33846
position  2:    T:0.32308    C:0.20000    A:0.30769    G:0.16923
position  3:    T:0.13846    C:0.44615    A:0.13846    G:0.27692
Average         T:0.18462    C:0.29744    A:0.25641    G:0.26154

#11: MountainNyala  
position  1:    T:0.09231    C:0.24615    A:0.33846    G:0.32308
position  2:    T:0.32308    C:0.20000    A:0.30769    G:0.16923
position  3:    T:0.20000    C:0.38462    A:0.12308    G:0.29231
Average         T:0.20513    C:0.27692    A:0.25641    G:0.26154

#12: MuntiacusMuntjak
position  1:    T:0.10769    C:0.23077    A:0.33846    G:0.32308
position  2:    T:0.32308    C:0.20000    A:0.30769    G:0.16923
position  3:    T:0.15385    C:0.41538    A:0.13846    G:0.29231
Average         T:0.19487    C:0.28205    A:0.26154    G:0.26154

#13: goat           
position  1:    T:0.09231    C:0.24615    A:0.32308    G:0.33846
position  2:    T:0.32308    C:0.20000    A:0.30769    G:0.16923
position  3:    T:0.15385    C:0.43077    A:0.12308    G:0.29231
Average         T:0.18974    C:0.29231    A:0.25128    G:0.26667

#14: AfricanBuffalo 
position  1:    T:0.09231    C:0.24615    A:0.33846    G:0.32308
position  2:    T:0.32308    C:0.20000    A:0.30769    G:0.16923
position  3:    T:0.18462    C:0.40000    A:0.12308    G:0.29231
Average         T:0.20000    C:0.28205    A:0.25641    G:0.26154

#15: Topi           
position  1:    T:0.09231    C:0.24615    A:0.32308    G:0.33846
position  2:    T:0.32308    C:0.20000    A:0.30769    G:0.16923
position  3:    T:0.16923    C:0.41538    A:0.12308    G:0.29231
Average         T:0.19487    C:0.28718    A:0.25128    G:0.26667

#16: CommonDuiker   
position  1:    T:0.09231    C:0.24615    A:0.32308    G:0.33846
position  2:    T:0.32308    C:0.20000    A:0.30769    G:0.16923
position  3:    T:0.15385    C:0.43077    A:0.12308    G:0.29231
Average         T:0.18974    C:0.29231    A:0.25128    G:0.26667

#17: Suni           
position  1:    T:0.09231    C:0.24615    A:0.33846    G:0.32308
position  2:    T:0.32308    C:0.20000    A:0.30769    G:0.16923
position  3:    T:0.13846    C:0.44615    A:0.12308    G:0.29231
Average         T:0.18462    C:0.29744    A:0.25641    G:0.26154

#18: Springbuck     
position  1:    T:0.09231    C:0.24615    A:0.32308    G:0.33846
position  2:    T:0.32308    C:0.20000    A:0.30769    G:0.16923
position  3:    T:0.16923    C:0.41538    A:0.12308    G:0.29231
Average         T:0.19487    C:0.28718    A:0.25128    G:0.26667

#19: Okapi          
position  1:    T:0.09231    C:0.24615    A:0.33846    G:0.32308
position  2:    T:0.32308    C:0.20000    A:0.30769    G:0.16923
position  3:    T:0.18462    C:0.40000    A:0.13846    G:0.27692
Average         T:0.20000    C:0.28205    A:0.26154    G:0.25641

#20: Giraffe        
position  1:    T:0.09231    C:0.24615    A:0.35385    G:0.30769
position  2:    T:0.32308    C:0.20000    A:0.30769    G:0.16923
position  3:    T:0.20000    C:0.38462    A:0.12308    G:0.29231
Average         T:0.20513    C:0.27692    A:0.26154    G:0.25641

#21: TibetanAntelope
position  1:    T:0.09231    C:0.24615    A:0.33846    G:0.32308
position  2:    T:0.32308    C:0.20000    A:0.30769    G:0.16923
position  3:    T:0.15385    C:0.43077    A:0.12308    G:0.29231
Average         T:0.18974    C:0.29231    A:0.25641    G:0.26154

#22: Sitatunga      
position  1:    T:0.09231    C:0.24615    A:0.33846    G:0.32308
position  2:    T:0.32308    C:0.20000    A:0.30769    G:0.16923
position  3:    T:0.20000    C:0.38462    A:0.12308    G:0.29231
Average         T:0.20513    C:0.27692    A:0.25641    G:0.26154

#23: Oribi          
position  1:    T:0.09231    C:0.24615    A:0.32308    G:0.33846
position  2:    T:0.32308    C:0.20000    A:0.30769    G:0.16923
position  3:    T:0.16923    C:0.41538    A:0.12308    G:0.29231
Average         T:0.19487    C:0.28718    A:0.25128    G:0.26667

#24: BarbarySheep   
position  1:    T:0.09231    C:0.24615    A:0.32308    G:0.33846
position  2:    T:0.32308    C:0.20000    A:0.30769    G:0.16923
position  3:    T:0.18462    C:0.40000    A:0.12308    G:0.29231
Average         T:0.20000    C:0.28205    A:0.25128    G:0.26667

#25: Daviddeer      
position  1:    T:0.09231    C:0.24615    A:0.33846    G:0.32308
position  2:    T:0.32308    C:0.20000    A:0.30769    G:0.16923
position  3:    T:0.15385    C:0.41538    A:0.13846    G:0.29231
Average         T:0.18974    C:0.28718    A:0.26154    G:0.26154

#26: Reindeer       
position  1:    T:0.09231    C:0.24615    A:0.33846    G:0.32308
position  2:    T:0.32308    C:0.20000    A:0.30769    G:0.16923
position  3:    T:0.15385    C:0.41538    A:0.13846    G:0.29231
Average         T:0.18974    C:0.28718    A:0.26154    G:0.26154

#27: Ibex           
position  1:    T:0.09231    C:0.24615    A:0.32308    G:0.33846
position  2:    T:0.32308    C:0.20000    A:0.30769    G:0.16923
position  3:    T:0.15385    C:0.43077    A:0.12308    G:0.29231
Average         T:0.18974    C:0.29231    A:0.25128    G:0.26667

#28: GyrantGazelle  
position  1:    T:0.09231    C:0.24615    A:0.33846    G:0.32308
position  2:    T:0.32308    C:0.20000    A:0.30769    G:0.16923
position  3:    T:0.18462    C:0.40000    A:0.12308    G:0.29231
Average         T:0.20000    C:0.28205    A:0.25641    G:0.26154

#29: Hartebeest     
position  1:    T:0.09231    C:0.24615    A:0.32308    G:0.33846
position  2:    T:0.32308    C:0.20000    A:0.30769    G:0.16923
position  3:    T:0.15385    C:0.43077    A:0.12308    G:0.29231
Average         T:0.18974    C:0.29231    A:0.25128    G:0.26667

#30: Bongo          
position  1:    T:0.09231    C:0.24615    A:0.33846    G:0.32308
position  2:    T:0.32308    C:0.20000    A:0.30769    G:0.16923
position  3:    T:0.20000    C:0.38462    A:0.12308    G:0.29231
Average         T:0.20513    C:0.27692    A:0.25641    G:0.26154

#31: Gerenuk        
position  1:    T:0.09231    C:0.24615    A:0.32308    G:0.33846
position  2:    T:0.32308    C:0.20000    A:0.30769    G:0.16923
position  3:    T:0.16923    C:0.41538    A:0.12308    G:0.29231
Average         T:0.19487    C:0.28718    A:0.25128    G:0.26667

#32: CommonEland    
position  1:    T:0.09231    C:0.24615    A:0.33846    G:0.32308
position  2:    T:0.32308    C:0.20000    A:0.30769    G:0.16923
position  3:    T:0.20000    C:0.38462    A:0.12308    G:0.29231
Average         T:0.20513    C:0.27692    A:0.25641    G:0.26154

#33: MuntiacusReevesi
position  1:    T:0.09231    C:0.24615    A:0.35385    G:0.30769
position  2:    T:0.32308    C:0.20000    A:0.30769    G:0.16923
position  3:    T:0.16923    C:0.41538    A:0.13846    G:0.27692
Average         T:0.19487    C:0.28718    A:0.26667    G:0.25128

#34: HarveysDuiker  
position  1:    T:0.09231    C:0.24615    A:0.32308    G:0.33846
position  2:    T:0.32308    C:0.20000    A:0.30769    G:0.16923
position  3:    T:0.15385    C:0.43077    A:0.12308    G:0.29231
Average         T:0.18974    C:0.29231    A:0.25128    G:0.26667

#35: Pronghorn      
position  1:    T:0.09231    C:0.24615    A:0.33846    G:0.32308
position  2:    T:0.32308    C:0.20000    A:0.30769    G:0.16923
position  3:    T:0.20000    C:0.38462    A:0.13846    G:0.27692
Average         T:0.20513    C:0.27692    A:0.26154    G:0.25641

#36: BlueWildebeest 
position  1:    T:0.09231    C:0.24615    A:0.32308    G:0.33846
position  2:    T:0.32308    C:0.20000    A:0.30769    G:0.16923
position  3:    T:0.15385    C:0.43077    A:0.12308    G:0.29231
Average         T:0.18974    C:0.29231    A:0.25128    G:0.26667

#37: Gemsbok        
position  1:    T:0.09231    C:0.24615    A:0.33846    G:0.32308
position  2:    T:0.32308    C:0.20000    A:0.30769    G:0.16923
position  3:    T:0.15385    C:0.43077    A:0.12308    G:0.29231
Average         T:0.18974    C:0.29231    A:0.25641    G:0.26154

#38: Yak            
position  1:    T:0.09231    C:0.24615    A:0.35385    G:0.30769
position  2:    T:0.32308    C:0.20000    A:0.30769    G:0.16923
position  3:    T:0.20000    C:0.38462    A:0.13846    G:0.27692
Average         T:0.20513    C:0.27692    A:0.26667    G:0.25128

#39: BlueSheep      
position  1:    T:0.09231    C:0.24615    A:0.32308    G:0.33846
position  2:    T:0.32308    C:0.20000    A:0.30769    G:0.16923
position  3:    T:0.15385    C:0.43077    A:0.12308    G:0.29231
Average         T:0.18974    C:0.29231    A:0.25128    G:0.26667

#40: BohorReedbuck  
position  1:    T:0.09231    C:0.24615    A:0.32308    G:0.33846
position  2:    T:0.32308    C:0.20000    A:0.30769    G:0.16923
position  3:    T:0.16923    C:0.41538    A:0.12308    G:0.29231
Average         T:0.19487    C:0.28718    A:0.25128    G:0.26667

#41: KirksDik       
position  1:    T:0.09231    C:0.24615    A:0.33846    G:0.32308
position  2:    T:0.32308    C:0.20000    A:0.30769    G:0.16923
position  3:    T:0.16923    C:0.41538    A:0.12308    G:0.29231
Average         T:0.19487    C:0.28718    A:0.25641    G:0.26154

#42: RoeDeer        
position  1:    T:0.09231    C:0.24615    A:0.33846    G:0.32308
position  2:    T:0.32308    C:0.20000    A:0.30769    G:0.16923
position  3:    T:0.15385    C:0.41538    A:0.13846    G:0.29231
Average         T:0.18974    C:0.28718    A:0.26154    G:0.26154

#43: WhiteLippedDeer
position  1:    T:0.09231    C:0.24615    A:0.33846    G:0.32308
position  2:    T:0.32308    C:0.20000    A:0.30769    G:0.16923
position  3:    T:0.15385    C:0.41538    A:0.13846    G:0.29231
Average         T:0.18974    C:0.28718    A:0.26154    G:0.26154

#44: ThomsonGazelle 
position  1:    T:0.09231    C:0.24615    A:0.32308    G:0.33846
position  2:    T:0.32308    C:0.20000    A:0.30769    G:0.16923
position  3:    T:0.18462    C:0.40000    A:0.12308    G:0.29231
Average         T:0.20000    C:0.28205    A:0.25128    G:0.26667

#45: MuntiacusCrinifrons
position  1:    T:0.09231    C:0.24615    A:0.33846    G:0.32308
position  2:    T:0.32308    C:0.20000    A:0.30769    G:0.16923
position  3:    T:0.15385    C:0.41538    A:0.13846    G:0.29231
Average         T:0.18974    C:0.28718    A:0.26154    G:0.26154

#46: WhiteTailedDeer
position  1:    T:0.09231    C:0.24615    A:0.33846    G:0.32308
position  2:    T:0.32308    C:0.20000    A:0.30769    G:0.16923
position  3:    T:0.15385    C:0.41538    A:0.13846    G:0.29231
Average         T:0.18974    C:0.28718    A:0.26154    G:0.26154

#47: Cattle         
position  1:    T:0.09231    C:0.24615    A:0.33846    G:0.32308
position  2:    T:0.32308    C:0.20000    A:0.30769    G:0.16923
position  3:    T:0.18462    C:0.40000    A:0.13846    G:0.27692
Average         T:0.20000    C:0.28205    A:0.26154    G:0.25641

#48: RoyalAntelope  
position  1:    T:0.09231    C:0.24615    A:0.32308    G:0.33846
position  2:    T:0.30769    C:0.21538    A:0.27692    G:0.20000
position  3:    T:0.15385    C:0.44615    A:0.10769    G:0.29231
Average         T:0.18462    C:0.30256    A:0.23590    G:0.27692

#49: Steenbok       
position  1:    T:0.09231    C:0.24615    A:0.32308    G:0.33846
position  2:    T:0.32308    C:0.20000    A:0.30769    G:0.16923
position  3:    T:0.16923    C:0.41538    A:0.13846    G:0.27692
Average         T:0.19487    C:0.28718    A:0.25641    G:0.26154

#50: Impala         
position  1:    T:0.09231    C:0.24615    A:0.33846    G:0.32308
position  2:    T:0.32308    C:0.20000    A:0.30769    G:0.16923
position  3:    T:0.16923    C:0.41538    A:0.12308    G:0.29231
Average         T:0.19487    C:0.28718    A:0.25641    G:0.26154

#51: Klipspringer   
position  1:    T:0.10769    C:0.23077    A:0.32308    G:0.33846
position  2:    T:0.32308    C:0.20000    A:0.30769    G:0.16923
