1
52 1
Argali 0.000000 0.271300 0.093100 0.209800 0.047600 0.023300 0.039400 0.063900 0.110200 0.111800 0.019400 0.075700 0.043100 0.051500 0.060000 0.051500 0.097000 0.101600 0.031400 0.080900 0.039300 0.019400 0.110400 0.101300 0.019500 0.047400 0.035200 0.093300 0.055400 0.080500 0.098600 0.047600 0.125000 0.043100 0.027300 0.067800 0.023400 0.047600 0.055400 0.088400 0.114800 0.039200 0.098400 0.101400 0.072100 0.047400 0.035200 0.039200 0.051500 0.071500 0.084900 0.110200
LesserMous 0.271300 0.000000 0.275800 0.266900 0.282100 0.291800 0.271400 0.282100 0.302800 0.279300 0.260700 0.260000 0.264100 0.276600 0.276500 0.275200 0.229000 0.249400 0.266300 0.267800 0.275900 0.260200 0.274900 0.235400 0.261100 0.286700 0.254800 0.271800 0.280600 0.277000 0.273800 0.276400 0.261500 0.254100 0.260000 0.260700 0.255600 0.272000 0.281200 0.253500 0.275100 0.280700 0.262900 0.240500 0.276400 0.286500 0.279800 0.286000 0.286000 0.269100 0.282700 0.281500
LesserKudu 0.093100 0.275800 0.000000 0.235000 0.084700 0.110200 0.076100 0.101800 0.038800 0.123600 0.080200 0.067200 0.084000 0.088900 0.084900 0.096800 0.096900 0.101500 0.088800 0.034800 0.084400 0.080100 0.127800 0.101400 0.076100 0.092900 0.067200 0.038700 0.096900 0.026500 0.118900 0.093400 0.129100 0.084100 0.079900 0.050900 0.084400 0.084900 0.088600 0.096800 0.123400 0.084200 0.109800 0.092400 0.071800 0.093000 0.079900 0.084300 0.105800 0.067100 0.030800 0.038800
KillerWhal 0.209800 0.266900 0.235000 0.000000 0.205900 0.228600 0.200500 0.199800 0.244900 0.246900 0.195100 0.176100 0.194100 0.195900 0.210600 0.204000 0.189500 0.184800 0.194900 0.230700 0.200200 0.194900 0.209900 0.213400 0.190700 0.199900 0.204300 0.235000 0.190100 0.224800 0.231500 0.215200 0.225600 0.203700 0.204300 0.195000 0.200100 0.204800 0.194600 0.208500 0.219700 0.199500 0.231200 0.214300 0.200300 0.209600 0.185100 0.190400 0.214200 0.203700 0.225600 0.234800
DefassaWat 0.047600 0.282100 0.084700 0.205900 0.000000 0.063900 0.039500 0.064100 0.101900 0.107700 0.035400 0.063500 0.059400 0.051700 0.047600 0.051400 0.097300 0.101500 0.043500 0.072700 0.039400 0.035300 0.102000 0.101600 0.031400 0.047500 0.051400 0.076400 0.055500 0.072300 0.103300 0.055900 0.129400 0.059400 0.043300 0.059700 0.039400 0.011600 0.051500 0.080200 0.106400 0.039300 0.094400 0.093100 0.063900 0.043300 0.035200 0.039300 0.055500 0.067600 0.076700 0.101800
Sheep 0.023300 0.291800 0.110200 0.228600 0.063900 0.000000 0.055500 0.080600 0.127500 0.120700 0.035300 0.092300 0.059200 0.067900 0.076600 0.070800 0.114000 0.118800 0.047400 0.097900 0.055500 0.035200 0.110400 0.113100 0.035300 0.066700 0.051200 0.110400 0.074600 0.097300 0.107300 0.055700 0.142900 0.059200 0.043200 0.084400 0.039300 0.064000 0.071800 0.096700 0.114900 0.058200 0.107100 0.113200 0.088800 0.047400 0.051100 0.055400 0.059600 0.088000 0.101900 0.127500
MaxwellsDu 0.039400 0.271400 0.076100 0.200500 0.039500 0.055500 0.000000 0.055700 0.093100 0.098700 0.027300 0.067500 0.043100 0.027400 0.051800 0.043200 0.080100 0.084000 0.035400 0.064100 0.031400 0.027300 0.101800 0.092800 0.023400 0.039300 0.035200 0.076400 0.047300 0.072200 0.085700 0.031400 0.120300 0.043100 0.027300 0.051400 0.031300 0.039500 0.035300 0.071700 0.097500 0.031300 0.085500 0.084400 0.055600 0.039300 0.027200 0.031300 0.051500 0.059300 0.068100 0.093100
GazellaPrz 0.063900 0.282100 0.101800 0.199800 0.064100 0.080600 0.055700 0.000000 0.110400 0.116700 0.051500 0.092700 0.075900 0.064000 0.076800 0.067700 0.097300 0.102000 0.059800 0.089600 0.055700 0.051400 0.110000 0.101600 0.047500 0.063900 0.067800 0.102000 0.063700 0.084900 0.103300 0.072500 0.116400 0.075900 0.059600 0.084700 0.055600 0.064200 0.063700 0.088600 0.115200 0.055500 0.103200 0.101800 0.089100 0.063900 0.039200 0.047400 0.068000 0.084100 0.093600 0.119100
MountainNy 0.110200 0.302800 0.038800 0.244900 0.101900 0.127500 0.093100 0.110400 0.000000 0.147600 0.097100 0.084000 0.092500 0.106000 0.102100 0.114000 0.114300 0.110300 0.105900 0.051200 0.101500 0.097000 0.136900 0.127600 0.093000 0.110100 0.084000 0.047000 0.114100 0.042900 0.142900 0.110600 0.147100 0.101000 0.096900 0.067600 0.101500 0.102000 0.105700 0.114100 0.132400 0.101300 0.133600 0.109800 0.088600 0.110100 0.096800 0.092900 0.123200 0.084100 0.029900 0.030300
MuntiacusM 0.111800 0.279300 0.123600 0.246900 0.107700 0.120700 0.098700 0.116700 0.147600 0.000000 0.098500 0.111100 0.115200 0.107400 0.121200 0.114500 0.106500 0.111300 0.107200 0.108200 0.107100 0.098300 0.076100 0.084100 0.094000 0.119500 0.106800 0.129900 0.119000 0.125300 0.019500 0.107900 0.148100 0.115400 0.098300 0.102900 0.094100 0.107800 0.102900 0.080300 0.072000 0.110400 0.011600 0.071300 0.116300 0.107300 0.093900 0.107100 0.120500 0.101800 0.121100 0.147500
goat 0.019400 0.260700 0.080200 0.195100 0.035400 0.035300 0.027300 0.051500 0.097100 0.098500 0.000000 0.063300 0.031100 0.039300 0.047600 0.039100 0.080000 0.088700 0.019500 0.068200 0.027300 0.007700 0.097300 0.088400 0.007700 0.035300 0.023300 0.080400 0.043200 0.067900 0.085600 0.043500 0.120200 0.031100 0.015500 0.055400 0.011600 0.035400 0.039200 0.075700 0.093100 0.027200 0.085400 0.088500 0.059600 0.035300 0.023300 0.027300 0.039300 0.063200 0.072200 0.097100
AfricanBuf 0.075700 0.260000 0.067200 0.176100 0.063500 0.092300 0.067500 0.092700 0.084000 0.111100 0.063300 0.000000 0.071200 0.071700 0.067800 0.071300 0.075700 0.087900 0.071200 0.063600 0.067400 0.063200 0.088500 0.079800 0.059300 0.075600 0.054900 0.063300 0.071300 0.055200 0.106700 0.084300 0.119600 0.063000 0.071300 0.023200 0.067400 0.063100 0.071500 0.075500 0.092800 0.067200 0.097800 0.063200 0.042800 0.075700 0.063000 0.067300 0.088200 0.046900 0.059400 0.067400
Topi 0.043100 0.264100 0.084000 0.194100 0.059400 0.059200 0.043100 0.075900 0.092500 0.115200 0.031100 0.071200 0.000000 0.055200 0.063700 0.063000 0.083800 0.096700 0.043100 0.072000 0.051100 0.031000 0.113900 0.096400 0.031100 0.059200 0.015300 0.084200 0.067200 0.080000 0.102100 0.059400 0.132700 0.022500 0.031000 0.055100 0.035100 0.059500 0.055100 0.083600 0.109600 0.051000 0.101900 0.096500 0.059300 0.059200 0.046800 0.051000 0.055200 0.071000 0.076000 0.100900
CommonDuik 0.051500 0.276600 0.088900 0.195900 0.051700 0.067900 0.027400 0.064000 0.106000 0.107400 0.039300 0.071700 0.055200 0.000000 0.064100 0.055300 0.088500 0.092600 0.047500 0.076700 0.043400 0.039300 0.101800 0.101300 0.035400 0.051500 0.047200 0.080700 0.055400 0.084800 0.094200 0.035300 0.129200 0.055200 0.039200 0.063700 0.043400 0.051700 0.047400 0.080000 0.097500 0.043300 0.094100 0.084500 0.067900 0.051500 0.039200 0.043300 0.063800 0.071600 0.080700 0.106000
Suni 0.060000 0.276500 0.084900 0.210600 0.047600 0.076600 0.051800 0.076800 0.102100 0.121200 0.047600 0.067800 0.063700 0.064100 0.000000 0.063800 0.097300 0.109900 0.055900 0.072800 0.043600 0.047500 0.115300 0.101900 0.043600 0.059900 0.051500 0.085200 0.059700 0.072500 0.116700 0.068500 0.120400 0.063700 0.055700 0.059800 0.051700 0.043600 0.064000 0.093000 0.119800 0.051600 0.107600 0.101900 0.064100 0.051500 0.047400 0.051600 0.063300 0.080200 0.076900 0.102100
Springbuck 0.051500 0.275200 0.096800 0.204000 0.051400 0.070800 0.043200 0.067700 0.114000 0.114500 0.039100 0.071300 0.063000 0.055300 0.063800 0.000000 0.092300 0.105400 0.047200 0.084600 0.035200 0.039000 0.100000 0.087800 0.035200 0.027200 0.055000 0.088600 0.035000 0.084300 0.092600 0.054600 0.128600 0.063100 0.047000 0.071500 0.043100 0.051400 0.050800 0.095400 0.104400 0.019300 0.101000 0.096300 0.075800 0.051200 0.039000 0.043100 0.063400 0.071200 0.080300 0.088500
Okapi 0.097000 0.229000 0.096900 0.189500 0.097300 0.114000 0.080100 0.097300 0.114300 0.106500 0.080000 0.075700 0.083800 0.088500 0.097300 0.092300 0.000000 0.050900 0.092800 0.093400 0.088200 0.084000 0.109400 0.083700 0.080100 0.096900 0.075700 0.105900 0.088200 0.093000 0.102000 0.097300 0.109500 0.083800 0.084000 0.075900 0.088400 0.097400 0.084200 0.079200 0.100800 0.088200 0.101800 0.083800 0.088600 0.096900 0.083800 0.088300 0.100900 0.075300 0.088900 0.105700
Giraffe 0.101600 0.249400 0.101500 0.184800 0.101500 0.118800 0.084000 0.102000 0.110300 0.111300 0.088700 0.087900 0.096700 0.092600 0.109900 0.105400 0.050900 0.000000 0.088900 0.098000 0.093100 0.088500 0.105500 0.088100 0.084500 0.101500 0.088500 0.109800 0.101200 0.097600 0.098100 0.101500 0.093100 0.096300 0.088500 0.079700 0.092300 0.101500 0.088700 0.083700 0.101200 0.092800 0.098000 0.079900 0.101200 0.101500 0.088300 0.092800 0.114500 0.079600 0.102000 0.118400
TibetanAnt 0.031400 0.266300 0.088800 0.194900 0.043500 0.047400 0.035400 0.059800 0.105900 0.107200 0.019500 0.071200 0.043100 0.047500 0.055900 0.047200 0.092800 0.088900 0.000000 0.076700 0.035400 0.019400 0.106100 0.097100 0.011600 0.043400 0.035200 0.088400 0.051300 0.076300 0.094100 0.051700 0.124900 0.042600 0.027300 0.063100 0.023400 0.043600 0.047400 0.084200 0.110500 0.035300 0.093900 0.097200 0.067500 0.043400 0.031200 0.035300 0.047400 0.071600 0.080700 0.105400
Sitatunga 0.080900 0.267800 0.034800 0.230700 0.072700 0.097900 0.064100 0.089600 0.051200 0.108200 0.068200 0.063600 0.072000 0.076700 0.072800 0.084600 0.093400 0.098000 0.076700 0.000000 0.072400 0.068100 0.106800 0.097800 0.064100 0.080800 0.055500 0.035200 0.076400 0.031200 0.103700 0.081200 0.116800 0.072100 0.068000 0.047500 0.064000 0.072700 0.076500 0.084600 0.102500 0.072200 0.094800 0.080500 0.059900 0.072400 0.067900 0.072300 0.093500 0.063600 0.027300 0.051200
Oribi 0.039300 0.275900 0.084400 0.200200 0.039400 0.055500 0.031400 0.055700 0.101500 0.107100 0.027300 0.067400 0.051100 0.043400 0.043600 0.035200 0.088200 0.093100 0.035400 0.072400 0.000000 0.027300 0.101700 0.088500 0.023400 0.031300 0.043200 0.084700 0.039200 0.072100 0.094300 0.047600 0.115700 0.051100 0.035200 0.059500 0.031300 0.039500 0.035300 0.080000 0.106100 0.023400 0.094100 0.092800 0.063700 0.039300 0.027200 0.031300 0.051400 0.067400 0.076400 0.101500
BarbaryShe 0.019400 0.260200 0.080100 0.194900 0.035300 0.035200 0.027300 0.051400 0.097000 0.098300 0.007700 0.063200 0.031000 0.039300 0.047500 0.039000 0.084000 0.088500 0.019400 0.068100 0.027300 0.000000 0.097100 0.088300 0.007500 0.035200 0.023200 0.080300 0.043100 0.067700 0.085400 0.043400 0.119900 0.031100 0.015400 0.055300 0.011600 0.035400 0.039200 0.075600 0.101500 0.027200 0.085200 0.088400 0.059400 0.035200 0.023200 0.027200 0.039200 0.063100 0.072000 0.097000
Daviddeer 0.110400 0.274900 0.127800 0.209900 0.102000 0.110400 0.101800 0.110000 0.136900 0.076100 0.097300 0.088500 0.113900 0.101800 0.115300 0.100000 0.109400 0.105500 0.106100 0.106800 0.101700 0.097100 0.000000 0.082700 0.093100 0.096300 0.105600 0.128200 0.104400 0.114900 0.063700 0.114700 0.120000 0.114000 0.105700 0.097300 0.093000 0.102100 0.106000 0.075200 0.011400 0.087500 0.063500 0.066000 0.110400 0.093200 0.088500 0.093000 0.114700 0.096400 0.119600 0.128100
Reindeer 0.101300 0.235400 0.101400 0.213400 0.101600 0.113100 0.092800 0.101600 0.127600 0.084100 0.088400 0.079800 0.096400 0.101300 0.101900 0.087800 0.083700 0.088100 0.097100 0.097800 0.088500 0.088300 0.082700 0.000000 0.084300 0.100700 0.088300 0.110400 0.100400 0.097300 0.071300 0.105200 0.132400 0.096500 0.096700 0.080200 0.084200 0.101700 0.096900 0.070500 0.086900 0.092100 0.071100 0.038700 0.101400 0.084200 0.079800 0.092500 0.105500 0.087700 0.110400 0.118800
Ibex 0.019500 0.261100 0.076100 0.190700 0.031400 0.035300 0.023400 0.047500 0.093000 0.094000 0.007700 0.059300 0.031100 0.035400 0.043600 0.035200 0.080100 0.084500 0.011600 0.064100 0.023400 0.007500 0.093100 0.084300 0.000000 0.031300 0.023300 0.076300 0.039200 0.063800 0.081100 0.039500 0.115900 0.031100 0.015500 0.051400 0.011600 0.031500 0.035300 0.071700 0.097500 0.023300 0.081000 0.084400 0.055500 0.031300 0.019400 0.023300 0.035300 0.059200 0.068100 0.093000
GyrantGaze 0.047400 0.286700 0.092900 0.199900 0.047500 0.066700 0.039300 0.063900 0.110100 0.119500 0.035300 0.075600 0.059200 0.051500 0.059900 0.027200 0.096900 0.101500 0.043400 0.080800 0.031300 0.035200 0.096300 0.100700 0.031300 0.000000 0.051200 0.093200 0.039100 0.080400 0.097500 0.059100 0.115500 0.059200 0.043200 0.067700 0.039300 0.047600 0.043300 0.091700 0.100600 0.015500 0.105900 0.100900 0.072000 0.047300 0.035100 0.039200 0.059600 0.075600 0.084800 0.101500
Hartebeest 0.035200 0.254800 0.067200 0.204300 0.051400 0.051200 0.035200 0.067800 0.084000 0.106800 0.023300 0.054900 0.015300 0.047200 0.051500 0.055000 0.075700 0.088500 0.035200 0.055500 0.043200 0.023200 0.105600 0.088300 0.023300 0.051200 0.000000 0.067600 0.055100 0.063400 0.093800 0.051400 0.124300 0.015100 0.023200 0.039000 0.027200 0.051500 0.047100 0.075500 0.101300 0.043100 0.093600 0.079700 0.043100 0.051200 0.039000 0.043100 0.055300 0.063000 0.059400 0.084000
Bongo 0.093300 0.271800 0.038700 0.235000 0.076400 0.110400 0.076400 0.102000 0.047000 0.129900 0.080400 0.063300 0.084200 0.080700 0.085200 0.088600 0.105900 0.109800 0.088400 0.035200 0.084700 0.080300 0.128200 0.110400 0.076300 0.093200 0.067600 0.000000 0.097100 0.035000 0.125300 0.093600 0.129500 0.075900 0.080300 0.051300 0.084700 0.075800 0.088800 0.105600 0.123800 0.084500 0.116100 0.101400 0.063700 0.093200 0.080100 0.084600 0.106100 0.075800 0.023300 0.039000
Gerenuk 0.055400 0.280600 0.096900 0.190100 0.055500 0.074600 0.047300 0.063700 0.114100 0.119000 0.043200 0.071300 0.067200 0.055400 0.059700 0.035000 0.088200 0.101200 0.051300 0.076400 0.039200 0.043100 0.104400 0.100400 0.039200 0.039100 0.055100 0.097100 0.000000 0.084300 0.097000 0.067000 0.115700 0.067200 0.051100 0.071600 0.047200 0.055600 0.051300 0.091200 0.108700 0.031100 0.105400 0.096300 0.075900 0.055300 0.043000 0.047100 0.067600 0.075400 0.080400 0.097000
CommonElan 0.080500 0.277000 0.026500 0.224800 0.072300 0.097300 0.072200 0.084900 0.042900 0.125300 0.067900 0.055200 0.080000 0.084800 0.072500 0.084300 0.093000 0.097600 0.076300 0.031200 0.072100 0.067700 0.114900 0.097300 0.063800 0.080400 0.063400 0.035000 0.084300 0.000000 0.120700 0.089200 0.120500 0.080100 0.076000 0.047300 0.072000 0.072400 0.080400 0.092800 0.119300 0.071900 0.111700 0.088600 0.067900 0.080400 0.067600 0.071900 0.093100 0.063400 0.027200 0.042900
MuntiacusR 0.098600 0.273800 0.118900 0.231500 0.103300 0.107300 0.085700 0.103300 0.142900 0.019500 0.085600 0.106700 0.102100 0.094200 0.116700 0.092600 0.102000 0.098100 0.094100 0.103700 0.094300 0.085400 0.063700 0.071300 0.081100 0.097500 0.093800 0.125300 0.097000 0.120700 0.000000 0.094700 0.135200 0.102200 0.085300 0.098500 0.081200 0.103300 0.089900 0.076000 0.059600 0.088500 0.007700 0.067000 0.111800 0.094200 0.081000 0.094000 0.107200 0.097400 0.116600 0.133900
HarveysDui 0.047600 0.276400 0.093400 0.215200 0.055900 0.055700 0.031400 0.072500 0.110600 0.107900 0.043500 0.084300 0.059400 0.035300 0.068500 0.054600 0.097300 0.101500 0.051700 0.081200 0.047600 0.043400 0.114700 0.105200 0.039500 0.059100 0.051400 0.093600 0.067000 0.089200 0.094700 0.000000 0.138800 0.059500 0.043400 0.068000 0.047500 0.056000 0.051600 0.088600 0.110400 0.050600 0.094500 0.096600 0.072300 0.047600 0.043300 0.047400 0.068000 0.075900 0.085200 0.110500
Pronghorn 0.125000 0.261500 0.129100 0.225600 0.129400 0.142900 0.120300 0.116400 0.147100 0.148100 0.120200 0.119600 0.132700 0.129200 0.120400 0.128600 0.109500 0.093100 0.124900 0.116800 0.115700 0.119900 0.120000 0.132400 0.115900 0.115500 0.124300 0.129500 0.115700 0.120500 0.135200 0.138800 0.000000 0.132900 0.124300 0.115900 0.124500 0.129400 0.115800 0.118800 0.120100 0.106900 0.134700 0.123800 0.129400 0.124700 0.119600 0.124400 0.147000 0.105800 0.120800 0.138100
BlueWildeb 0.043100 0.254100 0.084100 0.203700 0.059400 0.059200 0.043100 0.075900 0.101000 0.115400 0.031100 0.063000 0.022500 0.055200 0.063700 0.063100 0.083800 0.096300 0.042600 0.072100 0.051100 0.031100 0.114000 0.096500 0.031100 0.059200 0.015100 0.075900 0.067200 0.080100 0.102200 0.059500 0.132900 0.000000 0.031000 0.047000 0.035100 0.059100 0.055100 0.083600 0.109700 0.051000 0.102000 0.096600 0.051100 0.059200 0.046900 0.051000 0.063400 0.071100 0.076000 0.092400
Gemsbok 0.027300 0.260000 0.079900 0.204300 0.043300 0.043200 0.027300 0.059600 0.096900 0.098300 0.015500 0.071300 0.031000 0.039200 0.055700 0.047000 0.084000 0.088500 0.027300 0.068000 0.035200 0.015400 0.105700 0.096700 0.015500 0.043200 0.023200 0.080300 0.051100 0.076000 0.085300 0.043400 0.124300 0.031000 0.000000 0.055200 0.019400 0.043400 0.039100 0.075500 0.101400 0.035100 0.085200 0.088300 0.059400 0.043200 0.031100 0.035100 0.047200 0.063100 0.072000 0.096900
Yak 0.067800 0.260700 0.050900 0.195000 0.059700 0.084400 0.051400 0.084700 0.067600 0.102900 0.055400 0.023200 0.055100 0.063700 0.059800 0.071500 0.075900 0.079700 0.063100 0.047500 0.059500 0.055300 0.097300 0.080200 0.051400 0.067700 0.039000 0.051300 0.071600 0.047300 0.098500 0.068000 0.115900 0.047000 0.055200 0.000000 0.059400 0.059200 0.063500 0.067400 0.093100 0.059400 0.089700 0.063400 0.019400 0.067700 0.055100 0.059400 0.080200 0.047000 0.051400 0.059400
BlueSheep 0.023400 0.255600 0.084400 0.200100 0.039400 0.039300 0.031300 0.055600 0.101500 0.094100 0.011600 0.067400 0.035100 0.043400 0.051700 0.043100 0.088400 0.092300 0.023400 0.064000 0.031300 0.011600 0.093000 0.084200 0.011600 0.039300 0.027200 0.084700 0.047200 0.072000 0.081200 0.047500 0.124500 0.035100 0.019400 0.059400 0.000000 0.039500 0.043300 0.071600 0.097300 0.031200 0.081100 0.084300 0.063700 0.031300 0.027200 0.031200 0.043300 0.059200 0.076300 0.101500
BohorReedb 0.047600 0.272000 0.084900 0.204800 0.011600 0.064000 0.039500 0.064200 0.102000 0.107800 0.035400 0.063100 0.059500 0.051700 0.043600 0.051400 0.097400 0.101500 0.043600 0.072700 0.039500 0.035400 0.102100 0.101700 0.031500 0.047600 0.051500 0.075800 0.055600 0.072400 0.103300 0.056000 0.129400 0.059100 0.043400 0.059200 0.039500 0.000000 0.051600 0.080300 0.106500 0.039400 0.094400 0.093200 0.063500 0.039400 0.035300 0.039400 0.051500 0.067700 0.076800 0.101600
KirksDik 0.055400 0.281200 0.088600 0.194600 0.051500 0.071800 0.035300 0.063700 0.105700 0.102900 0.039200 0.071500 0.055100 0.047400 0.064000 0.050800 0.084200 0.088700 0.047400 0.076500 0.035300 0.039200 0.106000 0.096900 0.035300 0.043300 0.047100 0.088800 0.051300 0.080400 0.089900 0.051600 0.115800 0.055100 0.039100 0.063500 0.043300 0.051600 0.000000 0.075700 0.101700 0.035200 0.089700 0.088500 0.067800 0.051400 0.039100 0.043200 0.063600 0.063200 0.080500 0.105600
RoeDeer 0.088400 0.253500 0.096800 0.208500 0.080200 0.096700 0.071700 0.088600 0.114100 0.080300 0.075700 0.075500 0.083600 0.080000 0.093000 0.095400 0.079200 0.083700 0.084200 0.084600 0.080000 0.075600 0.075200 0.070500 0.071700 0.091700 0.075500 0.105600 0.091200 0.092800 0.076000 0.088600 0.118800 0.083600 0.075500 0.067400 0.071600 0.080300 0.075700 0.000000 0.071100 0.083000 0.067600 0.054000 0.080000 0.079900 0.067200 0.079800 0.092600 0.066900 0.097200 0.114000
WhiteLippe 0.114800 0.275100 0.123400 0.219700 0.106400 0.114900 0.097500 0.115200 0.132400 0.072000 0.093100 0.092800 0.109600 0.097500 0.119800 0.104400 0.100800 0.101200 0.110500 0.102500 0.106100 0.101500 0.011400 0.086900 0.097500 0.100600 0.101300 0.123800 0.108700 0.119300 0.059600 0.110400 0.120100 0.109700 0.101400 0.093100 0.097300 0.106500 0.101700 0.071100 0.000000 0.091700 0.059500 0.061800 0.106100 0.097500 0.092800 0.097300 0.119100 0.092200 0.115200 0.123700
ThomsonGaz 0.039200 0.280700 0.084200 0.199500 0.039300 0.058200 0.031300 0.055500 0.101300 0.110400 0.027200 0.067200 0.051000 0.043300 0.051600 0.019300 0.088200 0.092800 0.035300 0.072200 0.023400 0.027200 0.087500 0.092100 0.023300 0.015500 0.043100 0.084500 0.031100 0.071900 0.088500 0.050600 0.106900 0.051000 0.035100 0.059400 0.031200 0.039400 0.035200 0.083000 0.091700 0.000000 0.096900 0.092200 0.063600 0.039200 0.027200 0.031200 0.051300 0.067200 0.076200 0.092800
MuntiacusC 0.098400 0.262900 0.109800 0.231200 0.094400 0.107100 0.085500 0.103200 0.133600 0.011600 0.085400 0.097800 0.101900 0.094100 0.107600 0.101000 0.101800 0.098000 0.093900 0.094800 0.094100 0.085200 0.063500 0.071100 0.081000 0.105900 0.093600 0.116100 0.105400 0.111700 0.007700 0.094500 0.134700 0.102000 0.085200 0.089700 0.081100 0.094400 0.089700 0.067600 0.059500 0.096900 0.000000 0.058500 0.102800 0.094000 0.080900 0.093900 0.107000 0.088700 0.107500 0.133500
WhiteTaile 0.101400 0.240500 0.092400 0.214300 0.093100 0.113200 0.084400 0.101800 0.109800 0.071300 0.088500 0.063200 0.096500 0.084500 0.101900 0.096300 0.083800 0.079900 0.097200 0.080500 0.092800 0.088400 0.066000 0.038700 0.084400 0.100900 0.079700 0.101400 0.096300 0.088600 0.067000 0.096600 0.123800 0.096600 0.088300 0.063400 0.084300 0.093200 0.088500 0.054000 0.061800 0.092200 0.058500 0.000000 0.084200 0.084300 0.079900 0.092600 0.105700 0.071200 0.092900 0.109700
Cattle 0.072100 0.276400 0.071800 0.200300 0.063900 0.088800 0.055600 0.089100 0.088600 0.116300 0.059600 0.042800 0.059300 0.067900 0.064100 0.075800 0.088600 0.101200 0.067500 0.059900 0.063700 0.059400 0.110400 0.101400 0.055500 0.072000 0.043100 0.063700 0.075900 0.067900 0.111800 0.072300 0.129400 0.051100 0.059400 0.019400 0.063700 0.063500 0.067800 0.080000 0.106100 0.063600 0.102800 0.084200 0.000000 0.072000 0.059300 0.063600 0.084500 0.067400 0.063900 0.080200
RoyalAntel 0.047400 0.286500 0.093000 0.209600 0.043300 0.047400 0.039300 0.063900 0.110100 0.107300 0.035300 0.075700 0.059200 0.051500 0.051500 0.051200 0.096900 0.101500 0.043400 0.072400 0.039300 0.035200 0.093200 0.084200 0.031300 0.047300 0.051200 0.093200 0.055300 0.080400 0.094200 0.047600 0.124700 0.059200 0.043200 0.067700 0.031300 0.039400 0.051400 0.079900 0.097500 0.039200 0.094000 0.084300 0.072000 0.000000 0.035100 0.039200 0.051200 0.075600 0.084800 0.110100
Steenbok 0.035200 0.279800 0.079900 0.185100 0.035200 0.051100 0.027200 0.039200 0.096800 0.093900 0.023300 0.063000 0.046800 0.039200 0.047400 0.039000 0.083800 0.088300 0.031200 0.067900 0.027200 0.023200 0.088500 0.079800 0.019400 0.035100 0.039000 0.080100 0.043000 0.067600 0.081000 0.043300 0.119600 0.046900 0.031100 0.055100 0.027200 0.035300 0.039100 0.067200 0.092800 0.027200 0.080900 0.079900 0.059300 0.035100 0.000000 0.023200 0.038500 0.063000 0.071900 0.096800
Impala 0.039200 0.286000 0.084300 0.190400 0.039300 0.055400 0.031300 0.047400 0.092900 0.107100 0.027300 0.067300 0.051000 0.043300 0.051600 0.043100 0.088300 0.092800 0.035300 0.072300 0.031300 0.027200 0.093000 0.092500 0.023300 0.039200 0.043100 0.084600 0.047100 0.071900 0.094000 0.047400 0.124400 0.051000 0.035100 0.059400 0.031200 0.039400 0.043200 0.079800 0.097300 0.031200 0.093900 0.092600 0.063600 0.039200 0.023200 0.000000 0.051300 0.067200 0.076300 0.092900
Klipspring 0.051500 0.286000 0.105800 0.214200 0.055500 0.059600 0.051500 0.068000 0.123200 0.120500 0.039300 0.088200 0.055200 0.063800 0.063300 0.063400 0.100900 0.114500 0.047400 0.093500 0.051400 0.039200 0.114700 0.105500 0.035300 0.059600 0.055300 0.106100 0.067600 0.093100 0.107200 0.068000 0.147000 0.063400 0.047200 0.080200 0.043300 0.051500 0.063600 0.092600 0.119100 0.051300 0.107000 0.105700 0.084500 0.051200 0.038500 0.051300 0.000000 0.088200 0.097600 0.123200
ForestMusk 0.071500 0.269100 0.067100 0.203700 0.067600 0.088000 0.059300 0.084100 0.084100 0.101800 0.063200 0.046900 0.071000 0.071600 0.080200 0.071200 0.075300 0.079600 0.071600 0.063600 0.067400 0.063100 0.096400 0.087700 0.059200 0.075600 0.063000 0.075800 0.075400 0.063400 0.097400 0.075900 0.105800 0.071100 0.063100 0.047000 0.059200 0.067700 0.063200 0.066900 0.092200 0.067200 0.088700 0.071200 0.067400 0.075600 0.063000 0.067200 0.088200 0.000000 0.059400 0.075800
Bushbuck 0.084900 0.282700 0.030800 0.225600 0.076700 0.101900 0.068100 0.093600 0.029900 0.121100 0.072200 0.059400 0.076000 0.080700 0.076900 0.080300 0.088900 0.102000 0.080700 0.027300 0.076400 0.072000 0.119600 0.110400 0.068100 0.084800 0.059400 0.023300 0.080400 0.027200 0.116600 0.085200 0.120800 0.076000 0.072000 0.051400 0.076300 0.076800 0.080500 0.097200 0.115200 0.076200 0.107500 0.092900 0.063900 0.084800 0.071900 0.076300 0.097600 0.059400 0.000000 0.030000
GreaterKud 0.110200 0.281500 0.038800 0.234800 0.101800 0.127500 0.093100 0.119100 0.030300 0.147500 0.097100 0.067400 0.100900 0.106000 0.102100 0.088500 0.105700 0.118400 0.105400 0.051200 0.101500 0.097000 0.128100 0.118800 0.093000 0.101500 0.084000 0.039000 0.097000 0.042900 0.133900 0.110500 0.138100 0.092400 0.096900 0.059400 0.101500 0.101600 0.105600 0.114000 0.123700 0.092800 0.133500 0.109700 0.080200 0.110100 0.096800 0.092900 0.123200 0.075800 0.030000 0.000000
