CODONML (in paml version 4.10.7, June 2023)  /home/rachel/ruminants_paml/6406-phy-tree/ENSBTAT00000000539.fasta.phy
Model: free dN/dS Ratios for branches,  kappa = 2.000 fixed

Codon frequency model: F3x4
ns =  54  ls =  33

Codon usage in sequences
--------------------------------------------------------------------------------------------------------------------------------------
Phe TTT   0   0   0   0   0   0 | Ser TCT   1   1   1   1   1   1 | Tyr TAT   1   1   1   1   1   2 | Cys TGT   0   0   0   0   0   0
    TTC   0   0   0   0   0   0 |     TCC   0   0   0   0   0   0 |     TAC   2   2   2   2   2   1 |     TGC   0   0   0   0   0   0
Leu TTA   0   0   0   0   0   0 |     TCA   0   0   0   0   0   0 | *** TAA   0   0   0   0   0   0 | *** TGA   0   0   0   0   0   0
    TTG   1   1   1   1   1   1 |     TCG   0   0   0   0   0   0 |     TAG   0   0   0   0   0   0 | Trp TGG   0   0   0   0   0   0
--------------------------------------------------------------------------------------------------------------------------------------
Leu CTT   1   0   0   0   0   0 | Pro CCT   0   0   0   0   0   0 | His CAT   1   1   1   1   0   1 | Arg CGT   0   0   0   0   0   0
    CTC   1   1   1   1   1   1 |     CCC   0   0   0   0   0   0 |     CAC   0   0   0   0   1   0 |     CGC   0   0   0   0   0   0
    CTA   0   0   0   0   0   0 |     CCA   0   0   0   0   0   0 | Gln CAA   0   0   0   0   0   0 |     CGA   0   0   0   0   0   0
    CTG   1   2   2   2   2   2 |     CCG   0   0   0   0   0   0 |     CAG   0   0   0   0   0   0 |     CGG   0   0   0   0   0   0
--------------------------------------------------------------------------------------------------------------------------------------
Ile ATT   0   0   0   0   0   0 | Thr ACT   0   0   0   0   1   0 | Asn AAT   0   0   0   0   0   0 | Ser AGT   1   1   1   1   0   1
    ATC   0   0   0   0   0   0 |     ACC   0   0   0   0   0   0 |     AAC   0   0   0   0   0   0 |     AGC   2   2   2   2   1   2
    ATA   0   0   0   0   0   0 |     ACA   0   0   0   0   0   0 | Lys AAA   4   5   4   4   4   4 | Arg AGA   0   0   0   0   0   0
Met ATG   1   1   1   1   1   1 |     ACG   1   1   1   1   1   1 |     AAG   2   1   2   2   2   2 |     AGG   2   2   2   2   2   2
--------------------------------------------------------------------------------------------------------------------------------------
Val GTT   1   0   1   1   1   1 | Ala GCT   2   3   2   2   1   1 | Asp GAT   0   0   0   0   0   0 | Gly GGT   0   0   0   0   0   0
    GTC   0   1   0   0   0   1 |     GCC   3   3   3   3   4   4 |     GAC   0   0   0   0   0   0 |     GGC   0   0   0   0   1   0
    GTA   1   1   1   1   1   0 |     GCA   1   0   1   0   1   0 | Glu GAA   2   2   2   2   1   2 |     GGA   0   0   0   0   0   0
    GTG   0   0   0   0   0   0 |     GCG   0   0   0   1   0   1 |     GAG   0   0   0   0   1   0 |     GGG   1   1   1   1   1   1
--------------------------------------------------------------------------------------------------------------------------------------

--------------------------------------------------------------------------------------------------------------------------------------
Phe TTT   0   0   0   0   0   0 | Ser TCT   1   1   1   1   1   1 | Tyr TAT   1   1   1   1   1   1 | Cys TGT   0   0   0   0   0   0
    TTC   0   0   0   0   0   0 |     TCC   0   0   0   0   0   0 |     TAC   2   2   2   2   2   2 |     TGC   0   0   0   0   0   0
Leu TTA   0   0   0   0   0   0 |     TCA   0   0   0   0   0   0 | *** TAA   0   0   0   0   0   0 | *** TGA   0   0   0   0   0   0
    TTG   1   1   1   1   1   1 |     TCG   0   0   0   0   0   0 |     TAG   0   0   0   0   0   0 | Trp TGG   0   0   0   0   0   0
--------------------------------------------------------------------------------------------------------------------------------------
Leu CTT   0   1   0   0   0   0 | Pro CCT   0   0   0   0   0   0 | His CAT   1   1   1   1   1   1 | Arg CGT   0   0   0   0   0   0
    CTC   1   1   1   1   1   1 |     CCC   0   0   0   0   0   0 |     CAC   0   0   0   0   0   0 |     CGC   0   0   0   0   0   0
    CTA   0   0   0   0   0   0 |     CCA   0   0   0   0   0   0 | Gln CAA   0   0   0   0   0   0 |     CGA   0   0   0   0   0   0
    CTG   2   1   2   2   2   2 |     CCG   0   0   0   0   0   0 |     CAG   0   0   0   0   0   0 |     CGG   0   0   0   0   0   0
--------------------------------------------------------------------------------------------------------------------------------------
Ile ATT   0   0   0   0   0   0 | Thr ACT   0   0   0   0   0   0 | Asn AAT   0   0   0   0   0   0 | Ser AGT   1   1   1   1   1   1
    ATC   0   0   0   0   0   0 |     ACC   0   0   0   0   0   0 |     AAC   0   0   0   0   0   0 |     AGC   2   2   2   2   2   2
    ATA   0   0   0   0   0   0 |     ACA   0   0   0   0   0   0 | Lys AAA   4   4   4   4   4   5 | Arg AGA   0   0   0   0   0   0
Met ATG   1   1   1   1   1   1 |     ACG   1   1   1   1   1   1 |     AAG   2   2   2   2   2   1 |     AGG   2   2   2   2   2   2
--------------------------------------------------------------------------------------------------------------------------------------
Val GTT   1   1   1   1   1   1 | Ala GCT   2   2   2   2   2   2 | Asp GAT   0   0   0   0   0   0 | Gly GGT   0   0   0   0   0   0
    GTC   0   0   0   0   0   0 |     GCC   3   3   3   3   3   3 |     GAC   0   0   0   0   0   0 |     GGC   0   0   0   0   0   0
    GTA   1   1   1   1   1   1 |     GCA   1   1   1   1   1   1 | Glu GAA   2   2   1   2   2   2 |     GGA   0   0   0   0   0   0
    GTG   0   0   0   0   0   0 |     GCG   0   0   0   0   0   0 |     GAG   0   0   1   0   0   0 |     GGG   1   1   1   1   1   1
--------------------------------------------------------------------------------------------------------------------------------------

--------------------------------------------------------------------------------------------------------------------------------------
Phe TTT   0   0   0   0   0   0 | Ser TCT   1   1   1   1   1   1 | Tyr TAT   1   1   1   1   1   1 | Cys TGT   0   0   0   0   0   0
    TTC   0   0   0   0   0   0 |     TCC   0   0   0   0   0   0 |     TAC   2   2   2   2   2   2 |     TGC   0   0   0   0   0   0
Leu TTA   0   0   0   0   0   0 |     TCA   0   0   0   0   0   0 | *** TAA   0   0   0   0   0   0 | *** TGA   0   0   0   0   0   0
    TTG   1   1   1   1   1   1 |     TCG   0   0   0   0   0   0 |     TAG   0   0   0   0   0   0 | Trp TGG   0   0   0   0   0   0
--------------------------------------------------------------------------------------------------------------------------------------
Leu CTT   1   0   0   0   0   0 | Pro CCT   0   0   0   0   0   0 | His CAT   1   1   1   1   1   1 | Arg CGT   0   0   0   0   0   0
    CTC   1   1   1   1   1   1 |     CCC   0   0   0   0   0   0 |     CAC   0   0   0   0   0   0 |     CGC   0   0   0   0   0   0
    CTA   0   0   1   0   0   0 |     CCA   0   0   0   0   0   0 | Gln CAA   0   0   0   0   0   0 |     CGA   0   0   0   0   0   0
    CTG   1   2   1   2   2   2 |     CCG   0   0   0   0   0   0 |     CAG   0   0   0   0   0   0 |     CGG   0   0   0   0   0   0
--------------------------------------------------------------------------------------------------------------------------------------
Ile ATT   0   0   0   0   0   0 | Thr ACT   0   0   0   0   0   0 | Asn AAT   0   0   0   0   0   0 | Ser AGT   1   1   1   1   1   1
    ATC   0   0   0   0   0   0 |     ACC   0   0   0   0   0   0 |     AAC   0   0   0   0   0   0 |     AGC   2   2   2   2   2   2
    ATA   0   0   0   0   0   0 |     ACA   0   0   0   0   0   0 | Lys AAA   4   4   4   4   4   4 | Arg AGA   0   0   0   0   0   0
Met ATG   1   1   1   1   1   1 |     ACG   1   1   1   1   1   1 |     AAG   2   2   2   2   2   2 |     AGG   2   2   2   2   2   2
--------------------------------------------------------------------------------------------------------------------------------------
Val GTT   1   1   1   1   1   1 | Ala GCT   2   2   2   2   1   3 | Asp GAT   0   0   0   0   0   0 | Gly GGT   0   0   0   0   0   0
    GTC   0   0   0   0   0   0 |     GCC   3   3   3   3   3   2 |     GAC   0   0   0   0   0   0 |     GGC   0   0   0   0   0   0
    GTA   1   1   1   1   1   1 |     GCA   1   1   1   1   1   1 | Glu GAA   2   2   2   2   2   2 |     GGA   0   0   0   0   0   0
    GTG   0   0   0   0   0   0 |     GCG   0   0   0   0   1   0 |     GAG   0   0   0   0   0   0 |     GGG   1   1   1   1   1   1
--------------------------------------------------------------------------------------------------------------------------------------

--------------------------------------------------------------------------------------------------------------------------------------
Phe TTT   0   0   0   0   0   0 | Ser TCT   1   1   1   1   1   1 | Tyr TAT   1   1   1   1   1   1 | Cys TGT   0   0   0   0   0   0
    TTC   0   0   0   0   0   0 |     TCC   0   0   0   0   0   0 |     TAC   2   2   2   2   2   2 |     TGC   0   0   0   0   0   0
Leu TTA   0   0   0   0   0   0 |     TCA   0   0   0   0   0   0 | *** TAA   0   0   0   0   0   0 | *** TGA   0   0   0   0   0   0
    TTG   1   1   1   1   1   1 |     TCG   0   0   0   0   0   0 |     TAG   0   0   0   0   0   0 | Trp TGG   0   0   0   0   0   0
--------------------------------------------------------------------------------------------------------------------------------------
Leu CTT   0   0   1   0   0   1 | Pro CCT   0   0   0   0   0   0 | His CAT   1   1   1   1   1   1 | Arg CGT   0   0   0   0   0   0
    CTC   1   1   1   1   1   1 |     CCC   0   0   0   0   0   0 |     CAC   0   0   0   0   0   0 |     CGC   0   0   0   0   0   0
    CTA   0   0   0   0   0   0 |     CCA   0   0   0   0   0   0 | Gln CAA   0   0   0   0   0   0 |     CGA   0   0   0   0   0   0
    CTG   2   2   1   2   2   1 |     CCG   0   0   0   0   0   0 |     CAG   0   0   0   0   0   0 |     CGG   0   0   0   0   0   0
--------------------------------------------------------------------------------------------------------------------------------------
Ile ATT   0   0   0   0   0   0 | Thr ACT   0   0   0   0   0   0 | Asn AAT   0   0   0   0   0   0 | Ser AGT   1   1   1   1   1   1
    ATC   0   0   0   0   0   0 |     ACC   0   0   0   0   0   0 |     AAC   0   0   0   0   0   0 |     AGC   2   2   2   2   2   2
    ATA   0   0   0   0   0   0 |     ACA   0   0   0   0   0   0 | Lys AAA   5   5   4   5   4   4 | Arg AGA   0   0   0   0   0   0
Met ATG   1   1   1   1   1   1 |     ACG   1   1   1   1   1   1 |     AAG   1   1   2   1   2   2 |     AGG   2   2   2   2   2   2
--------------------------------------------------------------------------------------------------------------------------------------
Val GTT   1   1   1   1   1   1 | Ala GCT   2   2   2   2   2   2 | Asp GAT   0   0   0   0   0   0 | Gly GGT   0   0   0   0   0   0
    GTC   0   0   0   0   0   0 |     GCC   3   3   3   3   3   3 |     GAC   0   0   0   0   0   0 |     GGC   0   0   0   0   0   0
    GTA   1   1   1   1   1   1 |     GCA   1   1   1   1   1   1 | Glu GAA   1   2   2   2   2   2 |     GGA   0   0   0   0   0   0
    GTG   0   0   0   0   0   0 |     GCG   0   0   0   0   0   0 |     GAG   1   0   0   0   0   0 |     GGG   1   1   1   1   1   1
--------------------------------------------------------------------------------------------------------------------------------------

--------------------------------------------------------------------------------------------------------------------------------------
Phe TTT   0   0   0   0   0   0 | Ser TCT   1   1   1   1   1   1 | Tyr TAT   1   1   1   1   1   1 | Cys TGT   0   0   0   0   0   0
    TTC   0   0   0   0   0   0 |     TCC   0   0   0   0   0   0 |     TAC   2   2   2   2   2   2 |     TGC   0   0   0   0   0   0
Leu TTA   0   0   0   0   0   0 |     TCA   0   0   0   0   0   0 | *** TAA   0   0   0   0   0   0 | *** TGA   0   0   0   0   0   0
    TTG   1   1   1   1   1   1 |     TCG   0   0   0   0   0   0 |     TAG   0   0   0   0   0   0 | Trp TGG   0   0   0   0   0   0
--------------------------------------------------------------------------------------------------------------------------------------
Leu CTT   0   0   1   0   0   0 | Pro CCT   0   0   0   0   0   0 | His CAT   1   1   1   1   1   1 | Arg CGT   0   0   0   0   0   0
    CTC   1   1   1   1   1   1 |     CCC   0   0   0   0   0   0 |     CAC   0   0   0   0   0   0 |     CGC   0   0   0   0   0   0
    CTA   0   0   0   0   1   0 |     CCA   0   0   0   0   0   0 | Gln CAA   0   0   0   0   0   0 |     CGA   0   0   0   0   0   0
    CTG   2   2   1   2   1   2 |     CCG   0   0   0   0   0   0 |     CAG   0   0   0   0   0   0 |     CGG   0   0   0   0   0   0
--------------------------------------------------------------------------------------------------------------------------------------
Ile ATT   0   0   0   0   0   0 | Thr ACT   0   0   0   0   0   0 | Asn AAT   0   0   0   0   0   0 | Ser AGT   1   1   1   1   1   1
    ATC   0   0   0   0   0   0 |     ACC   0   0   0   0   0   0 |     AAC   0   0   0   0   0   0 |     AGC   2   2   2   2   2   2
    ATA   0   0   0   0   0   0 |     ACA   0   1   0   0   0   0 | Lys AAA   5   5   4   4   4   4 | Arg AGA   0   0   0   0   0   0
Met ATG   1   1   1   1   1   1 |     ACG   1   0   1   1   1   1 |     AAG   1   1   2   2   2   2 |     AGG   2   2   2   2   2   2
--------------------------------------------------------------------------------------------------------------------------------------
Val GTT   1   1   1   2   1   1 | Ala GCT   2   2   2   2   2   2 | Asp GAT   0   0   0   0   0   0 | Gly GGT   0   0   0   0   0   0
    GTC   0   0   0   0   0   0 |     GCC   3   3   3   3   3   3 |     GAC   0   0   0   0   0   0 |     GGC   0   0   0   0   0   0
    GTA   1   1   1   0   1   1 |     GCA   1   1   1   1   1   1 | Glu GAA   2   2   2   2   2   2 |     GGA   0   0   0   0   0   0
    GTG   0   0   0   0   0   0 |     GCG   0   0   0   0   0   0 |     GAG   0   0   0   0   0   0 |     GGG   1   1   1   1   1   1
--------------------------------------------------------------------------------------------------------------------------------------

--------------------------------------------------------------------------------------------------------------------------------------
Phe TTT   0   0   0   0   0   0 | Ser TCT   1   1   1   1   1   1 | Tyr TAT   1   1   1   1   1   1 | Cys TGT   0   0   0   0   0   0
    TTC   0   0   0   0   0   0 |     TCC   0   0   0   0   0   0 |     TAC   2   2   2   2   2   2 |     TGC   0   0   0   0   0   0
Leu TTA   0   0   0   0   0   0 |     TCA   0   0   0   0   0   0 | *** TAA   0   0   0   0   0   0 | *** TGA   0   0   0   0   0   0
    TTG   1   1   1   1   2   1 |     TCG   0   0   0   0   0   0 |     TAG   0   0   0   0   0   0 | Trp TGG   0   0   0   0   0   0
--------------------------------------------------------------------------------------------------------------------------------------
Leu CTT   0   0   0   0   0   0 | Pro CCT   0   0   0   0   0   0 | His CAT   1   1   1   1   1   1 | Arg CGT   0   0   0   0   0   0
    CTC   1   1   1   1   1   1 |     CCC   0   0   0   0   0   0 |     CAC   0   0   0   0   0   0 |     CGC   0   0   0   0   0   0
    CTA   0   0   0   0   0   1 |     CCA   0   0   0   0   0   0 | Gln CAA   0   0   0   0   0   0 |     CGA   0   0   0   0   0   0
    CTG   2   2   2   2   1   1 |     CCG   0   0   0   0   0   0 |     CAG   0   0   0   0   0   0 |     CGG   0   0   0   0   0   0
--------------------------------------------------------------------------------------------------------------------------------------
Ile ATT   0   0   0   0   0   0 | Thr ACT   0   0   0   0   0   0 | Asn AAT   0   0   0   0   0   0 | Ser AGT   1   1   1   1   1   1
    ATC   0   0   0   0   0   0 |     ACC   0   0   0   0   0   0 |     AAC   0   0   0   0   0   0 |     AGC   2   2   2   2   2   2
    ATA   0   0   0   0   0   0 |     ACA   0   0   0   0   0   0 | Lys AAA   4   4   5   4   5   4 | Arg AGA   0   0   0   0   0   0
Met ATG   1   1   1   1   1   1 |     ACG   1   1   1   1   1   1 |     AAG   2   2   1   2   1   2 |     AGG   2   2   2   2   2   2
--------------------------------------------------------------------------------------------------------------------------------------
Val GTT   1   1   1   1   1   1 | Ala GCT   2   2   2   2   2   2 | Asp GAT   0   0   0   0   0   0 | Gly GGT   0   0   0   0   0   0
    GTC   0   0   0   0   0   0 |     GCC   3   3   3   3   3   3 |     GAC   0   0   0   0   0   0 |     GGC   0   0   0   0   0   0
    GTA   1   1   1   1   1   1 |     GCA   1   1   1   1   1   1 | Glu GAA   2   2   2   2   2   2 |     GGA   0   0   0   0   0   0
    GTG   0   0   0   0   0   0 |     GCG   0   0   0   0   0   0 |     GAG   0   0   0   0   0   0 |     GGG   1   1   1   1   1   1
--------------------------------------------------------------------------------------------------------------------------------------

--------------------------------------------------------------------------------------------------------------------------------------
Phe TTT   0   0   0   0   0   0 | Ser TCT   1   1   1   1   1   1 | Tyr TAT   1   1   1   1   1   1 | Cys TGT   0   0   0   0   0   0
    TTC   0   0   0   0   0   0 |     TCC   0   0   0   0   0   0 |     TAC   2   2   2   2   2   2 |     TGC   0   0   0   0   0   0
Leu TTA   0   0   0   0   0   0 |     TCA   0   0   0   0   0   0 | *** TAA   0   0   0   0   0   0 | *** TGA   0   0   0   0   0   0
    TTG   1   1   1   1   1   1 |     TCG   0   0   0   0   0   0 |     TAG   0   0   0   0   0   0 | Trp TGG   0   0   0   0   0   0
--------------------------------------------------------------------------------------------------------------------------------------
Leu CTT   1   0   1   0   0   0 | Pro CCT   0   0   0   0   0   0 | His CAT   1   1   1   1   1   1 | Arg CGT   0   0   0   0   0   0
    CTC   0   1   1   1   1   1 |     CCC   0   0   0   0   0   0 |     CAC   0   0   0   0   0   0 |     CGC   0   0   0   0   0   0
    CTA   0   0   0   0   0   0 |     CCA   0   0   0   0   0   0 | Gln CAA   0   0   0   0   0   0 |     CGA   0   0   0   0   0   0
    CTG   2   2   1   2   2   2 |     CCG   0   0   0   0   0   0 |     CAG   0   0   0   0   0   0 |     CGG   0   0   0   0   0   0
--------------------------------------------------------------------------------------------------------------------------------------
Ile ATT   0   0   0   0   0   0 | Thr ACT   0   0   0   0   0   0 | Asn AAT   0   0   0   0   0   0 | Ser AGT   1   1   1   1   1   1
    ATC   0   0   0   0   0   0 |     ACC   0   0   0   0   0   0 |     AAC   0   0   0   0   0   0 |     AGC   2   2   2   2   2   2
    ATA   0   0   0   0   0   0 |     ACA   0   0   0   0   0   1 | Lys AAA   4   4   4   4   4   5 | Arg AGA   0   0   0   0   0   0
Met ATG   1   1   1   1   1   1 |     ACG   1   1   1   1   1   0 |     AAG   2   2   2   2   2   1 |     AGG   2   2   2   2   2   2
--------------------------------------------------------------------------------------------------------------------------------------
Val GTT   1   1   1   1   0   1 | Ala GCT   2   2   2   2   1   2 | Asp GAT   0   0   0   0   0   0 | Gly GGT   0   0   0   0   0   0
    GTC   0   0   0   0   1   0 |     GCC   3   3   3   3   3   3 |     GAC   0   0   0   0   0   0 |     GGC   0   0   0   0   0   0
    GTA   1   1   1   1   1   1 |     GCA   1   1   1   1   1   1 | Glu GAA   2   2   2   2   2   2 |     GGA   0   0   0   0   0   0
    GTG   0   0   0   0   0   0 |     GCG   0   0   0   0   1   0 |     GAG   0   0   0   0   0   0 |     GGG   1   1   1   1   1   1
--------------------------------------------------------------------------------------------------------------------------------------

--------------------------------------------------------------------------------------------------------------------------------------
Phe TTT   0   0   0   0   0   0 | Ser TCT   1   1   1   1   1   1 | Tyr TAT   1   1   1   1   1   1 | Cys TGT   0   0   0   0   0   0
    TTC   0   0   0   0   0   0 |     TCC   0   0   0   0   0   0 |     TAC   2   2   2   2   2   2 |     TGC   0   0   0   0   0   0
Leu TTA   0   0   0   0   0   0 |     TCA   0   0   0   0   0   0 | *** TAA   0   0   0   0   0   0 | *** TGA   0   0   0   0   0   0
    TTG   1   1   1   1   1   1 |     TCG   0   0   0   0   0   0 |     TAG   0   0   0   0   0   0 | Trp TGG   0   0   0   0   0   0
--------------------------------------------------------------------------------------------------------------------------------------
Leu CTT   0   0   0   0   0   0 | Pro CCT   0   0   0   0   0   0 | His CAT   1   1   1   1   1   1 | Arg CGT   0   0   0   0   0   0
    CTC   1   1   1   1   1   1 |     CCC   0   0   0   0   0   0 |     CAC   0   0   0   0   0   0 |     CGC   0   0   0   0   0   0
    CTA   0   0   0   0   0   0 |     CCA   0   0   0   0   0   0 | Gln CAA   0   0   0   0   0   0 |     CGA   0   0   0   0   0   0
    CTG   2   2   2   2   2   2 |     CCG   0   0   0   0   0   0 |     CAG   0   0   0   0   0   0 |     CGG   0   0   0   0   0   0
--------------------------------------------------------------------------------------------------------------------------------------
Ile ATT   0   0   0   0   0   0 | Thr ACT   0   0   0   0   0   0 | Asn AAT   0   0   0   0   0   0 | Ser AGT   1   1   1   1   1   1
    ATC   0   0   0   0   0   0 |     ACC   0   0   0   0   0   0 |     AAC   0   0   0   0   0   0 |     AGC   2   2   2   2   2   2
    ATA   0   0   0   0   0   0 |     ACA   0   0   0   1   0   0 | Lys AAA   5   4   5   5   4   4 | Arg AGA   0   0   0   0   0   0
Met ATG   1   1   1   1   1   1 |     ACG   1   1   1   0   1   1 |     AAG   1   2   1   1   2   2 |     AGG   2   2   2   2   2   2
--------------------------------------------------------------------------------------------------------------------------------------
Val GTT   1   1   1   1   1   1 | Ala GCT   2   2   2   2   2   2 | Asp GAT   0   0   0   0   0   0 | Gly GGT   0   0   0   0   0   0
    GTC   0   0   0   0   0   0 |     GCC   3   3   3   3   3   3 |     GAC   0   0   0   0   0   0 |     GGC   0   0   0   0   0   0
    GTA   1   1   1   1   1   1 |     GCA   1   1   1   1   1   1 | Glu GAA   2   2   2   2   2   2 |     GGA   0   0   0   0   0   0
    GTG   0   0   0   0   0   0 |     GCG   1   0   0   0   0   0 |     GAG   0   0   0   0   0   0 |     GGG   0   1   1   1   1   1
--------------------------------------------------------------------------------------------------------------------------------------

--------------------------------------------------------------------------------------------------------------------------------------
Phe TTT   0   0   0   0   0   0 | Ser TCT   1   1   1   1   1   1 | Tyr TAT   1   1   1   1   1   1 | Cys TGT   0   0   0   0   0   0
    TTC   0   0   0   0   0   0 |     TCC   0   0   0   0   0   0 |     TAC   2   2   2   2   2   2 |     TGC   0   0   0   0   0   0
Leu TTA   0   0   0   0   0   0 |     TCA   0   0   0   0   0   0 | *** TAA   0   0   0   0   0   0 | *** TGA   0   0   0   0   0   0
    TTG   1   1   1   1   1   1 |     TCG   0   0   0   0   0   0 |     TAG   0   0   0   0   0   0 | Trp TGG   0   0   0   0   0   0
--------------------------------------------------------------------------------------------------------------------------------------
Leu CTT   0   0   0   0   0   0 | Pro CCT   0   0   0   0   0   0 | His CAT   0   1   1   1   1   1 | Arg CGT   0   0   0   0   0   0
    CTC   1   1   1   1   1   1 |     CCC   0   0   0   0   0   0 |     CAC   1   0   0   0   0   0 |     CGC   0   0   0   0   0   0
    CTA   0   0   0   0   0   0 |     CCA   0   0   0   0   0   0 | Gln CAA   0   0   0   0   0   0 |     CGA   0   0   0   0   0   0
    CTG   2   2   2   2   2   2 |     CCG   0   0   0   0   0   0 |     CAG   0   0   0   0   0   0 |     CGG   0   0   0   0   0   0
--------------------------------------------------------------------------------------------------------------------------------------
Ile ATT   0   0   0   0   0   0 | Thr ACT   0   0   0   0   0   0 | Asn AAT   0   0   0   0   0   0 | Ser AGT   1   1   1   1   1   1
    ATC   0   0   0   0   0   0 |     ACC   0   0   0   0   0   0 |     AAC   0   0   0   0   0   0 |     AGC   2   2   2   2   2   2
    ATA   0   0   0   0   0   0 |     ACA   0   0   0   0   0   0 | Lys AAA   4   4   4   4   4   4 | Arg AGA   0   0   0   0   0   0
Met ATG   1   1   1   1   1   1 |     ACG   1   1   1   1   1   1 |     AAG   2   2   2   2   2   2 |     AGG   2   2   2   2   2   2
--------------------------------------------------------------------------------------------------------------------------------------
Val GTT   1   1   1   1   1   1 | Ala GCT   2   3   1   2   2   2 | Asp GAT   0   0   0   0   0   0 | Gly GGT   0   0   0   0   0   0
    GTC   0   0   0   0   0   0 |     GCC   3   2   4   3   3   3 |     GAC   0   0   0   0   0   0 |     GGC   0   0   0   0   0   0
    GTA   1   1   1   1   1   1 |     GCA   1   0   1   0   1   1 | Glu GAA   2   2   2   2   2   2 |     GGA   0   0   0   0   0   0
    GTG   0   0   0   0   0   0 |     GCG   0   1   0   1   0   0 |     GAG   0   0   0   0   0   0 |     GGG   1   1   1   1   1   1
--------------------------------------------------------------------------------------------------------------------------------------

Codon position x base (3x4) table for each sequence.

#1: Argali         
position  1:    T:0.15152    C:0.12121    A:0.39394    G:0.33333
position  2:    T:0.21212    C:0.24242    A:0.36364    G:0.18182
position  3:    T:0.24242    C:0.24242    A:0.24242    G:0.27273
Average         T:0.20202    C:0.20202    A:0.33333    G:0.26263

#2: LesserMouseDeer
position  1:    T:0.15152    C:0.12121    A:0.39394    G:0.33333
position  2:    T:0.21212    C:0.24242    A:0.36364    G:0.18182
position  3:    T:0.21212    C:0.27273    A:0.24242    G:0.27273
Average         T:0.19192    C:0.21212    A:0.33333    G:0.26263

#3: LesserKudu     
position  1:    T:0.15152    C:0.12121    A:0.39394    G:0.33333
position  2:    T:0.21212    C:0.24242    A:0.36364    G:0.18182
position  3:    T:0.21212    C:0.24242    A:0.24242    G:0.30303
Average         T:0.19192    C:0.20202    A:0.33333    G:0.27273

#4: ForestMuskDeer2
position  1:    T:0.15152    C:0.12121    A:0.39394    G:0.33333
position  2:    T:0.21212    C:0.24242    A:0.36364    G:0.18182
position  3:    T:0.21212    C:0.24242    A:0.21212    G:0.33333
Average         T:0.19192    C:0.20202    A:0.32323    G:0.28283

#5: Camel          
position  1:    T:0.15152    C:0.12121    A:0.36364    G:0.36364
position  2:    T:0.21212    C:0.27273    A:0.36364    G:0.15152
position  3:    T:0.15152    C:0.30303    A:0.21212    G:0.33333
Average         T:0.17172    C:0.23232    A:0.31313    G:0.28283

#6: KillerWhale    
position  1:    T:0.15152    C:0.12121    A:0.39394    G:0.33333
position  2:    T:0.21212    C:0.24242    A:0.36364    G:0.18182
position  3:    T:0.21212    C:0.27273    A:0.18182    G:0.33333
Average         T:0.19192    C:0.21212    A:0.31313    G:0.28283

#7: DefassaWaterbuck
position  1:    T:0.15152    C:0.12121    A:0.39394    G:0.33333
position  2:    T:0.21212    C:0.24242    A:0.36364    G:0.18182
position  3:    T:0.21212    C:0.24242    A:0.24242    G:0.30303
Average         T:0.19192    C:0.20202    A:0.33333    G:0.27273

#8: Sheep          
position  1:    T:0.15152    C:0.12121    A:0.39394    G:0.33333
position  2:    T:0.21212    C:0.24242    A:0.36364    G:0.18182
position  3:    T:0.24242    C:0.24242    A:0.24242    G:0.27273
Average         T:0.20202    C:0.20202    A:0.33333    G:0.26263

#9: MaxwellsDuiker 
position  1:    T:0.15152    C:0.12121    A:0.39394    G:0.33333
position  2:    T:0.21212    C:0.24242    A:0.36364    G:0.18182
position  3:    T:0.21212    C:0.24242    A:0.21212    G:0.33333
Average         T:0.19192    C:0.20202    A:0.32323    G:0.28283

#10: GazellaPrzewalskyi
position  1:    T:0.15152    C:0.12121    A:0.39394    G:0.33333
position  2:    T:0.21212    C:0.24242    A:0.36364    G:0.18182
position  3:    T:0.21212    C:0.24242    A:0.24242    G:0.30303
Average         T:0.19192    C:0.20202    A:0.33333    G:0.27273

#11: MountainNyala  
position  1:    T:0.15152    C:0.12121    A:0.39394    G:0.33333
position  2:    T:0.21212    C:0.24242    A:0.36364    G:0.18182
position  3:    T:0.21212    C:0.24242    A:0.24242    G:0.30303
Average         T:0.19192    C:0.20202    A:0.33333    G:0.27273

#12: MuntiacusMuntjak
position  1:    T:0.15152    C:0.12121    A:0.39394    G:0.33333
position  2:    T:0.21212    C:0.24242    A:0.36364    G:0.18182
position  3:    T:0.21212    C:0.24242    A:0.27273    G:0.27273
Average         T:0.19192    C:0.20202    A:0.34343    G:0.26263

#13: goat           
position  1:    T:0.15152    C:0.12121    A:0.39394    G:0.33333
position  2:    T:0.21212    C:0.24242    A:0.36364    G:0.18182
position  3:    T:0.24242    C:0.24242    A:0.24242    G:0.27273
Average         T:0.20202    C:0.20202    A:0.33333    G:0.26263

#14: AfricanBuffalo 
position  1:    T:0.15152    C:0.12121    A:0.39394    G:0.33333
position  2:    T:0.21212    C:0.24242    A:0.36364    G:0.18182
position  3:    T:0.21212    C:0.24242    A:0.24242    G:0.30303
Average         T:0.19192    C:0.20202    A:0.33333    G:0.27273

#15: Topi           
position  1:    T:0.15152    C:0.12121    A:0.39394    G:0.33333
position  2:    T:0.21212    C:0.24242    A:0.36364    G:0.18182
position  3:    T:0.21212    C:0.24242    A:0.27273    G:0.27273
Average         T:0.19192    C:0.20202    A:0.34343    G:0.26263

#16: CommonDuiker   
position  1:    T:0.15152    C:0.12121    A:0.39394    G:0.33333
position  2:    T:0.21212    C:0.24242    A:0.36364    G:0.18182
position  3:    T:0.21212    C:0.24242    A:0.24242    G:0.30303
Average         T:0.19192    C:0.20202    A:0.33333    G:0.27273

#17: Suni           
position  1:    T:0.15152    C:0.12121    A:0.39394    G:0.33333
position  2:    T:0.21212    C:0.24242    A:0.36364    G:0.18182
position  3:    T:0.18182    C:0.24242    A:0.24242    G:0.33333
Average         T:0.18182    C:0.20202    A:0.33333    G:0.28283

#18: Springbuck     
position  1:    T:0.15152    C:0.12121    A:0.39394    G:0.33333
position  2:    T:0.21212    C:0.24242    A:0.36364    G:0.18182
position  3:    T:0.24242    C:0.21212    A:0.24242    G:0.30303
Average         T:0.20202    C:0.19192    A:0.33333    G:0.27273

#19: Okapi          
position  1:    T:0.15152    C:0.12121    A:0.39394    G:0.33333
position  2:    T:0.21212    C:0.24242    A:0.36364    G:0.18182
position  3:    T:0.21212    C:0.24242    A:0.24242    G:0.30303
Average         T:0.19192    C:0.20202    A:0.33333    G:0.27273

#20: Giraffe        
position  1:    T:0.15152    C:0.12121    A:0.39394    G:0.33333
position  2:    T:0.21212    C:0.24242    A:0.36364    G:0.18182
position  3:    T:0.21212    C:0.24242    A:0.27273    G:0.27273
Average         T:0.19192    C:0.20202    A:0.34343    G:0.26263

#21: TibetanAntelope
position  1:    T:0.15152    C:0.12121    A:0.39394    G:0.33333
position  2:    T:0.21212    C:0.24242    A:0.36364    G:0.18182
position  3:    T:0.24242    C:0.24242    A:0.24242    G:0.27273
Average         T:0.20202    C:0.20202    A:0.33333    G:0.26263

#22: Sitatunga      
position  1:    T:0.15152    C:0.12121    A:0.39394    G:0.33333
position  2:    T:0.21212    C:0.24242    A:0.36364    G:0.18182
position  3:    T:0.21212    C:0.24242    A:0.27273    G:0.27273
Average         T:0.19192    C:0.20202    A:0.34343    G:0.26263

#23: Oribi          
position  1:    T:0.15152    C:0.12121    A:0.39394    G:0.33333
position  2:    T:0.21212    C:0.24242    A:0.36364    G:0.18182
position  3:    T:0.21212    C:0.24242    A:0.24242    G:0.30303
Average         T:0.19192    C:0.20202    A:0.33333    G:0.27273

#24: BarbarySheep   
position  1:    T:0.15152    C:0.12121    A:0.39394    G:0.33333
position  2:    T:0.21212    C:0.24242    A:0.36364    G:0.18182
position  3:    T:0.24242    C:0.24242    A:0.24242    G:0.27273
Average         T:0.20202    C:0.20202    A:0.33333    G:0.26263

#25: Daviddeer      
position  1:    T:0.15152    C:0.12121    A:0.39394    G:0.33333
position  2:    T:0.21212    C:0.24242    A:0.36364    G:0.18182
position  3:    T:0.21212    C:0.24242    A:0.27273    G:0.27273
Average         T:0.19192    C:0.20202    A:0.34343    G:0.26263

#26: Reindeer       
position  1:    T:0.15152    C:0.12121    A:0.39394    G:0.33333
position  2:    T:0.21212    C:0.24242    A:0.36364    G:0.18182
position  3:    T:0.21212    C:0.24242    A:0.30303    G:0.24242
Average         T:0.19192    C:0.20202    A:0.35354    G:0.25253

#27: Ibex           
position  1:    T:0.15152    C:0.12121    A:0.39394    G:0.33333
position  2:    T:0.21212    C:0.24242    A:0.36364    G:0.18182
position  3:    T:0.24242    C:0.24242    A:0.24242    G:0.27273
Average         T:0.20202    C:0.20202    A:0.33333    G:0.26263

#28: GyrantGazelle  
position  1:    T:0.15152    C:0.12121    A:0.39394    G:0.33333
position  2:    T:0.21212    C:0.24242    A:0.36364    G:0.18182
position  3:    T:0.24242    C:0.24242    A:0.21212    G:0.30303
Average         T:0.20202    C:0.20202    A:0.32323    G:0.27273

#29: Hartebeest     
position  1:    T:0.15152    C:0.12121    A:0.39394    G:0.33333
position  2:    T:0.21212    C:0.24242    A:0.36364    G:0.18182
position  3:    T:0.21212    C:0.24242    A:0.27273    G:0.27273
Average         T:0.19192    C:0.20202    A:0.34343    G:0.26263

#30: Bongo          
position  1:    T:0.15152    C:0.12121    A:0.39394    G:0.33333
position  2:    T:0.21212    C:0.24242    A:0.36364    G:0.18182
position  3:    T:0.21212    C:0.24242    A:0.24242    G:0.30303
Average         T:0.19192    C:0.20202    A:0.33333    G:0.27273

#31: Gerenuk        
position  1:    T:0.15152    C:0.12121    A:0.39394    G:0.33333
position  2:    T:0.21212    C:0.24242    A:0.36364    G:0.18182
position  3:    T:0.21212    C:0.24242    A:0.24242    G:0.30303
Average         T:0.19192    C:0.20202    A:0.33333    G:0.27273

#32: CommonEland    
position  1:    T:0.15152    C:0.12121    A:0.39394    G:0.33333
position  2:    T:0.21212    C:0.24242    A:0.36364    G:0.18182
position  3:    T:0.21212    C:0.24242    A:0.24242    G:0.30303
Average         T:0.19192    C:0.20202    A:0.33333    G:0.27273

#33: MuntiacusReevesi
position  1:    T:0.15152    C:0.12121    A:0.39394    G:0.33333
position  2:    T:0.21212    C:0.24242    A:0.36364    G:0.18182
position  3:    T:0.21212    C:0.24242    A:0.27273    G:0.27273
Average         T:0.19192    C:0.20202    A:0.34343    G:0.26263

#34: HarveysDuiker  
position  1:    T:0.15152    C:0.12121    A:0.39394    G:0.33333
position  2:    T:0.21212    C:0.24242    A:0.36364    G:0.18182
position  3:    T:0.21212    C:0.24242    A:0.24242    G:0.30303
Average         T:0.19192    C:0.20202    A:0.33333    G:0.27273

#35: Pronghorn      
position  1:    T:0.18182    C:0.09091    A:0.39394    G:0.33333
position  2:    T:0.21212    C:0.24242    A:0.36364    G:0.18182
position  3:    T:0.21212    C:0.24242    A:0.27273    G:0.27273
Average         T:0.20202    C:0.19192    A:0.34343    G:0.26263

#36: BlueWildebeest 
position  1:    T:0.15152    C:0.12121    A:0.39394    G:0.33333
position  2:    T:0.21212    C:0.24242    A:0.36364    G:0.18182
position  3:    T:0.21212    C:0.24242    A:0.27273    G:0.27273
Average         T:0.19192    C:0.20202    A:0.34343    G:0.26263

#37: Gemsbok        
position  1:    T:0.15152    C:0.12121    A:0.39394    G:0.33333
position  2:    T:0.21212    C:0.24242    A:0.36364    G:0.18182
position  3:    T:0.24242    C:0.21212    A:0.24242    G:0.30303
Average         T:0.20202    C:0.19192    A:0.33333    G:0.27273

#38: Yak            
position  1:    T:0.15152    C:0.12121    A:0.39394    G:0.33333
position  2:    T:0.21212    C:0.24242    A:0.36364    G:0.18182
position  3:    T:0.21212    C:0.24242    A:0.24242    G:0.30303
Average         T:0.19192    C:0.20202    A:0.33333    G:0.27273

#39: BlueSheep      
position  1:    T:0.15152    C:0.12121    A:0.39394    G:0.33333
position  2:    T:0.21212    C:0.24242    A:0.36364    G:0.18182
position  3:    T:0.24242    C:0.24242    A:0.24242    G:0.27273
Average         T:0.20202    C:0.20202    A:0.33333    G:0.26263

#40: BohorReedbuck  
position  1:    T:0.15152    C:0.12121    A:0.39394    G:0.33333
position  2:    T:0.21212    C:0.24242    A:0.36364    G:0.18182
position  3:    T:0.21212    C:0.24242    A:0.24242    G:0.30303
Average         T:0.19192    C:0.20202    A:0.33333    G:0.27273

#41: KirksDik       
position  1:    T:0.15152    C:0.12121    A:0.39394    G:0.33333
position  2:    T:0.21212    C:0.24242    A:0.36364    G:0.18182
position  3:    T:0.15152    C:0.27273    A:0.24242    G:0.33333
Average         T:0.17172    C:0.21212    A:0.33333    G:0.28283

#42: RoeDeer        
position  1:    T:0.15152    C:0.12121    A:0.39394    G:0.33333
position  2:    T:0.21212    C:0.24242    A:0.36364    G:0.18182
position  3:    T:0.21212    C:0.24242    A:0.30303    G:0.24242
Average         T:0.19192    C:0.20202    A:0.35354    G:0.25253

#43: WhiteLippedDeer
position  1:    T:0.15152    C:0.12121    A:0.39394    G:0.33333
position  2:    T:0.21212    C:0.27273    A:0.36364    G:0.15152
position  3:    T:0.21212    C:0.24242    A:0.27273    G:0.27273
Average         T:0.19192    C:0.21212    A:0.34343    G:0.25253

#44: ThomsonGazelle 
position  1:    T:0.15152    C:0.12121    A:0.39394    G:0.33333
position  2:    T:0.21212    C:0.24242    A:0.36364    G:0.18182
position  3:    T:0.21212    C:0.24242    A:0.24242    G:0.30303
Average         T:0.19192    C:0.20202    A:0.33333    G:0.27273

#45: MuntiacusCrinifrons
position  1:    T:0.15152    C:0.12121    A:0.39394    G:0.33333
position  2:    T:0.21212    C:0.24242    A:0.36364    G:0.18182
position  3:    T:0.21212    C:0.24242    A:0.27273    G:0.27273
Average         T:0.19192    C:0.20202    A:0.34343    G:0.26263

#46: WhiteTailedDeer
position  1:    T:0.15152    C:0.12121    A:0.39394    G:0.33333
position  2:    T:0.21212    C:0.24242    A:0.36364    G:0.18182
position  3:    T:0.21212    C:0.24242    A:0.30303    G:0.24242
Average         T:0.19192    C:0.20202    A:0.35354    G:0.25253

#47: Cattle         
position  1:    T:0.15152    C:0.12121    A:0.39394    G:0.33333
position  2:    T:0.21212    C:0.24242    A:0.36364    G:0.18182
position  3:    T:0.21212    C:0.24242    A:0.24242    G:0.30303
Average         T:0.19192    C:0.20202    A:0.33333    G:0.27273

#48: RoyalAntelope  
position  1:    T:0.15152    C:0.12121    A:0.39394    G:0.33333
position  2:    T:0.21212    C:0.24242    A:0.36364    G:0.18182
position  3:    T:0.21212    C:0.24242    A:0.24242    G:0.30303
Average         T:0.19192    C:0.20202    A:0.33333    G:0.27273

#49: Steenbok       
position  1:    T:0.15152    C:0.12121    A:0.39394    G:0.33333
position  2:    T:0.21212    C:0.24242    A:0.36364    G:0.18182
position  3:    T:0.18182    C:0.27273    A:0.24242    G:0.30303
Average         T:0.18182    C:0.21212    A:0.33333    G:0.27273

#50: Impala         
position  1:    T:0.15152    C:0.12121    A:0.39394    G:0.33333
position  2:    T:0.21212    C:0.24242    A:0.36364    G:0.18182
position  3:    T:0.24242    C:0.21212    A:0.21212    G:0.33333
Average         T:0.20202    C:0.19192    A:0.32323    G:0.28283

#51: Klipspringer   
position  1:    T:0.15152    C:0.12121    A:0.39394    G:0.33333
position  2:    T:0.21212    C:0.24242    A:0.36364    G:0.18182
