CODONML (in paml version 4.10.7, June 2023)  /home/rachel/ruminants_paml/6406-phy-tree/ENSBTAT00000014975.fasta.phy
Model: free dN/dS Ratios for branches,  kappa = 2.000 fixed

Codon frequency model: F3x4
ns =  54  ls =  21

Codon usage in sequences
--------------------------------------------------------------------------------------------------------------------------------------
Phe TTT   1   1   1   1   1   1 | Ser TCT   0   0   0   0   0   0 | Tyr TAT   0   0   0   0   0   0 | Cys TGT   0   0   0   0   0   0
    TTC   1   1   1   1   1   1 |     TCC   0   0   0   0   0   0 |     TAC   0   0   0   0   0   0 |     TGC   0   0   0   0   0   0
Leu TTA   1   1   1   1   1   0 |     TCA   0   0   0   0   0   0 | *** TAA   0   0   0   0   0   0 | *** TGA   0   0   0   0   0   0
    TTG   1   1   1   1   2   2 |     TCG   0   0   0   0   0   0 |     TAG   0   0   0   0   0   0 | Trp TGG   0   1   0   0   0   0
--------------------------------------------------------------------------------------------------------------------------------------
Leu CTT   0   0   0   0   0   0 | Pro CCT   0   0   0   0   0   0 | His CAT   0   0   0   0   0   0 | Arg CGT   0   0   0   0   0   0
    CTC   0   0   0   0   0   0 |     CCC   0   0   0   0   0   0 |     CAC   0   0   0   0   0   0 |     CGC   0   0   0   0   0   0
    CTA   0   0   0   0   0   0 |     CCA   1   1   1   1   1   1 | Gln CAA   0   0   0   0   0   0 |     CGA   0   0   0   0   0   0
    CTG   2   1   2   2   1   2 |     CCG   0   0   0   0   0   0 |     CAG   1   1   1   1   1   1 |     CGG   0   0   0   0   0   0
--------------------------------------------------------------------------------------------------------------------------------------
Ile ATT   0   0   0   0   0   0 | Thr ACT   0   0   0   0   0   0 | Asn AAT   0   0   0   0   0   0 | Ser AGT   1   1   1   1   0   1
    ATC   0   0   0   0   0   0 |     ACC   1   1   1   1   1   1 |     AAC   1   1   1   1   1   1 |     AGC   0   0   0   0   1   0
    ATA   0   0   0   0   0   0 |     ACA   0   0   0   0   0   0 | Lys AAA   1   1   1   1   1   1 | Arg AGA   1   1   1   1   1   1
Met ATG   2   2   2   3   1   2 |     ACG   0   0   0   0   0   0 |     AAG   0   0   0   0   0   0 |     AGG   0   0   0   0   0   0
--------------------------------------------------------------------------------------------------------------------------------------
Val GTT   1   1   1   1   1   1 | Ala GCT   0   0   0   0   0   0 | Asp GAT   2   0   2   2   1   2 | Gly GGT   0   0   0   0   0   0
    GTC   1   1   1   1   1   1 |     GCC   0   0   0   0   0   0 |     GAC   1   3   1   1   2   1 |     GGC   0   0   0   0   0   0
    GTA   0   1   0   0   0   0 |     GCA   0   0   0   0   0   0 | Glu GAA   0   0   0   0   0   0 |     GGA   0   0   0   0   0   0
    GTG   1   0   1   0   2   1 |     GCG   0   0   0   0   0   0 |     GAG   0   0   0   0   0   0 |     GGG   0   0   0   0   0   0
--------------------------------------------------------------------------------------------------------------------------------------

--------------------------------------------------------------------------------------------------------------------------------------
Phe TTT   1   1   1   1   1   1 | Ser TCT   0   0   0   0   0   0 | Tyr TAT   0   0   0   0   0   0 | Cys TGT   0   0   0   0   0   0
    TTC   1   1   1   1   1   1 |     TCC   0   0   0   0   0   0 |     TAC   0   0   0   0   0   0 |     TGC   0   0   0   0   0   0
Leu TTA   1   1   1   1   1   2 |     TCA   0   0   0   0   0   0 | *** TAA   0   0   0   0   0   0 | *** TGA   0   0   0   0   0   0
    TTG   1   1   1   1   1   0 |     TCG   0   0   0   0   0   0 |     TAG   0   0   0   0   0   0 | Trp TGG   0   0   0   0   0   0
--------------------------------------------------------------------------------------------------------------------------------------
Leu CTT   0   0   0   0   0   0 | Pro CCT   0   0   0   0   0   0 | His CAT   0   0   0   0   0   0 | Arg CGT   0   0   0   0   0   0
    CTC   0   0   0   0   0   0 |     CCC   0   0   0   0   0   0 |     CAC   0   0   0   0   0   0 |     CGC   0   0   0   0   0   0
    CTA   0   0   0   0   0   0 |     CCA   1   1   1   1   1   1 | Gln CAA   0   0   0   0   0   0 |     CGA   0   0   0   0   0   0
    CTG   2   2   2   2   2   2 |     CCG   0   0   0   0   0   0 |     CAG   1   1   1   1   1   1 |     CGG   0   0   0   0   0   0
--------------------------------------------------------------------------------------------------------------------------------------
Ile ATT   0   0   0   0   0   0 | Thr ACT   0   0   0   0   0   0 | Asn AAT   0   0   0   0   0   0 | Ser AGT   1   1   1   1   1   1
    ATC   0   0   0   0   0   0 |     ACC   1   1   1   1   1   1 |     AAC   1   1   1   1   1   1 |     AGC   0   0   0   0   0   0
    ATA   0   0   0   0   0   0 |     ACA   0   0   0   0   0   0 | Lys AAA   1   1   1   1   1   1 | Arg AGA   1   1   1   1   1   1
Met ATG   1   2   1   2   2   1 |     ACG   1   0   0   0   0   0 |     AAG   0   0   0   0   0   0 |     AGG   0   0   0   0   0   0
--------------------------------------------------------------------------------------------------------------------------------------
Val GTT   1   1   1   1   1   1 | Ala GCT   0   0   0   0   0   0 | Asp GAT   1   2   2   2   2   2 | Gly GGT   0   0   0   0   0   0
    GTC   1   1   1   1   1   1 |     GCC   0   0   0   0   0   0 |     GAC   1   1   1   1   1   1 |     GGC   0   0   0   0   0   0
    GTA   0   0   0   0   0   0 |     GCA   0   0   0   0   0   0 | Glu GAA   1   0   0   0   0   0 |     GGA   0   0   0   0   0   0
    GTG   1   1   2   1   1   2 |     GCG   0   0   0   0   0   0 |     GAG   0   0   0   0   0   0 |     GGG   0   0   0   0   0   0
--------------------------------------------------------------------------------------------------------------------------------------

--------------------------------------------------------------------------------------------------------------------------------------
Phe TTT   1   1   1   1   1   1 | Ser TCT   0   0   0   0   0   0 | Tyr TAT   0   0   0   0   0   0 | Cys TGT   0   0   0   0   0   0
    TTC   1   1   1   1   1   1 |     TCC   0   0   0   0   0   0 |     TAC   0   0   0   0   0   0 |     TGC   0   0   0   0   0   0
Leu TTA   1   1   1   1   1   1 |     TCA   0   0   0   0   0   0 | *** TAA   0   0   0   0   0   0 | *** TGA   0   0   0   0   0   0
    TTG   1   1   1   1   1   1 |     TCG   0   0   0   0   0   0 |     TAG   0   0   0   0   0   0 | Trp TGG   0   0   0   0   0   0
--------------------------------------------------------------------------------------------------------------------------------------
Leu CTT   0   0   0   0   0   0 | Pro CCT   0   0   0   0   0   0 | His CAT   0   0   0   0   0   0 | Arg CGT   0   0   0   0   0   0
    CTC   0   0   0   0   0   0 |     CCC   0   0   0   0   0   0 |     CAC   0   0   0   0   0   0 |     CGC   0   0   0   0   0   0
    CTA   0   0   0   0   0   0 |     CCA   1   1   1   1   1   1 | Gln CAA   0   0   0   0   0   0 |     CGA   0   0   0   0   0   0
    CTG   2   2   2   2   2   2 |     CCG   0   0   0   0   0   0 |     CAG   1   1   1   1   1   1 |     CGG   0   0   0   0   0   0
--------------------------------------------------------------------------------------------------------------------------------------
Ile ATT   0   0   0   0   0   0 | Thr ACT   0   0   0   0   0   0 | Asn AAT   0   0   0   0   0   0 | Ser AGT   1   1   1   1   1   1
    ATC   0   0   0   0   0   0 |     ACC   1   1   1   1   1   1 |     AAC   1   1   1   1   1   1 |     AGC   0   0   0   0   0   0
    ATA   0   0   0   0   0   0 |     ACA   0   0   0   0   0   0 | Lys AAA   1   1   1   1   1   1 | Arg AGA   1   1   1   1   1   1
Met ATG   2   2   2   1   2   2 |     ACG   0   0   0   0   0   0 |     AAG   0   0   0   0   0   0 |     AGG   0   0   0   0   0   0
--------------------------------------------------------------------------------------------------------------------------------------
Val GTT   1   1   1   1   1   0 | Ala GCT   0   0   0   0   0   0 | Asp GAT   2   2   2   2   2   2 | Gly GGT   0   0   0   0   0   0
    GTC   1   1   1   1   1   2 |     GCC   0   0   0   0   0   0 |     GAC   1   1   1   1   1   1 |     GGC   0   0   0   0   0   0
    GTA   0   0   0   0   0   0 |     GCA   0   0   0   0   0   0 | Glu GAA   0   0   0   0   0   0 |     GGA   0   0   0   0   0   0
    GTG   1   1   1   2   1   1 |     GCG   0   0   0   0   0   0 |     GAG   0   0   0   0   0   0 |     GGG   0   0   0   0   0   0
--------------------------------------------------------------------------------------------------------------------------------------

--------------------------------------------------------------------------------------------------------------------------------------
Phe TTT   1   1   1   1   1   1 | Ser TCT   0   0   0   0   0   0 | Tyr TAT   0   0   0   0   0   0 | Cys TGT   0   0   0   0   0   0
    TTC   1   1   1   1   1   1 |     TCC   0   0   0   0   0   0 |     TAC   0   0   0   0   0   0 |     TGC   0   0   0   0   0   0
Leu TTA   1   1   1   1   1   1 |     TCA   0   0   0   0   0   0 | *** TAA   0   0   0   0   0   0 | *** TGA   0   0   0   0   0   0
    TTG   1   1   1   1   1   1 |     TCG   0   0   0   0   0   0 |     TAG   0   0   0   0   0   0 | Trp TGG   0   0   0   0   0   0
--------------------------------------------------------------------------------------------------------------------------------------
Leu CTT   0   0   0   0   0   0 | Pro CCT   0   0   0   0   0   0 | His CAT   0   0   0   0   0   0 | Arg CGT   0   0   0   0   0   0
    CTC   0   0   0   0   0   0 |     CCC   0   0   0   0   0   0 |     CAC   0   0   0   0   0   0 |     CGC   0   0   0   0   0   0
    CTA   0   0   0   0   0   0 |     CCA   1   1   1   1   1   1 | Gln CAA   0   0   0   0   0   0 |     CGA   0   0   0   0   0   0
    CTG   2   2   2   2   2   2 |     CCG   0   0   0   0   0   0 |     CAG   1   1   1   1   1   1 |     CGG   0   0   0   0   0   0
--------------------------------------------------------------------------------------------------------------------------------------
Ile ATT   0   1   0   0   0   0 | Thr ACT   0   0   0   0   0   0 | Asn AAT   0   0   0   0   0   0 | Ser AGT   1   1   1   1   1   1
    ATC   0   0   0   0   0   0 |     ACC   1   1   1   1   1   1 |     AAC   1   1   1   1   1   1 |     AGC   0   0   0   0   0   0
    ATA   0   0   0   0   0   0 |     ACA   0   0   0   0   0   0 | Lys AAA   1   1   1   1   1   1 | Arg AGA   1   1   1   1   1   1
Met ATG   2   3   2   2   2   2 |     ACG   0   0   0   0   0   0 |     AAG   0   0   0   0   0   0 |     AGG   0   0   0   0   0   0
--------------------------------------------------------------------------------------------------------------------------------------
Val GTT   1   0   1   1   1   1 | Ala GCT   0   0   0   0   0   0 | Asp GAT   2   2   2   2   2   2 | Gly GGT   0   0   0   0   0   0
    GTC   1   1   1   1   1   1 |     GCC   0   0   0   0   0   0 |     GAC   1   1   1   1   1   1 |     GGC   0   0   0   0   0   0
    GTA   0   0   0   0   0   0 |     GCA   0   0   0   0   0   0 | Glu GAA   0   0   0   0   0   0 |     GGA   0   0   0   0   0   0
    GTG   1   0   1   1   1   1 |     GCG   0   0   0   0   0   0 |     GAG   0   0   0   0   0   0 |     GGG   0   0   0   0   0   0
--------------------------------------------------------------------------------------------------------------------------------------

--------------------------------------------------------------------------------------------------------------------------------------
Phe TTT   1   1   1   1   0   1 | Ser TCT   0   0   0   0   0   0 | Tyr TAT   0   0   0   0   0   0 | Cys TGT   0   0   0   0   0   0
    TTC   1   1   1   1   2   1 |     TCC   0   0   0   0   0   0 |     TAC   0   0   0   0   0   0 |     TGC   0   0   0   0   0   0
Leu TTA   1   1   1   1   1   1 |     TCA   0   0   0   0   0   0 | *** TAA   0   0   0   0   0   0 | *** TGA   0   0   0   0   0   0
    TTG   1   1   1   1   1   1 |     TCG   0   0   0   0   0   0 |     TAG   0   0   0   0   0   0 | Trp TGG   0   0   0   0   0   0
--------------------------------------------------------------------------------------------------------------------------------------
Leu CTT   0   0   0   0   0   0 | Pro CCT   0   0   0   0   0   0 | His CAT   0   0   0   0   0   0 | Arg CGT   0   0   0   0   0   0
    CTC   0   0   0   0   0   0 |     CCC   0   0   0   0   0   0 |     CAC   0   0   0   0   0   0 |     CGC   0   0   0   0   0   0
    CTA   0   0   0   0   0   0 |     CCA   1   1   1   1   1   1 | Gln CAA   0   0   0   0   0   0 |     CGA   0   0   0   0   0   0
    CTG   2   2   2   2   2   2 |     CCG   0   0   0   0   0   0 |     CAG   1   1   1   1   1   1 |     CGG   0   0   0   0   0   0
--------------------------------------------------------------------------------------------------------------------------------------
Ile ATT   0   0   0   0   0   0 | Thr ACT   0   0   0   0   0   0 | Asn AAT   0   0   0   0   0   0 | Ser AGT   1   1   1   1   1   1
    ATC   0   0   0   0   0   0 |     ACC   1   1   1   1   1   1 |     AAC   1   1   1   1   1   1 |     AGC   0   0   0   0   0   0
    ATA   0   0   0   0   0   0 |     ACA   0   0   0   0   0   0 | Lys AAA   1   1   1   1   1   1 | Arg AGA   1   1   1   1   1   1
Met ATG   1   1   2   2   2   2 |     ACG   0   0   0   0   0   0 |     AAG   0   0   0   0   0   0 |     AGG   0   0   0   0   0   0
--------------------------------------------------------------------------------------------------------------------------------------
Val GTT   1   1   1   0   1   1 | Ala GCT   0   0   0   0   0   0 | Asp GAT   2   2   2   2   2   2 | Gly GGT   0   0   0   0   0   0
    GTC   1   1   1   2   1   1 |     GCC   0   0   0   0   0   0 |     GAC   1   1   1   1   1   1 |     GGC   0   0   0   0   0   0
    GTA   0   0   0   0   0   0 |     GCA   0   0   0   0   0   0 | Glu GAA   0   0   0   0   0   0 |     GGA   0   0   0   0   0   0
    GTG   2   2   1   1   1   1 |     GCG   0   0   0   0   0   0 |     GAG   0   0   0   0   0   0 |     GGG   0   0   0   0   0   0
--------------------------------------------------------------------------------------------------------------------------------------

--------------------------------------------------------------------------------------------------------------------------------------
Phe TTT   1   1   1   1   1   1 | Ser TCT   0   0   0   0   0   0 | Tyr TAT   0   0   0   0   0   0 | Cys TGT   0   0   0   0   0   0
    TTC   1   1   1   1   1   1 |     TCC   0   0   0   0   0   0 |     TAC   0   0   0   0   0   0 |     TGC   0   0   0   0   0   0
Leu TTA   1   1   1   1   1   1 |     TCA   0   0   0   0   0   0 | *** TAA   0   0   0   0   0   0 | *** TGA   0   0   0   0   0   0
    TTG   1   1   1   1   1   1 |     TCG   0   0   0   0   0   0 |     TAG   0   0   0   0   0   0 | Trp TGG   0   0   0   0   0   0
--------------------------------------------------------------------------------------------------------------------------------------
Leu CTT   0   0   0   0   0   0 | Pro CCT   0   0   0   0   0   0 | His CAT   0   0   0   0   0   0 | Arg CGT   0   0   0   0   0   0
    CTC   0   0   0   0   0   0 |     CCC   0   0   0   0   0   0 |     CAC   0   0   0   0   0   0 |     CGC   0   0   0   0   0   0
    CTA   0   0   0   0   0   0 |     CCA   1   1   1   1   1   1 | Gln CAA   0   0   0   0   0   0 |     CGA   0   0   0   0   0   0
    CTG   2   2   2   2   2   2 |     CCG   0   0   0   0   0   0 |     CAG   1   1   1   1   1   1 |     CGG   0   0   0   0   0   0
--------------------------------------------------------------------------------------------------------------------------------------
Ile ATT   0   0   0   0   0   0 | Thr ACT   0   0   0   0   0   0 | Asn AAT   0   0   0   0   0   0 | Ser AGT   1   1   1   1   1   1
    ATC   0   0   0   0   0   0 |     ACC   1   1   1   1   1   1 |     AAC   1   1   1   1   1   1 |     AGC   0   0   0   0   0   0
    ATA   0   0   0   0   0   0 |     ACA   0   0   0   0   0   0 | Lys AAA   1   1   1   1   1   1 | Arg AGA   1   1   1   1   1   1
Met ATG   2   2   1   2   2   2 |     ACG   0   0   0   0   0   0 |     AAG   0   0   0   0   0   0 |     AGG   0   0   0   0   0   0
--------------------------------------------------------------------------------------------------------------------------------------
Val GTT   0   1   1   1   1   1 | Ala GCT   0   0   0   0   0   0 | Asp GAT   2   2   2   2   2   2 | Gly GGT   0   0   0   0   0   0
    GTC   2   1   1   1   1   1 |     GCC   0   0   0   0   0   0 |     GAC   1   1   1   1   1   1 |     GGC   0   0   0   0   0   0
    GTA   0   0   0   0   0   0 |     GCA   0   0   0   0   0   0 | Glu GAA   0   0   0   0   0   0 |     GGA   0   0   0   0   0   0
    GTG   1   1   2   1   1   1 |     GCG   0   0   0   0   0   0 |     GAG   0   0   0   0   0   0 |     GGG   0   0   0   0   0   0
--------------------------------------------------------------------------------------------------------------------------------------

--------------------------------------------------------------------------------------------------------------------------------------
Phe TTT   1   1   1   1   1   1 | Ser TCT   0   0   0   0   0   0 | Tyr TAT   0   0   0   0   0   0 | Cys TGT   0   0   0   0   0   0
    TTC   1   1   1   1   1   1 |     TCC   0   0   0   0   0   0 |     TAC   0   0   0   0   0   0 |     TGC   0   0   0   0   0   0
Leu TTA   1   1   1   1   1   1 |     TCA   0   0   0   0   0   0 | *** TAA   0   0   0   0   0   0 | *** TGA   0   0   0   0   0   0
    TTG   1   1   1   1   0   1 |     TCG   0   0   0   0   1   0 |     TAG   0   0   0   0   0   0 | Trp TGG   0   0   0   0   0   0
--------------------------------------------------------------------------------------------------------------------------------------
Leu CTT   0   0   0   0   0   0 | Pro CCT   0   0   0   0   0   0 | His CAT   0   0   0   0   0   0 | Arg CGT   0   0   0   0   0   0
    CTC   0   0   0   0   0   0 |     CCC   0   0   0   0   0   0 |     CAC   0   0   0   0   0   0 |     CGC   0   0   0   0   0   0
    CTA   0   0   0   0   0   0 |     CCA   1   1   1   1   1   1 | Gln CAA   0   0   0   0   0   0 |     CGA   0   0   0   0   0   0
    CTG   2   2   2   2   1   2 |     CCG   0   0   0   0   0   0 |     CAG   1   1   1   1   1   1 |     CGG   0   0   0   0   1   0
--------------------------------------------------------------------------------------------------------------------------------------
Ile ATT   0   1   0   0   1   0 | Thr ACT   0   0   0   0   0   0 | Asn AAT   0   0   0   0   0   0 | Ser AGT   1   1   1   1   1   1
    ATC   0   0   0   0   0   0 |     ACC   1   1   1   1   1   1 |     AAC   1   1   1   1   1   1 |     AGC   0   0   0   0   0   0
    ATA   0   0   0   0   0   0 |     ACA   0   0   0   0   0   0 | Lys AAA   1   1   1   1   1   1 | Arg AGA   1   1   1   1   1   1
Met ATG   2   2   2   1   2   1 |     ACG   0   0   0   1   0   0 |     AAG   0   0   0   0   0   0 |     AGG   0   0   0   0   0   0
--------------------------------------------------------------------------------------------------------------------------------------
Val GTT   1   0   1   1   0   1 | Ala GCT   0   0   0   0   0   0 | Asp GAT   2   2   2   2   2   2 | Gly GGT   0   0   0   0   0   0
    GTC   1   1   1   1   1   1 |     GCC   0   0   0   0   0   0 |     GAC   1   1   1   1   1   1 |     GGC   0   0   0   0   0   0
    GTA   0   0   0   0   0   0 |     GCA   0   0   0   0   0   0 | Glu GAA   0   0   0   0   0   0 |     GGA   0   0   0   0   0   0
    GTG   1   1   1   1   1   2 |     GCG   0   0   0   0   0   0 |     GAG   0   0   0   0   0   0 |     GGG   0   0   0   0   0   0
--------------------------------------------------------------------------------------------------------------------------------------

--------------------------------------------------------------------------------------------------------------------------------------
Phe TTT   1   2   1   1   1   1 | Ser TCT   0   0   0   0   0   0 | Tyr TAT   0   0   0   0   0   0 | Cys TGT   0   0   0   0   0   0
    TTC   1   0   1   1   1   1 |     TCC   0   0   0   0   0   0 |     TAC   0   0   0   0   0   0 |     TGC   0   0   0   0   0   0
Leu TTA   1   1   1   1   1   1 |     TCA   0   0   0   0   0   0 | *** TAA   0   0   0   0   0   0 | *** TGA   0   0   0   0   0   0
    TTG   1   1   1   1   1   1 |     TCG   0   0   0   0   0   0 |     TAG   0   0   0   0   0   0 | Trp TGG   0   0   0   0   0   0
--------------------------------------------------------------------------------------------------------------------------------------
Leu CTT   0   0   0   0   0   0 | Pro CCT   0   0   0   0   0   0 | His CAT   0   0   0   0   0   0 | Arg CGT   0   0   0   0   0   0
    CTC   0   0   0   0   0   0 |     CCC   0   0   0   0   0   0 |     CAC   0   0   0   0   0   0 |     CGC   0   0   0   0   0   0
    CTA   0   0   0   0   0   0 |     CCA   1   1   1   1   1   1 | Gln CAA   0   0   0   0   0   0 |     CGA   0   0   0   0   0   0
    CTG   2   2   2   2   2   2 |     CCG   0   0   0   0   0   0 |     CAG   1   1   1   1   1   1 |     CGG   0   0   0   0   0   0
--------------------------------------------------------------------------------------------------------------------------------------
Ile ATT   0   0   0   0   1   0 | Thr ACT   0   0   0   0   0   0 | Asn AAT   0   0   0   0   0   0 | Ser AGT   1   1   1   1   1   1
    ATC   0   0   0   0   0   0 |     ACC   1   1   1   1   1   1 |     AAC   1   1   1   1   1   1 |     AGC   0   0   0   0   0   0
    ATA   0   0   0   0   0   0 |     ACA   0   0   0   0   0   0 | Lys AAA   1   1   1   1   1   1 | Arg AGA   1   1   1   1   1   1
Met ATG   1   2   1   1   2   2 |     ACG   0   0   0   0   0   0 |     AAG   0   0   0   0   0   0 |     AGG   0   0   0   0   0   0
--------------------------------------------------------------------------------------------------------------------------------------
Val GTT   1   0   1   1   0   1 | Ala GCT   0   0   0   0   0   0 | Asp GAT   2   2   2   2   2   2 | Gly GGT   0   0   0   0   0   0
    GTC   1   2   1   1   1   1 |     GCC   0   0   0   0   0   0 |     GAC   1   1   1   1   1   1 |     GGC   0   0   0   0   0   0
    GTA   0   0   0   0   0   0 |     GCA   0   0   0   0   0   0 | Glu GAA   0   0   0   0   0   0 |     GGA   0   0   0   0   0   0
    GTG   2   1   2   2   1   1 |     GCG   0   0   0   0   0   0 |     GAG   0   0   0   0   0   0 |     GGG   0   0   0   0   0   0
--------------------------------------------------------------------------------------------------------------------------------------

--------------------------------------------------------------------------------------------------------------------------------------
Phe TTT   1   1   1   1   1   1 | Ser TCT   0   0   0   0   0   0 | Tyr TAT   0   0   0   0   0   0 | Cys TGT   0   0   0   0   0   0
    TTC   1   1   1   1   1   1 |     TCC   0   0   0   0   0   0 |     TAC   0   0   0   0   0   0 |     TGC   0   0   0   0   0   0
Leu TTA   1   1   1   1   1   1 |     TCA   0   0   0   0   0   0 | *** TAA   0   0   0   0   0   0 | *** TGA   0   0   0   0   0   0
    TTG   0   1   1   1   1   1 |     TCG   1   0   0   0   0   0 |     TAG   0   0   0   0   0   0 | Trp TGG   0   0   0   0   0   0
--------------------------------------------------------------------------------------------------------------------------------------
Leu CTT   0   0   0   0   0   0 | Pro CCT   0   0   0   0   0   0 | His CAT   0   0   0   0   0   0 | Arg CGT   0   0   0   0   0   0
    CTC   0   0   0   0   0   0 |     CCC   0   0   0   0   0   0 |     CAC   0   0   0   0   0   0 |     CGC   0   0   0   0   0   0
    CTA   0   0   0   0   0   0 |     CCA   1   1   1   1   1   1 | Gln CAA   0   0   0   0   0   0 |     CGA   0   0   0   0   0   0
    CTG   2   1   2   2   2   2 |     CCG   0   0   0   0   0   0 |     CAG   1   1   1   1   1   1 |     CGG   0   1   0   0   0   0
--------------------------------------------------------------------------------------------------------------------------------------
Ile ATT   0   0   0   0   0   0 | Thr ACT   0   0   0   0   0   0 | Asn AAT   0   0   0   0   0   0 | Ser AGT   1   1   1   1   1   1
    ATC   0   0   0   0   0   0 |     ACC   1   1   1   1   1   1 |     AAC   1   1   1   1   1   1 |     AGC   0   0   0   0   0   0
    ATA   0   0   0   0   0   0 |     ACA   0   0   0   0   0   0 | Lys AAA   1   1   1   1   1   1 | Arg AGA   1   1   1   1   1   1
Met ATG   2   2   1   3   2   2 |     ACG   0   0   0   0   0   0 |     AAG   0   0   0   0   0   0 |     AGG   0   0   0   0   0   0
--------------------------------------------------------------------------------------------------------------------------------------
Val GTT   1   1   1   1   1   1 | Ala GCT   0   0   0   0   0   0 | Asp GAT   2   2   2   2   2   2 | Gly GGT   0   0   0   0   0   0
    GTC   1   1   1   1   1   1 |     GCC   0   0   0   0   0   0 |     GAC   1   1   1   1   1   1 |     GGC   0   0   0   0   0   0
    GTA   0   0   0   0   0   0 |     GCA   0   0   0   0   0   0 | Glu GAA   0   0   0   0   0   0 |     GGA   0   0   0   0   0   0
    GTG   1   1   2   0   1   1 |     GCG   0   0   0   0   0   0 |     GAG   0   0   0   0   0   0 |     GGG   0   0   0   0   0   0
--------------------------------------------------------------------------------------------------------------------------------------

Codon position x base (3x4) table for each sequence.

#1: Argali         
position  1:    T:0.19048    C:0.19048    A:0.33333    G:0.28571
position  2:    T:0.52381    C:0.09524    A:0.28571    G:0.09524
position  3:    T:0.23810    C:0.23810    A:0.19048    G:0.33333
Average         T:0.31746    C:0.17460    A:0.26984    G:0.23810

#2: LesserMouseDeer
position  1:    T:0.23810    C:0.14286    A:0.33333    G:0.28571
position  2:    T:0.47619    C:0.09524    A:0.28571    G:0.14286
position  3:    T:0.14286    C:0.33333    A:0.23810    G:0.28571
Average         T:0.28571    C:0.19048    A:0.28571    G:0.23810

#3: LesserKudu     
position  1:    T:0.19048    C:0.19048    A:0.33333    G:0.28571
position  2:    T:0.52381    C:0.09524    A:0.28571    G:0.09524
position  3:    T:0.23810    C:0.23810    A:0.19048    G:0.33333
Average         T:0.31746    C:0.17460    A:0.26984    G:0.23810

#4: ForestMuskDeer2
position  1:    T:0.19048    C:0.19048    A:0.38095    G:0.23810
position  2:    T:0.52381    C:0.09524    A:0.28571    G:0.09524
position  3:    T:0.23810    C:0.23810    A:0.19048    G:0.33333
Average         T:0.31746    C:0.17460    A:0.28571    G:0.22222

#5: Camel          
position  1:    T:0.23810    C:0.14286    A:0.28571    G:0.33333
position  2:    T:0.52381    C:0.09524    A:0.28571    G:0.09524
position  3:    T:0.14286    C:0.33333    A:0.19048    G:0.33333
Average         T:0.30159    C:0.19048    A:0.25397    G:0.25397

#6: KillerWhale    
position  1:    T:0.19048    C:0.19048    A:0.33333    G:0.28571
position  2:    T:0.52381    C:0.09524    A:0.28571    G:0.09524
position  3:    T:0.23810    C:0.23810    A:0.14286    G:0.38095
Average         T:0.31746    C:0.17460    A:0.25397    G:0.25397

#7: DefassaWaterbuck
position  1:    T:0.19048    C:0.19048    A:0.33333    G:0.28571
position  2:    T:0.47619    C:0.14286    A:0.28571    G:0.09524
position  3:    T:0.19048    C:0.23810    A:0.23810    G:0.33333
Average         T:0.28571    C:0.19048    A:0.28571    G:0.23810

#8: Sheep          
position  1:    T:0.19048    C:0.19048    A:0.33333    G:0.28571
position  2:    T:0.52381    C:0.09524    A:0.28571    G:0.09524
position  3:    T:0.23810    C:0.23810    A:0.19048    G:0.33333
Average         T:0.31746    C:0.17460    A:0.26984    G:0.23810

#9: MaxwellsDuiker 
position  1:    T:0.19048    C:0.19048    A:0.28571    G:0.33333
position  2:    T:0.52381    C:0.09524    A:0.28571    G:0.09524
position  3:    T:0.23810    C:0.23810    A:0.19048    G:0.33333
Average         T:0.31746    C:0.17460    A:0.25397    G:0.25397

#10: GazellaPrzewalskyi
position  1:    T:0.19048    C:0.19048    A:0.33333    G:0.28571
position  2:    T:0.52381    C:0.09524    A:0.28571    G:0.09524
position  3:    T:0.23810    C:0.23810    A:0.19048    G:0.33333
Average         T:0.31746    C:0.17460    A:0.26984    G:0.23810

#11: MountainNyala  
position  1:    T:0.19048    C:0.19048    A:0.33333    G:0.28571
position  2:    T:0.52381    C:0.09524    A:0.28571    G:0.09524
position  3:    T:0.23810    C:0.23810    A:0.19048    G:0.33333
Average         T:0.31746    C:0.17460    A:0.26984    G:0.23810

#12: MuntiacusMuntjak
position  1:    T:0.19048    C:0.19048    A:0.28571    G:0.33333
position  2:    T:0.52381    C:0.09524    A:0.28571    G:0.09524
position  3:    T:0.23810    C:0.23810    A:0.23810    G:0.28571
Average         T:0.31746    C:0.17460    A:0.26984    G:0.23810

#13: goat           
position  1:    T:0.19048    C:0.19048    A:0.33333    G:0.28571
position  2:    T:0.52381    C:0.09524    A:0.28571    G:0.09524
position  3:    T:0.23810    C:0.23810    A:0.19048    G:0.33333
Average         T:0.31746    C:0.17460    A:0.26984    G:0.23810

#14: AfricanBuffalo 
position  1:    T:0.19048    C:0.19048    A:0.33333    G:0.28571
position  2:    T:0.52381    C:0.09524    A:0.28571    G:0.09524
position  3:    T:0.23810    C:0.23810    A:0.19048    G:0.33333
Average         T:0.31746    C:0.17460    A:0.26984    G:0.23810

#15: Topi           
position  1:    T:0.19048    C:0.19048    A:0.33333    G:0.28571
position  2:    T:0.52381    C:0.09524    A:0.28571    G:0.09524
position  3:    T:0.23810    C:0.23810    A:0.19048    G:0.33333
Average         T:0.31746    C:0.17460    A:0.26984    G:0.23810

#16: CommonDuiker   
position  1:    T:0.19048    C:0.19048    A:0.28571    G:0.33333
position  2:    T:0.52381    C:0.09524    A:0.28571    G:0.09524
position  3:    T:0.23810    C:0.23810    A:0.19048    G:0.33333
Average         T:0.31746    C:0.17460    A:0.25397    G:0.25397

#17: Suni           
position  1:    T:0.19048    C:0.19048    A:0.33333    G:0.28571
position  2:    T:0.52381    C:0.09524    A:0.28571    G:0.09524
position  3:    T:0.23810    C:0.23810    A:0.19048    G:0.33333
Average         T:0.31746    C:0.17460    A:0.26984    G:0.23810

#18: Springbuck     
position  1:    T:0.19048    C:0.19048    A:0.33333    G:0.28571
position  2:    T:0.52381    C:0.09524    A:0.28571    G:0.09524
position  3:    T:0.19048    C:0.28571    A:0.19048    G:0.33333
Average         T:0.30159    C:0.19048    A:0.26984    G:0.23810

#19: Okapi          
position  1:    T:0.19048    C:0.19048    A:0.33333    G:0.28571
position  2:    T:0.52381    C:0.09524    A:0.28571    G:0.09524
position  3:    T:0.23810    C:0.23810    A:0.19048    G:0.33333
Average         T:0.31746    C:0.17460    A:0.26984    G:0.23810

#20: Giraffe        
position  1:    T:0.19048    C:0.19048    A:0.42857    G:0.19048
position  2:    T:0.52381    C:0.09524    A:0.28571    G:0.09524
position  3:    T:0.23810    C:0.23810    A:0.19048    G:0.33333
Average         T:0.31746    C:0.17460    A:0.30159    G:0.20635

#21: TibetanAntelope
position  1:    T:0.19048    C:0.19048    A:0.33333    G:0.28571
position  2:    T:0.52381    C:0.09524    A:0.28571    G:0.09524
position  3:    T:0.23810    C:0.23810    A:0.19048    G:0.33333
Average         T:0.31746    C:0.17460    A:0.26984    G:0.23810

#22: Sitatunga      
position  1:    T:0.19048    C:0.19048    A:0.33333    G:0.28571
position  2:    T:0.52381    C:0.09524    A:0.28571    G:0.09524
position  3:    T:0.23810    C:0.23810    A:0.19048    G:0.33333
Average         T:0.31746    C:0.17460    A:0.26984    G:0.23810

#23: Oribi          
position  1:    T:0.19048    C:0.19048    A:0.33333    G:0.28571
position  2:    T:0.52381    C:0.09524    A:0.28571    G:0.09524
position  3:    T:0.23810    C:0.23810    A:0.19048    G:0.33333
Average         T:0.31746    C:0.17460    A:0.26984    G:0.23810

#24: BarbarySheep   
position  1:    T:0.19048    C:0.19048    A:0.33333    G:0.28571
position  2:    T:0.52381    C:0.09524    A:0.28571    G:0.09524
position  3:    T:0.23810    C:0.23810    A:0.19048    G:0.33333
Average         T:0.31746    C:0.17460    A:0.26984    G:0.23810

#25: Daviddeer      
position  1:    T:0.19048    C:0.19048    A:0.28571    G:0.33333
position  2:    T:0.52381    C:0.09524    A:0.28571    G:0.09524
position  3:    T:0.23810    C:0.23810    A:0.19048    G:0.33333
Average         T:0.31746    C:0.17460    A:0.25397    G:0.25397

#26: Reindeer       
position  1:    T:0.19048    C:0.19048    A:0.28571    G:0.33333
position  2:    T:0.52381    C:0.09524    A:0.28571    G:0.09524
position  3:    T:0.23810    C:0.23810    A:0.19048    G:0.33333
Average         T:0.31746    C:0.17460    A:0.25397    G:0.25397

#27: Ibex           
position  1:    T:0.19048    C:0.19048    A:0.33333    G:0.28571
position  2:    T:0.52381    C:0.09524    A:0.28571    G:0.09524
position  3:    T:0.23810    C:0.23810    A:0.19048    G:0.33333
Average         T:0.31746    C:0.17460    A:0.26984    G:0.23810

#28: GyrantGazelle  
position  1:    T:0.19048    C:0.19048    A:0.33333    G:0.28571
position  2:    T:0.52381    C:0.09524    A:0.28571    G:0.09524
position  3:    T:0.19048    C:0.28571    A:0.19048    G:0.33333
Average         T:0.30159    C:0.19048    A:0.26984    G:0.23810

#29: Hartebeest     
position  1:    T:0.19048    C:0.19048    A:0.33333    G:0.28571
position  2:    T:0.52381    C:0.09524    A:0.28571    G:0.09524
position  3:    T:0.19048    C:0.28571    A:0.19048    G:0.33333
Average         T:0.30159    C:0.19048    A:0.26984    G:0.23810

#30: Bongo          
position  1:    T:0.19048    C:0.19048    A:0.33333    G:0.28571
position  2:    T:0.52381    C:0.09524    A:0.28571    G:0.09524
position  3:    T:0.23810    C:0.23810    A:0.19048    G:0.33333
Average         T:0.31746    C:0.17460    A:0.26984    G:0.23810

#31: Gerenuk        
position  1:    T:0.19048    C:0.19048    A:0.33333    G:0.28571
position  2:    T:0.52381    C:0.09524    A:0.28571    G:0.09524
position  3:    T:0.19048    C:0.28571    A:0.19048    G:0.33333
Average         T:0.30159    C:0.19048    A:0.26984    G:0.23810

#32: CommonEland    
position  1:    T:0.19048    C:0.19048    A:0.33333    G:0.28571
position  2:    T:0.52381    C:0.09524    A:0.28571    G:0.09524
position  3:    T:0.23810    C:0.23810    A:0.19048    G:0.33333
Average         T:0.31746    C:0.17460    A:0.26984    G:0.23810

#33: MuntiacusReevesi
position  1:    T:0.19048    C:0.19048    A:0.28571    G:0.33333
position  2:    T:0.52381    C:0.09524    A:0.28571    G:0.09524
position  3:    T:0.23810    C:0.23810    A:0.19048    G:0.33333
Average         T:0.31746    C:0.17460    A:0.25397    G:0.25397

#34: HarveysDuiker  
position  1:    T:0.19048    C:0.19048    A:0.33333    G:0.28571
position  2:    T:0.52381    C:0.09524    A:0.28571    G:0.09524
position  3:    T:0.23810    C:0.23810    A:0.19048    G:0.33333
Average         T:0.31746    C:0.17460    A:0.26984    G:0.23810

#35: Pronghorn      
position  1:    T:0.19048    C:0.19048    A:0.33333    G:0.28571
position  2:    T:0.52381    C:0.09524    A:0.28571    G:0.09524
position  3:    T:0.23810    C:0.23810    A:0.19048    G:0.33333
Average         T:0.31746    C:0.17460    A:0.26984    G:0.23810

#36: BlueWildebeest 
position  1:    T:0.19048    C:0.19048    A:0.33333    G:0.28571
position  2:    T:0.52381    C:0.09524    A:0.28571    G:0.09524
position  3:    T:0.23810    C:0.23810    A:0.19048    G:0.33333
Average         T:0.31746    C:0.17460    A:0.26984    G:0.23810

#37: Gemsbok        
position  1:    T:0.19048    C:0.19048    A:0.33333    G:0.28571
position  2:    T:0.52381    C:0.09524    A:0.28571    G:0.09524
position  3:    T:0.23810    C:0.23810    A:0.19048    G:0.33333
Average         T:0.31746    C:0.17460    A:0.26984    G:0.23810

#38: Yak            
position  1:    T:0.19048    C:0.19048    A:0.38095    G:0.23810
position  2:    T:0.52381    C:0.09524    A:0.28571    G:0.09524
position  3:    T:0.23810    C:0.23810    A:0.19048    G:0.33333
Average         T:0.31746    C:0.17460    A:0.28571    G:0.22222

#39: BlueSheep      
position  1:    T:0.19048    C:0.19048    A:0.33333    G:0.28571
position  2:    T:0.52381    C:0.09524    A:0.28571    G:0.09524
position  3:    T:0.23810    C:0.23810    A:0.19048    G:0.33333
Average         T:0.31746    C:0.17460    A:0.26984    G:0.23810

#40: BohorReedbuck  
position  1:    T:0.19048    C:0.19048    A:0.33333    G:0.28571
position  2:    T:0.47619    C:0.14286    A:0.28571    G:0.09524
position  3:    T:0.23810    C:0.23810    A:0.19048    G:0.33333
Average         T:0.30159    C:0.19048    A:0.26984    G:0.23810

#41: KirksDik       
position  1:    T:0.19048    C:0.19048    A:0.38095    G:0.23810
position  2:    T:0.42857    C:0.14286    A:0.28571    G:0.14286
position  3:    T:0.23810    C:0.23810    A:0.19048    G:0.33333
Average         T:0.28571    C:0.19048    A:0.28571    G:0.23810

#42: RoeDeer        
position  1:    T:0.19048    C:0.19048    A:0.28571    G:0.33333
position  2:    T:0.52381    C:0.09524    A:0.28571    G:0.09524
position  3:    T:0.23810    C:0.23810    A:0.19048    G:0.33333
Average         T:0.31746    C:0.17460    A:0.25397    G:0.25397

#43: WhiteLippedDeer
position  1:    T:0.19048    C:0.19048    A:0.28571    G:0.33333
position  2:    T:0.52381    C:0.09524    A:0.28571    G:0.09524
position  3:    T:0.23810    C:0.23810    A:0.19048    G:0.33333
Average         T:0.31746    C:0.17460    A:0.25397    G:0.25397

#44: ThomsonGazelle 
position  1:    T:0.19048    C:0.19048    A:0.33333    G:0.28571
position  2:    T:0.52381    C:0.09524    A:0.28571    G:0.09524
position  3:    T:0.23810    C:0.23810    A:0.19048    G:0.33333
Average         T:0.31746    C:0.17460    A:0.26984    G:0.23810

#45: MuntiacusCrinifrons
position  1:    T:0.19048    C:0.19048    A:0.28571    G:0.33333
position  2:    T:0.52381    C:0.09524    A:0.28571    G:0.09524
position  3:    T:0.23810    C:0.23810    A:0.19048    G:0.33333
Average         T:0.31746    C:0.17460    A:0.25397    G:0.25397

#46: WhiteTailedDeer
position  1:    T:0.19048    C:0.19048    A:0.28571    G:0.33333
position  2:    T:0.52381    C:0.09524    A:0.28571    G:0.09524
position  3:    T:0.23810    C:0.23810    A:0.19048    G:0.33333
Average         T:0.31746    C:0.17460    A:0.25397    G:0.25397

#47: Cattle         
position  1:    T:0.19048    C:0.19048    A:0.38095    G:0.23810
position  2:    T:0.52381    C:0.09524    A:0.28571    G:0.09524
position  3:    T:0.23810    C:0.23810    A:0.19048    G:0.33333
Average         T:0.31746    C:0.17460    A:0.28571    G:0.22222

#48: RoyalAntelope  
position  1:    T:0.19048    C:0.19048    A:0.33333    G:0.28571
position  2:    T:0.52381    C:0.09524    A:0.28571    G:0.09524
position  3:    T:0.23810    C:0.23810    A:0.19048    G:0.33333
Average         T:0.31746    C:0.17460    A:0.26984    G:0.23810

#49: Steenbok       
position  1:    T:0.19048    C:0.19048    A:0.33333    G:0.28571
position  2:    T:0.47619    C:0.14286    A:0.28571    G:0.09524
position  3:    T:0.23810    C:0.23810    A:0.19048    G:0.33333
Average         T:0.30159    C:0.19048    A:0.26984    G:0.23810

#50: Impala         
position  1:    T:0.19048    C:0.19048    A:0.33333    G:0.28571
position  2:    T:0.47619    C:0.09524    A:0.28571    G:0.14286
position  3:    T:0.23810    C:0.23810    A:0.19048    G:0.33333
Average         T:0.30159    C:0.17460    A:0.26984    G:0.25397

#51: Klipspringer   
position  1:    T:0.19048    C:0.19048    A:0.28571    G:0.33333
position  2:    T:0.52381    C:0.09524    A:0.28571    G:0.09524
