CODONML (in paml version 4.10.7, June 2023)  /home/rachel/ruminants_paml/6406-phy-tree/ENSBTAT00000002872.fasta.phy
Model: free dN/dS Ratios for branches,  kappa = 2.000 fixed

Codon frequency model: F3x4
ns =  54  ls = 106

Codon usage in sequences
--------------------------------------------------------------------------------------------------------------------------------------
Phe TTT   4   4   4   5   5   4 | Ser TCT   2   1   2   2   2   2 | Tyr TAT   1   1   1   1   2   1 | Cys TGT   1   1   1   1   0   1
    TTC   2   2   2   1   2   2 |     TCC   0   1   0   0   0   0 |     TAC   2   2   2   2   1   2 |     TGC   1   1   1   1   2   1
Leu TTA   3   2   3   3   2   2 |     TCA   2   2   2   2   1   2 | *** TAA   0   0   0   0   0   0 | *** TGA   0   0   0   0   0   0
    TTG   2   2   2   2   2   3 |     TCG   0   0   0   0   1   0 |     TAG   0   0   0   0   0   0 | Trp TGG   2   2   2   2   2   2
--------------------------------------------------------------------------------------------------------------------------------------
Leu CTT   5   6   5   5   5   5 | Pro CCT   3   2   3   3   3   3 | His CAT   3   3   3   3   2   3 | Arg CGT   0   0   0   0   0   0
    CTC   4   2   4   4   0   3 |     CCC   0   0   0   0   0   0 |     CAC   0   0   0   0   1   0 |     CGC   0   0   0   0   0   0
    CTA   0   1   0   1   0   0 |     CCA   1   2   1   1   0   1 | Gln CAA   1   1   1   1   1   1 |     CGA   0   0   0   0   0   0
    CTG   2   3   2   1   4   2 |     CCG   0   0   0   0   1   0 |     CAG   4   4   4   4   4   4 |     CGG   0   0   0   0   0   0
--------------------------------------------------------------------------------------------------------------------------------------
Ile ATT   5   5   5   5   5   5 | Thr ACT   1   1   1   1   1   1 | Asn AAT   3   3   3   4   1   3 | Ser AGT   0   0   0   0   0   0
    ATC   1   1   1   1   1   1 |     ACC   1   0   1   1   0   0 |     AAC   4   2   4   3   5   4 |     AGC   1   3   1   1   1   1
    ATA   3   2   3   3   2   3 |     ACA   1   2   1   1   1   1 | Lys AAA   4   5   4   4   5   3 | Arg AGA   1   1   1   1   1   1
Met ATG   2   2   2   2   2   2 |     ACG   0   0   0   0   0   1 |     AAG   3   3   3   3   3   4 |     AGG   1   1   1   1   1   1
--------------------------------------------------------------------------------------------------------------------------------------
Val GTT   0   0   0   0   0   0 | Ala GCT   4   4   5   5   4   4 | Asp GAT   4   4   4   4   3   4 | Gly GGT   0   0   0   0   0   0
    GTC   2   2   2   1   4   2 |     GCC   1   3   2   1   4   2 |     GAC   1   1   1   1   2   1 |     GGC   0   0   0   0   0   0
    GTA   1   0   0   2   1   1 |     GCA   1   0   1   1   0   1 | Glu GAA   3   2   3   3   3   3 |     GGA   4   4   4   4   4   4
    GTG   3   5   4   3   4   4 |     GCG   4   3   2   3   3   3 |     GAG   2   2   2   2   2   2 |     GGG   0   0   0   0   0   0
--------------------------------------------------------------------------------------------------------------------------------------

--------------------------------------------------------------------------------------------------------------------------------------
Phe TTT   4   4   4   4   4   4 | Ser TCT   2   2   2   2   2   2 | Tyr TAT   1   1   1   1   1   1 | Cys TGT   1   1   1   1   1   1
    TTC   2   2   2   2   2   2 |     TCC   0   0   0   0   0   0 |     TAC   2   2   2   2   2   2 |     TGC   1   1   1   1   1   1
Leu TTA   3   3   3   3   3   3 |     TCA   2   2   2   2   2   2 | *** TAA   0   0   0   0   0   0 | *** TGA   0   0   0   0   0   0
    TTG   2   2   2   2   2   2 |     TCG   0   0   0   0   0   0 |     TAG   0   0   0   0   0   0 | Trp TGG   2   2   2   2   2   2
--------------------------------------------------------------------------------------------------------------------------------------
Leu CTT   5   5   5   5   5   4 | Pro CCT   3   3   3   3   3   3 | His CAT   3   3   3   3   3   3 | Arg CGT   0   0   0   0   0   0
    CTC   4   4   4   3   4   4 |     CCC   0   0   0   0   0   0 |     CAC   0   0   0   0   0   0 |     CGC   0   0   0   0   0   0
    CTA   0   0   0   1   0   2 |     CCA   1   1   1   1   1   1 | Gln CAA   1   1   2   1   1   1 |     CGA   0   0   0   0   0   0
    CTG   2   2   2   2   2   1 |     CCG   0   0   0   0   0   0 |     CAG   4   4   3   4   4   4 |     CGG   0   0   0   0   0   0
--------------------------------------------------------------------------------------------------------------------------------------
Ile ATT   5   5   5   5   5   5 | Thr ACT   1   1   1   1   1   1 | Asn AAT   3   3   3   3   3   4 | Ser AGT   0   0   0   0   0   0
    ATC   1   1   1   1   1   1 |     ACC   1   1   1   1   1   0 |     AAC   4   4   4   4   4   2 |     AGC   1   1   1   1   1   1
    ATA   3   3   3   3   3   3 |     ACA   1   1   1   1   1   1 | Lys AAA   4   4   4   4   4   5 | Arg AGA   1   1   1   1   1   1
Met ATG   2   2   2   2   2   2 |     ACG   0   0   0   0   0   1 |     AAG   3   3   3   3   3   3 |     AGG   1   1   1   1   1   1
--------------------------------------------------------------------------------------------------------------------------------------
Val GTT   0   0   0   0   0   0 | Ala GCT   5   4   5   5   5   6 | Asp GAT   4   4   4   4   4   4 | Gly GGT   0   0   0   0   0   0
    GTC   2   2   3   2   2   0 |     GCC   1   1   1   1   1   1 |     GAC   1   1   1   1   1   1 |     GGC   0   0   0   0   0   0
    GTA   1   1   0   1   0   2 |     GCA   1   1   1   1   1   1 | Glu GAA   3   3   3   3   3   3 |     GGA   4   4   4   4   4   4
    GTG   3   3   3   3   4   3 |     GCG   3   4   3   3   3   3 |     GAG   2   2   2   2   2   2 |     GGG   0   0   0   0   0   0
--------------------------------------------------------------------------------------------------------------------------------------

--------------------------------------------------------------------------------------------------------------------------------------
Phe TTT   4   4   4   4   4   4 | Ser TCT   2   2   2   2   2   2 | Tyr TAT   1   1   1   1   1   1 | Cys TGT   1   1   1   1   1   1
    TTC   2   2   2   2   2   2 |     TCC   0   0   0   0   0   0 |     TAC   2   2   2   2   2   2 |     TGC   1   1   1   1   1   1
Leu TTA   3   3   3   3   3   3 |     TCA   2   2   2   2   2   2 | *** TAA   0   0   0   0   0   0 | *** TGA   0   0   0   0   0   0
    TTG   2   2   2   2   2   2 |     TCG   0   0   0   0   0   0 |     TAG   0   0   0   0   0   0 | Trp TGG   2   2   2   2   2   2
--------------------------------------------------------------------------------------------------------------------------------------
Leu CTT   5   5   4   5   5   5 | Pro CCT   3   3   3   3   3   3 | His CAT   3   3   3   3   3   2 | Arg CGT   0   0   0   0   0   0
    CTC   4   4   5   4   4   3 |     CCC   0   0   0   0   0   0 |     CAC   0   0   0   0   0   1 |     CGC   0   0   0   0   0   0
    CTA   0   0   0   0   0   1 |     CCA   1   1   1   1   1   1 | Gln CAA   1   1   1   1   1   1 |     CGA   0   0   0   0   0   0
    CTG   2   2   2   2   2   2 |     CCG   0   0   0   0   0   0 |     CAG   4   4   4   4   4   4 |     CGG   0   0   0   0   0   0
--------------------------------------------------------------------------------------------------------------------------------------
Ile ATT   5   4   5   5   5   5 | Thr ACT   1   2   1   1   1   1 | Asn AAT   3   3   3   3   3   3 | Ser AGT   0   0   0   0   0   1
    ATC   1   2   1   1   1   0 |     ACC   1   0   1   1   1   0 |     AAC   4   4   4   4   4   5 |     AGC   1   1   1   1   1   0
    ATA   3   3   3   3   2   4 |     ACA   1   1   1   1   1   1 | Lys AAA   4   4   4   4   4   4 | Arg AGA   1   1   1   1   1   1
Met ATG   2   2   2   2   2   2 |     ACG   0   0   0   1   0   1 |     AAG   3   3   3   3   3   3 |     AGG   1   1   1   1   1   1
--------------------------------------------------------------------------------------------------------------------------------------
Val GTT   0   0   0   0   0   0 | Ala GCT   5   5   5   5   5   5 | Asp GAT   4   4   4   4   4   4 | Gly GGT   0   0   0   0   0   0
    GTC   2   3   3   3   2   2 |     GCC   1   1   1   1   1   1 |     GAC   1   1   1   1   1   0 |     GGC   0   0   0   0   0   0
    GTA   1   0   0   0   2   1 |     GCA   1   1   1   1   1   1 | Glu GAA   3   3   3   3   3   3 |     GGA   4   4   4   4   4   3
    GTG   3   3   3   3   3   3 |     GCG   3   3   3   2   3   3 |     GAG   2   2   2   2   2   2 |     GGG   0   0   0   0   0   1
--------------------------------------------------------------------------------------------------------------------------------------

--------------------------------------------------------------------------------------------------------------------------------------
Phe TTT   4   4   4   4   4   4 | Ser TCT   2   2   2   2   2   2 | Tyr TAT   1   1   0   1   1   1 | Cys TGT   1   1   1   1   1   1
    TTC   2   2   2   2   2   2 |     TCC   0   0   0   0   0   0 |     TAC   2   2   3   2   2   2 |     TGC   1   1   1   1   1   1
Leu TTA   3   3   3   3   3   3 |     TCA   2   2   2   2   2   2 | *** TAA   0   0   0   0   0   0 | *** TGA   0   0   0   0   0   0
    TTG   2   2   2   2   2   2 |     TCG   0   0   0   0   0   0 |     TAG   0   0   0   0   0   0 | Trp TGG   2   2   2   2   2   2
--------------------------------------------------------------------------------------------------------------------------------------
Leu CTT   5   5   5   5   4   5 | Pro CCT   3   3   3   3   3   3 | His CAT   3   3   3   3   3   3 | Arg CGT   0   0   0   0   0   0
    CTC   4   4   4   4   4   4 |     CCC   0   0   0   0   0   0 |     CAC   0   0   0   0   0   0 |     CGC   0   0   0   0   0   0
    CTA   0   1   0   0   1   0 |     CCA   1   1   1   1   1   1 | Gln CAA   1   1   1   1   1   1 |     CGA   0   0   0   0   0   0
    CTG   2   1   2   2   2   2 |     CCG   0   0   0   0   0   0 |     CAG   4   4   4   4   4   4 |     CGG   0   0   0   0   0   0
--------------------------------------------------------------------------------------------------------------------------------------
Ile ATT   5   5   5   5   5   5 | Thr ACT   1   1   1   1   1   1 | Asn AAT   4   3   3   3   3   3 | Ser AGT   0   0   0   0   0   0
    ATC   1   1   1   1   1   1 |     ACC   1   1   1   1   1   1 |     AAC   3   3   4   4   4   4 |     AGC   1   1   1   1   1   1
    ATA   3   3   3   3   2   3 |     ACA   1   1   1   1   1   1 | Lys AAA   4   4   4   4   4   4 | Arg AGA   1   1   1   1   1   1
Met ATG   2   2   2   2   2   2 |     ACG   0   0   0   0   0   0 |     AAG   3   3   3   3   3   3 |     AGG   1   1   1   1   1   1
--------------------------------------------------------------------------------------------------------------------------------------
Val GTT   0   0   0   0   0   0 | Ala GCT   6   6   5   5   5   5 | Asp GAT   4   5   4   4   4   4 | Gly GGT   0   0   0   0   0   0
    GTC   1   1   2   2   2   2 |     GCC   1   1   1   1   1   1 |     GAC   1   1   1   1   1   1 |     GGC   0   0   0   0   0   0
    GTA   2   2   1   0   1   1 |     GCA   1   1   1   1   1   1 | Glu GAA   3   3   3   3   3   3 |     GGA   4   4   4   4   4   4
    GTG   3   3   3   4   4   3 |     GCG   2   2   3   3   3   3 |     GAG   2   2   2   2   2   2 |     GGG   0   0   0   0   0   0
--------------------------------------------------------------------------------------------------------------------------------------

--------------------------------------------------------------------------------------------------------------------------------------
Phe TTT   4   4   4   4   4   4 | Ser TCT   2   2   2   2   2   2 | Tyr TAT   1   1   1   1   1   1 | Cys TGT   1   1   1   1   1   1
    TTC   2   2   2   2   2   2 |     TCC   0   0   0   0   0   0 |     TAC   2   2   2   2   2   2 |     TGC   1   1   1   1   1   1
Leu TTA   3   3   3   3   3   3 |     TCA   2   2   2   2   2   2 | *** TAA   0   0   0   0   0   0 | *** TGA   0   0   0   0   0   0
    TTG   2   2   2   2   2   2 |     TCG   0   0   0   0   0   0 |     TAG   0   0   0   0   0   0 | Trp TGG   2   2   2   2   2   2
--------------------------------------------------------------------------------------------------------------------------------------
Leu CTT   5   5   5   5   5   5 | Pro CCT   3   3   3   3   3   3 | His CAT   3   3   3   3   3   3 | Arg CGT   0   0   0   0   0   0
    CTC   4   4   4   3   4   4 |     CCC   0   0   0   0   0   0 |     CAC   0   0   0   0   0   0 |     CGC   0   0   0   0   0   0
    CTA   1   0   0   1   0   0 |     CCA   1   1   1   1   1   1 | Gln CAA   1   1   1   1   1   1 |     CGA   0   0   0   0   0   0
    CTG   1   2   2   2   2   2 |     CCG   0   0   0   0   0   0 |     CAG   4   4   4   4   4   4 |     CGG   0   0   0   0   0   0
--------------------------------------------------------------------------------------------------------------------------------------
Ile ATT   5   5   5   5   5   5 | Thr ACT   2   1   1   1   1   1 | Asn AAT   4   4   3   3   3   3 | Ser AGT   0   0   0   1   0   0
    ATC   1   1   1   1   1   1 |     ACC   1   0   1   1   1   1 |     AAC   3   3   4   4   4   4 |     AGC   1   1   1   0   1   1
    ATA   3   3   3   3   3   3 |     ACA   1   1   1   1   1   1 | Lys AAA   4   4   4   4   4   4 | Arg AGA   1   1   1   1   1   1
Met ATG   2   2   2   2   2   2 |     ACG   0   1   0   0   0   0 |     AAG   3   3   3   3   3   3 |     AGG   1   1   1   1   1   1
--------------------------------------------------------------------------------------------------------------------------------------
Val GTT   0   0   0   0   0   0 | Ala GCT   5   5   5   5   5   6 | Asp GAT   4   4   4   4   4   4 | Gly GGT   0   0   0   0   0   0
    GTC   0   0   2   2   3   2 |     GCC   2   2   1   1   1   1 |     GAC   1   1   1   1   1   1 |     GGC   0   0   0   0   0   0
    GTA   2   2   1   0   0   0 |     GCA   1   1   1   1   1   1 | Glu GAA   3   3   3   3   3   3 |     GGA   4   4   4   4   4   4
    GTG   3   3   3   4   3   4 |     GCG   2   3   3   3   3   2 |     GAG   2   2   2   2   2   2 |     GGG   0   0   0   0   0   0
--------------------------------------------------------------------------------------------------------------------------------------

--------------------------------------------------------------------------------------------------------------------------------------
Phe TTT   4   4   3   3   4   4 | Ser TCT   2   2   2   2   2   2 | Tyr TAT   1   1   1   1   1   1 | Cys TGT   1   1   1   1   1   1
    TTC   2   2   3   3   2   2 |     TCC   0   0   0   0   0   0 |     TAC   2   2   2   2   2   2 |     TGC   1   1   1   1   1   1
Leu TTA   3   3   4   3   3   3 |     TCA   2   2   2   2   2   2 | *** TAA   0   0   0   0   0   0 | *** TGA   0   0   0   0   0   0
    TTG   2   2   1   2   3   2 |     TCG   0   0   0   0   0   0 |     TAG   0   0   0   0   0   0 | Trp TGG   2   2   2   2   2   2
--------------------------------------------------------------------------------------------------------------------------------------
Leu CTT   5   5   4   5   5   5 | Pro CCT   3   3   3   3   3   3 | His CAT   3   3   3   3   3   3 | Arg CGT   0   0   0   0   0   0
    CTC   3   4   4   4   4   4 |     CCC   0   0   0   0   0   0 |     CAC   0   0   0   0   0   0 |     CGC   0   0   0   0   0   0
    CTA   1   0   2   0   1   0 |     CCA   1   1   1   1   1   1 | Gln CAA   1   1   1   2   1   1 |     CGA   0   0   0   0   0   0
    CTG   2   2   1   2   0   2 |     CCG   0   0   0   0   0   0 |     CAG   4   4   4   3   4   4 |     CGG   0   0   0   0   0   0
--------------------------------------------------------------------------------------------------------------------------------------
Ile ATT   5   5   5   5   5   5 | Thr ACT   1   1   1   1   1   1 | Asn AAT   3   3   4   3   4   3 | Ser AGT   1   0   0   0   0   0
    ATC   1   1   1   1   1   1 |     ACC   1   1   0   1   0   1 |     AAC   4   4   3   4   3   4 |     AGC   0   1   1   1   1   1
    ATA   3   3   3   3   3   3 |     ACA   1   1   1   1   1   1 | Lys AAA   4   4   4   4   4   4 | Arg AGA   1   1   1   1   1   1
Met ATG   2   2   2   2   2   2 |     ACG   0   0   1   0   0   0 |     AAG   3   3   3   3   3   3 |     AGG   1   1   1   1   1   1
--------------------------------------------------------------------------------------------------------------------------------------
Val GTT   0   0   0   0   0   0 | Ala GCT   5   4   6   5   5   5 | Asp GAT   4   4   4   4   4   4 | Gly GGT   0   0   0   0   0   0
    GTC   2   2   0   2   1   3 |     GCC   1   2   1   1   2   1 |     GAC   1   1   1   1   1   1 |     GGC   0   0   0   0   0   0
    GTA   1   0   2   0   2   0 |     GCA   1   1   1   1   1   1 | Glu GAA   3   3   3   3   3   3 |     GGA   4   4   4   4   4   4
    GTG   3   4   3   4   3   3 |     GCG   3   3   3   3   3   3 |     GAG   2   2   2   2   2   2 |     GGG   0   0   0   0   0   0
--------------------------------------------------------------------------------------------------------------------------------------

--------------------------------------------------------------------------------------------------------------------------------------
Phe TTT   4   4   4   4   3   4 | Ser TCT   2   2   2   2   2   2 | Tyr TAT   1   1   1   1   2   1 | Cys TGT   1   1   1   1   1   1
    TTC   2   2   2   2   3   2 |     TCC   0   0   0   0   0   0 |     TAC   2   2   2   2   1   2 |     TGC   1   1   1   1   1   1
Leu TTA   3   3   3   3   3   3 |     TCA   2   2   2   2   2   2 | *** TAA   0   0   0   0   0   0 | *** TGA   0   0   0   0   0   0
    TTG   2   2   2   2   1   2 |     TCG   0   0   0   0   0   0 |     TAG   0   0   0   0   0   0 | Trp TGG   2   2   2   2   2   2
--------------------------------------------------------------------------------------------------------------------------------------
Leu CTT   5   5   5   5   5   5 | Pro CCT   3   3   3   3   3   3 | His CAT   3   3   3   3   3   3 | Arg CGT   0   0   0   0   0   0
    CTC   4   4   4   4   3   3 |     CCC   0   0   0   0   0   0 |     CAC   0   0   0   0   0   0 |     CGC   0   0   0   0   0   0
    CTA   0   0   0   0   1   1 |     CCA   1   1   1   1   1   1 | Gln CAA   1   1   1   1   1   1 |     CGA   0   0   0   0   0   0
    CTG   2   1   2   2   3   2 |     CCG   0   0   0   0   0   0 |     CAG   4   4   4   4   4   4 |     CGG   0   0   0   0   0   0
--------------------------------------------------------------------------------------------------------------------------------------
Ile ATT   5   4   5   5   5   5 | Thr ACT   1   1   1   1   1   1 | Asn AAT   3   3   3   3   3   4 | Ser AGT   0   0   0   0   0   0
    ATC   1   2   1   1   1   1 |     ACC   1   1   1   1   1   0 |     AAC   4   4   4   4   4   3 |     AGC   1   1   1   1   1   1
    ATA   3   3   3   3   3   3 |     ACA   1   1   1   1   1   1 | Lys AAA   4   4   4   4   4   4 | Arg AGA   1   1   1   1   1   1
Met ATG   2   2   2   2   2   2 |     ACG   0   0   0   0   0   1 |     AAG   3   3   3   3   3   3 |     AGG   1   1   1   1   1   1
--------------------------------------------------------------------------------------------------------------------------------------
Val GTT   0   0   0   0   0   0 | Ala GCT   5   5   5   5   5   5 | Asp GAT   4   4   4   4   4   4 | Gly GGT   0   0   0   0   0   0
    GTC   2   3   2   2   2   0 |     GCC   1   1   1   1   1   1 |     GAC   1   1   1   1   1   1 |     GGC   0   0   0   0   0   0
    GTA   0   0   1   1   1   2 |     GCA   1   1   1   1   1   1 | Glu GAA   3   3   3   3   3   3 |     GGA   4   4   4   4   3   4
    GTG   4   4   3   3   3   3 |     GCG   3   3   3   3   3   4 |     GAG   2   2   2   2   2   2 |     GGG   0   0   0   0   1   0
--------------------------------------------------------------------------------------------------------------------------------------

--------------------------------------------------------------------------------------------------------------------------------------
Phe TTT   4   4   4   4   4   4 | Ser TCT   3   2   2   2   2   2 | Tyr TAT   1   1   1   1   1   1 | Cys TGT   1   1   1   1   1   1
    TTC   2   2   2   2   2   2 |     TCC   0   0   0   0   0   0 |     TAC   2   2   2   2   2   2 |     TGC   1   1   1   1   1   1
Leu TTA   3   3   3   3   3   3 |     TCA   1   2   2   2   2   2 | *** TAA   0   0   0   0   0   0 | *** TGA   0   0   0   0   0   0
    TTG   2   2   2   2   2   2 |     TCG   0   0   0   0   0   0 |     TAG   0   0   0   0   0   0 | Trp TGG   2   2   2   2   2   2
--------------------------------------------------------------------------------------------------------------------------------------
Leu CTT   5   5   4   5   5   5 | Pro CCT   3   3   3   3   3   3 | His CAT   3   3   3   3   3   2 | Arg CGT   0   0   0   0   0   1
    CTC   4   3   4   4   4   4 |     CCC   0   0   0   0   0   0 |     CAC   0   0   0   0   0   0 |     CGC   0   0   0   0   0   0
    CTA   0   1   2   1   0   0 |     CCA   1   1   1   1   1   1 | Gln CAA   1   1   1   1   1   1 |     CGA   0   0   0   0   0   0
    CTG   2   2   1   1   1   2 |     CCG   0   0   0   0   0   0 |     CAG   4   4   4   4   4   4 |     CGG   0   0   0   0   0   0
--------------------------------------------------------------------------------------------------------------------------------------
Ile ATT   5   4   5   5   4   5 | Thr ACT   2   1   1   1   1   1 | Asn AAT   4   3   4   4   3   3 | Ser AGT   0   1   0   0   0   0
    ATC   1   2   1   1   2   1 |     ACC   1   1   0   0   1   1 |     AAC   3   4   3   3   4   4 |     AGC   1   0   1   1   1   1
    ATA   3   3   3   3   3   3 |     ACA   1   1   1   1   1   1 | Lys AAA   4   4   4   4   4   4 | Arg AGA   1   1   1   1   1   1
Met ATG   2   2   2   2   2   2 |     ACG   0   0   1   1   0   0 |     AAG   3   3   3   3   3   3 |     AGG   1   1   1   1   1   1
--------------------------------------------------------------------------------------------------------------------------------------
Val GTT   0   0   0   0   0   0 | Ala GCT   5   5   6   6   5   5 | Asp GAT   4   4   4   4   4   4 | Gly GGT   0   0   0   0   0   0
    GTC   0   2   0   0   3   2 |     GCC   1   1   1   2   1   1 |     GAC   1   1   1   1   1   1 |     GGC   0   0   0   0   0   0
    GTA   2   0   2   2   0   1 |     GCA   1   1   1   1   1   1 | Glu GAA   3   3   3   3   3   3 |     GGA   4   4   4   4   4   4
    GTG   3   4   3   3   4   3 |     GCG   3   3   3   2   3   3 |     GAG   2   2   2   2   2   2 |     GGG   0   0   0   0   0   0
--------------------------------------------------------------------------------------------------------------------------------------

--------------------------------------------------------------------------------------------------------------------------------------
Phe TTT   4   4   4   5   4   4 | Ser TCT   2   2   2   2   2   2 | Tyr TAT   1   1   1   1   1   1 | Cys TGT   1   1   1   1   1   1
    TTC   2   2   2   1   2   2 |     TCC   0   0   0   0   0   0 |     TAC   2   2   2   2   2   2 |     TGC   1   1   1   1   1   1
Leu TTA   3   3   3   3   3   3 |     TCA   2   2   2   2   2   2 | *** TAA   0   0   0   0   0   0 | *** TGA   0   0   0   0   0   0
    TTG   2   2   2   2   2   2 |     TCG   0   0   0   0   0   0 |     TAG   0   0   0   0   0   0 | Trp TGG   2   2   2   2   2   2
--------------------------------------------------------------------------------------------------------------------------------------
Leu CTT   5   5   5   5   5   5 | Pro CCT   3   3   3   3   3   3 | His CAT   3   3   2   3   3   3 | Arg CGT   0   0   0   0   0   0
    CTC   3   4   4   4   4   4 |     CCC   0   0   0   0   0   0 |     CAC   0   0   1   0   0   0 |     CGC   0   0   0   0   0   0
    CTA   1   0   0   1   0   0 |     CCA   1   1   1   1   1   1 | Gln CAA   1   1   1   1   1   1 |     CGA   0   0   0   0   0   0
    CTG   2   2   2   1   2   2 |     CCG   0   0   0   0   0   0 |     CAG   4   4   4   4   4   4 |     CGG   0   0   0   0   0   0
--------------------------------------------------------------------------------------------------------------------------------------
Ile ATT   5   4   5   5   5   5 | Thr ACT   1   1   1   1   1   1 | Asn AAT   3   3   3   4   3   3 | Ser AGT   1   0   0   0   0   0
    ATC   1   2   1   1   1   1 |     ACC   1   1   1   1   1   1 |     AAC   4   4   4   3   4   4 |     AGC   0   1   1   1   1   1
    ATA   3   3   3   3   2   3 |     ACA   1   1   1   1   1   1 | Lys AAA   4   4   4   4   4   4 | Arg AGA   1   1   1   1   1   1
Met ATG   2   2   2   2   2   2 |     ACG   0   0   0   0   0   0 |     AAG   3   3   3   3   3   3 |     AGG   1   1   1   1   1   1
--------------------------------------------------------------------------------------------------------------------------------------
Val GTT   0   0   0   0   0   0 | Ala GCT   4   5   6   5   5   5 | Asp GAT   4   4   4   4   4   4 | Gly GGT   0   0   0   0   0   0
    GTC   2   2   2   1   2   2 |     GCC   1   1   1   1   1   1 |     GAC   1   1   1   1   1   1 |     GGC   0   0   0   0   0   0
    GTA   1   1   1   2   1   0 |     GCA   1   1   1   1   1   1 | Glu GAA   3   2   3   3   3   3 |     GGA   4   4   4   4   4   4
    GTG   3   3   3   3   5   4 |     GCG   4   3   2   3   2   3 |     GAG   2   3   2   2   2   2 |     GGG   0   0   0   0   0   0
--------------------------------------------------------------------------------------------------------------------------------------

Codon position x base (3x4) table for each sequence.

#1: Argali         
position  1:    T:0.20755    C:0.21698    A:0.29245    G:0.28302
position  2:    T:0.36792    C:0.19811    A:0.33019    G:0.10377
position  3:    T:0.33962    C:0.18868    A:0.23585    G:0.23585
Average         T:0.30503    C:0.20126    A:0.28616    G:0.20755

#2: LesserMouseDeer
position  1:    T:0.19811    C:0.22642    A:0.29245    G:0.28302
position  2:    T:0.36792    C:0.19811    A:0.31132    G:0.12264
position  3:    T:0.33019    C:0.18868    A:0.22642    G:0.25472
Average         T:0.29874    C:0.20440    A:0.27673    G:0.22013

#3: LesserKudu     
position  1:    T:0.20755    C:0.21698    A:0.29245    G:0.28302
position  2:    T:0.36792    C:0.19811    A:0.33019    G:0.10377
position  3:    T:0.34906    C:0.19811    A:0.22642    G:0.22642
Average         T:0.30818    C:0.20440    A:0.28302    G:0.20440

#4: ForestMuskDeer2
position  1:    T:0.20755    C:0.21698    A:0.29245    G:0.28302
position  2:    T:0.36792    C:0.19811    A:0.33019    G:0.10377
position  3:    T:0.36792    C:0.16038    A:0.25472    G:0.21698
Average         T:0.31447    C:0.19182    A:0.29245    G:0.20126

#5: Camel          
position  1:    T:0.20755    C:0.19811    A:0.27358    G:0.32075
position  2:    T:0.36792    C:0.19811    A:0.33019    G:0.10377
position  3:    T:0.31132    C:0.21698    A:0.19811    G:0.27358
Average         T:0.29560    C:0.20440    A:0.26730    G:0.23270

#6: KillerWhale    
position  1:    T:0.20755    C:0.20755    A:0.29245    G:0.29245
position  2:    T:0.36792    C:0.19811    A:0.33019    G:0.10377
position  3:    T:0.33962    C:0.17925    A:0.21698    G:0.26415
Average         T:0.30503    C:0.19497    A:0.27987    G:0.22013

#7: DefassaWaterbuck
position  1:    T:0.20755    C:0.21698    A:0.29245    G:0.28302
position  2:    T:0.36792    C:0.19811    A:0.33019    G:0.10377
position  3:    T:0.34906    C:0.18868    A:0.23585    G:0.22642
Average         T:0.30818    C:0.20126    A:0.28616    G:0.20440

#8: Sheep          
position  1:    T:0.20755    C:0.21698    A:0.29245    G:0.28302
position  2:    T:0.36792    C:0.19811    A:0.33019    G:0.10377
position  3:    T:0.33962    C:0.18868    A:0.23585    G:0.23585
Average         T:0.30503    C:0.20126    A:0.28616    G:0.20755

#9: MaxwellsDuiker 
position  1:    T:0.20755    C:0.21698    A:0.29245    G:0.28302
position  2:    T:0.36792    C:0.19811    A:0.33019    G:0.10377
position  3:    T:0.34906    C:0.19811    A:0.23585    G:0.21698
Average         T:0.30818    C:0.20440    A:0.28616    G:0.20126

#10: GazellaPrzewalskyi
position  1:    T:0.20755    C:0.21698    A:0.29245    G:0.28302
position  2:    T:0.36792    C:0.19811    A:0.33019    G:0.10377
position  3:    T:0.34906    C:0.17925    A:0.24528    G:0.22642
Average         T:0.30818    C:0.19811    A:0.28931    G:0.20440

#11: MountainNyala  
position  1:    T:0.20755    C:0.21698    A:0.29245    G:0.28302
position  2:    T:0.36792    C:0.19811    A:0.33019    G:0.10377
position  3:    T:0.34906    C:0.18868    A:0.22642    G:0.23585
Average         T:0.30818    C:0.20126    A:0.28302    G:0.20755

#12: MuntiacusMuntjak
position  1:    T:0.20755    C:0.21698    A:0.29245    G:0.28302
position  2:    T:0.35849    C:0.20755    A:0.33019    G:0.10377
position  3:    T:0.35849    C:0.14151    A:0.27358    G:0.22642
Average         T:0.30818    C:0.18868    A:0.29874    G:0.20440

#13: goat           
position  1:    T:0.20755    C:0.21698    A:0.29245    G:0.28302
position  2:    T:0.36792    C:0.19811    A:0.33019    G:0.10377
position  3:    T:0.34906    C:0.18868    A:0.23585    G:0.22642
Average         T:0.30818    C:0.20126    A:0.28616    G:0.20440

#14: AfricanBuffalo 
position  1:    T:0.20755    C:0.21698    A:0.29245    G:0.28302
position  2:    T:0.36792    C:0.19811    A:0.33019    G:0.10377
position  3:    T:0.34906    C:0.19811    A:0.22642    G:0.22642
Average         T:0.30818    C:0.20440    A:0.28302    G:0.20440

#15: Topi           
position  1:    T:0.20755    C:0.21698    A:0.29245    G:0.28302
position  2:    T:0.36792    C:0.19811    A:0.33019    G:0.10377
position  3:    T:0.33962    C:0.20755    A:0.22642    G:0.22642
Average         T:0.30503    C:0.20755    A:0.28302    G:0.20440

#16: CommonDuiker   
position  1:    T:0.20755    C:0.21698    A:0.30189    G:0.27358
position  2:    T:0.36792    C:0.19811    A:0.33019    G:0.10377
position  3:    T:0.34906    C:0.19811    A:0.22642    G:0.22642
Average         T:0.30818    C:0.20440    A:0.28616    G:0.20126

#17: Suni           
position  1:    T:0.20755    C:0.21698    A:0.28302    G:0.29245
position  2:    T:0.36792    C:0.19811    A:0.33019    G:0.10377
position  3:    T:0.34906    C:0.18868    A:0.23585    G:0.22642
Average         T:0.30818    C:0.20126    A:0.28302    G:0.20755

#18: Springbuck     
position  1:    T:0.20755    C:0.21698    A:0.30189    G:0.27358
position  2:    T:0.36792    C:0.19811    A:0.33019    G:0.10377
position  3:    T:0.34906    C:0.16038    A:0.24528    G:0.24528
Average         T:0.30818    C:0.19182    A:0.29245    G:0.20755

#19: Okapi          
position  1:    T:0.20755    C:0.21698    A:0.29245    G:0.28302
position  2:    T:0.36792    C:0.19811    A:0.33019    G:0.10377
position  3:    T:0.36792    C:0.16981    A:0.24528    G:0.21698
Average         T:0.31447    C:0.19497    A:0.28931    G:0.20126

#20: Giraffe        
position  1:    T:0.20755    C:0.21698    A:0.28302    G:0.29245
position  2:    T:0.36792    C:0.19811    A:0.33019    G:0.10377
position  3:    T:0.36792    C:0.16981    A:0.25472    G:0.20755
Average         T:0.31447    C:0.19497    A:0.28931    G:0.20126

#21: TibetanAntelope
position  1:    T:0.20755    C:0.21698    A:0.29245    G:0.28302
position  2:    T:0.36792    C:0.19811    A:0.33019    G:0.10377
position  3:    T:0.33962    C:0.19811    A:0.23585    G:0.22642
Average         T:0.30503    C:0.20440    A:0.28616    G:0.20440

#22: Sitatunga      
position  1:    T:0.20755    C:0.21698    A:0.29245    G:0.28302
position  2:    T:0.36792    C:0.19811    A:0.33019    G:0.10377
position  3:    T:0.34906    C:0.18868    A:0.22642    G:0.23585
Average         T:0.30818    C:0.20126    A:0.28302    G:0.20755

#23: Oribi          
position  1:    T:0.20755    C:0.21698    A:0.28302    G:0.29245
position  2:    T:0.36792    C:0.19811    A:0.33019    G:0.10377
position  3:    T:0.33962    C:0.18868    A:0.23585    G:0.23585
Average         T:0.30503    C:0.20126    A:0.28302    G:0.21069

#24: BarbarySheep   
position  1:    T:0.20755    C:0.21698    A:0.29245    G:0.28302
position  2:    T:0.36792    C:0.19811    A:0.33019    G:0.10377
position  3:    T:0.34906    C:0.18868    A:0.23585    G:0.22642
Average         T:0.30818    C:0.20126    A:0.28616    G:0.20440

#25: Daviddeer      
position  1:    T:0.20755    C:0.21698    A:0.30189    G:0.27358
position  2:    T:0.35849    C:0.20755    A:0.33019    G:0.10377
position  3:    T:0.36792    C:0.16981    A:0.25472    G:0.20755
Average         T:0.31132    C:0.19811    A:0.29560    G:0.19497

#26: Reindeer       
position  1:    T:0.20755    C:0.21698    A:0.29245    G:0.28302
position  2:    T:0.35849    C:0.20755    A:0.33019    G:0.10377
position  3:    T:0.35849    C:0.16038    A:0.24528    G:0.23585
Average         T:0.30818    C:0.19497    A:0.28931    G:0.20755

#27: Ibex           
position  1:    T:0.20755    C:0.21698    A:0.29245    G:0.28302
position  2:    T:0.36792    C:0.19811    A:0.33019    G:0.10377
position  3:    T:0.34906    C:0.18868    A:0.23585    G:0.22642
Average         T:0.30818    C:0.20126    A:0.28616    G:0.20440

#28: GyrantGazelle  
position  1:    T:0.20755    C:0.21698    A:0.29245    G:0.28302
position  2:    T:0.36792    C:0.19811    A:0.33019    G:0.10377
position  3:    T:0.35849    C:0.16981    A:0.23585    G:0.23585
Average         T:0.31132    C:0.19497    A:0.28616    G:0.20755

#29: Hartebeest     
position  1:    T:0.20755    C:0.21698    A:0.29245    G:0.28302
position  2:    T:0.36792    C:0.19811    A:0.33019    G:0.10377
position  3:    T:0.34906    C:0.19811    A:0.22642    G:0.22642
Average         T:0.30818    C:0.20440    A:0.28302    G:0.20440

#30: Bongo          
position  1:    T:0.20755    C:0.21698    A:0.29245    G:0.28302
position  2:    T:0.36792    C:0.19811    A:0.33019    G:0.10377
position  3:    T:0.35849    C:0.18868    A:0.22642    G:0.22642
Average         T:0.31132    C:0.20126    A:0.28302    G:0.20440

#31: Gerenuk        
position  1:    T:0.20755    C:0.21698    A:0.29245    G:0.28302
position  2:    T:0.36792    C:0.19811    A:0.33019    G:0.10377
position  3:    T:0.35849    C:0.16981    A:0.24528    G:0.22642
Average         T:0.31132    C:0.19497    A:0.28931    G:0.20440

#32: CommonEland    
position  1:    T:0.20755    C:0.21698    A:0.29245    G:0.28302
position  2:    T:0.36792    C:0.19811    A:0.33019    G:0.10377
position  3:    T:0.33962    C:0.19811    A:0.22642    G:0.23585
Average         T:0.30503    C:0.20440    A:0.28302    G:0.20755

#33: MuntiacusReevesi
position  1:    T:0.20755    C:0.21698    A:0.29245    G:0.28302
position  2:    T:0.35849    C:0.20755    A:0.33019    G:0.10377
position  3:    T:0.34906    C:0.16038    A:0.27358    G:0.21698
Average         T:0.30503    C:0.19497    A:0.29874    G:0.20126

#34: HarveysDuiker  
position  1:    T:0.20755    C:0.21698    A:0.29245    G:0.28302
position  2:    T:0.36792    C:0.19811    A:0.33019    G:0.10377
position  3:    T:0.33962    C:0.19811    A:0.23585    G:0.22642
Average         T:0.30503    C:0.20440    A:0.28616    G:0.20440

#35: Pronghorn      
position  1:    T:0.21698    C:0.20755    A:0.28302    G:0.29245
position  2:    T:0.36792    C:0.19811    A:0.33019    G:0.10377
position  3:    T:0.35849    C:0.16981    A:0.25472    G:0.21698
Average         T:0.31447    C:0.19182    A:0.28931    G:0.20440

#36: BlueWildebeest 
position  1:    T:0.20755    C:0.21698    A:0.29245    G:0.28302
position  2:    T:0.36792    C:0.19811    A:0.33019    G:0.10377
position  3:    T:0.34906    C:0.19811    A:0.22642    G:0.22642
Average         T:0.30818    C:0.20440    A:0.28302    G:0.20440

#37: Gemsbok        
position  1:    T:0.20755    C:0.21698    A:0.29245    G:0.28302
position  2:    T:0.36792    C:0.19811    A:0.33019    G:0.10377
position  3:    T:0.34906    C:0.18868    A:0.22642    G:0.23585
Average         T:0.30818    C:0.20126    A:0.28302    G:0.20755

#38: Yak            
position  1:    T:0.20755    C:0.20755    A:0.29245    G:0.29245
position  2:    T:0.36792    C:0.19811    A:0.33019    G:0.10377
position  3:    T:0.33962    C:0.20755    A:0.22642    G:0.22642
Average         T:0.30503    C:0.20440    A:0.28302    G:0.20755

#39: BlueSheep      
position  1:    T:0.20755    C:0.21698    A:0.29245    G:0.28302
position  2:    T:0.36792    C:0.19811    A:0.33019    G:0.10377
position  3:    T:0.34906    C:0.18868    A:0.23585    G:0.22642
Average         T:0.30818    C:0.20126    A:0.28616    G:0.20440

#40: BohorReedbuck  
position  1:    T:0.20755    C:0.21698    A:0.29245    G:0.28302
position  2:    T:0.36792    C:0.19811    A:0.33019    G:0.10377
position  3:    T:0.34906    C:0.18868    A:0.23585    G:0.22642
Average         T:0.30818    C:0.20126    A:0.28616    G:0.20440

#41: KirksDik       
position  1:    T:0.19811    C:0.22642    A:0.29245    G:0.28302
position  2:    T:0.36792    C:0.19811    A:0.33019    G:0.10377
position  3:    T:0.34906    C:0.17925    A:0.23585    G:0.23585
Average         T:0.30503    C:0.20126    A:0.28616    G:0.20755

#42: RoeDeer        
position  1:    T:0.20755    C:0.21698    A:0.29245    G:0.28302
position  2:    T:0.35849    C:0.20755    A:0.33019    G:0.10377
position  3:    T:0.35849    C:0.14151    A:0.25472    G:0.24528
Average         T:0.30818    C:0.18868    A:0.29245    G:0.21069

#43: WhiteLippedDeer
position  1:    T:0.20755    C:0.21698    A:0.30189    G:0.27358
position  2:    T:0.35849    C:0.20755    A:0.33019    G:0.10377
position  3:    T:0.37736    C:0.16038    A:0.23585    G:0.22642
Average         T:0.31447    C:0.19497    A:0.28931    G:0.20126

#44: ThomsonGazelle 
position  1:    T:0.20755    C:0.21698    A:0.29245    G:0.28302
position  2:    T:0.36792    C:0.19811    A:0.33019    G:0.10377
position  3:    T:0.34906    C:0.17925    A:0.23585    G:0.23585
Average         T:0.30818    C:0.19811    A:0.28616    G:0.20755

#45: MuntiacusCrinifrons
position  1:    T:0.20755    C:0.21698    A:0.29245    G:0.28302
position  2:    T:0.35849    C:0.20755    A:0.33019    G:0.10377
position  3:    T:0.35849    C:0.15094    A:0.26415    G:0.22642
Average         T:0.30818    C:0.19182    A:0.29560    G:0.20440

#46: WhiteTailedDeer
position  1:    T:0.20755    C:0.21698    A:0.29245    G:0.28302
position  2:    T:0.35849    C:0.20755    A:0.33019    G:0.10377
position  3:    T:0.36792    C:0.16038    A:0.25472    G:0.21698
Average         T:0.31132    C:0.19497    A:0.29245    G:0.20126

#47: Cattle         
position  1:    T:0.20755    C:0.20755    A:0.29245    G:0.29245
position  2:    T:0.36792    C:0.19811    A:0.33019    G:0.10377
position  3:    T:0.33962    C:0.20755    A:0.22642    G:0.22642
Average         T:0.30503    C:0.20440    A:0.28302    G:0.20755

#48: RoyalAntelope  
position  1:    T:0.20755    C:0.21698    A:0.29245    G:0.28302
position  2:    T:0.36792    C:0.19811    A:0.32075    G:0.11321
position  3:    T:0.34906    C:0.18868    A:0.23585    G:0.22642
Average         T:0.30818    C:0.20126    A:0.28302    G:0.20755

#49: Steenbok       
position  1:    T:0.20755    C:0.21698    A:0.29245    G:0.28302
position  2:    T:0.36792    C:0.19811    A:0.33019    G:0.10377
position  3:    T:0.34906    C:0.16981    A:0.24528    G:0.23585
Average         T:0.30818    C:0.19497    A:0.28931    G:0.20755

#50: Impala         
position  1:    T:0.20755    C:0.21698    A:0.29245    G:0.28302
position  2:    T:0.36792    C:0.19811    A:0.33019    G:0.10377
position  3:    T:0.33962    C:0.19811    A:0.22642    G:0.23585
Average         T:0.30503    C:0.20440    A:0.28302    G:0.20755

#51: Klipspringer   
position  1:    T:0.20755    C:0.21698    A:0.29245    G:0.28302
position  2:    T:0.36792    C:0.19811    A:0.33019    G:0.10377
