1
52 1
Argali 0.000000 0.148800 0.060500 0.101000 0.015000 0.000000 0.007500 0.030400 0.060500 0.053200 0.007300 0.022300 0.022500 0.014800 0.061500 0.022500 0.045200 0.053000 0.014800 0.060500 0.030200 0.007400 0.060800 0.045400 0.007300 0.007500 0.015000 0.060500 0.022500 0.053000 0.053200 0.022500 0.092000 0.014900 0.007400 0.014900 0.007300 0.014900 0.015000 0.053200 0.060800 0.007500 0.053200 0.053400 0.014900 0.014800 0.030000 0.062000 0.037500 0.060200 0.060500 0.060700
LesserMous 0.148800 0.000000 0.184800 0.174600 0.150300 0.148800 0.141000 0.170400 0.184800 0.158100 0.139400 0.157000 0.158800 0.148800 0.176800 0.158600 0.148300 0.158000 0.167200 0.184800 0.150500 0.150000 0.166200 0.148900 0.139400 0.141300 0.150000 0.184800 0.158600 0.176500 0.158100 0.141600 0.191700 0.149400 0.140600 0.149100 0.157400 0.149900 0.150400 0.139400 0.166200 0.141300 0.158100 0.147800 0.149100 0.144000 0.149500 0.196000 0.157200 0.146700 0.184800 0.185600
LesserKudu 0.060500 0.184800 0.000000 0.134100 0.061000 0.060500 0.053000 0.077800 0.000000 0.076000 0.052500 0.051700 0.068600 0.060400 0.085100 0.068600 0.075300 0.083700 0.076300 0.000000 0.076900 0.060900 0.067800 0.068100 0.052500 0.053200 0.060900 0.000000 0.068700 0.007100 0.076000 0.069100 0.107100 0.060600 0.053000 0.044800 0.068100 0.060800 0.061000 0.075900 0.067800 0.053200 0.076000 0.076200 0.044800 0.060400 0.076500 0.094100 0.083900 0.074600 0.000000 0.000000
KillerWhal 0.101000 0.174600 0.134100 0.000000 0.101800 0.101000 0.093500 0.119600 0.134100 0.093000 0.109000 0.108800 0.109900 0.100900 0.136300 0.101600 0.100700 0.109500 0.117600 0.134100 0.118700 0.110100 0.100900 0.084900 0.109000 0.093800 0.101800 0.134100 0.101900 0.126300 0.093000 0.093700 0.142100 0.101300 0.093300 0.101000 0.108900 0.101500 0.102100 0.093000 0.100900 0.093800 0.093000 0.093400 0.101000 0.103300 0.118100 0.137800 0.125500 0.123100 0.134100 0.134700
DefassaWat 0.015000 0.150300 0.061000 0.101800 0.000000 0.015000 0.007500 0.030600 0.061000 0.053500 0.022500 0.022400 0.022600 0.014900 0.062200 0.022600 0.045500 0.053500 0.030200 0.061000 0.030500 0.022700 0.061200 0.045700 0.022500 0.007500 0.015100 0.061000 0.022700 0.053400 0.053500 0.022800 0.092900 0.015000 0.007500 0.014900 0.022500 0.000000 0.015100 0.053500 0.061200 0.007500 0.053500 0.053700 0.014900 0.014900 0.030300 0.062400 0.037700 0.060700 0.061000 0.061300
Sheep 0.000000 0.148800 0.060500 0.101000 0.015000 0.000000 0.007500 0.030400 0.060500 0.053200 0.007300 0.022300 0.022500 0.014800 0.061500 0.022500 0.045200 0.053000 0.014800 0.060500 0.030200 0.007400 0.060800 0.045400 0.007300 0.007500 0.015000 0.060500 0.022500 0.053000 0.053200 0.022500 0.092000 0.014900 0.007400 0.014900 0.007300 0.014900 0.015000 0.053200 0.060800 0.007500 0.053200 0.053400 0.014900 0.014800 0.030000 0.062000 0.037500 0.060200 0.060500 0.060700
MaxwellsDu 0.007500 0.141000 0.053000 0.093500 0.007500 0.007500 0.000000 0.022900 0.053000 0.045700 0.014900 0.014900 0.015000 0.007400 0.054000 0.015000 0.037800 0.045600 0.022500 0.053000 0.022600 0.015100 0.053400 0.038000 0.014900 0.000000 0.007500 0.053000 0.015100 0.045600 0.045700 0.015100 0.084700 0.007500 0.000000 0.007400 0.014900 0.007500 0.007500 0.045700 0.053400 0.000000 0.045700 0.045900 0.007400 0.007400 0.022500 0.054400 0.030000 0.052800 0.053000 0.053300
GazellaPrz 0.030400 0.170400 0.077800 0.119600 0.030600 0.030400 0.022900 0.000000 0.077800 0.070100 0.038200 0.038000 0.038400 0.030400 0.062700 0.038400 0.045800 0.045600 0.046100 0.077800 0.046600 0.038600 0.069800 0.062100 0.038200 0.022900 0.030600 0.077800 0.038400 0.070000 0.070100 0.038600 0.094000 0.030500 0.022800 0.030400 0.038100 0.030600 0.030800 0.070100 0.069800 0.022900 0.070100 0.070400 0.030400 0.030400 0.030500 0.071100 0.053800 0.077200 0.077800 0.078100
MountainNy 0.060500 0.184800 0.000000 0.134100 0.061000 0.060500 0.053000 0.077800 0.000000 0.076000 0.052500 0.051700 0.068600 0.060400 0.085100 0.068600 0.075300 0.083700 0.076300 0.000000 0.076900 0.060900 0.067800 0.068100 0.052500 0.053200 0.060900 0.000000 0.068700 0.007100 0.076000 0.069100 0.107100 0.060600 0.053000 0.044800 0.068100 0.060800 0.061000 0.075900 0.067800 0.053200 0.076000 0.076200 0.044800 0.060400 0.076500 0.094100 0.083900 0.074600 0.000000 0.000000
MuntiacusM 0.053200 0.158100 0.076000 0.093000 0.053500 0.053200 0.045700 0.070100 0.076000 0.000000 0.060900 0.052500 0.045600 0.053200 0.086100 0.061300 0.044800 0.052800 0.069000 0.076000 0.069700 0.061500 0.022100 0.007300 0.060900 0.045800 0.053600 0.076000 0.061400 0.068400 0.000000 0.053800 0.083600 0.053400 0.045600 0.045100 0.060900 0.053400 0.053700 0.014700 0.022100 0.045800 0.000000 0.014700 0.045100 0.053200 0.069300 0.086500 0.060900 0.053800 0.076000 0.076400
goat 0.007300 0.139400 0.052500 0.109000 0.022500 0.007300 0.014900 0.038200 0.052500 0.060900 0.000000 0.029800 0.030000 0.022200 0.061300 0.030000 0.052800 0.060800 0.022200 0.052500 0.037900 0.007400 0.068600 0.053100 0.000000 0.015000 0.022500 0.052500 0.030100 0.045100 0.060900 0.030100 0.100000 0.022400 0.014900 0.022300 0.014700 0.022500 0.022500 0.060900 0.068600 0.015000 0.060900 0.061200 0.022300 0.022300 0.037600 0.069900 0.045100 0.052200 0.052500 0.052700
AfricanBuf 0.022300 0.157000 0.051700 0.108800 0.022400 0.022300 0.014900 0.038000 0.051700 0.052500 0.029800 0.000000 0.029900 0.022200 0.069200 0.029900 0.037000 0.044800 0.037400 0.051700 0.037700 0.030000 0.060000 0.044800 0.029800 0.014900 0.022400 0.051700 0.030000 0.044800 0.052500 0.030100 0.082900 0.022300 0.014800 0.007300 0.029700 0.022400 0.022500 0.052500 0.060000 0.014900 0.052500 0.052700 0.007300 0.022200 0.037500 0.069700 0.044900 0.051700 0.051700 0.052200
Topi 0.022500 0.158800 0.068600 0.109900 0.022600 0.022500 0.015000 0.038400 0.068600 0.045600 0.030000 0.029900 0.000000 0.022500 0.069900 0.030200 0.053200 0.061200 0.037800 0.068600 0.038200 0.030300 0.053300 0.037900 0.030000 0.015100 0.007500 0.068600 0.030300 0.061100 0.045600 0.030400 0.101000 0.007500 0.015000 0.022500 0.030000 0.022600 0.022700 0.045600 0.053300 0.015100 0.045600 0.045800 0.022500 0.022500 0.037900 0.070300 0.030000 0.052900 0.068600 0.069000
CommonDuik 0.014800 0.148800 0.060400 0.100900 0.014900 0.014800 0.007400 0.030400 0.060400 0.053200 0.022200 0.022200 0.022500 0.000000 0.061500 0.022500 0.045100 0.053000 0.029800 0.060400 0.030200 0.022400 0.060800 0.045400 0.022200 0.007500 0.015000 0.060400 0.022500 0.053000 0.053200 0.022500 0.091900 0.014900 0.007400 0.014800 0.022200 0.014900 0.015000 0.053200 0.060800 0.007500 0.053200 0.053400 0.014800 0.014800 0.022400 0.060700 0.029900 0.060100 0.060400 0.060700
Suni 0.061500 0.176800 0.085100 0.136300 0.062200 0.061500 0.054000 0.062700 0.085100 0.086100 0.061300 0.069200 0.069900 0.061500 0.000000 0.069700 0.093500 0.102100 0.077600 0.085100 0.078300 0.053600 0.094100 0.078000 0.061300 0.054200 0.062000 0.085100 0.070000 0.077600 0.086100 0.070300 0.104500 0.061700 0.054000 0.061700 0.069300 0.061900 0.062100 0.086100 0.094100 0.054200 0.086100 0.086500 0.061700 0.061500 0.077900 0.086900 0.085300 0.101000 0.085100 0.085500
Springbuck 0.022500 0.158600 0.068600 0.101600 0.022600 0.022500 0.015000 0.038400 0.068600 0.061300 0.030000 0.029900 0.030200 0.022500 0.069700 0.000000 0.037600 0.045500 0.030100 0.068600 0.038100 0.030300 0.069000 0.053500 0.030000 0.015000 0.022600 0.068600 0.014900 0.061200 0.061300 0.030400 0.100700 0.022500 0.015000 0.022500 0.030000 0.022600 0.022700 0.061300 0.069000 0.015000 0.061300 0.061600 0.022500 0.022500 0.037900 0.070300 0.045400 0.068400 0.068600 0.069000
Okapi 0.045200 0.148300 0.075300 0.100700 0.045500 0.045200 0.037800 0.045800 0.075300 0.044800 0.052800 0.037000 0.053200 0.045100 0.093500 0.037600 0.000000 0.007200 0.053000 0.075300 0.061300 0.053200 0.044700 0.037200 0.052800 0.037900 0.045600 0.075300 0.053200 0.068100 0.044800 0.045600 0.074800 0.045300 0.037700 0.029600 0.052800 0.045400 0.045600 0.044800 0.044700 0.037900 0.044800 0.045000 0.029600 0.045200 0.061000 0.094400 0.068400 0.051700 0.075300 0.075800
Giraffe 0.053000 0.158000 0.083700 0.109500 0.053500 0.053000 0.045600 0.045600 0.083700 0.052800 0.060800 0.044800 0.061200 0.053000 0.102100 0.045500 0.007200 0.000000 0.061000 0.083700 0.069500 0.061200 0.052600 0.045100 0.060800 0.045800 0.053500 0.083700 0.061200 0.076400 0.052800 0.053600 0.075300 0.053200 0.045500 0.037400 0.060700 0.053300 0.053600 0.052800 0.052600 0.045800 0.052800 0.053000 0.037400 0.053100 0.060700 0.094800 0.076500 0.059700 0.083700 0.084200
TibetanAnt 0.014800 0.167200 0.076300 0.117600 0.030200 0.014800 0.022500 0.046100 0.076300 0.069000 0.022200 0.037400 0.037800 0.029800 0.077600 0.030100 0.053000 0.061000 0.000000 0.076300 0.045700 0.022400 0.076700 0.061100 0.022200 0.022600 0.030200 0.076300 0.037900 0.068800 0.069000 0.037900 0.108300 0.030000 0.022500 0.030000 0.022200 0.030100 0.030200 0.069000 0.076700 0.022600 0.069000 0.069300 0.030000 0.029900 0.045400 0.078200 0.052900 0.076000 0.076300 0.076600
Sitatunga 0.060500 0.184800 0.000000 0.134100 0.061000 0.060500 0.053000 0.077800 0.000000 0.076000 0.052500 0.051700 0.068600 0.060400 0.085100 0.068600 0.075300 0.083700 0.076300 0.000000 0.076900 0.060900 0.067800 0.068100 0.052500 0.053200 0.060900 0.000000 0.068700 0.007100 0.076000 0.069100 0.107100 0.060600 0.053000 0.044800 0.068100 0.060800 0.061000 0.075900 0.067800 0.053200 0.076000 0.076200 0.044800 0.060400 0.076500 0.094100 0.083900 0.074600 0.000000 0.000000
Oribi 0.030200 0.150500 0.076900 0.118700 0.030500 0.030200 0.022600 0.046600 0.076900 0.069700 0.037900 0.037700 0.038200 0.030200 0.078300 0.038100 0.061300 0.069500 0.045700 0.076900 0.000000 0.038300 0.077500 0.061700 0.037900 0.022800 0.030500 0.076900 0.038200 0.069400 0.069700 0.038400 0.092800 0.030300 0.022700 0.030200 0.037800 0.030400 0.030400 0.069700 0.077500 0.022800 0.069700 0.069900 0.030200 0.030200 0.030200 0.078800 0.053400 0.076800 0.076900 0.077300
BarbaryShe 0.007400 0.150000 0.060900 0.110100 0.022700 0.007400 0.015100 0.038600 0.060900 0.061500 0.007400 0.030000 0.030300 0.022400 0.053600 0.030300 0.053200 0.061200 0.022400 0.060900 0.038300 0.000000 0.069300 0.053600 0.007400 0.015100 0.022700 0.060900 0.030400 0.053400 0.061500 0.030400 0.100900 0.022600 0.015000 0.022500 0.014900 0.022700 0.022800 0.061500 0.069300 0.015100 0.061500 0.061800 0.022500 0.022500 0.038000 0.070600 0.045500 0.060600 0.060900 0.061100
Daviddeer 0.060800 0.166200 0.067800 0.100900 0.061200 0.060800 0.053400 0.069800 0.067800 0.022100 0.068600 0.060000 0.053300 0.060800 0.094100 0.069000 0.044700 0.052600 0.076700 0.067800 0.077500 0.069300 0.000000 0.014700 0.068600 0.053500 0.061300 0.067800 0.069200 0.060300 0.022100 0.061500 0.075400 0.061000 0.053200 0.052600 0.068600 0.061100 0.061400 0.022100 0.000000 0.053500 0.022100 0.022200 0.052600 0.060800 0.077100 0.094500 0.068500 0.061600 0.067800 0.068100
Reindeer 0.045400 0.148900 0.068100 0.084900 0.045700 0.045400 0.038000 0.062100 0.068100 0.007300 0.053100 0.044800 0.037900 0.045400 0.078000 0.053500 0.037200 0.045100 0.061100 0.068100 0.061700 0.053600 0.014700 0.000000 0.053100 0.038000 0.045800 0.068100 0.053500 0.060600 0.007300 0.045900 0.075700 0.045600 0.037800 0.037400 0.053100 0.045600 0.045900 0.007300 0.014700 0.038000 0.007300 0.007300 0.037400 0.045400 0.061400 0.078300 0.053100 0.046000 0.068100 0.068400
Ibex 0.007300 0.139400 0.052500 0.109000 0.022500 0.007300 0.014900 0.038200 0.052500 0.060900 0.000000 0.029800 0.030000 0.022200 0.061300 0.030000 0.052800 0.060800 0.022200 0.052500 0.037900 0.007400 0.068600 0.053100 0.000000 0.015000 0.022500 0.052500 0.030100 0.045100 0.060900 0.030100 0.100000 0.022400 0.014900 0.022300 0.014700 0.022500 0.022500 0.060900 0.068600 0.015000 0.060900 0.061200 0.022300 0.022300 0.037600 0.069900 0.045100 0.052200 0.052500 0.052700
GyrantGaze 0.007500 0.141300 0.053200 0.093800 0.007500 0.007500 0.000000 0.022900 0.053200 0.045800 0.015000 0.014900 0.015100 0.007500 0.054200 0.015000 0.037900 0.045800 0.022600 0.053200 0.022800 0.015100 0.053500 0.038000 0.015000 0.000000 0.007500 0.053200 0.015000 0.045700 0.045800 0.015200 0.084900 0.007500 0.000000 0.007500 0.015000 0.007500 0.007500 0.045800 0.053500 0.000000 0.045800 0.046000 0.007500 0.007500 0.022600 0.054400 0.030100 0.053000 0.053200 0.053400
Hartebeest 0.015000 0.150000 0.060900 0.101800 0.015100 0.015000 0.007500 0.030600 0.060900 0.053600 0.022500 0.022400 0.007500 0.015000 0.062000 0.022600 0.045600 0.053500 0.030200 0.060900 0.030500 0.022700 0.061300 0.045800 0.022500 0.007500 0.000000 0.060900 0.022700 0.053400 0.053600 0.022800 0.093000 0.000000 0.007500 0.015000 0.022500 0.015000 0.015100 0.053600 0.061300 0.007500 0.053600 0.053800 0.015000 0.015000 0.030300 0.062400 0.037700 0.060900 0.060900 0.061200
Bongo 0.060500 0.184800 0.000000 0.134100 0.061000 0.060500 0.053000 0.077800 0.000000 0.076000 0.052500 0.051700 0.068600 0.060400 0.085100 0.068600 0.075300 0.083700 0.076300 0.000000 0.076900 0.060900 0.067800 0.068100 0.052500 0.053200 0.060900 0.000000 0.068700 0.007100 0.076000 0.069100 0.107100 0.060600 0.053000 0.044800 0.068100 0.060800 0.061000 0.075900 0.067800 0.053200 0.076000 0.076200 0.044800 0.060400 0.076500 0.094100 0.083900 0.074600 0.000000 0.000000
Gerenuk 0.022500 0.158600 0.068700 0.101900 0.022700 0.022500 0.015100 0.038400 0.068700 0.061400 0.030100 0.030000 0.030300 0.022500 0.070000 0.014900 0.053200 0.061200 0.037900 0.068700 0.038200 0.030400 0.069200 0.053500 0.030100 0.015000 0.022700 0.068700 0.000000 0.061200 0.061400 0.030500 0.100800 0.022600 0.015000 0.022500 0.030100 0.022600 0.022700 0.061400 0.069200 0.015000 0.061400 0.061700 0.022500 0.022500 0.037900 0.070500 0.045500 0.068400 0.068700 0.069000
CommonElan 0.053000 0.176500 0.007100 0.126300 0.053400 0.053000 0.045600 0.070000 0.007100 0.068400 0.045100 0.044800 0.061100 0.053000 0.077600 0.061200 0.068100 0.076400 0.068800 0.007100 0.069400 0.053400 0.060300 0.060600 0.045100 0.045700 0.053400 0.007100 0.061200 0.000000 0.068400 0.061500 0.099600 0.053100 0.045500 0.037300 0.060700 0.053300 0.053500 0.068400 0.060300 0.045700 0.068400 0.068700 0.037300 0.053000 0.069100 0.086300 0.076500 0.067200 0.007100 0.007200
MuntiacusR 0.053200 0.158100 0.076000 0.093000 0.053500 0.053200 0.045700 0.070100 0.076000 0.000000 0.060900 0.052500 0.045600 0.053200 0.086100 0.061300 0.044800 0.052800 0.069000 0.076000 0.069700 0.061500 0.022100 0.007300 0.060900 0.045800 0.053600 0.076000 0.061400 0.068400 0.000000 0.053800 0.083600 0.053400 0.045600 0.045100 0.060900 0.053400 0.053700 0.014700 0.022100 0.045800 0.000000 0.014700 0.045100 0.053200 0.069300 0.086500 0.060900 0.053800 0.076000 0.076400
HarveysDui 0.022500 0.141600 0.069100 0.093700 0.022800 0.022500 0.015100 0.038600 0.069100 0.053800 0.030100 0.030100 0.030400 0.022500 0.070300 0.030400 0.045600 0.053600 0.037900 0.069100 0.038400 0.030400 0.061500 0.045900 0.030100 0.015200 0.022800 0.069100 0.030500 0.061500 0.053800 0.000000 0.092900 0.022700 0.015100 0.022600 0.030100 0.022800 0.022800 0.053800 0.061500 0.015200 0.053800 0.054000 0.022600 0.022600 0.038100 0.070800 0.045700 0.060800 0.069100 0.069400
Pronghorn 0.092000 0.191700 0.107100 0.142100 0.092900 0.092000 0.084700 0.094000 0.107100 0.083600 0.100000 0.082900 0.101000 0.091900 0.104500 0.100700 0.074800 0.075300 0.108300 0.107100 0.092800 0.100900 0.075400 0.075700 0.100000 0.084900 0.093000 0.107100 0.100800 0.099600 0.083600 0.092900 0.000000 0.092600 0.084500 0.075500 0.099800 0.092600 0.093000 0.083500 0.075400 0.084900 0.083600 0.083900 0.075500 0.092100 0.084500 0.110800 0.116100 0.089800 0.107100 0.107700
BlueWildeb 0.014900 0.149400 0.060600 0.101300 0.015000 0.014900 0.007500 0.030500 0.060600 0.053400 0.022400 0.022300 0.007500 0.014900 0.061700 0.022500 0.045300 0.053200 0.030000 0.060600 0.030300 0.022600 0.061000 0.045600 0.022400 0.007500 0.000000 0.060600 0.022600 0.053100 0.053400 0.022700 0.092600 0.000000 0.007400 0.014900 0.022400 0.015000 0.015000 0.053400 0.061000 0.007500 0.053400 0.053600 0.014900 0.014900 0.030100 0.062100 0.037500 0.060600 0.060600 0.060900
Gemsbok 0.007400 0.140600 0.053000 0.093300 0.007500 0.007400 0.000000 0.022800 0.053000 0.045600 0.014900 0.014800 0.015000 0.007400 0.054000 0.015000 0.037700 0.045500 0.022500 0.053000 0.022700 0.015000 0.053200 0.037800 0.014900 0.000000 0.007500 0.053000 0.015000 0.045500 0.045600 0.015100 0.084500 0.007400 0.000000 0.007400 0.014900 0.007500 0.007500 0.045600 0.053200 0.000000 0.045600 0.045800 0.007400 0.007400 0.022600 0.054200 0.030000 0.052700 0.053000 0.053200
Yak 0.014900 0.149100 0.044800 0.101000 0.014900 0.014900 0.007400 0.030400 0.044800 0.045100 0.022300 0.007300 0.022500 0.014800 0.061700 0.022500 0.029600 0.037400 0.030000 0.044800 0.030200 0.022500 0.052600 0.037400 0.022300 0.007500 0.015000 0.044800 0.022500 0.037300 0.045100 0.022600 0.075500 0.014900 0.007400 0.000000 0.022300 0.014900 0.015000 0.045100 0.052600 0.007500 0.045100 0.045200 0.000000 0.014800 0.030100 0.062000 0.037500 0.044300 0.044800 0.044900
BlueSheep 0.007300 0.157400 0.068100 0.108900 0.022500 0.007300 0.014900 0.038100 0.068100 0.060900 0.014700 0.029700 0.030000 0.022200 0.069300 0.030000 0.052800 0.060700 0.022200 0.068100 0.037800 0.014900 0.068600 0.053100 0.014700 0.015000 0.022500 0.068100 0.030100 0.060700 0.060900 0.030100 0.099800 0.022400 0.014900 0.022300 0.000000 0.022400 0.022500 0.060900 0.068600 0.015000 0.060900 0.061100 0.022300 0.022300 0.037600 0.053900 0.045000 0.067800 0.068100 0.068400
BohorReedb 0.014900 0.149900 0.060800 0.101500 0.000000 0.014900 0.007500 0.030600 0.060800 0.053400 0.022500 0.022400 0.022600 0.014900 0.061900 0.022600 0.045400 0.053300 0.030100 0.060800 0.030400 0.022700 0.061100 0.045600 0.022500 0.007500 0.015000 0.060800 0.022600 0.053300 0.053400 0.022800 0.092600 0.015000 0.007500 0.014900 0.022400 0.000000 0.015100 0.053400 0.061100 0.007500 0.053400 0.053600 0.014900 0.014900 0.030200 0.062300 0.037600 0.060500 0.060800 0.061100
KirksDik 0.015000 0.150400 0.061000 0.102100 0.015100 0.015000 0.007500 0.030800 0.061000 0.053700 0.022500 0.022500 0.022700 0.015000 0.062100 0.022700 0.045600 0.053600 0.030200 0.061000 0.030400 0.022800 0.061400 0.045900 0.022500 0.007500 0.015100 0.061000 0.022700 0.053500 0.053700 0.022800 0.093000 0.015000 0.007500 0.015000 0.022500 0.015100 0.000000 0.053700 0.061400 0.007500 0.053700 0.053900 0.015000 0.015000 0.030200 0.062600 0.037800 0.060800 0.061000 0.061300
RoeDeer 0.053200 0.139400 0.075900 0.093000 0.053500 0.053200 0.045700 0.070100 0.075900 0.014700 0.060900 0.052500 0.045600 0.053200 0.086100 0.061300 0.044800 0.052800 0.069000 0.075900 0.069700 0.061500 0.022100 0.007300 0.060900 0.045800 0.053600 0.075900 0.061400 0.068400 0.014700 0.053800 0.083500 0.053400 0.045600 0.045100 0.060900 0.053400 0.053700 0.000000 0.022100 0.045800 0.014700 0.014800 0.045100 0.053200 0.069300 0.086500 0.060900 0.052000 0.075900 0.076300
WhiteLippe 0.060800 0.166200 0.067800 0.100900 0.061200 0.060800 0.053400 0.069800 0.067800 0.022100 0.068600 0.060000 0.053300 0.060800 0.094100 0.069000 0.044700 0.052600 0.076700 0.067800 0.077500 0.069300 0.000000 0.014700 0.068600 0.053500 0.061300 0.067800 0.069200 0.060300 0.022100 0.061500 0.075400 0.061000 0.053200 0.052600 0.068600 0.061100 0.061400 0.022100 0.000000 0.053500 0.022100 0.022200 0.052600 0.060800 0.077100 0.094500 0.068500 0.061600 0.067800 0.068100
ThomsonGaz 0.007500 0.141300 0.053200 0.093800 0.007500 0.007500 0.000000 0.022900 0.053200 0.045800 0.015000 0.014900 0.015100 0.007500 0.054200 0.015000 0.037900 0.045800 0.022600 0.053200 0.022800 0.015100 0.053500 0.038000 0.015000 0.000000 0.007500 0.053200 0.015000 0.045700 0.045800 0.015200 0.084900 0.007500 0.000000 0.007500 0.015000 0.007500 0.007500 0.045800 0.053500 0.000000 0.045800 0.046000 0.007500 0.007500 0.022600 0.054400 0.030100 0.053000 0.053200 0.053400
MuntiacusC 0.053200 0.158100 0.076000 0.093000 0.053500 0.053200 0.045700 0.070100 0.076000 0.000000 0.060900 0.052500 0.045600 0.053200 0.086100 0.061300 0.044800 0.052800 0.069000 0.076000 0.069700 0.061500 0.022100 0.007300 0.060900 0.045800 0.053600 0.076000 0.061400 0.068400 0.000000 0.053800 0.083600 0.053400 0.045600 0.045100 0.060900 0.053400 0.053700 0.014700 0.022100 0.045800 0.000000 0.014700 0.045100 0.053200 0.069300 0.086500 0.060900 0.053800 0.076000 0.076400
WhiteTaile 0.053400 0.147800 0.076200 0.093400 0.053700 0.053400 0.045900 0.070400 0.076200 0.014700 0.061200 0.052700 0.045800 0.053400 0.086500 0.061600 0.045000 0.053000 0.069300 0.076200 0.069900 0.061800 0.022200 0.007300 0.061200 0.046000 0.053800 0.076200 0.061700 0.068700 0.014700 0.054000 0.083900 0.053600 0.045800 0.045200 0.061100 0.053600 0.053900 0.014800 0.022200 0.046000 0.014700 0.000000 0.045200 0.053400 0.069600 0.086800 0.061100 0.054000 0.076200 0.076600
Cattle 0.014900 0.149100 0.044800 0.101000 0.014900 0.014900 0.007400 0.030400 0.044800 0.045100 0.022300 0.007300 0.022500 0.014800 0.061700 0.022500 0.029600 0.037400 0.030000 0.044800 0.030200 0.022500 0.052600 0.037400 0.022300 0.007500 0.015000 0.044800 0.022500 0.037300 0.045100 0.022600 0.075500 0.014900 0.007400 0.000000 0.022300 0.014900 0.015000 0.045100 0.052600 0.007500 0.045100 0.045200 0.000000 0.014800 0.030100 0.062000 0.037500 0.044300 0.044800 0.044900
RoyalAntel 0.014800 0.144000 0.060400 0.103300 0.014900 0.014800 0.007400 0.030400 0.060400 0.053200 0.022300 0.022200 0.022500 0.014800 0.061500 0.022500 0.045200 0.053100 0.029900 0.060400 0.030200 0.022500 0.060800 0.045400 0.022300 0.007500 0.015000 0.060400 0.022500 0.053000 0.053200 0.022600 0.092100 0.014900 0.007400 0.014800 0.022300 0.014900 0.015000 0.053200 0.060800 0.007500 0.053200 0.053400 0.014800 0.000000 0.030100 0.062000 0.037500 0.044800 0.060400 0.060700
Steenbok 0.030000 0.149500 0.076500 0.118100 0.030300 0.030000 0.022500 0.030500 0.076500 0.069300 0.037600 0.037500 0.037900 0.022400 0.077900 0.037900 0.061000 0.060700 0.045400 0.076500 0.030200 0.038000 0.077100 0.061400 0.037600 0.022600 0.030300 0.076500 0.037900 0.069100 0.069300 0.038100 0.084500 0.030100 0.022600 0.030100 0.037600 0.030200 0.030200 0.069300 0.077100 0.022600 0.069300 0.069600 0.030100 0.030100 0.000000 0.070200 0.051400 0.076300 0.076500 0.076900
Impala 0.062000 0.196000 0.094100 0.137800 0.062400 0.062000 0.054400 0.071100 0.094100 0.086500 0.069900 0.069700 0.070300 0.060700 0.086900 0.070300 0.094400 0.094800 0.078200 0.094100 0.078800 0.070600 0.094500 0.078300 0.069900 0.054400 0.062400 0.094100 0.070500 0.086300 0.086500 0.070800 0.110800 0.062100 0.054200 0.062000 0.053900 0.062300 0.062600 0.086500 0.094500 0.054400 0.086500 0.086800 0.062000 0.062000 0.070200 0.000000 0.085900 0.110200 0.094100 0.094500
Klipspring 0.037500 0.157200 0.083900 0.125500 0.037700 0.037500 0.030000 0.053800 0.083900 0.060900 0.045100 0.044900 0.030000 0.029900 0.085300 0.045400 0.068400 0.076500 0.052900 0.083900 0.053400 0.045500 0.068500 0.053100 0.045100 0.030100 0.037700 0.083900 0.045500 0.076500 0.060900 0.045700 0.116100 0.037500 0.030000 0.037500 0.045000 0.037600 0.037800 0.060900 0.068500 0.030100 0.060900 0.061100 0.037500 0.037500 0.051400 0.085900 0.000000 0.067800 0.083900 0.084300
ForestMusk 0.060200 0.146700 0.074600 0.123100 0.060700 0.060200 0.052800 0.077200 0.074600 0.053800 0.052200 0.051700 0.052900 0.060100 0.101000 0.068400 0.051700 0.059700 0.076000 0.074600 0.076800 0.060600 0.061600 0.046000 0.052200 0.053000 0.060900 0.074600 0.068400 0.067200 0.053800 0.060800 0.089800 0.060600 0.052700 0.044300 0.067800 0.060500 0.060800 0.052000 0.061600 0.053000 0.053800 0.054000 0.044300 0.044800 0.076300 0.110200 0.067800 0.000000 0.074600 0.075000
Bushbuck 0.060500 0.184800 0.000000 0.134100 0.061000 0.060500 0.053000 0.077800 0.000000 0.076000 0.052500 0.051700 0.068600 0.060400 0.085100 0.068600 0.075300 0.083700 0.076300 0.000000 0.076900 0.060900 0.067800 0.068100 0.052500 0.053200 0.060900 0.000000 0.068700 0.007100 0.076000 0.069100 0.107100 0.060600 0.053000 0.044800 0.068100 0.060800 0.061000 0.075900 0.067800 0.053200 0.076000 0.076200 0.044800 0.060400 0.076500 0.094100 0.083900 0.074600 0.000000 0.000000
GreaterKud 0.060700 0.185600 0.000000 0.134700 0.061300 0.060700 0.053300 0.078100 0.000000 0.076400 0.052700 0.052200 0.069000 0.060700 0.085500 0.069000 0.075800 0.084200 0.076600 0.000000 0.077300 0.061100 0.068100 0.068400 0.052700 0.053400 0.061200 0.000000 0.069000 0.007200 0.076400 0.069400 0.107700 0.060900 0.053200 0.044900 0.068400 0.061100 0.061300 0.076300 0.068100 0.053400 0.076400 0.076600 0.044900 0.060700 0.076900 0.094500 0.084300 0.075000 0.000000 0.000000
