1
52 1
Argali 0.000000 0.236300 0.090800 0.140500 0.035300 0.000000 0.025900 0.061400 0.080100 0.082800 0.044000 0.089000 0.034500 0.034800 0.090800 0.034800 0.073900 0.055500 0.026500 0.099100 0.062600 0.026500 0.063900 0.063700 0.053300 0.034900 0.034400 0.090000 0.043400 0.090000 0.074000 0.008700 0.082400 0.053200 0.053200 0.062800 0.044500 0.035300 0.044000 0.101400 0.072700 0.044000 0.074000 0.090900 0.062800 0.035400 0.070300 0.051700 0.026400 0.091000 0.098900 0.089900
LesserMous 0.236300 0.000000 0.282900 0.256400 0.236000 0.236100 0.222400 0.242100 0.290100 0.225700 0.222100 0.277400 0.231700 0.232900 0.307600 0.209000 0.239600 0.218700 0.202200 0.290800 0.235000 0.202800 0.226500 0.202900 0.212200 0.208700 0.231700 0.280100 0.218600 0.280100 0.216500 0.223800 0.201700 0.211100 0.258000 0.248400 0.202500 0.236000 0.244100 0.271100 0.235400 0.221400 0.216700 0.233200 0.248400 0.236800 0.276200 0.230000 0.222400 0.256800 0.290000 0.255600
LesserKudu 0.090800 0.282900 0.000000 0.202300 0.090800 0.090700 0.080700 0.117400 0.025100 0.101700 0.099500 0.070000 0.089500 0.071100 0.128900 0.089500 0.112900 0.094100 0.081700 0.025400 0.119800 0.081800 0.082600 0.082400 0.109700 0.089300 0.089500 0.016900 0.098300 0.016900 0.093000 0.081200 0.111200 0.090100 0.100000 0.044200 0.100800 0.090800 0.080200 0.120400 0.091300 0.099300 0.093000 0.109700 0.044200 0.091200 0.098000 0.088600 0.080700 0.090300 0.025200 0.016900
KillerWhal 0.140500 0.256400 0.202300 0.000000 0.160800 0.140400 0.149400 0.188400 0.188800 0.161700 0.169600 0.157700 0.148700 0.158900 0.190700 0.138300 0.162600 0.143500 0.151300 0.210200 0.181900 0.151200 0.151700 0.151200 0.181000 0.138100 0.148700 0.179500 0.147400 0.200600 0.153000 0.130000 0.161000 0.129700 0.170900 0.171300 0.171700 0.160800 0.169100 0.191600 0.160400 0.148900 0.152800 0.149200 0.171300 0.140900 0.177300 0.157200 0.149400 0.159100 0.188700 0.200200
DefassaWat 0.035300 0.236000 0.090800 0.160800 0.000000 0.035400 0.008600 0.043100 0.080100 0.082800 0.044000 0.070400 0.034800 0.017400 0.071900 0.034800 0.074000 0.055500 0.026200 0.099100 0.062600 0.026400 0.045200 0.063800 0.053300 0.034900 0.034800 0.090000 0.043400 0.090000 0.074000 0.026400 0.082400 0.053200 0.053200 0.062800 0.044500 0.000000 0.044000 0.082000 0.054000 0.044000 0.074000 0.090900 0.062800 0.035400 0.070300 0.034100 0.008600 0.072000 0.080000 0.089900
Sheep 0.000000 0.236100 0.090700 0.140400 0.035400 0.000000 0.026200 0.061600 0.080100 0.082700 0.044100 0.089200 0.034900 0.035000 0.090700 0.034900 0.073900 0.055400 0.026500 0.099000 0.062800 0.026600 0.063900 0.063700 0.053400 0.034800 0.034900 0.089900 0.043500 0.089900 0.073900 0.008700 0.082300 0.053200 0.053300 0.062900 0.044600 0.035400 0.043900 0.101300 0.072600 0.044000 0.073900 0.090900 0.062900 0.035500 0.070500 0.052400 0.026200 0.090900 0.098800 0.089800
MaxwellsDu 0.025900 0.222400 0.080700 0.149400 0.008600 0.026200 0.000000 0.034000 0.070400 0.072600 0.034600 0.061000 0.025600 0.008500 0.062100 0.025600 0.063900 0.045700 0.017300 0.088900 0.053000 0.017400 0.035700 0.054000 0.043900 0.025800 0.025600 0.080000 0.034300 0.080000 0.063900 0.017400 0.072300 0.043800 0.043800 0.053200 0.035200 0.008600 0.034800 0.072000 0.044400 0.034800 0.063900 0.080800 0.053200 0.026000 0.060800 0.025600 0.000000 0.062200 0.070300 0.079900
GazellaPrz 0.061400 0.242100 0.117400 0.188400 0.043100 0.061600 0.034000 0.000000 0.106300 0.109600 0.069900 0.078000 0.060500 0.043000 0.098200 0.042900 0.101000 0.082600 0.052600 0.125400 0.070400 0.052600 0.071800 0.090400 0.079400 0.042900 0.060500 0.116400 0.051300 0.116400 0.101000 0.052500 0.090100 0.079300 0.079300 0.089100 0.070700 0.043400 0.051900 0.108700 0.061900 0.052000 0.101000 0.117500 0.089100 0.061600 0.077800 0.060000 0.034300 0.098400 0.106100 0.116200
MountainNy 0.080100 0.290100 0.025100 0.188800 0.080100 0.080100 0.070400 0.106300 0.000000 0.109700 0.088700 0.060100 0.079000 0.061000 0.117300 0.079000 0.120900 0.102200 0.071200 0.033200 0.108300 0.071200 0.090800 0.090500 0.098600 0.078900 0.079000 0.008300 0.087600 0.025100 0.101100 0.070700 0.119200 0.098100 0.089100 0.052400 0.089800 0.080100 0.069900 0.128200 0.099300 0.088500 0.101100 0.098500 0.052400 0.080400 0.078200 0.060300 0.070400 0.079700 0.016600 0.025100
MuntiacusM 0.082800 0.225700 0.101700 0.161700 0.082800 0.082700 0.072600 0.109600 0.109700 0.000000 0.091500 0.099800 0.081500 0.062900 0.141700 0.081500 0.084200 0.065500 0.073500 0.110000 0.092300 0.073600 0.036200 0.036000 0.101800 0.081400 0.081500 0.100800 0.090400 0.100800 0.009000 0.073000 0.063900 0.082100 0.082000 0.073300 0.092800 0.082800 0.091300 0.073000 0.044600 0.091400 0.009000 0.062800 0.073300 0.083000 0.119100 0.099800 0.072600 0.081600 0.109700 0.100600
goat 0.044000 0.222100 0.099500 0.169600 0.044000 0.044100 0.034600 0.069900 0.088700 0.091500 0.000000 0.097400 0.043100 0.043500 0.099400 0.042800 0.082800 0.064400 0.034900 0.107600 0.071300 0.035000 0.072700 0.053900 0.008600 0.043400 0.043300 0.098600 0.051900 0.098600 0.082800 0.035000 0.091100 0.061800 0.061800 0.071500 0.017400 0.044000 0.052600 0.110000 0.081400 0.052600 0.082800 0.080700 0.071500 0.043500 0.078800 0.060700 0.034600 0.099600 0.107400 0.079800
AfricanBuf 0.089000 0.277400 0.070000 0.157700 0.070400 0.089200 0.061000 0.078000 0.060100 0.099800 0.097400 0.000000 0.087700 0.051700 0.126900 0.069400 0.110700 0.092300 0.080000 0.078100 0.098200 0.080000 0.062400 0.080900 0.107400 0.069500 0.087700 0.051600 0.078000 0.069400 0.091200 0.079800 0.109200 0.088500 0.097900 0.043200 0.098600 0.069800 0.079000 0.098900 0.052700 0.079000 0.091200 0.088900 0.043200 0.089200 0.086900 0.068900 0.060900 0.070400 0.042500 0.069300
Topi 0.034500 0.231700 0.089500 0.148700 0.034800 0.034900 0.025600 0.060500 0.079000 0.081500 0.043100 0.087700 0.000000 0.034400 0.089400 0.034300 0.072800 0.054600 0.026100 0.097600 0.061700 0.026100 0.062900 0.062800 0.052500 0.034400 0.000000 0.088700 0.042300 0.088700 0.072800 0.026000 0.081100 0.017100 0.034600 0.061800 0.043900 0.034800 0.043400 0.099800 0.071600 0.043400 0.072800 0.070900 0.061800 0.034600 0.069300 0.051500 0.025600 0.089600 0.097400 0.088600
CommonDuik 0.034800 0.232900 0.071100 0.158900 0.017400 0.035000 0.008500 0.043000 0.061000 0.062900 0.043500 0.051700 0.034400 0.000000 0.071100 0.034400 0.073100 0.054900 0.025900 0.079200 0.061000 0.026000 0.026500 0.044500 0.052700 0.034500 0.034200 0.070400 0.042500 0.070400 0.054200 0.026100 0.072100 0.052600 0.043700 0.043900 0.043700 0.017200 0.043500 0.062400 0.035200 0.043500 0.054200 0.071100 0.043900 0.034600 0.069500 0.034100 0.008500 0.052800 0.060900 0.070300
Suni 0.090800 0.307600 0.128900 0.190700 0.071900 0.090700 0.062100 0.098200 0.117300 0.141700 0.099400 0.126900 0.089400 0.071100 0.000000 0.089400 0.132800 0.113800 0.081700 0.136900 0.119700 0.081700 0.101900 0.121400 0.109700 0.089300 0.089400 0.127700 0.098200 0.127700 0.132900 0.081000 0.141000 0.109100 0.109500 0.120100 0.100700 0.071900 0.080100 0.140300 0.110600 0.099300 0.132900 0.149400 0.120100 0.072200 0.107200 0.070100 0.062100 0.109400 0.117100 0.127500
Springbuck 0.034800 0.209000 0.089500 0.138300 0.034800 0.034900 0.025600 0.042900 0.079000 0.081500 0.042800 0.069400 0.034300 0.034400 0.089400 0.000000 0.072800 0.054700 0.025900 0.097600 0.043600 0.026000 0.063000 0.062800 0.052500 0.000000 0.034300 0.088700 0.008400 0.088700 0.072800 0.026000 0.081200 0.052400 0.052500 0.061900 0.043900 0.034800 0.025800 0.099800 0.053100 0.008500 0.072900 0.089600 0.061800 0.034500 0.051500 0.051600 0.025800 0.089600 0.097400 0.088600
Okapi 0.073900 0.239600 0.112900 0.162600 0.074000 0.073900 0.063900 0.101000 0.120900 0.084200 0.082800 0.110700 0.072800 0.073100 0.132800 0.072800 0.000000 0.018400 0.064700 0.121200 0.103100 0.064800 0.065000 0.064800 0.093000 0.072700 0.072800 0.111800 0.081800 0.111800 0.075300 0.064200 0.083700 0.073400 0.092900 0.064300 0.083900 0.074000 0.082600 0.103000 0.073900 0.082700 0.075300 0.092400 0.064300 0.074200 0.110400 0.091200 0.063900 0.092500 0.120800 0.111600
Giraffe 0.055500 0.218700 0.094100 0.143500 0.055500 0.055400 0.045700 0.082600 0.102200 0.065500 0.064400 0.092300 0.054600 0.054900 0.113800 0.054700 0.018400 0.000000 0.046200 0.102500 0.084400 0.046300 0.046500 0.046400 0.074500 0.054600 0.054600 0.093100 0.063600 0.093200 0.056500 0.045900 0.065100 0.055100 0.074300 0.065300 0.065300 0.055500 0.064300 0.084300 0.055500 0.064400 0.056500 0.074000 0.065300 0.055700 0.092000 0.072900 0.045700 0.074000 0.102200 0.093000
TibetanAnt 0.026500 0.202200 0.081700 0.151300 0.026200 0.026500 0.017300 0.052600 0.071200 0.073500 0.034900 0.080000 0.026100 0.025900 0.081700 0.025900 0.064700 0.046200 0.000000 0.090000 0.044400 0.017700 0.054800 0.054600 0.044400 0.026100 0.026100 0.081000 0.034700 0.081000 0.064700 0.017600 0.073200 0.044300 0.044300 0.053100 0.035600 0.026400 0.035200 0.092100 0.063600 0.035200 0.064700 0.081800 0.053800 0.026600 0.061700 0.043000 0.017400 0.081800 0.089800 0.080900
Sitatunga 0.099100 0.290800 0.025400 0.210200 0.099100 0.099000 0.088900 0.125400 0.033200 0.110000 0.107600 0.078100 0.097600 0.079200 0.136900 0.097600 0.121200 0.102500 0.090000 0.000000 0.127900 0.090100 0.091000 0.090700 0.117800 0.097400 0.097600 0.025200 0.106300 0.025200 0.101300 0.089400 0.119400 0.098300 0.108200 0.052500 0.109000 0.099100 0.088300 0.128500 0.099600 0.107400 0.101400 0.117800 0.052500 0.099400 0.115200 0.096600 0.088900 0.098500 0.033500 0.025100
Oribi 0.062600 0.235000 0.119800 0.181900 0.062600 0.062800 0.053000 0.070400 0.108300 0.092300 0.071300 0.098200 0.061700 0.061000 0.119700 0.043600 0.103100 0.084400 0.044400 0.127900 0.000000 0.053700 0.092600 0.092300 0.081000 0.043700 0.061700 0.118700 0.052300 0.118700 0.083500 0.053500 0.091800 0.080900 0.080900 0.090900 0.072200 0.062600 0.052900 0.130800 0.082000 0.053000 0.083500 0.119900 0.090900 0.062800 0.079300 0.079500 0.053000 0.119900 0.127600 0.118500
BarbaryShe 0.026500 0.202800 0.081800 0.151200 0.026400 0.026600 0.017400 0.052600 0.071200 0.073600 0.035000 0.080000 0.026100 0.026000 0.081700 0.026000 0.064800 0.046300 0.017700 0.090100 0.053700 0.000000 0.054800 0.054700 0.026300 0.026200 0.026200 0.081000 0.034500 0.081000 0.064800 0.017600 0.073300 0.044400 0.044400 0.053900 0.017800 0.026500 0.035200 0.092200 0.063600 0.035200 0.064800 0.081900 0.053600 0.026600 0.061500 0.043600 0.017400 0.081900 0.089900 0.080900
Daviddeer 0.063900 0.226500 0.082600 0.151700 0.045200 0.063900 0.035700 0.071800 0.090800 0.036200 0.072700 0.062400 0.062900 0.026500 0.101900 0.063000 0.065000 0.046500 0.054800 0.091000 0.092600 0.054800 0.000000 0.017900 0.082700 0.062900 0.062900 0.081900 0.071800 0.081800 0.027300 0.054400 0.064100 0.063400 0.073100 0.054600 0.073700 0.045200 0.072500 0.035900 0.008900 0.072600 0.027300 0.044700 0.054600 0.064200 0.100000 0.062400 0.035700 0.044700 0.071900 0.081800
Reindeer 0.063700 0.202900 0.082400 0.151200 0.063800 0.063700 0.054000 0.090400 0.090500 0.036000 0.053900 0.080900 0.062800 0.044500 0.121400 0.062800 0.064800 0.046400 0.054600 0.090700 0.092300 0.054700 0.017900 0.000000 0.063500 0.062700 0.062800 0.081600 0.071600 0.081600 0.027200 0.054200 0.063900 0.063200 0.072800 0.054400 0.054600 0.063800 0.072300 0.054200 0.026700 0.072400 0.027200 0.026400 0.054400 0.064000 0.099700 0.080800 0.054000 0.062800 0.090500 0.062800
Ibex 0.053300 0.212200 0.109700 0.181000 0.053300 0.053400 0.043900 0.079400 0.098600 0.101800 0.008600 0.107400 0.052500 0.052700 0.109700 0.052500 0.093000 0.074500 0.044400 0.117800 0.081000 0.026300 0.082700 0.063500 0.000000 0.052600 0.052500 0.108700 0.060900 0.108700 0.093000 0.044300 0.101400 0.071400 0.070500 0.081300 0.008700 0.053300 0.061900 0.120500 0.091400 0.062000 0.093100 0.090600 0.080300 0.053500 0.088400 0.070100 0.043500 0.109900 0.117600 0.089600
GyrantGaze 0.034900 0.208700 0.089300 0.138100 0.034900 0.034800 0.025800 0.042900 0.078900 0.081400 0.043400 0.069500 0.034400 0.034500 0.089300 0.000000 0.072700 0.054600 0.026100 0.097400 0.043700 0.026200 0.062900 0.062700 0.052600 0.000000 0.034400 0.088600 0.008400 0.088600 0.072700 0.026000 0.081000 0.052300 0.052500 0.062000 0.043900 0.034900 0.025700 0.099600 0.053100 0.008400 0.072700 0.089400 0.062000 0.035000 0.051500 0.051600 0.025800 0.089500 0.097300 0.088400
Hartebeest 0.034400 0.231700 0.089500 0.148700 0.034800 0.034900 0.025600 0.060500 0.079000 0.081500 0.043300 0.087700 0.000000 0.034200 0.089400 0.034300 0.072800 0.054600 0.026100 0.097600 0.061700 0.026200 0.062900 0.062800 0.052500 0.034400 0.000000 0.088700 0.042800 0.088700 0.072800 0.026000 0.081100 0.017100 0.034100 0.061800 0.043900 0.034800 0.043400 0.099800 0.071600 0.043400 0.072800 0.070900 0.061800 0.034500 0.069300 0.051500 0.025800 0.089600 0.097400 0.088600
Bongo 0.090000 0.280100 0.016900 0.179500 0.090000 0.089900 0.080000 0.116400 0.008300 0.100800 0.098600 0.051600 0.088700 0.070400 0.127700 0.088700 0.111800 0.093100 0.081000 0.025200 0.118700 0.081000 0.081900 0.081600 0.108700 0.088600 0.088700 0.000000 0.097400 0.016700 0.092100 0.080400 0.110200 0.089300 0.099100 0.043700 0.099900 0.090000 0.079500 0.119300 0.090500 0.098400 0.092100 0.089700 0.043700 0.090300 0.087800 0.069600 0.080000 0.070900 0.008300 0.016800
Gerenuk 0.043400 0.218600 0.098300 0.147400 0.043400 0.043500 0.034300 0.051300 0.087600 0.090400 0.051900 0.078000 0.042300 0.042500 0.098200 0.008400 0.081800 0.063600 0.034700 0.106300 0.052300 0.034500 0.071800 0.071600 0.060900 0.008400 0.042800 0.097400 0.000000 0.097400 0.081800 0.034600 0.090000 0.061100 0.061100 0.070600 0.052500 0.043100 0.034300 0.108700 0.061900 0.017000 0.081800 0.098400 0.070600 0.042900 0.059200 0.060100 0.034100 0.098400 0.106100 0.097300
CommonElan 0.090000 0.280100 0.016900 0.200600 0.090000 0.089900 0.080000 0.116400 0.025100 0.100800 0.098600 0.069400 0.088700 0.070400 0.127700 0.088700 0.111800 0.093200 0.081000 0.025200 0.118700 0.081000 0.081800 0.081600 0.108700 0.088600 0.088700 0.016700 0.097400 0.000000 0.092100 0.080500 0.110200 0.089300 0.099100 0.043800 0.099900 0.090000 0.079500 0.099900 0.090500 0.098500 0.092100 0.108700 0.043800 0.090300 0.106300 0.087800 0.080000 0.089500 0.025100 0.016700
MuntiacusR 0.074000 0.216500 0.093000 0.153000 0.074000 0.073900 0.063900 0.101000 0.101100 0.009000 0.082800 0.091200 0.072800 0.054200 0.132900 0.072800 0.075300 0.056500 0.064700 0.101300 0.083500 0.064800 0.027300 0.027200 0.093000 0.072700 0.072800 0.092100 0.081800 0.092100 0.000000 0.064200 0.055000 0.073400 0.073300 0.064500 0.084000 0.074000 0.082600 0.064200 0.036200 0.082700 0.000100 0.054300 0.064500 0.074200 0.110400 0.091200 0.063900 0.073100 0.101100 0.091900
HarveysDui 0.008700 0.223800 0.081200 0.130000 0.026400 0.008700 0.017400 0.052500 0.070700 0.073000 0.035000 0.079800 0.026000 0.026100 0.081000 0.026000 0.064200 0.045900 0.017600 0.089400 0.053500 0.017600 0.054400 0.054200 0.044300 0.026000 0.026000 0.080400 0.034600 0.080500 0.064200 0.000000 0.072700 0.044000 0.044200 0.053600 0.035500 0.026400 0.034900 0.091400 0.063100 0.035000 0.064300 0.081200 0.053600 0.026500 0.061300 0.043400 0.017400 0.081300 0.089200 0.080300
Pronghorn 0.082400 0.201700 0.111200 0.161000 0.082400 0.082300 0.072300 0.090100 0.119200 0.063900 0.091100 0.109200 0.081100 0.072100 0.141000 0.081200 0.083700 0.065100 0.073200 0.119400 0.091800 0.073300 0.064100 0.063900 0.101400 0.081000 0.081100 0.110200 0.090000 0.110200 0.055000 0.072700 0.000000 0.081700 0.091100 0.082700 0.092300 0.082400 0.090900 0.101500 0.072800 0.091000 0.055100 0.091100 0.082700 0.082700 0.118500 0.099400 0.072300 0.091200 0.119200 0.110000
BlueWildeb 0.053200 0.211100 0.090100 0.129700 0.053200 0.053200 0.043800 0.079300 0.098100 0.082100 0.061800 0.088500 0.017100 0.052600 0.109100 0.052400 0.073400 0.055100 0.044300 0.098300 0.080900 0.044400 0.063400 0.063200 0.071400 0.052300 0.017100 0.089300 0.061100 0.089300 0.073400 0.044000 0.081700 0.000000 0.052900 0.062500 0.062600 0.053200 0.061600 0.100500 0.072100 0.061700 0.073400 0.071400 0.062500 0.053400 0.088300 0.070000 0.043800 0.090200 0.098100 0.089200
Gemsbok 0.053200 0.258000 0.100000 0.170900 0.053200 0.053300 0.043800 0.079300 0.089100 0.082000 0.061800 0.097900 0.034600 0.043700 0.109500 0.052500 0.092900 0.074300 0.044300 0.108200 0.080900 0.044400 0.073100 0.072800 0.070500 0.052500 0.034100 0.099100 0.061100 0.099100 0.073300 0.044200 0.091100 0.052900 0.000000 0.071800 0.062600 0.053200 0.061900 0.110600 0.081800 0.061900 0.073300 0.081000 0.071800 0.053400 0.088300 0.070100 0.043800 0.100100 0.107900 0.099000
Yak 0.062800 0.248400 0.044200 0.171300 0.062800 0.062900 0.053200 0.089100 0.052400 0.073300 0.071500 0.043200 0.061800 0.043900 0.120100 0.061900 0.064300 0.065300 0.053100 0.052500 0.090900 0.053900 0.054600 0.054400 0.081300 0.062000 0.061800 0.043700 0.070600 0.043800 0.064500 0.053600 0.082700 0.062500 0.071800 0.000000 0.072400 0.062800 0.071500 0.091700 0.063400 0.071600 0.064500 0.081500 0.000000 0.063000 0.098300 0.079700 0.053200 0.081600 0.052400 0.043700
BlueSheep 0.044500 0.202500 0.100800 0.171700 0.044500 0.044600 0.035200 0.070700 0.089800 0.092800 0.017400 0.098600 0.043900 0.043700 0.100700 0.043900 0.083900 0.065300 0.035600 0.109000 0.072200 0.017800 0.073700 0.054600 0.008700 0.043900 0.043900 0.099900 0.052500 0.099900 0.084000 0.035500 0.092300 0.062600 0.062600 0.072400 0.000000 0.044500 0.053200 0.111500 0.082500 0.053300 0.084000 0.081800 0.072400 0.044700 0.079700 0.061500 0.035200 0.100900 0.108700 0.080800
BohorReedb 0.035300 0.236000 0.090800 0.160800 0.000000 0.035400 0.008600 0.043400 0.080100 0.082800 0.044000 0.069800 0.034800 0.017200 0.071900 0.034800 0.074000 0.055500 0.026400 0.099100 0.062600 0.026500 0.045200 0.063800 0.053300 0.034900 0.034800 0.090000 0.043100 0.090000 0.074000 0.026400 0.082400 0.053200 0.053200 0.062800 0.044500 0.000000 0.044000 0.082000 0.054000 0.044000 0.074000 0.090900 0.062800 0.035400 0.070300 0.034500 0.008600 0.072000 0.080000 0.089900
KirksDik 0.044000 0.244100 0.080200 0.169100 0.044000 0.043900 0.034800 0.051900 0.069900 0.091300 0.052600 0.079000 0.043400 0.043500 0.080100 0.025800 0.082600 0.064300 0.035200 0.088300 0.052900 0.035200 0.072500 0.072300 0.061900 0.025700 0.043400 0.079500 0.034300 0.079500 0.082600 0.034900 0.090900 0.061600 0.061900 0.071500 0.053200 0.044000 0.000000 0.109700 0.062500 0.034600 0.082600 0.099300 0.071500 0.044100 0.034200 0.042900 0.034800 0.080300 0.088200 0.079400
RoeDeer 0.101400 0.271100 0.120400 0.191600 0.082000 0.101300 0.072000 0.108700 0.128200 0.073000 0.110000 0.098900 0.099800 0.062400 0.140300 0.099800 0.103000 0.084300 0.092100 0.128500 0.130800 0.092200 0.035900 0.054200 0.120500 0.099600 0.099800 0.119300 0.108700 0.099900 0.064200 0.091400 0.101500 0.100500 0.110600 0.091700 0.111500 0.082000 0.109700 0.000000 0.044600 0.109900 0.064200 0.081200 0.091700 0.101700 0.137600 0.098900 0.072000 0.062500 0.108700 0.119100
WhiteLippe 0.072700 0.235400 0.091300 0.160400 0.054000 0.072600 0.044400 0.061900 0.099300 0.044600 0.081400 0.052700 0.071600 0.035200 0.110600 0.053100 0.073900 0.055500 0.063600 0.099600 0.082000 0.063600 0.008900 0.026700 0.091400 0.053100 0.071600 0.090500 0.061900 0.090500 0.036200 0.063100 0.072800 0.072100 0.081800 0.063400 0.082500 0.054000 0.062500 0.044600 0.000000 0.062600 0.036200 0.053200 0.063400 0.072900 0.089500 0.071000 0.044400 0.053200 0.080400 0.090400
ThomsonGaz 0.044000 0.221400 0.099300 0.148900 0.044000 0.044000 0.034800 0.052000 0.088500 0.091400 0.052600 0.079000 0.043400 0.043500 0.099300 0.008500 0.082700 0.064400 0.035200 0.107400 0.053000 0.035200 0.072600 0.072400 0.062000 0.008400 0.043400 0.098400 0.017000 0.098500 0.082700 0.035000 0.091000 0.061700 0.061900 0.071600 0.053300 0.044000 0.034600 0.109900 0.062600 0.000000 0.082700 0.099400 0.071600 0.044200 0.060700 0.060800 0.034800 0.080600 0.107200 0.098300
MuntiacusC 0.074000 0.216700 0.093000 0.152800 0.074000 0.073900 0.063900 0.101000 0.101100 0.009000 0.082800 0.091200 0.072800 0.054200 0.132900 0.072900 0.075300 0.056500 0.064700 0.101400 0.083500 0.064800 0.027300 0.027200 0.093100 0.072700 0.072800 0.092100 0.081800 0.092100 0.000100 0.064300 0.055100 0.073400 0.073300 0.064500 0.084000 0.074000 0.082600 0.064200 0.036200 0.082700 0.000000 0.054300 0.064500 0.074200 0.110500 0.091200 0.063900 0.073200 0.101100 0.092000
WhiteTaile 0.090900 0.233200 0.109700 0.149200 0.090900 0.090900 0.080800 0.117500 0.098500 0.062800 0.080700 0.088900 0.070900 0.071100 0.149400 0.089600 0.092400 0.074000 0.081800 0.117800 0.119900 0.081900 0.044700 0.026400 0.090600 0.089400 0.070900 0.089700 0.098400 0.108700 0.054300 0.081200 0.091100 0.071400 0.081000 0.081500 0.081800 0.090900 0.099300 0.081200 0.053200 0.099400 0.054300 0.000000 0.081500 0.081700 0.107700 0.088900 0.080800 0.071000 0.098500 0.089600
Cattle 0.062800 0.248400 0.044200 0.171300 0.062800 0.062900 0.053200 0.089100 0.052400 0.073300 0.071500 0.043200 0.061800 0.043900 0.120100 0.061800 0.064300 0.065300 0.053800 0.052500 0.090900 0.053600 0.054600 0.054400 0.080300 0.062000 0.061800 0.043700 0.070600 0.043800 0.064500 0.053600 0.082700 0.062500 0.071800 0.000000 0.072400 0.062800 0.071500 0.091700 0.063400 0.071600 0.064500 0.081500 0.000000 0.063000 0.098300 0.078700 0.053200 0.081600 0.052400 0.043700
RoyalAntel 0.035400 0.236800 0.091200 0.140900 0.035400 0.035500 0.026000 0.061600 0.080400 0.083000 0.043500 0.089200 0.034600 0.034600 0.072200 0.034500 0.074200 0.055700 0.026600 0.099400 0.062800 0.026600 0.064200 0.064000 0.053500 0.035000 0.034500 0.090300 0.042900 0.090300 0.074200 0.026500 0.082700 0.053400 0.053400 0.063000 0.044700 0.035400 0.044100 0.101700 0.072900 0.044200 0.074200 0.081700 0.063000 0.000000 0.069000 0.052400 0.026100 0.091300 0.099200 0.090200
Steenbok 0.070300 0.276200 0.098000 0.177300 0.070300 0.070500 0.060800 0.077800 0.078200 0.119100 0.078800 0.086900 0.069300 0.069500 0.107200 0.051500 0.110400 0.092000 0.061700 0.115200 0.079300 0.061500 0.100000 0.099700 0.088400 0.051500 0.069300 0.087800 0.059200 0.106300 0.110400 0.061300 0.118500 0.088300 0.088300 0.098300 0.079700 0.070300 0.034200 0.137600 0.089500 0.060700 0.110500 0.107700 0.098300 0.069000 0.000000 0.051000 0.060800 0.088600 0.096400 0.106200
Impala 0.051700 0.230000 0.088600 0.157200 0.034100 0.052400 0.025600 0.060000 0.060300 0.099800 0.060700 0.068900 0.051500 0.034100 0.070100 0.051600 0.091200 0.072900 0.043000 0.096600 0.079500 0.043600 0.062400 0.080800 0.070100 0.051600 0.051500 0.069600 0.060100 0.087800 0.091200 0.043400 0.099400 0.070000 0.070100 0.079700 0.061500 0.034500 0.042900 0.098900 0.071000 0.060800 0.091200 0.088900 0.078700 0.052400 0.051000 0.000000 0.025600 0.052200 0.060200 0.087700
Klipspring 0.026400 0.222400 0.080700 0.149400 0.008600 0.026200 0.000000 0.034300 0.070400 0.072600 0.034600 0.060900 0.025600 0.008500 0.062100 0.025800 0.063900 0.045700 0.017400 0.088900 0.053000 0.017400 0.035700 0.054000 0.043500 0.025800 0.025800 0.080000 0.034100 0.080000 0.063900 0.017400 0.072300 0.043800 0.043800 0.053200 0.035200 0.008600 0.034800 0.072000 0.044400 0.034800 0.063900 0.080800 0.053200 0.026100 0.060800 0.025600 0.000000 0.062200 0.070300 0.079900
ForestMusk 0.091000 0.256800 0.090300 0.159100 0.072000 0.090900 0.062200 0.098400 0.079700 0.081600 0.099600 0.070400 0.089600 0.052800 0.109400 0.089600 0.092500 0.074000 0.081800 0.098500 0.119900 0.081900 0.044700 0.062800 0.109900 0.089500 0.089600 0.070900 0.098400 0.089500 0.073100 0.081300 0.091200 0.090200 0.100100 0.081600 0.100900 0.072000 0.080300 0.062500 0.053200 0.080600 0.073200 0.071000 0.081600 0.091300 0.088600 0.052200 0.062200 0.000000 0.061300 0.089400
Bushbuck 0.098900 0.290000 0.025200 0.188700 0.080000 0.098800 0.070300 0.106100 0.016600 0.109700 0.107400 0.042500 0.097400 0.060900 0.117100 0.097400 0.120800 0.102200 0.089800 0.033500 0.127600 0.089900 0.071900 0.090500 0.117600 0.097300 0.097400 0.008300 0.106100 0.025100 0.101100 0.089200 0.119200 0.098100 0.107900 0.052400 0.108700 0.080000 0.088200 0.108700 0.080400 0.107200 0.101100 0.098500 0.052400 0.099200 0.096400 0.060200 0.070300 0.061300 0.000000 0.025100
GreaterKud 0.089900 0.255600 0.016900 0.200200 0.089900 0.089800 0.079900 0.116200 0.025100 0.100600 0.079800 0.069300 0.088600 0.070300 0.127500 0.088600 0.111600 0.093000 0.080900 0.025100 0.118500 0.080900 0.081800 0.062800 0.089600 0.088400 0.088600 0.016800 0.097300 0.016700 0.091900 0.080300 0.110000 0.089200 0.099000 0.043700 0.080800 0.089900 0.079400 0.119100 0.090400 0.098300 0.092000 0.089600 0.043700 0.090200 0.106200 0.087700 0.079900 0.089400 0.025100 0.000000
