1
52 1
Argali 0.000000 0.619900 0.118400 0.482800 0.104200 0.012500 0.078700 0.115700 0.118400 0.126800 0.045200 0.091700 0.092700 0.105200 0.144500 0.094900 0.176000 0.148400 0.051400 0.098900 0.116100 0.032300 0.155900 0.152600 0.045400 0.148300 0.098500 0.111900 0.101300 0.119400 0.120500 0.110500 0.153400 0.105900 0.084000 0.071600 0.038600 0.104200 0.116800 0.139600 0.146800 0.115100 0.120400 0.159900 0.084800 0.071400 0.116400 0.138900 0.084000 0.174600 0.106200 0.106100
LesserMous 0.619900 0.000000 0.605900 0.624200 0.598900 0.624200 0.609200 0.608700 0.607000 0.561400 0.596500 0.573900 0.595700 0.657000 0.729500 0.631200 0.673200 0.623000 0.600400 0.576100 0.655100 0.604300 0.576400 0.580500 0.616700 0.618900 0.612000 0.596300 0.614100 0.612200 0.553900 0.653400 0.657700 0.616400 0.622800 0.553400 0.610800 0.615000 0.648200 0.566400 0.579400 0.656800 0.554000 0.586600 0.577200 0.594400 0.685800 0.650400 0.601900 0.640400 0.591300 0.589900
LesserKudu 0.118400 0.605900 0.000000 0.514600 0.117900 0.118900 0.092200 0.129100 0.050300 0.118700 0.099600 0.064000 0.120800 0.119000 0.173300 0.149700 0.182100 0.169200 0.091800 0.031500 0.143700 0.086400 0.139900 0.130400 0.100100 0.176300 0.126500 0.044100 0.142200 0.050700 0.112500 0.124100 0.158800 0.134200 0.125400 0.044600 0.092500 0.131900 0.130400 0.131400 0.131200 0.142400 0.112400 0.137500 0.057400 0.098600 0.129900 0.167400 0.111200 0.158200 0.038100 0.038000
KillerWhal 0.482800 0.624200 0.514600 0.000000 0.429300 0.474700 0.450700 0.481200 0.515100 0.510100 0.486300 0.455300 0.474000 0.488100 0.448800 0.487100 0.525300 0.542100 0.471100 0.488500 0.482200 0.468000 0.548100 0.561400 0.480700 0.574800 0.457100 0.505600 0.475900 0.518900 0.503300 0.478300 0.596000 0.459700 0.509700 0.445200 0.452700 0.440900 0.510000 0.513700 0.564600 0.521300 0.503400 0.500400 0.461700 0.443800 0.494700 0.464900 0.450100 0.521500 0.501300 0.490000
DefassaWat 0.104200 0.598900 0.117900 0.429300 0.000000 0.104600 0.078200 0.128600 0.117900 0.111700 0.085400 0.091200 0.092100 0.104400 0.136700 0.121400 0.167900 0.161900 0.077900 0.098500 0.115200 0.072400 0.161900 0.151600 0.085900 0.175600 0.097900 0.111400 0.100700 0.104800 0.105400 0.082600 0.159100 0.091300 0.097300 0.071300 0.078500 0.037400 0.116100 0.110400 0.152800 0.141900 0.105300 0.116500 0.084500 0.084500 0.122800 0.082800 0.110800 0.173300 0.105700 0.104800
Sheep 0.012500 0.624200 0.118900 0.474700 0.104600 0.000000 0.079100 0.102400 0.118900 0.127400 0.045400 0.092100 0.093100 0.105700 0.130800 0.095200 0.184300 0.156500 0.051600 0.099300 0.116500 0.032500 0.156600 0.153300 0.045600 0.148700 0.098900 0.112400 0.101600 0.119900 0.121100 0.110900 0.168700 0.106300 0.070900 0.071900 0.038700 0.104700 0.103400 0.140200 0.147500 0.115400 0.120900 0.160700 0.085200 0.071700 0.103000 0.139500 0.084300 0.160400 0.106700 0.092400
MaxwellsDu 0.078700 0.609200 0.092200 0.450700 0.078200 0.079100 0.000000 0.076600 0.078500 0.086200 0.059600 0.065600 0.066400 0.025600 0.118100 0.096300 0.163500 0.121500 0.052400 0.072700 0.090300 0.046500 0.136100 0.126100 0.060000 0.136000 0.072500 0.072000 0.089300 0.093000 0.079800 0.031600 0.133500 0.079600 0.071900 0.045700 0.052800 0.078300 0.064100 0.099000 0.127300 0.103100 0.079800 0.119100 0.045500 0.045500 0.077100 0.112400 0.071800 0.162500 0.079800 0.079700
GazellaPrz 0.115700 0.608700 0.129100 0.481200 0.128600 0.102400 0.076600 0.000000 0.115500 0.116600 0.111100 0.102800 0.117900 0.102500 0.146500 0.067100 0.143200 0.116700 0.103300 0.110000 0.074000 0.098100 0.166300 0.142000 0.111700 0.104800 0.109800 0.109000 0.073200 0.130200 0.110500 0.094400 0.114700 0.130900 0.122400 0.083000 0.104000 0.115000 0.061600 0.115500 0.143100 0.086300 0.110400 0.121400 0.082700 0.082900 0.074200 0.141000 0.095400 0.156100 0.117200 0.103200
MountainNy 0.118400 0.607000 0.050300 0.515100 0.117900 0.118900 0.078500 0.115500 0.000000 0.104800 0.099600 0.064100 0.120900 0.105000 0.180500 0.149700 0.167300 0.154600 0.078200 0.018700 0.129700 0.086400 0.154400 0.144500 0.100200 0.191000 0.126600 0.006200 0.142200 0.050600 0.112500 0.110300 0.158900 0.148800 0.125600 0.044600 0.092500 0.131900 0.116600 0.131400 0.145400 0.142500 0.112400 0.137500 0.044400 0.098600 0.130000 0.167500 0.111200 0.172700 0.025200 0.038100
MuntiacusM 0.126800 0.561400 0.118700 0.510100 0.111700 0.127400 0.086200 0.116600 0.104800 0.000000 0.107900 0.092000 0.114800 0.113100 0.181900 0.143900 0.138900 0.126600 0.114000 0.099200 0.109900 0.094500 0.071000 0.063100 0.108500 0.185400 0.120500 0.098200 0.122400 0.119700 0.006300 0.118200 0.132000 0.128200 0.119600 0.071900 0.100600 0.111800 0.139000 0.037600 0.063300 0.136600 0.006300 0.056500 0.085100 0.092600 0.152700 0.146800 0.105500 0.153200 0.106500 0.106400
goat 0.045200 0.596500 0.099600 0.486300 0.085400 0.045400 0.059600 0.111100 0.099600 0.107900 0.000000 0.065900 0.059800 0.086400 0.140000 0.103700 0.171800 0.144100 0.019300 0.079900 0.111500 0.013100 0.144100 0.148600 0.012900 0.144100 0.065800 0.093000 0.096600 0.100400 0.101500 0.091800 0.156200 0.072900 0.065400 0.052600 0.019500 0.085500 0.098200 0.120900 0.135100 0.124400 0.101400 0.141400 0.065900 0.066100 0.111600 0.120000 0.078900 0.141100 0.087200 0.087000
AfricanBuf 0.091700 0.573900 0.064000 0.455300 0.091200 0.092100 0.065600 0.102800 0.064100 0.092000 0.065900 0.000000 0.086700 0.092100 0.145500 0.116100 0.154100 0.141300 0.058700 0.045000 0.117000 0.059600 0.126900 0.131600 0.073200 0.156200 0.092500 0.057700 0.108900 0.064600 0.085700 0.097500 0.131600 0.099900 0.105700 0.019000 0.065800 0.105000 0.103800 0.104600 0.118400 0.129800 0.085600 0.110800 0.031800 0.072000 0.117100 0.139800 0.084700 0.152900 0.051700 0.051700
Topi 0.092700 0.595700 0.120800 0.474000 0.092100 0.093100 0.066400 0.117900 0.120900 0.114800 0.059800 0.086700 0.000000 0.093200 0.147200 0.124300 0.194600 0.151400 0.052600 0.115300 0.118200 0.060300 0.151400 0.141000 0.074000 0.136600 0.025700 0.114300 0.103100 0.136500 0.108400 0.098700 0.178400 0.038900 0.072000 0.087000 0.066600 0.092200 0.119200 0.127700 0.142300 0.117100 0.108300 0.148200 0.086600 0.086700 0.118700 0.141500 0.113800 0.148000 0.122900 0.122800
CommonDuik 0.105200 0.657000 0.119000 0.488100 0.104400 0.105700 0.025600 0.102500 0.105000 0.113100 0.086400 0.092100 0.093200 0.000000 0.130800 0.122400 0.191400 0.134300 0.078700 0.099400 0.116600 0.073200 0.164000 0.153200 0.086900 0.163000 0.099000 0.098500 0.115200 0.119900 0.106800 0.044100 0.161000 0.106400 0.098300 0.072000 0.079300 0.104600 0.090000 0.125900 0.154700 0.129300 0.106700 0.146200 0.071600 0.071700 0.103100 0.139300 0.098100 0.190600 0.106700 0.106600
Suni 0.144500 0.729500 0.173300 0.448800 0.136700 0.130800 0.118100 0.146500 0.180500 0.181900 0.140000 0.145500 0.147200 0.130800 0.000000 0.126700 0.240700 0.212500 0.146100 0.160600 0.161500 0.126700 0.235700 0.215900 0.140800 0.209000 0.138600 0.173800 0.146000 0.167300 0.175700 0.142900 0.232100 0.153600 0.137200 0.139000 0.118600 0.123000 0.156400 0.187500 0.225200 0.174400 0.175500 0.200700 0.152700 0.124500 0.148900 0.122400 0.144500 0.215900 0.168500 0.153500
Springbuck 0.094900 0.631200 0.149700 0.487100 0.121400 0.095200 0.096300 0.067100 0.149700 0.143900 0.103700 0.116100 0.124300 0.122400 0.126700 0.000000 0.171000 0.172900 0.109600 0.130300 0.054800 0.104500 0.194900 0.155100 0.118100 0.072500 0.116100 0.143100 0.017700 0.150800 0.137700 0.114000 0.156100 0.137300 0.088200 0.102900 0.110400 0.121500 0.106900 0.128700 0.185400 0.054400 0.137600 0.148400 0.116000 0.075900 0.106500 0.135100 0.088200 0.176700 0.137800 0.123400
Okapi 0.176000 0.673200 0.182100 0.525300 0.167900 0.184300 0.163500 0.143200 0.167300 0.138900 0.171800 0.154100 0.194600 0.191400 0.240700 0.171000 0.000000 0.090000 0.163000 0.162000 0.136100 0.158200 0.190500 0.150800 0.173000 0.212900 0.184900 0.160600 0.163100 0.183600 0.147100 0.196000 0.158700 0.208600 0.190800 0.133200 0.164100 0.182700 0.180400 0.151700 0.166300 0.163400 0.147000 0.143600 0.146800 0.170000 0.195100 0.227100 0.176200 0.180000 0.170000 0.162400
Giraffe 0.148400 0.623000 0.169200 0.542100 0.161900 0.156500 0.121500 0.116700 0.154600 0.126600 0.144100 0.141300 0.151400 0.134300 0.212500 0.172900 0.090000 0.000000 0.135500 0.149200 0.166800 0.130500 0.163100 0.152500 0.144900 0.200300 0.157000 0.147800 0.165000 0.170600 0.120300 0.153900 0.131600 0.165000 0.163200 0.120400 0.136500 0.147300 0.139000 0.139300 0.139400 0.180000 0.120200 0.145300 0.119900 0.142400 0.167600 0.183700 0.155600 0.167400 0.149900 0.149500
TibetanAnt 0.051400 0.600400 0.091800 0.471100 0.077900 0.051600 0.052400 0.103300 0.078200 0.114000 0.019300 0.058700 0.052600 0.078700 0.146100 0.109600 0.163000 0.135500 0.000000 0.072400 0.117400 0.019500 0.150100 0.154500 0.032600 0.149800 0.058600 0.071700 0.102500 0.092600 0.107600 0.084300 0.162100 0.079200 0.071500 0.045500 0.025800 0.091600 0.090600 0.126800 0.141000 0.130300 0.107500 0.133000 0.045300 0.072300 0.103800 0.126100 0.085000 0.147000 0.079500 0.079400
Sitatunga 0.098900 0.576100 0.031500 0.488500 0.098500 0.099300 0.072700 0.110000 0.018700 0.099200 0.079900 0.045000 0.115300 0.099400 0.160600 0.130300 0.162000 0.149200 0.072400 0.000000 0.124300 0.066700 0.134600 0.125000 0.080400 0.171300 0.121000 0.012500 0.123000 0.031700 0.092900 0.104700 0.139200 0.128800 0.120100 0.025600 0.072900 0.112400 0.111000 0.111900 0.125800 0.137200 0.092800 0.118100 0.038400 0.079100 0.124500 0.147600 0.091800 0.152900 0.006300 0.019100
Oribi 0.116100 0.655100 0.143700 0.482200 0.115200 0.116500 0.090300 0.074000 0.129700 0.109900 0.111500 0.117000 0.118200 0.116600 0.161500 0.054800 0.136100 0.166800 0.117400 0.124300 0.000000 0.098500 0.173900 0.149200 0.112100 0.092300 0.110000 0.123200 0.035900 0.144800 0.117600 0.108000 0.156900 0.131200 0.123000 0.096900 0.104400 0.115300 0.100900 0.108900 0.164700 0.048500 0.117500 0.128500 0.110100 0.083200 0.114000 0.155700 0.109200 0.170600 0.131700 0.117400
BarbaryShe 0.032300 0.604300 0.086400 0.468000 0.072400 0.032500 0.046500 0.098100 0.086400 0.094500 0.013100 0.059600 0.060300 0.073200 0.126700 0.104500 0.158200 0.130500 0.019500 0.066700 0.098500 0.000000 0.130500 0.135200 0.013200 0.145200 0.066400 0.079800 0.097300 0.087200 0.088100 0.078800 0.142700 0.073600 0.065900 0.039600 0.006500 0.072400 0.085200 0.107500 0.121700 0.111400 0.088000 0.128000 0.052800 0.053000 0.098600 0.106900 0.065800 0.142200 0.073900 0.073800
Daviddeer 0.155900 0.576400 0.139900 0.548100 0.161900 0.156600 0.136100 0.166300 0.154400 0.071000 0.144100 0.126900 0.151400 0.164000 0.235700 0.194900 0.190500 0.163100 0.150100 0.134600 0.173900 0.130500 0.000000 0.069700 0.144900 0.223000 0.156900 0.147700 0.172000 0.155600 0.064700 0.168600 0.175500 0.165100 0.155700 0.106300 0.136500 0.162000 0.175200 0.070200 0.018500 0.187300 0.064700 0.076300 0.119800 0.142600 0.174400 0.198900 0.140800 0.174700 0.142300 0.142100
Reindeer 0.152600 0.580500 0.130400 0.561400 0.151600 0.153300 0.126100 0.142000 0.144500 0.063100 0.148600 0.131600 0.141000 0.153200 0.215900 0.155100 0.150800 0.152500 0.154500 0.125000 0.149200 0.135200 0.069700 0.000000 0.149500 0.181900 0.146500 0.137900 0.133700 0.145600 0.056900 0.158000 0.157800 0.154400 0.131100 0.111200 0.141100 0.151800 0.164800 0.049600 0.062400 0.148100 0.056900 0.055600 0.124500 0.118300 0.164300 0.187400 0.124400 0.164500 0.132500 0.132400
Ibex 0.045400 0.616700 0.100100 0.480700 0.085900 0.045600 0.060000 0.111700 0.100200 0.108500 0.012900 0.073200 0.074000 0.086900 0.140800 0.118100 0.173000 0.144900 0.032600 0.080400 0.112100 0.013200 0.144900 0.149500 0.000000 0.159200 0.080000 0.093500 0.110800 0.101000 0.102100 0.092300 0.157000 0.087300 0.079400 0.052900 0.019600 0.086000 0.098700 0.121500 0.135800 0.125100 0.102000 0.142100 0.066300 0.066500 0.112200 0.120700 0.079300 0.156600 0.087700 0.087500
GyrantGaze 0.148300 0.618900 0.176300 0.574800 0.175600 0.148700 0.136000 0.104800 0.191000 0.185400 0.144100 0.156200 0.136600 0.163000 0.209000 0.072500 0.212900 0.200300 0.149800 0.171300 0.092300 0.145200 0.223000 0.181900 0.159200 0.000000 0.142400 0.184400 0.066000 0.192500 0.179200 0.153600 0.182900 0.149800 0.127200 0.143000 0.151000 0.161400 0.132500 0.169300 0.213000 0.053200 0.179100 0.189400 0.155700 0.114900 0.145600 0.188600 0.141100 0.204000 0.179200 0.164300
Hartebeest 0.098500 0.612000 0.126500 0.457100 0.097900 0.098900 0.072500 0.109800 0.126600 0.120500 0.065800 0.092500 0.025700 0.099000 0.138600 0.116100 0.184900 0.157000 0.058600 0.121000 0.110000 0.066400 0.156900 0.146500 0.080000 0.142400 0.000000 0.120000 0.095300 0.142100 0.114100 0.104400 0.169000 0.051600 0.077900 0.092900 0.059000 0.084400 0.124800 0.133300 0.147800 0.122900 0.114000 0.153700 0.092500 0.092600 0.124400 0.132800 0.119500 0.153500 0.128600 0.128500
Bongo 0.111900 0.596300 0.044100 0.505600 0.111400 0.112400 0.072000 0.109000 0.006200 0.098200 0.093000 0.057700 0.114300 0.098500 0.173800 0.143100 0.160600 0.147800 0.071700 0.012500 0.123200 0.079800 0.147700 0.137900 0.093500 0.184400 0.120000 0.000000 0.135700 0.044100 0.105900 0.103800 0.152200 0.142100 0.133200 0.038200 0.086000 0.125400 0.110100 0.124800 0.138800 0.136100 0.105800 0.130900 0.038100 0.092100 0.123500 0.160800 0.104700 0.166000 0.018900 0.031700
Gerenuk 0.101300 0.614100 0.142200 0.475900 0.100700 0.101600 0.089300 0.073200 0.142200 0.122400 0.096600 0.108900 0.103100 0.115200 0.146000 0.017700 0.163100 0.165000 0.102500 0.123000 0.035900 0.097300 0.172000 0.133700 0.110800 0.066000 0.095300 0.135700 0.000000 0.143300 0.116300 0.106900 0.148400 0.115900 0.081400 0.095800 0.103200 0.100800 0.099900 0.107700 0.162900 0.048000 0.116200 0.127100 0.108900 0.069100 0.112900 0.140100 0.094500 0.154600 0.130300 0.116200
CommonElan 0.119400 0.612200 0.050700 0.518900 0.104800 0.119900 0.093000 0.130200 0.050600 0.119700 0.100400 0.064600 0.136500 0.119900 0.167300 0.150800 0.183600 0.170600 0.092600 0.031700 0.144800 0.087200 0.155600 0.145600 0.101000 0.192500 0.142100 0.044100 0.143300 0.000000 0.113400 0.111000 0.145500 0.150000 0.141000 0.044900 0.093300 0.118700 0.131400 0.132400 0.146500 0.157900 0.113300 0.138500 0.057900 0.099400 0.138300 0.154000 0.112100 0.174000 0.038400 0.038400
MuntiacusR 0.120500 0.553900 0.112500 0.503300 0.105400 0.121100 0.079800 0.110500 0.112500 0.006300 0.101500 0.085700 0.108400 0.106800 0.175700 0.137700 0.147100 0.120300 0.107600 0.092900 0.117600 0.088100 0.064700 0.056900 0.102100 0.179200 0.114100 0.105900 0.116300 0.113400 0.000000 0.112000 0.125700 0.121800 0.113300 0.065600 0.094300 0.105500 0.132700 0.031500 0.057400 0.144700 0.000000 0.050300 0.078800 0.086300 0.146400 0.140600 0.099200 0.147000 0.100200 0.100100
HarveysDui 0.110500 0.653400 0.124100 0.478300 0.082600 0.110900 0.031600 0.094400 0.110300 0.118200 0.091800 0.097500 0.098700 0.044100 0.142900 0.114000 0.196000 0.153900 0.084300 0.104700 0.108000 0.078800 0.168600 0.158000 0.092300 0.153600 0.104400 0.103800 0.106900 0.111000 0.112000 0.000000 0.151100 0.097700 0.103600 0.077500 0.084600 0.082700 0.095300 0.116800 0.159400 0.120600 0.111900 0.150900 0.077200 0.077300 0.088400 0.116100 0.103400 0.194900 0.112000 0.111800
Pronghorn 0.153400 0.657700 0.158800 0.596000 0.159100 0.168700 0.133500 0.114700 0.158900 0.132000 0.156200 0.131600 0.178400 0.161000 0.232100 0.156100 0.158700 0.131600 0.162100 0.139200 0.156900 0.142700 0.175500 0.157800 0.157000 0.182900 0.169000 0.152200 0.148400 0.145500 0.125700 0.151100 0.000000 0.177000 0.175500 0.111200 0.148600 0.144800 0.158000 0.144700 0.151700 0.163000 0.125600 0.157500 0.110600 0.133000 0.179500 0.180500 0.138900 0.202200 0.146400 0.146600
BlueWildeb 0.105900 0.616400 0.134200 0.459700 0.091300 0.106300 0.079600 0.130900 0.148800 0.128200 0.072900 0.099900 0.038900 0.106400 0.153600 0.137300 0.208600 0.165000 0.079200 0.128800 0.131200 0.073600 0.165100 0.154400 0.087300 0.149800 0.051600 0.142100 0.115900 0.150000 0.121800 0.097700 0.177000 0.000000 0.071400 0.100300 0.079800 0.077800 0.118100 0.126600 0.155700 0.144400 0.121700 0.161600 0.113900 0.100000 0.117700 0.125900 0.127100 0.161400 0.136500 0.136300
Gemsbok 0.084000 0.622800 0.125400 0.509700 0.097300 0.070900 0.071900 0.122400 0.125600 0.119600 0.065400 0.105700 0.072000 0.098300 0.137200 0.088200 0.190800 0.163200 0.071500 0.120100 0.123000 0.065900 0.155700 0.131100 0.079400 0.127200 0.077900 0.133200 0.081400 0.141000 0.113300 0.103600 0.175500 0.071400 0.000000 0.092300 0.072100 0.097400 0.110000 0.132400 0.146600 0.108100 0.113200 0.152700 0.105600 0.078200 0.109400 0.117600 0.104600 0.152700 0.127700 0.113100
Yak 0.071600 0.553400 0.044600 0.445200 0.071300 0.071900 0.045700 0.083000 0.044600 0.071900 0.052600 0.019000 0.087000 0.072000 0.139000 0.102900 0.133200 0.120400 0.045500 0.025600 0.096900 0.039600 0.106300 0.111200 0.052900 0.143000 0.092900 0.038200 0.095800 0.044900 0.065600 0.077500 0.111200 0.100300 0.092300 0.000000 0.045900 0.084900 0.083900 0.084600 0.098100 0.109700 0.065500 0.090700 0.012700 0.052100 0.097000 0.119200 0.064800 0.139200 0.032200 0.032100
BlueSheep 0.038600 0.610800 0.092500 0.452700 0.078500 0.038700 0.052800 0.104000 0.092500 0.100600 0.019500 0.065800 0.066600 0.079300 0.118600 0.110400 0.164100 0.136500 0.025800 0.072900 0.104400 0.006500 0.136500 0.141100 0.019600 0.151000 0.059000 0.086000 0.103200 0.093300 0.094300 0.084600 0.148600 0.079800 0.072100 0.045900 0.000000 0.065100 0.091200 0.113500 0.127700 0.117300 0.094200 0.133900 0.059000 0.059200 0.104600 0.099000 0.072000 0.148200 0.080100 0.080000
BohorReedb 0.104200 0.615000 0.131900 0.440900 0.037400 0.104700 0.078300 0.115000 0.131900 0.111800 0.085500 0.105000 0.092200 0.104600 0.123000 0.121500 0.182700 0.147300 0.091600 0.112400 0.115300 0.072400 0.162000 0.151800 0.086000 0.161400 0.084400 0.125400 0.100800 0.118700 0.105500 0.082700 0.144800 0.077800 0.097400 0.084900 0.065100 0.000000 0.116200 0.110500 0.152900 0.142000 0.105500 0.144500 0.098100 0.084600 0.122900 0.069800 0.114600 0.173600 0.119800 0.118700
KirksDik 0.116800 0.648200 0.130400 0.510000 0.116100 0.103400 0.064100 0.061600 0.116600 0.139000 0.098200 0.103800 0.119200 0.090000 0.156400 0.106900 0.180400 0.139000 0.090600 0.111000 0.100900 0.085200 0.175200 0.164800 0.098700 0.132500 0.124800 0.110100 0.099900 0.131400 0.132700 0.095300 0.158000 0.118100 0.110000 0.083900 0.091200 0.116200 0.000000 0.137500 0.151500 0.113500 0.132600 0.143600 0.083500 0.083800 0.049200 0.136700 0.096200 0.143300 0.118400 0.104200
RoeDeer 0.139600 0.566400 0.131400 0.513700 0.110400 0.140200 0.099000 0.115500 0.131400 0.037600 0.120900 0.104600 0.127700 0.125900 0.187500 0.128700 0.151700 0.139300 0.126800 0.111900 0.108900 0.107500 0.070200 0.049600 0.121500 0.169300 0.133300 0.124800 0.107700 0.132400 0.031500 0.116800 0.144700 0.126600 0.132400 0.084600 0.113500 0.110500 0.137500 0.000000 0.062900 0.135500 0.031400 0.043300 0.097700 0.105400 0.136900 0.145200 0.118200 0.151500 0.119300 0.119200
WhiteLippe 0.146800 0.579400 0.131200 0.564600 0.152800 0.147500 0.127300 0.143100 0.145400 0.063300 0.135100 0.118400 0.142300 0.154700 0.225200 0.185400 0.166300 0.139400 0.141000 0.125800 0.164700 0.121700 0.018500 0.062400 0.135800 0.213000 0.147800 0.138800 0.162900 0.146500 0.057400 0.159400 0.151700 0.155700 0.146600 0.098100 0.127700 0.152900 0.151500 0.062900 0.000000 0.177900 0.057100 0.068900 0.111400 0.133700 0.150900 0.189000 0.132100 0.151300 0.133400 0.133200
ThomsonGaz 0.115100 0.656800 0.142400 0.521300 0.141900 0.115400 0.103100 0.086300 0.142500 0.136600 0.124400 0.129800 0.117100 0.129300 0.174400 0.054400 0.163400 0.180000 0.130300 0.137200 0.048500 0.111400 0.187300 0.148100 0.125100 0.053200 0.122900 0.136100 0.048000 0.157900 0.144700 0.120600 0.163000 0.144400 0.108100 0.109700 0.117300 0.142000 0.113500 0.135500 0.177900 0.000000 0.144600 0.155300 0.122900 0.082400 0.113100 0.168600 0.108200 0.183900 0.144800 0.130300
MuntiacusC 0.120400 0.554000 0.112400 0.503400 0.105300 0.120900 0.079800 0.110400 0.112400 0.006300 0.101400 0.085600 0.108300 0.106700 0.175500 0.137600 0.147000 0.120200 0.107500 0.092800 0.117500 0.088000 0.064700 0.056900 0.102000 0.179100 0.114000 0.105800 0.116200 0.113300 0.000000 0.111900 0.125600 0.121700 0.113200 0.065500 0.094200 0.105500 0.132600 0.031400 0.057100 0.144600 0.000000 0.050300 0.078700 0.086200 0.146300 0.140500 0.099100 0.146800 0.100100 0.100000
WhiteTaile 0.159900 0.586600 0.137500 0.500400 0.116500 0.160700 0.119100 0.121400 0.137500 0.056500 0.141400 0.110800 0.148200 0.146200 0.200700 0.148400 0.143600 0.145300 0.133000 0.118100 0.128500 0.128000 0.076300 0.055600 0.142100 0.189400 0.153700 0.130900 0.127100 0.138500 0.050300 0.150900 0.157500 0.161600 0.152700 0.090700 0.133900 0.144500 0.143600 0.043300 0.068900 0.155300 0.050300 0.000000 0.103800 0.111500 0.157100 0.151100 0.124300 0.171800 0.125500 0.125300
Cattle 0.084800 0.577200 0.057400 0.461700 0.084500 0.085200 0.045500 0.082700 0.044400 0.085100 0.065900 0.031800 0.086600 0.071600 0.152700 0.116000 0.146800 0.119900 0.045300 0.038400 0.110100 0.052800 0.119800 0.124500 0.066300 0.155700 0.092500 0.038100 0.108900 0.057900 0.078800 0.077200 0.110600 0.113900 0.105600 0.012700 0.059000 0.098100 0.083500 0.097700 0.111400 0.122900 0.078700 0.103800 0.000000 0.065200 0.096600 0.132700 0.077900 0.152900 0.045100 0.045000
RoyalAntel 0.071400 0.594400 0.098600 0.443800 0.084500 0.071700 0.045500 0.082900 0.098600 0.092600 0.066100 0.072000 0.086700 0.071700 0.124500 0.075900 0.170000 0.142400 0.072300 0.079100 0.083200 0.053000 0.142600 0.118300 0.066500 0.114900 0.092600 0.092100 0.069100 0.099400 0.086300 0.077300 0.133000 0.100000 0.078200 0.052100 0.059200 0.084600 0.083800 0.105400 0.133700 0.082400 0.086200 0.111500 0.065200 0.000000 0.097000 0.104900 0.051400 0.168700 0.086300 0.086200
Steenbok 0.116400 0.685800 0.129900 0.494700 0.122800 0.103000 0.077100 0.074200 0.130000 0.152700 0.111600 0.117100 0.118700 0.103100 0.148900 0.106500 0.195100 0.167600 0.103800 0.124500 0.114000 0.098600 0.174400 0.164300 0.112200 0.145600 0.124400 0.123500 0.112900 0.138300 0.146400 0.088400 0.179500 0.117700 0.109400 0.097000 0.104600 0.122900 0.049200 0.136900 0.150900 0.113100 0.146300 0.157100 0.096600 0.097000 0.000000 0.143500 0.109500 0.156700 0.132000 0.117600
Impala 0.138900 0.650400 0.167400 0.464900 0.082800 0.139500 0.112400 0.141000 0.167500 0.146800 0.120000 0.139800 0.141500 0.139300 0.122400 0.135100 0.227100 0.183700 0.126100 0.147600 0.155700 0.106900 0.198900 0.187400 0.120700 0.188600 0.132800 0.160800 0.140100 0.154000 0.140600 0.116100 0.180500 0.125900 0.117600 0.119200 0.099000 0.069800 0.136700 0.145200 0.189000 0.168600 0.140500 0.151100 0.132700 0.104900 0.143500 0.000000 0.124700 0.210800 0.155400 0.155100
Klipspring 0.084000 0.601900 0.111200 0.450100 0.110800 0.084300 0.071800 0.095400 0.111200 0.105500 0.078900 0.084700 0.113800 0.098100 0.144500 0.088200 0.176200 0.155600 0.085000 0.091800 0.109200 0.065800 0.140800 0.124400 0.079300 0.141100 0.119500 0.104700 0.094500 0.112100 0.099200 0.103400 0.138900 0.127100 0.104600 0.064800 0.072000 0.114600 0.096200 0.118200 0.132100 0.108200 0.099100 0.124300 0.077900 0.051400 0.109500 0.124700 0.000000 0.166900 0.099000 0.098900
ForestMusk 0.174600 0.640400 0.158200 0.521500 0.173300 0.160400 0.162500 0.156100 0.172700 0.153200 0.141100 0.152900 0.148000 0.190600 0.215900 0.176700 0.180000 0.167400 0.147000 0.152900 0.170600 0.142200 0.174700 0.164500 0.156600 0.204000 0.153500 0.166000 0.154600 0.174000 0.147000 0.194900 0.202200 0.161400 0.152700 0.139200 0.148200 0.173600 0.143300 0.151500 0.151300 0.183900 0.146800 0.171800 0.152900 0.168700 0.156700 0.210800 0.166900 0.000000 0.160700 0.145800
Bushbuck 0.106200 0.591300 0.038100 0.501300 0.105700 0.106700 0.079800 0.117200 0.025200 0.106500 0.087200 0.051700 0.122900 0.106700 0.168500 0.137800 0.170000 0.149900 0.079500 0.006300 0.131700 0.073900 0.142300 0.132500 0.087700 0.179200 0.128600 0.018900 0.130300 0.038400 0.100200 0.112000 0.146400 0.136500 0.127700 0.032200 0.080100 0.119800 0.118400 0.119300 0.133400 0.144800 0.100100 0.125500 0.045100 0.086300 0.132000 0.155400 0.099000 0.160700 0.000000 0.025600
GreaterKud 0.106100 0.589900 0.038000 0.490000 0.104800 0.092400 0.079700 0.103200 0.038100 0.106400 0.087000 0.051700 0.122800 0.106600 0.153500 0.123400 0.162400 0.149500 0.079400 0.019100 0.117400 0.073800 0.142100 0.132400 0.087500 0.164300 0.128500 0.031700 0.116200 0.038400 0.100100 0.111800 0.146600 0.136300 0.113100 0.032100 0.080000 0.118700 0.104200 0.119200 0.133200 0.130300 0.100000 0.125300 0.045000 0.086200 0.117600 0.155100 0.098900 0.145800 0.025600 0.000000
