CODONML (in paml version 4.10.7, June 2023)  /home/rachel/ruminants_paml/6406-phy-tree/ENSBTAT00000043826.fasta.phy
Model: free dN/dS Ratios for branches,  kappa = 2.000 fixed

Codon frequency model: F3x4
ns =  54  ls = 105

Codon usage in sequences
--------------------------------------------------------------------------------------------------------------------------------------
Phe TTT   3   3   3   3   3   3 | Ser TCT   2   1   1   1   1   1 | Tyr TAT   3   3   3   3   2   3 | Cys TGT   2   2   2   2   1   2
    TTC   2   2   2   2   2   2 |     TCC   1   1   1   1   1   1 |     TAC   2   2   2   2   3   2 |     TGC   0   0   0   0   1   0
Leu TTA   2   2   2   3   2   2 |     TCA   1   1   1   1   1   1 | *** TAA   0   0   0   0   0   0 | *** TGA   0   0   0   0   0   0
    TTG   3   2   3   2   3   3 |     TCG   0   1   1   1   1   1 |     TAG   0   0   0   0   0   0 | Trp TGG   3   3   3   3   3   3
--------------------------------------------------------------------------------------------------------------------------------------
Leu CTT   2   2   2   2   2   2 | Pro CCT   1   1   1   1   2   1 | His CAT   0   0   0   0   0   0 | Arg CGT   1   1   1   1   1   1
    CTC   1   2   3   1   2   1 |     CCC   1   1   1   1   1   1 |     CAC   1   1   1   1   1   1 |     CGC   2   2   2   2   2   2
    CTA   2   2   0   2   1   4 |     CCA   4   4   4   4   4   5 | Gln CAA   0   0   0   0   0   1 |     CGA   0   0   0   0   0   0
    CTG   5   5   5   5   5   3 |     CCG   1   1   1   1   0   0 |     CAG   1   1   1   1   1   0 |     CGG   0   0   0   0   0   0
--------------------------------------------------------------------------------------------------------------------------------------
Ile ATT   2   2   2   3   2   2 | Thr ACT   1   1   1   1   1   1 | Asn AAT   0   0   0   0   0   0 | Ser AGT   0   0   0   0   0   0
    ATC   3   3   3   2   2   3 |     ACC   0   0   0   0   0   0 |     AAC   4   4   4   4   4   4 |     AGC   2   2   2   2   2   2
    ATA   2   2   2   2   2   3 |     ACA   4   5   5   5   4   3 | Lys AAA   3   3   3   4   5   4 | Arg AGA   2   2   1   2   2   2
Met ATG   1   1   1   1   1   1 |     ACG   2   1   1   1   1   3 |     AAG   5   5   5   4   3   4 |     AGG   0   0   1   0   0   0
--------------------------------------------------------------------------------------------------------------------------------------
Val GTT   0   0   0   0   1   0 | Ala GCT   1   2   1   2   1   2 | Asp GAT   2   3   4   4   4   4 | Gly GGT   2   2   1   2   2   2
    GTC   0   0   1   0   0   1 |     GCC   1   0   1   0   1   1 |     GAC   5   4   3   3   3   3 |     GGC   2   2   3   2   2   2
    GTA   3   3   2   3   2   1 |     GCA   3   3   3   3   3   2 | Glu GAA   5   4   4   4   4   4 |     GGA   2   2   2   2   2   2
    GTG   1   1   1   1   2   1 |     GCG   0   0   0   0   1   0 |     GAG   0   1   1   1   1   1 |     GGG   1   1   1   1   1   1
--------------------------------------------------------------------------------------------------------------------------------------

--------------------------------------------------------------------------------------------------------------------------------------
Phe TTT   3   3   3   3   3   3 | Ser TCT   1   2   1   1   1   1 | Tyr TAT   3   3   3   3   3   3 | Cys TGT   2   2   2   2   2   2
    TTC   2   2   2   2   2   2 |     TCC   1   1   1   1   1   1 |     TAC   2   2   2   2   2   2 |     TGC   0   0   0   0   0   0
Leu TTA   2   2   2   2   2   2 |     TCA   1   1   1   1   1   1 | *** TAA   0   0   0   0   0   0 | *** TGA   0   0   0   0   0   0
    TTG   3   3   2   3   3   3 |     TCG   1   0   1   1   1   1 |     TAG   0   0   0   0   0   0 | Trp TGG   3   3   3   3   3   3
--------------------------------------------------------------------------------------------------------------------------------------
Leu CTT   2   2   2   2   2   2 | Pro CCT   1   1   1   1   1   1 | His CAT   0   0   0   0   0   0 | Arg CGT   1   1   1   1   1   1
    CTC   1   1   1   1   3   1 |     CCC   1   1   1   1   1   1 |     CAC   1   1   1   1   1   1 |     CGC   2   2   2   2   2   2
    CTA   2   2   2   2   0   2 |     CCA   4   4   4   5   4   4 | Gln CAA   0   0   0   0   0   0 |     CGA   0   0   0   0   0   0
    CTG   5   5   6   5   5   5 |     CCG   1   1   1   0   1   1 |     CAG   1   1   1   1   1   1 |     CGG   0   0   0   0   0   0
--------------------------------------------------------------------------------------------------------------------------------------
Ile ATT   3   2   3   3   2   3 | Thr ACT   1   1   1   1   1   1 | Asn AAT   0   0   0   0   0   0 | Ser AGT   0   0   0   0   0   0
    ATC   2   3   2   2   3   2 |     ACC   0   0   0   0   0   0 |     AAC   4   4   4   4   4   4 |     AGC   2   2   2   2   2   2
    ATA   2   2   2   2   2   2 |     ACA   4   4   4   4   5   5 | Lys AAA   3   3   3   3   3   3 | Arg AGA   2   2   2   2   1   2
Met ATG   1   1   1   1   1   1 |     ACG   2   2   2   2   1   1 |     AAG   5   5   5   5   5   5 |     AGG   0   0   0   0   1   0
--------------------------------------------------------------------------------------------------------------------------------------
Val GTT   0   0   0   0   1   0 | Ala GCT   1   1   1   1   1   2 | Asp GAT   3   2   3   3   4   4 | Gly GGT   2   2   2   2   1   2
    GTC   0   0   0   0   0   0 |     GCC   1   1   1   1   1   0 |     GAC   4   5   4   4   3   3 |     GGC   2   2   2   2   3   2
    GTA   3   3   3   3   2   3 |     GCA   3   3   3   3   3   3 | Glu GAA   4   5   5   4   4   4 |     GGA   2   2   2   2   2   2
    GTG   1   1   1   1   1   1 |     GCG   0   0   0   0   0   0 |     GAG   1   0   0   1   1   1 |     GGG   1   1   1   1   1   1
--------------------------------------------------------------------------------------------------------------------------------------

--------------------------------------------------------------------------------------------------------------------------------------
Phe TTT   3   3   3   3   3   3 | Ser TCT   2   1   2   1   1   1 | Tyr TAT   3   3   3   3   3   3 | Cys TGT   2   2   2   2   2   2
    TTC   2   2   2   2   2   2 |     TCC   1   1   1   1   1   1 |     TAC   2   2   2   2   2   2 |     TGC   0   0   0   0   0   0
Leu TTA   2   2   2   2   2   2 |     TCA   1   1   1   1   1   1 | *** TAA   0   0   0   0   0   0 | *** TGA   0   0   0   0   0   0
    TTG   3   3   3   2   3   3 |     TCG   0   1   1   1   1   1 |     TAG   0   0   0   0   0   0 | Trp TGG   3   3   3   3   3   3
--------------------------------------------------------------------------------------------------------------------------------------
Leu CTT   2   2   2   2   2   2 | Pro CCT   1   1   0   1   2   1 | His CAT   0   0   0   0   0   0 | Arg CGT   1   1   1   1   1   1
    CTC   1   2   1   1   1   1 |     CCC   1   2   1   1   1   1 |     CAC   1   1   1   1   1   1 |     CGC   2   2   2   2   2   2
    CTA   2   1   2   2   2   2 |     CCA   5   3   4   3   4   4 | Gln CAA   0   0   0   0   0   0 |     CGA   0   0   0   0   0   0
    CTG   5   5   5   6   5   5 |     CCG   0   1   1   2   0   1 |     CAG   1   1   1   1   1   1 |     CGG   0   0   0   0   0   0
--------------------------------------------------------------------------------------------------------------------------------------
Ile ATT   2   3   3   3   3   3 | Thr ACT   1   1   1   1   1   1 | Asn AAT   0   0   0   0   0   0 | Ser AGT   0   0   0   0   0   0
    ATC   3   2   2   2   2   2 |     ACC   0   0   0   0   0   0 |     AAC   4   4   4   4   4   4 |     AGC   2   2   2   2   2   2
    ATA   2   2   2   2   2   2 |     ACA   4   5   4   4   4   4 | Lys AAA   3   3   3   3   4   4 | Arg AGA   2   2   2   2   2   2
Met ATG   1   1   1   1   1   1 |     ACG   2   1   2   2   2   2 |     AAG   5   5   5   5   4   4 |     AGG   0   0   0   0   0   0
--------------------------------------------------------------------------------------------------------------------------------------
Val GTT   0   0   0   0   0   0 | Ala GCT   1   1   1   1   1   1 | Asp GAT   3   4   4   3   3   3 | Gly GGT   2   1   2   2   2   2
    GTC   0   0   0   0   0   0 |     GCC   1   1   1   1   1   1 |     GAC   4   3   3   4   4   4 |     GGC   2   3   2   2   3   2
    GTA   3   3   3   3   3   2 |     GCA   3   2   3   3   3   3 | Glu GAA   5   4   5   5   5   4 |     GGA   2   1   2   2   2   2
    GTG   1   1   1   1   1   2 |     GCG   0   1   0   0   0   0 |     GAG   0   1   0   0   0   1 |     GGG   1   2   1   1   0   1
--------------------------------------------------------------------------------------------------------------------------------------

--------------------------------------------------------------------------------------------------------------------------------------
Phe TTT   3   3   3   3   3   3 | Ser TCT   1   1   2   1   1   2 | Tyr TAT   3   3   3   3   3   3 | Cys TGT   2   2   2   2   2   2
    TTC   2   2   2   2   2   2 |     TCC   1   1   1   1   1   1 |     TAC   2   2   2   2   2   2 |     TGC   0   0   0   0   0   0
Leu TTA   2   2   2   2   2   2 |     TCA   1   1   1   1   1   1 | *** TAA   0   0   0   0   0   0 | *** TGA   0   0   0   0   0   0
    TTG   3   3   3   3   3   3 |     TCG   1   1   0   1   1   0 |     TAG   0   0   0   0   0   0 | Trp TGG   3   3   3   3   3   3
--------------------------------------------------------------------------------------------------------------------------------------
Leu CTT   2   2   2   2   2   2 | Pro CCT   1   1   1   1   1   1 | His CAT   0   0   0   0   0   0 | Arg CGT   1   1   1   1   1   1
    CTC   1   1   1   3   1   1 |     CCC   1   1   1   1   1   1 |     CAC   1   1   1   1   1   1 |     CGC   2   2   2   2   2   2
    CTA   2   2   2   1   2   2 |     CCA   3   4   4   4   4   4 | Gln CAA   0   0   0   0   0   0 |     CGA   0   0   0   0   0   0
    CTG   5   5   5   4   5   5 |     CCG   2   1   1   1   1   1 |     CAG   1   1   1   1   1   1 |     CGG   0   0   0   0   0   0
--------------------------------------------------------------------------------------------------------------------------------------
Ile ATT   3   3   2   1   3   2 | Thr ACT   1   1   1   1   1   1 | Asn AAT   0   0   0   0   0   0 | Ser AGT   0   0   0   0   0   0
    ATC   2   2   3   3   2   3 |     ACC   0   0   0   0   0   0 |     AAC   4   4   4   4   4   4 |     AGC   2   2   2   2   2   2
    ATA   2   2   2   3   2   2 |     ACA   5   5   4   5   4   4 | Lys AAA   4   4   3   3   3   3 | Arg AGA   2   2   2   1   2   2
Met ATG   1   1   1   1   1   1 |     ACG   1   1   2   1   2   2 |     AAG   4   4   5   5   5   5 |     AGG   0   0   0   1   0   0
--------------------------------------------------------------------------------------------------------------------------------------
Val GTT   0   0   0   1   0   0 | Ala GCT   2   2   1   1   1   1 | Asp GAT   4   4   2   4   3   2 | Gly GGT   3   3   2   1   2   2
    GTC   0   0   0   0   0   0 |     GCC   0   0   1   1   1   1 |     GAC   3   3   5   3   4   5 |     GGC   1   1   2   3   2   2
    GTA   3   3   3   2   3   3 |     GCA   3   3   3   3   3   3 | Glu GAA   4   4   5   4   4   5 |     GGA   2   2   2   2   2   2
    GTG   1   1   1   1   1   1 |     GCG   0   0   0   0   0   0 |     GAG   1   1   0   1   1   0 |     GGG   1   1   1   1   1   1
--------------------------------------------------------------------------------------------------------------------------------------

--------------------------------------------------------------------------------------------------------------------------------------
Phe TTT   3   3   3   3   3   3 | Ser TCT   1   1   2   1   2   1 | Tyr TAT   3   2   3   3   3   3 | Cys TGT   2   2   2   2   2   2
    TTC   2   2   2   2   2   2 |     TCC   1   1   1   1   1   1 |     TAC   2   3   2   2   2   2 |     TGC   0   0   0   0   0   0
Leu TTA   2   1   2   2   2   2 |     TCA   1   1   1   1   1   1 | *** TAA   0   0   0   0   0   0 | *** TGA   0   0   0   0   0   0
    TTG   3   3   3   3   3   3 |     TCG   1   1   0   1   1   1 |     TAG   0   0   0   0   0   0 | Trp TGG   3   3   3   3   3   3
--------------------------------------------------------------------------------------------------------------------------------------
Leu CTT   2   2   2   2   2   2 | Pro CCT   1   1   1   1   0   1 | His CAT   0   0   0   0   0   0 | Arg CGT   1   1   1   1   1   1
    CTC   1   1   1   1   1   3 |     CCC   1   1   1   1   1   1 |     CAC   1   1   1   1   1   1 |     CGC   2   2   2   2   2   2
    CTA   2   3   2   2   2   0 |     CCA   5   5   5   4   4   4 | Gln CAA   0   0   0   0   0   0 |     CGA   0   0   0   0   0   0
    CTG   5   5   5   5   5   5 |     CCG   0   0   0   1   1   1 |     CAG   1   1   1   1   1   1 |     CGG   0   0   0   0   0   0
--------------------------------------------------------------------------------------------------------------------------------------
Ile ATT   3   2   2   3   3   2 | Thr ACT   1   1   1   1   1   1 | Asn AAT   0   0   0   0   0   0 | Ser AGT   0   0   0   0   0   0
    ATC   2   3   3   2   2   3 |     ACC   0   1   0   0   0   0 |     AAC   4   4   4   4   4   4 |     AGC   2   2   2   2   2   2
    ATA   2   2   2   2   2   2 |     ACA   5   4   4   4   4   5 | Lys AAA   4   4   3   4   3   3 | Arg AGA   2   2   2   2   2   1
Met ATG   1   1   1   1   1   1 |     ACG   1   1   2   2   2   1 |     AAG   4   4   5   4   5   5 |     AGG   0   0   0   0   0   1
--------------------------------------------------------------------------------------------------------------------------------------
Val GTT   0   0   0   0   0   1 | Ala GCT   2   2   1   1   1   1 | Asp GAT   4   3   3   3   4   4 | Gly GGT   2   2   2   2   2   1
    GTC   0   0   0   0   0   0 |     GCC   0   0   1   1   1   1 |     GAC   3   4   4   4   3   3 |     GGC   2   2   2   2   2   3
    GTA   3   3   3   3   3   2 |     GCA   3   3   3   3   3   3 | Glu GAA   4   4   5   4   5   4 |     GGA   2   2   2   2   2   2
    GTG   1   1   1   1   1   1 |     GCG   0   0   0   0   0   0 |     GAG   1   1   0   1   0   1 |     GGG   1   1   1   1   1   1
--------------------------------------------------------------------------------------------------------------------------------------

--------------------------------------------------------------------------------------------------------------------------------------
Phe TTT   3   3   3   3   3   3 | Ser TCT   1   1   1   1   1   2 | Tyr TAT   3   3   3   3   3   3 | Cys TGT   2   2   2   2   2   2
    TTC   2   2   2   2   2   2 |     TCC   1   1   1   1   1   1 |     TAC   2   2   2   2   2   2 |     TGC   0   0   0   0   0   0
Leu TTA   2   2   2   2   2   2 |     TCA   1   1   1   1   1   1 | *** TAA   0   0   0   0   0   0 | *** TGA   0   0   0   0   0   0
    TTG   3   3   3   2   3   3 |     TCG   1   1   1   1   1   1 |     TAG   0   0   0   0   0   0 | Trp TGG   3   3   3   3   3   3
--------------------------------------------------------------------------------------------------------------------------------------
Leu CTT   2   2   2   2   2   2 | Pro CCT   1   1   1   1   1   0 | His CAT   0   0   0   1   0   0 | Arg CGT   1   1   1   1   1   1
    CTC   1   3   1   1   1   1 |     CCC   1   1   1   1   1   1 |     CAC   1   1   1   0   1   1 |     CGC   2   2   2   2   2   2
    CTA   2   0   2   2   2   2 |     CCA   5   4   4   3   4   4 | Gln CAA   0   0   0   0   0   0 |     CGA   0   0   0   0   0   0
    CTG   5   5   5   6   5   5 |     CCG   0   1   1   2   1   1 |     CAG   1   1   1   1   1   1 |     CGG   0   0   0   0   0   0
--------------------------------------------------------------------------------------------------------------------------------------
Ile ATT   3   2   3   3   3   3 | Thr ACT   1   1   1   1   1   1 | Asn AAT   0   0   0   0   1   0 | Ser AGT   0   0   0   0   0   0
    ATC   2   3   2   2   2   2 |     ACC   0   0   0   0   0   0 |     AAC   4   4   4   4   3   4 |     AGC   2   2   2   2   2   2
    ATA   2   2   2   2   2   2 |     ACA   4   5   5   4   4   4 | Lys AAA   4   3   3   3   4   3 | Arg AGA   2   1   2   2   2   2
Met ATG   1   1   1   1   1   1 |     ACG   2   1   1   2   2   2 |     AAG   4   5   5   5   4   5 |     AGG   0   1   0   0   0   0
--------------------------------------------------------------------------------------------------------------------------------------
Val GTT   0   0   0   0   0   0 | Ala GCT   1   1   2   1   2   1 | Asp GAT   3   4   4   3   4   4 | Gly GGT   2   1   2   2   2   2
    GTC   0   1   0   0   0   0 |     GCC   1   1   0   1   0   1 |     GAC   4   3   3   4   3   3 |     GGC   2   3   2   2   2   2
    GTA   3   2   3   3   3   3 |     GCA   3   3   3   3   3   3 | Glu GAA   4   4   4   5   4   5 |     GGA   2   2   2   2   2   2
    GTG   1   1   1   1   1   1 |     GCG   0   0   0   0   0   0 |     GAG   1   1   1   0   1   0 |     GGG   1   1   1   1   1   1
--------------------------------------------------------------------------------------------------------------------------------------

--------------------------------------------------------------------------------------------------------------------------------------
Phe TTT   3   3   3   3   3   3 | Ser TCT   1   1   2   1   1   1 | Tyr TAT   3   3   3   3   3   2 | Cys TGT   2   2   2   2   2   2
    TTC   2   2   2   2   2   2 |     TCC   1   1   1   1   1   1 |     TAC   2   2   2   2   2   3 |     TGC   0   0   0   0   0   0
Leu TTA   2   2   2   2   2   1 |     TCA   1   1   1   1   1   1 | *** TAA   0   0   0   0   0   0 | *** TGA   0   0   0   0   0   0
    TTG   3   3   3   3   3   3 |     TCG   1   1   0   1   1   1 |     TAG   0   0   0   0   0   0 | Trp TGG   3   3   3   3   3   3
--------------------------------------------------------------------------------------------------------------------------------------
Leu CTT   2   2   2   2   2   2 | Pro CCT   1   1   1   1   1   1 | His CAT   0   0   0   0   1   0 | Arg CGT   1   1   1   1   1   1
    CTC   1   2   1   1   1   1 |     CCC   1   1   1   1   1   1 |     CAC   1   1   1   1   0   1 |     CGC   2   2   2   2   2   2
    CTA   2   1   2   2   2   3 |     CCA   4   4   5   4   5   5 | Gln CAA   0   0   0   0   0   0 |     CGA   0   0   0   0   0   0
    CTG   5   5   5   5   5   5 |     CCG   1   1   0   1   0   0 |     CAG   1   1   1   1   1   1 |     CGG   0   0   0   0   0   0
--------------------------------------------------------------------------------------------------------------------------------------
Ile ATT   3   3   2   3   3   2 | Thr ACT   1   1   1   1   1   1 | Asn AAT   0   0   0   0   0   0 | Ser AGT   0   0   0   0   0   0
    ATC   2   2   3   2   2   3 |     ACC   0   0   0   0   0   0 |     AAC   4   4   4   4   4   4 |     AGC   2   2   2   2   2   2
    ATA   2   2   2   2   2   2 |     ACA   5   5   4   4   4   4 | Lys AAA   3   3   3   3   4   4 | Arg AGA   2   2   2   2   1   2
Met ATG   1   1   1   1   1   1 |     ACG   1   1   2   2   2   1 |     AAG   5   5   5   5   4   4 |     AGG   0   0   0   0   1   0
--------------------------------------------------------------------------------------------------------------------------------------
Val GTT   0   0   0   0   0   0 | Ala GCT   1   1   1   1   1   2 | Asp GAT   3   4   3   3   3   4 | Gly GGT   2   1   2   2   2   2
    GTC   0   0   0   0   0   0 |     GCC   1   1   1   1   1   0 |     GAC   4   3   4   4   4   3 |     GGC   2   2   2   2   2   2
    GTA   3   3   3   3   3   3 |     GCA   3   2   3   3   3   4 | Glu GAA   5   4   5   4   4   3 |     GGA   2   2   2   2   2   2
    GTG   1   1   1   1   1   1 |     GCG   0   1   0   0   0   0 |     GAG   0   1   0   1   1   2 |     GGG   1   2   1   1   1   1
--------------------------------------------------------------------------------------------------------------------------------------

--------------------------------------------------------------------------------------------------------------------------------------
Phe TTT   3   3   3   3   3   3 | Ser TCT   1   1   1   1   1   1 | Tyr TAT   3   3   3   3   3   3 | Cys TGT   2   2   2   2   2   2
    TTC   2   2   2   2   2   2 |     TCC   1   1   1   1   1   1 |     TAC   2   2   2   2   2   2 |     TGC   0   0   0   0   0   0
Leu TTA   2   1   2   1   2   2 |     TCA   1   1   1   1   1   1 | *** TAA   0   0   0   0   0   0 | *** TGA   0   0   0   0   0   0
    TTG   3   4   3   3   3   3 |     TCG   1   1   1   1   1   1 |     TAG   0   0   0   0   0   0 | Trp TGG   3   3   3   3   3   3
--------------------------------------------------------------------------------------------------------------------------------------
Leu CTT   2   2   2   2   2   2 | Pro CCT   1   1   1   1   1   1 | His CAT   0   0   0   0   0   0 | Arg CGT   1   1   1   1   1   1
    CTC   1   1   1   1   2   1 |     CCC   1   1   1   1   1   1 |     CAC   1   1   1   1   1   1 |     CGC   2   2   2   2   2   2
    CTA   2   2   2   3   1   2 |     CCA   5   4   4   5   4   4 | Gln CAA   0   0   0   0   0   0 |     CGA   0   0   0   0   0   0
    CTG   5   5   5   5   5   5 |     CCG   0   1   1   0   1   1 |     CAG   1   1   1   1   1   1 |     CGG   0   0   0   0   0   0
--------------------------------------------------------------------------------------------------------------------------------------
Ile ATT   3   3   3   2   3   3 | Thr ACT   1   1   1   1   1   1 | Asn AAT   0   0   0   0   0   0 | Ser AGT   0   0   0   0   0   0
    ATC   2   2   2   3   2   2 |     ACC   0   0   0   1   0   0 |     AAC   4   4   4   4   4   4 |     AGC   2   2   2   2   2   2
    ATA   2   2   2   2   2   2 |     ACA   5   4   5   4   5   4 | Lys AAA   4   4   3   4   3   3 | Arg AGA   2   2   2   2   2   2
Met ATG   1   1   1   1   1   1 |     ACG   1   2   1   1   1   2 |     AAG   4   4   5   4   5   5 |     AGG   0   0   0   0   0   0
--------------------------------------------------------------------------------------------------------------------------------------
Val GTT   0   0   0   0   0   0 | Ala GCT   2   1   2   2   1   1 | Asp GAT   4   3   4   3   4   3 | Gly GGT   2   2   2   2   1   2
    GTC   0   0   0   0   0   0 |     GCC   0   1   0   0   1   1 |     GAC   3   4   3   4   3   4 |     GGC   2   2   2   2   2   2
    GTA   3   3   3   3   3   3 |     GCA   3   3   3   3   2   3 | Glu GAA   4   4   4   3   4   5 |     GGA   2   2   2   2   2   2
    GTG   1   1   1   1   1   1 |     GCG   0   0   0   0   1   0 |     GAG   1   1   1   2   1   0 |     GGG   1   1   1   1   2   1
--------------------------------------------------------------------------------------------------------------------------------------

--------------------------------------------------------------------------------------------------------------------------------------
Phe TTT   3   3   3   3   3   3 | Ser TCT   1   1   1   1   1   1 | Tyr TAT   3   3   2   3   3   3 | Cys TGT   2   2   2   2   2   2
    TTC   2   2   2   2   2   2 |     TCC   1   1   1   1   1   1 |     TAC   2   2   3   2   2   2 |     TGC   0   0   0   0   0   0
Leu TTA   2   2   2   3   2   2 |     TCA   1   1   1   1   1   1 | *** TAA   0   0   0   0   0   0 | *** TGA   0   0   0   0   0   0
    TTG   3   3   3   2   3   3 |     TCG   1   1   1   1   1   1 |     TAG   0   0   0   0   0   0 | Trp TGG   3   3   3   3   3   3
--------------------------------------------------------------------------------------------------------------------------------------
Leu CTT   1   2   2   2   2   2 | Pro CCT   1   1   1   1   1   1 | His CAT   0   0   0   0   0   0 | Arg CGT   1   1   1   1   1   1
    CTC   2   1   1   1   3   3 |     CCC   1   1   1   1   1   1 |     CAC   1   1   1   1   1   1 |     CGC   2   2   2   2   2   2
    CTA   2   2   2   2   0   0 |     CCA   2   4   5   4   4   4 | Gln CAA   0   0   0   0   0   0 |     CGA   0   0   1   0   0   0
    CTG   5   5   5   5   5   5 |     CCG   3   1   0   1   1   1 |     CAG   1   1   1   1   1   1 |     CGG   0   0   0   0   0   0
--------------------------------------------------------------------------------------------------------------------------------------
Ile ATT   3   3   3   3   2   2 | Thr ACT   1   1   1   1   1   1 | Asn AAT   0   0   0   0   0   0 | Ser AGT   0   0   0   0   0   0
    ATC   2   2   2   2   3   3 |     ACC   0   0   0   0   0   0 |     AAC   4   4   4   4   4   4 |     AGC   2   2   2   2   2   2
    ATA   2   2   2   2   2   2 |     ACA   3   5   5   5   5   6 | Lys AAA   2   3   3   4   3   3 | Arg AGA   2   2   1   2   1   1
Met ATG   1   1   1   1   1   1 |     ACG   3   1   1   1   1   0 |     AAG   6   5   5   4   5   5 |     AGG   0   0   0   0   1   1
--------------------------------------------------------------------------------------------------------------------------------------
Val GTT   0   0   0   0   1   0 | Ala GCT   1   1   1   2   1   1 | Asp GAT   3   3   3   4   4   4 | Gly GGT   2   2   2   2   1   1
    GTC   0   0   0   0   0   1 |     GCC   2   1   1   0   1   1 |     GAC   4   4   4   3   3   3 |     GGC   2   2   2   2   3   3
    GTA   3   3   3   3   2   2 |     GCA   2   3   3   3   3   3 | Glu GAA   3   4   5   4   4   4 |     GGA   2   2   2   2   2   2
    GTG   1   1   1   1   1   1 |     GCG   0   0   0   0   0   0 |     GAG   2   1   0   1   1   1 |     GGG   1   1   1   1   1   1
--------------------------------------------------------------------------------------------------------------------------------------

Codon position x base (3x4) table for each sequence.

#1: Argali         
position  1:    T:0.22857    C:0.20952    A:0.29524    G:0.26667
position  2:    T:0.30476    C:0.21905    A:0.29524    G:0.18095
position  3:    T:0.20952    C:0.25714    A:0.31429    G:0.21905
Average         T:0.24762    C:0.22857    A:0.30159    G:0.22222

#2: LesserMouseDeer
position  1:    T:0.21905    C:0.21905    A:0.29524    G:0.26667
position  2:    T:0.30476    C:0.21905    A:0.29524    G:0.18095
position  3:    T:0.21905    C:0.24762    A:0.31429    G:0.21905
Average         T:0.24762    C:0.22857    A:0.30159    G:0.22222

#3: LesserKudu     
position  1:    T:0.22857    C:0.20952    A:0.29524    G:0.26667
position  2:    T:0.30476    C:0.21905    A:0.29524    G:0.18095
position  3:    T:0.20952    C:0.27619    A:0.27619    G:0.23810
Average         T:0.24762    C:0.23492    A:0.28889    G:0.22857

#4: ForestMuskDeer2
position  1:    T:0.22857    C:0.20952    A:0.29524    G:0.26667
position  2:    T:0.30476    C:0.21905    A:0.29524    G:0.18095
position  3:    T:0.23810    C:0.21905    A:0.33333    G:0.20952
Average         T:0.25714    C:0.21587    A:0.30794    G:0.21905

#5: Camel          
position  1:    T:0.22857    C:0.20952    A:0.27619    G:0.28571
position  2:    T:0.30476    C:0.21905    A:0.29524    G:0.18095
position  3:    T:0.21905    C:0.25714    A:0.30476    G:0.21905
Average         T:0.25079    C:0.22857    A:0.29206    G:0.22857

#6: KillerWhale    
position  1:    T:0.22857    C:0.20952    A:0.30476    G:0.25714
position  2:    T:0.30476    C:0.21905    A:0.29524    G:0.18095
position  3:    T:0.22857    C:0.24762    A:0.32381    G:0.20000
Average         T:0.25397    C:0.22540    A:0.30794    G:0.21270

#7: DefassaWaterbuck
position  1:    T:0.22857    C:0.20952    A:0.29524    G:0.26667
position  2:    T:0.30476    C:0.21905    A:0.29524    G:0.18095
position  3:    T:0.21905    C:0.23810    A:0.30476    G:0.23810
Average         T:0.25079    C:0.22222    A:0.29841    G:0.22857

#8: Sheep          
position  1:    T:0.22857    C:0.20952    A:0.29524    G:0.26667
position  2:    T:0.30476    C:0.21905    A:0.29524    G:0.18095
position  3:    T:0.20952    C:0.25714    A:0.31429    G:0.21905
Average         T:0.24762    C:0.22857    A:0.30159    G:0.22222

#9: MaxwellsDuiker 
position  1:    T:0.21905    C:0.21905    A:0.29524    G:0.26667
position  2:    T:0.30476    C:0.21905    A:0.29524    G:0.18095
position  3:    T:0.21905    C:0.23810    A:0.31429    G:0.22857
Average         T:0.24762    C:0.22540    A:0.30159    G:0.22540

#10: GazellaPrzewalskyi
position  1:    T:0.22857    C:0.20952    A:0.29524    G:0.26667
position  2:    T:0.30476    C:0.21905    A:0.29524    G:0.18095
position  3:    T:0.21905    C:0.23810    A:0.31429    G:0.22857
Average         T:0.25079    C:0.22222    A:0.30159    G:0.22540

#11: MountainNyala  
position  1:    T:0.22857    C:0.20952    A:0.29524    G:0.26667
position  2:    T:0.30476    C:0.21905    A:0.29524    G:0.18095
position  3:    T:0.21905    C:0.26667    A:0.27619    G:0.23810
Average         T:0.25079    C:0.23175    A:0.28889    G:0.22857

#12: MuntiacusMuntjak
position  1:    T:0.22857    C:0.20952    A:0.29524    G:0.26667
position  2:    T:0.30476    C:0.21905    A:0.29524    G:0.18095
position  3:    T:0.23810    C:0.21905    A:0.31429    G:0.22857
Average         T:0.25714    C:0.21587    A:0.30159    G:0.22540

#13: goat           
position  1:    T:0.22857    C:0.20952    A:0.29524    G:0.26667
position  2:    T:0.30476    C:0.21905    A:0.29524    G:0.18095
position  3:    T:0.21905    C:0.24762    A:0.32381    G:0.20952
Average         T:0.25079    C:0.22540    A:0.30476    G:0.21905

#14: AfricanBuffalo 
position  1:    T:0.22857    C:0.20952    A:0.29524    G:0.26667
position  2:    T:0.30476    C:0.21905    A:0.29524    G:0.18095
position  3:    T:0.21905    C:0.25714    A:0.27619    G:0.24762
Average         T:0.25079    C:0.22857    A:0.28889    G:0.23175

#15: Topi           
position  1:    T:0.23810    C:0.20000    A:0.29524    G:0.26667
position  2:    T:0.30476    C:0.21905    A:0.29524    G:0.18095
position  3:    T:0.22857    C:0.22857    A:0.31429    G:0.22857
Average         T:0.25714    C:0.21587    A:0.30159    G:0.22540

#16: CommonDuiker   
position  1:    T:0.21905    C:0.21905    A:0.29524    G:0.26667
position  2:    T:0.30476    C:0.21905    A:0.29524    G:0.18095
position  3:    T:0.21905    C:0.23810    A:0.30476    G:0.23810
Average         T:0.24762    C:0.22540    A:0.29841    G:0.22857

#17: Suni           
position  1:    T:0.22857    C:0.20952    A:0.29524    G:0.26667
position  2:    T:0.30476    C:0.21905    A:0.29524    G:0.18095
position  3:    T:0.22857    C:0.24762    A:0.32381    G:0.20000
Average         T:0.25397    C:0.22540    A:0.30476    G:0.21587

#18: Springbuck     
position  1:    T:0.22857    C:0.20952    A:0.29524    G:0.26667
position  2:    T:0.30476    C:0.21905    A:0.29524    G:0.18095
position  3:    T:0.21905    C:0.23810    A:0.30476    G:0.23810
Average         T:0.25079    C:0.22222    A:0.29841    G:0.22857

#19: Okapi          
position  1:    T:0.22857    C:0.20952    A:0.29524    G:0.26667
position  2:    T:0.30476    C:0.21905    A:0.29524    G:0.18095
position  3:    T:0.24762    C:0.20952    A:0.31429    G:0.22857
Average         T:0.26032    C:0.21270    A:0.30159    G:0.22540

#20: Giraffe        
position  1:    T:0.22857    C:0.20952    A:0.29524    G:0.26667
position  2:    T:0.30476    C:0.21905    A:0.29524    G:0.18095
position  3:    T:0.24762    C:0.20952    A:0.32381    G:0.21905
Average         T:0.26032    C:0.21270    A:0.30476    G:0.22222

#21: TibetanAntelope
position  1:    T:0.22857    C:0.20952    A:0.29524    G:0.26667
position  2:    T:0.30476    C:0.21905    A:0.29524    G:0.18095
position  3:    T:0.20952    C:0.25714    A:0.31429    G:0.21905
Average         T:0.24762    C:0.22857    A:0.30159    G:0.22222

#22: Sitatunga      
position  1:    T:0.22857    C:0.20952    A:0.29524    G:0.26667
position  2:    T:0.30476    C:0.21905    A:0.29524    G:0.18095
position  3:    T:0.20952    C:0.26667    A:0.29524    G:0.22857
Average         T:0.24762    C:0.23175    A:0.29524    G:0.22540

#23: Oribi          
position  1:    T:0.22857    C:0.20952    A:0.29524    G:0.26667
position  2:    T:0.30476    C:0.21905    A:0.29524    G:0.18095
position  3:    T:0.21905    C:0.23810    A:0.30476    G:0.23810
Average         T:0.25079    C:0.22222    A:0.29841    G:0.22857

#24: BarbarySheep   
position  1:    T:0.22857    C:0.20952    A:0.29524    G:0.26667
position  2:    T:0.30476    C:0.21905    A:0.29524    G:0.18095
position  3:    T:0.20952    C:0.25714    A:0.31429    G:0.21905
Average         T:0.24762    C:0.22857    A:0.30159    G:0.22222

#25: Daviddeer      
position  1:    T:0.22857    C:0.20952    A:0.29524    G:0.26667
position  2:    T:0.30476    C:0.21905    A:0.29524    G:0.18095
position  3:    T:0.23810    C:0.21905    A:0.33333    G:0.20952
Average         T:0.25714    C:0.21587    A:0.30794    G:0.21905

#26: Reindeer       
position  1:    T:0.21905    C:0.21905    A:0.29524    G:0.26667
position  2:    T:0.30476    C:0.21905    A:0.29524    G:0.18095
position  3:    T:0.20952    C:0.25714    A:0.32381    G:0.20952
Average         T:0.24444    C:0.23175    A:0.30476    G:0.21905

#27: Ibex           
position  1:    T:0.22857    C:0.20952    A:0.29524    G:0.26667
position  2:    T:0.30476    C:0.21905    A:0.29524    G:0.18095
position  3:    T:0.21905    C:0.24762    A:0.32381    G:0.20952
Average         T:0.25079    C:0.22540    A:0.30476    G:0.21905

#28: GyrantGazelle  
position  1:    T:0.22857    C:0.20952    A:0.29524    G:0.26667
position  2:    T:0.30476    C:0.21905    A:0.29524    G:0.18095
position  3:    T:0.21905    C:0.23810    A:0.31429    G:0.22857
Average         T:0.25079    C:0.22222    A:0.30159    G:0.22540

#29: Hartebeest     
position  1:    T:0.23810    C:0.20000    A:0.29524    G:0.26667
position  2:    T:0.30476    C:0.21905    A:0.29524    G:0.18095
position  3:    T:0.22857    C:0.22857    A:0.31429    G:0.22857
Average         T:0.25714    C:0.21587    A:0.30159    G:0.22540

#30: Bongo          
position  1:    T:0.22857    C:0.20952    A:0.29524    G:0.26667
position  2:    T:0.30476    C:0.21905    A:0.29524    G:0.18095
position  3:    T:0.21905    C:0.26667    A:0.27619    G:0.23810
Average         T:0.25079    C:0.23175    A:0.28889    G:0.22857

#31: Gerenuk        
position  1:    T:0.22857    C:0.20952    A:0.29524    G:0.26667
position  2:    T:0.30476    C:0.21905    A:0.29524    G:0.18095
position  3:    T:0.21905    C:0.23810    A:0.32381    G:0.21905
Average         T:0.25079    C:0.22222    A:0.30476    G:0.22222

#32: CommonEland    
position  1:    T:0.22857    C:0.20952    A:0.29524    G:0.26667
position  2:    T:0.30476    C:0.21905    A:0.29524    G:0.18095
position  3:    T:0.20952    C:0.27619    A:0.27619    G:0.23810
Average         T:0.24762    C:0.23492    A:0.28889    G:0.22857

#33: MuntiacusReevesi
position  1:    T:0.22857    C:0.20952    A:0.29524    G:0.26667
position  2:    T:0.30476    C:0.21905    A:0.29524    G:0.18095
position  3:    T:0.23810    C:0.21905    A:0.31429    G:0.22857
Average         T:0.25714    C:0.21587    A:0.30159    G:0.22540

#34: HarveysDuiker  
position  1:    T:0.21905    C:0.21905    A:0.29524    G:0.26667
position  2:    T:0.30476    C:0.21905    A:0.29524    G:0.18095
position  3:    T:0.22857    C:0.22857    A:0.30476    G:0.23810
Average         T:0.25079    C:0.22222    A:0.29841    G:0.22857

#35: Pronghorn      
position  1:    T:0.22857    C:0.20952    A:0.29524    G:0.26667
position  2:    T:0.30476    C:0.21905    A:0.29524    G:0.18095
position  3:    T:0.24762    C:0.20952    A:0.31429    G:0.22857
Average         T:0.26032    C:0.21270    A:0.30159    G:0.22540

#36: BlueWildebeest 
position  1:    T:0.23810    C:0.20000    A:0.29524    G:0.26667
position  2:    T:0.30476    C:0.21905    A:0.29524    G:0.18095
position  3:    T:0.22857    C:0.22857    A:0.31429    G:0.22857
Average         T:0.25714    C:0.21587    A:0.30159    G:0.22540

#37: Gemsbok        
position  1:    T:0.22857    C:0.20952    A:0.29524    G:0.26667
position  2:    T:0.30476    C:0.21905    A:0.29524    G:0.18095
position  3:    T:0.21905    C:0.23810    A:0.32381    G:0.21905
Average         T:0.25079    C:0.22222    A:0.30476    G:0.22222

#38: Yak            
position  1:    T:0.22857    C:0.20952    A:0.29524    G:0.26667
position  2:    T:0.30476    C:0.21905    A:0.29524    G:0.18095
position  3:    T:0.21905    C:0.23810    A:0.29524    G:0.24762
Average         T:0.25079    C:0.22222    A:0.29524    G:0.23175

#39: BlueSheep      
position  1:    T:0.22857    C:0.20952    A:0.29524    G:0.26667
position  2:    T:0.30476    C:0.21905    A:0.29524    G:0.18095
position  3:    T:0.21905    C:0.24762    A:0.32381    G:0.20952
Average         T:0.25079    C:0.22540    A:0.30476    G:0.21905

#40: BohorReedbuck  
position  1:    T:0.22857    C:0.20952    A:0.29524    G:0.26667
position  2:    T:0.30476    C:0.21905    A:0.29524    G:0.18095
position  3:    T:0.21905    C:0.23810    A:0.30476    G:0.23810
Average         T:0.25079    C:0.22222    A:0.29841    G:0.22857

#41: KirksDik       
position  1:    T:0.22857    C:0.20952    A:0.29524    G:0.26667
position  2:    T:0.30476    C:0.21905    A:0.29524    G:0.18095
position  3:    T:0.22857    C:0.22857    A:0.31429    G:0.22857
Average         T:0.25397    C:0.21905    A:0.30159    G:0.22540

#42: RoeDeer        
position  1:    T:0.21905    C:0.21905    A:0.28571    G:0.27619
position  2:    T:0.30476    C:0.21905    A:0.29524    G:0.18095
position  3:    T:0.21905    C:0.23810    A:0.32381    G:0.21905
Average         T:0.24762    C:0.22540    A:0.30159    G:0.22540

#43: WhiteLippedDeer
position  1:    T:0.22857    C:0.20952    A:0.29524    G:0.26667
position  2:    T:0.30476    C:0.21905    A:0.29524    G:0.18095
position  3:    T:0.23810    C:0.21905    A:0.33333    G:0.20952
Average         T:0.25714    C:0.21587    A:0.30794    G:0.21905

#44: ThomsonGazelle 
position  1:    T:0.22857    C:0.20952    A:0.29524    G:0.26667
position  2:    T:0.30476    C:0.21905    A:0.29524    G:0.18095
position  3:    T:0.21905    C:0.23810    A:0.30476    G:0.23810
Average         T:0.25079    C:0.22222    A:0.29841    G:0.22857

#45: MuntiacusCrinifrons
position  1:    T:0.22857    C:0.20952    A:0.29524    G:0.26667
position  2:    T:0.30476    C:0.21905    A:0.29524    G:0.18095
position  3:    T:0.23810    C:0.21905    A:0.31429    G:0.22857
Average         T:0.25714    C:0.21587    A:0.30159    G:0.22540

#46: WhiteTailedDeer
position  1:    T:0.21905    C:0.21905    A:0.29524    G:0.26667
position  2:    T:0.30476    C:0.21905    A:0.29524    G:0.18095
position  3:    T:0.21905    C:0.24762    A:0.31429    G:0.21905
Average         T:0.24762    C:0.22857    A:0.30159    G:0.22222

#47: Cattle         
position  1:    T:0.22857    C:0.20952    A:0.29524    G:0.26667
position  2:    T:0.30476    C:0.21905    A:0.29524    G:0.18095
position  3:    T:0.21905    C:0.23810    A:0.29524    G:0.24762
Average         T:0.25079    C:0.22222    A:0.29524    G:0.23175

#48: RoyalAntelope  
position  1:    T:0.22857    C:0.20952    A:0.29524    G:0.26667
position  2:    T:0.30476    C:0.21905    A:0.29524    G:0.18095
position  3:    T:0.21905    C:0.23810    A:0.31429    G:0.22857
Average         T:0.25079    C:0.22222    A:0.30159    G:0.22540

#49: Steenbok       
position  1:    T:0.22857    C:0.20952    A:0.29524    G:0.26667
position  2:    T:0.30476    C:0.21905    A:0.29524    G:0.18095
position  3:    T:0.20952    C:0.25714    A:0.24762    G:0.28571
Average         T:0.24762    C:0.22857    A:0.27937    G:0.24444

#50: Impala         
position  1:    T:0.22857    C:0.20952    A:0.29524    G:0.26667
position  2:    T:0.30476    C:0.21905    A:0.29524    G:0.18095
position  3:    T:0.21905    C:0.23810    A:0.31429    G:0.22857
Average         T:0.25079    C:0.22222    A:0.30159    G:0.22540

#51: Klipspringer   
position  1:    T:0.22857    C:0.21905    A:0.28571    G:0.26667
position  2:    T:0.30476    C:0.21905    A:0.29524    G:0.18095
