CODONML (in paml version 4.10.7, June 2023)  /home/rachel/ruminants_paml/6406-phy-tree/ENSBTAT00000018947.fasta.phy
Model: free dN/dS Ratios for branches,  kappa = 2.000 fixed

Codon frequency model: F3x4
ns =  54  ls =  48

Codon usage in sequences
--------------------------------------------------------------------------------------------------------------------------------------
Phe TTT   0   1   1   1   1   1 | Ser TCT   0   0   0   0   0   0 | Tyr TAT   2   1   2   2   3   3 | Cys TGT   0   0   0   0   0   0
    TTC   5   4   4   4   3   4 |     TCC   0   0   0   0   1   0 |     TAC   2   3   2   2   2   1 |     TGC   1   1   1   1   1   1
Leu TTA   0   0   0   0   0   0 |     TCA   1   1   0   1   0   1 | *** TAA   0   0   0   0   0   0 | *** TGA   0   0   0   0   0   0
    TTG   1   1   1   1   1   1 |     TCG   0   0   1   0   0   0 |     TAG   0   0   0   0   0   0 | Trp TGG   0   0   0   0   0   0
--------------------------------------------------------------------------------------------------------------------------------------
Leu CTT   1   0   1   1   1   1 | Pro CCT   1   0   1   1   0   1 | His CAT   1   1   1   1   1   1 | Arg CGT   0   0   0   0   0   0
    CTC   2   3   2   2   1   1 |     CCC   1   1   1   1   0   0 |     CAC   0   0   0   1   0   0 |     CGC   0   0   0   0   0   0
    CTA   0   0   0   0   0   1 |     CCA   0   0   0   0   2   0 | Gln CAA   1   1   1   1   1   1 |     CGA   0   0   0   0   0   0
    CTG   1   1   1   1   2   1 |     CCG   0   1   0   0   0   1 |     CAG   0   0   0   0   0   0 |     CGG   0   0   0   0   0   0
--------------------------------------------------------------------------------------------------------------------------------------
Ile ATT   3   3   3   4   3   3 | Thr ACT   0   0   0   0   0   0 | Asn AAT   0   0   0   0   1   1 | Ser AGT   1   2   1   1   1   1
    ATC   2   2   2   1   2   2 |     ACC   0   0   0   0   0   0 |     AAC   2   2   2   1   1   1 |     AGC   1   0   1   1   1   1
    ATA   0   0   0   0   0   0 |     ACA   1   1   1   1   0   1 | Lys AAA   1   1   1   1   1   1 | Arg AGA   0   0   1   0   0   0
Met ATG   0   0   0   0   1   0 |     ACG   0   0   0   0   0   0 |     AAG   1   1   1   1   1   1 |     AGG   2   2   1   2   2   2
--------------------------------------------------------------------------------------------------------------------------------------
Val GTT   0   0   0   0   0   0 | Ala GCT   0   1   0   0   0   0 | Asp GAT   0   0   0   0   0   0 | Gly GGT   0   0   0   0   0   0
    GTC   0   0   0   0   0   0 |     GCC   2   1   2   2   1   1 |     GAC   1   1   1   1   1   1 |     GGC   0   1   1   0   1   1
    GTA   0   0   0   0   0   0 |     GCA   0   0   0   0   0   0 | Glu GAA   4   2   4   4   4   4 |     GGA   3   3   2   3   3   4
    GTG   1   1   1   1   1   1 |     GCG   0   0   0   0   1   1 |     GAG   0   2   0   0   0   0 |     GGG   3   2   3   3   2   1
--------------------------------------------------------------------------------------------------------------------------------------

--------------------------------------------------------------------------------------------------------------------------------------
Phe TTT   1   0   1   1   1   1 | Ser TCT   0   0   0   0   0   0 | Tyr TAT   2   2   2   2   2   2 | Cys TGT   0   0   0   0   0   0
    TTC   4   5   4   4   4   4 |     TCC   0   0   0   0   0   0 |     TAC   2   2   2   2   2   2 |     TGC   1   1   1   1   1   1
Leu TTA   0   0   0   0   0   0 |     TCA   1   1   1   1   0   1 | *** TAA   0   0   0   0   0   0 | *** TGA   0   0   0   0   0   0
    TTG   1   1   1   1   1   1 |     TCG   0   0   0   0   1   0 |     TAG   0   0   0   0   0   0 | Trp TGG   0   0   0   0   0   0
--------------------------------------------------------------------------------------------------------------------------------------
Leu CTT   1   1   1   1   1   1 | Pro CCT   1   1   1   2   1   1 | His CAT   1   1   1   1   1   1 | Arg CGT   0   0   0   0   0   0
    CTC   2   2   2   2   2   2 |     CCC   1   1   1   0   1   1 |     CAC   0   0   0   0   0   0 |     CGC   0   0   0   0   0   0
    CTA   0   0   0   0   0   0 |     CCA   0   0   0   0   0   0 | Gln CAA   1   1   1   1   1   0 |     CGA   0   0   0   0   0   0
    CTG   1   1   1   1   1   1 |     CCG   0   0   0   0   0   0 |     CAG   0   0   0   0   0   1 |     CGG   0   0   0   0   0   0
--------------------------------------------------------------------------------------------------------------------------------------
Ile ATT   3   3   4   3   3   3 | Thr ACT   0   0   0   0   0   0 | Asn AAT   0   0   0   0   0   0 | Ser AGT   1   1   1   1   1   1
    ATC   2   2   1   2   2   2 |     ACC   0   0   0   0   0   0 |     AAC   2   2   2   2   2   2 |     AGC   1   1   1   1   1   1
    ATA   0   0   0   0   0   0 |     ACA   1   1   1   1   1   1 | Lys AAA   2   1   1   1   1   1 | Arg AGA   0   0   0   0   1   0
Met ATG   0   0   0   0   0   0 |     ACG   0   0   0   0   0   0 |     AAG   0   1   1   1   1   1 |     AGG   2   2   2   2   1   2
--------------------------------------------------------------------------------------------------------------------------------------
Val GTT   0   0   0   0   0   0 | Ala GCT   0   0   0   0   0   0 | Asp GAT   0   0   0   1   0   0 | Gly GGT   0   0   0   0   0   0
    GTC   0   0   0   0   0   0 |     GCC   2   2   2   2   2   2 |     GAC   1   1   1   0   1   1 |     GGC   0   0   0   0   1   1
    GTA   0   0   0   0   0   0 |     GCA   0   0   0   0   0   0 | Glu GAA   4   4   4   4   4   4 |     GGA   3   3   3   3   2   2
    GTG   1   1   1   1   1   1 |     GCG   0   0   0   0   0   0 |     GAG   0   0   0   0   0   0 |     GGG   3   3   3   3   3   3
--------------------------------------------------------------------------------------------------------------------------------------

--------------------------------------------------------------------------------------------------------------------------------------
Phe TTT   0   1   1   1   1   1 | Ser TCT   0   0   0   0   0   0 | Tyr TAT   2   1   2   2   2   2 | Cys TGT   0   0   0   0   0   0
    TTC   5   4   4   4   4   4 |     TCC   0   0   0   0   0   0 |     TAC   2   3   2   2   2   2 |     TGC   1   1   1   1   1   1
Leu TTA   0   0   0   0   0   0 |     TCA   1   1   1   1   1   1 | *** TAA   0   0   0   0   0   0 | *** TGA   0   0   0   0   0   0
    TTG   1   1   1   1   1   1 |     TCG   0   0   0   0   0   0 |     TAG   0   0   0   0   0   0 | Trp TGG   0   0   0   0   0   0
--------------------------------------------------------------------------------------------------------------------------------------
Leu CTT   1   1   1   1   1   1 | Pro CCT   1   1   1   1   1   2 | His CAT   1   1   1   1   1   1 | Arg CGT   0   0   0   0   0   0
    CTC   2   2   2   2   2   2 |     CCC   1   1   1   1   1   0 |     CAC   0   0   0   0   0   0 |     CGC   0   0   0   0   0   0
    CTA   0   0   0   0   0   0 |     CCA   0   0   0   0   0   0 | Gln CAA   1   1   1   1   1   1 |     CGA   0   0   0   0   0   0
    CTG   1   1   1   1   1   1 |     CCG   0   0   0   0   0   0 |     CAG   0   0   0   0   0   0 |     CGG   0   0   0   0   0   0
--------------------------------------------------------------------------------------------------------------------------------------
Ile ATT   3   3   3   3   3   3 | Thr ACT   0   0   0   0   0   0 | Asn AAT   0   0   0   0   0   1 | Ser AGT   1   1   1   1   1   1
    ATC   2   2   2   2   2   2 |     ACC   0   0   0   0   0   0 |     AAC   2   2   2   2   2   1 |     AGC   1   1   1   1   1   1
    ATA   0   0   0   0   0   0 |     ACA   1   1   1   1   1   1 | Lys AAA   1   1   1   1   1   1 | Arg AGA   0   0   0   0   0   0
Met ATG   0   0   0   0   0   0 |     ACG   0   0   0   0   0   0 |     AAG   1   1   1   1   1   1 |     AGG   2   2   2   2   2   2
--------------------------------------------------------------------------------------------------------------------------------------
Val GTT   0   0   0   0   0   0 | Ala GCT   0   0   0   0   0   0 | Asp GAT   0   0   0   0   0   1 | Gly GGT   0   0   0   0   0   0
    GTC   0   0   0   0   0   0 |     GCC   2   2   2   2   2   2 |     GAC   1   1   1   1   1   0 |     GGC   0   0   0   0   0   0
    GTA   0   0   0   0   0   0 |     GCA   0   0   0   0   0   0 | Glu GAA   4   4   4   4   4   4 |     GGA   3   3   3   3   2   3
    GTG   1   1   1   1   1   1 |     GCG   0   0   0   0   0   0 |     GAG   0   0   0   0   0   0 |     GGG   3   3   3   3   4   3
--------------------------------------------------------------------------------------------------------------------------------------

--------------------------------------------------------------------------------------------------------------------------------------
Phe TTT   1   1   0   1   1   0 | Ser TCT   0   0   0   0   0   0 | Tyr TAT   2   2   2   2   2   2 | Cys TGT   0   0   0   0   0   0
    TTC   4   4   5   4   4   5 |     TCC   0   0   0   0   0   0 |     TAC   2   2   2   2   2   2 |     TGC   1   1   1   1   1   1
Leu TTA   0   0   0   0   0   0 |     TCA   1   1   1   0   1   1 | *** TAA   0   0   0   0   0   0 | *** TGA   0   0   0   0   0   0
    TTG   1   1   1   1   1   1 |     TCG   0   0   0   1   0   0 |     TAG   0   0   0   0   0   0 | Trp TGG   0   0   0   0   0   0
--------------------------------------------------------------------------------------------------------------------------------------
Leu CTT   1   1   1   1   1   1 | Pro CCT   1   1   1   1   2   1 | His CAT   1   1   1   1   1   1 | Arg CGT   0   0   0   0   0   0
    CTC   2   2   2   2   2   2 |     CCC   1   1   1   1   0   1 |     CAC   0   0   0   0   0   0 |     CGC   0   0   0   0   0   0
    CTA   0   0   0   0   0   0 |     CCA   0   0   0   0   0   0 | Gln CAA   1   1   1   1   1   1 |     CGA   0   0   0   0   0   0
    CTG   1   1   1   1   1   1 |     CCG   0   0   0   0   0   0 |     CAG   0   0   0   0   0   0 |     CGG   0   0   0   0   0   0
--------------------------------------------------------------------------------------------------------------------------------------
Ile ATT   3   3   3   3   3   3 | Thr ACT   0   0   0   0   0   0 | Asn AAT   0   0   0   0   0   0 | Ser AGT   1   1   1   1   1   1
    ATC   2   2   2   2   2   2 |     ACC   0   0   0   0   0   0 |     AAC   2   2   2   2   2   2 |     AGC   1   1   1   1   1   1
    ATA   0   0   0   0   0   0 |     ACA   1   1   1   1   1   1 | Lys AAA   1   1   1   1   1   1 | Arg AGA   0   0   0   1   0   0
Met ATG   0   0   0   0   0   0 |     ACG   0   0   0   0   0   0 |     AAG   1   1   1   1   1   1 |     AGG   2   2   2   1   2   2
--------------------------------------------------------------------------------------------------------------------------------------
Val GTT   0   0   0   0   0   0 | Ala GCT   0   0   0   0   0   0 | Asp GAT   0   0   0   0   1   0 | Gly GGT   0   0   0   0   0   0
    GTC   0   0   0   0   0   0 |     GCC   2   2   2   2   2   2 |     GAC   1   1   1   1   0   1 |     GGC   1   1   0   1   0   0
    GTA   0   0   0   0   0   0 |     GCA   0   0   0   0   0   0 | Glu GAA   4   4   4   4   4   4 |     GGA   3   3   4   2   3   3
    GTG   1   1   1   1   1   1 |     GCG   0   0   0   0   0   0 |     GAG   0   0   0   0   0   0 |     GGG   2   2   2   3   3   3
--------------------------------------------------------------------------------------------------------------------------------------

--------------------------------------------------------------------------------------------------------------------------------------
Phe TTT   1   1   0   1   0   1 | Ser TCT   0   0   0   0   0   0 | Tyr TAT   2   2   2   2   2   2 | Cys TGT   0   0   0   0   0   0
    TTC   4   4   5   4   5   4 |     TCC   0   0   0   0   0   0 |     TAC   2   2   2   2   2   2 |     TGC   1   1   1   1   1   1
Leu TTA   0   0   0   0   0   0 |     TCA   1   1   1   1   1   0 | *** TAA   0   0   0   0   0   0 | *** TGA   0   0   0   0   0   0
    TTG   1   1   1   1   1   1 |     TCG   0   0   0   0   0   1 |     TAG   0   0   0   0   0   0 | Trp TGG   0   0   0   0   0   0
--------------------------------------------------------------------------------------------------------------------------------------
Leu CTT   1   1   1   1   1   1 | Pro CCT   1   1   1   2   1   1 | His CAT   1   1   1   1   1   1 | Arg CGT   0   0   0   0   0   0
    CTC   2   2   2   2   2   2 |     CCC   1   1   1   0   1   1 |     CAC   0   0   0   0   0   0 |     CGC   0   0   0   0   0   0
    CTA   0   0   0   0   0   0 |     CCA   0   0   0   0   0   0 | Gln CAA   1   1   1   1   1   1 |     CGA   0   0   0   0   0   0
    CTG   1   1   1   1   1   1 |     CCG   0   0   0   0   0   0 |     CAG   0   0   0   0   0   0 |     CGG   0   0   0   0   0   0
--------------------------------------------------------------------------------------------------------------------------------------
Ile ATT   3   3   3   3   3   3 | Thr ACT   0   0   0   0   0   0 | Asn AAT   0   0   0   0   0   0 | Ser AGT   1   1   1   1   1   1
    ATC   2   2   2   2   2   2 |     ACC   0   0   0   0   0   0 |     AAC   2   2   2   2   2   2 |     AGC   1   1   1   1   1   1
    ATA   0   0   0   0   0   0 |     ACA   1   1   1   1   1   1 | Lys AAA   1   1   1   1   1   1 | Arg AGA   0   0   0   0   0   1
Met ATG   0   0   0   0   0   0 |     ACG   0   0   0   0   0   0 |     AAG   1   1   1   1   1   1 |     AGG   2   2   2   2   2   1
--------------------------------------------------------------------------------------------------------------------------------------
Val GTT   0   0   0   0   0   0 | Ala GCT   0   0   0   0   0   0 | Asp GAT   0   0   0   1   0   0 | Gly GGT   0   0   0   0   0   0
    GTC   0   0   0   0   0   0 |     GCC   2   2   2   2   2   2 |     GAC   1   1   1   0   1   1 |     GGC   1   2   0   0   0   1
    GTA   0   0   0   0   0   0 |     GCA   0   0   0   0   0   0 | Glu GAA   4   4   4   4   4   4 |     GGA   2   2   3   3   3   2
    GTG   1   1   1   1   1   1 |     GCG   0   0   0   0   0   0 |     GAG   0   0   0   0   0   0 |     GGG   3   2   3   3   3   3
--------------------------------------------------------------------------------------------------------------------------------------

--------------------------------------------------------------------------------------------------------------------------------------
Phe TTT   1   1   1   1   1   0 | Ser TCT   0   0   0   0   0   0 | Tyr TAT   2   2   3   2   2   2 | Cys TGT   0   0   0   0   0   0
    TTC   4   4   4   4   4   5 |     TCC   0   0   0   0   0   0 |     TAC   2   2   1   2   2   2 |     TGC   1   1   1   1   1   1
Leu TTA   0   0   0   0   0   0 |     TCA   1   0   1   1   1   0 | *** TAA   0   0   0   0   0   0 | *** TGA   0   0   0   0   0   0
    TTG   1   1   1   1   1   1 |     TCG   0   1   0   0   0   1 |     TAG   0   0   0   0   0   0 | Trp TGG   0   0   0   0   0   0
--------------------------------------------------------------------------------------------------------------------------------------
Leu CTT   1   1   1   1   1   1 | Pro CCT   2   1   1   1   1   1 | His CAT   1   1   1   1   1   1 | Arg CGT   0   0   0   0   0   0
    CTC   2   2   2   2   2   2 |     CCC   0   1   1   1   1   1 |     CAC   0   0   0   0   0   0 |     CGC   0   0   0   0   0   0
    CTA   0   0   0   0   0   0 |     CCA   0   0   0   0   0   0 | Gln CAA   1   1   0   1   1   1 |     CGA   0   0   0   0   0   0
    CTG   1   1   1   1   1   1 |     CCG   0   0   0   0   0   0 |     CAG   0   0   1   0   0   0 |     CGG   1   0   0   0   0   0
--------------------------------------------------------------------------------------------------------------------------------------
Ile ATT   3   3   3   4   3   3 | Thr ACT   0   0   0   0   0   0 | Asn AAT   1   0   0   0   0   0 | Ser AGT   1   1   1   1   1   1
    ATC   2   2   2   1   2   2 |     ACC   0   0   0   0   0   0 |     AAC   1   2   2   2   2   2 |     AGC   1   1   1   1   1   1
    ATA   0   0   0   0   0   0 |     ACA   1   1   1   1   1   1 | Lys AAA   1   1   1   1   1   1 | Arg AGA   0   1   0   0   0   0
Met ATG   0   0   0   0   0   0 |     ACG   0   0   0   0   0   0 |     AAG   1   1   1   1   1   1 |     AGG   1   1   2   2   2   2
--------------------------------------------------------------------------------------------------------------------------------------
Val GTT   0   0   0   0   0   0 | Ala GCT   0   0   0   0   0   0 | Asp GAT   1   0   0   0   0   0 | Gly GGT   0   0   0   0   0   0
    GTC   0   0   0   0   0   0 |     GCC   2   2   2   2   2   2 |     GAC   0   1   1   1   1   1 |     GGC   0   1   1   0   1   0
    GTA   0   0   0   0   0   0 |     GCA   0   0   0   0   0   0 | Glu GAA   4   4   4   4   4   4 |     GGA   4   2   2   3   2   3
    GTG   1   1   1   1   1   1 |     GCG   0   0   0   0   0   0 |     GAG   0   0   0   0   0   0 |     GGG   2   3   3   3   3   3
--------------------------------------------------------------------------------------------------------------------------------------

--------------------------------------------------------------------------------------------------------------------------------------
Phe TTT   1   1   0   1   1   1 | Ser TCT   0   0   0   0   0   0 | Tyr TAT   2   1   2   2   3   2 | Cys TGT   0   0   0   0   0   0
    TTC   4   4   5   4   4   4 |     TCC   0   0   0   0   0   0 |     TAC   2   3   2   2   1   2 |     TGC   1   1   1   1   1   1
Leu TTA   0   0   0   0   0   0 |     TCA   1   1   1   1   1   1 | *** TAA   0   0   0   0   0   0 | *** TGA   0   0   0   0   0   0
    TTG   1   1   1   1   1   1 |     TCG   0   0   0   0   0   0 |     TAG   0   0   0   0   0   0 | Trp TGG   0   0   0   0   0   0
--------------------------------------------------------------------------------------------------------------------------------------
Leu CTT   1   1   1   1   1   0 | Pro CCT   1   1   1   1   1   1 | His CAT   1   1   1   1   1   1 | Arg CGT   0   0   0   0   0   0
    CTC   2   2   2   2   2   2 |     CCC   1   1   1   1   1   1 |     CAC   0   0   0   0   0   0 |     CGC   0   0   0   0   0   0
    CTA   0   0   0   0   0   1 |     CCA   0   0   0   0   0   0 | Gln CAA   1   1   1   1   1   1 |     CGA   0   0   0   0   0   0
    CTG   1   1   1   1   1   1 |     CCG   0   0   0   0   0   0 |     CAG   0   0   0   0   0   0 |     CGG   0   0   0   0   0   0
--------------------------------------------------------------------------------------------------------------------------------------
Ile ATT   3   3   3   4   3   3 | Thr ACT   0   0   0   0   0   0 | Asn AAT   0   0   0   0   0   0 | Ser AGT   1   1   1   1   1   1
    ATC   2   2   2   1   2   2 |     ACC   0   0   0   0   0   0 |     AAC   2   2   2   2   2   2 |     AGC   1   1   1   1   1   1
    ATA   0   0   0   0   0   0 |     ACA   1   1   1   1   1   1 | Lys AAA   1   1   1   2   1   1 | Arg AGA   0   0   0   0   0   0
Met ATG   0   0   0   0   0   0 |     ACG   0   0   0   0   0   0 |     AAG   1   1   1   0   1   1 |     AGG   2   2   2   2   2   2
--------------------------------------------------------------------------------------------------------------------------------------
Val GTT   0   0   0   0   0   0 | Ala GCT   0   0   0   0   0   0 | Asp GAT   0   0   0   0   0   0 | Gly GGT   0   0   0   0   0   0
    GTC   0   0   0   0   0   0 |     GCC   2   2   2   2   2   2 |     GAC   1   1   1   1   1   1 |     GGC   0   1   0   0   0   1
    GTA   0   0   0   0   0   0 |     GCA   0   0   0   0   0   0 | Glu GAA   4   4   4   4   4   4 |     GGA   3   2   3   3   3   2
    GTG   1   1   1   1   1   1 |     GCG   0   0   0   0   0   0 |     GAG   0   0   0   0   0   0 |     GGG   3   3   3   3   3   3
--------------------------------------------------------------------------------------------------------------------------------------

--------------------------------------------------------------------------------------------------------------------------------------
Phe TTT   1   1   1   1   1   1 | Ser TCT   0   0   0   0   0   0 | Tyr TAT   2   3   2   2   1   2 | Cys TGT   1   0   0   0   0   0
    TTC   4   4   4   4   4   4 |     TCC   0   0   0   0   0   0 |     TAC   2   1   2   2   3   2 |     TGC   0   1   1   1   1   1
Leu TTA   0   0   0   0   0   0 |     TCA   1   1   1   1   1   1 | *** TAA   0   0   0   0   0   0 | *** TGA   0   0   0   0   0   0
    TTG   1   1   1   1   1   1 |     TCG   0   0   0   0   0   0 |     TAG   0   0   0   0   0   0 | Trp TGG   0   0   0   0   0   0
--------------------------------------------------------------------------------------------------------------------------------------
Leu CTT   1   1   1   1   1   1 | Pro CCT   1   2   1   1   1   1 | His CAT   1   1   1   1   1   1 | Arg CGT   0   0   0   0   0   0
    CTC   2   2   2   2   2   2 |     CCC   1   0   1   1   1   1 |     CAC   0   0   0   0   0   0 |     CGC   0   0   0   0   0   0
    CTA   0   0   0   0   0   0 |     CCA   0   0   0   0   0   0 | Gln CAA   1   1   0   1   1   1 |     CGA   0   0   0   0   0   0
    CTG   1   1   1   1   1   1 |     CCG   0   0   0   0   0   0 |     CAG   0   0   1   0   0   0 |     CGG   0   0   0   0   0   0
--------------------------------------------------------------------------------------------------------------------------------------
Ile ATT   3   3   3   3   3   3 | Thr ACT   0   0   0   0   0   0 | Asn AAT   0   0   0   0   0   0 | Ser AGT   1   1   1   1   1   1
    ATC   2   2   2   2   2   2 |     ACC   0   0   0   0   0   0 |     AAC   2   2   2   2   2   2 |     AGC   1   1   1   1   1   1
    ATA   0   0   0   0   0   0 |     ACA   1   1   1   1   1   1 | Lys AAA   1   1   1   1   1   1 | Arg AGA   0   0   0   0   0   0
Met ATG   0   0   0   0   0   0 |     ACG   0   0   0   0   0   0 |     AAG   1   1   1   1   1   1 |     AGG   2   2   2   2   2   2
--------------------------------------------------------------------------------------------------------------------------------------
Val GTT   0   0   0   0   0   0 | Ala GCT   0   0   0   0   0   1 | Asp GAT   0   1   0   0   0   0 | Gly GGT   0   0   0   0   0   0
    GTC   0   0   0   0   0   0 |     GCC   2   2   2   2   2   1 |     GAC   1   0   1   1   1   1 |     GGC   1   0   1   2   1   0
    GTA   0   0   0   0   0   0 |     GCA   0   0   0   0   0   0 | Glu GAA   4   4   4   4   4   4 |     GGA   2   3   2   2   2   4
    GTG   1   1   1   1   1   1 |     GCG   0   0   0   0   0   0 |     GAG   0   0   0   0   0   0 |     GGG   3   3   3   2   3   2
--------------------------------------------------------------------------------------------------------------------------------------

--------------------------------------------------------------------------------------------------------------------------------------
Phe TTT   2   1   1   1   1   1 | Ser TCT   0   0   0   0   0   0 | Tyr TAT   2   2   2   2   2   2 | Cys TGT   0   0   0   0   0   0
    TTC   3   4   4   4   4   4 |     TCC   0   0   0   0   0   0 |     TAC   2   2   2   2   2   2 |     TGC   1   1   1   1   1   1
Leu TTA   0   0   0   0   0   0 |     TCA   1   1   1   1   0   0 | *** TAA   0   0   0   0   0   0 | *** TGA   0   0   0   0   0   0
    TTG   1   1   1   1   1   1 |     TCG   0   0   0   0   1   1 |     TAG   0   0   0   0   0   0 | Trp TGG   0   0   0   0   0   0
--------------------------------------------------------------------------------------------------------------------------------------
Leu CTT   1   1   1   1   1   2 | Pro CCT   1   1   1   1   1   1 | His CAT   1   1   0   1   1   1 | Arg CGT   0   0   0   0   0   0
    CTC   2   2   2   2   2   1 |     CCC   1   1   1   1   1   1 |     CAC   0   0   1   0   0   0 |     CGC   0   0   0   0   0   0
    CTA   0   0   0   0   0   0 |     CCA   0   0   0   0   0   0 | Gln CAA   1   1   1   1   1   1 |     CGA   0   0   0   0   0   0
    CTG   1   1   1   1   1   1 |     CCG   0   0   0   0   0   0 |     CAG   0   0   0   0   0   0 |     CGG   0   0   0   0   0   0
--------------------------------------------------------------------------------------------------------------------------------------
Ile ATT   3   2   2   3   3   3 | Thr ACT   0   0   0   0   0   0 | Asn AAT   0   0   0   0   0   0 | Ser AGT   1   1   1   1   1   1
    ATC   2   3   2   2   2   2 |     ACC   0   0   0   0   0   0 |     AAC   2   2   2   2   2   2 |     AGC   1   1   1   1   1   1
    ATA   0   0   0   0   0   0 |     ACA   1   1   1   1   1   1 | Lys AAA   1   1   1   1   1   1 | Arg AGA   0   0   0   0   1   0
Met ATG   0   0   0   0   0   0 |     ACG   0   0   0   0   0   0 |     AAG   1   1   1   1   1   1 |     AGG   2   2   2   2   1   2
--------------------------------------------------------------------------------------------------------------------------------------
Val GTT   0   0   1   0   0   0 | Ala GCT   0   0   0   1   0   0 | Asp GAT   0   1   0   0   0   0 | Gly GGT   0   0   0   0   0   0
    GTC   0   0   0   0   0   0 |     GCC   2   2   2   1   2   2 |     GAC   1   0   1   1   1   1 |     GGC   0   1   0   1   1   1
    GTA   0   0   0   0   0   0 |     GCA   0   0   0   0   0   0 | Glu GAA   4   4   4   4   4   4 |     GGA   3   2   2   2   2   2
    GTG   1   1   1   1   1   1 |     GCG   0   0   0   0   0   0 |     GAG   0   0   0   0   0   0 |     GGG   3   3   4   3   3   3
--------------------------------------------------------------------------------------------------------------------------------------

Codon position x base (3x4) table for each sequence.

#1: Argali         
position  1:    T:0.25000    C:0.16667    A:0.29167    G:0.29167
position  2:    T:0.33333    C:0.12500    A:0.31250    G:0.22917
position  3:    T:0.18750    C:0.39583    A:0.22917    G:0.18750
Average         T:0.25694    C:0.22917    A:0.27778    G:0.23611

#2: LesserMouseDeer
position  1:    T:0.25000    C:0.16667    A:0.29167    G:0.29167
position  2:    T:0.33333    C:0.12500    A:0.31250    G:0.22917
position  3:    T:0.18750    C:0.39583    A:0.18750    G:0.22917
Average         T:0.25694    C:0.22917    A:0.26389    G:0.25000

#3: LesserKudu     
position  1:    T:0.25000    C:0.16667    A:0.29167    G:0.29167
position  2:    T:0.33333    C:0.12500    A:0.31250    G:0.22917
position  3:    T:0.20833    C:0.39583    A:0.20833    G:0.18750
Average         T:0.26389    C:0.22917    A:0.27083    G:0.23611

#4: ForestMuskDeer2
position  1:    T:0.25000    C:0.18750    A:0.27083    G:0.29167
position  2:    T:0.33333    C:0.12500    A:0.31250    G:0.22917
position  3:    T:0.22917    C:0.35417    A:0.22917    G:0.18750
Average         T:0.27083    C:0.22222    A:0.27083    G:0.23611

#5: Camel          
position  1:    T:0.25000    C:0.16667    A:0.29167    G:0.29167
position  2:    T:0.33333    C:0.10417    A:0.33333    G:0.22917
position  3:    T:0.22917    C:0.31250    A:0.22917    G:0.22917
Average         T:0.27083    C:0.19444    A:0.28472    G:0.25000

#6: KillerWhale    
position  1:    T:0.25000    C:0.16667    A:0.29167    G:0.29167
position  2:    T:0.33333    C:0.12500    A:0.31250    G:0.22917
position  3:    T:0.25000    C:0.29167    A:0.27083    G:0.18750
Average         T:0.27778    C:0.19444    A:0.29167    G:0.23611

#7: DefassaWaterbuck
position  1:    T:0.25000    C:0.16667    A:0.29167    G:0.29167
position  2:    T:0.33333    C:0.12500    A:0.31250    G:0.22917
position  3:    T:0.20833    C:0.37500    A:0.25000    G:0.16667
Average         T:0.26389    C:0.22222    A:0.28472    G:0.22917

#8: Sheep          
position  1:    T:0.25000    C:0.16667    A:0.29167    G:0.29167
position  2:    T:0.33333    C:0.12500    A:0.31250    G:0.22917
position  3:    T:0.18750    C:0.39583    A:0.22917    G:0.18750
Average         T:0.25694    C:0.22917    A:0.27778    G:0.23611

#9: MaxwellsDuiker 
position  1:    T:0.25000    C:0.16667    A:0.29167    G:0.29167
position  2:    T:0.33333    C:0.12500    A:0.31250    G:0.22917
position  3:    T:0.22917    C:0.35417    A:0.22917    G:0.18750
Average         T:0.27083    C:0.21528    A:0.27778    G:0.23611

#10: GazellaPrzewalskyi
position  1:    T:0.25000    C:0.16667    A:0.29167    G:0.29167
position  2:    T:0.33333    C:0.12500    A:0.31250    G:0.22917
position  3:    T:0.25000    C:0.33333    A:0.22917    G:0.18750
Average         T:0.27778    C:0.20833    A:0.27778    G:0.23611

#11: MountainNyala  
position  1:    T:0.25000    C:0.16667    A:0.29167    G:0.29167
position  2:    T:0.33333    C:0.12500    A:0.31250    G:0.22917
position  3:    T:0.20833    C:0.39583    A:0.20833    G:0.18750
Average         T:0.26389    C:0.22917    A:0.27083    G:0.23611

#12: MuntiacusMuntjak
position  1:    T:0.25000    C:0.16667    A:0.29167    G:0.29167
position  2:    T:0.33333    C:0.12500    A:0.31250    G:0.22917
position  3:    T:0.20833    C:0.39583    A:0.18750    G:0.20833
Average         T:0.26389    C:0.22917    A:0.26389    G:0.24306

#13: goat           
position  1:    T:0.25000    C:0.16667    A:0.29167    G:0.29167
position  2:    T:0.33333    C:0.12500    A:0.31250    G:0.22917
position  3:    T:0.18750    C:0.39583    A:0.22917    G:0.18750
Average         T:0.25694    C:0.22917    A:0.27778    G:0.23611

#14: AfricanBuffalo 
position  1:    T:0.25000    C:0.16667    A:0.29167    G:0.29167
position  2:    T:0.33333    C:0.12500    A:0.31250    G:0.22917
position  3:    T:0.18750    C:0.39583    A:0.22917    G:0.18750
Average         T:0.25694    C:0.22917    A:0.27778    G:0.23611

#15: Topi           
position  1:    T:0.25000    C:0.16667    A:0.29167    G:0.29167
position  2:    T:0.33333    C:0.12500    A:0.31250    G:0.22917
position  3:    T:0.20833    C:0.37500    A:0.22917    G:0.18750
Average         T:0.26389    C:0.22222    A:0.27778    G:0.23611

#16: CommonDuiker   
position  1:    T:0.25000    C:0.16667    A:0.29167    G:0.29167
position  2:    T:0.33333    C:0.12500    A:0.31250    G:0.22917
position  3:    T:0.20833    C:0.37500    A:0.22917    G:0.18750
Average         T:0.26389    C:0.22222    A:0.27778    G:0.23611

#17: Suni           
position  1:    T:0.25000    C:0.16667    A:0.29167    G:0.29167
position  2:    T:0.33333    C:0.12500    A:0.31250    G:0.22917
position  3:    T:0.20833    C:0.37500    A:0.20833    G:0.20833
Average         T:0.26389    C:0.22222    A:0.27083    G:0.24306

#18: Springbuck     
position  1:    T:0.25000    C:0.16667    A:0.29167    G:0.29167
position  2:    T:0.33333    C:0.12500    A:0.31250    G:0.22917
position  3:    T:0.27083    C:0.31250    A:0.22917    G:0.18750
Average         T:0.28472    C:0.20139    A:0.27778    G:0.23611

#19: Okapi          
position  1:    T:0.25000    C:0.16667    A:0.29167    G:0.29167
position  2:    T:0.33333    C:0.12500    A:0.31250    G:0.22917
position  3:    T:0.20833    C:0.39583    A:0.22917    G:0.16667
Average         T:0.26389    C:0.22917    A:0.27778    G:0.22917

#20: Giraffe        
position  1:    T:0.25000    C:0.16667    A:0.29167    G:0.29167
position  2:    T:0.33333    C:0.12500    A:0.31250    G:0.22917
position  3:    T:0.20833    C:0.39583    A:0.22917    G:0.16667
Average         T:0.26389    C:0.22917    A:0.27778    G:0.22917

#21: TibetanAntelope
position  1:    T:0.25000    C:0.16667    A:0.29167    G:0.29167
position  2:    T:0.33333    C:0.12500    A:0.31250    G:0.22917
position  3:    T:0.18750    C:0.39583    A:0.25000    G:0.16667
Average         T:0.25694    C:0.22917    A:0.28472    G:0.22917

#22: Sitatunga      
position  1:    T:0.25000    C:0.16667    A:0.29167    G:0.29167
position  2:    T:0.33333    C:0.12500    A:0.31250    G:0.22917
position  3:    T:0.20833    C:0.39583    A:0.20833    G:0.18750
Average         T:0.26389    C:0.22917    A:0.27083    G:0.23611

#23: Oribi          
position  1:    T:0.25000    C:0.16667    A:0.29167    G:0.29167
position  2:    T:0.33333    C:0.12500    A:0.31250    G:0.22917
position  3:    T:0.25000    C:0.33333    A:0.22917    G:0.18750
Average         T:0.27778    C:0.20833    A:0.27778    G:0.23611

#24: BarbarySheep   
position  1:    T:0.25000    C:0.16667    A:0.29167    G:0.29167
position  2:    T:0.33333    C:0.12500    A:0.31250    G:0.22917
position  3:    T:0.18750    C:0.39583    A:0.22917    G:0.18750
Average         T:0.25694    C:0.22917    A:0.27778    G:0.23611

#25: Daviddeer      
position  1:    T:0.25000    C:0.16667    A:0.29167    G:0.29167
position  2:    T:0.33333    C:0.12500    A:0.31250    G:0.22917
position  3:    T:0.20833    C:0.39583    A:0.20833    G:0.18750
Average         T:0.26389    C:0.22917    A:0.27083    G:0.23611

#26: Reindeer       
position  1:    T:0.25000    C:0.16667    A:0.29167    G:0.29167
position  2:    T:0.33333    C:0.12500    A:0.31250    G:0.22917
position  3:    T:0.20833    C:0.41667    A:0.20833    G:0.16667
Average         T:0.26389    C:0.23611    A:0.27083    G:0.22917

#27: Ibex           
position  1:    T:0.25000    C:0.16667    A:0.29167    G:0.29167
position  2:    T:0.33333    C:0.12500    A:0.31250    G:0.22917
position  3:    T:0.18750    C:0.39583    A:0.22917    G:0.18750
Average         T:0.25694    C:0.22917    A:0.27778    G:0.23611

#28: GyrantGazelle  
position  1:    T:0.25000    C:0.16667    A:0.29167    G:0.29167
position  2:    T:0.33333    C:0.12500    A:0.31250    G:0.22917
position  3:    T:0.25000    C:0.33333    A:0.22917    G:0.18750
Average         T:0.27778    C:0.20833    A:0.27778    G:0.23611

#29: Hartebeest     
position  1:    T:0.25000    C:0.16667    A:0.29167    G:0.29167
position  2:    T:0.33333    C:0.12500    A:0.31250    G:0.22917
position  3:    T:0.18750    C:0.39583    A:0.22917    G:0.18750
Average         T:0.25694    C:0.22917    A:0.27778    G:0.23611

#30: Bongo          
position  1:    T:0.25000    C:0.16667    A:0.29167    G:0.29167
position  2:    T:0.33333    C:0.12500    A:0.31250    G:0.22917
position  3:    T:0.20833    C:0.39583    A:0.20833    G:0.18750
Average         T:0.26389    C:0.22917    A:0.27083    G:0.23611

#31: Gerenuk        
position  1:    T:0.25000    C:0.18750    A:0.27083    G:0.29167
position  2:    T:0.33333    C:0.12500    A:0.31250    G:0.22917
position  3:    T:0.27083    C:0.31250    A:0.25000    G:0.16667
Average         T:0.28472    C:0.20833    A:0.27778    G:0.22917

#32: CommonEland    
position  1:    T:0.25000    C:0.16667    A:0.29167    G:0.29167
position  2:    T:0.33333    C:0.12500    A:0.31250    G:0.22917
position  3:    T:0.20833    C:0.39583    A:0.20833    G:0.18750
Average         T:0.26389    C:0.22917    A:0.27083    G:0.23611

#33: MuntiacusReevesi
position  1:    T:0.25000    C:0.16667    A:0.29167    G:0.29167
position  2:    T:0.33333    C:0.12500    A:0.31250    G:0.22917
position  3:    T:0.22917    C:0.37500    A:0.18750    G:0.20833
Average         T:0.27083    C:0.22222    A:0.26389    G:0.24306

#34: HarveysDuiker  
position  1:    T:0.25000    C:0.16667    A:0.29167    G:0.29167
position  2:    T:0.33333    C:0.12500    A:0.31250    G:0.22917
position  3:    T:0.22917    C:0.35417    A:0.22917    G:0.18750
Average         T:0.27083    C:0.21528    A:0.27778    G:0.23611

#35: Pronghorn      
position  1:    T:0.25000    C:0.16667    A:0.29167    G:0.29167
position  2:    T:0.33333    C:0.12500    A:0.31250    G:0.22917
position  3:    T:0.20833    C:0.39583    A:0.20833    G:0.18750
Average         T:0.26389    C:0.22917    A:0.27083    G:0.23611

#36: BlueWildebeest 
position  1:    T:0.25000    C:0.16667    A:0.29167    G:0.29167
position  2:    T:0.33333    C:0.12500    A:0.31250    G:0.22917
position  3:    T:0.18750    C:0.39583    A:0.20833    G:0.20833
Average         T:0.25694    C:0.22917    A:0.27083    G:0.24306

#37: Gemsbok        
position  1:    T:0.25000    C:0.16667    A:0.29167    G:0.29167
position  2:    T:0.33333    C:0.12500    A:0.31250    G:0.22917
position  3:    T:0.20833    C:0.37500    A:0.22917    G:0.18750
Average         T:0.26389    C:0.22222    A:0.27778    G:0.23611

#38: Yak            
position  1:    T:0.25000    C:0.16667    A:0.29167    G:0.29167
position  2:    T:0.33333    C:0.12500    A:0.31250    G:0.22917
position  3:    T:0.18750    C:0.41667    A:0.20833    G:0.18750
Average         T:0.25694    C:0.23611    A:0.27083    G:0.23611

#39: BlueSheep      
position  1:    T:0.25000    C:0.16667    A:0.29167    G:0.29167
position  2:    T:0.33333    C:0.12500    A:0.31250    G:0.22917
position  3:    T:0.18750    C:0.39583    A:0.22917    G:0.18750
Average         T:0.25694    C:0.22917    A:0.27778    G:0.23611

#40: BohorReedbuck  
position  1:    T:0.25000    C:0.16667    A:0.29167    G:0.29167
position  2:    T:0.33333    C:0.12500    A:0.31250    G:0.22917
position  3:    T:0.22917    C:0.35417    A:0.25000    G:0.16667
Average         T:0.27083    C:0.21528    A:0.28472    G:0.22917

#41: KirksDik       
position  1:    T:0.25000    C:0.16667    A:0.29167    G:0.29167
position  2:    T:0.33333    C:0.12500    A:0.31250    G:0.22917
position  3:    T:0.22917    C:0.35417    A:0.22917    G:0.18750
Average         T:0.27083    C:0.21528    A:0.27778    G:0.23611

#42: RoeDeer        
position  1:    T:0.25000    C:0.16667    A:0.29167    G:0.29167
position  2:    T:0.33333    C:0.12500    A:0.31250    G:0.22917
position  3:    T:0.18750    C:0.39583    A:0.22917    G:0.18750
Average         T:0.25694    C:0.22917    A:0.27778    G:0.23611

#43: WhiteLippedDeer
position  1:    T:0.25000    C:0.16667    A:0.29167    G:0.29167
position  2:    T:0.33333    C:0.12500    A:0.31250    G:0.22917
position  3:    T:0.22917    C:0.37500    A:0.20833    G:0.18750
Average         T:0.27083    C:0.22222    A:0.27083    G:0.23611

#44: ThomsonGazelle 
position  1:    T:0.25000    C:0.16667    A:0.29167    G:0.29167
position  2:    T:0.33333    C:0.12500    A:0.31250    G:0.22917
position  3:    T:0.27083    C:0.31250    A:0.22917    G:0.18750
Average         T:0.28472    C:0.20139    A:0.27778    G:0.23611

#45: MuntiacusCrinifrons
position  1:    T:0.25000    C:0.16667    A:0.29167    G:0.29167
position  2:    T:0.33333    C:0.12500    A:0.31250    G:0.22917
position  3:    T:0.20833    C:0.39583    A:0.18750    G:0.20833
Average         T:0.26389    C:0.22917    A:0.26389    G:0.24306

#46: WhiteTailedDeer
position  1:    T:0.25000    C:0.16667    A:0.29167    G:0.29167
position  2:    T:0.33333    C:0.12500    A:0.31250    G:0.22917
position  3:    T:0.20833    C:0.41667    A:0.20833    G:0.16667
Average         T:0.26389    C:0.23611    A:0.27083    G:0.22917

#47: Cattle         
position  1:    T:0.25000    C:0.16667    A:0.29167    G:0.29167
position  2:    T:0.33333    C:0.12500    A:0.31250    G:0.22917
position  3:    T:0.18750    C:0.41667    A:0.20833    G:0.18750
Average         T:0.25694    C:0.23611    A:0.27083    G:0.23611

#48: RoyalAntelope  
position  1:    T:0.25000    C:0.16667    A:0.29167    G:0.29167
position  2:    T:0.33333    C:0.12500    A:0.31250    G:0.22917
position  3:    T:0.22917    C:0.35417    A:0.25000    G:0.16667
Average         T:0.27083    C:0.21528    A:0.28472    G:0.22917

#49: Steenbok       
position  1:    T:0.25000    C:0.16667    A:0.29167    G:0.29167
position  2:    T:0.33333    C:0.12500    A:0.31250    G:0.22917
position  3:    T:0.22917    C:0.35417    A:0.22917    G:0.18750
Average         T:0.27083    C:0.21528    A:0.27778    G:0.23611

#50: Impala         
position  1:    T:0.25000    C:0.16667    A:0.29167    G:0.29167
position  2:    T:0.33333    C:0.12500    A:0.31250    G:0.22917
position  3:    T:0.20833    C:0.39583    A:0.20833    G:0.18750
Average         T:0.26389    C:0.22917    A:0.27083    G:0.23611

#51: Klipspringer   
position  1:    T:0.25000    C:0.16667    A:0.27083    G:0.31250
position  2:    T:0.33333    C:0.12500    A:0.31250    G:0.22917
