1
52 1
Argali 0.000000 0.323000 0.096500 0.275200 0.034500 0.011200 0.045800 0.056200 0.121800 0.106100 0.000000 0.118800 0.033900 0.044900 0.119800 0.069200 0.107100 0.058600 0.011000 0.097100 0.081500 0.010800 0.093300 0.104400 0.021600 0.045000 0.033600 0.083600 0.080600 0.109500 0.106100 0.069700 0.082100 0.045400 0.022200 0.069000 0.000000 0.034500 0.057200 0.141300 0.104600 0.057500 0.118600 0.092200 0.069000 0.045600 0.067800 0.057200 0.056300 0.069400 0.109400 0.095200
LesserMous 0.323000 0.000000 0.335400 0.333600 0.311800 0.307400 0.309600 0.302000 0.333400 0.375600 0.323000 0.321100 0.342100 0.286000 0.381500 0.360100 0.291800 0.263400 0.338000 0.337800 0.288700 0.338600 0.358100 0.299400 0.321700 0.320600 0.342900 0.316400 0.374000 0.354000 0.375600 0.326900 0.212800 0.360600 0.322200 0.306100 0.323000 0.311800 0.307500 0.295500 0.355100 0.343900 0.393500 0.317400 0.306100 0.289800 0.317800 0.270500 0.336400 0.323600 0.353800 0.330500
LesserKudu 0.096500 0.335400 0.000000 0.269400 0.085700 0.110500 0.097600 0.107700 0.047200 0.122700 0.096500 0.121200 0.109800 0.095600 0.163900 0.122900 0.137000 0.085800 0.083200 0.023700 0.122800 0.108800 0.109200 0.120600 0.122100 0.095800 0.110000 0.011700 0.134900 0.035600 0.122700 0.123800 0.084700 0.123200 0.096200 0.070500 0.096500 0.085700 0.109800 0.159300 0.120900 0.110300 0.135900 0.107700 0.070500 0.071500 0.120200 0.083700 0.094600 0.096800 0.033500 0.023100
KillerWhal 0.275200 0.333600 0.269400 0.000000 0.247900 0.275600 0.278400 0.257500 0.283100 0.341400 0.275200 0.305200 0.292200 0.272700 0.327600 0.307900 0.279300 0.252000 0.288900 0.254700 0.259800 0.289000 0.323700 0.302800 0.306200 0.271600 0.292800 0.268200 0.320800 0.269100 0.341400 0.278300 0.218400 0.308900 0.274400 0.275900 0.275200 0.247900 0.261100 0.316700 0.336400 0.293400 0.358100 0.287300 0.275900 0.261400 0.301600 0.228100 0.289000 0.292700 0.268900 0.281200
DefassaWat 0.034500 0.311800 0.085700 0.247900 0.000000 0.046700 0.034900 0.045600 0.085200 0.095600 0.034500 0.108400 0.046500 0.034200 0.109400 0.058500 0.096500 0.047600 0.045900 0.060700 0.070900 0.046100 0.082800 0.094000 0.058100 0.034200 0.046500 0.072700 0.070000 0.073000 0.095600 0.034900 0.071400 0.058600 0.034400 0.058400 0.034500 0.000000 0.046400 0.131200 0.094300 0.046700 0.108200 0.081700 0.058400 0.034700 0.057300 0.046100 0.045600 0.058700 0.073000 0.084600
Sheep 0.011200 0.307400 0.110500 0.275600 0.046700 0.000000 0.058300 0.068600 0.136400 0.119900 0.010900 0.106600 0.046000 0.057100 0.134100 0.082100 0.121100 0.071500 0.022400 0.111200 0.094800 0.022400 0.106700 0.117900 0.032800 0.057200 0.045900 0.097300 0.093700 0.124000 0.119900 0.082700 0.095500 0.057700 0.033900 0.081900 0.011200 0.046700 0.069900 0.155800 0.118300 0.070200 0.132800 0.105400 0.081900 0.058000 0.080400 0.069700 0.068600 0.082400 0.123900 0.109100
MaxwellsDu 0.045800 0.309600 0.097600 0.278400 0.034900 0.058300 0.000000 0.056800 0.123100 0.082200 0.045800 0.094600 0.057900 0.045200 0.094600 0.046000 0.108300 0.059300 0.057300 0.098300 0.081600 0.034000 0.094400 0.105500 0.069500 0.045500 0.058000 0.084600 0.057100 0.110900 0.082200 0.070100 0.083100 0.070100 0.045700 0.045900 0.045800 0.034900 0.057900 0.117100 0.105800 0.057900 0.094500 0.093100 0.045900 0.045900 0.068500 0.057800 0.056900 0.070300 0.110700 0.096400
GazellaPrz 0.056200 0.302000 0.107700 0.257500 0.045600 0.068600 0.056800 0.000000 0.132800 0.092200 0.056200 0.129700 0.068200 0.055700 0.105400 0.056400 0.093000 0.069700 0.067500 0.108300 0.068300 0.067600 0.104100 0.115100 0.079600 0.033000 0.068300 0.094800 0.067500 0.120700 0.092200 0.080700 0.068900 0.080200 0.033200 0.068100 0.056200 0.045600 0.033500 0.126700 0.115400 0.045000 0.104400 0.102900 0.068100 0.056600 0.067000 0.044800 0.067000 0.080400 0.120600 0.081400
MountainNy 0.121800 0.333400 0.047200 0.283100 0.085200 0.136400 0.123100 0.132800 0.000000 0.148800 0.121800 0.146900 0.135500 0.120500 0.191200 0.148900 0.163600 0.111300 0.108000 0.023500 0.148800 0.134300 0.134700 0.120200 0.147900 0.120800 0.135700 0.035200 0.161000 0.011600 0.148800 0.123100 0.084300 0.149200 0.121300 0.094800 0.121800 0.085200 0.135500 0.185800 0.146500 0.135900 0.162300 0.133000 0.094800 0.096200 0.145700 0.108500 0.119300 0.122000 0.011200 0.046600
MuntiacusM 0.106100 0.375600 0.122700 0.341400 0.095600 0.119900 0.082200 0.092200 0.148800 0.000000 0.106100 0.119000 0.119100 0.105100 0.146000 0.106300 0.146200 0.095900 0.105500 0.123500 0.132000 0.093100 0.033900 0.068300 0.131100 0.105300 0.119300 0.109300 0.118000 0.136200 0.000000 0.133100 0.120100 0.132200 0.105700 0.069200 0.106100 0.095600 0.119200 0.103900 0.045100 0.119600 0.010800 0.056600 0.069200 0.081600 0.129400 0.093500 0.117000 0.106400 0.136100 0.121100
goat 0.000000 0.323000 0.096500 0.275200 0.034500 0.010900 0.045800 0.056200 0.121800 0.106100 0.000000 0.118800 0.033900 0.044900 0.119800 0.069200 0.107100 0.058600 0.010700 0.097100 0.081500 0.010800 0.093300 0.104400 0.021500 0.045000 0.033800 0.083600 0.080600 0.109500 0.106100 0.069700 0.082100 0.045400 0.021500 0.069000 0.000000 0.034500 0.057200 0.141300 0.104600 0.057500 0.118600 0.092200 0.069000 0.045600 0.067800 0.057200 0.056300 0.069400 0.109400 0.095200
AfricanBuf 0.118800 0.321100 0.121200 0.305200 0.108400 0.106600 0.094600 0.129700 0.146900 0.119000 0.118800 0.000000 0.132200 0.117600 0.144900 0.118500 0.159500 0.108500 0.105400 0.122700 0.119000 0.105600 0.131500 0.117100 0.144300 0.117800 0.132400 0.108600 0.130700 0.135400 0.119000 0.146300 0.132500 0.145500 0.118400 0.068400 0.118800 0.108400 0.132100 0.154500 0.143000 0.132500 0.131800 0.104500 0.068400 0.093900 0.142100 0.105900 0.129800 0.119000 0.134500 0.119700
Topi 0.033900 0.342100 0.109800 0.292200 0.046500 0.046000 0.057900 0.068200 0.135500 0.119100 0.033900 0.132200 0.000000 0.033700 0.133300 0.081600 0.120300 0.071100 0.045200 0.110500 0.094200 0.045300 0.106100 0.117200 0.057200 0.056900 0.000000 0.096600 0.093100 0.123100 0.119100 0.058000 0.095000 0.011200 0.033800 0.081400 0.033900 0.046500 0.069400 0.154700 0.117500 0.069700 0.131900 0.104800 0.081400 0.057700 0.079900 0.069300 0.068200 0.081900 0.123000 0.108400
CommonDuik 0.044900 0.286000 0.095600 0.272700 0.034200 0.057100 0.045200 0.055700 0.120500 0.105100 0.044900 0.117600 0.033700 0.000000 0.117600 0.068600 0.106000 0.058100 0.056100 0.096200 0.080500 0.056300 0.092500 0.103400 0.044800 0.044700 0.033700 0.082900 0.079500 0.108500 0.105100 0.045300 0.081400 0.045200 0.044800 0.068400 0.044900 0.034200 0.056700 0.114800 0.103700 0.056800 0.117500 0.091300 0.068400 0.045000 0.044200 0.056700 0.055800 0.068900 0.108400 0.094400
Suni 0.119800 0.381500 0.163900 0.327600 0.109400 0.134100 0.094600 0.105400 0.191200 0.146000 0.119800 0.144900 0.133300 0.117600 0.000000 0.119600 0.146900 0.122200 0.131800 0.165800 0.132100 0.106400 0.158900 0.170300 0.145400 0.118400 0.133500 0.150400 0.130800 0.179100 0.146000 0.146300 0.120700 0.146800 0.119400 0.093900 0.119800 0.109400 0.107000 0.155500 0.170700 0.132600 0.159200 0.156300 0.093900 0.081800 0.117500 0.094000 0.130800 0.132700 0.178100 0.161700
Springbuck 0.069200 0.360100 0.122900 0.307900 0.058500 0.082100 0.046000 0.056400 0.148900 0.106300 0.069200 0.118500 0.081600 0.068600 0.119600 0.000000 0.133200 0.083600 0.080700 0.123800 0.057800 0.056900 0.118800 0.129800 0.093300 0.022300 0.081700 0.109600 0.011100 0.136500 0.106300 0.094600 0.107600 0.094100 0.045300 0.069200 0.069200 0.058500 0.069600 0.167800 0.130200 0.011300 0.118900 0.117200 0.069200 0.069700 0.080100 0.081500 0.080200 0.094300 0.136300 0.095600
Okapi 0.107100 0.291800 0.137000 0.279300 0.096500 0.121100 0.108300 0.093000 0.163600 0.146200 0.107100 0.159500 0.120300 0.106000 0.146900 0.133200 0.000000 0.046600 0.119000 0.138000 0.133200 0.119300 0.132400 0.143700 0.132400 0.106200 0.120500 0.123400 0.145100 0.151000 0.146200 0.120900 0.070700 0.133500 0.106700 0.094300 0.107100 0.096500 0.094800 0.155700 0.144000 0.120700 0.159400 0.130700 0.094300 0.082300 0.130500 0.069700 0.118100 0.107400 0.150800 0.135200
Giraffe 0.058600 0.263400 0.085800 0.252000 0.047600 0.071500 0.059300 0.069700 0.111300 0.095900 0.058600 0.108500 0.071100 0.058100 0.122200 0.083600 0.046600 0.000000 0.070300 0.086500 0.083500 0.070400 0.083000 0.094200 0.083000 0.058200 0.071200 0.072900 0.095300 0.099000 0.095900 0.071500 0.047100 0.083700 0.058400 0.058400 0.058600 0.047600 0.071000 0.131500 0.094500 0.071400 0.108500 0.081900 0.058400 0.034800 0.081700 0.046500 0.069800 0.058900 0.098900 0.084700
TibetanAnt 0.011000 0.338000 0.083200 0.288900 0.045900 0.022400 0.057300 0.067500 0.108000 0.105500 0.010700 0.105400 0.045200 0.056100 0.131800 0.080700 0.119000 0.070300 0.000000 0.083700 0.093200 0.022100 0.092700 0.103800 0.033400 0.056200 0.045100 0.070600 0.092100 0.095900 0.105500 0.081300 0.093900 0.056800 0.033300 0.056700 0.011000 0.045900 0.068700 0.140500 0.104100 0.069000 0.118000 0.091600 0.056700 0.057000 0.079100 0.068600 0.067500 0.081000 0.095800 0.082100
Sitatunga 0.097100 0.337800 0.023700 0.254700 0.060700 0.111200 0.098300 0.108300 0.023500 0.123500 0.097100 0.122700 0.110500 0.096200 0.165800 0.123800 0.138000 0.086500 0.083700 0.000000 0.123700 0.109500 0.109900 0.121300 0.122800 0.096400 0.110700 0.011700 0.135900 0.011400 0.123500 0.098300 0.085200 0.123900 0.096800 0.071200 0.097100 0.060700 0.110500 0.160300 0.121600 0.111000 0.136700 0.108400 0.071200 0.072000 0.121000 0.084200 0.095200 0.097500 0.011800 0.023400
Oribi 0.081500 0.288700 0.122800 0.259800 0.070900 0.094800 0.081600 0.068300 0.148800 0.132000 0.081500 0.119000 0.094200 0.080500 0.132100 0.057800 0.133200 0.083500 0.093200 0.123700 0.000000 0.093400 0.118800 0.104700 0.106000 0.033800 0.094300 0.109500 0.068000 0.136400 0.132000 0.107000 0.107600 0.107000 0.057200 0.093700 0.081500 0.070900 0.082000 0.141600 0.130200 0.045900 0.145000 0.092400 0.093700 0.069300 0.092500 0.081500 0.092600 0.094300 0.136200 0.095500
BarbaryShe 0.010800 0.338600 0.108800 0.289000 0.046100 0.022400 0.034000 0.067600 0.134300 0.093100 0.010800 0.105600 0.045300 0.056300 0.106400 0.056900 0.119300 0.070400 0.022100 0.109500 0.093400 0.000000 0.105200 0.116300 0.033500 0.056400 0.045200 0.095700 0.068200 0.122000 0.093100 0.081500 0.094100 0.056900 0.032400 0.056800 0.011000 0.046100 0.068900 0.153600 0.116600 0.069100 0.105500 0.104000 0.056800 0.057200 0.079300 0.068800 0.067700 0.081100 0.121900 0.107400
Daviddeer 0.093300 0.358100 0.109200 0.323700 0.082800 0.106700 0.094400 0.104100 0.134700 0.033900 0.093300 0.131500 0.106100 0.092500 0.158900 0.118800 0.132400 0.083000 0.092700 0.109900 0.118800 0.105200 0.000000 0.056300 0.117900 0.092600 0.106200 0.096100 0.130400 0.122400 0.033900 0.119600 0.106900 0.118900 0.093000 0.081000 0.093300 0.082800 0.106100 0.091300 0.033500 0.106600 0.045500 0.044800 0.081000 0.069200 0.116300 0.080900 0.104200 0.093700 0.122300 0.107800
Reindeer 0.104400 0.299400 0.120600 0.302800 0.094000 0.117900 0.105500 0.115100 0.120200 0.068300 0.104400 0.117100 0.117200 0.103400 0.170300 0.129800 0.143700 0.094200 0.103800 0.121300 0.104700 0.116300 0.056300 0.000000 0.129000 0.103600 0.117400 0.107400 0.141500 0.133900 0.068300 0.130900 0.093200 0.130100 0.104000 0.092100 0.104400 0.094000 0.117200 0.078400 0.067400 0.117600 0.080200 0.010800 0.092100 0.080300 0.127400 0.092000 0.115100 0.104700 0.133800 0.119100
Ibex 0.021600 0.321700 0.122100 0.306200 0.058100 0.032800 0.069500 0.079600 0.147900 0.131100 0.021500 0.144300 0.057200 0.044800 0.145400 0.093300 0.132400 0.083000 0.033400 0.122800 0.106000 0.033500 0.117900 0.129000 0.000000 0.068300 0.057000 0.108700 0.104800 0.135500 0.131100 0.094000 0.106900 0.068900 0.044900 0.093100 0.022300 0.058100 0.081000 0.140700 0.129300 0.081400 0.144000 0.116500 0.093100 0.069200 0.067500 0.080900 0.079600 0.093600 0.135400 0.120500
GyrantGaze 0.045000 0.320600 0.095800 0.271600 0.034200 0.057200 0.045500 0.033000 0.120800 0.105300 0.045000 0.117800 0.056900 0.044700 0.118400 0.022300 0.106200 0.058200 0.056200 0.096400 0.033800 0.056400 0.092600 0.103600 0.068300 0.000000 0.056900 0.083000 0.033400 0.108700 0.105300 0.069200 0.081600 0.068800 0.022100 0.068500 0.045000 0.034200 0.045200 0.140200 0.103800 0.011100 0.117700 0.091400 0.068500 0.045300 0.055800 0.056800 0.055900 0.069000 0.108600 0.069900
Hartebeest 0.033600 0.342900 0.110000 0.292800 0.046500 0.045900 0.058000 0.068300 0.135700 0.119300 0.033800 0.132400 0.000000 0.033700 0.133500 0.081700 0.120500 0.071200 0.045100 0.110700 0.094300 0.045200 0.106200 0.117400 0.057000 0.056900 0.000000 0.096800 0.093200 0.123300 0.119300 0.058100 0.095100 0.011000 0.032400 0.081500 0.032800 0.046500 0.069500 0.155000 0.117700 0.069800 0.132100 0.104900 0.081500 0.057700 0.080000 0.069400 0.068300 0.082000 0.123200 0.108500
Bongo 0.083600 0.316400 0.011700 0.268200 0.072700 0.097300 0.084600 0.094800 0.035200 0.109300 0.083600 0.108600 0.096600 0.082900 0.150400 0.109600 0.123400 0.072900 0.070600 0.011700 0.109500 0.095700 0.096100 0.107400 0.108700 0.083000 0.096800 0.000000 0.121500 0.023400 0.109300 0.110400 0.071900 0.109700 0.083300 0.058400 0.083600 0.072700 0.096600 0.145500 0.107700 0.097100 0.122200 0.094800 0.058400 0.059100 0.107100 0.071000 0.082000 0.084000 0.023500 0.011500
Gerenuk 0.080600 0.374000 0.134900 0.320800 0.070000 0.093700 0.057100 0.067500 0.161000 0.118000 0.080600 0.130700 0.093100 0.079500 0.130800 0.011100 0.145100 0.095300 0.092100 0.135900 0.068000 0.068200 0.130400 0.141500 0.104800 0.033400 0.093200 0.121500 0.000000 0.148600 0.118000 0.105700 0.119300 0.105600 0.056600 0.080600 0.080600 0.070000 0.081000 0.179600 0.141800 0.022000 0.130600 0.128800 0.080600 0.080700 0.091400 0.092900 0.091500 0.105800 0.148400 0.107300
CommonElan 0.109500 0.354000 0.035600 0.269100 0.073000 0.124000 0.110900 0.120700 0.011600 0.136200 0.109500 0.135400 0.123100 0.108500 0.179100 0.136500 0.151000 0.099000 0.095900 0.011400 0.136400 0.122000 0.122400 0.133900 0.135500 0.108700 0.123300 0.023400 0.148600 0.000000 0.136200 0.110800 0.097700 0.136700 0.109200 0.083400 0.109500 0.073000 0.123200 0.173300 0.134200 0.123700 0.149600 0.120900 0.083400 0.084200 0.133500 0.096500 0.107400 0.109900 0.000000 0.035100
MuntiacusR 0.106100 0.375600 0.122700 0.341400 0.095600 0.119900 0.082200 0.092200 0.148800 0.000000 0.106100 0.119000 0.119100 0.105100 0.146000 0.106300 0.146200 0.095900 0.105500 0.123500 0.132000 0.093100 0.033900 0.068300 0.131100 0.105300 0.119300 0.109300 0.118000 0.136200 0.000000 0.133100 0.120100 0.132200 0.105700 0.069200 0.106100 0.095600 0.119200 0.103900 0.045100 0.119600 0.010800 0.056600 0.069200 0.081600 0.129400 0.093500 0.117000 0.106400 0.136100 0.121100
HarveysDui 0.069700 0.326900 0.123800 0.278300 0.034900 0.082700 0.070100 0.080700 0.123100 0.133100 0.069700 0.146300 0.058000 0.045300 0.146300 0.094600 0.120900 0.071500 0.081300 0.098300 0.107000 0.081500 0.119600 0.130900 0.094000 0.069200 0.058100 0.110400 0.105700 0.110800 0.133100 0.000000 0.108400 0.070200 0.069500 0.094400 0.069700 0.034900 0.082200 0.169200 0.131200 0.082100 0.146200 0.118100 0.094400 0.069900 0.092700 0.082100 0.080700 0.094900 0.110700 0.122200
Pronghorn 0.082100 0.212800 0.084700 0.218400 0.071400 0.095500 0.083100 0.068900 0.084300 0.120100 0.082100 0.132500 0.095000 0.081400 0.120700 0.107600 0.070700 0.047100 0.093900 0.085200 0.107600 0.094100 0.106900 0.093200 0.106900 0.081600 0.095100 0.071900 0.119300 0.097700 0.120100 0.108400 0.000000 0.107700 0.081900 0.069800 0.082100 0.071400 0.070200 0.129900 0.118400 0.095300 0.133000 0.105500 0.069800 0.058000 0.105300 0.045900 0.093200 0.082500 0.097500 0.083600
BlueWildeb 0.045400 0.360600 0.123200 0.308900 0.058600 0.057700 0.070100 0.080200 0.149200 0.132200 0.045400 0.145500 0.011200 0.045200 0.146800 0.094100 0.133500 0.083700 0.056800 0.123900 0.107000 0.056900 0.118900 0.130100 0.068900 0.068800 0.011000 0.109700 0.105600 0.136700 0.132200 0.070200 0.107700 0.000000 0.045300 0.093900 0.045400 0.058600 0.081700 0.168200 0.130400 0.082100 0.145200 0.117500 0.093900 0.069800 0.092100 0.081600 0.080300 0.094400 0.136600 0.121600
Gemsbok 0.022200 0.322200 0.096200 0.274400 0.034400 0.033900 0.045700 0.033200 0.121300 0.105700 0.021500 0.118400 0.033800 0.044800 0.119400 0.045300 0.106700 0.058400 0.033300 0.096800 0.057200 0.032400 0.093000 0.104000 0.044900 0.022100 0.032400 0.083300 0.056600 0.109200 0.105700 0.069500 0.081900 0.045300 0.000000 0.068800 0.022200 0.034400 0.045400 0.140800 0.104300 0.033900 0.118200 0.091900 0.068800 0.045500 0.056100 0.057000 0.056100 0.069300 0.109100 0.070100
Yak 0.069000 0.306100 0.070500 0.275900 0.058400 0.081900 0.045900 0.068100 0.094800 0.069200 0.069000 0.068400 0.081400 0.068400 0.093900 0.069200 0.094300 0.058400 0.056700 0.071200 0.093700 0.056800 0.081000 0.092100 0.093100 0.068500 0.081500 0.058400 0.080600 0.083400 0.069200 0.094400 0.069800 0.093900 0.068800 0.000000 0.069000 0.058400 0.069300 0.116100 0.092300 0.081700 0.081200 0.080000 0.000000 0.045500 0.091800 0.045400 0.080000 0.069300 0.082800 0.069600
BlueSheep 0.000000 0.323000 0.096500 0.275200 0.034500 0.011200 0.045800 0.056200 0.121800 0.106100 0.000000 0.118800 0.033900 0.044900 0.119800 0.069200 0.107100 0.058600 0.011000 0.097100 0.081500 0.011000 0.093300 0.104400 0.022300 0.045000 0.032800 0.083600 0.080600 0.109500 0.106100 0.069700 0.082100 0.045400 0.022200 0.069000 0.000000 0.034500 0.057200 0.141300 0.104600 0.057500 0.118600 0.092200 0.069000 0.045600 0.067800 0.057200 0.056300 0.069400 0.109400 0.095200
BohorReedb 0.034500 0.311800 0.085700 0.247900 0.000000 0.046700 0.034900 0.045600 0.085200 0.095600 0.034500 0.108400 0.046500 0.034200 0.109400 0.058500 0.096500 0.047600 0.045900 0.060700 0.070900 0.046100 0.082800 0.094000 0.058100 0.034200 0.046500 0.072700 0.070000 0.073000 0.095600 0.034900 0.071400 0.058600 0.034400 0.058400 0.034500 0.000000 0.046400 0.131200 0.094300 0.046700 0.108200 0.081700 0.058400 0.034700 0.057300 0.046100 0.045600 0.058700 0.073000 0.084600
KirksDik 0.057200 0.307500 0.109800 0.261100 0.046400 0.069900 0.057900 0.033500 0.135500 0.119200 0.057200 0.132100 0.069400 0.056700 0.107000 0.069600 0.094800 0.071000 0.068700 0.110500 0.082000 0.068900 0.106100 0.117200 0.081000 0.045200 0.069500 0.096600 0.081000 0.123200 0.119200 0.082200 0.070200 0.081700 0.045400 0.069300 0.057200 0.046400 0.000000 0.128900 0.117600 0.057800 0.132100 0.104700 0.069300 0.057600 0.056000 0.045600 0.068200 0.081800 0.123000 0.095800
RoeDeer 0.141300 0.295500 0.159300 0.316700 0.131200 0.155800 0.117100 0.126700 0.185800 0.103900 0.141300 0.154500 0.154700 0.114800 0.155500 0.167800 0.155700 0.131500 0.140500 0.160300 0.141600 0.153600 0.091300 0.078400 0.140700 0.140200 0.155000 0.145500 0.179600 0.173300 0.103900 0.169200 0.129900 0.168200 0.140800 0.116100 0.141300 0.131200 0.128900 0.000000 0.102600 0.155200 0.116200 0.066800 0.116100 0.091900 0.114300 0.103500 0.151900 0.141600 0.173100 0.157200
WhiteLippe 0.104600 0.355100 0.120900 0.336400 0.094300 0.118300 0.105800 0.115400 0.146500 0.045100 0.104600 0.143000 0.117500 0.103700 0.170700 0.130200 0.144000 0.094500 0.104100 0.121600 0.130200 0.116600 0.033500 0.067400 0.129300 0.103800 0.117700 0.107700 0.141800 0.134200 0.045100 0.131200 0.118400 0.130400 0.104300 0.092300 0.104600 0.094300 0.117600 0.102600 0.000000 0.117900 0.056700 0.067000 0.092300 0.080500 0.127600 0.092200 0.115400 0.105000 0.134100 0.119300
ThomsonGaz 0.057500 0.343900 0.110300 0.293400 0.046700 0.070200 0.057900 0.045000 0.135900 0.119600 0.057500 0.132500 0.069700 0.056800 0.132600 0.011300 0.120700 0.071400 0.069000 0.111000 0.045900 0.069100 0.106600 0.117600 0.081400 0.011100 0.069800 0.097100 0.022000 0.123700 0.119600 0.082100 0.095300 0.082100 0.033900 0.081700 0.057500 0.046700 0.057800 0.155200 0.117900 0.000000 0.132400 0.105100 0.081700 0.055400 0.068400 0.069600 0.068500 0.082300 0.123500 0.083400
MuntiacusC 0.118600 0.393500 0.135900 0.358100 0.108200 0.132800 0.094500 0.104400 0.162300 0.010800 0.118600 0.131800 0.131900 0.117500 0.159200 0.118900 0.159400 0.108500 0.118000 0.136700 0.145000 0.105500 0.045500 0.080200 0.144000 0.117700 0.132100 0.122200 0.130600 0.149600 0.010800 0.146200 0.133000 0.145200 0.118200 0.081200 0.118600 0.108200 0.132100 0.116200 0.056700 0.132400 0.000000 0.068300 0.081200 0.093900 0.142100 0.105800 0.129500 0.119000 0.149600 0.134100
WhiteTaile 0.092200 0.317400 0.107700 0.287300 0.081700 0.105400 0.093100 0.102900 0.133000 0.056600 0.092200 0.104500 0.104800 0.091300 0.156300 0.117200 0.130700 0.081900 0.091600 0.108400 0.092400 0.104000 0.044800 0.010800 0.116500 0.091400 0.104900 0.094800 0.128800 0.120900 0.056600 0.118100 0.105500 0.117500 0.091900 0.080000 0.092200 0.081700 0.104700 0.066800 0.067000 0.105100 0.068300 0.000000 0.080000 0.068400 0.114900 0.079900 0.102900 0.092400 0.120700 0.106400
Cattle 0.069000 0.306100 0.070500 0.275900 0.058400 0.081900 0.045900 0.068100 0.094800 0.069200 0.069000 0.068400 0.081400 0.068400 0.093900 0.069200 0.094300 0.058400 0.056700 0.071200 0.093700 0.056800 0.081000 0.092100 0.093100 0.068500 0.081500 0.058400 0.080600 0.083400 0.069200 0.094400 0.069800 0.093900 0.068800 0.000000 0.069000 0.058400 0.069300 0.116100 0.092300 0.081700 0.081200 0.080000 0.000000 0.045500 0.091800 0.045400 0.080000 0.069300 0.082800 0.069600
RoyalAntel 0.045600 0.289800 0.071500 0.261400 0.034700 0.058000 0.045900 0.056600 0.096200 0.081600 0.045600 0.093900 0.057700 0.045000 0.081800 0.069700 0.082300 0.034800 0.057000 0.072000 0.069300 0.057200 0.069200 0.080300 0.069200 0.045300 0.057700 0.059100 0.080700 0.084200 0.081600 0.069900 0.058000 0.069800 0.045500 0.045500 0.045600 0.034700 0.057600 0.091900 0.080500 0.055400 0.093900 0.068400 0.045500 0.000000 0.045000 0.034000 0.056600 0.045800 0.084100 0.070600
Steenbok 0.067800 0.317800 0.120200 0.301600 0.057300 0.080400 0.068500 0.067000 0.145700 0.129400 0.067800 0.142100 0.079900 0.044200 0.117500 0.080100 0.130500 0.081700 0.079100 0.121000 0.092500 0.079300 0.116300 0.127400 0.067500 0.055800 0.080000 0.107100 0.091400 0.133500 0.129400 0.092700 0.105300 0.092100 0.056100 0.091800 0.067800 0.057300 0.056000 0.114300 0.127600 0.068400 0.142100 0.114900 0.091800 0.045000 0.000000 0.079800 0.078600 0.092300 0.133300 0.106300
Impala 0.057200 0.270500 0.083700 0.228100 0.046100 0.069700 0.057800 0.044800 0.108500 0.093500 0.057200 0.105900 0.069300 0.056700 0.094000 0.081500 0.069700 0.046500 0.068600 0.084200 0.081500 0.068800 0.080900 0.092000 0.080900 0.056800 0.069400 0.071000 0.092900 0.096500 0.093500 0.082100 0.045900 0.081600 0.057000 0.045400 0.057200 0.046100 0.045600 0.103500 0.092200 0.069600 0.105800 0.079900 0.045400 0.034000 0.079800 0.000000 0.068100 0.057400 0.096400 0.082600
Klipspring 0.056300 0.336400 0.094600 0.289000 0.045600 0.068600 0.056900 0.067000 0.119300 0.117000 0.056300 0.129800 0.068200 0.055800 0.130800 0.080200 0.118100 0.069800 0.067500 0.095200 0.092600 0.067700 0.104200 0.115100 0.079600 0.055900 0.068300 0.082000 0.091500 0.107400 0.117000 0.080700 0.093200 0.080300 0.056100 0.080000 0.056300 0.045600 0.068200 0.151900 0.115400 0.068500 0.129500 0.102900 0.080000 0.056600 0.078600 0.068100 0.000000 0.080500 0.107300 0.093400
ForestMusk 0.069400 0.323600 0.096800 0.292700 0.058700 0.082400 0.070300 0.080400 0.122000 0.106400 0.069400 0.119000 0.081900 0.068900 0.132700 0.094300 0.107400 0.058900 0.081000 0.097500 0.094300 0.081100 0.093700 0.104700 0.093600 0.069000 0.082000 0.084000 0.105800 0.109900 0.106400 0.094900 0.082500 0.094400 0.069300 0.069300 0.069400 0.058700 0.081800 0.141600 0.105000 0.082300 0.119000 0.092400 0.069300 0.045800 0.092300 0.057400 0.080500 0.000000 0.109800 0.095700
Bushbuck 0.109400 0.353800 0.033500 0.268900 0.073000 0.123900 0.110700 0.120600 0.011200 0.136100 0.109400 0.134500 0.123000 0.108400 0.178100 0.136300 0.150800 0.098900 0.095800 0.011800 0.136200 0.121900 0.122300 0.133800 0.135400 0.108600 0.123200 0.023500 0.148400 0.000000 0.136100 0.110700 0.097500 0.136600 0.109100 0.082800 0.109400 0.073000 0.123000 0.173100 0.134100 0.123500 0.149600 0.120700 0.082800 0.084100 0.133300 0.096400 0.107300 0.109800 0.000000 0.034900
GreaterKud 0.095200 0.330500 0.023100 0.281200 0.084600 0.109100 0.096400 0.081400 0.046600 0.121100 0.095200 0.119700 0.108400 0.094400 0.161700 0.095600 0.135200 0.084700 0.082100 0.023400 0.095500 0.107400 0.107800 0.119100 0.120500 0.069900 0.108500 0.011500 0.107300 0.035100 0.121100 0.122200 0.083600 0.121600 0.070100 0.069600 0.095200 0.084600 0.095800 0.157200 0.119300 0.083400 0.134100 0.106400 0.069600 0.070600 0.106300 0.082600 0.093400 0.095700 0.034900 0.000000
