1
52 1
Argali 0.000000 0.408000 0.106000 0.383100 0.053600 0.008100 0.067300 0.090200 0.143800 0.146500 0.020900 0.077100 0.059000 0.063100 0.063700 0.091200 0.102000 0.105700 0.045900 0.129800 0.079600 0.012300 0.171500 0.140500 0.020900 0.078900 0.033600 0.147700 0.062400 0.130100 0.128300 0.062900 0.158300 0.050500 0.045800 0.068900 0.016600 0.066200 0.082900 0.158700 0.162000 0.070300 0.142400 0.146600 0.077300 0.050800 0.099200 0.097600 0.076000 0.142900 0.116600 0.130600
LesserMous 0.408000 0.000000 0.438500 0.397500 0.393100 0.405100 0.416600 0.369700 0.494000 0.399100 0.407600 0.394400 0.433100 0.392500 0.376500 0.403100 0.364400 0.366700 0.386700 0.474300 0.405800 0.390500 0.408600 0.380800 0.407000 0.395900 0.424200 0.497200 0.405200 0.475400 0.383100 0.410000 0.407700 0.420300 0.397300 0.417800 0.379600 0.409800 0.407300 0.393500 0.414900 0.422600 0.382500 0.389300 0.401500 0.410000 0.406600 0.460900 0.408800 0.411000 0.458300 0.477700
LesserKudu 0.106000 0.438500 0.000000 0.405500 0.125500 0.114700 0.108300 0.166200 0.042300 0.182500 0.119900 0.086100 0.142200 0.118200 0.119200 0.156000 0.127000 0.130700 0.137000 0.029500 0.144500 0.111100 0.204000 0.176100 0.119800 0.143100 0.115000 0.046300 0.130200 0.029600 0.183500 0.117900 0.194800 0.133200 0.127200 0.096000 0.105200 0.139100 0.138100 0.190900 0.204100 0.134000 0.178400 0.179200 0.109300 0.114000 0.154900 0.154600 0.131800 0.168200 0.025400 0.029500
KillerWhal 0.383100 0.397500 0.405500 0.000000 0.361800 0.379900 0.426900 0.425400 0.461600 0.380700 0.362300 0.394600 0.382900 0.395500 0.375000 0.390900 0.338100 0.367000 0.395500 0.441800 0.386600 0.392000 0.360700 0.380600 0.388700 0.381800 0.360700 0.465100 0.392200 0.443000 0.369200 0.401100 0.388700 0.371200 0.394500 0.396900 0.366600 0.386600 0.401000 0.376300 0.374300 0.382700 0.376800 0.389800 0.354400 0.375000 0.393300 0.431700 0.414200 0.372900 0.425400 0.430900
DefassaWat 0.053600 0.393100 0.125500 0.361800 0.000000 0.061800 0.078100 0.084700 0.153600 0.156100 0.057800 0.092400 0.087100 0.078200 0.074500 0.076000 0.121600 0.125100 0.074000 0.149100 0.081500 0.058100 0.171200 0.159400 0.066300 0.080700 0.062000 0.157300 0.064800 0.149500 0.138000 0.073800 0.177000 0.078800 0.073800 0.088700 0.053300 0.019600 0.076400 0.158500 0.161900 0.072500 0.142700 0.165700 0.097000 0.062000 0.092200 0.107800 0.078000 0.143400 0.136100 0.140500
Sheep 0.008100 0.405100 0.114700 0.379900 0.061800 0.000000 0.075700 0.098500 0.143000 0.155300 0.029200 0.085600 0.067300 0.062700 0.072100 0.099500 0.101300 0.105000 0.054100 0.138600 0.087900 0.020400 0.180300 0.149200 0.029200 0.087100 0.041900 0.156500 0.070700 0.139000 0.137100 0.071200 0.157300 0.058900 0.054100 0.077400 0.024800 0.074500 0.091200 0.167600 0.170800 0.078600 0.151200 0.155500 0.085800 0.059200 0.107500 0.106100 0.084300 0.151500 0.125400 0.139500
MaxwellsDu 0.067300 0.416600 0.108300 0.426900 0.078100 0.075700 0.000000 0.107400 0.136000 0.172700 0.080400 0.075500 0.101700 0.036400 0.097600 0.115600 0.128000 0.131600 0.088000 0.131700 0.113200 0.071900 0.197800 0.156800 0.080300 0.103300 0.075900 0.139800 0.095700 0.132100 0.158900 0.036300 0.174300 0.093100 0.087800 0.085100 0.066800 0.090800 0.107400 0.165600 0.188200 0.094800 0.158900 0.159500 0.102400 0.075900 0.114800 0.122400 0.096500 0.140200 0.118700 0.132500
GazellaPrz 0.090200 0.369700 0.166200 0.425400 0.084700 0.098500 0.107400 0.000000 0.205000 0.197200 0.094300 0.131500 0.125800 0.107600 0.095300 0.071200 0.150900 0.154100 0.093100 0.190700 0.059900 0.086000 0.202800 0.181000 0.103200 0.067600 0.100100 0.208700 0.051800 0.191200 0.178700 0.102900 0.212200 0.117200 0.098900 0.118900 0.089500 0.105700 0.055100 0.180600 0.193300 0.067700 0.183500 0.194000 0.136300 0.100200 0.078900 0.137400 0.107200 0.164500 0.177700 0.191800
MountainNy 0.143800 0.494000 0.042300 0.461600 0.153600 0.143000 0.136000 0.205000 0.000000 0.212900 0.158300 0.122000 0.166200 0.146400 0.157300 0.184600 0.166300 0.169800 0.175500 0.029300 0.182900 0.149300 0.234600 0.206100 0.158200 0.181100 0.143300 0.016600 0.168000 0.038000 0.214100 0.146000 0.235900 0.161800 0.146000 0.123700 0.142800 0.167500 0.175900 0.221500 0.234800 0.171700 0.208800 0.199200 0.137200 0.142400 0.192900 0.193500 0.160400 0.197700 0.033900 0.021000
MuntiacusM 0.146500 0.399100 0.182500 0.380700 0.156100 0.155300 0.172700 0.197200 0.212900 0.000000 0.160800 0.150200 0.164000 0.154000 0.159900 0.176900 0.105900 0.119000 0.177900 0.208200 0.175400 0.151900 0.061600 0.053600 0.160700 0.154900 0.155700 0.216600 0.160600 0.208800 0.033100 0.144100 0.158500 0.164500 0.148700 0.151600 0.136000 0.169900 0.178100 0.075000 0.061700 0.164600 0.012300 0.054600 0.170000 0.139800 0.176100 0.185700 0.172400 0.160700 0.194600 0.199200
goat 0.020900 0.407600 0.119900 0.362300 0.057800 0.029200 0.080400 0.094300 0.158300 0.160800 0.000000 0.090500 0.072000 0.071800 0.067900 0.095400 0.115900 0.119600 0.058700 0.144100 0.083800 0.025200 0.176100 0.154600 0.025100 0.083000 0.046400 0.162100 0.066600 0.144500 0.132800 0.075900 0.182700 0.063500 0.058600 0.082300 0.029100 0.070400 0.087100 0.173200 0.176400 0.074500 0.156800 0.161000 0.090700 0.063900 0.094700 0.111000 0.080200 0.147300 0.130800 0.145000
AfricanBuf 0.077100 0.394400 0.086100 0.394600 0.092400 0.085600 0.075500 0.131500 0.122000 0.150200 0.090500 0.000000 0.093900 0.084800 0.080900 0.112800 0.101300 0.105000 0.107200 0.099100 0.110400 0.081900 0.170200 0.134900 0.081400 0.109300 0.076800 0.126000 0.096800 0.100100 0.151000 0.075700 0.157100 0.085200 0.071400 0.050200 0.076500 0.109700 0.104700 0.157400 0.170300 0.100600 0.146100 0.130400 0.067300 0.081500 0.130100 0.124000 0.106700 0.132800 0.086900 0.100400
Topi 0.059000 0.433100 0.142200 0.382900 0.087100 0.067300 0.101700 0.125800 0.166200 0.164000 0.072000 0.093900 0.000000 0.097300 0.098200 0.116400 0.124100 0.118200 0.088500 0.152000 0.113800 0.063500 0.189100 0.167300 0.063200 0.104000 0.024700 0.170000 0.096300 0.152400 0.164800 0.097100 0.195200 0.024500 0.062200 0.090300 0.058500 0.100000 0.108000 0.195900 0.169600 0.086700 0.169500 0.164000 0.094100 0.076300 0.124400 0.132500 0.110500 0.169400 0.138800 0.152900
CommonDuik 0.063100 0.392500 0.118200 0.395500 0.078200 0.062700 0.036400 0.107600 0.146400 0.154000 0.071800 0.084800 0.097300 0.000000 0.088900 0.107000 0.100400 0.104100 0.092600 0.142000 0.104500 0.067700 0.179000 0.138500 0.076100 0.094800 0.071600 0.150200 0.083000 0.142400 0.135700 0.024100 0.150600 0.088700 0.083600 0.094600 0.054100 0.090900 0.107700 0.156600 0.169500 0.095000 0.150000 0.140900 0.112100 0.071600 0.106400 0.118200 0.087900 0.131500 0.128900 0.142900
Suni 0.063700 0.376500 0.119200 0.375000 0.074500 0.072100 0.097600 0.095300 0.157300 0.159900 0.067900 0.080900 0.098200 0.088900 0.000000 0.086200 0.105900 0.118900 0.075800 0.133600 0.066100 0.059500 0.184700 0.144200 0.076200 0.073900 0.072200 0.161100 0.066200 0.143600 0.150900 0.093100 0.156700 0.089000 0.075600 0.072800 0.054600 0.078600 0.086600 0.172000 0.184800 0.074100 0.155800 0.156400 0.081200 0.072300 0.094100 0.087900 0.070400 0.155400 0.130000 0.144000
Springbuck 0.091200 0.403100 0.156000 0.390900 0.076000 0.099500 0.115600 0.071200 0.184600 0.176900 0.095400 0.112800 0.116400 0.107000 0.086200 0.000000 0.152100 0.155500 0.102800 0.180000 0.059700 0.087200 0.182700 0.180300 0.104200 0.059100 0.091000 0.188200 0.043500 0.180500 0.168100 0.102400 0.193200 0.107900 0.102700 0.118300 0.090600 0.096800 0.063000 0.189500 0.182800 0.051100 0.173000 0.173700 0.117600 0.091100 0.078600 0.127900 0.093900 0.154700 0.167100 0.181100
Okapi 0.102000 0.364400 0.127000 0.338100 0.121600 0.101300 0.128000 0.150900 0.166300 0.105900 0.115900 0.101300 0.124100 0.100400 0.105900 0.152100 0.000000 0.021400 0.123500 0.151800 0.131100 0.107100 0.130600 0.109400 0.111200 0.139200 0.110900 0.170200 0.126300 0.152200 0.106500 0.118700 0.099000 0.124400 0.109400 0.106800 0.082800 0.135100 0.129400 0.136500 0.130700 0.130000 0.101700 0.102200 0.115500 0.111000 0.151000 0.141300 0.137200 0.130700 0.148100 0.152800
Giraffe 0.105700 0.366700 0.130700 0.367000 0.125100 0.105000 0.131600 0.154100 0.169800 0.119000 0.119600 0.105000 0.118200 0.104100 0.118900 0.155500 0.021400 0.000000 0.127100 0.155400 0.134600 0.110800 0.143700 0.122400 0.114800 0.142700 0.114600 0.173700 0.129800 0.155800 0.119600 0.122300 0.121400 0.128000 0.122300 0.105900 0.095700 0.138600 0.133000 0.149800 0.134300 0.133500 0.114900 0.115300 0.128600 0.114700 0.154400 0.154300 0.140800 0.134300 0.151800 0.156400
TibetanAnt 0.045900 0.386700 0.137000 0.395500 0.074000 0.054100 0.088000 0.093100 0.175500 0.177900 0.058700 0.107200 0.088500 0.092600 0.075800 0.102800 0.123500 0.127100 0.000000 0.161200 0.091400 0.041700 0.203000 0.171500 0.058600 0.108100 0.062900 0.179300 0.091600 0.161700 0.169100 0.092400 0.194600 0.080000 0.075000 0.099100 0.054000 0.086700 0.094600 0.180400 0.193300 0.099400 0.164100 0.178200 0.107500 0.080500 0.119600 0.127500 0.105600 0.163900 0.148100 0.162200
Sitatunga 0.129800 0.474300 0.029500 0.441800 0.149100 0.138600 0.131700 0.190700 0.029300 0.208200 0.144100 0.099100 0.152000 0.142000 0.133600 0.180000 0.151800 0.155400 0.161200 0.000000 0.168700 0.135100 0.230000 0.191400 0.143900 0.167000 0.129200 0.037700 0.154000 0.033800 0.209400 0.141600 0.220800 0.147600 0.141500 0.100700 0.128800 0.163000 0.161900 0.216800 0.230100 0.157700 0.204200 0.194600 0.114100 0.138000 0.178800 0.188900 0.155800 0.193000 0.029700 0.016800
Oribi 0.079600 0.405800 0.144500 0.386600 0.081500 0.087900 0.113200 0.059900 0.182900 0.175400 0.083800 0.110400 0.113800 0.104500 0.066100 0.059700 0.131100 0.134600 0.091400 0.168700 0.000000 0.084300 0.190700 0.169100 0.088300 0.039600 0.088100 0.186600 0.023800 0.164400 0.166500 0.099800 0.177100 0.100800 0.091200 0.106700 0.079000 0.085400 0.043600 0.168500 0.190900 0.047800 0.171400 0.172100 0.115100 0.079500 0.059200 0.125600 0.082300 0.148000 0.155600 0.169700
BarbaryShe 0.012300 0.390500 0.111100 0.392000 0.058100 0.020400 0.071900 0.086000 0.149300 0.151900 0.025200 0.081900 0.063500 0.067700 0.059500 0.087200 0.107100 0.110800 0.041700 0.135100 0.084300 0.000000 0.177100 0.145800 0.025200 0.083500 0.038000 0.153100 0.066900 0.135500 0.133600 0.067500 0.168700 0.055000 0.050200 0.073600 0.020800 0.070800 0.087600 0.164200 0.167500 0.074900 0.147800 0.152000 0.082100 0.055400 0.104000 0.102500 0.080600 0.148100 0.121800 0.135900
Daviddeer 0.171500 0.408600 0.204000 0.360700 0.171200 0.180300 0.197800 0.202800 0.234600 0.061600 0.176100 0.170200 0.189100 0.179000 0.184700 0.182700 0.130600 0.143700 0.203000 0.230000 0.190700 0.177100 0.000000 0.082300 0.175900 0.189000 0.171100 0.238200 0.175800 0.230600 0.061900 0.168800 0.183500 0.189700 0.169500 0.167000 0.160700 0.189900 0.193300 0.073300 0.023700 0.179800 0.057600 0.075100 0.175600 0.161300 0.181400 0.220900 0.197500 0.172000 0.216400 0.221000
Reindeer 0.140500 0.380800 0.176100 0.380600 0.159400 0.149200 0.156800 0.181000 0.206100 0.053600 0.154600 0.134900 0.167300 0.138500 0.144200 0.180300 0.109400 0.122400 0.171500 0.191400 0.169100 0.145800 0.082300 0.000000 0.154400 0.158100 0.149500 0.209800 0.154500 0.202100 0.053900 0.138100 0.161700 0.167800 0.142700 0.136200 0.130200 0.173100 0.172000 0.061300 0.082400 0.167800 0.049600 0.041200 0.154200 0.133900 0.179300 0.198600 0.166000 0.154400 0.188000 0.202800
Ibex 0.020900 0.407000 0.119800 0.388700 0.066300 0.029200 0.080300 0.103200 0.158200 0.160700 0.025100 0.081400 0.063200 0.076100 0.076200 0.104200 0.111200 0.114800 0.058600 0.143900 0.088300 0.025200 0.175900 0.154400 0.000000 0.091800 0.046400 0.162000 0.071000 0.144300 0.142400 0.075900 0.177500 0.046000 0.050000 0.082200 0.029100 0.074700 0.086700 0.168200 0.176200 0.083200 0.156600 0.160800 0.090600 0.063800 0.103400 0.110600 0.080100 0.137700 0.130700 0.144800
GyrantGaze 0.078900 0.395900 0.143100 0.381800 0.080700 0.087100 0.103300 0.067600 0.181100 0.154900 0.083000 0.109300 0.104000 0.094800 0.073900 0.059100 0.139200 0.142700 0.108100 0.167000 0.039600 0.083500 0.189000 0.158100 0.091800 0.000000 0.087300 0.184800 0.031600 0.167500 0.155400 0.090200 0.175400 0.095500 0.090400 0.105700 0.078300 0.093100 0.051200 0.157300 0.189100 0.031200 0.160200 0.170400 0.114000 0.070100 0.042700 0.124400 0.085800 0.142100 0.154100 0.168000
Hartebeest 0.033600 0.424200 0.115000 0.360700 0.062000 0.041900 0.075900 0.100100 0.143300 0.155700 0.046400 0.076800 0.024700 0.071600 0.072200 0.091000 0.110900 0.114600 0.062900 0.129200 0.088100 0.038000 0.171100 0.149500 0.046400 0.087300 0.000000 0.147100 0.070800 0.129600 0.146800 0.071400 0.177100 0.016400 0.045600 0.068600 0.033300 0.074600 0.091400 0.167900 0.161600 0.070200 0.151500 0.145900 0.068200 0.059300 0.107700 0.106300 0.084600 0.151800 0.116100 0.130000
Bongo 0.147700 0.497200 0.046300 0.465100 0.157300 0.156500 0.139800 0.208700 0.016600 0.216600 0.162100 0.126000 0.170000 0.150200 0.161100 0.188200 0.170200 0.173700 0.179300 0.037700 0.186600 0.153100 0.238200 0.209800 0.162000 0.184800 0.147100 0.000000 0.171700 0.042100 0.217800 0.149700 0.239600 0.165600 0.149800 0.127500 0.146600 0.171200 0.179600 0.225100 0.238300 0.175300 0.212500 0.202900 0.141000 0.146300 0.196500 0.197200 0.164100 0.191300 0.038000 0.029400
Gerenuk 0.062400 0.405200 0.130200 0.392200 0.064800 0.070700 0.095700 0.051800 0.168000 0.160600 0.066600 0.096800 0.096300 0.083000 0.066200 0.043500 0.126300 0.129800 0.091600 0.154000 0.023800 0.066900 0.175800 0.154500 0.071000 0.031600 0.070800 0.171700 0.000000 0.154400 0.151800 0.078400 0.168000 0.083400 0.074100 0.093200 0.062000 0.077100 0.035600 0.153700 0.175900 0.031700 0.156600 0.157200 0.101500 0.062300 0.051200 0.117000 0.074000 0.143400 0.141000 0.154900
CommonElan 0.130100 0.475400 0.029600 0.443000 0.149500 0.139000 0.132100 0.191200 0.038000 0.208800 0.144500 0.100100 0.152400 0.142400 0.143600 0.180500 0.152200 0.155800 0.161700 0.033800 0.164400 0.135500 0.230600 0.202100 0.144300 0.167500 0.129600 0.042100 0.154400 0.000000 0.210000 0.142000 0.220500 0.148000 0.141900 0.110200 0.129100 0.163400 0.162300 0.217400 0.230700 0.158100 0.204700 0.195100 0.123700 0.138400 0.179300 0.189400 0.156300 0.183600 0.021200 0.025400
MuntiacusR 0.128300 0.383100 0.183500 0.369200 0.138000 0.137100 0.158900 0.178700 0.214100 0.033100 0.132800 0.151000 0.164800 0.135700 0.150900 0.168100 0.106500 0.119600 0.169100 0.209400 0.166500 0.133600 0.061900 0.053900 0.142400 0.155400 0.146800 0.217800 0.151800 0.210000 0.000000 0.130600 0.159300 0.165300 0.140000 0.152400 0.118000 0.151600 0.169300 0.075300 0.053500 0.165200 0.029000 0.054900 0.170800 0.140600 0.176600 0.186800 0.153900 0.161400 0.195800 0.200400
HarveysDui 0.062900 0.410000 0.117900 0.401100 0.073800 0.071200 0.036300 0.102900 0.146000 0.144100 0.075900 0.075700 0.097100 0.024100 0.093100 0.102400 0.118700 0.122300 0.092400 0.141600 0.099800 0.067500 0.168800 0.138100 0.075900 0.090200 0.071400 0.149700 0.078400 0.142000 0.130600 0.000000 0.169200 0.088600 0.066100 0.094300 0.062500 0.086400 0.103000 0.156000 0.159400 0.099000 0.140000 0.140400 0.111800 0.071400 0.110400 0.117800 0.083200 0.122100 0.128500 0.132900
Pronghorn 0.158300 0.407700 0.194800 0.388700 0.177000 0.157300 0.174300 0.212200 0.235900 0.158500 0.182700 0.157100 0.195200 0.150600 0.156700 0.193200 0.099000 0.121400 0.194600 0.220800 0.177100 0.168700 0.183500 0.161700 0.177500 0.175400 0.177100 0.239600 0.168000 0.220500 0.159300 0.169200 0.000000 0.190800 0.179400 0.173300 0.147600 0.180900 0.199200 0.170500 0.183600 0.185500 0.154500 0.158800 0.172200 0.157800 0.196800 0.187200 0.174000 0.172300 0.217500 0.222200
BlueWildeb 0.050500 0.420300 0.133200 0.371200 0.078800 0.058900 0.093100 0.117200 0.161800 0.164500 0.063500 0.085200 0.024500 0.088700 0.089000 0.107900 0.124400 0.128000 0.080000 0.147600 0.100800 0.055000 0.189700 0.167800 0.046000 0.095500 0.016400 0.165600 0.083400 0.148000 0.165300 0.088600 0.190800 0.000000 0.053800 0.086100 0.050100 0.087200 0.099300 0.181800 0.180000 0.078400 0.170100 0.160900 0.085500 0.072100 0.116000 0.123500 0.092800 0.160100 0.134500 0.148500
Gemsbok 0.045800 0.397300 0.127200 0.394500 0.073800 0.054100 0.087800 0.098900 0.146000 0.148700 0.058600 0.071400 0.062200 0.083600 0.075600 0.102700 0.109400 0.122300 0.075000 0.141500 0.091200 0.050200 0.169500 0.142700 0.050000 0.090400 0.045600 0.149800 0.074100 0.141900 0.140000 0.066100 0.179400 0.053800 0.000000 0.080800 0.037000 0.086500 0.085900 0.156800 0.160200 0.090500 0.144600 0.139100 0.080300 0.070800 0.110600 0.100300 0.087700 0.154300 0.128500 0.142400
Yak 0.068900 0.417800 0.096000 0.396900 0.088700 0.077400 0.085100 0.118900 0.123700 0.151600 0.082300 0.050200 0.090300 0.094600 0.072800 0.118300 0.106800 0.105900 0.099100 0.100700 0.106700 0.073600 0.167000 0.136200 0.082200 0.105700 0.068600 0.127500 0.093200 0.110200 0.152400 0.094300 0.173300 0.086100 0.080800 0.000000 0.068400 0.101700 0.110000 0.154100 0.162300 0.097000 0.147500 0.138400 0.037600 0.077600 0.126600 0.125300 0.103200 0.147900 0.096900 0.110600
BlueSheep 0.016600 0.379600 0.105200 0.366600 0.053300 0.024800 0.066800 0.089500 0.142800 0.136000 0.029100 0.076500 0.058500 0.054100 0.054600 0.090600 0.082800 0.095700 0.054000 0.128800 0.079000 0.020800 0.160700 0.130200 0.029100 0.078300 0.033300 0.146600 0.062000 0.129100 0.118000 0.062500 0.147600 0.050100 0.037000 0.068400 0.000000 0.065800 0.082400 0.148000 0.151300 0.069900 0.131900 0.135800 0.067900 0.050400 0.090000 0.088100 0.075400 0.141900 0.115700 0.129600
BohorReedb 0.066200 0.409800 0.139100 0.386600 0.019600 0.074500 0.090800 0.105700 0.167500 0.169900 0.070400 0.109700 0.100000 0.090900 0.078600 0.096800 0.135100 0.138600 0.086700 0.163000 0.085400 0.070800 0.189900 0.173100 0.074700 0.093100 0.074600 0.171200 0.077100 0.163400 0.151600 0.086400 0.180900 0.087200 0.086500 0.101700 0.065800 0.000000 0.097200 0.167600 0.180500 0.093300 0.156400 0.176100 0.119000 0.083300 0.100300 0.111900 0.077700 0.161300 0.150000 0.154400
KirksDik 0.082900 0.407300 0.138100 0.401000 0.076400 0.091200 0.107400 0.055100 0.175900 0.178100 0.087100 0.104700 0.108000 0.107700 0.086600 0.063000 0.129400 0.133000 0.094600 0.161900 0.043600 0.087600 0.193300 0.172000 0.086700 0.051200 0.091400 0.179600 0.035600 0.162300 0.169300 0.103000 0.199200 0.099300 0.085900 0.110000 0.082400 0.097200 0.000000 0.171200 0.193400 0.051300 0.164600 0.174800 0.118300 0.082800 0.054600 0.137500 0.098300 0.155100 0.149000 0.162800
RoeDeer 0.158700 0.393500 0.190900 0.376300 0.158500 0.167600 0.165600 0.180600 0.221500 0.075000 0.173200 0.157400 0.195900 0.156600 0.172000 0.189500 0.136500 0.149800 0.180400 0.216800 0.168500 0.164200 0.073300 0.061300 0.168200 0.157300 0.167900 0.225100 0.153700 0.217400 0.075300 0.156000 0.170500 0.181800 0.156800 0.154100 0.148000 0.167600 0.171200 0.000000 0.073400 0.176800 0.062300 0.062400 0.172600 0.139000 0.159900 0.208100 0.179900 0.154700 0.203200 0.218100
WhiteLippe 0.162000 0.414900 0.204100 0.374300 0.161900 0.170800 0.188200 0.193300 0.234800 0.061700 0.176400 0.170300 0.169600 0.169500 0.184800 0.182800 0.130700 0.134300 0.193300 0.230100 0.190900 0.167500 0.023700 0.082400 0.176200 0.189100 0.161600 0.238300 0.175900 0.230700 0.053500 0.159400 0.183600 0.180000 0.160200 0.162300 0.151300 0.180500 0.193400 0.073400 0.000000 0.179900 0.057700 0.075100 0.175700 0.161400 0.191100 0.211100 0.187900 0.181700 0.216600 0.221200
ThomsonGaz 0.070300 0.422600 0.134000 0.382700 0.072500 0.078600 0.094800 0.067700 0.171700 0.164600 0.074500 0.100600 0.086700 0.095000 0.074100 0.051100 0.130000 0.133500 0.099400 0.157700 0.047800 0.074900 0.179800 0.167800 0.083200 0.031200 0.070200 0.175300 0.031700 0.158100 0.165200 0.099000 0.185500 0.078400 0.090500 0.097000 0.069900 0.093300 0.051300 0.176800 0.179900 0.000000 0.170000 0.170700 0.096400 0.070200 0.058900 0.124600 0.094600 0.160700 0.144800 0.158600
MuntiacusC 0.142400 0.382500 0.178400 0.376800 0.142700 0.151200 0.158900 0.183500 0.208800 0.012300 0.156800 0.146100 0.169500 0.150000 0.155800 0.173000 0.101700 0.114900 0.164100 0.204200 0.171400 0.147800 0.057600 0.049600 0.156600 0.160200 0.151500 0.212500 0.156600 0.204700 0.029000 0.140000 0.154500 0.170100 0.144600 0.147500 0.131900 0.156400 0.164600 0.062300 0.057700 0.170000 0.000000 0.050500 0.165900 0.135700 0.172000 0.181700 0.168300 0.156700 0.190500 0.195100
WhiteTaile 0.146600 0.389300 0.179200 0.389800 0.165700 0.155500 0.159500 0.194000 0.199200 0.054600 0.161000 0.130400 0.164000 0.140900 0.156400 0.173700 0.102200 0.115300 0.178200 0.194600 0.172100 0.152000 0.075100 0.041200 0.160800 0.170400 0.145900 0.202900 0.157200 0.195100 0.054900 0.140400 0.158800 0.160900 0.139100 0.138400 0.135800 0.176100 0.174800 0.062400 0.075100 0.170700 0.050500 0.000000 0.156800 0.145800 0.182100 0.172600 0.164200 0.147800 0.181000 0.195800
Cattle 0.077300 0.401500 0.109300 0.354400 0.097000 0.085800 0.102400 0.136300 0.137200 0.170000 0.090700 0.067300 0.094100 0.112100 0.081200 0.117600 0.115500 0.128600 0.107500 0.114100 0.115100 0.082100 0.175600 0.154200 0.090600 0.114000 0.068200 0.141000 0.101500 0.123700 0.170800 0.111800 0.172200 0.085500 0.080300 0.037600 0.067900 0.119000 0.118300 0.172600 0.175700 0.096400 0.165900 0.156800 0.000000 0.086100 0.134900 0.133700 0.120700 0.147100 0.110300 0.124100
RoyalAntel 0.050800 0.410000 0.114000 0.375000 0.062000 0.059200 0.075900 0.100200 0.142400 0.139800 0.063900 0.081500 0.076300 0.071600 0.072300 0.091100 0.111000 0.114700 0.080500 0.138000 0.079500 0.055400 0.161300 0.133900 0.063800 0.070100 0.059300 0.146300 0.062300 0.138400 0.140600 0.071400 0.157800 0.072100 0.070800 0.077600 0.050400 0.083300 0.082800 0.139000 0.161400 0.070200 0.135700 0.145800 0.086100 0.000000 0.099100 0.115300 0.093500 0.132500 0.124700 0.138900
Steenbok 0.099200 0.406600 0.154900 0.393300 0.092200 0.107500 0.114800 0.078900 0.192900 0.176100 0.094700 0.130100 0.124400 0.106400 0.094100 0.078600 0.151000 0.154400 0.119600 0.178800 0.059200 0.104000 0.181400 0.179300 0.103400 0.042700 0.107700 0.196500 0.051200 0.179300 0.176600 0.110400 0.196800 0.116000 0.110600 0.126600 0.090000 0.100300 0.054600 0.159900 0.191100 0.058900 0.172000 0.182100 0.134900 0.099100 0.000000 0.144600 0.105900 0.162700 0.165900 0.179900
Impala 0.097600 0.460900 0.154600 0.431700 0.107800 0.106100 0.122400 0.137400 0.193500 0.185700 0.111000 0.124000 0.132500 0.118200 0.087900 0.127900 0.141300 0.154300 0.127500 0.188900 0.125600 0.102500 0.220900 0.198600 0.110600 0.124400 0.106300 0.197200 0.117000 0.189400 0.186800 0.117800 0.187200 0.123500 0.100300 0.125300 0.088100 0.111900 0.137500 0.208100 0.211100 0.124600 0.181700 0.172600 0.133700 0.115300 0.144600 0.000000 0.099900 0.162000 0.175700 0.190000
Klipspring 0.076000 0.408800 0.131800 0.414200 0.078000 0.084300 0.096500 0.107200 0.160400 0.172400 0.080200 0.106700 0.110500 0.087900 0.070400 0.093900 0.137200 0.140800 0.105600 0.155800 0.082300 0.080600 0.197500 0.166000 0.080100 0.085800 0.084600 0.164100 0.074000 0.156300 0.153900 0.083200 0.174000 0.092800 0.087700 0.103200 0.075400 0.077700 0.098300 0.179900 0.187900 0.094600 0.168300 0.164200 0.120700 0.093500 0.105900 0.099900 0.000000 0.144800 0.142700 0.156800
ForestMusk 0.142900 0.411000 0.168200 0.372900 0.143400 0.151500 0.140200 0.164500 0.197700 0.160700 0.147300 0.132800 0.169400 0.131500 0.155400 0.154700 0.130700 0.134300 0.163900 0.193000 0.148000 0.148100 0.172000 0.154400 0.137700 0.142100 0.151800 0.191300 0.143400 0.183600 0.161400 0.122100 0.172300 0.160100 0.154300 0.147900 0.141900 0.161300 0.155100 0.154700 0.181700 0.160700 0.156700 0.147800 0.147100 0.132500 0.162700 0.162000 0.144800 0.000000 0.179800 0.194100
Bushbuck 0.116600 0.458300 0.025400 0.425400 0.136100 0.125400 0.118700 0.177700 0.033900 0.194600 0.130800 0.086900 0.138800 0.128900 0.130000 0.167100 0.148100 0.151800 0.148100 0.029700 0.155600 0.121800 0.216400 0.188000 0.130700 0.154100 0.116100 0.038000 0.141000 0.021200 0.195800 0.128500 0.217500 0.134500 0.128500 0.096900 0.115700 0.150000 0.149000 0.203200 0.216600 0.144800 0.190500 0.181000 0.110300 0.124700 0.165900 0.175700 0.142700 0.179800 0.000000 0.021200
GreaterKud 0.130600 0.477700 0.029500 0.430900 0.140500 0.139500 0.132500 0.191800 0.021000 0.199200 0.145000 0.100400 0.152900 0.142900 0.144000 0.181100 0.152800 0.156400 0.162200 0.016800 0.169700 0.135900 0.221000 0.202800 0.144800 0.168000 0.130000 0.029400 0.154900 0.025400 0.200400 0.132900 0.222200 0.148500 0.142400 0.110600 0.129600 0.154400 0.162800 0.218100 0.221200 0.158600 0.195100 0.195800 0.124100 0.138900 0.179900 0.190000 0.156800 0.194100 0.021200 0.000000
