1
52 1
Argali 0.000000 0.640800 0.142600 0.380200 0.075300 0.006400 0.088600 0.068200 0.157600 0.204800 0.032900 0.125900 0.113800 0.083200 0.094300 0.102700 0.160400 0.183400 0.084900 0.123600 0.095400 0.045900 0.183500 0.174800 0.039300 0.118700 0.088000 0.143900 0.081900 0.128800 0.166700 0.075000 0.195700 0.094300 0.062200 0.139100 0.058700 0.081800 0.124500 0.196100 0.167400 0.083000 0.195900 0.159400 0.153900 0.082700 0.089900 0.101600 0.103500 0.169800 0.137800 0.130100
LesserMous 0.640800 0.000000 0.708200 0.629900 0.619300 0.649700 0.674000 0.605900 0.707100 0.646500 0.676500 0.599300 0.671600 0.647000 0.671800 0.592000 0.687700 0.653300 0.673600 0.669300 0.580000 0.698800 0.504500 0.595200 0.652900 0.665000 0.633100 0.701100 0.612500 0.697700 0.627700 0.680900 0.607700 0.641900 0.605800 0.676000 0.705600 0.657700 0.653900 0.576600 0.517500 0.625200 0.626500 0.626800 0.660800 0.608700 0.653000 0.658400 0.624500 0.721500 0.697300 0.679400
LesserKudu 0.142600 0.708200 0.000000 0.485900 0.114600 0.134600 0.106500 0.121700 0.043600 0.228800 0.155500 0.093100 0.166500 0.101500 0.147400 0.113500 0.177300 0.200000 0.165100 0.025100 0.113500 0.154200 0.184800 0.168300 0.161500 0.143800 0.141100 0.043900 0.121300 0.044000 0.191900 0.114500 0.220000 0.161700 0.153200 0.119700 0.159800 0.135200 0.163700 0.174500 0.169200 0.137200 0.204100 0.168300 0.112700 0.115200 0.144100 0.140500 0.108400 0.171900 0.037800 0.031300
KillerWhal 0.380200 0.629900 0.485900 0.000000 0.426400 0.387400 0.348900 0.374600 0.486700 0.435800 0.375100 0.435300 0.425300 0.387400 0.424900 0.399500 0.426100 0.446900 0.381400 0.465600 0.399300 0.391100 0.362600 0.369200 0.362300 0.447900 0.416900 0.481200 0.403000 0.467700 0.408300 0.402400 0.423100 0.423500 0.401000 0.460400 0.385900 0.454700 0.431000 0.396900 0.401800 0.419400 0.456900 0.390600 0.469800 0.396700 0.440800 0.435800 0.441400 0.431600 0.485600 0.473400
DefassaWat 0.075300 0.619300 0.114600 0.426400 0.000000 0.067900 0.068200 0.047500 0.122000 0.166700 0.081100 0.075700 0.093600 0.048200 0.060200 0.068000 0.139300 0.146700 0.120800 0.088400 0.068000 0.094200 0.130100 0.121900 0.087400 0.083200 0.066600 0.108500 0.075500 0.108200 0.144800 0.068700 0.157900 0.074100 0.048400 0.089000 0.093800 0.020000 0.103600 0.143700 0.129700 0.062200 0.158200 0.121900 0.088900 0.047600 0.054500 0.053200 0.048100 0.134100 0.102300 0.095000
Sheep 0.006400 0.649700 0.134600 0.387400 0.067900 0.000000 0.081100 0.074800 0.149400 0.195500 0.039300 0.117800 0.120100 0.075600 0.086800 0.095000 0.152000 0.174700 0.077700 0.115700 0.087800 0.052300 0.174500 0.165900 0.045700 0.110700 0.094500 0.135800 0.088500 0.121000 0.157900 0.067600 0.186600 0.100700 0.068800 0.130900 0.051800 0.074300 0.131000 0.187000 0.158500 0.089600 0.186800 0.166100 0.145600 0.089300 0.082200 0.093900 0.095700 0.161600 0.129700 0.122200
MaxwellsDu 0.088600 0.674000 0.106500 0.348900 0.068200 0.081100 0.000000 0.047200 0.113800 0.141900 0.094600 0.096400 0.120800 0.033500 0.080400 0.060400 0.130500 0.152700 0.119400 0.080500 0.060400 0.107900 0.136300 0.098300 0.100900 0.089500 0.094900 0.100400 0.067800 0.086300 0.120300 0.053500 0.148900 0.115600 0.090800 0.109600 0.092900 0.088800 0.109700 0.134500 0.136000 0.075700 0.148800 0.098300 0.109500 0.054400 0.089700 0.073600 0.068700 0.126400 0.094300 0.087100
GazellaPrz 0.068200 0.605900 0.121700 0.374600 0.047500 0.074800 0.047200 0.000000 0.129200 0.158600 0.073400 0.082800 0.100600 0.041100 0.081000 0.060900 0.116900 0.124200 0.127700 0.095500 0.060900 0.087200 0.122200 0.114100 0.080300 0.075900 0.073100 0.115600 0.054300 0.115300 0.121500 0.061500 0.150000 0.067100 0.055500 0.096100 0.100700 0.068200 0.082000 0.120700 0.121900 0.041000 0.150200 0.099300 0.096000 0.026900 0.075700 0.073800 0.055100 0.126800 0.095100 0.102100
MountainNy 0.157600 0.707100 0.043600 0.486700 0.122000 0.149400 0.113800 0.129200 0.000000 0.228900 0.170500 0.100300 0.174100 0.108900 0.155000 0.120800 0.177400 0.200100 0.179900 0.031600 0.120900 0.169100 0.184900 0.168300 0.176500 0.151500 0.148600 0.024900 0.114500 0.050500 0.192000 0.121900 0.220000 0.169400 0.161100 0.127100 0.189200 0.142800 0.171600 0.174500 0.169200 0.130300 0.204200 0.168400 0.120000 0.122700 0.151900 0.133800 0.115800 0.179500 0.044300 0.037800
MuntiacusM 0.204800 0.646500 0.228800 0.435800 0.166700 0.195500 0.141900 0.158600 0.228900 0.000000 0.210200 0.174100 0.229900 0.137000 0.139900 0.134200 0.171200 0.179000 0.235200 0.201800 0.149400 0.224300 0.107600 0.099800 0.216400 0.182600 0.203300 0.223000 0.157900 0.190900 0.062800 0.142700 0.182900 0.193900 0.185500 0.187500 0.206200 0.173100 0.156600 0.121300 0.107300 0.175700 0.033800 0.114700 0.187200 0.159300 0.167200 0.162900 0.160200 0.203400 0.217100 0.208600
goat 0.032900 0.676500 0.155500 0.375100 0.081100 0.039300 0.094600 0.073400 0.170500 0.210200 0.000000 0.146500 0.112300 0.089400 0.100200 0.123000 0.150900 0.173400 0.070300 0.136700 0.123100 0.025400 0.189200 0.180500 0.006300 0.139500 0.086400 0.156900 0.102200 0.141700 0.156700 0.067100 0.217000 0.093100 0.061400 0.144800 0.051200 0.087800 0.130200 0.202600 0.188800 0.103600 0.201300 0.165100 0.144500 0.088400 0.095400 0.106900 0.104000 0.159600 0.150900 0.143200
AfricanBuf 0.125900 0.599300 0.093100 0.435300 0.075700 0.117800 0.096400 0.082800 0.100300 0.174100 0.146500 0.000000 0.158000 0.076500 0.109200 0.060900 0.146500 0.154000 0.171400 0.067100 0.061000 0.160100 0.130000 0.129200 0.152800 0.104800 0.132000 0.086900 0.082400 0.086700 0.144700 0.097100 0.165200 0.138200 0.113700 0.053600 0.158500 0.096500 0.125200 0.151000 0.114500 0.098000 0.165500 0.144600 0.053600 0.083100 0.105100 0.102300 0.083600 0.141700 0.080700 0.073600
Topi 0.113800 0.671600 0.166500 0.425300 0.093600 0.120100 0.120800 0.100600 0.174100 0.229900 0.112300 0.158000 0.000000 0.115900 0.126000 0.134800 0.207400 0.215200 0.164500 0.155200 0.120500 0.097800 0.200600 0.191900 0.118400 0.151200 0.038300 0.175100 0.114300 0.174700 0.215400 0.136000 0.212900 0.044400 0.073800 0.171000 0.110300 0.113900 0.149500 0.198200 0.200100 0.101500 0.228400 0.176600 0.170800 0.101000 0.122200 0.105400 0.115800 0.186600 0.169400 0.161700
CommonDuik 0.083200 0.647000 0.101500 0.387400 0.048200 0.075600 0.033500 0.041100 0.108900 0.137000 0.089400 0.076500 0.115900 0.000000 0.074800 0.054500 0.096400 0.118200 0.114700 0.075100 0.054600 0.102900 0.116000 0.107900 0.095800 0.069600 0.089700 0.081100 0.062000 0.095000 0.115200 0.033800 0.151600 0.096100 0.070600 0.090000 0.087600 0.069000 0.090000 0.129700 0.115700 0.055600 0.144200 0.092800 0.089800 0.041300 0.069800 0.067900 0.048600 0.107400 0.089000 0.081700
Suni 0.094300 0.671800 0.147400 0.424900 0.060200 0.086800 0.080400 0.081000 0.155000 0.139900 0.100200 0.109200 0.126000 0.074800 0.000000 0.073200 0.157900 0.165300 0.138800 0.121600 0.087100 0.113300 0.149400 0.126200 0.106400 0.102400 0.100500 0.141500 0.080700 0.112800 0.133600 0.080800 0.161400 0.106700 0.075200 0.122300 0.112200 0.066600 0.094000 0.147500 0.149000 0.095800 0.146700 0.126300 0.122200 0.081300 0.060400 0.045500 0.067700 0.138700 0.135500 0.128000
Springbuck 0.102700 0.592000 0.113500 0.399500 0.068000 0.095000 0.060400 0.060900 0.120800 0.134200 0.123000 0.060900 0.134800 0.054500 0.073200 0.000000 0.123000 0.130300 0.147900 0.087500 0.039900 0.136400 0.113200 0.090800 0.129300 0.060800 0.109000 0.107400 0.033100 0.093200 0.127700 0.074800 0.126000 0.115300 0.090500 0.088000 0.135100 0.088600 0.102300 0.126900 0.098400 0.061100 0.125900 0.105500 0.087900 0.061100 0.082300 0.066500 0.061500 0.119200 0.101300 0.094000
Okapi 0.160400 0.687700 0.177300 0.426100 0.139300 0.152000 0.130500 0.116900 0.177400 0.171200 0.150900 0.146500 0.207400 0.096400 0.157900 0.123000 0.000000 0.032300 0.160700 0.151200 0.123100 0.164300 0.142500 0.134300 0.157000 0.154400 0.181600 0.156600 0.130900 0.171000 0.134300 0.102200 0.177600 0.172500 0.164300 0.144800 0.162700 0.160600 0.174700 0.140600 0.142100 0.147600 0.162800 0.134200 0.144400 0.132100 0.139700 0.150700 0.118000 0.132000 0.143500 0.157700
Giraffe 0.183400 0.653300 0.200000 0.446900 0.146700 0.174700 0.152700 0.124200 0.200100 0.179000 0.173400 0.154000 0.215200 0.118200 0.165300 0.130300 0.032300 0.000000 0.182800 0.173700 0.130400 0.186900 0.150100 0.141800 0.179500 0.162000 0.189300 0.179000 0.138300 0.193700 0.141900 0.123900 0.185400 0.180100 0.164400 0.152200 0.185100 0.168200 0.182400 0.148200 0.142300 0.155200 0.170500 0.141700 0.151800 0.139500 0.147200 0.158100 0.125400 0.146900 0.165700 0.180300
TibetanAnt 0.084900 0.673600 0.165100 0.381400 0.120800 0.077700 0.119400 0.127700 0.179900 0.235200 0.070300 0.171400 0.164500 0.114700 0.138800 0.147900 0.160700 0.182800 0.000000 0.161000 0.148000 0.082900 0.214500 0.190000 0.076300 0.179400 0.125400 0.166200 0.155900 0.151400 0.182000 0.106100 0.226000 0.145600 0.115200 0.169400 0.082100 0.126900 0.184200 0.211600 0.214000 0.158000 0.210400 0.189800 0.169100 0.135700 0.135400 0.146200 0.143600 0.170100 0.175100 0.167400
Sitatunga 0.123600 0.669300 0.025100 0.465600 0.088400 0.115700 0.080500 0.095500 0.031600 0.201800 0.136700 0.067100 0.155200 0.075100 0.121600 0.087500 0.151200 0.173700 0.161000 0.000000 0.087500 0.150000 0.157700 0.141400 0.142800 0.117400 0.115100 0.019000 0.095100 0.019000 0.164800 0.088300 0.193000 0.135800 0.126400 0.093900 0.155700 0.109000 0.137600 0.147800 0.142200 0.110700 0.177400 0.141500 0.086900 0.088900 0.117700 0.114600 0.082000 0.146500 0.012700 0.006400
Oribi 0.095400 0.580000 0.113500 0.399300 0.068000 0.087800 0.060400 0.060900 0.120900 0.149400 0.123100 0.061000 0.120500 0.054600 0.087100 0.039900 0.123100 0.130400 0.148000 0.087500 0.000000 0.136500 0.113500 0.105500 0.129400 0.082200 0.109100 0.107500 0.060700 0.107200 0.127900 0.074800 0.133600 0.115300 0.090600 0.088100 0.120800 0.088600 0.102300 0.127000 0.098500 0.075600 0.141100 0.120400 0.088000 0.061200 0.082400 0.080300 0.054300 0.119300 0.101300 0.094100
BarbaryShe 0.045900 0.698800 0.154200 0.391100 0.094200 0.052300 0.107900 0.087200 0.169100 0.224300 0.025400 0.160100 0.097800 0.102900 0.113300 0.136400 0.164300 0.186900 0.082900 0.150000 0.136500 0.000000 0.203300 0.194500 0.031600 0.153100 0.099500 0.170200 0.101300 0.154900 0.170600 0.080300 0.231100 0.106200 0.074800 0.158300 0.050800 0.101100 0.143600 0.216600 0.202900 0.102700 0.215300 0.179100 0.157900 0.101700 0.108800 0.105500 0.117600 0.172600 0.164300 0.156500
Daviddeer 0.183500 0.504500 0.184800 0.362600 0.130100 0.174500 0.136300 0.122200 0.184900 0.107600 0.189200 0.130000 0.200600 0.116000 0.149400 0.113200 0.142500 0.150100 0.214500 0.157700 0.113500 0.203300 0.000000 0.064000 0.179900 0.130000 0.173900 0.178800 0.136900 0.178200 0.071100 0.137300 0.161500 0.180300 0.155700 0.143500 0.185500 0.152100 0.151300 0.070800 0.028000 0.138700 0.099500 0.093600 0.128000 0.122700 0.146000 0.142100 0.123400 0.167700 0.172700 0.164500
Reindeer 0.174800 0.595200 0.168300 0.369200 0.121900 0.165900 0.098300 0.114100 0.168300 0.099800 0.180500 0.129200 0.191900 0.107900 0.126200 0.090800 0.134300 0.141800 0.190000 0.141400 0.105500 0.194500 0.064000 0.000000 0.186800 0.122000 0.149700 0.162200 0.113600 0.146800 0.093200 0.129000 0.153000 0.171600 0.147100 0.142600 0.192400 0.143700 0.158200 0.063100 0.063900 0.130300 0.091800 0.027900 0.142400 0.107300 0.137600 0.119100 0.115200 0.159400 0.156100 0.148200
Ibex 0.039300 0.652900 0.161500 0.362300 0.087400 0.045700 0.100900 0.080300 0.176500 0.216400 0.006300 0.152800 0.118400 0.095800 0.106400 0.129300 0.157000 0.179500 0.076300 0.142800 0.129400 0.031600 0.179900 0.186800 0.000000 0.145800 0.092700 0.162900 0.108500 0.147800 0.163100 0.073500 0.223200 0.099300 0.067900 0.151000 0.057400 0.094100 0.122100 0.209100 0.195100 0.110000 0.207600 0.171400 0.150700 0.094700 0.101700 0.113100 0.110400 0.165600 0.157000 0.149300
GyrantGaze 0.118700 0.665000 0.143800 0.447900 0.083200 0.110700 0.089500 0.075900 0.151500 0.182600 0.139500 0.104800 0.151200 0.069600 0.102400 0.060800 0.154400 0.162000 0.179400 0.117400 0.082200 0.153100 0.130000 0.122000 0.145800 0.000000 0.125100 0.137700 0.075200 0.137400 0.160500 0.090200 0.189300 0.131400 0.106600 0.118200 0.151600 0.104200 0.118300 0.143900 0.130100 0.047800 0.166200 0.137300 0.118000 0.076200 0.098100 0.095500 0.076600 0.149400 0.131600 0.124000
Hartebeest 0.088000 0.633100 0.141100 0.416900 0.066600 0.094500 0.094900 0.073100 0.148600 0.203300 0.086400 0.132000 0.038300 0.089700 0.100500 0.109000 0.181600 0.189300 0.125400 0.115100 0.109100 0.099500 0.173900 0.149700 0.092700 0.125100 0.000000 0.135100 0.102600 0.134700 0.188700 0.110000 0.201700 0.019300 0.047600 0.145200 0.112900 0.088100 0.123700 0.156100 0.173400 0.089500 0.186000 0.134700 0.145000 0.067500 0.094600 0.093300 0.089600 0.160600 0.129100 0.121600
Bongo 0.143900 0.701100 0.043900 0.481200 0.108500 0.135800 0.100400 0.115600 0.024900 0.223000 0.156900 0.086900 0.175100 0.081100 0.141500 0.107400 0.156600 0.179000 0.166200 0.019000 0.107500 0.170200 0.178800 0.162200 0.162900 0.137700 0.135100 0.000000 0.115200 0.037900 0.185900 0.108400 0.214000 0.155800 0.147100 0.113700 0.160900 0.129200 0.157800 0.168400 0.163100 0.131100 0.198200 0.147100 0.106700 0.109100 0.138100 0.134500 0.102200 0.166100 0.031700 0.025200
Gerenuk 0.081900 0.612500 0.121300 0.403000 0.075500 0.088500 0.067800 0.054300 0.114500 0.157900 0.102200 0.082400 0.114300 0.062000 0.080700 0.033100 0.130900 0.138300 0.155900 0.095100 0.060700 0.101300 0.136900 0.113600 0.108500 0.075200 0.102600 0.115200 0.000000 0.100800 0.151500 0.068100 0.149400 0.108900 0.083900 0.095600 0.128600 0.096300 0.095800 0.150500 0.121400 0.040600 0.164800 0.098900 0.109900 0.054600 0.090100 0.060100 0.069000 0.141200 0.109100 0.101700
CommonElan 0.128800 0.697700 0.044000 0.467700 0.108200 0.121000 0.086300 0.115300 0.050500 0.190900 0.141700 0.086700 0.174700 0.095000 0.112800 0.093200 0.171000 0.193700 0.151400 0.019000 0.107200 0.154900 0.178200 0.146800 0.147800 0.137400 0.134700 0.037900 0.100800 0.000000 0.169800 0.093900 0.197900 0.155400 0.139300 0.113400 0.160500 0.114400 0.142700 0.168000 0.162600 0.130800 0.182100 0.146900 0.106400 0.108800 0.123000 0.120100 0.101900 0.165700 0.031700 0.025300
MuntiacusR 0.166700 0.627700 0.191900 0.408300 0.144800 0.157900 0.120300 0.121500 0.192000 0.062800 0.156700 0.144700 0.215400 0.115200 0.133600 0.127700 0.134300 0.141900 0.182000 0.164800 0.127900 0.170600 0.071100 0.093200 0.163100 0.160500 0.188700 0.185900 0.151500 0.169800 0.000000 0.106100 0.176400 0.195100 0.163000 0.158200 0.184400 0.151200 0.150500 0.099700 0.070900 0.153600 0.069800 0.108200 0.142400 0.137400 0.145300 0.156500 0.138200 0.166600 0.179900 0.171600
HarveysDui 0.075000 0.680900 0.114500 0.402400 0.068700 0.067600 0.053500 0.061500 0.121900 0.142700 0.067100 0.097100 0.136000 0.033800 0.080800 0.074800 0.102200 0.123900 0.106100 0.088300 0.074800 0.080300 0.137300 0.129000 0.073500 0.090200 0.110000 0.108400 0.068100 0.093900 0.106100 0.000000 0.172800 0.116300 0.084200 0.095900 0.093500 0.075100 0.096000 0.150900 0.137000 0.076200 0.149900 0.129200 0.095700 0.061700 0.076000 0.088000 0.069200 0.112900 0.102200 0.094900
Pronghorn 0.195700 0.607700 0.220000 0.423100 0.157900 0.186600 0.148900 0.150000 0.220000 0.182900 0.217000 0.165200 0.212900 0.151600 0.161400 0.126000 0.177600 0.185400 0.226000 0.193000 0.133600 0.231100 0.161500 0.153000 0.223200 0.189300 0.201700 0.214000 0.149400 0.197900 0.176400 0.172800 0.000000 0.208000 0.184100 0.194300 0.221000 0.164400 0.210300 0.175200 0.145400 0.166800 0.189900 0.168800 0.194000 0.135400 0.181900 0.169500 0.159000 0.209900 0.199800 0.199800
BlueWildeb 0.094300 0.641900 0.161700 0.423500 0.074100 0.100700 0.115600 0.067100 0.169400 0.193900 0.093100 0.138200 0.044400 0.096100 0.106700 0.115300 0.172500 0.180100 0.145600 0.135800 0.115300 0.106200 0.180300 0.171600 0.099300 0.131400 0.019300 0.155800 0.108900 0.155400 0.195100 0.116300 0.208000 0.000000 0.054100 0.151400 0.105200 0.094400 0.129900 0.162600 0.179800 0.095900 0.192600 0.156400 0.151200 0.081300 0.102500 0.100000 0.096000 0.167400 0.135300 0.142300
Gemsbok 0.062200 0.605800 0.153200 0.401000 0.048400 0.068800 0.090800 0.055500 0.161100 0.185500 0.061400 0.113700 0.073800 0.070600 0.075200 0.090500 0.164300 0.164400 0.115200 0.126400 0.090600 0.074800 0.155700 0.147100 0.067900 0.106600 0.047600 0.147100 0.083900 0.139300 0.163000 0.084200 0.184100 0.054100 0.000000 0.127300 0.088000 0.062200 0.105200 0.168600 0.147000 0.070400 0.176600 0.131600 0.127100 0.055700 0.070100 0.075200 0.070500 0.158800 0.140900 0.133100
Yak 0.139100 0.676000 0.119700 0.460400 0.089000 0.130900 0.109600 0.096100 0.127100 0.187500 0.144800 0.053600 0.171000 0.090000 0.122300 0.088000 0.144800 0.152200 0.169400 0.093900 0.088100 0.158300 0.143500 0.142600 0.151000 0.118200 0.145200 0.113700 0.095600 0.113400 0.158200 0.095900 0.194300 0.151400 0.127300 0.000000 0.156600 0.102700 0.138400 0.164400 0.143100 0.111400 0.178900 0.157100 0.025900 0.096400 0.118500 0.115300 0.097000 0.154600 0.107700 0.100400
BlueSheep 0.058700 0.705600 0.159800 0.385900 0.093800 0.051800 0.092900 0.100700 0.189200 0.206200 0.051200 0.158500 0.110300 0.087600 0.112200 0.135100 0.162700 0.185100 0.082100 0.155700 0.120800 0.050800 0.185500 0.192400 0.057400 0.151600 0.112900 0.160900 0.128600 0.160500 0.184400 0.093500 0.221000 0.105200 0.088000 0.156600 0.000000 0.100100 0.156700 0.214400 0.185000 0.130400 0.197500 0.176900 0.156500 0.115400 0.108200 0.119400 0.116400 0.186600 0.169900 0.162100
BohorReedb 0.081800 0.657700 0.135200 0.454700 0.020000 0.074300 0.088800 0.068200 0.142800 0.173100 0.087800 0.096500 0.113900 0.069000 0.066600 0.088600 0.160600 0.168200 0.126900 0.109000 0.088600 0.101100 0.152100 0.143700 0.094100 0.104200 0.088100 0.129200 0.096300 0.114400 0.151200 0.075100 0.164400 0.094400 0.062200 0.102700 0.100100 0.000000 0.109900 0.165600 0.151700 0.083100 0.164500 0.143800 0.102600 0.054500 0.061400 0.073600 0.068900 0.155500 0.123100 0.115600
KirksDik 0.124500 0.653900 0.163700 0.431000 0.103600 0.131000 0.109700 0.082000 0.171600 0.156600 0.130200 0.125200 0.149500 0.090000 0.094000 0.102300 0.174700 0.182400 0.184200 0.137600 0.102300 0.143600 0.151300 0.158200 0.122100 0.118300 0.123700 0.157800 0.095800 0.142700 0.150500 0.096000 0.210300 0.129900 0.105200 0.138400 0.156700 0.109900 0.000000 0.180600 0.166400 0.097000 0.163700 0.143000 0.138200 0.082300 0.089500 0.115400 0.097100 0.169200 0.151900 0.144100
RoeDeer 0.196100 0.576600 0.174500 0.396900 0.143700 0.187000 0.134500 0.120700 0.174500 0.121300 0.202600 0.151000 0.198200 0.129700 0.147500 0.126900 0.140600 0.148200 0.211600 0.147800 0.127000 0.216600 0.070800 0.063100 0.209100 0.143900 0.156100 0.168400 0.150500 0.168000 0.099700 0.150900 0.175200 0.162600 0.168600 0.164400 0.214400 0.165600 0.180600 0.000000 0.070500 0.152500 0.098300 0.092300 0.164100 0.129100 0.159700 0.140300 0.137100 0.165700 0.147200 0.154500
WhiteLippe 0.167400 0.517500 0.169200 0.401800 0.129700 0.158500 0.136000 0.121900 0.169200 0.107300 0.188800 0.114500 0.200100 0.115700 0.149000 0.098400 0.142100 0.142300 0.214000 0.142200 0.098500 0.202900 0.028000 0.063900 0.195100 0.130100 0.173400 0.163100 0.121400 0.162600 0.070900 0.137000 0.145400 0.179800 0.147000 0.143100 0.185000 0.151700 0.166400 0.070500 0.000000 0.138400 0.099400 0.093400 0.127700 0.122400 0.145700 0.141700 0.123100 0.167300 0.157000 0.148900
ThomsonGaz 0.083000 0.625200 0.137200 0.419400 0.062200 0.089600 0.075700 0.041000 0.130300 0.175700 0.103600 0.098000 0.101500 0.055600 0.095800 0.061100 0.147600 0.155200 0.158000 0.110700 0.075600 0.102700 0.138700 0.130300 0.110000 0.047800 0.089500 0.131100 0.040600 0.130800 0.153600 0.076200 0.166800 0.095900 0.070400 0.111400 0.130400 0.083100 0.097000 0.152500 0.138400 0.000000 0.167000 0.115200 0.111300 0.041200 0.091300 0.074800 0.069800 0.142900 0.125000 0.117400
MuntiacusC 0.195900 0.626500 0.204100 0.456900 0.158200 0.186800 0.148800 0.150200 0.204200 0.033800 0.201300 0.165500 0.228400 0.144200 0.146700 0.125900 0.162800 0.170500 0.210400 0.177400 0.141100 0.215300 0.099500 0.091800 0.207600 0.166200 0.186000 0.198200 0.164800 0.182100 0.069800 0.149900 0.189900 0.192600 0.176600 0.178900 0.197500 0.164500 0.163700 0.098300 0.099400 0.167000 0.000000 0.106600 0.178600 0.143400 0.158700 0.169700 0.151700 0.194900 0.192300 0.184100
WhiteTaile 0.159400 0.626800 0.168300 0.390600 0.121900 0.166100 0.098300 0.099300 0.168400 0.114700 0.165100 0.144600 0.176600 0.092800 0.126300 0.105500 0.134200 0.141700 0.189800 0.141500 0.120400 0.179100 0.093600 0.027900 0.171400 0.137300 0.134700 0.147100 0.098900 0.146900 0.108200 0.129200 0.168800 0.156400 0.131600 0.157100 0.176900 0.143800 0.143000 0.092300 0.093400 0.115200 0.106600 0.000000 0.156900 0.092400 0.137800 0.119100 0.115300 0.174500 0.156200 0.148200
Cattle 0.153900 0.660800 0.112700 0.469800 0.088900 0.145600 0.109500 0.096000 0.120000 0.187200 0.144500 0.053600 0.170800 0.089800 0.122200 0.087900 0.144400 0.151800 0.169100 0.086900 0.088000 0.157900 0.128000 0.142400 0.150700 0.118000 0.145000 0.106700 0.109900 0.106400 0.142400 0.095700 0.194000 0.151200 0.127100 0.025900 0.156500 0.102600 0.138200 0.164100 0.127700 0.111300 0.178600 0.156900 0.000000 0.096300 0.118300 0.115200 0.096900 0.139800 0.100600 0.093300
RoyalAntel 0.082700 0.608700 0.115200 0.396700 0.047600 0.089300 0.054400 0.026900 0.122700 0.159300 0.088400 0.083100 0.101000 0.041300 0.081300 0.061100 0.132100 0.139500 0.135700 0.088900 0.061200 0.101700 0.122700 0.107300 0.094700 0.076200 0.067500 0.109100 0.054600 0.108800 0.137400 0.061700 0.135400 0.081300 0.055700 0.096400 0.115400 0.054500 0.082300 0.129100 0.122400 0.041200 0.143400 0.092400 0.096300 0.000000 0.076000 0.074000 0.055300 0.127300 0.102900 0.095500
Steenbok 0.089900 0.653000 0.144100 0.440800 0.054500 0.082200 0.089700 0.075700 0.151900 0.167200 0.095400 0.105100 0.122200 0.069800 0.060400 0.082300 0.139700 0.147200 0.135400 0.117700 0.082400 0.108800 0.146000 0.137600 0.101700 0.098100 0.094600 0.138100 0.090100 0.123000 0.145300 0.076000 0.181900 0.102500 0.070100 0.118500 0.108200 0.061400 0.089500 0.159700 0.145700 0.091300 0.158700 0.137800 0.118300 0.076000 0.000000 0.066900 0.048300 0.134600 0.124700 0.124300
Impala 0.101600 0.658400 0.140500 0.435800 0.053200 0.093900 0.073600 0.073800 0.133800 0.162900 0.106900 0.102300 0.105400 0.067900 0.045500 0.066500 0.150700 0.158100 0.146200 0.114600 0.080300 0.105500 0.142100 0.119100 0.113100 0.095500 0.093300 0.134500 0.060100 0.120100 0.156500 0.088000 0.169500 0.100000 0.075200 0.115300 0.119400 0.073600 0.115400 0.140300 0.141700 0.074800 0.169700 0.119100 0.115200 0.074000 0.066900 0.000000 0.060900 0.131200 0.128600 0.121100
Klipspring 0.103500 0.624500 0.108400 0.441400 0.048100 0.095700 0.068700 0.055100 0.115800 0.160200 0.104000 0.083600 0.115800 0.048600 0.067700 0.061500 0.118000 0.125400 0.143600 0.082000 0.054300 0.117600 0.123400 0.115200 0.110400 0.076600 0.089600 0.102200 0.069000 0.101900 0.138200 0.069200 0.159000 0.096000 0.070500 0.097000 0.116400 0.068900 0.097100 0.137100 0.123100 0.069800 0.151700 0.115300 0.096900 0.055300 0.048300 0.060900 0.000000 0.128700 0.088900 0.088600
ForestMusk 0.169800 0.721500 0.171900 0.431600 0.134100 0.161600 0.126400 0.126800 0.179500 0.203400 0.159600 0.141700 0.186600 0.107400 0.138700 0.119200 0.132000 0.146900 0.170100 0.146500 0.119300 0.172600 0.167700 0.159400 0.165600 0.149400 0.160600 0.166100 0.141200 0.165700 0.166600 0.112900 0.209900 0.167400 0.158800 0.154600 0.186600 0.155500 0.169200 0.165700 0.167300 0.142900 0.194900 0.174500 0.139800 0.127300 0.134600 0.131200 0.128700 0.000000 0.160400 0.152900
Bushbuck 0.137800 0.697300 0.037800 0.485600 0.102300 0.129700 0.094300 0.095100 0.044300 0.217100 0.150900 0.080700 0.169400 0.089000 0.135500 0.101300 0.143500 0.165700 0.175100 0.012700 0.101300 0.164300 0.172700 0.156100 0.157000 0.131600 0.129100 0.031700 0.109100 0.031700 0.179900 0.102200 0.199800 0.135300 0.140900 0.107700 0.169900 0.123100 0.151900 0.147200 0.157000 0.125000 0.192300 0.156200 0.100600 0.102900 0.124700 0.128600 0.088900 0.160400 0.000000 0.019000
GreaterKud 0.130100 0.679400 0.031300 0.473400 0.095000 0.122200 0.087100 0.102100 0.037800 0.208600 0.143200 0.073600 0.161700 0.081700 0.128000 0.094000 0.157700 0.180300 0.167400 0.006400 0.094100 0.156500 0.164500 0.148200 0.149300 0.124000 0.121600 0.025200 0.101700 0.025300 0.171600 0.094900 0.199800 0.142300 0.133100 0.100400 0.162100 0.115600 0.144100 0.154500 0.148900 0.117400 0.184100 0.148200 0.093300 0.095500 0.124300 0.121100 0.088600 0.152900 0.019000 0.000000
