CODONML (in paml version 4.10.7, June 2023)  /home/rachel/ruminants_paml/6406-phy-tree/ENSBTAT00000017968.fasta.phy
Model: free dN/dS Ratios for branches,  kappa = 2.000 fixed

Codon frequency model: F3x4
ns =  54  ls = 126

Codon usage in sequences
--------------------------------------------------------------------------------------------------------------------------------------
Phe TTT   3   3   3   2   3   3 | Ser TCT   2   1   2   2   2   2 | Tyr TAT   5   4   5   5   4   5 | Cys TGT   0   0   0   0   0   0
    TTC   3   3   3   4   3   3 |     TCC   0   0   0   0   0   0 |     TAC   3   4   3   3   4   3 |     TGC   1   1   1   1   1   1
Leu TTA   2   2   2   2   2   3 |     TCA   1   1   1   1   1   1 | *** TAA   0   0   0   0   0   0 | *** TGA   0   0   0   0   0   0
    TTG   3   4   4   3   5   4 |     TCG   0   1   0   0   0   0 |     TAG   0   0   0   0   0   0 | Trp TGG   2   2   2   2   2   2
--------------------------------------------------------------------------------------------------------------------------------------
Leu CTT   3   4   2   3   4   3 | Pro CCT   1   1   1   1   1   1 | His CAT   1   1   1   1   0   1 | Arg CGT   0   0   0   0   0   0
    CTC   1   1   2   1   1   2 |     CCC   3   3   3   3   3   3 |     CAC   0   0   0   0   1   0 |     CGC   0   0   0   0   0   0
    CTA   4   2   3   3   3   2 |     CCA   4   4   4   4   4   4 | Gln CAA   2   1   2   2   1   1 |     CGA   0   0   0   0   2   0
    CTG   5   5   5   6   3   4 |     CCG   0   0   0   0   0   0 |     CAG   1   2   1   1   2   2 |     CGG   1   1   1   1   0   1
--------------------------------------------------------------------------------------------------------------------------------------
Ile ATT   4   5   5   5   4   5 | Thr ACT   0   0   0   0   0   0 | Asn AAT   2   3   2   2   2   2 | Ser AGT   2   2   2   2   2   2
    ATC   1   1   1   1   2   1 |     ACC   0   0   0   0   0   0 |     AAC   3   2   3   3   3   3 |     AGC   1   1   1   1   1   1
    ATA   1   0   0   0   0   0 |     ACA   2   3   2   2   3   3 | Lys AAA   4   3   4   4   4   4 | Arg AGA   1   1   1   1   0   1
Met ATG   4   3   4   4   4   4 |     ACG   1   0   1   1   0   0 |     AAG   7   8   7   7   7   7 |     AGG   3   3   3   3   3   3
--------------------------------------------------------------------------------------------------------------------------------------
Val GTT   6   6   6   6   5   6 | Ala GCT   3   2   3   3   2   2 | Asp GAT   3   3   3   3   4   3 | Gly GGT   0   0   0   0   0   0
    GTC   1   1   1   1   2   1 |     GCC   0   0   0   0   0   0 |     GAC   2   2   2   2   1   2 |     GGC   2   2   2   2   2   2
    GTA   3   3   3   3   3   3 |     GCA   2   3   2   3   3   2 | Glu GAA   6   6   6   6   6   6 |     GGA   1   1   1   1   1   1
    GTG   5   6   5   5   5   5 |     GCG   2   2   2   1   2   3 |     GAG   3   3   3   3   3   3 |     GGG   0   0   0   0   0   0
--------------------------------------------------------------------------------------------------------------------------------------

--------------------------------------------------------------------------------------------------------------------------------------
Phe TTT   3   3   3   3   3   3 | Ser TCT   1   2   2   2   2   2 | Tyr TAT   6   5   5   5   5   5 | Cys TGT   0   0   0   0   0   0
    TTC   3   3   3   3   3   3 |     TCC   1   0   0   0   0   0 |     TAC   2   3   3   3   3   3 |     TGC   1   1   1   1   1   1
Leu TTA   2   2   2   2   2   2 |     TCA   1   1   1   1   1   1 | *** TAA   0   0   0   0   0   0 | *** TGA   0   0   0   0   0   0
    TTG   3   3   3   3   4   3 |     TCG   0   0   0   0   0   0 |     TAG   0   0   0   0   0   0 | Trp TGG   2   2   2   2   2   2
--------------------------------------------------------------------------------------------------------------------------------------
Leu CTT   2   3   2   2   2   2 | Pro CCT   1   1   1   1   1   1 | His CAT   1   1   1   1   1   1 | Arg CGT   0   0   0   0   0   0
    CTC   2   1   2   2   2   2 |     CCC   3   3   3   3   3   3 |     CAC   0   0   0   0   0   0 |     CGC   0   0   0   0   0   0
    CTA   3   4   3   5   3   3 |     CCA   4   4   4   4   4   4 | Gln CAA   2   2   2   2   2   1 |     CGA   0   0   0   0   0   0
    CTG   6   5   6   4   5   6 |     CCG   0   0   0   0   0   0 |     CAG   1   1   1   1   1   2 |     CGG   1   1   1   1   1   1
--------------------------------------------------------------------------------------------------------------------------------------
Ile ATT   5   4   5   5   5   5 | Thr ACT   0   0   0   0   0   0 | Asn AAT   1   2   2   2   2   2 | Ser AGT   2   2   2   2   2   2
    ATC   1   1   1   1   1   1 |     ACC   0   0   0   0   0   0 |     AAC   5   3   3   3   3   3 |     AGC   1   1   1   1   1   1
    ATA   0   1   0   0   0   0 |     ACA   2   2   2   3   2   3 | Lys AAA   4   4   4   4   4   4 | Arg AGA   1   1   1   1   1   1
Met ATG   4   4   4   4   4   3 |     ACG   1   1   1   0   1   0 |     AAG   7   7   7   7   7   7 |     AGG   3   3   3   3   3   3
--------------------------------------------------------------------------------------------------------------------------------------
Val GTT   6   6   6   6   6   7 | Ala GCT   3   3   3   3   3   3 | Asp GAT   2   3   3   3   3   3 | Gly GGT   0   0   0   0   0   0
    GTC   1   1   1   1   1   0 |     GCC   0   0   0   0   0   0 |     GAC   2   2   2   2   2   2 |     GGC   2   2   2   2   2   2
    GTA   2   3   3   3   3   3 |     GCA   2   2   2   2   2   2 | Glu GAA   6   7   6   6   6   6 |     GGA   1   1   1   1   1   1
    GTG   6   5   5   5   6   6 |     GCG   2   2   2   2   1   2 |     GAG   3   2   3   3   3   3 |     GGG   0   0   0   0   0   0
--------------------------------------------------------------------------------------------------------------------------------------

--------------------------------------------------------------------------------------------------------------------------------------
Phe TTT   3   3   3   3   3   3 | Ser TCT   2   2   2   2   2   2 | Tyr TAT   5   5   5   5   5   5 | Cys TGT   0   0   0   0   0   0
    TTC   3   3   3   3   3   3 |     TCC   0   0   0   0   0   0 |     TAC   3   3   3   3   3   3 |     TGC   1   1   1   1   1   1
Leu TTA   2   2   2   2   2   2 |     TCA   1   1   0   1   1   1 | *** TAA   0   0   0   0   0   0 | *** TGA   0   0   0   0   0   0
    TTG   3   3   3   3   3   3 |     TCG   0   0   1   0   0   0 |     TAG   0   0   0   0   0   0 | Trp TGG   2   2   2   2   2   2
--------------------------------------------------------------------------------------------------------------------------------------
Leu CTT   3   2   2   2   2   2 | Pro CCT   1   1   1   1   1   1 | His CAT   1   1   1   1   1   1 | Arg CGT   0   0   0   0   0   0
    CTC   1   2   2   2   2   3 |     CCC   3   3   3   3   3   3 |     CAC   0   0   0   0   0   0 |     CGC   0   0   0   0   0   0
    CTA   4   2   3   3   3   4 |     CCA   4   4   4   4   4   4 | Gln CAA   2   2   2   2   2   2 |     CGA   0   0   0   0   0   0
    CTG   5   7   6   6   6   4 |     CCG   0   0   0   0   0   0 |     CAG   1   1   1   1   1   1 |     CGG   1   1   1   1   1   1
--------------------------------------------------------------------------------------------------------------------------------------
Ile ATT   4   5   4   5   5   5 | Thr ACT   0   0   0   0   0   0 | Asn AAT   2   2   2   2   2   2 | Ser AGT   2   2   2   2   2   2
    ATC   1   1   1   1   1   1 |     ACC   0   0   0   0   0   0 |     AAC   3   3   3   3   3   3 |     AGC   1   1   1   1   1   1
    ATA   1   0   1   0   0   0 |     ACA   2   2   2   2   2   2 | Lys AAA   4   4   5   4   4   4 | Arg AGA   1   1   1   1   1   1
Met ATG   4   4   4   4   4   4 |     ACG   1   1   1   1   1   1 |     AAG   7   7   6   7   7   7 |     AGG   3   3   3   3   3   3
--------------------------------------------------------------------------------------------------------------------------------------
Val GTT   6   6   6   6   7   7 | Ala GCT   3   3   3   3   3   3 | Asp GAT   3   3   3   3   3   3 | Gly GGT   0   0   0   0   0   0
    GTC   1   1   1   1   0   0 |     GCC   0   0   0   0   0   0 |     GAC   2   2   2   2   2   2 |     GGC   2   2   2   2   2   2
    GTA   3   3   3   3   3   3 |     GCA   2   3   2   2   3   2 | Glu GAA   6   5   6   6   6   6 |     GGA   1   1   1   1   1   1
    GTG   5   5   5   5   5   5 |     GCG   2   1   2   2   1   2 |     GAG   3   4   3   3   3   3 |     GGG   0   0   0   0   0   0
--------------------------------------------------------------------------------------------------------------------------------------

--------------------------------------------------------------------------------------------------------------------------------------
Phe TTT   2   2   2   3   3   3 | Ser TCT   2   2   2   2   2   2 | Tyr TAT   5   5   5   5   5   5 | Cys TGT   0   0   0   0   0   0
    TTC   4   4   4   3   3   3 |     TCC   0   0   0   0   0   0 |     TAC   3   3   3   3   3   3 |     TGC   1   1   1   1   1   1
Leu TTA   2   2   2   2   2   2 |     TCA   1   1   1   1   1   1 | *** TAA   0   0   0   0   0   0 | *** TGA   0   0   0   0   0   0
    TTG   3   3   3   4   3   3 |     TCG   0   0   0   0   0   0 |     TAG   0   0   0   0   0   0 | Trp TGG   2   2   2   2   2   2
--------------------------------------------------------------------------------------------------------------------------------------
Leu CTT   2   2   2   2   2   3 | Pro CCT   1   2   1   1   1   1 | His CAT   1   1   1   1   1   1 | Arg CGT   0   0   0   0   0   0
    CTC   2   2   2   2   2   1 |     CCC   3   2   3   3   3   3 |     CAC   0   0   0   0   0   0 |     CGC   0   0   0   0   0   0
    CTA   3   3   4   3   5   4 |     CCA   4   4   4   4   4   4 | Gln CAA   1   1   2   2   2   2 |     CGA   0   0   0   0   0   0
    CTG   6   6   5   5   4   5 |     CCG   0   0   0   0   0   0 |     CAG   2   2   1   1   1   1 |     CGG   2   2   1   1   1   1
--------------------------------------------------------------------------------------------------------------------------------------
Ile ATT   5   5   4   5   5   4 | Thr ACT   0   0   0   0   0   0 | Asn AAT   2   2   2   2   3   2 | Ser AGT   2   2   2   2   2   2
    ATC   1   1   1   1   1   1 |     ACC   0   0   0   0   0   0 |     AAC   3   3   3   3   2   3 |     AGC   1   1   1   1   1   1
    ATA   0   0   1   0   0   1 |     ACA   2   3   2   2   2   2 | Lys AAA   4   4   4   4   4   4 | Arg AGA   1   1   1   1   1   1
Met ATG   4   4   4   4   4   4 |     ACG   1   0   1   1   1   1 |     AAG   7   7   7   7   7   7 |     AGG   2   2   3   3   3   3
--------------------------------------------------------------------------------------------------------------------------------------
Val GTT   7   7   6   6   5   6 | Ala GCT   3   3   3   3   3   3 | Asp GAT   2   3   3   3   2   3 | Gly GGT   0   0   0   0   0   0
    GTC   1   1   1   1   1   1 |     GCC   0   0   0   0   0   0 |     GAC   3   2   2   2   3   2 |     GGC   2   2   2   2   1   2
    GTA   2   2   3   3   3   2 |     GCA   2   2   2   2   2   2 | Glu GAA   5   5   6   6   6   6 |     GGA   1   1   1   1   1   1
    GTG   5   5   5   5   6   6 |     GCG   2   2   2   2   2   2 |     GAG   4   4   3   3   3   3 |     GGG   0   0   0   0   1   0
--------------------------------------------------------------------------------------------------------------------------------------

--------------------------------------------------------------------------------------------------------------------------------------
Phe TTT   3   3   3   3   3   3 | Ser TCT   2   2   2   2   2   2 | Tyr TAT   5   5   5   5   5   5 | Cys TGT   0   0   0   0   0   0
    TTC   3   3   3   3   3   3 |     TCC   0   0   0   0   0   0 |     TAC   3   3   3   3   3   3 |     TGC   1   1   1   1   1   1
Leu TTA   2   2   2   2   2   2 |     TCA   1   1   1   1   0   1 | *** TAA   0   0   0   0   0   0 | *** TGA   0   0   0   0   0   0
    TTG   3   3   3   3   3   4 |     TCG   0   0   0   0   1   0 |     TAG   0   0   0   0   0   0 | Trp TGG   2   2   2   2   2   2
--------------------------------------------------------------------------------------------------------------------------------------
Leu CTT   2   2   3   2   2   2 | Pro CCT   1   1   1   1   1   1 | His CAT   1   1   1   1   1   1 | Arg CGT   0   0   0   0   0   0
    CTC   2   2   1   2   2   2 |     CCC   3   3   3   3   3   3 |     CAC   0   0   0   0   0   0 |     CGC   0   0   0   0   0   0
    CTA   3   3   4   5   3   3 |     CCA   4   4   4   4   4   4 | Gln CAA   1   1   2   2   2   2 |     CGA   0   0   0   0   0   0
    CTG   6   6   5   4   6   5 |     CCG   0   0   0   0   0   0 |     CAG   2   2   1   1   1   1 |     CGG   1   1   1   1   1   1
--------------------------------------------------------------------------------------------------------------------------------------
Ile ATT   5   5   4   4   4   5 | Thr ACT   0   0   0   0   0   0 | Asn AAT   2   2   2   2   2   2 | Ser AGT   2   2   2   2   2   2
    ATC   1   1   1   2   1   1 |     ACC   0   0   0   0   0   0 |     AAC   3   3   3   3   3   3 |     AGC   1   1   1   1   1   1
    ATA   0   0   1   0   1   0 |     ACA   3   3   2   2   2   2 | Lys AAA   4   5   4   4   5   4 | Arg AGA   1   2   1   1   1   1
Met ATG   3   3   4   4   4   4 |     ACG   0   0   1   1   1   1 |     AAG   7   6   7   7   6   7 |     AGG   3   2   3   3   3   3
--------------------------------------------------------------------------------------------------------------------------------------
Val GTT   5   5   6   7   6   6 | Ala GCT   3   3   3   3   3   3 | Asp GAT   3   3   3   3   3   3 | Gly GGT   0   0   0   0   0   0
    GTC   2   2   1   0   1   1 |     GCC   0   0   0   0   0   0 |     GAC   2   2   2   2   2   2 |     GGC   2   2   2   2   2   2
    GTA   3   3   3   3   3   3 |     GCA   2   2   2   2   2   2 | Glu GAA   6   7   6   6   6   6 |     GGA   1   1   1   1   1   1
    GTG   6   6   5   5   5   5 |     GCG   2   2   2   2   2   2 |     GAG   3   2   3   3   3   3 |     GGG   0   0   0   0   0   0
--------------------------------------------------------------------------------------------------------------------------------------

--------------------------------------------------------------------------------------------------------------------------------------
Phe TTT   3   3   3   3   3   3 | Ser TCT   2   2   2   2   2   2 | Tyr TAT   5   5   5   5   5   5 | Cys TGT   0   0   0   0   0   0
    TTC   3   3   3   3   3   3 |     TCC   0   0   0   0   0   0 |     TAC   3   3   3   3   3   3 |     TGC   1   1   1   1   1   1
Leu TTA   2   2   2   2   2   2 |     TCA   1   1   1   1   1   0 | *** TAA   0   0   0   0   0   0 | *** TGA   0   0   0   0   0   0
    TTG   3   4   3   3   3   3 |     TCG   0   0   0   0   0   1 |     TAG   0   0   0   0   0   0 | Trp TGG   2   2   2   2   2   2
--------------------------------------------------------------------------------------------------------------------------------------
Leu CTT   3   2   2   2   1   2 | Pro CCT   1   1   1   1   1   1 | His CAT   1   1   1   1   1   1 | Arg CGT   0   0   0   0   0   0
    CTC   2   2   2   2   2   2 |     CCC   3   3   3   3   3   3 |     CAC   0   0   0   0   0   0 |     CGC   0   0   0   0   0   0
    CTA   4   3   3   3   3   3 |     CCA   4   4   4   4   4   4 | Gln CAA   2   2   1   2   1   2 |     CGA   0   0   0   0   0   0
    CTG   4   5   6   6   7   6 |     CCG   0   0   0   0   0   0 |     CAG   1   1   2   1   2   1 |     CGG   1   1   1   1   1   1
--------------------------------------------------------------------------------------------------------------------------------------
Ile ATT   5   5   5   5   5   4 | Thr ACT   0   0   0   0   0   0 | Asn AAT   2   2   2   2   2   2 | Ser AGT   2   2   2   2   2   2
    ATC   1   1   1   1   1   1 |     ACC   0   0   0   0   0   0 |     AAC   3   3   3   3   3   3 |     AGC   1   1   1   1   1   1
    ATA   0   0   0   0   0   1 |     ACA   2   2   3   2   2   2 | Lys AAA   4   4   4   4   4   5 | Arg AGA   1   1   1   1   1   1
Met ATG   4   4   3   4   4   4 |     ACG   1   1   0   1   1   1 |     AAG   7   7   7   7   7   6 |     AGG   3   3   3   3   3   3
--------------------------------------------------------------------------------------------------------------------------------------
Val GTT   7   6   7   6   7   6 | Ala GCT   3   3   3   3   3   3 | Asp GAT   3   3   3   3   2   3 | Gly GGT   0   0   0   0   0   0
    GTC   0   1   0   1   0   1 |     GCC   0   0   0   0   0   0 |     GAC   2   2   2   2   3   2 |     GGC   2   2   2   2   2   2
    GTA   3   3   3   3   3   3 |     GCA   2   2   2   2   2   2 | Glu GAA   6   6   6   6   5   6 |     GGA   1   1   1   1   1   1
    GTG   5   5   6   5   5   5 |     GCG   2   2   2   2   2   2 |     GAG   3   3   3   3   4   3 |     GGG   0   0   0   0   0   0
--------------------------------------------------------------------------------------------------------------------------------------

--------------------------------------------------------------------------------------------------------------------------------------
Phe TTT   3   3   3   3   3   3 | Ser TCT   2   2   2   1   2   2 | Tyr TAT   5   4   5   5   5   4 | Cys TGT   0   0   0   0   0   0
    TTC   3   3   3   3   3   3 |     TCC   0   0   0   1   0   0 |     TAC   3   4   3   3   3   4 |     TGC   1   1   1   1   1   1
Leu TTA   2   2   2   2   1   2 |     TCA   1   1   1   1   1   1 | *** TAA   0   0   0   0   0   0 | *** TGA   0   0   0   0   0   0
    TTG   3   3   3   3   4   3 |     TCG   0   0   0   0   0   0 |     TAG   0   0   0   0   0   0 | Trp TGG   2   2   2   2   2   2
--------------------------------------------------------------------------------------------------------------------------------------
Leu CTT   2   2   3   2   2   3 | Pro CCT   1   1   2   1   1   1 | His CAT   1   1   1   1   1   1 | Arg CGT   0   0   0   0   0   0
    CTC   2   2   1   2   2   1 |     CCC   3   3   2   3   2   3 |     CAC   0   0   0   0   0   0 |     CGC   0   0   0   0   0   0
    CTA   3   2   4   3   5   3 |     CCA   4   4   4   4   4   4 | Gln CAA   2   2   2   2   2   1 |     CGA   0   0   0   0   0   0
    CTG   6   7   5   6   4   6 |     CCG   0   0   0   0   1   0 |     CAG   1   1   1   1   1   2 |     CGG   1   1   1   1   1   1
--------------------------------------------------------------------------------------------------------------------------------------
Ile ATT   4   5   4   5   5   4 | Thr ACT   0   0   0   0   0   0 | Asn AAT   2   2   2   1   2   2 | Ser AGT   2   2   2   2   2   2
    ATC   1   1   1   1   1   2 |     ACC   0   0   0   0   0   0 |     AAC   3   3   3   4   3   3 |     AGC   1   1   1   1   1   1
    ATA   1   0   1   0   0   0 |     ACA   2   1   3   2   2   3 | Lys AAA   4   4   4   5   4   4 | Arg AGA   1   1   1   1   1   1
Met ATG   4   4   4   4   4   3 |     ACG   1   2   0   1   1   0 |     AAG   7   7   7   6   7   7 |     AGG   3   3   3   3   3   3
--------------------------------------------------------------------------------------------------------------------------------------
Val GTT   6   6   6   6   6   5 | Ala GCT   3   3   3   3   3   3 | Asp GAT   3   3   3   2   3   3 | Gly GGT   0   0   0   0   0   0
    GTC   1   1   1   1   1   2 |     GCC   0   0   0   0   0   0 |     GAC   2   2   2   3   2   2 |     GGC   2   2   2   2   2   2
    GTA   3   3   3   2   3   3 |     GCA   2   3   2   2   2   3 | Glu GAA   6   5   6   6   6   7 |     GGA   1   1   1   1   1   1
    GTG   5   5   5   6   5   6 |     GCG   2   1   2   2   2   1 |     GAG   3   4   3   3   3   2 |     GGG   0   0   0   0   0   0
--------------------------------------------------------------------------------------------------------------------------------------

--------------------------------------------------------------------------------------------------------------------------------------
Phe TTT   3   3   3   3   3   3 | Ser TCT   2   2   2   2   2   2 | Tyr TAT   5   5   5   5   4   5 | Cys TGT   0   0   0   0   0   0
    TTC   3   3   3   3   3   3 |     TCC   0   0   0   0   0   0 |     TAC   3   3   3   3   4   3 |     TGC   1   1   1   1   1   1
Leu TTA   2   2   2   2   2   2 |     TCA   1   1   1   1   1   1 | *** TAA   0   0   0   0   0   0 | *** TGA   0   0   0   0   0   0
    TTG   3   3   3   3   3   3 |     TCG   0   0   0   0   0   0 |     TAG   0   0   0   0   0   0 | Trp TGG   2   2   2   2   2   2
--------------------------------------------------------------------------------------------------------------------------------------
Leu CTT   2   2   2   2   2   2 | Pro CCT   1   1   1   1   1   1 | His CAT   1   1   1   1   1   1 | Arg CGT   0   0   0   0   0   0
    CTC   2   2   2   2   2   2 |     CCC   3   3   3   3   3   3 |     CAC   0   0   0   0   0   0 |     CGC   0   0   0   0   0   0
    CTA   3   5   3   3   2   3 |     CCA   4   4   4   4   4   4 | Gln CAA   1   3   1   1   2   2 |     CGA   0   0   0   0   0   0
    CTG   6   4   6   6   7   6 |     CCG   0   0   0   0   0   0 |     CAG   2   0   2   2   1   1 |     CGG   1   1   1   1   1   1
--------------------------------------------------------------------------------------------------------------------------------------
Ile ATT   5   5   5   5   5   5 | Thr ACT   0   0   0   0   0   0 | Asn AAT   2   2   2   2   2   2 | Ser AGT   2   2   2   2   2   2
    ATC   1   1   1   1   1   1 |     ACC   0   0   0   0   0   0 |     AAC   3   3   3   3   3   3 |     AGC   1   1   1   1   1   1
    ATA   0   0   0   0   0   0 |     ACA   3   2   3   3   2   2 | Lys AAA   4   4   4   5   4   4 | Arg AGA   1   1   1   1   1   1
Met ATG   3   4   3   3   4   4 |     ACG   0   1   0   0   1   1 |     AAG   7   7   7   6   7   7 |     AGG   3   3   3   3   3   3
--------------------------------------------------------------------------------------------------------------------------------------
Val GTT   5   7   7   5   6   6 | Ala GCT   3   3   3   3   3   2 | Asp GAT   3   3   3   3   3   3 | Gly GGT   0   0   0   0   0   0
    GTC   2   0   0   2   1   1 |     GCC   0   0   0   0   0   0 |     GAC   2   2   2   2   2   2 |     GGC   2   2   2   2   2   2
    GTA   3   3   3   3   3   3 |     GCA   2   2   2   2   3   3 | Glu GAA   6   6   6   7   5   6 |     GGA   1   1   1   1   1   1
    GTG   6   5   6   6   5   5 |     GCG   2   2   2   2   1   2 |     GAG   3   3   3   2   4   3 |     GGG   0   0   0   0   0   0
--------------------------------------------------------------------------------------------------------------------------------------

--------------------------------------------------------------------------------------------------------------------------------------
Phe TTT   3   3   3   2   3   3 | Ser TCT   2   2   2   2   2   2 | Tyr TAT   5   5   5   5   5   5 | Cys TGT   0   0   0   0   0   0
    TTC   3   3   3   4   3   3 |     TCC   0   0   0   0   0   0 |     TAC   3   3   3   3   3   3 |     TGC   1   1   1   1   1   1
Leu TTA   2   2   2   2   2   2 |     TCA   1   1   1   1   1   1 | *** TAA   0   0   0   0   0   0 | *** TGA   0   0   0   0   0   0
    TTG   3   3   3   3   4   4 |     TCG   0   0   0   0   0   0 |     TAG   0   0   0   0   0   0 | Trp TGG   2   2   2   2   2   2
--------------------------------------------------------------------------------------------------------------------------------------
Leu CTT   2   2   2   3   2   2 | Pro CCT   1   2   1   1   1   1 | His CAT   1   1   1   1   1   1 | Arg CGT   0   0   0   0   0   0
    CTC   2   2   2   1   2   2 |     CCC   3   2   3   3   3   3 |     CAC   0   0   0   0   0   0 |     CGC   0   0   0   0   0   0
    CTA   5   3   3   3   3   3 |     CCA   4   4   4   4   4   4 | Gln CAA   2   2   2   2   2   2 |     CGA   0   0   0   0   0   0
    CTG   4   6   6   6   5   5 |     CCG   0   0   0   0   0   0 |     CAG   1   1   1   1   1   1 |     CGG   1   1   1   1   1   1
--------------------------------------------------------------------------------------------------------------------------------------
Ile ATT   5   5   5   5   5   5 | Thr ACT   0   0   0   0   0   0 | Asn AAT   2   2   2   2   2   2 | Ser AGT   2   2   2   2   2   2
    ATC   1   1   1   1   1   1 |     ACC   0   0   0   0   0   0 |     AAC   3   3   3   3   3   3 |     AGC   1   1   1   1   1   1
    ATA   0   0   0   0   0   0 |     ACA   2   3   2   2   2   2 | Lys AAA   4   4   4   4   4   4 | Arg AGA   1   1   1   1   1   1
Met ATG   4   4   4   4   4   4 |     ACG   1   0   1   1   1   1 |     AAG   7   7   7   7   7   7 |     AGG   3   3   3   3   3   3
--------------------------------------------------------------------------------------------------------------------------------------
Val GTT   6   6   6   6   6   6 | Ala GCT   1   3   3   3   3   3 | Asp GAT   3   3   3   3   3   3 | Gly GGT   0   0   0   0   0   0
    GTC   1   1   1   1   1   1 |     GCC   2   0   0   0   0   0 |     GAC   2   2   2   2   2   2 |     GGC   2   2   2   2   2   2
    GTA   3   4   3   3   3   3 |     GCA   2   2   2   3   2   2 | Glu GAA   6   7   6   6   6   6 |     GGA   1   1   1   1   1   1
    GTG   5   4   5   5   5   5 |     GCG   2   2   2   1   2   2 |     GAG   3   2   3   3   3   3 |     GGG   0   0   0   0   0   0
--------------------------------------------------------------------------------------------------------------------------------------

Codon position x base (3x4) table for each sequence.

#1: Argali         
position  1:    T:0.19841    C:0.20635    A:0.28571    G:0.30952
position  2:    T:0.38889    C:0.16667    A:0.33333    G:0.11111
position  3:    T:0.27778    C:0.16667    A:0.26190    G:0.29365
Average         T:0.28836    C:0.17989    A:0.29365    G:0.23810

#2: LesserMouseDeer
position  1:    T:0.20635    C:0.19841    A:0.27778    G:0.31746
position  2:    T:0.38889    C:0.16667    A:0.33333    G:0.11111
position  3:    T:0.27778    C:0.16667    A:0.23810    G:0.31746
Average         T:0.29101    C:0.17725    A:0.28307    G:0.24868

#3: LesserKudu     
position  1:    T:0.20635    C:0.19841    A:0.28571    G:0.30952
position  2:    T:0.38889    C:0.16667    A:0.33333    G:0.11111
position  3:    T:0.27778    C:0.17460    A:0.24603    G:0.30159
Average         T:0.29101    C:0.17989    A:0.28836    G:0.24074

#4: ForestMuskDeer2
position  1:    T:0.19841    C:0.20635    A:0.28571    G:0.30952
position  2:    T:0.38889    C:0.16667    A:0.33333    G:0.11111
position  3:    T:0.27778    C:0.17460    A:0.25397    G:0.29365
Average         T:0.28836    C:0.18254    A:0.29101    G:0.23810

#5: Camel          
position  1:    T:0.21429    C:0.19841    A:0.27778    G:0.30952
position  2:    T:0.38889    C:0.16667    A:0.33333    G:0.11111
position  3:    T:0.26190    C:0.19048    A:0.26190    G:0.28571
Average         T:0.28836    C:0.18519    A:0.29101    G:0.23545

#6: KillerWhale    
position  1:    T:0.21429    C:0.19048    A:0.28571    G:0.30952
position  2:    T:0.38889    C:0.16667    A:0.33333    G:0.11111
position  3:    T:0.27778    C:0.17460    A:0.24603    G:0.30159
Average         T:0.29365    C:0.17725    A:0.28836    G:0.24074

#7: DefassaWaterbuck
position  1:    T:0.19841    C:0.20635    A:0.29365    G:0.30159
position  2:    T:0.38889    C:0.16667    A:0.33333    G:0.11111
position  3:    T:0.26190    C:0.19048    A:0.23810    G:0.30952
Average         T:0.28307    C:0.18783    A:0.28836    G:0.24074

#8: Sheep          
position  1:    T:0.19841    C:0.20635    A:0.28571    G:0.30952
position  2:    T:0.38889    C:0.16667    A:0.33333    G:0.11111
position  3:    T:0.27778    C:0.16667    A:0.26984    G:0.28571
Average         T:0.28836    C:0.17989    A:0.29630    G:0.23545

#9: MaxwellsDuiker 
position  1:    T:0.19841    C:0.20635    A:0.28571    G:0.30952
position  2:    T:0.38889    C:0.16667    A:0.33333    G:0.11111
position  3:    T:0.27778    C:0.17460    A:0.24603    G:0.30159
Average         T:0.28836    C:0.18254    A:0.28836    G:0.24074

#10: GazellaPrzewalskyi
position  1:    T:0.19841    C:0.20635    A:0.28571    G:0.30952
position  2:    T:0.38889    C:0.16667    A:0.33333    G:0.11111
position  3:    T:0.27778    C:0.17460    A:0.26984    G:0.27778
Average         T:0.28836    C:0.18254    A:0.29630    G:0.23280

#11: MountainNyala  
position  1:    T:0.20635    C:0.19841    A:0.28571    G:0.30952
position  2:    T:0.39683    C:0.15873    A:0.33333    G:0.11111
position  3:    T:0.27778    C:0.17460    A:0.24603    G:0.30159
Average         T:0.29365    C:0.17725    A:0.28836    G:0.24074

#12: MuntiacusMuntjak
position  1:    T:0.19841    C:0.20635    A:0.27778    G:0.31746
position  2:    T:0.38889    C:0.16667    A:0.33333    G:0.11111
position  3:    T:0.28571    C:0.16667    A:0.24603    G:0.30159
Average         T:0.29101    C:0.17989    A:0.28571    G:0.24339

#13: goat           
position  1:    T:0.19841    C:0.20635    A:0.28571    G:0.30952
position  2:    T:0.38889    C:0.16667    A:0.33333    G:0.11111
position  3:    T:0.27778    C:0.16667    A:0.26190    G:0.29365
Average         T:0.28836    C:0.17989    A:0.29365    G:0.23810

#14: AfricanBuffalo 
position  1:    T:0.19841    C:0.20635    A:0.28571    G:0.30952
position  2:    T:0.38889    C:0.16667    A:0.33333    G:0.11111
position  3:    T:0.27778    C:0.17460    A:0.23810    G:0.30952
Average         T:0.28836    C:0.18254    A:0.28571    G:0.24339

#15: Topi           
position  1:    T:0.19841    C:0.20635    A:0.28571    G:0.30952
position  2:    T:0.38889    C:0.16667    A:0.33333    G:0.11111
position  3:    T:0.26984    C:0.17460    A:0.25397    G:0.30159
Average         T:0.28571    C:0.18254    A:0.29101    G:0.24074

#16: CommonDuiker   
position  1:    T:0.19841    C:0.20635    A:0.28571    G:0.30952
position  2:    T:0.38889    C:0.16667    A:0.33333    G:0.11111
position  3:    T:0.27778    C:0.17460    A:0.24603    G:0.30159
Average         T:0.28836    C:0.18254    A:0.28836    G:0.24074

#17: Suni           
position  1:    T:0.19841    C:0.20635    A:0.28571    G:0.30952
position  2:    T:0.38889    C:0.16667    A:0.33333    G:0.11111
position  3:    T:0.28571    C:0.16667    A:0.25397    G:0.29365
Average         T:0.29101    C:0.17989    A:0.29101    G:0.23810

#18: Springbuck     
position  1:    T:0.19841    C:0.20635    A:0.28571    G:0.30952
position  2:    T:0.38889    C:0.16667    A:0.33333    G:0.11111
position  3:    T:0.28571    C:0.17460    A:0.25397    G:0.28571
Average         T:0.29101    C:0.18254    A:0.29101    G:0.23545

#19: Okapi          
position  1:    T:0.19841    C:0.21429    A:0.27778    G:0.30952
position  2:    T:0.38889    C:0.16667    A:0.33333    G:0.11111
position  3:    T:0.26984    C:0.19048    A:0.22222    G:0.31746
Average         T:0.28571    C:0.19048    A:0.27778    G:0.24603

#20: Giraffe        
position  1:    T:0.19841    C:0.21429    A:0.27778    G:0.30952
position  2:    T:0.38889    C:0.16667    A:0.33333    G:0.11111
position  3:    T:0.28571    C:0.17460    A:0.23016    G:0.30952
Average         T:0.29101    C:0.18519    A:0.28042    G:0.24339

#21: TibetanAntelope
position  1:    T:0.19841    C:0.20635    A:0.28571    G:0.30952
position  2:    T:0.38889    C:0.16667    A:0.33333    G:0.11111
position  3:    T:0.26190    C:0.18254    A:0.26190    G:0.29365
Average         T:0.28307    C:0.18519    A:0.29365    G:0.23810

#22: Sitatunga      
position  1:    T:0.20635    C:0.19841    A:0.28571    G:0.30952
position  2:    T:0.38889    C:0.16667    A:0.33333    G:0.11111
position  3:    T:0.27778    C:0.17460    A:0.24603    G:0.30159
Average         T:0.29101    C:0.17989    A:0.28836    G:0.24074

#23: Oribi          
position  1:    T:0.19841    C:0.20635    A:0.28571    G:0.30952
position  2:    T:0.38889    C:0.16667    A:0.33333    G:0.11111
position  3:    T:0.26984    C:0.16667    A:0.26190    G:0.30159
Average         T:0.28571    C:0.17989    A:0.29365    G:0.24074

#24: BarbarySheep   
position  1:    T:0.19841    C:0.20635    A:0.28571    G:0.30952
position  2:    T:0.38889    C:0.16667    A:0.33333    G:0.11111
position  3:    T:0.27778    C:0.16667    A:0.25397    G:0.30159
Average         T:0.28836    C:0.17989    A:0.29101    G:0.24074

#25: Daviddeer      
position  1:    T:0.19841    C:0.20635    A:0.27778    G:0.31746
position  2:    T:0.38889    C:0.16667    A:0.33333    G:0.11111
position  3:    T:0.26984    C:0.18254    A:0.24603    G:0.30159
Average         T:0.28571    C:0.18519    A:0.28571    G:0.24339

#26: Reindeer       
position  1:    T:0.19841    C:0.20635    A:0.27778    G:0.31746
position  2:    T:0.38889    C:0.16667    A:0.33333    G:0.11111
position  3:    T:0.26984    C:0.18254    A:0.26984    G:0.27778
Average         T:0.28571    C:0.18519    A:0.29365    G:0.23545

#27: Ibex           
position  1:    T:0.19841    C:0.20635    A:0.28571    G:0.30952
position  2:    T:0.38889    C:0.16667    A:0.33333    G:0.11111
position  3:    T:0.27778    C:0.16667    A:0.26190    G:0.29365
Average         T:0.28836    C:0.17989    A:0.29365    G:0.23810

#28: GyrantGazelle  
position  1:    T:0.19841    C:0.20635    A:0.28571    G:0.30952
position  2:    T:0.38889    C:0.16667    A:0.33333    G:0.11111
position  3:    T:0.27778    C:0.17460    A:0.26190    G:0.28571
Average         T:0.28836    C:0.18254    A:0.29365    G:0.23545

#29: Hartebeest     
position  1:    T:0.19841    C:0.20635    A:0.28571    G:0.30952
position  2:    T:0.38889    C:0.16667    A:0.33333    G:0.11111
position  3:    T:0.26984    C:0.17460    A:0.25397    G:0.30159
Average         T:0.28571    C:0.18254    A:0.29101    G:0.24074

#30: Bongo          
position  1:    T:0.20635    C:0.19841    A:0.28571    G:0.30952
position  2:    T:0.38889    C:0.16667    A:0.33333    G:0.11111
position  3:    T:0.27778    C:0.17460    A:0.24603    G:0.30159
Average         T:0.29101    C:0.17989    A:0.28836    G:0.24074

#31: Gerenuk        
position  1:    T:0.19841    C:0.20635    A:0.28571    G:0.30952
position  2:    T:0.38889    C:0.16667    A:0.33333    G:0.11111
position  3:    T:0.29365    C:0.16667    A:0.25397    G:0.28571
Average         T:0.29365    C:0.17989    A:0.29101    G:0.23545

#32: CommonEland    
position  1:    T:0.20635    C:0.19841    A:0.28571    G:0.30952
position  2:    T:0.38889    C:0.16667    A:0.33333    G:0.11111
position  3:    T:0.27778    C:0.17460    A:0.24603    G:0.30159
Average         T:0.29101    C:0.17989    A:0.28836    G:0.24074

#33: MuntiacusReevesi
position  1:    T:0.19841    C:0.20635    A:0.27778    G:0.31746
position  2:    T:0.38889    C:0.16667    A:0.33333    G:0.11111
position  3:    T:0.28571    C:0.16667    A:0.24603    G:0.30159
Average         T:0.29101    C:0.17989    A:0.28571    G:0.24339

#34: HarveysDuiker  
position  1:    T:0.19841    C:0.20635    A:0.28571    G:0.30952
position  2:    T:0.38889    C:0.16667    A:0.33333    G:0.11111
position  3:    T:0.27778    C:0.17460    A:0.24603    G:0.30159
Average         T:0.28836    C:0.18254    A:0.28836    G:0.24074

#35: Pronghorn      
position  1:    T:0.19841    C:0.20635    A:0.28571    G:0.30952
position  2:    T:0.38889    C:0.16667    A:0.33333    G:0.11111
position  3:    T:0.26984    C:0.17460    A:0.23016    G:0.32540
Average         T:0.28571    C:0.18254    A:0.28307    G:0.24868

#36: BlueWildebeest 
position  1:    T:0.19841    C:0.20635    A:0.28571    G:0.30952
position  2:    T:0.38889    C:0.16667    A:0.33333    G:0.11111
position  3:    T:0.26984    C:0.17460    A:0.25397    G:0.30159
Average         T:0.28571    C:0.18254    A:0.29101    G:0.24074

#37: Gemsbok        
position  1:    T:0.19841    C:0.20635    A:0.28571    G:0.30952
position  2:    T:0.38889    C:0.16667    A:0.33333    G:0.11111
position  3:    T:0.26984    C:0.17460    A:0.25397    G:0.30159
Average         T:0.28571    C:0.18254    A:0.29101    G:0.24074

#38: Yak            
position  1:    T:0.19841    C:0.20635    A:0.28571    G:0.30952
position  2:    T:0.38889    C:0.16667    A:0.33333    G:0.11111
position  3:    T:0.26984    C:0.18254    A:0.23016    G:0.31746
Average         T:0.28571    C:0.18519    A:0.28307    G:0.24603

#39: BlueSheep      
position  1:    T:0.19841    C:0.20635    A:0.28571    G:0.30952
position  2:    T:0.38889    C:0.16667    A:0.33333    G:0.11111
position  3:    T:0.28571    C:0.15873    A:0.26984    G:0.28571
Average         T:0.29101    C:0.17725    A:0.29630    G:0.23545

#40: BohorReedbuck  
position  1:    T:0.19841    C:0.20635    A:0.28571    G:0.30952
position  2:    T:0.38889    C:0.16667    A:0.33333    G:0.11111
position  3:    T:0.25397    C:0.19841    A:0.24603    G:0.30159
Average         T:0.28042    C:0.19048    A:0.28836    G:0.24074

#41: KirksDik       
position  1:    T:0.19841    C:0.20635    A:0.28571    G:0.30952
position  2:    T:0.38889    C:0.16667    A:0.33333    G:0.11111
position  3:    T:0.27778    C:0.16667    A:0.25397    G:0.30159
Average         T:0.28836    C:0.17989    A:0.29101    G:0.24074

#42: RoeDeer        
position  1:    T:0.19841    C:0.20635    A:0.27778    G:0.31746
position  2:    T:0.38889    C:0.16667    A:0.33333    G:0.11111
position  3:    T:0.26190    C:0.19048    A:0.26190    G:0.28571
Average         T:0.28307    C:0.18783    A:0.29101    G:0.23810

#43: WhiteLippedDeer
position  1:    T:0.19841    C:0.20635    A:0.27778    G:0.31746
position  2:    T:0.38889    C:0.16667    A:0.33333    G:0.11111
position  3:    T:0.26984    C:0.18254    A:0.24603    G:0.30159
Average         T:0.28571    C:0.18519    A:0.28571    G:0.24339

#44: ThomsonGazelle 
position  1:    T:0.19841    C:0.20635    A:0.28571    G:0.30952
position  2:    T:0.38889    C:0.16667    A:0.33333    G:0.11111
position  3:    T:0.28571    C:0.16667    A:0.26984    G:0.27778
Average         T:0.29101    C:0.17989    A:0.29630    G:0.23280

#45: MuntiacusCrinifrons
position  1:    T:0.19841    C:0.20635    A:0.27778    G:0.31746
position  2:    T:0.38889    C:0.16667    A:0.33333    G:0.11111
position  3:    T:0.28571    C:0.16667    A:0.24603    G:0.30159
Average         T:0.29101    C:0.17989    A:0.28571    G:0.24339

#46: WhiteTailedDeer
position  1:    T:0.19841    C:0.20635    A:0.27778    G:0.31746
position  2:    T:0.38889    C:0.16667    A:0.33333    G:0.11111
position  3:    T:0.26984    C:0.18254    A:0.26190    G:0.28571
Average         T:0.28571    C:0.18519    A:0.29101    G:0.23810

#47: Cattle         
position  1:    T:0.19841    C:0.20635    A:0.28571    G:0.30952
position  2:    T:0.38889    C:0.16667    A:0.33333    G:0.11111
position  3:    T:0.26984    C:0.18254    A:0.23810    G:0.30952
Average         T:0.28571    C:0.18519    A:0.28571    G:0.24339

#48: RoyalAntelope  
position  1:    T:0.19841    C:0.20635    A:0.28571    G:0.30952
position  2:    T:0.38889    C:0.16667    A:0.33333    G:0.11111
position  3:    T:0.26984    C:0.17460    A:0.25397    G:0.30159
Average         T:0.28571    C:0.18254    A:0.29101    G:0.24074

#49: Steenbok       
position  1:    T:0.19841    C:0.20635    A:0.28571    G:0.30952
position  2:    T:0.38889    C:0.16667    A:0.33333    G:0.11111
position  3:    T:0.26190    C:0.19048    A:0.26190    G:0.28571
Average         T:0.28307    C:0.18783    A:0.29365    G:0.23545

#50: Impala         
position  1:    T:0.19841    C:0.20635    A:0.28571    G:0.30952
position  2:    T:0.38889    C:0.16667    A:0.33333    G:0.11111
position  3:    T:0.28571    C:0.16667    A:0.26984    G:0.27778
Average         T:0.29101    C:0.17989    A:0.29630    G:0.23280

#51: Klipspringer   
position  1:    T:0.19841    C:0.20635    A:0.28571    G:0.30952
position  2:    T:0.38889    C:0.16667    A:0.33333    G:0.11111
