CODONML (in paml version 4.10.7, June 2023)  /home/rachel/ruminants_paml/6406-phy-tree/ENSBTAT00000012060.fasta.phy
Model: free dN/dS Ratios for branches,  kappa = 2.000 fixed

Codon frequency model: F3x4
ns =  54  ls =  64

Codon usage in sequences
--------------------------------------------------------------------------------------------------------------------------------------
Phe TTT   0   0   0   0   0   0 | Ser TCT   1   1   1   1   1   1 | Tyr TAT   1   2   1   1   2   2 | Cys TGT   1   1   1   1   2   1
    TTC   2   2   2   2   2   2 |     TCC   0   0   0   0   0   0 |     TAC   1   0   1   1   0   0 |     TGC   1   1   1   1   0   1
Leu TTA   0   0   0   0   0   0 |     TCA   0   0   0   0   0   0 | *** TAA   0   0   0   0   0   0 | *** TGA   0   0   0   0   0   0
    TTG   0   0   0   0   0   0 |     TCG   0   0   0   0   0   0 |     TAG   0   0   0   0   0   0 | Trp TGG   3   3   3   3   3   3
--------------------------------------------------------------------------------------------------------------------------------------
Leu CTT   0   1   0   0   0   0 | Pro CCT   1   1   1   1   1   1 | His CAT   0   0   0   0   0   0 | Arg CGT   0   0   0   0   1   0
    CTC   2   2   2   2   2   2 |     CCC   3   3   3   3   3   3 |     CAC   1   1   1   1   1   1 |     CGC   1   1   1   1   0   1
    CTA   0   0   0   0   0   0 |     CCA   0   0   1   0   0   0 | Gln CAA   0   0   0   0   0   0 |     CGA   0   0   0   0   0   0
    CTG   4   3   4   4   4   4 |     CCG   1   1   0   1   1   1 |     CAG   3   3   3   3   2   2 |     CGG   3   3   3   3   3   3
--------------------------------------------------------------------------------------------------------------------------------------
Ile ATT   0   1   0   0   0   0 | Thr ACT   0   0   0   0   0   0 | Asn AAT   1   1   1   1   1   1 | Ser AGT   0   0   0   0   0   0
    ATC   3   2   3   3   3   3 |     ACC   1   1   1   1   1   1 |     AAC   2   2   2   2   2   2 |     AGC   1   1   1   1   1   1
    ATA   0   0   0   0   0   0 |     ACA   0   0   0   0   0   0 | Lys AAA   2   1   2   2   2   2 | Arg AGA   0   0   0   0   0   0
Met ATG   0   0   0   0   0   0 |     ACG   0   0   0   0   0   0 |     AAG   6   7   6   6   6   6 |     AGG   2   2   2   2   2   2
--------------------------------------------------------------------------------------------------------------------------------------
Val GTT   1   0   1   1   1   1 | Ala GCT   1   1   1   2   1   1 | Asp GAT   1   1   1   1   1   1 | Gly GGT   0   0   0   0   1   0
    GTC   0   0   0   0   0   0 |     GCC   3   3   3   2   3   3 |     GAC   1   1   1   1   1   1 |     GGC   3   3   3   3   2   3
    GTA   0   0   0   0   0   0 |     GCA   0   0   0   0   0   0 | Glu GAA   0   0   0   0   0   0 |     GGA   0   0   0   0   0   0
    GTG   3   4   3   3   3   3 |     GCG   0   0   0   0   0   0 |     GAG   3   3   3   3   4   4 |     GGG   1   1   1   1   1   1
--------------------------------------------------------------------------------------------------------------------------------------

--------------------------------------------------------------------------------------------------------------------------------------
Phe TTT   0   0   0   0   0   0 | Ser TCT   1   1   1   1   1   0 | Tyr TAT   1   1   1   1   1   1 | Cys TGT   1   1   1   1   1   1
    TTC   2   2   2   2   2   2 |     TCC   0   0   0   0   0   1 |     TAC   1   1   1   1   1   1 |     TGC   1   1   1   1   1   1
Leu TTA   0   0   0   0   0   0 |     TCA   0   0   0   0   0   0 | *** TAA   0   0   0   0   0   0 | *** TGA   0   0   0   0   0   0
    TTG   0   0   0   0   0   0 |     TCG   0   0   0   0   0   0 |     TAG   0   0   0   0   0   0 | Trp TGG   3   3   3   3   3   3
--------------------------------------------------------------------------------------------------------------------------------------
Leu CTT   0   0   0   0   0   0 | Pro CCT   1   1   1   1   1   1 | His CAT   0   0   0   0   0   0 | Arg CGT   0   0   0   0   0   0
    CTC   2   2   2   2   2   2 |     CCC   3   3   3   3   3   3 |     CAC   1   1   1   1   1   1 |     CGC   1   1   1   1   1   1
    CTA   0   0   0   0   0   0 |     CCA   0   0   0   0   0   1 | Gln CAA   0   0   0   0   0   0 |     CGA   0   0   1   0   0   0
    CTG   4   4   4   4   4   4 |     CCG   1   1   1   1   1   0 |     CAG   3   3   3   3   3   3 |     CGG   3   3   2   3   3   3
--------------------------------------------------------------------------------------------------------------------------------------
Ile ATT   0   0   0   0   0   1 | Thr ACT   0   0   0   0   0   0 | Asn AAT   1   1   1   1   1   1 | Ser AGT   0   0   0   0   0   0
    ATC   3   3   3   3   3   2 |     ACC   1   1   1   1   1   1 |     AAC   2   2   2   2   2   2 |     AGC   1   1   1   1   1   1
    ATA   0   0   0   0   0   0 |     ACA   0   0   0   0   0   0 | Lys AAA   2   2   2   2   2   2 | Arg AGA   0   0   0   0   0   0
Met ATG   0   0   0   0   0   0 |     ACG   0   0   0   0   0   0 |     AAG   6   6   6   6   6   6 |     AGG   2   2   2   2   2   2
--------------------------------------------------------------------------------------------------------------------------------------
Val GTT   1   1   1   1   1   1 | Ala GCT   1   1   1   1   1   1 | Asp GAT   1   1   1   1   1   1 | Gly GGT   0   0   0   0   0   1
    GTC   0   0   0   0   0   0 |     GCC   2   3   3   3   3   3 |     GAC   1   1   1   1   1   1 |     GGC   3   3   3   3   3   2
    GTA   0   0   0   0   0   0 |     GCA   1   0   0   0   0   0 | Glu GAA   0   0   0   0   0   0 |     GGA   0   0   0   0   0   0
    GTG   3   3   3   3   3   3 |     GCG   0   0   0   0   0   0 |     GAG   3   3   3   3   3   3 |     GGG   1   1   1   1   1   1
--------------------------------------------------------------------------------------------------------------------------------------

--------------------------------------------------------------------------------------------------------------------------------------
Phe TTT   0   0   0   0   0   0 | Ser TCT   1   1   1   1   1   1 | Tyr TAT   1   1   1   1   1   1 | Cys TGT   1   1   1   1   1   1
    TTC   2   2   2   2   2   2 |     TCC   0   0   0   0   0   0 |     TAC   1   1   1   1   1   1 |     TGC   1   1   1   1   1   1
Leu TTA   0   0   0   0   0   0 |     TCA   0   0   0   0   0   0 | *** TAA   0   0   0   0   0   0 | *** TGA   0   0   0   0   0   0
    TTG   0   0   0   0   0   0 |     TCG   0   0   0   0   0   0 |     TAG   0   0   0   0   0   0 | Trp TGG   3   3   3   3   3   3
--------------------------------------------------------------------------------------------------------------------------------------
Leu CTT   0   0   0   0   0   0 | Pro CCT   1   2   1   1   1   1 | His CAT   0   0   0   0   0   0 | Arg CGT   0   0   0   0   0   0
    CTC   2   2   2   2   2   2 |     CCC   3   3   3   3   3   3 |     CAC   1   1   1   1   1   1 |     CGC   1   1   1   1   1   1
    CTA   0   0   0   0   0   0 |     CCA   0   0   0   0   0   0 | Gln CAA   0   0   0   0   0   0 |     CGA   0   0   0   0   0   0
    CTG   4   4   4   4   4   4 |     CCG   1   0   1   1   1   1 |     CAG   3   3   3   3   3   3 |     CGG   3   3   3   3   3   3
--------------------------------------------------------------------------------------------------------------------------------------
Ile ATT   0   0   0   0   0   0 | Thr ACT   0   0   0   0   0   0 | Asn AAT   1   1   1   1   1   1 | Ser AGT   0   0   0   0   0   0
    ATC   3   3   3   3   3   3 |     ACC   1   1   1   1   1   1 |     AAC   2   2   2   2   2   2 |     AGC   1   1   1   1   1   1
    ATA   0   0   0   0   0   0 |     ACA   0   0   0   0   0   0 | Lys AAA   2   2   2   2   2   2 | Arg AGA   0   0   0   0   0   0
Met ATG   0   0   0   0   0   0 |     ACG   0   0   0   0   0   0 |     AAG   6   6   6   6   6   6 |     AGG   2   2   2   2   2   2
--------------------------------------------------------------------------------------------------------------------------------------
Val GTT   1   1   1   1   1   1 | Ala GCT   1   1   1   1   1   1 | Asp GAT   1   1   1   1   1   1 | Gly GGT   0   0   0   0   0   0
    GTC   0   0   0   0   0   0 |     GCC   3   3   3   3   3   3 |     GAC   1   1   1   1   1   1 |     GGC   3   3   3   3   3   3
    GTA   0   0   0   0   0   0 |     GCA   0   0   0   0   0   0 | Glu GAA   0   0   0   0   0   0 |     GGA   0   0   0   0   0   0
    GTG   3   3   3   3   3   3 |     GCG   0   0   0   0   0   0 |     GAG   3   3   3   3   3   3 |     GGG   1   1   1   1   1   1
--------------------------------------------------------------------------------------------------------------------------------------

--------------------------------------------------------------------------------------------------------------------------------------
Phe TTT   0   0   0   0   0   0 | Ser TCT   1   1   1   1   1   1 | Tyr TAT   1   1   1   1   1   1 | Cys TGT   1   1   1   1   1   1
    TTC   2   2   2   2   2   2 |     TCC   0   0   0   0   0   0 |     TAC   1   1   1   1   1   1 |     TGC   1   1   1   1   1   1
Leu TTA   0   0   0   0   0   0 |     TCA   0   0   0   0   0   0 | *** TAA   0   0   0   0   0   0 | *** TGA   0   0   0   0   0   0
    TTG   0   0   0   0   0   0 |     TCG   0   0   0   0   0   0 |     TAG   0   0   0   0   0   0 | Trp TGG   3   3   3   3   3   3
--------------------------------------------------------------------------------------------------------------------------------------
Leu CTT   0   0   0   0   0   0 | Pro CCT   1   1   1   1   1   1 | His CAT   0   0   0   0   0   0 | Arg CGT   0   0   0   0   0   0
    CTC   2   2   2   2   2   2 |     CCC   3   3   3   3   3   3 |     CAC   1   1   1   1   1   1 |     CGC   1   1   1   1   1   1
    CTA   0   0   0   0   0   0 |     CCA   0   0   0   0   0   0 | Gln CAA   0   0   0   0   0   0 |     CGA   0   0   0   0   0   0
    CTG   4   4   4   4   4   4 |     CCG   1   1   1   1   1   1 |     CAG   3   3   3   3   3   3 |     CGG   3   3   3   3   3   3
--------------------------------------------------------------------------------------------------------------------------------------
Ile ATT   0   0   0   0   0   0 | Thr ACT   0   0   0   0   0   0 | Asn AAT   1   1   1   1   1   1 | Ser AGT   0   0   0   0   0   0
    ATC   3   3   3   3   3   3 |     ACC   1   1   1   1   1   1 |     AAC   2   2   2   2   2   2 |     AGC   1   1   1   1   1   1
    ATA   0   0   0   0   0   0 |     ACA   0   0   0   0   0   0 | Lys AAA   2   2   2   2   2   2 | Arg AGA   0   0   0   0   0   0
Met ATG   0   0   0   0   0   0 |     ACG   0   0   0   0   0   0 |     AAG   6   6   6   6   6   6 |     AGG   2   2   2   2   2   2
--------------------------------------------------------------------------------------------------------------------------------------
Val GTT   1   1   1   1   1   1 | Ala GCT   1   1   1   1   1   1 | Asp GAT   1   1   1   1   1   1 | Gly GGT   0   0   0   0   0   0
    GTC   0   0   0   0   0   0 |     GCC   3   3   3   3   3   3 |     GAC   1   1   1   1   1   1 |     GGC   3   3   3   3   3   3
    GTA   0   0   0   0   0   0 |     GCA   0   0   0   0   0   0 | Glu GAA   0   0   0   0   0   0 |     GGA   0   0   0   0   0   0
    GTG   3   3   3   3   3   3 |     GCG   0   0   0   0   0   0 |     GAG   3   3   3   3   3   3 |     GGG   1   1   1   1   1   1
--------------------------------------------------------------------------------------------------------------------------------------

--------------------------------------------------------------------------------------------------------------------------------------
Phe TTT   1   0   0   0   0   0 | Ser TCT   0   0   1   1   1   1 | Tyr TAT   1   1   1   1   1   1 | Cys TGT   1   1   1   1   1   1
    TTC   1   2   2   2   2   2 |     TCC   1   1   0   0   0   0 |     TAC   1   1   1   1   1   1 |     TGC   1   1   1   1   1   1
Leu TTA   0   0   0   0   0   0 |     TCA   0   0   0   0   0   0 | *** TAA   0   0   0   0   0   0 | *** TGA   0   0   0   0   0   0
    TTG   0   0   0   0   0   0 |     TCG   0   0   0   0   0   0 |     TAG   0   0   0   0   0   0 | Trp TGG   3   3   3   3   3   3
--------------------------------------------------------------------------------------------------------------------------------------
Leu CTT   0   0   0   0   0   0 | Pro CCT   1   1   1   1   1   1 | His CAT   0   0   0   0   0   0 | Arg CGT   0   0   0   0   0   0
    CTC   2   2   2   2   2   2 |     CCC   3   3   3   3   3   3 |     CAC   1   1   1   1   1   1 |     CGC   1   1   1   1   1   1
    CTA   0   0   0   0   0   0 |     CCA   0   0   0   0   0   0 | Gln CAA   0   0   0   0   0   0 |     CGA   0   0   0   0   0   0
    CTG   4   4   4   4   4   4 |     CCG   1   1   1   1   1   1 |     CAG   3   3   3   3   3   3 |     CGG   2   3   3   3   3   3
--------------------------------------------------------------------------------------------------------------------------------------
Ile ATT   0   0   0   0   0   0 | Thr ACT   0   0   0   0   0   0 | Asn AAT   1   1   1   1   1   1 | Ser AGT   0   0   0   0   0   0
    ATC   3   3   3   3   3   3 |     ACC   1   1   1   1   1   1 |     AAC   2   2   2   2   2   2 |     AGC   1   1   1   1   1   1
    ATA   0   0   0   0   0   0 |     ACA   0   0   0   0   0   0 | Lys AAA   2   2   2   2   2   2 | Arg AGA   0   0   0   0   0   0
Met ATG   0   0   0   0   0   0 |     ACG   0   0   0   0   0   0 |     AAG   6   6   6   6   6   6 |     AGG   3   2   2   2   2   2
--------------------------------------------------------------------------------------------------------------------------------------
Val GTT   1   1   1   1   1   1 | Ala GCT   1   1   1   1   1   1 | Asp GAT   1   1   1   1   1   1 | Gly GGT   0   0   0   0   0   0
    GTC   0   0   0   0   0   0 |     GCC   3   3   3   3   3   3 |     GAC   1   1   1   1   1   1 |     GGC   3   2   3   3   3   3
    GTA   0   0   0   0   0   0 |     GCA   0   0   0   0   0   0 | Glu GAA   0   0   0   0   0   0 |     GGA   0   1   0   0   0   0
    GTG   3   3   3   3   3   3 |     GCG   0   0   0   0   0   0 |     GAG   3   3   3   3   3   3 |     GGG   1   1   1   1   1   1
--------------------------------------------------------------------------------------------------------------------------------------

--------------------------------------------------------------------------------------------------------------------------------------
Phe TTT   0   0   0   0   0   0 | Ser TCT   1   1   0   1   1   1 | Tyr TAT   1   1   1   1   1   1 | Cys TGT   1   1   1   1   1   1
    TTC   2   2   2   2   2   2 |     TCC   0   0   1   0   0   0 |     TAC   1   1   1   1   1   1 |     TGC   1   1   1   1   1   1
Leu TTA   0   0   0   0   0   0 |     TCA   0   0   0   0   0   0 | *** TAA   0   0   0   0   0   0 | *** TGA   0   0   0   0   0   0
    TTG   0   0   0   0   0   0 |     TCG   0   0   0   0   0   0 |     TAG   0   0   0   0   0   0 | Trp TGG   3   3   3   3   3   3
--------------------------------------------------------------------------------------------------------------------------------------
Leu CTT   0   0   0   0   0   0 | Pro CCT   1   1   1   1   1   1 | His CAT   0   0   0   0   0   0 | Arg CGT   0   0   0   0   0   0
    CTC   2   2   2   2   2   2 |     CCC   3   3   3   3   3   3 |     CAC   1   1   1   1   1   1 |     CGC   1   1   1   1   1   1
    CTA   0   0   0   0   0   0 |     CCA   0   0   1   0   0   0 | Gln CAA   0   0   0   0   0   0 |     CGA   0   0   0   0   0   0
    CTG   4   4   4   4   4   4 |     CCG   1   1   0   1   1   1 |     CAG   3   3   3   3   3   3 |     CGG   3   3   3   3   2   3
--------------------------------------------------------------------------------------------------------------------------------------
Ile ATT   0   0   1   0   0   0 | Thr ACT   0   0   0   0   0   0 | Asn AAT   1   1   1   1   1   1 | Ser AGT   0   0   0   0   0   0
    ATC   3   3   2   3   3   3 |     ACC   1   1   1   1   1   1 |     AAC   2   2   2   2   2   2 |     AGC   1   1   1   1   1   1
    ATA   0   0   0   0   0   0 |     ACA   0   0   0   0   0   0 | Lys AAA   2   2   2   2   2   2 | Arg AGA   0   0   0   0   0   0
Met ATG   0   0   0   0   0   0 |     ACG   0   0   0   0   0   0 |     AAG   6   6   6   6   6   6 |     AGG   2   2   2   2   3   2
--------------------------------------------------------------------------------------------------------------------------------------
Val GTT   1   1   1   1   2   1 | Ala GCT   1   1   1   1   1   1 | Asp GAT   1   1   1   1   1   1 | Gly GGT   0   0   1   0   0   0
    GTC   0   0   0   0   0   0 |     GCC   3   3   3   3   3   3 |     GAC   1   1   1   1   1   1 |     GGC   3   3   2   3   3   3
    GTA   0   0   0   0   0   0 |     GCA   0   0   0   0   0   0 | Glu GAA   0   0   0   0   0   0 |     GGA   0   0   0   0   0   0
    GTG   3   3   3   3   2   3 |     GCG   0   0   0   0   0   0 |     GAG   3   3   3   3   3   3 |     GGG   1   1   1   1   1   1
--------------------------------------------------------------------------------------------------------------------------------------

--------------------------------------------------------------------------------------------------------------------------------------
Phe TTT   0   0   0   0   0   0 | Ser TCT   1   1   1   1   1   0 | Tyr TAT   1   1   1   1   1   1 | Cys TGT   1   1   1   1   1   1
    TTC   2   2   2   2   2   2 |     TCC   0   0   0   0   0   1 |     TAC   1   1   1   1   1   1 |     TGC   1   1   1   1   1   1
Leu TTA   0   0   0   0   0   0 |     TCA   0   0   0   0   0   0 | *** TAA   0   0   0   0   0   0 | *** TGA   0   0   0   0   0   0
    TTG   0   0   0   0   0   0 |     TCG   0   0   0   0   0   0 |     TAG   0   0   0   0   0   0 | Trp TGG   3   3   3   3   3   3
--------------------------------------------------------------------------------------------------------------------------------------
Leu CTT   0   0   0   0   0   0 | Pro CCT   1   1   1   1   1   1 | His CAT   0   0   0   0   0   0 | Arg CGT   0   0   0   0   0   0
    CTC   2   2   2   2   2   2 |     CCC   3   3   3   3   3   3 |     CAC   1   1   1   1   1   1 |     CGC   1   1   1   1   1   1
    CTA   0   0   0   0   0   0 |     CCA   0   0   0   0   0   0 | Gln CAA   0   0   0   0   0   0 |     CGA   0   0   0   0   0   0
    CTG   4   4   4   4   4   4 |     CCG   1   1   1   1   1   1 |     CAG   3   3   3   3   3   3 |     CGG   3   3   3   3   3   3
--------------------------------------------------------------------------------------------------------------------------------------
Ile ATT   0   0   0   0   0   0 | Thr ACT   0   0   0   0   0   0 | Asn AAT   1   1   1   1   1   1 | Ser AGT   0   0   0   0   0   0
    ATC   3   3   3   3   3   3 |     ACC   1   1   1   1   1   1 |     AAC   2   2   2   2   2   2 |     AGC   1   1   1   1   1   1
    ATA   0   0   0   0   0   0 |     ACA   0   0   0   0   0   0 | Lys AAA   2   2   2   2   2   2 | Arg AGA   0   0   0   0   0   0
Met ATG   0   0   0   0   0   0 |     ACG   0   0   0   0   0   0 |     AAG   6   6   6   6   6   6 |     AGG   2   2   2   2   2   2
--------------------------------------------------------------------------------------------------------------------------------------
Val GTT   1   1   1   1   1   1 | Ala GCT   1   1   1   1   1   1 | Asp GAT   1   1   1   1   1   1 | Gly GGT   0   0   0   0   0   0
    GTC   0   0   0   0   0   0 |     GCC   3   3   3   2   3   3 |     GAC   1   1   1   1   1   1 |     GGC   3   3   3   3   3   3
    GTA   0   0   0   0   0   0 |     GCA   0   0   0   1   0   0 | Glu GAA   0   0   0   0   0   0 |     GGA   0   0   0   0   0   0
    GTG   3   3   3   3   3   3 |     GCG   0   0   0   0   0   0 |     GAG   3   3   3   3   3   3 |     GGG   1   1   1   1   1   1
--------------------------------------------------------------------------------------------------------------------------------------

--------------------------------------------------------------------------------------------------------------------------------------
Phe TTT   0   0   0   0   0   0 | Ser TCT   0   1   0   0   1   1 | Tyr TAT   1   1   1   1   1   1 | Cys TGT   1   1   1   1   1   1
    TTC   2   2   2   2   2   2 |     TCC   1   0   1   1   0   0 |     TAC   1   1   1   1   1   1 |     TGC   1   1   1   1   1   1
Leu TTA   0   0   0   0   0   0 |     TCA   0   0   0   0   0   0 | *** TAA   0   0   0   0   0   0 | *** TGA   0   0   0   0   0   0
    TTG   0   0   0   0   0   0 |     TCG   0   0   0   0   0   0 |     TAG   0   0   0   0   0   0 | Trp TGG   3   3   3   3   3   3
--------------------------------------------------------------------------------------------------------------------------------------
Leu CTT   0   0   0   0   0   0 | Pro CCT   1   1   1   1   1   1 | His CAT   0   0   0   0   0   0 | Arg CGT   0   0   0   0   0   0
    CTC   2   2   2   2   2   2 |     CCC   3   3   3   3   3   3 |     CAC   1   1   1   1   1   1 |     CGC   1   1   1   1   1   1
    CTA   0   0   0   0   0   0 |     CCA   0   0   1   0   0   0 | Gln CAA   0   0   0   0   0   0 |     CGA   0   0   0   0   0   0
    CTG   4   4   4   4   4   4 |     CCG   1   1   0   1   1   1 |     CAG   3   3   3   3   3   3 |     CGG   2   3   3   3   3   3
--------------------------------------------------------------------------------------------------------------------------------------
Ile ATT   0   0   1   0   0   0 | Thr ACT   0   0   0   0   0   0 | Asn AAT   1   1   1   1   1   1 | Ser AGT   0   0   0   0   0   0
    ATC   3   3   2   3   3   3 |     ACC   1   1   1   1   1   1 |     AAC   2   2   2   2   2   2 |     AGC   1   1   1   1   1   1
    ATA   0   0   0   0   0   0 |     ACA   0   0   0   0   0   0 | Lys AAA   2   2   2   2   2   2 | Arg AGA   0   0   0   0   0   0
Met ATG   0   0   0   0   0   0 |     ACG   0   0   0   0   0   0 |     AAG   6   6   6   6   6   6 |     AGG   3   2   2   2   2   2
--------------------------------------------------------------------------------------------------------------------------------------
Val GTT   1   1   1   1   1   1 | Ala GCT   1   1   1   1   1   1 | Asp GAT   1   1   1   1   1   1 | Gly GGT   0   0   1   0   0   0
    GTC   0   0   0   0   0   0 |     GCC   3   3   3   3   3   3 |     GAC   1   1   1   1   1   1 |     GGC   3   3   2   2   3   3
    GTA   0   0   0   0   0   1 |     GCA   0   0   0   0   0   0 | Glu GAA   0   0   0   0   0   0 |     GGA   0   0   0   1   0   0
    GTG   3   3   3   3   3   2 |     GCG   0   0   0   0   0   0 |     GAG   3   3   3   3   3   3 |     GGG   1   1   1   1   1   1
--------------------------------------------------------------------------------------------------------------------------------------

--------------------------------------------------------------------------------------------------------------------------------------
Phe TTT   0   0   0   0   0   0 | Ser TCT   1   1   1   1   1   1 | Tyr TAT   1   1   1   1   1   1 | Cys TGT   1   1   1   1   1   1
    TTC   2   2   2   2   2   2 |     TCC   0   0   0   0   0   0 |     TAC   1   1   1   1   1   1 |     TGC   1   1   1   1   1   1
Leu TTA   0   0   0   0   0   0 |     TCA   0   0   0   0   0   0 | *** TAA   0   0   0   0   0   0 | *** TGA   0   0   0   0   0   0
    TTG   0   1   0   0   0   0 |     TCG   0   0   0   0   0   0 |     TAG   0   0   0   0   0   0 | Trp TGG   3   3   3   3   3   3
--------------------------------------------------------------------------------------------------------------------------------------
Leu CTT   0   0   0   0   0   0 | Pro CCT   1   1   1   1   1   1 | His CAT   0   0   0   0   0   0 | Arg CGT   0   0   0   0   0   0
    CTC   2   2   2   2   2   2 |     CCC   2   3   3   3   3   3 |     CAC   1   1   1   1   1   1 |     CGC   1   1   1   1   1   1
    CTA   0   0   0   0   0   0 |     CCA   1   0   0   0   0   0 | Gln CAA   0   0   0   0   0   0 |     CGA   0   0   0   0   0   0
    CTG   4   3   4   4   4   4 |     CCG   1   1   1   1   1   1 |     CAG   3   3   3   3   3   3 |     CGG   3   3   3   3   3   3
--------------------------------------------------------------------------------------------------------------------------------------
Ile ATT   0   0   0   0   0   0 | Thr ACT   0   0   0   0   0   0 | Asn AAT   1   1   1   1   1   1 | Ser AGT   0   0   0   0   0   0
    ATC   3   3   3   3   3   3 |     ACC   1   1   1   1   1   1 |     AAC   2   2   2   2   2   2 |     AGC   1   1   1   1   1   1
    ATA   0   0   0   0   0   0 |     ACA   0   0   0   0   0   0 | Lys AAA   2   2   1   2   2   2 | Arg AGA   0   0   1   0   0   0
Met ATG   0   0   0   0   0   0 |     ACG   0   0   0   0   0   0 |     AAG   6   6   6   6   6   6 |     AGG   2   2   2   2   2   2
--------------------------------------------------------------------------------------------------------------------------------------
Val GTT   1   1   1   1   1   1 | Ala GCT   1   1   1   2   2   1 | Asp GAT   1   1   1   1   1   1 | Gly GGT   0   0   0   0   0   0
    GTC   0   0   0   0   0   0 |     GCC   3   3   3   2   2   3 |     GAC   1   1   1   1   1   1 |     GGC   3   3   3   3   4   3
    GTA   0   0   0   0   0   0 |     GCA   0   0   0   0   0   0 | Glu GAA   0   0   0   0   0   0 |     GGA   0   0   0   0   0   0
    GTG   3   3   3   3   3   3 |     GCG   0   0   0   0   0   0 |     GAG   3   3   3   3   3   3 |     GGG   1   1   1   1   0   1
--------------------------------------------------------------------------------------------------------------------------------------

Codon position x base (3x4) table for each sequence.

#1: Argali         
position  1:    T:0.15625    C:0.29688    A:0.28125    G:0.26562
position  2:    T:0.23438    C:0.17188    A:0.34375    G:0.25000
position  3:    T:0.12500    C:0.39062    A:0.03125    G:0.45312
Average         T:0.17188    C:0.28646    A:0.21875    G:0.32292

#2: LesserMouseDeer
position  1:    T:0.15625    C:0.29688    A:0.28125    G:0.26562
position  2:    T:0.23438    C:0.17188    A:0.34375    G:0.25000
position  3:    T:0.15625    C:0.35938    A:0.01562    G:0.46875
Average         T:0.18229    C:0.27604    A:0.21354    G:0.32812

#3: LesserKudu     
position  1:    T:0.15625    C:0.29688    A:0.28125    G:0.26562
position  2:    T:0.23438    C:0.17188    A:0.34375    G:0.25000
position  3:    T:0.12500    C:0.39062    A:0.04688    G:0.43750
Average         T:0.17188    C:0.28646    A:0.22396    G:0.31771

#4: ForestMuskDeer2
position  1:    T:0.15625    C:0.29688    A:0.28125    G:0.26562
position  2:    T:0.23438    C:0.17188    A:0.34375    G:0.25000
position  3:    T:0.14062    C:0.37500    A:0.03125    G:0.45312
Average         T:0.17708    C:0.28125    A:0.21875    G:0.32292

#5: Camel          
position  1:    T:0.15625    C:0.28125    A:0.28125    G:0.28125
position  2:    T:0.23438    C:0.17188    A:0.34375    G:0.25000
position  3:    T:0.18750    C:0.32812    A:0.03125    G:0.45312
Average         T:0.19271    C:0.26042    A:0.21875    G:0.32812

#6: KillerWhale    
position  1:    T:0.15625    C:0.28125    A:0.28125    G:0.28125
position  2:    T:0.23438    C:0.17188    A:0.34375    G:0.25000
position  3:    T:0.14062    C:0.37500    A:0.03125    G:0.45312
Average         T:0.17708    C:0.27604    A:0.21875    G:0.32812

#7: DefassaWaterbuck
position  1:    T:0.15625    C:0.29688    A:0.28125    G:0.26562
position  2:    T:0.23438    C:0.17188    A:0.34375    G:0.25000
position  3:    T:0.12500    C:0.37500    A:0.04688    G:0.45312
Average         T:0.17188    C:0.28125    A:0.22396    G:0.32292

#8: Sheep          
position  1:    T:0.15625    C:0.29688    A:0.28125    G:0.26562
position  2:    T:0.23438    C:0.17188    A:0.34375    G:0.25000
position  3:    T:0.12500    C:0.39062    A:0.03125    G:0.45312
Average         T:0.17188    C:0.28646    A:0.21875    G:0.32292

#9: MaxwellsDuiker 
position  1:    T:0.15625    C:0.29688    A:0.28125    G:0.26562
position  2:    T:0.23438    C:0.17188    A:0.34375    G:0.25000
position  3:    T:0.12500    C:0.39062    A:0.04688    G:0.43750
Average         T:0.17188    C:0.28646    A:0.22396    G:0.31771

#10: GazellaPrzewalskyi
position  1:    T:0.15625    C:0.29688    A:0.28125    G:0.26562
position  2:    T:0.23438    C:0.17188    A:0.34375    G:0.25000
position  3:    T:0.12500    C:0.39062    A:0.03125    G:0.45312
Average         T:0.17188    C:0.28646    A:0.21875    G:0.32292

#11: MountainNyala  
position  1:    T:0.15625    C:0.29688    A:0.28125    G:0.26562
position  2:    T:0.23438    C:0.17188    A:0.34375    G:0.25000
position  3:    T:0.12500    C:0.39062    A:0.03125    G:0.45312
Average         T:0.17188    C:0.28646    A:0.21875    G:0.32292

#12: MuntiacusMuntjak
position  1:    T:0.15625    C:0.29688    A:0.28125    G:0.26562
position  2:    T:0.23438    C:0.17188    A:0.34375    G:0.25000
position  3:    T:0.14062    C:0.37500    A:0.04688    G:0.43750
Average         T:0.17708    C:0.28125    A:0.22396    G:0.31771

#13: goat           
position  1:    T:0.15625    C:0.29688    A:0.28125    G:0.26562
position  2:    T:0.23438    C:0.17188    A:0.34375    G:0.25000
position  3:    T:0.12500    C:0.39062    A:0.03125    G:0.45312
Average         T:0.17188    C:0.28646    A:0.21875    G:0.32292

#14: AfricanBuffalo 
position  1:    T:0.15625    C:0.29688    A:0.28125    G:0.26562
position  2:    T:0.23438    C:0.17188    A:0.34375    G:0.25000
position  3:    T:0.14062    C:0.39062    A:0.03125    G:0.43750
Average         T:0.17708    C:0.28646    A:0.21875    G:0.31771

#15: Topi           
position  1:    T:0.15625    C:0.29688    A:0.28125    G:0.26562
position  2:    T:0.23438    C:0.17188    A:0.34375    G:0.25000
position  3:    T:0.12500    C:0.39062    A:0.03125    G:0.45312
Average         T:0.17188    C:0.28646    A:0.21875    G:0.32292

#16: CommonDuiker   
position  1:    T:0.15625    C:0.29688    A:0.28125    G:0.26562
position  2:    T:0.23438    C:0.17188    A:0.34375    G:0.25000
position  3:    T:0.12500    C:0.39062    A:0.03125    G:0.45312
Average         T:0.17188    C:0.28646    A:0.21875    G:0.32292

#17: Suni           
position  1:    T:0.15625    C:0.29688    A:0.28125    G:0.26562
position  2:    T:0.23438    C:0.17188    A:0.34375    G:0.25000
position  3:    T:0.12500    C:0.39062    A:0.03125    G:0.45312
Average         T:0.17188    C:0.28646    A:0.21875    G:0.32292

#18: Springbuck     
position  1:    T:0.15625    C:0.29688    A:0.28125    G:0.26562
position  2:    T:0.23438    C:0.17188    A:0.34375    G:0.25000
position  3:    T:0.12500    C:0.39062    A:0.03125    G:0.45312
Average         T:0.17188    C:0.28646    A:0.21875    G:0.32292

#19: Okapi          
position  1:    T:0.15625    C:0.29688    A:0.28125    G:0.26562
position  2:    T:0.23438    C:0.17188    A:0.34375    G:0.25000
position  3:    T:0.12500    C:0.39062    A:0.03125    G:0.45312
Average         T:0.17188    C:0.28646    A:0.21875    G:0.32292

#20: Giraffe        
position  1:    T:0.15625    C:0.29688    A:0.28125    G:0.26562
position  2:    T:0.23438    C:0.17188    A:0.34375    G:0.25000
position  3:    T:0.12500    C:0.39062    A:0.03125    G:0.45312
Average         T:0.17188    C:0.28646    A:0.21875    G:0.32292

#21: TibetanAntelope
position  1:    T:0.15625    C:0.29688    A:0.28125    G:0.26562
position  2:    T:0.23438    C:0.17188    A:0.34375    G:0.25000
position  3:    T:0.12500    C:0.39062    A:0.03125    G:0.45312
Average         T:0.17188    C:0.28646    A:0.21875    G:0.32292

#22: Sitatunga      
position  1:    T:0.15625    C:0.29688    A:0.28125    G:0.26562
position  2:    T:0.23438    C:0.17188    A:0.34375    G:0.25000
position  3:    T:0.12500    C:0.39062    A:0.03125    G:0.45312
Average         T:0.17188    C:0.28646    A:0.21875    G:0.32292

#23: Oribi          
position  1:    T:0.15625    C:0.29688    A:0.28125    G:0.26562
position  2:    T:0.23438    C:0.17188    A:0.34375    G:0.25000
position  3:    T:0.12500    C:0.39062    A:0.03125    G:0.45312
Average         T:0.17188    C:0.28646    A:0.21875    G:0.32292

#24: BarbarySheep   
position  1:    T:0.15625    C:0.29688    A:0.28125    G:0.26562
position  2:    T:0.23438    C:0.17188    A:0.34375    G:0.25000
position  3:    T:0.12500    C:0.39062    A:0.03125    G:0.45312
Average         T:0.17188    C:0.28646    A:0.21875    G:0.32292

#25: Daviddeer      
position  1:    T:0.15625    C:0.28125    A:0.29688    G:0.26562
position  2:    T:0.23438    C:0.17188    A:0.34375    G:0.25000
position  3:    T:0.12500    C:0.39062    A:0.03125    G:0.45312
Average         T:0.17188    C:0.28125    A:0.22396    G:0.32292

#26: Reindeer       
position  1:    T:0.15625    C:0.29688    A:0.28125    G:0.26562
position  2:    T:0.23438    C:0.17188    A:0.34375    G:0.25000
position  3:    T:0.10938    C:0.39062    A:0.04688    G:0.45312
Average         T:0.16667    C:0.28646    A:0.22396    G:0.32292

#27: Ibex           
position  1:    T:0.15625    C:0.29688    A:0.28125    G:0.26562
position  2:    T:0.23438    C:0.17188    A:0.34375    G:0.25000
position  3:    T:0.12500    C:0.39062    A:0.03125    G:0.45312
Average         T:0.17188    C:0.28646    A:0.21875    G:0.32292

#28: GyrantGazelle  
position  1:    T:0.15625    C:0.29688    A:0.28125    G:0.26562
position  2:    T:0.23438    C:0.17188    A:0.34375    G:0.25000
position  3:    T:0.12500    C:0.39062    A:0.03125    G:0.45312
Average         T:0.17188    C:0.28646    A:0.21875    G:0.32292

#29: Hartebeest     
position  1:    T:0.15625    C:0.29688    A:0.28125    G:0.26562
position  2:    T:0.23438    C:0.17188    A:0.34375    G:0.25000
position  3:    T:0.12500    C:0.39062    A:0.03125    G:0.45312
Average         T:0.17188    C:0.28646    A:0.21875    G:0.32292

#30: Bongo          
position  1:    T:0.15625    C:0.29688    A:0.28125    G:0.26562
position  2:    T:0.23438    C:0.17188    A:0.34375    G:0.25000
position  3:    T:0.12500    C:0.39062    A:0.03125    G:0.45312
Average         T:0.17188    C:0.28646    A:0.21875    G:0.32292

#31: Gerenuk        
position  1:    T:0.15625    C:0.29688    A:0.28125    G:0.26562
position  2:    T:0.23438    C:0.17188    A:0.34375    G:0.25000
position  3:    T:0.12500    C:0.39062    A:0.03125    G:0.45312
Average         T:0.17188    C:0.28646    A:0.21875    G:0.32292

#32: CommonEland    
position  1:    T:0.15625    C:0.29688    A:0.28125    G:0.26562
position  2:    T:0.23438    C:0.17188    A:0.34375    G:0.25000
position  3:    T:0.12500    C:0.39062    A:0.03125    G:0.45312
Average         T:0.17188    C:0.28646    A:0.21875    G:0.32292

#33: MuntiacusReevesi
position  1:    T:0.15625    C:0.29688    A:0.28125    G:0.26562
position  2:    T:0.23438    C:0.17188    A:0.34375    G:0.25000
position  3:    T:0.14062    C:0.37500    A:0.04688    G:0.43750
Average         T:0.17708    C:0.28125    A:0.22396    G:0.31771

#34: HarveysDuiker  
position  1:    T:0.15625    C:0.29688    A:0.28125    G:0.26562
position  2:    T:0.23438    C:0.17188    A:0.34375    G:0.25000
position  3:    T:0.12500    C:0.39062    A:0.03125    G:0.45312
Average         T:0.17188    C:0.28646    A:0.21875    G:0.32292

#35: Pronghorn      
position  1:    T:0.15625    C:0.28125    A:0.29688    G:0.26562
position  2:    T:0.23438    C:0.17188    A:0.34375    G:0.25000
position  3:    T:0.14062    C:0.39062    A:0.03125    G:0.43750
Average         T:0.17708    C:0.28125    A:0.22396    G:0.31771

#36: BlueWildebeest 
position  1:    T:0.15625    C:0.29688    A:0.28125    G:0.26562
position  2:    T:0.23438    C:0.17188    A:0.34375    G:0.25000
position  3:    T:0.12500    C:0.39062    A:0.03125    G:0.45312
Average         T:0.17188    C:0.28646    A:0.21875    G:0.32292

#37: Gemsbok        
position  1:    T:0.15625    C:0.29688    A:0.28125    G:0.26562
position  2:    T:0.23438    C:0.17188    A:0.34375    G:0.25000
position  3:    T:0.12500    C:0.39062    A:0.03125    G:0.45312
Average         T:0.17188    C:0.28646    A:0.21875    G:0.32292

#38: Yak            
position  1:    T:0.15625    C:0.29688    A:0.28125    G:0.26562
position  2:    T:0.23438    C:0.17188    A:0.34375    G:0.25000
position  3:    T:0.12500    C:0.39062    A:0.03125    G:0.45312
Average         T:0.17188    C:0.28646    A:0.21875    G:0.32292

#39: BlueSheep      
position  1:    T:0.15625    C:0.29688    A:0.28125    G:0.26562
position  2:    T:0.23438    C:0.17188    A:0.34375    G:0.25000
position  3:    T:0.12500    C:0.39062    A:0.03125    G:0.45312
Average         T:0.17188    C:0.28646    A:0.21875    G:0.32292

#40: BohorReedbuck  
position  1:    T:0.15625    C:0.29688    A:0.28125    G:0.26562
position  2:    T:0.23438    C:0.17188    A:0.34375    G:0.25000
position  3:    T:0.12500    C:0.37500    A:0.04688    G:0.45312
Average         T:0.17188    C:0.28125    A:0.22396    G:0.32292

#41: KirksDik       
position  1:    T:0.15625    C:0.29688    A:0.28125    G:0.26562
position  2:    T:0.23438    C:0.17188    A:0.34375    G:0.25000
position  3:    T:0.12500    C:0.39062    A:0.03125    G:0.45312
Average         T:0.17188    C:0.28646    A:0.21875    G:0.32292

#42: RoeDeer        
position  1:    T:0.15625    C:0.29688    A:0.28125    G:0.26562
position  2:    T:0.23438    C:0.17188    A:0.34375    G:0.25000
position  3:    T:0.10938    C:0.40625    A:0.03125    G:0.45312
Average         T:0.16667    C:0.29167    A:0.21875    G:0.32292

#43: WhiteLippedDeer
position  1:    T:0.15625    C:0.28125    A:0.29688    G:0.26562
position  2:    T:0.23438    C:0.17188    A:0.34375    G:0.25000
position  3:    T:0.10938    C:0.40625    A:0.03125    G:0.45312
Average         T:0.16667    C:0.28646    A:0.22396    G:0.32292

#44: ThomsonGazelle 
position  1:    T:0.15625    C:0.29688    A:0.28125    G:0.26562
position  2:    T:0.23438    C:0.17188    A:0.34375    G:0.25000
position  3:    T:0.12500    C:0.39062    A:0.03125    G:0.45312
Average         T:0.17188    C:0.28646    A:0.21875    G:0.32292

#45: MuntiacusCrinifrons
position  1:    T:0.15625    C:0.29688    A:0.28125    G:0.26562
position  2:    T:0.23438    C:0.17188    A:0.34375    G:0.25000
position  3:    T:0.14062    C:0.37500    A:0.04688    G:0.43750
Average         T:0.17708    C:0.28125    A:0.22396    G:0.31771

#46: WhiteTailedDeer
position  1:    T:0.15625    C:0.29688    A:0.28125    G:0.26562
position  2:    T:0.23438    C:0.17188    A:0.34375    G:0.25000
position  3:    T:0.10938    C:0.39062    A:0.04688    G:0.45312
Average         T:0.16667    C:0.28646    A:0.22396    G:0.32292

#47: Cattle         
position  1:    T:0.15625    C:0.29688    A:0.28125    G:0.26562
position  2:    T:0.23438    C:0.17188    A:0.34375    G:0.25000
position  3:    T:0.12500    C:0.39062    A:0.03125    G:0.45312
Average         T:0.17188    C:0.28646    A:0.21875    G:0.32292

#48: RoyalAntelope  
position  1:    T:0.15625    C:0.29688    A:0.28125    G:0.26562
position  2:    T:0.23438    C:0.17188    A:0.34375    G:0.25000
position  3:    T:0.12500    C:0.39062    A:0.04688    G:0.43750
Average         T:0.17188    C:0.28646    A:0.22396    G:0.31771

#49: Steenbok       
position  1:    T:0.15625    C:0.29688    A:0.28125    G:0.26562
position  2:    T:0.23438    C:0.17188    A:0.34375    G:0.25000
position  3:    T:0.12500    C:0.37500    A:0.04688    G:0.45312
Average         T:0.17188    C:0.28125    A:0.22396    G:0.32292

#50: Impala         
position  1:    T:0.17188    C:0.28125    A:0.28125    G:0.26562
position  2:    T:0.23438    C:0.17188    A:0.34375    G:0.25000
position  3:    T:0.12500    C:0.39062    A:0.03125    G:0.45312
Average         T:0.17708    C:0.28125    A:0.21875    G:0.32292

#51: Klipspringer   
position  1:    T:0.15625    C:0.29688    A:0.28125    G:0.26562
position  2:    T:0.23438    C:0.17188    A:0.32812    G:0.26562
