CODONML (in paml version 4.10.7, June 2023)  /home/rachel/ruminants_paml/6406-phy-tree/ENSBTAT00000025885.fasta.phy
Model: free dN/dS Ratios for branches,  kappa = 2.000 fixed

Codon frequency model: F3x4
ns =  54  ls = 162

Codon usage in sequences
--------------------------------------------------------------------------------------------------------------------------------------
Phe TTT   2   0   2   2   2   2 | Ser TCT   5   5   5   5   4   3 | Tyr TAT   1   1   1   1   1   1 | Cys TGT   0   0   0   0   0   0
    TTC   3   4   3   3   3   3 |     TCC   3   3   3   3   3   2 |     TAC   2   2   2   2   2   2 |     TGC   2   3   2   2   3   2
Leu TTA   1   1   1   1   1   2 |     TCA   1   1   1   1   1   1 | *** TAA   0   0   0   0   0   0 | *** TGA   0   0   0   0   0   0
    TTG   2   3   2   1   2   1 |     TCG   1   1   1   1   1   1 |     TAG   0   0   0   0   0   0 | Trp TGG   1   1   1   1   1   1
--------------------------------------------------------------------------------------------------------------------------------------
Leu CTT   5   5   5   5   5   5 | Pro CCT   4   4   4   4   6   6 | His CAT   2   1   2   3   2   2 | Arg CGT   1   2   1   0   1   1
    CTC   4   4   4   4   4   4 |     CCC   5   4   5   4   4   5 |     CAC   3   3   3   4   2   3 |     CGC   2   1   2   3   1   2
    CTA   0   0   0   0   0   1 |     CCA   4   5   5   5   5   5 | Gln CAA   0   0   0   0   1   0 |     CGA   1   1   1   0   1   1
    CTG   6   4   6   7   6   5 |     CCG   2   1   1   1   1   1 |     CAG  11  11  11  11  10  11 |     CGG   1   2   1   1   1   1
--------------------------------------------------------------------------------------------------------------------------------------
Ile ATT   1   1   1   2   1   1 | Thr ACT   3   1   4   3   2   3 | Asn AAT   2   2   2   2   2   2 | Ser AGT   4   5   4   4   4   4
    ATC   2   0   2   2   1   1 |     ACC   5   5   5   5   6   5 |     AAC   1   1   1   1   1   1 |     AGC   1   1   1   1   1   1
    ATA   1   0   1   0   1   1 |     ACA   2   3   1   2   2   2 | Lys AAA   0   0   0   0   0   0 | Arg AGA   1   1   1   1   1   1
Met ATG   3   6   3   3   3   3 |     ACG   0   0   0   0   0   0 |     AAG   0   0   0   0   0   0 |     AGG   2   2   2   2   3   3
--------------------------------------------------------------------------------------------------------------------------------------
Val GTT   2   2   2   2   2   1 | Ala GCT   6   8   7   6   6   7 | Asp GAT   3   1   2   2   3   2 | Gly GGT   1   0   1   1   1   1
    GTC   2   3   2   2   3   4 |     GCC   4   5   3   4   3   3 |     GAC   3   5   4   4   6   4 |     GGC   1   1   1   1   1   1
    GTA   0   0   0   0   0   0 |     GCA   4   2   4   4   4   5 | Glu GAA   9   5   8   6   5   7 |     GGA   5   6   5   5   6   6
    GTG   8   6   8   8   7   7 |     GCG   1   3   1   1   2   1 |     GAG   8  11   9  11   9   9 |     GGG   2   3   2   2   2   2
--------------------------------------------------------------------------------------------------------------------------------------

--------------------------------------------------------------------------------------------------------------------------------------
Phe TTT   2   2   2   2   2   2 | Ser TCT   5   5   5   5   5   4 | Tyr TAT   1   1   2   1   1   1 | Cys TGT   0   0   0   0   0   0
    TTC   3   3   3   3   3   3 |     TCC   3   3   3   3   3   4 |     TAC   2   2   1   2   2   2 |     TGC   2   2   2   2   2   3
Leu TTA   1   1   1   1   1   1 |     TCA   1   1   1   0   1   1 | *** TAA   0   0   0   0   0   0 | *** TGA   0   0   0   0   0   0
    TTG   2   2   2   2   2   3 |     TCG   1   1   1   2   1   1 |     TAG   0   0   0   0   0   0 | Trp TGG   1   1   1   1   1   1
--------------------------------------------------------------------------------------------------------------------------------------
Leu CTT   5   5   5   5   4   5 | Pro CCT   4   4   4   4   4   4 | His CAT   2   2   2   2   3   2 | Arg CGT   2   1   1   2   0   1
    CTC   4   4   4   4   5   4 |     CCC   5   5   5   5   5   5 |     CAC   3   3   4   3   3   2 |     CGC   1   2   1   1   2   1
    CTA   0   0   0   0   0   0 |     CCA   5   4   5   5   5   4 | Gln CAA   0   0   0   1   0   0 |     CGA   1   1   1   1   1   1
    CTG   6   6   6   6   6   5 |     CCG   1   2   1   1   1   1 |     CAG  11  11  11  10  11  10 |     CGG   1   1   1   1   1   2
--------------------------------------------------------------------------------------------------------------------------------------
Ile ATT   1   1   1   1   1   1 | Thr ACT   3   3   3   2   3   3 | Asn AAT   2   2   2   2   1   2 | Ser AGT   4   4   4   5   4   4
    ATC   2   2   2   2   2   2 |     ACC   5   5   5   5   5   5 |     AAC   1   1   1   1   2   2 |     AGC   1   1   1   1   1   1
    ATA   1   1   1   1   1   1 |     ACA   2   2   2   2   1   2 | Lys AAA   0   0   0   0   0   0 | Arg AGA   1   1   1   1   1   1
Met ATG   3   3   3   3   3   4 |     ACG   0   0   0   0   0   0 |     AAG   0   0   0   0   0   0 |     AGG   2   2   2   3   2   2
--------------------------------------------------------------------------------------------------------------------------------------
Val GTT   2   2   2   2   2   3 | Ala GCT   6   6   6   6   7   5 | Asp GAT   3   3   3   3   3   2 | Gly GGT   1   1   1   1   0   2
    GTC   2   2   2   2   2   1 |     GCC   4   4   4   4   4   4 |     GAC   3   3   4   3   4   5 |     GGC   1   1   1   1   1   1
    GTA   0   0   0   0   0   0 |     GCA   3   4   4   4   4   6 | Glu GAA   8   9   9   9   8   7 |     GGA   5   5   5   5   5   5
    GTG   8   8   8   8   8   7 |     GCG   2   1   1   1   1   1 |     GAG   9   8   7   8   9   9 |     GGG   2   2   2   1   2   1
--------------------------------------------------------------------------------------------------------------------------------------

--------------------------------------------------------------------------------------------------------------------------------------
Phe TTT   2   2   2   2   2   2 | Ser TCT   5   5   5   5   5   5 | Tyr TAT   1   1   1   1   1   1 | Cys TGT   0   0   0   1   0   0
    TTC   3   3   3   3   3   3 |     TCC   3   3   3   3   3   3 |     TAC   2   2   2   2   2   2 |     TGC   2   2   2   2   2   2
Leu TTA   1   1   1   1   1   1 |     TCA   1   1   1   1   1   1 | *** TAA   0   0   0   0   0   0 | *** TGA   0   0   0   0   0   0
    TTG   2   2   2   2   3   2 |     TCG   1   1   1   1   1   1 |     TAG   0   0   0   0   0   0 | Trp TGG   1   1   1   1   1   1
--------------------------------------------------------------------------------------------------------------------------------------
Leu CTT   5   5   5   5   5   5 | Pro CCT   4   4   4   4   4   4 | His CAT   3   2   2   2   2   2 | Arg CGT   1   1   1   1   1   2
    CTC   4   4   4   4   4   4 |     CCC   5   5   5   5   5   5 |     CAC   2   3   3   3   3   3 |     CGC   2   2   2   2   2   1
    CTA   0   0   0   0   0   0 |     CCA   5   5   5   5   5   5 | Gln CAA   0   1   0   0   0   0 |     CGA   1   1   1   1   1   1
    CTG   6   6   6   6   5   6 |     CCG   1   1   1   1   1   1 |     CAG  11  10  11  11  11  11 |     CGG   1   1   1   1   1   1
--------------------------------------------------------------------------------------------------------------------------------------
Ile ATT   1   1   1   1   1   1 | Thr ACT   3   3   3   3   3   2 | Asn AAT   2   2   2   2   2   2 | Ser AGT   4   4   4   3   4   5
    ATC   2   2   2   2   2   2 |     ACC   5   5   5   5   5   5 |     AAC   1   1   1   1   1   1 |     AGC   1   1   1   1   1   1
    ATA   1   1   1   1   1   1 |     ACA   2   2   2   2   2   3 | Lys AAA   0   0   0   0   0   0 | Arg AGA   1   1   1   1   1   1
Met ATG   3   3   3   3   3   3 |     ACG   0   0   0   0   0   0 |     AAG   0   0   0   0   0   0 |     AGG   2   2   2   2   2   3
--------------------------------------------------------------------------------------------------------------------------------------
Val GTT   2   2   2   2   2   2 | Ala GCT   6   6   6   6   6   6 | Asp GAT   3   2   3   3   2   3 | Gly GGT   1   1   1   1   1   1
    GTC   2   2   2   2   2   2 |     GCC   4   4   4   4   4   4 |     GAC   3   4   3   3   4   3 |     GGC   1   1   1   1   1   1
    GTA   0   0   0   0   0   0 |     GCA   4   4   4   4   4   4 | Glu GAA   8   8   8   8   8   8 |     GGA   5   5   5   5   5   5
    GTG   8   8   8   8   8   8 |     GCG   1   1   1   1   1   0 |     GAG   9   9   9   9   9   9 |     GGG   2   2   2   2   2   1
--------------------------------------------------------------------------------------------------------------------------------------

--------------------------------------------------------------------------------------------------------------------------------------
Phe TTT   2   2   2   1   2   2 | Ser TCT   5   5   5   5   5   5 | Tyr TAT   1   1   1   1   1   1 | Cys TGT   0   0   0   0   0   0
    TTC   3   3   3   3   3   3 |     TCC   3   3   3   3   4   3 |     TAC   2   2   2   2   2   2 |     TGC   2   2   2   2   2   2
Leu TTA   1   1   1   1   1   1 |     TCA   2   2   1   1   2   1 | *** TAA   0   0   0   0   0   0 | *** TGA   0   0   0   0   0   0
    TTG   2   2   2   2   3   2 |     TCG   1   1   1   1   1   1 |     TAG   0   0   0   0   0   0 | Trp TGG   1   1   1   1   1   1
--------------------------------------------------------------------------------------------------------------------------------------
Leu CTT   5   5   5   6   5   5 | Pro CCT   3   4   4   4   4   4 | His CAT   2   2   2   2   2   2 | Arg CGT   1   1   1   1   2   1
    CTC   5   4   4   4   5   4 |     CCC   5   5   5   6   3   5 |     CAC   3   2   3   2   3   4 |     CGC   2   2   2   2   1   1
    CTA   0   0   0   0   0   0 |     CCA   4   4   5   5   4   5 | Gln CAA   0   1   0   0   0   0 |     CGA   1   1   1   1   1   1
    CTG   6   6   6   6   6   6 |     CCG   1   1   1   1   1   1 |     CAG  11  11  11  11  11  11 |     CGG   1   1   1   1   1   1
--------------------------------------------------------------------------------------------------------------------------------------
Ile ATT   1   1   1   1   1   1 | Thr ACT   3   3   3   4   2   3 | Asn AAT   2   2   2   2   2   2 | Ser AGT   4   5   4   4   5   4
    ATC   2   2   2   2   2   2 |     ACC   5   5   5   5   5   5 |     AAC   1   1   1   1   1   1 |     AGC   1   1   1   1   1   1
    ATA   1   1   1   1   1   1 |     ACA   2   2   2   1   2   2 | Lys AAA   0   0   0   0   0   0 | Arg AGA   1   1   1   1   1   1
Met ATG   3   3   3   3   3   3 |     ACG   0   0   0   0   0   0 |     AAG   0   0   0   0   0   0 |     AGG   2   2   2   2   3   2
--------------------------------------------------------------------------------------------------------------------------------------
Val GTT   2   2   2   2   2   2 | Ala GCT   6   6   5   6   6   6 | Asp GAT   2   2   3   2   3   3 | Gly GGT   1   0   1   1   1   1
    GTC   2   2   2   2   2   2 |     GCC   4   4   4   4   4   4 |     GAC   4   4   3   4   3   3 |     GGC   1   1   1   1   1   1
    GTA   0   0   0   0   0   0 |     GCA   4   4   4   4   4   4 | Glu GAA   8   8   8   8   8   8 |     GGA   5   5   5   5   5   5
    GTG   8   8   8   8   7   8 |     GCG   1   1   2   1   1   1 |     GAG   9   9   9   9   9   9 |     GGG   2   2   2   2   1   2
--------------------------------------------------------------------------------------------------------------------------------------

--------------------------------------------------------------------------------------------------------------------------------------
Phe TTT   3   2   2   2   2   2 | Ser TCT   5   5   5   5   5   5 | Tyr TAT   1   1   1   1   1   1 | Cys TGT   1   0   0   0   0   0
    TTC   3   3   3   3   3   3 |     TCC   3   3   3   3   3   3 |     TAC   2   2   2   2   2   2 |     TGC   2   2   2   2   2   2
Leu TTA   1   1   1   1   1   1 |     TCA   1   1   1   1   1   1 | *** TAA   0   0   0   0   0   0 | *** TGA   0   0   0   0   0   0
    TTG   3   3   2   2   2   2 |     TCG   1   1   1   1   1   1 |     TAG   0   0   0   0   0   0 | Trp TGG   1   1   1   1   1   1
--------------------------------------------------------------------------------------------------------------------------------------
Leu CTT   4   5   5   5   5   4 | Pro CCT   4   4   4   4   4   4 | His CAT   2   2   2   2   2   3 | Arg CGT   1   1   1   2   1   0
    CTC   4   4   4   4   4   5 |     CCC   5   5   5   5   5   5 |     CAC   2   2   3   3   3   3 |     CGC   2   2   2   1   2   2
    CTA   0   0   0   0   0   0 |     CCA   5   5   5   5   5   5 | Gln CAA   0   0   0   0   0   0 |     CGA   1   1   1   1   1   1
    CTG   5   6   6   6   6   6 |     CCG   1   1   1   1   1   1 |     CAG   9  10  11  11  11  11 |     CGG   3   2   1   1   1   1
--------------------------------------------------------------------------------------------------------------------------------------
Ile ATT   1   1   1   1   1   1 | Thr ACT   3   3   3   2   3   4 | Asn AAT   2   2   2   2   2   1 | Ser AGT   3   3   4   5   4   4
    ATC   2   2   2   2   2   2 |     ACC   5   5   5   5   5   5 |     AAC   2   2   1   1   1   2 |     AGC   1   2   1   1   1   1
    ATA   1   1   1   1   1   1 |     ACA   2   2   2   2   2   1 | Lys AAA   0   0   0   0   0   0 | Arg AGA   1   1   1   1   1   1
Met ATG   4   3   3   3   3   3 |     ACG   0   0   0   0   0   0 |     AAG   0   0   0   0   0   0 |     AGG   2   2   2   3   2   2
--------------------------------------------------------------------------------------------------------------------------------------
Val GTT   2   2   2   2   2   2 | Ala GCT   6   6   6   6   6   6 | Asp GAT   2   2   3   3   3   3 | Gly GGT   1   1   1   1   1   0
    GTC   2   2   2   2   2   2 |     GCC   4   4   4   4   4   4 |     GAC   5   5   3   3   3   4 |     GGC   1   1   1   1   1   1
    GTA   0   0   0   0   0   0 |     GCA   4   4   4   4   4   4 | Glu GAA   8   8   8   8   8   8 |     GGA   5   5   5   5   5   5
    GTG   7   7   8   8   8   8 |     GCG   1   1   1   1   1   1 |     GAG   8   8   9   9   9   9 |     GGG   2   2   2   1   2   2
--------------------------------------------------------------------------------------------------------------------------------------

--------------------------------------------------------------------------------------------------------------------------------------
Phe TTT   2   1   2   2   2   2 | Ser TCT   5   5   4   5   6   5 | Tyr TAT   1   1   1   1   1   1 | Cys TGT   0   0   0   0   0   0
    TTC   3   3   3   3   3   3 |     TCC   3   3   4   3   3   3 |     TAC   2   2   2   2   2   2 |     TGC   2   2   3   2   2   2
Leu TTA   1   1   1   1   1   1 |     TCA   1   1   1   1   1   1 | *** TAA   0   0   0   0   0   0 | *** TGA   0   0   0   0   0   0
    TTG   2   2   3   2   2   2 |     TCG   1   1   1   1   1   1 |     TAG   0   0   0   0   0   0 | Trp TGG   1   1   1   1   1   1
--------------------------------------------------------------------------------------------------------------------------------------
Leu CTT   5   6   5   5   5   5 | Pro CCT   4   4   4   4   3   4 | His CAT   2   2   2   3   3   2 | Arg CGT   2   1   1   1   1   1
    CTC   4   4   4   4   5   4 |     CCC   5   5   5   5   5   5 |     CAC   3   3   2   2   3   3 |     CGC   1   2   1   2   2   2
    CTA   0   0   0   0   0   0 |     CCA   5   5   5   5   5   5 | Gln CAA   0   0   0   0   1   0 |     CGA   1   1   1   1   1   1
    CTG   6   6   5   6   5   6 |     CCG   1   1   1   1   1   1 |     CAG  11  11  10  11   9  11 |     CGG   1   1   2   1   1   1
--------------------------------------------------------------------------------------------------------------------------------------
Ile ATT   2   1   1   1   1   1 | Thr ACT   2   4   3   3   3   3 | Asn AAT   2   2   2   2   2   2 | Ser AGT   5   4   4   4   4   4
    ATC   2   2   2   2   2   2 |     ACC   5   5   5   5   4   5 |     AAC   1   1   2   1   1   1 |     AGC   1   1   1   1   2   1
    ATA   1   1   1   1   1   1 |     ACA   2   1   2   2   2   2 | Lys AAA   0   0   0   0   0   0 | Arg AGA   1   1   1   1   1   1
Met ATG   3   3   4   3   3   3 |     ACG   0   0   0   0   0   0 |     AAG   0   0   0   0   0   0 |     AGG   3   2   2   2   2   2
--------------------------------------------------------------------------------------------------------------------------------------
Val GTT   1   2   3   2   2   2 | Ala GCT   6   6   6   6   6   6 | Asp GAT   3   2   2   3   2   3 | Gly GGT   1   1   2   1   1   1
    GTC   2   2   1   2   2   2 |     GCC   4   4   4   4   4   4 |     GAC   3   4   5   3   5   3 |     GGC   1   1   1   1   1   1
    GTA   0   0   0   0   0   0 |     GCA   4   4   4   4   4   4 | Glu GAA   8   8   7   9   8   8 |     GGA   5   5   5   5   5   5
    GTG   8   8   7   8   8   8 |     GCG   1   1   1   1   1   1 |     GAG   9   9   9   8   8   9 |     GGG   1   2   1   2   2   2
--------------------------------------------------------------------------------------------------------------------------------------

--------------------------------------------------------------------------------------------------------------------------------------
Phe TTT   2   2   2   3   2   2 | Ser TCT   5   5   5   5   5   5 | Tyr TAT   1   1   1   1   1   1 | Cys TGT   0   0   0   0   0   0
    TTC   3   3   3   2   3   3 |     TCC   3   3   3   3   3   3 |     TAC   2   2   2   2   2   2 |     TGC   2   2   2   2   2   2
Leu TTA   1   1   1   1   1   1 |     TCA   1   1   1   2   1   1 | *** TAA   0   0   0   0   0   0 | *** TGA   0   0   0   0   0   0
    TTG   2   2   2   2   3   3 |     TCG   1   1   1   1   1   1 |     TAG   0   0   0   0   0   0 | Trp TGG   1   1   1   1   1   1
--------------------------------------------------------------------------------------------------------------------------------------
Leu CTT   5   5   5   5   5   5 | Pro CCT   4   4   4   4   4   4 | His CAT   2   2   2   2   2   2 | Arg CGT   1   1   1   2   2   1
    CTC   4   4   4   4   4   4 |     CCC   5   5   5   5   5   5 |     CAC   3   3   3   3   3   2 |     CGC   2   2   2   1   1   2
    CTA   0   0   0   0   0   0 |     CCA   5   5   5   4   5   5 | Gln CAA   0   0   0   0   0   0 |     CGA   1   1   1   1   1   2
    CTG   6   6   6   6   5   6 |     CCG   1   1   1   1   1   1 |     CAG  11  11  11  11  11  10 |     CGG   1   1   1   1   1   1
--------------------------------------------------------------------------------------------------------------------------------------
Ile ATT   1   1   1   1   1   1 | Thr ACT   3   2   3   3   2   3 | Asn AAT   2   2   2   2   2   2 | Ser AGT   4   4   4   4   5   4
    ATC   2   2   2   2   2   2 |     ACC   5   5   5   5   5   5 |     AAC   1   1   1   1   1   2 |     AGC   1   1   1   1   1   1
    ATA   1   1   1   1   1   1 |     ACA   2   2   2   2   2   2 | Lys AAA   0   0   0   0   0   0 | Arg AGA   1   1   1   1   1   1
Met ATG   3   3   3   3   3   3 |     ACG   0   0   0   0   0   0 |     AAG   0   0   0   0   0   0 |     AGG   2   2   2   2   3   2
--------------------------------------------------------------------------------------------------------------------------------------
Val GTT   2   2   2   2   2   2 | Ala GCT   6   7   6   6   6   6 | Asp GAT   3   2   3   3   3   2 | Gly GGT   1   1   1   1   1   1
    GTC   2   2   2   2   2   2 |     GCC   4   4   4   4   4   4 |     GAC   3   4   3   3   3   5 |     GGC   1   1   1   1   1   1
    GTA   0   0   0   0   0   0 |     GCA   4   4   4   3   4   4 | Glu GAA   8   8   8   8   8   8 |     GGA   5   5   5   5   5   5
    GTG   8   8   8   8   8   7 |     GCG   1   1   1   2   1   1 |     GAG   9   9   9   9   9   8 |     GGG   2   2   2   2   1   2
--------------------------------------------------------------------------------------------------------------------------------------

--------------------------------------------------------------------------------------------------------------------------------------
Phe TTT   2   2   2   2   2   2 | Ser TCT   5   4   4   5   5   5 | Tyr TAT   1   1   1   1   1   1 | Cys TGT   0   1   0   0   0   1
    TTC   3   3   3   3   3   3 |     TCC   3   3   4   3   3   4 |     TAC   2   2   2   2   2   2 |     TGC   2   2   3   2   2   1
Leu TTA   1   1   1   1   1   1 |     TCA   1   1   1   1   1   1 | *** TAA   0   0   0   0   0   0 | *** TGA   0   0   0   0   0   0
    TTG   3   2   3   3   2   2 |     TCG   1   1   1   1   1   1 |     TAG   0   0   0   0   0   0 | Trp TGG   1   1   1   1   1   1
--------------------------------------------------------------------------------------------------------------------------------------
Leu CTT   6   5   5   5   5   5 | Pro CCT   4   4   4   4   4   4 | His CAT   2   2   2   2   2   2 | Arg CGT   1   2   1   1   1   1
    CTC   3   4   4   4   4   4 |     CCC   5   5   5   5   5   4 |     CAC   2   3   2   2   3   3 |     CGC   2   1   1   2   2   2
    CTA   0   0   0   0   0   0 |     CCA   5   5   5   5   5   5 | Gln CAA   0   0   0   0   0   0 |     CGA   1   1   1   1   1   1
    CTG   5   6   5   6   6   6 |     CCG   1   1   1   1   1   1 |     CAG   9  11  10  10  11  11 |     CGG   3   1   2   2   1   1
--------------------------------------------------------------------------------------------------------------------------------------
Ile ATT   1   1   1   1   1   1 | Thr ACT   3   2   3   2   2   3 | Asn AAT   2   2   2   2   2   2 | Ser AGT   4   5   4   3   4   4
    ATC   2   2   2   2   2   2 |     ACC   5   5   5   6   5   5 |     AAC   2   1   2   2   1   1 |     AGC   1   1   1   2   1   1
    ATA   1   1   1   1   1   1 |     ACA   2   2   2   1   2   2 | Lys AAA   0   0   0   0   0   0 | Arg AGA   1   1   1   1   1   1
Met ATG   4   3   4   3   3   3 |     ACG   0   0   0   0   0   0 |     AAG   0   0   0   0   0   0 |     AGG   2   3   2   2   2   2
--------------------------------------------------------------------------------------------------------------------------------------
Val GTT   2   2   3   3   2   2 | Ala GCT   6   6   6   6   7   6 | Asp GAT   2   3   2   2   2   3 | Gly GGT   1   1   2   1   1   1
    GTC   2   2   1   1   2   2 |     GCC   4   4   4   4   4   4 |     GAC   5   3   5   5   4   3 |     GGC   1   1   1   1   1   1
    GTA   0   0   0   0   0   0 |     GCA   4   4   4   5   4   4 | Glu GAA   8   8   7   8   8   8 |     GGA   5   5   5   5   5   5
    GTG   7   8   7   7   8   8 |     GCG   1   1   1   1   1   1 |     GAG   8   9   9   8   9   9 |     GGG   2   1   1   2   2   2
--------------------------------------------------------------------------------------------------------------------------------------

--------------------------------------------------------------------------------------------------------------------------------------
Phe TTT   2   2   2   2   1   1 | Ser TCT   5   5   5   5   5   5 | Tyr TAT   1   1   1   1   1   1 | Cys TGT   0   0   0   0   0   0
    TTC   3   3   3   3   3   3 |     TCC   3   3   4   3   3   3 |     TAC   2   2   2   2   2   2 |     TGC   2   2   3   2   2   2
Leu TTA   1   1   1   1   1   1 |     TCA   1   1   1   1   1   1 | *** TAA   0   0   0   0   0   0 | *** TGA   0   0   0   0   0   0
    TTG   2   2   2   1   2   2 |     TCG   1   1   1   1   1   1 |     TAG   0   0   0   0   0   0 | Trp TGG   1   1   1   1   1   1
--------------------------------------------------------------------------------------------------------------------------------------
Leu CTT   5   6   5   5   6   6 | Pro CCT   4   4   4   4   4   4 | His CAT   2   2   2   3   3   2 | Arg CGT   2   1   1   0   0   1
    CTC   4   4   4   4   4   4 |     CCC   5   5   4   4   5   5 |     CAC   3   3   3   4   3   3 |     CGC   1   2   1   3   2   2
    CTA   0   0   0   0   0   0 |     CCA   5   5   5   5   5   5 | Gln CAA   0   0   0   0   0   0 |     CGA   1   1   1   0   1   1
    CTG   6   5   6   7   6   6 |     CCG   1   1   1   1   1   1 |     CAG  11  11  11  11  11  11 |     CGG   1   1   1   1   1   1
--------------------------------------------------------------------------------------------------------------------------------------
Ile ATT   1   1   1   2   1   1 | Thr ACT   2   4   3   3   4   4 | Asn AAT   2   2   2   2   2   2 | Ser AGT   5   4   4   4   4   4
    ATC   2   2   2   2   2   2 |     ACC   5   4   4   5   5   5 |     AAC   1   1   1   1   1   1 |     AGC   1   1   2   1   1   1
    ATA   0   1   1   0   1   1 |     ACA   2   2   2   2   1   1 | Lys AAA   0   0   0   0   0   0 | Arg AGA   1   1   1   1   1   1
Met ATG   3   3   3   3   3   3 |     ACG   0   0   0   0   0   0 |     AAG   0   0   0   0   0   0 |     AGG   3   2   2   2   2   2
--------------------------------------------------------------------------------------------------------------------------------------
Val GTT   2   2   2   2   2   2 | Ala GCT   6   6   6   6   6   6 | Asp GAT   3   2   3   2   2   2 | Gly GGT   1   1   1   1   1   1
    GTC   2   2   2   2   2   2 |     GCC   4   4   4   4   4   4 |     GAC   3   4   3   4   4   4 |     GGC   1   1   1   1   1   1
    GTA   1   0   0   0   0   0 |     GCA   4   4   4   4   4   4 | Glu GAA   9   8   8   8   8   8 |     GGA   5   5   5   5   5   5
    GTG   8   8   8   8   8   8 |     GCG   1   1   1   1   1   1 |     GAG   8   9   9   9   9   9 |     GGG   1   2   2   2   2   2
--------------------------------------------------------------------------------------------------------------------------------------

Codon position x base (3x4) table for each sequence.

#1: Argali         
position  1:    T:0.14815    C:0.31481    A:0.17284    G:0.36420
position  2:    T:0.25926    C:0.30864    A:0.27778    G:0.15432
position  3:    T:0.25926    C:0.26543    A:0.17901    G:0.29630
Average         T:0.22222    C:0.29630    A:0.20988    G:0.27160

#2: LesserMouseDeer
position  1:    T:0.15432    C:0.29630    A:0.17284    G:0.37654
position  2:    T:0.24074    C:0.31481    A:0.26543    G:0.17901
position  3:    T:0.23457    C:0.27778    A:0.15432    G:0.33333
Average         T:0.20988    C:0.29630    A:0.19753    G:0.29630

#3: LesserKudu     
position  1:    T:0.14815    C:0.31481    A:0.17284    G:0.36420
position  2:    T:0.25926    C:0.30864    A:0.27778    G:0.15432
position  3:    T:0.26543    C:0.26543    A:0.17284    G:0.29630
Average         T:0.22428    C:0.29630    A:0.20782    G:0.27160

#4: ForestMuskDeer2
position  1:    T:0.14198    C:0.32099    A:0.17284    G:0.36420
position  2:    T:0.25926    C:0.30247    A:0.29012    G:0.14815
position  3:    T:0.25926    C:0.27778    A:0.15432    G:0.30864
Average         T:0.22016    C:0.30041    A:0.20576    G:0.27366

#5: Camel          
position  1:    T:0.14815    C:0.30864    A:0.17284    G:0.37037
position  2:    T:0.25309    C:0.30864    A:0.27160    G:0.16667
position  3:    T:0.25926    C:0.27160    A:0.17284    G:0.29630
Average         T:0.22016    C:0.29630    A:0.20576    G:0.27778

#6: KillerWhale    
position  1:    T:0.12963    C:0.32716    A:0.17284    G:0.37037
position  2:    T:0.25309    C:0.30864    A:0.27160    G:0.16667
position  3:    T:0.25309    C:0.26543    A:0.19753    G:0.28395
Average         T:0.21193    C:0.30041    A:0.21399    G:0.27366

#7: DefassaWaterbuck
position  1:    T:0.14815    C:0.31481    A:0.17284    G:0.36420
position  2:    T:0.25926    C:0.30864    A:0.27778    G:0.15432
position  3:    T:0.26543    C:0.25926    A:0.17284    G:0.30247
Average         T:0.22428    C:0.29424    A:0.20782    G:0.27366

#8: Sheep          
position  1:    T:0.14815    C:0.31481    A:0.17284    G:0.36420
position  2:    T:0.25926    C:0.30864    A:0.27778    G:0.15432
position  3:    T:0.25926    C:0.26543    A:0.17901    G:0.29630
Average         T:0.22222    C:0.29630    A:0.20988    G:0.27160

#9: MaxwellsDuiker 
position  1:    T:0.14815    C:0.31481    A:0.17284    G:0.36420
position  2:    T:0.25926    C:0.30864    A:0.28395    G:0.14815
position  3:    T:0.26543    C:0.26543    A:0.18519    G:0.28395
Average         T:0.22428    C:0.29630    A:0.21399    G:0.26543

#10: GazellaPrzewalskyi
position  1:    T:0.14815    C:0.31481    A:0.17901    G:0.35802
position  2:    T:0.25926    C:0.30247    A:0.27778    G:0.16049
position  3:    T:0.26543    C:0.25926    A:0.18519    G:0.29012
Average         T:0.22428    C:0.29218    A:0.21399    G:0.26955

#11: MountainNyala  
position  1:    T:0.14815    C:0.31481    A:0.16667    G:0.37037
position  2:    T:0.25926    C:0.30864    A:0.29012    G:0.14198
position  3:    T:0.24691    C:0.28395    A:0.17284    G:0.29630
Average         T:0.21811    C:0.30247    A:0.20988    G:0.26955

#12: MuntiacusMuntjak
position  1:    T:0.16049    C:0.29012    A:0.18519    G:0.36420
position  2:    T:0.25926    C:0.30864    A:0.27160    G:0.16049
position  3:    T:0.25309    C:0.27778    A:0.17901    G:0.29012
Average         T:0.22428    C:0.29218    A:0.21193    G:0.27160

#13: goat           
position  1:    T:0.14815    C:0.31481    A:0.17284    G:0.36420
position  2:    T:0.25926    C:0.30864    A:0.27778    G:0.15432
position  3:    T:0.26543    C:0.25926    A:0.17901    G:0.29630
Average         T:0.22428    C:0.29424    A:0.20988    G:0.27160

#14: AfricanBuffalo 
position  1:    T:0.14815    C:0.31481    A:0.17284    G:0.36420
position  2:    T:0.25926    C:0.30864    A:0.27778    G:0.15432
position  3:    T:0.25309    C:0.27160    A:0.18519    G:0.29012
Average         T:0.22016    C:0.29835    A:0.21193    G:0.26955

#15: Topi           
position  1:    T:0.14815    C:0.31481    A:0.17284    G:0.36420
position  2:    T:0.25926    C:0.30864    A:0.27778    G:0.15432
position  3:    T:0.25926    C:0.26543    A:0.17901    G:0.29630
Average         T:0.22222    C:0.29630    A:0.20988    G:0.27160

#16: CommonDuiker   
position  1:    T:0.15432    C:0.31481    A:0.16667    G:0.36420
position  2:    T:0.25926    C:0.30864    A:0.27778    G:0.15432
position  3:    T:0.25926    C:0.26543    A:0.17901    G:0.29630
Average         T:0.22428    C:0.29630    A:0.20782    G:0.27160

#17: Suni           
position  1:    T:0.15432    C:0.30864    A:0.17284    G:0.36420
position  2:    T:0.25926    C:0.30864    A:0.27778    G:0.15432
position  3:    T:0.25309    C:0.27160    A:0.17901    G:0.29630
Average         T:0.22222    C:0.29630    A:0.20988    G:0.27160

#18: Springbuck     
position  1:    T:0.14815    C:0.31481    A:0.18519    G:0.35185
position  2:    T:0.25926    C:0.30247    A:0.27778    G:0.16049
position  3:    T:0.26543    C:0.25926    A:0.18519    G:0.29012
Average         T:0.22428    C:0.29218    A:0.21605    G:0.26749

#19: Okapi          
position  1:    T:0.15432    C:0.30864    A:0.17284    G:0.36420
position  2:    T:0.26543    C:0.30247    A:0.27778    G:0.15432
position  3:    T:0.24691    C:0.27778    A:0.17901    G:0.29630
Average         T:0.22222    C:0.29630    A:0.20988    G:0.27160

#20: Giraffe        
position  1:    T:0.15432    C:0.30864    A:0.17901    G:0.35802
position  2:    T:0.25926    C:0.30864    A:0.27778    G:0.15432
position  3:    T:0.25309    C:0.26543    A:0.18519    G:0.29630
Average         T:0.22222    C:0.29424    A:0.21399    G:0.26955

#21: TibetanAntelope
position  1:    T:0.14815    C:0.31481    A:0.17284    G:0.36420
position  2:    T:0.25926    C:0.30864    A:0.27778    G:0.15432
position  3:    T:0.25309    C:0.26543    A:0.17901    G:0.30247
Average         T:0.22016    C:0.29630    A:0.20988    G:0.27366

#22: Sitatunga      
position  1:    T:0.14198    C:0.32099    A:0.17284    G:0.36420
position  2:    T:0.25926    C:0.31481    A:0.27160    G:0.15432
position  3:    T:0.25926    C:0.27160    A:0.17284    G:0.29630
Average         T:0.22016    C:0.30247    A:0.20576    G:0.27160

#23: Oribi          
position  1:    T:0.16667    C:0.30247    A:0.17901    G:0.35185
position  2:    T:0.26543    C:0.29630    A:0.27778    G:0.16049
position  3:    T:0.26543    C:0.25926    A:0.17901    G:0.29630
Average         T:0.23251    C:0.28601    A:0.21193    G:0.26955

#24: BarbarySheep   
position  1:    T:0.14815    C:0.31481    A:0.17284    G:0.36420
position  2:    T:0.25926    C:0.30864    A:0.28395    G:0.14815
position  3:    T:0.25926    C:0.26543    A:0.17901    G:0.29630
Average         T:0.22222    C:0.29630    A:0.21193    G:0.26955

#25: Daviddeer      
position  1:    T:0.16667    C:0.29630    A:0.17901    G:0.35802
position  2:    T:0.25926    C:0.30864    A:0.26543    G:0.16667
position  3:    T:0.25309    C:0.27778    A:0.17901    G:0.29012
Average         T:0.22634    C:0.29424    A:0.20782    G:0.27160

#26: Reindeer       
position  1:    T:0.15432    C:0.30864    A:0.17901    G:0.35802
position  2:    T:0.25926    C:0.30864    A:0.27160    G:0.16049
position  3:    T:0.24691    C:0.28395    A:0.17901    G:0.29012
Average         T:0.22016    C:0.30041    A:0.20988    G:0.26955

#27: Ibex           
position  1:    T:0.14815    C:0.31481    A:0.17284    G:0.36420
position  2:    T:0.25926    C:0.30864    A:0.27778    G:0.15432
position  3:    T:0.25926    C:0.26543    A:0.17901    G:0.29630
Average         T:0.22222    C:0.29630    A:0.20988    G:0.27160

#28: GyrantGazelle  
position  1:    T:0.14815    C:0.31481    A:0.17901    G:0.35802
position  2:    T:0.25926    C:0.30247    A:0.27778    G:0.16049
position  3:    T:0.26543    C:0.25926    A:0.17901    G:0.29630
Average         T:0.22428    C:0.29218    A:0.21193    G:0.27160

#29: Hartebeest     
position  1:    T:0.14815    C:0.31481    A:0.17284    G:0.36420
position  2:    T:0.25926    C:0.30864    A:0.27778    G:0.15432
position  3:    T:0.25926    C:0.26543    A:0.17901    G:0.29630
Average         T:0.22222    C:0.29630    A:0.20988    G:0.27160

#30: Bongo          
position  1:    T:0.14815    C:0.31481    A:0.17284    G:0.36420
position  2:    T:0.25926    C:0.30864    A:0.29012    G:0.14198
position  3:    T:0.24691    C:0.28395    A:0.17284    G:0.29630
Average         T:0.21811    C:0.30247    A:0.21193    G:0.26749

#31: Gerenuk        
position  1:    T:0.14815    C:0.31481    A:0.18519    G:0.35185
position  2:    T:0.25926    C:0.30247    A:0.27778    G:0.16049
position  3:    T:0.26543    C:0.25926    A:0.17901    G:0.29630
Average         T:0.22428    C:0.29218    A:0.21399    G:0.26955

#32: CommonEland    
position  1:    T:0.14198    C:0.32099    A:0.17284    G:0.36420
position  2:    T:0.25926    C:0.30864    A:0.27778    G:0.15432
position  3:    T:0.25926    C:0.27160    A:0.17284    G:0.29630
Average         T:0.22016    C:0.30041    A:0.20782    G:0.27160

#33: MuntiacusReevesi
position  1:    T:0.16049    C:0.29630    A:0.18519    G:0.35802
position  2:    T:0.25926    C:0.30864    A:0.27160    G:0.16049
position  3:    T:0.25926    C:0.27778    A:0.17284    G:0.29012
Average         T:0.22634    C:0.29424    A:0.20988    G:0.26955

#34: HarveysDuiker  
position  1:    T:0.14815    C:0.31481    A:0.17284    G:0.36420
position  2:    T:0.25926    C:0.30864    A:0.27778    G:0.15432
position  3:    T:0.26543    C:0.25926    A:0.18519    G:0.29012
Average         T:0.22428    C:0.29424    A:0.21193    G:0.26955

#35: Pronghorn      
position  1:    T:0.15432    C:0.30864    A:0.17284    G:0.36420
position  2:    T:0.25926    C:0.30247    A:0.27778    G:0.16049
position  3:    T:0.25926    C:0.28395    A:0.18519    G:0.27160
Average         T:0.22428    C:0.29835    A:0.21193    G:0.26543

#36: BlueWildebeest 
position  1:    T:0.14815    C:0.31481    A:0.17284    G:0.36420
position  2:    T:0.25926    C:0.30864    A:0.27778    G:0.15432
position  3:    T:0.25926    C:0.26543    A:0.17901    G:0.29630
Average         T:0.22222    C:0.29630    A:0.20988    G:0.27160

#37: Gemsbok        
position  1:    T:0.14815    C:0.31481    A:0.17284    G:0.36420
position  2:    T:0.25926    C:0.30864    A:0.27778    G:0.15432
position  3:    T:0.25926    C:0.26543    A:0.17901    G:0.29630
Average         T:0.22222    C:0.29630    A:0.20988    G:0.27160

#38: Yak            
position  1:    T:0.14815    C:0.31481    A:0.16667    G:0.37037
position  2:    T:0.25926    C:0.30864    A:0.27778    G:0.15432
position  3:    T:0.25309    C:0.27160    A:0.17901    G:0.29630
Average         T:0.22016    C:0.29835    A:0.20782    G:0.27366

#39: BlueSheep      
position  1:    T:0.14815    C:0.31481    A:0.17284    G:0.36420
position  2:    T:0.25926    C:0.30864    A:0.27778    G:0.15432
position  3:    T:0.25926    C:0.26543    A:0.17901    G:0.29630
Average         T:0.22222    C:0.29630    A:0.20988    G:0.27160

#40: BohorReedbuck  
position  1:    T:0.15432    C:0.30864    A:0.17284    G:0.36420
position  2:    T:0.25926    C:0.30864    A:0.27778    G:0.15432
position  3:    T:0.27160    C:0.25309    A:0.17284    G:0.30247
Average         T:0.22840    C:0.29012    A:0.20782    G:0.27366

#41: KirksDik       
position  1:    T:0.15432    C:0.30864    A:0.17901    G:0.35802
position  2:    T:0.25926    C:0.30247    A:0.27778    G:0.16049
position  3:    T:0.26543    C:0.25926    A:0.17901    G:0.29630
Average         T:0.22634    C:0.29012    A:0.21193    G:0.27160

#42: RoeDeer        
position  1:    T:0.15432    C:0.30864    A:0.17901    G:0.35802
position  2:    T:0.25926    C:0.30864    A:0.27160    G:0.16049
position  3:    T:0.25309    C:0.27778    A:0.18519    G:0.28395
Average         T:0.22222    C:0.29835    A:0.21193    G:0.26749

#43: WhiteLippedDeer
position  1:    T:0.15432    C:0.30247    A:0.18519    G:0.35802
position  2:    T:0.25926    C:0.30864    A:0.26543    G:0.16667
position  3:    T:0.25926    C:0.27160    A:0.17901    G:0.29012
Average         T:0.22428    C:0.29424    A:0.20988    G:0.27160

#44: ThomsonGazelle 
position  1:    T:0.14815    C:0.31481    A:0.17901    G:0.35802
position  2:    T:0.25926    C:0.29630    A:0.27778    G:0.16667
position  3:    T:0.26543    C:0.25926    A:0.17901    G:0.29630
Average         T:0.22428    C:0.29012    A:0.21193    G:0.27366

#45: MuntiacusCrinifrons
position  1:    T:0.16049    C:0.29630    A:0.18519    G:0.35802
position  2:    T:0.25926    C:0.30864    A:0.27160    G:0.16049
position  3:    T:0.25926    C:0.27778    A:0.17284    G:0.29012
Average         T:0.22634    C:0.29424    A:0.20988    G:0.26955

#46: WhiteTailedDeer
position  1:    T:0.15432    C:0.30864    A:0.17284    G:0.36420
position  2:    T:0.25926    C:0.30864    A:0.27160    G:0.16049
position  3:    T:0.24691    C:0.28395    A:0.17901    G:0.29012
Average         T:0.22016    C:0.30041    A:0.20782    G:0.27160

#47: Cattle         
position  1:    T:0.14815    C:0.31481    A:0.16667    G:0.37037
position  2:    T:0.25926    C:0.30864    A:0.27778    G:0.15432
position  3:    T:0.25309    C:0.27160    A:0.17901    G:0.29630
Average         T:0.22016    C:0.29835    A:0.20782    G:0.27366

#48: RoyalAntelope  
position  1:    T:0.15432    C:0.30864    A:0.17284    G:0.36420
position  2:    T:0.25926    C:0.30864    A:0.27778    G:0.15432
position  3:    T:0.26543    C:0.25926    A:0.17901    G:0.29630
Average         T:0.22634    C:0.29218    A:0.20988    G:0.27160

#49: Steenbok       
position  1:    T:0.14815    C:0.31481    A:0.17284    G:0.36420
position  2:    T:0.25926    C:0.30247    A:0.27778    G:0.16049
position  3:    T:0.26543    C:0.25926    A:0.18519    G:0.29012
Average         T:0.22428    C:0.29218    A:0.21193    G:0.27160

#50: Impala         
position  1:    T:0.14815    C:0.31481    A:0.17284    G:0.36420
position  2:    T:0.25926    C:0.30864    A:0.27778    G:0.15432
position  3:    T:0.26543    C:0.26543    A:0.17901    G:0.29012
Average         T:0.22428    C:0.29630    A:0.20988    G:0.26955

#51: Klipspringer   
position  1:    T:0.16049    C:0.30247    A:0.17284    G:0.36420
position  2:    T:0.25926    C:0.30247    A:0.27778    G:0.16049
