1
52 1
Argali 0.000000 1.039100 0.245000 2.032800 0.232600 0.000000 0.030000 0.076900 0.201900 0.242700 0.000000 0.274500 0.142400 0.118100 0.149200 0.130200 0.180300 0.200600 0.047800 0.226100 0.120200 0.068000 0.238200 0.270400 0.023000 0.131800 0.093500 0.226100 0.125500 0.150900 0.297600 0.117600 0.257700 0.213200 0.117300 0.147400 0.000000 0.189100 0.198000 0.267100 0.239900 0.132000 0.233400 0.277400 0.149200 0.218900 0.171500 0.169700 0.204400 0.324600 0.201900 0.205800
LesserMous 1.039100 0.000000 0.928300 1.265800 1.249700 1.039100 1.168700 0.898600 0.925800 0.990200 1.054000 0.967000 0.914600 1.013300 1.060300 0.871200 1.008100 1.118800 1.043900 0.953300 1.009800 1.176600 1.175600 0.761700 1.076100 0.882900 0.817600 0.953300 0.972300 0.760900 1.286000 1.116300 0.831800 0.873100 1.106200 1.009000 1.039100 1.242500 0.956000 0.921500 0.996400 0.885200 1.095200 0.802000 1.064800 1.219100 0.883700 1.232300 0.963800 0.779100 0.925800 0.840900
LesserKudu 0.245000 0.928300 0.000000 1.813800 0.430800 0.245000 0.248600 0.173000 0.077300 0.279000 0.248100 0.274800 0.286700 0.206700 0.188500 0.226000 0.268300 0.289600 0.244700 0.101600 0.240500 0.258200 0.268700 0.305700 0.267300 0.226700 0.234600 0.101600 0.219000 0.090600 0.266900 0.206200 0.237300 0.356100 0.255900 0.186300 0.245000 0.385600 0.234300 0.303100 0.328400 0.227000 0.328700 0.312400 0.184400 0.307100 0.158500 0.203100 0.295300 0.299500 0.077300 0.133800
KillerWhal 2.032800 1.265800 1.813800 0.000000 2.952100 2.032700 2.752000 1.866500 2.563200 2.591500 2.002400 2.446300 2.574900 1.906800 1.390600 2.238100 2.398800 2.619500 2.130700 2.581200 2.028100 1.612700 1.891400 2.620500 2.123000 2.063200 2.272600 2.581100 2.075500 2.078900 2.471300 1.784300 2.214200 2.429500 1.664200 1.669900 2.032800 2.781600 1.654700 1.957600 3.153900 2.089700 3.131100 2.694000 1.676700 2.460100 2.102200 1.697800 1.896400 1.724700 2.563100 2.225500
DefassaWat 0.232600 1.249700 0.430800 2.952100 0.000000 0.232600 0.235400 0.273600 0.399700 0.448900 0.235600 0.402100 0.247000 0.299500 0.340700 0.329800 0.373400 0.388800 0.231900 0.359200 0.305300 0.296900 0.436600 0.478300 0.253600 0.271800 0.273600 0.359200 0.318600 0.344100 0.497300 0.298400 0.393800 0.392200 0.294800 0.336300 0.232600 0.038800 0.390100 0.521400 0.439500 0.330800 0.432400 0.489700 0.337100 0.291600 0.360300 0.352800 0.336600 0.393000 0.399700 0.405600
Sheep 0.000000 1.039100 0.245000 2.032700 0.232600 0.000000 0.030000 0.076900 0.201900 0.242700 0.000000 0.274500 0.142400 0.118100 0.149200 0.130200 0.180300 0.200600 0.047800 0.226100 0.120200 0.068000 0.238200 0.270400 0.023000 0.131800 0.093500 0.226100 0.125500 0.150900 0.297600 0.117600 0.257700 0.213200 0.117300 0.147400 0.000000 0.189100 0.198000 0.267100 0.239900 0.132000 0.233400 0.277400 0.149200 0.218900 0.171500 0.169700 0.204400 0.324600 0.201900 0.205800
MaxwellsDu 0.030000 1.168700 0.248600 2.752000 0.235400 0.030000 0.000000 0.061400 0.150400 0.253600 0.024700 0.278900 0.140100 0.113800 0.147100 0.126000 0.178000 0.147300 0.028900 0.173200 0.113300 0.111800 0.242100 0.284500 0.058300 0.116200 0.083600 0.173200 0.119300 0.148600 0.234300 0.113200 0.269400 0.204400 0.109000 0.145300 0.030000 0.186700 0.202900 0.344500 0.244100 0.116400 0.242700 0.293000 0.142500 0.227200 0.172400 0.166800 0.201300 0.340600 0.150400 0.153000
GazellaPrz 0.076900 0.898600 0.173000 1.866500 0.273600 0.076900 0.061400 0.000000 0.117000 0.163500 0.078700 0.201200 0.177600 0.151300 0.129500 0.052700 0.160700 0.182400 0.068700 0.144000 0.099900 0.149900 0.220500 0.191000 0.101300 0.053400 0.124800 0.144000 0.050800 0.076400 0.283400 0.150700 0.181900 0.253500 0.150300 0.127600 0.076900 0.227300 0.124900 0.315000 0.222100 0.053500 0.216000 0.196000 0.129200 0.202100 0.099100 0.151200 0.129100 0.311900 0.117000 0.119600
MountainNy 0.201900 0.925800 0.077300 2.563200 0.399700 0.201900 0.150400 0.117000 0.000000 0.238000 0.178000 0.237200 0.248400 0.279900 0.261500 0.179200 0.234900 0.191700 0.201000 0.020800 0.196200 0.277600 0.297900 0.267200 0.226900 0.168700 0.191200 0.020800 0.171400 0.025800 0.279000 0.278700 0.193300 0.316500 0.213300 0.136600 0.201900 0.349900 0.191500 0.326700 0.300000 0.168900 0.292600 0.274500 0.142100 0.267400 0.162400 0.220600 0.248900 0.323400 0.000000 0.045800
MuntiacusM 0.242700 0.990200 0.279000 2.591500 0.448900 0.242700 0.253600 0.163500 0.238000 0.000000 0.248800 0.309900 0.349200 0.320100 0.301300 0.221800 0.213600 0.294400 0.241900 0.262700 0.236900 0.317000 0.100200 0.074600 0.266900 0.224800 0.289900 0.262700 0.213700 0.182100 0.148600 0.318700 0.293900 0.404900 0.317900 0.235500 0.242700 0.400600 0.290000 0.191100 0.100800 0.225200 0.048100 0.076500 0.238500 0.375800 0.260800 0.319800 0.236800 0.363500 0.238000 0.242600
goat 0.000000 1.054000 0.248100 2.002400 0.235600 0.000000 0.024700 0.078700 0.178000 0.248800 0.000000 0.278100 0.145600 0.120700 0.152600 0.133400 0.182800 0.201300 0.048800 0.200800 0.122900 0.069500 0.241600 0.277300 0.023500 0.133200 0.095500 0.200800 0.128400 0.154400 0.264400 0.120300 0.263800 0.215300 0.118800 0.150700 0.000000 0.191600 0.202600 0.273400 0.243300 0.133400 0.239100 0.284700 0.151100 0.221700 0.175400 0.171800 0.207100 0.332400 0.178000 0.181100
AfricanBuf 0.274500 0.967000 0.274800 2.446300 0.402100 0.274500 0.278900 0.201200 0.237200 0.309900 0.278100 0.000000 0.315600 0.347000 0.330300 0.255900 0.328200 0.262200 0.274000 0.259400 0.213500 0.285600 0.360700 0.337300 0.296900 0.174100 0.318600 0.259400 0.247500 0.217300 0.423600 0.345500 0.264500 0.414800 0.280900 0.161000 0.274500 0.417600 0.261400 0.452700 0.329500 0.230200 0.360400 0.317000 0.184800 0.225700 0.291000 0.369100 0.324400 0.387500 0.237200 0.300700
Topi 0.142400 0.914600 0.286700 2.574900 0.247000 0.142400 0.140100 0.177600 0.248400 0.349200 0.145600 0.315600 0.000000 0.211100 0.247600 0.232400 0.281600 0.299700 0.142000 0.271600 0.215400 0.209300 0.343200 0.312900 0.114800 0.178100 0.043300 0.271600 0.170100 0.195100 0.408200 0.185700 0.361100 0.202200 0.209700 0.244600 0.142400 0.256500 0.187100 0.367100 0.345400 0.235700 0.336400 0.387000 0.247600 0.260400 0.162500 0.265500 0.306000 0.362500 0.248400 0.252800
CommonDuik 0.118100 1.013300 0.206700 1.906800 0.299500 0.118100 0.113800 0.151300 0.279900 0.320100 0.120700 0.347000 0.211100 0.000000 0.116400 0.149300 0.254500 0.272800 0.117600 0.302700 0.189900 0.135300 0.254400 0.348400 0.140300 0.207900 0.161400 0.302700 0.198100 0.223600 0.311500 0.088400 0.271700 0.177000 0.185300 0.218400 0.118100 0.256900 0.213600 0.340400 0.254900 0.208200 0.308100 0.357100 0.221100 0.289500 0.188200 0.239700 0.220200 0.335800 0.279900 0.284800
Suni 0.149200 1.060300 0.188500 1.390600 0.340700 0.149200 0.147100 0.129500 0.261500 0.301300 0.152600 0.330300 0.247600 0.116400 0.000000 0.184300 0.296500 0.315300 0.148700 0.285700 0.225800 0.166100 0.296600 0.330200 0.172400 0.186700 0.194600 0.285700 0.178000 0.204100 0.362500 0.116100 0.314900 0.262300 0.219700 0.256800 0.149200 0.295500 0.251200 0.323700 0.364700 0.187000 0.354700 0.338300 0.260000 0.332600 0.169000 0.221000 0.259600 0.319500 0.261500 0.266400
Springbuck 0.130200 0.871200 0.226000 2.238100 0.329800 0.130200 0.126000 0.052700 0.179200 0.221800 0.133400 0.255900 0.232400 0.149300 0.184300 0.000000 0.218300 0.238900 0.129600 0.204800 0.152100 0.203400 0.281100 0.250200 0.154500 0.108500 0.177500 0.204800 0.103100 0.129100 0.347900 0.204500 0.179200 0.250100 0.176700 0.154100 0.130200 0.283000 0.177800 0.375200 0.218800 0.108700 0.275100 0.256800 0.156000 0.257300 0.150800 0.177600 0.183700 0.340800 0.179200 0.182900
Okapi 0.180300 1.008100 0.268300 2.398800 0.373400 0.180300 0.178000 0.160700 0.234900 0.213600 0.182800 0.328200 0.281600 0.254500 0.296500 0.218300 0.000000 0.069300 0.179600 0.258400 0.175800 0.252000 0.204800 0.240900 0.203900 0.218700 0.226200 0.258400 0.210200 0.179100 0.260900 0.253400 0.289100 0.295200 0.250200 0.174800 0.180300 0.327400 0.285600 0.361800 0.206200 0.219000 0.205400 0.247100 0.173100 0.303100 0.256600 0.281800 0.290900 0.358300 0.234900 0.239200
Giraffe 0.200600 1.118800 0.289600 2.619500 0.388800 0.200600 0.147300 0.182400 0.191700 0.294400 0.201300 0.262200 0.299700 0.272800 0.315300 0.238900 0.069300 0.000000 0.199900 0.213100 0.142800 0.214700 0.257300 0.322300 0.223500 0.233500 0.245200 0.213100 0.230300 0.199400 0.273000 0.271700 0.248000 0.283800 0.268300 0.141900 0.200600 0.343600 0.245300 0.442300 0.228100 0.233900 0.283100 0.330500 0.142300 0.263000 0.275400 0.303700 0.308900 0.438300 0.191700 0.194700
TibetanAnt 0.047800 1.043900 0.244700 2.130700 0.231900 0.047800 0.028900 0.068700 0.201000 0.241900 0.048800 0.274000 0.142000 0.117600 0.148700 0.129600 0.179600 0.199900 0.000000 0.225500 0.119900 0.116600 0.237500 0.269700 0.070900 0.131200 0.093200 0.225500 0.073200 0.150500 0.297500 0.117200 0.257200 0.212500 0.116800 0.146900 0.043800 0.188300 0.197300 0.269100 0.239100 0.131400 0.232800 0.276500 0.148700 0.218500 0.171100 0.117800 0.203800 0.323800 0.201000 0.204800
Sitatunga 0.226100 0.953300 0.101600 2.581200 0.359200 0.226100 0.173200 0.144000 0.020800 0.262700 0.200800 0.259400 0.271600 0.302700 0.285700 0.204800 0.258400 0.213100 0.225500 0.000000 0.220700 0.300400 0.321400 0.291600 0.250500 0.194400 0.214800 0.000000 0.196700 0.051400 0.300800 0.301400 0.217200 0.338500 0.236000 0.161100 0.226100 0.310800 0.214800 0.348400 0.323500 0.194800 0.316400 0.299200 0.166400 0.290000 0.186700 0.243000 0.272900 0.345200 0.021800 0.067800
Oribi 0.120200 1.009800 0.240500 2.028100 0.305300 0.120200 0.113300 0.099900 0.196200 0.236900 0.122900 0.213500 0.215400 0.189900 0.225800 0.152100 0.175800 0.142800 0.119900 0.220700 0.000000 0.137500 0.204600 0.264100 0.142800 0.154100 0.164700 0.220700 0.147100 0.147600 0.291800 0.189300 0.195700 0.231500 0.188600 0.093500 0.120200 0.262100 0.164700 0.383000 0.176500 0.154400 0.228200 0.270400 0.094600 0.185500 0.192100 0.244400 0.225400 0.379700 0.196200 0.199800
BarbaryShe 0.068000 1.176600 0.258200 1.612700 0.296900 0.068000 0.111800 0.149900 0.277600 0.317000 0.069500 0.285600 0.209300 0.135300 0.166100 0.203400 0.252000 0.214700 0.116600 0.300400 0.137500 0.000000 0.224700 0.344900 0.089800 0.205900 0.160100 0.300400 0.196400 0.221700 0.309100 0.134900 0.269800 0.279200 0.183600 0.163800 0.068000 0.254600 0.212100 0.278500 0.253000 0.206200 0.305300 0.353300 0.165700 0.232100 0.240400 0.237600 0.275600 0.393300 0.277600 0.282400
Daviddeer 0.238200 1.175600 0.268700 1.891400 0.436600 0.238200 0.242100 0.220500 0.297900 0.100200 0.241600 0.360700 0.343200 0.254400 0.296600 0.281100 0.204800 0.257300 0.237500 0.321400 0.204600 0.224700 0.000000 0.125300 0.262100 0.281500 0.284800 0.321400 0.270700 0.237000 0.084300 0.253400 0.322200 0.421000 0.308800 0.203400 0.238200 0.389300 0.317900 0.188300 0.072100 0.282000 0.096600 0.128500 0.201300 0.335300 0.317500 0.369900 0.290000 0.423200 0.297900 0.303200
Reindeer 0.270400 0.761700 0.305700 2.620500 0.478300 0.270400 0.284500 0.191000 0.267200 0.074600 0.277300 0.337300 0.312900 0.348400 0.330200 0.250200 0.240900 0.322300 0.269700 0.291600 0.264100 0.344900 0.125300 0.000000 0.294900 0.253400 0.255900 0.291600 0.241100 0.208600 0.175600 0.317400 0.322000 0.434400 0.345800 0.262500 0.270400 0.429500 0.317600 0.163000 0.126100 0.253800 0.123000 0.049700 0.265900 0.405100 0.287900 0.348100 0.263800 0.327400 0.267200 0.272200
Ibex 0.023000 1.076100 0.267300 2.123000 0.253600 0.023000 0.058300 0.101300 0.226900 0.266900 0.023500 0.296900 0.114800 0.140300 0.172400 0.154500 0.203900 0.223500 0.070900 0.250500 0.142800 0.089800 0.262100 0.294900 0.000000 0.156400 0.067900 0.250500 0.096900 0.174300 0.322000 0.139800 0.280900 0.183200 0.139400 0.170200 0.023000 0.210600 0.167200 0.288700 0.263900 0.156700 0.256800 0.302000 0.172300 0.241200 0.142000 0.192100 0.227800 0.346700 0.226900 0.231100
GyrantGaze 0.131800 0.882900 0.226700 2.063200 0.271800 0.131800 0.116200 0.053400 0.168700 0.224800 0.133200 0.174100 0.178100 0.207900 0.186700 0.108500 0.218700 0.233500 0.131200 0.194400 0.154100 0.205900 0.281500 0.253400 0.156400 0.000000 0.179800 0.194400 0.104400 0.130800 0.343300 0.207100 0.241100 0.308600 0.178000 0.183900 0.131800 0.283500 0.180000 0.379700 0.283500 0.052100 0.278700 0.196300 0.184400 0.200600 0.152800 0.205500 0.184200 0.376000 0.168700 0.172100
Hartebeest 0.093500 0.817600 0.234600 2.272600 0.273600 0.093500 0.083600 0.124800 0.191200 0.289900 0.095500 0.318600 0.043300 0.161400 0.194600 0.177500 0.226200 0.245200 0.093200 0.214800 0.164700 0.160100 0.284800 0.255900 0.067900 0.179800 0.000000 0.214800 0.119500 0.143900 0.345800 0.137000 0.303400 0.154700 0.160400 0.192300 0.093500 0.231000 0.138000 0.312400 0.286500 0.180100 0.279300 0.325200 0.194500 0.262600 0.114300 0.213400 0.250200 0.308400 0.191200 0.194700
Bongo 0.226100 0.953300 0.101600 2.581100 0.359200 0.226100 0.173200 0.144000 0.020800 0.262700 0.200800 0.259400 0.271600 0.302700 0.285700 0.204800 0.258400 0.213100 0.225500 0.000000 0.220700 0.300400 0.321400 0.291600 0.250500 0.194400 0.214800 0.000000 0.196700 0.051400 0.300800 0.301400 0.217200 0.338500 0.236000 0.161100 0.226100 0.310800 0.214800 0.348400 0.323500 0.194800 0.316400 0.299200 0.166400 0.290000 0.186700 0.243000 0.272900 0.345200 0.021800 0.067800
Gerenuk 0.125500 0.972300 0.219000 2.075500 0.318600 0.125500 0.119300 0.050800 0.171400 0.213700 0.128400 0.247500 0.170100 0.198100 0.178000 0.103100 0.210200 0.230300 0.073200 0.196700 0.147100 0.196400 0.270700 0.241100 0.096900 0.104400 0.119500 0.196700 0.000000 0.124800 0.335200 0.197400 0.230000 0.242700 0.196800 0.175500 0.125500 0.273000 0.119600 0.301000 0.272500 0.104600 0.265300 0.247000 0.177600 0.248800 0.095000 0.144700 0.177400 0.358500 0.171400 0.174800
CommonElan 0.150900 0.760900 0.090600 2.078900 0.344100 0.150900 0.148600 0.076400 0.025800 0.182100 0.154400 0.217300 0.195100 0.223600 0.204100 0.129100 0.179100 0.199400 0.150500 0.051400 0.147600 0.221700 0.237000 0.208600 0.174300 0.130800 0.143900 0.051400 0.124800 0.000000 0.297500 0.222900 0.145600 0.243400 0.168200 0.146800 0.150900 0.297900 0.143900 0.268900 0.238400 0.131000 0.232500 0.213600 0.148400 0.274800 0.119200 0.169300 0.202600 0.324000 0.025800 0.026300
MuntiacusR 0.297600 1.286000 0.266900 2.471300 0.497300 0.297600 0.234300 0.283400 0.279000 0.148600 0.264400 0.423600 0.408200 0.311500 0.362500 0.347900 0.260900 0.273000 0.297500 0.300800 0.291800 0.309100 0.084300 0.175600 0.322000 0.343300 0.345800 0.300800 0.335200 0.297500 0.000000 0.310100 0.420700 0.447400 0.366400 0.288900 0.297600 0.447700 0.413400 0.237700 0.141300 0.343900 0.142700 0.180600 0.286400 0.427600 0.382700 0.369900 0.347800 0.488600 0.279000 0.283500
HarveysDui 0.117600 1.116300 0.206200 1.784300 0.298400 0.117600 0.113200 0.150700 0.278700 0.318700 0.120300 0.345500 0.185700 0.088400 0.116100 0.204500 0.253400 0.271700 0.117200 0.301400 0.189300 0.134900 0.253400 0.317400 0.139800 0.207100 0.137000 0.301400 0.197400 0.222900 0.310100 0.000000 0.331200 0.280500 0.184600 0.217700 0.117600 0.256000 0.268400 0.339000 0.315200 0.207400 0.306900 0.355300 0.220300 0.288500 0.187700 0.238800 0.277100 0.308200 0.278700 0.283500
Pronghorn 0.257700 0.831800 0.237300 2.214200 0.393800 0.257700 0.269400 0.181900 0.193300 0.293900 0.263800 0.264500 0.361100 0.271700 0.314900 0.179200 0.289100 0.248000 0.257200 0.217200 0.195700 0.269800 0.322200 0.322000 0.280900 0.241100 0.303400 0.217200 0.230000 0.145600 0.420700 0.331200 0.000000 0.349100 0.271100 0.194600 0.257700 0.347500 0.244900 0.441700 0.229500 0.241500 0.346000 0.329700 0.196800 0.324000 0.275300 0.272800 0.312600 0.374200 0.193300 0.196800
BlueWildeb 0.213200 0.873100 0.356100 2.429500 0.392200 0.213200 0.204400 0.253500 0.316500 0.404900 0.215300 0.414800 0.202200 0.177000 0.262300 0.250100 0.295200 0.283800 0.212500 0.338500 0.231500 0.279200 0.421000 0.434400 0.183200 0.308600 0.154700 0.338500 0.242700 0.243400 0.447400 0.280500 0.349100 0.000000 0.277300 0.293400 0.213200 0.350600 0.204300 0.418300 0.357100 0.309200 0.389400 0.445500 0.319700 0.386600 0.231700 0.360400 0.318100 0.478700 0.316500 0.321800
Gemsbok 0.117300 1.106200 0.255900 1.664200 0.294800 0.117300 0.109000 0.150300 0.213300 0.317900 0.118800 0.280900 0.209700 0.185300 0.219700 0.176700 0.250200 0.268300 0.116800 0.236000 0.188600 0.183600 0.308800 0.345800 0.139400 0.178000 0.160400 0.236000 0.196800 0.168200 0.366400 0.184600 0.271100 0.277300 0.000000 0.163800 0.117300 0.252900 0.267700 0.397700 0.311100 0.178200 0.305900 0.325400 0.164200 0.284600 0.240700 0.134300 0.273200 0.333300 0.213300 0.217100
Yak 0.147400 1.009000 0.186300 1.669900 0.336300 0.147400 0.145300 0.127600 0.136600 0.235500 0.150700 0.161000 0.244600 0.218400 0.256800 0.154100 0.174800 0.141900 0.146900 0.161100 0.093500 0.163800 0.203400 0.262500 0.170200 0.183900 0.192300 0.161100 0.175500 0.146800 0.288900 0.217700 0.194600 0.293400 0.163800 0.000000 0.147400 0.291200 0.192300 0.380700 0.175500 0.184200 0.226800 0.268800 0.000000 0.161700 0.220900 0.218000 0.255000 0.259800 0.136600 0.198800
BlueSheep 0.000000 1.039100 0.245000 2.032800 0.232600 0.000000 0.030000 0.076900 0.201900 0.242700 0.000000 0.274500 0.142400 0.118100 0.149200 0.130200 0.180300 0.200600 0.043800 0.226100 0.120200 0.068000 0.238200 0.270400 0.023000 0.131800 0.093500 0.226100 0.125500 0.150900 0.297600 0.117600 0.257700 0.213200 0.117300 0.147400 0.000000 0.189100 0.198000 0.267100 0.239900 0.132000 0.233400 0.277400 0.149200 0.218900 0.171500 0.169700 0.204400 0.324600 0.201900 0.205800
BohorReedb 0.189100 1.242500 0.385600 2.781600 0.038800 0.189100 0.186700 0.227300 0.349900 0.400600 0.191600 0.417600 0.256500 0.256900 0.295500 0.283000 0.327400 0.343600 0.188300 0.310800 0.262100 0.254600 0.389300 0.429500 0.210600 0.283500 0.231000 0.310800 0.273000 0.297900 0.447700 0.256000 0.347500 0.350600 0.252900 0.291200 0.189100 0.000000 0.343900 0.476600 0.392000 0.284000 0.385500 0.440300 0.291800 0.302800 0.315700 0.309300 0.292600 0.383100 0.349900 0.355500
KirksDik 0.198000 0.956000 0.234300 1.654700 0.390100 0.198000 0.202900 0.124900 0.191500 0.290000 0.202600 0.261400 0.187100 0.213600 0.251200 0.177800 0.285600 0.245300 0.197300 0.214800 0.164700 0.212100 0.317900 0.317600 0.167200 0.180000 0.138000 0.214800 0.119600 0.143900 0.413400 0.268400 0.244900 0.204300 0.267700 0.192300 0.198000 0.343900 0.000000 0.372800 0.286700 0.180300 0.341100 0.325400 0.194600 0.262500 0.114200 0.269300 0.193900 0.432400 0.191500 0.195000
RoeDeer 0.267100 0.921500 0.303100 1.957600 0.521400 0.267100 0.344500 0.315000 0.326700 0.191100 0.273400 0.452700 0.367100 0.340400 0.323700 0.375200 0.361800 0.442300 0.269100 0.348400 0.383000 0.278500 0.188300 0.163000 0.288700 0.379700 0.312400 0.348400 0.301000 0.268900 0.237700 0.339000 0.441700 0.418300 0.397700 0.380700 0.267100 0.476600 0.372800 0.000000 0.242900 0.380400 0.236900 0.166900 0.385900 0.524200 0.343900 0.340200 0.382400 0.439300 0.326700 0.332000
WhiteLippe 0.239900 0.996400 0.328400 3.153900 0.439500 0.239900 0.244100 0.222100 0.300000 0.100800 0.243300 0.329500 0.345400 0.254900 0.364700 0.218800 0.206200 0.228100 0.239100 0.323500 0.176500 0.253000 0.072100 0.126100 0.263900 0.283500 0.286500 0.323500 0.272500 0.238400 0.141300 0.315200 0.229500 0.357100 0.311100 0.175500 0.239900 0.392000 0.286700 0.242900 0.000000 0.284000 0.097100 0.129400 0.173700 0.304500 0.319400 0.372400 0.291800 0.426000 0.300000 0.305400
ThomsonGaz 0.132000 0.885200 0.227000 2.089700 0.330800 0.132000 0.116400 0.053500 0.168900 0.225200 0.133400 0.230200 0.235700 0.208200 0.187000 0.108700 0.219000 0.233900 0.131400 0.194800 0.154400 0.206200 0.282000 0.253800 0.156700 0.052100 0.180100 0.194800 0.104600 0.131000 0.343900 0.207400 0.241500 0.309200 0.178200 0.184200 0.132000 0.284000 0.180300 0.380400 0.284000 0.000000 0.279100 0.196600 0.184700 0.258300 0.153100 0.205900 0.184400 0.376500 0.168900 0.172300
MuntiacusC 0.233400 1.095200 0.328700 3.131100 0.432400 0.233400 0.242700 0.216000 0.292600 0.048100 0.239100 0.360400 0.336400 0.308100 0.354700 0.275100 0.205400 0.283100 0.232800 0.316400 0.228200 0.305300 0.096600 0.123000 0.256800 0.278700 0.279300 0.316400 0.265300 0.232500 0.142700 0.306900 0.346000 0.389400 0.305900 0.226800 0.233400 0.385500 0.341100 0.236900 0.097100 0.279100 0.000000 0.126000 0.229600 0.361900 0.311400 0.371800 0.287600 0.414300 0.292600 0.297800
WhiteTaile 0.277400 0.802000 0.312400 2.694000 0.489700 0.277400 0.293000 0.196000 0.274500 0.076500 0.284700 0.317000 0.387000 0.357100 0.338300 0.256800 0.247100 0.330500 0.276500 0.299200 0.270400 0.353300 0.128500 0.049700 0.302000 0.196300 0.325200 0.299200 0.247000 0.213600 0.180600 0.355300 0.329700 0.445500 0.325400 0.268800 0.277400 0.440300 0.325400 0.166900 0.129400 0.196600 0.126000 0.000000 0.272500 0.414600 0.294600 0.356700 0.270300 0.400700 0.274500 0.279800
Cattle 0.149200 1.064800 0.184400 1.676700 0.337100 0.149200 0.142500 0.129200 0.142100 0.238500 0.151100 0.184800 0.247600 0.221100 0.260000 0.156000 0.173100 0.142300 0.148700 0.166400 0.094600 0.165700 0.201300 0.265900 0.172300 0.184400 0.194500 0.166400 0.177600 0.148400 0.286400 0.220300 0.196800 0.319700 0.164200 0.000000 0.149200 0.291800 0.194600 0.385900 0.173700 0.184700 0.229600 0.272500 0.000000 0.162000 0.223400 0.215800 0.255300 0.262900 0.142100 0.204100
RoyalAntel 0.218900 1.219100 0.307100 2.460100 0.291600 0.218900 0.227200 0.202100 0.267400 0.375800 0.221700 0.225700 0.260400 0.289500 0.332600 0.257300 0.303100 0.263000 0.218500 0.290000 0.185500 0.232100 0.335300 0.405100 0.241200 0.200600 0.262600 0.290000 0.248800 0.274800 0.427600 0.288500 0.324000 0.386600 0.284600 0.161700 0.218900 0.302800 0.262500 0.524200 0.304500 0.258300 0.361900 0.414600 0.162000 0.000000 0.292700 0.345400 0.267700 0.453000 0.267400 0.334500
Steenbok 0.171500 0.883700 0.158500 2.102200 0.360300 0.171500 0.172400 0.099100 0.162400 0.260800 0.175400 0.291000 0.162500 0.188200 0.169000 0.150800 0.256600 0.275400 0.171100 0.186700 0.192100 0.240400 0.317500 0.287900 0.142000 0.152800 0.114300 0.186700 0.095000 0.119200 0.382700 0.187700 0.275300 0.231700 0.240700 0.220900 0.171500 0.315700 0.114200 0.343900 0.319400 0.153100 0.311400 0.294600 0.223400 0.292700 0.000000 0.242300 0.223200 0.339700 0.162400 0.165500
Impala 0.169700 1.232300 0.203100 1.697800 0.352800 0.169700 0.166800 0.151200 0.220600 0.319800 0.171800 0.369100 0.265500 0.239700 0.221000 0.177600 0.281800 0.303700 0.117800 0.243000 0.244400 0.237600 0.369900 0.348100 0.192100 0.205500 0.213400 0.243000 0.144700 0.169300 0.369900 0.238800 0.272800 0.360400 0.134300 0.218000 0.169700 0.309300 0.269300 0.340200 0.372400 0.205900 0.371800 0.356700 0.215800 0.345400 0.242300 0.000000 0.275700 0.335400 0.220600 0.224400
Klipspring 0.204400 0.963800 0.295300 1.896400 0.336600 0.204400 0.201300 0.129100 0.248900 0.236800 0.207100 0.324400 0.306000 0.220200 0.259600 0.183700 0.290900 0.308900 0.203800 0.272900 0.225400 0.275600 0.290000 0.263800 0.227800 0.184200 0.250200 0.272900 0.177400 0.202600 0.347800 0.277100 0.312600 0.318100 0.273200 0.255000 0.204400 0.292600 0.193900 0.382400 0.291800 0.184400 0.287600 0.270300 0.255300 0.267700 0.223200 0.275700 0.000000 0.384300 0.248900 0.192200
ForestMusk 0.324600 0.779100 0.299500 1.724700 0.393000 0.324600 0.340600 0.311900 0.323400 0.363500 0.332400 0.387500 0.362500 0.335800 0.319500 0.340800 0.358300 0.438300 0.323800 0.345200 0.379700 0.393300 0.423200 0.327400 0.346700 0.376000 0.308400 0.345200 0.358500 0.324000 0.488600 0.308200 0.374200 0.478700 0.333300 0.259800 0.324600 0.383100 0.432400 0.439300 0.426000 0.376500 0.414300 0.400700 0.262900 0.453000 0.339700 0.335400 0.384300 0.000000 0.323400 0.331200
Bushbuck 0.201900 0.925800 0.077300 2.563100 0.399700 0.201900 0.150400 0.117000 0.000000 0.238000 0.178000 0.237200 0.248400 0.279900 0.261500 0.179200 0.234900 0.191700 0.201000 0.021800 0.196200 0.277600 0.297900 0.267200 0.226900 0.168700 0.191200 0.021800 0.171400 0.025800 0.279000 0.278700 0.193300 0.316500 0.213300 0.136600 0.201900 0.349900 0.191500 0.326700 0.300000 0.168900 0.292600 0.274500 0.142100 0.267400 0.162400 0.220600 0.248900 0.323400 0.000000 0.045800
GreaterKud 0.205800 0.840900 0.133800 2.225500 0.405600 0.205800 0.153000 0.119600 0.045800 0.242600 0.181100 0.300700 0.252800 0.284800 0.266400 0.182900 0.239200 0.194700 0.204800 0.067800 0.199800 0.282400 0.303200 0.272200 0.231100 0.172100 0.194700 0.067800 0.174800 0.026300 0.283500 0.283500 0.196800 0.321800 0.217100 0.198800 0.205800 0.355500 0.195000 0.332000 0.305400 0.172300 0.297800 0.279800 0.204100 0.334500 0.165500 0.224400 0.192200 0.331200 0.045800 0.000000
