1
52 1
Argali 0.000000 0.279300 0.056200 0.178500 0.049000 0.014600 0.033300 0.052100 0.056400 0.083700 0.003600 0.040700 0.025600 0.056300 0.048000 0.055700 0.064300 0.063600 0.014600 0.052500 0.040600 0.010800 0.056700 0.064400 0.003600 0.055700 0.021900 0.052700 0.063100 0.056300 0.083600 0.048600 0.056500 0.029300 0.025700 0.037200 0.014400 0.049100 0.036500 0.064900 0.072500 0.052000 0.083700 0.077000 0.037100 0.040500 0.044600 0.060300 0.041000 0.056300 0.052400 0.056500
LesserMous 0.279300 0.000000 0.325200 0.313000 0.267600 0.298800 0.286900 0.313400 0.315300 0.286500 0.278700 0.290700 0.284500 0.309100 0.289400 0.305700 0.288900 0.296900 0.279500 0.320800 0.296600 0.296400 0.286900 0.272900 0.274400 0.305800 0.285300 0.310600 0.303100 0.326100 0.297700 0.298200 0.305600 0.283700 0.284700 0.281700 0.260100 0.279300 0.282400 0.294200 0.292700 0.295400 0.297700 0.276700 0.292300 0.281900 0.286100 0.278100 0.275800 0.281800 0.307900 0.316100
LesserKudu 0.056200 0.325200 0.000000 0.202600 0.077000 0.068500 0.060500 0.063800 0.025500 0.112600 0.059900 0.056200 0.059900 0.076200 0.075500 0.075400 0.084500 0.083500 0.056200 0.018300 0.052200 0.060000 0.084800 0.101100 0.060200 0.075500 0.056100 0.018200 0.067100 0.022000 0.112500 0.068500 0.088900 0.064000 0.068000 0.060500 0.063800 0.077100 0.071300 0.093600 0.109600 0.071700 0.112500 0.106200 0.060400 0.056000 0.080000 0.072100 0.060500 0.068300 0.018100 0.021900
KillerWhal 0.178500 0.313000 0.202600 0.000000 0.191000 0.194200 0.170500 0.188000 0.194200 0.182300 0.178200 0.188100 0.192200 0.188900 0.191700 0.192000 0.180000 0.173700 0.173800 0.198800 0.174100 0.192700 0.190300 0.183700 0.183600 0.192200 0.188000 0.190000 0.190800 0.203200 0.191700 0.199200 0.171200 0.197900 0.188300 0.180000 0.182600 0.181600 0.177200 0.185400 0.208800 0.188300 0.191800 0.166900 0.189100 0.177600 0.198000 0.190500 0.175000 0.179700 0.198200 0.194500
DefassaWat 0.049000 0.267600 0.077000 0.191000 0.000000 0.065300 0.053400 0.068700 0.077400 0.088500 0.052800 0.053000 0.060700 0.077200 0.052600 0.080400 0.077300 0.084700 0.049100 0.073300 0.056900 0.060800 0.061200 0.077100 0.053100 0.080600 0.056900 0.073500 0.088000 0.077200 0.088400 0.069400 0.085800 0.064900 0.060900 0.065300 0.056700 0.007500 0.060400 0.069700 0.077300 0.068800 0.088500 0.082000 0.065100 0.060500 0.069000 0.073400 0.065300 0.069100 0.073100 0.077500
Sheep 0.014600 0.298800 0.068500 0.194200 0.065300 0.000000 0.049100 0.064300 0.068900 0.100800 0.018200 0.056600 0.040900 0.060500 0.064100 0.068000 0.080900 0.080100 0.029600 0.064900 0.052600 0.022000 0.073100 0.081000 0.018300 0.068100 0.037200 0.065100 0.075500 0.068700 0.100700 0.052800 0.072900 0.044900 0.037200 0.053000 0.029500 0.065400 0.052200 0.081700 0.089500 0.064300 0.100800 0.094200 0.052900 0.056200 0.060600 0.077000 0.056900 0.072700 0.064700 0.069000
MaxwellsDu 0.033300 0.286900 0.060500 0.170500 0.053400 0.049100 0.000000 0.056400 0.060800 0.076200 0.037200 0.044900 0.044700 0.029800 0.052200 0.060000 0.064700 0.064000 0.033400 0.049000 0.044700 0.044700 0.057000 0.072800 0.037200 0.067800 0.041000 0.057000 0.075300 0.052800 0.076100 0.029800 0.064900 0.048600 0.044900 0.045100 0.040800 0.053400 0.033100 0.065400 0.081100 0.064100 0.076200 0.077500 0.049000 0.044600 0.048800 0.064700 0.052900 0.060700 0.048900 0.060900
GazellaPrz 0.052100 0.313400 0.063800 0.188000 0.068700 0.064300 0.056400 0.000000 0.064100 0.095600 0.055800 0.063800 0.063600 0.064100 0.051900 0.040400 0.084100 0.079300 0.040700 0.060200 0.018200 0.055900 0.076400 0.092500 0.056100 0.032900 0.059800 0.060400 0.040100 0.064000 0.095600 0.056500 0.080200 0.059900 0.063800 0.060300 0.059600 0.068800 0.051600 0.076900 0.101000 0.029300 0.095600 0.097400 0.060200 0.055700 0.059900 0.080300 0.064000 0.068000 0.060100 0.064200
MountainNy 0.056400 0.315300 0.025500 0.194200 0.077400 0.068900 0.060800 0.064100 0.000000 0.104800 0.060200 0.048700 0.060200 0.076600 0.075900 0.075700 0.084900 0.076000 0.056500 0.014700 0.052500 0.060300 0.077100 0.101600 0.060500 0.075900 0.056400 0.007300 0.075200 0.018400 0.104800 0.068800 0.081100 0.064300 0.068300 0.045200 0.064100 0.077500 0.071700 0.085900 0.101900 0.072100 0.104800 0.098400 0.045100 0.064000 0.080400 0.072500 0.060800 0.068600 0.022100 0.011000
MuntiacusM 0.083700 0.286500 0.112600 0.182300 0.088500 0.100800 0.076200 0.095600 0.104800 0.000000 0.083500 0.091900 0.095600 0.096400 0.087200 0.107500 0.092400 0.099700 0.075700 0.108900 0.091700 0.095700 0.033200 0.067600 0.087800 0.099500 0.091700 0.101000 0.098800 0.112900 0.007100 0.104900 0.092700 0.091800 0.095900 0.084300 0.087500 0.088600 0.087100 0.041000 0.060000 0.095700 0.007200 0.060400 0.092300 0.075300 0.104300 0.096600 0.084300 0.084100 0.108600 0.105000
goat 0.003600 0.278700 0.059900 0.178200 0.052800 0.018200 0.037200 0.055800 0.060200 0.083500 0.000000 0.036800 0.029200 0.060100 0.051700 0.059500 0.060200 0.059600 0.018200 0.056300 0.044300 0.014400 0.060500 0.068200 0.007200 0.059400 0.025600 0.056500 0.066800 0.060100 0.083500 0.052400 0.052500 0.033000 0.029300 0.040900 0.010800 0.052900 0.040200 0.068700 0.076300 0.055700 0.083500 0.072800 0.040800 0.036600 0.048300 0.056200 0.044700 0.052300 0.056200 0.060300
AfricanBuf 0.040700 0.290700 0.056200 0.188100 0.053000 0.056600 0.044900 0.063800 0.048700 0.091900 0.036800 0.000000 0.052100 0.068200 0.059700 0.075300 0.068200 0.067600 0.040800 0.044900 0.052200 0.052200 0.068600 0.084500 0.044600 0.075400 0.048400 0.045000 0.078800 0.048600 0.091800 0.060500 0.060300 0.056100 0.052300 0.037100 0.040600 0.053100 0.055700 0.077100 0.092800 0.071700 0.091900 0.081100 0.037000 0.044300 0.064000 0.064400 0.060400 0.060200 0.052500 0.048800
Topi 0.025600 0.284500 0.059900 0.192200 0.060700 0.040900 0.044700 0.063600 0.060200 0.095600 0.029200 0.052100 0.000000 0.067900 0.051800 0.059400 0.068000 0.059500 0.025600 0.056200 0.052000 0.036700 0.068300 0.076100 0.029300 0.059500 0.003600 0.056400 0.074600 0.060000 0.095500 0.060300 0.076200 0.010800 0.036800 0.048500 0.029200 0.060700 0.040300 0.076800 0.084400 0.063600 0.095500 0.089000 0.048400 0.048000 0.048300 0.064200 0.044700 0.052300 0.056100 0.060200
CommonDuik 0.056300 0.309100 0.076200 0.188900 0.077200 0.060500 0.029800 0.064100 0.076600 0.096400 0.060100 0.068200 0.067900 0.000000 0.067900 0.067700 0.092900 0.083900 0.056400 0.064500 0.052400 0.060100 0.085000 0.093100 0.060300 0.075800 0.064100 0.072800 0.075200 0.068400 0.096300 0.029700 0.084900 0.072200 0.068200 0.064700 0.063900 0.077300 0.055900 0.085600 0.110000 0.072000 0.096400 0.098100 0.064600 0.060000 0.071900 0.088900 0.068600 0.084500 0.064400 0.076700
Suni 0.048000 0.289400 0.075500 0.191700 0.052600 0.064100 0.052200 0.051900 0.075900 0.087200 0.051700 0.059700 0.051800 0.067900 0.000000 0.063200 0.067800 0.067300 0.040600 0.071900 0.048200 0.059500 0.068200 0.076100 0.051900 0.055600 0.055800 0.072100 0.070600 0.075700 0.087200 0.060100 0.076000 0.055900 0.059800 0.056200 0.051700 0.060600 0.051500 0.068600 0.092300 0.059500 0.087200 0.088800 0.056100 0.047900 0.059800 0.064000 0.064000 0.052100 0.071700 0.076000
Springbuck 0.055700 0.305700 0.075400 0.192000 0.080400 0.068000 0.060000 0.040400 0.075700 0.107500 0.059500 0.075300 0.059400 0.067700 0.063200 0.000000 0.087700 0.082800 0.055800 0.063800 0.029200 0.059500 0.080100 0.092000 0.059700 0.021700 0.063500 0.071900 0.036300 0.067600 0.107500 0.060100 0.092200 0.071400 0.067400 0.063900 0.059400 0.080500 0.040000 0.088700 0.096400 0.025500 0.107600 0.105100 0.063800 0.071000 0.044200 0.092100 0.067600 0.079500 0.063700 0.075800
Okapi 0.064300 0.288900 0.084500 0.180000 0.077300 0.080900 0.064700 0.084100 0.084900 0.092400 0.060200 0.068200 0.068000 0.092900 0.067800 0.087700 0.000000 0.036900 0.064400 0.088900 0.072100 0.076200 0.069000 0.093200 0.060500 0.087800 0.072200 0.081100 0.095400 0.092800 0.092400 0.085000 0.068800 0.080300 0.076400 0.064800 0.060200 0.069300 0.067700 0.077600 0.093500 0.092200 0.092400 0.073500 0.072600 0.064000 0.076200 0.080900 0.064900 0.037400 0.088700 0.085000
Giraffe 0.063600 0.296900 0.083500 0.173700 0.084700 0.080100 0.064000 0.079300 0.076000 0.099700 0.059600 0.067600 0.059500 0.083900 0.067300 0.082800 0.036900 0.000000 0.063700 0.079900 0.067500 0.075400 0.076300 0.100500 0.067700 0.083000 0.063600 0.072200 0.098400 0.083800 0.099700 0.068300 0.068100 0.071500 0.067600 0.056300 0.059500 0.076700 0.070900 0.084900 0.092600 0.087300 0.099700 0.080900 0.064100 0.063300 0.079500 0.080000 0.068100 0.044500 0.079700 0.076100
TibetanAnt 0.014600 0.279500 0.056200 0.173800 0.049100 0.029600 0.033400 0.040700 0.056500 0.075700 0.018200 0.040800 0.025600 0.056400 0.040600 0.055800 0.064400 0.063700 0.000000 0.052600 0.040700 0.025600 0.056700 0.064500 0.018300 0.048200 0.021900 0.052800 0.055500 0.056400 0.075700 0.048800 0.056700 0.022000 0.025700 0.037200 0.021900 0.049200 0.036700 0.057100 0.072600 0.044500 0.075700 0.077100 0.037100 0.033000 0.044600 0.060500 0.041000 0.048600 0.052500 0.056600
Sitatunga 0.052500 0.320800 0.018300 0.198800 0.073300 0.064900 0.049000 0.060200 0.014700 0.108900 0.056300 0.044900 0.056200 0.064500 0.071900 0.063800 0.088900 0.079900 0.052600 0.000000 0.048600 0.056300 0.081100 0.097400 0.056500 0.071900 0.052500 0.007300 0.071300 0.003600 0.108800 0.056900 0.085200 0.060300 0.064400 0.049100 0.060100 0.073400 0.059900 0.089900 0.105900 0.068100 0.108900 0.102500 0.049000 0.060100 0.068400 0.068400 0.064700 0.072500 0.007200 0.011000
Oribi 0.040600 0.296600 0.052200 0.174100 0.056900 0.052600 0.044700 0.018200 0.052500 0.091700 0.044300 0.052200 0.052000 0.052400 0.048200 0.029200 0.072100 0.067500 0.040700 0.048600 0.000000 0.044300 0.064500 0.080400 0.044500 0.029200 0.048300 0.048700 0.036400 0.052400 0.091700 0.044800 0.076300 0.056000 0.052200 0.048700 0.048000 0.056900 0.040200 0.073000 0.088700 0.025700 0.091700 0.085100 0.048600 0.051900 0.048300 0.068200 0.052400 0.064100 0.048500 0.052500
BarbaryShe 0.010800 0.296400 0.060000 0.192700 0.060800 0.022000 0.044700 0.055900 0.060300 0.095700 0.014400 0.052200 0.036700 0.060100 0.059500 0.059500 0.076200 0.075400 0.025600 0.056300 0.044300 0.000000 0.068500 0.076300 0.014400 0.059500 0.033100 0.056500 0.066900 0.060100 0.095700 0.052400 0.068300 0.040600 0.036900 0.048600 0.025400 0.060800 0.048100 0.076900 0.084600 0.055800 0.095700 0.089200 0.048500 0.051900 0.056100 0.072100 0.052500 0.068100 0.056200 0.060300
Daviddeer 0.056700 0.286900 0.084800 0.190300 0.061200 0.073100 0.057000 0.076400 0.077100 0.033200 0.060500 0.068600 0.068300 0.085000 0.068200 0.080100 0.069000 0.076300 0.056700 0.081100 0.064500 0.068500 0.000000 0.048600 0.060700 0.080200 0.064500 0.073300 0.087600 0.085000 0.033100 0.077200 0.077300 0.072600 0.068600 0.057100 0.064300 0.061300 0.068000 0.029900 0.026200 0.076500 0.033100 0.045200 0.064900 0.068100 0.076700 0.073100 0.065100 0.068900 0.080900 0.077300
Reindeer 0.064400 0.272900 0.101100 0.183700 0.077100 0.081000 0.072800 0.092500 0.101600 0.067600 0.068200 0.084500 0.076100 0.093100 0.076100 0.092000 0.093200 0.100500 0.064500 0.097400 0.080400 0.076300 0.048600 0.000000 0.068500 0.092100 0.072300 0.097700 0.091400 0.101300 0.067400 0.093400 0.093500 0.080500 0.076400 0.072800 0.072100 0.077200 0.075700 0.041000 0.060100 0.088300 0.067600 0.033300 0.080800 0.076000 0.076600 0.089400 0.072900 0.093000 0.097100 0.101700
Ibex 0.003600 0.274400 0.060200 0.183600 0.053100 0.018300 0.037200 0.056100 0.060500 0.087800 0.007200 0.044600 0.029300 0.060300 0.051900 0.059700 0.060500 0.067700 0.018300 0.056500 0.044500 0.014400 0.060700 0.068500 0.000000 0.059700 0.025700 0.056700 0.067100 0.060300 0.087800 0.052600 0.060500 0.033100 0.029400 0.041000 0.018100 0.053100 0.040400 0.069000 0.076700 0.056100 0.087800 0.081300 0.041000 0.044400 0.048500 0.064400 0.044900 0.060300 0.056400 0.060500
GyrantGaze 0.055700 0.305800 0.075500 0.192200 0.080600 0.068100 0.067800 0.032900 0.075900 0.099500 0.059400 0.075400 0.059500 0.075800 0.055600 0.021700 0.087800 0.083000 0.048200 0.071900 0.029200 0.059500 0.080200 0.092100 0.059700 0.000000 0.063600 0.072100 0.028900 0.075700 0.099400 0.068000 0.084200 0.063500 0.067600 0.064100 0.059400 0.080600 0.047600 0.080700 0.096500 0.018100 0.099500 0.105300 0.064000 0.063300 0.055800 0.092000 0.067700 0.071700 0.071700 0.075900
Hartebeest 0.021900 0.285300 0.056100 0.188000 0.056900 0.037200 0.041000 0.059800 0.056400 0.091700 0.025600 0.048400 0.003600 0.064100 0.055800 0.063500 0.072200 0.063600 0.021900 0.052500 0.048300 0.033100 0.064500 0.072300 0.025700 0.063600 0.000000 0.052700 0.070900 0.056300 0.091700 0.056500 0.072400 0.007200 0.033100 0.044800 0.029300 0.056900 0.044100 0.073000 0.080500 0.059800 0.091700 0.085200 0.044700 0.048100 0.052300 0.060400 0.040900 0.056300 0.052400 0.056500
Bongo 0.052700 0.310600 0.018200 0.190000 0.073500 0.065100 0.057000 0.060400 0.007300 0.101000 0.056500 0.045000 0.056400 0.072800 0.072100 0.071900 0.081100 0.072200 0.052800 0.007300 0.048700 0.056500 0.073300 0.097700 0.056700 0.072100 0.052700 0.000000 0.071500 0.011000 0.100900 0.065000 0.085400 0.060500 0.064600 0.041500 0.060300 0.073600 0.067900 0.082000 0.098000 0.068300 0.101000 0.094500 0.041400 0.060300 0.076600 0.068700 0.057000 0.064800 0.014600 0.003700
Gerenuk 0.063100 0.303100 0.067100 0.190800 0.088000 0.075500 0.075300 0.040100 0.075200 0.098800 0.066800 0.078800 0.074600 0.075200 0.070600 0.036300 0.095400 0.098400 0.055500 0.071300 0.036400 0.066900 0.087600 0.091400 0.067100 0.028900 0.070900 0.071500 0.000000 0.075100 0.098700 0.075500 0.079600 0.070900 0.074900 0.067500 0.070700 0.088100 0.062500 0.080100 0.104000 0.025300 0.098700 0.104500 0.067400 0.066700 0.070900 0.099700 0.051900 0.079200 0.071100 0.075300
CommonElan 0.056300 0.326100 0.022000 0.203200 0.077200 0.068700 0.052800 0.064000 0.018400 0.112900 0.060100 0.048600 0.060000 0.068400 0.075700 0.067600 0.092800 0.083800 0.056400 0.003600 0.052400 0.060100 0.085000 0.101300 0.060300 0.075700 0.056300 0.011000 0.075100 0.000000 0.112800 0.060700 0.089100 0.064200 0.068200 0.052900 0.063900 0.077300 0.063600 0.093800 0.110000 0.071900 0.112800 0.106500 0.052800 0.063900 0.072200 0.072300 0.068600 0.076400 0.010900 0.014600
MuntiacusR 0.083600 0.297700 0.112500 0.191700 0.088400 0.100700 0.076100 0.095600 0.104800 0.007100 0.083500 0.091800 0.095500 0.096300 0.087200 0.107500 0.092400 0.099700 0.075700 0.108800 0.091700 0.095700 0.033100 0.067400 0.087800 0.099400 0.091700 0.100900 0.098700 0.112800 0.000000 0.104900 0.092600 0.091800 0.095900 0.084200 0.087400 0.088500 0.087100 0.040900 0.059800 0.087500 0.007100 0.060200 0.092200 0.075300 0.104200 0.096600 0.084300 0.084100 0.108600 0.104900
HarveysDui 0.048600 0.298200 0.068500 0.199200 0.069400 0.052800 0.029800 0.056500 0.068800 0.104900 0.052400 0.060500 0.060300 0.029700 0.060100 0.060100 0.085000 0.068300 0.048800 0.056900 0.044800 0.052400 0.077200 0.093400 0.052600 0.068000 0.056500 0.065000 0.075500 0.060700 0.104900 0.000000 0.085300 0.064300 0.060500 0.057000 0.056200 0.069500 0.055900 0.077800 0.102000 0.064200 0.104900 0.098500 0.056900 0.060100 0.064500 0.081900 0.068900 0.076700 0.056700 0.068900
Pronghorn 0.056500 0.305600 0.088900 0.171200 0.085800 0.072900 0.064900 0.080200 0.081100 0.092700 0.052500 0.060300 0.076200 0.084900 0.076000 0.092200 0.068800 0.068100 0.056700 0.085200 0.076300 0.068300 0.077300 0.093500 0.060500 0.084200 0.072400 0.085400 0.079600 0.089100 0.092600 0.085300 0.000000 0.072500 0.076500 0.068700 0.056300 0.077600 0.079800 0.073700 0.102200 0.080400 0.092700 0.081900 0.076500 0.052400 0.088800 0.089300 0.077000 0.060800 0.085000 0.089400
BlueWildeb 0.029300 0.283700 0.064000 0.197900 0.064900 0.044900 0.048600 0.059900 0.064300 0.091800 0.033000 0.056100 0.010800 0.072200 0.055900 0.071400 0.080300 0.071500 0.022000 0.060300 0.056000 0.040600 0.072600 0.080500 0.033100 0.063500 0.007200 0.060500 0.070900 0.064200 0.091800 0.064300 0.072500 0.000000 0.040800 0.052600 0.036900 0.064900 0.051700 0.073000 0.088800 0.059800 0.091800 0.093600 0.052500 0.048100 0.060100 0.068300 0.048700 0.056400 0.060200 0.064400
Gemsbok 0.025700 0.284700 0.068000 0.188300 0.060900 0.037200 0.044900 0.063800 0.068300 0.095900 0.029300 0.052300 0.036800 0.068200 0.059800 0.067400 0.076400 0.067600 0.025700 0.064400 0.052200 0.036900 0.068600 0.076400 0.029400 0.067600 0.033100 0.064600 0.074900 0.068200 0.095900 0.060500 0.076500 0.040800 0.000000 0.048700 0.033000 0.061000 0.048000 0.077100 0.076500 0.063800 0.095900 0.089400 0.048600 0.052000 0.056200 0.072400 0.052600 0.060300 0.056300 0.068400
Yak 0.037200 0.281700 0.060500 0.180000 0.065300 0.053000 0.045100 0.060300 0.045200 0.084300 0.040900 0.037100 0.048500 0.064700 0.056200 0.063900 0.064800 0.056300 0.037200 0.049100 0.048700 0.048600 0.057100 0.072800 0.041000 0.064100 0.044800 0.041500 0.067500 0.052900 0.084200 0.057000 0.068700 0.052600 0.048700 0.000000 0.044600 0.065400 0.052100 0.065500 0.073000 0.060300 0.084300 0.073500 0.007300 0.056200 0.060500 0.076900 0.049000 0.064700 0.056700 0.045300
BlueSheep 0.014400 0.260100 0.063800 0.182600 0.056700 0.029500 0.040800 0.059600 0.064100 0.087500 0.010800 0.040600 0.029200 0.063900 0.051700 0.059400 0.060200 0.059500 0.021900 0.060100 0.048000 0.025400 0.064300 0.072100 0.018100 0.059400 0.029300 0.060300 0.070700 0.063900 0.087400 0.056200 0.056300 0.036900 0.033000 0.044600 0.000000 0.056700 0.040200 0.072700 0.080300 0.059500 0.087400 0.076700 0.044500 0.036500 0.048300 0.060100 0.048500 0.052300 0.060000 0.064100
BohorReedb 0.049100 0.279300 0.077100 0.181600 0.007500 0.065400 0.053400 0.068800 0.077500 0.088600 0.052900 0.053100 0.060700 0.077300 0.060600 0.080500 0.069300 0.076700 0.049200 0.073400 0.056900 0.060800 0.061300 0.077200 0.053100 0.080600 0.056900 0.073600 0.088100 0.077300 0.088500 0.069500 0.077600 0.064900 0.061000 0.065400 0.056700 0.000000 0.060400 0.069700 0.077400 0.068900 0.088600 0.082100 0.065200 0.060500 0.069000 0.073500 0.065400 0.061200 0.073200 0.077600
KirksDik 0.036500 0.282400 0.071300 0.177200 0.060400 0.052200 0.033100 0.051600 0.071700 0.087100 0.040200 0.055700 0.040300 0.055900 0.051500 0.040000 0.067700 0.070900 0.036700 0.059900 0.040200 0.048100 0.068000 0.075700 0.040400 0.047600 0.044100 0.067900 0.062500 0.063600 0.087100 0.055900 0.079800 0.051700 0.048000 0.052100 0.040200 0.060400 0.000000 0.076400 0.083900 0.051500 0.087100 0.088600 0.052000 0.051600 0.029100 0.071600 0.048100 0.059800 0.059700 0.071700
RoeDeer 0.064900 0.294200 0.093600 0.185400 0.069700 0.081700 0.065400 0.076900 0.085900 0.041000 0.068700 0.077100 0.076800 0.085600 0.068600 0.088700 0.077600 0.084900 0.057100 0.089900 0.073000 0.076900 0.029900 0.041000 0.069000 0.080700 0.073000 0.082000 0.080100 0.093800 0.040900 0.077800 0.073700 0.073000 0.077100 0.065500 0.072700 0.069700 0.076400 0.000000 0.048900 0.076900 0.041000 0.037600 0.073100 0.060600 0.085400 0.090000 0.065500 0.069300 0.089600 0.086000
WhiteLippe 0.072500 0.292700 0.109600 0.208800 0.077300 0.089500 0.081100 0.101000 0.101900 0.060000 0.076300 0.092800 0.084400 0.110000 0.092300 0.096400 0.093500 0.092600 0.072600 0.105900 0.088700 0.084600 0.026200 0.060100 0.076700 0.096500 0.080500 0.098000 0.104000 0.110000 0.059800 0.102000 0.102200 0.088800 0.076500 0.073000 0.080300 0.077400 0.083900 0.048900 0.000000 0.092700 0.060000 0.064400 0.081000 0.092300 0.093000 0.097800 0.081200 0.093400 0.105700 0.102000
ThomsonGaz 0.052000 0.295400 0.071700 0.188300 0.068800 0.064300 0.064100 0.029300 0.072100 0.095700 0.055700 0.071700 0.063600 0.072000 0.059500 0.025500 0.092200 0.087300 0.044500 0.068100 0.025700 0.055800 0.076500 0.088300 0.056100 0.018100 0.059800 0.068300 0.025300 0.071900 0.087500 0.064200 0.080400 0.059800 0.063800 0.060300 0.059500 0.068900 0.051500 0.076900 0.092700 0.000000 0.095700 0.101400 0.060200 0.063400 0.059900 0.088200 0.064000 0.075900 0.067900 0.072200
MuntiacusC 0.083700 0.297700 0.112500 0.191800 0.088500 0.100800 0.076200 0.095600 0.104800 0.007200 0.083500 0.091900 0.095500 0.096400 0.087200 0.107600 0.092400 0.099700 0.075700 0.108900 0.091700 0.095700 0.033100 0.067600 0.087800 0.099500 0.091700 0.101000 0.098700 0.112800 0.007100 0.104900 0.092700 0.091800 0.095900 0.084300 0.087400 0.088600 0.087100 0.041000 0.060000 0.095700 0.000000 0.060400 0.092300 0.075300 0.104200 0.096600 0.084300 0.084100 0.108600 0.105000
WhiteTaile 0.077000 0.276700 0.106200 0.166900 0.082000 0.094200 0.077500 0.097400 0.098400 0.060400 0.072800 0.081100 0.089000 0.098100 0.088800 0.105100 0.073500 0.080900 0.077100 0.102500 0.085100 0.089200 0.045200 0.033300 0.081300 0.105300 0.085200 0.094500 0.104500 0.106500 0.060200 0.098500 0.081900 0.093600 0.089400 0.073500 0.076700 0.082100 0.088600 0.037600 0.064400 0.101400 0.060400 0.000000 0.081500 0.072600 0.097800 0.086000 0.077700 0.073400 0.102200 0.098500
Cattle 0.037100 0.292300 0.060400 0.189100 0.065100 0.052900 0.049000 0.060200 0.045100 0.092300 0.040800 0.037000 0.048400 0.064600 0.056100 0.063800 0.072600 0.064100 0.037100 0.049000 0.048600 0.048500 0.064900 0.080800 0.041000 0.064000 0.044700 0.041400 0.067400 0.052800 0.092200 0.056900 0.076500 0.052500 0.048600 0.007300 0.044500 0.065200 0.052000 0.073100 0.081000 0.060200 0.092300 0.081500 0.000000 0.056100 0.060300 0.076700 0.048900 0.064500 0.056600 0.045200
RoyalAntel 0.040500 0.281900 0.056000 0.177600 0.060500 0.056200 0.044600 0.055700 0.064000 0.075300 0.036600 0.044300 0.048000 0.060000 0.047900 0.071000 0.064000 0.063300 0.033000 0.060100 0.051900 0.051900 0.068100 0.076000 0.044400 0.063300 0.048100 0.060300 0.066700 0.063900 0.075300 0.060100 0.052400 0.048100 0.052000 0.056200 0.036500 0.060500 0.051600 0.060600 0.092300 0.063400 0.075300 0.072600 0.056100 0.000000 0.059800 0.064000 0.052300 0.048300 0.060000 0.064100
Steenbok 0.044600 0.286100 0.080000 0.198000 0.069000 0.060600 0.048800 0.059900 0.080400 0.104300 0.048300 0.064000 0.048300 0.071900 0.059800 0.044200 0.076200 0.079500 0.044600 0.068400 0.048300 0.056100 0.076700 0.076600 0.048500 0.055800 0.052300 0.076600 0.070900 0.072200 0.104200 0.064500 0.088800 0.060100 0.056200 0.060500 0.048300 0.069000 0.029100 0.085400 0.093000 0.059900 0.104200 0.097800 0.060300 0.059800 0.000000 0.080600 0.056300 0.068300 0.068200 0.080500
Impala 0.060300 0.278100 0.072100 0.190500 0.073400 0.077000 0.064700 0.080300 0.072500 0.096600 0.056200 0.064400 0.064200 0.088900 0.064000 0.092100 0.080900 0.080000 0.060500 0.068400 0.068200 0.072100 0.073100 0.089400 0.064400 0.092000 0.060400 0.068700 0.099700 0.072300 0.096600 0.081900 0.089300 0.068300 0.072400 0.076900 0.060100 0.073500 0.071600 0.090000 0.097800 0.088200 0.096600 0.086000 0.076700 0.064000 0.080600 0.000000 0.060800 0.064700 0.068300 0.072600
Klipspring 0.041000 0.275800 0.060500 0.175000 0.065300 0.056900 0.052900 0.064000 0.060800 0.084300 0.044700 0.060400 0.044700 0.068600 0.064000 0.067600 0.064900 0.068100 0.041000 0.064700 0.052400 0.052500 0.065100 0.072900 0.044900 0.067700 0.040900 0.057000 0.051900 0.068600 0.084300 0.068900 0.077000 0.048700 0.052600 0.049000 0.048500 0.065400 0.048100 0.065500 0.081200 0.064000 0.084300 0.077700 0.048900 0.052300 0.056300 0.060800 0.000000 0.049000 0.064500 0.060900
ForestMusk 0.056300 0.281800 0.068300 0.179700 0.069100 0.072700 0.060700 0.068000 0.068600 0.084100 0.052300 0.060200 0.052300 0.084500 0.052100 0.079500 0.037400 0.044500 0.048600 0.072500 0.064100 0.068100 0.068900 0.093000 0.060300 0.071700 0.056300 0.064800 0.079200 0.076400 0.084100 0.076700 0.060800 0.056400 0.060300 0.064700 0.052300 0.061200 0.059800 0.069300 0.093400 0.075900 0.084100 0.073400 0.064500 0.048300 0.068300 0.064700 0.049000 0.000000 0.064400 0.068700
Bushbuck 0.052400 0.307900 0.018100 0.198200 0.073100 0.064700 0.048900 0.060100 0.022100 0.108600 0.056200 0.052500 0.056100 0.064400 0.071700 0.063700 0.088700 0.079700 0.052500 0.007200 0.048500 0.056200 0.080900 0.097100 0.056400 0.071700 0.052400 0.014600 0.071100 0.010900 0.108600 0.056700 0.085000 0.060200 0.056300 0.056700 0.060000 0.073200 0.059700 0.089600 0.105700 0.067900 0.108600 0.102200 0.056600 0.060000 0.068200 0.068300 0.064500 0.064400 0.000000 0.018200
GreaterKud 0.056500 0.316100 0.021900 0.194500 0.077500 0.069000 0.060900 0.064200 0.011000 0.105000 0.060300 0.048800 0.060200 0.076700 0.076000 0.075800 0.085000 0.076100 0.056600 0.011000 0.052500 0.060300 0.077300 0.101700 0.060500 0.075900 0.056500 0.003700 0.075300 0.014600 0.104900 0.068900 0.089400 0.064400 0.068400 0.045300 0.064100 0.077600 0.071700 0.086000 0.102000 0.072200 0.105000 0.098500 0.045200 0.064100 0.080500 0.072600 0.060900 0.068700 0.018200 0.000000
