CODONML (in paml version 4.10.7, June 2023)  /home/rachel/ruminants_paml/6406-phy-tree/ENSBTAT00000031145.fasta.phy
Model: free dN/dS Ratios for branches,  kappa = 2.000 fixed

Codon frequency model: F3x4
ns =  54  ls =  32

Codon usage in sequences
--------------------------------------------------------------------------------------------------------------------------------------
Phe TTT   1   1   1   1   1   1 | Ser TCT   1   1   1   1   0   1 | Tyr TAT   2   1   1   1   1   2 | Cys TGT   0   0   0   0   0   0
    TTC   1   1   1   1   1   1 |     TCC   0   0   0   0   1   0 |     TAC   0   1   1   1   1   0 |     TGC   0   0   0   0   0   0
Leu TTA   0   0   0   0   0   0 |     TCA   0   0   0   0   0   0 | *** TAA   0   0   0   0   0   0 | *** TGA   0   0   0   0   0   0
    TTG   1   0   1   1   0   0 |     TCG   0   0   0   0   0   0 |     TAG   0   0   0   0   0   0 | Trp TGG   1   1   1   1   1   1
--------------------------------------------------------------------------------------------------------------------------------------
Leu CTT   0   0   0   0   0   0 | Pro CCT   0   0   0   0   1   1 | His CAT   0   0   0   0   0   0 | Arg CGT   0   0   0   0   0   0
    CTC   0   0   0   0   0   0 |     CCC   2   2   2   2   1   1 |     CAC   1   1   1   1   1   1 |     CGC   0   0   0   0   0   0
    CTA   0   0   0   0   0   0 |     CCA   0   0   0   0   0   0 | Gln CAA   1   0   1   1   1   0 |     CGA   0   1   0   0   0   0
    CTG   0   0   0   0   0   0 |     CCG   0   0   0   0   0   0 |     CAG   2   3   2   2   2   3 |     CGG   1   1   1   1   1   1
--------------------------------------------------------------------------------------------------------------------------------------
Ile ATT   1   1   2   1   2   1 | Thr ACT   1   1   1   1   1   1 | Asn AAT   0   0   0   0   0   0 | Ser AGT   0   0   0   0   0   0
    ATC   2   2   1   1   1   2 |     ACC   0   0   0   0   0   0 |     AAC   0   0   0   0   0   0 |     AGC   0   0   0   0   0   0
    ATA   0   0   0   0   0   0 |     ACA   0   0   0   0   0   0 | Lys AAA   2   0   2   2   2   1 | Arg AGA   0   1   0   0   0   1
Met ATG   0   1   0   0   1   1 |     ACG   0   0   0   0   0   0 |     AAG   2   2   2   2   2   2 |     AGG   1   1   1   1   1   1
--------------------------------------------------------------------------------------------------------------------------------------
Val GTT   0   0   0   0   0   0 | Ala GCT   0   0   0   0   1   0 | Asp GAT   0   0   0   0   0   0 | Gly GGT   1   1   1   1   1   1
    GTC   0   0   0   1   0   1 |     GCC   0   0   0   0   0   0 |     GAC   1   1   1   1   1   1 |     GGC   1   0   0   0   0   0
    GTA   0   0   0   0   0   0 |     GCA   1   0   1   1   0   0 | Glu GAA   3   2   3   2   2   3 |     GGA   0   0   0   0   1   1
    GTG   0   0   0   0   0   0 |     GCG   0   1   0   0   0   0 |     GAG   2   3   2   3   3   2 |     GGG   0   1   1   1   0   0
--------------------------------------------------------------------------------------------------------------------------------------

--------------------------------------------------------------------------------------------------------------------------------------
Phe TTT   1   1   1   1   1   1 | Ser TCT   1   1   1   1   1   1 | Tyr TAT   1   2   1   1   1   1 | Cys TGT   0   0   0   0   0   0
    TTC   1   1   1   1   1   1 |     TCC   0   0   0   0   0   0 |     TAC   1   0   1   1   1   1 |     TGC   0   0   0   0   0   0
Leu TTA   0   0   0   0   0   0 |     TCA   0   0   0   0   0   0 | *** TAA   0   0   0   0   0   0 | *** TGA   0   0   0   0   0   0
    TTG   1   1   0   1   1   0 |     TCG   0   0   0   0   0   0 |     TAG   0   0   0   0   0   0 | Trp TGG   1   1   1   1   1   1
--------------------------------------------------------------------------------------------------------------------------------------
Leu CTT   0   0   0   0   0   0 | Pro CCT   0   0   0   0   0   0 | His CAT   0   0   0   0   0   0 | Arg CGT   0   0   0   0   0   0
    CTC   0   0   0   0   0   0 |     CCC   2   2   2   2   2   2 |     CAC   1   1   1   1   1   1 |     CGC   0   0   0   0   0   0
    CTA   0   0   0   0   0   0 |     CCA   0   0   0   0   0   0 | Gln CAA   1   1   1   1   1   1 |     CGA   0   0   0   0   0   0
    CTG   0   0   1   0   0   1 |     CCG   0   0   0   0   0   0 |     CAG   2   2   2   2   2   2 |     CGG   1   1   1   1   1   1
--------------------------------------------------------------------------------------------------------------------------------------
Ile ATT   1   1   1   1   2   1 | Thr ACT   1   1   1   1   1   1 | Asn AAT   0   0   0   0   0   0 | Ser AGT   0   0   0   0   0   0
    ATC   2   2   2   2   1   2 |     ACC   0   0   0   0   0   0 |     AAC   0   0   0   0   0   0 |     AGC   0   0   0   0   0   0
    ATA   0   0   0   0   0   0 |     ACA   0   0   0   0   0   0 | Lys AAA   2   2   2   2   2   2 | Arg AGA   0   0   0   0   0   0
Met ATG   0   0   0   0   0   0 |     ACG   0   0   0   0   0   0 |     AAG   2   2   2   2   2   2 |     AGG   1   1   1   1   1   1
--------------------------------------------------------------------------------------------------------------------------------------
Val GTT   0   0   0   0   0   0 | Ala GCT   0   0   0   0   0   0 | Asp GAT   0   0   0   0   1   0 | Gly GGT   1   1   1   1   1   1
    GTC   0   0   0   0   0   0 |     GCC   0   0   0   0   0   0 |     GAC   1   1   1   1   1   1 |     GGC   0   1   0   0   0   0
    GTA   0   0   0   0   0   0 |     GCA   1   1   1   1   1   1 | Glu GAA   3   3   3   3   2   2 |     GGA   0   0   0   0   0   0
    GTG   0   0   0   0   0   0 |     GCG   0   0   0   0   0   0 |     GAG   2   2   2   2   2   3 |     GGG   1   0   1   1   1   1
--------------------------------------------------------------------------------------------------------------------------------------

--------------------------------------------------------------------------------------------------------------------------------------
Phe TTT   1   1   1   1   1   1 | Ser TCT   1   1   0   1   1   1 | Tyr TAT   2   2   1   1   2   2 | Cys TGT   0   0   0   0   0   0
    TTC   1   1   1   1   1   1 |     TCC   0   0   1   0   0   0 |     TAC   0   0   1   1   0   0 |     TGC   0   0   0   0   0   0
Leu TTA   0   0   0   0   0   0 |     TCA   0   0   0   0   0   0 | *** TAA   0   0   0   0   0   0 | *** TGA   0   0   0   0   0   0
    TTG   1   1   1   1   1   1 |     TCG   0   0   0   0   0   0 |     TAG   0   0   0   0   0   0 | Trp TGG   1   1   1   1   1   1
--------------------------------------------------------------------------------------------------------------------------------------
Leu CTT   0   0   0   0   0   0 | Pro CCT   0   0   0   0   0   0 | His CAT   0   0   0   0   0   0 | Arg CGT   0   0   0   0   0   0
    CTC   0   0   0   0   0   0 |     CCC   2   2   2   2   2   2 |     CAC   1   1   1   1   1   1 |     CGC   0   0   0   0   0   0
    CTA   0   0   0   0   0   0 |     CCA   0   0   0   0   0   0 | Gln CAA   1   1   0   1   1   1 |     CGA   0   0   0   0   0   0
    CTG   0   0   0   0   0   0 |     CCG   0   0   0   0   0   0 |     CAG   2   2   3   2   2   2 |     CGG   1   1   1   1   1   1
--------------------------------------------------------------------------------------------------------------------------------------
Ile ATT   1   2   1   1   1   1 | Thr ACT   1   1   1   1   1   1 | Asn AAT   0   0   1   0   0   0 | Ser AGT   0   0   0   0   0   0
    ATC   2   1   2   2   2   2 |     ACC   0   0   0   0   0   0 |     AAC   0   0   0   0   0   0 |     AGC   0   0   0   0   0   0
    ATA   0   0   0   0   0   0 |     ACA   0   0   0   0   0   0 | Lys AAA   2   2   2   2   2   2 | Arg AGA   0   0   0   0   0   0
Met ATG   0   0   0   0   0   0 |     ACG   0   0   0   0   0   0 |     AAG   2   2   1   2   1   2 |     AGG   1   1   1   1   2   1
--------------------------------------------------------------------------------------------------------------------------------------
Val GTT   0   0   0   0   0   0 | Ala GCT   0   0   0   0   0   0 | Asp GAT   0   0   0   0   0   0 | Gly GGT   1   1   1   1   1   1
    GTC   0   0   0   0   0   0 |     GCC   0   0   0   0   0   0 |     GAC   1   1   1   1   1   1 |     GGC   0   0   0   0   0   0
    GTA   0   0   0   0   0   0 |     GCA   1   1   1   1   1   1 | Glu GAA   3   3   3   3   3   3 |     GGA   0   1   0   0   0   0
    GTG   0   0   0   0   0   0 |     GCG   0   0   0   0   0   0 |     GAG   2   2   2   2   2   2 |     GGG   1   0   1   1   1   1
--------------------------------------------------------------------------------------------------------------------------------------

--------------------------------------------------------------------------------------------------------------------------------------
Phe TTT   1   1   1   1   1   1 | Ser TCT   1   1   1   1   1   1 | Tyr TAT   1   1   2   1   2   1 | Cys TGT   0   0   0   0   0   0
    TTC   1   1   1   1   1   1 |     TCC   0   0   0   0   0   0 |     TAC   1   1   0   1   0   1 |     TGC   0   0   0   0   0   0
Leu TTA   0   0   0   0   0   0 |     TCA   0   0   0   0   0   0 | *** TAA   0   0   0   0   0   0 | *** TGA   0   0   0   0   0   0
    TTG   1   1   1   1   1   1 |     TCG   0   0   0   0   0   0 |     TAG   0   0   0   0   0   0 | Trp TGG   1   1   1   1   1   1
--------------------------------------------------------------------------------------------------------------------------------------
Leu CTT   0   0   0   0   0   0 | Pro CCT   1   0   0   0   0   0 | His CAT   0   0   0   0   0   0 | Arg CGT   0   0   0   0   0   0
    CTC   0   0   0   0   0   0 |     CCC   1   2   2   2   2   2 |     CAC   1   1   1   1   1   1 |     CGC   0   0   0   0   0   0
    CTA   0   0   0   0   0   0 |     CCA   0   0   0   0   0   0 | Gln CAA   2   2   1   1   1   1 |     CGA   0   0   0   0   0   0
    CTG   0   0   0   0   0   0 |     CCG   0   0   0   0   0   0 |     CAG   1   1   2   2   2   2 |     CGG   1   1   1   1   1   1
--------------------------------------------------------------------------------------------------------------------------------------
Ile ATT   1   1   1   2   1   1 | Thr ACT   1   1   1   1   1   1 | Asn AAT   0   0   0   0   0   0 | Ser AGT   0   0   0   0   0   0
    ATC   2   2   2   1   2   2 |     ACC   0   0   0   0   0   0 |     AAC   0   0   0   0   0   0 |     AGC   0   0   0   0   0   0
    ATA   0   0   0   0   0   0 |     ACA   0   0   0   0   0   0 | Lys AAA   2   2   2   2   2   2 | Arg AGA   0   0   0   0   0   0
Met ATG   0   0   0   0   0   0 |     ACG   0   0   0   0   0   0 |     AAG   2   2   2   2   2   2 |     AGG   1   1   1   1   1   1
--------------------------------------------------------------------------------------------------------------------------------------
Val GTT   0   0   0   0   0   0 | Ala GCT   0   0   0   0   0   0 | Asp GAT   0   0   0   0   0   0 | Gly GGT   1   1   1   1   1   1
    GTC   0   0   0   0   0   0 |     GCC   0   0   0   0   0   0 |     GAC   1   1   1   1   1   1 |     GGC   0   0   0   0   0   0
    GTA   0   0   0   0   0   0 |     GCA   1   1   1   1   1   1 | Glu GAA   2   2   3   3   3   3 |     GGA   0   0   0   0   0   0
    GTG   0   0   0   0   0   0 |     GCG   0   0   0   0   0   0 |     GAG   3   3   2   2   2   2 |     GGG   1   1   1   1   1   1
--------------------------------------------------------------------------------------------------------------------------------------

--------------------------------------------------------------------------------------------------------------------------------------
Phe TTT   1   1   1   1   1   1 | Ser TCT   1   1   1   1   0   1 | Tyr TAT   2   2   1   2   1   1 | Cys TGT   0   0   0   0   0   0
    TTC   1   1   1   1   1   1 |     TCC   0   0   0   0   1   0 |     TAC   0   0   1   0   1   1 |     TGC   0   0   0   0   0   0
Leu TTA   0   0   0   0   0   0 |     TCA   0   0   0   0   0   0 | *** TAA   0   0   0   0   0   0 | *** TGA   0   0   0   0   0   0
    TTG   0   0   1   1   1   1 |     TCG   0   0   0   0   0   0 |     TAG   0   0   0   0   0   0 | Trp TGG   1   1   1   1   1   1
--------------------------------------------------------------------------------------------------------------------------------------
Leu CTT   0   0   0   0   0   0 | Pro CCT   0   0   0   0   0   0 | His CAT   0   0   0   0   0   0 | Arg CGT   0   0   0   0   0   0
    CTC   0   0   0   0   0   0 |     CCC   2   2   2   2   2   2 |     CAC   1   1   1   1   1   1 |     CGC   0   0   0   0   0   0
    CTA   0   0   0   0   0   0 |     CCA   0   0   0   0   0   0 | Gln CAA   1   0   1   1   0   1 |     CGA   0   0   0   0   0   0
    CTG   1   1   0   0   0   0 |     CCG   0   1   0   0   0   0 |     CAG   2   2   2   2   3   2 |     CGG   1   1   1   1   1   1
--------------------------------------------------------------------------------------------------------------------------------------
Ile ATT   1   1   1   1   1   2 | Thr ACT   1   1   1   1   1   1 | Asn AAT   0   0   0   0   0   0 | Ser AGT   0   0   0   0   0   0
    ATC   2   2   2   2   2   1 |     ACC   0   0   0   0   0   0 |     AAC   0   0   0   0   0   0 |     AGC   0   0   0   0   0   0
    ATA   0   0   0   0   0   0 |     ACA   0   0   0   0   0   0 | Lys AAA   2   2   2   2   2   2 | Arg AGA   0   0   0   0   0   0
Met ATG   0   0   0   0   0   0 |     ACG   0   0   0   0   0   0 |     AAG   2   2   2   2   2   2 |     AGG   1   1   1   1   1   1
--------------------------------------------------------------------------------------------------------------------------------------
Val GTT   0   0   0   0   0   0 | Ala GCT   0   0   0   0   0   0 | Asp GAT   0   0   0   0   0   0 | Gly GGT   1   1   1   1   1   1
    GTC   0   0   0   0   0   0 |     GCC   0   0   0   0   0   0 |     GAC   1   1   1   1   1   1 |     GGC   0   0   0   0   0   0
    GTA   0   0   0   0   0   0 |     GCA   1   1   1   1   1   1 | Glu GAA   2   2   3   3   3   3 |     GGA   0   0   0   0   0   0
    GTG   0   0   0   0   0   0 |     GCG   0   0   0   0   0   0 |     GAG   3   3   2   2   2   2 |     GGG   1   1   1   1   1   1
--------------------------------------------------------------------------------------------------------------------------------------

--------------------------------------------------------------------------------------------------------------------------------------
Phe TTT   1   1   1   1   1   1 | Ser TCT   1   1   1   1   1   0 | Tyr TAT   1   1   1   2   2   1 | Cys TGT   0   0   0   0   0   0
    TTC   1   1   1   1   1   1 |     TCC   0   0   0   0   0   1 |     TAC   1   1   1   0   0   1 |     TGC   0   0   0   0   0   0
Leu TTA   0   0   0   0   0   0 |     TCA   0   0   0   0   0   0 | *** TAA   0   0   0   0   0   0 | *** TGA   0   0   0   0   0   0
    TTG   1   1   0   1   1   1 |     TCG   0   0   0   0   0   0 |     TAG   0   0   0   0   0   0 | Trp TGG   1   1   1   1   1   1
--------------------------------------------------------------------------------------------------------------------------------------
Leu CTT   0   0   0   0   0   0 | Pro CCT   0   0   0   0   0   0 | His CAT   0   0   0   0   0   0 | Arg CGT   0   0   0   0   0   0
    CTC   0   0   0   0   0   0 |     CCC   2   2   2   2   2   2 |     CAC   1   1   1   1   1   1 |     CGC   0   0   0   0   0   0
    CTA   0   0   0   0   0   0 |     CCA   0   0   0   0   0   0 | Gln CAA   1   1   1   1   1   0 |     CGA   1   0   0   0   0   0
    CTG   0   0   1   0   0   0 |     CCG   0   0   0   0   0   0 |     CAG   2   2   2   2   2   3 |     CGG   0   1   1   1   1   1
--------------------------------------------------------------------------------------------------------------------------------------
Ile ATT   1   2   1   1   2   1 | Thr ACT   1   1   1   1   1   1 | Asn AAT   0   0   0   0   0   0 | Ser AGT   0   0   0   0   0   0
    ATC   1   1   2   2   1   2 |     ACC   0   0   0   0   0   0 |     AAC   0   0   0   0   0   0 |     AGC   0   0   0   0   0   0
    ATA   0   0   0   0   0   0 |     ACA   0   0   0   0   0   0 | Lys AAA   2   2   2   2   2   2 | Arg AGA   0   0   0   0   0   0
Met ATG   0   0   0   0   0   0 |     ACG   0   0   0   0   0   0 |     AAG   2   2   2   2   2   2 |     AGG   1   1   1   1   1   1
--------------------------------------------------------------------------------------------------------------------------------------
Val GTT   0   0   0   0   0   0 | Ala GCT   0   0   0   0   0   0 | Asp GAT   0   0   0   0   0   0 | Gly GGT   1   1   1   1   1   1
    GTC   1   0   0   0   0   0 |     GCC   0   0   0   0   0   0 |     GAC   1   1   1   1   1   1 |     GGC   0   0   0   0   0   0
    GTA   0   0   0   0   0   0 |     GCA   1   1   1   1   1   1 | Glu GAA   3   3   2   3   3   3 |     GGA   0   0   0   0   0   0
    GTG   0   0   0   0   0   0 |     GCG   0   0   0   0   0   0 |     GAG   2   2   3   2   2   2 |     GGG   1   1   1   1   1   1
--------------------------------------------------------------------------------------------------------------------------------------

--------------------------------------------------------------------------------------------------------------------------------------
Phe TTT   1   1   1   1   1   1 | Ser TCT   0   1   1   1   1   1 | Tyr TAT   1   1   2   1   2   2 | Cys TGT   0   0   0   0   0   0
    TTC   1   1   1   1   1   1 |     TCC   1   0   0   0   0   0 |     TAC   1   1   0   1   0   0 |     TGC   0   0   0   0   0   0
Leu TTA   0   0   0   0   0   0 |     TCA   0   0   0   0   0   0 | *** TAA   0   0   0   0   0   0 | *** TGA   0   0   0   0   0   0
    TTG   1   1   1   1   0   0 |     TCG   0   0   0   0   0   0 |     TAG   0   0   0   0   0   0 | Trp TGG   1   1   1   1   1   1
--------------------------------------------------------------------------------------------------------------------------------------
Leu CTT   0   0   0   0   0   0 | Pro CCT   0   0   0   0   0   0 | His CAT   0   0   0   0   0   1 | Arg CGT   0   0   0   0   0   0
    CTC   0   0   0   0   1   0 |     CCC   2   2   2   2   1   2 |     CAC   1   1   1   1   1   0 |     CGC   0   0   0   0   0   0
    CTA   0   0   0   0   0   0 |     CCA   0   0   0   0   0   0 | Gln CAA   2   1   1   1   1   1 |     CGA   0   0   0   0   0   0
    CTG   0   0   0   0   1   1 |     CCG   0   0   0   0   0   0 |     CAG   1   2   2   2   2   2 |     CGG   1   1   1   1   1   1
--------------------------------------------------------------------------------------------------------------------------------------
Ile ATT   1   1   1   2   1   1 | Thr ACT   1   1   1   1   1   1 | Asn AAT   0   0   0   0   0   0 | Ser AGT   0   0   0   0   0   0
    ATC   2   2   2   1   2   2 |     ACC   0   0   0   0   0   0 |     AAC   0   0   0   0   0   0 |     AGC   0   0   0   0   0   0
    ATA   0   0   0   0   0   0 |     ACA   0   0   0   0   0   0 | Lys AAA   2   2   2   2   2   2 | Arg AGA   0   0   0   0   0   0
Met ATG   0   0   0   0   0   0 |     ACG   0   0   0   0   0   0 |     AAG   2   2   2   2   2   2 |     AGG   1   1   1   1   1   1
--------------------------------------------------------------------------------------------------------------------------------------
Val GTT   0   0   0   0   0   0 | Ala GCT   0   0   0   0   0   0 | Asp GAT   0   0   0   0   0   0 | Gly GGT   1   1   1   1   1   1
    GTC   0   0   0   0   0   0 |     GCC   0   0   0   0   0   0 |     GAC   1   1   1   1   1   1 |     GGC   0   0   0   0   0   0
    GTA   0   0   0   0   0   0 |     GCA   1   1   1   1   1   1 | Glu GAA   2   3   3   3   3   2 |     GGA   0   1   0   0   0   0
    GTG   0   0   0   0   0   0 |     GCG   0   0   0   0   0   0 |     GAG   3   2   2   2   2   3 |     GGG   1   0   1   1   1   1
--------------------------------------------------------------------------------------------------------------------------------------

--------------------------------------------------------------------------------------------------------------------------------------
Phe TTT   1   1   1   1   1   1 | Ser TCT   1   1   1   1   1   1 | Tyr TAT   2   2   1   2   1   1 | Cys TGT   0   0   0   0   0   0
    TTC   1   1   1   1   1   1 |     TCC   0   0   0   0   0   0 |     TAC   0   0   1   0   1   1 |     TGC   0   0   0   0   0   0
Leu TTA   0   0   0   0   0   0 |     TCA   0   0   0   0   0   0 | *** TAA   0   0   0   0   0   0 | *** TGA   0   0   0   0   0   0
    TTG   0   1   0   0   1   1 |     TCG   0   0   0   0   0   0 |     TAG   0   0   0   0   0   0 | Trp TGG   1   1   1   1   1   1
--------------------------------------------------------------------------------------------------------------------------------------
Leu CTT   0   0   0   0   0   0 | Pro CCT   0   0   0   0   0   0 | His CAT   0   0   0   0   0   0 | Arg CGT   0   0   0   0   0   0
    CTC   0   0   0   0   0   0 |     CCC   2   2   2   2   2   2 |     CAC   1   1   1   1   1   1 |     CGC   0   0   0   0   0   0
    CTA   0   0   0   0   0   0 |     CCA   0   0   0   0   0   0 | Gln CAA   1   1   1   0   1   1 |     CGA   0   0   0   0   0   0
    CTG   1   0   1   1   0   0 |     CCG   0   0   0   0   0   0 |     CAG   2   2   2   3   2   2 |     CGG   1   1   1   1   1   1
--------------------------------------------------------------------------------------------------------------------------------------
Ile ATT   1   1   1   1   1   1 | Thr ACT   1   1   1   1   1   1 | Asn AAT   0   0   0   0   0   0 | Ser AGT   0   0   0   0   0   0
    ATC   2   2   2   2   2   2 |     ACC   0   0   0   0   0   0 |     AAC   0   0   0   0   0   0 |     AGC   0   0   0   0   0   0
    ATA   0   0   0   0   0   0 |     ACA   0   0   0   0   0   0 | Lys AAA   2   2   2   2   2   2 | Arg AGA   0   0   0   0   0   0
Met ATG   0   0   0   0   0   0 |     ACG   0   0   0   0   0   0 |     AAG   2   2   2   2   2   2 |     AGG   1   1   1   1   1   1
--------------------------------------------------------------------------------------------------------------------------------------
Val GTT   0   0   0   0   0   0 | Ala GCT   0   0   0   0   0   0 | Asp GAT   0   0   0   0   0   0 | Gly GGT   1   1   1   1   1   1
    GTC   0   0   0   0   0   0 |     GCC   0   0   0   0   0   0 |     GAC   2   1   1   1   1   1 |     GGC   0   0   0   0   0   0
    GTA   0   0   0   0   0   0 |     GCA   1   1   1   1   1   1 | Glu GAA   2   3   2   2   3   3 |     GGA   0   0   0   0   1   0
    GTG   0   0   0   0   0   0 |     GCG   0   0   0   0   0   0 |     GAG   2   2   3   3   2   2 |     GGG   1   1   1   1   0   1
--------------------------------------------------------------------------------------------------------------------------------------

--------------------------------------------------------------------------------------------------------------------------------------
Phe TTT   1   1   1   1   1   1 | Ser TCT   1   1   1   1   1   1 | Tyr TAT   2   1   1   1   1   1 | Cys TGT   0   0   0   0   0   0
    TTC   1   1   1   1   1   1 |     TCC   0   0   0   0   0   0 |     TAC   0   1   1   1   1   1 |     TGC   0   0   0   0   0   0
Leu TTA   0   0   0   0   0   0 |     TCA   0   0   0   0   0   0 | *** TAA   0   0   0   0   0   0 | *** TGA   0   0   0   0   0   0
    TTG   1   1   1   1   1   1 |     TCG   0   0   0   0   0   0 |     TAG   0   0   0   0   0   0 | Trp TGG   1   1   1   1   1   1
--------------------------------------------------------------------------------------------------------------------------------------
Leu CTT   0   0   0   0   0   0 | Pro CCT   0   0   0   0   0   0 | His CAT   0   0   0   0   0   0 | Arg CGT   0   0   0   0   0   0
    CTC   0   0   0   0   0   0 |     CCC   2   2   2   2   2   2 |     CAC   1   1   1   1   1   1 |     CGC   0   0   0   0   0   0
    CTA   0   0   0   0   0   0 |     CCA   0   0   0   0   0   0 | Gln CAA   1   1   1   1   1   1 |     CGA   0   0   0   0   0   0
    CTG   0   0   0   0   0   0 |     CCG   0   0   0   0   0   0 |     CAG   2   2   3   2   2   2 |     CGG   1   1   0   1   1   1
--------------------------------------------------------------------------------------------------------------------------------------
Ile ATT   1   1   1   1   2   2 | Thr ACT   1   1   1   1   1   1 | Asn AAT   0   0   0   0   0   0 | Ser AGT   0   0   0   0   0   0
    ATC   2   2   2   1   1   1 |     ACC   0   0   0   0   0   0 |     AAC   0   0   0   0   0   0 |     AGC   0   0   0   0   0   0
    ATA   0   0   0   0   0   0 |     ACA   0   0   0   0   0   0 | Lys AAA   2   2   2   2   2   2 | Arg AGA   0   0   0   0   0   0
Met ATG   0   0   0   0   0   0 |     ACG   0   0   0   0   0   0 |     AAG   2   2   2   2   2   2 |     AGG   1   1   1   1   1   1
--------------------------------------------------------------------------------------------------------------------------------------
Val GTT   0   0   0   0   0   0 | Ala GCT   0   0   0   0   0   0 | Asp GAT   0   0   0   0   0   0 | Gly GGT   1   1   1   1   1   1
    GTC   0   0   0   1   0   0 |     GCC   0   0   0   0   0   0 |     GAC   1   1   1   1   1   1 |     GGC   0   0   0   0   0   0
    GTA   0   0   0   0   0   0 |     GCA   1   1   1   1   1   1 | Glu GAA   3   2   3   2   3   3 |     GGA   0   0   0   0   0   0
    GTG   0   0   0   0   0   0 |     GCG   0   0   0   0   0   0 |     GAG   2   3   2   3   2   2 |     GGG   1   1   1   1   1   1
--------------------------------------------------------------------------------------------------------------------------------------

Codon position x base (3x4) table for each sequence.

#1: Argali         
position  1:    T:0.21875    C:0.21875    A:0.28125    G:0.28125
position  2:    T:0.18750    C:0.15625    A:0.50000    G:0.15625
position  3:    T:0.21875    C:0.25000    A:0.21875    G:0.31250
Average         T:0.20833    C:0.20833    A:0.33333    G:0.25000

#2: LesserMouseDeer
position  1:    T:0.18750    C:0.25000    A:0.28125    G:0.28125
position  2:    T:0.18750    C:0.15625    A:0.43750    G:0.21875
position  3:    T:0.18750    C:0.25000    A:0.12500    G:0.43750
Average         T:0.18750    C:0.21875    A:0.28125    G:0.31250

#3: LesserKudu     
position  1:    T:0.21875    C:0.21875    A:0.28125    G:0.28125
position  2:    T:0.18750    C:0.15625    A:0.50000    G:0.15625
position  3:    T:0.21875    C:0.21875    A:0.21875    G:0.34375
Average         T:0.20833    C:0.19792    A:0.33333    G:0.26042

#4: ForestMuskDeer2
position  1:    T:0.21875    C:0.21875    A:0.25000    G:0.31250
position  2:    T:0.18750    C:0.15625    A:0.50000    G:0.15625
position  3:    T:0.18750    C:0.25000    A:0.18750    G:0.37500
Average         T:0.19792    C:0.20833    A:0.31250    G:0.28125

#5: Camel          
position  1:    T:0.18750    C:0.21875    A:0.31250    G:0.28125
position  2:    T:0.18750    C:0.15625    A:0.50000    G:0.15625
position  3:    T:0.25000    C:0.21875    A:0.18750    G:0.34375
Average         T:0.20833    C:0.19792    A:0.33333    G:0.26042

#6: KillerWhale    
position  1:    T:0.18750    C:0.21875    A:0.31250    G:0.28125
position  2:    T:0.21875    C:0.12500    A:0.46875    G:0.18750
position  3:    T:0.25000    C:0.21875    A:0.18750    G:0.34375
Average         T:0.21875    C:0.18750    A:0.32292    G:0.27083

#7: DefassaWaterbuck
position  1:    T:0.21875    C:0.21875    A:0.28125    G:0.28125
position  2:    T:0.18750    C:0.15625    A:0.50000    G:0.15625
position  3:    T:0.18750    C:0.25000    A:0.21875    G:0.34375
Average         T:0.19792    C:0.20833    A:0.33333    G:0.26042

#8: Sheep          
position  1:    T:0.21875    C:0.21875    A:0.28125    G:0.28125
position  2:    T:0.18750    C:0.15625    A:0.50000    G:0.15625
position  3:    T:0.21875    C:0.25000    A:0.21875    G:0.31250
Average         T:0.20833    C:0.20833    A:0.33333    G:0.25000

#9: MaxwellsDuiker 
position  1:    T:0.18750    C:0.25000    A:0.28125    G:0.28125
position  2:    T:0.18750    C:0.15625    A:0.50000    G:0.15625
position  3:    T:0.18750    C:0.25000    A:0.21875    G:0.34375
Average         T:0.18750    C:0.21875    A:0.33333    G:0.26042

#10: GazellaPrzewalskyi
position  1:    T:0.21875    C:0.21875    A:0.28125    G:0.28125
position  2:    T:0.18750    C:0.15625    A:0.50000    G:0.15625
position  3:    T:0.18750    C:0.25000    A:0.21875    G:0.34375
Average         T:0.19792    C:0.20833    A:0.33333    G:0.26042

#11: MountainNyala  
position  1:    T:0.21875    C:0.21875    A:0.28125    G:0.28125
position  2:    T:0.18750    C:0.15625    A:0.50000    G:0.15625
position  3:    T:0.25000    C:0.21875    A:0.18750    G:0.34375
Average         T:0.21875    C:0.19792    A:0.32292    G:0.26042

#12: MuntiacusMuntjak
position  1:    T:0.18750    C:0.25000    A:0.28125    G:0.28125
position  2:    T:0.18750    C:0.15625    A:0.50000    G:0.15625
position  3:    T:0.18750    C:0.25000    A:0.18750    G:0.37500
Average         T:0.18750    C:0.21875    A:0.32292    G:0.27083

#13: goat           
position  1:    T:0.21875    C:0.21875    A:0.28125    G:0.28125
position  2:    T:0.18750    C:0.15625    A:0.50000    G:0.15625
position  3:    T:0.21875    C:0.21875    A:0.21875    G:0.34375
Average         T:0.20833    C:0.19792    A:0.33333    G:0.26042

#14: AfricanBuffalo 
position  1:    T:0.21875    C:0.21875    A:0.28125    G:0.28125
position  2:    T:0.18750    C:0.15625    A:0.50000    G:0.15625
position  3:    T:0.25000    C:0.18750    A:0.25000    G:0.31250
Average         T:0.21875    C:0.18750    A:0.34375    G:0.25000

#15: Topi           
position  1:    T:0.21875    C:0.21875    A:0.28125    G:0.28125
position  2:    T:0.18750    C:0.15625    A:0.50000    G:0.15625
position  3:    T:0.18750    C:0.28125    A:0.18750    G:0.34375
Average         T:0.19792    C:0.21875    A:0.32292    G:0.26042

#16: CommonDuiker   
position  1:    T:0.21875    C:0.21875    A:0.28125    G:0.28125
position  2:    T:0.18750    C:0.15625    A:0.50000    G:0.15625
position  3:    T:0.18750    C:0.25000    A:0.21875    G:0.34375
Average         T:0.19792    C:0.20833    A:0.33333    G:0.26042

#17: Suni           
position  1:    T:0.21875    C:0.21875    A:0.28125    G:0.28125
position  2:    T:0.18750    C:0.15625    A:0.46875    G:0.18750
position  3:    T:0.21875    C:0.21875    A:0.21875    G:0.34375
Average         T:0.20833    C:0.19792    A:0.32292    G:0.27083

#18: Springbuck     
position  1:    T:0.21875    C:0.21875    A:0.28125    G:0.28125
position  2:    T:0.18750    C:0.15625    A:0.50000    G:0.15625
position  3:    T:0.21875    C:0.21875    A:0.21875    G:0.34375
Average         T:0.20833    C:0.19792    A:0.33333    G:0.26042

#19: Okapi          
position  1:    T:0.21875    C:0.21875    A:0.28125    G:0.28125
position  2:    T:0.18750    C:0.15625    A:0.50000    G:0.15625
position  3:    T:0.21875    C:0.21875    A:0.21875    G:0.34375
Average         T:0.20833    C:0.19792    A:0.33333    G:0.26042

#20: Giraffe        
position  1:    T:0.21875    C:0.21875    A:0.28125    G:0.28125
position  2:    T:0.18750    C:0.15625    A:0.50000    G:0.15625
position  3:    T:0.18750    C:0.25000    A:0.21875    G:0.34375
Average         T:0.19792    C:0.20833    A:0.33333    G:0.26042

#21: TibetanAntelope
position  1:    T:0.21875    C:0.21875    A:0.28125    G:0.28125
position  2:    T:0.18750    C:0.15625    A:0.50000    G:0.15625
position  3:    T:0.21875    C:0.21875    A:0.21875    G:0.34375
Average         T:0.20833    C:0.19792    A:0.33333    G:0.26042

#22: Sitatunga      
position  1:    T:0.21875    C:0.21875    A:0.28125    G:0.28125
position  2:    T:0.18750    C:0.15625    A:0.50000    G:0.15625
position  3:    T:0.21875    C:0.21875    A:0.21875    G:0.34375
Average         T:0.20833    C:0.19792    A:0.33333    G:0.26042

#23: Oribi          
position  1:    T:0.21875    C:0.21875    A:0.28125    G:0.28125
position  2:    T:0.18750    C:0.15625    A:0.50000    G:0.15625
position  3:    T:0.21875    C:0.21875    A:0.21875    G:0.34375
Average         T:0.20833    C:0.19792    A:0.33333    G:0.26042

#24: BarbarySheep   
position  1:    T:0.21875    C:0.21875    A:0.28125    G:0.28125
position  2:    T:0.18750    C:0.15625    A:0.50000    G:0.15625
position  3:    T:0.18750    C:0.25000    A:0.21875    G:0.34375
Average         T:0.19792    C:0.20833    A:0.33333    G:0.26042

#25: Daviddeer      
position  1:    T:0.18750    C:0.25000    A:0.28125    G:0.28125
position  2:    T:0.18750    C:0.15625    A:0.50000    G:0.15625
position  3:    T:0.21875    C:0.21875    A:0.18750    G:0.37500
Average         T:0.19792    C:0.20833    A:0.32292    G:0.27083

#26: Reindeer       
position  1:    T:0.18750    C:0.25000    A:0.28125    G:0.28125
position  2:    T:0.18750    C:0.18750    A:0.46875    G:0.15625
position  3:    T:0.21875    C:0.21875    A:0.15625    G:0.40625
Average         T:0.19792    C:0.21875    A:0.30208    G:0.28125

#27: Ibex           
position  1:    T:0.21875    C:0.21875    A:0.28125    G:0.28125
position  2:    T:0.18750    C:0.15625    A:0.50000    G:0.15625
position  3:    T:0.18750    C:0.25000    A:0.21875    G:0.34375
Average         T:0.19792    C:0.20833    A:0.33333    G:0.26042

#28: GyrantGazelle  
position  1:    T:0.21875    C:0.21875    A:0.28125    G:0.28125
position  2:    T:0.18750    C:0.15625    A:0.50000    G:0.15625
position  3:    T:0.21875    C:0.21875    A:0.21875    G:0.34375
Average         T:0.20833    C:0.19792    A:0.33333    G:0.26042

#29: Hartebeest     
position  1:    T:0.21875    C:0.21875    A:0.28125    G:0.28125
position  2:    T:0.18750    C:0.15625    A:0.50000    G:0.15625
position  3:    T:0.15625    C:0.28125    A:0.18750    G:0.37500
Average         T:0.18750    C:0.21875    A:0.32292    G:0.27083

#30: Bongo          
position  1:    T:0.21875    C:0.21875    A:0.28125    G:0.28125
position  2:    T:0.18750    C:0.15625    A:0.50000    G:0.15625
position  3:    T:0.21875    C:0.21875    A:0.21875    G:0.34375
Average         T:0.20833    C:0.19792    A:0.33333    G:0.26042

#31: Gerenuk        
position  1:    T:0.21875    C:0.21875    A:0.25000    G:0.31250
position  2:    T:0.18750    C:0.15625    A:0.50000    G:0.15625
position  3:    T:0.18750    C:0.25000    A:0.25000    G:0.31250
Average         T:0.19792    C:0.20833    A:0.33333    G:0.26042

#32: CommonEland    
position  1:    T:0.21875    C:0.21875    A:0.28125    G:0.28125
position  2:    T:0.18750    C:0.15625    A:0.50000    G:0.15625
position  3:    T:0.21875    C:0.21875    A:0.21875    G:0.34375
Average         T:0.20833    C:0.19792    A:0.33333    G:0.26042

#33: MuntiacusReevesi
position  1:    T:0.18750    C:0.25000    A:0.28125    G:0.28125
position  2:    T:0.18750    C:0.15625    A:0.50000    G:0.15625
position  3:    T:0.18750    C:0.25000    A:0.18750    G:0.37500
Average         T:0.18750    C:0.21875    A:0.32292    G:0.27083

#34: HarveysDuiker  
position  1:    T:0.21875    C:0.21875    A:0.28125    G:0.28125
position  2:    T:0.18750    C:0.15625    A:0.50000    G:0.15625
position  3:    T:0.21875    C:0.21875    A:0.21875    G:0.34375
Average         T:0.20833    C:0.19792    A:0.33333    G:0.26042

#35: Pronghorn      
position  1:    T:0.21875    C:0.21875    A:0.28125    G:0.28125
position  2:    T:0.18750    C:0.15625    A:0.50000    G:0.15625
position  3:    T:0.25000    C:0.18750    A:0.21875    G:0.34375
Average         T:0.21875    C:0.18750    A:0.33333    G:0.26042

#36: BlueWildebeest 
position  1:    T:0.21875    C:0.21875    A:0.28125    G:0.28125
position  2:    T:0.18750    C:0.15625    A:0.50000    G:0.15625
position  3:    T:0.15625    C:0.28125    A:0.18750    G:0.37500
Average         T:0.18750    C:0.21875    A:0.32292    G:0.27083

#37: Gemsbok        
position  1:    T:0.21875    C:0.21875    A:0.28125    G:0.28125
position  2:    T:0.18750    C:0.15625    A:0.50000    G:0.15625
position  3:    T:0.15625    C:0.28125    A:0.21875    G:0.34375
Average         T:0.18750    C:0.21875    A:0.33333    G:0.26042

#38: Yak            
position  1:    T:0.21875    C:0.21875    A:0.28125    G:0.28125
position  2:    T:0.18750    C:0.15625    A:0.50000    G:0.15625
position  3:    T:0.18750    C:0.25000    A:0.25000    G:0.31250
Average         T:0.19792    C:0.20833    A:0.34375    G:0.25000

#39: BlueSheep      
position  1:    T:0.21875    C:0.21875    A:0.28125    G:0.28125
position  2:    T:0.18750    C:0.15625    A:0.50000    G:0.15625
position  3:    T:0.21875    C:0.21875    A:0.21875    G:0.34375
Average         T:0.20833    C:0.19792    A:0.33333    G:0.26042

#40: BohorReedbuck  
position  1:    T:0.21875    C:0.21875    A:0.28125    G:0.28125
position  2:    T:0.18750    C:0.15625    A:0.50000    G:0.15625
position  3:    T:0.21875    C:0.21875    A:0.21875    G:0.34375
Average         T:0.20833    C:0.19792    A:0.33333    G:0.26042

#41: KirksDik       
position  1:    T:0.18750    C:0.25000    A:0.28125    G:0.28125
position  2:    T:0.21875    C:0.12500    A:0.50000    G:0.15625
position  3:    T:0.21875    C:0.21875    A:0.21875    G:0.34375
Average         T:0.20833    C:0.19792    A:0.33333    G:0.26042

#42: RoeDeer        
position  1:    T:0.18750    C:0.25000    A:0.28125    G:0.28125
position  2:    T:0.18750    C:0.15625    A:0.50000    G:0.15625
position  3:    T:0.25000    C:0.18750    A:0.18750    G:0.37500
Average         T:0.20833    C:0.19792    A:0.32292    G:0.27083

#43: WhiteLippedDeer
position  1:    T:0.18750    C:0.25000    A:0.28125    G:0.28125
position  2:    T:0.18750    C:0.15625    A:0.50000    G:0.15625
position  3:    T:0.21875    C:0.25000    A:0.18750    G:0.34375
Average         T:0.19792    C:0.21875    A:0.32292    G:0.26042

#44: ThomsonGazelle 
position  1:    T:0.21875    C:0.21875    A:0.28125    G:0.28125
position  2:    T:0.18750    C:0.15625    A:0.50000    G:0.15625
position  3:    T:0.21875    C:0.21875    A:0.21875    G:0.34375
Average         T:0.20833    C:0.19792    A:0.33333    G:0.26042

#45: MuntiacusCrinifrons
position  1:    T:0.18750    C:0.25000    A:0.28125    G:0.28125
position  2:    T:0.18750    C:0.15625    A:0.50000    G:0.15625
position  3:    T:0.18750    C:0.25000    A:0.18750    G:0.37500
Average         T:0.18750    C:0.21875    A:0.32292    G:0.27083

#46: WhiteTailedDeer
position  1:    T:0.18750    C:0.25000    A:0.28125    G:0.28125
position  2:    T:0.18750    C:0.15625    A:0.50000    G:0.15625
position  3:    T:0.21875    C:0.21875    A:0.15625    G:0.40625
Average         T:0.19792    C:0.20833    A:0.31250    G:0.28125

#47: Cattle         
position  1:    T:0.21875    C:0.21875    A:0.28125    G:0.28125
position  2:    T:0.18750    C:0.15625    A:0.50000    G:0.15625
position  3:    T:0.18750    C:0.25000    A:0.25000    G:0.31250
Average         T:0.19792    C:0.20833    A:0.34375    G:0.25000

#48: RoyalAntelope  
position  1:    T:0.21875    C:0.21875    A:0.28125    G:0.28125
position  2:    T:0.18750    C:0.15625    A:0.50000    G:0.15625
position  3:    T:0.18750    C:0.25000    A:0.21875    G:0.34375
Average         T:0.19792    C:0.20833    A:0.33333    G:0.26042

#49: Steenbok       
position  1:    T:0.21875    C:0.21875    A:0.28125    G:0.28125
position  2:    T:0.18750    C:0.15625    A:0.50000    G:0.15625
position  3:    T:0.21875    C:0.21875    A:0.21875    G:0.34375
Average         T:0.20833    C:0.19792    A:0.33333    G:0.26042

#50: Impala         
position  1:    T:0.21875    C:0.21875    A:0.28125    G:0.28125
position  2:    T:0.18750    C:0.15625    A:0.50000    G:0.15625
position  3:    T:0.18750    C:0.25000    A:0.18750    G:0.37500
Average         T:0.19792    C:0.20833    A:0.32292    G:0.27083

#51: Klipspringer   
position  1:    T:0.21875    C:0.21875    A:0.28125    G:0.28125
position  2:    T:0.18750    C:0.15625    A:0.53125    G:0.12500
