1
52 1
Argali 0.000000 0.264300 0.069900 0.230900 0.045500 0.000000 0.069600 0.069800 0.070100 0.087000 0.022900 0.061900 0.030400 0.054100 0.062000 0.071000 0.102000 0.095400 0.030400 0.070100 0.078100 0.007500 0.086000 0.095400 0.022800 0.086200 0.038100 0.062300 0.085200 0.062200 0.087000 0.054000 0.102300 0.030500 0.038400 0.070200 0.030600 0.045400 0.062000 0.086500 0.078100 0.086200 0.078600 0.112700 0.070200 0.038500 0.070400 0.054000 0.053800 0.053800 0.070100 0.070100
LesserMous 0.264300 0.000000 0.235200 0.197100 0.222800 0.264800 0.255000 0.255500 0.235800 0.237900 0.257800 0.206200 0.246200 0.236400 0.245600 0.258200 0.252900 0.247800 0.245500 0.235800 0.266800 0.256100 0.234700 0.248300 0.257300 0.297600 0.235300 0.227200 0.272300 0.226600 0.237900 0.236000 0.254100 0.246700 0.257400 0.207500 0.247100 0.242500 0.235800 0.236300 0.225700 0.297600 0.247100 0.249200 0.207500 0.237100 0.277400 0.235700 0.195800 0.196000 0.235900 0.215500
LesserKudu 0.069900 0.235200 0.000000 0.203500 0.053700 0.070100 0.062000 0.078400 0.015100 0.062800 0.062700 0.022700 0.054400 0.046500 0.070500 0.078300 0.094400 0.071100 0.086600 0.015100 0.070300 0.062300 0.062100 0.071100 0.062600 0.095100 0.046300 0.007600 0.077600 0.007500 0.062800 0.046400 0.078300 0.054400 0.062700 0.038300 0.070900 0.069700 0.070400 0.062500 0.054300 0.095100 0.070800 0.087900 0.038300 0.045900 0.079000 0.062300 0.046200 0.030600 0.015100 0.015100
KillerWhal 0.230900 0.197100 0.203500 0.000000 0.191700 0.231300 0.221800 0.221900 0.204000 0.205100 0.224400 0.175500 0.213300 0.185600 0.193900 0.204300 0.220400 0.205700 0.232300 0.204000 0.232400 0.222700 0.202700 0.204800 0.224000 0.242000 0.203200 0.195700 0.200300 0.195100 0.205100 0.185100 0.221700 0.213600 0.222600 0.176600 0.234400 0.210500 0.203400 0.194600 0.193900 0.241800 0.214200 0.224800 0.176600 0.204200 0.222400 0.203400 0.165600 0.184400 0.204100 0.203900
DefassaWat 0.045500 0.222800 0.053700 0.191700 0.000000 0.045600 0.053400 0.069600 0.053900 0.070300 0.038300 0.045900 0.030300 0.038200 0.045900 0.054500 0.085200 0.078500 0.061400 0.053900 0.077800 0.038000 0.069500 0.078500 0.038200 0.077800 0.022600 0.046200 0.068900 0.046100 0.070300 0.038000 0.085600 0.030400 0.038200 0.054000 0.046100 0.014800 0.061700 0.069900 0.061700 0.085900 0.078200 0.095300 0.054000 0.038100 0.070100 0.038000 0.022600 0.038000 0.053900 0.053900
Sheep 0.000000 0.264800 0.070100 0.231300 0.045600 0.000000 0.069800 0.069900 0.070200 0.087200 0.022900 0.062000 0.030500 0.054300 0.062100 0.071100 0.102200 0.095600 0.030500 0.070200 0.078200 0.007500 0.086200 0.095600 0.022900 0.086400 0.038200 0.062500 0.085300 0.062300 0.087200 0.054100 0.102500 0.030500 0.038400 0.070400 0.030700 0.045500 0.062100 0.086700 0.078200 0.086400 0.078700 0.113000 0.070400 0.038600 0.070500 0.054100 0.053900 0.053900 0.070200 0.070200
MaxwellsDu 0.069600 0.255000 0.062000 0.221800 0.053400 0.069800 0.000000 0.061800 0.062100 0.078900 0.062500 0.054000 0.046200 0.030600 0.054100 0.079400 0.110500 0.087200 0.086300 0.062100 0.086400 0.062100 0.078000 0.087200 0.062400 0.094700 0.038300 0.054400 0.077200 0.054300 0.078900 0.030100 0.045700 0.046300 0.062400 0.070400 0.070600 0.069200 0.070100 0.078400 0.070100 0.094700 0.086900 0.104300 0.070400 0.046200 0.078700 0.061900 0.046000 0.046000 0.062200 0.062100
GazellaPrz 0.069800 0.255500 0.078400 0.221900 0.069600 0.069900 0.061800 0.000000 0.078600 0.095800 0.062600 0.070300 0.046300 0.062500 0.038300 0.046800 0.127500 0.095700 0.086500 0.078600 0.053900 0.062200 0.094700 0.104300 0.062500 0.062000 0.054200 0.070800 0.077100 0.070600 0.095800 0.062300 0.086300 0.046400 0.062500 0.087000 0.070800 0.069500 0.038200 0.095200 0.086700 0.061800 0.103900 0.121900 0.087000 0.046600 0.062300 0.046200 0.062000 0.062100 0.078600 0.078500
MountainNy 0.070100 0.235800 0.015100 0.204000 0.053900 0.070200 0.062100 0.078600 0.000000 0.063000 0.062900 0.022700 0.054500 0.046600 0.070600 0.078400 0.094700 0.071300 0.086800 0.000000 0.087000 0.062400 0.062300 0.071200 0.062700 0.095300 0.046400 0.007600 0.077800 0.007500 0.063000 0.046500 0.078500 0.054600 0.062800 0.038400 0.071100 0.069800 0.070500 0.062600 0.054400 0.095300 0.071000 0.088100 0.038400 0.045800 0.079200 0.062500 0.046300 0.030700 0.000000 0.015100
MuntiacusM 0.087000 0.237900 0.062800 0.205100 0.070300 0.087200 0.078900 0.095800 0.063000 0.000000 0.079900 0.054800 0.071100 0.063100 0.087700 0.096600 0.094900 0.071700 0.104300 0.063000 0.104500 0.079300 0.015000 0.023300 0.079700 0.112900 0.062800 0.055200 0.094600 0.055100 0.000000 0.062900 0.078900 0.071300 0.079800 0.071400 0.088200 0.086600 0.079400 0.015400 0.007600 0.113000 0.015300 0.039400 0.071400 0.062900 0.096600 0.079300 0.062600 0.046700 0.063000 0.063000
goat 0.022900 0.257800 0.062700 0.224400 0.038300 0.022900 0.062500 0.062600 0.062900 0.079900 0.000000 0.054700 0.023000 0.046900 0.054700 0.063700 0.095000 0.088300 0.038600 0.062900 0.070900 0.015300 0.078900 0.088300 0.000000 0.079100 0.030800 0.055100 0.078100 0.055000 0.079900 0.046800 0.095300 0.023100 0.031000 0.063000 0.007700 0.038200 0.054700 0.079400 0.070900 0.079100 0.087900 0.105700 0.063000 0.031100 0.063100 0.046700 0.046600 0.046600 0.062900 0.062800
AfricanBuf 0.061900 0.206200 0.022700 0.175500 0.045900 0.062000 0.054000 0.070300 0.022700 0.054800 0.054700 0.000000 0.046400 0.038600 0.062400 0.069800 0.086200 0.062900 0.078400 0.022700 0.078600 0.054300 0.054100 0.062900 0.054500 0.086800 0.038400 0.015200 0.069500 0.015100 0.054800 0.038500 0.070100 0.046500 0.054600 0.015100 0.062800 0.061700 0.062400 0.054400 0.046400 0.086800 0.062700 0.079600 0.015100 0.037600 0.070800 0.054300 0.038300 0.022800 0.022700 0.022700
Topi 0.030400 0.246200 0.054400 0.213300 0.030300 0.030500 0.046200 0.046300 0.054500 0.071100 0.023000 0.046400 0.000000 0.038600 0.046400 0.055200 0.102800 0.079500 0.046200 0.054500 0.062400 0.022300 0.070300 0.079500 0.023000 0.070500 0.007400 0.046700 0.069600 0.046600 0.071100 0.038600 0.078500 0.007500 0.023000 0.054600 0.030900 0.030300 0.046500 0.070700 0.062400 0.070500 0.079100 0.096600 0.054600 0.023100 0.054700 0.038500 0.038400 0.038400 0.054500 0.054500
CommonDuik 0.054100 0.236400 0.046500 0.185600 0.038200 0.054300 0.030600 0.062500 0.046600 0.063100 0.046900 0.038600 0.038600 0.000000 0.054600 0.063500 0.094600 0.071400 0.070500 0.046600 0.070700 0.046500 0.062400 0.071300 0.046800 0.078900 0.030700 0.038900 0.061800 0.038800 0.063100 0.000000 0.078500 0.038700 0.046800 0.054600 0.054900 0.053900 0.054500 0.062700 0.054500 0.078900 0.071000 0.088200 0.054600 0.030400 0.062900 0.046600 0.030700 0.030700 0.046600 0.046600
Suni 0.062000 0.245600 0.070500 0.193900 0.045900 0.062100 0.054100 0.038300 0.070600 0.087700 0.054700 0.062400 0.046400 0.054600 0.000000 0.023100 0.102300 0.087600 0.078500 0.070600 0.046300 0.054400 0.086600 0.096100 0.054600 0.054200 0.054300 0.062800 0.069500 0.062700 0.087700 0.054500 0.086500 0.046500 0.054600 0.079000 0.062900 0.045800 0.030600 0.087100 0.078700 0.054200 0.095800 0.113500 0.079000 0.038800 0.054600 0.022900 0.038400 0.054200 0.070600 0.070600
Springbuck 0.071000 0.258200 0.078300 0.204300 0.054500 0.071100 0.079400 0.046800 0.078400 0.096600 0.063700 0.069800 0.055200 0.063500 0.023100 0.000000 0.110900 0.095900 0.087900 0.078400 0.054900 0.063300 0.095300 0.105200 0.063600 0.046900 0.063200 0.070300 0.062400 0.070200 0.096600 0.063400 0.111500 0.055300 0.063600 0.087300 0.072000 0.054400 0.038900 0.095800 0.087200 0.046900 0.104700 0.123100 0.087300 0.047400 0.063500 0.031000 0.046900 0.061600 0.078300 0.078200
Okapi 0.102000 0.252900 0.094400 0.220400 0.085200 0.102200 0.110500 0.127500 0.094700 0.094900 0.095000 0.086200 0.102800 0.094600 0.102300 0.110900 0.000000 0.070600 0.119400 0.094700 0.136500 0.094400 0.093900 0.103300 0.094800 0.145100 0.094200 0.086900 0.109400 0.086700 0.094900 0.094400 0.110700 0.102900 0.111600 0.103100 0.103500 0.101600 0.110900 0.094400 0.086000 0.145100 0.103100 0.120600 0.103100 0.094300 0.111300 0.094300 0.077600 0.077800 0.094800 0.094700
Giraffe 0.095400 0.247800 0.071100 0.205700 0.078500 0.095600 0.087200 0.095700 0.071300 0.071700 0.088300 0.062900 0.079500 0.071400 0.087600 0.095900 0.070600 0.000000 0.112900 0.071300 0.104300 0.087700 0.070900 0.080100 0.088100 0.112800 0.071000 0.063400 0.103200 0.063300 0.071700 0.071200 0.087300 0.079600 0.088200 0.079700 0.096800 0.095000 0.079300 0.054500 0.062900 0.112800 0.079800 0.097200 0.079700 0.071000 0.105200 0.079200 0.070900 0.054800 0.071300 0.071300
TibetanAnt 0.030400 0.245500 0.086600 0.232300 0.061400 0.030500 0.086300 0.086500 0.086800 0.104300 0.038600 0.078400 0.046200 0.070500 0.078500 0.087900 0.119400 0.112900 0.000000 0.086800 0.095000 0.022900 0.103000 0.112900 0.038500 0.103300 0.054100 0.079000 0.102000 0.078800 0.104300 0.070400 0.119800 0.046300 0.054400 0.087000 0.046600 0.061400 0.078500 0.103700 0.095000 0.103300 0.112500 0.113300 0.087000 0.054600 0.087100 0.070300 0.070100 0.070100 0.086800 0.086800
Sitatunga 0.070100 0.235800 0.015100 0.204000 0.053900 0.070200 0.062100 0.078600 0.000000 0.063000 0.062900 0.022700 0.054500 0.046600 0.070600 0.078400 0.094700 0.071300 0.086800 0.000000 0.087000 0.062400 0.062300 0.071200 0.062700 0.095300 0.046400 0.007600 0.077800 0.007500 0.063000 0.046500 0.078500 0.054600 0.062800 0.038400 0.071100 0.069800 0.070500 0.062600 0.054400 0.095300 0.071000 0.088100 0.038400 0.045800 0.079200 0.062500 0.046300 0.030700 0.000000 0.015100
Oribi 0.078100 0.266800 0.070300 0.232400 0.077800 0.078200 0.086400 0.053900 0.087000 0.104500 0.070900 0.078600 0.062400 0.070700 0.046300 0.054900 0.136500 0.104300 0.095000 0.087000 0.000000 0.070500 0.103300 0.113200 0.070800 0.070200 0.070400 0.079200 0.085300 0.079000 0.104500 0.070500 0.120100 0.062600 0.070900 0.095600 0.079200 0.077700 0.046100 0.103900 0.095200 0.070000 0.112700 0.131100 0.095600 0.054700 0.070500 0.054200 0.070200 0.062300 0.087100 0.078800
BarbaryShe 0.007500 0.256100 0.062300 0.222700 0.038000 0.007500 0.062100 0.062200 0.062400 0.079300 0.015300 0.054300 0.022300 0.046500 0.054400 0.063300 0.094400 0.087700 0.022900 0.062400 0.070500 0.000000 0.078400 0.087800 0.015300 0.078600 0.030500 0.054700 0.077600 0.054600 0.079300 0.046400 0.094700 0.022500 0.030800 0.062600 0.023000 0.038000 0.054400 0.078800 0.070500 0.078600 0.087400 0.105000 0.062600 0.030900 0.062700 0.046400 0.046200 0.046300 0.062500 0.062400
Daviddeer 0.086000 0.234700 0.062100 0.202700 0.069500 0.086200 0.078000 0.094700 0.062300 0.015000 0.078900 0.054100 0.070300 0.062400 0.086600 0.095300 0.093900 0.070900 0.103000 0.062300 0.103300 0.078400 0.000000 0.023000 0.078700 0.111600 0.062100 0.054600 0.093600 0.054400 0.015000 0.062200 0.078000 0.070400 0.078800 0.070500 0.087200 0.085600 0.078500 0.015200 0.007500 0.111600 0.022900 0.038800 0.070500 0.062100 0.095400 0.078400 0.061900 0.046100 0.062300 0.062300
Reindeer 0.095400 0.248300 0.071100 0.204800 0.078500 0.095600 0.087200 0.104300 0.071200 0.023300 0.088300 0.062900 0.079500 0.071300 0.096100 0.105200 0.103300 0.080100 0.112900 0.071200 0.113200 0.087800 0.023000 0.000000 0.088100 0.121600 0.071000 0.063400 0.102900 0.063200 0.023300 0.071100 0.087200 0.079600 0.088200 0.079700 0.096700 0.095000 0.087800 0.023200 0.015400 0.121700 0.031100 0.015500 0.079700 0.071200 0.105300 0.087700 0.070800 0.054700 0.071200 0.071200
Ibex 0.022800 0.257300 0.062600 0.224000 0.038200 0.022900 0.062400 0.062500 0.062700 0.079700 0.000000 0.054500 0.023000 0.046800 0.054600 0.063600 0.094800 0.088100 0.038500 0.062700 0.070800 0.015300 0.078700 0.088100 0.000000 0.078900 0.030700 0.055000 0.078000 0.054800 0.079700 0.046700 0.095100 0.023000 0.030900 0.062800 0.007600 0.038100 0.054600 0.079200 0.070800 0.079000 0.087800 0.105400 0.062800 0.031000 0.063000 0.046600 0.046500 0.046500 0.062800 0.062700
GyrantGaze 0.086200 0.297600 0.095100 0.242000 0.077800 0.086400 0.094700 0.062000 0.095300 0.112900 0.079100 0.086800 0.070500 0.078900 0.054200 0.046900 0.145100 0.112800 0.103300 0.095300 0.070200 0.078600 0.111600 0.121600 0.078900 0.000000 0.078500 0.087400 0.045800 0.087200 0.112900 0.078700 0.128700 0.070600 0.078900 0.103900 0.087400 0.061700 0.054100 0.112200 0.103500 0.015200 0.121200 0.139600 0.103900 0.062800 0.078800 0.062200 0.078300 0.078400 0.095300 0.095300
Hartebeest 0.038100 0.235300 0.046300 0.203200 0.022600 0.038200 0.038300 0.054200 0.046400 0.062800 0.030800 0.038400 0.007400 0.030700 0.054300 0.063200 0.094200 0.071000 0.054100 0.046400 0.070400 0.030500 0.062100 0.071000 0.030700 0.078500 0.000000 0.038700 0.061500 0.038600 0.062800 0.030600 0.070100 0.014900 0.030700 0.046500 0.038600 0.037900 0.054300 0.062400 0.054200 0.078500 0.070700 0.087800 0.046500 0.030000 0.062600 0.046300 0.030500 0.030500 0.046400 0.046400
Bongo 0.062300 0.227200 0.007600 0.195700 0.046200 0.062500 0.054400 0.070800 0.007600 0.055200 0.055100 0.015200 0.046700 0.038900 0.062800 0.070300 0.086900 0.063400 0.079000 0.007600 0.079200 0.054700 0.054600 0.063400 0.055000 0.087400 0.038700 0.000000 0.070100 0.000000 0.055200 0.038800 0.070700 0.046800 0.055000 0.030700 0.063300 0.062100 0.062800 0.054900 0.046700 0.087400 0.063100 0.080100 0.030700 0.037700 0.071300 0.054700 0.038600 0.023000 0.007600 0.007600
Gerenuk 0.085200 0.272300 0.077600 0.200300 0.068900 0.085300 0.077200 0.077100 0.077800 0.094600 0.078100 0.069500 0.069600 0.061800 0.069500 0.062400 0.109400 0.103200 0.102000 0.077800 0.085300 0.077600 0.093600 0.102900 0.078000 0.045800 0.061500 0.070100 0.000000 0.069900 0.094600 0.061600 0.110200 0.069700 0.078000 0.086100 0.086400 0.068900 0.069200 0.094100 0.085600 0.045600 0.102700 0.120100 0.086100 0.061600 0.077600 0.077600 0.061400 0.061400 0.077800 0.077700
CommonElan 0.062200 0.226600 0.007500 0.195100 0.046100 0.062300 0.054300 0.070600 0.007500 0.055100 0.055000 0.015100 0.046600 0.038800 0.062700 0.070200 0.086700 0.063300 0.078800 0.007500 0.079000 0.054600 0.054400 0.063200 0.054800 0.087200 0.038600 0.000000 0.069900 0.000000 0.055100 0.038700 0.070500 0.046700 0.054900 0.030700 0.063100 0.062000 0.062600 0.054700 0.046600 0.087200 0.063000 0.080000 0.030700 0.037800 0.071200 0.054600 0.038500 0.023000 0.007600 0.007600
MuntiacusR 0.087000 0.237900 0.062800 0.205100 0.070300 0.087200 0.078900 0.095800 0.063000 0.000000 0.079900 0.054800 0.071100 0.063100 0.087700 0.096600 0.094900 0.071700 0.104300 0.063000 0.104500 0.079300 0.015000 0.023300 0.079700 0.112900 0.062800 0.055200 0.094600 0.055100 0.000000 0.062900 0.078900 0.071300 0.079800 0.071400 0.088200 0.086600 0.079400 0.015400 0.007500 0.113000 0.015300 0.039400 0.071400 0.062900 0.096600 0.079300 0.062600 0.046700 0.063000 0.063000
HarveysDui 0.054000 0.236000 0.046400 0.185100 0.038000 0.054100 0.030100 0.062300 0.046500 0.062900 0.046800 0.038500 0.038600 0.000000 0.054500 0.063400 0.094400 0.071200 0.070400 0.046500 0.070500 0.046400 0.062200 0.071100 0.046700 0.078700 0.030600 0.038800 0.061600 0.038700 0.062900 0.000000 0.078300 0.038600 0.046700 0.054600 0.054800 0.053600 0.054400 0.062500 0.054400 0.078700 0.070900 0.087900 0.054600 0.030600 0.062800 0.046300 0.030600 0.030600 0.046500 0.046500
Pronghorn 0.102300 0.254100 0.078300 0.221700 0.085600 0.102500 0.045700 0.086300 0.078500 0.078900 0.095300 0.070100 0.078500 0.078500 0.086500 0.111500 0.110700 0.087300 0.119800 0.078500 0.120100 0.094700 0.078000 0.087200 0.095100 0.128700 0.070100 0.070700 0.110200 0.070500 0.078900 0.078300 0.000000 0.078500 0.095200 0.086900 0.103800 0.102000 0.094900 0.078400 0.070100 0.128600 0.086800 0.104200 0.086900 0.061200 0.112200 0.094800 0.078000 0.061900 0.078500 0.078500
BlueWildeb 0.030500 0.246700 0.054400 0.213600 0.030400 0.030500 0.046300 0.046400 0.054600 0.071300 0.023100 0.046500 0.007500 0.038700 0.046500 0.055300 0.102900 0.079600 0.046300 0.054600 0.062600 0.022500 0.070400 0.079600 0.023000 0.070600 0.014900 0.046800 0.069700 0.046700 0.071300 0.038600 0.078500 0.000000 0.023100 0.054700 0.030900 0.030300 0.046500 0.070800 0.062500 0.070600 0.079300 0.096800 0.054700 0.023100 0.054800 0.038600 0.038400 0.038500 0.054600 0.054500
Gemsbok 0.038400 0.257400 0.062700 0.222600 0.038200 0.038400 0.062400 0.062500 0.062800 0.079800 0.031000 0.054600 0.023000 0.046800 0.054600 0.063600 0.111600 0.088200 0.054400 0.062800 0.070900 0.030800 0.078800 0.088200 0.030900 0.078900 0.030700 0.055000 0.078000 0.054900 0.079800 0.046700 0.095200 0.023100 0.000000 0.062900 0.038900 0.038200 0.054700 0.079300 0.070900 0.079000 0.087800 0.105600 0.062900 0.031000 0.063000 0.046600 0.046500 0.046500 0.062800 0.062800
Yak 0.070200 0.207500 0.038300 0.176600 0.054000 0.070400 0.070400 0.087000 0.038400 0.071400 0.063000 0.015100 0.054600 0.054600 0.079000 0.087300 0.103100 0.079700 0.087000 0.038400 0.095600 0.062600 0.070500 0.079700 0.062800 0.103900 0.046500 0.030700 0.086100 0.030700 0.071400 0.054600 0.086900 0.054700 0.062900 0.000000 0.071200 0.070000 0.079000 0.070900 0.062600 0.103900 0.079400 0.096800 0.000000 0.054400 0.087700 0.070800 0.038500 0.038600 0.038400 0.038400
BlueSheep 0.030600 0.247100 0.070900 0.234400 0.046100 0.030700 0.070600 0.070800 0.071100 0.088200 0.007700 0.062800 0.030900 0.054900 0.062900 0.072000 0.103500 0.096800 0.046600 0.071100 0.079200 0.023000 0.087200 0.096700 0.007600 0.087400 0.038600 0.063300 0.086400 0.063100 0.088200 0.054800 0.103800 0.030900 0.038900 0.071200 0.000000 0.046100 0.062800 0.087700 0.079200 0.087500 0.096400 0.114300 0.071200 0.039100 0.071400 0.054800 0.054600 0.054600 0.071100 0.071100
BohorReedb 0.045400 0.242500 0.069700 0.210500 0.014800 0.045500 0.069200 0.069500 0.069800 0.086600 0.038200 0.061700 0.030300 0.053900 0.045800 0.054400 0.101600 0.095000 0.061400 0.069800 0.077700 0.038000 0.085600 0.095000 0.038100 0.061700 0.037900 0.062100 0.068900 0.062000 0.086600 0.053600 0.102000 0.030300 0.038200 0.070000 0.046100 0.000000 0.061700 0.086100 0.077700 0.069700 0.094600 0.112100 0.070000 0.038300 0.070000 0.037900 0.037900 0.053600 0.069900 0.069800
KirksDik 0.062000 0.235800 0.070400 0.203400 0.061700 0.062100 0.070100 0.038200 0.070500 0.079400 0.054700 0.062400 0.046500 0.054500 0.030600 0.038900 0.110900 0.079300 0.078500 0.070500 0.046100 0.054400 0.078500 0.087800 0.054600 0.054100 0.054300 0.062800 0.069200 0.062600 0.079400 0.054400 0.094900 0.046500 0.054700 0.079000 0.062800 0.061700 0.000000 0.078900 0.070500 0.054000 0.087400 0.105100 0.079000 0.038800 0.054400 0.038400 0.054200 0.054300 0.070600 0.070500
RoeDeer 0.086500 0.236300 0.062500 0.194600 0.069900 0.086700 0.078400 0.095200 0.062600 0.015400 0.079400 0.054400 0.070700 0.062700 0.087100 0.095800 0.094400 0.054500 0.103700 0.062600 0.103900 0.078800 0.015200 0.023200 0.079200 0.112200 0.062400 0.054900 0.094100 0.054700 0.015400 0.062500 0.078400 0.070800 0.079300 0.070900 0.087700 0.086100 0.078900 0.000000 0.007600 0.112300 0.023100 0.039100 0.070900 0.062400 0.096000 0.078800 0.062300 0.046400 0.062700 0.062600
WhiteLippe 0.078100 0.225700 0.054300 0.193900 0.061700 0.078200 0.070100 0.086700 0.054400 0.007600 0.070900 0.046400 0.062400 0.054500 0.078700 0.087200 0.086000 0.062900 0.095000 0.054400 0.095200 0.070500 0.007500 0.015400 0.070800 0.103500 0.054200 0.046700 0.085600 0.046600 0.007500 0.054400 0.070100 0.062500 0.070900 0.062600 0.079200 0.077700 0.070500 0.007600 0.000000 0.103600 0.015300 0.031100 0.062600 0.054200 0.087400 0.070500 0.054100 0.038400 0.054500 0.054400
ThomsonGaz 0.086200 0.297600 0.095100 0.241800 0.085900 0.086400 0.094700 0.061800 0.095300 0.113000 0.079100 0.086800 0.070500 0.078900 0.054200 0.046900 0.145100 0.112800 0.103300 0.095300 0.070000 0.078600 0.111600 0.121700 0.079000 0.015200 0.078500 0.087400 0.045600 0.087200 0.113000 0.078700 0.128600 0.070600 0.079000 0.103900 0.087500 0.069700 0.054000 0.112300 0.103600 0.000000 0.121200 0.139700 0.103900 0.062800 0.078700 0.062300 0.078300 0.078500 0.095300 0.095300
MuntiacusC 0.078600 0.247100 0.070800 0.214200 0.078200 0.078700 0.086900 0.103900 0.071000 0.015300 0.087900 0.062700 0.079100 0.071000 0.095800 0.104700 0.103100 0.079800 0.112500 0.071000 0.112700 0.087400 0.022900 0.031100 0.087800 0.121200 0.070700 0.063100 0.102700 0.063000 0.015300 0.070900 0.086800 0.079300 0.087800 0.079400 0.096400 0.094600 0.087400 0.023100 0.015300 0.121200 0.000000 0.047300 0.079400 0.070800 0.104800 0.087400 0.070500 0.054500 0.071000 0.070900
WhiteTaile 0.112700 0.249200 0.087900 0.224800 0.095300 0.113000 0.104300 0.121900 0.088100 0.039400 0.105700 0.079600 0.096600 0.088200 0.113500 0.123100 0.120600 0.097200 0.113300 0.088100 0.131100 0.105000 0.038800 0.015500 0.105400 0.139600 0.087800 0.080100 0.120100 0.080000 0.039400 0.087900 0.104200 0.096800 0.105600 0.096800 0.114300 0.112100 0.105100 0.039100 0.031100 0.139700 0.047300 0.000000 0.096800 0.088200 0.123000 0.105000 0.087600 0.071200 0.088100 0.088100
Cattle 0.070200 0.207500 0.038300 0.176600 0.054000 0.070400 0.070400 0.087000 0.038400 0.071400 0.063000 0.015100 0.054600 0.054600 0.079000 0.087300 0.103100 0.079700 0.087000 0.038400 0.095600 0.062600 0.070500 0.079700 0.062800 0.103900 0.046500 0.030700 0.086100 0.030700 0.071400 0.054600 0.086900 0.054700 0.062900 0.000000 0.071200 0.070000 0.079000 0.070900 0.062600 0.103900 0.079400 0.096800 0.000000 0.054400 0.087700 0.070800 0.038500 0.038600 0.038400 0.038400
RoyalAntel 0.038500 0.237100 0.045900 0.204200 0.038100 0.038600 0.046200 0.046600 0.045800 0.062900 0.031100 0.037600 0.023100 0.030400 0.038800 0.047400 0.094300 0.071000 0.054600 0.045800 0.054700 0.030900 0.062100 0.071200 0.031000 0.062800 0.030000 0.037700 0.061600 0.037800 0.062900 0.030600 0.061200 0.023100 0.031000 0.054400 0.039100 0.038300 0.038800 0.062400 0.054200 0.062800 0.070800 0.088200 0.054400 0.000000 0.047000 0.030900 0.030200 0.029700 0.045600 0.045600
Steenbok 0.070400 0.277400 0.079000 0.222400 0.070100 0.070500 0.078700 0.062300 0.079200 0.096600 0.063100 0.070800 0.054700 0.062900 0.054600 0.063500 0.111300 0.105200 0.087100 0.079200 0.070500 0.062700 0.095400 0.105300 0.063000 0.078800 0.062600 0.071300 0.077600 0.071200 0.096600 0.062800 0.112200 0.054800 0.063000 0.087700 0.071400 0.070000 0.054400 0.096000 0.087400 0.078700 0.104800 0.123000 0.087700 0.047000 0.000000 0.062700 0.062500 0.062600 0.079200 0.079100
Impala 0.054000 0.235700 0.062300 0.203400 0.038000 0.054100 0.061900 0.046200 0.062500 0.079300 0.046700 0.054300 0.038500 0.046600 0.022900 0.031000 0.094300 0.079200 0.070300 0.062500 0.054200 0.046400 0.078400 0.087700 0.046600 0.062200 0.046300 0.054700 0.077600 0.054600 0.079300 0.046300 0.094800 0.038600 0.046600 0.070800 0.054800 0.037900 0.038400 0.078800 0.070500 0.062300 0.087400 0.105000 0.070800 0.030900 0.062700 0.000000 0.030600 0.046300 0.062500 0.062500
Klipspring 0.053800 0.195800 0.046200 0.165600 0.022600 0.053900 0.046000 0.062000 0.046300 0.062600 0.046600 0.038300 0.038400 0.030700 0.038400 0.046900 0.077600 0.070900 0.070100 0.046300 0.070200 0.046200 0.061900 0.070800 0.046500 0.078300 0.030500 0.038600 0.061400 0.038500 0.062600 0.030600 0.078000 0.038400 0.046500 0.038500 0.054600 0.037900 0.054200 0.062300 0.054100 0.078300 0.070500 0.087600 0.038500 0.030200 0.062500 0.030600 0.000000 0.030500 0.046300 0.046300
ForestMusk 0.053800 0.196000 0.030600 0.184400 0.038000 0.053900 0.046000 0.062100 0.030700 0.046700 0.046600 0.022800 0.038400 0.030700 0.054200 0.061600 0.077800 0.054800 0.070100 0.030700 0.062300 0.046300 0.046100 0.054700 0.046500 0.078400 0.030500 0.023000 0.061400 0.023000 0.046700 0.030600 0.061900 0.038500 0.046500 0.038600 0.054600 0.053600 0.054300 0.046400 0.038400 0.078500 0.054500 0.071200 0.038600 0.029700 0.062600 0.046300 0.030500 0.000000 0.030700 0.015200
Bushbuck 0.070100 0.235900 0.015100 0.204100 0.053900 0.070200 0.062200 0.078600 0.000000 0.063000 0.062900 0.022700 0.054500 0.046600 0.070600 0.078300 0.094800 0.071300 0.086800 0.000000 0.087100 0.062500 0.062300 0.071200 0.062800 0.095300 0.046400 0.007600 0.077800 0.007600 0.063000 0.046500 0.078500 0.054600 0.062800 0.038400 0.071100 0.069900 0.070600 0.062700 0.054500 0.095300 0.071000 0.088100 0.038400 0.045600 0.079200 0.062500 0.046300 0.030700 0.000000 0.015100
GreaterKud 0.070100 0.215500 0.015100 0.203900 0.053900 0.070200 0.062100 0.078500 0.015100 0.063000 0.062800 0.022700 0.054500 0.046600 0.070600 0.078200 0.094700 0.071300 0.086800 0.015100 0.078800 0.062400 0.062300 0.071200 0.062700 0.095300 0.046400 0.007600 0.077700 0.007600 0.063000 0.046500 0.078500 0.054500 0.062800 0.038400 0.071100 0.069800 0.070500 0.062600 0.054400 0.095300 0.070900 0.088100 0.038400 0.045600 0.079100 0.062500 0.046300 0.015200 0.015100 0.000000
