1
52 1
Argali 0.000000 0.186300 0.077300 0.215600 0.108200 0.000000 0.089200 0.053100 0.070900 0.083500 0.035000 0.083900 0.059100 0.077100 0.095300 0.077600 0.103100 0.122700 0.046900 0.077000 0.053500 0.040800 0.115100 0.102900 0.023200 0.071500 0.059100 0.070900 0.077500 0.070900 0.090200 0.077200 0.102600 0.059100 0.071800 0.059100 0.029000 0.108600 0.066100 0.101800 0.127800 0.071400 0.089900 0.102800 0.059100 0.077500 0.072600 0.102300 0.058800 0.065200 0.070900 0.083600
LesserMous 0.186300 0.000000 0.151100 0.225400 0.226700 0.185300 0.213300 0.193800 0.143900 0.162900 0.215000 0.179400 0.200900 0.192500 0.212700 0.179200 0.164200 0.185400 0.200200 0.150600 0.180900 0.221900 0.176500 0.177500 0.199500 0.186700 0.200900 0.143900 0.193200 0.143900 0.175800 0.214100 0.163000 0.200900 0.202600 0.151400 0.193200 0.228900 0.218200 0.182500 0.162400 0.179300 0.169200 0.163800 0.151400 0.191500 0.204500 0.200400 0.171400 0.150000 0.143900 0.158300
LesserKudu 0.077300 0.151100 0.000000 0.183800 0.114100 0.076900 0.095100 0.071200 0.005700 0.052600 0.089600 0.064900 0.077300 0.070700 0.088800 0.083400 0.083800 0.115900 0.077100 0.011400 0.059400 0.108400 0.083000 0.071100 0.089700 0.077400 0.077300 0.005700 0.083300 0.005700 0.058900 0.089100 0.083400 0.077300 0.065500 0.040800 0.083400 0.114700 0.090800 0.070400 0.083000 0.077300 0.058800 0.058900 0.040800 0.058900 0.078500 0.108600 0.052500 0.046700 0.005700 0.017200
KillerWhal 0.215600 0.225400 0.183800 0.000000 0.234900 0.214600 0.221400 0.208200 0.176300 0.176200 0.230500 0.179100 0.214800 0.214400 0.219200 0.193000 0.164000 0.215400 0.215000 0.168900 0.209900 0.253100 0.195400 0.167600 0.227500 0.215900 0.214800 0.176300 0.192800 0.176300 0.190600 0.213900 0.176500 0.214800 0.201300 0.164600 0.208000 0.222400 0.233600 0.158600 0.209800 0.193300 0.169800 0.162700 0.164600 0.191300 0.202300 0.229700 0.199400 0.163100 0.176300 0.184100
DefassaWat 0.108200 0.226700 0.114100 0.234900 0.000000 0.107600 0.101000 0.077000 0.107500 0.095200 0.095500 0.095500 0.083200 0.101200 0.094500 0.089300 0.108500 0.134900 0.082900 0.113600 0.077500 0.114400 0.126900 0.114700 0.095600 0.083200 0.083200 0.107500 0.089200 0.107500 0.102000 0.088900 0.114400 0.083200 0.096200 0.083000 0.089300 0.034500 0.096700 0.113600 0.139800 0.083100 0.114400 0.114700 0.083000 0.089300 0.090700 0.101300 0.082600 0.076800 0.107500 0.120700
Sheep 0.000000 0.185300 0.076900 0.214600 0.107600 0.000000 0.088800 0.052900 0.070600 0.083000 0.034800 0.083400 0.058900 0.076700 0.094800 0.077200 0.102600 0.122100 0.046600 0.076600 0.053200 0.040600 0.114500 0.102300 0.023000 0.071200 0.058900 0.070600 0.077100 0.070600 0.089700 0.076800 0.102100 0.058900 0.071400 0.058800 0.028900 0.108000 0.065700 0.101300 0.127200 0.071000 0.089500 0.102300 0.058800 0.077100 0.072200 0.101800 0.058500 0.064900 0.070600 0.083200
MaxwellsDu 0.089200 0.213300 0.095100 0.221400 0.101000 0.088800 0.000000 0.058600 0.088700 0.076700 0.076800 0.076900 0.064700 0.046100 0.088400 0.070700 0.096000 0.115500 0.064500 0.094800 0.059000 0.095400 0.095200 0.083200 0.076900 0.064800 0.064700 0.088700 0.070700 0.088700 0.083300 0.034500 0.108100 0.064700 0.065100 0.064600 0.070700 0.101100 0.077800 0.082400 0.107600 0.052600 0.095500 0.083200 0.064600 0.070900 0.078100 0.082600 0.064300 0.058500 0.088700 0.101600
GazellaPrz 0.053100 0.193800 0.071200 0.208200 0.077000 0.052900 0.058600 0.000000 0.064900 0.052900 0.053100 0.065300 0.041100 0.058800 0.064700 0.047100 0.084300 0.103700 0.041000 0.070900 0.023500 0.071300 0.083500 0.071500 0.053100 0.041100 0.041100 0.064900 0.047000 0.064900 0.059300 0.046800 0.083900 0.041100 0.053500 0.041000 0.047000 0.077400 0.041600 0.070800 0.096000 0.041100 0.071400 0.071600 0.041000 0.047000 0.041800 0.071200 0.040800 0.035000 0.064900 0.077500
MountainNy 0.070900 0.143900 0.005700 0.176300 0.107500 0.070600 0.088700 0.064900 0.000000 0.046500 0.083200 0.058700 0.071000 0.064400 0.082400 0.077000 0.077300 0.109100 0.070800 0.005700 0.053100 0.101900 0.076700 0.064800 0.083300 0.071000 0.071000 0.000000 0.076900 0.000000 0.052700 0.082700 0.077000 0.071000 0.059200 0.034700 0.077000 0.108000 0.084300 0.064200 0.076600 0.070900 0.052600 0.052700 0.034800 0.052700 0.072100 0.102000 0.046400 0.040700 0.000000 0.011400
MuntiacusM 0.083500 0.162900 0.052600 0.176200 0.095200 0.083000 0.076700 0.052900 0.046500 0.000000 0.071100 0.052800 0.058900 0.076900 0.070400 0.065000 0.058400 0.076900 0.058800 0.052400 0.053300 0.089600 0.046100 0.034500 0.071100 0.059000 0.058900 0.046500 0.052700 0.046500 0.005700 0.070700 0.070300 0.058900 0.059300 0.028900 0.064900 0.083100 0.072000 0.045900 0.058000 0.058900 0.017000 0.034600 0.029000 0.040800 0.072300 0.089600 0.058600 0.034500 0.046500 0.058700
goat 0.035000 0.215000 0.089600 0.230500 0.095500 0.034800 0.076800 0.053100 0.083200 0.071100 0.000000 0.083800 0.046800 0.077000 0.082800 0.065200 0.102900 0.109600 0.034900 0.089300 0.053400 0.040900 0.102300 0.090100 0.011500 0.059200 0.046800 0.083200 0.065100 0.083200 0.077600 0.064800 0.102500 0.046800 0.059400 0.059100 0.029000 0.095800 0.066000 0.089300 0.114800 0.059100 0.089800 0.090100 0.059100 0.065200 0.072500 0.089600 0.058800 0.053000 0.083200 0.096100
AfricanBuf 0.083900 0.179400 0.064900 0.179100 0.095500 0.083400 0.076900 0.065300 0.058700 0.052800 0.083800 0.000000 0.071500 0.089500 0.095400 0.077600 0.065400 0.090700 0.071300 0.064700 0.065800 0.102700 0.083400 0.059200 0.083900 0.071600 0.071500 0.058700 0.077500 0.058700 0.059200 0.083300 0.071300 0.071500 0.071900 0.023000 0.077600 0.096000 0.084900 0.058600 0.095900 0.059200 0.071300 0.059200 0.023000 0.071400 0.085200 0.090000 0.046800 0.040900 0.058700 0.071200
Topi 0.059100 0.200900 0.077300 0.214800 0.083200 0.058900 0.064700 0.041100 0.071000 0.058900 0.046800 0.071500 0.000000 0.064800 0.070700 0.053100 0.090400 0.110000 0.041000 0.077000 0.041300 0.065200 0.089800 0.077700 0.047100 0.047100 0.000000 0.071000 0.053000 0.071000 0.065300 0.046700 0.090000 0.000000 0.035300 0.047000 0.052900 0.083400 0.059900 0.077000 0.102200 0.047000 0.077500 0.077700 0.047000 0.053100 0.060100 0.077300 0.034800 0.041000 0.071000 0.083700
CommonDuik 0.077100 0.192500 0.070700 0.214400 0.101200 0.076700 0.046100 0.058800 0.064400 0.076900 0.077000 0.089500 0.064800 0.000000 0.088600 0.058600 0.096300 0.128800 0.064700 0.070400 0.047100 0.095600 0.108000 0.095900 0.077100 0.064900 0.064800 0.064400 0.070800 0.064400 0.083500 0.034600 0.095800 0.064800 0.065300 0.064700 0.070900 0.101400 0.078000 0.095000 0.108000 0.064900 0.083300 0.083500 0.064700 0.071000 0.065900 0.095400 0.064500 0.058700 0.064400 0.076900
Suni 0.095300 0.212700 0.088800 0.219200 0.094500 0.094800 0.088400 0.064700 0.082400 0.070400 0.082800 0.095400 0.070700 0.088600 0.000000 0.064500 0.102100 0.108700 0.070500 0.088400 0.065100 0.101400 0.088700 0.076800 0.082900 0.070800 0.070700 0.082400 0.064500 0.082400 0.076900 0.076400 0.089100 0.070700 0.071100 0.070600 0.076700 0.095000 0.071400 0.088400 0.101100 0.070700 0.089100 0.076800 0.070600 0.064600 0.071800 0.101200 0.070200 0.064500 0.082400 0.095100
Springbuck 0.077600 0.179200 0.083400 0.193000 0.089300 0.077200 0.070700 0.047100 0.077000 0.065000 0.065200 0.077600 0.053100 0.058600 0.064500 0.000000 0.096700 0.116300 0.052900 0.083100 0.047300 0.083700 0.083400 0.083900 0.065300 0.053100 0.053100 0.077000 0.034900 0.077000 0.071400 0.058800 0.096200 0.053100 0.065600 0.053000 0.059100 0.089600 0.066000 0.083100 0.095900 0.047000 0.083700 0.083900 0.053000 0.059100 0.066300 0.071100 0.052700 0.035000 0.077000 0.089800
Okapi 0.103100 0.164200 0.083800 0.164000 0.108500 0.102600 0.096000 0.084300 0.077300 0.058400 0.102900 0.065400 0.090400 0.096300 0.102100 0.096700 0.000000 0.053000 0.090200 0.083500 0.084900 0.122200 0.095100 0.070900 0.103000 0.090600 0.090400 0.077300 0.083900 0.077300 0.064800 0.102600 0.070800 0.090400 0.091200 0.059200 0.096600 0.096300 0.104400 0.070200 0.107800 0.078000 0.064700 0.071000 0.059200 0.084000 0.105000 0.115900 0.089900 0.058700 0.077300 0.090200
Giraffe 0.122700 0.185400 0.115900 0.215400 0.134900 0.122100 0.115500 0.103700 0.109100 0.076900 0.109600 0.090700 0.110000 0.128800 0.108700 0.116300 0.053000 0.000000 0.109700 0.115400 0.104400 0.129100 0.101700 0.077200 0.109700 0.097000 0.110000 0.109100 0.103200 0.109100 0.083500 0.122300 0.102200 0.110000 0.110800 0.077900 0.103200 0.122400 0.111200 0.082600 0.101500 0.084400 0.095800 0.077300 0.078000 0.090600 0.125200 0.142800 0.109300 0.077300 0.109100 0.122500
TibetanAnt 0.046900 0.200200 0.077100 0.215000 0.082900 0.046600 0.064500 0.041000 0.070800 0.058800 0.034900 0.071300 0.041000 0.064700 0.070500 0.052900 0.090200 0.109700 0.000000 0.076800 0.041200 0.052800 0.089500 0.077500 0.035000 0.047000 0.041000 0.070800 0.052900 0.070800 0.065200 0.046700 0.089800 0.041000 0.059400 0.046900 0.029000 0.083300 0.053600 0.076700 0.102000 0.046900 0.077300 0.077500 0.046900 0.046900 0.059900 0.077100 0.040700 0.040900 0.070800 0.083400
Sitatunga 0.077000 0.150600 0.011400 0.168900 0.113600 0.076600 0.094800 0.070900 0.005700 0.052400 0.089300 0.064700 0.077000 0.070400 0.088400 0.083100 0.083500 0.115400 0.076800 0.000000 0.059100 0.108100 0.082700 0.070800 0.089400 0.077100 0.077000 0.005700 0.083000 0.005700 0.058700 0.088800 0.083000 0.077000 0.065200 0.040600 0.083100 0.114200 0.090400 0.070200 0.082700 0.077000 0.058600 0.058700 0.040600 0.058700 0.078200 0.108200 0.052300 0.046600 0.005400 0.017100
Oribi 0.053500 0.180900 0.059400 0.209900 0.077500 0.053200 0.059000 0.023500 0.053100 0.053300 0.053400 0.065800 0.041300 0.047100 0.065100 0.047300 0.084900 0.104400 0.041200 0.059100 0.000000 0.071800 0.084000 0.072000 0.053500 0.041400 0.041300 0.053100 0.047300 0.053100 0.059700 0.047100 0.084400 0.041300 0.041600 0.041300 0.047300 0.077900 0.041900 0.071300 0.084100 0.041400 0.071900 0.059700 0.041300 0.047300 0.029900 0.071700 0.041100 0.035300 0.053100 0.065600
BarbaryShe 0.040800 0.221900 0.108400 0.253100 0.114400 0.040600 0.095400 0.071300 0.101900 0.089600 0.040900 0.102700 0.065200 0.095600 0.101400 0.083700 0.122200 0.129100 0.052800 0.108100 0.071800 0.000000 0.121500 0.109100 0.029000 0.077600 0.065200 0.101900 0.083600 0.101900 0.096400 0.083200 0.121600 0.065200 0.077900 0.077500 0.034900 0.114800 0.072100 0.108100 0.134200 0.077500 0.108700 0.109100 0.077500 0.083700 0.091400 0.095700 0.077000 0.071200 0.101900 0.115100
Daviddeer 0.115100 0.176500 0.083000 0.195400 0.126900 0.114500 0.095200 0.083500 0.076700 0.046100 0.102300 0.083400 0.089800 0.108000 0.088700 0.083400 0.095100 0.101700 0.089500 0.082700 0.084000 0.121500 0.000000 0.046300 0.102400 0.089800 0.089800 0.076700 0.095900 0.076700 0.052300 0.101700 0.094800 0.089800 0.090300 0.058800 0.096000 0.127500 0.083900 0.069700 0.022700 0.083400 0.064100 0.046300 0.058800 0.071100 0.108600 0.108500 0.089200 0.046300 0.076700 0.089400
Reindeer 0.102900 0.177500 0.071100 0.167600 0.114700 0.102300 0.083200 0.071500 0.064800 0.034500 0.090100 0.059200 0.077700 0.095900 0.076800 0.083900 0.070900 0.077200 0.077500 0.070800 0.072000 0.109100 0.046300 0.000000 0.090200 0.077800 0.077700 0.064800 0.083800 0.064800 0.040600 0.077100 0.070500 0.077700 0.065800 0.047000 0.083900 0.115200 0.078500 0.034300 0.058100 0.065300 0.052400 0.011400 0.047000 0.059100 0.083000 0.109100 0.077200 0.046600 0.064800 0.077400
Ibex 0.023200 0.199500 0.089700 0.227500 0.095600 0.023000 0.076900 0.053100 0.083300 0.071100 0.011500 0.083900 0.047100 0.077100 0.082900 0.065300 0.103000 0.109700 0.035000 0.089400 0.053500 0.029000 0.102400 0.090200 0.000000 0.059300 0.047100 0.083300 0.065200 0.083300 0.077700 0.064900 0.102600 0.047100 0.059500 0.059100 0.017300 0.095900 0.066100 0.089300 0.114900 0.059100 0.089900 0.090200 0.059200 0.065200 0.072600 0.089700 0.058800 0.053000 0.083300 0.096200
GyrantGaze 0.071500 0.186700 0.077400 0.215900 0.083200 0.071200 0.064800 0.041100 0.071000 0.059000 0.059200 0.071600 0.047100 0.064900 0.070800 0.053100 0.090600 0.097000 0.047000 0.077100 0.041400 0.077600 0.089800 0.077800 0.059300 0.000000 0.047100 0.071000 0.053100 0.071000 0.065400 0.052900 0.090200 0.047100 0.059600 0.047100 0.053100 0.083600 0.060000 0.077000 0.089600 0.011500 0.077600 0.077800 0.047100 0.053100 0.060200 0.077400 0.046800 0.041000 0.071000 0.083800
Hartebeest 0.059100 0.200900 0.077300 0.214800 0.083200 0.058900 0.064700 0.041100 0.071000 0.058900 0.046800 0.071500 0.000000 0.064800 0.070700 0.053100 0.090400 0.110000 0.041000 0.077000 0.041300 0.065200 0.089800 0.077700 0.047100 0.047100 0.000000 0.071000 0.053000 0.071000 0.065300 0.046700 0.090000 0.000000 0.035300 0.047000 0.052900 0.083400 0.059900 0.077000 0.102200 0.047000 0.077500 0.077700 0.047000 0.053100 0.060100 0.077300 0.034800 0.041000 0.071000 0.083700
Bongo 0.070900 0.143900 0.005700 0.176300 0.107500 0.070600 0.088700 0.064900 0.000000 0.046500 0.083200 0.058700 0.071000 0.064400 0.082400 0.077000 0.077300 0.109100 0.070800 0.005700 0.053100 0.101900 0.076700 0.064800 0.083300 0.071000 0.071000 0.000000 0.076900 0.000000 0.052700 0.082700 0.077000 0.071000 0.059200 0.034700 0.077000 0.108000 0.084300 0.064200 0.076600 0.070900 0.052600 0.052700 0.034800 0.052700 0.072100 0.102000 0.046400 0.040700 0.000000 0.011400
Gerenuk 0.077500 0.193200 0.083300 0.192800 0.089200 0.077100 0.070700 0.047000 0.076900 0.052700 0.065100 0.077500 0.053000 0.070800 0.064500 0.034900 0.083900 0.103200 0.052900 0.083000 0.047300 0.083600 0.095900 0.083800 0.065200 0.053100 0.053000 0.076900 0.000000 0.076900 0.059000 0.058700 0.096100 0.053000 0.065600 0.052900 0.059000 0.077000 0.065900 0.083000 0.108500 0.053000 0.058900 0.083800 0.052900 0.059000 0.066200 0.083400 0.052600 0.046900 0.076900 0.089700
CommonElan 0.070900 0.143900 0.005700 0.176300 0.107500 0.070600 0.088700 0.064900 0.000000 0.046500 0.083200 0.058700 0.071000 0.064400 0.082400 0.077000 0.077300 0.109100 0.070800 0.005700 0.053100 0.101900 0.076700 0.064800 0.083300 0.071000 0.071000 0.000000 0.076900 0.000000 0.052700 0.082700 0.077000 0.071000 0.059200 0.034700 0.077000 0.108000 0.084300 0.064200 0.076600 0.070900 0.052600 0.052700 0.034800 0.052700 0.072100 0.102000 0.046400 0.040700 0.000000 0.011400
MuntiacusR 0.090200 0.175800 0.058900 0.190600 0.102000 0.089700 0.083300 0.059300 0.052700 0.005700 0.077600 0.059200 0.065300 0.083500 0.076900 0.071400 0.064800 0.083500 0.065200 0.058700 0.059700 0.096400 0.052300 0.040600 0.077700 0.065400 0.065300 0.052700 0.059000 0.052700 0.000000 0.077200 0.076800 0.065300 0.065800 0.035000 0.071400 0.089800 0.078600 0.052100 0.064300 0.065300 0.011400 0.040700 0.035000 0.047000 0.079000 0.096400 0.065000 0.040600 0.052700 0.065100
HarveysDui 0.077200 0.214100 0.089100 0.213900 0.088900 0.076800 0.034500 0.046800 0.082700 0.070700 0.064800 0.083300 0.046700 0.034600 0.076400 0.058800 0.102600 0.122300 0.046700 0.088800 0.047100 0.083200 0.101700 0.077100 0.064900 0.052900 0.046700 0.082700 0.058700 0.082700 0.077200 0.000000 0.089300 0.046700 0.065300 0.058700 0.058800 0.089300 0.065700 0.076300 0.114300 0.052800 0.089500 0.077100 0.058700 0.058900 0.053500 0.087700 0.046400 0.052600 0.082700 0.095500
Pronghorn 0.102600 0.163000 0.083400 0.176500 0.114400 0.102100 0.108100 0.083900 0.077000 0.070300 0.102500 0.071300 0.090000 0.095800 0.089100 0.096200 0.070800 0.102200 0.089800 0.083000 0.084400 0.121600 0.094800 0.070500 0.102600 0.090200 0.090000 0.077000 0.096100 0.077000 0.076800 0.089300 0.000000 0.090000 0.103400 0.059000 0.096200 0.115000 0.103900 0.069800 0.107200 0.090100 0.076600 0.070500 0.059000 0.083600 0.078700 0.121800 0.077100 0.058500 0.077000 0.089700
BlueWildeb 0.059100 0.200900 0.077300 0.214800 0.083200 0.058900 0.064700 0.041100 0.071000 0.058900 0.046800 0.071500 0.000000 0.064800 0.070700 0.053100 0.090400 0.110000 0.041000 0.077000 0.041300 0.065200 0.089800 0.077700 0.047100 0.047100 0.000000 0.071000 0.053000 0.071000 0.065300 0.046700 0.090000 0.000000 0.035300 0.047000 0.052900 0.083400 0.059900 0.077000 0.102200 0.047000 0.077500 0.077700 0.047000 0.053100 0.060100 0.077300 0.034800 0.041000 0.071000 0.083700
Gemsbok 0.071800 0.202600 0.065500 0.201300 0.096200 0.071400 0.065100 0.053500 0.059200 0.059300 0.059400 0.071900 0.035300 0.065300 0.071100 0.065600 0.091200 0.110800 0.059400 0.065200 0.041600 0.077900 0.090300 0.065800 0.059500 0.059600 0.035300 0.059200 0.065600 0.059200 0.065800 0.065300 0.103400 0.035300 0.000000 0.059500 0.065600 0.096700 0.072800 0.065100 0.090300 0.047400 0.078100 0.053500 0.059500 0.053400 0.060500 0.090400 0.059200 0.053400 0.059200 0.071700
Yak 0.059100 0.151400 0.040800 0.164600 0.083000 0.058800 0.064600 0.041000 0.034700 0.028900 0.059100 0.023000 0.047000 0.064700 0.070600 0.053000 0.059200 0.077900 0.046900 0.040600 0.041300 0.077500 0.058800 0.047000 0.059100 0.047100 0.047000 0.034700 0.052900 0.034700 0.035000 0.058700 0.059000 0.047000 0.059500 0.000000 0.053000 0.083300 0.059800 0.046500 0.070900 0.047000 0.046800 0.047000 0.000000 0.047000 0.060000 0.077400 0.034800 0.017300 0.034700 0.046800
BlueSheep 0.029000 0.193200 0.083400 0.208000 0.089300 0.028900 0.070700 0.047000 0.077000 0.064900 0.029000 0.077600 0.052900 0.070900 0.076700 0.059100 0.096600 0.103200 0.029000 0.083100 0.047300 0.034900 0.096000 0.083900 0.017300 0.053100 0.052900 0.077000 0.059000 0.077000 0.071400 0.058800 0.096200 0.052900 0.065600 0.053000 0.000000 0.089600 0.059800 0.083000 0.108500 0.053000 0.083600 0.083900 0.053000 0.059100 0.066200 0.083400 0.052700 0.046900 0.077000 0.089800
BohorReedb 0.108600 0.228900 0.114700 0.222400 0.034500 0.108000 0.101100 0.077400 0.108000 0.083100 0.095800 0.096000 0.083400 0.101400 0.095000 0.089600 0.096300 0.122400 0.083300 0.114200 0.077900 0.114800 0.127500 0.115200 0.095900 0.083600 0.083400 0.108000 0.077000 0.108000 0.089800 0.089300 0.115000 0.083400 0.096700 0.083300 0.089600 0.000000 0.097200 0.114100 0.140600 0.083600 0.102200 0.115400 0.083400 0.089700 0.091200 0.101800 0.083000 0.077200 0.108000 0.121300
KirksDik 0.066100 0.218200 0.090800 0.233600 0.096700 0.065700 0.077800 0.041600 0.084300 0.072000 0.066000 0.084900 0.059900 0.078000 0.071400 0.066000 0.104400 0.111200 0.053600 0.090400 0.041900 0.072100 0.083900 0.078500 0.066100 0.060000 0.059900 0.084300 0.065900 0.084300 0.078600 0.065700 0.103900 0.059900 0.072800 0.059800 0.059800 0.097200 0.000000 0.090400 0.103300 0.059900 0.091100 0.078600 0.059800 0.065900 0.060900 0.090800 0.059500 0.053600 0.084300 0.097300
RoeDeer 0.101800 0.182500 0.070400 0.158600 0.113600 0.101300 0.082400 0.070800 0.064200 0.045900 0.089300 0.058600 0.077000 0.095000 0.088400 0.083100 0.070200 0.082600 0.076700 0.070200 0.071300 0.108100 0.069700 0.034300 0.089300 0.077000 0.077000 0.064200 0.083000 0.064200 0.052100 0.076300 0.069800 0.077000 0.065100 0.046500 0.083000 0.114100 0.090400 0.000000 0.081700 0.064600 0.063900 0.034300 0.046500 0.058500 0.082000 0.108000 0.081800 0.046100 0.064200 0.076700
WhiteLippe 0.127800 0.162400 0.083000 0.209800 0.139800 0.127200 0.107600 0.096000 0.076600 0.058000 0.114800 0.095900 0.102200 0.108000 0.101100 0.095900 0.107800 0.101500 0.102000 0.082700 0.084100 0.134200 0.022700 0.058100 0.114900 0.089600 0.102200 0.076600 0.108500 0.076600 0.064300 0.114300 0.107200 0.102200 0.090300 0.070900 0.108500 0.140600 0.103300 0.081700 0.000000 0.083200 0.076300 0.046300 0.070900 0.083300 0.108700 0.121200 0.101600 0.058200 0.076600 0.089400
ThomsonGaz 0.071400 0.179300 0.077300 0.193300 0.083100 0.071000 0.052600 0.041100 0.070900 0.058900 0.059100 0.059200 0.047000 0.064900 0.070700 0.047000 0.078000 0.084400 0.046900 0.077000 0.041400 0.077500 0.083400 0.065300 0.059100 0.011500 0.047000 0.070900 0.053000 0.070900 0.065300 0.052800 0.090100 0.047000 0.047400 0.047000 0.053000 0.083600 0.059900 0.064600 0.083200 0.000000 0.077500 0.065300 0.047000 0.064800 0.060400 0.071100 0.046700 0.035000 0.070900 0.083600
MuntiacusC 0.089900 0.169200 0.058800 0.169800 0.114400 0.089500 0.095500 0.071400 0.052600 0.017000 0.089800 0.071300 0.077500 0.083300 0.089100 0.083700 0.064700 0.095800 0.077300 0.058600 0.071900 0.108700 0.064100 0.052400 0.089900 0.077600 0.077500 0.052600 0.058900 0.052600 0.011400 0.089500 0.076600 0.077500 0.078100 0.046800 0.083600 0.102200 0.091100 0.063900 0.076300 0.077500 0.000000 0.052500 0.046800 0.059000 0.091500 0.108900 0.077100 0.052400 0.052600 0.065000
WhiteTaile 0.102800 0.163800 0.058900 0.162700 0.114700 0.102300 0.083200 0.071600 0.052700 0.034600 0.090100 0.059200 0.077700 0.083500 0.076800 0.083900 0.071000 0.077300 0.077500 0.058700 0.059700 0.109100 0.046300 0.011400 0.090200 0.077800 0.077700 0.052700 0.083800 0.052700 0.040700 0.077100 0.070500 0.077700 0.053500 0.047000 0.083900 0.115400 0.078600 0.034300 0.046300 0.065300 0.052500 0.000000 0.047000 0.059100 0.066300 0.109200 0.077300 0.046600 0.052700 0.065100
Cattle 0.059100 0.151400 0.040800 0.164600 0.083000 0.058800 0.064600 0.041000 0.034800 0.029000 0.059100 0.023000 0.047000 0.064700 0.070600 0.053000 0.059200 0.078000 0.046900 0.040600 0.041300 0.077500 0.058800 0.047000 0.059200 0.047100 0.047000 0.034800 0.052900 0.034800 0.035000 0.058700 0.059000 0.047000 0.059500 0.000000 0.053000 0.083400 0.059800 0.046500 0.070900 0.047000 0.046800 0.047000 0.000000 0.047000 0.060000 0.077400 0.034800 0.017300 0.034800 0.046800
RoyalAntel 0.077500 0.191500 0.058900 0.191300 0.089300 0.077100 0.070900 0.047000 0.052700 0.040800 0.065200 0.071400 0.053100 0.071000 0.064600 0.059100 0.084000 0.090600 0.046900 0.058700 0.047300 0.083700 0.071100 0.059100 0.065200 0.053100 0.053100 0.052700 0.059000 0.052700 0.047000 0.058900 0.083600 0.053100 0.053400 0.047000 0.059100 0.089700 0.065900 0.058500 0.083300 0.064800 0.059000 0.059100 0.047000 0.000000 0.066200 0.083400 0.052700 0.047000 0.052700 0.065100
Steenbok 0.072600 0.204500 0.078500 0.202300 0.090700 0.072200 0.078100 0.041800 0.072100 0.072300 0.072500 0.085200 0.060100 0.065900 0.071800 0.066300 0.105000 0.125200 0.059900 0.078200 0.029900 0.091400 0.108600 0.083000 0.072600 0.060200 0.060100 0.072100 0.066200 0.072100 0.079000 0.053500 0.078700 0.060100 0.060500 0.060000 0.066200 0.091200 0.060900 0.082000 0.108700 0.060400 0.091500 0.066300 0.060000 0.066200 0.000000 0.091200 0.059700 0.053800 0.072100 0.085000
Impala 0.102300 0.200400 0.108600 0.229700 0.101300 0.101800 0.082600 0.071200 0.102000 0.089600 0.089600 0.090000 0.077300 0.095400 0.101200 0.071100 0.115900 0.142800 0.077100 0.108200 0.071700 0.095700 0.108500 0.109100 0.089700 0.077400 0.077300 0.102000 0.083400 0.102000 0.096400 0.087700 0.121800 0.077300 0.090400 0.077400 0.083400 0.101800 0.090800 0.108000 0.121200 0.071100 0.108900 0.109200 0.077400 0.083400 0.091200 0.000000 0.076900 0.059000 0.102000 0.102300
Klipspring 0.058800 0.171400 0.052500 0.199400 0.082600 0.058500 0.064300 0.040800 0.046400 0.058600 0.058800 0.046800 0.034800 0.064500 0.070200 0.052700 0.089900 0.109300 0.040700 0.052300 0.041100 0.077000 0.089200 0.077200 0.058800 0.046800 0.034800 0.046400 0.052600 0.046400 0.065000 0.046400 0.077100 0.034800 0.059200 0.034800 0.052700 0.083000 0.059500 0.081800 0.101600 0.046700 0.077100 0.077300 0.034800 0.052700 0.059700 0.076900 0.000000 0.040700 0.046400 0.058700
ForestMusk 0.065200 0.150000 0.046700 0.163100 0.076800 0.064900 0.058500 0.035000 0.040700 0.034500 0.053000 0.040900 0.041000 0.058700 0.064500 0.035000 0.058700 0.077300 0.040900 0.046600 0.035300 0.071200 0.046300 0.046600 0.053000 0.041000 0.041000 0.040700 0.046900 0.040700 0.040600 0.052600 0.058500 0.041000 0.053400 0.017300 0.046900 0.077200 0.053600 0.046100 0.058200 0.035000 0.052400 0.046600 0.017300 0.047000 0.053800 0.059000 0.040700 0.000000 0.040700 0.052800
Bushbuck 0.070900 0.143900 0.005700 0.176300 0.107500 0.070600 0.088700 0.064900 0.000000 0.046500 0.083200 0.058700 0.071000 0.064400 0.082400 0.077000 0.077300 0.109100 0.070800 0.005400 0.053100 0.101900 0.076700 0.064800 0.083300 0.071000 0.071000 0.000000 0.076900 0.000000 0.052700 0.082700 0.077000 0.071000 0.059200 0.034700 0.077000 0.108000 0.084300 0.064200 0.076600 0.070900 0.052600 0.052700 0.034800 0.052700 0.072100 0.102000 0.046400 0.040700 0.000000 0.011400
GreaterKud 0.083600 0.158300 0.017200 0.184100 0.120700 0.083200 0.101600 0.077500 0.011400 0.058700 0.096100 0.071200 0.083700 0.076900 0.095100 0.089800 0.090200 0.122500 0.083400 0.017100 0.065600 0.115100 0.089400 0.077400 0.096200 0.083800 0.083700 0.011400 0.089700 0.011400 0.065100 0.095500 0.089700 0.083700 0.071700 0.046800 0.089800 0.121300 0.097300 0.076700 0.089400 0.083600 0.065000 0.065100 0.046800 0.065100 0.085000 0.102300 0.058700 0.052800 0.011400 0.000000
