CODONML (in paml version 4.10.7, June 2023)  /home/rachel/ruminants_paml/6406-phy-tree/ENSBTAT00000013634.fasta.phy
Model: free dN/dS Ratios for branches,  kappa = 2.000 fixed

Codon frequency model: F3x4
ns =  54  ls =  43

Codon usage in sequences
--------------------------------------------------------------------------------------------------------------------------------------
Phe TTT   2   2   1   2   1   2 | Ser TCT   1   1   1   1   1   1 | Tyr TAT   0   0   0   0   0   0 | Cys TGT   0   0   0   0   0   0
    TTC   1   1   2   1   2   1 |     TCC   4   4   4   4   4   4 |     TAC   1   1   1   1   1   1 |     TGC   0   0   0   0   0   0
Leu TTA   0   0   0   0   0   0 |     TCA   0   0   0   0   0   0 | *** TAA   0   0   0   0   0   0 | *** TGA   0   0   0   0   0   0
    TTG   1   1   1   1   1   1 |     TCG   0   0   0   0   0   0 |     TAG   0   0   0   0   0   0 | Trp TGG   0   0   0   0   0   0
--------------------------------------------------------------------------------------------------------------------------------------
Leu CTT   1   1   1   2   0   2 | Pro CCT   1   1   1   1   1   1 | His CAT   0   0   0   0   0   0 | Arg CGT   0   0   0   0   0   0
    CTC   2   2   2   2   3   1 |     CCC   0   0   0   0   0   0 |     CAC   0   0   0   0   0   0 |     CGC   0   0   0   0   0   0
    CTA   1   1   1   0   1   1 |     CCA   1   1   1   1   1   1 | Gln CAA   1   0   1   1   1   1 |     CGA   0   0   0   0   0   0
    CTG   0   0   0   0   0   0 |     CCG   0   0   0   0   0   0 |     CAG   2   3   2   2   2   2 |     CGG   1   1   1   1   1   1
--------------------------------------------------------------------------------------------------------------------------------------
Ile ATT   0   0   0   0   0   0 | Thr ACT   1   1   1   1   1   1 | Asn AAT   4   4   4   4   5   4 | Ser AGT   0   0   0   0   0   0
    ATC   2   2   2   2   2   2 |     ACC   0   0   0   0   0   0 |     AAC   3   3   3   3   2   2 |     AGC   0   0   0   0   0   0
    ATA   0   0   0   0   0   0 |     ACA   1   1   1   1   1   1 | Lys AAA   3   2   3   3   3   3 | Arg AGA   1   1   1   1   1   1
Met ATG   0   0   0   0   0   0 |     ACG   0   0   0   0   0   0 |     AAG   0   1   0   0   0   0 |     AGG   0   0   0   0   0   0
--------------------------------------------------------------------------------------------------------------------------------------
Val GTT   2   2   2   2   2   2 | Ala GCT   0   0   0   0   0   0 | Asp GAT   2   2   2   2   2   3 | Gly GGT   0   0   0   0   0   0
    GTC   0   0   0   0   0   0 |     GCC   0   0   0   0   0   0 |     GAC   0   0   0   0   0   0 |     GGC   1   1   1   1   1   1
    GTA   0   0   0   0   0   0 |     GCA   0   0   0   0   0   0 | Glu GAA   0   0   0   0   1   0 |     GGA   1   1   1   1   1   1
    GTG   0   0   0   0   0   0 |     GCG   0   0   0   0   0   0 |     GAG   1   1   1   1   0   1 |     GGG   1   1   1   1   1   1
--------------------------------------------------------------------------------------------------------------------------------------

--------------------------------------------------------------------------------------------------------------------------------------
Phe TTT   2   2   2   2   3   2 | Ser TCT   2   1   1   1   1   2 | Tyr TAT   0   0   0   0   0   0 | Cys TGT   0   0   0   0   0   0
    TTC   1   1   1   1   0   1 |     TCC   3   4   4   4   4   3 |     TAC   1   1   1   1   1   1 |     TGC   0   0   0   0   0   0
Leu TTA   0   0   0   0   0   0 |     TCA   0   0   0   0   0   0 | *** TAA   0   0   0   0   0   0 | *** TGA   0   0   0   0   0   0
    TTG   1   1   1   1   1   1 |     TCG   0   0   0   0   0   0 |     TAG   0   0   0   0   0   0 | Trp TGG   0   0   0   0   0   0
--------------------------------------------------------------------------------------------------------------------------------------
Leu CTT   1   1   2   1   1   1 | Pro CCT   1   1   1   1   1   1 | His CAT   0   0   0   0   0   0 | Arg CGT   0   0   0   0   0   0
    CTC   2   2   2   2   2   2 |     CCC   0   0   0   0   0   0 |     CAC   0   0   0   0   0   0 |     CGC   0   0   0   0   0   0
    CTA   1   1   0   1   1   1 |     CCA   1   1   1   1   1   1 | Gln CAA   1   1   1   1   1   1 |     CGA   0   0   0   0   0   0
    CTG   0   0   0   0   0   0 |     CCG   0   0   0   0   0   0 |     CAG   2   2   2   2   2   2 |     CGG   1   1   1   1   1   1
--------------------------------------------------------------------------------------------------------------------------------------
Ile ATT   0   0   0   0   0   0 | Thr ACT   1   1   1   1   1   1 | Asn AAT   4   4   4   4   4   4 | Ser AGT   0   0   0   0   0   0
    ATC   2   2   2   2   2   2 |     ACC   0   0   0   0   0   0 |     AAC   3   3   3   3   3   3 |     AGC   0   0   0   0   0   0
    ATA   0   0   0   0   0   0 |     ACA   1   1   1   1   1   1 | Lys AAA   3   3   3   3   3   3 | Arg AGA   1   1   1   1   1   1
Met ATG   0   0   0   0   0   0 |     ACG   0   0   0   0   0   0 |     AAG   0   0   0   0   0   0 |     AGG   0   0   0   0   0   0
--------------------------------------------------------------------------------------------------------------------------------------
Val GTT   2   2   2   2   2   2 | Ala GCT   0   0   0   0   0   0 | Asp GAT   2   2   2   2   2   2 | Gly GGT   0   0   0   0   0   0
    GTC   0   0   0   0   0   0 |     GCC   0   0   0   0   0   0 |     GAC   0   0   0   0   0   0 |     GGC   1   1   1   1   1   1
    GTA   0   0   0   0   0   0 |     GCA   0   0   0   0   0   0 | Glu GAA   0   0   0   0   0   0 |     GGA   1   1   1   1   1   1
    GTG   0   0   0   0   0   0 |     GCG   0   0   0   0   0   0 |     GAG   1   1   1   1   1   1 |     GGG   1   1   1   1   1   1
--------------------------------------------------------------------------------------------------------------------------------------

--------------------------------------------------------------------------------------------------------------------------------------
Phe TTT   2   2   2   2   2   2 | Ser TCT   1   1   1   1   2   1 | Tyr TAT   0   0   0   0   0   0 | Cys TGT   0   0   0   0   0   0
    TTC   1   1   1   1   1   1 |     TCC   4   4   4   4   4   4 |     TAC   1   1   1   1   1   1 |     TGC   0   0   0   0   0   0
Leu TTA   0   0   0   0   0   0 |     TCA   0   0   0   0   0   0 | *** TAA   0   0   0   0   0   0 | *** TGA   0   0   0   0   0   0
    TTG   1   1   1   1   1   1 |     TCG   0   0   0   0   0   0 |     TAG   0   0   0   0   0   0 | Trp TGG   0   0   0   0   0   0
--------------------------------------------------------------------------------------------------------------------------------------
Leu CTT   1   1   1   1   1   1 | Pro CCT   1   1   1   1   1   1 | His CAT   0   0   0   0   0   0 | Arg CGT   0   0   0   0   0   0
    CTC   2   2   2   3   2   2 |     CCC   0   0   0   0   0   0 |     CAC   0   0   0   0   0   0 |     CGC   0   0   0   0   0   0
    CTA   1   1   1   0   1   1 |     CCA   1   1   1   1   1   1 | Gln CAA   1   1   1   1   1   1 |     CGA   0   0   0   0   0   0
    CTG   0   0   0   0   0   0 |     CCG   0   0   0   0   0   0 |     CAG   2   2   2   2   2   2 |     CGG   1   1   1   1   1   1
--------------------------------------------------------------------------------------------------------------------------------------
Ile ATT   0   0   0   0   0   0 | Thr ACT   1   1   1   1   0   1 | Asn AAT   4   4   4   4   4   4 | Ser AGT   0   0   0   0   0   0
    ATC   2   2   2   2   2   2 |     ACC   0   0   0   0   0   0 |     AAC   3   3   3   3   3   3 |     AGC   0   0   0   0   0   0
    ATA   0   0   0   0   0   0 |     ACA   1   1   1   1   1   1 | Lys AAA   3   3   3   3   3   3 | Arg AGA   1   1   1   1   1   1
Met ATG   0   0   0   0   0   0 |     ACG   0   0   0   0   0   0 |     AAG   0   0   0   0   0   0 |     AGG   0   0   0   0   0   0
--------------------------------------------------------------------------------------------------------------------------------------
Val GTT   2   2   2   2   2   2 | Ala GCT   0   0   0   0   0   0 | Asp GAT   2   2   2   2   2   2 | Gly GGT   0   0   0   0   0   0
    GTC   0   0   0   0   0   0 |     GCC   0   0   0   0   0   0 |     GAC   0   0   0   0   0   0 |     GGC   1   1   1   1   1   1
    GTA   0   0   0   0   0   0 |     GCA   0   0   0   0   0   0 | Glu GAA   0   0   0   0   0   0 |     GGA   1   1   1   1   1   1
    GTG   0   0   0   0   0   0 |     GCG   0   0   0   0   0   0 |     GAG   1   1   1   1   1   1 |     GGG   1   1   1   1   1   1
--------------------------------------------------------------------------------------------------------------------------------------

--------------------------------------------------------------------------------------------------------------------------------------
Phe TTT   2   2   2   2   2   2 | Ser TCT   1   1   1   1   1   1 | Tyr TAT   0   0   0   0   0   0 | Cys TGT   0   0   0   0   0   0
    TTC   1   1   1   1   1   1 |     TCC   4   4   4   4   4   4 |     TAC   1   1   1   1   1   1 |     TGC   0   0   0   0   0   0
Leu TTA   0   0   0   0   0   0 |     TCA   0   0   0   0   0   0 | *** TAA   0   0   0   0   0   0 | *** TGA   0   0   0   0   0   0
    TTG   1   1   1   1   1   1 |     TCG   0   0   0   0   0   0 |     TAG   0   0   0   0   0   0 | Trp TGG   0   0   0   0   0   0
--------------------------------------------------------------------------------------------------------------------------------------
Leu CTT   1   1   1   1   1   1 | Pro CCT   1   1   1   1   1   1 | His CAT   0   0   0   0   0   0 | Arg CGT   0   0   0   0   0   0
    CTC   2   2   2   2   2   2 |     CCC   0   0   0   0   0   0 |     CAC   0   0   0   0   0   0 |     CGC   0   0   0   0   0   0
    CTA   1   1   1   1   1   1 |     CCA   1   1   1   1   1   1 | Gln CAA   1   1   1   1   1   1 |     CGA   0   0   0   0   0   0
    CTG   0   0   0   0   0   0 |     CCG   0   0   0   0   0   0 |     CAG   2   2   2   2   2   2 |     CGG   1   1   1   1   1   1
--------------------------------------------------------------------------------------------------------------------------------------
Ile ATT   0   0   0   0   0   0 | Thr ACT   1   1   1   1   1   1 | Asn AAT   4   4   4   4   4   4 | Ser AGT   0   0   0   0   0   0
    ATC   2   2   2   2   2   2 |     ACC   0   0   0   0   0   0 |     AAC   3   3   3   3   3   3 |     AGC   0   0   0   0   0   0
    ATA   0   0   0   0   0   0 |     ACA   1   1   1   1   1   1 | Lys AAA   3   3   3   3   3   3 | Arg AGA   1   1   1   1   1   1
Met ATG   0   0   0   0   0   0 |     ACG   0   0   0   0   0   0 |     AAG   0   0   0   0   0   0 |     AGG   0   0   0   0   0   0
--------------------------------------------------------------------------------------------------------------------------------------
Val GTT   2   2   2   2   2   2 | Ala GCT   0   0   0   0   0   0 | Asp GAT   2   2   2   2   2   2 | Gly GGT   0   0   0   0   0   0
    GTC   0   0   0   0   0   0 |     GCC   0   0   0   0   0   0 |     GAC   0   0   0   0   0   0 |     GGC   1   1   1   1   1   1
    GTA   0   0   0   0   0   0 |     GCA   0   0   0   0   0   0 | Glu GAA   0   0   0   0   0   0 |     GGA   1   1   1   1   1   1
    GTG   0   0   0   0   0   0 |     GCG   0   0   0   0   0   0 |     GAG   1   1   1   1   1   1 |     GGG   1   1   1   1   1   1
--------------------------------------------------------------------------------------------------------------------------------------

--------------------------------------------------------------------------------------------------------------------------------------
Phe TTT   2   2   2   2   2   2 | Ser TCT   2   2   1   1   1   1 | Tyr TAT   0   0   0   0   0   0 | Cys TGT   0   0   0   0   0   0
    TTC   1   1   1   1   1   1 |     TCC   3   3   4   4   4   4 |     TAC   1   1   1   1   1   1 |     TGC   0   0   0   0   0   0
Leu TTA   0   0   0   0   0   0 |     TCA   0   0   0   0   0   0 | *** TAA   0   0   0   0   0   0 | *** TGA   0   0   0   0   0   0
    TTG   1   1   1   1   1   1 |     TCG   0   0   0   0   0   0 |     TAG   0   0   0   0   0   0 | Trp TGG   0   0   0   0   0   0
--------------------------------------------------------------------------------------------------------------------------------------
Leu CTT   1   1   1   1   1   1 | Pro CCT   1   1   1   1   1   1 | His CAT   0   0   0   0   0   0 | Arg CGT   0   0   0   0   0   0
    CTC   2   2   2   2   2   2 |     CCC   0   0   0   0   0   0 |     CAC   0   0   0   0   0   0 |     CGC   0   0   0   0   0   0
    CTA   1   1   1   1   1   1 |     CCA   1   1   1   1   1   1 | Gln CAA   1   1   1   1   1   1 |     CGA   0   0   0   0   0   0
    CTG   0   0   0   0   0   0 |     CCG   0   0   0   0   0   0 |     CAG   2   2   2   2   2   2 |     CGG   1   1   1   1   1   1
--------------------------------------------------------------------------------------------------------------------------------------
Ile ATT   0   0   0   0   0   0 | Thr ACT   1   1   1   1   1   1 | Asn AAT   4   3   4   4   4   4 | Ser AGT   0   0   0   0   0   0
    ATC   2   2   2   2   2   2 |     ACC   0   0   0   0   0   0 |     AAC   3   4   3   3   3   3 |     AGC   0   0   0   0   0   0
    ATA   0   0   0   0   0   0 |     ACA   1   1   1   1   1   1 | Lys AAA   3   3   3   3   3   3 | Arg AGA   1   1   1   1   1   1
Met ATG   0   0   0   0   0   0 |     ACG   0   0   0   0   0   0 |     AAG   0   0   0   0   0   0 |     AGG   0   0   0   0   0   0
--------------------------------------------------------------------------------------------------------------------------------------
Val GTT   2   2   2   2   2   2 | Ala GCT   0   0   0   0   0   0 | Asp GAT   2   2   2   2   2   2 | Gly GGT   0   0   0   0   0   0
    GTC   0   0   0   0   0   0 |     GCC   0   0   0   0   0   0 |     GAC   0   0   0   0   0   0 |     GGC   1   1   1   1   1   1
    GTA   0   0   0   0   0   0 |     GCA   0   0   0   0   0   0 | Glu GAA   0   0   0   0   0   0 |     GGA   1   1   1   1   1   1
    GTG   0   0   0   0   0   0 |     GCG   0   0   0   0   0   0 |     GAG   1   1   1   1   1   1 |     GGG   1   1   1   1   1   1
--------------------------------------------------------------------------------------------------------------------------------------

--------------------------------------------------------------------------------------------------------------------------------------
Phe TTT   2   2   2   2   2   2 | Ser TCT   1   1   2   1   1   1 | Tyr TAT   0   0   0   0   0   0 | Cys TGT   0   0   0   0   0   0
    TTC   1   1   1   1   1   1 |     TCC   4   4   3   4   4   4 |     TAC   1   1   1   1   1   1 |     TGC   0   0   0   0   0   0
Leu TTA   0   0   0   0   0   0 |     TCA   0   0   0   0   0   0 | *** TAA   0   0   0   0   0   0 | *** TGA   0   0   0   0   0   0
    TTG   1   1   1   1   1   1 |     TCG   0   0   0   0   0   0 |     TAG   0   0   0   0   0   0 | Trp TGG   0   0   0   0   0   0
--------------------------------------------------------------------------------------------------------------------------------------
Leu CTT   1   1   1   1   1   1 | Pro CCT   1   1   1   1   1   1 | His CAT   0   0   0   0   0   0 | Arg CGT   0   0   0   0   0   0
    CTC   2   2   2   3   2   2 |     CCC   0   0   0   0   0   0 |     CAC   0   0   0   0   0   0 |     CGC   0   0   0   0   0   0
    CTA   1   1   1   0   1   1 |     CCA   1   1   1   1   1   1 | Gln CAA   1   1   1   1   1   1 |     CGA   0   0   0   0   0   0
    CTG   0   0   0   0   0   0 |     CCG   0   0   0   0   0   0 |     CAG   2   2   2   2   2   2 |     CGG   1   1   1   1   1   1
--------------------------------------------------------------------------------------------------------------------------------------
Ile ATT   0   0   0   0   0   0 | Thr ACT   1   1   1   1   1   1 | Asn AAT   3   4   4   4   4   4 | Ser AGT   0   0   0   0   0   0
    ATC   2   2   2   2   2   2 |     ACC   0   0   0   0   0   0 |     AAC   4   3   3   3   3   3 |     AGC   0   0   0   0   0   0
    ATA   0   0   0   0   0   0 |     ACA   1   1   1   1   1   1 | Lys AAA   3   3   3   3   3   3 | Arg AGA   1   1   1   1   1   1
Met ATG   0   0   0   0   0   0 |     ACG   0   0   0   0   0   0 |     AAG   0   0   0   0   0   0 |     AGG   0   0   0   0   0   0
--------------------------------------------------------------------------------------------------------------------------------------
Val GTT   2   2   2   2   2   2 | Ala GCT   0   0   0   0   0   0 | Asp GAT   2   2   2   2   2   2 | Gly GGT   0   0   0   0   0   0
    GTC   0   0   0   0   0   0 |     GCC   0   0   0   0   0   0 |     GAC   0   0   0   0   0   0 |     GGC   1   1   1   1   1   1
    GTA   0   0   0   0   0   0 |     GCA   0   0   0   0   0   0 | Glu GAA   0   0   0   0   0   0 |     GGA   1   1   1   1   1   1
    GTG   0   0   0   0   0   0 |     GCG   0   0   0   0   0   0 |     GAG   1   1   1   1   1   1 |     GGG   1   1   1   1   1   1
--------------------------------------------------------------------------------------------------------------------------------------

--------------------------------------------------------------------------------------------------------------------------------------
Phe TTT   2   2   2   2   2   2 | Ser TCT   1   1   1   1   1   2 | Tyr TAT   0   0   0   0   0   0 | Cys TGT   0   0   0   0   0   0
    TTC   1   1   1   1   1   1 |     TCC   4   4   4   4   4   3 |     TAC   1   1   1   1   1   1 |     TGC   0   0   0   0   0   0
Leu TTA   0   0   0   0   0   0 |     TCA   0   0   0   0   0   0 | *** TAA   0   0   0   0   0   0 | *** TGA   0   0   0   0   0   0
    TTG   1   1   1   1   1   1 |     TCG   0   0   0   0   0   0 |     TAG   0   0   0   0   0   0 | Trp TGG   0   0   0   0   0   0
--------------------------------------------------------------------------------------------------------------------------------------
Leu CTT   1   1   1   1   1   1 | Pro CCT   1   1   1   1   1   1 | His CAT   0   0   0   0   0   0 | Arg CGT   0   0   0   0   0   0
    CTC   2   2   2   2   2   2 |     CCC   0   0   0   0   0   0 |     CAC   0   0   0   0   0   0 |     CGC   0   0   0   0   0   0
    CTA   1   1   1   1   1   1 |     CCA   1   1   1   1   1   1 | Gln CAA   1   1   1   1   1   1 |     CGA   0   0   0   0   0   0
    CTG   0   0   0   0   0   0 |     CCG   0   0   0   0   0   0 |     CAG   2   2   2   2   2   2 |     CGG   1   1   1   1   1   1
--------------------------------------------------------------------------------------------------------------------------------------
Ile ATT   0   0   0   0   0   0 | Thr ACT   1   1   1   1   1   1 | Asn AAT   4   4   4   4   4   4 | Ser AGT   0   0   0   0   0   0
    ATC   2   2   2   2   2   2 |     ACC   0   0   0   0   0   0 |     AAC   3   3   3   3   3   3 |     AGC   0   0   0   0   0   0
    ATA   0   0   0   0   0   0 |     ACA   1   1   1   1   1   1 | Lys AAA   3   3   3   3   3   3 | Arg AGA   1   1   1   1   1   1
Met ATG   0   0   0   0   0   0 |     ACG   0   0   0   0   0   0 |     AAG   0   0   0   0   0   0 |     AGG   0   0   0   0   0   0
--------------------------------------------------------------------------------------------------------------------------------------
Val GTT   2   2   2   2   2   2 | Ala GCT   0   0   0   0   0   0 | Asp GAT   2   2   2   2   2   2 | Gly GGT   0   0   0   0   0   0
    GTC   0   0   0   0   0   0 |     GCC   0   0   0   0   0   0 |     GAC   0   0   0   0   0   0 |     GGC   1   1   1   1   1   1
    GTA   0   0   0   0   0   0 |     GCA   0   0   0   0   0   0 | Glu GAA   0   0   0   0   0   0 |     GGA   1   1   1   1   1   1
    GTG   0   0   0   0   0   0 |     GCG   0   0   0   0   0   0 |     GAG   1   1   1   1   1   1 |     GGG   1   1   1   1   1   1
--------------------------------------------------------------------------------------------------------------------------------------

--------------------------------------------------------------------------------------------------------------------------------------
Phe TTT   2   2   2   2   2   2 | Ser TCT   2   1   2   2   1   1 | Tyr TAT   0   0   0   0   0   0 | Cys TGT   0   0   0   0   0   0
    TTC   1   1   1   1   1   1 |     TCC   3   4   3   3   4   4 |     TAC   1   1   1   1   1   1 |     TGC   0   0   0   0   0   0
Leu TTA   0   0   0   0   0   0 |     TCA   0   0   0   0   0   0 | *** TAA   0   0   0   0   0   0 | *** TGA   0   0   0   0   0   0
    TTG   1   1   1   1   1   1 |     TCG   0   0   0   0   0   0 |     TAG   0   0   0   0   0   0 | Trp TGG   0   0   0   0   0   0
--------------------------------------------------------------------------------------------------------------------------------------
Leu CTT   1   1   1   1   1   1 | Pro CCT   1   1   1   1   1   1 | His CAT   0   0   0   0   0   0 | Arg CGT   0   0   0   0   0   0
    CTC   2   2   2   2   2   2 |     CCC   0   0   0   0   0   0 |     CAC   0   0   0   0   0   0 |     CGC   0   0   0   0   0   0
    CTA   1   1   1   1   1   1 |     CCA   1   1   1   1   1   1 | Gln CAA   1   1   1   1   1   1 |     CGA   0   0   0   0   0   0
    CTG   0   0   0   0   0   0 |     CCG   0   0   0   0   0   0 |     CAG   2   2   2   2   2   2 |     CGG   1   1   1   1   1   1
--------------------------------------------------------------------------------------------------------------------------------------
Ile ATT   0   0   0   0   0   0 | Thr ACT   1   1   1   1   1   1 | Asn AAT   4   4   4   4   4   4 | Ser AGT   0   0   0   0   0   0
    ATC   2   1   2   2   2   2 |     ACC   0   0   0   0   0   0 |     AAC   3   3   3   3   3   3 |     AGC   0   0   0   0   0   0
    ATA   0   0   0   0   0   0 |     ACA   1   1   1   1   1   1 | Lys AAA   3   3   3   3   3   3 | Arg AGA   1   1   1   1   1   1
Met ATG   0   0   0   0   0   0 |     ACG   0   0   0   0   0   0 |     AAG   0   0   0   0   0   0 |     AGG   0   0   0   0   0   0
--------------------------------------------------------------------------------------------------------------------------------------
Val GTT   2   2   2   2   2   2 | Ala GCT   0   0   0   0   0   0 | Asp GAT   2   2   2   2   2   2 | Gly GGT   0   0   0   0   0   0
    GTC   0   1   0   0   0   0 |     GCC   0   0   0   0   0   0 |     GAC   0   0   0   0   0   0 |     GGC   1   1   1   1   1   1
    GTA   0   0   0   0   0   0 |     GCA   0   0   0   0   0   0 | Glu GAA   0   0   0   0   0   0 |     GGA   1   1   1   1   1   1
    GTG   0   0   0   0   0   0 |     GCG   0   0   0   0   0   0 |     GAG   1   1   1   1   1   1 |     GGG   1   1   1   1   1   1
--------------------------------------------------------------------------------------------------------------------------------------

--------------------------------------------------------------------------------------------------------------------------------------
Phe TTT   2   2   2   2   2   2 | Ser TCT   1   1   1   1   1   1 | Tyr TAT   0   0   0   0   0   0 | Cys TGT   0   0   0   0   0   0
    TTC   1   1   1   1   1   1 |     TCC   4   4   4   4   4   4 |     TAC   1   1   1   1   1   1 |     TGC   0   0   0   0   0   0
Leu TTA   0   0   0   0   0   0 |     TCA   0   0   0   0   0   0 | *** TAA   0   0   0   0   0   0 | *** TGA   0   0   0   0   0   0
    TTG   1   1   1   1   1   1 |     TCG   0   0   0   0   0   0 |     TAG   0   0   0   0   0   0 | Trp TGG   0   0   0   0   0   0
--------------------------------------------------------------------------------------------------------------------------------------
Leu CTT   1   1   1   2   1   1 | Pro CCT   1   1   0   1   1   1 | His CAT   0   0   0   0   0   0 | Arg CGT   0   0   0   0   0   0
    CTC   2   2   2   2   2   2 |     CCC   0   0   1   0   0   0 |     CAC   0   0   0   0   0   0 |     CGC   0   0   0   0   0   0
    CTA   1   1   1   0   1   1 |     CCA   1   1   0   1   1   1 | Gln CAA   1   1   1   1   1   1 |     CGA   0   0   0   0   0   0
    CTG   0   0   0   0   0   0 |     CCG   0   0   0   0   0   0 |     CAG   2   2   2   2   2   2 |     CGG   1   1   1   1   1   1
--------------------------------------------------------------------------------------------------------------------------------------
Ile ATT   0   0   0   0   0   0 | Thr ACT   1   1   1   1   1   1 | Asn AAT   4   4   4   4   4   4 | Ser AGT   0   0   0   0   0   0
    ATC   2   2   2   2   2   2 |     ACC   0   0   0   0   0   0 |     AAC   3   3   3   3   3   3 |     AGC   0   0   0   0   0   0
    ATA   0   0   0   0   0   0 |     ACA   1   1   1   1   1   1 | Lys AAA   3   3   3   3   3   3 | Arg AGA   1   1   1   1   1   1
Met ATG   0   0   0   0   0   0 |     ACG   0   0   0   0   0   0 |     AAG   0   0   0   0   0   0 |     AGG   0   0   0   0   0   0
--------------------------------------------------------------------------------------------------------------------------------------
Val GTT   2   2   2   2   2   2 | Ala GCT   0   0   0   0   0   0 | Asp GAT   2   2   2   2   2   2 | Gly GGT   0   0   0   0   0   0
    GTC   0   0   0   0   0   0 |     GCC   0   0   0   0   0   0 |     GAC   0   0   0   0   0   0 |     GGC   1   1   1   1   1   1
    GTA   0   0   0   0   0   0 |     GCA   0   0   1   0   0   0 | Glu GAA   0   0   0   0   0   0 |     GGA   1   1   1   1   1   1
    GTG   0   0   0   0   0   0 |     GCG   0   0   0   0   0   0 |     GAG   1   1   1   1   1   1 |     GGG   1   1   1   1   1   1
--------------------------------------------------------------------------------------------------------------------------------------

Codon position x base (3x4) table for each sequence.

#1: Argali         
position  1:    T:0.23256    C:0.23256    A:0.34884    G:0.18605
position  2:    T:0.27907    C:0.20930    A:0.39535    G:0.11628
position  3:    T:0.32558    C:0.32558    A:0.20930    G:0.13953
Average         T:0.27907    C:0.25581    A:0.31783    G:0.14729

#2: LesserMouseDeer
position  1:    T:0.23256    C:0.23256    A:0.34884    G:0.18605
position  2:    T:0.27907    C:0.20930    A:0.39535    G:0.11628
position  3:    T:0.32558    C:0.32558    A:0.16279    G:0.18605
Average         T:0.27907    C:0.25581    A:0.30233    G:0.16279

#3: LesserKudu     
position  1:    T:0.23256    C:0.23256    A:0.34884    G:0.18605
position  2:    T:0.27907    C:0.20930    A:0.39535    G:0.11628
position  3:    T:0.30233    C:0.34884    A:0.20930    G:0.13953
Average         T:0.27132    C:0.26357    A:0.31783    G:0.14729

#4: ForestMuskDeer2
position  1:    T:0.23256    C:0.23256    A:0.34884    G:0.18605
position  2:    T:0.27907    C:0.20930    A:0.39535    G:0.11628
position  3:    T:0.34884    C:0.32558    A:0.18605    G:0.13953
Average         T:0.28682    C:0.25581    A:0.31008    G:0.14729

#5: Camel          
position  1:    T:0.23256    C:0.23256    A:0.34884    G:0.18605
position  2:    T:0.27907    C:0.20930    A:0.39535    G:0.11628
position  3:    T:0.30233    C:0.34884    A:0.23256    G:0.11628
Average         T:0.27132    C:0.26357    A:0.32558    G:0.13953

#6: KillerWhale    
position  1:    T:0.23256    C:0.23256    A:0.32558    G:0.20930
position  2:    T:0.27907    C:0.20930    A:0.39535    G:0.11628
position  3:    T:0.37209    C:0.27907    A:0.20930    G:0.13953
Average         T:0.29457    C:0.24031    A:0.31008    G:0.15504

#7: DefassaWaterbuck
position  1:    T:0.23256    C:0.23256    A:0.34884    G:0.18605
position  2:    T:0.27907    C:0.20930    A:0.39535    G:0.11628
position  3:    T:0.34884    C:0.30233    A:0.20930    G:0.13953
Average         T:0.28682    C:0.24806    A:0.31783    G:0.14729

#8: Sheep          
position  1:    T:0.23256    C:0.23256    A:0.34884    G:0.18605
position  2:    T:0.27907    C:0.20930    A:0.39535    G:0.11628
position  3:    T:0.32558    C:0.32558    A:0.20930    G:0.13953
Average         T:0.27907    C:0.25581    A:0.31783    G:0.14729

#9: MaxwellsDuiker 
position  1:    T:0.23256    C:0.23256    A:0.34884    G:0.18605
position  2:    T:0.27907    C:0.20930    A:0.39535    G:0.11628
position  3:    T:0.34884    C:0.32558    A:0.18605    G:0.13953
Average         T:0.28682    C:0.25581    A:0.31008    G:0.14729

#10: GazellaPrzewalskyi
position  1:    T:0.23256    C:0.23256    A:0.34884    G:0.18605
position  2:    T:0.27907    C:0.20930    A:0.39535    G:0.11628
position  3:    T:0.32558    C:0.32558    A:0.20930    G:0.13953
Average         T:0.27907    C:0.25581    A:0.31783    G:0.14729

#11: MountainNyala  
position  1:    T:0.23256    C:0.23256    A:0.34884    G:0.18605
position  2:    T:0.27907    C:0.20930    A:0.39535    G:0.11628
position  3:    T:0.34884    C:0.30233    A:0.20930    G:0.13953
Average         T:0.28682    C:0.24806    A:0.31783    G:0.14729

#12: MuntiacusMuntjak
position  1:    T:0.23256    C:0.23256    A:0.34884    G:0.18605
position  2:    T:0.27907    C:0.20930    A:0.39535    G:0.11628
position  3:    T:0.34884    C:0.30233    A:0.20930    G:0.13953
Average         T:0.28682    C:0.24806    A:0.31783    G:0.14729

#13: goat           
position  1:    T:0.23256    C:0.23256    A:0.34884    G:0.18605
position  2:    T:0.27907    C:0.20930    A:0.39535    G:0.11628
position  3:    T:0.32558    C:0.32558    A:0.20930    G:0.13953
Average         T:0.27907    C:0.25581    A:0.31783    G:0.14729

#14: AfricanBuffalo 
position  1:    T:0.23256    C:0.23256    A:0.34884    G:0.18605
position  2:    T:0.27907    C:0.20930    A:0.39535    G:0.11628
position  3:    T:0.32558    C:0.32558    A:0.20930    G:0.13953
Average         T:0.27907    C:0.25581    A:0.31783    G:0.14729

#15: Topi           
position  1:    T:0.23256    C:0.23256    A:0.34884    G:0.18605
position  2:    T:0.27907    C:0.20930    A:0.39535    G:0.11628
position  3:    T:0.32558    C:0.32558    A:0.20930    G:0.13953
Average         T:0.27907    C:0.25581    A:0.31783    G:0.14729

#16: CommonDuiker   
position  1:    T:0.23256    C:0.23256    A:0.34884    G:0.18605
position  2:    T:0.27907    C:0.20930    A:0.39535    G:0.11628
position  3:    T:0.32558    C:0.34884    A:0.18605    G:0.13953
Average         T:0.27907    C:0.26357    A:0.31008    G:0.14729

#17: Suni           
position  1:    T:0.25581    C:0.23256    A:0.32558    G:0.18605
position  2:    T:0.27907    C:0.20930    A:0.39535    G:0.11628
position  3:    T:0.32558    C:0.32558    A:0.20930    G:0.13953
Average         T:0.28682    C:0.25581    A:0.31008    G:0.14729

#18: Springbuck     
position  1:    T:0.23256    C:0.23256    A:0.34884    G:0.18605
position  2:    T:0.27907    C:0.20930    A:0.39535    G:0.11628
position  3:    T:0.32558    C:0.32558    A:0.20930    G:0.13953
Average         T:0.27907    C:0.25581    A:0.31783    G:0.14729

#19: Okapi          
position  1:    T:0.23256    C:0.23256    A:0.34884    G:0.18605
position  2:    T:0.27907    C:0.20930    A:0.39535    G:0.11628
position  3:    T:0.32558    C:0.32558    A:0.20930    G:0.13953
Average         T:0.27907    C:0.25581    A:0.31783    G:0.14729

#20: Giraffe        
position  1:    T:0.23256    C:0.23256    A:0.34884    G:0.18605
position  2:    T:0.27907    C:0.20930    A:0.39535    G:0.11628
position  3:    T:0.32558    C:0.32558    A:0.20930    G:0.13953
Average         T:0.27907    C:0.25581    A:0.31783    G:0.14729

#21: TibetanAntelope
position  1:    T:0.23256    C:0.23256    A:0.34884    G:0.18605
position  2:    T:0.27907    C:0.20930    A:0.39535    G:0.11628
position  3:    T:0.32558    C:0.32558    A:0.20930    G:0.13953
Average         T:0.27907    C:0.25581    A:0.31783    G:0.14729

#22: Sitatunga      
position  1:    T:0.23256    C:0.23256    A:0.34884    G:0.18605
position  2:    T:0.27907    C:0.20930    A:0.39535    G:0.11628
position  3:    T:0.32558    C:0.32558    A:0.20930    G:0.13953
Average         T:0.27907    C:0.25581    A:0.31783    G:0.14729

#23: Oribi          
position  1:    T:0.23256    C:0.23256    A:0.34884    G:0.18605
position  2:    T:0.27907    C:0.20930    A:0.39535    G:0.11628
position  3:    T:0.32558    C:0.32558    A:0.20930    G:0.13953
Average         T:0.27907    C:0.25581    A:0.31783    G:0.14729

#24: BarbarySheep   
position  1:    T:0.23256    C:0.23256    A:0.34884    G:0.18605
position  2:    T:0.27907    C:0.20930    A:0.39535    G:0.11628
position  3:    T:0.32558    C:0.32558    A:0.20930    G:0.13953
Average         T:0.27907    C:0.25581    A:0.31783    G:0.14729

#25: Daviddeer      
position  1:    T:0.23256    C:0.23256    A:0.34884    G:0.18605
position  2:    T:0.27907    C:0.20930    A:0.39535    G:0.11628
position  3:    T:0.34884    C:0.30233    A:0.20930    G:0.13953
Average         T:0.28682    C:0.24806    A:0.31783    G:0.14729

#26: Reindeer       
position  1:    T:0.23256    C:0.23256    A:0.34884    G:0.18605
position  2:    T:0.27907    C:0.20930    A:0.39535    G:0.11628
position  3:    T:0.32558    C:0.32558    A:0.20930    G:0.13953
Average         T:0.27907    C:0.25581    A:0.31783    G:0.14729

#27: Ibex           
position  1:    T:0.23256    C:0.23256    A:0.34884    G:0.18605
position  2:    T:0.27907    C:0.20930    A:0.39535    G:0.11628
position  3:    T:0.32558    C:0.32558    A:0.20930    G:0.13953
Average         T:0.27907    C:0.25581    A:0.31783    G:0.14729

#28: GyrantGazelle  
position  1:    T:0.23256    C:0.23256    A:0.34884    G:0.18605
position  2:    T:0.27907    C:0.20930    A:0.39535    G:0.11628
position  3:    T:0.32558    C:0.32558    A:0.20930    G:0.13953
Average         T:0.27907    C:0.25581    A:0.31783    G:0.14729

#29: Hartebeest     
position  1:    T:0.23256    C:0.23256    A:0.34884    G:0.18605
position  2:    T:0.27907    C:0.20930    A:0.39535    G:0.11628
position  3:    T:0.32558    C:0.32558    A:0.20930    G:0.13953
Average         T:0.27907    C:0.25581    A:0.31783    G:0.14729

#30: Bongo          
position  1:    T:0.23256    C:0.23256    A:0.34884    G:0.18605
position  2:    T:0.27907    C:0.20930    A:0.39535    G:0.11628
position  3:    T:0.32558    C:0.32558    A:0.20930    G:0.13953
Average         T:0.27907    C:0.25581    A:0.31783    G:0.14729

#31: Gerenuk        
position  1:    T:0.23256    C:0.23256    A:0.34884    G:0.18605
position  2:    T:0.27907    C:0.20930    A:0.39535    G:0.11628
position  3:    T:0.30233    C:0.34884    A:0.20930    G:0.13953
Average         T:0.27132    C:0.26357    A:0.31783    G:0.14729

#32: CommonEland    
position  1:    T:0.23256    C:0.23256    A:0.34884    G:0.18605
position  2:    T:0.27907    C:0.20930    A:0.39535    G:0.11628
position  3:    T:0.32558    C:0.32558    A:0.20930    G:0.13953
Average         T:0.27907    C:0.25581    A:0.31783    G:0.14729

#33: MuntiacusReevesi
position  1:    T:0.23256    C:0.23256    A:0.34884    G:0.18605
position  2:    T:0.27907    C:0.20930    A:0.39535    G:0.11628
position  3:    T:0.34884    C:0.30233    A:0.20930    G:0.13953
Average         T:0.28682    C:0.24806    A:0.31783    G:0.14729

#34: HarveysDuiker  
position  1:    T:0.23256    C:0.23256    A:0.34884    G:0.18605
position  2:    T:0.27907    C:0.20930    A:0.39535    G:0.11628
position  3:    T:0.32558    C:0.34884    A:0.18605    G:0.13953
Average         T:0.27907    C:0.26357    A:0.31008    G:0.14729

#35: Pronghorn      
position  1:    T:0.23256    C:0.23256    A:0.34884    G:0.18605
position  2:    T:0.27907    C:0.20930    A:0.39535    G:0.11628
position  3:    T:0.32558    C:0.32558    A:0.20930    G:0.13953
Average         T:0.27907    C:0.25581    A:0.31783    G:0.14729

#36: BlueWildebeest 
position  1:    T:0.23256    C:0.23256    A:0.34884    G:0.18605
position  2:    T:0.27907    C:0.20930    A:0.39535    G:0.11628
position  3:    T:0.32558    C:0.32558    A:0.20930    G:0.13953
Average         T:0.27907    C:0.25581    A:0.31783    G:0.14729

#37: Gemsbok        
position  1:    T:0.23256    C:0.23256    A:0.34884    G:0.18605
position  2:    T:0.27907    C:0.20930    A:0.39535    G:0.11628
position  3:    T:0.32558    C:0.32558    A:0.20930    G:0.13953
Average         T:0.27907    C:0.25581    A:0.31783    G:0.14729

#38: Yak            
position  1:    T:0.23256    C:0.23256    A:0.34884    G:0.18605
position  2:    T:0.27907    C:0.20930    A:0.39535    G:0.11628
position  3:    T:0.32558    C:0.32558    A:0.20930    G:0.13953
Average         T:0.27907    C:0.25581    A:0.31783    G:0.14729

#39: BlueSheep      
position  1:    T:0.23256    C:0.23256    A:0.34884    G:0.18605
position  2:    T:0.27907    C:0.20930    A:0.39535    G:0.11628
position  3:    T:0.32558    C:0.32558    A:0.20930    G:0.13953
Average         T:0.27907    C:0.25581    A:0.31783    G:0.14729

#40: BohorReedbuck  
position  1:    T:0.23256    C:0.23256    A:0.34884    G:0.18605
position  2:    T:0.27907    C:0.20930    A:0.39535    G:0.11628
position  3:    T:0.32558    C:0.32558    A:0.20930    G:0.13953
Average         T:0.27907    C:0.25581    A:0.31783    G:0.14729

#41: KirksDik       
position  1:    T:0.23256    C:0.23256    A:0.34884    G:0.18605
position  2:    T:0.27907    C:0.20930    A:0.39535    G:0.11628
position  3:    T:0.32558    C:0.32558    A:0.20930    G:0.13953
Average         T:0.27907    C:0.25581    A:0.31783    G:0.14729

#42: RoeDeer        
position  1:    T:0.23256    C:0.23256    A:0.34884    G:0.18605
position  2:    T:0.27907    C:0.20930    A:0.39535    G:0.11628
position  3:    T:0.34884    C:0.30233    A:0.20930    G:0.13953
Average         T:0.28682    C:0.24806    A:0.31783    G:0.14729

#43: WhiteLippedDeer
position  1:    T:0.23256    C:0.23256    A:0.34884    G:0.18605
position  2:    T:0.27907    C:0.20930    A:0.39535    G:0.11628
position  3:    T:0.34884    C:0.30233    A:0.20930    G:0.13953
Average         T:0.28682    C:0.24806    A:0.31783    G:0.14729

#44: ThomsonGazelle 
position  1:    T:0.23256    C:0.23256    A:0.32558    G:0.20930
position  2:    T:0.27907    C:0.20930    A:0.39535    G:0.11628
position  3:    T:0.32558    C:0.32558    A:0.20930    G:0.13953
Average         T:0.27907    C:0.25581    A:0.31008    G:0.15504

#45: MuntiacusCrinifrons
position  1:    T:0.23256    C:0.23256    A:0.34884    G:0.18605
position  2:    T:0.27907    C:0.20930    A:0.39535    G:0.11628
position  3:    T:0.34884    C:0.30233    A:0.20930    G:0.13953
Average         T:0.28682    C:0.24806    A:0.31783    G:0.14729

#46: WhiteTailedDeer
position  1:    T:0.23256    C:0.23256    A:0.34884    G:0.18605
position  2:    T:0.27907    C:0.20930    A:0.39535    G:0.11628
position  3:    T:0.34884    C:0.30233    A:0.20930    G:0.13953
Average         T:0.28682    C:0.24806    A:0.31783    G:0.14729

#47: Cattle         
position  1:    T:0.23256    C:0.23256    A:0.34884    G:0.18605
position  2:    T:0.27907    C:0.20930    A:0.39535    G:0.11628
position  3:    T:0.32558    C:0.32558    A:0.20930    G:0.13953
Average         T:0.27907    C:0.25581    A:0.31783    G:0.14729

#48: RoyalAntelope  
position  1:    T:0.23256    C:0.23256    A:0.34884    G:0.18605
position  2:    T:0.27907    C:0.20930    A:0.39535    G:0.11628
position  3:    T:0.32558    C:0.32558    A:0.20930    G:0.13953
Average         T:0.27907    C:0.25581    A:0.31783    G:0.14729

#49: Steenbok       
position  1:    T:0.23256    C:0.23256    A:0.34884    G:0.18605
position  2:    T:0.27907    C:0.20930    A:0.39535    G:0.11628
position  3:    T:0.32558    C:0.32558    A:0.20930    G:0.13953
Average         T:0.27907    C:0.25581    A:0.31783    G:0.14729

#50: Impala         
position  1:    T:0.23256    C:0.23256    A:0.34884    G:0.18605
position  2:    T:0.27907    C:0.20930    A:0.39535    G:0.11628
position  3:    T:0.32558    C:0.32558    A:0.20930    G:0.13953
Average         T:0.27907    C:0.25581    A:0.31783    G:0.14729

#51: Klipspringer   
position  1:    T:0.23256    C:0.20930    A:0.34884    G:0.20930
position  2:    T:0.27907    C:0.20930    A:0.39535    G:0.11628
