CODONML (in paml version 4.10.7, June 2023)  /home/rachel/ruminants_paml/6406-phy-tree/ENSBTAT00000013675.fasta.phy
Model: free dN/dS Ratios for branches,  kappa = 2.000 fixed

Codon frequency model: F3x4
ns =  54  ls =  78

Codon usage in sequences
--------------------------------------------------------------------------------------------------------------------------------------
Phe TTT   4   4   4   4   5   5 | Ser TCT   1   1   1   1   1   1 | Tyr TAT   2   2   2   2   2   1 | Cys TGT   1   1   1   1   1   2
    TTC   1   1   1   1   0   0 |     TCC   0   0   0   0   1   0 |     TAC   1   1   1   1   1   1 |     TGC   1   1   1   1   1   1
Leu TTA   1   1   1   0   1   1 |     TCA   2   2   2   2   1   2 | *** TAA   0   0   0   0   0   0 | *** TGA   0   0   0   0   0   0
    TTG   1   0   1   2   1   1 |     TCG   0   0   0   0   0   0 |     TAG   0   0   0   0   0   0 | Trp TGG   1   1   1   1   1   1
--------------------------------------------------------------------------------------------------------------------------------------
Leu CTT   3   3   3   3   3   3 | Pro CCT   5   5   5   5   5   5 | His CAT   2   1   3   2   1   1 | Arg CGT   0   0   0   0   0   0
    CTC   0   1   0   0   1   0 |     CCC   0   0   0   0   0   0 |     CAC   2   3   1   2   3   3 |     CGC   0   0   0   0   0   0
    CTA   1   0   1   1   0   1 |     CCA   4   4   4   5   5   4 | Gln CAA   2   0   2   2   2   3 |     CGA   0   0   0   0   0   0
    CTG   1   2   1   1   1   1 |     CCG   2   2   2   1   1   2 |     CAG   3   5   3   3   3   1 |     CGG   0   0   0   0   0   0
--------------------------------------------------------------------------------------------------------------------------------------
Ile ATT   3   2   3   3   3   3 | Thr ACT   1   1   1   1   1   1 | Asn AAT   1   1   1   1   1   1 | Ser AGT   2   3   2   2   3   2
    ATC   0   0   0   0   0   0 |     ACC   0   0   0   0   0   0 |     AAC   1   1   1   1   1   0 |     AGC   1   1   1   1   1   1
    ATA   1   1   1   1   2   1 |     ACA   2   2   2   1   1   1 | Lys AAA   2   1   2   2   2   3 | Arg AGA   2   2   2   2   2   2
Met ATG   3   3   3   3   3   2 |     ACG   0   0   0   1   0   1 |     AAG   2   3   2   2   2   2 |     AGG   0   0   0   0   0   0
--------------------------------------------------------------------------------------------------------------------------------------
Val GTT   1   2   1   0   1   0 | Ala GCT   3   2   3   3   3   4 | Asp GAT   2   1   2   2   2   2 | Gly GGT   2   1   2   2   1   2
    GTC   0   0   0   1   0   0 |     GCC   1   2   1   1   1   1 |     GAC   0   1   0   0   0   0 |     GGC   0   0   0   0   0   0
    GTA   0   0   0   0   0   0 |     GCA   1   0   1   1   0   2 | Glu GAA   1   1   1   1   0   2 |     GGA   0   1   0   0   1   0
    GTG   1   1   1   1   1   1 |     GCG   0   1   0   0   1   1 |     GAG   2   2   2   2   3   1 |     GGG   2   1   2   2   1   2
--------------------------------------------------------------------------------------------------------------------------------------

--------------------------------------------------------------------------------------------------------------------------------------
Phe TTT   4   4   4   4   4   4 | Ser TCT   1   1   1   1   1   1 | Tyr TAT   2   2   2   2   2   2 | Cys TGT   1   1   1   1   1   1
    TTC   1   1   1   1   1   1 |     TCC   0   0   0   0   0   0 |     TAC   1   1   1   1   1   1 |     TGC   1   1   1   1   1   1
Leu TTA   1   1   1   1   1   1 |     TCA   2   2   2   2   2   2 | *** TAA   0   0   0   0   0   0 | *** TGA   0   0   0   0   0   0
    TTG   1   1   1   1   1   1 |     TCG   0   0   0   0   0   0 |     TAG   0   0   0   0   0   0 | Trp TGG   1   1   1   1   1   1
--------------------------------------------------------------------------------------------------------------------------------------
Leu CTT   3   3   3   3   3   3 | Pro CCT   5   5   5   5   5   5 | His CAT   2   2   2   2   3   2 | Arg CGT   0   0   0   0   0   0
    CTC   0   0   0   0   0   0 |     CCC   0   0   0   0   0   0 |     CAC   2   2   2   2   1   2 |     CGC   0   0   0   0   0   0
    CTA   1   1   1   1   1   1 |     CCA   4   4   3   3   4   4 | Gln CAA   2   2   2   2   2   2 |     CGA   0   0   0   0   0   0
    CTG   1   1   1   1   1   1 |     CCG   2   2   3   3   2   2 |     CAG   3   3   3   3   3   3 |     CGG   0   0   0   0   0   0
--------------------------------------------------------------------------------------------------------------------------------------
Ile ATT   3   3   3   3   3   3 | Thr ACT   1   1   0   1   1   1 | Asn AAT   1   1   1   1   1   1 | Ser AGT   2   2   2   2   2   2
    ATC   0   0   0   0   0   0 |     ACC   0   0   0   0   0   0 |     AAC   1   1   1   1   1   1 |     AGC   1   1   1   1   1   1
    ATA   1   1   1   1   1   1 |     ACA   2   2   2   2   2   2 | Lys AAA   2   2   2   2   2   2 | Arg AGA   2   2   2   2   2   2
Met ATG   3   3   3   3   3   3 |     ACG   0   0   0   0   0   0 |     AAG   2   2   2   2   2   2 |     AGG   0   0   0   0   0   0
--------------------------------------------------------------------------------------------------------------------------------------
Val GTT   1   1   1   1   1   1 | Ala GCT   3   3   4   3   3   3 | Asp GAT   2   2   2   2   2   2 | Gly GGT   2   2   2   2   2   2
    GTC   0   0   0   0   0   0 |     GCC   1   1   1   1   1   1 |     GAC   0   0   0   0   0   0 |     GGC   0   0   0   0   0   0
    GTA   0   0   0   0   0   0 |     GCA   1   1   1   1   1   1 | Glu GAA   1   1   1   1   1   1 |     GGA   0   0   0   0   0   0
    GTG   1   1   1   1   1   1 |     GCG   0   0   0   0   0   0 |     GAG   2   2   2   2   2   2 |     GGG   2   2   2   2   2   2
--------------------------------------------------------------------------------------------------------------------------------------

--------------------------------------------------------------------------------------------------------------------------------------
Phe TTT   4   4   4   4   4   4 | Ser TCT   1   1   1   1   1   1 | Tyr TAT   2   2   2   1   2   2 | Cys TGT   1   1   1   1   1   1
    TTC   1   1   1   1   1   1 |     TCC   0   0   0   0   0   0 |     TAC   1   1   1   2   1   1 |     TGC   1   1   1   1   1   1
Leu TTA   1   1   1   1   1   1 |     TCA   2   2   2   2   2   2 | *** TAA   0   0   0   0   0   0 | *** TGA   0   0   0   0   0   0
    TTG   1   1   1   1   1   1 |     TCG   0   0   0   0   0   0 |     TAG   0   0   0   0   0   0 | Trp TGG   1   1   1   1   1   1
--------------------------------------------------------------------------------------------------------------------------------------
Leu CTT   3   3   3   3   3   3 | Pro CCT   5   5   5   5   5   5 | His CAT   2   2   2   2   2   2 | Arg CGT   0   0   0   0   0   0
    CTC   0   0   0   0   0   0 |     CCC   0   0   0   0   0   0 |     CAC   2   2   2   2   2   2 |     CGC   0   0   0   0   0   0
    CTA   1   1   1   1   1   1 |     CCA   4   4   4   3   4   3 | Gln CAA   2   2   2   2   2   2 |     CGA   0   0   0   0   0   0
    CTG   1   1   1   1   1   1 |     CCG   2   2   2   3   2   3 |     CAG   3   3   3   3   3   3 |     CGG   0   0   0   0   0   0
--------------------------------------------------------------------------------------------------------------------------------------
Ile ATT   3   3   3   3   3   3 | Thr ACT   1   1   1   1   1   1 | Asn AAT   1   1   1   1   1   1 | Ser AGT   2   2   2   2   2   2
    ATC   0   0   0   0   0   0 |     ACC   0   0   0   0   0   0 |     AAC   1   1   1   1   1   1 |     AGC   1   1   1   1   1   1
    ATA   1   1   1   1   1   1 |     ACA   2   2   2   2   2   1 | Lys AAA   2   2   2   2   2   3 | Arg AGA   2   2   2   2   2   2
Met ATG   3   3   3   3   3   3 |     ACG   0   0   0   0   0   1 |     AAG   2   2   2   2   2   1 |     AGG   0   0   0   0   0   0
--------------------------------------------------------------------------------------------------------------------------------------
Val GTT   1   1   1   1   1   1 | Ala GCT   3   3   3   3   2   3 | Asp GAT   2   2   2   2   2   2 | Gly GGT   2   2   2   2   2   2
    GTC   0   0   0   0   0   0 |     GCC   1   1   1   1   2   1 |     GAC   0   0   0   0   0   0 |     GGC   0   0   0   0   0   0
    GTA   0   0   0   0   0   0 |     GCA   1   1   1   1   1   1 | Glu GAA   1   1   1   1   1   1 |     GGA   0   0   0   0   0   0
    GTG   1   1   1   1   1   1 |     GCG   0   0   0   0   0   0 |     GAG   2   2   2   2   2   2 |     GGG   2   2   2   2   2   2
--------------------------------------------------------------------------------------------------------------------------------------

--------------------------------------------------------------------------------------------------------------------------------------
Phe TTT   4   4   4   4   4   4 | Ser TCT   1   1   1   1   1   1 | Tyr TAT   2   3   2   2   2   2 | Cys TGT   1   1   1   1   1   1
    TTC   1   1   1   1   1   1 |     TCC   0   0   0   0   0   0 |     TAC   1   0   1   1   1   1 |     TGC   1   1   1   1   1   1
Leu TTA   1   1   1   1   1   1 |     TCA   2   2   2   2   2   2 | *** TAA   0   0   0   0   0   0 | *** TGA   0   0   0   0   0   0
    TTG   1   1   1   1   1   1 |     TCG   0   0   0   0   0   0 |     TAG   0   0   0   0   0   0 | Trp TGG   1   1   1   1   1   1
--------------------------------------------------------------------------------------------------------------------------------------
Leu CTT   3   3   3   3   3   3 | Pro CCT   5   4   5   5   5   5 | His CAT   2   2   2   3   2   2 | Arg CGT   0   0   0   0   0   0
    CTC   0   0   0   0   0   0 |     CCC   0   0   0   0   0   0 |     CAC   2   2   2   1   2   2 |     CGC   0   0   0   0   0   0
    CTA   1   1   1   1   1   1 |     CCA   4   5   5   4   3   4 | Gln CAA   2   2   2   2   2   2 |     CGA   0   0   0   0   0   0
    CTG   1   1   1   1   1   1 |     CCG   2   2   1   2   3   2 |     CAG   3   3   3   3   3   3 |     CGG   0   0   0   0   0   0
--------------------------------------------------------------------------------------------------------------------------------------
Ile ATT   3   3   3   3   3   3 | Thr ACT   1   1   1   1   1   1 | Asn AAT   1   1   1   1   1   1 | Ser AGT   2   2   2   2   2   2
    ATC   0   0   0   0   0   0 |     ACC   0   0   0   0   0   0 |     AAC   1   1   1   1   1   1 |     AGC   1   1   1   1   1   1
    ATA   1   1   1   1   1   1 |     ACA   2   2   2   2   2   2 | Lys AAA   2   2   2   2   2   2 | Arg AGA   2   2   2   2   2   2
Met ATG   3   3   3   3   3   3 |     ACG   0   0   0   0   0   0 |     AAG   2   2   2   2   2   2 |     AGG   0   0   0   0   0   0
--------------------------------------------------------------------------------------------------------------------------------------
Val GTT   1   1   1   1   1   1 | Ala GCT   3   3   3   3   3   3 | Asp GAT   2   2   2   2   2   2 | Gly GGT   2   2   2   2   2   2
    GTC   0   0   0   0   0   0 |     GCC   1   1   1   1   1   1 |     GAC   0   0   0   0   0   0 |     GGC   0   0   0   0   0   0
    GTA   0   0   0   0   0   0 |     GCA   1   1   0   1   1   1 | Glu GAA   1   1   1   1   1   1 |     GGA   0   0   0   0   0   0
    GTG   1   1   1   1   1   1 |     GCG   0   0   1   0   0   0 |     GAG   2   2   2   2   2   2 |     GGG   2   2   2   2   2   2
--------------------------------------------------------------------------------------------------------------------------------------

--------------------------------------------------------------------------------------------------------------------------------------
Phe TTT   4   4   4   4   4   4 | Ser TCT   1   1   1   1   1   1 | Tyr TAT   2   2   2   2   2   2 | Cys TGT   1   1   1   1   1   1
    TTC   1   1   1   1   1   1 |     TCC   0   0   0   0   0   0 |     TAC   1   1   1   1   1   1 |     TGC   1   1   1   1   1   1
Leu TTA   1   1   1   1   1   1 |     TCA   2   2   2   2   2   2 | *** TAA   0   0   0   0   0   0 | *** TGA   0   0   0   0   0   0
    TTG   1   1   1   1   1   1 |     TCG   0   0   0   0   0   0 |     TAG   0   0   0   0   0   0 | Trp TGG   1   1   1   1   1   1
--------------------------------------------------------------------------------------------------------------------------------------
Leu CTT   3   3   3   3   3   3 | Pro CCT   5   5   5   5   5   5 | His CAT   2   2   2   2   2   3 | Arg CGT   0   0   0   0   0   0
    CTC   0   0   0   0   0   0 |     CCC   0   0   0   0   0   0 |     CAC   2   2   2   2   2   1 |     CGC   0   0   0   0   0   0
    CTA   1   1   1   1   1   1 |     CCA   4   4   4   3   4   4 | Gln CAA   2   2   2   2   2   2 |     CGA   0   0   0   0   0   0
    CTG   1   1   1   1   1   1 |     CCG   2   2   2   3   2   2 |     CAG   3   3   3   3   3   3 |     CGG   0   0   0   0   0   0
--------------------------------------------------------------------------------------------------------------------------------------
Ile ATT   3   3   3   3   3   3 | Thr ACT   1   1   1   1   1   1 | Asn AAT   1   1   1   1   1   1 | Ser AGT   2   2   2   2   2   2
    ATC   0   0   0   0   0   0 |     ACC   0   0   0   0   0   0 |     AAC   1   1   1   1   1   1 |     AGC   1   1   1   1   1   1
    ATA   1   1   1   1   1   1 |     ACA   2   2   2   2   2   2 | Lys AAA   2   2   2   2   2   2 | Arg AGA   2   2   2   2   2   2
Met ATG   3   3   3   3   3   3 |     ACG   0   0   0   0   0   0 |     AAG   2   2   2   2   2   2 |     AGG   0   0   0   0   0   0
--------------------------------------------------------------------------------------------------------------------------------------
Val GTT   1   1   1   1   1   1 | Ala GCT   3   3   3   3   3   3 | Asp GAT   2   2   2   2   2   2 | Gly GGT   2   2   2   2   2   2
    GTC   0   0   0   0   0   0 |     GCC   1   1   1   1   1   1 |     GAC   0   0   0   0   0   0 |     GGC   0   0   0   0   0   0
    GTA   0   0   0   0   0   0 |     GCA   1   1   1   1   1   1 | Glu GAA   1   1   1   1   1   1 |     GGA   0   0   0   0   0   0
    GTG   1   1   1   1   1   1 |     GCG   0   0   0   0   0   0 |     GAG   2   2   2   2   2   2 |     GGG   2   2   2   2   2   2
--------------------------------------------------------------------------------------------------------------------------------------

--------------------------------------------------------------------------------------------------------------------------------------
Phe TTT   4   4   4   4   4   3 | Ser TCT   1   1   1   1   1   1 | Tyr TAT   2   2   2   2   1   1 | Cys TGT   1   1   1   1   0   1
    TTC   1   1   1   1   1   2 |     TCC   0   0   0   0   0   0 |     TAC   1   1   1   1   2   2 |     TGC   1   1   1   1   2   1
Leu TTA   1   1   1   1   1   1 |     TCA   2   2   2   2   0   2 | *** TAA   0   0   0   0   0   0 | *** TGA   0   0   0   0   0   0
    TTG   1   1   1   1   1   1 |     TCG   0   0   0   0   1   0 |     TAG   0   0   0   0   0   0 | Trp TGG   1   1   1   1   1   1
--------------------------------------------------------------------------------------------------------------------------------------
Leu CTT   3   3   3   3   3   2 | Pro CCT   5   5   5   5   5   5 | His CAT   2   3   2   2   2   2 | Arg CGT   0   0   0   0   0   0
    CTC   0   0   0   0   0   1 |     CCC   0   0   0   0   0   0 |     CAC   2   1   2   2   2   2 |     CGC   0   0   0   0   0   0
    CTA   1   1   1   1   1   1 |     CCA   3   4   4   3   5   4 | Gln CAA   2   2   2   2   1   2 |     CGA   0   0   0   0   0   0
    CTG   1   1   1   1   1   1 |     CCG   3   2   2   3   2   2 |     CAG   3   3   3   3   4   3 |     CGG   0   0   0   0   0   0
--------------------------------------------------------------------------------------------------------------------------------------
Ile ATT   3   3   3   3   3   2 | Thr ACT   1   1   1   1   1   1 | Asn AAT   1   1   1   1   1   1 | Ser AGT   2   2   2   2   2   2
    ATC   0   0   0   0   0   1 |     ACC   0   0   0   0   0   0 |     AAC   1   1   1   1   1   1 |     AGC   1   1   1   1   1   1
    ATA   1   1   1   1   1   1 |     ACA   2   2   2   2   2   2 | Lys AAA   3   2   2   2   2   2 | Arg AGA   2   2   2   2   2   2
Met ATG   3   3   3   3   3   3 |     ACG   0   0   0   0   0   0 |     AAG   1   2   2   2   2   2 |     AGG   0   0   0   0   0   0
--------------------------------------------------------------------------------------------------------------------------------------
Val GTT   1   1   1   1   1   0 | Ala GCT   3   3   3   3   3   4 | Asp GAT   2   2   2   2   2   1 | Gly GGT   2   2   2   2   2   2
    GTC   0   0   0   0   0   0 |     GCC   1   1   1   1   1   1 |     GAC   0   0   0   0   0   1 |     GGC   0   0   0   0   0   0
    GTA   0   0   0   0   0   0 |     GCA   1   1   1   1   1   1 | Glu GAA   1   1   1   1   1   1 |     GGA   0   0   0   0   0   0
    GTG   1   1   1   1   1   1 |     GCG   0   0   0   0   0   0 |     GAG   2   2   2   2   2   2 |     GGG   2   2   2   2   2   2
--------------------------------------------------------------------------------------------------------------------------------------

--------------------------------------------------------------------------------------------------------------------------------------
Phe TTT   4   4   4   4   4   4 | Ser TCT   1   1   1   1   1   1 | Tyr TAT   2   2   2   2   2   2 | Cys TGT   1   1   1   1   1   1
    TTC   1   1   1   1   1   1 |     TCC   0   0   0   0   0   0 |     TAC   1   1   1   1   1   1 |     TGC   1   1   1   1   1   1
Leu TTA   1   1   1   1   1   1 |     TCA   2   2   2   2   2   2 | *** TAA   0   0   0   0   0   0 | *** TGA   0   0   0   0   0   0
    TTG   1   1   1   1   1   1 |     TCG   0   0   0   0   0   0 |     TAG   0   0   0   0   0   0 | Trp TGG   1   1   1   1   1   1
--------------------------------------------------------------------------------------------------------------------------------------
Leu CTT   2   3   3   3   3   3 | Pro CCT   5   5   5   5   5   5 | His CAT   2   2   2   2   2   2 | Arg CGT   1   0   0   0   0   0
    CTC   1   0   0   0   0   0 |     CCC   0   0   0   0   0   0 |     CAC   2   2   2   2   2   2 |     CGC   0   0   0   0   0   0
    CTA   2   1   1   1   1   1 |     CCA   4   4   4   4   2   3 | Gln CAA   2   2   2   2   1   2 |     CGA   0   0   0   0   0   0
    CTG   0   1   1   1   1   1 |     CCG   2   2   2   2   4   3 |     CAG   3   3   3   3   4   3 |     CGG   0   0   0   0   0   0
--------------------------------------------------------------------------------------------------------------------------------------
Ile ATT   3   3   3   3   3   3 | Thr ACT   1   1   1   1   1   1 | Asn AAT   1   1   1   1   1   1 | Ser AGT   2   2   2   2   2   3
    ATC   0   0   0   0   0   0 |     ACC   0   0   0   0   0   0 |     AAC   1   1   1   1   1   1 |     AGC   1   1   1   1   1   1
    ATA   1   1   1   1   1   1 |     ACA   2   2   2   2   2   2 | Lys AAA   2   2   2   2   2   2 | Arg AGA   2   2   2   2   2   2
Met ATG   3   3   3   3   3   2 |     ACG   0   0   0   0   0   0 |     AAG   2   2   2   2   2   2 |     AGG   0   0   0   0   0   0
--------------------------------------------------------------------------------------------------------------------------------------
Val GTT   1   1   1   1   1   1 | Ala GCT   3   3   3   3   3   3 | Asp GAT   2   2   2   2   2   2 | Gly GGT   1   2   2   2   2   1
    GTC   0   0   0   0   0   0 |     GCC   1   1   1   1   1   1 |     GAC   0   0   0   0   0   0 |     GGC   0   0   0   0   0   0
    GTA   0   0   0   0   0   0 |     GCA   1   1   1   1   1   1 | Glu GAA   1   1   1   1   1   1 |     GGA   0   0   0   0   0   0
    GTG   1   1   1   1   1   2 |     GCG   0   0   0   0   0   0 |     GAG   2   2   2   2   2   2 |     GGG   2   2   2   2   2   2
--------------------------------------------------------------------------------------------------------------------------------------

--------------------------------------------------------------------------------------------------------------------------------------
Phe TTT   4   4   4   4   4   4 | Ser TCT   1   1   1   1   1   1 | Tyr TAT   2   2   2   2   2   2 | Cys TGT   1   1   1   1   1   1
    TTC   1   1   1   1   1   1 |     TCC   0   0   0   0   0   0 |     TAC   1   1   1   1   1   1 |     TGC   1   1   1   1   1   1
Leu TTA   1   1   1   1   1   1 |     TCA   2   2   2   2   2   2 | *** TAA   0   0   0   0   0   0 | *** TGA   0   0   0   0   0   0
    TTG   1   1   1   1   1   1 |     TCG   0   0   0   0   0   0 |     TAG   0   0   0   0   0   0 | Trp TGG   1   1   1   1   1   1
--------------------------------------------------------------------------------------------------------------------------------------
Leu CTT   3   3   3   3   3   3 | Pro CCT   5   5   5   5   5   5 | His CAT   2   2   2   2   2   2 | Arg CGT   0   0   0   0   0   0
    CTC   0   0   0   0   0   0 |     CCC   0   0   0   0   0   0 |     CAC   2   2   2   2   2   2 |     CGC   0   0   0   0   0   0
    CTA   1   1   1   1   1   1 |     CCA   4   3   4   4   4   3 | Gln CAA   2   2   2   2   2   2 |     CGA   0   0   0   0   0   0
    CTG   1   1   1   1   1   1 |     CCG   2   3   2   2   2   3 |     CAG   3   3   3   3   3   3 |     CGG   0   0   0   0   0   0
--------------------------------------------------------------------------------------------------------------------------------------
Ile ATT   3   3   3   3   3   3 | Thr ACT   1   1   1   1   1   1 | Asn AAT   1   1   1   1   1   1 | Ser AGT   2   2   2   2   2   2
    ATC   0   0   0   0   0   0 |     ACC   0   0   0   0   0   0 |     AAC   1   1   1   1   1   1 |     AGC   1   1   1   1   1   1
    ATA   1   1   1   1   1   1 |     ACA   2   2   2   2   2   2 | Lys AAA   2   2   2   2   2   2 | Arg AGA   2   2   2   2   2   2
Met ATG   3   3   3   3   3   3 |     ACG   0   0   0   0   0   0 |     AAG   2   2   2   2   2   2 |     AGG   0   0   0   0   0   0
--------------------------------------------------------------------------------------------------------------------------------------
Val GTT   1   1   1   1   1   1 | Ala GCT   3   3   3   3   3   3 | Asp GAT   2   2   2   2   2   2 | Gly GGT   2   2   2   2   2   2
    GTC   0   0   0   0   0   0 |     GCC   1   1   1   1   1   1 |     GAC   0   0   0   0   0   0 |     GGC   0   0   0   0   0   0
    GTA   0   0   0   0   0   0 |     GCA   1   1   1   1   1   1 | Glu GAA   2   1   1   1   1   1 |     GGA   0   0   0   0   0   0
    GTG   1   1   1   1   1   1 |     GCG   0   0   0   0   0   0 |     GAG   1   2   2   2   2   2 |     GGG   2   2   2   2   2   2
--------------------------------------------------------------------------------------------------------------------------------------

--------------------------------------------------------------------------------------------------------------------------------------
Phe TTT   4   4   4   4   4   4 | Ser TCT   1   1   1   1   1   1 | Tyr TAT   2   2   2   2   2   2 | Cys TGT   1   1   1   1   1   1
    TTC   1   1   1   1   1   1 |     TCC   0   0   0   0   0   0 |     TAC   1   1   1   1   1   1 |     TGC   1   1   1   1   1   1
Leu TTA   1   1   1   0   1   1 |     TCA   2   2   2   2   2   2 | *** TAA   0   0   0   0   0   0 | *** TGA   0   0   0   0   0   0
    TTG   1   1   1   2   1   1 |     TCG   0   0   0   0   0   0 |     TAG   0   0   0   0   0   0 | Trp TGG   1   1   1   1   1   1
--------------------------------------------------------------------------------------------------------------------------------------
Leu CTT   3   3   3   3   3   3 | Pro CCT   5   5   5   5   5   5 | His CAT   2   2   2   2   3   3 | Arg CGT   0   0   0   0   0   0
    CTC   0   0   0   0   0   0 |     CCC   0   0   0   0   0   0 |     CAC   2   2   2   2   1   1 |     CGC   0   0   0   0   0   0
    CTA   1   1   1   1   1   1 |     CCA   3   5   3   5   4   4 | Gln CAA   2   2   2   2   2   2 |     CGA   0   0   0   0   0   0
    CTG   1   1   1   1   1   1 |     CCG   3   1   3   1   2   2 |     CAG   3   3   3   3   3   3 |     CGG   0   0   0   0   0   0
--------------------------------------------------------------------------------------------------------------------------------------
Ile ATT   3   3   3   3   3   3 | Thr ACT   1   1   1   1   1   1 | Asn AAT   1   1   1   1   1   1 | Ser AGT   2   2   2   2   2   2
    ATC   0   0   0   0   0   0 |     ACC   0   0   0   0   0   0 |     AAC   1   1   1   1   1   1 |     AGC   1   1   1   1   1   1
    ATA   1   2   1   1   1   1 |     ACA   2   2   2   1   2   2 | Lys AAA   2   2   2   2   2   2 | Arg AGA   2   2   2   2   2   2
Met ATG   3   2   3   3   3   3 |     ACG   0   0   0   1   0   0 |     AAG   2   2   2   2   2   2 |     AGG   0   0   0   0   0   0
--------------------------------------------------------------------------------------------------------------------------------------
Val GTT   1   1   1   0   1   1 | Ala GCT   3   2   3   3   3   3 | Asp GAT   2   2   2   2   2   2 | Gly GGT   2   2   2   2   2   2
    GTC   0   0   0   1   0   0 |     GCC   1   2   1   1   1   1 |     GAC   0   0   0   0   0   0 |     GGC   0   0   0   0   0   0
    GTA   0   0   0   0   0   0 |     GCA   1   1   1   1   1   1 | Glu GAA   1   2   1   1   1   1 |     GGA   0   0   0   0   0   0
    GTG   1   1   1   1   1   1 |     GCG   0   0   0   0   0   0 |     GAG   2   1   2   2   2   2 |     GGG   2   2   2   2   2   2
--------------------------------------------------------------------------------------------------------------------------------------

Codon position x base (3x4) table for each sequence.

#1: Argali         
position  1:    T:0.20513    C:0.32051    A:0.26923    G:0.20513
position  2:    T:0.26923    C:0.28205    A:0.29487    G:0.15385
position  3:    T:0.42308    C:0.10256    A:0.24359    G:0.23077
Average         T:0.29915    C:0.23504    A:0.26923    G:0.19658

#2: LesserMouseDeer
position  1:    T:0.19231    C:0.33333    A:0.26923    G:0.20513
position  2:    T:0.26923    C:0.28205    A:0.29487    G:0.15385
position  3:    T:0.38462    C:0.15385    A:0.19231    G:0.26923
Average         T:0.28205    C:0.25641    A:0.25214    G:0.20940

#3: LesserKudu     
position  1:    T:0.20513    C:0.32051    A:0.26923    G:0.20513
position  2:    T:0.26923    C:0.28205    A:0.29487    G:0.15385
position  3:    T:0.43590    C:0.08974    A:0.24359    G:0.23077
Average         T:0.30342    C:0.23077    A:0.26923    G:0.19658

#4: ForestMuskDeer2
position  1:    T:0.20513    C:0.32051    A:0.26923    G:0.20513
position  2:    T:0.26923    C:0.28205    A:0.29487    G:0.15385
position  3:    T:0.41026    C:0.11538    A:0.23077    G:0.24359
Average         T:0.29487    C:0.23932    A:0.26496    G:0.20085

#5: Camel          
position  1:    T:0.20513    C:0.32051    A:0.28205    G:0.19231
position  2:    T:0.28205    C:0.26923    A:0.29487    G:0.15385
position  3:    T:0.42308    C:0.12821    A:0.21795    G:0.23077
Average         T:0.30342    C:0.23932    A:0.26496    G:0.19231

#6: KillerWhale    
position  1:    T:0.20513    C:0.30769    A:0.25641    G:0.23077
position  2:    T:0.24359    C:0.32051    A:0.26923    G:0.16667
position  3:    T:0.42308    C:0.08974    A:0.28205    G:0.20513
Average         T:0.29060    C:0.23932    A:0.26923    G:0.20085

#7: DefassaWaterbuck
position  1:    T:0.20513    C:0.32051    A:0.26923    G:0.20513
position  2:    T:0.26923    C:0.28205    A:0.29487    G:0.15385
position  3:    T:0.42308    C:0.10256    A:0.24359    G:0.23077
Average         T:0.29915    C:0.23504    A:0.26923    G:0.19658

#8: Sheep          
position  1:    T:0.20513    C:0.32051    A:0.26923    G:0.20513
position  2:    T:0.26923    C:0.28205    A:0.29487    G:0.15385
position  3:    T:0.42308    C:0.10256    A:0.24359    G:0.23077
Average         T:0.29915    C:0.23504    A:0.26923    G:0.19658

#9: MaxwellsDuiker 
position  1:    T:0.20513    C:0.32051    A:0.25641    G:0.21795
position  2:    T:0.26923    C:0.28205    A:0.29487    G:0.15385
position  3:    T:0.42308    C:0.10256    A:0.23077    G:0.24359
Average         T:0.29915    C:0.23504    A:0.26068    G:0.20513

#10: GazellaPrzewalskyi
position  1:    T:0.20513    C:0.32051    A:0.26923    G:0.20513
position  2:    T:0.26923    C:0.28205    A:0.29487    G:0.15385
position  3:    T:0.42308    C:0.10256    A:0.23077    G:0.24359
Average         T:0.29915    C:0.23504    A:0.26496    G:0.20085

#11: MountainNyala  
position  1:    T:0.20513    C:0.32051    A:0.26923    G:0.20513
position  2:    T:0.26923    C:0.28205    A:0.29487    G:0.15385
position  3:    T:0.43590    C:0.08974    A:0.24359    G:0.23077
Average         T:0.30342    C:0.23077    A:0.26923    G:0.19658

#12: MuntiacusMuntjak
position  1:    T:0.20513    C:0.32051    A:0.26923    G:0.20513
position  2:    T:0.26923    C:0.28205    A:0.29487    G:0.15385
position  3:    T:0.42308    C:0.10256    A:0.24359    G:0.23077
Average         T:0.29915    C:0.23504    A:0.26923    G:0.19658

#13: goat           
position  1:    T:0.20513    C:0.32051    A:0.26923    G:0.20513
position  2:    T:0.26923    C:0.28205    A:0.29487    G:0.15385
position  3:    T:0.42308    C:0.10256    A:0.24359    G:0.23077
Average         T:0.29915    C:0.23504    A:0.26923    G:0.19658

#14: AfricanBuffalo 
position  1:    T:0.20513    C:0.32051    A:0.26923    G:0.20513
position  2:    T:0.26923    C:0.28205    A:0.29487    G:0.15385
position  3:    T:0.42308    C:0.10256    A:0.24359    G:0.23077
Average         T:0.29915    C:0.23504    A:0.26923    G:0.19658

#15: Topi           
position  1:    T:0.20513    C:0.32051    A:0.26923    G:0.20513
position  2:    T:0.26923    C:0.28205    A:0.29487    G:0.15385
position  3:    T:0.42308    C:0.10256    A:0.24359    G:0.23077
Average         T:0.29915    C:0.23504    A:0.26923    G:0.19658

#16: CommonDuiker   
position  1:    T:0.20513    C:0.32051    A:0.26923    G:0.20513
position  2:    T:0.26923    C:0.28205    A:0.29487    G:0.15385
position  3:    T:0.41026    C:0.11538    A:0.23077    G:0.24359
Average         T:0.29487    C:0.23932    A:0.26496    G:0.20085

#17: Suni           
position  1:    T:0.20513    C:0.32051    A:0.26923    G:0.20513
position  2:    T:0.26923    C:0.28205    A:0.29487    G:0.15385
position  3:    T:0.41026    C:0.11538    A:0.24359    G:0.23077
Average         T:0.29487    C:0.23932    A:0.26923    G:0.19658

#18: Springbuck     
position  1:    T:0.20513    C:0.32051    A:0.26923    G:0.20513
position  2:    T:0.26923    C:0.28205    A:0.29487    G:0.15385
position  3:    T:0.42308    C:0.10256    A:0.23077    G:0.24359
Average         T:0.29915    C:0.23504    A:0.26496    G:0.20085

#19: Okapi          
position  1:    T:0.20513    C:0.32051    A:0.26923    G:0.20513
position  2:    T:0.26923    C:0.28205    A:0.29487    G:0.15385
position  3:    T:0.42308    C:0.10256    A:0.24359    G:0.23077
Average         T:0.29915    C:0.23504    A:0.26923    G:0.19658

#20: Giraffe        
position  1:    T:0.20513    C:0.32051    A:0.26923    G:0.20513
position  2:    T:0.26923    C:0.28205    A:0.29487    G:0.15385
position  3:    T:0.42308    C:0.08974    A:0.25641    G:0.23077
Average         T:0.29915    C:0.23077    A:0.27350    G:0.19658

#21: TibetanAntelope
position  1:    T:0.20513    C:0.32051    A:0.26923    G:0.20513
position  2:    T:0.26923    C:0.28205    A:0.29487    G:0.15385
position  3:    T:0.42308    C:0.10256    A:0.24359    G:0.23077
Average         T:0.29915    C:0.23504    A:0.26923    G:0.19658

#22: Sitatunga      
position  1:    T:0.20513    C:0.32051    A:0.26923    G:0.20513
position  2:    T:0.26923    C:0.28205    A:0.29487    G:0.15385
position  3:    T:0.43590    C:0.08974    A:0.24359    G:0.23077
Average         T:0.30342    C:0.23077    A:0.26923    G:0.19658

#23: Oribi          
position  1:    T:0.20513    C:0.32051    A:0.26923    G:0.20513
position  2:    T:0.26923    C:0.28205    A:0.29487    G:0.15385
position  3:    T:0.42308    C:0.10256    A:0.23077    G:0.24359
Average         T:0.29915    C:0.23504    A:0.26496    G:0.20085

#24: BarbarySheep   
position  1:    T:0.20513    C:0.32051    A:0.26923    G:0.20513
position  2:    T:0.26923    C:0.28205    A:0.29487    G:0.15385
position  3:    T:0.42308    C:0.10256    A:0.24359    G:0.23077
Average         T:0.29915    C:0.23504    A:0.26923    G:0.19658

#25: Daviddeer      
position  1:    T:0.20513    C:0.32051    A:0.26923    G:0.20513
position  2:    T:0.26923    C:0.28205    A:0.29487    G:0.15385
position  3:    T:0.42308    C:0.10256    A:0.24359    G:0.23077
Average         T:0.29915    C:0.23504    A:0.26923    G:0.19658

#26: Reindeer       
position  1:    T:0.20513    C:0.32051    A:0.26923    G:0.20513
position  2:    T:0.26923    C:0.28205    A:0.29487    G:0.15385
position  3:    T:0.42308    C:0.10256    A:0.24359    G:0.23077
Average         T:0.29915    C:0.23504    A:0.26923    G:0.19658

#27: Ibex           
position  1:    T:0.20513    C:0.32051    A:0.26923    G:0.20513
position  2:    T:0.26923    C:0.28205    A:0.29487    G:0.15385
position  3:    T:0.42308    C:0.10256    A:0.24359    G:0.23077
Average         T:0.29915    C:0.23504    A:0.26923    G:0.19658

#28: GyrantGazelle  
position  1:    T:0.20513    C:0.32051    A:0.26923    G:0.20513
position  2:    T:0.26923    C:0.28205    A:0.29487    G:0.15385
position  3:    T:0.42308    C:0.10256    A:0.23077    G:0.24359
Average         T:0.29915    C:0.23504    A:0.26496    G:0.20085

#29: Hartebeest     
position  1:    T:0.20513    C:0.32051    A:0.26923    G:0.20513
position  2:    T:0.26923    C:0.28205    A:0.29487    G:0.15385
position  3:    T:0.42308    C:0.10256    A:0.24359    G:0.23077
Average         T:0.29915    C:0.23504    A:0.26923    G:0.19658

#30: Bongo          
position  1:    T:0.20513    C:0.32051    A:0.26923    G:0.20513
position  2:    T:0.26923    C:0.28205    A:0.29487    G:0.15385
position  3:    T:0.43590    C:0.08974    A:0.24359    G:0.23077
Average         T:0.30342    C:0.23077    A:0.26923    G:0.19658

#31: Gerenuk        
position  1:    T:0.20513    C:0.32051    A:0.26923    G:0.20513
position  2:    T:0.26923    C:0.28205    A:0.29487    G:0.15385
position  3:    T:0.42308    C:0.10256    A:0.24359    G:0.23077
Average         T:0.29915    C:0.23504    A:0.26923    G:0.19658

#32: CommonEland    
position  1:    T:0.20513    C:0.32051    A:0.26923    G:0.20513
position  2:    T:0.26923    C:0.28205    A:0.29487    G:0.15385
position  3:    T:0.43590    C:0.08974    A:0.24359    G:0.23077
Average         T:0.30342    C:0.23077    A:0.26923    G:0.19658

#33: MuntiacusReevesi
position  1:    T:0.20513    C:0.32051    A:0.26923    G:0.20513
position  2:    T:0.26923    C:0.28205    A:0.29487    G:0.15385
position  3:    T:0.42308    C:0.10256    A:0.24359    G:0.23077
Average         T:0.29915    C:0.23504    A:0.26923    G:0.19658

#34: HarveysDuiker  
position  1:    T:0.20513    C:0.32051    A:0.26923    G:0.20513
position  2:    T:0.26923    C:0.28205    A:0.29487    G:0.15385
position  3:    T:0.42308    C:0.10256    A:0.23077    G:0.24359
Average         T:0.29915    C:0.23504    A:0.26496    G:0.20085

#35: Pronghorn      
position  1:    T:0.19231    C:0.33333    A:0.26923    G:0.20513
position  2:    T:0.26923    C:0.28205    A:0.29487    G:0.15385
position  3:    T:0.39744    C:0.12821    A:0.21795    G:0.25641
Average         T:0.28632    C:0.24786    A:0.26068    G:0.20513

#36: BlueWildebeest 
position  1:    T:0.20513    C:0.32051    A:0.26923    G:0.20513
position  2:    T:0.25641    C:0.29487    A:0.29487    G:0.15385
position  3:    T:0.35897    C:0.16667    A:0.24359    G:0.23077
Average         T:0.27350    C:0.26068    A:0.26923    G:0.19658

#37: Gemsbok        
position  1:    T:0.20513    C:0.33333    A:0.26923    G:0.19231
position  2:    T:0.26923    C:0.28205    A:0.29487    G:0.15385
position  3:    T:0.41026    C:0.11538    A:0.25641    G:0.21795
Average         T:0.29487    C:0.24359    A:0.27350    G:0.18803

#38: Yak            
position  1:    T:0.20513    C:0.32051    A:0.26923    G:0.20513
position  2:    T:0.26923    C:0.28205    A:0.29487    G:0.15385
position  3:    T:0.42308    C:0.10256    A:0.24359    G:0.23077
Average         T:0.29915    C:0.23504    A:0.26923    G:0.19658

#39: BlueSheep      
position  1:    T:0.20513    C:0.32051    A:0.26923    G:0.20513
position  2:    T:0.26923    C:0.28205    A:0.29487    G:0.15385
position  3:    T:0.42308    C:0.10256    A:0.24359    G:0.23077
Average         T:0.29915    C:0.23504    A:0.26923    G:0.19658

#40: BohorReedbuck  
position  1:    T:0.20513    C:0.32051    A:0.26923    G:0.20513
position  2:    T:0.26923    C:0.28205    A:0.29487    G:0.15385
position  3:    T:0.42308    C:0.10256    A:0.24359    G:0.23077
Average         T:0.29915    C:0.23504    A:0.26923    G:0.19658

#41: KirksDik       
position  1:    T:0.20513    C:0.32051    A:0.26923    G:0.20513
position  2:    T:0.26923    C:0.28205    A:0.29487    G:0.15385
position  3:    T:0.42308    C:0.10256    A:0.20513    G:0.26923
Average         T:0.29915    C:0.23504    A:0.25641    G:0.20940

#42: RoeDeer        
position  1:    T:0.20513    C:0.32051    A:0.26923    G:0.20513
position  2:    T:0.26923    C:0.28205    A:0.29487    G:0.15385
position  3:    T:0.42308    C:0.10256    A:0.23077    G:0.24359
Average         T:0.29915    C:0.23504    A:0.26496    G:0.20085

#43: WhiteLippedDeer
position  1:    T:0.20513    C:0.32051    A:0.26923    G:0.20513
position  2:    T:0.26923    C:0.28205    A:0.29487    G:0.15385
position  3:    T:0.42308    C:0.10256    A:0.25641    G:0.21795
Average         T:0.29915    C:0.23504    A:0.27350    G:0.19231

#44: ThomsonGazelle 
position  1:    T:0.20513    C:0.32051    A:0.26923    G:0.20513
position  2:    T:0.26923    C:0.28205    A:0.29487    G:0.15385
position  3:    T:0.42308    C:0.10256    A:0.23077    G:0.24359
Average         T:0.29915    C:0.23504    A:0.26496    G:0.20085

#45: MuntiacusCrinifrons
position  1:    T:0.20513    C:0.32051    A:0.26923    G:0.20513
position  2:    T:0.26923    C:0.28205    A:0.29487    G:0.15385
position  3:    T:0.42308    C:0.10256    A:0.24359    G:0.23077
Average         T:0.29915    C:0.23504    A:0.26923    G:0.19658

#46: WhiteTailedDeer
position  1:    T:0.20513    C:0.32051    A:0.26923    G:0.20513
position  2:    T:0.26923    C:0.28205    A:0.29487    G:0.15385
position  3:    T:0.42308    C:0.10256    A:0.24359    G:0.23077
Average         T:0.29915    C:0.23504    A:0.26923    G:0.19658

#47: Cattle         
position  1:    T:0.20513    C:0.32051    A:0.26923    G:0.20513
position  2:    T:0.26923    C:0.28205    A:0.29487    G:0.15385
position  3:    T:0.42308    C:0.10256    A:0.24359    G:0.23077
Average         T:0.29915    C:0.23504    A:0.26923    G:0.19658

#48: RoyalAntelope  
position  1:    T:0.20513    C:0.32051    A:0.26923    G:0.20513
position  2:    T:0.26923    C:0.28205    A:0.29487    G:0.15385
position  3:    T:0.42308    C:0.10256    A:0.23077    G:0.24359
Average         T:0.29915    C:0.23504    A:0.26496    G:0.20085

#49: Steenbok       
position  1:    T:0.20513    C:0.32051    A:0.26923    G:0.20513
position  2:    T:0.26923    C:0.28205    A:0.29487    G:0.15385
position  3:    T:0.42308    C:0.10256    A:0.23077    G:0.24359
Average         T:0.29915    C:0.23504    A:0.26496    G:0.20085

#50: Impala         
position  1:    T:0.20513    C:0.32051    A:0.26923    G:0.20513
position  2:    T:0.26923    C:0.28205    A:0.29487    G:0.15385
position  3:    T:0.41026    C:0.11538    A:0.28205    G:0.19231
Average         T:0.29487    C:0.23932    A:0.28205    G:0.18376

#51: Klipspringer   
position  1:    T:0.20513    C:0.32051    A:0.26923    G:0.20513
position  2:    T:0.26923    C:0.28205    A:0.29487    G:0.15385
