1
52 1
Argali 0.000000 0.141700 0.034000 0.105500 0.016800 0.000000 0.016800 0.085800 0.033900 0.049900 0.016800 0.016900 0.016800 0.016700 0.051400 0.051800 0.034000 0.016800 0.016800 0.051100 0.106100 0.016800 0.016700 0.067500 0.016800 0.069300 0.016800 0.034000 0.068600 0.034000 0.049900 0.050200 0.085300 0.033300 0.016800 0.016800 0.016800 0.033400 0.051600 0.051100 0.034000 0.069300 0.049900 0.050100 0.016800 0.033800 0.087700 0.016800 0.050800 0.086400 0.069300 0.050700
LesserMous 0.141700 0.000000 0.124000 0.142700 0.123400 0.159100 0.124200 0.159400 0.123500 0.196800 0.123400 0.125000 0.123400 0.123200 0.162800 0.163400 0.143300 0.123400 0.123400 0.104200 0.224900 0.123400 0.160500 0.176400 0.123400 0.182600 0.123400 0.124000 0.141800 0.124000 0.196800 0.159300 0.199400 0.103400 0.124000 0.123400 0.123900 0.141000 0.162700 0.200700 0.182400 0.182600 0.196800 0.120200 0.123400 0.103500 0.202800 0.123400 0.161000 0.161800 0.141800 0.141100
LesserKudu 0.034000 0.124000 0.000000 0.106800 0.016900 0.046400 0.017000 0.086700 0.000000 0.085400 0.016900 0.017100 0.016900 0.016900 0.051900 0.052100 0.034400 0.016900 0.016900 0.016800 0.106700 0.016900 0.051300 0.103600 0.016900 0.069700 0.016900 0.000000 0.068500 0.000000 0.085400 0.050800 0.086400 0.033600 0.017000 0.016900 0.017000 0.033800 0.052100 0.087300 0.069900 0.069700 0.085400 0.085600 0.016900 0.034200 0.088300 0.016900 0.050800 0.087600 0.034200 0.016700
KillerWhal 0.105500 0.142700 0.106800 0.000000 0.087400 0.119500 0.088000 0.161400 0.106400 0.158900 0.087400 0.088500 0.087400 0.087300 0.125300 0.126100 0.106600 0.087400 0.087400 0.124700 0.164600 0.087400 0.123700 0.178400 0.087400 0.144700 0.087400 0.106800 0.105400 0.106800 0.158900 0.122500 0.160800 0.068300 0.087800 0.087400 0.087800 0.104600 0.125700 0.162300 0.144800 0.144700 0.158900 0.121600 0.087400 0.106000 0.124900 0.087400 0.124100 0.137700 0.145100 0.123800
DefassaWat 0.016800 0.123400 0.016900 0.087400 0.000000 0.026000 0.000000 0.068200 0.016900 0.067300 0.000000 0.000200 0.000000 0.000000 0.034000 0.034200 0.016900 0.000000 0.000000 0.033800 0.086600 0.000000 0.033700 0.085100 0.000000 0.051400 0.000000 0.016900 0.050900 0.016900 0.067300 0.033300 0.067900 0.016600 0.000000 0.000000 0.000000 0.016600 0.034200 0.068800 0.051600 0.051100 0.067300 0.067400 0.000000 0.016800 0.069600 0.000000 0.033700 0.068800 0.051500 0.033600
Sheep 0.000000 0.159100 0.046400 0.119500 0.026000 0.000000 0.023100 0.099200 0.043700 0.060700 0.026000 0.021000 0.026000 0.023000 0.062800 0.065500 0.040500 0.026000 0.026000 0.064900 0.122400 0.026000 0.022700 0.079400 0.026000 0.084200 0.026000 0.046400 0.083200 0.046400 0.060700 0.061300 0.097500 0.045300 0.023100 0.026000 0.023300 0.042800 0.062800 0.051300 0.041400 0.084200 0.060700 0.060700 0.026000 0.041300 0.087900 0.026000 0.064500 0.093700 0.084200 0.064400
MaxwellsDu 0.016800 0.124200 0.017000 0.088000 0.000000 0.023100 0.000000 0.068600 0.017000 0.067700 0.000000 0.000200 0.000000 0.000100 0.034300 0.034500 0.017000 0.000000 0.000000 0.034100 0.088200 0.000000 0.033900 0.085600 0.000000 0.051900 0.000000 0.017000 0.051400 0.017000 0.067700 0.033500 0.068300 0.016700 0.000100 0.000000 0.000100 0.016700 0.034400 0.069200 0.051900 0.051900 0.067700 0.067800 0.000000 0.016900 0.070000 0.000000 0.033900 0.069200 0.052000 0.033900
GazellaPrz 0.085800 0.159400 0.086700 0.161400 0.068200 0.099200 0.068600 0.000000 0.086300 0.138200 0.068200 0.069100 0.068200 0.068100 0.104700 0.033800 0.086700 0.068200 0.068200 0.067900 0.086400 0.068200 0.103700 0.120100 0.068200 0.050800 0.068200 0.086700 0.050300 0.086700 0.138200 0.102400 0.139400 0.084800 0.068500 0.068200 0.068500 0.085100 0.033300 0.141500 0.123500 0.050800 0.138200 0.138500 0.068200 0.086200 0.068500 0.068200 0.103500 0.141000 0.123800 0.103400
MountainNy 0.033900 0.123500 0.000000 0.106400 0.016900 0.043700 0.017000 0.086300 0.000000 0.085100 0.016900 0.017100 0.016900 0.016900 0.051700 0.052100 0.034300 0.016900 0.016900 0.016800 0.106700 0.016900 0.051100 0.103200 0.016900 0.069700 0.016900 0.000000 0.069000 0.000000 0.085100 0.050600 0.086000 0.033500 0.017000 0.016900 0.017000 0.033700 0.051900 0.086900 0.069600 0.069700 0.085100 0.085200 0.016900 0.034100 0.088000 0.016900 0.051200 0.087200 0.034200 0.016700
MuntiacusM 0.049900 0.196800 0.085400 0.158900 0.067300 0.060700 0.067700 0.138200 0.085100 0.000000 0.067300 0.068100 0.067300 0.067200 0.103300 0.103900 0.085500 0.067300 0.067300 0.102600 0.160200 0.067300 0.032700 0.083100 0.067300 0.121900 0.067300 0.085400 0.120500 0.085400 0.000000 0.101000 0.137500 0.083700 0.067300 0.067300 0.067600 0.083800 0.103600 0.067300 0.050400 0.121900 0.000000 0.065800 0.067300 0.085000 0.141100 0.067300 0.102000 0.138900 0.122000 0.102000
goat 0.016800 0.123400 0.016900 0.087400 0.000000 0.026000 0.000000 0.068200 0.016900 0.067300 0.000000 0.000200 0.000000 0.000000 0.034000 0.034200 0.016900 0.000000 0.000000 0.033800 0.087400 0.000000 0.033700 0.085100 0.000000 0.050900 0.000000 0.016900 0.050900 0.016900 0.067300 0.033300 0.067900 0.016500 0.000000 0.000000 0.000000 0.016600 0.034200 0.068800 0.051600 0.051300 0.067300 0.067400 0.000000 0.016800 0.069600 0.000000 0.033600 0.068800 0.051500 0.033600
AfricanBuf 0.016900 0.125000 0.017100 0.088500 0.000200 0.021000 0.000200 0.069100 0.017100 0.068100 0.000200 0.000000 0.000200 0.000200 0.034500 0.034700 0.016800 0.000200 0.000200 0.034300 0.088900 0.000200 0.034000 0.086000 0.000200 0.052200 0.000200 0.017100 0.051700 0.017100 0.068100 0.033700 0.068800 0.016700 0.000200 0.000200 0.000100 0.016800 0.034600 0.069400 0.052100 0.052200 0.068100 0.068200 0.000200 0.017000 0.070400 0.000200 0.034100 0.069600 0.052400 0.034100
Topi 0.016800 0.123400 0.016900 0.087400 0.000000 0.026000 0.000000 0.068200 0.016900 0.067300 0.000000 0.000200 0.000000 0.000000 0.034000 0.034200 0.016900 0.000000 0.000000 0.033600 0.087400 0.000000 0.033700 0.085100 0.000000 0.051400 0.000000 0.016900 0.050900 0.016900 0.067300 0.033300 0.067900 0.016500 0.000000 0.000000 0.000000 0.016600 0.034200 0.068800 0.051600 0.051400 0.067300 0.067400 0.000000 0.016800 0.069600 0.000000 0.033600 0.068800 0.050900 0.033600
CommonDuik 0.016700 0.123200 0.016900 0.087300 0.000000 0.023000 0.000100 0.068100 0.016900 0.067200 0.000000 0.000200 0.000000 0.000000 0.034000 0.034300 0.016900 0.000000 0.000000 0.033800 0.087600 0.000000 0.033700 0.085000 0.000000 0.051600 0.000000 0.016900 0.051000 0.016900 0.067200 0.033200 0.067800 0.016500 0.000100 0.000000 0.000100 0.016600 0.034100 0.068700 0.051500 0.051600 0.067200 0.067300 0.000000 0.016800 0.069500 0.000000 0.033600 0.068700 0.051600 0.033600
Suni 0.051400 0.162800 0.051900 0.125300 0.034000 0.062800 0.034300 0.104700 0.051700 0.103300 0.034000 0.034500 0.034000 0.034000 0.000000 0.070100 0.051900 0.034000 0.034000 0.069300 0.125900 0.034000 0.068900 0.121800 0.034000 0.088000 0.034000 0.051900 0.087100 0.051900 0.103300 0.068100 0.104300 0.050800 0.034200 0.034000 0.034200 0.051000 0.069900 0.105600 0.087900 0.088000 0.103300 0.103400 0.034000 0.051600 0.106700 0.034000 0.068900 0.105700 0.088200 0.068900
Springbuck 0.051800 0.163400 0.052100 0.126100 0.034200 0.065500 0.034500 0.033800 0.052100 0.103900 0.034200 0.034700 0.034200 0.034300 0.070100 0.000000 0.052200 0.034200 0.034300 0.069500 0.051900 0.034200 0.069500 0.122900 0.034200 0.017000 0.034200 0.052100 0.016800 0.051900 0.103900 0.068500 0.104700 0.050900 0.034500 0.034200 0.034400 0.051300 0.000000 0.106600 0.088600 0.017000 0.103900 0.104200 0.034200 0.052000 0.034500 0.034200 0.068600 0.106100 0.088600 0.069000
Okapi 0.034000 0.143300 0.034400 0.106600 0.016900 0.040500 0.017000 0.086700 0.034300 0.085500 0.016900 0.016800 0.016900 0.016900 0.051900 0.052200 0.000000 0.016900 0.016900 0.051600 0.107200 0.016900 0.051400 0.103900 0.016900 0.069900 0.016900 0.034400 0.069200 0.034400 0.085500 0.050800 0.086300 0.033600 0.017000 0.016900 0.016700 0.033700 0.052100 0.087500 0.069900 0.069900 0.085500 0.085700 0.016900 0.034200 0.088400 0.016900 0.051300 0.087400 0.070100 0.051300
Giraffe 0.016800 0.123400 0.016900 0.087400 0.000000 0.026000 0.000000 0.068200 0.016900 0.067300 0.000000 0.000200 0.000000 0.000000 0.034000 0.034200 0.016900 0.000000 0.000000 0.033800 0.087400 0.000000 0.033700 0.085100 0.000000 0.051400 0.000000 0.016900 0.050900 0.016900 0.067300 0.033300 0.067900 0.016500 0.000000 0.000000 0.000000 0.016600 0.034200 0.068800 0.051600 0.051100 0.067300 0.067400 0.000000 0.016800 0.069600 0.000000 0.033600 0.068800 0.051500 0.033600
TibetanAnt 0.016800 0.123400 0.016900 0.087400 0.000000 0.026000 0.000000 0.068200 0.016900 0.067300 0.000000 0.000200 0.000000 0.000000 0.034000 0.034300 0.016900 0.000000 0.000000 0.033800 0.087400 0.000000 0.033700 0.085100 0.000000 0.051400 0.000000 0.016900 0.051100 0.016900 0.067300 0.033300 0.067900 0.016600 0.000000 0.000000 0.000000 0.016600 0.034200 0.068800 0.051600 0.051300 0.067300 0.067400 0.000000 0.016800 0.069600 0.000000 0.033600 0.068800 0.051500 0.033600
Sitatunga 0.051100 0.104200 0.016800 0.124700 0.033800 0.064900 0.034100 0.067900 0.016800 0.102600 0.033800 0.034300 0.033600 0.033800 0.069300 0.069500 0.051600 0.033800 0.033800 0.000000 0.124700 0.033500 0.068500 0.121000 0.033500 0.087200 0.033800 0.016800 0.086300 0.016800 0.102600 0.067800 0.103800 0.050400 0.034000 0.033800 0.034000 0.050700 0.069500 0.104900 0.087400 0.087200 0.102600 0.102800 0.033800 0.051300 0.106000 0.033600 0.068300 0.105200 0.051300 0.033400
Oribi 0.106100 0.224900 0.106700 0.164600 0.086600 0.122400 0.088200 0.086400 0.106700 0.160200 0.087400 0.088900 0.087400 0.087600 0.125900 0.051900 0.107200 0.087400 0.087400 0.124700 0.000000 0.087500 0.124600 0.180400 0.087400 0.069500 0.087400 0.106700 0.068800 0.105900 0.160200 0.123000 0.161600 0.104300 0.088200 0.087400 0.088200 0.105100 0.052000 0.163500 0.145400 0.069500 0.160200 0.160500 0.087400 0.106600 0.069800 0.087400 0.123900 0.163400 0.145300 0.123800
BarbaryShe 0.016800 0.123400 0.016900 0.087400 0.000000 0.026000 0.000000 0.068200 0.016900 0.067300 0.000000 0.000200 0.000000 0.000000 0.034000 0.034200 0.016900 0.000000 0.000000 0.033500 0.087500 0.000000 0.033700 0.085100 0.000000 0.051400 0.000000 0.016900 0.050900 0.016900 0.067300 0.033300 0.067900 0.016600 0.000000 0.000000 0.000000 0.016600 0.034200 0.068800 0.051600 0.051400 0.067300 0.067400 0.000000 0.016800 0.069600 0.000000 0.033600 0.068800 0.051500 0.033700
Daviddeer 0.016700 0.160500 0.051300 0.123700 0.033700 0.022700 0.033900 0.103700 0.051100 0.032700 0.033700 0.034000 0.033700 0.033700 0.068900 0.069500 0.051400 0.033700 0.033700 0.068500 0.124600 0.033700 0.000000 0.049700 0.033700 0.087200 0.033700 0.051300 0.086200 0.051300 0.032800 0.067400 0.103000 0.050200 0.033800 0.033700 0.033800 0.050300 0.069300 0.033700 0.016800 0.087200 0.032800 0.032900 0.033700 0.051100 0.106000 0.033700 0.068100 0.104200 0.087200 0.068000
Reindeer 0.067500 0.176400 0.103600 0.178400 0.085100 0.079400 0.085600 0.120100 0.103200 0.083100 0.085100 0.086000 0.085100 0.085000 0.121800 0.122900 0.103900 0.085100 0.085100 0.121000 0.180400 0.085100 0.049700 0.000000 0.085100 0.141300 0.085100 0.103600 0.139600 0.103600 0.083100 0.119200 0.156300 0.101500 0.085200 0.085100 0.085400 0.101700 0.122600 0.050400 0.068100 0.141300 0.083100 0.049100 0.085100 0.103300 0.161300 0.085100 0.120200 0.157700 0.141000 0.120200
Ibex 0.016800 0.123400 0.016900 0.087400 0.000000 0.026000 0.000000 0.068200 0.016900 0.067300 0.000000 0.000200 0.000000 0.000000 0.034000 0.034200 0.016900 0.000000 0.000000 0.033500 0.087400 0.000000 0.033700 0.085100 0.000000 0.051400 0.000000 0.016900 0.050900 0.016900 0.067300 0.033300 0.067900 0.016500 0.000000 0.000000 0.000000 0.016600 0.034200 0.068800 0.051600 0.051400 0.067300 0.067400 0.000000 0.016800 0.069600 0.000000 0.033600 0.068800 0.051200 0.033600
GyrantGaze 0.069300 0.182600 0.069700 0.144700 0.051400 0.084200 0.051900 0.050800 0.069700 0.121900 0.050900 0.052200 0.051400 0.051600 0.088000 0.017000 0.069900 0.051400 0.051400 0.087200 0.069500 0.051400 0.087200 0.141300 0.051400 0.000000 0.051400 0.070000 0.033800 0.069700 0.121900 0.086000 0.122900 0.068200 0.051900 0.051400 0.051800 0.068700 0.017000 0.125000 0.106800 0.000000 0.121900 0.122200 0.051400 0.069600 0.051900 0.051400 0.086600 0.124300 0.106500 0.086600
Hartebeest 0.016800 0.123400 0.016900 0.087400 0.000000 0.026000 0.000000 0.068200 0.016900 0.067300 0.000000 0.000200 0.000000 0.000000 0.034000 0.034200 0.016900 0.000000 0.000000 0.033800 0.087400 0.000000 0.033700 0.085100 0.000000 0.051400 0.000000 0.016900 0.050900 0.016900 0.067300 0.033300 0.067900 0.016500 0.000000 0.000000 0.000000 0.016600 0.034200 0.068800 0.051600 0.051400 0.067300 0.067400 0.000000 0.016800 0.069600 0.000000 0.033600 0.068800 0.051500 0.033600
Bongo 0.034000 0.124000 0.000000 0.106800 0.016900 0.046400 0.017000 0.086700 0.000000 0.085400 0.016900 0.017100 0.016900 0.016900 0.051900 0.052100 0.034400 0.016900 0.016900 0.016800 0.106700 0.016900 0.051300 0.103600 0.016900 0.070000 0.016900 0.000000 0.069000 0.000000 0.085400 0.050800 0.086400 0.033600 0.017000 0.016900 0.017000 0.033800 0.052100 0.087300 0.069900 0.069700 0.085400 0.085600 0.016900 0.034200 0.088300 0.016900 0.050900 0.087600 0.034200 0.016700
Gerenuk 0.068600 0.141800 0.068500 0.105400 0.050900 0.083200 0.051400 0.050300 0.069000 0.120500 0.050900 0.051700 0.050900 0.051000 0.087100 0.016800 0.069200 0.050900 0.051100 0.086300 0.068800 0.050900 0.086200 0.139600 0.050900 0.033800 0.050900 0.069000 0.000000 0.068900 0.120500 0.085100 0.121600 0.033200 0.051300 0.050900 0.051300 0.067900 0.016800 0.123400 0.105600 0.033800 0.120500 0.084800 0.050900 0.068800 0.051300 0.050900 0.085700 0.086400 0.105400 0.085700
CommonElan 0.034000 0.124000 0.000000 0.106800 0.016900 0.046400 0.017000 0.086700 0.000000 0.085400 0.016900 0.017100 0.016900 0.016900 0.051900 0.051900 0.034400 0.016900 0.016900 0.016800 0.105900 0.016900 0.051300 0.103600 0.016900 0.069700 0.016900 0.000000 0.068900 0.000000 0.085400 0.050800 0.086400 0.033600 0.017000 0.016900 0.017000 0.033800 0.052100 0.087300 0.069900 0.069700 0.085400 0.085600 0.016900 0.034200 0.088300 0.016900 0.051200 0.087600 0.034200 0.016700
MuntiacusR 0.049900 0.196800 0.085400 0.158900 0.067300 0.060700 0.067700 0.138200 0.085100 0.000000 0.067300 0.068100 0.067300 0.067200 0.103300 0.103900 0.085500 0.067300 0.067300 0.102600 0.160200 0.067300 0.032800 0.083100 0.067300 0.121900 0.067300 0.085400 0.120500 0.085400 0.000000 0.101000 0.137500 0.083700 0.067300 0.067300 0.067600 0.083800 0.103600 0.067300 0.050400 0.121900 0.000000 0.065800 0.067300 0.085000 0.141100 0.067300 0.102000 0.138900 0.122000 0.102000
HarveysDui 0.050200 0.159300 0.050800 0.122500 0.033300 0.061300 0.033500 0.102400 0.050600 0.101000 0.033300 0.033700 0.033300 0.033200 0.068100 0.068500 0.050800 0.033300 0.033300 0.067800 0.123000 0.033300 0.067400 0.119200 0.033300 0.086000 0.033300 0.050800 0.085100 0.050800 0.101000 0.000000 0.102200 0.049700 0.033500 0.033300 0.033500 0.049900 0.068300 0.103200 0.085900 0.086000 0.101000 0.101200 0.033300 0.050500 0.104200 0.033300 0.067400 0.103400 0.050600 0.067400
Pronghorn 0.085300 0.199400 0.086400 0.160800 0.067900 0.097500 0.068300 0.139400 0.086000 0.137500 0.067900 0.068800 0.067900 0.067800 0.104300 0.104700 0.086300 0.067900 0.067900 0.103800 0.161600 0.067900 0.103000 0.156300 0.067900 0.122900 0.067900 0.086400 0.121600 0.086400 0.137500 0.102200 0.000000 0.084500 0.068200 0.067900 0.068300 0.084800 0.104400 0.140400 0.122700 0.122900 0.137500 0.137700 0.067900 0.085800 0.141800 0.067900 0.103200 0.140700 0.123300 0.103200
BlueWildeb 0.033300 0.103400 0.033600 0.068300 0.016600 0.045300 0.016700 0.084800 0.033500 0.083700 0.016500 0.016700 0.016500 0.016500 0.050800 0.050900 0.033600 0.016500 0.016600 0.050400 0.104300 0.016600 0.050200 0.101500 0.016500 0.068200 0.016500 0.033600 0.033200 0.033600 0.083700 0.049700 0.084500 0.000000 0.016600 0.016500 0.016600 0.033100 0.050900 0.085400 0.068400 0.068200 0.083700 0.049400 0.016500 0.033500 0.086300 0.016600 0.050100 0.050500 0.068600 0.050100
Gemsbok 0.016800 0.124000 0.017000 0.087800 0.000000 0.023100 0.000100 0.068500 0.017000 0.067300 0.000000 0.000200 0.000000 0.000100 0.034200 0.034500 0.017000 0.000000 0.000000 0.034000 0.088200 0.000000 0.033800 0.085200 0.000000 0.051900 0.000000 0.017000 0.051300 0.017000 0.067300 0.033500 0.068200 0.016600 0.000000 0.000000 0.000100 0.016700 0.034400 0.069200 0.051800 0.051900 0.067700 0.067500 0.000000 0.016900 0.069900 0.000000 0.033800 0.069100 0.051900 0.033800
Yak 0.016800 0.123400 0.016900 0.087400 0.000000 0.026000 0.000000 0.068200 0.016900 0.067300 0.000000 0.000200 0.000000 0.000000 0.034000 0.034200 0.016900 0.000000 0.000000 0.033800 0.087400 0.000000 0.033700 0.085100 0.000000 0.051400 0.000000 0.016900 0.050900 0.016900 0.067300 0.033300 0.067900 0.016500 0.000000 0.000000 0.000000 0.016600 0.034200 0.068800 0.051600 0.051400 0.067300 0.067400 0.000000 0.016800 0.069600 0.000000 0.033600 0.068800 0.051500 0.033700
BlueSheep 0.016800 0.123900 0.017000 0.087800 0.000000 0.023300 0.000100 0.068500 0.017000 0.067600 0.000000 0.000100 0.000000 0.000100 0.034200 0.034400 0.016700 0.000000 0.000000 0.034000 0.088200 0.000000 0.033800 0.085400 0.000000 0.051800 0.000000 0.017000 0.051300 0.017000 0.067600 0.033500 0.068300 0.016600 0.000100 0.000000 0.000000 0.016700 0.034300 0.069000 0.051800 0.051800 0.067600 0.067700 0.000000 0.016900 0.069800 0.000000 0.033900 0.069200 0.052000 0.033800
BohorReedb 0.033400 0.141000 0.033800 0.104600 0.016600 0.042800 0.016700 0.085100 0.033700 0.083800 0.016600 0.016800 0.016600 0.016600 0.051000 0.051300 0.033700 0.016600 0.016600 0.050700 0.105100 0.016600 0.050300 0.101700 0.016600 0.068700 0.016600 0.033800 0.067900 0.033800 0.083800 0.049900 0.084800 0.033100 0.016700 0.016600 0.016700 0.000000 0.051100 0.085600 0.068500 0.068700 0.083800 0.084000 0.016600 0.033600 0.086700 0.016600 0.050400 0.085900 0.068800 0.050400
KirksDik 0.051600 0.162700 0.052100 0.125700 0.034200 0.062800 0.034400 0.033300 0.051900 0.103600 0.034200 0.034600 0.034200 0.034100 0.069900 0.000000 0.052100 0.034200 0.034200 0.069500 0.052000 0.034200 0.069300 0.122600 0.034200 0.017000 0.034200 0.052100 0.016800 0.052100 0.103600 0.068300 0.104400 0.050900 0.034400 0.034200 0.034300 0.051100 0.000000 0.106300 0.088300 0.017000 0.103600 0.103900 0.034200 0.051800 0.034400 0.034200 0.069100 0.105800 0.088500 0.069000
RoeDeer 0.051100 0.200700 0.087300 0.162300 0.068800 0.051300 0.069200 0.141500 0.086900 0.067300 0.068800 0.069400 0.068800 0.068700 0.105600 0.106600 0.087500 0.068800 0.068800 0.104900 0.163500 0.068800 0.033700 0.050400 0.068800 0.125000 0.068800 0.087300 0.123400 0.087300 0.067300 0.103200 0.140400 0.085400 0.069200 0.068800 0.069000 0.085600 0.106300 0.000000 0.051600 0.125000 0.067300 0.067600 0.068800 0.086900 0.144800 0.068800 0.104100 0.141600 0.124700 0.104100
WhiteLippe 0.034000 0.182400 0.069900 0.144800 0.051600 0.041400 0.051900 0.123500 0.069600 0.050400 0.051600 0.052100 0.051600 0.051500 0.087900 0.088600 0.069900 0.051600 0.051600 0.087400 0.145400 0.051600 0.016800 0.068100 0.051600 0.106800 0.051600 0.069900 0.105600 0.069900 0.050400 0.085900 0.122700 0.068400 0.051800 0.051600 0.051800 0.068500 0.088300 0.051600 0.000000 0.106800 0.050400 0.050500 0.051600 0.069500 0.126200 0.051600 0.086800 0.135900 0.106800 0.086800
ThomsonGaz 0.069300 0.182600 0.069700 0.144700 0.051100 0.084200 0.051900 0.050800 0.069700 0.121900 0.051300 0.052200 0.051400 0.051600 0.088000 0.017000 0.069900 0.051100 0.051300 0.087200 0.069500 0.051400 0.087200 0.141300 0.051400 0.000000 0.051400 0.069700 0.033800 0.069700 0.121900 0.086000 0.122900 0.068200 0.051900 0.051400 0.051800 0.068700 0.017000 0.125000 0.106800 0.000000 0.121900 0.122200 0.051700 0.069600 0.051900 0.051400 0.086600 0.124300 0.106500 0.086600
MuntiacusC 0.049900 0.196800 0.085400 0.158900 0.067300 0.060700 0.067700 0.138200 0.085100 0.000000 0.067300 0.068100 0.067300 0.067200 0.103300 0.103900 0.085500 0.067300 0.067300 0.102600 0.160200 0.067300 0.032800 0.083100 0.067300 0.121900 0.067300 0.085400 0.120500 0.085400 0.000000 0.101000 0.137500 0.083700 0.067700 0.067300 0.067600 0.083800 0.103600 0.067300 0.050400 0.121900 0.000000 0.065800 0.067300 0.085000 0.141100 0.067300 0.102000 0.138900 0.122000 0.102000
WhiteTaile 0.050100 0.120200 0.085600 0.121600 0.067400 0.060700 0.067800 0.138500 0.085200 0.065800 0.067400 0.068200 0.067400 0.067300 0.103400 0.104200 0.085700 0.067400 0.067400 0.102800 0.160500 0.067400 0.032900 0.049100 0.067400 0.122200 0.067400 0.085600 0.084800 0.085600 0.065800 0.101200 0.137700 0.049400 0.067500 0.067400 0.067700 0.084000 0.103900 0.067600 0.050500 0.122200 0.065800 0.000000 0.067400 0.085200 0.141500 0.067400 0.102100 0.102600 0.122100 0.102100
Cattle 0.016800 0.123400 0.016900 0.087400 0.000000 0.026000 0.000000 0.068200 0.016900 0.067300 0.000000 0.000200 0.000000 0.000000 0.034000 0.034200 0.016900 0.000000 0.000000 0.033800 0.087400 0.000000 0.033700 0.085100 0.000000 0.051400 0.000000 0.016900 0.050900 0.016900 0.067300 0.033300 0.067900 0.016500 0.000000 0.000000 0.000000 0.016600 0.034200 0.068800 0.051600 0.051700 0.067300 0.067400 0.000000 0.016800 0.069600 0.000000 0.033600 0.068800 0.051500 0.033600
RoyalAntel 0.033800 0.103500 0.034200 0.106000 0.016800 0.041300 0.016900 0.086200 0.034100 0.085000 0.016800 0.017000 0.016800 0.016800 0.051600 0.052000 0.034200 0.016800 0.016800 0.051300 0.106600 0.016800 0.051100 0.103300 0.016800 0.069600 0.016800 0.034200 0.068800 0.034200 0.085000 0.050500 0.085800 0.033500 0.016900 0.016800 0.016900 0.033600 0.051800 0.086900 0.069500 0.069600 0.085000 0.085200 0.016800 0.000000 0.087900 0.016800 0.051100 0.086900 0.051300 0.051000
Steenbok 0.087700 0.202800 0.088300 0.124900 0.069600 0.087900 0.070000 0.068500 0.088000 0.141100 0.069600 0.070400 0.069600 0.069500 0.106700 0.034500 0.088400 0.069600 0.069600 0.106000 0.069800 0.069600 0.106000 0.161300 0.069600 0.051900 0.069600 0.088300 0.051300 0.088300 0.141100 0.104200 0.141800 0.086300 0.069900 0.069600 0.069800 0.086700 0.034400 0.144800 0.126200 0.051900 0.141100 0.141500 0.069600 0.087900 0.000000 0.069600 0.105300 0.143300 0.126100 0.105300
Impala 0.016800 0.123400 0.016900 0.087400 0.000000 0.026000 0.000000 0.068200 0.016900 0.067300 0.000000 0.000200 0.000000 0.000000 0.034000 0.034200 0.016900 0.000000 0.000000 0.033600 0.087400 0.000000 0.033700 0.085100 0.000000 0.051400 0.000000 0.016900 0.050900 0.016900 0.067300 0.033300 0.067900 0.016600 0.000000 0.000000 0.000000 0.016600 0.034200 0.068800 0.051600 0.051400 0.067300 0.067400 0.000000 0.016800 0.069600 0.000000 0.033600 0.068800 0.051500 0.033600
Klipspring 0.050800 0.161000 0.050800 0.124100 0.033700 0.064500 0.033900 0.103500 0.051200 0.102000 0.033600 0.034100 0.033600 0.033600 0.068900 0.068600 0.051300 0.033600 0.033600 0.068300 0.123900 0.033600 0.068100 0.120200 0.033600 0.086600 0.033600 0.050900 0.085700 0.051200 0.102000 0.067400 0.103200 0.050100 0.033800 0.033600 0.033900 0.050400 0.069100 0.104100 0.086800 0.086600 0.102000 0.102100 0.033600 0.051100 0.105300 0.033600 0.000000 0.104600 0.086900 0.067900
ForestMusk 0.086400 0.161800 0.087600 0.137700 0.068800 0.093700 0.069200 0.141000 0.087200 0.138900 0.068800 0.069600 0.068800 0.068700 0.105700 0.106100 0.087400 0.068800 0.068800 0.105200 0.163400 0.068800 0.104200 0.157700 0.068800 0.124300 0.068800 0.087600 0.086400 0.087600 0.138900 0.103400 0.140700 0.050500 0.069100 0.068800 0.069200 0.085900 0.105800 0.141600 0.135900 0.124300 0.138900 0.102600 0.068800 0.086900 0.143300 0.068800 0.104600 0.000000 0.124800 0.104500
Bushbuck 0.069300 0.141800 0.034200 0.145100 0.051500 0.084200 0.052000 0.123800 0.034200 0.122000 0.051500 0.052400 0.050900 0.051600 0.088200 0.088600 0.070100 0.051500 0.051500 0.051300 0.145300 0.051500 0.087200 0.141000 0.051200 0.106500 0.051500 0.034200 0.105400 0.034200 0.122000 0.050600 0.123300 0.068600 0.051900 0.051500 0.052000 0.068800 0.088500 0.124700 0.106800 0.106500 0.122000 0.122100 0.051500 0.051300 0.126100 0.051500 0.086900 0.124800 0.000000 0.051000
GreaterKud 0.050700 0.141100 0.016700 0.123800 0.033600 0.064400 0.033900 0.103400 0.016700 0.102000 0.033600 0.034100 0.033600 0.033600 0.068900 0.069000 0.051300 0.033600 0.033600 0.033400 0.123800 0.033700 0.068000 0.120200 0.033600 0.086600 0.033600 0.016700 0.085700 0.016700 0.102000 0.067400 0.103200 0.050100 0.033800 0.033700 0.033800 0.050400 0.069000 0.104100 0.086800 0.086600 0.102000 0.102100 0.033600 0.051000 0.105300 0.033600 0.067900 0.104500 0.051000 0.000000
