CODONML (in paml version 4.10.7, June 2023)  /home/rachel/ruminants_paml/6406-phy-tree/ENSBTAT00000020692.fasta.phy
Model: free dN/dS Ratios for branches,  kappa = 2.000 fixed

Codon frequency model: F3x4
ns =  54  ls =  34

Codon usage in sequences
--------------------------------------------------------------------------------------------------------------------------------------
Phe TTT   0   0   0   0   0   0 | Ser TCT   0   0   0   0   0   0 | Tyr TAT   1   1   1   1   1   1 | Cys TGT   0   0   0   0   0   0
    TTC   1   1   1   1   1   1 |     TCC   0   0   0   0   0   0 |     TAC   2   2   1   2   2   2 |     TGC   0   0   0   0   0   0
Leu TTA   2   3   3   3   3   3 |     TCA   1   1   1   1   1   1 | *** TAA   0   0   0   0   0   0 | *** TGA   0   0   0   0   0   0
    TTG   0   0   0   0   0   0 |     TCG   0   0   0   0   0   0 |     TAG   0   0   0   0   0   0 | Trp TGG   0   0   0   0   0   0
--------------------------------------------------------------------------------------------------------------------------------------
Leu CTT   0   0   0   0   0   0 | Pro CCT   0   0   0   0   0   0 | His CAT   0   0   1   1   0   0 | Arg CGT   0   0   0   0   0   0
    CTC   1   1   1   1   1   1 |     CCC   0   0   0   0   0   0 |     CAC   1   1   1   0   1   1 |     CGC   0   0   0   0   0   0
    CTA   1   0   0   0   0   0 |     CCA   0   0   0   0   0   0 | Gln CAA   1   1   1   1   1   1 |     CGA   0   0   0   0   0   0
    CTG   0   0   0   0   0   0 |     CCG   0   0   0   0   0   0 |     CAG   0   0   0   0   0   0 |     CGG   0   0   0   0   0   0
--------------------------------------------------------------------------------------------------------------------------------------
Ile ATT   0   1   0   0   0   0 | Thr ACT   0   0   0   0   0   0 | Asn AAT   2   2   2   2   2   2 | Ser AGT   2   2   2   2   1   1
    ATC   1   1   2   1   1   1 |     ACC   1   1   0   1   1   1 |     AAC   1   1   1   1   1   1 |     AGC   0   0   0   0   0   0
    ATA   0   0   0   0   0   0 |     ACA   1   1   0   1   1   1 | Lys AAA   1   1   1   1   2   1 | Arg AGA   0   0   0   0   0   0
Met ATG   0   0   0   0   0   0 |     ACG   0   0   1   0   0   0 |     AAG   3   3   3   3   2   3 |     AGG   0   0   0   0   0   0
--------------------------------------------------------------------------------------------------------------------------------------
Val GTT   3   2   3   3   3   3 | Ala GCT   0   0   0   0   0   0 | Asp GAT   3   3   2   3   3   3 | Gly GGT   0   0   0   0   1   1
    GTC   0   0   0   0   0   0 |     GCC   0   0   0   0   0   0 |     GAC   2   2   3   2   2   2 |     GGC   0   0   0   0   0   0
    GTA   0   0   0   0   0   0 |     GCA   0   0   0   0   0   0 | Glu GAA   1   1   1   1   1   1 |     GGA   0   0   0   0   0   0
    GTG   2   2   2   2   2   2 |     GCG   0   0   0   0   0   0 |     GAG   0   0   0   0   0   0 |     GGG   0   0   0   0   0   0
--------------------------------------------------------------------------------------------------------------------------------------

--------------------------------------------------------------------------------------------------------------------------------------
Phe TTT   0   0   0   0   0   0 | Ser TCT   0   0   0   0   0   0 | Tyr TAT   1   1   1   1   1   1 | Cys TGT   0   0   0   0   0   0
    TTC   1   1   1   1   1   1 |     TCC   0   0   0   0   0   0 |     TAC   2   2   0   2   2   2 |     TGC   0   0   1   0   0   0
Leu TTA   3   2   3   3   3   3 |     TCA   1   1   1   1   1   1 | *** TAA   0   0   0   0   0   0 | *** TGA   0   0   0   0   0   0
    TTG   0   0   0   0   0   0 |     TCG   0   0   0   0   0   0 |     TAG   0   0   0   0   0   0 | Trp TGG   0   0   0   0   0   0
--------------------------------------------------------------------------------------------------------------------------------------
Leu CTT   0   0   0   0   0   0 | Pro CCT   0   0   0   0   0   0 | His CAT   0   0   1   0   0   0 | Arg CGT   0   0   0   0   0   0
    CTC   1   1   1   1   1   1 |     CCC   0   0   0   0   0   0 |     CAC   1   1   1   1   1   1 |     CGC   0   0   0   0   0   0
    CTA   0   1   0   0   0   0 |     CCA   0   0   0   0   0   0 | Gln CAA   0   1   1   1   1   1 |     CGA   0   0   0   0   0   0
    CTG   0   0   0   0   0   0 |     CCG   0   0   0   0   0   0 |     CAG   1   0   0   0   0   0 |     CGG   0   0   0   0   0   0
--------------------------------------------------------------------------------------------------------------------------------------
Ile ATT   0   0   0   0   0   0 | Thr ACT   0   0   0   0   0   0 | Asn AAT   2   2   1   2   2   2 | Ser AGT   2   2   2   2   2   2
    ATC   1   1   2   1   1   1 |     ACC   1   1   0   1   1   1 |     AAC   1   1   1   1   1   1 |     AGC   0   0   0   0   0   0
    ATA   0   0   0   0   0   0 |     ACA   1   1   0   1   1   1 | Lys AAA   1   1   3   1   1   1 | Arg AGA   0   0   0   0   0   0
Met ATG   0   0   0   0   0   0 |     ACG   0   0   1   0   0   0 |     AAG   3   3   2   3   3   3 |     AGG   0   0   0   0   0   0
--------------------------------------------------------------------------------------------------------------------------------------
Val GTT   3   3   3   3   3   3 | Ala GCT   0   0   1   0   0   0 | Asp GAT   3   3   0   3   3   3 | Gly GGT   0   0   0   0   0   0
    GTC   0   0   0   0   0   0 |     GCC   0   0   0   0   0   0 |     GAC   2   2   4   2   2   2 |     GGC   0   0   0   0   0   0
    GTA   0   0   0   0   0   0 |     GCA   0   0   0   0   0   0 | Glu GAA   1   1   1   1   1   1 |     GGA   0   0   0   0   0   0
    GTG   2   2   2   2   2   2 |     GCG   0   0   0   0   0   0 |     GAG   0   0   0   0   0   0 |     GGG   0   0   0   0   0   0
--------------------------------------------------------------------------------------------------------------------------------------

--------------------------------------------------------------------------------------------------------------------------------------
Phe TTT   0   0   0   0   0   0 | Ser TCT   0   0   0   0   0   0 | Tyr TAT   1   2   1   1   1   1 | Cys TGT   0   0   0   0   0   0
    TTC   1   1   1   1   1   1 |     TCC   0   0   0   0   0   0 |     TAC   2   1   2   2   2   2 |     TGC   0   0   0   0   0   0
Leu TTA   2   3   2   3   3   3 |     TCA   1   1   1   1   1   1 | *** TAA   0   0   0   0   0   0 | *** TGA   0   0   0   0   0   0
    TTG   0   0   0   0   0   0 |     TCG   0   0   0   0   0   0 |     TAG   0   0   0   0   0   0 | Trp TGG   0   0   0   0   0   0
--------------------------------------------------------------------------------------------------------------------------------------
Leu CTT   0   0   0   0   0   0 | Pro CCT   0   0   0   0   0   0 | His CAT   0   0   0   0   0   0 | Arg CGT   0   0   0   0   0   0
    CTC   1   1   1   1   1   1 |     CCC   0   0   0   0   0   0 |     CAC   1   1   1   1   1   1 |     CGC   0   0   0   0   0   0
    CTA   1   0   1   0   0   0 |     CCA   0   0   0   0   0   0 | Gln CAA   1   1   1   1   1   1 |     CGA   0   0   0   0   0   0
    CTG   0   0   0   0   0   0 |     CCG   0   0   0   0   0   0 |     CAG   0   0   0   0   0   0 |     CGG   0   0   0   0   0   0
--------------------------------------------------------------------------------------------------------------------------------------
Ile ATT   0   0   0   0   0   0 | Thr ACT   0   0   0   0   0   0 | Asn AAT   2   2   2   1   2   2 | Ser AGT   2   2   2   2   2   2
    ATC   1   1   1   2   1   1 |     ACC   1   1   1   0   1   1 |     AAC   1   1   1   1   1   1 |     AGC   0   0   0   0   0   0
    ATA   0   0   0   0   0   0 |     ACA   1   1   1   0   1   1 | Lys AAA   1   1   1   2   1   1 | Arg AGA   0   0   0   0   0   0
Met ATG   0   0   0   1   0   0 |     ACG   0   0   0   0   0   0 |     AAG   3   3   3   3   3   3 |     AGG   0   0   0   0   0   0
--------------------------------------------------------------------------------------------------------------------------------------
Val GTT   3   3   3   3   3   3 | Ala GCT   0   0   0   1   0   0 | Asp GAT   3   3   3   1   3   3 | Gly GGT   0   0   0   0   0   0
    GTC   0   0   0   0   0   0 |     GCC   0   0   0   0   0   0 |     GAC   2   2   2   3   2   2 |     GGC   0   0   0   0   0   0
    GTA   0   0   0   0   0   0 |     GCA   0   0   0   0   0   0 | Glu GAA   1   1   1   1   1   1 |     GGA   0   0   0   0   0   0
    GTG   2   2   2   2   2   2 |     GCG   0   0   0   0   0   0 |     GAG   0   0   0   0   0   0 |     GGG   0   0   0   0   0   0
--------------------------------------------------------------------------------------------------------------------------------------

--------------------------------------------------------------------------------------------------------------------------------------
Phe TTT   0   0   0   0   0   0 | Ser TCT   0   0   0   0   0   0 | Tyr TAT   1   1   1   1   1   1 | Cys TGT   0   0   0   0   0   0
    TTC   1   1   1   1   1   1 |     TCC   0   0   0   0   0   0 |     TAC   2   2   2   2   2   2 |     TGC   0   0   0   0   0   0
Leu TTA   3   3   2   3   3   2 |     TCA   1   1   1   1   1   1 | *** TAA   0   0   0   0   0   0 | *** TGA   0   0   0   0   0   0
    TTG   0   0   0   0   0   0 |     TCG   0   0   0   0   0   0 |     TAG   0   0   0   0   0   0 | Trp TGG   0   0   0   0   0   0
--------------------------------------------------------------------------------------------------------------------------------------
Leu CTT   0   0   0   0   0   0 | Pro CCT   0   0   0   0   0   0 | His CAT   0   0   0   0   0   0 | Arg CGT   0   0   0   0   0   0
    CTC   1   1   1   1   1   1 |     CCC   0   0   0   0   0   0 |     CAC   1   1   1   1   1   1 |     CGC   0   0   0   0   0   0
    CTA   0   0   1   0   0   1 |     CCA   0   0   0   0   0   0 | Gln CAA   1   1   1   1   1   1 |     CGA   0   0   0   0   0   0
    CTG   0   0   0   0   0   0 |     CCG   0   0   0   0   0   0 |     CAG   0   0   0   0   0   0 |     CGG   0   0   0   0   0   0
--------------------------------------------------------------------------------------------------------------------------------------
Ile ATT   0   0   0   0   0   0 | Thr ACT   0   0   0   0   0   0 | Asn AAT   2   2   2   2   2   2 | Ser AGT   2   2   2   2   2   2
    ATC   1   1   1   1   1   1 |     ACC   1   1   1   1   1   1 |     AAC   1   1   1   1   1   1 |     AGC   0   0   0   0   0   0
    ATA   0   0   0   0   0   0 |     ACA   1   1   1   1   1   1 | Lys AAA   1   1   1   1   1   1 | Arg AGA   0   0   0   0   0   0
Met ATG   0   0   0   0   0   0 |     ACG   0   0   0   0   0   0 |     AAG   3   3   3   3   3   3 |     AGG   0   0   0   0   0   0
--------------------------------------------------------------------------------------------------------------------------------------
Val GTT   3   3   3   3   2   3 | Ala GCT   0   0   0   0   0   0 | Asp GAT   3   3   3   3   3   3 | Gly GGT   0   0   0   0   0   0
    GTC   0   0   0   0   1   0 |     GCC   0   0   0   0   0   0 |     GAC   2   2   2   2   2   2 |     GGC   0   0   0   0   0   0
    GTA   0   0   0   0   0   0 |     GCA   0   0   0   0   0   0 | Glu GAA   1   1   1   1   1   1 |     GGA   0   0   0   0   0   0
    GTG   2   2   2   2   2   2 |     GCG   0   0   0   0   0   0 |     GAG   0   0   0   0   0   0 |     GGG   0   0   0   0   0   0
--------------------------------------------------------------------------------------------------------------------------------------

--------------------------------------------------------------------------------------------------------------------------------------
Phe TTT   0   0   0   0   0   0 | Ser TCT   0   0   0   0   0   0 | Tyr TAT   1   1   1   1   1   1 | Cys TGT   0   0   0   0   0   0
    TTC   1   1   1   1   1   1 |     TCC   0   0   0   0   0   0 |     TAC   2   2   2   1   2   2 |     TGC   0   0   0   0   0   0
Leu TTA   3   3   2   3   2   3 |     TCA   1   1   1   1   1   1 | *** TAA   0   0   0   0   0   0 | *** TGA   0   0   0   0   0   0
    TTG   0   0   0   0   0   0 |     TCG   0   0   0   0   0   0 |     TAG   0   0   0   0   0   0 | Trp TGG   0   0   0   0   0   0
--------------------------------------------------------------------------------------------------------------------------------------
Leu CTT   0   0   0   0   0   0 | Pro CCT   0   0   0   0   0   0 | His CAT   0   0   0   1   0   0 | Arg CGT   0   0   0   0   0   0
    CTC   1   1   1   1   1   1 |     CCC   0   0   0   0   0   0 |     CAC   1   1   1   1   1   1 |     CGC   0   0   0   0   0   0
    CTA   0   0   1   0   1   0 |     CCA   0   0   0   0   0   0 | Gln CAA   1   1   1   1   1   1 |     CGA   0   0   0   0   0   0
    CTG   0   0   0   0   0   0 |     CCG   0   0   0   0   0   0 |     CAG   0   0   0   0   0   0 |     CGG   0   0   0   0   0   0
--------------------------------------------------------------------------------------------------------------------------------------
Ile ATT   0   0   0   0   0   0 | Thr ACT   0   0   0   0   0   0 | Asn AAT   2   2   2   1   2   2 | Ser AGT   2   2   2   1   2   2
    ATC   1   1   1   1   1   1 |     ACC   1   1   1   1   1   1 |     AAC   1   1   1   1   1   1 |     AGC   0   0   0   1   0   0
    ATA   0   0   0   0   0   0 |     ACA   1   1   1   0   1   1 | Lys AAA   1   1   1   2   1   1 | Arg AGA   0   0   0   0   0   0
Met ATG   0   0   0   0   0   0 |     ACG   0   0   0   1   0   0 |     AAG   3   3   3   3   3   3 |     AGG   0   0   0   0   0   0
--------------------------------------------------------------------------------------------------------------------------------------
Val GTT   3   3   3   3   3   3 | Ala GCT   0   0   0   1   0   0 | Asp GAT   3   3   3   1   3   3 | Gly GGT   0   0   0   0   0   0
    GTC   0   0   0   0   0   0 |     GCC   0   0   0   0   0   0 |     GAC   2   2   2   3   2   2 |     GGC   0   0   0   0   0   0
    GTA   0   0   0   0   0   0 |     GCA   0   0   0   0   0   0 | Glu GAA   1   1   1   1   1   1 |     GGA   0   0   0   0   0   0
    GTG   2   2   2   2   2   2 |     GCG   0   0   0   0   0   0 |     GAG   0   0   0   0   0   0 |     GGG   0   0   0   0   0   0
--------------------------------------------------------------------------------------------------------------------------------------

--------------------------------------------------------------------------------------------------------------------------------------
Phe TTT   0   0   0   0   0   0 | Ser TCT   0   0   0   0   0   0 | Tyr TAT   1   1   1   1   1   1 | Cys TGT   0   0   0   0   0   0
    TTC   1   1   1   1   1   1 |     TCC   0   0   0   0   0   0 |     TAC   2   2   2   2   2   2 |     TGC   0   0   0   0   0   0
Leu TTA   3   3   3   3   3   2 |     TCA   1   1   1   1   1   1 | *** TAA   0   0   0   0   0   0 | *** TGA   0   0   0   0   0   0
    TTG   0   0   0   0   0   0 |     TCG   0   0   0   0   0   0 |     TAG   0   0   0   0   0   0 | Trp TGG   0   0   0   0   0   0
--------------------------------------------------------------------------------------------------------------------------------------
Leu CTT   0   0   0   0   0   0 | Pro CCT   0   0   0   0   0   0 | His CAT   0   0   0   0   0   0 | Arg CGT   0   0   0   0   0   0
    CTC   1   1   1   1   1   1 |     CCC   0   0   0   0   0   0 |     CAC   1   1   1   1   1   1 |     CGC   0   0   0   0   0   0
    CTA   0   0   0   0   0   1 |     CCA   0   0   0   0   0   0 | Gln CAA   1   1   1   1   1   1 |     CGA   0   0   0   0   0   0
    CTG   0   0   0   0   0   0 |     CCG   0   0   0   0   0   0 |     CAG   0   0   0   0   0   0 |     CGG   0   0   0   0   0   0
--------------------------------------------------------------------------------------------------------------------------------------
Ile ATT   0   0   0   0   0   0 | Thr ACT   0   0   0   0   0   0 | Asn AAT   2   2   2   2   2   2 | Ser AGT   2   2   2   2   2   2
    ATC   1   1   1   1   1   1 |     ACC   1   1   1   1   1   1 |     AAC   1   1   1   1   1   1 |     AGC   0   0   0   0   0   0
    ATA   0   0   0   0   0   0 |     ACA   1   1   1   1   1   1 | Lys AAA   1   1   1   1   1   1 | Arg AGA   0   0   0   0   0   0
Met ATG   0   0   0   0   0   0 |     ACG   0   0   0   0   0   0 |     AAG   3   3   3   3   3   3 |     AGG   0   0   0   0   0   0
--------------------------------------------------------------------------------------------------------------------------------------
Val GTT   3   3   3   3   3   3 | Ala GCT   0   0   0   0   0   0 | Asp GAT   3   3   3   3   3   3 | Gly GGT   0   0   0   0   0   0
    GTC   0   0   0   0   0   0 |     GCC   0   0   0   0   0   0 |     GAC   2   2   2   2   2   2 |     GGC   0   0   0   0   0   0
    GTA   0   0   0   0   0   0 |     GCA   0   0   0   0   0   0 | Glu GAA   1   1   1   1   1   1 |     GGA   0   0   0   0   0   0
    GTG   2   2   2   2   2   2 |     GCG   0   0   0   0   0   0 |     GAG   0   0   0   0   0   0 |     GGG   0   0   0   0   0   0
--------------------------------------------------------------------------------------------------------------------------------------

--------------------------------------------------------------------------------------------------------------------------------------
Phe TTT   0   0   0   0   0   0 | Ser TCT   0   0   0   0   0   0 | Tyr TAT   1   2   2   1   1   1 | Cys TGT   0   0   0   0   0   0
    TTC   1   1   1   1   1   1 |     TCC   0   0   0   0   0   0 |     TAC   2   1   1   2   2   2 |     TGC   0   0   0   0   0   0
Leu TTA   2   3   2   3   4   3 |     TCA   1   1   1   1   0   1 | *** TAA   0   0   0   0   0   0 | *** TGA   0   0   0   0   0   0
    TTG   0   0   0   0   0   0 |     TCG   0   0   0   0   0   0 |     TAG   0   0   0   0   0   0 | Trp TGG   0   0   0   0   0   0
--------------------------------------------------------------------------------------------------------------------------------------
Leu CTT   0   0   0   0   0   0 | Pro CCT   0   0   0   0   0   0 | His CAT   0   0   0   0   0   0 | Arg CGT   0   0   0   0   0   0
    CTC   1   1   1   1   1   1 |     CCC   0   0   0   0   0   0 |     CAC   1   1   1   1   1   1 |     CGC   0   0   0   0   0   0
    CTA   1   0   1   0   0   0 |     CCA   0   0   0   0   0   0 | Gln CAA   1   1   1   0   1   1 |     CGA   0   0   0   0   0   0
    CTG   0   0   0   0   0   0 |     CCG   0   0   0   0   0   0 |     CAG   0   0   0   1   0   0 |     CGG   0   0   0   0   0   0
--------------------------------------------------------------------------------------------------------------------------------------
Ile ATT   0   0   0   0   0   0 | Thr ACT   0   0   0   0   0   0 | Asn AAT   2   2   2   2   2   2 | Ser AGT   2   2   2   2   1   2
    ATC   1   1   1   1   2   1 |     ACC   1   1   1   1   0   1 |     AAC   1   1   1   1   1   1 |     AGC   0   0   0   0   0   0
    ATA   0   0   0   0   0   0 |     ACA   1   1   1   1   0   1 | Lys AAA   1   1   1   1   2   1 | Arg AGA   0   0   0   0   0   0
Met ATG   0   0   0   0   0   0 |     ACG   0   0   0   0   1   0 |     AAG   3   3   3   3   3   3 |     AGG   0   0   0   0   0   0
--------------------------------------------------------------------------------------------------------------------------------------
Val GTT   3   3   3   3   3   3 | Ala GCT   0   0   0   0   1   0 | Asp GAT   3   2   3   3   2   3 | Gly GGT   0   0   0   0   0   0
    GTC   0   0   0   0   0   0 |     GCC   0   0   0   0   0   0 |     GAC   2   3   2   2   2   2 |     GGC   0   0   0   0   0   0
    GTA   0   0   0   0   0   0 |     GCA   0   0   0   0   0   0 | Glu GAA   1   1   1   1   1   1 |     GGA   0   0   0   0   0   0
    GTG   2   2   2   2   2   2 |     GCG   0   0   0   0   0   0 |     GAG   0   0   0   0   0   0 |     GGG   0   0   0   0   0   0
--------------------------------------------------------------------------------------------------------------------------------------

--------------------------------------------------------------------------------------------------------------------------------------
Phe TTT   0   0   0   0   0   0 | Ser TCT   0   0   0   0   0   0 | Tyr TAT   1   1   1   1   2   1 | Cys TGT   0   0   0   0   0   0
    TTC   1   1   1   1   1   1 |     TCC   0   0   0   0   0   0 |     TAC   2   2   2   2   1   2 |     TGC   0   0   0   0   0   0
Leu TTA   3   3   3   3   3   3 |     TCA   1   1   1   1   1   1 | *** TAA   0   0   0   0   0   0 | *** TGA   0   0   0   0   0   0
    TTG   0   0   0   0   0   0 |     TCG   0   0   0   0   0   0 |     TAG   0   0   0   0   0   0 | Trp TGG   0   0   0   0   0   0
--------------------------------------------------------------------------------------------------------------------------------------
Leu CTT   0   0   0   0   0   0 | Pro CCT   0   0   0   0   0   0 | His CAT   0   0   0   0   0   0 | Arg CGT   0   0   0   0   0   0
    CTC   1   1   1   1   1   1 |     CCC   0   0   0   0   0   0 |     CAC   1   1   1   1   1   1 |     CGC   0   0   0   0   0   0
    CTA   0   0   0   0   0   0 |     CCA   0   0   0   0   0   0 | Gln CAA   1   1   1   1   1   1 |     CGA   0   0   0   0   0   0
    CTG   0   0   0   0   0   0 |     CCG   0   0   0   0   0   0 |     CAG   0   0   0   0   0   0 |     CGG   0   0   0   0   0   0
--------------------------------------------------------------------------------------------------------------------------------------
Ile ATT   0   0   0   0   0   0 | Thr ACT   0   0   0   0   0   0 | Asn AAT   2   2   2   2   2   2 | Ser AGT   2   2   2   2   2   2
    ATC   1   1   1   1   1   1 |     ACC   1   1   1   1   1   1 |     AAC   1   1   1   1   1   1 |     AGC   0   0   0   0   0   0
    ATA   0   0   0   0   0   0 |     ACA   1   1   1   1   1   1 | Lys AAA   1   1   1   1   1   1 | Arg AGA   0   0   0   0   0   0
Met ATG   0   0   0   0   0   0 |     ACG   0   0   0   0   0   0 |     AAG   3   3   3   3   3   3 |     AGG   0   0   0   0   0   0
--------------------------------------------------------------------------------------------------------------------------------------
Val GTT   3   3   3   3   3   3 | Ala GCT   0   0   0   0   0   0 | Asp GAT   3   3   3   3   2   3 | Gly GGT   0   0   0   0   0   0
    GTC   0   0   0   0   0   0 |     GCC   0   0   0   0   0   0 |     GAC   2   2   2   2   3   2 |     GGC   0   0   0   0   0   0
    GTA   0   0   0   0   0   0 |     GCA   0   0   0   0   0   0 | Glu GAA   1   1   1   1   1   1 |     GGA   0   0   0   0   0   0
    GTG   2   2   2   2   2   2 |     GCG   0   0   0   0   0   0 |     GAG   0   0   0   0   0   0 |     GGG   0   0   0   0   0   0
--------------------------------------------------------------------------------------------------------------------------------------

--------------------------------------------------------------------------------------------------------------------------------------
Phe TTT   0   0   0   0   0   0 | Ser TCT   0   0   0   0   0   0 | Tyr TAT   1   1   1   1   1   1 | Cys TGT   0   0   0   0   0   0
    TTC   1   1   1   1   1   1 |     TCC   0   0   0   0   0   0 |     TAC   2   2   2   2   1   2 |     TGC   0   0   0   0   0   0
Leu TTA   3   3   3   3   3   3 |     TCA   1   1   1   1   1   1 | *** TAA   0   0   0   0   0   0 | *** TGA   0   0   0   0   0   0
    TTG   0   0   0   0   0   0 |     TCG   0   0   0   0   0   0 |     TAG   0   0   0   0   0   0 | Trp TGG   0   0   0   0   0   0
--------------------------------------------------------------------------------------------------------------------------------------
Leu CTT   0   0   0   0   0   0 | Pro CCT   0   0   0   0   0   0 | His CAT   0   0   0   1   1   0 | Arg CGT   0   0   0   0   0   0
    CTC   1   1   1   1   1   1 |     CCC   0   0   0   0   0   0 |     CAC   1   1   1   0   1   1 |     CGC   0   0   0   0   0   0
    CTA   0   0   0   0   0   0 |     CCA   0   0   0   0   0   0 | Gln CAA   1   1   1   1   1   1 |     CGA   0   0   0   0   0   0
    CTG   0   0   0   0   0   0 |     CCG   0   0   0   0   0   0 |     CAG   0   0   0   0   0   0 |     CGG   0   0   0   0   0   0
--------------------------------------------------------------------------------------------------------------------------------------
Ile ATT   0   0   0   0   0   0 | Thr ACT   0   0   0   0   0   0 | Asn AAT   2   2   2   2   2   2 | Ser AGT   2   2   2   2   2   2
    ATC   1   1   1   1   1   1 |     ACC   1   1   1   1   1   1 |     AAC   1   1   1   1   1   1 |     AGC   0   0   0   0   0   0
    ATA   0   0   0   0   0   0 |     ACA   1   1   1   1   1   1 | Lys AAA   1   1   1   1   1   1 | Arg AGA   0   0   0   0   0   0
Met ATG   0   0   0   0   0   0 |     ACG   0   0   0   0   0   0 |     AAG   3   3   3   3   3   3 |     AGG   0   0   0   0   0   0
--------------------------------------------------------------------------------------------------------------------------------------
Val GTT   3   3   3   3   3   3 | Ala GCT   0   0   0   0   0   0 | Asp GAT   3   3   3   3   2   3 | Gly GGT   0   0   0   0   0   0
    GTC   0   0   0   0   0   0 |     GCC   0   0   0   0   0   0 |     GAC   2   2   2   2   3   2 |     GGC   0   0   0   0   0   0
    GTA   0   0   0   0   0   0 |     GCA   0   0   0   0   0   0 | Glu GAA   1   1   1   1   1   1 |     GGA   0   0   0   0   0   0
    GTG   2   2   2   2   2   2 |     GCG   0   0   0   0   0   0 |     GAG   0   0   0   0   0   0 |     GGG   0   0   0   0   0   0
--------------------------------------------------------------------------------------------------------------------------------------

Codon position x base (3x4) table for each sequence.

#1: Argali         
position  1:    T:0.20588    C:0.11765    A:0.35294    G:0.32353
position  2:    T:0.32353    C:0.08824    A:0.52941    G:0.05882
position  3:    T:0.32353    C:0.29412    A:0.23529    G:0.14706
Average         T:0.28431    C:0.16667    A:0.37255    G:0.17647

#2: LesserMouseDeer
position  1:    T:0.23529    C:0.08824    A:0.38235    G:0.29412
position  2:    T:0.32353    C:0.08824    A:0.52941    G:0.05882
position  3:    T:0.32353    C:0.29412    A:0.23529    G:0.14706
Average         T:0.29412    C:0.15686    A:0.38235    G:0.16667

#3: LesserKudu     
position  1:    T:0.20588    C:0.11765    A:0.35294    G:0.32353
position  2:    T:0.35294    C:0.05882    A:0.52941    G:0.05882
position  3:    T:0.32353    C:0.29412    A:0.20588    G:0.17647
Average         T:0.29412    C:0.15686    A:0.36275    G:0.18627

#4: ForestMuskDeer2
position  1:    T:0.23529    C:0.08824    A:0.35294    G:0.32353
position  2:    T:0.32353    C:0.08824    A:0.52941    G:0.05882
position  3:    T:0.35294    C:0.26471    A:0.23529    G:0.14706
Average         T:0.30392    C:0.14706    A:0.37255    G:0.17647

#5: Camel          
position  1:    T:0.23529    C:0.08824    A:0.32353    G:0.35294
position  2:    T:0.32353    C:0.08824    A:0.52941    G:0.05882
position  3:    T:0.32353    C:0.29412    A:0.26471    G:0.11765
Average         T:0.29412    C:0.15686    A:0.37255    G:0.17647

#6: KillerWhale    
position  1:    T:0.23529    C:0.08824    A:0.32353    G:0.35294
position  2:    T:0.32353    C:0.08824    A:0.52941    G:0.05882
position  3:    T:0.32353    C:0.29412    A:0.23529    G:0.14706
Average         T:0.29412    C:0.15686    A:0.36275    G:0.18627

#7: DefassaWaterbuck
position  1:    T:0.23529    C:0.08824    A:0.35294    G:0.32353
position  2:    T:0.32353    C:0.08824    A:0.52941    G:0.05882
position  3:    T:0.32353    C:0.29412    A:0.20588    G:0.17647
Average         T:0.29412    C:0.15686    A:0.36275    G:0.18627

#8: Sheep          
position  1:    T:0.20588    C:0.11765    A:0.35294    G:0.32353
position  2:    T:0.32353    C:0.08824    A:0.52941    G:0.05882
position  3:    T:0.32353    C:0.29412    A:0.23529    G:0.14706
Average         T:0.28431    C:0.16667    A:0.37255    G:0.17647

#9: MaxwellsDuiker 
position  1:    T:0.20588    C:0.11765    A:0.35294    G:0.32353
position  2:    T:0.35294    C:0.08824    A:0.47059    G:0.08824
position  3:    T:0.26471    C:0.32353    A:0.26471    G:0.14706
Average         T:0.27451    C:0.17647    A:0.36275    G:0.18627

#10: GazellaPrzewalskyi
position  1:    T:0.23529    C:0.08824    A:0.35294    G:0.32353
position  2:    T:0.32353    C:0.08824    A:0.52941    G:0.05882
position  3:    T:0.32353    C:0.29412    A:0.23529    G:0.14706
Average         T:0.29412    C:0.15686    A:0.37255    G:0.17647

#11: MountainNyala  
position  1:    T:0.23529    C:0.08824    A:0.35294    G:0.32353
position  2:    T:0.32353    C:0.08824    A:0.52941    G:0.05882
position  3:    T:0.32353    C:0.29412    A:0.23529    G:0.14706
Average         T:0.29412    C:0.15686    A:0.37255    G:0.17647

#12: MuntiacusMuntjak
position  1:    T:0.23529    C:0.08824    A:0.35294    G:0.32353
position  2:    T:0.32353    C:0.08824    A:0.52941    G:0.05882
position  3:    T:0.32353    C:0.29412    A:0.23529    G:0.14706
Average         T:0.29412    C:0.15686    A:0.37255    G:0.17647

#13: goat           
position  1:    T:0.20588    C:0.11765    A:0.35294    G:0.32353
position  2:    T:0.32353    C:0.08824    A:0.52941    G:0.05882
position  3:    T:0.32353    C:0.29412    A:0.23529    G:0.14706
Average         T:0.28431    C:0.16667    A:0.37255    G:0.17647

#14: AfricanBuffalo 
position  1:    T:0.23529    C:0.08824    A:0.35294    G:0.32353
position  2:    T:0.32353    C:0.08824    A:0.52941    G:0.05882
position  3:    T:0.35294    C:0.26471    A:0.23529    G:0.14706
Average         T:0.30392    C:0.14706    A:0.37255    G:0.17647

#15: Topi           
position  1:    T:0.20588    C:0.11765    A:0.35294    G:0.32353
position  2:    T:0.32353    C:0.08824    A:0.52941    G:0.05882
position  3:    T:0.32353    C:0.29412    A:0.23529    G:0.14706
Average         T:0.28431    C:0.16667    A:0.37255    G:0.17647

#16: CommonDuiker   
position  1:    T:0.23529    C:0.08824    A:0.35294    G:0.32353
position  2:    T:0.38235    C:0.05882    A:0.50000    G:0.05882
position  3:    T:0.26471    C:0.32353    A:0.23529    G:0.17647
Average         T:0.29412    C:0.15686    A:0.36275    G:0.18627

#17: Suni           
position  1:    T:0.23529    C:0.08824    A:0.35294    G:0.32353
position  2:    T:0.32353    C:0.08824    A:0.52941    G:0.05882
position  3:    T:0.32353    C:0.29412    A:0.23529    G:0.14706
Average         T:0.29412    C:0.15686    A:0.37255    G:0.17647

#18: Springbuck     
position  1:    T:0.23529    C:0.08824    A:0.35294    G:0.32353
position  2:    T:0.32353    C:0.08824    A:0.52941    G:0.05882
position  3:    T:0.32353    C:0.29412    A:0.23529    G:0.14706
Average         T:0.29412    C:0.15686    A:0.37255    G:0.17647

#19: Okapi          
position  1:    T:0.23529    C:0.08824    A:0.35294    G:0.32353
position  2:    T:0.32353    C:0.08824    A:0.52941    G:0.05882
position  3:    T:0.32353    C:0.29412    A:0.23529    G:0.14706
Average         T:0.29412    C:0.15686    A:0.37255    G:0.17647

#20: Giraffe        
position  1:    T:0.23529    C:0.08824    A:0.35294    G:0.32353
position  2:    T:0.32353    C:0.08824    A:0.52941    G:0.05882
position  3:    T:0.32353    C:0.29412    A:0.23529    G:0.14706
Average         T:0.29412    C:0.15686    A:0.37255    G:0.17647

#21: TibetanAntelope
position  1:    T:0.20588    C:0.11765    A:0.35294    G:0.32353
position  2:    T:0.32353    C:0.08824    A:0.52941    G:0.05882
position  3:    T:0.32353    C:0.29412    A:0.23529    G:0.14706
Average         T:0.28431    C:0.16667    A:0.37255    G:0.17647

#22: Sitatunga      
position  1:    T:0.23529    C:0.08824    A:0.35294    G:0.32353
position  2:    T:0.32353    C:0.08824    A:0.52941    G:0.05882
position  3:    T:0.32353    C:0.29412    A:0.23529    G:0.14706
Average         T:0.29412    C:0.15686    A:0.37255    G:0.17647

#23: Oribi          
position  1:    T:0.23529    C:0.08824    A:0.35294    G:0.32353
position  2:    T:0.32353    C:0.08824    A:0.52941    G:0.05882
position  3:    T:0.29412    C:0.32353    A:0.23529    G:0.14706
Average         T:0.28431    C:0.16667    A:0.37255    G:0.17647

#24: BarbarySheep   
position  1:    T:0.20588    C:0.11765    A:0.35294    G:0.32353
position  2:    T:0.32353    C:0.08824    A:0.52941    G:0.05882
position  3:    T:0.32353    C:0.29412    A:0.23529    G:0.14706
Average         T:0.28431    C:0.16667    A:0.37255    G:0.17647

#25: Daviddeer      
position  1:    T:0.23529    C:0.08824    A:0.35294    G:0.32353
position  2:    T:0.32353    C:0.08824    A:0.52941    G:0.05882
position  3:    T:0.32353    C:0.29412    A:0.23529    G:0.14706
Average         T:0.29412    C:0.15686    A:0.37255    G:0.17647

#26: Reindeer       
position  1:    T:0.23529    C:0.08824    A:0.35294    G:0.32353
position  2:    T:0.32353    C:0.08824    A:0.52941    G:0.05882
position  3:    T:0.32353    C:0.29412    A:0.23529    G:0.14706
Average         T:0.29412    C:0.15686    A:0.37255    G:0.17647

#27: Ibex           
position  1:    T:0.20588    C:0.11765    A:0.35294    G:0.32353
position  2:    T:0.32353    C:0.08824    A:0.52941    G:0.05882
position  3:    T:0.32353    C:0.29412    A:0.23529    G:0.14706
Average         T:0.28431    C:0.16667    A:0.37255    G:0.17647

#28: GyrantGazelle  
position  1:    T:0.20588    C:0.11765    A:0.35294    G:0.32353
position  2:    T:0.32353    C:0.11765    A:0.50000    G:0.05882
position  3:    T:0.26471    C:0.32353    A:0.23529    G:0.17647
Average         T:0.26471    C:0.18627    A:0.36275    G:0.18627

#29: Hartebeest     
position  1:    T:0.20588    C:0.11765    A:0.35294    G:0.32353
position  2:    T:0.32353    C:0.08824    A:0.52941    G:0.05882
position  3:    T:0.32353    C:0.29412    A:0.23529    G:0.14706
Average         T:0.28431    C:0.16667    A:0.37255    G:0.17647

#30: Bongo          
position  1:    T:0.23529    C:0.08824    A:0.35294    G:0.32353
position  2:    T:0.32353    C:0.08824    A:0.52941    G:0.05882
position  3:    T:0.32353    C:0.29412    A:0.23529    G:0.14706
Average         T:0.29412    C:0.15686    A:0.37255    G:0.17647

#31: Gerenuk        
position  1:    T:0.23529    C:0.08824    A:0.35294    G:0.32353
position  2:    T:0.32353    C:0.08824    A:0.52941    G:0.05882
position  3:    T:0.32353    C:0.29412    A:0.23529    G:0.14706
Average         T:0.29412    C:0.15686    A:0.37255    G:0.17647

#32: CommonEland    
position  1:    T:0.23529    C:0.08824    A:0.35294    G:0.32353
position  2:    T:0.32353    C:0.08824    A:0.52941    G:0.05882
position  3:    T:0.32353    C:0.29412    A:0.23529    G:0.14706
Average         T:0.29412    C:0.15686    A:0.37255    G:0.17647

#33: MuntiacusReevesi
position  1:    T:0.23529    C:0.08824    A:0.35294    G:0.32353
position  2:    T:0.32353    C:0.08824    A:0.52941    G:0.05882
position  3:    T:0.32353    C:0.29412    A:0.23529    G:0.14706
Average         T:0.29412    C:0.15686    A:0.37255    G:0.17647

#34: HarveysDuiker  
position  1:    T:0.23529    C:0.08824    A:0.35294    G:0.32353
position  2:    T:0.32353    C:0.08824    A:0.52941    G:0.05882
position  3:    T:0.32353    C:0.29412    A:0.23529    G:0.14706
Average         T:0.29412    C:0.15686    A:0.37255    G:0.17647

#35: Pronghorn      
position  1:    T:0.23529    C:0.08824    A:0.35294    G:0.32353
position  2:    T:0.32353    C:0.08824    A:0.52941    G:0.05882
position  3:    T:0.32353    C:0.29412    A:0.23529    G:0.14706
Average         T:0.29412    C:0.15686    A:0.37255    G:0.17647

#36: BlueWildebeest 
position  1:    T:0.20588    C:0.11765    A:0.35294    G:0.32353
position  2:    T:0.32353    C:0.08824    A:0.52941    G:0.05882
position  3:    T:0.32353    C:0.29412    A:0.23529    G:0.14706
Average         T:0.28431    C:0.16667    A:0.37255    G:0.17647

#37: Gemsbok        
position  1:    T:0.20588    C:0.11765    A:0.35294    G:0.32353
position  2:    T:0.32353    C:0.08824    A:0.52941    G:0.05882
position  3:    T:0.32353    C:0.29412    A:0.23529    G:0.14706
Average         T:0.28431    C:0.16667    A:0.37255    G:0.17647

#38: Yak            
position  1:    T:0.23529    C:0.08824    A:0.35294    G:0.32353
position  2:    T:0.32353    C:0.08824    A:0.52941    G:0.05882
position  3:    T:0.32353    C:0.29412    A:0.23529    G:0.14706
Average         T:0.29412    C:0.15686    A:0.37255    G:0.17647

#39: BlueSheep      
position  1:    T:0.20588    C:0.11765    A:0.35294    G:0.32353
position  2:    T:0.32353    C:0.08824    A:0.52941    G:0.05882
position  3:    T:0.35294    C:0.26471    A:0.23529    G:0.14706
Average         T:0.29412    C:0.15686    A:0.37255    G:0.17647

#40: BohorReedbuck  
position  1:    T:0.23529    C:0.08824    A:0.35294    G:0.32353
position  2:    T:0.32353    C:0.08824    A:0.52941    G:0.05882
position  3:    T:0.32353    C:0.29412    A:0.20588    G:0.17647
Average         T:0.29412    C:0.15686    A:0.36275    G:0.18627

#41: KirksDik       
position  1:    T:0.23529    C:0.08824    A:0.35294    G:0.32353
position  2:    T:0.38235    C:0.05882    A:0.52941    G:0.02941
position  3:    T:0.29412    C:0.29412    A:0.23529    G:0.17647
Average         T:0.30392    C:0.14706    A:0.37255    G:0.17647

#42: RoeDeer        
position  1:    T:0.23529    C:0.08824    A:0.35294    G:0.32353
position  2:    T:0.32353    C:0.08824    A:0.52941    G:0.05882
position  3:    T:0.32353    C:0.29412    A:0.23529    G:0.14706
Average         T:0.29412    C:0.15686    A:0.37255    G:0.17647

#43: WhiteLippedDeer
position  1:    T:0.23529    C:0.08824    A:0.35294    G:0.32353
position  2:    T:0.32353    C:0.08824    A:0.52941    G:0.05882
position  3:    T:0.32353    C:0.29412    A:0.23529    G:0.14706
Average         T:0.29412    C:0.15686    A:0.37255    G:0.17647

#44: ThomsonGazelle 
position  1:    T:0.23529    C:0.08824    A:0.35294    G:0.32353
position  2:    T:0.32353    C:0.08824    A:0.52941    G:0.05882
position  3:    T:0.32353    C:0.29412    A:0.23529    G:0.14706
Average         T:0.29412    C:0.15686    A:0.37255    G:0.17647

#45: MuntiacusCrinifrons
position  1:    T:0.23529    C:0.08824    A:0.35294    G:0.32353
position  2:    T:0.32353    C:0.08824    A:0.52941    G:0.05882
position  3:    T:0.32353    C:0.29412    A:0.23529    G:0.14706
Average         T:0.29412    C:0.15686    A:0.37255    G:0.17647

#46: WhiteTailedDeer
position  1:    T:0.23529    C:0.08824    A:0.35294    G:0.32353
position  2:    T:0.32353    C:0.08824    A:0.52941    G:0.05882
position  3:    T:0.32353    C:0.29412    A:0.23529    G:0.14706
Average         T:0.29412    C:0.15686    A:0.37255    G:0.17647

#47: Cattle         
position  1:    T:0.23529    C:0.08824    A:0.35294    G:0.32353
position  2:    T:0.32353    C:0.08824    A:0.52941    G:0.05882
position  3:    T:0.32353    C:0.29412    A:0.23529    G:0.14706
Average         T:0.29412    C:0.15686    A:0.37255    G:0.17647

#48: RoyalAntelope  
position  1:    T:0.23529    C:0.08824    A:0.35294    G:0.32353
position  2:    T:0.32353    C:0.08824    A:0.52941    G:0.05882
position  3:    T:0.32353    C:0.29412    A:0.23529    G:0.14706
Average         T:0.29412    C:0.15686    A:0.37255    G:0.17647

#49: Steenbok       
position  1:    T:0.23529    C:0.08824    A:0.35294    G:0.32353
position  2:    T:0.32353    C:0.08824    A:0.52941    G:0.05882
position  3:    T:0.32353    C:0.29412    A:0.23529    G:0.14706
Average         T:0.29412    C:0.15686    A:0.37255    G:0.17647

#50: Impala         
position  1:    T:0.23529    C:0.08824    A:0.35294    G:0.32353
position  2:    T:0.32353    C:0.08824    A:0.52941    G:0.05882
position  3:    T:0.32353    C:0.29412    A:0.23529    G:0.14706
Average         T:0.29412    C:0.15686    A:0.37255    G:0.17647

#51: Klipspringer   
position  1:    T:0.23529    C:0.08824    A:0.35294    G:0.32353
position  2:    T:0.32353    C:0.08824    A:0.52941    G:0.05882
