CODONML (in paml version 4.10.7, June 2023)  /home/rachel/ruminants_paml/6406-phy-tree/ENSBTAT00000025763.fasta.phy
Model: free dN/dS Ratios for branches,  kappa = 2.000 fixed

Codon frequency model: F3x4
ns =  54  ls =  71

Codon usage in sequences
--------------------------------------------------------------------------------------------------------------------------------------
Phe TTT   0   0   0   0   0   0 | Ser TCT   2   2   3   2   3   3 | Tyr TAT   0   0   0   0   0   0 | Cys TGT   0   0   0   0   0   0
    TTC   0   0   0   0   0   0 |     TCC   2   3   1   2   1   1 |     TAC   0   0   0   0   0   0 |     TGC   1   1   1   1   1   1
Leu TTA   0   0   0   0   0   0 |     TCA   0   0   0   0   0   0 | *** TAA   0   0   0   0   0   0 | *** TGA   0   0   0   0   0   0
    TTG   2   1   2   2   1   2 |     TCG   1   1   1   1   1   1 |     TAG   0   0   0   0   0   0 | Trp TGG   0   0   0   0   0   0
--------------------------------------------------------------------------------------------------------------------------------------
Leu CTT   0   0   1   0   0   0 | Pro CCT   0   0   0   0   2   2 | His CAT   0   0   0   0   0   0 | Arg CGT   0   0   0   0   0   0
    CTC   2   2   1   2   2   1 |     CCC   5   5   5   5   3   3 |     CAC   3   3   3   3   3   3 |     CGC   0   0   0   0   0   0
    CTA   1   1   1   1   1   2 |     CCA   1   2   2   2   2   2 | Gln CAA   0   0   0   0   0   1 |     CGA   0   0   0   0   0   0
    CTG   2   3   2   2   3   2 |     CCG   1   0   0   0   0   0 |     CAG   7   7   7   7   7   6 |     CGG   2   2   2   2   1   2
--------------------------------------------------------------------------------------------------------------------------------------
Ile ATT   1   0   1   1   0   0 | Thr ACT   0   0   0   1   0   0 | Asn AAT   2   1   1   2   1   1 | Ser AGT   0   0   0   0   0   0
    ATC   0   1   0   0   1   1 |     ACC   2   2   2   2   3   3 |     AAC   1   1   2   1   2   2 |     AGC   3   4   3   3   4   4
    ATA   0   0   0   0   0   0 |     ACA   0   1   0   0   1   2 | Lys AAA   0   0   0   0   1   1 | Arg AGA   0   0   0   0   0   0
Met ATG   0   0   0   0   0   0 |     ACG   2   1   2   1   1   0 |     AAG   6   6   6   6   4   5 |     AGG   1   1   1   1   3   1
--------------------------------------------------------------------------------------------------------------------------------------
Val GTT   0   0   0   0   0   0 | Ala GCT   2   1   2   2   1   1 | Asp GAT   0   0   0   0   0   0 | Gly GGT   2   4   3   3   2   2
    GTC   0   0   0   0   0   0 |     GCC   4   4   3   4   3   4 |     GAC   1   1   1   1   0   0 |     GGC   4   3   4   4   5   5
    GTA   0   0   0   0   0   0 |     GCA   0   1   0   0   1   0 | Glu GAA   1   1   1   1   1   1 |     GGA   0   1   0   0   2   0
    GTG   1   1   1   1   1   1 |     GCG   2   1   3   2   1   2 |     GAG   1   1   1   1   1   1 |     GGG   3   1   2   2   1   2
--------------------------------------------------------------------------------------------------------------------------------------

--------------------------------------------------------------------------------------------------------------------------------------
Phe TTT   0   0   0   0   0   0 | Ser TCT   2   2   2   2   2   2 | Tyr TAT   0   0   0   0   0   0 | Cys TGT   0   0   0   0   0   0
    TTC   0   0   0   0   0   0 |     TCC   2   2   2   2   2   2 |     TAC   0   0   0   0   0   0 |     TGC   1   1   1   1   1   1
Leu TTA   0   0   0   0   0   0 |     TCA   0   0   0   1   0   0 | *** TAA   0   0   0   0   0   0 | *** TGA   0   0   0   0   0   0
    TTG   2   2   2   2   2   2 |     TCG   1   1   1   0   1   1 |     TAG   0   0   0   0   0   0 | Trp TGG   0   0   0   0   0   0
--------------------------------------------------------------------------------------------------------------------------------------
Leu CTT   0   0   0   0   1   0 | Pro CCT   0   0   0   0   0   0 | His CAT   0   0   0   1   0   0 | Arg CGT   0   0   0   0   0   0
    CTC   2   2   2   2   1   1 |     CCC   5   5   5   5   5   5 |     CAC   3   3   3   2   3   3 |     CGC   0   0   0   0   0   0
    CTA   1   1   1   1   1   2 |     CCA   2   1   2   1   2   2 | Gln CAA   0   0   0   0   0   0 |     CGA   0   0   0   0   0   0
    CTG   2   2   2   2   2   2 |     CCG   0   1   0   1   0   0 |     CAG   7   7   7   7   7   7 |     CGG   2   2   2   2   2   2
--------------------------------------------------------------------------------------------------------------------------------------
Ile ATT   1   1   1   1   1   1 | Thr ACT   1   0   0   0   0   0 | Asn AAT   1   2   1   1   2   2 | Ser AGT   0   0   0   0   0   0
    ATC   0   0   0   0   0   0 |     ACC   3   2   1   2   2   2 |     AAC   2   1   2   2   1   1 |     AGC   3   3   3   3   3   3
    ATA   0   0   0   0   0   0 |     ACA   0   0   0   0   0   0 | Lys AAA   0   0   1   0   0   0 | Arg AGA   0   0   0   0   0   0
Met ATG   0   0   0   0   0   0 |     ACG   2   2   2   2   2   2 |     AAG   6   6   5   6   6   6 |     AGG   1   1   1   1   1   1
--------------------------------------------------------------------------------------------------------------------------------------
Val GTT   0   0   0   0   0   0 | Ala GCT   1   2   2   2   2   1 | Asp GAT   0   0   0   0   0   0 | Gly GGT   2   1   2   1   3   2
    GTC   0   0   0   0   0   0 |     GCC   3   4   5   4   3   5 |     GAC   1   1   1   1   1   1 |     GGC   4   3   4   4   4   5
    GTA   0   0   0   0   0   0 |     GCA   1   0   1   1   0   1 | Glu GAA   1   1   1   1   1   1 |     GGA   0   1   0   1   0   0
    GTG   1   1   1   1   1   1 |     GCG   1   2   1   1   3   1 |     GAG   1   1   1   1   1   1 |     GGG   3   4   3   3   2   2
--------------------------------------------------------------------------------------------------------------------------------------

--------------------------------------------------------------------------------------------------------------------------------------
Phe TTT   0   0   0   0   0   0 | Ser TCT   2   2   3   2   2   2 | Tyr TAT   0   0   0   0   0   0 | Cys TGT   0   0   0   0   0   0
    TTC   0   0   0   0   0   0 |     TCC   2   2   1   2   2   2 |     TAC   0   0   0   0   0   0 |     TGC   1   1   1   1   1   1
Leu TTA   0   0   0   0   0   0 |     TCA   0   0   0   0   0   0 | *** TAA   0   0   0   0   0   0 | *** TGA   0   0   0   0   0   0
    TTG   2   2   2   2   2   2 |     TCG   1   1   1   1   1   1 |     TAG   0   0   0   0   0   0 | Trp TGG   0   0   0   0   0   0
--------------------------------------------------------------------------------------------------------------------------------------
Leu CTT   0   0   0   0   0   0 | Pro CCT   0   0   0   0   0   0 | His CAT   0   0   0   0   0   0 | Arg CGT   0   0   0   0   0   0
    CTC   2   2   2   2   2   2 |     CCC   5   5   5   5   5   5 |     CAC   3   3   3   3   3   3 |     CGC   0   0   0   0   0   0
    CTA   1   1   1   1   2   1 |     CCA   2   2   2   2   1   1 | Gln CAA   0   0   0   0   0   0 |     CGA   0   0   0   0   0   0
    CTG   2   2   2   2   2   2 |     CCG   0   0   0   0   0   1 |     CAG   7   7   7   7   7   7 |     CGG   2   2   2   2   2   2
--------------------------------------------------------------------------------------------------------------------------------------
Ile ATT   1   1   1   1   1   1 | Thr ACT   0   0   0   0   0   0 | Asn AAT   1   1   1   1   1   1 | Ser AGT   0   0   0   0   0   0
    ATC   0   0   0   0   0   0 |     ACC   2   2   2   2   3   3 |     AAC   2   2   2   2   2   2 |     AGC   3   3   3   3   3   3
    ATA   0   0   0   0   0   0 |     ACA   0   0   0   0   0   0 | Lys AAA   0   0   0   1   0   0 | Arg AGA   0   0   0   0   0   0
Met ATG   0   0   0   0   0   0 |     ACG   2   2   2   2   2   2 |     AAG   6   6   6   5   6   6 |     AGG   1   1   1   1   1   1
--------------------------------------------------------------------------------------------------------------------------------------
Val GTT   0   0   0   0   0   0 | Ala GCT   2   2   2   2   2   2 | Asp GAT   0   0   0   0   0   0 | Gly GGT   2   2   2   3   3   1
    GTC   0   1   0   0   0   0 |     GCC   4   3   4   4   3   3 |     GAC   1   1   1   1   1   1 |     GGC   4   5   4   3   3   4
    GTA   0   0   0   0   0   0 |     GCA   0   0   0   1   1   0 | Glu GAA   1   1   1   1   1   1 |     GGA   0   0   0   0   0   1
    GTG   1   1   1   1   1   1 |     GCG   2   2   2   1   1   2 |     GAG   1   1   1   1   1   1 |     GGG   3   2   3   3   3   3
--------------------------------------------------------------------------------------------------------------------------------------

--------------------------------------------------------------------------------------------------------------------------------------
Phe TTT   0   0   0   0   0   0 | Ser TCT   2   2   2   2   2   2 | Tyr TAT   0   0   0   0   0   0 | Cys TGT   0   0   0   0   0   0
    TTC   0   0   0   0   0   0 |     TCC   2   2   2   2   2   2 |     TAC   0   0   0   0   0   0 |     TGC   1   1   1   1   1   1
Leu TTA   0   0   0   0   0   0 |     TCA   0   0   0   0   0   0 | *** TAA   0   0   0   0   0   0 | *** TGA   0   0   0   0   0   0
    TTG   2   2   2   2   2   2 |     TCG   1   0   1   1   1   1 |     TAG   0   0   0   0   0   0 | Trp TGG   0   0   0   0   0   0
--------------------------------------------------------------------------------------------------------------------------------------
Leu CTT   0   1   0   0   0   0 | Pro CCT   0   0   1   0   0   0 | His CAT   0   0   0   0   1   0 | Arg CGT   0   0   0   0   0   0
    CTC   2   1   2   2   2   2 |     CCC   5   5   4   5   5   5 |     CAC   3   3   3   3   2   3 |     CGC   0   0   0   0   0   0
    CTA   1   1   1   1   1   1 |     CCA   2   2   2   2   1   2 | Gln CAA   1   1   0   0   0   0 |     CGA   0   0   0   0   0   0
    CTG   2   2   2   2   2   2 |     CCG   0   0   0   0   1   0 |     CAG   6   6   7   7   7   7 |     CGG   2   2   2   2   1   2
--------------------------------------------------------------------------------------------------------------------------------------
Ile ATT   1   1   1   1   1   1 | Thr ACT   0   0   0   0   0   0 | Asn AAT   1   1   1   1   1   1 | Ser AGT   0   0   0   0   0   0
    ATC   0   0   0   0   0   0 |     ACC   2   3   2   2   2   2 |     AAC   2   2   2   2   2   2 |     AGC   4   4   3   3   3   3
    ATA   0   0   0   0   0   0 |     ACA   0   1   0   0   0   0 | Lys AAA   0   0   0   0   0   0 | Arg AGA   0   0   0   0   0   0
Met ATG   0   0   0   0   0   0 |     ACG   2   2   2   2   2   2 |     AAG   6   6   6   6   6   6 |     AGG   1   1   1   1   1   1
--------------------------------------------------------------------------------------------------------------------------------------
Val GTT   0   0   0   0   0   0 | Ala GCT   1   1   1   2   2   2 | Asp GAT   0   0   0   0   0   0 | Gly GGT   2   2   2   3   1   2
    GTC   0   0   0   0   0   0 |     GCC   4   4   5   3   4   4 |     GAC   1   1   1   1   1   1 |     GGC   4   4   4   4   4   4
    GTA   0   0   0   0   0   0 |     GCA   0   0   1   0   0   0 | Glu GAA   1   1   0   1   1   1 |     GGA   0   0   0   0   1   0
    GTG   1   1   1   1   1   1 |     GCG   3   2   1   3   2   2 |     GAG   1   1   2   1   1   1 |     GGG   2   2   3   2   4   3
--------------------------------------------------------------------------------------------------------------------------------------

--------------------------------------------------------------------------------------------------------------------------------------
Phe TTT   0   0   0   0   0   0 | Ser TCT   2   2   2   2   3   2 | Tyr TAT   0   0   0   0   0   0 | Cys TGT   0   0   0   0   0   0
    TTC   0   0   0   0   0   0 |     TCC   2   2   2   2   1   2 |     TAC   0   0   0   0   0   0 |     TGC   1   1   1   1   1   1
Leu TTA   0   0   0   0   0   0 |     TCA   0   0   0   0   0   0 | *** TAA   0   0   0   0   0   0 | *** TGA   0   0   0   0   0   0
    TTG   2   2   2   2   2   2 |     TCG   1   1   1   1   1   1 |     TAG   0   0   0   0   0   0 | Trp TGG   0   0   0   0   0   0
--------------------------------------------------------------------------------------------------------------------------------------
Leu CTT   1   0   0   0   0   0 | Pro CCT   0   0   0   0   0   0 | His CAT   0   0   0   0   0   0 | Arg CGT   0   0   0   0   0   0
    CTC   1   2   2   2   2   2 |     CCC   5   5   5   5   5   5 |     CAC   3   3   3   3   3   3 |     CGC   0   0   0   0   0   0
    CTA   1   1   1   1   1   1 |     CCA   2   2   2   2   2   2 | Gln CAA   0   0   0   0   0   0 |     CGA   0   0   0   0   0   0
    CTG   2   2   2   2   2   2 |     CCG   0   0   0   0   0   0 |     CAG   7   7   7   7   7   7 |     CGG   2   2   2   2   2   2
--------------------------------------------------------------------------------------------------------------------------------------
Ile ATT   1   1   1   1   1   0 | Thr ACT   0   0   0   0   0   0 | Asn AAT   2   2   1   1   1   1 | Ser AGT   0   0   0   0   0   0
    ATC   0   0   0   0   0   1 |     ACC   2   2   2   3   2   2 |     AAC   1   1   2   2   2   2 |     AGC   3   3   3   4   3   3
    ATA   0   0   0   0   0   0 |     ACA   0   0   0   0   0   0 | Lys AAA   0   0   0   0   0   0 | Arg AGA   0   0   0   0   0   0
Met ATG   0   0   0   0   0   0 |     ACG   2   2   2   2   2   2 |     AAG   6   6   6   6   6   6 |     AGG   1   1   1   1   1   1
--------------------------------------------------------------------------------------------------------------------------------------
Val GTT   0   0   0   0   0   0 | Ala GCT   1   1   2   2   2   2 | Asp GAT   0   0   0   0   0   0 | Gly GGT   2   2   2   1   2   3
    GTC   0   0   0   0   0   0 |     GCC   6   5   4   3   4   3 |     GAC   1   1   1   1   1   1 |     GGC   5   5   4   3   4   4
    GTA   0   0   0   0   0   0 |     GCA   0   0   0   0   1   0 | Glu GAA   1   1   1   1   1   1 |     GGA   0   0   0   1   0   0
    GTG   1   1   1   1   1   1 |     GCG   1   2   2   2   1   3 |     GAG   1   1   1   1   1   1 |     GGG   2   2   3   3   3   2
--------------------------------------------------------------------------------------------------------------------------------------

--------------------------------------------------------------------------------------------------------------------------------------
Phe TTT   0   0   0   0   0   0 | Ser TCT   2   2   2   2   2   2 | Tyr TAT   0   0   0   0   0   0 | Cys TGT   0   0   0   0   0   0
    TTC   0   0   0   0   0   0 |     TCC   2   2   2   2   2   2 |     TAC   0   0   0   0   0   0 |     TGC   1   1   1   1   1   1
Leu TTA   0   0   0   0   0   0 |     TCA   1   0   0   0   0   0 | *** TAA   0   0   0   0   0   0 | *** TGA   0   0   0   0   0   0
    TTG   2   2   2   2   2   2 |     TCG   0   1   1   1   1   1 |     TAG   0   0   0   0   0   0 | Trp TGG   0   0   0   0   0   0
--------------------------------------------------------------------------------------------------------------------------------------
Leu CTT   0   0   0   0   1   0 | Pro CCT   0   0   0   0   0   0 | His CAT   0   0   0   0   0   0 | Arg CGT   0   0   0   0   0   0
    CTC   2   2   1   2   1   2 |     CCC   5   5   5   5   5   5 |     CAC   3   3   3   3   3   3 |     CGC   0   0   0   0   0   0
    CTA   1   1   2   1   1   1 |     CCA   1   2   2   2   2   2 | Gln CAA   0   0   0   0   0   0 |     CGA   0   0   0   0   0   0
    CTG   2   2   2   2   2   2 |     CCG   1   0   0   0   0   0 |     CAG   7   7   7   7   7   7 |     CGG   2   2   2   2   2   2
--------------------------------------------------------------------------------------------------------------------------------------
Ile ATT   1   1   1   1   1   1 | Thr ACT   0   0   0   0   0   0 | Asn AAT   1   1   2   1   2   1 | Ser AGT   0   0   0   0   0   0
    ATC   0   0   0   0   0   0 |     ACC   2   2   2   2   2   2 |     AAC   2   2   1   2   1   2 |     AGC   4   3   3   3   3   3
    ATA   0   0   0   0   0   0 |     ACA   0   0   0   0   1   0 | Lys AAA   0   0   0   1   0   0 | Arg AGA   0   0   0   0   0   0
Met ATG   0   0   0   0   0   0 |     ACG   2   2   2   2   1   2 |     AAG   6   6   6   5   6   6 |     AGG   1   1   1   1   1   1
--------------------------------------------------------------------------------------------------------------------------------------
Val GTT   0   0   0   0   0   0 | Ala GCT   2   2   1   2   1   2 | Asp GAT   0   0   0   0   0   0 | Gly GGT   1   3   2   3   3   2
    GTC   0   0   0   0   0   0 |     GCC   4   3   5   4   5   4 |     GAC   1   1   1   1   1   1 |     GGC   3   4   5   3   4   4
    GTA   0   0   0   0   0   0 |     GCA   1   0   0   1   0   0 | Glu GAA   1   1   1   1   1   1 |     GGA   1   0   0   0   0   0
    GTG   1   1   1   1   1   1 |     GCG   1   3   2   1   2   2 |     GAG   1   1   1   1   1   1 |     GGG   3   2   2   3   2   3
--------------------------------------------------------------------------------------------------------------------------------------

--------------------------------------------------------------------------------------------------------------------------------------
Phe TTT   0   0   0   0   0   0 | Ser TCT   2   2   2   2   2   2 | Tyr TAT   0   0   0   0   0   0 | Cys TGT   0   0   0   0   0   0
    TTC   0   0   0   0   0   0 |     TCC   2   2   2   2   3   2 |     TAC   0   0   0   0   0   0 |     TGC   1   1   1   1   1   1
Leu TTA   0   0   0   0   0   0 |     TCA   0   0   0   0   0   0 | *** TAA   0   0   0   0   0   0 | *** TGA   0   0   0   0   0   0
    TTG   2   2   2   2   2   2 |     TCG   1   1   1   1   1   1 |     TAG   0   0   0   0   0   0 | Trp TGG   0   0   0   0   0   0
--------------------------------------------------------------------------------------------------------------------------------------
Leu CTT   0   0   0   0   0   0 | Pro CCT   0   0   0   0   0   0 | His CAT   0   0   0   0   0   0 | Arg CGT   0   0   0   0   0   0
    CTC   2   2   2   2   2   2 |     CCC   5   5   5   5   5   5 |     CAC   3   3   3   3   3   3 |     CGC   0   0   0   0   0   0
    CTA   1   1   1   1   1   1 |     CCA   2   2   2   2   2   1 | Gln CAA   0   0   0   0   0   0 |     CGA   0   0   0   0   0   0
    CTG   2   2   2   2   2   2 |     CCG   0   0   0   0   0   1 |     CAG   7   7   7   7   7   7 |     CGG   2   2   2   2   2   2
--------------------------------------------------------------------------------------------------------------------------------------
Ile ATT   1   1   1   1   1   1 | Thr ACT   0   0   0   1   0   0 | Asn AAT   1   1   1   1   1   2 | Ser AGT   0   0   0   0   0   0
    ATC   0   0   0   0   0   0 |     ACC   2   2   2   3   2   2 |     AAC   2   2   2   2   2   1 |     AGC   3   3   3   3   3   3
    ATA   0   0   0   0   0   0 |     ACA   0   0   0   0   1   0 | Lys AAA   0   0   0   0   0   0 | Arg AGA   0   0   0   0   0   0
Met ATG   0   0   0   0   0   0 |     ACG   2   2   2   2   1   2 |     AAG   6   6   6   6   6   6 |     AGG   1   1   1   1   1   1
--------------------------------------------------------------------------------------------------------------------------------------
Val GTT   0   0   0   0   0   0 | Ala GCT   2   2   2   1   2   1 | Asp GAT   0   0   0   0   0   0 | Gly GGT   2   2   2   2   2   2
    GTC   0   0   0   0   0   0 |     GCC   4   4   4   3   3   5 |     GAC   1   1   1   1   1   1 |     GGC   4   5   4   4   4   5
    GTA   0   0   0   0   0   0 |     GCA   1   0   0   1   0   0 | Glu GAA   1   1   1   1   1   1 |     GGA   0   0   0   0   0   0
    GTG   1   1   1   1   1   1 |     GCG   1   2   2   1   2   2 |     GAG   1   1   1   1   1   1 |     GGG   3   2   3   3   3   2
--------------------------------------------------------------------------------------------------------------------------------------

--------------------------------------------------------------------------------------------------------------------------------------
Phe TTT   0   0   0   0   0   0 | Ser TCT   2   2   2   2   2   2 | Tyr TAT   0   0   0   0   0   0 | Cys TGT   0   0   0   0   0   0
    TTC   0   0   0   0   0   0 |     TCC   2   2   2   2   2   2 |     TAC   0   0   0   0   0   0 |     TGC   1   1   1   1   1   1
Leu TTA   0   0   0   0   0   0 |     TCA   0   0   1   0   0   0 | *** TAA   0   0   0   0   0   0 | *** TGA   0   0   0   0   0   0
    TTG   2   2   2   2   2   2 |     TCG   1   1   0   1   1   1 |     TAG   0   0   0   0   0   0 | Trp TGG   0   0   0   0   0   0
--------------------------------------------------------------------------------------------------------------------------------------
Leu CTT   1   0   0   0   0   0 | Pro CCT   0   0   0   0   0   0 | His CAT   0   0   0   0   1   0 | Arg CGT   0   0   0   0   0   0
    CTC   1   2   1   2   2   2 |     CCC   5   5   5   5   5   5 |     CAC   3   3   3   3   2   3 |     CGC   0   0   0   0   0   0
    CTA   1   1   2   1   1   2 |     CCA   2   2   2   2   2   1 | Gln CAA   1   0   0   0   0   0 |     CGA   0   0   0   0   0   0
    CTG   2   2   2   2   2   1 |     CCG   0   0   0   0   0   1 |     CAG   6   7   7   7   7   7 |     CGG   2   2   2   2   2   2
--------------------------------------------------------------------------------------------------------------------------------------
Ile ATT   1   1   1   1   1   1 | Thr ACT   0   0   0   0   0   0 | Asn AAT   2   1   2   2   1   1 | Ser AGT   0   0   0   0   0   0
    ATC   0   0   0   0   0   0 |     ACC   2   3   2   2   2   2 |     AAC   1   2   1   1   2   2 |     AGC   3   4   3   3   4   3
    ATA   0   0   0   0   0   0 |     ACA   0   0   0   0   0   0 | Lys AAA   0   0   0   0   0   0 | Arg AGA   0   0   0   0   0   0
Met ATG   0   0   0   0   0   0 |     ACG   2   2   2   2   2   2 |     AAG   6   6   6   6   6   6 |     AGG   1   1   1   1   1   1
--------------------------------------------------------------------------------------------------------------------------------------
Val GTT   0   0   0   0   0   0 | Ala GCT   1   2   1   1   2   1 | Asp GAT   0   0   0   0   0   0 | Gly GGT   2   1   2   2   2   3
    GTC   0   0   0   0   0   0 |     GCC   6   3   5   5   4   4 |     GAC   1   1   1   1   1   1 |     GGC   4   3   5   5   4   3
    GTA   0   0   0   0   0   0 |     GCA   0   0   1   0   0   1 | Glu GAA   1   1   1   1   1   1 |     GGA   1   1   0   0   0   1
    GTG   1   1   1   1   1   1 |     GCG   1   2   1   2   2   2 |     GAG   1   1   1   1   1   1 |     GGG   2   3   2   2   2   2
--------------------------------------------------------------------------------------------------------------------------------------

--------------------------------------------------------------------------------------------------------------------------------------
Phe TTT   0   0   0   0   0   0 | Ser TCT   2   2   2   2   2   2 | Tyr TAT   0   0   0   0   0   0 | Cys TGT   0   0   0   0   0   0
    TTC   0   0   0   0   0   0 |     TCC   2   2   2   2   2   2 |     TAC   0   0   0   0   0   0 |     TGC   1   1   1   1   1   1
Leu TTA   0   1   0   0   0   0 |     TCA   0   0   1   0   0   0 | *** TAA   0   0   0   0   0   0 | *** TGA   0   0   0   0   0   0
    TTG   2   2   2   2   2   2 |     TCG   1   1   0   1   1   1 |     TAG   0   0   0   0   0   0 | Trp TGG   0   0   0   0   0   0
--------------------------------------------------------------------------------------------------------------------------------------
Leu CTT   0   0   1   0   0   0 | Pro CCT   0   0   0   0   0   0 | His CAT   0   0   0   0   0   0 | Arg CGT   0   0   0   0   0   0
    CTC   2   2   1   2   2   2 |     CCC   5   5   5   5   5   5 |     CAC   3   3   3   3   3   3 |     CGC   0   0   0   0   0   0
    CTA   1   0   1   1   1   1 |     CCA   2   2   2   2   2   2 | Gln CAA   0   0   0   0   0   0 |     CGA   0   0   0   0   0   0
    CTG   2   2   2   2   2   2 |     CCG   0   0   0   0   0   0 |     CAG   7   7   7   7   7   7 |     CGG   2   2   2   2   2   2
--------------------------------------------------------------------------------------------------------------------------------------
Ile ATT   1   1   1   1   1   1 | Thr ACT   0   0   0   1   0   0 | Asn AAT   1   1   1   2   1   1 | Ser AGT   0   0   0   1   0   0
    ATC   0   0   0   0   0   0 |     ACC   3   2   3   2   2   2 |     AAC   2   2   2   1   2   2 |     AGC   3   3   4   3   3   3
    ATA   0   0   0   0   0   0 |     ACA   1   0   1   0   0   1 | Lys AAA   0   0   0   0   0   0 | Arg AGA   0   0   0   0   0   0
Met ATG   0   0   0   0   0   0 |     ACG   1   2   1   1   2   1 |     AAG   6   6   6   6   6   6 |     AGG   1   1   1   1   1   1
--------------------------------------------------------------------------------------------------------------------------------------
Val GTT   0   0   0   0   0   0 | Ala GCT   2   2   2   2   2   2 | Asp GAT   0   0   0   0   0   0 | Gly GGT   2   3   2   2   3   3
    GTC   0   0   0   0   0   0 |     GCC   3   4   3   4   3   3 |     GAC   1   1   1   1   1   1 |     GGC   4   3   3   4   4   4
    GTA   0   0   0   0   0   0 |     GCA   1   0   1   0   0   0 | Glu GAA   1   1   1   1   1   1 |     GGA   0   0   0   0   0   0
    GTG   1   1   1   1   1   1 |     GCG   1   2   1   2   3   2 |     GAG   1   1   1   1   1   1 |     GGG   3   3   3   2   2   3
--------------------------------------------------------------------------------------------------------------------------------------

Codon position x base (3x4) table for each sequence.

#1: Argali         
position  1:    T:0.11268    C:0.33803    A:0.25352    G:0.29577
position  2:    T:0.12676    C:0.33803    A:0.30986    G:0.22535
position  3:    T:0.12676    C:0.39437    A:0.04225    G:0.43662
Average         T:0.12207    C:0.35681    A:0.20188    G:0.31925

#2: LesserMouseDeer
position  1:    T:0.11268    C:0.35211    A:0.25352    G:0.28169
position  2:    T:0.12676    C:0.33803    A:0.29577    G:0.23944
position  3:    T:0.11268    C:0.42254    A:0.09859    G:0.36620
Average         T:0.11737    C:0.37089    A:0.21596    G:0.29577

#3: LesserKudu     
position  1:    T:0.11268    C:0.33803    A:0.25352    G:0.29577
position  2:    T:0.12676    C:0.33803    A:0.30986    G:0.22535
position  3:    T:0.15493    C:0.36620    A:0.05634    G:0.42254
Average         T:0.13146    C:0.34742    A:0.20657    G:0.31455

#4: ForestMuskDeer2
position  1:    T:0.11268    C:0.33803    A:0.25352    G:0.29577
position  2:    T:0.12676    C:0.33803    A:0.30986    G:0.22535
position  3:    T:0.15493    C:0.39437    A:0.05634    G:0.39437
Average         T:0.13146    C:0.35681    A:0.20657    G:0.30516

#5: Camel          
position  1:    T:0.09859    C:0.33803    A:0.29577    G:0.26761
position  2:    T:0.12676    C:0.32394    A:0.28169    G:0.26761
position  3:    T:0.12676    C:0.39437    A:0.12676    G:0.35211
Average         T:0.11737    C:0.35211    A:0.23474    G:0.29577

#6: KillerWhale    
position  1:    T:0.11268    C:0.33803    A:0.28169    G:0.26761
position  2:    T:0.12676    C:0.33803    A:0.29577    G:0.23944
position  3:    T:0.12676    C:0.39437    A:0.12676    G:0.35211
Average         T:0.12207    C:0.35681    A:0.23474    G:0.28638

#7: DefassaWaterbuck
position  1:    T:0.11268    C:0.33803    A:0.28169    G:0.26761
position  2:    T:0.12676    C:0.33803    A:0.30986    G:0.22535
position  3:    T:0.11268    C:0.40845    A:0.07042    G:0.40845
Average         T:0.11737    C:0.36150    A:0.22066    G:0.30047

#8: Sheep          
position  1:    T:0.11268    C:0.33803    A:0.25352    G:0.29577
position  2:    T:0.12676    C:0.33803    A:0.30986    G:0.22535
position  3:    T:0.11268    C:0.38028    A:0.05634    G:0.45070
Average         T:0.11737    C:0.35211    A:0.20657    G:0.32394

#9: MaxwellsDuiker 
position  1:    T:0.11268    C:0.33803    A:0.23944    G:0.30986
position  2:    T:0.12676    C:0.33803    A:0.30986    G:0.22535
position  3:    T:0.11268    C:0.40845    A:0.08451    G:0.39437
Average         T:0.11737    C:0.36150    A:0.21127    G:0.30986

#10: GazellaPrzewalskyi
position  1:    T:0.11268    C:0.33803    A:0.25352    G:0.29577
position  2:    T:0.12676    C:0.33803    A:0.30986    G:0.22535
position  3:    T:0.11268    C:0.39437    A:0.08451    G:0.40845
Average         T:0.11737    C:0.35681    A:0.21596    G:0.30986

#11: MountainNyala  
position  1:    T:0.11268    C:0.33803    A:0.25352    G:0.29577
position  2:    T:0.12676    C:0.33803    A:0.30986    G:0.22535
position  3:    T:0.15493    C:0.36620    A:0.05634    G:0.42254
Average         T:0.13146    C:0.34742    A:0.20657    G:0.31455

#12: MuntiacusMuntjak
position  1:    T:0.11268    C:0.33803    A:0.25352    G:0.29577
position  2:    T:0.12676    C:0.33803    A:0.30986    G:0.22535
position  3:    T:0.11268    C:0.40845    A:0.08451    G:0.39437
Average         T:0.11737    C:0.36150    A:0.21596    G:0.30516

#13: goat           
position  1:    T:0.11268    C:0.33803    A:0.25352    G:0.29577
position  2:    T:0.12676    C:0.33803    A:0.30986    G:0.22535
position  3:    T:0.11268    C:0.40845    A:0.05634    G:0.42254
Average         T:0.11737    C:0.36150    A:0.20657    G:0.31455

#14: AfricanBuffalo 
position  1:    T:0.11268    C:0.33803    A:0.25352    G:0.29577
position  2:    T:0.14085    C:0.32394    A:0.30986    G:0.22535
position  3:    T:0.11268    C:0.42254    A:0.05634    G:0.40845
Average         T:0.12207    C:0.36150    A:0.20657    G:0.30986

#15: Topi           
position  1:    T:0.11268    C:0.33803    A:0.25352    G:0.29577
position  2:    T:0.12676    C:0.33803    A:0.30986    G:0.22535
position  3:    T:0.12676    C:0.39437    A:0.05634    G:0.42254
Average         T:0.12207    C:0.35681    A:0.20657    G:0.31455

#16: CommonDuiker   
position  1:    T:0.11268    C:0.33803    A:0.25352    G:0.29577
position  2:    T:0.12676    C:0.33803    A:0.30986    G:0.22535
position  3:    T:0.12676    C:0.39437    A:0.08451    G:0.39437
Average         T:0.12207    C:0.35681    A:0.21596    G:0.30516

#17: Suni           
position  1:    T:0.11268    C:0.33803    A:0.26761    G:0.28169
position  2:    T:0.14085    C:0.32394    A:0.30986    G:0.22535
position  3:    T:0.12676    C:0.39437    A:0.07042    G:0.40845
Average         T:0.12676    C:0.35211    A:0.21596    G:0.30516

#18: Springbuck     
position  1:    T:0.11268    C:0.33803    A:0.26761    G:0.28169
position  2:    T:0.12676    C:0.33803    A:0.30986    G:0.22535
position  3:    T:0.09859    C:0.40845    A:0.05634    G:0.43662
Average         T:0.11268    C:0.36150    A:0.21127    G:0.31455

#19: Okapi          
position  1:    T:0.11268    C:0.33803    A:0.26761    G:0.28169
position  2:    T:0.12676    C:0.33803    A:0.30986    G:0.22535
position  3:    T:0.09859    C:0.42254    A:0.07042    G:0.40845
Average         T:0.11268    C:0.36620    A:0.21596    G:0.30516

#20: Giraffe        
position  1:    T:0.09859    C:0.33803    A:0.29577    G:0.26761
position  2:    T:0.12676    C:0.33803    A:0.30986    G:0.22535
position  3:    T:0.11268    C:0.42254    A:0.08451    G:0.38028
Average         T:0.11268    C:0.36620    A:0.23005    G:0.29108

#21: TibetanAntelope
position  1:    T:0.11268    C:0.33803    A:0.25352    G:0.29577
position  2:    T:0.12676    C:0.33803    A:0.30986    G:0.22535
position  3:    T:0.11268    C:0.40845    A:0.05634    G:0.42254
Average         T:0.11737    C:0.36150    A:0.20657    G:0.31455

#22: Sitatunga      
position  1:    T:0.11268    C:0.33803    A:0.25352    G:0.29577
position  2:    T:0.12676    C:0.33803    A:0.30986    G:0.22535
position  3:    T:0.12676    C:0.39437    A:0.05634    G:0.42254
Average         T:0.12207    C:0.35681    A:0.20657    G:0.31455

#23: Oribi          
position  1:    T:0.11268    C:0.32394    A:0.25352    G:0.30986
position  2:    T:0.12676    C:0.33803    A:0.30986    G:0.22535
position  3:    T:0.11268    C:0.39437    A:0.05634    G:0.43662
Average         T:0.11737    C:0.35211    A:0.20657    G:0.32394

#24: BarbarySheep   
position  1:    T:0.11268    C:0.33803    A:0.25352    G:0.29577
position  2:    T:0.12676    C:0.33803    A:0.30986    G:0.22535
position  3:    T:0.11268    C:0.40845    A:0.05634    G:0.42254
Average         T:0.11737    C:0.36150    A:0.20657    G:0.31455

#25: Daviddeer      
position  1:    T:0.11268    C:0.33803    A:0.25352    G:0.29577
position  2:    T:0.12676    C:0.33803    A:0.30986    G:0.22535
position  3:    T:0.12676    C:0.42254    A:0.05634    G:0.39437
Average         T:0.12207    C:0.36620    A:0.20657    G:0.30516

#26: Reindeer       
position  1:    T:0.11268    C:0.33803    A:0.25352    G:0.29577
position  2:    T:0.12676    C:0.33803    A:0.30986    G:0.22535
position  3:    T:0.11268    C:0.42254    A:0.05634    G:0.40845
Average         T:0.11737    C:0.36620    A:0.20657    G:0.30986

#27: Ibex           
position  1:    T:0.11268    C:0.33803    A:0.25352    G:0.29577
position  2:    T:0.12676    C:0.33803    A:0.30986    G:0.22535
position  3:    T:0.11268    C:0.40845    A:0.05634    G:0.42254
Average         T:0.11737    C:0.36150    A:0.20657    G:0.31455

#28: GyrantGazelle  
position  1:    T:0.11268    C:0.33803    A:0.28169    G:0.26761
position  2:    T:0.12676    C:0.33803    A:0.30986    G:0.22535
position  3:    T:0.09859    C:0.40845    A:0.07042    G:0.42254
Average         T:0.11268    C:0.36150    A:0.22066    G:0.30516

#29: Hartebeest     
position  1:    T:0.11268    C:0.33803    A:0.25352    G:0.29577
position  2:    T:0.12676    C:0.33803    A:0.30986    G:0.22535
position  3:    T:0.12676    C:0.39437    A:0.07042    G:0.40845
Average         T:0.12207    C:0.35681    A:0.21127    G:0.30986

#30: Bongo          
position  1:    T:0.11268    C:0.33803    A:0.25352    G:0.29577
position  2:    T:0.12676    C:0.33803    A:0.30986    G:0.22535
position  3:    T:0.11268    C:0.40845    A:0.05634    G:0.42254
Average         T:0.11737    C:0.36150    A:0.20657    G:0.31455

#31: Gerenuk        
position  1:    T:0.11268    C:0.33803    A:0.26761    G:0.28169
position  2:    T:0.12676    C:0.33803    A:0.30986    G:0.22535
position  3:    T:0.09859    C:0.40845    A:0.08451    G:0.40845
Average         T:0.11268    C:0.36150    A:0.22066    G:0.30516

#32: CommonEland    
position  1:    T:0.11268    C:0.33803    A:0.25352    G:0.29577
position  2:    T:0.12676    C:0.33803    A:0.30986    G:0.22535
position  3:    T:0.12676    C:0.39437    A:0.05634    G:0.42254
Average         T:0.12207    C:0.35681    A:0.20657    G:0.31455

#33: MuntiacusReevesi
position  1:    T:0.11268    C:0.33803    A:0.25352    G:0.29577
position  2:    T:0.12676    C:0.33803    A:0.30986    G:0.22535
position  3:    T:0.11268    C:0.40845    A:0.07042    G:0.40845
Average         T:0.11737    C:0.36150    A:0.21127    G:0.30986

#34: HarveysDuiker  
position  1:    T:0.11268    C:0.33803    A:0.25352    G:0.29577
position  2:    T:0.12676    C:0.33803    A:0.30986    G:0.22535
position  3:    T:0.12676    C:0.39437    A:0.08451    G:0.39437
Average         T:0.12207    C:0.35681    A:0.21596    G:0.30516

#35: Pronghorn      
position  1:    T:0.11268    C:0.33803    A:0.25352    G:0.29577
position  2:    T:0.12676    C:0.33803    A:0.30986    G:0.22535
position  3:    T:0.14085    C:0.39437    A:0.07042    G:0.39437
Average         T:0.12676    C:0.35681    A:0.21127    G:0.30516

#36: BlueWildebeest 
position  1:    T:0.11268    C:0.33803    A:0.25352    G:0.29577
position  2:    T:0.12676    C:0.33803    A:0.30986    G:0.22535
position  3:    T:0.11268    C:0.40845    A:0.05634    G:0.42254
Average         T:0.11737    C:0.36150    A:0.20657    G:0.31455

#37: Gemsbok        
position  1:    T:0.11268    C:0.33803    A:0.25352    G:0.29577
position  2:    T:0.12676    C:0.33803    A:0.30986    G:0.22535
position  3:    T:0.11268    C:0.40845    A:0.07042    G:0.40845
Average         T:0.11737    C:0.36150    A:0.21127    G:0.30986

#38: Yak            
position  1:    T:0.11268    C:0.33803    A:0.25352    G:0.29577
position  2:    T:0.12676    C:0.33803    A:0.30986    G:0.22535
position  3:    T:0.11268    C:0.42254    A:0.05634    G:0.40845
Average         T:0.11737    C:0.36620    A:0.20657    G:0.30986

#39: BlueSheep      
position  1:    T:0.11268    C:0.33803    A:0.25352    G:0.29577
position  2:    T:0.12676    C:0.33803    A:0.30986    G:0.22535
position  3:    T:0.11268    C:0.40845    A:0.05634    G:0.42254
Average         T:0.11737    C:0.36150    A:0.20657    G:0.31455

#40: BohorReedbuck  
position  1:    T:0.11268    C:0.33803    A:0.28169    G:0.26761
position  2:    T:0.12676    C:0.33803    A:0.30986    G:0.22535
position  3:    T:0.11268    C:0.40845    A:0.07042    G:0.40845
Average         T:0.11737    C:0.36150    A:0.22066    G:0.30047

#41: KirksDik       
position  1:    T:0.12676    C:0.33803    A:0.25352    G:0.28169
position  2:    T:0.12676    C:0.33803    A:0.30986    G:0.22535
position  3:    T:0.11268    C:0.40845    A:0.07042    G:0.40845
Average         T:0.12207    C:0.36150    A:0.21127    G:0.30516

#42: RoeDeer        
position  1:    T:0.11268    C:0.33803    A:0.25352    G:0.29577
position  2:    T:0.12676    C:0.33803    A:0.30986    G:0.22535
position  3:    T:0.11268    C:0.42254    A:0.04225    G:0.42254
Average         T:0.11737    C:0.36620    A:0.20188    G:0.31455

#43: WhiteLippedDeer
position  1:    T:0.11268    C:0.33803    A:0.25352    G:0.29577
position  2:    T:0.12676    C:0.33803    A:0.30986    G:0.22535
position  3:    T:0.12676    C:0.40845    A:0.08451    G:0.38028
Average         T:0.12207    C:0.36150    A:0.21596    G:0.30047

#44: ThomsonGazelle 
position  1:    T:0.11268    C:0.33803    A:0.28169    G:0.26761
position  2:    T:0.12676    C:0.33803    A:0.30986    G:0.22535
position  3:    T:0.09859    C:0.40845    A:0.07042    G:0.42254
Average         T:0.11268    C:0.36150    A:0.22066    G:0.30516

#45: MuntiacusCrinifrons
position  1:    T:0.11268    C:0.33803    A:0.25352    G:0.29577
position  2:    T:0.12676    C:0.33803    A:0.30986    G:0.22535
position  3:    T:0.11268    C:0.40845    A:0.09859    G:0.38028
Average         T:0.11737    C:0.36150    A:0.22066    G:0.30047

#46: WhiteTailedDeer
position  1:    T:0.11268    C:0.33803    A:0.25352    G:0.29577
position  2:    T:0.12676    C:0.33803    A:0.30986    G:0.22535
position  3:    T:0.11268    C:0.42254    A:0.05634    G:0.40845
Average         T:0.11737    C:0.36620    A:0.20657    G:0.30986

#47: Cattle         
position  1:    T:0.11268    C:0.33803    A:0.26761    G:0.28169
position  2:    T:0.12676    C:0.33803    A:0.30986    G:0.22535
position  3:    T:0.12676    C:0.40845    A:0.05634    G:0.40845
Average         T:0.12207    C:0.36150    A:0.21127    G:0.30516

#48: RoyalAntelope  
position  1:    T:0.11268    C:0.33803    A:0.25352    G:0.29577
position  2:    T:0.12676    C:0.33803    A:0.30986    G:0.22535
position  3:    T:0.11268    C:0.39437    A:0.08451    G:0.40845
Average         T:0.11737    C:0.35681    A:0.21596    G:0.30986

#49: Steenbok       
position  1:    T:0.11268    C:0.33803    A:0.26761    G:0.28169
position  2:    T:0.12676    C:0.33803    A:0.30986    G:0.22535
position  3:    T:0.11268    C:0.40845    A:0.08451    G:0.39437
Average         T:0.11737    C:0.36150    A:0.22066    G:0.30047

#50: Impala         
position  1:    T:0.12676    C:0.32394    A:0.25352    G:0.29577
position  2:    T:0.12676    C:0.33803    A:0.30986    G:0.22535
position  3:    T:0.12676    C:0.39437    A:0.05634    G:0.42254
Average         T:0.12676    C:0.35211    A:0.20657    G:0.31455

#51: Klipspringer   
position  1:    T:0.11268    C:0.33803    A:0.28169    G:0.26761
position  2:    T:0.12676    C:0.33803    A:0.30986    G:0.22535
