CODONML (in paml version 4.10.7, June 2023)  /home/rachel/ruminants_paml/6406-phy-tree/ENSBTAT00000004903.fasta.phy
Model: free dN/dS Ratios for branches,  kappa = 2.000 fixed

Codon frequency model: F3x4
ns =  54  ls =  30

Codon usage in sequences
--------------------------------------------------------------------------------------------------------------------------------------
Phe TTT   0   0   0   0   0   0 | Ser TCT   0   0   0   0   0   0 | Tyr TAT   1   0   1   1   0   1 | Cys TGT   0   0   0   0   0   0
    TTC   0   0   0   0   0   0 |     TCC   0   0   0   0   0   0 |     TAC   0   0   0   0   1   0 |     TGC   0   0   0   0   0   0
Leu TTA   0   0   0   0   0   0 |     TCA   0   0   0   0   0   0 | *** TAA   0   0   0   0   0   0 | *** TGA   0   0   0   0   0   0
    TTG   1   1   1   1   1   1 |     TCG   0   0   0   0   0   0 |     TAG   0   0   0   0   0   0 | Trp TGG   0   0   0   0   0   0
--------------------------------------------------------------------------------------------------------------------------------------
Leu CTT   0   0   0   0   0   0 | Pro CCT   1   1   1   1   1   1 | His CAT   1   2   1   1   1   1 | Arg CGT   0   0   0   0   0   0
    CTC   1   1   1   1   1   1 |     CCC   0   0   0   0   0   0 |     CAC   0   0   0   0   0   0 |     CGC   0   0   0   0   0   0
    CTA   0   0   0   0   0   0 |     CCA   0   0   0   0   0   0 | Gln CAA   0   0   0   0   0   0 |     CGA   0   0   0   0   0   0
    CTG   0   0   0   0   0   0 |     CCG   0   0   0   0   0   0 |     CAG   0   0   0   0   0   0 |     CGG   0   0   0   0   0   0
--------------------------------------------------------------------------------------------------------------------------------------
Ile ATT   0   1   0   1   0   1 | Thr ACT   1   1   1   1   1   1 | Asn AAT   2   1   2   2   2   2 | Ser AGT   0   0   0   0   0   0
    ATC   0   0   0   0   0   0 |     ACC   0   0   0   0   0   0 |     AAC   0   1   0   0   0   0 |     AGC   0   0   0   0   0   0
    ATA   0   0   0   0   0   0 |     ACA   4   4   4   4   3   3 | Lys AAA   1   1   1   1   1   1 | Arg AGA   0   0   0   0   0   0
Met ATG   3   3   3   3   3   3 |     ACG   0   0   0   0   1   1 |     AAG   0   0   0   0   0   0 |     AGG   0   0   0   0   0   0
--------------------------------------------------------------------------------------------------------------------------------------
Val GTT   2   1   2   1   3   1 | Ala GCT   0   0   0   0   0   0 | Asp GAT   1   1   1   1   1   1 | Gly GGT   0   0   0   0   0   0
    GTC   1   1   1   1   1   1 |     GCC   0   0   0   0   0   0 |     GAC   1   1   1   1   1   1 |     GGC   0   0   0   0   0   0
    GTA   2   2   2   2   1   2 |     GCA   0   0   0   0   0   0 | Glu GAA   1   1   1   1   1   1 |     GGA   2   2   2   2   2   2
    GTG   2   2   1   2   2   2 |     GCG   0   0   1   0   0   0 |     GAG   2   2   2   2   2   2 |     GGG   0   0   0   0   0   0
--------------------------------------------------------------------------------------------------------------------------------------

--------------------------------------------------------------------------------------------------------------------------------------
Phe TTT   0   0   0   0   0   0 | Ser TCT   0   0   0   0   0   0 | Tyr TAT   1   1   1   1   1   0 | Cys TGT   0   0   0   0   0   1
    TTC   0   0   0   0   0   0 |     TCC   0   0   0   0   0   0 |     TAC   0   0   0   0   0   0 |     TGC   0   0   0   0   0   0
Leu TTA   0   0   0   0   0   0 |     TCA   0   0   0   0   0   0 | *** TAA   0   0   0   0   0   0 | *** TGA   0   0   0   0   0   0
    TTG   1   1   1   1   1   1 |     TCG   0   0   0   0   0   0 |     TAG   0   0   0   0   0   0 | Trp TGG   0   0   0   0   0   0
--------------------------------------------------------------------------------------------------------------------------------------
Leu CTT   0   0   0   0   0   0 | Pro CCT   1   1   1   1   1   1 | His CAT   1   0   1   0   1   1 | Arg CGT   0   0   0   1   0   0
    CTC   1   1   1   1   1   1 |     CCC   0   0   0   0   0   0 |     CAC   0   1   0   0   0   0 |     CGC   0   0   0   0   0   0
    CTA   0   0   0   0   0   0 |     CCA   0   0   0   0   0   0 | Gln CAA   0   0   0   0   0   0 |     CGA   0   0   0   0   0   0
    CTG   0   0   0   0   0   0 |     CCG   0   0   0   0   0   0 |     CAG   0   0   0   0   0   0 |     CGG   0   0   0   0   0   0
--------------------------------------------------------------------------------------------------------------------------------------
Ile ATT   0   0   0   0   0   1 | Thr ACT   1   1   1   1   1   1 | Asn AAT   2   2   2   2   2   2 | Ser AGT   0   0   0   0   0   0
    ATC   0   0   0   0   1   0 |     ACC   1   0   0   0   0   0 |     AAC   0   0   0   0   0   0 |     AGC   0   0   0   0   0   0
    ATA   0   0   0   0   0   0 |     ACA   3   4   4   4   4   4 | Lys AAA   1   1   1   1   1   0 | Arg AGA   0   0   0   0   0   0
Met ATG   3   3   3   3   2   3 |     ACG   0   0   0   0   0   0 |     AAG   0   0   0   0   0   1 |     AGG   0   0   0   0   0   0
--------------------------------------------------------------------------------------------------------------------------------------
Val GTT   2   2   2   2   2   1 | Ala GCT   0   0   0   0   0   0 | Asp GAT   2   1   1   1   1   1 | Gly GGT   0   0   0   0   0   0
    GTC   1   1   1   1   1   1 |     GCC   0   0   0   0   0   0 |     GAC   0   1   1   1   1   1 |     GGC   0   0   0   0   0   0
    GTA   2   2   2   2   2   2 |     GCA   0   0   0   0   0   0 | Glu GAA   1   1   1   1   1   1 |     GGA   2   2   2   2   2   2
    GTG   2   2   2   2   1   2 |     GCG   0   0   0   0   1   0 |     GAG   2   2   2   2   2   2 |     GGG   0   0   0   0   0   0
--------------------------------------------------------------------------------------------------------------------------------------

--------------------------------------------------------------------------------------------------------------------------------------
Phe TTT   0   0   0   0   0   0 | Ser TCT   0   0   0   0   0   0 | Tyr TAT   1   1   1   1   1   1 | Cys TGT   0   0   0   0   0   0
    TTC   0   0   0   0   0   0 |     TCC   0   0   0   0   0   0 |     TAC   0   0   0   0   0   0 |     TGC   0   0   0   0   0   0
Leu TTA   0   0   0   0   0   0 |     TCA   0   0   0   0   0   0 | *** TAA   0   0   0   0   0   0 | *** TGA   0   0   0   0   0   0
    TTG   1   1   1   1   1   1 |     TCG   0   0   0   0   0   0 |     TAG   0   0   0   0   0   0 | Trp TGG   0   0   0   0   0   0
--------------------------------------------------------------------------------------------------------------------------------------
Leu CTT   0   0   0   0   0   0 | Pro CCT   1   1   0   1   1   1 | His CAT   0   1   1   1   1   0 | Arg CGT   0   0   0   0   0   1
    CTC   1   1   1   1   1   1 |     CCC   0   0   1   0   0   0 |     CAC   1   0   0   0   0   0 |     CGC   0   0   0   0   0   0
    CTA   0   0   0   0   0   0 |     CCA   0   0   0   0   0   0 | Gln CAA   0   0   0   0   0   0 |     CGA   0   0   0   0   0   0
    CTG   0   0   0   0   0   0 |     CCG   0   0   0   0   0   0 |     CAG   0   0   0   0   0   0 |     CGG   0   0   0   0   0   0
--------------------------------------------------------------------------------------------------------------------------------------
Ile ATT   0   0   0   0   0   0 | Thr ACT   1   1   0   1   1   1 | Asn AAT   2   2   2   2   2   2 | Ser AGT   0   0   0   0   0   0
    ATC   0   0   0   0   0   0 |     ACC   0   0   0   0   0   1 |     AAC   0   0   0   0   0   0 |     AGC   0   0   0   0   0   0
    ATA   0   0   0   0   0   0 |     ACA   4   4   4   4   4   3 | Lys AAA   1   1   1   1   1   1 | Arg AGA   0   0   0   0   0   0
Met ATG   3   3   3   3   3   3 |     ACG   0   0   1   0   0   0 |     AAG   0   0   0   0   0   0 |     AGG   0   0   0   0   0   0
--------------------------------------------------------------------------------------------------------------------------------------
Val GTT   2   2   2   2   2   2 | Ala GCT   0   0   0   0   0   0 | Asp GAT   1   1   1   1   1   1 | Gly GGT   0   0   0   0   0   0
    GTC   1   2   1   1   1   1 |     GCC   0   0   0   0   0   0 |     GAC   1   1   1   1   1   1 |     GGC   0   0   0   0   0   0
    GTA   2   1   2   2   2   2 |     GCA   0   0   0   0   0   0 | Glu GAA   1   1   1   1   1   1 |     GGA   2   2   2   2   2   2
    GTG   2   2   2   2   2   2 |     GCG   0   0   0   0   0   0 |     GAG   2   2   2   2   2   2 |     GGG   0   0   0   0   0   0
--------------------------------------------------------------------------------------------------------------------------------------

--------------------------------------------------------------------------------------------------------------------------------------
Phe TTT   0   0   0   0   0   0 | Ser TCT   0   0   0   0   0   0 | Tyr TAT   1   1   1   1   1   1 | Cys TGT   0   0   0   0   0   0
    TTC   0   0   0   0   0   0 |     TCC   0   0   0   0   0   0 |     TAC   0   0   0   0   0   0 |     TGC   0   0   0   0   0   0
Leu TTA   0   0   0   0   0   0 |     TCA   0   0   0   0   0   0 | *** TAA   0   0   0   0   0   0 | *** TGA   0   0   0   0   0   0
    TTG   1   1   1   1   1   1 |     TCG   0   0   0   0   0   0 |     TAG   0   0   0   0   0   0 | Trp TGG   0   0   0   0   0   0
--------------------------------------------------------------------------------------------------------------------------------------
Leu CTT   0   0   0   0   0   0 | Pro CCT   1   1   1   1   1   1 | His CAT   1   1   1   1   0   0 | Arg CGT   0   0   0   0   1   0
    CTC   1   1   1   1   1   1 |     CCC   0   0   0   0   0   0 |     CAC   0   0   0   0   0   1 |     CGC   0   0   0   0   0   0
    CTA   0   0   0   0   0   0 |     CCA   0   0   0   0   0   0 | Gln CAA   0   0   0   0   0   0 |     CGA   0   0   0   0   0   0
    CTG   0   0   0   0   0   0 |     CCG   0   0   0   0   0   0 |     CAG   1   1   0   0   0   0 |     CGG   0   0   0   0   0   0
--------------------------------------------------------------------------------------------------------------------------------------
Ile ATT   1   1   0   0   0   0 | Thr ACT   1   1   1   1   1   1 | Asn AAT   2   2   2   2   2   2 | Ser AGT   0   0   0   0   0   0
    ATC   0   0   0   0   0   0 |     ACC   0   0   0   0   0   0 |     AAC   0   0   0   0   0   0 |     AGC   0   0   0   0   0   0
    ATA   0   0   0   0   0   0 |     ACA   4   4   4   4   4   4 | Lys AAA   1   1   1   1   0   1 | Arg AGA   0   0   0   0   0   0
Met ATG   3   3   3   3   3   3 |     ACG   0   0   0   0   0   0 |     AAG   0   0   0   0   0   0 |     AGG   0   0   0   0   1   0
--------------------------------------------------------------------------------------------------------------------------------------
Val GTT   1   1   2   2   2   2 | Ala GCT   0   0   0   0   0   0 | Asp GAT   1   1   1   1   1   1 | Gly GGT   0   0   0   0   0   0
    GTC   1   1   1   1   1   1 |     GCC   0   0   0   0   0   0 |     GAC   1   1   1   1   1   1 |     GGC   0   0   0   0   0   0
    GTA   2   2   2   2   2   2 |     GCA   0   0   0   0   0   0 | Glu GAA   1   1   1   1   1   1 |     GGA   2   2   2   2   2   2
    GTG   2   2   2   1   2   2 |     GCG   0   0   0   1   0   0 |     GAG   1   1   2   2   2   2 |     GGG   0   0   0   0   0   0
--------------------------------------------------------------------------------------------------------------------------------------

--------------------------------------------------------------------------------------------------------------------------------------
Phe TTT   0   0   0   0   0   0 | Ser TCT   0   0   0   0   0   0 | Tyr TAT   0   0   1   1   1   1 | Cys TGT   1   1   0   0   0   0
    TTC   0   0   0   0   0   0 |     TCC   0   0   0   0   0   0 |     TAC   0   0   0   0   0   0 |     TGC   0   0   0   0   0   0
Leu TTA   0   0   0   0   0   0 |     TCA   0   0   0   0   0   0 | *** TAA   0   0   0   0   0   0 | *** TGA   0   0   0   0   0   0
    TTG   1   1   1   1   1   1 |     TCG   0   0   0   0   0   0 |     TAG   0   0   0   0   0   0 | Trp TGG   0   0   0   0   0   0
--------------------------------------------------------------------------------------------------------------------------------------
Leu CTT   0   0   0   0   0   0 | Pro CCT   1   1   1   1   0   1 | His CAT   1   1   0   1   1   1 | Arg CGT   0   0   0   0   0   0
    CTC   1   1   1   1   1   1 |     CCC   0   0   0   0   1   0 |     CAC   0   0   1   0   0   0 |     CGC   0   0   0   0   0   0
    CTA   0   0   0   0   0   0 |     CCA   0   0   0   0   0   0 | Gln CAA   0   0   0   0   0   0 |     CGA   0   0   0   0   0   0
    CTG   0   0   0   0   0   0 |     CCG   0   0   0   0   0   0 |     CAG   0   0   0   0   0   0 |     CGG   0   0   0   0   0   0
--------------------------------------------------------------------------------------------------------------------------------------
Ile ATT   1   1   0   0   0   0 | Thr ACT   0   1   1   1   0   1 | Asn AAT   2   2   2   2   2   2 | Ser AGT   0   0   0   0   0   0
    ATC   0   0   0   0   0   0 |     ACC   0   0   0   0   0   0 |     AAC   0   0   0   0   0   0 |     AGC   0   0   0   0   0   0
    ATA   0   0   0   0   0   0 |     ACA   4   4   4   4   4   4 | Lys AAA   0   0   1   1   1   1 | Arg AGA   0   0   0   0   0   0
Met ATG   3   3   3   3   3   3 |     ACG   1   0   0   0   1   0 |     AAG   1   1   0   0   0   0 |     AGG   0   0   0   0   0   0
--------------------------------------------------------------------------------------------------------------------------------------
Val GTT   1   1   2   2   2   2 | Ala GCT   0   0   0   0   0   0 | Asp GAT   1   1   1   1   1   1 | Gly GGT   0   0   0   0   0   0
    GTC   1   1   1   1   1   1 |     GCC   0   0   0   0   0   0 |     GAC   1   1   1   1   1   1 |     GGC   0   0   0   0   0   0
    GTA   2   2   2   2   2   2 |     GCA   0   0   0   0   0   0 | Glu GAA   1   1   1   1   1   1 |     GGA   2   2   2   2   2   2
    GTG   2   1   2   2   2   1 |     GCG   0   1   0   0   0   1 |     GAG   2   2   2   2   2   2 |     GGG   0   0   0   0   0   0
--------------------------------------------------------------------------------------------------------------------------------------

--------------------------------------------------------------------------------------------------------------------------------------
Phe TTT   0   0   0   0   0   0 | Ser TCT   0   0   0   0   0   0 | Tyr TAT   0   1   0   1   1   1 | Cys TGT   1   0   1   0   0   0
    TTC   0   0   0   0   0   0 |     TCC   0   0   0   0   0   0 |     TAC   0   0   0   0   0   0 |     TGC   0   0   0   0   0   0
Leu TTA   0   0   0   0   0   0 |     TCA   0   0   0   0   0   0 | *** TAA   0   0   0   0   0   0 | *** TGA   0   0   0   0   0   0
    TTG   1   1   1   1   1   1 |     TCG   0   0   0   0   0   0 |     TAG   0   0   0   0   0   0 | Trp TGG   0   0   0   0   0   0
--------------------------------------------------------------------------------------------------------------------------------------
Leu CTT   0   0   0   0   0   0 | Pro CCT   1   1   1   1   1   0 | His CAT   1   1   1   1   1   1 | Arg CGT   0   0   0   0   0   0
    CTC   1   1   1   1   1   1 |     CCC   0   0   0   0   0   1 |     CAC   0   0   0   0   0   0 |     CGC   0   0   0   0   0   0
    CTA   0   0   0   0   0   0 |     CCA   0   0   0   0   0   0 | Gln CAA   0   0   0   0   0   0 |     CGA   0   0   0   0   0   0
    CTG   0   0   0   0   0   0 |     CCG   0   0   0   0   0   0 |     CAG   0   0   0   0   0   0 |     CGG   0   0   0   0   0   0
--------------------------------------------------------------------------------------------------------------------------------------
Ile ATT   0   0   1   0   1   0 | Thr ACT   1   1   0   1   2   0 | Asn AAT   2   2   2   2   2   2 | Ser AGT   0   0   0   0   0   0
    ATC   0   0   0   0   0   0 |     ACC   0   0   0   0   0   0 |     AAC   0   0   0   0   0   0 |     AGC   0   0   0   0   0   0
    ATA   0   0   0   0   1   0 |     ACA   4   4   4   4   3   4 | Lys AAA   1   1   0   1   1   1 | Arg AGA   0   0   0   0   0   0
Met ATG   3   3   3   3   2   3 |     ACG   0   0   1   0   0   1 |     AAG   0   0   1   0   0   0 |     AGG   0   0   0   0   0   0
--------------------------------------------------------------------------------------------------------------------------------------
Val GTT   2   2   1   2   1   2 | Ala GCT   0   0   0   0   0   0 | Asp GAT   1   1   1   1   1   1 | Gly GGT   0   0   0   0   0   0
    GTC   1   1   1   1   1   1 |     GCC   0   0   0   0   0   0 |     GAC   1   1   1   1   1   1 |     GGC   0   0   0   0   0   0
    GTA   2   2   2   2   2   2 |     GCA   0   0   0   0   0   0 | Glu GAA   1   1   1   1   1   1 |     GGA   2   2   2   2   2   2
    GTG   2   1   2   2   2   2 |     GCG   0   1   0   0   0   0 |     GAG   2   2   2   2   2   2 |     GGG   0   0   0   0   0   0
--------------------------------------------------------------------------------------------------------------------------------------

--------------------------------------------------------------------------------------------------------------------------------------
Phe TTT   0   0   0   0   0   0 | Ser TCT   0   0   0   0   0   0 | Tyr TAT   1   1   1   1   1   0 | Cys TGT   0   0   0   0   0   1
    TTC   0   0   0   0   0   0 |     TCC   0   0   0   0   0   0 |     TAC   0   0   0   0   0   0 |     TGC   0   0   0   0   0   0
Leu TTA   0   0   0   0   0   0 |     TCA   0   0   0   0   0   0 | *** TAA   0   0   0   0   0   0 | *** TGA   0   0   0   0   0   0
    TTG   1   1   1   1   1   1 |     TCG   0   0   0   0   0   0 |     TAG   0   0   0   0   0   0 | Trp TGG   0   0   0   0   0   0
--------------------------------------------------------------------------------------------------------------------------------------
Leu CTT   0   0   0   0   0   0 | Pro CCT   1   1   1   1   1   1 | His CAT   1   1   1   1   1   1 | Arg CGT   0   0   0   0   0   0
    CTC   1   1   1   1   1   1 |     CCC   0   0   0   0   0   0 |     CAC   0   0   0   0   0   0 |     CGC   0   0   0   0   0   0
    CTA   0   0   0   0   0   0 |     CCA   0   0   0   0   0   0 | Gln CAA   0   0   0   0   0   0 |     CGA   0   0   0   0   0   0
    CTG   0   0   0   0   0   0 |     CCG   0   0   0   0   0   0 |     CAG   0   0   0   0   0   0 |     CGG   0   0   0   0   0   0
--------------------------------------------------------------------------------------------------------------------------------------
Ile ATT   0   0   0   0   0   1 | Thr ACT   1   1   1   1   1   1 | Asn AAT   2   2   2   2   2   2 | Ser AGT   0   0   0   0   0   0
    ATC   1   0   0   0   0   0 |     ACC   0   0   0   1   0   0 |     AAC   0   0   0   0   0   0 |     AGC   0   0   0   0   0   0
    ATA   0   0   0   0   0   0 |     ACA   4   4   4   3   4   4 | Lys AAA   1   1   1   1   1   0 | Arg AGA   0   0   0   0   0   0
Met ATG   3   3   3   3   3   3 |     ACG   0   0   0   0   0   0 |     AAG   0   0   0   0   0   1 |     AGG   0   0   0   0   0   0
--------------------------------------------------------------------------------------------------------------------------------------
Val GTT   2   2   2   2   2   1 | Ala GCT   0   0   0   0   0   0 | Asp GAT   1   1   1   2   1   1 | Gly GGT   0   0   0   0   0   0
    GTC   0   1   1   1   1   1 |     GCC   0   0   0   0   0   0 |     GAC   1   1   1   0   1   1 |     GGC   0   0   0   0   0   0
    GTA   2   2   2   2   2   2 |     GCA   0   0   0   0   0   0 | Glu GAA   1   1   1   1   1   1 |     GGA   2   2   2   2   2   2
    GTG   2   2   2   2   2   2 |     GCG   0   0   0   0   0   0 |     GAG   2   2   2   2   2   2 |     GGG   0   0   0   0   0   0
--------------------------------------------------------------------------------------------------------------------------------------

--------------------------------------------------------------------------------------------------------------------------------------
Phe TTT   0   0   0   0   0   0 | Ser TCT   0   0   0   0   0   0 | Tyr TAT   0   1   0   0   1   1 | Cys TGT   1   0   1   1   0   0
    TTC   0   0   0   0   0   0 |     TCC   0   0   0   0   0   0 |     TAC   0   0   0   0   0   0 |     TGC   0   0   0   0   0   0
Leu TTA   0   0   0   0   0   0 |     TCA   0   0   0   0   0   0 | *** TAA   0   0   0   0   0   0 | *** TGA   0   0   0   0   0   0
    TTG   1   1   1   1   1   1 |     TCG   0   0   0   0   0   0 |     TAG   0   0   0   0   0   0 | Trp TGG   0   0   0   0   0   0
--------------------------------------------------------------------------------------------------------------------------------------
Leu CTT   0   0   0   0   0   0 | Pro CCT   1   1   1   1   1   1 | His CAT   1   1   1   1   1   1 | Arg CGT   0   0   0   0   0   0
    CTC   1   1   1   1   1   1 |     CCC   0   0   0   0   0   0 |     CAC   0   0   0   0   0   0 |     CGC   0   0   0   0   0   0
    CTA   0   0   0   0   0   0 |     CCA   0   0   0   0   0   0 | Gln CAA   0   0   0   0   0   0 |     CGA   0   0   0   0   0   0
    CTG   0   0   0   0   0   0 |     CCG   0   0   0   0   0   0 |     CAG   0   0   0   0   0   0 |     CGG   0   0   0   0   0   0
--------------------------------------------------------------------------------------------------------------------------------------
Ile ATT   1   0   1   1   0   0 | Thr ACT   0   1   0   1   1   1 | Asn AAT   2   2   2   2   2   2 | Ser AGT   0   0   0   0   0   0
    ATC   0   0   0   0   0   0 |     ACC   0   0   0   0   0   0 |     AAC   0   0   1   0   0   0 |     AGC   0   0   0   0   0   0
    ATA   0   0   0   0   0   0 |     ACA   4   4   4   4   4   4 | Lys AAA   0   1   0   0   1   1 | Arg AGA   0   0   0   0   0   0
Met ATG   3   3   3   3   3   3 |     ACG   1   0   1   0   0   0 |     AAG   1   0   1   1   0   0 |     AGG   0   0   0   0   0   0
--------------------------------------------------------------------------------------------------------------------------------------
Val GTT   1   2   1   1   2   2 | Ala GCT   0   0   0   0   0   0 | Asp GAT   1   1   1   1   1   1 | Gly GGT   0   0   0   0   0   0
    GTC   1   1   1   1   1   1 |     GCC   0   0   0   0   0   0 |     GAC   1   1   0   1   1   1 |     GGC   0   0   0   0   0   0
    GTA   2   2   2   2   2   2 |     GCA   0   0   0   0   0   0 | Glu GAA   1   1   1   1   1   1 |     GGA   2   2   2   2   2   2
    GTG   2   2   2   2   2   2 |     GCG   0   0   0   0   0   0 |     GAG   2   2   2   2   2   2 |     GGG   0   0   0   0   0   0
--------------------------------------------------------------------------------------------------------------------------------------

--------------------------------------------------------------------------------------------------------------------------------------
Phe TTT   0   0   0   0   0   0 | Ser TCT   0   0   0   0   0   0 | Tyr TAT   1   1   1   1   1   1 | Cys TGT   0   0   0   0   0   0
    TTC   0   0   0   0   0   0 |     TCC   0   0   0   0   0   0 |     TAC   0   0   0   0   0   0 |     TGC   0   0   0   0   0   0
Leu TTA   0   0   0   0   0   0 |     TCA   0   0   0   0   0   0 | *** TAA   0   0   0   0   0   0 | *** TGA   0   0   0   0   0   0
    TTG   1   1   1   1   1   1 |     TCG   0   0   0   0   0   0 |     TAG   0   0   0   0   0   0 | Trp TGG   0   0   0   0   0   0
--------------------------------------------------------------------------------------------------------------------------------------
Leu CTT   1   0   0   0   0   0 | Pro CCT   1   1   1   1   1   1 | His CAT   0   1   1   1   1   1 | Arg CGT   0   0   0   0   0   0
    CTC   1   1   1   1   1   1 |     CCC   0   0   0   0   0   0 |     CAC   0   0   0   0   0   0 |     CGC   0   0   0   0   0   0
    CTA   0   0   0   0   0   0 |     CCA   0   0   0   0   0   0 | Gln CAA   0   0   0   0   0   0 |     CGA   0   0   0   0   0   0
    CTG   0   0   0   0   0   0 |     CCG   0   0   0   0   0   0 |     CAG   0   0   0   0   0   0 |     CGG   0   0   0   0   0   0
--------------------------------------------------------------------------------------------------------------------------------------
Ile ATT   0   0   0   1   0   0 | Thr ACT   1   1   1   1   1   1 | Asn AAT   2   2   2   2   2   2 | Ser AGT   0   0   0   0   0   0
    ATC   0   0   0   0   0   0 |     ACC   0   0   0   0   0   0 |     AAC   0   0   0   0   0   0 |     AGC   0   0   0   0   0   0
    ATA   0   0   0   0   0   0 |     ACA   4   4   4   4   4   4 | Lys AAA   1   1   1   1   1   1 | Arg AGA   0   0   0   0   0   0
Met ATG   3   3   3   3   3   3 |     ACG   0   0   0   0   0   0 |     AAG   0   0   0   0   0   0 |     AGG   0   0   0   0   0   0
--------------------------------------------------------------------------------------------------------------------------------------
Val GTT   2   2   2   1   2   2 | Ala GCT   0   0   0   0   0   0 | Asp GAT   1   1   1   1   1   1 | Gly GGT   0   0   0   0   0   0
    GTC   1   1   1   1   1   1 |     GCC   0   0   0   0   0   0 |     GAC   1   1   1   1   1   1 |     GGC   0   0   0   0   0   0
    GTA   2   2   2   2   2   2 |     GCA   0   0   0   0   0   0 | Glu GAA   1   1   1   1   1   1 |     GGA   2   2   2   2   2   2
    GTG   2   2   2   2   1   1 |     GCG   0   0   0   0   1   1 |     GAG   2   2   2   2   2   2 |     GGG   0   0   0   0   0   0
--------------------------------------------------------------------------------------------------------------------------------------

Codon position x base (3x4) table for each sequence.

#1: Argali         
position  1:    T:0.06667    C:0.10000    A:0.36667    G:0.46667
position  2:    T:0.40000    C:0.20000    A:0.33333    G:0.06667
position  3:    T:0.30000    C:0.10000    A:0.33333    G:0.26667
Average         T:0.25556    C:0.13333    A:0.34444    G:0.26667

#2: LesserMouseDeer
position  1:    T:0.03333    C:0.13333    A:0.40000    G:0.43333
position  2:    T:0.40000    C:0.20000    A:0.33333    G:0.06667
position  3:    T:0.26667    C:0.13333    A:0.33333    G:0.26667
Average         T:0.23333    C:0.15556    A:0.35556    G:0.25556

#3: LesserKudu     
position  1:    T:0.06667    C:0.10000    A:0.36667    G:0.46667
position  2:    T:0.36667    C:0.23333    A:0.33333    G:0.06667
position  3:    T:0.30000    C:0.10000    A:0.33333    G:0.26667
Average         T:0.24444    C:0.14444    A:0.34444    G:0.26667

#4: ForestMuskDeer2
position  1:    T:0.06667    C:0.10000    A:0.40000    G:0.43333
position  2:    T:0.40000    C:0.20000    A:0.33333    G:0.06667
position  3:    T:0.30000    C:0.10000    A:0.33333    G:0.26667
Average         T:0.25556    C:0.13333    A:0.35556    G:0.25556

#5: Camel          
position  1:    T:0.06667    C:0.10000    A:0.36667    G:0.46667
position  2:    T:0.40000    C:0.20000    A:0.33333    G:0.06667
position  3:    T:0.30000    C:0.13333    A:0.26667    G:0.30000
Average         T:0.25556    C:0.14444    A:0.32222    G:0.27778

#6: KillerWhale    
position  1:    T:0.06667    C:0.10000    A:0.40000    G:0.43333
position  2:    T:0.40000    C:0.20000    A:0.33333    G:0.06667
position  3:    T:0.30000    C:0.10000    A:0.30000    G:0.30000
Average         T:0.25556    C:0.13333    A:0.34444    G:0.26667

#7: DefassaWaterbuck
position  1:    T:0.06667    C:0.10000    A:0.36667    G:0.46667
position  2:    T:0.40000    C:0.20000    A:0.33333    G:0.06667
position  3:    T:0.33333    C:0.10000    A:0.30000    G:0.26667
Average         T:0.26667    C:0.13333    A:0.33333    G:0.26667

#8: Sheep          
position  1:    T:0.06667    C:0.10000    A:0.36667    G:0.46667
position  2:    T:0.40000    C:0.20000    A:0.33333    G:0.06667
position  3:    T:0.26667    C:0.13333    A:0.33333    G:0.26667
Average         T:0.24444    C:0.14444    A:0.34444    G:0.26667

#9: MaxwellsDuiker 
position  1:    T:0.06667    C:0.10000    A:0.36667    G:0.46667
position  2:    T:0.40000    C:0.20000    A:0.33333    G:0.06667
position  3:    T:0.30000    C:0.10000    A:0.33333    G:0.26667
Average         T:0.25556    C:0.13333    A:0.34444    G:0.26667

#10: GazellaPrzewalskyi
position  1:    T:0.06667    C:0.10000    A:0.36667    G:0.46667
position  2:    T:0.40000    C:0.20000    A:0.30000    G:0.10000
position  3:    T:0.30000    C:0.10000    A:0.33333    G:0.26667
Average         T:0.25556    C:0.13333    A:0.33333    G:0.27778

#11: MountainNyala  
position  1:    T:0.06667    C:0.10000    A:0.36667    G:0.46667
position  2:    T:0.36667    C:0.23333    A:0.33333    G:0.06667
position  3:    T:0.30000    C:0.13333    A:0.33333    G:0.23333
Average         T:0.24444    C:0.15556    A:0.34444    G:0.25556

#12: MuntiacusMuntjak
position  1:    T:0.06667    C:0.10000    A:0.40000    G:0.43333
position  2:    T:0.40000    C:0.20000    A:0.30000    G:0.10000
position  3:    T:0.30000    C:0.10000    A:0.30000    G:0.30000
Average         T:0.25556    C:0.13333    A:0.33333    G:0.27778

#13: goat           
position  1:    T:0.06667    C:0.10000    A:0.36667    G:0.46667
position  2:    T:0.40000    C:0.20000    A:0.33333    G:0.06667
position  3:    T:0.26667    C:0.13333    A:0.33333    G:0.26667
Average         T:0.24444    C:0.14444    A:0.34444    G:0.26667

#14: AfricanBuffalo 
position  1:    T:0.06667    C:0.10000    A:0.36667    G:0.46667
position  2:    T:0.40000    C:0.20000    A:0.33333    G:0.06667
position  3:    T:0.30000    C:0.13333    A:0.30000    G:0.26667
Average         T:0.25556    C:0.14444    A:0.33333    G:0.26667

#15: Topi           
position  1:    T:0.06667    C:0.10000    A:0.36667    G:0.46667
position  2:    T:0.40000    C:0.20000    A:0.33333    G:0.06667
position  3:    T:0.23333    C:0.13333    A:0.33333    G:0.30000
Average         T:0.23333    C:0.14444    A:0.34444    G:0.27778

#16: CommonDuiker   
position  1:    T:0.06667    C:0.10000    A:0.36667    G:0.46667
position  2:    T:0.40000    C:0.20000    A:0.33333    G:0.06667
position  3:    T:0.30000    C:0.10000    A:0.33333    G:0.26667
Average         T:0.25556    C:0.13333    A:0.34444    G:0.26667

#17: Suni           
position  1:    T:0.06667    C:0.10000    A:0.36667    G:0.46667
position  2:    T:0.40000    C:0.20000    A:0.33333    G:0.06667
position  3:    T:0.30000    C:0.10000    A:0.33333    G:0.26667
Average         T:0.25556    C:0.13333    A:0.34444    G:0.26667

#18: Springbuck     
position  1:    T:0.06667    C:0.10000    A:0.36667    G:0.46667
position  2:    T:0.40000    C:0.20000    A:0.30000    G:0.10000
position  3:    T:0.30000    C:0.13333    A:0.30000    G:0.26667
Average         T:0.25556    C:0.14444    A:0.32222    G:0.27778

#19: Okapi          
position  1:    T:0.06667    C:0.13333    A:0.40000    G:0.40000
position  2:    T:0.40000    C:0.20000    A:0.33333    G:0.06667
position  3:    T:0.30000    C:0.10000    A:0.33333    G:0.26667
Average         T:0.25556    C:0.14444    A:0.35556    G:0.24444

#20: Giraffe        
position  1:    T:0.06667    C:0.13333    A:0.40000    G:0.40000
position  2:    T:0.40000    C:0.20000    A:0.33333    G:0.06667
position  3:    T:0.30000    C:0.10000    A:0.33333    G:0.26667
Average         T:0.25556    C:0.14444    A:0.35556    G:0.24444

#21: TibetanAntelope
position  1:    T:0.06667    C:0.10000    A:0.36667    G:0.46667
position  2:    T:0.40000    C:0.20000    A:0.33333    G:0.06667
position  3:    T:0.30000    C:0.10000    A:0.33333    G:0.26667
Average         T:0.25556    C:0.13333    A:0.34444    G:0.26667

#22: Sitatunga      
position  1:    T:0.06667    C:0.10000    A:0.36667    G:0.46667
position  2:    T:0.36667    C:0.23333    A:0.33333    G:0.06667
position  3:    T:0.30000    C:0.10000    A:0.33333    G:0.26667
Average         T:0.24444    C:0.14444    A:0.34444    G:0.26667

#23: Oribi          
position  1:    T:0.06667    C:0.10000    A:0.36667    G:0.46667
position  2:    T:0.40000    C:0.20000    A:0.26667    G:0.13333
position  3:    T:0.30000    C:0.10000    A:0.30000    G:0.30000
Average         T:0.25556    C:0.13333    A:0.31111    G:0.30000

#24: BarbarySheep   
position  1:    T:0.06667    C:0.10000    A:0.36667    G:0.46667
position  2:    T:0.40000    C:0.20000    A:0.33333    G:0.06667
position  3:    T:0.26667    C:0.13333    A:0.33333    G:0.26667
Average         T:0.24444    C:0.14444    A:0.34444    G:0.26667

#25: Daviddeer      
position  1:    T:0.06667    C:0.10000    A:0.40000    G:0.43333
position  2:    T:0.40000    C:0.20000    A:0.30000    G:0.10000
position  3:    T:0.26667    C:0.10000    A:0.30000    G:0.33333
Average         T:0.24444    C:0.13333    A:0.33333    G:0.28889

#26: Reindeer       
position  1:    T:0.06667    C:0.10000    A:0.40000    G:0.43333
position  2:    T:0.36667    C:0.23333    A:0.30000    G:0.10000
position  3:    T:0.30000    C:0.10000    A:0.30000    G:0.30000
Average         T:0.24444    C:0.14444    A:0.33333    G:0.27778

#27: Ibex           
position  1:    T:0.06667    C:0.10000    A:0.36667    G:0.46667
position  2:    T:0.40000    C:0.20000    A:0.33333    G:0.06667
position  3:    T:0.26667    C:0.13333    A:0.33333    G:0.26667
Average         T:0.24444    C:0.14444    A:0.34444    G:0.26667

#28: GyrantGazelle  
position  1:    T:0.06667    C:0.10000    A:0.36667    G:0.46667
position  2:    T:0.40000    C:0.20000    A:0.33333    G:0.06667
position  3:    T:0.30000    C:0.10000    A:0.33333    G:0.26667
Average         T:0.25556    C:0.13333    A:0.34444    G:0.26667

#29: Hartebeest     
position  1:    T:0.06667    C:0.10000    A:0.36667    G:0.46667
position  2:    T:0.40000    C:0.20000    A:0.33333    G:0.06667
position  3:    T:0.23333    C:0.13333    A:0.33333    G:0.30000
Average         T:0.23333    C:0.14444    A:0.34444    G:0.27778

#30: Bongo          
position  1:    T:0.06667    C:0.10000    A:0.36667    G:0.46667
position  2:    T:0.36667    C:0.23333    A:0.33333    G:0.06667
position  3:    T:0.30000    C:0.10000    A:0.33333    G:0.26667
Average         T:0.24444    C:0.14444    A:0.34444    G:0.26667

#31: Gerenuk        
position  1:    T:0.06667    C:0.10000    A:0.36667    G:0.46667
position  2:    T:0.40000    C:0.20000    A:0.30000    G:0.10000
position  3:    T:0.30000    C:0.10000    A:0.33333    G:0.26667
Average         T:0.25556    C:0.13333    A:0.33333    G:0.27778

#32: CommonEland    
position  1:    T:0.06667    C:0.10000    A:0.36667    G:0.46667
position  2:    T:0.36667    C:0.23333    A:0.33333    G:0.06667
position  3:    T:0.30000    C:0.10000    A:0.33333    G:0.26667
Average         T:0.24444    C:0.14444    A:0.34444    G:0.26667

#33: MuntiacusReevesi
position  1:    T:0.06667    C:0.10000    A:0.40000    G:0.43333
position  2:    T:0.40000    C:0.20000    A:0.30000    G:0.10000
position  3:    T:0.26667    C:0.10000    A:0.30000    G:0.33333
Average         T:0.24444    C:0.13333    A:0.33333    G:0.28889

#34: HarveysDuiker  
position  1:    T:0.06667    C:0.10000    A:0.36667    G:0.46667
position  2:    T:0.40000    C:0.20000    A:0.33333    G:0.06667
position  3:    T:0.30000    C:0.10000    A:0.33333    G:0.26667
Average         T:0.25556    C:0.13333    A:0.34444    G:0.26667

#35: Pronghorn      
position  1:    T:0.06667    C:0.10000    A:0.40000    G:0.43333
position  2:    T:0.40000    C:0.20000    A:0.33333    G:0.06667
position  3:    T:0.33333    C:0.10000    A:0.33333    G:0.23333
Average         T:0.26667    C:0.13333    A:0.35556    G:0.24444

#36: BlueWildebeest 
position  1:    T:0.06667    C:0.10000    A:0.36667    G:0.46667
position  2:    T:0.40000    C:0.20000    A:0.33333    G:0.06667
position  3:    T:0.23333    C:0.13333    A:0.33333    G:0.30000
Average         T:0.23333    C:0.14444    A:0.34444    G:0.27778

#37: Gemsbok        
position  1:    T:0.06667    C:0.10000    A:0.40000    G:0.43333
position  2:    T:0.40000    C:0.20000    A:0.33333    G:0.06667
position  3:    T:0.30000    C:0.10000    A:0.33333    G:0.26667
Average         T:0.25556    C:0.13333    A:0.35556    G:0.25556

#38: Yak            
position  1:    T:0.06667    C:0.10000    A:0.36667    G:0.46667
position  2:    T:0.40000    C:0.20000    A:0.33333    G:0.06667
position  3:    T:0.30000    C:0.10000    A:0.33333    G:0.26667
Average         T:0.25556    C:0.13333    A:0.34444    G:0.26667

#39: BlueSheep      
position  1:    T:0.06667    C:0.10000    A:0.36667    G:0.46667
position  2:    T:0.40000    C:0.20000    A:0.33333    G:0.06667
position  3:    T:0.30000    C:0.10000    A:0.33333    G:0.26667
Average         T:0.25556    C:0.13333    A:0.34444    G:0.26667

#40: BohorReedbuck  
position  1:    T:0.06667    C:0.10000    A:0.36667    G:0.46667
position  2:    T:0.40000    C:0.20000    A:0.33333    G:0.06667
position  3:    T:0.33333    C:0.10000    A:0.30000    G:0.26667
Average         T:0.26667    C:0.13333    A:0.33333    G:0.26667

#41: KirksDik       
position  1:    T:0.06667    C:0.10000    A:0.36667    G:0.46667
position  2:    T:0.40000    C:0.20000    A:0.33333    G:0.06667
position  3:    T:0.30000    C:0.10000    A:0.33333    G:0.26667
Average         T:0.25556    C:0.13333    A:0.34444    G:0.26667

#42: RoeDeer        
position  1:    T:0.06667    C:0.10000    A:0.40000    G:0.43333
position  2:    T:0.40000    C:0.20000    A:0.30000    G:0.10000
position  3:    T:0.30000    C:0.10000    A:0.30000    G:0.30000
Average         T:0.25556    C:0.13333    A:0.33333    G:0.27778

#43: WhiteLippedDeer
position  1:    T:0.06667    C:0.10000    A:0.40000    G:0.43333
position  2:    T:0.40000    C:0.20000    A:0.30000    G:0.10000
position  3:    T:0.26667    C:0.10000    A:0.30000    G:0.33333
Average         T:0.24444    C:0.13333    A:0.33333    G:0.28889

#44: ThomsonGazelle 
position  1:    T:0.06667    C:0.10000    A:0.36667    G:0.46667
position  2:    T:0.40000    C:0.20000    A:0.33333    G:0.06667
position  3:    T:0.30000    C:0.10000    A:0.33333    G:0.26667
Average         T:0.25556    C:0.13333    A:0.34444    G:0.26667

#45: MuntiacusCrinifrons
position  1:    T:0.06667    C:0.10000    A:0.43333    G:0.40000
position  2:    T:0.40000    C:0.20000    A:0.30000    G:0.10000
position  3:    T:0.26667    C:0.10000    A:0.30000    G:0.33333
Average         T:0.24444    C:0.13333    A:0.34444    G:0.27778

#46: WhiteTailedDeer
position  1:    T:0.06667    C:0.10000    A:0.40000    G:0.43333
position  2:    T:0.40000    C:0.20000    A:0.30000    G:0.10000
position  3:    T:0.30000    C:0.10000    A:0.30000    G:0.30000
Average         T:0.25556    C:0.13333    A:0.33333    G:0.27778

#47: Cattle         
position  1:    T:0.06667    C:0.10000    A:0.36667    G:0.46667
position  2:    T:0.40000    C:0.20000    A:0.33333    G:0.06667
position  3:    T:0.30000    C:0.10000    A:0.33333    G:0.26667
Average         T:0.25556    C:0.13333    A:0.34444    G:0.26667

#48: RoyalAntelope  
position  1:    T:0.06667    C:0.10000    A:0.36667    G:0.46667
position  2:    T:0.40000    C:0.20000    A:0.33333    G:0.06667
position  3:    T:0.30000    C:0.10000    A:0.33333    G:0.26667
Average         T:0.25556    C:0.13333    A:0.34444    G:0.26667

#49: Steenbok       
position  1:    T:0.06667    C:0.10000    A:0.36667    G:0.46667
position  2:    T:0.43333    C:0.20000    A:0.30000    G:0.06667
position  3:    T:0.30000    C:0.10000    A:0.33333    G:0.26667
Average         T:0.26667    C:0.13333    A:0.33333    G:0.26667

#50: Impala         
position  1:    T:0.06667    C:0.10000    A:0.36667    G:0.46667
position  2:    T:0.40000    C:0.20000    A:0.33333    G:0.06667
position  3:    T:0.30000    C:0.10000    A:0.33333    G:0.26667
Average         T:0.25556    C:0.13333    A:0.34444    G:0.26667

#51: Klipspringer   
position  1:    T:0.06667    C:0.10000    A:0.36667    G:0.46667
position  2:    T:0.40000    C:0.20000    A:0.33333    G:0.06667
