CODONML (in paml version 4.10.7, June 2023)  /home/rachel/ruminants_paml/6406-phy-tree/ENSBTAT00000016311.fasta.phy
Model: free dN/dS Ratios for branches,  kappa = 2.000 fixed

Codon frequency model: F3x4
ns =  54  ls =  30

Codon usage in sequences
--------------------------------------------------------------------------------------------------------------------------------------
Phe TTT   3   3   3   2   3   3 | Ser TCT   0   0   0   0   0   0 | Tyr TAT   0   0   0   0   0   0 | Cys TGT   0   0   0   0   0   0
    TTC   0   0   0   0   0   0 |     TCC   0   1   0   0   0   0 |     TAC   0   0   0   0   1   0 |     TGC   1   0   1   1   0   1
Leu TTA   0   1   0   0   1   1 |     TCA   1   1   1   1   1   1 | *** TAA   0   0   0   0   0   0 | *** TGA   0   0   0   0   0   0
    TTG   1   0   1   1   0   0 |     TCG   0   0   0   0   0   0 |     TAG   0   0   0   0   0   0 | Trp TGG   0   0   0   0   0   0
--------------------------------------------------------------------------------------------------------------------------------------
Leu CTT   0   0   0   1   1   1 | Pro CCT   0   0   0   0   0   0 | His CAT   0   0   0   0   0   0 | Arg CGT   0   1   0   0   1   0
    CTC   1   1   1   1   0   0 |     CCC   0   0   0   0   0   0 |     CAC   0   0   0   0   0   0 |     CGC   1   0   1   1   0   1
    CTA   0   0   0   0   0   0 |     CCA   0   0   0   0   0   0 | Gln CAA   0   1   0   0   1   1 |     CGA   0   0   0   0   0   0
    CTG   0   0   0   0   0   0 |     CCG   0   0   0   0   0   0 |     CAG   2   1   2   2   1   1 |     CGG   0   0   0   0   0   0
--------------------------------------------------------------------------------------------------------------------------------------
Ile ATT   0   1   0   0   0   0 | Thr ACT   0   0   0   0   0   0 | Asn AAT   0   0   0   0   0   0 | Ser AGT   0   0   0   0   0   0
    ATC   2   1   2   2   1   1 |     ACC   0   0   0   0   0   0 |     AAC   0   0   0   0   0   0 |     AGC   0   0   0   0   0   0
    ATA   0   0   0   0   0   1 |     ACA   1   2   1   1   1   1 | Lys AAA   1   1   1   1   2   2 | Arg AGA   2   1   2   2   1   1
Met ATG   1   1   1   1   1   1 |     ACG   0   0   0   0   0   0 |     AAG   1   1   1   1   1   1 |     AGG   0   0   0   0   0   0
--------------------------------------------------------------------------------------------------------------------------------------
Val GTT   1   0   1   1   1   1 | Ala GCT   1   1   1   1   1   1 | Asp GAT   1   1   1   1   1   2 | Gly GGT   0   0   0   0   0   0
    GTC   0   0   0   0   0   0 |     GCC   1   1   1   1   1   1 |     GAC   1   1   1   2   1   0 |     GGC   2   1   2   2   1   1
    GTA   0   1   0   0   1   0 |     GCA   1   1   1   1   1   1 | Glu GAA   1   2   1   1   2   2 |     GGA   0   1   0   0   1   1
    GTG   0   0   0   0   0   0 |     GCG   0   0   0   0   0   0 |     GAG   3   2   3   2   2   2 |     GGG   0   0   0   0   0   0
--------------------------------------------------------------------------------------------------------------------------------------

--------------------------------------------------------------------------------------------------------------------------------------
Phe TTT   2   3   3   3   3   3 | Ser TCT   0   0   0   0   0   0 | Tyr TAT   0   0   0   0   0   0 | Cys TGT   0   0   0   0   0   0
    TTC   1   0   0   0   0   0 |     TCC   0   0   0   0   0   0 |     TAC   0   0   0   0   0   0 |     TGC   1   1   1   1   1   1
Leu TTA   0   0   0   0   0   0 |     TCA   1   1   1   1   0   1 | *** TAA   0   0   0   0   0   0 | *** TGA   0   0   0   0   0   0
    TTG   1   1   1   1   1   1 |     TCG   0   0   0   0   1   0 |     TAG   0   0   0   0   0   0 | Trp TGG   0   0   0   0   0   0
--------------------------------------------------------------------------------------------------------------------------------------
Leu CTT   0   0   0   0   0   0 | Pro CCT   0   0   0   0   0   0 | His CAT   0   0   0   0   0   0 | Arg CGT   0   0   0   0   0   0
    CTC   1   1   1   1   1   1 |     CCC   0   0   0   0   0   0 |     CAC   0   0   0   0   0   0 |     CGC   1   1   1   1   1   1
    CTA   0   0   0   0   0   0 |     CCA   0   0   0   0   0   0 | Gln CAA   0   0   0   0   0   0 |     CGA   0   0   0   0   0   0
    CTG   0   0   0   0   0   0 |     CCG   0   0   0   0   0   0 |     CAG   2   2   2   2   2   2 |     CGG   0   0   0   0   0   0
--------------------------------------------------------------------------------------------------------------------------------------
Ile ATT   0   0   0   0   0   0 | Thr ACT   0   0   0   0   0   0 | Asn AAT   0   0   0   0   0   0 | Ser AGT   0   0   0   0   0   0
    ATC   1   2   2   2   2   2 |     ACC   0   0   0   0   0   1 |     AAC   0   0   0   0   0   0 |     AGC   0   0   0   0   0   0
    ATA   1   0   0   0   0   0 |     ACA   1   1   1   1   1   0 | Lys AAA   1   1   1   1   1   1 | Arg AGA   2   2   2   2   2   2
Met ATG   1   1   1   1   1   1 |     ACG   0   0   0   0   0   0 |     AAG   1   1   1   1   1   1 |     AGG   0   0   0   0   0   0
--------------------------------------------------------------------------------------------------------------------------------------
Val GTT   1   1   1   1   1   1 | Ala GCT   1   1   1   1   1   1 | Asp GAT   1   1   1   1   1   1 | Gly GGT   0   0   0   0   0   0
    GTC   0   0   0   0   0   0 |     GCC   1   1   1   1   1   1 |     GAC   1   1   1   1   1   1 |     GGC   2   2   2   2   2   2
    GTA   0   0   0   0   0   0 |     GCA   1   1   1   1   1   1 | Glu GAA   1   1   1   1   1   1 |     GGA   0   0   0   0   0   0
    GTG   0   0   0   0   0   0 |     GCG   0   0   0   0   0   0 |     GAG   3   3   3   3   3   3 |     GGG   0   0   0   0   0   0
--------------------------------------------------------------------------------------------------------------------------------------

--------------------------------------------------------------------------------------------------------------------------------------
Phe TTT   3   3   3   3   2   3 | Ser TCT   0   0   0   0   0   0 | Tyr TAT   0   0   0   0   0   0 | Cys TGT   0   0   0   0   0   0
    TTC   0   0   0   0   1   0 |     TCC   0   0   0   0   0   0 |     TAC   0   0   0   0   0   0 |     TGC   1   1   1   1   1   1
Leu TTA   0   0   0   0   0   0 |     TCA   1   1   1   1   1   1 | *** TAA   0   0   0   0   0   0 | *** TGA   0   0   0   0   0   0
    TTG   1   1   1   1   1   1 |     TCG   0   0   0   0   0   0 |     TAG   0   0   0   0   0   0 | Trp TGG   0   0   0   0   0   0
--------------------------------------------------------------------------------------------------------------------------------------
Leu CTT   0   0   0   0   0   0 | Pro CCT   0   0   0   0   0   0 | His CAT   0   0   0   0   0   0 | Arg CGT   0   0   0   0   0   0
    CTC   1   1   1   1   1   1 |     CCC   0   0   0   0   0   0 |     CAC   0   0   0   0   0   0 |     CGC   1   1   1   1   1   1
    CTA   0   0   0   0   0   0 |     CCA   0   0   0   0   0   0 | Gln CAA   0   0   0   0   0   0 |     CGA   0   0   0   0   0   0
    CTG   0   0   0   0   0   0 |     CCG   0   0   0   0   0   0 |     CAG   2   2   2   2   2   2 |     CGG   0   0   0   0   0   0
--------------------------------------------------------------------------------------------------------------------------------------
Ile ATT   0   0   0   0   0   0 | Thr ACT   0   0   0   0   0   0 | Asn AAT   0   0   0   0   0   0 | Ser AGT   0   0   0   0   0   0
    ATC   2   2   2   2   2   2 |     ACC   0   0   0   0   0   0 |     AAC   0   0   0   0   0   0 |     AGC   0   0   0   0   1   0
    ATA   0   0   0   0   0   0 |     ACA   1   1   1   1   1   1 | Lys AAA   1   1   1   1   1   1 | Arg AGA   2   2   2   2   2   2
Met ATG   1   1   1   1   1   1 |     ACG   0   0   0   0   0   0 |     AAG   1   1   1   1   1   1 |     AGG   0   0   0   0   0   0
--------------------------------------------------------------------------------------------------------------------------------------
Val GTT   1   1   1   1   1   1 | Ala GCT   1   1   1   1   1   1 | Asp GAT   1   1   1   1   1   1 | Gly GGT   0   0   0   0   0   0
    GTC   0   0   0   0   0   0 |     GCC   1   1   1   1   1   1 |     GAC   1   1   1   1   1   1 |     GGC   2   2   2   2   1   2
    GTA   0   0   0   0   0   0 |     GCA   1   1   1   1   1   0 | Glu GAA   1   1   1   1   1   1 |     GGA   0   0   0   0   0   1
    GTG   0   0   0   0   0   0 |     GCG   0   0   0   0   0   0 |     GAG   3   3   3   3   3   3 |     GGG   0   0   0   0   0   0
--------------------------------------------------------------------------------------------------------------------------------------

--------------------------------------------------------------------------------------------------------------------------------------
Phe TTT   2   2   3   3   3   3 | Ser TCT   0   0   0   0   0   0 | Tyr TAT   0   0   0   0   0   0 | Cys TGT   0   0   0   0   0   0
    TTC   1   1   0   0   0   0 |     TCC   0   0   0   0   0   0 |     TAC   0   0   0   0   0   0 |     TGC   1   1   1   1   1   1
Leu TTA   0   0   0   0   0   0 |     TCA   1   1   1   1   1   1 | *** TAA   0   0   0   0   0   0 | *** TGA   0   0   0   0   0   0
    TTG   1   1   1   1   1   1 |     TCG   0   0   0   0   0   0 |     TAG   0   0   0   0   0   0 | Trp TGG   0   0   0   0   0   0
--------------------------------------------------------------------------------------------------------------------------------------
Leu CTT   0   0   0   0   0   0 | Pro CCT   0   0   0   0   0   0 | His CAT   0   0   0   0   0   0 | Arg CGT   0   0   0   0   0   0
    CTC   1   1   1   1   1   1 |     CCC   0   0   0   0   0   0 |     CAC   0   1   0   0   0   0 |     CGC   1   0   1   1   1   1
    CTA   0   0   0   0   0   0 |     CCA   0   0   0   0   0   0 | Gln CAA   0   0   0   0   0   0 |     CGA   0   0   0   0   0   0
    CTG   0   0   0   0   0   0 |     CCG   0   0   0   0   0   0 |     CAG   2   2   2   2   2   2 |     CGG   0   0   0   0   0   0
--------------------------------------------------------------------------------------------------------------------------------------
Ile ATT   0   0   0   0   0   0 | Thr ACT   0   0   0   0   0   0 | Asn AAT   0   0   0   0   0   0 | Ser AGT   0   0   0   0   0   0
    ATC   1   1   2   2   2   2 |     ACC   0   0   0   0   0   0 |     AAC   0   0   0   0   0   0 |     AGC   0   0   0   0   0   0
    ATA   1   1   0   0   0   0 |     ACA   1   1   1   1   2   1 | Lys AAA   1   1   1   1   1   1 | Arg AGA   2   2   2   2   1   2
Met ATG   1   1   1   1   1   1 |     ACG   0   0   0   0   0   0 |     AAG   1   1   1   1   1   1 |     AGG   0   0   0   0   0   0
--------------------------------------------------------------------------------------------------------------------------------------
Val GTT   1   1   1   1   1   1 | Ala GCT   1   1   1   1   1   1 | Asp GAT   1   1   1   1   1   1 | Gly GGT   0   0   0   0   0   0
    GTC   0   0   0   0   0   0 |     GCC   1   1   1   1   1   1 |     GAC   1   1   1   1   1   1 |     GGC   2   2   2   2   2   2
    GTA   0   0   0   0   0   0 |     GCA   1   1   1   1   1   1 | Glu GAA   1   1   1   1   1   0 |     GGA   0   0   0   0   0   1
    GTG   0   0   0   0   0   0 |     GCG   0   0   0   0   0   0 |     GAG   3   3   3   3   3   3 |     GGG   0   0   0   0   0   0
--------------------------------------------------------------------------------------------------------------------------------------

--------------------------------------------------------------------------------------------------------------------------------------
Phe TTT   3   3   3   3   3   3 | Ser TCT   0   0   0   0   0   0 | Tyr TAT   0   0   0   0   0   0 | Cys TGT   0   0   0   0   0   0
    TTC   0   0   0   0   0   0 |     TCC   0   0   0   0   0   0 |     TAC   0   0   0   0   0   0 |     TGC   1   1   1   1   1   1
Leu TTA   0   0   0   0   0   0 |     TCA   1   1   1   1   1   1 | *** TAA   0   0   0   0   0   0 | *** TGA   0   0   0   0   0   0
    TTG   1   1   1   1   1   1 |     TCG   0   0   0   0   0   0 |     TAG   0   0   0   0   0   0 | Trp TGG   0   0   0   0   0   0
--------------------------------------------------------------------------------------------------------------------------------------
Leu CTT   0   0   0   0   0   0 | Pro CCT   0   0   0   0   0   0 | His CAT   0   0   0   0   0   0 | Arg CGT   0   0   0   0   0   0
    CTC   1   1   1   1   1   1 |     CCC   0   0   0   0   0   0 |     CAC   0   0   0   0   0   0 |     CGC   1   1   1   1   1   1
    CTA   0   0   0   0   0   0 |     CCA   0   0   0   0   0   0 | Gln CAA   0   0   0   0   0   0 |     CGA   0   0   0   0   0   0
    CTG   0   0   0   0   0   0 |     CCG   0   0   0   0   0   0 |     CAG   2   2   2   2   2   2 |     CGG   0   0   0   0   0   0
--------------------------------------------------------------------------------------------------------------------------------------
Ile ATT   0   0   0   0   0   0 | Thr ACT   0   0   0   0   0   0 | Asn AAT   0   0   0   0   0   0 | Ser AGT   0   0   0   0   0   0
    ATC   2   2   2   2   2   2 |     ACC   0   0   0   0   0   0 |     AAC   0   0   0   0   0   0 |     AGC   0   0   0   0   0   0
    ATA   0   0   0   0   0   0 |     ACA   1   1   1   1   1   1 | Lys AAA   1   1   1   1   1   1 | Arg AGA   2   1   2   2   2   2
Met ATG   1   1   1   1   1   1 |     ACG   0   0   0   0   0   0 |     AAG   1   1   1   1   1   1 |     AGG   0   1   0   0   0   0
--------------------------------------------------------------------------------------------------------------------------------------
Val GTT   1   1   1   1   1   1 | Ala GCT   1   1   1   1   1   1 | Asp GAT   1   0   1   1   1   1 | Gly GGT   0   0   0   0   0   0
    GTC   0   0   0   0   0   0 |     GCC   1   1   1   1   1   1 |     GAC   1   2   1   1   1   1 |     GGC   2   2   2   2   2   2
    GTA   0   0   0   0   0   0 |     GCA   1   1   1   1   1   1 | Glu GAA   1   1   1   1   1   1 |     GGA   0   0   0   0   0   0
    GTG   0   0   0   0   0   0 |     GCG   0   0   0   0   0   0 |     GAG   3   3   3   3   3   3 |     GGG   0   0   0   0   0   0
--------------------------------------------------------------------------------------------------------------------------------------

--------------------------------------------------------------------------------------------------------------------------------------
Phe TTT   3   3   3   3   3   3 | Ser TCT   0   0   0   0   0   0 | Tyr TAT   0   0   0   0   0   0 | Cys TGT   0   0   0   0   0   0
    TTC   0   0   0   0   0   0 |     TCC   0   0   0   0   0   0 |     TAC   0   0   0   0   0   0 |     TGC   1   1   1   1   1   1
Leu TTA   0   0   0   0   0   0 |     TCA   1   1   1   1   1   1 | *** TAA   0   0   0   0   0   0 | *** TGA   0   0   0   0   0   0
    TTG   1   1   1   1   1   1 |     TCG   0   0   0   0   0   0 |     TAG   0   0   0   0   0   0 | Trp TGG   0   0   0   0   0   0
--------------------------------------------------------------------------------------------------------------------------------------
Leu CTT   0   0   0   0   0   0 | Pro CCT   0   0   0   0   0   0 | His CAT   0   0   0   0   0   0 | Arg CGT   0   0   0   0   0   0
    CTC   1   1   1   1   1   1 |     CCC   0   0   0   0   0   0 |     CAC   0   0   0   0   0   0 |     CGC   1   1   1   1   1   1
    CTA   0   0   0   0   0   0 |     CCA   0   0   0   0   0   0 | Gln CAA   0   0   0   0   1   0 |     CGA   0   0   0   0   0   0
    CTG   0   0   0   0   0   0 |     CCG   0   0   0   0   0   0 |     CAG   2   2   2   2   1   2 |     CGG   0   0   0   0   0   0
--------------------------------------------------------------------------------------------------------------------------------------
Ile ATT   0   0   0   0   0   0 | Thr ACT   0   0   0   0   0   0 | Asn AAT   0   0   0   0   0   0 | Ser AGT   0   0   0   0   0   0
    ATC   1   2   2   2   2   2 |     ACC   0   0   1   0   0   0 |     AAC   0   0   0   0   0   0 |     AGC   0   0   0   0   0   0
    ATA   0   0   0   0   0   0 |     ACA   1   1   0   1   1   1 | Lys AAA   1   1   1   1   1   1 | Arg AGA   2   2   2   2   2   2
Met ATG   1   1   1   1   1   1 |     ACG   0   0   0   0   0   0 |     AAG   1   1   1   1   1   1 |     AGG   0   0   0   0   0   0
--------------------------------------------------------------------------------------------------------------------------------------
Val GTT   1   1   1   1   0   1 | Ala GCT   1   1   1   1   1   1 | Asp GAT   1   1   1   1   0   1 | Gly GGT   0   0   0   0   0   0
    GTC   1   0   0   0   0   0 |     GCC   1   1   1   1   1   1 |     GAC   1   1   1   1   2   1 |     GGC   2   2   2   2   2   2
    GTA   0   0   0   0   1   0 |     GCA   1   1   1   1   1   1 | Glu GAA   1   1   1   1   1   1 |     GGA   0   0   0   0   0   0
    GTG   0   0   0   0   0   0 |     GCG   0   0   0   0   0   0 |     GAG   3   3   3   3   3   3 |     GGG   0   0   0   0   0   0
--------------------------------------------------------------------------------------------------------------------------------------

--------------------------------------------------------------------------------------------------------------------------------------
Phe TTT   3   3   3   2   3   3 | Ser TCT   0   0   0   0   0   0 | Tyr TAT   0   0   0   0   0   0 | Cys TGT   0   0   0   0   0   0
    TTC   0   0   0   1   0   0 |     TCC   0   0   0   0   0   0 |     TAC   0   0   0   0   0   0 |     TGC   1   1   1   1   1   1
Leu TTA   0   0   0   0   0   0 |     TCA   1   1   1   1   1   1 | *** TAA   0   0   0   0   0   0 | *** TGA   0   0   0   0   0   0
    TTG   1   1   1   1   1   1 |     TCG   0   0   0   0   0   0 |     TAG   0   0   0   0   0   0 | Trp TGG   0   0   0   0   0   0
--------------------------------------------------------------------------------------------------------------------------------------
Leu CTT   0   0   0   0   0   0 | Pro CCT   0   0   0   0   0   0 | His CAT   0   0   0   0   0   0 | Arg CGT   0   0   0   0   0   0
    CTC   1   1   1   1   1   1 |     CCC   0   0   0   0   0   0 |     CAC   0   0   0   0   0   0 |     CGC   1   1   1   1   1   1
    CTA   0   0   0   0   0   0 |     CCA   0   0   0   0   0   0 | Gln CAA   0   0   0   0   0   1 |     CGA   0   0   0   0   0   0
    CTG   0   0   0   0   0   0 |     CCG   0   0   0   0   0   0 |     CAG   2   2   2   2   2   2 |     CGG   0   0   0   0   0   0
--------------------------------------------------------------------------------------------------------------------------------------
Ile ATT   0   0   0   0   0   0 | Thr ACT   0   0   0   0   0   0 | Asn AAT   0   0   0   0   0   0 | Ser AGT   0   0   0   0   0   0
    ATC   2   2   2   1   2   2 |     ACC   0   0   0   0   0   0 |     AAC   0   0   0   0   0   0 |     AGC   0   0   0   0   0   0
    ATA   0   0   0   1   0   0 |     ACA   1   1   1   1   1   1 | Lys AAA   1   1   1   1   0   1 | Arg AGA   2   2   2   2   2   2
Met ATG   1   1   1   1   1   1 |     ACG   0   0   0   0   0   0 |     AAG   1   1   1   1   2   1 |     AGG   0   0   0   0   0   0
--------------------------------------------------------------------------------------------------------------------------------------
Val GTT   1   1   1   1   1   1 | Ala GCT   1   1   1   1   1   1 | Asp GAT   1   1   1   1   1   1 | Gly GGT   0   1   0   0   0   0
    GTC   0   0   0   0   0   0 |     GCC   1   1   1   1   1   1 |     GAC   1   1   1   1   1   1 |     GGC   2   1   2   2   2   2
    GTA   0   0   0   0   0   0 |     GCA   1   1   1   1   1   1 | Glu GAA   1   1   1   1   1   0 |     GGA   0   0   0   0   0   0
    GTG   0   0   0   0   0   0 |     GCG   0   0   0   0   0   0 |     GAG   3   3   3   3   3   3 |     GGG   0   0   0   0   0   0
--------------------------------------------------------------------------------------------------------------------------------------

--------------------------------------------------------------------------------------------------------------------------------------
Phe TTT   3   3   3   3   3   3 | Ser TCT   0   0   0   0   0   0 | Tyr TAT   0   0   0   0   0   0 | Cys TGT   0   0   0   0   0   0
    TTC   0   0   0   0   0   0 |     TCC   0   0   0   0   0   0 |     TAC   0   0   0   0   0   0 |     TGC   1   1   1   1   1   1
Leu TTA   0   0   0   0   0   1 |     TCA   0   1   1   1   1   0 | *** TAA   0   0   0   0   0   0 | *** TGA   0   0   0   0   0   0
    TTG   1   1   1   1   1   1 |     TCG   1   0   0   0   0   0 |     TAG   0   0   0   0   0   0 | Trp TGG   0   0   0   0   0   0
--------------------------------------------------------------------------------------------------------------------------------------
Leu CTT   0   0   0   0   0   0 | Pro CCT   0   0   0   0   0   0 | His CAT   0   0   0   0   0   0 | Arg CGT   0   0   0   0   0   1
    CTC   1   1   1   1   1   1 |     CCC   0   0   0   0   0   0 |     CAC   0   0   0   0   0   0 |     CGC   1   1   1   1   1   0
    CTA   0   0   0   0   0   0 |     CCA   0   0   0   0   0   0 | Gln CAA   0   0   0   0   0   0 |     CGA   0   0   0   0   0   0
    CTG   0   0   0   0   0   0 |     CCG   0   0   0   0   0   0 |     CAG   2   2   2   2   2   2 |     CGG   0   0   0   0   0   0
--------------------------------------------------------------------------------------------------------------------------------------
Ile ATT   0   0   0   0   0   0 | Thr ACT   0   0   0   0   0   0 | Asn AAT   0   0   0   0   0   0 | Ser AGT   0   0   0   0   0   0
    ATC   2   2   2   2   2   2 |     ACC   0   0   1   0   0   0 |     AAC   0   0   0   0   0   0 |     AGC   0   0   0   0   0   0
    ATA   0   0   0   0   0   0 |     ACA   1   1   0   1   1   1 | Lys AAA   1   1   1   1   1   1 | Arg AGA   2   2   2   1   2   2
Met ATG   1   1   1   1   1   1 |     ACG   0   0   0   0   0   0 |     AAG   1   1   1   1   1   1 |     AGG   0   0   0   1   0   0
--------------------------------------------------------------------------------------------------------------------------------------
Val GTT   1   1   1   1   1   1 | Ala GCT   1   1   1   1   1   1 | Asp GAT   1   1   1   0   1   1 | Gly GGT   0   0   0   0   1   0
    GTC   0   0   0   0   0   0 |     GCC   1   1   1   1   1   1 |     GAC   1   1   1   2   1   1 |     GGC   2   2   2   2   1   2
    GTA   0   0   0   0   0   0 |     GCA   1   1   1   1   1   1 | Glu GAA   1   1   1   1   1   1 |     GGA   0   0   0   0   0   0
    GTG   0   0   0   0   0   0 |     GCG   0   0   0   0   0   0 |     GAG   3   3   3   3   3   3 |     GGG   0   0   0   0   0   0
--------------------------------------------------------------------------------------------------------------------------------------

--------------------------------------------------------------------------------------------------------------------------------------
Phe TTT   3   3   3   2   3   3 | Ser TCT   0   0   0   0   0   0 | Tyr TAT   0   0   0   0   0   0 | Cys TGT   0   0   0   0   0   0
    TTC   0   0   0   0   0   0 |     TCC   0   0   0   0   0   0 |     TAC   0   0   0   0   0   0 |     TGC   1   1   1   1   1   1
Leu TTA   0   0   0   0   0   0 |     TCA   1   1   0   1   1   1 | *** TAA   0   0   0   0   0   0 | *** TGA   0   0   0   0   0   0
    TTG   1   1   1   1   1   1 |     TCG   0   0   1   0   0   0 |     TAG   0   0   0   0   0   0 | Trp TGG   0   0   0   0   0   0
--------------------------------------------------------------------------------------------------------------------------------------
Leu CTT   0   0   0   1   0   0 | Pro CCT   0   0   0   0   0   0 | His CAT   0   0   0   0   0   0 | Arg CGT   0   0   0   0   0   0
    CTC   1   1   1   1   1   1 |     CCC   0   0   1   0   0   0 |     CAC   0   0   0   0   0   0 |     CGC   1   1   1   1   1   1
    CTA   0   0   0   0   0   0 |     CCA   0   0   0   0   0   0 | Gln CAA   0   0   0   0   0   0 |     CGA   0   0   0   0   0   0
    CTG   0   0   0   0   0   0 |     CCG   0   0   0   0   0   0 |     CAG   2   2   2   2   2   2 |     CGG   0   0   0   0   0   0
--------------------------------------------------------------------------------------------------------------------------------------
Ile ATT   0   0   0   0   0   0 | Thr ACT   0   0   0   0   0   0 | Asn AAT   0   0   0   0   0   0 | Ser AGT   0   0   0   0   0   0
    ATC   1   2   0   2   2   2 |     ACC   0   0   0   0   0   0 |     AAC   0   0   0   0   0   0 |     AGC   0   0   0   0   0   0
    ATA   0   0   0   0   0   0 |     ACA   1   1   1   1   1   1 | Lys AAA   1   1   1   1   1   1 | Arg AGA   2   2   2   2   2   2
Met ATG   1   1   1   1   1   1 |     ACG   0   0   0   0   0   0 |     AAG   1   1   1   1   1   1 |     AGG   0   0   0   0   0   0
--------------------------------------------------------------------------------------------------------------------------------------
Val GTT   1   1   1   1   1   1 | Ala GCT   1   1   1   1   1   1 | Asp GAT   1   1   1   1   1   1 | Gly GGT   0   0   0   0   0   0
    GTC   1   0   2   0   0   0 |     GCC   1   1   0   1   1   1 |     GAC   1   1   1   2   1   1 |     GGC   2   2   2   2   2   2
    GTA   0   0   0   0   0   0 |     GCA   1   1   1   1   1   1 | Glu GAA   1   1   1   1   1   1 |     GGA   0   0   0   0   0   0
    GTG   0   0   0   0   0   0 |     GCG   0   0   0   0   0   0 |     GAG   3   3   3   2   3   3 |     GGG   0   0   0   0   0   0
--------------------------------------------------------------------------------------------------------------------------------------

Codon position x base (3x4) table for each sequence.

#1: Argali         
position  1:    T:0.20000    C:0.13333    A:0.26667    G:0.40000
position  2:    T:0.30000    C:0.16667    A:0.33333    G:0.20000
position  3:    T:0.20000    C:0.30000    A:0.23333    G:0.26667
Average         T:0.23333    C:0.20000    A:0.27778    G:0.28889

#2: LesserMouseDeer
position  1:    T:0.20000    C:0.13333    A:0.26667    G:0.40000
position  2:    T:0.30000    C:0.23333    A:0.33333    G:0.13333
position  3:    T:0.23333    C:0.20000    A:0.40000    G:0.16667
Average         T:0.24444    C:0.18889    A:0.33333    G:0.23333

#3: LesserKudu     
position  1:    T:0.20000    C:0.13333    A:0.26667    G:0.40000
position  2:    T:0.30000    C:0.16667    A:0.33333    G:0.20000
position  3:    T:0.20000    C:0.30000    A:0.23333    G:0.26667
Average         T:0.23333    C:0.20000    A:0.27778    G:0.28889

#4: ForestMuskDeer2
position  1:    T:0.16667    C:0.16667    A:0.26667    G:0.40000
position  2:    T:0.30000    C:0.16667    A:0.33333    G:0.20000
position  3:    T:0.20000    C:0.33333    A:0.23333    G:0.23333
Average         T:0.22222    C:0.22222    A:0.27778    G:0.27778

#5: Camel          
position  1:    T:0.20000    C:0.13333    A:0.23333    G:0.43333
position  2:    T:0.30000    C:0.16667    A:0.40000    G:0.13333
position  3:    T:0.26667    C:0.16667    A:0.40000    G:0.16667
Average         T:0.25556    C:0.15556    A:0.34444    G:0.24444

#6: KillerWhale    
position  1:    T:0.20000    C:0.13333    A:0.26667    G:0.40000
position  2:    T:0.30000    C:0.16667    A:0.36667    G:0.16667
position  3:    T:0.26667    C:0.16667    A:0.40000    G:0.16667
Average         T:0.25556    C:0.15556    A:0.34444    G:0.24444

#7: DefassaWaterbuck
position  1:    T:0.20000    C:0.13333    A:0.26667    G:0.40000
position  2:    T:0.30000    C:0.16667    A:0.33333    G:0.20000
position  3:    T:0.16667    C:0.30000    A:0.26667    G:0.26667
Average         T:0.22222    C:0.20000    A:0.28889    G:0.28889

#8: Sheep          
position  1:    T:0.20000    C:0.13333    A:0.26667    G:0.40000
position  2:    T:0.30000    C:0.16667    A:0.33333    G:0.20000
position  3:    T:0.20000    C:0.30000    A:0.23333    G:0.26667
Average         T:0.23333    C:0.20000    A:0.27778    G:0.28889

#9: MaxwellsDuiker 
position  1:    T:0.20000    C:0.13333    A:0.26667    G:0.40000
position  2:    T:0.30000    C:0.16667    A:0.33333    G:0.20000
position  3:    T:0.20000    C:0.30000    A:0.23333    G:0.26667
Average         T:0.23333    C:0.20000    A:0.27778    G:0.28889

#10: GazellaPrzewalskyi
position  1:    T:0.20000    C:0.13333    A:0.26667    G:0.40000
position  2:    T:0.30000    C:0.16667    A:0.33333    G:0.20000
position  3:    T:0.20000    C:0.30000    A:0.23333    G:0.26667
Average         T:0.23333    C:0.20000    A:0.27778    G:0.28889

#11: MountainNyala  
position  1:    T:0.20000    C:0.13333    A:0.26667    G:0.40000
position  2:    T:0.30000    C:0.16667    A:0.33333    G:0.20000
position  3:    T:0.20000    C:0.30000    A:0.20000    G:0.30000
Average         T:0.23333    C:0.20000    A:0.26667    G:0.30000

#12: MuntiacusMuntjak
position  1:    T:0.20000    C:0.13333    A:0.26667    G:0.40000
position  2:    T:0.30000    C:0.16667    A:0.33333    G:0.20000
position  3:    T:0.20000    C:0.33333    A:0.20000    G:0.26667
Average         T:0.23333    C:0.21111    A:0.26667    G:0.28889

#13: goat           
position  1:    T:0.20000    C:0.13333    A:0.26667    G:0.40000
position  2:    T:0.30000    C:0.16667    A:0.33333    G:0.20000
position  3:    T:0.20000    C:0.30000    A:0.23333    G:0.26667
Average         T:0.23333    C:0.20000    A:0.27778    G:0.28889

#14: AfricanBuffalo 
position  1:    T:0.20000    C:0.13333    A:0.26667    G:0.40000
position  2:    T:0.30000    C:0.16667    A:0.33333    G:0.20000
position  3:    T:0.20000    C:0.30000    A:0.23333    G:0.26667
Average         T:0.23333    C:0.20000    A:0.27778    G:0.28889

#15: Topi           
position  1:    T:0.20000    C:0.13333    A:0.26667    G:0.40000
position  2:    T:0.30000    C:0.16667    A:0.33333    G:0.20000
position  3:    T:0.20000    C:0.30000    A:0.23333    G:0.26667
Average         T:0.23333    C:0.20000    A:0.27778    G:0.28889

#16: CommonDuiker   
position  1:    T:0.20000    C:0.13333    A:0.26667    G:0.40000
position  2:    T:0.30000    C:0.16667    A:0.33333    G:0.20000
position  3:    T:0.20000    C:0.30000    A:0.23333    G:0.26667
Average         T:0.23333    C:0.20000    A:0.27778    G:0.28889

#17: Suni           
position  1:    T:0.20000    C:0.13333    A:0.30000    G:0.36667
position  2:    T:0.30000    C:0.16667    A:0.33333    G:0.20000
position  3:    T:0.16667    C:0.33333    A:0.23333    G:0.26667
Average         T:0.22222    C:0.21111    A:0.28889    G:0.27778

#18: Springbuck     
position  1:    T:0.20000    C:0.13333    A:0.26667    G:0.40000
position  2:    T:0.30000    C:0.13333    A:0.33333    G:0.23333
position  3:    T:0.20000    C:0.30000    A:0.23333    G:0.26667
Average         T:0.23333    C:0.18889    A:0.27778    G:0.30000

#19: Okapi          
position  1:    T:0.20000    C:0.13333    A:0.26667    G:0.40000
position  2:    T:0.30000    C:0.16667    A:0.33333    G:0.20000
position  3:    T:0.16667    C:0.30000    A:0.26667    G:0.26667
Average         T:0.22222    C:0.20000    A:0.28889    G:0.28889

#20: Giraffe        
position  1:    T:0.20000    C:0.13333    A:0.26667    G:0.40000
position  2:    T:0.30000    C:0.16667    A:0.36667    G:0.16667
position  3:    T:0.16667    C:0.30000    A:0.26667    G:0.26667
Average         T:0.22222    C:0.20000    A:0.30000    G:0.27778

#21: TibetanAntelope
position  1:    T:0.20000    C:0.13333    A:0.26667    G:0.40000
position  2:    T:0.30000    C:0.16667    A:0.33333    G:0.20000
position  3:    T:0.20000    C:0.30000    A:0.23333    G:0.26667
Average         T:0.23333    C:0.20000    A:0.27778    G:0.28889

#22: Sitatunga      
position  1:    T:0.20000    C:0.13333    A:0.26667    G:0.40000
position  2:    T:0.30000    C:0.16667    A:0.33333    G:0.20000
position  3:    T:0.20000    C:0.30000    A:0.23333    G:0.26667
Average         T:0.23333    C:0.20000    A:0.27778    G:0.28889

#23: Oribi          
position  1:    T:0.20000    C:0.13333    A:0.26667    G:0.40000
position  2:    T:0.30000    C:0.20000    A:0.33333    G:0.16667
position  3:    T:0.20000    C:0.30000    A:0.23333    G:0.26667
Average         T:0.23333    C:0.21111    A:0.27778    G:0.27778

#24: BarbarySheep   
position  1:    T:0.20000    C:0.13333    A:0.26667    G:0.40000
position  2:    T:0.30000    C:0.16667    A:0.30000    G:0.23333
position  3:    T:0.20000    C:0.30000    A:0.23333    G:0.26667
Average         T:0.23333    C:0.20000    A:0.26667    G:0.30000

#25: Daviddeer      
position  1:    T:0.20000    C:0.13333    A:0.26667    G:0.40000
position  2:    T:0.30000    C:0.16667    A:0.33333    G:0.20000
position  3:    T:0.20000    C:0.30000    A:0.23333    G:0.26667
Average         T:0.23333    C:0.20000    A:0.27778    G:0.28889

#26: Reindeer       
position  1:    T:0.20000    C:0.13333    A:0.26667    G:0.40000
position  2:    T:0.30000    C:0.16667    A:0.33333    G:0.20000
position  3:    T:0.16667    C:0.33333    A:0.20000    G:0.30000
Average         T:0.22222    C:0.21111    A:0.26667    G:0.30000

#27: Ibex           
position  1:    T:0.20000    C:0.13333    A:0.26667    G:0.40000
position  2:    T:0.30000    C:0.16667    A:0.33333    G:0.20000
position  3:    T:0.20000    C:0.30000    A:0.23333    G:0.26667
Average         T:0.23333    C:0.20000    A:0.27778    G:0.28889

#28: GyrantGazelle  
position  1:    T:0.20000    C:0.13333    A:0.26667    G:0.40000
position  2:    T:0.30000    C:0.16667    A:0.33333    G:0.20000
position  3:    T:0.20000    C:0.30000    A:0.23333    G:0.26667
Average         T:0.23333    C:0.20000    A:0.27778    G:0.28889

#29: Hartebeest     
position  1:    T:0.20000    C:0.13333    A:0.26667    G:0.40000
position  2:    T:0.30000    C:0.16667    A:0.33333    G:0.20000
position  3:    T:0.20000    C:0.30000    A:0.23333    G:0.26667
Average         T:0.23333    C:0.20000    A:0.27778    G:0.28889

#30: Bongo          
position  1:    T:0.20000    C:0.13333    A:0.26667    G:0.40000
position  2:    T:0.30000    C:0.16667    A:0.33333    G:0.20000
position  3:    T:0.20000    C:0.30000    A:0.23333    G:0.26667
Average         T:0.23333    C:0.20000    A:0.27778    G:0.28889

#31: Gerenuk        
position  1:    T:0.20000    C:0.13333    A:0.23333    G:0.43333
position  2:    T:0.30000    C:0.16667    A:0.33333    G:0.20000
position  3:    T:0.20000    C:0.30000    A:0.23333    G:0.26667
Average         T:0.23333    C:0.20000    A:0.26667    G:0.30000

#32: CommonEland    
position  1:    T:0.20000    C:0.13333    A:0.26667    G:0.40000
position  2:    T:0.30000    C:0.16667    A:0.33333    G:0.20000
position  3:    T:0.20000    C:0.30000    A:0.23333    G:0.26667
Average         T:0.23333    C:0.20000    A:0.27778    G:0.28889

#33: MuntiacusReevesi
position  1:    T:0.20000    C:0.13333    A:0.26667    G:0.40000
position  2:    T:0.30000    C:0.16667    A:0.33333    G:0.20000
position  3:    T:0.20000    C:0.33333    A:0.20000    G:0.26667
Average         T:0.23333    C:0.21111    A:0.26667    G:0.28889

#34: HarveysDuiker  
position  1:    T:0.20000    C:0.13333    A:0.26667    G:0.40000
position  2:    T:0.30000    C:0.16667    A:0.33333    G:0.20000
position  3:    T:0.20000    C:0.30000    A:0.23333    G:0.26667
Average         T:0.23333    C:0.20000    A:0.27778    G:0.28889

#35: Pronghorn      
position  1:    T:0.20000    C:0.13333    A:0.26667    G:0.40000
position  2:    T:0.30000    C:0.16667    A:0.33333    G:0.20000
position  3:    T:0.13333    C:0.33333    A:0.30000    G:0.23333
Average         T:0.21111    C:0.21111    A:0.30000    G:0.27778

#36: BlueWildebeest 
position  1:    T:0.20000    C:0.13333    A:0.26667    G:0.40000
position  2:    T:0.30000    C:0.16667    A:0.33333    G:0.20000
position  3:    T:0.20000    C:0.30000    A:0.23333    G:0.26667
Average         T:0.23333    C:0.20000    A:0.27778    G:0.28889

#37: Gemsbok        
position  1:    T:0.20000    C:0.13333    A:0.26667    G:0.40000
position  2:    T:0.30000    C:0.16667    A:0.33333    G:0.20000
position  3:    T:0.20000    C:0.30000    A:0.23333    G:0.26667
Average         T:0.23333    C:0.20000    A:0.27778    G:0.28889

#38: Yak            
position  1:    T:0.20000    C:0.13333    A:0.26667    G:0.40000
position  2:    T:0.30000    C:0.16667    A:0.33333    G:0.20000
position  3:    T:0.23333    C:0.26667    A:0.23333    G:0.26667
Average         T:0.24444    C:0.18889    A:0.27778    G:0.28889

#39: BlueSheep      
position  1:    T:0.20000    C:0.13333    A:0.26667    G:0.40000
position  2:    T:0.30000    C:0.16667    A:0.33333    G:0.20000
position  3:    T:0.20000    C:0.30000    A:0.23333    G:0.26667
Average         T:0.23333    C:0.20000    A:0.27778    G:0.28889

#40: BohorReedbuck  
position  1:    T:0.20000    C:0.13333    A:0.26667    G:0.40000
position  2:    T:0.30000    C:0.16667    A:0.33333    G:0.20000
position  3:    T:0.16667    C:0.30000    A:0.26667    G:0.26667
Average         T:0.22222    C:0.20000    A:0.28889    G:0.28889

#41: KirksDik       
position  1:    T:0.20000    C:0.13333    A:0.26667    G:0.40000
position  2:    T:0.30000    C:0.16667    A:0.33333    G:0.20000
position  3:    T:0.20000    C:0.30000    A:0.20000    G:0.30000
Average         T:0.23333    C:0.20000    A:0.26667    G:0.30000

#42: RoeDeer        
position  1:    T:0.20000    C:0.16667    A:0.26667    G:0.36667
position  2:    T:0.30000    C:0.16667    A:0.33333    G:0.20000
position  3:    T:0.20000    C:0.30000    A:0.23333    G:0.26667
Average         T:0.23333    C:0.21111    A:0.27778    G:0.27778

#43: WhiteLippedDeer
position  1:    T:0.20000    C:0.13333    A:0.26667    G:0.40000
position  2:    T:0.30000    C:0.16667    A:0.33333    G:0.20000
position  3:    T:0.20000    C:0.30000    A:0.20000    G:0.30000
Average         T:0.23333    C:0.20000    A:0.26667    G:0.30000

#44: ThomsonGazelle 
position  1:    T:0.20000    C:0.13333    A:0.26667    G:0.40000
position  2:    T:0.30000    C:0.16667    A:0.33333    G:0.20000
position  3:    T:0.20000    C:0.30000    A:0.23333    G:0.26667
Average         T:0.23333    C:0.20000    A:0.27778    G:0.28889

#45: MuntiacusCrinifrons
position  1:    T:0.20000    C:0.13333    A:0.26667    G:0.40000
position  2:    T:0.30000    C:0.16667    A:0.33333    G:0.20000
position  3:    T:0.20000    C:0.33333    A:0.20000    G:0.26667
Average         T:0.23333    C:0.21111    A:0.26667    G:0.28889

#46: WhiteTailedDeer
position  1:    T:0.20000    C:0.13333    A:0.26667    G:0.40000
position  2:    T:0.30000    C:0.16667    A:0.33333    G:0.20000
position  3:    T:0.16667    C:0.33333    A:0.20000    G:0.30000
Average         T:0.22222    C:0.21111    A:0.26667    G:0.30000

#47: Cattle         
position  1:    T:0.20000    C:0.13333    A:0.26667    G:0.40000
position  2:    T:0.30000    C:0.16667    A:0.33333    G:0.20000
position  3:    T:0.23333    C:0.26667    A:0.23333    G:0.26667
Average         T:0.24444    C:0.18889    A:0.27778    G:0.28889

#48: RoyalAntelope  
position  1:    T:0.20000    C:0.13333    A:0.26667    G:0.40000
position  2:    T:0.33333    C:0.13333    A:0.33333    G:0.20000
position  3:    T:0.23333    C:0.26667    A:0.23333    G:0.26667
Average         T:0.25556    C:0.17778    A:0.27778    G:0.28889

#49: Steenbok       
position  1:    T:0.20000    C:0.13333    A:0.23333    G:0.43333
position  2:    T:0.30000    C:0.16667    A:0.33333    G:0.20000
position  3:    T:0.20000    C:0.30000    A:0.23333    G:0.26667
Average         T:0.23333    C:0.20000    A:0.26667    G:0.30000

#50: Impala         
position  1:    T:0.20000    C:0.13333    A:0.26667    G:0.40000
position  2:    T:0.30000    C:0.16667    A:0.33333    G:0.20000
position  3:    T:0.20000    C:0.30000    A:0.23333    G:0.26667
Average         T:0.23333    C:0.20000    A:0.27778    G:0.28889

#51: Klipspringer   
position  1:    T:0.20000    C:0.16667    A:0.20000    G:0.43333
position  2:    T:0.30000    C:0.16667    A:0.33333    G:0.20000
