CODONML (in paml version 4.10.7, June 2023)  /home/rachel/ruminants_paml/6406-phy-tree/ENSBTAT00000028030.fasta.phy
Model: free dN/dS Ratios for branches,  kappa = 2.000 fixed

Codon frequency model: F3x4
ns =  54  ls = 150

Codon usage in sequences
--------------------------------------------------------------------------------------------------------------------------------------
Phe TTT   2   2   2   2   2   2 | Ser TCT   2   2   2   2   2   3 | Tyr TAT   2   2   2   2   2   2 | Cys TGT   1   1   1   1   1   1
    TTC   1   1   1   1   1   1 |     TCC   2   3   2   2   1   1 |     TAC   0   0   0   0   0   0 |     TGC   2   2   2   2   2   2
Leu TTA   4   4   4   4   4   4 |     TCA   6   5   6   6   7   5 | *** TAA   0   0   0   0   0   0 | *** TGA   0   0   0   0   0   0
    TTG   3   2   3   3   3   3 |     TCG   1   1   1   1   1   2 |     TAG   0   0   0   0   0   0 | Trp TGG   0   0   0   0   0   0
--------------------------------------------------------------------------------------------------------------------------------------
Leu CTT   2   2   2   3   3   3 | Pro CCT   3   3   3   3   2   2 | His CAT   1   1   1   1   1   1 | Arg CGT   0   0   0   0   0   0
    CTC   8   8   8   7   6   7 |     CCC   2   2   2   2   2   3 |     CAC   0   0   0   0   0   0 |     CGC   0   0   0   0   0   0
    CTA   5   4   4   4   3   4 |     CCA   2   2   2   2   2   2 | Gln CAA   6   5   5   6   5   6 |     CGA   0   0   0   0   0   0
    CTG   9  11  10  10  12  10 |     CCG   1   1   1   1   2   1 |     CAG   5   6   6   5   6   5 |     CGG   1   1   1   1   1   1
--------------------------------------------------------------------------------------------------------------------------------------
Ile ATT   2   2   2   2   2   2 | Thr ACT   1   1   1   2   1   1 | Asn AAT   1   1   1   1   1   1 | Ser AGT   2   2   2   2   3   2
    ATC   2   2   2   2   2   2 |     ACC   5   5   5   4   5   5 |     AAC   5   5   5   5   5   5 |     AGC   5   5   5   5   4   5
    ATA   0   0   0   0   0   0 |     ACA   2   2   2   2   1   2 | Lys AAA   5   4   6   5   5   5 | Arg AGA   0   0   0   0   0   0
Met ATG   1   1   1   1   1   1 |     ACG   0   0   0   0   1   0 |     AAG   4   5   3   4   4   4 |     AGG   0   0   0   0   0   0
--------------------------------------------------------------------------------------------------------------------------------------
Val GTT   0   0   0   0   0   0 | Ala GCT   2   2   2   2   2   2 | Asp GAT   9  10   9  10   8   9 | Gly GGT   1   1   1   1   1   1
    GTC   1   1   1   1   1   1 |     GCC   2   2   2   2   2   2 |     GAC   4   3   4   3   5   4 |     GGC   3   3   3   3   3   3
    GTA   0   0   0   0   0   0 |     GCA   0   0   0   0   0   0 | Glu GAA   8   6   8   8   8   7 |     GGA   2   2   2   2   2   2
    GTG   2   2   2   2   2   2 |     GCG   0   0   0   0   0   0 |     GAG   7   9   7   7   7   8 |     GGG   3   3   3   3   3   3
--------------------------------------------------------------------------------------------------------------------------------------

--------------------------------------------------------------------------------------------------------------------------------------
Phe TTT   2   2   2   2   2   2 | Ser TCT   2   2   2   2   2   2 | Tyr TAT   2   2   2   2   2   2 | Cys TGT   1   1   1   1   1   1
    TTC   1   1   1   1   1   1 |     TCC   2   2   2   2   2   3 |     TAC   0   0   0   0   0   0 |     TGC   2   2   2   2   2   2
Leu TTA   5   4   4   4   4   4 |     TCA   6   6   7   5   6   6 | *** TAA   0   0   0   0   0   0 | *** TGA   0   0   0   0   0   0
    TTG   2   3   3   3   3   3 |     TCG   1   1   0   1   1   0 |     TAG   0   0   0   0   0   0 | Trp TGG   0   0   0   0   0   0
--------------------------------------------------------------------------------------------------------------------------------------
Leu CTT   2   2   2   2   2   3 | Pro CCT   3   3   3   3   3   3 | His CAT   1   1   1   1   1   1 | Arg CGT   0   0   0   0   0   0
    CTC   9   8   8   8   8   7 |     CCC   2   2   2   2   2   2 |     CAC   0   0   0   0   0   0 |     CGC   0   0   0   0   0   0
    CTA   3   4   4   2   4   4 |     CCA   3   2   2   3   2   2 | Gln CAA   6   6   6   5   6   6 |     CGA   0   0   0   0   0   0
    CTG  10  10  10  12  10  10 |     CCG   0   1   1   0   1   1 |     CAG   4   5   5   6   5   5 |     CGG   2   1   1   1   1   1
--------------------------------------------------------------------------------------------------------------------------------------
Ile ATT   2   2   2   2   2   2 | Thr ACT   1   1   1   1   1   1 | Asn AAT   1   1   1   1   1   1 | Ser AGT   2   2   2   2   2   2
    ATC   2   2   2   2   2   2 |     ACC   4   5   5   5   5   5 |     AAC   5   5   5   5   5   5 |     AGC   5   5   5   5   5   5
    ATA   0   0   0   0   0   0 |     ACA   2   2   2   2   2   2 | Lys AAA   3   5   5   5   5   5 | Arg AGA   1   0   0   0   0   0
Met ATG   1   1   1   1   1   1 |     ACG   0   0   0   0   0   0 |     AAG   5   4   4   4   4   4 |     AGG   0   0   0   0   0   0
--------------------------------------------------------------------------------------------------------------------------------------
Val GTT   0   0   0   0   0   0 | Ala GCT   2   2   2   2   2   2 | Asp GAT   9  10   9   8   9   9 | Gly GGT   1   1   1   1   1   1
    GTC   1   1   1   1   1   1 |     GCC   3   2   2   2   2   2 |     GAC   4   3   4   5   4   4 |     GGC   3   3   3   3   3   3
    GTA   0   0   0   0   0   0 |     GCA   0   0   0   0   0   0 | Glu GAA   8   8   8   8   8   8 |     GGA   2   2   2   2   2   2
    GTG   2   2   2   2   2   2 |     GCG   0   0   0   1   0   0 |     GAG   7   7   7   7   7   7 |     GGG   3   3   3   3   3   3
--------------------------------------------------------------------------------------------------------------------------------------

--------------------------------------------------------------------------------------------------------------------------------------
Phe TTT   2   2   2   2   2   2 | Ser TCT   2   2   2   3   2   2 | Tyr TAT   2   2   2   2   2   2 | Cys TGT   1   1   1   1   1   1
    TTC   1   1   1   1   1   1 |     TCC   2   2   2   1   2   2 |     TAC   0   0   0   0   0   0 |     TGC   2   2   2   2   2   2
Leu TTA   4   4   4   4   4   4 |     TCA   6   6   6   7   6   6 | *** TAA   0   0   0   0   0   0 | *** TGA   0   0   0   0   0   0
    TTG   3   3   3   3   3   3 |     TCG   1   1   1   0   1   0 |     TAG   0   0   0   0   0   0 | Trp TGG   0   0   0   0   0   0
--------------------------------------------------------------------------------------------------------------------------------------
Leu CTT   2   2   3   2   2   2 | Pro CCT   3   3   3   3   3   3 | His CAT   1   1   1   1   1   1 | Arg CGT   0   0   0   0   0   0
    CTC   8   9   7   8   8   8 |     CCC   2   2   2   2   2   2 |     CAC   0   0   0   0   0   0 |     CGC   0   0   0   0   0   0
    CTA   4   3   4   4   4   3 |     CCA   2   2   2   3   2   2 | Gln CAA   6   5   6   6   6   6 |     CGA   0   0   0   0   0   0
    CTG  10  10  10  10  10  11 |     CCG   1   1   1   0   1   1 |     CAG   5   6   5   5   5   5 |     CGG   1   1   1   1   1   1
--------------------------------------------------------------------------------------------------------------------------------------
Ile ATT   2   2   2   2   2   2 | Thr ACT   1   1   1   1   1   1 | Asn AAT   1   1   1   1   3   1 | Ser AGT   3   2   2   2   1   2
    ATC   2   2   2   2   2   2 |     ACC   5   5   5   5   5   5 |     AAC   5   5   5   5   4   5 |     AGC   4   5   5   5   5   5
    ATA   0   0   0   0   0   0 |     ACA   2   2   2   2   2   2 | Lys AAA   5   5   5   5   5   5 | Arg AGA   0   0   0   0   0   0
Met ATG   1   1   1   1   1   1 |     ACG   0   0   0   0   0   0 |     AAG   4   4   4   4   4   4 |     AGG   0   0   0   0   0   0
--------------------------------------------------------------------------------------------------------------------------------------
Val GTT   0   0   0   0   0   0 | Ala GCT   2   2   2   2   2   2 | Asp GAT   9   9   9   9  10   9 | Gly GGT   1   1   1   1   1   1
    GTC   1   1   2   1   1   1 |     GCC   2   2   2   2   2   2 |     GAC   4   4   4   4   3   4 |     GGC   3   3   3   3   3   3
    GTA   0   0   0   0   0   0 |     GCA   0   0   0   0   0   0 | Glu GAA   8   8   8   8   8   8 |     GGA   2   2   2   2   2   2
    GTG   2   2   1   2   2   2 |     GCG   0   0   0   0   0   1 |     GAG   7   7   7   7   7   7 |     GGG   3   3   3   3   3   3
--------------------------------------------------------------------------------------------------------------------------------------

--------------------------------------------------------------------------------------------------------------------------------------
Phe TTT   2   2   2   2   2   2 | Ser TCT   2   2   2   2   2   2 | Tyr TAT   2   2   2   2   2   2 | Cys TGT   1   1   1   1   1   1
    TTC   1   1   1   1   1   1 |     TCC   2   2   2   2   2   2 |     TAC   0   0   0   0   0   0 |     TGC   2   2   2   2   2   2
Leu TTA   4   4   3   4   4   4 |     TCA   6   6   6   6   6   6 | *** TAA   0   0   0   0   0   0 | *** TGA   0   0   0   0   0   0
    TTG   3   3   4   3   3   3 |     TCG   1   1   1   1   0   1 |     TAG   0   0   0   0   0   0 | Trp TGG   0   0   0   0   0   0
--------------------------------------------------------------------------------------------------------------------------------------
Leu CTT   2   2   2   2   2   2 | Pro CCT   3   3   3   3   3   3 | His CAT   1   1   1   1   1   1 | Arg CGT   0   0   0   0   0   0
    CTC   8   8   8   8   8   8 |     CCC   2   2   2   2   2   2 |     CAC   0   0   0   0   0   0 |     CGC   0   0   0   0   0   0
    CTA   4   4   4   4   3   4 |     CCA   2   2   2   2   2   2 | Gln CAA   6   6   6   6   6   6 |     CGA   0   0   0   0   0   0
    CTG  10  10  10  10  11  10 |     CCG   1   1   1   1   1   1 |     CAG   5   5   5   5   5   5 |     CGG   0   0   1   1   1   1
--------------------------------------------------------------------------------------------------------------------------------------
Ile ATT   2   2   2   2   2   2 | Thr ACT   1   1   1   1   1   1 | Asn AAT   1   1   1   1   1   1 | Ser AGT   2   2   2   2   2   2
    ATC   2   2   2   2   2   2 |     ACC   5   5   5   5   5   5 |     AAC   5   5   4   5   5   5 |     AGC   5   5   5   5   5   5
    ATA   0   0   0   0   0   0 |     ACA   2   2   2   2   2   2 | Lys AAA   5   5   5   5   5   5 | Arg AGA   0   0   0   0   0   0
Met ATG   1   1   1   1   1   1 |     ACG   0   0   0   0   0   0 |     AAG   4   4   5   4   4   4 |     AGG   1   1   0   0   0   0
--------------------------------------------------------------------------------------------------------------------------------------
Val GTT   0   0   0   0   0   0 | Ala GCT   2   2   2   2   2   2 | Asp GAT   9   9   9   9   9   9 | Gly GGT   1   1   1   1   1   1
    GTC   1   1   1   1   1   1 |     GCC   2   2   2   2   2   2 |     GAC   4   4   4   4   4   4 |     GGC   3   3   3   3   3   3
    GTA   0   0   0   0   0   0 |     GCA   0   0   0   0   0   0 | Glu GAA   8   7   7   8   8   8 |     GGA   2   2   2   2   2   2
    GTG   2   2   2   2   2   2 |     GCG   0   0   0   0   1   0 |     GAG   7   8   8   7   7   7 |     GGG   3   3   3   3   3   3
--------------------------------------------------------------------------------------------------------------------------------------

--------------------------------------------------------------------------------------------------------------------------------------
Phe TTT   2   2   2   2   2   2 | Ser TCT   2   2   2   2   3   2 | Tyr TAT   2   2   2   2   2   2 | Cys TGT   1   1   1   1   1   1
    TTC   1   1   1   1   1   1 |     TCC   3   3   2   2   2   2 |     TAC   0   0   0   0   0   0 |     TGC   2   2   2   2   2   2
Leu TTA   4   4   4   4   4   4 |     TCA   6   6   6   6   6   6 | *** TAA   0   0   0   0   0   0 | *** TGA   0   0   0   0   0   0
    TTG   3   3   3   3   3   3 |     TCG   0   0   1   0   0   1 |     TAG   0   0   0   0   0   0 | Trp TGG   0   0   0   0   0   0
--------------------------------------------------------------------------------------------------------------------------------------
Leu CTT   2   2   2   2   3   2 | Pro CCT   3   3   3   3   3   3 | His CAT   1   1   1   1   1   1 | Arg CGT   0   0   0   0   0   0
    CTC   8   9   8   8   7   8 |     CCC   2   2   2   2   2   2 |     CAC   0   0   0   0   0   0 |     CGC   0   0   0   0   0   0
    CTA   4   3   4   3   4   4 |     CCA   2   2   2   3   2   2 | Gln CAA   6   5   6   6   6   6 |     CGA   0   0   0   0   0   0
    CTG  10  10  10  11  10  10 |     CCG   1   1   1   0   1   1 |     CAG   5   6   5   5   5   5 |     CGG   1   1   1   1   1   1
--------------------------------------------------------------------------------------------------------------------------------------
Ile ATT   2   2   2   2   2   2 | Thr ACT   1   1   1   1   1   1 | Asn AAT   1   2   1   2   1   1 | Ser AGT   2   2   3   2   2   2
    ATC   2   2   2   2   2   2 |     ACC   5   5   4   5   5   5 |     AAC   5   5   5   5   5   5 |     AGC   5   4   4   5   5   5
    ATA   0   0   0   0   0   0 |     ACA   2   2   2   2   2   2 | Lys AAA   5   5   5   5   5   5 | Arg AGA   0   0   0   0   0   0
Met ATG   1   1   1   1   1   1 |     ACG   0   0   1   0   0   0 |     AAG   4   4   4   4   4   4 |     AGG   0   0   0   0   0   0
--------------------------------------------------------------------------------------------------------------------------------------
Val GTT   0   0   0   0   0   0 | Ala GCT   2   2   2   2   2   2 | Asp GAT   9   9   9   8   9   9 | Gly GGT   1   1   1   1   1   1
    GTC   1   1   1   1   2   1 |     GCC   2   2   2   2   2   2 |     GAC   4   4   4   4   4   4 |     GGC   3   3   3   3   3   3
    GTA   0   0   0   0   0   0 |     GCA   0   0   0   0   0   0 | Glu GAA   8   8   8   9   8   8 |     GGA   2   2   2   3   2   2
    GTG   2   2   2   2   1   2 |     GCG   0   0   0   1   0   0 |     GAG   7   7   7   6   7   7 |     GGG   3   3   3   2   3   3
--------------------------------------------------------------------------------------------------------------------------------------

--------------------------------------------------------------------------------------------------------------------------------------
Phe TTT   2   2   2   2   2   2 | Ser TCT   2   2   2   2   2   2 | Tyr TAT   2   2   2   2   2   2 | Cys TGT   1   1   1   1   1   1
    TTC   1   1   1   1   1   1 |     TCC   2   2   3   2   2   2 |     TAC   0   0   0   0   0   0 |     TGC   2   2   2   2   2   2
Leu TTA   4   4   4   4   5   4 |     TCA   6   6   6   6   6   6 | *** TAA   0   0   0   0   0   0 | *** TGA   0   0   0   0   0   0
    TTG   3   3   3   3   4   3 |     TCG   0   1   0   1   1   1 |     TAG   0   0   0   0   0   0 | Trp TGG   0   0   0   0   0   0
--------------------------------------------------------------------------------------------------------------------------------------
Leu CTT   2   2   3   2   2   3 | Pro CCT   3   3   3   3   3   3 | His CAT   1   1   1   1   1   1 | Arg CGT   0   0   0   0   0   0
    CTC   8   8   7   8   8   7 |     CCC   2   2   2   2   2   2 |     CAC   0   0   0   0   0   0 |     CGC   0   0   0   0   0   0
    CTA   3   4   4   5   3   4 |     CCA   2   2   2   2   2   2 | Gln CAA   6   6   6   6   6   6 |     CGA   0   0   0   0   1   0
    CTG  11  10  10   9   9  10 |     CCG   1   1   1   1   1   1 |     CAG   5   5   5   5   5   5 |     CGG   1   1   1   1   0   1
--------------------------------------------------------------------------------------------------------------------------------------
Ile ATT   2   2   2   2   2   2 | Thr ACT   1   1   1   1   1   1 | Asn AAT   1   1   1   1   1   1 | Ser AGT   2   2   2   2   2   2
    ATC   2   2   2   2   2   2 |     ACC   5   5   5   5   5   5 |     AAC   5   5   5   5   5   5 |     AGC   5   5   5   5   5   5
    ATA   0   0   0   0   0   0 |     ACA   2   2   2   2   2   2 | Lys AAA   5   5   5   5   5   5 | Arg AGA   0   0   0   0   0   0
Met ATG   1   1   1   1   1   1 |     ACG   0   0   0   0   0   0 |     AAG   4   4   4   4   4   4 |     AGG   0   0   0   0   0   0
--------------------------------------------------------------------------------------------------------------------------------------
Val GTT   0   0   0   0   0   0 | Ala GCT   2   2   2   2   2   2 | Asp GAT   9   9   9   9  10   9 | Gly GGT   1   1   1   1   1   1
    GTC   1   1   1   1   1   2 |     GCC   2   2   2   2   2   2 |     GAC   4   4   4   4   3   4 |     GGC   3   3   3   3   3   3
    GTA   0   0   0   0   0   0 |     GCA   0   0   0   0   0   0 | Glu GAA   8   8   8   8   8   8 |     GGA   2   2   2   2   2   2
    GTG   2   2   2   2   2   1 |     GCG   1   0   0   0   0   0 |     GAG   7   7   7   7   7   7 |     GGG   3   3   3   3   3   3
--------------------------------------------------------------------------------------------------------------------------------------

--------------------------------------------------------------------------------------------------------------------------------------
Phe TTT   2   2   2   2   2   2 | Ser TCT   2   2   2   2   2   2 | Tyr TAT   2   2   2   2   2   2 | Cys TGT   1   1   1   1   1   1
    TTC   1   1   1   1   1   1 |     TCC   2   2   2   2   2   3 |     TAC   0   0   0   0   0   0 |     TGC   2   2   2   2   2   2
Leu TTA   4   4   4   4   4   4 |     TCA   6   6   6   6   6   6 | *** TAA   0   0   0   0   0   0 | *** TGA   0   0   0   0   0   0
    TTG   3   3   3   4   3   3 |     TCG   1   1   1   1   0   0 |     TAG   0   0   0   0   0   0 | Trp TGG   0   0   0   0   0   0
--------------------------------------------------------------------------------------------------------------------------------------
Leu CTT   2   2   2   2   2   2 | Pro CCT   3   3   3   3   3   3 | His CAT   1   1   1   1   1   1 | Arg CGT   0   0   0   0   0   0
    CTC   8   9   8   9   8   8 |     CCC   2   2   2   2   2   2 |     CAC   0   0   0   0   0   0 |     CGC   0   0   0   0   0   0
    CTA   4   3   5   3   3   4 |     CCA   2   2   2   3   2   3 | Gln CAA   6   5   6   6   5   6 |     CGA   0   0   0   0   0   0
    CTG  10  10   9   9  11  10 |     CCG   1   1   1   0   1   0 |     CAG   5   6   5   5   6   5 |     CGG   1   1   1   1   1   1
--------------------------------------------------------------------------------------------------------------------------------------
Ile ATT   2   2   2   2   2   2 | Thr ACT   1   1   1   1   2   1 | Asn AAT   1   1   1   1   1   2 | Ser AGT   2   2   3   2   3   2
    ATC   2   2   2   2   2   2 |     ACC   5   5   5   5   4   5 |     AAC   5   5   5   5   5   5 |     AGC   5   5   4   5   4   4
    ATA   0   0   0   0   0   0 |     ACA   2   2   2   2   2   2 | Lys AAA   5   5   5   5   5   5 | Arg AGA   0   0   0   0   0   0
Met ATG   1   1   1   1   1   1 |     ACG   0   0   0   0   0   0 |     AAG   4   4   4   4   4   4 |     AGG   0   0   0   0   0   0
--------------------------------------------------------------------------------------------------------------------------------------
Val GTT   0   0   0   0   0   0 | Ala GCT   2   2   2   2   2   2 | Asp GAT   9   9   9   9   9   9 | Gly GGT   1   1   1   1   1   1
    GTC   1   1   1   1   1   1 |     GCC   2   2   2   2   2   2 |     GAC   4   4   4   4   4   4 |     GGC   3   3   3   3   3   4
    GTA   0   0   0   0   0   0 |     GCA   0   0   0   0   0   0 | Glu GAA   8   8   8   8   8   8 |     GGA   2   2   2   2   2   2
    GTG   2   2   2   2   2   2 |     GCG   0   0   0   0   1   0 |     GAG   7   7   7   7   7   7 |     GGG   3   3   3   3   3   2
--------------------------------------------------------------------------------------------------------------------------------------

--------------------------------------------------------------------------------------------------------------------------------------
Phe TTT   2   2   2   2   2   2 | Ser TCT   2   2   2   2   2   2 | Tyr TAT   2   2   2   2   2   2 | Cys TGT   1   1   1   1   1   1
    TTC   1   1   1   1   1   1 |     TCC   3   2   3   3   2   2 |     TAC   0   0   0   0   0   0 |     TGC   2   2   2   2   2   2
Leu TTA   4   4   4   4   4   4 |     TCA   6   6   6   6   6   7 | *** TAA   0   0   0   0   0   0 | *** TGA   0   0   0   0   0   0
    TTG   3   3   3   3   3   3 |     TCG   0   0   0   0   1   0 |     TAG   0   0   0   0   0   0 | Trp TGG   0   0   0   0   0   0
--------------------------------------------------------------------------------------------------------------------------------------
Leu CTT   2   2   3   2   2   2 | Pro CCT   3   3   3   3   3   3 | His CAT   1   1   1   1   1   1 | Arg CGT   0   0   0   0   0   0
    CTC   8   9   7   9   9   8 |     CCC   2   2   2   2   2   2 |     CAC   0   0   0   0   0   0 |     CGC   0   0   0   0   0   0
    CTA   4   3   4   2   3   4 |     CCA   2   3   2   2   2   2 | Gln CAA   6   6   6   5   5   6 |     CGA   0   0   0   0   0   0
    CTG  10  10  10  11  10  10 |     CCG   1   0   1   1   1   1 |     CAG   5   5   5   6   6   5 |     CGG   1   1   1   1   1   1
--------------------------------------------------------------------------------------------------------------------------------------
Ile ATT   2   2   2   2   2   2 | Thr ACT   1   1   1   1   1   1 | Asn AAT   1   1   1   1   1   1 | Ser AGT   2   2   2   3   2   2
    ATC   2   2   2   2   2   2 |     ACC   5   5   5   5   5   5 |     AAC   5   5   5   5   5   5 |     AGC   5   5   5   4   5   5
    ATA   0   0   0   0   0   0 |     ACA   2   2   2   2   2   2 | Lys AAA   5   5   5   5   5   5 | Arg AGA   0   0   0   0   0   0
Met ATG   1   1   1   1   1   1 |     ACG   0   0   0   0   0   0 |     AAG   4   4   4   4   4   4 |     AGG   0   0   0   0   0   0
--------------------------------------------------------------------------------------------------------------------------------------
Val GTT   0   0   0   0   0   0 | Ala GCT   2   2   2   2   2   2 | Asp GAT   9   9   9   9   9   9 | Gly GGT   1   1   1   1   1   1
    GTC   1   1   1   1   1   1 |     GCC   2   2   2   2   2   2 |     GAC   4   4   4   4   4   4 |     GGC   3   3   3   3   3   3
    GTA   0   0   0   0   0   0 |     GCA   0   0   0   0   0   0 | Glu GAA   8   9   8   8   8   8 |     GGA   2   3   2   2   2   2
    GTG   2   2   2   2   2   2 |     GCG   0   1   0   0   0   0 |     GAG   7   6   7   7   7   7 |     GGG   3   2   3   3   3   3
--------------------------------------------------------------------------------------------------------------------------------------

--------------------------------------------------------------------------------------------------------------------------------------
Phe TTT   2   2   2   2   2   2 | Ser TCT   2   2   2   2   2   2 | Tyr TAT   2   2   2   2   2   2 | Cys TGT   1   1   1   1   1   1
    TTC   1   1   1   1   1   1 |     TCC   2   2   3   2   2   2 |     TAC   0   0   0   0   0   0 |     TGC   3   2   2   2   2   2
Leu TTA   4   4   4   4   4   4 |     TCA   6   7   5   6   6   6 | *** TAA   0   0   0   0   0   0 | *** TGA   0   0   0   0   0   0
    TTG   5   3   3   3   3   3 |     TCG   0   0   1   1   1   1 |     TAG   0   0   0   0   0   0 | Trp TGG   0   0   0   0   0   0
--------------------------------------------------------------------------------------------------------------------------------------
Leu CTT   4   2   2   3   2   2 | Pro CCT   3   3   3   3   3   3 | His CAT   1   1   1   1   1   1 | Arg CGT   0   0   0   0   0   0
    CTC   6   9   8   7   8   8 |     CCC   2   2   2   2   2   2 |     CAC   0   0   0   0   0   0 |     CGC   0   0   0   0   0   0
    CTA   3   4   5   4   4   4 |     CCA   2   2   2   2   2   2 | Gln CAA   7   6   6   6   6   6 |     CGA   0   0   0   0   0   0
    CTG  10   9   9  10  10  10 |     CCG   0   1   1   1   1   1 |     CAG   5   5   5   5   5   5 |     CGG   1   1   1   1   1   1
--------------------------------------------------------------------------------------------------------------------------------------
Ile ATT   2   2   2   2   2   2 | Thr ACT   1   1   1   1   1   1 | Asn AAT   2   1   1   1   2   1 | Ser AGT   1   2   3   2   2   2
    ATC   2   2   2   2   2   2 |     ACC   5   5   5   5   5   5 |     AAC   5   5   5   5   4   5 |     AGC   4   5   4   5   5   5
    ATA   0   0   0   0   0   0 |     ACA   2   2   2   2   2   2 | Lys AAA   5   5   5   5   5   5 | Arg AGA   0   0   0   0   0   0
Met ATG   1   1   1   1   1   1 |     ACG   0   0   0   0   0   0 |     AAG   4   4   4   5   4   4 |     AGG   2   0   0   0   0   0
--------------------------------------------------------------------------------------------------------------------------------------
Val GTT   0   0   0   0   0   0 | Ala GCT   2   2   2   2   2   2 | Asp GAT  10   9   9  10   9   9 | Gly GGT   1   1   1   1   1   1
    GTC   2   1   1   1   1   1 |     GCC   1   2   2   2   2   2 |     GAC   4   4   4   3   4   4 |     GGC   3   3   3   3   3   3
    GTA   0   0   0   0   0   0 |     GCA   0   0   0   0   0   0 | Glu GAA   5   8   8   8   8   8 |     GGA   2   2   2   2   2   2
    GTG   2   2   2   2   2   2 |     GCG   0   0   0   0   0   0 |     GAG   8   7   7   6   7   7 |     GGG   2   3   3   3   3   3
--------------------------------------------------------------------------------------------------------------------------------------

Codon position x base (3x4) table for each sequence.

#1: Argali         
position  1:    T:0.17333    C:0.30000    A:0.23333    G:0.29333
position  2:    T:0.28000    C:0.20667    A:0.38000    G:0.13333
position  3:    T:0.20667    C:0.28000    A:0.26667    G:0.24667
Average         T:0.22000    C:0.26222    A:0.29333    G:0.22444

#2: LesserMouseDeer
position  1:    T:0.16667    C:0.30667    A:0.23333    G:0.29333
position  2:    T:0.28000    C:0.20667    A:0.38000    G:0.13333
position  3:    T:0.21333    C:0.28000    A:0.22667    G:0.28000
Average         T:0.22000    C:0.26444    A:0.28000    G:0.23556

#3: LesserKudu     
position  1:    T:0.17333    C:0.30000    A:0.23333    G:0.29333
position  2:    T:0.28000    C:0.20667    A:0.38000    G:0.13333
position  3:    T:0.20667    C:0.28000    A:0.26000    G:0.25333
Average         T:0.22000    C:0.26222    A:0.29111    G:0.22667

#4: ForestMuskDeer2
position  1:    T:0.17333    C:0.30000    A:0.23333    G:0.29333
position  2:    T:0.28000    C:0.20667    A:0.38000    G:0.13333
position  3:    T:0.22667    C:0.26000    A:0.26000    G:0.25333
Average         T:0.22667    C:0.25556    A:0.29111    G:0.22667

#5: Camel          
position  1:    T:0.17333    C:0.30000    A:0.23333    G:0.29333
position  2:    T:0.28000    C:0.20667    A:0.38000    G:0.13333
position  3:    T:0.20667    C:0.26000    A:0.24667    G:0.28667
Average         T:0.22000    C:0.25556    A:0.28667    G:0.23778

#6: KillerWhale    
position  1:    T:0.17333    C:0.30000    A:0.23333    G:0.29333
position  2:    T:0.28000    C:0.20667    A:0.38000    G:0.13333
position  3:    T:0.21333    C:0.27333    A:0.24667    G:0.26667
Average         T:0.22222    C:0.26000    A:0.28667    G:0.23111

#7: DefassaWaterbuck
position  1:    T:0.17333    C:0.30000    A:0.22667    G:0.30000
position  2:    T:0.28000    C:0.20667    A:0.36667    G:0.14667
position  3:    T:0.20667    C:0.28667    A:0.26000    G:0.24667
Average         T:0.22000    C:0.26444    A:0.28444    G:0.23111

#8: Sheep          
position  1:    T:0.17333    C:0.30000    A:0.23333    G:0.29333
position  2:    T:0.28000    C:0.20667    A:0.38000    G:0.13333
position  3:    T:0.21333    C:0.27333    A:0.26000    G:0.25333
Average         T:0.22222    C:0.26000    A:0.29111    G:0.22667

#9: MaxwellsDuiker 
position  1:    T:0.17333    C:0.30000    A:0.23333    G:0.29333
position  2:    T:0.28000    C:0.20667    A:0.38000    G:0.13333
position  3:    T:0.20667    C:0.28000    A:0.26667    G:0.24667
Average         T:0.22000    C:0.26222    A:0.29333    G:0.22444

#10: GazellaPrzewalskyi
position  1:    T:0.16667    C:0.30000    A:0.23333    G:0.30000
position  2:    T:0.28000    C:0.20667    A:0.38000    G:0.13333
position  3:    T:0.20000    C:0.28667    A:0.24000    G:0.27333
Average         T:0.21556    C:0.26444    A:0.28444    G:0.23556

#11: MountainNyala  
position  1:    T:0.17333    C:0.30000    A:0.23333    G:0.29333
position  2:    T:0.28000    C:0.20667    A:0.38000    G:0.13333
position  3:    T:0.20667    C:0.28000    A:0.26000    G:0.25333
Average         T:0.22000    C:0.26222    A:0.29111    G:0.22667

#12: MuntiacusMuntjak
position  1:    T:0.17333    C:0.30000    A:0.23333    G:0.29333
position  2:    T:0.28000    C:0.20667    A:0.38000    G:0.13333
position  3:    T:0.21333    C:0.28000    A:0.26000    G:0.24667
Average         T:0.22222    C:0.26222    A:0.29111    G:0.22444

#13: goat           
position  1:    T:0.17333    C:0.30000    A:0.23333    G:0.29333
position  2:    T:0.28000    C:0.20667    A:0.38000    G:0.13333
position  3:    T:0.21333    C:0.27333    A:0.26000    G:0.25333
Average         T:0.22222    C:0.26000    A:0.29111    G:0.22667

#14: AfricanBuffalo 
position  1:    T:0.17333    C:0.30000    A:0.23333    G:0.29333
position  2:    T:0.28000    C:0.20667    A:0.38000    G:0.13333
position  3:    T:0.20667    C:0.28667    A:0.24667    G:0.26000
Average         T:0.22000    C:0.26444    A:0.28667    G:0.22889

#15: Topi           
position  1:    T:0.17333    C:0.30000    A:0.23333    G:0.29333
position  2:    T:0.28000    C:0.20667    A:0.38000    G:0.13333
position  3:    T:0.21333    C:0.28000    A:0.26000    G:0.24667
Average         T:0.22222    C:0.26222    A:0.29111    G:0.22444

#16: CommonDuiker   
position  1:    T:0.17333    C:0.30000    A:0.23333    G:0.29333
position  2:    T:0.28000    C:0.20667    A:0.38000    G:0.13333
position  3:    T:0.21333    C:0.27333    A:0.27333    G:0.24000
Average         T:0.22222    C:0.26000    A:0.29556    G:0.22222

#17: Suni           
position  1:    T:0.17333    C:0.30000    A:0.23333    G:0.29333
position  2:    T:0.28000    C:0.20667    A:0.38667    G:0.12667
position  3:    T:0.22000    C:0.26667    A:0.26000    G:0.25333
Average         T:0.22444    C:0.25778    A:0.29333    G:0.22444

#18: Springbuck     
position  1:    T:0.16667    C:0.30000    A:0.23333    G:0.30000
position  2:    T:0.28000    C:0.20667    A:0.38000    G:0.13333
position  3:    T:0.20667    C:0.28000    A:0.25333    G:0.26000
Average         T:0.21778    C:0.26222    A:0.28889    G:0.23111

#19: Okapi          
position  1:    T:0.17333    C:0.29333    A:0.24000    G:0.29333
position  2:    T:0.28000    C:0.20667    A:0.38000    G:0.13333
position  3:    T:0.20667    C:0.28000    A:0.26000    G:0.25333
Average         T:0.22000    C:0.26000    A:0.29333    G:0.22667

#20: Giraffe        
position  1:    T:0.17333    C:0.29333    A:0.24000    G:0.29333
position  2:    T:0.28000    C:0.20667    A:0.38000    G:0.13333
position  3:    T:0.20667    C:0.28000    A:0.25333    G:0.26000
Average         T:0.22000    C:0.26000    A:0.29111    G:0.22889

#21: TibetanAntelope
position  1:    T:0.17333    C:0.30000    A:0.23333    G:0.29333
position  2:    T:0.28000    C:0.20667    A:0.38000    G:0.13333
position  3:    T:0.20667    C:0.27333    A:0.24667    G:0.27333
Average         T:0.22000    C:0.26000    A:0.28667    G:0.23333

#22: Sitatunga      
position  1:    T:0.17333    C:0.30000    A:0.23333    G:0.29333
position  2:    T:0.28000    C:0.20667    A:0.38000    G:0.13333
position  3:    T:0.20667    C:0.28000    A:0.26000    G:0.25333
Average         T:0.22000    C:0.26222    A:0.29111    G:0.22667

#23: Oribi          
position  1:    T:0.16667    C:0.30000    A:0.23333    G:0.30000
position  2:    T:0.28000    C:0.20667    A:0.38000    G:0.13333
position  3:    T:0.20667    C:0.28000    A:0.25333    G:0.26000
Average         T:0.21778    C:0.26222    A:0.28889    G:0.23111

#24: BarbarySheep   
position  1:    T:0.17333    C:0.30000    A:0.23333    G:0.29333
position  2:    T:0.28000    C:0.20667    A:0.38000    G:0.13333
position  3:    T:0.20667    C:0.28000    A:0.26000    G:0.25333
Average         T:0.22000    C:0.26222    A:0.29111    G:0.22667

#25: Daviddeer      
position  1:    T:0.17333    C:0.30000    A:0.23333    G:0.29333
position  2:    T:0.28000    C:0.20667    A:0.38000    G:0.13333
position  3:    T:0.20667    C:0.28667    A:0.26000    G:0.24667
Average         T:0.22000    C:0.26444    A:0.29111    G:0.22444

#26: Reindeer       
position  1:    T:0.17333    C:0.30000    A:0.23333    G:0.29333
position  2:    T:0.28000    C:0.20667    A:0.38667    G:0.12667
position  3:    T:0.21333    C:0.28667    A:0.24667    G:0.25333
Average         T:0.22222    C:0.26444    A:0.28889    G:0.22444

#27: Ibex           
position  1:    T:0.17333    C:0.30000    A:0.23333    G:0.29333
position  2:    T:0.28000    C:0.20667    A:0.38000    G:0.13333
position  3:    T:0.21333    C:0.26667    A:0.26000    G:0.26000
Average         T:0.22222    C:0.25778    A:0.29111    G:0.22889

#28: GyrantGazelle  
position  1:    T:0.16667    C:0.30000    A:0.24000    G:0.29333
position  2:    T:0.28000    C:0.20667    A:0.38000    G:0.13333
position  3:    T:0.20667    C:0.28000    A:0.27333    G:0.24000
Average         T:0.21778    C:0.26222    A:0.29778    G:0.22222

#29: Hartebeest     
position  1:    T:0.17333    C:0.30000    A:0.23333    G:0.29333
position  2:    T:0.28000    C:0.20667    A:0.38000    G:0.13333
position  3:    T:0.22000    C:0.28000    A:0.26000    G:0.24000
Average         T:0.22444    C:0.26222    A:0.29111    G:0.22222

#30: Bongo          
position  1:    T:0.17333    C:0.30000    A:0.23333    G:0.29333
position  2:    T:0.28000    C:0.20667    A:0.38000    G:0.13333
position  3:    T:0.20667    C:0.28000    A:0.26000    G:0.25333
Average         T:0.22000    C:0.26222    A:0.29111    G:0.22667

#31: Gerenuk        
position  1:    T:0.16667    C:0.30000    A:0.23333    G:0.30000
position  2:    T:0.28000    C:0.20667    A:0.38000    G:0.13333
position  3:    T:0.20667    C:0.28000    A:0.25333    G:0.26000
Average         T:0.21778    C:0.26222    A:0.28889    G:0.23111

#32: CommonEland    
position  1:    T:0.17333    C:0.30000    A:0.23333    G:0.29333
position  2:    T:0.28000    C:0.20667    A:0.38000    G:0.13333
position  3:    T:0.20667    C:0.28000    A:0.26000    G:0.25333
Average         T:0.22000    C:0.26222    A:0.29111    G:0.22667

#33: MuntiacusReevesi
position  1:    T:0.17333    C:0.30000    A:0.23333    G:0.29333
position  2:    T:0.28000    C:0.20667    A:0.38000    G:0.13333
position  3:    T:0.21333    C:0.28000    A:0.26000    G:0.24667
Average         T:0.22222    C:0.26222    A:0.29111    G:0.22444

#34: HarveysDuiker  
position  1:    T:0.17333    C:0.30000    A:0.23333    G:0.29333
position  2:    T:0.28000    C:0.20667    A:0.38000    G:0.13333
position  3:    T:0.20667    C:0.28000    A:0.26667    G:0.24667
Average         T:0.22000    C:0.26222    A:0.29333    G:0.22444

#35: Pronghorn      
position  1:    T:0.18667    C:0.28667    A:0.23333    G:0.29333
position  2:    T:0.28000    C:0.20667    A:0.38000    G:0.13333
position  3:    T:0.21333    C:0.27333    A:0.26667    G:0.24667
Average         T:0.22667    C:0.25556    A:0.29333    G:0.22444

#36: BlueWildebeest 
position  1:    T:0.17333    C:0.30000    A:0.23333    G:0.29333
position  2:    T:0.28000    C:0.20667    A:0.38000    G:0.13333
position  3:    T:0.21333    C:0.28000    A:0.26000    G:0.24667
Average         T:0.22222    C:0.26222    A:0.29111    G:0.22444

#37: Gemsbok        
position  1:    T:0.17333    C:0.30000    A:0.23333    G:0.29333
position  2:    T:0.28000    C:0.20667    A:0.38000    G:0.13333
position  3:    T:0.20667    C:0.28000    A:0.26000    G:0.25333
Average         T:0.22000    C:0.26222    A:0.29111    G:0.22667

#38: Yak            
position  1:    T:0.17333    C:0.30000    A:0.23333    G:0.29333
position  2:    T:0.28000    C:0.20667    A:0.38000    G:0.13333
position  3:    T:0.20667    C:0.28667    A:0.24667    G:0.26000
Average         T:0.22000    C:0.26444    A:0.28667    G:0.22889

#39: BlueSheep      
position  1:    T:0.17333    C:0.30000    A:0.23333    G:0.29333
position  2:    T:0.28000    C:0.20667    A:0.38000    G:0.13333
position  3:    T:0.21333    C:0.27333    A:0.26667    G:0.24667
Average         T:0.22222    C:0.26000    A:0.29333    G:0.22444

#40: BohorReedbuck  
position  1:    T:0.18000    C:0.29333    A:0.23333    G:0.29333
position  2:    T:0.28000    C:0.20667    A:0.38000    G:0.13333
position  3:    T:0.20667    C:0.28667    A:0.26000    G:0.24667
Average         T:0.22222    C:0.26222    A:0.29111    G:0.22444

#41: KirksDik       
position  1:    T:0.16667    C:0.30000    A:0.23333    G:0.30000
position  2:    T:0.28000    C:0.20667    A:0.38000    G:0.13333
position  3:    T:0.22000    C:0.26667    A:0.24667    G:0.26667
Average         T:0.22222    C:0.25778    A:0.28667    G:0.23333

#42: RoeDeer        
position  1:    T:0.17333    C:0.30000    A:0.23333    G:0.29333
position  2:    T:0.28000    C:0.20667    A:0.38667    G:0.12667
position  3:    T:0.21333    C:0.28667    A:0.26667    G:0.23333
Average         T:0.22222    C:0.26444    A:0.29556    G:0.21778

#43: WhiteLippedDeer
position  1:    T:0.17333    C:0.30000    A:0.23333    G:0.29333
position  2:    T:0.28000    C:0.20667    A:0.38000    G:0.13333
position  3:    T:0.20667    C:0.28667    A:0.26000    G:0.24667
Average         T:0.22000    C:0.26444    A:0.29111    G:0.22444

#44: ThomsonGazelle 
position  1:    T:0.16667    C:0.30000    A:0.23333    G:0.30000
position  2:    T:0.28000    C:0.20667    A:0.38000    G:0.13333
position  3:    T:0.20667    C:0.28667    A:0.27333    G:0.23333
Average         T:0.21778    C:0.26444    A:0.29556    G:0.22222

#45: MuntiacusCrinifrons
position  1:    T:0.17333    C:0.30000    A:0.23333    G:0.29333
position  2:    T:0.28000    C:0.20667    A:0.38000    G:0.13333
position  3:    T:0.21333    C:0.28000    A:0.26000    G:0.24667
Average         T:0.22222    C:0.26222    A:0.29111    G:0.22444

#46: WhiteTailedDeer
position  1:    T:0.17333    C:0.30000    A:0.23333    G:0.29333
position  2:    T:0.28000    C:0.20667    A:0.38000    G:0.13333
position  3:    T:0.21333    C:0.28667    A:0.24000    G:0.26000
Average         T:0.22222    C:0.26444    A:0.28444    G:0.22889

#47: Cattle         
position  1:    T:0.17333    C:0.30000    A:0.23333    G:0.29333
position  2:    T:0.28000    C:0.20667    A:0.38000    G:0.13333
position  3:    T:0.20667    C:0.28667    A:0.24667    G:0.26000
Average         T:0.22000    C:0.26444    A:0.28667    G:0.22889

#48: RoyalAntelope  
position  1:    T:0.17333    C:0.30000    A:0.23333    G:0.29333
position  2:    T:0.28000    C:0.20667    A:0.38000    G:0.13333
position  3:    T:0.20667    C:0.28000    A:0.26667    G:0.24667
Average         T:0.22000    C:0.26222    A:0.29333    G:0.22444

#49: Steenbok       
position  1:    T:0.18667    C:0.29333    A:0.24000    G:0.28000
position  2:    T:0.29333    C:0.18667    A:0.38667    G:0.13333
position  3:    T:0.22667    C:0.26667    A:0.24000    G:0.26667
Average         T:0.23556    C:0.24889    A:0.28889    G:0.22667

#50: Impala         
position  1:    T:0.17333    C:0.30000    A:0.23333    G:0.29333
position  2:    T:0.28000    C:0.20667    A:0.38000    G:0.13333
position  3:    T:0.20667    C:0.28667    A:0.26667    G:0.24000
Average         T:0.22000    C:0.26444    A:0.29333    G:0.22222

#51: Klipspringer   
position  1:    T:0.17333    C:0.30000    A:0.23333    G:0.29333
position  2:    T:0.28000    C:0.20667    A:0.38000    G:0.13333
