1
52 1
Argali 0.000000 0.437000 0.090300 0.316600 0.089500 0.000000 0.094200 0.094200 0.090300 0.060600 0.058400 0.089500 0.161000 0.060900 0.090300 0.060900 0.203000 0.202800 0.028600 0.090300 0.060900 0.028600 0.060600 0.095300 0.028400 0.060900 0.125700 0.124400 0.060900 0.090300 0.091600 0.092600 0.209300 0.125700 0.170800 0.089500 0.028400 0.089500 0.122100 0.094800 0.060600 0.060900 0.060600 0.060600 0.089500 0.093700 0.122100 0.060800 0.060900 0.169900 0.090300 0.090300
LesserMous 0.437000 0.000000 0.386800 0.191700 0.384700 0.437000 0.312600 0.312600 0.386800 0.350800 0.398500 0.384500 0.507400 0.352800 0.390200 0.352800 0.394100 0.392700 0.395000 0.386800 0.352800 0.395000 0.350800 0.361400 0.395000 0.352800 0.450500 0.350100 0.352800 0.386800 0.394500 0.397800 0.271600 0.450500 0.440600 0.384500 0.395000 0.384700 0.442900 0.360200 0.350800 0.352800 0.350800 0.350800 0.384500 0.309300 0.442900 0.352500 0.352800 0.236000 0.386800 0.386800
LesserKudu 0.090300 0.386800 0.000000 0.268600 0.058500 0.090300 0.061700 0.061700 0.000000 0.029500 0.091500 0.058100 0.093800 0.029800 0.059000 0.029800 0.165500 0.165300 0.060000 0.000000 0.029800 0.060000 0.029500 0.061900 0.060000 0.029800 0.092200 0.028400 0.029800 0.000000 0.059300 0.060600 0.171300 0.092200 0.133700 0.058100 0.060000 0.058500 0.089600 0.062000 0.029500 0.029800 0.029500 0.029500 0.058100 0.061400 0.089600 0.029800 0.029800 0.132500 0.000000 0.000000
KillerWhal 0.316600 0.191700 0.268600 0.000000 0.266600 0.316600 0.287200 0.287200 0.268600 0.232500 0.321900 0.266700 0.278400 0.233800 0.270700 0.233800 0.374200 0.373200 0.274700 0.268600 0.233800 0.274700 0.232500 0.238900 0.274700 0.233800 0.231700 0.324300 0.233800 0.268600 0.274900 0.276700 0.242600 0.231700 0.302600 0.266700 0.274700 0.266600 0.317800 0.237500 0.232500 0.233800 0.232500 0.232500 0.266700 0.285500 0.317800 0.233800 0.233800 0.203900 0.268600 0.268600
DefassaWat 0.089500 0.384700 0.058500 0.266600 0.000000 0.089500 0.060800 0.060800 0.058500 0.029400 0.090700 0.058000 0.124100 0.029500 0.058500 0.029500 0.164400 0.164200 0.059500 0.058500 0.029400 0.059500 0.029400 0.061700 0.059500 0.029500 0.090800 0.090800 0.029500 0.058500 0.059200 0.059800 0.098300 0.090800 0.132300 0.058000 0.059500 0.000000 0.088500 0.061400 0.029400 0.029500 0.029400 0.029400 0.058000 0.060800 0.088200 0.029500 0.029300 0.132400 0.058500 0.058500
Sheep 0.000000 0.437000 0.090300 0.316600 0.089500 0.000000 0.094200 0.094200 0.090300 0.060600 0.057100 0.089500 0.161000 0.060900 0.090300 0.060900 0.203000 0.202800 0.028600 0.090300 0.060900 0.028600 0.060600 0.095300 0.028400 0.060900 0.125700 0.124400 0.060900 0.090300 0.091600 0.092600 0.209300 0.125700 0.170800 0.089500 0.028400 0.089500 0.122100 0.094800 0.060600 0.060900 0.060600 0.060600 0.089500 0.093700 0.122100 0.060800 0.060900 0.169900 0.090300 0.090300
MaxwellsDu 0.094200 0.312600 0.061700 0.287200 0.060800 0.094200 0.000000 0.000000 0.061700 0.031000 0.095600 0.061100 0.130900 0.030800 0.061700 0.031100 0.100700 0.100500 0.062700 0.061700 0.030600 0.062700 0.031000 0.065300 0.062700 0.030600 0.095800 0.030900 0.030600 0.061700 0.062400 0.063100 0.104000 0.095800 0.140500 0.061100 0.062700 0.060800 0.093200 0.065000 0.031000 0.031100 0.031000 0.031000 0.061100 0.000100 0.093200 0.031200 0.030700 0.067700 0.061700 0.061700
GazellaPrz 0.094200 0.312600 0.061700 0.287200 0.060800 0.094200 0.000000 0.000000 0.061700 0.031000 0.095600 0.061100 0.130900 0.031100 0.061700 0.031100 0.100700 0.100500 0.062700 0.061700 0.031100 0.062700 0.031000 0.065300 0.062700 0.031100 0.095800 0.030900 0.031100 0.061700 0.062400 0.063100 0.104000 0.095800 0.140500 0.061100 0.062700 0.060000 0.093200 0.065000 0.031000 0.030700 0.031000 0.031000 0.061100 0.000100 0.093200 0.031200 0.030600 0.067700 0.061700 0.061700
MountainNy 0.090300 0.386800 0.000000 0.268600 0.058500 0.090300 0.061700 0.061700 0.000000 0.029500 0.091500 0.058100 0.093800 0.029800 0.059000 0.029800 0.165500 0.165300 0.060000 0.000000 0.029800 0.060000 0.029500 0.061900 0.060000 0.029800 0.092200 0.029100 0.029800 0.000000 0.059300 0.060600 0.171300 0.092200 0.133700 0.058100 0.060000 0.058500 0.089600 0.062000 0.028900 0.029800 0.029500 0.029500 0.058100 0.061400 0.089600 0.029800 0.029800 0.132500 0.000000 0.000000
MuntiacusM 0.060600 0.350800 0.029500 0.232500 0.029400 0.060600 0.031000 0.031000 0.029500 0.000000 0.061300 0.029200 0.095100 0.000100 0.029700 0.000100 0.133400 0.133200 0.030200 0.029500 0.000100 0.030200 0.000000 0.030100 0.030200 0.000100 0.061900 0.061000 0.000100 0.029500 0.029900 0.030400 0.138100 0.061900 0.101100 0.029200 0.030200 0.029400 0.060100 0.031200 0.000000 0.000100 0.000000 0.000000 0.029200 0.030900 0.060100 0.000100 0.000100 0.100200 0.029500 0.028200
goat 0.058400 0.398500 0.091500 0.321900 0.090700 0.057100 0.095600 0.095600 0.091500 0.061300 0.000000 0.090700 0.162700 0.061700 0.091500 0.061700 0.206700 0.206300 0.029000 0.091500 0.061700 0.028700 0.061300 0.096600 0.029000 0.061700 0.126900 0.126300 0.061700 0.091500 0.092600 0.093900 0.213800 0.126900 0.173000 0.090700 0.029000 0.090700 0.123700 0.096200 0.061300 0.061700 0.061300 0.061300 0.090700 0.095100 0.123700 0.061500 0.061700 0.173100 0.091500 0.091500
AfricanBuf 0.089500 0.384500 0.058100 0.266700 0.058000 0.089500 0.061100 0.061100 0.058100 0.029200 0.090700 0.000000 0.124800 0.029600 0.058500 0.029600 0.164300 0.164100 0.059500 0.058100 0.029600 0.059500 0.029200 0.061400 0.059500 0.029600 0.091400 0.090200 0.029600 0.058100 0.058800 0.060000 0.170000 0.091400 0.132500 0.000000 0.059500 0.058000 0.088900 0.061500 0.028200 0.029600 0.029200 0.028500 0.000000 0.060800 0.088900 0.029600 0.029600 0.131500 0.058100 0.058000
Topi 0.161000 0.507400 0.093800 0.278400 0.124100 0.161000 0.130900 0.130900 0.093800 0.095100 0.162700 0.124800 0.000000 0.095100 0.125900 0.095100 0.249600 0.249200 0.128200 0.093800 0.095100 0.128200 0.095100 0.133400 0.128200 0.095100 0.029500 0.129500 0.095100 0.093800 0.127900 0.128600 0.257400 0.030300 0.136900 0.124800 0.128200 0.124100 0.159200 0.132400 0.095100 0.095100 0.095100 0.095100 0.124800 0.130900 0.159200 0.095400 0.095100 0.214500 0.093800 0.093800
CommonDuik 0.060900 0.352800 0.029800 0.233800 0.029500 0.060900 0.030800 0.031100 0.029800 0.000100 0.061700 0.029600 0.095100 0.000000 0.029900 0.000000 0.134200 0.134000 0.030400 0.029800 0.000000 0.030400 0.000100 0.031500 0.030400 0.000000 0.061900 0.061800 0.000000 0.029800 0.030200 0.030500 0.138800 0.061900 0.101600 0.029600 0.030400 0.029500 0.060100 0.031400 0.000100 0.000000 0.000100 0.000100 0.029600 0.031100 0.060100 0.000100 0.000000 0.101400 0.029800 0.029800
Suni 0.090300 0.390200 0.059000 0.270700 0.058500 0.090300 0.061700 0.061700 0.059000 0.029700 0.091500 0.058500 0.125900 0.029900 0.000000 0.029900 0.165700 0.165500 0.060000 0.059000 0.029900 0.060000 0.029700 0.062400 0.060000 0.029900 0.092200 0.091500 0.029900 0.059000 0.059700 0.060600 0.171400 0.092200 0.133900 0.058500 0.060000 0.058500 0.089700 0.062100 0.029700 0.029900 0.029700 0.029700 0.058500 0.061400 0.089700 0.029800 0.029900 0.133600 0.059000 0.059000
Springbuck 0.060900 0.352800 0.029800 0.233800 0.029500 0.060900 0.031100 0.031100 0.029800 0.000100 0.061700 0.029600 0.095100 0.000000 0.029900 0.000000 0.134200 0.134000 0.030400 0.029800 0.000000 0.030400 0.000100 0.031500 0.030400 0.000000 0.061900 0.061800 0.000000 0.029800 0.030200 0.030200 0.138800 0.061900 0.101600 0.029600 0.030400 0.029500 0.060100 0.031400 0.000100 0.000000 0.000100 0.000100 0.029600 0.031100 0.060100 0.000100 0.000000 0.101400 0.029800 0.029800
Okapi 0.203000 0.394100 0.165500 0.374200 0.164400 0.203000 0.100700 0.100700 0.165500 0.133400 0.206700 0.164300 0.249600 0.134200 0.165700 0.134200 0.000000 0.058500 0.168700 0.165500 0.134200 0.168700 0.133400 0.177100 0.168700 0.134200 0.208100 0.133000 0.134200 0.165500 0.096400 0.170500 0.173800 0.208100 0.269500 0.164300 0.168700 0.164400 0.202900 0.176300 0.133400 0.134200 0.133400 0.133400 0.164300 0.099700 0.202900 0.133800 0.134200 0.106100 0.165500 0.165500
Giraffe 0.202800 0.392700 0.165300 0.373200 0.164200 0.202800 0.100500 0.100500 0.165300 0.133200 0.206300 0.164100 0.249200 0.134000 0.165500 0.134000 0.058500 0.000000 0.168500 0.165300 0.134000 0.168500 0.133200 0.176800 0.168500 0.134000 0.207800 0.132800 0.134000 0.165300 0.167700 0.170200 0.173500 0.207800 0.268900 0.164100 0.168500 0.164200 0.202600 0.176000 0.133200 0.134000 0.133200 0.133200 0.164100 0.099600 0.202600 0.133600 0.134000 0.105900 0.165300 0.165300
TibetanAnt 0.028600 0.395000 0.060000 0.274700 0.059500 0.028600 0.062700 0.062700 0.060000 0.030200 0.029000 0.059500 0.128200 0.030400 0.060000 0.030400 0.168700 0.168500 0.000000 0.060000 0.030400 0.000000 0.030200 0.063400 0.000000 0.030400 0.093800 0.093100 0.030400 0.060000 0.060800 0.061700 0.174400 0.093800 0.136100 0.059500 0.000000 0.059500 0.091300 0.063100 0.030200 0.030400 0.030200 0.030200 0.059500 0.062400 0.091300 0.030300 0.030400 0.135800 0.060000 0.060000
Sitatunga 0.090300 0.386800 0.000000 0.268600 0.058500 0.090300 0.061700 0.061700 0.000000 0.029500 0.091500 0.058100 0.093800 0.029800 0.059000 0.029800 0.165500 0.165300 0.060000 0.000000 0.029800 0.060000 0.029500 0.061900 0.060000 0.029800 0.092200 0.029100 0.029800 0.000000 0.059300 0.060600 0.171300 0.092200 0.133700 0.058100 0.060000 0.058500 0.089600 0.062000 0.029500 0.029800 0.029500 0.029500 0.058100 0.061400 0.089600 0.029800 0.029800 0.132500 0.000000 0.000000
Oribi 0.060900 0.352800 0.029800 0.233800 0.029400 0.060900 0.030600 0.031100 0.029800 0.000100 0.061700 0.029600 0.095100 0.000000 0.029900 0.000000 0.134200 0.134000 0.030400 0.029800 0.000000 0.030400 0.000100 0.031500 0.030400 0.000000 0.061900 0.061800 0.000000 0.029800 0.030200 0.030500 0.138800 0.061900 0.101600 0.029600 0.030400 0.029500 0.060100 0.031400 0.000100 0.000000 0.000100 0.000100 0.029600 0.031100 0.060100 0.000100 0.000000 0.101400 0.029800 0.029800
BarbaryShe 0.028600 0.395000 0.060000 0.274700 0.059500 0.028600 0.062700 0.062700 0.060000 0.030200 0.028700 0.059500 0.128200 0.030400 0.060000 0.030400 0.168700 0.168500 0.000000 0.060000 0.030400 0.000000 0.030200 0.063400 0.000000 0.030400 0.093800 0.093100 0.030400 0.060000 0.060800 0.061700 0.174400 0.093800 0.136100 0.059500 0.000000 0.059500 0.091300 0.063100 0.030200 0.030400 0.030200 0.030200 0.059500 0.062400 0.091300 0.030300 0.030400 0.135800 0.060000 0.060000
Daviddeer 0.060600 0.350800 0.029500 0.232500 0.029400 0.060600 0.031000 0.031000 0.029500 0.000000 0.061300 0.029200 0.095100 0.000100 0.029700 0.000100 0.133400 0.133200 0.030200 0.029500 0.000100 0.030200 0.000000 0.031200 0.030200 0.000100 0.061900 0.061000 0.000100 0.029500 0.029900 0.030400 0.138100 0.061900 0.101100 0.029200 0.030200 0.029400 0.060100 0.031200 0.000000 0.000100 0.000000 0.000000 0.029200 0.030900 0.060100 0.000100 0.000100 0.100200 0.029500 0.028200
Reindeer 0.095300 0.361400 0.061900 0.238900 0.061700 0.095300 0.065300 0.065300 0.061900 0.030100 0.096600 0.061400 0.133400 0.031500 0.062400 0.031500 0.177100 0.176800 0.063400 0.061900 0.031500 0.063400 0.031200 0.000000 0.063400 0.031500 0.097600 0.096500 0.031500 0.061900 0.062800 0.063900 0.141500 0.097600 0.103300 0.061400 0.063400 0.061700 0.094800 0.000100 0.031200 0.031500 0.031200 0.031200 0.061400 0.065000 0.094800 0.031500 0.031500 0.102500 0.061900 0.061900
Ibex 0.028400 0.395000 0.060000 0.274700 0.059500 0.028400 0.062700 0.062700 0.060000 0.030200 0.029000 0.059500 0.128200 0.030400 0.060000 0.030400 0.168700 0.168500 0.000000 0.060000 0.030400 0.000000 0.030200 0.063400 0.000000 0.030400 0.093800 0.093100 0.030400 0.060000 0.060800 0.061700 0.174400 0.093800 0.136100 0.059500 0.000000 0.059500 0.091300 0.063100 0.030200 0.030400 0.030200 0.030200 0.059500 0.062400 0.091300 0.030300 0.030400 0.135800 0.060000 0.060000
GyrantGaze 0.060900 0.352800 0.029800 0.233800 0.029500 0.060900 0.030600 0.031100 0.029800 0.000100 0.061700 0.029600 0.095100 0.000000 0.029900 0.000000 0.134200 0.134000 0.030400 0.029800 0.000000 0.030400 0.000100 0.031500 0.030400 0.000000 0.061900 0.061800 0.000000 0.029800 0.030200 0.030500 0.138800 0.061900 0.101600 0.029600 0.030400 0.029200 0.060100 0.031400 0.000100 0.000000 0.000100 0.000100 0.029600 0.031100 0.060100 0.000100 0.000000 0.101400 0.029800 0.029800
Hartebeest 0.125700 0.450500 0.092200 0.231700 0.090800 0.125700 0.095800 0.095800 0.092200 0.061900 0.126900 0.091400 0.029500 0.061900 0.092200 0.061900 0.208100 0.207800 0.093800 0.092200 0.061900 0.093800 0.061900 0.097600 0.093800 0.061900 0.000000 0.127100 0.061900 0.092200 0.093700 0.094200 0.214400 0.000000 0.100100 0.091400 0.093800 0.090800 0.124200 0.096800 0.061900 0.061900 0.061900 0.061900 0.091400 0.095800 0.124200 0.062100 0.061900 0.174000 0.092200 0.092200
Bongo 0.124400 0.350100 0.028400 0.324300 0.090800 0.124400 0.030900 0.030900 0.029100 0.061000 0.126300 0.090200 0.129500 0.061800 0.091500 0.061800 0.133000 0.132800 0.093100 0.029100 0.061800 0.093100 0.061000 0.096500 0.093100 0.061800 0.127100 0.000000 0.061800 0.029100 0.092000 0.094100 0.137400 0.127100 0.173900 0.090200 0.093100 0.090800 0.123800 0.096600 0.061000 0.061800 0.061000 0.061000 0.090200 0.030700 0.123800 0.061600 0.061800 0.100000 0.029100 0.029100
Gerenuk 0.060900 0.352800 0.029800 0.233800 0.029500 0.060900 0.030600 0.031100 0.029800 0.000100 0.061700 0.029600 0.095100 0.000000 0.029900 0.000000 0.134200 0.134000 0.030400 0.029800 0.000000 0.030400 0.000100 0.031500 0.030400 0.000000 0.061900 0.061800 0.000000 0.029800 0.030200 0.030500 0.138800 0.061900 0.101600 0.029600 0.030400 0.029500 0.060100 0.031400 0.000100 0.000000 0.000100 0.000100 0.029600 0.031100 0.060100 0.000100 0.000000 0.101400 0.029800 0.029800
CommonElan 0.090300 0.386800 0.000000 0.268600 0.058500 0.090300 0.061700 0.061700 0.000000 0.029500 0.091500 0.058100 0.093800 0.029800 0.059000 0.029800 0.165500 0.165300 0.060000 0.000000 0.029800 0.060000 0.029500 0.061900 0.060000 0.029800 0.092200 0.029100 0.029800 0.000000 0.059300 0.060600 0.171300 0.092200 0.133700 0.058100 0.060000 0.058500 0.089600 0.062000 0.029500 0.029800 0.029500 0.028500 0.057500 0.061400 0.089600 0.029800 0.029800 0.132500 0.000000 0.000000
MuntiacusR 0.091600 0.394500 0.059300 0.274900 0.059200 0.091600 0.062400 0.062400 0.059300 0.029900 0.092600 0.058800 0.127900 0.030200 0.059700 0.030200 0.096400 0.167700 0.060800 0.059300 0.030200 0.060800 0.029900 0.062800 0.060800 0.030200 0.093700 0.092000 0.030200 0.059300 0.000000 0.061300 0.173400 0.093700 0.136000 0.058800 0.060800 0.059200 0.090800 0.062800 0.029300 0.030200 0.029500 0.029900 0.058800 0.062100 0.090800 0.030200 0.030200 0.134200 0.059300 0.059300
HarveysDui 0.092600 0.397800 0.060600 0.276700 0.059800 0.092600 0.063100 0.063100 0.060600 0.030400 0.093900 0.060000 0.128600 0.030500 0.060600 0.030200 0.170500 0.170200 0.061700 0.060600 0.030500 0.061700 0.030400 0.063900 0.061700 0.030500 0.094200 0.094100 0.030500 0.060600 0.061300 0.000000 0.176300 0.091200 0.137400 0.060000 0.061700 0.059800 0.091600 0.063500 0.030400 0.030500 0.030400 0.030400 0.060000 0.063100 0.091600 0.030600 0.030500 0.137400 0.060600 0.060600
Pronghorn 0.209300 0.271600 0.171300 0.242600 0.098300 0.209300 0.104000 0.104000 0.171300 0.138100 0.213800 0.170000 0.257400 0.138800 0.171400 0.138800 0.173800 0.173500 0.174400 0.171300 0.138800 0.174400 0.138100 0.141500 0.174400 0.138800 0.214400 0.137400 0.138800 0.171300 0.173400 0.176300 0.000000 0.214400 0.188500 0.170000 0.174400 0.098300 0.209900 0.140900 0.138100 0.138800 0.138100 0.138100 0.170000 0.103000 0.209900 0.138500 0.138800 0.034900 0.171300 0.171300
BlueWildeb 0.125700 0.450500 0.092200 0.231700 0.090800 0.125700 0.095800 0.095800 0.092200 0.061900 0.126900 0.091400 0.030300 0.061900 0.092200 0.061900 0.208100 0.207800 0.093800 0.092200 0.061900 0.093800 0.061900 0.097600 0.093800 0.061900 0.000000 0.127100 0.061900 0.092200 0.093700 0.091200 0.214400 0.000000 0.100100 0.091400 0.093800 0.090800 0.124200 0.096800 0.061900 0.061900 0.061900 0.061900 0.091400 0.095800 0.124200 0.062100 0.061900 0.174000 0.092200 0.092200
Gemsbok 0.170800 0.440600 0.133700 0.302600 0.132300 0.170800 0.140500 0.140500 0.133700 0.101100 0.173000 0.132500 0.136900 0.101600 0.133900 0.101600 0.269500 0.268900 0.136100 0.133700 0.101600 0.136100 0.101100 0.103300 0.136100 0.101600 0.100100 0.173900 0.101600 0.133700 0.136000 0.137400 0.188500 0.100100 0.000000 0.132500 0.136100 0.132300 0.170200 0.102500 0.101100 0.101600 0.101100 0.101100 0.132500 0.139900 0.170200 0.101500 0.101600 0.146500 0.133700 0.133700
Yak 0.089500 0.384500 0.058100 0.266700 0.058000 0.089500 0.061100 0.061100 0.058100 0.029200 0.090700 0.000000 0.124800 0.029600 0.058500 0.029600 0.164300 0.164100 0.059500 0.058100 0.029600 0.059500 0.029200 0.061400 0.059500 0.029600 0.091400 0.090200 0.029600 0.058100 0.058800 0.060000 0.170000 0.091400 0.132500 0.000000 0.059500 0.058000 0.088900 0.061500 0.028900 0.029600 0.029200 0.028600 0.000000 0.060800 0.088900 0.029600 0.029600 0.131500 0.058100 0.058100
BlueSheep 0.028400 0.395000 0.060000 0.274700 0.059500 0.028400 0.062700 0.062700 0.060000 0.030200 0.029000 0.059500 0.128200 0.030400 0.060000 0.030400 0.168700 0.168500 0.000000 0.060000 0.030400 0.000000 0.030200 0.063400 0.000000 0.030400 0.093800 0.093100 0.030400 0.060000 0.060800 0.061700 0.174400 0.093800 0.136100 0.059500 0.000000 0.059500 0.091300 0.063100 0.030200 0.030400 0.030200 0.030200 0.059500 0.062400 0.091300 0.030300 0.030400 0.135800 0.060000 0.060000
BohorReedb 0.089500 0.384700 0.058500 0.266600 0.000000 0.089500 0.060800 0.060000 0.058500 0.029400 0.090700 0.058000 0.124100 0.029500 0.058500 0.029500 0.164400 0.164200 0.059500 0.058500 0.029500 0.059500 0.029400 0.061700 0.059500 0.029200 0.090800 0.090800 0.029500 0.058500 0.059200 0.059800 0.098300 0.090800 0.132300 0.058000 0.059500 0.000000 0.088500 0.061400 0.029400 0.029500 0.029400 0.029400 0.058000 0.060800 0.088500 0.029500 0.029500 0.132400 0.058500 0.058500
KirksDik 0.122100 0.442900 0.089600 0.317800 0.088500 0.122100 0.093200 0.093200 0.089600 0.060100 0.123700 0.088900 0.159200 0.060100 0.089700 0.060100 0.202900 0.202600 0.091300 0.089600 0.060100 0.091300 0.060100 0.094800 0.091300 0.060100 0.124200 0.123800 0.060100 0.089600 0.090800 0.091600 0.209900 0.124200 0.170200 0.088900 0.091300 0.088500 0.000000 0.094300 0.060100 0.060100 0.060100 0.060100 0.088900 0.093200 0.000000 0.060300 0.060100 0.169800 0.089600 0.089600
RoeDeer 0.094800 0.360200 0.062000 0.237500 0.061400 0.094800 0.065000 0.065000 0.062000 0.031200 0.096200 0.061500 0.132400 0.031400 0.062100 0.031400 0.176300 0.176000 0.063100 0.062000 0.031400 0.063100 0.031200 0.000100 0.063100 0.031400 0.096800 0.096600 0.031400 0.062000 0.062800 0.063500 0.140900 0.096800 0.102500 0.061500 0.063100 0.061400 0.094300 0.000000 0.031200 0.031400 0.031200 0.031200 0.061500 0.064700 0.094300 0.031400 0.031400 0.102600 0.062000 0.062000
WhiteLippe 0.060600 0.350800 0.029500 0.232500 0.029400 0.060600 0.031000 0.031000 0.028900 0.000000 0.061300 0.028200 0.095100 0.000100 0.029700 0.000100 0.133400 0.133200 0.030200 0.029500 0.000100 0.030200 0.000000 0.031200 0.030200 0.000100 0.061900 0.061000 0.000100 0.029500 0.029300 0.030400 0.138100 0.061900 0.101100 0.028900 0.030200 0.029400 0.060100 0.031200 0.000000 0.000100 0.000000 0.000000 0.029200 0.030900 0.060100 0.000100 0.000100 0.100200 0.029500 0.029500
ThomsonGaz 0.060900 0.352800 0.029800 0.233800 0.029500 0.060900 0.031100 0.030700 0.029800 0.000100 0.061700 0.029600 0.095100 0.000000 0.029900 0.000000 0.134200 0.134000 0.030400 0.029800 0.000000 0.030400 0.000100 0.031500 0.030400 0.000000 0.061900 0.061800 0.000000 0.029800 0.030200 0.030500 0.138800 0.061900 0.101600 0.029600 0.030400 0.029500 0.060100 0.031400 0.000100 0.000000 0.000100 0.000100 0.029600 0.031100 0.060100 0.000100 0.000000 0.101400 0.029800 0.029800
MuntiacusC 0.060600 0.350800 0.029500 0.232500 0.029400 0.060600 0.031000 0.031000 0.029500 0.000000 0.061300 0.029200 0.095100 0.000100 0.029700 0.000100 0.133400 0.133200 0.030200 0.029500 0.000100 0.030200 0.000000 0.031200 0.030200 0.000100 0.061900 0.061000 0.000100 0.029500 0.029500 0.030400 0.138100 0.061900 0.101100 0.029200 0.030200 0.029400 0.060100 0.031200 0.000000 0.000100 0.000000 0.000000 0.029200 0.030900 0.060100 0.000100 0.000100 0.100200 0.029500 0.029500
WhiteTaile 0.060600 0.350800 0.029500 0.232500 0.029400 0.060600 0.031000 0.031000 0.029500 0.000000 0.061300 0.028500 0.095100 0.000100 0.029700 0.000100 0.133400 0.133200 0.030200 0.029500 0.000100 0.030200 0.000000 0.031200 0.030200 0.000100 0.061900 0.061000 0.000100 0.028500 0.029900 0.030400 0.138100 0.061900 0.101100 0.028600 0.030200 0.029400 0.060100 0.031200 0.000000 0.000100 0.000000 0.000000 0.029200 0.030900 0.060100 0.000100 0.000100 0.100200 0.028500 0.029500
Cattle 0.089500 0.384500 0.058100 0.266700 0.058000 0.089500 0.061100 0.061100 0.058100 0.029200 0.090700 0.000000 0.124800 0.029600 0.058500 0.029600 0.164300 0.164100 0.059500 0.058100 0.029600 0.059500 0.029200 0.061400 0.059500 0.029600 0.091400 0.090200 0.029600 0.057500 0.058800 0.060000 0.170000 0.091400 0.132500 0.000000 0.059500 0.058000 0.088900 0.061500 0.029200 0.029600 0.029200 0.029200 0.000000 0.060800 0.088900 0.029600 0.029600 0.131500 0.058100 0.058100
RoyalAntel 0.093700 0.309300 0.061400 0.285500 0.060800 0.093700 0.000100 0.000100 0.061400 0.030900 0.095100 0.060800 0.130900 0.031100 0.061400 0.031100 0.099700 0.099600 0.062400 0.061400 0.031100 0.062400 0.030900 0.065000 0.062400 0.031100 0.095800 0.030700 0.031100 0.061400 0.062100 0.063100 0.103000 0.095800 0.139900 0.060800 0.062400 0.060800 0.093200 0.064700 0.030900 0.031100 0.030900 0.030900 0.060800 0.000000 0.093200 0.031000 0.031100 0.067200 0.061400 0.061400
Steenbok 0.122100 0.442900 0.089600 0.317800 0.088200 0.122100 0.093200 0.093200 0.089600 0.060100 0.123700 0.088900 0.159200 0.060100 0.089700 0.060100 0.202900 0.202600 0.091300 0.089600 0.060100 0.091300 0.060100 0.094800 0.091300 0.060100 0.124200 0.123800 0.060100 0.089600 0.090800 0.091600 0.209900 0.124200 0.170200 0.088900 0.091300 0.088500 0.000000 0.094300 0.060100 0.060100 0.060100 0.060100 0.088900 0.093200 0.000000 0.060300 0.060100 0.169800 0.089600 0.089600
Impala 0.060800 0.352500 0.029800 0.233800 0.029500 0.060800 0.031200 0.031200 0.029800 0.000100 0.061500 0.029600 0.095400 0.000100 0.029800 0.000100 0.133800 0.133600 0.030300 0.029800 0.000100 0.030300 0.000100 0.031500 0.030300 0.000100 0.062100 0.061600 0.000100 0.029800 0.030200 0.030600 0.138500 0.062100 0.101500 0.029600 0.030300 0.029500 0.060300 0.031400 0.000100 0.000100 0.000100 0.000100 0.029600 0.031000 0.060300 0.000000 0.000100 0.101200 0.029800 0.029800
Klipspring 0.060900 0.352800 0.029800 0.233800 0.029300 0.060900 0.030700 0.030600 0.029800 0.000100 0.061700 0.029600 0.095100 0.000000 0.029900 0.000000 0.134200 0.134000 0.030400 0.029800 0.000000 0.030400 0.000100 0.031500 0.030400 0.000000 0.061900 0.061800 0.000000 0.029800 0.030200 0.030500 0.138800 0.061900 0.101600 0.029600 0.030400 0.029500 0.060100 0.031400 0.000100 0.000000 0.000100 0.000100 0.029600 0.031100 0.060100 0.000100 0.000000 0.101400 0.029800 0.029800
ForestMusk 0.169900 0.236000 0.132500 0.203900 0.132400 0.169900 0.067700 0.067700 0.132500 0.100200 0.173100 0.131500 0.214500 0.101400 0.133600 0.101400 0.106100 0.105900 0.135800 0.132500 0.101400 0.135800 0.100200 0.102500 0.135800 0.101400 0.174000 0.100000 0.101400 0.132500 0.134200 0.137400 0.034900 0.174000 0.146500 0.131500 0.135800 0.132400 0.169800 0.102600 0.100200 0.101400 0.100200 0.100200 0.131500 0.067200 0.169800 0.101200 0.101400 0.000000 0.132500 0.132500
Bushbuck 0.090300 0.386800 0.000000 0.268600 0.058500 0.090300 0.061700 0.061700 0.000000 0.029500 0.091500 0.058100 0.093800 0.029800 0.059000 0.029800 0.165500 0.165300 0.060000 0.000000 0.029800 0.060000 0.029500 0.061900 0.060000 0.029800 0.092200 0.029100 0.029800 0.000000 0.059300 0.060600 0.171300 0.092200 0.133700 0.058100 0.060000 0.058500 0.089600 0.062000 0.029500 0.029800 0.029500 0.028500 0.058100 0.061400 0.089600 0.029800 0.029800 0.132500 0.000000 0.000000
GreaterKud 0.090300 0.386800 0.000000 0.268600 0.058500 0.090300 0.061700 0.061700 0.000000 0.028200 0.091500 0.058000 0.093800 0.029800 0.059000 0.029800 0.165500 0.165300 0.060000 0.000000 0.029800 0.060000 0.028200 0.061900 0.060000 0.029800 0.092200 0.029100 0.029800 0.000000 0.059300 0.060600 0.171300 0.092200 0.133700 0.058100 0.060000 0.058500 0.089600 0.062000 0.029500 0.029800 0.029500 0.029500 0.058100 0.061400 0.089600 0.029800 0.029800 0.132500 0.000000 0.000000
