CODONML (in paml version 4.10.7, June 2023)  /home/rachel/ruminants_paml/6406-phy-tree/ENSBTAT00000047451.fasta.phy
Model: free dN/dS Ratios for branches,  kappa = 2.000 fixed

Codon frequency model: F3x4
ns =  54  ls =  26

Codon usage in sequences
--------------------------------------------------------------------------------------------------------------------------------------
Phe TTT   0   0   0   0   0   0 | Ser TCT   0   0   0   0   0   0 | Tyr TAT   1   0   1   1   0   1 | Cys TGT   1   1   1   1   1   1
    TTC   2   2   2   2   2   2 |     TCC   0   0   0   0   0   0 |     TAC   1   2   1   1   2   1 |     TGC   0   0   0   0   0   0
Leu TTA   0   0   0   0   0   0 |     TCA   0   0   0   0   0   0 | *** TAA   0   0   0   0   0   0 | *** TGA   0   0   0   0   0   0
    TTG   0   0   0   0   0   0 |     TCG   0   0   0   0   0   0 |     TAG   0   0   0   0   0   0 | Trp TGG   2   2   2   2   2   2
--------------------------------------------------------------------------------------------------------------------------------------
Leu CTT   0   0   0   0   0   0 | Pro CCT   0   0   0   0   0   0 | His CAT   0   0   0   0   0   0 | Arg CGT   0   0   0   0   0   0
    CTC   0   0   0   0   0   0 |     CCC   0   0   0   0   0   0 |     CAC   0   0   0   0   0   0 |     CGC   0   0   0   0   0   0
    CTA   0   0   0   0   0   0 |     CCA   0   0   0   0   0   0 | Gln CAA   0   0   0   0   0   0 |     CGA   0   0   0   0   0   0
    CTG   1   1   1   1   1   1 |     CCG   0   0   0   0   0   0 |     CAG   1   1   1   1   1   1 |     CGG   0   0   0   0   0   0
--------------------------------------------------------------------------------------------------------------------------------------
Ile ATT   1   2   1   1   0   1 | Thr ACT   1   0   1   1   2   1 | Asn AAT   2   2   2   2   2   2 | Ser AGT   1   2   1   1   2   2
    ATC   1   1   1   1   1   1 |     ACC   1   1   1   1   1   1 |     AAC   0   0   0   0   0   0 |     AGC   2   2   2   2   2   2
    ATA   0   0   0   0   0   0 |     ACA   1   1   1   1   0   1 | Lys AAA   1   1   1   1   1   1 | Arg AGA   2   2   2   2   2   2
Met ATG   0   0   0   0   0   0 |     ACG   0   0   0   0   1   0 |     AAG   0   0   0   0   0   0 |     AGG   1   1   1   1   1   1
--------------------------------------------------------------------------------------------------------------------------------------
Val GTT   0   0   0   0   0   0 | Ala GCT   0   0   0   0   0   0 | Asp GAT   0   0   0   0   0   0 | Gly GGT   1   0   1   1   0   0
    GTC   0   0   0   0   0   0 |     GCC   0   0   0   0   0   0 |     GAC   0   0   0   0   0   0 |     GGC   0   0   0   0   0   0
    GTA   0   0   0   0   0   0 |     GCA   0   0   0   0   1   0 | Glu GAA   0   0   0   0   0   0 |     GGA   0   0   0   0   0   0
    GTG   1   1   1   1   1   1 |     GCG   1   1   1   1   0   1 |     GAG   0   0   0   0   0   0 |     GGG   0   0   0   0   0   0
--------------------------------------------------------------------------------------------------------------------------------------

--------------------------------------------------------------------------------------------------------------------------------------
Phe TTT   0   0   0   0   0   0 | Ser TCT   0   0   0   0   0   0 | Tyr TAT   1   1   1   2   1   1 | Cys TGT   1   1   1   1   1   1
    TTC   2   2   2   2   2   2 |     TCC   0   0   0   0   0   0 |     TAC   1   1   1   0   1   1 |     TGC   0   0   0   0   0   0
Leu TTA   0   0   0   0   0   0 |     TCA   0   0   0   0   0   0 | *** TAA   0   0   0   0   0   0 | *** TGA   0   0   0   0   0   0
    TTG   0   0   0   0   0   0 |     TCG   0   0   0   0   0   0 |     TAG   0   0   0   0   0   0 | Trp TGG   2   2   2   2   2   2
--------------------------------------------------------------------------------------------------------------------------------------
Leu CTT   0   0   0   0   0   0 | Pro CCT   0   0   0   0   0   0 | His CAT   0   0   0   0   0   0 | Arg CGT   0   0   0   0   0   0
    CTC   0   0   0   0   0   0 |     CCC   0   0   0   0   0   0 |     CAC   0   0   0   0   0   0 |     CGC   0   0   0   0   0   0
    CTA   0   0   0   0   0   0 |     CCA   0   0   0   0   0   0 | Gln CAA   0   0   0   0   0   0 |     CGA   0   0   0   0   0   0
    CTG   1   1   1   1   1   1 |     CCG   0   0   0   0   0   0 |     CAG   1   1   1   1   1   1 |     CGG   0   0   0   0   0   0
--------------------------------------------------------------------------------------------------------------------------------------
Ile ATT   1   1   1   1   1   1 | Thr ACT   1   1   1   1   1   1 | Asn AAT   2   2   2   2   2   2 | Ser AGT   1   1   1   1   1   1
    ATC   1   1   1   1   1   1 |     ACC   1   1   1   1   1   1 |     AAC   0   0   0   0   0   0 |     AGC   2   2   2   2   2   2
    ATA   0   0   0   0   0   0 |     ACA   1   1   1   1   1   1 | Lys AAA   1   1   1   1   1   1 | Arg AGA   2   2   2   2   2   2
Met ATG   0   0   0   0   0   0 |     ACG   0   0   0   0   0   0 |     AAG   0   0   0   0   0   0 |     AGG   1   1   1   1   1   1
--------------------------------------------------------------------------------------------------------------------------------------
Val GTT   0   0   0   0   0   0 | Ala GCT   0   0   0   0   0   0 | Asp GAT   0   0   0   0   0   0 | Gly GGT   1   1   1   1   1   1
    GTC   0   0   0   0   0   0 |     GCC   0   0   0   0   0   0 |     GAC   0   0   0   0   0   0 |     GGC   0   0   0   0   0   0
    GTA   0   0   0   0   0   0 |     GCA   0   1   0   0   0   0 | Glu GAA   0   0   0   0   0   0 |     GGA   0   0   0   0   0   0
    GTG   1   1   1   1   1   1 |     GCG   1   0   1   1   1   1 |     GAG   0   0   0   0   0   0 |     GGG   0   0   0   0   0   0
--------------------------------------------------------------------------------------------------------------------------------------

--------------------------------------------------------------------------------------------------------------------------------------
Phe TTT   0   0   0   0   0   0 | Ser TCT   0   0   0   0   0   0 | Tyr TAT   1   1   1   1   1   1 | Cys TGT   1   1   1   1   1   1
    TTC   2   2   2   2   2   2 |     TCC   0   0   0   0   0   0 |     TAC   1   1   1   1   1   1 |     TGC   0   0   0   0   0   0
Leu TTA   0   0   0   0   0   0 |     TCA   0   0   0   0   0   0 | *** TAA   0   0   0   0   0   0 | *** TGA   0   0   0   0   0   0
    TTG   0   0   0   0   0   0 |     TCG   0   0   0   0   0   0 |     TAG   0   0   0   0   0   0 | Trp TGG   2   2   2   2   2   2
--------------------------------------------------------------------------------------------------------------------------------------
Leu CTT   0   0   0   0   0   0 | Pro CCT   0   0   0   0   0   0 | His CAT   0   0   0   0   0   0 | Arg CGT   0   0   0   0   0   0
    CTC   0   0   0   0   0   0 |     CCC   0   0   0   0   0   0 |     CAC   0   0   0   0   0   0 |     CGC   0   0   0   0   0   0
    CTA   0   0   0   0   0   0 |     CCA   0   0   0   0   0   0 | Gln CAA   0   0   0   0   0   0 |     CGA   0   0   0   0   0   0
    CTG   1   1   1   1   1   1 |     CCG   0   0   0   0   0   0 |     CAG   1   1   1   1   1   1 |     CGG   0   0   0   0   0   0
--------------------------------------------------------------------------------------------------------------------------------------
Ile ATT   1   1   1   1   1   1 | Thr ACT   1   1   1   1   1   1 | Asn AAT   2   2   2   2   2   2 | Ser AGT   1   1   1   1   1   1
    ATC   1   1   1   1   1   1 |     ACC   1   1   1   1   1   1 |     AAC   0   0   0   0   0   0 |     AGC   2   2   2   2   2   2
    ATA   0   0   0   0   0   0 |     ACA   1   1   1   1   1   1 | Lys AAA   1   1   1   1   1   1 | Arg AGA   2   2   2   2   2   2
Met ATG   0   0   0   0   0   0 |     ACG   0   0   0   0   0   0 |     AAG   0   0   0   0   0   0 |     AGG   1   1   1   1   1   1
--------------------------------------------------------------------------------------------------------------------------------------
Val GTT   0   0   0   0   0   0 | Ala GCT   0   0   0   0   0   0 | Asp GAT   0   0   0   0   0   0 | Gly GGT   1   1   1   1   1   1
    GTC   0   0   0   0   0   0 |     GCC   0   0   0   0   0   0 |     GAC   0   0   0   0   0   0 |     GGC   0   0   0   0   0   0
    GTA   0   0   0   0   0   0 |     GCA   0   0   0   0   1   1 | Glu GAA   0   0   0   0   0   0 |     GGA   0   0   0   0   0   0
    GTG   1   1   1   1   1   1 |     GCG   1   1   1   1   0   0 |     GAG   0   0   0   0   0   0 |     GGG   0   0   0   0   0   0
--------------------------------------------------------------------------------------------------------------------------------------

--------------------------------------------------------------------------------------------------------------------------------------
Phe TTT   1   1   0   0   0   0 | Ser TCT   0   0   0   0   0   0 | Tyr TAT   1   1   1   1   1   1 | Cys TGT   1   1   1   1   1   1
    TTC   1   1   2   2   2   2 |     TCC   0   0   0   0   0   0 |     TAC   1   1   1   1   1   1 |     TGC   0   0   0   0   0   0
Leu TTA   0   0   0   0   0   0 |     TCA   0   0   0   0   0   0 | *** TAA   0   0   0   0   0   0 | *** TGA   0   0   0   0   0   0
    TTG   0   0   0   0   0   0 |     TCG   0   0   0   0   0   0 |     TAG   0   0   0   0   0   0 | Trp TGG   2   2   2   2   2   2
--------------------------------------------------------------------------------------------------------------------------------------
Leu CTT   0   0   0   0   0   0 | Pro CCT   0   0   0   0   0   0 | His CAT   0   0   0   0   0   0 | Arg CGT   0   0   0   0   0   0
    CTC   0   0   0   0   0   0 |     CCC   0   0   0   0   0   0 |     CAC   0   0   0   0   0   0 |     CGC   0   0   0   0   0   0
    CTA   0   0   0   0   0   0 |     CCA   0   0   0   0   0   0 | Gln CAA   0   0   0   0   0   0 |     CGA   0   0   0   0   0   0
    CTG   1   1   1   1   1   1 |     CCG   0   0   0   0   0   0 |     CAG   1   1   1   1   1   1 |     CGG   0   0   0   0   0   0
--------------------------------------------------------------------------------------------------------------------------------------
Ile ATT   1   1   1   1   1   1 | Thr ACT   1   1   1   1   1   1 | Asn AAT   2   2   2   2   2   2 | Ser AGT   1   1   1   1   1   1
    ATC   1   1   1   1   1   1 |     ACC   1   1   1   1   1   1 |     AAC   0   0   0   0   0   0 |     AGC   2   2   2   2   2   2
    ATA   0   0   0   0   0   0 |     ACA   1   1   1   1   1   1 | Lys AAA   1   1   1   1   1   1 | Arg AGA   2   2   2   2   2   2
Met ATG   0   0   0   0   0   0 |     ACG   0   0   0   0   0   0 |     AAG   0   0   0   0   0   0 |     AGG   1   1   1   1   1   1
--------------------------------------------------------------------------------------------------------------------------------------
Val GTT   0   0   0   0   0   0 | Ala GCT   0   0   0   0   0   0 | Asp GAT   0   0   0   0   0   0 | Gly GGT   1   1   1   1   0   1
    GTC   0   0   0   0   0   0 |     GCC   0   0   0   0   0   0 |     GAC   0   0   0   0   0   0 |     GGC   0   0   0   0   1   0
    GTA   1   1   0   0   0   0 |     GCA   0   0   0   0   0   0 | Glu GAA   0   0   0   0   0   0 |     GGA   0   0   0   0   0   0
    GTG   0   0   1   1   1   1 |     GCG   1   0   1   1   1   1 |     GAG   0   0   0   0   0   0 |     GGG   0   1   0   0   0   0
--------------------------------------------------------------------------------------------------------------------------------------

--------------------------------------------------------------------------------------------------------------------------------------
Phe TTT   0   0   0   0   0   0 | Ser TCT   0   0   0   0   0   0 | Tyr TAT   1   1   1   1   1   1 | Cys TGT   1   1   1   1   1   1
    TTC   2   2   2   2   2   2 |     TCC   0   0   0   0   0   0 |     TAC   1   1   1   1   1   1 |     TGC   0   0   0   0   0   0
Leu TTA   0   0   0   0   0   0 |     TCA   0   0   0   0   0   0 | *** TAA   0   0   0   0   0   0 | *** TGA   0   0   0   0   0   0
    TTG   0   0   0   0   0   0 |     TCG   0   0   0   0   0   0 |     TAG   0   0   0   0   0   0 | Trp TGG   2   2   2   2   2   2
--------------------------------------------------------------------------------------------------------------------------------------
Leu CTT   0   0   0   0   0   0 | Pro CCT   0   0   0   0   0   0 | His CAT   0   0   0   0   0   0 | Arg CGT   0   0   0   0   0   0
    CTC   0   0   0   0   0   0 |     CCC   0   0   0   0   0   0 |     CAC   0   0   0   0   0   0 |     CGC   0   0   0   0   0   0
    CTA   0   0   0   0   0   0 |     CCA   0   0   0   0   0   0 | Gln CAA   0   0   0   0   0   0 |     CGA   0   0   0   0   0   0
    CTG   1   1   1   1   1   1 |     CCG   0   0   0   0   0   0 |     CAG   1   1   1   1   1   1 |     CGG   0   1   0   0   0   0
--------------------------------------------------------------------------------------------------------------------------------------
Ile ATT   1   1   1   1   1   1 | Thr ACT   1   1   1   1   1   1 | Asn AAT   2   2   2   2   2   2 | Ser AGT   1   1   1   1   1   1
    ATC   1   1   1   1   1   1 |     ACC   1   1   1   1   1   1 |     AAC   0   0   0   0   0   0 |     AGC   2   2   2   2   2   2
    ATA   0   0   0   0   0   0 |     ACA   1   1   1   1   1   1 | Lys AAA   1   1   1   1   1   1 | Arg AGA   2   2   2   2   2   2
Met ATG   0   0   0   0   0   0 |     ACG   0   0   0   0   0   0 |     AAG   0   0   0   0   0   0 |     AGG   1   0   1   1   1   1
--------------------------------------------------------------------------------------------------------------------------------------
Val GTT   0   0   0   0   0   0 | Ala GCT   0   0   0   0   0   0 | Asp GAT   0   0   0   0   0   0 | Gly GGT   1   1   1   1   1   1
    GTC   0   0   0   0   0   0 |     GCC   1   0   0   0   0   0 |     GAC   0   0   0   0   0   0 |     GGC   0   0   0   0   0   0
    GTA   0   0   0   0   0   0 |     GCA   0   1   0   0   0   0 | Glu GAA   0   0   0   0   0   0 |     GGA   0   0   0   0   0   0
    GTG   1   1   1   1   1   1 |     GCG   0   0   1   1   1   1 |     GAG   0   0   0   0   0   0 |     GGG   0   0   0   0   0   0
--------------------------------------------------------------------------------------------------------------------------------------

--------------------------------------------------------------------------------------------------------------------------------------
Phe TTT   0   0   0   0   1   0 | Ser TCT   0   0   0   0   0   0 | Tyr TAT   1   1   1   1   1   1 | Cys TGT   1   1   1   1   1   1
    TTC   2   2   2   2   1   2 |     TCC   0   0   0   0   0   0 |     TAC   1   1   1   1   1   1 |     TGC   0   0   0   0   0   0
Leu TTA   0   0   0   0   0   0 |     TCA   0   0   0   0   0   0 | *** TAA   0   0   0   0   0   0 | *** TGA   0   0   0   0   0   0
    TTG   0   0   0   0   0   0 |     TCG   0   0   0   0   0   0 |     TAG   0   0   0   0   0   0 | Trp TGG   2   2   2   2   2   2
--------------------------------------------------------------------------------------------------------------------------------------
Leu CTT   0   0   0   0   0   0 | Pro CCT   0   0   0   0   0   0 | His CAT   0   0   0   0   0   0 | Arg CGT   0   0   0   0   0   0
    CTC   0   0   0   0   0   0 |     CCC   0   0   0   0   0   0 |     CAC   0   0   0   0   0   0 |     CGC   0   0   0   0   0   0
    CTA   0   0   0   0   0   0 |     CCA   0   0   0   0   0   0 | Gln CAA   0   0   0   0   0   0 |     CGA   0   0   0   0   0   0
    CTG   1   1   1   1   1   1 |     CCG   0   0   0   0   0   0 |     CAG   1   1   1   1   1   1 |     CGG   0   0   0   0   1   0
--------------------------------------------------------------------------------------------------------------------------------------
Ile ATT   1   1   2   1   1   1 | Thr ACT   1   1   1   1   1   1 | Asn AAT   2   2   2   2   2   2 | Ser AGT   1   1   1   1   1   1
    ATC   1   1   0   1   1   1 |     ACC   1   1   1   1   1   1 |     AAC   0   0   0   0   0   0 |     AGC   2   2   2   2   2   2
    ATA   0   0   0   0   0   0 |     ACA   1   1   1   1   1   1 | Lys AAA   1   1   1   1   0   1 | Arg AGA   2   2   2   2   2   2
Met ATG   0   0   0   0   0   0 |     ACG   0   0   0   0   0   0 |     AAG   0   0   0   0   1   0 |     AGG   1   1   1   1   0   1
--------------------------------------------------------------------------------------------------------------------------------------
Val GTT   0   0   0   0   0   0 | Ala GCT   0   0   0   0   0   0 | Asp GAT   0   0   0   0   0   0 | Gly GGT   1   1   1   1   1   1
    GTC   0   0   0   0   0   0 |     GCC   0   0   0   0   0   0 |     GAC   0   0   0   0   0   0 |     GGC   0   0   0   0   0   0
    GTA   0   0   0   0   0   0 |     GCA   0   0   0   0   0   0 | Glu GAA   0   0   0   0   0   0 |     GGA   0   0   0   0   0   0
    GTG   1   1   1   1   1   1 |     GCG   1   1   1   1   1   1 |     GAG   0   0   0   0   0   0 |     GGG   0   0   0   0   0   0
--------------------------------------------------------------------------------------------------------------------------------------

--------------------------------------------------------------------------------------------------------------------------------------
Phe TTT   0   0   0   0   0   0 | Ser TCT   0   0   0   0   0   0 | Tyr TAT   1   1   1   1   2   1 | Cys TGT   1   1   1   1   1   1
    TTC   2   2   2   2   2   2 |     TCC   0   0   0   0   0   0 |     TAC   1   1   1   1   0   1 |     TGC   0   0   0   0   0   0
Leu TTA   0   0   0   0   0   0 |     TCA   0   0   0   0   0   0 | *** TAA   0   0   0   0   0   0 | *** TGA   0   0   0   0   0   0
    TTG   0   0   0   0   0   0 |     TCG   0   0   0   0   0   0 |     TAG   0   0   0   0   0   0 | Trp TGG   2   2   2   2   2   2
--------------------------------------------------------------------------------------------------------------------------------------
Leu CTT   0   0   0   0   0   0 | Pro CCT   0   0   0   0   0   0 | His CAT   0   0   0   0   0   0 | Arg CGT   0   0   0   0   0   0
    CTC   0   0   0   0   0   0 |     CCC   0   0   0   0   0   0 |     CAC   0   0   0   0   0   0 |     CGC   0   0   0   0   0   0
    CTA   0   0   0   0   0   0 |     CCA   0   0   0   0   0   0 | Gln CAA   0   0   0   0   0   0 |     CGA   0   0   0   0   0   0
    CTG   1   1   1   1   1   1 |     CCG   0   0   0   0   0   0 |     CAG   1   1   1   1   1   1 |     CGG   0   0   0   0   0   0
--------------------------------------------------------------------------------------------------------------------------------------
Ile ATT   1   1   1   1   1   1 | Thr ACT   1   1   1   1   1   1 | Asn AAT   2   2   2   2   2   2 | Ser AGT   1   1   1   1   1   1
    ATC   1   1   1   1   1   1 |     ACC   1   1   1   1   1   1 |     AAC   0   0   0   0   0   0 |     AGC   2   2   2   2   2   2
    ATA   0   0   0   0   0   0 |     ACA   1   1   1   1   1   1 | Lys AAA   1   1   1   1   1   1 | Arg AGA   2   2   2   2   2   2
Met ATG   0   0   0   0   0   0 |     ACG   0   0   0   0   0   0 |     AAG   0   0   0   0   0   0 |     AGG   1   1   1   1   1   1
--------------------------------------------------------------------------------------------------------------------------------------
Val GTT   0   0   0   0   0   0 | Ala GCT   0   0   0   0   0   0 | Asp GAT   0   0   0   0   0   0 | Gly GGT   1   1   1   1   1   1
    GTC   0   0   0   0   0   0 |     GCC   0   0   0   0   0   0 |     GAC   0   0   0   0   0   0 |     GGC   0   0   0   0   0   0
    GTA   0   0   0   0   0   1 |     GCA   0   0   0   0   0   0 | Glu GAA   0   0   0   0   0   0 |     GGA   0   0   0   0   0   0
    GTG   1   1   1   1   2   0 |     GCG   1   1   1   1   0   1 |     GAG   0   0   0   0   0   0 |     GGG   0   0   0   0   0   0
--------------------------------------------------------------------------------------------------------------------------------------

--------------------------------------------------------------------------------------------------------------------------------------
Phe TTT   0   0   0   0   0   0 | Ser TCT   0   0   0   0   0   0 | Tyr TAT   1   1   1   1   1   1 | Cys TGT   1   1   1   1   1   1
    TTC   2   2   2   2   2   2 |     TCC   0   0   0   0   0   0 |     TAC   1   1   1   1   1   1 |     TGC   0   0   0   0   0   0
Leu TTA   0   0   0   0   0   0 |     TCA   0   0   0   0   0   0 | *** TAA   0   0   0   0   0   0 | *** TGA   0   0   0   0   0   0
    TTG   0   0   0   0   0   0 |     TCG   0   0   0   0   0   0 |     TAG   0   0   0   0   0   0 | Trp TGG   2   2   2   2   2   2
--------------------------------------------------------------------------------------------------------------------------------------
Leu CTT   0   0   0   0   0   0 | Pro CCT   0   0   0   0   0   0 | His CAT   0   0   0   0   0   0 | Arg CGT   0   0   0   0   0   0
    CTC   0   0   0   0   0   0 |     CCC   0   0   0   0   0   0 |     CAC   0   0   0   0   0   0 |     CGC   0   0   0   0   0   0
    CTA   0   0   0   0   0   0 |     CCA   0   0   0   0   0   0 | Gln CAA   0   0   0   0   0   0 |     CGA   0   0   0   0   0   0
    CTG   1   1   1   1   1   1 |     CCG   0   0   0   0   0   0 |     CAG   1   1   1   1   1   1 |     CGG   0   0   0   1   0   0
--------------------------------------------------------------------------------------------------------------------------------------
Ile ATT   1   1   0   1   1   2 | Thr ACT   1   1   1   1   1   0 | Asn AAT   2   2   2   2   2   2 | Ser AGT   1   1   1   1   1   1
    ATC   1   1   2   1   1   1 |     ACC   1   1   1   1   1   1 |     AAC   0   0   0   0   0   0 |     AGC   2   2   2   2   2   2
    ATA   0   0   0   0   0   0 |     ACA   1   1   1   1   1   1 | Lys AAA   1   1   1   1   1   1 | Arg AGA   2   2   2   2   2   2
Met ATG   0   0   0   0   0   0 |     ACG   0   0   0   0   0   0 |     AAG   0   0   0   0   0   0 |     AGG   1   1   1   0   1   1
--------------------------------------------------------------------------------------------------------------------------------------
Val GTT   0   0   0   0   0   0 | Ala GCT   0   0   0   0   0   0 | Asp GAT   0   0   0   0   0   0 | Gly GGT   1   1   1   1   1   1
    GTC   0   0   0   0   0   0 |     GCC   1   0   0   0   0   0 |     GAC   0   0   0   0   0   0 |     GGC   0   0   0   0   0   0
    GTA   0   0   0   0   0   0 |     GCA   0   0   0   1   0   1 | Glu GAA   0   0   0   0   0   0 |     GGA   0   0   0   0   0   0
    GTG   1   1   1   1   1   1 |     GCG   0   1   1   0   1   0 |     GAG   0   0   0   0   0   0 |     GGG   0   0   0   0   0   0
--------------------------------------------------------------------------------------------------------------------------------------

--------------------------------------------------------------------------------------------------------------------------------------
Phe TTT   0   0   0   0   0   0 | Ser TCT   0   0   0   0   0   0 | Tyr TAT   1   1   1   1   1   1 | Cys TGT   1   1   1   1   1   1
    TTC   2   2   2   2   2   2 |     TCC   0   0   0   0   0   0 |     TAC   1   1   1   1   1   1 |     TGC   0   0   0   0   0   0
Leu TTA   0   0   0   0   0   0 |     TCA   0   0   0   0   0   0 | *** TAA   0   0   0   0   0   0 | *** TGA   0   0   0   0   0   0
    TTG   0   0   0   0   0   0 |     TCG   0   0   0   0   0   0 |     TAG   0   0   0   0   0   0 | Trp TGG   2   2   2   2   2   2
--------------------------------------------------------------------------------------------------------------------------------------
Leu CTT   0   0   0   0   0   0 | Pro CCT   0   0   0   0   0   0 | His CAT   0   0   0   0   0   0 | Arg CGT   0   0   0   0   0   0
    CTC   0   0   0   0   0   0 |     CCC   0   0   0   0   0   0 |     CAC   0   0   0   0   0   0 |     CGC   0   0   0   0   0   0
    CTA   0   0   0   0   0   0 |     CCA   0   0   0   0   0   0 | Gln CAA   0   0   0   0   0   0 |     CGA   0   0   0   0   0   0
    CTG   1   1   1   1   1   1 |     CCG   0   0   0   0   0   0 |     CAG   1   1   1   1   1   1 |     CGG   0   0   0   0   0   0
--------------------------------------------------------------------------------------------------------------------------------------
Ile ATT   1   1   1   1   1   1 | Thr ACT   1   1   1   1   1   1 | Asn AAT   2   2   2   2   2   2 | Ser AGT   1   1   1   1   1   1
    ATC   1   1   1   1   1   1 |     ACC   1   1   1   1   1   1 |     AAC   0   0   0   0   0   0 |     AGC   2   2   2   2   2   2
    ATA   0   0   0   0   0   0 |     ACA   1   1   1   1   1   1 | Lys AAA   1   1   1   1   1   1 | Arg AGA   2   2   2   2   2   2
Met ATG   0   0   0   0   0   0 |     ACG   0   0   0   0   0   0 |     AAG   0   0   0   0   0   0 |     AGG   1   1   1   1   1   1
--------------------------------------------------------------------------------------------------------------------------------------
Val GTT   0   0   0   0   0   0 | Ala GCT   0   0   0   0   0   0 | Asp GAT   0   0   0   0   0   0 | Gly GGT   0   1   1   1   1   1
    GTC   0   0   0   0   0   0 |     GCC   0   0   0   0   0   0 |     GAC   0   0   0   0   0   0 |     GGC   1   0   0   0   0   0
    GTA   0   0   0   0   0   0 |     GCA   0   0   0   0   0   0 | Glu GAA   0   0   0   0   0   0 |     GGA   0   0   0   0   0   0
    GTG   1   1   1   1   1   1 |     GCG   1   1   1   1   1   1 |     GAG   0   0   0   0   0   0 |     GGG   0   0   0   0   0   0
--------------------------------------------------------------------------------------------------------------------------------------

Codon position x base (3x4) table for each sequence.

#1: Argali         
position  1:    T:0.26923    C:0.07692    A:0.53846    G:0.11538
position  2:    T:0.23077    C:0.15385    A:0.23077    G:0.38462
position  3:    T:0.30769    C:0.26923    A:0.15385    G:0.26923
Average         T:0.26923    C:0.16667    A:0.30769    G:0.25641

#2: LesserMouseDeer
position  1:    T:0.26923    C:0.07692    A:0.57692    G:0.07692
position  2:    T:0.26923    C:0.11538    A:0.23077    G:0.38462
position  3:    T:0.26923    C:0.30769    A:0.15385    G:0.26923
Average         T:0.26923    C:0.16667    A:0.32051    G:0.24359

#3: LesserKudu     
position  1:    T:0.26923    C:0.07692    A:0.53846    G:0.11538
position  2:    T:0.23077    C:0.15385    A:0.23077    G:0.38462
position  3:    T:0.30769    C:0.26923    A:0.15385    G:0.26923
Average         T:0.26923    C:0.16667    A:0.30769    G:0.25641

#4: ForestMuskDeer2
position  1:    T:0.26923    C:0.07692    A:0.53846    G:0.11538
position  2:    T:0.23077    C:0.15385    A:0.23077    G:0.38462
position  3:    T:0.30769    C:0.26923    A:0.15385    G:0.26923
Average         T:0.26923    C:0.16667    A:0.30769    G:0.25641

#5: Camel          
position  1:    T:0.26923    C:0.07692    A:0.57692    G:0.07692
position  2:    T:0.19231    C:0.19231    A:0.23077    G:0.38462
position  3:    T:0.26923    C:0.30769    A:0.15385    G:0.26923
Average         T:0.24359    C:0.19231    A:0.32051    G:0.24359

#6: KillerWhale    
position  1:    T:0.26923    C:0.07692    A:0.57692    G:0.07692
position  2:    T:0.23077    C:0.15385    A:0.23077    G:0.38462
position  3:    T:0.30769    C:0.26923    A:0.15385    G:0.26923
Average         T:0.26923    C:0.16667    A:0.32051    G:0.24359

#7: DefassaWaterbuck
position  1:    T:0.26923    C:0.07692    A:0.53846    G:0.11538
position  2:    T:0.23077    C:0.15385    A:0.23077    G:0.38462
position  3:    T:0.30769    C:0.26923    A:0.15385    G:0.26923
Average         T:0.26923    C:0.16667    A:0.30769    G:0.25641

#8: Sheep          
position  1:    T:0.26923    C:0.07692    A:0.53846    G:0.11538
position  2:    T:0.23077    C:0.15385    A:0.23077    G:0.38462
position  3:    T:0.30769    C:0.26923    A:0.19231    G:0.23077
Average         T:0.26923    C:0.16667    A:0.32051    G:0.24359

#9: MaxwellsDuiker 
position  1:    T:0.26923    C:0.07692    A:0.53846    G:0.11538
position  2:    T:0.23077    C:0.15385    A:0.23077    G:0.38462
position  3:    T:0.30769    C:0.26923    A:0.15385    G:0.26923
Average         T:0.26923    C:0.16667    A:0.30769    G:0.25641

#10: GazellaPrzewalskyi
position  1:    T:0.26923    C:0.07692    A:0.53846    G:0.11538
position  2:    T:0.23077    C:0.15385    A:0.23077    G:0.38462
position  3:    T:0.34615    C:0.23077    A:0.15385    G:0.26923
Average         T:0.28205    C:0.15385    A:0.30769    G:0.25641

#11: MountainNyala  
position  1:    T:0.26923    C:0.07692    A:0.53846    G:0.11538
position  2:    T:0.23077    C:0.15385    A:0.23077    G:0.38462
position  3:    T:0.30769    C:0.26923    A:0.15385    G:0.26923
Average         T:0.26923    C:0.16667    A:0.30769    G:0.25641

#12: MuntiacusMuntjak
position  1:    T:0.26923    C:0.07692    A:0.53846    G:0.11538
position  2:    T:0.23077    C:0.15385    A:0.23077    G:0.38462
position  3:    T:0.30769    C:0.26923    A:0.15385    G:0.26923
Average         T:0.26923    C:0.16667    A:0.30769    G:0.25641

#13: goat           
position  1:    T:0.26923    C:0.07692    A:0.53846    G:0.11538
position  2:    T:0.23077    C:0.15385    A:0.23077    G:0.38462
position  3:    T:0.30769    C:0.26923    A:0.15385    G:0.26923
Average         T:0.26923    C:0.16667    A:0.30769    G:0.25641

#14: AfricanBuffalo 
position  1:    T:0.26923    C:0.07692    A:0.53846    G:0.11538
position  2:    T:0.23077    C:0.15385    A:0.23077    G:0.38462
position  3:    T:0.30769    C:0.26923    A:0.15385    G:0.26923
Average         T:0.26923    C:0.16667    A:0.30769    G:0.25641

#15: Topi           
position  1:    T:0.26923    C:0.07692    A:0.53846    G:0.11538
position  2:    T:0.23077    C:0.15385    A:0.23077    G:0.38462
position  3:    T:0.30769    C:0.26923    A:0.15385    G:0.26923
Average         T:0.26923    C:0.16667    A:0.30769    G:0.25641

#16: CommonDuiker   
position  1:    T:0.26923    C:0.07692    A:0.53846    G:0.11538
position  2:    T:0.23077    C:0.15385    A:0.23077    G:0.38462
position  3:    T:0.30769    C:0.26923    A:0.15385    G:0.26923
Average         T:0.26923    C:0.16667    A:0.30769    G:0.25641

#17: Suni           
position  1:    T:0.26923    C:0.07692    A:0.53846    G:0.11538
position  2:    T:0.23077    C:0.15385    A:0.23077    G:0.38462
position  3:    T:0.30769    C:0.26923    A:0.19231    G:0.23077
Average         T:0.26923    C:0.16667    A:0.32051    G:0.24359

#18: Springbuck     
position  1:    T:0.26923    C:0.07692    A:0.53846    G:0.11538
position  2:    T:0.23077    C:0.15385    A:0.23077    G:0.38462
position  3:    T:0.30769    C:0.26923    A:0.19231    G:0.23077
Average         T:0.26923    C:0.16667    A:0.32051    G:0.24359

#19: Okapi          
position  1:    T:0.26923    C:0.07692    A:0.53846    G:0.11538
position  2:    T:0.23077    C:0.15385    A:0.23077    G:0.38462
position  3:    T:0.34615    C:0.23077    A:0.19231    G:0.23077
Average         T:0.28205    C:0.15385    A:0.32051    G:0.24359

#20: Giraffe        
position  1:    T:0.26923    C:0.07692    A:0.53846    G:0.11538
position  2:    T:0.23077    C:0.11538    A:0.23077    G:0.42308
position  3:    T:0.34615    C:0.23077    A:0.19231    G:0.23077
Average         T:0.28205    C:0.14103    A:0.32051    G:0.25641

#21: TibetanAntelope
position  1:    T:0.26923    C:0.07692    A:0.53846    G:0.11538
position  2:    T:0.23077    C:0.15385    A:0.23077    G:0.38462
position  3:    T:0.30769    C:0.26923    A:0.15385    G:0.26923
Average         T:0.26923    C:0.16667    A:0.30769    G:0.25641

#22: Sitatunga      
position  1:    T:0.26923    C:0.07692    A:0.53846    G:0.11538
position  2:    T:0.23077    C:0.15385    A:0.23077    G:0.38462
position  3:    T:0.30769    C:0.26923    A:0.15385    G:0.26923
Average         T:0.26923    C:0.16667    A:0.30769    G:0.25641

#23: Oribi          
position  1:    T:0.26923    C:0.07692    A:0.53846    G:0.11538
position  2:    T:0.23077    C:0.15385    A:0.23077    G:0.38462
position  3:    T:0.26923    C:0.30769    A:0.15385    G:0.26923
Average         T:0.25641    C:0.17949    A:0.30769    G:0.25641

#24: BarbarySheep   
position  1:    T:0.26923    C:0.07692    A:0.53846    G:0.11538
position  2:    T:0.23077    C:0.15385    A:0.23077    G:0.38462
position  3:    T:0.30769    C:0.26923    A:0.15385    G:0.26923
Average         T:0.26923    C:0.16667    A:0.30769    G:0.25641

#25: Daviddeer      
position  1:    T:0.26923    C:0.07692    A:0.53846    G:0.11538
position  2:    T:0.23077    C:0.15385    A:0.23077    G:0.38462
position  3:    T:0.30769    C:0.30769    A:0.15385    G:0.23077
Average         T:0.26923    C:0.17949    A:0.30769    G:0.24359

#26: Reindeer       
position  1:    T:0.26923    C:0.11538    A:0.50000    G:0.11538
position  2:    T:0.23077    C:0.15385    A:0.23077    G:0.38462
position  3:    T:0.30769    C:0.26923    A:0.19231    G:0.23077
Average         T:0.26923    C:0.17949    A:0.30769    G:0.24359

#27: Ibex           
position  1:    T:0.26923    C:0.07692    A:0.53846    G:0.11538
position  2:    T:0.23077    C:0.15385    A:0.23077    G:0.38462
position  3:    T:0.30769    C:0.26923    A:0.15385    G:0.26923
Average         T:0.26923    C:0.16667    A:0.30769    G:0.25641

#28: GyrantGazelle  
position  1:    T:0.26923    C:0.07692    A:0.53846    G:0.11538
position  2:    T:0.23077    C:0.15385    A:0.23077    G:0.38462
position  3:    T:0.30769    C:0.26923    A:0.15385    G:0.26923
Average         T:0.26923    C:0.16667    A:0.30769    G:0.25641

#29: Hartebeest     
position  1:    T:0.26923    C:0.07692    A:0.53846    G:0.11538
position  2:    T:0.23077    C:0.15385    A:0.23077    G:0.38462
position  3:    T:0.30769    C:0.26923    A:0.15385    G:0.26923
Average         T:0.26923    C:0.16667    A:0.30769    G:0.25641

#30: Bongo          
position  1:    T:0.26923    C:0.07692    A:0.53846    G:0.11538
position  2:    T:0.23077    C:0.15385    A:0.23077    G:0.38462
position  3:    T:0.30769    C:0.26923    A:0.15385    G:0.26923
Average         T:0.26923    C:0.16667    A:0.30769    G:0.25641

#31: Gerenuk        
position  1:    T:0.26923    C:0.07692    A:0.53846    G:0.11538
position  2:    T:0.23077    C:0.15385    A:0.23077    G:0.38462
position  3:    T:0.30769    C:0.26923    A:0.15385    G:0.26923
Average         T:0.26923    C:0.16667    A:0.30769    G:0.25641

#32: CommonEland    
position  1:    T:0.26923    C:0.07692    A:0.53846    G:0.11538
position  2:    T:0.23077    C:0.15385    A:0.23077    G:0.38462
position  3:    T:0.30769    C:0.26923    A:0.15385    G:0.26923
Average         T:0.26923    C:0.16667    A:0.30769    G:0.25641

#33: MuntiacusReevesi
position  1:    T:0.26923    C:0.07692    A:0.53846    G:0.11538
position  2:    T:0.23077    C:0.15385    A:0.23077    G:0.38462
position  3:    T:0.34615    C:0.23077    A:0.15385    G:0.26923
Average         T:0.28205    C:0.15385    A:0.30769    G:0.25641

#34: HarveysDuiker  
position  1:    T:0.26923    C:0.07692    A:0.53846    G:0.11538
position  2:    T:0.23077    C:0.15385    A:0.23077    G:0.38462
position  3:    T:0.30769    C:0.26923    A:0.15385    G:0.26923
Average         T:0.26923    C:0.16667    A:0.30769    G:0.25641

#35: Pronghorn      
position  1:    T:0.26923    C:0.11538    A:0.50000    G:0.11538
position  2:    T:0.23077    C:0.15385    A:0.23077    G:0.38462
position  3:    T:0.34615    C:0.23077    A:0.11538    G:0.30769
Average         T:0.28205    C:0.16667    A:0.28205    G:0.26923

#36: BlueWildebeest 
position  1:    T:0.26923    C:0.07692    A:0.53846    G:0.11538
position  2:    T:0.23077    C:0.15385    A:0.23077    G:0.38462
position  3:    T:0.30769    C:0.26923    A:0.15385    G:0.26923
Average         T:0.26923    C:0.16667    A:0.30769    G:0.25641

#37: Gemsbok        
position  1:    T:0.26923    C:0.07692    A:0.53846    G:0.11538
position  2:    T:0.23077    C:0.15385    A:0.23077    G:0.38462
position  3:    T:0.30769    C:0.26923    A:0.15385    G:0.26923
Average         T:0.26923    C:0.16667    A:0.30769    G:0.25641

#38: Yak            
position  1:    T:0.26923    C:0.07692    A:0.53846    G:0.11538
position  2:    T:0.23077    C:0.15385    A:0.23077    G:0.38462
position  3:    T:0.30769    C:0.26923    A:0.15385    G:0.26923
Average         T:0.26923    C:0.16667    A:0.30769    G:0.25641

#39: BlueSheep      
position  1:    T:0.26923    C:0.07692    A:0.53846    G:0.11538
position  2:    T:0.23077    C:0.15385    A:0.23077    G:0.38462
position  3:    T:0.30769    C:0.26923    A:0.15385    G:0.26923
Average         T:0.26923    C:0.16667    A:0.30769    G:0.25641

#40: BohorReedbuck  
position  1:    T:0.26923    C:0.07692    A:0.53846    G:0.11538
position  2:    T:0.23077    C:0.15385    A:0.23077    G:0.38462
position  3:    T:0.30769    C:0.26923    A:0.15385    G:0.26923
Average         T:0.26923    C:0.16667    A:0.30769    G:0.25641

#41: KirksDik       
position  1:    T:0.26923    C:0.07692    A:0.53846    G:0.11538
position  2:    T:0.26923    C:0.11538    A:0.23077    G:0.38462
position  3:    T:0.34615    C:0.23077    A:0.15385    G:0.26923
Average         T:0.29487    C:0.14103    A:0.30769    G:0.25641

#42: RoeDeer        
position  1:    T:0.26923    C:0.07692    A:0.53846    G:0.11538
position  2:    T:0.23077    C:0.15385    A:0.23077    G:0.38462
position  3:    T:0.30769    C:0.26923    A:0.19231    G:0.23077
Average         T:0.26923    C:0.16667    A:0.32051    G:0.24359

#43: WhiteLippedDeer
position  1:    T:0.26923    C:0.07692    A:0.53846    G:0.11538
position  2:    T:0.23077    C:0.15385    A:0.23077    G:0.38462
position  3:    T:0.30769    C:0.30769    A:0.15385    G:0.23077
Average         T:0.26923    C:0.17949    A:0.30769    G:0.24359

#44: ThomsonGazelle 
position  1:    T:0.26923    C:0.07692    A:0.53846    G:0.11538
position  2:    T:0.23077    C:0.15385    A:0.23077    G:0.38462
position  3:    T:0.30769    C:0.26923    A:0.15385    G:0.26923
Average         T:0.26923    C:0.16667    A:0.30769    G:0.25641

#45: MuntiacusCrinifrons
position  1:    T:0.26923    C:0.07692    A:0.53846    G:0.11538
position  2:    T:0.23077    C:0.15385    A:0.23077    G:0.38462
position  3:    T:0.26923    C:0.30769    A:0.15385    G:0.26923
Average         T:0.25641    C:0.17949    A:0.30769    G:0.25641

#46: WhiteTailedDeer
position  1:    T:0.26923    C:0.11538    A:0.50000    G:0.11538
position  2:    T:0.23077    C:0.15385    A:0.23077    G:0.38462
position  3:    T:0.30769    C:0.26923    A:0.19231    G:0.23077
Average         T:0.26923    C:0.17949    A:0.30769    G:0.24359

#47: Cattle         
position  1:    T:0.26923    C:0.07692    A:0.53846    G:0.11538
position  2:    T:0.23077    C:0.15385    A:0.23077    G:0.38462
position  3:    T:0.30769    C:0.26923    A:0.15385    G:0.26923
Average         T:0.26923    C:0.16667    A:0.30769    G:0.25641

#48: RoyalAntelope  
position  1:    T:0.26923    C:0.07692    A:0.53846    G:0.11538
position  2:    T:0.26923    C:0.11538    A:0.23077    G:0.38462
position  3:    T:0.30769    C:0.26923    A:0.19231    G:0.23077
Average         T:0.28205    C:0.15385    A:0.32051    G:0.24359

#49: Steenbok       
position  1:    T:0.26923    C:0.07692    A:0.53846    G:0.11538
position  2:    T:0.23077    C:0.15385    A:0.23077    G:0.38462
position  3:    T:0.26923    C:0.30769    A:0.15385    G:0.26923
Average         T:0.25641    C:0.17949    A:0.30769    G:0.25641

#50: Impala         
position  1:    T:0.26923    C:0.07692    A:0.53846    G:0.11538
position  2:    T:0.23077    C:0.15385    A:0.23077    G:0.38462
position  3:    T:0.30769    C:0.26923    A:0.15385    G:0.26923
Average         T:0.26923    C:0.16667    A:0.30769    G:0.25641

#51: Klipspringer   
position  1:    T:0.26923    C:0.07692    A:0.53846    G:0.11538
position  2:    T:0.23077    C:0.15385    A:0.23077    G:0.38462
