CODONML (in paml version 4.10.7, June 2023)  /home/rachel/ruminants_paml/6406-phy-tree/ENSBTAT00000010538.fasta.phy
Model: free dN/dS Ratios for branches,  kappa = 2.000 fixed

Codon frequency model: F3x4
ns =  54  ls =  40

Codon usage in sequences
--------------------------------------------------------------------------------------------------------------------------------------
Phe TTT   3   3   3   3   2   2 | Ser TCT   0   1   0   0   0   0 | Tyr TAT   1   1   1   1   1   1 | Cys TGT   0   0   0   0   0   0
    TTC   2   2   2   2   3   3 |     TCC   2   1   2   2   2   2 |     TAC   1   1   1   1   1   1 |     TGC   0   0   0   0   0   0
Leu TTA   1   1   1   1   1   1 |     TCA   0   0   0   0   0   0 | *** TAA   0   0   0   0   0   0 | *** TGA   0   0   0   0   0   0
    TTG   0   0   0   0   0   0 |     TCG   1   1   1   1   1   1 |     TAG   0   0   0   0   0   0 | Trp TGG   0   0   0   0   0   0
--------------------------------------------------------------------------------------------------------------------------------------
Leu CTT   0   0   0   0   0   0 | Pro CCT   0   0   0   0   0   0 | His CAT   0   0   0   0   1   0 | Arg CGT   0   0   1   1   1   0
    CTC   3   3   3   3   3   3 |     CCC   2   2   2   2   2   2 |     CAC   1   1   1   1   0   1 |     CGC   1   1   0   0   0   1
    CTA   0   0   0   0   0   0 |     CCA   0   0   0   0   0   0 | Gln CAA   0   0   0   0   0   0 |     CGA   0   0   0   0   0   0
    CTG   0   0   0   0   0   0 |     CCG   0   0   0   0   0   0 |     CAG   1   1   1   1   1   1 |     CGG   0   0   0   0   0   0
--------------------------------------------------------------------------------------------------------------------------------------
Ile ATT   0   1   0   0   0   0 | Thr ACT   0   0   0   0   0   0 | Asn AAT   1   2   1   1   1   1 | Ser AGT   0   0   0   0   0   0
    ATC   1   0   1   1   1   1 |     ACC   1   1   1   1   1   1 |     AAC   3   2   3   3   3   3 |     AGC   0   0   0   0   0   0
    ATA   2   2   2   2   2   2 |     ACA   0   0   0   0   0   0 | Lys AAA   0   0   0   0   0   0 | Arg AGA   0   0   0   0   0   0
Met ATG   0   0   0   0   0   0 |     ACG   0   0   0   0   0   0 |     AAG   0   0   0   0   0   0 |     AGG   0   0   0   0   0   0
--------------------------------------------------------------------------------------------------------------------------------------
Val GTT   0   0   0   0   0   0 | Ala GCT   0   0   0   0   0   0 | Asp GAT   0   0   0   0   0   0 | Gly GGT   2   1   2   1   2   1
    GTC   0   0   0   0   0   0 |     GCC   0   0   0   0   0   0 |     GAC   3   3   3   3   4   4 |     GGC   2   3   2   3   2   3
    GTA   1   1   1   1   1   1 |     GCA   0   0   0   0   0   0 | Glu GAA   1   2   1   1   1   1 |     GGA   0   0   0   0   0   0
    GTG   2   2   2   2   2   2 |     GCG   0   0   0   0   0   0 |     GAG   2   1   2   2   1   1 |     GGG   0   0   0   0   0   0
--------------------------------------------------------------------------------------------------------------------------------------

--------------------------------------------------------------------------------------------------------------------------------------
Phe TTT   3   3   3   3   3   3 | Ser TCT   0   0   1   0   0   0 | Tyr TAT   1   1   1   1   1   1 | Cys TGT   0   0   0   0   0   0
    TTC   2   2   2   2   2   2 |     TCC   2   2   1   2   2   2 |     TAC   1   1   1   1   1   1 |     TGC   0   0   0   0   0   0
Leu TTA   1   1   1   1   1   1 |     TCA   0   0   0   0   0   0 | *** TAA   0   0   0   0   0   0 | *** TGA   0   0   0   0   0   0
    TTG   0   0   0   0   0   0 |     TCG   1   1   1   1   1   1 |     TAG   0   0   0   0   0   0 | Trp TGG   0   0   0   0   0   0
--------------------------------------------------------------------------------------------------------------------------------------
Leu CTT   0   0   0   0   0   0 | Pro CCT   0   0   0   0   0   0 | His CAT   1   0   1   1   0   0 | Arg CGT   0   0   0   0   1   1
    CTC   3   3   3   3   3   3 |     CCC   2   2   2   2   2   2 |     CAC   0   1   0   0   1   1 |     CGC   1   1   1   1   0   0
    CTA   0   0   0   0   0   0 |     CCA   0   0   0   0   0   0 | Gln CAA   0   0   0   0   0   0 |     CGA   0   0   0   0   0   0
    CTG   0   0   0   0   0   0 |     CCG   0   0   0   0   0   0 |     CAG   1   1   1   1   1   1 |     CGG   0   0   0   0   0   0
--------------------------------------------------------------------------------------------------------------------------------------
Ile ATT   0   0   0   0   0   0 | Thr ACT   0   0   1   0   0   0 | Asn AAT   1   1   1   1   1   1 | Ser AGT   0   0   0   0   0   0
    ATC   1   1   1   1   1   1 |     ACC   1   1   0   1   1   1 |     AAC   3   3   3   3   3   3 |     AGC   0   0   0   0   0   0
    ATA   2   2   2   2   2   2 |     ACA   0   0   0   0   0   0 | Lys AAA   0   0   0   0   0   0 | Arg AGA   0   0   0   0   0   0
Met ATG   0   0   0   0   0   0 |     ACG   0   0   0   0   0   0 |     AAG   0   0   0   0   0   0 |     AGG   0   0   0   0   0   0
--------------------------------------------------------------------------------------------------------------------------------------
Val GTT   0   0   0   0   0   0 | Ala GCT   0   0   0   0   0   0 | Asp GAT   0   0   1   0   0   0 | Gly GGT   1   2   1   1   1   1
    GTC   0   0   0   0   0   0 |     GCC   0   0   0   0   0   0 |     GAC   3   3   2   3   3   3 |     GGC   3   2   3   3   3   3
    GTA   1   1   1   1   1   1 |     GCA   0   0   0   0   0   0 | Glu GAA   1   1   1   1   1   1 |     GGA   0   0   0   0   0   0
    GTG   2   2   2   2   2   2 |     GCG   0   0   0   0   0   0 |     GAG   2   2   2   2   2   2 |     GGG   0   0   0   0   0   0
--------------------------------------------------------------------------------------------------------------------------------------

--------------------------------------------------------------------------------------------------------------------------------------
Phe TTT   3   3   3   3   3   3 | Ser TCT   0   0   0   1   0   0 | Tyr TAT   1   1   1   2   2   1 | Cys TGT   0   0   0   0   0   0
    TTC   2   2   2   2   2   2 |     TCC   2   2   2   1   2   2 |     TAC   1   1   1   0   0   1 |     TGC   0   0   0   0   0   0
Leu TTA   1   1   1   1   1   1 |     TCA   0   0   0   0   0   0 | *** TAA   0   0   0   0   0   0 | *** TGA   0   0   0   0   0   0
    TTG   0   0   0   0   0   0 |     TCG   1   1   1   1   1   1 |     TAG   0   0   0   0   0   0 | Trp TGG   0   0   0   0   0   0
--------------------------------------------------------------------------------------------------------------------------------------
Leu CTT   0   0   0   0   0   0 | Pro CCT   0   0   0   0   0   0 | His CAT   0   0   0   1   1   1 | Arg CGT   0   1   0   0   0   0
    CTC   3   2   3   3   3   3 |     CCC   2   2   2   2   2   2 |     CAC   1   1   1   0   0   0 |     CGC   1   0   1   1   1   1
    CTA   0   0   0   0   0   0 |     CCA   0   0   0   0   0   0 | Gln CAA   0   0   0   0   0   0 |     CGA   0   0   0   0   0   0
    CTG   0   1   0   0   0   0 |     CCG   0   0   0   0   0   0 |     CAG   1   1   1   1   1   1 |     CGG   0   0   0   0   0   0
--------------------------------------------------------------------------------------------------------------------------------------
Ile ATT   0   0   0   0   0   0 | Thr ACT   0   0   0   0   0   0 | Asn AAT   1   1   1   1   1   1 | Ser AGT   0   0   0   0   0   0
    ATC   1   1   1   1   1   1 |     ACC   1   1   1   1   1   1 |     AAC   3   3   3   3   3   3 |     AGC   0   0   0   0   0   0
    ATA   2   2   2   2   2   2 |     ACA   0   0   0   0   0   0 | Lys AAA   0   0   0   0   0   0 | Arg AGA   0   0   0   0   0   0
Met ATG   0   0   0   0   0   0 |     ACG   0   0   0   0   0   0 |     AAG   0   0   0   0   0   0 |     AGG   0   0   0   0   0   0
--------------------------------------------------------------------------------------------------------------------------------------
Val GTT   0   0   0   0   0   0 | Ala GCT   0   0   0   0   0   0 | Asp GAT   0   0   0   0   0   0 | Gly GGT   1   1   1   0   1   1
    GTC   0   0   0   0   0   0 |     GCC   0   0   0   0   0   0 |     GAC   3   3   3   3   3   3 |     GGC   3   3   3   3   3   3
    GTA   1   1   1   1   1   1 |     GCA   0   0   0   0   0   0 | Glu GAA   1   1   2   1   1   1 |     GGA   0   0   0   1   0   0
    GTG   2   2   2   2   2   2 |     GCG   0   0   0   0   0   0 |     GAG   2   2   1   2   2   2 |     GGG   0   0   0   0   0   0
--------------------------------------------------------------------------------------------------------------------------------------

--------------------------------------------------------------------------------------------------------------------------------------
Phe TTT   2   2   3   3   3   3 | Ser TCT   0   0   0   0   1   0 | Tyr TAT   2   1   1   1   1   1 | Cys TGT   0   0   0   0   0   0
    TTC   3   3   2   2   2   2 |     TCC   2   2   2   2   1   2 |     TAC   0   1   1   1   1   1 |     TGC   0   0   0   0   0   0
Leu TTA   1   1   1   1   1   1 |     TCA   0   0   0   0   0   0 | *** TAA   0   0   0   0   0   0 | *** TGA   0   0   0   0   0   0
    TTG   0   0   0   0   0   0 |     TCG   1   1   1   1   1   1 |     TAG   0   0   0   0   0   0 | Trp TGG   0   0   0   0   0   0
--------------------------------------------------------------------------------------------------------------------------------------
Leu CTT   0   0   0   0   0   0 | Pro CCT   0   0   0   0   0   0 | His CAT   0   0   0   0   1   0 | Arg CGT   1   1   1   1   0   0
    CTC   3   3   3   3   3   3 |     CCC   2   2   2   2   2   2 |     CAC   1   1   1   1   0   1 |     CGC   0   0   0   0   1   1
    CTA   0   0   0   0   0   0 |     CCA   0   0   0   0   0   0 | Gln CAA   0   0   0   0   0   0 |     CGA   0   0   0   0   0   0
    CTG   0   0   0   0   0   0 |     CCG   0   0   0   0   0   0 |     CAG   1   1   1   1   1   1 |     CGG   0   0   0   0   0   0
--------------------------------------------------------------------------------------------------------------------------------------
Ile ATT   0   0   0   0   0   0 | Thr ACT   0   0   0   0   0   0 | Asn AAT   1   1   1   1   1   1 | Ser AGT   0   0   0   0   0   0
    ATC   1   1   1   1   1   1 |     ACC   1   1   1   1   1   1 |     AAC   3   3   3   3   3   3 |     AGC   0   0   0   0   0   0
    ATA   2   2   2   2   2   2 |     ACA   0   0   0   0   0   0 | Lys AAA   0   0   0   0   0   0 | Arg AGA   0   0   0   0   0   0
Met ATG   0   0   0   0   0   0 |     ACG   0   0   0   0   0   0 |     AAG   0   0   0   0   0   0 |     AGG   0   0   0   0   0   0
--------------------------------------------------------------------------------------------------------------------------------------
Val GTT   0   0   0   0   0   0 | Ala GCT   0   0   0   0   0   0 | Asp GAT   0   0   0   0   0   0 | Gly GGT   1   1   1   1   2   1
    GTC   0   0   0   0   0   0 |     GCC   0   0   0   0   0   0 |     GAC   3   3   3   3   3   3 |     GGC   3   3   3   3   2   3
    GTA   2   1   1   1   1   1 |     GCA   0   0   0   0   0   0 | Glu GAA   1   1   1   1   1   1 |     GGA   0   0   0   0   0   0
    GTG   1   2   2   2   2   2 |     GCG   0   0   0   0   0   0 |     GAG   2   2   2   2   2   2 |     GGG   0   0   0   0   0   0
--------------------------------------------------------------------------------------------------------------------------------------

--------------------------------------------------------------------------------------------------------------------------------------
Phe TTT   3   3   3   3   3   3 | Ser TCT   0   0   0   0   0   0 | Tyr TAT   1   1   1   1   1   1 | Cys TGT   0   0   0   0   0   0
    TTC   2   2   2   2   2   2 |     TCC   2   2   2   2   2   2 |     TAC   1   1   1   1   1   1 |     TGC   0   0   0   0   0   0
Leu TTA   1   1   1   1   1   1 |     TCA   0   0   0   0   0   0 | *** TAA   0   0   0   0   0   0 | *** TGA   0   0   0   0   0   0
    TTG   0   0   0   0   0   0 |     TCG   1   1   1   1   1   1 |     TAG   0   0   0   0   0   0 | Trp TGG   0   0   0   0   0   0
--------------------------------------------------------------------------------------------------------------------------------------
Leu CTT   0   0   0   0   0   0 | Pro CCT   0   0   0   0   0   0 | His CAT   0   0   0   1   0   0 | Arg CGT   1   1   0   0   0   1
    CTC   3   3   3   3   3   3 |     CCC   2   2   2   2   2   2 |     CAC   1   1   1   0   1   1 |     CGC   0   0   1   1   1   0
    CTA   0   0   0   0   0   0 |     CCA   0   0   0   0   0   0 | Gln CAA   0   0   0   0   0   0 |     CGA   0   0   0   0   0   0
    CTG   0   0   0   0   0   0 |     CCG   0   0   0   0   0   0 |     CAG   1   1   1   1   1   1 |     CGG   0   0   0   0   0   0
--------------------------------------------------------------------------------------------------------------------------------------
Ile ATT   0   0   0   0   0   0 | Thr ACT   0   0   0   0   0   0 | Asn AAT   1   1   1   1   1   1 | Ser AGT   0   0   0   0   0   0
    ATC   1   1   1   1   1   1 |     ACC   1   1   1   1   1   1 |     AAC   3   3   3   3   3   3 |     AGC   0   0   0   0   0   0
    ATA   2   2   2   2   2   2 |     ACA   0   0   0   0   0   0 | Lys AAA   0   0   0   0   0   0 | Arg AGA   0   0   0   0   0   0
Met ATG   0   0   0   0   0   0 |     ACG   0   0   0   0   0   0 |     AAG   0   0   0   0   0   0 |     AGG   0   0   0   0   0   0
--------------------------------------------------------------------------------------------------------------------------------------
Val GTT   0   0   0   0   0   0 | Ala GCT   0   0   0   0   0   0 | Asp GAT   0   0   0   0   0   0 | Gly GGT   1   1   1   1   1   1
    GTC   0   0   0   0   0   0 |     GCC   0   0   0   0   0   0 |     GAC   3   3   3   3   3   3 |     GGC   3   3   3   3   3   3
    GTA   1   1   1   1   1   1 |     GCA   0   0   0   0   0   0 | Glu GAA   0   1   1   1   2   1 |     GGA   0   0   0   0   0   0
    GTG   2   2   2   2   2   2 |     GCG   0   0   0   0   0   0 |     GAG   3   2   2   2   1   2 |     GGG   0   0   0   0   0   0
--------------------------------------------------------------------------------------------------------------------------------------

--------------------------------------------------------------------------------------------------------------------------------------
Phe TTT   3   3   3   3   2   3 | Ser TCT   0   0   0   1   0   0 | Tyr TAT   1   1   1   1   2   1 | Cys TGT   0   0   0   0   0   0
    TTC   2   2   2   2   3   2 |     TCC   2   2   2   1   2   2 |     TAC   1   1   1   1   0   1 |     TGC   0   0   0   0   0   0
Leu TTA   1   1   1   1   1   1 |     TCA   0   0   0   0   0   0 | *** TAA   0   0   0   0   0   0 | *** TGA   0   0   0   0   0   0
    TTG   0   0   0   0   0   0 |     TCG   1   1   1   1   1   1 |     TAG   0   0   0   0   0   0 | Trp TGG   0   0   0   0   0   0
--------------------------------------------------------------------------------------------------------------------------------------
Leu CTT   0   0   0   0   0   0 | Pro CCT   0   0   0   0   0   0 | His CAT   1   0   0   1   0   0 | Arg CGT   0   1   1   0   1   0
    CTC   3   3   3   3   3   3 |     CCC   2   2   2   2   2   2 |     CAC   0   1   1   0   1   1 |     CGC   1   0   0   1   0   1
    CTA   0   0   0   0   0   0 |     CCA   0   0   0   0   0   0 | Gln CAA   0   0   0   0   0   0 |     CGA   0   0   0   0   0   0
    CTG   0   0   0   0   0   0 |     CCG   0   0   0   0   0   0 |     CAG   1   1   1   1   1   1 |     CGG   0   0   0   0   0   0
--------------------------------------------------------------------------------------------------------------------------------------
Ile ATT   0   0   0   0   0   0 | Thr ACT   0   0   0   0   0   0 | Asn AAT   1   1   1   1   1   1 | Ser AGT   0   0   0   0   0   0
    ATC   1   1   1   1   1   1 |     ACC   1   1   1   1   1   1 |     AAC   3   3   3   3   3   3 |     AGC   0   0   0   0   0   0
    ATA   2   2   2   2   2   2 |     ACA   0   0   0   0   0   0 | Lys AAA   0   0   0   0   0   0 | Arg AGA   0   0   0   0   0   0
Met ATG   0   0   0   0   0   0 |     ACG   0   0   0   0   0   0 |     AAG   0   0   0   0   0   0 |     AGG   0   0   0   0   0   0
--------------------------------------------------------------------------------------------------------------------------------------
Val GTT   0   0   0   0   0   0 | Ala GCT   0   0   0   0   0   0 | Asp GAT   0   0   0   0   0   0 | Gly GGT   1   2   1   0   2   2
    GTC   0   0   0   0   0   0 |     GCC   0   0   0   0   0   0 |     GAC   3   3   3   3   3   3 |     GGC   3   2   3   3   2   2
    GTA   1   1   1   1   1   1 |     GCA   0   0   0   0   0   0 | Glu GAA   1   1   1   1   1   2 |     GGA   0   0   0   1   0   0
    GTG   2   2   2   2   2   2 |     GCG   0   0   0   0   0   0 |     GAG   2   2   2   2   2   1 |     GGG   0   0   0   0   0   0
--------------------------------------------------------------------------------------------------------------------------------------

--------------------------------------------------------------------------------------------------------------------------------------
Phe TTT   3   3   3   3   3   2 | Ser TCT   0   0   0   1   0   0 | Tyr TAT   1   1   1   1   1   1 | Cys TGT   0   0   0   0   0   0
    TTC   2   2   2   2   2   3 |     TCC   2   2   2   1   3   2 |     TAC   1   1   1   1   1   1 |     TGC   0   0   0   0   0   0
Leu TTA   1   1   1   1   1   1 |     TCA   0   0   0   0   0   1 | *** TAA   0   0   0   0   0   0 | *** TGA   0   0   0   0   0   0
    TTG   0   0   0   0   0   0 |     TCG   1   1   1   1   1   0 |     TAG   0   0   0   0   0   0 | Trp TGG   0   0   0   0   0   0
--------------------------------------------------------------------------------------------------------------------------------------
Leu CTT   0   0   0   0   0   0 | Pro CCT   0   0   0   0   0   0 | His CAT   0   0   0   1   0   0 | Arg CGT   0   1   0   0   0   1
    CTC   3   2   3   3   3   3 |     CCC   2   2   2   2   2   2 |     CAC   1   1   1   0   1   1 |     CGC   1   0   1   1   1   0
    CTA   0   0   0   0   0   0 |     CCA   0   0   0   0   0   0 | Gln CAA   0   0   0   0   0   0 |     CGA   0   0   0   0   0   0
    CTG   0   1   0   0   0   0 |     CCG   0   0   0   0   0   0 |     CAG   1   1   1   1   1   1 |     CGG   0   0   0   0   0   0
--------------------------------------------------------------------------------------------------------------------------------------
Ile ATT   0   0   0   0   0   0 | Thr ACT   0   0   0   0   0   0 | Asn AAT   2   1   1   1   1   1 | Ser AGT   0   0   0   0   0   0
    ATC   1   1   1   1   1   1 |     ACC   1   1   1   1   0   1 |     AAC   2   3   3   3   3   3 |     AGC   0   0   0   0   0   0
    ATA   2   2   2   2   2   2 |     ACA   0   0   0   0   0   0 | Lys AAA   0   0   0   0   0   0 | Arg AGA   0   0   0   0   0   0
Met ATG   0   0   0   0   0   0 |     ACG   0   0   0   0   0   0 |     AAG   0   0   0   0   0   0 |     AGG   0   0   0   0   0   0
--------------------------------------------------------------------------------------------------------------------------------------
Val GTT   0   0   0   0   0   0 | Ala GCT   0   0   0   0   0   0 | Asp GAT   0   0   0   0   0   0 | Gly GGT   1   1   1   1   1   1
    GTC   0   0   0   0   0   0 |     GCC   0   0   0   0   0   0 |     GAC   3   3   3   3   3   3 |     GGC   3   3   3   3   3   3
    GTA   1   1   1   1   1   1 |     GCA   0   0   0   0   0   0 | Glu GAA   1   1   1   1   1   1 |     GGA   0   0   0   0   0   0
    GTG   2   2   2   2   2   2 |     GCG   0   0   0   0   0   0 |     GAG   2   2   2   2   2   2 |     GGG   0   0   0   0   0   0
--------------------------------------------------------------------------------------------------------------------------------------

--------------------------------------------------------------------------------------------------------------------------------------
Phe TTT   2   3   3   3   3   3 | Ser TCT   0   0   0   0   0   0 | Tyr TAT   1   1   1   1   1   2 | Cys TGT   0   0   0   0   0   0
    TTC   3   2   2   2   2   2 |     TCC   2   2   2   2   2   2 |     TAC   1   1   1   1   1   0 |     TGC   0   0   0   0   0   0
Leu TTA   1   1   1   1   1   1 |     TCA   0   0   0   0   0   1 | *** TAA   0   0   0   0   0   0 | *** TGA   0   0   0   0   0   0
    TTG   0   0   0   0   0   0 |     TCG   1   1   1   1   1   0 |     TAG   0   0   0   0   0   0 | Trp TGG   0   0   0   0   0   0
--------------------------------------------------------------------------------------------------------------------------------------
Leu CTT   0   0   0   0   0   0 | Pro CCT   0   0   0   0   0   0 | His CAT   0   1   0   0   0   1 | Arg CGT   1   0   1   1   1   1
    CTC   3   3   3   3   2   3 |     CCC   2   2   2   2   2   2 |     CAC   1   0   1   1   1   0 |     CGC   0   1   0   0   0   0
    CTA   0   0   0   0   0   0 |     CCA   0   0   0   0   0   0 | Gln CAA   0   0   0   0   0   0 |     CGA   0   0   0   0   0   0
    CTG   0   0   0   0   1   0 |     CCG   0   0   0   0   0   0 |     CAG   1   1   1   1   1   1 |     CGG   0   0   0   0   0   0
--------------------------------------------------------------------------------------------------------------------------------------
Ile ATT   0   0   0   0   0   0 | Thr ACT   0   0   0   0   0   0 | Asn AAT   0   1   1   1   1   1 | Ser AGT   0   0   0   0   0   0
    ATC   1   1   1   1   1   1 |     ACC   1   1   1   1   1   1 |     AAC   4   3   3   3   3   3 |     AGC   0   0   0   0   0   0
    ATA   2   2   2   2   2   2 |     ACA   0   0   0   0   0   0 | Lys AAA   0   0   0   0   0   0 | Arg AGA   0   0   0   0   0   0
Met ATG   0   0   0   0   0   0 |     ACG   0   0   0   0   0   0 |     AAG   0   0   0   0   0   0 |     AGG   0   0   0   0   0   0
--------------------------------------------------------------------------------------------------------------------------------------
Val GTT   0   0   0   0   0   0 | Ala GCT   0   0   0   0   0   0 | Asp GAT   0   0   0   0   1   0 | Gly GGT   2   1   1   1   1   1
    GTC   0   0   0   0   0   0 |     GCC   0   0   0   0   0   0 |     GAC   3   3   3   3   2   3 |     GGC   2   3   3   3   3   3
    GTA   1   1   1   1   1   1 |     GCA   0   0   0   0   0   0 | Glu GAA   0   1   1   1   1   1 |     GGA   0   0   0   0   0   0
    GTG   2   2   2   2   2   2 |     GCG   0   0   0   0   0   0 |     GAG   3   2   2   2   2   2 |     GGG   0   0   0   0   0   0
--------------------------------------------------------------------------------------------------------------------------------------

--------------------------------------------------------------------------------------------------------------------------------------
Phe TTT   3   3   3   3   3   3 | Ser TCT   0   0   0   0   0   0 | Tyr TAT   2   2   1   1   1   2 | Cys TGT   0   0   0   0   0   0
    TTC   2   2   2   2   2   2 |     TCC   2   2   2   2   2   2 |     TAC   0   0   1   1   1   0 |     TGC   0   0   0   0   0   0
Leu TTA   1   1   1   1   1   1 |     TCA   0   0   0   0   0   0 | *** TAA   0   0   0   0   0   0 | *** TGA   0   0   0   0   0   0
    TTG   0   0   0   0   0   0 |     TCG   1   1   1   1   1   1 |     TAG   0   0   0   0   0   0 | Trp TGG   0   0   0   0   0   0
--------------------------------------------------------------------------------------------------------------------------------------
Leu CTT   0   0   0   0   0   0 | Pro CCT   0   0   0   0   0   0 | His CAT   1   1   1   0   0   0 | Arg CGT   0   0   0   1   1   1
    CTC   3   3   3   3   3   3 |     CCC   2   2   2   2   2   2 |     CAC   0   0   0   1   1   1 |     CGC   1   1   1   0   0   0
    CTA   0   0   0   0   0   0 |     CCA   0   0   0   0   0   0 | Gln CAA   0   0   0   0   0   0 |     CGA   0   0   0   0   0   0
    CTG   0   0   0   0   0   0 |     CCG   0   0   0   0   0   0 |     CAG   1   1   1   1   1   1 |     CGG   0   0   0   0   0   0
--------------------------------------------------------------------------------------------------------------------------------------
Ile ATT   0   0   0   0   0   0 | Thr ACT   0   0   0   0   0   0 | Asn AAT   1   1   1   1   1   1 | Ser AGT   0   0   0   0   0   0
    ATC   1   1   1   1   1   1 |     ACC   1   1   1   1   1   1 |     AAC   3   3   3   3   3   3 |     AGC   0   0   0   0   0   0
    ATA   2   2   2   2   2   2 |     ACA   0   0   0   0   0   0 | Lys AAA   0   0   0   0   0   0 | Arg AGA   0   0   0   0   0   0
Met ATG   0   0   0   0   0   0 |     ACG   0   0   0   0   0   0 |     AAG   0   0   0   0   0   0 |     AGG   0   0   0   0   0   0
--------------------------------------------------------------------------------------------------------------------------------------
Val GTT   0   0   0   0   0   0 | Ala GCT   0   0   0   0   0   0 | Asp GAT   0   0   0   0   0   0 | Gly GGT   1   2   1   1   1   2
    GTC   0   0   0   0   0   0 |     GCC   0   0   0   0   0   0 |     GAC   3   3   3   3   3   3 |     GGC   3   2   3   3   3   2
    GTA   1   1   1   1   1   1 |     GCA   0   0   0   0   0   0 | Glu GAA   1   1   1   1   1   1 |     GGA   0   0   0   0   0   0
    GTG   2   2   2   2   2   2 |     GCG   0   0   0   0   0   0 |     GAG   2   2   2   2   2   2 |     GGG   0   0   0   0   0   0
--------------------------------------------------------------------------------------------------------------------------------------

Codon position x base (3x4) table for each sequence.

#1: Argali         
position  1:    T:0.27500    C:0.20000    A:0.20000    G:0.32500
position  2:    T:0.37500    C:0.15000    A:0.35000    G:0.12500
position  3:    T:0.17500    C:0.55000    A:0.12500    G:0.15000
Average         T:0.27500    C:0.30000    A:0.22500    G:0.20000

#2: LesserMouseDeer
position  1:    T:0.27500    C:0.20000    A:0.20000    G:0.32500
position  2:    T:0.37500    C:0.15000    A:0.35000    G:0.12500
position  3:    T:0.22500    C:0.50000    A:0.15000    G:0.12500
Average         T:0.29167    C:0.28333    A:0.23333    G:0.19167

#3: LesserKudu     
position  1:    T:0.27500    C:0.20000    A:0.20000    G:0.32500
position  2:    T:0.37500    C:0.15000    A:0.35000    G:0.12500
position  3:    T:0.20000    C:0.52500    A:0.12500    G:0.15000
Average         T:0.28333    C:0.29167    A:0.22500    G:0.20000

#4: ForestMuskDeer2
position  1:    T:0.27500    C:0.20000    A:0.20000    G:0.32500
position  2:    T:0.37500    C:0.15000    A:0.35000    G:0.12500
position  3:    T:0.17500    C:0.55000    A:0.12500    G:0.15000
Average         T:0.27500    C:0.30000    A:0.22500    G:0.20000

#5: Camel          
position  1:    T:0.27500    C:0.20000    A:0.20000    G:0.32500
position  2:    T:0.37500    C:0.15000    A:0.35000    G:0.12500
position  3:    T:0.20000    C:0.55000    A:0.12500    G:0.12500
Average         T:0.28333    C:0.30000    A:0.22500    G:0.19167

#6: KillerWhale    
position  1:    T:0.27500    C:0.20000    A:0.20000    G:0.32500
position  2:    T:0.37500    C:0.15000    A:0.35000    G:0.12500
position  3:    T:0.12500    C:0.62500    A:0.12500    G:0.12500
Average         T:0.25833    C:0.32500    A:0.22500    G:0.19167

#7: DefassaWaterbuck
position  1:    T:0.27500    C:0.20000    A:0.20000    G:0.32500
position  2:    T:0.37500    C:0.15000    A:0.35000    G:0.12500
position  3:    T:0.17500    C:0.55000    A:0.12500    G:0.15000
Average         T:0.27500    C:0.30000    A:0.22500    G:0.20000

#8: Sheep          
position  1:    T:0.27500    C:0.20000    A:0.20000    G:0.32500
position  2:    T:0.37500    C:0.15000    A:0.35000    G:0.12500
position  3:    T:0.17500    C:0.55000    A:0.12500    G:0.15000
Average         T:0.27500    C:0.30000    A:0.22500    G:0.20000

#9: MaxwellsDuiker 
position  1:    T:0.27500    C:0.20000    A:0.20000    G:0.32500
position  2:    T:0.37500    C:0.15000    A:0.35000    G:0.12500
position  3:    T:0.25000    C:0.47500    A:0.12500    G:0.15000
Average         T:0.30000    C:0.27500    A:0.22500    G:0.20000

#10: GazellaPrzewalskyi
position  1:    T:0.27500    C:0.20000    A:0.20000    G:0.32500
position  2:    T:0.37500    C:0.15000    A:0.35000    G:0.12500
position  3:    T:0.17500    C:0.55000    A:0.12500    G:0.15000
Average         T:0.27500    C:0.30000    A:0.22500    G:0.20000

#11: MountainNyala  
position  1:    T:0.27500    C:0.20000    A:0.20000    G:0.32500
position  2:    T:0.37500    C:0.15000    A:0.35000    G:0.12500
position  3:    T:0.17500    C:0.55000    A:0.12500    G:0.15000
Average         T:0.27500    C:0.30000    A:0.22500    G:0.20000

#12: MuntiacusMuntjak
position  1:    T:0.27500    C:0.20000    A:0.20000    G:0.32500
position  2:    T:0.37500    C:0.15000    A:0.35000    G:0.12500
position  3:    T:0.17500    C:0.55000    A:0.12500    G:0.15000
Average         T:0.27500    C:0.30000    A:0.22500    G:0.20000

#13: goat           
position  1:    T:0.27500    C:0.20000    A:0.20000    G:0.32500
position  2:    T:0.37500    C:0.15000    A:0.35000    G:0.12500
position  3:    T:0.15000    C:0.57500    A:0.12500    G:0.15000
Average         T:0.26667    C:0.30833    A:0.22500    G:0.20000

#14: AfricanBuffalo 
position  1:    T:0.27500    C:0.20000    A:0.20000    G:0.32500
position  2:    T:0.37500    C:0.15000    A:0.35000    G:0.12500
position  3:    T:0.17500    C:0.52500    A:0.12500    G:0.17500
Average         T:0.27500    C:0.29167    A:0.22500    G:0.20833

#15: Topi           
position  1:    T:0.27500    C:0.20000    A:0.20000    G:0.32500
position  2:    T:0.37500    C:0.15000    A:0.35000    G:0.12500
position  3:    T:0.15000    C:0.57500    A:0.15000    G:0.12500
Average         T:0.26667    C:0.30833    A:0.23333    G:0.19167

#16: CommonDuiker   
position  1:    T:0.27500    C:0.20000    A:0.20000    G:0.32500
position  2:    T:0.37500    C:0.15000    A:0.35000    G:0.12500
position  3:    T:0.20000    C:0.50000    A:0.15000    G:0.15000
Average         T:0.28333    C:0.28333    A:0.23333    G:0.20000

#17: Suni           
position  1:    T:0.27500    C:0.20000    A:0.20000    G:0.32500
position  2:    T:0.37500    C:0.15000    A:0.35000    G:0.12500
position  3:    T:0.20000    C:0.52500    A:0.12500    G:0.15000
Average         T:0.28333    C:0.29167    A:0.22500    G:0.20000

#18: Springbuck     
position  1:    T:0.27500    C:0.20000    A:0.20000    G:0.32500
position  2:    T:0.37500    C:0.15000    A:0.35000    G:0.12500
position  3:    T:0.17500    C:0.55000    A:0.12500    G:0.15000
Average         T:0.27500    C:0.30000    A:0.22500    G:0.20000

#19: Okapi          
position  1:    T:0.27500    C:0.20000    A:0.20000    G:0.32500
position  2:    T:0.37500    C:0.15000    A:0.35000    G:0.12500
position  3:    T:0.17500    C:0.55000    A:0.15000    G:0.12500
Average         T:0.27500    C:0.30000    A:0.23333    G:0.19167

#20: Giraffe        
position  1:    T:0.27500    C:0.20000    A:0.20000    G:0.32500
position  2:    T:0.37500    C:0.15000    A:0.35000    G:0.12500
position  3:    T:0.15000    C:0.57500    A:0.12500    G:0.15000
Average         T:0.26667    C:0.30833    A:0.22500    G:0.20000

#21: TibetanAntelope
position  1:    T:0.27500    C:0.20000    A:0.20000    G:0.32500
position  2:    T:0.37500    C:0.15000    A:0.35000    G:0.12500
position  3:    T:0.17500    C:0.55000    A:0.12500    G:0.15000
Average         T:0.27500    C:0.30000    A:0.22500    G:0.20000

#22: Sitatunga      
position  1:    T:0.27500    C:0.20000    A:0.20000    G:0.32500
position  2:    T:0.37500    C:0.15000    A:0.35000    G:0.12500
position  3:    T:0.17500    C:0.55000    A:0.12500    G:0.15000
Average         T:0.27500    C:0.30000    A:0.22500    G:0.20000

#23: Oribi          
position  1:    T:0.27500    C:0.20000    A:0.20000    G:0.32500
position  2:    T:0.37500    C:0.15000    A:0.35000    G:0.12500
position  3:    T:0.22500    C:0.50000    A:0.12500    G:0.15000
Average         T:0.29167    C:0.28333    A:0.22500    G:0.20000

#24: BarbarySheep   
position  1:    T:0.27500    C:0.20000    A:0.20000    G:0.32500
position  2:    T:0.37500    C:0.15000    A:0.35000    G:0.12500
position  3:    T:0.15000    C:0.57500    A:0.12500    G:0.15000
Average         T:0.26667    C:0.30833    A:0.22500    G:0.20000

#25: Daviddeer      
position  1:    T:0.27500    C:0.20000    A:0.20000    G:0.32500
position  2:    T:0.37500    C:0.15000    A:0.35000    G:0.12500
position  3:    T:0.17500    C:0.55000    A:0.10000    G:0.17500
Average         T:0.27500    C:0.30000    A:0.21667    G:0.20833

#26: Reindeer       
position  1:    T:0.27500    C:0.20000    A:0.20000    G:0.32500
position  2:    T:0.37500    C:0.15000    A:0.35000    G:0.12500
position  3:    T:0.17500    C:0.55000    A:0.12500    G:0.15000
Average         T:0.27500    C:0.30000    A:0.22500    G:0.20000

#27: Ibex           
position  1:    T:0.27500    C:0.20000    A:0.20000    G:0.32500
position  2:    T:0.37500    C:0.15000    A:0.35000    G:0.12500
position  3:    T:0.15000    C:0.57500    A:0.12500    G:0.15000
Average         T:0.26667    C:0.30833    A:0.22500    G:0.20000

#28: GyrantGazelle  
position  1:    T:0.27500    C:0.20000    A:0.20000    G:0.32500
position  2:    T:0.37500    C:0.15000    A:0.35000    G:0.12500
position  3:    T:0.17500    C:0.55000    A:0.12500    G:0.15000
Average         T:0.27500    C:0.30000    A:0.22500    G:0.20000

#29: Hartebeest     
position  1:    T:0.27500    C:0.20000    A:0.20000    G:0.32500
position  2:    T:0.37500    C:0.15000    A:0.35000    G:0.12500
position  3:    T:0.15000    C:0.57500    A:0.15000    G:0.12500
Average         T:0.26667    C:0.30833    A:0.23333    G:0.19167

#30: Bongo          
position  1:    T:0.27500    C:0.20000    A:0.20000    G:0.32500
position  2:    T:0.37500    C:0.15000    A:0.35000    G:0.12500
position  3:    T:0.17500    C:0.55000    A:0.12500    G:0.15000
Average         T:0.27500    C:0.30000    A:0.22500    G:0.20000

#31: Gerenuk        
position  1:    T:0.27500    C:0.20000    A:0.20000    G:0.32500
position  2:    T:0.37500    C:0.15000    A:0.35000    G:0.12500
position  3:    T:0.17500    C:0.55000    A:0.12500    G:0.15000
Average         T:0.27500    C:0.30000    A:0.22500    G:0.20000

#32: CommonEland    
position  1:    T:0.27500    C:0.20000    A:0.20000    G:0.32500
position  2:    T:0.37500    C:0.15000    A:0.35000    G:0.12500
position  3:    T:0.20000    C:0.52500    A:0.12500    G:0.15000
Average         T:0.28333    C:0.29167    A:0.22500    G:0.20000

#33: MuntiacusReevesi
position  1:    T:0.27500    C:0.20000    A:0.20000    G:0.32500
position  2:    T:0.37500    C:0.15000    A:0.35000    G:0.12500
position  3:    T:0.17500    C:0.55000    A:0.12500    G:0.15000
Average         T:0.27500    C:0.30000    A:0.22500    G:0.20000

#34: HarveysDuiker  
position  1:    T:0.27500    C:0.20000    A:0.20000    G:0.32500
position  2:    T:0.37500    C:0.15000    A:0.35000    G:0.12500
position  3:    T:0.17500    C:0.52500    A:0.15000    G:0.15000
Average         T:0.27500    C:0.29167    A:0.23333    G:0.20000

#35: Pronghorn      
position  1:    T:0.27500    C:0.20000    A:0.20000    G:0.32500
position  2:    T:0.37500    C:0.15000    A:0.35000    G:0.12500
position  3:    T:0.20000    C:0.52500    A:0.12500    G:0.15000
Average         T:0.28333    C:0.29167    A:0.22500    G:0.20000

#36: BlueWildebeest 
position  1:    T:0.27500    C:0.20000    A:0.20000    G:0.32500
position  2:    T:0.37500    C:0.15000    A:0.35000    G:0.12500
position  3:    T:0.17500    C:0.55000    A:0.15000    G:0.12500
Average         T:0.27500    C:0.30000    A:0.23333    G:0.19167

#37: Gemsbok        
position  1:    T:0.27500    C:0.20000    A:0.20000    G:0.32500
position  2:    T:0.37500    C:0.15000    A:0.35000    G:0.12500
position  3:    T:0.17500    C:0.55000    A:0.12500    G:0.15000
Average         T:0.27500    C:0.30000    A:0.22500    G:0.20000

#38: Yak            
position  1:    T:0.27500    C:0.20000    A:0.20000    G:0.32500
position  2:    T:0.37500    C:0.15000    A:0.35000    G:0.12500
position  3:    T:0.17500    C:0.52500    A:0.12500    G:0.17500
Average         T:0.27500    C:0.29167    A:0.22500    G:0.20833

#39: BlueSheep      
position  1:    T:0.27500    C:0.20000    A:0.20000    G:0.32500
position  2:    T:0.37500    C:0.15000    A:0.35000    G:0.12500
position  3:    T:0.15000    C:0.57500    A:0.12500    G:0.15000
Average         T:0.26667    C:0.30833    A:0.22500    G:0.20000

#40: BohorReedbuck  
position  1:    T:0.27500    C:0.20000    A:0.20000    G:0.32500
position  2:    T:0.37500    C:0.15000    A:0.35000    G:0.12500
position  3:    T:0.20000    C:0.52500    A:0.12500    G:0.15000
Average         T:0.28333    C:0.29167    A:0.22500    G:0.20000

#41: KirksDik       
position  1:    T:0.30000    C:0.20000    A:0.17500    G:0.32500
position  2:    T:0.37500    C:0.15000    A:0.35000    G:0.12500
position  3:    T:0.15000    C:0.57500    A:0.12500    G:0.15000
Average         T:0.27500    C:0.30833    A:0.21667    G:0.20000

#42: RoeDeer        
position  1:    T:0.27500    C:0.20000    A:0.20000    G:0.32500
position  2:    T:0.37500    C:0.15000    A:0.35000    G:0.12500
position  3:    T:0.15000    C:0.57500    A:0.15000    G:0.12500
Average         T:0.26667    C:0.30833    A:0.23333    G:0.19167

#43: WhiteLippedDeer
position  1:    T:0.27500    C:0.20000    A:0.20000    G:0.32500
position  2:    T:0.37500    C:0.15000    A:0.35000    G:0.12500
position  3:    T:0.15000    C:0.57500    A:0.10000    G:0.17500
Average         T:0.26667    C:0.30833    A:0.21667    G:0.20833

#44: ThomsonGazelle 
position  1:    T:0.27500    C:0.20000    A:0.20000    G:0.32500
position  2:    T:0.37500    C:0.15000    A:0.35000    G:0.12500
position  3:    T:0.17500    C:0.55000    A:0.12500    G:0.15000
Average         T:0.27500    C:0.30000    A:0.22500    G:0.20000

#45: MuntiacusCrinifrons
position  1:    T:0.27500    C:0.20000    A:0.20000    G:0.32500
position  2:    T:0.37500    C:0.15000    A:0.35000    G:0.12500
position  3:    T:0.17500    C:0.55000    A:0.12500    G:0.15000
Average         T:0.27500    C:0.30000    A:0.22500    G:0.20000

#46: WhiteTailedDeer
position  1:    T:0.27500    C:0.20000    A:0.20000    G:0.32500
position  2:    T:0.37500    C:0.15000    A:0.35000    G:0.12500
position  3:    T:0.17500    C:0.55000    A:0.12500    G:0.15000
Average         T:0.27500    C:0.30000    A:0.22500    G:0.20000

#47: Cattle         
position  1:    T:0.27500    C:0.20000    A:0.20000    G:0.32500
position  2:    T:0.37500    C:0.15000    A:0.35000    G:0.12500
position  3:    T:0.20000    C:0.50000    A:0.12500    G:0.17500
Average         T:0.28333    C:0.28333    A:0.22500    G:0.20833

#48: RoyalAntelope  
position  1:    T:0.27500    C:0.20000    A:0.20000    G:0.32500
position  2:    T:0.37500    C:0.15000    A:0.35000    G:0.12500
position  3:    T:0.22500    C:0.50000    A:0.15000    G:0.12500
Average         T:0.29167    C:0.28333    A:0.23333    G:0.19167

#49: Steenbok       
position  1:    T:0.27500    C:0.20000    A:0.20000    G:0.32500
position  2:    T:0.37500    C:0.15000    A:0.35000    G:0.12500
position  3:    T:0.20000    C:0.52500    A:0.12500    G:0.15000
Average         T:0.28333    C:0.29167    A:0.22500    G:0.20000

#50: Impala         
position  1:    T:0.27500    C:0.20000    A:0.20000    G:0.32500
position  2:    T:0.37500    C:0.15000    A:0.35000    G:0.12500
position  3:    T:0.22500    C:0.50000    A:0.12500    G:0.15000
Average         T:0.29167    C:0.28333    A:0.22500    G:0.20000

#51: Klipspringer   
position  1:    T:0.27500    C:0.20000    A:0.20000    G:0.32500
position  2:    T:0.37500    C:0.15000    A:0.35000    G:0.12500
