1
52 1
Argali 0.000000 0.139700 0.056400 0.156500 0.046300 0.005600 0.053400 0.046800 0.062000 0.053200 0.022800 0.046900 0.046600 0.035000 0.064700 0.090600 0.059100 0.060200 0.028800 0.052100 0.059000 0.028600 0.065900 0.078600 0.022800 0.089500 0.052500 0.052000 0.065200 0.052500 0.053200 0.058400 0.078800 0.046600 0.046400 0.046500 0.022800 0.046400 0.091600 0.059500 0.053700 0.077100 0.059200 0.073300 0.046500 0.052200 0.098400 0.058300 0.064700 0.077100 0.052100 0.057900
LesserMous 0.139700 0.000000 0.141500 0.171800 0.138600 0.133100 0.148400 0.139700 0.134100 0.148200 0.124600 0.112500 0.139500 0.126600 0.135500 0.168800 0.161500 0.162300 0.118600 0.130900 0.154000 0.131500 0.148900 0.178100 0.124600 0.173500 0.146000 0.130600 0.146900 0.132000 0.148100 0.148600 0.185600 0.139300 0.138600 0.125200 0.124600 0.138600 0.178300 0.141000 0.149300 0.174000 0.154800 0.176700 0.125200 0.137900 0.182700 0.150600 0.145600 0.135300 0.131000 0.137400
LesserKudu 0.056400 0.141500 0.000000 0.172700 0.049800 0.050300 0.056700 0.050200 0.033500 0.055100 0.050000 0.049800 0.050000 0.050600 0.055300 0.087700 0.056000 0.056300 0.043800 0.027900 0.055800 0.056100 0.061100 0.073900 0.050000 0.073100 0.055700 0.027900 0.074500 0.028100 0.055100 0.061500 0.074800 0.049600 0.049800 0.037200 0.050000 0.049800 0.088300 0.055100 0.048900 0.073600 0.061100 0.068600 0.037000 0.067700 0.094700 0.061000 0.080200 0.067300 0.028000 0.033600
KillerWhal 0.156500 0.171800 0.172700 0.000000 0.155300 0.150100 0.165700 0.156600 0.165400 0.158200 0.141400 0.157000 0.156300 0.143700 0.172000 0.157000 0.164100 0.159900 0.135400 0.161300 0.170800 0.148200 0.165700 0.192500 0.141400 0.175500 0.162700 0.161000 0.135900 0.162600 0.144200 0.165900 0.187800 0.156000 0.155400 0.155500 0.141400 0.155300 0.187300 0.164300 0.166300 0.161900 0.150800 0.191800 0.155400 0.154400 0.200000 0.167200 0.177000 0.180800 0.161400 0.167800
DefassaWat 0.046300 0.138600 0.049800 0.155300 0.000000 0.040500 0.028900 0.034500 0.049200 0.034700 0.034200 0.040600 0.034400 0.034700 0.046400 0.064600 0.052400 0.053300 0.028600 0.039800 0.046300 0.040100 0.052900 0.065200 0.034200 0.063300 0.040100 0.039700 0.064700 0.028400 0.046700 0.045900 0.071500 0.034300 0.022600 0.034300 0.034200 0.011200 0.077900 0.040700 0.041000 0.051300 0.052600 0.060000 0.034200 0.051800 0.084500 0.045800 0.064200 0.051900 0.039800 0.045600
Sheep 0.005600 0.133100 0.050300 0.150100 0.040500 0.000000 0.047400 0.040900 0.055900 0.047300 0.017100 0.041000 0.040800 0.029200 0.058800 0.084500 0.053200 0.054200 0.023000 0.046300 0.053000 0.022900 0.059800 0.072500 0.017100 0.083200 0.046600 0.046200 0.059300 0.046600 0.047300 0.052600 0.072600 0.040800 0.040600 0.040700 0.017100 0.040600 0.085400 0.053600 0.047700 0.070800 0.053300 0.067200 0.040600 0.046400 0.092200 0.052500 0.058800 0.071200 0.046300 0.052100
MaxwellsDu 0.053400 0.148400 0.056700 0.165700 0.028900 0.047400 0.000000 0.041200 0.056200 0.041400 0.040800 0.053600 0.041000 0.017400 0.053400 0.084900 0.059600 0.060600 0.035100 0.046500 0.053300 0.046800 0.053800 0.072800 0.040800 0.070700 0.046900 0.046400 0.072200 0.034800 0.053700 0.028700 0.079400 0.041000 0.028900 0.040900 0.040800 0.040800 0.086000 0.047600 0.047900 0.058400 0.059700 0.067500 0.040900 0.058900 0.092700 0.052700 0.071700 0.059100 0.046600 0.052400
GazellaPrz 0.046800 0.139700 0.050200 0.156600 0.034500 0.040900 0.041200 0.000000 0.037400 0.047100 0.034500 0.047000 0.034700 0.035100 0.046800 0.052000 0.052900 0.053800 0.028800 0.028400 0.022600 0.040400 0.057800 0.065800 0.034500 0.046000 0.040500 0.028400 0.040100 0.040500 0.047100 0.046300 0.072200 0.034600 0.034500 0.034600 0.034500 0.034500 0.052600 0.047200 0.045800 0.034300 0.053100 0.060500 0.034600 0.052300 0.058800 0.046200 0.064800 0.058500 0.028500 0.034200
MountainNy 0.062000 0.134100 0.033500 0.165400 0.049200 0.055900 0.056200 0.037400 0.000000 0.054800 0.049400 0.049400 0.049500 0.050000 0.061300 0.074400 0.068000 0.068600 0.043300 0.005500 0.042900 0.055500 0.059600 0.073600 0.049400 0.059300 0.055200 0.005500 0.049100 0.028100 0.054800 0.061000 0.087200 0.049100 0.049200 0.036800 0.049400 0.049200 0.062200 0.052500 0.047400 0.059800 0.061000 0.068300 0.036600 0.067200 0.081300 0.048400 0.080200 0.066900 0.005500 0.011000
MuntiacusM 0.053200 0.148200 0.055100 0.158200 0.034700 0.047300 0.041400 0.047100 0.054800 0.000000 0.040700 0.047300 0.047000 0.041300 0.059500 0.078300 0.065700 0.066900 0.034900 0.046400 0.047100 0.046700 0.029000 0.053400 0.040700 0.063000 0.052900 0.046400 0.059500 0.034800 0.011300 0.058800 0.088200 0.046900 0.034700 0.046900 0.040700 0.046700 0.079300 0.028800 0.017400 0.050600 0.017000 0.048000 0.046800 0.058800 0.079500 0.058800 0.071600 0.065100 0.046500 0.052300
goat 0.022800 0.124600 0.050000 0.141400 0.034200 0.017100 0.040800 0.034500 0.049400 0.040700 0.000000 0.034600 0.034400 0.023000 0.046400 0.077200 0.052500 0.053400 0.017000 0.039800 0.046400 0.005600 0.052900 0.065300 0.000000 0.076200 0.028500 0.039800 0.052500 0.040100 0.040700 0.046000 0.071700 0.022700 0.034200 0.034300 0.000000 0.034200 0.078000 0.046800 0.041000 0.064100 0.046500 0.060000 0.034300 0.040000 0.084600 0.045900 0.052100 0.064200 0.039900 0.045600
AfricanBuf 0.046900 0.112500 0.049800 0.157000 0.040600 0.041000 0.053600 0.047000 0.049400 0.047300 0.034600 0.000000 0.046800 0.035200 0.059300 0.090800 0.065500 0.066600 0.028900 0.040300 0.059200 0.040500 0.059700 0.072300 0.034600 0.076400 0.052700 0.040300 0.065400 0.040700 0.047300 0.058700 0.085300 0.046700 0.046600 0.022900 0.034600 0.040600 0.091800 0.053500 0.047600 0.076800 0.053200 0.067100 0.022900 0.052500 0.098800 0.058600 0.052700 0.064800 0.040400 0.046200
Topi 0.046600 0.139500 0.050000 0.156300 0.034400 0.040800 0.041000 0.034700 0.049500 0.047000 0.034400 0.046800 0.000000 0.035000 0.046700 0.077500 0.052700 0.053700 0.028800 0.040000 0.046600 0.040300 0.053200 0.065700 0.034400 0.076400 0.005600 0.040000 0.065100 0.028600 0.047000 0.046200 0.072000 0.011300 0.022700 0.034500 0.034400 0.034400 0.078400 0.047100 0.041300 0.064200 0.052900 0.060400 0.034500 0.052100 0.085100 0.046100 0.064600 0.064500 0.040100 0.045800
CommonDuik 0.035000 0.126600 0.050600 0.143700 0.034700 0.029200 0.017400 0.035100 0.050000 0.041300 0.023000 0.035200 0.035000 0.000000 0.047200 0.078300 0.053300 0.048100 0.017300 0.040500 0.047100 0.028800 0.053700 0.066400 0.023000 0.077300 0.040800 0.040400 0.053300 0.040800 0.041300 0.022800 0.072800 0.034900 0.034800 0.034900 0.023000 0.034800 0.079300 0.047500 0.041700 0.064900 0.047300 0.061000 0.034800 0.040600 0.086000 0.046600 0.053000 0.065200 0.040500 0.046300
Suni 0.064700 0.135500 0.055300 0.172000 0.046400 0.058800 0.053400 0.046800 0.061300 0.059500 0.046400 0.059300 0.046700 0.047200 0.000000 0.090500 0.059100 0.060100 0.040700 0.052100 0.059000 0.052400 0.065800 0.072200 0.046400 0.088500 0.052500 0.052000 0.077800 0.052500 0.059500 0.058500 0.078700 0.046600 0.046400 0.046500 0.046400 0.046400 0.091700 0.057500 0.053600 0.075900 0.065500 0.060500 0.046500 0.064500 0.098600 0.058300 0.077500 0.077100 0.052100 0.058000
Springbuck 0.090600 0.168800 0.087700 0.157000 0.064600 0.084500 0.084900 0.052000 0.074400 0.078300 0.077200 0.090800 0.077500 0.078300 0.090500 0.000000 0.097100 0.098800 0.071300 0.064300 0.052000 0.083400 0.089400 0.097900 0.077200 0.051400 0.083600 0.064200 0.033900 0.077200 0.078300 0.089600 0.118100 0.077400 0.077100 0.077200 0.077200 0.064600 0.071000 0.078400 0.077000 0.039700 0.084400 0.092800 0.077200 0.083100 0.065000 0.089400 0.109400 0.089900 0.064400 0.070300
Okapi 0.059100 0.161500 0.056000 0.164100 0.052400 0.053200 0.059600 0.052900 0.068000 0.065700 0.052500 0.065500 0.052700 0.053300 0.059100 0.097100 0.000000 0.022900 0.046700 0.058100 0.065100 0.058500 0.072100 0.084900 0.052500 0.095600 0.058600 0.058000 0.084200 0.058600 0.065700 0.064600 0.050800 0.052700 0.052400 0.052500 0.052500 0.052400 0.098200 0.065700 0.059800 0.083000 0.071700 0.073200 0.052500 0.070700 0.098300 0.064400 0.083600 0.083500 0.058200 0.064000
Giraffe 0.060200 0.162300 0.056300 0.159900 0.053300 0.054200 0.060600 0.053800 0.068600 0.066900 0.053400 0.066600 0.053700 0.048100 0.060100 0.098800 0.022900 0.000000 0.047600 0.059100 0.066300 0.059600 0.073400 0.086400 0.053400 0.096700 0.059700 0.059000 0.085700 0.059600 0.066800 0.065700 0.051200 0.053600 0.053400 0.053500 0.053400 0.053400 0.100000 0.066900 0.060900 0.083800 0.073000 0.077500 0.053400 0.071900 0.100100 0.065500 0.085100 0.085000 0.059200 0.065200
TibetanAnt 0.028800 0.118600 0.043800 0.135400 0.028600 0.023000 0.035100 0.028800 0.043300 0.034900 0.017000 0.028900 0.028800 0.017300 0.040700 0.071300 0.046700 0.047600 0.000000 0.034200 0.040700 0.022800 0.047200 0.059600 0.017000 0.070000 0.034500 0.034200 0.046700 0.034500 0.034900 0.040300 0.065800 0.028700 0.028600 0.028700 0.017000 0.028600 0.072200 0.041000 0.035300 0.057800 0.040800 0.054200 0.028700 0.034300 0.078800 0.028500 0.046400 0.058400 0.034200 0.040000
Sitatunga 0.052100 0.130900 0.027900 0.161300 0.039800 0.046300 0.046500 0.028400 0.005500 0.046400 0.039800 0.040300 0.040000 0.040500 0.052100 0.064300 0.058100 0.059100 0.034200 0.000000 0.034300 0.045700 0.051200 0.064900 0.039800 0.049700 0.045800 0.000000 0.040300 0.022400 0.046400 0.051600 0.077300 0.040000 0.039800 0.028300 0.039800 0.039800 0.065000 0.044100 0.039200 0.049900 0.052300 0.059600 0.028300 0.057400 0.071400 0.039700 0.070100 0.057600 0.000100 0.005500
Oribi 0.059000 0.154000 0.055800 0.170800 0.046300 0.053000 0.053300 0.022600 0.042900 0.047100 0.046400 0.059200 0.046600 0.047100 0.059000 0.052000 0.065100 0.066300 0.040700 0.034300 0.000000 0.052400 0.057700 0.065800 0.046400 0.046000 0.052500 0.034200 0.040100 0.046400 0.047100 0.058400 0.084800 0.046600 0.046400 0.046500 0.046400 0.046300 0.052500 0.047200 0.045700 0.034300 0.053100 0.060500 0.046400 0.064400 0.058800 0.058300 0.077200 0.070800 0.034300 0.040100
BarbaryShe 0.028600 0.131500 0.056100 0.148200 0.040100 0.022900 0.046800 0.040400 0.055500 0.046700 0.005600 0.040500 0.040300 0.028800 0.052400 0.083400 0.058500 0.059600 0.022800 0.045700 0.052400 0.000000 0.059100 0.071500 0.005600 0.082500 0.034300 0.045600 0.058600 0.046000 0.046700 0.051900 0.077900 0.028500 0.040100 0.040200 0.005600 0.040100 0.084400 0.052900 0.047000 0.070300 0.052600 0.066300 0.040100 0.045800 0.091000 0.051800 0.058100 0.070300 0.045700 0.051500
Daviddeer 0.065900 0.148900 0.061100 0.165700 0.052900 0.059800 0.053800 0.057800 0.059600 0.029000 0.052900 0.059700 0.053200 0.053700 0.065800 0.089400 0.072100 0.073400 0.047200 0.051200 0.057700 0.059100 0.000000 0.059700 0.052900 0.083000 0.059200 0.051200 0.076700 0.053000 0.029000 0.065100 0.092400 0.053200 0.052900 0.053000 0.052900 0.052900 0.090600 0.039100 0.023000 0.070600 0.034900 0.054300 0.053000 0.071300 0.090600 0.065000 0.084600 0.084300 0.051300 0.057200
Reindeer 0.078600 0.178100 0.073900 0.192500 0.065200 0.072500 0.072800 0.065800 0.073600 0.053400 0.065300 0.072300 0.065700 0.066400 0.072200 0.097900 0.084900 0.086400 0.059600 0.064900 0.065800 0.071500 0.059700 0.000000 0.065300 0.095700 0.071700 0.064800 0.085000 0.065400 0.053400 0.077800 0.108500 0.065600 0.065300 0.065400 0.065300 0.065300 0.099200 0.041200 0.047600 0.082900 0.059400 0.041900 0.065400 0.084000 0.106200 0.077600 0.097500 0.084200 0.064900 0.070900
Ibex 0.022800 0.124600 0.050000 0.141400 0.034200 0.017100 0.040800 0.034500 0.049400 0.040700 0.000000 0.034600 0.034400 0.023000 0.046400 0.077200 0.052500 0.053400 0.017000 0.039800 0.046400 0.005600 0.052900 0.065300 0.000000 0.076200 0.028500 0.039800 0.052500 0.040100 0.040700 0.046000 0.071700 0.022700 0.034200 0.034300 0.000000 0.034200 0.078000 0.046800 0.041000 0.064100 0.046500 0.060000 0.034300 0.040000 0.084600 0.045900 0.052100 0.064200 0.039900 0.045600
GyrantGaze 0.089500 0.173500 0.073100 0.175500 0.063300 0.083200 0.070700 0.046000 0.059300 0.063000 0.076200 0.076400 0.076400 0.077300 0.088500 0.051400 0.095600 0.096700 0.070000 0.049700 0.046000 0.082500 0.083000 0.095700 0.076200 0.000000 0.082300 0.049800 0.039700 0.050700 0.076000 0.088200 0.116300 0.076000 0.063300 0.063100 0.076200 0.075900 0.064800 0.069500 0.070700 0.011100 0.082100 0.090500 0.062900 0.094700 0.071200 0.087700 0.108200 0.062100 0.049900 0.055800
Hartebeest 0.052500 0.146000 0.055700 0.162700 0.040100 0.046600 0.046900 0.040500 0.055200 0.052900 0.028500 0.052700 0.005600 0.040800 0.052500 0.083600 0.058600 0.059700 0.034500 0.045800 0.052500 0.034300 0.059200 0.071700 0.028500 0.082300 0.000000 0.045700 0.071100 0.034300 0.052900 0.052000 0.078100 0.005600 0.028400 0.040200 0.028500 0.040100 0.084500 0.053000 0.047100 0.070000 0.058800 0.066400 0.040200 0.057900 0.091200 0.051900 0.070500 0.070400 0.045800 0.051600
Bongo 0.052000 0.130600 0.027900 0.161000 0.039700 0.046200 0.046400 0.028400 0.005500 0.046400 0.039800 0.040300 0.040000 0.040400 0.052000 0.064200 0.058000 0.059000 0.034200 0.000000 0.034200 0.045600 0.051200 0.064800 0.039800 0.049800 0.045700 0.000000 0.040200 0.022400 0.046400 0.051500 0.077200 0.039900 0.039700 0.028200 0.039800 0.039700 0.064900 0.044100 0.039200 0.050000 0.052200 0.059500 0.028200 0.057400 0.071300 0.039600 0.069900 0.057500 0.000000 0.005500
Gerenuk 0.065200 0.146900 0.074500 0.135900 0.064700 0.059300 0.072200 0.040100 0.049100 0.059500 0.052500 0.065400 0.065100 0.053300 0.077800 0.033900 0.084200 0.085700 0.046700 0.040300 0.040100 0.058600 0.076700 0.085000 0.052500 0.039700 0.071100 0.040200 0.000000 0.064800 0.059500 0.077100 0.104700 0.065000 0.064700 0.064900 0.052500 0.064700 0.058700 0.065900 0.064400 0.028200 0.065500 0.079800 0.064800 0.070600 0.065000 0.064500 0.083600 0.089900 0.040300 0.046100
CommonElan 0.052500 0.132000 0.028100 0.162600 0.028400 0.046600 0.034800 0.040500 0.028100 0.034800 0.040100 0.040700 0.028600 0.040800 0.052500 0.077200 0.058600 0.059600 0.034500 0.022400 0.046400 0.046000 0.053000 0.065400 0.040100 0.050700 0.034300 0.022400 0.064800 0.000000 0.046800 0.051900 0.077900 0.028500 0.016900 0.028500 0.040100 0.040100 0.078100 0.040900 0.041100 0.051000 0.052700 0.060100 0.028500 0.057900 0.084700 0.051900 0.070500 0.046000 0.022500 0.028100
MuntiacusR 0.053200 0.148100 0.055100 0.144200 0.046700 0.047300 0.053700 0.047100 0.054800 0.011300 0.040700 0.047300 0.047000 0.041300 0.059500 0.078300 0.065700 0.066800 0.034900 0.046400 0.047100 0.046700 0.029000 0.053400 0.040700 0.076000 0.052900 0.046400 0.059500 0.046800 0.000000 0.058800 0.088100 0.046900 0.046700 0.046900 0.040700 0.046700 0.079300 0.034800 0.017300 0.063400 0.005600 0.048000 0.046800 0.058800 0.079500 0.058800 0.071600 0.077700 0.046500 0.052300
HarveysDui 0.058400 0.148600 0.061500 0.165900 0.045900 0.052600 0.028700 0.046300 0.061000 0.058800 0.046000 0.058700 0.046200 0.022800 0.058500 0.089600 0.064600 0.065700 0.040300 0.051600 0.058400 0.051900 0.065100 0.077800 0.046000 0.088200 0.052000 0.051500 0.077100 0.051900 0.058800 0.000000 0.084200 0.046100 0.045900 0.046100 0.046000 0.045900 0.090700 0.058800 0.053000 0.075800 0.064700 0.072600 0.046000 0.063800 0.097500 0.057700 0.076600 0.076400 0.051600 0.057400
Pronghorn 0.078800 0.185600 0.074800 0.187800 0.071500 0.072600 0.079400 0.072200 0.087200 0.088200 0.071700 0.085300 0.072000 0.072800 0.078700 0.118100 0.050800 0.051200 0.065800 0.077300 0.084800 0.077900 0.092400 0.108500 0.071700 0.116300 0.078100 0.077200 0.104700 0.077900 0.088100 0.084200 0.000000 0.071900 0.071600 0.071700 0.071700 0.071600 0.119500 0.085700 0.079700 0.103300 0.094300 0.096600 0.071700 0.090400 0.119700 0.083900 0.104000 0.104000 0.077400 0.083400
BlueWildeb 0.046600 0.139300 0.049600 0.156000 0.034300 0.040800 0.041000 0.034600 0.049100 0.046900 0.022700 0.046700 0.011300 0.034900 0.046600 0.077400 0.052700 0.053600 0.028700 0.040000 0.046600 0.028500 0.053200 0.065600 0.022700 0.076000 0.005600 0.039900 0.065000 0.028500 0.046900 0.046100 0.071900 0.000000 0.022700 0.034400 0.022700 0.034300 0.078300 0.047000 0.041200 0.063700 0.052800 0.060300 0.034400 0.052100 0.085000 0.046000 0.064500 0.064400 0.040000 0.045800
Gemsbok 0.046400 0.138600 0.049800 0.155400 0.022600 0.040600 0.028900 0.034500 0.049200 0.034700 0.034200 0.046600 0.022700 0.034800 0.046400 0.077100 0.052400 0.053400 0.028600 0.039800 0.046400 0.040100 0.052900 0.065300 0.034200 0.063300 0.028400 0.039700 0.064700 0.016900 0.046700 0.045900 0.071600 0.022700 0.000000 0.034300 0.034200 0.034200 0.078000 0.040800 0.041000 0.051300 0.052600 0.060000 0.034300 0.051800 0.084600 0.045800 0.064200 0.046000 0.039900 0.045600
Yak 0.046500 0.125200 0.037200 0.155500 0.034300 0.040700 0.040900 0.034600 0.036800 0.046900 0.034300 0.022900 0.034500 0.034900 0.046500 0.077200 0.052500 0.053500 0.028700 0.028300 0.046500 0.040200 0.053000 0.065400 0.034300 0.063100 0.040200 0.028200 0.064900 0.028500 0.046900 0.046100 0.071700 0.034400 0.034300 0.000000 0.034300 0.034300 0.078100 0.046900 0.041100 0.063400 0.052800 0.060200 0.000000 0.040100 0.084700 0.046000 0.064400 0.052100 0.028300 0.034000
BlueSheep 0.022800 0.124600 0.050000 0.141400 0.034200 0.017100 0.040800 0.034500 0.049400 0.040700 0.000000 0.034600 0.034400 0.023000 0.046400 0.077200 0.052500 0.053400 0.017000 0.039800 0.046400 0.005600 0.052900 0.065300 0.000000 0.076200 0.028500 0.039800 0.052500 0.040100 0.040700 0.046000 0.071700 0.022700 0.034200 0.034300 0.000000 0.034200 0.078000 0.046800 0.041000 0.064100 0.046500 0.060000 0.034300 0.040000 0.084600 0.045900 0.052100 0.064200 0.039900 0.045600
BohorReedb 0.046400 0.138600 0.049800 0.155300 0.011200 0.040600 0.040800 0.034500 0.049200 0.046700 0.034200 0.040600 0.034400 0.034800 0.046400 0.064600 0.052400 0.053400 0.028600 0.039800 0.046300 0.040100 0.052900 0.065300 0.034200 0.075900 0.040100 0.039700 0.064700 0.040100 0.046700 0.045900 0.071600 0.034300 0.034200 0.034300 0.034200 0.000000 0.078000 0.046800 0.041000 0.063800 0.052600 0.060000 0.034300 0.040000 0.084600 0.045800 0.064300 0.052000 0.039800 0.045600
KirksDik 0.091600 0.178300 0.088300 0.187300 0.077900 0.085400 0.086000 0.052600 0.062200 0.079300 0.078000 0.091800 0.078400 0.079300 0.091700 0.071000 0.098200 0.100000 0.072200 0.065000 0.052500 0.084400 0.090600 0.099200 0.078000 0.064800 0.084500 0.064900 0.058700 0.078100 0.079300 0.090700 0.119500 0.078300 0.078000 0.078100 0.078000 0.078000 0.000000 0.079400 0.078100 0.052700 0.085500 0.094100 0.078100 0.097000 0.065700 0.090500 0.097600 0.103900 0.065100 0.071000
RoeDeer 0.059500 0.141000 0.055100 0.164300 0.040700 0.053600 0.047600 0.047200 0.052500 0.028800 0.046800 0.053500 0.047100 0.047500 0.057500 0.078400 0.065700 0.066900 0.041000 0.044100 0.047200 0.052900 0.039100 0.041200 0.046800 0.069500 0.053000 0.044100 0.065900 0.040900 0.034800 0.058800 0.085700 0.047000 0.040800 0.046900 0.046800 0.046800 0.079400 0.000000 0.027000 0.057000 0.039000 0.048000 0.046900 0.065000 0.086100 0.058800 0.077700 0.059000 0.044200 0.050100
WhiteLippe 0.053700 0.149300 0.048900 0.166300 0.041000 0.047700 0.047900 0.045800 0.047400 0.017400 0.041000 0.047600 0.041300 0.041700 0.053600 0.077000 0.059800 0.060900 0.035300 0.039200 0.045700 0.047000 0.023000 0.047600 0.041000 0.070700 0.047100 0.039200 0.064400 0.041100 0.017300 0.053000 0.079700 0.041200 0.041000 0.041100 0.041000 0.041000 0.078100 0.027000 0.000000 0.058400 0.023200 0.042100 0.041100 0.059200 0.078100 0.053000 0.072200 0.071900 0.039300 0.045200
ThomsonGaz 0.077100 0.174000 0.073600 0.161900 0.051300 0.070800 0.058400 0.034300 0.059800 0.050600 0.064100 0.076800 0.064200 0.064900 0.075900 0.039700 0.083000 0.083800 0.057800 0.049900 0.034300 0.070300 0.070600 0.082900 0.064100 0.011100 0.070000 0.050000 0.028200 0.051000 0.063400 0.075800 0.103300 0.063700 0.051300 0.063400 0.064100 0.063800 0.052700 0.057000 0.058400 0.000000 0.069500 0.077600 0.063200 0.082100 0.059000 0.075300 0.095300 0.075200 0.050200 0.056100
MuntiacusC 0.059200 0.154800 0.061100 0.150800 0.052600 0.053300 0.059700 0.053100 0.061000 0.017000 0.046500 0.053200 0.052900 0.047300 0.065500 0.084400 0.071700 0.073000 0.040800 0.052300 0.053100 0.052600 0.034900 0.059400 0.046500 0.082100 0.058800 0.052200 0.065500 0.052700 0.005600 0.064700 0.094300 0.052800 0.052600 0.052800 0.046500 0.052600 0.085500 0.039000 0.023200 0.069500 0.000000 0.054000 0.052800 0.064700 0.085700 0.064700 0.077800 0.083800 0.052400 0.058200
WhiteTaile 0.073300 0.176700 0.068600 0.191800 0.060000 0.067200 0.067500 0.060500 0.068300 0.048000 0.060000 0.067100 0.060400 0.061000 0.060500 0.092800 0.073200 0.077500 0.054200 0.059600 0.060500 0.066300 0.054300 0.041900 0.060000 0.090500 0.066400 0.059500 0.079800 0.060100 0.048000 0.072600 0.096600 0.060300 0.060000 0.060200 0.060000 0.060000 0.094100 0.048000 0.042100 0.077600 0.054000 0.000000 0.060100 0.078900 0.087500 0.072400 0.092500 0.092100 0.059700 0.065700
Cattle 0.046500 0.125200 0.037000 0.155400 0.034200 0.040600 0.040900 0.034600 0.036600 0.046800 0.034300 0.022900 0.034500 0.034800 0.046500 0.077200 0.052500 0.053400 0.028700 0.028300 0.046400 0.040100 0.053000 0.065400 0.034300 0.062900 0.040200 0.028200 0.064800 0.028500 0.046800 0.046000 0.071700 0.034400 0.034300 0.000000 0.034300 0.034300 0.078100 0.046900 0.041100 0.063200 0.052800 0.060100 0.000000 0.040000 0.084700 0.045900 0.064400 0.052100 0.028300 0.034000
RoyalAntel 0.052200 0.137900 0.067700 0.154400 0.051800 0.046400 0.058900 0.052300 0.067200 0.058800 0.040000 0.052500 0.052100 0.040600 0.064500 0.083100 0.070700 0.071900 0.034300 0.057400 0.064400 0.045800 0.071300 0.084000 0.040000 0.094700 0.057900 0.057400 0.070600 0.057900 0.058800 0.063800 0.090400 0.052100 0.051800 0.040100 0.040000 0.040000 0.097000 0.065000 0.059200 0.082100 0.064700 0.078900 0.040000 0.000000 0.090900 0.063700 0.058000 0.058000 0.057500 0.063300
Steenbok 0.098400 0.182700 0.094700 0.200000 0.084500 0.092200 0.092700 0.058800 0.081300 0.079500 0.084600 0.098800 0.085100 0.086000 0.098600 0.065000 0.098300 0.100100 0.078800 0.071400 0.058800 0.091000 0.090600 0.106200 0.084600 0.071200 0.091200 0.071300 0.065000 0.084700 0.079500 0.097500 0.119700 0.085000 0.084600 0.084700 0.084600 0.084600 0.065700 0.086100 0.078100 0.059000 0.085700 0.087500 0.084700 0.090900 0.000000 0.097200 0.104600 0.110900 0.071500 0.077500
Impala 0.058300 0.150600 0.061000 0.167200 0.045800 0.052500 0.052700 0.046200 0.048400 0.058800 0.045900 0.058600 0.046100 0.046600 0.058300 0.089400 0.064400 0.065500 0.028500 0.039700 0.058300 0.051800 0.065000 0.077600 0.045900 0.087700 0.051900 0.039600 0.064500 0.051900 0.058800 0.057700 0.083900 0.046000 0.045800 0.046000 0.045900 0.045800 0.090500 0.058800 0.053000 0.075300 0.064700 0.072400 0.045900 0.063700 0.097200 0.000000 0.076400 0.076100 0.039700 0.045500
Klipspring 0.064700 0.145600 0.080200 0.177000 0.064200 0.058800 0.071700 0.064800 0.080200 0.071600 0.052100 0.052700 0.064600 0.053000 0.077500 0.109400 0.083600 0.085100 0.046400 0.070100 0.077200 0.058100 0.084600 0.097500 0.052100 0.108200 0.070500 0.069900 0.083600 0.070500 0.071600 0.076600 0.104000 0.064500 0.064200 0.064400 0.052100 0.064300 0.097600 0.077700 0.072200 0.095300 0.077800 0.092500 0.064400 0.058000 0.104600 0.076400 0.000000 0.095900 0.070100 0.076100
ForestMusk 0.077100 0.135300 0.067300 0.180800 0.051900 0.071200 0.059100 0.058500 0.066900 0.065100 0.064200 0.064800 0.064500 0.065200 0.077100 0.089900 0.083500 0.085000 0.058400 0.057600 0.070800 0.070300 0.084300 0.084200 0.064200 0.062100 0.070400 0.057500 0.089900 0.046000 0.077700 0.076400 0.104000 0.064400 0.046000 0.052100 0.064200 0.052000 0.103900 0.059000 0.071900 0.075200 0.083800 0.092100 0.052100 0.058000 0.110900 0.076100 0.095900 0.000000 0.057700 0.063500
Bushbuck 0.052100 0.131000 0.028000 0.161400 0.039800 0.046300 0.046600 0.028500 0.005500 0.046500 0.039900 0.040400 0.040100 0.040500 0.052100 0.064400 0.058200 0.059200 0.034200 0.000100 0.034300 0.045700 0.051300 0.064900 0.039900 0.049900 0.045800 0.000000 0.040300 0.022500 0.046500 0.051600 0.077400 0.040000 0.039900 0.028300 0.039900 0.039800 0.065100 0.044200 0.039300 0.050200 0.052400 0.059700 0.028300 0.057500 0.071500 0.039700 0.070100 0.057700 0.000000 0.005500
GreaterKud 0.057900 0.137400 0.033600 0.167800 0.045600 0.052100 0.052400 0.034200 0.011000 0.052300 0.045600 0.046200 0.045800 0.046300 0.058000 0.070300 0.064000 0.065200 0.040000 0.005500 0.040100 0.051500 0.057200 0.070900 0.045600 0.055800 0.051600 0.005500 0.046100 0.028100 0.052300 0.057400 0.083400 0.045800 0.045600 0.034000 0.045600 0.045600 0.071000 0.050100 0.045200 0.056100 0.058200 0.065700 0.034000 0.063300 0.077500 0.045500 0.076100 0.063500 0.005500 0.000000
