CODONML (in paml version 4.10.7, June 2023)  /home/rachel/ruminants_paml/6406-phy-tree/ENSBTAT00000047146.fasta.phy
Model: free dN/dS Ratios for branches,  kappa = 2.000 fixed

Codon frequency model: F3x4
ns =  54  ls =  35

Codon usage in sequences
--------------------------------------------------------------------------------------------------------------------------------------
Phe TTT   1   1   1   1   1   1 | Ser TCT   0   0   0   0   0   0 | Tyr TAT   0   0   0   0   0   0 | Cys TGT   1   1   1   1   1   1
    TTC   1   1   1   1   1   1 |     TCC   0   0   0   0   0   0 |     TAC   1   1   1   1   1   1 |     TGC   1   1   1   1   1   1
Leu TTA   1   1   1   1   1   1 |     TCA   0   0   0   0   0   0 | *** TAA   0   0   0   0   0   0 | *** TGA   0   0   0   0   0   0
    TTG   0   1   1   1   1   1 |     TCG   0   0   0   0   0   0 |     TAG   0   0   0   0   0   0 | Trp TGG   1   1   1   1   1   1
--------------------------------------------------------------------------------------------------------------------------------------
Leu CTT   1   0   1   1   0   0 | Pro CCT   1   1   1   1   1   1 | His CAT   1   1   1   1   1   1 | Arg CGT   0   0   0   0   0   0
    CTC   0   0   0   0   0   0 |     CCC   0   0   0   0   0   0 |     CAC   0   0   0   0   0   0 |     CGC   0   0   0   0   0   0
    CTA   0   0   0   0   0   0 |     CCA   0   0   0   0   0   0 | Gln CAA   2   2   2   2   1   2 |     CGA   0   0   0   0   0   0
    CTG   3   2   2   2   1   2 |     CCG   0   0   0   0   0   0 |     CAG   0   0   0   0   1   0 |     CGG   0   0   0   0   0   0
--------------------------------------------------------------------------------------------------------------------------------------
Ile ATT   1   2   1   1   2   1 | Thr ACT   0   0   0   0   1   0 | Asn AAT   1   1   2   1   0   1 | Ser AGT   0   0   0   0   0   0
    ATC   0   0   0   0   0   1 |     ACC   1   1   1   1   0   1 |     AAC   1   1   0   1   2   1 |     AGC   0   0   0   0   0   0
    ATA   0   0   0   0   0   0 |     ACA   0   0   0   0   0   0 | Lys AAA   3   3   3   3   3   3 | Arg AGA   1   1   1   1   1   1
Met ATG   1   1   1   1   1   1 |     ACG   0   0   0   0   0   0 |     AAG   0   0   0   0   0   0 |     AGG   0   0   0   0   0   0
--------------------------------------------------------------------------------------------------------------------------------------
Val GTT   1   1   1   1   1   1 | Ala GCT   1   1   1   1   1   1 | Asp GAT   2   2   2   2   2   2 | Gly GGT   0   0   0   0   0   0
    GTC   0   0   0   0   0   0 |     GCC   1   1   1   1   1   1 |     GAC   0   0   0   0   0   0 |     GGC   0   0   0   0   0   0
    GTA   1   1   1   1   1   1 |     GCA   1   1   1   1   1   1 | Glu GAA   2   2   3   2   3   2 |     GGA   1   1   1   1   1   1
    GTG   0   0   0   0   1   0 |     GCG   0   0   0   0   0   0 |     GAG   1   1   0   1   0   1 |     GGG   0   0   0   0   0   0
--------------------------------------------------------------------------------------------------------------------------------------

--------------------------------------------------------------------------------------------------------------------------------------
Phe TTT   1   1   1   1   1   1 | Ser TCT   0   0   0   0   0   0 | Tyr TAT   0   0   0   0   0   0 | Cys TGT   1   1   1   1   1   1
    TTC   1   1   1   1   1   1 |     TCC   0   0   0   0   0   0 |     TAC   1   1   1   1   1   1 |     TGC   1   1   1   1   1   1
Leu TTA   1   1   1   1   1   1 |     TCA   0   0   0   0   0   0 | *** TAA   0   0   0   0   0   0 | *** TGA   0   0   0   0   0   0
    TTG   1   0   1   1   1   1 |     TCG   0   0   0   0   0   0 |     TAG   0   0   0   0   0   0 | Trp TGG   1   1   1   1   1   1
--------------------------------------------------------------------------------------------------------------------------------------
Leu CTT   1   1   1   1   1   1 | Pro CCT   1   1   1   1   1   1 | His CAT   1   1   1   1   1   1 | Arg CGT   0   0   0   0   0   0
    CTC   0   0   0   0   0   0 |     CCC   0   0   0   0   0   0 |     CAC   0   0   0   0   0   0 |     CGC   0   0   0   0   0   0
    CTA   0   0   0   0   0   0 |     CCA   0   0   0   0   0   0 | Gln CAA   2   2   2   2   2   2 |     CGA   0   0   0   0   0   0
    CTG   2   3   2   2   2   2 |     CCG   0   0   0   0   0   0 |     CAG   0   0   0   0   0   0 |     CGG   0   0   0   0   0   0
--------------------------------------------------------------------------------------------------------------------------------------
Ile ATT   1   1   1   1   0   1 | Thr ACT   0   0   0   0   0   0 | Asn AAT   1   1   2   1   1   1 | Ser AGT   0   0   0   0   0   0
    ATC   0   0   0   0   1   0 |     ACC   1   1   0   1   1   1 |     AAC   1   1   0   1   1   1 |     AGC   0   0   0   0   0   0
    ATA   0   0   0   0   0   0 |     ACA   0   0   0   0   0   0 | Lys AAA   3   3   3   3   3   3 | Arg AGA   1   1   1   1   1   1
Met ATG   1   1   1   1   1   1 |     ACG   0   0   0   0   0   0 |     AAG   0   0   0   0   0   0 |     AGG   0   0   0   0   0   0
--------------------------------------------------------------------------------------------------------------------------------------
Val GTT   1   1   1   1   1   1 | Ala GCT   1   1   1   1   1   1 | Asp GAT   2   2   2   2   2   2 | Gly GGT   0   0   0   0   0   0
    GTC   0   0   0   0   0   0 |     GCC   1   1   2   1   1   1 |     GAC   0   0   0   0   0   0 |     GGC   0   0   0   0   0   0
    GTA   1   1   1   1   1   1 |     GCA   1   1   1   1   1   1 | Glu GAA   2   2   2   2   3   2 |     GGA   1   1   1   1   1   1
    GTG   0   0   0   0   0   0 |     GCG   0   0   0   0   0   0 |     GAG   1   1   1   1   0   1 |     GGG   0   0   0   0   0   0
--------------------------------------------------------------------------------------------------------------------------------------

--------------------------------------------------------------------------------------------------------------------------------------
Phe TTT   1   1   1   1   1   1 | Ser TCT   0   0   0   0   0   0 | Tyr TAT   0   0   0   0   0   0 | Cys TGT   1   1   1   1   1   1
    TTC   1   1   1   1   1   1 |     TCC   0   0   0   0   0   0 |     TAC   1   1   1   1   1   1 |     TGC   1   1   1   1   1   1
Leu TTA   1   1   1   1   1   1 |     TCA   0   0   0   0   0   0 | *** TAA   0   0   0   0   0   0 | *** TGA   0   0   0   0   0   0
    TTG   0   1   0   1   1   1 |     TCG   0   0   0   0   0   0 |     TAG   0   0   0   0   0   0 | Trp TGG   1   1   1   1   1   1
--------------------------------------------------------------------------------------------------------------------------------------
Leu CTT   1   1   1   1   1   1 | Pro CCT   1   1   1   1   1   1 | His CAT   1   1   1   1   1   1 | Arg CGT   0   0   0   0   0   0
    CTC   0   0   0   0   0   0 |     CCC   0   0   0   0   0   0 |     CAC   0   0   0   0   0   0 |     CGC   0   0   0   0   0   0
    CTA   0   0   0   0   0   0 |     CCA   0   0   0   0   0   0 | Gln CAA   2   2   1   2   2   2 |     CGA   0   0   0   0   0   0
    CTG   3   2   2   2   2   2 |     CCG   0   0   0   0   0   0 |     CAG   0   0   1   0   0   0 |     CGG   0   0   0   0   0   0
--------------------------------------------------------------------------------------------------------------------------------------
Ile ATT   1   0   1   1   1   1 | Thr ACT   0   0   0   0   0   0 | Asn AAT   1   1   1   1   1   1 | Ser AGT   0   0   0   0   0   0
    ATC   0   1   0   0   0   0 |     ACC   1   1   1   1   1   1 |     AAC   1   1   1   1   1   1 |     AGC   0   0   0   0   0   0
    ATA   0   0   0   0   0   0 |     ACA   0   0   0   0   0   0 | Lys AAA   3   3   3   3   3   3 | Arg AGA   1   1   1   1   1   1
Met ATG   1   1   1   1   1   1 |     ACG   0   0   0   0   0   0 |     AAG   0   0   0   0   0   0 |     AGG   0   0   0   0   0   0
--------------------------------------------------------------------------------------------------------------------------------------
Val GTT   1   1   1   1   1   1 | Ala GCT   1   1   1   1   1   1 | Asp GAT   2   2   2   2   2   2 | Gly GGT   0   0   0   0   0   0
    GTC   0   0   0   0   0   0 |     GCC   1   1   1   1   1   1 |     GAC   0   0   0   0   0   0 |     GGC   0   0   0   0   0   0
    GTA   1   1   1   1   1   1 |     GCA   1   1   1   1   1   1 | Glu GAA   1   2   2   2   2   2 |     GGA   1   1   0   1   1   1
    GTG   0   0   1   0   0   0 |     GCG   0   0   0   0   0   0 |     GAG   2   1   1   1   1   1 |     GGG   0   0   1   0   0   0
--------------------------------------------------------------------------------------------------------------------------------------

--------------------------------------------------------------------------------------------------------------------------------------
Phe TTT   1   1   1   1   1   1 | Ser TCT   0   0   0   0   0   0 | Tyr TAT   0   0   0   0   0   0 | Cys TGT   1   1   1   1   1   1
    TTC   1   1   1   1   1   1 |     TCC   0   0   0   0   0   0 |     TAC   1   1   1   1   1   1 |     TGC   1   1   1   1   1   1
Leu TTA   1   1   1   1   1   0 |     TCA   0   0   0   0   0   0 | *** TAA   0   0   0   0   0   0 | *** TGA   0   0   0   0   0   0
    TTG   1   1   1   1   1   0 |     TCG   0   0   0   0   0   0 |     TAG   0   0   0   0   0   0 | Trp TGG   1   1   1   1   1   1
--------------------------------------------------------------------------------------------------------------------------------------
Leu CTT   1   1   1   1   1   1 | Pro CCT   1   1   1   1   1   1 | His CAT   1   1   1   1   1   1 | Arg CGT   0   0   0   0   0   0
    CTC   0   0   0   0   0   0 |     CCC   0   0   0   0   0   0 |     CAC   0   0   0   0   0   0 |     CGC   0   0   0   0   0   0
    CTA   0   0   0   0   0   1 |     CCA   0   0   0   0   0   0 | Gln CAA   1   2   2   2   2   2 |     CGA   0   0   0   0   0   0
    CTG   2   2   2   2   2   3 |     CCG   0   0   0   0   0   0 |     CAG   1   0   0   0   0   0 |     CGG   0   0   0   0   0   0
--------------------------------------------------------------------------------------------------------------------------------------
Ile ATT   0   0   1   0   1   1 | Thr ACT   0   0   0   0   0   0 | Asn AAT   1   1   1   1   1   1 | Ser AGT   0   0   0   0   0   0
    ATC   1   1   0   1   0   0 |     ACC   1   1   1   1   1   1 |     AAC   1   1   1   1   1   1 |     AGC   0   0   0   0   0   0
    ATA   0   0   0   0   0   0 |     ACA   0   0   0   0   0   0 | Lys AAA   3   3   3   3   3   3 | Arg AGA   1   1   1   1   1   1
Met ATG   1   1   1   1   1   1 |     ACG   0   0   0   0   0   0 |     AAG   0   0   0   0   0   0 |     AGG   0   0   0   0   0   0
--------------------------------------------------------------------------------------------------------------------------------------
Val GTT   1   1   1   1   1   1 | Ala GCT   1   1   1   1   1   1 | Asp GAT   2   2   2   2   2   2 | Gly GGT   0   0   0   0   0   0
    GTC   0   0   0   0   0   0 |     GCC   1   1   1   1   1   1 |     GAC   0   0   0   0   0   0 |     GGC   0   0   0   0   0   0
    GTA   1   1   1   1   1   1 |     GCA   1   1   1   1   1   1 | Glu GAA   2   2   2   3   2   2 |     GGA   1   1   1   1   1   1
    GTG   0   0   0   0   0   0 |     GCG   0   0   0   0   0   0 |     GAG   1   1   1   0   1   1 |     GGG   0   0   0   0   0   0
--------------------------------------------------------------------------------------------------------------------------------------

--------------------------------------------------------------------------------------------------------------------------------------
Phe TTT   1   1   1   1   1   1 | Ser TCT   0   0   0   0   0   0 | Tyr TAT   0   0   0   0   0   0 | Cys TGT   1   1   1   1   1   1
    TTC   1   1   1   1   1   1 |     TCC   0   0   0   0   0   0 |     TAC   1   1   1   1   1   1 |     TGC   1   1   1   1   1   1
Leu TTA   1   1   1   1   1   1 |     TCA   0   0   0   0   0   0 | *** TAA   0   0   0   0   0   0 | *** TGA   0   0   0   0   0   0
    TTG   1   1   0   1   0   1 |     TCG   0   0   0   0   0   0 |     TAG   0   0   0   0   0   0 | Trp TGG   1   1   1   1   1   1
--------------------------------------------------------------------------------------------------------------------------------------
Leu CTT   1   1   1   1   1   1 | Pro CCT   1   1   1   1   1   1 | His CAT   1   1   1   1   1   1 | Arg CGT   0   0   0   0   0   0
    CTC   0   0   0   0   0   0 |     CCC   0   0   0   0   0   0 |     CAC   0   0   0   0   0   0 |     CGC   0   0   0   0   0   0
    CTA   0   0   0   0   0   0 |     CCA   0   0   0   0   0   0 | Gln CAA   2   2   2   2   1   2 |     CGA   0   0   0   0   0   0
    CTG   2   2   3   2   2   2 |     CCG   0   0   0   0   0   0 |     CAG   0   0   0   0   1   0 |     CGG   0   0   0   0   0   0
--------------------------------------------------------------------------------------------------------------------------------------
Ile ATT   1   0   1   1   1   0 | Thr ACT   0   0   0   0   0   0 | Asn AAT   1   1   1   1   1   1 | Ser AGT   0   0   0   0   0   0
    ATC   0   1   0   0   0   1 |     ACC   1   1   1   1   1   1 |     AAC   1   1   1   1   1   1 |     AGC   0   0   0   0   0   0
    ATA   0   0   0   0   0   0 |     ACA   0   0   0   0   0   0 | Lys AAA   3   3   3   3   3   2 | Arg AGA   1   1   1   1   1   1
Met ATG   1   1   1   1   1   1 |     ACG   0   0   0   0   0   0 |     AAG   0   0   0   0   0   1 |     AGG   0   0   0   0   0   0
--------------------------------------------------------------------------------------------------------------------------------------
Val GTT   1   1   1   1   1   1 | Ala GCT   1   1   1   1   1   1 | Asp GAT   2   2   2   2   2   2 | Gly GGT   0   0   0   0   0   0
    GTC   0   0   0   0   0   0 |     GCC   1   1   1   2   1   1 |     GAC   0   0   0   0   0   0 |     GGC   0   0   0   0   0   0
    GTA   1   1   1   1   1   1 |     GCA   1   1   1   0   1   1 | Glu GAA   2   2   1   2   2   3 |     GGA   1   1   1   1   1   1
    GTG   0   0   0   0   1   0 |     GCG   0   0   0   0   0   0 |     GAG   1   1   2   1   1   0 |     GGG   0   0   0   0   0   0
--------------------------------------------------------------------------------------------------------------------------------------

--------------------------------------------------------------------------------------------------------------------------------------
Phe TTT   1   1   1   1   1   1 | Ser TCT   0   0   0   0   0   0 | Tyr TAT   0   0   0   0   0   0 | Cys TGT   1   1   1   1   1   1
    TTC   1   1   1   1   1   1 |     TCC   0   0   0   0   0   0 |     TAC   1   1   1   1   1   1 |     TGC   1   1   1   1   1   1
Leu TTA   1   1   1   1   1   1 |     TCA   0   0   0   0   0   0 | *** TAA   0   0   0   0   0   0 | *** TGA   0   0   0   0   0   0
    TTG   0   1   1   1   1   0 |     TCG   0   0   0   0   0   0 |     TAG   0   0   0   0   0   0 | Trp TGG   1   1   1   1   1   1
--------------------------------------------------------------------------------------------------------------------------------------
Leu CTT   1   1   1   1   1   1 | Pro CCT   1   1   1   1   1   1 | His CAT   1   1   1   1   1   1 | Arg CGT   0   0   0   0   0   0
    CTC   0   0   0   0   0   0 |     CCC   0   0   0   0   0   0 |     CAC   0   0   0   0   0   0 |     CGC   0   0   0   0   0   0
    CTA   0   0   0   0   0   0 |     CCA   0   0   0   0   0   0 | Gln CAA   2   2   2   2   2   1 |     CGA   0   0   0   0   0   0
    CTG   3   2   2   2   2   2 |     CCG   0   0   0   0   0   0 |     CAG   0   0   0   0   0   1 |     CGG   0   0   0   0   0   0
--------------------------------------------------------------------------------------------------------------------------------------
Ile ATT   1   0   1   1   1   1 | Thr ACT   0   0   0   0   0   0 | Asn AAT   1   1   1   1   2   1 | Ser AGT   0   0   0   0   0   0
    ATC   0   1   0   0   0   0 |     ACC   1   1   2   1   1   1 |     AAC   1   1   1   1   0   1 |     AGC   0   0   0   0   0   0
    ATA   0   0   0   0   0   0 |     ACA   0   0   0   0   0   0 | Lys AAA   3   3   3   3   3   3 | Arg AGA   1   1   1   1   1   1
Met ATG   1   1   1   1   1   1 |     ACG   0   0   0   0   0   0 |     AAG   0   0   0   0   0   0 |     AGG   0   0   0   0   0   0
--------------------------------------------------------------------------------------------------------------------------------------
Val GTT   1   1   1   1   1   1 | Ala GCT   1   1   1   1   2   1 | Asp GAT   2   2   2   2   2   2 | Gly GGT   0   0   0   0   0   0
    GTC   0   0   0   0   0   0 |     GCC   1   1   0   1   0   1 |     GAC   0   0   0   0   0   0 |     GGC   0   0   0   0   0   0
    GTA   1   1   1   1   1   1 |     GCA   1   1   1   1   1   1 | Glu GAA   2   3   2   2   2   2 |     GGA   1   1   1   1   1   1
    GTG   0   0   0   0   0   1 |     GCG   0   0   0   0   0   0 |     GAG   1   0   1   1   1   1 |     GGG   0   0   0   0   0   0
--------------------------------------------------------------------------------------------------------------------------------------

--------------------------------------------------------------------------------------------------------------------------------------
Phe TTT   1   1   1   1   1   1 | Ser TCT   0   0   0   0   0   0 | Tyr TAT   0   0   0   0   0   0 | Cys TGT   1   1   1   1   1   1
    TTC   1   1   1   1   1   1 |     TCC   0   0   0   0   0   0 |     TAC   1   1   1   1   1   1 |     TGC   1   1   1   1   1   1
Leu TTA   1   1   1   1   1   1 |     TCA   0   0   0   0   0   0 | *** TAA   0   0   0   0   0   0 | *** TGA   0   0   0   0   0   0
    TTG   0   1   0   1   1   1 |     TCG   0   0   0   0   0   0 |     TAG   0   0   0   0   0   0 | Trp TGG   1   1   1   1   1   1
--------------------------------------------------------------------------------------------------------------------------------------
Leu CTT   1   1   1   1   1   1 | Pro CCT   1   1   1   1   1   1 | His CAT   1   1   1   1   1   1 | Arg CGT   0   0   0   0   0   0
    CTC   0   0   0   0   0   0 |     CCC   0   0   0   0   0   0 |     CAC   0   0   0   0   0   0 |     CGC   0   0   0   0   0   0
    CTA   0   0   0   0   0   0 |     CCA   0   0   0   0   0   0 | Gln CAA   1   2   2   2   2   2 |     CGA   0   0   0   0   0   0
    CTG   2   2   3   2   2   2 |     CCG   0   0   0   0   0   0 |     CAG   1   0   0   0   0   0 |     CGG   0   0   0   0   0   0
--------------------------------------------------------------------------------------------------------------------------------------
Ile ATT   1   0   1   1   1   0 | Thr ACT   0   0   0   0   0   0 | Asn AAT   2   2   1   1   1   1 | Ser AGT   0   0   0   0   0   0
    ATC   0   1   0   0   0   1 |     ACC   1   1   1   1   0   1 |     AAC   0   0   1   1   1   1 |     AGC   0   0   0   0   0   0
    ATA   0   0   0   0   0   0 |     ACA   0   0   0   0   0   0 | Lys AAA   3   3   3   3   3   3 | Arg AGA   1   1   1   1   1   1
Met ATG   1   1   1   1   1   1 |     ACG   0   0   0   0   0   0 |     AAG   0   0   0   0   0   0 |     AGG   0   0   0   0   0   0
--------------------------------------------------------------------------------------------------------------------------------------
Val GTT   1   1   1   1   1   1 | Ala GCT   1   1   1   1   1   1 | Asp GAT   2   2   2   2   2   2 | Gly GGT   0   0   0   0   0   0
    GTC   0   0   0   0   0   0 |     GCC   1   1   1   1   2   1 |     GAC   0   0   0   0   0   0 |     GGC   0   0   0   0   0   0
    GTA   1   1   1   1   1   1 |     GCA   1   1   1   1   1   1 | Glu GAA   2   2   1   2   2   2 |     GGA   1   1   1   1   1   1
    GTG   1   0   0   0   0   0 |     GCG   0   0   0   0   0   0 |     GAG   1   1   2   1   1   1 |     GGG   0   0   0   0   0   0
--------------------------------------------------------------------------------------------------------------------------------------

--------------------------------------------------------------------------------------------------------------------------------------
Phe TTT   1   1   1   1   1   1 | Ser TCT   0   0   0   0   0   0 | Tyr TAT   0   0   0   0   0   0 | Cys TGT   1   1   1   1   1   1
    TTC   1   1   1   1   1   1 |     TCC   0   0   0   0   0   0 |     TAC   1   1   1   1   1   1 |     TGC   1   1   1   1   1   1
Leu TTA   1   1   1   1   1   1 |     TCA   0   0   0   0   0   0 | *** TAA   0   0   0   0   0   0 | *** TGA   0   0   0   0   0   0
    TTG   1   1   1   1   1   1 |     TCG   0   0   0   0   0   0 |     TAG   0   0   0   0   0   0 | Trp TGG   1   1   1   1   1   1
--------------------------------------------------------------------------------------------------------------------------------------
Leu CTT   1   1   1   1   1   1 | Pro CCT   1   1   1   1   1   1 | His CAT   1   1   1   1   1   1 | Arg CGT   0   0   0   0   0   0
    CTC   0   0   0   0   0   0 |     CCC   0   0   0   0   0   0 |     CAC   0   0   0   0   0   0 |     CGC   0   0   0   0   0   0
    CTA   0   0   0   0   0   0 |     CCA   0   0   0   0   0   0 | Gln CAA   2   2   2   2   2   2 |     CGA   0   0   0   0   0   0
    CTG   2   2   2   2   2   2 |     CCG   0   0   0   0   0   0 |     CAG   0   0   0   0   0   0 |     CGG   0   0   0   0   0   0
--------------------------------------------------------------------------------------------------------------------------------------
Ile ATT   0   1   1   0   0   1 | Thr ACT   0   0   0   0   0   0 | Asn AAT   1   1   1   1   2   1 | Ser AGT   0   0   0   0   0   0
    ATC   1   0   0   1   1   0 |     ACC   1   1   1   1   1   1 |     AAC   1   1   1   1   0   1 |     AGC   0   0   0   0   0   0
    ATA   0   0   0   0   0   0 |     ACA   0   0   0   0   0   0 | Lys AAA   3   3   3   3   3   3 | Arg AGA   1   1   1   1   1   1
Met ATG   1   1   1   1   1   1 |     ACG   0   0   0   0   0   0 |     AAG   0   0   0   0   0   0 |     AGG   0   0   0   0   0   0
--------------------------------------------------------------------------------------------------------------------------------------
Val GTT   1   1   1   1   1   1 | Ala GCT   1   1   1   1   1   1 | Asp GAT   2   2   2   2   2   2 | Gly GGT   0   0   0   0   0   0
    GTC   0   0   0   0   0   0 |     GCC   1   2   1   1   1   1 |     GAC   0   0   0   0   0   0 |     GGC   0   0   0   0   0   0
    GTA   1   1   1   1   1   1 |     GCA   1   0   1   1   1   1 | Glu GAA   2   2   2   2   2   2 |     GGA   1   1   1   1   1   1
    GTG   0   0   0   0   0   0 |     GCG   0   0   0   0   0   0 |     GAG   1   1   1   1   1   1 |     GGG   0   0   0   0   0   0
--------------------------------------------------------------------------------------------------------------------------------------

--------------------------------------------------------------------------------------------------------------------------------------
Phe TTT   1   1   1   1   1   1 | Ser TCT   0   0   0   0   0   0 | Tyr TAT   0   0   0   0   0   0 | Cys TGT   1   1   1   1   1   1
    TTC   1   1   1   1   1   1 |     TCC   0   0   0   0   0   0 |     TAC   1   1   1   1   1   1 |     TGC   1   1   1   1   1   1
Leu TTA   1   1   1   1   1   1 |     TCA   0   0   0   0   0   0 | *** TAA   0   0   0   0   0   0 | *** TGA   0   0   0   0   0   0
    TTG   1   1   1   1   1   1 |     TCG   0   0   0   0   0   0 |     TAG   0   0   0   0   0   0 | Trp TGG   1   1   1   1   1   1
--------------------------------------------------------------------------------------------------------------------------------------
Leu CTT   1   1   1   1   1   1 | Pro CCT   1   1   1   1   1   1 | His CAT   1   1   1   1   1   1 | Arg CGT   0   0   0   0   0   0
    CTC   0   0   0   0   0   0 |     CCC   0   0   0   0   0   0 |     CAC   0   0   0   0   0   0 |     CGC   0   0   0   0   0   0
    CTA   0   0   0   0   0   0 |     CCA   0   0   0   0   0   0 | Gln CAA   2   2   2   2   2   2 |     CGA   0   0   0   0   0   0
    CTG   2   2   2   2   2   2 |     CCG   0   0   0   0   0   0 |     CAG   0   0   0   0   0   0 |     CGG   0   0   0   0   0   0
--------------------------------------------------------------------------------------------------------------------------------------
Ile ATT   1   1   1   1   0   0 | Thr ACT   0   0   0   0   0   0 | Asn AAT   1   1   1   1   2   2 | Ser AGT   0   0   0   0   0   0
    ATC   0   0   0   0   1   1 |     ACC   1   1   1   1   1   1 |     AAC   1   1   1   1   0   0 |     AGC   0   0   0   0   0   0
    ATA   0   0   0   0   0   0 |     ACA   0   0   0   0   0   0 | Lys AAA   3   3   3   3   3   3 | Arg AGA   1   1   1   1   1   1
Met ATG   1   1   1   1   1   1 |     ACG   0   0   0   0   0   0 |     AAG   0   0   0   0   0   0 |     AGG   0   0   0   0   0   0
--------------------------------------------------------------------------------------------------------------------------------------
Val GTT   1   1   1   1   1   1 | Ala GCT   1   1   0   0   1   1 | Asp GAT   2   2   2   2   2   2 | Gly GGT   0   0   0   0   0   0
    GTC   0   0   0   0   0   0 |     GCC   1   1   2   2   1   1 |     GAC   0   0   0   0   0   0 |     GGC   0   0   0   0   0   0
    GTA   1   1   1   1   1   1 |     GCA   1   1   1   1   1   1 | Glu GAA   2   2   2   2   3   2 |     GGA   1   1   1   1   1   1
    GTG   0   0   0   0   0   0 |     GCG   0   0   0   0   0   0 |     GAG   1   1   1   1   0   1 |     GGG   0   0   0   0   0   0
--------------------------------------------------------------------------------------------------------------------------------------

Codon position x base (3x4) table for each sequence.

#1: Argali         
position  1:    T:0.20000    C:0.22857    A:0.25714    G:0.31429
position  2:    T:0.31429    C:0.14286    A:0.40000    G:0.14286
position  3:    T:0.31429    C:0.17143    A:0.34286    G:0.17143
Average         T:0.27619    C:0.18095    A:0.33333    G:0.20952

#2: LesserMouseDeer
position  1:    T:0.22857    C:0.17143    A:0.28571    G:0.31429
position  2:    T:0.31429    C:0.14286    A:0.40000    G:0.14286
position  3:    T:0.31429    C:0.17143    A:0.34286    G:0.17143
Average         T:0.28571    C:0.16190    A:0.34286    G:0.20952

#3: LesserKudu     
position  1:    T:0.22857    C:0.20000    A:0.25714    G:0.31429
position  2:    T:0.31429    C:0.14286    A:0.40000    G:0.14286
position  3:    T:0.34286    C:0.14286    A:0.37143    G:0.14286
Average         T:0.29524    C:0.16190    A:0.34286    G:0.20000

#4: ForestMuskDeer2
position  1:    T:0.22857    C:0.20000    A:0.25714    G:0.31429
position  2:    T:0.31429    C:0.14286    A:0.40000    G:0.14286
position  3:    T:0.31429    C:0.17143    A:0.34286    G:0.17143
Average         T:0.28571    C:0.17143    A:0.33333    G:0.20952

#5: Camel          
position  1:    T:0.22857    C:0.14286    A:0.28571    G:0.34286
position  2:    T:0.31429    C:0.14286    A:0.40000    G:0.14286
position  3:    T:0.31429    C:0.17143    A:0.34286    G:0.17143
Average         T:0.28571    C:0.15238    A:0.34286    G:0.21905

#6: KillerWhale    
position  1:    T:0.22857    C:0.17143    A:0.28571    G:0.31429
position  2:    T:0.31429    C:0.14286    A:0.40000    G:0.14286
position  3:    T:0.28571    C:0.20000    A:0.34286    G:0.17143
Average         T:0.27619    C:0.17143    A:0.34286    G:0.20952

#7: DefassaWaterbuck
position  1:    T:0.22857    C:0.20000    A:0.25714    G:0.31429
position  2:    T:0.31429    C:0.14286    A:0.40000    G:0.14286
position  3:    T:0.31429    C:0.17143    A:0.34286    G:0.17143
Average         T:0.28571    C:0.17143    A:0.33333    G:0.20952

#8: Sheep          
position  1:    T:0.20000    C:0.22857    A:0.25714    G:0.31429
position  2:    T:0.31429    C:0.14286    A:0.40000    G:0.14286
position  3:    T:0.31429    C:0.17143    A:0.34286    G:0.17143
Average         T:0.27619    C:0.18095    A:0.33333    G:0.20952

#9: MaxwellsDuiker 
position  1:    T:0.22857    C:0.20000    A:0.22857    G:0.34286
position  2:    T:0.31429    C:0.14286    A:0.40000    G:0.14286
position  3:    T:0.34286    C:0.14286    A:0.34286    G:0.17143
Average         T:0.29524    C:0.16190    A:0.32381    G:0.21905

#10: GazellaPrzewalskyi
position  1:    T:0.22857    C:0.20000    A:0.25714    G:0.31429
position  2:    T:0.31429    C:0.14286    A:0.40000    G:0.14286
position  3:    T:0.31429    C:0.17143    A:0.34286    G:0.17143
Average         T:0.28571    C:0.17143    A:0.33333    G:0.20952

#11: MountainNyala  
position  1:    T:0.22857    C:0.20000    A:0.25714    G:0.31429
position  2:    T:0.31429    C:0.14286    A:0.40000    G:0.14286
position  3:    T:0.28571    C:0.20000    A:0.37143    G:0.14286
Average         T:0.27619    C:0.18095    A:0.34286    G:0.20000

#12: MuntiacusMuntjak
position  1:    T:0.22857    C:0.20000    A:0.25714    G:0.31429
position  2:    T:0.31429    C:0.14286    A:0.40000    G:0.14286
position  3:    T:0.31429    C:0.17143    A:0.34286    G:0.17143
Average         T:0.28571    C:0.17143    A:0.33333    G:0.20952

#13: goat           
position  1:    T:0.20000    C:0.22857    A:0.25714    G:0.31429
position  2:    T:0.31429    C:0.14286    A:0.40000    G:0.14286
position  3:    T:0.31429    C:0.17143    A:0.31429    G:0.20000
Average         T:0.27619    C:0.18095    A:0.32381    G:0.21905

#14: AfricanBuffalo 
position  1:    T:0.22857    C:0.20000    A:0.25714    G:0.31429
position  2:    T:0.31429    C:0.14286    A:0.40000    G:0.14286
position  3:    T:0.28571    C:0.20000    A:0.34286    G:0.17143
Average         T:0.27619    C:0.18095    A:0.33333    G:0.20952

#15: Topi           
position  1:    T:0.20000    C:0.20000    A:0.25714    G:0.34286
position  2:    T:0.31429    C:0.14286    A:0.40000    G:0.14286
position  3:    T:0.31429    C:0.17143    A:0.28571    G:0.22857
Average         T:0.27619    C:0.17143    A:0.31429    G:0.23810

#16: CommonDuiker   
position  1:    T:0.22857    C:0.20000    A:0.25714    G:0.31429
position  2:    T:0.31429    C:0.14286    A:0.40000    G:0.14286
position  3:    T:0.31429    C:0.17143    A:0.34286    G:0.17143
Average         T:0.28571    C:0.17143    A:0.33333    G:0.20952

#17: Suni           
position  1:    T:0.22857    C:0.20000    A:0.25714    G:0.31429
position  2:    T:0.31429    C:0.14286    A:0.40000    G:0.14286
position  3:    T:0.31429    C:0.17143    A:0.34286    G:0.17143
Average         T:0.28571    C:0.17143    A:0.33333    G:0.20952

#18: Springbuck     
position  1:    T:0.22857    C:0.20000    A:0.25714    G:0.31429
position  2:    T:0.31429    C:0.14286    A:0.40000    G:0.14286
position  3:    T:0.31429    C:0.17143    A:0.34286    G:0.17143
Average         T:0.28571    C:0.17143    A:0.33333    G:0.20952

#19: Okapi          
position  1:    T:0.22857    C:0.20000    A:0.25714    G:0.31429
position  2:    T:0.31429    C:0.14286    A:0.40000    G:0.14286
position  3:    T:0.28571    C:0.20000    A:0.31429    G:0.20000
Average         T:0.27619    C:0.18095    A:0.32381    G:0.21905

#20: Giraffe        
position  1:    T:0.22857    C:0.20000    A:0.25714    G:0.31429
position  2:    T:0.31429    C:0.14286    A:0.40000    G:0.14286
position  3:    T:0.28571    C:0.20000    A:0.34286    G:0.17143
Average         T:0.27619    C:0.18095    A:0.33333    G:0.20952

#21: TibetanAntelope
position  1:    T:0.22857    C:0.20000    A:0.25714    G:0.31429
position  2:    T:0.31429    C:0.14286    A:0.40000    G:0.14286
position  3:    T:0.31429    C:0.17143    A:0.34286    G:0.17143
Average         T:0.28571    C:0.17143    A:0.33333    G:0.20952

#22: Sitatunga      
position  1:    T:0.22857    C:0.20000    A:0.25714    G:0.31429
position  2:    T:0.31429    C:0.14286    A:0.40000    G:0.14286
position  3:    T:0.28571    C:0.20000    A:0.37143    G:0.14286
Average         T:0.27619    C:0.18095    A:0.34286    G:0.20000

#23: Oribi          
position  1:    T:0.22857    C:0.20000    A:0.25714    G:0.31429
position  2:    T:0.31429    C:0.14286    A:0.40000    G:0.14286
position  3:    T:0.31429    C:0.17143    A:0.34286    G:0.17143
Average         T:0.28571    C:0.17143    A:0.33333    G:0.20952

#24: BarbarySheep   
position  1:    T:0.17143    C:0.25714    A:0.25714    G:0.31429
position  2:    T:0.31429    C:0.14286    A:0.40000    G:0.14286
position  3:    T:0.31429    C:0.17143    A:0.34286    G:0.17143
Average         T:0.26667    C:0.19048    A:0.33333    G:0.20952

#25: Daviddeer      
position  1:    T:0.22857    C:0.20000    A:0.25714    G:0.31429
position  2:    T:0.31429    C:0.14286    A:0.40000    G:0.14286
position  3:    T:0.31429    C:0.17143    A:0.34286    G:0.17143
Average         T:0.28571    C:0.17143    A:0.33333    G:0.20952

#26: Reindeer       
position  1:    T:0.22857    C:0.20000    A:0.25714    G:0.31429
position  2:    T:0.31429    C:0.14286    A:0.40000    G:0.14286
position  3:    T:0.28571    C:0.20000    A:0.34286    G:0.17143
Average         T:0.27619    C:0.18095    A:0.33333    G:0.20952

#27: Ibex           
position  1:    T:0.20000    C:0.22857    A:0.25714    G:0.31429
position  2:    T:0.31429    C:0.14286    A:0.40000    G:0.14286
position  3:    T:0.31429    C:0.17143    A:0.31429    G:0.20000
Average         T:0.27619    C:0.18095    A:0.32381    G:0.21905

#28: GyrantGazelle  
position  1:    T:0.22857    C:0.20000    A:0.25714    G:0.31429
position  2:    T:0.31429    C:0.14286    A:0.40000    G:0.14286
position  3:    T:0.31429    C:0.20000    A:0.31429    G:0.17143
Average         T:0.28571    C:0.18095    A:0.32381    G:0.20952

#29: Hartebeest     
position  1:    T:0.20000    C:0.20000    A:0.25714    G:0.34286
position  2:    T:0.31429    C:0.14286    A:0.40000    G:0.14286
position  3:    T:0.31429    C:0.17143    A:0.31429    G:0.20000
Average         T:0.27619    C:0.17143    A:0.32381    G:0.22857

#30: Bongo          
position  1:    T:0.22857    C:0.20000    A:0.25714    G:0.31429
position  2:    T:0.31429    C:0.14286    A:0.40000    G:0.14286
position  3:    T:0.28571    C:0.20000    A:0.34286    G:0.17143
Average         T:0.27619    C:0.18095    A:0.33333    G:0.20952

#31: Gerenuk        
position  1:    T:0.20000    C:0.22857    A:0.25714    G:0.31429
position  2:    T:0.31429    C:0.14286    A:0.40000    G:0.14286
position  3:    T:0.31429    C:0.17143    A:0.34286    G:0.17143
Average         T:0.27619    C:0.18095    A:0.33333    G:0.20952

#32: CommonEland    
position  1:    T:0.22857    C:0.20000    A:0.25714    G:0.31429
position  2:    T:0.31429    C:0.14286    A:0.40000    G:0.14286
position  3:    T:0.28571    C:0.20000    A:0.37143    G:0.14286
Average         T:0.27619    C:0.18095    A:0.34286    G:0.20000

#33: MuntiacusReevesi
position  1:    T:0.22857    C:0.20000    A:0.28571    G:0.28571
position  2:    T:0.31429    C:0.14286    A:0.40000    G:0.14286
position  3:    T:0.31429    C:0.17143    A:0.34286    G:0.17143
Average         T:0.28571    C:0.17143    A:0.34286    G:0.20000

#34: HarveysDuiker  
position  1:    T:0.22857    C:0.20000    A:0.25714    G:0.31429
position  2:    T:0.31429    C:0.14286    A:0.40000    G:0.14286
position  3:    T:0.31429    C:0.17143    A:0.34286    G:0.17143
Average         T:0.28571    C:0.17143    A:0.33333    G:0.20952

#35: Pronghorn      
position  1:    T:0.22857    C:0.20000    A:0.25714    G:0.31429
position  2:    T:0.31429    C:0.14286    A:0.40000    G:0.14286
position  3:    T:0.37143    C:0.11429    A:0.34286    G:0.17143
Average         T:0.30476    C:0.15238    A:0.33333    G:0.20952

#36: BlueWildebeest 
position  1:    T:0.20000    C:0.20000    A:0.25714    G:0.34286
position  2:    T:0.31429    C:0.14286    A:0.40000    G:0.14286
position  3:    T:0.31429    C:0.17143    A:0.31429    G:0.20000
Average         T:0.27619    C:0.17143    A:0.32381    G:0.22857

#37: Gemsbok        
position  1:    T:0.20000    C:0.20000    A:0.25714    G:0.34286
position  2:    T:0.31429    C:0.14286    A:0.40000    G:0.14286
position  3:    T:0.34286    C:0.14286    A:0.31429    G:0.20000
Average         T:0.28571    C:0.16190    A:0.32381    G:0.22857

#38: Yak            
position  1:    T:0.22857    C:0.20000    A:0.25714    G:0.31429
position  2:    T:0.31429    C:0.14286    A:0.40000    G:0.14286
position  3:    T:0.31429    C:0.17143    A:0.34286    G:0.17143
Average         T:0.28571    C:0.17143    A:0.33333    G:0.20952

#39: BlueSheep      
position  1:    T:0.20000    C:0.22857    A:0.25714    G:0.31429
position  2:    T:0.31429    C:0.14286    A:0.40000    G:0.14286
position  3:    T:0.31429    C:0.17143    A:0.31429    G:0.20000
Average         T:0.27619    C:0.18095    A:0.32381    G:0.21905

#40: BohorReedbuck  
position  1:    T:0.22857    C:0.20000    A:0.25714    G:0.31429
position  2:    T:0.31429    C:0.14286    A:0.40000    G:0.14286
position  3:    T:0.31429    C:0.17143    A:0.34286    G:0.17143
Average         T:0.28571    C:0.17143    A:0.33333    G:0.20952

#41: KirksDik       
position  1:    T:0.22857    C:0.20000    A:0.22857    G:0.34286
position  2:    T:0.31429    C:0.14286    A:0.40000    G:0.14286
position  3:    T:0.31429    C:0.17143    A:0.34286    G:0.17143
Average         T:0.28571    C:0.17143    A:0.32381    G:0.21905

#42: RoeDeer        
position  1:    T:0.22857    C:0.20000    A:0.25714    G:0.31429
position  2:    T:0.31429    C:0.14286    A:0.40000    G:0.14286
position  3:    T:0.28571    C:0.20000    A:0.34286    G:0.17143
Average         T:0.27619    C:0.18095    A:0.33333    G:0.20952

#43: WhiteLippedDeer
position  1:    T:0.22857    C:0.20000    A:0.25714    G:0.31429
position  2:    T:0.31429    C:0.14286    A:0.40000    G:0.14286
position  3:    T:0.28571    C:0.20000    A:0.34286    G:0.17143
Average         T:0.27619    C:0.18095    A:0.33333    G:0.20952

#44: ThomsonGazelle 
position  1:    T:0.22857    C:0.20000    A:0.25714    G:0.31429
position  2:    T:0.31429    C:0.14286    A:0.40000    G:0.14286
position  3:    T:0.31429    C:0.20000    A:0.31429    G:0.17143
Average         T:0.28571    C:0.18095    A:0.32381    G:0.20952

#45: MuntiacusCrinifrons
position  1:    T:0.22857    C:0.20000    A:0.25714    G:0.31429
position  2:    T:0.31429    C:0.14286    A:0.40000    G:0.14286
position  3:    T:0.31429    C:0.17143    A:0.34286    G:0.17143
Average         T:0.28571    C:0.17143    A:0.33333    G:0.20952

#46: WhiteTailedDeer
position  1:    T:0.22857    C:0.20000    A:0.25714    G:0.31429
position  2:    T:0.31429    C:0.14286    A:0.40000    G:0.14286
position  3:    T:0.28571    C:0.20000    A:0.34286    G:0.17143
Average         T:0.27619    C:0.18095    A:0.33333    G:0.20952

#47: Cattle         
position  1:    T:0.22857    C:0.20000    A:0.25714    G:0.31429
position  2:    T:0.31429    C:0.14286    A:0.40000    G:0.14286
position  3:    T:0.31429    C:0.17143    A:0.34286    G:0.17143
Average         T:0.28571    C:0.17143    A:0.33333    G:0.20952

#48: RoyalAntelope  
position  1:    T:0.22857    C:0.20000    A:0.25714    G:0.31429
position  2:    T:0.31429    C:0.14286    A:0.40000    G:0.14286
position  3:    T:0.31429    C:0.17143    A:0.34286    G:0.17143
Average         T:0.28571    C:0.17143    A:0.33333    G:0.20952

#49: Steenbok       
position  1:    T:0.22857    C:0.20000    A:0.25714    G:0.31429
position  2:    T:0.31429    C:0.14286    A:0.40000    G:0.14286
position  3:    T:0.31429    C:0.17143    A:0.34286    G:0.17143
Average         T:0.28571    C:0.17143    A:0.33333    G:0.20952

#50: Impala         
position  1:    T:0.22857    C:0.20000    A:0.25714    G:0.31429
position  2:    T:0.31429    C:0.14286    A:0.40000    G:0.14286
position  3:    T:0.31429    C:0.17143    A:0.34286    G:0.17143
Average         T:0.28571    C:0.17143    A:0.33333    G:0.20952

#51: Klipspringer   
position  1:    T:0.22857    C:0.20000    A:0.25714    G:0.31429
position  2:    T:0.31429    C:0.14286    A:0.40000    G:0.14286
