1
52 1
Argali 0.000000 0.141400 0.085000 0.154200 0.038300 0.000000 0.038300 0.043900 0.067400 0.090400 0.027000 0.078200 0.027200 0.027200 0.049400 0.055200 0.073000 0.067100 0.043800 0.079000 0.061200 0.027200 0.055300 0.078100 0.027000 0.044200 0.027200 0.067200 0.061000 0.067000 0.084400 0.032600 0.061200 0.032900 0.032600 0.066900 0.032600 0.043900 0.072700 0.084800 0.055300 0.038300 0.084400 0.055200 0.061100 0.038100 0.044000 0.027000 0.032700 0.060900 0.085200 0.067200
LesserMous 0.141400 0.000000 0.149200 0.196600 0.110700 0.141400 0.122900 0.128900 0.156000 0.168200 0.126200 0.145500 0.122900 0.122700 0.122600 0.141300 0.148800 0.142300 0.141600 0.155800 0.148400 0.129100 0.129300 0.154300 0.125800 0.129400 0.123000 0.142700 0.147800 0.142300 0.161500 0.128700 0.135800 0.129600 0.128700 0.141900 0.132600 0.116600 0.135500 0.155800 0.129300 0.122500 0.161500 0.141600 0.135600 0.126200 0.129300 0.122200 0.129200 0.135000 0.149700 0.142700
LesserKudu 0.085000 0.149200 0.000000 0.190100 0.079400 0.084800 0.073300 0.073300 0.027700 0.097500 0.067200 0.073200 0.067600 0.067500 0.090900 0.085100 0.085100 0.079100 0.073300 0.027600 0.091500 0.079300 0.061700 0.097000 0.067000 0.073800 0.067700 0.016400 0.091200 0.016400 0.091400 0.073200 0.073000 0.073800 0.073300 0.061700 0.073100 0.085200 0.103700 0.091900 0.061700 0.067500 0.091400 0.073400 0.056000 0.078900 0.073500 0.067200 0.073500 0.079100 0.022000 0.016400
KillerWhal 0.154200 0.196600 0.190100 0.000000 0.161800 0.154000 0.161100 0.154800 0.169800 0.168700 0.152200 0.165300 0.143200 0.148100 0.161100 0.167700 0.155100 0.161900 0.154400 0.176300 0.174700 0.154800 0.155300 0.181300 0.151700 0.155500 0.143300 0.169400 0.174500 0.168900 0.162000 0.154100 0.161700 0.150200 0.149200 0.168000 0.158500 0.168100 0.175600 0.189900 0.155300 0.148000 0.162000 0.168100 0.161600 0.165100 0.141800 0.147600 0.148600 0.154300 0.176800 0.169400
DefassaWat 0.038300 0.110700 0.079400 0.161800 0.000000 0.038300 0.032800 0.038500 0.061800 0.084900 0.021700 0.072800 0.021800 0.021800 0.032800 0.049800 0.067500 0.061600 0.038400 0.073400 0.055700 0.032900 0.049900 0.072700 0.021600 0.038700 0.021800 0.061700 0.055600 0.061500 0.078900 0.027200 0.055700 0.027500 0.027300 0.061400 0.027200 0.005400 0.067300 0.079300 0.049900 0.032900 0.078900 0.049800 0.055600 0.032700 0.038600 0.021700 0.027300 0.055500 0.079600 0.061700
Sheep 0.000000 0.141400 0.084800 0.154000 0.038300 0.000000 0.038200 0.043800 0.067300 0.090300 0.027000 0.078100 0.027200 0.027100 0.049300 0.055200 0.072900 0.067000 0.043800 0.078900 0.061100 0.027200 0.055300 0.078000 0.026900 0.044100 0.027200 0.067100 0.060900 0.066900 0.084300 0.032600 0.061100 0.032800 0.032600 0.066800 0.032500 0.043800 0.072700 0.084700 0.055300 0.038300 0.084300 0.055200 0.061100 0.038000 0.044000 0.027000 0.032700 0.060900 0.085000 0.067100
MaxwellsDu 0.038300 0.122900 0.073300 0.161100 0.032800 0.038200 0.000000 0.038400 0.055900 0.084700 0.021600 0.072600 0.021700 0.010800 0.043800 0.049700 0.067300 0.061400 0.038300 0.067400 0.055600 0.032800 0.049800 0.061000 0.021500 0.038600 0.021800 0.055700 0.055400 0.055600 0.078700 0.016200 0.055500 0.027400 0.027200 0.061300 0.027100 0.038400 0.067100 0.079100 0.049800 0.032800 0.078700 0.038400 0.055500 0.032600 0.038500 0.021600 0.027300 0.055300 0.073500 0.055800
GazellaPrz 0.043900 0.128900 0.073300 0.154800 0.038500 0.043800 0.038400 0.000000 0.055900 0.078800 0.027100 0.066900 0.027300 0.027300 0.049500 0.021600 0.061600 0.055700 0.044000 0.067500 0.027200 0.038400 0.044100 0.066700 0.027100 0.010800 0.027300 0.055800 0.027200 0.055600 0.072900 0.032800 0.049900 0.033000 0.032800 0.055500 0.032700 0.044000 0.038400 0.073200 0.044100 0.005400 0.072900 0.044000 0.049800 0.038200 0.010800 0.027100 0.032900 0.049600 0.073500 0.055800
MountainNy 0.067400 0.156000 0.027700 0.169800 0.061800 0.067300 0.055900 0.055900 0.000000 0.079700 0.050000 0.055900 0.050000 0.050200 0.073200 0.067600 0.074000 0.079800 0.055900 0.022100 0.073700 0.061800 0.056100 0.079300 0.049800 0.056300 0.050100 0.010900 0.073500 0.010900 0.073700 0.055900 0.073700 0.056000 0.055900 0.056100 0.055800 0.067600 0.079700 0.086100 0.056100 0.050200 0.073700 0.056000 0.050400 0.061400 0.056000 0.050000 0.056100 0.067500 0.016500 0.011000
MuntiacusM 0.090400 0.168200 0.097500 0.168700 0.084900 0.090300 0.084700 0.078800 0.079700 0.000000 0.072600 0.090500 0.061600 0.073000 0.096400 0.078900 0.085300 0.079100 0.078800 0.091500 0.097100 0.084800 0.032900 0.066900 0.072400 0.079300 0.061600 0.079400 0.096800 0.079100 0.005400 0.078700 0.079000 0.067600 0.067100 0.090800 0.078600 0.090700 0.097200 0.061800 0.032900 0.073000 0.005300 0.044200 0.084900 0.084300 0.067300 0.072700 0.079000 0.078700 0.085600 0.079400
goat 0.027000 0.126200 0.067200 0.152200 0.021700 0.027000 0.021600 0.027100 0.050000 0.072600 0.000000 0.060800 0.010700 0.010700 0.032500 0.038200 0.055500 0.049800 0.027100 0.061400 0.044000 0.021600 0.038300 0.060700 0.000000 0.027300 0.010800 0.049800 0.043900 0.049700 0.066800 0.016100 0.044000 0.016200 0.016100 0.049600 0.005300 0.027100 0.055400 0.067100 0.038300 0.021700 0.066800 0.038300 0.044000 0.021500 0.027200 0.010700 0.016200 0.043800 0.067400 0.049800
AfricanBuf 0.078200 0.145500 0.073200 0.165300 0.072800 0.078100 0.072600 0.066900 0.055900 0.090500 0.060800 0.000000 0.061300 0.061100 0.084100 0.078500 0.073100 0.078800 0.078400 0.067400 0.084700 0.061100 0.066900 0.102100 0.060700 0.067300 0.061300 0.055700 0.072700 0.055600 0.084500 0.066800 0.072900 0.067300 0.066800 0.032800 0.066700 0.066900 0.096700 0.097000 0.066900 0.061100 0.084500 0.078600 0.027300 0.072300 0.067000 0.060900 0.067000 0.066700 0.061700 0.055700
Topi 0.027200 0.122900 0.067600 0.143200 0.021800 0.027200 0.021700 0.027300 0.050000 0.061600 0.010700 0.061300 0.000000 0.010800 0.032700 0.027400 0.056000 0.050100 0.027300 0.061800 0.044300 0.021800 0.038600 0.061100 0.010700 0.027500 0.000000 0.050200 0.044200 0.050000 0.055700 0.016200 0.044300 0.005400 0.005400 0.049900 0.016200 0.027300 0.050000 0.067600 0.038600 0.021800 0.055700 0.038500 0.044300 0.021700 0.027400 0.010700 0.016300 0.044100 0.067800 0.050200
CommonDuik 0.027200 0.122700 0.067500 0.148100 0.021800 0.027100 0.010800 0.027300 0.050200 0.073000 0.010700 0.061100 0.010800 0.000000 0.032700 0.038400 0.055800 0.050000 0.027200 0.061700 0.044200 0.021700 0.038500 0.061000 0.010700 0.027400 0.010800 0.050100 0.044100 0.049900 0.067100 0.005400 0.044200 0.016300 0.016200 0.049800 0.016200 0.027200 0.055600 0.067400 0.038500 0.021800 0.067100 0.027300 0.044200 0.021600 0.027300 0.010700 0.016300 0.044000 0.067700 0.050100
Suni 0.049400 0.122600 0.090900 0.161100 0.032800 0.049300 0.043800 0.049500 0.073200 0.096400 0.032500 0.084100 0.032700 0.032700 0.000000 0.060900 0.078900 0.072900 0.049400 0.084900 0.066900 0.043900 0.061100 0.083900 0.032400 0.049800 0.032800 0.073000 0.066800 0.072800 0.090400 0.038200 0.066600 0.038500 0.038200 0.072600 0.038100 0.038300 0.078600 0.090800 0.061100 0.043900 0.090400 0.060900 0.066900 0.043600 0.049700 0.032500 0.038300 0.066700 0.091100 0.073000
Springbuck 0.055200 0.141300 0.085100 0.167700 0.049800 0.055200 0.049700 0.021600 0.067600 0.078900 0.038200 0.078500 0.027400 0.038400 0.060900 0.000000 0.073300 0.067300 0.055300 0.079200 0.038400 0.049700 0.055500 0.078300 0.038100 0.021800 0.027400 0.067300 0.016200 0.067200 0.073000 0.044000 0.061300 0.033100 0.032800 0.067100 0.043900 0.055400 0.049700 0.085000 0.055500 0.016200 0.073000 0.055400 0.061300 0.049500 0.021700 0.038200 0.044100 0.061100 0.085400 0.067400
Okapi 0.073000 0.148800 0.085100 0.155100 0.067500 0.072900 0.067300 0.061600 0.074000 0.085300 0.055500 0.073100 0.056000 0.055800 0.078900 0.073300 0.000000 0.027500 0.073100 0.085700 0.067800 0.067500 0.061600 0.096800 0.055400 0.062000 0.056000 0.073600 0.079400 0.073400 0.079200 0.061500 0.055600 0.062000 0.061500 0.073300 0.061400 0.073300 0.091400 0.091800 0.061600 0.055800 0.079200 0.073300 0.067500 0.067100 0.061700 0.055600 0.050100 0.061500 0.079800 0.073700
Giraffe 0.067100 0.142300 0.079100 0.161900 0.061600 0.067000 0.061400 0.055700 0.079800 0.079100 0.049800 0.078800 0.050100 0.050000 0.072900 0.067300 0.027500 0.000000 0.067200 0.079600 0.073400 0.061500 0.044200 0.078700 0.049600 0.056100 0.050200 0.067600 0.073300 0.067400 0.073200 0.055600 0.049800 0.056100 0.055600 0.067300 0.055500 0.067300 0.085300 0.073600 0.044200 0.050000 0.073200 0.055700 0.061600 0.061200 0.055800 0.049800 0.044300 0.061400 0.085700 0.067700
TibetanAnt 0.043800 0.141600 0.073300 0.154400 0.038400 0.043800 0.038300 0.044000 0.055900 0.078800 0.027100 0.078400 0.027300 0.027200 0.049400 0.055300 0.073100 0.067200 0.000000 0.067400 0.061200 0.038300 0.044100 0.066700 0.027000 0.044200 0.027300 0.055800 0.061100 0.055600 0.072900 0.032700 0.061300 0.032900 0.032700 0.067000 0.032600 0.043900 0.061200 0.073200 0.044100 0.038400 0.072900 0.044000 0.061200 0.038100 0.044100 0.027100 0.032800 0.061000 0.073500 0.055800
Sitatunga 0.079000 0.155800 0.027600 0.176300 0.073400 0.078900 0.067400 0.067500 0.022100 0.091500 0.061400 0.067400 0.061800 0.061700 0.084900 0.079200 0.085700 0.079600 0.067400 0.000000 0.085500 0.073400 0.055900 0.091000 0.061200 0.067900 0.061900 0.010900 0.085300 0.010900 0.085400 0.067400 0.073500 0.067900 0.067400 0.055900 0.067300 0.079300 0.097600 0.085800 0.055900 0.061700 0.085400 0.067600 0.050200 0.073000 0.067600 0.061400 0.067600 0.073200 0.016500 0.010900
Oribi 0.061200 0.148400 0.091500 0.174700 0.055700 0.061100 0.055600 0.027200 0.073700 0.097100 0.044000 0.084700 0.044300 0.044200 0.066900 0.038400 0.067800 0.073400 0.061200 0.085500 0.000000 0.055700 0.061500 0.084400 0.043900 0.026700 0.044300 0.073500 0.044100 0.073300 0.091000 0.049800 0.055600 0.050200 0.049800 0.073200 0.049700 0.061400 0.055300 0.091300 0.061500 0.020900 0.091000 0.061400 0.067400 0.055300 0.027200 0.044000 0.050000 0.067100 0.091700 0.073500
BarbaryShe 0.027200 0.129100 0.079300 0.154800 0.032900 0.027200 0.032800 0.038400 0.061800 0.084800 0.021600 0.061100 0.021800 0.021700 0.043900 0.049700 0.067500 0.061500 0.038300 0.073400 0.055700 0.000000 0.049800 0.072600 0.021600 0.038700 0.021800 0.061600 0.055500 0.061400 0.078900 0.027200 0.055700 0.027400 0.027200 0.061300 0.027200 0.038400 0.067200 0.079200 0.049800 0.032900 0.078900 0.049800 0.055600 0.032700 0.038500 0.021600 0.027300 0.055400 0.079500 0.061600
Daviddeer 0.055300 0.129300 0.061700 0.155300 0.049900 0.055300 0.049800 0.044100 0.056100 0.032900 0.038300 0.066900 0.038600 0.038500 0.061100 0.055500 0.061600 0.044200 0.044100 0.055900 0.061500 0.049800 0.000000 0.032800 0.038200 0.044400 0.038600 0.044400 0.061300 0.044300 0.027400 0.044100 0.049900 0.044400 0.044100 0.055500 0.044000 0.055500 0.073100 0.027500 0.000000 0.038500 0.027400 0.010800 0.049800 0.049600 0.044200 0.038300 0.044200 0.049700 0.061900 0.044400
Reindeer 0.078100 0.154300 0.097000 0.181300 0.072700 0.078000 0.061000 0.066700 0.079300 0.066900 0.060700 0.102100 0.061100 0.061000 0.083900 0.078300 0.096800 0.078700 0.066700 0.091000 0.084400 0.072600 0.032800 0.000000 0.060500 0.067100 0.061200 0.079000 0.084300 0.078800 0.061100 0.066600 0.084400 0.067200 0.066600 0.090300 0.066500 0.078400 0.096500 0.061400 0.032800 0.061000 0.061100 0.032700 0.084400 0.072100 0.066900 0.060700 0.066800 0.084200 0.097300 0.079000
Ibex 0.027000 0.125800 0.067000 0.151700 0.021600 0.026900 0.021500 0.027100 0.049800 0.072400 0.000000 0.060700 0.010700 0.010700 0.032400 0.038100 0.055400 0.049600 0.027000 0.061200 0.043900 0.021600 0.038200 0.060500 0.000000 0.027200 0.010700 0.049700 0.043800 0.049600 0.066600 0.016000 0.043900 0.016200 0.016100 0.049500 0.005300 0.027000 0.055200 0.066900 0.038200 0.021600 0.066600 0.038100 0.043900 0.021500 0.027100 0.010600 0.016100 0.043700 0.067200 0.049700
GyrantGaze 0.044200 0.129400 0.073800 0.155500 0.038700 0.044100 0.038600 0.010800 0.056300 0.079300 0.027300 0.067300 0.027500 0.027400 0.049800 0.021800 0.062000 0.056100 0.044200 0.067900 0.026700 0.038700 0.044400 0.067100 0.027200 0.000000 0.027500 0.056100 0.027400 0.056000 0.073400 0.033000 0.050200 0.033200 0.033000 0.055900 0.032900 0.044300 0.038600 0.073600 0.044400 0.005400 0.073400 0.044300 0.050100 0.038400 0.010800 0.027300 0.033100 0.049900 0.074000 0.056100
Hartebeest 0.027200 0.123000 0.067700 0.143300 0.021800 0.027200 0.021800 0.027300 0.050100 0.061600 0.010800 0.061300 0.000000 0.010800 0.032800 0.027400 0.056000 0.050200 0.027300 0.061900 0.044300 0.021800 0.038600 0.061200 0.010700 0.027500 0.000000 0.050200 0.044300 0.050100 0.055800 0.016200 0.044400 0.005400 0.005400 0.050000 0.016200 0.027300 0.050100 0.067700 0.038600 0.021800 0.055800 0.038600 0.044300 0.021700 0.027400 0.010800 0.016300 0.044200 0.067900 0.050200
Bongo 0.067200 0.142700 0.016400 0.169400 0.061700 0.067100 0.055700 0.055800 0.010900 0.079400 0.049800 0.055700 0.050200 0.050100 0.073000 0.067300 0.073600 0.067600 0.055800 0.010900 0.073500 0.061600 0.044400 0.079000 0.049700 0.056100 0.050200 0.000000 0.073300 0.000000 0.073400 0.055700 0.061700 0.056100 0.055700 0.044400 0.055600 0.067400 0.085400 0.073800 0.044400 0.050100 0.073400 0.055800 0.038700 0.061300 0.055900 0.049800 0.055900 0.061400 0.016500 0.000100
Gerenuk 0.061000 0.147800 0.091200 0.174500 0.055600 0.060900 0.055400 0.027200 0.073500 0.096800 0.043900 0.072700 0.044200 0.044100 0.066800 0.016200 0.079400 0.073300 0.061100 0.085300 0.044100 0.055500 0.061300 0.084300 0.043800 0.027400 0.044300 0.073300 0.000000 0.073100 0.090700 0.049700 0.067200 0.050100 0.049700 0.061300 0.049600 0.061200 0.055400 0.091100 0.061300 0.021700 0.090700 0.061200 0.055600 0.055200 0.027200 0.043900 0.049800 0.067000 0.091500 0.073300
CommonElan 0.067000 0.142300 0.016400 0.168900 0.061500 0.066900 0.055600 0.055600 0.010900 0.079100 0.049700 0.055600 0.050000 0.049900 0.072800 0.067200 0.073400 0.067400 0.055600 0.010900 0.073300 0.061400 0.044300 0.078800 0.049600 0.056000 0.050100 0.000000 0.073100 0.000000 0.073200 0.055500 0.061500 0.056000 0.055600 0.044300 0.055500 0.067200 0.085200 0.073600 0.044300 0.049900 0.073200 0.055700 0.038600 0.061100 0.055800 0.049700 0.055700 0.061200 0.016400 0.000100
MuntiacusR 0.084400 0.161500 0.091400 0.162000 0.078900 0.084300 0.078700 0.072900 0.073700 0.005400 0.066800 0.084500 0.055700 0.067100 0.090400 0.073000 0.079200 0.073200 0.072900 0.085400 0.091000 0.078900 0.027400 0.061100 0.066600 0.073400 0.055800 0.073400 0.090700 0.073200 0.000000 0.072800 0.073100 0.061800 0.061300 0.084700 0.072700 0.084700 0.091100 0.055900 0.027400 0.067100 0.000000 0.038500 0.078900 0.078400 0.061500 0.066900 0.073100 0.072800 0.079600 0.073400
HarveysDui 0.032600 0.128700 0.073200 0.154100 0.027200 0.032600 0.016200 0.032800 0.055900 0.078700 0.016100 0.066800 0.016200 0.005400 0.038200 0.044000 0.061500 0.055600 0.032700 0.067400 0.049800 0.027200 0.044100 0.066600 0.016000 0.033000 0.016200 0.055700 0.049700 0.055500 0.072800 0.000000 0.049800 0.021800 0.021600 0.055500 0.021600 0.032700 0.061300 0.073200 0.044100 0.027200 0.072800 0.032800 0.049800 0.027100 0.032800 0.016100 0.021700 0.038400 0.073400 0.055700
Pronghorn 0.061200 0.135800 0.073000 0.161700 0.055700 0.061100 0.055500 0.049900 0.073700 0.079000 0.044000 0.072900 0.044300 0.044200 0.066600 0.061300 0.055600 0.049800 0.061300 0.073500 0.055600 0.055700 0.049900 0.084400 0.043900 0.050200 0.044400 0.061700 0.067200 0.061500 0.073100 0.049800 0.000000 0.050200 0.049800 0.061400 0.049700 0.061400 0.079200 0.079400 0.049900 0.044200 0.073100 0.061400 0.055700 0.055300 0.050000 0.044000 0.050000 0.055500 0.079600 0.061700
BlueWildeb 0.032900 0.129600 0.073800 0.150200 0.027500 0.032800 0.027400 0.033000 0.056000 0.067600 0.016200 0.067300 0.005400 0.016300 0.038500 0.033100 0.062000 0.056100 0.032900 0.067900 0.050200 0.027400 0.044400 0.067200 0.016200 0.033200 0.005400 0.056100 0.050100 0.056000 0.061800 0.021800 0.050200 0.000000 0.010900 0.055900 0.021800 0.033000 0.056000 0.073700 0.044400 0.027500 0.061800 0.044400 0.050200 0.027300 0.033100 0.016300 0.021900 0.050000 0.074000 0.056200
Gemsbok 0.032600 0.128700 0.073300 0.149200 0.027300 0.032600 0.027200 0.032800 0.055900 0.067100 0.016100 0.066800 0.005400 0.016200 0.038200 0.032800 0.061500 0.055600 0.032700 0.067400 0.049800 0.027200 0.044100 0.066600 0.016100 0.033000 0.005400 0.055700 0.049700 0.055600 0.061300 0.021600 0.049800 0.010900 0.000000 0.055500 0.021600 0.032700 0.061300 0.073200 0.044100 0.027200 0.061300 0.044000 0.049800 0.027100 0.032900 0.016100 0.021700 0.049600 0.073500 0.055700
Yak 0.066900 0.141900 0.061700 0.168000 0.061400 0.066800 0.061300 0.055500 0.056100 0.090800 0.049600 0.032800 0.049900 0.049800 0.072600 0.067100 0.073300 0.067300 0.067000 0.055900 0.073200 0.061300 0.055500 0.090300 0.049500 0.055900 0.050000 0.044400 0.061300 0.044300 0.084700 0.055500 0.061400 0.055900 0.055500 0.000000 0.055400 0.067100 0.085000 0.085200 0.055500 0.049900 0.084700 0.067100 0.005300 0.061000 0.055600 0.049600 0.055600 0.061200 0.061900 0.044400
BlueSheep 0.032600 0.132600 0.073100 0.158500 0.027200 0.032500 0.027100 0.032700 0.055800 0.078600 0.005300 0.066700 0.016200 0.016200 0.038100 0.043900 0.061400 0.055500 0.032600 0.067300 0.049700 0.027200 0.044000 0.066500 0.005300 0.032900 0.016200 0.055600 0.049600 0.055500 0.072700 0.021600 0.049700 0.021800 0.021600 0.055400 0.000000 0.032700 0.061200 0.073000 0.044000 0.027200 0.072700 0.043900 0.049700 0.027000 0.032800 0.016100 0.021700 0.049500 0.073300 0.055600
BohorReedb 0.043900 0.116600 0.085200 0.168100 0.005400 0.043800 0.038400 0.044000 0.067600 0.090700 0.027100 0.066900 0.027300 0.027200 0.038300 0.055400 0.073300 0.067300 0.043900 0.079300 0.061400 0.038400 0.055500 0.078400 0.027000 0.044300 0.027300 0.067400 0.061200 0.067200 0.084700 0.032700 0.061400 0.033000 0.032700 0.067100 0.032700 0.000000 0.073000 0.085100 0.055500 0.038400 0.084700 0.055400 0.061300 0.038200 0.044100 0.027100 0.032800 0.061100 0.085400 0.067400
KirksDik 0.072700 0.135500 0.103700 0.175600 0.067300 0.072700 0.067100 0.038400 0.079700 0.097200 0.055400 0.096700 0.050000 0.055600 0.078600 0.049700 0.091400 0.085300 0.061200 0.097600 0.055300 0.067200 0.073100 0.096500 0.055200 0.038600 0.050100 0.085400 0.055400 0.085200 0.091100 0.061300 0.079200 0.056000 0.061300 0.085000 0.061200 0.073000 0.000000 0.103400 0.073100 0.032800 0.091100 0.073000 0.079100 0.066800 0.027300 0.055300 0.061500 0.078800 0.104000 0.085400
RoeDeer 0.084800 0.155800 0.091900 0.189900 0.079300 0.084700 0.079100 0.073200 0.086100 0.061800 0.067100 0.097000 0.067600 0.067400 0.090800 0.085000 0.091800 0.073600 0.073200 0.085800 0.091300 0.079200 0.027500 0.061400 0.066900 0.073600 0.067700 0.073800 0.091100 0.073600 0.055900 0.073200 0.079400 0.073700 0.073200 0.085200 0.073000 0.085100 0.103400 0.000000 0.027500 0.067400 0.055900 0.038700 0.079300 0.078800 0.073300 0.067100 0.061800 0.079100 0.092100 0.073800
WhiteLippe 0.055300 0.129300 0.061700 0.155300 0.049900 0.055300 0.049800 0.044100 0.056100 0.032900 0.038300 0.066900 0.038600 0.038500 0.061100 0.055500 0.061600 0.044200 0.044100 0.055900 0.061500 0.049800 0.000000 0.032800 0.038200 0.044400 0.038600 0.044400 0.061300 0.044300 0.027400 0.044100 0.049900 0.044400 0.044100 0.055500 0.044000 0.055500 0.073100 0.027500 0.000000 0.038500 0.027400 0.010800 0.049800 0.049600 0.044200 0.038300 0.044200 0.049700 0.061900 0.044400
ThomsonGaz 0.038300 0.122500 0.067500 0.148000 0.032900 0.038300 0.032800 0.005400 0.050200 0.073000 0.021700 0.061100 0.021800 0.021800 0.043900 0.016200 0.055800 0.050000 0.038400 0.061700 0.020900 0.032900 0.038500 0.061000 0.021600 0.005400 0.021800 0.050100 0.021700 0.049900 0.067100 0.027200 0.044200 0.027500 0.027200 0.049900 0.027200 0.038400 0.032800 0.067400 0.038500 0.000000 0.067100 0.038400 0.044200 0.032700 0.005400 0.021600 0.027300 0.044000 0.067700 0.050100
MuntiacusC 0.084400 0.161500 0.091400 0.162000 0.078900 0.084300 0.078700 0.072900 0.073700 0.005300 0.066800 0.084500 0.055700 0.067100 0.090400 0.073000 0.079200 0.073200 0.072900 0.085400 0.091000 0.078900 0.027400 0.061100 0.066600 0.073400 0.055800 0.073400 0.090700 0.073200 0.000000 0.072800 0.073100 0.061800 0.061300 0.084700 0.072700 0.084700 0.091100 0.055900 0.027400 0.067100 0.000000 0.038500 0.078900 0.078400 0.061500 0.066900 0.073100 0.072800 0.079600 0.073400
WhiteTaile 0.055200 0.141600 0.073400 0.168100 0.049800 0.055200 0.038400 0.044000 0.056000 0.044200 0.038300 0.078600 0.038500 0.027300 0.060900 0.055400 0.073300 0.055700 0.044000 0.067600 0.061400 0.049800 0.010800 0.032700 0.038100 0.044300 0.038600 0.055800 0.061200 0.055700 0.038500 0.032800 0.061400 0.044400 0.044000 0.067100 0.043900 0.055400 0.073000 0.038700 0.010800 0.038400 0.038500 0.000000 0.061300 0.049500 0.044100 0.038300 0.044100 0.061200 0.073600 0.055900
Cattle 0.061100 0.135600 0.056000 0.161600 0.055600 0.061100 0.055500 0.049800 0.050400 0.084900 0.044000 0.027300 0.044300 0.044200 0.066900 0.061300 0.067500 0.061600 0.061200 0.050200 0.067400 0.055600 0.049800 0.084400 0.043900 0.050100 0.044300 0.038700 0.055600 0.038600 0.078900 0.049800 0.055700 0.050200 0.049800 0.005300 0.049700 0.061300 0.079100 0.079300 0.049800 0.044200 0.078900 0.061300 0.000000 0.055300 0.049900 0.044000 0.049900 0.055500 0.056100 0.038800
RoyalAntel 0.038100 0.126200 0.078900 0.165100 0.032700 0.038000 0.032600 0.038200 0.061400 0.084300 0.021500 0.072300 0.021700 0.021600 0.043600 0.049500 0.067100 0.061200 0.038100 0.073000 0.055300 0.032700 0.049600 0.072100 0.021500 0.038400 0.021700 0.061300 0.055200 0.061100 0.078400 0.027100 0.055300 0.027300 0.027100 0.061000 0.027000 0.038200 0.066800 0.078800 0.049600 0.032700 0.078400 0.049500 0.055300 0.000000 0.038300 0.021500 0.027100 0.055100 0.079100 0.061300
Steenbok 0.044000 0.129300 0.073500 0.141800 0.038600 0.044000 0.038500 0.010800 0.056000 0.067300 0.027200 0.067000 0.027400 0.027300 0.049700 0.021700 0.061700 0.055800 0.044100 0.067600 0.027200 0.038500 0.044200 0.066900 0.027100 0.010800 0.027400 0.055900 0.027200 0.055800 0.061500 0.032800 0.050000 0.033100 0.032900 0.055600 0.032800 0.044100 0.027300 0.073300 0.044200 0.005400 0.061500 0.044100 0.049900 0.038300 0.000000 0.027200 0.033000 0.049700 0.073700 0.055900
Impala 0.027000 0.122200 0.067200 0.147600 0.021700 0.027000 0.021600 0.027100 0.050000 0.072700 0.010700 0.060900 0.010700 0.010700 0.032500 0.038200 0.055600 0.049800 0.027100 0.061400 0.044000 0.021600 0.038300 0.060700 0.010600 0.027300 0.010800 0.049800 0.043900 0.049700 0.066900 0.016100 0.044000 0.016300 0.016100 0.049600 0.016100 0.027100 0.055300 0.067100 0.038300 0.021600 0.066900 0.038300 0.044000 0.021500 0.027200 0.000000 0.016200 0.043900 0.067400 0.049900
Klipspring 0.032700 0.129200 0.073500 0.148600 0.027300 0.032700 0.027300 0.032900 0.056100 0.079000 0.016200 0.067000 0.016300 0.016300 0.038300 0.044100 0.050100 0.044300 0.032800 0.067600 0.050000 0.027300 0.044200 0.066800 0.016100 0.033100 0.016300 0.055900 0.049800 0.055700 0.073100 0.021700 0.050000 0.021900 0.021700 0.055600 0.021700 0.032800 0.061500 0.061800 0.044200 0.027300 0.073100 0.044100 0.049900 0.027100 0.033000 0.016200 0.000000 0.049800 0.073600 0.055900
ForestMusk 0.060900 0.135000 0.079100 0.154300 0.055500 0.060900 0.055300 0.049600 0.067500 0.078700 0.043800 0.066700 0.044100 0.044000 0.066700 0.061100 0.061500 0.061400 0.061000 0.073200 0.067100 0.055400 0.049700 0.084200 0.043700 0.049900 0.044200 0.061400 0.067000 0.061200 0.072800 0.038400 0.055500 0.050000 0.049600 0.061200 0.049500 0.061100 0.078800 0.079100 0.049700 0.044000 0.072800 0.061200 0.055500 0.055100 0.049700 0.043900 0.049800 0.000000 0.073300 0.061400
Bushbuck 0.085200 0.149700 0.022000 0.176800 0.079600 0.085000 0.073500 0.073500 0.016500 0.085600 0.067400 0.061700 0.067800 0.067700 0.091100 0.085400 0.079800 0.085700 0.073500 0.016500 0.091700 0.079500 0.061900 0.097300 0.067200 0.074000 0.067900 0.016500 0.091500 0.016400 0.079600 0.073400 0.079600 0.074000 0.073500 0.061900 0.073300 0.085400 0.104000 0.092100 0.061900 0.067700 0.079600 0.073600 0.056100 0.079100 0.073700 0.067400 0.073600 0.073300 0.000000 0.016500
GreaterKud 0.067200 0.142700 0.016400 0.169400 0.061700 0.067100 0.055800 0.055800 0.011000 0.079400 0.049800 0.055700 0.050200 0.050100 0.073000 0.067400 0.073700 0.067700 0.055800 0.010900 0.073500 0.061600 0.044400 0.079000 0.049700 0.056100 0.050200 0.000100 0.073300 0.000100 0.073400 0.055700 0.061700 0.056200 0.055700 0.044400 0.055600 0.067400 0.085400 0.073800 0.044400 0.050100 0.073400 0.055900 0.038800 0.061300 0.055900 0.049900 0.055900 0.061400 0.016500 0.000000
