1
52 1
Argali 0.000000 0.202200 0.069200 0.162600 0.027600 0.000000 0.062500 0.074400 0.069600 0.073400 0.022200 0.051000 0.050900 0.050700 0.062900 0.056800 0.068700 0.064900 0.022200 0.081400 0.051000 0.016600 0.092100 0.078300 0.011000 0.045100 0.050800 0.069800 0.050900 0.075500 0.073600 0.056900 0.063800 0.056800 0.033600 0.047600 0.016700 0.039000 0.080800 0.076000 0.085900 0.056600 0.079400 0.065600 0.059600 0.044700 0.045100 0.050900 0.030300 0.092400 0.063600 0.075300
LesserMous 0.202200 0.000000 0.185600 0.203800 0.215400 0.202200 0.224400 0.268100 0.172200 0.207800 0.208900 0.195700 0.231200 0.229400 0.232200 0.232800 0.220200 0.226500 0.216200 0.185400 0.246200 0.195100 0.214200 0.192600 0.201600 0.223900 0.230500 0.172600 0.232700 0.193400 0.209200 0.233300 0.205300 0.231400 0.224900 0.209200 0.215400 0.215300 0.272300 0.205000 0.221400 0.239800 0.216300 0.192900 0.223300 0.223400 0.225000 0.240700 0.230900 0.251300 0.178600 0.192600
LesserKudu 0.069200 0.185600 0.000000 0.184300 0.087000 0.069200 0.106200 0.106400 0.016500 0.093400 0.075000 0.050400 0.100200 0.096500 0.088100 0.075400 0.092600 0.101700 0.081200 0.022000 0.117400 0.075200 0.099200 0.074800 0.069000 0.091500 0.099900 0.016600 0.087600 0.005500 0.093900 0.106500 0.088400 0.105900 0.081300 0.053800 0.075500 0.086900 0.132200 0.068800 0.093000 0.093500 0.099300 0.062700 0.065700 0.093000 0.093800 0.093100 0.091000 0.104200 0.005500 0.005400
KillerWhal 0.162600 0.203800 0.184300 0.000000 0.173500 0.162600 0.198800 0.250800 0.186000 0.156200 0.171800 0.175200 0.201400 0.195200 0.222700 0.207000 0.188400 0.196300 0.174400 0.198800 0.221700 0.169300 0.163700 0.164100 0.162200 0.202900 0.200800 0.186300 0.209400 0.192000 0.150300 0.193500 0.157000 0.207900 0.182700 0.188600 0.172800 0.173500 0.253400 0.162600 0.164000 0.216000 0.163700 0.150500 0.195600 0.195400 0.201500 0.167900 0.188900 0.211800 0.178600 0.191300
DefassaWat 0.027600 0.215400 0.087000 0.173500 0.000000 0.027600 0.074100 0.100300 0.089800 0.085200 0.050400 0.066600 0.068300 0.068000 0.084000 0.074200 0.074200 0.070400 0.050500 0.099400 0.085300 0.044700 0.110400 0.082800 0.038900 0.066700 0.068100 0.090000 0.072900 0.093500 0.085500 0.074300 0.081500 0.074300 0.050600 0.065200 0.044900 0.010900 0.103600 0.069300 0.104000 0.078900 0.091200 0.070100 0.077300 0.061900 0.066700 0.068400 0.059700 0.110300 0.081600 0.093200
Sheep 0.000000 0.202200 0.069200 0.162600 0.027600 0.000000 0.062500 0.074400 0.069600 0.073400 0.022200 0.051000 0.050900 0.050700 0.062900 0.056800 0.068700 0.064900 0.022200 0.081400 0.051000 0.016600 0.092100 0.078300 0.011000 0.045100 0.050800 0.069800 0.050900 0.075500 0.073600 0.056900 0.063800 0.056800 0.033600 0.047600 0.016700 0.039000 0.080800 0.076000 0.085900 0.056600 0.079400 0.065600 0.059600 0.044700 0.045100 0.050900 0.030300 0.092400 0.063600 0.075300
MaxwellsDu 0.062500 0.224400 0.106200 0.198800 0.074100 0.062500 0.000000 0.111300 0.107000 0.123700 0.074200 0.080800 0.097400 0.056200 0.105600 0.086600 0.099000 0.108400 0.074200 0.118900 0.093000 0.068400 0.143500 0.122700 0.062300 0.074500 0.092500 0.107200 0.080600 0.112900 0.124200 0.074400 0.120000 0.099000 0.074500 0.086900 0.068700 0.074000 0.111600 0.119200 0.137000 0.086500 0.129900 0.109600 0.099300 0.074000 0.068500 0.091500 0.084500 0.123300 0.100500 0.112600
GazellaPrz 0.074400 0.268100 0.106400 0.250800 0.100300 0.074400 0.111300 0.000000 0.126300 0.156500 0.098700 0.104800 0.118100 0.109900 0.131200 0.068700 0.137100 0.147600 0.098700 0.132000 0.080700 0.092600 0.163700 0.135700 0.086400 0.062600 0.117700 0.126500 0.068600 0.113100 0.157200 0.111900 0.146500 0.118200 0.099100 0.115400 0.093000 0.112800 0.099000 0.145800 0.157200 0.074300 0.162800 0.135400 0.128500 0.098300 0.074500 0.118000 0.096700 0.168400 0.113100 0.100200
MountainNy 0.069600 0.172200 0.016500 0.186000 0.089800 0.069600 0.107000 0.126300 0.000000 0.094100 0.075600 0.050700 0.100900 0.097100 0.088700 0.088200 0.080900 0.089500 0.081800 0.016500 0.118000 0.075700 0.099900 0.075300 0.069500 0.091500 0.100600 0.000000 0.088200 0.022200 0.094600 0.107400 0.076500 0.094000 0.082000 0.053800 0.076100 0.077200 0.133300 0.069300 0.093700 0.094200 0.100100 0.063200 0.065800 0.093700 0.094500 0.093900 0.091500 0.105000 0.011100 0.022100
MuntiacusM 0.073400 0.207800 0.093400 0.156200 0.085200 0.073400 0.123700 0.156500 0.094100 0.000000 0.079400 0.080300 0.117700 0.114100 0.118100 0.104800 0.102600 0.102800 0.085500 0.106000 0.109000 0.085700 0.061800 0.062600 0.073300 0.098400 0.117400 0.094300 0.104900 0.100000 0.022000 0.124400 0.087400 0.124300 0.097200 0.077400 0.079700 0.085000 0.150500 0.056700 0.061900 0.110900 0.016400 0.050800 0.089700 0.113900 0.107100 0.103300 0.095600 0.122400 0.087700 0.099600
goat 0.022200 0.208900 0.075000 0.171800 0.050400 0.022200 0.074200 0.098700 0.075600 0.079400 0.000000 0.056700 0.062600 0.062200 0.074700 0.056600 0.074500 0.070600 0.033400 0.087300 0.062700 0.027800 0.098200 0.084500 0.010900 0.056600 0.062400 0.075700 0.062600 0.081300 0.079700 0.068600 0.075800 0.068600 0.045000 0.053400 0.027900 0.050400 0.092800 0.080300 0.092000 0.068300 0.085400 0.071700 0.065500 0.044500 0.056700 0.062500 0.042400 0.098300 0.069300 0.081100
AfricanBuf 0.051000 0.195700 0.050400 0.175200 0.066600 0.051000 0.080800 0.104800 0.050700 0.080300 0.056700 0.000000 0.079300 0.076900 0.081400 0.062600 0.062200 0.082100 0.062700 0.062100 0.084000 0.060500 0.085900 0.056600 0.050900 0.050700 0.079200 0.050800 0.056700 0.056400 0.080700 0.087100 0.081600 0.085700 0.062900 0.038700 0.045400 0.066500 0.099300 0.050500 0.079900 0.062400 0.086100 0.044800 0.050100 0.081100 0.062600 0.074300 0.071500 0.085400 0.044800 0.056200
Topi 0.050900 0.231200 0.100200 0.201400 0.068300 0.050900 0.097400 0.118100 0.100900 0.117700 0.062600 0.079300 0.000000 0.084700 0.093500 0.087000 0.099400 0.106400 0.062600 0.112900 0.093300 0.045100 0.137500 0.109300 0.050800 0.074800 0.000000 0.101100 0.074800 0.106800 0.118200 0.091600 0.107600 0.005500 0.039400 0.078100 0.057000 0.068200 0.112000 0.103700 0.131100 0.074700 0.123900 0.096200 0.090600 0.074300 0.074800 0.080900 0.060300 0.124000 0.094400 0.106500
CommonDuik 0.050700 0.229400 0.096500 0.195200 0.068000 0.050700 0.056200 0.109900 0.097100 0.114100 0.062200 0.076900 0.084700 0.000000 0.080700 0.074500 0.083500 0.104800 0.062300 0.096500 0.086000 0.056500 0.134000 0.106700 0.050500 0.067300 0.080200 0.097200 0.073600 0.103100 0.114500 0.039200 0.107000 0.086600 0.062400 0.074300 0.056700 0.067900 0.104300 0.106900 0.127500 0.079500 0.120500 0.093400 0.086900 0.062100 0.061300 0.080500 0.075600 0.108400 0.090600 0.102700
Suni 0.062900 0.232200 0.088100 0.222700 0.084000 0.062900 0.105600 0.131200 0.088700 0.118100 0.074700 0.081400 0.093500 0.080700 0.000000 0.087200 0.112400 0.122300 0.074800 0.100600 0.106100 0.068900 0.124400 0.110600 0.062800 0.075000 0.093300 0.088900 0.081100 0.094600 0.118600 0.099800 0.121100 0.099800 0.063100 0.078500 0.069200 0.083700 0.118800 0.107000 0.111700 0.087000 0.124300 0.097700 0.090900 0.088800 0.087300 0.081300 0.083400 0.111500 0.082400 0.094300
Springbuck 0.056800 0.232800 0.075400 0.207000 0.074200 0.056800 0.086600 0.068700 0.088200 0.104800 0.056600 0.062600 0.087000 0.074500 0.087200 0.000000 0.099300 0.108800 0.068500 0.100000 0.056900 0.062600 0.111500 0.097300 0.056700 0.027900 0.086800 0.088300 0.033600 0.081700 0.105200 0.081100 0.114100 0.093300 0.068900 0.065900 0.062900 0.074100 0.074700 0.093200 0.105300 0.039200 0.110900 0.084300 0.078300 0.068200 0.050900 0.086900 0.066500 0.111300 0.081800 0.081500
Okapi 0.068700 0.220200 0.092600 0.188400 0.074200 0.068700 0.099000 0.137100 0.080900 0.102600 0.074500 0.062200 0.099400 0.083500 0.112400 0.099300 0.000000 0.033100 0.080600 0.092700 0.103600 0.074600 0.108300 0.077900 0.068500 0.093000 0.099100 0.081000 0.086900 0.099100 0.103000 0.081100 0.080500 0.093200 0.080800 0.077000 0.063000 0.062200 0.131300 0.071500 0.096100 0.105300 0.103300 0.065800 0.089100 0.092500 0.093100 0.099500 0.090300 0.109700 0.087000 0.098800
Giraffe 0.064900 0.226500 0.101700 0.196300 0.070400 0.064900 0.108400 0.147600 0.089500 0.102800 0.070600 0.082100 0.106400 0.104800 0.122300 0.108800 0.033100 0.000000 0.064600 0.114400 0.100200 0.070800 0.108600 0.090300 0.064500 0.102400 0.106200 0.089600 0.096200 0.108400 0.103200 0.102800 0.080800 0.100100 0.089500 0.085200 0.071000 0.058100 0.141600 0.059600 0.096400 0.115100 0.103400 0.077900 0.097700 0.101800 0.089900 0.108900 0.089400 0.106300 0.093500 0.107900
TibetanAnt 0.022200 0.216200 0.081200 0.174400 0.050500 0.022200 0.074200 0.098700 0.081800 0.085500 0.033400 0.062700 0.062600 0.062300 0.074800 0.068500 0.080600 0.064600 0.000000 0.093500 0.062700 0.027800 0.104400 0.090500 0.022100 0.056600 0.062500 0.081900 0.062600 0.087600 0.085800 0.068600 0.075800 0.068600 0.045000 0.059600 0.027900 0.050400 0.092800 0.073500 0.098200 0.068400 0.091500 0.077700 0.071800 0.056200 0.056700 0.062600 0.042400 0.104600 0.073500 0.087300
Sitatunga 0.081400 0.185400 0.022000 0.198800 0.099400 0.081400 0.118900 0.132000 0.016500 0.106000 0.087300 0.062100 0.112900 0.096500 0.100600 0.100000 0.092700 0.114400 0.093500 0.000000 0.130400 0.087400 0.111800 0.087000 0.081200 0.104200 0.112600 0.016600 0.100100 0.027700 0.106500 0.106600 0.101000 0.118600 0.093700 0.065600 0.087800 0.099300 0.145500 0.081000 0.105500 0.106100 0.111900 0.074800 0.077700 0.105400 0.106400 0.105600 0.103600 0.116800 0.016600 0.027600
Oribi 0.051000 0.246200 0.117400 0.221700 0.085300 0.051000 0.093000 0.080700 0.118000 0.109000 0.062700 0.084000 0.093300 0.086000 0.106100 0.056900 0.103600 0.100200 0.062700 0.130400 0.000000 0.056800 0.128900 0.128300 0.050900 0.039400 0.093100 0.118300 0.033600 0.124200 0.122500 0.087400 0.111400 0.099600 0.075000 0.094600 0.057100 0.085100 0.074900 0.123600 0.122400 0.050900 0.115400 0.114800 0.106400 0.074400 0.051000 0.093300 0.060900 0.148100 0.111400 0.123700
BarbaryShe 0.016600 0.195100 0.075200 0.169300 0.044700 0.016600 0.068400 0.092600 0.075700 0.085700 0.027800 0.060500 0.045100 0.056500 0.068900 0.062600 0.074600 0.070800 0.027800 0.087400 0.056800 0.000000 0.105400 0.084400 0.016500 0.050800 0.045000 0.075900 0.056700 0.081500 0.085600 0.062700 0.069900 0.051000 0.039200 0.053500 0.022300 0.044700 0.086800 0.082100 0.098700 0.062500 0.093000 0.071600 0.065600 0.050500 0.050900 0.056800 0.036200 0.098500 0.069500 0.081200
Daviddeer 0.092100 0.214200 0.099200 0.163700 0.110400 0.092100 0.143500 0.163700 0.099900 0.061800 0.098200 0.085900 0.137500 0.134000 0.124400 0.111500 0.108300 0.108600 0.104400 0.111800 0.128900 0.105400 0.000000 0.068300 0.091900 0.104900 0.137200 0.100100 0.111500 0.105700 0.062200 0.144600 0.081100 0.144400 0.116600 0.083200 0.098700 0.110300 0.144000 0.062400 0.021900 0.117500 0.068100 0.056400 0.095600 0.133600 0.126800 0.109900 0.091900 0.110300 0.093600 0.105400
Reindeer 0.078300 0.192600 0.074800 0.164100 0.082800 0.078300 0.122700 0.135700 0.075300 0.062600 0.084500 0.056600 0.109300 0.106700 0.110600 0.097300 0.077900 0.090300 0.090500 0.087000 0.128300 0.084400 0.068300 0.000000 0.078200 0.091100 0.109200 0.075500 0.097700 0.081100 0.057000 0.104500 0.081200 0.116100 0.090500 0.058900 0.084600 0.082500 0.143100 0.027900 0.068300 0.103700 0.068900 0.011000 0.071100 0.097800 0.099700 0.097400 0.101100 0.102600 0.069100 0.068800
Ibex 0.011000 0.201600 0.069000 0.162200 0.038900 0.011000 0.062300 0.086400 0.069500 0.073300 0.010900 0.050900 0.050800 0.050500 0.062800 0.056700 0.068500 0.064500 0.022100 0.081200 0.050900 0.016500 0.091900 0.078200 0.000000 0.045000 0.050700 0.069600 0.050800 0.075300 0.073500 0.056700 0.063600 0.056700 0.033500 0.047400 0.016600 0.038900 0.080600 0.073900 0.085800 0.056500 0.079300 0.065600 0.059400 0.044600 0.045000 0.050800 0.030500 0.092200 0.063300 0.075000
GyrantGaze 0.045100 0.223900 0.091500 0.202900 0.066700 0.045100 0.074500 0.062600 0.091500 0.098400 0.056600 0.050700 0.074800 0.067300 0.075000 0.027900 0.093000 0.102400 0.056600 0.104200 0.039400 0.050800 0.104900 0.091100 0.045000 0.000000 0.074600 0.091700 0.016600 0.098100 0.098800 0.068900 0.101100 0.080900 0.056900 0.059600 0.051100 0.066500 0.056800 0.087500 0.098700 0.011000 0.104500 0.078300 0.071800 0.056400 0.033600 0.086100 0.054500 0.097300 0.085100 0.097500
Hartebeest 0.050800 0.230500 0.099900 0.200800 0.068100 0.050800 0.092500 0.117700 0.100600 0.117400 0.062400 0.079200 0.000000 0.080200 0.093300 0.086800 0.099100 0.106200 0.062500 0.112600 0.093100 0.045000 0.137200 0.109200 0.050700 0.074600 0.000000 0.100800 0.074600 0.106500 0.117900 0.086800 0.107300 0.005500 0.039300 0.077900 0.056900 0.068100 0.111700 0.103700 0.130700 0.074500 0.123600 0.096100 0.090400 0.074100 0.074600 0.080700 0.060200 0.123700 0.094200 0.106200
Bongo 0.069800 0.172600 0.016600 0.186300 0.090000 0.069800 0.107200 0.126500 0.000000 0.094300 0.075700 0.050800 0.101100 0.097200 0.088900 0.088300 0.081000 0.089600 0.081900 0.016600 0.118300 0.075900 0.100100 0.075500 0.069600 0.091700 0.100800 0.000000 0.088400 0.022200 0.094800 0.107500 0.076600 0.094200 0.082100 0.053900 0.076200 0.077300 0.133500 0.069400 0.093900 0.094400 0.100300 0.063300 0.065900 0.093800 0.094700 0.094000 0.091600 0.105200 0.011100 0.022200
Gerenuk 0.050900 0.232700 0.087600 0.209400 0.072900 0.050900 0.080600 0.068600 0.088200 0.104900 0.062600 0.056700 0.074800 0.073600 0.081100 0.033600 0.086900 0.096200 0.062600 0.100100 0.033600 0.056700 0.111500 0.097700 0.050800 0.016600 0.074600 0.088400 0.000000 0.094100 0.105200 0.075000 0.107600 0.080900 0.062800 0.065900 0.057000 0.072700 0.062700 0.094000 0.105300 0.027800 0.110900 0.084700 0.078200 0.062300 0.039300 0.080800 0.060800 0.116500 0.081800 0.093800
CommonElan 0.075500 0.193400 0.005500 0.192000 0.093500 0.075500 0.112900 0.113100 0.022200 0.100000 0.081300 0.056400 0.106800 0.103100 0.094600 0.081700 0.099100 0.108400 0.087600 0.027700 0.124200 0.081500 0.105700 0.081100 0.075300 0.098100 0.106500 0.022200 0.094100 0.000000 0.100500 0.113200 0.088600 0.112500 0.087800 0.059800 0.081900 0.093400 0.139200 0.075100 0.099500 0.100000 0.105900 0.068900 0.071900 0.099500 0.100300 0.099600 0.097500 0.110800 0.011000 0.011000
MuntiacusR 0.073600 0.209200 0.093900 0.150300 0.085500 0.073600 0.124200 0.157200 0.094600 0.022000 0.079700 0.080700 0.118200 0.114500 0.118600 0.105200 0.103000 0.103200 0.085800 0.106500 0.122500 0.085600 0.062200 0.057000 0.073500 0.098800 0.117900 0.094800 0.105200 0.100500 0.000000 0.118500 0.089400 0.124800 0.097400 0.077700 0.080000 0.085300 0.151300 0.051100 0.062200 0.111400 0.016500 0.045300 0.090000 0.114100 0.107600 0.103600 0.095800 0.123900 0.088200 0.100100
HarveysDui 0.056900 0.233300 0.106500 0.193500 0.074300 0.056900 0.074400 0.111900 0.107400 0.124400 0.068600 0.087100 0.091600 0.039200 0.099800 0.081100 0.081100 0.102800 0.068600 0.106600 0.087400 0.062700 0.144600 0.104500 0.056700 0.068900 0.086800 0.107500 0.075000 0.113200 0.118500 0.000000 0.114200 0.093300 0.068900 0.084600 0.063000 0.074300 0.105900 0.100600 0.138100 0.080800 0.130600 0.091400 0.097200 0.068400 0.069000 0.087100 0.078900 0.130500 0.100700 0.112900
Pronghorn 0.063800 0.205300 0.088400 0.157000 0.081500 0.063800 0.120000 0.146500 0.076500 0.087400 0.075800 0.081600 0.107600 0.107000 0.121100 0.114100 0.080500 0.080800 0.075800 0.101000 0.111400 0.069900 0.081100 0.081200 0.063600 0.101100 0.107300 0.076600 0.107600 0.088600 0.089400 0.114200 0.000000 0.101200 0.088500 0.087600 0.070200 0.068700 0.134000 0.077100 0.081000 0.107400 0.094100 0.069000 0.099900 0.100400 0.103400 0.095200 0.086500 0.118500 0.082700 0.094600
BlueWildeb 0.056800 0.231400 0.105900 0.207900 0.074300 0.056800 0.099000 0.118200 0.094000 0.124300 0.068600 0.085700 0.005500 0.086600 0.099800 0.093300 0.093200 0.100100 0.068600 0.118600 0.099600 0.051000 0.144400 0.116100 0.056700 0.080900 0.005500 0.094200 0.080900 0.112500 0.124800 0.093300 0.101200 0.000000 0.045200 0.084400 0.063000 0.062300 0.118500 0.110800 0.137900 0.080800 0.130500 0.102900 0.097000 0.080300 0.081000 0.087000 0.066500 0.130500 0.100100 0.112200
Gemsbok 0.033600 0.224900 0.081300 0.182700 0.050600 0.033600 0.074500 0.099100 0.082000 0.097200 0.045000 0.062900 0.039400 0.062400 0.063100 0.068900 0.080800 0.089500 0.045000 0.093700 0.075000 0.039200 0.116600 0.090500 0.033500 0.056900 0.039300 0.082100 0.062800 0.087800 0.097400 0.068900 0.088500 0.045200 0.000000 0.059600 0.039500 0.050600 0.093200 0.089800 0.110300 0.068600 0.103400 0.077600 0.071800 0.056400 0.056900 0.062800 0.042100 0.105000 0.075600 0.087500
Yak 0.047600 0.209200 0.053800 0.188600 0.065200 0.047600 0.086900 0.115400 0.053800 0.077400 0.053400 0.038700 0.078100 0.074300 0.078500 0.065900 0.077000 0.085200 0.059600 0.065600 0.094600 0.053500 0.083200 0.058900 0.047400 0.059600 0.077900 0.053900 0.065900 0.059800 0.077700 0.084600 0.087600 0.084400 0.059600 0.000000 0.053700 0.065100 0.109800 0.046600 0.077100 0.071800 0.083400 0.046800 0.021900 0.071500 0.071900 0.071400 0.068500 0.088900 0.047800 0.059500
BlueSheep 0.016700 0.215400 0.075500 0.172800 0.044900 0.016700 0.068700 0.093000 0.076100 0.079700 0.027900 0.045400 0.057000 0.056700 0.069200 0.062900 0.063000 0.071000 0.027900 0.087800 0.057100 0.022300 0.098700 0.084600 0.016600 0.051100 0.056900 0.076200 0.057000 0.081900 0.080000 0.063000 0.070200 0.063000 0.039500 0.053700 0.000000 0.044900 0.087200 0.080300 0.092400 0.062800 0.085800 0.071800 0.065800 0.050700 0.051100 0.057000 0.036300 0.092900 0.069800 0.081600
BohorReedb 0.039000 0.215300 0.086900 0.173500 0.010900 0.039000 0.074000 0.112800 0.077200 0.085000 0.050400 0.066500 0.068200 0.067900 0.083700 0.074100 0.062200 0.058100 0.050400 0.099300 0.085100 0.044700 0.110300 0.082500 0.038900 0.066500 0.068100 0.077300 0.072700 0.093400 0.085300 0.074300 0.068700 0.062300 0.050600 0.065100 0.044900 0.000000 0.103500 0.068800 0.104000 0.078600 0.091000 0.069800 0.077300 0.061900 0.066500 0.068300 0.059500 0.110200 0.081500 0.093100
KirksDik 0.080800 0.272300 0.132200 0.253400 0.103600 0.080800 0.111600 0.099000 0.133300 0.150500 0.092800 0.099300 0.112000 0.104300 0.118800 0.074700 0.131300 0.141600 0.092800 0.145500 0.074900 0.086800 0.144000 0.143100 0.080600 0.056800 0.111700 0.133500 0.062700 0.139200 0.151300 0.105900 0.134000 0.118500 0.093200 0.109800 0.087200 0.103500 0.000000 0.133200 0.137400 0.056700 0.156900 0.129500 0.122700 0.092500 0.068700 0.112100 0.090900 0.155800 0.126400 0.138800
RoeDeer 0.076000 0.205000 0.068800 0.162600 0.069300 0.076000 0.119200 0.145800 0.069300 0.056700 0.080300 0.050500 0.103700 0.106900 0.107000 0.093200 0.071500 0.059600 0.073500 0.081000 0.123600 0.082100 0.062400 0.027900 0.073900 0.087500 0.103700 0.069400 0.094000 0.075100 0.051100 0.100600 0.077100 0.110800 0.089800 0.046600 0.080300 0.068800 0.133200 0.000000 0.062400 0.093800 0.062900 0.016600 0.064700 0.094100 0.096100 0.093400 0.095400 0.102200 0.060000 0.074800
WhiteLippe 0.085900 0.221400 0.093000 0.164000 0.104000 0.085900 0.137000 0.157200 0.093700 0.061900 0.092000 0.079900 0.131100 0.127500 0.111700 0.105300 0.096100 0.096400 0.098200 0.105500 0.122400 0.098700 0.021900 0.068300 0.085800 0.098700 0.130700 0.093900 0.105300 0.099500 0.062200 0.138100 0.081000 0.137900 0.110300 0.077100 0.092400 0.104000 0.137400 0.062400 0.000000 0.111200 0.062200 0.056500 0.089400 0.126900 0.120400 0.116400 0.098200 0.104200 0.087400 0.099200
ThomsonGaz 0.056600 0.239800 0.093500 0.216000 0.078900 0.056600 0.086500 0.074300 0.094200 0.110900 0.068300 0.062400 0.074700 0.079500 0.087000 0.039200 0.105300 0.115100 0.068400 0.106100 0.050900 0.062500 0.117500 0.103700 0.056500 0.011000 0.074500 0.094400 0.027800 0.100000 0.111400 0.080800 0.107400 0.080800 0.068600 0.071800 0.062800 0.078600 0.056700 0.093800 0.111200 0.000000 0.117000 0.090700 0.084100 0.068100 0.045000 0.086800 0.066700 0.109800 0.087800 0.099700
MuntiacusC 0.079400 0.216300 0.099300 0.163700 0.091200 0.079400 0.129900 0.162800 0.100100 0.016400 0.085400 0.086100 0.123900 0.120500 0.124300 0.110900 0.103300 0.103400 0.091500 0.111900 0.115400 0.093000 0.068100 0.068900 0.079300 0.104500 0.123600 0.100300 0.110900 0.105900 0.016500 0.130600 0.094100 0.130500 0.103400 0.083400 0.085800 0.091000 0.156900 0.062900 0.062200 0.117000 0.000000 0.057000 0.095800 0.120800 0.113300 0.096900 0.101900 0.135700 0.093700 0.105600
WhiteTaile 0.065600 0.192900 0.062700 0.150500 0.070100 0.065600 0.109600 0.135400 0.063200 0.050800 0.071700 0.044800 0.096200 0.093400 0.097700 0.084300 0.065800 0.077900 0.077700 0.074800 0.114800 0.071600 0.056400 0.011000 0.065600 0.078300 0.096100 0.063300 0.084700 0.068900 0.045300 0.091400 0.069000 0.102900 0.077600 0.046800 0.071800 0.069800 0.129500 0.016600 0.056500 0.090700 0.057000 0.000000 0.058800 0.083000 0.086700 0.084500 0.085700 0.090100 0.057100 0.068700
Cattle 0.059600 0.223300 0.065700 0.195600 0.077300 0.059600 0.099300 0.128500 0.065800 0.089700 0.065500 0.050100 0.090600 0.086900 0.090900 0.078300 0.089100 0.097700 0.071800 0.077700 0.106400 0.065600 0.095600 0.071100 0.059400 0.071800 0.090400 0.065900 0.078200 0.071900 0.090000 0.097200 0.099900 0.097000 0.071800 0.021900 0.065800 0.077300 0.122700 0.064700 0.089400 0.084100 0.095800 0.058800 0.000000 0.083800 0.084300 0.077500 0.081300 0.101300 0.059700 0.071500
RoyalAntel 0.044700 0.223400 0.093000 0.195400 0.061900 0.044700 0.074000 0.098300 0.093700 0.113900 0.044500 0.081100 0.074300 0.062100 0.088800 0.068200 0.092500 0.101800 0.056200 0.105400 0.074400 0.050500 0.133600 0.097800 0.044600 0.056400 0.074100 0.093800 0.062300 0.099500 0.114100 0.068400 0.100400 0.080300 0.056400 0.071500 0.050700 0.061900 0.092500 0.094100 0.126900 0.068100 0.120800 0.083000 0.083800 0.000000 0.056500 0.074200 0.053800 0.116600 0.087300 0.099200
Steenbok 0.045100 0.225000 0.093800 0.201500 0.066700 0.045100 0.068500 0.074500 0.094500 0.107100 0.056700 0.062600 0.074800 0.061300 0.087300 0.050900 0.093100 0.089900 0.056700 0.106400 0.051000 0.050900 0.126800 0.099700 0.045000 0.033600 0.074600 0.094700 0.039300 0.100300 0.107600 0.069000 0.103400 0.081000 0.056900 0.071900 0.051100 0.066500 0.068700 0.096100 0.120400 0.045000 0.113300 0.086700 0.084300 0.056500 0.000000 0.074800 0.071600 0.103600 0.088100 0.100000
Impala 0.050900 0.240700 0.093100 0.167900 0.068400 0.050900 0.091500 0.118000 0.093900 0.103300 0.062500 0.074300 0.080900 0.080500 0.081300 0.086900 0.099500 0.108900 0.062600 0.105600 0.093300 0.056800 0.109900 0.097400 0.050800 0.086100 0.080700 0.094000 0.080800 0.099600 0.103600 0.087100 0.095200 0.087000 0.062800 0.071400 0.057000 0.068300 0.112100 0.093400 0.116400 0.086800 0.096900 0.084500 0.077500 0.074200 0.074800 0.000000 0.060100 0.124100 0.087400 0.099300
Klipspring 0.030300 0.230900 0.091000 0.188900 0.059700 0.030300 0.084500 0.096700 0.091500 0.095600 0.042400 0.071500 0.060300 0.075600 0.083400 0.066500 0.090300 0.089400 0.042400 0.103600 0.060900 0.036200 0.091900 0.101100 0.030500 0.054500 0.060200 0.091600 0.060800 0.097500 0.095800 0.078900 0.086500 0.066500 0.042100 0.068500 0.036300 0.059500 0.090900 0.095400 0.098200 0.066700 0.101900 0.085700 0.081300 0.053800 0.071600 0.060100 0.000000 0.115200 0.085100 0.097100
ForestMusk 0.092400 0.251300 0.104200 0.211800 0.110300 0.092400 0.123300 0.168400 0.105000 0.122400 0.098300 0.085400 0.124000 0.108400 0.111500 0.111300 0.109700 0.106300 0.104600 0.116800 0.148100 0.098500 0.110300 0.102600 0.092200 0.097300 0.123700 0.105200 0.116500 0.110800 0.123900 0.130500 0.118500 0.130500 0.105000 0.088900 0.092900 0.110200 0.155800 0.102200 0.104200 0.109800 0.135700 0.090100 0.101300 0.116600 0.103600 0.124100 0.115200 0.000000 0.098600 0.110500
Bushbuck 0.063600 0.178600 0.005500 0.178600 0.081600 0.063600 0.100500 0.113100 0.011100 0.087700 0.069300 0.044800 0.094400 0.090600 0.082400 0.081800 0.087000 0.093500 0.073500 0.016600 0.111400 0.069500 0.093600 0.069100 0.063300 0.085100 0.094200 0.011100 0.081800 0.011000 0.088200 0.100700 0.082700 0.100100 0.075600 0.047800 0.069800 0.081500 0.126400 0.060000 0.087400 0.087800 0.093700 0.057100 0.059700 0.087300 0.088100 0.087400 0.085100 0.098600 0.000000 0.011000
GreaterKud 0.075300 0.192600 0.005400 0.191300 0.093200 0.075300 0.112600 0.100200 0.022100 0.099600 0.081100 0.056200 0.106500 0.102700 0.094300 0.081500 0.098800 0.107900 0.087300 0.027600 0.123700 0.081200 0.105400 0.068800 0.075000 0.097500 0.106200 0.022200 0.093800 0.011000 0.100100 0.112900 0.094600 0.112200 0.087500 0.059500 0.081600 0.093100 0.138800 0.074800 0.099200 0.099700 0.105600 0.068700 0.071500 0.099200 0.100000 0.099300 0.097100 0.110500 0.011000 0.000000
