CODONML (in paml version 4.10.7, June 2023)  /home/rachel/ruminants_paml/6406-phy-tree/ENSBTAT00000000935.fasta.phy
Model: free dN/dS Ratios for branches,  kappa = 2.000 fixed

Codon frequency model: F3x4
ns =  54  ls =  75

Codon usage in sequences
--------------------------------------------------------------------------------------------------------------------------------------
Phe TTT   1   1   1   1   1   1 | Ser TCT   1   1   1   1   0   1 | Tyr TAT   0   0   1   0   0   0 | Cys TGT   0   0   0   0   0   0
    TTC   0   0   0   0   0   0 |     TCC   0   0   0   0   1   0 |     TAC   1   1   0   1   1   1 |     TGC   0   0   0   0   0   0
Leu TTA   2   2   2   2   2   2 |     TCA   1   1   1   1   1   1 | *** TAA   0   0   0   0   0   0 | *** TGA   0   0   0   0   0   0
    TTG   1   1   2   1   1   1 |     TCG   0   0   0   0   0   0 |     TAG   0   0   0   0   0   0 | Trp TGG   2   2   2   2   2   2
--------------------------------------------------------------------------------------------------------------------------------------
Leu CTT   3   2   3   3   3   3 | Pro CCT   2   1   2   2   1   1 | His CAT   1   1   1   1   1   1 | Arg CGT   0   0   0   0   0   0
    CTC   0   0   0   0   0   0 |     CCC   0   1   0   0   1   1 |     CAC   0   0   0   0   0   0 |     CGC   0   0   0   0   0   0
    CTA   0   0   0   0   0   0 |     CCA   0   0   0   0   0   0 | Gln CAA   2   1   2   2   2   2 |     CGA   0   0   0   0   0   0
    CTG   5   6   4   5   5   5 |     CCG   0   0   0   0   0   0 |     CAG   4   5   4   4   4   4 |     CGG   1   1   1   1   0   0
--------------------------------------------------------------------------------------------------------------------------------------
Ile ATT   4   4   4   3   4   4 | Thr ACT   1   0   1   1   1   1 | Asn AAT   0   0   2   1   1   3 | Ser AGT   0   0   0   0   0   0
    ATC   2   2   2   3   2   2 |     ACC   2   3   2   2   2   2 |     AAC   3   3   1   2   2   0 |     AGC   1   1   1   1   1   1
    ATA   0   0   0   0   0   0 |     ACA   0   0   0   0   0   0 | Lys AAA   3   1   3   3   1   2 | Arg AGA   1   1   1   1   1   1
Met ATG   0   0   0   0   0   0 |     ACG   0   0   0   0   0   0 |     AAG   4   6   4   4   6   5 |     AGG   1   1   1   1   2   2
--------------------------------------------------------------------------------------------------------------------------------------
Val GTT   2   3   2   1   1   2 | Ala GCT   2   2   2   2   3   2 | Asp GAT   3   4   3   2   2   3 | Gly GGT   0   0   0   0   0   0
    GTC   3   3   3   4   4   3 |     GCC   1   0   1   1   0   1 |     GAC   3   2   3   4   4   3 |     GGC   1   1   1   1   1   1
    GTA   2   0   2   2   2   2 |     GCA   0   1   0   0   0   0 | Glu GAA   3   3   3   3   3   3 |     GGA   2   2   2   2   2   2
    GTG   1   2   1   1   1   1 |     GCG   0   0   0   0   0   0 |     GAG   3   3   3   3   3   3 |     GGG   0   0   0   0   0   0
--------------------------------------------------------------------------------------------------------------------------------------

--------------------------------------------------------------------------------------------------------------------------------------
Phe TTT   1   1   1   1   1   1 | Ser TCT   1   1   1   1   1   1 | Tyr TAT   1   0   0   0   1   0 | Cys TGT   0   0   0   0   0   0
    TTC   0   0   0   0   0   0 |     TCC   0   0   0   0   0   0 |     TAC   0   1   1   1   0   1 |     TGC   0   0   0   0   0   0
Leu TTA   1   2   2   2   2   2 |     TCA   1   1   1   1   1   1 | *** TAA   0   0   0   0   0   0 | *** TGA   0   0   0   0   0   0
    TTG   2   1   1   1   2   1 |     TCG   0   0   0   0   0   0 |     TAG   0   0   0   0   0   0 | Trp TGG   2   2   2   2   2   2
--------------------------------------------------------------------------------------------------------------------------------------
Leu CTT   3   3   3   3   3   3 | Pro CCT   2   2   2   2   2   2 | His CAT   1   1   1   1   1   1 | Arg CGT   0   0   0   0   0   0
    CTC   0   0   0   0   0   1 |     CCC   0   0   0   0   0   0 |     CAC   0   0   0   0   0   0 |     CGC   0   0   0   0   0   0
    CTA   0   0   0   0   0   1 |     CCA   0   0   0   0   0   0 | Gln CAA   2   2   2   2   2   2 |     CGA   0   0   0   0   0   0
    CTG   5   5   5   5   4   3 |     CCG   0   0   0   0   0   0 |     CAG   4   4   4   4   4   4 |     CGG   1   1   1   1   1   1
--------------------------------------------------------------------------------------------------------------------------------------
Ile ATT   4   4   4   4   4   4 | Thr ACT   1   1   1   1   1   1 | Asn AAT   1   0   1   1   2   1 | Ser AGT   0   0   0   0   0   0
    ATC   2   2   2   2   2   2 |     ACC   2   2   2   2   2   2 |     AAC   2   3   2   2   1   2 |     AGC   1   1   1   1   1   1
    ATA   0   0   0   0   0   0 |     ACA   0   0   0   0   0   0 | Lys AAA   3   3   3   4   3   3 | Arg AGA   1   1   1   1   1   1
Met ATG   0   0   0   0   0   0 |     ACG   0   0   0   0   0   0 |     AAG   4   4   4   3   4   4 |     AGG   1   1   1   1   1   1
--------------------------------------------------------------------------------------------------------------------------------------
Val GTT   1   2   2   3   2   1 | Ala GCT   2   2   2   2   2   2 | Asp GAT   3   3   3   2   3   3 | Gly GGT   0   0   0   0   0   0
    GTC   3   3   3   3   3   4 |     GCC   1   1   1   1   1   1 |     GAC   3   3   3   4   3   3 |     GGC   1   1   1   1   1   1
    GTA   2   2   2   1   2   2 |     GCA   0   0   0   0   0   0 | Glu GAA   3   3   3   3   3   3 |     GGA   1   2   2   2   2   2
    GTG   2   1   1   1   1   1 |     GCG   0   0   0   0   0   0 |     GAG   3   3   3   3   3   3 |     GGG   1   0   0   0   0   0
--------------------------------------------------------------------------------------------------------------------------------------

--------------------------------------------------------------------------------------------------------------------------------------
Phe TTT   1   1   1   1   1   1 | Ser TCT   1   1   1   1   1   1 | Tyr TAT   0   0   0   0   1   0 | Cys TGT   0   0   0   0   0   0
    TTC   0   0   0   0   0   0 |     TCC   0   0   0   0   0   0 |     TAC   1   1   1   1   0   1 |     TGC   0   0   0   0   0   0
Leu TTA   2   2   2   2   2   2 |     TCA   1   1   1   1   1   1 | *** TAA   0   0   0   0   0   0 | *** TGA   0   0   0   0   0   0
    TTG   1   1   1   1   1   1 |     TCG   0   0   0   0   0   0 |     TAG   0   0   0   0   0   0 | Trp TGG   2   2   2   2   2   2
--------------------------------------------------------------------------------------------------------------------------------------
Leu CTT   3   3   3   3   3   3 | Pro CCT   2   2   2   2   1   2 | His CAT   1   1   1   1   1   1 | Arg CGT   0   0   0   0   0   0
    CTC   0   0   0   0   0   0 |     CCC   0   0   0   0   1   0 |     CAC   0   0   0   0   0   0 |     CGC   0   0   0   0   0   0
    CTA   0   2   0   0   0   0 |     CCA   0   0   0   0   0   0 | Gln CAA   2   2   2   2   2   2 |     CGA   0   0   0   0   0   0
    CTG   5   3   5   5   5   5 |     CCG   0   0   0   0   0   0 |     CAG   4   4   4   4   4   4 |     CGG   1   1   1   1   1   1
--------------------------------------------------------------------------------------------------------------------------------------
Ile ATT   4   3   4   4   4   4 | Thr ACT   1   1   1   1   1   1 | Asn AAT   0   1   1   2   1   1 | Ser AGT   0   0   0   0   0   0
    ATC   2   3   2   2   2   2 |     ACC   2   2   2   2   2   2 |     AAC   3   2   2   1   2   2 |     AGC   1   1   1   1   1   1
    ATA   0   0   0   0   0   0 |     ACA   0   0   0   0   0   0 | Lys AAA   3   3   3   3   3   3 | Arg AGA   1   1   1   1   1   1
Met ATG   0   0   0   0   0   0 |     ACG   0   0   0   0   0   0 |     AAG   4   4   4   4   4   4 |     AGG   1   1   1   1   1   1
--------------------------------------------------------------------------------------------------------------------------------------
Val GTT   2   2   2   2   1   3 | Ala GCT   2   2   2   2   2   2 | Asp GAT   3   3   3   3   3   2 | Gly GGT   0   0   0   0   0   0
    GTC   3   3   3   3   4   3 |     GCC   1   1   1   1   1   1 |     GAC   3   3   3   3   3   4 |     GGC   1   1   1   1   1   1
    GTA   2   3   2   2   2   2 |     GCA   0   0   0   0   0   0 | Glu GAA   3   3   3   3   3   3 |     GGA   2   2   2   2   2   2
    GTG   1   0   1   1   1   0 |     GCG   0   0   0   0   0   0 |     GAG   3   3   3   3   3   3 |     GGG   0   0   0   0   0   0
--------------------------------------------------------------------------------------------------------------------------------------

--------------------------------------------------------------------------------------------------------------------------------------
Phe TTT   1   1   1   1   1   1 | Ser TCT   1   1   1   1   1   1 | Tyr TAT   0   0   0   1   0   1 | Cys TGT   0   0   0   0   0   0
    TTC   0   0   0   0   0   0 |     TCC   0   0   0   0   0   0 |     TAC   1   1   1   0   1   0 |     TGC   0   0   0   0   0   0
Leu TTA   2   2   2   2   1   2 |     TCA   1   1   1   1   1   1 | *** TAA   0   0   0   0   0   0 | *** TGA   0   0   0   0   0   0
    TTG   1   1   1   2   2   1 |     TCG   0   0   0   0   0   0 |     TAG   0   0   0   0   0   0 | Trp TGG   2   2   2   2   2   2
--------------------------------------------------------------------------------------------------------------------------------------
Leu CTT   3   3   3   3   3   3 | Pro CCT   2   2   2   2   2   2 | His CAT   1   1   1   1   1   1 | Arg CGT   0   0   0   0   0   0
    CTC   0   0   0   0   0   0 |     CCC   0   0   0   0   0   0 |     CAC   0   0   0   0   0   0 |     CGC   0   0   0   0   0   0
    CTA   0   0   0   0   0   0 |     CCA   0   0   0   0   0   0 | Gln CAA   2   2   2   2   3   2 |     CGA   0   0   0   0   0   0
    CTG   5   5   5   4   5   5 |     CCG   0   0   0   0   0   0 |     CAG   4   4   4   4   3   4 |     CGG   1   1   1   1   1   1
--------------------------------------------------------------------------------------------------------------------------------------
Ile ATT   4   4   4   4   4   4 | Thr ACT   1   1   1   1   1   1 | Asn AAT   1   1   1   3   2   0 | Ser AGT   0   0   0   0   0   0
    ATC   2   2   2   2   2   2 |     ACC   2   2   2   2   2   2 |     AAC   2   2   2   0   1   3 |     AGC   1   1   1   1   1   1
    ATA   0   0   0   0   0   0 |     ACA   0   0   0   0   0   0 | Lys AAA   3   3   3   3   3   3 | Arg AGA   1   1   1   1   1   1
Met ATG   0   0   0   0   0   0 |     ACG   0   0   0   0   0   0 |     AAG   4   4   4   4   4   4 |     AGG   1   1   1   1   1   1
--------------------------------------------------------------------------------------------------------------------------------------
Val GTT   2   2   2   2   3   2 | Ala GCT   2   2   2   2   2   2 | Asp GAT   3   3   3   3   2   3 | Gly GGT   0   0   0   0   0   0
    GTC   3   3   3   3   3   3 |     GCC   1   1   1   1   1   1 |     GAC   3   3   3   3   4   3 |     GGC   1   1   1   1   1   1
    GTA   2   2   2   2   2   2 |     GCA   0   0   0   0   0   0 | Glu GAA   3   3   3   3   4   3 |     GGA   2   2   2   2   2   2
    GTG   1   1   1   1   0   1 |     GCG   0   0   0   0   0   0 |     GAG   3   3   3   3   2   3 |     GGG   0   0   0   0   0   0
--------------------------------------------------------------------------------------------------------------------------------------

--------------------------------------------------------------------------------------------------------------------------------------
Phe TTT   1   1   1   1   1   1 | Ser TCT   1   1   1   1   1   1 | Tyr TAT   1   1   0   0   0   1 | Cys TGT   0   0   0   0   0   0
    TTC   0   0   0   0   0   0 |     TCC   0   0   0   0   0   0 |     TAC   0   0   1   1   1   0 |     TGC   0   0   0   0   0   0
Leu TTA   2   2   2   2   2   2 |     TCA   1   1   1   1   1   1 | *** TAA   0   0   0   0   0   0 | *** TGA   0   0   0   0   0   0
    TTG   1   1   1   1   1   2 |     TCG   0   0   0   0   0   0 |     TAG   0   0   0   0   0   0 | Trp TGG   2   2   2   2   2   2
--------------------------------------------------------------------------------------------------------------------------------------
Leu CTT   3   3   3   3   3   3 | Pro CCT   2   2   2   2   2   2 | His CAT   1   1   1   1   1   1 | Arg CGT   0   0   0   0   0   0
    CTC   1   1   0   0   0   0 |     CCC   0   0   0   0   0   0 |     CAC   0   0   0   0   0   0 |     CGC   0   0   0   0   0   0
    CTA   1   1   0   0   0   0 |     CCA   0   0   0   0   0   0 | Gln CAA   2   2   2   2   2   2 |     CGA   0   0   0   0   0   0
    CTG   3   3   5   5   5   4 |     CCG   0   0   0   0   0   0 |     CAG   4   4   4   4   4   4 |     CGG   1   1   1   1   1   1
--------------------------------------------------------------------------------------------------------------------------------------
Ile ATT   4   4   4   4   4   4 | Thr ACT   1   1   1   1   1   1 | Asn AAT   2   1   0   1   1   2 | Ser AGT   0   0   0   0   0   0
    ATC   2   2   2   2   2   2 |     ACC   2   2   2   2   2   2 |     AAC   1   2   3   2   2   1 |     AGC   1   1   1   1   1   1
    ATA   0   0   0   0   0   0 |     ACA   0   0   0   0   0   0 | Lys AAA   3   3   3   3   3   3 | Arg AGA   1   1   1   1   1   1
Met ATG   0   0   0   0   0   0 |     ACG   0   0   0   0   0   0 |     AAG   4   4   4   4   4   4 |     AGG   1   1   1   1   1   1
--------------------------------------------------------------------------------------------------------------------------------------
Val GTT   1   1   2   3   2   2 | Ala GCT   2   2   2   2   2   2 | Asp GAT   3   3   3   2   3   3 | Gly GGT   0   0   0   0   0   0
    GTC   4   4   3   3   3   3 |     GCC   1   1   1   1   1   1 |     GAC   3   3   3   4   3   3 |     GGC   1   1   1   1   1   1
    GTA   2   2   2   2   2   2 |     GCA   0   0   0   0   0   0 | Glu GAA   3   3   3   3   3   3 |     GGA   2   2   2   2   2   2
    GTG   1   1   1   0   1   1 |     GCG   0   0   0   0   0   0 |     GAG   3   3   3   3   3   3 |     GGG   0   0   0   0   0   0
--------------------------------------------------------------------------------------------------------------------------------------

--------------------------------------------------------------------------------------------------------------------------------------
Phe TTT   1   1   1   1   0   1 | Ser TCT   1   1   1   1   1   1 | Tyr TAT   0   1   0   0   0   0 | Cys TGT   0   0   0   0   0   0
    TTC   0   0   0   0   1   0 |     TCC   0   0   0   0   0   0 |     TAC   1   0   1   1   1   1 |     TGC   0   0   0   0   0   0
Leu TTA   2   2   2   2   2   2 |     TCA   1   1   1   1   1   1 | *** TAA   0   0   0   0   0   0 | *** TGA   0   0   0   0   0   0
    TTG   2   2   1   1   1   1 |     TCG   0   0   0   0   0   0 |     TAG   0   0   0   0   0   0 | Trp TGG   2   2   2   2   2   2
--------------------------------------------------------------------------------------------------------------------------------------
Leu CTT   3   3   4   3   3   3 | Pro CCT   2   2   2   2   2   2 | His CAT   1   1   1   1   1   1 | Arg CGT   0   0   0   0   0   0
    CTC   0   0   2   0   0   0 |     CCC   0   0   0   0   0   0 |     CAC   0   0   0   0   0   0 |     CGC   0   0   0   0   0   0
    CTA   0   0   0   0   1   0 |     CCA   0   0   0   0   0   0 | Gln CAA   1   2   2   2   2   2 |     CGA   0   0   0   0   0   0
    CTG   4   4   2   5   4   5 |     CCG   0   0   0   0   0   0 |     CAG   5   4   4   4   4   4 |     CGG   1   1   1   1   1   1
--------------------------------------------------------------------------------------------------------------------------------------
Ile ATT   4   4   4   4   4   4 | Thr ACT   1   1   1   1   1   1 | Asn AAT   1   2   1   1   2   1 | Ser AGT   0   0   0   0   0   0
    ATC   2   2   2   2   2   2 |     ACC   2   2   2   2   2   2 |     AAC   2   1   2   2   1   2 |     AGC   1   1   1   1   1   1
    ATA   0   0   0   0   0   0 |     ACA   0   0   0   0   0   0 | Lys AAA   3   3   3   3   3   3 | Arg AGA   1   1   1   1   1   1
Met ATG   0   0   0   0   0   0 |     ACG   0   0   0   0   0   0 |     AAG   4   4   4   4   4   4 |     AGG   1   1   1   1   1   1
--------------------------------------------------------------------------------------------------------------------------------------
Val GTT   3   2   1   2   1   2 | Ala GCT   2   2   2   2   2   2 | Asp GAT   2   3   3   3   2   3 | Gly GGT   0   0   0   0   0   0
    GTC   3   3   4   3   4   3 |     GCC   1   1   1   1   0   1 |     GAC   4   3   3   3   4   3 |     GGC   1   1   1   1   1   1
    GTA   2   2   2   2   1   2 |     GCA   0   0   0   0   1   0 | Glu GAA   3   3   3   3   4   3 |     GGA   2   2   2   2   2   2
    GTG   0   1   1   1   2   1 |     GCG   0   0   0   0   0   0 |     GAG   3   3   3   3   2   3 |     GGG   0   0   0   0   0   0
--------------------------------------------------------------------------------------------------------------------------------------

--------------------------------------------------------------------------------------------------------------------------------------
Phe TTT   1   1   1   1   1   1 | Ser TCT   1   1   1   1   1   1 | Tyr TAT   0   0   0   1   0   1 | Cys TGT   0   0   0   0   0   0
    TTC   0   0   0   0   0   0 |     TCC   0   0   0   0   0   0 |     TAC   1   1   1   0   1   0 |     TGC   0   0   0   0   0   0
Leu TTA   2   2   2   2   2   2 |     TCA   1   1   1   1   1   1 | *** TAA   0   0   0   0   0   0 | *** TGA   0   0   0   0   0   0
    TTG   2   1   1   1   1   1 |     TCG   0   0   0   0   0   0 |     TAG   0   0   0   0   0   0 | Trp TGG   2   2   2   2   2   2
--------------------------------------------------------------------------------------------------------------------------------------
Leu CTT   3   3   3   3   3   3 | Pro CCT   2   2   2   2   2   2 | His CAT   1   1   1   0   1   1 | Arg CGT   0   0   0   0   0   0
    CTC   0   0   0   0   0   1 |     CCC   0   0   0   0   0   0 |     CAC   0   0   0   1   0   0 |     CGC   0   0   0   0   0   0
    CTA   0   0   0   0   0   1 |     CCA   0   0   0   0   0   0 | Gln CAA   2   2   2   2   2   2 |     CGA   0   0   0   0   1   0
    CTG   4   5   5   5   5   3 |     CCG   0   0   0   0   0   0 |     CAG   4   4   4   4   4   4 |     CGG   1   1   1   1   1   1
--------------------------------------------------------------------------------------------------------------------------------------
Ile ATT   4   4   4   4   4   4 | Thr ACT   1   1   1   1   1   1 | Asn AAT   2   1   0   1   2   1 | Ser AGT   0   0   0   0   0   0
    ATC   2   2   2   2   2   2 |     ACC   2   2   2   2   2   2 |     AAC   1   2   3   2   1   2 |     AGC   1   1   1   1   1   1
    ATA   0   0   0   0   0   0 |     ACA   0   0   0   0   0   0 | Lys AAA   3   3   3   3   3   3 | Arg AGA   1   1   1   1   0   1
Met ATG   0   0   0   0   0   0 |     ACG   0   0   0   0   0   0 |     AAG   4   4   4   4   4   4 |     AGG   1   1   1   1   1   1
--------------------------------------------------------------------------------------------------------------------------------------
Val GTT   2   2   2   2   3   1 | Ala GCT   2   2   2   2   2   2 | Asp GAT   3   2   3   3   2   3 | Gly GGT   0   0   0   0   0   0
    GTC   3   3   3   3   3   4 |     GCC   1   1   1   1   1   1 |     GAC   3   4   3   3   4   3 |     GGC   1   1   1   1   1   1
    GTA   2   2   2   2   2   2 |     GCA   0   0   0   0   0   0 | Glu GAA   3   3   3   3   3   3 |     GGA   2   2   2   2   2   2
    GTG   1   1   1   1   0   1 |     GCG   0   0   0   0   0   0 |     GAG   3   3   3   3   3   3 |     GGG   0   0   0   0   0   0
--------------------------------------------------------------------------------------------------------------------------------------

--------------------------------------------------------------------------------------------------------------------------------------
Phe TTT   1   1   1   1   1   1 | Ser TCT   1   1   1   1   1   1 | Tyr TAT   1   0   0   1   0   1 | Cys TGT   0   0   0   0   0   0
    TTC   0   0   0   0   0   0 |     TCC   0   0   0   0   0   0 |     TAC   0   1   1   0   1   0 |     TGC   0   0   0   0   0   0
Leu TTA   2   2   2   2   2   2 |     TCA   1   1   1   1   1   1 | *** TAA   0   0   0   0   0   0 | *** TGA   0   0   0   0   0   0
    TTG   1   1   1   1   1   1 |     TCG   0   0   0   0   0   0 |     TAG   0   0   0   0   0   0 | Trp TGG   2   2   2   2   2   2
--------------------------------------------------------------------------------------------------------------------------------------
Leu CTT   3   3   3   3   2   3 | Pro CCT   2   2   2   2   2   2 | His CAT   1   1   1   1   1   1 | Arg CGT   0   0   0   0   0   0
    CTC   1   0   1   1   0   0 |     CCC   0   0   0   0   0   0 |     CAC   0   0   0   0   0   0 |     CGC   0   0   0   0   0   0
    CTA   1   0   1   1   1   0 |     CCA   0   0   0   0   0   0 | Gln CAA   2   2   2   2   2   3 |     CGA   0   0   0   0   0   0
    CTG   3   5   3   3   5   5 |     CCG   0   0   0   0   0   0 |     CAG   4   4   4   4   4   3 |     CGG   1   1   1   1   1   1
--------------------------------------------------------------------------------------------------------------------------------------
Ile ATT   4   4   4   4   4   4 | Thr ACT   1   1   1   1   1   1 | Asn AAT   1   1   1   0   1   1 | Ser AGT   0   0   0   0   0   0
    ATC   2   2   2   2   2   2 |     ACC   2   2   2   2   2   2 |     AAC   2   2   2   3   2   2 |     AGC   1   1   1   1   1   1
    ATA   0   0   0   0   0   0 |     ACA   0   0   0   0   0   0 | Lys AAA   3   3   3   3   3   3 | Arg AGA   1   1   1   1   1   1
Met ATG   0   0   0   0   0   0 |     ACG   0   0   0   0   0   0 |     AAG   4   4   4   4   4   4 |     AGG   1   1   1   1   1   1
--------------------------------------------------------------------------------------------------------------------------------------
Val GTT   1   3   1   1   2   2 | Ala GCT   2   2   2   2   2   2 | Asp GAT   3   2   3   3   2   3 | Gly GGT   0   0   0   0   0   0
    GTC   4   3   4   4   3   3 |     GCC   1   1   1   1   1   1 |     GAC   3   4   3   3   4   3 |     GGC   1   1   1   1   1   1
    GTA   2   2   2   2   2   2 |     GCA   0   0   0   0   0   0 | Glu GAA   3   3   3   3   3   3 |     GGA   2   2   2   2   2   2
    GTG   1   0   1   1   1   1 |     GCG   0   0   0   0   0   0 |     GAG   3   3   3   3   3   3 |     GGG   0   0   0   0   0   0
--------------------------------------------------------------------------------------------------------------------------------------

--------------------------------------------------------------------------------------------------------------------------------------
Phe TTT   1   1   1   2   1   1 | Ser TCT   1   1   1   1   1   1 | Tyr TAT   0   0   0   0   1   1 | Cys TGT   0   0   0   0   0   0
    TTC   0   0   0   0   0   0 |     TCC   0   0   0   0   0   0 |     TAC   1   1   1   1   0   0 |     TGC   0   0   0   0   0   0
Leu TTA   2   1   2   2   2   2 |     TCA   1   1   1   1   1   1 | *** TAA   0   0   0   0   0   0 | *** TGA   0   0   0   0   0   0
    TTG   1   2   1   1   2   2 |     TCG   0   0   0   0   0   0 |     TAG   0   0   0   0   0   0 | Trp TGG   2   2   2   2   2   2
--------------------------------------------------------------------------------------------------------------------------------------
Leu CTT   3   3   2   2   3   3 | Pro CCT   2   2   2   2   2   2 | His CAT   1   1   1   1   1   1 | Arg CGT   0   0   0   0   0   0
    CTC   0   0   1   0   0   0 |     CCC   0   0   0   0   0   0 |     CAC   0   0   0   0   0   0 |     CGC   0   0   0   0   0   0
    CTA   0   0   0   0   0   0 |     CCA   0   0   0   0   0   0 | Gln CAA   2   2   2   2   2   2 |     CGA   0   0   0   0   0   0
    CTG   5   5   5   5   4   4 |     CCG   0   0   0   0   0   0 |     CAG   4   4   4   4   4   4 |     CGG   1   1   1   1   1   1
--------------------------------------------------------------------------------------------------------------------------------------
Ile ATT   4   4   4   3   4   4 | Thr ACT   1   1   1   1   1   1 | Asn AAT   1   2   1   1   2   2 | Ser AGT   0   0   0   0   0   0
    ATC   2   2   2   3   2   2 |     ACC   2   2   1   2   2   2 |     AAC   2   1   2   2   1   1 |     AGC   1   1   1   1   1   1
    ATA   0   0   0   0   0   0 |     ACA   0   0   0   0   0   0 | Lys AAA   3   3   3   3   3   3 | Arg AGA   1   1   1   1   1   1
Met ATG   0   0   0   0   0   0 |     ACG   0   0   0   0   0   0 |     AAG   4   4   3   4   4   4 |     AGG   1   1   2   1   1   1
--------------------------------------------------------------------------------------------------------------------------------------
Val GTT   3   2   2   1   2   2 | Ala GCT   1   2   2   2   2   2 | Asp GAT   2   3   3   2   3   3 | Gly GGT   0   0   0   0   0   0
    GTC   3   3   3   4   3   3 |     GCC   2   1   2   1   1   1 |     GAC   4   3   3   4   3   3 |     GGC   1   1   1   1   1   1
    GTA   2   2   2   2   2   2 |     GCA   0   0   0   0   0   0 | Glu GAA   3   3   3   3   3   3 |     GGA   2   2   2   2   2   2
    GTG   0   1   1   1   1   1 |     GCG   0   0   0   0   0   0 |     GAG   3   3   3   3   3   3 |     GGG   0   0   0   0   0   0
--------------------------------------------------------------------------------------------------------------------------------------

Codon position x base (3x4) table for each sequence.

#1: Argali         
position  1:    T:0.12000    C:0.24000    A:0.29333    G:0.34667
position  2:    T:0.34667    C:0.13333    A:0.40000    G:0.12000
position  3:    T:0.26667    C:0.22667    A:0.21333    G:0.29333
Average         T:0.24444    C:0.20000    A:0.30222    G:0.25333

#2: LesserMouseDeer
position  1:    T:0.12000    C:0.24000    A:0.29333    G:0.34667
position  2:    T:0.34667    C:0.13333    A:0.40000    G:0.12000
position  3:    T:0.25333    C:0.22667    A:0.16000    G:0.36000
Average         T:0.24000    C:0.20000    A:0.28444    G:0.27556

#3: LesserKudu     
position  1:    T:0.13333    C:0.22667    A:0.29333    G:0.34667
position  2:    T:0.34667    C:0.13333    A:0.40000    G:0.12000
position  3:    T:0.30667    C:0.18667    A:0.21333    G:0.29333
Average         T:0.26222    C:0.18222    A:0.30222    G:0.25333

#4: ForestMuskDeer2
position  1:    T:0.12000    C:0.24000    A:0.29333    G:0.34667
position  2:    T:0.34667    C:0.13333    A:0.40000    G:0.12000
position  3:    T:0.24000    C:0.25333    A:0.21333    G:0.29333
Average         T:0.23556    C:0.20889    A:0.30222    G:0.25333

#5: Camel          
position  1:    T:0.12000    C:0.22667    A:0.30667    G:0.34667
position  2:    T:0.34667    C:0.13333    A:0.40000    G:0.12000
position  3:    T:0.24000    C:0.25333    A:0.18667    G:0.32000
Average         T:0.23556    C:0.20444    A:0.29778    G:0.26222

#6: KillerWhale    
position  1:    T:0.12000    C:0.22667    A:0.30667    G:0.34667
position  2:    T:0.34667    C:0.13333    A:0.40000    G:0.12000
position  3:    T:0.29333    C:0.20000    A:0.20000    G:0.30667
Average         T:0.25333    C:0.18667    A:0.30222    G:0.25778

#7: DefassaWaterbuck
position  1:    T:0.12000    C:0.24000    A:0.29333    G:0.34667
position  2:    T:0.34667    C:0.13333    A:0.40000    G:0.12000
position  3:    T:0.28000    C:0.20000    A:0.18667    G:0.33333
Average         T:0.24889    C:0.19111    A:0.29333    G:0.26667

#8: Sheep          
position  1:    T:0.12000    C:0.24000    A:0.29333    G:0.34667
position  2:    T:0.34667    C:0.13333    A:0.40000    G:0.12000
position  3:    T:0.26667    C:0.22667    A:0.21333    G:0.29333
Average         T:0.24444    C:0.20000    A:0.30222    G:0.25333

#9: MaxwellsDuiker 
position  1:    T:0.12000    C:0.24000    A:0.29333    G:0.34667
position  2:    T:0.34667    C:0.13333    A:0.40000    G:0.12000
position  3:    T:0.28000    C:0.21333    A:0.21333    G:0.29333
Average         T:0.24889    C:0.19556    A:0.30222    G:0.25333

#10: GazellaPrzewalskyi
position  1:    T:0.12000    C:0.24000    A:0.29333    G:0.34667
position  2:    T:0.34667    C:0.13333    A:0.40000    G:0.12000
position  3:    T:0.28000    C:0.22667    A:0.21333    G:0.28000
Average         T:0.24889    C:0.20000    A:0.30222    G:0.24889

#11: MountainNyala  
position  1:    T:0.13333    C:0.22667    A:0.29333    G:0.34667
position  2:    T:0.34667    C:0.13333    A:0.40000    G:0.12000
position  3:    T:0.30667    C:0.18667    A:0.21333    G:0.29333
Average         T:0.26222    C:0.18222    A:0.30222    G:0.25333

#12: MuntiacusMuntjak
position  1:    T:0.12000    C:0.24000    A:0.29333    G:0.34667
position  2:    T:0.34667    C:0.13333    A:0.40000    G:0.12000
position  3:    T:0.26667    C:0.24000    A:0.22667    G:0.26667
Average         T:0.24444    C:0.20444    A:0.30667    G:0.24444

#13: goat           
position  1:    T:0.12000    C:0.24000    A:0.29333    G:0.34667
position  2:    T:0.34667    C:0.13333    A:0.40000    G:0.12000
position  3:    T:0.26667    C:0.22667    A:0.21333    G:0.29333
Average         T:0.24444    C:0.20000    A:0.30222    G:0.25333

#14: AfricanBuffalo 
position  1:    T:0.12000    C:0.24000    A:0.29333    G:0.34667
position  2:    T:0.34667    C:0.13333    A:0.40000    G:0.12000
position  3:    T:0.26667    C:0.22667    A:0.25333    G:0.25333
Average         T:0.24444    C:0.20000    A:0.31556    G:0.24000

#15: Topi           
position  1:    T:0.12000    C:0.24000    A:0.29333    G:0.34667
position  2:    T:0.34667    C:0.13333    A:0.40000    G:0.12000
position  3:    T:0.28000    C:0.21333    A:0.21333    G:0.29333
Average         T:0.24889    C:0.19556    A:0.30222    G:0.25333

#16: CommonDuiker   
position  1:    T:0.12000    C:0.24000    A:0.29333    G:0.34667
position  2:    T:0.34667    C:0.13333    A:0.40000    G:0.12000
position  3:    T:0.29333    C:0.20000    A:0.21333    G:0.29333
Average         T:0.25333    C:0.19111    A:0.30222    G:0.25333

#17: Suni           
position  1:    T:0.12000    C:0.24000    A:0.29333    G:0.34667
position  2:    T:0.34667    C:0.13333    A:0.40000    G:0.12000
position  3:    T:0.26667    C:0.22667    A:0.21333    G:0.29333
Average         T:0.24444    C:0.20000    A:0.30222    G:0.25333

#18: Springbuck     
position  1:    T:0.12000    C:0.24000    A:0.29333    G:0.34667
position  2:    T:0.34667    C:0.13333    A:0.40000    G:0.12000
position  3:    T:0.28000    C:0.22667    A:0.21333    G:0.28000
Average         T:0.24889    C:0.20000    A:0.30222    G:0.24889

#19: Okapi          
position  1:    T:0.12000    C:0.24000    A:0.29333    G:0.34667
position  2:    T:0.34667    C:0.13333    A:0.40000    G:0.12000
position  3:    T:0.28000    C:0.21333    A:0.21333    G:0.29333
Average         T:0.24889    C:0.19556    A:0.30222    G:0.25333

#20: Giraffe        
position  1:    T:0.12000    C:0.24000    A:0.29333    G:0.34667
position  2:    T:0.34667    C:0.13333    A:0.40000    G:0.12000
position  3:    T:0.28000    C:0.21333    A:0.21333    G:0.29333
Average         T:0.24889    C:0.19556    A:0.30222    G:0.25333

#21: TibetanAntelope
position  1:    T:0.12000    C:0.24000    A:0.29333    G:0.34667
position  2:    T:0.34667    C:0.13333    A:0.40000    G:0.12000
position  3:    T:0.28000    C:0.21333    A:0.21333    G:0.29333
Average         T:0.24889    C:0.19556    A:0.30222    G:0.25333

#22: Sitatunga      
position  1:    T:0.13333    C:0.22667    A:0.29333    G:0.34667
position  2:    T:0.34667    C:0.13333    A:0.40000    G:0.12000
position  3:    T:0.32000    C:0.17333    A:0.21333    G:0.29333
Average         T:0.26667    C:0.17778    A:0.30222    G:0.25333

#23: Oribi          
position  1:    T:0.12000    C:0.24000    A:0.29333    G:0.34667
position  2:    T:0.34667    C:0.13333    A:0.40000    G:0.12000
position  3:    T:0.29333    C:0.21333    A:0.22667    G:0.26667
Average         T:0.25333    C:0.19556    A:0.30667    G:0.24444

#24: BarbarySheep   
position  1:    T:0.12000    C:0.24000    A:0.29333    G:0.34667
position  2:    T:0.34667    C:0.13333    A:0.40000    G:0.12000
position  3:    T:0.28000    C:0.21333    A:0.21333    G:0.29333
Average         T:0.24889    C:0.19556    A:0.30222    G:0.25333

#25: Daviddeer      
position  1:    T:0.12000    C:0.24000    A:0.29333    G:0.34667
position  2:    T:0.34667    C:0.13333    A:0.40000    G:0.12000
position  3:    T:0.29333    C:0.21333    A:0.22667    G:0.26667
Average         T:0.25333    C:0.19556    A:0.30667    G:0.24444

#26: Reindeer       
position  1:    T:0.12000    C:0.24000    A:0.29333    G:0.34667
position  2:    T:0.34667    C:0.13333    A:0.40000    G:0.12000
position  3:    T:0.28000    C:0.22667    A:0.22667    G:0.26667
Average         T:0.24889    C:0.20000    A:0.30667    G:0.24444

#27: Ibex           
position  1:    T:0.12000    C:0.24000    A:0.29333    G:0.34667
position  2:    T:0.34667    C:0.13333    A:0.40000    G:0.12000
position  3:    T:0.26667    C:0.22667    A:0.21333    G:0.29333
Average         T:0.24444    C:0.20000    A:0.30222    G:0.25333

#28: GyrantGazelle  
position  1:    T:0.12000    C:0.24000    A:0.29333    G:0.34667
position  2:    T:0.34667    C:0.13333    A:0.40000    G:0.12000
position  3:    T:0.28000    C:0.22667    A:0.21333    G:0.28000
Average         T:0.24889    C:0.20000    A:0.30222    G:0.24889

#29: Hartebeest     
position  1:    T:0.12000    C:0.24000    A:0.29333    G:0.34667
position  2:    T:0.34667    C:0.13333    A:0.40000    G:0.12000
position  3:    T:0.28000    C:0.21333    A:0.21333    G:0.29333
Average         T:0.24889    C:0.19556    A:0.30222    G:0.25333

#30: Bongo          
position  1:    T:0.13333    C:0.22667    A:0.29333    G:0.34667
position  2:    T:0.34667    C:0.13333    A:0.40000    G:0.12000
position  3:    T:0.30667    C:0.18667    A:0.21333    G:0.29333
Average         T:0.26222    C:0.18222    A:0.30222    G:0.25333

#31: Gerenuk        
position  1:    T:0.13333    C:0.22667    A:0.29333    G:0.34667
position  2:    T:0.34667    C:0.13333    A:0.40000    G:0.12000
position  3:    T:0.28000    C:0.22667    A:0.20000    G:0.29333
Average         T:0.25333    C:0.19556    A:0.29778    G:0.25333

#32: CommonEland    
position  1:    T:0.13333    C:0.22667    A:0.29333    G:0.34667
position  2:    T:0.34667    C:0.13333    A:0.40000    G:0.12000
position  3:    T:0.30667    C:0.18667    A:0.21333    G:0.29333
Average         T:0.26222    C:0.18222    A:0.30222    G:0.25333

#33: MuntiacusReevesi
position  1:    T:0.12000    C:0.24000    A:0.29333    G:0.34667
position  2:    T:0.34667    C:0.13333    A:0.40000    G:0.12000
position  3:    T:0.28000    C:0.25333    A:0.21333    G:0.25333
Average         T:0.24889    C:0.20889    A:0.30222    G:0.24000

#34: HarveysDuiker  
position  1:    T:0.12000    C:0.24000    A:0.29333    G:0.34667
position  2:    T:0.34667    C:0.13333    A:0.40000    G:0.12000
position  3:    T:0.28000    C:0.21333    A:0.21333    G:0.29333
Average         T:0.24889    C:0.19556    A:0.30222    G:0.25333

#35: Pronghorn      
position  1:    T:0.12000    C:0.24000    A:0.29333    G:0.34667
position  2:    T:0.34667    C:0.13333    A:0.40000    G:0.12000
position  3:    T:0.25333    C:0.22667    A:0.24000    G:0.28000
Average         T:0.24000    C:0.20000    A:0.31111    G:0.24889

#36: BlueWildebeest 
position  1:    T:0.12000    C:0.24000    A:0.29333    G:0.34667
position  2:    T:0.34667    C:0.13333    A:0.40000    G:0.12000
position  3:    T:0.28000    C:0.21333    A:0.21333    G:0.29333
Average         T:0.24889    C:0.19556    A:0.30222    G:0.25333

#37: Gemsbok        
position  1:    T:0.13333    C:0.22667    A:0.29333    G:0.34667
position  2:    T:0.34667    C:0.13333    A:0.40000    G:0.12000
position  3:    T:0.29333    C:0.20000    A:0.21333    G:0.29333
Average         T:0.25778    C:0.18667    A:0.30222    G:0.25333

#38: Yak            
position  1:    T:0.12000    C:0.24000    A:0.29333    G:0.34667
position  2:    T:0.34667    C:0.13333    A:0.40000    G:0.12000
position  3:    T:0.26667    C:0.22667    A:0.21333    G:0.29333
Average         T:0.24444    C:0.20000    A:0.30222    G:0.25333

#39: BlueSheep      
position  1:    T:0.12000    C:0.24000    A:0.29333    G:0.34667
position  2:    T:0.34667    C:0.13333    A:0.40000    G:0.12000
position  3:    T:0.26667    C:0.22667    A:0.21333    G:0.29333
Average         T:0.24444    C:0.20000    A:0.30222    G:0.25333

#40: BohorReedbuck  
position  1:    T:0.12000    C:0.24000    A:0.29333    G:0.34667
position  2:    T:0.34667    C:0.13333    A:0.40000    G:0.12000
position  3:    T:0.28000    C:0.21333    A:0.21333    G:0.29333
Average         T:0.24889    C:0.19556    A:0.30222    G:0.25333

#41: KirksDik       
position  1:    T:0.12000    C:0.25333    A:0.28000    G:0.34667
position  2:    T:0.34667    C:0.13333    A:0.40000    G:0.12000
position  3:    T:0.29333    C:0.21333    A:0.21333    G:0.28000
Average         T:0.25333    C:0.20000    A:0.29778    G:0.24889

#42: RoeDeer        
position  1:    T:0.12000    C:0.24000    A:0.29333    G:0.34667
position  2:    T:0.34667    C:0.13333    A:0.40000    G:0.12000
position  3:    T:0.28000    C:0.22667    A:0.22667    G:0.26667
Average         T:0.24889    C:0.20000    A:0.30667    G:0.24444

#43: WhiteLippedDeer
position  1:    T:0.12000    C:0.24000    A:0.29333    G:0.34667
position  2:    T:0.34667    C:0.13333    A:0.40000    G:0.12000
position  3:    T:0.28000    C:0.22667    A:0.22667    G:0.26667
Average         T:0.24889    C:0.20000    A:0.30667    G:0.24444

#44: ThomsonGazelle 
position  1:    T:0.12000    C:0.24000    A:0.29333    G:0.34667
position  2:    T:0.34667    C:0.13333    A:0.40000    G:0.12000
position  3:    T:0.28000    C:0.22667    A:0.21333    G:0.28000
Average         T:0.24889    C:0.20000    A:0.30222    G:0.24889

#45: MuntiacusCrinifrons
position  1:    T:0.12000    C:0.24000    A:0.29333    G:0.34667
position  2:    T:0.34667    C:0.13333    A:0.40000    G:0.12000
position  3:    T:0.26667    C:0.24000    A:0.22667    G:0.26667
Average         T:0.24444    C:0.20444    A:0.30667    G:0.24444

#46: WhiteTailedDeer
position  1:    T:0.12000    C:0.24000    A:0.29333    G:0.34667
position  2:    T:0.34667    C:0.13333    A:0.40000    G:0.12000
position  3:    T:0.26667    C:0.24000    A:0.22667    G:0.26667
Average         T:0.24444    C:0.20444    A:0.30667    G:0.24444

#47: Cattle         
position  1:    T:0.12000    C:0.24000    A:0.29333    G:0.34667
position  2:    T:0.34667    C:0.13333    A:0.40000    G:0.12000
position  3:    T:0.25333    C:0.22667    A:0.22667    G:0.29333
Average         T:0.24000    C:0.20000    A:0.30667    G:0.25333

#48: RoyalAntelope  
position  1:    T:0.12000    C:0.24000    A:0.29333    G:0.34667
position  2:    T:0.34667    C:0.13333    A:0.40000    G:0.12000
position  3:    T:0.29333    C:0.20000    A:0.22667    G:0.28000
Average         T:0.25333    C:0.19111    A:0.30667    G:0.24889

#49: Steenbok       
position  1:    T:0.12000    C:0.24000    A:0.29333    G:0.34667
position  2:    T:0.34667    C:0.13333    A:0.40000    G:0.12000
position  3:    T:0.26667    C:0.24000    A:0.21333    G:0.28000
Average         T:0.24444    C:0.20444    A:0.30222    G:0.24889

#50: Impala         
position  1:    T:0.12000    C:0.24000    A:0.29333    G:0.34667
position  2:    T:0.34667    C:0.13333    A:0.40000    G:0.12000
position  3:    T:0.29333    C:0.20000    A:0.20000    G:0.30667
Average         T:0.25333    C:0.19111    A:0.29778    G:0.25778

#51: Klipspringer   
position  1:    T:0.12000    C:0.24000    A:0.28000    G:0.36000
position  2:    T:0.34667    C:0.13333    A:0.38667    G:0.13333
