1
52 1
Argali 0.000000 0.322100 0.080400 0.308100 0.049100 0.017700 0.061900 0.098700 0.062100 0.101900 0.048600 0.055300 0.086400 0.073900 0.112600 0.087200 0.105900 0.113200 0.049400 0.062100 0.091800 0.036600 0.069500 0.100100 0.060500 0.080900 0.093000 0.062100 0.086900 0.068100 0.090000 0.073400 0.112200 0.111000 0.055200 0.049400 0.067100 0.061400 0.079600 0.113600 0.069200 0.073800 0.108700 0.055300 0.049200 0.095700 0.092200 0.095700 0.095400 0.147500 0.074100 0.068000
LesserMous 0.322100 0.000000 0.325100 0.291300 0.294400 0.330000 0.293200 0.344300 0.329800 0.321300 0.350600 0.302000 0.324400 0.307700 0.324400 0.335100 0.320900 0.314100 0.330000 0.329800 0.345900 0.318200 0.280300 0.350200 0.364500 0.353500 0.342000 0.329800 0.341900 0.327900 0.309500 0.305800 0.338100 0.343700 0.300800 0.330500 0.339300 0.309100 0.329900 0.314300 0.280800 0.341600 0.312600 0.298700 0.337900 0.326400 0.348500 0.299000 0.332300 0.307200 0.334600 0.327100
LesserKudu 0.080400 0.325100 0.000000 0.266100 0.068900 0.086600 0.068700 0.105900 0.018000 0.108900 0.100600 0.036600 0.099600 0.094200 0.120400 0.107500 0.113200 0.120600 0.082100 0.017500 0.085600 0.075100 0.089800 0.120600 0.099500 0.101100 0.093300 0.018000 0.093900 0.011900 0.110900 0.093600 0.132900 0.111200 0.062100 0.055700 0.106700 0.081400 0.099700 0.134700 0.089800 0.080600 0.129800 0.087700 0.061800 0.103500 0.099800 0.103600 0.109200 0.169400 0.017300 0.018000
KillerWhal 0.308100 0.291300 0.266100 0.000000 0.262800 0.307600 0.296400 0.331300 0.287600 0.281000 0.300800 0.260800 0.291200 0.311300 0.300900 0.329900 0.309000 0.284200 0.306500 0.287600 0.304400 0.304500 0.275900 0.347700 0.296700 0.340200 0.308400 0.287600 0.310000 0.285900 0.287100 0.291500 0.334600 0.310600 0.269500 0.288200 0.299600 0.260200 0.316600 0.320500 0.276400 0.310000 0.290600 0.304600 0.295500 0.285300 0.335200 0.312200 0.327900 0.375900 0.292600 0.277300
DefassaWat 0.049100 0.294400 0.068900 0.262800 0.000000 0.055300 0.063200 0.100700 0.050300 0.063600 0.068200 0.043500 0.074900 0.062400 0.088000 0.089000 0.094800 0.088600 0.050400 0.050300 0.080500 0.043700 0.057700 0.102100 0.067900 0.082500 0.081600 0.050300 0.088600 0.056400 0.064700 0.074900 0.114500 0.099800 0.030800 0.037500 0.087800 0.012200 0.081200 0.102300 0.057400 0.062300 0.083600 0.069400 0.043700 0.084100 0.094100 0.070700 0.083900 0.136500 0.062500 0.056300
Sheep 0.017700 0.330000 0.086600 0.307600 0.055300 0.000000 0.068100 0.105000 0.068400 0.108400 0.054600 0.061400 0.092600 0.080100 0.119000 0.093500 0.112200 0.119600 0.055600 0.068400 0.098000 0.042800 0.075800 0.106400 0.066600 0.087100 0.099300 0.068400 0.093100 0.074300 0.096500 0.079600 0.118500 0.117200 0.061400 0.055600 0.073200 0.067500 0.085800 0.120000 0.075500 0.080000 0.115100 0.061500 0.061700 0.102100 0.098500 0.102200 0.101900 0.154000 0.080400 0.074200
MaxwellsDu 0.061900 0.293200 0.068700 0.296400 0.063200 0.068100 0.000000 0.087300 0.063100 0.090200 0.081700 0.043600 0.075100 0.037000 0.101500 0.075500 0.081300 0.088400 0.050200 0.063100 0.080400 0.056300 0.070700 0.088500 0.094000 0.069200 0.081700 0.063100 0.062300 0.069200 0.091600 0.036800 0.100500 0.087000 0.043500 0.050300 0.087900 0.075800 0.068100 0.102100 0.070700 0.062200 0.110500 0.056300 0.056500 0.084200 0.068200 0.070900 0.083500 0.150000 0.075300 0.069100
GazellaPrz 0.098700 0.344300 0.105900 0.331300 0.100700 0.105000 0.087300 0.000000 0.087500 0.128400 0.092600 0.093800 0.125800 0.099800 0.139200 0.073800 0.118400 0.139500 0.074500 0.087500 0.078600 0.093600 0.095300 0.099500 0.104600 0.067600 0.132800 0.087500 0.073500 0.087200 0.116600 0.099100 0.144900 0.124000 0.093700 0.087700 0.125100 0.113300 0.066600 0.126400 0.095400 0.060800 0.135300 0.080500 0.093900 0.136600 0.079400 0.122800 0.121700 0.174300 0.099500 0.087100
MountainNy 0.062100 0.329800 0.018000 0.287600 0.050300 0.068400 0.063100 0.087500 0.000000 0.090100 0.082100 0.030800 0.081300 0.075700 0.101800 0.088900 0.108000 0.115500 0.063400 0.000000 0.080500 0.056500 0.070900 0.101900 0.081100 0.082500 0.075000 0.000000 0.088600 0.006000 0.091700 0.075200 0.114400 0.106300 0.043600 0.037300 0.101500 0.062900 0.094500 0.116000 0.070900 0.062300 0.110700 0.069100 0.043500 0.098100 0.094500 0.098200 0.090300 0.150500 0.012000 0.012100
MuntiacusM 0.101900 0.321300 0.108900 0.281000 0.063600 0.108400 0.090200 0.128400 0.090100 0.000000 0.123000 0.083200 0.109300 0.102800 0.122900 0.096400 0.108500 0.102300 0.103300 0.090100 0.100800 0.096600 0.071200 0.102500 0.121600 0.110000 0.116300 0.090100 0.116200 0.096100 0.024100 0.115800 0.128500 0.134900 0.069800 0.090400 0.143300 0.076200 0.108400 0.102700 0.071200 0.088900 0.031000 0.076200 0.096800 0.126900 0.122100 0.112600 0.119100 0.158800 0.102400 0.096000
goat 0.048600 0.350600 0.100600 0.300800 0.068200 0.054600 0.081700 0.092600 0.082100 0.123000 0.000000 0.074800 0.106500 0.093900 0.119900 0.107600 0.113000 0.134300 0.056000 0.082100 0.111900 0.049200 0.089800 0.107200 0.011400 0.101100 0.113400 0.082100 0.107200 0.088100 0.111100 0.080200 0.133100 0.118100 0.074700 0.069000 0.029700 0.081000 0.086500 0.134800 0.089500 0.093800 0.130000 0.074900 0.075200 0.102900 0.112500 0.116800 0.102600 0.155000 0.094200 0.087900
AfricanBuf 0.055300 0.302000 0.036600 0.260800 0.043500 0.061400 0.043600 0.093800 0.030800 0.083200 0.074800 0.000000 0.074200 0.068500 0.094400 0.082000 0.087800 0.095000 0.056700 0.030800 0.073800 0.049900 0.064000 0.095100 0.074000 0.075600 0.080800 0.030800 0.068700 0.036800 0.084700 0.068200 0.107300 0.098900 0.035300 0.030900 0.081000 0.055900 0.074500 0.108800 0.063700 0.055700 0.103700 0.062700 0.037000 0.077100 0.074300 0.077100 0.083300 0.142900 0.042900 0.043200
Topi 0.086400 0.324400 0.099600 0.291200 0.074900 0.092600 0.075100 0.125800 0.081300 0.109300 0.106500 0.074200 0.000000 0.074100 0.099600 0.100700 0.126700 0.107000 0.088600 0.081300 0.092000 0.081500 0.089900 0.121000 0.118700 0.107800 0.017200 0.081300 0.113800 0.087300 0.097300 0.080200 0.112800 0.035300 0.042800 0.081500 0.126000 0.074300 0.119500 0.114400 0.089500 0.100300 0.109400 0.088100 0.087600 0.109600 0.119100 0.109700 0.088700 0.176600 0.093300 0.087500
CommonDuik 0.073900 0.307700 0.094200 0.311300 0.062400 0.080100 0.037000 0.099800 0.075700 0.102800 0.093900 0.068500 0.074100 0.000000 0.100200 0.088100 0.107000 0.100900 0.062800 0.075700 0.092700 0.068800 0.083500 0.101100 0.106000 0.081700 0.080600 0.075700 0.087700 0.081800 0.090800 0.036400 0.113100 0.085800 0.043000 0.062800 0.113200 0.074800 0.093500 0.101200 0.083100 0.074600 0.109600 0.068800 0.069100 0.110300 0.093200 0.083200 0.096300 0.163000 0.087800 0.081600
Suni 0.112600 0.324400 0.120400 0.300900 0.088000 0.119000 0.101500 0.139200 0.101800 0.122900 0.119900 0.094400 0.099600 0.100200 0.000000 0.127700 0.154300 0.148100 0.101900 0.101800 0.118200 0.108100 0.117300 0.148500 0.118500 0.135100 0.106300 0.101800 0.141200 0.107800 0.125100 0.112900 0.146600 0.124400 0.068000 0.102000 0.126100 0.087200 0.146700 0.148700 0.116800 0.113500 0.144000 0.114900 0.108300 0.137400 0.146200 0.137500 0.123000 0.190800 0.113900 0.107600
Springbuck 0.087200 0.335100 0.107500 0.329900 0.089000 0.093500 0.075500 0.073800 0.088900 0.096400 0.107600 0.082000 0.100700 0.088100 0.127700 0.000000 0.100600 0.107900 0.075800 0.088900 0.054500 0.081900 0.076900 0.081500 0.119900 0.042900 0.107500 0.088900 0.042600 0.095000 0.084300 0.087500 0.113400 0.112500 0.081900 0.075900 0.127300 0.101600 0.055000 0.094900 0.077000 0.036300 0.103100 0.049600 0.082100 0.124700 0.067700 0.110900 0.096100 0.163100 0.101100 0.094800
Okapi 0.105900 0.320900 0.113200 0.309000 0.094800 0.112200 0.081300 0.118400 0.108000 0.108500 0.113000 0.087800 0.126700 0.107000 0.154300 0.100600 0.000000 0.029900 0.094800 0.108000 0.118100 0.087600 0.075900 0.093300 0.125200 0.114000 0.133800 0.108000 0.106600 0.114000 0.096600 0.106300 0.118400 0.124900 0.100900 0.094900 0.132800 0.107400 0.086100 0.120200 0.076000 0.106500 0.115300 0.080800 0.101200 0.116700 0.112500 0.103100 0.109000 0.168600 0.120100 0.113800
Giraffe 0.113200 0.314100 0.120600 0.284200 0.088600 0.119600 0.088400 0.139500 0.115500 0.102300 0.134300 0.095000 0.107000 0.100900 0.148100 0.107900 0.029900 0.000000 0.102100 0.115500 0.112100 0.108100 0.083100 0.113900 0.146600 0.121500 0.113900 0.115500 0.114000 0.121500 0.090400 0.113700 0.125900 0.118800 0.094700 0.102200 0.140500 0.087800 0.106400 0.114100 0.083100 0.113800 0.109100 0.087800 0.108500 0.110400 0.119900 0.096800 0.130600 0.176900 0.127600 0.121300
TibetanAnt 0.049400 0.330000 0.082100 0.306500 0.050400 0.055600 0.050200 0.074500 0.063400 0.103300 0.056000 0.056700 0.088600 0.062800 0.101900 0.075800 0.094800 0.102100 0.000000 0.063400 0.080700 0.043700 0.070900 0.088900 0.068200 0.069400 0.095400 0.063400 0.068900 0.069500 0.091200 0.062400 0.114600 0.100600 0.056600 0.037600 0.075000 0.062900 0.068400 0.102500 0.071000 0.062400 0.110100 0.056500 0.043800 0.098200 0.081400 0.084600 0.097500 0.136400 0.075700 0.069400
Sitatunga 0.062100 0.329800 0.017500 0.287600 0.050300 0.068400 0.063100 0.087500 0.000000 0.090100 0.082100 0.030800 0.081300 0.075700 0.101800 0.088900 0.108000 0.115500 0.063400 0.000000 0.080500 0.056500 0.070900 0.101900 0.081100 0.082500 0.075000 0.000000 0.088600 0.006000 0.091700 0.075200 0.114400 0.106300 0.043600 0.037300 0.101500 0.062900 0.094500 0.116000 0.070900 0.062300 0.110700 0.069100 0.043500 0.098100 0.094500 0.098200 0.090300 0.150500 0.011800 0.012100
Oribi 0.091800 0.345900 0.085600 0.304400 0.080500 0.098000 0.080400 0.078600 0.080500 0.100800 0.111900 0.073800 0.092000 0.092700 0.118200 0.054500 0.118100 0.112100 0.080700 0.080500 0.000000 0.086600 0.095000 0.099200 0.110700 0.060900 0.098600 0.080500 0.066900 0.073500 0.102600 0.092100 0.131000 0.103600 0.073700 0.067500 0.131300 0.079900 0.072500 0.112600 0.095100 0.041900 0.121100 0.067400 0.073900 0.115100 0.072600 0.115400 0.114300 0.166600 0.079400 0.073300
BarbaryShe 0.036600 0.318200 0.075100 0.304500 0.043700 0.042800 0.056300 0.093600 0.056500 0.096600 0.049200 0.049900 0.081500 0.068800 0.108100 0.081900 0.087600 0.108100 0.043700 0.056500 0.086600 0.000000 0.063900 0.094900 0.061400 0.075500 0.088200 0.056500 0.081600 0.062600 0.084600 0.068400 0.107200 0.106500 0.049800 0.043700 0.068100 0.056100 0.074300 0.108500 0.063900 0.068400 0.103400 0.062600 0.049900 0.090800 0.087400 0.090800 0.090100 0.142500 0.068700 0.062500
Daviddeer 0.069500 0.280300 0.089800 0.275900 0.057700 0.075800 0.070700 0.095300 0.070900 0.071200 0.089800 0.064000 0.089900 0.083500 0.117300 0.076900 0.075900 0.083100 0.070900 0.070900 0.095000 0.063900 0.000000 0.069900 0.102300 0.090400 0.096800 0.070900 0.096600 0.077000 0.045500 0.082900 0.095500 0.115400 0.063900 0.071000 0.109600 0.070400 0.089000 0.083400 0.000100 0.083000 0.064500 0.057100 0.077400 0.078900 0.102600 0.092700 0.085200 0.131300 0.083200 0.076900
Reindeer 0.100100 0.350200 0.120600 0.347700 0.102100 0.106400 0.088500 0.099500 0.101900 0.102500 0.107200 0.095100 0.121000 0.101100 0.148500 0.081500 0.093300 0.113900 0.088900 0.101900 0.099200 0.094900 0.069900 0.000000 0.119400 0.094800 0.128000 0.101900 0.100800 0.107900 0.077100 0.100500 0.112700 0.119200 0.095000 0.088900 0.140600 0.114900 0.080300 0.087800 0.069900 0.087500 0.095800 0.049300 0.095200 0.124500 0.093500 0.110700 0.103000 0.170200 0.114000 0.107700
Ibex 0.060500 0.364500 0.099500 0.296700 0.067900 0.066600 0.094000 0.104600 0.081100 0.121600 0.011400 0.074000 0.118700 0.106000 0.118500 0.119900 0.125200 0.146600 0.068200 0.081100 0.110700 0.061400 0.102300 0.119400 0.000000 0.113400 0.125600 0.081100 0.119400 0.087100 0.123800 0.092200 0.145400 0.130100 0.073900 0.068300 0.041500 0.080100 0.098500 0.147100 0.101900 0.092700 0.142500 0.087100 0.074400 0.115300 0.124600 0.129300 0.115100 0.167400 0.093100 0.086900
GyrantGaze 0.080900 0.353500 0.101100 0.340200 0.082500 0.087100 0.069200 0.067600 0.082500 0.110000 0.101100 0.075600 0.107800 0.081700 0.135100 0.042900 0.114000 0.121500 0.069400 0.082500 0.060900 0.075500 0.090400 0.094800 0.113400 0.000000 0.114700 0.082500 0.049100 0.088500 0.098000 0.081200 0.127000 0.119600 0.075600 0.069500 0.120800 0.095200 0.061400 0.108300 0.090500 0.030300 0.116900 0.062500 0.075700 0.118100 0.061500 0.104300 0.103300 0.170600 0.094600 0.088400
Hartebeest 0.093000 0.342000 0.093300 0.308400 0.081600 0.099300 0.081700 0.132800 0.075000 0.116300 0.113400 0.080800 0.017200 0.080600 0.106300 0.107500 0.133800 0.113900 0.095400 0.075000 0.098600 0.088200 0.096800 0.128000 0.125600 0.114700 0.000000 0.075000 0.120700 0.080900 0.104300 0.093200 0.126300 0.041400 0.049100 0.088200 0.133000 0.080900 0.126400 0.128100 0.096400 0.107100 0.123100 0.094900 0.094400 0.116600 0.126000 0.116700 0.095500 0.184100 0.086900 0.081100
Bongo 0.062100 0.329800 0.018000 0.287600 0.050300 0.068400 0.063100 0.087500 0.000000 0.090100 0.082100 0.030800 0.081300 0.075700 0.101800 0.088900 0.108000 0.115500 0.063400 0.000000 0.080500 0.056500 0.070900 0.101900 0.081100 0.082500 0.075000 0.000000 0.088600 0.006000 0.091700 0.075200 0.114400 0.106300 0.043600 0.037300 0.101500 0.062900 0.094500 0.116000 0.070900 0.062300 0.110700 0.069100 0.043500 0.098100 0.094500 0.098200 0.090300 0.150500 0.011700 0.012100
Gerenuk 0.086900 0.341900 0.093900 0.310000 0.088600 0.093100 0.062300 0.073500 0.088600 0.116200 0.107200 0.068700 0.113800 0.087700 0.141200 0.042600 0.106600 0.114000 0.068900 0.088600 0.066900 0.081600 0.096600 0.100800 0.119400 0.049100 0.120700 0.088600 0.000000 0.094600 0.104200 0.087200 0.133000 0.125600 0.081600 0.075600 0.113400 0.101300 0.054800 0.114400 0.096600 0.042500 0.123100 0.068500 0.081800 0.110400 0.054900 0.096900 0.116100 0.176600 0.100700 0.094400
CommonElan 0.068100 0.327900 0.011900 0.285900 0.056400 0.074300 0.069200 0.087200 0.006000 0.096100 0.088100 0.036800 0.087300 0.081800 0.107800 0.095000 0.114000 0.121500 0.069500 0.006000 0.073500 0.062600 0.077000 0.107900 0.087100 0.088500 0.080900 0.006000 0.094600 0.000000 0.097900 0.081200 0.120300 0.112100 0.049700 0.043400 0.107600 0.068900 0.100400 0.122000 0.077100 0.068300 0.116800 0.075200 0.049500 0.104300 0.100500 0.104400 0.096400 0.156500 0.006000 0.005800
MuntiacusR 0.090000 0.309500 0.110900 0.287100 0.064700 0.096500 0.091600 0.116600 0.091700 0.024100 0.111100 0.084700 0.097300 0.090800 0.125100 0.084300 0.096600 0.090400 0.091200 0.091700 0.102600 0.084600 0.045500 0.077100 0.123800 0.098000 0.104300 0.091700 0.104200 0.097900 0.000000 0.103900 0.116700 0.123100 0.071000 0.092100 0.131500 0.077600 0.096500 0.077200 0.045500 0.090400 0.018700 0.064100 0.098600 0.100500 0.110300 0.100400 0.106900 0.154000 0.104200 0.097700
HarveysDui 0.073400 0.305800 0.093600 0.291500 0.074900 0.079600 0.036800 0.099100 0.075200 0.115800 0.080200 0.068200 0.080200 0.036400 0.112900 0.087500 0.106300 0.113700 0.062400 0.075200 0.092100 0.068400 0.082900 0.100500 0.092200 0.081200 0.093200 0.075200 0.087200 0.081200 0.103900 0.000000 0.099200 0.098200 0.055300 0.062400 0.099200 0.087400 0.092900 0.100700 0.082600 0.074100 0.109000 0.068300 0.068600 0.095900 0.092600 0.096100 0.095700 0.161900 0.087300 0.081100
Pronghorn 0.112200 0.338100 0.132900 0.334600 0.114500 0.118500 0.100500 0.144900 0.114400 0.128500 0.133100 0.107300 0.112800 0.113100 0.146600 0.113400 0.118400 0.125900 0.114600 0.114400 0.131000 0.107200 0.095500 0.112700 0.145400 0.127000 0.126300 0.114400 0.133000 0.120300 0.116700 0.099200 0.000000 0.144400 0.093800 0.114700 0.153000 0.127200 0.125300 0.126500 0.095500 0.119300 0.121600 0.100000 0.121000 0.151000 0.125300 0.137000 0.115300 0.182400 0.126400 0.120100
BlueWildeb 0.111000 0.343700 0.111200 0.310600 0.099800 0.117200 0.087000 0.124000 0.106300 0.134900 0.118100 0.098900 0.035300 0.085800 0.124400 0.112500 0.124900 0.118800 0.100600 0.106300 0.103600 0.106500 0.115400 0.119200 0.130100 0.119600 0.041400 0.106300 0.125600 0.112100 0.123100 0.098200 0.144400 0.000000 0.067200 0.093300 0.151100 0.099000 0.117700 0.132900 0.115000 0.112100 0.141700 0.100000 0.099500 0.135300 0.130800 0.121600 0.100500 0.202600 0.118100 0.112400
Gemsbok 0.055200 0.300800 0.062100 0.269500 0.030800 0.061400 0.043500 0.093700 0.043600 0.069800 0.074700 0.035300 0.042800 0.043000 0.068000 0.081900 0.100900 0.094700 0.056600 0.043600 0.073700 0.049800 0.063900 0.095000 0.073900 0.075600 0.049100 0.043600 0.081600 0.049700 0.071000 0.055300 0.093800 0.067200 0.000000 0.043700 0.093900 0.042100 0.087400 0.095100 0.063700 0.055600 0.089900 0.062600 0.049900 0.090400 0.087100 0.076900 0.076700 0.142800 0.055800 0.049600
Yak 0.049400 0.330500 0.055700 0.288200 0.037500 0.055600 0.050300 0.087700 0.037300 0.090400 0.069000 0.030900 0.081500 0.062800 0.102000 0.075900 0.094900 0.102200 0.037600 0.037300 0.067500 0.043700 0.071000 0.088900 0.068300 0.069500 0.088200 0.037300 0.075600 0.043400 0.092100 0.062400 0.114700 0.093300 0.043700 0.000000 0.088300 0.050000 0.068400 0.102600 0.071100 0.049600 0.111200 0.056500 0.006100 0.098300 0.081600 0.084700 0.090500 0.150800 0.049500 0.049800
BlueSheep 0.067100 0.339300 0.106700 0.299600 0.087800 0.073200 0.087900 0.125100 0.101500 0.143300 0.029700 0.081000 0.126000 0.113200 0.126100 0.127300 0.132800 0.140500 0.075000 0.101500 0.131300 0.068100 0.109600 0.140600 0.041500 0.120800 0.133000 0.101500 0.113400 0.107600 0.131500 0.099200 0.153000 0.151100 0.093900 0.088300 0.000000 0.100300 0.105700 0.127000 0.109200 0.113100 0.150400 0.094200 0.094500 0.109200 0.118600 0.122000 0.136600 0.175400 0.113600 0.107300
BohorReedb 0.061400 0.309100 0.081400 0.260200 0.012200 0.067500 0.075800 0.113300 0.062900 0.076200 0.081000 0.055900 0.074300 0.074800 0.087200 0.101600 0.107400 0.087800 0.062900 0.062900 0.079900 0.056100 0.070400 0.114900 0.080100 0.095200 0.080900 0.062900 0.101300 0.068900 0.077600 0.087400 0.127200 0.099000 0.042100 0.050000 0.100300 0.000000 0.093700 0.115000 0.070100 0.074700 0.096400 0.082000 0.056200 0.070000 0.106600 0.083500 0.096800 0.149500 0.075000 0.068800
KirksDik 0.079600 0.329900 0.099700 0.316600 0.081200 0.085800 0.068100 0.066600 0.094500 0.108400 0.086500 0.074500 0.119500 0.093500 0.146700 0.055000 0.086100 0.106400 0.068400 0.094500 0.072500 0.074300 0.089000 0.080300 0.098500 0.061400 0.126400 0.094500 0.054800 0.100400 0.096500 0.092900 0.125300 0.117700 0.087400 0.068400 0.105700 0.093700 0.000000 0.106700 0.089100 0.054700 0.115200 0.061600 0.074600 0.116300 0.060600 0.102700 0.115200 0.153800 0.106500 0.100300
RoeDeer 0.113600 0.314300 0.134700 0.320500 0.102300 0.120000 0.102100 0.126400 0.116000 0.102700 0.134800 0.108800 0.114400 0.101200 0.148700 0.094900 0.120200 0.114100 0.102500 0.116000 0.112600 0.108500 0.083400 0.087800 0.147100 0.108300 0.128100 0.116000 0.114400 0.122000 0.077200 0.100700 0.126500 0.132900 0.095100 0.102600 0.127000 0.115000 0.106700 0.000000 0.083400 0.100800 0.082600 0.075100 0.108900 0.139000 0.120300 0.124700 0.145200 0.192000 0.128100 0.121800
WhiteLippe 0.069200 0.280800 0.089800 0.276400 0.057400 0.075500 0.070700 0.095400 0.070900 0.071200 0.089500 0.063700 0.089500 0.083100 0.116800 0.077000 0.076000 0.083100 0.071000 0.070900 0.095100 0.063900 0.000100 0.069900 0.101900 0.090500 0.096400 0.070900 0.096600 0.077100 0.045500 0.082600 0.095500 0.115000 0.063700 0.071100 0.109200 0.070100 0.089100 0.083400 0.000000 0.083100 0.064600 0.057100 0.077500 0.078600 0.102200 0.092300 0.085300 0.131500 0.083300 0.076900
ThomsonGaz 0.073800 0.341600 0.080600 0.310000 0.062300 0.080000 0.062200 0.060800 0.062300 0.088900 0.093800 0.055700 0.100300 0.074600 0.113500 0.036300 0.106500 0.113800 0.062400 0.062300 0.041900 0.068400 0.083000 0.087500 0.092700 0.030300 0.107100 0.062300 0.042500 0.068300 0.090400 0.074100 0.119300 0.112100 0.055600 0.049600 0.113100 0.074700 0.054700 0.100800 0.083100 0.000000 0.109200 0.055600 0.055700 0.110200 0.054800 0.096700 0.095700 0.162200 0.074300 0.068100
MuntiacusC 0.108700 0.312600 0.129800 0.290600 0.083600 0.115100 0.110500 0.135300 0.110700 0.031000 0.130000 0.103700 0.109400 0.109600 0.144000 0.103100 0.115300 0.109100 0.110100 0.110700 0.121100 0.103400 0.064500 0.095800 0.142500 0.116900 0.123100 0.110700 0.123100 0.116800 0.018700 0.109000 0.121600 0.141700 0.089900 0.111200 0.150400 0.096400 0.115200 0.082600 0.064600 0.109200 0.000000 0.082900 0.117600 0.119800 0.129000 0.119700 0.126200 0.166100 0.123100 0.116600
WhiteTaile 0.055300 0.298700 0.087700 0.304600 0.069400 0.061500 0.056300 0.080500 0.069100 0.076200 0.074900 0.062700 0.088100 0.068800 0.114900 0.049600 0.080800 0.087800 0.056500 0.069100 0.067400 0.062600 0.057100 0.049300 0.087100 0.062500 0.094900 0.069100 0.068500 0.075200 0.064100 0.068300 0.100000 0.100000 0.062600 0.056500 0.094200 0.082000 0.061600 0.075100 0.057100 0.055600 0.082900 0.000000 0.062800 0.104300 0.074400 0.090700 0.096900 0.142500 0.081300 0.075000
Cattle 0.049200 0.337900 0.061800 0.295500 0.043700 0.061700 0.056500 0.093900 0.043500 0.096800 0.075200 0.037000 0.087600 0.069100 0.108300 0.082100 0.101200 0.108500 0.043800 0.043500 0.073900 0.049900 0.077400 0.095200 0.074400 0.075700 0.094400 0.043500 0.081800 0.049500 0.098600 0.068600 0.121000 0.099500 0.049900 0.006100 0.094500 0.056200 0.074600 0.108900 0.077500 0.055700 0.117600 0.062800 0.000000 0.104800 0.087800 0.091200 0.096900 0.157200 0.055600 0.056000
RoyalAntel 0.095700 0.326400 0.103500 0.285300 0.084100 0.102100 0.084200 0.136600 0.098100 0.126900 0.102900 0.077100 0.109600 0.110300 0.137400 0.124700 0.116700 0.110400 0.098200 0.098100 0.115100 0.090800 0.078900 0.124500 0.115300 0.118100 0.116600 0.098100 0.110400 0.104300 0.100500 0.095900 0.151000 0.135300 0.090400 0.098300 0.109200 0.070000 0.116300 0.139000 0.078600 0.110200 0.119800 0.104300 0.104800 0.000000 0.115900 0.106400 0.112800 0.174900 0.110500 0.104100
Steenbok 0.092200 0.348500 0.099800 0.335200 0.094100 0.098500 0.068200 0.079400 0.094500 0.122100 0.112500 0.074300 0.119100 0.093200 0.146200 0.067700 0.112500 0.119900 0.081400 0.094500 0.072600 0.087400 0.102600 0.093500 0.124600 0.061500 0.126000 0.094500 0.054900 0.100500 0.110300 0.092600 0.125300 0.130800 0.087100 0.081600 0.118600 0.106600 0.060600 0.120300 0.102200 0.054800 0.129000 0.074400 0.087800 0.115900 0.000000 0.089000 0.115600 0.175800 0.106500 0.100300
Impala 0.095700 0.299000 0.103600 0.312200 0.070700 0.102200 0.070900 0.122800 0.098200 0.112600 0.116800 0.077100 0.109700 0.083200 0.137500 0.110900 0.103100 0.096800 0.084600 0.098200 0.115400 0.090800 0.092700 0.110700 0.129300 0.104300 0.116700 0.098200 0.096900 0.104400 0.100400 0.096100 0.137000 0.121600 0.076900 0.084700 0.122000 0.083500 0.102700 0.124700 0.092300 0.096700 0.119700 0.090700 0.091200 0.106400 0.089000 0.000000 0.106100 0.153300 0.110600 0.104200
Klipspring 0.095400 0.332300 0.109200 0.327900 0.083900 0.101900 0.083500 0.121700 0.090300 0.119100 0.102600 0.083300 0.088700 0.096300 0.123000 0.096100 0.109000 0.130600 0.097500 0.090300 0.114300 0.090100 0.085200 0.103000 0.115100 0.103300 0.095500 0.090300 0.116100 0.096400 0.106900 0.095700 0.115300 0.100500 0.076700 0.090500 0.136600 0.096800 0.115200 0.145200 0.085300 0.095700 0.126200 0.096900 0.096900 0.112800 0.115600 0.106100 0.000000 0.166600 0.102600 0.089700
ForestMusk 0.147500 0.307200 0.169400 0.375900 0.136500 0.154000 0.150000 0.174300 0.150500 0.158800 0.155000 0.142900 0.176600 0.163000 0.190800 0.163100 0.168600 0.176900 0.136400 0.150500 0.166600 0.142500 0.131300 0.170200 0.167400 0.170600 0.184100 0.150500 0.176600 0.156500 0.154000 0.161900 0.182400 0.202600 0.142800 0.150800 0.175400 0.149500 0.153800 0.192000 0.131500 0.162200 0.166100 0.142500 0.157200 0.174900 0.175800 0.153300 0.166600 0.000000 0.162600 0.156200
Bushbuck 0.074100 0.334600 0.017300 0.292600 0.062500 0.080400 0.075300 0.099500 0.012000 0.102400 0.094200 0.042900 0.093300 0.087800 0.113900 0.101100 0.120100 0.127600 0.075700 0.011800 0.079400 0.068700 0.083200 0.114000 0.093100 0.094600 0.086900 0.011700 0.100700 0.006000 0.104200 0.087300 0.126400 0.118100 0.055800 0.049500 0.113600 0.075000 0.106500 0.128100 0.083300 0.074300 0.123100 0.081300 0.055600 0.110500 0.106500 0.110600 0.102600 0.162600 0.000000 0.012000
GreaterKud 0.068000 0.327100 0.018000 0.277300 0.056300 0.074200 0.069100 0.087100 0.012100 0.096000 0.087900 0.043200 0.087500 0.081600 0.107600 0.094800 0.113800 0.121300 0.069400 0.012100 0.073300 0.062500 0.076900 0.107700 0.086900 0.088400 0.081100 0.012100 0.094400 0.005800 0.097700 0.081100 0.120100 0.112400 0.049600 0.049800 0.107300 0.068800 0.100300 0.121800 0.076900 0.068100 0.116600 0.075000 0.056000 0.104100 0.100300 0.104200 0.089700 0.156200 0.012000 0.000000
