CODONML (in paml version 4.10.7, June 2023)  /home/rachel/ruminants_paml/6406-phy-tree/ENSBTAT00000024300.fasta.phy
Model: free dN/dS Ratios for branches,  kappa = 2.000 fixed

Codon frequency model: F3x4
ns =  54  ls =  43

Codon usage in sequences
--------------------------------------------------------------------------------------------------------------------------------------
Phe TTT   1   1   1   1   1   1 | Ser TCT   1   1   1   1   1   1 | Tyr TAT   1   1   1   2   0   1 | Cys TGT   1   1   1   1   1   1
    TTC   1   1   1   1   1   1 |     TCC   0   0   0   0   0   0 |     TAC   1   1   1   1   2   1 |     TGC   0   0   0   0   0   0
Leu TTA   0   0   0   0   0   0 |     TCA   0   0   0   1   1   0 | *** TAA   0   0   0   0   0   0 | *** TGA   0   0   0   0   0   0
    TTG   0   0   0   0   0   0 |     TCG   1   1   1   0   0   1 |     TAG   0   0   0   0   0   0 | Trp TGG   0   0   0   0   0   0
--------------------------------------------------------------------------------------------------------------------------------------
Leu CTT   1   1   1   1   2   2 | Pro CCT   0   0   0   0   0   0 | His CAT   3   2   3   1   2   2 | Arg CGT   0   0   0   0   0   0
    CTC   0   1   0   0   0   0 |     CCC   0   0   0   0   0   0 |     CAC   0   1   0   1   1   1 |     CGC   0   0   0   0   0   0
    CTA   0   0   0   0   0   0 |     CCA   1   1   1   1   1   1 | Gln CAA   1   1   1   1   1   1 |     CGA   0   0   0   0   0   0
    CTG   0   0   0   0   0   0 |     CCG   0   0   0   0   0   0 |     CAG   0   0   0   0   0   0 |     CGG   0   0   0   0   0   0
--------------------------------------------------------------------------------------------------------------------------------------
Ile ATT   0   1   1   1   2   2 | Thr ACT   0   1   0   0   0   0 | Asn AAT   0   0   0   0   0   0 | Ser AGT   0   0   0   0   0   0
    ATC   2   2   2   2   0   2 |     ACC   3   2   3   3   3   2 |     AAC   0   0   0   0   0   0 |     AGC   0   0   0   0   0   0
    ATA   1   1   1   1   2   1 |     ACA   1   1   1   0   1   1 | Lys AAA   3   3   3   3   2   3 | Arg AGA   0   0   0   0   0   0
Met ATG   2   2   2   2   2   2 |     ACG   0   0   0   1   0   0 |     AAG   2   2   2   2   2   1 |     AGG   0   0   0   0   1   1
--------------------------------------------------------------------------------------------------------------------------------------
Val GTT   1   0   0   0   0   0 | Ala GCT   2   3   3   3   2   3 | Asp GAT   0   0   0   0   0   0 | Gly GGT   0   1   1   1   1   1
    GTC   2   1   2   2   1   1 |     GCC   2   1   1   1   1   1 |     GAC   0   0   0   0   0   0 |     GGC   1   0   0   0   0   0
    GTA   0   0   0   0   0   0 |     GCA   1   1   1   1   1   1 | Glu GAA   0   0   0   0   0   0 |     GGA   3   4   3   3   3   3
    GTG   1   1   1   1   1   1 |     GCG   0   0   0   0   1   0 |     GAG   2   2   2   2   2   2 |     GGG   1   0   1   1   1   1
--------------------------------------------------------------------------------------------------------------------------------------

--------------------------------------------------------------------------------------------------------------------------------------
Phe TTT   1   1   1   1   1   1 | Ser TCT   1   1   0   1   1   1 | Tyr TAT   0   1   1   1   1   1 | Cys TGT   2   1   1   1   1   1
    TTC   1   1   1   1   1   1 |     TCC   0   0   1   0   0   0 |     TAC   1   1   1   1   1   1 |     TGC   0   0   0   0   0   0
Leu TTA   0   0   0   0   0   0 |     TCA   0   0   0   0   0   1 | *** TAA   0   0   0   0   0   0 | *** TGA   0   0   0   0   0   0
    TTG   0   0   0   0   0   0 |     TCG   1   1   1   1   1   0 |     TAG   0   0   0   0   0   0 | Trp TGG   0   0   0   0   0   0
--------------------------------------------------------------------------------------------------------------------------------------
Leu CTT   1   1   1   1   1   1 | Pro CCT   0   0   0   0   0   0 | His CAT   3   3   3   3   2   2 | Arg CGT   0   0   0   0   0   0
    CTC   0   0   0   0   0   0 |     CCC   0   0   0   0   0   0 |     CAC   0   0   0   0   1   1 |     CGC   0   0   0   0   0   0
    CTA   0   0   0   0   0   0 |     CCA   1   1   0   1   1   1 | Gln CAA   1   1   1   1   1   1 |     CGA   0   0   0   0   0   0
    CTG   0   0   0   0   0   0 |     CCG   0   0   1   0   0   0 |     CAG   0   0   0   0   0   0 |     CGG   0   0   0   0   0   0
--------------------------------------------------------------------------------------------------------------------------------------
Ile ATT   1   0   1   1   1   1 | Thr ACT   0   0   0   0   0   0 | Asn AAT   0   0   0   0   0   0 | Ser AGT   0   0   0   0   0   0
    ATC   2   2   2   2   2   3 |     ACC   3   3   3   2   3   3 |     AAC   0   0   0   0   0   0 |     AGC   0   0   0   0   0   0
    ATA   1   1   1   1   1   1 |     ACA   1   1   1   1   1   1 | Lys AAA   3   3   3   3   3   3 | Arg AGA   0   0   0   0   0   0
Met ATG   2   2   2   2   2   2 |     ACG   0   0   0   0   0   0 |     AAG   2   2   2   2   2   2 |     AGG   0   0   0   0   0   0
--------------------------------------------------------------------------------------------------------------------------------------
Val GTT   0   1   0   0   0   0 | Ala GCT   3   2   2   3   3   3 | Asp GAT   0   0   0   0   0   0 | Gly GGT   0   0   0   0   1   1
    GTC   2   2   2   2   2   1 |     GCC   1   2   1   2   1   1 |     GAC   0   0   0   0   0   0 |     GGC   1   1   1   1   0   0
    GTA   0   0   0   0   0   0 |     GCA   1   1   2   1   1   1 | Glu GAA   0   0   0   0   0   0 |     GGA   3   3   3   3   3   3
    GTG   1   1   1   1   1   1 |     GCG   0   0   0   0   0   0 |     GAG   2   2   2   2   2   2 |     GGG   1   1   1   1   1   1
--------------------------------------------------------------------------------------------------------------------------------------

--------------------------------------------------------------------------------------------------------------------------------------
Phe TTT   1   1   1   1   1   1 | Ser TCT   1   1   1   0   1   1 | Tyr TAT   1   1   1   1   1   1 | Cys TGT   1   1   1   1   1   1
    TTC   1   1   1   1   1   1 |     TCC   0   0   0   1   0   0 |     TAC   1   1   1   1   1   1 |     TGC   0   0   0   0   0   0
Leu TTA   0   0   0   0   0   0 |     TCA   0   1   0   0   0   0 | *** TAA   0   0   0   0   0   0 | *** TGA   0   0   0   0   0   0
    TTG   0   0   0   0   0   0 |     TCG   1   0   1   1   1   1 |     TAG   0   0   0   0   0   0 | Trp TGG   0   0   0   0   0   0
--------------------------------------------------------------------------------------------------------------------------------------
Leu CTT   1   1   1   1   1   1 | Pro CCT   0   0   0   0   0   0 | His CAT   3   3   3   3   2   3 | Arg CGT   0   0   0   0   0   0
    CTC   0   0   0   0   0   0 |     CCC   0   0   0   0   0   0 |     CAC   0   0   0   0   1   0 |     CGC   0   0   0   0   0   0
    CTA   0   0   0   0   0   0 |     CCA   1   1   1   0   1   1 | Gln CAA   1   1   1   1   1   1 |     CGA   0   0   0   0   0   0
    CTG   0   0   0   0   0   1 |     CCG   0   0   0   1   0   0 |     CAG   0   0   0   0   0   0 |     CGG   0   0   0   0   0   0
--------------------------------------------------------------------------------------------------------------------------------------
Ile ATT   1   1   1   1   1   1 | Thr ACT   0   0   0   0   0   0 | Asn AAT   0   0   0   0   0   0 | Ser AGT   0   0   0   0   0   0
    ATC   2   2   2   2   2   2 |     ACC   3   3   3   3   2   3 |     AAC   0   0   0   0   0   0 |     AGC   0   0   0   0   0   0
    ATA   1   1   1   1   1   1 |     ACA   1   1   1   1   2   1 | Lys AAA   3   3   3   3   3   3 | Arg AGA   0   0   0   0   0   0
Met ATG   2   2   2   2   2   1 |     ACG   0   0   0   0   0   0 |     AAG   2   2   2   2   2   2 |     AGG   0   0   0   0   0   0
--------------------------------------------------------------------------------------------------------------------------------------
Val GTT   0   0   1   0   0   0 | Ala GCT   2   3   2   2   3   3 | Asp GAT   0   0   0   0   0   0 | Gly GGT   0   1   0   0   0   0
    GTC   2   2   1   2   2   2 |     GCC   2   1   2   1   1   1 |     GAC   0   0   0   0   0   0 |     GGC   1   0   1   1   1   2
    GTA   0   0   0   0   0   0 |     GCA   1   1   1   2   1   1 | Glu GAA   0   0   0   0   0   0 |     GGA   3   3   3   3   3   3
    GTG   1   1   1   1   1   1 |     GCG   0   0   0   0   0   0 |     GAG   2   2   2   2   2   2 |     GGG   1   1   1   1   1   0
--------------------------------------------------------------------------------------------------------------------------------------

--------------------------------------------------------------------------------------------------------------------------------------
Phe TTT   1   1   1   1   1   1 | Ser TCT   1   1   1   1   1   1 | Tyr TAT   1   1   1   1   1   1 | Cys TGT   1   1   1   1   1   1
    TTC   1   1   1   1   1   1 |     TCC   0   0   0   0   0   0 |     TAC   1   1   1   1   1   1 |     TGC   0   0   0   0   0   0
Leu TTA   0   0   0   0   0   0 |     TCA   1   1   0   0   0   0 | *** TAA   0   0   0   0   0   0 | *** TGA   0   0   0   0   0   0
    TTG   0   0   0   0   0   0 |     TCG   0   0   1   1   1   1 |     TAG   0   0   0   0   0   0 | Trp TGG   0   0   0   0   0   0
--------------------------------------------------------------------------------------------------------------------------------------
Leu CTT   1   1   1   1   1   1 | Pro CCT   0   0   0   0   0   0 | His CAT   2   2   3   2   3   3 | Arg CGT   0   0   0   0   0   0
    CTC   0   0   0   0   0   0 |     CCC   0   0   0   0   0   0 |     CAC   1   1   0   1   0   0 |     CGC   0   0   0   0   0   0
    CTA   0   0   0   0   0   0 |     CCA   1   1   0   1   1   1 | Gln CAA   1   1   1   1   1   1 |     CGA   0   0   0   0   0   0
    CTG   0   0   0   0   1   0 |     CCG   0   0   1   0   0   0 |     CAG   0   0   0   0   0   0 |     CGG   0   0   0   0   0   0
--------------------------------------------------------------------------------------------------------------------------------------
Ile ATT   1   1   1   1   1   1 | Thr ACT   0   0   0   0   0   0 | Asn AAT   0   0   0   0   0   0 | Ser AGT   0   0   0   0   0   0
    ATC   2   2   2   2   2   2 |     ACC   3   3   3   3   3   3 |     AAC   0   0   0   0   0   0 |     AGC   0   0   0   0   0   0
    ATA   1   1   1   1   1   1 |     ACA   1   1   1   1   1   1 | Lys AAA   3   3   3   3   3   3 | Arg AGA   0   0   0   0   0   0
Met ATG   2   2   2   2   1   2 |     ACG   0   0   0   0   0   0 |     AAG   2   2   2   2   2   2 |     AGG   0   0   0   0   0   0
--------------------------------------------------------------------------------------------------------------------------------------
Val GTT   0   0   1   0   0   0 | Ala GCT   3   3   2   3   3   2 | Asp GAT   0   0   0   0   0   0 | Gly GGT   0   0   0   1   0   0
    GTC   2   2   1   2   2   2 |     GCC   1   1   2   1   1   2 |     GAC   0   0   0   0   0   0 |     GGC   1   1   1   0   1   1
    GTA   0   0   0   0   0   0 |     GCA   1   1   1   1   1   1 | Glu GAA   1   1   0   0   0   0 |     GGA   3   3   3   3   3   3
    GTG   1   1   1   1   1   1 |     GCG   0   0   0   0   0   0 |     GAG   1   1   2   2   2   2 |     GGG   1   1   1   1   1   1
--------------------------------------------------------------------------------------------------------------------------------------

--------------------------------------------------------------------------------------------------------------------------------------
Phe TTT   1   1   1   1   1   1 | Ser TCT   1   1   1   1   1   1 | Tyr TAT   1   1   1   1   1   1 | Cys TGT   1   0   1   1   1   1
    TTC   1   1   1   1   1   1 |     TCC   0   0   0   0   0   0 |     TAC   1   1   1   1   1   1 |     TGC   0   1   0   0   0   0
Leu TTA   0   0   0   0   0   0 |     TCA   0   0   0   0   0   0 | *** TAA   0   0   0   0   0   0 | *** TGA   0   0   0   0   0   0
    TTG   0   0   0   0   0   0 |     TCG   1   1   1   1   1   1 |     TAG   0   0   0   0   0   0 | Trp TGG   0   0   0   0   0   0
--------------------------------------------------------------------------------------------------------------------------------------
Leu CTT   1   1   1   1   1   1 | Pro CCT   0   0   0   0   0   0 | His CAT   2   2   3   3   3   2 | Arg CGT   0   0   0   0   0   0
    CTC   0   0   0   0   0   0 |     CCC   0   0   0   0   0   0 |     CAC   1   1   0   0   0   1 |     CGC   0   0   0   0   0   0
    CTA   0   0   0   0   0   0 |     CCA   1   1   1   1   1   1 | Gln CAA   1   1   1   1   1   1 |     CGA   0   0   0   0   0   0
    CTG   0   0   0   1   0   0 |     CCG   0   0   0   0   0   0 |     CAG   0   0   0   0   0   0 |     CGG   0   0   0   0   0   0
--------------------------------------------------------------------------------------------------------------------------------------
Ile ATT   1   1   1   1   1   1 | Thr ACT   0   0   0   0   0   0 | Asn AAT   0   0   0   0   0   0 | Ser AGT   0   0   0   0   0   0
    ATC   2   2   2   2   2   2 |     ACC   3   3   3   3   3   3 |     AAC   0   0   0   0   0   0 |     AGC   0   0   0   0   0   0
    ATA   1   1   1   1   1   1 |     ACA   1   1   1   1   1   1 | Lys AAA   3   3   3   3   3   3 | Arg AGA   0   0   0   0   0   0
Met ATG   2   2   2   1   2   2 |     ACG   0   0   0   0   0   0 |     AAG   2   2   2   2   2   2 |     AGG   0   0   0   0   0   0
--------------------------------------------------------------------------------------------------------------------------------------
Val GTT   0   0   0   0   1   0 | Ala GCT   3   3   2   3   2   3 | Asp GAT   0   0   0   0   0   0 | Gly GGT   1   1   0   1   0   1
    GTC   2   1   2   2   1   2 |     GCC   1   2   2   1   2   1 |     GAC   0   0   0   0   0   0 |     GGC   0   0   1   1   1   0
    GTA   0   0   0   0   0   0 |     GCA   1   1   1   1   1   1 | Glu GAA   0   0   0   0   0   0 |     GGA   3   3   3   3   3   3
    GTG   1   1   1   1   1   1 |     GCG   0   0   0   0   0   0 |     GAG   2   2   2   2   2   2 |     GGG   1   1   1   0   1   1
--------------------------------------------------------------------------------------------------------------------------------------

--------------------------------------------------------------------------------------------------------------------------------------
Phe TTT   1   1   1   1   1   1 | Ser TCT   1   1   1   0   1   1 | Tyr TAT   1   1   1   1   1   1 | Cys TGT   1   1   1   1   1   1
    TTC   1   1   1   1   1   1 |     TCC   0   0   0   1   0   0 |     TAC   1   1   1   1   1   1 |     TGC   0   0   0   0   0   0
Leu TTA   0   0   0   0   0   0 |     TCA   0   0   0   0   0   0 | *** TAA   0   0   0   0   0   0 | *** TGA   0   0   0   0   0   0
    TTG   0   0   0   0   0   0 |     TCG   1   1   1   1   1   1 |     TAG   0   0   0   0   0   0 | Trp TGG   0   0   0   0   0   0
--------------------------------------------------------------------------------------------------------------------------------------
Leu CTT   1   1   1   1   1   1 | Pro CCT   0   0   0   0   0   0 | His CAT   3   2   2   3   2   3 | Arg CGT   0   0   0   0   0   0
    CTC   0   0   0   0   0   0 |     CCC   0   0   0   0   0   0 |     CAC   0   1   1   0   1   0 |     CGC   0   0   0   0   0   0
    CTA   0   0   0   0   0   0 |     CCA   1   1   1   0   1   1 | Gln CAA   1   1   1   1   1   1 |     CGA   0   0   0   0   0   0
    CTG   1   0   0   0   0   0 |     CCG   0   0   0   1   0   0 |     CAG   0   0   0   0   0   0 |     CGG   0   0   0   0   0   0
--------------------------------------------------------------------------------------------------------------------------------------
Ile ATT   1   1   1   1   1   1 | Thr ACT   0   0   0   0   0   0 | Asn AAT   0   0   0   0   0   0 | Ser AGT   0   0   0   0   0   0
    ATC   2   2   3   2   2   2 |     ACC   3   3   3   3   3   3 |     AAC   0   0   0   0   0   0 |     AGC   0   0   0   0   0   0
    ATA   1   1   1   1   1   1 |     ACA   1   1   1   1   1   1 | Lys AAA   3   3   3   3   3   3 | Arg AGA   0   0   0   0   0   0
Met ATG   1   2   2   2   2   2 |     ACG   0   0   0   0   0   0 |     AAG   2   2   2   2   2   2 |     AGG   0   0   0   0   0   0
--------------------------------------------------------------------------------------------------------------------------------------
Val GTT   0   0   0   0   0   1 | Ala GCT   3   3   3   2   4   2 | Asp GAT   0   0   0   0   0   0 | Gly GGT   0   1   1   1   1   0
    GTC   2   2   1   2   2   1 |     GCC   1   1   1   1   0   2 |     GAC   0   0   0   0   0   0 |     GGC   2   0   0   0   0   0
    GTA   0   0   0   0   0   0 |     GCA   1   1   1   2   1   1 | Glu GAA   0   0   0   0   0   0 |     GGA   3   3   3   3   2   4
    GTG   1   1   1   1   1   1 |     GCG   0   0   0   0   0   0 |     GAG   2   2   2   2   2   2 |     GGG   0   1   1   1   2   1
--------------------------------------------------------------------------------------------------------------------------------------

--------------------------------------------------------------------------------------------------------------------------------------
Phe TTT   1   1   1   1   1   1 | Ser TCT   1   1   1   1   2   1 | Tyr TAT   1   1   1   1   1   1 | Cys TGT   1   1   1   1   1   1
    TTC   1   1   1   1   1   1 |     TCC   0   0   0   0   0   1 |     TAC   1   1   1   1   1   1 |     TGC   0   0   0   0   0   0
Leu TTA   0   0   0   0   0   0 |     TCA   0   1   0   0   1   0 | *** TAA   0   0   0   0   0   0 | *** TGA   0   0   0   0   0   0
    TTG   0   0   0   0   0   0 |     TCG   1   0   1   1   0   1 |     TAG   0   0   0   0   0   0 | Trp TGG   0   0   0   0   0   0
--------------------------------------------------------------------------------------------------------------------------------------
Leu CTT   1   1   1   1   1   1 | Pro CCT   0   0   0   0   0   0 | His CAT   3   3   3   3   3   2 | Arg CGT   0   0   0   0   0   0
    CTC   0   0   0   0   0   0 |     CCC   0   0   0   0   0   0 |     CAC   0   0   0   0   0   1 |     CGC   0   0   0   0   0   0
    CTA   0   0   0   0   0   0 |     CCA   1   1   1   1   1   1 | Gln CAA   1   1   1   1   1   1 |     CGA   0   0   0   0   0   0
    CTG   0   0   0   0   0   0 |     CCG   0   0   0   0   0   0 |     CAG   0   0   0   0   0   0 |     CGG   0   0   0   0   0   0
--------------------------------------------------------------------------------------------------------------------------------------
Ile ATT   1   1   1   1   1   1 | Thr ACT   0   0   0   0   0   0 | Asn AAT   0   0   0   0   0   0 | Ser AGT   0   0   0   0   0   0
    ATC   2   2   2   2   2   2 |     ACC   3   3   3   3   3   2 |     AAC   0   0   0   0   0   0 |     AGC   0   0   0   0   0   0
    ATA   1   1   1   1   1   1 |     ACA   1   1   1   1   1   1 | Lys AAA   3   3   3   3   3   3 | Arg AGA   0   0   0   0   0   0
Met ATG   2   2   2   2   2   2 |     ACG   0   0   0   0   0   0 |     AAG   2   2   2   2   2   2 |     AGG   0   0   0   0   0   0
--------------------------------------------------------------------------------------------------------------------------------------
Val GTT   1   0   0   0   0   0 | Ala GCT   2   3   2   3   2   3 | Asp GAT   0   0   0   0   0   0 | Gly GGT   0   1   0   0   0   1
    GTC   1   2   2   2   2   2 |     GCC   2   1   2   1   1   1 |     GAC   0   0   0   0   0   0 |     GGC   1   0   1   1   1   0
    GTA   0   0   0   0   0   0 |     GCA   1   1   1   1   1   1 | Glu GAA   0   0   0   0   0   0 |     GGA   3   3   3   3   3   3
    GTG   1   1   1   1   1   1 |     GCG   0   0   0   0   0   0 |     GAG   2   2   2   2   2   2 |     GGG   1   1   1   1   1   1
--------------------------------------------------------------------------------------------------------------------------------------

--------------------------------------------------------------------------------------------------------------------------------------
Phe TTT   1   1   1   1   1   1 | Ser TCT   1   1   1   1   1   1 | Tyr TAT   1   1   1   1   1   1 | Cys TGT   1   1   1   1   1   1
    TTC   1   1   1   1   1   1 |     TCC   0   0   0   0   0   0 |     TAC   1   1   1   1   1   1 |     TGC   0   0   0   0   0   0
Leu TTA   0   0   0   0   0   0 |     TCA   0   0   1   0   1   1 | *** TAA   0   0   0   0   0   0 | *** TGA   0   0   0   0   0   0
    TTG   0   0   0   0   0   0 |     TCG   1   1   0   1   0   0 |     TAG   0   0   0   0   0   0 | Trp TGG   0   0   0   0   0   0
--------------------------------------------------------------------------------------------------------------------------------------
Leu CTT   1   1   1   1   1   1 | Pro CCT   0   0   0   0   0   0 | His CAT   2   3   2   2   3   3 | Arg CGT   0   0   0   0   0   0
    CTC   0   0   0   0   0   0 |     CCC   0   0   0   0   0   0 |     CAC   1   0   1   1   0   0 |     CGC   0   0   0   0   0   0
    CTA   0   0   0   0   0   0 |     CCA   1   1   1   1   1   1 | Gln CAA   1   1   1   1   1   1 |     CGA   0   0   0   0   0   0
    CTG   0   1   0   0   0   0 |     CCG   0   0   0   0   0   0 |     CAG   0   0   0   0   0   0 |     CGG   0   0   0   0   0   0
--------------------------------------------------------------------------------------------------------------------------------------
Ile ATT   1   1   1   1   1   1 | Thr ACT   0   0   0   0   0   1 | Asn AAT   0   0   0   0   0   0 | Ser AGT   0   0   0   0   0   0
    ATC   2   2   3   2   2   2 |     ACC   3   3   3   3   3   2 |     AAC   0   0   0   0   0   0 |     AGC   0   0   0   0   0   0
    ATA   1   1   1   1   1   1 |     ACA   1   1   1   1   1   1 | Lys AAA   3   3   3   3   3   3 | Arg AGA   0   0   0   0   0   0
Met ATG   2   1   2   2   2   2 |     ACG   0   0   0   0   0   0 |     AAG   2   2   2   2   2   2 |     AGG   0   0   0   0   0   0
--------------------------------------------------------------------------------------------------------------------------------------
Val GTT   0   0   0   0   0   1 | Ala GCT   3   3   3   2   3   3 | Asp GAT   0   0   0   0   0   0 | Gly GGT   1   0   1   1   1   0
    GTC   2   2   1   2   2   1 |     GCC   1   1   1   1   1   1 |     GAC   0   0   0   0   0   0 |     GGC   0   2   0   0   0   1
    GTA   0   0   0   0   0   0 |     GCA   1   1   1   1   1   1 | Glu GAA   0   0   0   0   0   0 |     GGA   3   3   3   3   3   3
    GTG   1   1   1   1   1   1 |     GCG   0   0   0   1   0   0 |     GAG   2   2   2   2   2   2 |     GGG   1   0   1   1   1   1
--------------------------------------------------------------------------------------------------------------------------------------

--------------------------------------------------------------------------------------------------------------------------------------
Phe TTT   1   1   1   1   1   1 | Ser TCT   1   1   1   1   1   1 | Tyr TAT   1   1   1   2   1   1 | Cys TGT   1   1   1   1   1   1
    TTC   1   1   1   1   1   1 |     TCC   0   0   0   0   0   0 |     TAC   1   1   1   1   1   1 |     TGC   0   0   0   0   0   0
Leu TTA   0   0   0   0   0   0 |     TCA   0   0   1   1   0   0 | *** TAA   0   0   0   0   0   0 | *** TGA   0   0   0   0   0   0
    TTG   0   0   0   0   0   0 |     TCG   1   1   0   0   1   1 |     TAG   0   0   0   0   0   0 | Trp TGG   0   0   0   0   0   0
--------------------------------------------------------------------------------------------------------------------------------------
Leu CTT   1   1   1   1   1   1 | Pro CCT   0   0   0   0   0   0 | His CAT   3   3   3   1   2   2 | Arg CGT   0   0   0   0   0   0
    CTC   0   0   0   0   0   0 |     CCC   0   0   0   0   0   0 |     CAC   0   0   0   1   1   1 |     CGC   0   0   0   0   0   0
    CTA   0   0   0   0   0   0 |     CCA   1   1   1   1   1   1 | Gln CAA   1   1   1   1   1   1 |     CGA   0   0   0   0   0   0
    CTG   1   0   0   0   0   0 |     CCG   0   0   0   0   0   0 |     CAG   0   0   0   0   0   0 |     CGG   0   0   0   0   0   0
--------------------------------------------------------------------------------------------------------------------------------------
Ile ATT   1   1   1   1   1   1 | Thr ACT   0   0   0   1   0   0 | Asn AAT   0   0   0   0   0   0 | Ser AGT   0   0   0   0   0   0
    ATC   2   2   2   2   2   2 |     ACC   3   3   3   3   3   3 |     AAC   0   0   0   0   0   0 |     AGC   0   0   0   0   0   0
    ATA   1   1   1   1   1   1 |     ACA   1   1   1   0   1   1 | Lys AAA   3   3   3   3   3   3 | Arg AGA   0   0   0   0   0   0
Met ATG   1   2   2   2   2   2 |     ACG   0   0   0   0   0   0 |     AAG   2   2   2   2   2   2 |     AGG   0   0   0   0   0   0
--------------------------------------------------------------------------------------------------------------------------------------
Val GTT   0   0   0   0   0   0 | Ala GCT   3   3   3   3   3   3 | Asp GAT   0   0   0   0   0   0 | Gly GGT   0   0   0   1   1   1
    GTC   2   2   2   2   2   2 |     GCC   1   1   1   1   1   1 |     GAC   0   0   0   0   0   0 |     GGC   1   1   1   0   0   0
    GTA   0   0   0   0   0   0 |     GCA   1   1   1   1   1   1 | Glu GAA   0   0   0   0   0   0 |     GGA   3   3   3   3   3   3
    GTG   1   1   1   1   1   1 |     GCG   0   0   0   0   0   0 |     GAG   2   2   2   2   2   2 |     GGG   1   1   1   1   1   1
--------------------------------------------------------------------------------------------------------------------------------------

Codon position x base (3x4) table for each sequence.

#1: Argali         
position  1:    T:0.16279    C:0.13953    A:0.32558    G:0.37209
position  2:    T:0.27907    C:0.27907    A:0.30233    G:0.13953
position  3:    T:0.25581    C:0.27907    A:0.25581    G:0.20930
Average         T:0.23256    C:0.23256    A:0.29457    G:0.24031

#2: LesserMouseDeer
position  1:    T:0.16279    C:0.16279    A:0.34884    G:0.32558
position  2:    T:0.27907    C:0.27907    A:0.30233    G:0.13953
position  3:    T:0.30233    C:0.23256    A:0.27907    G:0.18605
Average         T:0.24806    C:0.22481    A:0.31008    G:0.21705

#3: LesserKudu     
position  1:    T:0.16279    C:0.13953    A:0.34884    G:0.34884
position  2:    T:0.27907    C:0.27907    A:0.30233    G:0.13953
position  3:    T:0.30233    C:0.23256    A:0.25581    G:0.20930
Average         T:0.24806    C:0.21705    A:0.30233    G:0.23256

#4: ForestMuskDeer2
position  1:    T:0.18605    C:0.11628    A:0.34884    G:0.34884
position  2:    T:0.27907    C:0.27907    A:0.30233    G:0.13953
position  3:    T:0.27907    C:0.25581    A:0.25581    G:0.20930
Average         T:0.24806    C:0.21705    A:0.30233    G:0.23256

#5: Camel          
position  1:    T:0.16279    C:0.16279    A:0.34884    G:0.32558
position  2:    T:0.27907    C:0.27907    A:0.27907    G:0.16279
position  3:    T:0.27907    C:0.20930    A:0.27907    G:0.23256
Average         T:0.24031    C:0.21705    A:0.30233    G:0.24031

#6: KillerWhale    
position  1:    T:0.16279    C:0.16279    A:0.34884    G:0.32558
position  2:    T:0.30233    C:0.25581    A:0.27907    G:0.16279
position  3:    T:0.32558    C:0.20930    A:0.25581    G:0.20930
Average         T:0.26357    C:0.20930    A:0.29457    G:0.23256

#7: DefassaWaterbuck
position  1:    T:0.16279    C:0.13953    A:0.34884    G:0.34884
position  2:    T:0.27907    C:0.27907    A:0.27907    G:0.16279
position  3:    T:0.27907    C:0.25581    A:0.25581    G:0.20930
Average         T:0.24031    C:0.22481    A:0.29457    G:0.24031

#8: Sheep          
position  1:    T:0.16279    C:0.13953    A:0.32558    G:0.37209
position  2:    T:0.27907    C:0.27907    A:0.30233    G:0.13953
position  3:    T:0.25581    C:0.27907    A:0.25581    G:0.20930
Average         T:0.23256    C:0.23256    A:0.29457    G:0.24031

#9: MaxwellsDuiker 
position  1:    T:0.16279    C:0.13953    A:0.34884    G:0.34884
position  2:    T:0.27907    C:0.27907    A:0.30233    G:0.13953
position  3:    T:0.23256    C:0.27907    A:0.25581    G:0.23256
Average         T:0.22481    C:0.23256    A:0.30233    G:0.24031

#10: GazellaPrzewalskyi
position  1:    T:0.16279    C:0.13953    A:0.32558    G:0.37209
position  2:    T:0.27907    C:0.27907    A:0.30233    G:0.13953
position  3:    T:0.27907    C:0.25581    A:0.25581    G:0.20930
Average         T:0.24031    C:0.22481    A:0.29457    G:0.24031

#11: MountainNyala  
position  1:    T:0.16279    C:0.13953    A:0.34884    G:0.34884
position  2:    T:0.27907    C:0.27907    A:0.30233    G:0.13953
position  3:    T:0.27907    C:0.25581    A:0.25581    G:0.20930
Average         T:0.24031    C:0.22481    A:0.30233    G:0.23256

#12: MuntiacusMuntjak
position  1:    T:0.16279    C:0.13953    A:0.37209    G:0.32558
position  2:    T:0.27907    C:0.27907    A:0.30233    G:0.13953
position  3:    T:0.27907    C:0.25581    A:0.27907    G:0.18605
Average         T:0.24031    C:0.22481    A:0.31783    G:0.21705

#13: goat           
position  1:    T:0.16279    C:0.13953    A:0.34884    G:0.34884
position  2:    T:0.27907    C:0.27907    A:0.30233    G:0.13953
position  3:    T:0.25581    C:0.27907    A:0.25581    G:0.20930
Average         T:0.23256    C:0.23256    A:0.30233    G:0.23256

#14: AfricanBuffalo 
position  1:    T:0.16279    C:0.13953    A:0.34884    G:0.34884
position  2:    T:0.27907    C:0.27907    A:0.30233    G:0.13953
position  3:    T:0.30233    C:0.23256    A:0.27907    G:0.18605
Average         T:0.24806    C:0.21705    A:0.31008    G:0.22481

#15: Topi           
position  1:    T:0.16279    C:0.13953    A:0.34884    G:0.34884
position  2:    T:0.27907    C:0.27907    A:0.30233    G:0.13953
position  3:    T:0.27907    C:0.25581    A:0.25581    G:0.20930
Average         T:0.24031    C:0.22481    A:0.30233    G:0.23256

#16: CommonDuiker   
position  1:    T:0.16279    C:0.13953    A:0.34884    G:0.34884
position  2:    T:0.27907    C:0.27907    A:0.30233    G:0.13953
position  3:    T:0.23256    C:0.27907    A:0.25581    G:0.23256
Average         T:0.22481    C:0.23256    A:0.30233    G:0.24031

#17: Suni           
position  1:    T:0.16279    C:0.13953    A:0.34884    G:0.34884
position  2:    T:0.27907    C:0.27907    A:0.30233    G:0.13953
position  3:    T:0.25581    C:0.25581    A:0.27907    G:0.20930
Average         T:0.23256    C:0.22481    A:0.31008    G:0.23256

#18: Springbuck     
position  1:    T:0.16279    C:0.16279    A:0.32558    G:0.34884
position  2:    T:0.27907    C:0.27907    A:0.30233    G:0.13953
position  3:    T:0.27907    C:0.27907    A:0.25581    G:0.18605
Average         T:0.24031    C:0.24031    A:0.29457    G:0.22481

#19: Okapi          
position  1:    T:0.16279    C:0.13953    A:0.34884    G:0.34884
position  2:    T:0.27907    C:0.27907    A:0.30233    G:0.13953
position  3:    T:0.25581    C:0.27907    A:0.30233    G:0.16279
Average         T:0.23256    C:0.23256    A:0.31783    G:0.21705

#20: Giraffe        
position  1:    T:0.16279    C:0.13953    A:0.34884    G:0.34884
position  2:    T:0.27907    C:0.27907    A:0.30233    G:0.13953
position  3:    T:0.25581    C:0.27907    A:0.30233    G:0.16279
Average         T:0.23256    C:0.23256    A:0.31783    G:0.21705

#21: TibetanAntelope
position  1:    T:0.16279    C:0.13953    A:0.34884    G:0.34884
position  2:    T:0.27907    C:0.27907    A:0.30233    G:0.13953
position  3:    T:0.27907    C:0.25581    A:0.23256    G:0.23256
Average         T:0.24031    C:0.22481    A:0.29457    G:0.24031

#22: Sitatunga      
position  1:    T:0.16279    C:0.13953    A:0.34884    G:0.34884
position  2:    T:0.27907    C:0.27907    A:0.30233    G:0.13953
position  3:    T:0.27907    C:0.25581    A:0.25581    G:0.20930
Average         T:0.24031    C:0.22481    A:0.30233    G:0.23256

#23: Oribi          
position  1:    T:0.16279    C:0.16279    A:0.32558    G:0.34884
position  2:    T:0.27907    C:0.27907    A:0.30233    G:0.13953
position  3:    T:0.27907    C:0.25581    A:0.25581    G:0.20930
Average         T:0.24031    C:0.23256    A:0.29457    G:0.23256

#24: BarbarySheep   
position  1:    T:0.16279    C:0.13953    A:0.34884    G:0.34884
position  2:    T:0.27907    C:0.27907    A:0.30233    G:0.13953
position  3:    T:0.25581    C:0.27907    A:0.25581    G:0.20930
Average         T:0.23256    C:0.23256    A:0.30233    G:0.23256

#25: Daviddeer      
position  1:    T:0.16279    C:0.13953    A:0.34884    G:0.34884
position  2:    T:0.27907    C:0.27907    A:0.30233    G:0.13953
position  3:    T:0.27907    C:0.25581    A:0.25581    G:0.20930
Average         T:0.24031    C:0.22481    A:0.30233    G:0.23256

#26: Reindeer       
position  1:    T:0.16279    C:0.13953    A:0.34884    G:0.34884
position  2:    T:0.25581    C:0.30233    A:0.30233    G:0.13953
position  3:    T:0.25581    C:0.27907    A:0.25581    G:0.20930
Average         T:0.22481    C:0.24031    A:0.30233    G:0.23256

#27: Ibex           
position  1:    T:0.16279    C:0.13953    A:0.34884    G:0.34884
position  2:    T:0.27907    C:0.27907    A:0.30233    G:0.13953
position  3:    T:0.25581    C:0.27907    A:0.25581    G:0.20930
Average         T:0.23256    C:0.23256    A:0.30233    G:0.23256

#28: GyrantGazelle  
position  1:    T:0.16279    C:0.16279    A:0.32558    G:0.34884
position  2:    T:0.27907    C:0.27907    A:0.30233    G:0.13953
position  3:    T:0.30233    C:0.25581    A:0.25581    G:0.18605
Average         T:0.24806    C:0.23256    A:0.29457    G:0.22481

#29: Hartebeest     
position  1:    T:0.16279    C:0.13953    A:0.34884    G:0.34884
position  2:    T:0.27907    C:0.27907    A:0.30233    G:0.13953
position  3:    T:0.27907    C:0.25581    A:0.25581    G:0.20930
Average         T:0.24031    C:0.22481    A:0.30233    G:0.23256

#30: Bongo          
position  1:    T:0.16279    C:0.13953    A:0.34884    G:0.34884
position  2:    T:0.27907    C:0.27907    A:0.30233    G:0.13953
position  3:    T:0.27907    C:0.25581    A:0.25581    G:0.20930
Average         T:0.24031    C:0.22481    A:0.30233    G:0.23256

#31: Gerenuk        
position  1:    T:0.16279    C:0.16279    A:0.32558    G:0.34884
position  2:    T:0.27907    C:0.27907    A:0.30233    G:0.13953
position  3:    T:0.27907    C:0.27907    A:0.25581    G:0.18605
Average         T:0.24031    C:0.24031    A:0.29457    G:0.22481

#32: CommonEland    
position  1:    T:0.16279    C:0.13953    A:0.34884    G:0.34884
position  2:    T:0.27907    C:0.27907    A:0.30233    G:0.13953
position  3:    T:0.27907    C:0.25581    A:0.25581    G:0.20930
Average         T:0.24031    C:0.22481    A:0.30233    G:0.23256

#33: MuntiacusReevesi
position  1:    T:0.16279    C:0.13953    A:0.37209    G:0.32558
position  2:    T:0.27907    C:0.27907    A:0.30233    G:0.13953
position  3:    T:0.27907    C:0.25581    A:0.25581    G:0.20930
Average         T:0.24031    C:0.22481    A:0.31008    G:0.22481

#34: HarveysDuiker  
position  1:    T:0.16279    C:0.13953    A:0.34884    G:0.34884
position  2:    T:0.27907    C:0.27907    A:0.30233    G:0.13953
position  3:    T:0.25581    C:0.25581    A:0.25581    G:0.23256
Average         T:0.23256    C:0.22481    A:0.30233    G:0.24031

#35: Pronghorn      
position  1:    T:0.16279    C:0.13953    A:0.34884    G:0.34884
position  2:    T:0.27907    C:0.27907    A:0.30233    G:0.13953
position  3:    T:0.30233    C:0.23256    A:0.23256    G:0.23256
Average         T:0.24806    C:0.21705    A:0.29457    G:0.24031

#36: BlueWildebeest 
position  1:    T:0.16279    C:0.13953    A:0.34884    G:0.34884
position  2:    T:0.27907    C:0.27907    A:0.30233    G:0.13953
position  3:    T:0.27907    C:0.23256    A:0.27907    G:0.20930
Average         T:0.24031    C:0.21705    A:0.31008    G:0.23256

#37: Gemsbok        
position  1:    T:0.16279    C:0.13953    A:0.34884    G:0.34884
position  2:    T:0.27907    C:0.27907    A:0.30233    G:0.13953
position  3:    T:0.27907    C:0.25581    A:0.25581    G:0.20930
Average         T:0.24031    C:0.22481    A:0.30233    G:0.23256

#38: Yak            
position  1:    T:0.16279    C:0.13953    A:0.34884    G:0.34884
position  2:    T:0.27907    C:0.27907    A:0.30233    G:0.13953
position  3:    T:0.30233    C:0.23256    A:0.27907    G:0.18605
Average         T:0.24806    C:0.21705    A:0.31008    G:0.22481

#39: BlueSheep      
position  1:    T:0.16279    C:0.13953    A:0.34884    G:0.34884
position  2:    T:0.27907    C:0.27907    A:0.30233    G:0.13953
position  3:    T:0.25581    C:0.27907    A:0.25581    G:0.20930
Average         T:0.23256    C:0.23256    A:0.30233    G:0.23256

#40: BohorReedbuck  
position  1:    T:0.16279    C:0.13953    A:0.34884    G:0.34884
position  2:    T:0.27907    C:0.27907    A:0.30233    G:0.13953
position  3:    T:0.27907    C:0.25581    A:0.25581    G:0.20930
Average         T:0.24031    C:0.22481    A:0.30233    G:0.23256

#41: KirksDik       
position  1:    T:0.18605    C:0.13953    A:0.34884    G:0.32558
position  2:    T:0.27907    C:0.27907    A:0.30233    G:0.13953
position  3:    T:0.27907    C:0.25581    A:0.27907    G:0.18605
Average         T:0.24806    C:0.22481    A:0.31008    G:0.21705

#42: RoeDeer        
position  1:    T:0.18605    C:0.13953    A:0.32558    G:0.34884
position  2:    T:0.27907    C:0.27907    A:0.30233    G:0.13953
position  3:    T:0.27907    C:0.25581    A:0.25581    G:0.20930
Average         T:0.24806    C:0.22481    A:0.29457    G:0.23256

#43: WhiteLippedDeer
position  1:    T:0.16279    C:0.13953    A:0.34884    G:0.34884
position  2:    T:0.27907    C:0.27907    A:0.30233    G:0.13953
position  3:    T:0.27907    C:0.25581    A:0.25581    G:0.20930
Average         T:0.24031    C:0.22481    A:0.30233    G:0.23256

#44: ThomsonGazelle 
position  1:    T:0.16279    C:0.16279    A:0.32558    G:0.34884
position  2:    T:0.27907    C:0.27907    A:0.30233    G:0.13953
position  3:    T:0.27907    C:0.27907    A:0.25581    G:0.18605
Average         T:0.24031    C:0.24031    A:0.29457    G:0.22481

#45: MuntiacusCrinifrons
position  1:    T:0.16279    C:0.13953    A:0.37209    G:0.32558
position  2:    T:0.27907    C:0.27907    A:0.30233    G:0.13953
position  3:    T:0.27907    C:0.25581    A:0.27907    G:0.18605
Average         T:0.24031    C:0.22481    A:0.31783    G:0.21705

#46: WhiteTailedDeer
position  1:    T:0.16279    C:0.13953    A:0.34884    G:0.34884
position  2:    T:0.27907    C:0.27907    A:0.30233    G:0.13953
position  3:    T:0.25581    C:0.25581    A:0.25581    G:0.23256
Average         T:0.23256    C:0.22481    A:0.30233    G:0.24031

#47: Cattle         
position  1:    T:0.16279    C:0.13953    A:0.34884    G:0.34884
position  2:    T:0.27907    C:0.27907    A:0.30233    G:0.13953
position  3:    T:0.30233    C:0.23256    A:0.27907    G:0.18605
Average         T:0.24806    C:0.21705    A:0.31008    G:0.22481

#48: RoyalAntelope  
position  1:    T:0.16279    C:0.13953    A:0.34884    G:0.34884
position  2:    T:0.27907    C:0.27907    A:0.30233    G:0.13953
position  3:    T:0.32558    C:0.20930    A:0.27907    G:0.18605
Average         T:0.25581    C:0.20930    A:0.31008    G:0.22481

#49: Steenbok       
position  1:    T:0.16279    C:0.16279    A:0.32558    G:0.34884
position  2:    T:0.27907    C:0.27907    A:0.30233    G:0.13953
position  3:    T:0.27907    C:0.25581    A:0.25581    G:0.20930
Average         T:0.24031    C:0.23256    A:0.29457    G:0.23256

#50: Impala         
position  1:    T:0.16279    C:0.13953    A:0.34884    G:0.34884
position  2:    T:0.27907    C:0.27907    A:0.30233    G:0.13953
position  3:    T:0.27907    C:0.25581    A:0.25581    G:0.20930
Average         T:0.24031    C:0.22481    A:0.30233    G:0.23256

#51: Klipspringer   
position  1:    T:0.16279    C:0.13953    A:0.34884    G:0.34884
position  2:    T:0.27907    C:0.27907    A:0.30233    G:0.13953
