1
52 1
Argali 0.000000 0.323100 0.103300 0.173600 0.040200 0.020100 0.083200 0.071400 0.103300 0.081400 0.000100 0.061700 0.061200 0.061900 0.050700 0.060600 0.094400 0.105600 0.049700 0.114400 0.061700 0.029700 0.081900 0.105500 0.000100 0.050400 0.061200 0.114300 0.050600 0.103300 0.104000 0.114600 0.083400 0.061200 0.082700 0.050700 0.009900 0.040100 0.092500 0.082100 0.082300 0.050400 0.092700 0.105000 0.050700 0.071100 0.070600 0.050800 0.060500 0.125600 0.103300 0.113600
LesserMous 0.323100 0.000000 0.305200 0.322400 0.279600 0.336900 0.266000 0.319900 0.305200 0.248900 0.321000 0.283400 0.308600 0.297800 0.279900 0.304700 0.243700 0.257500 0.286600 0.319500 0.327500 0.318000 0.251300 0.268600 0.321000 0.292000 0.308600 0.319800 0.294300 0.305200 0.251300 0.334000 0.311800 0.308600 0.279900 0.267300 0.323400 0.278600 0.319300 0.279400 0.252600 0.292000 0.237900 0.267400 0.267300 0.319000 0.288600 0.281400 0.304200 0.290400 0.305200 0.316300
LesserKudu 0.103300 0.305200 0.000000 0.148700 0.060200 0.125800 0.082400 0.091800 0.000000 0.080500 0.102800 0.040200 0.081500 0.082400 0.071000 0.080700 0.093900 0.105000 0.069300 0.009800 0.093300 0.091300 0.081100 0.104600 0.102800 0.070500 0.081500 0.009800 0.070800 0.000000 0.081300 0.135800 0.127100 0.081500 0.060800 0.050100 0.114300 0.060100 0.113100 0.081400 0.081500 0.070500 0.070500 0.104100 0.050100 0.091600 0.069800 0.060600 0.080800 0.135000 0.000000 0.009700
KillerWhal 0.173600 0.322400 0.148700 0.000000 0.126300 0.185600 0.128100 0.160500 0.148700 0.092100 0.172800 0.120200 0.149700 0.139800 0.126500 0.148300 0.106100 0.117300 0.135000 0.160500 0.163500 0.153100 0.092800 0.105900 0.172800 0.137300 0.149700 0.160400 0.138500 0.148700 0.093100 0.196200 0.137200 0.149700 0.150300 0.115600 0.185700 0.126000 0.159900 0.115400 0.093300 0.137300 0.082000 0.105400 0.115600 0.137000 0.136000 0.127100 0.170800 0.148000 0.148700 0.158900
DefassaWat 0.040200 0.279600 0.060200 0.126300 0.000000 0.061100 0.040400 0.029700 0.060200 0.039600 0.039900 0.019900 0.019800 0.020100 0.009800 0.019600 0.051100 0.061500 0.029200 0.070800 0.030200 0.029500 0.039800 0.061500 0.039900 0.009800 0.019800 0.070600 0.009900 0.060200 0.060600 0.070800 0.081800 0.019800 0.040200 0.009800 0.050300 0.000100 0.049900 0.039900 0.040000 0.009800 0.050000 0.061200 0.009800 0.029600 0.029400 0.009800 0.039600 0.081100 0.060200 0.070200
Sheep 0.020100 0.336900 0.125800 0.185600 0.061100 0.000000 0.082700 0.093100 0.125800 0.092400 0.019900 0.083400 0.082800 0.061500 0.060700 0.081900 0.105800 0.117200 0.070500 0.137200 0.083400 0.050200 0.093000 0.117100 0.019900 0.071500 0.082800 0.137100 0.071900 0.125800 0.115400 0.113800 0.083500 0.082800 0.104800 0.072100 0.030200 0.061000 0.114700 0.104400 0.093400 0.071500 0.103900 0.116500 0.072100 0.092800 0.092100 0.072100 0.081800 0.136800 0.125800 0.136200
MaxwellsDu 0.083200 0.266000 0.082400 0.128100 0.040400 0.082700 0.000000 0.071800 0.082400 0.029800 0.082900 0.062100 0.061600 0.020100 0.040200 0.061000 0.062300 0.073200 0.049900 0.093400 0.073100 0.071500 0.050500 0.072900 0.082900 0.050700 0.061600 0.093300 0.051100 0.082400 0.050600 0.071000 0.094800 0.061600 0.061800 0.051100 0.093400 0.040400 0.093200 0.061300 0.050700 0.050700 0.040100 0.072500 0.051100 0.071700 0.040000 0.040700 0.082200 0.092700 0.082400 0.092700
GazellaPrz 0.071400 0.319900 0.091800 0.160500 0.029700 0.093100 0.071800 0.000000 0.091800 0.070300 0.070900 0.050600 0.050300 0.050900 0.040000 0.029300 0.082900 0.094000 0.059300 0.081100 0.040100 0.060000 0.070700 0.093600 0.070900 0.019500 0.050300 0.102600 0.019600 0.091800 0.092300 0.103000 0.115800 0.050300 0.050300 0.040000 0.081800 0.029700 0.059600 0.070900 0.071100 0.019500 0.081300 0.093300 0.040000 0.060100 0.039000 0.040000 0.070400 0.091500 0.091800 0.101900
MountainNy 0.103300 0.305200 0.000000 0.148700 0.060200 0.125800 0.082400 0.091800 0.000000 0.080500 0.102800 0.040200 0.081500 0.082400 0.071000 0.080700 0.093900 0.105000 0.069300 0.009800 0.093300 0.091300 0.081100 0.104600 0.102800 0.070500 0.081500 0.009800 0.070800 0.000000 0.081300 0.135800 0.127100 0.081500 0.060800 0.050100 0.114300 0.060100 0.113100 0.081400 0.081500 0.070500 0.070500 0.104100 0.050100 0.091600 0.069800 0.060600 0.080800 0.135000 0.000000 0.009700
MuntiacusM 0.081400 0.248900 0.080500 0.092100 0.039600 0.092400 0.029800 0.070300 0.080500 0.000000 0.081000 0.060700 0.060200 0.050400 0.039700 0.059700 0.029900 0.040100 0.048800 0.091200 0.071500 0.069800 0.019400 0.040000 0.081000 0.049600 0.060200 0.091000 0.049900 0.080500 0.019500 0.101700 0.060900 0.060200 0.060400 0.050000 0.092100 0.039500 0.070100 0.039500 0.019500 0.049600 0.009500 0.039800 0.050000 0.049400 0.049100 0.039700 0.080400 0.059400 0.080500 0.090500
goat 0.000100 0.321000 0.102800 0.172800 0.039900 0.019900 0.082900 0.070900 0.102800 0.081000 0.000000 0.061200 0.060600 0.061600 0.050200 0.060200 0.094200 0.105400 0.049300 0.113900 0.061200 0.029600 0.081500 0.105100 0.000000 0.049900 0.060600 0.113800 0.050400 0.102800 0.103500 0.114100 0.082800 0.060600 0.082300 0.050200 0.009800 0.039700 0.091600 0.081700 0.082000 0.049900 0.092300 0.104600 0.050200 0.070700 0.069900 0.050400 0.060100 0.124700 0.102800 0.113100
AfricanBuf 0.061700 0.283400 0.040200 0.120200 0.019900 0.083400 0.062100 0.050600 0.040200 0.060700 0.061200 0.000000 0.040500 0.041000 0.030200 0.040000 0.051800 0.062500 0.049700 0.050600 0.051400 0.050300 0.040300 0.062300 0.061200 0.030000 0.040500 0.050500 0.030200 0.040200 0.061300 0.093000 0.084000 0.040500 0.040700 0.010000 0.072100 0.019900 0.071400 0.040400 0.040500 0.030000 0.050700 0.061900 0.010000 0.050400 0.050000 0.030200 0.060700 0.092300 0.040200 0.050200
Topi 0.061200 0.308600 0.081500 0.149700 0.019800 0.082800 0.061600 0.050300 0.081500 0.060200 0.060600 0.040500 0.000000 0.040700 0.029900 0.039800 0.072600 0.083500 0.049400 0.092400 0.051100 0.050000 0.060600 0.083300 0.060600 0.029700 0.000000 0.092300 0.030000 0.081500 0.082000 0.092600 0.105300 0.000000 0.061200 0.029200 0.071500 0.019300 0.070700 0.060700 0.060900 0.029700 0.071100 0.082900 0.029900 0.050000 0.049600 0.030000 0.060300 0.091800 0.081500 0.091700
CommonDuik 0.061900 0.297800 0.082400 0.139800 0.020100 0.061500 0.020100 0.050900 0.082400 0.050400 0.061600 0.041000 0.040700 0.000000 0.019900 0.040300 0.062600 0.073500 0.050100 0.093700 0.051800 0.050600 0.050700 0.073300 0.061600 0.030200 0.040700 0.093600 0.030300 0.082400 0.072100 0.050300 0.095300 0.040700 0.062100 0.030400 0.072500 0.020000 0.071900 0.061600 0.051000 0.030200 0.061200 0.072900 0.030400 0.050700 0.040100 0.030400 0.061100 0.093200 0.082400 0.093000
Suni 0.050700 0.279900 0.071000 0.126500 0.009800 0.060700 0.040200 0.040000 0.071000 0.039700 0.050200 0.030200 0.029900 0.019900 0.000000 0.029700 0.051200 0.061800 0.039300 0.081700 0.040600 0.039800 0.039900 0.061600 0.049700 0.019200 0.028900 0.081600 0.019900 0.071000 0.060800 0.070400 0.083100 0.029900 0.050700 0.019100 0.061000 0.009800 0.060200 0.050400 0.040100 0.019700 0.050200 0.061300 0.019400 0.039800 0.039400 0.019900 0.050000 0.081300 0.071000 0.081100
Springbuck 0.060600 0.304700 0.080700 0.148300 0.019600 0.081900 0.061000 0.029300 0.080700 0.059700 0.060200 0.040000 0.039800 0.040300 0.029700 0.000000 0.071900 0.082700 0.048900 0.091500 0.029700 0.049500 0.060000 0.082400 0.060200 0.009600 0.039800 0.091400 0.009700 0.080700 0.081300 0.091700 0.104200 0.039800 0.060600 0.029700 0.070800 0.019600 0.049200 0.060100 0.060300 0.009600 0.070400 0.082000 0.029700 0.049600 0.029000 0.029700 0.059700 0.102000 0.080700 0.090800
Okapi 0.094400 0.243700 0.093900 0.106100 0.051100 0.105800 0.062300 0.082900 0.093900 0.029900 0.094200 0.051800 0.072600 0.062600 0.051200 0.071900 0.000000 0.010200 0.081600 0.105000 0.084400 0.082500 0.009900 0.030700 0.094200 0.061500 0.072600 0.104900 0.062000 0.093900 0.030200 0.115700 0.051900 0.072600 0.094900 0.040900 0.105800 0.051000 0.082600 0.030300 0.010000 0.061500 0.020000 0.030500 0.040900 0.061200 0.082100 0.061800 0.071900 0.060900 0.093900 0.104200
Giraffe 0.105600 0.257500 0.105000 0.117300 0.061500 0.117200 0.073200 0.094000 0.105000 0.040100 0.105400 0.062500 0.083500 0.073500 0.061800 0.082700 0.010200 0.000000 0.092400 0.116000 0.095400 0.093500 0.020000 0.041100 0.105400 0.072200 0.083500 0.116200 0.072800 0.105000 0.040500 0.104500 0.060100 0.083500 0.106200 0.051400 0.116900 0.061600 0.093600 0.040600 0.020100 0.072200 0.030100 0.040900 0.051400 0.071900 0.093100 0.072600 0.082800 0.071300 0.105000 0.115400
TibetanAnt 0.049700 0.286600 0.069300 0.135000 0.029200 0.070500 0.049900 0.059300 0.069300 0.048800 0.049300 0.049700 0.049400 0.050100 0.039300 0.048900 0.081600 0.092400 0.000000 0.079800 0.060300 0.039000 0.069500 0.092100 0.049300 0.039100 0.049400 0.079700 0.039400 0.069300 0.069800 0.090600 0.113900 0.049400 0.049600 0.039300 0.059800 0.029200 0.079700 0.069700 0.069900 0.039100 0.059200 0.091700 0.039300 0.059100 0.038700 0.029400 0.069200 0.111500 0.069300 0.079200
Sitatunga 0.114400 0.319500 0.009800 0.160500 0.070800 0.137200 0.093400 0.081100 0.009800 0.091200 0.113900 0.050600 0.092400 0.093700 0.081700 0.091500 0.105000 0.116000 0.079800 0.000000 0.104400 0.102200 0.091800 0.115800 0.113900 0.081100 0.092400 0.019600 0.081800 0.009800 0.092100 0.147500 0.137500 0.092400 0.050300 0.060600 0.125500 0.070600 0.124400 0.092200 0.092300 0.081100 0.081100 0.115300 0.060600 0.102500 0.080400 0.071200 0.091500 0.123800 0.009800 0.019500
Oribi 0.061700 0.327500 0.093300 0.163500 0.030200 0.083400 0.073100 0.040100 0.093300 0.071500 0.061200 0.051400 0.051100 0.051800 0.040600 0.029700 0.084400 0.095400 0.060300 0.104400 0.000000 0.060900 0.071900 0.095300 0.061200 0.019800 0.051100 0.104300 0.019900 0.093300 0.093900 0.104600 0.105400 0.051100 0.072600 0.040600 0.072100 0.030100 0.060500 0.072100 0.072300 0.019800 0.082700 0.094900 0.040600 0.061100 0.039600 0.040700 0.071500 0.115300 0.093300 0.103600
BarbaryShe 0.029700 0.318000 0.091300 0.153100 0.029500 0.050200 0.071500 0.060000 0.091300 0.069800 0.029600 0.050300 0.050000 0.050600 0.039800 0.049500 0.082500 0.093500 0.039000 0.102200 0.060900 0.000000 0.070200 0.093200 0.029600 0.039500 0.050000 0.102000 0.039800 0.091300 0.091700 0.102300 0.093100 0.050000 0.071100 0.039700 0.039800 0.029500 0.080600 0.070500 0.070600 0.039500 0.080700 0.092700 0.039700 0.059800 0.059400 0.039800 0.029300 0.112400 0.091300 0.101400
Daviddeer 0.081900 0.251300 0.081100 0.092800 0.039800 0.093000 0.050500 0.070700 0.081100 0.019400 0.081500 0.040300 0.060600 0.050700 0.039900 0.060000 0.009900 0.020000 0.069500 0.091800 0.071900 0.070200 0.000000 0.019900 0.081500 0.049900 0.060600 0.091700 0.050200 0.081100 0.019600 0.102200 0.040400 0.060600 0.082000 0.029800 0.092700 0.039700 0.070500 0.019600 0.000100 0.049900 0.009700 0.019800 0.029800 0.049700 0.070000 0.050200 0.080900 0.049300 0.081100 0.091100
Reindeer 0.105500 0.268600 0.104600 0.105900 0.061500 0.117100 0.072900 0.093600 0.104600 0.040000 0.105100 0.062300 0.083300 0.073300 0.061600 0.082400 0.030700 0.041100 0.092100 0.115800 0.095300 0.093200 0.019900 0.000000 0.105100 0.072000 0.083300 0.115700 0.072500 0.104600 0.040400 0.126900 0.062300 0.083300 0.105700 0.051200 0.116700 0.061400 0.093400 0.040400 0.020000 0.072000 0.030000 0.000000 0.051200 0.071600 0.092700 0.072400 0.104200 0.071200 0.104600 0.115000
Ibex 0.000100 0.321000 0.102800 0.172800 0.039900 0.019900 0.082900 0.070900 0.102800 0.081000 0.000000 0.061200 0.060600 0.061600 0.049700 0.060200 0.094200 0.105400 0.049300 0.113900 0.061200 0.029600 0.081500 0.105100 0.000000 0.049900 0.060600 0.113800 0.050400 0.102800 0.103500 0.114100 0.082800 0.060600 0.082300 0.050200 0.009800 0.039700 0.091600 0.081700 0.082000 0.049900 0.092300 0.104600 0.050200 0.070700 0.069900 0.050400 0.060100 0.124700 0.102800 0.113100
GyrantGaze 0.050400 0.292000 0.070500 0.137300 0.009800 0.071500 0.050700 0.019500 0.070500 0.049600 0.049900 0.030000 0.029700 0.030200 0.019200 0.009600 0.061500 0.072200 0.039100 0.081100 0.019800 0.039500 0.049900 0.072000 0.049900 0.000000 0.029700 0.081000 0.000000 0.070500 0.070900 0.081200 0.093600 0.029700 0.050400 0.019700 0.060600 0.009700 0.038200 0.050000 0.050200 0.000000 0.060300 0.071600 0.019700 0.039600 0.018900 0.019800 0.049600 0.091500 0.070500 0.080500
Hartebeest 0.061200 0.308600 0.081500 0.149700 0.019800 0.082800 0.061600 0.050300 0.081500 0.060200 0.060600 0.040500 0.000000 0.040700 0.028900 0.039800 0.072600 0.083500 0.049400 0.092400 0.051100 0.050000 0.060600 0.083300 0.060600 0.029700 0.000000 0.092300 0.030000 0.081500 0.082000 0.092600 0.105300 0.000000 0.061200 0.028700 0.071500 0.019700 0.070700 0.060700 0.060900 0.029700 0.071100 0.082900 0.029900 0.050000 0.049600 0.030000 0.060300 0.091800 0.081500 0.091700
Bongo 0.114300 0.319800 0.009800 0.160400 0.070600 0.137100 0.093300 0.102600 0.009800 0.091000 0.113800 0.050500 0.092300 0.093600 0.081600 0.091400 0.104900 0.116200 0.079700 0.019600 0.104300 0.102000 0.091700 0.115700 0.113800 0.081000 0.092300 0.000000 0.081700 0.009800 0.092000 0.147400 0.138500 0.092300 0.071300 0.060500 0.125400 0.070500 0.124200 0.092100 0.092200 0.081000 0.081000 0.115200 0.060500 0.102400 0.080200 0.071100 0.091400 0.146300 0.009800 0.000100
Gerenuk 0.050600 0.294300 0.070800 0.138500 0.009900 0.071900 0.051100 0.019600 0.070800 0.049900 0.050400 0.030200 0.030000 0.030300 0.019900 0.009700 0.062000 0.072800 0.039400 0.081800 0.019900 0.039800 0.050200 0.072500 0.050400 0.000000 0.030000 0.081700 0.000000 0.070800 0.071400 0.081900 0.094400 0.030000 0.050800 0.019900 0.061100 0.009800 0.039500 0.050400 0.050500 0.000000 0.060600 0.072200 0.019900 0.039900 0.019400 0.019900 0.050000 0.092300 0.070800 0.081200
CommonElan 0.103300 0.305200 0.000000 0.148700 0.060200 0.125800 0.082400 0.091800 0.000000 0.080500 0.102800 0.040200 0.081500 0.082400 0.071000 0.080700 0.093900 0.105000 0.069300 0.009800 0.093300 0.091300 0.081100 0.104600 0.102800 0.070500 0.081500 0.009800 0.070800 0.000000 0.081300 0.135800 0.127100 0.081500 0.060800 0.050100 0.114300 0.060100 0.113100 0.081400 0.081500 0.070500 0.070500 0.104100 0.050100 0.091600 0.069800 0.060600 0.080800 0.135000 0.000000 0.009700
MuntiacusR 0.104000 0.251300 0.081300 0.093100 0.060600 0.115400 0.050600 0.092300 0.081300 0.019500 0.103500 0.061300 0.082000 0.072100 0.060800 0.081300 0.030200 0.040500 0.069800 0.092100 0.093900 0.091700 0.019600 0.040400 0.103500 0.070900 0.082000 0.092000 0.071400 0.081300 0.000000 0.124800 0.061500 0.082000 0.082300 0.050500 0.115000 0.060500 0.092000 0.039900 0.019700 0.070900 0.009500 0.040200 0.050500 0.070600 0.070200 0.060900 0.102700 0.070200 0.081300 0.091400
HarveysDui 0.114600 0.334000 0.135800 0.196200 0.070800 0.113800 0.071000 0.103000 0.135800 0.101700 0.114100 0.093000 0.092600 0.050300 0.070400 0.091700 0.115700 0.104500 0.090600 0.147500 0.104600 0.102300 0.102200 0.126900 0.114100 0.081200 0.092600 0.147400 0.081900 0.135800 0.124800 0.000000 0.148500 0.092600 0.114900 0.081700 0.125500 0.070700 0.124600 0.113900 0.102700 0.081200 0.113200 0.126200 0.081700 0.102500 0.091200 0.081800 0.113200 0.146700 0.135800 0.146400
Pronghorn 0.083400 0.311800 0.127100 0.137200 0.081800 0.083500 0.094800 0.115800 0.127100 0.060900 0.082800 0.084000 0.105300 0.095300 0.083100 0.104200 0.051900 0.060100 0.113900 0.137500 0.105400 0.093100 0.040400 0.062300 0.082800 0.093600 0.105300 0.138500 0.094400 0.127100 0.061500 0.148500 0.000000 0.105300 0.128500 0.072500 0.093100 0.082800 0.115400 0.061500 0.040600 0.093600 0.050800 0.062000 0.072500 0.093400 0.114700 0.094400 0.104100 0.091600 0.127100 0.137600
BlueWildeb 0.061200 0.308600 0.081500 0.149700 0.019800 0.082800 0.061600 0.050300 0.081500 0.060200 0.060600 0.040500 0.000000 0.040700 0.029900 0.039800 0.072600 0.083500 0.049400 0.092400 0.051100 0.050000 0.060600 0.083300 0.060600 0.029700 0.000000 0.092300 0.030000 0.081500 0.082000 0.092600 0.105300 0.000000 0.061200 0.029900 0.071500 0.019300 0.070700 0.060700 0.060900 0.029700 0.071100 0.082900 0.029100 0.050000 0.049600 0.030000 0.060300 0.091800 0.081500 0.091700
Gemsbok 0.082700 0.279900 0.060800 0.150300 0.040200 0.104800 0.061800 0.050300 0.060800 0.060400 0.082300 0.040700 0.061200 0.062100 0.050700 0.060600 0.094900 0.106200 0.049600 0.050300 0.072600 0.071100 0.082000 0.105700 0.082300 0.050400 0.061200 0.071300 0.050800 0.060800 0.082300 0.114900 0.128500 0.061200 0.000000 0.050700 0.092700 0.040100 0.092600 0.082300 0.082400 0.050400 0.071300 0.105300 0.050700 0.071300 0.049900 0.040400 0.081700 0.081800 0.060800 0.070800
Yak 0.050700 0.267300 0.050100 0.115600 0.009800 0.072100 0.051100 0.040000 0.050100 0.050000 0.050200 0.010000 0.029200 0.030400 0.019100 0.029700 0.040900 0.051400 0.039300 0.060600 0.040600 0.039700 0.029800 0.051200 0.050200 0.019700 0.028700 0.060500 0.019900 0.050100 0.050500 0.081700 0.072500 0.029900 0.050700 0.000000 0.061000 0.009800 0.060200 0.029900 0.030000 0.019100 0.040000 0.051000 0.000000 0.039800 0.039400 0.019900 0.050000 0.081300 0.050100 0.060100
BlueSheep 0.009900 0.323400 0.114300 0.185700 0.050300 0.030200 0.093400 0.081800 0.114300 0.092100 0.009800 0.072100 0.071500 0.072500 0.061000 0.070800 0.105800 0.116900 0.059800 0.125500 0.072100 0.039800 0.092700 0.116700 0.009800 0.060600 0.071500 0.125400 0.061100 0.114300 0.115000 0.125500 0.093100 0.071500 0.092700 0.061000 0.000000 0.050200 0.103100 0.092900 0.093100 0.060600 0.103600 0.116100 0.061000 0.081600 0.081000 0.061100 0.070700 0.136400 0.114300 0.124600
BohorReedb 0.040100 0.278600 0.060100 0.126000 0.000100 0.061000 0.040400 0.029700 0.060100 0.039500 0.039700 0.019900 0.019300 0.020000 0.009800 0.019600 0.051000 0.061600 0.029200 0.070600 0.030100 0.029500 0.039700 0.061400 0.039700 0.009700 0.019700 0.070500 0.009800 0.060100 0.060500 0.070700 0.082800 0.019300 0.040100 0.009800 0.050200 0.000000 0.049600 0.039800 0.039900 0.009600 0.050000 0.061100 0.009600 0.029500 0.029200 0.009800 0.039500 0.081000 0.060100 0.070100
KirksDik 0.092500 0.319300 0.113100 0.159900 0.049900 0.114700 0.093200 0.059600 0.113100 0.070100 0.091600 0.071400 0.070700 0.071900 0.060200 0.049200 0.082600 0.093600 0.079700 0.124400 0.060500 0.080600 0.070500 0.093400 0.091600 0.038200 0.070700 0.124200 0.039500 0.113100 0.092000 0.124600 0.115400 0.070700 0.092600 0.060200 0.103100 0.049600 0.000000 0.070700 0.070800 0.038500 0.081000 0.092900 0.060200 0.059900 0.058800 0.060500 0.091200 0.112900 0.113100 0.123400
RoeDeer 0.082100 0.279400 0.081400 0.115400 0.039900 0.104400 0.061300 0.070900 0.081400 0.039500 0.081700 0.040400 0.060700 0.061600 0.050400 0.060100 0.030300 0.040600 0.069700 0.092200 0.072100 0.070500 0.019600 0.040400 0.081700 0.050000 0.060700 0.092100 0.050400 0.081400 0.039900 0.113900 0.061500 0.060700 0.082300 0.029900 0.092900 0.039800 0.070700 0.000000 0.019700 0.050000 0.029600 0.038100 0.029900 0.049800 0.070200 0.050300 0.081100 0.070200 0.081400 0.091500
WhiteLippe 0.082300 0.252600 0.081500 0.093300 0.040000 0.093400 0.050700 0.071100 0.081500 0.019500 0.082000 0.040500 0.060900 0.051000 0.040100 0.060300 0.010000 0.020100 0.069900 0.092300 0.072300 0.070600 0.000100 0.020000 0.082000 0.050200 0.060900 0.092200 0.050500 0.081500 0.019700 0.102700 0.040600 0.060900 0.082400 0.030000 0.093100 0.039900 0.070800 0.019700 0.000000 0.050200 0.009800 0.019900 0.030000 0.049900 0.070300 0.050400 0.081300 0.049600 0.081500 0.091600
ThomsonGaz 0.050400 0.292000 0.070500 0.137300 0.009800 0.071500 0.050700 0.019500 0.070500 0.049600 0.049900 0.030000 0.029700 0.030200 0.019700 0.009600 0.061500 0.072200 0.039100 0.081100 0.019800 0.039500 0.049900 0.072000 0.049900 0.000000 0.029700 0.081000 0.000000 0.070500 0.070900 0.081200 0.093600 0.029700 0.050400 0.019100 0.060600 0.009600 0.038500 0.050000 0.050200 0.000000 0.060300 0.071600 0.019700 0.039600 0.018800 0.019800 0.049600 0.091500 0.070500 0.080500
MuntiacusC 0.092700 0.237900 0.070500 0.082000 0.050000 0.103900 0.040100 0.081300 0.070500 0.009500 0.092300 0.050700 0.071100 0.061200 0.050200 0.070400 0.020000 0.030100 0.059200 0.081100 0.082700 0.080700 0.009700 0.030000 0.092300 0.060300 0.071100 0.081000 0.060600 0.070500 0.009500 0.113200 0.050800 0.071100 0.071300 0.040000 0.103600 0.050000 0.081000 0.029600 0.009800 0.060300 0.000000 0.029900 0.040000 0.060000 0.059600 0.050200 0.091600 0.059600 0.070500 0.080500
WhiteTaile 0.105000 0.267400 0.104100 0.105400 0.061200 0.116500 0.072500 0.093300 0.104100 0.039800 0.104600 0.061900 0.082900 0.072900 0.061300 0.082000 0.030500 0.040900 0.091700 0.115300 0.094900 0.092700 0.019800 0.000000 0.104600 0.071600 0.082900 0.115200 0.072200 0.104100 0.040200 0.126200 0.062000 0.082900 0.105300 0.051000 0.116100 0.061100 0.092900 0.038100 0.019900 0.071600 0.029900 0.000000 0.051000 0.071200 0.092300 0.072000 0.103700 0.070900 0.104100 0.114400
Cattle 0.050700 0.267300 0.050100 0.115600 0.009800 0.072100 0.051100 0.040000 0.050100 0.050000 0.050200 0.010000 0.029900 0.030400 0.019400 0.029700 0.040900 0.051400 0.039300 0.060600 0.040600 0.039700 0.029800 0.051200 0.050200 0.019700 0.029900 0.060500 0.019900 0.050100 0.050500 0.081700 0.072500 0.029100 0.050700 0.000000 0.061000 0.009600 0.060200 0.029900 0.030000 0.019700 0.040000 0.051000 0.000000 0.039800 0.039400 0.019900 0.050000 0.081300 0.050100 0.060100
RoyalAntel 0.071100 0.319000 0.091600 0.137000 0.029600 0.092800 0.071700 0.060100 0.091600 0.049400 0.070700 0.050400 0.050000 0.050700 0.039800 0.049600 0.061200 0.071900 0.059100 0.102500 0.061100 0.059800 0.049700 0.071600 0.070700 0.039600 0.050000 0.102400 0.039900 0.091600 0.070600 0.102500 0.093400 0.050000 0.071300 0.039800 0.081600 0.029500 0.059900 0.049800 0.049900 0.039600 0.060000 0.071200 0.039800 0.000000 0.059500 0.039900 0.070200 0.091300 0.091600 0.101700
Steenbok 0.070600 0.288600 0.069800 0.136000 0.029400 0.092100 0.040000 0.039000 0.069800 0.049100 0.069900 0.050000 0.049600 0.040100 0.039400 0.029000 0.082100 0.093100 0.038700 0.080400 0.039600 0.059400 0.070000 0.092700 0.069900 0.018900 0.049600 0.080200 0.019400 0.069800 0.070200 0.091200 0.114700 0.049600 0.049900 0.039400 0.081000 0.029200 0.058800 0.070200 0.070300 0.018800 0.059600 0.092300 0.039400 0.059500 0.000000 0.029600 0.069600 0.112200 0.069800 0.079700
Impala 0.050800 0.281400 0.060600 0.127100 0.009800 0.072100 0.040700 0.040000 0.060600 0.039700 0.050400 0.030200 0.030000 0.030400 0.019900 0.029700 0.061800 0.072600 0.029400 0.071200 0.040700 0.039800 0.050200 0.072400 0.050400 0.019800 0.030000 0.071100 0.019900 0.060600 0.060900 0.081800 0.094400 0.030000 0.040400 0.019900 0.061100 0.009800 0.060500 0.050300 0.050400 0.019800 0.050200 0.072000 0.019900 0.039900 0.029600 0.000000 0.050000 0.092200 0.060600 0.070700
Klipspring 0.060500 0.304200 0.080800 0.170800 0.039600 0.081800 0.082200 0.070400 0.080800 0.080400 0.060100 0.060700 0.060300 0.061100 0.050000 0.059700 0.071900 0.082800 0.069200 0.091500 0.071500 0.029300 0.080900 0.104200 0.060100 0.049600 0.060300 0.091400 0.050000 0.080800 0.102700 0.113200 0.104100 0.060300 0.081700 0.050000 0.070700 0.039500 0.091200 0.081100 0.081300 0.049600 0.091600 0.103700 0.050000 0.070200 0.069600 0.050000 0.000000 0.123700 0.080800 0.090800
ForestMusk 0.125600 0.290400 0.135000 0.148000 0.081100 0.136800 0.092700 0.091500 0.135000 0.059400 0.124700 0.092300 0.091800 0.093200 0.081300 0.102000 0.060900 0.071300 0.111500 0.123800 0.115300 0.112400 0.049300 0.071200 0.124700 0.091500 0.091800 0.146300 0.092300 0.135000 0.070200 0.146700 0.091600 0.091800 0.081800 0.081300 0.136400 0.081000 0.112900 0.070200 0.049600 0.091500 0.059600 0.070900 0.081300 0.091300 0.112200 0.092200 0.123700 0.000000 0.135000 0.145400
Bushbuck 0.103300 0.305200 0.000000 0.148700 0.060200 0.125800 0.082400 0.091800 0.000000 0.080500 0.102800 0.040200 0.081500 0.082400 0.071000 0.080700 0.093900 0.105000 0.069300 0.009800 0.093300 0.091300 0.081100 0.104600 0.102800 0.070500 0.081500 0.009800 0.070800 0.000000 0.081300 0.135800 0.127100 0.081500 0.060800 0.050100 0.114300 0.060100 0.113100 0.081400 0.081500 0.070500 0.070500 0.104100 0.050100 0.091600 0.069800 0.060600 0.080800 0.135000 0.000000 0.009700
GreaterKud 0.113600 0.316300 0.009700 0.158900 0.070200 0.136200 0.092700 0.101900 0.009700 0.090500 0.113100 0.050200 0.091700 0.093000 0.081100 0.090800 0.104200 0.115400 0.079200 0.019500 0.103600 0.101400 0.091100 0.115000 0.113100 0.080500 0.091700 0.000100 0.081200 0.009700 0.091400 0.146400 0.137600 0.091700 0.070800 0.060100 0.124600 0.070100 0.123400 0.091500 0.091600 0.080500 0.080500 0.114400 0.060100 0.101700 0.079700 0.070700 0.090800 0.145400 0.009700 0.000000
