1
52 1
Argali 0.000000 0.203200 0.071500 0.190500 0.056500 0.004300 0.065500 0.092900 0.065600 0.080300 0.015100 0.056200 0.049300 0.071500 0.065700 0.071700 0.078100 0.078200 0.033800 0.062300 0.070500 0.018400 0.081700 0.091400 0.014000 0.065800 0.041400 0.062200 0.070300 0.064500 0.082700 0.070500 0.091300 0.041400 0.044500 0.052800 0.015100 0.059900 0.088700 0.088600 0.082900 0.069200 0.079100 0.094800 0.048400 0.058800 0.075000 0.057400 0.095300 0.076000 0.069200 0.065700
LesserMous 0.203200 0.000000 0.202600 0.226900 0.204100 0.202900 0.216000 0.232800 0.197200 0.178600 0.201400 0.197200 0.199100 0.224500 0.203800 0.220500 0.188300 0.189700 0.202700 0.198700 0.212000 0.209300 0.184300 0.194000 0.201600 0.209000 0.198000 0.198600 0.204600 0.200000 0.180100 0.220700 0.196700 0.192400 0.196000 0.184600 0.204200 0.213300 0.214700 0.192000 0.180300 0.214200 0.180000 0.196800 0.180800 0.217300 0.212500 0.207100 0.244000 0.195400 0.208100 0.204000
LesserKudu 0.071500 0.202600 0.000000 0.179100 0.070300 0.073700 0.083100 0.098900 0.022700 0.077900 0.078400 0.049500 0.078200 0.090500 0.066800 0.090600 0.072200 0.074500 0.068900 0.015100 0.087000 0.081900 0.075700 0.094600 0.077300 0.084700 0.070100 0.015100 0.084500 0.015100 0.080200 0.084400 0.087600 0.070000 0.067500 0.048300 0.078400 0.072500 0.110500 0.084900 0.079200 0.085800 0.076700 0.091000 0.046100 0.067000 0.085700 0.066800 0.100000 0.081800 0.026000 0.019400
KillerWhal 0.190500 0.226900 0.179100 0.000000 0.187600 0.190200 0.198700 0.212300 0.177700 0.168200 0.192800 0.174000 0.180300 0.199000 0.189800 0.201800 0.165700 0.160600 0.176600 0.181900 0.200500 0.198100 0.180400 0.180300 0.195700 0.189700 0.180500 0.173900 0.188000 0.180500 0.169500 0.201800 0.177800 0.175000 0.185200 0.167000 0.194200 0.188600 0.209600 0.176100 0.176400 0.193400 0.164400 0.173800 0.164600 0.180100 0.192000 0.175600 0.214800 0.175200 0.184400 0.176500
DefassaWat 0.056500 0.204100 0.070300 0.187600 0.000000 0.058700 0.073800 0.086700 0.062200 0.080400 0.058700 0.057500 0.062000 0.079900 0.067900 0.071600 0.073500 0.071000 0.055200 0.061100 0.069300 0.064400 0.085300 0.086500 0.059900 0.061200 0.056300 0.058800 0.065700 0.063400 0.082700 0.074200 0.085200 0.051700 0.051500 0.052900 0.059900 0.018300 0.085000 0.082700 0.086400 0.064600 0.079200 0.091200 0.048400 0.060000 0.069200 0.057500 0.095800 0.078400 0.068000 0.062200
Sheep 0.004300 0.202900 0.073700 0.190200 0.058700 0.000000 0.067800 0.092700 0.065600 0.082600 0.015100 0.058500 0.051500 0.073800 0.067900 0.073900 0.080300 0.080500 0.036000 0.064500 0.072700 0.018300 0.084000 0.093700 0.014000 0.068100 0.043700 0.064500 0.072600 0.066800 0.085000 0.072800 0.091200 0.043600 0.046800 0.055100 0.017300 0.062100 0.091000 0.088500 0.085200 0.071500 0.081400 0.097100 0.050600 0.058700 0.074900 0.059700 0.096400 0.078300 0.071500 0.067900
MaxwellsDu 0.065500 0.216000 0.083100 0.198700 0.073800 0.067800 0.000000 0.084600 0.079600 0.091200 0.073700 0.072600 0.079500 0.032800 0.078400 0.075100 0.092300 0.094800 0.072400 0.080900 0.073900 0.077200 0.087800 0.100000 0.072600 0.071500 0.071400 0.076100 0.071400 0.080800 0.091200 0.033000 0.107100 0.066700 0.066300 0.071200 0.073700 0.073800 0.096100 0.095900 0.091400 0.074900 0.087700 0.104700 0.064300 0.067000 0.075100 0.073700 0.101000 0.091200 0.085500 0.079600
GazellaPrz 0.092900 0.232800 0.098900 0.212300 0.086700 0.092700 0.084600 0.000000 0.092800 0.110400 0.096000 0.092500 0.097300 0.087200 0.091600 0.056400 0.110100 0.110200 0.088800 0.098900 0.053000 0.100800 0.107000 0.125600 0.094900 0.056400 0.089100 0.096500 0.052800 0.098900 0.112900 0.082700 0.121500 0.086600 0.082800 0.089100 0.099700 0.090100 0.086200 0.110300 0.108200 0.055200 0.109200 0.124200 0.084400 0.078500 0.065500 0.090100 0.113400 0.116500 0.106000 0.097600
MountainNy 0.065600 0.197200 0.022700 0.177700 0.062200 0.065600 0.079600 0.092800 0.000000 0.074300 0.070100 0.046100 0.072300 0.082200 0.071400 0.084700 0.071000 0.073300 0.063100 0.014000 0.081100 0.073600 0.072200 0.088700 0.069000 0.078700 0.064300 0.014000 0.078600 0.018300 0.076700 0.078800 0.081700 0.064200 0.064000 0.049400 0.072500 0.069000 0.099600 0.079000 0.073300 0.079800 0.073200 0.087400 0.042700 0.061200 0.078600 0.067900 0.101100 0.079500 0.027100 0.022700
MuntiacusM 0.080300 0.178600 0.077900 0.168200 0.080400 0.082600 0.091200 0.110400 0.074300 0.000000 0.082500 0.065100 0.081200 0.088800 0.086200 0.093700 0.055700 0.056900 0.071800 0.075600 0.092500 0.088400 0.027100 0.044900 0.081400 0.090100 0.077800 0.075600 0.085200 0.075600 0.006400 0.091100 0.073200 0.075400 0.075000 0.063800 0.087200 0.084700 0.106300 0.031400 0.028200 0.088800 0.003200 0.038200 0.057000 0.081700 0.091100 0.079100 0.115600 0.067400 0.080200 0.074400
goat 0.015100 0.201400 0.078400 0.192800 0.058700 0.015100 0.073700 0.096000 0.070100 0.082500 0.000000 0.063100 0.055000 0.077400 0.071300 0.077400 0.080300 0.080400 0.040500 0.069100 0.075000 0.018300 0.086300 0.091300 0.009700 0.069200 0.047100 0.069100 0.076000 0.066700 0.084900 0.074100 0.093600 0.044800 0.045700 0.055000 0.015100 0.066700 0.095700 0.086100 0.086200 0.074900 0.081400 0.094600 0.055100 0.060900 0.076000 0.063100 0.101000 0.078200 0.073800 0.067800
AfricanBuf 0.056200 0.197200 0.049500 0.174000 0.057500 0.058500 0.072600 0.092500 0.046100 0.065100 0.063100 0.000000 0.061900 0.075200 0.064300 0.082200 0.059500 0.061800 0.056000 0.045000 0.073900 0.066600 0.062900 0.081600 0.062000 0.076300 0.053900 0.042800 0.073800 0.042800 0.067400 0.077400 0.074700 0.053900 0.056000 0.035900 0.063100 0.065400 0.092000 0.067400 0.066300 0.075000 0.063900 0.075700 0.033800 0.058800 0.077400 0.063100 0.098300 0.069000 0.047200 0.043900
Topi 0.049300 0.199100 0.078200 0.180300 0.062000 0.051500 0.079500 0.097300 0.072300 0.081200 0.055000 0.061900 0.000000 0.089100 0.072200 0.082000 0.079100 0.081500 0.042500 0.071300 0.078400 0.058400 0.090900 0.096900 0.053900 0.076100 0.007500 0.068900 0.078300 0.073600 0.088300 0.082200 0.081700 0.016100 0.042400 0.065200 0.055000 0.065300 0.089600 0.090700 0.092100 0.079500 0.084800 0.093300 0.058400 0.062100 0.080700 0.065300 0.100600 0.084000 0.078200 0.073500
CommonDuik 0.071500 0.224500 0.090500 0.199000 0.079900 0.073800 0.032800 0.087200 0.082200 0.088800 0.077400 0.075200 0.089100 0.000000 0.085700 0.077600 0.097400 0.099800 0.077300 0.088200 0.078800 0.080900 0.085500 0.108500 0.075100 0.072800 0.080900 0.083500 0.073900 0.088200 0.091200 0.021900 0.109700 0.078500 0.074700 0.077300 0.077400 0.082100 0.098700 0.097100 0.086600 0.077400 0.085300 0.107200 0.070400 0.073100 0.076500 0.078600 0.114800 0.103500 0.092900 0.084600
Suni 0.065700 0.203800 0.066800 0.189800 0.067900 0.067900 0.078400 0.091600 0.071400 0.086200 0.071300 0.064300 0.072200 0.085700 0.000000 0.082200 0.083900 0.083900 0.062000 0.070300 0.081000 0.073600 0.082800 0.092300 0.071400 0.078600 0.064200 0.070300 0.077300 0.069100 0.088600 0.077600 0.099600 0.064200 0.063900 0.061900 0.070200 0.072400 0.106800 0.089600 0.081600 0.082000 0.085000 0.090000 0.055100 0.068000 0.078500 0.056300 0.095100 0.089700 0.078400 0.070200
Springbuck 0.071700 0.220500 0.090600 0.201800 0.071600 0.073900 0.075100 0.056400 0.084700 0.093700 0.077400 0.082200 0.082000 0.077600 0.082200 0.000000 0.094900 0.097300 0.070300 0.088300 0.040700 0.082100 0.095100 0.113400 0.076300 0.032800 0.076200 0.085900 0.029400 0.088300 0.098500 0.075400 0.108400 0.073800 0.070100 0.073900 0.078600 0.079700 0.071000 0.100800 0.096300 0.032700 0.094900 0.109600 0.070500 0.067200 0.055500 0.071600 0.111300 0.100100 0.095400 0.087000
Okapi 0.078100 0.188300 0.072200 0.165700 0.073500 0.080300 0.092300 0.110100 0.071000 0.055700 0.080300 0.059500 0.079100 0.097400 0.083900 0.094900 0.000000 0.026900 0.070800 0.069900 0.088900 0.088500 0.068400 0.077800 0.083900 0.088900 0.075700 0.067600 0.086500 0.065200 0.062600 0.094900 0.060700 0.071000 0.074000 0.055900 0.085000 0.079200 0.112300 0.068300 0.069600 0.090000 0.059200 0.071900 0.049200 0.075900 0.092500 0.078000 0.108700 0.059600 0.069800 0.066400
Giraffe 0.078200 0.189700 0.074500 0.160600 0.071000 0.080500 0.094800 0.110200 0.073300 0.056900 0.080400 0.061800 0.081500 0.099800 0.083900 0.097300 0.026900 0.000000 0.066400 0.069900 0.089000 0.086300 0.067400 0.080200 0.084100 0.086600 0.075700 0.067600 0.086500 0.067600 0.061500 0.097300 0.067600 0.071000 0.074000 0.056000 0.082800 0.076700 0.112400 0.068400 0.068500 0.088900 0.058100 0.072000 0.049300 0.080700 0.090200 0.078000 0.108800 0.061900 0.069900 0.068800
TibetanAnt 0.033800 0.202700 0.068900 0.176600 0.055200 0.036000 0.072400 0.088800 0.063100 0.071800 0.040500 0.056000 0.042500 0.077300 0.062000 0.070300 0.070800 0.066400 0.000000 0.062000 0.069100 0.043800 0.079100 0.086300 0.039400 0.064500 0.034700 0.059700 0.066700 0.062000 0.076500 0.072800 0.083900 0.034700 0.040100 0.053800 0.040500 0.056300 0.084900 0.078800 0.080200 0.065500 0.073000 0.087300 0.047000 0.057500 0.069000 0.056100 0.093500 0.078100 0.069000 0.063100
Sitatunga 0.062300 0.198700 0.015100 0.181900 0.061100 0.064500 0.080900 0.098900 0.014000 0.075600 0.069100 0.045000 0.071300 0.088200 0.070300 0.088300 0.069900 0.069900 0.062000 0.000000 0.082400 0.072600 0.073400 0.090000 0.068000 0.080000 0.063200 0.006400 0.079900 0.010700 0.078000 0.082200 0.083000 0.063200 0.062900 0.043800 0.069100 0.068000 0.103300 0.080300 0.074600 0.081100 0.074500 0.086400 0.039400 0.064700 0.082200 0.066800 0.100100 0.073700 0.019400 0.015100
Oribi 0.070500 0.212000 0.087000 0.200500 0.069300 0.072700 0.073900 0.053000 0.081100 0.092500 0.075000 0.073900 0.078400 0.078800 0.081000 0.040700 0.088900 0.089000 0.069100 0.082400 0.000000 0.078500 0.091500 0.107300 0.072700 0.038400 0.070400 0.080000 0.037200 0.077600 0.094900 0.074300 0.107200 0.068000 0.063100 0.065700 0.077400 0.075000 0.062800 0.099700 0.092700 0.040600 0.091300 0.106000 0.064600 0.067100 0.049800 0.072700 0.099100 0.096400 0.087000 0.078700
BarbaryShe 0.018400 0.209300 0.081900 0.198100 0.064400 0.018300 0.077200 0.100800 0.073600 0.088400 0.018300 0.066600 0.058400 0.080900 0.073600 0.082100 0.088500 0.086300 0.043800 0.072600 0.078500 0.000000 0.089800 0.097200 0.012900 0.076200 0.050500 0.072600 0.080700 0.074900 0.090800 0.075200 0.099500 0.050500 0.053700 0.058500 0.020500 0.070100 0.099400 0.092000 0.091000 0.079600 0.087200 0.103000 0.058500 0.066800 0.083100 0.067700 0.099800 0.084100 0.082000 0.076000
Daviddeer 0.081700 0.184300 0.075700 0.180400 0.085300 0.084000 0.087800 0.107000 0.072200 0.027100 0.086300 0.062900 0.090900 0.085500 0.082800 0.095100 0.068400 0.067400 0.079100 0.073400 0.091500 0.089800 0.000000 0.047300 0.082800 0.093900 0.085100 0.075700 0.089000 0.075700 0.029300 0.085400 0.086200 0.085000 0.079900 0.063900 0.088600 0.089700 0.110300 0.039300 0.007500 0.092600 0.026000 0.043800 0.057200 0.081900 0.092500 0.081600 0.116000 0.071000 0.082700 0.076900
Reindeer 0.091400 0.194000 0.094600 0.180300 0.086500 0.093700 0.100000 0.125600 0.088700 0.044900 0.091300 0.081600 0.096900 0.108500 0.092300 0.113400 0.077800 0.080200 0.086300 0.090000 0.107300 0.097200 0.047300 0.000000 0.090100 0.107300 0.091000 0.087600 0.098600 0.091100 0.047200 0.103700 0.095800 0.091000 0.084600 0.077900 0.093600 0.093300 0.124100 0.050500 0.048400 0.108400 0.041600 0.028200 0.071000 0.095100 0.105900 0.087600 0.131100 0.088700 0.095900 0.089900
Ibex 0.014000 0.201600 0.077300 0.195700 0.059900 0.014000 0.072600 0.094900 0.069000 0.081400 0.009700 0.062000 0.053900 0.075100 0.071400 0.076300 0.083900 0.084100 0.039400 0.068000 0.072700 0.012900 0.082800 0.090100 0.000000 0.070400 0.046000 0.068000 0.075000 0.070300 0.083800 0.071800 0.094800 0.046000 0.049200 0.056200 0.014000 0.065600 0.093400 0.085000 0.084000 0.073800 0.080300 0.093500 0.054000 0.062200 0.077300 0.063100 0.097600 0.081800 0.077400 0.071400
GyrantGaze 0.065800 0.209000 0.084700 0.189700 0.061200 0.068100 0.071500 0.056400 0.078700 0.090100 0.069200 0.076300 0.076100 0.072800 0.078600 0.032800 0.088900 0.086600 0.064500 0.080000 0.038400 0.076200 0.093900 0.107300 0.070400 0.000000 0.070300 0.077600 0.027200 0.077600 0.092500 0.069500 0.107200 0.068000 0.064300 0.065700 0.070400 0.066900 0.064000 0.097200 0.092700 0.015100 0.088900 0.106000 0.064600 0.063700 0.050900 0.069200 0.107500 0.096400 0.084600 0.078700
Hartebeest 0.041400 0.198000 0.070100 0.180500 0.056300 0.043700 0.071400 0.089100 0.064300 0.077800 0.047100 0.053900 0.007500 0.080900 0.064200 0.076200 0.075700 0.075700 0.034700 0.063200 0.070400 0.050500 0.085100 0.091000 0.046000 0.070300 0.000000 0.060900 0.072600 0.065500 0.082500 0.074100 0.080600 0.008500 0.034700 0.057300 0.047100 0.059700 0.083700 0.084800 0.086200 0.071400 0.079000 0.089800 0.050500 0.056400 0.072600 0.057400 0.094700 0.080500 0.072400 0.065500
Bongo 0.062200 0.198600 0.015100 0.173900 0.058800 0.064500 0.076100 0.096500 0.014000 0.075600 0.069100 0.042800 0.068900 0.083500 0.070300 0.085900 0.067600 0.067600 0.059700 0.006400 0.080000 0.072600 0.075700 0.087600 0.068000 0.077600 0.060900 0.000000 0.077500 0.008600 0.077900 0.077400 0.080600 0.058500 0.062900 0.041600 0.069100 0.065600 0.100900 0.080300 0.076900 0.078700 0.072100 0.084000 0.037100 0.062400 0.079800 0.064500 0.097600 0.073700 0.017300 0.012900
Gerenuk 0.070300 0.204600 0.084500 0.188000 0.065700 0.072600 0.071400 0.052800 0.078600 0.085200 0.076000 0.073800 0.078300 0.073900 0.077300 0.029400 0.086500 0.086500 0.066700 0.079900 0.037200 0.080700 0.089000 0.098600 0.075000 0.027200 0.072600 0.077500 0.000000 0.077500 0.087600 0.071700 0.102200 0.070200 0.066500 0.067900 0.074900 0.073700 0.065000 0.092300 0.087700 0.027100 0.084000 0.096100 0.062200 0.063500 0.046300 0.069100 0.107300 0.093900 0.084500 0.076300
CommonElan 0.064500 0.200000 0.015100 0.180500 0.063400 0.066800 0.080800 0.098900 0.018300 0.075600 0.066700 0.042800 0.073600 0.088200 0.069100 0.088300 0.065200 0.067600 0.062000 0.010700 0.077600 0.074900 0.075700 0.091100 0.070300 0.077600 0.065500 0.008600 0.077500 0.000000 0.077900 0.082200 0.082900 0.063100 0.062900 0.041500 0.071400 0.067900 0.103300 0.082600 0.076900 0.081100 0.074400 0.086300 0.041600 0.064700 0.077500 0.064500 0.100000 0.072500 0.012900 0.008600
MuntiacusR 0.082700 0.180100 0.080200 0.169500 0.082700 0.085000 0.091200 0.112900 0.076700 0.006400 0.084900 0.067400 0.088300 0.091200 0.088600 0.098500 0.062600 0.061500 0.076500 0.078000 0.094900 0.090800 0.029300 0.047200 0.083800 0.092500 0.082500 0.077900 0.087600 0.077900 0.000000 0.093600 0.079000 0.077800 0.079700 0.063800 0.089600 0.087100 0.111300 0.033700 0.030400 0.091200 0.005300 0.040400 0.057000 0.084100 0.093500 0.081500 0.118100 0.069700 0.082600 0.076700
HarveysDui 0.070500 0.220700 0.084400 0.201800 0.074200 0.072800 0.033000 0.082700 0.078800 0.091100 0.074100 0.077400 0.082200 0.021900 0.077600 0.075400 0.094900 0.097300 0.072800 0.082200 0.074300 0.075200 0.085400 0.103700 0.071800 0.069500 0.074100 0.077400 0.071700 0.082200 0.093600 0.000000 0.109700 0.071700 0.070200 0.071300 0.071800 0.079600 0.094100 0.095800 0.086500 0.072900 0.087600 0.102300 0.064400 0.073200 0.075500 0.071800 0.104000 0.096200 0.089200 0.083300
Pronghorn 0.091300 0.196700 0.087600 0.177800 0.085200 0.091200 0.107100 0.121500 0.081700 0.073200 0.093600 0.074700 0.081700 0.109700 0.099600 0.108400 0.060700 0.067600 0.083900 0.083000 0.107200 0.099500 0.086200 0.095800 0.094800 0.107200 0.080600 0.080600 0.102200 0.082900 0.079000 0.109700 0.000000 0.075800 0.081400 0.069900 0.099300 0.088600 0.131200 0.082600 0.085000 0.110800 0.076700 0.092200 0.063100 0.085600 0.101100 0.087600 0.125600 0.078300 0.086500 0.079400
BlueWildeb 0.041400 0.192400 0.070000 0.175000 0.051700 0.043600 0.066700 0.086600 0.064200 0.075400 0.044800 0.053900 0.016100 0.078500 0.064200 0.073800 0.071000 0.071000 0.034700 0.063200 0.068000 0.050500 0.085000 0.091000 0.046000 0.068000 0.008500 0.058500 0.070200 0.063100 0.077800 0.071700 0.075800 0.000000 0.036900 0.054900 0.047100 0.057300 0.083600 0.082400 0.086100 0.069000 0.076600 0.089700 0.048200 0.054100 0.070200 0.055100 0.092200 0.075800 0.070000 0.063100
Gemsbok 0.044500 0.196000 0.067500 0.185200 0.051500 0.046800 0.066300 0.082800 0.064000 0.075000 0.045700 0.056000 0.042400 0.074700 0.063900 0.070100 0.074000 0.074000 0.040100 0.062900 0.063100 0.053700 0.079900 0.084600 0.049200 0.064300 0.034700 0.062900 0.066500 0.062900 0.079700 0.070200 0.081400 0.036900 0.000000 0.050200 0.050200 0.059400 0.083100 0.080900 0.081100 0.070000 0.076200 0.088100 0.045800 0.058500 0.067500 0.052600 0.091800 0.077800 0.069800 0.061700
Yak 0.052800 0.184600 0.048300 0.167000 0.052900 0.055100 0.071200 0.089100 0.049400 0.063800 0.055000 0.035900 0.065200 0.077300 0.061900 0.073900 0.055900 0.056000 0.053800 0.043800 0.065700 0.058500 0.063900 0.077900 0.056200 0.065700 0.057300 0.041600 0.067900 0.041500 0.063800 0.071300 0.069900 0.054900 0.050200 0.000000 0.057300 0.060800 0.090800 0.066100 0.065000 0.071400 0.062600 0.072000 0.012900 0.057600 0.073600 0.058500 0.085300 0.060600 0.048300 0.040400
BlueSheep 0.015100 0.204200 0.078400 0.194200 0.059900 0.017300 0.073700 0.099700 0.072500 0.087200 0.015100 0.063100 0.055000 0.077400 0.070200 0.078600 0.085000 0.082800 0.040500 0.069100 0.077400 0.020500 0.088600 0.093600 0.014000 0.070400 0.047100 0.069100 0.074900 0.071400 0.089600 0.071800 0.099300 0.047100 0.050200 0.057300 0.000000 0.065500 0.095800 0.093200 0.089800 0.073800 0.086100 0.097000 0.055100 0.065600 0.082000 0.061900 0.097500 0.082900 0.078500 0.072500
BohorReedb 0.059900 0.213300 0.072500 0.188600 0.018300 0.062100 0.073800 0.090100 0.069000 0.084700 0.066700 0.065400 0.065300 0.082100 0.072400 0.079700 0.079200 0.076700 0.056300 0.068000 0.075000 0.070100 0.089700 0.093300 0.065600 0.066900 0.059700 0.065600 0.073700 0.067900 0.087100 0.079600 0.088600 0.057300 0.059400 0.060800 0.065500 0.000000 0.090800 0.091800 0.090800 0.070300 0.083600 0.098000 0.056300 0.065600 0.066800 0.064300 0.096900 0.082900 0.072500 0.066700
KirksDik 0.088700 0.214700 0.110500 0.209600 0.085000 0.091000 0.096100 0.086200 0.099600 0.106300 0.095700 0.092000 0.089600 0.098700 0.106800 0.071000 0.112300 0.112400 0.084900 0.103300 0.062800 0.099400 0.110300 0.124100 0.093400 0.064000 0.083700 0.100900 0.065000 0.103300 0.111300 0.094100 0.131200 0.083600 0.083100 0.090800 0.095800 0.090800 0.000000 0.121100 0.114000 0.065100 0.107600 0.127600 0.089800 0.091300 0.075600 0.095800 0.125500 0.120300 0.109300 0.104400
RoeDeer 0.088600 0.192000 0.084900 0.176100 0.082700 0.088500 0.095900 0.110300 0.079000 0.031400 0.086100 0.067400 0.090700 0.097100 0.089600 0.100800 0.068300 0.068400 0.078800 0.080300 0.099700 0.092000 0.039300 0.050500 0.085000 0.097200 0.084800 0.080300 0.092300 0.082600 0.033700 0.095800 0.082600 0.082400 0.080900 0.066100 0.093200 0.091800 0.121100 0.000000 0.040400 0.095800 0.030300 0.042600 0.061600 0.085300 0.098300 0.076700 0.118100 0.076600 0.087300 0.081400
WhiteLippe 0.082900 0.180300 0.079200 0.176400 0.086400 0.085200 0.091400 0.108200 0.073300 0.028200 0.086200 0.066300 0.092100 0.086600 0.081600 0.096300 0.069600 0.068500 0.080200 0.074600 0.092700 0.091000 0.007500 0.048400 0.084000 0.092700 0.086200 0.076900 0.087700 0.076900 0.030400 0.086500 0.085000 0.086100 0.081100 0.065000 0.089800 0.090800 0.114000 0.040400 0.000000 0.093700 0.027100 0.045000 0.058300 0.084300 0.091300 0.080400 0.119600 0.072200 0.083900 0.078000
ThomsonGaz 0.069200 0.214200 0.085800 0.193400 0.064600 0.071500 0.074900 0.055200 0.079800 0.088800 0.074900 0.075000 0.079500 0.077400 0.082000 0.032700 0.090000 0.088900 0.065500 0.081100 0.040600 0.079600 0.092600 0.108400 0.073800 0.015100 0.071400 0.078700 0.027100 0.081100 0.091200 0.072900 0.110800 0.069000 0.070000 0.071400 0.073800 0.070300 0.065100 0.095800 0.093700 0.000000 0.087600 0.107000 0.068000 0.067000 0.054300 0.072600 0.108500 0.099900 0.088100 0.083400
MuntiacusC 0.079100 0.180000 0.076700 0.164400 0.079200 0.081400 0.087700 0.109200 0.073200 0.003200 0.081400 0.063900 0.084800 0.085300 0.085000 0.094900 0.059200 0.058100 0.073000 0.074500 0.091300 0.087200 0.026000 0.041600 0.080300 0.088900 0.079000 0.072100 0.084000 0.074400 0.005300 0.087600 0.076700 0.076600 0.076200 0.062600 0.086100 0.083600 0.107600 0.030300 0.027100 0.087600 0.000000 0.034800 0.055900 0.080600 0.089900 0.077900 0.114400 0.068600 0.079100 0.073200
WhiteTaile 0.094800 0.196800 0.091000 0.173800 0.091200 0.097100 0.104700 0.124200 0.087400 0.038200 0.094600 0.075700 0.093300 0.107200 0.090000 0.109600 0.071900 0.072000 0.087300 0.086400 0.106000 0.103000 0.043800 0.028200 0.093500 0.106000 0.089800 0.084000 0.096100 0.086300 0.040400 0.102300 0.092200 0.089700 0.088100 0.072000 0.097000 0.098000 0.127600 0.042600 0.045000 0.107000 0.034800 0.000000 0.065200 0.091400 0.099800 0.086400 0.124600 0.082800 0.091000 0.085100
Cattle 0.048400 0.180800 0.046100 0.164600 0.048400 0.050600 0.064300 0.084400 0.042700 0.057000 0.055100 0.033800 0.058400 0.070400 0.055100 0.070500 0.049200 0.049300 0.047000 0.039400 0.064600 0.058500 0.057200 0.071000 0.054000 0.064600 0.050500 0.037100 0.062200 0.041600 0.057000 0.064400 0.063100 0.048200 0.045800 0.012900 0.055100 0.056300 0.089800 0.061600 0.058300 0.068000 0.055900 0.065200 0.000000 0.053100 0.068100 0.051800 0.084200 0.056200 0.048300 0.040500
RoyalAntel 0.058800 0.217300 0.067000 0.180100 0.060000 0.058700 0.067000 0.078500 0.061200 0.081700 0.060900 0.058800 0.062100 0.073100 0.068000 0.067200 0.075900 0.080700 0.057500 0.064700 0.067100 0.066800 0.081900 0.095100 0.062200 0.063700 0.056400 0.062400 0.063500 0.064700 0.084100 0.073200 0.085600 0.054100 0.058500 0.057600 0.065600 0.065600 0.091300 0.085300 0.084300 0.067000 0.080600 0.091400 0.053100 0.000000 0.067000 0.062200 0.088100 0.090300 0.072800 0.062400
Steenbok 0.075000 0.212500 0.085700 0.192000 0.069200 0.074900 0.075100 0.065500 0.078600 0.091100 0.076000 0.077400 0.080700 0.076500 0.078500 0.055500 0.092500 0.090200 0.069000 0.082200 0.049800 0.083100 0.092500 0.105900 0.077300 0.050900 0.072600 0.079800 0.046300 0.077500 0.093500 0.075500 0.101100 0.070200 0.067500 0.073600 0.082000 0.066800 0.075600 0.098300 0.091300 0.054300 0.089900 0.099800 0.068100 0.067000 0.000000 0.073800 0.098400 0.098700 0.084500 0.077400
Impala 0.057400 0.207100 0.066800 0.175600 0.057500 0.059700 0.073700 0.090100 0.067900 0.079100 0.063100 0.063100 0.065300 0.078600 0.056300 0.071600 0.078000 0.078000 0.056100 0.066800 0.072700 0.067700 0.081600 0.087600 0.063100 0.069200 0.057400 0.064500 0.069100 0.064500 0.081500 0.071800 0.087600 0.055100 0.052600 0.058500 0.061900 0.064300 0.095800 0.076700 0.080400 0.072600 0.077900 0.086400 0.051800 0.062200 0.073800 0.000000 0.089100 0.086500 0.073700 0.065600
Klipspring 0.095300 0.244000 0.100000 0.214800 0.095800 0.096400 0.101000 0.113400 0.101100 0.115600 0.101000 0.098300 0.100600 0.114800 0.095100 0.111300 0.108700 0.108800 0.093500 0.100100 0.099100 0.099800 0.116000 0.131100 0.097600 0.107500 0.094700 0.097600 0.107300 0.100000 0.118100 0.104000 0.125600 0.092200 0.091800 0.085300 0.097500 0.096900 0.125500 0.118100 0.119600 0.108500 0.114400 0.124600 0.084200 0.088100 0.098400 0.089100 0.000000 0.116700 0.107200 0.098700
ForestMusk 0.076000 0.195400 0.081800 0.175200 0.078400 0.078300 0.091200 0.116500 0.079500 0.067400 0.078200 0.069000 0.084000 0.103500 0.089700 0.100100 0.059600 0.061900 0.078100 0.073700 0.096400 0.084100 0.071000 0.088700 0.081800 0.096400 0.080500 0.073700 0.093900 0.072500 0.069700 0.096200 0.078300 0.075800 0.077800 0.060600 0.082900 0.082900 0.120300 0.076600 0.072200 0.099900 0.068600 0.082800 0.056200 0.090300 0.098700 0.086500 0.116700 0.000000 0.080700 0.077200
Bushbuck 0.069200 0.208100 0.026000 0.184400 0.068000 0.071500 0.085500 0.106000 0.027100 0.080200 0.073800 0.047200 0.078200 0.092900 0.078400 0.095400 0.069800 0.069900 0.069000 0.019400 0.087000 0.082000 0.082700 0.095900 0.077400 0.084600 0.072400 0.017300 0.084500 0.012900 0.082600 0.089200 0.086500 0.070000 0.069800 0.048300 0.078500 0.072500 0.109300 0.087300 0.083900 0.088100 0.079100 0.091000 0.048300 0.072800 0.084500 0.073700 0.107200 0.080700 0.000000 0.015100
GreaterKud 0.065700 0.204000 0.019400 0.176500 0.062200 0.067900 0.079600 0.097600 0.022700 0.074400 0.067800 0.043900 0.073500 0.084600 0.070200 0.087000 0.066400 0.068800 0.063100 0.015100 0.078700 0.076000 0.076900 0.089900 0.071400 0.078700 0.065500 0.012900 0.076300 0.008600 0.076700 0.083300 0.079400 0.063100 0.061700 0.040400 0.072500 0.066700 0.104400 0.081400 0.078000 0.083400 0.073200 0.085100 0.040500 0.062400 0.077400 0.065600 0.098700 0.077200 0.015100 0.000000
