CODONML (in paml version 4.10.7, June 2023)  /home/rachel/ruminants_paml/6406-phy-tree/ENSBTAT00000018076.fasta.phy
Model: free dN/dS Ratios for branches,  kappa = 2.000 fixed

Codon frequency model: F3x4
ns =  54  ls =  48

Codon usage in sequences
--------------------------------------------------------------------------------------------------------------------------------------
Phe TTT   0   0   0   0   0   0 | Ser TCT   0   1   0   0   1   1 | Tyr TAT   0   0   0   0   0   0 | Cys TGT   0   0   0   0   0   0
    TTC   2   2   2   2   2   2 |     TCC   1   0   1   1   0   0 |     TAC   0   0   0   0   0   0 |     TGC   0   0   0   0   0   0
Leu TTA   0   0   0   0   0   0 |     TCA   0   0   0   0   0   0 | *** TAA   0   0   0   0   0   0 | *** TGA   0   0   0   0   0   0
    TTG   1   1   1   1   1   1 |     TCG   0   0   0   0   0   0 |     TAG   0   0   0   0   0   0 | Trp TGG   0   0   0   0   0   0
--------------------------------------------------------------------------------------------------------------------------------------
Leu CTT   1   1   1   1   1   1 | Pro CCT   0   1   0   1   0   0 | His CAT   0   0   0   0   0   0 | Arg CGT   1   1   1   1   1   1
    CTC   0   0   0   0   0   0 |     CCC   0   0   0   0   0   0 |     CAC   0   0   0   0   0   0 |     CGC   0   0   0   0   0   0
    CTA   0   0   0   0   0   0 |     CCA   2   3   2   2   3   4 | Gln CAA   0   0   0   0   0   0 |     CGA   0   0   0   0   0   0
    CTG   0   0   0   0   0   0 |     CCG   2   0   2   1   1   0 |     CAG   1   1   1   1   1   1 |     CGG   1   1   1   1   1   1
--------------------------------------------------------------------------------------------------------------------------------------
Ile ATT   1   1   1   1   1   1 | Thr ACT   1   1   1   1   1   1 | Asn AAT   1   1   1   0   1   1 | Ser AGT   0   0   0   0   0   0
    ATC   1   1   1   1   1   1 |     ACC   0   0   0   0   0   0 |     AAC   0   0   0   1   0   0 |     AGC   1   1   1   1   1   1
    ATA   0   0   0   0   0   0 |     ACA   0   0   0   0   0   0 | Lys AAA   4   4   4   4   3   4 | Arg AGA   1   1   1   1   0   1
Met ATG   1   1   1   1   1   1 |     ACG   0   0   0   0   0   0 |     AAG   4   4   4   4   5   4 |     AGG   1   1   1   1   2   1
--------------------------------------------------------------------------------------------------------------------------------------
Val GTT   0   1   0   0   0   0 | Ala GCT   1   1   1   1   0   1 | Asp GAT   2   1   1   1   2   2 | Gly GGT   4   1   4   4   4   4
    GTC   0   0   0   0   0   0 |     GCC   2   2   2   2   2   1 |     GAC   1   2   2   2   1   1 |     GGC   1   2   1   1   1   1
    GTA   0   0   0   0   0   0 |     GCA   3   3   3   3   4   4 | Glu GAA   2   2   2   2   1   2 |     GGA   0   2   0   0   0   0
    GTG   1   0   1   1   1   1 |     GCG   0   0   0   0   0   0 |     GAG   1   1   1   1   2   1 |     GGG   2   2   2   2   2   2
--------------------------------------------------------------------------------------------------------------------------------------

--------------------------------------------------------------------------------------------------------------------------------------
Phe TTT   0   0   0   1   0   0 | Ser TCT   0   0   0   0   0   0 | Tyr TAT   0   0   0   0   0   0 | Cys TGT   0   0   0   0   0   0
    TTC   2   2   2   1   2   2 |     TCC   1   1   1   1   1   1 |     TAC   0   0   0   0   0   0 |     TGC   0   0   0   0   0   0
Leu TTA   0   0   0   0   0   0 |     TCA   0   0   0   0   0   0 | *** TAA   0   0   0   0   0   0 | *** TGA   0   0   0   0   0   0
    TTG   1   1   1   1   1   1 |     TCG   0   0   0   0   0   0 |     TAG   0   0   0   0   0   0 | Trp TGG   0   0   0   0   0   0
--------------------------------------------------------------------------------------------------------------------------------------
Leu CTT   1   1   1   1   1   1 | Pro CCT   0   0   0   0   0   0 | His CAT   0   0   0   0   0   0 | Arg CGT   1   1   1   1   1   1
    CTC   0   0   0   0   0   0 |     CCC   0   0   0   0   0   0 |     CAC   0   0   0   0   0   0 |     CGC   0   0   0   0   0   0
    CTA   0   0   0   0   0   0 |     CCA   3   2   2   2   2   2 | Gln CAA   0   0   0   0   0   0 |     CGA   0   0   0   0   0   0
    CTG   0   0   0   0   0   0 |     CCG   1   2   2   2   2   2 |     CAG   1   1   1   1   1   1 |     CGG   1   1   1   1   1   1
--------------------------------------------------------------------------------------------------------------------------------------
Ile ATT   1   1   1   1   1   1 | Thr ACT   1   1   1   1   1   1 | Asn AAT   0   1   1   1   1   1 | Ser AGT   1   0   0   0   0   0
    ATC   1   1   1   1   1   1 |     ACC   0   0   0   0   0   0 |     AAC   0   0   0   0   0   0 |     AGC   1   1   1   1   1   1
    ATA   0   0   0   0   0   0 |     ACA   0   0   0   0   0   0 | Lys AAA   4   4   4   4   4   4 | Arg AGA   1   1   1   1   1   1
Met ATG   1   1   1   1   1   1 |     ACG   0   0   0   0   0   0 |     AAG   4   4   4   4   4   4 |     AGG   1   1   1   1   1   1
--------------------------------------------------------------------------------------------------------------------------------------
Val GTT   0   0   0   0   0   0 | Ala GCT   1   1   1   1   1   1 | Asp GAT   2   2   2   2   1   1 | Gly GGT   4   4   4   4   4   4
    GTC   0   0   0   0   0   0 |     GCC   2   2   2   2   2   2 |     GAC   1   1   1   1   2   2 |     GGC   1   1   1   1   1   1
    GTA   0   0   0   0   0   0 |     GCA   3   3   3   3   3   3 | Glu GAA   2   2   2   2   2   2 |     GGA   0   0   0   0   0   0
    GTG   1   1   1   1   1   1 |     GCG   0   0   0   0   0   0 |     GAG   1   1   1   1   1   1 |     GGG   2   2   2   2   2   2
--------------------------------------------------------------------------------------------------------------------------------------

--------------------------------------------------------------------------------------------------------------------------------------
Phe TTT   0   0   0   0   0   0 | Ser TCT   0   0   0   0   0   0 | Tyr TAT   0   0   0   0   0   0 | Cys TGT   0   0   0   0   0   0
    TTC   2   2   2   2   2   2 |     TCC   1   1   1   1   1   1 |     TAC   0   0   0   0   0   0 |     TGC   0   0   0   0   0   0
Leu TTA   0   1   0   0   0   0 |     TCA   0   0   0   0   0   0 | *** TAA   0   0   0   0   0   0 | *** TGA   0   0   0   0   0   0
    TTG   1   0   1   1   1   1 |     TCG   0   0   0   0   0   0 |     TAG   0   0   0   0   0   0 | Trp TGG   0   0   0   0   0   0
--------------------------------------------------------------------------------------------------------------------------------------
Leu CTT   1   1   1   1   1   1 | Pro CCT   0   0   0   0   0   0 | His CAT   0   0   0   0   0   0 | Arg CGT   1   1   1   1   1   1
    CTC   0   0   0   0   0   0 |     CCC   0   0   0   0   0   0 |     CAC   0   0   0   0   0   0 |     CGC   0   0   0   0   0   0
    CTA   0   0   0   0   0   0 |     CCA   2   3   2   2   2   3 | Gln CAA   0   0   0   0   0   0 |     CGA   0   0   0   0   0   0
    CTG   0   0   0   0   0   0 |     CCG   2   1   2   2   2   1 |     CAG   1   1   1   1   1   1 |     CGG   1   1   1   1   1   1
--------------------------------------------------------------------------------------------------------------------------------------
Ile ATT   1   1   1   1   1   1 | Thr ACT   1   1   1   1   1   1 | Asn AAT   1   1   1   1   1   1 | Ser AGT   0   0   0   0   0   0
    ATC   1   1   1   1   1   1 |     ACC   0   0   0   0   0   0 |     AAC   0   0   0   0   0   0 |     AGC   1   1   1   1   1   1
    ATA   0   0   0   0   0   0 |     ACA   0   0   0   0   0   0 | Lys AAA   4   4   4   4   4   4 | Arg AGA   1   1   1   1   1   1
Met ATG   1   1   1   1   1   1 |     ACG   0   0   0   0   0   0 |     AAG   4   4   4   4   4   4 |     AGG   1   1   1   1   1   1
--------------------------------------------------------------------------------------------------------------------------------------
Val GTT   0   0   0   0   0   0 | Ala GCT   1   1   1   1   1   1 | Asp GAT   2   1   2   2   2   2 | Gly GGT   4   4   4   4   4   4
    GTC   0   0   0   0   0   0 |     GCC   2   2   2   2   2   2 |     GAC   1   2   1   1   1   1 |     GGC   1   1   1   1   1   1
    GTA   0   0   0   0   0   0 |     GCA   3   3   3   3   3   3 | Glu GAA   2   2   2   2   2   2 |     GGA   0   0   1   0   0   0
    GTG   1   1   1   1   1   1 |     GCG   0   0   0   0   0   0 |     GAG   1   1   1   1   1   1 |     GGG   2   2   1   2   2   2
--------------------------------------------------------------------------------------------------------------------------------------

--------------------------------------------------------------------------------------------------------------------------------------
Phe TTT   0   0   0   0   0   0 | Ser TCT   0   0   0   0   0   0 | Tyr TAT   0   0   0   0   0   0 | Cys TGT   0   0   0   0   0   0
    TTC   2   2   2   2   2   2 |     TCC   1   1   1   1   1   1 |     TAC   0   0   0   0   0   0 |     TGC   0   0   0   0   0   0
Leu TTA   1   1   0   0   0   0 |     TCA   0   0   0   0   0   0 | *** TAA   0   0   0   0   0   0 | *** TGA   0   0   0   0   0   0
    TTG   0   0   1   1   1   1 |     TCG   0   0   0   0   0   0 |     TAG   0   0   0   0   0   0 | Trp TGG   0   0   0   0   0   0
--------------------------------------------------------------------------------------------------------------------------------------
Leu CTT   1   1   1   1   1   1 | Pro CCT   0   0   0   0   0   0 | His CAT   0   0   0   0   0   0 | Arg CGT   1   1   1   1   1   1
    CTC   0   0   0   0   0   0 |     CCC   0   0   0   0   0   0 |     CAC   0   0   0   0   0   0 |     CGC   0   0   0   0   0   0
    CTA   0   0   0   0   0   0 |     CCA   3   4   2   2   2   2 | Gln CAA   0   0   0   0   0   0 |     CGA   0   0   0   0   0   0
    CTG   0   0   0   0   0   0 |     CCG   1   0   2   2   2   2 |     CAG   1   1   1   1   1   1 |     CGG   1   1   1   1   1   1
--------------------------------------------------------------------------------------------------------------------------------------
Ile ATT   1   1   1   1   1   1 | Thr ACT   1   1   1   1   1   1 | Asn AAT   1   1   1   1   1   1 | Ser AGT   0   0   0   0   0   0
    ATC   1   1   1   1   1   1 |     ACC   0   0   0   0   0   0 |     AAC   0   0   0   0   0   0 |     AGC   1   1   1   1   1   1
    ATA   0   0   0   0   0   0 |     ACA   0   0   0   0   0   0 | Lys AAA   4   4   4   4   4   4 | Arg AGA   1   1   1   1   1   1
Met ATG   1   1   1   1   1   1 |     ACG   0   0   0   0   0   0 |     AAG   4   4   4   4   4   4 |     AGG   1   1   1   1   1   1
--------------------------------------------------------------------------------------------------------------------------------------
Val GTT   0   0   0   0   0   0 | Ala GCT   1   1   1   1   1   1 | Asp GAT   1   1   2   1   2   2 | Gly GGT   4   4   4   4   4   4
    GTC   0   0   0   0   0   0 |     GCC   2   2   2   2   2   2 |     GAC   2   2   1   2   1   1 |     GGC   1   1   1   1   1   1
    GTA   0   0   0   0   0   0 |     GCA   3   3   3   3   3   3 | Glu GAA   2   2   2   2   2   2 |     GGA   0   0   0   0   0   0
    GTG   1   1   1   1   1   1 |     GCG   0   0   0   0   0   0 |     GAG   1   1   1   1   1   1 |     GGG   2   2   2   2   2   2
--------------------------------------------------------------------------------------------------------------------------------------

--------------------------------------------------------------------------------------------------------------------------------------
Phe TTT   0   0   0   0   0   0 | Ser TCT   0   0   0   0   0   0 | Tyr TAT   0   0   0   0   0   0 | Cys TGT   0   0   0   0   0   0
    TTC   2   2   2   2   2   2 |     TCC   1   1   1   1   1   1 |     TAC   0   0   0   0   0   0 |     TGC   0   0   0   0   0   0
Leu TTA   0   0   0   0   0   0 |     TCA   0   0   0   0   0   0 | *** TAA   0   0   0   0   0   0 | *** TGA   0   0   0   0   0   0
    TTG   1   1   1   1   1   1 |     TCG   0   0   0   0   0   0 |     TAG   0   0   0   0   0   0 | Trp TGG   0   0   0   0   0   0
--------------------------------------------------------------------------------------------------------------------------------------
Leu CTT   1   1   1   1   1   1 | Pro CCT   0   0   0   0   0   0 | His CAT   0   0   0   0   0   0 | Arg CGT   1   1   1   1   1   1
    CTC   0   0   0   0   0   0 |     CCC   0   0   0   0   0   0 |     CAC   0   0   0   0   0   0 |     CGC   0   0   0   0   0   0
    CTA   0   0   0   0   0   0 |     CCA   2   2   2   3   2   2 | Gln CAA   0   0   0   0   0   0 |     CGA   0   0   0   0   0   0
    CTG   0   0   0   0   0   0 |     CCG   2   2   2   1   2   2 |     CAG   1   1   1   1   1   1 |     CGG   1   1   1   1   1   1
--------------------------------------------------------------------------------------------------------------------------------------
Ile ATT   1   1   1   1   1   1 | Thr ACT   1   1   1   1   1   1 | Asn AAT   1   1   1   1   1   1 | Ser AGT   0   0   0   0   0   0
    ATC   1   1   1   1   1   1 |     ACC   0   0   0   0   0   0 |     AAC   0   0   0   0   0   0 |     AGC   1   1   1   1   1   1
    ATA   0   0   0   0   0   0 |     ACA   0   0   0   0   0   0 | Lys AAA   4   4   4   4   4   4 | Arg AGA   1   1   1   1   1   1
Met ATG   1   1   1   1   1   1 |     ACG   0   0   0   0   0   0 |     AAG   4   4   4   4   4   4 |     AGG   1   1   1   1   1   1
--------------------------------------------------------------------------------------------------------------------------------------
Val GTT   0   0   0   0   0   0 | Ala GCT   1   1   1   1   1   1 | Asp GAT   1   1   2   2   2   1 | Gly GGT   4   4   4   4   4   4
    GTC   0   0   0   0   0   0 |     GCC   2   2   2   2   2   2 |     GAC   2   2   1   1   1   2 |     GGC   1   1   1   1   1   1
    GTA   0   0   0   0   0   0 |     GCA   3   3   3   3   3   3 | Glu GAA   2   2   2   2   2   2 |     GGA   0   0   0   0   1   0
    GTG   1   1   1   1   1   1 |     GCG   0   0   0   0   0   0 |     GAG   1   1   1   1   1   1 |     GGG   2   2   2   2   1   2
--------------------------------------------------------------------------------------------------------------------------------------

--------------------------------------------------------------------------------------------------------------------------------------
Phe TTT   0   0   0   0   0   0 | Ser TCT   0   0   0   0   0   0 | Tyr TAT   0   0   0   0   0   0 | Cys TGT   0   0   0   0   0   0
    TTC   2   2   2   2   2   2 |     TCC   1   1   1   1   1   1 |     TAC   0   0   0   0   0   0 |     TGC   0   0   0   0   0   0
Leu TTA   0   0   0   0   0   0 |     TCA   0   0   0   0   0   0 | *** TAA   0   0   0   0   0   0 | *** TGA   0   0   0   0   0   0
    TTG   1   1   1   1   1   1 |     TCG   0   0   0   0   0   0 |     TAG   0   0   0   0   0   0 | Trp TGG   0   0   0   0   0   0
--------------------------------------------------------------------------------------------------------------------------------------
Leu CTT   1   1   1   1   1   1 | Pro CCT   1   0   0   0   0   0 | His CAT   0   0   0   0   0   0 | Arg CGT   1   1   1   1   1   1
    CTC   0   0   0   0   0   0 |     CCC   0   0   0   0   0   0 |     CAC   0   0   0   0   0   0 |     CGC   0   0   0   0   0   0
    CTA   0   0   0   0   0   0 |     CCA   2   2   2   2   4   2 | Gln CAA   0   0   0   0   0   0 |     CGA   0   0   0   0   0   0
    CTG   0   0   0   0   0   0 |     CCG   1   2   2   2   0   2 |     CAG   1   1   1   1   1   1 |     CGG   1   1   1   1   1   1
--------------------------------------------------------------------------------------------------------------------------------------
Ile ATT   1   1   1   1   1   1 | Thr ACT   1   1   1   1   1   1 | Asn AAT   1   1   1   1   1   1 | Ser AGT   0   0   0   0   0   0
    ATC   1   1   1   1   1   1 |     ACC   0   0   0   0   0   0 |     AAC   0   0   0   0   0   0 |     AGC   1   1   1   1   1   1
    ATA   0   0   0   0   0   0 |     ACA   0   0   0   0   0   0 | Lys AAA   4   4   4   4   4   4 | Arg AGA   1   1   1   1   1   1
Met ATG   1   1   1   1   1   1 |     ACG   0   0   0   0   0   0 |     AAG   4   4   4   4   4   4 |     AGG   1   1   1   1   1   1
--------------------------------------------------------------------------------------------------------------------------------------
Val GTT   0   0   0   0   0   0 | Ala GCT   1   1   1   1   1   1 | Asp GAT   2   2   1   2   2   1 | Gly GGT   4   4   4   4   4   4
    GTC   0   0   0   0   0   0 |     GCC   2   2   2   2   2   2 |     GAC   1   1   2   1   1   2 |     GGC   1   1   1   1   1   1
    GTA   0   0   0   0   0   0 |     GCA   3   3   3   3   3   3 | Glu GAA   2   2   2   2   2   2 |     GGA   0   0   0   0   0   1
    GTG   1   1   1   1   1   1 |     GCG   0   0   0   0   0   0 |     GAG   1   1   1   1   1   1 |     GGG   2   2   2   2   2   1
--------------------------------------------------------------------------------------------------------------------------------------

--------------------------------------------------------------------------------------------------------------------------------------
Phe TTT   0   0   0   0   0   0 | Ser TCT   0   0   0   0   0   0 | Tyr TAT   0   0   0   0   0   0 | Cys TGT   0   0   0   0   0   0
    TTC   2   2   2   2   2   2 |     TCC   1   1   1   1   1   1 |     TAC   0   0   0   0   0   0 |     TGC   0   0   0   0   0   0
Leu TTA   0   0   0   0   0   0 |     TCA   0   0   0   0   0   0 | *** TAA   0   0   0   0   0   0 | *** TGA   0   0   0   0   0   0
    TTG   1   1   1   1   1   1 |     TCG   0   0   0   0   0   0 |     TAG   0   0   0   0   0   0 | Trp TGG   0   0   0   0   0   0
--------------------------------------------------------------------------------------------------------------------------------------
Leu CTT   1   1   1   1   1   1 | Pro CCT   0   0   0   0   0   0 | His CAT   0   0   0   0   0   0 | Arg CGT   1   1   1   1   1   1
    CTC   0   0   0   0   0   0 |     CCC   0   0   0   0   0   0 |     CAC   0   0   0   0   0   0 |     CGC   0   0   0   0   0   0
    CTA   0   0   0   0   0   0 |     CCA   2   4   2   2   2   2 | Gln CAA   0   0   0   0   0   0 |     CGA   0   0   0   0   0   0
    CTG   0   0   0   0   0   0 |     CCG   2   0   2   2   2   2 |     CAG   1   1   1   1   1   1 |     CGG   1   1   1   1   1   1
--------------------------------------------------------------------------------------------------------------------------------------
Ile ATT   1   1   1   1   1   1 | Thr ACT   1   1   1   1   1   1 | Asn AAT   1   1   0   0   1   1 | Ser AGT   0   0   1   1   0   0
    ATC   1   1   1   1   1   1 |     ACC   0   0   0   0   0   0 |     AAC   0   0   0   0   0   0 |     AGC   1   1   1   1   1   1
    ATA   0   0   0   0   0   0 |     ACA   0   0   0   0   0   0 | Lys AAA   4   4   4   4   4   4 | Arg AGA   1   1   1   1   1   1
Met ATG   1   1   1   1   1   1 |     ACG   0   0   0   0   0   0 |     AAG   4   4   4   4   4   4 |     AGG   1   1   1   1   1   1
--------------------------------------------------------------------------------------------------------------------------------------
Val GTT   0   0   0   0   0   0 | Ala GCT   1   1   1   1   1   1 | Asp GAT   2   1   2   2   2   1 | Gly GGT   4   4   4   4   4   3
    GTC   0   0   0   0   0   0 |     GCC   2   2   2   2   2   2 |     GAC   1   2   1   1   1   2 |     GGC   1   1   1   1   1   2
    GTA   0   0   0   0   0   0 |     GCA   3   3   3   3   3   3 | Glu GAA   2   2   2   2   2   2 |     GGA   0   0   0   0   0   0
    GTG   1   1   1   1   1   1 |     GCG   0   0   0   0   0   0 |     GAG   1   1   1   1   1   1 |     GGG   2   2   2   2   2   2
--------------------------------------------------------------------------------------------------------------------------------------

--------------------------------------------------------------------------------------------------------------------------------------
Phe TTT   0   0   0   0   0   0 | Ser TCT   0   0   0   0   0   0 | Tyr TAT   0   0   0   0   0   0 | Cys TGT   0   0   0   0   0   0
    TTC   2   2   2   2   2   2 |     TCC   1   1   1   1   1   1 |     TAC   0   0   0   0   0   0 |     TGC   0   0   0   0   0   0
Leu TTA   0   0   0   0   0   0 |     TCA   0   0   0   0   0   0 | *** TAA   0   0   0   0   0   0 | *** TGA   0   0   0   0   0   0
    TTG   1   1   1   1   1   1 |     TCG   0   0   0   0   0   0 |     TAG   0   0   0   0   0   0 | Trp TGG   0   0   0   0   0   0
--------------------------------------------------------------------------------------------------------------------------------------
Leu CTT   1   1   1   1   1   1 | Pro CCT   0   0   0   0   0   0 | His CAT   0   0   0   0   0   0 | Arg CGT   1   1   1   1   1   1
    CTC   0   0   0   0   0   0 |     CCC   0   0   0   0   0   0 |     CAC   0   0   0   0   0   0 |     CGC   0   0   0   0   0   0
    CTA   0   0   0   0   0   0 |     CCA   2   3   2   3   4   2 | Gln CAA   0   0   0   0   0   0 |     CGA   0   0   0   0   0   0
    CTG   0   0   0   0   0   0 |     CCG   2   1   2   1   0   2 |     CAG   1   1   1   1   1   1 |     CGG   1   1   1   1   1   1
--------------------------------------------------------------------------------------------------------------------------------------
Ile ATT   1   1   1   1   1   1 | Thr ACT   1   1   1   1   1   1 | Asn AAT   1   1   1   1   1   1 | Ser AGT   0   0   0   0   0   0
    ATC   1   1   1   1   1   1 |     ACC   0   0   0   0   0   0 |     AAC   0   0   0   0   0   0 |     AGC   1   1   1   1   1   1
    ATA   0   0   0   0   0   0 |     ACA   0   0   0   0   0   0 | Lys AAA   4   4   4   4   4   4 | Arg AGA   1   1   1   1   1   1
Met ATG   1   1   1   1   1   1 |     ACG   0   0   0   0   0   0 |     AAG   4   4   4   4   4   4 |     AGG   1   1   1   1   1   1
--------------------------------------------------------------------------------------------------------------------------------------
Val GTT   0   0   0   0   0   0 | Ala GCT   1   1   1   1   1   1 | Asp GAT   1   2   1   1   2   2 | Gly GGT   4   4   4   4   4   4
    GTC   0   0   0   0   0   0 |     GCC   2   2   2   2   2   2 |     GAC   2   1   2   2   1   1 |     GGC   1   1   1   1   1   1
    GTA   0   0   0   0   0   0 |     GCA   3   3   3   3   3   3 | Glu GAA   2   2   2   2   2   2 |     GGA   0   0   0   0   0   0
    GTG   1   1   1   1   1   1 |     GCG   0   0   0   0   0   0 |     GAG   1   1   1   1   1   1 |     GGG   2   2   2   2   2   2
--------------------------------------------------------------------------------------------------------------------------------------

--------------------------------------------------------------------------------------------------------------------------------------
Phe TTT   0   0   0   0   0   0 | Ser TCT   0   0   0   0   0   0 | Tyr TAT   0   0   0   0   0   0 | Cys TGT   0   0   0   0   0   0
    TTC   2   2   2   2   2   2 |     TCC   1   1   1   1   1   1 |     TAC   0   0   0   0   0   0 |     TGC   0   0   0   0   0   0
Leu TTA   0   0   0   0   0   0 |     TCA   0   0   0   0   0   0 | *** TAA   0   0   0   0   0   0 | *** TGA   0   0   0   0   0   0
    TTG   1   1   1   1   1   1 |     TCG   0   0   0   0   0   0 |     TAG   0   0   0   0   0   0 | Trp TGG   0   0   0   0   0   0
--------------------------------------------------------------------------------------------------------------------------------------
Leu CTT   1   1   1   1   1   1 | Pro CCT   0   0   0   1   0   0 | His CAT   0   0   0   0   0   0 | Arg CGT   1   1   1   1   1   1
    CTC   0   0   0   0   0   0 |     CCC   0   0   0   0   0   0 |     CAC   0   0   0   0   0   0 |     CGC   0   0   0   0   0   0
    CTA   0   0   0   0   0   0 |     CCA   2   2   2   2   2   3 | Gln CAA   0   0   0   0   0   0 |     CGA   0   0   0   0   0   0
    CTG   0   0   0   0   0   0 |     CCG   2   2   2   1   2   1 |     CAG   1   1   1   1   1   1 |     CGG   1   1   1   1   1   1
--------------------------------------------------------------------------------------------------------------------------------------
Ile ATT   1   1   1   1   1   1 | Thr ACT   1   1   1   1   1   1 | Asn AAT   1   1   1   0   1   1 | Ser AGT   0   0   0   0   0   0
    ATC   1   1   1   1   1   1 |     ACC   0   0   0   0   0   0 |     AAC   0   0   0   1   0   0 |     AGC   1   1   1   1   1   1
    ATA   0   0   0   0   0   0 |     ACA   0   0   0   0   0   0 | Lys AAA   4   4   4   4   4   4 | Arg AGA   1   1   1   1   1   1
Met ATG   1   1   1   1   1   1 |     ACG   0   0   0   0   0   0 |     AAG   4   4   4   4   4   4 |     AGG   1   1   1   1   1   1
--------------------------------------------------------------------------------------------------------------------------------------
Val GTT   0   0   0   0   0   0 | Ala GCT   1   1   1   1   1   1 | Asp GAT   2   2   3   1   1   1 | Gly GGT   4   4   4   4   4   4
    GTC   0   0   0   0   0   0 |     GCC   2   2   2   2   2   2 |     GAC   1   1   0   2   2   2 |     GGC   1   1   1   1   1   1
    GTA   0   0   0   0   0   0 |     GCA   3   3   3   3   3   3 | Glu GAA   2   2   2   2   2   2 |     GGA   0   0   0   0   0   0
    GTG   1   1   1   1   1   1 |     GCG   0   0   0   0   0   0 |     GAG   1   1   1   1   1   1 |     GGG   2   2   2   2   2   2
--------------------------------------------------------------------------------------------------------------------------------------

Codon position x base (3x4) table for each sequence.

#1: Argali         
position  1:    T:0.08333    C:0.16667    A:0.33333    G:0.41667
position  2:    T:0.16667    C:0.25000    A:0.33333    G:0.25000
position  3:    T:0.25000    C:0.18750    A:0.25000    G:0.31250
Average         T:0.16667    C:0.20139    A:0.30556    G:0.32639

#2: LesserMouseDeer
position  1:    T:0.08333    C:0.16667    A:0.33333    G:0.41667
position  2:    T:0.16667    C:0.25000    A:0.33333    G:0.25000
position  3:    T:0.22917    C:0.20833    A:0.31250    G:0.25000
Average         T:0.15972    C:0.20833    A:0.32639    G:0.30556

#3: LesserKudu     
position  1:    T:0.08333    C:0.16667    A:0.33333    G:0.41667
position  2:    T:0.16667    C:0.25000    A:0.33333    G:0.25000
position  3:    T:0.22917    C:0.20833    A:0.25000    G:0.31250
Average         T:0.15972    C:0.20833    A:0.30556    G:0.32639

#4: ForestMuskDeer2
position  1:    T:0.08333    C:0.16667    A:0.33333    G:0.41667
position  2:    T:0.16667    C:0.25000    A:0.33333    G:0.25000
position  3:    T:0.22917    C:0.22917    A:0.25000    G:0.29167
Average         T:0.15972    C:0.21528    A:0.30556    G:0.31944

#5: Camel          
position  1:    T:0.08333    C:0.16667    A:0.33333    G:0.41667
position  2:    T:0.16667    C:0.25000    A:0.33333    G:0.25000
position  3:    T:0.25000    C:0.16667    A:0.22917    G:0.35417
Average         T:0.16667    C:0.19444    A:0.29861    G:0.34028

#6: KillerWhale    
position  1:    T:0.08333    C:0.16667    A:0.33333    G:0.41667
position  2:    T:0.16667    C:0.25000    A:0.33333    G:0.25000
position  3:    T:0.27083    C:0.14583    A:0.31250    G:0.27083
Average         T:0.17361    C:0.18750    A:0.32639    G:0.31250

#7: DefassaWaterbuck
position  1:    T:0.08333    C:0.16667    A:0.33333    G:0.41667
position  2:    T:0.16667    C:0.25000    A:0.31250    G:0.27083
position  3:    T:0.25000    C:0.18750    A:0.27083    G:0.29167
Average         T:0.16667    C:0.20139    A:0.30556    G:0.32639

#8: Sheep          
position  1:    T:0.08333    C:0.16667    A:0.33333    G:0.41667
position  2:    T:0.16667    C:0.25000    A:0.33333    G:0.25000
position  3:    T:0.25000    C:0.18750    A:0.25000    G:0.31250
Average         T:0.16667    C:0.20139    A:0.30556    G:0.32639

#9: MaxwellsDuiker 
position  1:    T:0.08333    C:0.16667    A:0.33333    G:0.41667
position  2:    T:0.16667    C:0.25000    A:0.33333    G:0.25000
position  3:    T:0.25000    C:0.18750    A:0.25000    G:0.31250
Average         T:0.16667    C:0.20139    A:0.30556    G:0.32639

#10: GazellaPrzewalskyi
position  1:    T:0.08333    C:0.16667    A:0.33333    G:0.41667
position  2:    T:0.16667    C:0.25000    A:0.33333    G:0.25000
position  3:    T:0.27083    C:0.16667    A:0.25000    G:0.31250
Average         T:0.17361    C:0.19444    A:0.30556    G:0.32639

#11: MountainNyala  
position  1:    T:0.08333    C:0.16667    A:0.33333    G:0.41667
position  2:    T:0.16667    C:0.25000    A:0.33333    G:0.25000
position  3:    T:0.22917    C:0.20833    A:0.25000    G:0.31250
Average         T:0.15972    C:0.20833    A:0.30556    G:0.32639

#12: MuntiacusMuntjak
position  1:    T:0.08333    C:0.16667    A:0.33333    G:0.41667
position  2:    T:0.16667    C:0.25000    A:0.33333    G:0.25000
position  3:    T:0.22917    C:0.20833    A:0.25000    G:0.31250
Average         T:0.15972    C:0.20833    A:0.30556    G:0.32639

#13: goat           
position  1:    T:0.08333    C:0.16667    A:0.33333    G:0.41667
position  2:    T:0.16667    C:0.25000    A:0.33333    G:0.25000
position  3:    T:0.25000    C:0.18750    A:0.25000    G:0.31250
Average         T:0.16667    C:0.20139    A:0.30556    G:0.32639

#14: AfricanBuffalo 
position  1:    T:0.08333    C:0.16667    A:0.33333    G:0.41667
position  2:    T:0.16667    C:0.25000    A:0.33333    G:0.25000
position  3:    T:0.22917    C:0.20833    A:0.29167    G:0.27083
Average         T:0.15972    C:0.20833    A:0.31944    G:0.31250

#15: Topi           
position  1:    T:0.08333    C:0.16667    A:0.33333    G:0.41667
position  2:    T:0.16667    C:0.25000    A:0.33333    G:0.25000
position  3:    T:0.25000    C:0.18750    A:0.27083    G:0.29167
Average         T:0.16667    C:0.20139    A:0.31250    G:0.31944

#16: CommonDuiker   
position  1:    T:0.08333    C:0.16667    A:0.33333    G:0.41667
position  2:    T:0.16667    C:0.25000    A:0.33333    G:0.25000
position  3:    T:0.25000    C:0.18750    A:0.25000    G:0.31250
Average         T:0.16667    C:0.20139    A:0.30556    G:0.32639

#17: Suni           
position  1:    T:0.08333    C:0.16667    A:0.33333    G:0.41667
position  2:    T:0.16667    C:0.25000    A:0.33333    G:0.25000
position  3:    T:0.25000    C:0.18750    A:0.25000    G:0.31250
Average         T:0.16667    C:0.20139    A:0.30556    G:0.32639

#18: Springbuck     
position  1:    T:0.08333    C:0.16667    A:0.33333    G:0.41667
position  2:    T:0.16667    C:0.25000    A:0.33333    G:0.25000
position  3:    T:0.25000    C:0.18750    A:0.27083    G:0.29167
Average         T:0.16667    C:0.20139    A:0.31250    G:0.31944

#19: Okapi          
position  1:    T:0.08333    C:0.16667    A:0.33333    G:0.41667
position  2:    T:0.16667    C:0.25000    A:0.33333    G:0.25000
position  3:    T:0.22917    C:0.20833    A:0.29167    G:0.27083
Average         T:0.15972    C:0.20833    A:0.31944    G:0.31250

#20: Giraffe        
position  1:    T:0.08333    C:0.16667    A:0.33333    G:0.41667
position  2:    T:0.16667    C:0.25000    A:0.33333    G:0.25000
position  3:    T:0.22917    C:0.20833    A:0.31250    G:0.25000
Average         T:0.15972    C:0.20833    A:0.32639    G:0.30556

#21: TibetanAntelope
position  1:    T:0.08333    C:0.16667    A:0.33333    G:0.41667
position  2:    T:0.16667    C:0.25000    A:0.33333    G:0.25000
position  3:    T:0.25000    C:0.18750    A:0.25000    G:0.31250
Average         T:0.16667    C:0.20139    A:0.30556    G:0.32639

#22: Sitatunga      
position  1:    T:0.08333    C:0.16667    A:0.33333    G:0.41667
position  2:    T:0.16667    C:0.25000    A:0.33333    G:0.25000
position  3:    T:0.22917    C:0.20833    A:0.25000    G:0.31250
Average         T:0.15972    C:0.20833    A:0.30556    G:0.32639

#23: Oribi          
position  1:    T:0.08333    C:0.16667    A:0.33333    G:0.41667
position  2:    T:0.16667    C:0.25000    A:0.33333    G:0.25000
position  3:    T:0.25000    C:0.18750    A:0.25000    G:0.31250
Average         T:0.16667    C:0.20139    A:0.30556    G:0.32639

#24: BarbarySheep   
position  1:    T:0.08333    C:0.16667    A:0.33333    G:0.41667
position  2:    T:0.16667    C:0.25000    A:0.33333    G:0.25000
position  3:    T:0.25000    C:0.18750    A:0.25000    G:0.31250
Average         T:0.16667    C:0.20139    A:0.30556    G:0.32639

#25: Daviddeer      
position  1:    T:0.08333    C:0.16667    A:0.33333    G:0.41667
position  2:    T:0.16667    C:0.25000    A:0.33333    G:0.25000
position  3:    T:0.22917    C:0.20833    A:0.25000    G:0.31250
Average         T:0.15972    C:0.20833    A:0.30556    G:0.32639

#26: Reindeer       
position  1:    T:0.08333    C:0.16667    A:0.33333    G:0.41667
position  2:    T:0.16667    C:0.25000    A:0.33333    G:0.25000
position  3:    T:0.22917    C:0.20833    A:0.25000    G:0.31250
Average         T:0.15972    C:0.20833    A:0.30556    G:0.32639

#27: Ibex           
position  1:    T:0.08333    C:0.16667    A:0.33333    G:0.41667
position  2:    T:0.16667    C:0.25000    A:0.33333    G:0.25000
position  3:    T:0.25000    C:0.18750    A:0.25000    G:0.31250
Average         T:0.16667    C:0.20139    A:0.30556    G:0.32639

#28: GyrantGazelle  
position  1:    T:0.08333    C:0.16667    A:0.33333    G:0.41667
position  2:    T:0.16667    C:0.25000    A:0.33333    G:0.25000
position  3:    T:0.25000    C:0.18750    A:0.27083    G:0.29167
Average         T:0.16667    C:0.20139    A:0.31250    G:0.31944

#29: Hartebeest     
position  1:    T:0.08333    C:0.16667    A:0.33333    G:0.41667
position  2:    T:0.16667    C:0.25000    A:0.33333    G:0.25000
position  3:    T:0.25000    C:0.18750    A:0.27083    G:0.29167
Average         T:0.16667    C:0.20139    A:0.31250    G:0.31944

#30: Bongo          
position  1:    T:0.08333    C:0.16667    A:0.33333    G:0.41667
position  2:    T:0.16667    C:0.25000    A:0.33333    G:0.25000
position  3:    T:0.22917    C:0.20833    A:0.25000    G:0.31250
Average         T:0.15972    C:0.20833    A:0.30556    G:0.32639

#31: Gerenuk        
position  1:    T:0.08333    C:0.16667    A:0.33333    G:0.41667
position  2:    T:0.16667    C:0.25000    A:0.33333    G:0.25000
position  3:    T:0.27083    C:0.18750    A:0.25000    G:0.29167
Average         T:0.17361    C:0.20139    A:0.30556    G:0.31944

#32: CommonEland    
position  1:    T:0.08333    C:0.16667    A:0.33333    G:0.41667
position  2:    T:0.16667    C:0.25000    A:0.33333    G:0.25000
position  3:    T:0.25000    C:0.18750    A:0.25000    G:0.31250
Average         T:0.16667    C:0.20139    A:0.30556    G:0.32639

#33: MuntiacusReevesi
position  1:    T:0.08333    C:0.16667    A:0.33333    G:0.41667
position  2:    T:0.16667    C:0.25000    A:0.33333    G:0.25000
position  3:    T:0.22917    C:0.20833    A:0.25000    G:0.31250
Average         T:0.15972    C:0.20833    A:0.30556    G:0.32639

#34: HarveysDuiker  
position  1:    T:0.08333    C:0.16667    A:0.33333    G:0.41667
position  2:    T:0.16667    C:0.25000    A:0.33333    G:0.25000
position  3:    T:0.25000    C:0.18750    A:0.25000    G:0.31250
Average         T:0.16667    C:0.20139    A:0.30556    G:0.32639

#35: Pronghorn      
position  1:    T:0.08333    C:0.16667    A:0.33333    G:0.41667
position  2:    T:0.16667    C:0.25000    A:0.33333    G:0.25000
position  3:    T:0.25000    C:0.18750    A:0.29167    G:0.27083
Average         T:0.16667    C:0.20139    A:0.31944    G:0.31250

#36: BlueWildebeest 
position  1:    T:0.08333    C:0.16667    A:0.33333    G:0.41667
position  2:    T:0.16667    C:0.25000    A:0.33333    G:0.25000
position  3:    T:0.22917    C:0.20833    A:0.27083    G:0.29167
Average         T:0.15972    C:0.20833    A:0.31250    G:0.31944

#37: Gemsbok        
position  1:    T:0.08333    C:0.16667    A:0.33333    G:0.41667
position  2:    T:0.16667    C:0.25000    A:0.33333    G:0.25000
position  3:    T:0.25000    C:0.18750    A:0.25000    G:0.31250
Average         T:0.16667    C:0.20139    A:0.30556    G:0.32639

#38: Yak            
position  1:    T:0.08333    C:0.16667    A:0.33333    G:0.41667
position  2:    T:0.16667    C:0.25000    A:0.33333    G:0.25000
position  3:    T:0.22917    C:0.20833    A:0.29167    G:0.27083
Average         T:0.15972    C:0.20833    A:0.31944    G:0.31250

#39: BlueSheep      
position  1:    T:0.08333    C:0.16667    A:0.33333    G:0.41667
position  2:    T:0.16667    C:0.25000    A:0.31250    G:0.27083
position  3:    T:0.25000    C:0.18750    A:0.25000    G:0.31250
Average         T:0.16667    C:0.20139    A:0.29861    G:0.33333

#40: BohorReedbuck  
position  1:    T:0.08333    C:0.16667    A:0.33333    G:0.41667
position  2:    T:0.16667    C:0.25000    A:0.31250    G:0.27083
position  3:    T:0.25000    C:0.18750    A:0.25000    G:0.31250
Average         T:0.16667    C:0.20139    A:0.29861    G:0.33333

#41: KirksDik       
position  1:    T:0.08333    C:0.16667    A:0.33333    G:0.41667
position  2:    T:0.16667    C:0.25000    A:0.33333    G:0.25000
position  3:    T:0.25000    C:0.18750    A:0.25000    G:0.31250
Average         T:0.16667    C:0.20139    A:0.30556    G:0.32639

#42: RoeDeer        
position  1:    T:0.08333    C:0.16667    A:0.33333    G:0.41667
position  2:    T:0.16667    C:0.25000    A:0.33333    G:0.25000
position  3:    T:0.20833    C:0.22917    A:0.25000    G:0.31250
Average         T:0.15278    C:0.21528    A:0.30556    G:0.32639

#43: WhiteLippedDeer
position  1:    T:0.08333    C:0.16667    A:0.33333    G:0.41667
position  2:    T:0.16667    C:0.25000    A:0.33333    G:0.25000
position  3:    T:0.22917    C:0.20833    A:0.25000    G:0.31250
Average         T:0.15972    C:0.20833    A:0.30556    G:0.32639

#44: ThomsonGazelle 
position  1:    T:0.08333    C:0.16667    A:0.33333    G:0.41667
position  2:    T:0.16667    C:0.25000    A:0.33333    G:0.25000
position  3:    T:0.25000    C:0.18750    A:0.27083    G:0.29167
Average         T:0.16667    C:0.20139    A:0.31250    G:0.31944

#45: MuntiacusCrinifrons
position  1:    T:0.08333    C:0.16667    A:0.33333    G:0.41667
position  2:    T:0.16667    C:0.25000    A:0.33333    G:0.25000
position  3:    T:0.22917    C:0.20833    A:0.25000    G:0.31250
Average         T:0.15972    C:0.20833    A:0.30556    G:0.32639

#46: WhiteTailedDeer
position  1:    T:0.08333    C:0.16667    A:0.33333    G:0.41667
position  2:    T:0.16667    C:0.25000    A:0.33333    G:0.25000
position  3:    T:0.22917    C:0.20833    A:0.27083    G:0.29167
Average         T:0.15972    C:0.20833    A:0.31250    G:0.31944

#47: Cattle         
position  1:    T:0.08333    C:0.16667    A:0.33333    G:0.41667
position  2:    T:0.16667    C:0.25000    A:0.33333    G:0.25000
position  3:    T:0.25000    C:0.18750    A:0.29167    G:0.27083
Average         T:0.16667    C:0.20139    A:0.31944    G:0.31250

#48: RoyalAntelope  
position  1:    T:0.08333    C:0.16667    A:0.33333    G:0.41667
position  2:    T:0.16667    C:0.25000    A:0.33333    G:0.25000
position  3:    T:0.25000    C:0.18750    A:0.25000    G:0.31250
Average         T:0.16667    C:0.20139    A:0.30556    G:0.32639

#49: Steenbok       
position  1:    T:0.08333    C:0.16667    A:0.33333    G:0.41667
position  2:    T:0.16667    C:0.25000    A:0.33333    G:0.25000
position  3:    T:0.25000    C:0.18750    A:0.25000    G:0.31250
Average         T:0.16667    C:0.20139    A:0.30556    G:0.32639

#50: Impala         
position  1:    T:0.08333    C:0.16667    A:0.33333    G:0.41667
position  2:    T:0.16667    C:0.25000    A:0.33333    G:0.25000
position  3:    T:0.25000    C:0.18750    A:0.25000    G:0.31250
Average         T:0.16667    C:0.20139    A:0.30556    G:0.32639

#51: Klipspringer   
position  1:    T:0.08333    C:0.16667    A:0.33333    G:0.41667
position  2:    T:0.16667    C:0.25000    A:0.33333    G:0.25000
