CODONML (in paml version 4.10.7, June 2023)  /home/rachel/ruminants_paml/6406-phy-tree/ENSBTAT00000005799.fasta.phy
Model: free dN/dS Ratios for branches,  kappa = 2.000 fixed

Codon frequency model: F3x4
ns =  54  ls =  26

Codon usage in sequences
--------------------------------------------------------------------------------------------------------------------------------------
Phe TTT   0   0   0   0   0   0 | Ser TCT   0   1   1   1   1   1 | Tyr TAT   0   0   0   0   0   0 | Cys TGT   0   0   0   0   0   0
    TTC   0   0   0   0   0   0 |     TCC   1   0   0   0   0   0 |     TAC   1   1   1   1   1   2 |     TGC   1   1   1   1   1   1
Leu TTA   0   1   0   0   0   0 |     TCA   1   0   1   1   1   0 | *** TAA   0   0   0   0   0   0 | *** TGA   0   0   0   0   0   0
    TTG   0   0   0   0   0   0 |     TCG   0   0   0   0   0   0 |     TAG   0   0   0   0   0   0 | Trp TGG   0   0   0   0   0   0
--------------------------------------------------------------------------------------------------------------------------------------
Leu CTT   0   0   0   0   0   0 | Pro CCT   0   0   0   0   0   0 | His CAT   0   0   0   0   0   0 | Arg CGT   0   0   0   0   0   0
    CTC   1   1   1   1   1   1 |     CCC   0   0   0   0   1   0 |     CAC   0   0   0   0   0   0 |     CGC   0   0   0   0   0   0
    CTA   0   0   0   0   0   0 |     CCA   0   0   0   0   0   0 | Gln CAA   1   1   1   1   1   1 |     CGA   0   0   0   0   0   0
    CTG   0   0   0   0   0   0 |     CCG   0   0   0   0   0   0 |     CAG   0   0   0   0   0   0 |     CGG   0   0   0   0   0   0
--------------------------------------------------------------------------------------------------------------------------------------
Ile ATT   0   0   0   0   0   0 | Thr ACT   0   0   0   0   0   0 | Asn AAT   0   1   1   1   0   0 | Ser AGT   2   2   2   2   1   2
    ATC   0   0   0   0   0   0 |     ACC   1   1   1   1   1   1 |     AAC   1   0   0   0   1   1 |     AGC   1   1   1   1   1   1
    ATA   0   0   0   0   0   0 |     ACA   1   1   1   1   1   1 | Lys AAA   2   2   2   2   2   2 | Arg AGA   0   0   0   0   0   0
Met ATG   0   0   0   0   0   0 |     ACG   0   0   0   0   0   0 |     AAG   1   1   1   1   1   1 |     AGG   0   0   0   0   0   0
--------------------------------------------------------------------------------------------------------------------------------------
Val GTT   1   1   1   1   1   1 | Ala GCT   0   0   0   0   0   0 | Asp GAT   1   2   1   1   0   1 | Gly GGT   2   2   2   2   1   2
    GTC   0   0   0   0   0   0 |     GCC   0   0   0   0   0   0 |     GAC   2   1   2   2   2   2 |     GGC   1   1   1   1   1   1
    GTA   1   1   1   1   1   1 |     GCA   0   0   0   0   0   0 | Glu GAA   1   1   1   1   2   1 |     GGA   2   2   2   2   2   2
    GTG   0   0   0   0   0   0 |     GCG   0   0   0   0   0   0 |     GAG   0   0   0   0   0   0 |     GGG   0   0   0   0   1   0
--------------------------------------------------------------------------------------------------------------------------------------

--------------------------------------------------------------------------------------------------------------------------------------
Phe TTT   0   0   0   0   0   0 | Ser TCT   0   0   0   0   1   1 | Tyr TAT   0   0   0   0   0   0 | Cys TGT   0   0   0   0   0   0
    TTC   0   0   0   0   0   0 |     TCC   1   1   0   1   0   0 |     TAC   1   1   1   1   1   1 |     TGC   1   1   1   1   1   1
Leu TTA   0   0   0   0   0   0 |     TCA   1   1   1   1   1   1 | *** TAA   0   0   0   0   0   0 | *** TGA   0   0   0   0   0   0
    TTG   0   0   0   0   0   0 |     TCG   0   0   0   0   0   0 |     TAG   0   0   0   0   0   0 | Trp TGG   0   0   0   0   0   0
--------------------------------------------------------------------------------------------------------------------------------------
Leu CTT   0   0   0   0   0   0 | Pro CCT   0   0   0   0   0   0 | His CAT   0   0   0   0   0   0 | Arg CGT   0   0   0   0   0   0
    CTC   1   1   1   1   1   1 |     CCC   0   0   0   0   0   0 |     CAC   0   0   0   0   0   0 |     CGC   0   0   0   0   0   0
    CTA   0   0   0   0   0   0 |     CCA   0   0   0   0   0   0 | Gln CAA   1   1   1   1   1   1 |     CGA   0   0   0   0   0   0
    CTG   0   0   0   0   0   0 |     CCG   0   0   0   0   0   0 |     CAG   0   0   0   0   0   0 |     CGG   0   0   0   0   0   0
--------------------------------------------------------------------------------------------------------------------------------------
Ile ATT   0   0   0   0   0   0 | Thr ACT   0   0   0   0   0   0 | Asn AAT   0   0   1   1   1   1 | Ser AGT   2   2   2   2   2   2
    ATC   0   0   0   0   0   0 |     ACC   1   1   2   1   1   1 |     AAC   1   1   0   0   0   0 |     AGC   1   1   1   1   1   1
    ATA   0   0   0   0   0   0 |     ACA   1   1   1   1   1   1 | Lys AAA   2   2   2   2   2   2 | Arg AGA   0   0   0   0   0   0
Met ATG   0   0   0   0   0   0 |     ACG   0   0   0   0   0   0 |     AAG   1   1   1   1   1   1 |     AGG   0   0   0   0   0   0
--------------------------------------------------------------------------------------------------------------------------------------
Val GTT   1   1   1   1   1   1 | Ala GCT   0   0   0   0   0   0 | Asp GAT   1   1   1   1   1   1 | Gly GGT   2   2   2   2   2   2
    GTC   0   0   0   0   0   0 |     GCC   0   0   0   0   0   0 |     GAC   2   2   2   2   2   2 |     GGC   1   1   1   1   1   1
    GTA   1   1   1   1   1   1 |     GCA   0   0   0   0   0   0 | Glu GAA   1   1   1   1   1   1 |     GGA   2   2   2   2   2   2
    GTG   0   0   0   0   0   0 |     GCG   0   0   0   0   0   0 |     GAG   0   0   0   0   0   0 |     GGG   0   0   0   0   0   0
--------------------------------------------------------------------------------------------------------------------------------------

--------------------------------------------------------------------------------------------------------------------------------------
Phe TTT   0   0   0   0   0   0 | Ser TCT   0   1   0   0   0   0 | Tyr TAT   0   0   0   0   0   0 | Cys TGT   0   0   0   0   0   0
    TTC   0   0   0   0   0   0 |     TCC   1   0   1   1   1   1 |     TAC   1   1   1   1   1   1 |     TGC   1   1   1   1   1   1
Leu TTA   0   0   0   0   0   0 |     TCA   1   1   1   1   1   1 | *** TAA   0   0   0   0   0   0 | *** TGA   0   0   0   0   0   0
    TTG   0   0   0   0   0   0 |     TCG   0   0   0   0   0   0 |     TAG   0   0   0   0   0   0 | Trp TGG   0   0   0   0   0   0
--------------------------------------------------------------------------------------------------------------------------------------
Leu CTT   0   0   0   0   0   0 | Pro CCT   0   0   0   0   0   0 | His CAT   0   0   0   0   0   0 | Arg CGT   0   0   0   0   0   0
    CTC   1   1   1   1   1   1 |     CCC   0   0   0   0   0   0 |     CAC   0   0   0   0   0   0 |     CGC   0   0   0   0   0   0
    CTA   0   0   0   0   0   0 |     CCA   0   0   0   0   0   0 | Gln CAA   1   1   1   1   1   1 |     CGA   0   0   0   0   0   0
    CTG   0   0   0   0   0   0 |     CCG   0   0   0   0   0   0 |     CAG   0   0   0   0   0   0 |     CGG   0   0   0   0   0   0
--------------------------------------------------------------------------------------------------------------------------------------
Ile ATT   0   0   0   0   0   0 | Thr ACT   0   0   0   0   0   0 | Asn AAT   0   1   1   1   1   1 | Ser AGT   2   2   2   2   2   2
    ATC   0   0   0   0   0   0 |     ACC   1   1   1   1   1   1 |     AAC   1   0   0   0   0   0 |     AGC   1   1   1   1   1   1
    ATA   0   0   0   0   0   0 |     ACA   1   1   1   1   1   1 | Lys AAA   2   2   2   2   2   2 | Arg AGA   0   0   0   0   0   0
Met ATG   0   0   0   0   0   0 |     ACG   0   0   0   0   0   0 |     AAG   1   1   1   1   1   1 |     AGG   0   0   0   0   0   0
--------------------------------------------------------------------------------------------------------------------------------------
Val GTT   1   1   1   1   1   1 | Ala GCT   0   0   0   0   0   0 | Asp GAT   1   1   1   1   0   1 | Gly GGT   2   2   2   2   2   1
    GTC   0   0   0   0   0   0 |     GCC   0   0   0   0   0   0 |     GAC   2   2   2   2   3   2 |     GGC   1   1   1   1   1   2
    GTA   1   0   1   1   1   1 |     GCA   0   0   0   0   0   0 | Glu GAA   1   1   1   1   1   1 |     GGA   2   2   2   2   2   2
    GTG   0   1   0   0   0   0 |     GCG   0   0   0   0   0   0 |     GAG   0   0   0   0   0   0 |     GGG   0   0   0   0   0   0
--------------------------------------------------------------------------------------------------------------------------------------

--------------------------------------------------------------------------------------------------------------------------------------
Phe TTT   0   0   0   0   0   0 | Ser TCT   1   1   0   1   0   0 | Tyr TAT   0   0   0   0   0   0 | Cys TGT   0   0   0   0   0   0
    TTC   0   0   0   0   0   0 |     TCC   0   0   1   0   1   1 |     TAC   1   1   1   1   1   1 |     TGC   1   1   1   1   1   1
Leu TTA   0   0   0   0   0   0 |     TCA   1   1   1   1   1   1 | *** TAA   0   0   0   0   0   0 | *** TGA   0   0   0   0   0   0
    TTG   0   0   0   0   0   0 |     TCG   0   0   0   0   0   0 |     TAG   0   0   0   0   0   0 | Trp TGG   0   0   0   0   0   0
--------------------------------------------------------------------------------------------------------------------------------------
Leu CTT   0   0   0   0   0   0 | Pro CCT   0   0   0   0   0   0 | His CAT   0   0   0   0   0   0 | Arg CGT   0   0   0   0   0   0
    CTC   1   1   1   1   1   1 |     CCC   0   0   0   0   0   0 |     CAC   0   0   0   0   0   0 |     CGC   0   0   0   0   0   0
    CTA   0   0   0   0   0   0 |     CCA   0   0   0   0   0   0 | Gln CAA   1   1   1   1   1   1 |     CGA   0   0   0   0   0   0
    CTG   0   0   0   0   0   0 |     CCG   0   0   0   0   0   0 |     CAG   0   0   0   0   0   0 |     CGG   0   0   0   0   0   0
--------------------------------------------------------------------------------------------------------------------------------------
Ile ATT   0   0   0   0   0   0 | Thr ACT   0   0   0   0   0   0 | Asn AAT   1   0   1   1   1   0 | Ser AGT   1   2   2   2   2   2
    ATC   0   0   0   0   0   0 |     ACC   1   1   1   1   1   1 |     AAC   0   1   0   0   0   1 |     AGC   1   1   1   1   1   1
    ATA   0   0   0   0   0   0 |     ACA   1   1   1   1   1   1 | Lys AAA   2   2   2   2   2   2 | Arg AGA   0   0   0   0   0   0
Met ATG   0   0   0   0   0   0 |     ACG   0   0   0   0   0   0 |     AAG   1   1   1   1   1   1 |     AGG   0   0   0   0   0   0
--------------------------------------------------------------------------------------------------------------------------------------
Val GTT   1   1   1   1   1   1 | Ala GCT   0   0   0   0   0   0 | Asp GAT   1   1   1   1   1   1 | Gly GGT   3   2   2   2   2   2
    GTC   0   0   0   0   0   0 |     GCC   0   0   0   0   0   0 |     GAC   2   2   2   2   2   2 |     GGC   1   1   1   1   1   1
    GTA   1   1   1   1   1   1 |     GCA   0   0   0   0   0   0 | Glu GAA   1   1   1   1   1   1 |     GGA   2   2   2   2   2   2
    GTG   0   0   0   0   0   0 |     GCG   0   0   0   0   0   0 |     GAG   0   0   0   0   0   0 |     GGG   0   0   0   0   0   0
--------------------------------------------------------------------------------------------------------------------------------------

--------------------------------------------------------------------------------------------------------------------------------------
Phe TTT   0   0   0   0   0   0 | Ser TCT   1   1   0   0   0   1 | Tyr TAT   0   0   0   0   0   0 | Cys TGT   0   0   0   0   0   0
    TTC   0   0   0   0   0   0 |     TCC   0   0   1   1   1   0 |     TAC   1   1   1   1   1   1 |     TGC   1   1   1   1   1   1
Leu TTA   0   0   0   0   0   0 |     TCA   1   1   1   1   1   1 | *** TAA   0   0   0   0   0   0 | *** TGA   0   0   0   0   0   0
    TTG   0   0   0   0   0   0 |     TCG   0   0   0   0   0   0 |     TAG   0   0   0   0   0   0 | Trp TGG   0   0   0   0   0   0
--------------------------------------------------------------------------------------------------------------------------------------
Leu CTT   0   0   0   0   0   0 | Pro CCT   0   0   0   0   0   0 | His CAT   0   0   0   0   0   0 | Arg CGT   0   0   0   0   0   0
    CTC   1   1   1   1   1   1 |     CCC   0   0   0   0   0   0 |     CAC   0   0   0   0   0   0 |     CGC   0   0   0   0   0   0
    CTA   0   0   0   0   0   0 |     CCA   0   0   0   0   0   0 | Gln CAA   1   1   1   1   1   1 |     CGA   0   0   0   0   0   0
    CTG   0   0   0   0   0   0 |     CCG   0   0   0   0   0   0 |     CAG   0   0   0   0   0   0 |     CGG   0   0   0   0   0   0
--------------------------------------------------------------------------------------------------------------------------------------
Ile ATT   0   0   0   0   0   0 | Thr ACT   0   0   0   0   0   0 | Asn AAT   1   1   0   0   1   1 | Ser AGT   2   2   2   2   2   2
    ATC   0   0   0   0   0   0 |     ACC   1   1   1   1   1   1 |     AAC   0   0   1   1   0   0 |     AGC   1   1   1   1   1   1
    ATA   0   0   0   0   0   0 |     ACA   1   1   1   1   1   1 | Lys AAA   2   2   2   2   2   2 | Arg AGA   0   0   0   0   0   0
Met ATG   0   0   0   0   0   0 |     ACG   0   0   0   0   0   0 |     AAG   1   1   1   1   1   1 |     AGG   0   0   0   0   0   0
--------------------------------------------------------------------------------------------------------------------------------------
Val GTT   1   1   1   1   1   1 | Ala GCT   0   0   0   0   0   0 | Asp GAT   1   1   1   1   1   1 | Gly GGT   2   2   2   2   2   2
    GTC   0   0   0   0   0   0 |     GCC   0   0   0   0   0   0 |     GAC   2   2   2   2   2   2 |     GGC   1   2   1   1   1   1
    GTA   1   1   1   1   1   1 |     GCA   0   0   0   0   0   0 | Glu GAA   1   1   1   1   1   1 |     GGA   2   1   2   2   2   2
    GTG   0   0   0   0   0   0 |     GCG   0   0   0   0   0   0 |     GAG   0   0   0   0   0   0 |     GGG   0   0   0   0   0   0
--------------------------------------------------------------------------------------------------------------------------------------

--------------------------------------------------------------------------------------------------------------------------------------
Phe TTT   0   0   0   0   0   0 | Ser TCT   0   1   1   0   1   0 | Tyr TAT   0   0   0   0   0   0 | Cys TGT   0   0   0   0   0   0
    TTC   0   0   0   0   1   0 |     TCC   1   0   0   1   0   1 |     TAC   1   1   1   1   1   1 |     TGC   1   1   1   1   1   1
Leu TTA   0   0   0   0   0   0 |     TCA   1   1   1   1   1   1 | *** TAA   0   0   0   0   0   0 | *** TGA   0   0   0   0   0   0
    TTG   0   0   0   0   0   0 |     TCG   0   0   0   0   0   0 |     TAG   0   0   0   0   0   0 | Trp TGG   0   0   0   0   0   0
--------------------------------------------------------------------------------------------------------------------------------------
Leu CTT   0   0   0   0   0   0 | Pro CCT   0   0   0   0   0   0 | His CAT   0   0   0   0   0   0 | Arg CGT   0   0   0   0   0   0
    CTC   1   1   1   1   0   1 |     CCC   0   0   0   0   0   0 |     CAC   0   0   0   0   0   0 |     CGC   0   0   0   0   0   0
    CTA   0   0   0   0   0   0 |     CCA   0   0   0   0   0   0 | Gln CAA   1   1   1   1   1   1 |     CGA   0   0   0   0   0   0
    CTG   0   0   0   0   0   0 |     CCG   0   0   0   0   0   0 |     CAG   0   0   0   0   0   0 |     CGG   0   0   0   0   0   0
--------------------------------------------------------------------------------------------------------------------------------------
Ile ATT   0   0   0   0   0   0 | Thr ACT   0   0   0   1   0   0 | Asn AAT   1   0   1   1   0   1 | Ser AGT   2   2   2   1   2   2
    ATC   0   0   0   0   0   0 |     ACC   1   1   1   1   1   1 |     AAC   0   1   0   0   1   0 |     AGC   1   1   1   1   1   1
    ATA   0   0   0   0   0   0 |     ACA   1   1   1   1   1   1 | Lys AAA   2   2   2   2   2   1 | Arg AGA   0   0   0   0   0   1
Met ATG   0   0   0   0   0   0 |     ACG   0   0   0   0   0   0 |     AAG   1   1   1   1   1   1 |     AGG   0   0   0   0   0   0
--------------------------------------------------------------------------------------------------------------------------------------
Val GTT   1   1   1   1   1   0 | Ala GCT   0   0   0   0   0   0 | Asp GAT   1   1   1   1   0   1 | Gly GGT   1   2   2   2   2   2
    GTC   0   0   0   0   0   0 |     GCC   0   0   0   0   0   0 |     GAC   2   2   2   2   2   2 |     GGC   2   1   1   1   1   1
    GTA   1   1   1   1   1   1 |     GCA   0   0   0   0   0   0 | Glu GAA   1   1   1   1   1   1 |     GGA   2   2   2   2   1   2
    GTG   0   0   0   0   0   1 |     GCG   0   0   0   0   0   0 |     GAG   0   0   0   0   1   0 |     GGG   0   0   0   0   1   0
--------------------------------------------------------------------------------------------------------------------------------------

--------------------------------------------------------------------------------------------------------------------------------------
Phe TTT   0   0   0   0   0   0 | Ser TCT   0   1   0   0   0   1 | Tyr TAT   0   0   0   0   0   0 | Cys TGT   0   0   0   0   0   0
    TTC   0   0   0   0   0   0 |     TCC   1   0   1   1   1   0 |     TAC   1   1   1   1   1   1 |     TGC   1   1   1   1   1   1
Leu TTA   0   0   0   0   0   0 |     TCA   1   1   1   1   1   1 | *** TAA   0   0   0   0   0   0 | *** TGA   0   0   0   0   0   0
    TTG   0   0   0   0   0   0 |     TCG   0   0   0   0   0   0 |     TAG   0   0   0   0   0   0 | Trp TGG   0   0   0   0   0   0
--------------------------------------------------------------------------------------------------------------------------------------
Leu CTT   0   0   0   0   0   0 | Pro CCT   0   0   0   0   0   0 | His CAT   0   0   0   0   0   0 | Arg CGT   0   0   0   0   0   0
    CTC   1   1   1   1   1   1 |     CCC   0   0   0   0   0   0 |     CAC   0   0   0   0   0   0 |     CGC   0   0   0   0   0   0
    CTA   0   0   0   0   0   0 |     CCA   0   0   0   0   0   0 | Gln CAA   1   1   1   1   1   1 |     CGA   0   0   0   0   0   0
    CTG   0   0   0   0   0   0 |     CCG   0   0   0   0   0   0 |     CAG   0   0   0   0   0   0 |     CGG   0   0   0   0   0   0
--------------------------------------------------------------------------------------------------------------------------------------
Ile ATT   0   0   0   0   0   0 | Thr ACT   0   0   0   0   0   0 | Asn AAT   1   1   0   1   1   1 | Ser AGT   2   2   2   2   2   2
    ATC   0   0   0   0   0   0 |     ACC   1   1   1   1   1   1 |     AAC   0   0   1   0   0   0 |     AGC   1   1   1   1   1   1
    ATA   0   0   0   0   0   0 |     ACA   1   1   1   1   1   1 | Lys AAA   2   2   2   2   2   2 | Arg AGA   0   0   0   0   0   0
Met ATG   0   0   0   0   0   0 |     ACG   0   0   0   0   0   0 |     AAG   1   1   1   1   1   1 |     AGG   0   0   0   0   0   0
--------------------------------------------------------------------------------------------------------------------------------------
Val GTT   1   1   1   1   1   1 | Ala GCT   0   0   0   0   0   0 | Asp GAT   1   1   1   1   1   1 | Gly GGT   2   2   2   2   1   2
    GTC   0   0   0   0   0   0 |     GCC   0   0   0   0   0   0 |     GAC   2   2   2   2   2   2 |     GGC   1   1   1   1   2   2
    GTA   1   0   1   1   1   1 |     GCA   0   0   0   0   0   0 | Glu GAA   1   1   1   1   1   1 |     GGA   2   2   2   2   2   1
    GTG   0   1   0   0   0   0 |     GCG   0   0   0   0   0   0 |     GAG   0   0   0   0   0   0 |     GGG   0   0   0   0   0   0
--------------------------------------------------------------------------------------------------------------------------------------

--------------------------------------------------------------------------------------------------------------------------------------
Phe TTT   0   0   0   0   0   0 | Ser TCT   1   0   1   1   1   0 | Tyr TAT   0   0   0   0   0   0 | Cys TGT   0   0   0   0   0   0
    TTC   0   0   0   0   0   0 |     TCC   0   1   0   0   0   1 |     TAC   1   1   1   1   1   1 |     TGC   1   1   1   1   1   1
Leu TTA   0   0   0   0   0   0 |     TCA   1   1   1   1   1   1 | *** TAA   0   0   0   0   0   0 | *** TGA   0   0   0   0   0   0
    TTG   0   0   0   0   0   0 |     TCG   0   0   0   0   0   0 |     TAG   0   0   0   0   0   0 | Trp TGG   0   0   0   0   0   0
--------------------------------------------------------------------------------------------------------------------------------------
Leu CTT   0   0   0   0   0   0 | Pro CCT   0   0   0   0   0   0 | His CAT   0   0   0   0   0   0 | Arg CGT   0   0   0   0   0   0
    CTC   1   1   1   1   1   1 |     CCC   0   0   0   0   0   0 |     CAC   0   0   0   0   0   0 |     CGC   0   0   0   0   0   0
    CTA   0   0   0   0   0   0 |     CCA   0   0   0   0   0   0 | Gln CAA   1   1   1   1   1   1 |     CGA   0   0   0   0   0   0
    CTG   0   0   0   0   0   0 |     CCG   0   0   0   0   0   0 |     CAG   0   0   0   0   0   0 |     CGG   0   0   0   0   0   0
--------------------------------------------------------------------------------------------------------------------------------------
Ile ATT   0   0   0   0   0   0 | Thr ACT   0   0   0   0   0   0 | Asn AAT   1   1   1   1   1   0 | Ser AGT   2   2   2   2   2   2
    ATC   0   0   0   0   0   0 |     ACC   1   1   1   1   1   1 |     AAC   0   0   0   0   0   1 |     AGC   1   1   1   1   1   1
    ATA   0   0   0   0   0   0 |     ACA   1   1   1   1   1   1 | Lys AAA   2   2   2   2   2   2 | Arg AGA   0   0   0   0   0   0
Met ATG   0   0   0   0   0   0 |     ACG   0   0   0   0   0   0 |     AAG   1   1   1   1   1   1 |     AGG   0   0   0   0   0   0
--------------------------------------------------------------------------------------------------------------------------------------
Val GTT   1   1   1   1   1   1 | Ala GCT   0   0   0   0   0   0 | Asp GAT   1   1   1   1   1   1 | Gly GGT   2   2   2   3   2   2
    GTC   0   0   0   0   0   0 |     GCC   0   0   0   0   0   0 |     GAC   2   2   2   2   2   2 |     GGC   1   1   1   1   1   1
    GTA   1   1   1   1   0   1 |     GCA   0   0   0   0   0   0 | Glu GAA   1   1   1   1   1   1 |     GGA   2   2   2   1   2   2
    GTG   0   0   0   0   1   0 |     GCG   0   0   0   0   0   0 |     GAG   0   0   0   0   0   0 |     GGG   0   0   0   0   0   0
--------------------------------------------------------------------------------------------------------------------------------------

--------------------------------------------------------------------------------------------------------------------------------------
Phe TTT   0   0   0   0   0   0 | Ser TCT   0   0   1   1   1   1 | Tyr TAT   0   0   0   0   0   0 | Cys TGT   0   0   0   0   0   0
    TTC   0   0   0   0   0   0 |     TCC   1   1   0   0   0   0 |     TAC   1   1   1   1   1   1 |     TGC   1   1   1   1   1   1
Leu TTA   0   0   0   0   0   0 |     TCA   1   1   1   1   1   1 | *** TAA   0   0   0   0   0   0 | *** TGA   0   0   0   0   0   0
    TTG   0   0   0   0   0   0 |     TCG   0   0   0   0   0   0 |     TAG   0   0   0   0   0   0 | Trp TGG   0   0   0   0   0   0
--------------------------------------------------------------------------------------------------------------------------------------
Leu CTT   0   0   0   0   0   0 | Pro CCT   0   0   0   0   0   0 | His CAT   0   0   0   0   0   0 | Arg CGT   0   0   0   0   0   0
    CTC   1   1   1   1   1   1 |     CCC   0   0   0   0   0   0 |     CAC   0   0   0   0   0   0 |     CGC   0   0   0   0   0   0
    CTA   0   0   0   0   0   0 |     CCA   0   0   0   0   0   0 | Gln CAA   1   1   1   1   1   1 |     CGA   0   0   0   0   0   0
    CTG   0   0   0   0   0   0 |     CCG   0   0   0   0   0   0 |     CAG   0   0   0   0   0   0 |     CGG   0   0   0   0   0   0
--------------------------------------------------------------------------------------------------------------------------------------
Ile ATT   0   0   0   0   0   0 | Thr ACT   0   0   0   0   0   0 | Asn AAT   1   0   1   1   1   1 | Ser AGT   2   1   2   2   2   2
    ATC   0   0   0   0   0   0 |     ACC   1   1   1   1   1   1 |     AAC   0   1   0   0   0   0 |     AGC   1   2   1   1   1   1
    ATA   0   0   0   0   0   0 |     ACA   1   1   1   1   1   1 | Lys AAA   2   2   2   2   2   2 | Arg AGA   0   0   0   0   0   0
Met ATG   0   0   0   0   0   0 |     ACG   0   0   0   0   0   0 |     AAG   1   1   1   1   1   1 |     AGG   0   0   0   0   0   0
--------------------------------------------------------------------------------------------------------------------------------------
Val GTT   1   1   1   1   1   1 | Ala GCT   0   0   0   0   0   0 | Asp GAT   1   1   1   1   1   1 | Gly GGT   2   2   2   2   2   2
    GTC   0   0   0   0   0   0 |     GCC   0   0   0   0   0   0 |     GAC   2   2   2   2   2   2 |     GGC   1   1   1   1   1   1
    GTA   1   1   1   1   1   1 |     GCA   0   0   0   0   0   0 | Glu GAA   1   1   1   1   1   1 |     GGA   2   2   2   2   2   2
    GTG   0   0   0   0   0   0 |     GCG   0   0   0   0   0   0 |     GAG   0   0   0   0   0   0 |     GGG   0   0   0   0   0   0
--------------------------------------------------------------------------------------------------------------------------------------

Codon position x base (3x4) table for each sequence.

#1: Argali         
position  1:    T:0.15385    C:0.07692    A:0.34615    G:0.42308
position  2:    T:0.11538    C:0.15385    A:0.38462    G:0.34615
position  3:    T:0.23077    C:0.38462    A:0.34615    G:0.03846
Average         T:0.16667    C:0.20513    A:0.35897    G:0.26923

#2: LesserMouseDeer
position  1:    T:0.15385    C:0.07692    A:0.34615    G:0.42308
position  2:    T:0.15385    C:0.11538    A:0.38462    G:0.34615
position  3:    T:0.34615    C:0.26923    A:0.34615    G:0.03846
Average         T:0.21795    C:0.15385    A:0.35897    G:0.26923

#3: LesserKudu     
position  1:    T:0.15385    C:0.07692    A:0.34615    G:0.42308
position  2:    T:0.11538    C:0.15385    A:0.38462    G:0.34615
position  3:    T:0.30769    C:0.30769    A:0.34615    G:0.03846
Average         T:0.19231    C:0.17949    A:0.35897    G:0.26923

#4: ForestMuskDeer2
position  1:    T:0.15385    C:0.07692    A:0.34615    G:0.42308
position  2:    T:0.11538    C:0.15385    A:0.38462    G:0.34615
position  3:    T:0.30769    C:0.30769    A:0.34615    G:0.03846
Average         T:0.19231    C:0.17949    A:0.35897    G:0.26923

#5: Camel          
position  1:    T:0.15385    C:0.11538    A:0.30769    G:0.42308
position  2:    T:0.11538    C:0.19231    A:0.38462    G:0.30769
position  3:    T:0.15385    C:0.38462    A:0.38462    G:0.07692
Average         T:0.14103    C:0.23077    A:0.35897    G:0.26923

#6: KillerWhale    
position  1:    T:0.15385    C:0.07692    A:0.34615    G:0.42308
position  2:    T:0.11538    C:0.11538    A:0.42308    G:0.34615
position  3:    T:0.26923    C:0.38462    A:0.30769    G:0.03846
Average         T:0.17949    C:0.19231    A:0.35897    G:0.26923

#7: DefassaWaterbuck
position  1:    T:0.15385    C:0.07692    A:0.34615    G:0.42308
position  2:    T:0.11538    C:0.15385    A:0.38462    G:0.34615
position  3:    T:0.23077    C:0.38462    A:0.34615    G:0.03846
Average         T:0.16667    C:0.20513    A:0.35897    G:0.26923

#8: Sheep          
position  1:    T:0.15385    C:0.07692    A:0.34615    G:0.42308
position  2:    T:0.11538    C:0.15385    A:0.38462    G:0.34615
position  3:    T:0.23077    C:0.38462    A:0.34615    G:0.03846
Average         T:0.16667    C:0.20513    A:0.35897    G:0.26923

#9: MaxwellsDuiker 
position  1:    T:0.11538    C:0.07692    A:0.38462    G:0.42308
position  2:    T:0.11538    C:0.15385    A:0.38462    G:0.34615
position  3:    T:0.26923    C:0.34615    A:0.34615    G:0.03846
Average         T:0.16667    C:0.19231    A:0.37179    G:0.26923

#10: GazellaPrzewalskyi
position  1:    T:0.15385    C:0.07692    A:0.34615    G:0.42308
position  2:    T:0.11538    C:0.15385    A:0.38462    G:0.34615
position  3:    T:0.26923    C:0.34615    A:0.34615    G:0.03846
Average         T:0.17949    C:0.19231    A:0.35897    G:0.26923

#11: MountainNyala  
position  1:    T:0.15385    C:0.07692    A:0.34615    G:0.42308
position  2:    T:0.11538    C:0.15385    A:0.38462    G:0.34615
position  3:    T:0.30769    C:0.30769    A:0.34615    G:0.03846
Average         T:0.19231    C:0.17949    A:0.35897    G:0.26923

#12: MuntiacusMuntjak
position  1:    T:0.15385    C:0.07692    A:0.34615    G:0.42308
position  2:    T:0.11538    C:0.15385    A:0.38462    G:0.34615
position  3:    T:0.30769    C:0.30769    A:0.34615    G:0.03846
Average         T:0.19231    C:0.17949    A:0.35897    G:0.26923

#13: goat           
position  1:    T:0.15385    C:0.07692    A:0.34615    G:0.42308
position  2:    T:0.11538    C:0.15385    A:0.38462    G:0.34615
position  3:    T:0.23077    C:0.38462    A:0.34615    G:0.03846
Average         T:0.16667    C:0.20513    A:0.35897    G:0.26923

#14: AfricanBuffalo 
position  1:    T:0.15385    C:0.07692    A:0.34615    G:0.42308
position  2:    T:0.11538    C:0.15385    A:0.38462    G:0.34615
position  3:    T:0.30769    C:0.30769    A:0.30769    G:0.07692
Average         T:0.19231    C:0.17949    A:0.34615    G:0.28205

#15: Topi           
position  1:    T:0.15385    C:0.07692    A:0.34615    G:0.42308
position  2:    T:0.11538    C:0.15385    A:0.38462    G:0.34615
position  3:    T:0.26923    C:0.34615    A:0.34615    G:0.03846
Average         T:0.17949    C:0.19231    A:0.35897    G:0.26923

#16: CommonDuiker   
position  1:    T:0.15385    C:0.07692    A:0.34615    G:0.42308
position  2:    T:0.11538    C:0.15385    A:0.38462    G:0.34615
position  3:    T:0.26923    C:0.34615    A:0.34615    G:0.03846
Average         T:0.17949    C:0.19231    A:0.35897    G:0.26923

#17: Suni           
position  1:    T:0.15385    C:0.07692    A:0.34615    G:0.42308
position  2:    T:0.11538    C:0.15385    A:0.38462    G:0.34615
position  3:    T:0.23077    C:0.38462    A:0.34615    G:0.03846
Average         T:0.16667    C:0.20513    A:0.35897    G:0.26923

#18: Springbuck     
position  1:    T:0.15385    C:0.07692    A:0.34615    G:0.42308
position  2:    T:0.11538    C:0.15385    A:0.38462    G:0.34615
position  3:    T:0.23077    C:0.38462    A:0.34615    G:0.03846
Average         T:0.16667    C:0.20513    A:0.35897    G:0.26923

#19: Okapi          
position  1:    T:0.15385    C:0.07692    A:0.30769    G:0.46154
position  2:    T:0.11538    C:0.15385    A:0.38462    G:0.34615
position  3:    T:0.30769    C:0.30769    A:0.34615    G:0.03846
Average         T:0.19231    C:0.17949    A:0.34615    G:0.28205

#20: Giraffe        
position  1:    T:0.15385    C:0.07692    A:0.34615    G:0.42308
position  2:    T:0.11538    C:0.15385    A:0.38462    G:0.34615
position  3:    T:0.26923    C:0.34615    A:0.34615    G:0.03846
Average         T:0.17949    C:0.19231    A:0.35897    G:0.26923

#21: TibetanAntelope
position  1:    T:0.15385    C:0.07692    A:0.34615    G:0.42308
position  2:    T:0.11538    C:0.15385    A:0.38462    G:0.34615
position  3:    T:0.26923    C:0.34615    A:0.34615    G:0.03846
Average         T:0.17949    C:0.19231    A:0.35897    G:0.26923

#22: Sitatunga      
position  1:    T:0.15385    C:0.07692    A:0.34615    G:0.42308
position  2:    T:0.11538    C:0.15385    A:0.38462    G:0.34615
position  3:    T:0.30769    C:0.30769    A:0.34615    G:0.03846
Average         T:0.19231    C:0.17949    A:0.35897    G:0.26923

#23: Oribi          
position  1:    T:0.15385    C:0.07692    A:0.34615    G:0.42308
position  2:    T:0.11538    C:0.15385    A:0.38462    G:0.34615
position  3:    T:0.26923    C:0.34615    A:0.34615    G:0.03846
Average         T:0.17949    C:0.19231    A:0.35897    G:0.26923

#24: BarbarySheep   
position  1:    T:0.15385    C:0.07692    A:0.34615    G:0.42308
position  2:    T:0.11538    C:0.15385    A:0.38462    G:0.34615
position  3:    T:0.23077    C:0.38462    A:0.34615    G:0.03846
Average         T:0.16667    C:0.20513    A:0.35897    G:0.26923

#25: Daviddeer      
position  1:    T:0.15385    C:0.07692    A:0.34615    G:0.42308
position  2:    T:0.11538    C:0.15385    A:0.38462    G:0.34615
position  3:    T:0.30769    C:0.30769    A:0.34615    G:0.03846
Average         T:0.19231    C:0.17949    A:0.35897    G:0.26923

#26: Reindeer       
position  1:    T:0.15385    C:0.07692    A:0.34615    G:0.42308
position  2:    T:0.11538    C:0.15385    A:0.38462    G:0.34615
position  3:    T:0.30769    C:0.34615    A:0.30769    G:0.03846
Average         T:0.19231    C:0.19231    A:0.34615    G:0.26923

#27: Ibex           
position  1:    T:0.15385    C:0.07692    A:0.34615    G:0.42308
position  2:    T:0.11538    C:0.15385    A:0.38462    G:0.34615
position  3:    T:0.23077    C:0.38462    A:0.34615    G:0.03846
Average         T:0.16667    C:0.20513    A:0.35897    G:0.26923

#28: GyrantGazelle  
position  1:    T:0.15385    C:0.07692    A:0.34615    G:0.42308
position  2:    T:0.11538    C:0.15385    A:0.38462    G:0.34615
position  3:    T:0.23077    C:0.38462    A:0.34615    G:0.03846
Average         T:0.16667    C:0.20513    A:0.35897    G:0.26923

#29: Hartebeest     
position  1:    T:0.15385    C:0.07692    A:0.34615    G:0.42308
position  2:    T:0.11538    C:0.15385    A:0.38462    G:0.34615
position  3:    T:0.26923    C:0.34615    A:0.34615    G:0.03846
Average         T:0.17949    C:0.19231    A:0.35897    G:0.26923

#30: Bongo          
position  1:    T:0.15385    C:0.07692    A:0.34615    G:0.42308
position  2:    T:0.11538    C:0.15385    A:0.38462    G:0.34615
position  3:    T:0.30769    C:0.30769    A:0.34615    G:0.03846
Average         T:0.19231    C:0.17949    A:0.35897    G:0.26923

#31: Gerenuk        
position  1:    T:0.15385    C:0.07692    A:0.34615    G:0.42308
position  2:    T:0.11538    C:0.15385    A:0.38462    G:0.34615
position  3:    T:0.23077    C:0.38462    A:0.34615    G:0.03846
Average         T:0.16667    C:0.20513    A:0.35897    G:0.26923

#32: CommonEland    
position  1:    T:0.15385    C:0.07692    A:0.34615    G:0.42308
position  2:    T:0.11538    C:0.15385    A:0.38462    G:0.34615
position  3:    T:0.26923    C:0.34615    A:0.34615    G:0.03846
Average         T:0.17949    C:0.19231    A:0.35897    G:0.26923

#33: MuntiacusReevesi
position  1:    T:0.15385    C:0.07692    A:0.34615    G:0.42308
position  2:    T:0.11538    C:0.15385    A:0.38462    G:0.34615
position  3:    T:0.30769    C:0.30769    A:0.34615    G:0.03846
Average         T:0.19231    C:0.17949    A:0.35897    G:0.26923

#34: HarveysDuiker  
position  1:    T:0.15385    C:0.07692    A:0.34615    G:0.42308
position  2:    T:0.11538    C:0.19231    A:0.38462    G:0.30769
position  3:    T:0.26923    C:0.34615    A:0.34615    G:0.03846
Average         T:0.17949    C:0.20513    A:0.35897    G:0.25641

#35: Pronghorn      
position  1:    T:0.19231    C:0.03846    A:0.34615    G:0.42308
position  2:    T:0.11538    C:0.15385    A:0.38462    G:0.34615
position  3:    T:0.23077    C:0.34615    A:0.30769    G:0.11538
Average         T:0.17949    C:0.17949    A:0.34615    G:0.29487

#36: BlueWildebeest 
position  1:    T:0.15385    C:0.07692    A:0.34615    G:0.42308
position  2:    T:0.11538    C:0.15385    A:0.34615    G:0.38462
position  3:    T:0.23077    C:0.34615    A:0.34615    G:0.07692
Average         T:0.16667    C:0.19231    A:0.34615    G:0.29487

#37: Gemsbok        
position  1:    T:0.15385    C:0.07692    A:0.34615    G:0.42308
position  2:    T:0.11538    C:0.15385    A:0.38462    G:0.34615
position  3:    T:0.26923    C:0.34615    A:0.34615    G:0.03846
Average         T:0.17949    C:0.19231    A:0.35897    G:0.26923

#38: Yak            
position  1:    T:0.15385    C:0.07692    A:0.34615    G:0.42308
position  2:    T:0.11538    C:0.15385    A:0.38462    G:0.34615
position  3:    T:0.30769    C:0.30769    A:0.30769    G:0.07692
Average         T:0.19231    C:0.17949    A:0.34615    G:0.28205

#39: BlueSheep      
position  1:    T:0.15385    C:0.07692    A:0.34615    G:0.42308
position  2:    T:0.11538    C:0.15385    A:0.38462    G:0.34615
position  3:    T:0.23077    C:0.38462    A:0.34615    G:0.03846
Average         T:0.16667    C:0.20513    A:0.35897    G:0.26923

#40: BohorReedbuck  
position  1:    T:0.15385    C:0.07692    A:0.34615    G:0.42308
position  2:    T:0.11538    C:0.15385    A:0.38462    G:0.34615
position  3:    T:0.26923    C:0.34615    A:0.34615    G:0.03846
Average         T:0.17949    C:0.19231    A:0.35897    G:0.26923

#41: KirksDik       
position  1:    T:0.15385    C:0.07692    A:0.34615    G:0.42308
position  2:    T:0.11538    C:0.15385    A:0.38462    G:0.34615
position  3:    T:0.23077    C:0.38462    A:0.34615    G:0.03846
Average         T:0.16667    C:0.20513    A:0.35897    G:0.26923

#42: RoeDeer        
position  1:    T:0.15385    C:0.07692    A:0.34615    G:0.42308
position  2:    T:0.11538    C:0.15385    A:0.38462    G:0.34615
position  3:    T:0.30769    C:0.34615    A:0.30769    G:0.03846
Average         T:0.19231    C:0.19231    A:0.34615    G:0.26923

#43: WhiteLippedDeer
position  1:    T:0.15385    C:0.07692    A:0.34615    G:0.42308
position  2:    T:0.11538    C:0.15385    A:0.38462    G:0.34615
position  3:    T:0.30769    C:0.30769    A:0.34615    G:0.03846
Average         T:0.19231    C:0.17949    A:0.35897    G:0.26923

#44: ThomsonGazelle 
position  1:    T:0.15385    C:0.07692    A:0.34615    G:0.42308
position  2:    T:0.11538    C:0.15385    A:0.38462    G:0.34615
position  3:    T:0.26923    C:0.34615    A:0.34615    G:0.03846
Average         T:0.17949    C:0.19231    A:0.35897    G:0.26923

#45: MuntiacusCrinifrons
position  1:    T:0.15385    C:0.07692    A:0.34615    G:0.42308
position  2:    T:0.11538    C:0.15385    A:0.38462    G:0.34615
position  3:    T:0.30769    C:0.30769    A:0.34615    G:0.03846
Average         T:0.19231    C:0.17949    A:0.35897    G:0.26923

#46: WhiteTailedDeer
position  1:    T:0.15385    C:0.07692    A:0.34615    G:0.42308
position  2:    T:0.11538    C:0.15385    A:0.38462    G:0.34615
position  3:    T:0.34615    C:0.30769    A:0.30769    G:0.03846
Average         T:0.20513    C:0.17949    A:0.34615    G:0.26923

#47: Cattle         
position  1:    T:0.15385    C:0.07692    A:0.34615    G:0.42308
position  2:    T:0.11538    C:0.15385    A:0.38462    G:0.34615
position  3:    T:0.30769    C:0.30769    A:0.30769    G:0.07692
Average         T:0.19231    C:0.17949    A:0.34615    G:0.28205

#48: RoyalAntelope  
position  1:    T:0.15385    C:0.07692    A:0.34615    G:0.42308
position  2:    T:0.11538    C:0.15385    A:0.38462    G:0.34615
position  3:    T:0.23077    C:0.38462    A:0.34615    G:0.03846
Average         T:0.16667    C:0.20513    A:0.35897    G:0.26923

#49: Steenbok       
position  1:    T:0.15385    C:0.07692    A:0.34615    G:0.42308
position  2:    T:0.11538    C:0.15385    A:0.38462    G:0.34615
position  3:    T:0.26923    C:0.34615    A:0.34615    G:0.03846
Average         T:0.17949    C:0.19231    A:0.35897    G:0.26923

#50: Impala         
position  1:    T:0.15385    C:0.07692    A:0.34615    G:0.42308
position  2:    T:0.11538    C:0.15385    A:0.38462    G:0.34615
position  3:    T:0.19231    C:0.42308    A:0.34615    G:0.03846
Average         T:0.15385    C:0.21795    A:0.35897    G:0.26923

#51: Klipspringer   
position  1:    T:0.15385    C:0.07692    A:0.34615    G:0.42308
position  2:    T:0.11538    C:0.15385    A:0.38462    G:0.34615
