CODONML (in paml version 4.10.7, June 2023)  /home/rachel/ruminants_paml/6406-phy-tree/ENSBTAT00000015861.fasta.phy
Model: free dN/dS Ratios for branches,  kappa = 2.000 fixed

Codon frequency model: F3x4
ns =  54  ls =  21

Codon usage in sequences
--------------------------------------------------------------------------------------------------------------------------------------
Phe TTT   0   0   0   0   0   0 | Ser TCT   0   1   0   1   1   0 | Tyr TAT   0   0   0   0   0   0 | Cys TGT   0   0   0   0   0   0
    TTC   1   1   1   1   1   1 |     TCC   1   0   1   0   0   1 |     TAC   1   1   1   1   1   1 |     TGC   0   0   0   0   0   0
Leu TTA   0   0   0   0   0   0 |     TCA   0   0   0   0   0   0 | *** TAA   0   0   0   0   0   0 | *** TGA   0   0   0   0   0   0
    TTG   1   1   1   1   1   1 |     TCG   0   0   0   0   0   0 |     TAG   0   0   0   0   0   0 | Trp TGG   1   1   1   1   1   1
--------------------------------------------------------------------------------------------------------------------------------------
Leu CTT   0   0   0   0   0   0 | Pro CCT   0   0   0   0   0   0 | His CAT   0   0   0   0   0   0 | Arg CGT   0   0   0   0   0   0
    CTC   0   0   0   0   0   0 |     CCC   0   0   0   0   0   0 |     CAC   0   0   0   0   0   0 |     CGC   0   0   0   0   0   0
    CTA   0   0   0   0   0   0 |     CCA   1   1   1   1   1   1 | Gln CAA   0   2   0   0   0   0 |     CGA   0   0   0   0   0   0
    CTG   0   0   0   0   0   0 |     CCG   0   0   0   0   0   0 |     CAG   3   2   3   3   3   2 |     CGG   0   0   0   0   0   0
--------------------------------------------------------------------------------------------------------------------------------------
Ile ATT   0   0   0   0   0   0 | Thr ACT   0   0   0   0   0   0 | Asn AAT   0   0   0   0   0   0 | Ser AGT   0   0   0   0   0   0
    ATC   1   1   1   0   1   1 |     ACC   0   1   0   0   1   1 |     AAC   0   0   0   0   0   0 |     AGC   1   0   1   1   0   0
    ATA   0   0   0   0   0   0 |     ACA   0   0   0   0   0   0 | Lys AAA   1   0   1   1   0   0 | Arg AGA   0   0   0   0   0   0
Met ATG   2   2   2   2   2   1 |     ACG   0   0   0   0   0   0 |     AAG   1   1   1   1   1   2 |     AGG   0   0   0   0   0   0
--------------------------------------------------------------------------------------------------------------------------------------
Val GTT   0   0   0   0   0   0 | Ala GCT   0   0   0   0   0   0 | Asp GAT   1   2   1   1   2   1 | Gly GGT   0   0   0   0   0   0
    GTC   0   0   0   1   0   0 |     GCC   0   0   0   0   0   0 |     GAC   2   1   2   2   1   2 |     GGC   0   0   0   0   1   0
    GTA   0   0   0   0   0   0 |     GCA   0   0   1   0   0   0 | Glu GAA   0   0   0   0   1   0 |     GGA   1   1   1   1   0   1
    GTG   1   1   1   1   1   2 |     GCG   1   1   0   1   1   1 |     GAG   0   0   0   0   0   1 |     GGG   0   0   0   0   0   0
--------------------------------------------------------------------------------------------------------------------------------------

--------------------------------------------------------------------------------------------------------------------------------------
Phe TTT   0   0   0   0   0   0 | Ser TCT   0   0   0   0   0   0 | Tyr TAT   0   0   0   0   0   0 | Cys TGT   0   0   0   0   0   0
    TTC   1   1   1   1   1   1 |     TCC   1   1   1   1   1   1 |     TAC   1   1   1   1   1   1 |     TGC   0   0   0   0   0   0
Leu TTA   0   0   0   0   0   0 |     TCA   0   0   0   0   0   0 | *** TAA   0   0   0   0   0   0 | *** TGA   0   0   0   0   0   0
    TTG   1   1   1   1   1   1 |     TCG   0   0   0   0   0   0 |     TAG   0   0   0   0   0   0 | Trp TGG   1   1   1   1   1   1
--------------------------------------------------------------------------------------------------------------------------------------
Leu CTT   0   0   0   0   0   0 | Pro CCT   0   0   0   0   0   0 | His CAT   0   0   0   0   0   0 | Arg CGT   0   0   0   0   0   0
    CTC   1   0   0   0   0   0 |     CCC   0   0   0   0   0   0 |     CAC   0   0   0   0   0   0 |     CGC   0   0   0   0   0   0
    CTA   1   0   0   0   0   0 |     CCA   1   1   1   1   1   1 | Gln CAA   0   0   0   0   0   0 |     CGA   0   0   0   0   0   0
    CTG   0   0   0   0   0   0 |     CCG   0   0   0   0   0   0 |     CAG   2   3   3   3   3   3 |     CGG   0   0   0   0   0   0
--------------------------------------------------------------------------------------------------------------------------------------
Ile ATT   0   0   0   0   0   0 | Thr ACT   0   0   0   0   0   0 | Asn AAT   0   0   0   0   0   0 | Ser AGT   0   0   0   0   0   0
    ATC   0   1   1   1   1   0 |     ACC   1   0   0   0   0   0 |     AAC   0   0   0   0   0   0 |     AGC   0   1   1   1   1   1
    ATA   0   0   0   0   0   0 |     ACA   0   0   0   0   0   0 | Lys AAA   1   1   1   1   1   1 | Arg AGA   0   0   0   0   0   0
Met ATG   2   2   2   2   2   2 |     ACG   0   0   0   0   0   1 |     AAG   1   1   1   1   1   1 |     AGG   0   0   0   0   0   0
--------------------------------------------------------------------------------------------------------------------------------------
Val GTT   0   0   0   0   0   0 | Ala GCT   0   0   0   0   0   0 | Asp GAT   2   1   1   1   1   1 | Gly GGT   0   0   0   0   0   0
    GTC   0   0   0   0   0   1 |     GCC   0   0   0   0   0   0 |     GAC   1   2   2   1   2   2 |     GGC   0   0   0   0   0   0
    GTA   0   0   0   0   0   0 |     GCA   0   0   0   1   1   0 | Glu GAA   0   0   0   0   0   0 |     GGA   1   1   1   1   1   1
    GTG   2   1   1   1   1   1 |     GCG   0   1   1   0   0   0 |     GAG   0   0   0   1   0   0 |     GGG   0   0   0   0   0   0
--------------------------------------------------------------------------------------------------------------------------------------

--------------------------------------------------------------------------------------------------------------------------------------
Phe TTT   0   0   0   0   0   0 | Ser TCT   0   0   0   0   0   0 | Tyr TAT   0   0   0   0   0   0 | Cys TGT   0   0   0   0   0   0
    TTC   1   1   1   1   1   1 |     TCC   1   1   1   1   1   1 |     TAC   1   1   1   1   1   1 |     TGC   0   0   0   0   0   0
Leu TTA   0   0   0   0   0   0 |     TCA   0   0   0   0   0   0 | *** TAA   0   0   0   0   0   0 | *** TGA   0   0   0   0   0   0
    TTG   1   1   1   1   1   1 |     TCG   0   0   0   0   0   0 |     TAG   0   0   0   0   0   0 | Trp TGG   1   1   1   1   1   1
--------------------------------------------------------------------------------------------------------------------------------------
Leu CTT   0   0   0   0   0   0 | Pro CCT   0   0   0   0   0   0 | His CAT   0   0   0   0   0   0 | Arg CGT   0   0   0   0   0   0
    CTC   0   0   0   0   0   0 |     CCC   0   0   0   0   0   0 |     CAC   0   0   0   0   0   0 |     CGC   0   0   0   0   0   0
    CTA   0   0   0   0   0   0 |     CCA   1   1   1   1   1   1 | Gln CAA   0   0   0   0   1   1 |     CGA   0   0   0   0   0   0
    CTG   0   0   0   0   0   0 |     CCG   0   0   0   0   0   0 |     CAG   3   3   3   3   3   2 |     CGG   0   0   0   0   0   0
--------------------------------------------------------------------------------------------------------------------------------------
Ile ATT   0   0   0   0   0   0 | Thr ACT   0   0   0   0   0   0 | Asn AAT   0   1   0   0   0   0 | Ser AGT   0   0   0   0   0   0
    ATC   1   1   1   1   1   1 |     ACC   0   0   0   0   0   0 |     AAC   0   0   0   0   0   0 |     AGC   1   1   1   1   1   1
    ATA   0   0   0   0   0   0 |     ACA   0   0   0   0   0   0 | Lys AAA   1   1   1   1   0   1 | Arg AGA   0   0   0   0   0   0
Met ATG   2   2   2   2   2   2 |     ACG   0   0   0   0   0   0 |     AAG   1   1   1   1   1   1 |     AGG   0   0   0   0   0   0
--------------------------------------------------------------------------------------------------------------------------------------
Val GTT   0   0   0   0   0   0 | Ala GCT   0   0   0   0   0   0 | Asp GAT   1   0   1   1   2   0 | Gly GGT   0   0   0   0   0   0
    GTC   0   0   0   0   0   0 |     GCC   0   0   0   0   0   0 |     GAC   2   2   2   2   1   2 |     GGC   0   0   0   0   0   0
    GTA   0   0   0   0   0   0 |     GCA   0   1   0   0   0   1 | Glu GAA   0   0   0   0   0   0 |     GGA   1   1   1   1   1   1
    GTG   1   1   1   1   1   1 |     GCG   1   0   1   1   1   0 |     GAG   0   0   0   0   0   1 |     GGG   0   0   0   0   0   0
--------------------------------------------------------------------------------------------------------------------------------------

--------------------------------------------------------------------------------------------------------------------------------------
Phe TTT   0   0   0   0   0   0 | Ser TCT   0   0   1   0   0   0 | Tyr TAT   0   0   0   0   0   0 | Cys TGT   0   0   0   0   0   0
    TTC   1   1   1   1   1   1 |     TCC   1   1   0   1   1   1 |     TAC   1   1   1   1   1   1 |     TGC   0   0   0   0   0   0
Leu TTA   0   0   0   0   0   0 |     TCA   0   0   0   0   0   0 | *** TAA   0   0   0   0   0   0 | *** TGA   0   0   0   0   0   0
    TTG   1   1   1   1   1   1 |     TCG   0   1   0   0   0   0 |     TAG   0   0   0   0   0   0 | Trp TGG   1   1   1   1   1   1
--------------------------------------------------------------------------------------------------------------------------------------
Leu CTT   0   0   0   0   0   0 | Pro CCT   0   0   0   0   0   0 | His CAT   0   0   0   0   0   0 | Arg CGT   0   0   0   0   0   0
    CTC   0   0   0   0   0   0 |     CCC   0   0   0   0   0   0 |     CAC   0   0   0   0   0   0 |     CGC   0   0   0   0   0   0
    CTA   0   0   0   0   0   0 |     CCA   1   1   1   1   1   1 | Gln CAA   0   0   0   0   0   0 |     CGA   0   0   0   0   0   0
    CTG   0   0   0   0   0   0 |     CCG   0   0   0   0   0   0 |     CAG   3   3   3   3   3   3 |     CGG   0   0   0   0   0   0
--------------------------------------------------------------------------------------------------------------------------------------
Ile ATT   0   0   0   0   0   0 | Thr ACT   0   0   0   0   0   0 | Asn AAT   0   0   0   0   0   0 | Ser AGT   0   0   0   0   0   0
    ATC   0   0   1   1   1   1 |     ACC   0   0   0   0   0   0 |     AAC   0   0   0   0   0   0 |     AGC   1   1   1   1   1   1
    ATA   0   0   0   0   0   0 |     ACA   0   0   0   0   0   0 | Lys AAA   0   1   1   1   1   1 | Arg AGA   0   1   0   0   0   0
Met ATG   2   2   2   2   2   2 |     ACG   0   0   0   0   0   0 |     AAG   2   1   1   1   1   1 |     AGG   0   0   0   0   0   0
--------------------------------------------------------------------------------------------------------------------------------------
Val GTT   0   0   0   0   0   0 | Ala GCT   0   0   0   0   0   0 | Asp GAT   1   1   1   1   0   1 | Gly GGT   0   0   0   0   0   0
    GTC   1   1   0   0   0   0 |     GCC   0   0   0   0   0   0 |     GAC   2   2   2   2   2   2 |     GGC   0   0   0   0   0   0
    GTA   0   0   0   0   0   0 |     GCA   0   0   0   1   1   0 | Glu GAA   0   0   0   0   0   0 |     GGA   1   0   1   1   1   1
    GTG   1   1   1   1   1   1 |     GCG   1   0   1   0   0   1 |     GAG   0   0   0   0   1   0 |     GGG   0   0   0   0   0   0
--------------------------------------------------------------------------------------------------------------------------------------

--------------------------------------------------------------------------------------------------------------------------------------
Phe TTT   0   0   0   0   0   0 | Ser TCT   0   0   0   0   0   0 | Tyr TAT   0   0   0   0   0   0 | Cys TGT   0   0   0   0   0   0
    TTC   1   1   1   1   1   1 |     TCC   1   1   1   1   1   1 |     TAC   1   1   1   1   1   1 |     TGC   0   0   0   0   0   0
Leu TTA   0   0   0   0   0   0 |     TCA   0   0   0   0   0   0 | *** TAA   0   0   0   0   0   0 | *** TGA   0   0   0   0   0   0
    TTG   1   1   1   1   1   1 |     TCG   0   0   0   0   0   0 |     TAG   0   0   0   0   0   0 | Trp TGG   1   1   1   1   1   1
--------------------------------------------------------------------------------------------------------------------------------------
Leu CTT   0   0   0   0   0   0 | Pro CCT   0   0   0   0   0   0 | His CAT   0   0   0   0   0   0 | Arg CGT   0   0   0   0   0   0
    CTC   0   0   0   0   0   0 |     CCC   0   0   0   0   0   0 |     CAC   0   0   0   0   0   0 |     CGC   0   0   0   0   0   0
    CTA   0   0   0   0   0   0 |     CCA   1   1   1   1   1   1 | Gln CAA   0   0   0   0   0   0 |     CGA   0   0   0   0   0   0
    CTG   0   0   0   0   0   0 |     CCG   0   0   0   0   0   0 |     CAG   3   3   3   3   3   3 |     CGG   0   0   0   0   0   0
--------------------------------------------------------------------------------------------------------------------------------------
Ile ATT   0   0   0   0   0   0 | Thr ACT   0   0   0   0   0   0 | Asn AAT   0   0   0   0   0   0 | Ser AGT   0   0   0   0   0   0
    ATC   0   0   1   1   1   1 |     ACC   0   0   0   0   0   0 |     AAC   0   0   0   0   0   0 |     AGC   1   1   1   1   1   1
    ATA   0   0   0   0   0   0 |     ACA   0   0   0   0   0   0 | Lys AAA   1   1   1   2   1   1 | Arg AGA   0   0   0   0   0   0
Met ATG   2   2   2   2   2   2 |     ACG   0   0   0   0   0   0 |     AAG   1   1   1   0   1   1 |     AGG   0   0   0   0   0   0
--------------------------------------------------------------------------------------------------------------------------------------
Val GTT   0   0   0   0   0   0 | Ala GCT   0   0   0   0   0   0 | Asp GAT   1   1   1   0   1   1 | Gly GGT   0   0   0   0   0   0
    GTC   1   1   0   0   0   0 |     GCC   0   0   0   0   0   0 |     GAC   2   2   2   2   2   2 |     GGC   0   0   0   0   0   0
    GTA   0   0   0   0   0   0 |     GCA   0   0   1   1   0   1 | Glu GAA   0   0   0   0   0   0 |     GGA   1   1   1   1   1   1
    GTG   1   1   1   1   1   1 |     GCG   1   1   0   0   1   0 |     GAG   0   0   0   1   0   0 |     GGG   0   0   0   0   0   0
--------------------------------------------------------------------------------------------------------------------------------------

--------------------------------------------------------------------------------------------------------------------------------------
Phe TTT   0   0   0   0   0   0 | Ser TCT   0   0   0   0   0   0 | Tyr TAT   0   0   0   0   0   0 | Cys TGT   0   0   0   0   0   0
    TTC   1   1   1   1   1   1 |     TCC   1   1   1   1   1   1 |     TAC   1   1   1   1   1   1 |     TGC   0   0   0   0   0   0
Leu TTA   0   0   0   0   0   0 |     TCA   0   0   0   0   0   0 | *** TAA   0   0   0   0   0   0 | *** TGA   0   0   0   0   0   0
    TTG   1   1   1   1   1   1 |     TCG   0   0   0   0   0   0 |     TAG   0   0   0   0   0   0 | Trp TGG   1   1   1   1   1   1
--------------------------------------------------------------------------------------------------------------------------------------
Leu CTT   0   0   0   0   0   0 | Pro CCT   0   0   0   0   0   0 | His CAT   0   0   0   0   0   0 | Arg CGT   0   0   0   0   0   0
    CTC   0   0   0   0   0   0 |     CCC   0   0   0   0   0   0 |     CAC   0   0   0   0   0   0 |     CGC   0   0   0   0   0   0
    CTA   0   0   0   0   0   0 |     CCA   1   1   1   1   1   1 | Gln CAA   0   0   0   1   0   0 |     CGA   0   0   0   0   0   0
    CTG   0   0   0   0   0   0 |     CCG   0   0   0   0   0   0 |     CAG   3   3   3   2   3   3 |     CGG   0   0   0   0   0   0
--------------------------------------------------------------------------------------------------------------------------------------
Ile ATT   0   0   0   0   0   0 | Thr ACT   0   0   0   0   0   0 | Asn AAT   0   0   0   0   0   0 | Ser AGT   0   0   0   0   0   0
    ATC   1   1   0   1   0   1 |     ACC   0   0   0   0   0   0 |     AAC   0   0   0   0   0   0 |     AGC   1   1   1   1   1   1
    ATA   0   0   0   0   0   0 |     ACA   0   0   0   0   0   0 | Lys AAA   1   1   1   1   0   1 | Arg AGA   0   0   0   0   0   0
Met ATG   2   2   2   2   2   2 |     ACG   0   0   0   0   0   0 |     AAG   1   1   1   1   2   1 |     AGG   0   0   0   0   0   0
--------------------------------------------------------------------------------------------------------------------------------------
Val GTT   0   0   0   0   0   0 | Ala GCT   0   0   0   0   0   0 | Asp GAT   0   1   1   1   2   1 | Gly GGT   0   0   0   0   0   0
    GTC   0   0   1   0   1   0 |     GCC   0   0   0   0   0   0 |     GAC   2   2   2   2   1   2 |     GGC   0   0   0   0   0   0
    GTA   0   0   0   0   0   0 |     GCA   1   1   0   0   1   0 | Glu GAA   0   0   0   0   0   0 |     GGA   1   1   1   1   1   1
    GTG   1   1   1   1   1   1 |     GCG   0   0   1   1   0   1 |     GAG   1   0   0   0   0   0 |     GGG   0   0   0   0   0   0
--------------------------------------------------------------------------------------------------------------------------------------

--------------------------------------------------------------------------------------------------------------------------------------
Phe TTT   0   0   0   0   0   0 | Ser TCT   0   0   0   0   0   0 | Tyr TAT   0   0   0   0   0   0 | Cys TGT   0   0   0   0   0   0
    TTC   1   1   1   1   1   1 |     TCC   1   1   1   1   1   1 |     TAC   1   1   1   1   1   1 |     TGC   0   0   0   0   0   0
Leu TTA   0   0   0   0   0   0 |     TCA   0   0   0   0   0   0 | *** TAA   0   0   0   0   0   0 | *** TGA   0   0   0   0   0   0
    TTG   1   1   1   1   1   1 |     TCG   0   0   0   0   0   0 |     TAG   0   0   0   0   0   0 | Trp TGG   1   1   1   1   1   1
--------------------------------------------------------------------------------------------------------------------------------------
Leu CTT   0   0   0   0   0   0 | Pro CCT   0   0   0   0   0   0 | His CAT   0   0   0   0   0   0 | Arg CGT   0   0   0   0   0   0
    CTC   1   0   0   0   0   0 |     CCC   0   0   0   0   0   0 |     CAC   0   0   0   0   0   0 |     CGC   0   0   0   0   0   0
    CTA   1   0   0   0   0   0 |     CCA   1   1   1   1   1   1 | Gln CAA   0   0   0   0   0   0 |     CGA   0   0   0   0   0   0
    CTG   0   0   0   0   0   0 |     CCG   0   0   0   0   0   0 |     CAG   2   3   3   3   3   3 |     CGG   0   0   0   0   0   0
--------------------------------------------------------------------------------------------------------------------------------------
Ile ATT   0   0   0   0   0   0 | Thr ACT   0   0   0   0   0   0 | Asn AAT   0   0   0   0   0   0 | Ser AGT   0   0   0   0   0   0
    ATC   0   1   1   1   1   1 |     ACC   1   0   0   0   0   0 |     AAC   0   0   0   0   0   0 |     AGC   0   1   1   1   1   1
    ATA   0   0   0   0   0   0 |     ACA   0   0   0   0   0   0 | Lys AAA   1   1   1   1   1   1 | Arg AGA   0   0   0   0   0   0
Met ATG   2   2   2   2   2   2 |     ACG   0   0   0   0   0   0 |     AAG   1   1   1   1   1   1 |     AGG   0   0   0   0   0   0
--------------------------------------------------------------------------------------------------------------------------------------
Val GTT   0   0   0   1   0   0 | Ala GCT   0   0   0   0   0   0 | Asp GAT   3   1   1   1   0   1 | Gly GGT   0   0   0   0   0   0
    GTC   0   0   0   0   0   0 |     GCC   0   0   0   0   0   0 |     GAC   0   2   2   2   2   2 |     GGC   0   0   0   0   0   0
    GTA   0   0   0   0   0   0 |     GCA   0   1   1   1   1   0 | Glu GAA   0   0   0   0   0   0 |     GGA   1   1   1   1   1   1
    GTG   2   1   1   0   1   1 |     GCG   0   0   0   0   0   1 |     GAG   0   0   0   0   1   0 |     GGG   0   0   0   0   0   0
--------------------------------------------------------------------------------------------------------------------------------------

--------------------------------------------------------------------------------------------------------------------------------------
Phe TTT   0   0   0   0   0   0 | Ser TCT   0   0   0   0   0   0 | Tyr TAT   0   0   0   0   0   0 | Cys TGT   0   0   0   0   0   0
    TTC   1   1   1   1   1   1 |     TCC   1   1   1   1   1   1 |     TAC   1   1   1   1   1   1 |     TGC   0   0   0   0   0   0
Leu TTA   0   0   0   0   0   0 |     TCA   0   0   0   0   0   0 | *** TAA   0   0   0   0   0   0 | *** TGA   0   0   0   0   0   0
    TTG   1   1   1   1   1   1 |     TCG   0   0   0   0   0   0 |     TAG   0   0   0   0   0   0 | Trp TGG   1   1   1   1   1   1
--------------------------------------------------------------------------------------------------------------------------------------
Leu CTT   0   0   0   0   0   0 | Pro CCT   0   0   0   0   0   0 | His CAT   0   0   0   0   0   0 | Arg CGT   0   0   0   0   0   0
    CTC   0   0   0   0   0   0 |     CCC   0   0   0   1   0   0 |     CAC   0   0   0   0   0   0 |     CGC   0   0   0   0   0   0
    CTA   0   0   0   0   0   0 |     CCA   1   1   1   0   1   1 | Gln CAA   0   0   0   0   0   0 |     CGA   0   0   0   0   0   0
    CTG   0   0   0   0   0   0 |     CCG   0   0   0   0   0   0 |     CAG   3   3   3   3   3   3 |     CGG   0   0   0   0   0   0
--------------------------------------------------------------------------------------------------------------------------------------
Ile ATT   0   0   0   0   0   0 | Thr ACT   0   0   0   0   0   0 | Asn AAT   0   0   0   0   0   0 | Ser AGT   1   0   0   0   0   0
    ATC   0   1   0   0   1   1 |     ACC   0   0   0   0   0   0 |     AAC   0   0   0   0   0   0 |     AGC   0   1   1   1   1   1
    ATA   0   0   0   0   0   0 |     ACA   0   0   0   0   0   0 | Lys AAA   1   2   1   1   1   1 | Arg AGA   0   0   0   0   0   0
Met ATG   2   2   2   2   2   2 |     ACG   0   0   0   0   0   0 |     AAG   1   0   1   1   1   1 |     AGG   0   0   0   0   0   0
--------------------------------------------------------------------------------------------------------------------------------------
Val GTT   0   0   0   1   0   0 | Ala GCT   0   0   0   0   0   0 | Asp GAT   1   0   1   1   1   1 | Gly GGT   0   0   0   0   0   0
    GTC   1   0   1   0   0   0 |     GCC   0   0   0   0   0   0 |     GAC   2   2   2   2   2   2 |     GGC   0   0   0   0   0   0
    GTA   0   0   0   0   0   0 |     GCA   0   1   0   0   1   0 | Glu GAA   0   0   0   0   0   0 |     GGA   1   1   1   1   1   1
    GTG   1   1   1   1   1   1 |     GCG   1   0   1   1   0   1 |     GAG   0   1   0   0   0   0 |     GGG   0   0   0   0   0   0
--------------------------------------------------------------------------------------------------------------------------------------

--------------------------------------------------------------------------------------------------------------------------------------
Phe TTT   0   0   0   0   0   0 | Ser TCT   0   0   0   0   0   0 | Tyr TAT   0   0   0   0   0   0 | Cys TGT   0   0   0   0   0   0
    TTC   1   1   1   1   1   1 |     TCC   1   1   1   1   1   1 |     TAC   0   1   1   1   1   1 |     TGC   0   0   0   0   0   0
Leu TTA   0   0   0   0   0   0 |     TCA   0   0   0   0   0   0 | *** TAA   0   0   0   0   0   0 | *** TGA   0   0   0   0   0   0
    TTG   1   1   1   0   1   1 |     TCG   0   0   0   1   0   0 |     TAG   0   0   0   0   0   0 | Trp TGG   1   1   1   1   1   1
--------------------------------------------------------------------------------------------------------------------------------------
Leu CTT   0   0   0   0   0   0 | Pro CCT   0   0   0   0   0   0 | His CAT   0   0   0   0   0   0 | Arg CGT   0   0   0   0   0   0
    CTC   1   0   0   0   0   0 |     CCC   0   0   0   1   0   0 |     CAC   1   0   0   0   0   0 |     CGC   0   0   0   0   0   0
    CTA   1   0   0   1   0   0 |     CCA   1   1   1   0   1   1 | Gln CAA   0   0   0   0   0   0 |     CGA   0   0   0   0   0   0
    CTG   0   0   0   0   0   0 |     CCG   0   0   0   0   0   0 |     CAG   2   3   3   2   3   3 |     CGG   0   0   0   0   0   0
--------------------------------------------------------------------------------------------------------------------------------------
Ile ATT   0   0   0   0   0   0 | Thr ACT   0   0   0   0   0   0 | Asn AAT   1   0   0   0   0   0 | Ser AGT   0   0   0   0   0   0
    ATC   0   1   1   1   1   1 |     ACC   1   0   0   1   0   0 |     AAC   0   0   0   0   0   0 |     AGC   0   1   1   0   1   1
    ATA   0   0   0   0   0   0 |     ACA   0   0   0   0   0   0 | Lys AAA   1   2   1   1   1   1 | Arg AGA   0   0   0   0   0   0
Met ATG   2   2   2   3   1   2 |     ACG   0   0   0   0   0   0 |     AAG   1   0   1   1   1   1 |     AGG   0   0   0   0   0   0
--------------------------------------------------------------------------------------------------------------------------------------
Val GTT   0   0   0   0   0   0 | Ala GCT   0   0   0   0   0   0 | Asp GAT   1   1   1   2   1   1 | Gly GGT   0   0   0   0   0   0
    GTC   0   0   0   0   0   0 |     GCC   0   0   0   0   0   0 |     GAC   1   2   2   1   2   2 |     GGC   0   0   0   0   0   0
    GTA   0   0   0   0   0   0 |     GCA   1   0   0   0   1   1 | Glu GAA   0   0   0   0   0   0 |     GGA   0   1   1   1   1   1
    GTG   2   1   1   1   2   1 |     GCG   0   1   1   0   0   0 |     GAG   0   0   0   0   0   0 |     GGG   0   0   0   0   0   0
--------------------------------------------------------------------------------------------------------------------------------------

Codon position x base (3x4) table for each sequence.

#1: Argali         
position  1:    T:0.23810    C:0.19048    A:0.28571    G:0.28571
position  2:    T:0.28571    C:0.14286    A:0.42857    G:0.14286
position  3:    T:0.04762    C:0.33333    A:0.14286    G:0.47619
Average         T:0.19048    C:0.22222    A:0.28571    G:0.30159

#2: LesserMouseDeer
position  1:    T:0.23810    C:0.23810    A:0.23810    G:0.28571
position  2:    T:0.28571    C:0.19048    A:0.42857    G:0.09524
position  3:    T:0.14286    C:0.23810    A:0.19048    G:0.42857
Average         T:0.22222    C:0.22222    A:0.28571    G:0.26984

#3: LesserKudu     
position  1:    T:0.23810    C:0.19048    A:0.28571    G:0.28571
position  2:    T:0.28571    C:0.14286    A:0.42857    G:0.14286
position  3:    T:0.04762    C:0.33333    A:0.19048    G:0.42857
Average         T:0.19048    C:0.22222    A:0.30159    G:0.28571

#4: ForestMuskDeer2
position  1:    T:0.23810    C:0.19048    A:0.23810    G:0.33333
position  2:    T:0.28571    C:0.14286    A:0.42857    G:0.14286
position  3:    T:0.09524    C:0.28571    A:0.14286    G:0.47619
Average         T:0.20635    C:0.20635    A:0.26984    G:0.31746

#5: Camel          
position  1:    T:0.23810    C:0.19048    A:0.23810    G:0.33333
position  2:    T:0.28571    C:0.19048    A:0.42857    G:0.09524
position  3:    T:0.14286    C:0.28571    A:0.09524    G:0.47619
Average         T:0.22222    C:0.22222    A:0.25397    G:0.30159

#6: KillerWhale    
position  1:    T:0.23810    C:0.14286    A:0.23810    G:0.38095
position  2:    T:0.28571    C:0.19048    A:0.42857    G:0.09524
position  3:    T:0.04762    C:0.33333    A:0.09524    G:0.52381
Average         T:0.19048    C:0.22222    A:0.25397    G:0.33333

#7: DefassaWaterbuck
position  1:    T:0.23810    C:0.23810    A:0.23810    G:0.28571
position  2:    T:0.38095    C:0.14286    A:0.38095    G:0.09524
position  3:    T:0.09524    C:0.28571    A:0.19048    G:0.42857
Average         T:0.23810    C:0.22222    A:0.26984    G:0.26984

#8: Sheep          
position  1:    T:0.23810    C:0.19048    A:0.28571    G:0.28571
position  2:    T:0.28571    C:0.14286    A:0.42857    G:0.14286
position  3:    T:0.04762    C:0.33333    A:0.14286    G:0.47619
Average         T:0.19048    C:0.22222    A:0.28571    G:0.30159

#9: MaxwellsDuiker 
position  1:    T:0.23810    C:0.19048    A:0.28571    G:0.28571
position  2:    T:0.28571    C:0.14286    A:0.42857    G:0.14286
position  3:    T:0.04762    C:0.33333    A:0.14286    G:0.47619
Average         T:0.19048    C:0.22222    A:0.28571    G:0.30159

#10: GazellaPrzewalskyi
position  1:    T:0.23810    C:0.19048    A:0.28571    G:0.28571
position  2:    T:0.28571    C:0.14286    A:0.42857    G:0.14286
position  3:    T:0.04762    C:0.28571    A:0.19048    G:0.47619
Average         T:0.19048    C:0.20635    A:0.30159    G:0.30159

#11: MountainNyala  
position  1:    T:0.23810    C:0.19048    A:0.28571    G:0.28571
position  2:    T:0.28571    C:0.14286    A:0.42857    G:0.14286
position  3:    T:0.04762    C:0.33333    A:0.19048    G:0.42857
Average         T:0.19048    C:0.22222    A:0.30159    G:0.28571

#12: MuntiacusMuntjak
position  1:    T:0.23810    C:0.19048    A:0.28571    G:0.28571
position  2:    T:0.28571    C:0.14286    A:0.42857    G:0.14286
position  3:    T:0.04762    C:0.33333    A:0.14286    G:0.47619
Average         T:0.19048    C:0.22222    A:0.28571    G:0.30159

#13: goat           
position  1:    T:0.23810    C:0.19048    A:0.28571    G:0.28571
position  2:    T:0.28571    C:0.14286    A:0.42857    G:0.14286
position  3:    T:0.04762    C:0.33333    A:0.14286    G:0.47619
Average         T:0.19048    C:0.22222    A:0.28571    G:0.30159

#14: AfricanBuffalo 
position  1:    T:0.23810    C:0.19048    A:0.33333    G:0.23810
position  2:    T:0.28571    C:0.14286    A:0.42857    G:0.14286
position  3:    T:0.04762    C:0.33333    A:0.19048    G:0.42857
Average         T:0.19048    C:0.22222    A:0.31746    G:0.26984

#15: Topi           
position  1:    T:0.23810    C:0.19048    A:0.28571    G:0.28571
position  2:    T:0.28571    C:0.14286    A:0.42857    G:0.14286
position  3:    T:0.04762    C:0.33333    A:0.14286    G:0.47619
Average         T:0.19048    C:0.22222    A:0.28571    G:0.30159

#16: CommonDuiker   
position  1:    T:0.23810    C:0.19048    A:0.28571    G:0.28571
position  2:    T:0.28571    C:0.14286    A:0.42857    G:0.14286
position  3:    T:0.04762    C:0.33333    A:0.14286    G:0.47619
Average         T:0.19048    C:0.22222    A:0.28571    G:0.30159

#17: Suni           
position  1:    T:0.23810    C:0.23810    A:0.23810    G:0.28571
position  2:    T:0.28571    C:0.14286    A:0.42857    G:0.14286
position  3:    T:0.09524    C:0.28571    A:0.14286    G:0.47619
Average         T:0.20635    C:0.22222    A:0.26984    G:0.30159

#18: Springbuck     
position  1:    T:0.23810    C:0.19048    A:0.28571    G:0.28571
position  2:    T:0.28571    C:0.14286    A:0.42857    G:0.14286
position  3:    T:0.00000    C:0.33333    A:0.23810    G:0.42857
Average         T:0.17460    C:0.22222    A:0.31746    G:0.28571

#19: Okapi          
position  1:    T:0.23810    C:0.19048    A:0.23810    G:0.33333
position  2:    T:0.28571    C:0.14286    A:0.42857    G:0.14286
position  3:    T:0.04762    C:0.33333    A:0.09524    G:0.52381
Average         T:0.19048    C:0.22222    A:0.25397    G:0.33333

#20: Giraffe        
position  1:    T:0.28571    C:0.19048    A:0.28571    G:0.23810
position  2:    T:0.28571    C:0.14286    A:0.42857    G:0.14286
position  3:    T:0.04762    C:0.33333    A:0.14286    G:0.47619
Average         T:0.20635    C:0.22222    A:0.28571    G:0.28571

#21: TibetanAntelope
position  1:    T:0.23810    C:0.19048    A:0.28571    G:0.28571
position  2:    T:0.28571    C:0.14286    A:0.42857    G:0.14286
position  3:    T:0.09524    C:0.28571    A:0.14286    G:0.47619
Average         T:0.20635    C:0.20635    A:0.28571    G:0.30159

#22: Sitatunga      
position  1:    T:0.23810    C:0.19048    A:0.28571    G:0.28571
position  2:    T:0.28571    C:0.14286    A:0.42857    G:0.14286
position  3:    T:0.04762    C:0.33333    A:0.19048    G:0.42857
Average         T:0.19048    C:0.22222    A:0.30159    G:0.28571

#23: Oribi          
position  1:    T:0.23810    C:0.19048    A:0.28571    G:0.28571
position  2:    T:0.28571    C:0.14286    A:0.42857    G:0.14286
position  3:    T:0.00000    C:0.33333    A:0.19048    G:0.47619
Average         T:0.17460    C:0.22222    A:0.30159    G:0.30159

#24: BarbarySheep   
position  1:    T:0.23810    C:0.19048    A:0.28571    G:0.28571
position  2:    T:0.28571    C:0.14286    A:0.42857    G:0.14286
position  3:    T:0.04762    C:0.33333    A:0.14286    G:0.47619
Average         T:0.19048    C:0.22222    A:0.28571    G:0.30159

#25: Daviddeer      
position  1:    T:0.23810    C:0.19048    A:0.23810    G:0.33333
position  2:    T:0.28571    C:0.14286    A:0.42857    G:0.14286
position  3:    T:0.04762    C:0.33333    A:0.14286    G:0.47619
Average         T:0.19048    C:0.22222    A:0.26984    G:0.31746

#26: Reindeer       
position  1:    T:0.23810    C:0.19048    A:0.23810    G:0.33333
position  2:    T:0.28571    C:0.14286    A:0.42857    G:0.14286
position  3:    T:0.04762    C:0.33333    A:0.14286    G:0.47619
Average         T:0.19048    C:0.22222    A:0.26984    G:0.31746

#27: Ibex           
position  1:    T:0.23810    C:0.19048    A:0.28571    G:0.28571
position  2:    T:0.28571    C:0.14286    A:0.42857    G:0.14286
position  3:    T:0.04762    C:0.33333    A:0.19048    G:0.42857
Average         T:0.19048    C:0.22222    A:0.30159    G:0.28571

#28: GyrantGazelle  
position  1:    T:0.23810    C:0.19048    A:0.28571    G:0.28571
position  2:    T:0.28571    C:0.14286    A:0.42857    G:0.14286
position  3:    T:0.00000    C:0.33333    A:0.23810    G:0.42857
Average         T:0.17460    C:0.22222    A:0.31746    G:0.28571

#29: Hartebeest     
position  1:    T:0.23810    C:0.19048    A:0.28571    G:0.28571
position  2:    T:0.28571    C:0.14286    A:0.42857    G:0.14286
position  3:    T:0.04762    C:0.33333    A:0.14286    G:0.47619
Average         T:0.19048    C:0.22222    A:0.28571    G:0.30159

#30: Bongo          
position  1:    T:0.23810    C:0.19048    A:0.28571    G:0.28571
position  2:    T:0.28571    C:0.14286    A:0.42857    G:0.14286
position  3:    T:0.04762    C:0.33333    A:0.19048    G:0.42857
Average         T:0.19048    C:0.22222    A:0.30159    G:0.28571

#31: Gerenuk        
position  1:    T:0.23810    C:0.19048    A:0.28571    G:0.28571
position  2:    T:0.28571    C:0.14286    A:0.42857    G:0.14286
position  3:    T:0.00000    C:0.33333    A:0.19048    G:0.47619
Average         T:0.17460    C:0.22222    A:0.30159    G:0.30159

#32: CommonEland    
position  1:    T:0.23810    C:0.19048    A:0.28571    G:0.28571
position  2:    T:0.28571    C:0.14286    A:0.42857    G:0.14286
position  3:    T:0.04762    C:0.33333    A:0.19048    G:0.42857
Average         T:0.19048    C:0.22222    A:0.30159    G:0.28571

#33: MuntiacusReevesi
position  1:    T:0.23810    C:0.19048    A:0.23810    G:0.33333
position  2:    T:0.28571    C:0.14286    A:0.42857    G:0.14286
position  3:    T:0.04762    C:0.33333    A:0.14286    G:0.47619
Average         T:0.19048    C:0.22222    A:0.26984    G:0.31746

#34: HarveysDuiker  
position  1:    T:0.23810    C:0.19048    A:0.28571    G:0.28571
position  2:    T:0.28571    C:0.14286    A:0.42857    G:0.14286
position  3:    T:0.04762    C:0.33333    A:0.19048    G:0.42857
Average         T:0.19048    C:0.22222    A:0.30159    G:0.28571

#35: Pronghorn      
position  1:    T:0.23810    C:0.19048    A:0.23810    G:0.33333
position  2:    T:0.28571    C:0.14286    A:0.42857    G:0.14286
position  3:    T:0.09524    C:0.28571    A:0.14286    G:0.47619
Average         T:0.20635    C:0.20635    A:0.26984    G:0.31746

#36: BlueWildebeest 
position  1:    T:0.23810    C:0.19048    A:0.28571    G:0.28571
position  2:    T:0.28571    C:0.14286    A:0.42857    G:0.14286
position  3:    T:0.04762    C:0.33333    A:0.14286    G:0.47619
Average         T:0.19048    C:0.22222    A:0.28571    G:0.30159

#37: Gemsbok        
position  1:    T:0.23810    C:0.23810    A:0.23810    G:0.28571
position  2:    T:0.38095    C:0.14286    A:0.38095    G:0.09524
position  3:    T:0.14286    C:0.23810    A:0.19048    G:0.42857
Average         T:0.25397    C:0.20635    A:0.26984    G:0.26984

#38: Yak            
position  1:    T:0.23810    C:0.19048    A:0.28571    G:0.28571
position  2:    T:0.28571    C:0.14286    A:0.42857    G:0.14286
position  3:    T:0.04762    C:0.33333    A:0.19048    G:0.42857
Average         T:0.19048    C:0.22222    A:0.30159    G:0.28571

#39: BlueSheep      
position  1:    T:0.23810    C:0.19048    A:0.28571    G:0.28571
position  2:    T:0.28571    C:0.14286    A:0.42857    G:0.14286
position  3:    T:0.04762    C:0.33333    A:0.19048    G:0.42857
Average         T:0.19048    C:0.22222    A:0.30159    G:0.28571

#40: BohorReedbuck  
position  1:    T:0.23810    C:0.19048    A:0.28571    G:0.28571
position  2:    T:0.28571    C:0.14286    A:0.42857    G:0.14286
position  3:    T:0.09524    C:0.33333    A:0.19048    G:0.38095
Average         T:0.20635    C:0.22222    A:0.30159    G:0.26984

#41: KirksDik       
position  1:    T:0.23810    C:0.19048    A:0.28571    G:0.28571
position  2:    T:0.28571    C:0.14286    A:0.42857    G:0.14286
position  3:    T:0.00000    C:0.33333    A:0.19048    G:0.47619
Average         T:0.17460    C:0.22222    A:0.30159    G:0.30159

#42: RoeDeer        
position  1:    T:0.23810    C:0.19048    A:0.28571    G:0.28571
position  2:    T:0.28571    C:0.14286    A:0.42857    G:0.14286
position  3:    T:0.04762    C:0.33333    A:0.14286    G:0.47619
Average         T:0.19048    C:0.22222    A:0.28571    G:0.30159

#43: WhiteLippedDeer
position  1:    T:0.23810    C:0.19048    A:0.23810    G:0.33333
position  2:    T:0.28571    C:0.14286    A:0.42857    G:0.14286
position  3:    T:0.09524    C:0.28571    A:0.14286    G:0.47619
Average         T:0.20635    C:0.20635    A:0.26984    G:0.31746

#44: ThomsonGazelle 
position  1:    T:0.23810    C:0.19048    A:0.28571    G:0.28571
position  2:    T:0.28571    C:0.14286    A:0.42857    G:0.14286
position  3:    T:0.00000    C:0.33333    A:0.23810    G:0.42857
Average         T:0.17460    C:0.22222    A:0.31746    G:0.28571

#45: MuntiacusCrinifrons
position  1:    T:0.23810    C:0.19048    A:0.23810    G:0.33333
position  2:    T:0.28571    C:0.14286    A:0.42857    G:0.14286
position  3:    T:0.04762    C:0.33333    A:0.14286    G:0.47619
Average         T:0.19048    C:0.22222    A:0.26984    G:0.31746

#46: WhiteTailedDeer
position  1:    T:0.23810    C:0.19048    A:0.23810    G:0.33333
position  2:    T:0.28571    C:0.14286    A:0.42857    G:0.14286
position  3:    T:0.09524    C:0.33333    A:0.09524    G:0.47619
Average         T:0.20635    C:0.22222    A:0.25397    G:0.31746

#47: Cattle         
position  1:    T:0.23810    C:0.19048    A:0.28571    G:0.28571
position  2:    T:0.28571    C:0.14286    A:0.42857    G:0.14286
position  3:    T:0.04762    C:0.33333    A:0.19048    G:0.42857
Average         T:0.19048    C:0.22222    A:0.30159    G:0.28571

#48: RoyalAntelope  
position  1:    T:0.23810    C:0.19048    A:0.28571    G:0.28571
position  2:    T:0.28571    C:0.14286    A:0.42857    G:0.14286
position  3:    T:0.04762    C:0.33333    A:0.14286    G:0.47619
Average         T:0.19048    C:0.22222    A:0.28571    G:0.30159

#49: Steenbok       
position  1:    T:0.19048    C:0.28571    A:0.28571    G:0.23810
position  2:    T:0.38095    C:0.19048    A:0.38095    G:0.04762
position  3:    T:0.09524    C:0.28571    A:0.19048    G:0.42857
Average         T:0.22222    C:0.25397    A:0.28571    G:0.23810

#50: Impala         
position  1:    T:0.23810    C:0.19048    A:0.28571    G:0.28571
position  2:    T:0.28571    C:0.14286    A:0.42857    G:0.14286
position  3:    T:0.04762    C:0.33333    A:0.19048    G:0.42857
Average         T:0.19048    C:0.22222    A:0.30159    G:0.28571

#51: Klipspringer   
position  1:    T:0.23810    C:0.19048    A:0.28571    G:0.28571
position  2:    T:0.28571    C:0.14286    A:0.42857    G:0.14286
