1
52 1
Argali 0.000000 0.459100 0.105900 0.246200 0.048900 0.006800 0.055500 0.092200 0.099300 0.216400 0.020600 0.070100 0.041700 0.048600 0.092100 0.041400 0.072100 0.071000 0.013700 0.099300 0.062600 0.020500 0.158400 0.184500 0.013700 0.085400 0.055900 0.085000 0.055700 0.085400 0.206800 0.062300 0.101900 0.041700 0.034400 0.093000 0.020600 0.048700 0.054900 0.200900 0.151200 0.070400 0.207900 0.185200 0.084700 0.027400 0.034400 0.063400 0.069800 0.070700 0.091800 0.106400
LesserMous 0.459100 0.000000 0.478300 0.458400 0.425100 0.448200 0.444500 0.465800 0.469800 0.546900 0.423500 0.474300 0.435500 0.455200 0.439700 0.411600 0.465700 0.456200 0.449500 0.446300 0.431400 0.423100 0.473700 0.524800 0.434400 0.447700 0.435600 0.450200 0.423100 0.431400 0.533700 0.439500 0.456200 0.435500 0.467300 0.448000 0.447700 0.423000 0.471000 0.533200 0.487500 0.391500 0.534800 0.516500 0.471900 0.457100 0.444300 0.457500 0.455200 0.502800 0.457800 0.457200
LesserKudu 0.105900 0.478300 0.000000 0.267500 0.083600 0.098500 0.104700 0.112400 0.033300 0.203800 0.098200 0.061300 0.091000 0.097800 0.112300 0.090100 0.092800 0.091400 0.106000 0.033300 0.112000 0.097700 0.162500 0.188500 0.090900 0.136100 0.105700 0.033500 0.104900 0.033700 0.211300 0.111500 0.114700 0.091000 0.083100 0.068800 0.098400 0.097800 0.103500 0.204600 0.171200 0.120400 0.195500 0.189100 0.061100 0.090500 0.083000 0.069100 0.119600 0.105800 0.026600 0.040000
KillerWhal 0.246200 0.458400 0.267500 0.000000 0.217900 0.237200 0.223800 0.231300 0.261100 0.353900 0.236200 0.263800 0.216400 0.233500 0.214200 0.198200 0.222600 0.236600 0.246300 0.241500 0.214900 0.234700 0.320200 0.317500 0.225900 0.236200 0.234300 0.244300 0.198500 0.226700 0.341000 0.248100 0.219700 0.216400 0.234200 0.263700 0.218300 0.235100 0.239200 0.314700 0.311700 0.217400 0.343100 0.299000 0.252900 0.225700 0.215900 0.218200 0.223500 0.246400 0.251600 0.250100
DefassaWat 0.048900 0.425100 0.083600 0.217900 0.000000 0.041800 0.048300 0.070000 0.077000 0.190800 0.041700 0.077600 0.048800 0.041500 0.069900 0.034300 0.064700 0.063600 0.048900 0.077000 0.055400 0.041400 0.134800 0.160000 0.034600 0.077800 0.048700 0.062900 0.048400 0.063200 0.198200 0.055100 0.078900 0.048800 0.041400 0.085500 0.041800 0.027500 0.047800 0.175800 0.127600 0.063000 0.182600 0.160500 0.077400 0.034400 0.026200 0.041700 0.077000 0.063300 0.069700 0.084000
Sheep 0.006800 0.448200 0.098500 0.237200 0.041800 0.000000 0.048400 0.084900 0.092000 0.208200 0.013700 0.063000 0.034700 0.041600 0.084700 0.034400 0.064700 0.063700 0.006800 0.091900 0.055500 0.013600 0.150700 0.176600 0.006800 0.078000 0.048800 0.077700 0.048600 0.078000 0.198700 0.055200 0.094300 0.034700 0.027400 0.085600 0.013200 0.041600 0.047900 0.192800 0.143500 0.062900 0.199700 0.177200 0.077500 0.020500 0.027400 0.056200 0.062600 0.063400 0.084500 0.099000
MaxwellsDu 0.055500 0.444500 0.104700 0.223800 0.048300 0.048400 0.000000 0.076600 0.098200 0.197600 0.041200 0.098900 0.041300 0.006700 0.076400 0.027100 0.086300 0.085000 0.055500 0.098100 0.047800 0.048000 0.141400 0.166300 0.041200 0.069900 0.055400 0.084000 0.041000 0.084400 0.205200 0.020100 0.100700 0.041300 0.048000 0.107000 0.048400 0.048100 0.054300 0.182300 0.134300 0.055300 0.189400 0.167000 0.098600 0.041100 0.034000 0.062600 0.069100 0.069800 0.090800 0.090500
GazellaPrz 0.092200 0.465800 0.112400 0.231300 0.070000 0.084900 0.076600 0.000000 0.121000 0.189700 0.084600 0.121800 0.077100 0.083900 0.098300 0.062200 0.109000 0.092000 0.092200 0.105600 0.083700 0.084200 0.149000 0.174300 0.076900 0.107100 0.091700 0.106500 0.076700 0.107000 0.197200 0.097600 0.123500 0.077100 0.084100 0.129800 0.084800 0.084300 0.090100 0.189600 0.141800 0.091800 0.181500 0.175000 0.121500 0.076900 0.069500 0.084700 0.106000 0.107100 0.113300 0.113000
MountainNy 0.099300 0.469800 0.033300 0.261100 0.077000 0.092000 0.098200 0.121000 0.000000 0.197100 0.091700 0.054700 0.099200 0.091200 0.105700 0.083600 0.086100 0.084800 0.099400 0.013300 0.105500 0.091200 0.156000 0.182100 0.084300 0.129400 0.114100 0.013400 0.098400 0.027100 0.204500 0.104900 0.108000 0.099200 0.091100 0.062200 0.091900 0.091300 0.097100 0.198100 0.164600 0.113800 0.188900 0.182700 0.054600 0.083900 0.076400 0.062500 0.128100 0.099300 0.006300 0.019900
MuntiacusM 0.216400 0.546900 0.203800 0.353900 0.190800 0.208200 0.197600 0.189700 0.197100 0.000000 0.207600 0.214900 0.183200 0.206800 0.206100 0.181400 0.186700 0.167200 0.216500 0.197000 0.188700 0.206400 0.058800 0.052400 0.199300 0.190900 0.199200 0.182100 0.181600 0.182800 0.032300 0.196300 0.193600 0.183200 0.206200 0.198300 0.191400 0.173800 0.211300 0.066100 0.052200 0.207000 0.006400 0.052600 0.214200 0.198300 0.189700 0.174800 0.230600 0.216000 0.188800 0.188300
goat 0.020600 0.423500 0.098200 0.236200 0.041700 0.013700 0.041200 0.084600 0.091700 0.207600 0.000000 0.077400 0.034600 0.034400 0.084500 0.034300 0.079600 0.078300 0.019500 0.091600 0.055300 0.013600 0.150300 0.176000 0.006800 0.077800 0.048600 0.077500 0.048400 0.070000 0.198200 0.048000 0.094000 0.034600 0.027300 0.100500 0.013700 0.041500 0.047700 0.192200 0.143100 0.063000 0.199200 0.176300 0.092100 0.020500 0.027400 0.056000 0.062400 0.063200 0.084300 0.098700
AfricanBuf 0.070100 0.474300 0.061300 0.263800 0.077600 0.063000 0.098900 0.121800 0.054700 0.214900 0.077400 0.000000 0.084900 0.091900 0.106500 0.084200 0.071700 0.070500 0.070200 0.054700 0.106200 0.077000 0.157000 0.183400 0.070100 0.130400 0.099600 0.041000 0.099100 0.041200 0.205300 0.105600 0.108900 0.084900 0.076900 0.020400 0.077600 0.092000 0.097700 0.199600 0.165800 0.114700 0.206400 0.184000 0.013400 0.069800 0.077000 0.063000 0.113600 0.100000 0.047700 0.061600
Topi 0.041700 0.435500 0.091000 0.216400 0.048800 0.034700 0.041300 0.077100 0.099200 0.183200 0.034600 0.084900 0.000000 0.048400 0.076900 0.027400 0.071800 0.070700 0.041700 0.099200 0.048300 0.034400 0.126800 0.152000 0.027400 0.070600 0.013600 0.084900 0.041400 0.085300 0.174200 0.062000 0.086100 0.000000 0.020500 0.107800 0.034600 0.048600 0.054800 0.167100 0.119700 0.055900 0.175000 0.152700 0.099700 0.027400 0.034400 0.063300 0.041200 0.070600 0.091700 0.091500
CommonDuik 0.048600 0.455200 0.097800 0.233500 0.041500 0.041600 0.006700 0.083900 0.091200 0.206800 0.034400 0.091900 0.048400 0.000000 0.083800 0.034100 0.078900 0.077600 0.048600 0.091200 0.055100 0.041200 0.149100 0.175200 0.034300 0.077500 0.062600 0.077100 0.048200 0.077400 0.214400 0.013300 0.093200 0.048400 0.041200 0.099600 0.041500 0.041300 0.047500 0.190500 0.142000 0.062700 0.198400 0.175900 0.091600 0.034200 0.027200 0.055700 0.076700 0.062900 0.083900 0.098300
Suni 0.092100 0.439700 0.112300 0.214200 0.069900 0.084700 0.076400 0.098300 0.105700 0.206100 0.084500 0.106500 0.076900 0.083800 0.000000 0.062100 0.093600 0.092100 0.092100 0.105700 0.083600 0.084000 0.164000 0.174600 0.076800 0.106900 0.091500 0.091500 0.076600 0.091900 0.213600 0.097400 0.108000 0.076900 0.084000 0.114300 0.084700 0.084200 0.075500 0.189900 0.156800 0.091600 0.197700 0.175300 0.106200 0.076800 0.069400 0.069900 0.091000 0.092000 0.098300 0.097900
Springbuck 0.041400 0.411600 0.090100 0.198200 0.034300 0.034400 0.027100 0.062200 0.083600 0.181400 0.034300 0.084200 0.027400 0.034100 0.062100 0.000000 0.071400 0.070300 0.041400 0.083500 0.020200 0.034100 0.126200 0.150700 0.027300 0.041300 0.041300 0.069600 0.013500 0.069800 0.188700 0.047600 0.085700 0.027400 0.034100 0.092100 0.034300 0.034100 0.040400 0.166300 0.119100 0.027200 0.173300 0.151300 0.083900 0.027200 0.020300 0.048400 0.054900 0.055500 0.076300 0.076000
Okapi 0.072100 0.465700 0.092800 0.222600 0.064700 0.064700 0.086300 0.109000 0.086100 0.186700 0.079600 0.071700 0.071800 0.078900 0.093600 0.071400 0.000000 0.042600 0.072200 0.086100 0.093800 0.079200 0.144600 0.155300 0.071800 0.118100 0.086600 0.071700 0.086600 0.057200 0.194100 0.092800 0.072800 0.071800 0.079100 0.079300 0.079800 0.079300 0.085300 0.170500 0.137400 0.086900 0.178300 0.139800 0.071500 0.071700 0.064200 0.049900 0.101400 0.087400 0.078600 0.093300
Giraffe 0.071000 0.456200 0.091400 0.236600 0.063600 0.063700 0.085000 0.092000 0.084800 0.167200 0.078300 0.070500 0.070700 0.077600 0.092100 0.070300 0.042600 0.000000 0.071000 0.084700 0.092300 0.077900 0.142400 0.136700 0.070600 0.116200 0.085300 0.070600 0.085200 0.070900 0.174500 0.091400 0.079000 0.070700 0.077800 0.078000 0.078500 0.078000 0.083900 0.151500 0.135300 0.100600 0.159100 0.137200 0.070300 0.070600 0.063100 0.049100 0.115000 0.085900 0.077400 0.091900
TibetanAnt 0.013700 0.449500 0.106000 0.246300 0.048900 0.006800 0.055500 0.092200 0.099400 0.216500 0.019500 0.070200 0.041700 0.048600 0.092100 0.041400 0.072200 0.071000 0.000000 0.099300 0.062600 0.020500 0.158600 0.184700 0.013700 0.085400 0.056000 0.085100 0.055700 0.085400 0.206900 0.062300 0.101900 0.041700 0.034400 0.093000 0.020600 0.048700 0.054900 0.201000 0.151300 0.070400 0.208000 0.185400 0.084800 0.027500 0.034400 0.063400 0.069800 0.070700 0.091900 0.106500
Sitatunga 0.099300 0.446300 0.033300 0.241500 0.077000 0.091900 0.098100 0.105600 0.013300 0.197000 0.091600 0.054700 0.099200 0.091200 0.105700 0.083500 0.086100 0.084700 0.099300 0.000000 0.105400 0.091100 0.155800 0.181900 0.084300 0.129400 0.114000 0.013300 0.098300 0.027100 0.204300 0.104900 0.108000 0.099200 0.091000 0.062200 0.091800 0.091200 0.097000 0.197900 0.164500 0.113700 0.188700 0.182500 0.054600 0.083900 0.076400 0.062500 0.128000 0.099200 0.006400 0.019900
Oribi 0.062600 0.431400 0.112000 0.214900 0.055400 0.055500 0.047800 0.083700 0.105500 0.188700 0.055300 0.106200 0.048300 0.055100 0.083600 0.020200 0.093800 0.092300 0.062600 0.105400 0.000000 0.055000 0.133300 0.174100 0.048200 0.048200 0.062400 0.091300 0.033900 0.091600 0.196100 0.068600 0.108100 0.048300 0.055000 0.114500 0.055400 0.055100 0.061200 0.190100 0.126200 0.048100 0.180600 0.174700 0.106000 0.048000 0.040900 0.069800 0.076200 0.077000 0.097700 0.097700
BarbaryShe 0.020500 0.423100 0.097700 0.234700 0.041400 0.013600 0.048000 0.084200 0.091200 0.206400 0.013600 0.077000 0.034400 0.041200 0.084000 0.034100 0.079200 0.077900 0.020500 0.091100 0.055000 0.000000 0.149500 0.175100 0.006800 0.077400 0.048400 0.077100 0.048100 0.077400 0.197000 0.054700 0.093500 0.034400 0.027200 0.099900 0.013600 0.041200 0.047500 0.191100 0.142300 0.062600 0.198000 0.175700 0.091600 0.020400 0.027200 0.055700 0.062100 0.062900 0.083800 0.098200
Daviddeer 0.158400 0.473700 0.162500 0.320200 0.134800 0.150700 0.141400 0.149000 0.156000 0.058800 0.150300 0.157000 0.126800 0.149100 0.164000 0.126200 0.144600 0.142400 0.158600 0.155800 0.133300 0.149500 0.000000 0.059100 0.142000 0.150100 0.141800 0.141400 0.141600 0.141900 0.065400 0.147400 0.167100 0.126800 0.149400 0.141000 0.150600 0.134000 0.154900 0.072500 0.006000 0.149900 0.052000 0.059200 0.156600 0.141900 0.133900 0.134700 0.172300 0.173900 0.148100 0.147700
Reindeer 0.184500 0.524800 0.188500 0.317500 0.160000 0.176600 0.166300 0.174300 0.182100 0.052400 0.176000 0.183400 0.152000 0.175200 0.174600 0.150700 0.155300 0.136700 0.184700 0.181900 0.174100 0.175100 0.059100 0.000000 0.168100 0.175800 0.167600 0.167100 0.150900 0.167700 0.072700 0.173000 0.161800 0.152000 0.174800 0.167400 0.160300 0.159000 0.180300 0.026000 0.052500 0.175400 0.059200 0.013000 0.183000 0.167200 0.158900 0.144300 0.198300 0.184400 0.173900 0.173300
Ibex 0.013700 0.434400 0.090900 0.225900 0.034600 0.006800 0.041200 0.076900 0.084300 0.199300 0.006800 0.070100 0.027400 0.034300 0.076800 0.027300 0.071800 0.070600 0.013700 0.084300 0.048200 0.006800 0.142000 0.168100 0.000000 0.070400 0.041400 0.070200 0.041300 0.070400 0.190000 0.047800 0.086100 0.027400 0.020400 0.092600 0.006800 0.034400 0.040800 0.183300 0.134800 0.055700 0.191000 0.168700 0.084700 0.013600 0.020400 0.048800 0.055300 0.056000 0.077000 0.091300
GyrantGaze 0.085400 0.447700 0.136100 0.236200 0.077800 0.078000 0.069900 0.107100 0.129400 0.190900 0.077800 0.130400 0.070600 0.077500 0.106900 0.041300 0.118100 0.116200 0.085400 0.129400 0.048200 0.077400 0.150100 0.175800 0.070400 0.000000 0.085200 0.114900 0.041300 0.115400 0.198500 0.091300 0.117200 0.070600 0.077300 0.131200 0.063300 0.077500 0.083400 0.192000 0.142900 0.041300 0.182700 0.176500 0.130000 0.070100 0.062700 0.085000 0.099300 0.100200 0.121700 0.121300
Hartebeest 0.055900 0.435600 0.105700 0.234300 0.048700 0.048800 0.055400 0.091700 0.114100 0.199200 0.048600 0.099600 0.013600 0.062600 0.091500 0.041300 0.086600 0.085300 0.056000 0.114000 0.062400 0.048400 0.141800 0.167600 0.041400 0.085200 0.000000 0.099700 0.055500 0.100100 0.190000 0.076300 0.101100 0.013600 0.034300 0.122900 0.048800 0.048500 0.068900 0.182900 0.134700 0.070200 0.190900 0.168300 0.114600 0.041400 0.048400 0.077800 0.048200 0.085200 0.106500 0.106200
Bongo 0.085000 0.450200 0.033500 0.244300 0.062900 0.077700 0.084000 0.106500 0.013400 0.182100 0.077500 0.041000 0.084900 0.077100 0.091500 0.069600 0.071700 0.070600 0.085100 0.013300 0.091300 0.077100 0.141400 0.167100 0.070200 0.114900 0.099700 0.000000 0.084200 0.012900 0.189400 0.090800 0.093500 0.084900 0.077000 0.048300 0.077700 0.077200 0.083100 0.183000 0.149900 0.099400 0.173900 0.167700 0.040900 0.069800 0.062500 0.048600 0.113700 0.085000 0.006400 0.019100
Gerenuk 0.055700 0.423100 0.104900 0.198500 0.048400 0.048600 0.041000 0.076700 0.098400 0.181600 0.048400 0.099100 0.041400 0.048200 0.076600 0.013500 0.086600 0.085200 0.055700 0.098300 0.033900 0.048100 0.141600 0.150900 0.041300 0.041300 0.055500 0.084200 0.000000 0.084600 0.189000 0.061700 0.085800 0.041400 0.048100 0.107300 0.034400 0.048200 0.054400 0.166600 0.134400 0.041200 0.173500 0.151500 0.098900 0.041200 0.034100 0.062800 0.069300 0.063200 0.091000 0.090700
CommonElan 0.085400 0.431400 0.033700 0.226700 0.063200 0.078000 0.084400 0.107000 0.027100 0.182800 0.070000 0.041200 0.085300 0.077400 0.091900 0.069800 0.057200 0.070900 0.085400 0.027100 0.091600 0.077400 0.141900 0.167700 0.070400 0.115400 0.100100 0.012900 0.084600 0.000000 0.190200 0.091200 0.094000 0.085300 0.077300 0.048500 0.078000 0.077500 0.083400 0.183700 0.150500 0.084900 0.174700 0.152400 0.041100 0.070100 0.062700 0.048800 0.099100 0.085300 0.020200 0.033800
MuntiacusR 0.206800 0.533700 0.211300 0.341000 0.198200 0.198700 0.205200 0.197200 0.204500 0.032300 0.198200 0.205300 0.174200 0.214400 0.213600 0.188700 0.194100 0.174500 0.206900 0.204300 0.196100 0.197000 0.065400 0.072700 0.190000 0.198500 0.190000 0.189400 0.189000 0.190200 0.000000 0.203800 0.184600 0.174200 0.196900 0.205700 0.182200 0.197100 0.218700 0.072600 0.058800 0.214600 0.025700 0.072900 0.221600 0.189100 0.197000 0.182000 0.221000 0.223300 0.196100 0.195700
HarveysDui 0.062300 0.439500 0.111500 0.248100 0.055100 0.055200 0.020100 0.097600 0.104900 0.196300 0.048000 0.105600 0.062000 0.013300 0.097400 0.047600 0.092800 0.091400 0.062300 0.104900 0.068600 0.054700 0.147400 0.173000 0.047800 0.091300 0.076300 0.090800 0.061700 0.091200 0.203800 0.000000 0.107100 0.062000 0.054700 0.113400 0.055200 0.040700 0.047000 0.188100 0.140300 0.076400 0.188100 0.173600 0.105400 0.047800 0.040700 0.055100 0.090300 0.076600 0.097500 0.112000
Pronghorn 0.101900 0.456200 0.114700 0.219700 0.078900 0.094300 0.100700 0.123500 0.108000 0.193600 0.094000 0.108900 0.086100 0.093200 0.108000 0.085700 0.072800 0.079000 0.101900 0.108000 0.108100 0.093500 0.167100 0.161800 0.086100 0.117200 0.101100 0.093500 0.085800 0.094000 0.184600 0.107100 0.000000 0.086100 0.093400 0.116800 0.079100 0.093600 0.099400 0.160900 0.159900 0.116800 0.185200 0.162500 0.108500 0.086000 0.078300 0.071500 0.131500 0.101700 0.100400 0.100100
BlueWildeb 0.041700 0.435500 0.091000 0.216400 0.048800 0.034700 0.041300 0.077100 0.099200 0.183200 0.034600 0.084900 0.000000 0.048400 0.076900 0.027400 0.071800 0.070700 0.041700 0.099200 0.048300 0.034400 0.126800 0.152000 0.027400 0.070600 0.013600 0.084900 0.041400 0.085300 0.174200 0.062000 0.086100 0.000000 0.020500 0.107800 0.034600 0.048600 0.054800 0.167100 0.119700 0.055900 0.175000 0.152700 0.099700 0.027400 0.034400 0.063300 0.041200 0.070600 0.091700 0.091500
Gemsbok 0.034400 0.467300 0.083100 0.234200 0.041400 0.027400 0.048000 0.084100 0.091100 0.206200 0.027300 0.076900 0.020500 0.041200 0.084000 0.034100 0.079100 0.077800 0.034400 0.091000 0.055000 0.027200 0.149400 0.174800 0.020400 0.077300 0.034300 0.077000 0.048100 0.077300 0.196900 0.054700 0.093400 0.020500 0.000000 0.099800 0.027400 0.041200 0.043900 0.190900 0.142200 0.062600 0.197900 0.175500 0.091500 0.020300 0.027200 0.055600 0.047900 0.062800 0.083700 0.098100
Yak 0.093000 0.448000 0.068800 0.263700 0.085500 0.085600 0.107000 0.129800 0.062200 0.198300 0.100500 0.020400 0.107800 0.099600 0.114300 0.092100 0.079300 0.078000 0.093000 0.062200 0.114500 0.099900 0.141000 0.167400 0.092600 0.131200 0.122900 0.048300 0.107300 0.048500 0.205700 0.113400 0.116800 0.107800 0.099800 0.000000 0.100700 0.100100 0.105800 0.182500 0.149500 0.115300 0.190000 0.167900 0.006700 0.092500 0.084800 0.070700 0.137700 0.108300 0.055100 0.069100
BlueSheep 0.020600 0.447700 0.098400 0.218300 0.041800 0.013200 0.048400 0.084800 0.091900 0.191400 0.013700 0.077600 0.034600 0.041500 0.084700 0.034300 0.079800 0.078500 0.020600 0.091800 0.055400 0.013600 0.150600 0.160300 0.006800 0.063300 0.048800 0.077700 0.034400 0.078000 0.182200 0.055200 0.079100 0.034600 0.027400 0.100700 0.000000 0.041600 0.047800 0.176200 0.143400 0.063100 0.183100 0.160900 0.092300 0.020500 0.027400 0.056100 0.062600 0.063400 0.084500 0.098900
BohorReedb 0.048700 0.423000 0.097800 0.235100 0.027500 0.041600 0.048100 0.084300 0.091300 0.173800 0.041500 0.092000 0.048600 0.041300 0.084200 0.034100 0.079300 0.078000 0.048700 0.091200 0.055100 0.041200 0.134000 0.159000 0.034400 0.077500 0.048500 0.077200 0.048200 0.077500 0.197100 0.040700 0.093600 0.048600 0.041200 0.100100 0.041600 0.000000 0.047600 0.174700 0.127000 0.062700 0.165700 0.159600 0.091700 0.034300 0.027300 0.055800 0.076700 0.063000 0.083900 0.098300
KirksDik 0.054900 0.471000 0.103500 0.239200 0.047800 0.047900 0.054300 0.090100 0.097100 0.211300 0.047700 0.097700 0.054800 0.047500 0.075500 0.040400 0.085300 0.083900 0.054900 0.097000 0.061200 0.047500 0.154900 0.180300 0.040800 0.083400 0.068900 0.083100 0.054400 0.083400 0.218700 0.047000 0.099400 0.054800 0.043900 0.105800 0.047800 0.047600 0.000000 0.196200 0.147800 0.068800 0.203000 0.180900 0.097500 0.040600 0.033600 0.047800 0.082600 0.069100 0.089800 0.104000
RoeDeer 0.200900 0.533200 0.204600 0.314700 0.175800 0.192800 0.182300 0.189600 0.198100 0.066100 0.192200 0.199600 0.167100 0.190500 0.189900 0.166300 0.170500 0.151500 0.201000 0.197900 0.190100 0.191100 0.072500 0.026000 0.183300 0.192000 0.182900 0.183000 0.166600 0.183700 0.072600 0.188100 0.160900 0.167100 0.190900 0.182500 0.176200 0.174700 0.196200 0.000000 0.065800 0.191600 0.072900 0.026100 0.199100 0.183200 0.174600 0.159900 0.214800 0.200700 0.189800 0.189200
WhiteLippe 0.151200 0.487500 0.171200 0.311700 0.127600 0.143500 0.134300 0.141800 0.164600 0.052200 0.143100 0.165800 0.119700 0.142000 0.156800 0.119100 0.137400 0.135300 0.151300 0.164500 0.126200 0.142300 0.006000 0.052500 0.134800 0.142900 0.134700 0.149900 0.134400 0.150500 0.058800 0.140300 0.159900 0.119700 0.142200 0.149500 0.143400 0.127000 0.147800 0.065800 0.000000 0.142700 0.045500 0.052600 0.165300 0.134800 0.126800 0.127600 0.165100 0.166600 0.156700 0.156200
ThomsonGaz 0.070400 0.391500 0.120400 0.217400 0.063000 0.062900 0.055300 0.091800 0.113800 0.207000 0.063000 0.114700 0.055900 0.062700 0.091600 0.027200 0.086900 0.100600 0.070400 0.113700 0.048100 0.062600 0.149900 0.175400 0.055700 0.041300 0.070200 0.099400 0.041200 0.084900 0.214600 0.076400 0.116800 0.055900 0.062600 0.115300 0.063100 0.062700 0.068800 0.191600 0.142700 0.000000 0.198600 0.160100 0.114300 0.055500 0.048300 0.070100 0.069500 0.085000 0.106200 0.105900
MuntiacusC 0.207900 0.534800 0.195500 0.343100 0.182600 0.199700 0.189400 0.181500 0.188900 0.006400 0.199200 0.206400 0.175000 0.198400 0.197700 0.173300 0.178300 0.159100 0.208000 0.188700 0.180600 0.198000 0.052000 0.059200 0.191000 0.182700 0.190900 0.173900 0.173500 0.174700 0.025700 0.188100 0.185200 0.175000 0.197900 0.190000 0.183100 0.165700 0.203000 0.072900 0.045500 0.198600 0.000000 0.059400 0.205700 0.190000 0.181400 0.166700 0.222000 0.207400 0.180700 0.180200
WhiteTaile 0.185200 0.516500 0.189100 0.299000 0.160500 0.177200 0.167000 0.175000 0.182700 0.052600 0.176300 0.184000 0.152700 0.175900 0.175300 0.151300 0.139800 0.137200 0.185400 0.182500 0.174700 0.175700 0.059200 0.013000 0.168700 0.176500 0.168300 0.167700 0.151500 0.152400 0.072900 0.173600 0.162500 0.152700 0.175500 0.167900 0.160900 0.159600 0.180900 0.026100 0.052600 0.160100 0.059400 0.000000 0.183600 0.167800 0.159400 0.144800 0.183700 0.185100 0.174500 0.173900
Cattle 0.084700 0.471900 0.061100 0.252900 0.077400 0.077500 0.098600 0.121500 0.054600 0.214200 0.092100 0.013400 0.099700 0.091600 0.106200 0.083900 0.071500 0.070300 0.084800 0.054600 0.106000 0.091600 0.156600 0.183000 0.084700 0.130000 0.114600 0.040900 0.098900 0.041100 0.221600 0.105400 0.108500 0.099700 0.091500 0.006700 0.092300 0.091700 0.097500 0.199100 0.165300 0.114300 0.205700 0.183600 0.000000 0.084300 0.076800 0.062800 0.128700 0.099800 0.047600 0.061400
RoyalAntel 0.027400 0.457100 0.090500 0.225700 0.034400 0.020500 0.041100 0.076900 0.083900 0.198300 0.020500 0.069800 0.027400 0.034200 0.076800 0.027200 0.071700 0.070600 0.027500 0.083900 0.048000 0.020400 0.141900 0.167200 0.013600 0.070100 0.041400 0.069800 0.041200 0.070100 0.189100 0.047800 0.086000 0.027400 0.020300 0.092500 0.020500 0.034300 0.040600 0.183200 0.134800 0.055500 0.190000 0.167800 0.084300 0.000000 0.020400 0.048600 0.055000 0.055800 0.076600 0.090900
Steenbok 0.034400 0.444300 0.083000 0.215900 0.026200 0.027400 0.034000 0.069500 0.076400 0.189700 0.027400 0.077000 0.034400 0.027200 0.069400 0.020300 0.064200 0.063100 0.034400 0.076400 0.040900 0.027200 0.133900 0.158900 0.020400 0.062700 0.048400 0.062500 0.034100 0.062700 0.197000 0.040700 0.078300 0.034400 0.027200 0.084800 0.027400 0.027300 0.033600 0.174600 0.126800 0.048300 0.181400 0.159400 0.076800 0.020400 0.000000 0.041400 0.062100 0.048500 0.069200 0.083400
Impala 0.063400 0.457500 0.069100 0.218200 0.041700 0.056200 0.062600 0.084700 0.062500 0.174800 0.056000 0.063000 0.063300 0.055700 0.069900 0.048400 0.049900 0.049100 0.063400 0.062500 0.069800 0.055700 0.134700 0.144300 0.048800 0.085000 0.077800 0.048600 0.062800 0.048800 0.182000 0.055100 0.071500 0.063300 0.055600 0.070700 0.056100 0.055800 0.047800 0.159900 0.127600 0.070100 0.166700 0.144800 0.062800 0.048600 0.041400 0.000000 0.091800 0.063400 0.055400 0.069500
Klipspring 0.069800 0.455200 0.119600 0.223500 0.077000 0.062600 0.069100 0.106000 0.128100 0.230600 0.062400 0.113600 0.041200 0.076700 0.091000 0.054900 0.101400 0.115000 0.069800 0.128000 0.076200 0.062100 0.172300 0.198300 0.055300 0.099300 0.048200 0.113700 0.069300 0.099100 0.221000 0.090300 0.131500 0.041200 0.047900 0.137700 0.062600 0.076700 0.082600 0.214800 0.165100 0.069500 0.222000 0.183700 0.128700 0.055000 0.062100 0.091800 0.000000 0.099200 0.120400 0.120100
ForestMusk 0.070700 0.502800 0.105800 0.246400 0.063300 0.063400 0.069800 0.107100 0.099300 0.216000 0.063200 0.100000 0.070600 0.062900 0.092000 0.055500 0.087400 0.085900 0.070700 0.099200 0.077000 0.062900 0.173900 0.184400 0.056000 0.100200 0.085200 0.085000 0.063200 0.085300 0.223300 0.076600 0.101700 0.070600 0.062800 0.108300 0.063400 0.063000 0.069100 0.200700 0.166600 0.085000 0.207400 0.185100 0.099800 0.055800 0.048500 0.063400 0.099200 0.000000 0.091800 0.105000
Bushbuck 0.091800 0.457800 0.026600 0.251600 0.069700 0.084500 0.090800 0.113300 0.006300 0.188800 0.084300 0.047700 0.091700 0.083900 0.098300 0.076300 0.078600 0.077400 0.091900 0.006400 0.097700 0.083800 0.148100 0.173900 0.077000 0.121700 0.106500 0.006400 0.091000 0.020200 0.196100 0.097500 0.100400 0.091700 0.083700 0.055100 0.084500 0.083900 0.089800 0.189800 0.156700 0.106200 0.180700 0.174500 0.047600 0.076600 0.069200 0.055400 0.120400 0.091800 0.000000 0.013200
GreaterKud 0.106400 0.457200 0.040000 0.250100 0.084000 0.099000 0.090500 0.113000 0.019900 0.188300 0.098700 0.061600 0.091500 0.098300 0.097900 0.076000 0.093300 0.091900 0.106500 0.019900 0.097700 0.098200 0.147700 0.173300 0.091300 0.121300 0.106200 0.019100 0.090700 0.033800 0.195700 0.112000 0.100100 0.091500 0.098100 0.069100 0.098900 0.098300 0.104000 0.189200 0.156200 0.105900 0.180200 0.173900 0.061400 0.090900 0.083400 0.069500 0.120100 0.105000 0.013200 0.000000
