CODONML (in paml version 4.10.7, June 2023)  /home/rachel/ruminants_paml/6406-phy-tree/ENSBTAT00000018509.fasta.phy
Model: free dN/dS Ratios for branches,  kappa = 2.000 fixed

Codon frequency model: F3x4
ns =  54  ls =  78

Codon usage in sequences
--------------------------------------------------------------------------------------------------------------------------------------
Phe TTT   0   0   0   0   1   0 | Ser TCT   1   1   1   1   0   0 | Tyr TAT   0   0   0   0   0   0 | Cys TGT   1   0   1   1   0   0
    TTC   1   1   1   1   0   1 |     TCC   2   2   2   3   3   3 |     TAC   0   0   0   0   0   0 |     TGC   1   2   1   1   2   2
Leu TTA   1   0   0   0   0   0 |     TCA   2   2   2   2   1   1 | *** TAA   0   0   0   0   0   0 | *** TGA   0   0   0   0   0   0
    TTG   0   0   0   0   0   0 |     TCG   0   0   0   0   1   1 |     TAG   0   0   0   0   0   0 | Trp TGG   0   0   0   0   0   0
--------------------------------------------------------------------------------------------------------------------------------------
Leu CTT   5   4   5   5   4   4 | Pro CCT   1   0   0   0   0   0 | His CAT   2   2   3   2   2   2 | Arg CGT   0   0   0   0   0   0
    CTC   0   0   0   0   0   0 |     CCC   1   1   2   1   2   2 |     CAC   3   3   2   3   3   3 |     CGC   0   1   0   0   1   1
    CTA   1   0   1   2   0   2 |     CCA   2   2   2   2   2   1 | Gln CAA   0   0   0   0   0   0 |     CGA   1   1   1   2   1   1
    CTG   2   5   3   2   5   4 |     CCG   0   1   0   0   0   1 |     CAG   3   3   3   3   3   3 |     CGG   2   1   2   1   1   1
--------------------------------------------------------------------------------------------------------------------------------------
Ile ATT   2   2   2   1   1   2 | Thr ACT   0   0   1   0   0   0 | Asn AAT   0   0   0   1   0   0 | Ser AGT   1   1   1   1   1   1
    ATC   1   1   1   2   1   1 |     ACC   3   3   2   3   3   2 |     AAC   3   3   3   2   3   3 |     AGC   2   2   2   2   2   2
    ATA   0   0   0   0   1   0 |     ACA   2   2   2   2   2   3 | Lys AAA   2   2   2   2   2   2 | Arg AGA   0   0   0   0   0   0
Met ATG   2   2   2   2   2   1 |     ACG   0   0   0   0   0   0 |     AAG   3   3   3   3   3   3 |     AGG   0   0   0   0   0   0
--------------------------------------------------------------------------------------------------------------------------------------
Val GTT   2   1   1   1   1   1 | Ala GCT   0   0   0   0   0   0 | Asp GAT   2   1   2   2   2   1 | Gly GGT   0   0   0   0   0   0
    GTC   1   1   1   1   1   1 |     GCC   4   4   4   4   4   4 |     GAC   1   3   1   1   1   2 |     GGC   1   1   1   1   1   1
    GTA   0   1   0   0   0   0 |     GCA   3   3   3   2   3   2 | Glu GAA   2   1   1   1   0   1 |     GGA   0   0   0   0   0   0
    GTG   5   5   6   6   6   6 |     GCG   0   0   0   1   0   1 |     GAG   3   3   4   4   5   4 |     GGG   1   1   1   1   1   1
--------------------------------------------------------------------------------------------------------------------------------------

--------------------------------------------------------------------------------------------------------------------------------------
Phe TTT   0   0   0   0   0   0 | Ser TCT   1   1   2   1   1   1 | Tyr TAT   0   0   0   0   0   0 | Cys TGT   1   1   1   1   1   1
    TTC   1   1   1   1   1   1 |     TCC   2   2   1   2   2   2 |     TAC   0   0   0   0   0   0 |     TGC   1   1   1   1   1   1
Leu TTA   1   1   0   0   0   0 |     TCA   2   2   2   2   2   2 | *** TAA   0   0   0   0   0   0 | *** TGA   0   0   0   0   0   0
    TTG   0   0   0   0   0   0 |     TCG   0   0   0   0   0   0 |     TAG   0   0   0   0   0   0 | Trp TGG   0   0   0   0   0   0
--------------------------------------------------------------------------------------------------------------------------------------
Leu CTT   5   5   5   5   5   5 | Pro CCT   1   1   0   0   0   1 | His CAT   2   2   2   2   2   2 | Arg CGT   0   0   0   0   0   0
    CTC   0   0   0   0   0   0 |     CCC   1   1   2   2   2   1 |     CAC   3   3   3   3   3   3 |     CGC   0   0   0   0   0   0
    CTA   1   1   2   2   1   2 |     CCA   2   2   2   2   2   2 | Gln CAA   0   0   0   0   0   0 |     CGA   1   1   0   1   1   1
    CTG   2   2   2   2   3   2 |     CCG   0   0   0   0   0   0 |     CAG   3   3   3   3   3   3 |     CGG   2   2   2   2   2   2
--------------------------------------------------------------------------------------------------------------------------------------
Ile ATT   2   2   2   2   2   2 | Thr ACT   0   0   0   2   1   0 | Asn AAT   0   0   0   0   0   0 | Ser AGT   1   1   1   1   1   1
    ATC   1   1   1   1   1   1 |     ACC   3   3   3   2   2   3 |     AAC   3   3   3   3   3   3 |     AGC   2   2   2   2   2   2
    ATA   0   0   0   0   0   0 |     ACA   2   2   2   1   2   2 | Lys AAA   2   2   2   2   2   2 | Arg AGA   0   0   1   0   0   0
Met ATG   2   2   2   2   2   2 |     ACG   0   0   0   0   0   0 |     AAG   3   3   3   3   3   3 |     AGG   0   0   0   0   0   0
--------------------------------------------------------------------------------------------------------------------------------------
Val GTT   1   2   1   1   1   2 | Ala GCT   0   0   0   0   0   0 | Asp GAT   2   2   2   2   2   2 | Gly GGT   0   0   0   0   0   0
    GTC   1   1   1   2   1   0 |     GCC   4   4   4   4   4   4 |     GAC   1   1   1   1   1   1 |     GGC   1   1   1   1   1   1
    GTA   0   0   0   1   0   1 |     GCA   2   3   2   2   3   2 | Glu GAA   1   2   1   2   1   1 |     GGA   0   0   0   0   0   1
    GTG   6   5   6   4   6   5 |     GCG   1   0   1   1   0   1 |     GAG   4   3   4   3   4   4 |     GGG   1   1   1   1   1   0
--------------------------------------------------------------------------------------------------------------------------------------

--------------------------------------------------------------------------------------------------------------------------------------
Phe TTT   0   0   0   0   0   0 | Ser TCT   1   1   1   1   1   1 | Tyr TAT   0   0   0   0   0   0 | Cys TGT   1   1   1   1   1   1
    TTC   1   1   1   1   1   1 |     TCC   2   2   2   2   2   2 |     TAC   0   0   0   0   0   0 |     TGC   1   1   1   1   1   1
Leu TTA   1   0   1   0   0   0 |     TCA   2   2   2   2   2   2 | *** TAA   0   0   0   0   0   0 | *** TGA   0   0   0   0   0   0
    TTG   0   0   0   0   0   0 |     TCG   0   0   0   0   0   0 |     TAG   0   0   0   0   0   0 | Trp TGG   0   0   0   0   0   0
--------------------------------------------------------------------------------------------------------------------------------------
Leu CTT   5   5   5   5   5   5 | Pro CCT   1   0   0   0   0   0 | His CAT   2   2   2   2   2   2 | Arg CGT   0   0   0   0   0   0
    CTC   0   0   0   0   0   0 |     CCC   1   2   2   2   2   2 |     CAC   3   3   3   3   3   3 |     CGC   0   0   0   0   0   0
    CTA   1   2   1   2   2   2 |     CCA   2   2   2   2   2   2 | Gln CAA   0   0   0   0   0   0 |     CGA   1   1   0   1   1   1
    CTG   2   2   2   2   2   2 |     CCG   0   0   0   0   0   0 |     CAG   3   3   3   3   3   3 |     CGG   2   2   3   2   2   2
--------------------------------------------------------------------------------------------------------------------------------------
Ile ATT   2   2   2   2   2   2 | Thr ACT   0   0   0   0   0   0 | Asn AAT   0   0   0   0   0   0 | Ser AGT   1   1   2   1   1   1
    ATC   1   1   1   1   1   1 |     ACC   3   3   3   3   3   3 |     AAC   3   3   3   3   3   3 |     AGC   2   2   1   2   2   2
    ATA   0   0   0   0   0   0 |     ACA   2   2   2   2   2   2 | Lys AAA   2   2   3   2   2   2 | Arg AGA   0   0   0   0   0   0
Met ATG   2   2   2   2   2   2 |     ACG   0   0   0   0   0   0 |     AAG   3   3   2   3   3   3 |     AGG   0   0   0   0   0   0
--------------------------------------------------------------------------------------------------------------------------------------
Val GTT   1   1   1   1   1   1 | Ala GCT   0   0   0   0   0   0 | Asp GAT   2   2   2   2   2   2 | Gly GGT   0   0   0   1   0   0
    GTC   1   1   1   1   1   1 |     GCC   4   4   4   4   4   4 |     GAC   1   1   1   1   1   1 |     GGC   1   1   1   0   1   1
    GTA   0   0   1   0   0   0 |     GCA   3   3   2   2   2   2 | Glu GAA   1   1   1   1   1   2 |     GGA   0   0   0   0   0   0
    GTG   6   6   5   6   6   6 |     GCG   0   0   1   1   1   1 |     GAG   4   4   4   4   4   3 |     GGG   1   1   1   1   1   1
--------------------------------------------------------------------------------------------------------------------------------------

--------------------------------------------------------------------------------------------------------------------------------------
Phe TTT   0   0   0   0   0   0 | Ser TCT   1   0   1   1   1   1 | Tyr TAT   0   0   0   0   0   0 | Cys TGT   1   1   1   1   1   1
    TTC   1   1   1   1   1   1 |     TCC   2   2   2   2   2   2 |     TAC   0   0   0   0   0   0 |     TGC   1   1   1   1   1   1
Leu TTA   0   0   2   0   0   1 |     TCA   2   2   2   2   2   2 | *** TAA   0   0   0   0   0   0 | *** TGA   0   0   0   0   0   0
    TTG   1   1   0   0   0   0 |     TCG   0   1   0   0   0   0 |     TAG   0   0   0   0   0   0 | Trp TGG   0   0   0   0   0   0
--------------------------------------------------------------------------------------------------------------------------------------
Leu CTT   5   5   5   5   5   5 | Pro CCT   0   0   1   0   0   1 | His CAT   2   2   2   2   2   2 | Arg CGT   0   0   0   0   0   0
    CTC   0   0   0   0   0   0 |     CCC   2   2   1   2   2   1 |     CAC   3   3   3   3   3   3 |     CGC   0   0   0   0   0   0
    CTA   2   2   0   1   2   1 |     CCA   2   2   2   2   2   2 | Gln CAA   0   0   0   0   0   0 |     CGA   1   1   1   1   1   1
    CTG   1   1   2   3   2   2 |     CCG   0   0   0   0   0   0 |     CAG   3   3   3   3   3   3 |     CGG   2   2   2   2   2   2
--------------------------------------------------------------------------------------------------------------------------------------
Ile ATT   2   2   2   2   2   2 | Thr ACT   0   0   0   1   0   0 | Asn AAT   0   0   0   0   0   0 | Ser AGT   1   1   1   1   1   1
    ATC   1   1   1   1   1   1 |     ACC   3   3   3   2   3   3 |     AAC   3   3   3   3   3   3 |     AGC   2   2   2   2   2   2
    ATA   0   0   0   0   0   0 |     ACA   2   2   2   2   2   2 | Lys AAA   2   2   2   2   2   2 | Arg AGA   0   0   0   0   0   0
Met ATG   2   2   2   2   2   2 |     ACG   0   0   0   0   0   0 |     AAG   3   3   3   3   3   3 |     AGG   0   0   0   0   0   0
--------------------------------------------------------------------------------------------------------------------------------------
Val GTT   1   1   1   1   1   1 | Ala GCT   0   0   0   0   0   0 | Asp GAT   2   2   2   2   2   2 | Gly GGT   0   0   0   0   0   0
    GTC   1   1   1   1   1   1 |     GCC   4   4   4   4   4   4 |     GAC   1   1   1   1   1   1 |     GGC   1   1   1   1   1   1
    GTA   0   0   0   0   0   0 |     GCA   3   3   2   3   2   3 | Glu GAA   1   1   1   1   2   1 |     GGA   0   0   0   0   0   0
    GTG   6   6   6   6   6   6 |     GCG   0   0   1   0   1   0 |     GAG   4   4   4   4   3   4 |     GGG   1   1   1   1   1   1
--------------------------------------------------------------------------------------------------------------------------------------

--------------------------------------------------------------------------------------------------------------------------------------
Phe TTT   0   0   0   0   0   0 | Ser TCT   1   1   1   1   1   1 | Tyr TAT   0   0   0   0   0   0 | Cys TGT   1   1   1   1   1   1
    TTC   1   1   1   1   1   1 |     TCC   2   2   2   2   2   2 |     TAC   0   0   0   0   0   0 |     TGC   1   1   1   1   1   1
Leu TTA   0   0   1   0   1   0 |     TCA   2   2   2   2   2   2 | *** TAA   0   0   0   0   0   0 | *** TGA   0   0   0   0   0   0
    TTG   0   0   0   0   0   0 |     TCG   0   0   0   0   0   0 |     TAG   0   0   0   0   0   0 | Trp TGG   0   0   0   0   0   0
--------------------------------------------------------------------------------------------------------------------------------------
Leu CTT   5   5   4   5   5   5 | Pro CCT   0   0   1   0   0   0 | His CAT   2   2   2   2   2   2 | Arg CGT   0   0   0   0   0   0
    CTC   0   0   0   0   0   0 |     CCC   2   2   1   3   2   2 |     CAC   3   3   3   3   3   3 |     CGC   0   0   0   0   0   0
    CTA   2   2   2   2   1   1 |     CCA   2   2   2   1   2   2 | Gln CAA   0   0   0   0   0   0 |     CGA   1   1   1   1   0   1
    CTG   2   2   2   2   2   3 |     CCG   0   0   0   0   0   0 |     CAG   3   3   3   3   3   3 |     CGG   2   2   2   2   3   2
--------------------------------------------------------------------------------------------------------------------------------------
Ile ATT   2   2   2   2   2   2 | Thr ACT   0   0   0   0   0   1 | Asn AAT   0   0   0   0   0   0 | Ser AGT   2   1   1   1   2   1
    ATC   1   1   1   1   1   1 |     ACC   3   3   3   3   3   2 |     AAC   3   3   3   3   3   3 |     AGC   1   2   2   2   1   2
    ATA   0   0   0   0   0   0 |     ACA   2   2   2   2   2   2 | Lys AAA   2   2   2   2   2   2 | Arg AGA   0   0   0   0   0   0
Met ATG   2   2   2   2   2   2 |     ACG   0   0   0   0   0   0 |     AAG   3   3   3   3   3   3 |     AGG   0   0   0   0   0   0
--------------------------------------------------------------------------------------------------------------------------------------
Val GTT   2   3   1   1   1   1 | Ala GCT   0   0   0   0   0   0 | Asp GAT   2   2   2   2   2   2 | Gly GGT   0   0   0   0   0   0
    GTC   0   0   1   1   1   1 |     GCC   4   4   4   4   4   4 |     GAC   1   1   1   1   1   1 |     GGC   1   1   1   1   1   1
    GTA   1   0   0   0   1   0 |     GCA   2   3   3   2   2   3 | Glu GAA   1   1   1   2   1   1 |     GGA   0   0   0   0   0   0
    GTG   5   5   6   6   5   6 |     GCG   1   0   0   1   1   0 |     GAG   4   4   4   3   4   4 |     GGG   1   1   1   1   1   1
--------------------------------------------------------------------------------------------------------------------------------------

--------------------------------------------------------------------------------------------------------------------------------------
Phe TTT   0   0   0   0   0   0 | Ser TCT   1   1   1   1   1   1 | Tyr TAT   0   0   0   0   0   0 | Cys TGT   1   1   1   1   1   1
    TTC   1   1   1   1   1   1 |     TCC   2   2   2   2   2   2 |     TAC   0   0   0   0   0   0 |     TGC   1   1   1   1   1   1
Leu TTA   0   0   0   0   0   1 |     TCA   2   2   2   2   2   2 | *** TAA   0   0   0   0   0   0 | *** TGA   0   0   0   0   0   0
    TTG   0   0   0   0   0   0 |     TCG   0   0   0   0   0   0 |     TAG   0   0   0   0   0   0 | Trp TGG   0   0   0   0   0   0
--------------------------------------------------------------------------------------------------------------------------------------
Leu CTT   5   5   5   5   5   5 | Pro CCT   0   0   1   0   1   0 | His CAT   2   2   2   2   2   2 | Arg CGT   0   0   0   0   0   0
    CTC   0   0   0   0   0   0 |     CCC   2   2   1   2   1   2 |     CAC   3   3   3   3   3   3 |     CGC   0   0   0   0   0   0
    CTA   2   1   2   2   2   1 |     CCA   2   2   2   2   2   2 | Gln CAA   0   0   0   0   0   0 |     CGA   1   1   1   1   1   0
    CTG   2   3   2   2   2   2 |     CCG   0   0   0   0   0   0 |     CAG   3   3   3   3   3   3 |     CGG   2   2   2   2   2   3
--------------------------------------------------------------------------------------------------------------------------------------
Ile ATT   2   2   2   2   2   2 | Thr ACT   0   0   0   0   0   0 | Asn AAT   0   0   0   0   0   0 | Ser AGT   1   2   1   1   1   1
    ATC   1   1   1   1   1   1 |     ACC   3   3   3   3   3   3 |     AAC   3   3   3   3   3   3 |     AGC   2   1   2   2   2   2
    ATA   0   0   0   0   0   0 |     ACA   2   2   2   2   2   2 | Lys AAA   2   2   2   2   2   2 | Arg AGA   0   0   0   0   0   0
Met ATG   2   2   2   2   2   2 |     ACG   0   0   0   0   0   0 |     AAG   3   3   3   3   3   3 |     AGG   0   0   0   0   0   0
--------------------------------------------------------------------------------------------------------------------------------------
Val GTT   1   1   2   1   1   1 | Ala GCT   0   0   0   0   0   0 | Asp GAT   2   2   2   2   2   2 | Gly GGT   0   0   0   0   0   0
    GTC   1   1   0   1   1   1 |     GCC   4   4   4   4   4   4 |     GAC   1   1   1   1   1   1 |     GGC   1   1   1   1   1   1
    GTA   0   0   1   0   0   1 |     GCA   2   3   2   2   3   2 | Glu GAA   2   1   1   1   1   1 |     GGA   0   0   0   0   0   0
    GTG   6   6   5   6   6   5 |     GCG   1   0   1   1   0   1 |     GAG   3   4   4   4   4   4 |     GGG   1   1   1   1   1   1
--------------------------------------------------------------------------------------------------------------------------------------

--------------------------------------------------------------------------------------------------------------------------------------
Phe TTT   0   0   0   0   0   0 | Ser TCT   1   1   1   1   1   1 | Tyr TAT   0   0   0   0   0   0 | Cys TGT   1   1   1   0   1   1
    TTC   1   1   1   1   1   1 |     TCC   2   2   2   2   2   2 |     TAC   0   0   0   0   0   0 |     TGC   1   1   1   2   1   1
Leu TTA   1   0   1   1   1   0 |     TCA   2   2   2   2   2   2 | *** TAA   0   0   0   0   0   0 | *** TGA   0   0   0   0   0   0
    TTG   0   1   0   0   0   0 |     TCG   0   0   0   0   0   0 |     TAG   0   0   0   0   0   0 | Trp TGG   0   0   0   0   0   0
--------------------------------------------------------------------------------------------------------------------------------------
Leu CTT   5   6   5   5   5   5 | Pro CCT   0   0   1   1   0   0 | His CAT   1   2   2   2   2   2 | Arg CGT   0   0   0   0   0   0
    CTC   0   0   0   0   0   0 |     CCC   2   2   1   1   2   2 |     CAC   4   3   3   3   3   3 |     CGC   0   0   0   0   0   0
    CTA   1   1   1   1   1   2 |     CCA   2   2   2   2   2   2 | Gln CAA   0   0   0   0   0   0 |     CGA   1   1   1   1   1   1
    CTG   2   1   2   2   2   2 |     CCG   0   0   0   0   0   0 |     CAG   3   3   3   3   3   3 |     CGG   2   2   2   2   2   2
--------------------------------------------------------------------------------------------------------------------------------------
Ile ATT   2   2   2   2   2   2 | Thr ACT   0   0   0   0   0   0 | Asn AAT   0   0   0   0   0   0 | Ser AGT   1   1   1   1   1   1
    ATC   1   1   1   1   1   1 |     ACC   3   3   3   3   3   3 |     AAC   3   3   3   3   3   3 |     AGC   2   2   2   2   2   2
    ATA   0   0   0   0   0   0 |     ACA   2   2   2   2   2   2 | Lys AAA   2   2   2   2   2   2 | Arg AGA   0   0   0   0   0   0
Met ATG   2   2   2   2   2   2 |     ACG   0   0   0   0   0   0 |     AAG   3   3   3   3   3   3 |     AGG   0   0   0   0   0   0
--------------------------------------------------------------------------------------------------------------------------------------
Val GTT   1   1   1   1   1   3 | Ala GCT   0   0   0   0   0   0 | Asp GAT   2   2   2   2   2   2 | Gly GGT   0   0   0   0   0   0
    GTC   1   1   1   1   1   0 |     GCC   4   4   4   4   4   4 |     GAC   1   1   1   1   1   1 |     GGC   1   1   1   1   0   1
    GTA   0   0   0   0   0   0 |     GCA   2   3   3   2   2   3 | Glu GAA   1   1   1   1   2   1 |     GGA   0   0   0   0   1   0
    GTG   6   6   6   6   6   5 |     GCG   1   0   0   1   1   0 |     GAG   4   4   4   4   3   4 |     GGG   1   1   1   1   1   1
--------------------------------------------------------------------------------------------------------------------------------------

--------------------------------------------------------------------------------------------------------------------------------------
Phe TTT   0   0   0   0   0   0 | Ser TCT   1   1   1   1   1   1 | Tyr TAT   0   0   0   0   0   0 | Cys TGT   1   1   1   1   1   1
    TTC   1   1   1   1   1   1 |     TCC   2   2   2   2   2   2 |     TAC   0   0   0   0   0   0 |     TGC   1   1   1   1   1   1
Leu TTA   0   0   0   0   0   0 |     TCA   2   2   2   2   2   2 | *** TAA   0   0   0   0   0   0 | *** TGA   0   0   0   0   0   0
    TTG   0   0   0   0   0   0 |     TCG   0   0   0   0   0   0 |     TAG   0   0   0   0   0   0 | Trp TGG   0   0   0   0   0   0
--------------------------------------------------------------------------------------------------------------------------------------
Leu CTT   5   5   5   5   6   5 | Pro CCT   0   0   2   0   0   0 | His CAT   2   2   2   3   2   2 | Arg CGT   0   0   0   0   0   0
    CTC   0   0   0   0   0   0 |     CCC   2   3   0   2   2   2 |     CAC   3   3   3   2   3   3 |     CGC   0   0   0   0   0   0
    CTA   2   2   2   2   1   2 |     CCA   2   1   2   2   2   2 | Gln CAA   0   0   0   0   0   1 |     CGA   1   1   1   1   1   1
    CTG   2   2   2   2   2   2 |     CCG   0   0   0   0   0   0 |     CAG   3   3   3   3   3   2 |     CGG   2   2   2   2   2   2
--------------------------------------------------------------------------------------------------------------------------------------
Ile ATT   2   2   2   2   2   2 | Thr ACT   0   0   0   0   0   0 | Asn AAT   0   0   0   0   0   0 | Ser AGT   1   1   1   1   1   1
    ATC   1   1   1   1   1   1 |     ACC   3   3   3   3   3   3 |     AAC   3   3   3   3   3   3 |     AGC   2   2   2   2   2   2
    ATA   0   0   0   0   0   0 |     ACA   2   2   2   2   2   2 | Lys AAA   2   2   2   2   2   2 | Arg AGA   0   0   0   0   0   0
Met ATG   2   2   2   2   2   2 |     ACG   0   0   0   0   0   0 |     AAG   3   3   3   3   3   3 |     AGG   0   0   0   0   0   0
--------------------------------------------------------------------------------------------------------------------------------------
Val GTT   2   1   2   3   1   1 | Ala GCT   0   0   0   0   0   0 | Asp GAT   2   2   2   2   2   2 | Gly GGT   0   0   0   0   0   0
    GTC   0   1   0   0   1   1 |     GCC   4   4   4   4   4   4 |     GAC   1   1   1   1   1   1 |     GGC   1   1   1   1   1   1
    GTA   1   0   1   0   0   0 |     GCA   2   2   2   3   3   2 | Glu GAA   1   2   1   1   1   1 |     GGA   0   0   1   0   0   0
    GTG   5   6   5   5   6   6 |     GCG   1   1   1   0   0   1 |     GAG   4   3   4   4   4   4 |     GGG   1   1   0   1   1   1
--------------------------------------------------------------------------------------------------------------------------------------

--------------------------------------------------------------------------------------------------------------------------------------
Phe TTT   0   0   0   0   0   0 | Ser TCT   1   1   1   1   1   1 | Tyr TAT   0   0   0   0   0   0 | Cys TGT   1   1   1   1   1   1
    TTC   1   1   1   1   1   1 |     TCC   2   2   2   3   2   2 |     TAC   0   0   0   0   0   0 |     TGC   1   1   1   1   1   1
Leu TTA   0   0   0   0   0   0 |     TCA   2   2   2   2   2   2 | *** TAA   0   0   0   0   0   0 | *** TGA   0   0   0   0   0   0
    TTG   0   0   0   0   0   0 |     TCG   0   0   0   0   0   0 |     TAG   0   0   0   0   0   0 | Trp TGG   0   0   0   0   0   0
--------------------------------------------------------------------------------------------------------------------------------------
Leu CTT   5   5   5   5   5   5 | Pro CCT   0   0   0   0   0   0 | His CAT   2   2   2   2   2   2 | Arg CGT   0   0   0   0   0   0
    CTC   0   0   0   0   0   0 |     CCC   2   2   2   1   2   2 |     CAC   3   3   3   3   3   3 |     CGC   0   0   0   0   0   0
    CTA   1   2   2   2   1   1 |     CCA   2   2   2   2   2   2 | Gln CAA   0   0   0   0   0   0 |     CGA   1   1   1   2   1   0
    CTG   3   2   2   2   3   3 |     CCG   0   0   0   0   0   0 |     CAG   3   3   3   3   3   3 |     CGG   2   2   2   1   2   2
--------------------------------------------------------------------------------------------------------------------------------------
Ile ATT   2   2   2   1   2   2 | Thr ACT   0   0   0   0   1   1 | Asn AAT   0   0   0   1   0   0 | Ser AGT   1   1   1   1   1   1
    ATC   1   1   1   2   1   1 |     ACC   3   3   3   3   2   2 |     AAC   3   3   3   2   3   3 |     AGC   2   2   2   2   2   2
    ATA   0   0   0   0   0   0 |     ACA   2   2   2   2   2   2 | Lys AAA   2   2   2   2   2   2 | Arg AGA   0   0   0   0   0   1
Met ATG   2   2   2   2   2   2 |     ACG   0   0   0   0   0   0 |     AAG   3   3   3   3   3   3 |     AGG   0   0   0   0   0   0
--------------------------------------------------------------------------------------------------------------------------------------
Val GTT   1   1   1   1   1   1 | Ala GCT   0   0   0   0   0   0 | Asp GAT   2   2   2   2   2   2 | Gly GGT   0   0   0   0   0   0
    GTC   1   1   1   1   1   1 |     GCC   4   4   4   4   4   4 |     GAC   1   1   1   1   1   1 |     GGC   1   1   1   1   1   1
    GTA   0   0   0   0   0   0 |     GCA   2   3   2   2   3   3 | Glu GAA   2   1   1   1   1   1 |     GGA   0   0   0   0   0   0
    GTG   6   6   6   6   6   6 |     GCG   1   0   1   1   0   0 |     GAG   3   4   4   4   4   4 |     GGG   1   1   1   1   1   1
--------------------------------------------------------------------------------------------------------------------------------------

Codon position x base (3x4) table for each sequence.

#1: Argali         
position  1:    T:0.11538    C:0.29487    A:0.26923    G:0.32051
position  2:    T:0.29487    C:0.26923    A:0.30769    G:0.12821
position  3:    T:0.21795    C:0.30769    A:0.20513    G:0.26923
Average         T:0.20940    C:0.29060    A:0.26068    G:0.23932

#2: LesserMouseDeer
position  1:    T:0.10256    C:0.30769    A:0.26923    G:0.32051
position  2:    T:0.29487    C:0.26923    A:0.30769    G:0.12821
position  3:    T:0.15385    C:0.35897    A:0.17949    G:0.30769
Average         T:0.18376    C:0.31197    A:0.25214    G:0.25214

#3: LesserKudu     
position  1:    T:0.10256    C:0.30769    A:0.26923    G:0.32051
position  2:    T:0.29487    C:0.26923    A:0.30769    G:0.12821
position  3:    T:0.21795    C:0.29487    A:0.17949    G:0.30769
Average         T:0.20513    C:0.29060    A:0.25214    G:0.25214

#4: ForestMuskDeer2
position  1:    T:0.11538    C:0.29487    A:0.26923    G:0.32051
position  2:    T:0.29487    C:0.26923    A:0.30769    G:0.12821
position  3:    T:0.19231    C:0.32051    A:0.19231    G:0.29487
Average         T:0.20085    C:0.29487    A:0.25641    G:0.24786

#5: Camel          
position  1:    T:0.10256    C:0.30769    A:0.26923    G:0.32051
position  2:    T:0.29487    C:0.26923    A:0.30769    G:0.12821
position  3:    T:0.15385    C:0.34615    A:0.15385    G:0.34615
Average         T:0.18376    C:0.30769    A:0.24359    G:0.26496

#6: KillerWhale    
position  1:    T:0.10256    C:0.32051    A:0.25641    G:0.32051
position  2:    T:0.29487    C:0.26923    A:0.30769    G:0.12821
position  3:    T:0.14103    C:0.35897    A:0.16667    G:0.33333
Average         T:0.17949    C:0.31624    A:0.24359    G:0.26068

#7: DefassaWaterbuck
position  1:    T:0.11538    C:0.29487    A:0.26923    G:0.32051
position  2:    T:0.29487    C:0.26923    A:0.30769    G:0.12821
position  3:    T:0.20513    C:0.30769    A:0.17949    G:0.30769
Average         T:0.20513    C:0.29060    A:0.25214    G:0.25214

#8: Sheep          
position  1:    T:0.11538    C:0.29487    A:0.26923    G:0.32051
position  2:    T:0.29487    C:0.26923    A:0.30769    G:0.12821
position  3:    T:0.21795    C:0.30769    A:0.20513    G:0.26923
Average         T:0.20940    C:0.29060    A:0.26068    G:0.23932

#9: MaxwellsDuiker 
position  1:    T:0.10256    C:0.29487    A:0.28205    G:0.32051
position  2:    T:0.29487    C:0.26923    A:0.30769    G:0.12821
position  3:    T:0.20513    C:0.30769    A:0.17949    G:0.30769
Average         T:0.20085    C:0.29060    A:0.25641    G:0.25214

#10: GazellaPrzewalskyi
position  1:    T:0.10256    C:0.30769    A:0.26923    G:0.32051
position  2:    T:0.29487    C:0.26923    A:0.30769    G:0.12821
position  3:    T:0.21795    C:0.32051    A:0.19231    G:0.26923
Average         T:0.20513    C:0.29915    A:0.25641    G:0.23932

#11: MountainNyala  
position  1:    T:0.10256    C:0.30769    A:0.26923    G:0.32051
position  2:    T:0.29487    C:0.26923    A:0.30769    G:0.12821
position  3:    T:0.20513    C:0.30769    A:0.17949    G:0.30769
Average         T:0.20085    C:0.29487    A:0.25214    G:0.25214

#12: MuntiacusMuntjak
position  1:    T:0.10256    C:0.30769    A:0.26923    G:0.32051
position  2:    T:0.29487    C:0.26923    A:0.30769    G:0.12821
position  3:    T:0.21795    C:0.29487    A:0.20513    G:0.28205
Average         T:0.20513    C:0.29060    A:0.26068    G:0.24359

#13: goat           
position  1:    T:0.11538    C:0.29487    A:0.26923    G:0.32051
position  2:    T:0.29487    C:0.26923    A:0.30769    G:0.12821
position  3:    T:0.20513    C:0.30769    A:0.19231    G:0.29487
Average         T:0.20513    C:0.29060    A:0.25641    G:0.24786

#14: AfricanBuffalo 
position  1:    T:0.10256    C:0.30769    A:0.26923    G:0.32051
position  2:    T:0.29487    C:0.26923    A:0.30769    G:0.12821
position  3:    T:0.19231    C:0.32051    A:0.19231    G:0.29487
Average         T:0.19658    C:0.29915    A:0.25641    G:0.24786

#15: Topi           
position  1:    T:0.11538    C:0.29487    A:0.26923    G:0.32051
position  2:    T:0.29487    C:0.26923    A:0.30769    G:0.12821
position  3:    T:0.20513    C:0.30769    A:0.19231    G:0.29487
Average         T:0.20513    C:0.29060    A:0.25641    G:0.24786

#16: CommonDuiker   
position  1:    T:0.10256    C:0.30769    A:0.26923    G:0.32051
position  2:    T:0.29487    C:0.26923    A:0.30769    G:0.12821
position  3:    T:0.20513    C:0.30769    A:0.17949    G:0.30769
Average         T:0.20085    C:0.29487    A:0.25214    G:0.25214

#17: Suni           
position  1:    T:0.10256    C:0.30769    A:0.26923    G:0.32051
position  2:    T:0.29487    C:0.26923    A:0.30769    G:0.12821
position  3:    T:0.19231    C:0.32051    A:0.17949    G:0.30769
Average         T:0.19658    C:0.29915    A:0.25214    G:0.25214

#18: Springbuck     
position  1:    T:0.10256    C:0.30769    A:0.26923    G:0.32051
position  2:    T:0.29487    C:0.26923    A:0.30769    G:0.12821
position  3:    T:0.19231    C:0.32051    A:0.19231    G:0.29487
Average         T:0.19658    C:0.29915    A:0.25641    G:0.24786

#19: Okapi          
position  1:    T:0.11538    C:0.29487    A:0.26923    G:0.32051
position  2:    T:0.29487    C:0.26923    A:0.30769    G:0.12821
position  3:    T:0.19231    C:0.32051    A:0.19231    G:0.29487
Average         T:0.20085    C:0.29487    A:0.25641    G:0.24786

#20: Giraffe        
position  1:    T:0.11538    C:0.29487    A:0.26923    G:0.32051
position  2:    T:0.29487    C:0.26923    A:0.30769    G:0.12821
position  3:    T:0.17949    C:0.32051    A:0.19231    G:0.30769
Average         T:0.19658    C:0.29487    A:0.25641    G:0.25214

#21: TibetanAntelope
position  1:    T:0.12821    C:0.28205    A:0.26923    G:0.32051
position  2:    T:0.29487    C:0.26923    A:0.30769    G:0.12821
position  3:    T:0.20513    C:0.30769    A:0.17949    G:0.30769
Average         T:0.20940    C:0.28632    A:0.25214    G:0.25214

#22: Sitatunga      
position  1:    T:0.10256    C:0.30769    A:0.26923    G:0.32051
position  2:    T:0.29487    C:0.26923    A:0.30769    G:0.12821
position  3:    T:0.20513    C:0.30769    A:0.17949    G:0.30769
Average         T:0.20085    C:0.29487    A:0.25214    G:0.25214

#23: Oribi          
position  1:    T:0.10256    C:0.30769    A:0.26923    G:0.32051
position  2:    T:0.29487    C:0.26923    A:0.30769    G:0.12821
position  3:    T:0.19231    C:0.32051    A:0.19231    G:0.29487
Average         T:0.19658    C:0.29915    A:0.25641    G:0.24786

#24: BarbarySheep   
position  1:    T:0.11538    C:0.29487    A:0.26923    G:0.32051
position  2:    T:0.29487    C:0.26923    A:0.30769    G:0.12821
position  3:    T:0.20513    C:0.30769    A:0.19231    G:0.29487
Average         T:0.20513    C:0.29060    A:0.25641    G:0.24786

#25: Daviddeer      
position  1:    T:0.10256    C:0.30769    A:0.26923    G:0.32051
position  2:    T:0.29487    C:0.26923    A:0.30769    G:0.12821
position  3:    T:0.21795    C:0.29487    A:0.19231    G:0.29487
Average         T:0.20513    C:0.29060    A:0.25641    G:0.24786

#26: Reindeer       
position  1:    T:0.10256    C:0.30769    A:0.26923    G:0.32051
position  2:    T:0.29487    C:0.26923    A:0.30769    G:0.12821
position  3:    T:0.21795    C:0.30769    A:0.19231    G:0.28205
Average         T:0.20513    C:0.29487    A:0.25641    G:0.24359

#27: Ibex           
position  1:    T:0.11538    C:0.29487    A:0.26923    G:0.32051
position  2:    T:0.29487    C:0.26923    A:0.30769    G:0.12821
position  3:    T:0.19231    C:0.30769    A:0.20513    G:0.29487
Average         T:0.20085    C:0.29060    A:0.26068    G:0.24786

#28: GyrantGazelle  
position  1:    T:0.10256    C:0.30769    A:0.26923    G:0.32051
position  2:    T:0.29487    C:0.26923    A:0.30769    G:0.12821
position  3:    T:0.19231    C:0.33333    A:0.17949    G:0.29487
Average         T:0.19658    C:0.30342    A:0.25214    G:0.24786

#29: Hartebeest     
position  1:    T:0.11538    C:0.29487    A:0.26923    G:0.32051
position  2:    T:0.29487    C:0.26923    A:0.30769    G:0.12821
position  3:    T:0.20513    C:0.30769    A:0.17949    G:0.30769
Average         T:0.20513    C:0.29060    A:0.25214    G:0.25214

#30: Bongo          
position  1:    T:0.10256    C:0.30769    A:0.26923    G:0.32051
position  2:    T:0.29487    C:0.26923    A:0.30769    G:0.12821
position  3:    T:0.20513    C:0.30769    A:0.17949    G:0.30769
Average         T:0.20085    C:0.29487    A:0.25214    G:0.25214

#31: Gerenuk        
position  1:    T:0.10256    C:0.30769    A:0.26923    G:0.32051
position  2:    T:0.29487    C:0.26923    A:0.30769    G:0.12821
position  3:    T:0.19231    C:0.32051    A:0.19231    G:0.29487
Average         T:0.19658    C:0.29915    A:0.25641    G:0.24786

#32: CommonEland    
position  1:    T:0.10256    C:0.30769    A:0.26923    G:0.32051
position  2:    T:0.29487    C:0.26923    A:0.30769    G:0.12821
position  3:    T:0.20513    C:0.30769    A:0.17949    G:0.30769
Average         T:0.20085    C:0.29487    A:0.25214    G:0.25214

#33: MuntiacusReevesi
position  1:    T:0.10256    C:0.30769    A:0.26923    G:0.32051
position  2:    T:0.29487    C:0.26923    A:0.30769    G:0.12821
position  3:    T:0.21795    C:0.29487    A:0.19231    G:0.29487
Average         T:0.20513    C:0.29060    A:0.25641    G:0.24786

#34: HarveysDuiker  
position  1:    T:0.10256    C:0.30769    A:0.26923    G:0.32051
position  2:    T:0.29487    C:0.26923    A:0.30769    G:0.12821
position  3:    T:0.19231    C:0.32051    A:0.17949    G:0.30769
Average         T:0.19658    C:0.29915    A:0.25214    G:0.25214

#35: Pronghorn      
position  1:    T:0.10256    C:0.30769    A:0.26923    G:0.32051
position  2:    T:0.29487    C:0.26923    A:0.30769    G:0.12821
position  3:    T:0.20513    C:0.30769    A:0.19231    G:0.29487
Average         T:0.20085    C:0.29487    A:0.25641    G:0.24786

#36: BlueWildebeest 
position  1:    T:0.11538    C:0.29487    A:0.26923    G:0.32051
position  2:    T:0.29487    C:0.26923    A:0.30769    G:0.12821
position  3:    T:0.19231    C:0.32051    A:0.17949    G:0.30769
Average         T:0.20085    C:0.29487    A:0.25214    G:0.25214

#37: Gemsbok        
position  1:    T:0.11538    C:0.29487    A:0.26923    G:0.32051
position  2:    T:0.29487    C:0.26923    A:0.30769    G:0.12821
position  3:    T:0.17949    C:0.33333    A:0.17949    G:0.30769
Average         T:0.19658    C:0.29915    A:0.25214    G:0.25214

#38: Yak            
position  1:    T:0.11538    C:0.29487    A:0.26923    G:0.32051
position  2:    T:0.29487    C:0.26923    A:0.30769    G:0.12821
position  3:    T:0.20513    C:0.32051    A:0.17949    G:0.29487
Average         T:0.20513    C:0.29487    A:0.25214    G:0.24786

#39: BlueSheep      
position  1:    T:0.11538    C:0.29487    A:0.26923    G:0.32051
position  2:    T:0.29487    C:0.26923    A:0.30769    G:0.12821
position  3:    T:0.20513    C:0.30769    A:0.19231    G:0.29487
Average         T:0.20513    C:0.29060    A:0.25641    G:0.24786

#40: BohorReedbuck  
position  1:    T:0.11538    C:0.29487    A:0.26923    G:0.32051
position  2:    T:0.29487    C:0.26923    A:0.30769    G:0.12821
position  3:    T:0.19231    C:0.32051    A:0.17949    G:0.30769
Average         T:0.20085    C:0.29487    A:0.25214    G:0.25214

#41: KirksDik       
position  1:    T:0.11538    C:0.29487    A:0.26923    G:0.32051
position  2:    T:0.29487    C:0.26923    A:0.30769    G:0.12821
position  3:    T:0.19231    C:0.30769    A:0.20513    G:0.29487
Average         T:0.20085    C:0.29060    A:0.26068    G:0.24786

#42: RoeDeer        
position  1:    T:0.10256    C:0.30769    A:0.26923    G:0.32051
position  2:    T:0.29487    C:0.26923    A:0.30769    G:0.12821
position  3:    T:0.21795    C:0.30769    A:0.19231    G:0.28205
Average         T:0.20513    C:0.29487    A:0.25641    G:0.24359

#43: WhiteLippedDeer
position  1:    T:0.10256    C:0.30769    A:0.26923    G:0.32051
position  2:    T:0.29487    C:0.26923    A:0.30769    G:0.12821
position  3:    T:0.20513    C:0.30769    A:0.19231    G:0.29487
Average         T:0.20085    C:0.29487    A:0.25641    G:0.24786

#44: ThomsonGazelle 
position  1:    T:0.10256    C:0.30769    A:0.26923    G:0.32051
position  2:    T:0.29487    C:0.26923    A:0.30769    G:0.12821
position  3:    T:0.19231    C:0.33333    A:0.17949    G:0.29487
Average         T:0.19658    C:0.30342    A:0.25214    G:0.24786

#45: MuntiacusCrinifrons
position  1:    T:0.10256    C:0.30769    A:0.26923    G:0.32051
position  2:    T:0.29487    C:0.26923    A:0.30769    G:0.12821
position  3:    T:0.23077    C:0.28205    A:0.20513    G:0.28205
Average         T:0.20940    C:0.28632    A:0.26068    G:0.24359

#46: WhiteTailedDeer
position  1:    T:0.10256    C:0.30769    A:0.26923    G:0.32051
position  2:    T:0.29487    C:0.26923    A:0.30769    G:0.12821
position  3:    T:0.23077    C:0.29487    A:0.19231    G:0.28205
Average         T:0.20940    C:0.29060    A:0.25641    G:0.24359

#47: Cattle         
position  1:    T:0.10256    C:0.30769    A:0.26923    G:0.32051
position  2:    T:0.29487    C:0.26923    A:0.30769    G:0.12821
position  3:    T:0.20513    C:0.32051    A:0.17949    G:0.29487
Average         T:0.20085    C:0.29915    A:0.25214    G:0.24786

#48: RoyalAntelope  
position  1:    T:0.10256    C:0.30769    A:0.26923    G:0.32051
position  2:    T:0.29487    C:0.26923    A:0.30769    G:0.12821
position  3:    T:0.19231    C:0.32051    A:0.19231    G:0.29487
Average         T:0.19658    C:0.29915    A:0.25641    G:0.24786

#49: Steenbok       
position  1:    T:0.10256    C:0.30769    A:0.26923    G:0.32051
position  2:    T:0.29487    C:0.26923    A:0.30769    G:0.12821
position  3:    T:0.19231    C:0.32051    A:0.17949    G:0.30769
Average         T:0.19658    C:0.29915    A:0.25214    G:0.25214

#50: Impala         
position  1:    T:0.10256    C:0.30769    A:0.26923    G:0.32051
position  2:    T:0.29487    C:0.26923    A:0.30769    G:0.12821
position  3:    T:0.19231    C:0.32051    A:0.19231    G:0.29487
Average         T:0.19658    C:0.29915    A:0.25641    G:0.24786

#51: Klipspringer   
position  1:    T:0.10256    C:0.30769    A:0.26923    G:0.32051
position  2:    T:0.29487    C:0.26923    A:0.30769    G:0.12821
