1
52 1
Argali 0.000000 0.161900 0.022600 0.093000 0.017000 0.000000 0.028400 0.051600 0.016900 0.070400 0.000000 0.040100 0.022600 0.022700 0.028500 0.046200 0.034500 0.019100 0.005700 0.016900 0.057900 0.011200 0.040300 0.051600 0.000000 0.057800 0.022600 0.022600 0.052000 0.022700 0.058500 0.011300 0.089500 0.022700 0.017000 0.034400 0.005600 0.017000 0.040100 0.051900 0.040300 0.051900 0.058600 0.057500 0.034300 0.034300 0.051400 0.028400 0.028600 0.034400 0.028300 0.016900
LesserMous 0.161900 0.000000 0.174500 0.211700 0.161500 0.161900 0.182000 0.195300 0.168000 0.205000 0.161700 0.182500 0.174800 0.175500 0.182600 0.190300 0.190500 0.167500 0.155600 0.168000 0.196000 0.174300 0.183000 0.195100 0.161700 0.203600 0.174800 0.174900 0.197100 0.175300 0.205600 0.162000 0.243700 0.175000 0.168400 0.190000 0.154600 0.161500 0.182700 0.196400 0.183000 0.196800 0.206100 0.201800 0.189700 0.175500 0.180800 0.168300 0.169300 0.190700 0.181300 0.167600
LesserKudu 0.022600 0.174500 0.000000 0.104800 0.028300 0.022600 0.039800 0.063100 0.005600 0.082200 0.022600 0.039900 0.034000 0.034100 0.039900 0.057700 0.034300 0.037400 0.016900 0.005600 0.069500 0.033900 0.051800 0.063100 0.022600 0.069500 0.034000 0.011200 0.063700 0.011200 0.070200 0.022600 0.101500 0.034000 0.028300 0.034200 0.028300 0.028300 0.051600 0.063500 0.051800 0.063600 0.070300 0.069000 0.034100 0.044000 0.062900 0.039900 0.040000 0.046000 0.016800 0.005600
KillerWhal 0.093000 0.211700 0.104800 0.000000 0.092800 0.093000 0.084700 0.110900 0.098800 0.144200 0.092900 0.111500 0.092500 0.092900 0.099100 0.118200 0.099400 0.097700 0.087100 0.098800 0.130400 0.092200 0.111800 0.092200 0.092900 0.130500 0.092500 0.105000 0.111600 0.099000 0.131700 0.080800 0.158400 0.092600 0.099000 0.105500 0.098800 0.092800 0.111600 0.098900 0.111800 0.124300 0.131700 0.085900 0.105300 0.092900 0.110400 0.105100 0.105600 0.093200 0.098500 0.098600
DefassaWat 0.017000 0.161500 0.028300 0.092800 0.000000 0.017000 0.034100 0.057400 0.022600 0.076300 0.016700 0.045900 0.028200 0.028400 0.033000 0.052000 0.040300 0.032500 0.011300 0.022600 0.063700 0.028200 0.045900 0.057400 0.016900 0.063700 0.028200 0.028300 0.057900 0.028400 0.064400 0.017000 0.095500 0.028300 0.022600 0.040100 0.022600 0.000000 0.045900 0.057800 0.045900 0.057800 0.064500 0.063300 0.040100 0.040000 0.057200 0.034100 0.034300 0.040200 0.034000 0.022600
Sheep 0.000000 0.161900 0.022600 0.093000 0.017000 0.000000 0.028400 0.051600 0.016900 0.070400 0.000000 0.040100 0.022600 0.022700 0.028500 0.046200 0.034500 0.019100 0.005700 0.016900 0.057900 0.011200 0.040300 0.051600 0.000000 0.057800 0.022600 0.022600 0.052000 0.022700 0.058500 0.011300 0.089500 0.022700 0.017000 0.034400 0.005600 0.017000 0.040100 0.051900 0.040300 0.051900 0.058600 0.057500 0.034300 0.034300 0.051400 0.028400 0.028600 0.034400 0.028300 0.016900
MaxwellsDu 0.028400 0.182000 0.039800 0.084700 0.034100 0.028400 0.000000 0.057300 0.034000 0.075100 0.028400 0.050400 0.039800 0.028400 0.045900 0.051900 0.044000 0.041300 0.022700 0.034000 0.051700 0.039700 0.046000 0.045500 0.028400 0.063500 0.039800 0.039800 0.045900 0.034100 0.064300 0.016900 0.089200 0.039800 0.034100 0.040100 0.034100 0.034100 0.045900 0.045800 0.046000 0.057700 0.062900 0.051300 0.040000 0.038700 0.045400 0.045800 0.040100 0.025800 0.045600 0.034000
GazellaPrz 0.051600 0.195300 0.063100 0.110900 0.057400 0.051600 0.057300 0.000000 0.057300 0.088200 0.051500 0.045600 0.063200 0.051600 0.069400 0.028300 0.063700 0.068100 0.045800 0.057300 0.039700 0.063000 0.069600 0.081000 0.051500 0.028200 0.063200 0.063200 0.034000 0.063400 0.088500 0.039900 0.120500 0.063200 0.057400 0.051600 0.045600 0.057400 0.022500 0.081500 0.069600 0.034000 0.088600 0.074800 0.051500 0.063400 0.033700 0.057400 0.057600 0.063700 0.069000 0.057200
MountainNy 0.016900 0.168000 0.005600 0.098800 0.022600 0.016900 0.034000 0.057300 0.000000 0.076200 0.016900 0.034200 0.028300 0.028400 0.034200 0.051900 0.028500 0.031600 0.011300 0.000000 0.063600 0.028200 0.046000 0.057300 0.016900 0.063600 0.028300 0.005500 0.057800 0.005600 0.064300 0.016900 0.095400 0.028300 0.022600 0.028500 0.022600 0.022600 0.045800 0.057700 0.046000 0.057700 0.064400 0.063200 0.028400 0.038200 0.057100 0.034100 0.034300 0.040200 0.011000 0.000000
MuntiacusM 0.070400 0.205000 0.082200 0.144200 0.076300 0.070400 0.075100 0.088200 0.076200 0.000000 0.070300 0.076400 0.082200 0.070300 0.076400 0.082900 0.095600 0.088200 0.064500 0.076200 0.095000 0.082000 0.040200 0.051600 0.070300 0.094900 0.082200 0.082300 0.089000 0.082500 0.011300 0.058300 0.115200 0.082300 0.076300 0.082800 0.064100 0.076300 0.076400 0.051900 0.040200 0.088800 0.011400 0.057400 0.082700 0.082600 0.087900 0.064100 0.076700 0.083000 0.088300 0.076100
goat 0.000000 0.161700 0.022600 0.092900 0.016700 0.000000 0.028400 0.051500 0.016900 0.070300 0.000000 0.040100 0.022100 0.022700 0.028400 0.046100 0.034500 0.019300 0.005600 0.016900 0.057800 0.011200 0.040100 0.051600 0.000000 0.057700 0.022300 0.022600 0.052000 0.022700 0.058400 0.011300 0.089400 0.022600 0.016600 0.034300 0.005600 0.016700 0.040100 0.051900 0.040100 0.051900 0.058500 0.057400 0.034300 0.034200 0.051400 0.028300 0.028500 0.034400 0.028300 0.016900
AfricanBuf 0.040100 0.182500 0.039900 0.111500 0.045900 0.040100 0.050400 0.045600 0.034200 0.076400 0.040100 0.000000 0.051700 0.040100 0.057800 0.040200 0.052200 0.056600 0.034400 0.034200 0.051800 0.051500 0.058000 0.069400 0.040100 0.051800 0.051700 0.040000 0.046000 0.040100 0.076700 0.028500 0.108400 0.051700 0.045900 0.005600 0.034200 0.045900 0.034200 0.069900 0.058000 0.045900 0.076800 0.075300 0.005600 0.051900 0.045500 0.045900 0.046100 0.052100 0.045700 0.034100
Topi 0.022600 0.174800 0.034000 0.092500 0.028200 0.022600 0.039800 0.063200 0.028300 0.082200 0.022100 0.051700 0.000000 0.034100 0.039800 0.057800 0.046000 0.038400 0.016700 0.028300 0.069500 0.033900 0.051700 0.063200 0.022100 0.069500 0.000000 0.034000 0.063700 0.034100 0.070300 0.022600 0.101600 0.011200 0.027800 0.045900 0.028200 0.027700 0.051700 0.063600 0.051700 0.063600 0.070300 0.069100 0.045800 0.045700 0.063000 0.039200 0.034200 0.046000 0.039700 0.028200
CommonDuik 0.022700 0.175500 0.034100 0.092900 0.028400 0.022700 0.028400 0.051600 0.028400 0.070300 0.022700 0.040100 0.034100 0.000000 0.040100 0.046100 0.046200 0.038100 0.017000 0.028400 0.057800 0.034000 0.040200 0.051600 0.022700 0.057700 0.034100 0.034100 0.051900 0.034200 0.058400 0.011300 0.076900 0.022600 0.028400 0.034400 0.028400 0.028400 0.040100 0.051900 0.040200 0.051900 0.058500 0.057400 0.034300 0.034300 0.051400 0.040000 0.040200 0.034400 0.039900 0.028300
Suni 0.028500 0.182600 0.039900 0.099100 0.033000 0.028500 0.045900 0.069400 0.034200 0.076400 0.028400 0.057800 0.039800 0.040100 0.000000 0.064100 0.052200 0.044700 0.022700 0.034200 0.075900 0.028300 0.045100 0.057400 0.028400 0.075900 0.039800 0.040000 0.070000 0.040100 0.064400 0.028500 0.108400 0.040000 0.034100 0.052000 0.034100 0.034100 0.057900 0.057800 0.046000 0.069900 0.064500 0.063300 0.052000 0.051900 0.069200 0.034100 0.046100 0.052200 0.034100 0.034100
Springbuck 0.046200 0.190300 0.057700 0.118200 0.052000 0.046200 0.051900 0.028300 0.051900 0.082900 0.046100 0.040200 0.057800 0.046100 0.064100 0.000000 0.070500 0.062600 0.040400 0.051900 0.034300 0.057600 0.064300 0.075700 0.046100 0.011200 0.057800 0.057800 0.005500 0.058000 0.083100 0.034400 0.115100 0.057800 0.052000 0.046200 0.040100 0.052000 0.017000 0.076200 0.064300 0.005600 0.083300 0.081700 0.046100 0.058000 0.028200 0.052000 0.052200 0.058300 0.063700 0.051800
Okapi 0.034500 0.190500 0.034300 0.099400 0.040300 0.034500 0.044000 0.063700 0.028500 0.095600 0.034500 0.052200 0.046000 0.046200 0.052200 0.070500 0.000000 0.040500 0.028700 0.028500 0.082400 0.045900 0.064400 0.069800 0.034500 0.082400 0.046000 0.034400 0.070400 0.022700 0.083300 0.034500 0.108500 0.046100 0.040300 0.046400 0.040300 0.040300 0.064200 0.070300 0.064400 0.076400 0.083500 0.063600 0.046300 0.058200 0.069600 0.052100 0.040300 0.052400 0.040100 0.028500
Giraffe 0.019100 0.167500 0.037400 0.097700 0.032500 0.019100 0.041300 0.068100 0.031600 0.088200 0.019300 0.056600 0.038400 0.038100 0.044700 0.062600 0.040500 0.000000 0.020300 0.031600 0.074700 0.031200 0.057000 0.068400 0.019300 0.074800 0.038400 0.037700 0.068700 0.037800 0.075600 0.025900 0.108100 0.038700 0.032500 0.050400 0.025500 0.032500 0.056400 0.068800 0.057000 0.068700 0.075900 0.074400 0.050500 0.038500 0.068000 0.044500 0.044600 0.038800 0.043600 0.031300
TibetanAnt 0.005700 0.155600 0.016900 0.087100 0.011300 0.005700 0.022700 0.045800 0.011300 0.064500 0.005600 0.034400 0.016700 0.017000 0.022700 0.040400 0.028700 0.020300 0.000000 0.011300 0.052100 0.016900 0.034400 0.045900 0.005600 0.052000 0.016700 0.017000 0.046200 0.017000 0.052600 0.005600 0.083500 0.017000 0.011300 0.028600 0.011100 0.011100 0.034400 0.046200 0.034400 0.046200 0.052700 0.051700 0.028600 0.028600 0.045700 0.022700 0.022900 0.028700 0.022700 0.011300
Sitatunga 0.016900 0.168000 0.005600 0.098800 0.022600 0.016900 0.034000 0.057300 0.000000 0.076200 0.016900 0.034200 0.028300 0.028400 0.034200 0.051900 0.028500 0.031600 0.011300 0.000000 0.063600 0.028200 0.046000 0.057300 0.016900 0.063600 0.028300 0.005500 0.057800 0.005500 0.064300 0.016900 0.095400 0.028300 0.022600 0.028500 0.022600 0.022600 0.045800 0.057700 0.046000 0.057700 0.064400 0.063200 0.028400 0.038200 0.057100 0.034100 0.034300 0.040200 0.011200 0.000000
Oribi 0.057900 0.196000 0.069500 0.130400 0.063700 0.057900 0.051700 0.039700 0.063600 0.095000 0.057800 0.051800 0.069500 0.057800 0.075900 0.034300 0.082400 0.074700 0.052100 0.063600 0.000000 0.069400 0.076200 0.087600 0.057800 0.045800 0.069500 0.069600 0.040000 0.069800 0.095300 0.046000 0.127700 0.069600 0.063700 0.057900 0.051700 0.063700 0.028400 0.088200 0.076200 0.040000 0.095400 0.093600 0.057800 0.069800 0.039600 0.063700 0.064000 0.070200 0.075500 0.063500
BarbaryShe 0.011200 0.174300 0.033900 0.092200 0.028200 0.011200 0.039700 0.063000 0.028200 0.082000 0.011200 0.051500 0.033900 0.034000 0.028300 0.057600 0.045900 0.031200 0.016900 0.028200 0.069400 0.000000 0.051700 0.063000 0.011200 0.069300 0.033900 0.033900 0.063500 0.034000 0.070000 0.022600 0.101300 0.033900 0.028200 0.045800 0.016800 0.028200 0.051500 0.063400 0.051700 0.063400 0.070100 0.068900 0.045700 0.034000 0.062800 0.039800 0.039900 0.045900 0.028100 0.028100
Daviddeer 0.040300 0.183000 0.051800 0.111800 0.045900 0.040300 0.046000 0.069600 0.046000 0.040200 0.040100 0.058000 0.051700 0.040200 0.045100 0.064300 0.064400 0.057000 0.034400 0.046000 0.076200 0.051700 0.000000 0.022500 0.039300 0.076100 0.051400 0.051900 0.070200 0.052000 0.028600 0.028600 0.095900 0.051900 0.046300 0.052200 0.045900 0.045500 0.058000 0.022600 0.000000 0.070100 0.028700 0.028200 0.052100 0.052000 0.069400 0.045900 0.058200 0.052300 0.057700 0.045900
Reindeer 0.051600 0.195100 0.063100 0.092200 0.057400 0.051600 0.045500 0.081000 0.057300 0.051600 0.051600 0.069400 0.063200 0.051600 0.057400 0.075700 0.069800 0.068400 0.045900 0.057300 0.087600 0.063000 0.022500 0.000000 0.051600 0.087600 0.063200 0.063200 0.069500 0.057400 0.040000 0.039900 0.101200 0.063200 0.057400 0.063600 0.057300 0.057400 0.069400 0.011000 0.022500 0.081600 0.040000 0.005500 0.063500 0.063400 0.068700 0.045500 0.063600 0.051700 0.069000 0.057200
Ibex 0.000000 0.161700 0.022600 0.092900 0.016900 0.000000 0.028400 0.051500 0.016900 0.070300 0.000000 0.040100 0.022100 0.022700 0.028400 0.046100 0.034500 0.019300 0.005600 0.016900 0.057800 0.011200 0.039300 0.051600 0.000000 0.057700 0.022500 0.022600 0.052000 0.022700 0.058400 0.011300 0.089400 0.022600 0.016900 0.034300 0.005600 0.016900 0.040100 0.051900 0.040100 0.051900 0.058500 0.057400 0.034300 0.034200 0.051400 0.028300 0.028500 0.034400 0.028300 0.016900
GyrantGaze 0.057800 0.203600 0.069500 0.130500 0.063700 0.057800 0.063500 0.028200 0.063600 0.094900 0.057700 0.051800 0.069500 0.057700 0.075900 0.011200 0.082400 0.074800 0.052000 0.063600 0.045800 0.069300 0.076100 0.087600 0.057700 0.000000 0.069500 0.069600 0.016800 0.069700 0.095200 0.046000 0.127500 0.069600 0.063700 0.057800 0.051700 0.063700 0.027800 0.088100 0.076100 0.005500 0.095400 0.093600 0.057800 0.069800 0.039300 0.063600 0.063900 0.070100 0.075400 0.063400
Hartebeest 0.022600 0.174800 0.034000 0.092500 0.028200 0.022600 0.039800 0.063200 0.028300 0.082200 0.022300 0.051700 0.000000 0.034100 0.039800 0.057800 0.046000 0.038400 0.016700 0.028300 0.069500 0.033900 0.051400 0.063200 0.022500 0.069500 0.000000 0.034000 0.063700 0.034100 0.070300 0.022600 0.101600 0.011200 0.027500 0.045900 0.028200 0.027800 0.051700 0.063600 0.051700 0.063600 0.070300 0.069100 0.045800 0.045700 0.063000 0.039800 0.034200 0.046000 0.039700 0.028200
Bongo 0.022600 0.174900 0.011200 0.105000 0.028300 0.022600 0.039800 0.063200 0.005500 0.082300 0.022600 0.040000 0.034000 0.034100 0.040000 0.057800 0.034400 0.037700 0.017000 0.005500 0.069600 0.033900 0.051900 0.063200 0.022600 0.069600 0.034000 0.000000 0.063700 0.011000 0.070300 0.022600 0.101700 0.034100 0.028300 0.034200 0.028300 0.028300 0.051700 0.063600 0.051900 0.063600 0.070400 0.069100 0.034200 0.044200 0.063000 0.039900 0.040100 0.046000 0.016500 0.005600
Gerenuk 0.052000 0.197100 0.063700 0.111600 0.057900 0.052000 0.045900 0.034000 0.057800 0.089000 0.052000 0.046000 0.063700 0.051900 0.070000 0.005500 0.070400 0.068700 0.046200 0.057800 0.040000 0.063500 0.070200 0.069500 0.052000 0.016800 0.063700 0.063700 0.000000 0.057900 0.089300 0.040200 0.114900 0.063800 0.057900 0.052000 0.046000 0.057900 0.022700 0.069900 0.070200 0.011200 0.089400 0.075400 0.052000 0.063900 0.022400 0.057900 0.052100 0.052200 0.069600 0.057700
CommonElan 0.022700 0.175300 0.011200 0.099000 0.028400 0.022700 0.034100 0.063400 0.005600 0.082500 0.022700 0.040100 0.034100 0.034200 0.040100 0.058000 0.022700 0.037800 0.017000 0.005500 0.069800 0.034000 0.052000 0.057400 0.022700 0.069700 0.034100 0.011000 0.057900 0.000000 0.070500 0.022700 0.095200 0.034100 0.028400 0.034300 0.028400 0.028400 0.051900 0.057800 0.052000 0.063800 0.070600 0.063300 0.034300 0.044300 0.057200 0.040000 0.028400 0.040300 0.016400 0.005600
MuntiacusR 0.058500 0.205600 0.070200 0.131700 0.064400 0.058500 0.064300 0.088500 0.064300 0.011300 0.058400 0.076700 0.070300 0.058400 0.064400 0.083100 0.083300 0.075600 0.052600 0.064300 0.095300 0.070000 0.028600 0.040000 0.058400 0.095200 0.070300 0.070300 0.089300 0.070500 0.000000 0.046500 0.102700 0.070300 0.064400 0.070700 0.064300 0.064400 0.076700 0.040200 0.028600 0.089100 0.000100 0.045800 0.070600 0.070500 0.088200 0.064300 0.076900 0.070900 0.076200 0.064100
HarveysDui 0.011300 0.162000 0.022600 0.080800 0.017000 0.011300 0.016900 0.039900 0.016900 0.058300 0.011300 0.028500 0.022600 0.011300 0.028500 0.034400 0.034500 0.025900 0.005600 0.016900 0.046000 0.022600 0.028600 0.039900 0.011300 0.046000 0.022600 0.022600 0.040200 0.022700 0.046500 0.000000 0.077100 0.022600 0.017000 0.022800 0.016900 0.017000 0.028500 0.040100 0.028600 0.040100 0.046500 0.045700 0.022700 0.022700 0.039800 0.028400 0.028600 0.022800 0.028300 0.016900
Pronghorn 0.089500 0.243700 0.101500 0.158400 0.095500 0.089500 0.089200 0.120500 0.095400 0.115200 0.089400 0.108400 0.101600 0.076900 0.108400 0.115100 0.108500 0.108100 0.083500 0.095400 0.127700 0.101300 0.095900 0.101200 0.089400 0.127500 0.101600 0.101700 0.114900 0.095200 0.102700 0.077100 0.000000 0.101700 0.095600 0.102300 0.095500 0.095500 0.101500 0.101900 0.095900 0.121200 0.102900 0.107400 0.102200 0.102000 0.100900 0.108200 0.101900 0.096200 0.107700 0.095200
BlueWildeb 0.022700 0.175000 0.034000 0.092600 0.028300 0.022700 0.039800 0.063200 0.028300 0.082300 0.022600 0.051700 0.011200 0.022600 0.040000 0.057800 0.046100 0.038700 0.017000 0.028300 0.069600 0.033900 0.051900 0.063200 0.022600 0.069600 0.011200 0.034100 0.063800 0.034100 0.070300 0.022600 0.101700 0.000000 0.028300 0.045900 0.028300 0.028300 0.051700 0.063600 0.051900 0.063700 0.070400 0.069100 0.045900 0.045800 0.063000 0.039900 0.034300 0.046000 0.039800 0.028200
Gemsbok 0.017000 0.168400 0.028300 0.099000 0.022600 0.017000 0.034100 0.057400 0.022600 0.076300 0.016600 0.045900 0.027800 0.028400 0.034100 0.052000 0.040300 0.032500 0.011300 0.022600 0.063700 0.028200 0.046300 0.057400 0.016900 0.063700 0.027500 0.028300 0.057900 0.028400 0.064400 0.017000 0.095600 0.028300 0.000000 0.040200 0.022600 0.022600 0.045900 0.057800 0.045900 0.057800 0.064500 0.063300 0.040100 0.040000 0.057200 0.034100 0.034300 0.040200 0.034000 0.022600
Yak 0.034400 0.190000 0.034200 0.105500 0.040100 0.034400 0.040100 0.051600 0.028500 0.082800 0.034300 0.005600 0.045900 0.034400 0.052000 0.046200 0.046400 0.050400 0.028600 0.028500 0.057900 0.045800 0.052200 0.063600 0.034300 0.057800 0.045900 0.034200 0.052000 0.034300 0.070700 0.022800 0.102300 0.045900 0.040200 0.000000 0.040100 0.040100 0.040200 0.064000 0.052200 0.052000 0.070900 0.069500 0.000000 0.046100 0.051500 0.051900 0.052200 0.046300 0.040000 0.028400
BlueSheep 0.005600 0.154600 0.028300 0.098800 0.022600 0.005600 0.034100 0.045600 0.022600 0.064100 0.005600 0.034200 0.028200 0.028400 0.034100 0.040100 0.040300 0.025500 0.011100 0.022600 0.051700 0.016800 0.045900 0.057300 0.005600 0.051700 0.028200 0.028300 0.046000 0.028400 0.064300 0.016900 0.095500 0.028300 0.022600 0.040100 0.000000 0.022600 0.034200 0.057700 0.045900 0.045900 0.064400 0.063200 0.040000 0.040000 0.045400 0.022400 0.022700 0.040200 0.034000 0.022500
BohorReedb 0.017000 0.161500 0.028300 0.092800 0.000000 0.017000 0.034100 0.057400 0.022600 0.076300 0.016700 0.045900 0.027700 0.028400 0.034100 0.052000 0.040300 0.032500 0.011100 0.022600 0.063700 0.028200 0.045500 0.057400 0.016900 0.063700 0.027800 0.028300 0.057900 0.028400 0.064400 0.017000 0.095500 0.028300 0.022600 0.040100 0.022600 0.000000 0.045900 0.057800 0.045900 0.057800 0.064500 0.063300 0.040100 0.040000 0.057200 0.034100 0.034300 0.040200 0.034000 0.022600
KirksDik 0.040100 0.182700 0.051600 0.111600 0.045900 0.040100 0.045900 0.022500 0.045800 0.076400 0.040100 0.034200 0.051700 0.040100 0.057900 0.017000 0.064200 0.056400 0.034400 0.045800 0.028400 0.051500 0.058000 0.069400 0.040100 0.027800 0.051700 0.051700 0.022700 0.051900 0.076700 0.028500 0.101500 0.051700 0.045900 0.040200 0.034200 0.045900 0.000000 0.069900 0.058000 0.022200 0.076800 0.075400 0.040100 0.051900 0.022400 0.045900 0.046100 0.052100 0.057500 0.045700
RoeDeer 0.051900 0.196400 0.063500 0.098900 0.057800 0.051900 0.045800 0.081500 0.057700 0.051900 0.051900 0.069900 0.063600 0.051900 0.057800 0.076200 0.070300 0.068800 0.046200 0.057700 0.088200 0.063400 0.022600 0.011000 0.051900 0.088100 0.063600 0.063600 0.069900 0.057800 0.040200 0.040100 0.101900 0.063600 0.057800 0.064000 0.057700 0.057800 0.069900 0.000000 0.022600 0.082100 0.040300 0.016500 0.063900 0.063800 0.069100 0.057700 0.064000 0.052100 0.069500 0.057600
WhiteLippe 0.040300 0.183000 0.051800 0.111800 0.045900 0.040300 0.046000 0.069600 0.046000 0.040200 0.040100 0.058000 0.051700 0.040200 0.046000 0.064300 0.064400 0.057000 0.034400 0.046000 0.076200 0.051700 0.000000 0.022500 0.040100 0.076100 0.051700 0.051900 0.070200 0.052000 0.028600 0.028600 0.095900 0.051900 0.045900 0.052200 0.045900 0.045900 0.058000 0.022600 0.000000 0.070100 0.028700 0.028200 0.052100 0.052000 0.069400 0.045900 0.058200 0.052300 0.057700 0.045900
ThomsonGaz 0.051900 0.196800 0.063600 0.124300 0.057800 0.051900 0.057700 0.034000 0.057700 0.088800 0.051900 0.045900 0.063600 0.051900 0.069900 0.005600 0.076400 0.068700 0.046200 0.057700 0.040000 0.063400 0.070100 0.081600 0.051900 0.005500 0.063600 0.063600 0.011200 0.063800 0.089100 0.040100 0.121200 0.063700 0.057800 0.052000 0.045900 0.057800 0.022200 0.082100 0.070100 0.000000 0.089300 0.087600 0.051900 0.063800 0.033800 0.057800 0.058000 0.064200 0.069500 0.057600
MuntiacusC 0.058600 0.206100 0.070300 0.131700 0.064500 0.058600 0.062900 0.088600 0.064400 0.011400 0.058500 0.076800 0.070300 0.058500 0.064500 0.083300 0.083500 0.075900 0.052700 0.064400 0.095400 0.070100 0.028700 0.040000 0.058500 0.095400 0.070300 0.070400 0.089400 0.070600 0.000100 0.046500 0.102900 0.070400 0.064500 0.070900 0.064400 0.064500 0.076800 0.040300 0.028700 0.089300 0.000000 0.045800 0.070700 0.070600 0.088300 0.064400 0.077000 0.071000 0.076300 0.064200
WhiteTaile 0.057500 0.201800 0.069000 0.085900 0.063300 0.057500 0.051300 0.074800 0.063200 0.057400 0.057400 0.075300 0.069100 0.057400 0.063300 0.081700 0.063600 0.074400 0.051700 0.063200 0.093600 0.068900 0.028200 0.005500 0.057400 0.093600 0.069100 0.069100 0.075400 0.063300 0.045800 0.045700 0.107400 0.069100 0.063300 0.069500 0.063200 0.063300 0.075400 0.016500 0.028200 0.087600 0.045800 0.000000 0.069400 0.069300 0.074600 0.051300 0.069500 0.057600 0.074900 0.063000
Cattle 0.034300 0.189700 0.034100 0.105300 0.040100 0.034300 0.040000 0.051500 0.028400 0.082700 0.034300 0.005600 0.045800 0.034300 0.052000 0.046100 0.046300 0.050500 0.028600 0.028400 0.057800 0.045700 0.052100 0.063500 0.034300 0.057800 0.045800 0.034200 0.052000 0.034300 0.070600 0.022700 0.102200 0.045900 0.040100 0.000000 0.040000 0.040100 0.040100 0.063900 0.052100 0.051900 0.070700 0.069400 0.000000 0.046000 0.051400 0.051800 0.052100 0.046200 0.039900 0.028400
RoyalAntel 0.034300 0.175500 0.044000 0.092900 0.040000 0.034300 0.038700 0.063400 0.038200 0.082600 0.034200 0.051900 0.045700 0.034300 0.051900 0.058000 0.058200 0.038500 0.028600 0.038200 0.069800 0.034000 0.052000 0.063400 0.034200 0.069800 0.045700 0.044200 0.063900 0.044300 0.070500 0.022700 0.102000 0.045800 0.040000 0.046100 0.040000 0.040000 0.051900 0.063800 0.052000 0.063800 0.070600 0.069300 0.046000 0.000000 0.063200 0.051800 0.052000 0.046200 0.050100 0.038000
Steenbok 0.051400 0.180800 0.062900 0.110400 0.057200 0.051400 0.045400 0.033700 0.057100 0.087900 0.051400 0.045500 0.063000 0.051400 0.069200 0.028200 0.069600 0.068000 0.045700 0.057100 0.039600 0.062800 0.069400 0.068700 0.051400 0.039300 0.063000 0.063000 0.022400 0.057200 0.088200 0.039800 0.100900 0.063000 0.057200 0.051500 0.045400 0.057200 0.022400 0.069100 0.069400 0.033800 0.088300 0.074600 0.051400 0.063200 0.000000 0.057200 0.051500 0.051500 0.068800 0.057000
Impala 0.028400 0.168300 0.039900 0.105100 0.034100 0.028400 0.045800 0.057400 0.034100 0.064100 0.028300 0.045900 0.039200 0.040000 0.034100 0.052000 0.052100 0.044500 0.022700 0.034100 0.063700 0.039800 0.045900 0.045500 0.028300 0.063600 0.039800 0.039900 0.057900 0.040000 0.064300 0.028400 0.108200 0.039900 0.034100 0.051900 0.022400 0.034100 0.045900 0.057700 0.045900 0.057800 0.064400 0.051300 0.051800 0.051800 0.057200 0.000000 0.034300 0.052000 0.045600 0.034000
Klipspring 0.028600 0.169300 0.040000 0.105600 0.034300 0.028600 0.040100 0.057600 0.034300 0.076700 0.028500 0.046100 0.034200 0.040200 0.046100 0.052200 0.040300 0.044600 0.022900 0.034300 0.064000 0.039900 0.058200 0.063600 0.028500 0.063900 0.034200 0.040100 0.052100 0.028400 0.076900 0.028600 0.101900 0.034300 0.034300 0.052200 0.022700 0.034300 0.046100 0.064000 0.058200 0.058000 0.077000 0.069500 0.052100 0.052000 0.051500 0.034300 0.000000 0.046300 0.045900 0.034200
ForestMusk 0.034400 0.190700 0.046000 0.093200 0.040200 0.034400 0.025800 0.063700 0.040200 0.083000 0.034400 0.052100 0.046000 0.034400 0.052200 0.058300 0.052400 0.038800 0.028700 0.040200 0.070200 0.045900 0.052300 0.051700 0.034400 0.070100 0.046000 0.046000 0.052200 0.040300 0.070900 0.022800 0.096200 0.046000 0.040200 0.046300 0.040200 0.040200 0.052100 0.052100 0.052300 0.064200 0.071000 0.057600 0.046200 0.046200 0.051500 0.052000 0.046300 0.000000 0.051800 0.040100
Bushbuck 0.028300 0.181300 0.016800 0.098500 0.034000 0.028300 0.045600 0.069000 0.011000 0.088300 0.028300 0.045700 0.039700 0.039900 0.034100 0.063700 0.040100 0.043600 0.022700 0.011200 0.075500 0.028100 0.057700 0.069000 0.028300 0.075400 0.039700 0.016500 0.069600 0.016400 0.076200 0.028300 0.107700 0.039800 0.034000 0.040000 0.034000 0.034000 0.057500 0.069500 0.057700 0.069500 0.076300 0.074900 0.039900 0.050100 0.068800 0.045600 0.045900 0.051800 0.000000 0.011200
GreaterKud 0.016900 0.167600 0.005600 0.098600 0.022600 0.016900 0.034000 0.057200 0.000000 0.076100 0.016900 0.034100 0.028200 0.028300 0.034100 0.051800 0.028500 0.031300 0.011300 0.000000 0.063500 0.028100 0.045900 0.057200 0.016900 0.063400 0.028200 0.005600 0.057700 0.005600 0.064100 0.016900 0.095200 0.028200 0.022600 0.028400 0.022500 0.022600 0.045700 0.057600 0.045900 0.057600 0.064200 0.063000 0.028400 0.038000 0.057000 0.034000 0.034200 0.040100 0.011200 0.000000
