CODONML (in paml version 4.10.7, June 2023)  /home/rachel/ruminants_paml/6406-phy-tree/ENSBTAT00000025544.fasta.phy
Model: free dN/dS Ratios for branches,  kappa = 2.000 fixed

Codon frequency model: F3x4
ns =  54  ls =  91

Codon usage in sequences
--------------------------------------------------------------------------------------------------------------------------------------
Phe TTT   2   1   1   1   1   1 | Ser TCT   3   2   3   3   1   3 | Tyr TAT   2   3   3   3   3   2 | Cys TGT   2   2   2   2   2   2
    TTC   0   0   0   1   0   0 |     TCC   4   5   4   4   5   4 |     TAC   2   2   2   2   2   3 |     TGC   0   0   0   0   0   0
Leu TTA   2   2   2   2   1   2 |     TCA   0   0   0   0   1   0 | *** TAA   0   0   0   0   0   0 | *** TGA   0   0   0   0   0   0
    TTG   1   1   1   1   1   1 |     TCG   0   0   0   0   0   0 |     TAG   0   0   0   0   0   0 | Trp TGG   1   1   1   1   1   1
--------------------------------------------------------------------------------------------------------------------------------------
Leu CTT   1   1   1   1   1   1 | Pro CCT   3   2   2   2   2   2 | His CAT   1   2   1   2   1   1 | Arg CGT   0   0   0   0   1   0
    CTC   3   2   3   2   3   2 |     CCC   3   4   4   4   4   5 |     CAC   4   3   4   3   4   4 |     CGC   1   1   1   1   0   1
    CTA   0   1   0   0   1   0 |     CCA   3   2   2   3   2   2 | Gln CAA   4   4   4   4   4   4 |     CGA   0   0   0   0   0   0
    CTG   3   3   3   3   3   3 |     CCG   0   1   1   0   1   1 |     CAG   2   2   2   2   2   2 |     CGG   0   0   0   0   0   0
--------------------------------------------------------------------------------------------------------------------------------------
Ile ATT   2   2   2   2   2   2 | Thr ACT   1   0   1   1   1   0 | Asn AAT   1   1   1   1   0   1 | Ser AGT   2   2   2   2   2   2
    ATC   1   1   1   1   1   1 |     ACC   0   1   0   0   0   1 |     AAC   1   1   1   1   2   1 |     AGC   1   1   1   1   1   1
    ATA   0   0   0   0   0   0 |     ACA   1   2   1   2   1   2 | Lys AAA   2   2   2   2   2   2 | Arg AGA   2   1   2   2   1   1
Met ATG   4   4   4   4   4   4 |     ACG   1   0   1   0   1   0 |     AAG   3   3   3   3   3   3 |     AGG   0   1   0   0   1   1
--------------------------------------------------------------------------------------------------------------------------------------
Val GTT   1   1   1   1   1   1 | Ala GCT   1   1   1   1   1   1 | Asp GAT   2   2   2   2   2   2 | Gly GGT   0   0   0   0   0   0
    GTC   2   2   2   2   3   3 |     GCC   0   1   0   1   1   1 |     GAC   2   2   2   2   2   2 |     GGC   1   1   1   1   1   1
    GTA   1   0   0   1   0   0 |     GCA   4   3   4   3   2   2 | Glu GAA   3   3   3   3   3   3 |     GGA   0   0   0   0   0   0
    GTG   3   4   4   3   3   3 |     GCG   0   0   0   0   1   1 |     GAG   1   1   1   1   1   1 |     GGG   1   1   1   1   1   1
--------------------------------------------------------------------------------------------------------------------------------------

--------------------------------------------------------------------------------------------------------------------------------------
Phe TTT   1   1   1   1   1   1 | Ser TCT   3   3   3   3   3   3 | Tyr TAT   3   3   3   3   3   1 | Cys TGT   2   2   2   2   2   2
    TTC   0   0   0   0   0   0 |     TCC   4   4   4   4   4   4 |     TAC   2   2   2   2   2   4 |     TGC   0   0   0   0   0   0
Leu TTA   2   2   2   2   2   1 |     TCA   0   0   0   0   0   0 | *** TAA   0   0   0   0   0   0 | *** TGA   0   0   0   0   0   0
    TTG   1   1   1   1   1   1 |     TCG   0   0   0   0   0   0 |     TAG   0   0   0   0   0   0 | Trp TGG   1   1   1   1   1   1
--------------------------------------------------------------------------------------------------------------------------------------
Leu CTT   1   1   1   1   1   1 | Pro CCT   2   3   2   2   2   2 | His CAT   1   1   1   0   2   1 | Arg CGT   0   0   0   0   0   0
    CTC   3   3   4   3   3   3 |     CCC   4   3   4   4   4   4 |     CAC   4   4   4   5   3   4 |     CGC   1   1   1   1   1   1
    CTA   0   0   0   0   0   1 |     CCA   3   3   3   3   2   3 | Gln CAA   4   4   4   4   4   4 |     CGA   0   0   0   0   0   0
    CTG   3   3   2   3   3   3 |     CCG   0   0   0   0   1   0 |     CAG   2   2   2   2   2   2 |     CGG   0   0   0   0   0   0
--------------------------------------------------------------------------------------------------------------------------------------
Ile ATT   2   2   2   2   2   2 | Thr ACT   1   1   1   1   1   1 | Asn AAT   1   1   1   1   1   0 | Ser AGT   2   2   2   2   2   1
    ATC   1   1   1   1   1   1 |     ACC   0   0   0   0   0   0 |     AAC   1   1   1   1   1   2 |     AGC   1   1   1   1   1   2
    ATA   0   0   0   0   0   0 |     ACA   1   1   1   1   1   1 | Lys AAA   2   2   2   2   2   1 | Arg AGA   2   2   2   2   2   2
Met ATG   4   4   4   4   4   4 |     ACG   1   1   1   1   1   1 |     AAG   3   3   3   3   3   4 |     AGG   0   0   0   0   0   0
--------------------------------------------------------------------------------------------------------------------------------------
Val GTT   1   1   1   1   1   1 | Ala GCT   1   1   1   1   1   2 | Asp GAT   2   2   2   2   2   2 | Gly GGT   0   0   0   0   0   0
    GTC   2   2   2   2   2   2 |     GCC   0   0   0   0   0   1 |     GAC   2   2   2   2   2   2 |     GGC   1   1   1   1   1   1
    GTA   1   1   1   1   0   1 |     GCA   4   4   4   4   4   2 | Glu GAA   3   3   3   3   3   3 |     GGA   0   0   0   0   0   0
    GTG   3   3   3   3   4   3 |     GCG   0   0   0   0   0   0 |     GAG   1   1   1   1   1   1 |     GGG   1   1   1   1   1   1
--------------------------------------------------------------------------------------------------------------------------------------

--------------------------------------------------------------------------------------------------------------------------------------
Phe TTT   1   1   1   1   1   1 | Ser TCT   3   3   3   3   3   3 | Tyr TAT   3   3   3   3   3   3 | Cys TGT   2   2   2   2   2   2
    TTC   0   0   0   0   0   0 |     TCC   4   4   4   4   4   4 |     TAC   2   2   2   2   2   2 |     TGC   0   0   0   0   0   0
Leu TTA   2   2   2   2   2   2 |     TCA   0   0   0   0   0   0 | *** TAA   0   0   0   0   0   0 | *** TGA   0   0   0   0   0   0
    TTG   1   1   1   1   1   1 |     TCG   0   0   0   0   0   0 |     TAG   0   0   0   0   0   0 | Trp TGG   1   1   1   1   1   1
--------------------------------------------------------------------------------------------------------------------------------------
Leu CTT   1   1   1   1   1   1 | Pro CCT   3   2   3   2   2   2 | His CAT   1   1   1   1   1   1 | Arg CGT   0   0   0   0   0   0
    CTC   3   3   3   4   3   3 |     CCC   3   4   3   4   4   4 |     CAC   4   4   4   4   4   4 |     CGC   1   1   1   1   1   1
    CTA   0   0   0   0   0   0 |     CCA   3   3   3   3   3   3 | Gln CAA   4   4   4   4   4   4 |     CGA   0   0   0   0   0   0
    CTG   3   3   3   2   3   3 |     CCG   0   0   0   0   0   0 |     CAG   2   2   2   2   2   2 |     CGG   0   0   0   0   0   0
--------------------------------------------------------------------------------------------------------------------------------------
Ile ATT   2   2   2   2   2   2 | Thr ACT   1   1   1   1   1   1 | Asn AAT   1   1   1   1   1   1 | Ser AGT   2   2   2   2   2   2
    ATC   1   1   1   1   1   1 |     ACC   0   0   0   0   0   0 |     AAC   1   1   1   1   1   1 |     AGC   1   1   1   1   1   1
    ATA   0   0   0   0   0   0 |     ACA   1   1   1   1   1   2 | Lys AAA   2   2   2   2   2   2 | Arg AGA   2   2   2   2   2   2
Met ATG   4   4   4   4   4   4 |     ACG   1   1   1   1   1   0 |     AAG   3   3   3   3   3   3 |     AGG   0   0   0   0   0   0
--------------------------------------------------------------------------------------------------------------------------------------
Val GTT   1   1   1   1   1   1 | Ala GCT   1   0   1   1   1   1 | Asp GAT   2   2   2   2   2   2 | Gly GGT   0   0   0   0   0   0
    GTC   2   2   2   2   2   2 |     GCC   0   0   0   0   0   0 |     GAC   2   2   2   2   2   2 |     GGC   1   1   1   1   1   1
    GTA   1   1   1   1   1   1 |     GCA   4   3   4   4   4   4 | Glu GAA   3   3   2   3   3   3 |     GGA   0   0   0   0   0   0
    GTG   3   3   3   3   3   3 |     GCG   0   2   0   0   0   0 |     GAG   1   1   2   1   1   1 |     GGG   1   1   1   1   1   1
--------------------------------------------------------------------------------------------------------------------------------------

--------------------------------------------------------------------------------------------------------------------------------------
Phe TTT   1   1   1   1   1   1 | Ser TCT   3   3   3   3   3   3 | Tyr TAT   3   3   3   3   3   3 | Cys TGT   2   2   2   2   2   2
    TTC   0   0   0   0   0   0 |     TCC   4   4   4   4   4   4 |     TAC   2   2   2   2   2   2 |     TGC   0   0   0   0   0   0
Leu TTA   2   2   2   2   2   2 |     TCA   0   0   0   0   0   0 | *** TAA   0   0   0   0   0   0 | *** TGA   0   0   0   0   0   0
    TTG   1   1   1   1   1   1 |     TCG   0   0   0   0   0   0 |     TAG   0   0   0   0   0   0 | Trp TGG   1   1   1   1   1   1
--------------------------------------------------------------------------------------------------------------------------------------
Leu CTT   1   1   1   1   1   1 | Pro CCT   2   2   3   2   2   3 | His CAT   1   1   1   2   1   1 | Arg CGT   0   0   0   0   0   0
    CTC   3   3   3   3   3   3 |     CCC   4   4   3   4   4   3 |     CAC   4   4   4   3   4   4 |     CGC   1   1   1   1   1   1
    CTA   0   0   0   0   0   0 |     CCA   2   2   3   2   3   3 | Gln CAA   4   4   4   4   4   4 |     CGA   0   0   0   0   0   0
    CTG   3   3   3   3   3   3 |     CCG   1   1   0   1   0   0 |     CAG   2   2   2   2   2   2 |     CGG   0   0   0   0   0   0
--------------------------------------------------------------------------------------------------------------------------------------
Ile ATT   2   2   2   2   2   2 | Thr ACT   1   1   1   1   1   1 | Asn AAT   1   1   1   1   1   1 | Ser AGT   2   2   2   2   2   2
    ATC   1   1   1   1   1   1 |     ACC   0   0   0   0   0   0 |     AAC   1   1   1   1   1   1 |     AGC   1   1   1   1   1   1
    ATA   0   0   0   0   0   0 |     ACA   2   1   1   1   1   1 | Lys AAA   2   2   2   2   2   2 | Arg AGA   2   2   2   2   2   2
Met ATG   4   4   4   4   4   4 |     ACG   0   1   1   1   1   1 |     AAG   3   3   3   3   3   3 |     AGG   0   0   0   0   0   0
--------------------------------------------------------------------------------------------------------------------------------------
Val GTT   1   1   1   1   1   1 | Ala GCT   1   1   1   1   1   1 | Asp GAT   2   2   2   2   2   2 | Gly GGT   0   0   0   0   0   0
    GTC   2   2   2   2   2   2 |     GCC   1   1   0   0   0   0 |     GAC   2   2   2   2   2   2 |     GGC   1   1   1   1   1   1
    GTA   1   1   1   1   0   1 |     GCA   3   3   4   4   4   4 | Glu GAA   3   3   3   3   3   3 |     GGA   0   0   0   0   0   0
    GTG   3   3   3   3   4   3 |     GCG   0   0   0   0   0   0 |     GAG   1   1   1   1   1   1 |     GGG   1   1   1   1   1   1
--------------------------------------------------------------------------------------------------------------------------------------

--------------------------------------------------------------------------------------------------------------------------------------
Phe TTT   1   1   1   1   1   1 | Ser TCT   2   3   3   3   3   3 | Tyr TAT   1   1   3   3   3   3 | Cys TGT   2   2   2   2   2   2
    TTC   0   0   0   0   0   0 |     TCC   5   4   4   4   4   4 |     TAC   4   4   2   2   2   2 |     TGC   0   0   0   0   0   0
Leu TTA   1   1   2   2   2   2 |     TCA   0   0   0   0   0   0 | *** TAA   0   0   0   0   0   0 | *** TGA   0   0   0   0   0   0
    TTG   1   1   1   1   1   1 |     TCG   0   0   0   0   0   0 |     TAG   0   0   0   0   0   0 | Trp TGG   1   1   1   1   1   1
--------------------------------------------------------------------------------------------------------------------------------------
Leu CTT   1   1   1   1   1   1 | Pro CCT   2   2   3   2   3   2 | His CAT   1   2   1   1   1   2 | Arg CGT   0   0   0   0   0   0
    CTC   3   3   3   3   3   3 |     CCC   4   4   3   4   3   4 |     CAC   4   3   4   4   4   3 |     CGC   1   1   1   1   1   1
    CTA   0   1   0   0   0   0 |     CCA   2   2   3   3   3   2 | Gln CAA   4   4   4   4   4   4 |     CGA   0   0   0   0   0   0
    CTG   4   3   3   3   3   3 |     CCG   1   1   0   0   0   1 |     CAG   2   2   2   2   2   2 |     CGG   0   0   0   0   0   0
--------------------------------------------------------------------------------------------------------------------------------------
Ile ATT   2   2   2   2   2   2 | Thr ACT   1   1   1   1   1   1 | Asn AAT   0   0   1   1   1   1 | Ser AGT   1   1   2   2   2   2
    ATC   1   1   1   1   1   1 |     ACC   0   0   0   0   0   0 |     AAC   2   2   1   1   1   1 |     AGC   2   2   1   1   1   1
    ATA   0   0   0   0   0   0 |     ACA   1   1   1   1   1   1 | Lys AAA   1   1   2   2   2   2 | Arg AGA   1   2   2   2   2   2
Met ATG   4   4   4   4   4   4 |     ACG   1   1   1   1   1   1 |     AAG   4   4   3   3   3   3 |     AGG   1   0   0   0   0   0
--------------------------------------------------------------------------------------------------------------------------------------
Val GTT   1   1   1   1   1   1 | Ala GCT   2   2   1   1   1   1 | Asp GAT   2   2   2   2   2   2 | Gly GGT   0   0   0   0   0   0
    GTC   2   2   2   2   2   2 |     GCC   1   1   0   0   0   0 |     GAC   2   2   2   2   2   2 |     GGC   1   1   1   1   1   1
    GTA   1   1   1   1   1   0 |     GCA   1   2   4   4   4   4 | Glu GAA   3   3   3   3   2   3 |     GGA   0   0   0   0   0   0
    GTG   3   3   3   3   3   4 |     GCG   1   0   0   0   0   0 |     GAG   1   1   1   1   2   1 |     GGG   1   1   1   1   1   1
--------------------------------------------------------------------------------------------------------------------------------------

--------------------------------------------------------------------------------------------------------------------------------------
Phe TTT   1   1   1   1   1   1 | Ser TCT   3   3   2   3   3   3 | Tyr TAT   3   3   1   3   3   3 | Cys TGT   2   2   2   2   2   2
    TTC   0   0   0   0   0   0 |     TCC   4   4   5   4   4   4 |     TAC   2   2   4   2   2   2 |     TGC   0   0   0   0   0   0
Leu TTA   2   2   1   2   2   2 |     TCA   0   0   0   0   0   0 | *** TAA   0   0   0   0   0   0 | *** TGA   0   0   0   0   0   0
    TTG   1   1   1   1   1   1 |     TCG   0   0   0   0   0   0 |     TAG   0   0   0   0   0   0 | Trp TGG   1   1   1   1   1   1
--------------------------------------------------------------------------------------------------------------------------------------
Leu CTT   1   1   1   1   1   1 | Pro CCT   2   2   2   2   2   3 | His CAT   1   2   1   1   1   1 | Arg CGT   0   0   0   0   0   0
    CTC   3   3   3   4   3   3 |     CCC   4   4   4   4   4   3 |     CAC   4   3   4   4   4   4 |     CGC   1   1   1   1   1   1
    CTA   0   0   1   0   0   0 |     CCA   3   2   2   3   3   3 | Gln CAA   4   4   4   4   4   4 |     CGA   0   0   0   0   0   0
    CTG   3   3   3   2   3   3 |     CCG   0   1   1   0   0   0 |     CAG   2   2   2   2   2   2 |     CGG   0   0   0   0   0   0
--------------------------------------------------------------------------------------------------------------------------------------
Ile ATT   2   2   2   2   2   2 | Thr ACT   1   1   1   1   1   1 | Asn AAT   1   1   0   1   1   1 | Ser AGT   2   2   1   2   2   2
    ATC   1   1   1   1   1   1 |     ACC   0   0   0   0   0   0 |     AAC   1   1   2   1   1   1 |     AGC   1   1   2   1   1   1
    ATA   0   0   0   0   0   0 |     ACA   2   1   1   1   1   1 | Lys AAA   2   2   1   2   2   2 | Arg AGA   2   2   2   2   2   2
Met ATG   4   4   4   4   4   4 |     ACG   0   1   1   1   1   1 |     AAG   3   3   4   3   3   3 |     AGG   0   0   0   0   0   0
--------------------------------------------------------------------------------------------------------------------------------------
Val GTT   1   1   1   1   1   1 | Ala GCT   1   1   2   1   1   1 | Asp GAT   2   2   2   2   2   2 | Gly GGT   0   0   0   0   0   0
    GTC   2   2   2   2   2   2 |     GCC   0   0   1   0   1   0 |     GAC   2   2   2   2   2   2 |     GGC   1   1   1   1   1   1
    GTA   1   0   1   1   1   1 |     GCA   4   4   2   4   2   4 | Glu GAA   3   3   3   3   3   3 |     GGA   0   0   0   0   0   0
    GTG   3   4   3   3   3   3 |     GCG   0   0   0   0   1   0 |     GAG   1   1   1   1   1   1 |     GGG   1   1   1   1   1   1
--------------------------------------------------------------------------------------------------------------------------------------

--------------------------------------------------------------------------------------------------------------------------------------
Phe TTT   1   1   1   1   1   1 | Ser TCT   3   3   3   3   3   3 | Tyr TAT   3   3   3   3   3   1 | Cys TGT   2   2   2   2   2   2
    TTC   0   0   0   0   0   0 |     TCC   4   4   4   4   4   4 |     TAC   2   2   2   2   2   4 |     TGC   0   0   0   0   0   0
Leu TTA   2   2   2   2   2   1 |     TCA   0   0   0   0   0   0 | *** TAA   0   0   0   0   0   0 | *** TGA   0   0   0   0   0   0
    TTG   1   1   1   1   1   1 |     TCG   0   0   0   0   0   0 |     TAG   0   0   0   0   0   0 | Trp TGG   1   1   1   1   1   1
--------------------------------------------------------------------------------------------------------------------------------------
Leu CTT   1   1   1   1   1   1 | Pro CCT   3   2   3   2   3   2 | His CAT   1   2   1   1   1   2 | Arg CGT   0   0   0   0   0   0
    CTC   3   3   3   3   3   3 |     CCC   3   4   3   4   3   4 |     CAC   4   3   4   4   4   3 |     CGC   1   1   1   1   1   1
    CTA   0   0   0   0   0   1 |     CCA   3   3   3   3   3   2 | Gln CAA   4   4   4   4   4   4 |     CGA   0   0   0   0   0   0
    CTG   3   3   3   3   3   3 |     CCG   0   0   0   0   0   1 |     CAG   2   2   2   2   2   2 |     CGG   0   0   0   0   0   0
--------------------------------------------------------------------------------------------------------------------------------------
Ile ATT   2   2   2   2   2   2 | Thr ACT   1   1   1   1   1   1 | Asn AAT   1   1   1   1   0   0 | Ser AGT   2   2   2   2   2   1
    ATC   1   1   1   1   1   1 |     ACC   0   0   0   0   0   0 |     AAC   1   1   1   1   2   2 |     AGC   1   1   1   1   1   2
    ATA   0   0   0   0   0   0 |     ACA   1   1   1   1   1   1 | Lys AAA   2   2   2   2   2   1 | Arg AGA   2   2   2   2   2   2
Met ATG   4   4   4   4   4   4 |     ACG   1   1   1   1   1   1 |     AAG   3   3   3   3   3   4 |     AGG   0   0   0   0   0   0
--------------------------------------------------------------------------------------------------------------------------------------
Val GTT   1   1   1   1   1   1 | Ala GCT   1   1   1   1   1   2 | Asp GAT   2   2   2   2   2   2 | Gly GGT   0   0   0   0   0   0
    GTC   2   2   2   2   2   2 |     GCC   0   0   0   0   0   1 |     GAC   2   2   2   2   2   2 |     GGC   1   1   1   1   1   1
    GTA   1   1   1   1   1   1 |     GCA   4   4   4   4   4   2 | Glu GAA   3   3   3   3   3   3 |     GGA   0   0   0   0   0   0
    GTG   3   3   3   3   3   3 |     GCG   0   0   0   0   0   0 |     GAG   1   1   1   1   1   1 |     GGG   1   1   1   1   1   1
--------------------------------------------------------------------------------------------------------------------------------------

--------------------------------------------------------------------------------------------------------------------------------------
Phe TTT   1   1   1   1   1   1 | Ser TCT   2   3   3   4   3   3 | Tyr TAT   1   3   1   1   3   3 | Cys TGT   2   2   2   2   2   2
    TTC   0   0   0   0   0   0 |     TCC   5   4   4   3   4   4 |     TAC   4   2   4   4   2   2 |     TGC   0   0   0   0   0   0
Leu TTA   1   2   1   1   2   2 |     TCA   0   0   0   0   0   0 | *** TAA   0   0   0   0   0   0 | *** TGA   0   0   0   0   0   0
    TTG   1   1   1   1   1   1 |     TCG   0   0   0   0   0   0 |     TAG   0   0   0   0   0   0 | Trp TGG   1   1   1   1   1   1
--------------------------------------------------------------------------------------------------------------------------------------
Leu CTT   1   1   1   1   1   1 | Pro CCT   2   2   2   2   2   2 | His CAT   2   1   1   2   2   1 | Arg CGT   0   0   0   0   0   0
    CTC   3   3   3   3   3   3 |     CCC   4   4   4   4   4   4 |     CAC   3   4   4   3   3   4 |     CGC   1   1   1   1   1   1
    CTA   0   0   1   1   0   0 |     CCA   2   3   3   2   3   3 | Gln CAA   4   4   4   4   4   4 |     CGA   0   0   0   0   0   0
    CTG   4   3   3   3   3   3 |     CCG   1   0   0   1   0   0 |     CAG   2   2   2   2   2   2 |     CGG   0   0   0   0   0   0
--------------------------------------------------------------------------------------------------------------------------------------
Ile ATT   2   2   2   2   2   2 | Thr ACT   1   1   1   1   1   1 | Asn AAT   0   1   0   0   1   1 | Ser AGT   1   2   1   0   2   2
    ATC   1   1   1   1   1   1 |     ACC   0   0   0   0   0   0 |     AAC   2   1   2   2   1   1 |     AGC   2   1   2   3   1   1
    ATA   0   0   0   0   0   0 |     ACA   1   1   1   1   1   1 | Lys AAA   1   2   1   1   2   2 | Arg AGA   2   2   2   2   2   2
Met ATG   4   4   4   4   4   4 |     ACG   1   1   1   1   1   1 |     AAG   4   3   4   4   3   3 |     AGG   0   0   0   0   0   0
--------------------------------------------------------------------------------------------------------------------------------------
Val GTT   1   1   1   1   1   2 | Ala GCT   2   1   2   2   1   1 | Asp GAT   2   2   2   2   2   2 | Gly GGT   0   0   0   0   0   0
    GTC   2   2   2   2   2   2 |     GCC   1   0   1   1   0   0 |     GAC   2   2   2   2   2   2 |     GGC   1   1   1   1   1   1
    GTA   1   1   1   1   1   1 |     GCA   1   4   2   2   4   3 | Glu GAA   3   3   3   3   3   3 |     GGA   0   0   0   0   0   0
    GTG   3   3   3   3   3   2 |     GCG   1   0   0   0   0   1 |     GAG   1   1   1   1   1   1 |     GGG   1   1   1   1   1   1
--------------------------------------------------------------------------------------------------------------------------------------

--------------------------------------------------------------------------------------------------------------------------------------
Phe TTT   1   1   1   1   1   1 | Ser TCT   3   3   3   3   3   3 | Tyr TAT   3   3   3   3   3   3 | Cys TGT   2   2   2   2   2   2
    TTC   0   0   0   1   0   0 |     TCC   4   4   4   4   4   4 |     TAC   2   2   2   2   2   2 |     TGC   0   0   0   0   0   0
Leu TTA   2   2   2   2   2   2 |     TCA   0   0   0   0   0   0 | *** TAA   0   0   0   0   0   0 | *** TGA   0   0   0   0   0   0
    TTG   1   1   1   1   1   1 |     TCG   0   0   0   0   0   0 |     TAG   0   0   0   0   0   0 | Trp TGG   1   1   1   1   1   1
--------------------------------------------------------------------------------------------------------------------------------------
Leu CTT   1   1   1   1   1   1 | Pro CCT   2   2   2   2   2   2 | His CAT   1   1   1   2   1   2 | Arg CGT   0   0   0   0   0   0
    CTC   3   3   3   2   3   3 |     CCC   4   4   4   4   4   4 |     CAC   4   4   4   3   4   3 |     CGC   1   1   1   1   1   1
    CTA   0   0   0   0   0   0 |     CCA   3   3   3   3   2   2 | Gln CAA   4   4   4   4   4   4 |     CGA   0   0   0   0   0   0
    CTG   3   3   3   3   3   3 |     CCG   0   0   0   0   1   1 |     CAG   2   2   2   2   2   2 |     CGG   0   0   0   0   0   0
--------------------------------------------------------------------------------------------------------------------------------------
Ile ATT   2   2   2   2   2   2 | Thr ACT   1   1   1   1   1   1 | Asn AAT   1   1   1   1   1   1 | Ser AGT   2   2   2   2   2   2
    ATC   1   1   1   1   1   1 |     ACC   0   0   0   0   0   0 |     AAC   1   1   1   1   1   1 |     AGC   1   1   1   1   1   1
    ATA   0   0   0   0   0   0 |     ACA   1   1   1   2   1   1 | Lys AAA   2   2   2   2   2   2 | Arg AGA   2   2   2   2   2   2
Met ATG   4   4   4   4   4   4 |     ACG   1   1   1   0   1   1 |     AAG   3   3   3   3   3   3 |     AGG   0   0   0   0   0   0
--------------------------------------------------------------------------------------------------------------------------------------
Val GTT   1   1   1   1   1   1 | Ala GCT   1   1   1   1   1   1 | Asp GAT   2   2   2   2   2   2 | Gly GGT   0   0   0   0   0   0
    GTC   2   2   2   2   2   2 |     GCC   0   0   0   1   0   0 |     GAC   2   2   2   2   2   2 |     GGC   1   1   1   1   1   1
    GTA   1   1   0   1   0   0 |     GCA   4   4   4   3   4   4 | Glu GAA   3   3   3   3   3   3 |     GGA   0   0   0   0   0   0
    GTG   3   3   4   3   4   4 |     GCG   0   0   0   0   0   0 |     GAG   1   1   1   1   1   1 |     GGG   1   1   1   1   1   1
--------------------------------------------------------------------------------------------------------------------------------------

Codon position x base (3x4) table for each sequence.

#1: Argali         
position  1:    T:0.20879    C:0.30769    A:0.24176    G:0.24176
position  2:    T:0.28571    C:0.26374    A:0.32967    G:0.12088
position  3:    T:0.26374    C:0.27473    A:0.24176    G:0.21978
Average         T:0.25275    C:0.28205    A:0.27106    G:0.19414

#2: LesserMouseDeer
position  1:    T:0.20879    C:0.30769    A:0.24176    G:0.24176
position  2:    T:0.27473    C:0.26374    A:0.34066    G:0.12088
position  3:    T:0.24176    C:0.29670    A:0.21978    G:0.24176
Average         T:0.24176    C:0.28938    A:0.26740    G:0.20147

#3: LesserKudu     
position  1:    T:0.20879    C:0.30769    A:0.24176    G:0.24176
position  2:    T:0.27473    C:0.26374    A:0.34066    G:0.12088
position  3:    T:0.25275    C:0.28571    A:0.21978    G:0.24176
Average         T:0.24542    C:0.28571    A:0.26740    G:0.20147

#4: ForestMuskDeer2
position  1:    T:0.21978    C:0.29670    A:0.24176    G:0.24176
position  2:    T:0.27473    C:0.26374    A:0.34066    G:0.12088
position  3:    T:0.26374    C:0.28571    A:0.24176    G:0.20879
Average         T:0.25275    C:0.28205    A:0.27473    G:0.19048

#5: Camel          
position  1:    T:0.19780    C:0.31868    A:0.24176    G:0.24176
position  2:    T:0.27473    C:0.26374    A:0.34066    G:0.12088
position  3:    T:0.23077    C:0.31868    A:0.19780    G:0.25275
Average         T:0.23443    C:0.30037    A:0.26007    G:0.20513

#6: KillerWhale    
position  1:    T:0.20879    C:0.30769    A:0.24176    G:0.24176
position  2:    T:0.26374    C:0.27473    A:0.34066    G:0.12088
position  3:    T:0.23077    C:0.32967    A:0.19780    G:0.24176
Average         T:0.23443    C:0.30403    A:0.26007    G:0.20147

#7: DefassaWaterbuck
position  1:    T:0.20879    C:0.30769    A:0.24176    G:0.24176
position  2:    T:0.27473    C:0.26374    A:0.34066    G:0.12088
position  3:    T:0.25275    C:0.28571    A:0.24176    G:0.21978
Average         T:0.24542    C:0.28571    A:0.27473    G:0.19414

#8: Sheep          
position  1:    T:0.20879    C:0.30769    A:0.24176    G:0.24176
position  2:    T:0.27473    C:0.26374    A:0.34066    G:0.12088
position  3:    T:0.26374    C:0.27473    A:0.24176    G:0.21978
Average         T:0.24908    C:0.28205    A:0.27473    G:0.19414

#9: MaxwellsDuiker 
position  1:    T:0.20879    C:0.30769    A:0.24176    G:0.24176
position  2:    T:0.27473    C:0.26374    A:0.34066    G:0.12088
position  3:    T:0.25275    C:0.29670    A:0.24176    G:0.20879
Average         T:0.24542    C:0.28938    A:0.27473    G:0.19048

#10: GazellaPrzewalskyi
position  1:    T:0.20879    C:0.30769    A:0.24176    G:0.24176
position  2:    T:0.27473    C:0.26374    A:0.34066    G:0.12088
position  3:    T:0.24176    C:0.29670    A:0.24176    G:0.21978
Average         T:0.24176    C:0.28938    A:0.27473    G:0.19414

#11: MountainNyala  
position  1:    T:0.20879    C:0.30769    A:0.24176    G:0.24176
position  2:    T:0.27473    C:0.26374    A:0.34066    G:0.12088
position  3:    T:0.26374    C:0.27473    A:0.21978    G:0.24176
Average         T:0.24908    C:0.28205    A:0.26740    G:0.20147

#12: MuntiacusMuntjak
position  1:    T:0.19780    C:0.31868    A:0.24176    G:0.24176
position  2:    T:0.27473    C:0.26374    A:0.34066    G:0.12088
position  3:    T:0.21978    C:0.34066    A:0.20879    G:0.23077
Average         T:0.23077    C:0.30769    A:0.26374    G:0.19780

#13: goat           
position  1:    T:0.20879    C:0.30769    A:0.24176    G:0.24176
position  2:    T:0.27473    C:0.26374    A:0.34066    G:0.12088
position  3:    T:0.26374    C:0.27473    A:0.24176    G:0.21978
Average         T:0.24908    C:0.28205    A:0.27473    G:0.19414

#14: AfricanBuffalo 
position  1:    T:0.20879    C:0.30769    A:0.24176    G:0.24176
position  2:    T:0.27473    C:0.26374    A:0.34066    G:0.12088
position  3:    T:0.24176    C:0.28571    A:0.23077    G:0.24176
Average         T:0.24176    C:0.28571    A:0.27106    G:0.20147

#15: Topi           
position  1:    T:0.20879    C:0.30769    A:0.24176    G:0.24176
position  2:    T:0.27473    C:0.26374    A:0.34066    G:0.12088
position  3:    T:0.26374    C:0.27473    A:0.23077    G:0.23077
Average         T:0.24908    C:0.28205    A:0.27106    G:0.19780

#16: CommonDuiker   
position  1:    T:0.20879    C:0.30769    A:0.24176    G:0.24176
position  2:    T:0.27473    C:0.26374    A:0.34066    G:0.12088
position  3:    T:0.25275    C:0.29670    A:0.24176    G:0.20879
Average         T:0.24542    C:0.28938    A:0.27473    G:0.19048

#17: Suni           
position  1:    T:0.20879    C:0.30769    A:0.24176    G:0.24176
position  2:    T:0.27473    C:0.26374    A:0.34066    G:0.12088
position  3:    T:0.25275    C:0.28571    A:0.24176    G:0.21978
Average         T:0.24542    C:0.28571    A:0.27473    G:0.19414

#18: Springbuck     
position  1:    T:0.20879    C:0.30769    A:0.24176    G:0.24176
position  2:    T:0.27473    C:0.26374    A:0.34066    G:0.12088
position  3:    T:0.25275    C:0.28571    A:0.25275    G:0.20879
Average         T:0.24542    C:0.28571    A:0.27839    G:0.19048

#19: Okapi          
position  1:    T:0.20879    C:0.30769    A:0.24176    G:0.24176
position  2:    T:0.27473    C:0.26374    A:0.34066    G:0.12088
position  3:    T:0.25275    C:0.29670    A:0.23077    G:0.21978
Average         T:0.24542    C:0.28938    A:0.27106    G:0.19414

#20: Giraffe        
position  1:    T:0.20879    C:0.30769    A:0.24176    G:0.24176
position  2:    T:0.27473    C:0.26374    A:0.34066    G:0.12088
position  3:    T:0.25275    C:0.29670    A:0.21978    G:0.23077
Average         T:0.24542    C:0.28938    A:0.26740    G:0.19780

#21: TibetanAntelope
position  1:    T:0.20879    C:0.30769    A:0.24176    G:0.24176
position  2:    T:0.27473    C:0.26374    A:0.34066    G:0.12088
position  3:    T:0.26374    C:0.27473    A:0.24176    G:0.21978
Average         T:0.24908    C:0.28205    A:0.27473    G:0.19414

#22: Sitatunga      
position  1:    T:0.20879    C:0.30769    A:0.24176    G:0.24176
position  2:    T:0.27473    C:0.26374    A:0.34066    G:0.12088
position  3:    T:0.26374    C:0.27473    A:0.23077    G:0.23077
Average         T:0.24908    C:0.28205    A:0.27106    G:0.19780

#23: Oribi          
position  1:    T:0.20879    C:0.30769    A:0.24176    G:0.24176
position  2:    T:0.27473    C:0.26374    A:0.34066    G:0.12088
position  3:    T:0.25275    C:0.28571    A:0.23077    G:0.23077
Average         T:0.24542    C:0.28571    A:0.27106    G:0.19780

#24: BarbarySheep   
position  1:    T:0.20879    C:0.30769    A:0.24176    G:0.24176
position  2:    T:0.27473    C:0.26374    A:0.34066    G:0.12088
position  3:    T:0.26374    C:0.27473    A:0.24176    G:0.21978
Average         T:0.24908    C:0.28205    A:0.27473    G:0.19414

#25: Daviddeer      
position  1:    T:0.19780    C:0.31868    A:0.24176    G:0.24176
position  2:    T:0.27473    C:0.26374    A:0.34066    G:0.12088
position  3:    T:0.20879    C:0.35165    A:0.16484    G:0.27473
Average         T:0.22711    C:0.31136    A:0.24908    G:0.21245

#26: Reindeer       
position  1:    T:0.19780    C:0.31868    A:0.24176    G:0.24176
position  2:    T:0.27473    C:0.26374    A:0.34066    G:0.12088
position  3:    T:0.23077    C:0.32967    A:0.19780    G:0.24176
Average         T:0.23443    C:0.30403    A:0.26007    G:0.20147

#27: Ibex           
position  1:    T:0.20879    C:0.30769    A:0.24176    G:0.24176
position  2:    T:0.27473    C:0.26374    A:0.34066    G:0.12088
position  3:    T:0.26374    C:0.27473    A:0.24176    G:0.21978
Average         T:0.24908    C:0.28205    A:0.27473    G:0.19414

#28: GyrantGazelle  
position  1:    T:0.20879    C:0.30769    A:0.24176    G:0.24176
position  2:    T:0.27473    C:0.26374    A:0.34066    G:0.12088
position  3:    T:0.25275    C:0.28571    A:0.24176    G:0.21978
Average         T:0.24542    C:0.28571    A:0.27473    G:0.19414

#29: Hartebeest     
position  1:    T:0.20879    C:0.30769    A:0.24176    G:0.24176
position  2:    T:0.27473    C:0.26374    A:0.34066    G:0.12088
position  3:    T:0.26374    C:0.27473    A:0.23077    G:0.23077
Average         T:0.24908    C:0.28205    A:0.27106    G:0.19780

#30: Bongo          
position  1:    T:0.20879    C:0.30769    A:0.24176    G:0.24176
position  2:    T:0.27473    C:0.26374    A:0.34066    G:0.12088
position  3:    T:0.26374    C:0.27473    A:0.21978    G:0.24176
Average         T:0.24908    C:0.28205    A:0.26740    G:0.20147

#31: Gerenuk        
position  1:    T:0.20879    C:0.30769    A:0.24176    G:0.24176
position  2:    T:0.27473    C:0.26374    A:0.34066    G:0.12088
position  3:    T:0.25275    C:0.28571    A:0.25275    G:0.20879
Average         T:0.24542    C:0.28571    A:0.27839    G:0.19048

#32: CommonEland    
position  1:    T:0.20879    C:0.30769    A:0.24176    G:0.24176
position  2:    T:0.27473    C:0.26374    A:0.34066    G:0.12088
position  3:    T:0.26374    C:0.27473    A:0.21978    G:0.24176
Average         T:0.24908    C:0.28205    A:0.26740    G:0.20147

#33: MuntiacusReevesi
position  1:    T:0.19780    C:0.31868    A:0.24176    G:0.24176
position  2:    T:0.27473    C:0.26374    A:0.34066    G:0.12088
position  3:    T:0.20879    C:0.35165    A:0.19780    G:0.24176
Average         T:0.22711    C:0.31136    A:0.26007    G:0.20147

#34: HarveysDuiker  
position  1:    T:0.20879    C:0.30769    A:0.24176    G:0.24176
position  2:    T:0.27473    C:0.26374    A:0.34066    G:0.12088
position  3:    T:0.25275    C:0.29670    A:0.24176    G:0.20879
Average         T:0.24542    C:0.28938    A:0.27473    G:0.19048

#35: Pronghorn      
position  1:    T:0.20879    C:0.30769    A:0.24176    G:0.24176
position  2:    T:0.27473    C:0.26374    A:0.34066    G:0.12088
position  3:    T:0.25275    C:0.29670    A:0.21978    G:0.23077
Average         T:0.24542    C:0.28938    A:0.26740    G:0.19780

#36: BlueWildebeest 
position  1:    T:0.20879    C:0.30769    A:0.24176    G:0.24176
position  2:    T:0.27473    C:0.26374    A:0.34066    G:0.12088
position  3:    T:0.26374    C:0.27473    A:0.24176    G:0.21978
Average         T:0.24908    C:0.28205    A:0.27473    G:0.19414

#37: Gemsbok        
position  1:    T:0.20879    C:0.30769    A:0.24176    G:0.24176
position  2:    T:0.27473    C:0.26374    A:0.34066    G:0.12088
position  3:    T:0.26374    C:0.27473    A:0.24176    G:0.21978
Average         T:0.24908    C:0.28205    A:0.27473    G:0.19414

#38: Yak            
position  1:    T:0.20879    C:0.30769    A:0.24176    G:0.24176
position  2:    T:0.27473    C:0.26374    A:0.34066    G:0.12088
position  3:    T:0.26374    C:0.27473    A:0.24176    G:0.21978
Average         T:0.24908    C:0.28205    A:0.27473    G:0.19414

#39: BlueSheep      
position  1:    T:0.20879    C:0.30769    A:0.24176    G:0.24176
position  2:    T:0.27473    C:0.26374    A:0.34066    G:0.12088
position  3:    T:0.26374    C:0.27473    A:0.24176    G:0.21978
Average         T:0.24908    C:0.28205    A:0.27473    G:0.19414

#40: BohorReedbuck  
position  1:    T:0.20879    C:0.30769    A:0.24176    G:0.24176
position  2:    T:0.27473    C:0.26374    A:0.34066    G:0.12088
position  3:    T:0.25275    C:0.28571    A:0.24176    G:0.21978
Average         T:0.24542    C:0.28571    A:0.27473    G:0.19414

#41: KirksDik       
position  1:    T:0.20879    C:0.30769    A:0.24176    G:0.24176
position  2:    T:0.27473    C:0.26374    A:0.34066    G:0.12088
position  3:    T:0.25275    C:0.28571    A:0.24176    G:0.21978
Average         T:0.24542    C:0.28571    A:0.27473    G:0.19414

#42: RoeDeer        
position  1:    T:0.19780    C:0.31868    A:0.24176    G:0.24176
position  2:    T:0.27473    C:0.26374    A:0.34066    G:0.12088
position  3:    T:0.23077    C:0.32967    A:0.19780    G:0.24176
Average         T:0.23443    C:0.30403    A:0.26007    G:0.20147

#43: WhiteLippedDeer
position  1:    T:0.19780    C:0.31868    A:0.24176    G:0.24176
position  2:    T:0.27473    C:0.26374    A:0.34066    G:0.12088
position  3:    T:0.21978    C:0.34066    A:0.17582    G:0.26374
Average         T:0.23077    C:0.30769    A:0.25275    G:0.20879

#44: ThomsonGazelle 
position  1:    T:0.20879    C:0.30769    A:0.24176    G:0.24176
position  2:    T:0.27473    C:0.26374    A:0.34066    G:0.12088
position  3:    T:0.25275    C:0.28571    A:0.24176    G:0.21978
Average         T:0.24542    C:0.28571    A:0.27473    G:0.19414

#45: MuntiacusCrinifrons
position  1:    T:0.19780    C:0.31868    A:0.24176    G:0.24176
position  2:    T:0.27473    C:0.26374    A:0.34066    G:0.12088
position  3:    T:0.21978    C:0.34066    A:0.20879    G:0.23077
Average         T:0.23077    C:0.30769    A:0.26374    G:0.19780

#46: WhiteTailedDeer
position  1:    T:0.19780    C:0.31868    A:0.24176    G:0.24176
position  2:    T:0.27473    C:0.26374    A:0.34066    G:0.12088
position  3:    T:0.23077    C:0.32967    A:0.19780    G:0.24176
Average         T:0.23443    C:0.30403    A:0.26007    G:0.20147

#47: Cattle         
position  1:    T:0.20879    C:0.30769    A:0.24176    G:0.24176
position  2:    T:0.27473    C:0.26374    A:0.34066    G:0.12088
position  3:    T:0.26374    C:0.27473    A:0.24176    G:0.21978
Average         T:0.24908    C:0.28205    A:0.27473    G:0.19414

#48: RoyalAntelope  
position  1:    T:0.20879    C:0.30769    A:0.24176    G:0.24176
position  2:    T:0.27473    C:0.26374    A:0.34066    G:0.12088
position  3:    T:0.26374    C:0.28571    A:0.23077    G:0.21978
Average         T:0.24908    C:0.28571    A:0.27106    G:0.19414

#49: Steenbok       
position  1:    T:0.20879    C:0.30769    A:0.24176    G:0.24176
position  2:    T:0.27473    C:0.26374    A:0.34066    G:0.12088
position  3:    T:0.25275    C:0.28571    A:0.24176    G:0.21978
Average         T:0.24542    C:0.28571    A:0.27473    G:0.19414

#50: Impala         
position  1:    T:0.20879    C:0.30769    A:0.24176    G:0.24176
position  2:    T:0.27473    C:0.26374    A:0.34066    G:0.12088
position  3:    T:0.25275    C:0.28571    A:0.24176    G:0.21978
Average         T:0.24542    C:0.28571    A:0.27473    G:0.19414

#51: Klipspringer   
position  1:    T:0.20879    C:0.30769    A:0.24176    G:0.24176
position  2:    T:0.27473    C:0.26374    A:0.34066    G:0.12088
