1
52 1
Argali 0.000000 0.337800 0.017500 0.351300 0.017500 0.000000 0.034500 0.017200 0.035100 0.017500 0.000100 0.035700 0.017300 0.053500 0.017100 0.000100 0.035000 0.035200 0.053700 0.017500 0.000100 0.035400 0.017500 0.074400 0.000100 0.000100 0.017300 0.017500 0.000100 0.017500 0.017500 0.054100 0.092100 0.034500 0.035600 0.035700 0.000000 0.053800 0.035200 0.114900 0.035300 0.000100 0.017500 0.074200 0.017500 0.035100 0.052600 0.054600 0.055900 0.000200 0.017500 0.017500
LesserMous 0.337800 0.000000 0.367700 0.455400 0.368600 0.337800 0.333400 0.309900 0.393100 0.368500 0.337600 0.397400 0.309000 0.367300 0.357000 0.337600 0.339000 0.394500 0.424900 0.367700 0.339500 0.399000 0.369400 0.436400 0.337600 0.339500 0.309000 0.367700 0.337600 0.367700 0.369400 0.371000 0.363400 0.331400 0.346400 0.397400 0.337800 0.317200 0.313700 0.442300 0.394200 0.337600 0.368500 0.435300 0.366700 0.337600 0.358400 0.347100 0.353200 0.338900 0.368200 0.367700
LesserKudu 0.017500 0.367700 0.000000 0.382800 0.035600 0.017500 0.052300 0.034800 0.017400 0.035500 0.016600 0.054300 0.034900 0.072200 0.034600 0.017400 0.053300 0.053700 0.035400 0.000000 0.017500 0.054100 0.035600 0.094600 0.017400 0.017500 0.034900 0.000000 0.017400 0.000000 0.035600 0.073300 0.112400 0.052400 0.054000 0.054300 0.017500 0.072700 0.053700 0.136400 0.053700 0.017400 0.035500 0.094300 0.035400 0.053200 0.071100 0.054700 0.075800 0.017500 0.000100 0.000000
KillerWhal 0.351300 0.455400 0.382800 0.000000 0.382700 0.351300 0.404600 0.377600 0.410300 0.336100 0.351800 0.412800 0.349000 0.410900 0.367900 0.351800 0.422200 0.366900 0.442400 0.382800 0.352200 0.418200 0.336200 0.371300 0.351800 0.352200 0.349000 0.382800 0.351800 0.382800 0.336200 0.412900 0.430400 0.320600 0.334700 0.412800 0.351300 0.390500 0.409200 0.434300 0.360500 0.351800 0.336100 0.369600 0.381500 0.381800 0.382200 0.337000 0.371800 0.361100 0.381800 0.382800
DefassaWat 0.017500 0.368600 0.035600 0.382700 0.000000 0.017500 0.052700 0.035000 0.053500 0.035600 0.017500 0.054500 0.035100 0.072600 0.034800 0.017500 0.035200 0.035400 0.035600 0.035600 0.017600 0.054300 0.035700 0.094700 0.017500 0.017600 0.035100 0.035600 0.017500 0.035600 0.035700 0.073400 0.111000 0.052700 0.054400 0.054500 0.017500 0.035700 0.053800 0.115500 0.053800 0.017500 0.035600 0.094500 0.035600 0.017500 0.071300 0.074100 0.076000 0.017500 0.035600 0.035600
Sheep 0.000000 0.337800 0.017500 0.351300 0.017500 0.000000 0.034500 0.017200 0.035100 0.017500 0.000100 0.035700 0.017300 0.053500 0.017100 0.000100 0.035000 0.035200 0.053700 0.017500 0.000100 0.035400 0.017500 0.074400 0.000100 0.000100 0.017300 0.017500 0.000100 0.017500 0.017500 0.054100 0.092100 0.034500 0.035600 0.035700 0.000000 0.053800 0.035200 0.114900 0.035300 0.000100 0.017500 0.074200 0.017500 0.035100 0.052600 0.054600 0.055900 0.000200 0.017500 0.017500
MaxwellsDu 0.034500 0.333400 0.052300 0.404600 0.052700 0.034500 0.000000 0.016900 0.070000 0.052500 0.034300 0.071100 0.051600 0.052400 0.016700 0.034300 0.034500 0.070700 0.089100 0.052300 0.034600 0.071200 0.052700 0.111500 0.034300 0.034600 0.051600 0.052300 0.034300 0.052300 0.052700 0.053100 0.129200 0.069000 0.071100 0.071100 0.034500 0.052900 0.034600 0.112700 0.070600 0.034300 0.052500 0.111200 0.052300 0.070000 0.051700 0.091100 0.093200 0.034500 0.052500 0.052300
GazellaPrz 0.017200 0.309900 0.034800 0.377600 0.035000 0.017200 0.016900 0.000000 0.052300 0.034900 0.017100 0.053200 0.034300 0.034800 0.034000 0.017100 0.017200 0.052800 0.071100 0.034800 0.017200 0.053200 0.035000 0.092600 0.017100 0.017200 0.034300 0.034800 0.016300 0.034800 0.035000 0.035300 0.110300 0.051500 0.053100 0.053200 0.017200 0.035100 0.017300 0.093600 0.052700 0.017100 0.034900 0.092400 0.034800 0.052300 0.034300 0.072600 0.074300 0.017200 0.034900 0.034800
MountainNy 0.035100 0.393100 0.017400 0.410300 0.053500 0.035100 0.070000 0.052300 0.000000 0.053400 0.034800 0.072500 0.052500 0.090500 0.052100 0.034800 0.071400 0.071800 0.053200 0.017400 0.035100 0.072400 0.053600 0.113800 0.034800 0.035100 0.052500 0.017400 0.034800 0.017400 0.053600 0.091900 0.131600 0.070100 0.072200 0.072500 0.035100 0.091300 0.071800 0.156600 0.071800 0.034800 0.053400 0.113400 0.053200 0.071200 0.089100 0.073200 0.095000 0.035100 0.017400 0.017400
MuntiacusM 0.017500 0.368500 0.035500 0.336100 0.035600 0.017500 0.052500 0.034900 0.053400 0.000000 0.017400 0.054400 0.035000 0.072500 0.034600 0.017400 0.053400 0.053700 0.072700 0.035500 0.017500 0.054100 0.000100 0.055400 0.017400 0.017500 0.035000 0.035500 0.017400 0.035500 0.000100 0.073200 0.112500 0.052600 0.054300 0.054400 0.017500 0.072900 0.053700 0.095000 0.017500 0.017400 0.000000 0.055200 0.035500 0.053400 0.071000 0.074000 0.091200 0.017500 0.035500 0.035500
goat 0.000100 0.337600 0.016600 0.351800 0.017500 0.000100 0.034300 0.017100 0.034800 0.017400 0.000000 0.035400 0.017100 0.053100 0.017000 0.000000 0.034900 0.035100 0.053200 0.017400 0.000100 0.035400 0.017500 0.074000 0.000000 0.000100 0.017100 0.017400 0.000000 0.017400 0.017500 0.053900 0.091700 0.034300 0.035300 0.035400 0.000100 0.053500 0.035100 0.114400 0.035100 0.000000 0.017400 0.073800 0.017400 0.034800 0.052300 0.054300 0.055700 0.000100 0.017400 0.017400
AfricanBuf 0.035700 0.397400 0.054300 0.412800 0.054500 0.035700 0.071100 0.053200 0.072500 0.054400 0.035400 0.000000 0.053400 0.054300 0.052900 0.035400 0.072500 0.073000 0.092500 0.054300 0.035800 0.073600 0.054500 0.075900 0.035400 0.035800 0.053400 0.054300 0.035400 0.054300 0.054500 0.055100 0.093800 0.071200 0.073600 0.000000 0.035700 0.092800 0.073000 0.159500 0.072900 0.035400 0.054400 0.075700 0.017800 0.072500 0.090600 0.094500 0.057000 0.035700 0.054500 0.054300
Topi 0.017300 0.309000 0.034900 0.349000 0.035100 0.017300 0.051600 0.034300 0.052500 0.035000 0.017100 0.053400 0.000000 0.071100 0.034200 0.017100 0.052600 0.052900 0.071400 0.034900 0.017300 0.053300 0.035100 0.093000 0.017100 0.017300 0.000000 0.034900 0.017100 0.034900 0.035100 0.072200 0.110600 0.016900 0.053200 0.053400 0.017300 0.071700 0.052900 0.134200 0.052900 0.017100 0.035000 0.092700 0.034900 0.017100 0.070100 0.072800 0.074500 0.017200 0.035000 0.034900
CommonDuik 0.053500 0.367300 0.072200 0.410900 0.072600 0.053500 0.052400 0.034800 0.090500 0.072500 0.053100 0.054300 0.071100 0.000000 0.070500 0.053100 0.053400 0.091300 0.110800 0.072200 0.053600 0.092100 0.072600 0.135300 0.053100 0.053600 0.071100 0.072200 0.053100 0.072200 0.072600 0.000100 0.153100 0.089000 0.054200 0.054300 0.053500 0.072900 0.053600 0.136500 0.091200 0.053100 0.072500 0.134900 0.072200 0.090500 0.071100 0.113300 0.056200 0.053500 0.072400 0.065500
Suni 0.017100 0.357000 0.034600 0.367900 0.034800 0.017100 0.016700 0.034000 0.052100 0.034600 0.017000 0.052900 0.034200 0.070500 0.000000 0.017000 0.052100 0.052300 0.070700 0.034600 0.017100 0.052700 0.034700 0.091800 0.017000 0.017100 0.034200 0.034600 0.017000 0.034600 0.034700 0.071300 0.109100 0.051300 0.052800 0.052900 0.017100 0.071000 0.052300 0.132600 0.052300 0.017000 0.034600 0.091500 0.034600 0.052100 0.069400 0.072000 0.073600 0.017100 0.034600 0.034600
Springbuck 0.000100 0.337600 0.017400 0.351800 0.017500 0.000100 0.034300 0.017100 0.034800 0.017400 0.000000 0.035400 0.017100 0.053100 0.017000 0.000000 0.034900 0.035100 0.053200 0.017400 0.000100 0.035400 0.017500 0.074000 0.000000 0.000100 0.017100 0.017400 0.000000 0.017400 0.017500 0.053900 0.091700 0.034300 0.035300 0.035400 0.000100 0.053500 0.035100 0.114400 0.035100 0.000000 0.017400 0.073800 0.017400 0.034800 0.052300 0.054300 0.055700 0.000100 0.017400 0.016600
Okapi 0.035000 0.339000 0.053300 0.422200 0.035200 0.035000 0.034500 0.017200 0.071400 0.053400 0.034900 0.072500 0.052600 0.053400 0.052100 0.034900 0.000000 0.052600 0.071800 0.053300 0.035100 0.072300 0.053500 0.113500 0.034900 0.035100 0.052600 0.053300 0.034900 0.053300 0.053500 0.053900 0.132000 0.070300 0.072500 0.072500 0.035000 0.035400 0.035200 0.093300 0.071700 0.034900 0.053400 0.113200 0.053300 0.052900 0.052500 0.092600 0.111100 0.035000 0.053300 0.053300
Giraffe 0.035200 0.394500 0.053700 0.366900 0.035400 0.035200 0.070700 0.052800 0.071800 0.053700 0.035100 0.073000 0.052900 0.091300 0.052300 0.035100 0.052600 0.000000 0.072200 0.053700 0.035300 0.072800 0.053800 0.114200 0.035100 0.035300 0.052900 0.053700 0.035100 0.053700 0.053800 0.092300 0.132200 0.070700 0.072900 0.073000 0.035200 0.072500 0.072100 0.113900 0.072100 0.035100 0.053700 0.113900 0.053700 0.053200 0.052800 0.093200 0.113100 0.035100 0.053600 0.053700
TibetanAnt 0.053700 0.424900 0.035400 0.442400 0.035600 0.053700 0.089100 0.071100 0.053200 0.072700 0.053200 0.092500 0.071400 0.110800 0.070700 0.053200 0.071800 0.072200 0.000000 0.035400 0.053700 0.092200 0.072800 0.135700 0.053200 0.053700 0.071400 0.035400 0.053200 0.035400 0.072800 0.112500 0.152500 0.089300 0.092100 0.092500 0.053700 0.072700 0.091500 0.157600 0.091500 0.053200 0.072700 0.135300 0.072400 0.053200 0.109000 0.093300 0.116400 0.053600 0.035500 0.034300
Sitatunga 0.017500 0.367700 0.000000 0.382800 0.035600 0.017500 0.052300 0.034800 0.017400 0.035500 0.017400 0.054300 0.034900 0.072200 0.034600 0.017400 0.053300 0.053700 0.035400 0.000000 0.017500 0.054100 0.035600 0.094600 0.017400 0.017500 0.034900 0.000000 0.017400 0.000000 0.035600 0.073300 0.112400 0.052400 0.054000 0.054300 0.017500 0.072700 0.053700 0.136400 0.053700 0.017400 0.035500 0.094300 0.035400 0.053200 0.071100 0.054700 0.075800 0.017500 0.000100 0.000000
Oribi 0.000100 0.339500 0.017500 0.352200 0.017600 0.000100 0.034600 0.017200 0.035100 0.017500 0.000100 0.035800 0.017300 0.053600 0.017100 0.000100 0.035100 0.035300 0.053700 0.017500 0.000000 0.035600 0.017600 0.074500 0.000100 0.000000 0.017300 0.017500 0.000100 0.017500 0.017600 0.054200 0.092100 0.034600 0.035700 0.035800 0.000100 0.053600 0.035300 0.115100 0.035300 0.000100 0.017500 0.074300 0.017500 0.035100 0.052600 0.054400 0.056000 0.000200 0.017500 0.017500
BarbaryShe 0.035400 0.399000 0.054100 0.418200 0.054300 0.035400 0.071200 0.053200 0.072400 0.054100 0.035400 0.073600 0.053300 0.092100 0.052700 0.035400 0.072300 0.072800 0.092200 0.054100 0.035600 0.000000 0.054300 0.115400 0.035400 0.035600 0.053300 0.054100 0.035400 0.054100 0.054300 0.093000 0.133500 0.071200 0.073600 0.073600 0.035400 0.092600 0.072700 0.158800 0.072800 0.035400 0.054100 0.115000 0.054100 0.072400 0.090400 0.094100 0.096400 0.035500 0.054100 0.054100
Daviddeer 0.017500 0.369400 0.035600 0.336200 0.035700 0.017500 0.052700 0.035000 0.053600 0.000100 0.017500 0.054500 0.035100 0.072600 0.034700 0.017500 0.053500 0.053800 0.072800 0.035600 0.017600 0.054300 0.000000 0.055300 0.017500 0.017600 0.035100 0.035600 0.017500 0.035600 0.000000 0.073400 0.112700 0.052700 0.054400 0.054500 0.017500 0.073100 0.053800 0.095300 0.017500 0.017500 0.000100 0.055400 0.035600 0.053600 0.071200 0.074200 0.092300 0.017500 0.035600 0.035600
Reindeer 0.074400 0.436400 0.094600 0.371300 0.094700 0.074400 0.111500 0.092600 0.113800 0.055400 0.074000 0.075900 0.093000 0.135300 0.091800 0.074000 0.113500 0.114200 0.135700 0.094600 0.074500 0.115400 0.055300 0.000000 0.074000 0.074500 0.093000 0.094600 0.074000 0.094600 0.055300 0.136800 0.137500 0.111600 0.115800 0.075900 0.074400 0.136000 0.114200 0.077400 0.074300 0.074000 0.055400 0.000100 0.055700 0.113800 0.132100 0.096400 0.161200 0.074300 0.094600 0.094600
Ibex 0.000100 0.337600 0.017400 0.351800 0.017500 0.000100 0.034300 0.017100 0.034800 0.017400 0.000000 0.035400 0.017100 0.053100 0.017000 0.000000 0.034900 0.035100 0.053200 0.017400 0.000100 0.035400 0.017500 0.074000 0.000000 0.000100 0.017100 0.016600 0.000000 0.017400 0.017500 0.053900 0.091700 0.034300 0.035300 0.035400 0.000100 0.053500 0.035100 0.114400 0.035100 0.000000 0.017400 0.073800 0.016600 0.034800 0.052300 0.054300 0.055700 0.000100 0.017400 0.017400
GyrantGaze 0.000100 0.339500 0.017500 0.352200 0.017600 0.000100 0.034600 0.017200 0.035100 0.017500 0.000100 0.035800 0.017300 0.053600 0.017100 0.000100 0.035100 0.035300 0.053700 0.017500 0.000000 0.035600 0.017600 0.074500 0.000100 0.000000 0.017300 0.017500 0.000100 0.017500 0.017600 0.054200 0.092100 0.034600 0.035700 0.035800 0.000100 0.053600 0.035300 0.115100 0.035300 0.000100 0.017500 0.074300 0.017500 0.035100 0.052600 0.054400 0.056000 0.000200 0.017500 0.017500
Hartebeest 0.017300 0.309000 0.034900 0.349000 0.035100 0.017300 0.051600 0.034300 0.052500 0.035000 0.017100 0.053400 0.000000 0.071100 0.034200 0.017100 0.052600 0.052900 0.071400 0.034900 0.017300 0.053300 0.035100 0.093000 0.017100 0.017300 0.000000 0.034900 0.017100 0.034900 0.035100 0.072200 0.110600 0.016900 0.053200 0.053400 0.017300 0.071700 0.052900 0.134200 0.052900 0.017100 0.035000 0.092700 0.034900 0.017100 0.070100 0.072800 0.074500 0.017200 0.035000 0.034900
Bongo 0.017500 0.367700 0.000000 0.382800 0.035600 0.017500 0.052300 0.034800 0.017400 0.035500 0.017400 0.054300 0.034900 0.072200 0.034600 0.017400 0.053300 0.053700 0.035400 0.000000 0.017500 0.054100 0.035600 0.094600 0.016600 0.017500 0.034900 0.000000 0.017400 0.000000 0.035600 0.073300 0.112400 0.052400 0.054000 0.054300 0.017500 0.072700 0.053700 0.136400 0.053700 0.017400 0.035500 0.094300 0.035400 0.053200 0.071100 0.054700 0.075800 0.017500 0.000100 0.000000
Gerenuk 0.000100 0.337600 0.017400 0.351800 0.017500 0.000100 0.034300 0.016300 0.034800 0.017400 0.000000 0.035400 0.017100 0.053100 0.017000 0.000000 0.034900 0.035100 0.053200 0.017400 0.000100 0.035400 0.017500 0.074000 0.000000 0.000100 0.017100 0.017400 0.000000 0.017400 0.017500 0.053900 0.091700 0.034300 0.035300 0.035400 0.000100 0.053500 0.035100 0.114400 0.035100 0.000000 0.017400 0.073800 0.016700 0.034800 0.052300 0.054300 0.055700 0.000100 0.017400 0.017400
CommonElan 0.017500 0.367700 0.000000 0.382800 0.035600 0.017500 0.052300 0.034800 0.017400 0.035500 0.017400 0.054300 0.034900 0.072200 0.034600 0.017400 0.053300 0.053700 0.035400 0.000000 0.017500 0.054100 0.035600 0.094600 0.017400 0.017500 0.034900 0.000000 0.017400 0.000000 0.035600 0.073300 0.112400 0.052400 0.054000 0.054300 0.017500 0.072700 0.053700 0.136400 0.053700 0.017400 0.035500 0.094300 0.035400 0.053200 0.071100 0.054700 0.075800 0.017500 0.000100 0.000000
MuntiacusR 0.017500 0.369400 0.035600 0.336200 0.035700 0.017500 0.052700 0.035000 0.053600 0.000100 0.017500 0.054500 0.035100 0.072600 0.034700 0.017500 0.053500 0.053800 0.072800 0.035600 0.017600 0.054300 0.000000 0.055300 0.017500 0.017600 0.035100 0.035600 0.017500 0.035600 0.000000 0.073400 0.112700 0.052700 0.054400 0.054500 0.017500 0.073100 0.053800 0.095300 0.017500 0.017500 0.000100 0.055400 0.035600 0.053600 0.071200 0.074200 0.092300 0.017500 0.035600 0.035600
HarveysDui 0.054100 0.371000 0.073300 0.412900 0.073400 0.054100 0.053100 0.035300 0.091900 0.073200 0.053900 0.055100 0.072200 0.000100 0.071300 0.053900 0.053900 0.092300 0.112500 0.073300 0.054200 0.093000 0.073400 0.136800 0.053900 0.054200 0.072200 0.073300 0.053900 0.073300 0.073400 0.000000 0.154700 0.090300 0.054900 0.055100 0.054100 0.073700 0.054200 0.138000 0.092200 0.053900 0.073200 0.136400 0.073300 0.091900 0.071900 0.114600 0.056800 0.054100 0.073300 0.073300
Pronghorn 0.092100 0.363400 0.112400 0.430400 0.111000 0.092100 0.129200 0.110300 0.131600 0.112500 0.091700 0.093800 0.110600 0.153100 0.109100 0.091700 0.132000 0.132200 0.152500 0.112400 0.092100 0.133500 0.112700 0.137500 0.091700 0.092100 0.110600 0.112400 0.091700 0.112400 0.112700 0.154700 0.000000 0.129300 0.133700 0.093800 0.092100 0.143600 0.111400 0.228200 0.132200 0.091700 0.112500 0.136600 0.073500 0.130300 0.149700 0.147500 0.176900 0.092100 0.112400 0.112400
BlueWildeb 0.034500 0.331400 0.052400 0.320600 0.052700 0.034500 0.069000 0.051500 0.070100 0.052600 0.034300 0.071200 0.016900 0.089000 0.051300 0.034300 0.070300 0.070700 0.089300 0.052400 0.034600 0.071200 0.052700 0.111600 0.034300 0.034600 0.016900 0.052400 0.034300 0.052400 0.052700 0.090300 0.129300 0.000000 0.071000 0.071200 0.034500 0.089800 0.070700 0.153700 0.070600 0.034300 0.052600 0.111300 0.052400 0.034300 0.087800 0.091100 0.093200 0.034500 0.052500 0.052400
Gemsbok 0.035600 0.346400 0.054000 0.334700 0.054400 0.035600 0.071100 0.053100 0.072200 0.054300 0.035300 0.073600 0.053200 0.054200 0.052800 0.035300 0.072500 0.072900 0.092100 0.054000 0.035700 0.073600 0.054400 0.115800 0.035300 0.035700 0.053200 0.054000 0.035300 0.054000 0.054400 0.054900 0.133700 0.071000 0.000000 0.073600 0.035600 0.092900 0.072800 0.159300 0.072900 0.035300 0.054300 0.115500 0.054000 0.072300 0.090400 0.094300 0.037400 0.035600 0.054200 0.054000
Yak 0.035700 0.397400 0.054300 0.412800 0.054500 0.035700 0.071100 0.053200 0.072500 0.054400 0.035400 0.000000 0.053400 0.054300 0.052900 0.035400 0.072500 0.073000 0.092500 0.054300 0.035800 0.073600 0.054500 0.075900 0.035400 0.035800 0.053400 0.054300 0.035400 0.054300 0.054500 0.055100 0.093800 0.071200 0.073600 0.000000 0.035700 0.092800 0.073000 0.159500 0.072900 0.035400 0.054400 0.075700 0.017800 0.072500 0.090600 0.094500 0.057000 0.035700 0.054500 0.054300
BlueSheep 0.000000 0.337800 0.017500 0.351300 0.017500 0.000000 0.034500 0.017200 0.035100 0.017500 0.000100 0.035700 0.017300 0.053500 0.017100 0.000100 0.035000 0.035200 0.053700 0.017500 0.000100 0.035400 0.017500 0.074400 0.000100 0.000100 0.017300 0.017500 0.000100 0.017500 0.017500 0.054100 0.092100 0.034500 0.035600 0.035700 0.000000 0.053800 0.035200 0.114900 0.035300 0.000100 0.017500 0.074200 0.017500 0.035100 0.052600 0.054600 0.055900 0.000200 0.017500 0.017500
BohorReedb 0.053800 0.317200 0.072700 0.390500 0.035700 0.053800 0.052900 0.035100 0.091300 0.072900 0.053500 0.092800 0.071700 0.072900 0.071000 0.053500 0.035400 0.072500 0.072700 0.072700 0.053600 0.092600 0.073100 0.136000 0.053500 0.053600 0.071700 0.072700 0.053500 0.072700 0.073100 0.073700 0.143600 0.089800 0.092900 0.092800 0.053800 0.000000 0.053900 0.116000 0.091800 0.053500 0.072900 0.135700 0.072800 0.053500 0.071600 0.073900 0.116900 0.053700 0.072700 0.072700
KirksDik 0.035200 0.313700 0.053700 0.409200 0.053800 0.035200 0.034600 0.017300 0.071800 0.053700 0.035100 0.073000 0.052900 0.053600 0.052300 0.035100 0.035200 0.072100 0.091500 0.053700 0.035300 0.072700 0.053800 0.114200 0.035100 0.035300 0.052900 0.053700 0.035100 0.053700 0.053800 0.054200 0.111400 0.070700 0.072800 0.073000 0.035200 0.053900 0.000000 0.115300 0.072100 0.035100 0.053700 0.114000 0.053700 0.071800 0.052700 0.093100 0.095300 0.035200 0.053600 0.053700
RoeDeer 0.114900 0.442300 0.136400 0.434300 0.115500 0.114900 0.112700 0.093600 0.156600 0.095000 0.114400 0.159500 0.134200 0.136500 0.132600 0.114400 0.093300 0.113900 0.157600 0.136400 0.115100 0.158800 0.095300 0.077400 0.114400 0.115100 0.134200 0.136400 0.114400 0.136400 0.095300 0.138000 0.228200 0.153700 0.159300 0.159500 0.114900 0.116000 0.115300 0.000000 0.114900 0.114400 0.095000 0.077200 0.136400 0.135000 0.133600 0.139200 0.208100 0.114900 0.136500 0.136400
WhiteLippe 0.035300 0.394200 0.053700 0.360500 0.053800 0.035300 0.070600 0.052700 0.071800 0.017500 0.035100 0.072900 0.052900 0.091200 0.052300 0.035100 0.071700 0.072100 0.091500 0.053700 0.035300 0.072800 0.017500 0.074300 0.035100 0.035300 0.052900 0.053700 0.035100 0.053700 0.017500 0.092200 0.132200 0.070600 0.072900 0.072900 0.035300 0.091800 0.072100 0.114900 0.000000 0.035100 0.017500 0.074100 0.053600 0.071800 0.089500 0.093300 0.111600 0.035200 0.053700 0.053700
ThomsonGaz 0.000100 0.337600 0.017400 0.351800 0.017500 0.000100 0.034300 0.017100 0.034800 0.017400 0.000000 0.035400 0.017100 0.053100 0.017000 0.000000 0.034900 0.035100 0.053200 0.017400 0.000100 0.035400 0.017500 0.074000 0.000000 0.000100 0.017100 0.017400 0.000000 0.017400 0.017500 0.053900 0.091700 0.034300 0.035300 0.035400 0.000100 0.053500 0.035100 0.114400 0.035100 0.000000 0.017400 0.073800 0.017400 0.034800 0.052300 0.054300 0.055700 0.000100 0.017400 0.017400
MuntiacusC 0.017500 0.368500 0.035500 0.336100 0.035600 0.017500 0.052500 0.034900 0.053400 0.000000 0.017400 0.054400 0.035000 0.072500 0.034600 0.017400 0.053400 0.053700 0.072700 0.035500 0.017500 0.054100 0.000100 0.055400 0.017400 0.017500 0.035000 0.035500 0.017400 0.035500 0.000100 0.073200 0.112500 0.052600 0.054300 0.054400 0.017500 0.072900 0.053700 0.095000 0.017500 0.017400 0.000000 0.055200 0.035500 0.053400 0.071000 0.074000 0.091200 0.017500 0.035500 0.035500
WhiteTaile 0.074200 0.435300 0.094300 0.369600 0.094500 0.074200 0.111200 0.092400 0.113400 0.055200 0.073800 0.075700 0.092700 0.134900 0.091500 0.073800 0.113200 0.113900 0.135300 0.094300 0.074300 0.115000 0.055400 0.000100 0.073800 0.074300 0.092700 0.094300 0.073800 0.094300 0.055400 0.136400 0.136600 0.111300 0.115500 0.075700 0.074200 0.135700 0.114000 0.077200 0.074100 0.073800 0.055200 0.000000 0.055500 0.113500 0.131700 0.096200 0.160200 0.074100 0.094300 0.094300
Cattle 0.017500 0.366700 0.035400 0.381500 0.035600 0.017500 0.052300 0.034800 0.053200 0.035500 0.017400 0.017800 0.034900 0.072200 0.034600 0.017400 0.053300 0.053700 0.072400 0.035400 0.017500 0.054100 0.035600 0.055700 0.016600 0.017500 0.034900 0.035400 0.016700 0.035400 0.035600 0.073300 0.073500 0.052400 0.054000 0.017800 0.017500 0.072800 0.053700 0.136400 0.053600 0.017400 0.035500 0.055500 0.000000 0.053300 0.071100 0.074000 0.075800 0.017500 0.035500 0.035400
RoyalAntel 0.035100 0.337600 0.053200 0.381800 0.017500 0.035100 0.070000 0.052300 0.071200 0.053400 0.034800 0.072500 0.017100 0.090500 0.052100 0.034800 0.052900 0.053200 0.053200 0.053200 0.035100 0.072400 0.053600 0.113800 0.034800 0.035100 0.017100 0.053200 0.034800 0.053200 0.053600 0.091900 0.130300 0.034300 0.072300 0.072500 0.035100 0.053500 0.071800 0.135000 0.071800 0.034800 0.053400 0.113500 0.053300 0.000000 0.089200 0.092700 0.095000 0.035100 0.053400 0.053200
Steenbok 0.052600 0.358400 0.071100 0.382200 0.071300 0.052600 0.051700 0.034300 0.089100 0.071000 0.052300 0.090600 0.070100 0.071100 0.069400 0.052300 0.052500 0.052800 0.109000 0.071100 0.052600 0.090400 0.071200 0.132100 0.052300 0.052600 0.070100 0.071100 0.052300 0.071100 0.071200 0.071900 0.149700 0.087800 0.090400 0.090600 0.052600 0.071600 0.052700 0.133600 0.089500 0.052300 0.071000 0.131700 0.071100 0.089200 0.000000 0.111000 0.113500 0.052500 0.071000 0.071100
Impala 0.054600 0.347100 0.054700 0.337000 0.074100 0.054600 0.091100 0.072600 0.073200 0.074000 0.054300 0.094500 0.072800 0.113300 0.072000 0.054300 0.092600 0.093200 0.093300 0.054700 0.054400 0.094100 0.074200 0.096400 0.054300 0.054400 0.072800 0.054700 0.054300 0.054700 0.074200 0.114600 0.147500 0.091100 0.094300 0.094500 0.054600 0.073900 0.093100 0.139200 0.093300 0.054300 0.074000 0.096200 0.074000 0.092700 0.111000 0.000000 0.118900 0.054500 0.054700 0.054700
Klipspring 0.055900 0.353200 0.075800 0.371800 0.076000 0.055900 0.093200 0.074300 0.095000 0.091200 0.055700 0.057000 0.074500 0.056200 0.073600 0.055700 0.111100 0.113100 0.116400 0.075800 0.056000 0.096400 0.092300 0.161200 0.055700 0.056000 0.074500 0.075800 0.055700 0.075800 0.092300 0.056800 0.176900 0.093200 0.037400 0.057000 0.055900 0.116900 0.095300 0.208100 0.111600 0.055700 0.091200 0.160200 0.075800 0.095000 0.113500 0.118900 0.000000 0.072000 0.075800 0.075800
ForestMusk 0.000200 0.338900 0.017500 0.361100 0.017500 0.000200 0.034500 0.017200 0.035100 0.017500 0.000100 0.035700 0.017200 0.053500 0.017100 0.000100 0.035000 0.035100 0.053600 0.017500 0.000200 0.035500 0.017500 0.074300 0.000100 0.000200 0.017200 0.017500 0.000100 0.017500 0.017500 0.054100 0.092100 0.034500 0.035600 0.035700 0.000200 0.053700 0.035200 0.114900 0.035200 0.000100 0.017500 0.074100 0.017500 0.035100 0.052500 0.054500 0.072000 0.000000 0.017500 0.017500
Bushbuck 0.017500 0.368200 0.000100 0.381800 0.035600 0.017500 0.052500 0.034900 0.017400 0.035500 0.017400 0.054500 0.035000 0.072400 0.034600 0.017400 0.053300 0.053600 0.035500 0.000100 0.017500 0.054100 0.035600 0.094600 0.017400 0.017500 0.035000 0.000100 0.017400 0.000100 0.035600 0.073300 0.112400 0.052500 0.054200 0.054500 0.017500 0.072700 0.053600 0.136500 0.053700 0.017400 0.035500 0.094300 0.035500 0.053400 0.071000 0.054700 0.075800 0.017500 0.000000 0.000100
GreaterKud 0.017500 0.367700 0.000000 0.382800 0.035600 0.017500 0.052300 0.034800 0.017400 0.035500 0.017400 0.054300 0.034900 0.065500 0.034600 0.016600 0.053300 0.053700 0.034300 0.000000 0.017500 0.054100 0.035600 0.094600 0.017400 0.017500 0.034900 0.000000 0.017400 0.000000 0.035600 0.073300 0.112400 0.052400 0.054000 0.054300 0.017500 0.072700 0.053700 0.136400 0.053700 0.017400 0.035500 0.094300 0.035400 0.053200 0.071100 0.054700 0.075800 0.017500 0.000100 0.000000
