CODONML (in paml version 4.10.7, June 2023)  /home/rachel/ruminants_paml/6406-phy-tree/ENSBTAT00000021222.fasta.phy
Model: free dN/dS Ratios for branches,  kappa = 2.000 fixed

Codon frequency model: F3x4
ns =  54  ls =  90

Codon usage in sequences
--------------------------------------------------------------------------------------------------------------------------------------
Phe TTT   4   4   4   5   4   5 | Ser TCT   2   1   1   0   1   1 | Tyr TAT   3   3   3   2   3   2 | Cys TGT   2   2   2   2   1   1
    TTC   4   4   4   4   4   2 |     TCC   0   1   0   0   0   1 |     TAC   1   1   1   2   1   2 |     TGC   2   2   2   2   3   3
Leu TTA   0   0   0   0   0   0 |     TCA   1   1   1   2   1   1 | *** TAA   0   0   0   0   0   0 | *** TGA   0   0   0   0   0   0
    TTG   1   1   1   2   0   1 |     TCG   0   0   1   0   1   0 |     TAG   0   0   0   0   0   0 | Trp TGG   0   0   0   0   0   0
--------------------------------------------------------------------------------------------------------------------------------------
Leu CTT   2   1   2   1   2   1 | Pro CCT   0   0   0   0   0   0 | His CAT   1   1   1   2   1   1 | Arg CGT   0   0   0   0   0   0
    CTC   2   3   2   2   2   4 |     CCC   0   0   0   0   0   0 |     CAC   1   1   1   0   1   1 |     CGC   0   0   0   0   0   0
    CTA   1   0   1   1   0   1 |     CCA   0   0   0   0   0   0 | Gln CAA   0   0   0   0   0   0 |     CGA   1   1   1   1   2   1
    CTG   2   3   2   2   4   2 |     CCG   0   0   0   0   0   0 |     CAG   2   2   2   2   2   2 |     CGG   0   1   0   0   0   1
--------------------------------------------------------------------------------------------------------------------------------------
Ile ATT   0   1   0   0   1   0 | Thr ACT   2   2   2   2   2   2 | Asn AAT   2   1   2   2   1   1 | Ser AGT   0   0   0   0   0   0
    ATC   0   0   1   1   0   1 |     ACC   5   4   4   4   4   4 |     AAC   0   1   0   0   1   1 |     AGC   0   0   0   0   0   0
    ATA   4   4   4   4   2   4 |     ACA   1   2   0   0   1   1 | Lys AAA   0   0   0   0   0   0 | Arg AGA   1   1   1   1   1   1
Met ATG   3   3   3   3   4   3 |     ACG   1   0   2   2   0   1 |     AAG   3   3   3   3   2   2 |     AGG   1   0   1   1   1   1
--------------------------------------------------------------------------------------------------------------------------------------
Val GTT   3   3   3   3   4   1 | Ala GCT   5   4   4   4   5   6 | Asp GAT   2   2   2   2   1   2 | Gly GGT   0   0   0   0   0   0
    GTC   0   0   0   0   0   0 |     GCC   2   3   3   3   3   3 |     GAC   1   1   1   1   1   1 |     GGC   2   2   2   2   2   3
    GTA   2   3   2   2   3   2 |     GCA   2   2   2   2   1   0 | Glu GAA   4   4   4   4   4   4 |     GGA   4   5   4   4   6   5
    GTG   3   2   3   3   3   4 |     GCG   0   0   0   0   0   1 |     GAG   1   1   1   1   2   1 |     GGG   4   3   4   4   2   2
--------------------------------------------------------------------------------------------------------------------------------------

--------------------------------------------------------------------------------------------------------------------------------------
Phe TTT   4   4   4   4   4   4 | Ser TCT   2   2   2   2   1   1 | Tyr TAT   3   3   2   3   3   3 | Cys TGT   2   2   1   2   2   2
    TTC   4   4   4   4   4   4 |     TCC   0   0   0   0   0   0 |     TAC   1   1   2   1   1   1 |     TGC   2   2   3   2   2   2
Leu TTA   0   0   0   0   0   0 |     TCA   1   1   1   1   1   2 | *** TAA   0   0   0   0   0   0 | *** TGA   0   0   0   0   0   0
    TTG   2   1   1   1   1   1 |     TCG   0   0   0   0   1   0 |     TAG   0   0   0   0   0   0 | Trp TGG   0   0   0   0   0   0
--------------------------------------------------------------------------------------------------------------------------------------
Leu CTT   2   2   2   2   2   1 | Pro CCT   0   0   0   0   0   0 | His CAT   1   1   1   1   1   1 | Arg CGT   0   0   0   0   0   0
    CTC   2   2   2   2   2   3 |     CCC   0   0   0   0   0   0 |     CAC   1   1   1   1   1   1 |     CGC   0   0   0   0   0   0
    CTA   1   1   0   1   1   1 |     CCA   0   0   0   0   0   0 | Gln CAA   0   0   0   0   0   0 |     CGA   1   1   1   1   1   1
    CTG   1   2   3   2   2   2 |     CCG   0   0   0   0   0   0 |     CAG   2   2   2   2   2   2 |     CGG   0   0   0   0   0   0
--------------------------------------------------------------------------------------------------------------------------------------
Ile ATT   0   0   0   0   0   0 | Thr ACT   2   2   2   2   2   2 | Asn AAT   2   2   2   2   2   2 | Ser AGT   0   0   0   0   0   0
    ATC   1   0   1   1   1   1 |     ACC   4   5   4   4   4   4 |     AAC   0   0   0   0   0   0 |     AGC   0   0   0   0   0   0
    ATA   4   4   4   4   4   4 |     ACA   1   1   1   0   0   0 | Lys AAA   0   0   0   0   0   0 | Arg AGA   1   1   1   1   1   1
Met ATG   3   3   3   3   3   3 |     ACG   1   1   1   2   2   2 |     AAG   3   3   3   3   3   3 |     AGG   1   1   1   1   1   1
--------------------------------------------------------------------------------------------------------------------------------------
Val GTT   3   3   3   3   3   3 | Ala GCT   5   5   4   4   4   4 | Asp GAT   2   2   2   2   2   2 | Gly GGT   1   0   0   0   0   0
    GTC   0   0   0   0   0   0 |     GCC   3   2   3   3   3   3 |     GAC   1   1   1   1   1   1 |     GGC   1   2   2   2   2   2
    GTA   2   2   2   2   2   2 |     GCA   1   2   2   2   2   2 | Glu GAA   4   4   4   4   4   4 |     GGA   5   4   5   5   4   4
    GTG   3   3   3   3   3   3 |     GCG   0   0   0   0   0   0 |     GAG   1   1   1   1   1   1 |     GGG   3   4   3   3   4   4
--------------------------------------------------------------------------------------------------------------------------------------

--------------------------------------------------------------------------------------------------------------------------------------
Phe TTT   4   4   4   4   4   4 | Ser TCT   2   1   2   2   2   2 | Tyr TAT   3   3   3   2   3   3 | Cys TGT   2   2   2   2   2   2
    TTC   4   4   4   4   4   4 |     TCC   0   0   0   0   0   0 |     TAC   1   1   1   2   1   1 |     TGC   2   2   2   2   2   2
Leu TTA   0   0   0   0   0   0 |     TCA   1   1   1   1   1   1 | *** TAA   0   0   0   0   0   0 | *** TGA   0   0   0   0   0   0
    TTG   1   1   1   1   1   1 |     TCG   0   1   0   0   0   0 |     TAG   0   0   0   0   0   0 | Trp TGG   0   0   0   0   0   0
--------------------------------------------------------------------------------------------------------------------------------------
Leu CTT   2   2   2   2   2   2 | Pro CCT   0   0   0   0   0   0 | His CAT   1   1   1   1   1   1 | Arg CGT   0   0   0   0   0   0
    CTC   2   1   2   2   2   2 |     CCC   0   0   0   0   0   0 |     CAC   1   1   1   1   1   1 |     CGC   0   0   0   0   0   0
    CTA   1   1   1   0   0   1 |     CCA   0   0   0   0   0   0 | Gln CAA   0   0   0   0   0   0 |     CGA   1   1   1   1   1   1
    CTG   2   3   2   3   3   2 |     CCG   0   0   0   0   0   0 |     CAG   2   2   2   2   2   2 |     CGG   0   0   0   0   0   0
--------------------------------------------------------------------------------------------------------------------------------------
Ile ATT   0   0   0   0   0   0 | Thr ACT   2   2   2   2   2   1 | Asn AAT   2   2   2   2   2   2 | Ser AGT   0   0   0   0   0   0
    ATC   0   1   1   1   1   1 |     ACC   5   4   4   4   4   4 |     AAC   0   0   0   0   0   0 |     AGC   0   0   0   0   0   0
    ATA   4   4   4   4   4   4 |     ACA   0   0   0   1   0   0 | Lys AAA   0   0   0   0   0   0 | Arg AGA   1   1   1   1   1   1
Met ATG   3   3   3   3   3   3 |     ACG   2   2   2   1   2   3 |     AAG   3   3   3   2   3   3 |     AGG   1   1   1   2   1   1
--------------------------------------------------------------------------------------------------------------------------------------
Val GTT   3   3   3   3   3   3 | Ala GCT   4   4   5   4   4   4 | Asp GAT   2   2   2   2   2   2 | Gly GGT   0   0   0   0   0   0
    GTC   0   1   0   0   0   0 |     GCC   3   2   2   3   3   3 |     GAC   1   1   1   1   1   1 |     GGC   2   2   2   2   2   2
    GTA   2   2   2   2   2   2 |     GCA   2   2   2   2   2   2 | Glu GAA   4   4   4   4   4   4 |     GGA   4   4   5   6   5   5
    GTG   3   3   3   3   3   3 |     GCG   0   0   0   0   0   0 |     GAG   1   1   1   1   2   1 |     GGG   4   4   3   2   2   3
--------------------------------------------------------------------------------------------------------------------------------------

--------------------------------------------------------------------------------------------------------------------------------------
Phe TTT   4   4   5   4   4   5 | Ser TCT   1   1   2   1   2   2 | Tyr TAT   3   3   3   3   3   3 | Cys TGT   2   2   2   2   2   2
    TTC   4   4   3   4   4   3 |     TCC   0   0   0   0   0   0 |     TAC   1   1   1   1   1   1 |     TGC   2   2   2   2   2   2
Leu TTA   0   1   0   0   0   0 |     TCA   1   1   1   1   1   1 | *** TAA   0   0   0   0   0   0 | *** TGA   0   0   0   0   0   0
    TTG   1   1   1   1   1   1 |     TCG   1   1   0   1   0   0 |     TAG   0   0   0   0   0   0 | Trp TGG   0   0   0   0   0   0
--------------------------------------------------------------------------------------------------------------------------------------
Leu CTT   1   1   2   2   2   2 | Pro CCT   0   0   0   0   0   0 | His CAT   1   1   1   1   1   1 | Arg CGT   0   0   0   0   0   0
    CTC   3   3   2   2   2   2 |     CCC   0   0   0   0   0   0 |     CAC   1   1   1   1   1   1 |     CGC   0   0   0   0   0   0
    CTA   1   0   0   1   1   1 |     CCA   0   0   0   0   0   0 | Gln CAA   0   0   0   0   0   0 |     CGA   1   1   1   1   1   1
    CTG   2   2   3   2   2   2 |     CCG   0   0   0   0   0   0 |     CAG   2   2   2   2   2   2 |     CGG   0   0   0   0   0   0
--------------------------------------------------------------------------------------------------------------------------------------
Ile ATT   0   0   0   0   0   0 | Thr ACT   2   2   2   2   1   2 | Asn AAT   2   2   2   2   2   1 | Ser AGT   0   0   0   0   0   0
    ATC   1   1   0   1   1   0 |     ACC   4   4   5   3   4   4 |     AAC   0   0   0   0   0   1 |     AGC   0   0   0   0   0   0
    ATA   4   4   4   4   4   4 |     ACA   1   2   0   1   0   0 | Lys AAA   0   0   0   0   0   0 | Arg AGA   1   1   1   1   1   1
Met ATG   3   3   3   3   3   3 |     ACG   1   0   2   2   3   2 |     AAG   3   3   3   3   3   3 |     AGG   1   1   1   1   1   1
--------------------------------------------------------------------------------------------------------------------------------------
Val GTT   3   3   3   3   3   3 | Ala GCT   4   4   4   5   4   4 | Asp GAT   2   2   2   2   2   2 | Gly GGT   0   0   0   0   0   0
    GTC   0   0   0   0   0   0 |     GCC   3   3   3   2   3   4 |     GAC   1   1   1   1   1   1 |     GGC   2   2   2   2   2   2
    GTA   2   2   2   2   2   2 |     GCA   2   2   2   2   2   2 | Glu GAA   4   4   4   4   4   4 |     GGA   4   4   4   4   5   4
    GTG   3   3   3   3   3   3 |     GCG   0   0   0   0   0   0 |     GAG   1   1   1   1   1   1 |     GGG   4   4   4   4   3   4
--------------------------------------------------------------------------------------------------------------------------------------

--------------------------------------------------------------------------------------------------------------------------------------
Phe TTT   4   4   4   4   4   4 | Ser TCT   1   1   2   2   2   1 | Tyr TAT   3   3   3   3   3   3 | Cys TGT   2   2   2   2   2   2
    TTC   4   4   4   4   4   4 |     TCC   0   0   0   0   0   0 |     TAC   1   1   1   1   1   1 |     TGC   2   2   2   2   2   2
Leu TTA   0   0   0   0   0   0 |     TCA   1   1   1   1   1   1 | *** TAA   0   0   0   0   0   0 | *** TGA   0   0   0   0   0   0
    TTG   1   1   1   1   1   1 |     TCG   1   1   0   0   0   1 |     TAG   0   0   0   0   0   0 | Trp TGG   0   0   0   0   0   0
--------------------------------------------------------------------------------------------------------------------------------------
Leu CTT   2   1   2   2   2   2 | Pro CCT   0   0   0   0   0   0 | His CAT   1   1   1   1   1   1 | Arg CGT   0   0   0   0   0   0
    CTC   2   2   2   2   2   2 |     CCC   0   0   0   0   0   0 |     CAC   1   1   1   1   1   1 |     CGC   0   0   0   0   0   0
    CTA   1   1   1   1   1   1 |     CCA   0   0   0   0   0   0 | Gln CAA   0   0   0   0   0   0 |     CGA   1   1   1   1   1   1
    CTG   2   3   2   2   2   2 |     CCG   0   0   0   0   0   0 |     CAG   2   2   2   2   2   2 |     CGG   0   0   0   0   0   0
--------------------------------------------------------------------------------------------------------------------------------------
Ile ATT   0   0   0   0   0   0 | Thr ACT   2   2   2   1   2   2 | Asn AAT   2   2   2   2   2   2 | Ser AGT   0   0   0   0   0   0
    ATC   1   1   0   1   1   1 |     ACC   4   4   5   4   4   4 |     AAC   0   0   0   0   0   0 |     AGC   0   0   0   0   0   0
    ATA   4   4   4   4   4   4 |     ACA   1   0   0   0   0   0 | Lys AAA   0   0   0   0   0   0 | Arg AGA   1   1   1   1   1   1
Met ATG   3   3   3   3   3   3 |     ACG   1   2   2   3   2   2 |     AAG   3   3   3   3   3   3 |     AGG   1   1   1   1   1   1
--------------------------------------------------------------------------------------------------------------------------------------
Val GTT   3   3   3   3   3   3 | Ala GCT   4   4   4   4   4   4 | Asp GAT   2   2   2   2   2   2 | Gly GGT   0   0   0   0   0   0
    GTC   0   0   0   0   0   0 |     GCC   3   3   3   3   3   3 |     GAC   1   1   1   1   1   1 |     GGC   2   2   2   2   2   2
    GTA   2   2   2   2   2   2 |     GCA   2   2   2   2   2   2 | Glu GAA   4   4   4   4   4   4 |     GGA   4   4   4   5   5   4
    GTG   3   3   3   3   3   3 |     GCG   0   0   0   0   0   0 |     GAG   1   1   1   1   1   1 |     GGG   4   4   4   3   3   4
--------------------------------------------------------------------------------------------------------------------------------------

--------------------------------------------------------------------------------------------------------------------------------------
Phe TTT   4   4   4   4   4   4 | Ser TCT   2   1   1   2   1   2 | Tyr TAT   3   3   3   2   3   3 | Cys TGT   2   2   2   2   2   2
    TTC   4   4   4   4   4   4 |     TCC   0   0   0   0   0   0 |     TAC   1   1   1   2   1   1 |     TGC   2   2   2   2   2   2
Leu TTA   0   0   0   0   0   0 |     TCA   1   1   2   1   1   1 | *** TAA   0   0   0   0   0   0 | *** TGA   0   0   0   0   0   0
    TTG   1   1   1   1   1   1 |     TCG   0   1   0   0   1   0 |     TAG   0   0   0   0   0   0 | Trp TGG   0   0   0   0   0   0
--------------------------------------------------------------------------------------------------------------------------------------
Leu CTT   2   2   2   2   1   2 | Pro CCT   0   0   0   0   0   0 | His CAT   1   1   1   1   1   1 | Arg CGT   0   0   0   0   0   0
    CTC   2   2   2   2   3   2 |     CCC   0   0   0   0   0   0 |     CAC   1   1   1   1   1   1 |     CGC   0   0   0   0   0   0
    CTA   1   1   1   0   0   1 |     CCA   0   0   0   0   0   0 | Gln CAA   0   0   0   0   0   0 |     CGA   1   1   1   1   1   1
    CTG   2   2   2   3   3   2 |     CCG   0   0   0   0   0   0 |     CAG   2   2   2   2   2   2 |     CGG   0   0   0   0   0   0
--------------------------------------------------------------------------------------------------------------------------------------
Ile ATT   0   0   0   0   0   0 | Thr ACT   1   2   2   2   2   2 | Asn AAT   2   2   2   2   2   2 | Ser AGT   0   0   0   0   0   0
    ATC   1   1   1   1   1   1 |     ACC   4   4   4   4   4   4 |     AAC   0   0   0   0   0   0 |     AGC   0   0   0   0   0   0
    ATA   4   4   4   4   4   4 |     ACA   0   0   1   1   0   0 | Lys AAA   0   0   0   0   0   0 | Arg AGA   1   1   1   1   1   1
Met ATG   3   3   3   3   3   3 |     ACG   3   2   1   1   2   2 |     AAG   3   3   3   3   3   3 |     AGG   1   1   1   1   1   1
--------------------------------------------------------------------------------------------------------------------------------------
Val GTT   3   3   3   3   3   3 | Ala GCT   4   4   4   4   5   4 | Asp GAT   2   2   2   2   2   2 | Gly GGT   0   0   0   0   0   0
    GTC   0   0   0   0   0   0 |     GCC   3   3   3   3   2   3 |     GAC   1   1   1   1   1   1 |     GGC   2   2   2   3   2   2
    GTA   2   2   2   2   2   2 |     GCA   2   2   2   2   2   2 | Glu GAA   5   4   4   4   4   4 |     GGA   5   4   4   5   4   5
    GTG   3   3   3   3   3   3 |     GCG   0   0   0   0   0   0 |     GAG   0   1   1   1   1   1 |     GGG   3   4   4   2   4   3
--------------------------------------------------------------------------------------------------------------------------------------

--------------------------------------------------------------------------------------------------------------------------------------
Phe TTT   4   3   4   4   4   4 | Ser TCT   2   1   2   2   2   1 | Tyr TAT   3   3   3   2   3   3 | Cys TGT   2   2   2   2   2   3
    TTC   4   5   4   4   4   4 |     TCC   0   0   0   0   0   0 |     TAC   1   1   1   2   1   1 |     TGC   2   2   2   2   2   1
Leu TTA   0   0   0   0   0   0 |     TCA   1   1   1   1   1   1 | *** TAA   0   0   0   0   0   0 | *** TGA   0   0   0   0   0   0
    TTG   1   1   1   2   1   1 |     TCG   0   1   0   0   0   1 |     TAG   0   0   0   0   0   0 | Trp TGG   0   0   0   0   0   0
--------------------------------------------------------------------------------------------------------------------------------------
Leu CTT   2   2   2   2   2   1 | Pro CCT   0   0   0   0   0   0 | His CAT   1   1   1   1   1   1 | Arg CGT   0   0   0   0   0   0
    CTC   2   2   2   2   2   2 |     CCC   0   0   0   0   0   0 |     CAC   1   1   1   1   1   1 |     CGC   0   0   0   0   0   0
    CTA   1   1   1   1   1   1 |     CCA   0   0   0   0   0   0 | Gln CAA   0   0   0   0   0   0 |     CGA   1   1   1   1   1   1
    CTG   2   2   2   1   2   3 |     CCG   0   0   0   0   0   0 |     CAG   2   2   2   2   2   2 |     CGG   0   0   0   0   1   0
--------------------------------------------------------------------------------------------------------------------------------------
Ile ATT   0   0   0   0   0   0 | Thr ACT   2   2   2   2   2   2 | Asn AAT   2   2   2   2   2   2 | Ser AGT   0   0   0   0   0   0
    ATC   1   1   0   1   1   1 |     ACC   4   4   5   4   4   4 |     AAC   0   0   0   0   0   0 |     AGC   0   0   0   0   0   0
    ATA   4   4   4   4   4   4 |     ACA   1   0   0   1   0   0 | Lys AAA   0   0   0   0   0   0 | Arg AGA   1   1   1   1   1   1
Met ATG   3   3   3   3   3   3 |     ACG   1   2   2   1   2   2 |     AAG   3   3   3   3   3   3 |     AGG   1   1   1   1   0   1
--------------------------------------------------------------------------------------------------------------------------------------
Val GTT   3   3   3   3   3   3 | Ala GCT   4   4   4   5   4   4 | Asp GAT   2   2   2   2   2   2 | Gly GGT   0   0   0   0   0   0
    GTC   0   0   0   0   0   0 |     GCC   3   3   3   3   3   3 |     GAC   1   1   1   1   1   1 |     GGC   2   2   2   2   3   2
    GTA   2   2   2   2   2   2 |     GCA   2   2   2   1   2   1 | Glu GAA   4   4   4   4   4   4 |     GGA   5   4   4   5   5   4
    GTG   3   3   3   3   3   3 |     GCG   0   0   0   0   0   1 |     GAG   1   1   1   1   1   1 |     GGG   3   4   4   3   2   4
--------------------------------------------------------------------------------------------------------------------------------------

--------------------------------------------------------------------------------------------------------------------------------------
Phe TTT   4   4   4   4   4   3 | Ser TCT   1   2   1   1   1   2 | Tyr TAT   3   3   3   3   3   3 | Cys TGT   2   2   2   2   2   2
    TTC   4   4   4   4   4   5 |     TCC   0   0   0   0   0   0 |     TAC   1   1   1   1   1   1 |     TGC   2   2   2   2   2   2
Leu TTA   0   0   0   0   0   0 |     TCA   1   1   2   1   1   1 | *** TAA   0   0   0   0   0   0 | *** TGA   0   0   0   0   0   0
    TTG   1   1   1   1   1   1 |     TCG   1   0   0   1   1   0 |     TAG   0   0   0   0   0   0 | Trp TGG   0   0   0   0   0   0
--------------------------------------------------------------------------------------------------------------------------------------
Leu CTT   2   2   1   1   2   2 | Pro CCT   0   0   0   0   0   0 | His CAT   1   1   1   1   1   1 | Arg CGT   0   0   0   0   0   0
    CTC   1   2   3   2   2   2 |     CCC   0   0   0   0   0   0 |     CAC   1   1   1   1   1   1 |     CGC   0   0   0   0   0   0
    CTA   1   1   1   1   1   1 |     CCA   0   0   0   0   0   0 | Gln CAA   0   0   0   0   0   0 |     CGA   1   1   1   1   1   1
    CTG   3   2   2   3   2   2 |     CCG   0   0   0   0   0   0 |     CAG   2   2   2   2   2   2 |     CGG   0   0   0   0   0   0
--------------------------------------------------------------------------------------------------------------------------------------
Ile ATT   0   0   0   0   0   0 | Thr ACT   2   1   2   2   2   2 | Asn AAT   2   2   2   2   2   2 | Ser AGT   0   0   0   0   0   0
    ATC   1   1   1   1   1   1 |     ACC   4   4   4   4   4   4 |     AAC   0   0   0   0   0   0 |     AGC   0   0   0   0   0   0
    ATA   4   4   4   4   4   4 |     ACA   2   0   1   0   0   0 | Lys AAA   0   0   0   0   0   0 | Arg AGA   1   1   1   1   1   1
Met ATG   3   3   3   3   3   3 |     ACG   0   3   1   2   2   2 |     AAG   3   3   3   3   3   3 |     AGG   1   1   1   1   1   1
--------------------------------------------------------------------------------------------------------------------------------------
Val GTT   3   3   3   3   3   2 | Ala GCT   4   4   4   4   4   4 | Asp GAT   2   2   3   2   2   2 | Gly GGT   0   0   0   0   0   0
    GTC   0   0   0   0   0   1 |     GCC   3   3   3   3   3   3 |     GAC   1   1   0   1   1   1 |     GGC   2   2   2   2   2   3
    GTA   2   2   2   2   2   2 |     GCA   2   2   2   2   2   2 | Glu GAA   4   4   4   4   4   4 |     GGA   4   5   4   4   5   4
    GTG   3   3   3   3   3   3 |     GCG   0   0   0   0   0   0 |     GAG   1   1   1   1   1   1 |     GGG   4   3   4   4   3   3
--------------------------------------------------------------------------------------------------------------------------------------

--------------------------------------------------------------------------------------------------------------------------------------
Phe TTT   5   4   5   5   4   4 | Ser TCT   2   2   2   0   1   1 | Tyr TAT   3   3   3   2   3   3 | Cys TGT   2   1   2   2   2   2
    TTC   3   4   3   4   4   4 |     TCC   0   0   0   0   0   0 |     TAC   1   1   1   2   1   1 |     TGC   2   3   2   2   2   2
Leu TTA   0   0   0   0   0   0 |     TCA   1   1   1   1   1   1 | *** TAA   0   0   0   0   0   0 | *** TGA   0   0   0   0   0   0
    TTG   1   1   1   2   1   1 |     TCG   0   0   0   1   1   1 |     TAG   0   0   0   0   0   0 | Trp TGG   0   0   0   0   0   0
--------------------------------------------------------------------------------------------------------------------------------------
Leu CTT   2   2   3   1   1   1 | Pro CCT   0   0   0   0   0   0 | His CAT   1   1   1   2   1   1 | Arg CGT   0   0   0   0   0   0
    CTC   2   2   1   2   2   2 |     CCC   0   0   0   0   0   0 |     CAC   1   1   1   0   1   1 |     CGC   0   0   0   0   0   0
    CTA   1   1   1   0   1   1 |     CCA   0   0   0   0   0   0 | Gln CAA   0   0   0   0   0   0 |     CGA   1   1   1   1   1   1
    CTG   2   2   2   3   3   3 |     CCG   0   0   0   0   0   0 |     CAG   2   2   2   2   2   2 |     CGG   0   0   0   0   0   0
--------------------------------------------------------------------------------------------------------------------------------------
Ile ATT   0   0   0   0   0   0 | Thr ACT   2   2   3   2   2   2 | Asn AAT   2   2   2   2   2   2 | Ser AGT   0   0   0   0   0   0
    ATC   1   1   1   1   1   1 |     ACC   4   4   3   4   4   4 |     AAC   0   0   0   0   0   0 |     AGC   0   0   0   0   0   0
    ATA   4   4   4   4   4   4 |     ACA   1   1   1   1   2   0 | Lys AAA   0   0   0   0   0   0 | Arg AGA   1   1   2   1   1   1
Met ATG   3   3   3   3   3   3 |     ACG   1   1   1   1   0   2 |     AAG   3   3   3   3   3   3 |     AGG   1   1   0   1   1   1
--------------------------------------------------------------------------------------------------------------------------------------
Val GTT   3   3   2   3   3   3 | Ala GCT   4   4   4   4   4   4 | Asp GAT   3   2   2   2   2   2 | Gly GGT   0   0   0   0   0   0
    GTC   0   0   1   0   0   0 |     GCC   3   4   3   3   3   3 |     GAC   0   1   1   1   1   1 |     GGC   3   2   2   2   3   3
    GTA   2   2   2   2   2   2 |     GCA   2   1   1   2   2   2 | Glu GAA   4   4   4   4   4   4 |     GGA   5   5   5   4   4   4
    GTG   3   3   3   3   3   3 |     GCG   0   0   1   0   0   0 |     GAG   1   1   1   1   1   1 |     GGG   2   3   3   4   3   3
--------------------------------------------------------------------------------------------------------------------------------------

Codon position x base (3x4) table for each sequence.

#1: Argali         
position  1:    T:0.22222    C:0.13333    A:0.25556    G:0.38889
position  2:    T:0.34444    C:0.23333    A:0.23333    G:0.18889
position  3:    T:0.31111    C:0.22222    A:0.23333    G:0.23333
Average         T:0.29259    C:0.19630    A:0.24074    G:0.27037

#2: LesserMouseDeer
position  1:    T:0.22222    C:0.14444    A:0.24444    G:0.38889
position  2:    T:0.35556    C:0.22222    A:0.23333    G:0.18889
position  3:    T:0.27778    C:0.25556    A:0.25556    G:0.21111
Average         T:0.28519    C:0.20741    A:0.24444    G:0.26296

#3: LesserKudu     
position  1:    T:0.22222    C:0.13333    A:0.25556    G:0.38889
position  2:    T:0.35556    C:0.22222    A:0.23333    G:0.18889
position  3:    T:0.28889    C:0.23333    A:0.22222    G:0.25556
Average         T:0.28889    C:0.19630    A:0.23704    G:0.27778

#4: ForestMuskDeer2
position  1:    T:0.23333    C:0.12222    A:0.25556    G:0.38889
position  2:    T:0.36667    C:0.21111    A:0.23333    G:0.18889
position  3:    T:0.27778    C:0.23333    A:0.23333    G:0.25556
Average         T:0.29259    C:0.18889    A:0.24074    G:0.27778

#5: Camel          
position  1:    T:0.21111    C:0.15556    A:0.22222    G:0.41111
position  2:    T:0.36667    C:0.21111    A:0.22222    G:0.20000
position  3:    T:0.28889    C:0.24444    A:0.23333    G:0.23333
Average         T:0.28889    C:0.20370    A:0.22593    G:0.28148

#6: KillerWhale    
position  1:    T:0.21111    C:0.15556    A:0.24444    G:0.38889
position  2:    T:0.34444    C:0.23333    A:0.22222    G:0.20000
position  3:    T:0.25556    C:0.28889    A:0.22222    G:0.23333
Average         T:0.27037    C:0.22593    A:0.22963    G:0.27407

#7: DefassaWaterbuck
position  1:    T:0.23333    C:0.12222    A:0.25556    G:0.38889
position  2:    T:0.35556    C:0.22222    A:0.23333    G:0.18889
position  3:    T:0.32222    C:0.22222    A:0.23333    G:0.22222
Average         T:0.30370    C:0.18889    A:0.24074    G:0.26667

#8: Sheep          
position  1:    T:0.22222    C:0.13333    A:0.25556    G:0.38889
position  2:    T:0.34444    C:0.23333    A:0.23333    G:0.18889
position  3:    T:0.31111    C:0.22222    A:0.23333    G:0.23333
Average         T:0.29259    C:0.19630    A:0.24074    G:0.27037

#9: MaxwellsDuiker 
position  1:    T:0.22222    C:0.13333    A:0.25556    G:0.38889
position  2:    T:0.35556    C:0.22222    A:0.23333    G:0.18889
position  3:    T:0.27778    C:0.25556    A:0.23333    G:0.23333
Average         T:0.28519    C:0.20370    A:0.24074    G:0.27037

#10: GazellaPrzewalskyi
position  1:    T:0.22222    C:0.13333    A:0.25556    G:0.38889
position  2:    T:0.35556    C:0.22222    A:0.23333    G:0.18889
position  3:    T:0.30000    C:0.23333    A:0.23333    G:0.23333
Average         T:0.29259    C:0.19630    A:0.24074    G:0.27037

#11: MountainNyala  
position  1:    T:0.22222    C:0.13333    A:0.25556    G:0.38889
position  2:    T:0.35556    C:0.22222    A:0.23333    G:0.18889
position  3:    T:0.28889    C:0.23333    A:0.22222    G:0.25556
Average         T:0.28889    C:0.19630    A:0.23704    G:0.27778

#12: MuntiacusMuntjak
position  1:    T:0.22222    C:0.13333    A:0.25556    G:0.38889
position  2:    T:0.35556    C:0.22222    A:0.23333    G:0.18889
position  3:    T:0.27778    C:0.24444    A:0.23333    G:0.24444
Average         T:0.28519    C:0.20000    A:0.24074    G:0.27407

#13: goat           
position  1:    T:0.22222    C:0.13333    A:0.25556    G:0.38889
position  2:    T:0.34444    C:0.23333    A:0.23333    G:0.18889
position  3:    T:0.30000    C:0.23333    A:0.22222    G:0.24444
Average         T:0.28889    C:0.20000    A:0.23704    G:0.27407

#14: AfricanBuffalo 
position  1:    T:0.22222    C:0.13333    A:0.25556    G:0.38889
position  2:    T:0.36667    C:0.21111    A:0.23333    G:0.18889
position  3:    T:0.28889    C:0.22222    A:0.22222    G:0.26667
Average         T:0.29259    C:0.18889    A:0.23704    G:0.28148

#15: Topi           
position  1:    T:0.22222    C:0.13333    A:0.25556    G:0.38889
position  2:    T:0.35556    C:0.22222    A:0.23333    G:0.18889
position  3:    T:0.31111    C:0.22222    A:0.23333    G:0.23333
Average         T:0.29630    C:0.19259    A:0.24074    G:0.27037

#16: CommonDuiker   
position  1:    T:0.22222    C:0.13333    A:0.25556    G:0.38889
position  2:    T:0.35556    C:0.22222    A:0.22222    G:0.20000
position  3:    T:0.28889    C:0.24444    A:0.24444    G:0.22222
Average         T:0.28889    C:0.20000    A:0.24074    G:0.27037

#17: Suni           
position  1:    T:0.22222    C:0.13333    A:0.25556    G:0.38889
position  2:    T:0.35556    C:0.22222    A:0.24444    G:0.17778
position  3:    T:0.30000    C:0.23333    A:0.22222    G:0.24444
Average         T:0.29259    C:0.19630    A:0.24074    G:0.27037

#18: Springbuck     
position  1:    T:0.22222    C:0.13333    A:0.25556    G:0.38889
position  2:    T:0.35556    C:0.22222    A:0.23333    G:0.18889
position  3:    T:0.28889    C:0.23333    A:0.23333    G:0.24444
Average         T:0.28889    C:0.19630    A:0.24074    G:0.27407

#19: Okapi          
position  1:    T:0.22222    C:0.13333    A:0.25556    G:0.38889
position  2:    T:0.35556    C:0.22222    A:0.23333    G:0.18889
position  3:    T:0.27778    C:0.24444    A:0.23333    G:0.24444
Average         T:0.28519    C:0.20000    A:0.24074    G:0.27407

#20: Giraffe        
position  1:    T:0.23333    C:0.12222    A:0.25556    G:0.38889
position  2:    T:0.35556    C:0.22222    A:0.23333    G:0.18889
position  3:    T:0.27778    C:0.24444    A:0.24444    G:0.23333
Average         T:0.28889    C:0.19630    A:0.24444    G:0.27037

#21: TibetanAntelope
position  1:    T:0.22222    C:0.13333    A:0.25556    G:0.38889
position  2:    T:0.34444    C:0.23333    A:0.23333    G:0.18889
position  3:    T:0.31111    C:0.22222    A:0.21111    G:0.25556
Average         T:0.29259    C:0.19630    A:0.23333    G:0.27778

#22: Sitatunga      
position  1:    T:0.22222    C:0.13333    A:0.25556    G:0.38889
position  2:    T:0.35556    C:0.22222    A:0.23333    G:0.18889
position  3:    T:0.30000    C:0.21111    A:0.23333    G:0.25556
Average         T:0.29259    C:0.18889    A:0.24074    G:0.27778

#23: Oribi          
position  1:    T:0.22222    C:0.13333    A:0.25556    G:0.38889
position  2:    T:0.35556    C:0.22222    A:0.23333    G:0.18889
position  3:    T:0.28889    C:0.23333    A:0.23333    G:0.24444
Average         T:0.28889    C:0.19630    A:0.24074    G:0.27407

#24: BarbarySheep   
position  1:    T:0.22222    C:0.13333    A:0.24444    G:0.40000
position  2:    T:0.34444    C:0.23333    A:0.23333    G:0.18889
position  3:    T:0.30000    C:0.23333    A:0.22222    G:0.24444
Average         T:0.28889    C:0.20000    A:0.23333    G:0.27778

#25: Daviddeer      
position  1:    T:0.22222    C:0.13333    A:0.25556    G:0.38889
position  2:    T:0.35556    C:0.22222    A:0.23333    G:0.18889
position  3:    T:0.28889    C:0.23333    A:0.23333    G:0.24444
Average         T:0.28889    C:0.19630    A:0.24074    G:0.27407

#26: Reindeer       
position  1:    T:0.22222    C:0.13333    A:0.25556    G:0.38889
position  2:    T:0.35556    C:0.22222    A:0.23333    G:0.18889
position  3:    T:0.27778    C:0.23333    A:0.22222    G:0.26667
Average         T:0.28519    C:0.19630    A:0.23704    G:0.28148

#27: Ibex           
position  1:    T:0.22222    C:0.13333    A:0.25556    G:0.38889
position  2:    T:0.34444    C:0.23333    A:0.23333    G:0.18889
position  3:    T:0.30000    C:0.23333    A:0.22222    G:0.24444
Average         T:0.28889    C:0.20000    A:0.23704    G:0.27407

#28: GyrantGazelle  
position  1:    T:0.22222    C:0.13333    A:0.25556    G:0.38889
position  2:    T:0.35556    C:0.22222    A:0.23333    G:0.18889
position  3:    T:0.28889    C:0.23333    A:0.23333    G:0.24444
Average         T:0.28889    C:0.19630    A:0.24074    G:0.27407

#29: Hartebeest     
position  1:    T:0.22222    C:0.13333    A:0.25556    G:0.38889
position  2:    T:0.35556    C:0.22222    A:0.23333    G:0.18889
position  3:    T:0.30000    C:0.23333    A:0.23333    G:0.23333
Average         T:0.29259    C:0.19630    A:0.24074    G:0.27037

#30: Bongo          
position  1:    T:0.22222    C:0.13333    A:0.25556    G:0.38889
position  2:    T:0.35556    C:0.22222    A:0.23333    G:0.18889
position  3:    T:0.28889    C:0.23333    A:0.22222    G:0.25556
Average         T:0.28889    C:0.19630    A:0.23704    G:0.27778

#31: Gerenuk        
position  1:    T:0.22222    C:0.13333    A:0.25556    G:0.38889
position  2:    T:0.35556    C:0.22222    A:0.23333    G:0.18889
position  3:    T:0.28889    C:0.23333    A:0.24444    G:0.23333
Average         T:0.28889    C:0.19630    A:0.24444    G:0.27037

#32: CommonEland    
position  1:    T:0.22222    C:0.13333    A:0.25556    G:0.38889
position  2:    T:0.35556    C:0.22222    A:0.23333    G:0.18889
position  3:    T:0.28889    C:0.23333    A:0.22222    G:0.25556
Average         T:0.28889    C:0.19630    A:0.23704    G:0.27778

#33: MuntiacusReevesi
position  1:    T:0.22222    C:0.13333    A:0.25556    G:0.38889
position  2:    T:0.35556    C:0.22222    A:0.23333    G:0.18889
position  3:    T:0.28889    C:0.23333    A:0.24444    G:0.23333
Average         T:0.28889    C:0.19630    A:0.24444    G:0.27037

#34: HarveysDuiker  
position  1:    T:0.22222    C:0.13333    A:0.25556    G:0.38889
position  2:    T:0.35556    C:0.22222    A:0.23333    G:0.18889
position  3:    T:0.28889    C:0.25556    A:0.23333    G:0.22222
Average         T:0.28889    C:0.20370    A:0.24074    G:0.26667

#35: Pronghorn      
position  1:    T:0.22222    C:0.13333    A:0.25556    G:0.38889
position  2:    T:0.35556    C:0.22222    A:0.23333    G:0.18889
position  3:    T:0.28889    C:0.23333    A:0.21111    G:0.26667
Average         T:0.28889    C:0.19630    A:0.23333    G:0.28148

#36: BlueWildebeest 
position  1:    T:0.22222    C:0.13333    A:0.25556    G:0.38889
position  2:    T:0.35556    C:0.22222    A:0.23333    G:0.18889
position  3:    T:0.30000    C:0.23333    A:0.23333    G:0.23333
Average         T:0.29259    C:0.19630    A:0.24074    G:0.27037

#37: Gemsbok        
position  1:    T:0.22222    C:0.13333    A:0.25556    G:0.38889
position  2:    T:0.35556    C:0.22222    A:0.23333    G:0.18889
position  3:    T:0.30000    C:0.23333    A:0.24444    G:0.22222
Average         T:0.29259    C:0.19630    A:0.24444    G:0.26667

#38: Yak            
position  1:    T:0.22222    C:0.13333    A:0.25556    G:0.38889
position  2:    T:0.35556    C:0.22222    A:0.23333    G:0.18889
position  3:    T:0.27778    C:0.24444    A:0.22222    G:0.25556
Average         T:0.28519    C:0.20000    A:0.23704    G:0.27778

#39: BlueSheep      
position  1:    T:0.22222    C:0.13333    A:0.25556    G:0.38889
position  2:    T:0.34444    C:0.23333    A:0.23333    G:0.18889
position  3:    T:0.30000    C:0.23333    A:0.22222    G:0.24444
Average         T:0.28889    C:0.20000    A:0.23704    G:0.27407

#40: BohorReedbuck  
position  1:    T:0.23333    C:0.12222    A:0.25556    G:0.38889
position  2:    T:0.35556    C:0.22222    A:0.23333    G:0.18889
position  3:    T:0.30000    C:0.24444    A:0.23333    G:0.22222
Average         T:0.29630    C:0.19630    A:0.24074    G:0.26667

#41: KirksDik       
position  1:    T:0.22222    C:0.14444    A:0.24444    G:0.38889
position  2:    T:0.35556    C:0.22222    A:0.23333    G:0.18889
position  3:    T:0.30000    C:0.24444    A:0.23333    G:0.22222
Average         T:0.29259    C:0.20370    A:0.23704    G:0.26667

#42: RoeDeer        
position  1:    T:0.22222    C:0.13333    A:0.25556    G:0.38889
position  2:    T:0.35556    C:0.22222    A:0.23333    G:0.18889
position  3:    T:0.28889    C:0.22222    A:0.21111    G:0.27778
Average         T:0.28889    C:0.19259    A:0.23333    G:0.28519

#43: WhiteLippedDeer
position  1:    T:0.22222    C:0.13333    A:0.25556    G:0.38889
position  2:    T:0.35556    C:0.22222    A:0.23333    G:0.18889
position  3:    T:0.28889    C:0.22222    A:0.24444    G:0.24444
Average         T:0.28889    C:0.19259    A:0.24444    G:0.27407

#44: ThomsonGazelle 
position  1:    T:0.22222    C:0.13333    A:0.25556    G:0.38889
position  2:    T:0.35556    C:0.22222    A:0.23333    G:0.18889
position  3:    T:0.28889    C:0.23333    A:0.23333    G:0.24444
Average         T:0.28889    C:0.19630    A:0.24074    G:0.27407

#45: MuntiacusCrinifrons
position  1:    T:0.22222    C:0.13333    A:0.25556    G:0.38889
position  2:    T:0.35556    C:0.22222    A:0.23333    G:0.18889
position  3:    T:0.28889    C:0.23333    A:0.24444    G:0.23333
Average         T:0.28889    C:0.19630    A:0.24444    G:0.27037

#46: WhiteTailedDeer
position  1:    T:0.22222    C:0.13333    A:0.25556    G:0.38889
position  2:    T:0.35556    C:0.22222    A:0.23333    G:0.18889
position  3:    T:0.27778    C:0.23333    A:0.22222    G:0.26667
Average         T:0.28519    C:0.19630    A:0.23704    G:0.28148

#47: Cattle         
position  1:    T:0.22222    C:0.13333    A:0.25556    G:0.38889
position  2:    T:0.35556    C:0.22222    A:0.23333    G:0.18889
position  3:    T:0.28889    C:0.23333    A:0.23333    G:0.24444
Average         T:0.28889    C:0.19630    A:0.24074    G:0.27407

#48: RoyalAntelope  
position  1:    T:0.22222    C:0.13333    A:0.25556    G:0.38889
position  2:    T:0.35556    C:0.22222    A:0.23333    G:0.18889
position  3:    T:0.27778    C:0.26667    A:0.22222    G:0.23333
Average         T:0.28519    C:0.20741    A:0.23704    G:0.27037

#49: Steenbok       
position  1:    T:0.22222    C:0.13333    A:0.25556    G:0.38889
position  2:    T:0.35556    C:0.22222    A:0.23333    G:0.18889
position  3:    T:0.32222    C:0.22222    A:0.24444    G:0.21111
Average         T:0.30000    C:0.19259    A:0.24444    G:0.26296

#50: Impala         
position  1:    T:0.22222    C:0.13333    A:0.25556    G:0.38889
position  2:    T:0.35556    C:0.22222    A:0.23333    G:0.18889
position  3:    T:0.28889    C:0.25556    A:0.23333    G:0.22222
Average         T:0.28889    C:0.20370    A:0.24074    G:0.26667

#51: Klipspringer   
position  1:    T:0.22222    C:0.13333    A:0.25556    G:0.38889
position  2:    T:0.35556    C:0.22222    A:0.23333    G:0.18889
