1
52 1
Argali 0.000000 0.202600 0.038400 0.175500 0.034900 0.007600 0.051000 0.039100 0.046700 0.071400 0.007600 0.046800 0.035100 0.035100 0.042800 0.027100 0.063900 0.059900 0.022900 0.038800 0.023500 0.007600 0.067000 0.059000 0.003800 0.034500 0.035100 0.038900 0.038900 0.034900 0.071600 0.042800 0.071300 0.035100 0.047000 0.038900 0.007600 0.042900 0.043300 0.067700 0.055100 0.023000 0.071400 0.055400 0.031100 0.039300 0.047000 0.046900 0.050900 0.047400 0.042800 0.042800
LesserMous 0.202600 0.000000 0.218100 0.285600 0.207900 0.211900 0.240100 0.225200 0.234500 0.245700 0.212600 0.223200 0.230200 0.219900 0.228200 0.229200 0.238600 0.244400 0.212100 0.224000 0.211600 0.213500 0.238800 0.228800 0.208100 0.237100 0.230000 0.225000 0.233300 0.219300 0.246500 0.228400 0.229100 0.230200 0.245000 0.223900 0.212700 0.218100 0.231100 0.220000 0.213900 0.223800 0.245700 0.220600 0.214600 0.216100 0.225600 0.235100 0.239000 0.222900 0.229700 0.229500
LesserKudu 0.038400 0.218100 0.000000 0.180500 0.043000 0.042600 0.055200 0.051300 0.015300 0.063300 0.038800 0.046900 0.055400 0.051300 0.055000 0.051100 0.055800 0.060000 0.046700 0.007600 0.039600 0.038600 0.058900 0.051000 0.034600 0.066700 0.059500 0.007700 0.055000 0.011500 0.063500 0.067200 0.071400 0.059500 0.071600 0.039000 0.038500 0.051000 0.051500 0.059600 0.055100 0.046800 0.063300 0.047300 0.031200 0.039400 0.055300 0.051000 0.063200 0.047400 0.011500 0.011500
KillerWhal 0.175500 0.285600 0.180500 0.000000 0.175600 0.179500 0.180800 0.186000 0.189800 0.189900 0.175500 0.180100 0.181500 0.171600 0.189300 0.194700 0.187700 0.207100 0.188900 0.180400 0.169100 0.176100 0.166100 0.166400 0.171200 0.202600 0.176700 0.181100 0.189400 0.176300 0.190400 0.188900 0.189300 0.186200 0.190100 0.171100 0.175500 0.185000 0.196100 0.186300 0.171100 0.180600 0.189900 0.172300 0.162500 0.182200 0.177100 0.175900 0.175800 0.182800 0.185400 0.185300
DefassaWat 0.034900 0.207900 0.043000 0.175600 0.000000 0.042700 0.047000 0.051300 0.051000 0.075600 0.034900 0.059000 0.055300 0.039100 0.063000 0.047000 0.068200 0.064100 0.042800 0.042900 0.035500 0.035000 0.071100 0.063100 0.031000 0.062800 0.055300 0.043100 0.042900 0.043100 0.075800 0.046900 0.075400 0.055300 0.059200 0.051000 0.034900 0.015400 0.047300 0.072000 0.059100 0.043000 0.075600 0.059500 0.043100 0.043300 0.043200 0.051100 0.063100 0.059900 0.047000 0.047000
Sheep 0.007600 0.211900 0.042600 0.179500 0.042700 0.000000 0.042800 0.031100 0.050600 0.067100 0.015200 0.050700 0.027100 0.035000 0.042600 0.034900 0.067900 0.063800 0.030500 0.042400 0.031300 0.015300 0.062700 0.054800 0.011400 0.042400 0.035000 0.042800 0.038800 0.038800 0.067300 0.042700 0.075100 0.035000 0.054900 0.034900 0.015200 0.042800 0.051200 0.063400 0.050900 0.030800 0.067100 0.051100 0.035000 0.047200 0.055000 0.038800 0.042800 0.051300 0.046900 0.038700
MaxwellsDu 0.051000 0.240100 0.055200 0.180800 0.047000 0.042800 0.000000 0.043300 0.063300 0.063400 0.051000 0.063200 0.047300 0.031200 0.055000 0.055200 0.072500 0.076800 0.058900 0.055100 0.043700 0.051200 0.059000 0.059200 0.047100 0.071100 0.055400 0.055300 0.051000 0.059400 0.063600 0.038900 0.088100 0.055500 0.067500 0.047100 0.051000 0.047100 0.055600 0.059700 0.055200 0.051200 0.063400 0.047400 0.047200 0.051500 0.063700 0.043200 0.047000 0.064100 0.059300 0.051200
GazellaPrz 0.039100 0.225200 0.051300 0.186000 0.051300 0.031100 0.043300 0.000000 0.059500 0.067800 0.047200 0.059400 0.043500 0.043400 0.051200 0.035100 0.068600 0.072900 0.055100 0.051300 0.039800 0.047300 0.063400 0.063600 0.043200 0.050800 0.051600 0.051500 0.039000 0.055600 0.068000 0.051200 0.075900 0.051600 0.072000 0.043300 0.047200 0.051300 0.051700 0.064100 0.051400 0.039100 0.067800 0.051700 0.043400 0.047700 0.059900 0.039300 0.051300 0.060300 0.055500 0.047300
MountainNy 0.046700 0.234500 0.015300 0.189800 0.051000 0.050600 0.063300 0.059500 0.000000 0.071500 0.047200 0.055000 0.063600 0.059400 0.063100 0.059200 0.064000 0.068200 0.054600 0.007600 0.047700 0.046900 0.067000 0.059000 0.043000 0.074900 0.067600 0.015400 0.063100 0.019100 0.071700 0.075400 0.071300 0.067700 0.079900 0.047000 0.046700 0.059100 0.059600 0.067800 0.063300 0.055000 0.071500 0.055400 0.039100 0.047400 0.063500 0.058500 0.071400 0.055600 0.011500 0.019200
MuntiacusM 0.071400 0.245700 0.063300 0.189900 0.075600 0.067100 0.063400 0.067800 0.071500 0.000000 0.071400 0.071400 0.071900 0.067800 0.079700 0.075800 0.064200 0.076800 0.079500 0.063300 0.064200 0.071600 0.042700 0.042900 0.067400 0.091900 0.076100 0.063500 0.071500 0.067600 0.007700 0.083900 0.071400 0.067700 0.096900 0.054800 0.071400 0.075700 0.076300 0.039200 0.039100 0.071600 0.000000 0.031200 0.055200 0.063900 0.084600 0.059300 0.071600 0.047600 0.067500 0.059300
goat 0.007600 0.212600 0.038800 0.175500 0.034900 0.015200 0.051000 0.047200 0.047200 0.071400 0.000000 0.046800 0.035100 0.035100 0.050800 0.035000 0.063900 0.059900 0.023000 0.038800 0.023500 0.007600 0.067000 0.059000 0.003800 0.042500 0.035100 0.039000 0.038900 0.034600 0.071600 0.050800 0.079500 0.035100 0.047000 0.038900 0.007600 0.042900 0.043300 0.067700 0.063200 0.023100 0.071400 0.055400 0.031100 0.039300 0.047200 0.046900 0.050900 0.046800 0.042800 0.042800
AfricanBuf 0.046800 0.223200 0.046900 0.180100 0.059000 0.050700 0.063200 0.059400 0.055000 0.071400 0.046800 0.000000 0.055300 0.051200 0.054900 0.059100 0.059800 0.076600 0.046700 0.046900 0.039500 0.047000 0.067000 0.067200 0.042900 0.066800 0.059300 0.047100 0.063100 0.043000 0.071600 0.067100 0.079500 0.059400 0.071400 0.031000 0.046900 0.067200 0.059600 0.067700 0.063200 0.047000 0.071400 0.055400 0.023200 0.047400 0.067700 0.059200 0.063100 0.055700 0.051000 0.051000
Topi 0.035100 0.230200 0.055400 0.181500 0.055300 0.027100 0.047300 0.043500 0.063600 0.071900 0.035100 0.055300 0.000000 0.039400 0.055200 0.047300 0.072800 0.077200 0.043000 0.055400 0.035700 0.035200 0.067500 0.067700 0.031200 0.055000 0.007700 0.055600 0.043200 0.051400 0.072100 0.055200 0.088500 0.007700 0.059500 0.039200 0.035100 0.055400 0.055800 0.068300 0.063700 0.035200 0.071900 0.051600 0.039300 0.051800 0.064000 0.043300 0.047200 0.056100 0.059600 0.051400
CommonDuik 0.035100 0.219900 0.051300 0.171600 0.039100 0.035000 0.031200 0.043400 0.059400 0.067800 0.035100 0.051200 0.039400 0.000000 0.055100 0.047300 0.068600 0.072900 0.043000 0.051300 0.027600 0.035200 0.063300 0.063500 0.031200 0.054900 0.039400 0.051400 0.043100 0.047300 0.067900 0.015300 0.084200 0.039400 0.051300 0.035200 0.035100 0.039200 0.047600 0.064000 0.059500 0.035200 0.067800 0.051600 0.035300 0.043600 0.055700 0.043300 0.050000 0.060200 0.055400 0.047300
Suni 0.042800 0.228200 0.055000 0.189300 0.063000 0.042600 0.055000 0.051200 0.063100 0.079700 0.050800 0.054900 0.055200 0.055100 0.000000 0.055000 0.072200 0.085000 0.058700 0.055000 0.043500 0.050900 0.075100 0.075400 0.046900 0.062700 0.063300 0.055100 0.058900 0.051100 0.079900 0.054800 0.079500 0.063400 0.075400 0.046900 0.050800 0.071200 0.063600 0.067700 0.063200 0.050900 0.079700 0.063500 0.039000 0.051400 0.071700 0.059100 0.063000 0.063900 0.059100 0.059100
Springbuck 0.027100 0.229200 0.051100 0.194700 0.047000 0.034900 0.055200 0.035100 0.059200 0.075800 0.035000 0.059100 0.047300 0.047300 0.055000 0.000000 0.068300 0.072600 0.042800 0.051100 0.035600 0.035100 0.063000 0.063200 0.031100 0.030800 0.047300 0.051300 0.027000 0.055300 0.075900 0.055000 0.075600 0.047300 0.059300 0.051100 0.035000 0.055100 0.047400 0.072100 0.059300 0.019300 0.075800 0.059600 0.043200 0.043400 0.047300 0.051200 0.063300 0.051700 0.055200 0.055200
Okapi 0.063900 0.238600 0.055800 0.187700 0.068200 0.067900 0.072500 0.068600 0.064000 0.064200 0.063900 0.059800 0.072800 0.068600 0.072200 0.068300 0.000000 0.036000 0.067900 0.055800 0.056700 0.064200 0.059700 0.055800 0.060000 0.084500 0.077000 0.056000 0.072300 0.060100 0.064300 0.084800 0.072300 0.077100 0.089400 0.055800 0.064000 0.076600 0.068800 0.060400 0.055900 0.064200 0.064200 0.048000 0.047800 0.056400 0.077100 0.068400 0.080400 0.048300 0.060000 0.060000
Giraffe 0.059900 0.244400 0.060000 0.207100 0.064100 0.063800 0.076800 0.072900 0.068200 0.076800 0.059900 0.076600 0.077200 0.072900 0.085000 0.072600 0.036000 0.000000 0.068000 0.059900 0.060900 0.060100 0.072200 0.064100 0.055900 0.088800 0.081400 0.060200 0.076600 0.064300 0.077000 0.089200 0.085100 0.081400 0.089600 0.068300 0.059900 0.072500 0.073100 0.073100 0.068400 0.068400 0.076800 0.060500 0.060200 0.069000 0.077300 0.072700 0.076600 0.060800 0.064200 0.064200
TibetanAnt 0.022900 0.212100 0.046700 0.188900 0.042800 0.030500 0.058900 0.055100 0.054600 0.079500 0.023000 0.046700 0.043000 0.043000 0.058700 0.042800 0.067900 0.068000 0.000000 0.046600 0.031400 0.023000 0.075000 0.067000 0.019100 0.050300 0.043000 0.046800 0.046700 0.042800 0.079700 0.058700 0.087700 0.043000 0.054900 0.046800 0.022900 0.050800 0.051200 0.075800 0.071200 0.030900 0.079500 0.063400 0.039000 0.039200 0.055000 0.054800 0.058800 0.055400 0.050700 0.050700
Sitatunga 0.038800 0.224000 0.007600 0.180400 0.042900 0.042400 0.055100 0.051300 0.007600 0.063300 0.038800 0.046900 0.055400 0.051300 0.055000 0.051100 0.055800 0.059900 0.046600 0.000000 0.039600 0.038900 0.058900 0.050900 0.034700 0.066700 0.059400 0.007700 0.055000 0.011500 0.063400 0.067200 0.063100 0.059500 0.071600 0.039000 0.038800 0.051000 0.051400 0.059600 0.055100 0.046900 0.063300 0.047300 0.031200 0.039400 0.055300 0.051000 0.063200 0.047400 0.003800 0.011500
Oribi 0.023500 0.211600 0.039600 0.169100 0.035500 0.031300 0.043700 0.039800 0.047700 0.064200 0.023500 0.039500 0.035700 0.027600 0.043500 0.035600 0.056700 0.060900 0.031400 0.039600 0.000000 0.023600 0.059800 0.060000 0.019600 0.043300 0.035700 0.039700 0.039500 0.035600 0.064400 0.043500 0.072400 0.035700 0.047700 0.031500 0.023500 0.043600 0.027800 0.060500 0.055900 0.023600 0.064200 0.048000 0.023600 0.031800 0.035800 0.039700 0.043600 0.048200 0.043700 0.043700
BarbaryShe 0.007600 0.213500 0.038600 0.176100 0.035000 0.015300 0.051200 0.047300 0.046900 0.071600 0.007600 0.047000 0.035200 0.035200 0.050900 0.035100 0.064200 0.060100 0.023000 0.038900 0.023600 0.000000 0.067200 0.059200 0.003800 0.042600 0.035200 0.039000 0.039000 0.035100 0.071800 0.051000 0.079800 0.035200 0.047100 0.039000 0.007600 0.043000 0.043400 0.068000 0.063400 0.023000 0.071600 0.055600 0.031200 0.039400 0.047600 0.047000 0.051100 0.047500 0.043000 0.043000
Daviddeer 0.067000 0.238800 0.058900 0.166100 0.071100 0.062700 0.059000 0.063400 0.067000 0.042700 0.067000 0.067000 0.067500 0.063300 0.075100 0.063000 0.059700 0.072200 0.075000 0.058900 0.059800 0.067200 0.000000 0.023000 0.063000 0.070500 0.071600 0.059100 0.058900 0.063100 0.043000 0.079300 0.066900 0.071600 0.083800 0.050700 0.067000 0.071200 0.071700 0.039000 0.027000 0.059000 0.042700 0.027100 0.050900 0.059500 0.071700 0.063200 0.050900 0.051500 0.063100 0.054900
Reindeer 0.059000 0.228800 0.051000 0.166400 0.063100 0.054800 0.059200 0.063600 0.059000 0.042900 0.059000 0.067200 0.067700 0.063500 0.075400 0.063200 0.055800 0.064100 0.067000 0.050900 0.060000 0.059200 0.023000 0.000000 0.055000 0.079200 0.071800 0.051100 0.059100 0.055200 0.042500 0.079600 0.067100 0.071800 0.084100 0.050800 0.059000 0.063200 0.072000 0.038800 0.035000 0.059200 0.042300 0.027200 0.051000 0.059700 0.067800 0.063400 0.059200 0.051700 0.055100 0.047000
Ibex 0.003800 0.208100 0.034600 0.171200 0.031000 0.011400 0.047100 0.043200 0.043000 0.067400 0.003800 0.042900 0.031200 0.031200 0.046900 0.031100 0.060000 0.055900 0.019100 0.034700 0.019600 0.003800 0.063000 0.055000 0.000000 0.038300 0.031200 0.035000 0.035000 0.030800 0.067600 0.046900 0.075500 0.031200 0.043000 0.035000 0.003800 0.039000 0.039300 0.063700 0.059200 0.019300 0.067400 0.051400 0.027200 0.035300 0.043100 0.043000 0.047000 0.042900 0.039200 0.038900
GyrantGaze 0.034500 0.237100 0.066700 0.202600 0.062800 0.042400 0.071100 0.050800 0.074900 0.091900 0.042500 0.066800 0.055000 0.054900 0.062700 0.030800 0.084500 0.088800 0.050300 0.066700 0.043300 0.042600 0.070500 0.079200 0.038300 0.000000 0.055000 0.066700 0.042500 0.062800 0.092100 0.062700 0.091700 0.055000 0.067000 0.058800 0.042500 0.071000 0.063300 0.088200 0.066800 0.019100 0.091900 0.075600 0.050900 0.059300 0.071200 0.066900 0.070900 0.067500 0.070900 0.070900
Hartebeest 0.035100 0.230000 0.059500 0.176700 0.055300 0.035000 0.055400 0.051600 0.067600 0.076100 0.035100 0.059300 0.007700 0.039400 0.063300 0.047300 0.077000 0.081400 0.043000 0.059400 0.035700 0.035200 0.071600 0.071800 0.031200 0.055000 0.000000 0.059600 0.043100 0.055500 0.076300 0.055200 0.092700 0.007700 0.059500 0.043200 0.035100 0.055300 0.055800 0.072400 0.067800 0.035200 0.076100 0.055700 0.043300 0.051700 0.064000 0.051400 0.055300 0.060200 0.063700 0.055400
Bongo 0.038900 0.225000 0.007700 0.181100 0.043100 0.042800 0.055300 0.051500 0.015400 0.063500 0.039000 0.047100 0.055600 0.051400 0.055100 0.051300 0.056000 0.060200 0.046800 0.007700 0.039700 0.039000 0.059100 0.051100 0.035000 0.066700 0.059600 0.000000 0.055200 0.011600 0.063700 0.067400 0.071600 0.059700 0.071800 0.039100 0.038700 0.051200 0.051600 0.059800 0.055300 0.047100 0.063500 0.047500 0.031300 0.039500 0.055600 0.051200 0.063400 0.047600 0.011500 0.011500
Gerenuk 0.038900 0.233300 0.055000 0.189400 0.042900 0.038800 0.051000 0.039000 0.063100 0.071500 0.038900 0.063100 0.043200 0.043100 0.058900 0.027000 0.072300 0.076600 0.046700 0.055000 0.039500 0.039000 0.058900 0.059100 0.035000 0.042500 0.043100 0.055200 0.000000 0.059200 0.071600 0.058900 0.079500 0.043200 0.063200 0.047000 0.038900 0.042900 0.051400 0.059600 0.055000 0.023100 0.071500 0.055400 0.047100 0.047400 0.051300 0.047100 0.059100 0.055700 0.059100 0.051000
CommonElan 0.034900 0.219300 0.011500 0.176300 0.043100 0.038800 0.059400 0.055600 0.019100 0.067600 0.034600 0.043000 0.051400 0.047300 0.051100 0.055300 0.060100 0.064300 0.042800 0.011500 0.035600 0.035100 0.063100 0.055200 0.030800 0.062800 0.055500 0.011600 0.059200 0.000000 0.067800 0.063200 0.075700 0.055500 0.067600 0.035100 0.034900 0.051200 0.055700 0.063900 0.059400 0.043000 0.067600 0.051500 0.027300 0.043500 0.059600 0.055800 0.059300 0.051700 0.015400 0.015400
MuntiacusR 0.071600 0.246500 0.063500 0.190400 0.075800 0.067300 0.063600 0.068000 0.071700 0.007700 0.071600 0.071600 0.072100 0.067900 0.079900 0.075900 0.064300 0.077000 0.079700 0.063400 0.064400 0.071800 0.043000 0.042500 0.067600 0.092100 0.076300 0.063700 0.071600 0.067800 0.000000 0.084100 0.071600 0.067900 0.097100 0.055100 0.071600 0.075900 0.076500 0.038800 0.039200 0.071800 0.007700 0.031100 0.054800 0.064100 0.084900 0.059500 0.071800 0.047800 0.067700 0.059400
HarveysDui 0.042800 0.228400 0.067200 0.188900 0.046900 0.042700 0.038900 0.051200 0.075400 0.083900 0.050800 0.067100 0.055200 0.015300 0.054800 0.055000 0.084800 0.089200 0.058700 0.067200 0.043500 0.051000 0.079300 0.079600 0.046900 0.062700 0.055200 0.067400 0.058900 0.063200 0.084100 0.000000 0.092100 0.055200 0.067300 0.050900 0.050800 0.046900 0.063600 0.080200 0.067300 0.051000 0.083900 0.067700 0.051100 0.059500 0.071800 0.059200 0.066200 0.076400 0.071400 0.063200
Pronghorn 0.071300 0.229100 0.071400 0.189300 0.075400 0.075100 0.088100 0.075900 0.071300 0.071400 0.079500 0.079500 0.088500 0.084200 0.079500 0.075600 0.072300 0.085100 0.087700 0.063100 0.072400 0.079800 0.066900 0.067100 0.075500 0.091700 0.092700 0.071600 0.079500 0.075700 0.071600 0.092100 0.000000 0.092800 0.105100 0.071400 0.079500 0.083800 0.076200 0.067700 0.046900 0.079800 0.071400 0.055400 0.063400 0.072100 0.084400 0.084000 0.096400 0.055600 0.067400 0.075600
BlueWildeb 0.035100 0.230200 0.059500 0.186200 0.055300 0.035000 0.055500 0.051600 0.067700 0.067700 0.035100 0.059400 0.007700 0.039400 0.063400 0.047300 0.077100 0.081400 0.043000 0.059500 0.035700 0.035200 0.071600 0.071800 0.031200 0.055000 0.007700 0.059700 0.043200 0.055500 0.067900 0.055200 0.092800 0.000000 0.059500 0.043200 0.035100 0.055400 0.055800 0.068300 0.067800 0.035200 0.067700 0.055700 0.043400 0.051800 0.064000 0.051400 0.055400 0.060300 0.063700 0.055500
Gemsbok 0.047000 0.245000 0.071600 0.190100 0.059200 0.054900 0.067500 0.072000 0.079900 0.096900 0.047000 0.071400 0.059500 0.051300 0.075400 0.059300 0.089400 0.089600 0.054900 0.071600 0.047700 0.047100 0.083800 0.084100 0.043000 0.067000 0.059500 0.071800 0.063200 0.067600 0.097100 0.067300 0.105100 0.059500 0.000000 0.063300 0.047000 0.067400 0.068000 0.093200 0.088400 0.047100 0.096900 0.080500 0.055300 0.063900 0.067900 0.071800 0.067400 0.072500 0.075800 0.075800
Yak 0.038900 0.223900 0.039000 0.171100 0.051000 0.034900 0.047100 0.043300 0.047000 0.054800 0.038900 0.031000 0.039200 0.035200 0.046900 0.051100 0.055800 0.068300 0.046800 0.039000 0.031500 0.039000 0.050700 0.050800 0.035000 0.058800 0.043200 0.039100 0.047000 0.035100 0.055100 0.050900 0.071400 0.043200 0.063300 0.000000 0.038900 0.051000 0.051500 0.051300 0.047100 0.039000 0.055000 0.039200 0.007700 0.039400 0.059600 0.043100 0.047000 0.047600 0.043100 0.035100
BlueSheep 0.007600 0.212700 0.038500 0.175500 0.034900 0.015200 0.051000 0.047200 0.046700 0.071400 0.007600 0.046900 0.035100 0.035100 0.050800 0.035000 0.064000 0.059900 0.022900 0.038800 0.023500 0.007600 0.067000 0.059000 0.003800 0.042500 0.035100 0.038700 0.038900 0.034900 0.071600 0.050800 0.079500 0.035100 0.047000 0.038900 0.000000 0.042900 0.043300 0.067700 0.063200 0.023000 0.071400 0.055400 0.031100 0.039300 0.047100 0.046900 0.050900 0.046800 0.042800 0.042700
BohorReedb 0.042900 0.218100 0.051000 0.185000 0.015400 0.042800 0.047100 0.051300 0.059100 0.075700 0.042900 0.067200 0.055400 0.039200 0.071200 0.055100 0.076600 0.072500 0.050800 0.051000 0.043600 0.043000 0.071200 0.063200 0.039000 0.071000 0.055300 0.051200 0.042900 0.051200 0.075900 0.046900 0.083800 0.055400 0.067400 0.051000 0.042900 0.000000 0.055500 0.072000 0.059200 0.051100 0.075700 0.059600 0.051200 0.051500 0.051300 0.051200 0.063200 0.068200 0.055100 0.047000
KirksDik 0.043300 0.231100 0.051500 0.196100 0.047300 0.051200 0.055600 0.051700 0.059600 0.076300 0.043300 0.059600 0.055800 0.047600 0.063600 0.047400 0.068800 0.073100 0.051200 0.051400 0.027800 0.043400 0.071700 0.072000 0.039300 0.063300 0.055800 0.051600 0.051400 0.055700 0.076500 0.063600 0.076200 0.055800 0.068000 0.051500 0.043300 0.055500 0.000000 0.072600 0.068000 0.043400 0.076300 0.060100 0.043500 0.043700 0.047700 0.051600 0.063700 0.060400 0.055600 0.055600
RoeDeer 0.067700 0.220000 0.059600 0.186300 0.072000 0.063400 0.059700 0.064100 0.067800 0.039200 0.067700 0.067700 0.068300 0.064000 0.067700 0.072100 0.060400 0.073100 0.075800 0.059600 0.060500 0.068000 0.039000 0.038800 0.063700 0.088200 0.072400 0.059800 0.059600 0.063900 0.038800 0.080200 0.067700 0.068300 0.093200 0.051300 0.067700 0.072000 0.072600 0.000000 0.035300 0.068000 0.039200 0.027400 0.051400 0.060200 0.080900 0.063900 0.067800 0.043900 0.063800 0.055600
WhiteLippe 0.055100 0.213900 0.055100 0.171100 0.059100 0.050900 0.055200 0.051400 0.063300 0.039100 0.063200 0.063200 0.063700 0.059500 0.063200 0.059300 0.055900 0.068400 0.071200 0.055100 0.055900 0.063400 0.027000 0.035000 0.059200 0.066800 0.067800 0.055300 0.055000 0.059400 0.039200 0.067300 0.046900 0.067800 0.088400 0.047100 0.063200 0.059200 0.068000 0.035300 0.000000 0.063400 0.039100 0.023400 0.047200 0.055700 0.067800 0.059400 0.063300 0.047700 0.059300 0.051100
ThomsonGaz 0.023000 0.223800 0.046800 0.180600 0.043000 0.030800 0.051200 0.039100 0.055000 0.071600 0.023100 0.047000 0.035200 0.035200 0.050900 0.019300 0.064200 0.068400 0.030900 0.046900 0.023600 0.023000 0.059000 0.059200 0.019300 0.019100 0.035200 0.047100 0.023100 0.043000 0.071800 0.051000 0.079800 0.035200 0.047100 0.039000 0.023000 0.051100 0.043400 0.068000 0.063400 0.000000 0.071600 0.055500 0.031200 0.039400 0.050800 0.047000 0.051000 0.047500 0.051000 0.051100
MuntiacusC 0.071400 0.245700 0.063300 0.189900 0.075600 0.067100 0.063400 0.067800 0.071500 0.000000 0.071400 0.071400 0.071900 0.067800 0.079700 0.075800 0.064200 0.076800 0.079500 0.063300 0.064200 0.071600 0.042700 0.042300 0.067400 0.091900 0.076100 0.063500 0.071500 0.067600 0.007700 0.083900 0.071400 0.067700 0.096900 0.055000 0.071400 0.075700 0.076300 0.039200 0.039100 0.071600 0.000000 0.031200 0.055200 0.063900 0.084600 0.059300 0.071600 0.047600 0.067500 0.059300
WhiteTaile 0.055400 0.220600 0.047300 0.172300 0.059500 0.051100 0.047400 0.051700 0.055400 0.031200 0.055400 0.055400 0.051600 0.051600 0.063500 0.059600 0.048000 0.060500 0.063400 0.047300 0.048000 0.055600 0.027100 0.027200 0.051400 0.075600 0.055700 0.047500 0.055400 0.051500 0.031100 0.067700 0.055400 0.055700 0.080500 0.039200 0.055400 0.059600 0.060100 0.027400 0.023400 0.055500 0.031200 0.000000 0.039300 0.047800 0.068300 0.051500 0.055500 0.039800 0.051500 0.043300
Cattle 0.031100 0.214600 0.031200 0.162500 0.043100 0.035000 0.047200 0.043400 0.039100 0.055200 0.031100 0.023200 0.039300 0.035300 0.039000 0.043200 0.047800 0.060200 0.039000 0.031200 0.023600 0.031200 0.050900 0.051000 0.027200 0.050900 0.043300 0.031300 0.047100 0.027300 0.054800 0.051100 0.063400 0.043400 0.055300 0.007700 0.031100 0.051200 0.043500 0.051400 0.047200 0.031200 0.055200 0.039300 0.000000 0.031500 0.051600 0.043300 0.047100 0.039600 0.035200 0.035200
RoyalAntel 0.039300 0.216100 0.039400 0.182200 0.043300 0.047200 0.051500 0.047700 0.047400 0.063900 0.039300 0.047400 0.051800 0.043600 0.051400 0.043400 0.056400 0.069000 0.039200 0.039400 0.031800 0.039400 0.059500 0.059700 0.035300 0.059300 0.051700 0.039500 0.047400 0.043500 0.064100 0.059500 0.072100 0.051800 0.063900 0.039400 0.039300 0.051500 0.043700 0.060200 0.055700 0.039400 0.063900 0.047800 0.031500 0.000000 0.051800 0.047500 0.059300 0.048100 0.043500 0.043400
Steenbok 0.047000 0.225600 0.055300 0.177100 0.043200 0.055000 0.063700 0.059900 0.063500 0.084600 0.047200 0.067700 0.064000 0.055700 0.071700 0.047300 0.077100 0.077300 0.055000 0.055300 0.035800 0.047600 0.071700 0.067800 0.043100 0.071200 0.064000 0.055600 0.051300 0.059600 0.084900 0.071800 0.084400 0.064000 0.067900 0.059600 0.047100 0.051300 0.047700 0.080900 0.067800 0.050800 0.084600 0.068300 0.051600 0.051800 0.000000 0.058800 0.059600 0.068500 0.059500 0.059400
Impala 0.046900 0.235100 0.051000 0.175900 0.051100 0.038800 0.043200 0.039300 0.058500 0.059300 0.046900 0.059200 0.043300 0.043300 0.059100 0.051200 0.068400 0.072700 0.054800 0.051000 0.039700 0.047000 0.063200 0.063400 0.043000 0.066900 0.051400 0.051200 0.047100 0.055800 0.059500 0.059200 0.084000 0.051400 0.071800 0.043100 0.046900 0.051200 0.051600 0.063900 0.059400 0.047000 0.059300 0.051500 0.043300 0.047500 0.058800 0.000000 0.047100 0.059900 0.055100 0.047000
Klipspring 0.050900 0.239000 0.063200 0.175800 0.063100 0.042800 0.047000 0.051300 0.071400 0.071600 0.050900 0.063100 0.047200 0.050000 0.063000 0.063300 0.080400 0.076600 0.058800 0.063200 0.043600 0.051100 0.050900 0.059200 0.047000 0.070900 0.055300 0.063400 0.059100 0.059300 0.071800 0.066200 0.096400 0.055400 0.067400 0.047000 0.050900 0.063200 0.063700 0.067800 0.063300 0.051000 0.071600 0.055500 0.047100 0.059300 0.059600 0.047100 0.000000 0.072400 0.067400 0.059200
ForestMusk 0.047400 0.222900 0.047400 0.182800 0.059900 0.051300 0.064100 0.060300 0.055600 0.047600 0.046800 0.055700 0.056100 0.060200 0.063900 0.051700 0.048300 0.060800 0.055400 0.047400 0.048200 0.047500 0.051500 0.051700 0.042900 0.067500 0.060200 0.047600 0.055700 0.051700 0.047800 0.076400 0.055600 0.060300 0.072500 0.047600 0.046800 0.068200 0.060400 0.043900 0.047700 0.047500 0.047600 0.039800 0.039600 0.048100 0.068500 0.059900 0.072400 0.000000 0.051300 0.051600
Bushbuck 0.042800 0.229700 0.011500 0.185400 0.047000 0.046900 0.059300 0.055500 0.011500 0.067500 0.042800 0.051000 0.059600 0.055400 0.059100 0.055200 0.060000 0.064200 0.050700 0.003800 0.043700 0.043000 0.063100 0.055100 0.039200 0.070900 0.063700 0.011500 0.059100 0.015400 0.067700 0.071400 0.067400 0.063700 0.075800 0.043100 0.042800 0.055100 0.055600 0.063800 0.059300 0.051000 0.067500 0.051500 0.035200 0.043500 0.059500 0.055100 0.067400 0.051300 0.000000 0.015400
GreaterKud 0.042800 0.229500 0.011500 0.185300 0.047000 0.038700 0.051200 0.047300 0.019200 0.059300 0.042800 0.051000 0.051400 0.047300 0.059100 0.055200 0.060000 0.064200 0.050700 0.011500 0.043700 0.043000 0.054900 0.047000 0.038900 0.070900 0.055400 0.011500 0.051000 0.015400 0.059400 0.063200 0.075600 0.055500 0.075800 0.035100 0.042700 0.047000 0.055600 0.055600 0.051100 0.051100 0.059300 0.043300 0.035200 0.043400 0.059400 0.047000 0.059200 0.051600 0.015400 0.000000
