CODONML (in paml version 4.10.7, June 2023)  /home/rachel/ruminants_paml/6406-phy-tree/ENSBTAT00000043123.fasta.phy
Model: free dN/dS Ratios for branches,  kappa = 2.000 fixed

Codon frequency model: F3x4
ns =  54  ls =  39

Codon usage in sequences
--------------------------------------------------------------------------------------------------------------------------------------
Phe TTT   3   3   3   3   3   3 | Ser TCT   1   1   1   1   1   1 | Tyr TAT   0   0   0   0   0   0 | Cys TGT   0   0   0   0   0   0
    TTC   2   2   2   2   2   2 |     TCC   0   0   0   0   0   0 |     TAC   2   2   2   2   2   2 |     TGC   0   0   0   0   0   0
Leu TTA   0   0   0   0   0   0 |     TCA   0   0   0   0   0   0 | *** TAA   0   0   0   0   0   0 | *** TGA   0   0   0   0   0   0
    TTG   0   0   0   0   0   0 |     TCG   0   0   0   0   0   0 |     TAG   0   0   0   0   0   0 | Trp TGG   0   0   0   0   0   0
--------------------------------------------------------------------------------------------------------------------------------------
Leu CTT   0   0   0   0   0   0 | Pro CCT   0   0   0   0   0   0 | His CAT   0   0   0   0   0   0 | Arg CGT   0   0   0   0   0   0
    CTC   0   0   0   0   0   0 |     CCC   1   0   1   1   0   0 |     CAC   1   1   1   1   1   1 |     CGC   0   0   0   0   0   0
    CTA   1   0   1   1   1   1 |     CCA   0   1   0   0   1   1 | Gln CAA   1   1   1   1   1   1 |     CGA   0   0   0   0   0   0
    CTG   1   2   1   1   1   1 |     CCG   0   0   0   0   0   0 |     CAG   2   2   2   2   2   2 |     CGG   0   0   0   0   0   0
--------------------------------------------------------------------------------------------------------------------------------------
Ile ATT   3   2   3   3   2   2 | Thr ACT   0   0   0   0   0   0 | Asn AAT   1   1   1   1   2   2 | Ser AGT   2   2   2   2   2   2
    ATC   0   1   0   0   2   2 |     ACC   1   1   1   1   0   1 |     AAC   1   1   1   1   0   0 |     AGC   1   1   1   1   1   1
    ATA   1   1   1   1   0   0 |     ACA   1   1   1   1   1   1 | Lys AAA   2   2   2   2   2   2 | Arg AGA   1   0   1   1   1   0
Met ATG   0   0   0   0   0   0 |     ACG   0   0   0   0   1   0 |     AAG   0   0   0   0   0   0 |     AGG   0   1   0   0   0   1
--------------------------------------------------------------------------------------------------------------------------------------
Val GTT   0   0   0   0   0   0 | Ala GCT   0   0   0   0   0   0 | Asp GAT   0   0   0   0   0   0 | Gly GGT   1   0   1   1   1   1
    GTC   1   2   1   1   2   2 |     GCC   0   0   0   0   0   0 |     GAC   0   0   0   0   0   0 |     GGC   0   0   0   0   0   0
    GTA   4   2   4   4   3   3 |     GCA   1   1   1   1   1   1 | Glu GAA   0   0   0   0   0   0 |     GGA   1   1   1   1   1   1
    GTG   1   2   1   1   1   1 |     GCG   0   0   0   0   0   0 |     GAG   1   1   1   1   1   1 |     GGG   0   1   0   0   0   0
--------------------------------------------------------------------------------------------------------------------------------------

--------------------------------------------------------------------------------------------------------------------------------------
Phe TTT   3   3   3   3   3   3 | Ser TCT   1   1   1   1   1   1 | Tyr TAT   0   0   0   0   0   0 | Cys TGT   0   0   0   0   0   0
    TTC   2   2   2   2   2   2 |     TCC   0   0   0   0   0   0 |     TAC   2   2   2   2   2   2 |     TGC   0   0   0   0   0   0
Leu TTA   0   0   0   0   0   0 |     TCA   0   0   0   0   0   0 | *** TAA   0   0   0   0   0   0 | *** TGA   0   0   0   0   0   0
    TTG   0   0   0   0   0   0 |     TCG   0   0   0   0   0   0 |     TAG   0   0   0   0   0   0 | Trp TGG   0   0   0   0   0   0
--------------------------------------------------------------------------------------------------------------------------------------
Leu CTT   0   0   0   0   0   0 | Pro CCT   0   0   0   0   0   0 | His CAT   0   0   0   0   0   0 | Arg CGT   0   0   0   0   0   0
    CTC   0   0   0   0   0   0 |     CCC   1   1   1   1   1   1 |     CAC   1   1   1   1   1   1 |     CGC   0   0   0   0   0   0
    CTA   1   1   1   1   1   1 |     CCA   0   0   0   0   0   0 | Gln CAA   1   1   1   1   1   1 |     CGA   0   0   0   0   0   0
    CTG   1   1   1   1   1   1 |     CCG   0   0   0   0   0   0 |     CAG   2   2   2   2   2   2 |     CGG   0   0   0   0   0   0
--------------------------------------------------------------------------------------------------------------------------------------
Ile ATT   3   3   3   3   3   3 | Thr ACT   0   0   0   0   0   0 | Asn AAT   1   1   1   1   1   1 | Ser AGT   2   2   2   2   2   2
    ATC   0   0   0   0   0   0 |     ACC   1   1   1   1   1   1 |     AAC   1   1   1   1   1   1 |     AGC   1   1   1   1   1   1
    ATA   1   1   1   1   1   1 |     ACA   1   1   1   1   1   1 | Lys AAA   2   2   2   2   2   2 | Arg AGA   1   1   1   1   1   1
Met ATG   0   0   0   0   0   0 |     ACG   0   0   0   0   0   0 |     AAG   0   0   0   0   0   0 |     AGG   0   0   0   0   0   0
--------------------------------------------------------------------------------------------------------------------------------------
Val GTT   0   0   0   0   0   0 | Ala GCT   0   0   0   0   0   0 | Asp GAT   0   0   0   0   0   0 | Gly GGT   1   1   0   1   1   1
    GTC   1   1   1   1   1   1 |     GCC   0   0   0   0   0   0 |     GAC   0   0   0   0   0   0 |     GGC   0   0   1   0   0   0
    GTA   4   4   4   4   4   4 |     GCA   1   1   1   1   1   1 | Glu GAA   0   0   0   0   0   0 |     GGA   1   1   1   1   1   1
    GTG   1   1   1   1   1   1 |     GCG   0   0   0   0   0   0 |     GAG   1   1   1   1   1   1 |     GGG   0   0   0   0   0   0
--------------------------------------------------------------------------------------------------------------------------------------

--------------------------------------------------------------------------------------------------------------------------------------
Phe TTT   3   3   3   3   3   3 | Ser TCT   1   1   1   1   1   1 | Tyr TAT   0   0   0   0   0   0 | Cys TGT   0   0   0   0   0   0
    TTC   2   2   2   2   2   2 |     TCC   0   0   0   0   0   0 |     TAC   2   2   2   2   2   2 |     TGC   0   0   0   0   0   0
Leu TTA   0   0   0   0   0   0 |     TCA   0   0   0   0   0   0 | *** TAA   0   0   0   0   0   0 | *** TGA   0   0   0   0   0   0
    TTG   0   0   0   0   0   0 |     TCG   0   0   0   0   0   0 |     TAG   0   0   0   0   0   0 | Trp TGG   0   0   0   0   0   0
--------------------------------------------------------------------------------------------------------------------------------------
Leu CTT   0   0   0   0   0   0 | Pro CCT   0   0   0   0   0   0 | His CAT   0   0   0   0   0   0 | Arg CGT   0   0   0   0   0   0
    CTC   0   0   0   0   0   0 |     CCC   1   1   1   1   1   1 |     CAC   1   1   1   1   1   1 |     CGC   0   0   0   0   0   0
    CTA   1   1   1   1   1   1 |     CCA   0   0   0   0   0   0 | Gln CAA   1   1   1   1   1   1 |     CGA   0   0   0   0   0   0
    CTG   1   1   1   1   1   1 |     CCG   0   0   0   0   0   0 |     CAG   2   2   2   2   2   2 |     CGG   0   0   0   0   0   0
--------------------------------------------------------------------------------------------------------------------------------------
Ile ATT   3   3   3   3   3   3 | Thr ACT   0   0   0   0   0   0 | Asn AAT   1   1   1   1   1   1 | Ser AGT   2   2   2   2   2   2
    ATC   0   0   0   0   0   0 |     ACC   1   1   1   1   1   1 |     AAC   1   1   1   1   1   1 |     AGC   1   1   1   1   1   1
    ATA   1   1   1   1   1   1 |     ACA   1   1   1   1   1   1 | Lys AAA   2   2   2   2   2   2 | Arg AGA   1   1   1   1   1   1
Met ATG   0   0   0   0   0   0 |     ACG   0   0   0   0   0   0 |     AAG   0   0   0   0   0   0 |     AGG   0   0   0   0   0   0
--------------------------------------------------------------------------------------------------------------------------------------
Val GTT   0   0   0   0   0   0 | Ala GCT   0   0   0   0   0   0 | Asp GAT   0   0   0   0   0   0 | Gly GGT   1   1   1   1   1   1
    GTC   1   1   1   1   1   1 |     GCC   0   0   0   0   0   0 |     GAC   0   0   0   0   0   0 |     GGC   0   0   0   0   0   0
    GTA   4   4   4   4   4   4 |     GCA   1   1   1   1   1   1 | Glu GAA   0   0   0   0   0   0 |     GGA   1   1   1   1   1   1
    GTG   1   1   1   1   1   1 |     GCG   0   0   0   0   0   0 |     GAG   1   1   1   1   1   1 |     GGG   0   0   0   0   0   0
--------------------------------------------------------------------------------------------------------------------------------------

--------------------------------------------------------------------------------------------------------------------------------------
Phe TTT   3   3   3   3   3   3 | Ser TCT   1   1   1   1   1   1 | Tyr TAT   0   0   0   0   0   0 | Cys TGT   0   0   0   0   0   0
    TTC   2   2   2   2   2   2 |     TCC   0   0   0   0   0   0 |     TAC   2   2   2   2   2   2 |     TGC   0   0   0   0   0   0
Leu TTA   0   0   0   0   0   0 |     TCA   0   0   0   0   0   0 | *** TAA   0   0   0   0   0   0 | *** TGA   0   0   0   0   0   0
    TTG   0   0   0   0   0   0 |     TCG   0   0   0   0   0   0 |     TAG   0   0   0   0   0   0 | Trp TGG   0   0   0   0   0   0
--------------------------------------------------------------------------------------------------------------------------------------
Leu CTT   0   0   0   0   0   0 | Pro CCT   0   0   0   0   0   0 | His CAT   0   0   0   0   0   0 | Arg CGT   0   0   0   0   0   0
    CTC   0   0   0   0   0   0 |     CCC   1   1   1   1   1   1 |     CAC   1   1   1   1   1   1 |     CGC   0   0   0   0   0   0
    CTA   1   1   1   1   1   1 |     CCA   0   0   0   0   0   0 | Gln CAA   1   1   1   1   1   1 |     CGA   0   0   0   0   0   0
    CTG   1   1   1   1   1   1 |     CCG   0   0   0   0   0   0 |     CAG   2   2   2   2   2   2 |     CGG   0   0   0   0   0   0
--------------------------------------------------------------------------------------------------------------------------------------
Ile ATT   3   3   3   3   3   3 | Thr ACT   0   0   0   0   0   0 | Asn AAT   1   1   1   1   1   1 | Ser AGT   2   2   2   2   2   2
    ATC   0   0   0   0   0   0 |     ACC   1   1   1   1   1   1 |     AAC   1   1   1   1   1   1 |     AGC   1   1   1   1   1   1
    ATA   1   1   1   1   1   1 |     ACA   1   1   1   1   1   1 | Lys AAA   2   2   2   2   2   2 | Arg AGA   1   1   1   1   1   1
Met ATG   0   0   0   0   0   0 |     ACG   0   0   0   0   0   0 |     AAG   0   0   0   0   0   0 |     AGG   0   0   0   0   0   0
--------------------------------------------------------------------------------------------------------------------------------------
Val GTT   0   0   0   0   0   0 | Ala GCT   0   0   0   0   0   0 | Asp GAT   0   0   0   0   0   0 | Gly GGT   1   1   1   1   1   1
    GTC   1   1   1   1   1   1 |     GCC   0   0   0   0   0   0 |     GAC   0   0   0   0   0   0 |     GGC   0   0   0   0   0   0
    GTA   4   4   4   4   4   4 |     GCA   1   1   1   1   1   1 | Glu GAA   0   0   0   0   0   0 |     GGA   1   1   1   1   1   1
    GTG   1   1   1   1   1   1 |     GCG   0   0   0   0   0   0 |     GAG   1   1   1   1   1   1 |     GGG   0   0   0   0   0   0
--------------------------------------------------------------------------------------------------------------------------------------

--------------------------------------------------------------------------------------------------------------------------------------
Phe TTT   3   3   3   3   3   3 | Ser TCT   1   1   1   1   1   1 | Tyr TAT   0   0   0   0   0   0 | Cys TGT   0   0   0   0   0   0
    TTC   2   2   2   2   2   2 |     TCC   0   0   0   0   0   0 |     TAC   2   2   2   2   2   2 |     TGC   0   0   0   0   0   0
Leu TTA   0   0   0   0   0   0 |     TCA   0   0   0   0   0   0 | *** TAA   0   0   0   0   0   0 | *** TGA   0   0   0   0   0   0
    TTG   0   0   0   0   0   0 |     TCG   0   0   0   0   0   0 |     TAG   0   0   0   0   0   0 | Trp TGG   0   0   0   0   0   0
--------------------------------------------------------------------------------------------------------------------------------------
Leu CTT   0   0   0   0   0   0 | Pro CCT   0   0   0   0   0   0 | His CAT   0   0   0   0   0   0 | Arg CGT   0   0   0   0   0   0
    CTC   0   0   0   0   0   0 |     CCC   1   1   1   1   1   1 |     CAC   1   1   1   1   1   1 |     CGC   0   0   0   0   0   0
    CTA   1   1   1   1   1   1 |     CCA   0   0   0   0   0   0 | Gln CAA   1   1   1   1   1   1 |     CGA   0   0   0   0   0   0
    CTG   1   1   1   1   1   1 |     CCG   0   0   0   0   0   0 |     CAG   2   2   2   2   2   2 |     CGG   0   0   0   0   0   0
--------------------------------------------------------------------------------------------------------------------------------------
Ile ATT   3   3   3   3   3   3 | Thr ACT   0   0   0   0   0   0 | Asn AAT   1   1   1   1   1   1 | Ser AGT   2   2   2   2   2   2
    ATC   0   0   0   0   0   0 |     ACC   1   1   1   1   1   1 |     AAC   1   1   1   1   1   1 |     AGC   1   1   1   1   1   1
    ATA   1   1   1   1   1   1 |     ACA   1   1   1   1   1   1 | Lys AAA   2   2   2   2   2   2 | Arg AGA   1   1   1   1   1   1
Met ATG   0   0   0   0   0   0 |     ACG   0   0   0   0   0   0 |     AAG   0   0   0   0   0   0 |     AGG   0   0   0   0   0   0
--------------------------------------------------------------------------------------------------------------------------------------
Val GTT   0   0   0   0   0   0 | Ala GCT   0   0   0   0   0   0 | Asp GAT   0   0   0   0   0   0 | Gly GGT   1   1   1   0   1   1
    GTC   1   1   1   1   1   1 |     GCC   0   0   0   0   0   0 |     GAC   0   0   0   0   0   0 |     GGC   0   0   0   1   0   0
    GTA   4   4   4   4   4   4 |     GCA   1   1   1   1   1   1 | Glu GAA   0   0   0   0   0   0 |     GGA   1   1   1   1   1   1
    GTG   1   1   1   1   1   1 |     GCG   0   0   0   0   0   0 |     GAG   1   1   1   1   1   1 |     GGG   0   0   0   0   0   0
--------------------------------------------------------------------------------------------------------------------------------------

--------------------------------------------------------------------------------------------------------------------------------------
Phe TTT   3   3   3   3   3   3 | Ser TCT   1   1   1   1   1   1 | Tyr TAT   0   0   0   0   0   0 | Cys TGT   0   0   0   0   0   0
    TTC   2   2   2   2   2   2 |     TCC   0   0   0   0   0   0 |     TAC   2   2   2   2   2   2 |     TGC   0   0   0   0   0   0
Leu TTA   0   0   0   0   0   0 |     TCA   0   0   0   0   0   0 | *** TAA   0   0   0   0   0   0 | *** TGA   0   0   0   0   0   0
    TTG   0   0   0   0   0   0 |     TCG   0   0   0   0   0   0 |     TAG   0   0   0   0   0   0 | Trp TGG   0   0   0   0   0   0
--------------------------------------------------------------------------------------------------------------------------------------
Leu CTT   0   0   0   0   0   0 | Pro CCT   0   0   0   0   0   0 | His CAT   0   0   0   0   0   0 | Arg CGT   0   0   0   0   0   0
    CTC   0   0   0   0   0   0 |     CCC   1   1   1   1   1   1 |     CAC   1   1   1   1   1   1 |     CGC   0   0   0   0   0   0
    CTA   1   1   1   1   1   1 |     CCA   0   0   0   0   0   0 | Gln CAA   1   1   1   1   1   1 |     CGA   0   0   0   0   0   0
    CTG   1   1   1   1   1   1 |     CCG   0   0   0   0   0   0 |     CAG   2   2   2   2   2   2 |     CGG   0   0   0   0   0   0
--------------------------------------------------------------------------------------------------------------------------------------
Ile ATT   3   3   3   3   3   3 | Thr ACT   0   0   0   0   0   0 | Asn AAT   1   1   1   1   1   1 | Ser AGT   2   2   2   2   2   2
    ATC   0   0   0   0   0   0 |     ACC   1   1   1   1   1   1 |     AAC   1   1   1   1   1   1 |     AGC   1   1   1   1   1   1
    ATA   1   1   1   1   1   1 |     ACA   1   1   1   1   1   1 | Lys AAA   2   2   2   2   2   2 | Arg AGA   1   1   1   1   1   1
Met ATG   0   0   0   0   0   0 |     ACG   0   0   0   0   0   0 |     AAG   0   0   0   0   0   0 |     AGG   0   0   0   0   0   0
--------------------------------------------------------------------------------------------------------------------------------------
Val GTT   0   0   0   0   0   0 | Ala GCT   0   0   0   0   0   0 | Asp GAT   0   0   0   0   0   0 | Gly GGT   1   1   1   1   1   1
    GTC   1   1   1   1   1   1 |     GCC   0   0   0   0   0   0 |     GAC   0   0   0   0   0   0 |     GGC   0   0   0   0   0   0
    GTA   4   4   4   4   4   4 |     GCA   1   1   1   1   1   1 | Glu GAA   0   0   0   0   0   0 |     GGA   1   1   1   1   1   1
    GTG   1   1   1   1   1   1 |     GCG   0   0   0   0   0   0 |     GAG   1   1   1   1   1   1 |     GGG   0   0   0   0   0   0
--------------------------------------------------------------------------------------------------------------------------------------

--------------------------------------------------------------------------------------------------------------------------------------
Phe TTT   3   3   3   3   3   3 | Ser TCT   1   1   1   1   1   1 | Tyr TAT   0   0   0   0   0   0 | Cys TGT   0   0   0   0   0   0
    TTC   2   2   2   2   2   2 |     TCC   0   0   0   0   0   0 |     TAC   2   2   2   2   2   2 |     TGC   0   0   0   0   0   0
Leu TTA   0   0   0   0   0   0 |     TCA   0   0   0   0   0   0 | *** TAA   0   0   0   0   0   0 | *** TGA   0   0   0   0   0   0
    TTG   0   0   0   0   0   0 |     TCG   0   0   0   0   0   0 |     TAG   0   0   0   0   0   0 | Trp TGG   0   0   0   0   0   0
--------------------------------------------------------------------------------------------------------------------------------------
Leu CTT   0   0   0   0   0   0 | Pro CCT   0   0   0   0   0   0 | His CAT   0   0   0   0   0   0 | Arg CGT   0   0   0   0   0   0
    CTC   0   0   0   0   0   0 |     CCC   1   1   1   1   1   1 |     CAC   1   1   1   1   1   1 |     CGC   0   0   0   0   0   0
    CTA   1   1   1   1   1   1 |     CCA   0   0   0   0   0   0 | Gln CAA   1   1   1   1   1   1 |     CGA   0   0   0   0   0   0
    CTG   1   1   1   1   1   1 |     CCG   0   0   0   0   0   0 |     CAG   2   2   2   2   2   2 |     CGG   0   0   0   0   0   0
--------------------------------------------------------------------------------------------------------------------------------------
Ile ATT   3   3   3   3   3   3 | Thr ACT   0   0   0   0   0   0 | Asn AAT   1   1   1   1   1   1 | Ser AGT   2   1   2   2   2   2
    ATC   0   0   0   0   0   0 |     ACC   1   1   1   1   1   1 |     AAC   1   1   1   1   1   1 |     AGC   1   2   1   1   1   1
    ATA   1   1   1   1   1   1 |     ACA   1   0   1   1   1   1 | Lys AAA   2   2   2   2   2   2 | Arg AGA   1   1   1   1   1   1
Met ATG   0   0   0   0   0   0 |     ACG   0   1   0   0   0   0 |     AAG   0   0   0   0   0   0 |     AGG   0   0   0   0   0   0
--------------------------------------------------------------------------------------------------------------------------------------
Val GTT   0   0   0   0   0   0 | Ala GCT   0   0   0   0   0   0 | Asp GAT   0   0   0   0   0   0 | Gly GGT   1   1   1   1   1   1
    GTC   1   1   1   1   1   1 |     GCC   0   0   0   0   0   0 |     GAC   0   0   0   0   0   0 |     GGC   0   0   0   0   0   0
    GTA   4   3   4   4   4   4 |     GCA   1   1   1   1   1   1 | Glu GAA   0   0   0   0   0   0 |     GGA   1   1   1   1   1   1
    GTG   1   2   1   1   1   1 |     GCG   0   0   0   0   0   0 |     GAG   1   1   1   1   1   1 |     GGG   0   0   0   0   0   0
--------------------------------------------------------------------------------------------------------------------------------------

--------------------------------------------------------------------------------------------------------------------------------------
Phe TTT   3   3   3   3   3   3 | Ser TCT   1   1   1   1   1   1 | Tyr TAT   0   0   0   0   0   0 | Cys TGT   0   0   0   0   0   0
    TTC   2   2   2   2   2   2 |     TCC   0   0   0   0   0   0 |     TAC   2   2   2   2   2   2 |     TGC   0   0   0   0   0   0
Leu TTA   0   0   0   0   0   0 |     TCA   0   0   0   0   0   0 | *** TAA   0   0   0   0   0   0 | *** TGA   0   0   0   0   0   0
    TTG   0   0   0   0   0   0 |     TCG   0   0   0   0   0   0 |     TAG   0   0   0   0   0   0 | Trp TGG   0   0   0   0   0   0
--------------------------------------------------------------------------------------------------------------------------------------
Leu CTT   0   0   0   0   0   0 | Pro CCT   0   0   0   0   0   0 | His CAT   0   0   0   0   0   0 | Arg CGT   0   0   0   0   0   0
    CTC   0   0   0   0   0   0 |     CCC   1   1   1   1   1   1 |     CAC   1   1   1   1   1   1 |     CGC   0   0   0   0   0   0
    CTA   1   1   1   1   1   1 |     CCA   0   0   0   0   0   0 | Gln CAA   1   1   1   1   1   1 |     CGA   0   0   0   0   0   0
    CTG   1   1   1   1   1   1 |     CCG   0   0   0   0   0   0 |     CAG   2   2   2   2   2   2 |     CGG   0   0   0   0   0   0
--------------------------------------------------------------------------------------------------------------------------------------
Ile ATT   3   3   3   3   3   3 | Thr ACT   0   0   0   0   0   0 | Asn AAT   1   1   1   1   1   1 | Ser AGT   2   2   2   2   1   2
    ATC   0   0   0   0   0   0 |     ACC   1   1   1   1   1   1 |     AAC   1   1   1   1   1   1 |     AGC   1   1   1   1   2   1
    ATA   1   1   1   1   1   1 |     ACA   1   1   1   1   0   1 | Lys AAA   2   2   2   2   2   2 | Arg AGA   1   1   1   1   1   1
Met ATG   0   0   0   0   0   0 |     ACG   0   0   0   0   1   0 |     AAG   0   0   0   0   0   0 |     AGG   0   0   0   0   0   0
--------------------------------------------------------------------------------------------------------------------------------------
Val GTT   0   0   0   0   0   0 | Ala GCT   0   0   0   0   0   0 | Asp GAT   0   0   0   0   0   0 | Gly GGT   1   1   1   1   1   1
    GTC   1   1   1   1   1   1 |     GCC   0   0   0   0   0   0 |     GAC   0   0   0   0   0   0 |     GGC   0   0   0   0   0   0
    GTA   4   4   4   4   3   4 |     GCA   1   1   1   1   1   1 | Glu GAA   0   0   0   0   0   0 |     GGA   1   1   1   1   1   1
    GTG   1   1   1   1   2   1 |     GCG   0   0   0   0   0   0 |     GAG   1   1   1   1   1   1 |     GGG   0   0   0   0   0   0
--------------------------------------------------------------------------------------------------------------------------------------

--------------------------------------------------------------------------------------------------------------------------------------
Phe TTT   3   3   3   3   3   3 | Ser TCT   1   1   1   1   1   1 | Tyr TAT   0   0   0   0   0   0 | Cys TGT   0   0   0   0   0   0
    TTC   2   2   2   2   2   2 |     TCC   0   0   0   0   0   0 |     TAC   2   2   2   2   2   2 |     TGC   0   0   0   0   0   0
Leu TTA   0   0   0   0   0   0 |     TCA   0   0   0   0   0   0 | *** TAA   0   0   0   0   0   0 | *** TGA   0   0   0   0   0   0
    TTG   0   0   0   0   0   0 |     TCG   0   0   0   0   0   0 |     TAG   0   0   0   0   0   0 | Trp TGG   0   0   0   0   0   0
--------------------------------------------------------------------------------------------------------------------------------------
Leu CTT   0   0   0   0   0   0 | Pro CCT   0   0   0   0   0   0 | His CAT   0   0   0   0   0   0 | Arg CGT   0   0   0   0   0   0
    CTC   0   0   0   0   0   0 |     CCC   1   1   1   1   1   1 |     CAC   1   1   1   1   1   1 |     CGC   0   0   0   0   0   0
    CTA   1   1   1   1   1   1 |     CCA   0   0   0   0   0   0 | Gln CAA   1   1   1   1   1   1 |     CGA   0   0   0   0   0   0
    CTG   1   1   1   1   1   1 |     CCG   0   0   0   0   0   0 |     CAG   2   2   2   2   2   2 |     CGG   0   0   0   0   0   0
--------------------------------------------------------------------------------------------------------------------------------------
Ile ATT   3   3   3   3   3   3 | Thr ACT   0   0   0   0   0   0 | Asn AAT   1   1   1   1   1   1 | Ser AGT   1   2   2   2   2   2
    ATC   0   0   0   0   0   0 |     ACC   1   1   1   1   1   1 |     AAC   1   1   1   1   1   1 |     AGC   2   1   1   1   1   1
    ATA   1   1   1   1   1   1 |     ACA   1   1   1   1   1   1 | Lys AAA   2   2   2   2   2   2 | Arg AGA   1   1   1   1   1   1
Met ATG   0   0   0   0   0   0 |     ACG   0   0   0   0   0   0 |     AAG   0   0   0   0   0   0 |     AGG   0   0   0   0   0   0
--------------------------------------------------------------------------------------------------------------------------------------
Val GTT   0   0   0   0   0   0 | Ala GCT   0   0   0   0   0   0 | Asp GAT   0   0   0   0   0   0 | Gly GGT   1   1   1   1   1   1
    GTC   1   1   1   1   1   1 |     GCC   0   0   0   0   0   0 |     GAC   0   0   0   0   0   0 |     GGC   0   0   0   0   0   0
    GTA   4   4   4   4   4   4 |     GCA   1   1   1   1   1   1 | Glu GAA   0   0   0   0   0   0 |     GGA   1   1   1   1   1   1
    GTG   1   1   1   1   1   1 |     GCG   0   0   0   0   0   0 |     GAG   1   1   1   1   1   1 |     GGG   0   0   0   0   0   0
--------------------------------------------------------------------------------------------------------------------------------------

Codon position x base (3x4) table for each sequence.

#1: Argali         
position  1:    T:0.20513    C:0.17949    A:0.35897    G:0.25641
position  2:    T:0.43590    C:0.12821    A:0.28205    G:0.15385
position  3:    T:0.28205    C:0.25641    A:0.33333    G:0.12821
Average         T:0.30769    C:0.18803    A:0.32479    G:0.17949

#2: LesserMouseDeer
position  1:    T:0.20513    C:0.17949    A:0.35897    G:0.25641
position  2:    T:0.43590    C:0.12821    A:0.28205    G:0.15385
position  3:    T:0.23077    C:0.28205    A:0.25641    G:0.23077
Average         T:0.29060    C:0.19658    A:0.29915    G:0.21368

#3: LesserKudu     
position  1:    T:0.20513    C:0.17949    A:0.35897    G:0.25641
position  2:    T:0.43590    C:0.12821    A:0.28205    G:0.15385
position  3:    T:0.28205    C:0.25641    A:0.33333    G:0.12821
Average         T:0.30769    C:0.18803    A:0.32479    G:0.17949

#4: ForestMuskDeer2
position  1:    T:0.20513    C:0.17949    A:0.35897    G:0.25641
position  2:    T:0.43590    C:0.12821    A:0.28205    G:0.15385
position  3:    T:0.28205    C:0.25641    A:0.33333    G:0.12821
Average         T:0.30769    C:0.18803    A:0.32479    G:0.17949

#5: Camel          
position  1:    T:0.20513    C:0.17949    A:0.35897    G:0.25641
position  2:    T:0.43590    C:0.12821    A:0.28205    G:0.15385
position  3:    T:0.28205    C:0.25641    A:0.30769    G:0.15385
Average         T:0.30769    C:0.18803    A:0.31624    G:0.18803

#6: KillerWhale    
position  1:    T:0.20513    C:0.17949    A:0.35897    G:0.25641
position  2:    T:0.43590    C:0.12821    A:0.28205    G:0.15385
position  3:    T:0.28205    C:0.28205    A:0.28205    G:0.15385
Average         T:0.30769    C:0.19658    A:0.30769    G:0.18803

#7: DefassaWaterbuck
position  1:    T:0.20513    C:0.17949    A:0.35897    G:0.25641
position  2:    T:0.43590    C:0.12821    A:0.28205    G:0.15385
position  3:    T:0.28205    C:0.25641    A:0.33333    G:0.12821
Average         T:0.30769    C:0.18803    A:0.32479    G:0.17949

#8: Sheep          
position  1:    T:0.20513    C:0.17949    A:0.35897    G:0.25641
position  2:    T:0.43590    C:0.12821    A:0.28205    G:0.15385
position  3:    T:0.28205    C:0.25641    A:0.33333    G:0.12821
Average         T:0.30769    C:0.18803    A:0.32479    G:0.17949

#9: MaxwellsDuiker 
position  1:    T:0.20513    C:0.17949    A:0.35897    G:0.25641
position  2:    T:0.43590    C:0.12821    A:0.28205    G:0.15385
position  3:    T:0.25641    C:0.28205    A:0.33333    G:0.12821
Average         T:0.29915    C:0.19658    A:0.32479    G:0.17949

#10: GazellaPrzewalskyi
position  1:    T:0.20513    C:0.17949    A:0.35897    G:0.25641
position  2:    T:0.43590    C:0.12821    A:0.28205    G:0.15385
position  3:    T:0.28205    C:0.25641    A:0.33333    G:0.12821
Average         T:0.30769    C:0.18803    A:0.32479    G:0.17949

#11: MountainNyala  
position  1:    T:0.20513    C:0.17949    A:0.35897    G:0.25641
position  2:    T:0.43590    C:0.12821    A:0.28205    G:0.15385
position  3:    T:0.28205    C:0.25641    A:0.33333    G:0.12821
Average         T:0.30769    C:0.18803    A:0.32479    G:0.17949

#12: MuntiacusMuntjak
position  1:    T:0.20513    C:0.17949    A:0.35897    G:0.25641
position  2:    T:0.43590    C:0.12821    A:0.28205    G:0.15385
position  3:    T:0.28205    C:0.25641    A:0.33333    G:0.12821
Average         T:0.30769    C:0.18803    A:0.32479    G:0.17949

#13: goat           
position  1:    T:0.20513    C:0.17949    A:0.35897    G:0.25641
position  2:    T:0.43590    C:0.12821    A:0.28205    G:0.15385
position  3:    T:0.28205    C:0.25641    A:0.33333    G:0.12821
Average         T:0.30769    C:0.18803    A:0.32479    G:0.17949

#14: AfricanBuffalo 
position  1:    T:0.20513    C:0.17949    A:0.35897    G:0.25641
position  2:    T:0.43590    C:0.12821    A:0.28205    G:0.15385
position  3:    T:0.28205    C:0.25641    A:0.33333    G:0.12821
Average         T:0.30769    C:0.18803    A:0.32479    G:0.17949

#15: Topi           
position  1:    T:0.20513    C:0.17949    A:0.35897    G:0.25641
position  2:    T:0.43590    C:0.12821    A:0.28205    G:0.15385
position  3:    T:0.28205    C:0.25641    A:0.33333    G:0.12821
Average         T:0.30769    C:0.18803    A:0.32479    G:0.17949

#16: CommonDuiker   
position  1:    T:0.20513    C:0.17949    A:0.35897    G:0.25641
position  2:    T:0.43590    C:0.12821    A:0.28205    G:0.15385
position  3:    T:0.28205    C:0.25641    A:0.33333    G:0.12821
Average         T:0.30769    C:0.18803    A:0.32479    G:0.17949

#17: Suni           
position  1:    T:0.20513    C:0.17949    A:0.35897    G:0.25641
position  2:    T:0.43590    C:0.12821    A:0.28205    G:0.15385
position  3:    T:0.28205    C:0.25641    A:0.33333    G:0.12821
Average         T:0.30769    C:0.18803    A:0.32479    G:0.17949

#18: Springbuck     
position  1:    T:0.20513    C:0.17949    A:0.35897    G:0.25641
position  2:    T:0.43590    C:0.12821    A:0.28205    G:0.15385
position  3:    T:0.28205    C:0.25641    A:0.33333    G:0.12821
Average         T:0.30769    C:0.18803    A:0.32479    G:0.17949

#19: Okapi          
position  1:    T:0.20513    C:0.17949    A:0.35897    G:0.25641
position  2:    T:0.43590    C:0.12821    A:0.28205    G:0.15385
position  3:    T:0.28205    C:0.25641    A:0.33333    G:0.12821
Average         T:0.30769    C:0.18803    A:0.32479    G:0.17949

#20: Giraffe        
position  1:    T:0.20513    C:0.17949    A:0.35897    G:0.25641
position  2:    T:0.43590    C:0.12821    A:0.28205    G:0.15385
position  3:    T:0.28205    C:0.25641    A:0.33333    G:0.12821
Average         T:0.30769    C:0.18803    A:0.32479    G:0.17949

#21: TibetanAntelope
position  1:    T:0.20513    C:0.17949    A:0.35897    G:0.25641
position  2:    T:0.43590    C:0.12821    A:0.28205    G:0.15385
position  3:    T:0.28205    C:0.25641    A:0.33333    G:0.12821
Average         T:0.30769    C:0.18803    A:0.32479    G:0.17949

#22: Sitatunga      
position  1:    T:0.20513    C:0.17949    A:0.35897    G:0.25641
position  2:    T:0.43590    C:0.12821    A:0.28205    G:0.15385
position  3:    T:0.28205    C:0.25641    A:0.33333    G:0.12821
Average         T:0.30769    C:0.18803    A:0.32479    G:0.17949

#23: Oribi          
position  1:    T:0.20513    C:0.17949    A:0.35897    G:0.25641
position  2:    T:0.43590    C:0.12821    A:0.28205    G:0.15385
position  3:    T:0.28205    C:0.25641    A:0.33333    G:0.12821
Average         T:0.30769    C:0.18803    A:0.32479    G:0.17949

#24: BarbarySheep   
position  1:    T:0.20513    C:0.17949    A:0.35897    G:0.25641
position  2:    T:0.43590    C:0.12821    A:0.28205    G:0.15385
position  3:    T:0.28205    C:0.25641    A:0.33333    G:0.12821
Average         T:0.30769    C:0.18803    A:0.32479    G:0.17949

#25: Daviddeer      
position  1:    T:0.20513    C:0.17949    A:0.35897    G:0.25641
position  2:    T:0.43590    C:0.12821    A:0.28205    G:0.15385
position  3:    T:0.28205    C:0.25641    A:0.33333    G:0.12821
Average         T:0.30769    C:0.18803    A:0.32479    G:0.17949

#26: Reindeer       
position  1:    T:0.20513    C:0.17949    A:0.35897    G:0.25641
position  2:    T:0.43590    C:0.12821    A:0.28205    G:0.15385
position  3:    T:0.28205    C:0.25641    A:0.33333    G:0.12821
Average         T:0.30769    C:0.18803    A:0.32479    G:0.17949

#27: Ibex           
position  1:    T:0.20513    C:0.17949    A:0.35897    G:0.25641
position  2:    T:0.43590    C:0.12821    A:0.28205    G:0.15385
position  3:    T:0.28205    C:0.25641    A:0.33333    G:0.12821
Average         T:0.30769    C:0.18803    A:0.32479    G:0.17949

#28: GyrantGazelle  
position  1:    T:0.20513    C:0.17949    A:0.35897    G:0.25641
position  2:    T:0.43590    C:0.12821    A:0.28205    G:0.15385
position  3:    T:0.25641    C:0.28205    A:0.33333    G:0.12821
Average         T:0.29915    C:0.19658    A:0.32479    G:0.17949

#29: Hartebeest     
position  1:    T:0.20513    C:0.17949    A:0.35897    G:0.25641
position  2:    T:0.43590    C:0.12821    A:0.28205    G:0.15385
position  3:    T:0.28205    C:0.25641    A:0.33333    G:0.12821
Average         T:0.30769    C:0.18803    A:0.32479    G:0.17949

#30: Bongo          
position  1:    T:0.20513    C:0.17949    A:0.35897    G:0.25641
position  2:    T:0.43590    C:0.12821    A:0.28205    G:0.15385
position  3:    T:0.28205    C:0.25641    A:0.33333    G:0.12821
Average         T:0.30769    C:0.18803    A:0.32479    G:0.17949

#31: Gerenuk        
position  1:    T:0.20513    C:0.17949    A:0.35897    G:0.25641
position  2:    T:0.43590    C:0.12821    A:0.28205    G:0.15385
position  3:    T:0.28205    C:0.25641    A:0.33333    G:0.12821
Average         T:0.30769    C:0.18803    A:0.32479    G:0.17949

#32: CommonEland    
position  1:    T:0.20513    C:0.17949    A:0.35897    G:0.25641
position  2:    T:0.43590    C:0.12821    A:0.28205    G:0.15385
position  3:    T:0.28205    C:0.25641    A:0.33333    G:0.12821
Average         T:0.30769    C:0.18803    A:0.32479    G:0.17949

#33: MuntiacusReevesi
position  1:    T:0.20513    C:0.17949    A:0.35897    G:0.25641
position  2:    T:0.43590    C:0.12821    A:0.28205    G:0.15385
position  3:    T:0.28205    C:0.25641    A:0.33333    G:0.12821
Average         T:0.30769    C:0.18803    A:0.32479    G:0.17949

#34: HarveysDuiker  
position  1:    T:0.20513    C:0.17949    A:0.35897    G:0.25641
position  2:    T:0.43590    C:0.12821    A:0.28205    G:0.15385
position  3:    T:0.28205    C:0.25641    A:0.33333    G:0.12821
Average         T:0.30769    C:0.18803    A:0.32479    G:0.17949

#35: Pronghorn      
position  1:    T:0.20513    C:0.17949    A:0.35897    G:0.25641
position  2:    T:0.43590    C:0.12821    A:0.28205    G:0.15385
position  3:    T:0.28205    C:0.25641    A:0.33333    G:0.12821
Average         T:0.30769    C:0.18803    A:0.32479    G:0.17949

#36: BlueWildebeest 
position  1:    T:0.20513    C:0.17949    A:0.35897    G:0.25641
position  2:    T:0.43590    C:0.12821    A:0.28205    G:0.15385
position  3:    T:0.28205    C:0.25641    A:0.33333    G:0.12821
Average         T:0.30769    C:0.18803    A:0.32479    G:0.17949

#37: Gemsbok        
position  1:    T:0.20513    C:0.17949    A:0.35897    G:0.25641
position  2:    T:0.43590    C:0.12821    A:0.28205    G:0.15385
position  3:    T:0.28205    C:0.25641    A:0.33333    G:0.12821
Average         T:0.30769    C:0.18803    A:0.32479    G:0.17949

#38: Yak            
position  1:    T:0.20513    C:0.17949    A:0.35897    G:0.25641
position  2:    T:0.43590    C:0.12821    A:0.28205    G:0.15385
position  3:    T:0.25641    C:0.28205    A:0.28205    G:0.17949
Average         T:0.29915    C:0.19658    A:0.30769    G:0.19658

#39: BlueSheep      
position  1:    T:0.20513    C:0.17949    A:0.35897    G:0.25641
position  2:    T:0.43590    C:0.12821    A:0.28205    G:0.15385
position  3:    T:0.28205    C:0.25641    A:0.33333    G:0.12821
Average         T:0.30769    C:0.18803    A:0.32479    G:0.17949

#40: BohorReedbuck  
position  1:    T:0.20513    C:0.17949    A:0.35897    G:0.25641
position  2:    T:0.43590    C:0.12821    A:0.28205    G:0.15385
position  3:    T:0.28205    C:0.25641    A:0.33333    G:0.12821
Average         T:0.30769    C:0.18803    A:0.32479    G:0.17949

#41: KirksDik       
position  1:    T:0.20513    C:0.17949    A:0.35897    G:0.25641
position  2:    T:0.43590    C:0.12821    A:0.28205    G:0.15385
position  3:    T:0.28205    C:0.25641    A:0.33333    G:0.12821
Average         T:0.30769    C:0.18803    A:0.32479    G:0.17949

#42: RoeDeer        
position  1:    T:0.20513    C:0.17949    A:0.35897    G:0.25641
position  2:    T:0.43590    C:0.12821    A:0.28205    G:0.15385
position  3:    T:0.28205    C:0.25641    A:0.33333    G:0.12821
Average         T:0.30769    C:0.18803    A:0.32479    G:0.17949

#43: WhiteLippedDeer
position  1:    T:0.20513    C:0.17949    A:0.35897    G:0.25641
position  2:    T:0.43590    C:0.12821    A:0.28205    G:0.15385
position  3:    T:0.28205    C:0.25641    A:0.33333    G:0.12821
Average         T:0.30769    C:0.18803    A:0.32479    G:0.17949

#44: ThomsonGazelle 
position  1:    T:0.20513    C:0.17949    A:0.35897    G:0.25641
position  2:    T:0.43590    C:0.12821    A:0.28205    G:0.15385
position  3:    T:0.28205    C:0.25641    A:0.33333    G:0.12821
Average         T:0.30769    C:0.18803    A:0.32479    G:0.17949

#45: MuntiacusCrinifrons
position  1:    T:0.20513    C:0.17949    A:0.35897    G:0.25641
position  2:    T:0.43590    C:0.12821    A:0.28205    G:0.15385
position  3:    T:0.28205    C:0.25641    A:0.33333    G:0.12821
Average         T:0.30769    C:0.18803    A:0.32479    G:0.17949

#46: WhiteTailedDeer
position  1:    T:0.20513    C:0.17949    A:0.35897    G:0.25641
position  2:    T:0.43590    C:0.12821    A:0.28205    G:0.15385
position  3:    T:0.28205    C:0.25641    A:0.33333    G:0.12821
Average         T:0.30769    C:0.18803    A:0.32479    G:0.17949

#47: Cattle         
position  1:    T:0.20513    C:0.17949    A:0.35897    G:0.25641
position  2:    T:0.43590    C:0.12821    A:0.28205    G:0.15385
position  3:    T:0.25641    C:0.28205    A:0.28205    G:0.17949
Average         T:0.29915    C:0.19658    A:0.30769    G:0.19658

#48: RoyalAntelope  
position  1:    T:0.20513    C:0.17949    A:0.35897    G:0.25641
position  2:    T:0.43590    C:0.12821    A:0.28205    G:0.15385
position  3:    T:0.28205    C:0.25641    A:0.33333    G:0.12821
Average         T:0.30769    C:0.18803    A:0.32479    G:0.17949

#49: Steenbok       
position  1:    T:0.20513    C:0.17949    A:0.35897    G:0.25641
position  2:    T:0.43590    C:0.12821    A:0.28205    G:0.15385
position  3:    T:0.25641    C:0.28205    A:0.33333    G:0.12821
Average         T:0.29915    C:0.19658    A:0.32479    G:0.17949

#50: Impala         
position  1:    T:0.20513    C:0.17949    A:0.35897    G:0.25641
position  2:    T:0.43590    C:0.12821    A:0.28205    G:0.15385
position  3:    T:0.28205    C:0.25641    A:0.33333    G:0.12821
Average         T:0.30769    C:0.18803    A:0.32479    G:0.17949

#51: Klipspringer   
position  1:    T:0.20513    C:0.17949    A:0.35897    G:0.25641
position  2:    T:0.43590    C:0.12821    A:0.28205    G:0.15385
