1
52 1
Argali 0.000000 0.127700 0.143900 0.150500 0.038600 0.000000 0.038900 0.019200 0.120600 0.100000 0.000000 0.078000 0.058400 0.059400 0.019500 0.058700 0.059400 0.058900 0.057200 0.166000 0.039400 0.000000 0.059200 0.080600 0.000000 0.038700 0.058400 0.162900 0.058200 0.120600 0.078800 0.038900 0.082900 0.058400 0.119200 0.097400 0.000000 0.019400 0.019500 0.079400 0.058600 0.058300 0.141300 0.059400 0.078000 0.019400 0.078100 0.058900 0.038800 0.058900 0.141400 0.164600
LesserMous 0.127700 0.000000 0.198900 0.159900 0.125900 0.127700 0.127500 0.105000 0.220800 0.150600 0.127700 0.170700 0.148600 0.151700 0.105600 0.102800 0.106000 0.104500 0.193500 0.247900 0.129100 0.127700 0.105500 0.084800 0.127700 0.127100 0.148600 0.242300 0.149000 0.220800 0.126800 0.127500 0.134000 0.148600 0.216800 0.192500 0.127700 0.105200 0.106100 0.105200 0.104500 0.151200 0.171600 0.105900 0.170700 0.105200 0.169800 0.149500 0.126100 0.083100 0.243900 0.270600
LesserKudu 0.143900 0.198900 0.000000 0.223800 0.120400 0.143900 0.143700 0.121600 0.037200 0.212800 0.143900 0.098200 0.164000 0.167600 0.122800 0.143100 0.167800 0.165900 0.209900 0.076500 0.145100 0.143900 0.166700 0.145600 0.143900 0.099500 0.164000 0.075300 0.164500 0.037200 0.188200 0.143700 0.197600 0.164000 0.208800 0.118500 0.143900 0.122100 0.123100 0.188600 0.164800 0.121600 0.234100 0.166900 0.098200 0.122100 0.163400 0.165800 0.142800 0.143100 0.056200 0.076000
KillerWhal 0.150500 0.159900 0.223800 0.000000 0.148600 0.150500 0.150300 0.127300 0.245700 0.148800 0.150500 0.194100 0.171500 0.175500 0.128200 0.172900 0.128300 0.126300 0.216800 0.301700 0.152500 0.150500 0.127800 0.106900 0.150500 0.149800 0.171500 0.294400 0.171800 0.245700 0.149000 0.150300 0.158600 0.171500 0.240900 0.216300 0.150500 0.127700 0.128700 0.150200 0.119300 0.174900 0.193200 0.128200 0.194100 0.127700 0.193200 0.172800 0.148800 0.082800 0.269000 0.296400
DefassaWat 0.038600 0.125900 0.120400 0.148600 0.000000 0.038600 0.038600 0.019100 0.098200 0.099100 0.038600 0.077300 0.057600 0.059000 0.019300 0.019000 0.058700 0.058200 0.098100 0.141800 0.039000 0.038600 0.058500 0.079600 0.038600 0.038400 0.057600 0.138800 0.057700 0.098200 0.078100 0.038600 0.082300 0.057600 0.076600 0.097200 0.038600 0.019200 0.019300 0.078400 0.057900 0.058600 0.097500 0.058700 0.077300 0.019200 0.037900 0.058300 0.038400 0.058100 0.118400 0.140600
Sheep 0.000000 0.127700 0.143900 0.150500 0.038600 0.000000 0.038900 0.019200 0.120600 0.100000 0.000000 0.078000 0.058400 0.059400 0.019500 0.058700 0.059400 0.058900 0.057200 0.166000 0.039400 0.000000 0.059200 0.080600 0.000000 0.038700 0.058400 0.162900 0.058200 0.120600 0.078800 0.038900 0.082900 0.058400 0.119200 0.097900 0.000000 0.019400 0.019500 0.079400 0.058600 0.059100 0.141300 0.059400 0.078000 0.019400 0.078100 0.058900 0.038800 0.058900 0.141400 0.164600
MaxwellsDu 0.038900 0.127500 0.143700 0.150300 0.038600 0.038900 0.000000 0.019200 0.120500 0.099900 0.038900 0.077900 0.058100 0.019100 0.019400 0.058600 0.059400 0.058800 0.098800 0.165800 0.039300 0.038900 0.059200 0.080500 0.038900 0.038600 0.058100 0.162300 0.058100 0.120500 0.078700 0.000000 0.082800 0.058100 0.119100 0.097100 0.038900 0.019300 0.019500 0.079300 0.058500 0.059000 0.141200 0.059300 0.077900 0.019300 0.078000 0.058800 0.038800 0.058800 0.141200 0.164400
GazellaPrz 0.019200 0.105000 0.121600 0.127300 0.019100 0.019200 0.019200 0.000000 0.099100 0.078700 0.019200 0.057700 0.038300 0.039200 0.000100 0.038700 0.039200 0.038800 0.078100 0.143100 0.019500 0.019200 0.039000 0.059800 0.019200 0.019100 0.038300 0.140000 0.035900 0.099100 0.058400 0.018300 0.061500 0.038300 0.097900 0.077300 0.019200 0.000100 0.000100 0.058800 0.038600 0.038900 0.119500 0.039100 0.057700 0.000100 0.057900 0.038800 0.019200 0.038700 0.119400 0.141700
MountainNy 0.120600 0.220800 0.037200 0.245700 0.098200 0.120600 0.120500 0.099100 0.000000 0.187000 0.120600 0.077100 0.140400 0.143300 0.100200 0.120000 0.143400 0.141900 0.185300 0.037100 0.121400 0.120600 0.142400 0.166200 0.120600 0.077900 0.140400 0.036500 0.140800 0.000000 0.163500 0.120500 0.171000 0.140400 0.184400 0.097000 0.120600 0.099500 0.100300 0.164000 0.140900 0.099100 0.208000 0.142700 0.077100 0.099500 0.140300 0.142000 0.119800 0.142000 0.018200 0.036900
MuntiacusM 0.100000 0.150600 0.212800 0.148800 0.099100 0.100000 0.099900 0.078700 0.187000 0.000000 0.100000 0.098300 0.119900 0.122200 0.079900 0.120700 0.079900 0.038700 0.119100 0.236300 0.101300 0.100000 0.039000 0.059800 0.100000 0.099400 0.119900 0.231700 0.119900 0.187000 0.019000 0.099900 0.104300 0.119900 0.184500 0.118400 0.100000 0.079500 0.080200 0.058900 0.038600 0.121600 0.037900 0.039100 0.098300 0.079500 0.140200 0.121000 0.099400 0.079300 0.208900 0.234000
goat 0.000000 0.127700 0.143900 0.150500 0.038600 0.000000 0.038900 0.019200 0.120600 0.100000 0.000000 0.078000 0.058400 0.059400 0.019500 0.058700 0.059400 0.058900 0.057200 0.166000 0.039400 0.000000 0.059200 0.080600 0.000000 0.038700 0.058400 0.162900 0.058200 0.120600 0.078800 0.038900 0.082900 0.058400 0.119200 0.097900 0.000000 0.019400 0.019500 0.079400 0.058600 0.059100 0.141300 0.059400 0.078000 0.019400 0.078100 0.058900 0.038800 0.058900 0.141400 0.164600
AfricanBuf 0.078000 0.170700 0.098200 0.194100 0.077300 0.078000 0.077900 0.057700 0.077100 0.098300 0.078000 0.000000 0.097400 0.099100 0.058400 0.098100 0.099400 0.098300 0.139100 0.118900 0.078800 0.078000 0.058100 0.079100 0.078000 0.037800 0.097400 0.116700 0.097400 0.077100 0.077400 0.077900 0.124300 0.097400 0.160200 0.017700 0.078000 0.058100 0.058600 0.078100 0.057500 0.057700 0.139000 0.058300 0.000000 0.058100 0.117500 0.098400 0.077600 0.098400 0.096800 0.118200
Topi 0.058400 0.148600 0.164000 0.171500 0.057600 0.058400 0.058100 0.038300 0.140400 0.119900 0.058400 0.097400 0.000000 0.079000 0.038600 0.078100 0.078900 0.078100 0.118400 0.186400 0.058700 0.058400 0.078600 0.100300 0.058400 0.057900 0.000000 0.182800 0.077500 0.140400 0.098400 0.058100 0.103400 0.000000 0.056300 0.117500 0.058400 0.038500 0.038800 0.098900 0.077700 0.078600 0.161500 0.078800 0.097400 0.038500 0.097400 0.037800 0.057800 0.078000 0.161300 0.184900
CommonDuik 0.059400 0.151700 0.167600 0.175500 0.059000 0.059400 0.019100 0.039200 0.143300 0.122200 0.059400 0.099100 0.079000 0.000000 0.039600 0.079700 0.080700 0.079900 0.121000 0.190400 0.060100 0.059400 0.080400 0.102600 0.059400 0.059000 0.079000 0.186300 0.078900 0.143300 0.100300 0.019100 0.105700 0.079000 0.141500 0.119500 0.059400 0.039400 0.039700 0.100900 0.079500 0.080200 0.164600 0.080600 0.099100 0.039400 0.099500 0.080000 0.059300 0.080100 0.164700 0.188700
Suni 0.019500 0.105600 0.122800 0.128200 0.019300 0.019500 0.019400 0.000100 0.100200 0.079900 0.019500 0.058400 0.038600 0.039600 0.000000 0.039100 0.039500 0.039100 0.078800 0.144800 0.019600 0.019500 0.039300 0.060200 0.019500 0.019300 0.038600 0.141500 0.038700 0.100200 0.059100 0.019400 0.062300 0.038600 0.098600 0.078200 0.019500 0.000200 0.000300 0.059300 0.038800 0.039400 0.120900 0.039400 0.058400 0.000200 0.058600 0.039100 0.019300 0.038800 0.120900 0.143500
Springbuck 0.058700 0.102800 0.143100 0.172900 0.019000 0.058700 0.058600 0.038700 0.120000 0.120700 0.058700 0.098100 0.078100 0.079700 0.039100 0.000000 0.079700 0.079000 0.119700 0.142700 0.059300 0.058700 0.079300 0.101100 0.058700 0.058300 0.078100 0.139700 0.078000 0.120000 0.099000 0.058600 0.104100 0.078100 0.097600 0.118400 0.058700 0.038900 0.039200 0.099700 0.078500 0.079200 0.118800 0.079600 0.098100 0.038900 0.057700 0.079000 0.058500 0.078900 0.140800 0.164000
Okapi 0.059400 0.106000 0.167800 0.128300 0.058700 0.059400 0.059400 0.039200 0.143400 0.079900 0.059400 0.099400 0.078900 0.080700 0.039500 0.079700 0.000000 0.038200 0.120500 0.190300 0.060000 0.059400 0.039300 0.060300 0.059400 0.059100 0.078900 0.186500 0.038600 0.143400 0.059000 0.059400 0.062000 0.078900 0.141400 0.119800 0.059400 0.039300 0.039600 0.059400 0.038900 0.080300 0.121000 0.039400 0.099400 0.039300 0.078700 0.059200 0.058900 0.039200 0.164700 0.188700
Giraffe 0.058900 0.104500 0.165900 0.126300 0.058200 0.058900 0.058800 0.038800 0.141900 0.038700 0.058900 0.098300 0.078100 0.079900 0.039100 0.079000 0.038200 0.000000 0.077900 0.188300 0.059400 0.058900 0.038800 0.059500 0.058900 0.058500 0.078100 0.184600 0.078300 0.141900 0.019000 0.058800 0.061300 0.078100 0.140800 0.118600 0.058900 0.038900 0.039200 0.058700 0.038500 0.079500 0.078000 0.039000 0.098300 0.038900 0.078100 0.058700 0.058400 0.038900 0.163100 0.186900
TibetanAnt 0.057200 0.193500 0.209900 0.216800 0.098100 0.057200 0.098800 0.078100 0.185300 0.119100 0.057200 0.139100 0.118400 0.121000 0.078800 0.119700 0.120500 0.077900 0.000000 0.234200 0.099400 0.057200 0.119700 0.142000 0.057200 0.098200 0.118400 0.230500 0.118300 0.185300 0.097800 0.098800 0.147100 0.118400 0.182700 0.160300 0.057200 0.078400 0.079100 0.140400 0.118300 0.120200 0.160600 0.120000 0.139100 0.078400 0.140200 0.119800 0.098500 0.118900 0.161800 0.233700
Sitatunga 0.166000 0.247900 0.076500 0.301700 0.141800 0.166000 0.165800 0.143100 0.037100 0.236300 0.166000 0.118900 0.186400 0.190400 0.144800 0.142700 0.190300 0.188300 0.234200 0.000000 0.167000 0.166000 0.189000 0.214600 0.166000 0.120300 0.186400 0.036600 0.186800 0.037100 0.211000 0.165800 0.221100 0.186400 0.232700 0.139700 0.166000 0.143600 0.144800 0.211500 0.186900 0.143100 0.258200 0.189400 0.118900 0.143600 0.186100 0.188600 0.164800 0.188700 0.056000 0.075800
Oribi 0.039400 0.129100 0.145100 0.152500 0.039000 0.039400 0.039300 0.019500 0.121400 0.101300 0.039400 0.078800 0.058700 0.060100 0.019600 0.059300 0.060000 0.059400 0.099400 0.167000 0.000000 0.039400 0.059800 0.081600 0.039400 0.039200 0.058700 0.163300 0.058900 0.121400 0.079800 0.039300 0.084200 0.058700 0.119800 0.098800 0.039400 0.019500 0.019700 0.080200 0.059200 0.059800 0.143000 0.060000 0.078800 0.019500 0.078800 0.059300 0.039100 0.059500 0.142100 0.165100
BarbaryShe 0.000000 0.127700 0.143900 0.150500 0.038600 0.000000 0.038900 0.019200 0.120600 0.100000 0.000000 0.078000 0.058400 0.059400 0.019500 0.058700 0.059400 0.058900 0.057200 0.166000 0.039400 0.000000 0.059200 0.080600 0.000000 0.038700 0.058400 0.162900 0.058200 0.120600 0.078800 0.038900 0.082900 0.058400 0.119200 0.097900 0.000000 0.019400 0.019500 0.079400 0.058600 0.053700 0.141300 0.059400 0.078000 0.019400 0.078100 0.058900 0.038800 0.058900 0.141400 0.164600
Daviddeer 0.059200 0.105500 0.166700 0.127800 0.058500 0.059200 0.059200 0.039000 0.142400 0.039000 0.059200 0.058100 0.078600 0.080400 0.039300 0.079300 0.039300 0.038800 0.119700 0.189000 0.059800 0.059200 0.000000 0.019600 0.059200 0.058900 0.078600 0.185000 0.078800 0.142400 0.019200 0.059200 0.061800 0.078600 0.140500 0.077800 0.059200 0.039000 0.039400 0.019300 0.000100 0.080000 0.078500 0.000200 0.058100 0.039000 0.098700 0.079000 0.058700 0.038700 0.163400 0.186900
Reindeer 0.080600 0.084800 0.145600 0.106900 0.079600 0.080600 0.080500 0.059800 0.166200 0.059800 0.080600 0.079100 0.100300 0.102600 0.060200 0.101100 0.060300 0.059500 0.142000 0.214600 0.081600 0.080600 0.019600 0.000000 0.080600 0.080200 0.100300 0.209800 0.100600 0.166200 0.039200 0.080500 0.084400 0.100300 0.163700 0.099100 0.080600 0.059900 0.060400 0.039500 0.019400 0.102100 0.100300 0.019700 0.079100 0.059900 0.120500 0.101000 0.079800 0.039000 0.187600 0.211900
Ibex 0.000000 0.127700 0.143900 0.150500 0.038600 0.000000 0.038900 0.019200 0.120600 0.100000 0.000000 0.078000 0.058400 0.059400 0.019500 0.058700 0.059400 0.058900 0.057200 0.166000 0.039400 0.000000 0.059200 0.080600 0.000000 0.038700 0.058400 0.162900 0.058200 0.120600 0.078800 0.038900 0.082900 0.058400 0.119200 0.097900 0.000000 0.019400 0.019500 0.079400 0.058600 0.059100 0.141300 0.059400 0.078000 0.019400 0.078100 0.058900 0.038800 0.058900 0.141400 0.164600
GyrantGaze 0.038700 0.127100 0.099500 0.149800 0.038400 0.038700 0.038600 0.019100 0.077900 0.099400 0.038700 0.037800 0.057900 0.059000 0.019300 0.058300 0.059100 0.058500 0.098200 0.120300 0.039200 0.038700 0.058900 0.080200 0.038700 0.000000 0.057900 0.117800 0.057900 0.077900 0.078400 0.038600 0.082300 0.057900 0.118500 0.057000 0.038700 0.019200 0.019400 0.079000 0.058300 0.019100 0.140500 0.059100 0.037800 0.019200 0.077600 0.058500 0.038500 0.058600 0.097700 0.119300
Hartebeest 0.058400 0.148600 0.164000 0.171500 0.057600 0.058400 0.058100 0.038300 0.140400 0.119900 0.058400 0.097400 0.000000 0.079000 0.038600 0.078100 0.078900 0.078100 0.118400 0.186400 0.058700 0.058400 0.078600 0.100300 0.058400 0.057900 0.000000 0.182800 0.077500 0.140400 0.098400 0.058100 0.103400 0.000000 0.056300 0.117500 0.058400 0.038500 0.038800 0.098900 0.077700 0.078600 0.161500 0.078800 0.097400 0.038500 0.097400 0.037800 0.057800 0.078000 0.161300 0.184900
Bongo 0.162900 0.242300 0.075300 0.294400 0.138800 0.162900 0.162300 0.140000 0.036500 0.231700 0.162900 0.116700 0.182800 0.186300 0.141500 0.139700 0.186500 0.184600 0.230500 0.036600 0.163300 0.162900 0.185000 0.209800 0.162900 0.117800 0.182800 0.000000 0.183300 0.036500 0.206800 0.162300 0.215800 0.182800 0.229200 0.137300 0.162900 0.140500 0.141700 0.207300 0.183000 0.140000 0.253300 0.185400 0.116700 0.140500 0.182700 0.184800 0.161700 0.184100 0.055100 0.074900
Gerenuk 0.058200 0.149000 0.164500 0.171800 0.057700 0.058200 0.058100 0.035900 0.140800 0.119900 0.058200 0.097400 0.077500 0.078900 0.038700 0.078000 0.038600 0.078300 0.118300 0.186800 0.058900 0.058200 0.078800 0.100600 0.058200 0.057900 0.077500 0.183300 0.000000 0.140800 0.098300 0.058100 0.103100 0.077500 0.139200 0.117400 0.058200 0.038600 0.038900 0.099300 0.078000 0.078500 0.161500 0.079100 0.097400 0.038600 0.097200 0.078200 0.057900 0.078400 0.161800 0.185300
CommonElan 0.120600 0.220800 0.037200 0.245700 0.098200 0.120600 0.120500 0.099100 0.000000 0.187000 0.120600 0.077100 0.140400 0.143300 0.100200 0.120000 0.143400 0.141900 0.185300 0.037100 0.121400 0.120600 0.142400 0.166200 0.120600 0.077900 0.140400 0.036500 0.140800 0.000000 0.163500 0.120500 0.171000 0.140400 0.184400 0.097000 0.120600 0.099500 0.100300 0.164000 0.140900 0.099100 0.208000 0.142700 0.077100 0.099500 0.140300 0.142000 0.119800 0.142000 0.018200 0.036900
MuntiacusR 0.078800 0.126800 0.188200 0.149000 0.078100 0.078800 0.078700 0.058400 0.163500 0.019000 0.078800 0.077400 0.098400 0.100300 0.059100 0.099000 0.059000 0.019000 0.097800 0.211000 0.079800 0.078800 0.019200 0.039200 0.078800 0.078400 0.098400 0.206800 0.098300 0.163500 0.000000 0.078700 0.082200 0.098400 0.161200 0.097200 0.078800 0.058800 0.059300 0.038700 0.019000 0.099800 0.057500 0.019300 0.077400 0.058800 0.118500 0.099300 0.078400 0.058400 0.184800 0.209100
HarveysDui 0.038900 0.127500 0.143700 0.150300 0.038600 0.038900 0.000000 0.018300 0.120500 0.099900 0.038900 0.077900 0.058100 0.019100 0.019400 0.058600 0.059400 0.058800 0.098800 0.165800 0.039300 0.038900 0.059200 0.080500 0.038900 0.038600 0.058100 0.162300 0.058100 0.120500 0.078700 0.000000 0.082800 0.058100 0.119100 0.097800 0.038900 0.019300 0.019500 0.079300 0.058500 0.059000 0.141200 0.059300 0.077900 0.019300 0.077300 0.058800 0.038800 0.058800 0.141200 0.164400
Pronghorn 0.082900 0.134000 0.197600 0.158600 0.082300 0.082900 0.082800 0.061500 0.171000 0.104300 0.082900 0.124300 0.103400 0.105700 0.062300 0.104100 0.062000 0.061300 0.147100 0.221100 0.084200 0.082900 0.061800 0.084400 0.082900 0.082300 0.103400 0.215800 0.103100 0.171000 0.082200 0.082800 0.000000 0.103400 0.168600 0.145400 0.082900 0.061900 0.062400 0.082800 0.061200 0.104800 0.147300 0.062100 0.124300 0.061900 0.124400 0.104500 0.082500 0.061700 0.193100 0.218000
BlueWildeb 0.058400 0.148600 0.164000 0.171500 0.057600 0.058400 0.058100 0.038300 0.140400 0.119900 0.058400 0.097400 0.000000 0.079000 0.038600 0.078100 0.078900 0.078100 0.118400 0.186400 0.058700 0.058400 0.078600 0.100300 0.058400 0.057900 0.000000 0.182800 0.077500 0.140400 0.098400 0.058100 0.103400 0.000000 0.056300 0.117500 0.058400 0.038500 0.038800 0.098900 0.077700 0.078600 0.161500 0.078800 0.097400 0.038500 0.097400 0.037800 0.057800 0.078000 0.161300 0.184900
Gemsbok 0.119200 0.216800 0.208800 0.240900 0.076600 0.119200 0.119100 0.097900 0.184400 0.184500 0.119200 0.160200 0.056300 0.141500 0.098600 0.097600 0.141400 0.140800 0.182700 0.232700 0.119800 0.119200 0.140500 0.163700 0.119200 0.118500 0.056300 0.229200 0.139200 0.184400 0.161200 0.119100 0.168600 0.056300 0.000000 0.181600 0.119200 0.098200 0.099000 0.162000 0.139100 0.140700 0.181700 0.140900 0.160200 0.098200 0.117300 0.096700 0.118300 0.139600 0.206400 0.232100
Yak 0.097400 0.192500 0.118500 0.216300 0.097200 0.097900 0.097100 0.077300 0.097000 0.118400 0.097900 0.017700 0.117500 0.119500 0.078200 0.118400 0.119800 0.118600 0.160300 0.139700 0.098800 0.097900 0.077800 0.099100 0.097900 0.057000 0.117500 0.137300 0.117400 0.097000 0.097200 0.097800 0.145400 0.117500 0.181600 0.000000 0.097900 0.077800 0.078400 0.098000 0.077000 0.077300 0.159700 0.078000 0.018400 0.077800 0.138200 0.118800 0.097500 0.118400 0.117000 0.139100
BlueSheep 0.000000 0.127700 0.143900 0.150500 0.038600 0.000000 0.038900 0.019200 0.120600 0.100000 0.000000 0.078000 0.058400 0.059400 0.019500 0.058700 0.059400 0.058900 0.057200 0.166000 0.039400 0.000000 0.059200 0.080600 0.000000 0.038700 0.058400 0.162900 0.058200 0.120600 0.078800 0.038900 0.082900 0.058400 0.119200 0.097900 0.000000 0.019400 0.019500 0.079400 0.058600 0.059100 0.141300 0.059400 0.078000 0.019400 0.078100 0.058900 0.038800 0.058900 0.141400 0.164600
BohorReedb 0.019400 0.105200 0.122100 0.127700 0.019200 0.019400 0.019300 0.000100 0.099500 0.079500 0.019400 0.058100 0.038500 0.039400 0.000200 0.038900 0.039300 0.038900 0.078400 0.143600 0.019500 0.019400 0.039000 0.059900 0.019400 0.019200 0.038500 0.140500 0.038600 0.099500 0.058800 0.019300 0.061900 0.038500 0.098200 0.077800 0.019400 0.000000 0.000200 0.059000 0.038700 0.039200 0.120300 0.039200 0.058100 0.000000 0.058300 0.038800 0.019200 0.038700 0.119900 0.142200
KirksDik 0.019500 0.106100 0.123100 0.128700 0.019300 0.019500 0.019500 0.000100 0.100300 0.080200 0.019500 0.058600 0.038800 0.039700 0.000300 0.039200 0.039600 0.039200 0.079100 0.144800 0.019700 0.019500 0.039400 0.060400 0.019500 0.019400 0.038800 0.141700 0.038900 0.100300 0.059300 0.019500 0.062400 0.038800 0.099000 0.078400 0.019500 0.000200 0.000000 0.059500 0.039000 0.039500 0.121300 0.039500 0.058600 0.000200 0.058800 0.039200 0.019400 0.038900 0.120900 0.143400
RoeDeer 0.079400 0.105200 0.188600 0.150200 0.078400 0.079400 0.079300 0.058800 0.164000 0.058900 0.079400 0.078100 0.098900 0.100900 0.059300 0.099700 0.059400 0.058700 0.140400 0.211500 0.080200 0.079400 0.019300 0.039500 0.079400 0.079000 0.098900 0.207300 0.099300 0.164000 0.038700 0.079300 0.082800 0.098900 0.162000 0.098000 0.079400 0.059000 0.059500 0.000000 0.019100 0.100500 0.099000 0.019400 0.078100 0.059000 0.119000 0.099600 0.078600 0.058800 0.185200 0.209400
WhiteLippe 0.058600 0.104500 0.164800 0.119300 0.057900 0.058600 0.058500 0.038600 0.140900 0.038600 0.058600 0.057500 0.077700 0.079500 0.038800 0.078500 0.038900 0.038500 0.118300 0.186900 0.059200 0.058600 0.000100 0.019400 0.058600 0.058300 0.077700 0.183000 0.078000 0.140900 0.019000 0.058500 0.061200 0.077700 0.139100 0.077000 0.058600 0.038700 0.039000 0.019100 0.000000 0.079100 0.077700 0.000200 0.057500 0.038700 0.097600 0.078400 0.058100 0.038100 0.161600 0.185000
ThomsonGaz 0.058300 0.151200 0.121600 0.174900 0.058600 0.059100 0.059000 0.038900 0.099100 0.121600 0.059100 0.057700 0.078600 0.080200 0.039400 0.079200 0.080300 0.079500 0.120200 0.143100 0.059800 0.053700 0.080000 0.102100 0.059100 0.019100 0.078600 0.140000 0.078500 0.099100 0.099800 0.059000 0.104800 0.078600 0.140700 0.077300 0.059100 0.039200 0.039500 0.100500 0.079100 0.000000 0.163700 0.080300 0.057700 0.039200 0.098800 0.079500 0.058900 0.079800 0.119500 0.141800
MuntiacusC 0.141300 0.171600 0.234100 0.193200 0.097500 0.141300 0.141200 0.119500 0.208000 0.037900 0.141300 0.139000 0.161500 0.164600 0.120900 0.118800 0.121000 0.078000 0.160600 0.258200 0.143000 0.141300 0.078500 0.100300 0.141300 0.140500 0.161500 0.253300 0.161500 0.208000 0.057500 0.141200 0.147300 0.161500 0.181700 0.159700 0.141300 0.120300 0.121300 0.099000 0.077700 0.163700 0.000000 0.078800 0.139000 0.120300 0.138200 0.163100 0.140500 0.119900 0.230200 0.256200
WhiteTaile 0.059400 0.105900 0.166900 0.128200 0.058700 0.059400 0.059300 0.039100 0.142700 0.039100 0.059400 0.058300 0.078800 0.080600 0.039400 0.079600 0.039400 0.039000 0.120000 0.189400 0.060000 0.059400 0.000200 0.019700 0.059400 0.059100 0.078800 0.185400 0.079100 0.142700 0.019300 0.059300 0.062100 0.078800 0.140900 0.078000 0.059400 0.039200 0.039500 0.019400 0.000200 0.080300 0.078800 0.000000 0.058300 0.039200 0.099000 0.079500 0.058800 0.038800 0.163800 0.187500
Cattle 0.078000 0.170700 0.098200 0.194100 0.077300 0.078000 0.077900 0.057700 0.077100 0.098300 0.078000 0.000000 0.097400 0.099100 0.058400 0.098100 0.099400 0.098300 0.139100 0.118900 0.078800 0.078000 0.058100 0.079100 0.078000 0.037800 0.097400 0.116700 0.097400 0.077100 0.077400 0.077900 0.124300 0.097400 0.160200 0.018400 0.078000 0.058100 0.058600 0.078100 0.057500 0.057700 0.139000 0.058300 0.000000 0.058100 0.117500 0.098400 0.077600 0.098400 0.096800 0.118200
RoyalAntel 0.019400 0.105200 0.122100 0.127700 0.019200 0.019400 0.019300 0.000100 0.099500 0.079500 0.019400 0.058100 0.038500 0.039400 0.000200 0.038900 0.039300 0.038900 0.078400 0.143600 0.019500 0.019400 0.039000 0.059900 0.019400 0.019200 0.038500 0.140500 0.038600 0.099500 0.058800 0.019300 0.061900 0.038500 0.098200 0.077800 0.019400 0.000000 0.000200 0.059000 0.038700 0.039200 0.120300 0.039200 0.058100 0.000000 0.058300 0.038800 0.019200 0.038700 0.119900 0.142200
Steenbok 0.078100 0.169800 0.163400 0.193200 0.037900 0.078100 0.078000 0.057900 0.140300 0.140200 0.078100 0.117500 0.097400 0.099500 0.058600 0.057700 0.078700 0.078100 0.140200 0.186100 0.078800 0.078100 0.098700 0.120500 0.078100 0.077600 0.097400 0.182700 0.097200 0.140300 0.118500 0.077300 0.124400 0.097400 0.117300 0.138200 0.078100 0.058300 0.058800 0.119000 0.097600 0.098800 0.138200 0.099000 0.117500 0.058300 0.000000 0.058100 0.078000 0.098100 0.161400 0.185500
Impala 0.058900 0.149500 0.165800 0.172800 0.058300 0.058900 0.058800 0.038800 0.142000 0.121000 0.058900 0.098400 0.037800 0.080000 0.039100 0.079000 0.059200 0.058700 0.119800 0.188600 0.059300 0.058900 0.079000 0.101000 0.058900 0.058500 0.037800 0.184800 0.078200 0.142000 0.099300 0.058800 0.104500 0.037800 0.096700 0.118800 0.058900 0.038800 0.039200 0.099600 0.078400 0.079500 0.163100 0.079500 0.098400 0.038800 0.058100 0.000000 0.058600 0.078800 0.163300 0.187300
Klipspring 0.038800 0.126100 0.142800 0.148800 0.038400 0.038800 0.038800 0.019200 0.119800 0.099400 0.038800 0.077600 0.057800 0.059300 0.019300 0.058500 0.058900 0.058400 0.098500 0.164800 0.039100 0.038800 0.058700 0.079800 0.038800 0.038500 0.057800 0.161700 0.057900 0.119800 0.078400 0.038800 0.082500 0.057800 0.118300 0.097500 0.038800 0.019200 0.019400 0.078600 0.058100 0.058900 0.140500 0.058800 0.077600 0.019200 0.078000 0.058600 0.000000 0.058100 0.140600 0.163600
ForestMusk 0.058900 0.083100 0.143100 0.082800 0.058100 0.058900 0.058800 0.038700 0.142000 0.079300 0.058900 0.098400 0.078000 0.080100 0.038800 0.078900 0.039200 0.038900 0.118900 0.188700 0.059500 0.058900 0.038700 0.039000 0.058900 0.058600 0.078000 0.184100 0.078400 0.142000 0.058400 0.058800 0.061700 0.078000 0.139600 0.118400 0.058900 0.038700 0.038900 0.058800 0.038100 0.079800 0.119900 0.038800 0.098400 0.038700 0.098100 0.078800 0.058100 0.000000 0.162800 0.186100
Bushbuck 0.141400 0.243900 0.056200 0.269000 0.118400 0.141400 0.141200 0.119400 0.018200 0.208900 0.141400 0.096800 0.161300 0.164700 0.120900 0.140800 0.164700 0.163100 0.161800 0.056000 0.142100 0.141400 0.163400 0.187600 0.141400 0.097700 0.161300 0.055100 0.161800 0.018200 0.184800 0.141200 0.193100 0.161300 0.206400 0.117000 0.141400 0.119900 0.120900 0.185200 0.161600 0.119500 0.230200 0.163800 0.096800 0.119900 0.161400 0.163300 0.140600 0.162800 0.000000 0.055900
GreaterKud 0.164600 0.270600 0.076000 0.296400 0.140600 0.164600 0.164400 0.141700 0.036900 0.234000 0.164600 0.118200 0.184900 0.188700 0.143500 0.164000 0.188700 0.186900 0.233700 0.075800 0.165100 0.164600 0.186900 0.211900 0.164600 0.119300 0.184900 0.074900 0.185300 0.036900 0.209100 0.164400 0.218000 0.184900 0.232100 0.139100 0.164600 0.142200 0.143400 0.209400 0.185000 0.141800 0.256200 0.187500 0.118200 0.142200 0.185500 0.187300 0.163600 0.186100 0.055900 0.000000
