1
52 1
Argali 0.000000 0.161500 0.098600 0.174000 0.040300 0.005000 0.057400 0.046000 0.083300 0.103300 0.020200 0.086700 0.045000 0.057000 0.055900 0.071600 0.098600 0.097500 0.015000 0.083200 0.055700 0.020000 0.087700 0.107600 0.030300 0.040900 0.035000 0.078100 0.055900 0.087700 0.097000 0.078000 0.107600 0.040000 0.065100 0.073200 0.015200 0.050300 0.067300 0.113900 0.097800 0.036000 0.103300 0.097800 0.072800 0.041100 0.056400 0.061900 0.071800 0.082400 0.083200 0.083300
LesserMous 0.161500 0.000000 0.188900 0.183000 0.175900 0.155200 0.151500 0.166500 0.160700 0.152500 0.160700 0.151300 0.140200 0.156500 0.164900 0.164200 0.146500 0.161600 0.165200 0.172300 0.163600 0.158700 0.142200 0.179000 0.171100 0.154900 0.152200 0.172900 0.170300 0.176300 0.156700 0.161200 0.162100 0.152000 0.218600 0.139200 0.167000 0.186100 0.150200 0.157000 0.152400 0.156200 0.152500 0.169100 0.150700 0.150600 0.160500 0.149500 0.147600 0.159400 0.172300 0.172400
LesserKudu 0.098600 0.188900 0.000000 0.189600 0.119400 0.104300 0.122600 0.093300 0.035200 0.129600 0.120700 0.106500 0.112500 0.110600 0.119400 0.119500 0.124900 0.123400 0.092600 0.035100 0.113600 0.119200 0.113900 0.133700 0.131000 0.088100 0.113000 0.035300 0.103200 0.039900 0.123000 0.132100 0.139100 0.107300 0.149900 0.088500 0.115400 0.129400 0.110000 0.140400 0.124000 0.089000 0.129600 0.102200 0.088100 0.099500 0.104200 0.132200 0.142000 0.119400 0.035100 0.035200
KillerWhal 0.174000 0.183000 0.189600 0.000000 0.188500 0.167500 0.176000 0.167200 0.161400 0.158600 0.185000 0.146500 0.174900 0.181000 0.183600 0.171000 0.170900 0.157500 0.177600 0.173000 0.170900 0.171000 0.153900 0.174000 0.195600 0.161700 0.175700 0.173600 0.177200 0.165500 0.162900 0.197300 0.190900 0.169500 0.232200 0.157500 0.179500 0.186900 0.191800 0.169600 0.158800 0.169100 0.158600 0.164100 0.157500 0.162900 0.190900 0.161800 0.195200 0.154300 0.173000 0.173100
DefassaWat 0.040300 0.175900 0.119400 0.188500 0.000000 0.035100 0.072400 0.066000 0.114000 0.123400 0.050200 0.106500 0.064300 0.061300 0.075900 0.086200 0.107900 0.106600 0.044900 0.114500 0.075500 0.049600 0.107800 0.127500 0.060100 0.061000 0.054400 0.109400 0.075900 0.118200 0.116900 0.081900 0.122100 0.059300 0.095000 0.093100 0.045500 0.019400 0.087600 0.134000 0.117800 0.056200 0.123400 0.106900 0.082800 0.045400 0.076500 0.081700 0.091900 0.096900 0.114500 0.114000
Sheep 0.005000 0.155200 0.104300 0.167500 0.035100 0.000000 0.051900 0.040600 0.088500 0.097600 0.015100 0.081100 0.039800 0.051500 0.050600 0.066100 0.093200 0.091900 0.009900 0.088400 0.050300 0.014900 0.082100 0.101900 0.025100 0.035600 0.029800 0.083300 0.050600 0.092900 0.091400 0.072400 0.101800 0.034800 0.059700 0.067600 0.010000 0.045000 0.061800 0.108200 0.092100 0.030700 0.097600 0.092100 0.067600 0.035800 0.051000 0.056400 0.066300 0.076800 0.088400 0.088500
MaxwellsDu 0.057400 0.151500 0.122600 0.176000 0.072400 0.051900 0.000000 0.062500 0.100800 0.115500 0.067900 0.082100 0.093100 0.041600 0.061900 0.077900 0.110800 0.109500 0.062000 0.100700 0.072300 0.067100 0.099600 0.108800 0.078200 0.057300 0.082700 0.095500 0.072600 0.110800 0.114600 0.041200 0.119200 0.087900 0.113900 0.079400 0.062700 0.082500 0.073500 0.115200 0.109900 0.052400 0.115500 0.098800 0.079500 0.046900 0.073300 0.073400 0.088900 0.083300 0.100700 0.100800
GazellaPrz 0.046000 0.166500 0.093300 0.167200 0.066000 0.040600 0.062500 0.000000 0.088400 0.108200 0.056200 0.080900 0.081000 0.062100 0.060600 0.055700 0.103600 0.102400 0.050600 0.088400 0.040100 0.055500 0.092700 0.101700 0.066300 0.025300 0.070800 0.083300 0.040300 0.092800 0.101900 0.083100 0.101800 0.075900 0.096100 0.067500 0.051100 0.065500 0.051300 0.118800 0.102700 0.015200 0.108200 0.102700 0.067500 0.046200 0.040600 0.066900 0.076800 0.087300 0.088300 0.088400
MountainNy 0.083300 0.160700 0.035200 0.161400 0.114000 0.088500 0.100800 0.088400 0.000000 0.102900 0.104300 0.091200 0.107400 0.105700 0.103700 0.092800 0.109100 0.107900 0.087700 0.010000 0.098000 0.092200 0.098100 0.118000 0.114900 0.072500 0.097000 0.010000 0.087600 0.015000 0.107400 0.121600 0.123300 0.091500 0.139500 0.061700 0.099000 0.124100 0.094100 0.124400 0.108200 0.078500 0.102900 0.097300 0.062100 0.094200 0.099300 0.093600 0.126000 0.103600 0.010000 0.010100
MuntiacusM 0.103300 0.152500 0.129600 0.158600 0.123400 0.097600 0.115500 0.108200 0.102900 0.000000 0.113700 0.105800 0.116600 0.120400 0.118100 0.112400 0.086000 0.095500 0.096800 0.113700 0.106800 0.101600 0.034600 0.064100 0.123900 0.092300 0.106400 0.114000 0.107300 0.117900 0.014500 0.136100 0.110500 0.100800 0.148200 0.093000 0.108500 0.133300 0.108800 0.059500 0.034400 0.098600 0.000000 0.054400 0.093000 0.103800 0.097600 0.103100 0.112900 0.086200 0.113600 0.113800
goat 0.020200 0.160700 0.120700 0.185000 0.050200 0.015100 0.067900 0.056200 0.104300 0.113700 0.000000 0.097000 0.044600 0.067400 0.066200 0.081900 0.109100 0.107900 0.025000 0.104700 0.065800 0.029800 0.098100 0.117900 0.010000 0.051100 0.045300 0.099600 0.066200 0.108600 0.107300 0.077700 0.117900 0.049800 0.075100 0.078100 0.005100 0.060100 0.077700 0.124400 0.108200 0.046300 0.113700 0.097400 0.078500 0.051200 0.066700 0.061300 0.071500 0.092700 0.104700 0.104300
AfricanBuf 0.086700 0.151300 0.106500 0.146500 0.106500 0.081100 0.082100 0.080900 0.091200 0.105800 0.097000 0.000000 0.089600 0.087100 0.085400 0.106500 0.090700 0.089700 0.090900 0.091100 0.080000 0.095800 0.090500 0.089200 0.107000 0.075900 0.090000 0.091400 0.090700 0.106100 0.110200 0.091700 0.094200 0.084600 0.115300 0.060400 0.091800 0.105700 0.097200 0.105500 0.089900 0.081900 0.105800 0.089800 0.060400 0.087000 0.091600 0.097200 0.117600 0.085400 0.080600 0.091200
Topi 0.045000 0.140200 0.112500 0.174900 0.064300 0.039800 0.093100 0.081000 0.107400 0.116600 0.044600 0.089600 0.000000 0.081700 0.090700 0.095900 0.101400 0.100200 0.049500 0.118700 0.090300 0.044100 0.111900 0.131400 0.054800 0.075900 0.009700 0.119100 0.090700 0.111500 0.110300 0.097300 0.115500 0.014600 0.088900 0.097500 0.049800 0.074000 0.102700 0.127100 0.121900 0.071300 0.116600 0.111100 0.098000 0.065500 0.091500 0.075500 0.085600 0.117400 0.118600 0.118700
CommonDuik 0.057000 0.156500 0.110600 0.181000 0.061300 0.051500 0.041600 0.062100 0.105700 0.120400 0.067400 0.087100 0.081700 0.000000 0.061500 0.077400 0.104600 0.103400 0.061600 0.105700 0.061300 0.066600 0.104500 0.113700 0.077700 0.056900 0.071400 0.100500 0.072100 0.110000 0.113800 0.030700 0.108300 0.076600 0.102400 0.084500 0.062200 0.071300 0.073100 0.131200 0.114800 0.052100 0.120400 0.103700 0.084500 0.036100 0.062100 0.078400 0.088300 0.088200 0.105600 0.105700
Suni 0.055900 0.164900 0.119400 0.183600 0.075900 0.050600 0.061900 0.060600 0.103700 0.118100 0.066200 0.085400 0.090700 0.061500 0.000000 0.086400 0.108300 0.112300 0.060400 0.103600 0.060100 0.060100 0.102500 0.122300 0.076200 0.055800 0.080600 0.098500 0.070800 0.107900 0.111700 0.082300 0.122300 0.085600 0.111000 0.072100 0.061000 0.085800 0.071700 0.128700 0.101800 0.051100 0.118100 0.112500 0.072100 0.056200 0.066200 0.076900 0.086700 0.097300 0.103600 0.103700
Springbuck 0.071600 0.164200 0.119500 0.171000 0.086200 0.066100 0.077900 0.055700 0.092800 0.112400 0.081900 0.106500 0.095900 0.077400 0.086400 0.000000 0.119100 0.117500 0.076000 0.103600 0.065200 0.070500 0.107700 0.127400 0.092000 0.040300 0.085700 0.098600 0.044900 0.097200 0.106100 0.098300 0.116700 0.080200 0.126900 0.082800 0.076800 0.096100 0.066400 0.134000 0.117800 0.045900 0.112400 0.117700 0.082900 0.061400 0.066100 0.082100 0.097300 0.091700 0.103600 0.103700
Okapi 0.098600 0.146500 0.124900 0.170900 0.107900 0.093200 0.110800 0.103600 0.109100 0.086000 0.109100 0.090700 0.101400 0.104600 0.108300 0.119100 0.000000 0.044200 0.102800 0.109100 0.102500 0.102600 0.070700 0.111300 0.119300 0.087900 0.091100 0.109400 0.102900 0.124300 0.090600 0.120200 0.090300 0.085600 0.133200 0.088200 0.103900 0.117800 0.104100 0.101400 0.080700 0.094100 0.086000 0.091000 0.088200 0.088100 0.092800 0.109300 0.108600 0.102700 0.109000 0.109100
Giraffe 0.097500 0.161600 0.123400 0.157500 0.106600 0.091900 0.109500 0.102400 0.107900 0.095500 0.107900 0.089700 0.100200 0.103400 0.112300 0.117500 0.044200 0.000000 0.101700 0.107800 0.101100 0.106600 0.080200 0.110100 0.117900 0.086700 0.090100 0.108100 0.101600 0.112200 0.099900 0.118800 0.099500 0.084700 0.131400 0.087200 0.102700 0.116500 0.113700 0.110800 0.090100 0.092800 0.095500 0.089900 0.087200 0.087100 0.113200 0.108100 0.117900 0.101000 0.107800 0.107900
TibetanAnt 0.015000 0.165200 0.092600 0.177600 0.044900 0.009900 0.062000 0.050600 0.087700 0.096800 0.025000 0.090900 0.049500 0.061600 0.060400 0.076000 0.102800 0.101700 0.000000 0.087600 0.060100 0.024700 0.081400 0.101100 0.035000 0.045500 0.039600 0.082500 0.060400 0.092000 0.090700 0.082400 0.111600 0.044600 0.059200 0.077700 0.020000 0.054800 0.071800 0.107300 0.091400 0.040700 0.096800 0.080800 0.077700 0.045800 0.050600 0.066400 0.076200 0.076200 0.087600 0.087700
Sitatunga 0.083200 0.172300 0.035100 0.173000 0.114500 0.088400 0.100700 0.088400 0.010000 0.113700 0.104700 0.091100 0.118700 0.105700 0.103600 0.103600 0.109100 0.107800 0.087600 0.000000 0.097900 0.103400 0.098000 0.117900 0.115000 0.072400 0.108200 0.010000 0.087500 0.024900 0.118100 0.121500 0.123200 0.102600 0.128500 0.062000 0.099400 0.113700 0.094100 0.124300 0.108100 0.078500 0.113700 0.097200 0.062000 0.094600 0.099200 0.104900 0.125900 0.103500 0.010100 0.010000
Oribi 0.055700 0.163600 0.113600 0.170900 0.075500 0.050300 0.072300 0.040100 0.098000 0.106800 0.065800 0.080000 0.090300 0.061300 0.060100 0.065200 0.102500 0.101100 0.060100 0.097900 0.000000 0.065000 0.091400 0.100500 0.075800 0.035100 0.080200 0.092900 0.049900 0.091600 0.100500 0.081900 0.090200 0.085200 0.100000 0.066600 0.060700 0.085400 0.061000 0.117300 0.090700 0.030200 0.106800 0.101300 0.066600 0.055900 0.040100 0.076500 0.075700 0.081100 0.097900 0.098000
BarbaryShe 0.020000 0.158700 0.119200 0.171000 0.049600 0.014900 0.067100 0.055500 0.092200 0.101600 0.029800 0.095800 0.044100 0.066600 0.060100 0.070500 0.102600 0.106600 0.024700 0.103400 0.065000 0.000000 0.096900 0.116500 0.040500 0.050500 0.034200 0.098400 0.065400 0.096500 0.095500 0.087400 0.116500 0.039200 0.074300 0.082300 0.025300 0.059400 0.076800 0.122900 0.106900 0.045700 0.101600 0.106800 0.082700 0.050600 0.060800 0.060600 0.081100 0.091600 0.103400 0.103000
Daviddeer 0.087700 0.142200 0.113900 0.153900 0.107800 0.082100 0.099600 0.092700 0.098100 0.034600 0.098100 0.090500 0.111900 0.104500 0.102500 0.107700 0.070700 0.080200 0.081400 0.098000 0.091400 0.096900 0.000000 0.059100 0.108200 0.076800 0.101600 0.098300 0.091800 0.113200 0.039200 0.120100 0.095200 0.096100 0.132600 0.077300 0.092900 0.117800 0.093100 0.055000 0.010000 0.082900 0.034600 0.049500 0.077300 0.088100 0.082000 0.093000 0.097400 0.070800 0.098000 0.098100
Reindeer 0.107600 0.179000 0.133700 0.174000 0.127500 0.101900 0.108800 0.101700 0.118000 0.064100 0.117900 0.089200 0.131400 0.113700 0.122300 0.127400 0.111300 0.110100 0.101100 0.117900 0.100500 0.116500 0.059100 0.000000 0.117200 0.096600 0.121200 0.118200 0.111500 0.132900 0.069100 0.118200 0.104200 0.115600 0.152100 0.097300 0.112800 0.137300 0.123800 0.063600 0.059300 0.102900 0.064100 0.038700 0.097300 0.108000 0.101900 0.118200 0.127800 0.080000 0.117800 0.118000
Ibex 0.030300 0.171100 0.131000 0.195600 0.060100 0.025100 0.078200 0.066300 0.114900 0.123900 0.010000 0.107000 0.054800 0.077700 0.076200 0.092000 0.119300 0.117900 0.035000 0.115000 0.075800 0.040500 0.108200 0.117200 0.000000 0.061200 0.054600 0.109900 0.076200 0.118700 0.117300 0.087900 0.128000 0.059600 0.085000 0.088300 0.015200 0.070000 0.087900 0.134500 0.118300 0.056500 0.123900 0.107500 0.088800 0.061300 0.076800 0.071400 0.081500 0.102900 0.114900 0.114500
GyrantGaze 0.040900 0.154900 0.088100 0.161700 0.061000 0.035600 0.057300 0.025300 0.072500 0.092300 0.051100 0.075900 0.075900 0.056900 0.055800 0.040300 0.087900 0.086700 0.045500 0.072400 0.035100 0.050500 0.076800 0.096600 0.061200 0.000000 0.065700 0.067300 0.025300 0.077000 0.086200 0.077900 0.086100 0.060400 0.096200 0.051700 0.046000 0.071000 0.035700 0.102800 0.086900 0.015300 0.092300 0.086800 0.051700 0.041100 0.035600 0.061800 0.071700 0.071600 0.072400 0.072500
Hartebeest 0.035000 0.152200 0.113000 0.175700 0.054400 0.029800 0.082700 0.070800 0.097000 0.106400 0.045300 0.090000 0.009700 0.071400 0.080600 0.085700 0.091100 0.090100 0.039600 0.108200 0.080200 0.034200 0.101600 0.121200 0.054600 0.065700 0.000000 0.108600 0.080600 0.101300 0.100200 0.087000 0.105400 0.004900 0.079000 0.087100 0.039800 0.064100 0.092300 0.116800 0.111600 0.061000 0.106400 0.100900 0.087600 0.055400 0.081200 0.075900 0.085900 0.107100 0.108200 0.107800
Bongo 0.078100 0.172900 0.035300 0.173600 0.109400 0.083300 0.095500 0.083300 0.010000 0.114000 0.099600 0.091400 0.119100 0.100500 0.098500 0.098600 0.109400 0.108100 0.082500 0.010000 0.092900 0.098400 0.098300 0.118200 0.109900 0.067300 0.108600 0.000000 0.082500 0.024900 0.118500 0.116300 0.123600 0.102900 0.134400 0.062200 0.094300 0.119600 0.088900 0.124700 0.108500 0.073300 0.114000 0.097500 0.062200 0.089400 0.094100 0.099800 0.120800 0.098500 0.010100 0.010000
Gerenuk 0.055900 0.170300 0.103200 0.177200 0.075900 0.050600 0.072600 0.040300 0.087600 0.107300 0.066200 0.090700 0.090700 0.072100 0.070800 0.044900 0.102900 0.101600 0.060400 0.087500 0.049900 0.065400 0.091800 0.111500 0.076200 0.025300 0.080600 0.082500 0.000000 0.092000 0.101000 0.093100 0.100900 0.075100 0.111000 0.066900 0.061000 0.085800 0.050800 0.117800 0.101800 0.030400 0.107300 0.101800 0.066900 0.056200 0.050600 0.076900 0.081400 0.086500 0.087500 0.087600
CommonElan 0.087700 0.176300 0.039900 0.165500 0.118200 0.092900 0.110800 0.092800 0.015000 0.117900 0.108600 0.106100 0.111500 0.110000 0.107900 0.097200 0.124300 0.112200 0.092000 0.024900 0.091600 0.096500 0.113200 0.132900 0.118700 0.077000 0.101300 0.024900 0.092000 0.000000 0.111500 0.131500 0.132900 0.095700 0.143500 0.076900 0.103300 0.128200 0.098500 0.139600 0.123300 0.083000 0.117900 0.112300 0.077300 0.098600 0.103600 0.108800 0.130100 0.118700 0.024900 0.024800
MuntiacusR 0.097000 0.156700 0.123000 0.162900 0.116900 0.091400 0.114600 0.101900 0.107400 0.014500 0.107300 0.110200 0.110300 0.113800 0.111700 0.106100 0.090600 0.099900 0.090700 0.118100 0.100500 0.095500 0.039200 0.069100 0.117300 0.086200 0.100200 0.118500 0.101000 0.111500 0.000000 0.135000 0.109700 0.094700 0.141500 0.097500 0.102200 0.126700 0.102400 0.063800 0.039700 0.092300 0.014500 0.058800 0.097500 0.097400 0.091400 0.107600 0.106600 0.080300 0.118100 0.118200
HarveysDui 0.078000 0.161200 0.132100 0.197300 0.081900 0.072400 0.041200 0.083100 0.121600 0.136100 0.077700 0.091700 0.097300 0.030700 0.082300 0.098300 0.120200 0.118800 0.082400 0.121500 0.081900 0.087400 0.120100 0.118200 0.087900 0.077900 0.087000 0.116300 0.093100 0.131500 0.135000 0.000000 0.123300 0.092100 0.123300 0.094900 0.072500 0.091900 0.094300 0.135700 0.130300 0.073100 0.136100 0.097500 0.095000 0.056800 0.083100 0.094100 0.109500 0.103700 0.121400 0.121600
Pronghorn 0.107600 0.162100 0.139100 0.190900 0.122100 0.101800 0.119200 0.101800 0.123300 0.110500 0.117900 0.094200 0.115500 0.108300 0.122300 0.116700 0.090300 0.099500 0.111600 0.123200 0.090200 0.116500 0.095200 0.104200 0.128000 0.086100 0.105400 0.123600 0.100900 0.132900 0.109700 0.123300 0.000000 0.099800 0.146800 0.102500 0.112700 0.132000 0.097000 0.110200 0.105100 0.092200 0.110500 0.099900 0.102600 0.102700 0.091300 0.112600 0.095700 0.106000 0.112300 0.123300
BlueWildeb 0.040000 0.152000 0.107300 0.169500 0.059300 0.034800 0.087900 0.075900 0.091500 0.100800 0.049800 0.084600 0.014600 0.076600 0.085600 0.080200 0.085600 0.084700 0.044600 0.102600 0.085200 0.039200 0.096100 0.115600 0.059600 0.060400 0.004900 0.102900 0.075100 0.095700 0.094700 0.092100 0.099800 0.000000 0.083900 0.081600 0.044800 0.069000 0.086700 0.111200 0.106000 0.066100 0.100800 0.095300 0.082000 0.060500 0.086300 0.080900 0.091000 0.101500 0.102500 0.103300
Gemsbok 0.065100 0.218600 0.149900 0.232200 0.095000 0.059700 0.113900 0.096100 0.139500 0.148200 0.075100 0.115300 0.088900 0.102400 0.111000 0.126900 0.133200 0.131400 0.059200 0.128500 0.100000 0.074300 0.132600 0.152100 0.085000 0.096200 0.079000 0.134400 0.111000 0.143500 0.141500 0.123300 0.146800 0.083900 0.000000 0.129700 0.070100 0.094400 0.123400 0.158700 0.142600 0.086100 0.148200 0.142300 0.129700 0.096800 0.101300 0.117700 0.127200 0.132800 0.134100 0.139500
Yak 0.073200 0.139200 0.088500 0.157500 0.093100 0.067600 0.079400 0.067500 0.061700 0.093000 0.078100 0.060400 0.097500 0.084500 0.072100 0.082800 0.088200 0.087200 0.077700 0.062000 0.066600 0.082300 0.077300 0.097300 0.088300 0.051700 0.087100 0.062200 0.066900 0.076900 0.097500 0.094900 0.102500 0.081600 0.129700 0.000000 0.072800 0.103200 0.062400 0.103500 0.076800 0.057500 0.093000 0.082200 0.020500 0.073200 0.078300 0.083500 0.104800 0.082800 0.062000 0.061700
BlueSheep 0.015200 0.167000 0.115400 0.179500 0.045500 0.010000 0.062700 0.051100 0.099000 0.108500 0.005100 0.091800 0.049800 0.062200 0.061000 0.076800 0.103900 0.102700 0.020000 0.099400 0.060700 0.025300 0.092900 0.112800 0.015200 0.046000 0.039800 0.094300 0.061000 0.103300 0.102200 0.072500 0.112700 0.044800 0.070100 0.072800 0.000000 0.055100 0.072500 0.119200 0.103000 0.041100 0.108500 0.092200 0.073200 0.046100 0.061600 0.066800 0.077000 0.087600 0.099400 0.099000
BohorReedb 0.050300 0.186100 0.129400 0.186900 0.019400 0.045000 0.082500 0.065500 0.124100 0.133300 0.060100 0.105700 0.074000 0.071300 0.085800 0.096100 0.117800 0.116500 0.054800 0.113700 0.085400 0.059400 0.117800 0.137300 0.070000 0.071000 0.064100 0.119600 0.085800 0.128200 0.126700 0.091900 0.132000 0.069000 0.094400 0.103200 0.055100 0.000000 0.097600 0.144000 0.127800 0.066300 0.133300 0.116800 0.092900 0.055900 0.086500 0.092700 0.101800 0.106800 0.124600 0.124100
KirksDik 0.067300 0.150200 0.110000 0.191800 0.087600 0.061800 0.073500 0.051300 0.094100 0.108800 0.077700 0.097200 0.102700 0.073100 0.071700 0.066400 0.104100 0.113700 0.071800 0.094100 0.061000 0.076800 0.093100 0.123800 0.087900 0.035700 0.092300 0.088900 0.050800 0.098500 0.102400 0.094300 0.097000 0.086700 0.123400 0.062400 0.072500 0.097600 0.000000 0.119400 0.103200 0.041300 0.108800 0.114000 0.073100 0.067600 0.050900 0.088800 0.087900 0.098500 0.094000 0.094100
RoeDeer 0.113900 0.157000 0.140400 0.169600 0.134000 0.108200 0.115200 0.118800 0.124400 0.059500 0.124400 0.105500 0.127100 0.131200 0.128700 0.134000 0.101400 0.110800 0.107300 0.124300 0.117300 0.122900 0.055000 0.063600 0.134500 0.102800 0.116800 0.124700 0.117800 0.139600 0.063800 0.135700 0.110200 0.111200 0.158700 0.103500 0.119200 0.144000 0.119400 0.000000 0.054100 0.109200 0.059500 0.054500 0.103500 0.114400 0.108100 0.124700 0.112700 0.096500 0.124300 0.113400
WhiteLippe 0.097800 0.152400 0.124000 0.158800 0.117800 0.092100 0.109900 0.102700 0.108200 0.034400 0.108200 0.089900 0.121900 0.114800 0.101800 0.117800 0.080700 0.090100 0.091400 0.108100 0.090700 0.106900 0.010000 0.059300 0.118300 0.086900 0.111600 0.108500 0.101800 0.123300 0.039700 0.130300 0.105100 0.106000 0.142600 0.076800 0.103000 0.127800 0.103200 0.054100 0.000000 0.093000 0.034400 0.049100 0.076800 0.098200 0.092100 0.103100 0.107400 0.080800 0.108100 0.108200
ThomsonGaz 0.036000 0.156200 0.089000 0.169100 0.056200 0.030700 0.052400 0.015200 0.078500 0.098600 0.046300 0.081900 0.071300 0.052100 0.051100 0.045900 0.094100 0.092800 0.040700 0.078500 0.030200 0.045700 0.082900 0.102900 0.056500 0.015300 0.061000 0.073300 0.030400 0.083000 0.092300 0.073100 0.092200 0.066100 0.086100 0.057500 0.041100 0.066300 0.041300 0.109200 0.093000 0.000000 0.098600 0.093000 0.057500 0.036100 0.030700 0.057000 0.066900 0.077500 0.078500 0.078500
MuntiacusC 0.103300 0.152500 0.129600 0.158600 0.123400 0.097600 0.115500 0.108200 0.102900 0.000000 0.113700 0.105800 0.116600 0.120400 0.118100 0.112400 0.086000 0.095500 0.096800 0.113700 0.106800 0.101600 0.034600 0.064100 0.123900 0.092300 0.106400 0.114000 0.107300 0.117900 0.014500 0.136100 0.110500 0.100800 0.148200 0.093000 0.108500 0.133300 0.108800 0.059500 0.034400 0.098600 0.000000 0.054400 0.093000 0.103800 0.097600 0.103100 0.112900 0.086200 0.113600 0.113800
WhiteTaile 0.097800 0.169100 0.102200 0.164100 0.106900 0.092100 0.098800 0.102700 0.097300 0.054400 0.097400 0.089800 0.111100 0.103700 0.112500 0.117700 0.091000 0.089900 0.080800 0.097200 0.101300 0.106800 0.049500 0.038700 0.107500 0.086800 0.100900 0.097500 0.101800 0.112300 0.058800 0.097500 0.099900 0.095300 0.142300 0.082200 0.092200 0.116800 0.114000 0.054500 0.049100 0.093000 0.054400 0.000000 0.082200 0.087400 0.102700 0.108300 0.118100 0.080700 0.097200 0.097300
Cattle 0.072800 0.150700 0.088100 0.157500 0.082800 0.067600 0.079500 0.067500 0.062100 0.093000 0.078500 0.060400 0.098000 0.084500 0.072100 0.082900 0.088200 0.087200 0.077700 0.062000 0.066600 0.082700 0.077300 0.097300 0.088800 0.051700 0.087600 0.062200 0.066900 0.077300 0.097500 0.095000 0.102600 0.082000 0.129700 0.020500 0.073200 0.092900 0.073100 0.103500 0.076800 0.057500 0.093000 0.082200 0.000000 0.073500 0.078300 0.083900 0.104900 0.082800 0.062000 0.062000
RoyalAntel 0.041100 0.150600 0.099500 0.162900 0.045400 0.035800 0.046900 0.046200 0.094200 0.103800 0.051200 0.087000 0.065500 0.036100 0.056200 0.061400 0.088100 0.087100 0.045800 0.094600 0.055900 0.050600 0.088100 0.108000 0.061300 0.041100 0.055400 0.089400 0.056200 0.098600 0.097400 0.056800 0.102700 0.060500 0.096800 0.073200 0.046100 0.055900 0.067600 0.114400 0.098200 0.036100 0.103800 0.087400 0.073500 0.000000 0.056700 0.061900 0.072100 0.072000 0.094600 0.094200
Steenbok 0.056400 0.160500 0.104200 0.190900 0.076500 0.051000 0.073300 0.040600 0.099300 0.097600 0.066700 0.091600 0.091500 0.062100 0.066200 0.066100 0.092800 0.113200 0.050600 0.099200 0.040100 0.060800 0.082000 0.101900 0.076800 0.035600 0.081200 0.094100 0.050600 0.103600 0.091400 0.083100 0.091300 0.086300 0.101300 0.078300 0.061600 0.086500 0.050900 0.108100 0.092100 0.030700 0.097600 0.102700 0.078300 0.056700 0.000000 0.077600 0.076800 0.087400 0.099200 0.099300
Impala 0.061900 0.149500 0.132200 0.161800 0.081700 0.056400 0.073400 0.066900 0.093600 0.103100 0.061300 0.097200 0.075500 0.078400 0.076900 0.082100 0.109300 0.108100 0.066400 0.104900 0.076500 0.060600 0.093000 0.118200 0.071400 0.061800 0.075900 0.099800 0.076900 0.108800 0.107600 0.094100 0.112600 0.080900 0.117700 0.083500 0.066800 0.092700 0.088800 0.124700 0.103100 0.057000 0.103100 0.108300 0.083900 0.061900 0.077600 0.000000 0.071600 0.093000 0.104900 0.104500
Klipspring 0.071800 0.147600 0.142000 0.195200 0.091900 0.066300 0.088900 0.076800 0.126000 0.112900 0.071500 0.117600 0.085600 0.088300 0.086700 0.097300 0.108600 0.117900 0.076200 0.125900 0.075700 0.081100 0.097400 0.127800 0.081500 0.071700 0.085900 0.120800 0.081400 0.130100 0.106600 0.109500 0.095700 0.091000 0.127200 0.104800 0.077000 0.101800 0.087900 0.112700 0.107400 0.066900 0.112900 0.118100 0.104900 0.072100 0.076800 0.071600 0.000000 0.108400 0.125900 0.126000
ForestMusk 0.082400 0.159400 0.119400 0.154300 0.096900 0.076800 0.083300 0.087300 0.103600 0.086200 0.092700 0.085400 0.117400 0.088200 0.097300 0.091700 0.102700 0.101000 0.076200 0.103500 0.081100 0.091600 0.070800 0.080000 0.102900 0.071600 0.107100 0.098500 0.086500 0.118700 0.080300 0.103700 0.106000 0.101500 0.132800 0.082800 0.087600 0.106800 0.098500 0.096500 0.080800 0.077500 0.086200 0.080700 0.082800 0.072000 0.087400 0.093000 0.108400 0.000000 0.092700 0.103600
Bushbuck 0.083200 0.172300 0.035100 0.173000 0.114500 0.088400 0.100700 0.088300 0.010000 0.113600 0.104700 0.080600 0.118600 0.105600 0.103600 0.103600 0.109000 0.107800 0.087600 0.010100 0.097900 0.103400 0.098000 0.117800 0.114900 0.072400 0.108200 0.010100 0.087500 0.024900 0.118100 0.121400 0.112300 0.102500 0.134100 0.062000 0.099400 0.124600 0.094000 0.124300 0.108100 0.078500 0.113600 0.097200 0.062000 0.094600 0.099200 0.104900 0.125900 0.092700 0.000000 0.010000
GreaterKud 0.083300 0.172400 0.035200 0.173100 0.114000 0.088500 0.100800 0.088400 0.010100 0.113800 0.104300 0.091200 0.118700 0.105700 0.103700 0.103700 0.109100 0.107900 0.087700 0.010000 0.098000 0.103000 0.098100 0.118000 0.114500 0.072500 0.107800 0.010000 0.087600 0.024800 0.118200 0.121600 0.123300 0.103300 0.139500 0.061700 0.099000 0.124100 0.094100 0.113400 0.108200 0.078500 0.113800 0.097300 0.062000 0.094200 0.099300 0.104500 0.126000 0.103600 0.010000 0.000000
