1
52 1
Argali 0.000000 0.348300 0.069900 0.310700 0.070000 0.013700 0.057200 0.071300 0.083100 0.149200 0.027100 0.114000 0.056100 0.027600 0.083100 0.069400 0.153100 0.125700 0.027800 0.070400 0.069000 0.026900 0.149300 0.150000 0.027400 0.071000 0.056100 0.096700 0.084300 0.126000 0.180500 0.042000 0.172100 0.041500 0.055300 0.071400 0.000000 0.055100 0.041400 0.208900 0.149700 0.084000 0.167200 0.166300 0.085600 0.055200 0.097900 0.041800 0.071000 0.162500 0.071000 0.099300
LesserMous 0.348300 0.000000 0.295800 0.174700 0.335700 0.333000 0.343500 0.341300 0.275000 0.363200 0.348700 0.316900 0.354700 0.318300 0.311400 0.294300 0.302900 0.307400 0.357100 0.337100 0.293600 0.342200 0.364800 0.345900 0.348700 0.301100 0.354700 0.290100 0.313200 0.325500 0.382200 0.319700 0.291500 0.332800 0.350500 0.341600 0.348300 0.313800 0.296900 0.353700 0.364500 0.350800 0.388000 0.366500 0.358000 0.275300 0.330000 0.336400 0.379200 0.378000 0.338600 0.296300
LesserKudu 0.069900 0.295800 0.000000 0.259400 0.056400 0.056000 0.072700 0.057400 0.013600 0.134700 0.069900 0.041900 0.071300 0.042200 0.069400 0.055700 0.140100 0.112500 0.071600 0.028000 0.055300 0.097700 0.135400 0.135400 0.069900 0.056900 0.071300 0.027100 0.070300 0.054900 0.166000 0.056900 0.158200 0.056100 0.099900 0.057300 0.069900 0.041600 0.027600 0.163000 0.135200 0.070200 0.152600 0.151700 0.071500 0.070100 0.084100 0.056600 0.087000 0.116900 0.028100 0.027700
KillerWhal 0.310700 0.174700 0.259400 0.000000 0.298000 0.295600 0.305200 0.302700 0.240200 0.323900 0.310900 0.262400 0.316500 0.281000 0.275000 0.224000 0.233500 0.271600 0.318800 0.299500 0.274800 0.305500 0.325000 0.306800 0.310900 0.300700 0.316500 0.255000 0.314900 0.289500 0.360700 0.282500 0.256300 0.295700 0.312700 0.284900 0.310700 0.277100 0.260600 0.315500 0.324700 0.312700 0.347200 0.326400 0.300800 0.240500 0.292900 0.298400 0.339200 0.338600 0.301200 0.261000
DefassaWat 0.070000 0.335700 0.056400 0.298000 0.000000 0.056200 0.073200 0.057600 0.069800 0.135200 0.070100 0.100600 0.101800 0.042300 0.069900 0.056000 0.170700 0.142800 0.072100 0.086300 0.055700 0.097800 0.135300 0.135900 0.070100 0.057300 0.101800 0.083600 0.070900 0.112900 0.166700 0.057300 0.190800 0.085800 0.100100 0.087700 0.070000 0.013700 0.027800 0.131000 0.135700 0.070700 0.153200 0.152300 0.102100 0.070500 0.084700 0.056900 0.087200 0.086500 0.087100 0.085900
Sheep 0.013700 0.333000 0.056000 0.295600 0.056200 0.000000 0.043000 0.057200 0.069400 0.134600 0.013600 0.099400 0.042200 0.014000 0.069400 0.055700 0.139500 0.112000 0.014000 0.056400 0.055300 0.040600 0.134800 0.135400 0.013600 0.057000 0.042200 0.083100 0.070500 0.112200 0.166000 0.028100 0.158000 0.027700 0.041600 0.057300 0.013600 0.041400 0.027700 0.194500 0.135200 0.070200 0.152500 0.151700 0.071500 0.041500 0.084200 0.027900 0.057300 0.148000 0.056900 0.085300
MaxwellsDu 0.057200 0.343500 0.072700 0.305200 0.073200 0.043000 0.000000 0.074600 0.086700 0.155700 0.057200 0.119100 0.088800 0.028800 0.086300 0.057400 0.159400 0.115900 0.058400 0.073500 0.056700 0.085600 0.156500 0.122800 0.057200 0.073900 0.088800 0.100800 0.087500 0.116100 0.188300 0.043700 0.161900 0.072800 0.087700 0.074400 0.057200 0.057400 0.043000 0.201600 0.156300 0.087400 0.174700 0.139300 0.089100 0.042800 0.101700 0.043400 0.074300 0.136700 0.073600 0.087700
GazellaPrz 0.071300 0.341300 0.057400 0.302700 0.057600 0.057200 0.074600 0.000000 0.071100 0.171400 0.072400 0.102400 0.103600 0.043100 0.071000 0.057000 0.173500 0.146300 0.073400 0.087900 0.056700 0.099500 0.171700 0.172500 0.071300 0.058400 0.103600 0.085000 0.072100 0.114900 0.204500 0.058300 0.194000 0.087400 0.071500 0.089300 0.071200 0.042200 0.028300 0.199500 0.172300 0.071900 0.190900 0.189800 0.104000 0.071800 0.086200 0.058000 0.058500 0.151800 0.088700 0.087400
MountainNy 0.083100 0.275000 0.013600 0.240200 0.069800 0.069400 0.086700 0.071100 0.000000 0.117000 0.083100 0.055500 0.085000 0.055700 0.082900 0.069200 0.123100 0.125400 0.085400 0.041500 0.068800 0.081600 0.117000 0.117600 0.083100 0.070700 0.085000 0.013200 0.084100 0.068000 0.147500 0.070700 0.140800 0.069800 0.113100 0.071200 0.083100 0.054900 0.041200 0.144200 0.117400 0.083800 0.134100 0.133400 0.085300 0.054900 0.097600 0.070300 0.100400 0.130700 0.041900 0.041300
MuntiacusM 0.149200 0.363200 0.134700 0.323900 0.135200 0.134600 0.155700 0.171400 0.117000 0.000000 0.149200 0.184300 0.184800 0.120300 0.179500 0.165100 0.159300 0.162900 0.153100 0.136300 0.164600 0.146300 0.029300 0.059100 0.149200 0.170000 0.184800 0.131300 0.183200 0.195800 0.058700 0.136900 0.178800 0.166400 0.183200 0.138000 0.149200 0.149900 0.134700 0.087400 0.059500 0.182600 0.014600 0.074400 0.153000 0.117800 0.164600 0.104000 0.170800 0.169300 0.137000 0.167300
goat 0.027100 0.348700 0.069900 0.310900 0.070100 0.013600 0.057200 0.072400 0.083100 0.149200 0.000000 0.113200 0.056100 0.027600 0.083200 0.069500 0.153300 0.125700 0.027800 0.070400 0.069000 0.054100 0.149300 0.150000 0.000000 0.071000 0.056100 0.096800 0.084400 0.126000 0.180700 0.042000 0.172100 0.041500 0.055000 0.071400 0.027100 0.055100 0.041400 0.209200 0.149800 0.084100 0.167300 0.166500 0.085600 0.055200 0.098000 0.041800 0.071100 0.162400 0.071000 0.099300
AfricanBuf 0.114000 0.316900 0.041900 0.262400 0.100600 0.099400 0.119100 0.102400 0.055500 0.184300 0.113200 0.000000 0.116800 0.086100 0.113700 0.099700 0.155100 0.157800 0.117300 0.071300 0.099100 0.142300 0.184300 0.185200 0.114000 0.102000 0.116800 0.069100 0.115400 0.098000 0.216900 0.101900 0.174500 0.100600 0.145600 0.042200 0.114000 0.084700 0.070700 0.211900 0.185000 0.115000 0.203600 0.202400 0.056200 0.114800 0.099200 0.101300 0.133100 0.164700 0.071900 0.070900
Topi 0.056100 0.354700 0.071300 0.316500 0.101800 0.042200 0.088800 0.103600 0.085000 0.184800 0.056100 0.116800 0.000000 0.057300 0.114000 0.100000 0.172000 0.144000 0.057500 0.072100 0.099800 0.084000 0.186500 0.185700 0.056100 0.102800 0.000000 0.099000 0.116100 0.129000 0.218400 0.057500 0.207900 0.013900 0.056400 0.103500 0.056100 0.085700 0.071300 0.248700 0.186300 0.115800 0.204100 0.202900 0.118000 0.085600 0.130100 0.071900 0.103300 0.199100 0.072400 0.101300
CommonDuik 0.027600 0.318300 0.042200 0.281000 0.042300 0.014000 0.028800 0.043100 0.055700 0.120300 0.027600 0.086100 0.057300 0.000000 0.055800 0.041900 0.125900 0.098300 0.028400 0.042500 0.041700 0.055100 0.120400 0.120900 0.027600 0.042900 0.057300 0.069500 0.056600 0.098600 0.151600 0.014100 0.144200 0.042300 0.056400 0.043200 0.027600 0.027700 0.013900 0.180300 0.120700 0.056400 0.138000 0.137200 0.057500 0.027800 0.070400 0.014000 0.043200 0.133900 0.042900 0.071400
Suni 0.083100 0.311400 0.069400 0.275000 0.069900 0.069400 0.086300 0.071000 0.082900 0.179500 0.083200 0.113700 0.114000 0.055800 0.000000 0.068800 0.183400 0.155500 0.085100 0.099500 0.068600 0.110700 0.181100 0.180500 0.083200 0.070500 0.114000 0.096600 0.083900 0.125800 0.212400 0.070400 0.202600 0.098200 0.113200 0.100600 0.083100 0.055000 0.041100 0.208500 0.180800 0.083500 0.198200 0.197300 0.114800 0.083400 0.097400 0.070100 0.100500 0.161400 0.100000 0.098700
Springbuck 0.069400 0.294300 0.055700 0.224000 0.056000 0.055700 0.057400 0.057000 0.069200 0.165100 0.069500 0.099700 0.100000 0.041900 0.068800 0.000000 0.139000 0.111500 0.071100 0.085500 0.041000 0.097000 0.166600 0.149900 0.069500 0.056600 0.100300 0.082900 0.070000 0.082700 0.197800 0.056500 0.172800 0.084400 0.099300 0.086500 0.069400 0.041300 0.027500 0.161400 0.166400 0.069800 0.183600 0.166400 0.100800 0.041200 0.083700 0.056200 0.086400 0.147100 0.086000 0.055600
Okapi 0.153100 0.302900 0.140100 0.233500 0.170700 0.139500 0.159400 0.173500 0.123100 0.159300 0.153300 0.155100 0.172000 0.125900 0.183400 0.139000 0.000000 0.052100 0.157300 0.140800 0.168600 0.150600 0.159400 0.160300 0.153300 0.172900 0.172000 0.136700 0.186400 0.197100 0.190300 0.126100 0.122600 0.155400 0.169600 0.142900 0.153100 0.154000 0.140000 0.218300 0.159800 0.185200 0.177100 0.176500 0.157200 0.124200 0.138700 0.141300 0.172900 0.172700 0.142100 0.170800
Giraffe 0.125700 0.307400 0.112500 0.271600 0.142800 0.112000 0.115900 0.146300 0.125400 0.162900 0.125700 0.157800 0.144000 0.098300 0.155500 0.111500 0.052100 0.000000 0.129200 0.113200 0.125900 0.153600 0.162900 0.147900 0.125700 0.144800 0.144000 0.139200 0.157800 0.138900 0.194300 0.098600 0.139800 0.127600 0.141800 0.114900 0.125700 0.126300 0.112400 0.189500 0.163400 0.157100 0.181100 0.164100 0.129200 0.097000 0.140800 0.113500 0.144700 0.144800 0.114200 0.112400
TibetanAnt 0.027800 0.357100 0.071600 0.318800 0.072100 0.014000 0.058400 0.073400 0.085400 0.153100 0.027800 0.117300 0.057500 0.028400 0.085100 0.071100 0.157300 0.129200 0.000000 0.072400 0.070700 0.055500 0.154000 0.153900 0.027800 0.072800 0.057500 0.099400 0.086300 0.129500 0.185300 0.043000 0.176300 0.042500 0.056800 0.073200 0.027800 0.056600 0.042400 0.215300 0.153700 0.086100 0.171800 0.170800 0.087700 0.056600 0.100300 0.042800 0.073200 0.166600 0.072500 0.101300
Sitatunga 0.070400 0.337100 0.028000 0.299500 0.086300 0.056400 0.073500 0.087900 0.041500 0.136300 0.070400 0.071300 0.072100 0.042500 0.099500 0.085500 0.140800 0.113200 0.072400 0.000000 0.085000 0.098300 0.136400 0.137000 0.070400 0.087600 0.072100 0.055300 0.101000 0.055100 0.168000 0.057500 0.159900 0.056700 0.100700 0.058000 0.070400 0.070700 0.056700 0.196800 0.136800 0.100700 0.154400 0.153500 0.072300 0.070900 0.114900 0.057200 0.087600 0.149900 0.000000 0.027900
Oribi 0.069000 0.293600 0.055300 0.274800 0.055700 0.055300 0.056700 0.056700 0.068800 0.164600 0.069000 0.099100 0.099800 0.041700 0.068600 0.041000 0.168600 0.125900 0.070700 0.085000 0.000000 0.096400 0.165500 0.148600 0.069000 0.056200 0.099800 0.082400 0.055400 0.096800 0.163400 0.056100 0.154800 0.084200 0.098700 0.085900 0.069000 0.041100 0.027300 0.176900 0.165300 0.069300 0.183200 0.164900 0.100100 0.055100 0.083100 0.055800 0.085800 0.146100 0.085400 0.069800
BarbaryShe 0.026900 0.342200 0.097700 0.305500 0.097800 0.040600 0.085600 0.099500 0.081600 0.146300 0.054100 0.142300 0.084000 0.055100 0.110700 0.097000 0.150600 0.153600 0.055500 0.098300 0.096400 0.000000 0.146400 0.147100 0.054100 0.099100 0.084000 0.095100 0.112200 0.153900 0.177100 0.069800 0.169200 0.069000 0.082700 0.099800 0.026800 0.082300 0.068800 0.205100 0.146800 0.111800 0.164000 0.163200 0.113900 0.054300 0.125700 0.069500 0.099200 0.191800 0.099100 0.127500
Daviddeer 0.149300 0.364800 0.135400 0.325000 0.135300 0.134800 0.156500 0.171700 0.117000 0.029300 0.149300 0.184300 0.186500 0.120400 0.181100 0.166600 0.159400 0.162900 0.154000 0.136400 0.165500 0.146400 0.000000 0.029300 0.149300 0.171000 0.186500 0.131300 0.184200 0.195800 0.029000 0.137700 0.179600 0.168000 0.183400 0.138700 0.149300 0.150100 0.135400 0.057800 0.029300 0.183700 0.014600 0.044300 0.153800 0.118400 0.165500 0.104500 0.171000 0.170000 0.137700 0.168200
Reindeer 0.150000 0.345900 0.135400 0.306800 0.135900 0.135400 0.122800 0.172500 0.117600 0.059100 0.150000 0.185200 0.185700 0.120900 0.180500 0.149900 0.160300 0.147900 0.153900 0.137000 0.148600 0.147100 0.029300 0.000000 0.150000 0.171000 0.185700 0.132000 0.184400 0.180500 0.058700 0.137700 0.162600 0.167300 0.184300 0.138700 0.150000 0.150800 0.135500 0.072400 0.059500 0.183700 0.044300 0.014400 0.153800 0.103000 0.198800 0.104500 0.171800 0.170100 0.137700 0.151900
Ibex 0.027400 0.348700 0.069900 0.310900 0.070100 0.013600 0.057200 0.071300 0.083100 0.149200 0.000000 0.114000 0.056100 0.027600 0.083200 0.069500 0.153300 0.125700 0.027800 0.070400 0.069000 0.054100 0.149300 0.150000 0.000000 0.071000 0.056100 0.096800 0.084400 0.126000 0.180700 0.042000 0.172100 0.041500 0.055100 0.071400 0.027100 0.055200 0.041400 0.209200 0.149800 0.084100 0.167300 0.166500 0.085600 0.055200 0.098000 0.041800 0.071100 0.162400 0.071000 0.099300
GyrantGaze 0.071000 0.301100 0.056900 0.300700 0.057300 0.057000 0.073900 0.058400 0.070700 0.170000 0.071000 0.102000 0.102800 0.042900 0.070500 0.056600 0.172900 0.144800 0.072800 0.087600 0.056200 0.099100 0.171000 0.171000 0.071000 0.000000 0.102800 0.084700 0.071500 0.114400 0.202800 0.057800 0.192900 0.086700 0.101600 0.088600 0.071000 0.042200 0.028000 0.198800 0.170700 0.042100 0.189300 0.188200 0.103200 0.071200 0.085400 0.057500 0.088500 0.150700 0.088000 0.086700
Hartebeest 0.056100 0.354700 0.071300 0.316500 0.101800 0.042200 0.088800 0.103600 0.085000 0.184800 0.056100 0.116800 0.000000 0.057300 0.114000 0.100300 0.172000 0.144000 0.057500 0.072100 0.099800 0.084000 0.186500 0.185700 0.056100 0.102800 0.000000 0.099000 0.116100 0.129000 0.218400 0.057500 0.207900 0.013900 0.056400 0.103500 0.056100 0.085700 0.071300 0.248700 0.186300 0.115800 0.204100 0.202900 0.118000 0.085600 0.130100 0.071900 0.103300 0.199100 0.072400 0.101300
Bongo 0.096700 0.290100 0.027100 0.255000 0.083600 0.083100 0.100800 0.085000 0.013200 0.131300 0.096800 0.069100 0.099000 0.069500 0.096600 0.082900 0.136700 0.139200 0.099400 0.055300 0.082400 0.095100 0.131300 0.132000 0.096800 0.084700 0.099000 0.000000 0.098000 0.081500 0.161900 0.084600 0.154600 0.083500 0.127000 0.085200 0.096700 0.068600 0.054900 0.158400 0.131700 0.097600 0.148600 0.147900 0.099300 0.068500 0.111400 0.084200 0.114500 0.144900 0.055700 0.055000
Gerenuk 0.084300 0.313200 0.070300 0.314900 0.070900 0.070500 0.087500 0.072100 0.084100 0.183200 0.084400 0.115400 0.116100 0.056600 0.083900 0.070000 0.186400 0.157800 0.086300 0.101000 0.055400 0.112200 0.184200 0.184400 0.084400 0.071500 0.116100 0.098000 0.000000 0.127500 0.199500 0.071400 0.205500 0.100100 0.114800 0.102100 0.084300 0.055800 0.041700 0.178600 0.183800 0.055600 0.202500 0.201700 0.116600 0.084600 0.098900 0.071100 0.102000 0.163700 0.101400 0.100000
CommonElan 0.126000 0.325500 0.054900 0.289500 0.112900 0.112200 0.116100 0.114900 0.068000 0.195800 0.126000 0.098000 0.129000 0.098600 0.125800 0.082700 0.197100 0.138900 0.129500 0.055100 0.096800 0.153900 0.195800 0.180500 0.126000 0.114400 0.129000 0.081500 0.127500 0.000000 0.228100 0.114400 0.201800 0.112900 0.157400 0.115200 0.126000 0.097100 0.083400 0.189800 0.196500 0.127100 0.215000 0.197200 0.129500 0.097200 0.141100 0.113800 0.145100 0.176600 0.055600 0.027000
MuntiacusR 0.180500 0.382200 0.166000 0.360700 0.166700 0.166000 0.188300 0.204500 0.147500 0.058700 0.180700 0.216900 0.218400 0.151600 0.212400 0.197800 0.190300 0.194300 0.185300 0.168000 0.163400 0.177100 0.029000 0.058700 0.180700 0.202800 0.218400 0.161900 0.199500 0.228100 0.000000 0.168700 0.210600 0.199300 0.215700 0.170000 0.180500 0.181700 0.166100 0.086500 0.058800 0.215200 0.044000 0.073900 0.185200 0.148400 0.196600 0.134700 0.203700 0.201700 0.168800 0.199500
HarveysDui 0.042000 0.319700 0.056900 0.282500 0.057300 0.028100 0.043700 0.058300 0.070700 0.136900 0.042000 0.101900 0.057500 0.014100 0.070400 0.056500 0.126100 0.098600 0.043000 0.057500 0.056100 0.069800 0.137700 0.137700 0.042000 0.057800 0.057500 0.084600 0.071400 0.114400 0.168700 0.000000 0.160500 0.042400 0.056800 0.058200 0.042000 0.042200 0.028100 0.198500 0.137400 0.071200 0.155200 0.154200 0.072600 0.042100 0.085300 0.028300 0.058100 0.150600 0.057800 0.086600
Pronghorn 0.172100 0.291500 0.158200 0.256300 0.190800 0.158000 0.161900 0.194000 0.140800 0.178800 0.172100 0.174500 0.207900 0.144200 0.202600 0.172800 0.122600 0.139800 0.176300 0.159900 0.154800 0.169200 0.179600 0.162600 0.172100 0.192900 0.207900 0.154600 0.205500 0.201800 0.210600 0.160500 0.000000 0.189900 0.205400 0.161700 0.172100 0.172900 0.158300 0.223300 0.179400 0.204800 0.197300 0.178900 0.176200 0.126600 0.187300 0.159500 0.193300 0.192700 0.160700 0.174400
BlueWildeb 0.041500 0.332800 0.056100 0.295700 0.085800 0.027700 0.072800 0.087400 0.069800 0.166400 0.041500 0.100600 0.013900 0.042300 0.098200 0.084400 0.155400 0.127600 0.042500 0.056700 0.084200 0.069000 0.168000 0.167300 0.041500 0.086700 0.013900 0.083500 0.100100 0.112900 0.199300 0.042400 0.189900 0.000000 0.041700 0.087200 0.041500 0.070300 0.056100 0.229100 0.167800 0.099700 0.185100 0.184100 0.101600 0.070200 0.113800 0.056600 0.087100 0.180600 0.057000 0.085400
Gemsbok 0.055300 0.350500 0.099900 0.312700 0.100100 0.041600 0.087700 0.071500 0.113100 0.183200 0.055000 0.145600 0.056400 0.056400 0.113200 0.099300 0.169600 0.141800 0.056800 0.100700 0.098700 0.082700 0.183400 0.184300 0.055100 0.101600 0.056400 0.127000 0.114800 0.157400 0.215700 0.056800 0.205400 0.041700 0.000000 0.102200 0.055200 0.084300 0.070400 0.244700 0.184000 0.114500 0.202400 0.201400 0.116600 0.084600 0.128600 0.071100 0.101600 0.196600 0.101500 0.130500
Yak 0.071400 0.341600 0.057300 0.284900 0.087700 0.057300 0.074400 0.089300 0.071200 0.138000 0.071400 0.042200 0.103500 0.043200 0.100600 0.086500 0.142900 0.114900 0.073200 0.058000 0.085900 0.099800 0.138700 0.138700 0.071400 0.088600 0.103500 0.085200 0.102100 0.115200 0.170000 0.058200 0.161700 0.087200 0.102200 0.000000 0.071400 0.071700 0.057300 0.200100 0.138500 0.101900 0.156400 0.155400 0.014100 0.071700 0.116200 0.057800 0.089100 0.151800 0.058300 0.087300
BlueSheep 0.000000 0.348300 0.069900 0.310700 0.070000 0.013600 0.057200 0.071200 0.083100 0.149200 0.027100 0.114000 0.056100 0.027600 0.083100 0.069400 0.153100 0.125700 0.027800 0.070400 0.069000 0.026800 0.149300 0.150000 0.027100 0.071000 0.056100 0.096700 0.084300 0.126000 0.180500 0.042000 0.172100 0.041500 0.055200 0.071400 0.000000 0.055100 0.041400 0.208900 0.149700 0.084000 0.167200 0.166300 0.085600 0.055200 0.097900 0.041800 0.071000 0.162500 0.071000 0.099300
BohorReedb 0.055100 0.313800 0.041600 0.277100 0.013700 0.041400 0.057400 0.042200 0.054900 0.149900 0.055100 0.084700 0.085700 0.027700 0.055000 0.041300 0.154000 0.126300 0.056600 0.070700 0.041100 0.082300 0.150100 0.150800 0.055200 0.042200 0.085700 0.068600 0.055800 0.097100 0.181700 0.042200 0.172900 0.070300 0.084300 0.071700 0.055100 0.000000 0.013700 0.145500 0.150500 0.055600 0.168200 0.167400 0.086000 0.055500 0.069400 0.041900 0.071100 0.100800 0.071300 0.070300
KirksDik 0.041400 0.296900 0.027600 0.260600 0.027800 0.027700 0.043000 0.028300 0.041200 0.134700 0.041400 0.070700 0.071300 0.013900 0.041100 0.027500 0.140000 0.112400 0.042400 0.056700 0.027300 0.068800 0.135400 0.135500 0.041400 0.028000 0.071300 0.054900 0.041700 0.083400 0.166100 0.028100 0.158300 0.056100 0.070400 0.057300 0.041400 0.013700 0.000000 0.163000 0.135200 0.041400 0.152700 0.151800 0.071500 0.041500 0.055400 0.027900 0.057200 0.116800 0.056900 0.056100
RoeDeer 0.208900 0.353700 0.163000 0.315500 0.131000 0.194500 0.201600 0.199500 0.144200 0.087400 0.209200 0.211900 0.248700 0.180300 0.208500 0.161400 0.218300 0.189500 0.215300 0.196800 0.176900 0.205100 0.057800 0.072400 0.209200 0.198800 0.248700 0.158400 0.178600 0.189800 0.086500 0.198500 0.223300 0.229100 0.244700 0.200100 0.208900 0.145500 0.163000 0.000000 0.087600 0.177800 0.072800 0.087600 0.215300 0.145300 0.193000 0.163900 0.232900 0.164400 0.198600 0.162700
WhiteLippe 0.149700 0.364500 0.135200 0.324700 0.135700 0.135200 0.156300 0.172300 0.117400 0.059500 0.149800 0.185000 0.186300 0.120700 0.180800 0.166400 0.159800 0.163400 0.153700 0.136800 0.165300 0.146800 0.029300 0.059500 0.149800 0.170700 0.186300 0.131700 0.183800 0.196500 0.058800 0.137400 0.179400 0.167800 0.184000 0.138500 0.149700 0.150500 0.135200 0.087600 0.000000 0.183400 0.044600 0.074900 0.153600 0.118200 0.165300 0.104300 0.171600 0.169800 0.137500 0.167900
ThomsonGaz 0.084000 0.350800 0.070200 0.312700 0.070700 0.070200 0.087400 0.071900 0.083800 0.182600 0.084100 0.115000 0.115800 0.056400 0.083500 0.069800 0.185200 0.157100 0.086100 0.100700 0.069300 0.111800 0.183700 0.183700 0.084100 0.042100 0.115800 0.097600 0.055600 0.127100 0.215200 0.071200 0.204800 0.099700 0.114500 0.101900 0.084000 0.055600 0.041400 0.177800 0.183400 0.000000 0.201900 0.200900 0.116200 0.084300 0.098400 0.070800 0.101700 0.163300 0.101200 0.099800
MuntiacusC 0.167200 0.388000 0.152600 0.347200 0.153200 0.152500 0.174700 0.190900 0.134100 0.014600 0.167300 0.203600 0.204100 0.138000 0.198200 0.183600 0.177100 0.181100 0.171800 0.154400 0.183200 0.164000 0.014600 0.044300 0.167300 0.189300 0.204100 0.148600 0.202500 0.215000 0.044000 0.155200 0.197300 0.185100 0.202400 0.156400 0.167200 0.168200 0.152700 0.072800 0.044600 0.201900 0.000000 0.059600 0.171700 0.135000 0.183200 0.121100 0.190200 0.188300 0.155200 0.186100
WhiteTaile 0.166300 0.366500 0.151700 0.326400 0.152300 0.151700 0.139300 0.189800 0.133400 0.074400 0.166500 0.202400 0.202900 0.137200 0.197300 0.166400 0.176500 0.164100 0.170800 0.153500 0.164900 0.163200 0.044300 0.014400 0.166500 0.188200 0.202900 0.147900 0.201700 0.197200 0.073900 0.154200 0.178900 0.184100 0.201400 0.155400 0.166300 0.167400 0.151800 0.087600 0.074900 0.200900 0.059600 0.000000 0.170600 0.118600 0.216100 0.120400 0.189100 0.187100 0.154200 0.168500
Cattle 0.085600 0.358000 0.071500 0.300800 0.102100 0.071500 0.089100 0.104000 0.085300 0.153000 0.085600 0.056200 0.118000 0.057500 0.114800 0.100800 0.157200 0.129200 0.087700 0.072300 0.100100 0.113900 0.153800 0.153800 0.085600 0.103200 0.118000 0.099300 0.116600 0.129500 0.185200 0.072600 0.176200 0.101600 0.116600 0.014100 0.085600 0.086000 0.071500 0.215300 0.153600 0.116200 0.171700 0.170600 0.000000 0.085900 0.130500 0.072200 0.103700 0.166600 0.072700 0.101600
RoyalAntel 0.055200 0.275300 0.070100 0.240500 0.070500 0.041500 0.042800 0.071800 0.054900 0.117800 0.055200 0.114800 0.085600 0.027800 0.083400 0.041200 0.124200 0.097000 0.056600 0.070900 0.055100 0.054300 0.118400 0.103000 0.055200 0.071200 0.085600 0.068500 0.084600 0.097200 0.148400 0.042100 0.126600 0.070200 0.084600 0.071700 0.055200 0.055500 0.041500 0.145300 0.118200 0.084300 0.135000 0.118600 0.085900 0.000000 0.098200 0.041900 0.071600 0.163200 0.071200 0.070100
Steenbok 0.097900 0.330000 0.084100 0.292900 0.084700 0.084200 0.101700 0.086200 0.097600 0.164600 0.098000 0.099200 0.130100 0.070400 0.097400 0.083700 0.138700 0.140800 0.100300 0.114900 0.083100 0.125700 0.165500 0.198800 0.098000 0.085400 0.130100 0.111400 0.098900 0.141100 0.196600 0.085300 0.187300 0.113800 0.128600 0.116200 0.097900 0.069400 0.055400 0.193000 0.165300 0.098400 0.183200 0.216100 0.130500 0.098200 0.000000 0.084900 0.116100 0.177800 0.115400 0.113900
Impala 0.041800 0.336400 0.056600 0.298400 0.056900 0.027900 0.043400 0.058000 0.070300 0.104000 0.041800 0.101300 0.071900 0.014000 0.070100 0.056200 0.141300 0.113500 0.042800 0.057200 0.055800 0.069500 0.104500 0.104500 0.041800 0.057500 0.071900 0.084200 0.071100 0.113800 0.134700 0.028300 0.159500 0.056600 0.071100 0.057800 0.041800 0.041900 0.027900 0.163900 0.104300 0.070800 0.121100 0.120400 0.072200 0.041900 0.084900 0.000000 0.057800 0.149600 0.057400 0.086000
Klipspring 0.071000 0.379200 0.087000 0.339200 0.087200 0.057300 0.074300 0.058500 0.100400 0.170800 0.071100 0.133100 0.103300 0.043200 0.100500 0.086400 0.172900 0.144700 0.073200 0.087600 0.085800 0.099200 0.171000 0.171800 0.071100 0.088500 0.103300 0.114500 0.102000 0.145100 0.203700 0.058100 0.193300 0.087100 0.101600 0.089100 0.071000 0.071100 0.057200 0.232900 0.171600 0.101700 0.190200 0.189100 0.103700 0.071600 0.116100 0.057800 0.000000 0.184300 0.088400 0.117800
ForestMusk 0.162500 0.378000 0.116900 0.338600 0.086500 0.148000 0.136700 0.151800 0.130700 0.169300 0.162400 0.164700 0.199100 0.133900 0.161400 0.147100 0.172700 0.144800 0.166600 0.149900 0.146100 0.191800 0.170000 0.170100 0.162400 0.150700 0.199100 0.144900 0.163700 0.176600 0.201700 0.150600 0.192700 0.180600 0.196600 0.151800 0.162500 0.100800 0.116800 0.164400 0.169800 0.163300 0.188300 0.187100 0.166600 0.163200 0.177800 0.149600 0.184300 0.000000 0.150600 0.148500
Bushbuck 0.071000 0.338600 0.028100 0.301200 0.087100 0.056900 0.073600 0.088700 0.041900 0.137000 0.071000 0.071900 0.072400 0.042900 0.100000 0.086000 0.142100 0.114200 0.072500 0.000000 0.085400 0.099100 0.137700 0.137700 0.071000 0.088000 0.072400 0.055700 0.101400 0.055600 0.168800 0.057800 0.160700 0.057000 0.101500 0.058300 0.071000 0.071300 0.056900 0.198600 0.137500 0.101200 0.155200 0.154200 0.072700 0.071200 0.115400 0.057400 0.088400 0.150600 0.000000 0.028100
GreaterKud 0.099300 0.296300 0.027700 0.261000 0.085900 0.085300 0.087700 0.087400 0.041300 0.167300 0.099300 0.070900 0.101300 0.071400 0.098700 0.055600 0.170800 0.112400 0.101300 0.027900 0.069800 0.127500 0.168200 0.151900 0.099300 0.086700 0.101300 0.055000 0.100000 0.027000 0.199500 0.086600 0.174400 0.085400 0.130500 0.087300 0.099300 0.070300 0.056100 0.162700 0.167900 0.099800 0.186100 0.168500 0.101600 0.070100 0.113900 0.086000 0.117800 0.148500 0.028100 0.000000
