1
52 1
Argali 0.000000 0.213500 0.172600 0.291600 0.130800 0.009100 0.113000 0.144000 0.163900 0.179400 0.018500 0.144700 0.100300 0.122000 0.154600 0.122700 0.164700 0.167900 0.111800 0.174100 0.111800 0.018600 0.171100 0.160200 0.018400 0.121800 0.101200 0.173300 0.132100 0.164300 0.169200 0.112700 0.168700 0.110500 0.102400 0.147400 0.009200 0.120000 0.093200 0.171600 0.158900 0.111600 0.188700 0.171400 0.169100 0.100400 0.141400 0.131300 0.092600 0.170600 0.164100 0.175300
LesserMous 0.213500 0.000000 0.234700 0.286900 0.272300 0.203000 0.254600 0.279300 0.248200 0.232600 0.216000 0.193500 0.245900 0.276400 0.240700 0.265600 0.215800 0.196000 0.264300 0.259200 0.251700 0.192400 0.188800 0.177300 0.214300 0.276100 0.249300 0.257900 0.264200 0.248500 0.221700 0.266100 0.196900 0.260200 0.254100 0.233800 0.203000 0.270100 0.229900 0.212600 0.234000 0.263200 0.242200 0.213100 0.245800 0.247200 0.286500 0.274300 0.239600 0.200000 0.225000 0.261100
LesserKudu 0.172600 0.234700 0.000000 0.241800 0.117600 0.163000 0.129100 0.110300 0.025400 0.169900 0.174700 0.089300 0.106700 0.108800 0.110500 0.099700 0.116900 0.090200 0.116100 0.033900 0.078100 0.175300 0.141300 0.131300 0.173400 0.098900 0.088900 0.033800 0.108800 0.025500 0.159900 0.099800 0.129300 0.097900 0.097600 0.090600 0.163300 0.107100 0.062500 0.141800 0.140000 0.089200 0.178800 0.142200 0.090800 0.107000 0.108400 0.089500 0.099200 0.100800 0.025400 0.051600
KillerWhal 0.291600 0.286900 0.241800 0.000000 0.242200 0.280700 0.311200 0.285600 0.255100 0.239500 0.295400 0.235700 0.277300 0.283600 0.280100 0.247400 0.188700 0.191400 0.278600 0.266300 0.242400 0.269900 0.230800 0.219500 0.292700 0.258100 0.256300 0.264900 0.257800 0.255500 0.228400 0.248400 0.215700 0.243300 0.269200 0.228100 0.280700 0.276500 0.236300 0.229400 0.229000 0.245600 0.249000 0.231700 0.239700 0.254000 0.293300 0.209600 0.246700 0.218200 0.255300 0.232900
DefassaWat 0.130800 0.272300 0.117600 0.242200 0.000000 0.121500 0.098500 0.099100 0.136700 0.181400 0.132300 0.118200 0.077800 0.079200 0.099400 0.098200 0.157000 0.119200 0.088200 0.146300 0.070000 0.132500 0.194700 0.184200 0.131200 0.097600 0.060500 0.145700 0.107100 0.137000 0.192900 0.070500 0.160500 0.069200 0.061000 0.120100 0.121500 0.042300 0.052500 0.195200 0.182900 0.088100 0.190500 0.195500 0.140300 0.078000 0.097400 0.088200 0.070100 0.161900 0.136900 0.147100
Sheep 0.009100 0.203000 0.163000 0.280700 0.121500 0.000000 0.103600 0.134600 0.154400 0.169500 0.009300 0.135100 0.110500 0.112700 0.145100 0.113400 0.155100 0.158100 0.102500 0.164600 0.102600 0.009300 0.161200 0.150300 0.009200 0.112500 0.092100 0.163800 0.122700 0.154700 0.159300 0.103400 0.158900 0.101300 0.093100 0.137700 0.000000 0.110900 0.084000 0.161700 0.149100 0.102400 0.178900 0.161500 0.159300 0.091400 0.132100 0.122100 0.102900 0.160700 0.154600 0.165700
MaxwellsDu 0.113000 0.254600 0.129100 0.311200 0.098500 0.103600 0.000000 0.110400 0.148800 0.195600 0.114300 0.130300 0.088300 0.071200 0.120300 0.109600 0.170100 0.131500 0.080400 0.158800 0.080500 0.114600 0.187400 0.176600 0.113400 0.108800 0.070600 0.137700 0.118700 0.149200 0.185500 0.062300 0.174500 0.079500 0.071300 0.132400 0.103700 0.088600 0.062600 0.187900 0.175300 0.099100 0.204800 0.187800 0.153300 0.088400 0.108500 0.099000 0.080600 0.175900 0.128900 0.159800
GazellaPrz 0.144000 0.279300 0.110300 0.285600 0.099100 0.134600 0.110400 0.000000 0.109800 0.219300 0.145900 0.111000 0.070300 0.090400 0.101500 0.090900 0.171000 0.132400 0.080800 0.119500 0.062300 0.146100 0.188800 0.177900 0.144600 0.109400 0.052700 0.118900 0.099900 0.130000 0.208700 0.071800 0.122500 0.061500 0.071600 0.133200 0.134600 0.089000 0.044500 0.189300 0.176500 0.099600 0.228700 0.189300 0.133300 0.088900 0.090000 0.080600 0.081000 0.134100 0.129900 0.140300
MountainNy 0.163900 0.248200 0.025400 0.255100 0.136700 0.154400 0.148800 0.109800 0.000000 0.160100 0.165900 0.080200 0.106300 0.127700 0.129500 0.118900 0.107700 0.080900 0.108600 0.008400 0.089700 0.166300 0.131600 0.121700 0.164600 0.117400 0.088200 0.008400 0.128100 0.016900 0.150300 0.118700 0.100400 0.097300 0.109300 0.081500 0.154400 0.125900 0.080300 0.132000 0.129800 0.107700 0.169000 0.132400 0.081600 0.125700 0.127400 0.108000 0.118300 0.072500 0.016900 0.042900
MuntiacusM 0.179400 0.232600 0.169900 0.239500 0.181400 0.169500 0.195600 0.219300 0.160100 0.000000 0.181600 0.131700 0.190600 0.194300 0.207400 0.195700 0.100600 0.102400 0.205100 0.148500 0.183700 0.170300 0.055200 0.084400 0.157900 0.194000 0.171200 0.169200 0.183400 0.139100 0.026600 0.163200 0.143700 0.181000 0.173700 0.133900 0.169500 0.190900 0.163700 0.084400 0.054400 0.182800 0.008500 0.074700 0.155000 0.170000 0.215100 0.182600 0.183700 0.145400 0.159500 0.149600
goat 0.018500 0.216000 0.174700 0.295400 0.132300 0.009300 0.114300 0.145900 0.165900 0.181600 0.000000 0.146400 0.121000 0.123400 0.156400 0.124200 0.166700 0.169900 0.113000 0.176200 0.113100 0.018800 0.173300 0.162200 0.018600 0.123200 0.102300 0.175400 0.133600 0.166300 0.171200 0.114000 0.170700 0.111700 0.103600 0.149100 0.009300 0.121400 0.094300 0.173800 0.160900 0.112900 0.191000 0.173600 0.171200 0.101600 0.143100 0.132900 0.113400 0.172700 0.166100 0.177400
AfricanBuf 0.144700 0.193500 0.089300 0.235700 0.118200 0.135100 0.130300 0.111000 0.080200 0.131700 0.146400 0.000000 0.088300 0.109300 0.120700 0.110300 0.090100 0.054000 0.119600 0.089300 0.081100 0.146800 0.103400 0.093700 0.145200 0.128800 0.089200 0.089000 0.119500 0.080300 0.122100 0.080900 0.073100 0.098400 0.091200 0.073100 0.135200 0.107700 0.062200 0.103800 0.102500 0.118800 0.140600 0.104000 0.073300 0.107600 0.109000 0.080200 0.099900 0.093400 0.080300 0.071200
Topi 0.100300 0.245900 0.106700 0.277300 0.077800 0.110500 0.088300 0.070300 0.106300 0.190600 0.121000 0.088300 0.000000 0.069600 0.098200 0.088200 0.145600 0.128200 0.060400 0.115800 0.060500 0.121200 0.182400 0.171800 0.120000 0.087600 0.016700 0.115300 0.096900 0.125900 0.180800 0.060900 0.128900 0.025100 0.051700 0.109200 0.110500 0.068500 0.043100 0.182900 0.170600 0.078300 0.199600 0.182700 0.129000 0.068200 0.087300 0.078200 0.042900 0.129900 0.125800 0.136000
CommonDuik 0.122000 0.276400 0.108800 0.283600 0.079200 0.112700 0.071200 0.090400 0.127700 0.194300 0.123400 0.109300 0.069600 0.000000 0.100000 0.080500 0.148200 0.130500 0.079800 0.137500 0.052500 0.123600 0.186000 0.175100 0.122400 0.079900 0.052100 0.136800 0.089400 0.128100 0.184200 0.043800 0.152000 0.060900 0.052600 0.111200 0.112700 0.069700 0.043900 0.186600 0.174000 0.070500 0.203400 0.186200 0.131400 0.069600 0.088900 0.079600 0.061700 0.153300 0.128000 0.138400
Suni 0.154600 0.240700 0.110500 0.280100 0.099400 0.145100 0.120300 0.101500 0.129500 0.207400 0.156400 0.120700 0.098200 0.100000 0.000000 0.081400 0.160100 0.142600 0.090100 0.139300 0.053200 0.156900 0.177200 0.166400 0.155100 0.099700 0.080400 0.138600 0.090400 0.129800 0.197000 0.091000 0.164300 0.089300 0.081100 0.143600 0.145200 0.089300 0.053800 0.177700 0.187400 0.090000 0.216700 0.177400 0.143800 0.098400 0.099700 0.071400 0.090600 0.144200 0.129700 0.140100
Springbuck 0.122700 0.265600 0.099700 0.247400 0.098200 0.113400 0.109600 0.090900 0.118900 0.195700 0.124200 0.110300 0.088200 0.080500 0.081400 0.000000 0.128800 0.131500 0.080100 0.128600 0.025900 0.124400 0.165800 0.155200 0.123100 0.034700 0.070500 0.127900 0.008500 0.119200 0.185500 0.080900 0.132000 0.079400 0.071200 0.111800 0.113400 0.088400 0.044200 0.166200 0.154000 0.025900 0.204800 0.166100 0.111900 0.070000 0.070600 0.061500 0.080500 0.143900 0.119100 0.129400
Okapi 0.164700 0.215800 0.116900 0.188700 0.157000 0.155100 0.170100 0.171000 0.107700 0.100600 0.166700 0.090100 0.145600 0.148200 0.160100 0.128800 0.000000 0.071900 0.118500 0.116900 0.118600 0.145500 0.102300 0.092700 0.165300 0.127600 0.126900 0.116500 0.118100 0.107800 0.091300 0.118900 0.110700 0.136300 0.129300 0.091500 0.155100 0.145700 0.119300 0.102700 0.101500 0.117600 0.109400 0.103000 0.111100 0.125900 0.167800 0.117500 0.138300 0.102200 0.107800 0.098500
Giraffe 0.167900 0.196000 0.090200 0.191400 0.119200 0.158100 0.131500 0.132400 0.080900 0.102400 0.169900 0.054000 0.128200 0.130500 0.142600 0.131500 0.071900 0.000000 0.141000 0.090200 0.101300 0.148300 0.084500 0.074800 0.168500 0.150600 0.109400 0.089800 0.141000 0.081100 0.112900 0.101200 0.073700 0.118900 0.111700 0.073800 0.158100 0.128400 0.082000 0.084800 0.083700 0.140100 0.111400 0.085000 0.074000 0.128200 0.129900 0.100300 0.120600 0.074600 0.062400 0.071800
TibetanAnt 0.111800 0.264300 0.116100 0.278600 0.088200 0.102500 0.080400 0.080800 0.108600 0.205100 0.113000 0.119600 0.060400 0.079800 0.090100 0.080100 0.118500 0.141000 0.000000 0.118100 0.052300 0.113300 0.197000 0.186000 0.112100 0.079500 0.043100 0.117500 0.088900 0.128400 0.195000 0.071000 0.141700 0.051800 0.061600 0.121700 0.102500 0.078600 0.052800 0.197500 0.184700 0.070200 0.214300 0.197300 0.142100 0.078500 0.098000 0.070100 0.070700 0.132900 0.128300 0.138600
Sitatunga 0.174100 0.259200 0.033900 0.266300 0.146300 0.164600 0.158800 0.119500 0.008400 0.148500 0.176200 0.089300 0.115800 0.137500 0.139300 0.128600 0.116900 0.090200 0.118100 0.000000 0.099100 0.176600 0.121000 0.131400 0.153300 0.127100 0.097600 0.016800 0.137800 0.008300 0.138900 0.128400 0.109800 0.106700 0.118700 0.090700 0.164600 0.135400 0.089800 0.141800 0.119900 0.117300 0.157300 0.142200 0.090900 0.135300 0.137100 0.117500 0.127800 0.081700 0.025300 0.050300
Oribi 0.111800 0.251700 0.078100 0.242400 0.070000 0.102600 0.080500 0.062300 0.089700 0.183700 0.113100 0.081100 0.060500 0.052500 0.053200 0.025900 0.118600 0.101300 0.052300 0.099100 0.000000 0.113400 0.154400 0.143900 0.111700 0.043300 0.043200 0.098600 0.034500 0.090000 0.173700 0.052800 0.121700 0.051800 0.043600 0.102100 0.102600 0.060600 0.017300 0.154800 0.142900 0.034400 0.192800 0.154600 0.102300 0.060500 0.061300 0.034500 0.052600 0.112900 0.089900 0.099600
BarbaryShe 0.018600 0.192400 0.175300 0.269900 0.132500 0.009300 0.114600 0.146100 0.166300 0.170300 0.018800 0.146800 0.121200 0.123600 0.156900 0.124400 0.145500 0.148300 0.113300 0.176600 0.113400 0.000000 0.151300 0.140500 0.018600 0.123400 0.102500 0.175800 0.133900 0.166600 0.160100 0.114300 0.149100 0.112000 0.103800 0.149500 0.009100 0.121600 0.094400 0.151700 0.139300 0.113100 0.179700 0.151500 0.171600 0.101800 0.143300 0.133100 0.113600 0.150800 0.166500 0.177800
Daviddeer 0.171100 0.188800 0.141300 0.230800 0.194700 0.161200 0.187400 0.188800 0.131600 0.055200 0.173300 0.103400 0.182400 0.186000 0.177200 0.165800 0.102300 0.084500 0.197000 0.121000 0.154400 0.151300 0.000000 0.046900 0.149600 0.185800 0.162900 0.140900 0.175600 0.111700 0.046000 0.154900 0.105000 0.172800 0.165500 0.125600 0.161200 0.182500 0.134400 0.037200 0.036800 0.174600 0.064200 0.037400 0.125800 0.161700 0.185100 0.153200 0.175300 0.106200 0.131800 0.122000
Reindeer 0.160200 0.177300 0.131300 0.219500 0.184200 0.150300 0.176600 0.177900 0.121700 0.084400 0.162200 0.093700 0.171800 0.175100 0.166400 0.155200 0.092700 0.074800 0.186000 0.131400 0.143900 0.140500 0.046900 0.000000 0.160800 0.174800 0.152400 0.130900 0.164800 0.121900 0.075200 0.144400 0.094900 0.162200 0.155000 0.115400 0.150300 0.172200 0.124000 0.047100 0.065500 0.163900 0.093500 0.028100 0.115600 0.151300 0.174400 0.142800 0.164600 0.096200 0.121800 0.112100
Ibex 0.018400 0.214300 0.173400 0.292700 0.131200 0.009200 0.113400 0.144600 0.164600 0.157900 0.018600 0.145200 0.120000 0.122400 0.155100 0.123100 0.165300 0.168500 0.112100 0.153300 0.111700 0.018600 0.149600 0.160800 0.000000 0.122200 0.101500 0.173900 0.132500 0.143600 0.147800 0.113100 0.169300 0.110800 0.102700 0.147900 0.009200 0.120400 0.093500 0.172300 0.137700 0.112000 0.167200 0.172100 0.169700 0.100700 0.141900 0.131800 0.112500 0.171300 0.164800 0.176000
GyrantGaze 0.121800 0.276100 0.098900 0.258100 0.097600 0.112500 0.108800 0.109400 0.117400 0.194000 0.123200 0.128800 0.087600 0.079900 0.099700 0.034700 0.127600 0.150600 0.079500 0.127100 0.043300 0.123400 0.185800 0.174800 0.122200 0.000000 0.070000 0.126400 0.043400 0.117800 0.183900 0.080300 0.172400 0.078900 0.070700 0.131000 0.112500 0.087800 0.062000 0.186300 0.173700 0.008500 0.203100 0.185900 0.151600 0.069500 0.107600 0.079300 0.080000 0.163600 0.117700 0.127900
Hartebeest 0.101200 0.249300 0.088900 0.256300 0.060500 0.092100 0.070600 0.052700 0.088200 0.171200 0.102300 0.089200 0.016700 0.052100 0.080400 0.070500 0.126900 0.109400 0.043100 0.097600 0.043200 0.102500 0.162900 0.152400 0.101500 0.070000 0.000000 0.097100 0.079200 0.107500 0.161300 0.043400 0.110100 0.008300 0.034400 0.090700 0.092100 0.051300 0.025900 0.163400 0.151400 0.060900 0.180200 0.163000 0.110200 0.051100 0.069800 0.060800 0.043300 0.111000 0.107500 0.117400
Bongo 0.173300 0.257900 0.033800 0.264900 0.145700 0.163800 0.137700 0.118900 0.008400 0.169200 0.175400 0.089000 0.115300 0.136800 0.138600 0.127900 0.116500 0.089800 0.117500 0.016800 0.098600 0.175800 0.140900 0.130900 0.173900 0.126400 0.097100 0.000000 0.137100 0.025400 0.159400 0.127700 0.109400 0.106200 0.118200 0.090400 0.163800 0.134700 0.089300 0.141300 0.139600 0.116600 0.178200 0.141800 0.090500 0.134800 0.136400 0.116900 0.127100 0.081400 0.025300 0.051400
Gerenuk 0.132100 0.264200 0.108800 0.257800 0.107100 0.122700 0.118700 0.099900 0.128100 0.183400 0.133600 0.119500 0.096900 0.089400 0.090400 0.008500 0.118100 0.141000 0.088900 0.137800 0.034500 0.133900 0.175600 0.164800 0.132500 0.043400 0.079200 0.137100 0.000000 0.128400 0.173400 0.089800 0.141400 0.088100 0.080000 0.121100 0.122700 0.097100 0.053000 0.176000 0.163700 0.034500 0.192500 0.175900 0.121300 0.078700 0.079400 0.070300 0.089400 0.153600 0.128300 0.138700
CommonElan 0.164300 0.248500 0.025500 0.255500 0.137000 0.154700 0.149200 0.130000 0.016900 0.139100 0.166300 0.080300 0.125900 0.128100 0.129800 0.119200 0.107800 0.081100 0.128400 0.008300 0.090000 0.166600 0.111700 0.121900 0.143600 0.117800 0.107500 0.025400 0.128400 0.000000 0.129500 0.119000 0.120100 0.116800 0.109500 0.081600 0.154800 0.126200 0.080700 0.132300 0.110600 0.108000 0.147900 0.132700 0.081700 0.126100 0.127800 0.108300 0.118500 0.091600 0.016700 0.042500
MuntiacusR 0.169200 0.221700 0.159900 0.228400 0.192900 0.159300 0.185500 0.208700 0.150300 0.026600 0.171200 0.122100 0.180800 0.184200 0.197000 0.185500 0.091300 0.112900 0.195000 0.138900 0.173700 0.160100 0.046000 0.075200 0.147800 0.183900 0.161300 0.159400 0.173400 0.129500 0.000000 0.153300 0.133900 0.171100 0.163800 0.124100 0.159300 0.180800 0.153600 0.075000 0.064600 0.172900 0.035300 0.065500 0.145000 0.160100 0.204700 0.172500 0.173700 0.135500 0.149700 0.140000
HarveysDui 0.112700 0.266100 0.099800 0.248400 0.070500 0.103400 0.062300 0.071800 0.118700 0.163200 0.114000 0.080900 0.060900 0.043800 0.091000 0.080900 0.118900 0.101200 0.071000 0.128400 0.052800 0.114300 0.154900 0.144400 0.113100 0.080300 0.043400 0.127700 0.089800 0.119000 0.153300 0.000000 0.122100 0.052200 0.043800 0.102000 0.103400 0.061000 0.035200 0.155200 0.143400 0.070900 0.172300 0.155000 0.122100 0.060900 0.080000 0.052600 0.052900 0.143600 0.118900 0.109400
Pronghorn 0.168700 0.196900 0.129300 0.215700 0.160500 0.158900 0.174500 0.122500 0.100400 0.143700 0.170700 0.073100 0.128900 0.152000 0.164300 0.132000 0.110700 0.073700 0.141700 0.109800 0.121700 0.149100 0.105000 0.094900 0.169300 0.172400 0.110100 0.109400 0.141400 0.120100 0.133900 0.122100 0.000000 0.119600 0.132500 0.093600 0.158900 0.149200 0.102200 0.105300 0.104000 0.161600 0.152700 0.105400 0.093700 0.149200 0.130400 0.120600 0.141700 0.075000 0.120000 0.110500
BlueWildeb 0.110500 0.260200 0.097900 0.243300 0.069200 0.101300 0.079500 0.061500 0.097300 0.181000 0.111700 0.098400 0.025100 0.060900 0.089300 0.079400 0.136300 0.118900 0.051800 0.106700 0.051800 0.112000 0.172800 0.162200 0.110800 0.078900 0.008300 0.106200 0.088100 0.116800 0.171100 0.052200 0.119600 0.000000 0.043000 0.100000 0.101300 0.059900 0.034500 0.173200 0.161200 0.069600 0.190000 0.173000 0.119700 0.059700 0.078600 0.069500 0.052000 0.120400 0.116700 0.126700
Gemsbok 0.102400 0.254100 0.097600 0.269200 0.061000 0.093100 0.071300 0.071600 0.109300 0.173700 0.103600 0.091200 0.051700 0.052600 0.081100 0.071200 0.129300 0.111700 0.061600 0.118700 0.043600 0.103800 0.165500 0.155000 0.102700 0.070700 0.034400 0.118200 0.080000 0.109500 0.163800 0.043800 0.132500 0.043000 0.000000 0.092500 0.093200 0.051800 0.026100 0.166100 0.153600 0.061400 0.182800 0.165900 0.112300 0.051700 0.070400 0.061400 0.043700 0.133800 0.109400 0.119400
Yak 0.147400 0.233800 0.090600 0.228100 0.120100 0.137700 0.132400 0.133200 0.081500 0.133900 0.149100 0.073100 0.109200 0.111200 0.143600 0.111800 0.091500 0.073800 0.121700 0.090700 0.102100 0.149500 0.125600 0.115400 0.147900 0.131000 0.090700 0.090400 0.121100 0.081600 0.124100 0.102000 0.093600 0.100000 0.092500 0.000000 0.137600 0.100000 0.082600 0.126000 0.124400 0.120700 0.143000 0.126300 0.017700 0.109500 0.090800 0.120700 0.101500 0.094900 0.081500 0.091200
BlueSheep 0.009200 0.203000 0.163300 0.280700 0.121500 0.000000 0.103700 0.134600 0.154400 0.169500 0.009300 0.135200 0.110500 0.112700 0.145200 0.113400 0.155100 0.158100 0.102500 0.164600 0.102600 0.009100 0.161200 0.150300 0.009200 0.112500 0.092100 0.163800 0.122700 0.154800 0.159300 0.103400 0.158900 0.101300 0.093200 0.137600 0.000000 0.110900 0.083900 0.161700 0.149100 0.102400 0.178900 0.161500 0.159300 0.091400 0.132100 0.122000 0.102800 0.160700 0.154600 0.165700
BohorReedb 0.120000 0.270100 0.107100 0.276500 0.042300 0.110900 0.088600 0.089000 0.125900 0.190900 0.121400 0.107700 0.068500 0.069700 0.089300 0.088400 0.145700 0.128400 0.078600 0.135400 0.060600 0.121600 0.182500 0.172200 0.120400 0.087800 0.051300 0.134700 0.097100 0.126200 0.180800 0.061000 0.149200 0.059900 0.051800 0.100000 0.110900 0.000000 0.043300 0.182900 0.171100 0.078500 0.200000 0.183100 0.119700 0.068600 0.087600 0.078400 0.060700 0.150500 0.126100 0.136200
KirksDik 0.093200 0.229900 0.062500 0.236300 0.052500 0.084000 0.062600 0.044500 0.080300 0.163700 0.094300 0.062200 0.043100 0.043900 0.053800 0.044200 0.119300 0.082000 0.052800 0.089800 0.017300 0.094400 0.134400 0.124000 0.093500 0.062000 0.025900 0.089300 0.053000 0.080700 0.153600 0.035200 0.102200 0.034500 0.026100 0.082600 0.083900 0.043300 0.000000 0.134600 0.123300 0.052800 0.172800 0.134400 0.082600 0.043200 0.043800 0.034800 0.035000 0.102800 0.080600 0.090300
RoeDeer 0.171600 0.212600 0.141800 0.229400 0.195200 0.161700 0.187900 0.189300 0.132000 0.084400 0.173800 0.103800 0.182900 0.186600 0.177700 0.166200 0.102700 0.084800 0.197500 0.141800 0.154800 0.151700 0.037200 0.047100 0.172300 0.186300 0.163400 0.141300 0.176000 0.132300 0.075000 0.155200 0.105300 0.173200 0.166100 0.126000 0.161700 0.182900 0.134600 0.000000 0.065600 0.175100 0.093500 0.047100 0.126200 0.162100 0.185700 0.153600 0.175700 0.106600 0.132200 0.122400
WhiteLippe 0.158900 0.234000 0.140000 0.229000 0.182900 0.149100 0.175300 0.176500 0.129800 0.054400 0.160900 0.102500 0.170600 0.174000 0.187400 0.154000 0.101500 0.083700 0.184700 0.119900 0.142900 0.139300 0.036800 0.065500 0.137700 0.173700 0.151400 0.139600 0.163700 0.110600 0.064600 0.143400 0.104000 0.161200 0.153600 0.124400 0.149100 0.171100 0.123300 0.065600 0.000000 0.162800 0.063200 0.055800 0.124700 0.150300 0.173100 0.141900 0.163700 0.105200 0.130600 0.120900
ThomsonGaz 0.111600 0.263200 0.089200 0.245600 0.088100 0.102400 0.099100 0.099600 0.107700 0.182800 0.112900 0.118800 0.078300 0.070500 0.090000 0.025900 0.117600 0.140100 0.070200 0.117300 0.034400 0.113100 0.174600 0.163900 0.112000 0.008500 0.060900 0.116600 0.034500 0.108000 0.172900 0.070900 0.161600 0.069600 0.061400 0.120700 0.102400 0.078500 0.052800 0.175100 0.162800 0.000000 0.191900 0.174800 0.141000 0.060400 0.097900 0.070000 0.070600 0.152900 0.107900 0.117900
MuntiacusC 0.188700 0.242200 0.178800 0.249000 0.190500 0.178900 0.204800 0.228700 0.169000 0.008500 0.191000 0.140600 0.199600 0.203400 0.216700 0.204800 0.109400 0.111400 0.214300 0.157300 0.192800 0.179700 0.064200 0.093500 0.167200 0.203100 0.180200 0.178200 0.192500 0.147900 0.035300 0.172300 0.152700 0.190000 0.182800 0.143000 0.178900 0.200000 0.172800 0.093500 0.063200 0.191900 0.000000 0.083700 0.164200 0.179000 0.224300 0.191700 0.192700 0.154500 0.168400 0.158500
WhiteTaile 0.171400 0.213100 0.142200 0.231700 0.195500 0.161500 0.187800 0.189300 0.132400 0.074700 0.173600 0.104000 0.182700 0.186200 0.177400 0.166100 0.103000 0.085000 0.197300 0.142200 0.154600 0.151500 0.037400 0.028100 0.172100 0.185900 0.163000 0.141800 0.175900 0.132700 0.065500 0.155000 0.105400 0.173000 0.165900 0.126300 0.161500 0.183100 0.134400 0.047100 0.055800 0.174800 0.083700 0.000000 0.126500 0.161900 0.185500 0.153400 0.175500 0.106800 0.132600 0.122700
Cattle 0.169100 0.245800 0.090800 0.239700 0.140300 0.159300 0.153300 0.133300 0.081600 0.155000 0.171200 0.073300 0.129000 0.131400 0.143800 0.111900 0.111100 0.074000 0.142100 0.090900 0.102300 0.171600 0.125800 0.115600 0.169700 0.151600 0.110200 0.090500 0.121300 0.081700 0.145000 0.122100 0.093700 0.119700 0.112300 0.017700 0.159300 0.119700 0.082600 0.126200 0.124700 0.141000 0.164200 0.126500 0.000000 0.129300 0.090900 0.120900 0.121600 0.095000 0.081700 0.091400
RoyalAntel 0.100400 0.247200 0.107000 0.254000 0.078000 0.091400 0.088400 0.088900 0.125700 0.170000 0.101600 0.107600 0.068200 0.069600 0.098400 0.070000 0.125900 0.128200 0.078500 0.135300 0.060500 0.101800 0.161700 0.151300 0.100700 0.069500 0.051100 0.134800 0.078700 0.126100 0.160100 0.060900 0.149200 0.059700 0.051700 0.109500 0.091400 0.068600 0.043200 0.162100 0.150300 0.060400 0.179000 0.161900 0.129300 0.000000 0.087500 0.078400 0.060700 0.150300 0.126000 0.136100
Steenbok 0.141400 0.286500 0.108400 0.293300 0.097400 0.132100 0.108500 0.090000 0.127400 0.215100 0.143100 0.109000 0.087300 0.088900 0.099700 0.070600 0.167800 0.129900 0.098000 0.137100 0.061300 0.143300 0.185100 0.174400 0.141900 0.107600 0.069800 0.136400 0.079400 0.127800 0.204700 0.080000 0.130400 0.078600 0.070400 0.090800 0.132100 0.087600 0.043800 0.185700 0.173100 0.097900 0.224300 0.185500 0.090900 0.087500 0.000000 0.079300 0.070500 0.152200 0.127700 0.137900
Impala 0.131300 0.274300 0.089500 0.209600 0.088200 0.122100 0.099000 0.080600 0.108000 0.182600 0.132900 0.080200 0.078200 0.079600 0.071400 0.061500 0.117500 0.100300 0.070100 0.117500 0.034500 0.133100 0.153200 0.142800 0.131800 0.079300 0.060800 0.116900 0.070300 0.108300 0.172500 0.052600 0.120600 0.069500 0.061400 0.120700 0.122000 0.078400 0.034800 0.153600 0.141900 0.070000 0.191700 0.153400 0.120900 0.078400 0.079300 0.000000 0.070500 0.131900 0.108200 0.098800
Klipspring 0.092600 0.239600 0.099200 0.246700 0.070100 0.102900 0.080600 0.081000 0.118300 0.183700 0.113400 0.099900 0.042900 0.061700 0.090600 0.080500 0.138300 0.120600 0.070700 0.127800 0.052600 0.113600 0.175300 0.164600 0.112500 0.080000 0.043300 0.127100 0.089400 0.118500 0.173700 0.052900 0.141700 0.052000 0.043700 0.101500 0.102800 0.060700 0.035000 0.175700 0.163700 0.070600 0.192700 0.175500 0.121600 0.060700 0.070500 0.070500 0.000000 0.143000 0.118400 0.128600
ForestMusk 0.170600 0.200000 0.100800 0.218200 0.161900 0.160700 0.175900 0.134100 0.072500 0.145400 0.172700 0.093400 0.129900 0.153300 0.144200 0.143900 0.102200 0.074600 0.132900 0.081700 0.112900 0.150800 0.106200 0.096200 0.171300 0.163600 0.111000 0.081400 0.153600 0.091600 0.135500 0.143600 0.075000 0.120400 0.133800 0.094900 0.160700 0.150500 0.102800 0.106600 0.105200 0.152900 0.154500 0.106800 0.095000 0.150300 0.152200 0.131900 0.143000 0.000000 0.091600 0.101500
Bushbuck 0.164100 0.225000 0.025400 0.255300 0.136900 0.154600 0.128900 0.129900 0.016900 0.159500 0.166100 0.080300 0.125800 0.128000 0.129700 0.119100 0.107800 0.062400 0.128300 0.025300 0.089900 0.166500 0.131800 0.121800 0.164800 0.117700 0.107500 0.025300 0.128300 0.016700 0.149700 0.118900 0.120000 0.116700 0.109400 0.081500 0.154600 0.126100 0.080600 0.132200 0.130600 0.107900 0.168400 0.132600 0.081700 0.126000 0.127700 0.108200 0.118400 0.091600 0.000000 0.042800
GreaterKud 0.175300 0.261100 0.051600 0.232900 0.147100 0.165700 0.159800 0.140300 0.042900 0.149600 0.177400 0.071200 0.136000 0.138400 0.140100 0.129400 0.098500 0.071800 0.138600 0.050300 0.099600 0.177800 0.122000 0.112100 0.176000 0.127900 0.117400 0.051400 0.138700 0.042500 0.140000 0.109400 0.110500 0.126700 0.119400 0.091200 0.165700 0.136200 0.090300 0.122400 0.120900 0.117900 0.158500 0.122700 0.091400 0.136100 0.137900 0.098800 0.128600 0.101500 0.042800 0.000000
