CODONML (in paml version 4.10.7, June 2023)  /home/rachel/ruminants_paml/6406-phy-tree/ENSBTAT00000020215.fasta.phy
Model: free dN/dS Ratios for branches,  kappa = 2.000 fixed

Codon frequency model: F3x4
ns =  54  ls =  47

Codon usage in sequences
--------------------------------------------------------------------------------------------------------------------------------------
Phe TTT   2   2   2   2   2   2 | Ser TCT   1   1   1   1   0   1 | Tyr TAT   1   1   1   1   1   1 | Cys TGT   1   1   1   1   1   2
    TTC   0   0   0   0   0   0 |     TCC   0   0   0   0   1   0 |     TAC   0   0   0   0   0   0 |     TGC   0   0   0   0   0   0
Leu TTA   0   0   0   0   0   0 |     TCA   1   1   1   1   1   1 | *** TAA   0   0   0   0   0   0 | *** TGA   0   0   0   0   0   0
    TTG   1   1   1   1   1   1 |     TCG   0   0   0   0   0   0 |     TAG   0   0   0   0   0   0 | Trp TGG   0   0   0   0   0   1
--------------------------------------------------------------------------------------------------------------------------------------
Leu CTT   0   0   0   0   0   0 | Pro CCT   0   0   0   0   0   0 | His CAT   1   0   1   1   2   1 | Arg CGT   0   0   0   0   0   0
    CTC   0   0   0   0   0   0 |     CCC   0   0   0   0   0   0 |     CAC   2   3   2   2   2   2 |     CGC   0   0   0   0   0   0
    CTA   1   1   1   1   1   1 |     CCA   0   0   0   0   0   0 | Gln CAA   0   1   0   0   0   1 |     CGA   0   0   0   0   0   0
    CTG   0   0   0   0   0   0 |     CCG   0   0   0   0   0   0 |     CAG   3   3   3   3   3   3 |     CGG   1   1   1   1   1   0
--------------------------------------------------------------------------------------------------------------------------------------
Ile ATT   2   2   2   2   1   1 | Thr ACT   1   1   1   1   1   1 | Asn AAT   1   1   1   1   1   1 | Ser AGT   0   0   0   0   0   0
    ATC   1   1   1   1   1   1 |     ACC   1   1   1   1   1   1 |     AAC   0   0   0   0   0   0 |     AGC   0   0   0   0   0   0
    ATA   1   1   1   1   2   1 |     ACA   0   0   0   0   0   2 | Lys AAA   4   2   3   4   2   3 | Arg AGA   1   1   1   1   1   1
Met ATG   3   3   3   3   3   3 |     ACG   0   0   0   0   0   0 |     AAG   1   2   2   1   2   3 |     AGG   0   0   0   0   0   1
--------------------------------------------------------------------------------------------------------------------------------------
Val GTT   0   0   1   1   0   0 | Ala GCT   0   0   0   0   0   0 | Asp GAT   0   0   0   0   0   0 | Gly GGT   1   2   1   1   0   0
    GTC   2   3   2   2   2   3 |     GCC   0   1   0   0   0   0 |     GAC   0   0   0   0   0   1 |     GGC   1   0   1   1   2   0
    GTA   0   0   0   0   1   1 |     GCA   2   1   2   2   2   0 | Glu GAA   5   6   6   6   5   4 |     GGA   1   1   1   1   1   1
    GTG   1   0   0   0   0   0 |     GCG   0   0   0   0   0   0 |     GAG   2   1   1   1   2   1 |     GGG   1   1   1   1   1   0
--------------------------------------------------------------------------------------------------------------------------------------

--------------------------------------------------------------------------------------------------------------------------------------
Phe TTT   2   2   2   2   2   2 | Ser TCT   1   1   1   1   1   1 | Tyr TAT   1   1   1   1   1   1 | Cys TGT   1   1   1   1   1   1
    TTC   0   0   0   0   0   0 |     TCC   0   0   0   0   0   0 |     TAC   0   0   0   0   0   0 |     TGC   0   0   0   0   0   0
Leu TTA   0   0   0   0   0   0 |     TCA   1   1   1   1   1   1 | *** TAA   0   0   0   0   0   0 | *** TGA   0   0   0   0   0   0
    TTG   0   1   1   1   1   1 |     TCG   0   0   0   0   0   0 |     TAG   0   0   0   0   0   0 | Trp TGG   0   0   0   0   0   0
--------------------------------------------------------------------------------------------------------------------------------------
Leu CTT   0   0   0   0   0   0 | Pro CCT   0   0   0   0   0   0 | His CAT   1   1   1   1   1   1 | Arg CGT   0   0   0   0   0   0
    CTC   0   0   0   0   0   0 |     CCC   0   0   0   0   0   0 |     CAC   2   2   2   2   2   2 |     CGC   0   0   0   0   0   0
    CTA   1   1   1   1   1   1 |     CCA   0   0   0   0   0   0 | Gln CAA   0   0   0   0   0   0 |     CGA   0   0   0   0   0   0
    CTG   1   0   0   0   0   0 |     CCG   0   0   0   0   0   0 |     CAG   3   3   3   3   3   3 |     CGG   1   1   1   1   1   1
--------------------------------------------------------------------------------------------------------------------------------------
Ile ATT   2   2   2   2   2   2 | Thr ACT   1   1   1   1   1   1 | Asn AAT   1   1   1   1   1   1 | Ser AGT   0   0   0   0   0   0
    ATC   1   1   1   1   1   1 |     ACC   1   1   1   1   1   1 |     AAC   0   0   0   0   0   0 |     AGC   0   0   0   0   0   0
    ATA   1   1   1   1   1   1 |     ACA   0   0   0   0   0   0 | Lys AAA   4   4   4   4   3   4 | Arg AGA   1   1   1   1   1   1
Met ATG   3   3   3   3   3   3 |     ACG   0   0   0   0   0   0 |     AAG   1   1   1   1   2   1 |     AGG   0   0   0   0   0   0
--------------------------------------------------------------------------------------------------------------------------------------
Val GTT   0   0   1   1   1   1 | Ala GCT   0   0   0   0   0   0 | Asp GAT   0   0   0   0   0   0 | Gly GGT   1   1   1   1   1   1
    GTC   2   2   2   2   2   2 |     GCC   0   0   0   0   0   0 |     GAC   0   0   0   0   0   0 |     GGC   1   1   1   1   1   1
    GTA   0   0   0   0   0   0 |     GCA   2   2   2   2   2   2 | Glu GAA   6   6   6   6   6   6 |     GGA   1   1   1   1   1   1
    GTG   1   1   0   0   0   0 |     GCG   0   0   0   0   0   0 |     GAG   1   1   1   1   1   1 |     GGG   1   1   1   1   1   1
--------------------------------------------------------------------------------------------------------------------------------------

--------------------------------------------------------------------------------------------------------------------------------------
Phe TTT   2   2   3   2   2   2 | Ser TCT   1   1   0   1   1   1 | Tyr TAT   1   1   1   1   1   1 | Cys TGT   1   1   1   1   1   1
    TTC   0   0   0   0   0   0 |     TCC   0   0   0   0   0   0 |     TAC   0   0   0   0   0   0 |     TGC   0   0   0   0   0   0
Leu TTA   0   0   0   0   0   0 |     TCA   1   1   1   1   1   0 | *** TAA   0   0   0   0   0   0 | *** TGA   0   0   0   0   0   0
    TTG   1   1   1   1   1   1 |     TCG   0   0   0   0   0   1 |     TAG   0   0   0   0   0   0 | Trp TGG   0   0   1   0   0   0
--------------------------------------------------------------------------------------------------------------------------------------
Leu CTT   0   0   0   0   0   0 | Pro CCT   0   0   0   0   0   0 | His CAT   1   1   1   1   1   1 | Arg CGT   0   0   0   0   0   0
    CTC   0   0   1   0   0   0 |     CCC   0   0   0   0   0   0 |     CAC   2   2   2   2   2   2 |     CGC   0   0   0   0   0   0
    CTA   1   1   1   1   1   1 |     CCA   0   0   0   0   0   0 | Gln CAA   0   0   0   0   0   0 |     CGA   0   0   0   0   0   0
    CTG   0   0   0   0   0   0 |     CCG   0   0   0   0   0   0 |     CAG   3   3   3   3   3   3 |     CGG   1   1   0   1   1   1
--------------------------------------------------------------------------------------------------------------------------------------
Ile ATT   2   2   2   2   1   2 | Thr ACT   1   1   1   0   1   1 | Asn AAT   1   1   1   1   1   1 | Ser AGT   0   0   0   0   0   0
    ATC   1   1   1   1   2   1 |     ACC   1   1   1   2   1   1 |     AAC   0   0   0   0   0   0 |     AGC   0   0   0   0   0   0
    ATA   1   1   1   1   1   1 |     ACA   0   0   0   0   0   0 | Lys AAA   4   3   4   4   4   4 | Arg AGA   1   1   1   1   1   1
Met ATG   3   3   2   3   3   3 |     ACG   0   0   1   0   0   0 |     AAG   1   2   1   1   1   1 |     AGG   0   0   0   0   0   0
--------------------------------------------------------------------------------------------------------------------------------------
Val GTT   0   1   1   1   1   1 | Ala GCT   0   0   0   0   0   0 | Asp GAT   0   0   0   0   0   0 | Gly GGT   1   1   1   1   1   1
    GTC   2   2   1   2   2   2 |     GCC   0   1   0   0   0   0 |     GAC   0   0   0   0   0   0 |     GGC   1   1   1   1   1   1
    GTA   1   0   1   0   0   0 |     GCA   2   1   1   2   2   2 | Glu GAA   6   6   6   6   6   5 |     GGA   1   1   1   1   1   1
    GTG   0   0   0   0   0   0 |     GCG   0   0   0   0   0   0 |     GAG   1   1   1   1   1   2 |     GGG   1   1   1   1   1   1
--------------------------------------------------------------------------------------------------------------------------------------

--------------------------------------------------------------------------------------------------------------------------------------
Phe TTT   2   2   2   2   2   2 | Ser TCT   1   1   1   1   1   1 | Tyr TAT   1   1   1   1   1   1 | Cys TGT   1   1   1   1   1   1
    TTC   0   0   0   0   0   0 |     TCC   0   0   0   0   0   0 |     TAC   0   0   0   0   0   0 |     TGC   0   0   0   0   0   0
Leu TTA   0   0   0   0   0   0 |     TCA   1   1   1   1   1   1 | *** TAA   0   0   0   0   0   0 | *** TGA   0   0   0   0   0   0
    TTG   1   1   1   1   1   1 |     TCG   0   0   0   0   0   0 |     TAG   0   0   0   0   0   0 | Trp TGG   0   0   0   0   0   0
--------------------------------------------------------------------------------------------------------------------------------------
Leu CTT   0   0   0   0   0   0 | Pro CCT   0   0   0   0   0   0 | His CAT   1   1   1   1   1   1 | Arg CGT   0   0   0   0   0   0
    CTC   0   0   0   0   0   0 |     CCC   0   0   0   0   0   0 |     CAC   2   2   2   2   2   2 |     CGC   0   0   0   0   0   0
    CTA   0   0   1   1   1   1 |     CCA   0   0   0   0   0   0 | Gln CAA   0   0   0   0   0   0 |     CGA   0   0   0   0   0   0
    CTG   1   1   0   0   0   0 |     CCG   0   0   0   0   0   0 |     CAG   3   3   3   3   3   3 |     CGG   1   1   1   1   1   1
--------------------------------------------------------------------------------------------------------------------------------------
Ile ATT   2   3   2   2   2   2 | Thr ACT   1   0   1   1   1   1 | Asn AAT   1   1   1   1   1   1 | Ser AGT   0   0   0   0   0   0
    ATC   1   1   1   1   1   1 |     ACC   1   1   1   1   1   1 |     AAC   0   0   0   0   0   0 |     AGC   0   0   0   0   0   0
    ATA   1   1   1   1   1   1 |     ACA   0   0   0   0   0   0 | Lys AAA   4   4   4   3   4   4 | Arg AGA   1   1   1   1   1   1
Met ATG   3   3   3   3   3   3 |     ACG   0   0   0   0   0   0 |     AAG   1   1   1   2   1   1 |     AGG   0   0   0   0   0   0
--------------------------------------------------------------------------------------------------------------------------------------
Val GTT   1   1   0   1   1   0 | Ala GCT   0   0   0   0   0   0 | Asp GAT   0   0   0   0   0   0 | Gly GGT   1   1   1   1   1   1
    GTC   2   2   2   2   2   2 |     GCC   0   0   0   0   0   0 |     GAC   0   0   0   0   0   0 |     GGC   1   1   1   1   1   1
    GTA   0   0   0   0   0   0 |     GCA   2   2   2   2   2   2 | Glu GAA   6   6   6   6   6   6 |     GGA   1   1   1   1   1   1
    GTG   0   0   1   0   0   1 |     GCG   0   0   0   0   0   0 |     GAG   1   1   1   1   1   1 |     GGG   1   1   1   1   1   1
--------------------------------------------------------------------------------------------------------------------------------------

--------------------------------------------------------------------------------------------------------------------------------------
Phe TTT   2   2   2   2   2   2 | Ser TCT   1   1   1   1   1   1 | Tyr TAT   1   1   1   1   1   1 | Cys TGT   1   1   1   1   1   1
    TTC   0   0   0   0   0   0 |     TCC   0   0   0   0   0   0 |     TAC   0   0   0   0   0   0 |     TGC   0   0   0   0   0   0
Leu TTA   0   0   0   0   0   0 |     TCA   1   1   1   1   1   1 | *** TAA   0   0   0   0   0   0 | *** TGA   0   0   0   0   0   0
    TTG   1   1   1   1   1   1 |     TCG   0   0   0   0   0   0 |     TAG   0   0   0   0   0   0 | Trp TGG   0   0   0   0   0   0
--------------------------------------------------------------------------------------------------------------------------------------
Leu CTT   0   0   0   0   0   0 | Pro CCT   0   0   0   0   0   0 | His CAT   1   1   1   1   1   1 | Arg CGT   0   0   0   0   0   0
    CTC   0   0   0   0   0   0 |     CCC   0   0   0   0   0   0 |     CAC   2   2   2   2   2   2 |     CGC   0   0   0   0   0   0
    CTA   1   1   1   1   1   1 |     CCA   0   0   0   0   0   0 | Gln CAA   0   0   0   0   0   0 |     CGA   0   0   0   0   0   0
    CTG   0   0   0   0   0   0 |     CCG   0   0   0   0   0   0 |     CAG   3   3   3   3   3   3 |     CGG   1   1   1   1   0   1
--------------------------------------------------------------------------------------------------------------------------------------
Ile ATT   2   2   3   2   2   2 | Thr ACT   1   1   1   1   0   1 | Asn AAT   1   1   1   1   1   1 | Ser AGT   0   0   0   0   0   0
    ATC   1   1   0   1   1   1 |     ACC   1   1   1   1   1   1 |     AAC   0   0   0   0   0   0 |     AGC   0   0   0   0   0   0
    ATA   1   1   1   1   1   1 |     ACA   0   0   0   0   0   0 | Lys AAA   3   4   4   4   4   3 | Arg AGA   2   1   1   1   1   1
Met ATG   3   3   3   3   3   3 |     ACG   0   0   0   0   1   0 |     AAG   1   1   1   1   1   2 |     AGG   0   0   0   0   1   0
--------------------------------------------------------------------------------------------------------------------------------------
Val GTT   1   1   0   1   1   1 | Ala GCT   0   0   0   0   0   0 | Asp GAT   0   0   0   0   0   0 | Gly GGT   1   1   1   1   1   1
    GTC   2   2   2   2   2   2 |     GCC   0   0   0   0   0   0 |     GAC   0   0   0   0   0   0 |     GGC   1   1   1   1   1   1
    GTA   0   0   0   0   0   0 |     GCA   2   2   2   2   2   2 | Glu GAA   6   6   6   6   6   6 |     GGA   1   1   1   1   1   1
    GTG   0   0   1   0   0   0 |     GCG   0   0   0   0   0   0 |     GAG   1   1   1   1   1   1 |     GGG   1   1   1   1   1   1
--------------------------------------------------------------------------------------------------------------------------------------

--------------------------------------------------------------------------------------------------------------------------------------
Phe TTT   2   2   2   2   2   2 | Ser TCT   1   1   1   1   1   1 | Tyr TAT   1   1   1   1   1   1 | Cys TGT   1   1   1   1   1   1
    TTC   0   0   0   0   0   0 |     TCC   0   0   0   0   0   0 |     TAC   0   0   0   0   0   0 |     TGC   0   0   0   0   0   0
Leu TTA   0   0   0   0   0   0 |     TCA   1   1   1   1   1   1 | *** TAA   0   0   0   0   0   0 | *** TGA   0   0   0   0   0   0
    TTG   1   1   1   1   1   1 |     TCG   0   0   0   0   0   0 |     TAG   0   0   0   0   0   0 | Trp TGG   0   0   0   0   0   0
--------------------------------------------------------------------------------------------------------------------------------------
Leu CTT   0   0   0   0   0   0 | Pro CCT   0   0   0   0   0   0 | His CAT   1   1   1   1   1   1 | Arg CGT   0   0   0   0   0   0
    CTC   0   0   0   0   0   0 |     CCC   0   0   0   0   0   0 |     CAC   2   2   2   2   2   2 |     CGC   0   0   0   0   0   0
    CTA   1   1   1   1   1   1 |     CCA   0   0   0   0   0   0 | Gln CAA   0   0   0   0   0   0 |     CGA   0   0   0   0   0   0
    CTG   0   0   0   0   0   0 |     CCG   0   0   0   0   0   0 |     CAG   3   3   3   3   3   3 |     CGG   1   1   1   1   1   0
--------------------------------------------------------------------------------------------------------------------------------------
Ile ATT   2   2   2   2   2   2 | Thr ACT   1   1   1   1   1   0 | Asn AAT   1   1   1   1   1   1 | Ser AGT   0   0   0   0   0   0
    ATC   1   1   1   1   1   1 |     ACC   1   1   1   1   1   1 |     AAC   0   0   0   0   0   0 |     AGC   0   0   0   0   0   0
    ATA   1   1   1   1   1   1 |     ACA   0   0   0   0   0   0 | Lys AAA   4   3   4   4   4   4 | Arg AGA   1   1   1   1   1   1
Met ATG   3   3   3   3   3   4 |     ACG   0   0   0   0   0   0 |     AAG   1   2   1   1   1   1 |     AGG   0   0   0   0   0   1
--------------------------------------------------------------------------------------------------------------------------------------
Val GTT   1   1   1   1   1   1 | Ala GCT   0   0   0   0   0   0 | Asp GAT   0   0   0   0   0   0 | Gly GGT   1   1   1   1   1   1
    GTC   2   2   2   2   2   2 |     GCC   0   0   0   0   0   0 |     GAC   0   0   0   0   0   0 |     GGC   1   1   1   1   1   1
    GTA   0   0   0   0   0   0 |     GCA   2   2   2   2   2   2 | Glu GAA   5   6   6   6   6   6 |     GGA   1   1   1   1   1   1
    GTG   0   0   0   0   0   0 |     GCG   0   0   0   0   0   0 |     GAG   2   1   1   1   1   1 |     GGG   1   1   1   1   1   1
--------------------------------------------------------------------------------------------------------------------------------------

--------------------------------------------------------------------------------------------------------------------------------------
Phe TTT   2   2   2   2   2   2 | Ser TCT   1   1   1   1   1   1 | Tyr TAT   1   1   1   1   1   1 | Cys TGT   1   1   1   1   1   1
    TTC   0   0   0   0   0   0 |     TCC   0   0   0   0   0   0 |     TAC   0   0   0   0   0   0 |     TGC   0   0   0   0   0   0
Leu TTA   0   0   0   0   0   0 |     TCA   1   1   1   1   1   1 | *** TAA   0   0   0   0   0   0 | *** TGA   0   0   0   0   0   0
    TTG   1   1   1   0   1   1 |     TCG   0   0   0   0   0   0 |     TAG   0   0   0   0   0   0 | Trp TGG   0   0   0   0   0   0
--------------------------------------------------------------------------------------------------------------------------------------
Leu CTT   0   0   0   0   0   0 | Pro CCT   0   0   0   0   0   0 | His CAT   1   1   1   1   1   1 | Arg CGT   0   0   0   0   0   0
    CTC   0   0   0   0   0   0 |     CCC   0   0   0   0   0   0 |     CAC   2   2   2   2   2   2 |     CGC   0   0   0   0   0   0
    CTA   1   1   1   1   1   1 |     CCA   0   0   0   0   0   0 | Gln CAA   0   0   0   0   1   0 |     CGA   0   0   0   0   0   0
    CTG   0   0   0   1   0   0 |     CCG   0   0   0   0   0   0 |     CAG   3   3   3   3   2   3 |     CGG   1   1   1   1   1   1
--------------------------------------------------------------------------------------------------------------------------------------
Ile ATT   2   2   2   2   2   2 | Thr ACT   1   1   1   1   1   1 | Asn AAT   1   1   1   1   1   0 | Ser AGT   0   0   0   0   0   0
    ATC   1   1   1   1   1   1 |     ACC   1   1   1   1   1   1 |     AAC   0   0   0   0   0   1 |     AGC   0   0   0   0   0   0
    ATA   1   1   1   1   1   1 |     ACA   0   0   0   0   0   0 | Lys AAA   4   3   4   4   4   4 | Arg AGA   1   1   1   1   1   1
Met ATG   3   3   3   3   3   3 |     ACG   0   0   0   0   0   0 |     AAG   1   2   1   1   1   1 |     AGG   0   0   0   0   0   0
--------------------------------------------------------------------------------------------------------------------------------------
Val GTT   0   1   0   0   1   1 | Ala GCT   0   0   0   0   0   0 | Asp GAT   0   0   0   0   0   0 | Gly GGT   1   1   1   1   1   1
    GTC   2   2   2   2   2   2 |     GCC   0   0   0   0   0   0 |     GAC   0   0   0   0   0   0 |     GGC   1   1   1   1   1   1
    GTA   0   0   0   0   0   0 |     GCA   2   2   2   2   2   2 | Glu GAA   6   6   6   6   6   6 |     GGA   1   1   1   1   1   1
    GTG   1   0   1   1   0   0 |     GCG   0   0   0   0   0   0 |     GAG   1   1   1   1   1   1 |     GGG   1   1   1   1   1   1
--------------------------------------------------------------------------------------------------------------------------------------

--------------------------------------------------------------------------------------------------------------------------------------
Phe TTT   2   2   2   2   2   2 | Ser TCT   1   1   1   1   1   1 | Tyr TAT   1   1   1   1   1   1 | Cys TGT   1   1   1   1   1   1
    TTC   0   0   0   0   0   0 |     TCC   0   0   0   0   0   0 |     TAC   0   0   0   0   0   0 |     TGC   0   0   0   0   0   0
Leu TTA   0   0   0   0   0   0 |     TCA   1   1   1   1   1   1 | *** TAA   0   0   0   0   0   0 | *** TGA   0   0   0   0   0   0
    TTG   1   1   1   1   1   1 |     TCG   0   0   0   0   0   0 |     TAG   0   0   0   0   0   0 | Trp TGG   0   0   0   0   0   0
--------------------------------------------------------------------------------------------------------------------------------------
Leu CTT   0   0   0   0   0   0 | Pro CCT   0   0   0   0   0   0 | His CAT   1   1   1   1   1   1 | Arg CGT   0   0   0   0   0   0
    CTC   0   0   0   0   0   0 |     CCC   0   0   0   0   0   0 |     CAC   2   2   2   2   2   2 |     CGC   0   0   0   0   0   0
    CTA   1   1   1   1   1   1 |     CCA   0   0   0   0   0   0 | Gln CAA   0   0   0   0   0   0 |     CGA   0   0   0   0   0   0
    CTG   0   0   0   0   0   0 |     CCG   0   0   0   0   0   0 |     CAG   3   3   3   3   3   3 |     CGG   1   1   1   1   1   1
--------------------------------------------------------------------------------------------------------------------------------------
Ile ATT   2   2   2   2   3   2 | Thr ACT   1   1   1   1   1   1 | Asn AAT   1   1   1   1   1   1 | Ser AGT   0   0   0   0   0   0
    ATC   1   1   1   1   0   1 |     ACC   1   1   1   1   1   1 |     AAC   0   0   0   0   0   0 |     AGC   0   0   0   0   0   0
    ATA   1   1   1   1   1   1 |     ACA   0   0   0   0   0   0 | Lys AAA   3   4   3   4   3   4 | Arg AGA   2   1   1   1   1   1
Met ATG   3   3   3   3   3   3 |     ACG   0   0   0   0   0   0 |     AAG   1   1   2   1   2   1 |     AGG   0   0   0   0   0   0
--------------------------------------------------------------------------------------------------------------------------------------
Val GTT   1   1   1   1   1   1 | Ala GCT   0   0   0   0   0   0 | Asp GAT   0   0   0   0   0   0 | Gly GGT   1   1   1   1   1   1
    GTC   2   2   2   2   2   2 |     GCC   0   0   0   0   0   0 |     GAC   0   0   0   0   0   0 |     GGC   1   1   1   1   1   1
    GTA   0   0   0   0   0   0 |     GCA   2   2   2   2   2   2 | Glu GAA   6   5   6   6   6   6 |     GGA   1   1   1   1   1   1
    GTG   0   0   0   0   0   0 |     GCG   0   0   0   0   0   0 |     GAG   1   2   1   1   1   1 |     GGG   1   1   1   1   1   1
--------------------------------------------------------------------------------------------------------------------------------------

--------------------------------------------------------------------------------------------------------------------------------------
Phe TTT   2   2   3   2   2   2 | Ser TCT   1   1   0   1   1   1 | Tyr TAT   1   1   1   1   1   1 | Cys TGT   1   1   1   1   1   1
    TTC   0   0   0   0   0   0 |     TCC   0   0   0   0   0   0 |     TAC   0   0   0   0   0   0 |     TGC   0   0   0   0   0   0
Leu TTA   0   0   0   0   0   0 |     TCA   1   1   1   1   1   1 | *** TAA   0   0   0   0   0   0 | *** TGA   0   0   0   0   0   0
    TTG   1   1   1   1   1   1 |     TCG   0   0   0   0   0   0 |     TAG   0   0   0   0   0   0 | Trp TGG   0   0   0   0   0   0
--------------------------------------------------------------------------------------------------------------------------------------
Leu CTT   0   0   0   0   0   0 | Pro CCT   0   0   0   0   0   0 | His CAT   1   1   1   1   1   1 | Arg CGT   0   0   0   0   0   0
    CTC   0   0   0   0   0   0 |     CCC   0   0   0   0   0   0 |     CAC   2   2   2   2   2   2 |     CGC   0   0   0   0   0   0
    CTA   1   0   1   1   1   1 |     CCA   0   0   0   0   0   0 | Gln CAA   0   0   1   0   0   0 |     CGA   0   0   0   0   0   0
    CTG   0   1   0   0   0   0 |     CCG   0   0   0   0   0   0 |     CAG   3   3   2   3   3   3 |     CGG   1   1   1   1   1   1
--------------------------------------------------------------------------------------------------------------------------------------
Ile ATT   2   2   1   2   1   2 | Thr ACT   1   1   1   1   1   1 | Asn AAT   1   1   1   0   1   1 | Ser AGT   0   0   0   0   0   0
    ATC   1   1   2   1   2   1 |     ACC   1   1   0   1   1   1 |     AAC   0   0   0   1   0   0 |     AGC   0   0   0   0   0   0
    ATA   1   1   1   1   1   1 |     ACA   0   0   0   0   0   0 | Lys AAA   4   4   4   4   3   3 | Arg AGA   1   1   1   1   1   1
Met ATG   3   3   4   3   3   3 |     ACG   0   0   0   0   0   0 |     AAG   1   1   1   1   2   2 |     AGG   0   0   0   0   0   0
--------------------------------------------------------------------------------------------------------------------------------------
Val GTT   1   1   0   1   1   1 | Ala GCT   0   0   1   0   0   0 | Asp GAT   0   0   0   0   0   0 | Gly GGT   1   1   1   1   1   1
    GTC   2   2   2   2   2   2 |     GCC   1   0   0   0   0   0 |     GAC   0   0   1   0   0   0 |     GGC   1   1   1   1   1   1
    GTA   0   0   0   0   0   0 |     GCA   1   2   2   2   2   2 | Glu GAA   6   6   4   6   6   6 |     GGA   1   1   1   1   1   1
    GTG   0   0   0   0   0   0 |     GCG   0   0   0   0   0   0 |     GAG   1   1   2   1   1   1 |     GGG   1   1   1   1   1   1
--------------------------------------------------------------------------------------------------------------------------------------

Codon position x base (3x4) table for each sequence.

#1: Argali         
position  1:    T:0.14894    C:0.17021    A:0.34043    G:0.34043
position  2:    T:0.29787    C:0.12766    A:0.42553    G:0.14894
position  3:    T:0.23404    C:0.14894    A:0.34043    G:0.27660
Average         T:0.22695    C:0.14894    A:0.36879    G:0.25532

#2: LesserMouseDeer
position  1:    T:0.14894    C:0.19149    A:0.31915    G:0.34043
position  2:    T:0.29787    C:0.12766    A:0.42553    G:0.14894
position  3:    T:0.23404    C:0.19149    A:0.31915    G:0.25532
Average         T:0.22695    C:0.17021    A:0.35461    G:0.24823

#3: LesserKudu     
position  1:    T:0.14894    C:0.17021    A:0.34043    G:0.34043
position  2:    T:0.29787    C:0.12766    A:0.42553    G:0.14894
position  3:    T:0.25532    C:0.14894    A:0.34043    G:0.25532
Average         T:0.23404    C:0.14894    A:0.36879    G:0.24823

#4: ForestMuskDeer2
position  1:    T:0.14894    C:0.17021    A:0.34043    G:0.34043
position  2:    T:0.29787    C:0.12766    A:0.42553    G:0.14894
position  3:    T:0.25532    C:0.14894    A:0.36170    G:0.23404
Average         T:0.23404    C:0.14894    A:0.37589    G:0.24113

#5: Camel          
position  1:    T:0.14894    C:0.19149    A:0.31915    G:0.34043
position  2:    T:0.29787    C:0.12766    A:0.42553    G:0.14894
position  3:    T:0.19149    C:0.19149    A:0.34043    G:0.27660
Average         T:0.21277    C:0.17021    A:0.36170    G:0.25532

#6: KillerWhale    
position  1:    T:0.19149    C:0.17021    A:0.40426    G:0.23404
position  2:    T:0.29787    C:0.12766    A:0.44681    G:0.12766
position  3:    T:0.21277    C:0.17021    A:0.34043    G:0.27660
Average         T:0.23404    C:0.15603    A:0.39716    G:0.21277

#7: DefassaWaterbuck
position  1:    T:0.12766    C:0.19149    A:0.34043    G:0.34043
position  2:    T:0.29787    C:0.12766    A:0.42553    G:0.14894
position  3:    T:0.23404    C:0.14894    A:0.36170    G:0.25532
Average         T:0.21986    C:0.15603    A:0.37589    G:0.24823

#8: Sheep          
position  1:    T:0.14894    C:0.17021    A:0.34043    G:0.34043
position  2:    T:0.29787    C:0.12766    A:0.42553    G:0.14894
position  3:    T:0.23404    C:0.14894    A:0.36170    G:0.25532
Average         T:0.22695    C:0.14894    A:0.37589    G:0.24823

#9: MaxwellsDuiker 
position  1:    T:0.14894    C:0.17021    A:0.34043    G:0.34043
position  2:    T:0.29787    C:0.12766    A:0.42553    G:0.14894
position  3:    T:0.25532    C:0.14894    A:0.36170    G:0.23404
Average         T:0.23404    C:0.14894    A:0.37589    G:0.24113

#10: GazellaPrzewalskyi
position  1:    T:0.14894    C:0.17021    A:0.34043    G:0.34043
position  2:    T:0.29787    C:0.12766    A:0.42553    G:0.14894
position  3:    T:0.25532    C:0.14894    A:0.36170    G:0.23404
Average         T:0.23404    C:0.14894    A:0.37589    G:0.24113

#11: MountainNyala  
position  1:    T:0.14894    C:0.17021    A:0.34043    G:0.34043
position  2:    T:0.29787    C:0.12766    A:0.42553    G:0.14894
position  3:    T:0.25532    C:0.14894    A:0.34043    G:0.25532
Average         T:0.23404    C:0.14894    A:0.36879    G:0.24823

#12: MuntiacusMuntjak
position  1:    T:0.14894    C:0.17021    A:0.34043    G:0.34043
position  2:    T:0.29787    C:0.12766    A:0.42553    G:0.14894
position  3:    T:0.25532    C:0.14894    A:0.36170    G:0.23404
Average         T:0.23404    C:0.14894    A:0.37589    G:0.24113

#13: goat           
position  1:    T:0.14894    C:0.17021    A:0.34043    G:0.34043
position  2:    T:0.29787    C:0.12766    A:0.42553    G:0.14894
position  3:    T:0.23404    C:0.14894    A:0.38298    G:0.23404
Average         T:0.22695    C:0.14894    A:0.38298    G:0.24113

#14: AfricanBuffalo 
position  1:    T:0.14894    C:0.17021    A:0.34043    G:0.34043
position  2:    T:0.29787    C:0.12766    A:0.42553    G:0.14894
position  3:    T:0.25532    C:0.17021    A:0.31915    G:0.25532
Average         T:0.23404    C:0.15603    A:0.36170    G:0.24823

#15: Topi           
position  1:    T:0.17021    C:0.17021    A:0.34043    G:0.31915
position  2:    T:0.31915    C:0.10638    A:0.42553    G:0.14894
position  3:    T:0.25532    C:0.14894    A:0.36170    G:0.23404
Average         T:0.24823    C:0.14184    A:0.37589    G:0.23404

#16: CommonDuiker   
position  1:    T:0.14894    C:0.17021    A:0.34043    G:0.34043
position  2:    T:0.29787    C:0.12766    A:0.42553    G:0.14894
position  3:    T:0.23404    C:0.17021    A:0.36170    G:0.23404
Average         T:0.22695    C:0.15603    A:0.37589    G:0.24113

#17: Suni           
position  1:    T:0.14894    C:0.17021    A:0.34043    G:0.34043
position  2:    T:0.29787    C:0.12766    A:0.42553    G:0.14894
position  3:    T:0.23404    C:0.17021    A:0.36170    G:0.23404
Average         T:0.22695    C:0.15603    A:0.37589    G:0.24113

#18: Springbuck     
position  1:    T:0.14894    C:0.17021    A:0.34043    G:0.34043
position  2:    T:0.29787    C:0.12766    A:0.42553    G:0.14894
position  3:    T:0.25532    C:0.14894    A:0.31915    G:0.27660
Average         T:0.23404    C:0.14894    A:0.36170    G:0.25532

#19: Okapi          
position  1:    T:0.14894    C:0.17021    A:0.34043    G:0.34043
position  2:    T:0.29787    C:0.12766    A:0.42553    G:0.14894
position  3:    T:0.25532    C:0.14894    A:0.34043    G:0.25532
Average         T:0.23404    C:0.14894    A:0.36879    G:0.24823

#20: Giraffe        
position  1:    T:0.14894    C:0.17021    A:0.34043    G:0.34043
position  2:    T:0.31915    C:0.10638    A:0.42553    G:0.14894
position  3:    T:0.25532    C:0.14894    A:0.34043    G:0.25532
Average         T:0.24113    C:0.14184    A:0.36879    G:0.24823

#21: TibetanAntelope
position  1:    T:0.14894    C:0.17021    A:0.34043    G:0.34043
position  2:    T:0.29787    C:0.12766    A:0.42553    G:0.14894
position  3:    T:0.23404    C:0.14894    A:0.36170    G:0.25532
Average         T:0.22695    C:0.14894    A:0.37589    G:0.24823

#22: Sitatunga      
position  1:    T:0.14894    C:0.17021    A:0.34043    G:0.34043
position  2:    T:0.29787    C:0.12766    A:0.42553    G:0.14894
position  3:    T:0.25532    C:0.14894    A:0.34043    G:0.25532
Average         T:0.23404    C:0.14894    A:0.36879    G:0.24823

#23: Oribi          
position  1:    T:0.14894    C:0.17021    A:0.34043    G:0.34043
position  2:    T:0.29787    C:0.12766    A:0.42553    G:0.14894
position  3:    T:0.25532    C:0.14894    A:0.36170    G:0.23404
Average         T:0.23404    C:0.14894    A:0.37589    G:0.24113

#24: BarbarySheep   
position  1:    T:0.14894    C:0.17021    A:0.34043    G:0.34043
position  2:    T:0.29787    C:0.12766    A:0.42553    G:0.14894
position  3:    T:0.23404    C:0.14894    A:0.36170    G:0.25532
Average         T:0.22695    C:0.14894    A:0.37589    G:0.24823

#25: Daviddeer      
position  1:    T:0.14894    C:0.17021    A:0.34043    G:0.34043
position  2:    T:0.29787    C:0.12766    A:0.40426    G:0.17021
position  3:    T:0.25532    C:0.14894    A:0.36170    G:0.23404
Average         T:0.23404    C:0.14894    A:0.36879    G:0.24823

#26: Reindeer       
position  1:    T:0.14894    C:0.17021    A:0.34043    G:0.34043
position  2:    T:0.29787    C:0.12766    A:0.42553    G:0.14894
position  3:    T:0.25532    C:0.14894    A:0.36170    G:0.23404
Average         T:0.23404    C:0.14894    A:0.37589    G:0.24113

#27: Ibex           
position  1:    T:0.14894    C:0.17021    A:0.34043    G:0.34043
position  2:    T:0.29787    C:0.12766    A:0.42553    G:0.14894
position  3:    T:0.25532    C:0.12766    A:0.36170    G:0.25532
Average         T:0.23404    C:0.14184    A:0.37589    G:0.24823

#28: GyrantGazelle  
position  1:    T:0.14894    C:0.17021    A:0.34043    G:0.34043
position  2:    T:0.29787    C:0.12766    A:0.42553    G:0.14894
position  3:    T:0.25532    C:0.14894    A:0.36170    G:0.23404
Average         T:0.23404    C:0.14894    A:0.37589    G:0.24113

#29: Hartebeest     
position  1:    T:0.14894    C:0.14894    A:0.36170    G:0.34043
position  2:    T:0.29787    C:0.12766    A:0.42553    G:0.14894
position  3:    T:0.23404    C:0.14894    A:0.36170    G:0.25532
Average         T:0.22695    C:0.14184    A:0.38298    G:0.24823

#30: Bongo          
position  1:    T:0.14894    C:0.17021    A:0.34043    G:0.34043
position  2:    T:0.29787    C:0.12766    A:0.42553    G:0.14894
position  3:    T:0.25532    C:0.14894    A:0.34043    G:0.25532
Average         T:0.23404    C:0.14894    A:0.36879    G:0.24823

#31: Gerenuk        
position  1:    T:0.14894    C:0.17021    A:0.34043    G:0.34043
position  2:    T:0.29787    C:0.12766    A:0.42553    G:0.14894
position  3:    T:0.25532    C:0.14894    A:0.34043    G:0.25532
Average         T:0.23404    C:0.14894    A:0.36879    G:0.24823

#32: CommonEland    
position  1:    T:0.14894    C:0.17021    A:0.34043    G:0.34043
position  2:    T:0.29787    C:0.12766    A:0.42553    G:0.14894
position  3:    T:0.25532    C:0.14894    A:0.34043    G:0.25532
Average         T:0.23404    C:0.14894    A:0.36879    G:0.24823

#33: MuntiacusReevesi
position  1:    T:0.14894    C:0.17021    A:0.34043    G:0.34043
position  2:    T:0.29787    C:0.12766    A:0.42553    G:0.14894
position  3:    T:0.25532    C:0.14894    A:0.36170    G:0.23404
Average         T:0.23404    C:0.14894    A:0.37589    G:0.24113

#34: HarveysDuiker  
position  1:    T:0.14894    C:0.17021    A:0.34043    G:0.34043
position  2:    T:0.29787    C:0.12766    A:0.42553    G:0.14894
position  3:    T:0.25532    C:0.14894    A:0.36170    G:0.23404
Average         T:0.23404    C:0.14894    A:0.37589    G:0.24113

#35: Pronghorn      
position  1:    T:0.14894    C:0.17021    A:0.34043    G:0.34043
position  2:    T:0.29787    C:0.12766    A:0.42553    G:0.14894
position  3:    T:0.25532    C:0.14894    A:0.36170    G:0.23404
Average         T:0.23404    C:0.14894    A:0.37589    G:0.24113

#36: BlueWildebeest 
position  1:    T:0.14894    C:0.14894    A:0.36170    G:0.34043
position  2:    T:0.31915    C:0.10638    A:0.42553    G:0.14894
position  3:    T:0.23404    C:0.14894    A:0.36170    G:0.25532
Average         T:0.23404    C:0.13475    A:0.38298    G:0.24823

#37: Gemsbok        
position  1:    T:0.14894    C:0.17021    A:0.34043    G:0.34043
position  2:    T:0.29787    C:0.12766    A:0.42553    G:0.14894
position  3:    T:0.23404    C:0.14894    A:0.36170    G:0.25532
Average         T:0.22695    C:0.14894    A:0.37589    G:0.24823

#38: Yak            
position  1:    T:0.14894    C:0.17021    A:0.34043    G:0.34043
position  2:    T:0.29787    C:0.12766    A:0.42553    G:0.14894
position  3:    T:0.25532    C:0.14894    A:0.34043    G:0.25532
Average         T:0.23404    C:0.14894    A:0.36879    G:0.24823

#39: BlueSheep      
position  1:    T:0.14894    C:0.17021    A:0.34043    G:0.34043
position  2:    T:0.29787    C:0.12766    A:0.42553    G:0.14894
position  3:    T:0.23404    C:0.14894    A:0.36170    G:0.25532
Average         T:0.22695    C:0.14894    A:0.37589    G:0.24823

#40: BohorReedbuck  
position  1:    T:0.12766    C:0.19149    A:0.34043    G:0.34043
position  2:    T:0.29787    C:0.12766    A:0.42553    G:0.14894
position  3:    T:0.23404    C:0.14894    A:0.36170    G:0.25532
Average         T:0.21986    C:0.15603    A:0.37589    G:0.24823

#41: KirksDik       
position  1:    T:0.14894    C:0.17021    A:0.34043    G:0.34043
position  2:    T:0.29787    C:0.12766    A:0.42553    G:0.14894
position  3:    T:0.25532    C:0.14894    A:0.38298    G:0.21277
Average         T:0.23404    C:0.14894    A:0.38298    G:0.23404

#42: RoeDeer        
position  1:    T:0.14894    C:0.17021    A:0.34043    G:0.34043
position  2:    T:0.29787    C:0.12766    A:0.42553    G:0.14894
position  3:    T:0.23404    C:0.17021    A:0.36170    G:0.23404
Average         T:0.22695    C:0.15603    A:0.37589    G:0.24113

#43: WhiteLippedDeer
position  1:    T:0.14894    C:0.17021    A:0.34043    G:0.34043
position  2:    T:0.29787    C:0.12766    A:0.40426    G:0.17021
position  3:    T:0.25532    C:0.14894    A:0.36170    G:0.23404
Average         T:0.23404    C:0.14894    A:0.36879    G:0.24823

#44: ThomsonGazelle 
position  1:    T:0.14894    C:0.17021    A:0.34043    G:0.34043
position  2:    T:0.29787    C:0.12766    A:0.42553    G:0.14894
position  3:    T:0.25532    C:0.14894    A:0.34043    G:0.25532
Average         T:0.23404    C:0.14894    A:0.36879    G:0.24823

#45: MuntiacusCrinifrons
position  1:    T:0.14894    C:0.17021    A:0.34043    G:0.34043
position  2:    T:0.29787    C:0.12766    A:0.42553    G:0.14894
position  3:    T:0.25532    C:0.14894    A:0.34043    G:0.25532
Average         T:0.23404    C:0.14894    A:0.36879    G:0.24823

#46: WhiteTailedDeer
position  1:    T:0.14894    C:0.17021    A:0.34043    G:0.34043
position  2:    T:0.29787    C:0.12766    A:0.42553    G:0.14894
position  3:    T:0.25532    C:0.14894    A:0.36170    G:0.23404
Average         T:0.23404    C:0.14894    A:0.37589    G:0.24113

#47: Cattle         
position  1:    T:0.14894    C:0.17021    A:0.34043    G:0.34043
position  2:    T:0.29787    C:0.12766    A:0.42553    G:0.14894
position  3:    T:0.27660    C:0.12766    A:0.34043    G:0.25532
Average         T:0.24113    C:0.14184    A:0.36879    G:0.24823

#48: RoyalAntelope  
position  1:    T:0.14894    C:0.17021    A:0.34043    G:0.34043
position  2:    T:0.29787    C:0.12766    A:0.42553    G:0.14894
position  3:    T:0.25532    C:0.14894    A:0.36170    G:0.23404
Average         T:0.23404    C:0.14894    A:0.37589    G:0.24113

#49: Steenbok       
position  1:    T:0.14894    C:0.17021    A:0.34043    G:0.34043
position  2:    T:0.29787    C:0.12766    A:0.42553    G:0.14894
position  3:    T:0.25532    C:0.17021    A:0.34043    G:0.23404
Average         T:0.23404    C:0.15603    A:0.36879    G:0.24113

#50: Impala         
position  1:    T:0.14894    C:0.17021    A:0.34043    G:0.34043
position  2:    T:0.29787    C:0.12766    A:0.42553    G:0.14894
position  3:    T:0.25532    C:0.14894    A:0.34043    G:0.25532
Average         T:0.23404    C:0.14894    A:0.36879    G:0.24823

#51: Klipspringer   
position  1:    T:0.14894    C:0.17021    A:0.34043    G:0.34043
position  2:    T:0.31915    C:0.10638    A:0.42553    G:0.14894
