1
52 1
Argali 0.000000 0.145400 0.048700 0.096500 0.061200 0.000000 0.041100 0.027200 0.055700 0.067500 0.027200 0.041400 0.048600 0.034000 0.034400 0.027600 0.177900 0.163700 0.027300 0.048600 0.027300 0.033900 0.062200 0.076000 0.034400 0.034600 0.041100 0.048600 0.041100 0.062200 0.061500 0.027600 0.063000 0.041400 0.034000 0.034500 0.027600 0.062700 0.033800 0.062200 0.069100 0.034500 0.074000 0.076800 0.034500 0.027600 0.055000 0.041600 0.063500 0.083800 0.062100 0.048600
LesserMous 0.145400 0.000000 0.150100 0.144500 0.148500 0.145400 0.156000 0.142300 0.157200 0.124400 0.142300 0.141500 0.149700 0.149300 0.134000 0.142300 0.212300 0.198300 0.142300 0.149600 0.142300 0.149200 0.117700 0.117000 0.149500 0.151700 0.158400 0.149600 0.155800 0.163400 0.131100 0.142300 0.149400 0.157100 0.149200 0.134600 0.142300 0.157000 0.149200 0.117700 0.124700 0.149600 0.131100 0.133000 0.134600 0.142300 0.170900 0.141700 0.142800 0.125000 0.163200 0.149600
LesserKudu 0.048700 0.150100 0.000000 0.073600 0.054200 0.048700 0.033500 0.020200 0.019600 0.046900 0.020200 0.019900 0.040700 0.026900 0.013400 0.020200 0.166200 0.152200 0.020200 0.013000 0.020200 0.026900 0.040200 0.053700 0.026900 0.027100 0.034000 0.013200 0.033500 0.026000 0.039800 0.020200 0.068700 0.033700 0.026900 0.013100 0.020200 0.054500 0.026900 0.040200 0.047000 0.027000 0.053500 0.054200 0.013300 0.020200 0.047100 0.020200 0.055200 0.060700 0.026400 0.013200
KillerWhal 0.096500 0.144500 0.073600 0.000000 0.100800 0.096500 0.079700 0.066700 0.080300 0.065400 0.066700 0.066300 0.087300 0.073300 0.059500 0.065600 0.152700 0.140600 0.066700 0.073400 0.066700 0.073200 0.058900 0.072000 0.073400 0.073700 0.080900 0.073400 0.077800 0.086500 0.058300 0.066700 0.087200 0.080300 0.073200 0.059700 0.066700 0.101200 0.073300 0.058900 0.065600 0.073600 0.071800 0.072800 0.059700 0.066700 0.079400 0.066200 0.088100 0.079400 0.086400 0.073400
DefassaWat 0.061200 0.148500 0.054200 0.100800 0.000000 0.062400 0.046800 0.033500 0.061000 0.060000 0.033500 0.047000 0.040300 0.040200 0.040200 0.033500 0.196000 0.182100 0.033500 0.054100 0.033100 0.040200 0.053500 0.053100 0.040200 0.040500 0.047400 0.054100 0.045800 0.067400 0.066600 0.033500 0.096600 0.047100 0.040200 0.040300 0.033500 0.013000 0.040200 0.053500 0.060200 0.040000 0.065000 0.067500 0.040300 0.033500 0.060300 0.046200 0.054400 0.074300 0.067300 0.054100
Sheep 0.000000 0.145400 0.048700 0.096500 0.062400 0.000000 0.040900 0.027600 0.055700 0.068900 0.027300 0.041400 0.048100 0.033900 0.033900 0.027600 0.177900 0.163700 0.027600 0.048600 0.027200 0.034400 0.060600 0.076000 0.034400 0.034600 0.041800 0.048600 0.040900 0.062200 0.061500 0.027300 0.063000 0.040800 0.034400 0.034500 0.027600 0.062700 0.033900 0.062200 0.069100 0.033900 0.075700 0.076800 0.034500 0.027200 0.055000 0.041400 0.063500 0.083800 0.062100 0.048600
MaxwellsDu 0.041100 0.156000 0.033500 0.079700 0.046800 0.040900 0.000000 0.013300 0.040200 0.053200 0.013100 0.026600 0.032800 0.019600 0.019900 0.013300 0.172000 0.158200 0.013300 0.033400 0.013100 0.019900 0.046400 0.058600 0.019600 0.019900 0.026400 0.033400 0.026400 0.046700 0.046100 0.013100 0.075000 0.026600 0.019900 0.020000 0.013300 0.047000 0.019900 0.046600 0.053300 0.019900 0.059700 0.060500 0.020000 0.013100 0.039800 0.026300 0.047600 0.067300 0.046600 0.033400
GazellaPrz 0.027200 0.142300 0.020200 0.066700 0.033500 0.027600 0.013300 0.000000 0.026900 0.040000 0.000000 0.013300 0.020100 0.006600 0.006600 0.000000 0.158300 0.144400 0.000000 0.020100 0.000000 0.006700 0.033400 0.046800 0.006600 0.006700 0.013300 0.020100 0.013100 0.033500 0.033100 0.000000 0.061600 0.013400 0.006600 0.006700 0.000000 0.033400 0.006700 0.033400 0.040100 0.006700 0.046600 0.047300 0.006700 0.000000 0.026600 0.013300 0.033400 0.054000 0.033400 0.020100
MountainNy 0.055700 0.157200 0.019600 0.080300 0.061000 0.055700 0.040200 0.026900 0.000000 0.053600 0.026900 0.026500 0.047500 0.033600 0.020000 0.026900 0.173300 0.159400 0.026900 0.006500 0.026900 0.033600 0.047000 0.060400 0.033700 0.033800 0.040800 0.006500 0.040200 0.019700 0.046500 0.026900 0.075600 0.040500 0.033600 0.019900 0.026900 0.061300 0.033600 0.047000 0.053700 0.033700 0.060200 0.061000 0.019700 0.026900 0.053800 0.026900 0.062100 0.067500 0.019600 0.006500
MuntiacusM 0.067500 0.124400 0.046900 0.065400 0.060000 0.068900 0.053200 0.040000 0.053600 0.000000 0.040000 0.039800 0.060500 0.046600 0.033100 0.039200 0.139600 0.126100 0.040000 0.046700 0.040000 0.033100 0.006400 0.019100 0.046700 0.046900 0.053900 0.046700 0.053100 0.059900 0.006300 0.040000 0.046600 0.053500 0.044800 0.033200 0.040000 0.060300 0.045700 0.006400 0.012900 0.046700 0.006400 0.019200 0.033200 0.040000 0.066600 0.040000 0.061000 0.026100 0.059800 0.046700
goat 0.027200 0.142300 0.020200 0.066700 0.033500 0.027300 0.013100 0.000000 0.026900 0.040000 0.000000 0.013300 0.019900 0.006700 0.006600 0.000000 0.157200 0.144000 0.000000 0.020100 0.000000 0.006600 0.033400 0.046800 0.006600 0.006600 0.013300 0.020100 0.013200 0.033500 0.032500 0.000000 0.061600 0.013400 0.006600 0.006700 0.000000 0.033100 0.006600 0.033400 0.040100 0.006700 0.046600 0.047300 0.006700 0.000000 0.026600 0.013300 0.033500 0.054000 0.033400 0.020100
AfricanBuf 0.041400 0.141500 0.019900 0.066300 0.047000 0.041400 0.026600 0.013300 0.026500 0.039800 0.013300 0.000000 0.033600 0.020000 0.006600 0.013300 0.157400 0.143600 0.013300 0.019800 0.013300 0.020000 0.033200 0.046500 0.020000 0.020100 0.027000 0.019800 0.026500 0.032100 0.032900 0.013300 0.061300 0.026700 0.020000 0.006500 0.013300 0.047200 0.020000 0.033200 0.039900 0.020000 0.046400 0.047000 0.006500 0.013300 0.040000 0.013300 0.047800 0.053500 0.032900 0.019800
Topi 0.048600 0.149700 0.040700 0.087300 0.040300 0.048100 0.032800 0.020100 0.047500 0.060500 0.019900 0.033600 0.000000 0.026400 0.026400 0.019900 0.173200 0.159300 0.020100 0.040600 0.020100 0.026800 0.053900 0.053400 0.026600 0.027000 0.006700 0.040600 0.032900 0.053900 0.053300 0.019800 0.082800 0.019800 0.026800 0.026900 0.020100 0.054300 0.026800 0.053900 0.060600 0.026600 0.067100 0.060900 0.026900 0.020100 0.046900 0.033300 0.054800 0.074800 0.053800 0.040600
CommonDuik 0.034000 0.149300 0.026900 0.073300 0.040200 0.033900 0.019600 0.006600 0.033600 0.046600 0.006700 0.020000 0.026400 0.000000 0.013100 0.006600 0.165400 0.151400 0.006600 0.026800 0.006700 0.013100 0.040100 0.053400 0.013100 0.013400 0.020200 0.026800 0.019600 0.040100 0.039600 0.006700 0.068400 0.020000 0.013100 0.013300 0.006600 0.040400 0.013200 0.040100 0.046700 0.013200 0.053200 0.053900 0.013300 0.006600 0.033200 0.020100 0.040100 0.060700 0.040000 0.026800
Suni 0.034400 0.134000 0.013400 0.059500 0.040200 0.033900 0.019900 0.006600 0.020000 0.033100 0.006600 0.006600 0.026400 0.013100 0.000000 0.006700 0.149700 0.135900 0.006700 0.013300 0.006600 0.013100 0.026500 0.039900 0.013300 0.013200 0.020200 0.013300 0.019900 0.026500 0.026200 0.006600 0.054300 0.020000 0.013100 0.000000 0.006700 0.040400 0.013100 0.026200 0.033200 0.013100 0.039600 0.039200 0.000000 0.006600 0.033200 0.006600 0.040900 0.046900 0.026500 0.013300
Springbuck 0.027600 0.142300 0.020200 0.065600 0.033500 0.027600 0.013300 0.000000 0.026900 0.039200 0.000000 0.013300 0.019900 0.006600 0.006700 0.000000 0.158300 0.144400 0.000000 0.020100 0.000000 0.006700 0.033400 0.046800 0.006600 0.006600 0.013300 0.020100 0.013100 0.033500 0.033100 0.000000 0.061600 0.013400 0.006600 0.006700 0.000000 0.033700 0.006600 0.033400 0.040100 0.006700 0.045700 0.047300 0.006700 0.000000 0.026400 0.013300 0.034100 0.054000 0.033400 0.020100
Okapi 0.177900 0.212300 0.166200 0.152700 0.196000 0.177900 0.172000 0.158300 0.173300 0.139600 0.157200 0.157400 0.173200 0.165400 0.149700 0.158300 0.000000 0.013300 0.158300 0.165600 0.158300 0.165100 0.132900 0.146800 0.165600 0.166400 0.166600 0.165600 0.171800 0.179500 0.131400 0.158300 0.149600 0.173200 0.165200 0.150300 0.158300 0.197000 0.149600 0.132900 0.140000 0.158100 0.146400 0.148600 0.150300 0.158300 0.179600 0.143000 0.199700 0.155700 0.179300 0.165600
Giraffe 0.163700 0.198300 0.152200 0.140600 0.182100 0.163700 0.158200 0.144400 0.159400 0.126100 0.144000 0.143600 0.159300 0.151400 0.135900 0.144400 0.013300 0.000000 0.144400 0.151700 0.144400 0.151300 0.119300 0.133300 0.151700 0.152500 0.152600 0.151700 0.158000 0.165700 0.118000 0.144400 0.135800 0.159300 0.151400 0.136500 0.144400 0.183000 0.151400 0.119300 0.126400 0.144200 0.132900 0.134900 0.136500 0.143700 0.165700 0.129100 0.185600 0.142000 0.165500 0.151700
TibetanAnt 0.027300 0.142300 0.020200 0.066700 0.033500 0.027600 0.013300 0.000000 0.026900 0.040000 0.000000 0.013300 0.020100 0.006600 0.006700 0.000000 0.158300 0.144400 0.000000 0.020100 0.000000 0.006700 0.032700 0.046800 0.006600 0.006600 0.013300 0.020100 0.013300 0.033500 0.033100 0.000000 0.061400 0.013400 0.006600 0.006700 0.000000 0.033700 0.006700 0.033400 0.040100 0.006700 0.046000 0.047300 0.006700 0.000000 0.026200 0.013300 0.033600 0.054000 0.033400 0.020100
Sitatunga 0.048600 0.149600 0.013000 0.073400 0.054100 0.048600 0.033400 0.020100 0.006500 0.046700 0.020100 0.019800 0.040600 0.026800 0.013300 0.020100 0.165600 0.151700 0.020100 0.000000 0.020100 0.026800 0.040100 0.053500 0.026800 0.027000 0.033900 0.000000 0.033400 0.012800 0.039700 0.020100 0.068500 0.033600 0.026800 0.013200 0.020100 0.054300 0.026800 0.040100 0.046800 0.026900 0.053300 0.054000 0.013000 0.020100 0.046900 0.020100 0.055000 0.060500 0.012800 0.000000
Oribi 0.027300 0.142300 0.020200 0.066700 0.033100 0.027200 0.013100 0.000000 0.026900 0.040000 0.000000 0.013300 0.020100 0.006700 0.006600 0.000000 0.158300 0.144400 0.000000 0.020100 0.000000 0.006700 0.033400 0.046800 0.006600 0.006700 0.013500 0.020100 0.013100 0.033500 0.032500 0.000000 0.060500 0.013400 0.006700 0.006700 0.000000 0.033000 0.006700 0.032800 0.040100 0.006600 0.046600 0.047300 0.006700 0.000000 0.026600 0.013300 0.034100 0.054000 0.033400 0.020100
BarbaryShe 0.033900 0.149200 0.026900 0.073200 0.040200 0.034400 0.019900 0.006700 0.033600 0.033100 0.006600 0.020000 0.026800 0.013100 0.013100 0.006700 0.165100 0.151300 0.006700 0.026800 0.006700 0.000000 0.040000 0.053400 0.013300 0.013200 0.020200 0.026800 0.019600 0.040100 0.026200 0.006700 0.068300 0.020000 0.013300 0.013300 0.006600 0.040300 0.013200 0.039700 0.045600 0.013100 0.038800 0.053900 0.013300 0.006600 0.033200 0.019900 0.040900 0.060700 0.040000 0.026800
Daviddeer 0.062200 0.117700 0.040200 0.058900 0.053500 0.060600 0.046400 0.033400 0.047000 0.006400 0.033400 0.033200 0.053900 0.040100 0.026500 0.033400 0.132900 0.119300 0.032700 0.040100 0.033400 0.040000 0.000000 0.012800 0.040100 0.040300 0.047300 0.040100 0.046600 0.053400 0.012700 0.033400 0.040000 0.046900 0.040000 0.026600 0.033400 0.053700 0.040000 0.000000 0.006500 0.040100 0.012800 0.012900 0.026600 0.032900 0.060100 0.033100 0.054400 0.019600 0.053300 0.040100
Reindeer 0.076000 0.117000 0.053700 0.072000 0.053100 0.076000 0.058600 0.046800 0.060400 0.019100 0.046800 0.046500 0.053400 0.053400 0.039900 0.046800 0.146800 0.133300 0.046800 0.053500 0.046800 0.053400 0.012800 0.000000 0.053500 0.053100 0.060800 0.053500 0.059900 0.066700 0.025800 0.046800 0.053400 0.060200 0.053400 0.039900 0.045800 0.067100 0.052400 0.012800 0.019400 0.053500 0.025800 0.025900 0.039900 0.046800 0.073500 0.046800 0.068000 0.032700 0.066600 0.053500
Ibex 0.034400 0.149500 0.026900 0.073400 0.040200 0.034400 0.019600 0.006600 0.033700 0.046700 0.006600 0.020000 0.026600 0.013100 0.013300 0.006600 0.165600 0.151700 0.006600 0.026800 0.006600 0.013300 0.040100 0.053500 0.000000 0.013200 0.019800 0.026800 0.019700 0.040200 0.039700 0.006600 0.068500 0.019900 0.013200 0.013400 0.006700 0.039800 0.013100 0.040100 0.046800 0.013300 0.053300 0.054000 0.013400 0.006600 0.032700 0.020100 0.040900 0.060800 0.040100 0.026800
GyrantGaze 0.034600 0.151700 0.027100 0.073700 0.040500 0.034600 0.019900 0.006700 0.033800 0.046900 0.006600 0.020100 0.027000 0.013400 0.013200 0.006600 0.166400 0.152500 0.006600 0.027000 0.006700 0.013200 0.040300 0.053100 0.013200 0.000000 0.020300 0.027000 0.020000 0.040400 0.039900 0.006600 0.068800 0.020100 0.013400 0.013400 0.006700 0.040600 0.013200 0.040300 0.047000 0.013200 0.053600 0.053900 0.013400 0.006600 0.033400 0.020200 0.041200 0.061100 0.040300 0.027000
Hartebeest 0.041100 0.158400 0.034000 0.080900 0.047400 0.041800 0.026400 0.013300 0.040800 0.053900 0.013300 0.027000 0.006700 0.020200 0.020200 0.013300 0.166600 0.152600 0.013300 0.033900 0.013500 0.020200 0.047300 0.060800 0.019800 0.020300 0.000000 0.033900 0.026300 0.047300 0.046800 0.013300 0.076100 0.013400 0.020200 0.020200 0.013500 0.047700 0.020200 0.046300 0.054000 0.020200 0.060600 0.054300 0.020200 0.013300 0.040300 0.027100 0.048300 0.068200 0.047300 0.033900
Bongo 0.048600 0.149600 0.013200 0.073400 0.054100 0.048600 0.033400 0.020100 0.006500 0.046700 0.020100 0.019800 0.040600 0.026800 0.013300 0.020100 0.165600 0.151700 0.020100 0.000000 0.020100 0.026800 0.040100 0.053500 0.026800 0.027000 0.033900 0.000000 0.033400 0.012900 0.039700 0.020100 0.068500 0.033600 0.026800 0.013100 0.020100 0.054300 0.026800 0.040100 0.046800 0.026900 0.053300 0.054000 0.013000 0.020100 0.046900 0.020100 0.055000 0.060500 0.013100 0.000000
Gerenuk 0.041100 0.155800 0.033500 0.077800 0.045800 0.040900 0.026400 0.013100 0.040200 0.053100 0.013200 0.026500 0.032900 0.019600 0.019900 0.013100 0.171800 0.158000 0.013300 0.033400 0.013100 0.019600 0.046600 0.059900 0.019700 0.020000 0.026300 0.033400 0.000000 0.046600 0.046100 0.013200 0.074900 0.026600 0.006500 0.019900 0.013200 0.046900 0.019900 0.045600 0.053200 0.019700 0.059700 0.060500 0.019900 0.013100 0.039700 0.026300 0.047500 0.053300 0.046500 0.033400
CommonElan 0.062200 0.163400 0.026000 0.086500 0.067400 0.062200 0.046700 0.033500 0.019700 0.059900 0.033500 0.032100 0.053900 0.040100 0.026500 0.033500 0.179500 0.165700 0.033500 0.012800 0.033500 0.040100 0.053400 0.066700 0.040200 0.040400 0.047300 0.012900 0.046600 0.000000 0.052800 0.033500 0.082000 0.047000 0.040100 0.026000 0.033500 0.067700 0.040100 0.053400 0.060000 0.040200 0.066500 0.067400 0.026000 0.033500 0.060200 0.033500 0.068600 0.073800 0.025600 0.013100
MuntiacusR 0.061500 0.131100 0.039800 0.058300 0.066600 0.061500 0.046100 0.033100 0.046500 0.006300 0.032500 0.032900 0.053300 0.039600 0.026200 0.033100 0.131400 0.118000 0.033100 0.039700 0.032500 0.026200 0.012700 0.025800 0.039700 0.039900 0.046800 0.039700 0.046100 0.052800 0.000000 0.032600 0.039600 0.046400 0.039600 0.026300 0.032600 0.065800 0.039600 0.012700 0.019400 0.039700 0.012600 0.026000 0.026300 0.033100 0.057700 0.033100 0.066600 0.032600 0.052700 0.039700
HarveysDui 0.027600 0.142300 0.020200 0.066700 0.033500 0.027300 0.013100 0.000000 0.026900 0.040000 0.000000 0.013300 0.019800 0.006700 0.006600 0.000000 0.158300 0.144400 0.000000 0.020100 0.000000 0.006700 0.033400 0.046800 0.006600 0.006600 0.013300 0.020100 0.013200 0.033500 0.032600 0.000000 0.060600 0.013200 0.006600 0.006700 0.000000 0.033700 0.006700 0.032800 0.039200 0.006700 0.046600 0.046700 0.006700 0.000000 0.026000 0.013200 0.034100 0.054000 0.033400 0.020100
Pronghorn 0.063000 0.149400 0.068700 0.087200 0.096600 0.063000 0.075000 0.061600 0.075600 0.046600 0.061600 0.061300 0.082800 0.068400 0.054300 0.061600 0.149600 0.135800 0.061400 0.068500 0.060500 0.068300 0.040000 0.053400 0.068500 0.068800 0.076100 0.068500 0.074900 0.082000 0.039600 0.060600 0.000000 0.075500 0.068400 0.054500 0.061600 0.096700 0.066900 0.040000 0.046700 0.061600 0.053200 0.053900 0.054500 0.061600 0.081900 0.061600 0.098300 0.060600 0.081800 0.068500
BlueWildeb 0.041400 0.157100 0.033700 0.080300 0.047100 0.040800 0.026600 0.013400 0.040500 0.053500 0.013400 0.026700 0.019800 0.020000 0.020000 0.013400 0.173200 0.159300 0.013400 0.033600 0.013400 0.020000 0.046900 0.060200 0.019900 0.020100 0.013400 0.033600 0.026600 0.047000 0.046400 0.013200 0.075500 0.000000 0.020000 0.020100 0.013200 0.047300 0.019700 0.045900 0.046800 0.020000 0.060100 0.053800 0.020100 0.013400 0.040000 0.026900 0.047000 0.067700 0.046900 0.033600
Gemsbok 0.034000 0.149200 0.026900 0.073200 0.040200 0.034400 0.019900 0.006600 0.033600 0.044800 0.006600 0.020000 0.026800 0.013100 0.013100 0.006600 0.165200 0.151400 0.006600 0.026800 0.006700 0.013300 0.040000 0.053400 0.013200 0.013400 0.020200 0.026800 0.006500 0.040100 0.039600 0.006600 0.068400 0.020000 0.000000 0.013300 0.006600 0.040300 0.013100 0.040000 0.046700 0.013100 0.053200 0.053100 0.013300 0.006700 0.033200 0.020100 0.040900 0.046800 0.040000 0.026800
Yak 0.034500 0.134600 0.013100 0.059700 0.040300 0.034500 0.020000 0.006700 0.019900 0.033200 0.006700 0.006500 0.026900 0.013300 0.000000 0.006700 0.150300 0.136500 0.006700 0.013200 0.006700 0.013300 0.026600 0.039900 0.013400 0.013400 0.020200 0.013100 0.019900 0.026000 0.026300 0.006700 0.054500 0.020100 0.013300 0.000000 0.006700 0.040500 0.013300 0.026600 0.033300 0.013400 0.039800 0.040300 0.000000 0.006700 0.033300 0.006700 0.041000 0.046800 0.026400 0.013000
BlueSheep 0.027600 0.142300 0.020200 0.066700 0.033500 0.027600 0.013300 0.000000 0.026900 0.040000 0.000000 0.013300 0.020100 0.006600 0.006700 0.000000 0.158300 0.144400 0.000000 0.020100 0.000000 0.006600 0.033400 0.045800 0.006700 0.006700 0.013500 0.020100 0.013200 0.033500 0.032600 0.000000 0.061600 0.013200 0.006600 0.006700 0.000000 0.033700 0.006600 0.033400 0.040100 0.006600 0.046300 0.047300 0.006700 0.000000 0.026200 0.013400 0.033800 0.054000 0.033400 0.020100
BohorReedb 0.062700 0.157000 0.054500 0.101200 0.013000 0.062700 0.047000 0.033400 0.061300 0.060300 0.033100 0.047200 0.054300 0.040400 0.040400 0.033700 0.197000 0.183000 0.033700 0.054300 0.033000 0.040300 0.053700 0.067100 0.039800 0.040600 0.047700 0.054300 0.046900 0.067700 0.065800 0.033700 0.096700 0.047300 0.040300 0.040500 0.033700 0.000000 0.039600 0.053700 0.059600 0.040500 0.066900 0.067800 0.040500 0.033700 0.060600 0.047800 0.054800 0.074600 0.067600 0.054300
KirksDik 0.033800 0.149200 0.026900 0.073300 0.040200 0.033900 0.019900 0.006700 0.033600 0.045700 0.006600 0.020000 0.026800 0.013200 0.013100 0.006600 0.149600 0.151400 0.006700 0.026800 0.006700 0.013200 0.040000 0.052400 0.013100 0.013200 0.020200 0.026800 0.019900 0.040100 0.039600 0.006700 0.066900 0.019700 0.013100 0.013300 0.006600 0.039600 0.000000 0.039200 0.046700 0.013100 0.053200 0.053900 0.013300 0.006600 0.033200 0.020100 0.040500 0.060700 0.040000 0.026800
RoeDeer 0.062200 0.117700 0.040200 0.058900 0.053500 0.062200 0.046600 0.033400 0.047000 0.006400 0.033400 0.033200 0.053900 0.040100 0.026200 0.033400 0.132900 0.119300 0.033400 0.040100 0.032800 0.039700 0.000000 0.012800 0.040100 0.040300 0.046300 0.040100 0.045600 0.053400 0.012700 0.032800 0.040000 0.045900 0.040000 0.026600 0.033400 0.053700 0.039200 0.000000 0.006500 0.039400 0.012900 0.013100 0.026600 0.033300 0.060100 0.033000 0.054400 0.019600 0.053300 0.040100
WhiteLippe 0.069100 0.124700 0.047000 0.065600 0.060200 0.069100 0.053300 0.040100 0.053700 0.012900 0.040100 0.039900 0.060600 0.046700 0.033200 0.040100 0.140000 0.126400 0.040100 0.046800 0.040100 0.045600 0.006500 0.019400 0.046800 0.047000 0.054000 0.046800 0.053200 0.060000 0.019400 0.039200 0.046700 0.046800 0.046700 0.033300 0.040100 0.059600 0.046700 0.006500 0.000000 0.046800 0.019400 0.019600 0.033300 0.040100 0.066800 0.040100 0.060800 0.026100 0.060000 0.046800
ThomsonGaz 0.034500 0.149600 0.027000 0.073600 0.040000 0.033900 0.019900 0.006700 0.033700 0.046700 0.006700 0.020000 0.026600 0.013200 0.013100 0.006700 0.158100 0.144200 0.006700 0.026900 0.006600 0.013100 0.040100 0.053500 0.013300 0.013200 0.020200 0.026900 0.019700 0.040200 0.039700 0.006700 0.061600 0.020000 0.013100 0.013400 0.006600 0.040500 0.013100 0.039400 0.046800 0.000000 0.053300 0.054100 0.013400 0.006600 0.019500 0.020200 0.041000 0.060800 0.040100 0.026900
MuntiacusC 0.074000 0.131100 0.053500 0.071800 0.065000 0.075700 0.059700 0.046600 0.060200 0.006400 0.046600 0.046400 0.067100 0.053200 0.039600 0.045700 0.146400 0.132900 0.046000 0.053300 0.046600 0.038800 0.012800 0.025800 0.053300 0.053600 0.060600 0.053300 0.059700 0.066500 0.012600 0.046600 0.053200 0.060100 0.053200 0.039800 0.046300 0.066900 0.053200 0.012900 0.019400 0.053300 0.000000 0.026000 0.039800 0.046600 0.073200 0.046600 0.067700 0.032600 0.066400 0.053300
WhiteTaile 0.076800 0.133000 0.054200 0.072800 0.067500 0.076800 0.060500 0.047300 0.061000 0.019200 0.047300 0.047000 0.060900 0.053900 0.039200 0.047300 0.148600 0.134900 0.047300 0.054000 0.047300 0.053900 0.012900 0.025900 0.054000 0.053900 0.054300 0.054000 0.060500 0.067400 0.026000 0.046700 0.053900 0.053800 0.053100 0.040300 0.047300 0.067800 0.053900 0.013100 0.019600 0.054100 0.026000 0.000000 0.040300 0.047300 0.074600 0.047300 0.068700 0.033000 0.067300 0.054000
Cattle 0.034500 0.134600 0.013300 0.059700 0.040300 0.034500 0.020000 0.006700 0.019700 0.033200 0.006700 0.006500 0.026900 0.013300 0.000000 0.006700 0.150300 0.136500 0.006700 0.013000 0.006700 0.013300 0.026600 0.039900 0.013400 0.013400 0.020200 0.013000 0.019900 0.026000 0.026300 0.006700 0.054500 0.020100 0.013300 0.000000 0.006700 0.040500 0.013300 0.026600 0.033300 0.013400 0.039800 0.040300 0.000000 0.006700 0.033300 0.006700 0.041000 0.046800 0.025900 0.013000
RoyalAntel 0.027600 0.142300 0.020200 0.066700 0.033500 0.027200 0.013100 0.000000 0.026900 0.040000 0.000000 0.013300 0.020100 0.006600 0.006600 0.000000 0.158300 0.143700 0.000000 0.020100 0.000000 0.006600 0.032900 0.046800 0.006600 0.006600 0.013300 0.020100 0.013100 0.033500 0.033100 0.000000 0.061600 0.013400 0.006700 0.006700 0.000000 0.033700 0.006600 0.033300 0.040100 0.006600 0.046600 0.047300 0.006700 0.000000 0.026600 0.013300 0.034100 0.054000 0.033400 0.020100
Steenbok 0.055000 0.170900 0.047100 0.079400 0.060300 0.055000 0.039800 0.026600 0.053800 0.066600 0.026600 0.040000 0.046900 0.033200 0.033200 0.026400 0.179600 0.165700 0.026200 0.046900 0.026600 0.033200 0.060100 0.073500 0.032700 0.033400 0.040300 0.046900 0.039700 0.060200 0.057700 0.026000 0.081900 0.040000 0.033200 0.033300 0.026200 0.060600 0.033200 0.060100 0.066800 0.019500 0.073200 0.074600 0.033300 0.026600 0.000000 0.040200 0.061300 0.067000 0.060100 0.046900
Impala 0.041600 0.141700 0.020200 0.066200 0.046200 0.041400 0.026300 0.013300 0.026900 0.040000 0.013300 0.013300 0.033300 0.020100 0.006600 0.013300 0.143000 0.129100 0.013300 0.020100 0.013300 0.019900 0.033100 0.046800 0.020100 0.020200 0.027100 0.020100 0.026300 0.033500 0.033100 0.013200 0.061600 0.026900 0.020100 0.006700 0.013400 0.047800 0.020100 0.033000 0.040100 0.020200 0.046600 0.047300 0.006700 0.013300 0.040200 0.000000 0.047500 0.054000 0.033400 0.020100
Klipspring 0.063500 0.142800 0.055200 0.088100 0.054400 0.063500 0.047600 0.033400 0.062100 0.061000 0.033500 0.047800 0.054800 0.040100 0.040900 0.034100 0.199700 0.185600 0.033600 0.055000 0.034100 0.040900 0.054400 0.068000 0.040900 0.041200 0.048300 0.055000 0.047500 0.068600 0.066600 0.034100 0.098300 0.047000 0.040900 0.041000 0.033800 0.054800 0.040500 0.054400 0.060800 0.041000 0.067700 0.068700 0.041000 0.034100 0.061300 0.047500 0.000000 0.061300 0.068500 0.055000
ForestMusk 0.083800 0.125000 0.060700 0.079400 0.074300 0.083800 0.067300 0.054000 0.067500 0.026100 0.054000 0.053500 0.074800 0.060700 0.046900 0.054000 0.155700 0.142000 0.054000 0.060500 0.054000 0.060700 0.019600 0.032700 0.060800 0.061100 0.068200 0.060500 0.053300 0.073800 0.032600 0.054000 0.060600 0.067700 0.046800 0.046800 0.054000 0.074600 0.060700 0.019600 0.026100 0.060800 0.032600 0.033000 0.046800 0.054000 0.067000 0.054000 0.061300 0.000000 0.073700 0.060500
Bushbuck 0.062100 0.163200 0.026400 0.086400 0.067300 0.062100 0.046600 0.033400 0.019600 0.059800 0.033400 0.032900 0.053800 0.040000 0.026500 0.033400 0.179300 0.165500 0.033400 0.012800 0.033400 0.040000 0.053300 0.066600 0.040100 0.040300 0.047300 0.013100 0.046500 0.025600 0.052700 0.033400 0.081800 0.046900 0.040000 0.026400 0.033400 0.067600 0.040000 0.053300 0.060000 0.040100 0.066400 0.067300 0.025900 0.033400 0.060100 0.033400 0.068500 0.073700 0.000000 0.012900
GreaterKud 0.048600 0.149600 0.013200 0.073400 0.054100 0.048600 0.033400 0.020100 0.006500 0.046700 0.020100 0.019800 0.040600 0.026800 0.013300 0.020100 0.165600 0.151700 0.020100 0.000000 0.020100 0.026800 0.040100 0.053500 0.026800 0.027000 0.033900 0.000000 0.033400 0.013100 0.039700 0.020100 0.068500 0.033600 0.026800 0.013000 0.020100 0.054300 0.026800 0.040100 0.046800 0.026900 0.053300 0.054000 0.013000 0.020100 0.046900 0.020100 0.055000 0.060500 0.012900 0.000000
