1
52 1
Argali 0.000000 0.220600 0.030500 0.173300 0.054600 0.000000 0.049600 0.043700 0.030500 0.062200 0.024300 0.030800 0.018200 0.036500 0.063100 0.037200 0.036700 0.036500 0.018300 0.030500 0.062000 0.018100 0.061900 0.036500 0.024300 0.030700 0.018200 0.030500 0.037400 0.030500 0.068700 0.024400 0.067200 0.024600 0.036600 0.059700 0.024300 0.060800 0.030600 0.040100 0.042800 0.030700 0.068700 0.042800 0.046900 0.055900 0.043500 0.030700 0.062600 0.068900 0.037000 0.036700
LesserMous 0.220600 0.000000 0.205000 0.198300 0.246600 0.220600 0.226600 0.224700 0.205000 0.244600 0.228600 0.207400 0.221600 0.210700 0.248300 0.215200 0.228800 0.227600 0.222800 0.205000 0.235800 0.236000 0.243300 0.232600 0.228600 0.206100 0.221600 0.205000 0.216500 0.205000 0.236500 0.213400 0.276700 0.230900 0.237000 0.236500 0.228600 0.254600 0.221100 0.233400 0.219300 0.206100 0.236100 0.235000 0.237000 0.213400 0.207000 0.205800 0.213600 0.221300 0.197900 0.212200
LesserKudu 0.030500 0.205000 0.000000 0.159600 0.048200 0.030500 0.043200 0.037300 0.000000 0.055600 0.042900 0.024500 0.024400 0.030200 0.043500 0.030800 0.030400 0.030300 0.024400 0.000000 0.055500 0.036600 0.055400 0.030200 0.042900 0.024400 0.024400 0.000000 0.031000 0.000000 0.062100 0.018200 0.081800 0.030800 0.042900 0.049100 0.042900 0.054400 0.036800 0.033500 0.036500 0.024400 0.049200 0.036400 0.036600 0.049400 0.037100 0.024400 0.056000 0.049400 0.005700 0.006000
KillerWhal 0.173300 0.198300 0.159600 0.000000 0.198900 0.173300 0.201900 0.176500 0.159600 0.195800 0.195900 0.168500 0.174500 0.179800 0.175900 0.168300 0.181100 0.180200 0.175300 0.159600 0.195000 0.187900 0.209800 0.179700 0.195900 0.160300 0.174500 0.159600 0.169300 0.159600 0.203300 0.167100 0.232700 0.182600 0.166800 0.203100 0.195900 0.206100 0.174000 0.184700 0.187700 0.160300 0.188100 0.187300 0.188500 0.153100 0.175400 0.153900 0.167400 0.203600 0.153000 0.166300
DefassaWat 0.054600 0.246600 0.048200 0.198900 0.000000 0.054600 0.080200 0.074600 0.048200 0.092800 0.067100 0.061400 0.061000 0.066600 0.080900 0.067800 0.067000 0.066700 0.061200 0.048200 0.092600 0.060600 0.092500 0.066600 0.067100 0.061000 0.061000 0.048200 0.068200 0.048200 0.099500 0.054500 0.093300 0.067700 0.079700 0.086000 0.067100 0.005600 0.060900 0.071300 0.073100 0.061000 0.086200 0.073000 0.073200 0.086500 0.074100 0.061200 0.080400 0.086500 0.054700 0.054300
Sheep 0.000000 0.220600 0.030500 0.173300 0.054600 0.000000 0.049600 0.043700 0.030500 0.062200 0.024300 0.030800 0.018200 0.036500 0.063100 0.037200 0.036700 0.036500 0.018300 0.030500 0.062000 0.018100 0.061900 0.036500 0.024300 0.030700 0.018200 0.030500 0.037400 0.030500 0.068700 0.024400 0.067200 0.024600 0.036600 0.059700 0.024300 0.060800 0.030600 0.040100 0.042800 0.030700 0.068700 0.042800 0.046900 0.055900 0.043500 0.030700 0.062600 0.068900 0.037000 0.036700
MaxwellsDu 0.049600 0.226600 0.043200 0.201900 0.080200 0.049600 0.000000 0.056800 0.043200 0.068800 0.062300 0.043600 0.043300 0.036500 0.076500 0.050000 0.049400 0.049200 0.043400 0.043200 0.075100 0.055700 0.068500 0.049000 0.062300 0.043400 0.043300 0.043200 0.050300 0.043200 0.062400 0.024400 0.102300 0.050000 0.062200 0.068500 0.062300 0.086600 0.056000 0.052100 0.055600 0.043400 0.075400 0.055500 0.055700 0.068900 0.056500 0.043400 0.075900 0.082300 0.049700 0.049300
GazellaPrz 0.043700 0.224700 0.037300 0.176500 0.074600 0.043700 0.056800 0.000000 0.037300 0.069500 0.056500 0.037600 0.037400 0.043200 0.070700 0.018600 0.043600 0.037000 0.037500 0.037300 0.043400 0.049900 0.069200 0.043200 0.056500 0.024800 0.037400 0.037300 0.018700 0.037300 0.076200 0.030900 0.096600 0.044100 0.056400 0.056300 0.056500 0.081000 0.031000 0.046800 0.049800 0.024800 0.076200 0.049700 0.043500 0.063100 0.037600 0.035400 0.056900 0.076500 0.031000 0.043500
MountainNy 0.030500 0.205000 0.000000 0.159600 0.048200 0.030500 0.043200 0.037300 0.000000 0.055600 0.043000 0.024500 0.024400 0.030200 0.043500 0.030800 0.030400 0.030300 0.024400 0.000000 0.055500 0.036600 0.055400 0.030200 0.042900 0.024400 0.024400 0.000000 0.031000 0.000000 0.062100 0.018200 0.081800 0.030800 0.042900 0.049100 0.042900 0.054400 0.036800 0.033500 0.036500 0.024400 0.049200 0.036400 0.036600 0.049400 0.037100 0.024400 0.056000 0.049400 0.005700 0.005700
MuntiacusM 0.062200 0.244600 0.055600 0.195800 0.092800 0.062200 0.068800 0.069500 0.055600 0.000000 0.075000 0.056200 0.055800 0.061500 0.089500 0.056200 0.061900 0.061600 0.056000 0.055600 0.087900 0.068300 0.036500 0.024100 0.075000 0.055900 0.055800 0.055600 0.056500 0.055600 0.005700 0.049300 0.115500 0.062600 0.074800 0.081100 0.075000 0.099300 0.068600 0.028000 0.030300 0.055900 0.005700 0.030200 0.068200 0.075000 0.069100 0.056000 0.075500 0.095200 0.062300 0.061800
goat 0.024300 0.228600 0.042900 0.195900 0.067100 0.024300 0.062300 0.056500 0.043000 0.075000 0.000000 0.043400 0.030500 0.048900 0.076200 0.049800 0.049200 0.049000 0.018200 0.042900 0.074800 0.018000 0.074700 0.048900 0.000000 0.043200 0.030500 0.042900 0.050100 0.042900 0.081600 0.036700 0.088500 0.037000 0.049000 0.068200 0.000000 0.073400 0.043100 0.053300 0.055400 0.043200 0.081600 0.055300 0.055400 0.068600 0.043400 0.043300 0.075300 0.081900 0.049500 0.049100
AfricanBuf 0.030800 0.207400 0.024500 0.168500 0.061400 0.030800 0.043600 0.037600 0.024500 0.056200 0.043400 0.000000 0.024600 0.018100 0.057100 0.031100 0.030700 0.030600 0.024700 0.024500 0.056000 0.036900 0.043100 0.030500 0.043400 0.024600 0.024600 0.024500 0.031300 0.024500 0.062700 0.018300 0.082600 0.031100 0.043300 0.036900 0.043400 0.067700 0.037100 0.033300 0.024400 0.024600 0.062700 0.036800 0.036900 0.049800 0.037400 0.024700 0.056600 0.049900 0.030900 0.030700
Topi 0.018200 0.221600 0.024400 0.174500 0.061000 0.018200 0.043300 0.037400 0.024400 0.055800 0.030500 0.024600 0.000000 0.030300 0.056700 0.030900 0.030600 0.030400 0.012200 0.024400 0.055700 0.024200 0.055600 0.030300 0.030500 0.024500 0.000000 0.024400 0.031100 0.024400 0.062300 0.018200 0.082100 0.006100 0.030400 0.049200 0.030500 0.067300 0.036900 0.033900 0.036600 0.024500 0.062300 0.036600 0.036700 0.049500 0.037200 0.024500 0.043300 0.062500 0.030700 0.030500
CommonDuik 0.036500 0.210700 0.030200 0.179800 0.066600 0.036500 0.036500 0.043200 0.030200 0.061500 0.048900 0.018100 0.030300 0.000000 0.062500 0.036800 0.036300 0.036200 0.030400 0.030200 0.061400 0.042500 0.048600 0.036100 0.048900 0.030400 0.030300 0.030200 0.037000 0.030200 0.067900 0.012000 0.087600 0.036700 0.048800 0.042400 0.048900 0.072800 0.042700 0.039200 0.030000 0.030400 0.067900 0.042300 0.042400 0.042700 0.043000 0.030400 0.061900 0.055300 0.036600 0.036300
Suni 0.063100 0.248300 0.043500 0.175900 0.080900 0.063100 0.076500 0.070700 0.043500 0.089500 0.076200 0.057100 0.056700 0.062500 0.000000 0.063700 0.056400 0.056100 0.056800 0.043500 0.089400 0.069300 0.089100 0.062400 0.076200 0.056800 0.056700 0.043500 0.064100 0.043500 0.096300 0.050100 0.117400 0.063600 0.076000 0.075800 0.076200 0.087500 0.069800 0.066300 0.069200 0.056800 0.082600 0.069100 0.069300 0.082900 0.070300 0.056900 0.090200 0.083000 0.050200 0.049800
Springbuck 0.037200 0.215200 0.030800 0.168300 0.067800 0.037200 0.050000 0.018600 0.030800 0.056200 0.049800 0.031100 0.030900 0.036800 0.063700 0.000000 0.037100 0.030600 0.031000 0.030800 0.036900 0.043300 0.062400 0.036700 0.049800 0.018400 0.030900 0.030800 0.000100 0.030800 0.062700 0.024600 0.089500 0.037500 0.049700 0.049600 0.049800 0.074200 0.024600 0.039800 0.043200 0.018400 0.062700 0.043100 0.037000 0.056300 0.031100 0.031000 0.050100 0.069500 0.024600 0.037000
Okapi 0.036700 0.228800 0.030400 0.181100 0.067000 0.036700 0.049400 0.043600 0.030400 0.061900 0.049200 0.030700 0.030600 0.036300 0.056400 0.037100 0.000000 0.011900 0.030600 0.030400 0.061900 0.042800 0.061700 0.036300 0.049200 0.030600 0.030600 0.030400 0.037300 0.030400 0.068400 0.024300 0.088300 0.037000 0.049100 0.042700 0.049200 0.073400 0.043000 0.039500 0.042700 0.030600 0.068400 0.042600 0.042800 0.043000 0.043400 0.030600 0.062400 0.068700 0.036800 0.036600
Giraffe 0.036500 0.227600 0.030300 0.180200 0.066700 0.036500 0.049200 0.037000 0.030300 0.061600 0.049000 0.030600 0.030400 0.036200 0.056100 0.030600 0.011900 0.000000 0.030500 0.030300 0.055200 0.042500 0.061300 0.036100 0.049000 0.030400 0.030400 0.030300 0.030800 0.030300 0.068000 0.024100 0.087900 0.036800 0.048900 0.030100 0.049000 0.073000 0.030300 0.041500 0.042500 0.030400 0.068000 0.042400 0.030100 0.055400 0.043100 0.030500 0.062100 0.068300 0.036600 0.036400
TibetanAnt 0.018300 0.222800 0.024400 0.175300 0.061200 0.018300 0.043400 0.037500 0.024400 0.056000 0.018200 0.024700 0.012200 0.030400 0.056800 0.031000 0.030600 0.030500 0.000000 0.024400 0.055900 0.012100 0.055700 0.030400 0.018200 0.024600 0.012200 0.024400 0.031200 0.024400 0.062500 0.018300 0.082400 0.018400 0.030600 0.049400 0.018200 0.067500 0.037000 0.033200 0.036700 0.024600 0.062500 0.036700 0.036800 0.049700 0.037300 0.024600 0.056400 0.062700 0.030800 0.030600
Sitatunga 0.030500 0.205000 0.000000 0.159600 0.048200 0.030500 0.043200 0.037300 0.000000 0.055600 0.042900 0.024500 0.024400 0.030200 0.043500 0.030800 0.030400 0.030300 0.024400 0.000000 0.055500 0.036600 0.055400 0.030200 0.042900 0.024400 0.024400 0.000000 0.031000 0.000000 0.062100 0.018200 0.081800 0.030800 0.042900 0.049100 0.042900 0.054400 0.036800 0.033500 0.036500 0.024400 0.049200 0.036400 0.036600 0.049400 0.037100 0.024400 0.056000 0.049400 0.005800 0.006000
Oribi 0.062000 0.235800 0.055500 0.195000 0.092600 0.062000 0.075100 0.043400 0.055500 0.087900 0.074800 0.056000 0.055700 0.061400 0.089400 0.036900 0.061900 0.055200 0.055900 0.055500 0.000000 0.068100 0.087500 0.061300 0.074800 0.030400 0.055700 0.055500 0.037100 0.055500 0.094600 0.049200 0.115200 0.062500 0.074700 0.074500 0.074800 0.099100 0.049200 0.059500 0.068000 0.028400 0.094600 0.055100 0.061700 0.081500 0.055800 0.055900 0.075200 0.095000 0.049300 0.061700
BarbaryShe 0.018100 0.236000 0.036600 0.187900 0.060600 0.018100 0.055700 0.049900 0.036600 0.068300 0.018000 0.036900 0.024200 0.042500 0.069300 0.043300 0.042800 0.042500 0.012100 0.036600 0.068100 0.000000 0.068000 0.042500 0.018000 0.036700 0.024200 0.036600 0.043500 0.036600 0.074800 0.030400 0.068500 0.030600 0.042500 0.061600 0.017200 0.066800 0.036700 0.046600 0.048900 0.036700 0.074800 0.048800 0.048900 0.062000 0.049600 0.036800 0.068500 0.075100 0.043000 0.042700
Daviddeer 0.061900 0.243300 0.055400 0.209800 0.092500 0.061900 0.068500 0.069200 0.055400 0.036500 0.074700 0.043100 0.055600 0.048600 0.089100 0.062400 0.061700 0.061300 0.055700 0.055400 0.087500 0.068000 0.000000 0.024000 0.074700 0.055600 0.055600 0.055400 0.062800 0.055400 0.042700 0.049000 0.115000 0.062400 0.074500 0.067800 0.074700 0.098900 0.068300 0.027400 0.018000 0.055600 0.042700 0.030100 0.067900 0.081300 0.068900 0.055700 0.088300 0.081400 0.062100 0.061600
Reindeer 0.036500 0.232600 0.030200 0.179700 0.066600 0.036500 0.049000 0.043200 0.030200 0.024100 0.048900 0.030500 0.030300 0.036100 0.062400 0.036700 0.036300 0.036100 0.030400 0.030200 0.061300 0.042500 0.024000 0.000000 0.048900 0.030300 0.030300 0.030200 0.037000 0.030200 0.030200 0.024100 0.087700 0.036700 0.048800 0.054900 0.048900 0.072800 0.042700 0.000100 0.005900 0.030300 0.030200 0.005900 0.042400 0.055300 0.043000 0.030400 0.061900 0.068200 0.036600 0.036300
Ibex 0.024300 0.228600 0.042900 0.195900 0.067100 0.024300 0.062300 0.056500 0.042900 0.075000 0.000000 0.043400 0.030500 0.048900 0.076200 0.049800 0.049200 0.049000 0.018200 0.042900 0.074800 0.018000 0.074700 0.048900 0.000000 0.043200 0.030500 0.042900 0.050100 0.042900 0.081600 0.036700 0.088500 0.037000 0.049000 0.068200 0.000000 0.073400 0.043100 0.053300 0.055400 0.043200 0.081600 0.055300 0.055400 0.068600 0.043400 0.043300 0.075300 0.081900 0.049500 0.049100
GyrantGaze 0.030700 0.206100 0.024400 0.160300 0.061000 0.030700 0.043400 0.024800 0.024400 0.055900 0.043200 0.024600 0.024500 0.030400 0.056800 0.018400 0.030600 0.030400 0.024600 0.024400 0.030400 0.036700 0.055600 0.030300 0.043200 0.000000 0.024500 0.024400 0.018500 0.024400 0.062300 0.018200 0.082200 0.030900 0.043100 0.049300 0.043200 0.067300 0.024400 0.033600 0.036700 0.000000 0.062300 0.024200 0.036700 0.049600 0.024600 0.024600 0.043400 0.062600 0.018300 0.030500
Hartebeest 0.018200 0.221600 0.024400 0.174500 0.061000 0.018200 0.043300 0.037400 0.024400 0.055800 0.030500 0.024600 0.000000 0.030300 0.056700 0.030900 0.030600 0.030400 0.012200 0.024400 0.055700 0.024200 0.055600 0.030300 0.030500 0.024500 0.000000 0.024400 0.031100 0.024400 0.062300 0.018200 0.082100 0.006100 0.030400 0.049200 0.030500 0.067300 0.036900 0.033900 0.036600 0.024500 0.062300 0.036600 0.036700 0.049500 0.037200 0.024500 0.043300 0.062500 0.030700 0.030500
Bongo 0.030500 0.205000 0.000000 0.159600 0.048200 0.030500 0.043200 0.037300 0.000000 0.055600 0.042900 0.024500 0.024400 0.030200 0.043500 0.030800 0.030400 0.030300 0.024400 0.000000 0.055500 0.036600 0.055400 0.030200 0.042900 0.024400 0.024400 0.000000 0.031000 0.000000 0.062100 0.018200 0.081800 0.030800 0.042900 0.049100 0.043000 0.054400 0.036800 0.033500 0.036500 0.024400 0.049200 0.036400 0.036600 0.049400 0.037100 0.024400 0.056000 0.049400 0.006000 0.005700
Gerenuk 0.037400 0.216500 0.031000 0.169300 0.068200 0.037400 0.050300 0.018700 0.031000 0.056500 0.050100 0.031300 0.031100 0.037000 0.064100 0.000100 0.037300 0.030800 0.031200 0.031000 0.037100 0.043500 0.062800 0.037000 0.050100 0.018500 0.031100 0.031000 0.000000 0.031000 0.063000 0.024700 0.090000 0.037700 0.050000 0.049900 0.050100 0.074600 0.024700 0.039700 0.043400 0.018500 0.063000 0.043400 0.037200 0.056700 0.031300 0.031200 0.050400 0.070000 0.024800 0.037200
CommonElan 0.030500 0.205000 0.000000 0.159600 0.048200 0.030500 0.043200 0.037300 0.000000 0.055600 0.042900 0.024500 0.024400 0.030200 0.043500 0.030800 0.030400 0.030300 0.024400 0.000000 0.055500 0.036600 0.055400 0.030200 0.042900 0.024400 0.024400 0.000000 0.031000 0.000000 0.062100 0.018200 0.081800 0.030800 0.042900 0.049100 0.042900 0.054400 0.036800 0.033500 0.036500 0.024400 0.049200 0.036400 0.036600 0.049400 0.037100 0.024400 0.056000 0.049400 0.006000 0.006000
MuntiacusR 0.068700 0.236500 0.062100 0.203300 0.099500 0.068700 0.062400 0.076200 0.062100 0.005700 0.081600 0.062700 0.062300 0.067900 0.096300 0.062700 0.068400 0.068000 0.062500 0.062100 0.094600 0.074800 0.042700 0.030200 0.081600 0.062300 0.062300 0.062100 0.063000 0.062100 0.000000 0.055700 0.122500 0.069200 0.081400 0.087700 0.081600 0.106000 0.075200 0.034500 0.036500 0.062300 0.011900 0.036500 0.074700 0.081700 0.075800 0.062500 0.082100 0.102000 0.068900 0.068300
HarveysDui 0.024400 0.213400 0.018200 0.167100 0.054500 0.024400 0.024400 0.030900 0.018200 0.049300 0.036700 0.018300 0.018200 0.012000 0.050100 0.024600 0.024300 0.024100 0.018300 0.018200 0.049200 0.030400 0.049000 0.024100 0.036700 0.018200 0.018200 0.018200 0.024700 0.018200 0.055700 0.000000 0.075200 0.024500 0.036600 0.042800 0.036700 0.060800 0.030600 0.026700 0.030300 0.018200 0.055700 0.030300 0.030400 0.043200 0.030800 0.018300 0.049700 0.055900 0.024400 0.024200
Pronghorn 0.067200 0.276700 0.081800 0.232700 0.093300 0.067200 0.102300 0.096600 0.081800 0.115500 0.088500 0.082600 0.082100 0.087600 0.117400 0.089500 0.088300 0.087900 0.082400 0.081800 0.115200 0.068500 0.115000 0.087700 0.088500 0.082200 0.082100 0.081800 0.090000 0.081800 0.122500 0.075200 0.000000 0.089200 0.101700 0.108400 0.088500 0.099800 0.082000 0.091900 0.094700 0.082200 0.122500 0.094500 0.094900 0.114700 0.096100 0.082400 0.116200 0.115900 0.088900 0.088200
BlueWildeb 0.024600 0.230900 0.030800 0.182600 0.067700 0.024600 0.050000 0.044100 0.030800 0.062600 0.037000 0.031100 0.006100 0.036700 0.063600 0.037500 0.037000 0.036800 0.018400 0.030800 0.062500 0.030600 0.062400 0.036700 0.037000 0.030900 0.006100 0.030800 0.037700 0.030800 0.069200 0.024500 0.089200 0.000000 0.036900 0.055900 0.037000 0.074100 0.043500 0.040400 0.043200 0.030900 0.069200 0.043100 0.043200 0.056300 0.043900 0.031000 0.050200 0.069500 0.037300 0.036900
Gemsbok 0.036600 0.237000 0.042900 0.166800 0.079700 0.036600 0.062200 0.056400 0.042900 0.074800 0.049000 0.043300 0.030400 0.048800 0.076000 0.049700 0.049100 0.048900 0.030600 0.042900 0.074700 0.042500 0.074500 0.048800 0.049000 0.043100 0.030400 0.042900 0.050000 0.042900 0.081400 0.036600 0.101700 0.036900 0.000000 0.068100 0.045000 0.073300 0.055600 0.053200 0.055200 0.043100 0.081400 0.055100 0.055300 0.068500 0.056100 0.043200 0.075100 0.081700 0.049400 0.049000
Yak 0.059700 0.236500 0.049100 0.203100 0.086000 0.059700 0.068500 0.056300 0.049100 0.081100 0.068200 0.036900 0.049200 0.042400 0.075800 0.049600 0.042700 0.030100 0.049400 0.049100 0.074500 0.061600 0.067800 0.054900 0.068200 0.049300 0.049200 0.049100 0.049900 0.049100 0.087700 0.042800 0.108400 0.055900 0.068100 0.000000 0.068200 0.092400 0.049100 0.058200 0.048700 0.049300 0.087700 0.061300 0.011900 0.074800 0.062500 0.049400 0.081800 0.074900 0.055700 0.055300
BlueSheep 0.024300 0.228600 0.042900 0.195900 0.067100 0.024300 0.062300 0.056500 0.042900 0.075000 0.000000 0.043400 0.030500 0.048900 0.076200 0.049800 0.049200 0.049000 0.018200 0.042900 0.074800 0.017200 0.074700 0.048900 0.000000 0.043200 0.030500 0.043000 0.050100 0.042900 0.081600 0.036700 0.088500 0.037000 0.045000 0.068200 0.000000 0.073400 0.043100 0.053300 0.055400 0.043200 0.081600 0.055300 0.055400 0.068600 0.043400 0.043300 0.075300 0.081900 0.049500 0.049100
BohorReedb 0.060800 0.254600 0.054400 0.206100 0.005600 0.060800 0.086600 0.081000 0.054400 0.099300 0.073400 0.067700 0.067300 0.072800 0.087500 0.074200 0.073400 0.073000 0.067500 0.054400 0.099100 0.066800 0.098900 0.072800 0.073400 0.067300 0.067300 0.054400 0.074600 0.054400 0.106000 0.060800 0.099800 0.074100 0.073300 0.092400 0.073400 0.000000 0.067200 0.077700 0.079500 0.067300 0.092700 0.079400 0.079600 0.093000 0.080600 0.067500 0.086900 0.092900 0.060900 0.060500
KirksDik 0.030600 0.221100 0.036800 0.174000 0.060900 0.030600 0.056000 0.031000 0.036800 0.068600 0.043100 0.037100 0.036900 0.042700 0.069800 0.024600 0.043000 0.030300 0.037000 0.036800 0.049200 0.036700 0.068300 0.042700 0.043100 0.024400 0.036900 0.036800 0.024700 0.036800 0.075200 0.030600 0.082000 0.043500 0.055600 0.049100 0.043100 0.067200 0.000000 0.046400 0.049100 0.024400 0.075200 0.049100 0.036600 0.062300 0.037100 0.037000 0.056100 0.075500 0.030600 0.042900
RoeDeer 0.040100 0.233400 0.033500 0.184700 0.071300 0.040100 0.052100 0.046800 0.033500 0.028000 0.053300 0.033300 0.033900 0.039200 0.066300 0.039800 0.039500 0.041500 0.033200 0.033500 0.059500 0.046600 0.027400 0.000100 0.053300 0.033600 0.033900 0.033500 0.039700 0.033500 0.034500 0.026700 0.091900 0.040400 0.053200 0.058200 0.053300 0.077700 0.046400 0.000000 0.007300 0.033600 0.034500 0.007300 0.045300 0.065600 0.047000 0.033200 0.066900 0.072600 0.040200 0.039900
WhiteLippe 0.042800 0.219300 0.036500 0.187700 0.073100 0.042800 0.055600 0.049800 0.036500 0.030300 0.055400 0.024400 0.036600 0.030000 0.069200 0.043200 0.042700 0.042500 0.036700 0.036500 0.068000 0.048900 0.018000 0.005900 0.055400 0.036700 0.036600 0.036500 0.043400 0.036500 0.036500 0.030300 0.094700 0.043200 0.055200 0.048700 0.055400 0.079500 0.049100 0.007300 0.000000 0.036700 0.036500 0.011900 0.048800 0.061900 0.049500 0.036700 0.068600 0.061900 0.043000 0.042600
ThomsonGaz 0.030700 0.206100 0.024400 0.160300 0.061000 0.030700 0.043400 0.024800 0.024400 0.055900 0.043200 0.024600 0.024500 0.030400 0.056800 0.018400 0.030600 0.030400 0.024600 0.024400 0.028400 0.036700 0.055600 0.030300 0.043200 0.000000 0.024500 0.024400 0.018500 0.024400 0.062300 0.018200 0.082200 0.030900 0.043100 0.049300 0.043200 0.067300 0.024400 0.033600 0.036700 0.000000 0.062300 0.024200 0.036700 0.049600 0.024600 0.024600 0.043400 0.062600 0.018300 0.030500
MuntiacusC 0.068700 0.236100 0.049200 0.188100 0.086200 0.068700 0.075400 0.076200 0.049200 0.005700 0.081600 0.062700 0.062300 0.067900 0.082600 0.062700 0.068400 0.068000 0.062500 0.049200 0.094600 0.074800 0.042700 0.030200 0.081600 0.062300 0.062300 0.049200 0.063000 0.049200 0.011900 0.055700 0.122500 0.069200 0.081400 0.087700 0.081600 0.092700 0.075200 0.034500 0.036500 0.062300 0.000000 0.036400 0.074700 0.081600 0.075800 0.062500 0.082100 0.088400 0.055800 0.055400
WhiteTaile 0.042800 0.235000 0.036400 0.187300 0.073000 0.042800 0.055500 0.049700 0.036400 0.030200 0.055300 0.036800 0.036600 0.042300 0.069100 0.043100 0.042600 0.042400 0.036700 0.036400 0.055100 0.048800 0.030100 0.005900 0.055300 0.024200 0.036600 0.036400 0.043400 0.036400 0.036500 0.030300 0.094500 0.043100 0.055100 0.061300 0.055300 0.079400 0.049100 0.007300 0.011900 0.024200 0.036400 0.000000 0.048700 0.061700 0.049400 0.036700 0.068500 0.074800 0.042900 0.042600
Cattle 0.046900 0.237000 0.036600 0.188500 0.073200 0.046900 0.055700 0.043500 0.036600 0.068200 0.055400 0.036900 0.036700 0.042400 0.069300 0.037000 0.042800 0.030100 0.036800 0.036600 0.061700 0.048900 0.067900 0.042400 0.055400 0.036700 0.036700 0.036600 0.037200 0.036600 0.074700 0.030400 0.094900 0.043200 0.055300 0.011900 0.055400 0.079600 0.036600 0.045300 0.048800 0.036700 0.074700 0.048700 0.000000 0.061900 0.049600 0.036800 0.068700 0.075000 0.043000 0.042700
RoyalAntel 0.055900 0.213400 0.049400 0.153100 0.086500 0.055900 0.068900 0.063100 0.049400 0.075000 0.068600 0.049800 0.049500 0.042700 0.082900 0.056300 0.043000 0.055400 0.049700 0.049400 0.081500 0.062000 0.081300 0.055300 0.068600 0.049600 0.049500 0.049400 0.056700 0.049400 0.081700 0.043200 0.114700 0.056300 0.068500 0.074800 0.068600 0.093000 0.062300 0.065600 0.061900 0.049600 0.081600 0.061700 0.061900 0.000000 0.062800 0.037000 0.075600 0.088700 0.056000 0.055600
Steenbok 0.043500 0.207000 0.037100 0.175400 0.074100 0.043500 0.056500 0.037600 0.037100 0.069100 0.043400 0.037400 0.037200 0.043000 0.070300 0.031100 0.043400 0.043100 0.037300 0.037100 0.055800 0.049600 0.068900 0.043000 0.043400 0.024600 0.037200 0.037100 0.031300 0.037100 0.075800 0.030800 0.096100 0.043900 0.056100 0.062500 0.043400 0.080600 0.037100 0.047000 0.049500 0.024600 0.075800 0.049400 0.049600 0.062800 0.000000 0.037300 0.056600 0.076100 0.030900 0.043300
Impala 0.030700 0.205800 0.024400 0.153900 0.061200 0.030700 0.043400 0.035400 0.024400 0.056000 0.043300 0.024700 0.024500 0.030400 0.056900 0.031000 0.030600 0.030500 0.024600 0.024400 0.055900 0.036800 0.055700 0.030400 0.043300 0.024600 0.024500 0.024400 0.031200 0.024400 0.062500 0.018300 0.082400 0.031000 0.043200 0.049400 0.043300 0.067500 0.037000 0.033200 0.036700 0.024600 0.062500 0.036700 0.036800 0.037000 0.037300 0.000000 0.056400 0.062700 0.030800 0.030600
Klipspring 0.062600 0.213600 0.056000 0.167400 0.080400 0.062600 0.075900 0.056900 0.056000 0.075500 0.075300 0.056600 0.043300 0.061900 0.090200 0.050100 0.062400 0.062100 0.056400 0.056000 0.075200 0.068500 0.088300 0.061900 0.075300 0.043400 0.043300 0.056000 0.050400 0.056000 0.082100 0.049700 0.116200 0.050200 0.075100 0.081800 0.075300 0.086900 0.056100 0.066900 0.068600 0.043400 0.082100 0.068500 0.068700 0.075600 0.056600 0.056400 0.000000 0.095900 0.049800 0.062300
ForestMusk 0.068900 0.221300 0.049400 0.203600 0.086500 0.068900 0.082300 0.076500 0.049400 0.095200 0.081900 0.049900 0.062500 0.055300 0.083000 0.069500 0.068700 0.068300 0.062700 0.049400 0.095000 0.075100 0.081400 0.068200 0.081900 0.062600 0.062500 0.049400 0.070000 0.049400 0.102000 0.055900 0.115900 0.069500 0.081700 0.074900 0.081900 0.092900 0.075500 0.072600 0.061900 0.062600 0.088400 0.074800 0.075000 0.088700 0.076100 0.062700 0.095900 0.000000 0.056000 0.055600
Bushbuck 0.037000 0.197900 0.005700 0.153000 0.054700 0.037000 0.049700 0.031000 0.005700 0.062300 0.049500 0.030900 0.030700 0.036600 0.050200 0.024600 0.036800 0.036600 0.030800 0.005800 0.049300 0.043000 0.062100 0.036600 0.049500 0.018300 0.030700 0.006000 0.024800 0.006000 0.068900 0.024400 0.088900 0.037300 0.049400 0.055700 0.049500 0.060900 0.030600 0.040200 0.043000 0.018300 0.055800 0.042900 0.043000 0.056000 0.030900 0.030800 0.049800 0.056000 0.000000 0.012000
GreaterKud 0.036700 0.212200 0.006000 0.166300 0.054300 0.036700 0.049300 0.043500 0.005700 0.061800 0.049100 0.030700 0.030500 0.036300 0.049800 0.037000 0.036600 0.036400 0.030600 0.006000 0.061700 0.042700 0.061600 0.036300 0.049100 0.030500 0.030500 0.005700 0.037200 0.006000 0.068300 0.024200 0.088200 0.036900 0.049000 0.055300 0.049100 0.060500 0.042900 0.039900 0.042600 0.030500 0.055400 0.042600 0.042700 0.055600 0.043300 0.030600 0.062300 0.055600 0.012000 0.000000
