CODONML (in paml version 4.10.7, June 2023)  /home/rachel/ruminants_paml/6406-phy-tree/ENSBTAT00000034155.fasta.phy
Model: free dN/dS Ratios for branches,  kappa = 2.000 fixed

Codon frequency model: F3x4
ns =  54  ls =  99

Codon usage in sequences
--------------------------------------------------------------------------------------------------------------------------------------
Phe TTT   0   0   0   0   0   0 | Ser TCT   2   2   2   4   2   2 | Tyr TAT   1   1   1   0   1   1 | Cys TGT   0   0   0   0   0   0
    TTC   1   1   1   1   1   1 |     TCC   0   0   0   0   0   0 |     TAC   1   1   1   1   1   1 |     TGC   1   1   1   2   1   1
Leu TTA   0   0   0   0   0   0 |     TCA   0   0   0   1   0   0 | *** TAA   0   0   0   0   0   0 | *** TGA   0   0   0   0   0   0
    TTG   0   0   0   0   0   0 |     TCG   0   0   0   0   0   0 |     TAG   0   0   0   0   0   0 | Trp TGG   1   1   1   0   1   1
--------------------------------------------------------------------------------------------------------------------------------------
Leu CTT   0   0   0   0   0   0 | Pro CCT  16  15  16  13  14  16 | His CAT   0   0   1   0   2   0 | Arg CGT   0   0   0   0   0   0
    CTC   1   1   1   1   1   1 |     CCC   4   6   4   3   4   3 |     CAC   3   3   2   3   1   3 |     CGC   0   1   0   1   0   0
    CTA   0   0   0   1   0   0 |     CCA   5   5   5   2   7   7 | Gln CAA   1   1   1   2   1   1 |     CGA   1   0   1   2   2   1
    CTG   1   2   1   1   1   1 |     CCG   1   0   1   0   1   0 |     CAG   3   2   3   4   3   3 |     CGG   1   2   1   0   0   1
--------------------------------------------------------------------------------------------------------------------------------------
Ile ATT   1   1   1   2   1   2 | Thr ACT   1   2   1   0   3   2 | Asn AAT   0   0   0   0   0   0 | Ser AGT   1   1   1   1   1   1
    ATC   1   1   1   2   1   0 |     ACC   2   1   2   2   0   1 |     AAC   0   0   0   0   0   0 |     AGC   1   1   1   1   1   1
    ATA   1   1   1   2   1   1 |     ACA   1   1   1   1   1   1 | Lys AAA   4   3   4   3   5   5 | Arg AGA   2   2   2   3   2   2
Met ATG  12  12  12   9  12  12 |     ACG   0   0   0   0   0   0 |     AAG   3   4   3   5   2   2 |     AGG   1   0   1   0   1   1
--------------------------------------------------------------------------------------------------------------------------------------
Val GTT   0   0   0   0   0   0 | Ala GCT   2   1   2   3   2   1 | Asp GAT   0   0   0   2   0   0 | Gly GGT   2   1   2   0   2   1
    GTC   0   0   0   0   0   0 |     GCC   0   0   0   0   0   1 |     GAC   3   3   3   1   3   3 |     GGC   1   1   1   2   2   2
    GTA   0   0   0   0   0   0 |     GCA   3   4   3   4   3   3 | Glu GAA   1   1   1   2   1   1 |     GGA   3   4   3   3   2   3
    GTG   3   3   3   3   3   3 |     GCG   0   0   0   0   0   0 |     GAG   2   2   2   1   2   2 |     GGG   4   4   4   5   4   4
--------------------------------------------------------------------------------------------------------------------------------------

--------------------------------------------------------------------------------------------------------------------------------------
Phe TTT   0   0   0   0   0   0 | Ser TCT   2   2   2   2   2   2 | Tyr TAT   1   1   1   1   1   1 | Cys TGT   0   0   0   0   0   0
    TTC   1   1   1   1   1   1 |     TCC   0   0   0   0   0   0 |     TAC   1   1   1   1   1   1 |     TGC   1   1   1   1   1   1
Leu TTA   0   0   0   0   0   0 |     TCA   0   0   0   0   0   0 | *** TAA   0   0   0   0   0   0 | *** TGA   0   0   0   0   0   0
    TTG   0   0   0   0   0   0 |     TCG   0   0   0   0   0   0 |     TAG   0   0   0   0   0   0 | Trp TGG   1   1   1   1   1   1
--------------------------------------------------------------------------------------------------------------------------------------
Leu CTT   0   0   0   0   0   0 | Pro CCT  16  16  16  16  16  15 | His CAT   0   0   0   0   1   0 | Arg CGT   0   0   0   0   0   0
    CTC   1   1   1   1   1   1 |     CCC   4   4   4   4   4   5 |     CAC   3   3   3   3   2   3 |     CGC   0   0   0   0   0   0
    CTA   0   0   0   0   0   0 |     CCA   5   5   5   5   6   5 | Gln CAA   1   1   1   1   1   1 |     CGA   1   1   1   1   1   1
    CTG   1   1   1   1   1   1 |     CCG   1   1   1   1   0   1 |     CAG   3   3   3   3   3   3 |     CGG   1   1   1   1   1   1
--------------------------------------------------------------------------------------------------------------------------------------
Ile ATT   1   1   1   1   1   1 | Thr ACT   1   1   1   1   1   1 | Asn AAT   0   0   0   0   0   0 | Ser AGT   1   1   1   1   1   1
    ATC   1   1   1   1   1   1 |     ACC   2   2   2   2   2   2 |     AAC   0   0   0   0   0   0 |     AGC   1   1   1   1   1   1
    ATA   1   1   1   1   1   1 |     ACA   1   1   1   1   1   1 | Lys AAA   4   4   4   4   4   4 | Arg AGA   2   2   2   2   2   2
Met ATG  12  12  12  12  12  12 |     ACG   0   0   0   0   0   0 |     AAG   3   3   3   3   3   3 |     AGG   1   1   1   1   1   1
--------------------------------------------------------------------------------------------------------------------------------------
Val GTT   0   0   0   0   0   0 | Ala GCT   2   2   2   2   2   2 | Asp GAT   0   0   0   0   0   0 | Gly GGT   2   2   2   2   2   1
    GTC   0   0   0   0   0   0 |     GCC   0   0   0   0   0   0 |     GAC   3   3   3   3   3   3 |     GGC   1   1   1   1   1   2
    GTA   0   0   0   0   0   0 |     GCA   3   3   3   3   3   3 | Glu GAA   1   1   1   1   1   1 |     GGA   3   3   3   3   3   2
    GTG   3   3   3   3   3   3 |     GCG   0   0   0   0   0   0 |     GAG   2   2   2   2   2   2 |     GGG   4   4   4   4   4   5
--------------------------------------------------------------------------------------------------------------------------------------

--------------------------------------------------------------------------------------------------------------------------------------
Phe TTT   0   0   0   0   0   0 | Ser TCT   2   2   2   2   4   2 | Tyr TAT   1   1   1   1   0   1 | Cys TGT   0   0   0   0   0   0
    TTC   1   1   1   1   1   1 |     TCC   0   0   0   0   0   0 |     TAC   1   1   1   2   1   1 |     TGC   1   1   1   1   1   1
Leu TTA   0   0   0   0   0   0 |     TCA   0   0   0   0   0   0 | *** TAA   0   0   0   0   0   0 | *** TGA   0   0   0   0   0   0
    TTG   0   0   0   0   0   0 |     TCG   0   0   0   0   0   0 |     TAG   0   0   0   0   0   0 | Trp TGG   1   1   1   1   0   1
--------------------------------------------------------------------------------------------------------------------------------------
Leu CTT   0   0   0   0   0   0 | Pro CCT  16  16  16  13  14  16 | His CAT   0   0   0   0   2   0 | Arg CGT   0   0   0   0   0   0
    CTC   1   1   1   1   1   1 |     CCC   4   4   4   4   4   4 |     CAC   3   3   3   2   3   3 |     CGC   0   0   0   0   0   0
    CTA   0   0   0   1   0   0 |     CCA   5   5   5   8   4   5 | Gln CAA   1   1   1   1   1   1 |     CGA   1   1   1   1   1   1
    CTG   1   1   1   1   2   1 |     CCG   1   1   1   0   1   1 |     CAG   3   3   3   3   3   3 |     CGG   1   1   1   1   2   1
--------------------------------------------------------------------------------------------------------------------------------------
Ile ATT   1   1   2   1   0   1 | Thr ACT   1   1   1   1   1   2 | Asn AAT   0   0   0   0   0   0 | Ser AGT   1   1   1   1   1   1
    ATC   1   1   0   2   1   1 |     ACC   2   2   2   2   1   1 |     AAC   0   0   0   0   0   0 |     AGC   1   1   1   1   1   1
    ATA   1   1   1   1   1   1 |     ACA   0   1   1   1   2   1 | Lys AAA   4   2   4   4   4   4 | Arg AGA   2   1   2   2   2   2
Met ATG  12  12  12  10  11  12 |     ACG   1   0   0   0   0   0 |     AAG   3   5   3   4   3   3 |     AGG   1   2   1   1   1   1
--------------------------------------------------------------------------------------------------------------------------------------
Val GTT   0   0   0   0   0   0 | Ala GCT   2   2   2   2   2   2 | Asp GAT   0   0   0   0   0   0 | Gly GGT   2   1   2   1   1   2
    GTC   0   0   0   0   0   0 |     GCC   0   0   0   0   0   0 |     GAC   3   3   3   3   3   3 |     GGC   1   2   1   2   1   1
    GTA   0   0   0   0   0   0 |     GCA   3   3   3   3   3   3 | Glu GAA   1   1   1   1   1   1 |     GGA   3   3   4   3   3   3
    GTG   3   3   3   3   4   3 |     GCG   0   0   0   0   0   0 |     GAG   2   2   2   2   2   2 |     GGG   4   4   3   4   5   4
--------------------------------------------------------------------------------------------------------------------------------------

--------------------------------------------------------------------------------------------------------------------------------------
Phe TTT   0   0   0   0   0   0 | Ser TCT   2   2   2   2   2   2 | Tyr TAT   1   1   1   1   1   1 | Cys TGT   0   0   0   0   0   0
    TTC   1   1   1   1   1   1 |     TCC   0   0   0   0   0   0 |     TAC   1   1   1   1   1   1 |     TGC   1   1   1   1   1   1
Leu TTA   0   0   0   0   0   0 |     TCA   0   0   0   0   0   0 | *** TAA   0   0   0   0   0   0 | *** TGA   0   0   0   0   0   0
    TTG   0   0   0   0   0   0 |     TCG   0   0   0   0   0   0 |     TAG   0   0   0   0   0   0 | Trp TGG   1   1   1   1   1   1
--------------------------------------------------------------------------------------------------------------------------------------
Leu CTT   0   0   0   0   0   0 | Pro CCT  16  16  16  16  16  17 | His CAT   0   0   0   1   0   0 | Arg CGT   0   0   0   0   0   0
    CTC   1   1   1   1   1   1 |     CCC   4   4   4   4   4   3 |     CAC   3   3   3   2   3   3 |     CGC   0   0   0   0   0   0
    CTA   0   0   0   0   0   0 |     CCA   5   5   5   5   5   5 | Gln CAA   2   2   1   1   1   1 |     CGA   1   1   1   1   1   1
    CTG   1   1   1   1   1   1 |     CCG   1   1   1   1   1   1 |     CAG   2   2   3   3   3   3 |     CGG   1   1   1   1   1   1
--------------------------------------------------------------------------------------------------------------------------------------
Ile ATT   1   1   1   1   1   1 | Thr ACT   1   1   1   1   1   1 | Asn AAT   0   0   0   0   0   0 | Ser AGT   1   1   1   1   0   1
    ATC   1   1   1   1   1   1 |     ACC   2   2   2   2   2   2 |     AAC   0   0   0   0   0   0 |     AGC   1   1   1   1   2   1
    ATA   1   1   1   1   1   1 |     ACA   1   1   1   1   1   0 | Lys AAA   4   4   4   4   4   4 | Arg AGA   2   2   2   2   2   2
Met ATG  12  12  12  12  12  12 |     ACG   0   0   0   0   0   1 |     AAG   3   3   3   3   3   3 |     AGG   1   1   1   1   1   1
--------------------------------------------------------------------------------------------------------------------------------------
Val GTT   0   0   0   0   0   0 | Ala GCT   2   2   2   2   2   2 | Asp GAT   0   0   0   0   0   0 | Gly GGT   1   1   2   2   2   2
    GTC   0   0   0   0   0   0 |     GCC   0   0   0   0   0   0 |     GAC   3   3   3   3   3   3 |     GGC   2   2   1   1   1   1
    GTA   0   0   0   0   0   0 |     GCA   3   3   3   3   3   3 | Glu GAA   1   1   1   1   1   1 |     GGA   3   3   3   3   3   3
    GTG   3   3   3   3   3   3 |     GCG   0   0   0   0   0   0 |     GAG   2   2   2   2   2   2 |     GGG   4   4   4   4   4   4
--------------------------------------------------------------------------------------------------------------------------------------

--------------------------------------------------------------------------------------------------------------------------------------
Phe TTT   0   0   0   0   0   0 | Ser TCT   2   2   2   2   2   2 | Tyr TAT   1   1   1   1   1   1 | Cys TGT   0   0   0   0   0   0
    TTC   1   1   1   1   1   1 |     TCC   0   0   0   0   0   0 |     TAC   1   1   1   1   1   1 |     TGC   1   1   1   1   1   1
Leu TTA   0   0   0   0   0   0 |     TCA   0   0   0   0   0   0 | *** TAA   0   0   0   0   0   0 | *** TGA   0   0   0   0   0   0
    TTG   0   0   0   0   0   0 |     TCG   0   0   0   0   0   0 |     TAG   0   0   0   0   0   0 | Trp TGG   1   1   1   1   1   1
--------------------------------------------------------------------------------------------------------------------------------------
Leu CTT   0   0   0   0   0   0 | Pro CCT  16  16  16  16  16  16 | His CAT   0   0   0   0   0   1 | Arg CGT   0   0   0   0   0   0
    CTC   2   1   1   1   1   1 |     CCC   4   4   4   4   4   4 |     CAC   3   3   3   3   3   2 |     CGC   0   0   0   0   0   0
    CTA   0   0   0   0   0   0 |     CCA   5   5   5   5   5   5 | Gln CAA   1   1   1   1   1   1 |     CGA   1   1   1   1   1   1
    CTG   0   1   1   1   1   1 |     CCG   1   1   1   1   1   1 |     CAG   3   3   3   3   3   3 |     CGG   1   1   1   1   1   1
--------------------------------------------------------------------------------------------------------------------------------------
Ile ATT   1   1   1   1   2   1 | Thr ACT   1   1   1   2   1   1 | Asn AAT   0   0   0   0   0   0 | Ser AGT   1   1   1   1   1   1
    ATC   1   1   1   1   0   1 |     ACC   2   2   2   1   2   2 |     AAC   0   0   0   0   0   0 |     AGC   1   1   1   1   1   1
    ATA   1   1   1   1   1   1 |     ACA   1   1   0   1   1   1 | Lys AAA   4   4   4   4   4   4 | Arg AGA   2   2   2   2   2   2
Met ATG  12  12  12  12  12  12 |     ACG   0   0   1   0   0   0 |     AAG   3   3   3   3   3   3 |     AGG   1   1   1   1   1   1
--------------------------------------------------------------------------------------------------------------------------------------
Val GTT   0   0   0   0   0   0 | Ala GCT   3   2   2   2   2   2 | Asp GAT   0   0   0   0   0   0 | Gly GGT   1   1   2   2   2   2
    GTC   0   0   0   0   0   0 |     GCC   0   0   0   0   0   0 |     GAC   3   3   3   3   3   3 |     GGC   2   2   1   1   1   1
    GTA   0   0   0   0   0   0 |     GCA   2   3   3   3   3   3 | Glu GAA   1   2   1   1   1   1 |     GGA   2   2   3   3   4   3
    GTG   3   3   3   3   3   3 |     GCG   0   0   0   0   0   0 |     GAG   2   1   2   2   2   2 |     GGG   5   5   4   4   3   4
--------------------------------------------------------------------------------------------------------------------------------------

--------------------------------------------------------------------------------------------------------------------------------------
Phe TTT   0   0   0   0   0   0 | Ser TCT   2   2   2   2   2   2 | Tyr TAT   1   1   1   1   0   1 | Cys TGT   0   0   0   0   0   0
    TTC   1   1   1   1   1   1 |     TCC   0   0   0   0   0   0 |     TAC   1   1   1   1   2   1 |     TGC   1   1   1   1   1   1
Leu TTA   0   0   0   0   0   0 |     TCA   0   0   0   0   0   0 | *** TAA   0   0   0   0   0   0 | *** TGA   0   0   0   0   0   0
    TTG   0   0   0   0   0   0 |     TCG   0   0   0   0   0   0 |     TAG   0   0   0   0   0   0 | Trp TGG   1   1   1   1   1   1
--------------------------------------------------------------------------------------------------------------------------------------
Leu CTT   0   0   0   0   0   0 | Pro CCT  16  16  16  15  14  16 | His CAT   0   1   0   0   0   0 | Arg CGT   0   0   0   0   0   0
    CTC   1   1   1   1   1   1 |     CCC   4   4   4   4   5   4 |     CAC   3   2   3   3   3   3 |     CGC   0   0   0   0   0   0
    CTA   0   0   0   0   0   0 |     CCA   5   5   5   6   5   5 | Gln CAA   1   1   1   1   1   1 |     CGA   1   1   1   1   1   1
    CTG   1   1   1   1   1   1 |     CCG   1   1   1   1   2   1 |     CAG   3   3   3   3   3   3 |     CGG   1   1   1   1   1   1
--------------------------------------------------------------------------------------------------------------------------------------
Ile ATT   1   1   1   1   0   2 | Thr ACT   2   1   1   1   1   1 | Asn AAT   0   0   0   0   0   0 | Ser AGT   1   1   1   1   1   1
    ATC   1   1   1   1   2   0 |     ACC   1   2   2   2   2   2 |     AAC   0   0   0   0   0   0 |     AGC   1   1   1   1   1   1
    ATA   1   1   1   1   1   1 |     ACA   1   1   1   1   1   1 | Lys AAA   4   4   4   4   2   4 | Arg AGA   2   2   2   2   1   2
Met ATG  12  12  12  12  12  12 |     ACG   0   0   0   0   0   0 |     AAG   3   3   3   3   5   3 |     AGG   1   1   1   1   2   1
--------------------------------------------------------------------------------------------------------------------------------------
Val GTT   0   0   0   0   0   0 | Ala GCT   2   2   1   2   1   2 | Asp GAT   0   0   0   0   0   0 | Gly GGT   2   2   1   2   0   2
    GTC   0   0   0   0   0   0 |     GCC   0   0   0   0   1   0 |     GAC   3   3   3   3   3   3 |     GGC   1   1   2   1   3   1
    GTA   0   0   0   0   0   0 |     GCA   3   3   4   3   3   3 | Glu GAA   1   1   1   1   0   1 |     GGA   3   3   2   3   3   4
    GTG   3   3   3   3   3   3 |     GCG   0   0   0   0   0   0 |     GAG   2   2   2   2   3   2 |     GGG   4   4   5   4   4   3
--------------------------------------------------------------------------------------------------------------------------------------

--------------------------------------------------------------------------------------------------------------------------------------
Phe TTT   0   0   0   0   0   0 | Ser TCT   2   2   2   2   2   2 | Tyr TAT   1   1   1   1   1   1 | Cys TGT   0   0   0   0   0   0
    TTC   1   1   1   1   1   1 |     TCC   0   0   0   0   0   0 |     TAC   1   1   1   1   1   1 |     TGC   1   1   1   1   1   1
Leu TTA   0   0   0   0   0   0 |     TCA   0   0   0   0   0   0 | *** TAA   0   0   0   0   0   0 | *** TGA   0   0   0   0   0   0
    TTG   0   0   0   0   0   0 |     TCG   0   0   0   0   0   0 |     TAG   0   0   0   0   0   0 | Trp TGG   1   1   1   1   1   1
--------------------------------------------------------------------------------------------------------------------------------------
Leu CTT   0   0   0   0   0   0 | Pro CCT  16  16  16  17  16  16 | His CAT   0   0   0   0   0   0 | Arg CGT   0   0   0   0   0   0
    CTC   1   1   1   1   1   1 |     CCC   4   4   4   3   4   4 |     CAC   3   3   3   3   3   3 |     CGC   0   0   0   0   0   0
    CTA   0   0   0   0   0   0 |     CCA   5   5   5   5   5   5 | Gln CAA   1   1   1   1   1   1 |     CGA   1   1   1   1   1   1
    CTG   2   1   1   1   1   1 |     CCG   0   1   1   1   1   1 |     CAG   3   3   3   3   3   3 |     CGG   1   1   1   1   1   1
--------------------------------------------------------------------------------------------------------------------------------------
Ile ATT   1   1   1   1   1   1 | Thr ACT   1   1   1   1   1   1 | Asn AAT   0   0   0   0   0   0 | Ser AGT   1   1   1   1   1   1
    ATC   1   1   1   1   1   1 |     ACC   2   2   2   3   2   2 |     AAC   0   0   0   0   0   0 |     AGC   1   1   1   1   1   1
    ATA   1   1   1   1   1   1 |     ACA   1   1   1   0   1   1 | Lys AAA   4   2   4   4   4   4 | Arg AGA   2   1   2   2   2   2
Met ATG  12  12  12  12  12  12 |     ACG   0   0   0   0   0   0 |     AAG   3   5   3   3   3   3 |     AGG   1   2   1   1   1   1
--------------------------------------------------------------------------------------------------------------------------------------
Val GTT   0   0   0   0   0   0 | Ala GCT   2   2   2   2   2   2 | Asp GAT   0   0   0   0   0   0 | Gly GGT   2   2   2   2   2   1
    GTC   0   0   0   0   0   0 |     GCC   0   0   0   0   0   0 |     GAC   3   3   3   3   3   3 |     GGC   1   1   1   1   1   2
    GTA   0   0   0   0   0   0 |     GCA   3   3   3   3   3   3 | Glu GAA   1   1   1   1   1   1 |     GGA   3   3   3   3   3   2
    GTG   3   3   3   3   3   3 |     GCG   0   0   0   0   0   0 |     GAG   2   2   2   2   2   2 |     GGG   4   4   4   4   4   5
--------------------------------------------------------------------------------------------------------------------------------------

--------------------------------------------------------------------------------------------------------------------------------------
Phe TTT   0   0   0   0   0   0 | Ser TCT   2   2   2   2   2   2 | Tyr TAT   1   1   1   1   1   1 | Cys TGT   0   0   0   0   0   0
    TTC   1   1   1   1   1   1 |     TCC   0   0   0   0   0   0 |     TAC   1   1   1   1   1   1 |     TGC   1   1   1   1   1   1
Leu TTA   0   0   0   0   0   0 |     TCA   0   0   0   0   0   0 | *** TAA   0   0   0   0   0   0 | *** TGA   0   0   0   0   0   0
    TTG   0   0   0   0   0   0 |     TCG   0   0   0   0   0   0 |     TAG   0   0   0   0   0   0 | Trp TGG   1   1   1   1   1   1
--------------------------------------------------------------------------------------------------------------------------------------
Leu CTT   0   0   0   0   0   0 | Pro CCT  16  17  16  16  16  17 | His CAT   0   0   0   0   0   0 | Arg CGT   0   0   0   0   0   0
    CTC   2   1   1   1   1   1 |     CCC   4   3   4   4   4   3 |     CAC   3   3   3   3   3   3 |     CGC   0   0   0   0   0   0
    CTA   0   0   0   0   0   0 |     CCA   5   5   5   5   5   5 | Gln CAA   0   1   1   1   1   1 |     CGA   1   1   1   1   1   1
    CTG   0   1   1   1   1   1 |     CCG   1   1   1   1   1   1 |     CAG   4   3   3   3   3   3 |     CGG   1   1   1   1   1   1
--------------------------------------------------------------------------------------------------------------------------------------
Ile ATT   1   1   1   1   1   1 | Thr ACT   1   2   1   1   1   1 | Asn AAT   0   0   0   0   0   0 | Ser AGT   1   1   1   1   1   1
    ATC   1   1   1   1   1   1 |     ACC   2   1   2   2   2   2 |     AAC   0   0   0   0   0   0 |     AGC   1   1   1   1   1   1
    ATA   1   1   1   1   1   1 |     ACA   1   1   1   1   1   1 | Lys AAA   4   4   4   4   2   4 | Arg AGA   2   2   2   2   1   2
Met ATG  12  12  12  12  12  12 |     ACG   0   0   0   0   0   0 |     AAG   3   3   3   3   5   3 |     AGG   1   1   1   1   2   1
--------------------------------------------------------------------------------------------------------------------------------------
Val GTT   0   0   0   0   0   0 | Ala GCT   2   2   2   2   2   2 | Asp GAT   0   1   0   0   0   0 | Gly GGT   1   2   1   1   2   2
    GTC   0   0   0   0   0   0 |     GCC   0   0   0   0   0   0 |     GAC   3   2   3   3   3   3 |     GGC   2   1   2   2   1   1
    GTA   0   0   0   0   0   0 |     GCA   3   3   3   3   3   3 | Glu GAA   1   1   1   1   1   1 |     GGA   2   3   2   2   3   3
    GTG   3   3   3   3   3   3 |     GCG   0   0   0   0   0   0 |     GAG   2   2   2   2   2   2 |     GGG   5   4   5   5   4   4
--------------------------------------------------------------------------------------------------------------------------------------

--------------------------------------------------------------------------------------------------------------------------------------
Phe TTT   0   0   0   1   0   0 | Ser TCT   2   2   2   2   2   2 | Tyr TAT   1   1   1   1   1   1 | Cys TGT   0   0   0   0   0   0
    TTC   1   1   1   0   1   1 |     TCC   0   0   0   0   0   0 |     TAC   1   1   1   1   1   1 |     TGC   1   1   1   1   1   1
Leu TTA   0   0   0   0   0   0 |     TCA   0   0   0   0   0   0 | *** TAA   0   0   0   0   0   0 | *** TGA   0   0   0   0   0   0
    TTG   0   0   0   0   0   0 |     TCG   0   0   0   0   0   0 |     TAG   0   0   0   0   0   0 | Trp TGG   1   1   1   1   1   1
--------------------------------------------------------------------------------------------------------------------------------------
Leu CTT   0   0   0   0   0   0 | Pro CCT  16  16  16  15  16  16 | His CAT   0   0   0   0   1   1 | Arg CGT   0   0   0   0   0   0
    CTC   1   1   1   1   1   1 |     CCC   4   4   4   4   4   4 |     CAC   3   3   3   3   2   2 |     CGC   0   0   0   0   0   0
    CTA   0   0   0   0   0   0 |     CCA   5   6   5   6   5   5 | Gln CAA   1   1   1   1   1   1 |     CGA   1   1   1   1   1   1
    CTG   1   1   1   1   1   1 |     CCG   1   0   1   1   1   1 |     CAG   3   3   3   3   3   3 |     CGG   1   1   1   1   1   1
--------------------------------------------------------------------------------------------------------------------------------------
Ile ATT   1   1   1   1   1   1 | Thr ACT   1   1   1   1   1   1 | Asn AAT   0   0   0   0   0   0 | Ser AGT   1   1   1   1   1   1
    ATC   1   1   1   1   1   1 |     ACC   2   2   2   2   2   2 |     AAC   0   0   0   0   0   0 |     AGC   1   1   1   1   1   1
    ATA   1   1   1   1   1   1 |     ACA   1   1   1   1   1   1 | Lys AAA   4   4   4   2   4   4 | Arg AGA   2   2   2   2   2   2
Met ATG  12  12  12  12  12  12 |     ACG   0   0   0   0   0   0 |     AAG   3   3   3   5   3   3 |     AGG   1   1   1   1   1   1
--------------------------------------------------------------------------------------------------------------------------------------
Val GTT   0   0   0   0   0   0 | Ala GCT   2   2   2   2   2   2 | Asp GAT   0   0   0   0   0   0 | Gly GGT   2   2   2   1   2   2
    GTC   0   0   0   0   0   0 |     GCC   0   0   0   0   0   0 |     GAC   3   3   3   3   3   3 |     GGC   1   1   1   2   1   1
    GTA   0   0   0   0   0   0 |     GCA   3   3   3   3   3   3 | Glu GAA   1   1   1   1   1   1 |     GGA   3   3   3   3   3   3
    GTG   3   3   3   3   3   3 |     GCG   0   0   0   0   0   0 |     GAG   2   2   2   2   2   2 |     GGG   4   4   4   4   4   4
--------------------------------------------------------------------------------------------------------------------------------------

Codon position x base (3x4) table for each sequence.

#1: Argali         
position  1:    T:0.07071    C:0.37374    A:0.31313    G:0.24242
position  2:    T:0.21212    C:0.37374    A:0.22222    G:0.19192
position  3:    T:0.26263    C:0.19192    A:0.22222    G:0.32323
Average         T:0.18182    C:0.31313    A:0.25253    G:0.25253

#2: LesserMouseDeer
position  1:    T:0.07071    C:0.38384    A:0.30303    G:0.24242
position  2:    T:0.22222    C:0.37374    A:0.21212    G:0.19192
position  3:    T:0.24242    C:0.21212    A:0.22222    G:0.32323
Average         T:0.17845    C:0.32323    A:0.24579    G:0.25253

#3: LesserKudu     
position  1:    T:0.07071    C:0.37374    A:0.31313    G:0.24242
position  2:    T:0.21212    C:0.37374    A:0.22222    G:0.19192
position  3:    T:0.27273    C:0.18182    A:0.22222    G:0.32323
Average         T:0.18519    C:0.30976    A:0.25253    G:0.25253

#4: ForestMuskDeer2
position  1:    T:0.09091    C:0.33333    A:0.31313    G:0.26263
position  2:    T:0.22222    C:0.33333    A:0.24242    G:0.20202
position  3:    T:0.25253    C:0.20202    A:0.26263    G:0.28283
Average         T:0.18855    C:0.28956    A:0.27273    G:0.24916

#5: Camel          
position  1:    T:0.07071    C:0.37374    A:0.31313    G:0.24242
position  2:    T:0.21212    C:0.37374    A:0.22222    G:0.19192
position  3:    T:0.28283    C:0.16162    A:0.25253    G:0.30303
Average         T:0.18855    C:0.30303    A:0.26263    G:0.24579

#6: KillerWhale    
position  1:    T:0.07071    C:0.37374    A:0.31313    G:0.24242
position  2:    T:0.21212    C:0.37374    A:0.22222    G:0.19192
position  3:    T:0.26263    C:0.18182    A:0.25253    G:0.30303
Average         T:0.18182    C:0.30976    A:0.26263    G:0.24579

#7: DefassaWaterbuck
position  1:    T:0.07071    C:0.37374    A:0.31313    G:0.24242
position  2:    T:0.21212    C:0.37374    A:0.22222    G:0.19192
position  3:    T:0.26263    C:0.19192    A:0.22222    G:0.32323
Average         T:0.18182    C:0.31313    A:0.25253    G:0.25253

#8: Sheep          
position  1:    T:0.07071    C:0.37374    A:0.31313    G:0.24242
position  2:    T:0.21212    C:0.37374    A:0.22222    G:0.19192
position  3:    T:0.26263    C:0.19192    A:0.22222    G:0.32323
Average         T:0.18182    C:0.31313    A:0.25253    G:0.25253

#9: MaxwellsDuiker 
position  1:    T:0.07071    C:0.37374    A:0.31313    G:0.24242
position  2:    T:0.21212    C:0.37374    A:0.22222    G:0.19192
position  3:    T:0.26263    C:0.19192    A:0.22222    G:0.32323
Average         T:0.18182    C:0.31313    A:0.25253    G:0.25253

#10: GazellaPrzewalskyi
position  1:    T:0.07071    C:0.37374    A:0.31313    G:0.24242
position  2:    T:0.21212    C:0.37374    A:0.22222    G:0.19192
position  3:    T:0.26263    C:0.19192    A:0.22222    G:0.32323
Average         T:0.18182    C:0.31313    A:0.25253    G:0.25253

#11: MountainNyala  
position  1:    T:0.07071    C:0.37374    A:0.31313    G:0.24242
position  2:    T:0.21212    C:0.37374    A:0.22222    G:0.19192
position  3:    T:0.27273    C:0.18182    A:0.23232    G:0.31313
Average         T:0.18519    C:0.30976    A:0.25589    G:0.24916

#12: MuntiacusMuntjak
position  1:    T:0.07071    C:0.37374    A:0.31313    G:0.24242
position  2:    T:0.21212    C:0.37374    A:0.22222    G:0.19192
position  3:    T:0.24242    C:0.21212    A:0.21212    G:0.33333
Average         T:0.17508    C:0.31987    A:0.24916    G:0.25589

#13: goat           
position  1:    T:0.07071    C:0.37374    A:0.31313    G:0.24242
position  2:    T:0.21212    C:0.37374    A:0.22222    G:0.19192
position  3:    T:0.26263    C:0.19192    A:0.21212    G:0.33333
Average         T:0.18182    C:0.31313    A:0.24916    G:0.25589

#14: AfricanBuffalo 
position  1:    T:0.07071    C:0.37374    A:0.31313    G:0.24242
position  2:    T:0.21212    C:0.37374    A:0.22222    G:0.19192
position  3:    T:0.25253    C:0.20202    A:0.19192    G:0.35354
Average         T:0.17845    C:0.31650    A:0.24242    G:0.26263

#15: Topi           
position  1:    T:0.07071    C:0.37374    A:0.31313    G:0.24242
position  2:    T:0.21212    C:0.37374    A:0.22222    G:0.19192
position  3:    T:0.27273    C:0.18182    A:0.23232    G:0.31313
Average         T:0.18519    C:0.30976    A:0.25589    G:0.24916

#16: CommonDuiker   
position  1:    T:0.08081    C:0.36364    A:0.31313    G:0.24242
position  2:    T:0.21212    C:0.36364    A:0.23232    G:0.19192
position  3:    T:0.22222    C:0.21212    A:0.26263    G:0.30303
Average         T:0.17172    C:0.31313    A:0.26936    G:0.24579

#17: Suni           
position  1:    T:0.07071    C:0.38384    A:0.29293    G:0.25253
position  2:    T:0.21212    C:0.36364    A:0.23232    G:0.19192
position  3:    T:0.25253    C:0.18182    A:0.22222    G:0.34343
Average         T:0.17845    C:0.30976    A:0.24916    G:0.26263

#18: Springbuck     
position  1:    T:0.07071    C:0.37374    A:0.31313    G:0.24242
position  2:    T:0.21212    C:0.37374    A:0.22222    G:0.19192
position  3:    T:0.27273    C:0.18182    A:0.22222    G:0.32323
Average         T:0.18519    C:0.30976    A:0.25253    G:0.25253

#19: Okapi          
position  1:    T:0.07071    C:0.37374    A:0.31313    G:0.24242
position  2:    T:0.21212    C:0.37374    A:0.22222    G:0.19192
position  3:    T:0.25253    C:0.20202    A:0.23232    G:0.31313
Average         T:0.17845    C:0.31650    A:0.25589    G:0.24916

#20: Giraffe        
position  1:    T:0.07071    C:0.37374    A:0.31313    G:0.24242
position  2:    T:0.21212    C:0.37374    A:0.22222    G:0.19192
position  3:    T:0.25253    C:0.20202    A:0.23232    G:0.31313
Average         T:0.17845    C:0.31650    A:0.25589    G:0.24916

#21: TibetanAntelope
position  1:    T:0.07071    C:0.37374    A:0.31313    G:0.24242
position  2:    T:0.21212    C:0.37374    A:0.22222    G:0.19192
position  3:    T:0.26263    C:0.19192    A:0.22222    G:0.32323
Average         T:0.18182    C:0.31313    A:0.25253    G:0.25253

#22: Sitatunga      
position  1:    T:0.07071    C:0.37374    A:0.31313    G:0.24242
position  2:    T:0.21212    C:0.37374    A:0.22222    G:0.19192
position  3:    T:0.27273    C:0.18182    A:0.22222    G:0.32323
Average         T:0.18519    C:0.30976    A:0.25253    G:0.25253

#23: Oribi          
position  1:    T:0.07071    C:0.37374    A:0.31313    G:0.24242
position  2:    T:0.21212    C:0.37374    A:0.22222    G:0.19192
position  3:    T:0.25253    C:0.20202    A:0.22222    G:0.32323
Average         T:0.17845    C:0.31650    A:0.25253    G:0.25253

#24: BarbarySheep   
position  1:    T:0.07071    C:0.37374    A:0.31313    G:0.24242
position  2:    T:0.21212    C:0.37374    A:0.22222    G:0.19192
position  3:    T:0.27273    C:0.18182    A:0.21212    G:0.33333
Average         T:0.18519    C:0.30976    A:0.24916    G:0.25589

#25: Daviddeer      
position  1:    T:0.07071    C:0.37374    A:0.31313    G:0.24242
position  2:    T:0.21212    C:0.37374    A:0.22222    G:0.19192
position  3:    T:0.26263    C:0.21212    A:0.20202    G:0.32323
Average         T:0.18182    C:0.31987    A:0.24579    G:0.25253

#26: Reindeer       
position  1:    T:0.07071    C:0.37374    A:0.31313    G:0.24242
position  2:    T:0.21212    C:0.37374    A:0.22222    G:0.19192
position  3:    T:0.25253    C:0.20202    A:0.22222    G:0.32323
Average         T:0.17845    C:0.31650    A:0.25253    G:0.25253

#27: Ibex           
position  1:    T:0.07071    C:0.37374    A:0.31313    G:0.24242
position  2:    T:0.21212    C:0.37374    A:0.22222    G:0.19192
position  3:    T:0.26263    C:0.19192    A:0.21212    G:0.33333
Average         T:0.18182    C:0.31313    A:0.24916    G:0.25589

#28: GyrantGazelle  
position  1:    T:0.07071    C:0.37374    A:0.31313    G:0.24242
position  2:    T:0.21212    C:0.37374    A:0.22222    G:0.19192
position  3:    T:0.27273    C:0.18182    A:0.22222    G:0.32323
Average         T:0.18519    C:0.30976    A:0.25253    G:0.25253

#29: Hartebeest     
position  1:    T:0.07071    C:0.37374    A:0.31313    G:0.24242
position  2:    T:0.21212    C:0.37374    A:0.22222    G:0.19192
position  3:    T:0.27273    C:0.18182    A:0.23232    G:0.31313
Average         T:0.18519    C:0.30976    A:0.25589    G:0.24916

#30: Bongo          
position  1:    T:0.07071    C:0.37374    A:0.31313    G:0.24242
position  2:    T:0.21212    C:0.37374    A:0.22222    G:0.19192
position  3:    T:0.27273    C:0.18182    A:0.22222    G:0.32323
Average         T:0.18519    C:0.30976    A:0.25253    G:0.25253

#31: Gerenuk        
position  1:    T:0.07071    C:0.37374    A:0.31313    G:0.24242
position  2:    T:0.21212    C:0.37374    A:0.22222    G:0.19192
position  3:    T:0.27273    C:0.18182    A:0.22222    G:0.32323
Average         T:0.18519    C:0.30976    A:0.25253    G:0.25253

#32: CommonEland    
position  1:    T:0.07071    C:0.37374    A:0.31313    G:0.24242
position  2:    T:0.21212    C:0.37374    A:0.22222    G:0.19192
position  3:    T:0.27273    C:0.18182    A:0.22222    G:0.32323
Average         T:0.18519    C:0.30976    A:0.25253    G:0.25253

#33: MuntiacusReevesi
position  1:    T:0.07071    C:0.37374    A:0.31313    G:0.24242
position  2:    T:0.21212    C:0.37374    A:0.22222    G:0.19192
position  3:    T:0.24242    C:0.20202    A:0.22222    G:0.33333
Average         T:0.17508    C:0.31650    A:0.25253    G:0.25589

#34: HarveysDuiker  
position  1:    T:0.07071    C:0.37374    A:0.31313    G:0.24242
position  2:    T:0.21212    C:0.37374    A:0.22222    G:0.19192
position  3:    T:0.25253    C:0.19192    A:0.23232    G:0.32323
Average         T:0.17845    C:0.31313    A:0.25589    G:0.25253

#35: Pronghorn      
position  1:    T:0.07071    C:0.37374    A:0.31313    G:0.24242
position  2:    T:0.21212    C:0.37374    A:0.22222    G:0.19192
position  3:    T:0.19192    C:0.25253    A:0.18182    G:0.37374
Average         T:0.15825    C:0.33333    A:0.23906    G:0.26936

#36: BlueWildebeest 
position  1:    T:0.07071    C:0.37374    A:0.31313    G:0.24242
position  2:    T:0.21212    C:0.37374    A:0.22222    G:0.19192
position  3:    T:0.27273    C:0.18182    A:0.23232    G:0.31313
Average         T:0.18519    C:0.30976    A:0.25589    G:0.24916

#37: Gemsbok        
position  1:    T:0.07071    C:0.37374    A:0.31313    G:0.24242
position  2:    T:0.22222    C:0.36364    A:0.22222    G:0.19192
position  3:    T:0.26263    C:0.19192    A:0.22222    G:0.32323
Average         T:0.18519    C:0.30976    A:0.25253    G:0.25253

#38: Yak            
position  1:    T:0.07071    C:0.37374    A:0.31313    G:0.24242
position  2:    T:0.21212    C:0.37374    A:0.22222    G:0.19192
position  3:    T:0.26263    C:0.19192    A:0.19192    G:0.35354
Average         T:0.18182    C:0.31313    A:0.24242    G:0.26263

#39: BlueSheep      
position  1:    T:0.07071    C:0.37374    A:0.31313    G:0.24242
position  2:    T:0.21212    C:0.37374    A:0.22222    G:0.19192
position  3:    T:0.26263    C:0.19192    A:0.22222    G:0.32323
Average         T:0.18182    C:0.31313    A:0.25253    G:0.25253

#40: BohorReedbuck  
position  1:    T:0.07071    C:0.37374    A:0.31313    G:0.24242
position  2:    T:0.21212    C:0.37374    A:0.22222    G:0.19192
position  3:    T:0.27273    C:0.19192    A:0.21212    G:0.32323
Average         T:0.18519    C:0.31313    A:0.24916    G:0.25253

#41: KirksDik       
position  1:    T:0.07071    C:0.37374    A:0.31313    G:0.24242
position  2:    T:0.21212    C:0.37374    A:0.22222    G:0.19192
position  3:    T:0.26263    C:0.19192    A:0.22222    G:0.32323
Average         T:0.18182    C:0.31313    A:0.25253    G:0.25253

#42: RoeDeer        
position  1:    T:0.07071    C:0.37374    A:0.31313    G:0.24242
position  2:    T:0.21212    C:0.37374    A:0.22222    G:0.19192
position  3:    T:0.25253    C:0.20202    A:0.21212    G:0.33333
Average         T:0.17845    C:0.31650    A:0.24916    G:0.25589

#43: WhiteLippedDeer
position  1:    T:0.07071    C:0.37374    A:0.31313    G:0.24242
position  2:    T:0.21212    C:0.37374    A:0.22222    G:0.19192
position  3:    T:0.25253    C:0.21212    A:0.20202    G:0.33333
Average         T:0.17845    C:0.31987    A:0.24579    G:0.25589

#44: ThomsonGazelle 
position  1:    T:0.07071    C:0.37374    A:0.31313    G:0.24242
position  2:    T:0.21212    C:0.37374    A:0.22222    G:0.19192
position  3:    T:0.29293    C:0.16162    A:0.22222    G:0.32323
Average         T:0.19192    C:0.30303    A:0.25253    G:0.25253

#45: MuntiacusCrinifrons
position  1:    T:0.07071    C:0.37374    A:0.31313    G:0.24242
position  2:    T:0.21212    C:0.37374    A:0.22222    G:0.19192
position  3:    T:0.25253    C:0.20202    A:0.21212    G:0.33333
Average         T:0.17845    C:0.31650    A:0.24916    G:0.25589

#46: WhiteTailedDeer
position  1:    T:0.07071    C:0.37374    A:0.31313    G:0.24242
position  2:    T:0.21212    C:0.37374    A:0.22222    G:0.19192
position  3:    T:0.25253    C:0.20202    A:0.21212    G:0.33333
Average         T:0.17845    C:0.31650    A:0.24916    G:0.25589

#47: Cattle         
position  1:    T:0.07071    C:0.37374    A:0.31313    G:0.24242
position  2:    T:0.21212    C:0.37374    A:0.22222    G:0.19192
position  3:    T:0.26263    C:0.19192    A:0.19192    G:0.35354
Average         T:0.18182    C:0.31313    A:0.24242    G:0.26263

#48: RoyalAntelope  
position  1:    T:0.07071    C:0.37374    A:0.31313    G:0.24242
position  2:    T:0.21212    C:0.37374    A:0.22222    G:0.19192
position  3:    T:0.27273    C:0.18182    A:0.22222    G:0.32323
Average         T:0.18519    C:0.30976    A:0.25253    G:0.25253

#49: Steenbok       
position  1:    T:0.07071    C:0.37374    A:0.31313    G:0.24242
position  2:    T:0.21212    C:0.37374    A:0.22222    G:0.19192
position  3:    T:0.26263    C:0.19192    A:0.22222    G:0.32323
Average         T:0.18182    C:0.31313    A:0.25253    G:0.25253

#50: Impala         
position  1:    T:0.07071    C:0.37374    A:0.31313    G:0.24242
position  2:    T:0.21212    C:0.37374    A:0.22222    G:0.19192
position  3:    T:0.26263    C:0.19192    A:0.23232    G:0.31313
Average         T:0.18182    C:0.31313    A:0.25589    G:0.24916

#51: Klipspringer   
position  1:    T:0.07071    C:0.37374    A:0.31313    G:0.24242
position  2:    T:0.21212    C:0.37374    A:0.22222    G:0.19192
