1
52 1
Argali 0.000000 0.378400 0.056500 0.405500 0.037500 0.000000 0.059900 0.075100 0.094700 0.077800 0.036800 0.098800 0.081100 0.096400 0.075200 0.078100 0.163000 0.146800 0.077800 0.094700 0.060400 0.000000 0.046300 0.078000 0.018500 0.078400 0.078500 0.095000 0.057400 0.113200 0.077300 0.077000 0.167500 0.058500 0.055800 0.078000 0.018600 0.038300 0.125700 0.115800 0.045200 0.074400 0.077800 0.096100 0.098300 0.097300 0.076300 0.056500 0.096900 0.100900 0.095100 0.095900
LesserMous 0.378400 0.000000 0.450100 0.465300 0.386100 0.378400 0.442800 0.429400 0.435400 0.419300 0.443900 0.489100 0.386000 0.481500 0.437400 0.451500 0.398400 0.388300 0.423800 0.435400 0.397900 0.382100 0.437300 0.419000 0.419800 0.456200 0.420200 0.436300 0.410300 0.457900 0.497600 0.452400 0.497300 0.430700 0.481400 0.459300 0.425500 0.431300 0.442600 0.520800 0.436300 0.501800 0.419300 0.483700 0.503400 0.441700 0.413600 0.409100 0.479700 0.468400 0.439800 0.437700
LesserKudu 0.056500 0.450100 0.000000 0.459800 0.055900 0.056500 0.079700 0.094100 0.035700 0.097400 0.055100 0.076700 0.100100 0.115600 0.093900 0.097500 0.183300 0.167700 0.056500 0.035700 0.074000 0.056100 0.069300 0.097200 0.036900 0.098000 0.098000 0.035800 0.076400 0.053400 0.096600 0.096200 0.237800 0.078000 0.074200 0.056700 0.037100 0.057300 0.143700 0.093300 0.067900 0.093400 0.097400 0.094700 0.076300 0.096000 0.137300 0.075200 0.116200 0.166600 0.035800 0.034100
KillerWhal 0.405500 0.465300 0.459800 0.000000 0.397600 0.405500 0.412500 0.454600 0.447400 0.519200 0.460000 0.427400 0.443500 0.495000 0.446400 0.337000 0.457000 0.448300 0.369100 0.447400 0.425000 0.400400 0.455400 0.485100 0.436300 0.407300 0.479000 0.449900 0.368900 0.462500 0.510900 0.465600 0.400000 0.447800 0.491200 0.472600 0.438900 0.445300 0.492900 0.526500 0.454100 0.382800 0.519200 0.494400 0.505500 0.325600 0.404800 0.426400 0.424200 0.405500 0.450900 0.448700
DefassaWat 0.037500 0.386100 0.055900 0.397600 0.000000 0.037500 0.059200 0.074700 0.054600 0.119800 0.075100 0.098000 0.080300 0.095400 0.074500 0.077300 0.183100 0.163500 0.037300 0.054600 0.059700 0.037200 0.089500 0.077200 0.056600 0.120600 0.077800 0.054800 0.056800 0.072600 0.118800 0.076200 0.185700 0.057900 0.095000 0.077200 0.056800 0.036300 0.124800 0.115200 0.088600 0.114800 0.119800 0.116300 0.097300 0.076200 0.091400 0.055900 0.096000 0.099900 0.055000 0.055200
Sheep 0.000000 0.378400 0.056500 0.405500 0.037500 0.000000 0.059900 0.075100 0.094700 0.077800 0.036800 0.098800 0.081100 0.096400 0.075200 0.078100 0.163000 0.146800 0.077800 0.094700 0.060400 0.000000 0.046300 0.078000 0.018500 0.078400 0.078500 0.095000 0.057400 0.113200 0.077300 0.077000 0.167500 0.058500 0.055800 0.078000 0.018600 0.038300 0.125700 0.115800 0.045200 0.074400 0.077800 0.096100 0.098300 0.097300 0.076300 0.056500 0.096900 0.100900 0.095100 0.095900
MaxwellsDu 0.059900 0.442800 0.079700 0.412500 0.059200 0.059900 0.000000 0.058000 0.077500 0.103100 0.058400 0.081000 0.062500 0.079000 0.038600 0.060100 0.146100 0.128900 0.059800 0.077500 0.041400 0.059400 0.069600 0.149700 0.039200 0.104000 0.060400 0.077800 0.039300 0.096500 0.102400 0.059200 0.199300 0.040000 0.078500 0.060000 0.039300 0.019700 0.110000 0.143000 0.068800 0.098800 0.103100 0.119100 0.080600 0.076800 0.100400 0.038600 0.079500 0.127700 0.077900 0.078500
GazellaPrz 0.075100 0.429400 0.094100 0.454600 0.074700 0.075100 0.058000 0.000000 0.091900 0.116900 0.073700 0.095600 0.078400 0.093600 0.073100 0.075600 0.157700 0.141800 0.075400 0.091900 0.058500 0.074800 0.089200 0.161500 0.055500 0.117600 0.076100 0.092200 0.055700 0.109800 0.116200 0.074700 0.187800 0.056800 0.092900 0.075500 0.055700 0.037100 0.122500 0.154800 0.088100 0.111700 0.116900 0.134700 0.095200 0.075400 0.113800 0.054900 0.094000 0.140500 0.092200 0.092900
MountainNy 0.094700 0.435400 0.035700 0.447400 0.054600 0.094700 0.077500 0.091900 0.000000 0.137400 0.092400 0.056100 0.098400 0.112600 0.091600 0.095000 0.178000 0.162500 0.055100 0.000000 0.078300 0.094000 0.113300 0.137200 0.074300 0.137900 0.095400 0.000000 0.074500 0.017000 0.136100 0.093700 0.230200 0.075900 0.112000 0.055300 0.074500 0.055900 0.140300 0.131600 0.111900 0.131500 0.137400 0.133300 0.074300 0.093500 0.133700 0.073300 0.113100 0.161500 0.035000 0.000000
MuntiacusM 0.077800 0.419300 0.097400 0.519200 0.119800 0.077800 0.103100 0.116900 0.137400 0.000000 0.075900 0.120600 0.125700 0.133500 0.117300 0.099000 0.161100 0.144600 0.098600 0.137400 0.104200 0.077200 0.017700 0.096000 0.057200 0.099500 0.121700 0.137900 0.098800 0.156600 0.035900 0.119400 0.244700 0.100300 0.095700 0.121000 0.057300 0.079100 0.167300 0.092100 0.017800 0.094800 0.000000 0.073400 0.142700 0.118700 0.138200 0.097100 0.140500 0.168800 0.138100 0.139200
goat 0.036800 0.443900 0.055100 0.460000 0.075100 0.036800 0.058400 0.073700 0.092400 0.075900 0.000000 0.096200 0.078800 0.094000 0.073500 0.076100 0.158700 0.142800 0.075800 0.092400 0.058800 0.036500 0.045000 0.117700 0.017700 0.076400 0.076500 0.092700 0.056000 0.110400 0.075400 0.075100 0.210000 0.057000 0.054400 0.076000 0.018100 0.037400 0.123100 0.113000 0.044000 0.035400 0.075900 0.093700 0.076000 0.094900 0.114800 0.055100 0.094400 0.141500 0.092800 0.093500
AfricanBuf 0.098800 0.489100 0.076700 0.427400 0.098000 0.098800 0.081000 0.095600 0.056100 0.120600 0.096200 0.000000 0.102900 0.117000 0.055800 0.057400 0.139300 0.123100 0.057200 0.056100 0.081700 0.098000 0.094100 0.166100 0.077400 0.099200 0.099600 0.056300 0.077600 0.074400 0.119400 0.097700 0.189000 0.079100 0.116700 0.018700 0.077700 0.058300 0.145800 0.158900 0.093000 0.094500 0.120600 0.138300 0.037700 0.076400 0.117400 0.076400 0.117900 0.168900 0.075100 0.056800
Topi 0.081100 0.386000 0.100100 0.443500 0.080300 0.081100 0.062500 0.078400 0.098400 0.125700 0.078800 0.102900 0.000000 0.100200 0.078200 0.081300 0.169400 0.153000 0.080900 0.098400 0.041000 0.080400 0.096300 0.174100 0.059500 0.126700 0.039300 0.098700 0.059700 0.116300 0.124800 0.080100 0.225400 0.019600 0.057700 0.081200 0.059800 0.039900 0.129800 0.165900 0.095000 0.120200 0.125700 0.144600 0.102400 0.101200 0.122500 0.058700 0.100800 0.152000 0.098800 0.098600
CommonDuik 0.096400 0.481500 0.115600 0.495000 0.095400 0.096400 0.079000 0.093600 0.112600 0.133500 0.094000 0.117000 0.100200 0.000000 0.093200 0.093700 0.181200 0.164900 0.096000 0.112600 0.079800 0.095600 0.097300 0.181400 0.075600 0.140200 0.097100 0.113000 0.075900 0.130900 0.132700 0.018000 0.234500 0.077100 0.113900 0.096400 0.075900 0.056900 0.142700 0.151300 0.097500 0.133700 0.133500 0.152200 0.116800 0.115500 0.123700 0.074600 0.074700 0.164200 0.113100 0.114000
Suni 0.075200 0.437400 0.093900 0.446400 0.074500 0.075200 0.038600 0.073100 0.091600 0.117300 0.073500 0.055800 0.078200 0.093200 0.000000 0.075600 0.157300 0.141200 0.075300 0.091600 0.058400 0.074700 0.089900 0.161800 0.055400 0.117400 0.075900 0.091900 0.055600 0.110000 0.116600 0.074500 0.207500 0.056500 0.092600 0.036600 0.055600 0.037000 0.122300 0.154900 0.088800 0.112100 0.117300 0.135700 0.055400 0.094200 0.113700 0.054800 0.093700 0.139900 0.091900 0.092700
Springbuck 0.078100 0.451500 0.097500 0.337000 0.077300 0.078100 0.060100 0.075600 0.095000 0.099000 0.076100 0.057400 0.081300 0.093700 0.075600 0.000000 0.118300 0.101600 0.037600 0.095000 0.060600 0.077400 0.069300 0.143800 0.057400 0.037900 0.078700 0.095300 0.018600 0.113500 0.098300 0.073100 0.166900 0.058500 0.096000 0.078200 0.057600 0.038400 0.126100 0.137500 0.068600 0.036200 0.099000 0.117300 0.098600 0.056600 0.096700 0.056600 0.094600 0.146500 0.095400 0.096200
Okapi 0.163000 0.398400 0.183300 0.457000 0.183100 0.163000 0.146100 0.157700 0.178000 0.161100 0.158700 0.139300 0.169400 0.181200 0.157300 0.118300 0.000000 0.018300 0.117400 0.178000 0.147500 0.161500 0.136100 0.185400 0.139700 0.163800 0.140200 0.178200 0.140100 0.197200 0.159600 0.161200 0.210000 0.142400 0.180800 0.163000 0.140400 0.137600 0.145100 0.177500 0.135400 0.155900 0.161100 0.156800 0.185200 0.137100 0.181400 0.137500 0.181700 0.188400 0.179000 0.180500
Giraffe 0.146800 0.388300 0.167700 0.448300 0.163500 0.146800 0.128900 0.141800 0.162500 0.144600 0.142800 0.123100 0.153000 0.164900 0.141200 0.101600 0.018300 0.000000 0.100900 0.162500 0.130200 0.145300 0.112500 0.169100 0.123100 0.147900 0.123700 0.162900 0.123500 0.182400 0.143300 0.145100 0.195500 0.126000 0.165100 0.146800 0.123700 0.116400 0.171400 0.161600 0.112000 0.140500 0.144600 0.140500 0.169400 0.121100 0.162700 0.121100 0.166300 0.171900 0.163500 0.164900
TibetanAnt 0.077800 0.423800 0.056500 0.369100 0.037300 0.077800 0.059800 0.075400 0.055100 0.098600 0.075800 0.057200 0.080900 0.096000 0.075300 0.037600 0.117400 0.100900 0.000000 0.055100 0.060400 0.077100 0.070400 0.098700 0.057200 0.078000 0.078400 0.055200 0.057400 0.073200 0.098000 0.076700 0.165700 0.058300 0.095500 0.077900 0.057200 0.038300 0.125600 0.094400 0.069500 0.074400 0.098600 0.096000 0.098200 0.037100 0.096400 0.056400 0.096700 0.145800 0.055300 0.055700
Sitatunga 0.094700 0.435400 0.035700 0.447400 0.054600 0.094700 0.077500 0.091900 0.000000 0.137400 0.092400 0.056100 0.098400 0.112600 0.091600 0.095000 0.178000 0.162500 0.055100 0.000000 0.078300 0.094000 0.113300 0.137200 0.074300 0.137900 0.095400 0.000000 0.074500 0.017000 0.136100 0.093700 0.230200 0.075900 0.112000 0.055300 0.074500 0.055900 0.140300 0.131600 0.111900 0.131500 0.137400 0.133300 0.074300 0.093500 0.133700 0.073300 0.113100 0.161500 0.035000 0.000000
Oribi 0.060400 0.397900 0.074000 0.425000 0.059700 0.060400 0.041400 0.058500 0.078300 0.104200 0.058800 0.081700 0.041000 0.079800 0.058400 0.060600 0.147500 0.130200 0.060400 0.078300 0.000000 0.059900 0.072000 0.151300 0.039500 0.104900 0.061000 0.078500 0.039600 0.091000 0.103500 0.059800 0.201600 0.040500 0.079200 0.060500 0.039700 0.019800 0.111000 0.144500 0.070900 0.099500 0.104200 0.123200 0.081400 0.080500 0.101400 0.039000 0.080200 0.129500 0.078600 0.072800
BarbaryShe 0.000000 0.382100 0.056100 0.400400 0.037200 0.000000 0.059400 0.074800 0.094000 0.077200 0.036500 0.098000 0.080400 0.095600 0.074700 0.077400 0.161500 0.145300 0.077100 0.094000 0.059900 0.000000 0.047100 0.077300 0.018400 0.077800 0.077800 0.094300 0.057000 0.112300 0.076700 0.076400 0.166000 0.058100 0.055300 0.077400 0.018400 0.038000 0.124800 0.114800 0.045700 0.074200 0.077200 0.095300 0.097500 0.096500 0.075700 0.055400 0.096100 0.100000 0.094400 0.095100
Daviddeer 0.046300 0.437300 0.069300 0.455400 0.089500 0.046300 0.069600 0.089200 0.113300 0.017700 0.045000 0.094100 0.096300 0.097300 0.089900 0.069300 0.136100 0.112500 0.070400 0.113300 0.072000 0.047100 0.000000 0.074900 0.023200 0.072200 0.092900 0.112200 0.067900 0.130900 0.017600 0.089400 0.217400 0.066600 0.066500 0.093300 0.023100 0.044700 0.142600 0.072000 0.000000 0.067700 0.017700 0.053700 0.114500 0.091500 0.116100 0.069000 0.113200 0.142000 0.115300 0.113400
Reindeer 0.078000 0.419000 0.097200 0.485100 0.077200 0.078000 0.149700 0.161500 0.137200 0.096000 0.117700 0.166100 0.174100 0.181400 0.161800 0.143800 0.185400 0.169100 0.098700 0.137200 0.151300 0.077300 0.074900 0.000000 0.098500 0.144600 0.168300 0.137700 0.143300 0.156300 0.095200 0.165200 0.190900 0.145600 0.138900 0.166900 0.098900 0.122800 0.211500 0.072800 0.075100 0.137500 0.096000 0.073700 0.189500 0.141300 0.138500 0.140700 0.187300 0.146800 0.137900 0.138900
Ibex 0.018500 0.419800 0.036900 0.436300 0.056600 0.018500 0.039200 0.055500 0.074300 0.057200 0.017700 0.077400 0.059500 0.075600 0.055400 0.057400 0.139700 0.123100 0.057200 0.074300 0.039500 0.018400 0.023200 0.098500 0.000000 0.057700 0.057700 0.074600 0.037600 0.092500 0.056800 0.056600 0.190200 0.038300 0.036500 0.057300 0.000100 0.018800 0.106000 0.094500 0.022500 0.055000 0.057200 0.075300 0.077100 0.076300 0.096200 0.037000 0.075900 0.122100 0.074600 0.075200
GyrantGaze 0.078400 0.456200 0.098000 0.407300 0.120600 0.078400 0.104000 0.117600 0.137900 0.099500 0.076400 0.099200 0.126700 0.140200 0.117400 0.037900 0.163800 0.147900 0.078000 0.137900 0.104900 0.077800 0.072200 0.144600 0.057700 0.000000 0.122600 0.138400 0.057700 0.157100 0.098800 0.120300 0.217300 0.101200 0.096500 0.121700 0.057900 0.079800 0.167700 0.138300 0.071000 0.036300 0.099500 0.117900 0.143400 0.097800 0.140400 0.097800 0.141300 0.196300 0.138700 0.139800
Hartebeest 0.078500 0.420200 0.098000 0.479000 0.077800 0.078500 0.060400 0.076100 0.095400 0.121700 0.076500 0.099600 0.039300 0.097100 0.075900 0.078700 0.140200 0.123700 0.078400 0.095400 0.061000 0.077800 0.092900 0.168300 0.057700 0.122600 0.000000 0.095700 0.057900 0.114000 0.120900 0.077700 0.217400 0.019000 0.056000 0.078600 0.057900 0.038700 0.107600 0.160800 0.091700 0.116600 0.121700 0.140100 0.099200 0.098100 0.118600 0.057000 0.097700 0.146600 0.095800 0.096600
Bongo 0.095000 0.436300 0.035800 0.449900 0.054800 0.095000 0.077800 0.092200 0.000000 0.137900 0.092700 0.056300 0.098700 0.113000 0.091900 0.095300 0.178200 0.162900 0.055200 0.000000 0.078500 0.094300 0.112200 0.137700 0.074600 0.138400 0.095700 0.000000 0.074800 0.017000 0.136600 0.093800 0.230600 0.076200 0.112100 0.055500 0.074600 0.056100 0.140800 0.131700 0.111000 0.132100 0.137900 0.133800 0.074600 0.093800 0.134200 0.073600 0.113400 0.162100 0.035100 0.000100
Gerenuk 0.057400 0.410300 0.076400 0.368900 0.056800 0.057400 0.039300 0.055700 0.074500 0.098800 0.056000 0.077600 0.059700 0.075900 0.055600 0.018600 0.140100 0.123500 0.057400 0.074500 0.039600 0.057000 0.067900 0.143300 0.037600 0.057700 0.057900 0.074800 0.000000 0.092800 0.098200 0.056800 0.190500 0.038400 0.075400 0.057500 0.037700 0.018900 0.106300 0.137300 0.067000 0.055100 0.098800 0.117000 0.077400 0.076600 0.096400 0.037100 0.076300 0.122400 0.074800 0.075400
CommonElan 0.113200 0.457900 0.053400 0.462500 0.072600 0.113200 0.096500 0.109800 0.017000 0.156600 0.110400 0.074400 0.116300 0.130900 0.110000 0.113500 0.197200 0.182400 0.073200 0.017000 0.091000 0.112300 0.130900 0.156300 0.092500 0.157100 0.114000 0.017000 0.092800 0.000000 0.155100 0.112000 0.250100 0.094500 0.130200 0.073400 0.092800 0.074200 0.158000 0.150100 0.129900 0.149900 0.156600 0.110800 0.092500 0.111900 0.152300 0.091300 0.131600 0.181100 0.052400 0.017200
MuntiacusR 0.077300 0.497600 0.096600 0.510900 0.118800 0.077300 0.102400 0.116200 0.136100 0.035900 0.075400 0.119400 0.124800 0.132700 0.116600 0.098300 0.159600 0.143300 0.098000 0.136100 0.103500 0.076700 0.017600 0.095200 0.056800 0.098800 0.120900 0.136600 0.098200 0.155100 0.000000 0.118600 0.241800 0.099600 0.095100 0.119900 0.056900 0.078500 0.166200 0.091400 0.017600 0.094300 0.035900 0.072800 0.141300 0.117900 0.137200 0.096500 0.139600 0.166800 0.136700 0.137900
HarveysDui 0.077000 0.452400 0.096200 0.465600 0.076200 0.077000 0.059200 0.074700 0.093700 0.119400 0.075100 0.097700 0.080100 0.018000 0.074500 0.073100 0.161200 0.145100 0.076700 0.093700 0.059800 0.076400 0.089400 0.165200 0.056600 0.120300 0.077700 0.093800 0.056800 0.112000 0.118600 0.000000 0.213800 0.057800 0.094800 0.077100 0.056900 0.037800 0.124500 0.136900 0.088500 0.114600 0.119400 0.137500 0.097200 0.096000 0.116400 0.055900 0.055800 0.143700 0.094000 0.094900
Pronghorn 0.167500 0.497300 0.237800 0.400000 0.185700 0.167500 0.199300 0.187800 0.230200 0.244700 0.210000 0.189000 0.225400 0.234500 0.207500 0.166900 0.210000 0.195500 0.165700 0.230200 0.201600 0.166000 0.217400 0.190900 0.190200 0.217300 0.217400 0.230600 0.190500 0.250100 0.241800 0.213800 0.000000 0.194400 0.234500 0.215700 0.191500 0.189300 0.256200 0.285900 0.216800 0.205900 0.244700 0.261200 0.239400 0.182400 0.186100 0.187000 0.235400 0.246400 0.231800 0.233600
BlueWildeb 0.058500 0.430700 0.078000 0.447800 0.057900 0.058500 0.040000 0.056800 0.075900 0.100300 0.057000 0.079100 0.019600 0.077100 0.056500 0.058500 0.142400 0.126000 0.058300 0.075900 0.040500 0.058100 0.066600 0.145600 0.038300 0.101200 0.019000 0.076200 0.038400 0.094500 0.099600 0.057800 0.194400 0.000000 0.037100 0.058600 0.038400 0.019200 0.107800 0.139100 0.065800 0.096400 0.100300 0.118800 0.078800 0.077800 0.095300 0.037800 0.077700 0.124900 0.076200 0.076900
Gemsbok 0.055800 0.481400 0.074200 0.491200 0.095000 0.055800 0.078500 0.092900 0.112000 0.095700 0.054400 0.116700 0.057700 0.113900 0.092600 0.096000 0.180800 0.165100 0.095500 0.112000 0.079200 0.055300 0.066500 0.138900 0.036500 0.096500 0.056000 0.112100 0.075400 0.130200 0.095100 0.094800 0.234500 0.037100 0.000000 0.095900 0.036400 0.056600 0.141800 0.133200 0.065500 0.092200 0.095700 0.113500 0.116100 0.114700 0.135300 0.074100 0.114200 0.163700 0.112400 0.113400
Yak 0.078000 0.459300 0.056700 0.472600 0.077200 0.078000 0.060000 0.075500 0.055300 0.121000 0.076000 0.018700 0.081200 0.096400 0.036600 0.078200 0.163000 0.146800 0.077900 0.055300 0.060500 0.077400 0.093300 0.166900 0.057300 0.121700 0.078600 0.055500 0.057500 0.073400 0.119900 0.077100 0.215700 0.058600 0.095900 0.000000 0.057500 0.038200 0.126000 0.159500 0.091900 0.115800 0.121000 0.138900 0.018600 0.097500 0.117700 0.056600 0.097000 0.145500 0.055500 0.056000
BlueSheep 0.018600 0.425500 0.037100 0.438900 0.056800 0.018600 0.039300 0.055700 0.074500 0.057300 0.018100 0.077700 0.059800 0.075900 0.055600 0.057600 0.140400 0.123700 0.057200 0.074500 0.039700 0.018400 0.023100 0.098900 0.000100 0.057900 0.057900 0.074600 0.037700 0.092800 0.056900 0.056900 0.191500 0.038400 0.036400 0.057500 0.000000 0.018900 0.106200 0.094800 0.022400 0.055200 0.057300 0.075500 0.077400 0.076400 0.096500 0.037100 0.076100 0.122600 0.074800 0.075500
BohorReedb 0.038300 0.431300 0.057300 0.445300 0.036300 0.038300 0.019700 0.037100 0.055900 0.079100 0.037400 0.058300 0.039900 0.056900 0.037000 0.038400 0.137600 0.116400 0.038300 0.055900 0.019800 0.038000 0.044700 0.122800 0.018800 0.079800 0.038700 0.056100 0.018900 0.074200 0.078500 0.037800 0.189300 0.019200 0.056600 0.038200 0.018900 0.000000 0.088600 0.118100 0.044200 0.075900 0.079100 0.097500 0.057900 0.057600 0.092400 0.018500 0.057200 0.102200 0.056300 0.056600
KirksDik 0.125700 0.442600 0.143700 0.492900 0.124800 0.125700 0.110000 0.122500 0.140300 0.167300 0.123100 0.145800 0.129800 0.142700 0.122300 0.126100 0.145100 0.171400 0.125600 0.140300 0.111000 0.124800 0.142600 0.211500 0.106000 0.167700 0.107600 0.140800 0.106300 0.158000 0.166200 0.124500 0.256200 0.107800 0.141800 0.126000 0.106200 0.088600 0.000000 0.203300 0.142000 0.160800 0.167300 0.183700 0.145300 0.143800 0.163100 0.104700 0.143100 0.190300 0.140800 0.141900
RoeDeer 0.115800 0.520800 0.093300 0.526500 0.115200 0.115800 0.143000 0.154800 0.131600 0.092100 0.113000 0.158900 0.165900 0.151300 0.154900 0.137500 0.177500 0.161600 0.094400 0.131600 0.144500 0.114800 0.072000 0.072800 0.094500 0.138300 0.160800 0.131700 0.137300 0.150100 0.091400 0.136900 0.285900 0.139100 0.133200 0.159500 0.094800 0.118100 0.203300 0.000000 0.072300 0.132000 0.092100 0.071000 0.181500 0.135000 0.176100 0.134800 0.178600 0.185600 0.091700 0.133200
WhiteLippe 0.045200 0.436300 0.067900 0.454100 0.088600 0.045200 0.068800 0.088100 0.111900 0.017800 0.044000 0.093000 0.095000 0.097500 0.088800 0.068600 0.135400 0.112000 0.069500 0.111900 0.070900 0.045700 0.000000 0.075100 0.022500 0.071000 0.091700 0.111000 0.067000 0.129900 0.017600 0.088500 0.216800 0.065800 0.065500 0.091900 0.022400 0.044200 0.142000 0.072300 0.000000 0.066900 0.017800 0.053900 0.113300 0.090700 0.116400 0.067600 0.112100 0.141100 0.113600 0.112200
ThomsonGaz 0.074400 0.501800 0.093400 0.382800 0.114800 0.074400 0.098800 0.111700 0.131500 0.094800 0.035400 0.094500 0.120200 0.133700 0.112100 0.036200 0.155900 0.140500 0.074400 0.131500 0.099500 0.074200 0.067700 0.137500 0.055000 0.036300 0.116600 0.132100 0.055100 0.149900 0.094300 0.114600 0.205900 0.096400 0.092200 0.115800 0.055200 0.075900 0.160800 0.132000 0.066900 0.000000 0.094800 0.112500 0.115900 0.093200 0.133800 0.093300 0.134600 0.185900 0.132200 0.133200
MuntiacusC 0.077800 0.419300 0.097400 0.519200 0.119800 0.077800 0.103100 0.116900 0.137400 0.000000 0.075900 0.120600 0.125700 0.133500 0.117300 0.099000 0.161100 0.144600 0.098600 0.137400 0.104200 0.077200 0.017700 0.096000 0.057200 0.099500 0.121700 0.137900 0.098800 0.156600 0.035900 0.119400 0.244700 0.100300 0.095700 0.121000 0.057300 0.079100 0.167300 0.092100 0.017800 0.094800 0.000000 0.073400 0.142700 0.118700 0.138200 0.097100 0.140500 0.168800 0.138100 0.139200
WhiteTaile 0.096100 0.483700 0.094700 0.494400 0.116300 0.096100 0.119100 0.134700 0.133300 0.073400 0.093700 0.138300 0.144600 0.152200 0.135700 0.117300 0.156800 0.140500 0.096000 0.133300 0.123200 0.095300 0.053700 0.073700 0.075300 0.117900 0.140100 0.133800 0.117000 0.110800 0.072800 0.137500 0.261200 0.118800 0.113500 0.138900 0.075500 0.097500 0.183700 0.071000 0.053900 0.112500 0.073400 0.000000 0.160300 0.094200 0.155700 0.115000 0.158400 0.163900 0.134000 0.135100
Cattle 0.098300 0.503400 0.076300 0.505500 0.097300 0.098300 0.080600 0.095200 0.074300 0.142700 0.076000 0.037700 0.102400 0.116800 0.055400 0.098600 0.185200 0.169400 0.098200 0.074300 0.081400 0.097500 0.114500 0.189500 0.077100 0.143400 0.099200 0.074600 0.077400 0.092500 0.141300 0.097200 0.239400 0.078800 0.116100 0.018600 0.077400 0.057900 0.145300 0.181500 0.113300 0.115900 0.142700 0.160300 0.000000 0.118000 0.138500 0.076000 0.117500 0.167400 0.074600 0.075300
RoyalAntel 0.097300 0.441700 0.096000 0.325600 0.076200 0.097300 0.076800 0.075400 0.093500 0.118700 0.094900 0.076400 0.101200 0.115500 0.094200 0.056600 0.137100 0.121100 0.037100 0.093500 0.080500 0.096500 0.091500 0.141300 0.076300 0.097800 0.098100 0.093800 0.076600 0.111900 0.117900 0.096000 0.182400 0.077800 0.114700 0.097500 0.076400 0.057600 0.143800 0.135000 0.090700 0.093200 0.118700 0.094200 0.118000 0.000000 0.115800 0.075300 0.075100 0.166700 0.094000 0.094700
Steenbok 0.076300 0.413600 0.137300 0.404800 0.091400 0.076300 0.100400 0.113800 0.133700 0.138200 0.114800 0.117400 0.122500 0.123700 0.113700 0.096700 0.181400 0.162700 0.096400 0.133700 0.101400 0.075700 0.116100 0.138500 0.096200 0.140400 0.118600 0.134200 0.096400 0.152300 0.137200 0.116400 0.186100 0.095300 0.135300 0.117700 0.096500 0.092400 0.163100 0.176100 0.116400 0.133800 0.138200 0.155700 0.138500 0.115800 0.000000 0.094900 0.136700 0.142100 0.134300 0.135400
Impala 0.056500 0.409100 0.075200 0.426400 0.055900 0.056500 0.038600 0.054900 0.073300 0.097100 0.055100 0.076400 0.058700 0.074600 0.054800 0.056600 0.137500 0.121100 0.056400 0.073300 0.039000 0.055400 0.069000 0.140700 0.037000 0.097800 0.057000 0.073600 0.037100 0.091300 0.096500 0.055900 0.187000 0.037800 0.074100 0.056600 0.037100 0.018500 0.104700 0.134800 0.067600 0.093300 0.097100 0.115000 0.076000 0.075300 0.094900 0.000000 0.075000 0.120200 0.073600 0.074200
Klipspring 0.096900 0.479700 0.116200 0.424200 0.096000 0.096900 0.079500 0.094000 0.113100 0.140500 0.094400 0.117900 0.100800 0.074700 0.093700 0.094600 0.181700 0.166300 0.096700 0.113100 0.080200 0.096100 0.113200 0.187300 0.075900 0.141300 0.097700 0.113400 0.076300 0.131600 0.139600 0.055800 0.235400 0.077700 0.114200 0.097000 0.076100 0.057200 0.143100 0.178600 0.112100 0.134600 0.140500 0.158400 0.117500 0.075100 0.136700 0.075000 0.000000 0.165400 0.113700 0.114600
ForestMusk 0.100900 0.468400 0.166600 0.405500 0.099900 0.100900 0.127700 0.140500 0.161500 0.168800 0.141500 0.168900 0.152000 0.164200 0.139900 0.146500 0.188400 0.171900 0.145800 0.161500 0.129500 0.100000 0.142000 0.146800 0.122100 0.196300 0.146600 0.162100 0.122400 0.181100 0.166800 0.143700 0.246400 0.124900 0.163700 0.145500 0.122600 0.102200 0.190300 0.185600 0.141100 0.185900 0.168800 0.163900 0.167400 0.166700 0.142100 0.120200 0.165400 0.000000 0.162400 0.163900
Bushbuck 0.095100 0.439800 0.035800 0.450900 0.055000 0.095100 0.077900 0.092200 0.035000 0.138100 0.092800 0.075100 0.098800 0.113100 0.091900 0.095400 0.179000 0.163500 0.055300 0.035000 0.078600 0.094400 0.115300 0.137900 0.074600 0.138700 0.095800 0.035100 0.074800 0.052400 0.136700 0.094000 0.231800 0.076200 0.112400 0.055500 0.074800 0.056300 0.140800 0.091700 0.113600 0.132200 0.138100 0.134000 0.074600 0.094000 0.134300 0.073600 0.113700 0.162400 0.000000 0.035400
GreaterKud 0.095900 0.437700 0.034100 0.448700 0.055200 0.095900 0.078500 0.092900 0.000000 0.139200 0.093500 0.056800 0.098600 0.114000 0.092700 0.096200 0.180500 0.164900 0.055700 0.000000 0.072800 0.095100 0.113400 0.138900 0.075200 0.139800 0.096600 0.000100 0.075400 0.017200 0.137900 0.094900 0.233600 0.076900 0.113400 0.056000 0.075500 0.056600 0.141900 0.133200 0.112200 0.133200 0.139200 0.135100 0.075300 0.094700 0.135400 0.074200 0.114600 0.163900 0.035400 0.000000
