1
52 1
Argali 0.000000 0.238400 0.146800 0.208300 0.079500 0.019600 0.101800 0.101900 0.146400 0.082800 0.019600 0.061100 0.101100 0.060800 0.081200 0.081300 0.059300 0.099500 0.019000 0.167700 0.125000 0.019600 0.061900 0.084700 0.019600 0.081300 0.101100 0.146400 0.101900 0.146400 0.103700 0.104100 0.081100 0.101100 0.080700 0.084000 0.039400 0.080900 0.101000 0.083200 0.061900 0.081300 0.082800 0.082800 0.084000 0.104700 0.100000 0.039500 0.060800 0.081300 0.146400 0.125000
LesserMous 0.238400 0.000000 0.327600 0.246200 0.290100 0.214800 0.265900 0.266700 0.295500 0.247000 0.214800 0.216300 0.264400 0.215600 0.240000 0.241000 0.263600 0.315200 0.214800 0.320900 0.299400 0.214800 0.221000 0.254500 0.214800 0.241000 0.264400 0.295500 0.266000 0.295500 0.273400 0.245000 0.240200 0.264400 0.238800 0.250600 0.211200 0.240300 0.264700 0.247500 0.221000 0.241000 0.247000 0.247100 0.250600 0.246700 0.316600 0.238900 0.215600 0.213300 0.295500 0.298600
LesserKudu 0.146800 0.327600 0.000000 0.320300 0.144100 0.125900 0.080300 0.080300 0.038300 0.105100 0.125900 0.127300 0.169300 0.081900 0.102400 0.102800 0.122800 0.120400 0.125900 0.057400 0.102900 0.125900 0.129100 0.154700 0.125900 0.102800 0.169300 0.038300 0.123600 0.038300 0.081900 0.126200 0.102600 0.169300 0.102600 0.153700 0.147900 0.102700 0.122500 0.104800 0.129100 0.102800 0.105100 0.151300 0.153700 0.126900 0.166000 0.102200 0.081900 0.102600 0.038300 0.019100
KillerWhal 0.208300 0.246200 0.320300 0.000000 0.259500 0.210300 0.261800 0.262200 0.290500 0.243000 0.210300 0.213100 0.260300 0.212000 0.236200 0.236900 0.233900 0.284100 0.210300 0.315800 0.293800 0.210300 0.217400 0.192800 0.210300 0.236900 0.260300 0.290500 0.261900 0.290500 0.268800 0.186200 0.236300 0.260300 0.235100 0.246300 0.180000 0.236200 0.259900 0.243500 0.217400 0.236900 0.243000 0.243000 0.246300 0.242800 0.285300 0.209800 0.212000 0.209800 0.290500 0.293400
DefassaWat 0.079500 0.290100 0.144100 0.259500 0.000000 0.101900 0.099500 0.058300 0.143200 0.125300 0.101900 0.102700 0.143000 0.059500 0.079300 0.038700 0.057900 0.097200 0.101900 0.163900 0.079400 0.101900 0.104100 0.128100 0.101900 0.038700 0.143000 0.143200 0.058200 0.143200 0.146600 0.101700 0.079300 0.143000 0.122100 0.127100 0.123100 0.079500 0.057900 0.081200 0.104100 0.038700 0.125300 0.081200 0.127100 0.102200 0.057200 0.038700 0.059500 0.079500 0.143200 0.122300
Sheep 0.019600 0.214800 0.125900 0.210300 0.101900 0.000000 0.081500 0.081600 0.125500 0.062200 0.000000 0.040800 0.080900 0.040600 0.061000 0.061100 0.081100 0.122400 0.000000 0.146700 0.104400 0.000000 0.041400 0.063600 0.000000 0.061100 0.080900 0.125500 0.081600 0.125500 0.083000 0.083400 0.060900 0.080900 0.060600 0.063100 0.019700 0.060800 0.080800 0.062500 0.041400 0.061100 0.062200 0.062200 0.063100 0.083900 0.123100 0.060800 0.040600 0.061100 0.125500 0.104300
MaxwellsDu 0.101800 0.265900 0.080300 0.261800 0.099500 0.081500 0.000000 0.079900 0.079800 0.061100 0.081500 0.082200 0.122600 0.039700 0.059600 0.059700 0.079300 0.119500 0.081500 0.099800 0.102200 0.081500 0.083400 0.106900 0.081500 0.059700 0.122600 0.079800 0.038800 0.079800 0.081700 0.081500 0.059600 0.122600 0.101800 0.106100 0.102600 0.102300 0.079300 0.061000 0.083400 0.059200 0.061100 0.104500 0.106100 0.081900 0.078100 0.054400 0.039700 0.059700 0.079800 0.059800
GazellaPrz 0.101900 0.266700 0.080300 0.262200 0.058300 0.081600 0.079900 0.000000 0.079800 0.104600 0.081600 0.082300 0.122800 0.039800 0.059700 0.019500 0.079400 0.119600 0.081600 0.099600 0.019500 0.081600 0.083500 0.107100 0.081600 0.019500 0.122800 0.079800 0.038900 0.079800 0.081600 0.081800 0.059800 0.122800 0.102000 0.106400 0.102600 0.019400 0.038700 0.061100 0.083500 0.019500 0.104600 0.061100 0.106400 0.082000 0.078200 0.059500 0.039800 0.059800 0.079800 0.059800
MountainNy 0.146400 0.295500 0.038300 0.290500 0.143200 0.125500 0.079800 0.079800 0.000000 0.104500 0.125500 0.126500 0.168200 0.081400 0.101800 0.102100 0.122000 0.163800 0.125500 0.018600 0.102200 0.125500 0.128300 0.153700 0.125500 0.102100 0.168000 0.000000 0.122800 0.000000 0.081500 0.081300 0.101900 0.168200 0.146500 0.152700 0.124900 0.102100 0.122100 0.104100 0.128300 0.102100 0.104500 0.150300 0.152700 0.081700 0.164900 0.101500 0.081400 0.059600 0.000000 0.019000
MuntiacusM 0.082800 0.247000 0.105100 0.243000 0.125300 0.062200 0.061100 0.104600 0.104500 0.000000 0.062200 0.062700 0.103700 0.062500 0.083300 0.083500 0.103800 0.146200 0.062200 0.125400 0.128600 0.062200 0.020700 0.042400 0.062200 0.083500 0.103700 0.104500 0.104500 0.104500 0.020300 0.107000 0.083300 0.103700 0.082700 0.086300 0.083400 0.083100 0.103900 0.041700 0.019900 0.083500 0.000000 0.041400 0.086300 0.107600 0.147200 0.083100 0.062500 0.083400 0.104500 0.083400
goat 0.019600 0.214800 0.125900 0.210300 0.101900 0.000000 0.081500 0.081600 0.125500 0.062200 0.000000 0.040800 0.080900 0.040600 0.061000 0.061100 0.081100 0.122400 0.000000 0.146700 0.104400 0.000000 0.041400 0.063600 0.000000 0.061100 0.080900 0.125500 0.081600 0.125500 0.083000 0.083400 0.060900 0.080900 0.060600 0.063100 0.019700 0.060800 0.080800 0.062500 0.041400 0.061100 0.062200 0.062200 0.063100 0.083900 0.123100 0.060800 0.040600 0.061100 0.125500 0.104300
AfricanBuf 0.061100 0.216300 0.127300 0.213100 0.102700 0.040800 0.082200 0.082300 0.126500 0.062700 0.040800 0.000000 0.081500 0.041000 0.056200 0.061600 0.081700 0.123200 0.040800 0.147800 0.105200 0.040800 0.041700 0.064100 0.040800 0.061600 0.081500 0.126500 0.082200 0.126500 0.083700 0.084100 0.061400 0.081500 0.061000 0.063600 0.061500 0.061300 0.081800 0.063000 0.041700 0.061600 0.062700 0.062700 0.063600 0.084600 0.124000 0.061300 0.041000 0.061500 0.126500 0.105100
Topi 0.101100 0.264400 0.169300 0.260300 0.143000 0.080900 0.122600 0.122800 0.168200 0.103700 0.080900 0.081500 0.000000 0.081300 0.101600 0.102000 0.079200 0.119400 0.080900 0.189600 0.146900 0.080900 0.082700 0.106000 0.080900 0.102000 0.000000 0.168200 0.122600 0.168200 0.124800 0.125300 0.059600 0.000000 0.059100 0.105300 0.101800 0.101500 0.079100 0.104100 0.082700 0.102000 0.103700 0.103700 0.105300 0.126000 0.164700 0.101400 0.081300 0.101800 0.168200 0.146600
CommonDuik 0.060800 0.215600 0.081900 0.212000 0.059500 0.040600 0.039700 0.039800 0.081400 0.062500 0.040600 0.041000 0.081300 0.000000 0.019100 0.019900 0.039500 0.079200 0.040600 0.101700 0.055500 0.040600 0.041600 0.064000 0.040600 0.019900 0.081300 0.081400 0.039700 0.081400 0.083400 0.040600 0.019800 0.081300 0.060800 0.063500 0.061200 0.061100 0.039500 0.020300 0.038900 0.019900 0.062500 0.062500 0.063500 0.040800 0.079800 0.018900 0.000000 0.019800 0.081400 0.061000
Suni 0.081200 0.240000 0.102400 0.236200 0.079300 0.061000 0.059600 0.059700 0.101800 0.083300 0.061000 0.056200 0.101600 0.019100 0.000000 0.039700 0.059200 0.099100 0.061000 0.122200 0.081400 0.061000 0.062300 0.085200 0.061000 0.039700 0.101600 0.101800 0.059600 0.101800 0.104300 0.060900 0.039600 0.101600 0.081100 0.084600 0.081700 0.081400 0.059200 0.040500 0.062300 0.039700 0.083300 0.083300 0.084600 0.061200 0.099800 0.039500 0.019800 0.039600 0.101800 0.081200
Springbuck 0.081300 0.241000 0.102800 0.236900 0.038700 0.061100 0.059700 0.019500 0.102100 0.083500 0.061100 0.061600 0.102000 0.019900 0.039700 0.000000 0.059400 0.099300 0.061100 0.122500 0.039800 0.061100 0.062500 0.085500 0.061100 0.000000 0.102000 0.102100 0.019400 0.102100 0.104600 0.061100 0.039700 0.102000 0.081300 0.084800 0.081900 0.039800 0.019300 0.040600 0.062500 0.000000 0.083500 0.040600 0.084800 0.061400 0.058500 0.039600 0.019900 0.039700 0.102100 0.081600
Okapi 0.059300 0.263600 0.122800 0.233900 0.057900 0.081100 0.079300 0.079400 0.122000 0.103800 0.081100 0.081700 0.079200 0.039500 0.059200 0.059400 0.000000 0.037800 0.081100 0.142500 0.101600 0.081100 0.082900 0.106300 0.081100 0.059400 0.079200 0.122000 0.079300 0.122000 0.125000 0.081000 0.059300 0.079200 0.101200 0.105500 0.102000 0.101700 0.079000 0.060600 0.082900 0.059400 0.103800 0.103900 0.105500 0.081400 0.077900 0.018700 0.039500 0.059300 0.120800 0.101400
Giraffe 0.099500 0.315200 0.120400 0.284100 0.097200 0.122400 0.119500 0.119600 0.163800 0.146200 0.122400 0.123200 0.119400 0.079200 0.099100 0.099300 0.037800 0.000000 0.122400 0.184800 0.142800 0.122400 0.124900 0.149500 0.122400 0.099300 0.119400 0.163800 0.119500 0.164900 0.167700 0.122000 0.099100 0.119400 0.099200 0.148300 0.143900 0.143100 0.119000 0.101400 0.124900 0.099300 0.146200 0.146300 0.148300 0.122700 0.117500 0.057900 0.079200 0.099300 0.163800 0.142600
TibetanAnt 0.019000 0.214800 0.125900 0.210300 0.101900 0.000000 0.081500 0.081600 0.125500 0.062200 0.000000 0.040800 0.080900 0.040600 0.061000 0.061100 0.081100 0.122400 0.000000 0.146700 0.104400 0.000000 0.041400 0.063600 0.000000 0.061100 0.080900 0.125500 0.081600 0.125500 0.083000 0.083400 0.060900 0.080900 0.060600 0.063100 0.018600 0.060800 0.080800 0.062500 0.041400 0.061100 0.062200 0.062200 0.063100 0.083900 0.123100 0.060800 0.040600 0.061100 0.125500 0.104300
Sitatunga 0.167700 0.320900 0.057400 0.315800 0.163900 0.146700 0.099800 0.099600 0.018600 0.125400 0.146700 0.147800 0.189600 0.101700 0.122200 0.122500 0.142500 0.184800 0.146700 0.000000 0.122500 0.146700 0.149800 0.175800 0.146700 0.122500 0.189600 0.018600 0.143400 0.018600 0.101800 0.101600 0.122300 0.189600 0.167600 0.174500 0.145900 0.122500 0.142600 0.125000 0.149800 0.122500 0.125400 0.172000 0.174500 0.102100 0.185900 0.121900 0.101700 0.079400 0.018600 0.037900
Oribi 0.125000 0.299400 0.102900 0.293800 0.079400 0.104400 0.102200 0.019500 0.102200 0.128600 0.104400 0.105200 0.146900 0.055500 0.081400 0.039800 0.101600 0.142800 0.104400 0.122500 0.000000 0.104400 0.106700 0.131600 0.104400 0.039800 0.146900 0.102200 0.059700 0.102200 0.104400 0.104500 0.081600 0.146900 0.125300 0.130700 0.126000 0.039800 0.059400 0.083300 0.106700 0.039800 0.128600 0.083300 0.130700 0.104900 0.100100 0.081100 0.055500 0.081500 0.102200 0.081700
BarbaryShe 0.019600 0.214800 0.125900 0.210300 0.101900 0.000000 0.081500 0.081600 0.125500 0.062200 0.000000 0.040800 0.080900 0.040600 0.061000 0.061100 0.081100 0.122400 0.000000 0.146700 0.104400 0.000000 0.041400 0.063600 0.000000 0.061100 0.080900 0.125500 0.081600 0.125500 0.083000 0.083400 0.060900 0.080900 0.060600 0.063100 0.019700 0.060800 0.080800 0.062500 0.041400 0.061100 0.062200 0.062200 0.063100 0.083900 0.123100 0.060800 0.040600 0.061100 0.125500 0.104300
Daviddeer 0.061900 0.221000 0.129100 0.217400 0.104100 0.041400 0.083400 0.083500 0.128300 0.020700 0.041400 0.041700 0.082700 0.041600 0.062300 0.062500 0.082900 0.124900 0.041400 0.149800 0.106700 0.041400 0.000000 0.020400 0.041400 0.062500 0.082700 0.128300 0.083400 0.128300 0.041400 0.085400 0.062300 0.082700 0.061900 0.064600 0.062400 0.057300 0.082900 0.019900 0.000000 0.062500 0.019900 0.020700 0.064600 0.085900 0.125800 0.062200 0.041600 0.062400 0.128300 0.106600
Reindeer 0.084700 0.254500 0.154700 0.192800 0.128100 0.063600 0.106900 0.107100 0.153700 0.042400 0.063600 0.064100 0.106000 0.064000 0.085200 0.085500 0.106300 0.149500 0.063600 0.175800 0.131600 0.063600 0.020400 0.000000 0.063600 0.085500 0.106100 0.153700 0.107000 0.153700 0.063800 0.064100 0.085300 0.106100 0.084700 0.088500 0.085300 0.085000 0.106400 0.039700 0.021200 0.085500 0.042400 0.042400 0.088500 0.110300 0.150500 0.085000 0.064000 0.085400 0.153700 0.131400
Ibex 0.019600 0.214800 0.125900 0.210300 0.101900 0.000000 0.081500 0.081600 0.125500 0.062200 0.000000 0.040800 0.080900 0.040600 0.061000 0.061100 0.081100 0.122400 0.000000 0.146700 0.104400 0.000000 0.041400 0.063600 0.000000 0.061100 0.080900 0.125500 0.081600 0.125500 0.083000 0.083400 0.060900 0.080900 0.060600 0.063100 0.019700 0.060800 0.080800 0.062500 0.041400 0.061100 0.062200 0.062200 0.063100 0.083900 0.123100 0.060800 0.040600 0.061100 0.125500 0.104300
GyrantGaze 0.081300 0.241000 0.102800 0.236900 0.038700 0.061100 0.059700 0.019500 0.102100 0.083500 0.061100 0.061600 0.102000 0.019900 0.039700 0.000000 0.059400 0.099300 0.061100 0.122500 0.039800 0.061100 0.062500 0.085500 0.061100 0.000000 0.102000 0.102100 0.019400 0.102100 0.104600 0.061100 0.039700 0.102000 0.081300 0.084800 0.081900 0.039800 0.019300 0.040600 0.062500 0.000000 0.083500 0.040600 0.084800 0.061400 0.058500 0.039600 0.019900 0.039700 0.102100 0.081600
Hartebeest 0.101100 0.264400 0.169300 0.260300 0.143000 0.080900 0.122600 0.122800 0.168000 0.103700 0.080900 0.081500 0.000000 0.081300 0.101600 0.102000 0.079200 0.119400 0.080900 0.189600 0.146900 0.080900 0.082700 0.106100 0.080900 0.102000 0.000000 0.168200 0.122600 0.168200 0.124800 0.125300 0.059600 0.000000 0.059100 0.105300 0.101800 0.101500 0.079100 0.104100 0.082700 0.102000 0.103700 0.103700 0.105300 0.126000 0.164700 0.100500 0.081300 0.101800 0.167300 0.146600
Bongo 0.146400 0.295500 0.038300 0.290500 0.143200 0.125500 0.079800 0.079800 0.000000 0.104500 0.125500 0.126500 0.168200 0.081400 0.101800 0.102100 0.122000 0.163800 0.125500 0.018600 0.102200 0.125500 0.128300 0.153700 0.125500 0.102100 0.168200 0.000000 0.122800 0.000000 0.081500 0.081300 0.101900 0.168200 0.146500 0.152700 0.124900 0.102100 0.122100 0.104100 0.128300 0.102100 0.104500 0.150300 0.152700 0.081700 0.164900 0.101500 0.081400 0.059600 0.000000 0.019000
Gerenuk 0.101900 0.266000 0.123600 0.261900 0.058200 0.081600 0.038800 0.038900 0.122800 0.104500 0.081600 0.082200 0.122600 0.039700 0.059600 0.019400 0.079300 0.119500 0.081600 0.143400 0.059700 0.081600 0.083400 0.107000 0.081600 0.019400 0.122600 0.122800 0.000000 0.122800 0.125800 0.081500 0.059600 0.122600 0.101800 0.106100 0.102600 0.059700 0.038600 0.061000 0.083400 0.019400 0.104500 0.061000 0.106100 0.081900 0.038100 0.059400 0.039700 0.059700 0.122800 0.102100
CommonElan 0.146400 0.295500 0.038300 0.290500 0.143200 0.125500 0.079800 0.079800 0.000000 0.104500 0.125500 0.126500 0.168200 0.081400 0.101800 0.102100 0.122000 0.164900 0.125500 0.018600 0.102200 0.125500 0.128300 0.153700 0.125500 0.102100 0.168200 0.000000 0.122800 0.000000 0.081800 0.081300 0.101900 0.168200 0.146500 0.152700 0.124900 0.102100 0.122100 0.104100 0.128300 0.102100 0.104500 0.150300 0.152700 0.081700 0.164900 0.101500 0.081400 0.059600 0.000000 0.019000
MuntiacusR 0.103700 0.273400 0.081900 0.268800 0.146600 0.083000 0.081700 0.081600 0.081500 0.020300 0.083000 0.083700 0.124800 0.083400 0.104300 0.104600 0.125000 0.167700 0.083000 0.101800 0.104400 0.083000 0.041400 0.063800 0.083000 0.104600 0.124800 0.081500 0.125800 0.081800 0.000000 0.128800 0.104400 0.124800 0.103700 0.108200 0.104400 0.060700 0.125100 0.062600 0.041400 0.104600 0.020300 0.062300 0.108200 0.129500 0.168800 0.104000 0.083400 0.104500 0.081500 0.061000
HarveysDui 0.104100 0.245000 0.126200 0.186200 0.101700 0.083400 0.081500 0.081800 0.081300 0.107000 0.083400 0.084100 0.125300 0.040600 0.060900 0.061100 0.081000 0.122000 0.083400 0.101600 0.104500 0.083400 0.085400 0.064100 0.083400 0.061100 0.125300 0.081300 0.081500 0.081300 0.128800 0.000000 0.060900 0.125300 0.104100 0.108700 0.082900 0.104600 0.081100 0.062400 0.085400 0.061100 0.107000 0.107100 0.108700 0.040800 0.122900 0.060700 0.040600 0.019800 0.081300 0.104300
Pronghorn 0.081100 0.240200 0.102600 0.236300 0.079300 0.060900 0.059600 0.059800 0.101900 0.083300 0.060900 0.061400 0.059600 0.019800 0.039600 0.039700 0.059300 0.099100 0.060900 0.122300 0.081600 0.060900 0.062300 0.085300 0.060900 0.039700 0.059600 0.101900 0.059600 0.101900 0.104400 0.060900 0.000000 0.059600 0.039600 0.084600 0.081700 0.081600 0.059300 0.040500 0.062300 0.039700 0.083300 0.083300 0.084600 0.061200 0.099800 0.039500 0.019800 0.039700 0.101900 0.081400
BlueWildeb 0.101100 0.264400 0.169300 0.260300 0.143000 0.080900 0.122600 0.122800 0.168200 0.103700 0.080900 0.081500 0.000000 0.081300 0.101600 0.102000 0.079200 0.119400 0.080900 0.189600 0.146900 0.080900 0.082700 0.106100 0.080900 0.102000 0.000000 0.168200 0.122600 0.168200 0.124800 0.125300 0.059600 0.000000 0.059100 0.105300 0.101800 0.101500 0.079100 0.104100 0.082700 0.102000 0.103700 0.103700 0.105300 0.126000 0.164700 0.101400 0.081300 0.101800 0.168200 0.146600
Gemsbok 0.080700 0.238800 0.102600 0.235100 0.122100 0.060600 0.101800 0.102000 0.146500 0.082700 0.060600 0.061000 0.059100 0.060800 0.081100 0.081300 0.101200 0.099200 0.060600 0.167600 0.125300 0.060600 0.061900 0.084700 0.060600 0.081300 0.059100 0.146500 0.101800 0.146500 0.103700 0.104100 0.039600 0.059100 0.000000 0.084000 0.081200 0.080900 0.101300 0.083100 0.061900 0.081300 0.082700 0.082700 0.084000 0.104700 0.143500 0.080900 0.060800 0.081300 0.146500 0.125100
Yak 0.084000 0.250600 0.153700 0.246300 0.127100 0.063100 0.106100 0.106400 0.152700 0.086300 0.063100 0.063600 0.105300 0.063500 0.084600 0.084800 0.105500 0.148300 0.063100 0.174500 0.130700 0.063100 0.064600 0.088500 0.063100 0.084800 0.105300 0.152700 0.106100 0.152700 0.108200 0.108700 0.084600 0.105300 0.084000 0.000000 0.084600 0.084400 0.105600 0.086800 0.064600 0.084800 0.086300 0.086300 0.000000 0.109300 0.149000 0.084300 0.063500 0.084700 0.152700 0.130500
BlueSheep 0.039400 0.211200 0.147900 0.180000 0.123100 0.019700 0.102600 0.102600 0.124900 0.083400 0.019700 0.061500 0.101800 0.061200 0.081700 0.081900 0.102000 0.143900 0.018600 0.145900 0.126000 0.019700 0.062400 0.085300 0.019700 0.081900 0.101800 0.124900 0.102600 0.124900 0.104400 0.082900 0.081700 0.101800 0.081200 0.084600 0.000000 0.081500 0.101600 0.083700 0.062400 0.081900 0.083400 0.083400 0.084600 0.083400 0.144600 0.081500 0.061200 0.060700 0.124900 0.125900
BohorReedb 0.080900 0.240300 0.102700 0.236200 0.079500 0.060800 0.102300 0.019400 0.102100 0.083100 0.060800 0.061300 0.101500 0.061100 0.081400 0.039800 0.101700 0.143100 0.060800 0.122500 0.039800 0.060800 0.057300 0.085000 0.060800 0.039800 0.101500 0.102100 0.059700 0.102100 0.060700 0.104600 0.081600 0.101500 0.080900 0.084400 0.081500 0.000000 0.059400 0.083500 0.062100 0.039800 0.083100 0.040400 0.084400 0.105100 0.100100 0.081200 0.061100 0.081600 0.102100 0.081500
KirksDik 0.101000 0.264700 0.122500 0.259900 0.057900 0.080800 0.079300 0.038700 0.122100 0.103900 0.080800 0.081800 0.079100 0.039500 0.059200 0.019300 0.079000 0.119000 0.080800 0.142600 0.059400 0.080800 0.082900 0.106400 0.080800 0.019300 0.079100 0.122100 0.038600 0.122100 0.125100 0.081100 0.059300 0.079100 0.101300 0.105600 0.101600 0.059400 0.000000 0.060600 0.082900 0.019300 0.103900 0.060600 0.105600 0.081500 0.077800 0.059200 0.039500 0.059300 0.122100 0.101500
RoeDeer 0.083200 0.247500 0.104800 0.243500 0.081200 0.062500 0.061000 0.061100 0.104100 0.041700 0.062500 0.063000 0.104100 0.020300 0.040500 0.040600 0.060600 0.101400 0.062500 0.125000 0.083300 0.062500 0.019900 0.039700 0.062500 0.040600 0.104100 0.104100 0.061000 0.104100 0.062600 0.062400 0.040500 0.104100 0.083100 0.086800 0.083700 0.083500 0.060600 0.000000 0.020800 0.040600 0.041700 0.041700 0.086800 0.062700 0.102100 0.040400 0.019800 0.040600 0.104100 0.083200
WhiteLippe 0.061900 0.221000 0.129100 0.217400 0.104100 0.041400 0.083400 0.083500 0.128300 0.019900 0.041400 0.041700 0.082700 0.038900 0.062300 0.062500 0.082900 0.124900 0.041400 0.149800 0.106700 0.041400 0.000000 0.021200 0.041400 0.062500 0.082700 0.128300 0.083400 0.128300 0.041400 0.085400 0.062300 0.082700 0.061900 0.064600 0.062400 0.062100 0.082900 0.020800 0.000000 0.062500 0.020700 0.019700 0.064600 0.085900 0.125800 0.062200 0.041600 0.062400 0.128300 0.106600
ThomsonGaz 0.081300 0.241000 0.102800 0.236900 0.038700 0.061100 0.059200 0.019500 0.102100 0.083500 0.061100 0.061600 0.102000 0.019900 0.039700 0.000000 0.059400 0.099300 0.061100 0.122500 0.039800 0.061100 0.062500 0.085500 0.061100 0.000000 0.102000 0.102100 0.019400 0.102100 0.104600 0.061100 0.039700 0.102000 0.081300 0.084800 0.081900 0.039800 0.019300 0.040600 0.062500 0.000000 0.083500 0.040600 0.084800 0.061400 0.058500 0.039600 0.019900 0.039700 0.102100 0.081600
MuntiacusC 0.082800 0.247000 0.105100 0.243000 0.125300 0.062200 0.061100 0.104600 0.104500 0.000000 0.062200 0.062700 0.103700 0.062500 0.083300 0.083500 0.103800 0.146200 0.062200 0.125400 0.128600 0.062200 0.019900 0.042400 0.062200 0.083500 0.103700 0.104500 0.104500 0.104500 0.020300 0.107000 0.083300 0.103700 0.082700 0.086300 0.083400 0.083100 0.103900 0.041700 0.020700 0.083500 0.000000 0.041400 0.086300 0.107600 0.147200 0.083100 0.062500 0.083400 0.104500 0.083400
WhiteTaile 0.082800 0.247100 0.151300 0.243000 0.081200 0.062200 0.104500 0.061100 0.150300 0.041400 0.062200 0.062700 0.103700 0.062500 0.083300 0.040600 0.103900 0.146300 0.062200 0.172000 0.083300 0.062200 0.020700 0.042400 0.062200 0.040600 0.103700 0.150300 0.061000 0.150300 0.062300 0.107100 0.083300 0.103700 0.082700 0.086300 0.083400 0.040400 0.060600 0.041700 0.019700 0.040600 0.041400 0.000000 0.086300 0.107600 0.102100 0.083100 0.062500 0.083400 0.150300 0.128400
Cattle 0.084000 0.250600 0.153700 0.246300 0.127100 0.063100 0.106100 0.106400 0.152700 0.086300 0.063100 0.063600 0.105300 0.063500 0.084600 0.084800 0.105500 0.148300 0.063100 0.174500 0.130700 0.063100 0.064600 0.088500 0.063100 0.084800 0.105300 0.152700 0.106100 0.152700 0.108200 0.108700 0.084600 0.105300 0.084000 0.000000 0.084600 0.084400 0.105600 0.086800 0.064600 0.084800 0.086300 0.086300 0.000000 0.109300 0.149000 0.084300 0.063500 0.084700 0.152700 0.130500
RoyalAntel 0.104700 0.246700 0.126900 0.242800 0.102200 0.083900 0.081900 0.082000 0.081700 0.107600 0.083900 0.084600 0.126000 0.040800 0.061200 0.061400 0.081400 0.122700 0.083900 0.102100 0.104900 0.083900 0.085900 0.110300 0.083900 0.061400 0.126000 0.081700 0.081900 0.081700 0.129500 0.040800 0.061200 0.126000 0.104700 0.109300 0.083400 0.105100 0.081500 0.062700 0.085900 0.061400 0.107600 0.107600 0.109300 0.000000 0.123500 0.061100 0.040800 0.019900 0.081700 0.104800
Steenbok 0.100000 0.316600 0.166000 0.285300 0.057200 0.123100 0.078100 0.078200 0.164900 0.147200 0.123100 0.124000 0.164700 0.079800 0.099800 0.058500 0.077900 0.117500 0.123100 0.185900 0.100100 0.123100 0.125800 0.150500 0.123100 0.058500 0.164700 0.164900 0.038100 0.164900 0.168800 0.122900 0.099800 0.164700 0.143500 0.149000 0.144600 0.100100 0.077800 0.102100 0.125800 0.058500 0.147200 0.102100 0.149000 0.123500 0.000000 0.058400 0.079800 0.100000 0.164900 0.143800
Impala 0.039500 0.238900 0.102200 0.209800 0.038700 0.060800 0.054400 0.059500 0.101500 0.083100 0.060800 0.061300 0.101400 0.018900 0.039500 0.039600 0.018700 0.057900 0.060800 0.121900 0.081100 0.060800 0.062200 0.085000 0.060800 0.039600 0.100500 0.101500 0.059400 0.101500 0.104000 0.060700 0.039500 0.101400 0.080900 0.084300 0.081500 0.081200 0.059200 0.040400 0.062200 0.039600 0.083100 0.083100 0.084300 0.061100 0.058400 0.000000 0.019800 0.039600 0.101500 0.081000
Klipspring 0.060800 0.215600 0.081900 0.212000 0.059500 0.040600 0.039700 0.039800 0.081400 0.062500 0.040600 0.041000 0.081300 0.000000 0.019800 0.019900 0.039500 0.079200 0.040600 0.101700 0.055500 0.040600 0.041600 0.064000 0.040600 0.019900 0.081300 0.081400 0.039700 0.081400 0.083400 0.040600 0.019800 0.081300 0.060800 0.063500 0.061200 0.061100 0.039500 0.019800 0.041600 0.019900 0.062500 0.062500 0.063500 0.040800 0.079800 0.019800 0.000000 0.019800 0.081400 0.061000
ForestMusk 0.081300 0.213300 0.102600 0.209800 0.079500 0.061100 0.059700 0.059800 0.059600 0.083400 0.061100 0.061500 0.101800 0.019800 0.039600 0.039700 0.059300 0.099300 0.061100 0.079400 0.081500 0.061100 0.062400 0.085400 0.061100 0.039700 0.101800 0.059600 0.059700 0.059600 0.104500 0.019800 0.039700 0.101800 0.081300 0.084700 0.060700 0.081600 0.059300 0.040600 0.062400 0.039700 0.083400 0.083400 0.084700 0.019900 0.100000 0.039600 0.019800 0.000000 0.059600 0.081400
Bushbuck 0.146400 0.295500 0.038300 0.290500 0.143200 0.125500 0.079800 0.079800 0.000000 0.104500 0.125500 0.126500 0.168200 0.081400 0.101800 0.102100 0.120800 0.163800 0.125500 0.018600 0.102200 0.125500 0.128300 0.153700 0.125500 0.102100 0.167300 0.000000 0.122800 0.000000 0.081500 0.081300 0.101900 0.168200 0.146500 0.152700 0.124900 0.102100 0.122100 0.104100 0.128300 0.102100 0.104500 0.150300 0.152700 0.081700 0.164900 0.101500 0.081400 0.059600 0.000000 0.019000
GreaterKud 0.125000 0.298600 0.019100 0.293400 0.122300 0.104300 0.059800 0.059800 0.019000 0.083400 0.104300 0.105100 0.146600 0.061000 0.081200 0.081600 0.101400 0.142600 0.104300 0.037900 0.081700 0.104300 0.106600 0.131400 0.104300 0.081600 0.146600 0.019000 0.102100 0.019000 0.061000 0.104300 0.081400 0.146600 0.125100 0.130500 0.125900 0.081500 0.101500 0.083200 0.106600 0.081600 0.083400 0.128400 0.130500 0.104800 0.143800 0.081000 0.061000 0.081400 0.019000 0.000000
