CODONML (in paml version 4.10.7, June 2023)  /home/rachel/ruminants_paml/6406-phy-tree/ENSBTAT00000043071.fasta.phy
Model: free dN/dS Ratios for branches,  kappa = 2.000 fixed

Codon frequency model: F3x4
ns =  54  ls = 127

Codon usage in sequences
--------------------------------------------------------------------------------------------------------------------------------------
Phe TTT   3   3   3   3   3   2 | Ser TCT   2   2   2   2   4   3 | Tyr TAT   2   2   1   1   1   0 | Cys TGT   2   1   2   2   1   1
    TTC   1   1   1   1   1   2 |     TCC   4   4   4   4   2   3 |     TAC   0   0   1   1   1   2 |     TGC   0   0   0   0   0   0
Leu TTA   0   0   1   0   0   0 |     TCA   2   2   2   2   1   1 | *** TAA   0   0   0   0   0   0 | *** TGA   0   0   0   0   0   0
    TTG   1   2   1   1   2   2 |     TCG   0   0   0   0   0   0 |     TAG   0   0   0   0   0   0 | Trp TGG   2   2   2   2   2   2
--------------------------------------------------------------------------------------------------------------------------------------
Leu CTT   1   2   1   1   1   1 | Pro CCT   1   1   2   1   1   1 | His CAT   1   1   1   1   1   1 | Arg CGT   1   1   1   1   1   1
    CTC   2   2   2   2   2   1 |     CCC   3   3   2   3   2   3 |     CAC   1   1   1   2   1   1 |     CGC   0   0   0   0   0   0
    CTA   1   0   0   1   1   1 |     CCA   2   3   2   2   3   3 | Gln CAA   2   2   3   3   3   3 |     CGA   0   1   0   0   0   0
    CTG   5   4   5   5   5   5 |     CCG   0   0   0   0   0   0 |     CAG   4   3   3   3   3   3 |     CGG   1   1   1   1   1   1
--------------------------------------------------------------------------------------------------------------------------------------
Ile ATT   0   0   0   0   0   0 | Thr ACT   0   0   0   0   0   0 | Asn AAT   0   0   0   0   1   0 | Ser AGT   3   4   3   3   3   3
    ATC   0   0   0   0   0   0 |     ACC   0   0   0   0   1   0 |     AAC   5   4   5   4   2   5 |     AGC   4   5   5   5   6   4
    ATA   1   1   1   1   1   1 |     ACA   2   1   2   2   2   2 | Lys AAA   3   3   2   2   2   2 | Arg AGA   1   0   0   0   0   0
Met ATG   5   5   5   5   6   5 |     ACG   1   1   1   1   1   1 |     AAG   3   4   4   4   4   4 |     AGG   1   1   1   1   1   1
--------------------------------------------------------------------------------------------------------------------------------------
Val GTT   1   2   1   1   1   1 | Ala GCT   5   6   5   5   5   5 | Asp GAT   4   4   4   4   4   4 | Gly GGT   3   3   3   3   4   4
    GTC   3   3   3   3   3   2 |     GCC   7   6   7   7   8   9 |     GAC   5   4   6   6   6   6 |     GGC   2   3   2   2   2   3
    GTA   1   3   1   1   1   1 |     GCA   2   1   1   1   1   1 | Glu GAA   1   2   2   1   1   1 |     GGA   2   2   3   3   3   3
    GTG   9   6   9   9   8   9 |     GCG   1   1   1   1   0   0 |     GAG   4   3   2   3   3   3 |     GGG   4   5   4   4   4   4
--------------------------------------------------------------------------------------------------------------------------------------

--------------------------------------------------------------------------------------------------------------------------------------
Phe TTT   3   3   3   3   3   3 | Ser TCT   2   2   2   2   2   2 | Tyr TAT   2   2   2   2   1   1 | Cys TGT   2   2   2   2   2   2
    TTC   1   1   1   1   1   1 |     TCC   4   4   4   4   4   4 |     TAC   0   0   0   0   1   1 |     TGC   0   0   0   0   0   0
Leu TTA   0   0   0   0   1   0 |     TCA   2   2   2   2   2   2 | *** TAA   0   0   0   0   0   0 | *** TGA   0   0   0   0   0   0
    TTG   1   1   1   1   1   2 |     TCG   0   0   0   0   0   0 |     TAG   0   0   0   0   0   0 | Trp TGG   2   2   2   2   2   2
--------------------------------------------------------------------------------------------------------------------------------------
Leu CTT   2   1   1   1   1   1 | Pro CCT   1   1   1   1   2   1 | His CAT   1   1   1   1   1   1 | Arg CGT   1   1   1   1   1   1
    CTC   2   2   2   2   2   2 |     CCC   3   3   3   4   2   3 |     CAC   1   1   1   1   1   1 |     CGC   0   0   0   0   0   0
    CTA   1   1   1   1   0   1 |     CCA   2   2   2   2   2   2 | Gln CAA   3   3   3   3   3   3 |     CGA   0   0   0   0   0   0
    CTG   4   5   5   5   5   5 |     CCG   0   0   0   0   0   0 |     CAG   3   3   3   3   3   3 |     CGG   1   1   1   1   1   1
--------------------------------------------------------------------------------------------------------------------------------------
Ile ATT   0   0   0   0   0   0 | Thr ACT   0   0   0   0   0   0 | Asn AAT   0   0   0   0   0   0 | Ser AGT   3   3   3   3   3   3
    ATC   0   0   0   0   0   0 |     ACC   0   0   0   0   0   0 |     AAC   5   5   5   5   5   5 |     AGC   5   4   5   5   5   5
    ATA   1   1   1   1   1   1 |     ACA   2   2   2   2   2   2 | Lys AAA   3   3   3   3   2   2 | Arg AGA   0   1   0   0   0   0
Met ATG   5   5   5   5   5   5 |     ACG   1   1   1   1   1   1 |     AAG   3   3   3   3   4   4 |     AGG   1   1   1   1   1   1
--------------------------------------------------------------------------------------------------------------------------------------
Val GTT   1   1   2   1   1   1 | Ala GCT   5   5   5   5   5   6 | Asp GAT   4   4   3   4   4   4 | Gly GGT   3   3   3   3   3   3
    GTC   3   3   3   3   2   3 |     GCC   7   7   7   6   8   6 |     GAC   6   5   7   6   6   6 |     GGC   2   2   2   1   2   2
    GTA   1   1   1   1   1   1 |     GCA   1   2   1   1   1   1 | Glu GAA   1   1   1   1   1   1 |     GGA   3   2   3   4   3   3
    GTG   9   9   8   9   9   8 |     GCG   1   1   1   1   1   1 |     GAG   3   4   3   3   3   3 |     GGG   4   4   4   4   4   4
--------------------------------------------------------------------------------------------------------------------------------------

--------------------------------------------------------------------------------------------------------------------------------------
Phe TTT   3   3   3   3   3   3 | Ser TCT   2   2   2   2   2   2 | Tyr TAT   2   1   3   2   1   2 | Cys TGT   2   2   1   2   2   2
    TTC   1   1   1   1   1   1 |     TCC   4   4   4   4   4   5 |     TAC   0   1   0   0   1   0 |     TGC   0   0   0   0   0   0
Leu TTA   0   0   0   0   0   0 |     TCA   2   2   2   2   2   2 | *** TAA   0   0   0   0   0   0 | *** TGA   0   0   0   0   0   0
    TTG   1   1   1   1   1   1 |     TCG   0   0   0   0   0   0 |     TAG   0   0   0   0   0   0 | Trp TGG   2   2   2   2   2   2
--------------------------------------------------------------------------------------------------------------------------------------
Leu CTT   1   1   2   1   1   1 | Pro CCT   1   1   1   1   1   1 | His CAT   1   2   1   1   1   1 | Arg CGT   1   1   1   1   1   1
    CTC   2   2   1   2   2   3 |     CCC   3   3   2   3   3   2 |     CAC   1   1   1   1   1   1 |     CGC   0   0   0   0   0   0
    CTA   1   1   1   1   1   0 |     CCA   2   2   2   2   2   2 | Gln CAA   3   3   3   3   3   3 |     CGA   0   0   0   0   0   0
    CTG   5   5   5   5   5   5 |     CCG   0   0   1   0   0   0 |     CAG   3   2   3   3   3   3 |     CGG   1   1   1   1   1   1
--------------------------------------------------------------------------------------------------------------------------------------
Ile ATT   0   0   0   0   0   0 | Thr ACT   0   0   0   0   0   0 | Asn AAT   0   0   0   0   0   0 | Ser AGT   3   3   3   3   3   3
    ATC   0   0   0   0   0   0 |     ACC   0   0   0   0   0   0 |     AAC   5   5   5   5   5   5 |     AGC   5   5   5   5   4   5
    ATA   1   1   1   1   1   1 |     ACA   2   2   2   2   2   2 | Lys AAA   3   2   3   3   3   3 | Arg AGA   1   0   1   0   0   0
Met ATG   5   5   5   5   5   5 |     ACG   1   2   1   1   1   1 |     AAG   3   4   3   3   4   3 |     AGG   0   1   0   1   1   1
--------------------------------------------------------------------------------------------------------------------------------------
Val GTT   1   1   1   2   1   1 | Ala GCT   5   5   5   5   5   5 | Asp GAT   4   4   4   3   4   4 | Gly GGT   3   4   3   3   4   3
    GTC   3   3   3   3   3   3 |     GCC   7   7   7   7   7   7 |     GAC   5   6   6   7   6   6 |     GGC   2   1   2   2   2   2
    GTA   1   1   1   1   1   1 |     GCA   1   1   1   1   1   1 | Glu GAA   1   1   1   1   2   1 |     GGA   3   3   2   3   3   3
    GTG   9   9   9   8   9   9 |     GCG   1   0   1   1   1   1 |     GAG   4   3   3   3   1   3 |     GGG   4   4   5   4   4   4
--------------------------------------------------------------------------------------------------------------------------------------

--------------------------------------------------------------------------------------------------------------------------------------
Phe TTT   3   3   3   3   3   3 | Ser TCT   2   2   2   2   2   2 | Tyr TAT   1   1   2   1   2   2 | Cys TGT   2   2   2   2   2   2
    TTC   1   1   1   1   1   1 |     TCC   4   4   4   4   4   4 |     TAC   1   1   0   1   0   0 |     TGC   0   0   0   0   0   0
Leu TTA   0   0   0   1   0   0 |     TCA   2   2   2   2   2   2 | *** TAA   0   0   0   0   0   0 | *** TGA   0   0   0   0   0   0
    TTG   1   1   1   1   1   1 |     TCG   0   0   0   0   0   0 |     TAG   0   0   0   0   0   0 | Trp TGG   2   2   2   2   2   2
--------------------------------------------------------------------------------------------------------------------------------------
Leu CTT   1   1   1   1   1   1 | Pro CCT   2   1   1   2   2   1 | His CAT   1   1   1   1   1   1 | Arg CGT   1   1   1   1   1   1
    CTC   2   2   2   2   1   3 |     CCC   1   3   3   2   2   3 |     CAC   1   1   1   1   1   1 |     CGC   1   1   0   0   0   0
    CTA   1   1   1   0   1   0 |     CCA   3   2   2   2   2   2 | Gln CAA   3   3   3   3   3   3 |     CGA   0   0   0   0   0   0
    CTG   5   5   5   5   6   5 |     CCG   0   0   0   0   0   0 |     CAG   3   3   3   3   3   3 |     CGG   1   1   1   1   1   1
--------------------------------------------------------------------------------------------------------------------------------------
Ile ATT   0   0   0   0   0   0 | Thr ACT   0   0   0   0   0   0 | Asn AAT   1   1   0   0   0   0 | Ser AGT   2   2   3   3   3   3
    ATC   0   0   0   0   0   0 |     ACC   0   0   0   0   0   0 |     AAC   6   6   5   5   5   5 |     AGC   4   4   5   5   5   5
    ATA   1   1   1   1   1   1 |     ACA   2   2   2   2   2   2 | Lys AAA   2   2   3   2   3   3 | Arg AGA   0   0   1   0   0   1
Met ATG   5   5   5   5   5   5 |     ACG   1   1   1   1   1   1 |     AAG   4   4   3   4   3   3 |     AGG   1   1   0   1   1   0
--------------------------------------------------------------------------------------------------------------------------------------
Val GTT   1   1   1   1   1   1 | Ala GCT   5   5   5   5   5   5 | Asp GAT   4   4   4   4   4   4 | Gly GGT   3   3   3   3   3   3
    GTC   3   3   3   2   3   3 |     GCC   7   7   7   8   7   7 |     GAC   5   5   6   6   6   5 |     GGC   2   2   2   2   2   2
    GTA   1   1   1   1   1   1 |     GCA   1   1   1   1   1   1 | Glu GAA   1   1   1   1   2   1 |     GGA   3   3   3   3   3   3
    GTG   9  10   9   9   9   9 |     GCG   1   0   1   1   1   1 |     GAG   3   3   3   3   2   4 |     GGG   4   4   4   4   4   4
--------------------------------------------------------------------------------------------------------------------------------------

--------------------------------------------------------------------------------------------------------------------------------------
Phe TTT   2   3   3   3   3   3 | Ser TCT   2   2   2   2   2   2 | Tyr TAT   1   1   2   2   3   1 | Cys TGT   2   2   2   2   1   2
    TTC   2   1   1   1   1   1 |     TCC   4   4   4   4   4   4 |     TAC   1   1   0   0   0   1 |     TGC   0   0   0   0   0   0
Leu TTA   0   0   0   0   0   1 |     TCA   2   2   2   2   2   2 | *** TAA   0   0   0   0   0   0 | *** TGA   0   0   0   0   0   0
    TTG   3   2   1   1   1   1 |     TCG   0   0   0   0   0   0 |     TAG   0   0   0   0   0   0 | Trp TGG   2   2   2   2   2   2
--------------------------------------------------------------------------------------------------------------------------------------
Leu CTT   1   1   1   1   2   1 | Pro CCT   1   1   1   1   2   2 | His CAT   1   1   1   1   1   1 | Arg CGT   1   1   1   1   1   1
    CTC   2   2   2   2   1   2 |     CCC   3   3   3   3   2   2 |     CAC   1   1   1   1   1   1 |     CGC   0   0   0   0   0   0
    CTA   1   1   1   1   1   0 |     CCA   2   2   2   2   2   2 | Gln CAA   3   3   3   3   3   3 |     CGA   0   0   0   0   0   0
    CTG   4   5   5   5   5   5 |     CCG   0   0   0   0   0   0 |     CAG   3   3   3   3   3   3 |     CGG   1   1   1   1   1   1
--------------------------------------------------------------------------------------------------------------------------------------
Ile ATT   0   0   0   0   0   0 | Thr ACT   0   0   0   0   0   0 | Asn AAT   0   0   0   0   0   0 | Ser AGT   3   3   3   3   3   3
    ATC   0   0   0   0   0   0 |     ACC   0   0   0   0   0   0 |     AAC   5   5   5   5   5   5 |     AGC   5   5   5   4   5   5
    ATA   1   1   1   1   1   1 |     ACA   2   2   2   2   2   2 | Lys AAA   2   2   3   3   3   2 | Arg AGA   0   0   1   0   1   0
Met ATG   5   5   5   5   5   5 |     ACG   1   1   1   1   1   1 |     AAG   4   4   3   3   3   4 |     AGG   1   1   0   2   0   1
--------------------------------------------------------------------------------------------------------------------------------------
Val GTT   1   1   1   1   1   1 | Ala GCT   6   6   5   6   5   5 | Asp GAT   4   3   4   4   4   4 | Gly GGT   2   4   3   3   3   3
    GTC   3   3   3   3   3   2 |     GCC   6   6   7   6   7   8 |     GAC   6   6   5   6   6   6 |     GGC   2   2   2   1   2   2
    GTA   1   1   1   1   1   1 |     GCA   1   1   1   1   1   1 | Glu GAA   1   1   1   1   1   1 |     GGA   4   3   3   4   3   3
    GTG   8   8   9   9   9   9 |     GCG   1   1   1   1   1   1 |     GAG   3   3   4   3   3   3 |     GGG   4   4   4   4   4   4
--------------------------------------------------------------------------------------------------------------------------------------

--------------------------------------------------------------------------------------------------------------------------------------
Phe TTT   3   3   3   3   3   3 | Ser TCT   3   2   2   2   2   2 | Tyr TAT   2   1   1   2   1   3 | Cys TGT   2   2   2   2   2   1
    TTC   1   1   1   1   1   1 |     TCC   3   4   4   4   4   4 |     TAC   0   1   1   0   1   0 |     TGC   0   0   0   0   0   0
Leu TTA   0   1   0   0   0   0 |     TCA   2   2   2   2   2   2 | *** TAA   0   0   0   0   0   0 | *** TGA   0   0   0   0   0   0
    TTG   1   1   2   1   1   1 |     TCG   0   0   0   0   0   0 |     TAG   0   0   0   0   0   0 | Trp TGG   2   2   2   2   2   2
--------------------------------------------------------------------------------------------------------------------------------------
Leu CTT   1   1   1   1   1   1 | Pro CCT   1   2   2   1   1   2 | His CAT   1   1   1   1   1   1 | Arg CGT   1   1   1   1   1   1
    CTC   2   2   2   2   2   2 |     CCC   3   2   2   3   3   2 |     CAC   1   1   1   1   2   1 |     CGC   0   0   0   0   0   0
    CTA   1   0   1   1   1   1 |     CCA   2   2   2   2   2   2 | Gln CAA   3   3   3   3   3   3 |     CGA   0   0   0   0   0   0
    CTG   5   5   5   5   5   5 |     CCG   0   0   0   0   0   0 |     CAG   3   3   3   3   3   3 |     CGG   1   1   1   1   1   1
--------------------------------------------------------------------------------------------------------------------------------------
Ile ATT   0   0   0   0   0   0 | Thr ACT   0   0   0   0   0   0 | Asn AAT   0   0   0   0   0   0 | Ser AGT   3   3   3   3   3   3
    ATC   0   0   0   0   0   0 |     ACC   0   0   0   0   0   0 |     AAC   5   5   5   5   4   5 |     AGC   5   5   5   5   5   5
    ATA   1   1   1   1   1   1 |     ACA   2   2   2   2   2   2 | Lys AAA   3   2   2   3   3   3 | Arg AGA   0   0   0   0   0   1
Met ATG   5   5   5   5   5   5 |     ACG   1   1   1   1   1   1 |     AAG   3   4   4   3   3   3 |     AGG   1   1   1   1   1   0
--------------------------------------------------------------------------------------------------------------------------------------
Val GTT   1   1   1   2   1   1 | Ala GCT   5   5   6   5   5   5 | Asp GAT   4   4   4   3   4   4 | Gly GGT   3   3   3   3   3   2
    GTC   3   3   4   3   3   3 |     GCC   7   7   6   7   7   7 |     GAC   6   6   6   7   6   6 |     GGC   2   2   2   2   2   2
    GTA   1   1   1   1   2   1 |     GCA   1   1   1   1   1   1 | Glu GAA   1   1   1   1   1   1 |     GGA   3   3   3   3   3   4
    GTG   9   9   7   8   8   9 |     GCG   1   1   1   1   0   1 |     GAG   3   3   3   3   3   3 |     GGG   4   4   4   4   5   4
--------------------------------------------------------------------------------------------------------------------------------------

--------------------------------------------------------------------------------------------------------------------------------------
Phe TTT   3   3   3   3   3   3 | Ser TCT   2   2   2   2   2   2 | Tyr TAT   2   1   2   2   2   1 | Cys TGT   2   2   2   2   2   2
    TTC   1   1   1   1   1   1 |     TCC   4   4   4   4   4   4 |     TAC   0   1   0   0   0   1 |     TGC   0   0   0   0   0   0
Leu TTA   0   0   0   0   0   0 |     TCA   2   2   2   2   2   2 | *** TAA   0   0   0   0   0   0 | *** TGA   0   0   0   0   0   0
    TTG   1   1   1   1   1   2 |     TCG   0   0   0   0   0   0 |     TAG   0   0   0   0   0   0 | Trp TGG   2   2   2   2   2   2
--------------------------------------------------------------------------------------------------------------------------------------
Leu CTT   1   1   1   1   1   1 | Pro CCT   1   1   1   1   1   2 | His CAT   0   2   1   1   1   1 | Arg CGT   2   1   1   1   1   1
    CTC   2   2   2   2   3   2 |     CCC   3   3   3   3   3   3 |     CAC   2   1   1   1   1   1 |     CGC   0   1   0   0   0   0
    CTA   1   1   2   2   1   1 |     CCA   2   2   2   2   2   1 | Gln CAA   3   3   3   3   3   3 |     CGA   0   0   0   0   0   0
    CTG   5   5   4   4   4   5 |     CCG   0   0   0   0   0   0 |     CAG   3   2   3   3   3   3 |     CGG   1   1   1   1   1   1
--------------------------------------------------------------------------------------------------------------------------------------
Ile ATT   0   0   0   0   0   0 | Thr ACT   0   0   0   0   0   0 | Asn AAT   0   0   0   0   0   0 | Ser AGT   2   3   3   3   3   3
    ATC   0   0   1   0   0   0 |     ACC   0   0   0   0   0   0 |     AAC   5   5   5   5   5   5 |     AGC   5   4   5   5   5   5
    ATA   1   1   1   1   1   1 |     ACA   2   2   2   2   2   2 | Lys AAA   3   2   3   3   3   2 | Arg AGA   1   0   1   0   0   0
Met ATG   5   5   5   5   5   5 |     ACG   1   2   1   1   1   1 |     AAG   3   4   3   3   3   4 |     AGG   0   1   0   1   1   1
--------------------------------------------------------------------------------------------------------------------------------------
Val GTT   1   1   1   1   2   1 | Ala GCT   5   5   5   5   5   6 | Asp GAT   3   4   4   4   4   4 | Gly GGT   3   4   3   3   4   3
    GTC   3   3   2   3   2   3 |     GCC   7   7   7   7   7   6 |     GAC   7   6   5   6   6   6 |     GGC   2   1   2   2   1   2
    GTA   1   1   1   1   1   1 |     GCA   1   1   1   1   1   1 | Glu GAA   1   1   1   1   1   1 |     GGA   3   4   3   3   3   3
    GTG   9   9   9   9   9   8 |     GCG   1   0   1   1   1   1 |     GAG   3   3   4   3   3   3 |     GGG   4   3   4   4   4   4
--------------------------------------------------------------------------------------------------------------------------------------

--------------------------------------------------------------------------------------------------------------------------------------
Phe TTT   2   3   3   3   3   3 | Ser TCT   2   2   2   2   2   2 | Tyr TAT   1   2   1   2   1   2 | Cys TGT   2   2   2   2   2   1
    TTC   2   1   1   1   1   1 |     TCC   4   4   4   4   4   4 |     TAC   1   0   1   0   1   0 |     TGC   0   0   0   0   0   1
Leu TTA   0   0   0   0   0   0 |     TCA   2   2   2   2   2   2 | *** TAA   0   0   0   0   0   0 | *** TGA   0   0   0   0   0   0
    TTG   3   1   2   2   1   1 |     TCG   0   0   0   0   0   0 |     TAG   0   0   0   0   0   0 | Trp TGG   2   2   2   2   2   2
--------------------------------------------------------------------------------------------------------------------------------------
Leu CTT   1   1   1   1   1   1 | Pro CCT   1   1   1   1   1   1 | His CAT   1   1   1   1   2   1 | Arg CGT   1   1   1   1   1   1
    CTC   2   2   2   2   2   2 |     CCC   3   3   3   3   3   3 |     CAC   1   1   1   1   1   1 |     CGC   0   0   0   0   1   0
    CTA   1   1   1   1   1   1 |     CCA   2   2   2   2   2   2 | Gln CAA   3   3   3   3   3   3 |     CGA   0   0   0   0   0   0
    CTG   4   5   5   5   5   5 |     CCG   0   0   0   0   0   0 |     CAG   3   3   3   3   2   3 |     CGG   1   1   1   1   1   1
--------------------------------------------------------------------------------------------------------------------------------------
Ile ATT   0   0   0   0   0   0 | Thr ACT   0   0   0   0   0   0 | Asn AAT   0   0   0   0   0   0 | Ser AGT   3   3   3   3   3   2
    ATC   0   0   0   0   0   0 |     ACC   0   1   0   0   0   0 |     AAC   5   5   5   5   5   5 |     AGC   5   5   5   5   4   5
    ATA   1   1   1   1   1   1 |     ACA   2   2   2   2   2   2 | Lys AAA   2   3   2   2   2   3 | Arg AGA   0   0   0   0   0   0
Met ATG   5   5   5   5   5   5 |     ACG   1   1   1   1   2   1 |     AAG   4   3   4   4   4   3 |     AGG   1   1   1   1   1   1
--------------------------------------------------------------------------------------------------------------------------------------
Val GTT   1   1   1   1   1   1 | Ala GCT   6   5   6   6   5   5 | Asp GAT   4   4   4   3   4   6 | Gly GGT   3   3   3   4   4   4
    GTC   3   3   3   3   3   3 |     GCC   6   6   6   5   7   7 |     GAC   6   6   6   6   6   4 |     GGC   2   2   2   2   1   2
    GTA   1   1   1   1   1   1 |     GCA   1   1   1   1   1   1 | Glu GAA   1   1   1   1   1   1 |     GGA   3   3   3   3   4   3
    GTG   8   9   8   8   9   9 |     GCG   1   1   1   2   0   1 |     GAG   3   3   3   3   3   3 |     GGG   4   4   4   4   3   4
--------------------------------------------------------------------------------------------------------------------------------------

--------------------------------------------------------------------------------------------------------------------------------------
Phe TTT   3   3   3   3   3   3 | Ser TCT   2   2   2   2   2   2 | Tyr TAT   2   2   2   1   1   1 | Cys TGT   2   2   2   2   2   2
    TTC   1   1   1   1   1   1 |     TCC   4   4   4   4   4   4 |     TAC   0   0   0   1   1   1 |     TGC   0   0   0   0   0   0
Leu TTA   0   0   0   0   1   1 |     TCA   2   2   2   2   2   2 | *** TAA   0   0   0   0   0   0 | *** TGA   0   0   0   0   0   0
    TTG   1   1   1   1   1   1 |     TCG   0   0   0   0   0   0 |     TAG   0   0   0   0   0   0 | Trp TGG   2   2   2   2   2   2
--------------------------------------------------------------------------------------------------------------------------------------
Leu CTT   1   1   1   1   1   1 | Pro CCT   2   2   1   1   2   2 | His CAT   1   1   1   1   1   1 | Arg CGT   1   1   1   1   1   1
    CTC   2   2   2   2   2   2 |     CCC   3   2   3   3   2   2 |     CAC   1   1   1   2   1   1 |     CGC   0   0   0   0   0   0
    CTA   1   1   1   1   0   0 |     CCA   2   2   2   2   1   2 | Gln CAA   3   3   2   3   2   3 |     CGA   0   0   0   0   0   0
    CTG   5   5   5   5   5   5 |     CCG   0   0   0   0   1   0 |     CAG   3   3   3   3   4   3 |     CGG   1   1   1   1   1   1
--------------------------------------------------------------------------------------------------------------------------------------
Ile ATT   0   0   0   0   0   0 | Thr ACT   0   0   0   0   0   0 | Asn AAT   0   0   0   0   0   0 | Ser AGT   3   3   3   3   3   3
    ATC   0   0   0   0   0   0 |     ACC   0   0   0   0   1   0 |     AAC   5   5   5   4   5   5 |     AGC   5   5   5   5   5   5
    ATA   1   1   1   1   1   1 |     ACA   2   2   2   2   2   2 | Lys AAA   3   3   3   2   2   2 | Arg AGA   0   0   1   0   0   0
Met ATG   5   5   5   5   5   5 |     ACG   1   1   1   1   1   1 |     AAG   3   3   3   4   4   4 |     AGG   1   1   1   1   1   1
--------------------------------------------------------------------------------------------------------------------------------------
Val GTT   1   1   1   1   1   1 | Ala GCT   5   5   5   5   5   5 | Asp GAT   4   4   4   4   4   4 | Gly GGT   3   3   3   3   3   3
    GTC   3   3   3   3   3   2 |     GCC   6   7   7   7   6   8 |     GAC   6   6   6   6   6   6 |     GGC   2   2   2   2   2   2
    GTA   1   1   1   1   1   1 |     GCA   1   1   1   1   1   1 | Glu GAA   1   1   1   1   1   1 |     GGA   3   2   3   3   3   3
    GTG   9   9   9   9   9   9 |     GCG   1   1   1   1   1   1 |     GAG   3   3   3   3   3   3 |     GGG   4   5   4   4   4   4
--------------------------------------------------------------------------------------------------------------------------------------

Codon position x base (3x4) table for each sequence.

#1: Argali         
position  1:    T:0.14961    C:0.19685    A:0.22835    G:0.42520
position  2:    T:0.26772    C:0.25197    A:0.27559    G:0.20472
position  3:    T:0.22835    C:0.29134    A:0.15748    G:0.32283
Average         T:0.21522    C:0.24672    A:0.22047    G:0.31759

#2: LesserMouseDeer
position  1:    T:0.14961    C:0.19685    A:0.22835    G:0.42520
position  2:    T:0.26772    C:0.24409    A:0.25984    G:0.22835
position  3:    T:0.25197    C:0.28346    A:0.16535    G:0.29921
Average         T:0.22310    C:0.24147    A:0.21785    G:0.31759

#3: LesserKudu     
position  1:    T:0.15748    C:0.18898    A:0.22835    G:0.42520
position  2:    T:0.26772    C:0.24409    A:0.27559    G:0.21260
position  3:    T:0.22835    C:0.30709    A:0.15748    G:0.30709
Average         T:0.21785    C:0.24672    A:0.22047    G:0.31496

#4: ForestMuskDeer2
position  1:    T:0.14961    C:0.20472    A:0.22047    G:0.42520
position  2:    T:0.26772    C:0.24409    A:0.27559    G:0.21260
position  3:    T:0.22047    C:0.31496    A:0.14961    G:0.31496
Average         T:0.21260    C:0.25459    A:0.21522    G:0.31759

#5: Camel          
position  1:    T:0.14173    C:0.19685    A:0.23622    G:0.42520
position  2:    T:0.27559    C:0.24409    A:0.25984    G:0.22047
position  3:    T:0.24409    C:0.29134    A:0.14961    G:0.31496
Average         T:0.22047    C:0.24409    A:0.21522    G:0.32021

#6: KillerWhale    
position  1:    T:0.14173    C:0.19685    A:0.22047    G:0.44094
position  2:    T:0.25984    C:0.25197    A:0.27559    G:0.21260
position  3:    T:0.21260    C:0.32283    A:0.14961    G:0.31496
Average         T:0.20472    C:0.25722    A:0.21522    G:0.32283

#7: DefassaWaterbuck
position  1:    T:0.14961    C:0.19685    A:0.22835    G:0.42520
position  2:    T:0.26772    C:0.24409    A:0.27559    G:0.21260
position  3:    T:0.23622    C:0.30709    A:0.15748    G:0.29921
Average         T:0.21785    C:0.24934    A:0.22047    G:0.31234

#8: Sheep          
position  1:    T:0.14961    C:0.19685    A:0.22835    G:0.42520
position  2:    T:0.26772    C:0.25197    A:0.27559    G:0.20472
position  3:    T:0.22835    C:0.29134    A:0.16535    G:0.31496
Average         T:0.21522    C:0.24672    A:0.22310    G:0.31496

#9: MaxwellsDuiker 
position  1:    T:0.14961    C:0.19685    A:0.22835    G:0.42520
position  2:    T:0.26772    C:0.24409    A:0.27559    G:0.21260
position  3:    T:0.22835    C:0.31496    A:0.15748    G:0.29921
Average         T:0.21522    C:0.25197    A:0.22047    G:0.31234

#10: GazellaPrzewalskyi
position  1:    T:0.14961    C:0.20472    A:0.22835    G:0.41732
position  2:    T:0.26772    C:0.24409    A:0.27559    G:0.21260
position  3:    T:0.22835    C:0.29921    A:0.16535    G:0.30709
Average         T:0.21522    C:0.24934    A:0.22310    G:0.31234

#11: MountainNyala  
position  1:    T:0.15748    C:0.18898    A:0.22835    G:0.42520
position  2:    T:0.25984    C:0.25197    A:0.27559    G:0.21260
position  3:    T:0.22835    C:0.30709    A:0.14961    G:0.31496
Average         T:0.21522    C:0.24934    A:0.21785    G:0.31759

#12: MuntiacusMuntjak
position  1:    T:0.15748    C:0.19685    A:0.22835    G:0.41732
position  2:    T:0.26772    C:0.24409    A:0.27559    G:0.21260
position  3:    T:0.22835    C:0.30709    A:0.14961    G:0.31496
Average         T:0.21785    C:0.24934    A:0.21785    G:0.31496

#13: goat           
position  1:    T:0.14961    C:0.19685    A:0.22835    G:0.42520
position  2:    T:0.26772    C:0.24409    A:0.27559    G:0.21260
position  3:    T:0.22835    C:0.29921    A:0.16535    G:0.30709
Average         T:0.21522    C:0.24672    A:0.22310    G:0.31496

#14: AfricanBuffalo 
position  1:    T:0.14961    C:0.19685    A:0.23622    G:0.41732
position  2:    T:0.26772    C:0.24409    A:0.27559    G:0.21260
position  3:    T:0.23622    C:0.30709    A:0.14961    G:0.30709
Average         T:0.21785    C:0.24934    A:0.22047    G:0.31234

#15: Topi           
position  1:    T:0.14961    C:0.19685    A:0.22835    G:0.42520
position  2:    T:0.26772    C:0.24409    A:0.28346    G:0.20472
position  3:    T:0.23622    C:0.29134    A:0.15748    G:0.31496
Average         T:0.21785    C:0.24409    A:0.22310    G:0.31496

#16: CommonDuiker   
position  1:    T:0.14961    C:0.19685    A:0.22835    G:0.42520
position  2:    T:0.26772    C:0.24409    A:0.27559    G:0.21260
position  3:    T:0.22835    C:0.31496    A:0.15748    G:0.29921
Average         T:0.21522    C:0.25197    A:0.22047    G:0.31234

#17: Suni           
position  1:    T:0.14961    C:0.19685    A:0.22835    G:0.42520
position  2:    T:0.26772    C:0.24409    A:0.27559    G:0.21260
position  3:    T:0.22835    C:0.30709    A:0.16535    G:0.29921
Average         T:0.21522    C:0.24934    A:0.22310    G:0.31234

#18: Springbuck     
position  1:    T:0.15748    C:0.18898    A:0.22835    G:0.42520
position  2:    T:0.26772    C:0.24409    A:0.27559    G:0.21260
position  3:    T:0.22835    C:0.31496    A:0.14961    G:0.30709
Average         T:0.21785    C:0.24934    A:0.21785    G:0.31496

#19: Okapi          
position  1:    T:0.14961    C:0.20472    A:0.22835    G:0.41732
position  2:    T:0.26772    C:0.24409    A:0.28346    G:0.20472
position  3:    T:0.22835    C:0.29921    A:0.15748    G:0.31496
Average         T:0.21522    C:0.24934    A:0.22310    G:0.31234

#20: Giraffe        
position  1:    T:0.14961    C:0.20472    A:0.22835    G:0.41732
position  2:    T:0.27559    C:0.23622    A:0.28346    G:0.20472
position  3:    T:0.22047    C:0.31496    A:0.14961    G:0.31496
Average         T:0.21522    C:0.25197    A:0.22047    G:0.31234

#21: TibetanAntelope
position  1:    T:0.14961    C:0.19685    A:0.22835    G:0.42520
position  2:    T:0.26772    C:0.24409    A:0.27559    G:0.21260
position  3:    T:0.22835    C:0.30709    A:0.16535    G:0.29921
Average         T:0.21522    C:0.24934    A:0.22310    G:0.31234

#22: Sitatunga      
position  1:    T:0.15748    C:0.18898    A:0.22835    G:0.42520
position  2:    T:0.25984    C:0.25197    A:0.27559    G:0.21260
position  3:    T:0.22835    C:0.30709    A:0.14961    G:0.31496
Average         T:0.21522    C:0.24934    A:0.21785    G:0.31759

#23: Oribi          
position  1:    T:0.14961    C:0.19685    A:0.22835    G:0.42520
position  2:    T:0.26772    C:0.24409    A:0.27559    G:0.21260
position  3:    T:0.23622    C:0.29134    A:0.16535    G:0.30709
Average         T:0.21785    C:0.24409    A:0.22310    G:0.31496

#24: BarbarySheep   
position  1:    T:0.14961    C:0.19685    A:0.22835    G:0.42520
position  2:    T:0.26772    C:0.24409    A:0.27559    G:0.21260
position  3:    T:0.22835    C:0.30709    A:0.15748    G:0.30709
Average         T:0.21522    C:0.24934    A:0.22047    G:0.31496

#25: Daviddeer      
position  1:    T:0.16535    C:0.18898    A:0.22835    G:0.41732
position  2:    T:0.26772    C:0.24409    A:0.27559    G:0.21260
position  3:    T:0.21260    C:0.31496    A:0.15748    G:0.31496
Average         T:0.21522    C:0.24934    A:0.22047    G:0.31496

#26: Reindeer       
position  1:    T:0.15748    C:0.19685    A:0.22835    G:0.41732
position  2:    T:0.26772    C:0.24409    A:0.26772    G:0.22047
position  3:    T:0.22835    C:0.30709    A:0.14961    G:0.31496
Average         T:0.21785    C:0.24934    A:0.21522    G:0.31759

#27: Ibex           
position  1:    T:0.14961    C:0.19685    A:0.22835    G:0.42520
position  2:    T:0.26772    C:0.24409    A:0.27559    G:0.21260
position  3:    T:0.22835    C:0.29921    A:0.16535    G:0.30709
Average         T:0.21522    C:0.24672    A:0.22310    G:0.31496

#28: GyrantGazelle  
position  1:    T:0.14961    C:0.19685    A:0.22835    G:0.42520
position  2:    T:0.26772    C:0.24409    A:0.27559    G:0.21260
position  3:    T:0.23622    C:0.28346    A:0.16535    G:0.31496
Average         T:0.21785    C:0.24147    A:0.22310    G:0.31759

#29: Hartebeest     
position  1:    T:0.14961    C:0.19685    A:0.22835    G:0.42520
position  2:    T:0.26772    C:0.24409    A:0.28346    G:0.20472
position  3:    T:0.24409    C:0.29134    A:0.16535    G:0.29921
Average         T:0.22047    C:0.24409    A:0.22572    G:0.30971

#30: Bongo          
position  1:    T:0.15748    C:0.18898    A:0.22835    G:0.42520
position  2:    T:0.25984    C:0.25197    A:0.27559    G:0.21260
position  3:    T:0.22835    C:0.30709    A:0.14961    G:0.31496
Average         T:0.21522    C:0.24934    A:0.21785    G:0.31759

#31: Gerenuk        
position  1:    T:0.14961    C:0.19685    A:0.22835    G:0.42520
position  2:    T:0.26772    C:0.24409    A:0.27559    G:0.21260
position  3:    T:0.23622    C:0.29921    A:0.15748    G:0.30709
Average         T:0.21785    C:0.24672    A:0.22047    G:0.31496

#32: CommonEland    
position  1:    T:0.15748    C:0.18898    A:0.22835    G:0.42520
position  2:    T:0.26772    C:0.24409    A:0.27559    G:0.21260
position  3:    T:0.22835    C:0.30709    A:0.14961    G:0.31496
Average         T:0.21785    C:0.24672    A:0.21785    G:0.31759

#33: MuntiacusReevesi
position  1:    T:0.15748    C:0.19685    A:0.22835    G:0.41732
position  2:    T:0.26772    C:0.24409    A:0.27559    G:0.21260
position  3:    T:0.23622    C:0.30709    A:0.14961    G:0.30709
Average         T:0.22047    C:0.24934    A:0.21785    G:0.31234

#34: HarveysDuiker  
position  1:    T:0.14961    C:0.19685    A:0.22835    G:0.42520
position  2:    T:0.26772    C:0.24409    A:0.27559    G:0.21260
position  3:    T:0.22835    C:0.31496    A:0.15748    G:0.29921
Average         T:0.21522    C:0.25197    A:0.22047    G:0.31234

#35: Pronghorn      
position  1:    T:0.14961    C:0.20472    A:0.22047    G:0.42520
position  2:    T:0.26772    C:0.23622    A:0.27559    G:0.22047
position  3:    T:0.22047    C:0.31496    A:0.16535    G:0.29921
Average         T:0.21260    C:0.25197    A:0.22047    G:0.31496

#36: BlueWildebeest 
position  1:    T:0.14961    C:0.19685    A:0.22835    G:0.42520
position  2:    T:0.26772    C:0.24409    A:0.28346    G:0.20472
position  3:    T:0.22835    C:0.29921    A:0.17323    G:0.29921
Average         T:0.21522    C:0.24672    A:0.22835    G:0.30971

#37: Gemsbok        
position  1:    T:0.14961    C:0.20472    A:0.22047    G:0.42520
position  2:    T:0.26772    C:0.24409    A:0.27559    G:0.21260
position  3:    T:0.21260    C:0.32283    A:0.16535    G:0.29921
Average         T:0.20997    C:0.25722    A:0.22047    G:0.31234

#38: Yak            
position  1:    T:0.14961    C:0.20472    A:0.22835    G:0.41732
position  2:    T:0.26772    C:0.24409    A:0.27559    G:0.21260
position  3:    T:0.23622    C:0.30709    A:0.15748    G:0.29921
Average         T:0.21785    C:0.25197    A:0.22047    G:0.30971

#39: BlueSheep      
position  1:    T:0.14961    C:0.19685    A:0.23622    G:0.41732
position  2:    T:0.26772    C:0.24409    A:0.27559    G:0.21260
position  3:    T:0.22835    C:0.29921    A:0.17323    G:0.29921
Average         T:0.21522    C:0.24672    A:0.22835    G:0.30971

#40: BohorReedbuck  
position  1:    T:0.14961    C:0.19685    A:0.22835    G:0.42520
position  2:    T:0.26772    C:0.24409    A:0.27559    G:0.21260
position  3:    T:0.22835    C:0.30709    A:0.16535    G:0.29921
Average         T:0.21522    C:0.24934    A:0.22310    G:0.31234

#41: KirksDik       
position  1:    T:0.14961    C:0.19685    A:0.22835    G:0.42520
position  2:    T:0.26772    C:0.24409    A:0.27559    G:0.21260
position  3:    T:0.24409    C:0.29921    A:0.15748    G:0.29921
Average         T:0.22047    C:0.24672    A:0.22047    G:0.31234

#42: RoeDeer        
position  1:    T:0.15748    C:0.19685    A:0.22835    G:0.41732
position  2:    T:0.26772    C:0.24409    A:0.27559    G:0.21260
position  3:    T:0.23622    C:0.30709    A:0.14173    G:0.31496
Average         T:0.22047    C:0.24934    A:0.21522    G:0.31496

#43: WhiteLippedDeer
position  1:    T:0.16535    C:0.18898    A:0.22835    G:0.41732
position  2:    T:0.26772    C:0.24409    A:0.27559    G:0.21260
position  3:    T:0.22047    C:0.31496    A:0.14961    G:0.31496
Average         T:0.21785    C:0.24934    A:0.21785    G:0.31496

#44: ThomsonGazelle 
position  1:    T:0.14961    C:0.19685    A:0.23622    G:0.41732
position  2:    T:0.26772    C:0.24409    A:0.27559    G:0.21260
position  3:    T:0.22835    C:0.30709    A:0.15748    G:0.30709
Average         T:0.21522    C:0.24934    A:0.22310    G:0.31234

#45: MuntiacusCrinifrons
position  1:    T:0.15748    C:0.19685    A:0.22835    G:0.41732
position  2:    T:0.26772    C:0.24409    A:0.27559    G:0.21260
position  3:    T:0.22835    C:0.30709    A:0.14961    G:0.31496
Average         T:0.21785    C:0.24934    A:0.21785    G:0.31496

#46: WhiteTailedDeer
position  1:    T:0.15748    C:0.19685    A:0.22835    G:0.41732
position  2:    T:0.26772    C:0.24409    A:0.26772    G:0.22047
position  3:    T:0.23622    C:0.29134    A:0.14961    G:0.32283
Average         T:0.22047    C:0.24409    A:0.21522    G:0.32021

#47: Cattle         
position  1:    T:0.14961    C:0.20472    A:0.22835    G:0.41732
position  2:    T:0.26772    C:0.24409    A:0.27559    G:0.21260
position  3:    T:0.23622    C:0.30709    A:0.15748    G:0.29921
Average         T:0.21785    C:0.25197    A:0.22047    G:0.30971

#48: RoyalAntelope  
position  1:    T:0.14961    C:0.19685    A:0.22047    G:0.43307
position  2:    T:0.26772    C:0.24409    A:0.27559    G:0.21260
position  3:    T:0.23622    C:0.29921    A:0.15748    G:0.30709
Average         T:0.21785    C:0.24672    A:0.21785    G:0.31759

#49: Steenbok       
position  1:    T:0.14961    C:0.20472    A:0.22835    G:0.41732
position  2:    T:0.26772    C:0.24409    A:0.27559    G:0.21260
position  3:    T:0.23622    C:0.29921    A:0.15748    G:0.30709
Average         T:0.21785    C:0.24934    A:0.22047    G:0.31234

#50: Impala         
position  1:    T:0.14961    C:0.19685    A:0.22835    G:0.42520
position  2:    T:0.26772    C:0.24409    A:0.27559    G:0.21260
position  3:    T:0.23622    C:0.29921    A:0.14961    G:0.31496
Average         T:0.21785    C:0.24672    A:0.21785    G:0.31759

#51: Klipspringer   
position  1:    T:0.14961    C:0.18898    A:0.23622    G:0.42520
position  2:    T:0.26772    C:0.24409    A:0.26772    G:0.22047
