1
52 1
Argali 0.000000 0.374900 0.117100 0.371100 0.098800 0.011500 0.088300 0.132000 0.116500 0.152300 0.032100 0.103800 0.077300 0.079600 0.109000 0.121700 0.141100 0.165900 0.063600 0.115500 0.094300 0.031900 0.127700 0.138100 0.029200 0.113900 0.066700 0.115600 0.122300 0.115700 0.154100 0.085200 0.207500 0.074200 0.061900 0.090000 0.029100 0.102100 0.117300 0.165000 0.133300 0.110900 0.149700 0.144300 0.096000 0.084700 0.107800 0.099700 0.072500 0.126800 0.114300 0.106800
LesserMous 0.374900 0.000000 0.393600 0.415300 0.393900 0.384200 0.363900 0.436500 0.389300 0.393800 0.361900 0.369600 0.384800 0.379100 0.394600 0.400700 0.369900 0.383600 0.372300 0.391600 0.378100 0.372600 0.367500 0.381600 0.360900 0.395100 0.370000 0.380500 0.399400 0.385600 0.394000 0.379300 0.434700 0.384800 0.359200 0.363400 0.361400 0.399100 0.406100 0.404500 0.375500 0.388800 0.391100 0.385800 0.372600 0.378900 0.408000 0.382800 0.375900 0.380600 0.393100 0.390800
LesserKudu 0.117100 0.393600 0.000000 0.384000 0.142400 0.115600 0.120400 0.141800 0.042400 0.162000 0.103300 0.093200 0.125200 0.121400 0.125200 0.144200 0.162700 0.170800 0.120500 0.038300 0.129700 0.109200 0.140900 0.144700 0.103600 0.149400 0.114300 0.035400 0.148000 0.038400 0.159000 0.129300 0.196500 0.128500 0.118700 0.079700 0.108000 0.142500 0.147000 0.173100 0.139900 0.141600 0.158100 0.154300 0.079400 0.123100 0.141800 0.130100 0.106500 0.151400 0.042800 0.032800
KillerWhal 0.371100 0.415300 0.384000 0.000000 0.381100 0.370500 0.363800 0.418600 0.385800 0.400000 0.362900 0.374600 0.381100 0.357000 0.376500 0.390600 0.364200 0.364200 0.369600 0.383500 0.375300 0.373300 0.381300 0.365700 0.362400 0.387300 0.365800 0.374300 0.398000 0.375500 0.388500 0.375000 0.411900 0.374400 0.376800 0.366100 0.368300 0.375100 0.404800 0.401500 0.378200 0.381400 0.398100 0.366100 0.374200 0.368400 0.411500 0.372900 0.367500 0.372600 0.380400 0.378200
DefassaWat 0.098800 0.393900 0.142400 0.381100 0.000000 0.100400 0.086400 0.128400 0.135400 0.168800 0.078900 0.112900 0.095800 0.074600 0.118300 0.119700 0.154200 0.181000 0.097600 0.134400 0.094100 0.089500 0.147400 0.147700 0.082300 0.110500 0.085000 0.128000 0.115600 0.133000 0.164000 0.091200 0.219600 0.092600 0.080100 0.110300 0.085100 0.023100 0.119200 0.185000 0.146400 0.105900 0.163000 0.157600 0.116300 0.093700 0.117100 0.118400 0.091000 0.137800 0.131500 0.130700
Sheep 0.011500 0.384200 0.115600 0.370500 0.100400 0.000000 0.089900 0.127200 0.118200 0.154000 0.033600 0.108600 0.078900 0.081200 0.113800 0.123300 0.146200 0.167600 0.063600 0.117200 0.095900 0.033400 0.132700 0.143000 0.030700 0.118800 0.068200 0.117200 0.127100 0.117300 0.155900 0.090000 0.209300 0.075800 0.065000 0.094800 0.030600 0.103700 0.119000 0.166700 0.135100 0.115700 0.151500 0.146100 0.100800 0.086300 0.107900 0.101300 0.074100 0.128400 0.115900 0.106900
MaxwellsDu 0.088300 0.363900 0.120400 0.363800 0.086400 0.089900 0.000000 0.125900 0.116700 0.155900 0.074700 0.100600 0.086800 0.041300 0.107500 0.115300 0.136500 0.168000 0.086600 0.112500 0.083500 0.082100 0.134600 0.135300 0.074900 0.109400 0.076100 0.104600 0.108300 0.115900 0.152900 0.044800 0.201100 0.080600 0.075900 0.096500 0.080900 0.088000 0.118100 0.168800 0.137000 0.107900 0.148600 0.134900 0.102500 0.077100 0.109600 0.095300 0.073900 0.115700 0.111300 0.110200
GazellaPrz 0.132000 0.436500 0.141800 0.418600 0.128400 0.127200 0.125900 0.000000 0.147600 0.191200 0.110400 0.141600 0.124100 0.110900 0.137300 0.094600 0.182100 0.191800 0.119600 0.151500 0.068200 0.125700 0.168200 0.178400 0.110700 0.084100 0.110200 0.145200 0.099900 0.148500 0.184800 0.123300 0.233400 0.117900 0.124100 0.119700 0.118200 0.131700 0.095600 0.206000 0.167000 0.085700 0.183900 0.178300 0.125700 0.126800 0.081400 0.127600 0.115400 0.158500 0.151900 0.149500
MountainNy 0.116500 0.389300 0.042400 0.385800 0.135400 0.118200 0.116700 0.147600 0.000000 0.161200 0.099700 0.095900 0.124700 0.114500 0.127900 0.137100 0.158600 0.171700 0.120100 0.021000 0.125900 0.111900 0.142000 0.142600 0.106300 0.142300 0.113800 0.018200 0.137800 0.026700 0.158300 0.120600 0.199200 0.124700 0.116400 0.082400 0.110700 0.135500 0.143200 0.169000 0.137800 0.134500 0.154000 0.152100 0.082200 0.125800 0.136200 0.124900 0.111000 0.147500 0.023900 0.029800
MuntiacusM 0.152300 0.393800 0.162000 0.400000 0.168800 0.154000 0.155900 0.191200 0.161200 0.000000 0.134800 0.150100 0.155700 0.140300 0.160700 0.184100 0.150000 0.161200 0.152600 0.157000 0.163600 0.147500 0.063800 0.090000 0.136800 0.180900 0.144200 0.153700 0.182500 0.159000 0.029000 0.141900 0.212200 0.152300 0.142100 0.142400 0.143100 0.170600 0.176400 0.108900 0.066200 0.176100 0.033500 0.086200 0.145100 0.151800 0.162700 0.153600 0.144600 0.140900 0.160900 0.154900
goat 0.032100 0.361900 0.103300 0.362900 0.078900 0.033600 0.074700 0.110400 0.099700 0.134800 0.000000 0.088500 0.060800 0.066000 0.101600 0.104800 0.130300 0.153400 0.049500 0.098600 0.079200 0.026200 0.113700 0.124200 0.005800 0.098700 0.050200 0.098700 0.107100 0.098800 0.136500 0.073000 0.191100 0.060800 0.057700 0.071700 0.018900 0.082100 0.102200 0.147500 0.112900 0.094100 0.132100 0.127000 0.077700 0.065100 0.092600 0.092400 0.055900 0.105000 0.100500 0.093100
AfricanBuf 0.103800 0.369600 0.093200 0.374600 0.112900 0.108600 0.100600 0.141600 0.095900 0.150100 0.088500 0.000000 0.111900 0.099800 0.108800 0.134400 0.139300 0.162300 0.105500 0.091700 0.105300 0.097500 0.127500 0.131400 0.088800 0.124800 0.101000 0.085500 0.136600 0.091800 0.143800 0.110700 0.195100 0.111900 0.099100 0.036500 0.090100 0.119500 0.137000 0.164700 0.136400 0.120300 0.142700 0.134300 0.039300 0.098700 0.123700 0.120200 0.094500 0.128400 0.094900 0.086200
Topi 0.077300 0.384800 0.125200 0.381100 0.095800 0.078900 0.086800 0.124100 0.124700 0.155700 0.060800 0.111900 0.000000 0.079700 0.118700 0.110700 0.139900 0.162900 0.082200 0.123600 0.080400 0.071200 0.132900 0.143500 0.064000 0.104600 0.013000 0.120500 0.116100 0.122300 0.152700 0.084600 0.207900 0.026100 0.055900 0.091700 0.063800 0.095900 0.108500 0.172200 0.135300 0.098500 0.148300 0.143200 0.100900 0.084800 0.106400 0.106000 0.074800 0.122200 0.122400 0.121400
CommonDuik 0.079600 0.379100 0.121400 0.357000 0.074600 0.081200 0.041300 0.110900 0.114500 0.140300 0.066000 0.099800 0.079700 0.000000 0.095600 0.100400 0.125800 0.159100 0.082600 0.110200 0.074900 0.073400 0.125800 0.126600 0.066200 0.091300 0.068900 0.105500 0.096500 0.113600 0.137400 0.031400 0.193600 0.070300 0.070300 0.090900 0.070600 0.079300 0.096900 0.156600 0.128200 0.089800 0.136300 0.129500 0.097000 0.068400 0.094700 0.080400 0.071400 0.107100 0.107300 0.107900
Suni 0.109000 0.394600 0.125200 0.376500 0.118300 0.113800 0.107500 0.137300 0.127900 0.160700 0.101600 0.108800 0.118700 0.095600 0.000000 0.134900 0.148200 0.178200 0.118900 0.123800 0.118500 0.105800 0.136200 0.141700 0.098700 0.132000 0.107600 0.123800 0.133900 0.127100 0.156000 0.111100 0.211300 0.115400 0.112300 0.103000 0.103100 0.116800 0.135900 0.178800 0.136900 0.127300 0.154900 0.158200 0.105800 0.110300 0.129100 0.111000 0.107800 0.138700 0.124100 0.118300
Springbuck 0.121700 0.400700 0.144200 0.390600 0.119700 0.123300 0.115300 0.094600 0.137100 0.184100 0.104800 0.134400 0.110700 0.100400 0.134900 0.000000 0.154400 0.182600 0.115700 0.139400 0.053600 0.113800 0.161100 0.168000 0.105100 0.060500 0.103000 0.136300 0.036500 0.136400 0.177800 0.109500 0.222500 0.110700 0.115400 0.115800 0.112700 0.126200 0.084100 0.191900 0.163300 0.059100 0.171800 0.164500 0.124900 0.118100 0.078800 0.126800 0.109300 0.141600 0.139800 0.140500
Okapi 0.141100 0.369900 0.162700 0.364200 0.154200 0.146200 0.136500 0.182100 0.158600 0.150000 0.130300 0.139300 0.139900 0.125800 0.148200 0.154400 0.000000 0.075700 0.148300 0.157700 0.124600 0.129700 0.130700 0.147900 0.132300 0.154800 0.128500 0.154500 0.149900 0.151200 0.148900 0.142500 0.186300 0.129900 0.141400 0.123500 0.128600 0.156100 0.165500 0.168400 0.134700 0.150100 0.139200 0.146000 0.128000 0.140900 0.155000 0.151300 0.135200 0.140000 0.153200 0.155600
Giraffe 0.165900 0.383600 0.170800 0.364200 0.181000 0.167600 0.168000 0.191800 0.171700 0.161200 0.153400 0.162300 0.162900 0.159100 0.178200 0.182600 0.075700 0.000000 0.171700 0.170900 0.157600 0.150900 0.146800 0.157400 0.152200 0.178100 0.148100 0.171000 0.183000 0.167700 0.158500 0.167800 0.199400 0.161000 0.159500 0.148200 0.153300 0.181100 0.183500 0.176200 0.145900 0.174800 0.147100 0.155600 0.154200 0.164000 0.174800 0.167600 0.160100 0.162700 0.171500 0.168900
TibetanAnt 0.063600 0.372300 0.120500 0.369600 0.097600 0.063600 0.086600 0.119600 0.120100 0.152600 0.049500 0.105500 0.082200 0.082600 0.118900 0.115700 0.148300 0.171700 0.000000 0.122200 0.086800 0.057600 0.126200 0.140200 0.046600 0.106400 0.071500 0.112700 0.121100 0.122500 0.146200 0.093100 0.204300 0.082300 0.074400 0.093500 0.053200 0.104000 0.113600 0.160100 0.128800 0.108100 0.148600 0.139900 0.101100 0.080100 0.102000 0.103000 0.070300 0.127100 0.122400 0.113600
Sitatunga 0.115500 0.391600 0.038300 0.383500 0.134400 0.117200 0.112500 0.151500 0.021000 0.157000 0.098600 0.091700 0.123600 0.110200 0.123800 0.139400 0.157700 0.170900 0.122200 0.000000 0.128200 0.107700 0.137800 0.138400 0.102100 0.144500 0.112700 0.016900 0.140000 0.022600 0.154000 0.117900 0.198500 0.120500 0.117100 0.081300 0.106500 0.131200 0.145400 0.168100 0.136800 0.136800 0.153100 0.147800 0.081000 0.118400 0.138500 0.122300 0.103600 0.141800 0.022600 0.022700
Oribi 0.094300 0.378100 0.129700 0.375300 0.094100 0.095900 0.083500 0.068200 0.125900 0.163600 0.079200 0.105300 0.080400 0.074900 0.118500 0.053600 0.124600 0.157600 0.086800 0.128200 0.000000 0.091300 0.137500 0.144600 0.079400 0.044800 0.072800 0.121800 0.056100 0.125100 0.157300 0.086800 0.202200 0.077300 0.083500 0.088200 0.083800 0.097300 0.056300 0.175000 0.143100 0.041900 0.152900 0.147600 0.095900 0.092500 0.053900 0.107500 0.083500 0.123500 0.125300 0.126000
BarbaryShe 0.031900 0.372600 0.109200 0.373300 0.089500 0.033400 0.082100 0.125700 0.111900 0.147500 0.026200 0.097500 0.071200 0.073400 0.105800 0.113800 0.129700 0.150900 0.057600 0.107700 0.091300 0.000000 0.122900 0.130100 0.023300 0.110900 0.063700 0.107800 0.112900 0.104700 0.145900 0.083700 0.193600 0.071200 0.065100 0.083800 0.027700 0.092700 0.111200 0.156800 0.125300 0.109400 0.141500 0.136300 0.086700 0.075600 0.104800 0.096700 0.063300 0.117200 0.109600 0.099000
Daviddeer 0.127700 0.367500 0.140900 0.381300 0.147400 0.132700 0.134600 0.168200 0.142000 0.063800 0.113700 0.127500 0.132900 0.125800 0.136200 0.161100 0.130700 0.146800 0.126200 0.137800 0.137500 0.122900 0.000000 0.070400 0.112300 0.154600 0.121700 0.134500 0.163000 0.136400 0.060900 0.125500 0.191600 0.129600 0.119700 0.116700 0.120100 0.150900 0.158500 0.079700 0.017300 0.149800 0.056600 0.068000 0.119400 0.134100 0.144800 0.136200 0.119800 0.126600 0.141500 0.135600
Reindeer 0.138100 0.381600 0.144700 0.365700 0.147700 0.143000 0.135300 0.178400 0.142600 0.090000 0.124200 0.131400 0.143500 0.126600 0.141700 0.168000 0.147900 0.157400 0.140200 0.138400 0.144600 0.130100 0.070400 0.000000 0.122900 0.156500 0.132300 0.132000 0.163300 0.141800 0.088600 0.132900 0.208900 0.143500 0.130300 0.130500 0.130600 0.151200 0.173800 0.085800 0.069900 0.153500 0.084300 0.042900 0.133200 0.137900 0.155200 0.148200 0.129000 0.129000 0.142100 0.137800
Ibex 0.029200 0.360900 0.103600 0.362400 0.082300 0.030700 0.074900 0.110700 0.106300 0.136800 0.005800 0.088800 0.064000 0.066200 0.098700 0.105100 0.132300 0.152200 0.046600 0.102100 0.079400 0.023300 0.112300 0.122900 0.000000 0.099000 0.053400 0.102200 0.107400 0.102300 0.138500 0.073200 0.195200 0.061000 0.051800 0.071900 0.016000 0.085500 0.102500 0.146200 0.114800 0.097500 0.134100 0.125700 0.077900 0.065300 0.092900 0.086400 0.056000 0.108500 0.104000 0.093400
GyrantGaze 0.113900 0.395100 0.149400 0.387300 0.110500 0.118800 0.109400 0.084100 0.142300 0.180900 0.098700 0.124800 0.104600 0.091300 0.132000 0.060500 0.154800 0.178100 0.106400 0.144500 0.044800 0.110900 0.154600 0.156500 0.099000 0.000000 0.093800 0.138100 0.060000 0.141500 0.171100 0.103400 0.216100 0.098400 0.103000 0.109400 0.106600 0.113800 0.078200 0.188700 0.160200 0.018400 0.168600 0.162800 0.118600 0.112100 0.069900 0.123900 0.106400 0.143500 0.141700 0.142400
Hartebeest 0.066700 0.370000 0.114300 0.365800 0.085000 0.068200 0.076100 0.110200 0.113800 0.144200 0.050200 0.101000 0.013000 0.068900 0.107600 0.103000 0.128500 0.148100 0.071500 0.112700 0.072800 0.063700 0.121700 0.132300 0.053400 0.093800 0.000000 0.109600 0.105300 0.111400 0.141200 0.073700 0.203100 0.015900 0.048500 0.080900 0.056300 0.085100 0.097800 0.160700 0.124100 0.087700 0.136800 0.131900 0.090100 0.074200 0.095500 0.092100 0.065000 0.111200 0.111500 0.110400
Bongo 0.115600 0.380500 0.035400 0.374300 0.128000 0.117200 0.104600 0.145200 0.018200 0.153700 0.098700 0.085500 0.120500 0.105500 0.123800 0.136300 0.154500 0.171000 0.112700 0.016900 0.121800 0.107800 0.134500 0.132000 0.102200 0.138100 0.109600 0.000000 0.136900 0.022600 0.150800 0.113100 0.198500 0.120600 0.114000 0.078300 0.106600 0.131300 0.142400 0.164900 0.133600 0.130400 0.149800 0.141300 0.078000 0.118400 0.135400 0.122400 0.106900 0.140100 0.022600 0.025600
Gerenuk 0.122300 0.399400 0.148000 0.398000 0.115600 0.127100 0.108300 0.099900 0.137800 0.182500 0.107100 0.136600 0.116100 0.096500 0.133900 0.036500 0.149900 0.183000 0.121100 0.140000 0.056100 0.112900 0.163000 0.163300 0.107400 0.060000 0.105300 0.136900 0.000000 0.137000 0.176200 0.108700 0.224600 0.109800 0.114500 0.117900 0.114900 0.118900 0.083400 0.187000 0.161900 0.058600 0.170200 0.166300 0.123900 0.117200 0.078100 0.125800 0.113700 0.145300 0.140400 0.141100
CommonElan 0.115700 0.385600 0.038400 0.375500 0.133000 0.117300 0.115900 0.148500 0.026700 0.159000 0.098800 0.091800 0.122300 0.113600 0.127100 0.136400 0.151200 0.167700 0.122500 0.022600 0.125100 0.104700 0.136400 0.141800 0.102300 0.141500 0.111400 0.022600 0.137000 0.000000 0.156000 0.121400 0.195200 0.119100 0.117400 0.075300 0.106700 0.136400 0.137700 0.171800 0.138700 0.133800 0.155100 0.151400 0.075000 0.121800 0.135500 0.125600 0.107000 0.145300 0.031200 0.022700
MuntiacusR 0.154100 0.394000 0.159000 0.388500 0.164000 0.155900 0.152900 0.184800 0.158300 0.029000 0.136500 0.143800 0.152700 0.137400 0.156000 0.177800 0.148900 0.158500 0.146200 0.154000 0.157300 0.145900 0.060900 0.088600 0.138500 0.171100 0.141200 0.150800 0.176200 0.156000 0.000000 0.140600 0.218200 0.149300 0.142500 0.139500 0.143100 0.164200 0.176900 0.102900 0.063400 0.169700 0.027700 0.080200 0.142200 0.152200 0.159700 0.154000 0.141600 0.148000 0.157900 0.152000
HarveysDui 0.085200 0.379300 0.129300 0.375000 0.091200 0.090000 0.044800 0.123300 0.120600 0.141900 0.073000 0.110700 0.084600 0.031400 0.111100 0.109500 0.142500 0.167800 0.093100 0.117900 0.086800 0.083700 0.125500 0.132900 0.073200 0.103400 0.073700 0.113100 0.108700 0.121400 0.140600 0.000000 0.202800 0.078200 0.078900 0.101600 0.076100 0.092900 0.114000 0.163500 0.127900 0.102000 0.134500 0.132500 0.107700 0.078500 0.105300 0.090600 0.078500 0.118000 0.118200 0.118900
Pronghorn 0.207500 0.434700 0.196500 0.411900 0.219600 0.209300 0.201100 0.233400 0.199200 0.212200 0.191100 0.195100 0.207900 0.193600 0.211300 0.222500 0.186300 0.199400 0.204300 0.198500 0.202200 0.193600 0.191600 0.208900 0.195200 0.216100 0.203100 0.198500 0.224600 0.195200 0.218200 0.202800 0.000000 0.208000 0.206300 0.187500 0.196300 0.230500 0.224700 0.225200 0.195500 0.207600 0.208200 0.210800 0.185000 0.196900 0.223600 0.210500 0.184800 0.211200 0.193900 0.193200
BlueWildeb 0.074200 0.384800 0.128500 0.374400 0.092600 0.075800 0.080600 0.117900 0.124700 0.152300 0.060800 0.111900 0.026100 0.070300 0.115400 0.110700 0.129900 0.161000 0.082300 0.120500 0.077300 0.071200 0.129600 0.143500 0.061000 0.098400 0.015900 0.120600 0.109800 0.119100 0.149300 0.078200 0.208000 0.000000 0.056000 0.091700 0.060800 0.092700 0.099200 0.172200 0.135300 0.095400 0.144900 0.139900 0.097700 0.081800 0.096900 0.093500 0.075800 0.115800 0.119300 0.118300
Gemsbok 0.061900 0.359200 0.118700 0.376800 0.080100 0.065000 0.075900 0.124100 0.116400 0.142100 0.057700 0.099100 0.055900 0.070300 0.112300 0.115400 0.141400 0.159500 0.074400 0.117100 0.083500 0.065100 0.119700 0.130300 0.051800 0.103000 0.048500 0.114000 0.114500 0.117400 0.142500 0.078900 0.206300 0.056000 0.000000 0.091700 0.059200 0.080200 0.105400 0.156800 0.122100 0.101500 0.138100 0.129900 0.097600 0.078600 0.106300 0.090400 0.066400 0.118800 0.112700 0.110100
Yak 0.090000 0.363400 0.079700 0.366100 0.110300 0.094800 0.096500 0.119700 0.082400 0.142400 0.071700 0.036500 0.091700 0.090900 0.103000 0.115800 0.123500 0.148200 0.093500 0.081300 0.088200 0.083800 0.116700 0.130500 0.071900 0.109400 0.080900 0.078300 0.117900 0.075300 0.139500 0.101600 0.187500 0.091700 0.091700 0.000000 0.082600 0.113600 0.118400 0.150400 0.125700 0.101800 0.138400 0.133400 0.011500 0.084800 0.100300 0.101700 0.080600 0.111200 0.083100 0.075700
BlueSheep 0.029100 0.361400 0.108000 0.368300 0.085100 0.030600 0.080900 0.118200 0.110700 0.143100 0.018900 0.090100 0.063800 0.070600 0.103100 0.112700 0.128600 0.153300 0.053200 0.106500 0.083800 0.027700 0.120100 0.130600 0.016000 0.106600 0.056300 0.106600 0.114900 0.106700 0.143100 0.076100 0.196300 0.060800 0.059200 0.082600 0.000000 0.091500 0.108400 0.157400 0.122500 0.103500 0.138700 0.133500 0.088600 0.071300 0.100400 0.095500 0.062000 0.114600 0.108400 0.097800
BohorReedb 0.102100 0.399100 0.142500 0.375100 0.023100 0.103700 0.088000 0.131700 0.135500 0.170600 0.082100 0.119500 0.095900 0.079300 0.116800 0.126200 0.156100 0.181100 0.104000 0.131200 0.097300 0.092700 0.150900 0.151200 0.085500 0.113800 0.085100 0.131300 0.118900 0.136400 0.164200 0.092900 0.230500 0.092700 0.080200 0.113600 0.091500 0.000000 0.125600 0.185200 0.146500 0.112300 0.166700 0.161100 0.119700 0.087600 0.120400 0.115300 0.087900 0.139600 0.131600 0.130800
KirksDik 0.117300 0.406100 0.147000 0.404800 0.119200 0.119000 0.118100 0.095600 0.143200 0.176400 0.102200 0.137000 0.108500 0.096900 0.135900 0.084100 0.165500 0.183500 0.113600 0.145400 0.056300 0.111200 0.158500 0.173800 0.102500 0.078200 0.097800 0.142400 0.083400 0.137700 0.176900 0.114000 0.224700 0.099200 0.105400 0.118400 0.108400 0.125600 0.000000 0.199400 0.164100 0.076800 0.172600 0.177000 0.124400 0.114400 0.078400 0.123000 0.104500 0.139100 0.142600 0.143400
RoeDeer 0.165000 0.404500 0.173100 0.401500 0.185000 0.166700 0.168800 0.206000 0.169000 0.108900 0.147500 0.164700 0.172200 0.156600 0.178800 0.191900 0.168400 0.176200 0.160100 0.168100 0.175000 0.156800 0.079700 0.085800 0.146200 0.188700 0.160700 0.164900 0.187000 0.171800 0.102900 0.163500 0.225200 0.172200 0.156800 0.150400 0.157400 0.185200 0.199400 0.000000 0.082000 0.187300 0.098600 0.083600 0.153100 0.166300 0.182200 0.169900 0.153900 0.157000 0.165300 0.167800
WhiteLippe 0.133300 0.375500 0.139900 0.378200 0.146400 0.135100 0.137000 0.167000 0.137800 0.066200 0.112900 0.136400 0.135300 0.128200 0.136900 0.163300 0.134700 0.145900 0.128800 0.136800 0.143100 0.125300 0.017300 0.069900 0.114800 0.160200 0.124100 0.133600 0.161900 0.138700 0.063400 0.127900 0.195500 0.135300 0.122100 0.125700 0.122500 0.146500 0.164100 0.082000 0.000000 0.155400 0.062100 0.070600 0.128300 0.136400 0.150400 0.136800 0.120900 0.128900 0.140500 0.134600
ThomsonGaz 0.110900 0.388800 0.141600 0.381400 0.105900 0.115700 0.107900 0.085700 0.134500 0.176100 0.094100 0.120300 0.098500 0.089800 0.127300 0.059100 0.150100 0.174800 0.108100 0.136800 0.041900 0.109400 0.149800 0.153500 0.097500 0.018400 0.087700 0.130400 0.058600 0.133800 0.169700 0.102000 0.207600 0.095400 0.101500 0.101800 0.103500 0.112300 0.076800 0.187300 0.155400 0.000000 0.163700 0.159700 0.111000 0.107400 0.068400 0.122400 0.101700 0.135600 0.133900 0.134700
MuntiacusC 0.149700 0.391100 0.158100 0.398100 0.163000 0.151500 0.148600 0.183900 0.154000 0.033500 0.132100 0.142700 0.148300 0.136300 0.154900 0.171800 0.139200 0.147100 0.148600 0.153100 0.152900 0.141500 0.056600 0.084300 0.134100 0.168600 0.136800 0.149800 0.170200 0.155100 0.027700 0.134500 0.208200 0.144900 0.138100 0.138400 0.138700 0.166700 0.172600 0.098600 0.062100 0.163700 0.000000 0.075900 0.141100 0.147800 0.156900 0.153000 0.137200 0.138600 0.157000 0.151000
WhiteTaile 0.144300 0.385800 0.154300 0.366100 0.157600 0.146100 0.134900 0.178300 0.152100 0.086200 0.127000 0.134300 0.143200 0.129500 0.158200 0.164500 0.146000 0.155600 0.139900 0.147800 0.147600 0.136300 0.068000 0.042900 0.125700 0.162800 0.131900 0.141300 0.166300 0.151400 0.080200 0.132500 0.210800 0.139900 0.129900 0.133400 0.133500 0.161100 0.177000 0.083600 0.070600 0.159700 0.075900 0.000000 0.136100 0.134300 0.154900 0.147900 0.135300 0.130200 0.151600 0.147300
Cattle 0.096000 0.372600 0.079400 0.374200 0.116300 0.100800 0.102500 0.125700 0.082200 0.145100 0.077700 0.039300 0.100900 0.097000 0.105800 0.124900 0.128000 0.154200 0.101100 0.081000 0.095900 0.086700 0.119400 0.133200 0.077900 0.118600 0.090100 0.078000 0.123900 0.075000 0.142200 0.107700 0.185000 0.097700 0.097600 0.011500 0.088600 0.119700 0.124400 0.153100 0.128300 0.111000 0.141100 0.136100 0.000000 0.092600 0.109500 0.104500 0.086600 0.120400 0.085900 0.075500
RoyalAntel 0.084700 0.378900 0.123100 0.368400 0.093700 0.086300 0.077100 0.126800 0.125800 0.151800 0.065100 0.098700 0.084800 0.068400 0.110300 0.118100 0.140900 0.164000 0.080100 0.118400 0.092500 0.075600 0.134100 0.137900 0.065300 0.112100 0.074200 0.118400 0.117200 0.121800 0.152200 0.078500 0.196900 0.081800 0.078600 0.084800 0.071300 0.087600 0.114400 0.166300 0.136400 0.107400 0.147800 0.134300 0.092600 0.000000 0.115400 0.088700 0.064300 0.111800 0.121900 0.113000
Steenbok 0.107800 0.408000 0.141800 0.411500 0.117100 0.107900 0.109600 0.081400 0.136200 0.162700 0.092600 0.123700 0.106400 0.094700 0.129100 0.078800 0.155000 0.174800 0.102000 0.138500 0.053900 0.104800 0.144800 0.155200 0.092900 0.069900 0.095500 0.135400 0.078100 0.135500 0.159700 0.105300 0.223600 0.096900 0.106300 0.100300 0.100400 0.120400 0.078400 0.182200 0.150400 0.068400 0.156900 0.154900 0.109500 0.115400 0.000000 0.124100 0.103500 0.130700 0.140500 0.136400
Impala 0.099700 0.382800 0.130100 0.372900 0.118400 0.101300 0.095300 0.127600 0.124900 0.153600 0.092400 0.120200 0.106000 0.080400 0.111000 0.126800 0.151300 0.167600 0.103000 0.122300 0.107500 0.096700 0.136200 0.148200 0.086400 0.123900 0.092100 0.122400 0.125800 0.125600 0.154000 0.090600 0.210500 0.093500 0.090400 0.101700 0.095500 0.115300 0.123000 0.169900 0.136800 0.122400 0.153000 0.147900 0.104500 0.088700 0.124100 0.000000 0.094200 0.135400 0.122600 0.116800
Klipspring 0.072500 0.375900 0.106500 0.367500 0.091000 0.074100 0.073900 0.115400 0.111000 0.144600 0.055900 0.094500 0.074800 0.071400 0.107800 0.109300 0.135200 0.160100 0.070300 0.103600 0.083500 0.063300 0.119800 0.129000 0.056000 0.106400 0.065000 0.106900 0.113700 0.107000 0.141600 0.078500 0.184800 0.075800 0.066400 0.080600 0.062000 0.087900 0.104500 0.153900 0.120900 0.101700 0.137200 0.135300 0.086600 0.064300 0.103500 0.094200 0.000000 0.118600 0.108600 0.099700
ForestMusk 0.126800 0.380600 0.151400 0.372600 0.137800 0.128400 0.115700 0.158500 0.147500 0.140900 0.105000 0.128400 0.122200 0.107100 0.138700 0.141600 0.140000 0.162700 0.127100 0.141800 0.123500 0.117200 0.126600 0.129000 0.108500 0.143500 0.111200 0.140100 0.145300 0.145300 0.148000 0.118000 0.211200 0.115800 0.118800 0.111200 0.114600 0.139600 0.139100 0.157000 0.128900 0.135600 0.138600 0.130200 0.120400 0.111800 0.130700 0.135400 0.118600 0.000000 0.145400 0.141300
Bushbuck 0.114300 0.393100 0.042800 0.380400 0.131500 0.115900 0.111300 0.151900 0.023900 0.160900 0.100500 0.094900 0.122400 0.107300 0.124100 0.139800 0.153200 0.171500 0.122400 0.022600 0.125300 0.109600 0.141500 0.142100 0.104000 0.141700 0.111500 0.022600 0.140400 0.031200 0.157900 0.118200 0.193900 0.119300 0.112700 0.083100 0.108400 0.131600 0.142600 0.165300 0.140500 0.133900 0.157000 0.151600 0.085900 0.121900 0.140500 0.122600 0.108600 0.145400 0.000000 0.027100
GreaterKud 0.106800 0.390800 0.032800 0.378200 0.130700 0.106900 0.110200 0.149500 0.029800 0.154900 0.093100 0.086200 0.121400 0.107900 0.118300 0.140500 0.155600 0.168900 0.113600 0.022700 0.126000 0.099000 0.135600 0.137800 0.093400 0.142400 0.110400 0.025600 0.141100 0.022700 0.152000 0.118900 0.193200 0.118300 0.110100 0.075700 0.097800 0.130800 0.143400 0.167800 0.134600 0.134700 0.151000 0.147300 0.075500 0.113000 0.136400 0.116800 0.099700 0.141300 0.027100 0.000000
