1
52 1
Argali 0.000000 0.162200 0.043700 0.181200 0.050000 0.000000 0.044000 0.043600 0.056700 0.076500 0.049900 0.063400 0.042000 0.037200 0.050200 0.031000 0.050600 0.056700 0.030800 0.050400 0.037400 0.024500 0.069800 0.069800 0.024600 0.035700 0.049900 0.050200 0.043800 0.056800 0.090100 0.037300 0.082900 0.043300 0.043400 0.063400 0.029400 0.037300 0.050000 0.069900 0.069800 0.050100 0.076500 0.063300 0.070100 0.070000 0.056400 0.037100 0.050100 0.076000 0.050200 0.043800
LesserMous 0.162200 0.000000 0.125900 0.231800 0.161600 0.162200 0.155600 0.162100 0.140400 0.133300 0.161200 0.148300 0.169100 0.146700 0.162600 0.162400 0.119900 0.125900 0.154000 0.134000 0.170500 0.146500 0.125900 0.125900 0.147000 0.170100 0.161400 0.133300 0.162600 0.140700 0.148100 0.147100 0.154700 0.138600 0.139400 0.148300 0.153200 0.147600 0.184700 0.126000 0.125900 0.185000 0.133300 0.119000 0.156000 0.170500 0.192100 0.146400 0.162000 0.146600 0.133300 0.126100
LesserKudu 0.043700 0.125900 0.000000 0.158500 0.043600 0.043700 0.037600 0.056500 0.012000 0.043800 0.056500 0.018500 0.049900 0.030900 0.043800 0.043700 0.018600 0.024800 0.037200 0.006100 0.050300 0.030800 0.037400 0.037400 0.030900 0.050200 0.043500 0.006000 0.056800 0.012300 0.056900 0.031000 0.050100 0.037000 0.037100 0.018500 0.037000 0.031000 0.063100 0.037500 0.037400 0.063200 0.043900 0.031100 0.024800 0.063500 0.069600 0.030800 0.043700 0.043600 0.006000 0.012300
KillerWhal 0.181200 0.231800 0.158500 0.000000 0.180500 0.181200 0.166000 0.196600 0.173900 0.166100 0.180000 0.181700 0.188300 0.164700 0.180900 0.181400 0.151600 0.158400 0.157300 0.166500 0.173500 0.164700 0.158200 0.143000 0.164600 0.189500 0.180200 0.166300 0.180800 0.174300 0.181800 0.165000 0.188900 0.171600 0.172100 0.181600 0.171500 0.165200 0.204700 0.142700 0.158200 0.188800 0.166100 0.150900 0.189900 0.189500 0.212300 0.164600 0.180200 0.195400 0.166300 0.158000
DefassaWat 0.050000 0.161600 0.043600 0.180500 0.000000 0.050000 0.031100 0.049900 0.056500 0.076300 0.037100 0.063200 0.043400 0.024600 0.037300 0.035300 0.050400 0.056500 0.029600 0.050300 0.043700 0.024500 0.069600 0.069600 0.024500 0.043600 0.036000 0.050000 0.050100 0.043700 0.089800 0.024600 0.069400 0.030600 0.029500 0.063200 0.030600 0.024600 0.056300 0.069700 0.069600 0.056400 0.076300 0.063500 0.069900 0.056700 0.062700 0.024500 0.037200 0.075800 0.050000 0.043600
Sheep 0.000000 0.162200 0.043700 0.181200 0.050000 0.000000 0.044000 0.043600 0.056700 0.076500 0.049900 0.063400 0.043500 0.037200 0.050200 0.031000 0.050600 0.056700 0.030800 0.050400 0.037400 0.024500 0.069800 0.069800 0.024600 0.037400 0.049900 0.050200 0.043800 0.056800 0.090100 0.037300 0.081700 0.043300 0.043400 0.063400 0.030100 0.037300 0.050000 0.069900 0.069800 0.050100 0.076500 0.063300 0.070100 0.070000 0.056400 0.037100 0.050100 0.076000 0.050200 0.043800
MaxwellsDu 0.044000 0.155600 0.037600 0.166000 0.031100 0.044000 0.000000 0.043900 0.050500 0.070300 0.043700 0.057000 0.037400 0.018500 0.031100 0.031200 0.040800 0.050500 0.024700 0.044100 0.037500 0.018500 0.063600 0.063600 0.018400 0.037600 0.031000 0.044000 0.044000 0.050600 0.083900 0.018500 0.076800 0.024600 0.024700 0.057000 0.024600 0.018500 0.050400 0.063500 0.063600 0.050400 0.070300 0.057100 0.063700 0.050500 0.056800 0.018500 0.031100 0.069600 0.044000 0.037500
GazellaPrz 0.043600 0.162100 0.056500 0.196600 0.049900 0.043600 0.043900 0.000000 0.069700 0.076400 0.056400 0.076600 0.043500 0.037200 0.050100 0.011800 0.063600 0.069700 0.037100 0.063400 0.018400 0.030700 0.069700 0.069700 0.030800 0.018400 0.049800 0.063200 0.024700 0.069400 0.089900 0.037200 0.096400 0.043300 0.042100 0.076500 0.036900 0.037300 0.030800 0.069800 0.069700 0.030800 0.076400 0.063200 0.083400 0.069900 0.024500 0.037000 0.050000 0.075900 0.063200 0.043700
MountainNy 0.056700 0.140400 0.012000 0.173900 0.056500 0.056700 0.050500 0.069700 0.000000 0.056900 0.069700 0.031100 0.063000 0.043700 0.056800 0.056700 0.031300 0.037400 0.050000 0.006100 0.063400 0.043500 0.050300 0.050300 0.043600 0.063300 0.055900 0.006000 0.070100 0.012000 0.070100 0.043700 0.063200 0.049800 0.049900 0.031100 0.049700 0.043800 0.076100 0.050400 0.050200 0.076500 0.056900 0.043900 0.037600 0.076800 0.082900 0.043500 0.056700 0.056500 0.006100 0.024800
MuntiacusM 0.076500 0.133300 0.043800 0.166100 0.076300 0.076500 0.070300 0.076400 0.056900 0.000000 0.089800 0.063600 0.082900 0.063200 0.076700 0.076600 0.037700 0.043900 0.069600 0.050600 0.083500 0.062900 0.029800 0.031000 0.063100 0.083400 0.076200 0.050400 0.090300 0.056900 0.012300 0.063300 0.069800 0.069300 0.069400 0.063600 0.069200 0.063300 0.096700 0.031100 0.031100 0.096900 0.000000 0.024800 0.070400 0.097300 0.103400 0.062600 0.076500 0.076300 0.050400 0.043900
goat 0.049900 0.161200 0.056500 0.180000 0.037100 0.049900 0.043700 0.056400 0.069700 0.089800 0.000000 0.076300 0.056300 0.037000 0.049900 0.043600 0.063400 0.069700 0.030700 0.063200 0.037200 0.024500 0.083000 0.083000 0.024400 0.050100 0.049800 0.063100 0.056500 0.069800 0.103600 0.037100 0.096300 0.043200 0.043300 0.076200 0.030600 0.037000 0.062900 0.082800 0.083000 0.063000 0.089800 0.076400 0.083100 0.069600 0.069400 0.037000 0.049800 0.088900 0.063100 0.056400
AfricanBuf 0.063400 0.148300 0.018500 0.181700 0.063200 0.063400 0.057000 0.076600 0.031100 0.063600 0.076300 0.000000 0.069800 0.050100 0.063100 0.063500 0.037700 0.031200 0.056600 0.023900 0.070000 0.050100 0.057000 0.057000 0.050000 0.070100 0.063100 0.024800 0.076700 0.031200 0.077000 0.037300 0.070000 0.056400 0.056500 0.024700 0.056300 0.050200 0.083300 0.056800 0.057000 0.083400 0.063600 0.050500 0.031000 0.083200 0.089900 0.050100 0.062900 0.050000 0.024800 0.031100
Topi 0.042000 0.169100 0.049900 0.188300 0.043400 0.043500 0.037400 0.043500 0.063000 0.082900 0.056300 0.069800 0.000000 0.030800 0.043600 0.030100 0.056900 0.063000 0.035400 0.056700 0.037300 0.029400 0.076100 0.076200 0.030800 0.037200 0.005900 0.055900 0.043700 0.063100 0.096600 0.030800 0.076100 0.024400 0.037000 0.069800 0.036900 0.030900 0.049900 0.076300 0.076100 0.050000 0.082900 0.069700 0.076500 0.063200 0.056300 0.030700 0.043500 0.082400 0.056500 0.050000
CommonDuik 0.037200 0.146700 0.030900 0.164700 0.024600 0.037200 0.018500 0.037200 0.043700 0.063200 0.037000 0.050100 0.030800 0.000000 0.024600 0.024600 0.037500 0.043700 0.018300 0.037300 0.030900 0.012200 0.056600 0.056600 0.012200 0.030900 0.024500 0.037300 0.037200 0.043700 0.076500 0.012200 0.069500 0.018300 0.018300 0.050100 0.018200 0.012200 0.043500 0.056500 0.056600 0.043600 0.063200 0.050200 0.056600 0.043600 0.049900 0.012200 0.024600 0.062600 0.037300 0.030900
Suni 0.050200 0.162600 0.043800 0.180900 0.037300 0.050200 0.031100 0.050100 0.056800 0.076700 0.049900 0.063100 0.043600 0.024600 0.000000 0.037400 0.050500 0.056800 0.030900 0.050200 0.043800 0.024600 0.069900 0.069900 0.024600 0.043800 0.037200 0.050300 0.050200 0.056900 0.090300 0.024600 0.069700 0.030800 0.030800 0.063100 0.030800 0.024700 0.056600 0.069800 0.069900 0.056700 0.076700 0.063400 0.069800 0.056600 0.063100 0.024600 0.037100 0.075900 0.050300 0.043700
Springbuck 0.031000 0.162400 0.043700 0.181400 0.035300 0.031000 0.031200 0.011800 0.056700 0.076600 0.043600 0.063500 0.030100 0.024600 0.037400 0.000000 0.050600 0.056700 0.024600 0.050500 0.006100 0.018400 0.069800 0.069800 0.018400 0.006000 0.037200 0.050300 0.012300 0.056800 0.090200 0.024700 0.083000 0.030700 0.030800 0.063400 0.024500 0.024700 0.018400 0.070000 0.069800 0.017900 0.076600 0.063400 0.070200 0.056900 0.023600 0.024600 0.037300 0.076100 0.050300 0.031000
Okapi 0.050600 0.119900 0.018600 0.151600 0.050400 0.050600 0.040800 0.063600 0.031300 0.037700 0.063400 0.037700 0.056900 0.037500 0.050500 0.050600 0.000000 0.018600 0.043900 0.025000 0.057100 0.037400 0.031300 0.031300 0.037400 0.057200 0.050300 0.025000 0.063700 0.031400 0.050700 0.037500 0.044100 0.043700 0.043800 0.037700 0.043700 0.037500 0.070300 0.031200 0.031300 0.070400 0.037700 0.025000 0.044200 0.070500 0.076900 0.037500 0.050400 0.043800 0.025000 0.018600
Giraffe 0.056700 0.125900 0.024800 0.158400 0.056500 0.056700 0.050500 0.069700 0.037400 0.043900 0.069700 0.031200 0.063000 0.043700 0.056800 0.056700 0.018600 0.000000 0.050000 0.031200 0.063400 0.043500 0.037400 0.037400 0.043700 0.063300 0.056400 0.031100 0.070100 0.037500 0.056900 0.043700 0.050100 0.049300 0.049900 0.031200 0.049700 0.043800 0.076300 0.037500 0.037400 0.076500 0.043900 0.030700 0.037600 0.076800 0.082900 0.043500 0.056700 0.043600 0.031100 0.024800
TibetanAnt 0.030800 0.154000 0.037200 0.157300 0.029600 0.030800 0.024700 0.037100 0.050000 0.069600 0.030700 0.056600 0.035400 0.018300 0.030900 0.024600 0.043900 0.050000 0.000000 0.043700 0.030900 0.006000 0.062900 0.062900 0.006100 0.030900 0.030700 0.043600 0.037300 0.050000 0.082900 0.018300 0.075900 0.023600 0.023700 0.056600 0.012100 0.018400 0.041200 0.063000 0.062900 0.043500 0.069600 0.056500 0.063200 0.050100 0.049800 0.018300 0.030800 0.069100 0.043600 0.037200
Sitatunga 0.050400 0.134000 0.006100 0.166500 0.050300 0.050400 0.044100 0.063400 0.006100 0.050600 0.063200 0.023900 0.056700 0.037300 0.050200 0.050500 0.025000 0.031200 0.043700 0.000000 0.056900 0.037300 0.044000 0.044000 0.037300 0.057000 0.050200 0.000000 0.063500 0.006200 0.063800 0.037400 0.056900 0.043600 0.043700 0.024800 0.043500 0.037400 0.070000 0.043900 0.044000 0.070200 0.050600 0.037700 0.031100 0.070000 0.076600 0.037300 0.050100 0.050000 0.000000 0.018500
Oribi 0.037400 0.170500 0.050300 0.173500 0.043700 0.037400 0.037500 0.018400 0.063400 0.083500 0.037200 0.070000 0.037300 0.030900 0.043800 0.006100 0.057100 0.063400 0.030900 0.056900 0.000000 0.024600 0.076700 0.076700 0.024600 0.012300 0.043600 0.056900 0.018400 0.063500 0.097300 0.030900 0.090000 0.037100 0.037200 0.070000 0.030800 0.031000 0.024600 0.076600 0.076700 0.024700 0.083500 0.070200 0.076800 0.063400 0.030900 0.030900 0.043700 0.082700 0.056900 0.037400
BarbaryShe 0.024500 0.146500 0.030800 0.164700 0.024500 0.024500 0.018500 0.030700 0.043500 0.062900 0.024500 0.050100 0.029400 0.012200 0.024600 0.018400 0.037400 0.043500 0.006000 0.037300 0.024600 0.000000 0.056400 0.056300 0.000000 0.024600 0.023400 0.037200 0.030900 0.043600 0.076200 0.012200 0.069300 0.018200 0.018200 0.050100 0.006000 0.012200 0.037000 0.056400 0.056400 0.037100 0.062900 0.050000 0.056600 0.043600 0.043300 0.012100 0.024500 0.062500 0.036700 0.030900
Daviddeer 0.069800 0.125900 0.037400 0.158200 0.069600 0.069800 0.063600 0.069700 0.050300 0.029800 0.083000 0.057000 0.076100 0.056600 0.069900 0.069800 0.031300 0.037400 0.062900 0.044000 0.076700 0.056400 0.000000 0.024700 0.056500 0.076600 0.069500 0.042800 0.083400 0.050400 0.041600 0.056600 0.063100 0.062700 0.062800 0.043900 0.062700 0.056700 0.089800 0.024800 0.000000 0.089900 0.031100 0.018000 0.050500 0.090300 0.096400 0.056400 0.069800 0.069600 0.043900 0.037400
Reindeer 0.069800 0.125900 0.037400 0.143000 0.069600 0.069800 0.063600 0.069700 0.050300 0.031000 0.083000 0.057000 0.076200 0.056600 0.069900 0.069800 0.031300 0.037400 0.062900 0.044000 0.076700 0.056300 0.024700 0.000000 0.056500 0.063300 0.069500 0.043800 0.083400 0.050300 0.043800 0.056600 0.062200 0.062600 0.062800 0.057000 0.062600 0.056700 0.089800 0.000000 0.024700 0.089900 0.030400 0.006100 0.063600 0.090300 0.096400 0.056400 0.069800 0.069600 0.043800 0.037400
Ibex 0.024600 0.147000 0.030900 0.164600 0.024500 0.024600 0.018400 0.030800 0.043600 0.063100 0.024400 0.050000 0.030800 0.012200 0.024600 0.018400 0.037400 0.043700 0.006100 0.037300 0.024600 0.000000 0.056500 0.056500 0.000000 0.024700 0.024500 0.037300 0.030900 0.043700 0.076400 0.012200 0.069500 0.018300 0.018300 0.050000 0.006000 0.012100 0.037200 0.056400 0.056500 0.037200 0.063100 0.050100 0.056600 0.043600 0.043500 0.012200 0.024500 0.062500 0.037300 0.030800
GyrantGaze 0.035700 0.170100 0.050200 0.189500 0.043600 0.037400 0.037600 0.018400 0.063300 0.083400 0.050100 0.070100 0.037200 0.030900 0.043800 0.006000 0.057200 0.063300 0.030900 0.057000 0.012300 0.024600 0.076600 0.063300 0.024700 0.000000 0.043600 0.056800 0.018500 0.063400 0.097100 0.031000 0.089900 0.037000 0.037100 0.070100 0.030200 0.031000 0.024600 0.063400 0.076600 0.024600 0.083400 0.056900 0.076900 0.063500 0.029900 0.030800 0.043700 0.082800 0.056800 0.037400
Hartebeest 0.049900 0.161400 0.043500 0.180200 0.036000 0.049900 0.031000 0.049800 0.055900 0.076200 0.049800 0.063100 0.005900 0.024500 0.037200 0.037200 0.050300 0.056400 0.030700 0.050200 0.043600 0.023400 0.069500 0.069500 0.024500 0.043600 0.000000 0.050000 0.050100 0.056500 0.089700 0.024500 0.069400 0.018200 0.030700 0.063100 0.030600 0.024600 0.056300 0.069600 0.069500 0.056400 0.076200 0.063000 0.069800 0.056600 0.062700 0.023700 0.037100 0.075700 0.050000 0.043600
Bongo 0.050200 0.133300 0.006000 0.166300 0.050000 0.050200 0.044000 0.063200 0.006000 0.050400 0.063100 0.024800 0.055900 0.037300 0.050300 0.050300 0.025000 0.031100 0.043600 0.000000 0.056900 0.037200 0.042800 0.043800 0.037300 0.056800 0.050000 0.000000 0.063500 0.006000 0.063500 0.037300 0.056700 0.041300 0.043500 0.024800 0.043400 0.037400 0.069700 0.043900 0.043900 0.069900 0.050400 0.036300 0.031200 0.070200 0.076300 0.037200 0.050200 0.050000 0.000000 0.018500
Gerenuk 0.043800 0.162600 0.056800 0.180800 0.050100 0.043800 0.044000 0.024700 0.070100 0.090300 0.056500 0.076700 0.043700 0.037200 0.050200 0.012300 0.063700 0.070100 0.037300 0.063500 0.018400 0.030900 0.083400 0.083400 0.030900 0.018500 0.050100 0.063500 0.000000 0.070200 0.104200 0.037300 0.096800 0.043500 0.043600 0.076700 0.037100 0.037300 0.030900 0.083300 0.083400 0.031000 0.090300 0.076900 0.083500 0.070000 0.037200 0.037200 0.050100 0.089400 0.063500 0.043800
CommonElan 0.056800 0.140700 0.012300 0.174300 0.043700 0.056800 0.050600 0.069400 0.012000 0.056900 0.069800 0.031200 0.063100 0.043700 0.056900 0.056800 0.031400 0.037500 0.050000 0.006200 0.063500 0.043600 0.050400 0.050300 0.043700 0.063400 0.056500 0.006000 0.070200 0.000000 0.070200 0.043800 0.050300 0.049800 0.050000 0.031200 0.049800 0.043800 0.076500 0.050400 0.050400 0.076600 0.056900 0.044000 0.037600 0.076900 0.083000 0.043600 0.056700 0.056500 0.006000 0.024800
MuntiacusR 0.090100 0.148100 0.056900 0.181800 0.089800 0.090100 0.083900 0.089900 0.070100 0.012300 0.103600 0.077000 0.096600 0.076500 0.090300 0.090200 0.050700 0.056900 0.082900 0.063800 0.097300 0.076200 0.041600 0.043800 0.076400 0.097100 0.089700 0.063500 0.104200 0.070200 0.000000 0.076600 0.083200 0.082600 0.082800 0.077000 0.082600 0.076700 0.110600 0.043900 0.043900 0.110800 0.012000 0.037500 0.083900 0.111300 0.117400 0.076200 0.090100 0.089800 0.063500 0.056900
HarveysDui 0.037300 0.147100 0.031000 0.165000 0.024600 0.037300 0.018500 0.037200 0.043700 0.063300 0.037100 0.037300 0.030800 0.012200 0.024600 0.024700 0.037500 0.043700 0.018300 0.037400 0.030900 0.012200 0.056600 0.056600 0.012200 0.031000 0.024500 0.037300 0.037300 0.043800 0.076600 0.000000 0.069600 0.018300 0.018300 0.050100 0.018300 0.012200 0.043600 0.056500 0.056600 0.043700 0.063300 0.050200 0.056700 0.043700 0.049900 0.012200 0.024600 0.062600 0.037300 0.030900
Pronghorn 0.082900 0.154700 0.050100 0.188900 0.069400 0.081700 0.076800 0.096400 0.063200 0.069800 0.096300 0.070000 0.076100 0.069500 0.069700 0.083000 0.044100 0.050100 0.075900 0.056900 0.090000 0.069300 0.063100 0.062200 0.069500 0.089900 0.069400 0.056700 0.096800 0.050300 0.083200 0.069600 0.000000 0.075600 0.075800 0.070000 0.075600 0.069700 0.103200 0.063200 0.063100 0.103400 0.069800 0.056700 0.076800 0.103800 0.109900 0.069300 0.082900 0.082700 0.056700 0.050200
BlueWildeb 0.043300 0.138600 0.037000 0.171600 0.030600 0.043300 0.024600 0.043300 0.049800 0.069300 0.043200 0.056400 0.024400 0.018300 0.030800 0.030700 0.043700 0.049300 0.023600 0.043600 0.037100 0.018200 0.062700 0.062600 0.018300 0.037000 0.018200 0.041300 0.043500 0.049800 0.082600 0.018300 0.075600 0.000000 0.023800 0.056400 0.024300 0.018300 0.049600 0.062700 0.063100 0.049700 0.069300 0.056300 0.063000 0.049900 0.056000 0.017800 0.030700 0.068900 0.043400 0.037100
Gemsbok 0.043400 0.139400 0.037100 0.172100 0.029500 0.043400 0.024700 0.042100 0.049900 0.069400 0.043300 0.056500 0.037000 0.018300 0.030800 0.030800 0.043800 0.049900 0.023700 0.043700 0.037200 0.018200 0.062800 0.062800 0.018300 0.037100 0.030700 0.043500 0.043600 0.050000 0.082800 0.018300 0.075800 0.023800 0.000000 0.056500 0.024300 0.018300 0.049700 0.062900 0.062800 0.049800 0.069400 0.056400 0.063100 0.050000 0.056100 0.018200 0.030800 0.069000 0.042400 0.037200
Yak 0.063400 0.148300 0.018500 0.181600 0.063200 0.063400 0.057000 0.076500 0.031100 0.063600 0.076200 0.024700 0.069800 0.050100 0.063100 0.063400 0.037700 0.031200 0.056600 0.024800 0.070000 0.050100 0.043900 0.057000 0.050000 0.070100 0.063100 0.024800 0.076700 0.031200 0.077000 0.050100 0.070000 0.056400 0.056500 0.000000 0.056300 0.050200 0.083300 0.056800 0.043900 0.083400 0.063600 0.050500 0.006000 0.083200 0.089900 0.050100 0.062900 0.050000 0.024800 0.031100
BlueSheep 0.029400 0.153200 0.037000 0.171500 0.030600 0.030100 0.024600 0.036900 0.049700 0.069200 0.030600 0.056300 0.036900 0.018200 0.030800 0.024500 0.043700 0.049700 0.012100 0.043500 0.030800 0.006000 0.062700 0.062600 0.006000 0.030200 0.030600 0.043400 0.037100 0.049800 0.082600 0.018300 0.075600 0.024300 0.024300 0.056300 0.000000 0.018300 0.043200 0.062700 0.062700 0.043300 0.069200 0.056300 0.062900 0.049900 0.049500 0.018200 0.030700 0.068800 0.043400 0.037000
BohorReedb 0.037300 0.147600 0.031000 0.165200 0.024600 0.037300 0.018500 0.037300 0.043800 0.063300 0.037000 0.050200 0.030900 0.012200 0.024700 0.024700 0.037500 0.043800 0.018400 0.037400 0.031000 0.012200 0.056700 0.056700 0.012100 0.031000 0.024600 0.037400 0.037300 0.043800 0.076700 0.012200 0.069700 0.018300 0.018300 0.050200 0.018300 0.000000 0.043700 0.056600 0.056700 0.043700 0.063300 0.050300 0.056800 0.037300 0.050000 0.012200 0.024600 0.062700 0.037400 0.030900
KirksDik 0.050000 0.184700 0.063100 0.204700 0.056300 0.050000 0.050400 0.030800 0.076100 0.096700 0.062900 0.083300 0.049900 0.043500 0.056600 0.018400 0.070300 0.076300 0.041200 0.070000 0.024600 0.037000 0.089800 0.089800 0.037200 0.024600 0.056300 0.069700 0.030900 0.076500 0.110600 0.043600 0.103200 0.049600 0.049700 0.083300 0.043200 0.043700 0.000000 0.089900 0.089800 0.037100 0.096700 0.083200 0.090200 0.076600 0.043400 0.043400 0.056500 0.096100 0.069700 0.050100
RoeDeer 0.069900 0.126000 0.037500 0.142700 0.069700 0.069900 0.063500 0.069800 0.050400 0.031100 0.082800 0.056800 0.076300 0.056500 0.069800 0.070000 0.031200 0.037500 0.063000 0.043900 0.076600 0.056400 0.024800 0.000000 0.056400 0.063400 0.069600 0.043900 0.083300 0.050400 0.043900 0.056500 0.063200 0.062700 0.062900 0.056800 0.062700 0.056600 0.089900 0.000000 0.024800 0.090100 0.031100 0.006100 0.063500 0.090100 0.096600 0.056500 0.069700 0.069400 0.043900 0.037400
WhiteLippe 0.069800 0.125900 0.037400 0.158200 0.069600 0.069800 0.063600 0.069700 0.050200 0.031100 0.083000 0.057000 0.076100 0.056600 0.069900 0.069800 0.031300 0.037400 0.062900 0.044000 0.076700 0.056400 0.000000 0.024700 0.056500 0.076600 0.069500 0.043900 0.083400 0.050400 0.043900 0.056600 0.063100 0.063100 0.062800 0.043900 0.062700 0.056700 0.089800 0.024800 0.000000 0.089900 0.031100 0.018500 0.050500 0.090300 0.096400 0.056400 0.069800 0.069600 0.043900 0.037400
ThomsonGaz 0.050100 0.185000 0.063200 0.188800 0.056400 0.050100 0.050400 0.030800 0.076500 0.096900 0.063000 0.083400 0.050000 0.043600 0.056700 0.017900 0.070400 0.076500 0.043500 0.070200 0.024700 0.037100 0.089900 0.089900 0.037200 0.024600 0.056400 0.069900 0.031000 0.076600 0.110800 0.043700 0.103400 0.049700 0.049800 0.083400 0.043300 0.043700 0.037100 0.090100 0.089900 0.000000 0.096900 0.082800 0.090400 0.076700 0.043400 0.043500 0.056600 0.096200 0.069900 0.050200
MuntiacusC 0.076500 0.133300 0.043900 0.166100 0.076300 0.076500 0.070300 0.076400 0.056900 0.000000 0.089800 0.063600 0.082900 0.063200 0.076700 0.076600 0.037700 0.043900 0.069600 0.050600 0.083500 0.062900 0.031100 0.030400 0.063100 0.083400 0.076200 0.050400 0.090300 0.056900 0.012000 0.063300 0.069800 0.069300 0.069400 0.063600 0.069200 0.063300 0.096700 0.031100 0.031100 0.096900 0.000000 0.024200 0.070400 0.097300 0.103400 0.062900 0.076500 0.076300 0.050400 0.043900
WhiteTaile 0.063300 0.119000 0.031100 0.150900 0.063500 0.063300 0.057100 0.063200 0.043900 0.024800 0.076400 0.050500 0.069700 0.050200 0.063400 0.063400 0.025000 0.030700 0.056500 0.037700 0.070200 0.050000 0.018000 0.006100 0.050100 0.056900 0.063000 0.036300 0.076900 0.044000 0.037500 0.050200 0.056700 0.056300 0.056400 0.050500 0.056300 0.050300 0.083200 0.006100 0.018500 0.082800 0.024200 0.000000 0.057200 0.083700 0.089800 0.050000 0.063300 0.063100 0.037500 0.031100
Cattle 0.070100 0.156000 0.024800 0.189900 0.069900 0.070100 0.063700 0.083400 0.037600 0.070400 0.083100 0.031000 0.076500 0.056600 0.069800 0.070200 0.044200 0.037600 0.063200 0.031100 0.076800 0.056600 0.050500 0.063600 0.056600 0.076900 0.069800 0.031200 0.083500 0.037600 0.083900 0.056700 0.076800 0.063000 0.063100 0.006000 0.062900 0.056800 0.090200 0.063500 0.050500 0.090400 0.070400 0.057200 0.000000 0.090100 0.096900 0.056600 0.069600 0.056500 0.031200 0.037500
RoyalAntel 0.070000 0.170500 0.063500 0.189500 0.056700 0.070000 0.050500 0.069900 0.076800 0.097300 0.069600 0.083200 0.063200 0.043600 0.056600 0.056900 0.070500 0.076800 0.050100 0.070000 0.063400 0.043600 0.090300 0.090300 0.043600 0.063500 0.056600 0.070200 0.070000 0.076900 0.111300 0.043700 0.103800 0.049900 0.050000 0.083200 0.049900 0.037300 0.076600 0.090100 0.090300 0.076700 0.097300 0.083700 0.090100 0.000000 0.083200 0.043700 0.056400 0.096300 0.070200 0.063300
Steenbok 0.056400 0.192100 0.069600 0.212300 0.062700 0.056400 0.056800 0.024500 0.082900 0.103400 0.069400 0.089900 0.056300 0.049900 0.063100 0.023600 0.076900 0.082900 0.049800 0.076600 0.030900 0.043300 0.096400 0.096400 0.043500 0.029900 0.062700 0.076300 0.037200 0.083000 0.117400 0.049900 0.109900 0.056000 0.056100 0.089900 0.049500 0.050000 0.043400 0.096600 0.096400 0.043400 0.103400 0.089800 0.096900 0.083200 0.000000 0.049700 0.062900 0.089200 0.076300 0.056500
Impala 0.037100 0.146400 0.030800 0.164600 0.024500 0.037100 0.018500 0.037000 0.043500 0.062600 0.037000 0.050100 0.030700 0.012200 0.024600 0.024600 0.037500 0.043500 0.018300 0.037300 0.030900 0.012100 0.056400 0.056400 0.012200 0.030800 0.023700 0.037200 0.037200 0.043600 0.076200 0.012200 0.069300 0.017800 0.018200 0.050100 0.018200 0.012200 0.043400 0.056500 0.056400 0.043500 0.062900 0.050000 0.056600 0.043700 0.049700 0.000000 0.024600 0.062600 0.037200 0.030900
Klipspring 0.050100 0.162000 0.043700 0.180200 0.037200 0.050100 0.031100 0.050000 0.056700 0.076500 0.049800 0.062900 0.043500 0.024600 0.037100 0.037300 0.050400 0.056700 0.030800 0.050100 0.043700 0.024500 0.069800 0.069800 0.024500 0.043700 0.037100 0.050200 0.050100 0.056700 0.090100 0.024600 0.082900 0.030700 0.030800 0.062900 0.030700 0.024600 0.056500 0.069700 0.069800 0.056600 0.076500 0.063300 0.069600 0.056400 0.062900 0.024600 0.000000 0.075800 0.050200 0.043600
ForestMusk 0.076000 0.146600 0.043600 0.195400 0.075800 0.076000 0.069600 0.075900 0.056500 0.076300 0.088900 0.050000 0.082400 0.062600 0.075900 0.076100 0.043800 0.043600 0.069100 0.050000 0.082700 0.062500 0.069600 0.069600 0.062500 0.082800 0.075700 0.050000 0.089400 0.056500 0.089800 0.062600 0.082700 0.068900 0.069000 0.050000 0.068800 0.062700 0.096100 0.069400 0.069600 0.096200 0.076300 0.063100 0.056500 0.096300 0.089200 0.062600 0.075800 0.000000 0.050000 0.043500
Bushbuck 0.050200 0.133300 0.006000 0.166300 0.050000 0.050200 0.044000 0.063200 0.006100 0.050400 0.063100 0.024800 0.056500 0.037300 0.050300 0.050300 0.025000 0.031100 0.043600 0.000000 0.056900 0.036700 0.043900 0.043800 0.037300 0.056800 0.050000 0.000000 0.063500 0.006000 0.063500 0.037300 0.056700 0.043400 0.042400 0.024800 0.043400 0.037400 0.069700 0.043900 0.043900 0.069900 0.050400 0.037500 0.031200 0.070200 0.076300 0.037200 0.050200 0.050000 0.000000 0.018500
GreaterKud 0.043800 0.126100 0.012300 0.158000 0.043600 0.043800 0.037500 0.043700 0.024800 0.043900 0.056400 0.031100 0.050000 0.030900 0.043700 0.031000 0.018600 0.024800 0.037200 0.018500 0.037400 0.030900 0.037400 0.037400 0.030800 0.037400 0.043600 0.018500 0.043800 0.024800 0.056900 0.030900 0.050200 0.037100 0.037200 0.031100 0.037000 0.030900 0.050100 0.037400 0.037400 0.050200 0.043900 0.031100 0.037500 0.063300 0.056500 0.030900 0.043600 0.043500 0.018500 0.000000
