CODONML (in paml version 4.10.7, June 2023)  /home/rachel/ruminants_paml/6406-phy-tree/ENSBTAT00000004546.fasta.phy
Model: free dN/dS Ratios for branches,  kappa = 2.000 fixed

Codon frequency model: F3x4
ns =  54  ls = 106

Codon usage in sequences
--------------------------------------------------------------------------------------------------------------------------------------
Phe TTT   3   3   3   3   3   4 | Ser TCT   1   1   1   1   1   1 | Tyr TAT   1   1   1   2   1   1 | Cys TGT   2   2   1   2   2   2
    TTC   2   2   2   2   2   1 |     TCC   1   1   1   1   1   1 |     TAC   2   2   2   1   2   2 |     TGC   0   0   1   0   0   0
Leu TTA   1   1   1   1   1   1 |     TCA   0   0   0   0   0   0 | *** TAA   0   0   0   0   0   0 | *** TGA   0   0   0   0   0   0
    TTG   3   3   3   3   3   3 |     TCG   0   0   0   0   0   0 |     TAG   0   0   0   0   0   0 | Trp TGG   4   4   4   4   4   4
--------------------------------------------------------------------------------------------------------------------------------------
Leu CTT   2   2   2   2   2   1 | Pro CCT   3   2   3   3   3   3 | His CAT   2   2   2   2   2   2 | Arg CGT   0   0   0   0   0   0
    CTC   3   3   3   3   3   4 |     CCC   0   1   0   0   0   0 |     CAC   1   1   1   1   1   1 |     CGC   0   0   0   0   0   0
    CTA   0   0   1   0   1   0 |     CCA   1   1   1   1   1   1 | Gln CAA   2   2   2   3   3   3 |     CGA   0   0   0   0   0   0
    CTG   7   7   6   7   6   7 |     CCG   0   0   0   0   0   0 |     CAG   3   3   3   2   2   1 |     CGG   1   1   1   1   1   1
--------------------------------------------------------------------------------------------------------------------------------------
Ile ATT   1   1   1   1   1   3 | Thr ACT   1   2   2   2   2   1 | Asn AAT   0   0   1   0   0   0 | Ser AGT   2   3   2   3   3   3
    ATC   5   5   5   5   5   4 |     ACC   3   2   2   2   2   2 |     AAC   3   3   3   3   3   2 |     AGC   2   1   1   1   1   2
    ATA   0   0   0   0   0   0 |     ACA   1   1   1   1   1   1 | Lys AAA   2   3   2   2   0   1 | Arg AGA   3   2   3   3   2   2
Met ATG   4   4   4   4   4   4 |     ACG   0   0   0   0   0   1 |     AAG   2   1   2   2   4   3 |     AGG   0   1   0   0   1   1
--------------------------------------------------------------------------------------------------------------------------------------
Val GTT   4   4   5   4   4   3 | Ala GCT   2   2   2   3   2   2 | Asp GAT   2   2   2   2   1   2 | Gly GGT   0   0   0   0   0   0
    GTC   1   1   1   1   2   1 |     GCC   1   1   1   0   1   1 |     GAC   1   1   1   1   2   1 |     GGC   2   2   2   2   2   2
    GTA   2   2   2   3   1   1 |     GCA   0   0   0   0   0   0 | Glu GAA   7   6   7   7   6   6 |     GGA   3   4   4   3   3   3
    GTG   3   3   2   2   3   4 |     GCG   0   0   0   0   0   0 |     GAG   1   2   1   1   2   3 |     GGG   3   2   2   3   3   3
--------------------------------------------------------------------------------------------------------------------------------------

--------------------------------------------------------------------------------------------------------------------------------------
Phe TTT   3   3   3   3   3   3 | Ser TCT   1   1   1   1   1   1 | Tyr TAT   1   1   1   1   1   1 | Cys TGT   1   2   2   2   1   2
    TTC   2   2   2   2   2   2 |     TCC   1   1   1   1   1   1 |     TAC   2   2   2   2   2   2 |     TGC   1   0   0   0   1   0
Leu TTA   1   1   2   1   1   1 |     TCA   0   0   0   0   0   0 | *** TAA   0   0   0   0   0   0 | *** TGA   0   0   0   0   0   0
    TTG   3   3   2   2   3   2 |     TCG   0   0   0   0   0   0 |     TAG   0   0   0   0   0   0 | Trp TGG   4   4   4   4   4   4
--------------------------------------------------------------------------------------------------------------------------------------
Leu CTT   2   2   2   2   2   2 | Pro CCT   3   3   3   3   3   3 | His CAT   2   2   2   1   2   2 | Arg CGT   0   0   0   0   0   0
    CTC   3   3   3   3   3   4 |     CCC   0   0   0   0   0   0 |     CAC   1   1   1   2   1   1 |     CGC   0   0   0   0   0   0
    CTA   0   0   0   0   1   0 |     CCA   1   1   1   1   1   1 | Gln CAA   2   2   2   2   2   2 |     CGA   0   0   0   0   0   0
    CTG   7   7   7   8   6   7 |     CCG   0   0   0   0   0   0 |     CAG   3   3   3   3   3   4 |     CGG   1   1   1   1   1   1
--------------------------------------------------------------------------------------------------------------------------------------
Ile ATT   1   1   1   1   1   1 | Thr ACT   2   1   2   2   2   2 | Asn AAT   0   0   0   0   0   0 | Ser AGT   3   2   3   3   3   2
    ATC   5   5   4   5   5   5 |     ACC   2   3   2   2   2   2 |     AAC   3   3   3   3   3   3 |     AGC   1   2   1   1   1   2
    ATA   0   0   0   0   0   0 |     ACA   1   1   1   1   1   1 | Lys AAA   2   2   2   2   2   2 | Arg AGA   3   3   3   3   3   3
Met ATG   4   4   4   4   4   4 |     ACG   0   0   0   0   0   0 |     AAG   2   2   2   2   2   2 |     AGG   0   0   0   0   0   0
--------------------------------------------------------------------------------------------------------------------------------------
Val GTT   4   4   4   4   4   4 | Ala GCT   2   2   2   2   2   2 | Asp GAT   2   2   2   2   2   2 | Gly GGT   0   0   0   0   0   0
    GTC   1   1   1   1   1   1 |     GCC   1   1   1   1   1   1 |     GAC   1   1   1   1   1   1 |     GGC   2   2   2   2   2   2
    GTA   2   2   2   2   2   2 |     GCA   0   0   0   0   0   0 | Glu GAA   7   7   7   7   7   5 |     GGA   3   3   3   3   3   4
    GTG   3   3   4   3   3   3 |     GCG   0   0   0   0   0   0 |     GAG   1   1   1   1   1   2 |     GGG   3   3   3   3   3   2
--------------------------------------------------------------------------------------------------------------------------------------

--------------------------------------------------------------------------------------------------------------------------------------
Phe TTT   3   3   3   3   3   3 | Ser TCT   1   1   1   1   1   1 | Tyr TAT   1   2   1   1   1   1 | Cys TGT   2   1   1   2   2   2
    TTC   2   2   2   2   2   2 |     TCC   1   1   1   1   1   1 |     TAC   2   1   2   2   2   2 |     TGC   0   1   1   0   0   0
Leu TTA   1   1   1   2   1   1 |     TCA   0   0   0   0   0   0 | *** TAA   0   0   0   0   0   0 | *** TGA   0   0   0   0   0   0
    TTG   3   3   3   2   4   2 |     TCG   0   0   0   0   0   0 |     TAG   0   0   0   0   0   0 | Trp TGG   4   4   4   4   4   4
--------------------------------------------------------------------------------------------------------------------------------------
Leu CTT   2   2   2   2   2   2 | Pro CCT   3   3   3   3   2   3 | His CAT   2   2   2   2   2   2 | Arg CGT   0   0   0   0   0   0
    CTC   3   3   3   3   3   3 |     CCC   0   0   0   0   0   0 |     CAC   1   1   1   1   1   1 |     CGC   0   0   0   0   0   0
    CTA   0   0   0   0   0   0 |     CCA   1   1   1   1   2   1 | Gln CAA   2   2   2   2   2   2 |     CGA   0   0   0   0   0   0
    CTG   7   7   7   7   6   8 |     CCG   0   0   0   0   0   0 |     CAG   3   3   3   3   3   3 |     CGG   1   1   1   1   1   1
--------------------------------------------------------------------------------------------------------------------------------------
Ile ATT   1   1   1   1   1   1 | Thr ACT   1   2   2   2   2   2 | Asn AAT   0   0   0   0   0   0 | Ser AGT   3   3   3   3   3   3
    ATC   5   5   5   5   5   5 |     ACC   3   2   2   2   2   2 |     AAC   3   3   3   3   3   3 |     AGC   1   1   1   1   1   1
    ATA   0   0   0   0   0   0 |     ACA   1   1   1   1   1   1 | Lys AAA   2   2   2   2   2   2 | Arg AGA   3   3   3   3   3   3
Met ATG   4   4   4   4   4   4 |     ACG   0   0   0   0   0   0 |     AAG   2   2   2   2   2   2 |     AGG   0   0   0   0   0   0
--------------------------------------------------------------------------------------------------------------------------------------
Val GTT   4   4   4   4   4   4 | Ala GCT   2   2   2   2   2   2 | Asp GAT   2   2   2   2   2   2 | Gly GGT   0   0   0   0   0   0
    GTC   1   1   1   1   1   1 |     GCC   1   1   1   1   1   1 |     GAC   1   1   1   1   1   1 |     GGC   3   2   2   2   3   2
    GTA   2   2   2   2   2   2 |     GCA   0   0   0   0   0   0 | Glu GAA   7   7   7   7   7   7 |     GGA   3   3   3   3   3   3
    GTG   3   3   3   3   3   3 |     GCG   0   0   0   0   0   0 |     GAG   1   1   1   1   1   1 |     GGG   2   3   3   3   2   3
--------------------------------------------------------------------------------------------------------------------------------------

--------------------------------------------------------------------------------------------------------------------------------------
Phe TTT   3   3   3   3   3   3 | Ser TCT   1   1   1   1   1   1 | Tyr TAT   1   1   1   1   1   1 | Cys TGT   2   2   2   1   2   2
    TTC   2   2   2   2   2   2 |     TCC   1   1   1   1   1   1 |     TAC   2   2   2   2   2   2 |     TGC   0   0   0   1   0   0
Leu TTA   1   1   1   1   1   1 |     TCA   0   0   0   0   0   0 | *** TAA   0   0   0   0   0   0 | *** TGA   0   0   0   0   0   0
    TTG   3   3   3   3   2   3 |     TCG   0   0   0   0   0   0 |     TAG   0   0   0   0   0   0 | Trp TGG   4   4   4   4   4   4
--------------------------------------------------------------------------------------------------------------------------------------
Leu CTT   2   2   2   2   2   2 | Pro CCT   3   3   3   3   3   3 | His CAT   2   2   2   2   2   2 | Arg CGT   0   0   0   0   0   0
    CTC   3   3   3   3   3   3 |     CCC   0   0   0   0   0   0 |     CAC   1   1   1   1   1   1 |     CGC   0   0   0   0   0   0
    CTA   0   0   0   1   0   0 |     CCA   1   1   1   1   1   1 | Gln CAA   2   2   2   2   2   2 |     CGA   0   0   0   0   0   0
    CTG   7   6   7   6   8   7 |     CCG   0   0   0   0   0   0 |     CAG   3   3   3   3   3   3 |     CGG   1   1   1   1   1   1
--------------------------------------------------------------------------------------------------------------------------------------
Ile ATT   2   1   1   1   1   1 | Thr ACT   2   2   2   2   2   1 | Asn AAT   0   0   0   0   0   0 | Ser AGT   3   3   3   3   3   3
    ATC   4   5   5   5   5   5 |     ACC   2   2   2   2   2   3 |     AAC   3   3   3   3   3   3 |     AGC   1   1   1   1   1   1
    ATA   0   0   0   0   0   0 |     ACA   1   1   1   1   1   1 | Lys AAA   2   2   2   3   2   2 | Arg AGA   3   3   3   3   3   2
Met ATG   4   4   4   4   4   4 |     ACG   0   0   0   0   0   0 |     AAG   2   2   2   2   2   2 |     AGG   0   0   0   0   0   1
--------------------------------------------------------------------------------------------------------------------------------------
Val GTT   4   4   4   4   4   4 | Ala GCT   2   2   2   2   1   2 | Asp GAT   2   2   2   2   2   2 | Gly GGT   0   0   0   0   0   0
    GTC   1   1   1   1   1   1 |     GCC   1   1   1   1   2   1 |     GAC   1   1   1   1   1   1 |     GGC   2   2   2   2   2   2
    GTA   2   2   1   2   2   2 |     GCA   0   0   0   0   0   0 | Glu GAA   6   5   7   6   7   7 |     GGA   3   3   3   3   3   2
    GTG   3   4   4   3   3   3 |     GCG   0   0   0   0   0   0 |     GAG   2   3   1   1   1   1 |     GGG   3   3   3   3   3   4
--------------------------------------------------------------------------------------------------------------------------------------

--------------------------------------------------------------------------------------------------------------------------------------
Phe TTT   3   3   3   3   3   3 | Ser TCT   1   1   1   1   1   1 | Tyr TAT   1   1   1   1   1   1 | Cys TGT   2   2   2   2   1   1
    TTC   2   1   2   2   2   2 |     TCC   1   1   1   1   1   1 |     TAC   2   2   2   2   2   2 |     TGC   0   0   0   0   1   1
Leu TTA   1   2   1   1   1   1 |     TCA   0   0   0   0   0   0 | *** TAA   0   0   0   0   0   0 | *** TGA   0   0   0   0   0   0
    TTG   2   2   3   2   3   3 |     TCG   0   0   0   0   0   0 |     TAG   0   0   0   0   0   0 | Trp TGG   4   4   4   4   4   4
--------------------------------------------------------------------------------------------------------------------------------------
Leu CTT   2   2   2   2   2   2 | Pro CCT   3   3   3   3   3   3 | His CAT   2   2   2   2   2   2 | Arg CGT   0   0   0   0   0   0
    CTC   3   3   3   3   3   3 |     CCC   0   0   0   0   0   0 |     CAC   1   1   1   1   1   1 |     CGC   0   0   0   0   0   0
    CTA   0   0   0   0   0   1 |     CCA   1   1   1   1   1   1 | Gln CAA   2   2   2   2   2   2 |     CGA   0   0   0   0   0   0
    CTG   8   8   7   8   7   6 |     CCG   0   0   0   0   0   0 |     CAG   4   4   3   3   3   3 |     CGG   1   1   1   1   1   1
--------------------------------------------------------------------------------------------------------------------------------------
Ile ATT   1   1   1   1   1   1 | Thr ACT   2   3   1   2   2   2 | Asn AAT   0   0   0   0   0   0 | Ser AGT   2   2   3   3   3   3
    ATC   5   5   5   5   5   5 |     ACC   1   1   3   2   2   2 |     AAC   3   3   3   3   3   3 |     AGC   2   2   1   1   1   1
    ATA   0   0   0   0   0   0 |     ACA   1   1   1   1   1   1 | Lys AAA   2   2   2   2   2   2 | Arg AGA   3   3   3   3   3   3
Met ATG   4   4   4   4   4   4 |     ACG   0   0   0   0   0   0 |     AAG   2   2   2   2   2   2 |     AGG   0   0   0   0   0   0
--------------------------------------------------------------------------------------------------------------------------------------
Val GTT   4   3   4   4   4   4 | Ala GCT   2   2   2   2   2   2 | Asp GAT   2   2   2   2   2   2 | Gly GGT   0   0   0   0   0   0
    GTC   1   1   1   1   1   1 |     GCC   2   1   1   1   1   1 |     GAC   1   1   1   1   1   1 |     GGC   2   2   2   2   2   2
    GTA   2   2   2   2   2   2 |     GCA   0   0   0   0   0   0 | Glu GAA   5   5   7   7   7   7 |     GGA   3   3   3   4   3   3
    GTG   3   4   3   3   3   3 |     GCG   0   0   0   0   0   0 |     GAG   2   2   1   1   1   1 |     GGG   3   3   3   2   3   3
--------------------------------------------------------------------------------------------------------------------------------------

--------------------------------------------------------------------------------------------------------------------------------------
Phe TTT   3   3   4   3   3   3 | Ser TCT   1   1   1   1   1   1 | Tyr TAT   2   1   1   1   1   1 | Cys TGT   2   1   1   2   2   1
    TTC   2   2   1   2   2   2 |     TCC   1   1   1   1   1   1 |     TAC   1   2   2   2   2   2 |     TGC   0   1   1   0   0   1
Leu TTA   1   1   1   2   1   1 |     TCA   0   0   0   0   0   0 | *** TAA   0   0   0   0   0   0 | *** TGA   0   0   0   0   0   0
    TTG   2   3   2   2   3   3 |     TCG   0   0   0   0   0   0 |     TAG   0   0   0   0   0   0 | Trp TGG   4   4   4   4   4   4
--------------------------------------------------------------------------------------------------------------------------------------
Leu CTT   2   2   2   2   2   2 | Pro CCT   3   3   3   3   3   3 | His CAT   2   2   2   2   2   2 | Arg CGT   0   0   0   0   0   0
    CTC   3   3   4   4   3   3 |     CCC   0   0   0   0   0   0 |     CAC   1   1   1   1   1   1 |     CGC   0   0   0   0   0   0
    CTA   0   1   0   0   0   0 |     CCA   1   1   1   1   1   1 | Gln CAA   2   2   2   2   3   2 |     CGA   0   0   0   0   0   0
    CTG   8   6   7   6   7   7 |     CCG   0   0   0   0   0   0 |     CAG   3   3   4   3   2   3 |     CGG   1   1   1   1   1   1
--------------------------------------------------------------------------------------------------------------------------------------
Ile ATT   1   1   1   1   1   1 | Thr ACT   2   2   2   2   2   2 | Asn AAT   0   0   0   0   0   0 | Ser AGT   3   3   2   3   3   3
    ATC   5   5   5   5   5   5 |     ACC   2   2   2   2   2   2 |     AAC   3   3   3   3   3   3 |     AGC   1   1   2   1   1   1
    ATA   0   0   0   0   0   0 |     ACA   1   1   1   1   1   1 | Lys AAA   2   2   2   2   2   2 | Arg AGA   3   3   3   3   3   3
Met ATG   4   4   4   4   4   4 |     ACG   0   0   0   0   0   0 |     AAG   2   2   2   2   2   2 |     AGG   0   0   0   0   0   0
--------------------------------------------------------------------------------------------------------------------------------------
Val GTT   4   4   4   4   4   4 | Ala GCT   2   2   2   2   2   2 | Asp GAT   2   2   2   2   2   2 | Gly GGT   0   0   0   0   0   0
    GTC   1   1   1   1   1   1 |     GCC   1   1   1   1   1   1 |     GAC   1   1   1   1   1   1 |     GGC   2   2   2   2   2   2
    GTA   2   2   2   2   2   2 |     GCA   0   0   0   0   0   0 | Glu GAA   7   7   5   7   6   7 |     GGA   3   3   4   3   3   3
    GTG   3   3   3   3   3   3 |     GCG   0   0   0   0   0   0 |     GAG   1   1   2   1   2   1 |     GGG   3   3   2   3   3   3
--------------------------------------------------------------------------------------------------------------------------------------

--------------------------------------------------------------------------------------------------------------------------------------
Phe TTT   3   3   3   3   3   3 | Ser TCT   1   1   1   1   1   1 | Tyr TAT   1   2   1   1   1   1 | Cys TGT   1   1   2   1   2   2
    TTC   2   2   2   2   1   2 |     TCC   1   1   1   1   1   1 |     TAC   2   1   2   2   2   2 |     TGC   1   1   0   1   0   0
Leu TTA   1   1   1   1   1   1 |     TCA   0   0   0   0   0   0 | *** TAA   0   0   0   0   0   0 | *** TGA   0   0   0   0   0   0
    TTG   3   3   3   3   3   2 |     TCG   0   0   0   0   0   0 |     TAG   0   0   0   0   0   0 | Trp TGG   4   4   4   4   4   4
--------------------------------------------------------------------------------------------------------------------------------------
Leu CTT   2   2   2   2   2   2 | Pro CCT   3   3   3   3   2   3 | His CAT   2   2   2   2   2   2 | Arg CGT   0   0   0   0   0   0
    CTC   3   3   3   3   3   3 |     CCC   0   0   0   0   0   0 |     CAC   1   1   1   1   1   1 |     CGC   0   0   0   0   0   0
    CTA   0   1   0   0   0   0 |     CCA   1   1   1   1   2   1 | Gln CAA   2   2   2   2   2   3 |     CGA   0   0   0   0   1   0
    CTG   7   6   7   7   8   8 |     CCG   0   0   0   0   0   0 |     CAG   3   3   3   3   3   3 |     CGG   1   1   1   1   0   1
--------------------------------------------------------------------------------------------------------------------------------------
Ile ATT   1   1   1   1   1   1 | Thr ACT   2   2   1   3   2   2 | Asn AAT   0   0   0   0   0   0 | Ser AGT   3   3   3   3   3   2
    ATC   5   5   5   5   5   5 |     ACC   2   2   3   1   2   2 |     AAC   3   3   3   3   3   3 |     AGC   1   1   1   1   1   2
    ATA   0   0   0   0   0   0 |     ACA   1   1   1   1   1   1 | Lys AAA   2   2   2   2   2   2 | Arg AGA   3   3   3   3   3   3
Met ATG   4   4   4   4   4   4 |     ACG   0   0   0   0   0   0 |     AAG   2   2   2   2   2   2 |     AGG   0   0   0   0   0   0
--------------------------------------------------------------------------------------------------------------------------------------
Val GTT   4   4   4   4   4   4 | Ala GCT   2   2   2   2   2   2 | Asp GAT   2   2   2   2   2   2 | Gly GGT   0   0   0   0   0   0
    GTC   1   1   1   1   1   1 |     GCC   1   1   1   1   1   1 |     GAC   1   1   1   1   1   1 |     GGC   2   2   2   2   2   2
    GTA   2   2   2   2   2   2 |     GCA   0   0   0   0   0   0 | Glu GAA   7   7   7   7   7   5 |     GGA   3   3   3   3   3   3
    GTG   3   3   3   3   3   3 |     GCG   0   0   0   0   0   0 |     GAG   1   1   1   1   1   2 |     GGG   3   3   3   3   3   3
--------------------------------------------------------------------------------------------------------------------------------------

--------------------------------------------------------------------------------------------------------------------------------------
Phe TTT   3   3   3   3   3   3 | Ser TCT   1   1   1   1   1   1 | Tyr TAT   1   1   1   1   2   1 | Cys TGT   2   2   1   2   1   1
    TTC   2   2   2   1   2   2 |     TCC   1   1   1   1   1   1 |     TAC   2   2   2   2   1   2 |     TGC   0   0   0   0   1   1
Leu TTA   1   1   1   2   1   1 |     TCA   0   0   0   0   0   0 | *** TAA   0   0   0   0   0   0 | *** TGA   0   0   0   0   0   0
    TTG   2   2   2   2   3   3 |     TCG   0   0   0   0   0   0 |     TAG   0   0   0   0   0   0 | Trp TGG   4   4   5   4   4   4
--------------------------------------------------------------------------------------------------------------------------------------
Leu CTT   2   2   2   2   2   2 | Pro CCT   3   3   3   3   3   3 | His CAT   2   2   2   2   2   2 | Arg CGT   0   0   0   0   0   0
    CTC   3   3   4   3   3   3 |     CCC   0   0   0   0   0   0 |     CAC   1   1   1   1   1   1 |     CGC   0   0   0   0   0   0
    CTA   0   1   0   0   0   0 |     CCA   1   1   1   1   1   1 | Gln CAA   3   2   2   3   2   2 |     CGA   0   0   0   0   0   0
    CTG   8   7   7   8   7   7 |     CCG   0   0   0   0   0   0 |     CAG   3   3   4   3   3   3 |     CGG   1   1   1   1   1   1
--------------------------------------------------------------------------------------------------------------------------------------
Ile ATT   1   1   1   1   1   1 | Thr ACT   2   2   2   2   2   2 | Asn AAT   0   0   0   0   0   0 | Ser AGT   2   3   2   2   3   3
    ATC   5   5   5   5   5   5 |     ACC   2   2   2   2   2   2 |     AAC   3   3   3   3   3   3 |     AGC   2   1   2   2   1   1
    ATA   0   0   0   0   0   0 |     ACA   1   1   1   1   1   1 | Lys AAA   2   2   2   2   3   2 | Arg AGA   3   3   3   3   3   3
Met ATG   4   4   4   4   4   4 |     ACG   0   0   0   0   0   0 |     AAG   2   2   2   2   1   2 |     AGG   0   0   0   0   0   0
--------------------------------------------------------------------------------------------------------------------------------------
Val GTT   4   4   4   4   4   4 | Ala GCT   2   2   2   2   2   2 | Asp GAT   2   2   2   2   2   2 | Gly GGT   0   0   0   0   0   0
    GTC   1   1   1   1   1   1 |     GCC   1   1   1   1   1   1 |     GAC   1   1   1   1   1   1 |     GGC   2   2   2   2   2   2
    GTA   2   2   2   2   2   3 |     GCA   0   0   0   0   0   0 | Glu GAA   5   7   5   5   7   7 |     GGA   3   4   4   3   3   3
    GTG   3   3   3   3   3   2 |     GCG   0   0   0   0   0   0 |     GAG   2   1   2   2   1   1 |     GGG   3   2   2   3   3   3
--------------------------------------------------------------------------------------------------------------------------------------

--------------------------------------------------------------------------------------------------------------------------------------
Phe TTT   3   3   3   3   3   3 | Ser TCT   1   1   1   1   1   1 | Tyr TAT   1   1   1   2   1   1 | Cys TGT   1   2   1   2   1   1
    TTC   1   2   2   2   2   2 |     TCC   1   1   1   1   1   1 |     TAC   2   2   2   1   2   2 |     TGC   1   0   1   0   1   1
Leu TTA   1   1   1   1   1   1 |     TCA   0   0   0   0   0   0 | *** TAA   0   0   0   0   0   0 | *** TGA   0   0   0   0   0   0
    TTG   3   3   3   3   3   3 |     TCG   0   0   0   0   0   0 |     TAG   0   0   0   0   0   0 | Trp TGG   4   4   4   4   4   4
--------------------------------------------------------------------------------------------------------------------------------------
Leu CTT   2   2   2   2   2   2 | Pro CCT   3   3   3   3   3   3 | His CAT   2   2   2   2   2   2 | Arg CGT   0   0   0   0   0   0
    CTC   3   3   3   3   3   3 |     CCC   0   0   0   0   0   0 |     CAC   1   1   1   1   1   1 |     CGC   0   0   0   0   0   0
    CTA   0   0   0   0   1   1 |     CCA   1   1   1   1   1   1 | Gln CAA   2   1   1   3   2   2 |     CGA   0   0   0   0   0   0
    CTG   8   7   7   7   6   6 |     CCG   0   0   0   0   0   0 |     CAG   3   4   4   2   3   3 |     CGG   1   1   1   1   1   1
--------------------------------------------------------------------------------------------------------------------------------------
Ile ATT   1   1   1   1   1   1 | Thr ACT   2   1   3   2   1   2 | Asn AAT   0   0   0   0   0   0 | Ser AGT   3   3   3   3   4   3
    ATC   5   5   5   5   5   5 |     ACC   2   2   1   2   2   2 |     AAC   3   3   3   3   3   3 |     AGC   1   1   1   1   1   1
    ATA   0   0   0   0   0   0 |     ACA   1   1   1   1   1   1 | Lys AAA   2   2   2   2   2   2 | Arg AGA   3   3   3   3   3   3
Met ATG   4   4   4   4   4   4 |     ACG   0   1   0   0   0   0 |     AAG   2   2   2   2   2   2 |     AGG   0   0   0   0   0   0
--------------------------------------------------------------------------------------------------------------------------------------
Val GTT   4   4   4   4   4   4 | Ala GCT   2   2   2   3   2   2 | Asp GAT   2   2   2   2   2   2 | Gly GGT   0   0   0   0   0   0
    GTC   1   1   1   1   1   1 |     GCC   1   1   1   0   1   1 |     GAC   1   1   1   1   1   1 |     GGC   2   2   2   2   2   2
    GTA   2   2   2   3   2   2 |     GCA   0   0   0   0   0   0 | Glu GAA   7   7   7   7   7   7 |     GGA   3   3   3   3   3   3
    GTG   3   3   3   2   3   3 |     GCG   0   0   0   0   0   0 |     GAG   1   1   1   1   1   1 |     GGG   3   3   3   3   3   3
--------------------------------------------------------------------------------------------------------------------------------------

Codon position x base (3x4) table for each sequence.

#1: Argali         
position  1:    T:0.18868    C:0.23585    A:0.27358    G:0.30189
position  2:    T:0.38679    C:0.13208    A:0.27358    G:0.20755
position  3:    T:0.24528    C:0.25472    A:0.20755    G:0.29245
Average         T:0.27358    C:0.20755    A:0.25157    G:0.26730

#2: LesserMouseDeer
position  1:    T:0.18868    C:0.23585    A:0.27358    G:0.30189
position  2:    T:0.38679    C:0.13208    A:0.27358    G:0.20755
position  3:    T:0.25472    C:0.24528    A:0.20755    G:0.29245
Average         T:0.27673    C:0.20440    A:0.25157    G:0.26730

#3: LesserKudu     
position  1:    T:0.18868    C:0.23585    A:0.27358    G:0.30189
position  2:    T:0.38679    C:0.13208    A:0.28302    G:0.19811
position  3:    T:0.26415    C:0.24528    A:0.22642    G:0.26415
Average         T:0.27987    C:0.20440    A:0.26101    G:0.25472

#4: ForestMuskDeer2
position  1:    T:0.18868    C:0.23585    A:0.27358    G:0.30189
position  2:    T:0.38679    C:0.13208    A:0.27358    G:0.20755
position  3:    T:0.28302    C:0.21698    A:0.22642    G:0.27358
Average         T:0.28616    C:0.19497    A:0.25786    G:0.26101

#5: Camel          
position  1:    T:0.18868    C:0.23585    A:0.27358    G:0.30189
position  2:    T:0.38679    C:0.13208    A:0.27358    G:0.20755
position  3:    T:0.25472    C:0.25472    A:0.17925    G:0.31132
Average         T:0.27673    C:0.20755    A:0.24214    G:0.27358

#6: KillerWhale    
position  1:    T:0.18868    C:0.22642    A:0.28302    G:0.30189
position  2:    T:0.38679    C:0.13208    A:0.26415    G:0.21698
position  3:    T:0.26415    C:0.22642    A:0.17925    G:0.33019
Average         T:0.27987    C:0.19497    A:0.24214    G:0.28302

#7: DefassaWaterbuck
position  1:    T:0.18868    C:0.23585    A:0.27358    G:0.30189
position  2:    T:0.38679    C:0.13208    A:0.27358    G:0.20755
position  3:    T:0.25472    C:0.24528    A:0.20755    G:0.29245
Average         T:0.27673    C:0.20440    A:0.25157    G:0.26730

#8: Sheep          
position  1:    T:0.18868    C:0.23585    A:0.27358    G:0.30189
position  2:    T:0.38679    C:0.13208    A:0.27358    G:0.20755
position  3:    T:0.24528    C:0.25472    A:0.20755    G:0.29245
Average         T:0.27358    C:0.20755    A:0.25157    G:0.26730

#9: MaxwellsDuiker 
position  1:    T:0.18868    C:0.23585    A:0.26415    G:0.31132
position  2:    T:0.38679    C:0.13208    A:0.27358    G:0.20755
position  3:    T:0.26415    C:0.22642    A:0.21698    G:0.29245
Average         T:0.27987    C:0.19811    A:0.25157    G:0.27044

#10: GazellaPrzewalskyi
position  1:    T:0.17925    C:0.24528    A:0.27358    G:0.30189
position  2:    T:0.38679    C:0.13208    A:0.27358    G:0.20755
position  3:    T:0.25472    C:0.24528    A:0.20755    G:0.29245
Average         T:0.27358    C:0.20755    A:0.25157    G:0.26730

#11: MountainNyala  
position  1:    T:0.18868    C:0.23585    A:0.27358    G:0.30189
position  2:    T:0.38679    C:0.13208    A:0.27358    G:0.20755
position  3:    T:0.25472    C:0.24528    A:0.21698    G:0.28302
Average         T:0.27673    C:0.20440    A:0.25472    G:0.26415

#12: MuntiacusMuntjak
position  1:    T:0.17925    C:0.25472    A:0.27358    G:0.29245
position  2:    T:0.38679    C:0.13208    A:0.27358    G:0.20755
position  3:    T:0.25472    C:0.25472    A:0.19811    G:0.29245
Average         T:0.27358    C:0.21384    A:0.24843    G:0.26415

#13: goat           
position  1:    T:0.18868    C:0.23585    A:0.27358    G:0.30189
position  2:    T:0.38679    C:0.13208    A:0.27358    G:0.20755
position  3:    T:0.25472    C:0.25472    A:0.20755    G:0.28302
Average         T:0.27673    C:0.20755    A:0.25157    G:0.26415

#14: AfricanBuffalo 
position  1:    T:0.18868    C:0.23585    A:0.27358    G:0.30189
position  2:    T:0.38679    C:0.13208    A:0.27358    G:0.20755
position  3:    T:0.26415    C:0.23585    A:0.20755    G:0.29245
Average         T:0.27987    C:0.20126    A:0.25157    G:0.26730

#15: Topi           
position  1:    T:0.18868    C:0.23585    A:0.27358    G:0.30189
position  2:    T:0.38679    C:0.13208    A:0.27358    G:0.20755
position  3:    T:0.25472    C:0.24528    A:0.20755    G:0.29245
Average         T:0.27673    C:0.20440    A:0.25157    G:0.26730

#16: CommonDuiker   
position  1:    T:0.18868    C:0.23585    A:0.27358    G:0.30189
position  2:    T:0.38679    C:0.13208    A:0.27358    G:0.20755
position  3:    T:0.26415    C:0.23585    A:0.21698    G:0.28302
Average         T:0.27987    C:0.20126    A:0.25472    G:0.26415

#17: Suni           
position  1:    T:0.19811    C:0.22642    A:0.27358    G:0.30189
position  2:    T:0.38679    C:0.13208    A:0.27358    G:0.20755
position  3:    T:0.25472    C:0.24528    A:0.21698    G:0.28302
Average         T:0.27987    C:0.20126    A:0.25472    G:0.26415

#18: Springbuck     
position  1:    T:0.17925    C:0.24528    A:0.27358    G:0.30189
position  2:    T:0.38679    C:0.13208    A:0.27358    G:0.20755
position  3:    T:0.26415    C:0.23585    A:0.20755    G:0.29245
Average         T:0.27673    C:0.20440    A:0.25157    G:0.26730

#19: Okapi          
position  1:    T:0.18868    C:0.23585    A:0.27358    G:0.30189
position  2:    T:0.38679    C:0.13208    A:0.27358    G:0.20755
position  3:    T:0.27358    C:0.22642    A:0.19811    G:0.30189
Average         T:0.28302    C:0.19811    A:0.24843    G:0.27044

#20: Giraffe        
position  1:    T:0.18868    C:0.22642    A:0.27358    G:0.31132
position  2:    T:0.38679    C:0.13208    A:0.27358    G:0.20755
position  3:    T:0.26415    C:0.23585    A:0.18868    G:0.31132
Average         T:0.27987    C:0.19811    A:0.24528    G:0.27673

#21: TibetanAntelope
position  1:    T:0.18868    C:0.23585    A:0.27358    G:0.30189
position  2:    T:0.38679    C:0.13208    A:0.27358    G:0.20755
position  3:    T:0.26415    C:0.23585    A:0.19811    G:0.30189
Average         T:0.27987    C:0.20126    A:0.24843    G:0.27044

#22: Sitatunga      
position  1:    T:0.18868    C:0.23585    A:0.28302    G:0.29245
position  2:    T:0.38679    C:0.13208    A:0.27358    G:0.20755
position  3:    T:0.25472    C:0.24528    A:0.21698    G:0.28302
Average         T:0.27673    C:0.20440    A:0.25786    G:0.26101

#23: Oribi          
position  1:    T:0.17925    C:0.24528    A:0.27358    G:0.30189
position  2:    T:0.38679    C:0.13208    A:0.27358    G:0.20755
position  3:    T:0.25472    C:0.24528    A:0.20755    G:0.29245
Average         T:0.27358    C:0.20755    A:0.25157    G:0.26730

#24: BarbarySheep   
position  1:    T:0.18868    C:0.23585    A:0.27358    G:0.30189
position  2:    T:0.38679    C:0.13208    A:0.27358    G:0.20755
position  3:    T:0.25472    C:0.24528    A:0.18868    G:0.31132
Average         T:0.27673    C:0.20440    A:0.24528    G:0.27358

#25: Daviddeer      
position  1:    T:0.17925    C:0.25472    A:0.26415    G:0.30189
position  2:    T:0.38679    C:0.13208    A:0.27358    G:0.20755
position  3:    T:0.25472    C:0.24528    A:0.18868    G:0.31132
Average         T:0.27358    C:0.21069    A:0.24214    G:0.27358

#26: Reindeer       
position  1:    T:0.17925    C:0.25472    A:0.27358    G:0.29245
position  2:    T:0.38679    C:0.13208    A:0.27358    G:0.20755
position  3:    T:0.25472    C:0.22642    A:0.19811    G:0.32075
Average         T:0.27358    C:0.20440    A:0.24843    G:0.27358

#27: Ibex           
position  1:    T:0.18868    C:0.23585    A:0.27358    G:0.30189
position  2:    T:0.38679    C:0.13208    A:0.27358    G:0.20755
position  3:    T:0.25472    C:0.24528    A:0.20755    G:0.29245
Average         T:0.27673    C:0.20440    A:0.25157    G:0.26730

#28: GyrantGazelle  
position  1:    T:0.17925    C:0.24528    A:0.27358    G:0.30189
position  2:    T:0.38679    C:0.13208    A:0.27358    G:0.20755
position  3:    T:0.26415    C:0.23585    A:0.21698    G:0.28302
Average         T:0.27673    C:0.20440    A:0.25472    G:0.26415

#29: Hartebeest     
position  1:    T:0.18868    C:0.23585    A:0.27358    G:0.30189
position  2:    T:0.38679    C:0.13208    A:0.27358    G:0.20755
position  3:    T:0.25472    C:0.24528    A:0.20755    G:0.29245
Average         T:0.27673    C:0.20440    A:0.25157    G:0.26730

#30: Bongo          
position  1:    T:0.18868    C:0.23585    A:0.27358    G:0.30189
position  2:    T:0.38679    C:0.13208    A:0.27358    G:0.20755
position  3:    T:0.25472    C:0.24528    A:0.21698    G:0.28302
Average         T:0.27673    C:0.20440    A:0.25472    G:0.26415

#31: Gerenuk        
position  1:    T:0.17925    C:0.24528    A:0.27358    G:0.30189
position  2:    T:0.38679    C:0.13208    A:0.27358    G:0.20755
position  3:    T:0.27358    C:0.22642    A:0.20755    G:0.29245
Average         T:0.27987    C:0.20126    A:0.25157    G:0.26730

#32: CommonEland    
position  1:    T:0.18868    C:0.23585    A:0.27358    G:0.30189
position  2:    T:0.38679    C:0.13208    A:0.27358    G:0.20755
position  3:    T:0.25472    C:0.24528    A:0.21698    G:0.28302
Average         T:0.27673    C:0.20440    A:0.25472    G:0.26415

#33: MuntiacusReevesi
position  1:    T:0.17925    C:0.25472    A:0.27358    G:0.29245
position  2:    T:0.38679    C:0.13208    A:0.27358    G:0.20755
position  3:    T:0.25472    C:0.25472    A:0.19811    G:0.29245
Average         T:0.27358    C:0.21384    A:0.24843    G:0.26415

#34: HarveysDuiker  
position  1:    T:0.18868    C:0.23585    A:0.27358    G:0.30189
position  2:    T:0.38679    C:0.13208    A:0.27358    G:0.20755
position  3:    T:0.26415    C:0.24528    A:0.21698    G:0.27358
Average         T:0.27987    C:0.20440    A:0.25472    G:0.26101

#35: Pronghorn      
position  1:    T:0.18868    C:0.23585    A:0.27358    G:0.30189
position  2:    T:0.38679    C:0.13208    A:0.27358    G:0.20755
position  3:    T:0.26415    C:0.23585    A:0.20755    G:0.29245
Average         T:0.27987    C:0.20126    A:0.25157    G:0.26730

#36: BlueWildebeest 
position  1:    T:0.18868    C:0.23585    A:0.27358    G:0.30189
position  2:    T:0.38679    C:0.13208    A:0.27358    G:0.20755
position  3:    T:0.25472    C:0.24528    A:0.20755    G:0.29245
Average         T:0.27673    C:0.20440    A:0.25157    G:0.26730

#37: Gemsbok        
position  1:    T:0.18868    C:0.23585    A:0.27358    G:0.30189
position  2:    T:0.38679    C:0.13208    A:0.27358    G:0.20755
position  3:    T:0.25472    C:0.24528    A:0.20755    G:0.29245
Average         T:0.27673    C:0.20440    A:0.25157    G:0.26730

#38: Yak            
position  1:    T:0.18868    C:0.23585    A:0.27358    G:0.30189
position  2:    T:0.38679    C:0.13208    A:0.27358    G:0.20755
position  3:    T:0.26415    C:0.23585    A:0.21698    G:0.28302
Average         T:0.27987    C:0.20126    A:0.25472    G:0.26415

#39: BlueSheep      
position  1:    T:0.18868    C:0.23585    A:0.27358    G:0.30189
position  2:    T:0.38679    C:0.13208    A:0.27358    G:0.20755
position  3:    T:0.25472    C:0.24528    A:0.20755    G:0.29245
Average         T:0.27673    C:0.20440    A:0.25157    G:0.26730

#40: BohorReedbuck  
position  1:    T:0.18868    C:0.23585    A:0.27358    G:0.30189
position  2:    T:0.38679    C:0.13208    A:0.27358    G:0.20755
position  3:    T:0.26415    C:0.23585    A:0.20755    G:0.29245
Average         T:0.27987    C:0.20126    A:0.25157    G:0.26730

#41: KirksDik       
position  1:    T:0.17925    C:0.24528    A:0.27358    G:0.30189
position  2:    T:0.38679    C:0.13208    A:0.27358    G:0.20755
position  3:    T:0.25472    C:0.22642    A:0.22642    G:0.29245
Average         T:0.27358    C:0.20126    A:0.25786    G:0.26730

#42: RoeDeer        
position  1:    T:0.17925    C:0.25472    A:0.27358    G:0.29245
position  2:    T:0.38679    C:0.13208    A:0.27358    G:0.20755
position  3:    T:0.25472    C:0.24528    A:0.19811    G:0.30189
Average         T:0.27358    C:0.21069    A:0.24843    G:0.26730

#43: WhiteLippedDeer
position  1:    T:0.17925    C:0.25472    A:0.27358    G:0.29245
position  2:    T:0.38679    C:0.13208    A:0.27358    G:0.20755
position  3:    T:0.25472    C:0.24528    A:0.19811    G:0.30189
Average         T:0.27358    C:0.21069    A:0.24843    G:0.26730

#44: ThomsonGazelle 
position  1:    T:0.17925    C:0.24528    A:0.27358    G:0.30189
position  2:    T:0.38679    C:0.13208    A:0.27358    G:0.20755
position  3:    T:0.26415    C:0.23585    A:0.22642    G:0.27358
Average         T:0.27673    C:0.20440    A:0.25786    G:0.26101

#45: MuntiacusCrinifrons
position  1:    T:0.17925    C:0.25472    A:0.27358    G:0.29245
position  2:    T:0.38679    C:0.13208    A:0.27358    G:0.20755
position  3:    T:0.24528    C:0.25472    A:0.19811    G:0.30189
Average         T:0.27044    C:0.21384    A:0.24843    G:0.26730

#46: WhiteTailedDeer
position  1:    T:0.17925    C:0.25472    A:0.27358    G:0.29245
position  2:    T:0.38679    C:0.13208    A:0.27358    G:0.20755
position  3:    T:0.25472    C:0.23585    A:0.20755    G:0.30189
Average         T:0.27358    C:0.20755    A:0.25157    G:0.26730

#47: Cattle         
position  1:    T:0.18868    C:0.23585    A:0.27358    G:0.30189
position  2:    T:0.38679    C:0.13208    A:0.27358    G:0.20755
position  3:    T:0.26415    C:0.23585    A:0.21698    G:0.28302
Average         T:0.27987    C:0.20126    A:0.25472    G:0.26415

#48: RoyalAntelope  
position  1:    T:0.18868    C:0.23585    A:0.27358    G:0.30189
position  2:    T:0.38679    C:0.13208    A:0.27358    G:0.20755
position  3:    T:0.25472    C:0.24528    A:0.21698    G:0.28302
Average         T:0.27673    C:0.20440    A:0.25472    G:0.26415

#49: Steenbok       
position  1:    T:0.17925    C:0.24528    A:0.27358    G:0.30189
position  2:    T:0.38679    C:0.13208    A:0.27358    G:0.20755
position  3:    T:0.25472    C:0.23585    A:0.20755    G:0.30189
Average         T:0.27358    C:0.20440    A:0.25157    G:0.27044

#50: Impala         
position  1:    T:0.18868    C:0.23585    A:0.27358    G:0.30189
position  2:    T:0.38679    C:0.13208    A:0.27358    G:0.20755
position  3:    T:0.25472    C:0.23585    A:0.19811    G:0.31132
Average         T:0.27673    C:0.20126    A:0.24843    G:0.27358

#51: Klipspringer   
position  1:    T:0.18868    C:0.23585    A:0.27358    G:0.30189
position  2:    T:0.38679    C:0.13208    A:0.27358    G:0.20755
