1
52 1
Argali 0.000000 0.188600 0.053200 0.172600 0.031300 0.010500 0.118200 0.064100 0.042700 0.177300 0.010500 0.026300 0.064700 0.036700 0.065600 0.042300 0.036900 0.047900 0.015800 0.047900 0.026100 0.010500 0.218900 0.099500 0.010500 0.031400 0.053200 0.052900 0.048100 0.053000 0.196100 0.042400 0.059700 0.048000 0.020800 0.037200 0.005200 0.025900 0.058000 0.105900 0.187500 0.042500 0.198200 0.081800 0.042800 0.053500 0.058500 0.031800 0.048300 0.032000 0.042500 0.064500
LesserMous 0.188600 0.000000 0.227800 0.245200 0.200000 0.189100 0.288000 0.241300 0.190900 0.295100 0.176300 0.196200 0.171500 0.180800 0.207000 0.215100 0.195600 0.209800 0.182600 0.209300 0.194200 0.176100 0.331100 0.203800 0.189600 0.200900 0.170000 0.220600 0.221700 0.214000 0.330900 0.194800 0.171200 0.165100 0.174700 0.202800 0.181700 0.204700 0.219100 0.217800 0.301400 0.202300 0.319400 0.210300 0.197100 0.222800 0.215000 0.190800 0.203700 0.171300 0.196400 0.189800
LesserKudu 0.053200 0.227800 0.000000 0.225300 0.075100 0.064300 0.168200 0.109700 0.031900 0.224300 0.064300 0.048100 0.110900 0.081100 0.112300 0.086900 0.081200 0.093000 0.058800 0.037100 0.069700 0.053200 0.247900 0.147900 0.064900 0.075100 0.098500 0.052700 0.092600 0.042000 0.257800 0.087000 0.106000 0.093000 0.063900 0.070500 0.047800 0.069000 0.080300 0.154900 0.215000 0.087300 0.246400 0.129000 0.076500 0.087500 0.103900 0.076200 0.093800 0.076600 0.031500 0.053100
KillerWhal 0.172600 0.245200 0.225300 0.000000 0.158900 0.172300 0.258700 0.205200 0.188000 0.323000 0.160400 0.180200 0.186900 0.171800 0.217100 0.160700 0.179600 0.187100 0.166700 0.206500 0.153200 0.160200 0.311200 0.186600 0.173600 0.159600 0.184800 0.210700 0.160400 0.218100 0.361000 0.180000 0.187800 0.193500 0.171200 0.193200 0.165700 0.176200 0.177500 0.221400 0.291500 0.160800 0.348500 0.192900 0.187500 0.180500 0.192000 0.174800 0.187600 0.174900 0.199800 0.193500
DefassaWat 0.031300 0.200000 0.075100 0.158900 0.000000 0.042100 0.105600 0.047500 0.053500 0.188500 0.031400 0.036900 0.064300 0.036600 0.076700 0.020900 0.047500 0.058700 0.026100 0.058700 0.005100 0.020800 0.216900 0.098700 0.031500 0.010300 0.052900 0.063700 0.026100 0.074900 0.220500 0.042300 0.064800 0.058700 0.031100 0.047600 0.026000 0.015300 0.036400 0.105100 0.185800 0.020900 0.209400 0.081200 0.053200 0.042400 0.036700 0.042500 0.048000 0.037100 0.053200 0.075400
Sheep 0.010500 0.189100 0.064300 0.172300 0.042100 0.000000 0.130600 0.075300 0.053800 0.190700 0.021100 0.037100 0.064900 0.031600 0.065700 0.053300 0.047800 0.058800 0.026500 0.059000 0.036800 0.020900 0.233500 0.111400 0.021200 0.042100 0.053400 0.063900 0.058800 0.064100 0.209800 0.053300 0.059800 0.059000 0.031400 0.048100 0.015600 0.036500 0.069100 0.117900 0.201400 0.053500 0.211900 0.093400 0.053800 0.065100 0.058700 0.042700 0.059500 0.032000 0.053500 0.075800
MaxwellsDu 0.118200 0.288000 0.168200 0.258700 0.105600 0.130600 0.000000 0.142900 0.138300 0.279400 0.118500 0.125100 0.131100 0.111300 0.165500 0.118700 0.124600 0.125300 0.112500 0.150000 0.100000 0.106400 0.324000 0.176100 0.118800 0.105900 0.118000 0.154700 0.124800 0.167700 0.315300 0.100000 0.138100 0.125100 0.117300 0.137400 0.111900 0.122400 0.129300 0.176100 0.286200 0.112600 0.303600 0.162500 0.131500 0.119000 0.130500 0.125700 0.125300 0.106900 0.143700 0.162700
GazellaPrz 0.064100 0.241300 0.109700 0.205200 0.047500 0.075300 0.142900 0.000000 0.087600 0.224200 0.064200 0.070100 0.104700 0.069400 0.112100 0.058700 0.069800 0.081400 0.058700 0.092800 0.042200 0.053100 0.255300 0.129200 0.064400 0.047500 0.092500 0.097600 0.064300 0.109400 0.257600 0.075600 0.093800 0.092900 0.063800 0.081600 0.058600 0.058000 0.074600 0.148200 0.222000 0.059000 0.246300 0.122600 0.087700 0.082300 0.064100 0.064700 0.087800 0.065000 0.087100 0.110300
MountainNy 0.042700 0.190900 0.031900 0.188000 0.053500 0.053800 0.138300 0.087600 0.000000 0.199700 0.042800 0.037600 0.077000 0.059000 0.078000 0.065000 0.048300 0.059800 0.037300 0.015800 0.048200 0.032100 0.221900 0.112900 0.042900 0.053500 0.065100 0.031700 0.070700 0.031600 0.232700 0.060000 0.072000 0.059700 0.042500 0.048700 0.037300 0.058500 0.058700 0.119500 0.190000 0.054100 0.221400 0.094600 0.043400 0.071100 0.081800 0.043600 0.065900 0.049000 0.010700 0.021300
MuntiacusM 0.177300 0.295100 0.224300 0.323000 0.188500 0.190700 0.279400 0.224200 0.199700 0.000000 0.177800 0.198500 0.165500 0.202200 0.209700 0.204200 0.190600 0.205000 0.184000 0.218600 0.182700 0.177300 0.151300 0.154400 0.178300 0.189400 0.163600 0.222500 0.211000 0.237000 0.046100 0.204200 0.186600 0.172100 0.182200 0.211900 0.182900 0.206200 0.208000 0.148600 0.121900 0.191100 0.017200 0.134500 0.206200 0.212400 0.209600 0.186100 0.193000 0.179400 0.211700 0.225600
goat 0.010500 0.176300 0.064300 0.160400 0.031400 0.021100 0.118500 0.064200 0.042800 0.177800 0.000000 0.026400 0.064900 0.036700 0.065700 0.042400 0.037000 0.048100 0.015700 0.048000 0.026200 0.010500 0.212500 0.093900 0.010500 0.031700 0.053300 0.053000 0.047800 0.064100 0.209800 0.042500 0.059800 0.048100 0.020800 0.037300 0.015600 0.036500 0.058200 0.106100 0.181400 0.042600 0.198700 0.082000 0.042900 0.053600 0.058700 0.031900 0.048400 0.032100 0.042600 0.053500
AfricanBuf 0.026300 0.196200 0.048100 0.180200 0.036900 0.037100 0.125100 0.070100 0.037600 0.198500 0.026400 0.000000 0.070800 0.042300 0.071700 0.048000 0.042600 0.053800 0.021300 0.042800 0.031600 0.015700 0.228000 0.106100 0.026400 0.037400 0.059100 0.047800 0.053600 0.058900 0.231300 0.048100 0.065800 0.053800 0.026200 0.021200 0.021000 0.042000 0.063900 0.112600 0.195900 0.048300 0.220100 0.088200 0.026700 0.048400 0.064500 0.037500 0.054200 0.037700 0.037500 0.059400
Topi 0.064700 0.171500 0.110900 0.186900 0.064300 0.064900 0.131100 0.104700 0.077000 0.165500 0.064900 0.070800 0.000000 0.070100 0.078000 0.076200 0.070500 0.070900 0.059300 0.093800 0.058900 0.053700 0.192800 0.088700 0.065000 0.064500 0.010400 0.098600 0.081900 0.110500 0.197300 0.082000 0.065800 0.026600 0.064300 0.082200 0.059000 0.080400 0.081000 0.089200 0.162400 0.065000 0.186200 0.071100 0.076800 0.082300 0.081700 0.065500 0.076900 0.054300 0.088000 0.099700
CommonDuik 0.036700 0.180800 0.081100 0.171800 0.036600 0.031600 0.111300 0.069400 0.059000 0.202200 0.036700 0.042300 0.070100 0.000000 0.071000 0.047600 0.053000 0.064200 0.031600 0.064200 0.031300 0.026100 0.239000 0.116700 0.036800 0.036600 0.058600 0.069100 0.053000 0.080400 0.234700 0.036700 0.053700 0.064600 0.036500 0.053400 0.031300 0.041600 0.063600 0.110800 0.206700 0.047800 0.223500 0.098700 0.059100 0.059000 0.053400 0.047900 0.059100 0.026400 0.058700 0.081300
Suni 0.065600 0.207000 0.112300 0.217100 0.076700 0.065700 0.165500 0.112100 0.078000 0.209700 0.065700 0.071700 0.078000 0.071000 0.000000 0.088800 0.071400 0.083400 0.060000 0.095000 0.071200 0.054300 0.247800 0.126500 0.065900 0.076700 0.066000 0.099900 0.094600 0.106100 0.243400 0.083000 0.084600 0.071900 0.065300 0.083600 0.059900 0.081700 0.093100 0.133400 0.214100 0.077600 0.232000 0.107700 0.078100 0.089200 0.094400 0.060600 0.072400 0.061000 0.089100 0.101000
Springbuck 0.042300 0.215100 0.086900 0.160700 0.020900 0.053300 0.118700 0.058700 0.065000 0.204200 0.042400 0.048000 0.076200 0.047600 0.088800 0.000000 0.058800 0.071000 0.037000 0.070300 0.015600 0.031900 0.226600 0.111600 0.042500 0.020900 0.064400 0.075200 0.015800 0.086600 0.237100 0.053500 0.076900 0.070300 0.042100 0.059300 0.036900 0.036500 0.047400 0.106200 0.194800 0.021100 0.225900 0.093600 0.065100 0.053700 0.047800 0.053800 0.059600 0.048500 0.064700 0.087300
Okapi 0.036900 0.195600 0.081200 0.179600 0.047500 0.047800 0.124600 0.069800 0.048300 0.190600 0.037000 0.042600 0.070500 0.053000 0.071400 0.058800 0.000000 0.020900 0.031600 0.064700 0.042300 0.026200 0.226700 0.093900 0.037100 0.047600 0.058900 0.069600 0.064400 0.081100 0.221900 0.053900 0.065500 0.053600 0.036800 0.053700 0.031500 0.052600 0.063700 0.112100 0.194900 0.048100 0.211800 0.087800 0.048400 0.064700 0.064200 0.037300 0.059600 0.043000 0.059000 0.070000
Giraffe 0.047900 0.209800 0.093000 0.187100 0.058700 0.058800 0.125300 0.081400 0.059800 0.205000 0.048100 0.053800 0.070900 0.064200 0.083400 0.071000 0.020900 0.000000 0.042600 0.076300 0.053400 0.037100 0.242500 0.106200 0.048200 0.058800 0.059200 0.081100 0.075700 0.092800 0.236800 0.064800 0.077300 0.054000 0.047800 0.065200 0.042500 0.063800 0.075100 0.124800 0.209700 0.059400 0.226700 0.099900 0.059800 0.076300 0.075900 0.048500 0.071200 0.054300 0.070600 0.082000
TibetanAnt 0.015800 0.182600 0.058800 0.166700 0.026100 0.026500 0.112500 0.058700 0.037300 0.184000 0.015700 0.021300 0.059300 0.031600 0.060000 0.037000 0.031600 0.042600 0.000000 0.042600 0.020900 0.005200 0.211900 0.093900 0.015800 0.026300 0.047900 0.047600 0.042400 0.058700 0.216100 0.037000 0.054200 0.042600 0.015600 0.031800 0.010400 0.031200 0.052700 0.100200 0.180900 0.037100 0.205100 0.076300 0.037400 0.048100 0.053200 0.026500 0.042900 0.026600 0.037100 0.059100
Sitatunga 0.047900 0.209300 0.037100 0.206500 0.058700 0.059000 0.150000 0.092800 0.015800 0.218600 0.048000 0.042800 0.093800 0.064200 0.095000 0.070300 0.064700 0.076300 0.042600 0.000000 0.053400 0.037100 0.241800 0.130200 0.048200 0.058600 0.081700 0.026000 0.075900 0.015700 0.251900 0.070400 0.088900 0.076300 0.047700 0.054000 0.042500 0.063700 0.074900 0.137000 0.209100 0.070600 0.240600 0.111600 0.059800 0.082100 0.087100 0.059500 0.076900 0.060000 0.015900 0.026300
Oribi 0.026100 0.194200 0.069700 0.153200 0.005100 0.036800 0.100000 0.042200 0.048200 0.182700 0.026200 0.031600 0.058900 0.031300 0.071200 0.015600 0.042300 0.053400 0.020900 0.053400 0.000000 0.015600 0.210700 0.093300 0.026200 0.005200 0.047600 0.058400 0.020900 0.069500 0.214600 0.037000 0.059400 0.053400 0.025900 0.042400 0.020800 0.020600 0.031200 0.099600 0.179900 0.015700 0.203500 0.075800 0.048000 0.037100 0.031500 0.037200 0.042700 0.031800 0.047900 0.070100
BarbaryShe 0.010500 0.176100 0.053200 0.160200 0.020800 0.020900 0.106400 0.053100 0.032100 0.177300 0.010500 0.015700 0.053700 0.026100 0.054300 0.031900 0.026200 0.037100 0.005200 0.037100 0.015600 0.000000 0.205100 0.088000 0.010400 0.020800 0.042400 0.042100 0.036900 0.053200 0.209200 0.031600 0.048600 0.037100 0.010300 0.026400 0.005200 0.025900 0.047300 0.094200 0.174400 0.031700 0.198100 0.070500 0.031900 0.042700 0.047700 0.021300 0.037400 0.021200 0.031700 0.053500
Daviddeer 0.218900 0.331100 0.247900 0.311200 0.216900 0.233500 0.324000 0.255300 0.221900 0.151300 0.212500 0.228000 0.192800 0.239000 0.247800 0.226600 0.226700 0.242500 0.211900 0.241800 0.210700 0.205100 0.000000 0.180600 0.220100 0.218000 0.190400 0.253300 0.233800 0.253900 0.185100 0.241500 0.222800 0.199700 0.210100 0.242300 0.211000 0.235500 0.237500 0.181900 0.023800 0.219900 0.159100 0.173000 0.236400 0.229000 0.239600 0.207200 0.236700 0.222300 0.234500 0.234800
Reindeer 0.099500 0.203800 0.147900 0.186600 0.098700 0.111400 0.176100 0.129200 0.112900 0.154400 0.093900 0.106100 0.088700 0.116700 0.126500 0.111600 0.093900 0.106200 0.093900 0.130200 0.093300 0.088000 0.180600 0.000000 0.100000 0.099200 0.087700 0.134900 0.117600 0.147400 0.186700 0.117700 0.106500 0.094500 0.093000 0.118000 0.093400 0.115300 0.116100 0.060300 0.150500 0.100000 0.175000 0.026700 0.112500 0.118300 0.105100 0.100800 0.112700 0.100800 0.124100 0.130300
Ibex 0.010500 0.189600 0.064900 0.173600 0.031500 0.021200 0.118800 0.064400 0.042900 0.178300 0.010500 0.026400 0.065000 0.036800 0.065900 0.042500 0.037100 0.048200 0.015800 0.048200 0.026200 0.010400 0.220100 0.100000 0.000000 0.031700 0.053500 0.053200 0.048000 0.064100 0.210300 0.042600 0.060000 0.048200 0.020900 0.037400 0.015700 0.036600 0.058300 0.106400 0.188600 0.042700 0.199200 0.082200 0.043000 0.054000 0.058800 0.032000 0.048600 0.032100 0.042700 0.064600
GyrantGaze 0.031400 0.200900 0.075100 0.159600 0.010300 0.042100 0.105900 0.047500 0.053500 0.189400 0.031700 0.037400 0.064500 0.036600 0.076700 0.020900 0.047600 0.058800 0.026300 0.058600 0.005200 0.020800 0.218000 0.099200 0.031700 0.000000 0.053100 0.063700 0.026200 0.074900 0.221600 0.042300 0.065100 0.058800 0.031300 0.047900 0.026100 0.025800 0.036400 0.105500 0.186700 0.010400 0.210400 0.081600 0.053600 0.042500 0.036700 0.042500 0.048200 0.037300 0.053300 0.075500
Hartebeest 0.053200 0.170000 0.098500 0.184800 0.052900 0.053400 0.118000 0.092500 0.065100 0.163600 0.053300 0.059100 0.010400 0.058600 0.066000 0.064400 0.058900 0.059200 0.047900 0.081700 0.047600 0.042400 0.190400 0.087700 0.053500 0.053100 0.000000 0.086500 0.070000 0.098200 0.195400 0.070100 0.053900 0.015700 0.052900 0.070300 0.047600 0.068800 0.069300 0.088200 0.160500 0.053500 0.183900 0.070300 0.064900 0.070400 0.069900 0.053900 0.065000 0.042900 0.076000 0.087400
Bongo 0.052900 0.220600 0.052700 0.210700 0.063700 0.063900 0.154700 0.097600 0.031700 0.222500 0.053000 0.047800 0.098600 0.069100 0.099900 0.075200 0.069600 0.081100 0.047600 0.026000 0.058400 0.042100 0.253300 0.134900 0.053200 0.063700 0.086500 0.000000 0.080800 0.042100 0.255700 0.075000 0.093700 0.081200 0.052700 0.059000 0.047500 0.068600 0.079800 0.141600 0.220400 0.075500 0.244400 0.116400 0.064800 0.087000 0.091900 0.064600 0.081800 0.065000 0.020800 0.042000
Gerenuk 0.048100 0.221700 0.092600 0.160400 0.026100 0.058800 0.124800 0.064300 0.070700 0.211000 0.047800 0.053600 0.081900 0.053000 0.094600 0.015800 0.064400 0.075700 0.042400 0.075900 0.020900 0.036900 0.233800 0.117600 0.048000 0.026200 0.070000 0.080800 0.000000 0.092300 0.244100 0.059000 0.082600 0.076000 0.047600 0.064900 0.042300 0.041900 0.052800 0.112200 0.201600 0.026400 0.232800 0.099400 0.070800 0.059300 0.053300 0.059400 0.065200 0.054100 0.070300 0.093100
CommonElan 0.053000 0.214000 0.042000 0.218100 0.074900 0.064100 0.167700 0.109400 0.031600 0.237000 0.064100 0.058900 0.110500 0.080400 0.106100 0.086600 0.081100 0.092800 0.058700 0.015700 0.069500 0.053200 0.253900 0.147400 0.064100 0.074900 0.098200 0.042100 0.092300 0.000000 0.256800 0.086800 0.105700 0.092800 0.063800 0.070300 0.047600 0.068800 0.091200 0.154300 0.227700 0.087000 0.259400 0.128600 0.076200 0.098600 0.103600 0.076000 0.093500 0.076400 0.031400 0.031400
MuntiacusR 0.196100 0.330900 0.257800 0.361000 0.220500 0.209800 0.315300 0.257600 0.232700 0.046100 0.209800 0.231300 0.197300 0.234700 0.243400 0.237100 0.221900 0.236800 0.216100 0.251900 0.214600 0.209200 0.185100 0.186700 0.210300 0.221600 0.195400 0.255700 0.244100 0.256800 0.000000 0.237100 0.219700 0.204000 0.214000 0.245000 0.201700 0.225200 0.220800 0.167500 0.154200 0.223600 0.052300 0.165900 0.239300 0.245900 0.229100 0.218600 0.225800 0.211700 0.244900 0.259200
HarveysDui 0.042400 0.194800 0.087000 0.180000 0.042300 0.053300 0.100000 0.075600 0.060000 0.204200 0.042500 0.048100 0.082000 0.036700 0.083000 0.053500 0.053900 0.064800 0.037000 0.070400 0.037000 0.031600 0.241500 0.117700 0.042600 0.042300 0.070100 0.075000 0.059000 0.086800 0.237100 0.000000 0.065300 0.064600 0.042200 0.059400 0.037000 0.047300 0.063800 0.111700 0.208900 0.048200 0.225800 0.099500 0.059600 0.059200 0.070000 0.048300 0.059500 0.037300 0.064800 0.081700
Pronghorn 0.059700 0.171200 0.106000 0.187800 0.064800 0.059800 0.138100 0.093800 0.072000 0.186600 0.059800 0.065800 0.065800 0.053700 0.084600 0.076900 0.065500 0.077300 0.054200 0.088900 0.059400 0.048600 0.222800 0.106500 0.060000 0.065100 0.053900 0.093700 0.082600 0.105700 0.219700 0.065300 0.000000 0.065800 0.059300 0.071300 0.053900 0.075500 0.081700 0.101100 0.190800 0.065600 0.200700 0.094700 0.071800 0.083100 0.070600 0.060400 0.071800 0.032300 0.083000 0.094800
BlueWildeb 0.048000 0.165100 0.093000 0.193500 0.058700 0.059000 0.125100 0.092900 0.059700 0.172100 0.048100 0.053800 0.026600 0.064600 0.071900 0.070300 0.053600 0.054000 0.042600 0.076300 0.053400 0.037100 0.199700 0.094500 0.048200 0.058800 0.015700 0.081200 0.076000 0.092800 0.204000 0.064600 0.065800 0.000000 0.047800 0.065200 0.042500 0.063800 0.075200 0.095000 0.169100 0.059400 0.192900 0.076800 0.059800 0.076400 0.087100 0.048500 0.071200 0.054300 0.070400 0.082000
Gemsbok 0.020800 0.174700 0.063900 0.171200 0.031100 0.031400 0.117300 0.063800 0.042500 0.182200 0.020800 0.026200 0.064300 0.036500 0.065300 0.042100 0.036800 0.047800 0.015600 0.047700 0.025900 0.010300 0.210100 0.093000 0.020900 0.031300 0.052900 0.052700 0.047600 0.063800 0.214000 0.042200 0.059300 0.047800 0.000000 0.036900 0.015500 0.036100 0.057800 0.099300 0.179400 0.042200 0.202900 0.075600 0.042400 0.053300 0.052900 0.031700 0.048000 0.031800 0.042300 0.064300
Yak 0.037200 0.202800 0.070500 0.193200 0.047600 0.048100 0.137400 0.081600 0.048700 0.211900 0.037300 0.021200 0.082200 0.053400 0.083600 0.059300 0.053700 0.065200 0.031800 0.054000 0.042400 0.026400 0.242300 0.118000 0.037400 0.047900 0.070300 0.059000 0.064900 0.070300 0.245000 0.059400 0.071300 0.065200 0.036900 0.000000 0.031700 0.052600 0.075300 0.124700 0.209600 0.059400 0.233800 0.099800 0.016000 0.070900 0.075900 0.048600 0.054300 0.048700 0.048500 0.070900
BlueSheep 0.005200 0.181700 0.047800 0.165700 0.026000 0.015600 0.111900 0.058600 0.037300 0.182900 0.015600 0.021000 0.059000 0.031300 0.059900 0.036900 0.031500 0.042500 0.010400 0.042500 0.020800 0.005200 0.211000 0.093400 0.015700 0.026100 0.047600 0.047500 0.042300 0.047600 0.201700 0.037000 0.053900 0.042500 0.015500 0.031700 0.000000 0.020600 0.052600 0.099600 0.180200 0.037000 0.203800 0.075900 0.037200 0.048000 0.053100 0.026400 0.042700 0.026500 0.037100 0.059000
BohorReedb 0.025900 0.204700 0.069000 0.176200 0.015300 0.036500 0.122400 0.058000 0.058500 0.206200 0.036500 0.042000 0.080400 0.041600 0.081700 0.036500 0.052600 0.063800 0.031200 0.063700 0.020600 0.025900 0.235500 0.115300 0.036600 0.025800 0.068800 0.068600 0.041900 0.068800 0.225200 0.047300 0.075500 0.063800 0.036100 0.052600 0.020600 0.000000 0.052100 0.121800 0.203800 0.036600 0.227300 0.097500 0.058200 0.058400 0.052500 0.047600 0.064000 0.047700 0.058200 0.080400
KirksDik 0.058000 0.219100 0.080300 0.177500 0.036400 0.069100 0.129300 0.074600 0.058700 0.208000 0.058200 0.063900 0.081000 0.063600 0.093100 0.047400 0.063700 0.075100 0.052700 0.074900 0.031200 0.047300 0.237500 0.116100 0.058300 0.036400 0.069300 0.079800 0.052800 0.091200 0.220800 0.063800 0.081700 0.075200 0.057800 0.075300 0.052600 0.052100 0.000000 0.122700 0.205600 0.036800 0.229400 0.098200 0.070000 0.064100 0.052700 0.058900 0.070000 0.059000 0.069400 0.081200
RoeDeer 0.105900 0.217800 0.154900 0.221400 0.105100 0.117900 0.176100 0.148200 0.119500 0.148600 0.106100 0.112600 0.089200 0.110800 0.133400 0.106200 0.112100 0.124800 0.100200 0.137000 0.099600 0.094200 0.181900 0.060300 0.106400 0.105500 0.088200 0.141600 0.112200 0.154300 0.167500 0.111700 0.101100 0.095000 0.099300 0.124700 0.099600 0.121800 0.122700 0.000000 0.151600 0.094600 0.155900 0.032300 0.119200 0.125000 0.123400 0.107200 0.113100 0.094900 0.130800 0.143200
WhiteLippe 0.187500 0.301400 0.215000 0.291500 0.185800 0.201400 0.286200 0.222000 0.190000 0.121900 0.181400 0.195900 0.162400 0.206700 0.214100 0.194800 0.194900 0.209700 0.180900 0.209100 0.179900 0.174400 0.023800 0.150500 0.188600 0.186700 0.160500 0.220400 0.201600 0.227700 0.154200 0.208900 0.190800 0.169100 0.179400 0.209600 0.180200 0.203800 0.205600 0.151600 0.000000 0.188400 0.129200 0.143400 0.203800 0.210100 0.207300 0.176000 0.204000 0.190300 0.202200 0.209300
ThomsonGaz 0.042500 0.202300 0.087300 0.160800 0.020900 0.053500 0.112600 0.059000 0.054100 0.191100 0.042600 0.048300 0.065000 0.047800 0.077600 0.021100 0.048100 0.059400 0.037100 0.070600 0.015700 0.031700 0.219900 0.100000 0.042700 0.010400 0.053500 0.075500 0.026400 0.087000 0.223600 0.048200 0.065600 0.059400 0.042200 0.059400 0.037000 0.036600 0.036800 0.094600 0.188400 0.000000 0.212400 0.082200 0.054000 0.048400 0.048000 0.043000 0.054100 0.043000 0.065000 0.076300
MuntiacusC 0.198200 0.319400 0.246400 0.348500 0.209400 0.211900 0.303600 0.246300 0.221400 0.017200 0.198700 0.220100 0.186200 0.223500 0.232000 0.225900 0.211800 0.226700 0.205100 0.240600 0.203500 0.198100 0.159100 0.175000 0.199200 0.210400 0.183900 0.244400 0.232800 0.259400 0.052300 0.225800 0.200700 0.192900 0.202900 0.233800 0.203800 0.227300 0.229400 0.155900 0.129200 0.212400 0.000000 0.154400 0.228100 0.234400 0.224000 0.207400 0.214500 0.200500 0.233600 0.248000
WhiteTaile 0.081800 0.210300 0.129000 0.192900 0.081200 0.093400 0.162500 0.122600 0.094600 0.134500 0.082000 0.088200 0.071100 0.098700 0.107700 0.093600 0.087800 0.099900 0.076300 0.111600 0.075800 0.070500 0.173000 0.026700 0.082200 0.081600 0.070300 0.116400 0.099400 0.128600 0.165900 0.099500 0.094700 0.076800 0.075600 0.099800 0.075900 0.097500 0.098200 0.032300 0.143400 0.082200 0.154400 0.000000 0.094300 0.100000 0.098800 0.082800 0.094400 0.082900 0.105700 0.117600
Cattle 0.042800 0.197100 0.076500 0.187500 0.053200 0.053800 0.131500 0.087700 0.043400 0.206200 0.042900 0.026700 0.076800 0.059100 0.078100 0.065100 0.048400 0.059800 0.037400 0.059800 0.048000 0.031900 0.236400 0.112500 0.043000 0.053600 0.064900 0.064800 0.070800 0.076200 0.239300 0.059600 0.071800 0.059800 0.042400 0.016000 0.037200 0.058200 0.070000 0.119200 0.203800 0.054000 0.228100 0.094300 0.000000 0.071100 0.081900 0.043300 0.054500 0.048900 0.054200 0.065500
RoyalAntel 0.053500 0.222800 0.087500 0.180500 0.042400 0.065100 0.119000 0.082300 0.071100 0.212400 0.053600 0.048400 0.082300 0.059000 0.089200 0.053700 0.064700 0.076300 0.048100 0.082100 0.037100 0.042700 0.229000 0.118300 0.054000 0.042500 0.070400 0.087000 0.059300 0.098600 0.245900 0.059200 0.083100 0.076400 0.053300 0.070900 0.048000 0.058400 0.064100 0.125000 0.210100 0.048400 0.234400 0.100000 0.071100 0.000000 0.070200 0.059700 0.048600 0.048700 0.076400 0.093500
Steenbok 0.058500 0.215000 0.103900 0.192000 0.036700 0.058700 0.130500 0.064100 0.081800 0.209600 0.058700 0.064500 0.081700 0.053400 0.094400 0.047800 0.064200 0.075900 0.053200 0.087100 0.031500 0.047700 0.239600 0.105100 0.058800 0.036700 0.069900 0.091900 0.053300 0.103600 0.229100 0.070000 0.070600 0.087100 0.052900 0.075900 0.053100 0.052500 0.052700 0.123400 0.207300 0.048000 0.224000 0.098800 0.081900 0.070200 0.000000 0.070400 0.076300 0.054000 0.081400 0.104400
Impala 0.031800 0.190800 0.076200 0.174800 0.042500 0.042700 0.125700 0.064700 0.043600 0.186100 0.031900 0.037500 0.065500 0.047900 0.060600 0.053800 0.037300 0.048500 0.026500 0.059500 0.037200 0.021300 0.207200 0.100800 0.032000 0.042500 0.053900 0.064600 0.059400 0.076000 0.218600 0.048300 0.060400 0.048500 0.031700 0.048600 0.026400 0.047600 0.058900 0.107200 0.176000 0.043000 0.207400 0.082800 0.043300 0.059700 0.070400 0.000000 0.054500 0.037800 0.054000 0.065300
Klipspring 0.048300 0.203700 0.093800 0.187600 0.048000 0.059500 0.125300 0.087800 0.065900 0.193000 0.048400 0.054200 0.076900 0.059100 0.072400 0.059600 0.059600 0.071200 0.042900 0.076900 0.042700 0.037400 0.236700 0.112700 0.048600 0.048200 0.065000 0.081800 0.065200 0.093500 0.225800 0.059500 0.071800 0.071200 0.048000 0.054300 0.042700 0.064000 0.070000 0.113100 0.204000 0.054100 0.214500 0.094400 0.054500 0.048600 0.076300 0.054500 0.000000 0.037700 0.071200 0.088400
ForestMusk 0.032000 0.171300 0.076600 0.174900 0.037100 0.032000 0.106900 0.065000 0.049000 0.179400 0.032100 0.037700 0.054300 0.026400 0.061000 0.048500 0.043000 0.054300 0.026600 0.060000 0.031800 0.021200 0.222300 0.100800 0.032100 0.037300 0.042900 0.065000 0.054100 0.076400 0.211700 0.037300 0.032300 0.054300 0.031800 0.048700 0.026500 0.047700 0.059000 0.094900 0.190300 0.043000 0.200500 0.082900 0.048900 0.048700 0.054000 0.037800 0.037700 0.000000 0.054300 0.065700
Bushbuck 0.042500 0.196400 0.031500 0.199800 0.053200 0.053500 0.143700 0.087100 0.010700 0.211700 0.042600 0.037500 0.088000 0.058700 0.089100 0.064700 0.059000 0.070600 0.037100 0.015900 0.047900 0.031700 0.234500 0.124100 0.042700 0.053300 0.076000 0.020800 0.070300 0.031400 0.244900 0.064800 0.083000 0.070400 0.042300 0.048500 0.037100 0.058200 0.069400 0.130800 0.202200 0.065000 0.233600 0.105700 0.054200 0.076400 0.081400 0.054000 0.071200 0.054300 0.000000 0.031700
GreaterKud 0.064500 0.189800 0.053100 0.193500 0.075400 0.075800 0.162700 0.110300 0.021300 0.225600 0.053500 0.059400 0.099700 0.081300 0.101000 0.087300 0.070000 0.082000 0.059100 0.026300 0.070100 0.053500 0.234800 0.130300 0.064600 0.075500 0.087400 0.042000 0.093100 0.031400 0.259200 0.081700 0.094800 0.082000 0.064300 0.070900 0.059000 0.080400 0.081200 0.143200 0.209300 0.076300 0.248000 0.117600 0.065500 0.093500 0.104400 0.065300 0.088400 0.065700 0.031700 0.000000
