1
52 1
Argali 0.000000 0.245600 0.057100 0.186500 0.056600 0.007900 0.032100 0.040100 0.057100 0.083200 0.007600 0.049200 0.015800 0.039900 0.056600 0.032100 0.065700 0.066400 0.040100 0.057100 0.040500 0.032100 0.057500 0.048600 0.007900 0.032000 0.015200 0.065500 0.032100 0.040500 0.074800 0.040200 0.032100 0.015800 0.056400 0.048700 0.015200 0.031900 0.039800 0.048700 0.057800 0.032000 0.074800 0.065300 0.048800 0.056700 0.031900 0.064800 0.040400 0.074600 0.048700 0.048700
LesserMous 0.245600 0.000000 0.264500 0.245300 0.286600 0.244800 0.254600 0.263800 0.264500 0.287600 0.244800 0.256900 0.233700 0.262500 0.240800 0.267400 0.254700 0.257300 0.243200 0.264500 0.266500 0.256000 0.255400 0.232800 0.244800 0.233100 0.233700 0.275100 0.255000 0.243700 0.277600 0.244000 0.255800 0.233700 0.284400 0.253700 0.233700 0.253700 0.273600 0.243900 0.257000 0.233500 0.277600 0.243400 0.254400 0.285600 0.253400 0.275300 0.245300 0.222200 0.253700 0.253700
LesserKudu 0.057100 0.264500 0.000000 0.194500 0.082100 0.048500 0.056700 0.064900 0.000000 0.082300 0.048500 0.040400 0.040100 0.072600 0.064100 0.074200 0.073300 0.074300 0.064800 0.000000 0.065400 0.056900 0.065400 0.056400 0.048500 0.056600 0.040100 0.007800 0.056800 0.015700 0.074000 0.065000 0.056900 0.040100 0.081500 0.039900 0.040100 0.056600 0.081800 0.056700 0.065700 0.056600 0.074000 0.073400 0.039900 0.081900 0.056500 0.090500 0.065400 0.082400 0.007600 0.007500
KillerWhal 0.186500 0.245300 0.194500 0.000000 0.225300 0.185900 0.195100 0.184800 0.194500 0.226700 0.185900 0.207400 0.175600 0.202800 0.183200 0.187100 0.225800 0.228200 0.204300 0.194500 0.186400 0.196200 0.196500 0.194700 0.185900 0.175100 0.175600 0.204200 0.176300 0.195100 0.217200 0.204900 0.196300 0.175600 0.223800 0.204800 0.175600 0.194600 0.194000 0.195800 0.186000 0.175500 0.217200 0.215200 0.205500 0.224600 0.174800 0.235400 0.205700 0.194700 0.204700 0.204700
DefassaWat 0.056600 0.286600 0.082100 0.225300 0.000000 0.048100 0.056500 0.048000 0.082100 0.108800 0.048100 0.074300 0.039800 0.064200 0.064500 0.073900 0.090900 0.091800 0.048000 0.082100 0.065200 0.056500 0.082700 0.073400 0.048100 0.056300 0.039800 0.090700 0.056600 0.065200 0.100300 0.064800 0.040000 0.039800 0.081200 0.073500 0.037300 0.023700 0.064600 0.073500 0.083100 0.056400 0.100300 0.090400 0.073700 0.064700 0.056200 0.056100 0.065100 0.100100 0.073500 0.073500
Sheep 0.007900 0.244800 0.048500 0.185900 0.048100 0.000000 0.023900 0.031800 0.048500 0.074200 0.000000 0.040600 0.007800 0.031600 0.048100 0.040400 0.057000 0.057500 0.031800 0.048500 0.032100 0.023900 0.048800 0.040200 0.000000 0.023800 0.007800 0.056800 0.023900 0.032100 0.065800 0.031900 0.023800 0.007800 0.048000 0.040200 0.007800 0.023700 0.048100 0.040200 0.049100 0.023800 0.065800 0.056600 0.040300 0.048200 0.023800 0.056200 0.032000 0.065700 0.040200 0.040200
MaxwellsDu 0.032100 0.254600 0.056700 0.195100 0.056500 0.023900 0.000000 0.023700 0.056700 0.082600 0.023900 0.048900 0.015800 0.007800 0.056300 0.048600 0.065300 0.065900 0.039800 0.056700 0.040200 0.032000 0.057100 0.048300 0.023900 0.031800 0.015800 0.065200 0.031900 0.040200 0.074300 0.007800 0.032000 0.015800 0.056100 0.048400 0.015800 0.031800 0.039900 0.048600 0.057500 0.031800 0.074300 0.065200 0.048500 0.040000 0.031800 0.048100 0.023900 0.057200 0.048400 0.048400
GazellaPrz 0.040100 0.263800 0.064900 0.184800 0.048000 0.031800 0.023700 0.000000 0.064900 0.091000 0.031800 0.057100 0.023700 0.031500 0.064300 0.040200 0.073500 0.074200 0.047800 0.064900 0.031900 0.040000 0.065400 0.056400 0.031800 0.023700 0.023700 0.073300 0.022700 0.048300 0.082600 0.031700 0.040000 0.023700 0.064200 0.056500 0.023700 0.023700 0.031700 0.056700 0.065700 0.023700 0.082600 0.073400 0.056600 0.064500 0.023600 0.039800 0.048200 0.082400 0.056500 0.056500
MountainNy 0.057100 0.264500 0.000000 0.194500 0.082100 0.048500 0.056700 0.064900 0.000000 0.082300 0.048500 0.040400 0.040100 0.072600 0.064100 0.074200 0.073300 0.074300 0.064800 0.000000 0.065400 0.056900 0.065400 0.056400 0.048500 0.056600 0.040100 0.007800 0.056800 0.015100 0.074000 0.065000 0.056900 0.040100 0.081500 0.039900 0.040100 0.056600 0.081800 0.056700 0.065700 0.056600 0.074000 0.073400 0.039900 0.081900 0.056500 0.090500 0.065400 0.082400 0.007600 0.007600
MuntiacusM 0.083200 0.287600 0.082300 0.226700 0.108800 0.074200 0.082600 0.091000 0.082300 0.000000 0.074200 0.083300 0.065500 0.090400 0.090200 0.101100 0.100100 0.101100 0.090900 0.082300 0.091900 0.083000 0.040400 0.048400 0.074200 0.082500 0.065500 0.091000 0.082800 0.073900 0.007900 0.091200 0.083000 0.065500 0.108200 0.082400 0.065500 0.082400 0.108600 0.032100 0.049100 0.082600 0.007900 0.065200 0.082600 0.108500 0.082300 0.108600 0.091700 0.109400 0.082300 0.082300
goat 0.007600 0.244800 0.048500 0.185900 0.048100 0.000000 0.023900 0.031800 0.048500 0.074200 0.000000 0.040600 0.007800 0.031600 0.048100 0.040400 0.057000 0.057500 0.031800 0.048500 0.032100 0.023900 0.048800 0.040200 0.000000 0.023800 0.007800 0.056800 0.023900 0.032100 0.065800 0.031900 0.023800 0.007800 0.048000 0.040200 0.007600 0.023700 0.048100 0.040200 0.049100 0.023800 0.065800 0.056600 0.040300 0.048200 0.023800 0.056200 0.032000 0.065700 0.040200 0.040200
AfricanBuf 0.049200 0.256900 0.040400 0.207400 0.074300 0.040600 0.048900 0.057100 0.040400 0.083300 0.040600 0.000000 0.032300 0.064800 0.056600 0.057800 0.048800 0.049300 0.057000 0.040400 0.057600 0.049100 0.057600 0.048700 0.040600 0.048800 0.032300 0.048700 0.049000 0.024100 0.074900 0.057300 0.049100 0.032300 0.073800 0.015900 0.032300 0.048800 0.074100 0.048900 0.057900 0.048900 0.074900 0.065700 0.016000 0.074100 0.048700 0.082700 0.057500 0.074700 0.032200 0.032200
Topi 0.015800 0.233700 0.040100 0.175600 0.039800 0.007800 0.015800 0.023700 0.040100 0.065500 0.007800 0.032300 0.000000 0.023500 0.039800 0.032100 0.048500 0.049000 0.023700 0.040100 0.023900 0.015800 0.040400 0.031900 0.007500 0.015800 0.000000 0.048400 0.015800 0.023900 0.057200 0.023800 0.015200 0.000000 0.039700 0.032000 0.000000 0.015700 0.039800 0.032000 0.040700 0.015800 0.057200 0.044400 0.032000 0.039900 0.015700 0.047900 0.023900 0.057100 0.031900 0.031900
CommonDuik 0.039900 0.262500 0.072600 0.202800 0.064200 0.031600 0.007800 0.031500 0.072600 0.090400 0.031600 0.064800 0.023500 0.000000 0.071900 0.056400 0.081300 0.082000 0.047500 0.072600 0.048000 0.039800 0.064900 0.056100 0.031600 0.039500 0.023500 0.080900 0.039700 0.055900 0.082000 0.015600 0.039700 0.023500 0.063800 0.064200 0.023500 0.039500 0.047600 0.056300 0.065300 0.039600 0.082000 0.072900 0.064300 0.054300 0.047100 0.055800 0.031700 0.064900 0.064200 0.064200
Suni 0.056600 0.240800 0.064100 0.183200 0.064500 0.048100 0.056300 0.064300 0.064100 0.090200 0.048100 0.056600 0.039800 0.071900 0.000000 0.073500 0.072600 0.073600 0.047800 0.064100 0.064900 0.056500 0.064800 0.056000 0.048100 0.056100 0.039800 0.072700 0.056300 0.047700 0.081800 0.064500 0.056400 0.039800 0.064200 0.055800 0.039800 0.056100 0.064300 0.056200 0.065100 0.056200 0.081800 0.072700 0.055900 0.064400 0.056000 0.072800 0.064800 0.064800 0.051900 0.055800
Springbuck 0.032100 0.267400 0.074200 0.187100 0.073900 0.040400 0.048600 0.040200 0.074200 0.101100 0.040400 0.057800 0.032100 0.056400 0.073500 0.000000 0.074400 0.075100 0.056700 0.074200 0.040600 0.048800 0.074900 0.065600 0.040400 0.032000 0.032100 0.082900 0.016000 0.057300 0.092600 0.056900 0.048800 0.032100 0.073400 0.057200 0.032100 0.048500 0.039900 0.066000 0.075300 0.032000 0.092600 0.083000 0.057300 0.073700 0.032000 0.082300 0.057200 0.092200 0.065700 0.065700
Okapi 0.065700 0.254700 0.073300 0.225800 0.090900 0.057000 0.065300 0.073500 0.073300 0.100100 0.057000 0.048800 0.048500 0.081300 0.072600 0.074400 0.000000 0.032300 0.056500 0.073300 0.074200 0.065500 0.074100 0.065000 0.057000 0.048400 0.048500 0.082100 0.065400 0.056600 0.091600 0.073700 0.065500 0.048500 0.090300 0.048100 0.048500 0.065100 0.090600 0.065300 0.074500 0.065200 0.091600 0.082100 0.048300 0.090700 0.065000 0.099400 0.057100 0.091300 0.064800 0.064800
Giraffe 0.066400 0.257300 0.074300 0.228200 0.091800 0.057500 0.065900 0.074200 0.074300 0.101100 0.057500 0.049300 0.049000 0.082000 0.073600 0.075100 0.032300 0.000000 0.074200 0.074300 0.074900 0.066200 0.074900 0.065700 0.057500 0.048900 0.049000 0.082900 0.066100 0.057300 0.092600 0.074400 0.066200 0.049000 0.091200 0.048800 0.049000 0.065700 0.091600 0.066000 0.075300 0.065900 0.092600 0.083000 0.048900 0.091600 0.065700 0.100400 0.057700 0.092300 0.065700 0.065700
TibetanAnt 0.040100 0.243200 0.064800 0.204300 0.048000 0.031800 0.039800 0.047800 0.064800 0.090900 0.031800 0.057000 0.023700 0.047500 0.047800 0.056700 0.056500 0.074200 0.000000 0.064800 0.048200 0.040000 0.065300 0.056400 0.031800 0.039700 0.023700 0.073200 0.039900 0.048200 0.082500 0.031700 0.039900 0.023700 0.064100 0.056400 0.023700 0.039700 0.047900 0.056600 0.065700 0.039800 0.082500 0.073300 0.056600 0.047900 0.039700 0.039800 0.048200 0.082300 0.056400 0.056400
Sitatunga 0.057100 0.264500 0.000000 0.194500 0.082100 0.048500 0.056700 0.064900 0.000000 0.082300 0.048500 0.040400 0.040100 0.072600 0.064100 0.074200 0.073300 0.074300 0.064800 0.000000 0.065400 0.056900 0.065400 0.056400 0.048500 0.056600 0.040100 0.007800 0.056800 0.015700 0.074000 0.065000 0.056900 0.040100 0.081500 0.039900 0.040100 0.056600 0.081800 0.056700 0.065700 0.056600 0.074000 0.073400 0.039900 0.081900 0.056500 0.090500 0.065400 0.082400 0.007600 0.007800
Oribi 0.040500 0.266500 0.065400 0.186400 0.065200 0.032100 0.040200 0.031900 0.065400 0.091900 0.032100 0.057600 0.023900 0.048000 0.064900 0.040600 0.074200 0.074900 0.048200 0.065400 0.000000 0.040400 0.066000 0.057000 0.032100 0.023900 0.023900 0.074000 0.024000 0.048700 0.083400 0.048400 0.040400 0.023900 0.064700 0.057000 0.023900 0.040100 0.048300 0.057200 0.066400 0.023900 0.083400 0.074000 0.057100 0.065000 0.023800 0.073500 0.048700 0.083200 0.057000 0.057000
BarbaryShe 0.032100 0.256000 0.056900 0.196200 0.056500 0.023900 0.032000 0.040000 0.056900 0.083000 0.023900 0.049100 0.015800 0.039800 0.056500 0.048800 0.065500 0.066200 0.040000 0.056900 0.040400 0.000000 0.057400 0.048500 0.023900 0.031900 0.015800 0.065400 0.032000 0.040400 0.074500 0.040100 0.032000 0.015800 0.056300 0.048600 0.015800 0.031800 0.056500 0.048600 0.057700 0.032000 0.074500 0.065200 0.048700 0.056600 0.031900 0.064700 0.040300 0.074400 0.048600 0.048600
Daviddeer 0.057500 0.255400 0.065400 0.196500 0.082700 0.048800 0.057100 0.065400 0.065400 0.040400 0.048800 0.057600 0.040400 0.064900 0.064800 0.074900 0.074100 0.074900 0.065300 0.065400 0.066000 0.057400 0.000000 0.023900 0.048800 0.057000 0.040400 0.073900 0.057300 0.048700 0.032300 0.065500 0.057400 0.040400 0.082200 0.057000 0.040400 0.057000 0.082500 0.007900 0.007900 0.057100 0.032300 0.040300 0.057100 0.082500 0.056900 0.082500 0.065800 0.083100 0.056900 0.056900
Reindeer 0.048600 0.232800 0.056400 0.194700 0.073400 0.040200 0.048300 0.056400 0.056400 0.048400 0.040200 0.048700 0.031900 0.056100 0.056000 0.065600 0.065000 0.065700 0.056400 0.056400 0.057000 0.048500 0.023900 0.000000 0.040200 0.048200 0.031900 0.064800 0.048400 0.040000 0.040300 0.056600 0.048500 0.031900 0.073000 0.048200 0.031900 0.048200 0.073300 0.015800 0.032200 0.031900 0.040300 0.015800 0.048300 0.073200 0.048200 0.073200 0.056800 0.073800 0.048100 0.048100
Ibex 0.007900 0.244800 0.048500 0.185900 0.048100 0.000000 0.023900 0.031800 0.048500 0.074200 0.000000 0.040600 0.007500 0.031600 0.048100 0.040400 0.057000 0.057500 0.031800 0.048500 0.032100 0.023900 0.048800 0.040200 0.000000 0.023800 0.007600 0.056800 0.023900 0.032100 0.065800 0.031900 0.023800 0.007800 0.048000 0.040200 0.007500 0.023700 0.048100 0.040200 0.049100 0.023800 0.065800 0.056600 0.040300 0.048200 0.023800 0.056200 0.032000 0.065700 0.040200 0.040200
GyrantGaze 0.032000 0.233100 0.056600 0.175100 0.056300 0.023800 0.031800 0.023700 0.056600 0.082500 0.023800 0.048800 0.015800 0.039500 0.056100 0.032000 0.048400 0.048900 0.039700 0.056600 0.023900 0.031900 0.057000 0.048200 0.023800 0.000000 0.015800 0.064900 0.015800 0.040100 0.074100 0.039900 0.031900 0.015800 0.055900 0.048300 0.015800 0.031700 0.039800 0.048500 0.057400 0.015700 0.074100 0.065000 0.048400 0.056200 0.015700 0.064500 0.023800 0.073900 0.048300 0.048300
Hartebeest 0.015200 0.233700 0.040100 0.175600 0.039800 0.007800 0.015800 0.023700 0.040100 0.065500 0.007800 0.032300 0.000000 0.023500 0.039800 0.032100 0.048500 0.049000 0.023700 0.040100 0.023900 0.015800 0.040400 0.031900 0.007600 0.015800 0.000000 0.048400 0.015800 0.023900 0.057200 0.023800 0.015800 0.000000 0.039700 0.032000 0.000000 0.015000 0.039800 0.032000 0.040700 0.015800 0.057200 0.048200 0.032000 0.039900 0.015700 0.044000 0.023900 0.057100 0.031900 0.031900
Bongo 0.065500 0.275100 0.007800 0.204200 0.090700 0.056800 0.065200 0.073300 0.007800 0.091000 0.056800 0.048700 0.048400 0.080900 0.072700 0.082900 0.082100 0.082900 0.073200 0.007800 0.074000 0.065400 0.073900 0.064800 0.056800 0.064900 0.048400 0.000000 0.065200 0.023800 0.082600 0.073500 0.065300 0.048400 0.090100 0.048200 0.048400 0.064900 0.090400 0.065100 0.074300 0.065000 0.082600 0.081900 0.048300 0.090500 0.064900 0.099100 0.073900 0.091100 0.015800 0.015800
Gerenuk 0.032100 0.255000 0.056800 0.176300 0.056600 0.023900 0.031900 0.022700 0.056800 0.082800 0.023900 0.049000 0.015800 0.039700 0.056300 0.016000 0.065400 0.066100 0.039900 0.056800 0.024000 0.032000 0.057300 0.048400 0.023900 0.015800 0.015800 0.065200 0.000000 0.040300 0.074500 0.040000 0.032000 0.015800 0.056200 0.048500 0.015800 0.031800 0.040000 0.048700 0.057600 0.015800 0.074500 0.065300 0.048600 0.056400 0.015800 0.064800 0.040200 0.074200 0.048500 0.048500
CommonElan 0.040500 0.243700 0.015700 0.195100 0.065200 0.032100 0.040200 0.048300 0.015100 0.073900 0.032100 0.024100 0.023900 0.055900 0.047700 0.057300 0.056600 0.057300 0.048200 0.015700 0.048700 0.040400 0.048700 0.040000 0.032100 0.040100 0.023900 0.023800 0.040300 0.000000 0.065600 0.048400 0.040300 0.023900 0.064700 0.023700 0.023900 0.040100 0.064900 0.040200 0.048900 0.040200 0.065600 0.056600 0.022700 0.065000 0.040100 0.073400 0.048700 0.065400 0.007600 0.007600
MuntiacusR 0.074800 0.277600 0.074000 0.217200 0.100300 0.065800 0.074300 0.082600 0.074000 0.007900 0.065800 0.074900 0.057200 0.082000 0.081800 0.092600 0.091600 0.092600 0.082500 0.074000 0.083400 0.074500 0.032300 0.040300 0.065800 0.074100 0.057200 0.082600 0.074500 0.065600 0.000000 0.082800 0.074600 0.057200 0.099700 0.074000 0.057200 0.074000 0.100100 0.024000 0.040900 0.074300 0.000000 0.057000 0.074200 0.100000 0.074000 0.100100 0.083200 0.100800 0.074000 0.074000
HarveysDui 0.040200 0.244000 0.065000 0.204900 0.064800 0.031900 0.007800 0.031700 0.065000 0.091200 0.031900 0.057300 0.023800 0.015600 0.064500 0.056900 0.073700 0.074400 0.031700 0.065000 0.048400 0.040100 0.065500 0.056600 0.031900 0.039900 0.023800 0.073500 0.040000 0.048400 0.082800 0.000000 0.040100 0.023800 0.064300 0.056600 0.023800 0.039900 0.048000 0.056800 0.065900 0.039900 0.082800 0.073600 0.056800 0.048100 0.039800 0.039900 0.032000 0.065500 0.056600 0.056600
Pronghorn 0.032100 0.255800 0.056900 0.196300 0.040000 0.023800 0.032000 0.040000 0.056900 0.083000 0.023800 0.049100 0.015200 0.039700 0.056400 0.048800 0.065500 0.066200 0.039900 0.056900 0.040400 0.032000 0.057400 0.048500 0.023800 0.031900 0.015800 0.065300 0.032000 0.040300 0.074600 0.040100 0.000000 0.015200 0.056300 0.048500 0.015800 0.031800 0.056500 0.048600 0.057700 0.031900 0.074600 0.065200 0.048700 0.048200 0.031800 0.059200 0.040300 0.074400 0.048500 0.048500
BlueWildeb 0.015800 0.233700 0.040100 0.175600 0.039800 0.007800 0.015800 0.023700 0.040100 0.065500 0.007800 0.032300 0.000000 0.023500 0.039800 0.032100 0.048500 0.049000 0.023700 0.040100 0.023900 0.015800 0.040400 0.031900 0.007800 0.015800 0.000000 0.048400 0.015800 0.023900 0.057200 0.023800 0.015200 0.000000 0.039700 0.032000 0.000000 0.015700 0.039800 0.032000 0.040700 0.015800 0.057200 0.048200 0.032000 0.039900 0.015700 0.047900 0.023900 0.057100 0.031900 0.031900
Gemsbok 0.056400 0.284400 0.081500 0.223800 0.081200 0.048000 0.056100 0.064200 0.081500 0.108200 0.048000 0.073800 0.039700 0.063800 0.064200 0.073400 0.090300 0.091200 0.064100 0.081500 0.064700 0.056300 0.082200 0.073000 0.048000 0.055900 0.039700 0.090100 0.056200 0.064700 0.099700 0.064300 0.056300 0.039700 0.000000 0.073000 0.039700 0.056000 0.080900 0.073300 0.082600 0.056000 0.099700 0.090200 0.073200 0.081000 0.055900 0.072600 0.064600 0.099300 0.073000 0.073000
Yak 0.048700 0.253700 0.039900 0.204800 0.073500 0.040200 0.048400 0.056500 0.039900 0.082400 0.040200 0.015900 0.032000 0.064200 0.055800 0.057200 0.048100 0.048800 0.056400 0.039900 0.057000 0.048600 0.057000 0.048200 0.040200 0.048300 0.032000 0.048200 0.048500 0.023700 0.074000 0.056600 0.048500 0.032000 0.073000 0.000000 0.032000 0.048300 0.073300 0.048400 0.057300 0.048300 0.074000 0.064900 0.015800 0.073400 0.048200 0.081800 0.056900 0.073800 0.031700 0.031700
BlueSheep 0.015200 0.233700 0.040100 0.175600 0.037300 0.007800 0.015800 0.023700 0.040100 0.065500 0.007600 0.032300 0.000000 0.023500 0.039800 0.032100 0.048500 0.049000 0.023700 0.040100 0.023900 0.015800 0.040400 0.031900 0.007500 0.015800 0.000000 0.048400 0.015800 0.023900 0.057200 0.023800 0.015800 0.000000 0.039700 0.032000 0.000000 0.015700 0.039800 0.032000 0.040700 0.015800 0.057200 0.048200 0.032000 0.039900 0.015700 0.047900 0.023900 0.057100 0.031900 0.031900
BohorReedb 0.031900 0.253700 0.056600 0.194600 0.023700 0.023700 0.031800 0.023700 0.056600 0.082400 0.023700 0.048800 0.015700 0.039500 0.056100 0.048500 0.065100 0.065700 0.039700 0.056600 0.040100 0.031800 0.057000 0.048200 0.023700 0.031700 0.015000 0.064900 0.031800 0.040100 0.074000 0.039900 0.031800 0.015700 0.056000 0.048300 0.015700 0.000000 0.056100 0.044200 0.057300 0.031700 0.074000 0.064700 0.048300 0.056200 0.031700 0.047800 0.040100 0.073900 0.048300 0.048300
KirksDik 0.039800 0.273600 0.081800 0.194000 0.064600 0.048100 0.039900 0.031700 0.081800 0.108600 0.048100 0.074100 0.039800 0.047600 0.064300 0.039900 0.090600 0.091600 0.047900 0.081800 0.048300 0.056500 0.082500 0.073300 0.048100 0.039800 0.039800 0.090400 0.040000 0.064900 0.100100 0.048000 0.056500 0.039800 0.080900 0.073300 0.039800 0.056100 0.000000 0.073600 0.083000 0.039900 0.100100 0.090500 0.073500 0.064400 0.039700 0.056200 0.064900 0.099700 0.073300 0.073300
RoeDeer 0.048700 0.243900 0.056700 0.195800 0.073500 0.040200 0.048600 0.056700 0.056700 0.032100 0.040200 0.048900 0.032000 0.056300 0.056200 0.066000 0.065300 0.066000 0.056600 0.056700 0.057200 0.048600 0.007900 0.015800 0.040200 0.048500 0.032000 0.065100 0.048700 0.040200 0.024000 0.056800 0.048600 0.032000 0.073300 0.048400 0.032000 0.044200 0.073600 0.000000 0.016000 0.048500 0.024000 0.031800 0.048500 0.073600 0.048400 0.073300 0.057100 0.074100 0.048400 0.048400
WhiteLippe 0.057800 0.257000 0.065700 0.186000 0.083100 0.049100 0.057500 0.065700 0.065700 0.049100 0.049100 0.057900 0.040700 0.065300 0.065100 0.075300 0.074500 0.075300 0.065700 0.065700 0.066400 0.057700 0.007900 0.032200 0.049100 0.057400 0.040700 0.074300 0.057600 0.048900 0.040900 0.065900 0.057700 0.040700 0.082600 0.057300 0.040700 0.057300 0.083000 0.016000 0.000000 0.057500 0.040900 0.048900 0.057400 0.082900 0.057300 0.082900 0.066200 0.083600 0.057200 0.057200
ThomsonGaz 0.032000 0.233500 0.056600 0.175500 0.056400 0.023800 0.031800 0.023700 0.056600 0.082600 0.023800 0.048900 0.015800 0.039600 0.056200 0.032000 0.065200 0.065900 0.039800 0.056600 0.023900 0.032000 0.057100 0.031900 0.023800 0.015700 0.015800 0.065000 0.015800 0.040200 0.074300 0.039900 0.031900 0.015800 0.056000 0.048300 0.015800 0.031700 0.039900 0.048500 0.057500 0.000000 0.074300 0.048400 0.048500 0.056300 0.015700 0.064600 0.040100 0.074000 0.048300 0.048300
MuntiacusC 0.074800 0.277600 0.074000 0.217200 0.100300 0.065800 0.074300 0.082600 0.074000 0.007900 0.065800 0.074900 0.057200 0.082000 0.081800 0.092600 0.091600 0.092600 0.082500 0.074000 0.083400 0.074500 0.032300 0.040300 0.065800 0.074100 0.057200 0.082600 0.074500 0.065600 0.000000 0.082800 0.074600 0.057200 0.099700 0.074000 0.057200 0.074000 0.100100 0.024000 0.040900 0.074300 0.000000 0.057000 0.074200 0.100000 0.074000 0.100100 0.083200 0.100800 0.074000 0.074000
WhiteTaile 0.065300 0.243400 0.073400 0.215200 0.090400 0.056600 0.065200 0.073400 0.073400 0.065200 0.056600 0.065700 0.044400 0.072900 0.072700 0.083000 0.082100 0.083000 0.073300 0.073400 0.074000 0.065200 0.040300 0.015800 0.056600 0.065000 0.048200 0.081900 0.065300 0.056600 0.057000 0.073600 0.065200 0.048200 0.090200 0.064900 0.048200 0.064700 0.090500 0.031800 0.048900 0.048400 0.057000 0.000000 0.065100 0.090500 0.064900 0.090200 0.073900 0.091200 0.064900 0.064900
Cattle 0.048800 0.254400 0.039900 0.205500 0.073700 0.040300 0.048500 0.056600 0.039900 0.082600 0.040300 0.016000 0.032000 0.064300 0.055900 0.057300 0.048300 0.048900 0.056600 0.039900 0.057100 0.048700 0.057100 0.048300 0.040300 0.048400 0.032000 0.048300 0.048600 0.022700 0.074200 0.056800 0.048700 0.032000 0.073200 0.015800 0.032000 0.048300 0.073500 0.048500 0.057400 0.048500 0.074200 0.065100 0.000000 0.073500 0.048300 0.082000 0.057000 0.074000 0.031800 0.031800
RoyalAntel 0.056700 0.285600 0.081900 0.224600 0.064700 0.048200 0.040000 0.064500 0.081900 0.108500 0.048200 0.074100 0.039900 0.054300 0.064400 0.073700 0.090700 0.091600 0.047900 0.081900 0.065000 0.056600 0.082500 0.073200 0.048200 0.056200 0.039900 0.090500 0.056400 0.065000 0.100000 0.048100 0.048200 0.039900 0.081000 0.073400 0.039900 0.056200 0.064400 0.073600 0.082900 0.056300 0.100000 0.090500 0.073500 0.000000 0.056100 0.072900 0.048300 0.082400 0.073400 0.073400
Steenbok 0.031900 0.253400 0.056500 0.174800 0.056200 0.023800 0.031800 0.023600 0.056500 0.082300 0.023800 0.048700 0.015700 0.047100 0.056000 0.032000 0.065000 0.065700 0.039700 0.056500 0.023800 0.031900 0.056900 0.048200 0.023800 0.015700 0.015700 0.064900 0.015800 0.040100 0.074000 0.039800 0.031800 0.015700 0.055900 0.048200 0.015700 0.031700 0.039700 0.048400 0.057300 0.015700 0.074000 0.064900 0.048300 0.056100 0.000000 0.064400 0.040000 0.073800 0.048200 0.048200
Impala 0.064800 0.275300 0.090500 0.235400 0.056100 0.056200 0.048100 0.039800 0.090500 0.108600 0.056200 0.082700 0.047900 0.055800 0.072800 0.082300 0.099400 0.100400 0.039800 0.090500 0.073500 0.064700 0.082500 0.073200 0.056200 0.064500 0.044000 0.099100 0.064800 0.073400 0.100100 0.039900 0.059200 0.047900 0.072600 0.081800 0.047900 0.047800 0.056200 0.073300 0.082900 0.064600 0.100100 0.090200 0.082000 0.072900 0.064400 0.000000 0.073400 0.108600 0.081800 0.081800
Klipspring 0.040400 0.245300 0.065400 0.205700 0.065100 0.032000 0.023900 0.048200 0.065400 0.091700 0.032000 0.057500 0.023900 0.031700 0.064800 0.057200 0.057100 0.057700 0.048200 0.065400 0.048700 0.040300 0.065800 0.056800 0.032000 0.023800 0.023900 0.073900 0.040200 0.048700 0.083200 0.032000 0.040300 0.023900 0.064600 0.056900 0.023900 0.040100 0.064900 0.057100 0.066200 0.040100 0.083200 0.073900 0.057000 0.048300 0.040000 0.073400 0.000000 0.065900 0.056900 0.056900
ForestMusk 0.074600 0.222200 0.082400 0.194700 0.100100 0.065700 0.057200 0.082400 0.082400 0.109400 0.065700 0.074700 0.057100 0.064900 0.064800 0.092200 0.091300 0.092300 0.082300 0.082400 0.083200 0.074400 0.083100 0.073800 0.065700 0.073900 0.057100 0.091100 0.074200 0.065400 0.100800 0.065500 0.074400 0.057100 0.099300 0.073800 0.057100 0.073900 0.099700 0.074100 0.083600 0.074000 0.100800 0.091200 0.074000 0.082400 0.073800 0.108600 0.065900 0.000000 0.073800 0.073800
Bushbuck 0.048700 0.253700 0.007600 0.204700 0.073500 0.040200 0.048400 0.056500 0.007600 0.082300 0.040200 0.032200 0.031900 0.064200 0.051900 0.065700 0.064800 0.065700 0.056400 0.007600 0.057000 0.048600 0.056900 0.048100 0.040200 0.048300 0.031900 0.015800 0.048500 0.007600 0.074000 0.056600 0.048500 0.031900 0.073000 0.031700 0.031900 0.048300 0.073300 0.048400 0.057200 0.048300 0.074000 0.064900 0.031800 0.073400 0.048200 0.081800 0.056900 0.073800 0.000000 0.000000
GreaterKud 0.048700 0.253700 0.007500 0.204700 0.073500 0.040200 0.048400 0.056500 0.007600 0.082300 0.040200 0.032200 0.031900 0.064200 0.055800 0.065700 0.064800 0.065700 0.056400 0.007800 0.057000 0.048600 0.056900 0.048100 0.040200 0.048300 0.031900 0.015800 0.048500 0.007600 0.074000 0.056600 0.048500 0.031900 0.073000 0.031700 0.031900 0.048300 0.073300 0.048400 0.057200 0.048300 0.074000 0.064900 0.031800 0.073400 0.048200 0.081800 0.056900 0.073800 0.000000 0.000000
