1
52 1
Argali 0.000000 0.518800 0.233200 0.575700 0.099300 0.023500 0.165200 0.161300 0.206600 0.247900 0.046300 0.232300 0.074700 0.152100 0.123400 0.125800 0.304800 0.307900 0.047900 0.206600 0.128400 0.046300 0.185600 0.222800 0.046300 0.174600 0.047900 0.206600 0.148500 0.206600 0.247900 0.152100 0.210300 0.047900 0.048200 0.187200 0.046300 0.124100 0.128900 0.216900 0.241800 0.149000 0.247900 0.243700 0.187200 0.098600 0.160400 0.120900 0.148500 0.158900 0.206600 0.206600
LesserMous 0.518800 0.000000 0.609300 0.827500 0.530700 0.562000 0.451800 0.598500 0.571100 0.458500 0.506300 0.464700 0.585500 0.527300 0.525700 0.448300 0.530200 0.536900 0.568300 0.571100 0.456400 0.506300 0.460600 0.517600 0.506300 0.505900 0.525100 0.571100 0.469500 0.571100 0.458500 0.527300 0.334700 0.525100 0.525100 0.591600 0.506300 0.656500 0.542600 0.423300 0.530000 0.471400 0.458500 0.499300 0.591600 0.529300 0.511800 0.546500 0.597800 0.469700 0.571100 0.571100
LesserKudu 0.233200 0.609300 0.000000 0.502600 0.181600 0.206800 0.229000 0.253600 0.023500 0.250400 0.228700 0.234900 0.213700 0.153800 0.180100 0.270500 0.246200 0.284800 0.208600 0.024000 0.275800 0.228700 0.214900 0.255200 0.228700 0.260400 0.179500 0.023800 0.292600 0.023900 0.250400 0.153800 0.274500 0.179500 0.179500 0.218400 0.228700 0.268200 0.216000 0.311600 0.212600 0.233200 0.250400 0.246400 0.218400 0.181600 0.190000 0.122000 0.205600 0.188800 0.023900 0.023500
KillerWhal 0.575700 0.827500 0.502600 0.000000 0.508900 0.540200 0.514900 0.629900 0.550400 0.525900 0.564700 0.533500 0.482000 0.472400 0.460000 0.604500 0.478700 0.483800 0.547500 0.550400 0.509600 0.564700 0.597500 0.575000 0.564700 0.672000 0.505700 0.550400 0.627100 0.550400 0.525900 0.472400 0.468000 0.505700 0.505700 0.566400 0.564700 0.634700 0.571800 0.534000 0.590100 0.630000 0.525900 0.559100 0.566400 0.508300 0.625000 0.493700 0.464500 0.449300 0.550400 0.550400
DefassaWat 0.099300 0.530700 0.181600 0.508900 0.000000 0.074300 0.170000 0.107800 0.155200 0.193300 0.097300 0.180900 0.076900 0.101700 0.074300 0.129100 0.249000 0.251600 0.074800 0.155200 0.131500 0.097300 0.190900 0.167800 0.097300 0.179000 0.049200 0.155200 0.152300 0.155200 0.193300 0.101700 0.215800 0.049700 0.049700 0.134100 0.097300 0.074700 0.077500 0.223100 0.188500 0.152900 0.193300 0.189900 0.134100 0.102200 0.107200 0.072700 0.099100 0.106400 0.155200 0.155200
Sheep 0.023500 0.562000 0.206800 0.540200 0.074300 0.000000 0.197200 0.134000 0.180400 0.219800 0.070900 0.206000 0.049700 0.126400 0.098500 0.154300 0.275700 0.278500 0.023900 0.180400 0.157200 0.070900 0.217000 0.194600 0.070900 0.204000 0.024200 0.180400 0.177100 0.180400 0.219800 0.126400 0.241800 0.023900 0.023900 0.160100 0.070900 0.099000 0.102800 0.249900 0.214400 0.177800 0.219800 0.216000 0.160100 0.073900 0.133200 0.096500 0.123300 0.132100 0.180400 0.180400
MaxwellsDu 0.165200 0.451800 0.229000 0.514900 0.170000 0.197200 0.000000 0.247500 0.229900 0.113400 0.162100 0.194600 0.204900 0.109600 0.197400 0.201400 0.203400 0.205700 0.198800 0.229900 0.205200 0.162100 0.112700 0.148200 0.162100 0.257100 0.167800 0.229900 0.225900 0.229900 0.113400 0.109600 0.169600 0.167800 0.167800 0.177600 0.162100 0.262400 0.207200 0.142700 0.171000 0.227000 0.113400 0.111300 0.177600 0.170000 0.246700 0.133600 0.164300 0.114100 0.229900 0.229900
GazellaPrz 0.161300 0.598500 0.253600 0.629900 0.107800 0.134000 0.247500 0.000000 0.224700 0.270900 0.157900 0.252400 0.138900 0.165200 0.133700 0.133200 0.332700 0.336000 0.135100 0.224700 0.136400 0.157900 0.267300 0.243800 0.157900 0.185500 0.106400 0.224700 0.157800 0.224700 0.270900 0.165200 0.293600 0.106400 0.106400 0.204200 0.157900 0.193700 0.080400 0.304500 0.263900 0.158500 0.270900 0.266000 0.204200 0.166100 0.111300 0.131000 0.161000 0.173100 0.224700 0.224700
MountainNy 0.206600 0.571100 0.023500 0.550400 0.155200 0.180400 0.229900 0.224700 0.000000 0.251700 0.202400 0.236100 0.186500 0.154600 0.153900 0.242300 0.217800 0.254900 0.181900 0.000000 0.247100 0.202400 0.187500 0.226400 0.202400 0.233100 0.153400 0.000000 0.264700 0.000000 0.251700 0.154600 0.246100 0.153400 0.153400 0.190600 0.202400 0.240100 0.188300 0.282300 0.185500 0.206300 0.251700 0.247500 0.190600 0.155300 0.162300 0.122600 0.206500 0.161400 0.000000 0.000000
MuntiacusM 0.247900 0.458500 0.250400 0.525900 0.193300 0.219800 0.113400 0.270900 0.251700 0.000000 0.242100 0.157400 0.228000 0.133400 0.219000 0.287800 0.221100 0.223500 0.221500 0.251700 0.293400 0.242100 0.106500 0.082200 0.242100 0.342000 0.190700 0.251700 0.310500 0.251700 0.000000 0.133400 0.220100 0.190700 0.190700 0.232900 0.242100 0.283900 0.230100 0.135700 0.105200 0.311700 0.000000 0.051600 0.232900 0.193400 0.269300 0.156200 0.186500 0.168700 0.251700 0.251700
goat 0.046300 0.506300 0.228700 0.564700 0.097300 0.070900 0.162100 0.157900 0.202400 0.242100 0.000000 0.227700 0.073200 0.149200 0.121200 0.123400 0.298900 0.301800 0.071400 0.202400 0.125600 0.000000 0.181700 0.217500 0.000000 0.171500 0.047000 0.202400 0.145800 0.202400 0.242100 0.149200 0.205800 0.047700 0.047000 0.183300 0.000000 0.121800 0.126400 0.211900 0.236700 0.146300 0.242100 0.238500 0.183300 0.149600 0.157100 0.118800 0.145900 0.155600 0.202400 0.202400
AfricanBuf 0.232300 0.464700 0.234900 0.533500 0.180900 0.206000 0.194600 0.252400 0.236100 0.157400 0.227700 0.000000 0.212800 0.072600 0.205500 0.269300 0.336300 0.339600 0.207700 0.236100 0.272700 0.227700 0.275700 0.254300 0.227700 0.320800 0.178800 0.236100 0.291300 0.236100 0.157400 0.072600 0.236900 0.178800 0.178800 0.159000 0.227700 0.266100 0.215100 0.244600 0.272700 0.292600 0.157400 0.213400 0.159000 0.181100 0.250800 0.147100 0.175500 0.188000 0.236100 0.236100
Topi 0.074700 0.585500 0.213700 0.482000 0.076900 0.049700 0.204900 0.138900 0.186500 0.228000 0.073200 0.212800 0.000000 0.130800 0.101800 0.159700 0.286200 0.289300 0.050000 0.186500 0.162600 0.073200 0.225200 0.202000 0.073200 0.210900 0.025000 0.186500 0.183000 0.186500 0.228000 0.130800 0.250500 0.024900 0.024900 0.165900 0.073200 0.102300 0.106500 0.259200 0.222200 0.183700 0.228000 0.224000 0.165900 0.131400 0.138200 0.099700 0.127500 0.137000 0.186500 0.186500
CommonDuik 0.152100 0.527300 0.153800 0.472400 0.101700 0.126400 0.109600 0.165200 0.154600 0.133400 0.149200 0.072600 0.130800 0.000000 0.126400 0.185000 0.248400 0.250900 0.127400 0.154600 0.188400 0.149200 0.190000 0.166700 0.149200 0.235900 0.100500 0.154600 0.207900 0.154600 0.133400 0.000000 0.214700 0.100500 0.100500 0.133500 0.149200 0.182600 0.132200 0.221600 0.187700 0.208700 0.133400 0.131300 0.133500 0.101700 0.164400 0.072400 0.098700 0.105900 0.154600 0.154600
Suni 0.123400 0.525700 0.180100 0.460000 0.074300 0.098500 0.197400 0.133700 0.153900 0.219000 0.121200 0.205500 0.101800 0.126400 0.000000 0.127700 0.247800 0.212000 0.099200 0.153900 0.130100 0.121200 0.189400 0.193900 0.121200 0.151500 0.073400 0.153900 0.150800 0.153900 0.219000 0.126400 0.241300 0.073400 0.073400 0.159800 0.121200 0.152300 0.102400 0.248900 0.187000 0.125700 0.219000 0.215600 0.159800 0.126900 0.106300 0.072200 0.123500 0.132000 0.153900 0.153900
Springbuck 0.125800 0.448300 0.270500 0.604500 0.129100 0.154300 0.201400 0.133200 0.242300 0.287800 0.123400 0.269300 0.159700 0.185000 0.127700 0.000000 0.348800 0.352300 0.155600 0.242300 0.049600 0.123400 0.221300 0.261800 0.123400 0.047500 0.127700 0.242300 0.023400 0.242300 0.287800 0.185000 0.246900 0.127700 0.127700 0.223400 0.123400 0.212900 0.102800 0.254900 0.280700 0.023800 0.287800 0.283100 0.223400 0.185700 0.133300 0.151100 0.180700 0.193400 0.242300 0.242300
Okapi 0.304800 0.530200 0.246200 0.478700 0.249000 0.275700 0.203400 0.332700 0.217800 0.221100 0.298900 0.336300 0.286200 0.248400 0.247800 0.348800 0.000000 0.024900 0.278200 0.217800 0.355600 0.298900 0.159500 0.195900 0.298900 0.303700 0.246500 0.217800 0.371300 0.217800 0.221100 0.248400 0.245600 0.246500 0.246500 0.291800 0.298900 0.343800 0.290000 0.251200 0.157600 0.305000 0.221100 0.218000 0.291800 0.248900 0.262200 0.209400 0.242800 0.195000 0.217800 0.217800
Giraffe 0.307900 0.536900 0.284800 0.483800 0.251600 0.278500 0.205700 0.336000 0.254900 0.223500 0.301800 0.339600 0.289300 0.250900 0.212000 0.352300 0.024900 0.000000 0.281100 0.254900 0.359200 0.301800 0.193600 0.198000 0.301800 0.345400 0.249000 0.254900 0.375000 0.254900 0.223500 0.250900 0.248400 0.249000 0.249000 0.294700 0.301800 0.347200 0.293000 0.253900 0.191000 0.346800 0.223500 0.220200 0.294700 0.251500 0.304400 0.244700 0.245100 0.197100 0.254900 0.254900
TibetanAnt 0.047900 0.568300 0.208600 0.547500 0.074800 0.023900 0.198800 0.135100 0.181900 0.221500 0.071400 0.207700 0.050000 0.127400 0.099200 0.155600 0.278200 0.281100 0.000000 0.181900 0.158500 0.071400 0.218800 0.196100 0.071400 0.205800 0.024100 0.181900 0.178700 0.181900 0.221500 0.127400 0.243700 0.024100 0.024100 0.161400 0.071400 0.099300 0.103600 0.252000 0.216200 0.179300 0.221500 0.217800 0.161400 0.101100 0.132800 0.097200 0.124300 0.133100 0.181900 0.181900
Sitatunga 0.206600 0.571100 0.024000 0.550400 0.155200 0.180400 0.229900 0.224700 0.000000 0.251700 0.202400 0.236100 0.186500 0.154600 0.153900 0.242300 0.217800 0.254900 0.181900 0.000000 0.247100 0.202400 0.187500 0.226400 0.202400 0.233100 0.153400 0.000000 0.264700 0.000000 0.251700 0.154600 0.246100 0.153400 0.153400 0.190600 0.202400 0.240100 0.188300 0.282300 0.185500 0.206300 0.251700 0.247500 0.190600 0.155300 0.162300 0.122600 0.206500 0.161400 0.000000 0.000000
Oribi 0.128400 0.456400 0.275800 0.509600 0.131500 0.157200 0.205200 0.136400 0.247100 0.293400 0.125600 0.272700 0.162600 0.188400 0.130100 0.049600 0.355600 0.359200 0.158500 0.247100 0.000000 0.125600 0.225500 0.266900 0.125600 0.098300 0.130000 0.247100 0.073200 0.247100 0.293400 0.188400 0.251500 0.130000 0.130000 0.226200 0.124900 0.217100 0.104400 0.187600 0.286100 0.073500 0.293400 0.288700 0.226200 0.189200 0.135600 0.153800 0.184100 0.197000 0.247100 0.247100
BarbaryShe 0.046300 0.506300 0.228700 0.564700 0.097300 0.070900 0.162100 0.157900 0.202400 0.242100 0.000000 0.227700 0.073200 0.149200 0.121200 0.123400 0.298900 0.301800 0.071400 0.202400 0.125600 0.000000 0.181700 0.217500 0.000000 0.171500 0.047000 0.202400 0.145800 0.202400 0.242100 0.149200 0.205800 0.047500 0.047600 0.183300 0.000000 0.121800 0.126400 0.211900 0.236700 0.146300 0.242100 0.238500 0.183300 0.149600 0.157100 0.118800 0.145900 0.155600 0.202400 0.202400
Daviddeer 0.185600 0.460600 0.214900 0.597500 0.190900 0.217000 0.112700 0.267300 0.187500 0.106500 0.181700 0.275700 0.225200 0.190000 0.189400 0.221300 0.159500 0.193600 0.218800 0.187500 0.225500 0.181700 0.000000 0.081000 0.181700 0.212300 0.188600 0.187500 0.244400 0.187500 0.106500 0.190000 0.219800 0.188600 0.188600 0.229900 0.181700 0.280400 0.227500 0.078500 0.050600 0.184900 0.106500 0.104600 0.229900 0.190900 0.200400 0.154400 0.244600 0.166600 0.187500 0.187500
Reindeer 0.222800 0.517600 0.255200 0.575000 0.167800 0.194600 0.148200 0.243800 0.226400 0.082200 0.217500 0.254300 0.202000 0.166700 0.193900 0.261800 0.195900 0.198000 0.196100 0.226400 0.266900 0.217500 0.081000 0.000000 0.217500 0.316300 0.165400 0.226400 0.285000 0.226400 0.082200 0.166700 0.260200 0.165400 0.165400 0.206500 0.217500 0.258100 0.203800 0.110200 0.080000 0.286200 0.082200 0.080500 0.206500 0.167900 0.242400 0.189600 0.222000 0.142600 0.226400 0.226400
Ibex 0.046300 0.506300 0.228700 0.564700 0.097300 0.070900 0.162100 0.157900 0.202400 0.242100 0.000000 0.227700 0.073200 0.149200 0.121200 0.123400 0.298900 0.301800 0.071400 0.202400 0.125600 0.000000 0.181700 0.217500 0.000000 0.171500 0.047000 0.202400 0.145800 0.202400 0.242100 0.149200 0.205800 0.047000 0.047300 0.183300 0.000000 0.121800 0.126400 0.211900 0.236700 0.146300 0.242100 0.238500 0.183300 0.149600 0.157100 0.118800 0.145900 0.155600 0.202400 0.202400
GyrantGaze 0.174600 0.505900 0.260400 0.672000 0.179000 0.204000 0.257100 0.185500 0.233100 0.342000 0.171500 0.320800 0.210900 0.235900 0.151500 0.047500 0.303700 0.345400 0.205800 0.233100 0.098300 0.171500 0.212300 0.316300 0.171500 0.000000 0.177200 0.233100 0.069600 0.233100 0.342000 0.235900 0.299400 0.177200 0.177200 0.276700 0.171500 0.264600 0.152700 0.308700 0.269400 0.023000 0.342000 0.337000 0.276700 0.236600 0.127900 0.145600 0.230900 0.246000 0.233100 0.233100
Hartebeest 0.047900 0.525100 0.179500 0.505700 0.049200 0.024200 0.167800 0.106400 0.153400 0.190700 0.047000 0.178800 0.025000 0.100500 0.073400 0.127700 0.246500 0.249000 0.024100 0.153400 0.130000 0.047000 0.188600 0.165400 0.047000 0.177200 0.000000 0.153400 0.150700 0.153400 0.190700 0.100500 0.213200 0.000000 0.000000 0.132400 0.047000 0.073800 0.076600 0.220200 0.186300 0.151300 0.190700 0.187600 0.132400 0.100900 0.105900 0.072000 0.098100 0.105000 0.153400 0.153400
Bongo 0.206600 0.571100 0.023800 0.550400 0.155200 0.180400 0.229900 0.224700 0.000000 0.251700 0.202400 0.236100 0.186500 0.154600 0.153900 0.242300 0.217800 0.254900 0.181900 0.000000 0.247100 0.202400 0.187500 0.226400 0.202400 0.233100 0.153400 0.000000 0.264700 0.000000 0.251700 0.154600 0.246100 0.153400 0.153400 0.190600 0.202400 0.240100 0.188300 0.282300 0.185500 0.206300 0.251700 0.247500 0.190600 0.155300 0.162300 0.122600 0.206500 0.161400 0.000000 0.000000
Gerenuk 0.148500 0.469500 0.292600 0.627100 0.152300 0.177100 0.225900 0.157800 0.264700 0.310500 0.145800 0.291300 0.183000 0.207900 0.150800 0.023400 0.371300 0.375000 0.178700 0.264700 0.073200 0.145800 0.244400 0.285000 0.145800 0.069600 0.150700 0.264700 0.000000 0.264700 0.310500 0.207900 0.269500 0.150700 0.150700 0.246700 0.145800 0.178500 0.126300 0.278000 0.303100 0.046300 0.310500 0.305700 0.246700 0.208600 0.157000 0.173500 0.203300 0.216900 0.264700 0.264700
CommonElan 0.206600 0.571100 0.023900 0.550400 0.155200 0.180400 0.229900 0.224700 0.000000 0.251700 0.202400 0.236100 0.186500 0.154600 0.153900 0.242300 0.217800 0.254900 0.181900 0.000000 0.247100 0.202400 0.187500 0.226400 0.202400 0.233100 0.153400 0.000000 0.264700 0.000000 0.251700 0.154600 0.246100 0.153400 0.153400 0.190600 0.202400 0.240100 0.188300 0.282300 0.185500 0.206300 0.251700 0.247500 0.190600 0.155300 0.162300 0.122600 0.206500 0.161400 0.000000 0.000000
MuntiacusR 0.247900 0.458500 0.250400 0.525900 0.193300 0.219800 0.113400 0.270900 0.251700 0.000000 0.242100 0.157400 0.228000 0.133400 0.219000 0.287800 0.221100 0.223500 0.221500 0.251700 0.293400 0.242100 0.106500 0.082200 0.242100 0.342000 0.190700 0.251700 0.310500 0.251700 0.000000 0.133400 0.220100 0.190700 0.190700 0.232900 0.242100 0.283900 0.230100 0.135700 0.105200 0.311700 0.000000 0.051600 0.232900 0.193400 0.269300 0.156200 0.186500 0.168700 0.251700 0.251700
HarveysDui 0.152100 0.527300 0.153800 0.472400 0.101700 0.126400 0.109600 0.165200 0.154600 0.133400 0.149200 0.072600 0.130800 0.000000 0.126400 0.185000 0.248400 0.250900 0.127400 0.154600 0.188400 0.149200 0.190000 0.166700 0.149200 0.235900 0.100500 0.154600 0.207900 0.154600 0.133400 0.000000 0.214700 0.100500 0.100500 0.133500 0.149200 0.182600 0.132200 0.221600 0.187700 0.208700 0.133400 0.131300 0.133500 0.101700 0.164400 0.072400 0.098700 0.105900 0.154600 0.154600
Pronghorn 0.210300 0.334700 0.274500 0.468000 0.215800 0.241800 0.169600 0.293600 0.246100 0.220100 0.205800 0.236900 0.250500 0.214700 0.241300 0.246900 0.245600 0.248400 0.243700 0.246100 0.251500 0.205800 0.219800 0.260200 0.205800 0.299400 0.213200 0.246100 0.269500 0.246100 0.220100 0.214700 0.000000 0.213200 0.213200 0.255100 0.205800 0.305900 0.253200 0.252700 0.278100 0.270500 0.220100 0.280500 0.255100 0.215800 0.292400 0.236100 0.269000 0.162500 0.246100 0.246100
BlueWildeb 0.047900 0.525100 0.179500 0.505700 0.049700 0.023900 0.167800 0.106400 0.153400 0.190700 0.047700 0.178800 0.024900 0.100500 0.073400 0.127700 0.246500 0.249000 0.024100 0.153400 0.130000 0.047500 0.188600 0.165400 0.047000 0.177200 0.000000 0.153400 0.150700 0.153400 0.190700 0.100500 0.213200 0.000000 0.000000 0.132400 0.047000 0.073800 0.076600 0.220200 0.186300 0.151300 0.190700 0.187600 0.132400 0.100900 0.105900 0.072000 0.098100 0.105000 0.153400 0.153400
Gemsbok 0.048200 0.525100 0.179500 0.505700 0.049700 0.023900 0.167800 0.106400 0.153400 0.190700 0.047000 0.178800 0.024900 0.100500 0.073400 0.127700 0.246500 0.249000 0.024100 0.153400 0.130000 0.047600 0.188600 0.165400 0.047300 0.177200 0.000000 0.153400 0.150700 0.153400 0.190700 0.100500 0.213200 0.000000 0.000000 0.132400 0.047000 0.073800 0.077100 0.220200 0.186300 0.151300 0.190700 0.187600 0.132400 0.100900 0.105900 0.072000 0.098800 0.105000 0.153400 0.153400
Yak 0.187200 0.591600 0.218400 0.566400 0.134100 0.160100 0.177600 0.204200 0.190600 0.232900 0.183300 0.159000 0.165900 0.133500 0.159800 0.223400 0.291800 0.294700 0.161400 0.190600 0.226200 0.183300 0.229900 0.206500 0.183300 0.276700 0.132400 0.190600 0.246700 0.190600 0.232900 0.133500 0.255100 0.132400 0.132400 0.000000 0.183300 0.220300 0.167500 0.262700 0.227100 0.247900 0.232900 0.228700 0.000000 0.134200 0.202900 0.156500 0.187000 0.139900 0.190600 0.190600
BlueSheep 0.046300 0.506300 0.228700 0.564700 0.097300 0.070900 0.162100 0.157900 0.202400 0.242100 0.000000 0.227700 0.073200 0.149200 0.121200 0.123400 0.298900 0.301800 0.071400 0.202400 0.124900 0.000000 0.181700 0.217500 0.000000 0.171500 0.047000 0.202400 0.145800 0.202400 0.242100 0.149200 0.205800 0.047000 0.047000 0.183300 0.000000 0.121800 0.126400 0.211900 0.236700 0.146300 0.242100 0.238500 0.183300 0.149600 0.157100 0.118800 0.145900 0.155600 0.202400 0.202400
BohorReedb 0.124100 0.656500 0.268200 0.634700 0.074700 0.099000 0.262400 0.193700 0.240100 0.283900 0.121800 0.266100 0.102300 0.182600 0.152300 0.212900 0.343800 0.347200 0.099300 0.240100 0.217100 0.121800 0.280400 0.258100 0.121800 0.264600 0.073800 0.240100 0.178500 0.240100 0.283900 0.182600 0.305900 0.073800 0.073800 0.220300 0.121800 0.000000 0.159300 0.316700 0.277100 0.236700 0.283900 0.279300 0.220300 0.183400 0.192700 0.149300 0.178500 0.190700 0.240100 0.240100
KirksDik 0.128900 0.542600 0.216000 0.571800 0.077500 0.102800 0.207200 0.080400 0.188300 0.230100 0.126400 0.215100 0.106500 0.132200 0.102400 0.102800 0.290000 0.293000 0.103600 0.188300 0.104400 0.126400 0.227500 0.203800 0.126400 0.152700 0.076600 0.188300 0.126300 0.188300 0.230100 0.132200 0.253200 0.076600 0.077100 0.167500 0.126400 0.159300 0.000000 0.261800 0.224500 0.126800 0.230100 0.226300 0.167500 0.132700 0.080000 0.100700 0.128900 0.138300 0.188300 0.188300
RoeDeer 0.216900 0.423300 0.311600 0.534000 0.223100 0.249900 0.142700 0.304500 0.282300 0.135700 0.211900 0.244600 0.259200 0.221600 0.248900 0.254900 0.251200 0.253900 0.252000 0.282300 0.187600 0.211900 0.078500 0.110200 0.211900 0.308700 0.220200 0.282300 0.278000 0.282300 0.135700 0.221600 0.252700 0.220200 0.220200 0.262700 0.211900 0.316700 0.261800 0.000000 0.132200 0.279000 0.135700 0.133200 0.262700 0.223000 0.302600 0.243500 0.277800 0.198400 0.282300 0.282300
WhiteLippe 0.241800 0.530000 0.212600 0.590100 0.188500 0.214400 0.171000 0.263900 0.185500 0.105200 0.236700 0.272700 0.222200 0.187700 0.187000 0.280700 0.157600 0.191000 0.216200 0.185500 0.286100 0.236700 0.050600 0.080000 0.236700 0.269400 0.186300 0.185500 0.303100 0.185500 0.105200 0.187700 0.278100 0.186300 0.186300 0.227100 0.236700 0.277100 0.224500 0.132200 0.000000 0.241200 0.105200 0.103300 0.227100 0.188600 0.197700 0.152700 0.241700 0.164500 0.185500 0.185500
ThomsonGaz 0.149000 0.471400 0.233200 0.630000 0.152900 0.177800 0.227000 0.158500 0.206300 0.311700 0.146300 0.292600 0.183700 0.208700 0.125700 0.023800 0.305000 0.346800 0.179300 0.206300 0.073500 0.146300 0.184900 0.286200 0.146300 0.023000 0.151300 0.206300 0.046300 0.206300 0.311700 0.208700 0.270500 0.151300 0.151300 0.247900 0.146300 0.236700 0.126800 0.279000 0.241200 0.000000 0.311700 0.307000 0.247900 0.209400 0.102000 0.120900 0.204100 0.217700 0.206300 0.206300
MuntiacusC 0.247900 0.458500 0.250400 0.525900 0.193300 0.219800 0.113400 0.270900 0.251700 0.000000 0.242100 0.157400 0.228000 0.133400 0.219000 0.287800 0.221100 0.223500 0.221500 0.251700 0.293400 0.242100 0.106500 0.082200 0.242100 0.342000 0.190700 0.251700 0.310500 0.251700 0.000000 0.133400 0.220100 0.190700 0.190700 0.232900 0.242100 0.283900 0.230100 0.135700 0.105200 0.311700 0.000000 0.051600 0.232900 0.193400 0.269300 0.156200 0.186500 0.168700 0.251700 0.251700
WhiteTaile 0.243700 0.499300 0.246400 0.559100 0.189900 0.216000 0.111300 0.266000 0.247500 0.051600 0.238500 0.213400 0.224000 0.131300 0.215600 0.283100 0.218000 0.220200 0.217800 0.247500 0.288700 0.238500 0.104600 0.080500 0.238500 0.337000 0.187600 0.247500 0.305700 0.247500 0.051600 0.131300 0.280500 0.187600 0.187600 0.228700 0.238500 0.279300 0.226300 0.133200 0.103300 0.307000 0.051600 0.000000 0.228700 0.189900 0.264700 0.153800 0.183800 0.165700 0.247500 0.247500
Cattle 0.187200 0.591600 0.218400 0.566400 0.134100 0.160100 0.177600 0.204200 0.190600 0.232900 0.183300 0.159000 0.165900 0.133500 0.159800 0.223400 0.291800 0.294700 0.161400 0.190600 0.226200 0.183300 0.229900 0.206500 0.183300 0.276700 0.132400 0.190600 0.246700 0.190600 0.232900 0.133500 0.255100 0.132400 0.132400 0.000000 0.183300 0.220300 0.167500 0.262700 0.227100 0.247900 0.232900 0.228700 0.000000 0.134200 0.202900 0.156500 0.187000 0.139900 0.190600 0.190600
RoyalAntel 0.098600 0.529300 0.181600 0.508300 0.102200 0.073900 0.170000 0.166100 0.155300 0.193400 0.149600 0.181100 0.131400 0.101700 0.126900 0.185700 0.248900 0.251500 0.101100 0.155300 0.189200 0.149600 0.190900 0.167900 0.149600 0.236600 0.100900 0.155300 0.208600 0.155300 0.193400 0.101700 0.215800 0.100900 0.100900 0.134200 0.149600 0.183400 0.132700 0.223000 0.188600 0.209400 0.193400 0.189900 0.134200 0.000000 0.165100 0.124300 0.098800 0.106400 0.155300 0.155300
Steenbok 0.160400 0.511800 0.190000 0.625000 0.107200 0.133200 0.246700 0.111300 0.162300 0.269300 0.157100 0.250800 0.138200 0.164400 0.106300 0.133300 0.262200 0.304400 0.132800 0.162300 0.135600 0.157100 0.200400 0.242400 0.157100 0.127900 0.105900 0.162300 0.157000 0.162300 0.269300 0.164400 0.292400 0.105900 0.105900 0.202900 0.157100 0.192700 0.080000 0.302600 0.197700 0.102000 0.269300 0.264700 0.202900 0.165100 0.000000 0.076000 0.160300 0.172400 0.162300 0.162300
Impala 0.120900 0.546500 0.122000 0.493700 0.072700 0.096500 0.133600 0.131000 0.122600 0.156200 0.118800 0.147100 0.099700 0.072400 0.072200 0.151100 0.209400 0.244700 0.097200 0.122600 0.153800 0.118800 0.154400 0.189600 0.118800 0.145600 0.072000 0.122600 0.173500 0.122600 0.156200 0.072400 0.236100 0.072000 0.072000 0.156500 0.118800 0.149300 0.100700 0.243500 0.152700 0.120900 0.156200 0.153800 0.156500 0.124300 0.076000 0.000000 0.070800 0.129200 0.122600 0.122600
Klipspring 0.148500 0.597800 0.205600 0.464500 0.099100 0.123300 0.164300 0.161000 0.206500 0.186500 0.145900 0.175500 0.127500 0.098700 0.123500 0.180700 0.242800 0.245100 0.124300 0.206500 0.184100 0.145900 0.244600 0.222000 0.145900 0.230900 0.098100 0.206500 0.203300 0.206500 0.186500 0.098700 0.269000 0.098100 0.098800 0.187000 0.145900 0.178500 0.128900 0.277800 0.241700 0.204100 0.186500 0.183800 0.187000 0.098800 0.160300 0.070800 0.000000 0.158700 0.206500 0.206500
ForestMusk 0.158900 0.469700 0.188800 0.449300 0.106400 0.132100 0.114100 0.173100 0.161400 0.168700 0.155600 0.188000 0.137000 0.105900 0.132000 0.193400 0.195000 0.197100 0.133100 0.161400 0.197000 0.155600 0.166600 0.142600 0.155600 0.246000 0.105000 0.161400 0.216900 0.161400 0.168700 0.105900 0.162500 0.105000 0.105000 0.139900 0.155600 0.190700 0.138300 0.198400 0.164500 0.217700 0.168700 0.165700 0.139900 0.106400 0.172400 0.129200 0.158700 0.000000 0.161400 0.161400
Bushbuck 0.206600 0.571100 0.023900 0.550400 0.155200 0.180400 0.229900 0.224700 0.000000 0.251700 0.202400 0.236100 0.186500 0.154600 0.153900 0.242300 0.217800 0.254900 0.181900 0.000000 0.247100 0.202400 0.187500 0.226400 0.202400 0.233100 0.153400 0.000000 0.264700 0.000000 0.251700 0.154600 0.246100 0.153400 0.153400 0.190600 0.202400 0.240100 0.188300 0.282300 0.185500 0.206300 0.251700 0.247500 0.190600 0.155300 0.162300 0.122600 0.206500 0.161400 0.000000 0.000000
GreaterKud 0.206600 0.571100 0.023500 0.550400 0.155200 0.180400 0.229900 0.224700 0.000000 0.251700 0.202400 0.236100 0.186500 0.154600 0.153900 0.242300 0.217800 0.254900 0.181900 0.000000 0.247100 0.202400 0.187500 0.226400 0.202400 0.233100 0.153400 0.000000 0.264700 0.000000 0.251700 0.154600 0.246100 0.153400 0.153400 0.190600 0.202400 0.240100 0.188300 0.282300 0.185500 0.206300 0.251700 0.247500 0.190600 0.155300 0.162300 0.122600 0.206500 0.161400 0.000000 0.000000
