1
52 1
Argali 0.000000 0.175200 0.072100 0.208000 0.065100 0.006000 0.075400 0.102700 0.055800 0.120300 0.030500 0.059400 0.059200 0.062700 0.062500 0.075500 0.083900 0.078300 0.049600 0.065600 0.088000 0.033700 0.123000 0.118900 0.033500 0.068300 0.059000 0.068800 0.052100 0.065300 0.113100 0.068600 0.089700 0.055900 0.052400 0.059100 0.027400 0.068300 0.088700 0.151800 0.113300 0.074800 0.116900 0.123500 0.062200 0.055700 0.092500 0.059600 0.052500 0.087700 0.068900 0.065700
LesserMous 0.175200 0.000000 0.194500 0.218600 0.201200 0.180000 0.207100 0.248900 0.183200 0.219800 0.183700 0.200500 0.188000 0.208200 0.211600 0.219300 0.199100 0.201800 0.200200 0.195200 0.225000 0.188000 0.235100 0.227300 0.183600 0.213500 0.191200 0.194500 0.192700 0.194500 0.216400 0.210000 0.205400 0.187800 0.171800 0.184100 0.183200 0.212700 0.211900 0.256700 0.224500 0.225000 0.224000 0.228900 0.187500 0.198400 0.208500 0.193400 0.202000 0.196600 0.199400 0.180100
LesserKudu 0.072100 0.194500 0.000000 0.208500 0.075100 0.075700 0.072500 0.106800 0.015200 0.117500 0.065900 0.063000 0.062700 0.066300 0.066100 0.072600 0.087500 0.072100 0.079300 0.018300 0.091900 0.069300 0.123600 0.102700 0.062500 0.065700 0.062500 0.021400 0.061900 0.018200 0.103400 0.072100 0.086700 0.059400 0.068800 0.062700 0.068900 0.078300 0.085900 0.138200 0.113800 0.078600 0.114000 0.103300 0.078900 0.065700 0.096400 0.069700 0.068800 0.094500 0.021400 0.012200
KillerWhal 0.208000 0.218600 0.208500 0.000000 0.214200 0.212300 0.205000 0.218100 0.196500 0.237400 0.204900 0.209200 0.189300 0.201700 0.189600 0.224400 0.201700 0.184400 0.221000 0.200800 0.211000 0.193700 0.244600 0.235800 0.204800 0.211800 0.188700 0.204600 0.195200 0.196400 0.245000 0.211200 0.203100 0.185300 0.203200 0.205000 0.208200 0.217900 0.224300 0.244400 0.250000 0.223200 0.241800 0.232300 0.212100 0.200100 0.217100 0.213900 0.199900 0.217200 0.205000 0.201400
DefassaWat 0.065100 0.201200 0.075100 0.214200 0.000000 0.068500 0.075100 0.105500 0.058800 0.133600 0.065300 0.068700 0.068500 0.072100 0.071900 0.081600 0.093600 0.081100 0.078500 0.068600 0.090900 0.068800 0.133100 0.132900 0.062100 0.078100 0.068300 0.078400 0.061500 0.068400 0.129800 0.077900 0.089100 0.065200 0.068100 0.068700 0.068400 0.021000 0.091500 0.158000 0.130400 0.084500 0.137200 0.133200 0.084800 0.071500 0.102000 0.072300 0.068000 0.100700 0.072000 0.068800
Sheep 0.006000 0.180000 0.075700 0.212300 0.068500 0.000000 0.079100 0.106400 0.059300 0.124100 0.033800 0.062800 0.062600 0.066100 0.065900 0.079000 0.087700 0.081800 0.052900 0.069200 0.091600 0.037000 0.127200 0.119600 0.036900 0.072100 0.062400 0.072400 0.055500 0.068900 0.116500 0.072000 0.093300 0.059300 0.055700 0.062700 0.030600 0.071700 0.092300 0.155800 0.117400 0.078600 0.120200 0.127300 0.065800 0.059100 0.096100 0.059800 0.055800 0.091500 0.072600 0.069400
MaxwellsDu 0.075400 0.207100 0.072500 0.205000 0.075100 0.079100 0.000000 0.083000 0.062600 0.124600 0.069200 0.072900 0.072600 0.037300 0.069500 0.075900 0.097600 0.085400 0.082800 0.066000 0.075300 0.072300 0.116900 0.113100 0.065800 0.062800 0.072300 0.075800 0.058200 0.065800 0.113900 0.043000 0.090300 0.069200 0.072100 0.072600 0.072300 0.081700 0.082500 0.149100 0.107200 0.062300 0.121100 0.113800 0.088900 0.062400 0.079600 0.079800 0.072100 0.104800 0.068900 0.066200
GazellaPrz 0.102700 0.248900 0.106800 0.218100 0.105500 0.106400 0.083000 0.000000 0.096300 0.157700 0.096400 0.106900 0.106500 0.076500 0.093100 0.069500 0.132600 0.109400 0.110300 0.092900 0.069000 0.096700 0.149900 0.138800 0.099700 0.062800 0.106100 0.096500 0.071900 0.092800 0.139300 0.088900 0.111300 0.103000 0.099000 0.106800 0.099500 0.098700 0.082900 0.168200 0.139900 0.062700 0.146800 0.139200 0.123800 0.089000 0.083200 0.107300 0.095800 0.126200 0.089600 0.100200
MountainNy 0.055800 0.183200 0.015200 0.196500 0.058800 0.059300 0.062600 0.096300 0.000000 0.099900 0.056000 0.053100 0.052900 0.056400 0.056200 0.062600 0.071000 0.062200 0.069200 0.009100 0.081700 0.059000 0.106000 0.092300 0.052700 0.062200 0.052700 0.018200 0.045700 0.009100 0.093000 0.062200 0.076400 0.049600 0.058900 0.046500 0.059100 0.062000 0.075700 0.130600 0.103200 0.068600 0.103400 0.092800 0.062600 0.055900 0.086100 0.059700 0.059000 0.084400 0.012100 0.009100
MuntiacusM 0.120300 0.219800 0.117500 0.237400 0.133600 0.124100 0.124600 0.157700 0.099900 0.000000 0.113800 0.128400 0.134900 0.110900 0.113800 0.138600 0.108700 0.113200 0.131000 0.110500 0.137700 0.117600 0.037100 0.059500 0.117200 0.120500 0.134400 0.113900 0.112700 0.103200 0.027700 0.123600 0.125400 0.117000 0.126900 0.114200 0.117000 0.137100 0.138800 0.085400 0.053300 0.127300 0.015300 0.053200 0.117300 0.109500 0.139500 0.128900 0.127000 0.151300 0.114200 0.110900
goat 0.030500 0.183700 0.065900 0.204900 0.065300 0.033800 0.069200 0.096400 0.056000 0.113800 0.000000 0.059700 0.053000 0.056500 0.053000 0.069300 0.090800 0.072100 0.037100 0.059300 0.081800 0.027500 0.116600 0.116400 0.003000 0.062300 0.052800 0.062600 0.058600 0.059300 0.099900 0.068800 0.083400 0.049800 0.040000 0.059400 0.009100 0.068500 0.082500 0.148900 0.106900 0.069300 0.103500 0.117100 0.069000 0.056000 0.086200 0.059900 0.046300 0.081500 0.062700 0.059100
AfricanBuf 0.059400 0.200500 0.063000 0.209200 0.068700 0.062800 0.072900 0.106900 0.053100 0.128400 0.059700 0.000000 0.062800 0.069600 0.066200 0.079400 0.101300 0.082100 0.072900 0.056500 0.085300 0.063100 0.124300 0.120600 0.062900 0.072500 0.062600 0.059700 0.062100 0.056300 0.117600 0.078800 0.093800 0.059500 0.062400 0.024600 0.056300 0.065400 0.086000 0.145700 0.114500 0.072400 0.124900 0.114000 0.033900 0.059300 0.096600 0.066600 0.068900 0.095100 0.059800 0.056700
Topi 0.059200 0.188000 0.062700 0.189300 0.068500 0.062600 0.072600 0.106500 0.052900 0.134900 0.053000 0.062800 0.000000 0.066200 0.065900 0.079100 0.081100 0.068700 0.066000 0.056200 0.085000 0.056400 0.134400 0.127100 0.049800 0.065600 0.012100 0.066000 0.055500 0.056100 0.124000 0.072000 0.079700 0.021300 0.049400 0.062800 0.056100 0.071700 0.092400 0.155800 0.124600 0.078700 0.124300 0.120400 0.065900 0.062300 0.092800 0.069600 0.062200 0.088200 0.059500 0.056400
CommonDuik 0.062700 0.208200 0.066300 0.201700 0.072100 0.066100 0.037300 0.076500 0.056400 0.110900 0.056500 0.069600 0.066200 0.000000 0.056500 0.065900 0.091500 0.072400 0.069700 0.059800 0.068900 0.059900 0.100200 0.100000 0.059700 0.049800 0.065900 0.063000 0.052500 0.059600 0.100300 0.037000 0.070400 0.062800 0.059200 0.066400 0.059600 0.075300 0.069500 0.135000 0.090500 0.056100 0.107400 0.100200 0.082700 0.049700 0.066500 0.066700 0.059300 0.088600 0.063200 0.060000
Suni 0.062500 0.211600 0.066100 0.189600 0.071900 0.065900 0.069500 0.093100 0.056200 0.113800 0.053000 0.066200 0.065900 0.056500 0.000000 0.066100 0.091200 0.072100 0.069400 0.059600 0.072100 0.053100 0.113300 0.102900 0.056200 0.059300 0.065700 0.059600 0.055700 0.056200 0.103300 0.068900 0.083500 0.062600 0.059000 0.059600 0.056100 0.075100 0.079200 0.138000 0.100400 0.065700 0.110400 0.103200 0.082400 0.049600 0.079500 0.066500 0.059100 0.088100 0.063000 0.059800
Springbuck 0.075500 0.219300 0.072600 0.224400 0.081600 0.079000 0.075900 0.069500 0.062600 0.138600 0.069300 0.079400 0.079100 0.065900 0.066100 0.000000 0.104500 0.078600 0.082500 0.066100 0.062100 0.069500 0.131200 0.116900 0.072500 0.043200 0.078800 0.062800 0.039700 0.059400 0.120800 0.075200 0.090100 0.075700 0.072000 0.079300 0.072300 0.071700 0.062600 0.145300 0.121400 0.049500 0.128100 0.124200 0.095700 0.062300 0.069500 0.073000 0.072000 0.094800 0.069400 0.066300
Okapi 0.083900 0.199100 0.087500 0.201700 0.093600 0.087700 0.097600 0.132600 0.071000 0.108700 0.090800 0.101300 0.081100 0.091500 0.091200 0.104500 0.000000 0.045600 0.101200 0.080900 0.117200 0.094400 0.114900 0.128300 0.087400 0.097200 0.080800 0.091100 0.074100 0.080300 0.129200 0.090700 0.105300 0.077700 0.093700 0.091000 0.093900 0.096800 0.118000 0.153500 0.125800 0.103700 0.126000 0.129000 0.100600 0.084200 0.122000 0.098100 0.087300 0.113100 0.084500 0.081200
Giraffe 0.078300 0.201800 0.072100 0.184400 0.081100 0.081800 0.085400 0.109400 0.062200 0.113200 0.072100 0.082100 0.068700 0.072400 0.072100 0.078600 0.045600 0.000000 0.082000 0.065500 0.091200 0.075500 0.112800 0.112500 0.075300 0.078400 0.068500 0.068800 0.068100 0.065400 0.106100 0.084700 0.076000 0.071900 0.074700 0.078700 0.075100 0.077800 0.091900 0.137000 0.109900 0.084800 0.109800 0.112800 0.095100 0.065300 0.102400 0.075700 0.068400 0.084300 0.068900 0.065700
TibetanAnt 0.049600 0.200200 0.079300 0.221000 0.078500 0.052900 0.082800 0.110300 0.069200 0.131000 0.037100 0.072900 0.066000 0.069700 0.069400 0.082500 0.101200 0.082000 0.000000 0.072700 0.095200 0.046700 0.134100 0.126800 0.040200 0.072300 0.065800 0.076000 0.071800 0.072500 0.116800 0.075500 0.093700 0.062700 0.046400 0.072800 0.040200 0.081800 0.095900 0.155500 0.124300 0.078800 0.120500 0.127200 0.082500 0.065500 0.099900 0.073100 0.059200 0.088600 0.076100 0.072900
Sitatunga 0.065600 0.195200 0.018300 0.200800 0.068600 0.069200 0.066000 0.092900 0.009100 0.110500 0.059300 0.056500 0.056200 0.059800 0.059600 0.066100 0.080900 0.065500 0.072700 0.000000 0.085200 0.062800 0.116600 0.095900 0.056000 0.066100 0.056000 0.021400 0.055000 0.012100 0.096600 0.065600 0.080000 0.052900 0.062300 0.056300 0.062200 0.071800 0.079200 0.134600 0.106900 0.072000 0.107100 0.096500 0.072300 0.059200 0.089700 0.063200 0.062300 0.087900 0.009100 0.012200
Oribi 0.088000 0.225000 0.091900 0.211000 0.090900 0.091600 0.075300 0.069000 0.081700 0.137700 0.081800 0.085300 0.085000 0.068900 0.072100 0.062100 0.117200 0.091200 0.095200 0.085200 0.000000 0.082000 0.130300 0.123000 0.085000 0.049200 0.084700 0.081900 0.051900 0.078400 0.120000 0.074700 0.089200 0.081600 0.077900 0.085200 0.084900 0.087500 0.068700 0.147800 0.113600 0.055500 0.127200 0.123400 0.101700 0.074700 0.068900 0.085600 0.081300 0.114300 0.088700 0.085500
BarbaryShe 0.033700 0.188000 0.069300 0.193700 0.068800 0.037000 0.072300 0.096700 0.059000 0.117600 0.027500 0.063100 0.056400 0.059900 0.053100 0.069500 0.094400 0.075500 0.046700 0.062800 0.082000 0.000000 0.120400 0.113200 0.030800 0.062500 0.056200 0.062800 0.058800 0.052900 0.103600 0.072300 0.080200 0.053100 0.049600 0.062800 0.030700 0.072000 0.082700 0.142100 0.103700 0.068300 0.107200 0.113900 0.071800 0.059300 0.082900 0.063300 0.056000 0.081500 0.066100 0.063000
Daviddeer 0.123000 0.235100 0.123600 0.244600 0.133100 0.127200 0.116900 0.149900 0.106000 0.037100 0.116600 0.124300 0.134400 0.100200 0.113300 0.131200 0.114900 0.112800 0.134100 0.116600 0.130300 0.120400 0.000000 0.058500 0.119900 0.112800 0.133900 0.120100 0.112000 0.109300 0.043400 0.123200 0.124900 0.123600 0.126400 0.109800 0.119700 0.136500 0.131300 0.085200 0.021300 0.119600 0.040300 0.059400 0.119800 0.109000 0.131900 0.128400 0.119200 0.143200 0.120300 0.117000
Reindeer 0.118900 0.227300 0.102700 0.235800 0.132900 0.119600 0.113100 0.138800 0.092300 0.059500 0.116400 0.120600 0.127100 0.100000 0.102900 0.116900 0.128300 0.112500 0.126800 0.095900 0.123000 0.113200 0.058500 0.000000 0.119700 0.105800 0.126600 0.098900 0.118500 0.089000 0.046600 0.112600 0.114100 0.116400 0.119200 0.106300 0.119500 0.136300 0.110200 0.068500 0.049800 0.112500 0.049800 0.024400 0.130200 0.095300 0.121100 0.114000 0.119300 0.142800 0.099400 0.096200
Ibex 0.033500 0.183600 0.062500 0.204800 0.062100 0.036900 0.065800 0.099700 0.052700 0.117200 0.003000 0.062900 0.049800 0.059700 0.056200 0.072500 0.087400 0.075300 0.040200 0.056000 0.085000 0.030800 0.119900 0.119700 0.000000 0.065500 0.049600 0.065800 0.055400 0.055900 0.103200 0.065500 0.086700 0.046500 0.043100 0.062600 0.012100 0.065200 0.085700 0.152400 0.110300 0.071900 0.106900 0.120500 0.072200 0.059100 0.089500 0.063100 0.049400 0.084700 0.059400 0.055900
GyrantGaze 0.068300 0.213500 0.065700 0.211800 0.078100 0.072100 0.062800 0.062800 0.062200 0.120500 0.062300 0.072500 0.065600 0.049800 0.059300 0.043200 0.097200 0.078400 0.072300 0.066100 0.049200 0.062500 0.112800 0.105800 0.065500 0.000000 0.072000 0.062400 0.039500 0.059400 0.103100 0.062100 0.076200 0.068900 0.065200 0.072200 0.065400 0.074700 0.056000 0.127000 0.103200 0.024300 0.110200 0.106400 0.088600 0.052400 0.053000 0.072700 0.065300 0.094300 0.069000 0.065800
Hartebeest 0.059000 0.191200 0.062500 0.188700 0.068300 0.062400 0.072300 0.106100 0.052700 0.134400 0.052800 0.062600 0.012100 0.065900 0.065700 0.078800 0.080800 0.068500 0.065800 0.056000 0.084700 0.056200 0.133900 0.126600 0.049600 0.072000 0.000000 0.065700 0.055400 0.055900 0.123600 0.071700 0.082900 0.015100 0.049200 0.062600 0.055900 0.071500 0.092100 0.158900 0.124100 0.078400 0.123900 0.120000 0.065600 0.062100 0.095800 0.069400 0.062000 0.087900 0.059300 0.056200
Bongo 0.068800 0.194500 0.021400 0.204600 0.078400 0.072400 0.075800 0.096500 0.018200 0.113900 0.062600 0.059700 0.066000 0.063000 0.059600 0.062800 0.091100 0.068800 0.076000 0.021400 0.081900 0.062800 0.120100 0.098900 0.065800 0.062400 0.065700 0.000000 0.058700 0.015200 0.100000 0.075400 0.083300 0.062600 0.065500 0.059500 0.065700 0.081600 0.075900 0.130900 0.109300 0.068800 0.110500 0.099900 0.075600 0.062500 0.089700 0.066400 0.065500 0.087900 0.024600 0.015200
Gerenuk 0.052100 0.192700 0.061900 0.195200 0.061500 0.055500 0.058200 0.071900 0.045700 0.112700 0.058600 0.062100 0.055500 0.052500 0.055700 0.039700 0.074100 0.068100 0.071800 0.055000 0.051900 0.058800 0.112000 0.118500 0.055400 0.039500 0.055400 0.058700 0.000000 0.049000 0.115800 0.058400 0.079000 0.052300 0.061500 0.061900 0.055300 0.058200 0.065100 0.140000 0.115900 0.045600 0.116200 0.119200 0.071400 0.045800 0.065400 0.068900 0.061600 0.090300 0.058600 0.055700
CommonElan 0.065300 0.194500 0.018200 0.196400 0.068400 0.068900 0.065800 0.092800 0.009100 0.103200 0.059300 0.056300 0.056100 0.059600 0.056200 0.059400 0.080300 0.065400 0.072500 0.012100 0.078400 0.052900 0.109300 0.089000 0.055900 0.059400 0.055900 0.015200 0.049000 0.000000 0.089500 0.065400 0.073000 0.052800 0.062100 0.056100 0.062100 0.071600 0.072400 0.120000 0.099700 0.065000 0.099800 0.089400 0.072100 0.059100 0.086000 0.063000 0.062100 0.084300 0.015200 0.012200
MuntiacusR 0.113100 0.216400 0.103400 0.245000 0.129800 0.116500 0.113900 0.139300 0.093000 0.027700 0.099900 0.117600 0.124000 0.100300 0.103300 0.120800 0.129200 0.106100 0.116800 0.096600 0.120000 0.103600 0.043400 0.046600 0.103200 0.103100 0.123600 0.100000 0.115800 0.089500 0.000000 0.113000 0.111200 0.113400 0.109400 0.110500 0.103000 0.133200 0.121000 0.072200 0.040500 0.109800 0.018400 0.040400 0.120600 0.099000 0.121500 0.111100 0.116300 0.136800 0.100200 0.096900
HarveysDui 0.068600 0.210000 0.072100 0.211200 0.077900 0.072000 0.043000 0.088900 0.062200 0.123600 0.068800 0.078800 0.072000 0.037000 0.068900 0.075200 0.090700 0.084700 0.075500 0.065600 0.074700 0.072300 0.123200 0.112600 0.065500 0.062100 0.071700 0.075400 0.058400 0.065400 0.113000 0.000000 0.089500 0.068600 0.065100 0.078700 0.071900 0.081100 0.081800 0.147800 0.113400 0.068400 0.120100 0.112900 0.095100 0.061900 0.078900 0.072600 0.065200 0.097700 0.069000 0.065800
Pronghorn 0.089700 0.205400 0.086700 0.203100 0.089100 0.093300 0.090300 0.111300 0.076400 0.125400 0.083400 0.093800 0.079700 0.070400 0.083500 0.090100 0.105300 0.076000 0.093700 0.080000 0.089200 0.080200 0.124900 0.114100 0.086700 0.076200 0.082900 0.083300 0.079000 0.073000 0.111200 0.089500 0.000000 0.076400 0.079300 0.086800 0.086500 0.085700 0.090000 0.146300 0.115000 0.089600 0.121900 0.114500 0.103500 0.076200 0.090400 0.080500 0.082800 0.112800 0.083500 0.080200
BlueWildeb 0.055900 0.187800 0.059400 0.185300 0.065200 0.059300 0.069200 0.103000 0.049600 0.117000 0.049800 0.059500 0.021300 0.062800 0.062600 0.075700 0.077700 0.071900 0.062700 0.052900 0.081600 0.053100 0.123600 0.116400 0.046500 0.068900 0.015100 0.062600 0.052300 0.052800 0.113400 0.068600 0.076400 0.000000 0.046200 0.059500 0.052800 0.068400 0.088900 0.148300 0.113900 0.075300 0.113600 0.109800 0.062500 0.062300 0.092700 0.066300 0.058900 0.088100 0.056200 0.053100
Gemsbok 0.052400 0.171800 0.068800 0.203200 0.068100 0.055700 0.072100 0.099000 0.058900 0.126900 0.040000 0.062400 0.049400 0.059200 0.059000 0.072000 0.093700 0.074700 0.046400 0.062300 0.077900 0.049600 0.126400 0.119200 0.043100 0.065200 0.049200 0.065500 0.061500 0.062100 0.109400 0.065100 0.079300 0.046200 0.000000 0.062300 0.043000 0.071200 0.078400 0.151100 0.116700 0.071600 0.116500 0.119500 0.065400 0.058700 0.082100 0.056200 0.049100 0.071300 0.059100 0.062500
Yak 0.059100 0.184100 0.062700 0.205000 0.068700 0.062700 0.072600 0.106800 0.046500 0.114200 0.059400 0.024600 0.062800 0.066400 0.059600 0.079300 0.091000 0.078700 0.072800 0.056300 0.085200 0.062800 0.109800 0.106300 0.062600 0.072200 0.062600 0.059500 0.061900 0.056100 0.110500 0.078700 0.086800 0.059500 0.062300 0.000000 0.062500 0.071900 0.092600 0.141800 0.107100 0.072100 0.117700 0.100000 0.021400 0.052800 0.096500 0.063200 0.068800 0.094800 0.059600 0.056400
BlueSheep 0.027400 0.183200 0.068900 0.208200 0.068400 0.030600 0.072300 0.099500 0.059100 0.117000 0.009100 0.056300 0.056100 0.059600 0.056100 0.072300 0.093900 0.075100 0.040200 0.062200 0.084900 0.030700 0.119700 0.119500 0.012100 0.065400 0.055900 0.065700 0.055300 0.062100 0.103000 0.071900 0.086500 0.052800 0.043000 0.062500 0.000000 0.071600 0.085500 0.148500 0.110100 0.071800 0.106700 0.120200 0.059100 0.052600 0.089300 0.063000 0.049400 0.084500 0.065800 0.062600
BohorReedb 0.068300 0.212700 0.078300 0.217900 0.021000 0.071700 0.081700 0.098700 0.062000 0.137100 0.068500 0.065400 0.071700 0.075300 0.075100 0.071700 0.096800 0.077800 0.081800 0.071800 0.087500 0.072000 0.136500 0.136300 0.065200 0.074700 0.071500 0.081600 0.058200 0.071600 0.133200 0.081100 0.085700 0.068400 0.071200 0.071900 0.071600 0.000000 0.088100 0.161500 0.133700 0.081100 0.140600 0.136600 0.088100 0.074700 0.098600 0.075500 0.071200 0.097300 0.075200 0.072000
KirksDik 0.088700 0.211900 0.085900 0.224300 0.091500 0.092300 0.082500 0.082900 0.075700 0.138800 0.082500 0.086000 0.092400 0.069500 0.079200 0.062600 0.118000 0.091900 0.095900 0.079200 0.068700 0.082700 0.131300 0.110200 0.085700 0.056000 0.092100 0.075900 0.065100 0.072400 0.121000 0.081800 0.090000 0.088900 0.078400 0.092600 0.085500 0.088100 0.000000 0.149100 0.121500 0.062400 0.128300 0.117500 0.109300 0.075300 0.069600 0.076300 0.085100 0.108300 0.076000 0.079500
RoeDeer 0.151800 0.256700 0.138200 0.244400 0.158000 0.155800 0.149100 0.168200 0.130600 0.085400 0.148900 0.145700 0.155800 0.135000 0.138000 0.145300 0.153500 0.137000 0.155500 0.134600 0.147800 0.142100 0.085200 0.068500 0.152400 0.127000 0.158900 0.130900 0.140000 0.120000 0.072200 0.147800 0.146300 0.148300 0.151100 0.141800 0.148500 0.161500 0.149100 0.000000 0.075800 0.137400 0.075600 0.068600 0.155800 0.129700 0.139100 0.146200 0.144200 0.172600 0.138400 0.135000
WhiteLippe 0.113300 0.224500 0.113800 0.250000 0.130400 0.117400 0.107200 0.139900 0.103200 0.053300 0.106900 0.114500 0.124600 0.090500 0.100400 0.121400 0.125800 0.109900 0.124300 0.106900 0.113600 0.103700 0.021300 0.049800 0.110300 0.103200 0.124100 0.109300 0.115900 0.099700 0.040500 0.113400 0.115000 0.113900 0.116700 0.107100 0.110100 0.133700 0.121500 0.075800 0.000000 0.109900 0.043700 0.050100 0.124100 0.099400 0.122000 0.118500 0.109500 0.133400 0.110600 0.107300
ThomsonGaz 0.074800 0.225000 0.078600 0.223200 0.084500 0.078600 0.062300 0.062700 0.068600 0.127300 0.069300 0.072400 0.078700 0.056100 0.065700 0.049500 0.103700 0.084800 0.078800 0.072000 0.055500 0.068300 0.119600 0.112500 0.071900 0.024300 0.078400 0.068800 0.045600 0.065000 0.109800 0.068400 0.089600 0.075300 0.071600 0.072100 0.071800 0.081100 0.062400 0.137400 0.109900 0.000000 0.116900 0.113100 0.087800 0.058700 0.062600 0.079200 0.071700 0.100800 0.075400 0.072300
MuntiacusC 0.116900 0.224000 0.114000 0.241800 0.137200 0.120200 0.121100 0.146800 0.103400 0.015300 0.103500 0.124900 0.124300 0.107400 0.110400 0.128100 0.126000 0.109800 0.120500 0.107100 0.127200 0.107200 0.040300 0.049800 0.106900 0.110200 0.123900 0.110500 0.116200 0.099800 0.018400 0.120100 0.121900 0.113600 0.116500 0.117700 0.106700 0.140600 0.128300 0.075600 0.043700 0.116900 0.000000 0.043600 0.120900 0.106000 0.128900 0.125300 0.116600 0.144200 0.110700 0.107400
WhiteTaile 0.123500 0.228900 0.103300 0.232300 0.133200 0.127300 0.113800 0.139200 0.092800 0.053200 0.117100 0.114000 0.120400 0.100200 0.103200 0.124200 0.129000 0.112800 0.127200 0.096500 0.123400 0.113900 0.059400 0.024400 0.120500 0.106400 0.120000 0.099900 0.119200 0.089400 0.040400 0.112900 0.114500 0.109800 0.119500 0.100000 0.120200 0.136600 0.117500 0.068600 0.050100 0.113100 0.043600 0.000000 0.117000 0.095500 0.121400 0.121400 0.119600 0.143700 0.100000 0.096800
Cattle 0.062200 0.187500 0.078900 0.212100 0.084800 0.065800 0.088900 0.123800 0.062600 0.117300 0.069000 0.033900 0.065900 0.082700 0.082400 0.095700 0.100600 0.095100 0.082500 0.072300 0.101700 0.071800 0.119800 0.130200 0.072200 0.088600 0.065600 0.075600 0.071400 0.072100 0.120600 0.095100 0.103500 0.062500 0.065400 0.021400 0.059100 0.088100 0.109300 0.155800 0.124100 0.087800 0.120900 0.117000 0.000000 0.068700 0.113200 0.079500 0.078400 0.107900 0.075700 0.072500
RoyalAntel 0.055700 0.198400 0.065700 0.200100 0.071500 0.059100 0.062400 0.089000 0.055900 0.109500 0.056000 0.059300 0.062300 0.049700 0.049600 0.062300 0.084200 0.065300 0.065500 0.059200 0.074700 0.059300 0.109000 0.095300 0.059100 0.052400 0.062100 0.062500 0.045800 0.059100 0.099000 0.061900 0.076200 0.062300 0.058700 0.052800 0.052600 0.074700 0.075300 0.129700 0.099400 0.058700 0.106000 0.095500 0.068700 0.000000 0.078900 0.062800 0.058800 0.087600 0.062600 0.059400
Steenbok 0.092500 0.208500 0.096400 0.217100 0.102000 0.096100 0.079600 0.083200 0.086100 0.139500 0.086200 0.096600 0.092800 0.066500 0.079500 0.069500 0.122000 0.102400 0.099900 0.089700 0.068900 0.082900 0.131900 0.121100 0.089500 0.053000 0.095800 0.089700 0.065400 0.086000 0.121500 0.078900 0.090400 0.092700 0.082100 0.096500 0.089300 0.098600 0.069600 0.139100 0.122000 0.062600 0.128900 0.121400 0.113200 0.078900 0.000000 0.096900 0.088900 0.118900 0.093200 0.089900
Impala 0.059600 0.193400 0.069700 0.213900 0.072300 0.059800 0.079800 0.107300 0.059700 0.128900 0.059900 0.066600 0.069600 0.066700 0.066500 0.073000 0.098100 0.075700 0.073100 0.063200 0.085600 0.063300 0.128400 0.114000 0.063100 0.072700 0.069400 0.066400 0.068900 0.063000 0.111100 0.072600 0.080500 0.066300 0.056200 0.063200 0.063000 0.075500 0.076300 0.146200 0.118500 0.079200 0.125300 0.121400 0.079500 0.062800 0.096900 0.000000 0.062700 0.095500 0.066500 0.063400
Klipspring 0.052500 0.202000 0.068800 0.199900 0.068000 0.055800 0.072100 0.095800 0.059000 0.127000 0.046300 0.068900 0.062200 0.059300 0.059100 0.072000 0.087300 0.068400 0.059200 0.062300 0.081300 0.056000 0.119200 0.119300 0.049400 0.065300 0.062000 0.065500 0.061600 0.062100 0.116300 0.065200 0.082800 0.058900 0.049100 0.068800 0.049400 0.071200 0.085100 0.144200 0.109500 0.071700 0.116600 0.119600 0.078400 0.058800 0.088900 0.062700 0.000000 0.087700 0.065700 0.062500
ForestMusk 0.087700 0.196600 0.094500 0.217200 0.100700 0.091500 0.104800 0.126200 0.084400 0.151300 0.081500 0.095100 0.088200 0.088600 0.088100 0.094800 0.113100 0.084300 0.088600 0.087900 0.114300 0.081500 0.143200 0.142800 0.084700 0.094300 0.087900 0.087900 0.090300 0.084300 0.136800 0.097700 0.112800 0.088100 0.071300 0.094800 0.084500 0.097300 0.108300 0.172600 0.133400 0.100800 0.144200 0.143700 0.107900 0.087600 0.118900 0.095500 0.087700 0.000000 0.084700 0.088100
Bushbuck 0.068900 0.199400 0.021400 0.205000 0.072000 0.072600 0.068900 0.089600 0.012100 0.114200 0.062700 0.059800 0.059500 0.063200 0.063000 0.069400 0.084500 0.068900 0.076100 0.009100 0.088700 0.066100 0.120300 0.099400 0.059400 0.069000 0.059300 0.024600 0.058600 0.015200 0.100200 0.069000 0.083500 0.056200 0.059100 0.059600 0.065800 0.075200 0.076000 0.138400 0.110600 0.075400 0.110700 0.100000 0.075700 0.062600 0.093200 0.066500 0.065700 0.084700 0.000000 0.015300
GreaterKud 0.065700 0.180100 0.012200 0.201400 0.068800 0.069400 0.066200 0.100200 0.009100 0.110900 0.059100 0.056700 0.056400 0.060000 0.059800 0.066300 0.081200 0.065700 0.072900 0.012200 0.085500 0.063000 0.117000 0.096200 0.055900 0.065800 0.056200 0.015200 0.055700 0.012200 0.096900 0.065800 0.080200 0.053100 0.062500 0.056400 0.062600 0.072000 0.079500 0.135000 0.107300 0.072300 0.107400 0.096800 0.072500 0.059400 0.089900 0.063400 0.062500 0.088100 0.015300 0.000000
