1
52 1
Argali 0.000000 0.324300 0.072500 0.244800 0.099300 0.035800 0.036800 0.049700 0.086100 0.124600 0.024000 0.073000 0.035400 0.036500 0.062200 0.060900 0.101200 0.100500 0.059600 0.072500 0.024400 0.024300 0.099700 0.098600 0.036500 0.097100 0.047000 0.100000 0.073400 0.112900 0.099900 0.061200 0.151100 0.047000 0.072600 0.073800 0.024000 0.099200 0.088100 0.098300 0.152400 0.061200 0.115200 0.114100 0.073800 0.074400 0.047700 0.062200 0.036500 0.073700 0.085600 0.122300
LesserMous 0.324300 0.000000 0.317100 0.268400 0.359200 0.303700 0.275100 0.278600 0.338600 0.353800 0.291000 0.284300 0.333600 0.275100 0.348200 0.270900 0.330100 0.342900 0.297200 0.317100 0.294200 0.312200 0.323200 0.318600 0.307200 0.348800 0.346300 0.317100 0.321900 0.339600 0.324700 0.310300 0.370300 0.346300 0.335300 0.255200 0.291000 0.336800 0.290600 0.317500 0.284500 0.272000 0.310900 0.326500 0.255200 0.328000 0.284400 0.311400 0.275100 0.255800 0.336900 0.382300
LesserKudu 0.072500 0.317100 0.000000 0.272400 0.084700 0.059500 0.035800 0.048900 0.011600 0.109500 0.047900 0.035200 0.071000 0.035800 0.073600 0.059800 0.099200 0.073600 0.083300 0.000000 0.048400 0.073700 0.097900 0.071700 0.047700 0.095800 0.082600 0.023400 0.072100 0.047200 0.098800 0.060000 0.108300 0.082600 0.083900 0.047700 0.047900 0.097400 0.086600 0.096500 0.123200 0.060000 0.112400 0.112000 0.047700 0.073100 0.071400 0.086600 0.036000 0.072300 0.011500 0.045900
KillerWhal 0.244800 0.268400 0.272400 0.000000 0.276100 0.228400 0.232600 0.251500 0.290200 0.242000 0.216400 0.258300 0.255200 0.232600 0.296000 0.230200 0.280200 0.276800 0.240000 0.272400 0.248800 0.233200 0.244300 0.241300 0.230600 0.300700 0.267400 0.307900 0.275100 0.292900 0.215900 0.260900 0.303000 0.267400 0.211500 0.244700 0.216400 0.245300 0.250400 0.212200 0.241400 0.230400 0.203400 0.200100 0.244700 0.310200 0.212700 0.263300 0.232600 0.245400 0.289500 0.331900
DefassaWat 0.099300 0.359200 0.084700 0.276100 0.000000 0.085500 0.061800 0.075000 0.098500 0.123600 0.073700 0.071800 0.084200 0.061200 0.087300 0.085900 0.127200 0.125800 0.110000 0.084700 0.074600 0.100900 0.125600 0.124300 0.060700 0.122500 0.095800 0.112700 0.098600 0.139900 0.126000 0.086200 0.136500 0.095800 0.097700 0.099200 0.073700 0.047800 0.114800 0.123900 0.179700 0.086300 0.141200 0.140700 0.099200 0.126700 0.097700 0.115100 0.061200 0.099000 0.098000 0.134900
Sheep 0.035800 0.303700 0.059500 0.228400 0.085500 0.000000 0.024200 0.036700 0.072700 0.110500 0.012000 0.059900 0.047000 0.024400 0.074400 0.048000 0.087000 0.086100 0.047300 0.059500 0.036500 0.036300 0.085900 0.085000 0.023700 0.083800 0.058500 0.086100 0.060200 0.098800 0.086100 0.048200 0.136400 0.058500 0.059600 0.060600 0.012000 0.085500 0.074500 0.084700 0.137500 0.048200 0.100200 0.099800 0.060600 0.086600 0.035800 0.074500 0.024000 0.060500 0.072300 0.108500
MaxwellsDu 0.036800 0.275100 0.035800 0.232600 0.061800 0.024200 0.000000 0.012400 0.048600 0.086000 0.012100 0.036300 0.047900 0.000000 0.049700 0.024300 0.062900 0.061600 0.047800 0.036000 0.012200 0.037300 0.061500 0.060800 0.024100 0.059900 0.059500 0.061600 0.036200 0.087100 0.062200 0.024200 0.111600 0.059500 0.060600 0.036400 0.012000 0.061100 0.049800 0.060600 0.112600 0.024400 0.075300 0.075000 0.036800 0.062000 0.035900 0.049800 0.000000 0.036400 0.048300 0.084400
GazellaPrz 0.049700 0.278600 0.048900 0.251500 0.075000 0.036700 0.012400 0.000000 0.062000 0.100500 0.024700 0.049000 0.061100 0.012400 0.063500 0.036900 0.076500 0.075600 0.061000 0.048700 0.024900 0.050900 0.075400 0.075400 0.037000 0.073400 0.073600 0.075600 0.049400 0.101800 0.076200 0.037000 0.126800 0.072900 0.074300 0.049600 0.024700 0.075000 0.063600 0.074300 0.128000 0.037000 0.089800 0.089400 0.049600 0.076100 0.048900 0.063700 0.012300 0.049500 0.061900 0.099200
MountainNy 0.086100 0.338600 0.011600 0.290200 0.098500 0.072700 0.048600 0.062000 0.000000 0.123800 0.060900 0.047700 0.084300 0.048600 0.087500 0.073000 0.113600 0.086300 0.096900 0.011700 0.061600 0.087900 0.112000 0.085200 0.060700 0.109300 0.095900 0.011800 0.085600 0.035600 0.112300 0.073300 0.122400 0.095900 0.097600 0.060700 0.060900 0.111500 0.100800 0.085600 0.137900 0.073300 0.127500 0.126700 0.060700 0.086900 0.084800 0.074300 0.048600 0.085900 0.023300 0.058300
MuntiacusM 0.124600 0.353800 0.109500 0.242000 0.123600 0.110500 0.086000 0.100500 0.123800 0.000000 0.098700 0.096900 0.108800 0.086300 0.112700 0.110900 0.153500 0.124800 0.108800 0.109500 0.099800 0.126500 0.047300 0.071500 0.085300 0.147800 0.120400 0.138400 0.123900 0.165500 0.023500 0.111400 0.162800 0.120400 0.096300 0.124500 0.098700 0.124000 0.140600 0.096300 0.095200 0.111400 0.035300 0.060400 0.124500 0.152800 0.122800 0.140400 0.086000 0.124300 0.123200 0.160400
goat 0.024000 0.291000 0.047900 0.216400 0.073700 0.012000 0.012100 0.024700 0.060900 0.098700 0.000000 0.048200 0.035900 0.012100 0.062300 0.036200 0.075000 0.074200 0.035600 0.047900 0.024500 0.024700 0.074000 0.073200 0.011900 0.072100 0.047000 0.074200 0.048500 0.086900 0.074200 0.036300 0.124500 0.047000 0.047900 0.048700 0.000000 0.073600 0.062400 0.073000 0.125600 0.036400 0.088200 0.087800 0.048700 0.074700 0.023600 0.062400 0.012000 0.048600 0.060500 0.096800
AfricanBuf 0.073000 0.284300 0.035200 0.258300 0.071800 0.059900 0.036300 0.049000 0.047700 0.096900 0.048200 0.000000 0.059000 0.036000 0.061200 0.060100 0.099600 0.073100 0.058900 0.035400 0.048700 0.074100 0.098400 0.072200 0.035700 0.096000 0.071900 0.060600 0.072500 0.060200 0.098700 0.060400 0.135800 0.071100 0.071800 0.048000 0.048200 0.097900 0.087200 0.097000 0.123900 0.060400 0.113000 0.099500 0.048000 0.073500 0.071800 0.087100 0.036000 0.073200 0.047500 0.082400
Topi 0.035400 0.333600 0.071000 0.255200 0.084200 0.047000 0.047900 0.061100 0.084300 0.108800 0.035900 0.059000 0.000000 0.047900 0.048200 0.072000 0.111800 0.110600 0.070500 0.071000 0.060700 0.060500 0.110500 0.109300 0.023600 0.082800 0.011500 0.097900 0.084400 0.110600 0.110800 0.072300 0.148000 0.011300 0.058700 0.084800 0.035500 0.110000 0.099400 0.108900 0.162800 0.072300 0.125300 0.124900 0.084800 0.111400 0.058800 0.099300 0.047900 0.084900 0.083800 0.119900
CommonDuik 0.036500 0.275100 0.035800 0.232600 0.061200 0.024400 0.000000 0.012400 0.048600 0.086300 0.012100 0.036000 0.047900 0.000000 0.049700 0.024100 0.062300 0.061600 0.047800 0.035800 0.012200 0.037000 0.061500 0.060800 0.024200 0.059900 0.059500 0.061600 0.036200 0.087100 0.061600 0.024200 0.111600 0.059500 0.060600 0.036800 0.012200 0.061100 0.049800 0.061300 0.112600 0.024500 0.075300 0.075000 0.036400 0.062000 0.035900 0.049800 0.000000 0.036600 0.048300 0.084400
Suni 0.062200 0.348200 0.073600 0.296000 0.087300 0.074400 0.049700 0.063500 0.087500 0.112700 0.062300 0.061200 0.048200 0.049700 0.000000 0.074700 0.116200 0.114900 0.099000 0.074300 0.063200 0.089600 0.114600 0.113300 0.049300 0.111600 0.059900 0.101500 0.087500 0.128200 0.114900 0.075000 0.153300 0.059900 0.086600 0.088100 0.062300 0.114100 0.103300 0.113000 0.168800 0.075100 0.130200 0.129600 0.088100 0.115700 0.086700 0.103300 0.049700 0.087900 0.086900 0.124000
Springbuck 0.060900 0.270900 0.059800 0.230200 0.085900 0.048000 0.024300 0.036900 0.073000 0.110900 0.036200 0.060100 0.072000 0.024100 0.074700 0.000000 0.088400 0.086500 0.071900 0.059800 0.036600 0.061900 0.086300 0.085800 0.048400 0.058900 0.083600 0.086500 0.035600 0.112300 0.086500 0.048400 0.110300 0.083600 0.085000 0.060800 0.036200 0.085800 0.074800 0.085100 0.111300 0.048400 0.100600 0.100200 0.060800 0.087100 0.060000 0.074900 0.024100 0.060800 0.072700 0.109000
Okapi 0.101200 0.330100 0.099200 0.280200 0.127200 0.087000 0.062900 0.076500 0.113600 0.153500 0.075000 0.099600 0.111800 0.062300 0.116200 0.088400 0.000000 0.074600 0.111700 0.099200 0.076000 0.102600 0.127900 0.126300 0.087700 0.124600 0.123700 0.128200 0.100400 0.155300 0.128300 0.088400 0.152000 0.123700 0.099400 0.100900 0.075000 0.127200 0.116500 0.126000 0.182500 0.087700 0.143800 0.143100 0.100900 0.102100 0.099400 0.116600 0.062400 0.074700 0.113000 0.150800
Giraffe 0.100500 0.342900 0.073600 0.276800 0.125800 0.086100 0.061600 0.075600 0.086300 0.124800 0.074200 0.073100 0.110600 0.061600 0.114900 0.086500 0.074600 0.000000 0.110500 0.073200 0.075100 0.101400 0.126400 0.098700 0.086800 0.123200 0.122400 0.087100 0.099300 0.126500 0.100100 0.086800 0.097200 0.122400 0.098000 0.073900 0.074200 0.086300 0.101700 0.124600 0.152800 0.086800 0.114700 0.114200 0.073900 0.100800 0.098000 0.115200 0.061700 0.099600 0.085800 0.122700
TibetanAnt 0.059600 0.297200 0.083300 0.240000 0.110000 0.047300 0.047800 0.061000 0.096900 0.108800 0.035600 0.058900 0.070500 0.047800 0.099000 0.071900 0.111700 0.110500 0.000000 0.083300 0.060700 0.060500 0.059600 0.083700 0.047400 0.082700 0.057800 0.110700 0.084300 0.097200 0.084800 0.072200 0.161300 0.057800 0.083400 0.084700 0.035400 0.109900 0.099300 0.083400 0.135500 0.072300 0.098600 0.085400 0.085100 0.111200 0.058700 0.099800 0.047800 0.084600 0.096300 0.132600
Sitatunga 0.072500 0.317100 0.000000 0.272400 0.084700 0.059500 0.036000 0.048700 0.011700 0.109500 0.047900 0.035400 0.071000 0.035800 0.074300 0.059800 0.099200 0.073200 0.083300 0.000000 0.048400 0.073600 0.097900 0.072100 0.047700 0.095500 0.082600 0.023400 0.072400 0.047200 0.098100 0.060000 0.108300 0.082600 0.083900 0.047700 0.047900 0.097400 0.086600 0.096500 0.123200 0.060000 0.113000 0.112000 0.047700 0.073100 0.071400 0.086600 0.035800 0.072300 0.011500 0.045900
Oribi 0.024400 0.294200 0.048400 0.248800 0.074600 0.036500 0.012200 0.024900 0.061600 0.099800 0.024500 0.048700 0.060700 0.012200 0.063200 0.036600 0.076000 0.075100 0.060700 0.048400 0.000000 0.024700 0.074900 0.074100 0.036800 0.073000 0.072500 0.074800 0.049100 0.101100 0.075100 0.036800 0.125500 0.072500 0.073600 0.049300 0.024500 0.074500 0.063200 0.073800 0.127100 0.036800 0.089300 0.088500 0.049300 0.049700 0.048600 0.037400 0.012200 0.049200 0.061300 0.097900
BarbaryShe 0.024300 0.312200 0.073700 0.233200 0.100900 0.036300 0.037300 0.050900 0.087900 0.126500 0.024700 0.074100 0.060500 0.037000 0.089600 0.061900 0.102600 0.101400 0.060500 0.073600 0.024700 0.000000 0.101200 0.100100 0.036900 0.098500 0.072300 0.101500 0.074500 0.114700 0.101500 0.062100 0.153500 0.072300 0.073700 0.075000 0.024600 0.100700 0.063200 0.099800 0.154800 0.062100 0.116400 0.115900 0.075000 0.075500 0.048400 0.063200 0.037000 0.074800 0.086800 0.124000
Daviddeer 0.099700 0.323200 0.097900 0.244300 0.125600 0.085900 0.061500 0.075400 0.112000 0.047300 0.074000 0.098400 0.110500 0.061500 0.114600 0.086300 0.127900 0.126400 0.059600 0.097900 0.074900 0.101200 0.000000 0.047600 0.086600 0.097100 0.096500 0.126500 0.099100 0.153500 0.023700 0.086600 0.178700 0.096500 0.097700 0.099600 0.074000 0.125500 0.114900 0.072200 0.071400 0.086600 0.036100 0.061100 0.099600 0.127300 0.098100 0.114900 0.061400 0.099400 0.111500 0.148800
Reindeer 0.098600 0.318600 0.071700 0.241300 0.124300 0.085000 0.060800 0.075400 0.085200 0.071500 0.073200 0.072200 0.109300 0.060800 0.113300 0.085800 0.126300 0.098700 0.083700 0.072100 0.074100 0.100100 0.047600 0.000000 0.085700 0.121600 0.120900 0.098900 0.098000 0.125000 0.047700 0.085600 0.149000 0.120900 0.096900 0.073000 0.073200 0.124100 0.113600 0.071400 0.047200 0.085700 0.060700 0.060400 0.073000 0.099400 0.097100 0.114100 0.060800 0.099600 0.084700 0.121000
Ibex 0.036500 0.307200 0.047700 0.230600 0.060700 0.023700 0.024100 0.037000 0.060700 0.085300 0.011900 0.035700 0.023600 0.024200 0.049300 0.048400 0.087700 0.086800 0.047400 0.047700 0.036800 0.036900 0.086600 0.085700 0.000000 0.084300 0.034900 0.074000 0.060800 0.087100 0.086900 0.048600 0.124200 0.035100 0.035600 0.061100 0.012000 0.086200 0.075200 0.085400 0.138800 0.048700 0.101100 0.100700 0.061100 0.087700 0.035800 0.075200 0.024100 0.061000 0.060400 0.096500
GyrantGaze 0.097100 0.348800 0.095800 0.300700 0.122500 0.083800 0.059900 0.073400 0.109300 0.147800 0.072100 0.096000 0.082800 0.059900 0.111600 0.058900 0.124600 0.123200 0.082700 0.095500 0.073000 0.098500 0.097100 0.121600 0.084300 0.000000 0.069800 0.123300 0.046600 0.149600 0.123300 0.084500 0.174300 0.069800 0.121300 0.097000 0.072100 0.122400 0.111900 0.121300 0.175600 0.059400 0.138000 0.137600 0.097000 0.097900 0.095700 0.112600 0.059900 0.071500 0.108800 0.145400
Hartebeest 0.047000 0.346300 0.082600 0.267400 0.095800 0.058500 0.059500 0.073600 0.095900 0.120400 0.047000 0.071900 0.011500 0.059500 0.059900 0.083600 0.123700 0.122400 0.057800 0.082600 0.072500 0.072300 0.096500 0.120900 0.034900 0.069800 0.000000 0.109600 0.096000 0.122300 0.122500 0.083900 0.159700 0.000000 0.070100 0.096500 0.047000 0.121700 0.111300 0.120500 0.174600 0.084000 0.137200 0.136800 0.096500 0.123100 0.070200 0.111100 0.059500 0.096300 0.095400 0.131500
Bongo 0.100000 0.317100 0.023400 0.307900 0.112700 0.086100 0.061600 0.075600 0.011800 0.138400 0.074200 0.060600 0.097900 0.061600 0.101500 0.086500 0.128200 0.087100 0.110700 0.023400 0.074800 0.101500 0.126500 0.098900 0.074000 0.123300 0.109600 0.000000 0.099400 0.048200 0.126900 0.086900 0.123100 0.109600 0.098200 0.074000 0.074200 0.111500 0.100700 0.098600 0.153100 0.086900 0.142200 0.141200 0.074000 0.100800 0.098400 0.088500 0.061600 0.099700 0.035500 0.071000
Gerenuk 0.073400 0.321900 0.072100 0.275100 0.098600 0.060200 0.036200 0.049400 0.085600 0.123900 0.048500 0.072500 0.084400 0.036200 0.087500 0.035600 0.100400 0.099300 0.084300 0.072400 0.049100 0.074500 0.099100 0.098000 0.060800 0.046600 0.096000 0.099400 0.000000 0.125500 0.099300 0.060800 0.150200 0.096000 0.097800 0.073400 0.048500 0.098600 0.087700 0.097700 0.151500 0.035900 0.113800 0.113400 0.073300 0.099900 0.072300 0.087700 0.036200 0.048100 0.085100 0.121700
CommonElan 0.112900 0.339600 0.047200 0.292900 0.139900 0.098800 0.087100 0.101800 0.035600 0.165500 0.086900 0.060200 0.110600 0.087100 0.128200 0.112300 0.155300 0.126500 0.097200 0.047200 0.101100 0.114700 0.153500 0.125000 0.087100 0.149600 0.122300 0.048200 0.125500 0.000000 0.154000 0.112800 0.163900 0.122300 0.124800 0.086700 0.086900 0.152900 0.142500 0.124600 0.166700 0.099800 0.169900 0.155400 0.086700 0.127300 0.111200 0.114900 0.087100 0.125900 0.059700 0.095600
MuntiacusR 0.099900 0.324700 0.098800 0.215900 0.126000 0.086100 0.062200 0.076200 0.112300 0.023500 0.074200 0.098700 0.110800 0.061600 0.114900 0.086500 0.128300 0.100100 0.084800 0.098100 0.075100 0.101500 0.023700 0.047700 0.086900 0.123300 0.122500 0.126900 0.099300 0.154000 0.000000 0.086900 0.151400 0.122500 0.098000 0.099800 0.074200 0.099400 0.115200 0.072300 0.071500 0.086900 0.011900 0.036300 0.099800 0.127600 0.098400 0.115200 0.062000 0.099700 0.111800 0.149200
HarveysDui 0.061200 0.310300 0.060000 0.260900 0.086200 0.048200 0.024200 0.037000 0.073300 0.111400 0.036300 0.060400 0.072300 0.024200 0.075000 0.048400 0.088400 0.086800 0.072200 0.060000 0.036800 0.062100 0.086600 0.085600 0.048600 0.084500 0.083900 0.086900 0.060800 0.112800 0.086900 0.000000 0.137500 0.083900 0.085400 0.061100 0.036700 0.086200 0.075100 0.085400 0.138700 0.048600 0.101100 0.100700 0.061100 0.087500 0.060200 0.075200 0.024200 0.061000 0.072900 0.109400
Pronghorn 0.151100 0.370300 0.108300 0.303000 0.136500 0.136400 0.111600 0.126800 0.122400 0.162800 0.124500 0.135800 0.148000 0.111600 0.153300 0.110300 0.152000 0.097200 0.161300 0.108300 0.125500 0.153500 0.178700 0.149000 0.124200 0.174300 0.159700 0.123100 0.150200 0.163900 0.151400 0.137500 0.000000 0.159700 0.135000 0.150900 0.124500 0.110100 0.154000 0.176100 0.176800 0.137600 0.167100 0.166100 0.150900 0.180100 0.148900 0.167600 0.111600 0.150700 0.121800 0.158700
BlueWildeb 0.047000 0.346300 0.082600 0.267400 0.095800 0.058500 0.059500 0.072900 0.095900 0.120400 0.047000 0.071100 0.011300 0.059500 0.059900 0.083600 0.123700 0.122400 0.057800 0.082600 0.072500 0.072300 0.096500 0.120900 0.035100 0.069800 0.000000 0.109600 0.096000 0.122300 0.122500 0.083900 0.159700 0.000000 0.070100 0.096500 0.047000 0.121700 0.111300 0.120500 0.174600 0.084000 0.137200 0.136800 0.096500 0.123100 0.070600 0.111100 0.059500 0.096300 0.095400 0.131500
Gemsbok 0.072600 0.335300 0.083900 0.211500 0.097700 0.059600 0.060600 0.074300 0.097600 0.096300 0.047900 0.071800 0.058700 0.060600 0.086600 0.085000 0.099400 0.098000 0.083400 0.083900 0.073600 0.073700 0.097700 0.096900 0.035600 0.121300 0.070100 0.098200 0.097800 0.124800 0.098000 0.085400 0.135000 0.070100 0.000000 0.098300 0.047900 0.110800 0.100200 0.096400 0.150000 0.085600 0.112300 0.111600 0.098300 0.125400 0.071500 0.113300 0.060600 0.098100 0.097000 0.133500
Yak 0.073800 0.255200 0.047700 0.244700 0.099200 0.060600 0.036400 0.049600 0.060700 0.124500 0.048700 0.048000 0.084800 0.036800 0.088100 0.060800 0.100900 0.073900 0.084700 0.047700 0.049300 0.075000 0.099600 0.073000 0.061100 0.097000 0.096500 0.074000 0.073400 0.086700 0.099800 0.061100 0.150900 0.096500 0.098300 0.000000 0.048700 0.099100 0.088200 0.098200 0.073000 0.036400 0.114400 0.113900 0.000000 0.074500 0.072700 0.088200 0.036400 0.073600 0.060400 0.096600
BlueSheep 0.024000 0.291000 0.047900 0.216400 0.073700 0.012000 0.012000 0.024700 0.060900 0.098700 0.000000 0.048200 0.035500 0.012200 0.062300 0.036200 0.075000 0.074200 0.035400 0.047900 0.024500 0.024600 0.074000 0.073200 0.012000 0.072100 0.047000 0.074200 0.048500 0.086900 0.074200 0.036700 0.124500 0.047000 0.047900 0.048700 0.000000 0.073600 0.062400 0.073000 0.125600 0.036500 0.088200 0.087800 0.049100 0.074700 0.023500 0.062400 0.012200 0.048600 0.060500 0.096800
BohorReedb 0.099200 0.336800 0.097400 0.245300 0.047800 0.085500 0.061100 0.075000 0.111500 0.124000 0.073600 0.097900 0.110000 0.061100 0.114100 0.085800 0.127200 0.086300 0.109900 0.097400 0.074500 0.100700 0.125500 0.124100 0.086200 0.122400 0.121700 0.111500 0.098600 0.152900 0.099400 0.086200 0.110100 0.121700 0.110800 0.099100 0.073600 0.000000 0.087200 0.123800 0.179400 0.086200 0.113900 0.113400 0.099100 0.126600 0.097700 0.114300 0.061100 0.098900 0.110900 0.148100
KirksDik 0.088100 0.290600 0.086600 0.250400 0.114800 0.074500 0.049800 0.063600 0.100800 0.140600 0.062400 0.087200 0.099400 0.049800 0.103300 0.074800 0.116500 0.101700 0.099300 0.086600 0.063200 0.063200 0.114900 0.113600 0.075200 0.111900 0.111300 0.100700 0.087700 0.142500 0.115200 0.075100 0.154000 0.111300 0.100200 0.088200 0.062400 0.087200 0.000000 0.086500 0.169500 0.075200 0.130500 0.130000 0.088200 0.116000 0.087000 0.103400 0.049800 0.088000 0.100200 0.137800
RoeDeer 0.098300 0.317500 0.096500 0.212200 0.123900 0.084700 0.060600 0.074300 0.085600 0.096300 0.073000 0.097000 0.108900 0.061300 0.113000 0.085100 0.126000 0.124600 0.083400 0.096500 0.073800 0.099800 0.072200 0.071400 0.085400 0.121300 0.120500 0.098600 0.097700 0.124600 0.072300 0.085400 0.176100 0.120500 0.096400 0.098200 0.073000 0.123800 0.086500 0.000000 0.122500 0.085400 0.085900 0.085600 0.098200 0.125400 0.072000 0.087000 0.060600 0.072500 0.109900 0.146600
WhiteLippe 0.152400 0.284500 0.123200 0.241400 0.179700 0.137500 0.112600 0.128000 0.137900 0.095200 0.125600 0.123900 0.162800 0.112600 0.168800 0.111300 0.182500 0.152800 0.135500 0.123200 0.127100 0.154800 0.071400 0.047200 0.138800 0.175600 0.174600 0.153100 0.151500 0.166700 0.071500 0.138700 0.176800 0.174600 0.150000 0.073000 0.125600 0.179400 0.169500 0.122500 0.000000 0.111700 0.084900 0.112100 0.073000 0.153700 0.150100 0.169100 0.112600 0.152000 0.137200 0.175000
ThomsonGaz 0.061200 0.272000 0.060000 0.230400 0.086300 0.048200 0.024400 0.037000 0.073300 0.111400 0.036400 0.060400 0.072300 0.024500 0.075100 0.048400 0.087700 0.086800 0.072300 0.060000 0.036800 0.062100 0.086600 0.085700 0.048700 0.059400 0.084000 0.086900 0.035900 0.099800 0.086900 0.048600 0.137600 0.084000 0.085600 0.036400 0.036500 0.086200 0.075200 0.085400 0.111700 0.000000 0.101100 0.100700 0.036100 0.087400 0.060200 0.075800 0.024100 0.036500 0.072900 0.109300
MuntiacusC 0.115200 0.310900 0.112400 0.203400 0.141200 0.100200 0.075300 0.089800 0.127500 0.035300 0.088200 0.113000 0.125300 0.075300 0.130200 0.100600 0.143800 0.114700 0.098600 0.113000 0.089300 0.116400 0.036100 0.060700 0.101100 0.138000 0.137200 0.142200 0.113800 0.169900 0.011900 0.101100 0.167100 0.137200 0.112300 0.114400 0.088200 0.113900 0.130500 0.085900 0.084900 0.101100 0.000000 0.049200 0.114400 0.143100 0.112700 0.130500 0.075300 0.114200 0.126400 0.164500
WhiteTaile 0.114100 0.326500 0.112000 0.200100 0.140700 0.099800 0.075000 0.089400 0.126700 0.060400 0.087800 0.099500 0.124900 0.075000 0.129600 0.100200 0.143100 0.114200 0.085400 0.112000 0.088500 0.115900 0.061100 0.060400 0.100700 0.137600 0.136800 0.141200 0.113400 0.155400 0.036300 0.100700 0.166100 0.136800 0.111600 0.113900 0.087800 0.113400 0.130000 0.085600 0.112100 0.100700 0.049200 0.000000 0.113900 0.142400 0.112300 0.129900 0.075000 0.113800 0.126000 0.164000
Cattle 0.073800 0.255200 0.047700 0.244700 0.099200 0.060600 0.036800 0.049600 0.060700 0.124500 0.048700 0.048000 0.084800 0.036400 0.088100 0.060800 0.100900 0.073900 0.085100 0.047700 0.049300 0.075000 0.099600 0.073000 0.061100 0.097000 0.096500 0.074000 0.073300 0.086700 0.099800 0.061100 0.150900 0.096500 0.098300 0.000000 0.049100 0.099100 0.088200 0.098200 0.073000 0.036100 0.114400 0.113900 0.000000 0.074500 0.072700 0.088200 0.036400 0.073600 0.060400 0.096600
RoyalAntel 0.074400 0.328000 0.073100 0.310200 0.126700 0.086600 0.062000 0.076100 0.086900 0.152800 0.074700 0.073500 0.111400 0.062000 0.115700 0.087100 0.102100 0.100800 0.111200 0.073100 0.049700 0.075500 0.127300 0.099400 0.087700 0.097900 0.123100 0.100800 0.099900 0.127300 0.127600 0.087500 0.180100 0.123100 0.125400 0.074500 0.074700 0.126600 0.116000 0.125400 0.153700 0.087400 0.143100 0.142400 0.074500 0.000000 0.099000 0.088900 0.062000 0.074300 0.087100 0.123500
Steenbok 0.047700 0.284400 0.071400 0.212700 0.097700 0.035800 0.035900 0.048900 0.084800 0.122800 0.023600 0.071800 0.058800 0.035900 0.086700 0.060000 0.099400 0.098000 0.058700 0.071400 0.048600 0.048400 0.098100 0.097100 0.035800 0.095700 0.070200 0.098400 0.072300 0.111200 0.098400 0.060200 0.148900 0.070600 0.071500 0.072700 0.023500 0.097700 0.087000 0.072000 0.150100 0.060200 0.112700 0.112300 0.072700 0.099000 0.000000 0.086900 0.035900 0.047700 0.085000 0.120600
Impala 0.062200 0.311400 0.086600 0.263300 0.115100 0.074500 0.049800 0.063700 0.074300 0.140400 0.062400 0.087100 0.099300 0.049800 0.103300 0.074900 0.116600 0.115200 0.099800 0.086600 0.037400 0.063200 0.114900 0.114100 0.075200 0.112600 0.111100 0.088500 0.087700 0.114900 0.115200 0.075200 0.167600 0.111100 0.113300 0.088200 0.062400 0.114300 0.103400 0.087000 0.169100 0.075800 0.130500 0.129900 0.088200 0.088900 0.086900 0.000000 0.050200 0.088100 0.100200 0.137700
Klipspring 0.036500 0.275100 0.036000 0.232600 0.061200 0.024000 0.000000 0.012300 0.048600 0.086000 0.012000 0.036000 0.047900 0.000000 0.049700 0.024100 0.062400 0.061700 0.047800 0.035800 0.012200 0.037000 0.061400 0.060800 0.024100 0.059900 0.059500 0.061600 0.036200 0.087100 0.062000 0.024200 0.111600 0.059500 0.060600 0.036400 0.012200 0.061100 0.049800 0.060600 0.112600 0.024100 0.075300 0.075000 0.036400 0.062000 0.035900 0.050200 0.000000 0.036400 0.048300 0.084400
ForestMusk 0.073700 0.255800 0.072300 0.245400 0.099000 0.060500 0.036400 0.049500 0.085900 0.124300 0.048600 0.073200 0.084900 0.036600 0.087900 0.060800 0.074700 0.099600 0.084600 0.072300 0.049200 0.074800 0.099400 0.099600 0.061000 0.071500 0.096300 0.099700 0.048100 0.125900 0.099700 0.061000 0.150700 0.096300 0.098100 0.073600 0.048600 0.098900 0.088000 0.072500 0.152000 0.036500 0.114200 0.113800 0.073600 0.074300 0.047700 0.088100 0.036400 0.000000 0.085400 0.122100
Bushbuck 0.085600 0.336900 0.011500 0.289500 0.098000 0.072300 0.048300 0.061900 0.023300 0.123200 0.060500 0.047500 0.083800 0.048300 0.086900 0.072700 0.113000 0.085800 0.096300 0.011500 0.061300 0.086800 0.111500 0.084700 0.060400 0.108800 0.095400 0.035500 0.085100 0.059700 0.111800 0.072900 0.121800 0.095400 0.097000 0.060400 0.060500 0.110900 0.100200 0.109900 0.137200 0.072900 0.126400 0.126000 0.060400 0.087100 0.085000 0.100200 0.048300 0.085400 0.000000 0.034300
GreaterKud 0.122300 0.382300 0.045900 0.331900 0.134900 0.108500 0.084400 0.099200 0.058300 0.160400 0.096800 0.082400 0.119900 0.084400 0.124000 0.109000 0.150800 0.122700 0.132600 0.045900 0.097900 0.124000 0.148800 0.121000 0.096500 0.145400 0.131500 0.071000 0.121700 0.095600 0.149200 0.109400 0.158700 0.131500 0.133500 0.096600 0.096800 0.148100 0.137800 0.146600 0.175000 0.109300 0.164500 0.164000 0.096600 0.123500 0.120600 0.137700 0.084400 0.122100 0.034300 0.000000
