CODONML (in paml version 4.10.7, June 2023)  /home/rachel/ruminants_paml/6406-phy-tree/ENSBTAT00000020631.fasta.phy
Model: free dN/dS Ratios for branches,  kappa = 2.000 fixed

Codon frequency model: F3x4
ns =  54  ls =  49

Codon usage in sequences
--------------------------------------------------------------------------------------------------------------------------------------
Phe TTT   0   0   0   0   0   0 | Ser TCT   2   0   1   1   0   1 | Tyr TAT   0   1   0   0   0   0 | Cys TGT   0   0   0   0   0   0
    TTC   2   2   2   2   2   3 |     TCC   1   2   1   1   1   0 |     TAC   0   0   0   0   0   0 |     TGC   3   3   3   3   3   3
Leu TTA   0   0   0   0   0   0 |     TCA   0   1   0   0   0   0 | *** TAA   0   0   0   0   0   0 | *** TGA   0   0   0   0   0   0
    TTG   2   0   2   2   1   2 |     TCG   0   0   1   1   0   0 |     TAG   0   0   0   0   0   0 | Trp TGG   2   2   2   2   2   1
--------------------------------------------------------------------------------------------------------------------------------------
Leu CTT   2   2   2   2   3   2 | Pro CCT   1   1   1   1   1   0 | His CAT   0   0   0   0   0   0 | Arg CGT   0   0   0   0   0   0
    CTC   1   1   1   1   1   2 |     CCC   3   0   3   3   2   2 |     CAC   0   0   0   0   0   0 |     CGC   0   0   0   0   0   0
    CTA   1   0   1   1   1   1 |     CCA   1   2   1   1   1   2 | Gln CAA   1   0   1   1   1   1 |     CGA   0   1   0   0   0   0
    CTG   2   5   2   2   3   3 |     CCG   0   0   0   0   0   0 |     CAG   0   1   0   0   0   0 |     CGG   1   0   1   1   1   1
--------------------------------------------------------------------------------------------------------------------------------------
Ile ATT   0   0   0   0   0   0 | Thr ACT   2   3   2   2   0   1 | Asn AAT   1   0   1   1   1   1 | Ser AGT   0   1   0   0   1   0
    ATC   0   0   0   0   0   0 |     ACC   0   0   0   0   2   1 |     AAC   0   0   0   0   0   0 |     AGC   1   1   1   1   1   1
    ATA   0   0   0   0   1   0 |     ACA   2   2   3   2   3   1 | Lys AAA   2   1   2   2   1   1 | Arg AGA   0   0   0   0   0   2
Met ATG   1   1   1   1   1   1 |     ACG   1   0   0   0   0   1 |     AAG   1   1   1   1   1   1 |     AGG   2   2   2   2   2   2
--------------------------------------------------------------------------------------------------------------------------------------
Val GTT   0   0   0   0   1   1 | Ala GCT   0   0   0   0   1   0 | Asp GAT   1   1   1   1   1   1 | Gly GGT   0   0   0   0   0   0
    GTC   0   0   0   0   0   0 |     GCC   0   1   0   0   1   0 |     GAC   2   1   2   2   0   1 |     GGC   0   0   0   0   0   0
    GTA   1   1   1   1   0   0 |     GCA   0   0   0   1   0   0 | Glu GAA   1   3   1   1   1   1 |     GGA   2   2   2   2   3   2
    GTG   1   1   1   1   1   1 |     GCG   0   0   0   0   0   0 |     GAG   2   2   2   2   2   2 |     GGG   1   1   1   1   1   3
--------------------------------------------------------------------------------------------------------------------------------------

--------------------------------------------------------------------------------------------------------------------------------------
Phe TTT   0   0   0   0   0   0 | Ser TCT   2   2   2   2   1   1 | Tyr TAT   0   0   0   0   0   0 | Cys TGT   0   0   0   0   0   0
    TTC   2   2   2   2   2   2 |     TCC   1   1   1   1   1   1 |     TAC   0   0   0   0   0   0 |     TGC   3   3   3   3   3   3
Leu TTA   0   0   0   0   0   0 |     TCA   0   0   0   0   0   0 | *** TAA   0   0   0   0   0   0 | *** TGA   0   0   0   0   0   0
    TTG   2   2   2   2   2   2 |     TCG   0   0   0   0   1   1 |     TAG   0   0   0   0   0   0 | Trp TGG   2   2   2   2   2   2
--------------------------------------------------------------------------------------------------------------------------------------
Leu CTT   2   2   2   2   2   2 | Pro CCT   1   1   1   2   1   1 | His CAT   0   0   0   0   1   0 | Arg CGT   0   0   0   0   0   0
    CTC   1   1   1   1   1   1 |     CCC   3   3   3   2   3   3 |     CAC   0   0   0   0   0   0 |     CGC   0   0   0   0   0   0
    CTA   1   1   1   1   1   1 |     CCA   1   1   1   1   1   1 | Gln CAA   1   1   1   1   1   1 |     CGA   0   0   0   0   0   0
    CTG   2   2   2   2   2   2 |     CCG   0   0   0   0   0   0 |     CAG   0   0   0   0   0   0 |     CGG   1   1   1   1   1   1
--------------------------------------------------------------------------------------------------------------------------------------
Ile ATT   0   0   0   0   0   0 | Thr ACT   2   2   3   2   2   2 | Asn AAT   2   1   0   1   0   1 | Ser AGT   0   0   0   0   0   0
    ATC   0   0   0   0   0   0 |     ACC   0   0   0   1   0   0 |     AAC   0   0   0   0   0   0 |     AGC   1   1   1   1   1   1
    ATA   0   0   0   0   0   0 |     ACA   3   2   3   1   3   3 | Lys AAA   1   2   2   2   2   2 | Arg AGA   0   0   0   0   0   0
Met ATG   1   1   1   1   1   1 |     ACG   0   1   0   0   0   0 |     AAG   1   1   1   1   1   1 |     AGG   2   2   2   2   2   2
--------------------------------------------------------------------------------------------------------------------------------------
Val GTT   0   0   0   0   0   0 | Ala GCT   0   0   0   0   0   0 | Asp GAT   1   1   1   1   1   3 | Gly GGT   0   0   0   0   0   0
    GTC   0   0   0   0   0   0 |     GCC   0   0   0   1   0   0 |     GAC   2   2   2   2   2   0 |     GGC   0   0   0   0   0   0
    GTA   1   1   1   1   1   1 |     GCA   0   0   0   0   0   0 | Glu GAA   1   1   2   1   1   1 |     GGA   2   2   2   2   2   3
    GTG   1   1   1   1   1   1 |     GCG   0   0   0   0   0   0 |     GAG   2   2   1   2   2   2 |     GGG   1   1   1   1   1   0
--------------------------------------------------------------------------------------------------------------------------------------

--------------------------------------------------------------------------------------------------------------------------------------
Phe TTT   0   0   0   0   1   0 | Ser TCT   2   1   2   2   2   2 | Tyr TAT   0   0   0   0   0   0 | Cys TGT   0   0   0   0   0   0
    TTC   2   2   2   2   2   2 |     TCC   1   2   1   1   1   1 |     TAC   0   0   0   0   1   0 |     TGC   3   3   3   3   3   3
Leu TTA   0   0   0   0   0   0 |     TCA   0   0   0   0   0   0 | *** TAA   0   0   0   0   0   0 | *** TGA   0   0   0   0   0   0
    TTG   2   2   1   2   2   2 |     TCG   0   1   0   0   0   0 |     TAG   0   0   0   0   0   0 | Trp TGG   2   2   2   2   2   2
--------------------------------------------------------------------------------------------------------------------------------------
Leu CTT   2   2   2   2   1   2 | Pro CCT   1   2   1   1   1   2 | His CAT   0   0   0   0   0   0 | Arg CGT   0   0   0   0   0   0
    CTC   1   1   1   1   1   2 |     CCC   3   2   3   3   3   2 |     CAC   0   0   0   0   0   0 |     CGC   0   0   0   0   0   0
    CTA   1   1   1   1   1   0 |     CCA   1   0   1   1   1   1 | Gln CAA   1   1   1   1   1   1 |     CGA   0   0   0   0   0   0
    CTG   2   2   3   2   2   2 |     CCG   0   0   0   0   0   0 |     CAG   0   0   0   0   0   0 |     CGG   1   1   1   1   1   1
--------------------------------------------------------------------------------------------------------------------------------------
Ile ATT   0   0   0   0   0   0 | Thr ACT   2   2   2   3   2   2 | Asn AAT   1   1   1   0   1   1 | Ser AGT   0   0   0   0   0   0
    ATC   0   0   0   0   0   0 |     ACC   0   0   0   0   0   2 |     AAC   0   0   0   0   0   0 |     AGC   1   1   1   1   1   1
    ATA   0   0   0   0   0   0 |     ACA   3   3   3   3   3   1 | Lys AAA   2   2   2   2   2   2 | Arg AGA   0   0   0   0   0   0
Met ATG   1   1   1   1   1   1 |     ACG   0   0   0   0   0   0 |     AAG   1   1   1   1   1   1 |     AGG   2   2   2   2   2   2
--------------------------------------------------------------------------------------------------------------------------------------
Val GTT   0   0   0   0   0   0 | Ala GCT   0   0   0   0   0   0 | Asp GAT   1   1   1   1   1   1 | Gly GGT   0   0   0   0   0   0
    GTC   0   0   0   0   0   0 |     GCC   0   0   0   0   0   0 |     GAC   2   2   2   2   1   2 |     GGC   0   0   0   0   0   0
    GTA   1   1   1   1   1   1 |     GCA   0   0   0   0   0   0 | Glu GAA   1   1   1   1   1   1 |     GGA   2   2   2   2   2   2
    GTG   1   1   1   1   1   1 |     GCG   0   0   0   0   0   0 |     GAG   2   2   2   2   2   2 |     GGG   1   1   1   1   1   1
--------------------------------------------------------------------------------------------------------------------------------------

--------------------------------------------------------------------------------------------------------------------------------------
Phe TTT   0   0   0   0   0   0 | Ser TCT   1   1   2   1   2   2 | Tyr TAT   0   0   0   0   0   0 | Cys TGT   0   0   0   0   0   0
    TTC   3   3   2   2   2   2 |     TCC   1   1   1   1   1   1 |     TAC   0   0   0   0   0   0 |     TGC   3   3   3   3   3   3
Leu TTA   0   0   0   0   0   0 |     TCA   0   1   0   0   0   0 | *** TAA   0   0   0   0   0   0 | *** TGA   0   0   0   0   0   0
    TTG   1   1   2   2   2   2 |     TCG   1   0   0   1   0   0 |     TAG   0   0   0   0   0   0 | Trp TGG   2   2   2   2   2   2
--------------------------------------------------------------------------------------------------------------------------------------
Leu CTT   2   2   2   2   2   2 | Pro CCT   1   1   1   1   2   1 | His CAT   0   0   0   1   0   0 | Arg CGT   0   0   0   0   0   0
    CTC   1   1   1   1   1   1 |     CCC   3   3   3   2   2   3 |     CAC   0   0   0   0   0   0 |     CGC   0   0   0   0   0   0
    CTA   1   1   1   1   1   1 |     CCA   1   1   1   1   1   1 | Gln CAA   1   1   1   1   1   1 |     CGA   0   0   0   0   0   0
    CTG   2   2   2   2   2   2 |     CCG   0   0   0   0   0   0 |     CAG   0   0   1   0   0   0 |     CGG   1   1   0   1   1   1
--------------------------------------------------------------------------------------------------------------------------------------
Ile ATT   0   0   0   0   0   0 | Thr ACT   2   2   2   2   2   2 | Asn AAT   1   1   1   0   1   1 | Ser AGT   0   0   0   0   0   0
    ATC   0   0   0   0   0   0 |     ACC   0   0   0   1   1   0 |     AAC   0   0   0   0   0   0 |     AGC   1   1   1   1   1   1
    ATA   0   0   0   0   0   0 |     ACA   3   1   3   3   2   3 | Lys AAA   1   1   3   3   2   2 | Arg AGA   1   1   0   0   0   0
Met ATG   1   1   1   1   1   1 |     ACG   0   2   0   0   0   0 |     AAG   2   2   0   1   1   1 |     AGG   2   2   2   2   2   2
--------------------------------------------------------------------------------------------------------------------------------------
Val GTT   0   0   0   0   0   0 | Ala GCT   0   0   0   0   0   0 | Asp GAT   2   2   1   1   1   1 | Gly GGT   0   0   0   0   0   0
    GTC   0   0   0   0   0   0 |     GCC   0   0   0   0   0   0 |     GAC   1   1   2   2   2   2 |     GGC   0   0   0   0   0   0
    GTA   1   1   1   1   0   1 |     GCA   0   0   0   0   0   0 | Glu GAA   1   1   1   0   1   1 |     GGA   1   1   2   2   2   2
    GTG   1   1   1   1   2   1 |     GCG   0   0   0   0   0   0 |     GAG   2   2   2   2   2   2 |     GGG   1   1   1   1   1   1
--------------------------------------------------------------------------------------------------------------------------------------

--------------------------------------------------------------------------------------------------------------------------------------
Phe TTT   1   0   0   0   0   0 | Ser TCT   1   1   2   2   2   2 | Tyr TAT   0   0   0   0   0   0 | Cys TGT   0   0   0   0   0   0
    TTC   1   2   2   2   2   2 |     TCC   1   1   1   1   1   1 |     TAC   0   0   0   0   0   0 |     TGC   3   3   3   3   3   3
Leu TTA   0   0   0   0   0   0 |     TCA   0   0   0   0   0   0 | *** TAA   0   0   0   0   0   0 | *** TGA   0   0   0   0   0   0
    TTG   2   2   2   2   1   2 |     TCG   1   1   0   0   0   0 |     TAG   0   0   0   0   0   0 | Trp TGG   2   2   2   2   2   2
--------------------------------------------------------------------------------------------------------------------------------------
Leu CTT   2   2   2   2   2   2 | Pro CCT   1   1   1   2   1   1 | His CAT   0   0   0   0   0   1 | Arg CGT   0   0   0   0   0   0
    CTC   1   1   1   1   1   1 |     CCC   3   3   3   2   3   3 |     CAC   0   0   0   0   0   0 |     CGC   0   0   0   0   0   0
    CTA   1   1   1   1   1   1 |     CCA   1   1   1   1   1   1 | Gln CAA   1   1   1   1   1   1 |     CGA   0   0   0   0   0   0
    CTG   2   2   2   2   3   2 |     CCG   0   0   0   0   0   0 |     CAG   0   0   1   0   0   0 |     CGG   1   1   0   1   1   1
--------------------------------------------------------------------------------------------------------------------------------------
Ile ATT   0   0   0   0   0   0 | Thr ACT   2   2   2   2   2   2 | Asn AAT   1   1   1   1   1   0 | Ser AGT   0   0   0   0   0   0
    ATC   0   0   0   0   0   0 |     ACC   0   0   0   1   0   0 |     AAC   0   0   0   0   0   0 |     AGC   1   1   1   1   1   1
    ATA   0   0   0   0   0   0 |     ACA   3   3   3   2   3   3 | Lys AAA   2   2   2   2   2   2 | Arg AGA   0   0   0   0   0   0
Met ATG   1   1   1   1   1   1 |     ACG   0   0   0   0   0   0 |     AAG   1   1   1   1   1   1 |     AGG   2   2   2   2   2   2
--------------------------------------------------------------------------------------------------------------------------------------
Val GTT   0   0   0   0   0   0 | Ala GCT   0   0   0   0   0   0 | Asp GAT   2   3   1   2   1   1 | Gly GGT   0   0   0   0   0   0
    GTC   0   0   0   0   0   0 |     GCC   0   0   0   0   0   0 |     GAC   1   0   2   1   2   2 |     GGC   0   0   0   0   0   0
    GTA   1   1   1   1   1   1 |     GCA   0   0   0   0   0   0 | Glu GAA   1   1   1   1   1   1 |     GGA   3   3   2   2   2   2
    GTG   1   1   1   1   1   1 |     GCG   0   0   0   0   0   0 |     GAG   2   2   2   2   2   2 |     GGG   0   0   1   1   1   1
--------------------------------------------------------------------------------------------------------------------------------------

--------------------------------------------------------------------------------------------------------------------------------------
Phe TTT   0   0   0   0   0   0 | Ser TCT   2   1   1   2   1   2 | Tyr TAT   0   0   0   0   0   0 | Cys TGT   0   0   0   0   0   0
    TTC   2   2   2   2   2   2 |     TCC   1   1   1   1   1   1 |     TAC   0   0   0   0   0   0 |     TGC   3   3   3   3   2   3
Leu TTA   0   0   0   0   0   0 |     TCA   0   0   0   0   0   0 | *** TAA   0   0   0   0   0   0 | *** TGA   0   0   0   0   0   0
    TTG   2   2   2   2   1   1 |     TCG   0   1   1   0   1   0 |     TAG   0   0   0   0   0   0 | Trp TGG   3   2   2   2   2   2
--------------------------------------------------------------------------------------------------------------------------------------
Leu CTT   2   2   2   2   2   2 | Pro CCT   2   1   1   2   1   1 | His CAT   0   1   0   0   0   0 | Arg CGT   0   0   0   0   0   0
    CTC   1   1   1   1   1   1 |     CCC   2   3   3   2   2   3 |     CAC   0   0   0   0   0   0 |     CGC   0   0   0   0   0   0
    CTA   1   1   1   1   1   1 |     CCA   1   1   1   1   2   1 | Gln CAA   1   1   1   1   1   1 |     CGA   0   0   0   0   0   0
    CTG   2   2   2   2   3   3 |     CCG   0   0   0   0   0   0 |     CAG   0   0   0   0   0   0 |     CGG   0   1   1   1   1   1
--------------------------------------------------------------------------------------------------------------------------------------
Ile ATT   0   0   0   0   0   0 | Thr ACT   2   2   2   3   2   2 | Asn AAT   1   0   1   0   1   1 | Ser AGT   0   0   0   0   0   0
    ATC   0   0   0   0   0   0 |     ACC   1   0   0   0   0   0 |     AAC   0   0   0   0   0   0 |     AGC   1   1   1   1   2   1
    ATA   0   0   0   0   1   0 |     ACA   2   3   3   3   2   3 | Lys AAA   3   2   2   2   2   2 | Arg AGA   0   0   0   0   1   0
Met ATG   1   1   1   1   1   1 |     ACG   0   0   0   0   1   0 |     AAG   0   1   1   1   1   1 |     AGG   2   2   2   2   1   2
--------------------------------------------------------------------------------------------------------------------------------------
Val GTT   0   0   0   0   0   0 | Ala GCT   0   0   0   0   0   0 | Asp GAT   1   1   2   1   2   1 | Gly GGT   0   0   0   0   0   0
    GTC   0   0   0   0   0   0 |     GCC   0   0   0   0   0   0 |     GAC   2   2   1   2   1   2 |     GGC   0   0   0   0   0   0
    GTA   1   1   1   1   0   1 |     GCA   0   0   0   0   0   0 | Glu GAA   1   1   1   1   1   1 |     GGA   2   2   3   2   1   2
    GTG   1   1   1   1   1   1 |     GCG   0   0   0   0   0   0 |     GAG   2   2   2   2   2   2 |     GGG   1   1   0   1   2   1
--------------------------------------------------------------------------------------------------------------------------------------

--------------------------------------------------------------------------------------------------------------------------------------
Phe TTT   0   0   0   0   0   0 | Ser TCT   2   1   2   2   2   1 | Tyr TAT   0   0   0   0   0   0 | Cys TGT   0   0   0   0   0   0
    TTC   2   2   2   2   2   2 |     TCC   1   2   1   1   1   1 |     TAC   0   0   0   0   0   0 |     TGC   3   3   3   3   3   3
Leu TTA   0   0   0   0   0   1 |     TCA   0   0   0   0   0   0 | *** TAA   0   0   0   0   0   0 | *** TGA   0   0   0   0   0   0
    TTG   2   2   2   2   2   1 |     TCG   0   1   0   0   0   1 |     TAG   0   0   0   0   0   0 | Trp TGG   2   2   2   2   2   2
--------------------------------------------------------------------------------------------------------------------------------------
Leu CTT   2   2   2   2   2   1 | Pro CCT   1   2   1   1   2   1 | His CAT   0   0   0   0   0   0 | Arg CGT   0   0   0   0   0   0
    CTC   2   1   1   1   1   1 |     CCC   2   2   3   3   2   2 |     CAC   0   0   0   0   0   0 |     CGC   0   0   0   0   0   0
    CTA   0   1   1   1   1   1 |     CCA   1   0   1   1   1   1 | Gln CAA   1   1   1   1   1   1 |     CGA   0   0   0   0   0   0
    CTG   2   2   1   2   2   2 |     CCG   0   0   1   0   0   0 |     CAG   0   0   0   0   0   0 |     CGG   1   1   1   1   1   1
--------------------------------------------------------------------------------------------------------------------------------------
Ile ATT   0   0   0   0   0   0 | Thr ACT   2   2   2   2   2   2 | Asn AAT   1   1   0   1   0   1 | Ser AGT   0   0   1   0   1   0
    ATC   0   0   0   0   0   0 |     ACC   0   0   0   0   1   1 |     AAC   0   0   0   0   0   0 |     AGC   1   1   1   1   1   1
    ATA   0   0   0   0   0   0 |     ACA   3   3   3   3   2   3 | Lys AAA   2   2   2   2   2   2 | Arg AGA   0   0   0   0   0   0
Met ATG   1   1   1   1   1   1 |     ACG   0   0   0   0   0   0 |     AAG   1   1   1   1   1   1 |     AGG   2   2   2   2   2   2
--------------------------------------------------------------------------------------------------------------------------------------
Val GTT   0   0   0   0   0   1 | Ala GCT   0   0   0   0   0   0 | Asp GAT   1   2   1   1   1   2 | Gly GGT   0   0   0   0   0   0
    GTC   0   0   0   0   0   0 |     GCC   1   0   0   0   0   0 |     GAC   2   1   2   2   2   1 |     GGC   0   0   0   0   0   0
    GTA   1   1   1   1   1   1 |     GCA   0   0   0   0   0   0 | Glu GAA   1   1   1   2   1   1 |     GGA   2   2   2   1   2   2
    GTG   1   1   1   1   1   1 |     GCG   0   0   0   0   0   1 |     GAG   2   2   2   2   2   2 |     GGG   1   1   1   1   1   0
--------------------------------------------------------------------------------------------------------------------------------------

--------------------------------------------------------------------------------------------------------------------------------------
Phe TTT   1   0   0   0   0   0 | Ser TCT   1   2   1   1   1   2 | Tyr TAT   0   0   0   0   0   0 | Cys TGT   0   0   0   0   0   0
    TTC   1   2   2   2   2   2 |     TCC   1   1   1   1   2   1 |     TAC   0   0   0   0   0   0 |     TGC   3   3   3   3   3   3
Leu TTA   0   0   0   0   0   0 |     TCA   0   0   0   0   1   0 | *** TAA   0   0   0   0   0   0 | *** TGA   0   0   0   0   0   0
    TTG   2   2   2   2   2   2 |     TCG   1   0   1   1   0   0 |     TAG   0   0   0   0   0   0 | Trp TGG   2   2   2   2   2   2
--------------------------------------------------------------------------------------------------------------------------------------
Leu CTT   2   2   2   2   2   2 | Pro CCT   1   2   1   1   2   1 | His CAT   0   0   0   0   0   0 | Arg CGT   0   0   0   0   0   0
    CTC   1   1   1   1   1   1 |     CCC   3   2   3   3   2   3 |     CAC   0   0   0   0   0   0 |     CGC   0   0   0   0   0   0
    CTA   1   1   1   1   1   1 |     CCA   1   1   1   1   0   1 | Gln CAA   1   1   1   1   1   1 |     CGA   0   0   0   0   0   0
    CTG   2   2   2   2   2   2 |     CCG   0   0   0   0   0   0 |     CAG   0   0   0   0   0   0 |     CGG   1   1   1   1   1   1
--------------------------------------------------------------------------------------------------------------------------------------
Ile ATT   0   1   0   0   0   0 | Thr ACT   2   1   2   2   2   2 | Asn AAT   1   1   1   1   1   1 | Ser AGT   0   0   0   0   0   0
    ATC   0   0   0   0   0   0 |     ACC   0   1   0   0   0   0 |     AAC   0   0   0   0   0   0 |     AGC   1   1   1   1   1   1
    ATA   0   0   0   0   0   0 |     ACA   3   2   3   3   3   3 | Lys AAA   2   2   2   2   2   2 | Arg AGA   0   0   0   0   0   0
Met ATG   1   1   1   1   1   1 |     ACG   0   0   0   0   0   0 |     AAG   1   1   1   1   1   1 |     AGG   2   2   2   2   2   2
--------------------------------------------------------------------------------------------------------------------------------------
Val GTT   0   0   0   0   0   0 | Ala GCT   0   0   0   0   0   0 | Asp GAT   2   2   2   3   2   1 | Gly GGT   0   0   0   0   0   0
    GTC   0   0   0   0   0   0 |     GCC   0   0   0   0   0   0 |     GAC   1   1   1   0   1   2 |     GGC   0   0   0   0   0   0
    GTA   1   1   1   1   1   1 |     GCA   0   0   0   0   0   0 | Glu GAA   1   1   1   1   1   1 |     GGA   3   2   3   3   2   2
    GTG   1   1   1   1   1   1 |     GCG   0   0   0   0   0   0 |     GAG   2   2   2   2   2   2 |     GGG   0   1   0   0   1   1
--------------------------------------------------------------------------------------------------------------------------------------

--------------------------------------------------------------------------------------------------------------------------------------
Phe TTT   0   0   0   0   0   0 | Ser TCT   2   2   2   1   1   1 | Tyr TAT   0   0   0   0   0   0 | Cys TGT   0   0   0   0   0   0
    TTC   2   2   2   2   2   2 |     TCC   1   1   1   1   1   1 |     TAC   0   0   0   0   0   0 |     TGC   3   3   3   3   3   3
Leu TTA   1   0   0   0   0   0 |     TCA   0   0   0   0   0   0 | *** TAA   0   0   0   0   0   0 | *** TGA   0   0   0   0   0   0
    TTG   1   2   2   2   2   2 |     TCG   0   0   0   1   1   1 |     TAG   0   0   0   0   0   0 | Trp TGG   2   2   2   2   2   2
--------------------------------------------------------------------------------------------------------------------------------------
Leu CTT   2   2   2   2   2   2 | Pro CCT   2   1   1   1   1   1 | His CAT   0   0   0   0   1   1 | Arg CGT   0   0   0   0   0   0
    CTC   1   1   1   1   1   1 |     CCC   2   3   3   3   3   3 |     CAC   0   0   0   0   0   0 |     CGC   0   0   0   0   0   0
    CTA   1   2   1   1   2   1 |     CCA   1   1   1   1   1   1 | Gln CAA   1   1   1   1   1   1 |     CGA   0   0   0   0   0   0
    CTG   2   2   2   2   2   2 |     CCG   0   0   0   0   0   0 |     CAG   0   0   0   0   0   0 |     CGG   1   1   1   1   1   1
--------------------------------------------------------------------------------------------------------------------------------------
Ile ATT   0   0   0   0   0   0 | Thr ACT   2   2   2   2   2   2 | Asn AAT   1   1   1   1   0   0 | Ser AGT   0   0   0   0   0   0
    ATC   0   0   0   0   0   0 |     ACC   1   0   0   0   0   0 |     AAC   0   0   1   0   0   0 |     AGC   1   1   1   1   1   1
    ATA   0   0   0   0   0   0 |     ACA   2   3   3   2   3   3 | Lys AAA   2   2   2   2   2   2 | Arg AGA   0   0   0   0   0   0
Met ATG   1   1   1   1   1   1 |     ACG   0   0   0   0   0   0 |     AAG   1   1   0   1   1   1 |     AGG   2   2   2   2   2   2
--------------------------------------------------------------------------------------------------------------------------------------
Val GTT   0   0   0   0   0   0 | Ala GCT   0   0   0   0   0   0 | Asp GAT   1   1   1   1   1   2 | Gly GGT   0   0   0   0   0   0
    GTC   0   0   0   0   0   0 |     GCC   0   0   0   0   0   0 |     GAC   2   2   2   2   2   1 |     GGC   0   0   0   0   0   0
    GTA   1   0   1   1   0   1 |     GCA   0   0   0   1   0   0 | Glu GAA   1   2   1   1   1   1 |     GGA   2   2   2   2   2   2
    GTG   1   1   1   1   1   1 |     GCG   0   0   0   0   0   0 |     GAG   2   1   2   2   2   2 |     GGG   1   1   1   1   1   1
--------------------------------------------------------------------------------------------------------------------------------------

Codon position x base (3x4) table for each sequence.

#1: Argali         
position  1:    T:0.24490    C:0.26531    A:0.26531    G:0.22449
position  2:    T:0.26531    C:0.26531    A:0.22449    G:0.24490
position  3:    T:0.18367    C:0.26531    A:0.22449    G:0.32653
Average         T:0.23129    C:0.26531    A:0.23810    G:0.26531

#2: LesserMouseDeer
position  1:    T:0.22449    C:0.26531    A:0.24490    G:0.26531
position  2:    T:0.26531    C:0.24490    A:0.22449    G:0.26531
position  3:    T:0.18367    C:0.22449    A:0.26531    G:0.32653
Average         T:0.22449    C:0.24490    A:0.24490    G:0.28571

#3: LesserKudu     
position  1:    T:0.24490    C:0.26531    A:0.26531    G:0.22449
position  2:    T:0.26531    C:0.26531    A:0.22449    G:0.24490
position  3:    T:0.16327    C:0.26531    A:0.24490    G:0.32653
Average         T:0.22449    C:0.26531    A:0.24490    G:0.26531

#4: ForestMuskDeer2
position  1:    T:0.24490    C:0.26531    A:0.24490    G:0.24490
position  2:    T:0.26531    C:0.26531    A:0.22449    G:0.24490
position  3:    T:0.16327    C:0.26531    A:0.24490    G:0.32653
Average         T:0.22449    C:0.26531    A:0.23810    G:0.27211

#5: Camel          
position  1:    T:0.18367    C:0.28571    A:0.28571    G:0.24490
position  2:    T:0.30612    C:0.24490    A:0.16327    G:0.28571
position  3:    T:0.18367    C:0.26531    A:0.24490    G:0.30612
Average         T:0.22449    C:0.26531    A:0.23129    G:0.27891

#6: KillerWhale    
position  1:    T:0.20408    C:0.28571    A:0.26531    G:0.24490
position  2:    T:0.32653    C:0.18367    A:0.18367    G:0.30612
position  3:    T:0.14286    C:0.26531    A:0.22449    G:0.36735
Average         T:0.22449    C:0.24490    A:0.22449    G:0.30612

#7: DefassaWaterbuck
position  1:    T:0.24490    C:0.26531    A:0.26531    G:0.22449
position  2:    T:0.26531    C:0.26531    A:0.22449    G:0.24490
position  3:    T:0.20408    C:0.26531    A:0.22449    G:0.30612
Average         T:0.23810    C:0.26531    A:0.23810    G:0.25850

#8: Sheep          
position  1:    T:0.24490    C:0.26531    A:0.26531    G:0.22449
position  2:    T:0.26531    C:0.26531    A:0.22449    G:0.24490
position  3:    T:0.18367    C:0.26531    A:0.22449    G:0.32653
Average         T:0.23129    C:0.26531    A:0.23810    G:0.26531

#9: MaxwellsDuiker 
position  1:    T:0.24490    C:0.26531    A:0.26531    G:0.22449
position  2:    T:0.26531    C:0.28571    A:0.20408    G:0.24490
position  3:    T:0.18367    C:0.26531    A:0.26531    G:0.28571
Average         T:0.23129    C:0.27211    A:0.24490    G:0.25170

#10: GazellaPrzewalskyi
position  1:    T:0.24490    C:0.26531    A:0.24490    G:0.24490
position  2:    T:0.26531    C:0.26531    A:0.22449    G:0.24490
position  3:    T:0.20408    C:0.28571    A:0.20408    G:0.30612
Average         T:0.23810    C:0.27211    A:0.22449    G:0.26531

#11: MountainNyala  
position  1:    T:0.24490    C:0.28571    A:0.24490    G:0.22449
position  2:    T:0.26531    C:0.26531    A:0.22449    G:0.24490
position  3:    T:0.16327    C:0.26531    A:0.24490    G:0.32653
Average         T:0.22449    C:0.27211    A:0.23810    G:0.26531

#12: MuntiacusMuntjak
position  1:    T:0.24490    C:0.26531    A:0.26531    G:0.22449
position  2:    T:0.26531    C:0.26531    A:0.22449    G:0.24490
position  3:    T:0.20408    C:0.22449    A:0.26531    G:0.30612
Average         T:0.23810    C:0.25170    A:0.25170    G:0.25850

#13: goat           
position  1:    T:0.24490    C:0.26531    A:0.26531    G:0.22449
position  2:    T:0.26531    C:0.26531    A:0.22449    G:0.24490
position  3:    T:0.18367    C:0.26531    A:0.24490    G:0.30612
Average         T:0.23129    C:0.26531    A:0.24490    G:0.25850

#14: AfricanBuffalo 
position  1:    T:0.26531    C:0.24490    A:0.26531    G:0.22449
position  2:    T:0.26531    C:0.26531    A:0.22449    G:0.24490
position  3:    T:0.18367    C:0.26531    A:0.22449    G:0.32653
Average         T:0.23810    C:0.25850    A:0.23810    G:0.26531

#15: Topi           
position  1:    T:0.22449    C:0.28571    A:0.26531    G:0.22449
position  2:    T:0.26531    C:0.26531    A:0.22449    G:0.24490
position  3:    T:0.18367    C:0.26531    A:0.24490    G:0.30612
Average         T:0.22449    C:0.27211    A:0.24490    G:0.25850

#16: CommonDuiker   
position  1:    T:0.24490    C:0.26531    A:0.26531    G:0.22449
position  2:    T:0.26531    C:0.28571    A:0.20408    G:0.24490
position  3:    T:0.18367    C:0.26531    A:0.24490    G:0.30612
Average         T:0.23129    C:0.27211    A:0.23810    G:0.25850

#17: Suni           
position  1:    T:0.28571    C:0.24490    A:0.26531    G:0.20408
position  2:    T:0.26531    C:0.26531    A:0.22449    G:0.24490
position  3:    T:0.18367    C:0.26531    A:0.24490    G:0.30612
Average         T:0.24490    C:0.25850    A:0.24490    G:0.25170

#18: Springbuck     
position  1:    T:0.24490    C:0.26531    A:0.26531    G:0.22449
position  2:    T:0.26531    C:0.26531    A:0.22449    G:0.24490
position  3:    T:0.20408    C:0.30612    A:0.18367    G:0.30612
Average         T:0.23810    C:0.27891    A:0.22449    G:0.25850

#19: Okapi          
position  1:    T:0.24490    C:0.26531    A:0.28571    G:0.20408
position  2:    T:0.26531    C:0.26531    A:0.22449    G:0.24490
position  3:    T:0.18367    C:0.26531    A:0.22449    G:0.32653
Average         T:0.23129    C:0.26531    A:0.24490    G:0.25850

#20: Giraffe        
position  1:    T:0.24490    C:0.26531    A:0.28571    G:0.20408
position  2:    T:0.26531    C:0.26531    A:0.22449    G:0.24490
position  3:    T:0.18367    C:0.26531    A:0.20408    G:0.34694
Average         T:0.23129    C:0.26531    A:0.23810    G:0.26531

#21: TibetanAntelope
position  1:    T:0.24490    C:0.26531    A:0.26531    G:0.22449
position  2:    T:0.26531    C:0.26531    A:0.24490    G:0.22449
position  3:    T:0.18367    C:0.26531    A:0.26531    G:0.28571
Average         T:0.23129    C:0.26531    A:0.25850    G:0.24490

#22: Sitatunga      
position  1:    T:0.24490    C:0.26531    A:0.28571    G:0.20408
position  2:    T:0.26531    C:0.26531    A:0.22449    G:0.24490
position  3:    T:0.16327    C:0.26531    A:0.24490    G:0.32653
Average         T:0.22449    C:0.26531    A:0.25170    G:0.25850

#23: Oribi          
position  1:    T:0.24490    C:0.26531    A:0.26531    G:0.22449
position  2:    T:0.26531    C:0.26531    A:0.22449    G:0.24490
position  3:    T:0.20408    C:0.26531    A:0.20408    G:0.32653
Average         T:0.23810    C:0.26531    A:0.23129    G:0.26531

#24: BarbarySheep   
position  1:    T:0.24490    C:0.26531    A:0.26531    G:0.22449
position  2:    T:0.26531    C:0.26531    A:0.22449    G:0.24490
position  3:    T:0.18367    C:0.26531    A:0.24490    G:0.30612
Average         T:0.23129    C:0.26531    A:0.24490    G:0.25850

#25: Daviddeer      
position  1:    T:0.24490    C:0.26531    A:0.26531    G:0.22449
position  2:    T:0.26531    C:0.26531    A:0.22449    G:0.24490
position  3:    T:0.20408    C:0.22449    A:0.26531    G:0.30612
Average         T:0.23810    C:0.25170    A:0.25170    G:0.25850

#26: Reindeer       
position  1:    T:0.24490    C:0.26531    A:0.26531    G:0.22449
position  2:    T:0.26531    C:0.26531    A:0.22449    G:0.24490
position  3:    T:0.20408    C:0.22449    A:0.26531    G:0.30612
Average         T:0.23810    C:0.25170    A:0.25170    G:0.25850

#27: Ibex           
position  1:    T:0.24490    C:0.26531    A:0.26531    G:0.22449
position  2:    T:0.26531    C:0.26531    A:0.24490    G:0.22449
position  3:    T:0.18367    C:0.26531    A:0.24490    G:0.30612
Average         T:0.23129    C:0.26531    A:0.25170    G:0.25170

#28: GyrantGazelle  
position  1:    T:0.24490    C:0.26531    A:0.26531    G:0.22449
position  2:    T:0.26531    C:0.26531    A:0.22449    G:0.24490
position  3:    T:0.22449    C:0.24490    A:0.22449    G:0.30612
Average         T:0.24490    C:0.25850    A:0.23810    G:0.25850

#29: Hartebeest     
position  1:    T:0.22449    C:0.28571    A:0.26531    G:0.22449
position  2:    T:0.26531    C:0.26531    A:0.22449    G:0.24490
position  3:    T:0.18367    C:0.26531    A:0.24490    G:0.30612
Average         T:0.22449    C:0.27211    A:0.24490    G:0.25850

#30: Bongo          
position  1:    T:0.24490    C:0.28571    A:0.24490    G:0.22449
position  2:    T:0.26531    C:0.26531    A:0.22449    G:0.24490
position  3:    T:0.18367    C:0.26531    A:0.24490    G:0.30612
Average         T:0.23129    C:0.27211    A:0.23810    G:0.25850

#31: Gerenuk        
position  1:    T:0.26531    C:0.24490    A:0.26531    G:0.22449
position  2:    T:0.26531    C:0.26531    A:0.22449    G:0.24490
position  3:    T:0.20408    C:0.26531    A:0.24490    G:0.28571
Average         T:0.24490    C:0.25850    A:0.24490    G:0.25170

#32: CommonEland    
position  1:    T:0.24490    C:0.28571    A:0.24490    G:0.22449
position  2:    T:0.26531    C:0.26531    A:0.22449    G:0.24490
position  3:    T:0.16327    C:0.26531    A:0.24490    G:0.32653
Average         T:0.22449    C:0.27211    A:0.23810    G:0.26531

#33: MuntiacusReevesi
position  1:    T:0.24490    C:0.26531    A:0.26531    G:0.22449
position  2:    T:0.26531    C:0.26531    A:0.22449    G:0.24490
position  3:    T:0.18367    C:0.24490    A:0.26531    G:0.30612
Average         T:0.23129    C:0.25850    A:0.25170    G:0.25850

#34: HarveysDuiker  
position  1:    T:0.24490    C:0.26531    A:0.26531    G:0.22449
position  2:    T:0.26531    C:0.28571    A:0.20408    G:0.24490
position  3:    T:0.20408    C:0.24490    A:0.24490    G:0.30612
Average         T:0.23810    C:0.26531    A:0.23810    G:0.25850

#35: Pronghorn      
position  1:    T:0.20408    C:0.28571    A:0.30612    G:0.20408
position  2:    T:0.26531    C:0.26531    A:0.22449    G:0.24490
position  3:    T:0.18367    C:0.22449    A:0.24490    G:0.34694
Average         T:0.21769    C:0.25850    A:0.25850    G:0.26531

#36: BlueWildebeest 
position  1:    T:0.22449    C:0.28571    A:0.26531    G:0.22449
position  2:    T:0.26531    C:0.26531    A:0.22449    G:0.24490
position  3:    T:0.18367    C:0.26531    A:0.24490    G:0.30612
Average         T:0.22449    C:0.27211    A:0.24490    G:0.25850

#37: Gemsbok        
position  1:    T:0.24490    C:0.24490    A:0.26531    G:0.24490
position  2:    T:0.26531    C:0.26531    A:0.22449    G:0.24490
position  3:    T:0.18367    C:0.28571    A:0.22449    G:0.30612
Average         T:0.23129    C:0.26531    A:0.23810    G:0.26531

#38: Yak            
position  1:    T:0.26531    C:0.24490    A:0.26531    G:0.22449
position  2:    T:0.26531    C:0.26531    A:0.22449    G:0.24490
position  3:    T:0.20408    C:0.24490    A:0.22449    G:0.32653
Average         T:0.24490    C:0.25170    A:0.23810    G:0.26531

#39: BlueSheep      
position  1:    T:0.24490    C:0.26531    A:0.26531    G:0.22449
position  2:    T:0.24490    C:0.28571    A:0.20408    G:0.26531
position  3:    T:0.18367    C:0.26531    A:0.24490    G:0.30612
Average         T:0.22449    C:0.27211    A:0.23810    G:0.26531

#40: BohorReedbuck  
position  1:    T:0.24490    C:0.26531    A:0.26531    G:0.22449
position  2:    T:0.26531    C:0.26531    A:0.24490    G:0.22449
position  3:    T:0.18367    C:0.26531    A:0.24490    G:0.30612
Average         T:0.23129    C:0.26531    A:0.25170    G:0.25170

#41: KirksDik       
position  1:    T:0.24490    C:0.26531    A:0.26531    G:0.22449
position  2:    T:0.26531    C:0.26531    A:0.20408    G:0.26531
position  3:    T:0.20408    C:0.26531    A:0.22449    G:0.30612
Average         T:0.23810    C:0.26531    A:0.23129    G:0.26531

#42: RoeDeer        
position  1:    T:0.24490    C:0.22449    A:0.28571    G:0.24490
position  2:    T:0.26531    C:0.28571    A:0.22449    G:0.22449
position  3:    T:0.18367    C:0.24490    A:0.26531    G:0.30612
Average         T:0.23129    C:0.25170    A:0.25850    G:0.25850

#43: WhiteLippedDeer
position  1:    T:0.24490    C:0.26531    A:0.26531    G:0.22449
position  2:    T:0.26531    C:0.26531    A:0.22449    G:0.24490
position  3:    T:0.20408    C:0.22449    A:0.26531    G:0.30612
Average         T:0.23810    C:0.25170    A:0.25170    G:0.25850

#44: ThomsonGazelle 
position  1:    T:0.24490    C:0.26531    A:0.26531    G:0.22449
position  2:    T:0.28571    C:0.24490    A:0.22449    G:0.24490
position  3:    T:0.22449    C:0.24490    A:0.22449    G:0.30612
Average         T:0.25170    C:0.25170    A:0.23810    G:0.25850

#45: MuntiacusCrinifrons
position  1:    T:0.24490    C:0.26531    A:0.26531    G:0.22449
position  2:    T:0.26531    C:0.26531    A:0.22449    G:0.24490
position  3:    T:0.18367    C:0.24490    A:0.26531    G:0.30612
Average         T:0.23129    C:0.25850    A:0.25170    G:0.25850

#46: WhiteTailedDeer
position  1:    T:0.24490    C:0.26531    A:0.26531    G:0.22449
position  2:    T:0.26531    C:0.26531    A:0.22449    G:0.24490
position  3:    T:0.20408    C:0.22449    A:0.26531    G:0.30612
Average         T:0.23810    C:0.25170    A:0.25170    G:0.25850

#47: Cattle         
position  1:    T:0.26531    C:0.24490    A:0.26531    G:0.22449
position  2:    T:0.26531    C:0.26531    A:0.22449    G:0.24490
position  3:    T:0.20408    C:0.24490    A:0.24490    G:0.30612
Average         T:0.24490    C:0.25170    A:0.24490    G:0.25850

#48: RoyalAntelope  
position  1:    T:0.24490    C:0.26531    A:0.26531    G:0.22449
position  2:    T:0.26531    C:0.26531    A:0.22449    G:0.24490
position  3:    T:0.18367    C:0.26531    A:0.24490    G:0.30612
Average         T:0.23129    C:0.26531    A:0.24490    G:0.25850

#49: Steenbok       
position  1:    T:0.24490    C:0.26531    A:0.26531    G:0.22449
position  2:    T:0.26531    C:0.26531    A:0.22449    G:0.24490
position  3:    T:0.20408    C:0.26531    A:0.24490    G:0.28571
Average         T:0.23810    C:0.26531    A:0.24490    G:0.25170

#50: Impala         
position  1:    T:0.24490    C:0.28571    A:0.26531    G:0.20408
position  2:    T:0.26531    C:0.26531    A:0.22449    G:0.24490
position  3:    T:0.18367    C:0.26531    A:0.26531    G:0.28571
Average         T:0.23129    C:0.27211    A:0.25170    G:0.24490

#51: Klipspringer   
position  1:    T:0.24490    C:0.26531    A:0.26531    G:0.22449
position  2:    T:0.26531    C:0.26531    A:0.22449    G:0.24490
