1
52 1
Argali 0.000000 0.270500 0.120700 0.358200 0.108400 0.013700 0.107600 0.044200 0.120200 0.126700 0.088200 0.138800 0.044100 0.060000 0.060200 0.074700 0.189700 0.203000 0.074400 0.135300 0.058900 0.074100 0.126700 0.153700 0.059400 0.044400 0.044100 0.135100 0.075000 0.120200 0.127100 0.078500 0.186800 0.073100 0.043900 0.139400 0.059400 0.061000 0.162500 0.143600 0.126700 0.073400 0.126700 0.124200 0.139400 0.061600 0.089500 0.077700 0.074500 0.194000 0.151200 0.150200
LesserMous 0.270500 0.000000 0.288800 0.441500 0.344300 0.253500 0.339400 0.294400 0.287800 0.263000 0.346200 0.312100 0.294000 0.318300 0.320200 0.292700 0.373900 0.345800 0.251400 0.305000 0.312300 0.290500 0.263000 0.329900 0.314800 0.295800 0.294000 0.304700 0.335700 0.287800 0.264100 0.355800 0.288400 0.327400 0.291400 0.313500 0.273100 0.325900 0.393200 0.281300 0.263000 0.288800 0.263000 0.298400 0.313500 0.328300 0.352400 0.351500 0.334200 0.340900 0.305300 0.302700
LesserKudu 0.120700 0.288800 0.000000 0.372800 0.175200 0.105600 0.140100 0.074200 0.000000 0.060900 0.087900 0.074300 0.074200 0.123100 0.107600 0.105300 0.187200 0.134900 0.137400 0.014100 0.120400 0.136900 0.060900 0.058300 0.089900 0.105700 0.074200 0.014100 0.105700 0.000000 0.060800 0.145300 0.088700 0.103400 0.074000 0.074300 0.121800 0.125400 0.161000 0.108800 0.060900 0.103500 0.060900 0.059800 0.074300 0.125700 0.088700 0.142900 0.105300 0.157300 0.028400 0.028200
KillerWhal 0.358200 0.441500 0.372800 0.000000 0.459700 0.361100 0.389800 0.337900 0.373900 0.394400 0.351100 0.359000 0.382200 0.362600 0.366000 0.380200 0.492300 0.531900 0.378100 0.392200 0.398900 0.378100 0.394400 0.374800 0.405200 0.338300 0.382200 0.391800 0.360400 0.373900 0.393600 0.427200 0.418600 0.417400 0.336800 0.358100 0.358600 0.393600 0.441100 0.417900 0.394400 0.370800 0.394400 0.385500 0.358100 0.373100 0.399100 0.397100 0.426600 0.435800 0.392700 0.410800
DefassaWat 0.108400 0.344300 0.175200 0.459700 0.000000 0.093000 0.125600 0.093200 0.174500 0.165300 0.139600 0.195700 0.093100 0.076600 0.094100 0.126100 0.269600 0.264800 0.125600 0.190600 0.108800 0.125100 0.165300 0.192200 0.109800 0.093600 0.093100 0.190100 0.126700 0.174700 0.165900 0.096300 0.191600 0.123400 0.092500 0.196500 0.109600 0.045100 0.218200 0.183300 0.165300 0.123800 0.165300 0.161900 0.196500 0.096300 0.141800 0.113400 0.091300 0.236500 0.207600 0.206300
Sheep 0.013700 0.253500 0.105600 0.361100 0.093000 0.000000 0.092300 0.029500 0.105300 0.111000 0.073600 0.123400 0.027900 0.045000 0.045300 0.059800 0.174000 0.187400 0.059600 0.120300 0.044300 0.059300 0.111000 0.138400 0.044600 0.029600 0.029500 0.120100 0.060100 0.105300 0.111300 0.062900 0.171200 0.058600 0.029300 0.123900 0.044600 0.045800 0.147700 0.127800 0.111000 0.058800 0.111000 0.108800 0.123900 0.046300 0.074700 0.062200 0.059700 0.177900 0.136100 0.135200
MaxwellsDu 0.107600 0.339400 0.140100 0.389800 0.125600 0.092300 0.000000 0.060800 0.139600 0.183000 0.074700 0.159400 0.092400 0.076000 0.110500 0.092500 0.288600 0.262300 0.124500 0.155200 0.108000 0.091600 0.183000 0.174700 0.108900 0.061000 0.092400 0.154900 0.092900 0.139600 0.183600 0.062700 0.209200 0.122500 0.060300 0.160000 0.108700 0.077400 0.117900 0.201300 0.183000 0.090800 0.183000 0.179300 0.160000 0.113000 0.075800 0.130400 0.090600 0.255100 0.171700 0.170600
GazellaPrz 0.044200 0.294400 0.074200 0.337900 0.093200 0.029500 0.060800 0.000000 0.074300 0.111200 0.043700 0.091500 0.029600 0.045200 0.045400 0.029400 0.208900 0.187700 0.059800 0.089200 0.044200 0.059500 0.111200 0.106300 0.044800 0.029600 0.029600 0.089000 0.029600 0.074300 0.110900 0.063000 0.138400 0.058700 0.000100 0.091400 0.044700 0.046000 0.116200 0.128000 0.111200 0.058700 0.111200 0.109000 0.091400 0.046100 0.044100 0.062000 0.059800 0.178200 0.104500 0.103900
MountainNy 0.120200 0.287800 0.000000 0.373900 0.174500 0.105300 0.139600 0.074300 0.000000 0.060700 0.087600 0.074100 0.074000 0.122700 0.107200 0.105500 0.187600 0.134400 0.136900 0.013400 0.120700 0.136500 0.060700 0.058100 0.089600 0.105900 0.074000 0.014000 0.105900 0.000000 0.060800 0.144700 0.088400 0.103100 0.073700 0.074400 0.121400 0.125000 0.161300 0.108400 0.060700 0.103700 0.060700 0.059600 0.074400 0.125900 0.088800 0.143200 0.104900 0.156700 0.028300 0.028100
MuntiacusM 0.126700 0.263000 0.060900 0.394400 0.165300 0.111000 0.183000 0.111200 0.060700 0.000000 0.124500 0.110600 0.077900 0.129500 0.079400 0.145000 0.127100 0.108200 0.144400 0.075900 0.127100 0.143900 0.000000 0.060900 0.094500 0.111700 0.077900 0.075700 0.145700 0.060700 0.000000 0.153300 0.060600 0.108400 0.110300 0.111100 0.128100 0.113900 0.202800 0.047300 0.000000 0.109100 0.000000 0.030800 0.111100 0.098100 0.126400 0.115600 0.110500 0.130100 0.091500 0.090900
goat 0.088200 0.346200 0.087900 0.351100 0.139600 0.073600 0.074700 0.043700 0.087600 0.124500 0.000000 0.104700 0.043500 0.090000 0.074900 0.073700 0.221800 0.199500 0.104200 0.102200 0.088500 0.043200 0.124500 0.119200 0.028800 0.043800 0.043500 0.102000 0.074000 0.087600 0.124800 0.110000 0.149800 0.072100 0.043300 0.105100 0.058600 0.091600 0.099000 0.141000 0.124500 0.072400 0.124500 0.122100 0.105100 0.092400 0.058000 0.108800 0.073400 0.190400 0.117400 0.116700
AfricanBuf 0.138800 0.312100 0.074300 0.359000 0.195700 0.123400 0.159400 0.091500 0.074100 0.110600 0.104700 0.000000 0.091000 0.141600 0.125700 0.123600 0.208600 0.186400 0.122600 0.088900 0.139300 0.155600 0.110600 0.105800 0.107200 0.124200 0.091000 0.088800 0.124100 0.074100 0.110900 0.165400 0.138000 0.120800 0.090700 0.029600 0.107000 0.144400 0.180300 0.127200 0.110600 0.154000 0.110600 0.108400 0.029600 0.145500 0.106200 0.163600 0.122900 0.177100 0.088900 0.103600
Topi 0.044100 0.294000 0.074200 0.382200 0.093100 0.027900 0.092400 0.029600 0.074000 0.077900 0.043500 0.091000 0.000000 0.045100 0.030000 0.059900 0.174300 0.153400 0.059600 0.088800 0.044300 0.059400 0.077900 0.105900 0.014600 0.029600 0.000000 0.088600 0.060100 0.074000 0.078200 0.062900 0.137700 0.028800 0.029300 0.091400 0.044600 0.045900 0.116200 0.094200 0.077900 0.058800 0.077900 0.076400 0.091400 0.046300 0.044100 0.062300 0.029400 0.143000 0.104100 0.103400
CommonDuik 0.060000 0.318300 0.123100 0.362600 0.076600 0.045000 0.076000 0.045200 0.122700 0.129500 0.090000 0.141600 0.045100 0.000000 0.061600 0.076300 0.231000 0.207500 0.075900 0.138100 0.060200 0.075600 0.129500 0.157000 0.060700 0.045300 0.045100 0.137700 0.076600 0.122700 0.129900 0.046600 0.190700 0.066800 0.044800 0.142200 0.060600 0.030200 0.165800 0.146900 0.129500 0.074900 0.129500 0.127000 0.142200 0.062900 0.091400 0.079400 0.044200 0.198500 0.154200 0.153300
Suni 0.060200 0.320200 0.107600 0.366000 0.094100 0.045300 0.110500 0.045400 0.107200 0.079400 0.074900 0.125700 0.030000 0.061600 0.000000 0.076600 0.177500 0.191200 0.076300 0.122500 0.060400 0.076000 0.079400 0.107700 0.045500 0.045500 0.030000 0.122200 0.077000 0.107200 0.079600 0.080700 0.140000 0.059600 0.045000 0.126200 0.060900 0.046400 0.150300 0.095900 0.079400 0.075300 0.079400 0.077800 0.126200 0.031100 0.076100 0.047000 0.060800 0.145800 0.138500 0.137600
Springbuck 0.074700 0.292700 0.105300 0.380200 0.126100 0.059800 0.092500 0.029400 0.105500 0.145000 0.073700 0.123600 0.059900 0.076300 0.076600 0.000000 0.226900 0.205000 0.090800 0.120600 0.074200 0.059300 0.145000 0.138700 0.075600 0.059600 0.059900 0.120300 0.029200 0.105500 0.144700 0.095900 0.171600 0.089300 0.029300 0.123500 0.075500 0.077600 0.146800 0.162300 0.145000 0.088700 0.145000 0.142200 0.123500 0.077900 0.074100 0.094300 0.091000 0.213900 0.136400 0.135600
Okapi 0.189700 0.373900 0.187200 0.492300 0.269600 0.174000 0.288600 0.208900 0.187600 0.127100 0.221800 0.208600 0.174300 0.231000 0.177500 0.226900 0.000000 0.073700 0.245200 0.203800 0.225300 0.244500 0.127100 0.188700 0.192300 0.209900 0.174300 0.202900 0.227900 0.187600 0.126800 0.260400 0.187100 0.204800 0.208300 0.208400 0.228400 0.215300 0.301900 0.144200 0.127100 0.240800 0.127100 0.158800 0.208400 0.198400 0.224100 0.216900 0.174100 0.232200 0.220300 0.218900
Giraffe 0.203000 0.345800 0.134900 0.531900 0.264800 0.187400 0.262300 0.187700 0.134400 0.108200 0.199500 0.186400 0.153400 0.207500 0.191200 0.205000 0.073700 0.000000 0.221300 0.148400 0.203700 0.220800 0.108200 0.168300 0.170600 0.188600 0.153400 0.149200 0.205900 0.134400 0.108500 0.234600 0.167100 0.183200 0.186200 0.187300 0.205100 0.211500 0.261500 0.158100 0.108200 0.184600 0.108200 0.139000 0.187300 0.213200 0.202500 0.231800 0.153300 0.245100 0.165400 0.164400
TibetanAnt 0.074400 0.251400 0.137400 0.378100 0.125600 0.059600 0.124500 0.059800 0.136900 0.144400 0.104200 0.122600 0.059600 0.075900 0.076300 0.090800 0.245200 0.221300 0.000000 0.152200 0.074600 0.090000 0.144400 0.171200 0.075200 0.059900 0.059600 0.151900 0.091200 0.136900 0.144800 0.095500 0.204800 0.088900 0.054600 0.123100 0.044300 0.077300 0.179400 0.161700 0.144400 0.089200 0.144400 0.141600 0.123100 0.078000 0.105800 0.094500 0.090600 0.176600 0.152200 0.167300
Sitatunga 0.135300 0.305000 0.014100 0.392200 0.190600 0.120300 0.155200 0.089200 0.013400 0.075900 0.102200 0.088900 0.088800 0.138100 0.122500 0.120600 0.203800 0.148400 0.152200 0.000000 0.135800 0.151700 0.075900 0.072700 0.104600 0.121100 0.088800 0.028100 0.121100 0.014100 0.076100 0.160900 0.103100 0.117800 0.088500 0.089200 0.136700 0.140700 0.143900 0.123900 0.075900 0.087200 0.075900 0.074400 0.089200 0.141700 0.103600 0.159100 0.119900 0.138300 0.042400 0.042100
Oribi 0.058900 0.312300 0.120400 0.398900 0.108800 0.044300 0.108000 0.044200 0.120700 0.127100 0.088500 0.139300 0.044300 0.060200 0.060400 0.074200 0.225300 0.203700 0.074600 0.135800 0.000000 0.074300 0.127100 0.154200 0.059600 0.044100 0.044300 0.135500 0.074500 0.120700 0.126800 0.078800 0.153700 0.014200 0.044000 0.139100 0.059600 0.061200 0.130000 0.144100 0.127100 0.073000 0.127100 0.124700 0.139100 0.061500 0.089000 0.077500 0.074800 0.194600 0.151700 0.150700
BarbaryShe 0.074100 0.290500 0.136900 0.378100 0.125100 0.059300 0.091600 0.059500 0.136500 0.143900 0.043200 0.155600 0.059400 0.075600 0.076000 0.059300 0.244500 0.220800 0.090000 0.151700 0.074300 0.000000 0.143900 0.170700 0.044300 0.029400 0.059400 0.151400 0.090900 0.136500 0.144400 0.095100 0.204300 0.088600 0.059000 0.156300 0.044300 0.077000 0.146800 0.161100 0.143900 0.058400 0.143900 0.141100 0.156300 0.077700 0.105400 0.094100 0.090200 0.211800 0.167800 0.166800
Daviddeer 0.126700 0.263000 0.060900 0.394400 0.165300 0.111000 0.183000 0.111200 0.060700 0.000000 0.124500 0.110600 0.077900 0.129500 0.079400 0.145000 0.127100 0.108200 0.144400 0.075900 0.127100 0.143900 0.000000 0.060900 0.094500 0.111700 0.077900 0.075700 0.145700 0.060700 0.000000 0.153300 0.055200 0.108400 0.110300 0.111100 0.128100 0.113900 0.202800 0.047300 0.000000 0.109100 0.000000 0.030800 0.111100 0.098100 0.126400 0.115600 0.110500 0.130100 0.091500 0.090900
Reindeer 0.153700 0.329900 0.058300 0.374800 0.192200 0.138400 0.174700 0.106300 0.058100 0.060900 0.119200 0.105800 0.105900 0.157000 0.107700 0.138700 0.188700 0.168300 0.171200 0.072700 0.154200 0.170700 0.060900 0.000000 0.122200 0.139300 0.105900 0.072500 0.139300 0.058100 0.061100 0.181300 0.088500 0.135300 0.105500 0.106200 0.155300 0.141900 0.194800 0.108900 0.060900 0.136300 0.060900 0.029400 0.106200 0.126600 0.121000 0.143800 0.137900 0.157600 0.087700 0.087100
Ibex 0.059400 0.314800 0.089900 0.405200 0.109800 0.044600 0.108900 0.044800 0.089600 0.094500 0.028800 0.107200 0.014600 0.060700 0.045500 0.075600 0.192300 0.170600 0.075200 0.104600 0.059600 0.044300 0.094500 0.122200 0.000000 0.044900 0.014600 0.104300 0.075900 0.089600 0.094700 0.079500 0.154500 0.043600 0.044400 0.107700 0.029600 0.061800 0.132000 0.111000 0.094500 0.074300 0.094500 0.092600 0.107700 0.062300 0.059400 0.078600 0.044500 0.160600 0.120100 0.119300
GyrantGaze 0.044400 0.295800 0.105700 0.338300 0.093600 0.029600 0.061000 0.029600 0.105900 0.111700 0.043800 0.124200 0.029600 0.045300 0.045500 0.059600 0.209900 0.188600 0.059900 0.121100 0.044100 0.029400 0.111700 0.139300 0.044900 0.000000 0.029600 0.120800 0.059900 0.105900 0.111400 0.063300 0.172300 0.058900 0.029500 0.124000 0.044800 0.046100 0.115900 0.128600 0.111700 0.028900 0.111700 0.109500 0.124000 0.046300 0.074400 0.062300 0.060000 0.179100 0.136900 0.136000
Hartebeest 0.044100 0.294000 0.074200 0.382200 0.093100 0.029500 0.092400 0.029600 0.074000 0.077900 0.043500 0.091000 0.000000 0.045100 0.030000 0.059900 0.174300 0.153400 0.059600 0.088800 0.044300 0.059400 0.077900 0.105900 0.014600 0.029600 0.000000 0.088600 0.060100 0.074000 0.078200 0.062900 0.137700 0.028800 0.029300 0.091400 0.044600 0.045900 0.116200 0.094200 0.077900 0.058800 0.077900 0.076400 0.091400 0.046300 0.044100 0.062300 0.029400 0.143000 0.104100 0.103400
Bongo 0.135100 0.304700 0.014100 0.391800 0.190100 0.120100 0.154900 0.089000 0.014000 0.075700 0.102000 0.088800 0.088600 0.137700 0.122200 0.120300 0.202900 0.149200 0.151900 0.028100 0.135500 0.151400 0.075700 0.072500 0.104300 0.120800 0.088600 0.000000 0.120700 0.014000 0.075900 0.160500 0.103000 0.117600 0.088300 0.089100 0.136300 0.140300 0.175800 0.123600 0.075700 0.118300 0.075700 0.074300 0.089100 0.141300 0.103400 0.158800 0.119700 0.172100 0.042300 0.042100
Gerenuk 0.075000 0.335700 0.105700 0.360400 0.126700 0.060100 0.092900 0.029600 0.105900 0.145700 0.074000 0.124100 0.060100 0.076600 0.077000 0.029200 0.227900 0.205900 0.091200 0.121100 0.074500 0.090900 0.145700 0.139300 0.075900 0.059900 0.060100 0.120700 0.000000 0.105900 0.145400 0.096300 0.172300 0.089600 0.029500 0.123900 0.075800 0.078000 0.147300 0.163200 0.145700 0.089100 0.145700 0.142800 0.123900 0.078300 0.074400 0.094800 0.091400 0.215000 0.136900 0.136000
CommonElan 0.120200 0.287800 0.000000 0.373900 0.174700 0.105300 0.139600 0.074300 0.000000 0.060700 0.087600 0.074100 0.074000 0.122700 0.107200 0.105500 0.187600 0.134400 0.136900 0.014100 0.120700 0.136500 0.060700 0.058100 0.089600 0.105900 0.074000 0.014000 0.105900 0.000000 0.060800 0.144700 0.088400 0.103100 0.073700 0.074400 0.121400 0.125000 0.161300 0.108400 0.060700 0.103700 0.060700 0.054100 0.074400 0.125900 0.088800 0.143200 0.104900 0.156700 0.028300 0.028100
MuntiacusR 0.127100 0.264100 0.060800 0.393600 0.165900 0.111300 0.183600 0.110900 0.060800 0.000000 0.124800 0.110900 0.078200 0.129900 0.079600 0.144700 0.126800 0.108500 0.144800 0.076100 0.126800 0.144400 0.000000 0.061100 0.094700 0.111400 0.078200 0.075900 0.145400 0.060800 0.000000 0.153800 0.060700 0.108700 0.110600 0.110800 0.128500 0.114200 0.202400 0.047500 0.000000 0.108800 0.000000 0.030900 0.110800 0.097800 0.126200 0.115200 0.110900 0.130500 0.091700 0.091100
HarveysDui 0.078500 0.355800 0.145300 0.427200 0.096300 0.062900 0.062700 0.063000 0.144700 0.153300 0.110000 0.165400 0.062900 0.046600 0.080700 0.095900 0.260400 0.234600 0.095500 0.160900 0.078800 0.095100 0.153300 0.181300 0.079500 0.063300 0.062900 0.160500 0.096300 0.144700 0.153800 0.000000 0.217100 0.093800 0.062500 0.166100 0.079400 0.047500 0.189300 0.171700 0.153300 0.094100 0.153300 0.150000 0.166100 0.082600 0.078500 0.100100 0.061700 0.226400 0.177900 0.176800
Pronghorn 0.186800 0.288400 0.088700 0.418600 0.191600 0.171200 0.209200 0.138400 0.088400 0.060600 0.149800 0.138000 0.137700 0.190700 0.140000 0.171600 0.187100 0.167100 0.204800 0.103100 0.153700 0.204300 0.055200 0.088500 0.154500 0.172300 0.137700 0.103000 0.172300 0.088400 0.060700 0.217100 0.000000 0.134900 0.137200 0.138500 0.188600 0.175600 0.227900 0.108200 0.060600 0.168600 0.060600 0.090700 0.138500 0.159900 0.153200 0.177700 0.170600 0.191200 0.118500 0.117800
BlueWildeb 0.073100 0.327400 0.103400 0.417400 0.123400 0.058600 0.122500 0.058700 0.103100 0.108400 0.072100 0.120800 0.028800 0.066800 0.059600 0.089300 0.204800 0.183200 0.088900 0.117800 0.014200 0.088600 0.108400 0.135300 0.043600 0.058900 0.028800 0.117600 0.089600 0.103100 0.108700 0.093800 0.134900 0.000000 0.058300 0.121200 0.073900 0.076000 0.114000 0.124700 0.108400 0.087800 0.108400 0.106300 0.121200 0.076600 0.073100 0.092700 0.058400 0.173700 0.133200 0.132400
Gemsbok 0.043900 0.291400 0.074000 0.336800 0.092500 0.029300 0.060300 0.000100 0.073700 0.110300 0.043300 0.090700 0.029300 0.044800 0.045000 0.029300 0.208300 0.186200 0.054600 0.088500 0.044000 0.059000 0.110300 0.105500 0.044400 0.029500 0.029300 0.088300 0.029500 0.073700 0.110600 0.062500 0.137200 0.058300 0.000000 0.091100 0.044300 0.045600 0.115900 0.126900 0.110300 0.058500 0.110300 0.108100 0.091100 0.046000 0.043900 0.061900 0.059300 0.176700 0.103800 0.103100
Yak 0.139400 0.313500 0.074300 0.358100 0.196500 0.123900 0.160000 0.091400 0.074400 0.111100 0.105100 0.029600 0.091400 0.142200 0.126200 0.123500 0.208400 0.187300 0.123100 0.089200 0.139100 0.156300 0.111100 0.106200 0.107700 0.124000 0.091400 0.089100 0.123900 0.074400 0.110800 0.166100 0.138500 0.121200 0.091100 0.000000 0.107400 0.145000 0.180100 0.127800 0.111100 0.153900 0.111100 0.108900 0.000000 0.145300 0.074500 0.163400 0.123400 0.177800 0.089300 0.104000
BlueSheep 0.059400 0.273100 0.121800 0.358600 0.109600 0.044600 0.108700 0.044700 0.121400 0.128100 0.058600 0.107000 0.044600 0.060600 0.060900 0.075500 0.228400 0.205100 0.044300 0.136700 0.059600 0.044300 0.128100 0.155300 0.029600 0.044800 0.044600 0.136300 0.075800 0.121400 0.128500 0.079400 0.188600 0.073900 0.044300 0.107400 0.000000 0.061700 0.164100 0.144600 0.128100 0.074200 0.128100 0.125600 0.107400 0.062300 0.090500 0.078500 0.075300 0.196100 0.136700 0.151700
BohorReedb 0.061000 0.325900 0.125400 0.393600 0.045100 0.045800 0.077400 0.046000 0.125000 0.113900 0.091600 0.144400 0.045900 0.030200 0.046400 0.077600 0.215300 0.211500 0.077300 0.140700 0.061200 0.077000 0.113900 0.141900 0.061800 0.046100 0.045900 0.140300 0.078000 0.125000 0.114200 0.047500 0.175600 0.076000 0.045600 0.145000 0.061700 0.000000 0.168700 0.131100 0.113900 0.076300 0.113900 0.111600 0.145000 0.047400 0.093100 0.063800 0.045000 0.182800 0.157100 0.156100
KirksDik 0.162500 0.393200 0.161000 0.441100 0.218200 0.147700 0.117900 0.116200 0.161300 0.202800 0.099000 0.180300 0.116200 0.165800 0.150300 0.146800 0.301900 0.261500 0.179400 0.143900 0.130000 0.146800 0.202800 0.194800 0.132000 0.115900 0.116200 0.175800 0.147300 0.161300 0.202400 0.189300 0.227900 0.114000 0.115900 0.180100 0.164100 0.168700 0.000000 0.220300 0.202800 0.113100 0.202800 0.199200 0.180100 0.168900 0.129700 0.186200 0.147300 0.234100 0.191900 0.190900
RoeDeer 0.143600 0.281300 0.108800 0.417900 0.183300 0.127800 0.201300 0.128000 0.108400 0.047300 0.141000 0.127200 0.094200 0.146900 0.095900 0.162300 0.144200 0.158100 0.161700 0.123900 0.144100 0.161100 0.047300 0.108900 0.111000 0.128600 0.094200 0.123600 0.163200 0.108400 0.047500 0.171700 0.108200 0.124700 0.126900 0.127800 0.144600 0.131100 0.220300 0.000000 0.047300 0.159400 0.047300 0.078700 0.127800 0.115300 0.143300 0.133000 0.127300 0.147500 0.140100 0.139200
WhiteLippe 0.126700 0.263000 0.060900 0.394400 0.165300 0.111000 0.183000 0.111200 0.060700 0.000000 0.124500 0.110600 0.077900 0.129500 0.079400 0.145000 0.127100 0.108200 0.144400 0.075900 0.127100 0.143900 0.000000 0.060900 0.094500 0.111700 0.077900 0.075700 0.145700 0.060700 0.000000 0.153300 0.060600 0.108400 0.110300 0.111100 0.128100 0.113900 0.202800 0.047300 0.000000 0.109100 0.000000 0.030800 0.111100 0.098100 0.126400 0.115600 0.110500 0.130100 0.091500 0.090900
ThomsonGaz 0.073400 0.288800 0.103500 0.370800 0.123800 0.058800 0.090800 0.058700 0.103700 0.109100 0.072400 0.154000 0.058800 0.074900 0.075300 0.088700 0.240800 0.184600 0.089200 0.087200 0.073000 0.058400 0.109100 0.136300 0.074300 0.028900 0.058800 0.118300 0.089100 0.103700 0.108800 0.094100 0.168600 0.087800 0.058500 0.153900 0.074200 0.076300 0.113100 0.159400 0.109100 0.000000 0.109100 0.107000 0.153900 0.076500 0.103400 0.092600 0.089400 0.173900 0.134100 0.133200
MuntiacusC 0.126700 0.263000 0.060900 0.394400 0.165300 0.111000 0.183000 0.111200 0.060700 0.000000 0.124500 0.110600 0.077900 0.129500 0.079400 0.145000 0.127100 0.108200 0.144400 0.075900 0.127100 0.143900 0.000000 0.060900 0.094500 0.111700 0.077900 0.075700 0.145700 0.060700 0.000000 0.153300 0.060600 0.108400 0.110300 0.111100 0.128100 0.113900 0.202800 0.047300 0.000000 0.109100 0.000000 0.030800 0.111100 0.098100 0.126400 0.115600 0.110500 0.130100 0.091500 0.090900
WhiteTaile 0.124200 0.298400 0.059800 0.385500 0.161900 0.108800 0.179300 0.109000 0.059600 0.030800 0.122100 0.108400 0.076400 0.127000 0.077800 0.142200 0.158800 0.139000 0.141600 0.074400 0.124700 0.141100 0.030800 0.029400 0.092600 0.109500 0.076400 0.074300 0.142800 0.054100 0.030900 0.150000 0.090700 0.106300 0.108100 0.108900 0.125600 0.111600 0.199200 0.078700 0.030800 0.107000 0.030800 0.000000 0.108900 0.096000 0.124000 0.113100 0.108400 0.127500 0.089800 0.089200
Cattle 0.139400 0.313500 0.074300 0.358100 0.196500 0.123900 0.160000 0.091400 0.074400 0.111100 0.105100 0.029600 0.091400 0.142200 0.126200 0.123500 0.208400 0.187300 0.123100 0.089200 0.139100 0.156300 0.111100 0.106200 0.107700 0.124000 0.091400 0.089100 0.123900 0.074400 0.110800 0.166100 0.138500 0.121200 0.091100 0.000000 0.107400 0.145000 0.180100 0.127800 0.111100 0.153900 0.111100 0.108900 0.000000 0.145300 0.074500 0.163400 0.123400 0.177800 0.089300 0.104000
RoyalAntel 0.061600 0.328300 0.125700 0.373100 0.096300 0.046300 0.113000 0.046100 0.125900 0.098100 0.092400 0.145500 0.046300 0.062900 0.031100 0.077900 0.198400 0.213200 0.078000 0.141700 0.061500 0.077700 0.098100 0.126600 0.062300 0.046300 0.046300 0.141300 0.078300 0.125900 0.097800 0.082600 0.159900 0.076600 0.046000 0.145300 0.062300 0.047400 0.168900 0.115300 0.098100 0.076500 0.098100 0.096000 0.145300 0.000000 0.093300 0.047800 0.078100 0.166900 0.158200 0.157200
Steenbok 0.089500 0.352400 0.088700 0.399100 0.141800 0.074700 0.075800 0.044100 0.088800 0.126400 0.058000 0.106200 0.044100 0.091400 0.076100 0.074100 0.224100 0.202500 0.105800 0.103600 0.089000 0.105400 0.126400 0.121000 0.059400 0.074400 0.044100 0.103400 0.074400 0.088800 0.126200 0.078500 0.153200 0.073100 0.043900 0.074500 0.090500 0.093100 0.129700 0.143300 0.126400 0.103400 0.126400 0.124000 0.074500 0.093300 0.000000 0.110000 0.074400 0.193500 0.119100 0.118300
Impala 0.077700 0.351500 0.142900 0.397100 0.113400 0.062200 0.130400 0.062000 0.143200 0.115600 0.108800 0.163600 0.062300 0.079400 0.047000 0.094300 0.216900 0.231800 0.094500 0.159100 0.077500 0.094100 0.115600 0.143800 0.078600 0.062300 0.062300 0.158800 0.094800 0.143200 0.115200 0.100100 0.177700 0.092700 0.061900 0.163400 0.078500 0.063800 0.186200 0.133000 0.115600 0.092600 0.115600 0.113100 0.163400 0.047800 0.110000 0.000000 0.094600 0.185300 0.176000 0.174900
Klipspring 0.074500 0.334200 0.105300 0.426600 0.091300 0.059700 0.090600 0.059800 0.104900 0.110500 0.073400 0.122900 0.029400 0.044200 0.060800 0.091000 0.174100 0.153300 0.090600 0.119900 0.074800 0.090200 0.110500 0.137900 0.044500 0.060000 0.029400 0.119700 0.091400 0.104900 0.110900 0.061700 0.170600 0.058400 0.059300 0.123400 0.075300 0.045000 0.147300 0.127300 0.110500 0.089400 0.110500 0.108400 0.123400 0.078100 0.074400 0.094600 0.000000 0.177300 0.135600 0.134800
ForestMusk 0.194000 0.340900 0.157300 0.435800 0.236500 0.177900 0.255100 0.178200 0.156700 0.130100 0.190400 0.177100 0.143000 0.198500 0.145800 0.213900 0.232200 0.245100 0.176600 0.138300 0.194600 0.211800 0.130100 0.157600 0.160600 0.179100 0.143000 0.172100 0.215000 0.156700 0.130500 0.226400 0.191200 0.173700 0.176700 0.177800 0.196100 0.182800 0.234100 0.147500 0.130100 0.173900 0.130100 0.127500 0.177800 0.166900 0.193500 0.185300 0.177300 0.000000 0.189200 0.188000
Bushbuck 0.151200 0.305300 0.028400 0.392700 0.207600 0.136100 0.171700 0.104500 0.028300 0.091500 0.117400 0.088900 0.104100 0.154200 0.138500 0.136400 0.220300 0.165400 0.152200 0.042400 0.151700 0.167800 0.091500 0.087700 0.120100 0.136900 0.104100 0.042300 0.136900 0.028300 0.091700 0.177900 0.118500 0.133200 0.103800 0.089300 0.136700 0.157100 0.191900 0.140100 0.091500 0.134100 0.091500 0.089800 0.089300 0.158200 0.119100 0.176000 0.135600 0.189200 0.000000 0.056500
GreaterKud 0.150200 0.302700 0.028200 0.410800 0.206300 0.135200 0.170600 0.103900 0.028100 0.090900 0.116700 0.103600 0.103400 0.153300 0.137600 0.135600 0.218900 0.164400 0.167300 0.042100 0.150700 0.166800 0.090900 0.087100 0.119300 0.136000 0.103400 0.042100 0.136000 0.028100 0.091100 0.176800 0.117800 0.132400 0.103100 0.104000 0.151700 0.156100 0.190900 0.139200 0.090900 0.133200 0.090900 0.089200 0.104000 0.157200 0.118300 0.174900 0.134800 0.188000 0.056500 0.000000
