1
52 1
Argali 0.000000 0.374800 0.075800 0.256000 0.043100 0.010400 0.031700 0.075900 0.065100 0.099000 0.010100 0.087600 0.031600 0.053500 0.031700 0.064300 0.098400 0.110300 0.042900 0.065100 0.030400 0.010200 0.120800 0.086400 0.010400 0.029800 0.030400 0.065100 0.054100 0.075800 0.121400 0.042900 0.118100 0.031600 0.020200 0.084900 0.020300 0.054400 0.053000 0.075700 0.108900 0.042100 0.110600 0.108600 0.084900 0.053700 0.064800 0.042500 0.074100 0.064800 0.065100 0.077100
LesserMous 0.374800 0.000000 0.387400 0.365700 0.359300 0.358200 0.325300 0.368800 0.374300 0.340400 0.358200 0.373000 0.324100 0.325500 0.354800 0.398700 0.356000 0.372500 0.373900 0.373600 0.354600 0.358200 0.338100 0.323600 0.358200 0.354600 0.324100 0.374300 0.372100 0.387300 0.339500 0.343200 0.317400 0.324100 0.341600 0.362100 0.374400 0.376000 0.382600 0.311200 0.322600 0.367400 0.357200 0.321500 0.362100 0.355100 0.356000 0.339100 0.410700 0.341300 0.374300 0.376000
LesserKudu 0.075800 0.387400 0.000000 0.269600 0.076300 0.064500 0.064100 0.109500 0.010500 0.110100 0.064500 0.099200 0.063900 0.086500 0.064200 0.097500 0.109400 0.121400 0.099600 0.010500 0.063900 0.064500 0.131800 0.074800 0.064500 0.063900 0.063900 0.010500 0.087600 0.020900 0.132400 0.075900 0.129100 0.063900 0.053300 0.095600 0.075800 0.087900 0.085800 0.086600 0.119100 0.074500 0.121700 0.096800 0.095600 0.086900 0.098400 0.075300 0.107100 0.075800 0.010500 0.021200
KillerWhal 0.256000 0.365700 0.269600 0.000000 0.257700 0.242600 0.240800 0.278700 0.257800 0.229000 0.242600 0.256500 0.214400 0.240800 0.216800 0.278500 0.243100 0.256400 0.285200 0.257100 0.240800 0.242600 0.227300 0.215600 0.242600 0.240800 0.214400 0.257800 0.255300 0.269600 0.253600 0.256700 0.211900 0.214400 0.229100 0.275000 0.256200 0.271400 0.266500 0.204300 0.214500 0.252400 0.242800 0.214700 0.275000 0.240900 0.283300 0.204100 0.262900 0.206000 0.257800 0.273800
DefassaWat 0.043100 0.359300 0.076300 0.257700 0.000000 0.032100 0.031900 0.076300 0.065500 0.099700 0.032100 0.088200 0.031800 0.053800 0.031900 0.064700 0.099000 0.111000 0.054500 0.065600 0.031800 0.031500 0.098100 0.086900 0.032100 0.031800 0.030400 0.065400 0.054500 0.076300 0.122200 0.043200 0.118800 0.031800 0.020500 0.085400 0.043100 0.010700 0.053400 0.076200 0.109600 0.042300 0.111300 0.108300 0.085400 0.054100 0.042900 0.042800 0.074500 0.065200 0.065500 0.054700
Sheep 0.010400 0.358200 0.064500 0.242600 0.032100 0.000000 0.021000 0.064500 0.050500 0.087300 0.000000 0.076000 0.020900 0.042400 0.020400 0.053200 0.086700 0.098400 0.031900 0.053900 0.020200 0.000000 0.108900 0.075000 0.000000 0.020100 0.020900 0.053800 0.043000 0.064500 0.109500 0.031900 0.106500 0.020900 0.010100 0.073700 0.010100 0.043100 0.042100 0.064400 0.097200 0.031300 0.098700 0.097000 0.073700 0.042600 0.053600 0.031600 0.063000 0.053600 0.053800 0.065500
MaxwellsDu 0.031700 0.325300 0.064100 0.240800 0.031900 0.021000 0.000000 0.063900 0.053500 0.086500 0.021000 0.075600 0.020800 0.020700 0.020900 0.052700 0.086200 0.097900 0.053900 0.053300 0.020800 0.021000 0.108300 0.074600 0.021000 0.020800 0.020800 0.053500 0.042700 0.064100 0.108800 0.010400 0.106000 0.020800 0.010400 0.051800 0.031700 0.042900 0.041800 0.064000 0.096700 0.031100 0.098200 0.096400 0.051800 0.042200 0.053300 0.031500 0.062700 0.053100 0.053500 0.065100
GazellaPrz 0.075900 0.368800 0.109500 0.278700 0.076300 0.064500 0.063900 0.000000 0.098700 0.133100 0.064500 0.121800 0.063900 0.086300 0.064100 0.074600 0.121100 0.133300 0.099700 0.098400 0.042000 0.064500 0.155700 0.120200 0.064500 0.042000 0.063900 0.098700 0.064800 0.109500 0.156500 0.075600 0.152400 0.063900 0.053300 0.118300 0.075800 0.087900 0.063400 0.109300 0.143300 0.052500 0.145600 0.142900 0.118300 0.086600 0.075400 0.075100 0.107300 0.097900 0.098700 0.111300
MountainNy 0.065100 0.374300 0.010500 0.257800 0.065500 0.050500 0.053500 0.098700 0.000000 0.099200 0.053800 0.087800 0.053300 0.075800 0.053600 0.086800 0.098600 0.110500 0.088600 0.000000 0.053300 0.053800 0.121000 0.086600 0.053800 0.053300 0.053300 0.000000 0.076700 0.010200 0.121500 0.065200 0.118400 0.053300 0.042700 0.085000 0.065000 0.077100 0.075200 0.075900 0.109100 0.063900 0.110800 0.109000 0.085000 0.076200 0.087600 0.064600 0.096500 0.065000 0.000000 0.010400
MuntiacusM 0.099000 0.340400 0.110100 0.229000 0.099700 0.087300 0.086500 0.133100 0.099200 0.000000 0.087300 0.122400 0.086600 0.109500 0.064500 0.120500 0.087000 0.098700 0.123700 0.099000 0.086600 0.087300 0.042100 0.031500 0.087300 0.086600 0.086600 0.099200 0.099300 0.110100 0.020900 0.098800 0.084500 0.086600 0.075800 0.118600 0.098900 0.111700 0.108900 0.021000 0.031300 0.097300 0.010500 0.052700 0.118600 0.109900 0.122200 0.075600 0.130500 0.053600 0.099200 0.111900
goat 0.010100 0.358200 0.064500 0.242600 0.032100 0.000000 0.021000 0.064500 0.053800 0.087300 0.000000 0.076000 0.020900 0.042400 0.021000 0.053200 0.086000 0.098400 0.031900 0.053900 0.020900 0.000000 0.108900 0.074700 0.000000 0.020200 0.020900 0.053800 0.043000 0.064500 0.109500 0.031900 0.106500 0.020900 0.010500 0.072800 0.010100 0.041600 0.042100 0.064400 0.097200 0.031300 0.098700 0.097000 0.073700 0.042600 0.053600 0.031600 0.063000 0.053600 0.053800 0.065500
AfricanBuf 0.087600 0.373000 0.099200 0.256500 0.088200 0.076000 0.075600 0.121800 0.087800 0.122400 0.076000 0.000000 0.075400 0.075600 0.075700 0.109500 0.121700 0.133900 0.111900 0.087900 0.075400 0.076000 0.144400 0.109300 0.075100 0.075400 0.075400 0.087800 0.099600 0.098600 0.145100 0.087700 0.141200 0.075400 0.064600 0.084000 0.087500 0.100000 0.097500 0.098500 0.132200 0.086000 0.134200 0.108500 0.084900 0.075900 0.110500 0.064400 0.119100 0.087500 0.087800 0.100300
Topi 0.031600 0.324100 0.063900 0.214400 0.031800 0.020900 0.020800 0.063900 0.053300 0.086600 0.020900 0.075400 0.000000 0.042100 0.020800 0.052700 0.086000 0.097600 0.053800 0.053400 0.020700 0.020900 0.108000 0.074400 0.020900 0.020700 0.000000 0.053300 0.042600 0.063900 0.108500 0.031600 0.105700 0.000000 0.010400 0.073100 0.031600 0.042700 0.041700 0.063900 0.096400 0.031100 0.097900 0.096200 0.073100 0.042300 0.053100 0.030400 0.062500 0.053200 0.053300 0.065000
CommonDuik 0.053500 0.325500 0.086500 0.240800 0.053800 0.042400 0.020700 0.086300 0.075800 0.109500 0.042400 0.075600 0.042100 0.000000 0.042200 0.074600 0.097600 0.109400 0.076500 0.075600 0.042100 0.042400 0.131600 0.097100 0.042400 0.042100 0.042100 0.075800 0.064800 0.086500 0.132300 0.031500 0.128800 0.042100 0.031600 0.073400 0.053400 0.065100 0.063500 0.086400 0.119700 0.052500 0.121500 0.096500 0.073400 0.042200 0.075500 0.031500 0.084600 0.075300 0.075800 0.087900
Suni 0.031700 0.354800 0.064200 0.216800 0.031900 0.020400 0.020900 0.064100 0.053600 0.064500 0.021000 0.075700 0.020800 0.042200 0.000000 0.052900 0.064100 0.075400 0.054000 0.053600 0.020800 0.021000 0.085800 0.052800 0.020400 0.020800 0.020800 0.053600 0.042700 0.064200 0.086200 0.031800 0.084000 0.020800 0.010400 0.073400 0.031700 0.042900 0.041900 0.042300 0.074500 0.031200 0.075600 0.074300 0.073400 0.042400 0.053400 0.010100 0.062700 0.031700 0.053600 0.065300
Springbuck 0.064300 0.398700 0.097500 0.278500 0.064700 0.053200 0.052700 0.074600 0.086800 0.120500 0.053200 0.109500 0.052700 0.074600 0.052900 0.000000 0.108900 0.120800 0.087600 0.086500 0.031200 0.053200 0.142800 0.108000 0.053200 0.031200 0.052700 0.086800 0.031700 0.097500 0.143500 0.064100 0.139800 0.052700 0.042200 0.084200 0.064300 0.076100 0.052300 0.097300 0.130700 0.041600 0.132800 0.130400 0.084200 0.053000 0.064000 0.063800 0.095500 0.086100 0.086800 0.099000
Okapi 0.098400 0.356000 0.109400 0.243100 0.099000 0.086700 0.086200 0.121100 0.098600 0.087000 0.086000 0.121700 0.086000 0.097600 0.064100 0.108900 0.000000 0.010000 0.099100 0.098700 0.074900 0.086700 0.108500 0.074800 0.086700 0.074900 0.086000 0.098600 0.099000 0.109400 0.086200 0.098500 0.106300 0.086000 0.075300 0.117900 0.098300 0.110900 0.097000 0.064200 0.096900 0.085500 0.098400 0.096700 0.117900 0.109700 0.108700 0.075300 0.129900 0.053400 0.098600 0.111200
Giraffe 0.110300 0.372500 0.121400 0.256400 0.111000 0.098400 0.097900 0.133300 0.110500 0.098700 0.098400 0.133900 0.097600 0.109400 0.075400 0.120800 0.010000 0.000000 0.111200 0.110600 0.086400 0.098400 0.120400 0.086100 0.098400 0.086400 0.097600 0.110500 0.111000 0.121400 0.097900 0.110400 0.117900 0.097600 0.086800 0.129800 0.110200 0.123100 0.108700 0.075500 0.108600 0.097000 0.110300 0.108300 0.129800 0.121700 0.121900 0.086600 0.141900 0.064600 0.110500 0.123400
TibetanAnt 0.042900 0.373900 0.099600 0.285200 0.054500 0.031900 0.053900 0.099700 0.088600 0.123700 0.031900 0.111900 0.053800 0.076500 0.054000 0.087600 0.099100 0.111200 0.000000 0.088800 0.053800 0.031900 0.146000 0.110300 0.031900 0.053800 0.053500 0.088600 0.077400 0.099600 0.146800 0.065700 0.142600 0.053800 0.040700 0.108400 0.042900 0.066000 0.075800 0.099400 0.133600 0.064500 0.135900 0.133100 0.108400 0.076800 0.076500 0.065100 0.097400 0.088200 0.088600 0.089100
Sitatunga 0.065100 0.373600 0.010500 0.257100 0.065600 0.053900 0.053300 0.098400 0.000000 0.099000 0.053900 0.087900 0.053400 0.075600 0.053600 0.086500 0.098700 0.110600 0.088800 0.000000 0.053400 0.053900 0.121100 0.086700 0.053900 0.053400 0.053400 0.000000 0.076800 0.010500 0.121700 0.065000 0.118500 0.053400 0.042800 0.085100 0.065100 0.077100 0.075300 0.076000 0.109300 0.064000 0.110900 0.109000 0.085100 0.076000 0.087700 0.064700 0.096600 0.064900 0.000000 0.010700
Oribi 0.030400 0.354600 0.063900 0.240800 0.031800 0.020200 0.020800 0.042000 0.053300 0.086600 0.020900 0.075400 0.020700 0.042100 0.020800 0.031200 0.074900 0.086400 0.053800 0.053400 0.000000 0.020900 0.108000 0.074400 0.020200 0.000000 0.020700 0.053300 0.021000 0.063900 0.108500 0.031600 0.105700 0.020700 0.010100 0.073100 0.031600 0.042700 0.020600 0.063900 0.096400 0.009900 0.097900 0.096200 0.073100 0.042300 0.031500 0.031400 0.062000 0.053200 0.053300 0.065000
BarbaryShe 0.010200 0.358200 0.064500 0.242600 0.031500 0.000000 0.021000 0.064500 0.053800 0.087300 0.000000 0.076000 0.020900 0.042400 0.021000 0.053200 0.086700 0.098400 0.031900 0.053900 0.020900 0.000000 0.108900 0.075000 0.000000 0.020900 0.020900 0.053800 0.043000 0.064500 0.109500 0.031900 0.106500 0.020900 0.010500 0.073700 0.010100 0.043100 0.039600 0.064400 0.097200 0.031300 0.098700 0.097000 0.073700 0.042600 0.053600 0.031600 0.063000 0.053600 0.053800 0.065500
Daviddeer 0.120800 0.338100 0.131800 0.227300 0.098100 0.108900 0.108300 0.155700 0.121000 0.042100 0.108900 0.144400 0.108000 0.131600 0.085800 0.142800 0.108500 0.120400 0.146000 0.121100 0.108000 0.108900 0.000000 0.052300 0.108100 0.108000 0.108000 0.121000 0.121100 0.131800 0.063300 0.120900 0.083500 0.108000 0.097200 0.140000 0.120700 0.109900 0.130400 0.041900 0.010000 0.118700 0.052900 0.073200 0.140000 0.132200 0.144100 0.097000 0.152200 0.075100 0.121000 0.134000
Reindeer 0.086400 0.323600 0.074800 0.215600 0.086900 0.075000 0.074600 0.120200 0.086600 0.031500 0.074700 0.109300 0.074400 0.097100 0.052800 0.108000 0.074800 0.086100 0.110300 0.086700 0.074400 0.075000 0.052300 0.000000 0.075000 0.074400 0.074400 0.086600 0.086700 0.097300 0.052600 0.086500 0.072800 0.074400 0.063800 0.105900 0.086300 0.098600 0.096300 0.010100 0.041600 0.084900 0.042200 0.020500 0.105900 0.097500 0.109000 0.063700 0.117600 0.042300 0.086600 0.098900
Ibex 0.010400 0.358200 0.064500 0.242600 0.032100 0.000000 0.021000 0.064500 0.053800 0.087300 0.000000 0.075100 0.020900 0.042400 0.020400 0.053200 0.086700 0.098400 0.031900 0.053900 0.020200 0.000000 0.108100 0.075000 0.000000 0.020900 0.020900 0.053800 0.043000 0.064500 0.109500 0.031900 0.106500 0.020900 0.010500 0.073700 0.010100 0.043100 0.042100 0.064400 0.097000 0.031300 0.098700 0.097000 0.073700 0.042600 0.053600 0.031600 0.063000 0.053600 0.053800 0.065500
GyrantGaze 0.029800 0.354600 0.063900 0.240800 0.031800 0.020100 0.020800 0.042000 0.053300 0.086600 0.020200 0.075400 0.020700 0.042100 0.020800 0.031200 0.074900 0.086400 0.053800 0.053400 0.000000 0.020900 0.108000 0.074400 0.020900 0.000000 0.019900 0.053300 0.021000 0.063900 0.108500 0.031600 0.105700 0.020700 0.010400 0.073100 0.031600 0.042700 0.019900 0.063900 0.096400 0.010200 0.097900 0.096200 0.073100 0.042300 0.031500 0.031400 0.062500 0.053200 0.050100 0.065000
Hartebeest 0.030400 0.324100 0.063900 0.214400 0.030400 0.020900 0.020800 0.063900 0.053300 0.086600 0.020900 0.075400 0.000000 0.042100 0.020800 0.052700 0.086000 0.097600 0.053500 0.053400 0.020700 0.020900 0.108000 0.074400 0.020900 0.019900 0.000000 0.053300 0.042600 0.063900 0.108500 0.031600 0.105700 0.000000 0.010100 0.073100 0.030700 0.042700 0.041700 0.063900 0.096400 0.031100 0.097900 0.096800 0.073100 0.042300 0.053100 0.029600 0.062500 0.053200 0.053300 0.065000
Bongo 0.065100 0.374300 0.010500 0.257800 0.065400 0.053800 0.053500 0.098700 0.000000 0.099200 0.053800 0.087800 0.053300 0.075800 0.053600 0.086800 0.098600 0.110500 0.088600 0.000000 0.053300 0.053800 0.121000 0.086600 0.053800 0.053300 0.053300 0.000000 0.076700 0.010200 0.121500 0.065200 0.118400 0.053300 0.042700 0.085000 0.065000 0.077100 0.075200 0.075900 0.109100 0.063900 0.110800 0.108900 0.085000 0.076200 0.087600 0.064600 0.096500 0.065000 0.000000 0.010300
Gerenuk 0.054100 0.372100 0.087600 0.255300 0.054500 0.043000 0.042700 0.064800 0.076700 0.099300 0.043000 0.099600 0.042600 0.064800 0.042700 0.031700 0.099000 0.111000 0.077400 0.076800 0.021000 0.043000 0.121100 0.086700 0.043000 0.021000 0.042600 0.076700 0.000000 0.087900 0.121700 0.054200 0.130300 0.042600 0.032000 0.096600 0.054100 0.065900 0.042300 0.076000 0.109200 0.031500 0.110900 0.109000 0.096600 0.065100 0.053800 0.053700 0.085600 0.076400 0.076700 0.089000
CommonElan 0.075800 0.387300 0.020900 0.269600 0.076300 0.064500 0.064100 0.109500 0.010200 0.110100 0.064500 0.098600 0.063900 0.086500 0.064200 0.097500 0.109400 0.121400 0.099600 0.010500 0.063900 0.064500 0.131800 0.097300 0.064500 0.063900 0.063900 0.010200 0.087900 0.000000 0.132400 0.075900 0.129100 0.063900 0.053300 0.095600 0.075700 0.087900 0.085800 0.086600 0.119900 0.052600 0.121700 0.119600 0.095600 0.086900 0.098400 0.075300 0.107100 0.075800 0.010200 0.021200
MuntiacusR 0.121400 0.339500 0.132400 0.253600 0.122200 0.109500 0.108800 0.156500 0.121500 0.020900 0.109500 0.145100 0.108500 0.132300 0.086200 0.143500 0.086200 0.097900 0.146800 0.121700 0.108500 0.109500 0.063300 0.052600 0.109500 0.108500 0.108500 0.121500 0.121700 0.132400 0.000000 0.121500 0.106000 0.108500 0.097700 0.140600 0.121300 0.134400 0.131000 0.042100 0.052300 0.119200 0.031000 0.074000 0.140600 0.132800 0.144800 0.097400 0.152900 0.075400 0.121500 0.134600
HarveysDui 0.042900 0.343200 0.075900 0.256700 0.043200 0.031900 0.010400 0.075600 0.065200 0.098800 0.031900 0.087700 0.031600 0.031500 0.031800 0.064100 0.098500 0.110400 0.065700 0.065000 0.031600 0.031900 0.120900 0.086500 0.031900 0.031600 0.031600 0.065200 0.054200 0.075900 0.121500 0.000000 0.118400 0.031600 0.021100 0.063100 0.042900 0.054400 0.053100 0.075800 0.109000 0.042100 0.110700 0.108800 0.063100 0.053600 0.064900 0.042600 0.074200 0.064700 0.065200 0.077200
Pronghorn 0.118100 0.317400 0.129100 0.211900 0.118800 0.106500 0.106000 0.152400 0.118400 0.084500 0.106500 0.141200 0.105700 0.128800 0.084000 0.139800 0.106300 0.117900 0.142600 0.118500 0.105700 0.106500 0.083500 0.072800 0.106500 0.105700 0.105700 0.118400 0.130300 0.129100 0.106000 0.118400 0.000000 0.105700 0.095100 0.137200 0.118100 0.130600 0.127800 0.062400 0.072600 0.116300 0.095700 0.094200 0.137600 0.129300 0.141000 0.095000 0.149200 0.073600 0.118400 0.131000
BlueWildeb 0.031600 0.324100 0.063900 0.214400 0.031800 0.020900 0.020800 0.063900 0.053300 0.086600 0.020900 0.075400 0.000000 0.042100 0.020800 0.052700 0.086000 0.097600 0.053800 0.053400 0.020700 0.020900 0.108000 0.074400 0.020900 0.020700 0.000000 0.053300 0.042600 0.063900 0.108500 0.031600 0.105700 0.000000 0.010400 0.073100 0.031600 0.042700 0.041700 0.063900 0.096400 0.031100 0.097900 0.096200 0.073100 0.042300 0.053100 0.031400 0.062500 0.053200 0.053300 0.065000
Gemsbok 0.020200 0.341600 0.053300 0.229100 0.020500 0.010100 0.010400 0.053300 0.042700 0.075800 0.010500 0.064600 0.010400 0.031600 0.010400 0.042200 0.075300 0.086800 0.040700 0.042800 0.010100 0.010500 0.097200 0.063800 0.010500 0.010400 0.010100 0.042700 0.032000 0.053300 0.097700 0.021100 0.095100 0.010400 0.000000 0.061700 0.021100 0.032100 0.031300 0.053200 0.085700 0.020700 0.087100 0.085500 0.062700 0.031700 0.042500 0.020100 0.052100 0.042600 0.042700 0.054200
Yak 0.084900 0.362100 0.095600 0.275000 0.085400 0.073700 0.051800 0.118300 0.085000 0.118600 0.072800 0.084000 0.073100 0.073400 0.073400 0.084200 0.117900 0.129800 0.108400 0.085100 0.073100 0.073700 0.140000 0.105900 0.073700 0.073100 0.073100 0.085000 0.096600 0.095600 0.140600 0.063100 0.137200 0.073100 0.061700 0.000000 0.084900 0.096900 0.094600 0.095400 0.128200 0.083500 0.130100 0.127900 0.000000 0.073700 0.107100 0.084300 0.115600 0.084800 0.085000 0.097000
BlueSheep 0.020300 0.374400 0.075800 0.256200 0.043100 0.010100 0.031700 0.075800 0.065000 0.098900 0.010100 0.087500 0.031600 0.053400 0.031700 0.064300 0.098300 0.110200 0.042900 0.065100 0.031600 0.010100 0.120700 0.086300 0.010100 0.031600 0.030700 0.065000 0.054100 0.075700 0.121300 0.042900 0.118100 0.031600 0.021100 0.084900 0.000000 0.054300 0.053000 0.075600 0.108800 0.042100 0.110000 0.108500 0.084900 0.053700 0.064800 0.042500 0.074100 0.064800 0.065000 0.077000
BohorReedb 0.054400 0.376000 0.087900 0.271400 0.010700 0.043100 0.042900 0.087900 0.077100 0.111700 0.041600 0.100000 0.042700 0.065100 0.042900 0.076100 0.110900 0.123100 0.066000 0.077100 0.042700 0.043100 0.109900 0.098600 0.043100 0.042700 0.042700 0.077100 0.065900 0.087900 0.134400 0.054400 0.130600 0.042700 0.032100 0.096900 0.054300 0.000000 0.064500 0.087800 0.121500 0.053400 0.123500 0.121100 0.096900 0.065400 0.054100 0.053900 0.085900 0.076700 0.077100 0.066000
KirksDik 0.053000 0.382600 0.085800 0.266500 0.053400 0.042100 0.041800 0.063400 0.075200 0.108900 0.042100 0.097500 0.041700 0.063500 0.041900 0.052300 0.097000 0.108700 0.075800 0.075300 0.020600 0.039600 0.130400 0.096300 0.042100 0.019900 0.041700 0.075200 0.042300 0.085800 0.131000 0.053100 0.127800 0.041700 0.031300 0.094600 0.053000 0.064500 0.000000 0.085700 0.118700 0.030900 0.120400 0.118900 0.094600 0.042100 0.052800 0.052700 0.062300 0.075000 0.075200 0.087200
RoeDeer 0.075700 0.311200 0.086600 0.204300 0.076200 0.064400 0.064000 0.109300 0.075900 0.021000 0.064400 0.098500 0.063900 0.086400 0.042300 0.097300 0.064200 0.075500 0.099400 0.076000 0.063900 0.064400 0.041900 0.010100 0.064400 0.063900 0.063900 0.075900 0.076000 0.086600 0.042100 0.075800 0.062400 0.063900 0.053200 0.095400 0.075600 0.087800 0.085700 0.000000 0.031200 0.074400 0.031700 0.031100 0.095400 0.086800 0.098200 0.053200 0.106900 0.031800 0.075900 0.088100
WhiteLippe 0.108900 0.322600 0.119100 0.214500 0.109600 0.097200 0.096700 0.143300 0.109100 0.031300 0.097200 0.132200 0.096400 0.119700 0.074500 0.130700 0.096900 0.108600 0.133600 0.109300 0.096400 0.097200 0.010000 0.041600 0.097000 0.096400 0.096400 0.109100 0.109200 0.119900 0.052300 0.109000 0.072600 0.096400 0.085700 0.128200 0.108800 0.121500 0.118700 0.031200 0.000000 0.107000 0.042000 0.062700 0.128200 0.120200 0.131900 0.085600 0.140200 0.063900 0.109100 0.121800
ThomsonGaz 0.042100 0.367400 0.074500 0.252400 0.042300 0.031300 0.031100 0.052500 0.063900 0.097300 0.031300 0.086000 0.031100 0.052500 0.031200 0.041600 0.085500 0.097000 0.064500 0.064000 0.009900 0.031300 0.118700 0.084900 0.031300 0.010200 0.031100 0.063900 0.031500 0.052600 0.119200 0.042100 0.116300 0.031100 0.020700 0.083500 0.042100 0.053400 0.030900 0.074400 0.107000 0.000000 0.108700 0.106800 0.083500 0.052800 0.041900 0.041800 0.072900 0.063700 0.063900 0.075700
MuntiacusC 0.110600 0.357200 0.121700 0.242800 0.111300 0.098700 0.098200 0.145600 0.110800 0.010500 0.098700 0.134200 0.097900 0.121500 0.075600 0.132800 0.098400 0.110300 0.135900 0.110900 0.097900 0.098700 0.052900 0.042200 0.098700 0.097900 0.097900 0.110800 0.110900 0.121700 0.031000 0.110700 0.095700 0.097900 0.087100 0.130100 0.110000 0.123500 0.120400 0.031700 0.042000 0.108700 0.000000 0.063600 0.130100 0.122100 0.134000 0.086900 0.142300 0.064800 0.110800 0.123700
WhiteTaile 0.108600 0.321500 0.096800 0.214700 0.108300 0.097000 0.096400 0.142900 0.109000 0.052700 0.097000 0.108500 0.096200 0.096500 0.074300 0.130400 0.096700 0.108300 0.133100 0.109000 0.096200 0.097000 0.073200 0.020500 0.097000 0.096200 0.096800 0.108900 0.109000 0.119600 0.074000 0.108800 0.094200 0.096200 0.085500 0.127900 0.108500 0.121100 0.118900 0.031100 0.062700 0.106800 0.063600 0.000000 0.127900 0.096800 0.131600 0.063300 0.139900 0.063800 0.108900 0.121600
Cattle 0.084900 0.362100 0.095600 0.275000 0.085400 0.073700 0.051800 0.118300 0.085000 0.118600 0.073700 0.084900 0.073100 0.073400 0.073400 0.084200 0.117900 0.129800 0.108400 0.085100 0.073100 0.073700 0.140000 0.105900 0.073700 0.073100 0.073100 0.085000 0.096600 0.095600 0.140600 0.063100 0.137600 0.073100 0.062700 0.000000 0.084900 0.096900 0.094600 0.095400 0.128200 0.083500 0.130100 0.127900 0.000000 0.073700 0.107100 0.084300 0.115700 0.084800 0.085000 0.097000
RoyalAntel 0.053700 0.355100 0.086900 0.240900 0.054100 0.042600 0.042200 0.086600 0.076200 0.109900 0.042600 0.075900 0.042300 0.042200 0.042400 0.053000 0.109700 0.121700 0.076800 0.076000 0.042300 0.042600 0.132200 0.097500 0.042600 0.042300 0.042300 0.076200 0.065100 0.086900 0.132800 0.053600 0.129300 0.042300 0.031700 0.073700 0.053700 0.065400 0.042100 0.086800 0.120200 0.052800 0.122100 0.096800 0.073700 0.000000 0.075900 0.031600 0.063000 0.075600 0.076200 0.088400
Steenbok 0.064800 0.356000 0.098400 0.283300 0.042900 0.053600 0.053300 0.075400 0.087600 0.122200 0.053600 0.110500 0.053100 0.075500 0.053400 0.064000 0.108700 0.121900 0.076500 0.087700 0.031500 0.053600 0.144100 0.109000 0.053600 0.031500 0.053100 0.087600 0.053800 0.098400 0.144800 0.064900 0.141000 0.053100 0.042500 0.107100 0.064800 0.054100 0.052800 0.098200 0.131900 0.041900 0.134000 0.131600 0.107100 0.075900 0.000000 0.064400 0.096200 0.087300 0.087600 0.076700
Impala 0.042500 0.339100 0.075300 0.204100 0.042800 0.031600 0.031500 0.075100 0.064600 0.075600 0.031600 0.064400 0.030400 0.031500 0.010100 0.063800 0.075300 0.086600 0.065100 0.064700 0.031400 0.031600 0.097000 0.063700 0.031600 0.031400 0.029600 0.064600 0.053700 0.075300 0.097400 0.042600 0.095000 0.031400 0.020100 0.084300 0.042500 0.053900 0.052700 0.053200 0.085600 0.041800 0.086900 0.063300 0.084300 0.031600 0.064400 0.000000 0.073500 0.042500 0.064600 0.076500
Klipspring 0.074100 0.410700 0.107100 0.262900 0.074500 0.063000 0.062700 0.107300 0.096500 0.130500 0.063000 0.119100 0.062500 0.084600 0.062700 0.095500 0.129900 0.141900 0.097400 0.096600 0.062000 0.063000 0.152200 0.117600 0.063000 0.062500 0.062500 0.096500 0.085600 0.107100 0.152900 0.074200 0.149200 0.062500 0.052100 0.115600 0.074100 0.085900 0.062300 0.106900 0.140200 0.072900 0.142300 0.139900 0.115700 0.063000 0.096200 0.073500 0.000000 0.096200 0.096500 0.108800
ForestMusk 0.064800 0.341300 0.075800 0.206000 0.065200 0.053600 0.053100 0.097900 0.065000 0.053600 0.053600 0.087500 0.053200 0.075300 0.031700 0.086100 0.053400 0.064600 0.088200 0.064900 0.053200 0.053600 0.075100 0.042300 0.053600 0.053200 0.053200 0.065000 0.076400 0.075800 0.075400 0.064700 0.073600 0.053200 0.042600 0.084800 0.064800 0.076700 0.075000 0.031800 0.063900 0.063700 0.064800 0.063800 0.084800 0.075600 0.087300 0.042500 0.096200 0.000000 0.065000 0.077000
Bushbuck 0.065100 0.374300 0.010500 0.257800 0.065500 0.053800 0.053500 0.098700 0.000000 0.099200 0.053800 0.087800 0.053300 0.075800 0.053600 0.086800 0.098600 0.110500 0.088600 0.000000 0.053300 0.053800 0.121000 0.086600 0.053800 0.050100 0.053300 0.000000 0.076700 0.010200 0.121500 0.065200 0.118400 0.053300 0.042700 0.085000 0.065000 0.077100 0.075200 0.075900 0.109100 0.063900 0.110800 0.108900 0.085000 0.076200 0.087600 0.064600 0.096500 0.065000 0.000000 0.010600
GreaterKud 0.077100 0.376000 0.021200 0.273800 0.054700 0.065500 0.065100 0.111300 0.010400 0.111900 0.065500 0.100300 0.065000 0.087900 0.065300 0.099000 0.111200 0.123400 0.089100 0.010700 0.065000 0.065500 0.134000 0.098900 0.065500 0.065000 0.065000 0.010300 0.089000 0.021200 0.134600 0.077200 0.131000 0.065000 0.054200 0.097000 0.077000 0.066000 0.087200 0.088100 0.121800 0.075700 0.123700 0.121600 0.097000 0.088400 0.076700 0.076500 0.108800 0.077000 0.010600 0.000000
