1
52 1
Argali 0.000000 0.156300 0.078100 0.207000 0.035100 0.000000 0.045400 0.045400 0.062200 0.066900 0.014900 0.045900 0.025100 0.045300 0.056500 0.045600 0.077200 0.078000 0.020000 0.067900 0.055300 0.015000 0.061600 0.060900 0.014900 0.056200 0.035300 0.062300 0.050500 0.062200 0.072200 0.066600 0.095000 0.020100 0.027800 0.056300 0.015000 0.040200 0.051000 0.084100 0.056100 0.061700 0.072500 0.066400 0.061800 0.061900 0.050400 0.045600 0.035300 0.082400 0.062400 0.067600
LesserMous 0.156300 0.000000 0.183100 0.195300 0.137100 0.156300 0.149000 0.159800 0.178600 0.154000 0.161700 0.147000 0.162300 0.148600 0.178700 0.161300 0.121900 0.140900 0.156100 0.172300 0.183800 0.162700 0.160200 0.140800 0.161700 0.186900 0.162200 0.165300 0.154400 0.165300 0.160000 0.174100 0.155300 0.156600 0.162100 0.146100 0.162500 0.142700 0.149000 0.186700 0.153800 0.193600 0.160700 0.147000 0.152700 0.169600 0.154300 0.159700 0.149900 0.148100 0.165600 0.177900
LesserKudu 0.078100 0.183100 0.000000 0.226600 0.061400 0.078100 0.072000 0.072000 0.035600 0.082900 0.072300 0.051100 0.072600 0.071800 0.095000 0.072300 0.093300 0.094300 0.077900 0.020100 0.093000 0.062000 0.077500 0.076700 0.072400 0.094500 0.083400 0.015000 0.077300 0.015000 0.088300 0.094200 0.117400 0.078200 0.065300 0.061400 0.072700 0.066600 0.077100 0.106000 0.071900 0.100400 0.088700 0.082300 0.067000 0.089600 0.088000 0.072400 0.061800 0.098700 0.015000 0.025200
KillerWhal 0.207000 0.195300 0.226600 0.000000 0.193600 0.207000 0.211400 0.198200 0.196200 0.200100 0.212700 0.200400 0.212800 0.210700 0.228300 0.186400 0.195100 0.203500 0.207600 0.215500 0.222500 0.201000 0.199000 0.186000 0.212700 0.212900 0.200300 0.207900 0.191600 0.207900 0.206500 0.237700 0.226500 0.207500 0.200300 0.198300 0.213700 0.187100 0.180500 0.230000 0.187100 0.206700 0.207400 0.192700 0.205700 0.221400 0.203700 0.210800 0.200000 0.221400 0.208300 0.221200
DefassaWat 0.035100 0.137100 0.061400 0.193600 0.000000 0.035100 0.029800 0.029800 0.045900 0.054900 0.029900 0.030200 0.030000 0.029700 0.050800 0.029900 0.060700 0.061400 0.035100 0.051400 0.049800 0.030100 0.060400 0.043800 0.029900 0.050600 0.040200 0.045900 0.034800 0.045900 0.060200 0.050400 0.088700 0.035200 0.032600 0.040300 0.030000 0.004900 0.035100 0.093900 0.054900 0.056000 0.060500 0.049100 0.045600 0.045700 0.044900 0.029900 0.019900 0.071000 0.046100 0.051200
Sheep 0.000000 0.156300 0.078100 0.207000 0.035100 0.000000 0.045400 0.045400 0.062200 0.066900 0.014900 0.045900 0.025100 0.045300 0.056500 0.045600 0.077200 0.078000 0.020000 0.067900 0.055300 0.015000 0.061600 0.060900 0.014900 0.056200 0.035300 0.062300 0.050500 0.062300 0.072200 0.066600 0.095000 0.020100 0.027800 0.056300 0.015000 0.040200 0.051000 0.084100 0.056100 0.061700 0.072500 0.066400 0.061800 0.061900 0.050400 0.045600 0.035300 0.082400 0.062400 0.067600
MaxwellsDu 0.045400 0.149000 0.072000 0.211400 0.029800 0.045400 0.000000 0.029700 0.056300 0.040200 0.040100 0.040400 0.040200 0.000100 0.040400 0.040000 0.060700 0.072000 0.045300 0.062000 0.049800 0.040300 0.045400 0.034700 0.040100 0.050500 0.050500 0.056400 0.044900 0.056400 0.045400 0.019700 0.077800 0.045500 0.043200 0.050600 0.040200 0.034800 0.035100 0.094600 0.040100 0.055900 0.045500 0.039900 0.056000 0.045700 0.044800 0.029900 0.019900 0.065900 0.056600 0.061700
GazellaPrz 0.045400 0.159800 0.072000 0.198200 0.029800 0.045400 0.029700 0.000000 0.045800 0.050500 0.040100 0.040400 0.040200 0.029700 0.050800 0.019800 0.071200 0.072000 0.045300 0.062000 0.029500 0.040300 0.055800 0.044900 0.040100 0.030000 0.050500 0.056400 0.024700 0.056400 0.055700 0.050400 0.088700 0.045400 0.042700 0.050600 0.040200 0.034700 0.014900 0.105700 0.050400 0.035200 0.056000 0.050100 0.056000 0.045600 0.024600 0.029900 0.019800 0.076400 0.056600 0.061700
MountainNy 0.062200 0.178600 0.035600 0.196200 0.045900 0.062200 0.056300 0.045800 0.000000 0.078400 0.056600 0.046400 0.056800 0.056200 0.078800 0.035600 0.088800 0.089800 0.062000 0.025500 0.066400 0.046300 0.073000 0.072200 0.056600 0.056800 0.067500 0.020300 0.040600 0.020300 0.083800 0.078100 0.118700 0.062300 0.049300 0.056800 0.056900 0.051000 0.050400 0.113600 0.067400 0.062400 0.084200 0.077800 0.062400 0.073400 0.061500 0.056600 0.046200 0.094200 0.020400 0.025400
MuntiacusM 0.066900 0.154000 0.082900 0.200100 0.054900 0.066900 0.040200 0.050500 0.078400 0.000000 0.061300 0.050800 0.061500 0.040100 0.072600 0.061300 0.064900 0.076400 0.066700 0.072800 0.071000 0.061700 0.025000 0.024700 0.061300 0.072200 0.072100 0.067100 0.066200 0.067100 0.004900 0.061300 0.077800 0.067000 0.064300 0.061100 0.061600 0.060100 0.056200 0.083700 0.019800 0.077800 0.004900 0.029800 0.056000 0.067300 0.066000 0.050800 0.030100 0.065900 0.067300 0.078100
goat 0.014900 0.161700 0.072300 0.212700 0.029900 0.014900 0.040100 0.040100 0.056600 0.061300 0.000000 0.040600 0.020000 0.040000 0.061600 0.040200 0.071600 0.072300 0.014900 0.062200 0.050000 0.009900 0.056000 0.055500 0.000000 0.050800 0.030100 0.056700 0.045200 0.056700 0.066600 0.061100 0.100200 0.025100 0.022500 0.050800 0.009900 0.034900 0.045600 0.089300 0.050600 0.056200 0.066900 0.060800 0.056300 0.056400 0.055400 0.040300 0.030100 0.087500 0.056800 0.062000
AfricanBuf 0.045900 0.147000 0.051100 0.200400 0.030200 0.045900 0.040400 0.040400 0.046400 0.050800 0.040600 0.000000 0.040700 0.040300 0.062100 0.040600 0.061000 0.061600 0.045800 0.030600 0.060800 0.040800 0.056100 0.045100 0.040600 0.061800 0.051200 0.035700 0.045500 0.035700 0.056000 0.061600 0.089100 0.046000 0.043400 0.030200 0.040700 0.035200 0.045900 0.094400 0.050700 0.067400 0.056300 0.050400 0.035400 0.056800 0.055800 0.040600 0.030300 0.076800 0.035800 0.046200
Topi 0.025100 0.162300 0.072600 0.212800 0.030000 0.025100 0.040200 0.040200 0.056800 0.061500 0.020000 0.040700 0.000000 0.040100 0.061800 0.040400 0.071800 0.072600 0.025100 0.062500 0.050100 0.020100 0.056300 0.055700 0.020000 0.051000 0.010000 0.056900 0.045300 0.056900 0.066800 0.061300 0.100500 0.005000 0.022600 0.051000 0.020000 0.035100 0.045700 0.078700 0.050800 0.056400 0.067100 0.061000 0.056500 0.056600 0.055600 0.040400 0.030200 0.087800 0.057100 0.062300
CommonDuik 0.045300 0.148600 0.071800 0.210700 0.029700 0.045300 0.000100 0.029700 0.056200 0.040100 0.040000 0.040300 0.040100 0.000000 0.040300 0.039900 0.060500 0.071800 0.045200 0.061800 0.049600 0.040200 0.045300 0.034600 0.040000 0.050400 0.050400 0.056300 0.044800 0.056300 0.045200 0.019700 0.077600 0.045300 0.043000 0.050400 0.040100 0.034700 0.035000 0.094300 0.040000 0.055800 0.045400 0.039800 0.055900 0.045500 0.044700 0.029800 0.019800 0.065700 0.056400 0.061600
Suni 0.056500 0.178700 0.095000 0.228300 0.050800 0.056500 0.040400 0.050800 0.078800 0.072600 0.061600 0.062100 0.061800 0.040300 0.000000 0.061600 0.093900 0.093500 0.067100 0.084800 0.071400 0.062000 0.078100 0.066500 0.061700 0.072500 0.072500 0.078900 0.066500 0.078900 0.078000 0.055900 0.101100 0.056600 0.065000 0.072600 0.061900 0.056000 0.056500 0.118700 0.072400 0.075700 0.078300 0.072000 0.078400 0.067600 0.055800 0.040600 0.039200 0.088300 0.079200 0.084400
Springbuck 0.045600 0.161300 0.072300 0.186400 0.029900 0.045600 0.040000 0.019800 0.035600 0.061300 0.040200 0.040600 0.040400 0.039900 0.061600 0.000000 0.071500 0.072300 0.045500 0.062200 0.039800 0.040500 0.066600 0.055400 0.040300 0.020000 0.050700 0.056700 0.004900 0.056700 0.066500 0.061000 0.100100 0.045700 0.042900 0.050800 0.040400 0.034900 0.025000 0.106200 0.061100 0.025100 0.066800 0.060800 0.056300 0.056300 0.034800 0.040200 0.030100 0.087400 0.056800 0.062000
Okapi 0.077200 0.121900 0.093300 0.195100 0.060700 0.077200 0.060700 0.071200 0.088800 0.064900 0.071600 0.061000 0.071800 0.060500 0.093900 0.071500 0.000000 0.039800 0.066400 0.083200 0.091900 0.072000 0.066000 0.055000 0.071600 0.093500 0.071700 0.077500 0.076400 0.077500 0.070200 0.082300 0.071600 0.077300 0.074600 0.071300 0.071900 0.065800 0.075700 0.105200 0.060600 0.099300 0.070500 0.060200 0.076900 0.077200 0.087100 0.071500 0.061100 0.086700 0.077700 0.088500
Giraffe 0.078000 0.140900 0.094300 0.203500 0.061400 0.078000 0.072000 0.072000 0.089800 0.076400 0.072300 0.061600 0.072600 0.071800 0.093500 0.072300 0.039800 0.000000 0.067100 0.084100 0.092900 0.072800 0.077400 0.066000 0.072400 0.094500 0.072500 0.078300 0.077200 0.078300 0.081800 0.094100 0.083300 0.078100 0.075400 0.066700 0.072600 0.066500 0.076300 0.117700 0.071900 0.100500 0.082200 0.071500 0.072400 0.078100 0.088000 0.072300 0.061800 0.082200 0.078500 0.089400
TibetanAnt 0.020000 0.156100 0.077900 0.207600 0.035100 0.020000 0.045300 0.045300 0.062000 0.066700 0.014900 0.045800 0.025100 0.045200 0.067100 0.045500 0.066400 0.067100 0.000000 0.067800 0.055200 0.015000 0.061400 0.060800 0.014900 0.056100 0.025000 0.062100 0.050400 0.062100 0.072000 0.066400 0.094800 0.030200 0.027100 0.056200 0.015000 0.040200 0.050900 0.094500 0.056000 0.061600 0.072300 0.066200 0.061700 0.061800 0.060700 0.045500 0.035300 0.093100 0.062300 0.067500
Sitatunga 0.067900 0.172300 0.020100 0.215500 0.051400 0.067900 0.062000 0.062000 0.025500 0.072800 0.062200 0.030600 0.062500 0.061800 0.084800 0.062200 0.083200 0.084100 0.067800 0.000000 0.083000 0.051900 0.067400 0.066700 0.062300 0.084300 0.073300 0.004900 0.067300 0.005000 0.078200 0.084100 0.112800 0.068100 0.054900 0.051400 0.062500 0.056600 0.066800 0.095600 0.061900 0.090200 0.078600 0.072200 0.057000 0.079400 0.078000 0.062300 0.051700 0.088600 0.005000 0.015200
Oribi 0.055300 0.183800 0.093000 0.222500 0.049800 0.055300 0.049800 0.029500 0.066400 0.071000 0.050000 0.060800 0.050100 0.049600 0.071400 0.039800 0.091900 0.092900 0.055200 0.083000 0.000000 0.050200 0.076400 0.065100 0.050000 0.039900 0.060500 0.077300 0.044600 0.077300 0.076300 0.070800 0.110000 0.055400 0.053400 0.071100 0.039800 0.054800 0.034800 0.116000 0.070900 0.045200 0.076600 0.070500 0.076700 0.066200 0.044600 0.044900 0.039900 0.097200 0.077500 0.071600
BarbaryShe 0.015000 0.162700 0.062000 0.201000 0.030100 0.015000 0.040300 0.040300 0.046300 0.061700 0.009900 0.040800 0.020100 0.040200 0.062000 0.040500 0.072000 0.072800 0.015000 0.051900 0.050200 0.000000 0.045900 0.055800 0.010000 0.051100 0.030300 0.046400 0.045400 0.046400 0.067000 0.061400 0.100800 0.025200 0.011400 0.051100 0.010000 0.035100 0.045800 0.078800 0.040500 0.056500 0.067300 0.061200 0.056600 0.056700 0.055700 0.040500 0.030300 0.077200 0.046500 0.051700
Daviddeer 0.061600 0.160200 0.077500 0.199000 0.060400 0.061600 0.045400 0.055800 0.073000 0.025000 0.056000 0.056100 0.056300 0.045300 0.078100 0.066600 0.066000 0.077400 0.061400 0.067400 0.076400 0.045900 0.000000 0.029800 0.056100 0.077700 0.066800 0.061800 0.071600 0.061800 0.030000 0.066700 0.087900 0.061700 0.048400 0.066500 0.056300 0.065600 0.061500 0.072800 0.004900 0.083400 0.030100 0.034900 0.072100 0.072700 0.071400 0.056100 0.035300 0.060700 0.062000 0.072700
Reindeer 0.060900 0.140800 0.076700 0.186000 0.043800 0.060900 0.034700 0.044900 0.072200 0.024700 0.055500 0.045100 0.055700 0.034600 0.066500 0.055400 0.055000 0.066000 0.060800 0.066700 0.065100 0.055800 0.029800 0.000000 0.055500 0.066200 0.066100 0.061200 0.060300 0.061200 0.029700 0.055500 0.071700 0.061000 0.058300 0.055300 0.055700 0.049000 0.050400 0.056000 0.024700 0.071800 0.029800 0.004800 0.060700 0.065200 0.060200 0.045100 0.035000 0.054700 0.061300 0.071900
Ibex 0.014900 0.161700 0.072400 0.212700 0.029900 0.014900 0.040100 0.040100 0.056600 0.061300 0.000000 0.040600 0.020000 0.040000 0.061700 0.040300 0.071600 0.072400 0.014900 0.062300 0.050000 0.010000 0.056100 0.055500 0.000000 0.050800 0.030100 0.056700 0.045200 0.056700 0.066600 0.061100 0.100300 0.025100 0.022200 0.050900 0.009900 0.034900 0.045600 0.089400 0.050700 0.056200 0.066900 0.060900 0.056300 0.056400 0.055400 0.040300 0.030100 0.087600 0.056900 0.062000
GyrantGaze 0.056200 0.186900 0.094500 0.212900 0.050600 0.056200 0.050500 0.030000 0.056800 0.072200 0.050800 0.061800 0.051000 0.050400 0.072500 0.020000 0.093500 0.094500 0.056100 0.084300 0.039900 0.051100 0.077700 0.066200 0.050800 0.000000 0.061400 0.078500 0.024900 0.078500 0.077500 0.071900 0.111800 0.056300 0.053800 0.072300 0.051000 0.055700 0.035400 0.117900 0.072000 0.005000 0.077900 0.071600 0.078000 0.067200 0.045200 0.050800 0.040500 0.098700 0.078700 0.084000
Hartebeest 0.035300 0.162200 0.083400 0.200300 0.040200 0.035300 0.050500 0.050500 0.067500 0.072100 0.030100 0.051200 0.010000 0.050400 0.072500 0.050700 0.071700 0.072500 0.025000 0.073300 0.060500 0.030300 0.066800 0.066100 0.030100 0.061400 0.000000 0.067600 0.055700 0.067600 0.077500 0.071900 0.100500 0.014900 0.033500 0.061500 0.030200 0.045300 0.056200 0.089600 0.061300 0.067000 0.077800 0.071600 0.067100 0.067200 0.066000 0.050800 0.040500 0.098600 0.067800 0.073000
Bongo 0.062300 0.165300 0.015000 0.207900 0.045900 0.062300 0.056400 0.056400 0.020300 0.067100 0.056700 0.035700 0.056900 0.056300 0.078900 0.056700 0.077500 0.078300 0.062100 0.004900 0.077300 0.046400 0.061800 0.061200 0.056700 0.078500 0.067600 0.000000 0.061600 0.000000 0.072500 0.078300 0.106600 0.062400 0.049200 0.046000 0.056900 0.051100 0.061100 0.089500 0.056300 0.084300 0.072800 0.066600 0.051400 0.073500 0.072200 0.056700 0.046200 0.082800 0.000000 0.010100
Gerenuk 0.050500 0.154400 0.077300 0.191600 0.034800 0.050500 0.044900 0.024700 0.040600 0.066200 0.045200 0.045500 0.045300 0.044800 0.066500 0.004900 0.076400 0.077200 0.050400 0.067300 0.044600 0.045400 0.071600 0.060300 0.045200 0.024900 0.055700 0.061600 0.000000 0.061600 0.071500 0.065900 0.105100 0.050600 0.047900 0.055700 0.045300 0.039800 0.030000 0.111100 0.066000 0.030100 0.071700 0.065700 0.061200 0.061300 0.039700 0.045100 0.035000 0.092300 0.061800 0.067000
CommonElan 0.062200 0.165300 0.015000 0.207900 0.045900 0.062300 0.056400 0.056400 0.020300 0.067100 0.056700 0.035700 0.056900 0.056300 0.078900 0.056700 0.077500 0.078300 0.062100 0.005000 0.077300 0.046400 0.061800 0.061200 0.056700 0.078500 0.067600 0.000000 0.061600 0.000000 0.072500 0.078300 0.106600 0.062400 0.049200 0.046000 0.056900 0.051100 0.061100 0.089500 0.056300 0.084300 0.072800 0.066600 0.051400 0.073500 0.072200 0.056700 0.046200 0.082800 0.000000 0.010100
MuntiacusR 0.072200 0.160000 0.088300 0.206500 0.060200 0.072200 0.045400 0.055700 0.083800 0.004900 0.066600 0.056000 0.066800 0.045200 0.078000 0.066500 0.070200 0.081800 0.072000 0.078200 0.076300 0.067000 0.030000 0.029700 0.066600 0.077500 0.077500 0.072500 0.071500 0.072500 0.000000 0.066600 0.083200 0.072300 0.069700 0.066400 0.066900 0.065400 0.061500 0.089100 0.024900 0.083200 0.009900 0.034800 0.061200 0.072600 0.071300 0.056000 0.035300 0.071200 0.072700 0.083500
HarveysDui 0.066600 0.174100 0.094200 0.237700 0.050400 0.066600 0.019700 0.050400 0.078100 0.061300 0.061100 0.061600 0.061300 0.019700 0.055900 0.061000 0.082300 0.094100 0.066400 0.084100 0.070800 0.061400 0.066700 0.055500 0.061100 0.071900 0.071900 0.078300 0.065900 0.078300 0.066600 0.000000 0.100200 0.066700 0.064800 0.072000 0.061300 0.055500 0.056000 0.117700 0.061200 0.077500 0.066900 0.060800 0.077700 0.067000 0.065800 0.050600 0.038000 0.087500 0.078500 0.083700
Pronghorn 0.095000 0.155300 0.117400 0.226500 0.088700 0.095000 0.077800 0.088700 0.118700 0.077800 0.100200 0.089100 0.100500 0.077600 0.101100 0.100100 0.071600 0.083300 0.094800 0.112800 0.110000 0.100800 0.087900 0.071700 0.100300 0.111800 0.100500 0.106600 0.105100 0.106600 0.083200 0.100200 0.000000 0.095200 0.104100 0.099900 0.100600 0.094000 0.094500 0.124200 0.077700 0.117900 0.083600 0.077200 0.105900 0.106800 0.093900 0.089100 0.078300 0.098000 0.106900 0.118200
BlueWildeb 0.020100 0.156600 0.078200 0.207500 0.035200 0.020100 0.045500 0.045400 0.062300 0.067000 0.025100 0.046000 0.005000 0.045300 0.056600 0.045700 0.077300 0.078100 0.030200 0.068100 0.055400 0.025200 0.061700 0.061000 0.025100 0.056300 0.014900 0.062400 0.050600 0.062400 0.072300 0.066700 0.095200 0.000000 0.028300 0.056400 0.025200 0.040200 0.051100 0.073400 0.056200 0.061800 0.072600 0.066400 0.062000 0.062000 0.050500 0.045700 0.035400 0.082500 0.062600 0.067800
Gemsbok 0.027800 0.162100 0.065300 0.200300 0.032600 0.027800 0.043200 0.042700 0.049300 0.064300 0.022500 0.043400 0.022600 0.043000 0.065000 0.042900 0.074600 0.075400 0.027100 0.054900 0.053400 0.011400 0.048400 0.058300 0.022200 0.053800 0.033500 0.049200 0.047900 0.049200 0.069700 0.064800 0.104100 0.028300 0.000000 0.054300 0.022400 0.038000 0.048300 0.081900 0.042900 0.059000 0.070100 0.063800 0.059900 0.060000 0.058400 0.043300 0.032400 0.080000 0.049100 0.054400
Yak 0.056300 0.146100 0.061400 0.198300 0.040300 0.056300 0.050600 0.050600 0.056800 0.061100 0.050800 0.030200 0.051000 0.050400 0.072600 0.050800 0.071300 0.066700 0.056200 0.051400 0.071100 0.051100 0.066500 0.055300 0.050900 0.072300 0.061500 0.046000 0.055700 0.046000 0.066400 0.072000 0.099900 0.056400 0.054300 0.000000 0.051100 0.035100 0.051000 0.105900 0.061000 0.077900 0.056100 0.060600 0.004800 0.067300 0.066100 0.050800 0.040500 0.076500 0.046100 0.056600
BlueSheep 0.015000 0.162500 0.072700 0.213700 0.030000 0.015000 0.040200 0.040200 0.056900 0.061600 0.009900 0.040700 0.020000 0.040100 0.061900 0.040400 0.071900 0.072600 0.015000 0.062500 0.039800 0.010000 0.056300 0.055700 0.009900 0.051000 0.030200 0.056900 0.045300 0.056900 0.066900 0.061300 0.100600 0.025200 0.022400 0.051100 0.000000 0.035100 0.045800 0.089700 0.050900 0.056400 0.067100 0.061100 0.056500 0.056600 0.055600 0.035300 0.030200 0.087900 0.057100 0.062300
BohorReedb 0.040200 0.142700 0.066600 0.187100 0.004900 0.040200 0.034800 0.034700 0.051000 0.060100 0.034900 0.035200 0.035100 0.034700 0.056000 0.034900 0.065800 0.066500 0.040200 0.056600 0.054800 0.035100 0.065600 0.049000 0.034900 0.055700 0.045300 0.051100 0.039800 0.051100 0.065400 0.055500 0.094000 0.040200 0.038000 0.035100 0.035100 0.000000 0.040100 0.099300 0.060200 0.061100 0.065800 0.054300 0.040400 0.050800 0.049900 0.034900 0.024900 0.076200 0.051200 0.056400
KirksDik 0.051000 0.149000 0.077100 0.180500 0.035100 0.051000 0.035100 0.014900 0.050400 0.056200 0.045600 0.045900 0.045700 0.035000 0.056500 0.025000 0.075700 0.076300 0.050900 0.066800 0.034800 0.045800 0.061500 0.050400 0.045600 0.035400 0.056200 0.061100 0.030000 0.061100 0.061500 0.056000 0.094500 0.051100 0.048300 0.051000 0.045800 0.040100 0.000000 0.112300 0.056100 0.040700 0.061700 0.055700 0.056500 0.051300 0.029900 0.035200 0.025100 0.077000 0.061100 0.066400
RoeDeer 0.084100 0.186700 0.106000 0.230000 0.093900 0.084100 0.094600 0.105700 0.113600 0.083700 0.089300 0.094400 0.078700 0.094300 0.118700 0.106200 0.105200 0.117700 0.094500 0.095600 0.116000 0.078800 0.072800 0.056000 0.089400 0.117900 0.089600 0.089500 0.111100 0.089500 0.089100 0.117700 0.124200 0.073400 0.081900 0.105900 0.089700 0.099300 0.112300 0.000000 0.067200 0.124100 0.089500 0.061400 0.112000 0.124600 0.111000 0.106300 0.095300 0.092900 0.089200 0.100900
WhiteLippe 0.056100 0.153800 0.071900 0.187100 0.054900 0.056100 0.040100 0.050400 0.067400 0.019800 0.050600 0.050700 0.050800 0.040000 0.072400 0.061100 0.060600 0.071900 0.056000 0.061900 0.070900 0.040500 0.004900 0.024700 0.050700 0.072000 0.061300 0.056300 0.066000 0.056300 0.024900 0.061200 0.077700 0.056200 0.042900 0.061000 0.050900 0.060200 0.056100 0.067200 0.000000 0.077700 0.025000 0.029700 0.066500 0.067100 0.065900 0.050700 0.030100 0.055300 0.056500 0.067100
ThomsonGaz 0.061700 0.193600 0.100400 0.206700 0.056000 0.061700 0.055900 0.035200 0.062400 0.077800 0.056200 0.067400 0.056400 0.055800 0.075700 0.025100 0.099300 0.100500 0.061600 0.090200 0.045200 0.056500 0.083400 0.071800 0.056200 0.005000 0.067000 0.084300 0.030100 0.084300 0.083200 0.077500 0.117900 0.061800 0.059000 0.077900 0.056400 0.061100 0.040700 0.124100 0.077700 0.000000 0.083600 0.077200 0.083700 0.072900 0.050600 0.056200 0.045900 0.104500 0.084600 0.089800
MuntiacusC 0.072500 0.160700 0.088700 0.207400 0.060500 0.072500 0.045500 0.056000 0.084200 0.004900 0.066900 0.056300 0.067100 0.045400 0.078300 0.066800 0.070500 0.082200 0.072300 0.078600 0.076600 0.067300 0.030100 0.029800 0.066900 0.077900 0.077800 0.072800 0.071700 0.072800 0.009900 0.066900 0.083600 0.072600 0.070100 0.056100 0.067100 0.065800 0.061700 0.089500 0.025000 0.083600 0.000000 0.035000 0.051000 0.072900 0.071600 0.056300 0.035400 0.071400 0.073000 0.083800
WhiteTaile 0.066400 0.147000 0.082300 0.192700 0.049100 0.066400 0.039900 0.050100 0.077800 0.029800 0.060800 0.050400 0.061000 0.039800 0.072000 0.060800 0.060200 0.071500 0.066200 0.072200 0.070500 0.061200 0.034900 0.004800 0.060900 0.071600 0.071600 0.066600 0.065700 0.066600 0.034800 0.060800 0.077200 0.066400 0.063800 0.060600 0.061100 0.054300 0.055700 0.061400 0.029700 0.077200 0.035000 0.000000 0.066100 0.066700 0.065500 0.050400 0.040100 0.060000 0.066800 0.077400
Cattle 0.061800 0.152700 0.067000 0.205700 0.045600 0.061800 0.056000 0.056000 0.062400 0.056000 0.056300 0.035400 0.056500 0.055900 0.078400 0.056300 0.076900 0.072400 0.061700 0.057000 0.076700 0.056600 0.072100 0.060700 0.056300 0.078000 0.067100 0.051400 0.061200 0.051400 0.061200 0.077700 0.105900 0.062000 0.059900 0.004800 0.056500 0.040400 0.056500 0.112000 0.066500 0.083700 0.051000 0.066100 0.000000 0.073000 0.071700 0.056300 0.045900 0.082200 0.051600 0.062200
RoyalAntel 0.061900 0.169600 0.089600 0.221400 0.045700 0.061900 0.045700 0.045600 0.073400 0.067300 0.056400 0.056800 0.056600 0.045500 0.067600 0.056300 0.077200 0.078100 0.061800 0.079400 0.066200 0.056700 0.072700 0.065200 0.056400 0.067200 0.067200 0.073500 0.061300 0.073500 0.072600 0.067000 0.106800 0.062000 0.060000 0.067300 0.056600 0.050800 0.051300 0.124600 0.067100 0.072900 0.072900 0.066700 0.073000 0.000000 0.061200 0.045900 0.035500 0.093900 0.073700 0.079000
Steenbok 0.050400 0.154300 0.088000 0.203700 0.044900 0.050400 0.044800 0.024600 0.061500 0.066000 0.055400 0.055800 0.055600 0.044700 0.055800 0.034800 0.087100 0.088000 0.060700 0.078000 0.044600 0.055700 0.071400 0.060200 0.055400 0.045200 0.066000 0.072200 0.039700 0.072200 0.071300 0.065800 0.093900 0.050500 0.058400 0.066100 0.055600 0.049900 0.029900 0.111000 0.065900 0.050600 0.071600 0.065500 0.071700 0.061200 0.000000 0.045100 0.034900 0.081500 0.072400 0.077600
Impala 0.045600 0.159700 0.072400 0.210800 0.029900 0.045600 0.029900 0.029900 0.056600 0.050800 0.040300 0.040600 0.040400 0.029800 0.040600 0.040200 0.071500 0.072300 0.045500 0.062300 0.044900 0.040500 0.056100 0.045100 0.040300 0.050800 0.050800 0.056700 0.045100 0.056700 0.056000 0.050600 0.089100 0.045700 0.043300 0.050800 0.035300 0.034900 0.035200 0.106300 0.050700 0.056200 0.056300 0.050400 0.056300 0.045900 0.045100 0.000000 0.019900 0.076800 0.056900 0.062100
Klipspring 0.035300 0.149900 0.061800 0.200000 0.019900 0.035300 0.019900 0.019800 0.046200 0.030100 0.030100 0.030300 0.030200 0.019800 0.039200 0.030100 0.061100 0.061800 0.035300 0.051700 0.039900 0.030300 0.035300 0.035000 0.030100 0.040500 0.040500 0.046200 0.035000 0.046200 0.035300 0.038000 0.078300 0.035400 0.032400 0.040500 0.030200 0.024900 0.025100 0.095300 0.030100 0.045900 0.035400 0.040100 0.045900 0.035500 0.034900 0.019900 0.000000 0.066300 0.046400 0.051500
ForestMusk 0.082400 0.148100 0.098700 0.221400 0.071000 0.082400 0.065900 0.076400 0.094200 0.065900 0.087500 0.076800 0.087800 0.065700 0.088300 0.087400 0.086700 0.082200 0.093100 0.088600 0.097200 0.077200 0.060700 0.054700 0.087600 0.098700 0.098600 0.082800 0.092300 0.082800 0.071200 0.087500 0.098000 0.082500 0.080000 0.076500 0.087900 0.076200 0.077000 0.092900 0.055300 0.104500 0.071400 0.060000 0.082200 0.093900 0.081500 0.076800 0.066300 0.000000 0.083000 0.093800
Bushbuck 0.062400 0.165600 0.015000 0.208300 0.046100 0.062400 0.056600 0.056600 0.020400 0.067300 0.056800 0.035800 0.057100 0.056400 0.079200 0.056800 0.077700 0.078500 0.062300 0.005000 0.077500 0.046500 0.062000 0.061300 0.056900 0.078700 0.067800 0.000000 0.061800 0.000000 0.072700 0.078500 0.106900 0.062600 0.049100 0.046100 0.057100 0.051200 0.061100 0.089200 0.056500 0.084600 0.073000 0.066800 0.051600 0.073700 0.072400 0.056900 0.046400 0.083000 0.000000 0.010100
GreaterKud 0.067600 0.177900 0.025200 0.221200 0.051200 0.067600 0.061700 0.061700 0.025400 0.078100 0.062000 0.046200 0.062300 0.061600 0.084400 0.062000 0.088500 0.089400 0.067500 0.015200 0.071600 0.051700 0.072700 0.071900 0.062000 0.084000 0.073000 0.010100 0.067000 0.010100 0.083500 0.083700 0.118200 0.067800 0.054400 0.056600 0.062300 0.056400 0.066400 0.100900 0.067100 0.089800 0.083800 0.077400 0.062200 0.079000 0.077600 0.062100 0.051500 0.093800 0.010100 0.000000
