CODONML (in paml version 4.10.7, June 2023)  /home/rachel/ruminants_paml/6406-phy-tree/ENSBTAT00000016063.fasta.phy
Model: free dN/dS Ratios for branches,  kappa = 2.000 fixed

Codon frequency model: F3x4
ns =  54  ls =  51

Codon usage in sequences
--------------------------------------------------------------------------------------------------------------------------------------
Phe TTT   0   0   0   0   0   0 | Ser TCT   0   0   0   0   0   0 | Tyr TAT   0   1   1   1   1   1 | Cys TGT   0   0   0   0   0   0
    TTC   0   0   0   0   0   0 |     TCC   0   0   0   0   0   0 |     TAC   1   0   0   0   0   0 |     TGC   0   0   0   0   0   0
Leu TTA   0   0   0   0   0   0 |     TCA   0   0   0   0   0   0 | *** TAA   0   0   0   0   0   0 | *** TGA   0   0   0   0   0   0
    TTG   1   1   1   1   1   1 |     TCG   0   0   0   0   0   0 |     TAG   0   0   0   0   0   0 | Trp TGG   2   2   2   2   2   2
--------------------------------------------------------------------------------------------------------------------------------------
Leu CTT   0   0   0   0   0   0 | Pro CCT   1   2   1   1   2   1 | His CAT   0   0   0   0   0   0 | Arg CGT   0   0   0   0   1   0
    CTC   2   2   2   2   2   2 |     CCC   1   1   1   1   1   2 |     CAC   1   1   1   1   1   1 |     CGC   3   2   2   2   1   2
    CTA   1   1   1   1   1   1 |     CCA   1   1   2   1   1   1 | Gln CAA   0   0   0   0   0   0 |     CGA   0   1   1   1   0   1
    CTG   2   2   2   2   2   2 |     CCG   1   0   0   1   0   0 |     CAG   2   2   2   2   2   2 |     CGG   1   1   1   1   2   1
--------------------------------------------------------------------------------------------------------------------------------------
Ile ATT   1   1   1   1   0   1 | Thr ACT   0   0   0   0   0   2 | Asn AAT   2   1   2   2   2   1 | Ser AGT   0   0   0   0   0   0
    ATC   0   0   0   0   1   0 |     ACC   1   1   1   1   1   0 |     AAC   1   2   1   1   1   2 |     AGC   1   1   1   1   1   1
    ATA   1   1   1   1   1   1 |     ACA   2   2   2   2   2   2 | Lys AAA   0   0   0   0   0   0 | Arg AGA   1   1   1   1   1   1
Met ATG   2   2   2   2   2   2 |     ACG   1   1   1   1   1   0 |     AAG   0   0   0   0   0   0 |     AGG   2   2   2   2   2   2
--------------------------------------------------------------------------------------------------------------------------------------
Val GTT   0   0   0   0   0   0 | Ala GCT   0   0   0   0   0   1 | Asp GAT   1   0   1   1   1   1 | Gly GGT   0   0   0   0   0   0
    GTC   1   1   1   1   1   1 |     GCC   5   6   5   5   5   4 |     GAC   0   1   0   0   0   0 |     GGC   3   3   3   3   2   2
    GTA   0   0   0   0   0   0 |     GCA   2   1   2   2   2   2 | Glu GAA   0   0   0   0   0   0 |     GGA   0   0   0   0   0   0
    GTG   1   1   1   1   1   1 |     GCG   0   0   0   0   0   0 |     GAG   2   2   2   2   2   2 |     GGG   1   1   1   1   2   2
--------------------------------------------------------------------------------------------------------------------------------------

--------------------------------------------------------------------------------------------------------------------------------------
Phe TTT   0   0   0   0   0   0 | Ser TCT   0   0   0   0   0   0 | Tyr TAT   1   0   1   1   1   1 | Cys TGT   0   0   0   0   0   0
    TTC   0   0   0   0   0   0 |     TCC   0   0   0   0   0   0 |     TAC   0   1   0   0   0   0 |     TGC   0   0   0   0   0   0
Leu TTA   0   0   0   0   0   0 |     TCA   0   0   0   0   0   0 | *** TAA   0   0   0   0   0   0 | *** TGA   0   0   0   0   0   0
    TTG   1   1   1   1   1   1 |     TCG   0   0   0   0   0   0 |     TAG   0   0   0   0   0   0 | Trp TGG   2   2   2   2   2   2
--------------------------------------------------------------------------------------------------------------------------------------
Leu CTT   0   0   0   0   0   0 | Pro CCT   1   1   1   1   1   1 | His CAT   0   0   0   0   0   0 | Arg CGT   0   0   0   0   0   0
    CTC   2   2   2   2   2   2 |     CCC   1   1   1   1   1   1 |     CAC   1   1   1   1   1   1 |     CGC   2   3   2   2   2   2
    CTA   1   1   1   1   1   1 |     CCA   1   1   1   1   2   2 | Gln CAA   0   0   0   0   0   1 |     CGA   1   0   1   2   1   1
    CTG   2   2   2   2   2   2 |     CCG   1   1   1   1   0   0 |     CAG   2   2   2   2   2   1 |     CGG   1   1   1   1   1   1
--------------------------------------------------------------------------------------------------------------------------------------
Ile ATT   1   1   1   1   1   1 | Thr ACT   0   0   0   0   0   0 | Asn AAT   2   2   2   2   2   2 | Ser AGT   0   0   0   0   0   0
    ATC   0   0   0   0   0   0 |     ACC   1   1   1   1   1   1 |     AAC   1   1   1   1   1   1 |     AGC   1   1   1   1   1   1
    ATA   1   1   1   1   1   1 |     ACA   2   2   2   2   2   2 | Lys AAA   0   0   0   0   0   0 | Arg AGA   1   1   1   0   1   1
Met ATG   2   2   2   2   2   2 |     ACG   1   1   1   1   1   1 |     AAG   0   0   0   0   0   0 |     AGG   2   2   2   2   2   2
--------------------------------------------------------------------------------------------------------------------------------------
Val GTT   0   0   0   0   0   0 | Ala GCT   0   0   0   0   0   0 | Asp GAT   1   1   1   1   1   1 | Gly GGT   0   0   0   0   0   0
    GTC   1   1   1   1   1   1 |     GCC   5   5   5   5   5   5 |     GAC   0   0   0   0   0   0 |     GGC   3   3   3   3   3   3
    GTA   0   0   0   0   0   0 |     GCA   2   2   2   2   2   2 | Glu GAA   0   0   0   0   0   0 |     GGA   0   0   0   0   0   0
    GTG   1   1   1   1   1   1 |     GCG   0   0   0   0   0   0 |     GAG   2   2   2   2   2   2 |     GGG   1   1   1   1   1   1
--------------------------------------------------------------------------------------------------------------------------------------

--------------------------------------------------------------------------------------------------------------------------------------
Phe TTT   0   0   0   0   0   0 | Ser TCT   0   0   0   0   0   0 | Tyr TAT   0   1   1   1   1   1 | Cys TGT   0   0   0   0   0   0
    TTC   0   0   0   0   0   0 |     TCC   0   0   0   0   0   0 |     TAC   1   0   0   0   0   0 |     TGC   0   0   0   0   0   0
Leu TTA   0   0   0   0   0   0 |     TCA   0   0   0   0   0   0 | *** TAA   0   0   0   0   0   0 | *** TGA   0   0   0   0   0   0
    TTG   1   1   1   1   1   1 |     TCG   0   0   0   0   0   0 |     TAG   0   0   0   0   0   0 | Trp TGG   2   2   2   2   2   2
--------------------------------------------------------------------------------------------------------------------------------------
Leu CTT   0   0   0   0   0   0 | Pro CCT   1   1   1   1   1   1 | His CAT   0   0   0   0   0   0 | Arg CGT   0   0   0   0   0   0
    CTC   2   2   2   2   2   2 |     CCC   1   1   1   1   1   1 |     CAC   1   1   1   1   1   1 |     CGC   3   2   2   2   2   2
    CTA   1   1   1   1   1   1 |     CCA   1   1   1   1   1   1 | Gln CAA   0   0   0   0   0   0 |     CGA   0   1   1   1   1   2
    CTG   2   2   2   2   2   2 |     CCG   1   1   1   1   1   1 |     CAG   2   2   2   2   2   2 |     CGG   1   1   1   1   1   1
--------------------------------------------------------------------------------------------------------------------------------------
Ile ATT   1   1   1   1   1   1 | Thr ACT   0   0   0   0   0   0 | Asn AAT   2   2   2   2   2   2 | Ser AGT   0   0   0   0   0   0
    ATC   0   0   0   0   0   0 |     ACC   1   1   1   1   1   1 |     AAC   1   1   1   1   1   1 |     AGC   1   1   1   1   1   1
    ATA   1   1   1   1   1   1 |     ACA   2   2   2   2   2   2 | Lys AAA   0   0   0   0   0   0 | Arg AGA   1   1   1   1   1   0
Met ATG   2   2   2   2   2   2 |     ACG   1   1   1   1   1   1 |     AAG   0   0   0   0   0   0 |     AGG   2   2   2   2   2   2
--------------------------------------------------------------------------------------------------------------------------------------
Val GTT   0   0   0   0   0   0 | Ala GCT   0   1   0   0   1   0 | Asp GAT   1   1   1   1   1   1 | Gly GGT   0   0   0   0   0   0
    GTC   1   1   1   1   1   1 |     GCC   5   4   5   5   4   5 |     GAC   0   0   0   0   0   0 |     GGC   3   3   2   3   3   3
    GTA   0   0   0   0   0   0 |     GCA   2   2   2   2   2   2 | Glu GAA   0   0   0   0   0   0 |     GGA   0   0   0   0   0   0
    GTG   1   1   1   1   1   1 |     GCG   0   0   0   0   0   0 |     GAG   2   2   2   2   2   2 |     GGG   1   1   2   1   1   1
--------------------------------------------------------------------------------------------------------------------------------------

--------------------------------------------------------------------------------------------------------------------------------------
Phe TTT   0   0   0   0   0   0 | Ser TCT   0   0   0   0   0   0 | Tyr TAT   1   1   0   1   1   0 | Cys TGT   0   0   0   0   0   0
    TTC   0   0   0   0   0   0 |     TCC   0   0   0   0   0   0 |     TAC   0   0   1   0   0   1 |     TGC   0   0   0   0   0   0
Leu TTA   0   0   0   0   0   0 |     TCA   0   0   0   0   0   0 | *** TAA   0   0   0   0   0   0 | *** TGA   0   0   0   0   0   0
    TTG   1   1   1   1   1   1 |     TCG   0   0   0   0   0   0 |     TAG   0   0   0   0   0   0 | Trp TGG   2   2   2   2   2   2
--------------------------------------------------------------------------------------------------------------------------------------
Leu CTT   0   0   0   0   0   0 | Pro CCT   1   1   1   1   1   1 | His CAT   0   0   0   0   0   0 | Arg CGT   0   0   0   0   0   0
    CTC   2   2   2   2   2   2 |     CCC   1   1   1   1   1   1 |     CAC   1   1   1   1   1   1 |     CGC   2   2   3   2   2   3
    CTA   1   1   1   1   1   1 |     CCA   1   1   1   2   1   1 | Gln CAA   0   0   0   0   0   0 |     CGA   1   1   0   1   2   0
    CTG   2   2   2   2   2   2 |     CCG   1   1   1   0   1   1 |     CAG   2   2   2   2   2   2 |     CGG   1   1   1   1   1   1
--------------------------------------------------------------------------------------------------------------------------------------
Ile ATT   1   1   1   1   1   1 | Thr ACT   0   1   0   0   0   0 | Asn AAT   2   1   2   2   2   2 | Ser AGT   0   0   0   0   0   0
    ATC   0   0   0   0   0   0 |     ACC   1   0   1   1   1   1 |     AAC   1   2   1   1   1   1 |     AGC   1   1   1   1   1   1
    ATA   1   1   1   1   1   1 |     ACA   2   1   2   2   1   2 | Lys AAA   0   0   0   0   0   0 | Arg AGA   1   1   1   1   0   1
Met ATG   2   2   2   2   2   2 |     ACG   1   2   1   1   2   1 |     AAG   0   0   0   0   0   0 |     AGG   2   2   2   2   2   2
--------------------------------------------------------------------------------------------------------------------------------------
Val GTT   0   0   0   0   0   0 | Ala GCT   0   0   0   0   0   1 | Asp GAT   1   1   1   1   1   1 | Gly GGT   0   0   0   0   0   0
    GTC   1   1   1   1   1   1 |     GCC   5   5   5   5   6   4 |     GAC   0   0   0   0   0   0 |     GGC   3   3   3   3   3   3
    GTA   0   0   0   0   0   0 |     GCA   2   1   2   2   1   2 | Glu GAA   0   0   0   0   0   0 |     GGA   0   0   0   0   0   0
    GTG   1   1   1   1   1   1 |     GCG   0   1   0   0   0   0 |     GAG   2   2   2   2   2   2 |     GGG   1   1   1   1   1   1
--------------------------------------------------------------------------------------------------------------------------------------

--------------------------------------------------------------------------------------------------------------------------------------
Phe TTT   0   0   0   0   0   0 | Ser TCT   0   0   0   0   0   0 | Tyr TAT   1   1   0   1   1   1 | Cys TGT   0   0   0   0   0   0
    TTC   0   0   0   0   0   0 |     TCC   0   0   0   0   0   0 |     TAC   0   0   1   0   0   0 |     TGC   0   0   0   0   0   0
Leu TTA   0   0   0   0   0   0 |     TCA   0   0   0   0   0   0 | *** TAA   0   0   0   0   0   0 | *** TGA   0   0   0   0   0   0
    TTG   1   1   1   1   1   1 |     TCG   0   0   0   0   0   0 |     TAG   0   0   0   0   0   0 | Trp TGG   2   2   2   2   2   2
--------------------------------------------------------------------------------------------------------------------------------------
Leu CTT   0   0   0   0   0   0 | Pro CCT   1   1   1   1   1   1 | His CAT   0   0   0   0   0   0 | Arg CGT   0   0   0   0   0   0
    CTC   2   2   2   2   2   2 |     CCC   1   1   1   1   1   1 |     CAC   1   1   1   1   1   1 |     CGC   2   2   3   2   2   2
    CTA   1   1   1   1   1   1 |     CCA   2   2   1   1   1   2 | Gln CAA   0   0   0   0   0   0 |     CGA   1   1   0   2   1   1
    CTG   2   2   2   2   2   2 |     CCG   0   0   1   1   1   0 |     CAG   2   2   2   2   2   2 |     CGG   1   1   1   1   1   1
--------------------------------------------------------------------------------------------------------------------------------------
Ile ATT   1   1   1   1   1   1 | Thr ACT   0   0   0   0   0   0 | Asn AAT   2   2   2   2   2   2 | Ser AGT   0   0   0   0   0   0
    ATC   0   0   0   0   0   0 |     ACC   1   1   1   1   1   1 |     AAC   1   1   1   1   1   1 |     AGC   1   1   1   1   1   1
    ATA   1   1   1   1   1   1 |     ACA   2   2   2   2   2   2 | Lys AAA   0   0   0   0   0   0 | Arg AGA   1   1   1   0   1   1
Met ATG   2   2   2   2   2   2 |     ACG   1   1   1   1   1   1 |     AAG   0   0   0   0   0   0 |     AGG   2   2   2   2   2   2
--------------------------------------------------------------------------------------------------------------------------------------
Val GTT   0   0   0   0   0   0 | Ala GCT   0   0   0   0   0   0 | Asp GAT   1   1   1   1   1   1 | Gly GGT   0   0   0   0   0   0
    GTC   1   1   1   1   1   1 |     GCC   5   4   5   5   5   5 |     GAC   0   0   0   0   0   0 |     GGC   3   3   3   3   2   3
    GTA   0   0   0   0   0   0 |     GCA   2   2   2   2   2   2 | Glu GAA   0   0   0   0   0   0 |     GGA   0   0   0   0   0   0
    GTG   1   1   1   1   1   1 |     GCG   0   1   0   0   0   0 |     GAG   2   2   2   2   2   2 |     GGG   1   1   1   1   2   1
--------------------------------------------------------------------------------------------------------------------------------------

--------------------------------------------------------------------------------------------------------------------------------------
Phe TTT   0   0   0   0   0   0 | Ser TCT   0   0   0   0   0   0 | Tyr TAT   1   1   1   1   1   1 | Cys TGT   0   0   0   0   0   0
    TTC   0   0   0   0   0   0 |     TCC   0   0   0   0   0   0 |     TAC   0   0   0   0   0   0 |     TGC   0   0   0   0   0   0
Leu TTA   0   0   0   0   0   0 |     TCA   0   0   0   0   0   0 | *** TAA   0   0   0   0   0   0 | *** TGA   0   0   0   0   0   0
    TTG   1   1   1   1   1   1 |     TCG   0   0   0   0   0   0 |     TAG   0   0   0   0   0   0 | Trp TGG   2   2   2   2   2   2
--------------------------------------------------------------------------------------------------------------------------------------
Leu CTT   0   0   0   0   0   0 | Pro CCT   1   1   1   1   1   1 | His CAT   0   0   0   0   0   0 | Arg CGT   0   0   0   0   0   0
    CTC   2   2   2   2   2   2 |     CCC   1   1   1   1   2   1 |     CAC   1   1   1   1   1   1 |     CGC   2   2   2   2   2   2
    CTA   1   1   1   1   1   1 |     CCA   1   2   2   1   0   1 | Gln CAA   0   0   1   0   0   0 |     CGA   2   1   1   1   1   1
    CTG   2   2   2   2   2   2 |     CCG   1   0   0   1   1   1 |     CAG   2   2   1   2   2   2 |     CGG   1   1   1   1   1   1
--------------------------------------------------------------------------------------------------------------------------------------
Ile ATT   1   1   1   1   1   1 | Thr ACT   0   0   0   0   0   0 | Asn AAT   2   2   2   2   2   2 | Ser AGT   0   0   0   0   0   0
    ATC   0   0   0   0   0   0 |     ACC   1   1   1   1   2   1 |     AAC   1   1   1   1   1   1 |     AGC   1   1   1   1   1   1
    ATA   1   1   1   1   1   1 |     ACA   2   2   2   2   2   2 | Lys AAA   0   0   0   0   0   0 | Arg AGA   0   1   1   1   1   1
Met ATG   2   2   2   2   2   2 |     ACG   1   1   1   1   0   1 |     AAG   0   0   0   0   0   0 |     AGG   2   2   2   2   2   2
--------------------------------------------------------------------------------------------------------------------------------------
Val GTT   0   0   0   0   0   0 | Ala GCT   0   0   0   0   1   0 | Asp GAT   1   1   1   1   1   1 | Gly GGT   0   0   0   0   0   0
    GTC   1   1   1   1   1   1 |     GCC   5   5   5   5   4   5 |     GAC   0   0   0   0   0   0 |     GGC   3   3   3   3   3   2
    GTA   0   0   0   0   0   0 |     GCA   2   2   2   2   2   2 | Glu GAA   0   0   0   0   1   0 |     GGA   0   0   0   0   0   0
    GTG   1   1   1   1   1   1 |     GCG   0   0   0   0   0   0 |     GAG   2   2   2   2   1   2 |     GGG   1   1   1   1   1   2
--------------------------------------------------------------------------------------------------------------------------------------

--------------------------------------------------------------------------------------------------------------------------------------
Phe TTT   0   0   0   0   0   0 | Ser TCT   0   0   0   0   0   0 | Tyr TAT   1   1   0   1   1   1 | Cys TGT   0   0   0   0   0   0
    TTC   0   0   0   0   0   0 |     TCC   0   0   0   0   0   0 |     TAC   0   0   1   0   0   0 |     TGC   0   0   0   0   0   0
Leu TTA   0   0   0   0   0   0 |     TCA   0   0   0   0   0   0 | *** TAA   0   0   0   0   0   0 | *** TGA   0   0   0   0   0   0
    TTG   1   1   1   1   1   1 |     TCG   0   0   0   0   0   0 |     TAG   0   0   0   0   0   0 | Trp TGG   2   2   2   2   2   2
--------------------------------------------------------------------------------------------------------------------------------------
Leu CTT   1   0   0   0   0   0 | Pro CCT   1   1   1   1   1   1 | His CAT   0   0   0   0   0   0 | Arg CGT   0   0   0   0   0   0
    CTC   1   2   2   2   2   2 |     CCC   1   1   1   1   1   1 |     CAC   1   1   1   1   1   1 |     CGC   2   2   3   2   2   2
    CTA   1   1   1   1   1   1 |     CCA   1   1   1   1   1   2 | Gln CAA   0   0   0   0   0   0 |     CGA   1   1   0   1   2   0
    CTG   2   2   2   2   2   2 |     CCG   1   1   1   1   1   0 |     CAG   2   2   2   2   2   2 |     CGG   1   1   1   1   1   1
--------------------------------------------------------------------------------------------------------------------------------------
Ile ATT   1   1   1   1   2   1 | Thr ACT   0   0   0   0   0   0 | Asn AAT   2   2   2   2   2   2 | Ser AGT   0   0   0   0   0   0
    ATC   0   0   0   0   0   0 |     ACC   1   1   1   1   1   1 |     AAC   1   1   1   1   1   1 |     AGC   1   1   1   1   1   1
    ATA   1   1   1   1   1   1 |     ACA   2   2   2   2   2   2 | Lys AAA   0   0   0   0   0   0 | Arg AGA   1   1   1   1   0   2
Met ATG   2   2   2   2   1   2 |     ACG   1   1   1   1   1   1 |     AAG   0   0   0   0   0   0 |     AGG   2   2   2   2   2   2
--------------------------------------------------------------------------------------------------------------------------------------
Val GTT   0   0   0   0   0   0 | Ala GCT   0   0   0   0   0   0 | Asp GAT   1   1   1   1   1   1 | Gly GGT   0   0   0   0   0   0
    GTC   1   1   1   1   1   1 |     GCC   5   5   5   5   5   5 |     GAC   0   0   0   0   0   0 |     GGC   2   3   3   3   3   3
    GTA   0   0   0   0   0   0 |     GCA   2   2   2   2   2   2 | Glu GAA   0   0   0   0   0   0 |     GGA   0   0   0   0   0   0
    GTG   1   1   1   1   1   1 |     GCG   0   0   0   0   0   0 |     GAG   2   2   2   2   2   2 |     GGG   2   1   1   1   1   1
--------------------------------------------------------------------------------------------------------------------------------------

--------------------------------------------------------------------------------------------------------------------------------------
Phe TTT   0   0   0   0   0   0 | Ser TCT   0   0   0   0   0   0 | Tyr TAT   1   1   1   1   1   1 | Cys TGT   0   0   0   0   0   0
    TTC   0   0   0   0   0   0 |     TCC   0   0   0   0   0   0 |     TAC   0   0   0   0   0   0 |     TGC   0   0   0   0   0   0
Leu TTA   0   0   0   0   0   0 |     TCA   0   0   0   0   0   0 | *** TAA   0   0   0   0   0   0 | *** TGA   0   0   0   0   0   0
    TTG   1   1   1   1   1   1 |     TCG   0   0   0   0   0   0 |     TAG   0   0   0   0   0   0 | Trp TGG   2   2   2   2   2   2
--------------------------------------------------------------------------------------------------------------------------------------
Leu CTT   0   0   0   0   0   0 | Pro CCT   1   1   1   1   1   1 | His CAT   0   0   0   0   0   0 | Arg CGT   0   0   0   0   0   0
    CTC   2   2   2   2   2   2 |     CCC   1   1   1   1   1   1 |     CAC   1   1   1   1   1   1 |     CGC   2   2   2   2   2   1
    CTA   1   1   1   1   1   1 |     CCA   2   1   2   2   1   1 | Gln CAA   0   0   0   0   0   0 |     CGA   1   2   1   1   1   2
    CTG   2   2   2   2   2   2 |     CCG   0   1   0   0   1   1 |     CAG   2   2   2   2   2   2 |     CGG   1   1   1   1   1   1
--------------------------------------------------------------------------------------------------------------------------------------
Ile ATT   1   1   1   1   1   1 | Thr ACT   0   0   0   0   0   0 | Asn AAT   2   2   2   2   2   2 | Ser AGT   0   0   0   0   0   0
    ATC   0   0   0   0   0   0 |     ACC   1   1   1   1   1   1 |     AAC   1   1   1   1   1   1 |     AGC   1   1   1   1   1   1
    ATA   1   1   1   1   1   1 |     ACA   2   2   2   2   2   2 | Lys AAA   0   0   0   0   0   0 | Arg AGA   1   0   1   1   1   1
Met ATG   2   2   2   2   2   2 |     ACG   1   1   1   1   1   1 |     AAG   1   0   0   0   0   0 |     AGG   1   2   2   2   2   2
--------------------------------------------------------------------------------------------------------------------------------------
Val GTT   0   0   0   0   0   0 | Ala GCT   0   0   0   0   0   0 | Asp GAT   1   1   1   1   1   1 | Gly GGT   0   0   0   0   0   0
    GTC   1   1   1   1   1   1 |     GCC   5   5   5   4   5   5 |     GAC   0   0   0   0   0   0 |     GGC   3   3   3   3   3   3
    GTA   0   0   0   0   0   1 |     GCA   2   2   2   2   2   2 | Glu GAA   0   0   0   0   0   0 |     GGA   0   0   0   0   0   0
    GTG   1   1   1   1   1   0 |     GCG   0   0   0   1   0   0 |     GAG   2   2   2   2   2   2 |     GGG   1   1   1   1   1   1
--------------------------------------------------------------------------------------------------------------------------------------

--------------------------------------------------------------------------------------------------------------------------------------
Phe TTT   0   0   0   0   0   0 | Ser TCT   0   0   0   0   0   0 | Tyr TAT   1   1   0   1   1   1 | Cys TGT   0   0   0   0   0   0
    TTC   0   0   0   0   0   0 |     TCC   0   0   0   0   0   0 |     TAC   0   0   1   0   0   0 |     TGC   0   0   0   0   0   0
Leu TTA   0   0   0   0   0   0 |     TCA   0   0   0   0   0   0 | *** TAA   0   0   0   0   0   0 | *** TGA   0   0   0   0   0   0
    TTG   1   1   1   1   1   1 |     TCG   0   0   0   0   0   0 |     TAG   0   0   0   0   0   0 | Trp TGG   2   2   2   2   2   2
--------------------------------------------------------------------------------------------------------------------------------------
Leu CTT   0   0   0   0   0   0 | Pro CCT   1   1   1   1   1   2 | His CAT   0   0   0   0   0   0 | Arg CGT   0   0   0   0   0   0
    CTC   2   2   2   2   2   2 |     CCC   1   1   1   1   1   0 |     CAC   1   1   1   1   1   1 |     CGC   2   2   2   2   2   2
    CTA   1   1   1   1   1   1 |     CCA   1   1   1   1   2   2 | Gln CAA   0   0   0   0   0   0 |     CGA   2   1   1   1   1   1
    CTG   2   2   3   2   2   2 |     CCG   1   1   1   1   0   0 |     CAG   2   2   2   2   2   2 |     CGG   1   1   1   1   1   1
--------------------------------------------------------------------------------------------------------------------------------------
Ile ATT   1   1   1   1   1   1 | Thr ACT   0   0   0   0   0   0 | Asn AAT   2   2   2   2   2   2 | Ser AGT   0   0   0   0   0   0
    ATC   0   0   0   0   0   0 |     ACC   1   1   1   1   1   1 |     AAC   1   1   1   1   1   1 |     AGC   1   1   1   1   1   1
    ATA   1   1   1   1   1   1 |     ACA   2   2   2   2   2   2 | Lys AAA   0   0   0   0   0   0 | Arg AGA   0   1   1   1   1   1
Met ATG   2   2   1   2   2   2 |     ACG   1   1   1   1   1   1 |     AAG   0   0   0   0   0   0 |     AGG   2   2   2   2   2   2
--------------------------------------------------------------------------------------------------------------------------------------
Val GTT   0   0   0   0   0   0 | Ala GCT   0   0   0   0   0   0 | Asp GAT   1   1   1   1   1   1 | Gly GGT   0   0   0   0   0   0
    GTC   1   1   1   1   1   1 |     GCC   5   5   5   5   5   5 |     GAC   0   0   0   0   0   0 |     GGC   3   3   3   3   3   3
    GTA   0   0   0   0   0   0 |     GCA   2   2   2   2   2   2 | Glu GAA   0   0   0   0   0   0 |     GGA   0   0   0   0   0   0
    GTG   1   1   1   1   1   1 |     GCG   0   0   0   0   0   0 |     GAG   2   2   2   2   2   2 |     GGG   1   1   1   1   1   1
--------------------------------------------------------------------------------------------------------------------------------------

Codon position x base (3x4) table for each sequence.

#1: Argali         
position  1:    T:0.07843    C:0.31373    A:0.29412    G:0.31373
position  2:    T:0.23529    C:0.29412    A:0.19608    G:0.27451
position  3:    T:0.09804    C:0.39216    A:0.15686    G:0.35294
Average         T:0.13725    C:0.33333    A:0.21569    G:0.31373

#2: LesserMouseDeer
position  1:    T:0.07843    C:0.31373    A:0.29412    G:0.31373
position  2:    T:0.23529    C:0.29412    A:0.19608    G:0.27451
position  3:    T:0.09804    C:0.41176    A:0.15686    G:0.33333
Average         T:0.13725    C:0.33987    A:0.21569    G:0.30719

#3: LesserKudu     
position  1:    T:0.07843    C:0.31373    A:0.29412    G:0.31373
position  2:    T:0.23529    C:0.29412    A:0.19608    G:0.27451
position  3:    T:0.11765    C:0.35294    A:0.19608    G:0.33333
Average         T:0.14379    C:0.32026    A:0.22876    G:0.30719

#4: ForestMuskDeer2
position  1:    T:0.07843    C:0.31373    A:0.29412    G:0.31373
position  2:    T:0.23529    C:0.29412    A:0.19608    G:0.27451
position  3:    T:0.11765    C:0.35294    A:0.17647    G:0.35294
Average         T:0.14379    C:0.32026    A:0.22222    G:0.31373

#5: Camel          
position  1:    T:0.07843    C:0.31373    A:0.29412    G:0.31373
position  2:    T:0.23529    C:0.29412    A:0.19608    G:0.27451
position  3:    T:0.13725    C:0.33333    A:0.15686    G:0.37255
Average         T:0.15033    C:0.31373    A:0.21569    G:0.32026

#6: KillerWhale    
position  1:    T:0.07843    C:0.31373    A:0.29412    G:0.31373
position  2:    T:0.23529    C:0.29412    A:0.19608    G:0.27451
position  3:    T:0.15686    C:0.33333    A:0.17647    G:0.33333
Average         T:0.15686    C:0.31373    A:0.22222    G:0.30719

#7: DefassaWaterbuck
position  1:    T:0.07843    C:0.31373    A:0.29412    G:0.31373
position  2:    T:0.23529    C:0.29412    A:0.19608    G:0.27451
position  3:    T:0.11765    C:0.35294    A:0.17647    G:0.35294
Average         T:0.14379    C:0.32026    A:0.22222    G:0.31373

#8: Sheep          
position  1:    T:0.07843    C:0.31373    A:0.29412    G:0.31373
position  2:    T:0.23529    C:0.29412    A:0.19608    G:0.27451
position  3:    T:0.09804    C:0.39216    A:0.15686    G:0.35294
Average         T:0.13725    C:0.33333    A:0.21569    G:0.31373

#9: MaxwellsDuiker 
position  1:    T:0.07843    C:0.31373    A:0.29412    G:0.31373
position  2:    T:0.23529    C:0.29412    A:0.19608    G:0.27451
position  3:    T:0.11765    C:0.35294    A:0.17647    G:0.35294
Average         T:0.14379    C:0.32026    A:0.22222    G:0.31373

#10: GazellaPrzewalskyi
position  1:    T:0.07843    C:0.33333    A:0.27451    G:0.31373
position  2:    T:0.23529    C:0.29412    A:0.19608    G:0.27451
position  3:    T:0.11765    C:0.35294    A:0.17647    G:0.35294
Average         T:0.14379    C:0.32680    A:0.21569    G:0.31373

#11: MountainNyala  
position  1:    T:0.07843    C:0.31373    A:0.29412    G:0.31373
position  2:    T:0.23529    C:0.29412    A:0.19608    G:0.27451
position  3:    T:0.11765    C:0.35294    A:0.19608    G:0.33333
Average         T:0.14379    C:0.32026    A:0.22876    G:0.30719

#12: MuntiacusMuntjak
position  1:    T:0.07843    C:0.31373    A:0.29412    G:0.31373
position  2:    T:0.23529    C:0.29412    A:0.19608    G:0.27451
position  3:    T:0.11765    C:0.35294    A:0.21569    G:0.31373
Average         T:0.14379    C:0.32026    A:0.23529    G:0.30065

#13: goat           
position  1:    T:0.07843    C:0.31373    A:0.29412    G:0.31373
position  2:    T:0.23529    C:0.29412    A:0.19608    G:0.27451
position  3:    T:0.09804    C:0.39216    A:0.15686    G:0.35294
Average         T:0.13725    C:0.33333    A:0.21569    G:0.31373

#14: AfricanBuffalo 
position  1:    T:0.07843    C:0.31373    A:0.29412    G:0.31373
position  2:    T:0.23529    C:0.29412    A:0.19608    G:0.27451
position  3:    T:0.13725    C:0.33333    A:0.17647    G:0.35294
Average         T:0.15033    C:0.31373    A:0.22222    G:0.31373

#15: Topi           
position  1:    T:0.07843    C:0.31373    A:0.29412    G:0.31373
position  2:    T:0.23529    C:0.29412    A:0.19608    G:0.27451
position  3:    T:0.11765    C:0.33333    A:0.17647    G:0.37255
Average         T:0.14379    C:0.31373    A:0.22222    G:0.32026

#16: CommonDuiker   
position  1:    T:0.07843    C:0.31373    A:0.29412    G:0.31373
position  2:    T:0.23529    C:0.29412    A:0.19608    G:0.27451
position  3:    T:0.11765    C:0.35294    A:0.17647    G:0.35294
Average         T:0.14379    C:0.32026    A:0.22222    G:0.31373

#17: Suni           
position  1:    T:0.07843    C:0.31373    A:0.29412    G:0.31373
position  2:    T:0.23529    C:0.29412    A:0.19608    G:0.27451
position  3:    T:0.13725    C:0.33333    A:0.17647    G:0.35294
Average         T:0.15033    C:0.31373    A:0.22222    G:0.31373

#18: Springbuck     
position  1:    T:0.07843    C:0.33333    A:0.27451    G:0.31373
position  2:    T:0.23529    C:0.29412    A:0.19608    G:0.27451
position  3:    T:0.11765    C:0.35294    A:0.17647    G:0.35294
Average         T:0.14379    C:0.32680    A:0.21569    G:0.31373

#19: Okapi          
position  1:    T:0.07843    C:0.31373    A:0.29412    G:0.31373
position  2:    T:0.23529    C:0.29412    A:0.19608    G:0.27451
position  3:    T:0.11765    C:0.35294    A:0.17647    G:0.35294
Average         T:0.14379    C:0.32026    A:0.22222    G:0.31373

#20: Giraffe        
position  1:    T:0.07843    C:0.31373    A:0.29412    G:0.31373
position  2:    T:0.23529    C:0.29412    A:0.19608    G:0.27451
position  3:    T:0.11765    C:0.35294    A:0.13725    G:0.39216
Average         T:0.14379    C:0.32026    A:0.20915    G:0.32680

#21: TibetanAntelope
position  1:    T:0.07843    C:0.31373    A:0.29412    G:0.31373
position  2:    T:0.23529    C:0.29412    A:0.19608    G:0.27451
position  3:    T:0.09804    C:0.39216    A:0.15686    G:0.35294
Average         T:0.13725    C:0.33333    A:0.21569    G:0.31373

#22: Sitatunga      
position  1:    T:0.07843    C:0.31373    A:0.29412    G:0.31373
position  2:    T:0.23529    C:0.29412    A:0.19608    G:0.27451
position  3:    T:0.11765    C:0.35294    A:0.19608    G:0.33333
Average         T:0.14379    C:0.32026    A:0.22876    G:0.30719

#23: Oribi          
position  1:    T:0.07843    C:0.33333    A:0.27451    G:0.31373
position  2:    T:0.23529    C:0.29412    A:0.19608    G:0.27451
position  3:    T:0.11765    C:0.37255    A:0.13725    G:0.37255
Average         T:0.14379    C:0.33333    A:0.20261    G:0.32026

#24: BarbarySheep   
position  1:    T:0.07843    C:0.31373    A:0.29412    G:0.31373
position  2:    T:0.23529    C:0.29412    A:0.19608    G:0.27451
position  3:    T:0.11765    C:0.37255    A:0.15686    G:0.35294
Average         T:0.14379    C:0.32680    A:0.21569    G:0.31373

#25: Daviddeer      
position  1:    T:0.07843    C:0.31373    A:0.29412    G:0.31373
position  2:    T:0.23529    C:0.29412    A:0.19608    G:0.27451
position  3:    T:0.11765    C:0.35294    A:0.19608    G:0.33333
Average         T:0.14379    C:0.32026    A:0.22876    G:0.30719

#26: Reindeer       
position  1:    T:0.07843    C:0.31373    A:0.29412    G:0.31373
position  2:    T:0.23529    C:0.29412    A:0.19608    G:0.27451
position  3:    T:0.11765    C:0.33333    A:0.19608    G:0.35294
Average         T:0.14379    C:0.31373    A:0.22876    G:0.31373

#27: Ibex           
position  1:    T:0.07843    C:0.31373    A:0.29412    G:0.31373
position  2:    T:0.23529    C:0.29412    A:0.19608    G:0.27451
position  3:    T:0.09804    C:0.39216    A:0.15686    G:0.35294
Average         T:0.13725    C:0.33333    A:0.21569    G:0.31373

#28: GyrantGazelle  
position  1:    T:0.07843    C:0.33333    A:0.27451    G:0.31373
position  2:    T:0.23529    C:0.29412    A:0.19608    G:0.27451
position  3:    T:0.11765    C:0.35294    A:0.17647    G:0.35294
Average         T:0.14379    C:0.32680    A:0.21569    G:0.31373

#29: Hartebeest     
position  1:    T:0.07843    C:0.31373    A:0.29412    G:0.31373
position  2:    T:0.23529    C:0.29412    A:0.19608    G:0.27451
position  3:    T:0.11765    C:0.33333    A:0.17647    G:0.37255
Average         T:0.14379    C:0.31373    A:0.22222    G:0.32026

#30: Bongo          
position  1:    T:0.07843    C:0.31373    A:0.29412    G:0.31373
position  2:    T:0.23529    C:0.29412    A:0.19608    G:0.27451
position  3:    T:0.11765    C:0.35294    A:0.19608    G:0.33333
Average         T:0.14379    C:0.32026    A:0.22876    G:0.30719

#31: Gerenuk        
position  1:    T:0.07843    C:0.33333    A:0.27451    G:0.31373
position  2:    T:0.23529    C:0.29412    A:0.19608    G:0.27451
position  3:    T:0.11765    C:0.35294    A:0.17647    G:0.35294
Average         T:0.14379    C:0.32680    A:0.21569    G:0.31373

#32: CommonEland    
position  1:    T:0.07843    C:0.31373    A:0.29412    G:0.31373
position  2:    T:0.23529    C:0.29412    A:0.19608    G:0.27451
position  3:    T:0.11765    C:0.35294    A:0.19608    G:0.33333
Average         T:0.14379    C:0.32026    A:0.22876    G:0.30719

#33: MuntiacusReevesi
position  1:    T:0.07843    C:0.31373    A:0.29412    G:0.31373
position  2:    T:0.23529    C:0.29412    A:0.19608    G:0.27451
position  3:    T:0.11765    C:0.35294    A:0.21569    G:0.31373
Average         T:0.14379    C:0.32026    A:0.23529    G:0.30065

#34: HarveysDuiker  
position  1:    T:0.07843    C:0.31373    A:0.29412    G:0.31373
position  2:    T:0.23529    C:0.29412    A:0.19608    G:0.27451
position  3:    T:0.11765    C:0.35294    A:0.17647    G:0.35294
Average         T:0.14379    C:0.32026    A:0.22222    G:0.31373

#35: Pronghorn      
position  1:    T:0.07843    C:0.31373    A:0.29412    G:0.31373
position  2:    T:0.23529    C:0.29412    A:0.19608    G:0.27451
position  3:    T:0.13725    C:0.37255    A:0.17647    G:0.31373
Average         T:0.15033    C:0.32680    A:0.22222    G:0.30065

#36: BlueWildebeest 
position  1:    T:0.07843    C:0.31373    A:0.29412    G:0.31373
position  2:    T:0.23529    C:0.29412    A:0.19608    G:0.27451
position  3:    T:0.11765    C:0.33333    A:0.17647    G:0.37255
Average         T:0.14379    C:0.31373    A:0.22222    G:0.32026

#37: Gemsbok        
position  1:    T:0.07843    C:0.31373    A:0.29412    G:0.31373
position  2:    T:0.23529    C:0.29412    A:0.19608    G:0.27451
position  3:    T:0.13725    C:0.31373    A:0.17647    G:0.37255
Average         T:0.15033    C:0.30719    A:0.22222    G:0.32026

#38: Yak            
position  1:    T:0.07843    C:0.31373    A:0.29412    G:0.31373
position  2:    T:0.23529    C:0.29412    A:0.19608    G:0.27451
position  3:    T:0.11765    C:0.35294    A:0.17647    G:0.35294
Average         T:0.14379    C:0.32026    A:0.22222    G:0.31373

#39: BlueSheep      
position  1:    T:0.07843    C:0.31373    A:0.29412    G:0.31373
position  2:    T:0.23529    C:0.29412    A:0.19608    G:0.27451
position  3:    T:0.09804    C:0.39216    A:0.15686    G:0.35294
Average         T:0.13725    C:0.33333    A:0.21569    G:0.31373

#40: BohorReedbuck  
position  1:    T:0.07843    C:0.31373    A:0.29412    G:0.31373
position  2:    T:0.23529    C:0.29412    A:0.19608    G:0.27451
position  3:    T:0.11765    C:0.35294    A:0.17647    G:0.35294
Average         T:0.14379    C:0.32026    A:0.22222    G:0.31373

#41: KirksDik       
position  1:    T:0.07843    C:0.33333    A:0.27451    G:0.31373
position  2:    T:0.23529    C:0.29412    A:0.19608    G:0.27451
position  3:    T:0.13725    C:0.35294    A:0.17647    G:0.33333
Average         T:0.15033    C:0.32680    A:0.21569    G:0.30719

#42: RoeDeer        
position  1:    T:0.07843    C:0.29412    A:0.31373    G:0.31373
position  2:    T:0.23529    C:0.29412    A:0.19608    G:0.27451
position  3:    T:0.11765    C:0.35294    A:0.19608    G:0.33333
Average         T:0.14379    C:0.31373    A:0.23529    G:0.30719

#43: WhiteLippedDeer
position  1:    T:0.07843    C:0.31373    A:0.29412    G:0.31373
position  2:    T:0.23529    C:0.29412    A:0.21569    G:0.25490
position  3:    T:0.11765    C:0.35294    A:0.19608    G:0.33333
Average         T:0.14379    C:0.32026    A:0.23529    G:0.30065

#44: ThomsonGazelle 
position  1:    T:0.07843    C:0.33333    A:0.27451    G:0.31373
position  2:    T:0.23529    C:0.29412    A:0.19608    G:0.27451
position  3:    T:0.11765    C:0.35294    A:0.17647    G:0.35294
Average         T:0.14379    C:0.32680    A:0.21569    G:0.31373

#45: MuntiacusCrinifrons
position  1:    T:0.07843    C:0.31373    A:0.29412    G:0.31373
position  2:    T:0.23529    C:0.29412    A:0.19608    G:0.27451
position  3:    T:0.11765    C:0.35294    A:0.19608    G:0.33333
Average         T:0.14379    C:0.32026    A:0.22876    G:0.30719

#46: WhiteTailedDeer
position  1:    T:0.07843    C:0.31373    A:0.29412    G:0.31373
position  2:    T:0.23529    C:0.29412    A:0.19608    G:0.27451
position  3:    T:0.11765    C:0.33333    A:0.19608    G:0.35294
Average         T:0.14379    C:0.31373    A:0.22876    G:0.31373

#47: Cattle         
position  1:    T:0.07843    C:0.31373    A:0.29412    G:0.31373
position  2:    T:0.23529    C:0.29412    A:0.19608    G:0.27451
position  3:    T:0.11765    C:0.35294    A:0.17647    G:0.35294
Average         T:0.14379    C:0.32026    A:0.22222    G:0.31373

#48: RoyalAntelope  
position  1:    T:0.07843    C:0.31373    A:0.29412    G:0.31373
position  2:    T:0.23529    C:0.29412    A:0.19608    G:0.27451
position  3:    T:0.11765    C:0.33333    A:0.21569    G:0.33333
Average         T:0.14379    C:0.31373    A:0.23529    G:0.30719

#49: Steenbok       
position  1:    T:0.07843    C:0.33333    A:0.27451    G:0.31373
position  2:    T:0.23529    C:0.29412    A:0.19608    G:0.27451
position  3:    T:0.11765    C:0.35294    A:0.17647    G:0.35294
Average         T:0.14379    C:0.32680    A:0.21569    G:0.31373

#50: Impala         
position  1:    T:0.07843    C:0.31373    A:0.29412    G:0.31373
position  2:    T:0.23529    C:0.29412    A:0.19608    G:0.27451
position  3:    T:0.11765    C:0.35294    A:0.17647    G:0.35294
Average         T:0.14379    C:0.32026    A:0.22222    G:0.31373

#51: Klipspringer   
position  1:    T:0.07843    C:0.33333    A:0.27451    G:0.31373
position  2:    T:0.23529    C:0.29412    A:0.19608    G:0.27451
