CODONML (in paml version 4.10.7, June 2023)  /home/rachel/ruminants_paml/6406-phy-tree/ENSBTAT00000025300.fasta.phy
Model: free dN/dS Ratios for branches,  kappa = 2.000 fixed

Codon frequency model: F3x4
ns =  54  ls =  23

Codon usage in sequences
--------------------------------------------------------------------------------------------------------------------------------------
Phe TTT   0   0   0   0   0   0 | Ser TCT   0   0   0   1   0   0 | Tyr TAT   1   1   1   1   1   1 | Cys TGT   0   0   0   0   0   0
    TTC   1   1   1   1   1   1 |     TCC   1   1   1   0   1   1 |     TAC   0   0   0   0   0   0 |     TGC   0   0   0   0   0   0
Leu TTA   0   0   0   0   0   0 |     TCA   0   0   0   0   0   0 | *** TAA   0   0   0   0   0   0 | *** TGA   0   0   0   0   0   0
    TTG   0   0   0   0   0   0 |     TCG   0   0   0   0   0   0 |     TAG   0   0   0   0   0   0 | Trp TGG   0   0   0   0   0   0
--------------------------------------------------------------------------------------------------------------------------------------
Leu CTT   0   0   0   0   0   0 | Pro CCT   0   0   0   0   0   0 | His CAT   0   0   0   0   0   0 | Arg CGT   0   0   1   0   1   0
    CTC   1   1   1   1   1   1 |     CCC   0   0   0   0   0   0 |     CAC   0   0   0   0   0   0 |     CGC   2   2   1   2   1   2
    CTA   0   0   0   0   0   0 |     CCA   0   0   0   0   0   0 | Gln CAA   0   0   0   0   0   0 |     CGA   0   0   0   0   0   0
    CTG   1   1   1   1   1   1 |     CCG   0   0   0   0   0   0 |     CAG   2   2   2   2   2   2 |     CGG   0   0   0   0   0   0
--------------------------------------------------------------------------------------------------------------------------------------
Ile ATT   1   0   1   1   0   1 | Thr ACT   0   0   0   0   0   0 | Asn AAT   0   0   0   0   0   0 | Ser AGT   0   0   0   0   0   0
    ATC   0   1   0   0   1   0 |     ACC   0   0   0   0   0   0 |     AAC   0   0   0   0   0   0 |     AGC   0   0   0   0   0   0
    ATA   0   0   0   0   0   0 |     ACA   0   0   0   0   0   0 | Lys AAA   0   0   0   0   0   0 | Arg AGA   0   0   0   0   0   0
Met ATG   1   1   1   1   1   1 |     ACG   0   0   0   0   0   0 |     AAG   0   0   0   0   0   0 |     AGG   0   0   0   0   0   0
--------------------------------------------------------------------------------------------------------------------------------------
Val GTT   0   0   0   0   0   0 | Ala GCT   1   1   0   0   0   0 | Asp GAT   0   0   0   0   0   0 | Gly GGT   2   1   2   2   2   1
    GTC   0   0   0   0   0   0 |     GCC   1   1   2   2   2   1 |     GAC   1   1   1   1   1   1 |     GGC   0   1   0   0   0   1
    GTA   0   0   0   0   1   0 |     GCA   0   0   0   0   0   0 | Glu GAA   0   1   0   0   1   1 |     GGA   0   0   0   0   0   0
    GTG   5   5   5   5   4   5 |     GCG   0   0   0   0   0   1 |     GAG   2   1   2   2   1   1 |     GGG   0   0   0   0   0   0
--------------------------------------------------------------------------------------------------------------------------------------

--------------------------------------------------------------------------------------------------------------------------------------
Phe TTT   0   0   0   0   0   0 | Ser TCT   0   0   0   0   0   0 | Tyr TAT   1   1   1   1   1   1 | Cys TGT   0   0   0   0   0   0
    TTC   1   1   1   1   1   1 |     TCC   1   1   1   1   1   1 |     TAC   0   0   0   0   0   0 |     TGC   0   0   0   0   0   0
Leu TTA   0   0   0   0   0   0 |     TCA   0   0   0   0   0   0 | *** TAA   0   0   0   0   0   0 | *** TGA   0   0   0   0   0   0
    TTG   0   0   0   0   0   0 |     TCG   0   0   0   0   0   0 |     TAG   0   0   0   0   0   0 | Trp TGG   0   0   0   0   0   0
--------------------------------------------------------------------------------------------------------------------------------------
Leu CTT   0   0   0   0   0   0 | Pro CCT   0   0   0   0   0   0 | His CAT   0   0   0   0   0   0 | Arg CGT   0   0   0   0   1   1
    CTC   1   1   1   1   1   1 |     CCC   0   0   0   0   0   0 |     CAC   0   0   0   0   0   0 |     CGC   2   2   2   2   1   1
    CTA   0   0   0   0   0   0 |     CCA   0   0   0   0   0   0 | Gln CAA   0   0   0   0   0   0 |     CGA   0   0   0   0   0   0
    CTG   1   1   1   1   1   1 |     CCG   0   0   0   0   0   0 |     CAG   2   2   2   2   2   2 |     CGG   0   0   0   0   0   0
--------------------------------------------------------------------------------------------------------------------------------------
Ile ATT   1   1   0   1   1   1 | Thr ACT   0   0   0   0   0   0 | Asn AAT   0   0   0   0   0   0 | Ser AGT   0   0   0   0   0   0
    ATC   0   0   1   0   0   0 |     ACC   0   0   0   0   0   0 |     AAC   0   0   0   0   0   0 |     AGC   0   0   0   0   0   0
    ATA   0   0   0   0   0   0 |     ACA   0   0   0   0   0   0 | Lys AAA   0   0   0   0   0   0 | Arg AGA   0   0   0   0   0   0
Met ATG   1   1   1   1   1   1 |     ACG   0   0   0   0   0   0 |     AAG   0   0   0   0   0   0 |     AGG   0   0   0   0   0   0
--------------------------------------------------------------------------------------------------------------------------------------
Val GTT   0   0   0   0   0   0 | Ala GCT   0   0   0   2   1   0 | Asp GAT   0   0   0   0   0   0 | Gly GGT   2   2   2   2   2   2
    GTC   0   0   0   0   0   0 |     GCC   2   2   2   0   1   1 |     GAC   1   1   1   1   1   1 |     GGC   0   0   0   0   0   0
    GTA   0   0   0   0   0   0 |     GCA   0   0   0   0   0   1 | Glu GAA   0   0   0   0   0   0 |     GGA   0   0   0   0   0   0
    GTG   5   5   5   5   5   5 |     GCG   0   0   0   0   0   0 |     GAG   2   2   2   2   2   2 |     GGG   0   0   0   0   0   0
--------------------------------------------------------------------------------------------------------------------------------------

--------------------------------------------------------------------------------------------------------------------------------------
Phe TTT   0   0   0   0   0   0 | Ser TCT   0   0   0   0   0   0 | Tyr TAT   1   1   1   1   1   1 | Cys TGT   0   0   0   0   0   0
    TTC   1   1   1   1   1   1 |     TCC   1   1   1   1   1   1 |     TAC   0   0   0   0   0   0 |     TGC   0   0   0   0   0   0
Leu TTA   0   0   0   0   0   0 |     TCA   0   0   0   0   0   0 | *** TAA   0   0   0   0   0   0 | *** TGA   0   0   0   0   0   0
    TTG   0   0   0   0   0   0 |     TCG   0   0   0   0   0   0 |     TAG   0   0   0   0   0   0 | Trp TGG   0   0   0   0   0   0
--------------------------------------------------------------------------------------------------------------------------------------
Leu CTT   0   0   0   0   0   0 | Pro CCT   0   0   0   0   0   0 | His CAT   0   0   0   0   0   0 | Arg CGT   0   0   0   0   1   0
    CTC   1   1   1   1   1   1 |     CCC   0   0   0   0   0   0 |     CAC   0   0   0   0   0   0 |     CGC   2   2   2   2   1   2
    CTA   0   0   0   0   0   0 |     CCA   0   0   0   0   0   0 | Gln CAA   0   0   0   0   0   1 |     CGA   0   0   0   0   0   0
    CTG   1   1   1   1   1   1 |     CCG   0   0   0   0   0   0 |     CAG   2   2   2   2   2   1 |     CGG   0   0   0   0   0   0
--------------------------------------------------------------------------------------------------------------------------------------
Ile ATT   1   1   1   1   1   1 | Thr ACT   0   0   0   0   0   0 | Asn AAT   0   0   0   0   0   0 | Ser AGT   0   0   0   0   0   0
    ATC   0   0   0   0   0   0 |     ACC   0   0   0   0   0   0 |     AAC   0   0   0   0   0   0 |     AGC   0   0   0   0   0   0
    ATA   0   0   0   0   0   0 |     ACA   0   0   0   0   0   0 | Lys AAA   0   0   0   0   0   0 | Arg AGA   0   0   0   0   0   0
Met ATG   1   1   1   1   1   1 |     ACG   0   0   0   0   0   0 |     AAG   0   0   0   0   0   0 |     AGG   0   0   0   0   0   0
--------------------------------------------------------------------------------------------------------------------------------------
Val GTT   0   0   0   0   0   0 | Ala GCT   0   0   0   0   0   2 | Asp GAT   0   0   0   0   1   0 | Gly GGT   2   2   2   2   2   2
    GTC   0   0   0   0   0   0 |     GCC   2   2   2   2   2   0 |     GAC   1   1   1   1   0   1 |     GGC   0   0   0   0   0   0
    GTA   0   0   0   0   0   0 |     GCA   0   0   0   0   0   0 | Glu GAA   0   0   0   0   0   0 |     GGA   0   0   0   0   0   0
    GTG   5   5   5   5   5   5 |     GCG   0   0   0   0   0   0 |     GAG   2   2   2   2   2   2 |     GGG   0   0   0   0   0   0
--------------------------------------------------------------------------------------------------------------------------------------

--------------------------------------------------------------------------------------------------------------------------------------
Phe TTT   0   0   0   0   0   0 | Ser TCT   0   0   0   0   0   0 | Tyr TAT   1   1   1   1   1   1 | Cys TGT   0   0   0   0   0   0
    TTC   1   1   1   1   1   1 |     TCC   1   1   1   1   1   1 |     TAC   0   0   0   0   0   0 |     TGC   0   0   0   0   0   0
Leu TTA   0   0   0   0   0   0 |     TCA   0   0   0   0   0   0 | *** TAA   0   0   0   0   0   0 | *** TGA   0   0   0   0   0   0
    TTG   0   0   0   0   0   0 |     TCG   0   0   0   0   0   0 |     TAG   0   0   0   0   0   0 | Trp TGG   0   0   0   0   0   0
--------------------------------------------------------------------------------------------------------------------------------------
Leu CTT   0   0   0   0   0   0 | Pro CCT   0   0   0   0   0   0 | His CAT   0   0   0   0   0   0 | Arg CGT   0   0   1   1   0   0
    CTC   1   1   1   1   1   1 |     CCC   0   0   0   0   0   0 |     CAC   0   0   0   0   0   0 |     CGC   2   2   1   1   2   2
    CTA   0   0   0   0   0   0 |     CCA   0   0   0   0   0   0 | Gln CAA   0   0   0   0   0   0 |     CGA   0   0   0   0   0   0
    CTG   1   1   1   1   1   1 |     CCG   0   0   0   0   0   0 |     CAG   2   2   2   2   2   2 |     CGG   0   0   0   0   0   0
--------------------------------------------------------------------------------------------------------------------------------------
Ile ATT   0   0   1   1   1   1 | Thr ACT   0   0   0   0   0   0 | Asn AAT   0   0   0   0   0   0 | Ser AGT   0   0   0   0   0   0
    ATC   1   1   0   0   0   0 |     ACC   0   0   0   0   0   0 |     AAC   0   0   0   0   0   0 |     AGC   0   0   0   0   0   0
    ATA   0   0   0   0   0   0 |     ACA   0   0   0   0   0   0 | Lys AAA   0   0   0   0   0   0 | Arg AGA   0   0   0   0   0   0
Met ATG   1   1   1   1   1   1 |     ACG   0   0   0   0   0   0 |     AAG   0   0   0   0   0   0 |     AGG   0   0   0   0   0   0
--------------------------------------------------------------------------------------------------------------------------------------
Val GTT   0   0   0   0   0   0 | Ala GCT   2   2   0   0   2   0 | Asp GAT   1   1   0   0   0   0 | Gly GGT   2   2   2   2   2   1
    GTC   0   0   0   0   0   0 |     GCC   0   0   2   2   0   2 |     GAC   0   0   1   1   1   1 |     GGC   0   0   0   0   0   1
    GTA   0   0   0   0   0   0 |     GCA   0   0   0   0   0   0 | Glu GAA   0   0   0   0   0   0 |     GGA   0   0   0   0   0   0
    GTG   5   5   5   5   5   5 |     GCG   0   0   0   0   0   0 |     GAG   2   2   2   2   2   2 |     GGG   0   0   0   0   0   0
--------------------------------------------------------------------------------------------------------------------------------------

--------------------------------------------------------------------------------------------------------------------------------------
Phe TTT   0   0   0   0   0   0 | Ser TCT   0   0   0   0   0   0 | Tyr TAT   1   1   1   1   1   1 | Cys TGT   0   0   0   0   0   0
    TTC   1   1   1   1   1   1 |     TCC   1   1   1   1   1   1 |     TAC   0   0   0   0   0   0 |     TGC   0   0   0   0   0   0
Leu TTA   0   0   0   0   0   0 |     TCA   0   0   0   0   0   0 | *** TAA   0   0   0   0   0   0 | *** TGA   0   0   0   0   0   0
    TTG   0   0   0   0   0   0 |     TCG   0   0   0   0   0   0 |     TAG   0   0   0   0   0   0 | Trp TGG   0   0   0   0   0   0
--------------------------------------------------------------------------------------------------------------------------------------
Leu CTT   0   0   0   0   0   0 | Pro CCT   0   0   0   0   0   0 | His CAT   0   0   0   0   0   0 | Arg CGT   1   1   0   0   0   1
    CTC   1   1   1   1   1   1 |     CCC   0   0   0   0   0   0 |     CAC   0   0   0   0   0   0 |     CGC   1   1   2   2   2   1
    CTA   0   0   0   0   0   0 |     CCA   0   0   0   0   0   0 | Gln CAA   0   0   0   0   0   0 |     CGA   0   0   0   0   0   0
    CTG   1   1   1   1   1   1 |     CCG   0   0   0   0   0   0 |     CAG   2   2   2   2   2   2 |     CGG   0   0   0   0   0   0
--------------------------------------------------------------------------------------------------------------------------------------
Ile ATT   1   1   1   1   1   1 | Thr ACT   0   0   0   0   0   0 | Asn AAT   0   0   0   0   0   0 | Ser AGT   0   0   0   0   0   0
    ATC   0   0   0   0   0   0 |     ACC   0   0   0   0   0   0 |     AAC   0   0   0   0   0   0 |     AGC   0   0   0   0   0   0
    ATA   0   0   0   0   0   0 |     ACA   0   0   0   0   0   0 | Lys AAA   0   0   0   0   0   0 | Arg AGA   0   0   0   0   0   0
Met ATG   1   1   1   1   1   1 |     ACG   0   0   0   0   0   0 |     AAG   0   0   0   0   0   0 |     AGG   0   0   0   0   0   0
--------------------------------------------------------------------------------------------------------------------------------------
Val GTT   0   0   0   0   0   0 | Ala GCT   0   0   0   2   0   1 | Asp GAT   0   0   0   0   0   1 | Gly GGT   2   2   2   2   2   2
    GTC   0   0   0   0   0   0 |     GCC   1   2   2   0   2   1 |     GAC   1   1   1   1   1   0 |     GGC   0   0   0   0   0   0
    GTA   0   0   0   0   0   0 |     GCA   1   0   0   0   0   0 | Glu GAA   0   0   0   0   0   0 |     GGA   0   0   0   0   0   0
    GTG   5   5   5   5   5   5 |     GCG   0   0   0   0   0   0 |     GAG   2   2   2   2   2   2 |     GGG   0   0   0   0   0   0
--------------------------------------------------------------------------------------------------------------------------------------

--------------------------------------------------------------------------------------------------------------------------------------
Phe TTT   0   0   0   0   0   0 | Ser TCT   0   0   0   0   0   0 | Tyr TAT   1   1   1   1   1   1 | Cys TGT   0   0   0   0   0   0
    TTC   1   1   1   1   1   1 |     TCC   1   1   1   1   1   1 |     TAC   0   0   0   0   0   0 |     TGC   0   0   0   0   0   0
Leu TTA   0   0   0   0   0   0 |     TCA   0   0   0   0   0   0 | *** TAA   0   0   0   0   0   0 | *** TGA   0   0   0   0   0   0
    TTG   0   0   0   0   0   0 |     TCG   0   0   0   0   0   0 |     TAG   0   0   0   0   0   0 | Trp TGG   0   0   0   0   0   0
--------------------------------------------------------------------------------------------------------------------------------------
Leu CTT   0   0   0   0   0   0 | Pro CCT   0   0   0   0   0   0 | His CAT   0   0   0   0   0   0 | Arg CGT   0   1   1   0   0   0
    CTC   1   1   1   1   1   1 |     CCC   0   0   0   0   0   0 |     CAC   0   0   0   0   0   0 |     CGC   2   1   1   2   2   2
    CTA   0   0   0   0   0   0 |     CCA   0   0   0   0   0   0 | Gln CAA   0   0   0   0   0   0 |     CGA   0   0   0   0   0   0
    CTG   1   1   1   1   1   1 |     CCG   0   0   0   0   0   0 |     CAG   2   2   2   2   2   2 |     CGG   0   0   0   0   0   0
--------------------------------------------------------------------------------------------------------------------------------------
Ile ATT   1   1   1   1   0   1 | Thr ACT   0   0   0   0   0   0 | Asn AAT   0   0   0   0   0   0 | Ser AGT   0   0   0   0   0   0
    ATC   0   0   0   0   1   0 |     ACC   0   0   0   0   0   0 |     AAC   0   0   0   0   0   0 |     AGC   0   0   0   0   0   0
    ATA   0   0   0   0   0   0 |     ACA   0   0   0   0   0   0 | Lys AAA   0   0   0   0   0   0 | Arg AGA   0   0   0   0   0   0
Met ATG   1   1   1   1   1   1 |     ACG   0   0   0   0   0   0 |     AAG   0   0   0   0   0   0 |     AGG   0   0   0   0   0   0
--------------------------------------------------------------------------------------------------------------------------------------
Val GTT   0   0   0   0   0   0 | Ala GCT   2   0   0   0   1   0 | Asp GAT   0   0   0   0   1   0 | Gly GGT   2   2   2   2   2   2
    GTC   0   0   0   0   0   0 |     GCC   0   2   1   2   1   2 |     GAC   1   1   1   1   0   1 |     GGC   0   0   0   0   0   0
    GTA   0   0   0   0   0   0 |     GCA   0   0   1   0   0   0 | Glu GAA   0   0   0   0   0   0 |     GGA   0   0   0   0   0   0
    GTG   5   5   5   5   5   5 |     GCG   0   0   0   0   0   0 |     GAG   2   2   2   2   2   2 |     GGG   0   0   0   0   0   0
--------------------------------------------------------------------------------------------------------------------------------------

--------------------------------------------------------------------------------------------------------------------------------------
Phe TTT   0   0   0   0   0   0 | Ser TCT   0   0   0   0   0   1 | Tyr TAT   1   1   1   1   1   1 | Cys TGT   0   0   0   0   0   0
    TTC   1   1   1   1   1   1 |     TCC   1   1   1   1   0   0 |     TAC   0   0   0   0   0   0 |     TGC   0   0   0   0   0   0
Leu TTA   0   0   0   0   0   0 |     TCA   0   0   0   0   1   0 | *** TAA   0   0   0   0   0   0 | *** TGA   0   0   0   0   0   0
    TTG   0   0   0   0   0   0 |     TCG   0   0   0   0   0   0 |     TAG   0   0   0   0   0   0 | Trp TGG   0   0   0   0   0   0
--------------------------------------------------------------------------------------------------------------------------------------
Leu CTT   0   0   0   0   0   0 | Pro CCT   0   0   0   0   0   0 | His CAT   0   0   0   0   0   0 | Arg CGT   0   0   0   0   0   1
    CTC   1   1   1   1   1   1 |     CCC   0   0   0   0   0   0 |     CAC   0   0   0   0   0   0 |     CGC   2   2   2   2   2   1
    CTA   0   0   0   0   0   0 |     CCA   0   0   0   0   0   0 | Gln CAA   0   0   0   0   0   0 |     CGA   0   0   0   0   0   0
    CTG   1   1   1   1   1   1 |     CCG   0   0   0   0   0   0 |     CAG   2   2   2   2   2   2 |     CGG   0   0   0   0   0   0
--------------------------------------------------------------------------------------------------------------------------------------
Ile ATT   1   1   1   1   1   1 | Thr ACT   0   0   0   0   0   0 | Asn AAT   0   0   0   0   0   0 | Ser AGT   0   0   0   0   0   0
    ATC   0   0   0   0   0   0 |     ACC   0   0   0   0   0   0 |     AAC   0   0   0   0   0   0 |     AGC   0   0   0   0   0   0
    ATA   0   0   0   0   0   0 |     ACA   0   0   0   0   0   0 | Lys AAA   0   0   0   0   0   0 | Arg AGA   0   0   0   0   0   0
Met ATG   1   1   1   1   1   1 |     ACG   0   0   0   0   0   0 |     AAG   0   0   0   0   0   0 |     AGG   0   0   0   0   0   0
--------------------------------------------------------------------------------------------------------------------------------------
Val GTT   0   0   0   0   0   0 | Ala GCT   0   0   0   0   2   0 | Asp GAT   0   1   0   0   1   0 | Gly GGT   2   2   2   2   2   2
    GTC   0   0   0   0   0   0 |     GCC   2   2   2   2   0   2 |     GAC   1   0   1   1   0   1 |     GGC   0   0   0   0   0   0
    GTA   0   0   0   0   0   0 |     GCA   0   0   0   0   0   0 | Glu GAA   0   0   0   0   0   0 |     GGA   0   0   0   0   0   0
    GTG   5   5   5   5   5   5 |     GCG   0   0   0   0   0   0 |     GAG   2   2   2   2   2   2 |     GGG   0   0   0   0   0   0
--------------------------------------------------------------------------------------------------------------------------------------

--------------------------------------------------------------------------------------------------------------------------------------
Phe TTT   0   0   0   0   0   0 | Ser TCT   0   0   0   0   0   0 | Tyr TAT   1   1   1   1   1   1 | Cys TGT   0   0   0   0   0   0
    TTC   1   1   1   1   1   1 |     TCC   1   1   1   1   1   1 |     TAC   0   0   0   0   0   0 |     TGC   0   0   0   0   0   0
Leu TTA   0   0   0   0   0   0 |     TCA   0   0   0   0   0   0 | *** TAA   0   0   0   0   0   0 | *** TGA   0   0   0   0   0   0
    TTG   0   0   0   0   0   0 |     TCG   0   0   0   0   0   0 |     TAG   0   0   0   0   0   0 | Trp TGG   0   0   0   0   0   0
--------------------------------------------------------------------------------------------------------------------------------------
Leu CTT   0   0   0   0   0   0 | Pro CCT   0   0   0   0   0   0 | His CAT   0   0   0   0   0   0 | Arg CGT   1   0   1   1   0   0
    CTC   1   1   1   1   1   1 |     CCC   0   0   0   0   0   0 |     CAC   0   0   0   0   0   0 |     CGC   1   2   1   1   2   2
    CTA   0   0   0   0   0   0 |     CCA   0   0   0   0   0   0 | Gln CAA   0   0   0   0   0   0 |     CGA   0   0   0   0   0   0
    CTG   1   1   1   1   1   1 |     CCG   0   0   0   0   0   0 |     CAG   2   2   2   2   2   2 |     CGG   0   0   0   0   0   0
--------------------------------------------------------------------------------------------------------------------------------------
Ile ATT   1   1   1   1   1   1 | Thr ACT   0   0   0   0   0   0 | Asn AAT   0   0   0   0   0   0 | Ser AGT   0   0   0   0   0   0
    ATC   0   0   0   0   0   0 |     ACC   0   0   0   0   0   0 |     AAC   0   0   0   0   0   0 |     AGC   0   0   0   0   0   0
    ATA   0   0   0   0   0   0 |     ACA   0   0   0   0   0   0 | Lys AAA   0   0   0   0   0   0 | Arg AGA   0   0   0   0   0   0
Met ATG   1   1   1   1   1   1 |     ACG   0   0   0   0   0   0 |     AAG   0   0   0   0   0   0 |     AGG   0   0   0   0   0   0
--------------------------------------------------------------------------------------------------------------------------------------
Val GTT   0   0   0   0   0   0 | Ala GCT   0   2   0   0   0   0 | Asp GAT   0   0   0   0   1   0 | Gly GGT   2   2   2   2   2   2
    GTC   0   0   0   0   0   0 |     GCC   1   0   1   2   2   2 |     GAC   1   1   1   1   0   1 |     GGC   0   0   0   0   0   0
    GTA   0   0   0   0   0   0 |     GCA   1   0   1   0   0   0 | Glu GAA   0   0   0   0   0   1 |     GGA   0   0   0   0   0   0
    GTG   5   5   5   5   5   5 |     GCG   0   0   0   0   0   0 |     GAG   2   2   2   2   2   1 |     GGG   0   0   0   0   0   0
--------------------------------------------------------------------------------------------------------------------------------------

--------------------------------------------------------------------------------------------------------------------------------------
Phe TTT   0   0   0   0   0   0 | Ser TCT   0   0   1   1   0   0 | Tyr TAT   1   1   1   1   1   1 | Cys TGT   0   0   0   0   0   0
    TTC   1   1   1   1   1   1 |     TCC   1   1   0   0   1   1 |     TAC   0   0   0   0   0   0 |     TGC   0   0   0   0   0   0
Leu TTA   0   0   0   0   0   0 |     TCA   0   0   0   0   0   0 | *** TAA   0   0   0   0   0   0 | *** TGA   0   0   0   0   0   0
    TTG   0   0   0   0   0   0 |     TCG   0   0   0   0   0   0 |     TAG   0   0   0   0   0   0 | Trp TGG   0   0   0   0   0   0
--------------------------------------------------------------------------------------------------------------------------------------
Leu CTT   0   0   0   0   0   0 | Pro CCT   0   0   0   0   0   0 | His CAT   0   0   0   0   0   0 | Arg CGT   1   1   0   0   1   0
    CTC   1   1   1   1   1   1 |     CCC   0   0   0   0   0   0 |     CAC   0   0   0   0   0   0 |     CGC   1   1   2   2   1   2
    CTA   0   0   0   0   0   0 |     CCA   0   0   0   0   0   0 | Gln CAA   0   0   0   0   0   1 |     CGA   0   0   0   0   0   0
    CTG   1   1   1   1   1   1 |     CCG   0   0   0   0   0   0 |     CAG   2   2   2   2   2   1 |     CGG   0   0   0   0   0   0
--------------------------------------------------------------------------------------------------------------------------------------
Ile ATT   1   1   1   1   1   0 | Thr ACT   0   0   0   0   0   0 | Asn AAT   0   0   0   0   0   0 | Ser AGT   0   0   0   0   0   0
    ATC   0   0   0   0   0   1 |     ACC   0   0   0   0   0   0 |     AAC   0   0   0   0   0   0 |     AGC   0   0   0   0   0   0
    ATA   0   0   0   0   0   0 |     ACA   0   0   0   0   0   0 | Lys AAA   0   0   0   0   0   0 | Arg AGA   0   0   0   0   0   0
Met ATG   1   1   1   1   1   0 |     ACG   0   0   0   0   0   1 |     AAG   0   0   0   0   0   0 |     AGG   0   0   0   0   0   0
--------------------------------------------------------------------------------------------------------------------------------------
Val GTT   0   0   0   0   0   0 | Ala GCT   2   0   0   0   1   0 | Asp GAT   0   0   0   0   0   0 | Gly GGT   2   2   2   2   2   2
    GTC   0   0   0   0   0   0 |     GCC   0   2   2   2   1   2 |     GAC   1   1   1   1   1   1 |     GGC   0   0   0   0   0   0
    GTA   0   0   0   0   0   0 |     GCA   0   0   0   0   0   0 | Glu GAA   0   0   0   0   0   0 |     GGA   0   0   0   0   0   0
    GTG   5   5   5   5   5   5 |     GCG   0   0   0   0   0   0 |     GAG   2   2   2   2   2   2 |     GGG   0   0   0   0   0   0
--------------------------------------------------------------------------------------------------------------------------------------

Codon position x base (3x4) table for each sequence.

#1: Argali         
position  1:    T:0.13043    C:0.26087    A:0.08696    G:0.52174
position  2:    T:0.43478    C:0.13043    A:0.26087    G:0.17391
position  3:    T:0.21739    C:0.30435    A:0.00000    G:0.47826
Average         T:0.26087    C:0.23188    A:0.11594    G:0.39130

#2: LesserMouseDeer
position  1:    T:0.13043    C:0.26087    A:0.08696    G:0.52174
position  2:    T:0.43478    C:0.13043    A:0.26087    G:0.17391
position  3:    T:0.13043    C:0.39130    A:0.04348    G:0.43478
Average         T:0.23188    C:0.26087    A:0.13043    G:0.37681

#3: LesserKudu     
position  1:    T:0.13043    C:0.26087    A:0.08696    G:0.52174
position  2:    T:0.43478    C:0.13043    A:0.26087    G:0.17391
position  3:    T:0.21739    C:0.30435    A:0.00000    G:0.47826
Average         T:0.26087    C:0.23188    A:0.11594    G:0.39130

#4: ForestMuskDeer2
position  1:    T:0.13043    C:0.26087    A:0.08696    G:0.52174
position  2:    T:0.43478    C:0.13043    A:0.26087    G:0.17391
position  3:    T:0.21739    C:0.30435    A:0.00000    G:0.47826
Average         T:0.26087    C:0.23188    A:0.11594    G:0.39130

#5: Camel          
position  1:    T:0.13043    C:0.26087    A:0.08696    G:0.52174
position  2:    T:0.43478    C:0.13043    A:0.26087    G:0.17391
position  3:    T:0.17391    C:0.34783    A:0.08696    G:0.39130
Average         T:0.24638    C:0.24638    A:0.14493    G:0.36232

#6: KillerWhale    
position  1:    T:0.13043    C:0.26087    A:0.08696    G:0.52174
position  2:    T:0.43478    C:0.13043    A:0.26087    G:0.17391
position  3:    T:0.13043    C:0.34783    A:0.04348    G:0.47826
Average         T:0.23188    C:0.24638    A:0.13043    G:0.39130

#7: DefassaWaterbuck
position  1:    T:0.13043    C:0.26087    A:0.08696    G:0.52174
position  2:    T:0.43478    C:0.13043    A:0.26087    G:0.17391
position  3:    T:0.17391    C:0.34783    A:0.00000    G:0.47826
Average         T:0.24638    C:0.24638    A:0.11594    G:0.39130

#8: Sheep          
position  1:    T:0.13043    C:0.26087    A:0.08696    G:0.52174
position  2:    T:0.43478    C:0.13043    A:0.26087    G:0.17391
position  3:    T:0.17391    C:0.34783    A:0.00000    G:0.47826
Average         T:0.24638    C:0.24638    A:0.11594    G:0.39130

#9: MaxwellsDuiker 
position  1:    T:0.13043    C:0.26087    A:0.08696    G:0.52174
position  2:    T:0.43478    C:0.13043    A:0.26087    G:0.17391
position  3:    T:0.13043    C:0.39130    A:0.00000    G:0.47826
Average         T:0.23188    C:0.26087    A:0.11594    G:0.39130

#10: GazellaPrzewalskyi
position  1:    T:0.13043    C:0.26087    A:0.08696    G:0.52174
position  2:    T:0.43478    C:0.13043    A:0.26087    G:0.17391
position  3:    T:0.26087    C:0.26087    A:0.00000    G:0.47826
Average         T:0.27536    C:0.21739    A:0.11594    G:0.39130

#11: MountainNyala  
position  1:    T:0.13043    C:0.26087    A:0.08696    G:0.52174
position  2:    T:0.43478    C:0.13043    A:0.26087    G:0.17391
position  3:    T:0.26087    C:0.26087    A:0.00000    G:0.47826
Average         T:0.27536    C:0.21739    A:0.11594    G:0.39130

#12: MuntiacusMuntjak
position  1:    T:0.13043    C:0.26087    A:0.08696    G:0.52174
position  2:    T:0.43478    C:0.13043    A:0.26087    G:0.17391
position  3:    T:0.21739    C:0.26087    A:0.04348    G:0.47826
Average         T:0.26087    C:0.21739    A:0.13043    G:0.39130

#13: goat           
position  1:    T:0.13043    C:0.26087    A:0.08696    G:0.52174
position  2:    T:0.43478    C:0.13043    A:0.26087    G:0.17391
position  3:    T:0.17391    C:0.34783    A:0.00000    G:0.47826
Average         T:0.24638    C:0.24638    A:0.11594    G:0.39130

#14: AfricanBuffalo 
position  1:    T:0.13043    C:0.26087    A:0.08696    G:0.52174
position  2:    T:0.43478    C:0.13043    A:0.26087    G:0.17391
position  3:    T:0.17391    C:0.34783    A:0.00000    G:0.47826
Average         T:0.24638    C:0.24638    A:0.11594    G:0.39130

#15: Topi           
position  1:    T:0.13043    C:0.26087    A:0.08696    G:0.52174
position  2:    T:0.43478    C:0.13043    A:0.26087    G:0.17391
position  3:    T:0.17391    C:0.34783    A:0.00000    G:0.47826
Average         T:0.24638    C:0.24638    A:0.11594    G:0.39130

#16: CommonDuiker   
position  1:    T:0.13043    C:0.26087    A:0.08696    G:0.52174
position  2:    T:0.43478    C:0.13043    A:0.26087    G:0.17391
position  3:    T:0.17391    C:0.34783    A:0.00000    G:0.47826
Average         T:0.24638    C:0.24638    A:0.11594    G:0.39130

#17: Suni           
position  1:    T:0.13043    C:0.26087    A:0.08696    G:0.52174
position  2:    T:0.43478    C:0.13043    A:0.26087    G:0.17391
position  3:    T:0.26087    C:0.26087    A:0.00000    G:0.47826
Average         T:0.27536    C:0.21739    A:0.11594    G:0.39130

#18: Springbuck     
position  1:    T:0.13043    C:0.26087    A:0.08696    G:0.52174
position  2:    T:0.43478    C:0.13043    A:0.26087    G:0.17391
position  3:    T:0.26087    C:0.26087    A:0.04348    G:0.43478
Average         T:0.27536    C:0.21739    A:0.13043    G:0.37681

#19: Okapi          
position  1:    T:0.13043    C:0.26087    A:0.08696    G:0.52174
position  2:    T:0.43478    C:0.13043    A:0.26087    G:0.17391
position  3:    T:0.26087    C:0.26087    A:0.00000    G:0.47826
Average         T:0.27536    C:0.21739    A:0.11594    G:0.39130

#20: Giraffe        
position  1:    T:0.13043    C:0.26087    A:0.08696    G:0.52174
position  2:    T:0.43478    C:0.13043    A:0.26087    G:0.17391
position  3:    T:0.26087    C:0.26087    A:0.00000    G:0.47826
Average         T:0.27536    C:0.21739    A:0.11594    G:0.39130

#21: TibetanAntelope
position  1:    T:0.13043    C:0.26087    A:0.08696    G:0.52174
position  2:    T:0.43478    C:0.13043    A:0.26087    G:0.17391
position  3:    T:0.21739    C:0.30435    A:0.00000    G:0.47826
Average         T:0.26087    C:0.23188    A:0.11594    G:0.39130

#22: Sitatunga      
position  1:    T:0.13043    C:0.26087    A:0.08696    G:0.52174
position  2:    T:0.43478    C:0.13043    A:0.26087    G:0.17391
position  3:    T:0.21739    C:0.30435    A:0.00000    G:0.47826
Average         T:0.26087    C:0.23188    A:0.11594    G:0.39130

#23: Oribi          
position  1:    T:0.13043    C:0.26087    A:0.08696    G:0.52174
position  2:    T:0.43478    C:0.13043    A:0.26087    G:0.17391
position  3:    T:0.26087    C:0.26087    A:0.00000    G:0.47826
Average         T:0.27536    C:0.21739    A:0.11594    G:0.39130

#24: BarbarySheep   
position  1:    T:0.13043    C:0.26087    A:0.08696    G:0.52174
position  2:    T:0.43478    C:0.13043    A:0.26087    G:0.17391
position  3:    T:0.13043    C:0.39130    A:0.00000    G:0.47826
Average         T:0.23188    C:0.26087    A:0.11594    G:0.39130

#25: Daviddeer      
position  1:    T:0.13043    C:0.26087    A:0.08696    G:0.52174
position  2:    T:0.43478    C:0.13043    A:0.26087    G:0.17391
position  3:    T:0.21739    C:0.26087    A:0.04348    G:0.47826
Average         T:0.26087    C:0.21739    A:0.13043    G:0.39130

#26: Reindeer       
position  1:    T:0.13043    C:0.26087    A:0.08696    G:0.52174
position  2:    T:0.43478    C:0.13043    A:0.26087    G:0.17391
position  3:    T:0.21739    C:0.30435    A:0.00000    G:0.47826
Average         T:0.26087    C:0.23188    A:0.11594    G:0.39130

#27: Ibex           
position  1:    T:0.13043    C:0.26087    A:0.08696    G:0.52174
position  2:    T:0.43478    C:0.13043    A:0.26087    G:0.17391
position  3:    T:0.17391    C:0.34783    A:0.00000    G:0.47826
Average         T:0.24638    C:0.24638    A:0.11594    G:0.39130

#28: GyrantGazelle  
position  1:    T:0.13043    C:0.26087    A:0.08696    G:0.52174
position  2:    T:0.43478    C:0.13043    A:0.26087    G:0.17391
position  3:    T:0.26087    C:0.26087    A:0.00000    G:0.47826
Average         T:0.27536    C:0.21739    A:0.11594    G:0.39130

#29: Hartebeest     
position  1:    T:0.13043    C:0.26087    A:0.08696    G:0.52174
position  2:    T:0.43478    C:0.13043    A:0.26087    G:0.17391
position  3:    T:0.17391    C:0.34783    A:0.00000    G:0.47826
Average         T:0.24638    C:0.24638    A:0.11594    G:0.39130

#30: Bongo          
position  1:    T:0.13043    C:0.26087    A:0.08696    G:0.52174
position  2:    T:0.43478    C:0.13043    A:0.26087    G:0.17391
position  3:    T:0.30435    C:0.21739    A:0.00000    G:0.47826
Average         T:0.28986    C:0.20290    A:0.11594    G:0.39130

#31: Gerenuk        
position  1:    T:0.13043    C:0.26087    A:0.08696    G:0.52174
position  2:    T:0.43478    C:0.13043    A:0.26087    G:0.17391
position  3:    T:0.26087    C:0.26087    A:0.00000    G:0.47826
Average         T:0.27536    C:0.21739    A:0.11594    G:0.39130

#32: CommonEland    
position  1:    T:0.13043    C:0.26087    A:0.08696    G:0.52174
position  2:    T:0.43478    C:0.13043    A:0.26087    G:0.17391
position  3:    T:0.21739    C:0.30435    A:0.00000    G:0.47826
Average         T:0.26087    C:0.23188    A:0.11594    G:0.39130

#33: MuntiacusReevesi
position  1:    T:0.13043    C:0.26087    A:0.08696    G:0.52174
position  2:    T:0.43478    C:0.13043    A:0.26087    G:0.17391
position  3:    T:0.21739    C:0.26087    A:0.04348    G:0.47826
Average         T:0.26087    C:0.21739    A:0.13043    G:0.39130

#34: HarveysDuiker  
position  1:    T:0.13043    C:0.26087    A:0.08696    G:0.52174
position  2:    T:0.43478    C:0.13043    A:0.26087    G:0.17391
position  3:    T:0.17391    C:0.34783    A:0.00000    G:0.47826
Average         T:0.24638    C:0.24638    A:0.11594    G:0.39130

#35: Pronghorn      
position  1:    T:0.13043    C:0.26087    A:0.08696    G:0.52174
position  2:    T:0.43478    C:0.13043    A:0.26087    G:0.17391
position  3:    T:0.21739    C:0.30435    A:0.00000    G:0.47826
Average         T:0.26087    C:0.23188    A:0.11594    G:0.39130

#36: BlueWildebeest 
position  1:    T:0.13043    C:0.26087    A:0.08696    G:0.52174
position  2:    T:0.43478    C:0.13043    A:0.26087    G:0.17391
position  3:    T:0.17391    C:0.34783    A:0.00000    G:0.47826
Average         T:0.24638    C:0.24638    A:0.11594    G:0.39130

#37: Gemsbok        
position  1:    T:0.13043    C:0.26087    A:0.08696    G:0.52174
position  2:    T:0.43478    C:0.13043    A:0.26087    G:0.17391
position  3:    T:0.17391    C:0.34783    A:0.00000    G:0.47826
Average         T:0.24638    C:0.24638    A:0.11594    G:0.39130

#38: Yak            
position  1:    T:0.13043    C:0.26087    A:0.08696    G:0.52174
position  2:    T:0.43478    C:0.13043    A:0.26087    G:0.17391
position  3:    T:0.21739    C:0.30435    A:0.00000    G:0.47826
Average         T:0.26087    C:0.23188    A:0.11594    G:0.39130

#39: BlueSheep      
position  1:    T:0.13043    C:0.26087    A:0.08696    G:0.52174
position  2:    T:0.43478    C:0.13043    A:0.26087    G:0.17391
position  3:    T:0.17391    C:0.34783    A:0.00000    G:0.47826
Average         T:0.24638    C:0.24638    A:0.11594    G:0.39130

#40: BohorReedbuck  
position  1:    T:0.13043    C:0.26087    A:0.08696    G:0.52174
position  2:    T:0.43478    C:0.13043    A:0.26087    G:0.17391
position  3:    T:0.17391    C:0.34783    A:0.00000    G:0.47826
Average         T:0.24638    C:0.24638    A:0.11594    G:0.39130

#41: KirksDik       
position  1:    T:0.13043    C:0.26087    A:0.08696    G:0.52174
position  2:    T:0.43478    C:0.13043    A:0.26087    G:0.17391
position  3:    T:0.30435    C:0.17391    A:0.04348    G:0.47826
Average         T:0.28986    C:0.18841    A:0.13043    G:0.39130

#42: RoeDeer        
position  1:    T:0.13043    C:0.26087    A:0.08696    G:0.52174
position  2:    T:0.43478    C:0.13043    A:0.26087    G:0.17391
position  3:    T:0.26087    C:0.26087    A:0.00000    G:0.47826
Average         T:0.27536    C:0.21739    A:0.11594    G:0.39130

#43: WhiteLippedDeer
position  1:    T:0.13043    C:0.26087    A:0.08696    G:0.52174
position  2:    T:0.43478    C:0.13043    A:0.26087    G:0.17391
position  3:    T:0.21739    C:0.26087    A:0.04348    G:0.47826
Average         T:0.26087    C:0.21739    A:0.13043    G:0.39130

#44: ThomsonGazelle 
position  1:    T:0.13043    C:0.26087    A:0.08696    G:0.52174
position  2:    T:0.43478    C:0.13043    A:0.26087    G:0.17391
position  3:    T:0.26087    C:0.26087    A:0.00000    G:0.47826
Average         T:0.27536    C:0.21739    A:0.11594    G:0.39130

#45: MuntiacusCrinifrons
position  1:    T:0.13043    C:0.26087    A:0.08696    G:0.52174
position  2:    T:0.43478    C:0.13043    A:0.26087    G:0.17391
position  3:    T:0.21739    C:0.26087    A:0.04348    G:0.47826
Average         T:0.26087    C:0.21739    A:0.13043    G:0.39130

#46: WhiteTailedDeer
position  1:    T:0.13043    C:0.26087    A:0.08696    G:0.52174
position  2:    T:0.43478    C:0.13043    A:0.26087    G:0.17391
position  3:    T:0.21739    C:0.30435    A:0.00000    G:0.47826
Average         T:0.26087    C:0.23188    A:0.11594    G:0.39130

#47: Cattle         
position  1:    T:0.13043    C:0.26087    A:0.08696    G:0.52174
position  2:    T:0.43478    C:0.13043    A:0.26087    G:0.17391
position  3:    T:0.21739    C:0.30435    A:0.00000    G:0.47826
Average         T:0.26087    C:0.23188    A:0.11594    G:0.39130

#48: RoyalAntelope  
position  1:    T:0.13043    C:0.26087    A:0.08696    G:0.52174
position  2:    T:0.43478    C:0.13043    A:0.26087    G:0.17391
position  3:    T:0.17391    C:0.34783    A:0.04348    G:0.43478
Average         T:0.24638    C:0.24638    A:0.13043    G:0.37681

#49: Steenbok       
position  1:    T:0.13043    C:0.26087    A:0.08696    G:0.52174
position  2:    T:0.43478    C:0.13043    A:0.26087    G:0.17391
position  3:    T:0.30435    C:0.21739    A:0.00000    G:0.47826
Average         T:0.28986    C:0.20290    A:0.11594    G:0.39130

#50: Impala         
position  1:    T:0.13043    C:0.26087    A:0.08696    G:0.52174
position  2:    T:0.43478    C:0.13043    A:0.26087    G:0.17391
position  3:    T:0.21739    C:0.30435    A:0.00000    G:0.47826
Average         T:0.26087    C:0.23188    A:0.11594    G:0.39130

#51: Klipspringer   
position  1:    T:0.13043    C:0.26087    A:0.08696    G:0.52174
position  2:    T:0.43478    C:0.13043    A:0.26087    G:0.17391
