1
52 1
Argali 0.000000 0.197800 0.084300 0.170600 0.049900 0.000000 0.065500 0.055300 0.081800 0.081300 0.027200 0.065700 0.042300 0.060100 0.059900 0.034600 0.081200 0.078800 0.034700 0.076700 0.044700 0.017200 0.070700 0.078700 0.024700 0.054800 0.042400 0.076200 0.044900 0.073600 0.078700 0.059900 0.071000 0.042200 0.037300 0.065900 0.022200 0.060100 0.044700 0.073300 0.078500 0.049700 0.078700 0.078900 0.068500 0.060000 0.052500 0.047400 0.052300 0.089200 0.079100 0.076400
LesserMous 0.197800 0.000000 0.199900 0.211900 0.200300 0.197800 0.206500 0.204200 0.197400 0.196500 0.206700 0.199900 0.194200 0.202600 0.196000 0.190600 0.178400 0.182000 0.209800 0.197800 0.196100 0.201200 0.184200 0.193500 0.204500 0.201900 0.194400 0.196600 0.197100 0.193700 0.193500 0.199000 0.167100 0.193600 0.197700 0.194500 0.201500 0.208600 0.193400 0.187200 0.193000 0.202100 0.193500 0.194000 0.191300 0.195600 0.200000 0.185200 0.181100 0.221000 0.200400 0.190900
LesserKudu 0.084300 0.199900 0.000000 0.161200 0.086600 0.084300 0.097600 0.086900 0.037000 0.081100 0.092300 0.042100 0.073400 0.094600 0.065400 0.062800 0.080900 0.083800 0.089500 0.032100 0.073100 0.081800 0.081000 0.089000 0.089900 0.067800 0.073500 0.031900 0.070700 0.029400 0.078400 0.091700 0.081200 0.073200 0.076200 0.052400 0.081900 0.097200 0.078400 0.083600 0.083400 0.067800 0.078400 0.094600 0.049800 0.094300 0.083700 0.070800 0.081100 0.099700 0.034500 0.037000
KillerWhal 0.170600 0.211900 0.161200 0.000000 0.178700 0.170600 0.176300 0.164500 0.158500 0.146500 0.173500 0.158100 0.155200 0.172600 0.148600 0.151900 0.137900 0.135100 0.176200 0.161900 0.157300 0.162000 0.137700 0.143700 0.171100 0.157200 0.155400 0.160900 0.152300 0.158100 0.152200 0.169200 0.138200 0.154800 0.158500 0.164400 0.168100 0.184000 0.151800 0.146300 0.146200 0.157300 0.143700 0.152500 0.164300 0.174900 0.166900 0.149500 0.166300 0.178600 0.164400 0.164300
DefassaWat 0.049900 0.200300 0.086600 0.178700 0.000000 0.049900 0.065400 0.052600 0.084100 0.089000 0.057600 0.067900 0.044700 0.057400 0.057100 0.034500 0.078300 0.075900 0.060200 0.079000 0.047000 0.047500 0.078300 0.086300 0.055200 0.049500 0.044800 0.078600 0.044700 0.076000 0.086300 0.059800 0.068100 0.044600 0.047400 0.068300 0.052700 0.014300 0.047100 0.080900 0.086200 0.049500 0.086400 0.086600 0.070900 0.057200 0.052300 0.047300 0.054700 0.091500 0.081500 0.070800
Sheep 0.000000 0.197800 0.084300 0.170600 0.049900 0.000000 0.065500 0.055300 0.081800 0.081300 0.027200 0.065700 0.042300 0.060100 0.059900 0.034600 0.081200 0.078800 0.034700 0.076700 0.044700 0.017200 0.070700 0.078700 0.024700 0.054800 0.042400 0.076200 0.044900 0.073600 0.078700 0.059900 0.071000 0.042200 0.037300 0.065900 0.022200 0.060100 0.044700 0.073300 0.078500 0.049700 0.078700 0.078900 0.068500 0.060000 0.052500 0.047400 0.052300 0.089200 0.079100 0.076400
MaxwellsDu 0.065500 0.206500 0.097600 0.176300 0.065400 0.065500 0.000000 0.070900 0.095100 0.102700 0.068100 0.075900 0.062900 0.031900 0.065000 0.047300 0.097200 0.089400 0.070600 0.089900 0.060000 0.057800 0.086500 0.100000 0.065700 0.062500 0.062900 0.089500 0.052500 0.081500 0.100100 0.019400 0.092200 0.060100 0.060400 0.079000 0.057900 0.075700 0.060000 0.089100 0.094400 0.062400 0.100100 0.100300 0.081600 0.075500 0.065400 0.057700 0.073000 0.105300 0.092400 0.081600
GazellaPrz 0.055300 0.204200 0.086900 0.164500 0.052600 0.055300 0.070900 0.000000 0.084400 0.076000 0.052700 0.060500 0.042300 0.062800 0.060000 0.029600 0.081200 0.073500 0.060400 0.079300 0.034600 0.047700 0.065500 0.073400 0.050300 0.044600 0.042400 0.078900 0.029700 0.076200 0.073400 0.065300 0.071000 0.042200 0.039900 0.065900 0.052900 0.062800 0.039600 0.067900 0.073300 0.039600 0.073400 0.068400 0.068500 0.054900 0.050000 0.044900 0.057500 0.078600 0.081800 0.081700
MountainNy 0.081800 0.197400 0.037000 0.158500 0.084100 0.081800 0.095100 0.084400 0.000000 0.089200 0.089700 0.044700 0.070900 0.092000 0.073300 0.065500 0.083700 0.081300 0.092400 0.014700 0.068000 0.079200 0.078500 0.091900 0.087400 0.070500 0.071000 0.009700 0.073500 0.017100 0.086500 0.083800 0.084000 0.070700 0.073700 0.049900 0.079400 0.094700 0.075900 0.081100 0.086300 0.070600 0.086500 0.092100 0.052500 0.091700 0.086600 0.068300 0.075900 0.102600 0.012200 0.029500
MuntiacusM 0.081300 0.196500 0.081100 0.146500 0.089000 0.081300 0.102700 0.076000 0.089200 0.000000 0.083900 0.065300 0.067900 0.094300 0.080600 0.060000 0.062500 0.054900 0.075900 0.084100 0.075500 0.073500 0.029500 0.047200 0.081500 0.075300 0.068000 0.083600 0.065300 0.081000 0.012100 0.096700 0.065300 0.067800 0.068000 0.070700 0.073600 0.099600 0.072900 0.042100 0.037000 0.070200 0.002400 0.052400 0.073300 0.091100 0.083700 0.070600 0.083400 0.083400 0.086500 0.089100
goat 0.027200 0.206700 0.092300 0.173500 0.057600 0.027200 0.068100 0.052700 0.089700 0.083900 0.000000 0.068300 0.044800 0.062600 0.062500 0.032100 0.089200 0.081400 0.037200 0.084600 0.042100 0.014400 0.073300 0.081300 0.007300 0.052200 0.044900 0.084200 0.042300 0.081500 0.081300 0.062500 0.076200 0.044700 0.039800 0.068500 0.024000 0.067900 0.047200 0.075900 0.081100 0.047100 0.081300 0.081500 0.071100 0.062500 0.055100 0.050000 0.060000 0.081200 0.087100 0.084300
AfricanBuf 0.065700 0.199900 0.042100 0.158100 0.067900 0.065700 0.075900 0.060500 0.044700 0.065300 0.068300 0.000000 0.052600 0.067700 0.057200 0.039100 0.070200 0.062600 0.065600 0.039700 0.049800 0.058000 0.065300 0.073200 0.065900 0.049100 0.052600 0.039500 0.049400 0.037000 0.062700 0.070200 0.070400 0.047300 0.055300 0.029600 0.063300 0.078300 0.054900 0.067800 0.073000 0.044000 0.062700 0.073300 0.032100 0.070100 0.064700 0.055200 0.062700 0.073100 0.042200 0.039200
Topi 0.042300 0.194200 0.073400 0.155200 0.044700 0.042300 0.062900 0.042300 0.070900 0.067900 0.044800 0.052600 0.000000 0.054900 0.047000 0.027000 0.067800 0.060200 0.047300 0.065900 0.032000 0.034800 0.062700 0.070600 0.042400 0.041900 0.004900 0.065500 0.032100 0.062900 0.065400 0.057300 0.062900 0.014600 0.027100 0.052700 0.039900 0.054900 0.037000 0.060100 0.070400 0.036900 0.065400 0.070700 0.055300 0.052100 0.047300 0.037100 0.044600 0.075700 0.068300 0.068300
CommonDuik 0.060100 0.202600 0.094600 0.172600 0.057400 0.060100 0.031900 0.062800 0.092000 0.094300 0.062600 0.067700 0.054900 0.000000 0.062200 0.039500 0.086100 0.081100 0.065200 0.086900 0.052100 0.052400 0.083500 0.088900 0.060300 0.057100 0.055000 0.086500 0.044700 0.083800 0.091600 0.026800 0.083800 0.052200 0.052400 0.070800 0.057700 0.067600 0.052100 0.083500 0.091400 0.052100 0.091600 0.089100 0.073400 0.067400 0.057400 0.054900 0.065000 0.096900 0.089400 0.078600
Suni 0.059900 0.196000 0.065400 0.148600 0.057100 0.059900 0.065000 0.060000 0.073300 0.080600 0.062500 0.057200 0.047000 0.062200 0.000000 0.036800 0.064800 0.067700 0.065000 0.068300 0.049300 0.052300 0.070100 0.072700 0.060100 0.046700 0.047100 0.067900 0.047000 0.065300 0.078000 0.059500 0.070300 0.046900 0.049700 0.052600 0.052400 0.067300 0.049400 0.072700 0.077900 0.046800 0.078000 0.078200 0.049900 0.059500 0.049500 0.034400 0.051900 0.088500 0.065500 0.065400
Springbuck 0.034600 0.190600 0.062800 0.151900 0.034500 0.034600 0.047300 0.029600 0.065500 0.060000 0.032100 0.039100 0.027000 0.039500 0.036800 0.000000 0.062500 0.055000 0.034600 0.060500 0.019500 0.027100 0.054800 0.062600 0.029700 0.019400 0.027100 0.060200 0.009700 0.057600 0.057400 0.041900 0.057600 0.026900 0.024600 0.044900 0.032200 0.044500 0.024400 0.057400 0.062500 0.014500 0.057400 0.062700 0.047400 0.039200 0.032000 0.029500 0.036900 0.057300 0.062900 0.060300
Okapi 0.081200 0.178400 0.080900 0.137900 0.078300 0.081200 0.097200 0.081200 0.083700 0.062500 0.089200 0.070200 0.067800 0.086100 0.064800 0.062500 0.000000 0.017100 0.086400 0.078600 0.075400 0.078700 0.059900 0.057300 0.086800 0.072600 0.067900 0.078200 0.067800 0.075600 0.067700 0.091200 0.044600 0.067700 0.070600 0.070600 0.084200 0.088700 0.065000 0.057300 0.067600 0.067500 0.059900 0.067800 0.067900 0.091100 0.070400 0.070500 0.078000 0.086000 0.075800 0.078300
Giraffe 0.078800 0.182000 0.083800 0.135100 0.075900 0.078800 0.089400 0.073500 0.081300 0.054900 0.081400 0.062600 0.060200 0.081100 0.067700 0.055000 0.017100 0.000000 0.078700 0.076200 0.067700 0.071000 0.052300 0.060100 0.079100 0.070200 0.060300 0.075800 0.060200 0.073200 0.060100 0.083500 0.047300 0.060100 0.063000 0.063000 0.076400 0.086300 0.057500 0.054900 0.060000 0.065100 0.052400 0.065400 0.065600 0.083400 0.068000 0.062900 0.075600 0.080900 0.078700 0.075900
TibetanAnt 0.034700 0.209800 0.089500 0.176200 0.060200 0.034700 0.070600 0.060400 0.092400 0.075900 0.037200 0.065600 0.047300 0.065200 0.065000 0.034600 0.086400 0.078700 0.000000 0.087200 0.049700 0.027200 0.075800 0.083900 0.034800 0.054700 0.047400 0.086800 0.044800 0.084100 0.075900 0.065000 0.086800 0.047200 0.042300 0.071100 0.032300 0.070400 0.044600 0.078400 0.083700 0.049600 0.073300 0.084100 0.073700 0.059900 0.052400 0.052500 0.057400 0.089000 0.089700 0.086900
Sitatunga 0.076700 0.197800 0.032100 0.161900 0.079000 0.076700 0.089900 0.079300 0.014700 0.084100 0.084600 0.039700 0.065900 0.086900 0.068300 0.060500 0.078600 0.076200 0.087200 0.000000 0.065600 0.074100 0.073400 0.086700 0.082200 0.065500 0.065900 0.009800 0.068400 0.017100 0.081400 0.084000 0.078900 0.065700 0.068600 0.044900 0.074200 0.089600 0.070900 0.076000 0.081200 0.065500 0.081400 0.086900 0.047500 0.086600 0.081400 0.063300 0.073500 0.097400 0.012300 0.024600
Oribi 0.044700 0.196100 0.073100 0.157300 0.047000 0.044700 0.060000 0.034600 0.068000 0.075500 0.042100 0.049800 0.032000 0.052100 0.049300 0.019500 0.075400 0.067700 0.049700 0.065600 0.000000 0.037100 0.065000 0.072900 0.039700 0.034300 0.032000 0.065200 0.024500 0.062700 0.070300 0.054500 0.070400 0.036900 0.034500 0.049900 0.042300 0.057100 0.029400 0.062400 0.072700 0.029300 0.072900 0.073000 0.052500 0.049300 0.039500 0.039500 0.041800 0.072800 0.068000 0.068000
BarbaryShe 0.017200 0.201200 0.081800 0.162000 0.047500 0.017200 0.057800 0.047700 0.079200 0.073500 0.014400 0.058000 0.034800 0.052400 0.052300 0.027100 0.078700 0.071000 0.027200 0.074100 0.037100 0.000000 0.063000 0.070900 0.012300 0.047200 0.034800 0.073700 0.037300 0.071100 0.070900 0.052300 0.071100 0.034700 0.029800 0.058200 0.014600 0.057700 0.037200 0.065600 0.070700 0.042200 0.070900 0.071100 0.060800 0.052400 0.044900 0.039800 0.049900 0.076100 0.076600 0.073800
Daviddeer 0.070700 0.184200 0.081000 0.137700 0.078300 0.070700 0.086500 0.065500 0.078500 0.029500 0.073300 0.065300 0.062700 0.083500 0.070100 0.054800 0.059900 0.052300 0.075800 0.073400 0.065000 0.063000 0.000000 0.037000 0.070900 0.070100 0.062800 0.073000 0.060100 0.070400 0.032000 0.080700 0.060100 0.062500 0.057600 0.065400 0.057900 0.088800 0.065000 0.027000 0.012200 0.070100 0.027000 0.037100 0.068000 0.080500 0.073000 0.055000 0.078100 0.078100 0.075900 0.078400
Reindeer 0.078700 0.193500 0.089000 0.143700 0.086300 0.078700 0.100000 0.073400 0.091900 0.047200 0.081300 0.073200 0.070600 0.088900 0.072700 0.062600 0.057300 0.060100 0.083900 0.086700 0.072900 0.070900 0.037000 0.000000 0.078900 0.077900 0.070600 0.086300 0.067900 0.083700 0.049700 0.094000 0.057500 0.070400 0.065400 0.073300 0.076300 0.096900 0.072900 0.034500 0.044600 0.072800 0.044700 0.019200 0.070700 0.088500 0.075700 0.068000 0.080800 0.086100 0.089200 0.091800
Ibex 0.024700 0.204500 0.089900 0.171100 0.055200 0.024700 0.065700 0.050300 0.087400 0.081500 0.007300 0.065900 0.042400 0.060300 0.060100 0.029700 0.086800 0.079100 0.034800 0.082200 0.039700 0.012300 0.070900 0.078900 0.000000 0.049800 0.042500 0.081800 0.039900 0.079200 0.078900 0.060100 0.073800 0.042300 0.037400 0.066100 0.022200 0.065500 0.044800 0.073500 0.078700 0.044800 0.078900 0.079100 0.068700 0.060100 0.052700 0.047600 0.057600 0.078800 0.084700 0.081900
GyrantGaze 0.054800 0.201900 0.067800 0.157200 0.049500 0.054800 0.062500 0.044600 0.070500 0.075300 0.052200 0.049100 0.041900 0.057100 0.046700 0.019400 0.072600 0.070200 0.054700 0.065500 0.034300 0.047200 0.070100 0.077900 0.049800 0.000000 0.042000 0.065100 0.024400 0.062600 0.072700 0.057000 0.072900 0.041800 0.044500 0.060100 0.047300 0.059600 0.039300 0.067400 0.077800 0.009600 0.072700 0.078100 0.062700 0.059400 0.047000 0.044500 0.051900 0.077900 0.067900 0.065300
Hartebeest 0.042400 0.194400 0.073500 0.155400 0.044800 0.042400 0.062900 0.042400 0.071000 0.068000 0.044900 0.052600 0.004900 0.055000 0.047100 0.027100 0.067900 0.060300 0.047400 0.065900 0.032000 0.034800 0.062800 0.070600 0.042500 0.042000 0.000000 0.065600 0.032100 0.063000 0.065400 0.057400 0.063000 0.014700 0.027200 0.052800 0.039900 0.054900 0.037000 0.060200 0.070500 0.037000 0.065400 0.070800 0.055400 0.052200 0.047300 0.037200 0.044600 0.075800 0.068400 0.068300
Bongo 0.076200 0.196600 0.031900 0.160900 0.078600 0.076200 0.089500 0.078900 0.009700 0.083600 0.084200 0.039500 0.065500 0.086500 0.067900 0.060200 0.078200 0.075800 0.086800 0.009800 0.065200 0.073700 0.073000 0.086300 0.081800 0.065100 0.065600 0.000000 0.068100 0.012100 0.081000 0.078400 0.078500 0.065300 0.068200 0.044700 0.073800 0.089100 0.070500 0.075600 0.080800 0.065200 0.081000 0.086500 0.047200 0.086100 0.081000 0.062900 0.073100 0.096900 0.007200 0.024500
Gerenuk 0.044900 0.197100 0.070700 0.152300 0.044700 0.044900 0.052500 0.029700 0.073500 0.065300 0.042300 0.049400 0.032100 0.044700 0.047000 0.009700 0.067800 0.060200 0.044800 0.068400 0.024500 0.037300 0.060100 0.067900 0.039900 0.024400 0.032100 0.068100 0.000000 0.065500 0.062700 0.047100 0.062900 0.032000 0.029600 0.055300 0.042400 0.054800 0.029500 0.062600 0.067800 0.019500 0.062700 0.068100 0.057900 0.049600 0.034600 0.034600 0.047100 0.062600 0.070900 0.068200
CommonElan 0.073600 0.193700 0.029400 0.158100 0.076000 0.073600 0.081500 0.076200 0.017100 0.081000 0.081500 0.037000 0.062900 0.083800 0.065300 0.057600 0.075600 0.073200 0.084100 0.017100 0.062700 0.071100 0.070400 0.083700 0.079200 0.062600 0.063000 0.012100 0.065500 0.000000 0.078400 0.075700 0.075900 0.062800 0.065700 0.042200 0.071200 0.086500 0.067900 0.073000 0.078200 0.062600 0.078400 0.083900 0.044700 0.083500 0.078400 0.060400 0.070500 0.094300 0.014400 0.027000
MuntiacusR 0.078700 0.193500 0.078400 0.152200 0.086300 0.078700 0.100100 0.073400 0.086500 0.012100 0.081300 0.062700 0.065400 0.091600 0.078000 0.057400 0.067700 0.060100 0.075900 0.081400 0.070300 0.070900 0.032000 0.049700 0.078900 0.072700 0.065400 0.081000 0.062700 0.078400 0.000000 0.094100 0.067900 0.065200 0.065500 0.068100 0.071000 0.096900 0.072900 0.044600 0.039500 0.067600 0.009600 0.049900 0.070700 0.088500 0.081000 0.068000 0.080800 0.086000 0.083900 0.086500
HarveysDui 0.059900 0.199000 0.091700 0.169200 0.059800 0.059900 0.019400 0.065300 0.083800 0.096700 0.062500 0.070200 0.057300 0.026800 0.059500 0.041900 0.091200 0.083500 0.065000 0.084000 0.054500 0.052300 0.080700 0.094000 0.060100 0.057000 0.057400 0.078400 0.047100 0.075700 0.094100 0.000000 0.086300 0.054600 0.054900 0.073300 0.052400 0.070000 0.054600 0.083300 0.088500 0.057000 0.094100 0.094300 0.075900 0.069900 0.059800 0.052200 0.067400 0.099300 0.081200 0.075800
Pronghorn 0.071000 0.167100 0.081200 0.138200 0.068100 0.071000 0.092200 0.071000 0.084000 0.065300 0.076200 0.070400 0.062900 0.083800 0.070300 0.057600 0.044600 0.047300 0.086800 0.078900 0.070400 0.071100 0.060100 0.057500 0.073800 0.072900 0.063000 0.078500 0.062900 0.075900 0.067900 0.086300 0.000000 0.062700 0.065600 0.070900 0.076500 0.078500 0.065300 0.062700 0.067800 0.067800 0.062700 0.068100 0.068200 0.080900 0.065400 0.070800 0.067900 0.088900 0.081400 0.078600
BlueWildeb 0.042200 0.193600 0.073200 0.154800 0.044600 0.042200 0.060100 0.042200 0.070700 0.067800 0.044700 0.047300 0.014600 0.052200 0.046900 0.026900 0.067700 0.060100 0.047200 0.065700 0.036900 0.034700 0.062500 0.070400 0.042300 0.041800 0.014700 0.065300 0.032000 0.062800 0.065200 0.054600 0.062700 0.000000 0.027100 0.052600 0.039800 0.052200 0.036900 0.059900 0.070200 0.036800 0.065200 0.070500 0.055100 0.052000 0.047100 0.037000 0.044400 0.075500 0.068100 0.062800
Gemsbok 0.037300 0.197700 0.076200 0.158500 0.047400 0.037300 0.060400 0.039900 0.073700 0.068000 0.039800 0.055300 0.027100 0.052400 0.049700 0.024600 0.070600 0.063000 0.042300 0.068600 0.034500 0.029800 0.057600 0.065400 0.037400 0.044500 0.027200 0.068200 0.029600 0.065700 0.065500 0.054900 0.065600 0.027100 0.000000 0.055400 0.034900 0.057500 0.034600 0.060200 0.065300 0.039500 0.065500 0.065600 0.058000 0.049700 0.042200 0.034700 0.047200 0.073200 0.071100 0.071000
Yak 0.065900 0.194500 0.052400 0.164400 0.068300 0.065900 0.079000 0.065900 0.049900 0.070700 0.068500 0.029600 0.052700 0.070800 0.052600 0.044900 0.070600 0.063000 0.071100 0.044900 0.049900 0.058200 0.065400 0.073300 0.066100 0.060100 0.052800 0.044700 0.055300 0.042200 0.068100 0.073300 0.070900 0.052600 0.055400 0.000000 0.063500 0.078700 0.055100 0.068000 0.073200 0.055000 0.068100 0.073500 0.002400 0.065300 0.065400 0.050200 0.062800 0.083800 0.047400 0.049900
BlueSheep 0.022200 0.201500 0.081900 0.168100 0.052700 0.022200 0.057900 0.052900 0.079400 0.073600 0.024000 0.063300 0.039900 0.057700 0.052400 0.032200 0.084200 0.076400 0.032300 0.074200 0.042300 0.014600 0.057900 0.076300 0.022200 0.047300 0.039900 0.073800 0.042400 0.071200 0.071000 0.052400 0.076500 0.039800 0.034900 0.063500 0.000000 0.062900 0.042300 0.065700 0.065600 0.047300 0.071000 0.076500 0.066100 0.057600 0.050100 0.039900 0.055100 0.086800 0.076700 0.074000
BohorReedb 0.060100 0.208600 0.097200 0.184000 0.014300 0.060100 0.075700 0.062800 0.094700 0.099600 0.067900 0.078300 0.054900 0.067600 0.067300 0.044500 0.088700 0.086300 0.070400 0.089600 0.057100 0.057700 0.088800 0.096900 0.065500 0.059600 0.054900 0.089100 0.054800 0.086500 0.096900 0.070000 0.078500 0.052200 0.057500 0.078700 0.062900 0.000000 0.057200 0.091400 0.096700 0.059700 0.096900 0.097100 0.081300 0.067400 0.062500 0.057400 0.064900 0.102100 0.092000 0.081200
KirksDik 0.044700 0.193400 0.078400 0.151800 0.047100 0.044700 0.060000 0.039600 0.075900 0.072900 0.047200 0.054900 0.037000 0.052100 0.049400 0.024400 0.065000 0.057500 0.044600 0.070900 0.029400 0.037200 0.065000 0.072900 0.044800 0.039300 0.037000 0.070500 0.029500 0.067900 0.072900 0.054600 0.065300 0.036900 0.034600 0.055100 0.042300 0.057200 0.000000 0.067600 0.072800 0.034300 0.070300 0.073100 0.057600 0.049400 0.034500 0.039500 0.046900 0.072800 0.073300 0.073300
RoeDeer 0.073300 0.187200 0.083600 0.146300 0.080900 0.073300 0.089100 0.067900 0.081100 0.042100 0.075900 0.067800 0.060100 0.083500 0.072700 0.057400 0.057300 0.054900 0.078400 0.076000 0.062400 0.065600 0.027000 0.034500 0.073500 0.067400 0.060200 0.075600 0.062600 0.073000 0.044600 0.083300 0.062700 0.059900 0.060200 0.068000 0.065700 0.091400 0.067600 0.000000 0.034400 0.067500 0.039500 0.039600 0.070600 0.083100 0.075600 0.057500 0.080700 0.078000 0.078500 0.081000
WhiteLippe 0.078500 0.193000 0.083400 0.146200 0.086200 0.078500 0.094400 0.073300 0.086300 0.037000 0.081100 0.073000 0.070400 0.091400 0.077900 0.062500 0.067600 0.060000 0.083700 0.081200 0.072700 0.070700 0.012200 0.044600 0.078700 0.077800 0.070500 0.080800 0.067800 0.078200 0.039500 0.088500 0.067800 0.070200 0.065300 0.073200 0.065600 0.096700 0.072800 0.034400 0.000000 0.077900 0.034500 0.049800 0.075800 0.088300 0.080900 0.062600 0.085900 0.085900 0.083700 0.086300
ThomsonGaz 0.049700 0.202100 0.067800 0.157300 0.049500 0.049700 0.062400 0.039600 0.070600 0.070200 0.047100 0.044000 0.036900 0.052100 0.046800 0.014500 0.067500 0.065100 0.049600 0.065500 0.029300 0.042200 0.070100 0.072800 0.044800 0.009600 0.037000 0.065200 0.019500 0.062600 0.067600 0.057000 0.067800 0.036800 0.039500 0.055000 0.047300 0.059700 0.034300 0.067500 0.077900 0.000000 0.067600 0.072900 0.057500 0.054400 0.042000 0.044500 0.046800 0.072700 0.068000 0.065300
MuntiacusC 0.078700 0.193500 0.078400 0.143700 0.086400 0.078700 0.100100 0.073400 0.086500 0.002400 0.081300 0.062700 0.065400 0.091600 0.078000 0.057400 0.059900 0.052400 0.073300 0.081400 0.072900 0.070900 0.027000 0.044700 0.078900 0.072700 0.065400 0.081000 0.062700 0.078400 0.009600 0.094100 0.062700 0.065200 0.065500 0.068100 0.071000 0.096900 0.070300 0.039500 0.034500 0.067600 0.000000 0.049900 0.070700 0.088500 0.081000 0.068000 0.080800 0.080800 0.083900 0.086500
WhiteTaile 0.078900 0.194000 0.094600 0.152500 0.086600 0.078900 0.100300 0.068400 0.092100 0.052400 0.081500 0.073300 0.070700 0.089100 0.078200 0.062700 0.067800 0.065400 0.084100 0.086900 0.073000 0.071100 0.037100 0.019200 0.079100 0.078100 0.070800 0.086500 0.068100 0.083900 0.049900 0.094300 0.068100 0.070500 0.065600 0.073500 0.076500 0.097100 0.073100 0.039600 0.049800 0.072900 0.049900 0.000000 0.076100 0.088700 0.081200 0.068200 0.081000 0.091500 0.089400 0.092000
Cattle 0.068500 0.191300 0.049800 0.164300 0.070900 0.068500 0.081600 0.068500 0.052500 0.073300 0.071100 0.032100 0.055300 0.073400 0.049900 0.047400 0.067900 0.065600 0.073700 0.047500 0.052500 0.060800 0.068000 0.070700 0.068700 0.062700 0.055400 0.047200 0.057900 0.044700 0.070700 0.075900 0.068200 0.055100 0.058000 0.002400 0.066100 0.081300 0.057600 0.070600 0.075800 0.057500 0.070700 0.076100 0.000000 0.067900 0.062800 0.052800 0.065400 0.086400 0.049900 0.052400
RoyalAntel 0.060000 0.195600 0.094300 0.174900 0.057200 0.060000 0.075500 0.054900 0.091700 0.091100 0.062500 0.070100 0.052100 0.067400 0.059500 0.039200 0.091100 0.083400 0.059900 0.086600 0.049300 0.052400 0.080500 0.088500 0.060100 0.059400 0.052200 0.086100 0.049600 0.083500 0.088500 0.069900 0.080900 0.052000 0.049700 0.065300 0.057600 0.067400 0.049400 0.083100 0.088300 0.054400 0.088500 0.088700 0.067900 0.000000 0.059800 0.049600 0.046800 0.083200 0.089100 0.089000
Steenbok 0.052500 0.200000 0.083700 0.166900 0.052300 0.052500 0.065400 0.050000 0.086600 0.083700 0.055100 0.064700 0.047300 0.057400 0.049500 0.032000 0.070400 0.068000 0.052400 0.081400 0.039500 0.044900 0.073000 0.075700 0.052700 0.047000 0.047300 0.081000 0.034600 0.078400 0.081000 0.059800 0.065400 0.047100 0.042200 0.065400 0.050100 0.062500 0.034500 0.075600 0.080900 0.042000 0.081000 0.081200 0.062800 0.059800 0.000000 0.049800 0.057300 0.088900 0.084000 0.078500
Impala 0.047400 0.185200 0.070800 0.149500 0.047300 0.047400 0.057700 0.044900 0.068300 0.070600 0.050000 0.055200 0.037100 0.054900 0.034400 0.029500 0.070500 0.062900 0.052500 0.063300 0.039500 0.039800 0.055000 0.068000 0.047600 0.044500 0.037200 0.062900 0.034600 0.060400 0.068000 0.052200 0.070800 0.037000 0.034700 0.050200 0.039900 0.057400 0.039500 0.057500 0.062600 0.044500 0.068000 0.068200 0.052800 0.049600 0.049800 0.000000 0.047100 0.073100 0.065700 0.060400
Klipspring 0.052300 0.181100 0.081100 0.166300 0.054700 0.052300 0.073000 0.057500 0.075900 0.083400 0.060000 0.062700 0.044600 0.065000 0.051900 0.036900 0.078000 0.075600 0.057400 0.073500 0.041800 0.049900 0.078100 0.080800 0.057600 0.051900 0.044600 0.073100 0.047100 0.070500 0.080800 0.067400 0.067900 0.044400 0.047200 0.062800 0.055100 0.064900 0.046900 0.080700 0.085900 0.046800 0.080800 0.081000 0.065400 0.046800 0.057300 0.047100 0.000000 0.088600 0.075900 0.075900
ForestMusk 0.089200 0.221000 0.099700 0.178600 0.091500 0.089200 0.105300 0.078600 0.102600 0.083400 0.081200 0.073100 0.075700 0.096900 0.088500 0.057300 0.086000 0.080900 0.089000 0.097400 0.072800 0.076100 0.078100 0.086100 0.078800 0.077900 0.075800 0.096900 0.062600 0.094300 0.086000 0.099300 0.088900 0.075500 0.073200 0.083800 0.086800 0.102100 0.072800 0.078000 0.085900 0.072700 0.080800 0.091500 0.086400 0.083200 0.088900 0.073100 0.088600 0.000000 0.099900 0.102500
Bushbuck 0.079100 0.200400 0.034500 0.164400 0.081500 0.079100 0.092400 0.081800 0.012200 0.086500 0.087100 0.042200 0.068300 0.089400 0.065500 0.062900 0.075800 0.078700 0.089700 0.012300 0.068000 0.076600 0.075900 0.089200 0.084700 0.067900 0.068400 0.007200 0.070900 0.014400 0.083900 0.081200 0.081400 0.068100 0.071100 0.047400 0.076700 0.092000 0.073300 0.078500 0.083700 0.068000 0.083900 0.089400 0.049900 0.089100 0.084000 0.065700 0.075900 0.099900 0.000000 0.027100
GreaterKud 0.076400 0.190900 0.037000 0.164300 0.070800 0.076400 0.081600 0.081700 0.029500 0.089100 0.084300 0.039200 0.068300 0.078600 0.065400 0.060300 0.078300 0.075900 0.086900 0.024600 0.068000 0.073800 0.078400 0.091800 0.081900 0.065300 0.068300 0.024500 0.068200 0.027000 0.086500 0.075800 0.078600 0.062800 0.071000 0.049900 0.074000 0.081200 0.073300 0.081000 0.086300 0.065300 0.086500 0.092000 0.052400 0.089000 0.078500 0.060400 0.075900 0.102500 0.027100 0.000000
