CODONML (in paml version 4.10.7, June 2023)  /home/rachel/ruminants_paml/6406-phy-tree/ENSBTAT00000010101.fasta.phy
Model: free dN/dS Ratios for branches,  kappa = 2.000 fixed

Codon frequency model: F3x4
ns =  54  ls =  27

Codon usage in sequences
--------------------------------------------------------------------------------------------------------------------------------------
Phe TTT   1   1   1   1   1   1 | Ser TCT   0   0   0   0   0   0 | Tyr TAT   0   0   0   0   0   0 | Cys TGT   0   0   0   0   0   0
    TTC   0   0   0   0   0   0 |     TCC   0   1   0   0   0   0 |     TAC   0   0   0   0   0   0 |     TGC   0   0   0   0   0   0
Leu TTA   0   0   0   0   0   0 |     TCA   1   0   1   1   1   1 | *** TAA   0   0   0   0   0   0 | *** TGA   0   0   0   0   0   0
    TTG   0   0   0   0   0   0 |     TCG   0   0   0   0   0   0 |     TAG   0   0   0   0   0   0 | Trp TGG   1   1   1   1   1   1
--------------------------------------------------------------------------------------------------------------------------------------
Leu CTT   1   1   1   1   1   1 | Pro CCT   0   0   0   0   0   0 | His CAT   0   0   0   0   0   0 | Arg CGT   1   1   1   1   1   1
    CTC   0   0   0   0   0   1 |     CCC   1   1   1   1   0   1 |     CAC   1   1   1   1   1   1 |     CGC   0   0   0   0   0   0
    CTA   0   0   0   0   1   0 |     CCA   0   0   0   0   1   0 | Gln CAA   0   0   0   0   1   0 |     CGA   0   0   0   0   0   0
    CTG   2   2   2   2   1   1 |     CCG   0   0   0   0   0   0 |     CAG   2   2   2   2   1   2 |     CGG   3   3   3   3   2   2
--------------------------------------------------------------------------------------------------------------------------------------
Ile ATT   0   0   0   0   0   0 | Thr ACT   1   1   1   1   0   1 | Asn AAT   3   3   3   3   3   3 | Ser AGT   0   0   0   0   0   0
    ATC   0   0   0   0   0   0 |     ACC   0   0   0   0   1   0 |     AAC   0   0   0   0   0   0 |     AGC   0   0   0   0   0   0
    ATA   0   0   0   0   0   0 |     ACA   0   0   0   0   0   0 | Lys AAA   0   0   0   0   0   0 | Arg AGA   1   1   1   1   1   1
Met ATG   1   1   1   1   1   1 |     ACG   0   0   0   0   0   0 |     AAG   2   2   2   2   2   2 |     AGG   0   0   0   0   1   1
--------------------------------------------------------------------------------------------------------------------------------------
Val GTT   0   0   0   0   0   0 | Ala GCT   1   1   1   1   1   1 | Asp GAT   0   0   0   0   0   0 | Gly GGT   0   0   0   0   0   0
    GTC   0   0   0   0   0   0 |     GCC   0   0   0   0   1   0 |     GAC   1   1   1   1   1   1 |     GGC   0   0   0   0   0   0
    GTA   0   0   0   0   0   0 |     GCA   1   1   1   1   0   1 | Glu GAA   0   0   0   0   0   0 |     GGA   0   0   0   0   0   0
    GTG   1   1   1   1   1   1 |     GCG   1   1   1   1   1   1 |     GAG   0   0   0   0   0   0 |     GGG   0   0   0   0   0   0
--------------------------------------------------------------------------------------------------------------------------------------

--------------------------------------------------------------------------------------------------------------------------------------
Phe TTT   1   1   1   1   1   1 | Ser TCT   0   0   0   0   0   0 | Tyr TAT   0   0   0   0   0   0 | Cys TGT   0   0   0   0   0   0
    TTC   0   0   0   0   0   0 |     TCC   0   0   0   0   0   0 |     TAC   0   0   0   0   0   0 |     TGC   0   0   0   0   0   0
Leu TTA   0   0   0   0   0   0 |     TCA   1   1   1   1   1   1 | *** TAA   0   0   0   0   0   0 | *** TGA   0   0   0   0   0   0
    TTG   0   0   0   0   0   0 |     TCG   0   0   0   0   0   0 |     TAG   0   0   0   0   0   0 | Trp TGG   1   1   1   1   1   1
--------------------------------------------------------------------------------------------------------------------------------------
Leu CTT   2   1   1   1   1   1 | Pro CCT   0   0   0   0   0   0 | His CAT   0   0   0   0   0   0 | Arg CGT   1   1   1   1   1   1
    CTC   0   0   0   0   0   0 |     CCC   1   1   1   1   1   1 |     CAC   1   1   1   1   1   1 |     CGC   0   0   0   0   0   0
    CTA   0   0   0   0   0   0 |     CCA   0   0   0   0   0   0 | Gln CAA   0   0   0   0   0   0 |     CGA   0   0   0   0   0   1
    CTG   1   2   2   2   2   2 |     CCG   0   0   0   0   0   0 |     CAG   2   2   2   2   2   2 |     CGG   3   3   3   3   3   2
--------------------------------------------------------------------------------------------------------------------------------------
Ile ATT   0   0   0   0   0   0 | Thr ACT   1   1   1   1   1   1 | Asn AAT   3   3   3   3   3   3 | Ser AGT   0   0   0   0   0   0
    ATC   0   0   0   0   0   0 |     ACC   0   0   0   0   0   0 |     AAC   0   0   0   0   0   0 |     AGC   0   0   0   0   0   0
    ATA   0   0   0   0   0   0 |     ACA   0   0   0   0   0   0 | Lys AAA   0   0   0   0   0   0 | Arg AGA   1   1   1   1   1   1
Met ATG   1   1   1   1   1   1 |     ACG   0   0   0   0   0   0 |     AAG   2   2   2   2   2   2 |     AGG   0   0   0   0   0   0
--------------------------------------------------------------------------------------------------------------------------------------
Val GTT   0   0   0   0   0   0 | Ala GCT   1   1   1   1   1   1 | Asp GAT   0   0   0   0   0   0 | Gly GGT   0   0   0   0   0   0
    GTC   0   0   0   0   0   0 |     GCC   0   0   0   0   0   0 |     GAC   1   1   1   1   1   1 |     GGC   0   0   0   0   0   0
    GTA   0   0   0   0   0   0 |     GCA   1   1   1   1   1   1 | Glu GAA   0   0   0   0   0   0 |     GGA   0   0   0   0   0   0
    GTG   1   1   1   1   1   1 |     GCG   1   1   1   1   1   1 |     GAG   0   0   0   0   0   0 |     GGG   0   0   0   0   0   0
--------------------------------------------------------------------------------------------------------------------------------------

--------------------------------------------------------------------------------------------------------------------------------------
Phe TTT   1   1   1   1   1   1 | Ser TCT   0   0   0   0   0   0 | Tyr TAT   0   0   0   0   0   0 | Cys TGT   0   0   0   0   0   0
    TTC   0   0   0   0   0   0 |     TCC   0   0   0   0   0   0 |     TAC   0   0   0   0   0   0 |     TGC   0   0   0   0   0   0
Leu TTA   0   0   0   0   0   0 |     TCA   1   1   1   1   1   1 | *** TAA   0   0   0   0   0   0 | *** TGA   0   0   0   0   0   0
    TTG   0   0   0   0   0   1 |     TCG   0   0   0   0   0   0 |     TAG   0   0   0   0   0   0 | Trp TGG   1   1   1   1   1   1
--------------------------------------------------------------------------------------------------------------------------------------
Leu CTT   1   1   1   1   1   1 | Pro CCT   0   0   0   0   0   0 | His CAT   0   0   0   0   0   0 | Arg CGT   1   1   1   1   1   1
    CTC   0   0   0   0   0   0 |     CCC   1   1   1   1   1   1 |     CAC   1   1   1   1   1   1 |     CGC   0   0   0   0   0   0
    CTA   0   0   0   0   0   0 |     CCA   0   0   0   0   0   0 | Gln CAA   0   0   0   0   0   0 |     CGA   0   0   0   0   0   0
    CTG   2   2   2   2   2   1 |     CCG   0   0   0   0   0   0 |     CAG   2   2   2   2   2   2 |     CGG   3   3   3   3   3   3
--------------------------------------------------------------------------------------------------------------------------------------
Ile ATT   0   0   0   0   0   0 | Thr ACT   1   1   1   1   1   1 | Asn AAT   3   3   3   3   3   3 | Ser AGT   0   0   0   0   0   0
    ATC   0   0   0   0   0   0 |     ACC   0   0   0   0   0   0 |     AAC   0   0   0   0   0   0 |     AGC   0   0   0   0   0   0
    ATA   0   0   0   0   0   0 |     ACA   0   0   0   0   0   0 | Lys AAA   0   0   0   0   0   0 | Arg AGA   1   1   1   1   1   1
Met ATG   1   1   1   1   1   1 |     ACG   0   0   0   0   0   0 |     AAG   2   2   2   2   2   2 |     AGG   0   0   0   0   0   0
--------------------------------------------------------------------------------------------------------------------------------------
Val GTT   0   0   0   0   0   0 | Ala GCT   1   1   1   1   1   1 | Asp GAT   0   0   0   0   0   0 | Gly GGT   0   0   0   0   0   0
    GTC   0   0   0   0   0   0 |     GCC   0   0   0   0   0   0 |     GAC   1   1   1   1   1   1 |     GGC   0   0   0   0   0   0
    GTA   0   0   0   0   0   0 |     GCA   1   1   1   1   1   1 | Glu GAA   0   0   0   0   0   0 |     GGA   0   0   0   0   0   0
    GTG   1   1   1   1   1   1 |     GCG   1   1   1   1   1   1 |     GAG   0   0   0   0   0   0 |     GGG   0   0   0   0   0   0
--------------------------------------------------------------------------------------------------------------------------------------

--------------------------------------------------------------------------------------------------------------------------------------
Phe TTT   1   1   1   1   1   1 | Ser TCT   0   0   0   0   0   0 | Tyr TAT   0   0   0   0   0   0 | Cys TGT   0   0   0   0   0   0
    TTC   0   0   0   0   0   0 |     TCC   0   0   0   0   0   0 |     TAC   0   0   0   0   0   0 |     TGC   0   0   0   0   0   0
Leu TTA   0   0   0   0   0   0 |     TCA   1   1   1   1   1   1 | *** TAA   0   0   0   0   0   0 | *** TGA   0   0   0   0   0   0
    TTG   0   0   0   0   0   0 |     TCG   0   0   0   0   0   0 |     TAG   0   0   0   0   0   0 | Trp TGG   1   1   1   1   1   1
--------------------------------------------------------------------------------------------------------------------------------------
Leu CTT   1   1   1   1   1   1 | Pro CCT   0   0   0   0   0   0 | His CAT   0   0   0   0   0   1 | Arg CGT   1   1   1   1   1   1
    CTC   0   0   0   0   0   0 |     CCC   1   1   1   1   1   1 |     CAC   1   1   1   1   1   0 |     CGC   0   0   0   0   0   0
    CTA   0   0   0   0   0   0 |     CCA   0   0   0   0   0   0 | Gln CAA   0   0   0   0   0   0 |     CGA   0   0   0   0   0   0
    CTG   2   2   2   2   2   2 |     CCG   0   0   0   0   0   0 |     CAG   2   2   2   2   2   2 |     CGG   3   3   3   3   3   2
--------------------------------------------------------------------------------------------------------------------------------------
Ile ATT   0   0   0   0   0   0 | Thr ACT   1   1   1   1   1   1 | Asn AAT   3   3   3   3   3   3 | Ser AGT   0   0   0   0   0   0
    ATC   0   0   0   0   0   0 |     ACC   0   0   0   0   0   0 |     AAC   0   0   0   0   0   0 |     AGC   0   0   0   0   0   0
    ATA   0   0   0   0   0   0 |     ACA   0   0   0   0   0   0 | Lys AAA   0   0   1   0   0   0 | Arg AGA   1   1   1   1   1   1
Met ATG   1   1   1   1   1   1 |     ACG   0   0   0   0   0   0 |     AAG   2   2   1   2   2   2 |     AGG   0   0   0   0   0   1
--------------------------------------------------------------------------------------------------------------------------------------
Val GTT   0   0   0   0   0   0 | Ala GCT   1   1   1   1   1   1 | Asp GAT   0   0   0   0   0   0 | Gly GGT   0   0   0   0   0   0
    GTC   0   0   0   0   0   0 |     GCC   0   0   0   0   0   0 |     GAC   1   1   1   1   1   1 |     GGC   0   0   0   0   0   0
    GTA   0   0   0   0   0   0 |     GCA   1   1   1   1   1   1 | Glu GAA   0   0   0   0   0   0 |     GGA   0   0   0   0   0   0
    GTG   1   1   1   1   1   1 |     GCG   1   1   1   1   1   1 |     GAG   0   0   0   0   0   0 |     GGG   0   0   0   0   0   0
--------------------------------------------------------------------------------------------------------------------------------------

--------------------------------------------------------------------------------------------------------------------------------------
Phe TTT   1   1   1   1   1   1 | Ser TCT   0   0   0   0   0   0 | Tyr TAT   0   0   0   0   0   0 | Cys TGT   0   0   0   0   0   0
    TTC   0   0   0   0   0   0 |     TCC   0   0   0   0   0   0 |     TAC   0   0   0   0   0   0 |     TGC   0   0   0   0   0   0
Leu TTA   0   0   0   0   0   0 |     TCA   1   1   1   1   1   1 | *** TAA   0   0   0   0   0   0 | *** TGA   0   0   0   0   0   0
    TTG   0   0   0   1   0   0 |     TCG   0   0   0   0   0   0 |     TAG   0   0   0   0   0   0 | Trp TGG   1   1   1   1   1   1
--------------------------------------------------------------------------------------------------------------------------------------
Leu CTT   1   1   1   1   1   1 | Pro CCT   0   0   0   0   0   0 | His CAT   0   0   0   0   0   0 | Arg CGT   1   1   1   1   1   1
    CTC   0   0   0   0   0   0 |     CCC   1   1   1   1   1   1 |     CAC   1   1   1   1   1   1 |     CGC   0   0   0   0   0   0
    CTA   0   0   0   0   0   0 |     CCA   0   0   0   0   0   0 | Gln CAA   0   0   0   0   0   0 |     CGA   1   1   0   0   0   0
    CTG   2   2   2   1   2   2 |     CCG   0   0   0   0   0   0 |     CAG   2   2   2   2   2   2 |     CGG   2   2   3   3   3   3
--------------------------------------------------------------------------------------------------------------------------------------
Ile ATT   0   0   0   0   0   0 | Thr ACT   1   1   1   1   1   1 | Asn AAT   3   3   3   3   3   3 | Ser AGT   0   0   0   0   0   0
    ATC   0   0   0   0   0   0 |     ACC   0   0   0   0   0   0 |     AAC   0   0   0   0   0   0 |     AGC   0   0   0   0   0   0
    ATA   0   0   0   0   0   0 |     ACA   0   0   0   0   0   0 | Lys AAA   0   0   0   0   0   0 | Arg AGA   1   1   1   1   1   1
Met ATG   1   1   1   1   1   1 |     ACG   0   0   0   0   0   0 |     AAG   2   2   2   2   2   2 |     AGG   0   0   0   0   0   0
--------------------------------------------------------------------------------------------------------------------------------------
Val GTT   0   0   0   0   0   0 | Ala GCT   1   1   1   1   1   1 | Asp GAT   0   0   0   0   0   0 | Gly GGT   0   0   0   0   0   0
    GTC   0   0   0   0   0   0 |     GCC   0   0   0   0   0   0 |     GAC   1   1   1   1   1   1 |     GGC   0   0   0   0   0   0
    GTA   0   0   0   0   0   0 |     GCA   1   1   1   1   1   1 | Glu GAA   0   0   0   0   0   0 |     GGA   0   0   0   0   0   0
    GTG   1   1   1   1   1   1 |     GCG   1   1   1   1   1   1 |     GAG   0   0   0   0   0   0 |     GGG   0   0   0   0   0   0
--------------------------------------------------------------------------------------------------------------------------------------

--------------------------------------------------------------------------------------------------------------------------------------
Phe TTT   1   1   1   1   1   1 | Ser TCT   0   0   0   0   0   0 | Tyr TAT   0   0   0   0   0   0 | Cys TGT   0   0   0   0   0   0
    TTC   0   0   0   0   0   0 |     TCC   0   0   0   0   0   0 |     TAC   0   0   0   0   0   0 |     TGC   0   0   0   0   0   0
Leu TTA   0   0   0   0   0   0 |     TCA   1   1   1   1   1   1 | *** TAA   0   0   0   0   0   0 | *** TGA   0   0   0   0   0   0
    TTG   1   0   0   0   0   0 |     TCG   0   0   0   0   0   0 |     TAG   0   0   0   0   0   0 | Trp TGG   1   1   1   1   1   1
--------------------------------------------------------------------------------------------------------------------------------------
Leu CTT   1   1   1   1   1   1 | Pro CCT   0   0   0   0   0   0 | His CAT   0   0   0   0   0   0 | Arg CGT   1   1   1   1   1   1
    CTC   0   0   0   0   0   0 |     CCC   1   1   1   1   1   1 |     CAC   1   1   1   1   1   1 |     CGC   0   0   0   0   1   0
    CTA   0   0   0   0   1   0 |     CCA   0   0   0   0   0   0 | Gln CAA   0   0   0   0   0   0 |     CGA   0   0   1   0   0   0
    CTG   1   2   0   2   1   2 |     CCG   0   0   3   0   0   0 |     CAG   2   2   1   2   2   2 |     CGG   3   3   2   3   2   3
--------------------------------------------------------------------------------------------------------------------------------------
Ile ATT   0   0   0   0   0   0 | Thr ACT   1   1   1   1   1   1 | Asn AAT   3   3   3   3   3   3 | Ser AGT   0   0   0   0   0   0
    ATC   0   0   0   0   0   0 |     ACC   0   0   0   0   0   0 |     AAC   0   0   0   0   0   0 |     AGC   0   0   0   0   0   0
    ATA   0   0   0   0   0   0 |     ACA   0   0   0   0   0   0 | Lys AAA   0   0   0   0   0   0 | Arg AGA   1   1   1   1   1   1
Met ATG   1   1   1   1   1   1 |     ACG   0   0   0   0   0   0 |     AAG   2   2   2   2   2   2 |     AGG   0   0   0   0   0   0
--------------------------------------------------------------------------------------------------------------------------------------
Val GTT   0   0   0   0   0   0 | Ala GCT   1   1   1   1   1   1 | Asp GAT   0   0   0   0   0   0 | Gly GGT   0   0   0   0   0   0
    GTC   0   0   0   0   0   0 |     GCC   0   0   0   0   0   0 |     GAC   1   1   1   1   1   1 |     GGC   0   0   0   0   0   0
    GTA   0   0   0   0   0   0 |     GCA   1   1   1   1   1   1 | Glu GAA   0   0   0   0   0   0 |     GGA   0   0   0   0   0   0
    GTG   1   1   1   1   1   1 |     GCG   1   1   1   1   1   1 |     GAG   0   0   0   0   0   0 |     GGG   0   0   0   0   0   0
--------------------------------------------------------------------------------------------------------------------------------------

--------------------------------------------------------------------------------------------------------------------------------------
Phe TTT   1   1   1   1   1   1 | Ser TCT   0   0   0   0   0   0 | Tyr TAT   0   0   0   0   0   0 | Cys TGT   0   0   0   0   0   0
    TTC   0   0   0   0   0   0 |     TCC   0   0   0   0   0   0 |     TAC   0   0   0   0   0   0 |     TGC   0   0   0   0   0   0
Leu TTA   0   0   0   0   0   0 |     TCA   1   1   1   1   1   1 | *** TAA   0   0   0   0   0   0 | *** TGA   0   0   0   0   0   0
    TTG   0   0   0   0   0   0 |     TCG   0   0   0   0   0   0 |     TAG   0   0   0   0   0   0 | Trp TGG   1   1   1   1   1   1
--------------------------------------------------------------------------------------------------------------------------------------
Leu CTT   1   1   1   1   1   1 | Pro CCT   0   0   0   0   0   0 | His CAT   0   0   0   0   0   0 | Arg CGT   1   1   1   1   1   1
    CTC   0   0   0   0   0   0 |     CCC   1   1   1   1   1   1 |     CAC   1   1   1   1   1   1 |     CGC   0   0   0   0   0   1
    CTA   0   0   0   0   0   0 |     CCA   0   0   0   0   0   0 | Gln CAA   0   0   0   0   0   0 |     CGA   0   0   0   0   0   0
    CTG   2   2   2   2   2   2 |     CCG   0   0   0   0   0   0 |     CAG   2   2   2   2   2   2 |     CGG   3   3   3   3   3   2
--------------------------------------------------------------------------------------------------------------------------------------
Ile ATT   0   0   0   0   0   0 | Thr ACT   1   1   1   1   1   1 | Asn AAT   3   3   3   3   3   3 | Ser AGT   0   0   0   0   0   0
    ATC   0   0   0   0   0   0 |     ACC   0   0   0   0   0   0 |     AAC   0   0   0   0   0   0 |     AGC   0   0   0   0   0   0
    ATA   0   0   0   0   0   0 |     ACA   0   0   0   0   0   0 | Lys AAA   0   0   0   0   0   0 | Arg AGA   1   1   1   1   1   1
Met ATG   1   1   1   1   1   1 |     ACG   0   0   0   0   0   0 |     AAG   2   2   2   2   2   2 |     AGG   0   0   0   0   0   0
--------------------------------------------------------------------------------------------------------------------------------------
Val GTT   0   0   0   0   0   0 | Ala GCT   1   1   1   1   1   1 | Asp GAT   0   0   0   0   0   0 | Gly GGT   0   0   0   0   0   0
    GTC   0   0   0   0   0   0 |     GCC   0   0   0   0   0   0 |     GAC   1   1   1   1   1   1 |     GGC   0   0   0   0   0   0
    GTA   0   0   0   0   0   0 |     GCA   1   1   1   1   1   1 | Glu GAA   0   0   0   0   0   0 |     GGA   0   0   0   0   0   0
    GTG   1   1   1   1   1   1 |     GCG   1   1   1   1   1   1 |     GAG   0   0   0   0   0   0 |     GGG   0   0   0   0   0   0
--------------------------------------------------------------------------------------------------------------------------------------

--------------------------------------------------------------------------------------------------------------------------------------
Phe TTT   1   1   1   1   1   1 | Ser TCT   0   0   0   0   0   0 | Tyr TAT   0   0   0   0   0   0 | Cys TGT   0   0   0   0   0   0
    TTC   0   0   0   0   0   0 |     TCC   0   0   0   0   0   0 |     TAC   0   0   0   0   0   0 |     TGC   0   0   0   0   0   0
Leu TTA   0   0   0   0   0   0 |     TCA   1   1   1   1   1   1 | *** TAA   0   0   0   0   0   0 | *** TGA   0   0   0   0   0   0
    TTG   0   1   0   0   0   0 |     TCG   0   0   0   0   0   0 |     TAG   0   0   0   0   0   0 | Trp TGG   1   1   1   1   1   1
--------------------------------------------------------------------------------------------------------------------------------------
Leu CTT   1   1   1   1   1   1 | Pro CCT   0   0   0   0   0   0 | His CAT   0   0   0   0   0   0 | Arg CGT   1   1   1   1   1   1
    CTC   0   0   0   0   0   0 |     CCC   1   1   1   1   1   1 |     CAC   1   1   1   1   1   1 |     CGC   0   0   0   0   0   0
    CTA   0   0   0   0   0   0 |     CCA   0   0   0   0   0   0 | Gln CAA   0   0   0   0   0   0 |     CGA   1   0   1   1   0   0
    CTG   2   1   2   2   2   2 |     CCG   0   0   0   0   0   0 |     CAG   2   2   2   2   2   2 |     CGG   2   3   2   2   3   3
--------------------------------------------------------------------------------------------------------------------------------------
Ile ATT   0   0   0   0   0   0 | Thr ACT   1   1   1   1   1   1 | Asn AAT   3   3   3   3   3   3 | Ser AGT   0   0   0   0   0   0
    ATC   0   0   0   0   0   0 |     ACC   0   0   0   0   0   0 |     AAC   0   0   0   0   0   0 |     AGC   0   0   0   0   0   0
    ATA   0   0   0   0   0   0 |     ACA   0   0   0   0   0   0 | Lys AAA   0   0   0   0   0   0 | Arg AGA   1   1   1   1   1   1
Met ATG   1   1   1   1   1   1 |     ACG   0   0   0   0   0   0 |     AAG   2   2   2   2   2   2 |     AGG   0   0   0   0   0   0
--------------------------------------------------------------------------------------------------------------------------------------
Val GTT   0   0   0   0   0   0 | Ala GCT   1   1   1   1   1   1 | Asp GAT   0   0   0   0   0   0 | Gly GGT   0   0   0   0   0   0
    GTC   0   0   0   0   0   0 |     GCC   0   0   0   0   0   0 |     GAC   1   1   1   1   1   1 |     GGC   0   0   0   0   0   0
    GTA   0   0   0   0   0   0 |     GCA   1   1   1   1   1   1 | Glu GAA   0   0   0   0   0   0 |     GGA   0   0   0   0   0   0
    GTG   1   1   1   1   1   1 |     GCG   1   1   1   1   1   1 |     GAG   0   0   0   0   0   0 |     GGG   0   0   0   0   0   0
--------------------------------------------------------------------------------------------------------------------------------------

--------------------------------------------------------------------------------------------------------------------------------------
Phe TTT   1   1   1   1   1   1 | Ser TCT   0   0   0   0   0   0 | Tyr TAT   0   0   0   0   0   0 | Cys TGT   0   0   0   0   0   0
    TTC   0   0   0   0   0   0 |     TCC   0   0   0   0   0   0 |     TAC   0   0   0   0   0   0 |     TGC   0   0   0   0   0   0
Leu TTA   0   0   0   0   0   0 |     TCA   1   1   1   1   1   1 | *** TAA   0   0   0   0   0   0 | *** TGA   0   0   0   0   0   0
    TTG   0   0   0   0   0   0 |     TCG   0   0   0   0   0   0 |     TAG   0   0   0   0   0   0 | Trp TGG   1   1   1   1   1   1
--------------------------------------------------------------------------------------------------------------------------------------
Leu CTT   1   1   1   1   1   1 | Pro CCT   0   0   0   0   0   0 | His CAT   0   0   0   0   0   0 | Arg CGT   1   1   1   1   1   1
    CTC   0   0   0   0   0   0 |     CCC   1   1   1   1   1   1 |     CAC   1   1   1   1   1   1 |     CGC   0   0   0   0   0   0
    CTA   0   0   0   0   0   0 |     CCA   0   0   0   0   0   0 | Gln CAA   0   0   0   0   0   0 |     CGA   0   0   0   0   0   0
    CTG   2   2   2   2   2   2 |     CCG   0   0   0   0   0   0 |     CAG   2   2   2   2   2   2 |     CGG   3   3   3   3   3   3
--------------------------------------------------------------------------------------------------------------------------------------
Ile ATT   0   0   0   0   0   0 | Thr ACT   1   1   1   1   1   1 | Asn AAT   3   3   3   3   3   3 | Ser AGT   0   0   0   0   0   0
    ATC   0   0   0   0   0   0 |     ACC   0   0   0   0   0   0 |     AAC   0   0   0   0   0   0 |     AGC   0   0   0   0   0   0
    ATA   0   0   0   0   0   0 |     ACA   0   0   0   0   0   0 | Lys AAA   0   0   0   0   0   0 | Arg AGA   1   1   1   1   1   1
Met ATG   1   1   1   1   1   1 |     ACG   0   0   0   0   0   0 |     AAG   2   2   2   2   2   2 |     AGG   0   0   0   0   0   0
--------------------------------------------------------------------------------------------------------------------------------------
Val GTT   0   0   0   0   0   0 | Ala GCT   1   1   1   1   1   1 | Asp GAT   0   0   0   0   0   0 | Gly GGT   0   0   0   0   0   0
    GTC   0   0   0   0   0   0 |     GCC   0   0   0   0   0   0 |     GAC   1   1   1   1   1   1 |     GGC   0   0   0   0   0   0
    GTA   0   0   0   0   0   0 |     GCA   1   1   1   1   1   1 | Glu GAA   0   0   0   0   0   0 |     GGA   0   0   0   0   0   0
    GTG   1   1   1   1   1   1 |     GCG   1   1   1   1   1   1 |     GAG   0   0   0   0   0   0 |     GGG   0   0   0   0   0   0
--------------------------------------------------------------------------------------------------------------------------------------

Codon position x base (3x4) table for each sequence.

#1: Argali         
position  1:    T:0.11111    C:0.40741    A:0.29630    G:0.18519
position  2:    T:0.22222    C:0.22222    A:0.33333    G:0.22222
position  3:    T:0.29630    C:0.11111    A:0.11111    G:0.48148
Average         T:0.20988    C:0.24691    A:0.24691    G:0.29630

#2: LesserMouseDeer
position  1:    T:0.11111    C:0.40741    A:0.29630    G:0.18519
position  2:    T:0.22222    C:0.22222    A:0.33333    G:0.22222
position  3:    T:0.29630    C:0.14815    A:0.07407    G:0.48148
Average         T:0.20988    C:0.25926    A:0.23457    G:0.29630

#3: LesserKudu     
position  1:    T:0.11111    C:0.40741    A:0.29630    G:0.18519
position  2:    T:0.22222    C:0.22222    A:0.33333    G:0.22222
position  3:    T:0.29630    C:0.11111    A:0.11111    G:0.48148
Average         T:0.20988    C:0.24691    A:0.24691    G:0.29630

#4: ForestMuskDeer2
position  1:    T:0.11111    C:0.40741    A:0.29630    G:0.18519
position  2:    T:0.22222    C:0.22222    A:0.33333    G:0.22222
position  3:    T:0.29630    C:0.11111    A:0.11111    G:0.48148
Average         T:0.20988    C:0.24691    A:0.24691    G:0.29630

#5: Camel          
position  1:    T:0.11111    C:0.37037    A:0.33333    G:0.18519
position  2:    T:0.22222    C:0.22222    A:0.33333    G:0.22222
position  3:    T:0.25926    C:0.14815    A:0.18519    G:0.40741
Average         T:0.19753    C:0.24691    A:0.28395    G:0.27160

#6: KillerWhale    
position  1:    T:0.11111    C:0.37037    A:0.33333    G:0.18519
position  2:    T:0.22222    C:0.22222    A:0.33333    G:0.22222
position  3:    T:0.29630    C:0.14815    A:0.11111    G:0.44444
Average         T:0.20988    C:0.24691    A:0.25926    G:0.28395

#7: DefassaWaterbuck
position  1:    T:0.11111    C:0.40741    A:0.29630    G:0.18519
position  2:    T:0.22222    C:0.22222    A:0.33333    G:0.22222
position  3:    T:0.33333    C:0.11111    A:0.11111    G:0.44444
Average         T:0.22222    C:0.24691    A:0.24691    G:0.28395

#8: Sheep          
position  1:    T:0.11111    C:0.40741    A:0.29630    G:0.18519
position  2:    T:0.22222    C:0.22222    A:0.33333    G:0.22222
position  3:    T:0.29630    C:0.11111    A:0.11111    G:0.48148
Average         T:0.20988    C:0.24691    A:0.24691    G:0.29630

#9: MaxwellsDuiker 
position  1:    T:0.11111    C:0.40741    A:0.29630    G:0.18519
position  2:    T:0.22222    C:0.22222    A:0.33333    G:0.22222
position  3:    T:0.29630    C:0.11111    A:0.11111    G:0.48148
Average         T:0.20988    C:0.24691    A:0.24691    G:0.29630

#10: GazellaPrzewalskyi
position  1:    T:0.11111    C:0.40741    A:0.29630    G:0.18519
position  2:    T:0.22222    C:0.22222    A:0.33333    G:0.22222
position  3:    T:0.29630    C:0.11111    A:0.11111    G:0.48148
Average         T:0.20988    C:0.24691    A:0.24691    G:0.29630

#11: MountainNyala  
position  1:    T:0.11111    C:0.40741    A:0.29630    G:0.18519
position  2:    T:0.22222    C:0.22222    A:0.33333    G:0.22222
position  3:    T:0.29630    C:0.11111    A:0.11111    G:0.48148
Average         T:0.20988    C:0.24691    A:0.24691    G:0.29630

#12: MuntiacusMuntjak
position  1:    T:0.11111    C:0.40741    A:0.29630    G:0.18519
position  2:    T:0.22222    C:0.22222    A:0.33333    G:0.22222
position  3:    T:0.29630    C:0.11111    A:0.14815    G:0.44444
Average         T:0.20988    C:0.24691    A:0.25926    G:0.28395

#13: goat           
position  1:    T:0.11111    C:0.40741    A:0.29630    G:0.18519
position  2:    T:0.22222    C:0.22222    A:0.33333    G:0.22222
position  3:    T:0.29630    C:0.11111    A:0.11111    G:0.48148
Average         T:0.20988    C:0.24691    A:0.24691    G:0.29630

#14: AfricanBuffalo 
position  1:    T:0.11111    C:0.40741    A:0.29630    G:0.18519
position  2:    T:0.22222    C:0.22222    A:0.33333    G:0.22222
position  3:    T:0.29630    C:0.11111    A:0.11111    G:0.48148
Average         T:0.20988    C:0.24691    A:0.24691    G:0.29630

#15: Topi           
position  1:    T:0.11111    C:0.40741    A:0.29630    G:0.18519
position  2:    T:0.22222    C:0.22222    A:0.33333    G:0.22222
position  3:    T:0.29630    C:0.11111    A:0.11111    G:0.48148
Average         T:0.20988    C:0.24691    A:0.24691    G:0.29630

#16: CommonDuiker   
position  1:    T:0.11111    C:0.40741    A:0.29630    G:0.18519
position  2:    T:0.22222    C:0.22222    A:0.33333    G:0.22222
position  3:    T:0.29630    C:0.11111    A:0.11111    G:0.48148
Average         T:0.20988    C:0.24691    A:0.24691    G:0.29630

#17: Suni           
position  1:    T:0.11111    C:0.40741    A:0.29630    G:0.18519
position  2:    T:0.22222    C:0.22222    A:0.33333    G:0.22222
position  3:    T:0.29630    C:0.11111    A:0.11111    G:0.48148
Average         T:0.20988    C:0.24691    A:0.24691    G:0.29630

#18: Springbuck     
position  1:    T:0.14815    C:0.37037    A:0.29630    G:0.18519
position  2:    T:0.22222    C:0.22222    A:0.33333    G:0.22222
position  3:    T:0.29630    C:0.11111    A:0.11111    G:0.48148
Average         T:0.22222    C:0.23457    A:0.24691    G:0.29630

#19: Okapi          
position  1:    T:0.11111    C:0.40741    A:0.29630    G:0.18519
position  2:    T:0.22222    C:0.22222    A:0.33333    G:0.22222
position  3:    T:0.29630    C:0.11111    A:0.11111    G:0.48148
Average         T:0.20988    C:0.24691    A:0.24691    G:0.29630

#20: Giraffe        
position  1:    T:0.11111    C:0.40741    A:0.29630    G:0.18519
position  2:    T:0.22222    C:0.22222    A:0.33333    G:0.22222
position  3:    T:0.29630    C:0.11111    A:0.11111    G:0.48148
Average         T:0.20988    C:0.24691    A:0.24691    G:0.29630

#21: TibetanAntelope
position  1:    T:0.11111    C:0.40741    A:0.29630    G:0.18519
position  2:    T:0.22222    C:0.22222    A:0.33333    G:0.22222
position  3:    T:0.29630    C:0.11111    A:0.14815    G:0.44444
Average         T:0.20988    C:0.24691    A:0.25926    G:0.28395

#22: Sitatunga      
position  1:    T:0.11111    C:0.40741    A:0.29630    G:0.18519
position  2:    T:0.22222    C:0.22222    A:0.33333    G:0.22222
position  3:    T:0.29630    C:0.11111    A:0.11111    G:0.48148
Average         T:0.20988    C:0.24691    A:0.24691    G:0.29630

#23: Oribi          
position  1:    T:0.11111    C:0.40741    A:0.29630    G:0.18519
position  2:    T:0.22222    C:0.22222    A:0.33333    G:0.22222
position  3:    T:0.29630    C:0.11111    A:0.11111    G:0.48148
Average         T:0.20988    C:0.24691    A:0.24691    G:0.29630

#24: BarbarySheep   
position  1:    T:0.11111    C:0.37037    A:0.33333    G:0.18519
position  2:    T:0.22222    C:0.22222    A:0.33333    G:0.22222
position  3:    T:0.33333    C:0.07407    A:0.11111    G:0.48148
Average         T:0.22222    C:0.22222    A:0.25926    G:0.29630

#25: Daviddeer      
position  1:    T:0.11111    C:0.40741    A:0.29630    G:0.18519
position  2:    T:0.22222    C:0.22222    A:0.33333    G:0.22222
position  3:    T:0.29630    C:0.11111    A:0.14815    G:0.44444
Average         T:0.20988    C:0.24691    A:0.25926    G:0.28395

#26: Reindeer       
position  1:    T:0.11111    C:0.40741    A:0.29630    G:0.18519
position  2:    T:0.22222    C:0.22222    A:0.33333    G:0.22222
position  3:    T:0.29630    C:0.11111    A:0.14815    G:0.44444
Average         T:0.20988    C:0.24691    A:0.25926    G:0.28395

#27: Ibex           
position  1:    T:0.11111    C:0.40741    A:0.29630    G:0.18519
position  2:    T:0.22222    C:0.22222    A:0.33333    G:0.22222
position  3:    T:0.29630    C:0.11111    A:0.11111    G:0.48148
Average         T:0.20988    C:0.24691    A:0.24691    G:0.29630

#28: GyrantGazelle  
position  1:    T:0.14815    C:0.37037    A:0.29630    G:0.18519
position  2:    T:0.22222    C:0.22222    A:0.33333    G:0.22222
position  3:    T:0.29630    C:0.11111    A:0.11111    G:0.48148
Average         T:0.22222    C:0.23457    A:0.24691    G:0.29630

#29: Hartebeest     
position  1:    T:0.11111    C:0.40741    A:0.29630    G:0.18519
position  2:    T:0.22222    C:0.22222    A:0.33333    G:0.22222
position  3:    T:0.29630    C:0.11111    A:0.11111    G:0.48148
Average         T:0.20988    C:0.24691    A:0.24691    G:0.29630

#30: Bongo          
position  1:    T:0.11111    C:0.40741    A:0.29630    G:0.18519
position  2:    T:0.22222    C:0.22222    A:0.33333    G:0.22222
position  3:    T:0.29630    C:0.11111    A:0.11111    G:0.48148
Average         T:0.20988    C:0.24691    A:0.24691    G:0.29630

#31: Gerenuk        
position  1:    T:0.14815    C:0.37037    A:0.29630    G:0.18519
position  2:    T:0.22222    C:0.22222    A:0.33333    G:0.22222
position  3:    T:0.29630    C:0.11111    A:0.11111    G:0.48148
Average         T:0.22222    C:0.23457    A:0.24691    G:0.29630

#32: CommonEland    
position  1:    T:0.11111    C:0.40741    A:0.29630    G:0.18519
position  2:    T:0.22222    C:0.22222    A:0.33333    G:0.22222
position  3:    T:0.29630    C:0.11111    A:0.11111    G:0.48148
Average         T:0.20988    C:0.24691    A:0.24691    G:0.29630

#33: MuntiacusReevesi
position  1:    T:0.11111    C:0.40741    A:0.29630    G:0.18519
position  2:    T:0.14815    C:0.33333    A:0.29630    G:0.22222
position  3:    T:0.29630    C:0.11111    A:0.14815    G:0.44444
Average         T:0.18519    C:0.28395    A:0.24691    G:0.28395

#34: HarveysDuiker  
position  1:    T:0.11111    C:0.40741    A:0.29630    G:0.18519
position  2:    T:0.22222    C:0.22222    A:0.33333    G:0.22222
position  3:    T:0.29630    C:0.11111    A:0.11111    G:0.48148
Average         T:0.20988    C:0.24691    A:0.24691    G:0.29630

#35: Pronghorn      
position  1:    T:0.11111    C:0.40741    A:0.29630    G:0.18519
position  2:    T:0.22222    C:0.22222    A:0.33333    G:0.22222
position  3:    T:0.29630    C:0.14815    A:0.14815    G:0.40741
Average         T:0.20988    C:0.25926    A:0.25926    G:0.27160

#36: BlueWildebeest 
position  1:    T:0.11111    C:0.40741    A:0.29630    G:0.18519
position  2:    T:0.22222    C:0.22222    A:0.33333    G:0.22222
position  3:    T:0.29630    C:0.11111    A:0.11111    G:0.48148
Average         T:0.20988    C:0.24691    A:0.24691    G:0.29630

#37: Gemsbok        
position  1:    T:0.11111    C:0.40741    A:0.29630    G:0.18519
position  2:    T:0.22222    C:0.22222    A:0.33333    G:0.22222
position  3:    T:0.29630    C:0.11111    A:0.11111    G:0.48148
Average         T:0.20988    C:0.24691    A:0.24691    G:0.29630

#38: Yak            
position  1:    T:0.11111    C:0.40741    A:0.29630    G:0.18519
position  2:    T:0.22222    C:0.22222    A:0.33333    G:0.22222
position  3:    T:0.29630    C:0.11111    A:0.11111    G:0.48148
Average         T:0.20988    C:0.24691    A:0.24691    G:0.29630

#39: BlueSheep      
position  1:    T:0.11111    C:0.40741    A:0.29630    G:0.18519
position  2:    T:0.22222    C:0.22222    A:0.33333    G:0.22222
position  3:    T:0.29630    C:0.11111    A:0.11111    G:0.48148
Average         T:0.20988    C:0.24691    A:0.24691    G:0.29630

#40: BohorReedbuck  
position  1:    T:0.11111    C:0.40741    A:0.29630    G:0.18519
position  2:    T:0.22222    C:0.22222    A:0.33333    G:0.22222
position  3:    T:0.29630    C:0.11111    A:0.11111    G:0.48148
Average         T:0.20988    C:0.24691    A:0.24691    G:0.29630

#41: KirksDik       
position  1:    T:0.11111    C:0.40741    A:0.29630    G:0.18519
position  2:    T:0.22222    C:0.22222    A:0.33333    G:0.22222
position  3:    T:0.29630    C:0.11111    A:0.11111    G:0.48148
Average         T:0.20988    C:0.24691    A:0.24691    G:0.29630

#42: RoeDeer        
position  1:    T:0.11111    C:0.40741    A:0.29630    G:0.18519
position  2:    T:0.22222    C:0.22222    A:0.33333    G:0.22222
position  3:    T:0.29630    C:0.14815    A:0.11111    G:0.44444
Average         T:0.20988    C:0.25926    A:0.24691    G:0.28395

#43: WhiteLippedDeer
position  1:    T:0.11111    C:0.40741    A:0.29630    G:0.18519
position  2:    T:0.22222    C:0.22222    A:0.33333    G:0.22222
position  3:    T:0.29630    C:0.11111    A:0.14815    G:0.44444
Average         T:0.20988    C:0.24691    A:0.25926    G:0.28395

#44: ThomsonGazelle 
position  1:    T:0.14815    C:0.37037    A:0.29630    G:0.18519
position  2:    T:0.22222    C:0.22222    A:0.33333    G:0.22222
position  3:    T:0.29630    C:0.11111    A:0.11111    G:0.48148
Average         T:0.22222    C:0.23457    A:0.24691    G:0.29630

#45: MuntiacusCrinifrons
position  1:    T:0.11111    C:0.40741    A:0.29630    G:0.18519
position  2:    T:0.22222    C:0.22222    A:0.33333    G:0.22222
position  3:    T:0.29630    C:0.11111    A:0.14815    G:0.44444
Average         T:0.20988    C:0.24691    A:0.25926    G:0.28395

#46: WhiteTailedDeer
position  1:    T:0.11111    C:0.40741    A:0.29630    G:0.18519
position  2:    T:0.22222    C:0.22222    A:0.33333    G:0.22222
position  3:    T:0.29630    C:0.11111    A:0.14815    G:0.44444
Average         T:0.20988    C:0.24691    A:0.25926    G:0.28395

#47: Cattle         
position  1:    T:0.11111    C:0.40741    A:0.29630    G:0.18519
position  2:    T:0.22222    C:0.22222    A:0.33333    G:0.22222
position  3:    T:0.29630    C:0.11111    A:0.11111    G:0.48148
Average         T:0.20988    C:0.24691    A:0.24691    G:0.29630

#48: RoyalAntelope  
position  1:    T:0.11111    C:0.40741    A:0.29630    G:0.18519
position  2:    T:0.22222    C:0.22222    A:0.33333    G:0.22222
position  3:    T:0.29630    C:0.11111    A:0.11111    G:0.48148
Average         T:0.20988    C:0.24691    A:0.24691    G:0.29630

#49: Steenbok       
position  1:    T:0.11111    C:0.40741    A:0.29630    G:0.18519
position  2:    T:0.22222    C:0.22222    A:0.33333    G:0.22222
position  3:    T:0.29630    C:0.11111    A:0.11111    G:0.48148
Average         T:0.20988    C:0.24691    A:0.24691    G:0.29630

#50: Impala         
position  1:    T:0.11111    C:0.40741    A:0.29630    G:0.18519
position  2:    T:0.22222    C:0.22222    A:0.33333    G:0.22222
position  3:    T:0.29630    C:0.11111    A:0.11111    G:0.48148
Average         T:0.20988    C:0.24691    A:0.24691    G:0.29630

#51: Klipspringer   
position  1:    T:0.11111    C:0.40741    A:0.29630    G:0.18519
position  2:    T:0.22222    C:0.22222    A:0.33333    G:0.22222
