1
52 1
Argali 0.000000 0.249400 0.000000 0.148000 0.000000 0.000000 0.000300 0.052500 0.000000 0.000200 0.000000 0.000000 0.054200 0.000200 0.053300 0.000000 0.000500 0.000200 0.000000 0.000000 0.000200 0.000000 0.000200 0.000200 0.000000 0.051900 0.000000 0.053900 0.000000 0.000200 0.000300 0.000200 0.000300 0.000000 0.053700 0.000000 0.000000 0.000000 0.051300 0.000300 0.053700 0.051900 0.000200 0.000200 0.000000 0.000200 0.050700 0.000200 0.000000 0.115800 0.000000 0.000000
LesserMous 0.249400 0.000000 0.249400 0.403100 0.249400 0.249400 0.250200 0.328700 0.249400 0.251100 0.249400 0.249400 0.310700 0.252000 0.330900 0.249400 0.288400 0.251100 0.249400 0.249400 0.248800 0.249400 0.251100 0.251100 0.249400 0.321400 0.249400 0.338100 0.249400 0.247100 0.242800 0.252000 0.255000 0.249400 0.336500 0.249400 0.249400 0.249400 0.317400 0.253400 0.337500 0.321400 0.251100 0.251100 0.249400 0.251600 0.316200 0.250100 0.249400 0.440700 0.249400 0.249400
LesserKudu 0.000000 0.249400 0.000000 0.148000 0.000000 0.000000 0.000300 0.052500 0.000000 0.000200 0.000000 0.000000 0.054200 0.000200 0.053300 0.000000 0.000500 0.000200 0.000000 0.000000 0.000200 0.000000 0.000200 0.000200 0.000000 0.051900 0.000000 0.050200 0.000000 0.000200 0.000300 0.000200 0.000300 0.000000 0.053700 0.000000 0.000000 0.000000 0.051300 0.000300 0.053700 0.051900 0.000200 0.000200 0.000000 0.000200 0.050700 0.000200 0.000000 0.115800 0.000000 0.000000
KillerWhal 0.148000 0.403100 0.148000 0.000000 0.148000 0.148000 0.147100 0.210100 0.148000 0.110400 0.148000 0.148000 0.225900 0.153400 0.219900 0.148000 0.107900 0.110400 0.148000 0.148000 0.142500 0.148000 0.110400 0.110400 0.148000 0.213400 0.148000 0.225900 0.148000 0.142700 0.111900 0.153400 0.111500 0.148000 0.084500 0.148000 0.148000 0.148000 0.203500 0.110900 0.174300 0.213400 0.110400 0.110400 0.148000 0.143300 0.208100 0.143800 0.148000 0.179800 0.148000 0.148000
DefassaWat 0.000000 0.249400 0.000000 0.148000 0.000000 0.000000 0.000300 0.052500 0.000000 0.000200 0.000000 0.000000 0.054200 0.000200 0.053300 0.000000 0.000500 0.000200 0.000000 0.000000 0.000200 0.000000 0.000200 0.000200 0.000000 0.051900 0.000000 0.053900 0.000000 0.000200 0.000300 0.000200 0.000300 0.000000 0.053700 0.000000 0.000000 0.000000 0.051300 0.000300 0.053700 0.051900 0.000200 0.000200 0.000000 0.000200 0.050700 0.000200 0.000000 0.115800 0.000000 0.000000
Sheep 0.000000 0.249400 0.000000 0.148000 0.000000 0.000000 0.000300 0.052500 0.000000 0.000200 0.000000 0.000000 0.054200 0.000200 0.053300 0.000000 0.000500 0.000200 0.000000 0.000000 0.000200 0.000000 0.000200 0.000200 0.000000 0.051900 0.000000 0.053900 0.000000 0.000200 0.000300 0.000200 0.000300 0.000000 0.053700 0.000000 0.000000 0.000000 0.051300 0.000300 0.053700 0.051900 0.000200 0.000200 0.000000 0.000200 0.050700 0.000200 0.000000 0.115800 0.000000 0.000000
MaxwellsDu 0.000300 0.250200 0.000300 0.147100 0.000300 0.000300 0.000000 0.052300 0.000300 0.000500 0.000300 0.000300 0.054500 0.000200 0.053500 0.000300 0.000900 0.000500 0.000300 0.000300 0.000500 0.000300 0.000500 0.000500 0.000300 0.052000 0.000300 0.054100 0.000300 0.000500 0.000700 0.000200 0.000700 0.000300 0.053900 0.000300 0.000300 0.000300 0.051300 0.000700 0.053800 0.052000 0.000500 0.000500 0.000300 0.000500 0.050900 0.000500 0.000300 0.115800 0.000300 0.000300
GazellaPrz 0.052500 0.328700 0.052500 0.210100 0.052500 0.052500 0.052300 0.000000 0.052500 0.052800 0.052500 0.052500 0.113500 0.052800 0.110300 0.052500 0.051400 0.052800 0.052500 0.052500 0.052300 0.052500 0.052800 0.052800 0.052500 0.108100 0.052500 0.112200 0.052500 0.052100 0.053700 0.052800 0.053200 0.052500 0.111900 0.052500 0.052500 0.052500 0.106100 0.053100 0.111400 0.108100 0.052800 0.052800 0.052500 0.052800 0.105400 0.052500 0.052500 0.180700 0.052500 0.052500
MountainNy 0.000000 0.249400 0.000000 0.148000 0.000000 0.000000 0.000300 0.052500 0.000000 0.000200 0.000000 0.000000 0.054200 0.000200 0.053300 0.000000 0.000500 0.000200 0.000000 0.000000 0.000200 0.000000 0.000200 0.000200 0.000000 0.051900 0.000000 0.053900 0.000000 0.000200 0.000300 0.000200 0.000300 0.000000 0.053700 0.000000 0.000000 0.000000 0.051300 0.000300 0.053700 0.051900 0.000200 0.000200 0.000000 0.000200 0.050700 0.000200 0.000000 0.115800 0.000000 0.000000
MuntiacusM 0.000200 0.251100 0.000200 0.110400 0.000200 0.000200 0.000500 0.052800 0.000200 0.000000 0.000200 0.000200 0.054900 0.000300 0.053600 0.000200 0.000300 0.000000 0.000200 0.000200 0.000300 0.000200 0.000000 0.000000 0.000200 0.052400 0.000200 0.054500 0.000200 0.000300 0.000200 0.000300 0.000300 0.000200 0.054300 0.000200 0.000200 0.000200 0.051600 0.000200 0.054000 0.052400 0.000000 0.000000 0.000200 0.000300 0.051200 0.000300 0.000200 0.116500 0.000200 0.000200
goat 0.000000 0.249400 0.000000 0.148000 0.000000 0.000000 0.000300 0.052500 0.000000 0.000200 0.000000 0.000000 0.054200 0.000200 0.053300 0.000000 0.000500 0.000200 0.000000 0.000000 0.000200 0.000000 0.000200 0.000200 0.000000 0.051900 0.000000 0.053900 0.000000 0.000200 0.000300 0.000200 0.000300 0.000000 0.053700 0.000000 0.000000 0.000000 0.051300 0.000300 0.053700 0.051900 0.000200 0.000200 0.000000 0.000200 0.050700 0.000200 0.000000 0.115800 0.000000 0.000000
AfricanBuf 0.000000 0.249400 0.000000 0.148000 0.000000 0.000000 0.000300 0.052500 0.000000 0.000200 0.000000 0.000000 0.054200 0.000200 0.053300 0.000000 0.000500 0.000200 0.000000 0.000000 0.000200 0.000000 0.000200 0.000200 0.000000 0.051900 0.000000 0.053900 0.000000 0.000200 0.000300 0.000200 0.000300 0.000000 0.053700 0.000000 0.000000 0.000000 0.051300 0.000300 0.053700 0.051900 0.000200 0.000200 0.000000 0.000200 0.050700 0.000200 0.000000 0.115800 0.000000 0.000000
Topi 0.054200 0.310700 0.054200 0.225900 0.054200 0.054200 0.054500 0.113500 0.054200 0.054900 0.054200 0.054200 0.000000 0.054900 0.115000 0.054200 0.054000 0.054900 0.054200 0.054200 0.054400 0.054200 0.054900 0.054900 0.054200 0.111900 0.054200 0.116400 0.054200 0.054100 0.056200 0.054900 0.055500 0.054200 0.116000 0.054200 0.054200 0.054200 0.110200 0.055300 0.116200 0.111900 0.054900 0.054900 0.054200 0.054900 0.108900 0.054400 0.054200 0.120400 0.054200 0.054200
CommonDuik 0.000200 0.252000 0.000200 0.153400 0.000200 0.000200 0.000200 0.052800 0.000200 0.000300 0.000200 0.000200 0.054900 0.000000 0.054000 0.000200 0.000700 0.000300 0.000200 0.000200 0.000300 0.000200 0.000300 0.000300 0.000200 0.052400 0.000200 0.054500 0.000200 0.000300 0.000500 0.000000 0.000500 0.000200 0.054300 0.000200 0.000200 0.000200 0.051700 0.000500 0.054200 0.052400 0.000300 0.000300 0.000200 0.000300 0.051200 0.000300 0.000200 0.116800 0.000200 0.000200
Suni 0.053300 0.330900 0.053300 0.219900 0.053300 0.053300 0.053500 0.110300 0.053300 0.053600 0.053300 0.053300 0.115000 0.054000 0.000000 0.053300 0.052900 0.053600 0.053300 0.053300 0.053200 0.053300 0.053600 0.053600 0.053300 0.109700 0.053300 0.114000 0.053300 0.053300 0.054900 0.054000 0.054300 0.053300 0.113600 0.053300 0.053300 0.053300 0.107500 0.054200 0.053200 0.109700 0.053600 0.053600 0.053300 0.053700 0.106700 0.053200 0.053300 0.183600 0.053300 0.053300
Springbuck 0.000000 0.249400 0.000000 0.148000 0.000000 0.000000 0.000300 0.052500 0.000000 0.000200 0.000000 0.000000 0.054200 0.000200 0.053300 0.000000 0.000500 0.000200 0.000000 0.000000 0.000200 0.000000 0.000200 0.000200 0.000000 0.051900 0.000000 0.053900 0.000000 0.000200 0.000300 0.000200 0.000300 0.000000 0.053700 0.000000 0.000000 0.000000 0.051300 0.000300 0.053700 0.051900 0.000200 0.000200 0.000000 0.000200 0.050700 0.000200 0.000000 0.115800 0.000000 0.000000
Okapi 0.000500 0.288400 0.000500 0.107900 0.000500 0.000500 0.000900 0.051400 0.000500 0.000300 0.000500 0.000500 0.054000 0.000700 0.052900 0.000500 0.000000 0.000300 0.000500 0.000500 0.000700 0.000500 0.000300 0.000300 0.000500 0.051300 0.000500 0.053500 0.000500 0.000700 0.000500 0.000700 0.000700 0.000500 0.053300 0.000500 0.000500 0.000500 0.050700 0.000500 0.053300 0.051300 0.000300 0.000300 0.000500 0.000700 0.050400 0.000700 0.000500 0.114900 0.000500 0.000500
Giraffe 0.000200 0.251100 0.000200 0.110400 0.000200 0.000200 0.000500 0.052800 0.000200 0.000000 0.000200 0.000200 0.054900 0.000300 0.053600 0.000200 0.000300 0.000000 0.000200 0.000200 0.000300 0.000200 0.000000 0.000000 0.000200 0.052400 0.000200 0.054500 0.000200 0.000300 0.000200 0.000300 0.000300 0.000200 0.054300 0.000200 0.000200 0.000200 0.051600 0.000200 0.054000 0.052400 0.000000 0.000000 0.000200 0.000300 0.051200 0.000300 0.000200 0.116500 0.000200 0.000200
TibetanAnt 0.000000 0.249400 0.000000 0.148000 0.000000 0.000000 0.000300 0.052500 0.000000 0.000200 0.000000 0.000000 0.054200 0.000200 0.053300 0.000000 0.000500 0.000200 0.000000 0.000000 0.000200 0.000000 0.000200 0.000200 0.000000 0.051900 0.000000 0.053900 0.000000 0.000200 0.000300 0.000200 0.000300 0.000000 0.053700 0.000000 0.000000 0.000000 0.051300 0.000300 0.053700 0.051900 0.000200 0.000200 0.000000 0.000200 0.050700 0.000200 0.000000 0.115800 0.000000 0.000000
Sitatunga 0.000000 0.249400 0.000000 0.148000 0.000000 0.000000 0.000300 0.052500 0.000000 0.000200 0.000000 0.000000 0.054200 0.000200 0.053300 0.000000 0.000500 0.000200 0.000000 0.000000 0.000200 0.000000 0.000200 0.000200 0.000000 0.051900 0.000000 0.053900 0.000000 0.000200 0.000300 0.000200 0.000300 0.000000 0.053700 0.000000 0.000000 0.000000 0.051300 0.000300 0.053700 0.051900 0.000200 0.000200 0.000000 0.000200 0.050700 0.000200 0.000000 0.115800 0.000000 0.000000
Oribi 0.000200 0.248800 0.000200 0.142500 0.000200 0.000200 0.000500 0.052300 0.000200 0.000300 0.000200 0.000200 0.054400 0.000300 0.053200 0.000200 0.000700 0.000300 0.000200 0.000200 0.000000 0.000200 0.000300 0.000300 0.000200 0.051800 0.000200 0.053800 0.000200 0.000300 0.000500 0.000300 0.000500 0.000200 0.053700 0.000200 0.000200 0.000200 0.051100 0.000500 0.053700 0.051800 0.000300 0.000300 0.000200 0.000300 0.050700 0.000300 0.000200 0.115400 0.000200 0.000200
BarbaryShe 0.000000 0.249400 0.000000 0.148000 0.000000 0.000000 0.000300 0.052500 0.000000 0.000200 0.000000 0.000000 0.054200 0.000200 0.053300 0.000000 0.000500 0.000200 0.000000 0.000000 0.000200 0.000000 0.000200 0.000200 0.000000 0.051900 0.000000 0.050400 0.000000 0.000200 0.000300 0.000200 0.000300 0.000000 0.053700 0.000000 0.000000 0.000000 0.051300 0.000300 0.053700 0.051900 0.000200 0.000200 0.000000 0.000200 0.050700 0.000200 0.000000 0.115800 0.000000 0.000000
Daviddeer 0.000200 0.251100 0.000200 0.110400 0.000200 0.000200 0.000500 0.052800 0.000200 0.000000 0.000200 0.000200 0.054900 0.000300 0.053600 0.000200 0.000300 0.000000 0.000200 0.000200 0.000300 0.000200 0.000000 0.000000 0.000200 0.052400 0.000200 0.054500 0.000200 0.000300 0.000200 0.000300 0.000300 0.000200 0.054300 0.000200 0.000200 0.000200 0.051600 0.000200 0.054000 0.052400 0.000000 0.000000 0.000200 0.000300 0.051200 0.000300 0.000200 0.116500 0.000200 0.000200
Reindeer 0.000200 0.251100 0.000200 0.110400 0.000200 0.000200 0.000500 0.052800 0.000200 0.000000 0.000200 0.000200 0.054900 0.000300 0.053600 0.000200 0.000300 0.000000 0.000200 0.000200 0.000300 0.000200 0.000000 0.000000 0.000200 0.052400 0.000200 0.054500 0.000200 0.000300 0.000200 0.000300 0.000300 0.000200 0.054300 0.000200 0.000200 0.000200 0.051600 0.000200 0.053800 0.052400 0.000000 0.000000 0.000200 0.000300 0.051200 0.000300 0.000200 0.116500 0.000200 0.000200
Ibex 0.000000 0.249400 0.000000 0.148000 0.000000 0.000000 0.000300 0.052500 0.000000 0.000200 0.000000 0.000000 0.054200 0.000200 0.053300 0.000000 0.000500 0.000200 0.000000 0.000000 0.000200 0.000000 0.000200 0.000200 0.000000 0.050800 0.000000 0.053900 0.000000 0.000200 0.000300 0.000200 0.000300 0.000000 0.053700 0.000000 0.000000 0.000000 0.051300 0.000300 0.053700 0.051900 0.000200 0.000200 0.000000 0.000200 0.050700 0.000200 0.000000 0.115800 0.000000 0.000000
GyrantGaze 0.051900 0.321400 0.051900 0.213400 0.051900 0.051900 0.052000 0.108100 0.051900 0.052400 0.051900 0.051900 0.111900 0.052400 0.109700 0.051900 0.051300 0.052400 0.051900 0.051900 0.051800 0.051900 0.052400 0.052400 0.050800 0.000000 0.051900 0.110800 0.051900 0.051900 0.053400 0.052400 0.052900 0.051900 0.110300 0.051900 0.051900 0.051900 0.105200 0.052800 0.110700 0.000000 0.052400 0.052400 0.051900 0.052300 0.104000 0.052100 0.051900 0.178400 0.052000 0.051900
Hartebeest 0.000000 0.249400 0.000000 0.148000 0.000000 0.000000 0.000300 0.052500 0.000000 0.000200 0.000000 0.000000 0.054200 0.000200 0.053300 0.000000 0.000500 0.000200 0.000000 0.000000 0.000200 0.000000 0.000200 0.000200 0.000000 0.051900 0.000000 0.053900 0.000000 0.000200 0.000300 0.000200 0.000300 0.000000 0.053700 0.000000 0.000000 0.000000 0.051300 0.000300 0.053700 0.051900 0.000200 0.000200 0.000000 0.000200 0.050700 0.000200 0.000000 0.115800 0.000000 0.000000
Bongo 0.053900 0.338100 0.050200 0.225900 0.053900 0.053900 0.054100 0.112200 0.053900 0.054500 0.053900 0.053900 0.116400 0.054500 0.114000 0.053900 0.053500 0.054500 0.053900 0.053900 0.053800 0.050400 0.054500 0.054500 0.053900 0.110800 0.053900 0.000000 0.053900 0.053900 0.055600 0.054500 0.055100 0.053900 0.115600 0.053900 0.053900 0.053900 0.108900 0.055100 0.114600 0.110800 0.054500 0.054500 0.053900 0.054300 0.107700 0.054000 0.053900 0.187600 0.053900 0.053900
Gerenuk 0.000000 0.249400 0.000000 0.148000 0.000000 0.000000 0.000300 0.052500 0.000000 0.000200 0.000000 0.000000 0.054200 0.000200 0.053300 0.000000 0.000500 0.000200 0.000000 0.000000 0.000200 0.000000 0.000200 0.000200 0.000000 0.051900 0.000000 0.053900 0.000000 0.000200 0.000300 0.000200 0.000300 0.000000 0.053700 0.000000 0.000000 0.000000 0.051300 0.000300 0.053700 0.051900 0.000200 0.000200 0.000000 0.000200 0.050700 0.000200 0.000000 0.115800 0.000000 0.000000
CommonElan 0.000200 0.247100 0.000200 0.142700 0.000200 0.000200 0.000500 0.052100 0.000200 0.000300 0.000200 0.000200 0.054100 0.000300 0.053300 0.000200 0.000700 0.000300 0.000200 0.000200 0.000300 0.000200 0.000300 0.000300 0.000200 0.051900 0.000200 0.053900 0.000200 0.000000 0.000500 0.000300 0.000500 0.000200 0.053700 0.000200 0.000200 0.000200 0.051100 0.000500 0.054100 0.051900 0.000300 0.000300 0.000200 0.000300 0.050700 0.000300 0.000200 0.115300 0.000200 0.000200
MuntiacusR 0.000300 0.242800 0.000300 0.111900 0.000300 0.000300 0.000700 0.053700 0.000300 0.000200 0.000300 0.000300 0.056200 0.000500 0.054900 0.000300 0.000500 0.000200 0.000300 0.000300 0.000500 0.000300 0.000200 0.000200 0.000300 0.053400 0.000300 0.055600 0.000300 0.000500 0.000000 0.000500 0.000500 0.000300 0.055400 0.000300 0.000300 0.000300 0.053000 0.000300 0.055600 0.053400 0.000200 0.000200 0.000300 0.000500 0.052700 0.000500 0.000300 0.119700 0.000300 0.000300
HarveysDui 0.000200 0.252000 0.000200 0.153400 0.000200 0.000200 0.000200 0.052800 0.000200 0.000300 0.000200 0.000200 0.054900 0.000000 0.054000 0.000200 0.000700 0.000300 0.000200 0.000200 0.000300 0.000200 0.000300 0.000300 0.000200 0.052400 0.000200 0.054500 0.000200 0.000300 0.000500 0.000000 0.000500 0.000200 0.054300 0.000200 0.000200 0.000200 0.051700 0.000500 0.054200 0.052400 0.000300 0.000300 0.000200 0.000300 0.051200 0.000300 0.000200 0.116800 0.000200 0.000200
Pronghorn 0.000300 0.255000 0.000300 0.111500 0.000300 0.000300 0.000700 0.053200 0.000300 0.000300 0.000300 0.000300 0.055500 0.000500 0.054300 0.000300 0.000700 0.000300 0.000300 0.000300 0.000500 0.000300 0.000300 0.000300 0.000300 0.052900 0.000300 0.055100 0.000300 0.000500 0.000500 0.000500 0.000000 0.000300 0.054900 0.000300 0.000300 0.000300 0.052200 0.000500 0.054800 0.052900 0.000300 0.000300 0.000300 0.000500 0.051800 0.000500 0.000300 0.118500 0.000300 0.000300
BlueWildeb 0.000000 0.249400 0.000000 0.148000 0.000000 0.000000 0.000300 0.052500 0.000000 0.000200 0.000000 0.000000 0.054200 0.000200 0.053300 0.000000 0.000500 0.000200 0.000000 0.000000 0.000200 0.000000 0.000200 0.000200 0.000000 0.051900 0.000000 0.053900 0.000000 0.000200 0.000300 0.000200 0.000300 0.000000 0.053700 0.000000 0.000000 0.000000 0.051300 0.000300 0.053700 0.051900 0.000200 0.000200 0.000000 0.000200 0.050700 0.000200 0.000000 0.115800 0.000000 0.000000
Gemsbok 0.053700 0.336500 0.053700 0.084500 0.053700 0.053700 0.053900 0.111900 0.053700 0.054300 0.053700 0.053700 0.116000 0.054300 0.113600 0.053700 0.053300 0.054300 0.053700 0.053700 0.053700 0.053700 0.054300 0.054300 0.053700 0.110300 0.053700 0.115600 0.053700 0.053700 0.055400 0.054300 0.054900 0.053700 0.000000 0.053700 0.053700 0.053700 0.108600 0.054900 0.114300 0.110300 0.054300 0.054300 0.053700 0.054200 0.107400 0.053800 0.053700 0.118800 0.053700 0.053700
Yak 0.000000 0.249400 0.000000 0.148000 0.000000 0.000000 0.000300 0.052500 0.000000 0.000200 0.000000 0.000000 0.054200 0.000200 0.053300 0.000000 0.000500 0.000200 0.000000 0.000000 0.000200 0.000000 0.000200 0.000200 0.000000 0.051900 0.000000 0.053900 0.000000 0.000200 0.000300 0.000200 0.000300 0.000000 0.053700 0.000000 0.000000 0.000000 0.051300 0.000300 0.053700 0.051900 0.000200 0.000200 0.000000 0.000200 0.050700 0.000200 0.000000 0.115800 0.000000 0.000000
BlueSheep 0.000000 0.249400 0.000000 0.148000 0.000000 0.000000 0.000300 0.052500 0.000000 0.000200 0.000000 0.000000 0.054200 0.000200 0.053300 0.000000 0.000500 0.000200 0.000000 0.000000 0.000200 0.000000 0.000200 0.000200 0.000000 0.051900 0.000000 0.053900 0.000000 0.000200 0.000300 0.000200 0.000300 0.000000 0.053700 0.000000 0.000000 0.000000 0.051300 0.000300 0.053700 0.051900 0.000200 0.000200 0.000000 0.000200 0.050700 0.000200 0.000000 0.115800 0.000000 0.000000
BohorReedb 0.000000 0.249400 0.000000 0.148000 0.000000 0.000000 0.000300 0.052500 0.000000 0.000200 0.000000 0.000000 0.054200 0.000200 0.053300 0.000000 0.000500 0.000200 0.000000 0.000000 0.000200 0.000000 0.000200 0.000200 0.000000 0.051900 0.000000 0.053900 0.000000 0.000200 0.000300 0.000200 0.000300 0.000000 0.053700 0.000000 0.000000 0.000000 0.051300 0.000300 0.053700 0.051900 0.000200 0.000200 0.000000 0.000200 0.050700 0.000200 0.000000 0.115800 0.000000 0.000000
KirksDik 0.051300 0.317400 0.051300 0.203500 0.051300 0.051300 0.051300 0.106100 0.051300 0.051600 0.051300 0.051300 0.110200 0.051700 0.107500 0.051300 0.050700 0.051600 0.051300 0.051300 0.051100 0.051300 0.051600 0.051600 0.051300 0.105200 0.051300 0.108900 0.051300 0.051100 0.053000 0.051700 0.052200 0.051300 0.108600 0.051300 0.051300 0.051300 0.000000 0.052100 0.109000 0.105200 0.051600 0.051600 0.051300 0.051500 0.000200 0.051300 0.051300 0.176000 0.051300 0.051300
RoeDeer 0.000300 0.253400 0.000300 0.110900 0.000300 0.000300 0.000700 0.053100 0.000300 0.000200 0.000300 0.000300 0.055300 0.000500 0.054200 0.000300 0.000500 0.000200 0.000300 0.000300 0.000500 0.000300 0.000200 0.000200 0.000300 0.052800 0.000300 0.055100 0.000300 0.000500 0.000300 0.000500 0.000500 0.000300 0.054900 0.000300 0.000300 0.000300 0.052100 0.000000 0.054600 0.052800 0.000200 0.000200 0.000300 0.000500 0.051700 0.000500 0.000300 0.118100 0.000300 0.000300
WhiteLippe 0.053700 0.337500 0.053700 0.174300 0.053700 0.053700 0.053800 0.111400 0.053700 0.054000 0.053700 0.053700 0.116200 0.054200 0.053200 0.053700 0.053300 0.054000 0.053700 0.053700 0.053700 0.053700 0.054000 0.053800 0.053700 0.110700 0.053700 0.114600 0.053700 0.054100 0.055600 0.054200 0.054800 0.053700 0.114300 0.053700 0.053700 0.053700 0.109000 0.054600 0.000000 0.110700 0.054000 0.054000 0.053700 0.054100 0.108100 0.053700 0.053700 0.185500 0.053700 0.053700
ThomsonGaz 0.051900 0.321400 0.051900 0.213400 0.051900 0.051900 0.052000 0.108100 0.051900 0.052400 0.051900 0.051900 0.111900 0.052400 0.109700 0.051900 0.051300 0.052400 0.051900 0.051900 0.051800 0.051900 0.052400 0.052400 0.051900 0.000000 0.051900 0.110800 0.051900 0.051900 0.053400 0.052400 0.052900 0.051900 0.110300 0.051900 0.051900 0.051900 0.105200 0.052800 0.110700 0.000000 0.052400 0.052400 0.051900 0.052300 0.104000 0.052100 0.051900 0.178400 0.051900 0.051900
MuntiacusC 0.000200 0.251100 0.000200 0.110400 0.000200 0.000200 0.000500 0.052800 0.000200 0.000000 0.000200 0.000200 0.054900 0.000300 0.053600 0.000200 0.000300 0.000000 0.000200 0.000200 0.000300 0.000200 0.000000 0.000000 0.000200 0.052400 0.000200 0.054500 0.000200 0.000300 0.000200 0.000300 0.000300 0.000200 0.054300 0.000200 0.000200 0.000200 0.051600 0.000200 0.054000 0.052400 0.000000 0.000000 0.000200 0.000300 0.051200 0.000300 0.000200 0.116500 0.000200 0.000200
WhiteTaile 0.000200 0.251100 0.000200 0.110400 0.000200 0.000200 0.000500 0.052800 0.000200 0.000000 0.000200 0.000200 0.054900 0.000300 0.053600 0.000200 0.000300 0.000000 0.000200 0.000200 0.000300 0.000200 0.000000 0.000000 0.000200 0.052400 0.000200 0.054500 0.000200 0.000300 0.000200 0.000300 0.000300 0.000200 0.054300 0.000200 0.000200 0.000200 0.051600 0.000200 0.054000 0.052400 0.000000 0.000000 0.000200 0.000300 0.051200 0.000300 0.000200 0.116500 0.000200 0.000200
Cattle 0.000000 0.249400 0.000000 0.148000 0.000000 0.000000 0.000300 0.052500 0.000000 0.000200 0.000000 0.000000 0.054200 0.000200 0.053300 0.000000 0.000500 0.000200 0.000000 0.000000 0.000200 0.000000 0.000200 0.000200 0.000000 0.051900 0.000000 0.053900 0.000000 0.000200 0.000300 0.000200 0.000300 0.000000 0.053700 0.000000 0.000000 0.000000 0.051300 0.000300 0.053700 0.051900 0.000200 0.000200 0.000000 0.000200 0.050300 0.000200 0.000000 0.115800 0.000000 0.000000
RoyalAntel 0.000200 0.251600 0.000200 0.143300 0.000200 0.000200 0.000500 0.052800 0.000200 0.000300 0.000200 0.000200 0.054900 0.000300 0.053700 0.000200 0.000700 0.000300 0.000200 0.000200 0.000300 0.000200 0.000300 0.000300 0.000200 0.052300 0.000200 0.054300 0.000200 0.000300 0.000500 0.000300 0.000500 0.000200 0.054200 0.000200 0.000200 0.000200 0.051500 0.000500 0.054100 0.052300 0.000300 0.000300 0.000200 0.000000 0.051100 0.000300 0.000200 0.116600 0.000200 0.000200
Steenbok 0.050700 0.316200 0.050700 0.208100 0.050700 0.050700 0.050900 0.105400 0.050700 0.051200 0.050700 0.050700 0.108900 0.051200 0.106700 0.050700 0.050400 0.051200 0.050700 0.050700 0.050700 0.050700 0.051200 0.051200 0.050700 0.104000 0.050700 0.107700 0.050700 0.050700 0.052700 0.051200 0.051800 0.050700 0.107400 0.050700 0.050700 0.050700 0.000200 0.051700 0.108100 0.104000 0.051200 0.051200 0.050300 0.051100 0.000000 0.050800 0.050700 0.174400 0.050700 0.050700
Impala 0.000200 0.250100 0.000200 0.143800 0.000200 0.000200 0.000500 0.052500 0.000200 0.000300 0.000200 0.000200 0.054400 0.000300 0.053200 0.000200 0.000700 0.000300 0.000200 0.000200 0.000300 0.000200 0.000300 0.000300 0.000200 0.052100 0.000200 0.054000 0.000200 0.000300 0.000500 0.000300 0.000500 0.000200 0.053800 0.000200 0.000200 0.000200 0.051300 0.000500 0.053700 0.052100 0.000300 0.000300 0.000200 0.000300 0.050800 0.000000 0.000200 0.083000 0.000200 0.000200
Klipspring 0.000000 0.249400 0.000000 0.148000 0.000000 0.000000 0.000300 0.052500 0.000000 0.000200 0.000000 0.000000 0.054200 0.000200 0.053300 0.000000 0.000500 0.000200 0.000000 0.000000 0.000200 0.000000 0.000200 0.000200 0.000000 0.051900 0.000000 0.053900 0.000000 0.000200 0.000300 0.000200 0.000300 0.000000 0.053700 0.000000 0.000000 0.000000 0.051300 0.000300 0.053700 0.051900 0.000200 0.000200 0.000000 0.000200 0.050700 0.000200 0.000000 0.115800 0.000000 0.000000
ForestMusk 0.115800 0.440700 0.115800 0.179800 0.115800 0.115800 0.115800 0.180700 0.115800 0.116500 0.115800 0.115800 0.120400 0.116800 0.183600 0.115800 0.114900 0.116500 0.115800 0.115800 0.115400 0.115800 0.116500 0.116500 0.115800 0.178400 0.115800 0.187600 0.115800 0.115300 0.119700 0.116800 0.118500 0.115800 0.118800 0.115800 0.115800 0.115800 0.176000 0.118100 0.185500 0.178400 0.116500 0.116500 0.115800 0.116600 0.174400 0.083000 0.115800 0.000000 0.115800 0.115800
Bushbuck 0.000000 0.249400 0.000000 0.148000 0.000000 0.000000 0.000300 0.052500 0.000000 0.000200 0.000000 0.000000 0.054200 0.000200 0.053300 0.000000 0.000500 0.000200 0.000000 0.000000 0.000200 0.000000 0.000200 0.000200 0.000000 0.052000 0.000000 0.053900 0.000000 0.000200 0.000300 0.000200 0.000300 0.000000 0.053700 0.000000 0.000000 0.000000 0.051300 0.000300 0.053700 0.051900 0.000200 0.000200 0.000000 0.000200 0.050700 0.000200 0.000000 0.115800 0.000000 0.000000
GreaterKud 0.000000 0.249400 0.000000 0.148000 0.000000 0.000000 0.000300 0.052500 0.000000 0.000200 0.000000 0.000000 0.054200 0.000200 0.053300 0.000000 0.000500 0.000200 0.000000 0.000000 0.000200 0.000000 0.000200 0.000200 0.000000 0.051900 0.000000 0.053900 0.000000 0.000200 0.000300 0.000200 0.000300 0.000000 0.053700 0.000000 0.000000 0.000000 0.051300 0.000300 0.053700 0.051900 0.000200 0.000200 0.000000 0.000200 0.050700 0.000200 0.000000 0.115800 0.000000 0.000000
