1
52 1
Argali 0.000000 0.413000 0.132300 0.274200 0.034800 0.000000 0.157000 0.216900 0.135600 0.174900 0.086100 0.088500 0.086800 0.125000 0.122500 0.135600 0.182700 0.163200 0.062900 0.135300 0.188700 0.061200 0.197100 0.194300 0.074100 0.177300 0.073400 0.174100 0.223900 0.174100 0.173700 0.151500 0.191500 0.085400 0.063600 0.127800 0.073100 0.049800 0.136800 0.172900 0.211400 0.152200 0.174200 0.190000 0.140800 0.086800 0.169800 0.119500 0.110500 0.155000 0.124900 0.110300
LesserMous 0.413000 0.000000 0.384400 0.387300 0.411700 0.413000 0.449900 0.421800 0.395100 0.470000 0.352700 0.328700 0.342600 0.399600 0.428500 0.409100 0.360500 0.409300 0.396200 0.426300 0.361200 0.356300 0.420100 0.413900 0.373500 0.461100 0.337000 0.423500 0.381100 0.389200 0.466300 0.431600 0.429200 0.367900 0.405600 0.342200 0.306800 0.435200 0.378500 0.414600 0.456000 0.434200 0.433300 0.405200 0.324200 0.423200 0.440800 0.406600 0.336600 0.337700 0.384900 0.412200
LesserKudu 0.132300 0.384400 0.000000 0.329200 0.144300 0.132300 0.240300 0.229000 0.066900 0.258300 0.166800 0.145100 0.117900 0.179500 0.151900 0.189300 0.221900 0.244800 0.145600 0.113500 0.214700 0.142800 0.278300 0.276300 0.155900 0.230600 0.128600 0.101000 0.221800 0.101000 0.256600 0.205700 0.217500 0.115800 0.147900 0.183500 0.128700 0.159400 0.190800 0.198400 0.279200 0.206500 0.258800 0.270700 0.196100 0.168600 0.221800 0.191400 0.165300 0.131100 0.079700 0.067100
KillerWhal 0.274200 0.387300 0.329200 0.000000 0.302400 0.274200 0.389200 0.383200 0.336100 0.375200 0.297300 0.289700 0.349300 0.310600 0.306800 0.305000 0.384000 0.350000 0.338700 0.335300 0.304400 0.299900 0.345000 0.339500 0.316700 0.354600 0.296400 0.335800 0.357500 0.350500 0.389000 0.342300 0.371200 0.329100 0.312600 0.334700 0.281500 0.323300 0.339000 0.342000 0.394400 0.327500 0.355900 0.332000 0.349300 0.315800 0.402800 0.332400 0.265400 0.330000 0.327100 0.321800
DefassaWat 0.034800 0.411700 0.144300 0.302400 0.000000 0.035800 0.170000 0.229900 0.148000 0.188300 0.098400 0.101100 0.086400 0.124300 0.134800 0.148000 0.195000 0.175800 0.075400 0.147600 0.201500 0.073400 0.210200 0.207300 0.086400 0.190100 0.073000 0.186700 0.223000 0.186700 0.186900 0.150700 0.204400 0.085000 0.076300 0.140500 0.085200 0.024300 0.149300 0.185400 0.224700 0.165000 0.187500 0.175000 0.153600 0.099100 0.182100 0.132700 0.122800 0.167900 0.124300 0.122500
Sheep 0.000000 0.413000 0.132300 0.274200 0.035800 0.000000 0.157000 0.216900 0.135600 0.174900 0.086100 0.088500 0.086800 0.125000 0.122500 0.135600 0.182700 0.163100 0.062900 0.135300 0.188700 0.061200 0.197100 0.194300 0.074100 0.177300 0.073400 0.174100 0.223900 0.174100 0.173700 0.151500 0.191500 0.085400 0.063600 0.127800 0.073100 0.049800 0.136800 0.172900 0.211400 0.152200 0.174200 0.190000 0.140800 0.086800 0.169800 0.119500 0.110500 0.155000 0.124900 0.110300
MaxwellsDu 0.157000 0.449900 0.240300 0.389200 0.170000 0.157000 0.000000 0.246300 0.246600 0.235200 0.193900 0.170700 0.196600 0.073100 0.149900 0.190100 0.252500 0.220200 0.171900 0.217400 0.217100 0.168000 0.226800 0.223500 0.182400 0.205700 0.179900 0.259200 0.252700 0.259100 0.233500 0.098400 0.249300 0.165500 0.146200 0.212700 0.152500 0.186900 0.164000 0.200700 0.241600 0.180200 0.203900 0.218500 0.226400 0.140600 0.224500 0.177400 0.164600 0.212300 0.236600 0.191100
GazellaPrz 0.216900 0.421800 0.229000 0.383200 0.229900 0.216900 0.246300 0.000000 0.263000 0.295800 0.225100 0.174600 0.199200 0.210700 0.207900 0.091500 0.281000 0.250000 0.232000 0.234500 0.091100 0.199600 0.317000 0.312600 0.214000 0.104300 0.156900 0.219400 0.112400 0.232400 0.326000 0.238300 0.295200 0.183100 0.236000 0.214500 0.183900 0.247800 0.092200 0.315500 0.349400 0.081200 0.327100 0.306000 0.227600 0.172000 0.148400 0.223600 0.182000 0.214000 0.253500 0.208700
MountainNy 0.135600 0.395100 0.066900 0.336100 0.148000 0.135600 0.246600 0.263000 0.000000 0.265100 0.171000 0.135700 0.146800 0.211100 0.181600 0.194000 0.200700 0.222900 0.149400 0.068100 0.247700 0.146400 0.285500 0.283300 0.159900 0.236500 0.157700 0.103200 0.254400 0.103200 0.263300 0.238600 0.234900 0.144200 0.151900 0.174600 0.157900 0.163500 0.195600 0.229600 0.300200 0.211800 0.265700 0.277400 0.187400 0.172900 0.227100 0.182400 0.169400 0.187600 0.034200 0.045400
MuntiacusM 0.174900 0.470000 0.258300 0.375200 0.188300 0.174900 0.235200 0.295800 0.265100 0.000000 0.183300 0.189100 0.185900 0.226800 0.223300 0.236400 0.269000 0.222100 0.161400 0.235200 0.235500 0.186100 0.074000 0.073400 0.171700 0.253300 0.169100 0.278200 0.301000 0.278200 0.024900 0.225600 0.207300 0.182600 0.164300 0.202800 0.198300 0.206100 0.209200 0.119100 0.086800 0.227000 0.025000 0.096700 0.216700 0.157000 0.271100 0.166100 0.181500 0.229100 0.255400 0.236900
goat 0.086100 0.352700 0.166800 0.297300 0.098400 0.086100 0.193900 0.225100 0.171000 0.183300 0.000000 0.098900 0.123400 0.160700 0.158500 0.119400 0.231300 0.200000 0.061100 0.170500 0.157600 0.047500 0.163900 0.161700 0.035400 0.186000 0.083800 0.209700 0.231800 0.182100 0.168500 0.160000 0.199400 0.121300 0.101100 0.124700 0.059000 0.112900 0.120000 0.168100 0.205300 0.161400 0.182400 0.158200 0.110800 0.110600 0.152200 0.101400 0.108500 0.191700 0.160800 0.145600
AfricanBuf 0.088500 0.328700 0.145100 0.289700 0.101100 0.088500 0.170700 0.174600 0.135700 0.189100 0.098900 0.000000 0.100300 0.138000 0.135900 0.148800 0.182500 0.149800 0.102200 0.161700 0.174800 0.074200 0.182500 0.152400 0.087300 0.163400 0.086000 0.215300 0.210000 0.215300 0.187700 0.164800 0.205200 0.124600 0.104000 0.061400 0.086100 0.116100 0.123500 0.186200 0.225700 0.138500 0.188300 0.149100 0.073800 0.100000 0.183000 0.132200 0.123800 0.113100 0.151600 0.136200
Topi 0.086800 0.342600 0.117900 0.349300 0.086400 0.086800 0.196600 0.199200 0.146800 0.185900 0.123400 0.100300 0.000000 0.135900 0.159700 0.146300 0.206200 0.201600 0.100800 0.172700 0.172000 0.098200 0.237000 0.233700 0.111400 0.187900 0.035400 0.185000 0.165000 0.184900 0.214100 0.162300 0.230900 0.047100 0.101900 0.139500 0.084400 0.100700 0.147700 0.183700 0.238000 0.163100 0.214800 0.228600 0.152400 0.098000 0.180000 0.159700 0.121400 0.139100 0.135900 0.147400
CommonDuik 0.125000 0.399600 0.179500 0.310600 0.124300 0.125000 0.073100 0.210700 0.211100 0.226800 0.160700 0.138000 0.135900 0.000000 0.094700 0.157700 0.217700 0.185800 0.138900 0.183700 0.183400 0.135900 0.219100 0.216000 0.149500 0.172200 0.121100 0.223200 0.190700 0.223100 0.225200 0.023000 0.213300 0.108100 0.114200 0.177800 0.121600 0.139500 0.132900 0.168100 0.233400 0.147700 0.196800 0.211400 0.190900 0.110000 0.191200 0.143100 0.133300 0.177400 0.173300 0.158500
Suni 0.122500 0.428500 0.151900 0.306800 0.134800 0.122500 0.149900 0.207900 0.181600 0.223300 0.158500 0.135900 0.159700 0.094700 0.000000 0.155600 0.188100 0.182500 0.136800 0.181200 0.181000 0.133300 0.244300 0.241000 0.146600 0.169800 0.145400 0.193400 0.215100 0.193400 0.221700 0.119500 0.210400 0.157100 0.138300 0.175100 0.144800 0.149900 0.131100 0.192100 0.258700 0.145700 0.222400 0.236000 0.187900 0.082900 0.188800 0.140800 0.156300 0.148100 0.171400 0.130800
Springbuck 0.135600 0.409100 0.189300 0.305000 0.148000 0.135600 0.190100 0.091500 0.194000 0.236400 0.119400 0.148800 0.146300 0.157700 0.155600 0.000000 0.227200 0.223300 0.149400 0.167500 0.044800 0.120700 0.257800 0.254300 0.133800 0.056900 0.106500 0.179400 0.100700 0.192000 0.265000 0.183900 0.251200 0.143900 0.151900 0.188000 0.132100 0.163500 0.045300 0.230900 0.302100 0.034200 0.265900 0.249000 0.200900 0.120500 0.077500 0.182000 0.118000 0.215500 0.184100 0.142900
Okapi 0.182700 0.360500 0.221900 0.384000 0.195000 0.182700 0.252500 0.281000 0.200700 0.269000 0.231300 0.182500 0.206200 0.217700 0.188100 0.227200 0.000000 0.161000 0.210700 0.226700 0.253900 0.205500 0.288900 0.285200 0.219400 0.270100 0.218100 0.239200 0.315500 0.239200 0.267200 0.244700 0.200500 0.229300 0.213000 0.221500 0.216800 0.211300 0.228900 0.209000 0.303200 0.245500 0.268000 0.279600 0.234300 0.205900 0.259700 0.245800 0.255500 0.141100 0.244500 0.201700
Giraffe 0.163200 0.409300 0.244800 0.350000 0.175800 0.163100 0.220200 0.250000 0.222900 0.222100 0.200000 0.149800 0.201600 0.185800 0.182500 0.223300 0.161000 0.000000 0.178500 0.222700 0.222700 0.173900 0.242900 0.239900 0.174600 0.239000 0.186300 0.263500 0.285200 0.263500 0.220500 0.213000 0.182200 0.198200 0.180500 0.189400 0.185400 0.192200 0.197500 0.244400 0.227800 0.214000 0.221200 0.234900 0.202400 0.173800 0.256800 0.212800 0.197100 0.200400 0.241300 0.224100
TibetanAnt 0.062900 0.396200 0.145600 0.338700 0.075400 0.062900 0.171900 0.232000 0.149400 0.161400 0.061100 0.102200 0.100800 0.138900 0.136800 0.149400 0.210700 0.178500 0.000000 0.149000 0.189700 0.049000 0.155300 0.153100 0.061800 0.192000 0.086400 0.188400 0.238700 0.160800 0.131700 0.165800 0.206500 0.099000 0.077600 0.088300 0.060900 0.089800 0.123800 0.159900 0.169300 0.166700 0.160700 0.176600 0.074700 0.074600 0.156700 0.092800 0.098500 0.169800 0.138800 0.123700
Sitatunga 0.135300 0.426300 0.113500 0.335300 0.147600 0.135300 0.217400 0.234500 0.068100 0.235200 0.170500 0.161700 0.172700 0.183700 0.181200 0.167500 0.226700 0.222700 0.149000 0.000000 0.193300 0.146000 0.255800 0.253800 0.159400 0.208700 0.157300 0.079300 0.227000 0.079300 0.233500 0.210400 0.207300 0.143800 0.151400 0.201200 0.157500 0.163000 0.168900 0.202700 0.270100 0.184300 0.235600 0.248600 0.214200 0.146300 0.200500 0.154200 0.169000 0.214500 0.057400 0.045300
Oribi 0.188700 0.361200 0.214700 0.304400 0.201500 0.188700 0.217100 0.091100 0.247700 0.235500 0.157600 0.174800 0.172000 0.183400 0.181000 0.044800 0.253900 0.222700 0.189700 0.193300 0.000000 0.159300 0.256900 0.253400 0.173000 0.080200 0.131100 0.179000 0.100300 0.178700 0.263900 0.210200 0.250600 0.169200 0.206800 0.214800 0.144500 0.218400 0.056800 0.257900 0.287100 0.057400 0.264700 0.248200 0.214100 0.145600 0.112300 0.209500 0.142600 0.214200 0.238100 0.194500
BarbaryShe 0.061200 0.356300 0.142800 0.299900 0.073400 0.061200 0.168000 0.199600 0.146400 0.186100 0.047500 0.074200 0.098200 0.135900 0.133300 0.120700 0.205500 0.173900 0.049000 0.146000 0.159300 0.000000 0.179600 0.177100 0.035700 0.161100 0.059800 0.184700 0.207000 0.157600 0.184700 0.162300 0.202200 0.095600 0.075400 0.086500 0.035300 0.087400 0.096000 0.183200 0.222000 0.136500 0.185300 0.173300 0.073200 0.098000 0.128700 0.131200 0.121400 0.166000 0.135900 0.121200
Daviddeer 0.197100 0.420100 0.278300 0.345000 0.210200 0.197100 0.226800 0.317000 0.285500 0.074000 0.163900 0.182500 0.237000 0.219100 0.244300 0.257800 0.288900 0.242900 0.155300 0.255800 0.256900 0.179600 0.000000 0.023200 0.165500 0.274500 0.191300 0.298200 0.321700 0.298300 0.048400 0.217900 0.227900 0.233000 0.186900 0.167200 0.164100 0.228000 0.230800 0.091400 0.033300 0.248600 0.048900 0.045800 0.180400 0.179300 0.291800 0.174900 0.175700 0.250100 0.275800 0.257600
Reindeer 0.194300 0.413900 0.276300 0.339500 0.207300 0.194300 0.223500 0.312600 0.283300 0.073400 0.161700 0.152400 0.233700 0.216000 0.241000 0.254300 0.285200 0.239900 0.153100 0.253800 0.253400 0.177100 0.023200 0.000000 0.163300 0.270600 0.188700 0.296000 0.317500 0.296100 0.048000 0.214900 0.224800 0.229800 0.184100 0.164900 0.161900 0.224800 0.227600 0.090700 0.058800 0.245100 0.048200 0.022300 0.177800 0.176800 0.288000 0.172300 0.173400 0.246500 0.273600 0.255500
Ibex 0.074100 0.373500 0.155900 0.316700 0.086400 0.074100 0.182400 0.214000 0.159900 0.171700 0.035400 0.087300 0.111400 0.149500 0.146600 0.133800 0.219400 0.174600 0.061800 0.159400 0.173000 0.035700 0.165500 0.163300 0.000000 0.175000 0.072400 0.198700 0.221000 0.171100 0.170300 0.148900 0.188400 0.109500 0.088800 0.126100 0.045800 0.100700 0.108900 0.169700 0.207500 0.150200 0.170800 0.159700 0.112000 0.111200 0.141600 0.117400 0.134700 0.180400 0.149600 0.134400
GyrantGaze 0.177300 0.461100 0.230600 0.354600 0.190100 0.177300 0.205700 0.104300 0.236500 0.253300 0.186000 0.163400 0.187900 0.172200 0.169800 0.056900 0.270100 0.239000 0.192000 0.208700 0.080200 0.161100 0.274500 0.270600 0.175000 0.000000 0.145700 0.207600 0.113300 0.220600 0.282300 0.185500 0.210300 0.184700 0.195200 0.203400 0.172600 0.206900 0.057400 0.274400 0.319800 0.022000 0.283300 0.264800 0.216600 0.134300 0.113400 0.197900 0.157100 0.231600 0.227000 0.183300
Hartebeest 0.073400 0.337000 0.128600 0.296400 0.073000 0.073400 0.179900 0.156900 0.157700 0.169100 0.083800 0.086000 0.035400 0.121100 0.145400 0.106500 0.218100 0.186300 0.086400 0.157300 0.131100 0.059800 0.191300 0.188700 0.072400 0.145700 0.000000 0.169300 0.139500 0.169300 0.196700 0.146800 0.213800 0.034800 0.087900 0.124200 0.047100 0.086900 0.107400 0.194400 0.220200 0.121600 0.197300 0.184700 0.136800 0.084500 0.139800 0.143300 0.107700 0.150300 0.121100 0.132500
Bongo 0.174100 0.423500 0.101000 0.335800 0.186700 0.174100 0.259200 0.219400 0.103200 0.278200 0.209700 0.215300 0.185000 0.223200 0.193400 0.179400 0.239200 0.263500 0.188400 0.079300 0.179000 0.184700 0.298200 0.296000 0.198700 0.207600 0.169300 0.000000 0.212500 0.032600 0.276200 0.220000 0.247200 0.155700 0.191500 0.256300 0.169400 0.203100 0.207600 0.241600 0.299300 0.183300 0.278600 0.289900 0.269800 0.184900 0.239000 0.209200 0.207700 0.199700 0.092800 0.080100
Gerenuk 0.223900 0.381100 0.221800 0.357500 0.223000 0.223900 0.252700 0.112400 0.254400 0.301000 0.231800 0.210000 0.165000 0.190700 0.215100 0.100700 0.315500 0.285200 0.238700 0.227000 0.100300 0.207000 0.321700 0.317500 0.221000 0.113300 0.139500 0.212500 0.000000 0.225100 0.330400 0.217000 0.284900 0.151300 0.242600 0.250000 0.191500 0.240200 0.101500 0.320600 0.353400 0.090700 0.331400 0.311100 0.263100 0.179900 0.156400 0.232200 0.176100 0.249400 0.217100 0.202000
CommonElan 0.174100 0.389200 0.101000 0.350500 0.186700 0.174100 0.259100 0.232400 0.103200 0.278200 0.182100 0.215300 0.184900 0.223100 0.193400 0.192000 0.239200 0.263500 0.160800 0.079300 0.178700 0.157600 0.298300 0.296100 0.171100 0.220600 0.169300 0.032600 0.225100 0.000000 0.276200 0.220000 0.247200 0.155700 0.191500 0.256300 0.143000 0.203100 0.180300 0.241700 0.299300 0.196200 0.280400 0.290000 0.239900 0.184900 0.211800 0.209200 0.207700 0.199700 0.092800 0.080000
MuntiacusR 0.173700 0.466300 0.256600 0.389000 0.186900 0.173700 0.233500 0.326000 0.263300 0.024900 0.168500 0.187700 0.214100 0.225200 0.221700 0.265000 0.267200 0.220500 0.131700 0.233500 0.263900 0.184700 0.048400 0.048000 0.170300 0.282300 0.196700 0.276200 0.330400 0.276200 0.000000 0.224000 0.205700 0.210400 0.163000 0.172000 0.196900 0.204500 0.237300 0.093600 0.060900 0.255800 0.024900 0.071200 0.185500 0.156200 0.299600 0.150700 0.180500 0.227400 0.253400 0.235300
HarveysDui 0.151500 0.431600 0.205700 0.342300 0.150700 0.151500 0.098400 0.238300 0.238600 0.225600 0.160000 0.164800 0.162300 0.023000 0.119500 0.183900 0.244700 0.213000 0.165800 0.210400 0.210200 0.162300 0.217900 0.214900 0.148900 0.185500 0.146800 0.220000 0.217000 0.220000 0.224000 0.000000 0.212400 0.133500 0.141000 0.205500 0.147400 0.166600 0.158700 0.167300 0.232200 0.160900 0.195700 0.210400 0.218900 0.135800 0.217600 0.142400 0.159100 0.205100 0.200300 0.184800
Pronghorn 0.191500 0.429200 0.217500 0.371200 0.204400 0.191500 0.249300 0.295200 0.234900 0.207300 0.199400 0.205200 0.230900 0.213300 0.210400 0.251200 0.200500 0.182200 0.206500 0.207300 0.250600 0.202200 0.227900 0.224800 0.188400 0.210300 0.213800 0.247200 0.284900 0.247200 0.205700 0.212400 0.000000 0.199000 0.210000 0.246800 0.213800 0.221800 0.225000 0.229900 0.242100 0.242300 0.206300 0.220100 0.260400 0.202100 0.284600 0.198200 0.197800 0.187700 0.225400 0.223700
BlueWildeb 0.085400 0.367900 0.115800 0.329100 0.085000 0.085400 0.165500 0.183100 0.144200 0.182600 0.121300 0.124600 0.047100 0.108100 0.157100 0.143900 0.229300 0.198200 0.099000 0.143800 0.169200 0.095600 0.233000 0.229800 0.109500 0.184700 0.034800 0.155700 0.151300 0.155700 0.210400 0.133500 0.199000 0.000000 0.100200 0.163700 0.083000 0.099000 0.145100 0.207200 0.233800 0.160200 0.211000 0.224900 0.176700 0.096300 0.177100 0.143400 0.094400 0.163300 0.108000 0.119400
Gemsbok 0.063600 0.405600 0.147900 0.312600 0.076300 0.063600 0.146200 0.236000 0.151900 0.164300 0.101100 0.104000 0.101900 0.114200 0.138300 0.151900 0.213000 0.180500 0.077600 0.151400 0.206800 0.075400 0.186900 0.184100 0.088800 0.195200 0.087900 0.191500 0.242600 0.191500 0.163000 0.141000 0.210000 0.100200 0.000000 0.144500 0.061900 0.090800 0.153400 0.162800 0.201400 0.169500 0.134600 0.179900 0.157900 0.101800 0.186600 0.136700 0.099700 0.172700 0.141100 0.125800
Yak 0.127800 0.342200 0.183500 0.334700 0.140500 0.127800 0.212700 0.214500 0.174600 0.202800 0.124700 0.061400 0.139500 0.177800 0.175100 0.188000 0.221500 0.189400 0.088300 0.201200 0.214800 0.086500 0.167200 0.164900 0.126100 0.203400 0.124200 0.256300 0.250000 0.256300 0.172000 0.205500 0.246800 0.163700 0.144500 0.000000 0.124300 0.156500 0.162300 0.198400 0.209600 0.178200 0.201900 0.188200 0.011900 0.112200 0.222100 0.132000 0.135900 0.152600 0.191600 0.175300
BlueSheep 0.073100 0.306800 0.128700 0.281500 0.085200 0.073100 0.152500 0.183900 0.157900 0.198300 0.059000 0.086100 0.084400 0.121600 0.144800 0.132100 0.216800 0.185400 0.060900 0.157500 0.144500 0.035300 0.164100 0.161900 0.045800 0.172600 0.047100 0.169400 0.191500 0.143000 0.196900 0.147400 0.213800 0.083000 0.061900 0.124300 0.000000 0.099300 0.107400 0.168400 0.192100 0.148100 0.169100 0.158400 0.110400 0.109700 0.139800 0.143500 0.107600 0.150500 0.147500 0.132700
BohorReedb 0.049800 0.435200 0.159400 0.323300 0.024300 0.049800 0.186900 0.247800 0.163500 0.206100 0.112900 0.116100 0.100700 0.139500 0.149900 0.163500 0.211300 0.192200 0.089800 0.163000 0.218400 0.087400 0.228000 0.224800 0.100700 0.206900 0.086900 0.203100 0.240200 0.203100 0.204500 0.166600 0.221800 0.099000 0.090800 0.156500 0.099300 0.000000 0.165000 0.201600 0.242900 0.181300 0.205200 0.191300 0.169800 0.113700 0.198000 0.149000 0.137700 0.184600 0.139500 0.137400
KirksDik 0.136800 0.378500 0.190800 0.339000 0.149300 0.136800 0.164000 0.092200 0.195600 0.209200 0.120000 0.123500 0.147700 0.132900 0.131100 0.045300 0.228900 0.197500 0.123800 0.168900 0.056800 0.096000 0.230800 0.227600 0.108900 0.057400 0.107400 0.207600 0.101500 0.180300 0.237300 0.158700 0.225000 0.145100 0.153400 0.162300 0.107400 0.165000 0.000000 0.232600 0.274300 0.034500 0.238100 0.222800 0.147800 0.096000 0.055100 0.155400 0.118800 0.189300 0.185700 0.144100
RoeDeer 0.172900 0.414600 0.198400 0.342000 0.185400 0.172900 0.200700 0.315500 0.229600 0.119100 0.168100 0.186200 0.183700 0.168100 0.192100 0.230900 0.209000 0.244400 0.159900 0.202700 0.257900 0.183200 0.091400 0.090700 0.169700 0.274400 0.194400 0.241600 0.320600 0.241700 0.093600 0.167300 0.229900 0.207200 0.162800 0.198400 0.168400 0.201600 0.232600 0.000000 0.103300 0.249600 0.094400 0.089100 0.211100 0.157000 0.263800 0.179000 0.179900 0.195900 0.247000 0.203900
WhiteLippe 0.211400 0.456000 0.279200 0.394400 0.224700 0.211400 0.241600 0.349400 0.300200 0.086800 0.205300 0.225700 0.238000 0.233400 0.258700 0.302100 0.303200 0.227800 0.169300 0.270100 0.287100 0.222000 0.033300 0.058800 0.207500 0.319800 0.220200 0.299300 0.353400 0.299300 0.060900 0.232200 0.242100 0.233800 0.201400 0.209600 0.192100 0.242900 0.274300 0.103300 0.000000 0.293300 0.061400 0.081400 0.223100 0.193200 0.336100 0.189600 0.189400 0.251100 0.290800 0.272000
ThomsonGaz 0.152200 0.434200 0.206500 0.327500 0.165000 0.152200 0.180200 0.081200 0.211800 0.227000 0.161400 0.138500 0.163100 0.147700 0.145700 0.034200 0.245500 0.214000 0.166700 0.184300 0.057400 0.136500 0.248600 0.245100 0.150200 0.022000 0.121600 0.183300 0.090700 0.196200 0.255800 0.160900 0.242300 0.160200 0.169500 0.178200 0.148100 0.181300 0.034500 0.249600 0.293300 0.000000 0.256700 0.239700 0.191300 0.110100 0.090800 0.171800 0.133100 0.206000 0.201900 0.159100
MuntiacusC 0.174200 0.433300 0.258800 0.355900 0.187500 0.174200 0.203900 0.327100 0.265700 0.025000 0.182400 0.188300 0.214800 0.196800 0.222400 0.265900 0.268000 0.221200 0.160700 0.235600 0.264700 0.185300 0.048900 0.048200 0.170800 0.283300 0.197300 0.278600 0.331400 0.280400 0.024900 0.195700 0.206300 0.211000 0.134600 0.201900 0.169100 0.205200 0.238100 0.094400 0.061400 0.256700 0.000000 0.071500 0.215700 0.185200 0.300600 0.165200 0.181400 0.228200 0.255800 0.237400
WhiteTaile 0.190000 0.405200 0.270700 0.332000 0.175000 0.190000 0.218500 0.306000 0.277400 0.096700 0.158200 0.149100 0.228600 0.211400 0.236000 0.249000 0.279600 0.234900 0.176600 0.248600 0.248200 0.173300 0.045800 0.022300 0.159700 0.264800 0.184700 0.289900 0.311100 0.290000 0.071200 0.210400 0.220100 0.224900 0.179900 0.188200 0.158400 0.191300 0.222800 0.089100 0.081400 0.239700 0.071500 0.000000 0.201000 0.173000 0.282300 0.196400 0.169800 0.241100 0.267600 0.250200
Cattle 0.140800 0.324200 0.196100 0.349300 0.153600 0.140800 0.226400 0.227600 0.187400 0.216700 0.110800 0.073800 0.152400 0.190900 0.187900 0.200900 0.234300 0.202400 0.074700 0.214200 0.214100 0.073200 0.180400 0.177800 0.112000 0.216600 0.136800 0.269800 0.263100 0.239900 0.185500 0.218900 0.260400 0.176700 0.157900 0.011900 0.110400 0.169800 0.147800 0.211100 0.223100 0.191300 0.215700 0.201000 0.000000 0.124900 0.206800 0.145400 0.148500 0.165700 0.204800 0.188100
RoyalAntel 0.086800 0.423200 0.168600 0.315800 0.099100 0.086800 0.140600 0.172000 0.172900 0.157000 0.110600 0.100000 0.098000 0.110000 0.082900 0.120500 0.205900 0.173800 0.074600 0.146300 0.145600 0.098000 0.179300 0.176800 0.111200 0.134300 0.084500 0.184900 0.179900 0.184900 0.156200 0.135800 0.202100 0.096300 0.101800 0.112200 0.109700 0.113700 0.096000 0.157000 0.193200 0.110100 0.185200 0.173000 0.124900 0.000000 0.154100 0.090600 0.071000 0.138900 0.162600 0.121400
Steenbok 0.169800 0.440800 0.221800 0.402800 0.182100 0.169800 0.224500 0.148400 0.227100 0.271100 0.152200 0.183000 0.180000 0.191200 0.188800 0.077500 0.259700 0.256800 0.156700 0.200500 0.112300 0.128700 0.291800 0.288000 0.141600 0.113400 0.139800 0.239000 0.156400 0.211800 0.299600 0.217600 0.284600 0.177100 0.186600 0.222100 0.139800 0.198000 0.055100 0.263800 0.336100 0.090800 0.300600 0.282300 0.206800 0.154100 0.000000 0.217100 0.176200 0.249500 0.217600 0.176000
Impala 0.119500 0.406600 0.191400 0.332400 0.132700 0.119500 0.177400 0.223600 0.182400 0.166100 0.101400 0.132200 0.159700 0.143100 0.140800 0.182000 0.245800 0.212800 0.092800 0.154200 0.209500 0.131200 0.174900 0.172300 0.117400 0.197900 0.143300 0.209200 0.232200 0.209200 0.150700 0.142400 0.198200 0.143400 0.136700 0.132000 0.143500 0.149000 0.155400 0.179000 0.189600 0.171800 0.165200 0.196400 0.145400 0.090600 0.217100 0.000000 0.129200 0.174300 0.171800 0.128000
Klipspring 0.110500 0.336600 0.165300 0.265400 0.122800 0.110500 0.164600 0.182000 0.169400 0.181500 0.108500 0.123800 0.121400 0.133300 0.156300 0.118000 0.255500 0.197100 0.098500 0.169000 0.142600 0.121400 0.175700 0.173400 0.134700 0.157100 0.107700 0.207700 0.176100 0.207700 0.180500 0.159100 0.197800 0.094400 0.099700 0.135900 0.107600 0.137700 0.118800 0.179900 0.189400 0.133100 0.181400 0.169800 0.148500 0.071000 0.176200 0.129200 0.000000 0.189800 0.159200 0.144300
ForestMusk 0.155000 0.337700 0.131100 0.330000 0.167900 0.155000 0.212300 0.214000 0.187600 0.229100 0.191700 0.113100 0.139100 0.177400 0.148100 0.215500 0.141100 0.200400 0.169800 0.214500 0.214200 0.166000 0.250100 0.246500 0.180400 0.231600 0.150300 0.199700 0.249400 0.199700 0.227400 0.205100 0.187700 0.163300 0.172700 0.152600 0.150500 0.184600 0.189300 0.195900 0.251100 0.206000 0.228200 0.241100 0.165700 0.138900 0.249500 0.174300 0.189800 0.000000 0.205100 0.161500
Bushbuck 0.124900 0.384900 0.079700 0.327100 0.124300 0.124900 0.236600 0.253500 0.034200 0.255400 0.160800 0.151600 0.135900 0.173300 0.171400 0.184100 0.244500 0.241300 0.138800 0.057400 0.238100 0.135900 0.275800 0.273600 0.149600 0.227000 0.121100 0.092800 0.217100 0.092800 0.253400 0.200300 0.225400 0.108000 0.141100 0.191600 0.147500 0.139500 0.185700 0.247000 0.290800 0.201900 0.255800 0.267600 0.204800 0.162600 0.217600 0.171800 0.159200 0.205100 0.000000 0.034500
GreaterKud 0.110300 0.412200 0.067100 0.321800 0.122500 0.110300 0.191100 0.208700 0.045400 0.236900 0.145600 0.136200 0.147400 0.158500 0.130800 0.142900 0.201700 0.224100 0.123700 0.045300 0.194500 0.121200 0.257600 0.255500 0.134400 0.183300 0.132500 0.080100 0.202000 0.080000 0.235300 0.184800 0.223700 0.119400 0.125800 0.175300 0.132700 0.137400 0.144100 0.203900 0.272000 0.159100 0.237400 0.250200 0.188100 0.121400 0.176000 0.128000 0.144300 0.161500 0.034500 0.000000
