1
52 1
Argali 0.000000 0.350000 0.111300 0.311600 0.077900 0.011600 0.115500 0.088900 0.094300 0.177800 0.038900 0.078000 0.080900 0.090600 0.100300 0.105300 0.131200 0.132800 0.060100 0.100000 0.092700 0.067000 0.149200 0.148200 0.041600 0.130700 0.072100 0.096300 0.122300 0.105600 0.169200 0.082300 0.156800 0.078500 0.096200 0.103900 0.041600 0.072000 0.102700 0.148300 0.148500 0.119700 0.164500 0.144700 0.096700 0.094200 0.227700 0.093600 0.091500 0.119000 0.093700 0.090400
LesserMous 0.350000 0.000000 0.349500 0.336100 0.334000 0.334500 0.353700 0.361500 0.314000 0.360700 0.318800 0.330000 0.340200 0.338400 0.361600 0.351800 0.286500 0.298900 0.338600 0.328600 0.376100 0.339000 0.323000 0.359300 0.329000 0.360200 0.339000 0.322700 0.375000 0.339100 0.369700 0.344100 0.335700 0.343700 0.361100 0.332500 0.328700 0.327300 0.385200 0.328000 0.338400 0.367600 0.346900 0.363200 0.337800 0.362300 0.518300 0.354800 0.340700 0.317200 0.329400 0.324700
LesserKudu 0.111300 0.349500 0.000000 0.323600 0.092600 0.105400 0.130200 0.125500 0.039800 0.178400 0.091000 0.083300 0.111300 0.092600 0.120400 0.129700 0.139500 0.154400 0.100000 0.045400 0.123300 0.108700 0.167400 0.176800 0.093500 0.148800 0.102600 0.042300 0.159500 0.043200 0.181000 0.097100 0.165000 0.109100 0.123600 0.093100 0.099800 0.093000 0.136700 0.167000 0.176800 0.143900 0.173000 0.187200 0.086200 0.115300 0.254400 0.095600 0.106300 0.124100 0.034600 0.036900
KillerWhal 0.311600 0.336100 0.323600 0.000000 0.295900 0.305100 0.330800 0.326400 0.314200 0.309200 0.306100 0.328900 0.339300 0.304900 0.313000 0.345200 0.295500 0.284100 0.327900 0.312000 0.328000 0.325300 0.307000 0.308600 0.315800 0.356400 0.325600 0.318300 0.371100 0.321700 0.338400 0.317300 0.317600 0.334300 0.325000 0.322400 0.323500 0.305400 0.331100 0.315100 0.321400 0.359800 0.318200 0.328600 0.335800 0.346200 0.463100 0.299600 0.318200 0.299500 0.316300 0.311900
DefassaWat 0.077900 0.334000 0.092600 0.295900 0.000000 0.065800 0.090300 0.086000 0.081800 0.150700 0.057400 0.075100 0.062500 0.063900 0.068900 0.083600 0.124800 0.133100 0.060200 0.087500 0.089800 0.094100 0.142800 0.155200 0.060100 0.102100 0.053700 0.083900 0.100600 0.093200 0.156100 0.063500 0.150300 0.059000 0.071400 0.078600 0.060100 0.011500 0.099800 0.152200 0.135600 0.103200 0.151300 0.158500 0.078000 0.069100 0.189200 0.074900 0.085300 0.106300 0.081300 0.078100
Sheep 0.011600 0.334500 0.105400 0.305100 0.065800 0.000000 0.109600 0.083100 0.088300 0.171600 0.032700 0.072100 0.075000 0.084600 0.094300 0.093100 0.125100 0.126800 0.054200 0.094000 0.086800 0.062900 0.136500 0.142000 0.034800 0.118300 0.066200 0.090400 0.110100 0.099700 0.163100 0.076300 0.156400 0.072600 0.090200 0.097900 0.034700 0.059900 0.096800 0.142100 0.135900 0.113800 0.158300 0.138500 0.090600 0.088200 0.221500 0.087600 0.085500 0.113000 0.087700 0.084500
MaxwellsDu 0.115500 0.353700 0.130200 0.330800 0.090300 0.109600 0.000000 0.123300 0.100400 0.184300 0.095100 0.106300 0.106100 0.071400 0.100100 0.121100 0.141000 0.169500 0.097700 0.106100 0.121000 0.125900 0.175800 0.161200 0.091200 0.146800 0.097200 0.115200 0.144500 0.118100 0.175700 0.060000 0.187500 0.103800 0.108700 0.123100 0.097600 0.084400 0.128100 0.172100 0.161500 0.135300 0.170600 0.178400 0.115600 0.126100 0.227100 0.090200 0.104000 0.125200 0.106100 0.109200
GazellaPrz 0.088900 0.361500 0.125500 0.326400 0.086000 0.083100 0.123300 0.000000 0.108700 0.178500 0.074900 0.105000 0.101500 0.092300 0.096300 0.054900 0.145700 0.154000 0.087000 0.120700 0.060900 0.111400 0.163600 0.155800 0.077500 0.078800 0.099100 0.110500 0.071700 0.119900 0.183700 0.090400 0.164400 0.105600 0.116700 0.118300 0.083500 0.085800 0.088600 0.152600 0.161400 0.075000 0.180400 0.159100 0.117400 0.108600 0.188900 0.098500 0.099600 0.126800 0.114400 0.111100
MountainNy 0.094300 0.314000 0.039800 0.314200 0.081800 0.088300 0.100400 0.108700 0.000000 0.162100 0.073600 0.071500 0.094300 0.075500 0.104500 0.112800 0.122200 0.137300 0.082800 0.017300 0.119300 0.098000 0.143700 0.145800 0.076300 0.132000 0.085400 0.019900 0.142900 0.032200 0.157100 0.076500 0.154700 0.092000 0.106700 0.076000 0.082600 0.075900 0.126400 0.142900 0.153100 0.127200 0.148900 0.156000 0.069100 0.111100 0.244900 0.084800 0.082600 0.110200 0.017500 0.019900
MuntiacusM 0.177800 0.360700 0.178400 0.309200 0.150700 0.171600 0.184300 0.178500 0.162100 0.000000 0.150000 0.168000 0.167300 0.157600 0.171700 0.169600 0.162500 0.167300 0.152600 0.167900 0.204700 0.189300 0.094300 0.132000 0.152400 0.203900 0.165200 0.156800 0.207400 0.173600 0.065800 0.163400 0.186300 0.165500 0.149200 0.172600 0.159000 0.158300 0.198400 0.086300 0.103500 0.190900 0.035700 0.131800 0.171200 0.182600 0.279900 0.157500 0.180300 0.160000 0.168400 0.157600
goat 0.038900 0.318800 0.091000 0.306100 0.057400 0.032700 0.095100 0.074900 0.073600 0.150000 0.000000 0.060600 0.054200 0.069500 0.079700 0.084900 0.110300 0.125500 0.039400 0.078200 0.085000 0.048300 0.128500 0.127200 0.008800 0.116800 0.051500 0.075900 0.108500 0.085600 0.141700 0.061500 0.142800 0.057900 0.075800 0.083200 0.021000 0.051500 0.095100 0.127300 0.127900 0.105800 0.136700 0.130500 0.076200 0.079900 0.213900 0.073100 0.070800 0.104900 0.073100 0.069900
AfricanBuf 0.078000 0.330000 0.083300 0.328900 0.075100 0.072100 0.106300 0.105000 0.071500 0.168000 0.060600 0.000000 0.084400 0.068900 0.097500 0.099400 0.121500 0.133300 0.069700 0.078200 0.112200 0.091200 0.153000 0.158800 0.063300 0.121500 0.075500 0.074700 0.122800 0.071400 0.159600 0.073000 0.143700 0.082000 0.099700 0.044600 0.069500 0.069200 0.109500 0.148900 0.152300 0.118500 0.154800 0.162100 0.036800 0.104100 0.236000 0.084400 0.082200 0.103400 0.072000 0.068800
Topi 0.080900 0.340200 0.111300 0.339300 0.062500 0.075000 0.106100 0.101500 0.094300 0.167300 0.054200 0.084400 0.000000 0.087500 0.097200 0.105400 0.127800 0.149400 0.063200 0.100000 0.111900 0.090800 0.152400 0.158200 0.057000 0.137500 0.020000 0.096300 0.122400 0.105700 0.159000 0.079100 0.163300 0.028700 0.067900 0.107300 0.056900 0.056700 0.122200 0.148300 0.144400 0.126200 0.154200 0.161500 0.100000 0.097300 0.216800 0.090500 0.101300 0.122200 0.093700 0.090500
CommonDuik 0.090600 0.338400 0.092600 0.304900 0.063900 0.084600 0.071400 0.092300 0.075500 0.157600 0.069500 0.068900 0.087500 0.000000 0.081500 0.096200 0.124800 0.139800 0.072800 0.087600 0.102500 0.107100 0.156300 0.155300 0.072700 0.115000 0.078700 0.084000 0.125900 0.086900 0.156200 0.041000 0.157200 0.085100 0.083900 0.084900 0.079000 0.066100 0.103000 0.152300 0.155600 0.104200 0.151300 0.158600 0.084300 0.097700 0.217800 0.078100 0.072700 0.109700 0.075000 0.078100
Suni 0.100300 0.361600 0.120400 0.313000 0.068900 0.094300 0.100100 0.096300 0.104500 0.171700 0.079700 0.097500 0.097200 0.081500 0.000000 0.099500 0.131900 0.160300 0.069800 0.110200 0.105900 0.117100 0.156600 0.148700 0.082400 0.124900 0.088300 0.106400 0.129300 0.115900 0.170200 0.079500 0.164800 0.094900 0.106300 0.107700 0.088700 0.069300 0.106600 0.145800 0.155900 0.113900 0.165400 0.158300 0.106900 0.107500 0.210700 0.087700 0.095200 0.122900 0.103800 0.100500
Springbuck 0.105300 0.351800 0.129700 0.345200 0.083600 0.093100 0.121100 0.054900 0.112800 0.169600 0.084900 0.099400 0.105400 0.096200 0.099500 0.000000 0.150200 0.172000 0.084400 0.112000 0.058300 0.121900 0.168100 0.181100 0.087500 0.064200 0.096700 0.108300 0.045600 0.111200 0.174800 0.087900 0.162300 0.103200 0.114400 0.116000 0.093800 0.077700 0.086100 0.150300 0.167400 0.054600 0.156500 0.177400 0.108700 0.112500 0.173400 0.096100 0.097100 0.131100 0.112000 0.102400
Okapi 0.131200 0.286500 0.139500 0.295500 0.124800 0.125100 0.141000 0.145700 0.122200 0.162500 0.110300 0.121500 0.127800 0.124800 0.131900 0.150200 0.000000 0.057100 0.119700 0.134800 0.157100 0.142000 0.134100 0.139700 0.119400 0.170200 0.118800 0.130600 0.167600 0.133700 0.154100 0.130000 0.125400 0.125600 0.133800 0.152800 0.119400 0.118800 0.144200 0.116400 0.126900 0.158000 0.149300 0.149000 0.144700 0.156000 0.277800 0.141400 0.133000 0.124200 0.134800 0.131300
Giraffe 0.132800 0.298900 0.154400 0.284100 0.133100 0.126800 0.169500 0.154000 0.137300 0.167300 0.125500 0.133300 0.149400 0.139800 0.160300 0.172000 0.057100 0.000000 0.139900 0.149800 0.172100 0.155900 0.145600 0.165100 0.134500 0.164600 0.140400 0.145600 0.175700 0.148700 0.172500 0.145200 0.133700 0.147400 0.147400 0.161100 0.141000 0.127100 0.152300 0.148300 0.145000 0.172900 0.167800 0.161500 0.153000 0.165300 0.285500 0.149300 0.155100 0.125900 0.149900 0.146300
TibetanAnt 0.060100 0.338600 0.100000 0.327900 0.060200 0.054200 0.097700 0.087000 0.082800 0.152600 0.039400 0.069700 0.063200 0.072800 0.069800 0.084400 0.119700 0.139900 0.000000 0.088600 0.097200 0.076100 0.144600 0.143400 0.042200 0.122800 0.054400 0.078600 0.114300 0.094300 0.144400 0.064300 0.142200 0.058600 0.072200 0.089300 0.048400 0.054300 0.101000 0.133500 0.143900 0.111700 0.139400 0.146700 0.082200 0.082600 0.213000 0.069500 0.076800 0.107600 0.082200 0.072700
Sitatunga 0.100000 0.328600 0.045400 0.312000 0.087500 0.094000 0.106100 0.120700 0.017300 0.167900 0.078200 0.078200 0.100000 0.087600 0.110200 0.112000 0.134800 0.149800 0.088600 0.000000 0.118400 0.097300 0.149400 0.151600 0.075700 0.137600 0.084900 0.026100 0.141900 0.025500 0.162800 0.085600 0.167300 0.091400 0.105900 0.081700 0.088400 0.081600 0.132000 0.148700 0.158800 0.132800 0.154700 0.161800 0.074800 0.116900 0.243100 0.084300 0.094900 0.122500 0.023300 0.026200
Oribi 0.092700 0.376100 0.123300 0.328000 0.089800 0.086800 0.121000 0.060900 0.119300 0.204700 0.085000 0.112200 0.111900 0.102500 0.105900 0.058300 0.157100 0.172100 0.097200 0.118400 0.000000 0.109100 0.188900 0.174300 0.081200 0.082500 0.103100 0.121100 0.087300 0.124100 0.202700 0.094300 0.169400 0.109700 0.120900 0.129100 0.093800 0.084000 0.080000 0.176900 0.188100 0.066600 0.198200 0.177700 0.121600 0.125500 0.192900 0.099200 0.096700 0.136900 0.118500 0.115200
BarbaryShe 0.067000 0.339000 0.108700 0.325300 0.094100 0.062900 0.125900 0.111400 0.098000 0.189300 0.048300 0.091200 0.090800 0.107100 0.117100 0.121900 0.142000 0.155900 0.076100 0.097300 0.109100 0.000000 0.160100 0.152300 0.044100 0.154500 0.088300 0.100000 0.145400 0.109400 0.173600 0.098800 0.167900 0.094800 0.106200 0.114200 0.044900 0.088200 0.119400 0.152500 0.159300 0.142800 0.175800 0.155700 0.106800 0.117300 0.254500 0.110100 0.101800 0.142700 0.097300 0.094100
Daviddeer 0.149200 0.323000 0.167400 0.307000 0.142800 0.136500 0.175800 0.163600 0.143700 0.094300 0.128500 0.153000 0.152400 0.156300 0.156600 0.168100 0.134100 0.145600 0.144600 0.149400 0.188900 0.160100 0.000000 0.098300 0.130900 0.188200 0.150200 0.145200 0.185200 0.155000 0.081100 0.155100 0.184600 0.157200 0.161500 0.160700 0.137500 0.136800 0.182600 0.072900 0.023200 0.175700 0.081900 0.098100 0.152600 0.160600 0.292300 0.152500 0.171800 0.152000 0.149500 0.146000
Reindeer 0.148200 0.359300 0.176800 0.308600 0.155200 0.142000 0.161200 0.155800 0.145800 0.132000 0.127200 0.158800 0.158200 0.155300 0.148700 0.181100 0.139700 0.165100 0.143400 0.151600 0.174300 0.152300 0.098300 0.000000 0.122900 0.201600 0.156000 0.154200 0.205500 0.171100 0.126400 0.154100 0.205500 0.163200 0.154000 0.170100 0.136300 0.156000 0.175100 0.096600 0.101000 0.188700 0.119000 0.057800 0.168700 0.180600 0.313600 0.161900 0.157000 0.150800 0.158600 0.155000
Ibex 0.041600 0.329000 0.093500 0.315800 0.060100 0.034800 0.091200 0.077500 0.076300 0.152400 0.008800 0.063300 0.057000 0.072700 0.082400 0.087500 0.119400 0.134500 0.042200 0.075700 0.081200 0.044100 0.130900 0.122900 0.000000 0.119300 0.054300 0.078500 0.110900 0.087800 0.144100 0.064200 0.152000 0.060600 0.072100 0.085900 0.023900 0.054200 0.097600 0.129700 0.130300 0.108400 0.139200 0.132900 0.078800 0.082500 0.216100 0.074700 0.067200 0.107500 0.075800 0.072600
GyrantGaze 0.130700 0.360200 0.148800 0.356400 0.102100 0.118300 0.146800 0.078800 0.132000 0.203900 0.116800 0.121500 0.137500 0.115000 0.124900 0.064200 0.170200 0.164600 0.122800 0.137600 0.082500 0.154500 0.188200 0.201600 0.119300 0.000000 0.128600 0.133600 0.087200 0.136700 0.209000 0.113300 0.175400 0.135400 0.153300 0.128600 0.125700 0.096300 0.101400 0.184200 0.187300 0.037000 0.197600 0.197900 0.121100 0.145300 0.200300 0.127800 0.116100 0.137200 0.131100 0.127700
Hartebeest 0.072100 0.339000 0.102600 0.325600 0.053700 0.066200 0.097200 0.099100 0.085400 0.165200 0.051500 0.075500 0.020000 0.078700 0.088300 0.096700 0.118800 0.140400 0.054400 0.084900 0.103100 0.088300 0.150200 0.156000 0.054300 0.128600 0.000000 0.087500 0.113800 0.096900 0.156800 0.070200 0.154300 0.014700 0.059200 0.098300 0.054300 0.047900 0.113300 0.146100 0.142800 0.117500 0.151900 0.159300 0.091200 0.088400 0.207700 0.075400 0.092300 0.113300 0.084900 0.081600
Bongo 0.096300 0.322700 0.042300 0.318300 0.083900 0.090400 0.115200 0.110500 0.019900 0.156800 0.075900 0.074700 0.096300 0.084000 0.106400 0.108300 0.130600 0.145600 0.078600 0.026100 0.121100 0.100000 0.145200 0.154200 0.078500 0.133600 0.087500 0.000000 0.141300 0.034800 0.151900 0.082000 0.149500 0.094000 0.108600 0.078200 0.084800 0.078100 0.121600 0.144400 0.154500 0.128900 0.143700 0.164400 0.071400 0.113000 0.238200 0.080700 0.091200 0.112100 0.019800 0.011300
Gerenuk 0.122300 0.375000 0.159500 0.371100 0.100600 0.110100 0.144500 0.071700 0.142900 0.207400 0.108500 0.122800 0.122400 0.125900 0.129300 0.045600 0.167600 0.175700 0.114300 0.141900 0.087300 0.145400 0.185200 0.205500 0.110900 0.087200 0.113800 0.141300 0.000000 0.141000 0.212600 0.117800 0.207000 0.113800 0.137800 0.139600 0.110900 0.094800 0.115500 0.174500 0.171100 0.083200 0.201300 0.201800 0.132100 0.129500 0.197100 0.132200 0.120600 0.148100 0.142200 0.138600
CommonElan 0.105600 0.339100 0.043200 0.321700 0.093200 0.099700 0.118100 0.119900 0.032200 0.173600 0.085600 0.071400 0.105700 0.086900 0.115900 0.111200 0.133700 0.148700 0.094300 0.025500 0.124100 0.109400 0.155000 0.171100 0.087800 0.136700 0.096900 0.034800 0.141000 0.000000 0.168400 0.091300 0.166100 0.103400 0.118000 0.087400 0.094100 0.087300 0.131100 0.154400 0.164400 0.131900 0.160400 0.174500 0.080500 0.122600 0.248600 0.096200 0.100600 0.124900 0.025400 0.034000
MuntiacusR 0.169200 0.369700 0.181000 0.338400 0.156100 0.163100 0.175700 0.183700 0.157100 0.065800 0.141700 0.159600 0.159000 0.156200 0.170200 0.174800 0.154100 0.172500 0.144400 0.162800 0.202700 0.173600 0.081100 0.126400 0.144100 0.209000 0.156800 0.151900 0.212600 0.168400 0.000000 0.154900 0.198700 0.163900 0.158200 0.181400 0.149300 0.156900 0.196600 0.085400 0.083700 0.189100 0.041400 0.123900 0.173000 0.188000 0.288800 0.155900 0.171600 0.158500 0.162900 0.152700
HarveysDui 0.082300 0.344100 0.097100 0.317300 0.063500 0.076300 0.060000 0.090400 0.076500 0.163400 0.061500 0.073000 0.079100 0.041000 0.079500 0.087900 0.130000 0.145200 0.064300 0.085600 0.094300 0.098800 0.155100 0.154100 0.064200 0.113300 0.070200 0.082000 0.117800 0.091300 0.154900 0.000000 0.156000 0.076700 0.088200 0.089100 0.070500 0.057600 0.101100 0.151000 0.147600 0.108800 0.150000 0.157400 0.082300 0.092500 0.209700 0.063500 0.073600 0.107800 0.076000 0.076000
Pronghorn 0.156800 0.335700 0.165000 0.317600 0.150300 0.156400 0.187500 0.164400 0.154700 0.186300 0.142800 0.143700 0.163300 0.157200 0.164800 0.162300 0.125400 0.133700 0.142200 0.167300 0.169400 0.167900 0.184600 0.205500 0.152000 0.175400 0.154300 0.149500 0.207000 0.166100 0.198700 0.156000 0.000000 0.161400 0.176300 0.164900 0.158700 0.144300 0.159800 0.174000 0.183700 0.176900 0.186900 0.208900 0.156800 0.168200 0.278600 0.146900 0.165900 0.139600 0.160500 0.150200
BlueWildeb 0.078500 0.343700 0.109100 0.334300 0.059000 0.072600 0.103800 0.105600 0.092000 0.165500 0.057900 0.082000 0.028700 0.085100 0.094900 0.103200 0.125600 0.147400 0.058600 0.091400 0.109700 0.094800 0.157200 0.163200 0.060600 0.135400 0.014700 0.094000 0.113800 0.103400 0.163900 0.076700 0.161400 0.000000 0.065500 0.104200 0.060600 0.054100 0.120000 0.146400 0.149800 0.122900 0.152200 0.166500 0.097700 0.088500 0.211500 0.081800 0.092400 0.120000 0.091400 0.088100
Gemsbok 0.096200 0.361100 0.123600 0.325000 0.071400 0.090200 0.108700 0.116700 0.106700 0.149200 0.075800 0.099700 0.067900 0.083900 0.106300 0.114400 0.133800 0.147400 0.072200 0.105900 0.120900 0.106200 0.161500 0.154000 0.072100 0.153300 0.059200 0.108600 0.137800 0.118000 0.158200 0.088200 0.176300 0.065500 0.000000 0.113200 0.078400 0.071800 0.137900 0.154400 0.157700 0.135100 0.143000 0.167600 0.112300 0.106400 0.245200 0.105900 0.110400 0.128100 0.106000 0.102700
Yak 0.103900 0.332500 0.093100 0.322400 0.078600 0.097900 0.123100 0.118300 0.076000 0.172600 0.083200 0.044600 0.107300 0.084900 0.107700 0.116000 0.152800 0.161100 0.089300 0.081700 0.129100 0.114200 0.160700 0.170100 0.085900 0.128600 0.098300 0.078200 0.139600 0.087400 0.181400 0.089100 0.164900 0.104200 0.113200 0.000000 0.092200 0.079000 0.129600 0.174200 0.170200 0.130400 0.173200 0.180600 0.017200 0.114400 0.248300 0.094400 0.092400 0.120100 0.075500 0.072300
BlueSheep 0.041600 0.328700 0.099800 0.323500 0.060100 0.034700 0.097600 0.083500 0.082600 0.159000 0.021000 0.069500 0.056900 0.079000 0.088700 0.093800 0.119400 0.141000 0.048400 0.088400 0.093800 0.044900 0.137500 0.136300 0.023900 0.125700 0.054300 0.084800 0.110900 0.094100 0.149300 0.070500 0.158700 0.060600 0.078400 0.092200 0.000000 0.054200 0.104000 0.136400 0.130300 0.114600 0.145900 0.139600 0.085100 0.088800 0.216000 0.082000 0.079800 0.113900 0.082100 0.078800
BohorReedb 0.072000 0.327300 0.093000 0.305400 0.011500 0.059900 0.084400 0.085800 0.075900 0.158300 0.051500 0.069200 0.056700 0.066100 0.069300 0.077700 0.118800 0.127100 0.054300 0.081600 0.084000 0.088200 0.136800 0.156000 0.054200 0.096300 0.047900 0.078100 0.094800 0.087300 0.156900 0.057600 0.144300 0.054100 0.071800 0.079000 0.054200 0.000000 0.093900 0.146100 0.129600 0.098400 0.152000 0.159400 0.072100 0.069400 0.190100 0.069000 0.079400 0.100400 0.075400 0.072200
KirksDik 0.102700 0.385200 0.136700 0.331100 0.099800 0.096800 0.128100 0.088600 0.126400 0.198400 0.095100 0.109500 0.122200 0.103000 0.106600 0.086100 0.144200 0.152300 0.101000 0.132000 0.080000 0.119400 0.182600 0.175100 0.097600 0.101400 0.113300 0.121600 0.115500 0.131100 0.196600 0.101100 0.159800 0.120000 0.137900 0.129600 0.104000 0.093900 0.000000 0.171700 0.181800 0.106600 0.192000 0.178400 0.122100 0.122900 0.205300 0.109300 0.091300 0.134600 0.125500 0.115700
RoeDeer 0.148300 0.328000 0.167000 0.315100 0.152200 0.142100 0.172100 0.152600 0.142900 0.086300 0.127300 0.148900 0.148300 0.152300 0.145800 0.150300 0.116400 0.148300 0.133500 0.148700 0.176900 0.152500 0.072900 0.096600 0.129700 0.184200 0.146100 0.144400 0.174500 0.154400 0.085400 0.151000 0.174000 0.146400 0.154400 0.174200 0.136400 0.146100 0.171700 0.000000 0.072600 0.164800 0.073700 0.093300 0.165800 0.170500 0.280000 0.155400 0.146200 0.147100 0.148800 0.145200
WhiteLippe 0.148500 0.338400 0.176800 0.321400 0.135600 0.135900 0.161500 0.161400 0.153100 0.103500 0.127900 0.152300 0.144400 0.155600 0.155900 0.167400 0.126900 0.145000 0.143900 0.158800 0.188100 0.159300 0.023200 0.101000 0.130300 0.187300 0.142800 0.154500 0.171100 0.164400 0.083700 0.147600 0.183700 0.149800 0.157700 0.170200 0.130300 0.129600 0.181800 0.072600 0.000000 0.174900 0.091000 0.097700 0.162000 0.159800 0.283500 0.151900 0.171000 0.151300 0.158900 0.155300
ThomsonGaz 0.119700 0.367600 0.143900 0.359800 0.103200 0.113800 0.135300 0.075000 0.127200 0.190900 0.105800 0.118500 0.126200 0.104200 0.113900 0.054600 0.158000 0.172900 0.111700 0.132800 0.066600 0.142800 0.175700 0.188700 0.108400 0.037000 0.117500 0.128900 0.083200 0.131900 0.189100 0.108800 0.176900 0.122900 0.135100 0.130400 0.114600 0.098400 0.106600 0.164800 0.174900 0.000000 0.177800 0.192100 0.123000 0.133500 0.201500 0.116700 0.111600 0.135800 0.126400 0.122100
MuntiacusC 0.164500 0.346900 0.173000 0.318200 0.151300 0.158300 0.170600 0.180400 0.148900 0.035700 0.136700 0.154800 0.154200 0.151300 0.165400 0.156500 0.149300 0.167800 0.139400 0.154700 0.198200 0.175800 0.081900 0.119000 0.139200 0.197600 0.151900 0.143700 0.201300 0.160400 0.041400 0.150000 0.186900 0.152200 0.143000 0.173200 0.145900 0.152000 0.192000 0.073700 0.091000 0.177800 0.000000 0.118800 0.164900 0.176300 0.272200 0.151100 0.166800 0.153700 0.154800 0.144500
WhiteTaile 0.144700 0.363200 0.187200 0.328600 0.158500 0.138500 0.178400 0.159100 0.156000 0.131800 0.130500 0.162100 0.161500 0.158600 0.158300 0.177400 0.149000 0.161500 0.146700 0.161800 0.177700 0.155700 0.098100 0.057800 0.132900 0.197900 0.159300 0.164400 0.201800 0.174500 0.123900 0.157400 0.208900 0.166500 0.167600 0.180600 0.139600 0.159400 0.178400 0.093300 0.097700 0.192100 0.118800 0.000000 0.179200 0.184000 0.301500 0.165300 0.160400 0.147400 0.168900 0.165300
Cattle 0.096700 0.337800 0.086200 0.335800 0.078000 0.090600 0.115600 0.117400 0.069100 0.171200 0.076200 0.036800 0.100000 0.084300 0.106900 0.108700 0.144700 0.153000 0.082200 0.074800 0.121600 0.106800 0.152600 0.168700 0.078800 0.121100 0.091200 0.071400 0.132100 0.080500 0.173000 0.082300 0.156800 0.097700 0.112300 0.017200 0.085100 0.072100 0.122100 0.165800 0.162000 0.123000 0.164900 0.179200 0.000000 0.107000 0.239000 0.087300 0.091600 0.112600 0.068700 0.065500
RoyalAntel 0.094200 0.362300 0.115300 0.346200 0.069100 0.088200 0.126100 0.108600 0.111100 0.182600 0.079900 0.104100 0.097300 0.097700 0.107500 0.112500 0.156000 0.165300 0.082600 0.116900 0.125500 0.117300 0.160600 0.180600 0.082500 0.145300 0.088400 0.113000 0.129500 0.122600 0.188000 0.092500 0.168200 0.088500 0.106400 0.114400 0.088800 0.069400 0.122900 0.170500 0.159800 0.133500 0.176300 0.184000 0.107000 0.000000 0.239400 0.097200 0.101600 0.129200 0.110400 0.107100
Steenbok 0.227700 0.518300 0.254400 0.463100 0.189200 0.221500 0.227100 0.188900 0.244900 0.279900 0.213900 0.236000 0.216800 0.217800 0.210700 0.173400 0.277800 0.285500 0.213000 0.243100 0.192900 0.254500 0.292300 0.313600 0.216100 0.200300 0.207700 0.238200 0.197100 0.248600 0.288800 0.209700 0.278600 0.211500 0.245200 0.248300 0.216000 0.190100 0.205300 0.280000 0.283500 0.201500 0.272200 0.301500 0.239000 0.239400 0.000000 0.209800 0.221500 0.237500 0.243300 0.232100
Impala 0.093600 0.354800 0.095600 0.299600 0.074900 0.087600 0.090200 0.098500 0.084800 0.157500 0.073100 0.084400 0.090500 0.078100 0.087700 0.096100 0.141400 0.149300 0.069500 0.084300 0.099200 0.110100 0.152500 0.161900 0.074700 0.127800 0.075400 0.080700 0.132200 0.096200 0.155900 0.063500 0.146900 0.081800 0.105900 0.094400 0.082000 0.069000 0.109300 0.155400 0.151900 0.116700 0.151100 0.165300 0.087300 0.097200 0.209800 0.000000 0.085100 0.115800 0.084300 0.074800
Klipspring 0.091500 0.340700 0.106300 0.318200 0.085300 0.085500 0.104000 0.099600 0.082600 0.180300 0.070800 0.082200 0.101300 0.072700 0.095200 0.097100 0.133000 0.155100 0.076800 0.094900 0.096700 0.101800 0.171800 0.157000 0.067200 0.116100 0.092300 0.091200 0.120600 0.100600 0.171600 0.073600 0.165900 0.092400 0.110400 0.092400 0.079800 0.079400 0.091300 0.146200 0.171000 0.111600 0.166800 0.160400 0.091600 0.101600 0.221500 0.085100 0.000000 0.113400 0.082100 0.085200
ForestMusk 0.119000 0.317200 0.124100 0.299500 0.106300 0.113000 0.125200 0.126800 0.110200 0.160000 0.104900 0.103400 0.122200 0.109700 0.122900 0.131100 0.124200 0.125900 0.107600 0.122500 0.136900 0.142700 0.152000 0.150800 0.107500 0.137200 0.113300 0.112100 0.148100 0.124900 0.158500 0.107800 0.139600 0.120000 0.128100 0.120100 0.113900 0.100400 0.134600 0.147100 0.151300 0.135800 0.153700 0.147400 0.112600 0.129200 0.237500 0.115800 0.113400 0.000000 0.116000 0.112700
Bushbuck 0.093700 0.329400 0.034600 0.316300 0.081300 0.087700 0.106100 0.114400 0.017500 0.168400 0.073100 0.072000 0.093700 0.075000 0.103800 0.112000 0.134800 0.149900 0.082200 0.023300 0.118500 0.097300 0.149500 0.158600 0.075800 0.131100 0.084900 0.019800 0.142200 0.025400 0.162900 0.076000 0.160500 0.091400 0.106000 0.075500 0.082100 0.075400 0.125500 0.148800 0.158900 0.126400 0.154800 0.168900 0.068700 0.110400 0.243300 0.084300 0.082100 0.116000 0.000000 0.020100
GreaterKud 0.090400 0.324700 0.036900 0.311900 0.078100 0.084500 0.109200 0.111100 0.019900 0.157600 0.069900 0.068800 0.090500 0.078100 0.100500 0.102400 0.131300 0.146300 0.072700 0.026200 0.115200 0.094100 0.146000 0.155000 0.072600 0.127700 0.081600 0.011300 0.138600 0.034000 0.152700 0.076000 0.150200 0.088100 0.102700 0.072300 0.078800 0.072200 0.115700 0.145200 0.155300 0.122100 0.144500 0.165300 0.065500 0.107100 0.232100 0.074800 0.085200 0.112700 0.020100 0.000000
