CODONML (in paml version 4.10.7, June 2023)  /home/rachel/ruminants_paml/6406-phy-tree/ENSBTAT00000016778.fasta.phy
Model: free dN/dS Ratios for branches,  kappa = 2.000 fixed

Codon frequency model: F3x4
ns =  54  ls =  51

Codon usage in sequences
--------------------------------------------------------------------------------------------------------------------------------------
Phe TTT   2   2   2   2   1   2 | Ser TCT   1   1   1   1   0   0 | Tyr TAT   0   0   0   0   0   0 | Cys TGT   0   0   0   0   0   0
    TTC   0   0   0   0   1   0 |     TCC   0   0   0   0   0   0 |     TAC   2   2   2   2   2   2 |     TGC   0   0   0   0   0   0
Leu TTA   0   0   0   0   0   0 |     TCA   0   0   0   0   1   1 | *** TAA   0   0   0   0   0   0 | *** TGA   0   0   0   0   0   0
    TTG   0   0   0   0   0   1 |     TCG   0   0   0   0   0   0 |     TAG   0   0   0   0   0   0 | Trp TGG   0   0   0   0   0   0
--------------------------------------------------------------------------------------------------------------------------------------
Leu CTT   2   2   2   2   2   2 | Pro CCT   1   0   1   1   1   1 | His CAT   2   0   2   2   2   1 | Arg CGT   0   0   0   0   1   0
    CTC   0   0   0   0   0   0 |     CCC   0   0   0   0   0   0 |     CAC   2   4   2   3   3   3 |     CGC   2   2   2   1   0   2
    CTA   0   0   0   0   0   0 |     CCA   1   1   1   1   2   1 | Gln CAA   0   0   0   0   0   0 |     CGA   1   1   1   1   1   1
    CTG   4   4   4   4   3   3 |     CCG   1   2   1   1   0   1 |     CAG   4   4   4   4   4   4 |     CGG   0   0   0   0   0   1
--------------------------------------------------------------------------------------------------------------------------------------
Ile ATT   2   2   2   2   2   2 | Thr ACT   0   0   0   0   0   0 | Asn AAT   2   0   2   2   2   1 | Ser AGT   0   0   0   0   0   0
    ATC   0   0   0   0   0   0 |     ACC   0   0   0   0   0   0 |     AAC   0   1   0   0   0   1 |     AGC   0   0   0   0   0   0
    ATA   0   0   0   0   0   0 |     ACA   0   0   0   0   0   0 | Lys AAA   1   1   1   1   1   1 | Arg AGA   0   0   0   0   0   0
Met ATG   2   2   2   2   3   2 |     ACG   0   0   0   0   0   0 |     AAG   1   1   1   1   0   0 |     AGG   0   0   0   0   0   0
--------------------------------------------------------------------------------------------------------------------------------------
Val GTT   0   0   0   0   0   0 | Ala GCT   0   1   0   0   0   0 | Asp GAT   1   1   1   1   1   1 | Gly GGT   0   0   0   0   0   0
    GTC   0   0   0   0   0   0 |     GCC   3   2   3   3   3   3 |     GAC   3   3   3   3   3   3 |     GGC   1   2   1   1   1   1
    GTA   0   0   1   0   0   0 |     GCA   0   0   0   0   0   0 | Glu GAA   0   0   0   0   0   0 |     GGA   2   2   2   2   1   2
    GTG   4   4   3   4   4   4 |     GCG   0   0   0   0   0   0 |     GAG   2   2   3   2   3   2 |     GGG   2   2   1   2   3   2
--------------------------------------------------------------------------------------------------------------------------------------

--------------------------------------------------------------------------------------------------------------------------------------
Phe TTT   2   2   2   2   2   2 | Ser TCT   1   1   1   1   1   1 | Tyr TAT   0   0   0   0   0   0 | Cys TGT   0   0   0   0   0   0
    TTC   0   0   0   0   0   0 |     TCC   0   0   0   0   0   0 |     TAC   2   2   2   2   2   2 |     TGC   0   0   0   0   0   0
Leu TTA   0   0   0   0   0   0 |     TCA   0   0   0   0   0   0 | *** TAA   0   0   0   0   0   0 | *** TGA   0   0   0   0   0   0
    TTG   0   0   0   0   0   0 |     TCG   0   0   0   0   0   0 |     TAG   0   0   0   0   0   0 | Trp TGG   0   0   0   0   0   0
--------------------------------------------------------------------------------------------------------------------------------------
Leu CTT   2   2   2   2   2   2 | Pro CCT   1   1   1   1   1   1 | His CAT   2   2   2   2   2   2 | Arg CGT   0   0   0   0   0   0
    CTC   0   0   0   0   0   0 |     CCC   0   0   0   0   0   0 |     CAC   2   2   2   2   2   2 |     CGC   2   2   2   2   2   2
    CTA   0   0   0   0   0   0 |     CCA   1   1   1   1   1   1 | Gln CAA   0   0   0   1   0   0 |     CGA   1   1   1   1   1   1
    CTG   4   4   4   4   4   4 |     CCG   1   1   1   1   1   1 |     CAG   4   4   4   3   4   4 |     CGG   0   0   0   0   0   0
--------------------------------------------------------------------------------------------------------------------------------------
Ile ATT   2   2   2   1   2   2 | Thr ACT   0   0   0   0   0   0 | Asn AAT   2   2   2   2   2   2 | Ser AGT   0   0   0   0   0   0
    ATC   0   0   0   1   0   0 |     ACC   0   0   0   0   0   0 |     AAC   0   0   0   0   0   0 |     AGC   0   0   0   0   0   0
    ATA   0   0   0   0   0   0 |     ACA   0   0   0   0   0   0 | Lys AAA   1   1   1   1   1   1 | Arg AGA   0   0   0   0   0   0
Met ATG   2   2   2   2   2   2 |     ACG   0   0   0   0   0   0 |     AAG   1   1   1   1   1   1 |     AGG   0   0   0   0   0   0
--------------------------------------------------------------------------------------------------------------------------------------
Val GTT   0   0   0   0   0   0 | Ala GCT   1   0   0   0   0   1 | Asp GAT   2   1   1   1   1   1 | Gly GGT   0   0   0   0   0   0
    GTC   0   0   0   0   0   0 |     GCC   2   3   3   3   3   2 |     GAC   3   3   3   3   3   3 |     GGC   1   1   1   1   1   1
    GTA   0   0   0   0   1   0 |     GCA   0   0   0   0   0   0 | Glu GAA   0   0   0   0   0   0 |     GGA   2   2   2   2   2   2
    GTG   4   4   4   4   3   4 |     GCG   0   0   0   0   0   0 |     GAG   1   2   2   2   2   2 |     GGG   2   2   2   2   2   2
--------------------------------------------------------------------------------------------------------------------------------------

--------------------------------------------------------------------------------------------------------------------------------------
Phe TTT   2   2   2   2   2   2 | Ser TCT   1   1   1   1   1   1 | Tyr TAT   0   0   0   0   0   0 | Cys TGT   0   0   0   0   0   0
    TTC   0   0   0   0   0   0 |     TCC   0   0   0   0   0   0 |     TAC   2   2   2   2   2   2 |     TGC   0   0   0   0   0   0
Leu TTA   0   0   0   0   0   0 |     TCA   0   0   0   0   0   0 | *** TAA   0   0   0   0   0   0 | *** TGA   0   0   0   0   0   0
    TTG   0   0   0   0   0   0 |     TCG   0   0   0   0   0   0 |     TAG   0   0   0   0   0   0 | Trp TGG   0   0   0   0   0   0
--------------------------------------------------------------------------------------------------------------------------------------
Leu CTT   2   2   2   2   2   2 | Pro CCT   1   1   1   1   1   1 | His CAT   2   2   2   2   2   2 | Arg CGT   0   0   0   0   0   0
    CTC   0   0   0   0   0   0 |     CCC   0   0   0   0   0   0 |     CAC   2   2   2   2   2   2 |     CGC   2   2   2   2   2   2
    CTA   0   0   0   0   1   0 |     CCA   1   1   1   1   1   2 | Gln CAA   0   0   0   0   0   1 |     CGA   1   1   1   1   1   1
    CTG   4   4   4   4   3   4 |     CCG   1   1   1   1   1   0 |     CAG   4   4   4   4   4   3 |     CGG   0   0   0   0   0   0
--------------------------------------------------------------------------------------------------------------------------------------
Ile ATT   2   2   2   2   2   1 | Thr ACT   0   0   0   0   0   0 | Asn AAT   2   2   2   2   1   2 | Ser AGT   0   0   0   0   0   0
    ATC   0   0   0   0   0   1 |     ACC   0   0   0   0   0   0 |     AAC   0   0   0   0   1   0 |     AGC   0   0   0   0   0   0
    ATA   0   0   0   0   0   0 |     ACA   0   0   0   0   0   0 | Lys AAA   1   1   1   1   1   1 | Arg AGA   0   0   0   0   0   0
Met ATG   2   2   2   2   2   2 |     ACG   0   0   0   0   0   0 |     AAG   1   1   1   1   1   1 |     AGG   0   0   0   0   0   0
--------------------------------------------------------------------------------------------------------------------------------------
Val GTT   0   0   0   0   0   0 | Ala GCT   0   0   0   0   0   0 | Asp GAT   1   1   1   1   1   1 | Gly GGT   0   0   0   0   0   0
    GTC   0   0   0   0   0   0 |     GCC   3   3   3   3   3   3 |     GAC   3   3   3   3   3   3 |     GGC   1   1   1   1   1   1
    GTA   0   0   0   0   0   0 |     GCA   0   0   0   0   0   0 | Glu GAA   0   0   0   0   0   0 |     GGA   2   2   2   2   2   2
    GTG   4   4   4   4   4   4 |     GCG   0   0   0   0   0   0 |     GAG   2   2   2   2   2   2 |     GGG   2   2   2   2   2   2
--------------------------------------------------------------------------------------------------------------------------------------

--------------------------------------------------------------------------------------------------------------------------------------
Phe TTT   2   2   2   2   2   2 | Ser TCT   1   1   1   1   1   1 | Tyr TAT   0   0   0   0   0   0 | Cys TGT   0   0   0   0   0   0
    TTC   0   0   0   0   0   0 |     TCC   0   0   0   0   0   0 |     TAC   2   2   2   2   2   2 |     TGC   0   0   0   0   0   0
Leu TTA   0   0   0   0   0   0 |     TCA   0   0   0   0   0   0 | *** TAA   0   0   0   0   0   0 | *** TGA   0   0   0   0   0   0
    TTG   0   0   0   0   0   0 |     TCG   0   0   0   0   0   0 |     TAG   0   0   0   0   0   0 | Trp TGG   0   0   0   0   0   0
--------------------------------------------------------------------------------------------------------------------------------------
Leu CTT   2   2   2   2   2   2 | Pro CCT   1   1   1   1   1   1 | His CAT   2   2   2   2   1   2 | Arg CGT   0   0   0   0   0   0
    CTC   0   0   0   0   0   0 |     CCC   0   0   0   0   0   0 |     CAC   2   2   2   2   3   2 |     CGC   2   2   2   2   2   2
    CTA   0   0   0   0   0   0 |     CCA   1   1   1   1   1   1 | Gln CAA   0   0   0   0   1   0 |     CGA   1   1   1   1   1   1
    CTG   4   4   4   4   4   4 |     CCG   1   1   1   1   1   1 |     CAG   4   4   4   4   3   4 |     CGG   0   0   0   0   0   0
--------------------------------------------------------------------------------------------------------------------------------------
Ile ATT   2   2   2   2   1   2 | Thr ACT   0   0   0   0   0   0 | Asn AAT   2   2   2   2   2   2 | Ser AGT   0   0   0   0   0   0
    ATC   0   0   0   0   1   0 |     ACC   0   0   0   0   0   0 |     AAC   0   0   0   0   0   0 |     AGC   0   0   0   0   0   0
    ATA   0   0   0   0   0   0 |     ACA   0   0   0   0   0   0 | Lys AAA   1   1   1   1   1   1 | Arg AGA   0   0   0   0   0   0
Met ATG   2   2   2   2   2   2 |     ACG   0   0   0   0   0   0 |     AAG   1   1   1   1   1   1 |     AGG   0   0   0   0   0   0
--------------------------------------------------------------------------------------------------------------------------------------
Val GTT   0   0   0   0   0   0 | Ala GCT   1   1   0   0   1   0 | Asp GAT   1   1   1   1   1   1 | Gly GGT   0   0   0   0   0   0
    GTC   0   0   0   0   0   0 |     GCC   2   2   3   3   2   3 |     GAC   3   3   3   3   3   3 |     GGC   1   1   1   1   1   1
    GTA   0   0   0   1   0   0 |     GCA   0   0   0   0   0   0 | Glu GAA   0   0   0   0   0   0 |     GGA   3   2   2   2   2   2
    GTG   4   4   4   3   4   4 |     GCG   0   0   0   0   0   0 |     GAG   2   2   2   2   2   2 |     GGG   1   2   2   2   2   2
--------------------------------------------------------------------------------------------------------------------------------------

--------------------------------------------------------------------------------------------------------------------------------------
Phe TTT   2   2   2   2   2   2 | Ser TCT   1   1   1   1   1   1 | Tyr TAT   0   0   0   0   0   0 | Cys TGT   0   0   0   0   0   0
    TTC   0   0   0   0   0   0 |     TCC   0   0   0   0   0   0 |     TAC   2   2   2   2   2   2 |     TGC   0   0   0   0   0   0
Leu TTA   0   0   0   0   0   0 |     TCA   0   0   0   0   0   0 | *** TAA   0   0   0   0   0   0 | *** TGA   0   0   0   0   0   0
    TTG   0   0   0   0   0   0 |     TCG   0   0   0   0   0   0 |     TAG   0   0   0   0   0   0 | Trp TGG   0   0   0   0   0   0
--------------------------------------------------------------------------------------------------------------------------------------
Leu CTT   2   2   2   2   2   2 | Pro CCT   1   0   1   1   1   1 | His CAT   2   2   2   3   2   2 | Arg CGT   0   0   0   0   0   0
    CTC   0   0   0   0   0   0 |     CCC   0   1   0   0   0   0 |     CAC   2   2   2   1   2   2 |     CGC   2   2   2   2   2   2
    CTA   0   0   0   0   0   0 |     CCA   1   1   1   2   1   1 | Gln CAA   0   0   0   1   0   0 |     CGA   1   1   1   1   1   1
    CTG   4   4   4   4   4   4 |     CCG   1   1   1   0   1   1 |     CAG   4   4   4   3   4   4 |     CGG   0   0   0   0   0   0
--------------------------------------------------------------------------------------------------------------------------------------
Ile ATT   2   2   2   1   2   2 | Thr ACT   0   0   0   0   0   0 | Asn AAT   2   2   2   2   2   2 | Ser AGT   0   0   0   0   0   0
    ATC   0   0   0   1   0   0 |     ACC   0   0   0   0   0   0 |     AAC   0   0   0   0   0   0 |     AGC   0   0   0   0   0   0
    ATA   0   0   0   0   0   0 |     ACA   0   0   0   0   0   0 | Lys AAA   1   1   1   1   1   1 | Arg AGA   0   0   0   0   0   0
Met ATG   2   2   2   2   2   2 |     ACG   0   0   0   0   0   0 |     AAG   1   1   1   1   1   1 |     AGG   0   0   0   0   0   0
--------------------------------------------------------------------------------------------------------------------------------------
Val GTT   0   0   0   0   0   0 | Ala GCT   1   1   0   0   0   0 | Asp GAT   2   2   1   1   1   1 | Gly GGT   0   0   0   1   0   0
    GTC   0   0   0   0   0   0 |     GCC   2   2   3   3   3   3 |     GAC   2   2   3   3   3   3 |     GGC   1   1   1   1   1   1
    GTA   0   0   0   0   0   1 |     GCA   0   0   0   0   0   0 | Glu GAA   0   0   0   0   0   0 |     GGA   2   2   2   1   2   2
    GTG   4   4   4   4   4   3 |     GCG   0   0   0   0   0   0 |     GAG   2   2   2   2   2   2 |     GGG   2   2   2   2   2   2
--------------------------------------------------------------------------------------------------------------------------------------

--------------------------------------------------------------------------------------------------------------------------------------
Phe TTT   2   2   2   2   2   2 | Ser TCT   1   1   1   1   1   1 | Tyr TAT   0   0   0   0   0   0 | Cys TGT   0   0   0   0   0   0
    TTC   0   0   0   0   0   0 |     TCC   0   0   0   0   0   0 |     TAC   2   2   2   2   2   2 |     TGC   0   0   0   0   0   0
Leu TTA   0   0   0   0   0   0 |     TCA   0   0   0   0   0   0 | *** TAA   0   0   0   0   0   0 | *** TGA   0   0   0   0   0   0
    TTG   0   0   0   0   0   0 |     TCG   0   0   0   0   0   0 |     TAG   0   0   0   0   0   0 | Trp TGG   0   0   0   0   0   0
--------------------------------------------------------------------------------------------------------------------------------------
Leu CTT   2   2   2   2   2   2 | Pro CCT   1   1   1   1   1   1 | His CAT   2   1   2   2   2   2 | Arg CGT   0   0   0   0   0   0
    CTC   0   0   0   0   0   0 |     CCC   0   0   0   0   0   0 |     CAC   2   3   2   2   2   2 |     CGC   2   2   2   2   2   2
    CTA   0   0   0   0   0   0 |     CCA   1   1   1   1   1   1 | Gln CAA   1   0   0   0   0   0 |     CGA   1   1   1   1   1   1
    CTG   4   4   4   4   4   4 |     CCG   1   1   1   1   1   1 |     CAG   3   4   4   4   3   4 |     CGG   0   0   0   0   1   0
--------------------------------------------------------------------------------------------------------------------------------------
Ile ATT   1   2   2   2   2   2 | Thr ACT   0   0   0   0   0   0 | Asn AAT   2   2   2   2   1   2 | Ser AGT   0   0   0   0   0   0
    ATC   1   0   0   0   0   0 |     ACC   0   0   0   0   0   0 |     AAC   0   0   0   0   1   0 |     AGC   0   0   0   0   0   0
    ATA   0   0   0   0   0   0 |     ACA   0   0   0   0   0   0 | Lys AAA   1   1   1   1   0   1 | Arg AGA   0   0   0   0   0   0
Met ATG   2   2   2   2   2   2 |     ACG   0   0   0   0   0   0 |     AAG   1   1   1   1   2   1 |     AGG   0   0   0   0   0   0
--------------------------------------------------------------------------------------------------------------------------------------
Val GTT   0   0   0   0   0   0 | Ala GCT   1   0   1   0   1   0 | Asp GAT   1   1   1   1   1   1 | Gly GGT   0   0   0   0   0   0
    GTC   0   0   0   0   0   0 |     GCC   2   3   2   3   2   3 |     GAC   3   3   3   3   3   3 |     GGC   1   1   1   1   1   1
    GTA   0   1   0   0   0   0 |     GCA   0   0   0   0   0   0 | Glu GAA   0   0   0   0   0   0 |     GGA   2   2   2   2   2   2
    GTG   4   3   4   4   4   4 |     GCG   0   0   0   0   0   0 |     GAG   3   2   2   2   2   2 |     GGG   1   2   2   2   2   2
--------------------------------------------------------------------------------------------------------------------------------------

--------------------------------------------------------------------------------------------------------------------------------------
Phe TTT   2   2   2   2   2   2 | Ser TCT   1   1   1   1   1   1 | Tyr TAT   0   0   0   0   0   0 | Cys TGT   0   0   0   0   0   0
    TTC   0   0   0   0   0   0 |     TCC   0   0   0   0   0   0 |     TAC   2   2   2   2   2   2 |     TGC   0   0   0   0   0   0
Leu TTA   0   0   0   0   0   0 |     TCA   0   0   0   0   0   0 | *** TAA   0   0   0   0   0   0 | *** TGA   0   0   0   0   0   0
    TTG   0   0   0   0   0   0 |     TCG   0   0   0   0   0   0 |     TAG   0   0   0   0   0   0 | Trp TGG   0   0   0   0   0   0
--------------------------------------------------------------------------------------------------------------------------------------
Leu CTT   2   2   2   2   2   2 | Pro CCT   1   1   1   1   1   1 | His CAT   2   2   2   2   2   2 | Arg CGT   0   0   0   0   0   0
    CTC   0   0   0   0   0   0 |     CCC   0   0   0   0   0   0 |     CAC   2   2   2   2   2   2 |     CGC   2   2   2   2   2   2
    CTA   0   0   0   0   0   0 |     CCA   1   1   1   1   2   1 | Gln CAA   0   0   0   0   1   0 |     CGA   1   1   1   1   1   1
    CTG   4   4   4   4   4   4 |     CCG   1   1   1   1   0   1 |     CAG   4   4   4   4   3   4 |     CGG   0   0   0   0   0   0
--------------------------------------------------------------------------------------------------------------------------------------
Ile ATT   2   2   2   2   1   2 | Thr ACT   0   0   0   0   0   0 | Asn AAT   2   2   2   2   1   0 | Ser AGT   0   0   0   0   0   1
    ATC   0   0   0   0   1   0 |     ACC   0   0   0   0   0   0 |     AAC   0   0   0   0   1   1 |     AGC   0   0   0   0   0   0
    ATA   0   0   0   0   0   0 |     ACA   0   0   0   0   0   0 | Lys AAA   1   1   1   1   1   0 | Arg AGA   0   0   0   0   0   1
Met ATG   2   2   2   1   2   2 |     ACG   0   0   0   0   0   0 |     AAG   1   1   1   1   1   1 |     AGG   0   0   0   0   0   0
--------------------------------------------------------------------------------------------------------------------------------------
Val GTT   0   0   0   0   0   0 | Ala GCT   0   0   0   1   1   1 | Asp GAT   1   1   1   2   1   1 | Gly GGT   0   0   0   0   0   0
    GTC   0   0   0   0   0   0 |     GCC   3   3   3   2   2   2 |     GAC   3   3   3   3   3   3 |     GGC   1   1   1   1   1   1
    GTA   0   0   0   0   0   0 |     GCA   0   0   0   0   0   0 | Glu GAA   0   0   0   0   0   0 |     GGA   2   2   2   2   2   2
    GTG   4   4   4   5   4   4 |     GCG   0   0   0   0   0   0 |     GAG   2   2   2   1   2   2 |     GGG   2   2   2   2   2   2
--------------------------------------------------------------------------------------------------------------------------------------

--------------------------------------------------------------------------------------------------------------------------------------
Phe TTT   2   2   2   2   2   2 | Ser TCT   1   1   1   1   1   1 | Tyr TAT   0   0   0   0   0   0 | Cys TGT   0   0   0   0   0   0
    TTC   0   0   0   0   0   0 |     TCC   0   0   0   0   0   0 |     TAC   2   2   2   2   2   2 |     TGC   0   0   0   0   0   0
Leu TTA   0   0   0   0   0   0 |     TCA   0   0   0   0   0   0 | *** TAA   0   0   0   0   0   0 | *** TGA   0   0   0   0   0   0
    TTG   0   0   0   0   0   0 |     TCG   0   0   0   0   0   0 |     TAG   0   0   0   0   0   0 | Trp TGG   0   0   0   0   0   0
--------------------------------------------------------------------------------------------------------------------------------------
Leu CTT   2   2   2   2   2   2 | Pro CCT   1   1   1   0   1   1 | His CAT   2   2   2   2   2   2 | Arg CGT   0   0   0   0   0   0
    CTC   0   0   0   0   0   0 |     CCC   0   0   0   1   0   0 |     CAC   2   2   2   2   2   2 |     CGC   2   2   2   2   2   2
    CTA   0   0   0   0   0   0 |     CCA   1   2   1   1   1   1 | Gln CAA   0   1   0   0   0   0 |     CGA   1   1   1   1   1   1
    CTG   4   4   4   4   4   4 |     CCG   1   0   1   1   1   1 |     CAG   4   3   4   4   4   4 |     CGG   0   0   0   0   0   0
--------------------------------------------------------------------------------------------------------------------------------------
Ile ATT   2   1   2   2   2   2 | Thr ACT   0   0   0   0   0   0 | Asn AAT   2   2   2   1   2   2 | Ser AGT   0   0   0   0   0   0
    ATC   0   1   0   0   0   0 |     ACC   0   0   0   0   0   0 |     AAC   0   0   0   1   0   0 |     AGC   0   0   0   0   0   0
    ATA   0   0   0   0   0   0 |     ACA   0   0   0   0   0   0 | Lys AAA   1   1   1   1   1   1 | Arg AGA   0   0   0   0   0   0
Met ATG   2   2   2   2   2   2 |     ACG   0   0   0   0   0   0 |     AAG   1   1   1   1   1   1 |     AGG   0   0   0   0   0   0
--------------------------------------------------------------------------------------------------------------------------------------
Val GTT   0   0   0   0   0   0 | Ala GCT   1   0   1   1   0   0 | Asp GAT   2   1   1   2   1   1 | Gly GGT   0   0   0   0   0   0
    GTC   0   0   0   0   0   0 |     GCC   2   3   2   2   3   3 |     GAC   2   3   3   2   3   3 |     GGC   1   1   1   1   1   1
    GTA   0   0   0   0   0   0 |     GCA   0   0   0   0   0   0 | Glu GAA   0   0   0   0   0   0 |     GGA   2   2   2   2   2   2
    GTG   4   4   4   4   4   4 |     GCG   0   0   0   0   0   0 |     GAG   2   2   2   2   2   2 |     GGG   2   2   2   2   2   2
--------------------------------------------------------------------------------------------------------------------------------------

--------------------------------------------------------------------------------------------------------------------------------------
Phe TTT   2   2   2   2   2   2 | Ser TCT   1   1   1   1   1   1 | Tyr TAT   0   0   0   0   0   0 | Cys TGT   0   0   0   0   0   0
    TTC   0   0   0   0   0   0 |     TCC   0   0   0   0   0   0 |     TAC   2   2   2   2   2   2 |     TGC   0   0   0   0   0   0
Leu TTA   0   0   0   0   0   0 |     TCA   0   0   0   0   0   0 | *** TAA   0   0   0   0   0   0 | *** TGA   0   0   0   0   0   0
    TTG   0   0   0   0   0   0 |     TCG   0   0   0   0   0   0 |     TAG   0   0   0   0   0   0 | Trp TGG   0   0   0   0   0   0
--------------------------------------------------------------------------------------------------------------------------------------
Leu CTT   2   2   2   2   2   2 | Pro CCT   1   1   1   1   1   1 | His CAT   2   2   2   2   2   2 | Arg CGT   0   0   0   0   0   0
    CTC   0   0   0   0   0   0 |     CCC   0   0   0   0   0   0 |     CAC   2   2   2   3   2   2 |     CGC   2   2   2   1   2   2
    CTA   0   0   0   0   0   0 |     CCA   1   1   1   1   1   1 | Gln CAA   0   0   0   0   0   0 |     CGA   1   1   1   1   1   1
    CTG   4   4   4   4   4   4 |     CCG   1   1   1   1   1   1 |     CAG   4   4   4   4   4   4 |     CGG   0   0   0   0   0   0
--------------------------------------------------------------------------------------------------------------------------------------
Ile ATT   1   2   2   2   2   2 | Thr ACT   0   0   0   0   0   0 | Asn AAT   2   2   2   2   2   2 | Ser AGT   0   0   0   0   0   0
    ATC   1   0   0   0   0   0 |     ACC   0   0   0   0   0   0 |     AAC   0   0   0   0   0   0 |     AGC   0   0   0   0   0   0
    ATA   0   0   0   0   0   0 |     ACA   0   0   0   0   0   0 | Lys AAA   1   1   1   1   1   1 | Arg AGA   0   0   0   0   0   0
Met ATG   2   2   2   2   2   2 |     ACG   0   0   0   0   0   0 |     AAG   1   1   1   1   1   1 |     AGG   0   0   0   0   0   0
--------------------------------------------------------------------------------------------------------------------------------------
Val GTT   0   0   0   0   0   0 | Ala GCT   0   0   0   0   0   0 | Asp GAT   1   0   1   1   1   1 | Gly GGT   0   0   0   0   0   0
    GTC   0   0   0   0   0   0 |     GCC   3   3   3   3   3   3 |     GAC   3   4   3   3   3   3 |     GGC   1   1   1   1   1   1
    GTA   0   0   0   0   1   1 |     GCA   0   0   0   0   0   0 | Glu GAA   0   0   0   0   0   0 |     GGA   2   2   2   2   2   2
    GTG   4   4   4   4   3   3 |     GCG   0   0   0   0   0   0 |     GAG   2   2   2   2   2   2 |     GGG   2   2   2   2   2   2
--------------------------------------------------------------------------------------------------------------------------------------

Codon position x base (3x4) table for each sequence.

#1: Argali         
position  1:    T:0.09804    C:0.39216    A:0.15686    G:0.35294
position  2:    T:0.31373    C:0.13725    A:0.39216    G:0.15686
position  3:    T:0.25490    C:0.25490    A:0.09804    G:0.39216
Average         T:0.22222    C:0.26144    A:0.21569    G:0.30065

#2: LesserMouseDeer
position  1:    T:0.09804    C:0.39216    A:0.13725    G:0.37255
position  2:    T:0.31373    C:0.13725    A:0.37255    G:0.17647
position  3:    T:0.17647    C:0.31373    A:0.09804    G:0.41176
Average         T:0.19608    C:0.28105    A:0.20261    G:0.32026

#3: LesserKudu     
position  1:    T:0.09804    C:0.39216    A:0.15686    G:0.35294
position  2:    T:0.31373    C:0.13725    A:0.41176    G:0.13725
position  3:    T:0.25490    C:0.25490    A:0.11765    G:0.37255
Average         T:0.22222    C:0.26144    A:0.22876    G:0.28758

#4: ForestMuskDeer2
position  1:    T:0.09804    C:0.39216    A:0.15686    G:0.35294
position  2:    T:0.31373    C:0.13725    A:0.41176    G:0.13725
position  3:    T:0.25490    C:0.25490    A:0.09804    G:0.39216
Average         T:0.22222    C:0.26144    A:0.22222    G:0.29412

#5: Camel          
position  1:    T:0.09804    C:0.37255    A:0.15686    G:0.37255
position  2:    T:0.31373    C:0.13725    A:0.41176    G:0.13725
position  3:    T:0.23529    C:0.25490    A:0.11765    G:0.39216
Average         T:0.21569    C:0.25490    A:0.22876    G:0.30065

#6: KillerWhale    
position  1:    T:0.11765    C:0.39216    A:0.13725    G:0.35294
position  2:    T:0.31373    C:0.13725    A:0.37255    G:0.17647
position  3:    T:0.19608    C:0.29412    A:0.11765    G:0.39216
Average         T:0.20915    C:0.27451    A:0.20915    G:0.30719

#7: DefassaWaterbuck
position  1:    T:0.09804    C:0.39216    A:0.15686    G:0.35294
position  2:    T:0.31373    C:0.13725    A:0.39216    G:0.15686
position  3:    T:0.29412    C:0.23529    A:0.09804    G:0.37255
Average         T:0.23529    C:0.25490    A:0.21569    G:0.29412

#8: Sheep          
position  1:    T:0.09804    C:0.39216    A:0.15686    G:0.35294
position  2:    T:0.31373    C:0.13725    A:0.39216    G:0.15686
position  3:    T:0.25490    C:0.25490    A:0.09804    G:0.39216
Average         T:0.22222    C:0.26144    A:0.21569    G:0.30065

#9: MaxwellsDuiker 
position  1:    T:0.09804    C:0.39216    A:0.15686    G:0.35294
position  2:    T:0.31373    C:0.13725    A:0.39216    G:0.15686
position  3:    T:0.25490    C:0.25490    A:0.09804    G:0.39216
Average         T:0.22222    C:0.26144    A:0.21569    G:0.30065

#10: GazellaPrzewalskyi
position  1:    T:0.09804    C:0.39216    A:0.15686    G:0.35294
position  2:    T:0.31373    C:0.13725    A:0.39216    G:0.15686
position  3:    T:0.23529    C:0.27451    A:0.11765    G:0.37255
Average         T:0.21569    C:0.26797    A:0.22222    G:0.29412

#11: MountainNyala  
position  1:    T:0.09804    C:0.39216    A:0.15686    G:0.35294
position  2:    T:0.31373    C:0.13725    A:0.39216    G:0.15686
position  3:    T:0.25490    C:0.25490    A:0.11765    G:0.37255
Average         T:0.22222    C:0.26144    A:0.22222    G:0.29412

#12: MuntiacusMuntjak
position  1:    T:0.09804    C:0.39216    A:0.15686    G:0.35294
position  2:    T:0.31373    C:0.13725    A:0.39216    G:0.15686
position  3:    T:0.27451    C:0.23529    A:0.09804    G:0.39216
Average         T:0.22876    C:0.25490    A:0.21569    G:0.30065

#13: goat           
position  1:    T:0.09804    C:0.39216    A:0.15686    G:0.35294
position  2:    T:0.31373    C:0.13725    A:0.39216    G:0.15686
position  3:    T:0.25490    C:0.25490    A:0.09804    G:0.39216
Average         T:0.22222    C:0.26144    A:0.21569    G:0.30065

#14: AfricanBuffalo 
position  1:    T:0.09804    C:0.39216    A:0.15686    G:0.35294
position  2:    T:0.31373    C:0.13725    A:0.39216    G:0.15686
position  3:    T:0.25490    C:0.25490    A:0.09804    G:0.39216
Average         T:0.22222    C:0.26144    A:0.21569    G:0.30065

#15: Topi           
position  1:    T:0.09804    C:0.39216    A:0.15686    G:0.35294
position  2:    T:0.31373    C:0.13725    A:0.39216    G:0.15686
position  3:    T:0.25490    C:0.25490    A:0.09804    G:0.39216
Average         T:0.22222    C:0.26144    A:0.21569    G:0.30065

#16: CommonDuiker   
position  1:    T:0.09804    C:0.39216    A:0.15686    G:0.35294
position  2:    T:0.31373    C:0.13725    A:0.39216    G:0.15686
position  3:    T:0.25490    C:0.25490    A:0.09804    G:0.39216
Average         T:0.22222    C:0.26144    A:0.21569    G:0.30065

#17: Suni           
position  1:    T:0.09804    C:0.39216    A:0.15686    G:0.35294
position  2:    T:0.31373    C:0.13725    A:0.39216    G:0.15686
position  3:    T:0.23529    C:0.27451    A:0.11765    G:0.37255
Average         T:0.21569    C:0.26797    A:0.22222    G:0.29412

#18: Springbuck     
position  1:    T:0.09804    C:0.39216    A:0.15686    G:0.35294
position  2:    T:0.31373    C:0.13725    A:0.39216    G:0.15686
position  3:    T:0.23529    C:0.27451    A:0.13725    G:0.35294
Average         T:0.21569    C:0.26797    A:0.22876    G:0.28758

#19: Okapi          
position  1:    T:0.09804    C:0.39216    A:0.15686    G:0.35294
position  2:    T:0.31373    C:0.13725    A:0.39216    G:0.15686
position  3:    T:0.27451    C:0.23529    A:0.11765    G:0.37255
Average         T:0.22876    C:0.25490    A:0.22222    G:0.29412

#20: Giraffe        
position  1:    T:0.09804    C:0.39216    A:0.15686    G:0.35294
position  2:    T:0.31373    C:0.13725    A:0.39216    G:0.15686
position  3:    T:0.27451    C:0.23529    A:0.09804    G:0.39216
Average         T:0.22876    C:0.25490    A:0.21569    G:0.30065

#21: TibetanAntelope
position  1:    T:0.09804    C:0.39216    A:0.15686    G:0.35294
position  2:    T:0.31373    C:0.13725    A:0.39216    G:0.15686
position  3:    T:0.25490    C:0.25490    A:0.09804    G:0.39216
Average         T:0.22222    C:0.26144    A:0.21569    G:0.30065

#22: Sitatunga      
position  1:    T:0.09804    C:0.39216    A:0.15686    G:0.35294
position  2:    T:0.31373    C:0.13725    A:0.39216    G:0.15686
position  3:    T:0.25490    C:0.25490    A:0.11765    G:0.37255
Average         T:0.22222    C:0.26144    A:0.22222    G:0.29412

#23: Oribi          
position  1:    T:0.09804    C:0.39216    A:0.15686    G:0.35294
position  2:    T:0.31373    C:0.13725    A:0.39216    G:0.15686
position  3:    T:0.23529    C:0.27451    A:0.11765    G:0.37255
Average         T:0.21569    C:0.26797    A:0.22222    G:0.29412

#24: BarbarySheep   
position  1:    T:0.09804    C:0.39216    A:0.15686    G:0.35294
position  2:    T:0.31373    C:0.13725    A:0.39216    G:0.15686
position  3:    T:0.25490    C:0.25490    A:0.09804    G:0.39216
Average         T:0.22222    C:0.26144    A:0.21569    G:0.30065

#25: Daviddeer      
position  1:    T:0.09804    C:0.39216    A:0.15686    G:0.35294
position  2:    T:0.31373    C:0.13725    A:0.39216    G:0.15686
position  3:    T:0.29412    C:0.21569    A:0.09804    G:0.39216
Average         T:0.23529    C:0.24837    A:0.21569    G:0.30065

#26: Reindeer       
position  1:    T:0.09804    C:0.39216    A:0.15686    G:0.35294
position  2:    T:0.31373    C:0.13725    A:0.39216    G:0.15686
position  3:    T:0.27451    C:0.23529    A:0.09804    G:0.39216
Average         T:0.22876    C:0.25490    A:0.21569    G:0.30065

#27: Ibex           
position  1:    T:0.09804    C:0.39216    A:0.15686    G:0.35294
position  2:    T:0.31373    C:0.13725    A:0.39216    G:0.15686
position  3:    T:0.25490    C:0.25490    A:0.09804    G:0.39216
Average         T:0.22222    C:0.26144    A:0.21569    G:0.30065

#28: GyrantGazelle  
position  1:    T:0.09804    C:0.39216    A:0.15686    G:0.35294
position  2:    T:0.31373    C:0.13725    A:0.39216    G:0.15686
position  3:    T:0.27451    C:0.25490    A:0.11765    G:0.35294
Average         T:0.22876    C:0.26144    A:0.22222    G:0.28758

#29: Hartebeest     
position  1:    T:0.09804    C:0.39216    A:0.15686    G:0.35294
position  2:    T:0.31373    C:0.13725    A:0.39216    G:0.15686
position  3:    T:0.25490    C:0.25490    A:0.09804    G:0.39216
Average         T:0.22222    C:0.26144    A:0.21569    G:0.30065

#30: Bongo          
position  1:    T:0.09804    C:0.39216    A:0.15686    G:0.35294
position  2:    T:0.31373    C:0.13725    A:0.39216    G:0.15686
position  3:    T:0.25490    C:0.25490    A:0.11765    G:0.37255
Average         T:0.22222    C:0.26144    A:0.22222    G:0.29412

#31: Gerenuk        
position  1:    T:0.09804    C:0.39216    A:0.15686    G:0.35294
position  2:    T:0.31373    C:0.13725    A:0.41176    G:0.13725
position  3:    T:0.25490    C:0.25490    A:0.11765    G:0.37255
Average         T:0.22222    C:0.26144    A:0.22876    G:0.28758

#32: CommonEland    
position  1:    T:0.09804    C:0.39216    A:0.15686    G:0.35294
position  2:    T:0.31373    C:0.13725    A:0.39216    G:0.15686
position  3:    T:0.23529    C:0.27451    A:0.11765    G:0.37255
Average         T:0.21569    C:0.26797    A:0.22222    G:0.29412

#33: MuntiacusReevesi
position  1:    T:0.09804    C:0.39216    A:0.15686    G:0.35294
position  2:    T:0.31373    C:0.13725    A:0.39216    G:0.15686
position  3:    T:0.27451    C:0.23529    A:0.09804    G:0.39216
Average         T:0.22876    C:0.25490    A:0.21569    G:0.30065

#34: HarveysDuiker  
position  1:    T:0.09804    C:0.39216    A:0.15686    G:0.35294
position  2:    T:0.31373    C:0.13725    A:0.39216    G:0.15686
position  3:    T:0.25490    C:0.25490    A:0.09804    G:0.39216
Average         T:0.22222    C:0.26144    A:0.21569    G:0.30065

#35: Pronghorn      
position  1:    T:0.09804    C:0.39216    A:0.15686    G:0.35294
position  2:    T:0.31373    C:0.13725    A:0.37255    G:0.17647
position  3:    T:0.25490    C:0.25490    A:0.07843    G:0.41176
Average         T:0.22222    C:0.26144    A:0.20261    G:0.31373

#36: BlueWildebeest 
position  1:    T:0.09804    C:0.39216    A:0.15686    G:0.35294
position  2:    T:0.31373    C:0.13725    A:0.39216    G:0.15686
position  3:    T:0.25490    C:0.25490    A:0.09804    G:0.39216
Average         T:0.22222    C:0.26144    A:0.21569    G:0.30065

#37: Gemsbok        
position  1:    T:0.09804    C:0.39216    A:0.15686    G:0.35294
position  2:    T:0.31373    C:0.13725    A:0.39216    G:0.15686
position  3:    T:0.25490    C:0.25490    A:0.09804    G:0.39216
Average         T:0.22222    C:0.26144    A:0.21569    G:0.30065

#38: Yak            
position  1:    T:0.09804    C:0.39216    A:0.15686    G:0.35294
position  2:    T:0.31373    C:0.13725    A:0.39216    G:0.15686
position  3:    T:0.25490    C:0.25490    A:0.09804    G:0.39216
Average         T:0.22222    C:0.26144    A:0.21569    G:0.30065

#39: BlueSheep      
position  1:    T:0.09804    C:0.39216    A:0.15686    G:0.35294
position  2:    T:0.31373    C:0.13725    A:0.39216    G:0.15686
position  3:    T:0.25490    C:0.25490    A:0.09804    G:0.39216
Average         T:0.22222    C:0.26144    A:0.21569    G:0.30065

#40: BohorReedbuck  
position  1:    T:0.09804    C:0.39216    A:0.13725    G:0.37255
position  2:    T:0.31373    C:0.13725    A:0.39216    G:0.15686
position  3:    T:0.29412    C:0.23529    A:0.09804    G:0.37255
Average         T:0.23529    C:0.25490    A:0.20915    G:0.30065

#41: KirksDik       
position  1:    T:0.09804    C:0.39216    A:0.15686    G:0.35294
position  2:    T:0.31373    C:0.13725    A:0.39216    G:0.15686
position  3:    T:0.23529    C:0.27451    A:0.13725    G:0.35294
Average         T:0.21569    C:0.26797    A:0.22876    G:0.28758

#42: RoeDeer        
position  1:    T:0.09804    C:0.39216    A:0.15686    G:0.35294
position  2:    T:0.31373    C:0.13725    A:0.35294    G:0.19608
position  3:    T:0.25490    C:0.25490    A:0.09804    G:0.39216
Average         T:0.22222    C:0.26144    A:0.20261    G:0.31373

#43: WhiteLippedDeer
position  1:    T:0.09804    C:0.39216    A:0.15686    G:0.35294
position  2:    T:0.31373    C:0.13725    A:0.39216    G:0.15686
position  3:    T:0.29412    C:0.21569    A:0.09804    G:0.39216
Average         T:0.23529    C:0.24837    A:0.21569    G:0.30065

#44: ThomsonGazelle 
position  1:    T:0.09804    C:0.39216    A:0.15686    G:0.35294
position  2:    T:0.31373    C:0.13725    A:0.39216    G:0.15686
position  3:    T:0.23529    C:0.27451    A:0.13725    G:0.35294
Average         T:0.21569    C:0.26797    A:0.22876    G:0.28758

#45: MuntiacusCrinifrons
position  1:    T:0.09804    C:0.39216    A:0.15686    G:0.35294
position  2:    T:0.31373    C:0.13725    A:0.39216    G:0.15686
position  3:    T:0.27451    C:0.23529    A:0.09804    G:0.39216
Average         T:0.22876    C:0.25490    A:0.21569    G:0.30065

#46: WhiteTailedDeer
position  1:    T:0.09804    C:0.39216    A:0.15686    G:0.35294
position  2:    T:0.31373    C:0.13725    A:0.39216    G:0.15686
position  3:    T:0.25490    C:0.25490    A:0.09804    G:0.39216
Average         T:0.22222    C:0.26144    A:0.21569    G:0.30065

#47: Cattle         
position  1:    T:0.09804    C:0.39216    A:0.15686    G:0.35294
position  2:    T:0.31373    C:0.13725    A:0.39216    G:0.15686
position  3:    T:0.25490    C:0.25490    A:0.09804    G:0.39216
Average         T:0.22222    C:0.26144    A:0.21569    G:0.30065

#48: RoyalAntelope  
position  1:    T:0.09804    C:0.39216    A:0.15686    G:0.35294
position  2:    T:0.31373    C:0.13725    A:0.39216    G:0.15686
position  3:    T:0.25490    C:0.25490    A:0.09804    G:0.39216
Average         T:0.22222    C:0.26144    A:0.21569    G:0.30065

#49: Steenbok       
position  1:    T:0.09804    C:0.39216    A:0.15686    G:0.35294
position  2:    T:0.31373    C:0.13725    A:0.39216    G:0.15686
position  3:    T:0.23529    C:0.27451    A:0.09804    G:0.39216
Average         T:0.21569    C:0.26797    A:0.21569    G:0.30065

#50: Impala         
position  1:    T:0.09804    C:0.39216    A:0.15686    G:0.35294
position  2:    T:0.31373    C:0.13725    A:0.39216    G:0.15686
position  3:    T:0.23529    C:0.27451    A:0.09804    G:0.39216
Average         T:0.21569    C:0.26797    A:0.21569    G:0.30065

#51: Klipspringer   
position  1:    T:0.09804    C:0.39216    A:0.15686    G:0.35294
position  2:    T:0.31373    C:0.13725    A:0.39216    G:0.15686
