1
52 1
Argali 0.000000 0.298900 0.116500 0.341300 0.131300 0.000000 0.170600 0.105100 0.087800 0.252900 0.057300 0.148900 0.120000 0.207100 0.147300 0.152600 0.169400 0.168200 0.072600 0.072000 0.057600 0.043500 0.201500 0.201500 0.057300 0.086000 0.120000 0.102200 0.085800 0.088100 0.252900 0.224400 0.181900 0.120000 0.072400 0.144600 0.057300 0.133900 0.072300 0.186700 0.199800 0.087800 0.252900 0.203900 0.130300 0.069700 0.102500 0.115600 0.071000 0.118800 0.088300 0.087700
LesserMous 0.298900 0.000000 0.261400 0.315800 0.276700 0.298900 0.295200 0.271100 0.229800 0.325300 0.304500 0.282000 0.289500 0.338000 0.377500 0.308700 0.253000 0.195900 0.249900 0.245200 0.283400 0.266200 0.248500 0.213600 0.304500 0.297500 0.289500 0.245800 0.296500 0.229200 0.325300 0.358400 0.280700 0.289500 0.246400 0.310500 0.304500 0.320700 0.246000 0.196300 0.247700 0.304500 0.325300 0.216400 0.294400 0.318200 0.321400 0.257200 0.276600 0.229000 0.230000 0.229800
LesserKudu 0.116500 0.261400 0.000000 0.301100 0.100200 0.116500 0.205400 0.137200 0.028400 0.234600 0.087400 0.101500 0.152300 0.207000 0.147200 0.186100 0.186700 0.135600 0.135100 0.042600 0.102800 0.104800 0.167800 0.167800 0.087400 0.116400 0.152300 0.042500 0.116200 0.057800 0.234600 0.224200 0.182500 0.152300 0.102800 0.098600 0.087400 0.102300 0.102700 0.153100 0.166500 0.118800 0.234600 0.169900 0.084600 0.132000 0.133900 0.056000 0.100900 0.087800 0.028600 0.057600
KillerWhal 0.341300 0.315800 0.301100 0.000000 0.357000 0.341300 0.423400 0.353900 0.268400 0.327000 0.348300 0.323300 0.373800 0.427600 0.383500 0.394900 0.350700 0.290200 0.290400 0.284000 0.325800 0.334800 0.287300 0.251100 0.348300 0.340500 0.373800 0.285000 0.339300 0.230300 0.327000 0.449900 0.302400 0.373800 0.326100 0.352800 0.348300 0.365800 0.306200 0.270200 0.286500 0.347600 0.327000 0.294000 0.335900 0.361400 0.324100 0.295800 0.279300 0.267100 0.268700 0.268000
DefassaWat 0.131300 0.276700 0.100200 0.357000 0.000000 0.131300 0.185800 0.152100 0.071900 0.181700 0.102200 0.147100 0.135500 0.221300 0.131000 0.167300 0.219500 0.183600 0.150300 0.086000 0.116900 0.119800 0.182600 0.217300 0.102200 0.100100 0.135500 0.086100 0.130000 0.102200 0.181700 0.238900 0.197100 0.135500 0.117000 0.112700 0.102200 0.056300 0.116800 0.201300 0.182200 0.102200 0.181700 0.219900 0.098800 0.113600 0.147400 0.069700 0.114800 0.102000 0.072000 0.102400
Sheep 0.000000 0.298900 0.116500 0.341300 0.131300 0.000000 0.170600 0.105100 0.087800 0.252900 0.057300 0.148900 0.120000 0.207100 0.147300 0.152600 0.169400 0.168200 0.072600 0.072000 0.057600 0.043500 0.201500 0.201500 0.057300 0.086000 0.120000 0.102200 0.085800 0.088100 0.252900 0.224400 0.181900 0.120000 0.072400 0.144600 0.057300 0.133900 0.072300 0.186700 0.199800 0.087800 0.252900 0.203900 0.130300 0.069700 0.102500 0.115600 0.071000 0.118800 0.088300 0.087700
MaxwellsDu 0.170600 0.295200 0.205400 0.423400 0.185800 0.170600 0.000000 0.159400 0.174500 0.406900 0.209300 0.243000 0.212900 0.061600 0.239400 0.209500 0.290800 0.268000 0.193500 0.154900 0.173700 0.195500 0.343300 0.306500 0.209300 0.204500 0.212900 0.190100 0.204000 0.209300 0.406900 0.077300 0.276700 0.212900 0.156500 0.235500 0.209300 0.224800 0.156600 0.327800 0.342400 0.209000 0.406900 0.310800 0.219900 0.187100 0.225400 0.202500 0.186200 0.245300 0.174600 0.209800
GazellaPrz 0.105100 0.271100 0.137200 0.353900 0.152100 0.105100 0.159400 0.000000 0.107300 0.262800 0.106800 0.171700 0.107700 0.161600 0.204500 0.140400 0.210400 0.174700 0.124000 0.122200 0.090400 0.092700 0.208000 0.174500 0.106800 0.104500 0.107700 0.122400 0.104300 0.107100 0.262800 0.178700 0.221900 0.107700 0.090400 0.166500 0.106800 0.155100 0.059400 0.192800 0.207500 0.106900 0.262800 0.176400 0.151600 0.119900 0.122100 0.135300 0.088700 0.139400 0.107400 0.107300
MountainNy 0.087800 0.229800 0.028400 0.268400 0.071900 0.087800 0.174500 0.107300 0.000000 0.204200 0.089100 0.072800 0.122400 0.175800 0.118400 0.155700 0.156200 0.105900 0.105600 0.014300 0.073800 0.075200 0.138000 0.138000 0.089100 0.087700 0.127500 0.014200 0.087500 0.029100 0.204200 0.192900 0.152800 0.122400 0.073800 0.070700 0.089100 0.073400 0.073700 0.123000 0.136900 0.089600 0.204200 0.139700 0.056700 0.102600 0.104600 0.028200 0.072400 0.058800 0.000000 0.029000
MuntiacusM 0.252900 0.325300 0.234600 0.327000 0.181700 0.252900 0.406900 0.262800 0.204200 0.000000 0.221400 0.218300 0.242200 0.409200 0.269700 0.262000 0.242900 0.223200 0.205500 0.220800 0.239300 0.244000 0.153300 0.153200 0.221400 0.218200 0.242200 0.219500 0.216600 0.171000 0.000000 0.432000 0.202700 0.242200 0.239400 0.178300 0.221400 0.219600 0.239000 0.171600 0.152100 0.223200 0.000000 0.188900 0.163600 0.237000 0.239000 0.198700 0.199900 0.170500 0.205900 0.204200
goat 0.057300 0.304500 0.087400 0.348300 0.102200 0.057300 0.209300 0.106800 0.089100 0.221400 0.000000 0.151300 0.090200 0.211000 0.182700 0.122400 0.172400 0.171100 0.073800 0.104100 0.073500 0.044200 0.170800 0.204900 0.000000 0.057500 0.090200 0.103800 0.087200 0.089400 0.221400 0.228500 0.219900 0.090200 0.073500 0.146900 0.000000 0.136000 0.073400 0.189800 0.169400 0.058700 0.221400 0.207500 0.132300 0.071200 0.104200 0.117300 0.072100 0.120700 0.089700 0.089100
AfricanBuf 0.148900 0.282000 0.101500 0.323300 0.147100 0.148900 0.243000 0.171700 0.072800 0.218300 0.151300 0.000000 0.187000 0.244900 0.164200 0.187600 0.170600 0.152700 0.169000 0.087500 0.135100 0.137800 0.185700 0.185800 0.151300 0.148800 0.187000 0.087200 0.148500 0.104000 0.218300 0.263000 0.200600 0.187000 0.135200 0.087900 0.151300 0.150300 0.135000 0.170900 0.184200 0.151900 0.218300 0.188100 0.070200 0.165500 0.167500 0.100600 0.101600 0.103800 0.073300 0.103600
Topi 0.120000 0.289500 0.152300 0.373800 0.135500 0.120000 0.212900 0.107700 0.122400 0.242200 0.090200 0.187000 0.000000 0.214400 0.219900 0.157600 0.157700 0.156300 0.106800 0.137900 0.105900 0.108000 0.190100 0.225100 0.090200 0.088800 0.000000 0.137500 0.119700 0.122800 0.242200 0.232300 0.240400 0.000000 0.074700 0.181500 0.090200 0.154000 0.105800 0.209800 0.188500 0.090700 0.242200 0.227600 0.166500 0.103900 0.137900 0.119000 0.103900 0.139600 0.123200 0.122400
CommonDuik 0.207100 0.338000 0.207000 0.427600 0.221300 0.207100 0.061600 0.161600 0.175800 0.409200 0.211000 0.244900 0.214400 0.000000 0.278800 0.212500 0.311400 0.270100 0.195000 0.190800 0.191500 0.197000 0.345400 0.308400 0.211000 0.205900 0.214400 0.191500 0.205400 0.210900 0.409200 0.015200 0.320300 0.214400 0.157600 0.237200 0.211000 0.226400 0.157800 0.329900 0.344500 0.210400 0.409200 0.312800 0.221500 0.224100 0.227300 0.203800 0.187500 0.247100 0.175900 0.211400
Suni 0.147300 0.377500 0.147200 0.383500 0.131000 0.147300 0.239400 0.204500 0.118400 0.269700 0.182700 0.164200 0.219900 0.278800 0.000000 0.255700 0.293200 0.236300 0.201100 0.102100 0.150500 0.169700 0.271800 0.271800 0.182700 0.180000 0.219900 0.132900 0.146900 0.151300 0.269700 0.279600 0.181400 0.219900 0.166400 0.128200 0.182700 0.133700 0.166100 0.257000 0.269400 0.184000 0.269700 0.275100 0.114100 0.163700 0.199400 0.115300 0.163300 0.150800 0.119300 0.150500
Springbuck 0.152600 0.308700 0.186100 0.394900 0.167300 0.152600 0.209500 0.140400 0.155700 0.262000 0.122400 0.187600 0.157600 0.212500 0.255700 0.000000 0.246600 0.209100 0.173300 0.170500 0.137700 0.141300 0.207400 0.191900 0.122400 0.088500 0.157600 0.154800 0.119300 0.155200 0.262000 0.230000 0.256800 0.157600 0.137800 0.199300 0.122400 0.204800 0.105600 0.210600 0.207000 0.090400 0.262000 0.194300 0.200400 0.135500 0.170600 0.183700 0.135000 0.155000 0.155800 0.155600
Okapi 0.169400 0.253000 0.186700 0.350700 0.219500 0.169400 0.290800 0.210400 0.156200 0.242900 0.172400 0.170600 0.157700 0.311400 0.293200 0.246600 0.000000 0.107500 0.156900 0.171000 0.189100 0.158600 0.207700 0.209100 0.172400 0.203000 0.157700 0.171500 0.202600 0.155700 0.242900 0.331100 0.223000 0.157700 0.155500 0.198600 0.172400 0.241100 0.189000 0.192500 0.207200 0.207500 0.242900 0.176600 0.183500 0.220900 0.188200 0.150900 0.185200 0.139400 0.156300 0.156000
Giraffe 0.168200 0.195900 0.135600 0.290200 0.183600 0.168200 0.268000 0.174700 0.105900 0.223200 0.171100 0.152700 0.156300 0.270100 0.236300 0.209100 0.107500 0.000000 0.155700 0.121300 0.154300 0.157400 0.155600 0.155600 0.171100 0.168200 0.156300 0.120800 0.167800 0.106300 0.223200 0.289000 0.170500 0.156300 0.121800 0.180600 0.171100 0.187600 0.154200 0.140500 0.154300 0.171900 0.223200 0.157600 0.165700 0.185800 0.187900 0.134400 0.151300 0.106100 0.106700 0.105900
TibetanAnt 0.072600 0.249900 0.135100 0.290400 0.150300 0.072600 0.193500 0.124000 0.105600 0.205500 0.073800 0.169000 0.106800 0.195000 0.201100 0.173300 0.156900 0.155700 0.000000 0.120800 0.089500 0.059800 0.189200 0.155300 0.073800 0.103500 0.106800 0.120500 0.103200 0.074600 0.205500 0.212400 0.239400 0.106800 0.058900 0.164000 0.073800 0.153500 0.089400 0.174100 0.187600 0.105600 0.205500 0.191600 0.149300 0.119000 0.089400 0.133900 0.057700 0.137900 0.106300 0.105500
Sitatunga 0.072000 0.245200 0.042600 0.284000 0.086000 0.072000 0.154900 0.122200 0.014300 0.220800 0.104100 0.087500 0.137900 0.190800 0.102100 0.170500 0.171000 0.121300 0.120800 0.000000 0.073200 0.090400 0.152700 0.153600 0.104100 0.102000 0.137900 0.028500 0.101800 0.043500 0.220800 0.208100 0.134700 0.137900 0.088200 0.085100 0.104100 0.087800 0.088100 0.137900 0.152400 0.104100 0.220800 0.155500 0.071000 0.084700 0.119100 0.042100 0.086600 0.073300 0.014300 0.043500
Oribi 0.057600 0.283400 0.102800 0.325800 0.116900 0.057600 0.173700 0.090400 0.073800 0.239300 0.073500 0.135100 0.105900 0.191500 0.150500 0.137700 0.189100 0.154300 0.089500 0.073200 0.000000 0.059500 0.186600 0.187700 0.073500 0.071900 0.105900 0.088400 0.071700 0.073700 0.239300 0.208800 0.185200 0.105900 0.058000 0.131100 0.073500 0.119400 0.058000 0.171800 0.186200 0.073400 0.239300 0.190000 0.116700 0.072900 0.088200 0.101400 0.057000 0.104400 0.073900 0.073800
BarbaryShe 0.043500 0.266200 0.104800 0.334800 0.119800 0.043500 0.195500 0.092700 0.075200 0.244000 0.044200 0.137800 0.108000 0.197000 0.169700 0.141300 0.158600 0.157400 0.059800 0.090400 0.059500 0.000000 0.191400 0.191500 0.044200 0.073700 0.108000 0.090100 0.073500 0.075500 0.244000 0.214700 0.188000 0.108000 0.059500 0.133700 0.044200 0.122400 0.059400 0.176200 0.189800 0.075200 0.244000 0.193900 0.119000 0.088300 0.090400 0.103900 0.058400 0.106900 0.075700 0.077600
Daviddeer 0.201500 0.248500 0.167800 0.287300 0.182600 0.201500 0.343300 0.208000 0.138000 0.153300 0.170800 0.185700 0.190100 0.345400 0.271800 0.207400 0.207700 0.155600 0.189200 0.152700 0.186600 0.191400 0.000000 0.121700 0.170800 0.167100 0.190100 0.153000 0.199900 0.137600 0.153300 0.365500 0.203200 0.190100 0.186700 0.213500 0.170800 0.220600 0.186500 0.106200 0.000100 0.170800 0.153300 0.123200 0.198400 0.184000 0.220800 0.165500 0.182900 0.137400 0.138100 0.137900
Reindeer 0.201500 0.213600 0.167800 0.251100 0.217300 0.201500 0.306500 0.174500 0.138000 0.153200 0.204900 0.185800 0.225100 0.308400 0.271800 0.191900 0.209100 0.155600 0.155300 0.153600 0.187700 0.191500 0.121700 0.000000 0.204900 0.201600 0.225100 0.153000 0.201000 0.106100 0.153200 0.328000 0.204400 0.225100 0.187900 0.213600 0.204900 0.222000 0.154000 0.044200 0.120600 0.206000 0.153200 0.029400 0.198500 0.220100 0.187500 0.166400 0.151000 0.138200 0.138900 0.138000
Ibex 0.057300 0.304500 0.087400 0.348300 0.102200 0.057300 0.209300 0.106800 0.089100 0.221400 0.000000 0.151300 0.090200 0.211000 0.182700 0.122400 0.172400 0.171100 0.073800 0.104100 0.073500 0.044200 0.170800 0.204900 0.000000 0.057500 0.093600 0.103800 0.087200 0.089400 0.221400 0.228500 0.219900 0.090200 0.073500 0.146900 0.000000 0.136000 0.073400 0.189800 0.169400 0.058700 0.221400 0.207500 0.132300 0.071200 0.104200 0.117300 0.072100 0.120700 0.089700 0.089100
GyrantGaze 0.086000 0.297500 0.116400 0.340500 0.100100 0.086000 0.204500 0.104500 0.087700 0.218200 0.057500 0.148800 0.088800 0.205900 0.180000 0.088500 0.203000 0.168200 0.103500 0.102000 0.071900 0.073700 0.167100 0.201600 0.057500 0.000000 0.088800 0.102200 0.056200 0.087700 0.218200 0.221800 0.215300 0.088800 0.071900 0.144700 0.057500 0.133000 0.071800 0.185600 0.166700 0.028200 0.218200 0.204000 0.130300 0.068600 0.101900 0.114800 0.070600 0.118100 0.087800 0.087700
Hartebeest 0.120000 0.289500 0.152300 0.373800 0.135500 0.120000 0.212900 0.107700 0.127500 0.242200 0.090200 0.187000 0.000000 0.214400 0.219900 0.157600 0.157700 0.156300 0.106800 0.137900 0.105900 0.108000 0.190100 0.225100 0.093600 0.088800 0.000000 0.137500 0.119700 0.122800 0.242200 0.232300 0.240400 0.000000 0.074700 0.181500 0.094000 0.154000 0.105800 0.209800 0.188500 0.090700 0.242200 0.227600 0.166500 0.103900 0.137900 0.119000 0.103900 0.139600 0.123200 0.122400
Bongo 0.102200 0.245800 0.042500 0.285000 0.086100 0.102200 0.190100 0.122400 0.014200 0.219500 0.103800 0.087200 0.137500 0.191500 0.132900 0.154800 0.171500 0.120800 0.120500 0.028500 0.088400 0.090100 0.153000 0.153000 0.103800 0.102200 0.137500 0.000000 0.101900 0.043500 0.219500 0.208700 0.167800 0.137500 0.088400 0.055600 0.103800 0.087900 0.088300 0.138200 0.151800 0.104300 0.219500 0.154900 0.070700 0.117400 0.119400 0.042100 0.086700 0.073400 0.014300 0.043400
Gerenuk 0.085800 0.296500 0.116200 0.339300 0.130000 0.085800 0.204000 0.104300 0.087500 0.216600 0.087200 0.148500 0.119700 0.205400 0.146900 0.119300 0.202600 0.167800 0.103200 0.101800 0.071700 0.073500 0.199900 0.201000 0.087200 0.056200 0.119700 0.101900 0.000000 0.087400 0.216600 0.222900 0.180600 0.119700 0.071800 0.113400 0.087200 0.132700 0.071600 0.185200 0.199400 0.057300 0.216600 0.203500 0.099300 0.099000 0.101700 0.114500 0.070400 0.117900 0.087700 0.087500
CommonElan 0.088100 0.229200 0.057800 0.230300 0.102200 0.088100 0.209300 0.107100 0.029100 0.171000 0.089400 0.104000 0.122800 0.210900 0.151300 0.155200 0.155700 0.106300 0.074600 0.043500 0.073700 0.075500 0.137600 0.106100 0.089400 0.087700 0.122800 0.043500 0.087400 0.000000 0.171000 0.229000 0.152700 0.122800 0.073600 0.101000 0.089400 0.104300 0.073500 0.122700 0.137300 0.089600 0.171000 0.140100 0.086700 0.101900 0.073500 0.057100 0.042800 0.058700 0.029200 0.029100
MuntiacusR 0.252900 0.325300 0.234600 0.327000 0.181700 0.252900 0.406900 0.262800 0.204200 0.000000 0.221400 0.218300 0.242200 0.409200 0.269700 0.262000 0.242900 0.223200 0.205500 0.220800 0.239300 0.244000 0.153300 0.153200 0.221400 0.218200 0.242200 0.219500 0.216600 0.171000 0.000000 0.432000 0.202700 0.242200 0.239400 0.178300 0.221400 0.219600 0.239000 0.171600 0.152100 0.223200 0.000000 0.188900 0.163600 0.237000 0.239000 0.198700 0.199900 0.170500 0.205900 0.204200
HarveysDui 0.224400 0.358400 0.224200 0.449900 0.238900 0.224400 0.077300 0.178700 0.192900 0.432000 0.228500 0.263000 0.232300 0.015200 0.279600 0.230000 0.331100 0.289000 0.212400 0.208100 0.208800 0.214700 0.365500 0.328000 0.228500 0.221800 0.232300 0.208700 0.222900 0.229000 0.432000 0.000000 0.340400 0.232300 0.174300 0.255000 0.228500 0.244300 0.174500 0.350100 0.364600 0.226600 0.432000 0.332700 0.239200 0.242100 0.245000 0.221000 0.204400 0.265400 0.193100 0.229100
Pronghorn 0.181900 0.280700 0.182500 0.302400 0.197100 0.181900 0.276700 0.221900 0.152800 0.202700 0.219900 0.200600 0.240400 0.320300 0.181400 0.256800 0.223000 0.170500 0.239400 0.134700 0.185200 0.188000 0.203200 0.204400 0.219900 0.215300 0.240400 0.167800 0.180600 0.152700 0.202700 0.340400 0.000000 0.240400 0.201500 0.161700 0.219900 0.201100 0.201400 0.188200 0.202700 0.220100 0.202700 0.206900 0.147200 0.198200 0.236000 0.147900 0.197500 0.120100 0.153100 0.152800
BlueWildeb 0.120000 0.289500 0.152300 0.373800 0.135500 0.120000 0.212900 0.107700 0.122400 0.242200 0.090200 0.187000 0.000000 0.214400 0.219900 0.157600 0.157700 0.156300 0.106800 0.137900 0.105900 0.108000 0.190100 0.225100 0.090200 0.088800 0.000000 0.137500 0.119700 0.122800 0.242200 0.232300 0.240400 0.000000 0.074700 0.181500 0.090200 0.154000 0.105800 0.209800 0.188500 0.090700 0.242200 0.227600 0.166500 0.103900 0.137900 0.119000 0.103900 0.139600 0.123200 0.122400
Gemsbok 0.072400 0.246400 0.102800 0.326100 0.117000 0.072400 0.156500 0.090400 0.073800 0.239400 0.073500 0.135200 0.074700 0.157600 0.166400 0.137800 0.155500 0.121800 0.058900 0.088200 0.058000 0.059500 0.186700 0.187900 0.073500 0.071900 0.074700 0.088400 0.071800 0.073600 0.239400 0.174300 0.201500 0.074700 0.000000 0.131300 0.073500 0.119300 0.058000 0.171800 0.186300 0.073400 0.239400 0.190200 0.116800 0.085700 0.088200 0.101300 0.057000 0.104300 0.073800 0.073700
Yak 0.144600 0.310500 0.098600 0.352800 0.112700 0.144600 0.235500 0.166500 0.070700 0.178300 0.146900 0.087900 0.181500 0.237200 0.128200 0.199300 0.198600 0.180600 0.164000 0.085100 0.131100 0.133700 0.213500 0.213600 0.146900 0.144700 0.181500 0.055600 0.113400 0.101000 0.178300 0.255000 0.161700 0.181500 0.131300 0.000000 0.146900 0.115000 0.131000 0.199000 0.211800 0.147600 0.178300 0.216100 0.013300 0.160700 0.162600 0.068900 0.128700 0.100700 0.071200 0.100500
BlueSheep 0.057300 0.304500 0.087400 0.348300 0.102200 0.057300 0.209300 0.106800 0.089100 0.221400 0.000000 0.151300 0.090200 0.211000 0.182700 0.122400 0.172400 0.171100 0.073800 0.104100 0.073500 0.044200 0.170800 0.204900 0.000000 0.057500 0.094000 0.103800 0.087200 0.089400 0.221400 0.228500 0.219900 0.090200 0.073500 0.146900 0.000000 0.136000 0.073400 0.189800 0.169400 0.058700 0.221400 0.207500 0.132300 0.071100 0.104200 0.117300 0.072100 0.120700 0.089700 0.089100
BohorReedb 0.133900 0.320700 0.102300 0.365800 0.056300 0.133900 0.224800 0.155100 0.073400 0.219600 0.136000 0.150300 0.154000 0.226400 0.133700 0.204800 0.241100 0.187600 0.153500 0.087800 0.119400 0.122400 0.220600 0.222000 0.136000 0.133000 0.154000 0.087900 0.132700 0.104300 0.219600 0.244300 0.201100 0.154000 0.119300 0.115000 0.136000 0.000000 0.119200 0.205700 0.220100 0.135900 0.219600 0.224700 0.100800 0.148700 0.151400 0.071100 0.117200 0.104100 0.073500 0.104500
KirksDik 0.072300 0.246000 0.102700 0.306200 0.116800 0.072300 0.156600 0.059400 0.073700 0.239000 0.073400 0.135000 0.105800 0.157800 0.166100 0.105600 0.189000 0.154200 0.089400 0.088100 0.058000 0.059400 0.186500 0.154000 0.073400 0.071800 0.105800 0.088300 0.071600 0.073500 0.239000 0.174500 0.201400 0.105800 0.058000 0.131000 0.073400 0.119200 0.000000 0.171500 0.186000 0.073300 0.239000 0.155900 0.116600 0.085100 0.088100 0.101200 0.056900 0.104200 0.073800 0.073700
RoeDeer 0.186700 0.196300 0.153100 0.270200 0.201300 0.186700 0.327800 0.192800 0.123000 0.171600 0.189800 0.170900 0.209800 0.329900 0.257000 0.210600 0.192500 0.140500 0.174100 0.137900 0.171800 0.176200 0.106200 0.044200 0.189800 0.185600 0.209800 0.138200 0.185200 0.122700 0.171600 0.350100 0.188200 0.209800 0.171800 0.199000 0.189800 0.205700 0.171500 0.000000 0.105800 0.189700 0.171600 0.044700 0.183800 0.203500 0.205900 0.151000 0.168200 0.122500 0.123200 0.123000
WhiteLippe 0.199800 0.247700 0.166500 0.286500 0.182200 0.199800 0.342400 0.207500 0.136900 0.152100 0.169400 0.184200 0.188500 0.344500 0.269400 0.207000 0.207200 0.154300 0.187600 0.152400 0.186200 0.189800 0.000100 0.120600 0.169400 0.166700 0.188500 0.151800 0.199400 0.137300 0.152100 0.364600 0.202700 0.188500 0.186300 0.211800 0.169400 0.220100 0.186000 0.105800 0.000000 0.170400 0.152100 0.122100 0.196800 0.184100 0.220300 0.165100 0.182400 0.137100 0.137800 0.136900
ThomsonGaz 0.087800 0.304500 0.118800 0.347600 0.102200 0.087800 0.209000 0.106900 0.089600 0.223200 0.058700 0.151900 0.090700 0.210400 0.184000 0.090400 0.207500 0.171900 0.105600 0.104100 0.073400 0.075200 0.170800 0.206000 0.058700 0.028200 0.090700 0.104300 0.057300 0.089600 0.223200 0.226600 0.220100 0.090700 0.073400 0.147600 0.058700 0.135900 0.073300 0.189700 0.170400 0.000000 0.223200 0.208600 0.133000 0.070000 0.104100 0.117300 0.072000 0.120700 0.089700 0.089600
MuntiacusC 0.252900 0.325300 0.234600 0.327000 0.181700 0.252900 0.406900 0.262800 0.204200 0.000000 0.221400 0.218300 0.242200 0.409200 0.269700 0.262000 0.242900 0.223200 0.205500 0.220800 0.239300 0.244000 0.153300 0.153200 0.221400 0.218200 0.242200 0.219500 0.216600 0.171000 0.000000 0.432000 0.202700 0.242200 0.239400 0.178300 0.221400 0.219600 0.239000 0.171600 0.152100 0.223200 0.000000 0.188900 0.163600 0.237000 0.239000 0.198700 0.199900 0.170500 0.205900 0.204200
WhiteTaile 0.203900 0.216400 0.169900 0.294000 0.219900 0.203900 0.310800 0.176400 0.139700 0.188900 0.207500 0.188100 0.227600 0.312800 0.275100 0.194300 0.176600 0.157600 0.191600 0.155500 0.190000 0.193900 0.123200 0.029400 0.207500 0.204000 0.227600 0.154900 0.203500 0.140100 0.188900 0.332700 0.206900 0.227600 0.190200 0.216100 0.207500 0.224700 0.155900 0.044700 0.122100 0.208600 0.188900 0.000000 0.200900 0.222800 0.225100 0.168400 0.186100 0.139900 0.140600 0.139600
Cattle 0.130300 0.294400 0.084600 0.335900 0.098800 0.130300 0.219900 0.151600 0.056700 0.163600 0.132300 0.070200 0.166500 0.221500 0.114100 0.200400 0.183500 0.165700 0.149300 0.071000 0.116700 0.119000 0.198400 0.198500 0.132300 0.130300 0.166500 0.070700 0.099300 0.086700 0.163600 0.239200 0.147200 0.166500 0.116800 0.013300 0.132300 0.100800 0.116600 0.183800 0.196800 0.133000 0.163600 0.200900 0.000000 0.146100 0.147900 0.055200 0.114600 0.086500 0.057100 0.086300
RoyalAntel 0.069700 0.318200 0.132000 0.361400 0.113600 0.069700 0.187100 0.119900 0.102600 0.237000 0.071200 0.165500 0.103900 0.224100 0.163700 0.135500 0.220900 0.185800 0.119000 0.084700 0.072900 0.088300 0.184000 0.220100 0.071200 0.068600 0.103900 0.117400 0.099000 0.101900 0.237000 0.242100 0.198200 0.103900 0.085700 0.160700 0.071100 0.148700 0.085100 0.203500 0.184100 0.070000 0.237000 0.222800 0.146100 0.000000 0.116400 0.131600 0.083500 0.133600 0.102300 0.102600
Steenbok 0.102500 0.321400 0.133900 0.324100 0.147400 0.102500 0.225400 0.122100 0.104600 0.239000 0.104200 0.167500 0.137900 0.227300 0.199400 0.170600 0.188200 0.187900 0.089400 0.119100 0.088200 0.090400 0.220800 0.187500 0.104200 0.101900 0.137900 0.119400 0.101700 0.073500 0.239000 0.245000 0.236000 0.137900 0.088200 0.162600 0.104200 0.151400 0.088100 0.205900 0.220300 0.104100 0.239000 0.225100 0.147900 0.116400 0.000000 0.132000 0.056900 0.135900 0.104700 0.104600
Impala 0.115600 0.257200 0.056000 0.295800 0.069700 0.115600 0.202500 0.135300 0.028200 0.198700 0.117300 0.100600 0.119000 0.203800 0.115300 0.183700 0.150900 0.134400 0.133900 0.042100 0.101400 0.103900 0.165500 0.166400 0.117300 0.114800 0.119000 0.042100 0.114500 0.057100 0.198700 0.221000 0.147900 0.119000 0.101300 0.068900 0.117300 0.071100 0.101200 0.151000 0.165100 0.117300 0.198700 0.168400 0.055200 0.131600 0.132000 0.000000 0.099500 0.042600 0.028200 0.057200
Klipspring 0.071000 0.276600 0.100900 0.279300 0.114800 0.071000 0.186200 0.088700 0.072400 0.199900 0.072100 0.101600 0.103900 0.187500 0.163300 0.135000 0.185200 0.151300 0.057700 0.086600 0.057000 0.058400 0.182900 0.151000 0.072100 0.070600 0.103900 0.086700 0.070400 0.042800 0.199900 0.204400 0.197500 0.103900 0.057000 0.128700 0.072100 0.117200 0.056900 0.168200 0.182400 0.072000 0.199900 0.186100 0.114600 0.083500 0.056900 0.099500 0.000000 0.102400 0.072500 0.072400
ForestMusk 0.118800 0.229000 0.087800 0.267100 0.102000 0.118800 0.245300 0.139400 0.058800 0.170500 0.120700 0.103800 0.139600 0.247100 0.150800 0.155000 0.139400 0.106100 0.137900 0.073300 0.104400 0.106900 0.137400 0.138200 0.120700 0.118100 0.139600 0.073400 0.117900 0.058700 0.170500 0.265400 0.120100 0.139600 0.104300 0.100700 0.120700 0.104100 0.104200 0.122500 0.137100 0.120700 0.170500 0.139900 0.086500 0.133600 0.135900 0.042600 0.102400 0.000000 0.058900 0.058800
Bushbuck 0.088300 0.230000 0.028600 0.268700 0.072000 0.088300 0.174600 0.107400 0.000000 0.205900 0.089700 0.073300 0.123200 0.175900 0.119300 0.155800 0.156300 0.106700 0.106300 0.014300 0.073900 0.075700 0.138100 0.138900 0.089700 0.087800 0.123200 0.014300 0.087700 0.029200 0.205900 0.193100 0.153100 0.123200 0.073800 0.071200 0.089700 0.073500 0.073800 0.123200 0.137800 0.089700 0.205900 0.140600 0.057100 0.102300 0.104700 0.028200 0.072500 0.058900 0.000000 0.029200
GreaterKud 0.087700 0.229800 0.057600 0.268000 0.102400 0.087700 0.209800 0.107300 0.029000 0.204200 0.089100 0.103600 0.122400 0.211400 0.150500 0.155600 0.156000 0.105900 0.105500 0.043500 0.073800 0.077600 0.137900 0.138000 0.089100 0.087700 0.122400 0.043400 0.087500 0.029100 0.204200 0.229100 0.152800 0.122400 0.073700 0.100500 0.089100 0.104500 0.073700 0.123000 0.136900 0.089600 0.204200 0.139600 0.086300 0.102600 0.104600 0.057200 0.072400 0.058800 0.029200 0.000000
