CODONML (in paml version 4.10.7, June 2023)  /home/rachel/ruminants_paml/6406-phy-tree/ENSBTAT00000010744.fasta.phy
Model: free dN/dS Ratios for branches,  kappa = 2.000 fixed

Codon frequency model: F3x4
ns =  54  ls =  69

Codon usage in sequences
--------------------------------------------------------------------------------------------------------------------------------------
Phe TTT   3   3   3   3   3   3 | Ser TCT   0   0   0   0   0   0 | Tyr TAT   1   2   1   1   1   1 | Cys TGT   0   0   0   0   0   0
    TTC   4   4   4   4   4   4 |     TCC   1   1   1   1   1   1 |     TAC   2   1   2   2   2   2 |     TGC   0   0   0   0   0   0
Leu TTA   1   1   1   1   1   1 |     TCA   2   2   1   2   1   1 | *** TAA   0   0   0   0   0   0 | *** TGA   0   0   0   0   0   0
    TTG   1   1   1   1   1   1 |     TCG   0   0   1   0   1   1 |     TAG   0   0   0   0   0   0 | Trp TGG   2   2   2   2   2   2
--------------------------------------------------------------------------------------------------------------------------------------
Leu CTT   0   0   0   0   0   0 | Pro CCT   0   2   0   0   1   1 | His CAT   2   2   2   2   2   2 | Arg CGT   0   0   0   0   0   0
    CTC   0   0   0   0   1   1 |     CCC   2   0   2   2   2   1 |     CAC   0   0   0   0   0   0 |     CGC   1   1   1   1   1   1
    CTA   0   1   0   0   1   1 |     CCA   2   2   2   2   1   2 | Gln CAA   0   0   0   0   0   0 |     CGA   2   1   1   1   0   0
    CTG   2   1   2   2   1   1 |     CCG   0   0   0   0   0   0 |     CAG   1   1   1   1   1   1 |     CGG   0   1   1   1   1   1
--------------------------------------------------------------------------------------------------------------------------------------
Ile ATT   1   1   1   0   1   1 | Thr ACT   2   2   2   2   2   2 | Asn AAT   1   1   1   1   1   1 | Ser AGT   0   0   0   0   0   0
    ATC   0   0   0   0   0   0 |     ACC   1   1   1   1   1   1 |     AAC   1   1   1   1   1   1 |     AGC   0   0   0   0   0   0
    ATA   2   2   2   3   2   2 |     ACA   0   0   0   0   0   0 | Lys AAA   3   3   3   3   2   3 | Arg AGA   2   2   2   2   2   2
Met ATG   1   1   1   1   1   1 |     ACG   0   0   0   0   0   0 |     AAG   1   1   1   1   2   1 |     AGG   2   2   2   2   2   2
--------------------------------------------------------------------------------------------------------------------------------------
Val GTT   1   0   1   1   1   1 | Ala GCT   1   1   1   1   2   1 | Asp GAT   1   1   1   2   2   2 | Gly GGT   0   1   1   1   0   1
    GTC   2   2   2   2   2   2 |     GCC   2   2   2   2   2   2 |     GAC   3   3   3   2   2   2 |     GGC   1   0   0   0   1   0
    GTA   0   0   0   0   0   0 |     GCA   1   2   1   2   0   2 | Glu GAA   5   6   5   5   5   5 |     GGA   0   0   0   0   0   0
    GTG   1   2   1   1   1   1 |     GCG   2   1   2   1   2   1 |     GAG   1   0   1   1   1   1 |     GGG   2   2   2   2   2   2
--------------------------------------------------------------------------------------------------------------------------------------

--------------------------------------------------------------------------------------------------------------------------------------
Phe TTT   3   3   3   3   3   3 | Ser TCT   0   0   0   0   0   0 | Tyr TAT   1   1   1   1   1   1 | Cys TGT   0   0   0   0   0   0
    TTC   4   4   4   4   4   4 |     TCC   1   1   1   1   1   1 |     TAC   2   2   2   2   2   2 |     TGC   0   0   0   0   0   0
Leu TTA   1   1   1   1   1   1 |     TCA   2   2   2   2   1   2 | *** TAA   0   0   0   0   0   0 | *** TGA   0   0   0   0   0   0
    TTG   1   1   1   1   1   1 |     TCG   0   0   0   0   1   0 |     TAG   0   0   0   0   0   0 | Trp TGG   2   2   2   2   2   2
--------------------------------------------------------------------------------------------------------------------------------------
Leu CTT   0   0   0   0   0   0 | Pro CCT   0   0   0   0   0   0 | His CAT   2   2   2   2   2   2 | Arg CGT   0   0   0   0   0   0
    CTC   0   0   0   0   0   0 |     CCC   2   2   2   2   2   2 |     CAC   0   0   0   0   0   0 |     CGC   1   1   1   1   1   1
    CTA   0   0   0   0   1   0 |     CCA   2   2   2   2   2   2 | Gln CAA   0   0   0   0   0   0 |     CGA   1   2   1   1   1   1
    CTG   2   2   2   2   1   2 |     CCG   0   0   0   0   0   0 |     CAG   1   1   1   1   1   1 |     CGG   1   0   1   1   1   1
--------------------------------------------------------------------------------------------------------------------------------------
Ile ATT   1   1   1   1   1   1 | Thr ACT   2   2   2   2   2   2 | Asn AAT   1   1   1   1   1   1 | Ser AGT   0   0   0   0   0   0
    ATC   0   0   1   0   0   0 |     ACC   1   1   1   1   1   1 |     AAC   1   1   1   1   1   1 |     AGC   0   0   0   0   0   0
    ATA   2   2   1   2   2   2 |     ACA   0   0   0   0   0   0 | Lys AAA   2   3   3   3   3   3 | Arg AGA   2   2   2   2   2   2
Met ATG   1   1   1   1   1   1 |     ACG   0   0   0   0   0   0 |     AAG   2   1   1   1   1   1 |     AGG   2   2   2   2   2   2
--------------------------------------------------------------------------------------------------------------------------------------
Val GTT   1   1   1   1   1   1 | Ala GCT   1   1   1   1   1   1 | Asp GAT   1   1   1   1   1   1 | Gly GGT   1   0   1   1   1   1
    GTC   2   2   2   2   2   2 |     GCC   2   2   2   2   2   2 |     GAC   3   3   3   3   3   3 |     GGC   0   1   0   0   0   0
    GTA   0   0   0   0   0   0 |     GCA   2   1   1   1   1   1 | Glu GAA   5   5   5   5   5   5 |     GGA   0   0   0   0   0   0
    GTG   1   1   1   1   1   1 |     GCG   1   2   2   2   2   2 |     GAG   1   1   1   1   1   1 |     GGG   2   2   2   2   2   2
--------------------------------------------------------------------------------------------------------------------------------------

--------------------------------------------------------------------------------------------------------------------------------------
Phe TTT   3   3   3   3   3   3 | Ser TCT   0   0   0   0   0   1 | Tyr TAT   1   1   2   1   1   1 | Cys TGT   0   0   0   0   0   0
    TTC   4   4   4   4   4   4 |     TCC   1   1   1   1   1   1 |     TAC   2   2   1   2   2   2 |     TGC   0   0   0   0   0   0
Leu TTA   1   1   1   1   1   1 |     TCA   2   1   2   2   2   1 | *** TAA   0   0   0   0   0   0 | *** TGA   0   0   0   0   0   0
    TTG   1   1   1   1   1   1 |     TCG   0   1   0   0   0   0 |     TAG   0   0   0   0   0   0 | Trp TGG   2   2   2   2   2   2
--------------------------------------------------------------------------------------------------------------------------------------
Leu CTT   0   0   0   0   0   0 | Pro CCT   0   0   0   0   0   0 | His CAT   2   2   2   2   2   2 | Arg CGT   0   0   0   0   0   0
    CTC   0   0   0   0   0   0 |     CCC   2   2   2   2   2   2 |     CAC   0   0   0   0   0   0 |     CGC   1   1   1   1   1   1
    CTA   0   0   0   0   0   0 |     CCA   2   2   2   2   2   1 | Gln CAA   0   0   0   0   0   0 |     CGA   1   1   1   1   1   1
    CTG   2   2   2   2   2   2 |     CCG   0   0   0   0   0   1 |     CAG   1   1   1   1   1   1 |     CGG   1   1   1   1   1   1
--------------------------------------------------------------------------------------------------------------------------------------
Ile ATT   1   1   1   1   1   1 | Thr ACT   2   2   2   2   2   2 | Asn AAT   1   1   1   1   1   1 | Ser AGT   0   0   0   0   0   0
    ATC   0   0   0   0   0   0 |     ACC   1   1   1   1   1   1 |     AAC   1   1   1   1   1   1 |     AGC   0   0   0   0   0   0
    ATA   2   2   2   2   2   2 |     ACA   0   0   0   0   0   0 | Lys AAA   3   3   3   3   3   3 | Arg AGA   2   2   2   2   2   2
Met ATG   1   1   1   1   1   1 |     ACG   0   0   0   0   0   0 |     AAG   1   1   1   1   1   1 |     AGG   2   2   2   2   2   2
--------------------------------------------------------------------------------------------------------------------------------------
Val GTT   1   1   1   1   1   1 | Ala GCT   1   1   1   1   1   1 | Asp GAT   1   1   1   1   1   1 | Gly GGT   0   1   1   1   1   1
    GTC   2   2   2   2   2   2 |     GCC   2   2   2   2   2   2 |     GAC   3   3   3   3   3   3 |     GGC   1   0   0   0   0   0
    GTA   0   0   0   0   0   0 |     GCA   1   1   1   1   2   1 | Glu GAA   5   5   5   5   5   5 |     GGA   1   0   0   0   0   0
    GTG   1   1   1   1   1   1 |     GCG   2   2   2   2   1   2 |     GAG   1   1   1   1   1   1 |     GGG   1   2   2   2   2   2
--------------------------------------------------------------------------------------------------------------------------------------

--------------------------------------------------------------------------------------------------------------------------------------
Phe TTT   3   3   3   3   3   3 | Ser TCT   0   0   0   0   0   0 | Tyr TAT   1   1   1   1   1   1 | Cys TGT   0   0   0   0   0   0
    TTC   4   4   4   4   4   4 |     TCC   1   1   1   1   1   1 |     TAC   2   2   2   2   2   2 |     TGC   0   0   0   0   0   0
Leu TTA   1   1   1   1   1   1 |     TCA   2   2   2   1   2   2 | *** TAA   0   0   0   0   0   0 | *** TGA   0   0   0   0   0   0
    TTG   1   1   1   1   1   1 |     TCG   0   0   0   1   0   0 |     TAG   0   0   0   0   0   0 | Trp TGG   2   2   2   2   2   2
--------------------------------------------------------------------------------------------------------------------------------------
Leu CTT   0   0   0   0   0   0 | Pro CCT   0   0   0   0   0   0 | His CAT   2   2   2   2   2   2 | Arg CGT   0   0   0   0   0   0
    CTC   0   0   0   0   0   0 |     CCC   2   2   2   2   2   2 |     CAC   0   0   0   0   0   0 |     CGC   1   1   1   1   1   1
    CTA   0   0   0   1   0   0 |     CCA   2   2   2   2   2   2 | Gln CAA   0   0   0   0   0   0 |     CGA   1   1   2   1   1   1
    CTG   2   2   2   1   2   2 |     CCG   0   0   0   0   0   0 |     CAG   1   1   1   1   1   1 |     CGG   1   1   0   1   1   1
--------------------------------------------------------------------------------------------------------------------------------------
Ile ATT   1   1   1   1   1   1 | Thr ACT   2   2   2   2   2   2 | Asn AAT   1   0   1   1   1   1 | Ser AGT   0   0   0   0   0   0
    ATC   0   0   0   0   0   0 |     ACC   1   1   1   1   1   1 |     AAC   1   2   1   1   1   1 |     AGC   0   0   0   0   0   0
    ATA   2   2   2   2   2   2 |     ACA   0   0   0   0   0   0 | Lys AAA   3   3   3   3   3   3 | Arg AGA   2   2   2   2   2   2
Met ATG   1   1   1   1   1   1 |     ACG   0   0   0   0   0   0 |     AAG   1   1   1   1   1   1 |     AGG   2   2   2   2   2   2
--------------------------------------------------------------------------------------------------------------------------------------
Val GTT   1   1   1   1   1   1 | Ala GCT   1   1   1   1   1   1 | Asp GAT   2   2   1   1   2   1 | Gly GGT   1   1   1   1   1   1
    GTC   2   2   2   2   2   2 |     GCC   2   2   2   3   2   2 |     GAC   2   2   3   3   2   3 |     GGC   0   0   0   0   0   0
    GTA   0   0   0   0   0   0 |     GCA   1   1   1   0   1   1 | Glu GAA   5   5   5   5   5   5 |     GGA   0   0   0   0   0   0
    GTG   1   1   1   1   1   1 |     GCG   2   2   2   2   2   2 |     GAG   1   1   1   1   1   1 |     GGG   2   2   2   2   2   2
--------------------------------------------------------------------------------------------------------------------------------------

--------------------------------------------------------------------------------------------------------------------------------------
Phe TTT   3   3   3   3   3   3 | Ser TCT   0   0   0   0   0   0 | Tyr TAT   2   1   1   1   2   1 | Cys TGT   0   0   0   0   0   0
    TTC   4   4   4   4   4   4 |     TCC   1   1   1   1   1   1 |     TAC   1   2   2   2   1   2 |     TGC   0   0   0   0   0   0
Leu TTA   1   1   1   1   1   1 |     TCA   2   2   2   2   2   1 | *** TAA   0   0   0   0   0   0 | *** TGA   0   0   0   0   0   0
    TTG   1   1   1   1   1   1 |     TCG   0   0   0   0   0   1 |     TAG   0   0   0   0   0   0 | Trp TGG   2   2   2   2   2   2
--------------------------------------------------------------------------------------------------------------------------------------
Leu CTT   0   0   0   0   0   0 | Pro CCT   0   0   0   1   0   0 | His CAT   2   2   2   2   2   2 | Arg CGT   0   0   0   0   0   0
    CTC   0   0   0   0   0   0 |     CCC   2   2   2   1   2   2 |     CAC   0   0   0   0   0   0 |     CGC   1   1   1   1   1   1
    CTA   0   0   0   0   0   1 |     CCA   2   2   2   2   2   2 | Gln CAA   0   0   0   0   0   0 |     CGA   1   1   2   1   1   1
    CTG   2   2   2   2   2   1 |     CCG   0   0   0   0   0   0 |     CAG   1   1   1   1   1   1 |     CGG   1   1   0   1   1   1
--------------------------------------------------------------------------------------------------------------------------------------
Ile ATT   1   1   1   1   1   1 | Thr ACT   2   2   2   2   2   2 | Asn AAT   1   1   1   1   1   1 | Ser AGT   0   0   0   0   0   0
    ATC   0   0   0   0   0   0 |     ACC   1   1   1   1   1   1 |     AAC   1   1   1   1   1   1 |     AGC   0   0   0   0   0   0
    ATA   2   2   2   2   2   2 |     ACA   0   0   0   0   0   0 | Lys AAA   3   3   3   3   3   3 | Arg AGA   2   2   2   2   2   2
Met ATG   1   1   1   1   1   1 |     ACG   0   0   0   0   0   0 |     AAG   1   1   1   1   1   1 |     AGG   2   2   2   2   2   2
--------------------------------------------------------------------------------------------------------------------------------------
Val GTT   1   1   1   1   1   1 | Ala GCT   1   1   1   1   1   1 | Asp GAT   1   1   2   1   1   1 | Gly GGT   1   1   1   1   1   1
    GTC   2   2   2   2   2   2 |     GCC   2   2   2   2   2   2 |     GAC   3   3   2   3   3   3 |     GGC   0   0   0   0   0   0
    GTA   0   0   0   0   0   0 |     GCA   1   2   1   1   1   1 | Glu GAA   5   5   5   5   5   5 |     GGA   0   0   0   0   0   0
    GTG   1   1   1   1   1   1 |     GCG   2   1   2   2   2   2 |     GAG   1   1   1   1   1   1 |     GGG   2   2   2   2   2   2
--------------------------------------------------------------------------------------------------------------------------------------

--------------------------------------------------------------------------------------------------------------------------------------
Phe TTT   3   3   3   3   3   3 | Ser TCT   0   0   0   0   0   0 | Tyr TAT   1   1   2   1   2   1 | Cys TGT   0   0   0   0   0   0
    TTC   4   4   4   4   4   4 |     TCC   1   1   1   1   1   1 |     TAC   2   2   1   2   1   2 |     TGC   0   0   0   0   0   0
Leu TTA   1   1   1   1   1   1 |     TCA   2   1   2   2   2   2 | *** TAA   0   0   0   0   0   0 | *** TGA   0   0   0   0   0   0
    TTG   1   1   1   1   1   1 |     TCG   0   1   0   0   0   0 |     TAG   0   0   0   0   0   0 | Trp TGG   2   2   2   2   2   2
--------------------------------------------------------------------------------------------------------------------------------------
Leu CTT   0   0   0   0   0   0 | Pro CCT   0   0   0   0   0   0 | His CAT   2   2   2   2   2   2 | Arg CGT   1   0   0   0   0   0
    CTC   0   0   0   0   0   0 |     CCC   2   2   2   2   2   2 |     CAC   0   0   0   0   0   0 |     CGC   1   1   1   1   1   1
    CTA   0   1   0   0   0   0 |     CCA   1   2   2   2   2   2 | Gln CAA   0   0   0   0   1   0 |     CGA   0   1   1   1   0   1
    CTG   2   1   2   2   2   2 |     CCG   1   0   0   0   0   0 |     CAG   1   1   1   1   1   1 |     CGG   1   1   1   1   1   1
--------------------------------------------------------------------------------------------------------------------------------------
Ile ATT   1   1   1   1   1   1 | Thr ACT   2   2   2   2   2   2 | Asn AAT   1   1   1   1   1   1 | Ser AGT   0   0   0   0   0   0
    ATC   0   0   0   0   0   0 |     ACC   1   1   1   1   1   1 |     AAC   1   1   1   1   1   1 |     AGC   0   0   0   0   0   0
    ATA   2   2   2   2   2   2 |     ACA   0   0   0   0   0   0 | Lys AAA   3   3   3   3   3   3 | Arg AGA   2   2   2   2   2   2
Met ATG   1   1   1   1   1   1 |     ACG   0   0   0   0   0   0 |     AAG   1   1   1   1   1   1 |     AGG   2   2   2   2   2   2
--------------------------------------------------------------------------------------------------------------------------------------
Val GTT   1   1   1   1   1   1 | Ala GCT   1   1   1   1   1   1 | Asp GAT   1   1   1   1   1   1 | Gly GGT   1   1   1   1   1   1
    GTC   2   2   2   2   2   2 |     GCC   2   2   2   2   2   2 |     GAC   3   3   3   3   3   3 |     GGC   0   0   0   0   0   0
    GTA   0   0   0   0   0   0 |     GCA   1   1   1   2   1   1 | Glu GAA   5   5   5   5   5   5 |     GGA   0   0   0   0   0   0
    GTG   1   1   1   1   1   1 |     GCG   2   2   2   1   2   2 |     GAG   1   1   1   1   1   1 |     GGG   2   2   2   2   2   2
--------------------------------------------------------------------------------------------------------------------------------------

--------------------------------------------------------------------------------------------------------------------------------------
Phe TTT   3   3   3   3   4   3 | Ser TCT   0   0   0   0   0   0 | Tyr TAT   2   2   1   1   1   1 | Cys TGT   0   0   0   0   0   0
    TTC   4   4   4   4   3   4 |     TCC   1   1   1   1   1   1 |     TAC   1   1   2   2   2   2 |     TGC   0   0   0   0   0   0
Leu TTA   1   1   1   1   1   1 |     TCA   2   1   2   2   2   2 | *** TAA   0   0   0   0   0   0 | *** TGA   0   0   0   0   0   0
    TTG   1   1   1   1   1   1 |     TCG   0   1   0   0   0   0 |     TAG   0   0   0   0   0   0 | Trp TGG   2   2   2   2   2   2
--------------------------------------------------------------------------------------------------------------------------------------
Leu CTT   0   0   0   0   0   0 | Pro CCT   0   0   0   0   0   0 | His CAT   2   2   2   1   2   2 | Arg CGT   0   0   0   0   0   0
    CTC   0   0   0   0   0   0 |     CCC   2   2   2   2   2   2 |     CAC   0   0   0   1   0   0 |     CGC   1   1   1   1   1   1
    CTA   0   0   0   0   0   0 |     CCA   1   2   2   2   2   2 | Gln CAA   0   0   0   0   0   0 |     CGA   1   1   1   1   1   1
    CTG   2   2   2   2   2   2 |     CCG   1   0   0   0   0   0 |     CAG   1   1   1   1   1   1 |     CGG   1   1   1   1   1   1
--------------------------------------------------------------------------------------------------------------------------------------
Ile ATT   1   1   1   1   1   1 | Thr ACT   2   2   2   2   2   2 | Asn AAT   1   1   1   1   1   1 | Ser AGT   0   0   0   0   0   0
    ATC   0   0   0   0   0   0 |     ACC   1   1   1   1   1   1 |     AAC   1   1   1   1   1   1 |     AGC   0   0   0   0   0   0
    ATA   2   2   2   2   2   2 |     ACA   0   0   0   0   0   0 | Lys AAA   3   3   3   2   3   3 | Arg AGA   2   2   2   2   2   2
Met ATG   1   1   1   1   1   1 |     ACG   0   0   0   0   0   0 |     AAG   1   1   1   2   1   1 |     AGG   2   2   2   2   2   2
--------------------------------------------------------------------------------------------------------------------------------------
Val GTT   1   1   1   1   1   1 | Ala GCT   1   1   1   1   1   1 | Asp GAT   1   1   1   1   1   1 | Gly GGT   1   1   1   1   1   1
    GTC   2   2   2   2   2   2 |     GCC   2   2   2   2   2   2 |     GAC   3   3   3   3   3   3 |     GGC   0   0   0   0   0   0
    GTA   0   0   0   0   0   0 |     GCA   1   1   1   1   1   1 | Glu GAA   4   5   5   5   5   5 |     GGA   0   0   1   0   0   0
    GTG   1   1   1   1   1   1 |     GCG   2   2   2   2   2   2 |     GAG   2   1   1   1   1   1 |     GGG   2   2   1   2   2   2
--------------------------------------------------------------------------------------------------------------------------------------

--------------------------------------------------------------------------------------------------------------------------------------
Phe TTT   3   3   3   3   3   3 | Ser TCT   0   0   0   0   0   0 | Tyr TAT   1   1   1   1   2   1 | Cys TGT   0   0   0   0   0   0
    TTC   4   4   4   4   4   4 |     TCC   1   1   1   1   1   1 |     TAC   2   2   2   2   1   2 |     TGC   0   0   0   0   0   0
Leu TTA   1   1   1   1   1   1 |     TCA   2   2   2   2   1   2 | *** TAA   0   0   0   0   0   0 | *** TGA   0   0   0   0   0   0
    TTG   1   1   2   1   1   1 |     TCG   0   0   0   0   1   0 |     TAG   0   0   0   0   0   0 | Trp TGG   2   2   2   2   2   2
--------------------------------------------------------------------------------------------------------------------------------------
Leu CTT   0   0   0   0   0   0 | Pro CCT   0   0   0   0   0   0 | His CAT   2   2   2   2   2   2 | Arg CGT   0   0   0   0   0   0
    CTC   0   0   0   0   0   0 |     CCC   2   2   2   2   2   2 |     CAC   0   0   0   0   0   0 |     CGC   1   1   1   1   1   1
    CTA   0   0   0   0   0   0 |     CCA   2   2   2   2   2   2 | Gln CAA   0   0   0   0   0   0 |     CGA   1   1   1   1   1   1
    CTG   2   2   1   2   2   2 |     CCG   0   0   0   0   0   0 |     CAG   1   1   1   1   1   1 |     CGG   1   1   1   1   1   1
--------------------------------------------------------------------------------------------------------------------------------------
Ile ATT   1   1   1   1   1   1 | Thr ACT   2   2   2   2   2   2 | Asn AAT   1   1   1   1   1   1 | Ser AGT   0   0   0   0   0   0
    ATC   0   0   0   0   0   0 |     ACC   1   1   1   1   1   1 |     AAC   1   1   1   1   1   1 |     AGC   0   0   0   0   0   0
    ATA   2   2   2   2   2   2 |     ACA   0   0   0   0   0   0 | Lys AAA   3   3   3   3   3   3 | Arg AGA   2   2   2   2   2   2
Met ATG   1   1   1   1   1   1 |     ACG   0   0   0   0   0   0 |     AAG   1   1   1   1   1   1 |     AGG   2   2   2   2   2   2
--------------------------------------------------------------------------------------------------------------------------------------
Val GTT   1   1   1   1   1   1 | Ala GCT   1   1   1   1   1   1 | Asp GAT   1   1   1   2   1   1 | Gly GGT   1   1   1   1   1   1
    GTC   2   2   2   2   2   2 |     GCC   2   2   2   2   2   2 |     GAC   3   3   3   2   3   3 |     GGC   0   0   0   0   0   0
    GTA   0   0   0   0   0   0 |     GCA   1   1   1   1   1   1 | Glu GAA   5   5   5   5   5   5 |     GGA   0   0   0   0   0   0
    GTG   1   1   1   1   1   1 |     GCG   2   2   2   2   2   2 |     GAG   1   1   1   1   1   1 |     GGG   2   2   2   2   2   2
--------------------------------------------------------------------------------------------------------------------------------------

--------------------------------------------------------------------------------------------------------------------------------------
Phe TTT   3   3   3   3   3   3 | Ser TCT   0   0   0   0   0   0 | Tyr TAT   1   0   1   1   1   1 | Cys TGT   0   0   0   0   0   0
    TTC   4   4   4   4   4   4 |     TCC   1   1   1   1   1   1 |     TAC   2   3   2   2   2   2 |     TGC   0   0   0   0   0   0
Leu TTA   1   1   1   1   1   1 |     TCA   2   2   2   2   1   1 | *** TAA   0   0   0   0   0   0 | *** TGA   0   0   0   0   0   0
    TTG   1   1   1   1   1   1 |     TCG   0   0   0   0   1   1 |     TAG   0   0   0   0   0   0 | Trp TGG   2   2   2   2   2   2
--------------------------------------------------------------------------------------------------------------------------------------
Leu CTT   0   0   0   0   0   0 | Pro CCT   0   0   0   0   0   0 | His CAT   2   2   2   2   2   2 | Arg CGT   0   0   0   0   0   0
    CTC   0   0   0   0   0   0 |     CCC   2   2   2   2   2   2 |     CAC   0   0   0   0   0   0 |     CGC   1   1   1   1   1   1
    CTA   0   0   0   0   1   0 |     CCA   2   2   1   2   2   2 | Gln CAA   0   0   0   0   0   0 |     CGA   1   1   1   1   1   1
    CTG   2   2   2   2   1   2 |     CCG   0   0   1   0   0   0 |     CAG   1   1   1   1   1   1 |     CGG   1   1   1   1   1   1
--------------------------------------------------------------------------------------------------------------------------------------
Ile ATT   1   1   1   0   1   1 | Thr ACT   2   2   2   2   2   2 | Asn AAT   1   1   1   1   1   1 | Ser AGT   0   0   0   0   0   0
    ATC   0   0   0   0   0   0 |     ACC   1   1   1   1   1   1 |     AAC   1   1   1   1   1   1 |     AGC   0   0   0   0   0   0
    ATA   2   2   2   3   2   2 |     ACA   0   0   0   0   0   0 | Lys AAA   3   3   3   3   3   3 | Arg AGA   2   2   2   2   2   2
Met ATG   1   1   1   1   1   1 |     ACG   0   0   0   0   0   0 |     AAG   1   1   1   1   1   1 |     AGG   2   2   2   2   2   2
--------------------------------------------------------------------------------------------------------------------------------------
Val GTT   1   1   2   1   1   1 | Ala GCT   1   1   1   1   1   1 | Asp GAT   1   1   1   2   1   1 | Gly GGT   1   1   1   1   1   1
    GTC   2   2   1   2   2   2 |     GCC   2   2   2   2   2   2 |     GAC   3   3   3   2   3   3 |     GGC   0   0   0   0   0   0
    GTA   0   0   0   0   0   0 |     GCA   1   2   1   2   1   1 | Glu GAA   5   5   5   5   5   5 |     GGA   0   0   0   0   0   0
    GTG   1   1   1   1   1   1 |     GCG   2   1   2   1   2   2 |     GAG   1   1   1   1   1   1 |     GGG   2   2   2   2   2   2
--------------------------------------------------------------------------------------------------------------------------------------

Codon position x base (3x4) table for each sequence.

#1: Argali         
position  1:    T:0.24638    C:0.17391    A:0.24638    G:0.33333
position  2:    T:0.27536    C:0.23188    A:0.31884    G:0.17391
position  3:    T:0.18841    C:0.28986    A:0.28986    G:0.23188
Average         T:0.23671    C:0.23188    A:0.28502    G:0.24638

#2: LesserMouseDeer
position  1:    T:0.24638    C:0.17391    A:0.24638    G:0.33333
position  2:    T:0.27536    C:0.23188    A:0.31884    G:0.17391
position  3:    T:0.23188    C:0.23188    A:0.31884    G:0.21739
Average         T:0.25121    C:0.21256    A:0.29469    G:0.24155

#3: LesserKudu     
position  1:    T:0.24638    C:0.17391    A:0.24638    G:0.33333
position  2:    T:0.27536    C:0.23188    A:0.31884    G:0.17391
position  3:    T:0.20290    C:0.27536    A:0.26087    G:0.26087
Average         T:0.24155    C:0.22705    A:0.27536    G:0.25604

#4: ForestMuskDeer2
position  1:    T:0.24638    C:0.17391    A:0.24638    G:0.33333
position  2:    T:0.27536    C:0.23188    A:0.31884    G:0.17391
position  3:    T:0.20290    C:0.26087    A:0.30435    G:0.23188
Average         T:0.24155    C:0.22222    A:0.28986    G:0.24638

#5: Camel          
position  1:    T:0.24638    C:0.17391    A:0.24638    G:0.33333
position  2:    T:0.28986    C:0.23188    A:0.31884    G:0.15942
position  3:    T:0.23188    C:0.28986    A:0.21739    G:0.26087
Average         T:0.25604    C:0.23188    A:0.26087    G:0.25121

#6: KillerWhale    
position  1:    T:0.24638    C:0.17391    A:0.24638    G:0.33333
position  2:    T:0.28986    C:0.23188    A:0.31884    G:0.15942
position  3:    T:0.23188    C:0.26087    A:0.27536    G:0.23188
Average         T:0.25604    C:0.22222    A:0.28019    G:0.24155

#7: DefassaWaterbuck
position  1:    T:0.24638    C:0.17391    A:0.24638    G:0.33333
position  2:    T:0.27536    C:0.23188    A:0.31884    G:0.17391
position  3:    T:0.20290    C:0.27536    A:0.27536    G:0.24638
Average         T:0.24155    C:0.22705    A:0.28019    G:0.25121

#8: Sheep          
position  1:    T:0.24638    C:0.17391    A:0.24638    G:0.33333
position  2:    T:0.27536    C:0.23188    A:0.31884    G:0.17391
position  3:    T:0.18841    C:0.28986    A:0.28986    G:0.23188
Average         T:0.23671    C:0.23188    A:0.28502    G:0.24638

#9: MaxwellsDuiker 
position  1:    T:0.24638    C:0.17391    A:0.24638    G:0.33333
position  2:    T:0.27536    C:0.23188    A:0.31884    G:0.17391
position  3:    T:0.20290    C:0.28986    A:0.26087    G:0.24638
Average         T:0.24155    C:0.23188    A:0.27536    G:0.25121

#10: GazellaPrzewalskyi
position  1:    T:0.24638    C:0.17391    A:0.24638    G:0.33333
position  2:    T:0.27536    C:0.23188    A:0.31884    G:0.17391
position  3:    T:0.20290    C:0.27536    A:0.27536    G:0.24638
Average         T:0.24155    C:0.22705    A:0.28019    G:0.25121

#11: MountainNyala  
position  1:    T:0.24638    C:0.17391    A:0.24638    G:0.33333
position  2:    T:0.27536    C:0.23188    A:0.31884    G:0.17391
position  3:    T:0.20290    C:0.27536    A:0.27536    G:0.24638
Average         T:0.24155    C:0.22705    A:0.28019    G:0.25121

#12: MuntiacusMuntjak
position  1:    T:0.24638    C:0.17391    A:0.24638    G:0.33333
position  2:    T:0.27536    C:0.23188    A:0.31884    G:0.17391
position  3:    T:0.20290    C:0.27536    A:0.27536    G:0.24638
Average         T:0.24155    C:0.22705    A:0.28019    G:0.25121

#13: goat           
position  1:    T:0.24638    C:0.17391    A:0.24638    G:0.33333
position  2:    T:0.27536    C:0.23188    A:0.31884    G:0.17391
position  3:    T:0.18841    C:0.28986    A:0.28986    G:0.23188
Average         T:0.23671    C:0.23188    A:0.28502    G:0.24638

#14: AfricanBuffalo 
position  1:    T:0.24638    C:0.17391    A:0.24638    G:0.33333
position  2:    T:0.27536    C:0.23188    A:0.31884    G:0.17391
position  3:    T:0.20290    C:0.27536    A:0.26087    G:0.26087
Average         T:0.24155    C:0.22705    A:0.27536    G:0.25604

#15: Topi           
position  1:    T:0.24638    C:0.17391    A:0.24638    G:0.33333
position  2:    T:0.27536    C:0.23188    A:0.31884    G:0.17391
position  3:    T:0.21739    C:0.26087    A:0.27536    G:0.24638
Average         T:0.24638    C:0.22222    A:0.28019    G:0.25121

#16: CommonDuiker   
position  1:    T:0.24638    C:0.17391    A:0.24638    G:0.33333
position  2:    T:0.27536    C:0.23188    A:0.31884    G:0.17391
position  3:    T:0.20290    C:0.27536    A:0.27536    G:0.24638
Average         T:0.24155    C:0.22705    A:0.28019    G:0.25121

#17: Suni           
position  1:    T:0.24638    C:0.17391    A:0.24638    G:0.33333
position  2:    T:0.27536    C:0.23188    A:0.31884    G:0.17391
position  3:    T:0.20290    C:0.27536    A:0.28986    G:0.23188
Average         T:0.24155    C:0.22705    A:0.28502    G:0.24638

#18: Springbuck     
position  1:    T:0.24638    C:0.17391    A:0.24638    G:0.33333
position  2:    T:0.27536    C:0.23188    A:0.31884    G:0.17391
position  3:    T:0.21739    C:0.27536    A:0.24638    G:0.26087
Average         T:0.24638    C:0.22705    A:0.27053    G:0.25604

#19: Okapi          
position  1:    T:0.24638    C:0.17391    A:0.24638    G:0.33333
position  2:    T:0.27536    C:0.23188    A:0.31884    G:0.17391
position  3:    T:0.21739    C:0.26087    A:0.27536    G:0.24638
Average         T:0.24638    C:0.22222    A:0.28019    G:0.25121

#20: Giraffe        
position  1:    T:0.24638    C:0.17391    A:0.24638    G:0.33333
position  2:    T:0.27536    C:0.23188    A:0.31884    G:0.17391
position  3:    T:0.20290    C:0.27536    A:0.27536    G:0.24638
Average         T:0.24155    C:0.22705    A:0.28019    G:0.25121

#21: TibetanAntelope
position  1:    T:0.24638    C:0.17391    A:0.24638    G:0.33333
position  2:    T:0.27536    C:0.23188    A:0.31884    G:0.17391
position  3:    T:0.20290    C:0.27536    A:0.28986    G:0.23188
Average         T:0.24155    C:0.22705    A:0.28502    G:0.24638

#22: Sitatunga      
position  1:    T:0.24638    C:0.17391    A:0.24638    G:0.33333
position  2:    T:0.27536    C:0.23188    A:0.31884    G:0.17391
position  3:    T:0.20290    C:0.28986    A:0.26087    G:0.24638
Average         T:0.24155    C:0.23188    A:0.27536    G:0.25121

#23: Oribi          
position  1:    T:0.24638    C:0.17391    A:0.24638    G:0.33333
position  2:    T:0.27536    C:0.23188    A:0.31884    G:0.17391
position  3:    T:0.21739    C:0.26087    A:0.27536    G:0.24638
Average         T:0.24638    C:0.22222    A:0.28019    G:0.25121

#24: BarbarySheep   
position  1:    T:0.24638    C:0.17391    A:0.24638    G:0.33333
position  2:    T:0.27536    C:0.23188    A:0.31884    G:0.17391
position  3:    T:0.20290    C:0.27536    A:0.27536    G:0.24638
Average         T:0.24155    C:0.22705    A:0.28019    G:0.25121

#25: Daviddeer      
position  1:    T:0.24638    C:0.17391    A:0.24638    G:0.33333
position  2:    T:0.27536    C:0.23188    A:0.31884    G:0.17391
position  3:    T:0.21739    C:0.26087    A:0.27536    G:0.24638
Average         T:0.24638    C:0.22222    A:0.28019    G:0.25121

#26: Reindeer       
position  1:    T:0.24638    C:0.17391    A:0.24638    G:0.33333
position  2:    T:0.27536    C:0.23188    A:0.31884    G:0.17391
position  3:    T:0.20290    C:0.27536    A:0.28986    G:0.23188
Average         T:0.24155    C:0.22705    A:0.28502    G:0.24638

#27: Ibex           
position  1:    T:0.24638    C:0.17391    A:0.24638    G:0.33333
position  2:    T:0.27536    C:0.23188    A:0.31884    G:0.17391
position  3:    T:0.21739    C:0.26087    A:0.28986    G:0.23188
Average         T:0.24638    C:0.22222    A:0.28502    G:0.24638

#28: GyrantGazelle  
position  1:    T:0.24638    C:0.17391    A:0.24638    G:0.33333
position  2:    T:0.27536    C:0.23188    A:0.31884    G:0.17391
position  3:    T:0.21739    C:0.26087    A:0.27536    G:0.24638
Average         T:0.24638    C:0.22222    A:0.28019    G:0.25121

#29: Hartebeest     
position  1:    T:0.24638    C:0.17391    A:0.24638    G:0.33333
position  2:    T:0.27536    C:0.23188    A:0.31884    G:0.17391
position  3:    T:0.21739    C:0.26087    A:0.27536    G:0.24638
Average         T:0.24638    C:0.22222    A:0.28019    G:0.25121

#30: Bongo          
position  1:    T:0.24638    C:0.17391    A:0.24638    G:0.33333
position  2:    T:0.27536    C:0.23188    A:0.31884    G:0.17391
position  3:    T:0.20290    C:0.27536    A:0.27536    G:0.24638
Average         T:0.24155    C:0.22705    A:0.28019    G:0.25121

#31: Gerenuk        
position  1:    T:0.24638    C:0.17391    A:0.24638    G:0.33333
position  2:    T:0.27536    C:0.23188    A:0.31884    G:0.17391
position  3:    T:0.21739    C:0.27536    A:0.24638    G:0.26087
Average         T:0.24638    C:0.22705    A:0.27053    G:0.25604

#32: CommonEland    
position  1:    T:0.24638    C:0.17391    A:0.24638    G:0.33333
position  2:    T:0.27536    C:0.23188    A:0.31884    G:0.17391
position  3:    T:0.20290    C:0.27536    A:0.27536    G:0.24638
Average         T:0.24155    C:0.22705    A:0.28019    G:0.25121

#33: MuntiacusReevesi
position  1:    T:0.24638    C:0.17391    A:0.24638    G:0.33333
position  2:    T:0.27536    C:0.23188    A:0.31884    G:0.17391
position  3:    T:0.21739    C:0.26087    A:0.27536    G:0.24638
Average         T:0.24638    C:0.22222    A:0.28019    G:0.25121

#34: HarveysDuiker  
position  1:    T:0.24638    C:0.17391    A:0.24638    G:0.33333
position  2:    T:0.27536    C:0.23188    A:0.31884    G:0.17391
position  3:    T:0.20290    C:0.27536    A:0.28986    G:0.23188
Average         T:0.24155    C:0.22705    A:0.28502    G:0.24638

#35: Pronghorn      
position  1:    T:0.24638    C:0.17391    A:0.24638    G:0.33333
position  2:    T:0.27536    C:0.23188    A:0.33333    G:0.15942
position  3:    T:0.21739    C:0.26087    A:0.27536    G:0.24638
Average         T:0.24638    C:0.22222    A:0.28502    G:0.24638

#36: BlueWildebeest 
position  1:    T:0.24638    C:0.17391    A:0.24638    G:0.33333
position  2:    T:0.27536    C:0.23188    A:0.31884    G:0.17391
position  3:    T:0.20290    C:0.27536    A:0.27536    G:0.24638
Average         T:0.24155    C:0.22705    A:0.28019    G:0.25121

#37: Gemsbok        
position  1:    T:0.24638    C:0.17391    A:0.24638    G:0.33333
position  2:    T:0.27536    C:0.23188    A:0.31884    G:0.17391
position  3:    T:0.21739    C:0.26087    A:0.24638    G:0.27536
Average         T:0.24638    C:0.22222    A:0.27053    G:0.26087

#38: Yak            
position  1:    T:0.24638    C:0.17391    A:0.24638    G:0.33333
position  2:    T:0.27536    C:0.23188    A:0.31884    G:0.17391
position  3:    T:0.21739    C:0.26087    A:0.26087    G:0.26087
Average         T:0.24638    C:0.22222    A:0.27536    G:0.25604

#39: BlueSheep      
position  1:    T:0.24638    C:0.17391    A:0.24638    G:0.33333
position  2:    T:0.27536    C:0.23188    A:0.31884    G:0.17391
position  3:    T:0.20290    C:0.27536    A:0.28986    G:0.23188
Average         T:0.24155    C:0.22705    A:0.28502    G:0.24638

#40: BohorReedbuck  
position  1:    T:0.24638    C:0.17391    A:0.24638    G:0.33333
position  2:    T:0.27536    C:0.23188    A:0.31884    G:0.17391
position  3:    T:0.18841    C:0.28986    A:0.26087    G:0.26087
Average         T:0.23671    C:0.23188    A:0.27536    G:0.25604

#41: KirksDik       
position  1:    T:0.24638    C:0.17391    A:0.24638    G:0.33333
position  2:    T:0.27536    C:0.23188    A:0.31884    G:0.17391
position  3:    T:0.21739    C:0.26087    A:0.27536    G:0.24638
Average         T:0.24638    C:0.22222    A:0.28019    G:0.25121

#42: RoeDeer        
position  1:    T:0.24638    C:0.17391    A:0.24638    G:0.33333
position  2:    T:0.27536    C:0.23188    A:0.31884    G:0.17391
position  3:    T:0.20290    C:0.27536    A:0.27536    G:0.24638
Average         T:0.24155    C:0.22705    A:0.28019    G:0.25121

#43: WhiteLippedDeer
position  1:    T:0.24638    C:0.17391    A:0.24638    G:0.33333
position  2:    T:0.27536    C:0.23188    A:0.31884    G:0.17391
position  3:    T:0.20290    C:0.27536    A:0.27536    G:0.24638
Average         T:0.24155    C:0.22705    A:0.28019    G:0.25121

#44: ThomsonGazelle 
position  1:    T:0.24638    C:0.17391    A:0.24638    G:0.33333
position  2:    T:0.27536    C:0.23188    A:0.31884    G:0.17391
position  3:    T:0.20290    C:0.27536    A:0.27536    G:0.24638
Average         T:0.24155    C:0.22705    A:0.28019    G:0.25121

#45: MuntiacusCrinifrons
position  1:    T:0.26087    C:0.15942    A:0.24638    G:0.33333
position  2:    T:0.27536    C:0.23188    A:0.31884    G:0.17391
position  3:    T:0.20290    C:0.27536    A:0.27536    G:0.24638
Average         T:0.24638    C:0.22222    A:0.28019    G:0.25121

#46: WhiteTailedDeer
position  1:    T:0.24638    C:0.17391    A:0.24638    G:0.33333
position  2:    T:0.27536    C:0.23188    A:0.31884    G:0.17391
position  3:    T:0.21739    C:0.26087    A:0.27536    G:0.24638
Average         T:0.24638    C:0.22222    A:0.28019    G:0.25121

#47: Cattle         
position  1:    T:0.24638    C:0.17391    A:0.24638    G:0.33333
position  2:    T:0.27536    C:0.23188    A:0.31884    G:0.17391
position  3:    T:0.21739    C:0.26087    A:0.26087    G:0.26087
Average         T:0.24638    C:0.22222    A:0.27536    G:0.25604

#48: RoyalAntelope  
position  1:    T:0.24638    C:0.17391    A:0.24638    G:0.33333
position  2:    T:0.27536    C:0.23188    A:0.31884    G:0.17391
position  3:    T:0.20290    C:0.27536    A:0.27536    G:0.24638
Average         T:0.24155    C:0.22705    A:0.28019    G:0.25121

#49: Steenbok       
position  1:    T:0.24638    C:0.17391    A:0.24638    G:0.33333
position  2:    T:0.27536    C:0.23188    A:0.31884    G:0.17391
position  3:    T:0.20290    C:0.27536    A:0.27536    G:0.24638
Average         T:0.24155    C:0.22705    A:0.28019    G:0.25121

#50: Impala         
position  1:    T:0.24638    C:0.17391    A:0.24638    G:0.33333
position  2:    T:0.27536    C:0.23188    A:0.31884    G:0.17391
position  3:    T:0.18841    C:0.28986    A:0.28986    G:0.23188
Average         T:0.23671    C:0.23188    A:0.28502    G:0.24638

#51: Klipspringer   
position  1:    T:0.24638    C:0.17391    A:0.24638    G:0.33333
position  2:    T:0.27536    C:0.23188    A:0.31884    G:0.17391
