CODONML (in paml version 4.10.7, June 2023)  /home/rachel/ruminants_paml/6406-phy-tree/ENSBTAT00000004020.fasta.phy
Model: free dN/dS Ratios for branches,  kappa = 2.000 fixed

Codon frequency model: F3x4
ns =  54  ls =  55

Codon usage in sequences
--------------------------------------------------------------------------------------------------------------------------------------
Phe TTT   2   2   2   2   2   2 | Ser TCT   0   0   0   0   0   0 | Tyr TAT   2   2   2   2   2   2 | Cys TGT   0   0   0   0   0   0
    TTC   0   0   0   0   0   0 |     TCC   1   1   1   1   1   1 |     TAC   0   0   0   0   0   0 |     TGC   2   2   2   2   2   2
Leu TTA   0   0   0   0   0   0 |     TCA   2   2   2   2   2   2 | *** TAA   0   0   0   0   0   0 | *** TGA   0   0   0   0   0   0
    TTG   0   0   0   0   0   0 |     TCG   0   0   0   0   0   0 |     TAG   0   0   0   0   0   0 | Trp TGG   1   1   1   1   1   1
--------------------------------------------------------------------------------------------------------------------------------------
Leu CTT   3   3   3   3   2   3 | Pro CCT   2   2   2   2   2   2 | His CAT   3   3   3   3   2   2 | Arg CGT   1   1   1   1   1   1
    CTC   0   0   0   0   1   0 |     CCC   1   1   1   1   1   1 |     CAC   0   0   0   0   0   0 |     CGC   0   0   0   0   0   0
    CTA   1   1   1   1   1   1 |     CCA   0   0   0   0   0   0 | Gln CAA   2   2   2   2   3   1 |     CGA   0   0   0   0   0   0
    CTG   1   1   1   1   1   1 |     CCG   0   0   0   0   0   0 |     CAG   0   0   0   0   0   2 |     CGG   0   0   0   0   0   0
--------------------------------------------------------------------------------------------------------------------------------------
Ile ATT   1   0   0   0   0   0 | Thr ACT   0   0   0   0   0   0 | Asn AAT   0   0   0   0   0   0 | Ser AGT   2   2   2   2   2   2
    ATC   0   0   0   0   0   0 |     ACC   0   0   0   0   0   0 |     AAC   1   1   1   1   1   1 |     AGC   1   1   1   1   1   1
    ATA   1   1   1   1   1   1 |     ACA   1   2   1   1   1   1 | Lys AAA   1   1   1   1   1   1 | Arg AGA   3   3   3   3   3   3
Met ATG   0   0   0   0   0   0 |     ACG   0   0   0   0   1   1 |     AAG   2   2   2   2   2   2 |     AGG   0   0   0   0   0   0
--------------------------------------------------------------------------------------------------------------------------------------
Val GTT   2   3   3   3   3   2 | Ala GCT   2   2   2   2   2   2 | Asp GAT   4   4   4   4   4   4 | Gly GGT   1   1   1   1   1   1
    GTC   1   1   1   1   1   1 |     GCC   1   1   1   1   1   1 |     GAC   0   0   0   0   0   0 |     GGC   0   0   0   0   0   0
    GTA   0   0   0   0   0   0 |     GCA   1   0   1   1   0   0 | Glu GAA   3   3   3   4   3   3 |     GGA   1   1   1   1   1   1
    GTG   0   0   0   0   0   1 |     GCG   0   0   0   0   0   0 |     GAG   2   2   2   1   2   2 |     GGG   0   0   0   0   0   0
--------------------------------------------------------------------------------------------------------------------------------------

--------------------------------------------------------------------------------------------------------------------------------------
Phe TTT   2   2   2   2   2   2 | Ser TCT   0   0   0   0   0   0 | Tyr TAT   2   2   2   2   2   2 | Cys TGT   0   0   0   0   0   0
    TTC   0   0   0   0   0   0 |     TCC   1   1   1   1   1   1 |     TAC   0   0   0   0   0   0 |     TGC   2   2   2   2   2   2
Leu TTA   0   0   0   0   0   0 |     TCA   2   2   2   2   2   2 | *** TAA   0   0   0   0   0   0 | *** TGA   0   0   0   0   0   0
    TTG   0   0   0   0   0   0 |     TCG   0   0   0   0   0   0 |     TAG   0   0   0   0   0   0 | Trp TGG   1   1   1   1   1   1
--------------------------------------------------------------------------------------------------------------------------------------
Leu CTT   3   3   3   3   3   3 | Pro CCT   2   2   2   2   2   2 | His CAT   3   3   3   3   3   3 | Arg CGT   1   1   1   1   1   1
    CTC   0   0   0   0   0   0 |     CCC   1   1   1   1   1   1 |     CAC   0   0   0   0   0   0 |     CGC   0   0   0   0   0   0
    CTA   1   1   1   1   1   1 |     CCA   0   0   0   0   0   0 | Gln CAA   2   2   2   2   2   2 |     CGA   0   0   0   0   0   0
    CTG   1   1   1   1   1   1 |     CCG   0   0   0   0   0   0 |     CAG   0   0   0   0   0   0 |     CGG   0   0   0   0   0   0
--------------------------------------------------------------------------------------------------------------------------------------
Ile ATT   0   1   0   0   0   0 | Thr ACT   0   0   0   0   0   0 | Asn AAT   0   0   0   0   0   0 | Ser AGT   2   2   2   2   2   2
    ATC   0   0   0   0   0   0 |     ACC   0   0   0   0   0   0 |     AAC   1   1   1   1   1   1 |     AGC   1   1   1   1   1   1
    ATA   1   1   1   1   1   1 |     ACA   1   1   1   1   1   1 | Lys AAA   1   1   1   1   1   1 | Arg AGA   3   3   3   3   3   3
Met ATG   0   0   0   0   0   0 |     ACG   0   0   0   0   0   0 |     AAG   2   2   2   2   2   2 |     AGG   0   0   0   0   0   0
--------------------------------------------------------------------------------------------------------------------------------------
Val GTT   3   2   3   3   3   3 | Ala GCT   2   2   2   2   2   3 | Asp GAT   4   4   4   4   4   4 | Gly GGT   1   1   1   1   1   1
    GTC   1   1   1   1   1   1 |     GCC   1   1   1   1   1   0 |     GAC   0   0   0   0   0   0 |     GGC   0   0   0   0   0   0
    GTA   0   0   0   0   0   0 |     GCA   1   1   1   1   1   1 | Glu GAA   3   3   3   3   3   3 |     GGA   1   1   1   1   1   1
    GTG   0   0   0   0   0   0 |     GCG   0   0   0   0   0   0 |     GAG   2   2   2   2   2   2 |     GGG   0   0   0   0   0   0
--------------------------------------------------------------------------------------------------------------------------------------

--------------------------------------------------------------------------------------------------------------------------------------
Phe TTT   2   2   2   2   2   2 | Ser TCT   0   0   0   0   0   0 | Tyr TAT   2   2   2   2   2   2 | Cys TGT   0   0   0   0   0   0
    TTC   0   0   0   0   0   0 |     TCC   1   1   1   1   1   1 |     TAC   0   0   0   0   0   0 |     TGC   2   2   2   2   2   2
Leu TTA   0   0   0   0   0   0 |     TCA   2   2   2   2   2   2 | *** TAA   0   0   0   0   0   0 | *** TGA   0   0   0   0   0   0
    TTG   0   0   0   0   0   0 |     TCG   0   0   0   0   0   0 |     TAG   0   0   0   0   0   0 | Trp TGG   1   1   1   1   1   1
--------------------------------------------------------------------------------------------------------------------------------------
Leu CTT   3   3   3   3   3   3 | Pro CCT   2   2   2   2   2   2 | His CAT   3   3   3   3   3   3 | Arg CGT   1   1   1   1   1   1
    CTC   0   0   0   0   0   0 |     CCC   1   1   1   1   1   1 |     CAC   0   0   0   0   0   0 |     CGC   0   0   0   0   0   0
    CTA   1   1   1   1   1   1 |     CCA   0   0   0   0   0   0 | Gln CAA   2   2   2   2   2   2 |     CGA   0   0   0   0   0   0
    CTG   1   1   1   1   1   1 |     CCG   0   0   0   0   0   0 |     CAG   0   0   0   0   0   0 |     CGG   0   0   0   0   0   0
--------------------------------------------------------------------------------------------------------------------------------------
Ile ATT   0   0   0   0   0   0 | Thr ACT   0   0   0   0   0   0 | Asn AAT   0   0   0   0   0   0 | Ser AGT   2   2   2   2   2   2
    ATC   0   0   0   0   0   0 |     ACC   0   0   0   0   0   0 |     AAC   1   1   1   1   1   1 |     AGC   1   1   1   1   1   1
    ATA   1   1   1   1   1   1 |     ACA   1   1   1   1   1   1 | Lys AAA   1   1   1   1   1   1 | Arg AGA   3   3   3   3   3   3
Met ATG   0   0   0   0   0   0 |     ACG   0   0   0   0   0   0 |     AAG   2   2   2   2   2   2 |     AGG   0   0   0   0   0   0
--------------------------------------------------------------------------------------------------------------------------------------
Val GTT   3   3   3   3   3   3 | Ala GCT   2   2   2   2   3   2 | Asp GAT   4   4   4   4   4   4 | Gly GGT   1   1   1   1   1   1
    GTC   1   1   1   1   0   1 |     GCC   1   1   1   1   0   1 |     GAC   0   0   0   0   0   0 |     GGC   0   0   0   0   0   0
    GTA   0   0   0   0   0   0 |     GCA   1   1   1   1   1   1 | Glu GAA   3   3   3   3   3   3 |     GGA   1   1   1   1   1   1
    GTG   0   0   0   0   1   0 |     GCG   0   0   0   0   0   0 |     GAG   2   2   2   2   2   2 |     GGG   0   0   0   0   0   0
--------------------------------------------------------------------------------------------------------------------------------------

--------------------------------------------------------------------------------------------------------------------------------------
Phe TTT   2   2   2   2   2   2 | Ser TCT   0   0   0   0   0   0 | Tyr TAT   2   2   2   2   2   2 | Cys TGT   0   0   0   0   0   0
    TTC   0   0   0   0   0   0 |     TCC   1   1   1   1   1   1 |     TAC   0   0   0   0   0   0 |     TGC   2   2   2   2   2   2
Leu TTA   0   0   0   0   0   0 |     TCA   2   2   2   2   2   2 | *** TAA   0   0   0   0   0   0 | *** TGA   0   0   0   0   0   0
    TTG   0   0   0   0   0   0 |     TCG   0   0   0   0   0   0 |     TAG   0   0   0   0   0   0 | Trp TGG   1   1   1   1   1   1
--------------------------------------------------------------------------------------------------------------------------------------
Leu CTT   3   3   3   3   3   3 | Pro CCT   2   2   2   2   2   2 | His CAT   3   3   3   3   3   3 | Arg CGT   1   1   1   1   1   1
    CTC   0   0   0   0   0   0 |     CCC   1   1   1   1   1   1 |     CAC   0   0   0   0   0   0 |     CGC   0   0   0   0   0   0
    CTA   1   1   1   1   1   1 |     CCA   0   0   0   0   0   0 | Gln CAA   2   2   2   2   2   2 |     CGA   0   0   0   0   0   0
    CTG   1   1   1   1   1   1 |     CCG   0   0   0   0   0   0 |     CAG   0   0   0   0   0   0 |     CGG   0   0   0   0   0   0
--------------------------------------------------------------------------------------------------------------------------------------
Ile ATT   0   0   0   0   0   0 | Thr ACT   0   0   0   0   0   0 | Asn AAT   0   0   0   0   0   0 | Ser AGT   2   2   2   2   2   2
    ATC   0   0   0   0   0   0 |     ACC   0   0   0   0   0   0 |     AAC   1   1   1   1   1   1 |     AGC   1   1   1   1   1   1
    ATA   1   1   1   1   1   1 |     ACA   1   1   1   1   1   1 | Lys AAA   1   1   1   1   1   1 | Arg AGA   3   3   3   3   3   3
Met ATG   0   0   0   0   0   0 |     ACG   0   0   0   0   0   0 |     AAG   2   2   2   2   2   2 |     AGG   0   0   0   0   0   0
--------------------------------------------------------------------------------------------------------------------------------------
Val GTT   3   3   3   3   3   3 | Ala GCT   3   3   2   2   2   2 | Asp GAT   4   4   4   4   4   4 | Gly GGT   1   1   1   1   1   1
    GTC   1   1   1   1   1   1 |     GCC   0   0   1   1   1   1 |     GAC   0   0   0   0   0   0 |     GGC   0   0   0   0   0   0
    GTA   0   0   0   0   0   0 |     GCA   1   1   1   1   1   1 | Glu GAA   3   3   3   3   3   3 |     GGA   1   1   1   1   1   1
    GTG   0   0   0   0   0   0 |     GCG   0   0   0   0   0   0 |     GAG   2   2   2   2   2   2 |     GGG   0   0   0   0   0   0
--------------------------------------------------------------------------------------------------------------------------------------

--------------------------------------------------------------------------------------------------------------------------------------
Phe TTT   2   2   2   2   2   2 | Ser TCT   0   0   0   0   0   0 | Tyr TAT   2   2   2   2   2   2 | Cys TGT   0   0   0   0   0   0
    TTC   0   0   0   0   0   0 |     TCC   1   1   1   1   1   1 |     TAC   0   0   0   0   0   0 |     TGC   2   2   2   2   2   2
Leu TTA   0   0   0   0   0   0 |     TCA   2   2   2   2   2   2 | *** TAA   0   0   0   0   0   0 | *** TGA   0   0   0   0   0   0
    TTG   0   0   0   0   0   0 |     TCG   0   0   0   0   0   0 |     TAG   0   0   0   0   0   0 | Trp TGG   1   1   1   1   1   1
--------------------------------------------------------------------------------------------------------------------------------------
Leu CTT   3   3   3   3   3   3 | Pro CCT   2   2   2   2   2   2 | His CAT   3   3   3   3   3   3 | Arg CGT   1   1   1   1   1   1
    CTC   0   0   0   0   0   0 |     CCC   1   1   1   1   1   1 |     CAC   0   0   0   0   0   0 |     CGC   0   0   0   0   0   0
    CTA   1   1   1   1   1   1 |     CCA   0   0   0   0   0   0 | Gln CAA   2   2   2   2   2   2 |     CGA   0   0   0   0   0   0
    CTG   1   1   1   1   1   1 |     CCG   0   0   0   0   0   0 |     CAG   0   0   0   0   0   0 |     CGG   0   0   0   0   0   0
--------------------------------------------------------------------------------------------------------------------------------------
Ile ATT   0   0   0   0   0   0 | Thr ACT   0   0   0   0   0   0 | Asn AAT   0   0   0   1   0   0 | Ser AGT   2   2   2   2   2   2
    ATC   0   0   0   0   0   0 |     ACC   0   0   0   0   0   0 |     AAC   1   1   1   1   1   1 |     AGC   1   1   1   1   1   1
    ATA   1   1   1   1   1   1 |     ACA   1   1   1   1   1   1 | Lys AAA   1   1   1   1   1   1 | Arg AGA   3   3   3   3   3   3
Met ATG   0   0   0   0   0   0 |     ACG   0   0   0   0   0   0 |     AAG   2   2   2   2   2   2 |     AGG   0   0   0   0   0   0
--------------------------------------------------------------------------------------------------------------------------------------
Val GTT   3   3   3   3   4   3 | Ala GCT   3   3   3   2   2   2 | Asp GAT   4   4   4   3   4   4 | Gly GGT   1   1   1   1   1   1
    GTC   1   1   1   1   0   1 |     GCC   0   0   0   1   1   1 |     GAC   0   0   0   0   0   0 |     GGC   0   0   0   0   0   0
    GTA   0   0   0   0   0   0 |     GCA   1   1   1   1   1   1 | Glu GAA   3   3   3   3   3   3 |     GGA   1   1   1   1   1   1
    GTG   0   0   0   0   0   0 |     GCG   0   0   0   0   0   0 |     GAG   2   2   2   2   2   2 |     GGG   0   0   0   0   0   0
--------------------------------------------------------------------------------------------------------------------------------------

--------------------------------------------------------------------------------------------------------------------------------------
Phe TTT   2   2   2   2   2   2 | Ser TCT   0   0   0   0   0   0 | Tyr TAT   2   2   2   2   2   2 | Cys TGT   0   0   0   0   0   0
    TTC   0   0   0   0   0   0 |     TCC   1   1   1   1   1   1 |     TAC   0   0   0   0   0   0 |     TGC   2   2   2   2   2   2
Leu TTA   0   0   0   0   0   0 |     TCA   2   2   2   2   2   2 | *** TAA   0   0   0   0   0   0 | *** TGA   0   0   0   0   0   0
    TTG   0   0   0   0   0   0 |     TCG   0   0   0   0   0   0 |     TAG   0   0   0   0   0   0 | Trp TGG   1   1   1   1   1   1
--------------------------------------------------------------------------------------------------------------------------------------
Leu CTT   3   3   3   3   3   3 | Pro CCT   2   2   2   2   2   2 | His CAT   3   3   3   3   3   3 | Arg CGT   1   1   1   1   1   1
    CTC   0   0   0   0   0   0 |     CCC   1   1   1   1   1   1 |     CAC   0   0   0   0   0   0 |     CGC   0   0   0   0   0   0
    CTA   1   1   1   1   1   1 |     CCA   0   0   0   0   0   0 | Gln CAA   2   2   2   2   2   2 |     CGA   0   0   0   0   0   0
    CTG   1   1   1   1   1   1 |     CCG   0   0   0   0   0   0 |     CAG   0   0   0   0   0   0 |     CGG   0   0   0   0   0   0
--------------------------------------------------------------------------------------------------------------------------------------
Ile ATT   0   0   0   0   0   0 | Thr ACT   0   0   0   0   0   0 | Asn AAT   0   0   0   0   0   0 | Ser AGT   2   2   2   2   2   2
    ATC   0   0   0   0   0   0 |     ACC   0   0   0   0   0   0 |     AAC   1   1   1   1   1   1 |     AGC   1   1   1   1   1   1
    ATA   1   1   1   1   1   1 |     ACA   1   1   1   1   1   1 | Lys AAA   1   1   1   1   1   1 | Arg AGA   3   3   3   3   3   3
Met ATG   0   0   0   0   0   0 |     ACG   0   0   0   0   0   0 |     AAG   2   2   2   2   2   2 |     AGG   0   0   0   0   0   0
--------------------------------------------------------------------------------------------------------------------------------------
Val GTT   3   3   3   3   3   3 | Ala GCT   2   2   3   2   3   2 | Asp GAT   4   4   4   4   4   3 | Gly GGT   1   1   1   1   1   1
    GTC   1   1   1   1   1   1 |     GCC   1   1   0   1   0   1 |     GAC   0   0   0   0   0   1 |     GGC   0   0   0   0   0   0
    GTA   0   0   0   0   0   0 |     GCA   1   1   1   1   1   1 | Glu GAA   3   3   3   3   3   3 |     GGA   1   1   1   1   1   1
    GTG   0   0   0   0   0   0 |     GCG   0   0   0   0   0   0 |     GAG   2   2   2   2   2   2 |     GGG   0   0   0   0   0   0
--------------------------------------------------------------------------------------------------------------------------------------

--------------------------------------------------------------------------------------------------------------------------------------
Phe TTT   2   2   2   2   2   2 | Ser TCT   0   0   0   0   0   0 | Tyr TAT   2   2   2   2   2   2 | Cys TGT   0   0   0   0   0   0
    TTC   0   0   0   0   0   0 |     TCC   1   1   1   1   1   1 |     TAC   0   0   0   0   0   0 |     TGC   2   2   2   2   2   2
Leu TTA   0   0   0   0   0   0 |     TCA   1   2   2   2   2   2 | *** TAA   0   0   0   0   0   0 | *** TGA   0   0   0   0   0   0
    TTG   0   0   0   0   0   0 |     TCG   1   0   0   0   0   0 |     TAG   0   0   0   0   0   0 | Trp TGG   1   1   1   1   1   1
--------------------------------------------------------------------------------------------------------------------------------------
Leu CTT   3   3   3   3   3   3 | Pro CCT   2   2   2   2   2   2 | His CAT   3   3   3   3   3   3 | Arg CGT   1   1   1   1   1   1
    CTC   0   0   0   0   0   0 |     CCC   1   1   1   1   1   1 |     CAC   0   0   0   0   0   0 |     CGC   0   0   0   0   0   0
    CTA   1   1   1   1   1   1 |     CCA   0   0   0   0   0   0 | Gln CAA   2   2   2   2   2   2 |     CGA   0   0   0   0   0   0
    CTG   1   1   1   1   1   1 |     CCG   0   0   0   0   0   0 |     CAG   0   0   0   0   0   0 |     CGG   0   0   0   0   0   0
--------------------------------------------------------------------------------------------------------------------------------------
Ile ATT   0   0   0   0   0   0 | Thr ACT   0   0   0   0   0   0 | Asn AAT   0   0   0   0   0   0 | Ser AGT   2   2   2   2   2   2
    ATC   0   0   0   0   0   0 |     ACC   0   0   0   0   0   0 |     AAC   1   1   1   1   1   1 |     AGC   1   1   1   1   1   1
    ATA   1   1   1   1   1   1 |     ACA   1   1   1   1   1   1 | Lys AAA   1   1   1   1   1   1 | Arg AGA   3   3   3   3   3   3
Met ATG   0   0   0   0   0   0 |     ACG   0   0   0   0   0   0 |     AAG   2   2   2   2   2   2 |     AGG   0   0   0   0   0   0
--------------------------------------------------------------------------------------------------------------------------------------
Val GTT   3   3   3   3   3   3 | Ala GCT   2   2   2   2   3   2 | Asp GAT   4   4   4   4   4   4 | Gly GGT   1   1   1   1   1   1
    GTC   1   1   1   1   1   1 |     GCC   1   1   1   1   0   0 |     GAC   0   0   0   0   0   0 |     GGC   0   0   0   0   0   0
    GTA   0   0   0   0   0   0 |     GCA   1   1   1   1   1   2 | Glu GAA   3   3   3   3   3   3 |     GGA   1   1   1   1   1   1
    GTG   0   0   0   0   0   0 |     GCG   0   0   0   0   0   0 |     GAG   2   2   2   2   2   2 |     GGG   0   0   0   0   0   0
--------------------------------------------------------------------------------------------------------------------------------------

--------------------------------------------------------------------------------------------------------------------------------------
Phe TTT   2   2   2   2   2   2 | Ser TCT   0   0   0   0   0   0 | Tyr TAT   2   2   2   2   2   2 | Cys TGT   0   0   0   0   0   0
    TTC   0   0   0   0   0   0 |     TCC   1   1   1   1   1   1 |     TAC   0   0   0   0   0   0 |     TGC   2   2   2   2   2   2
Leu TTA   0   0   0   0   0   0 |     TCA   2   2   2   2   2   2 | *** TAA   0   0   0   0   0   0 | *** TGA   0   0   0   0   0   0
    TTG   0   0   0   0   0   0 |     TCG   0   0   0   0   0   0 |     TAG   0   0   0   0   0   0 | Trp TGG   1   1   1   1   1   1
--------------------------------------------------------------------------------------------------------------------------------------
Leu CTT   3   3   3   3   3   3 | Pro CCT   2   2   2   2   2   2 | His CAT   3   3   3   3   3   3 | Arg CGT   1   1   1   1   1   1
    CTC   0   0   0   0   0   0 |     CCC   1   1   1   1   1   1 |     CAC   0   0   0   0   0   0 |     CGC   0   0   0   0   0   0
    CTA   1   1   1   1   1   1 |     CCA   0   0   0   0   0   0 | Gln CAA   2   2   2   2   2   2 |     CGA   0   0   0   0   0   0
    CTG   1   1   1   1   1   1 |     CCG   0   0   0   0   0   0 |     CAG   0   0   0   0   0   0 |     CGG   0   0   0   0   0   0
--------------------------------------------------------------------------------------------------------------------------------------
Ile ATT   0   0   0   0   0   0 | Thr ACT   0   0   0   0   0   0 | Asn AAT   0   0   0   0   0   0 | Ser AGT   2   2   2   2   2   2
    ATC   0   0   0   0   0   0 |     ACC   0   0   0   0   0   0 |     AAC   1   1   1   1   1   1 |     AGC   1   1   1   1   1   1
    ATA   1   1   1   1   1   1 |     ACA   1   1   1   1   1   1 | Lys AAA   1   1   1   1   1   1 | Arg AGA   3   3   3   3   3   3
Met ATG   0   0   0   0   0   0 |     ACG   0   0   0   0   0   0 |     AAG   2   2   2   2   2   2 |     AGG   0   0   0   0   0   0
--------------------------------------------------------------------------------------------------------------------------------------
Val GTT   3   3   3   3   3   3 | Ala GCT   3   2   3   3   2   2 | Asp GAT   4   4   4   4   4   4 | Gly GGT   1   1   1   1   1   1
    GTC   1   1   1   1   1   1 |     GCC   0   1   0   0   1   1 |     GAC   0   0   0   0   0   0 |     GGC   0   0   0   0   0   0
    GTA   0   0   0   0   0   0 |     GCA   1   1   1   1   1   1 | Glu GAA   3   3   3   3   3   3 |     GGA   1   1   1   1   1   1
    GTG   0   0   0   0   0   0 |     GCG   0   0   0   0   0   0 |     GAG   2   2   2   2   2   2 |     GGG   0   0   0   0   0   0
--------------------------------------------------------------------------------------------------------------------------------------

--------------------------------------------------------------------------------------------------------------------------------------
Phe TTT   2   2   2   2   2   2 | Ser TCT   0   0   0   0   0   0 | Tyr TAT   2   2   2   2   2   2 | Cys TGT   0   0   0   0   0   0
    TTC   0   0   0   0   0   0 |     TCC   1   1   1   1   1   1 |     TAC   0   0   0   0   0   0 |     TGC   2   2   2   2   2   2
Leu TTA   0   0   0   0   0   0 |     TCA   2   2   2   2   2   2 | *** TAA   0   0   0   0   0   0 | *** TGA   0   0   0   0   0   0
    TTG   0   0   0   0   0   0 |     TCG   0   0   0   0   0   0 |     TAG   0   0   0   0   0   0 | Trp TGG   1   1   1   1   1   1
--------------------------------------------------------------------------------------------------------------------------------------
Leu CTT   3   3   3   3   3   3 | Pro CCT   2   2   2   2   2   2 | His CAT   3   3   3   3   3   3 | Arg CGT   1   1   1   1   1   1
    CTC   0   0   0   0   0   0 |     CCC   1   1   1   1   1   1 |     CAC   0   0   0   0   0   0 |     CGC   0   0   0   0   0   0
    CTA   1   1   1   1   1   1 |     CCA   0   0   0   0   0   0 | Gln CAA   2   2   2   2   2   2 |     CGA   0   0   0   0   0   0
    CTG   1   1   1   1   1   1 |     CCG   0   0   0   0   0   0 |     CAG   0   0   0   0   0   0 |     CGG   0   0   0   0   0   0
--------------------------------------------------------------------------------------------------------------------------------------
Ile ATT   0   0   0   0   0   0 | Thr ACT   0   0   0   0   0   0 | Asn AAT   0   0   0   0   0   0 | Ser AGT   2   2   2   2   2   2
    ATC   0   0   0   0   0   0 |     ACC   0   0   0   0   0   0 |     AAC   1   1   1   1   1   1 |     AGC   1   1   1   1   1   1
    ATA   1   1   1   1   1   1 |     ACA   1   2   1   1   1   1 | Lys AAA   1   1   1   1   1   1 | Arg AGA   3   3   3   3   3   3
Met ATG   0   0   0   0   0   0 |     ACG   0   0   0   0   0   0 |     AAG   2   2   2   2   2   2 |     AGG   0   0   0   0   0   0
--------------------------------------------------------------------------------------------------------------------------------------
Val GTT   3   3   3   3   3   3 | Ala GCT   2   2   2   2   2   2 | Asp GAT   4   4   4   4   4   4 | Gly GGT   1   1   1   1   1   1
    GTC   1   1   1   1   1   1 |     GCC   1   1   1   1   1   1 |     GAC   0   0   0   0   0   0 |     GGC   0   0   0   0   0   0
    GTA   0   0   0   0   0   0 |     GCA   1   0   1   1   1   1 | Glu GAA   3   3   3   4   3   3 |     GGA   1   1   1   1   1   1
    GTG   0   0   0   0   0   0 |     GCG   0   0   0   0   0   0 |     GAG   2   2   2   1   2   2 |     GGG   0   0   0   0   0   0
--------------------------------------------------------------------------------------------------------------------------------------

Codon position x base (3x4) table for each sequence.

#1: Argali         
position  1:    T:0.18182    C:0.25455    A:0.23636    G:0.32727
position  2:    T:0.21818    C:0.20000    A:0.36364    G:0.21818
position  3:    T:0.45455    C:0.14545    A:0.29091    G:0.10909
Average         T:0.28485    C:0.20000    A:0.29697    G:0.21818

#2: LesserMouseDeer
position  1:    T:0.18182    C:0.25455    A:0.23636    G:0.32727
position  2:    T:0.21818    C:0.20000    A:0.36364    G:0.21818
position  3:    T:0.45455    C:0.14545    A:0.29091    G:0.10909
Average         T:0.28485    C:0.20000    A:0.29697    G:0.21818

#3: LesserKudu     
position  1:    T:0.18182    C:0.25455    A:0.21818    G:0.34545
position  2:    T:0.21818    C:0.20000    A:0.36364    G:0.21818
position  3:    T:0.45455    C:0.14545    A:0.29091    G:0.10909
Average         T:0.28485    C:0.20000    A:0.29091    G:0.22424

#4: ForestMuskDeer2
position  1:    T:0.18182    C:0.25455    A:0.21818    G:0.34545
position  2:    T:0.21818    C:0.20000    A:0.36364    G:0.21818
position  3:    T:0.45455    C:0.14545    A:0.30909    G:0.09091
Average         T:0.28485    C:0.20000    A:0.29697    G:0.21818

#5: Camel          
position  1:    T:0.18182    C:0.25455    A:0.23636    G:0.32727
position  2:    T:0.21818    C:0.20000    A:0.36364    G:0.21818
position  3:    T:0.41818    C:0.16364    A:0.29091    G:0.12727
Average         T:0.27273    C:0.20606    A:0.29697    G:0.22424

#6: KillerWhale    
position  1:    T:0.18182    C:0.25455    A:0.23636    G:0.32727
position  2:    T:0.21818    C:0.20000    A:0.36364    G:0.21818
position  3:    T:0.41818    C:0.14545    A:0.25455    G:0.18182
Average         T:0.27273    C:0.20000    A:0.28485    G:0.24242

#7: DefassaWaterbuck
position  1:    T:0.18182    C:0.25455    A:0.21818    G:0.34545
position  2:    T:0.21818    C:0.20000    A:0.36364    G:0.21818
position  3:    T:0.45455    C:0.14545    A:0.29091    G:0.10909
Average         T:0.28485    C:0.20000    A:0.29091    G:0.22424

#8: Sheep          
position  1:    T:0.18182    C:0.25455    A:0.23636    G:0.32727
position  2:    T:0.21818    C:0.20000    A:0.36364    G:0.21818
position  3:    T:0.45455    C:0.14545    A:0.29091    G:0.10909
Average         T:0.28485    C:0.20000    A:0.29697    G:0.21818

#9: MaxwellsDuiker 
position  1:    T:0.18182    C:0.25455    A:0.21818    G:0.34545
position  2:    T:0.21818    C:0.20000    A:0.36364    G:0.21818
position  3:    T:0.45455    C:0.14545    A:0.29091    G:0.10909
Average         T:0.28485    C:0.20000    A:0.29091    G:0.22424

#10: GazellaPrzewalskyi
position  1:    T:0.18182    C:0.25455    A:0.21818    G:0.34545
position  2:    T:0.21818    C:0.20000    A:0.36364    G:0.21818
position  3:    T:0.45455    C:0.14545    A:0.29091    G:0.10909
Average         T:0.28485    C:0.20000    A:0.29091    G:0.22424

#11: MountainNyala  
position  1:    T:0.18182    C:0.25455    A:0.21818    G:0.34545
position  2:    T:0.21818    C:0.20000    A:0.36364    G:0.21818
position  3:    T:0.45455    C:0.14545    A:0.29091    G:0.10909
Average         T:0.28485    C:0.20000    A:0.29091    G:0.22424

#12: MuntiacusMuntjak
position  1:    T:0.18182    C:0.25455    A:0.21818    G:0.34545
position  2:    T:0.21818    C:0.20000    A:0.36364    G:0.21818
position  3:    T:0.47273    C:0.12727    A:0.29091    G:0.10909
Average         T:0.29091    C:0.19394    A:0.29091    G:0.22424

#13: goat           
position  1:    T:0.18182    C:0.25455    A:0.21818    G:0.34545
position  2:    T:0.21818    C:0.20000    A:0.36364    G:0.21818
position  3:    T:0.45455    C:0.14545    A:0.29091    G:0.10909
Average         T:0.28485    C:0.20000    A:0.29091    G:0.22424

#14: AfricanBuffalo 
position  1:    T:0.18182    C:0.25455    A:0.21818    G:0.34545
position  2:    T:0.21818    C:0.20000    A:0.36364    G:0.21818
position  3:    T:0.45455    C:0.14545    A:0.29091    G:0.10909
Average         T:0.28485    C:0.20000    A:0.29091    G:0.22424

#15: Topi           
position  1:    T:0.18182    C:0.25455    A:0.21818    G:0.34545
position  2:    T:0.21818    C:0.20000    A:0.36364    G:0.21818
position  3:    T:0.45455    C:0.14545    A:0.29091    G:0.10909
Average         T:0.28485    C:0.20000    A:0.29091    G:0.22424

#16: CommonDuiker   
position  1:    T:0.18182    C:0.25455    A:0.21818    G:0.34545
position  2:    T:0.21818    C:0.20000    A:0.36364    G:0.21818
position  3:    T:0.45455    C:0.14545    A:0.29091    G:0.10909
Average         T:0.28485    C:0.20000    A:0.29091    G:0.22424

#17: Suni           
position  1:    T:0.18182    C:0.25455    A:0.21818    G:0.34545
position  2:    T:0.21818    C:0.20000    A:0.36364    G:0.21818
position  3:    T:0.47273    C:0.10909    A:0.29091    G:0.12727
Average         T:0.29091    C:0.18788    A:0.29091    G:0.23030

#18: Springbuck     
position  1:    T:0.18182    C:0.25455    A:0.21818    G:0.34545
position  2:    T:0.21818    C:0.20000    A:0.36364    G:0.21818
position  3:    T:0.45455    C:0.14545    A:0.29091    G:0.10909
Average         T:0.28485    C:0.20000    A:0.29091    G:0.22424

#19: Okapi          
position  1:    T:0.18182    C:0.25455    A:0.21818    G:0.34545
position  2:    T:0.21818    C:0.20000    A:0.36364    G:0.21818
position  3:    T:0.47273    C:0.12727    A:0.29091    G:0.10909
Average         T:0.29091    C:0.19394    A:0.29091    G:0.22424

#20: Giraffe        
position  1:    T:0.18182    C:0.25455    A:0.21818    G:0.34545
position  2:    T:0.21818    C:0.20000    A:0.36364    G:0.21818
position  3:    T:0.47273    C:0.12727    A:0.29091    G:0.10909
Average         T:0.29091    C:0.19394    A:0.29091    G:0.22424

#21: TibetanAntelope
position  1:    T:0.18182    C:0.25455    A:0.21818    G:0.34545
position  2:    T:0.21818    C:0.20000    A:0.36364    G:0.21818
position  3:    T:0.45455    C:0.14545    A:0.29091    G:0.10909
Average         T:0.28485    C:0.20000    A:0.29091    G:0.22424

#22: Sitatunga      
position  1:    T:0.18182    C:0.25455    A:0.21818    G:0.34545
position  2:    T:0.21818    C:0.20000    A:0.36364    G:0.21818
position  3:    T:0.45455    C:0.14545    A:0.29091    G:0.10909
Average         T:0.28485    C:0.20000    A:0.29091    G:0.22424

#23: Oribi          
position  1:    T:0.18182    C:0.25455    A:0.21818    G:0.34545
position  2:    T:0.21818    C:0.20000    A:0.36364    G:0.21818
position  3:    T:0.45455    C:0.14545    A:0.29091    G:0.10909
Average         T:0.28485    C:0.20000    A:0.29091    G:0.22424

#24: BarbarySheep   
position  1:    T:0.18182    C:0.25455    A:0.21818    G:0.34545
position  2:    T:0.21818    C:0.20000    A:0.36364    G:0.21818
position  3:    T:0.45455    C:0.14545    A:0.29091    G:0.10909
Average         T:0.28485    C:0.20000    A:0.29091    G:0.22424

#25: Daviddeer      
position  1:    T:0.18182    C:0.25455    A:0.21818    G:0.34545
position  2:    T:0.21818    C:0.20000    A:0.36364    G:0.21818
position  3:    T:0.47273    C:0.12727    A:0.29091    G:0.10909
Average         T:0.29091    C:0.19394    A:0.29091    G:0.22424

#26: Reindeer       
position  1:    T:0.18182    C:0.25455    A:0.21818    G:0.34545
position  2:    T:0.21818    C:0.20000    A:0.36364    G:0.21818
position  3:    T:0.47273    C:0.12727    A:0.29091    G:0.10909
Average         T:0.29091    C:0.19394    A:0.29091    G:0.22424

#27: Ibex           
position  1:    T:0.18182    C:0.25455    A:0.21818    G:0.34545
position  2:    T:0.21818    C:0.20000    A:0.36364    G:0.21818
position  3:    T:0.47273    C:0.12727    A:0.29091    G:0.10909
Average         T:0.29091    C:0.19394    A:0.29091    G:0.22424

#28: GyrantGazelle  
position  1:    T:0.18182    C:0.25455    A:0.23636    G:0.32727
position  2:    T:0.21818    C:0.20000    A:0.36364    G:0.21818
position  3:    T:0.45455    C:0.14545    A:0.29091    G:0.10909
Average         T:0.28485    C:0.20000    A:0.29697    G:0.21818

#29: Hartebeest     
position  1:    T:0.18182    C:0.25455    A:0.21818    G:0.34545
position  2:    T:0.21818    C:0.20000    A:0.36364    G:0.21818
position  3:    T:0.47273    C:0.12727    A:0.29091    G:0.10909
Average         T:0.29091    C:0.19394    A:0.29091    G:0.22424

#30: Bongo          
position  1:    T:0.18182    C:0.25455    A:0.21818    G:0.34545
position  2:    T:0.21818    C:0.20000    A:0.36364    G:0.21818
position  3:    T:0.45455    C:0.14545    A:0.29091    G:0.10909
Average         T:0.28485    C:0.20000    A:0.29091    G:0.22424

#31: Gerenuk        
position  1:    T:0.18182    C:0.25455    A:0.21818    G:0.34545
position  2:    T:0.21818    C:0.20000    A:0.36364    G:0.21818
position  3:    T:0.45455    C:0.14545    A:0.29091    G:0.10909
Average         T:0.28485    C:0.20000    A:0.29091    G:0.22424

#32: CommonEland    
position  1:    T:0.18182    C:0.25455    A:0.21818    G:0.34545
position  2:    T:0.21818    C:0.20000    A:0.36364    G:0.21818
position  3:    T:0.45455    C:0.14545    A:0.29091    G:0.10909
Average         T:0.28485    C:0.20000    A:0.29091    G:0.22424

#33: MuntiacusReevesi
position  1:    T:0.18182    C:0.25455    A:0.21818    G:0.34545
position  2:    T:0.21818    C:0.20000    A:0.36364    G:0.21818
position  3:    T:0.47273    C:0.12727    A:0.29091    G:0.10909
Average         T:0.29091    C:0.19394    A:0.29091    G:0.22424

#34: HarveysDuiker  
position  1:    T:0.18182    C:0.25455    A:0.21818    G:0.34545
position  2:    T:0.21818    C:0.20000    A:0.36364    G:0.21818
position  3:    T:0.45455    C:0.14545    A:0.29091    G:0.10909
Average         T:0.28485    C:0.20000    A:0.29091    G:0.22424

#35: Pronghorn      
position  1:    T:0.18182    C:0.25455    A:0.21818    G:0.34545
position  2:    T:0.21818    C:0.20000    A:0.36364    G:0.21818
position  3:    T:0.47273    C:0.12727    A:0.29091    G:0.10909
Average         T:0.29091    C:0.19394    A:0.29091    G:0.22424

#36: BlueWildebeest 
position  1:    T:0.18182    C:0.25455    A:0.21818    G:0.34545
position  2:    T:0.21818    C:0.20000    A:0.36364    G:0.21818
position  3:    T:0.43636    C:0.16364    A:0.29091    G:0.10909
Average         T:0.27879    C:0.20606    A:0.29091    G:0.22424

#37: Gemsbok        
position  1:    T:0.18182    C:0.25455    A:0.21818    G:0.34545
position  2:    T:0.21818    C:0.20000    A:0.36364    G:0.21818
position  3:    T:0.45455    C:0.14545    A:0.27273    G:0.12727
Average         T:0.28485    C:0.20000    A:0.28485    G:0.23030

#38: Yak            
position  1:    T:0.18182    C:0.25455    A:0.21818    G:0.34545
position  2:    T:0.21818    C:0.20000    A:0.36364    G:0.21818
position  3:    T:0.45455    C:0.14545    A:0.29091    G:0.10909
Average         T:0.28485    C:0.20000    A:0.29091    G:0.22424

#39: BlueSheep      
position  1:    T:0.18182    C:0.25455    A:0.21818    G:0.34545
position  2:    T:0.21818    C:0.20000    A:0.36364    G:0.21818
position  3:    T:0.45455    C:0.14545    A:0.29091    G:0.10909
Average         T:0.28485    C:0.20000    A:0.29091    G:0.22424

#40: BohorReedbuck  
position  1:    T:0.18182    C:0.25455    A:0.21818    G:0.34545
position  2:    T:0.21818    C:0.20000    A:0.36364    G:0.21818
position  3:    T:0.45455    C:0.14545    A:0.29091    G:0.10909
Average         T:0.28485    C:0.20000    A:0.29091    G:0.22424

#41: KirksDik       
position  1:    T:0.18182    C:0.25455    A:0.21818    G:0.34545
position  2:    T:0.21818    C:0.20000    A:0.36364    G:0.21818
position  3:    T:0.47273    C:0.12727    A:0.29091    G:0.10909
Average         T:0.29091    C:0.19394    A:0.29091    G:0.22424

#42: RoeDeer        
position  1:    T:0.18182    C:0.25455    A:0.21818    G:0.34545
position  2:    T:0.21818    C:0.20000    A:0.36364    G:0.21818
position  3:    T:0.45455    C:0.12727    A:0.30909    G:0.10909
Average         T:0.28485    C:0.19394    A:0.29697    G:0.22424

#43: WhiteLippedDeer
position  1:    T:0.18182    C:0.25455    A:0.21818    G:0.34545
position  2:    T:0.21818    C:0.20000    A:0.36364    G:0.21818
position  3:    T:0.47273    C:0.12727    A:0.29091    G:0.10909
Average         T:0.29091    C:0.19394    A:0.29091    G:0.22424

#44: ThomsonGazelle 
position  1:    T:0.18182    C:0.25455    A:0.21818    G:0.34545
position  2:    T:0.21818    C:0.20000    A:0.36364    G:0.21818
position  3:    T:0.45455    C:0.14545    A:0.29091    G:0.10909
Average         T:0.28485    C:0.20000    A:0.29091    G:0.22424

#45: MuntiacusCrinifrons
position  1:    T:0.18182    C:0.25455    A:0.21818    G:0.34545
position  2:    T:0.21818    C:0.20000    A:0.36364    G:0.21818
position  3:    T:0.47273    C:0.12727    A:0.29091    G:0.10909
Average         T:0.29091    C:0.19394    A:0.29091    G:0.22424

#46: WhiteTailedDeer
position  1:    T:0.18182    C:0.25455    A:0.21818    G:0.34545
position  2:    T:0.21818    C:0.20000    A:0.36364    G:0.21818
position  3:    T:0.47273    C:0.12727    A:0.29091    G:0.10909
Average         T:0.29091    C:0.19394    A:0.29091    G:0.22424

#47: Cattle         
position  1:    T:0.18182    C:0.25455    A:0.21818    G:0.34545
position  2:    T:0.21818    C:0.20000    A:0.36364    G:0.21818
position  3:    T:0.45455    C:0.14545    A:0.29091    G:0.10909
Average         T:0.28485    C:0.20000    A:0.29091    G:0.22424

#48: RoyalAntelope  
position  1:    T:0.18182    C:0.25455    A:0.21818    G:0.34545
position  2:    T:0.21818    C:0.20000    A:0.36364    G:0.21818
position  3:    T:0.45455    C:0.14545    A:0.29091    G:0.10909
Average         T:0.28485    C:0.20000    A:0.29091    G:0.22424

#49: Steenbok       
position  1:    T:0.18182    C:0.25455    A:0.21818    G:0.34545
position  2:    T:0.21818    C:0.20000    A:0.36364    G:0.21818
position  3:    T:0.45455    C:0.14545    A:0.29091    G:0.10909
Average         T:0.28485    C:0.20000    A:0.29091    G:0.22424

#50: Impala         
position  1:    T:0.18182    C:0.25455    A:0.23636    G:0.32727
position  2:    T:0.21818    C:0.20000    A:0.36364    G:0.21818
position  3:    T:0.45455    C:0.14545    A:0.29091    G:0.10909
Average         T:0.28485    C:0.20000    A:0.29697    G:0.21818

#51: Klipspringer   
position  1:    T:0.18182    C:0.25455    A:0.21818    G:0.34545
position  2:    T:0.21818    C:0.20000    A:0.36364    G:0.21818
