1
52 1
Argali 0.000000 0.366800 0.288500 0.325700 0.228800 0.000000 0.110500 0.231300 0.232300 0.502000 0.108900 0.230300 0.163200 0.109100 0.241400 0.231100 0.163800 0.232300 0.104800 0.232300 0.173700 0.109100 0.344800 0.315100 0.109100 0.230300 0.163200 0.280600 0.173700 0.232300 0.439500 0.161800 0.231300 0.163200 0.168800 0.173700 0.109100 0.231500 0.173700 0.404800 0.344800 0.287200 0.502000 0.318600 0.173700 0.109100 0.301800 0.173700 0.173700 0.291000 0.232300 0.282600
LesserMous 0.366800 0.000000 0.428200 0.500000 0.532400 0.366800 0.360400 0.195300 0.359600 0.722500 0.359400 0.355900 0.261200 0.359400 0.377100 0.358800 0.435000 0.359600 0.519200 0.359600 0.285600 0.359400 0.495300 0.370700 0.359400 0.354400 0.261200 0.414800 0.285600 0.359600 0.638900 0.430000 0.195300 0.261200 0.451100 0.285600 0.359400 0.531700 0.285600 0.571500 0.495300 0.258200 0.722500 0.370800 0.285600 0.359400 0.457100 0.285600 0.285600 0.260600 0.359600 0.417800
LesserKudu 0.288500 0.428200 0.000000 0.386700 0.277700 0.288500 0.161100 0.159200 0.049100 0.392900 0.159500 0.158400 0.211900 0.159500 0.165600 0.159300 0.100000 0.050200 0.269200 0.050200 0.106600 0.159500 0.261200 0.368800 0.159500 0.159100 0.211900 0.097200 0.106600 0.050200 0.338600 0.210700 0.159200 0.211900 0.219500 0.106600 0.159100 0.279900 0.106600 0.314000 0.261200 0.211200 0.392900 0.373200 0.106600 0.159500 0.221300 0.106600 0.106600 0.212800 0.048800 0.097900
KillerWhal 0.325700 0.500000 0.386700 0.000000 0.474800 0.325700 0.321700 0.321700 0.323600 0.635100 0.321400 0.321500 0.385100 0.321400 0.336900 0.322800 0.387500 0.323600 0.461600 0.323600 0.257800 0.321400 0.446400 0.422600 0.321400 0.321100 0.385100 0.375000 0.257800 0.323600 0.565800 0.235900 0.321700 0.385100 0.326300 0.257800 0.321400 0.476200 0.257800 0.513400 0.446400 0.384300 0.635100 0.423800 0.257800 0.321400 0.249200 0.257800 0.257800 0.386100 0.323600 0.377300
DefassaWat 0.228800 0.532400 0.277700 0.474800 0.000000 0.228800 0.107200 0.222600 0.223600 0.336500 0.106000 0.221400 0.158000 0.106000 0.231900 0.223400 0.158600 0.223600 0.101000 0.223600 0.168100 0.106000 0.209000 0.307300 0.106000 0.222700 0.158000 0.270600 0.168100 0.223600 0.282600 0.157400 0.222600 0.158000 0.164000 0.168100 0.106000 0.000100 0.168100 0.261000 0.209000 0.276400 0.336500 0.311200 0.168100 0.106000 0.291000 0.168100 0.168100 0.278300 0.223600 0.272500
Sheep 0.000000 0.366800 0.288500 0.325700 0.228800 0.000000 0.110500 0.231300 0.232300 0.502000 0.109100 0.230000 0.163200 0.109100 0.241400 0.231100 0.163800 0.232300 0.104800 0.232300 0.173700 0.109100 0.344800 0.315100 0.109100 0.230300 0.163200 0.280600 0.173700 0.232300 0.439500 0.161800 0.231300 0.163200 0.168800 0.173700 0.109100 0.231500 0.173700 0.404800 0.344800 0.287200 0.502000 0.318600 0.173700 0.109100 0.301800 0.173700 0.173700 0.291000 0.232300 0.282600
MaxwellsDu 0.110500 0.360400 0.161100 0.321700 0.107200 0.110500 0.000000 0.107700 0.108000 0.344200 0.000100 0.107000 0.051000 0.000100 0.112000 0.107800 0.051200 0.108000 0.103600 0.108000 0.054200 0.000100 0.212900 0.315400 0.000100 0.107800 0.051000 0.156800 0.054200 0.108000 0.288700 0.050700 0.107700 0.051000 0.052900 0.054200 0.000100 0.107500 0.054200 0.265900 0.212900 0.160600 0.344200 0.316600 0.054200 0.000100 0.167800 0.054200 0.054200 0.159100 0.108000 0.158000
GazellaPrz 0.231300 0.195300 0.159200 0.321700 0.222600 0.231300 0.107700 0.000000 0.106700 0.337400 0.106500 0.105800 0.049800 0.106500 0.110600 0.106200 0.159800 0.106700 0.216000 0.106700 0.053400 0.106500 0.209500 0.307700 0.106500 0.106200 0.049900 0.154900 0.053400 0.106700 0.282500 0.158000 0.000000 0.049800 0.164600 0.053400 0.106500 0.224700 0.053400 0.262400 0.209500 0.049700 0.337400 0.311000 0.052800 0.105400 0.165800 0.053400 0.053400 0.050200 0.106700 0.156000
MountainNy 0.232300 0.359600 0.049100 0.323600 0.223600 0.232300 0.108000 0.106700 0.000000 0.339200 0.106900 0.106100 0.159800 0.106900 0.110600 0.106600 0.050300 0.000000 0.216900 0.000000 0.053600 0.106900 0.210300 0.309600 0.106900 0.106600 0.159800 0.048800 0.053600 0.000000 0.283900 0.158600 0.106700 0.159800 0.165200 0.053600 0.106900 0.225800 0.053600 0.263500 0.210300 0.159200 0.339200 0.313000 0.053600 0.106900 0.166400 0.052800 0.053500 0.160600 0.000000 0.048900
MuntiacusM 0.502000 0.722500 0.392900 0.635100 0.336500 0.502000 0.344200 0.337400 0.339200 0.000000 0.341100 0.211100 0.396700 0.341100 0.352800 0.339400 0.399100 0.339200 0.328800 0.339200 0.282200 0.341100 0.095400 0.295200 0.341100 0.336500 0.396700 0.384200 0.282200 0.339200 0.048000 0.396800 0.337400 0.396700 0.413300 0.282200 0.341100 0.341900 0.282200 0.143100 0.095400 0.390700 0.000000 0.298500 0.282200 0.341100 0.413500 0.282200 0.282200 0.265700 0.339200 0.386600
goat 0.108900 0.359400 0.159500 0.321400 0.106000 0.109100 0.000100 0.106500 0.106900 0.341100 0.000000 0.105900 0.050500 0.000000 0.110800 0.106600 0.050600 0.106900 0.102500 0.106900 0.052800 0.000000 0.210900 0.311600 0.000000 0.106600 0.050500 0.155300 0.053300 0.106900 0.286000 0.050200 0.106500 0.050500 0.052300 0.053600 0.000000 0.107000 0.053600 0.263800 0.210900 0.158900 0.341100 0.315600 0.052900 0.000000 0.166200 0.052900 0.053600 0.159900 0.106900 0.156400
AfricanBuf 0.230300 0.355900 0.158400 0.321500 0.221400 0.230000 0.107000 0.105800 0.106100 0.211100 0.105900 0.000000 0.158300 0.105900 0.110000 0.105600 0.158900 0.106100 0.215100 0.106100 0.053100 0.105900 0.099100 0.306600 0.105900 0.105600 0.158300 0.154100 0.053100 0.106100 0.159300 0.157100 0.105000 0.158300 0.163700 0.053100 0.105900 0.224500 0.053100 0.148600 0.099100 0.157800 0.211100 0.310000 0.053100 0.105900 0.164800 0.053100 0.053100 0.050500 0.106100 0.154400
Topi 0.163200 0.261200 0.211900 0.385100 0.158000 0.163200 0.051000 0.049800 0.159800 0.396700 0.050500 0.158300 0.000000 0.050500 0.165600 0.159100 0.100800 0.159800 0.153200 0.159800 0.106500 0.050500 0.262800 0.372300 0.050500 0.158900 0.000000 0.206400 0.106500 0.159800 0.341200 0.099800 0.049800 0.000000 0.103900 0.106500 0.048900 0.159500 0.106500 0.316400 0.262800 0.099100 0.396700 0.376600 0.106500 0.050500 0.220800 0.106500 0.106500 0.099900 0.159800 0.207900
CommonDuik 0.109100 0.359400 0.159500 0.321400 0.106000 0.109100 0.000100 0.106500 0.106900 0.341100 0.000000 0.105900 0.050500 0.000000 0.110800 0.106600 0.050600 0.106900 0.102500 0.106900 0.052800 0.000000 0.210900 0.311600 0.000000 0.106600 0.050500 0.155300 0.053600 0.106900 0.286000 0.050200 0.106500 0.050500 0.052300 0.053600 0.000000 0.107000 0.053600 0.263800 0.210900 0.158900 0.341100 0.315600 0.053600 0.000000 0.166200 0.053000 0.052800 0.159900 0.106900 0.156400
Suni 0.241400 0.377100 0.165600 0.336900 0.231900 0.241400 0.112000 0.110600 0.110600 0.352800 0.110800 0.110000 0.165600 0.110800 0.000000 0.110400 0.166200 0.111000 0.225100 0.111000 0.055500 0.110800 0.218000 0.322400 0.110800 0.110400 0.165600 0.160900 0.055500 0.111000 0.295200 0.164300 0.110600 0.165600 0.171300 0.055400 0.110800 0.234400 0.055100 0.273100 0.218000 0.165000 0.352800 0.326000 0.055500 0.110800 0.172500 0.055000 0.055100 0.166500 0.111000 0.162100
Springbuck 0.231100 0.358800 0.159300 0.322800 0.223400 0.231100 0.107800 0.106200 0.106600 0.339400 0.106600 0.105600 0.159100 0.106600 0.110400 0.000000 0.159700 0.106600 0.216200 0.106600 0.053400 0.106600 0.209800 0.309800 0.106600 0.106400 0.159100 0.155100 0.053400 0.106600 0.284500 0.158500 0.105900 0.159100 0.165200 0.053400 0.106600 0.225600 0.052700 0.262500 0.209800 0.158700 0.339400 0.313700 0.053100 0.106600 0.165900 0.053400 0.053300 0.159600 0.106600 0.156200
Okapi 0.163800 0.435000 0.100000 0.387500 0.158600 0.163800 0.051200 0.159800 0.050300 0.399100 0.050600 0.158900 0.100800 0.050600 0.166200 0.159700 0.000000 0.049600 0.153700 0.050300 0.106900 0.050600 0.264000 0.374800 0.050600 0.159500 0.100800 0.097400 0.106900 0.050300 0.343200 0.100100 0.159800 0.100800 0.104200 0.106900 0.050600 0.160100 0.106900 0.317900 0.264000 0.211900 0.399100 0.379300 0.106900 0.050600 0.221600 0.106900 0.106900 0.213600 0.048900 0.098100
Giraffe 0.232300 0.359600 0.050200 0.323600 0.223600 0.232300 0.108000 0.106700 0.000000 0.339200 0.106900 0.106100 0.159800 0.106900 0.111000 0.106600 0.049600 0.000000 0.216900 0.000000 0.053600 0.106900 0.210300 0.309600 0.106900 0.106600 0.159800 0.048800 0.053800 0.000000 0.283900 0.158600 0.106700 0.159800 0.165200 0.053600 0.106900 0.225800 0.053600 0.263500 0.210300 0.159200 0.339200 0.313000 0.052900 0.106500 0.166400 0.053600 0.053800 0.160600 0.000000 0.049200
TibetanAnt 0.104800 0.519200 0.269200 0.461600 0.101000 0.104800 0.103600 0.216000 0.216900 0.328800 0.102500 0.215100 0.153200 0.102500 0.225100 0.216200 0.153700 0.216900 0.000000 0.216900 0.162500 0.102500 0.203700 0.298400 0.102500 0.215200 0.153200 0.263900 0.162500 0.216900 0.274800 0.152300 0.216000 0.153200 0.158400 0.162500 0.102500 0.101800 0.162500 0.255300 0.203700 0.268000 0.328800 0.301600 0.162500 0.102500 0.281800 0.162500 0.162500 0.271300 0.216900 0.264700
Sitatunga 0.232300 0.359600 0.050200 0.323600 0.223600 0.232300 0.108000 0.106700 0.000000 0.339200 0.106900 0.106100 0.159800 0.106900 0.111000 0.106600 0.050300 0.000000 0.216900 0.000000 0.052800 0.106900 0.210300 0.309600 0.106900 0.106600 0.159800 0.048800 0.053600 0.000000 0.283900 0.158600 0.106700 0.159800 0.165200 0.053400 0.106900 0.225800 0.053300 0.263500 0.210300 0.159200 0.339200 0.313000 0.053600 0.106900 0.166400 0.053800 0.053600 0.160600 0.000000 0.049200
Oribi 0.173700 0.285600 0.106600 0.257800 0.168100 0.173700 0.054200 0.053400 0.053600 0.282200 0.052800 0.053100 0.106500 0.052800 0.055500 0.053400 0.106900 0.053600 0.162500 0.052800 0.000000 0.053100 0.157700 0.247500 0.053600 0.053400 0.106500 0.103600 0.000000 0.053100 0.227400 0.105900 0.052900 0.106500 0.110400 0.000000 0.053600 0.169700 0.000000 0.210200 0.157700 0.106200 0.282200 0.250400 0.000000 0.053600 0.110900 0.000000 0.000000 0.106900 0.052800 0.104400
BarbaryShe 0.109100 0.359400 0.159500 0.321400 0.106000 0.109100 0.000100 0.106500 0.106900 0.341100 0.000000 0.105900 0.050500 0.000000 0.110800 0.106600 0.050600 0.106900 0.102500 0.106900 0.053100 0.000000 0.210900 0.311600 0.000000 0.106600 0.050000 0.155300 0.053600 0.106900 0.286000 0.050200 0.106500 0.048600 0.052300 0.053600 0.000000 0.107000 0.053600 0.263800 0.210900 0.158900 0.341100 0.315600 0.053600 0.000000 0.166200 0.053600 0.053600 0.159900 0.106900 0.156400
Daviddeer 0.344800 0.495300 0.261200 0.446400 0.209000 0.344800 0.212900 0.209500 0.210300 0.095400 0.210900 0.099100 0.262800 0.210900 0.218000 0.209800 0.264000 0.210300 0.203700 0.210300 0.157700 0.210900 0.000000 0.163300 0.210900 0.209000 0.262800 0.255200 0.157700 0.210300 0.048000 0.261900 0.209500 0.262800 0.272300 0.157700 0.210900 0.211700 0.157700 0.044900 0.000000 0.260100 0.095400 0.164900 0.157700 0.210900 0.272600 0.157700 0.157700 0.149700 0.210300 0.256900
Reindeer 0.315100 0.370700 0.368800 0.422600 0.307300 0.315100 0.315400 0.307700 0.309600 0.295200 0.311600 0.306600 0.372300 0.311600 0.322400 0.309800 0.374800 0.309600 0.298400 0.309600 0.247500 0.311600 0.163300 0.000000 0.311600 0.307300 0.372300 0.359600 0.247500 0.309600 0.237200 0.372300 0.307700 0.372300 0.389400 0.247500 0.311600 0.311100 0.247500 0.217700 0.163300 0.366400 0.295200 0.000100 0.247500 0.311600 0.389200 0.247500 0.247500 0.371000 0.309600 0.362000
Ibex 0.109100 0.359400 0.159500 0.321400 0.106000 0.109100 0.000100 0.106500 0.106900 0.341100 0.000000 0.105900 0.050500 0.000000 0.110800 0.106600 0.050600 0.106900 0.102500 0.106900 0.053600 0.000000 0.210900 0.311600 0.000000 0.106600 0.050500 0.155300 0.052600 0.106900 0.286000 0.050200 0.106500 0.050500 0.052300 0.053600 0.000000 0.107000 0.053600 0.263800 0.210900 0.158900 0.341100 0.315600 0.052900 0.000000 0.166200 0.053600 0.053600 0.159900 0.106900 0.156400
GyrantGaze 0.230300 0.354400 0.159100 0.321100 0.222700 0.230300 0.107800 0.106200 0.106600 0.336500 0.106600 0.105600 0.158900 0.106600 0.110400 0.106400 0.159500 0.106600 0.215200 0.106600 0.053400 0.106600 0.209000 0.307300 0.106600 0.000000 0.158900 0.154900 0.053400 0.106600 0.282600 0.158300 0.106200 0.158900 0.165000 0.053400 0.106600 0.224600 0.053400 0.261000 0.209000 0.049800 0.336500 0.311200 0.052800 0.106600 0.166000 0.053400 0.052900 0.159400 0.106600 0.156000
Hartebeest 0.163200 0.261200 0.211900 0.385100 0.158000 0.163200 0.051000 0.049900 0.159800 0.396700 0.050500 0.158300 0.000000 0.050500 0.165600 0.159100 0.100800 0.159800 0.153200 0.159800 0.106500 0.050000 0.262800 0.372300 0.050500 0.158900 0.000000 0.206400 0.106500 0.159800 0.341200 0.099800 0.049800 0.000000 0.103900 0.106500 0.050500 0.159500 0.106500 0.316400 0.262800 0.099100 0.396700 0.376600 0.106500 0.050500 0.220700 0.106500 0.106500 0.099900 0.159800 0.207900
Bongo 0.280600 0.414800 0.097200 0.375000 0.270600 0.280600 0.156800 0.154900 0.048800 0.384200 0.155300 0.154100 0.206400 0.155300 0.160900 0.155100 0.097400 0.048800 0.263900 0.048800 0.103600 0.155300 0.255200 0.359600 0.155300 0.154900 0.206400 0.000000 0.103600 0.048800 0.330700 0.205500 0.154900 0.206400 0.213800 0.104300 0.155300 0.273200 0.103600 0.307000 0.255200 0.205700 0.384200 0.363800 0.102900 0.155300 0.214900 0.103600 0.103600 0.207000 0.048700 0.095300
Gerenuk 0.173700 0.285600 0.106600 0.257800 0.168100 0.173700 0.054200 0.053400 0.053600 0.282200 0.053300 0.053100 0.106500 0.053600 0.055500 0.053400 0.106900 0.053800 0.162500 0.053600 0.000000 0.053600 0.157700 0.247500 0.052600 0.053400 0.106500 0.103600 0.000000 0.053500 0.227400 0.105900 0.053400 0.106500 0.110400 0.000000 0.053600 0.169700 0.000000 0.212500 0.157700 0.106200 0.282200 0.250400 0.000000 0.053600 0.110900 0.000000 0.000000 0.106900 0.053000 0.104400
CommonElan 0.232300 0.359600 0.050200 0.323600 0.223600 0.232300 0.108000 0.106700 0.000000 0.339200 0.106900 0.106100 0.159800 0.106900 0.111000 0.106600 0.050300 0.000000 0.216900 0.000000 0.053100 0.106900 0.210300 0.309600 0.106900 0.106600 0.159800 0.048800 0.053500 0.000000 0.283900 0.158600 0.106700 0.159800 0.165200 0.052900 0.106900 0.225800 0.053600 0.263500 0.210300 0.159200 0.339200 0.313000 0.052800 0.106900 0.166400 0.053600 0.052800 0.160600 0.000000 0.049200
MuntiacusR 0.439500 0.638900 0.338600 0.565800 0.282600 0.439500 0.288700 0.282500 0.283900 0.048000 0.286000 0.159300 0.341200 0.286000 0.295200 0.284500 0.343200 0.283900 0.274800 0.283900 0.227400 0.286000 0.048000 0.237200 0.286000 0.282600 0.341200 0.330700 0.227400 0.283900 0.000000 0.341800 0.282800 0.341200 0.356300 0.227400 0.286000 0.286900 0.227400 0.095700 0.048000 0.336700 0.048600 0.240100 0.227400 0.286000 0.356200 0.227400 0.227400 0.213500 0.283900 0.332900
HarveysDui 0.161800 0.430000 0.210700 0.235900 0.157400 0.161800 0.050700 0.158000 0.158600 0.396800 0.050200 0.157100 0.099800 0.050200 0.164300 0.158500 0.100100 0.158600 0.152300 0.158600 0.105900 0.050200 0.261900 0.372300 0.050200 0.158300 0.099800 0.205500 0.105900 0.158600 0.341800 0.000000 0.158000 0.099800 0.050800 0.105900 0.050200 0.159000 0.105900 0.314800 0.261900 0.209800 0.396800 0.377400 0.104700 0.050200 0.103100 0.105900 0.105900 0.210800 0.158600 0.206900
Pronghorn 0.231300 0.195300 0.159200 0.321700 0.222600 0.231300 0.107700 0.000000 0.106700 0.337400 0.106500 0.105000 0.049800 0.106500 0.110600 0.105900 0.159800 0.106700 0.216000 0.106700 0.052900 0.106500 0.209500 0.307700 0.106500 0.106200 0.049800 0.154900 0.053400 0.106700 0.282800 0.158000 0.000000 0.049800 0.164600 0.053400 0.106500 0.224700 0.053400 0.262400 0.209500 0.049700 0.337400 0.311000 0.053200 0.106500 0.165800 0.053400 0.053400 0.050200 0.106700 0.156000
BlueWildeb 0.163200 0.261200 0.211900 0.385100 0.158000 0.163200 0.051000 0.049800 0.159800 0.396700 0.050500 0.158300 0.000000 0.050500 0.165600 0.159100 0.100800 0.159800 0.153200 0.159800 0.106500 0.048600 0.262800 0.372300 0.050500 0.158900 0.000000 0.206400 0.106500 0.159800 0.341200 0.099800 0.049800 0.000000 0.103900 0.106500 0.050500 0.159500 0.106500 0.316400 0.262800 0.099100 0.396700 0.376600 0.106500 0.050500 0.220700 0.106500 0.106500 0.099900 0.159800 0.208400
Gemsbok 0.168800 0.451100 0.219500 0.326300 0.164000 0.168800 0.052900 0.164600 0.165200 0.413300 0.052300 0.163700 0.103900 0.052300 0.171300 0.165200 0.104200 0.165200 0.158400 0.165200 0.110400 0.052300 0.272300 0.389400 0.052300 0.165000 0.103900 0.213800 0.110400 0.165200 0.356300 0.050800 0.164600 0.103900 0.000000 0.110400 0.052300 0.165600 0.110400 0.327000 0.272300 0.218500 0.413300 0.395000 0.110400 0.052300 0.168300 0.110400 0.110400 0.219600 0.165200 0.215300
Yak 0.173700 0.285600 0.106600 0.257800 0.168100 0.173700 0.054200 0.053400 0.053600 0.282200 0.053600 0.053100 0.106500 0.053600 0.055400 0.053400 0.106900 0.053600 0.162500 0.053400 0.000000 0.053600 0.157700 0.247500 0.053600 0.053400 0.106500 0.104300 0.000000 0.052900 0.227400 0.105900 0.053400 0.106500 0.110400 0.000000 0.052600 0.169700 0.000000 0.210200 0.157700 0.106200 0.282200 0.250400 0.000000 0.053600 0.110900 0.000000 0.000000 0.106900 0.053600 0.104400
BlueSheep 0.109100 0.359400 0.159100 0.321400 0.106000 0.109100 0.000100 0.106500 0.106900 0.341100 0.000000 0.105900 0.048900 0.000000 0.110800 0.106600 0.050600 0.106900 0.102500 0.106900 0.053600 0.000000 0.210900 0.311600 0.000000 0.106600 0.050500 0.155300 0.053600 0.106900 0.286000 0.050200 0.106500 0.050500 0.052300 0.052600 0.000000 0.107000 0.052900 0.263800 0.210900 0.158900 0.341100 0.315600 0.053600 0.000000 0.166200 0.053600 0.053600 0.159900 0.106900 0.156400
BohorReedb 0.231500 0.531700 0.279900 0.476200 0.000100 0.231500 0.107500 0.224700 0.225800 0.341900 0.107000 0.224500 0.159500 0.107000 0.234400 0.225600 0.160100 0.225800 0.101800 0.225800 0.169700 0.107000 0.211700 0.311100 0.107000 0.224600 0.159500 0.273200 0.169700 0.225800 0.286900 0.159000 0.224700 0.159500 0.165600 0.169700 0.107000 0.000000 0.169700 0.264300 0.211700 0.278500 0.341900 0.312200 0.169700 0.107000 0.294300 0.169700 0.169700 0.279700 0.225800 0.275100
KirksDik 0.173700 0.285600 0.106600 0.257800 0.168100 0.173700 0.054200 0.053400 0.053600 0.282200 0.053600 0.053100 0.106500 0.053600 0.055100 0.052700 0.106900 0.053600 0.162500 0.053300 0.000000 0.053600 0.157700 0.247500 0.053600 0.053400 0.106500 0.103600 0.000000 0.053600 0.227400 0.105900 0.053400 0.106500 0.110400 0.000000 0.052900 0.169700 0.000000 0.210200 0.157700 0.105600 0.282200 0.250400 0.000000 0.052800 0.110900 0.000000 0.000000 0.106900 0.052900 0.104400
RoeDeer 0.404800 0.571500 0.314000 0.513400 0.261000 0.404800 0.265900 0.262400 0.263500 0.143100 0.263800 0.148600 0.316400 0.263800 0.273100 0.262500 0.317900 0.263500 0.255300 0.263500 0.210200 0.263800 0.044900 0.217700 0.263800 0.261000 0.316400 0.307000 0.212500 0.263500 0.095700 0.314800 0.262400 0.316400 0.327000 0.210200 0.263800 0.264300 0.210200 0.000000 0.045000 0.312600 0.143100 0.219700 0.210200 0.263800 0.327500 0.210200 0.210200 0.199900 0.263500 0.309000
WhiteLippe 0.344800 0.495300 0.261200 0.446400 0.209000 0.344800 0.212900 0.209500 0.210300 0.095400 0.210900 0.099100 0.262800 0.210900 0.218000 0.209800 0.264000 0.210300 0.203700 0.210300 0.157700 0.210900 0.000000 0.163300 0.210900 0.209000 0.262800 0.255200 0.157700 0.210300 0.048000 0.261900 0.209500 0.262800 0.272300 0.157700 0.210900 0.211700 0.157700 0.045000 0.000000 0.260100 0.095400 0.164900 0.157700 0.210900 0.272600 0.157700 0.157700 0.149700 0.210300 0.256900
ThomsonGaz 0.287200 0.258200 0.211200 0.384300 0.276400 0.287200 0.160600 0.049700 0.159200 0.390700 0.158900 0.157800 0.099100 0.158900 0.165000 0.158700 0.211900 0.159200 0.268000 0.159200 0.106200 0.158900 0.260100 0.366400 0.158900 0.049800 0.099100 0.205700 0.106200 0.159200 0.336700 0.209800 0.049700 0.099100 0.218500 0.106200 0.158900 0.278500 0.105600 0.312600 0.260100 0.000000 0.390700 0.370600 0.106200 0.158900 0.220400 0.106200 0.106200 0.099700 0.159200 0.209100
MuntiacusC 0.502000 0.722500 0.392900 0.635100 0.336500 0.502000 0.344200 0.337400 0.339200 0.000000 0.341100 0.211100 0.396700 0.341100 0.352800 0.339400 0.399100 0.339200 0.328800 0.339200 0.282200 0.341100 0.095400 0.295200 0.341100 0.336500 0.396700 0.384200 0.282200 0.339200 0.048600 0.396800 0.337400 0.396700 0.413300 0.282200 0.341100 0.341900 0.282200 0.143100 0.095400 0.390700 0.000000 0.298500 0.282200 0.341100 0.413500 0.282200 0.282200 0.265700 0.339200 0.386600
WhiteTaile 0.318600 0.370800 0.373200 0.423800 0.311200 0.318600 0.316600 0.311000 0.313000 0.298500 0.315600 0.310000 0.376600 0.315600 0.326000 0.313700 0.379300 0.313000 0.301600 0.313000 0.250400 0.315600 0.164900 0.000100 0.315600 0.311200 0.376600 0.363800 0.250400 0.313000 0.240100 0.377400 0.311000 0.376600 0.395000 0.250400 0.315600 0.312200 0.250400 0.219700 0.164900 0.370600 0.298500 0.000000 0.250400 0.315600 0.394600 0.250400 0.250400 0.371300 0.313000 0.366400
Cattle 0.173700 0.285600 0.106600 0.257800 0.168100 0.173700 0.054200 0.052800 0.053600 0.282200 0.052900 0.053100 0.106500 0.053600 0.055500 0.053100 0.106900 0.052900 0.162500 0.053600 0.000000 0.053600 0.157700 0.247500 0.052900 0.052800 0.106500 0.102900 0.000000 0.052800 0.227400 0.104700 0.053200 0.106500 0.110400 0.000000 0.053600 0.169700 0.000000 0.210200 0.157700 0.106200 0.282200 0.250400 0.000000 0.053600 0.110900 0.000000 0.000000 0.106900 0.053400 0.104400
RoyalAntel 0.109100 0.359400 0.159500 0.321400 0.106000 0.109100 0.000100 0.105400 0.106900 0.341100 0.000000 0.105900 0.050500 0.000000 0.110800 0.106600 0.050600 0.106500 0.102500 0.106900 0.053600 0.000000 0.210900 0.311600 0.000000 0.106600 0.050500 0.155300 0.053600 0.106900 0.286000 0.050200 0.106500 0.050500 0.052300 0.053600 0.000000 0.107000 0.052800 0.263800 0.210900 0.158900 0.341100 0.315600 0.053600 0.000000 0.166200 0.053600 0.053600 0.159900 0.106900 0.156400
Steenbok 0.301800 0.457100 0.221300 0.249200 0.291000 0.301800 0.167800 0.165800 0.166400 0.413500 0.166200 0.164800 0.220800 0.166200 0.172500 0.165900 0.221600 0.166400 0.281800 0.166400 0.110900 0.166200 0.272600 0.389200 0.166200 0.166000 0.220700 0.214900 0.110900 0.166400 0.356200 0.103100 0.165800 0.220700 0.168300 0.110900 0.166200 0.294300 0.110900 0.327500 0.272600 0.220400 0.413500 0.394600 0.110900 0.166200 0.000000 0.110900 0.110900 0.221300 0.167200 0.216700
Impala 0.173700 0.285600 0.106600 0.257800 0.168100 0.173700 0.054200 0.053400 0.052800 0.282200 0.052900 0.053100 0.106500 0.053000 0.055000 0.053400 0.106900 0.053600 0.162500 0.053800 0.000000 0.053600 0.157700 0.247500 0.053600 0.053400 0.106500 0.103600 0.000000 0.053600 0.227400 0.105900 0.053400 0.106500 0.110400 0.000000 0.053600 0.169700 0.000000 0.210200 0.157700 0.106200 0.282200 0.250400 0.000000 0.053600 0.110900 0.000000 0.000000 0.106900 0.053600 0.104400
Klipspring 0.173700 0.285600 0.106600 0.257800 0.168100 0.173700 0.054200 0.053400 0.053500 0.282200 0.053600 0.053100 0.106500 0.052800 0.055100 0.053300 0.106900 0.053800 0.162500 0.053600 0.000000 0.053600 0.157700 0.247500 0.053600 0.052900 0.106500 0.103600 0.000000 0.052800 0.227400 0.105900 0.053400 0.106500 0.110400 0.000000 0.053600 0.169700 0.000000 0.210200 0.157700 0.106200 0.282200 0.250400 0.000000 0.053600 0.110900 0.000000 0.000000 0.106900 0.053600 0.104400
ForestMusk 0.291000 0.260600 0.212800 0.386100 0.278300 0.291000 0.159100 0.050200 0.160600 0.265700 0.159900 0.050500 0.099900 0.159900 0.166500 0.159600 0.213600 0.160600 0.271300 0.160600 0.106900 0.159900 0.149700 0.371000 0.159900 0.159400 0.099900 0.207000 0.106900 0.160600 0.213500 0.210800 0.050200 0.099900 0.219600 0.106900 0.159900 0.279700 0.106900 0.199900 0.149700 0.099700 0.265700 0.371300 0.106900 0.159900 0.221300 0.106900 0.106900 0.000000 0.160600 0.208700
Bushbuck 0.232300 0.359600 0.048800 0.323600 0.223600 0.232300 0.108000 0.106700 0.000000 0.339200 0.106900 0.106100 0.159800 0.106900 0.111000 0.106600 0.048900 0.000000 0.216900 0.000000 0.052800 0.106900 0.210300 0.309600 0.106900 0.106600 0.159800 0.048700 0.053000 0.000000 0.283900 0.158600 0.106700 0.159800 0.165200 0.053600 0.106900 0.225800 0.052900 0.263500 0.210300 0.159200 0.339200 0.313000 0.053400 0.106900 0.167200 0.053600 0.053600 0.160600 0.000000 0.049200
GreaterKud 0.282600 0.417800 0.097900 0.377300 0.272500 0.282600 0.158000 0.156000 0.048900 0.386600 0.156400 0.154400 0.207900 0.156400 0.162100 0.156200 0.098100 0.049200 0.264700 0.049200 0.104400 0.156400 0.256900 0.362000 0.156400 0.156000 0.207900 0.095300 0.104400 0.049200 0.332900 0.206900 0.156000 0.208400 0.215300 0.104400 0.156400 0.275100 0.104400 0.309000 0.256900 0.209100 0.386600 0.366400 0.104400 0.156400 0.216700 0.104400 0.104400 0.208700 0.049200 0.000000
