1
52 1
Argali 0.000000 0.426700 0.136700 0.438600 0.171000 0.040700 0.152900 0.154400 0.152600 0.195500 0.048300 0.126900 0.127900 0.160500 0.124000 0.170100 0.182200 0.168900 0.098700 0.179600 0.149100 0.054800 0.207000 0.151600 0.041900 0.202900 0.136700 0.150300 0.197800 0.142600 0.174500 0.138100 0.260800 0.127700 0.120500 0.140900 0.055900 0.161700 0.157000 0.210700 0.200500 0.190300 0.187900 0.159200 0.148900 0.145600 0.185500 0.126600 0.112500 0.196000 0.158100 0.142000
LesserMous 0.426700 0.000000 0.334900 0.552200 0.380900 0.442500 0.379300 0.424700 0.354400 0.285600 0.416100 0.377200 0.423400 0.419900 0.405100 0.390100 0.338900 0.419600 0.423600 0.363900 0.375800 0.411300 0.350300 0.332300 0.409900 0.447400 0.438900 0.340000 0.442700 0.359500 0.282000 0.391500 0.363200 0.422400 0.371600 0.344100 0.406200 0.400300 0.418700 0.372700 0.323500 0.454100 0.315000 0.352700 0.344100 0.379100 0.421600 0.420700 0.401200 0.462300 0.349800 0.348200
LesserKudu 0.136700 0.334900 0.000000 0.430700 0.175800 0.142200 0.166100 0.159400 0.090000 0.138400 0.136800 0.095600 0.148400 0.142400 0.129300 0.159500 0.155300 0.181400 0.151000 0.080700 0.161300 0.142800 0.148100 0.126000 0.130300 0.168200 0.157300 0.053600 0.201600 0.046800 0.118200 0.151300 0.221800 0.148100 0.111100 0.101900 0.144900 0.151000 0.161800 0.182900 0.157100 0.163300 0.131300 0.163900 0.109400 0.150700 0.174200 0.155400 0.132800 0.170600 0.060600 0.060300
KillerWhal 0.438600 0.552200 0.430700 0.000000 0.472800 0.443800 0.482200 0.495100 0.454300 0.410200 0.407200 0.423700 0.470900 0.490600 0.475500 0.426000 0.434800 0.431800 0.424700 0.451000 0.461400 0.433600 0.456100 0.439700 0.422400 0.471200 0.463800 0.457600 0.489000 0.404000 0.405100 0.473000 0.400000 0.469900 0.424800 0.440900 0.441100 0.527100 0.463300 0.447400 0.431100 0.447600 0.410200 0.450000 0.431500 0.501900 0.433500 0.468000 0.425200 0.495300 0.467400 0.443700
DefassaWat 0.171000 0.380900 0.175800 0.472800 0.000000 0.160400 0.152900 0.146100 0.200400 0.203000 0.139000 0.180700 0.135000 0.176500 0.146900 0.177300 0.189300 0.184300 0.177100 0.203200 0.163800 0.160700 0.198300 0.174600 0.140500 0.178500 0.143800 0.173500 0.220900 0.181400 0.166200 0.153700 0.259900 0.134800 0.112700 0.178100 0.163100 0.074800 0.188000 0.218100 0.190600 0.197700 0.195300 0.165300 0.186400 0.152800 0.192800 0.188200 0.149100 0.250700 0.181400 0.180600
Sheep 0.040700 0.442500 0.142200 0.443800 0.160400 0.000000 0.158300 0.144300 0.150000 0.200400 0.054600 0.132400 0.133500 0.165900 0.129700 0.175200 0.187300 0.166100 0.119300 0.169200 0.154400 0.060900 0.195800 0.157000 0.048300 0.176200 0.142300 0.140400 0.202700 0.148000 0.179700 0.143600 0.284300 0.133300 0.126100 0.146200 0.062100 0.151300 0.154800 0.215500 0.205500 0.195300 0.192800 0.164500 0.154200 0.135700 0.190500 0.147800 0.118200 0.209900 0.148000 0.132400
MaxwellsDu 0.152900 0.379300 0.166100 0.482200 0.152900 0.158300 0.000000 0.091500 0.158400 0.209000 0.113600 0.155700 0.126400 0.075500 0.122400 0.107800 0.211700 0.190500 0.135000 0.193200 0.109800 0.134700 0.237600 0.197200 0.122200 0.137600 0.135000 0.164000 0.142500 0.156200 0.188300 0.039500 0.284100 0.126200 0.104300 0.154400 0.136700 0.144000 0.124700 0.257700 0.214400 0.125900 0.217600 0.205000 0.162500 0.098100 0.122100 0.147500 0.140900 0.242200 0.171700 0.170900
GazellaPrz 0.154400 0.424700 0.159400 0.495100 0.146100 0.144300 0.091500 0.000000 0.151700 0.218800 0.123000 0.149200 0.119800 0.098700 0.115600 0.102100 0.205200 0.183800 0.129300 0.171100 0.118000 0.144500 0.214300 0.174300 0.131800 0.117400 0.128400 0.142000 0.128600 0.149600 0.197700 0.077200 0.277500 0.119600 0.097700 0.140400 0.146700 0.137200 0.103500 0.259800 0.224400 0.119400 0.211000 0.182000 0.156000 0.106400 0.131200 0.157300 0.134400 0.235900 0.149700 0.149000
MountainNy 0.152600 0.354400 0.090000 0.454300 0.200400 0.150000 0.158400 0.151700 0.000000 0.161200 0.160400 0.110100 0.156300 0.142600 0.153000 0.167000 0.163200 0.158100 0.159000 0.073100 0.168900 0.166300 0.187300 0.148900 0.154000 0.191500 0.165400 0.060300 0.217800 0.081300 0.140700 0.143600 0.247800 0.156100 0.118700 0.109200 0.168800 0.174800 0.154300 0.214400 0.180800 0.170800 0.153900 0.187800 0.116800 0.158500 0.166700 0.179200 0.155700 0.171000 0.096000 0.067300
MuntiacusM 0.195500 0.285600 0.138400 0.410200 0.203000 0.200400 0.209000 0.218800 0.161200 0.000000 0.195600 0.128900 0.190600 0.216600 0.187800 0.200700 0.166300 0.176900 0.193900 0.164600 0.218700 0.201200 0.094200 0.108400 0.189300 0.258100 0.200100 0.151400 0.259400 0.158900 0.032200 0.194100 0.216100 0.190300 0.167700 0.142300 0.187900 0.226100 0.219500 0.146900 0.066700 0.237700 0.019100 0.130000 0.128300 0.193200 0.247700 0.213500 0.189900 0.211600 0.158900 0.158200
goat 0.048300 0.416100 0.136800 0.407200 0.139000 0.054600 0.113600 0.123000 0.160400 0.195600 0.000000 0.126900 0.112800 0.120900 0.108500 0.139400 0.166100 0.160600 0.090700 0.179600 0.133700 0.033700 0.207100 0.151700 0.006800 0.170900 0.121300 0.150300 0.166800 0.142600 0.174500 0.099200 0.270000 0.112600 0.090800 0.141000 0.034300 0.145600 0.141400 0.210800 0.200600 0.158300 0.187900 0.159300 0.149000 0.129800 0.169600 0.111800 0.097600 0.212900 0.158100 0.142000
AfricanBuf 0.126900 0.377200 0.095600 0.423700 0.180700 0.132400 0.155700 0.149200 0.110100 0.128900 0.126900 0.000000 0.109300 0.132600 0.127500 0.164400 0.145400 0.125200 0.125900 0.121800 0.166200 0.132900 0.146000 0.131400 0.120500 0.188400 0.117400 0.094400 0.221900 0.087500 0.109000 0.141200 0.186600 0.109100 0.102200 0.079500 0.134700 0.156100 0.166800 0.180300 0.132100 0.168400 0.121900 0.168800 0.072800 0.155800 0.157100 0.145500 0.123300 0.160700 0.101500 0.101100
Topi 0.127900 0.423400 0.148400 0.470900 0.135000 0.133500 0.126400 0.119800 0.156300 0.190600 0.112800 0.109300 0.000000 0.133900 0.104700 0.150600 0.192400 0.141300 0.119200 0.175000 0.137500 0.118800 0.217800 0.162900 0.106300 0.166500 0.019700 0.146500 0.192500 0.139000 0.170100 0.112100 0.245200 0.013000 0.074300 0.137500 0.120500 0.111600 0.130700 0.220900 0.195400 0.139400 0.176200 0.170200 0.130500 0.126400 0.150500 0.131600 0.102500 0.207300 0.154100 0.153400
CommonDuik 0.160500 0.419900 0.142400 0.490600 0.176500 0.165900 0.075500 0.098700 0.142600 0.216600 0.120900 0.132600 0.133900 0.000000 0.129900 0.130000 0.187100 0.198300 0.142400 0.184800 0.131600 0.142100 0.228500 0.188600 0.129600 0.130900 0.142600 0.155800 0.156700 0.148300 0.195700 0.061700 0.239500 0.133700 0.096800 0.131500 0.144100 0.151500 0.117100 0.257300 0.222200 0.118300 0.216900 0.212700 0.139400 0.120200 0.130000 0.139500 0.148300 0.186100 0.148200 0.162700
Suni 0.124000 0.405100 0.129300 0.475500 0.146900 0.129700 0.122400 0.115600 0.153000 0.187800 0.108500 0.127500 0.104700 0.129900 0.000000 0.132200 0.158400 0.153000 0.130300 0.156500 0.118900 0.114700 0.182700 0.159700 0.101800 0.148200 0.113300 0.127600 0.159500 0.120100 0.166800 0.107800 0.209700 0.104700 0.098400 0.133800 0.116400 0.130200 0.119200 0.218900 0.192600 0.119700 0.180200 0.159600 0.141800 0.122300 0.132000 0.143100 0.120200 0.205500 0.135200 0.119600
Springbuck 0.170100 0.390100 0.159500 0.426000 0.177300 0.175200 0.107800 0.102100 0.167000 0.200700 0.139400 0.164400 0.150600 0.130000 0.132200 0.000000 0.203400 0.214100 0.160300 0.185800 0.092000 0.160200 0.227900 0.173800 0.148200 0.118500 0.159300 0.172400 0.075900 0.165000 0.196200 0.094100 0.272200 0.150300 0.114400 0.155700 0.162500 0.183600 0.105900 0.263400 0.205600 0.107000 0.208900 0.196300 0.170900 0.137900 0.131700 0.172200 0.150100 0.232400 0.180100 0.179200
Okapi 0.182200 0.338900 0.155300 0.434800 0.189300 0.187300 0.211700 0.205200 0.163200 0.166300 0.166100 0.145400 0.192400 0.187100 0.158400 0.203400 0.000000 0.117900 0.180100 0.151400 0.190100 0.156200 0.177000 0.139100 0.159700 0.228500 0.202400 0.138300 0.223000 0.145900 0.161400 0.196700 0.186600 0.192500 0.154300 0.115000 0.158500 0.212300 0.206200 0.180500 0.186200 0.240700 0.174500 0.161600 0.122600 0.179500 0.172300 0.199800 0.146000 0.214000 0.160800 0.130400
Giraffe 0.168900 0.419600 0.181400 0.431800 0.184300 0.166100 0.190500 0.183800 0.158100 0.176900 0.160600 0.125200 0.141300 0.198300 0.153000 0.214100 0.117900 0.000000 0.143600 0.161400 0.185000 0.150800 0.187800 0.180200 0.154200 0.207700 0.134700 0.148100 0.242000 0.155600 0.156300 0.175500 0.212500 0.141000 0.149000 0.154100 0.169000 0.191300 0.201300 0.207100 0.181400 0.203400 0.169500 0.172100 0.147000 0.158400 0.167100 0.179300 0.125600 0.225300 0.171100 0.155000
TibetanAnt 0.098700 0.423600 0.151000 0.424700 0.177100 0.119300 0.135000 0.129300 0.159000 0.193900 0.090700 0.125900 0.119200 0.142400 0.130300 0.160300 0.180100 0.143600 0.000000 0.162500 0.154900 0.068200 0.221700 0.150000 0.084200 0.161400 0.127700 0.133700 0.187400 0.141400 0.173000 0.120500 0.233000 0.119000 0.111800 0.132400 0.098200 0.152000 0.147500 0.241400 0.198900 0.149000 0.186300 0.157500 0.132700 0.151500 0.160300 0.140200 0.118700 0.210800 0.141300 0.140700
Sitatunga 0.179600 0.363900 0.080700 0.451000 0.203200 0.169200 0.193200 0.171100 0.073100 0.164600 0.179600 0.121800 0.175000 0.184800 0.156500 0.185800 0.151400 0.161400 0.162500 0.000000 0.187800 0.169600 0.174600 0.152400 0.173300 0.164400 0.184300 0.025200 0.227900 0.057100 0.144600 0.178500 0.232500 0.174800 0.137600 0.127800 0.188000 0.178000 0.173200 0.193400 0.199500 0.190200 0.157400 0.190400 0.135400 0.162200 0.155400 0.197600 0.159100 0.196100 0.059100 0.045500
Oribi 0.149100 0.375800 0.161300 0.461400 0.163800 0.154400 0.109800 0.118000 0.168900 0.218700 0.133700 0.166200 0.137500 0.131600 0.118900 0.092000 0.190100 0.185000 0.154900 0.187800 0.000000 0.139600 0.214500 0.191400 0.127300 0.120600 0.146100 0.174400 0.131800 0.166800 0.182900 0.110400 0.258300 0.137300 0.130200 0.150000 0.141500 0.155000 0.107200 0.250200 0.224200 0.108200 0.211200 0.198800 0.157900 0.124700 0.092000 0.159200 0.122500 0.250900 0.182100 0.181200
BarbaryShe 0.054800 0.411300 0.142800 0.433600 0.160700 0.060900 0.134700 0.144500 0.166300 0.201200 0.033700 0.132900 0.118800 0.142100 0.114700 0.160200 0.156200 0.150800 0.068200 0.169600 0.139600 0.000000 0.212800 0.142100 0.027200 0.176600 0.127300 0.140800 0.172100 0.148500 0.180300 0.120300 0.258000 0.118600 0.111600 0.146800 0.040900 0.151700 0.147300 0.200100 0.206300 0.164100 0.193600 0.149500 0.154800 0.120600 0.159900 0.124900 0.103700 0.202400 0.148400 0.132700
Daviddeer 0.207000 0.350300 0.148100 0.456100 0.198300 0.195800 0.237600 0.214300 0.187300 0.094200 0.207100 0.146000 0.217800 0.228500 0.182700 0.227900 0.177000 0.187800 0.221700 0.174600 0.214500 0.212800 0.000000 0.102700 0.200800 0.254000 0.227800 0.146200 0.288800 0.169000 0.081200 0.222200 0.211800 0.217400 0.178200 0.152300 0.215900 0.221600 0.247600 0.143600 0.074300 0.266700 0.087300 0.124500 0.152800 0.204400 0.227400 0.241900 0.185200 0.222800 0.153700 0.153100
Reindeer 0.151600 0.332300 0.126000 0.439700 0.174600 0.157000 0.197200 0.174300 0.148900 0.108400 0.151700 0.131400 0.162900 0.188600 0.159700 0.173800 0.139100 0.180200 0.150000 0.152400 0.191400 0.142100 0.102700 0.000000 0.145300 0.230400 0.172000 0.124300 0.216200 0.146800 0.102800 0.182200 0.203900 0.162600 0.140400 0.108600 0.144100 0.181500 0.191800 0.093500 0.111000 0.226000 0.115900 0.033000 0.116100 0.165100 0.204400 0.185700 0.162500 0.169700 0.131700 0.131100
Ibex 0.041900 0.409900 0.130300 0.422400 0.140500 0.048300 0.122200 0.131800 0.154000 0.189300 0.006800 0.120500 0.106300 0.129600 0.101800 0.148200 0.159700 0.154200 0.084200 0.173300 0.127300 0.027200 0.200800 0.145300 0.000000 0.180200 0.114700 0.143900 0.175700 0.136100 0.168100 0.107600 0.263700 0.106100 0.099000 0.134600 0.027600 0.139100 0.135000 0.204600 0.186400 0.167500 0.181700 0.152900 0.142600 0.123200 0.163400 0.105400 0.091100 0.206800 0.151700 0.135600
GyrantGaze 0.202900 0.447400 0.168200 0.471200 0.178500 0.176200 0.137600 0.117400 0.191500 0.258100 0.170900 0.188400 0.166500 0.130900 0.148200 0.118500 0.228500 0.207700 0.161400 0.164400 0.120600 0.176600 0.254000 0.230400 0.180200 0.000000 0.175600 0.166100 0.159600 0.158500 0.237500 0.123600 0.265600 0.166200 0.144200 0.186700 0.195000 0.154100 0.135200 0.290000 0.264500 0.066000 0.250300 0.238000 0.195000 0.153800 0.132400 0.188600 0.165800 0.258100 0.158700 0.173100
Hartebeest 0.136700 0.438900 0.157300 0.463800 0.143800 0.142300 0.135000 0.128400 0.165400 0.200100 0.121300 0.117400 0.019700 0.142600 0.113300 0.159300 0.202400 0.134700 0.127700 0.184300 0.146100 0.127300 0.227800 0.172000 0.114700 0.175600 0.000000 0.155300 0.201800 0.147700 0.179300 0.120600 0.256000 0.019600 0.082000 0.146000 0.129200 0.120000 0.139200 0.230800 0.205100 0.148200 0.185400 0.179400 0.139000 0.135100 0.159300 0.140100 0.110600 0.216700 0.163000 0.162300
Bongo 0.150300 0.340000 0.053600 0.457600 0.173500 0.140400 0.164000 0.142000 0.060300 0.151400 0.150300 0.094400 0.146500 0.155800 0.127600 0.172400 0.138300 0.148100 0.133700 0.025200 0.174400 0.140800 0.146200 0.124300 0.143900 0.166100 0.155300 0.000000 0.214500 0.045300 0.131300 0.149400 0.219000 0.146300 0.109800 0.100600 0.158500 0.149000 0.159800 0.180400 0.170400 0.176500 0.144300 0.161600 0.108000 0.133500 0.157000 0.168800 0.146000 0.168400 0.032800 0.019500
Gerenuk 0.197800 0.442700 0.201600 0.489000 0.220900 0.202700 0.142500 0.128600 0.217800 0.259400 0.166800 0.221900 0.192500 0.156700 0.159500 0.075900 0.223000 0.242000 0.187400 0.227900 0.131800 0.172100 0.288800 0.216200 0.175700 0.159600 0.201800 0.214500 0.000000 0.206800 0.255500 0.135700 0.336100 0.192200 0.170000 0.212400 0.190200 0.227200 0.131900 0.299800 0.265700 0.147700 0.268100 0.223600 0.228400 0.164700 0.158300 0.214700 0.191900 0.243200 0.222400 0.206000
CommonElan 0.142600 0.359500 0.046800 0.404000 0.181400 0.148000 0.156200 0.149600 0.081300 0.158900 0.142600 0.087500 0.139000 0.148300 0.120100 0.165000 0.145900 0.155600 0.141400 0.057100 0.166800 0.148500 0.169000 0.146800 0.136100 0.158500 0.147700 0.045300 0.206800 0.000000 0.138800 0.141700 0.194800 0.138800 0.102500 0.093700 0.150600 0.156600 0.152300 0.188200 0.178300 0.168900 0.151700 0.169300 0.101000 0.156500 0.135200 0.161000 0.123600 0.191000 0.066700 0.066400
MuntiacusR 0.174500 0.282000 0.118200 0.405100 0.166200 0.179700 0.188300 0.197700 0.140700 0.032200 0.174500 0.109000 0.170100 0.195700 0.166800 0.196200 0.161400 0.156300 0.173000 0.144600 0.182900 0.180300 0.081200 0.102800 0.168100 0.237500 0.179300 0.131300 0.255500 0.138800 0.000000 0.189300 0.211600 0.169800 0.147200 0.137100 0.183000 0.188900 0.199000 0.127500 0.060800 0.217000 0.025900 0.124600 0.123000 0.172400 0.211600 0.208800 0.169400 0.191700 0.138700 0.138100
HarveysDui 0.138100 0.391500 0.151300 0.473000 0.153700 0.143600 0.039500 0.077200 0.143600 0.194100 0.099200 0.141200 0.112100 0.061700 0.107800 0.094100 0.196700 0.175500 0.120500 0.178500 0.110400 0.120300 0.222200 0.182200 0.107600 0.123600 0.120600 0.149400 0.135700 0.141700 0.189300 0.000000 0.268100 0.112000 0.090200 0.140100 0.122000 0.144700 0.110700 0.259100 0.199100 0.111700 0.202600 0.189900 0.148000 0.098600 0.122700 0.133100 0.126600 0.227400 0.157100 0.156400
Pronghorn 0.260800 0.363200 0.221800 0.400000 0.259900 0.284300 0.284100 0.277500 0.247800 0.216100 0.270000 0.186600 0.245200 0.239500 0.209700 0.272200 0.186600 0.212500 0.233000 0.232500 0.258300 0.258000 0.211800 0.203900 0.263700 0.265600 0.256000 0.219000 0.336100 0.194800 0.211600 0.268100 0.000000 0.244700 0.203900 0.176900 0.261700 0.267100 0.258400 0.230600 0.238600 0.261400 0.224900 0.228300 0.185200 0.284000 0.238200 0.243300 0.227700 0.240000 0.227200 0.226200
BlueWildeb 0.127700 0.422400 0.148100 0.469900 0.134800 0.133300 0.126200 0.119600 0.156100 0.190300 0.112600 0.109100 0.013000 0.133700 0.104700 0.150300 0.192500 0.141000 0.119000 0.174800 0.137300 0.118600 0.217400 0.162600 0.106100 0.166200 0.019600 0.146300 0.192200 0.138800 0.169800 0.112000 0.244700 0.000000 0.074200 0.137300 0.120300 0.111500 0.130400 0.220500 0.195100 0.139100 0.175900 0.169900 0.130300 0.126200 0.150300 0.131400 0.102300 0.206900 0.153800 0.153100
Gemsbok 0.120500 0.371600 0.111100 0.424800 0.112700 0.126100 0.104300 0.097700 0.118700 0.167700 0.090800 0.102200 0.074300 0.096800 0.098400 0.114400 0.154300 0.149000 0.111800 0.137600 0.130200 0.111600 0.178200 0.140400 0.099000 0.144200 0.082000 0.109800 0.170000 0.102500 0.147200 0.090200 0.203900 0.074200 0.000000 0.101400 0.113100 0.104500 0.108800 0.213500 0.171800 0.131900 0.153400 0.162900 0.108900 0.134100 0.143200 0.109700 0.102500 0.169700 0.117000 0.116500
Yak 0.140900 0.344100 0.101900 0.440900 0.178100 0.146200 0.154400 0.140400 0.109200 0.142300 0.141000 0.079500 0.137500 0.131500 0.133800 0.155700 0.115000 0.154100 0.132400 0.127800 0.150000 0.146800 0.152300 0.108600 0.134600 0.186700 0.146000 0.100600 0.212400 0.093700 0.137100 0.140100 0.176900 0.137300 0.101400 0.000000 0.133600 0.153900 0.143000 0.186200 0.159900 0.182000 0.150000 0.128400 0.032000 0.169800 0.148300 0.143600 0.121600 0.172900 0.107700 0.107300
BlueSheep 0.055900 0.406200 0.144900 0.441100 0.163100 0.062100 0.136700 0.146700 0.168800 0.187900 0.034300 0.134700 0.120500 0.144100 0.116400 0.162500 0.158500 0.169000 0.098200 0.188000 0.141500 0.040900 0.215900 0.144100 0.027600 0.195000 0.129200 0.158500 0.190200 0.150600 0.183000 0.122000 0.261700 0.120300 0.113100 0.133600 0.000000 0.153900 0.149400 0.203000 0.209400 0.182400 0.196400 0.151600 0.141500 0.137900 0.177900 0.111700 0.105200 0.221400 0.166300 0.150000
BohorReedb 0.161700 0.400300 0.151000 0.527100 0.074800 0.151300 0.144000 0.137200 0.174800 0.226100 0.145600 0.156100 0.111600 0.151500 0.130200 0.183600 0.212300 0.191300 0.152000 0.178000 0.155000 0.151700 0.221600 0.181500 0.139100 0.154100 0.120000 0.149000 0.227200 0.156600 0.188900 0.144700 0.267100 0.111500 0.104500 0.153900 0.153900 0.000000 0.163200 0.241400 0.230200 0.164100 0.218300 0.187900 0.161900 0.159700 0.168200 0.163500 0.140500 0.209400 0.141400 0.156000
KirksDik 0.157000 0.418700 0.161800 0.463300 0.188000 0.154800 0.124700 0.103500 0.154300 0.219500 0.141400 0.166800 0.130700 0.117100 0.119200 0.105900 0.206200 0.201300 0.147500 0.173200 0.107200 0.147300 0.247600 0.191800 0.135000 0.135200 0.139200 0.159800 0.131900 0.152300 0.199000 0.110700 0.258400 0.130400 0.108800 0.143000 0.149400 0.163200 0.000000 0.284000 0.241400 0.122900 0.212000 0.199300 0.158100 0.125000 0.120000 0.144600 0.152200 0.204600 0.167400 0.151700
RoeDeer 0.210700 0.372700 0.182900 0.447400 0.218100 0.215500 0.257700 0.259800 0.214400 0.146900 0.210800 0.180300 0.220900 0.257300 0.218900 0.263400 0.180500 0.207100 0.241400 0.193400 0.250200 0.200100 0.143600 0.093500 0.204600 0.290000 0.230800 0.180400 0.299800 0.188200 0.127500 0.259100 0.230600 0.220500 0.213500 0.186200 0.203000 0.241400 0.284000 0.000000 0.152200 0.303800 0.155500 0.114700 0.186800 0.223900 0.230300 0.244600 0.204300 0.233600 0.188100 0.187300
WhiteLippe 0.200500 0.323500 0.157100 0.431100 0.190600 0.205500 0.214400 0.224400 0.180800 0.066700 0.200600 0.132100 0.195400 0.222200 0.192600 0.205600 0.186200 0.181400 0.198900 0.199500 0.224200 0.206300 0.074300 0.111000 0.186400 0.264500 0.205100 0.170400 0.265700 0.178300 0.060800 0.199100 0.238600 0.195100 0.171800 0.159900 0.209400 0.230200 0.241400 0.152200 0.000000 0.243700 0.073900 0.132400 0.145500 0.214400 0.253900 0.233900 0.193300 0.215300 0.178200 0.177400
ThomsonGaz 0.190300 0.454100 0.163300 0.447600 0.197700 0.195300 0.125900 0.119400 0.170800 0.237700 0.158300 0.168400 0.139400 0.118300 0.119700 0.107000 0.240700 0.203400 0.149000 0.190200 0.108200 0.164100 0.266700 0.226000 0.167500 0.066000 0.148200 0.176500 0.147700 0.168900 0.217000 0.111700 0.261400 0.139100 0.131900 0.182000 0.182400 0.164100 0.122900 0.303800 0.243700 0.000000 0.239200 0.233700 0.175000 0.156500 0.121000 0.176400 0.168900 0.237800 0.168900 0.167900
MuntiacusC 0.187900 0.315000 0.131300 0.410200 0.195300 0.192800 0.217600 0.211000 0.153900 0.019100 0.187900 0.121900 0.176200 0.216900 0.180200 0.208900 0.174500 0.169500 0.186300 0.157400 0.211200 0.193600 0.087300 0.115900 0.181700 0.250300 0.185400 0.144300 0.268100 0.151700 0.025900 0.202600 0.224900 0.175900 0.153400 0.150000 0.196400 0.218300 0.212000 0.155500 0.073900 0.239200 0.000000 0.137700 0.135900 0.185600 0.240100 0.222100 0.182400 0.204400 0.151700 0.151000
WhiteTaile 0.159200 0.352700 0.163900 0.450000 0.165300 0.164500 0.205000 0.182000 0.187800 0.130000 0.159300 0.168800 0.170200 0.212700 0.159600 0.196300 0.161600 0.172100 0.157500 0.190400 0.198800 0.149500 0.124500 0.033000 0.152900 0.238000 0.179400 0.161600 0.223600 0.169300 0.124600 0.189900 0.228300 0.169900 0.162900 0.128400 0.151600 0.187900 0.199300 0.114700 0.132400 0.233700 0.137700 0.000000 0.151900 0.172600 0.211700 0.192200 0.168800 0.205900 0.169200 0.168500
Cattle 0.148900 0.344100 0.109400 0.431500 0.186400 0.154200 0.162500 0.156000 0.116800 0.128300 0.149000 0.072800 0.130500 0.139400 0.141800 0.170900 0.122600 0.147000 0.132700 0.135400 0.157900 0.154800 0.152800 0.116100 0.142600 0.195000 0.139000 0.108000 0.228400 0.101000 0.123000 0.148000 0.185200 0.130300 0.108900 0.032000 0.141500 0.161900 0.158100 0.186800 0.145500 0.175000 0.135900 0.151900 0.000000 0.178100 0.156100 0.151200 0.129200 0.180800 0.115200 0.114700
RoyalAntel 0.145600 0.379100 0.150700 0.501900 0.152800 0.135700 0.098100 0.106400 0.158500 0.193200 0.129800 0.155800 0.126400 0.120200 0.122300 0.137900 0.179500 0.158400 0.151500 0.162200 0.124700 0.120600 0.204400 0.165100 0.123200 0.153800 0.135100 0.133500 0.164700 0.156500 0.172400 0.098600 0.284000 0.126200 0.134100 0.169800 0.137900 0.159700 0.125000 0.223900 0.214400 0.156500 0.185600 0.172600 0.178100 0.000000 0.137600 0.163900 0.126000 0.242100 0.141000 0.140400
Steenbok 0.185500 0.421600 0.174200 0.433500 0.192800 0.190500 0.122100 0.131200 0.166700 0.247700 0.169600 0.157100 0.150500 0.130000 0.132000 0.131700 0.172300 0.167100 0.160300 0.155400 0.092000 0.159900 0.227400 0.204400 0.163400 0.132400 0.159300 0.157000 0.158300 0.135200 0.211600 0.122700 0.238200 0.150300 0.143200 0.148300 0.177900 0.168200 0.120000 0.230300 0.253900 0.121000 0.240100 0.211700 0.156100 0.137600 0.000000 0.172200 0.135300 0.232000 0.164500 0.148900
Impala 0.126600 0.420700 0.155400 0.468000 0.188200 0.147800 0.147500 0.157300 0.179200 0.213500 0.111800 0.145500 0.131600 0.139500 0.143100 0.172200 0.199800 0.179300 0.140200 0.197600 0.159200 0.124900 0.241900 0.185700 0.105400 0.188600 0.140100 0.168800 0.214700 0.161000 0.208800 0.133100 0.243300 0.131400 0.109700 0.143600 0.111700 0.163500 0.144600 0.244600 0.233900 0.176400 0.222100 0.192200 0.151200 0.163900 0.172200 0.000000 0.128200 0.212000 0.176500 0.175700
Klipspring 0.112500 0.401200 0.132800 0.425200 0.149100 0.118200 0.140900 0.134400 0.155700 0.189900 0.097600 0.123300 0.102500 0.148300 0.120200 0.150100 0.146000 0.125600 0.118700 0.159100 0.122500 0.103700 0.185200 0.162500 0.091100 0.165800 0.110600 0.146000 0.191900 0.123600 0.169400 0.126600 0.227700 0.102300 0.102500 0.121600 0.105200 0.140500 0.152200 0.204300 0.193300 0.168900 0.182400 0.168800 0.129200 0.126000 0.135300 0.128200 0.000000 0.220800 0.153500 0.152800
ForestMusk 0.196000 0.462300 0.170600 0.495300 0.250700 0.209900 0.242200 0.235900 0.171000 0.211600 0.212900 0.160700 0.207300 0.186100 0.205500 0.232400 0.214000 0.225300 0.210800 0.196100 0.250900 0.202400 0.222800 0.169700 0.206800 0.258100 0.216700 0.168400 0.243200 0.191000 0.191700 0.227400 0.240000 0.206900 0.169700 0.172900 0.221400 0.209400 0.204600 0.233600 0.215300 0.237800 0.204400 0.205900 0.180800 0.242100 0.232000 0.212000 0.220800 0.000000 0.161200 0.145900
Bushbuck 0.158100 0.349800 0.060600 0.467400 0.181400 0.148000 0.171700 0.149700 0.096000 0.158900 0.158100 0.101500 0.154100 0.148200 0.135200 0.180100 0.160800 0.171100 0.141300 0.059100 0.182100 0.148400 0.153700 0.131700 0.151700 0.158700 0.163000 0.032800 0.222400 0.066700 0.138700 0.157100 0.227200 0.153800 0.117000 0.107700 0.166300 0.141400 0.167400 0.188100 0.178200 0.168900 0.151700 0.169200 0.115200 0.141000 0.164500 0.176500 0.153500 0.161200 0.000000 0.052700
GreaterKud 0.142000 0.348200 0.060300 0.443700 0.180600 0.132400 0.170900 0.149000 0.067300 0.158200 0.142000 0.101100 0.153400 0.162700 0.119600 0.179200 0.130400 0.155000 0.140700 0.045500 0.181200 0.132700 0.153100 0.131100 0.135600 0.173100 0.162300 0.019500 0.206000 0.066400 0.138100 0.156400 0.226200 0.153100 0.116500 0.107300 0.150000 0.156000 0.151700 0.187300 0.177400 0.167900 0.151000 0.168500 0.114700 0.140400 0.148900 0.175700 0.152800 0.145900 0.052700 0.000000
