1
52 1
Argali 0.000000 0.287800 0.093500 0.205200 0.055000 0.000000 0.055500 0.017400 0.093800 0.135000 0.000100 0.176600 0.036900 0.057000 0.076100 0.018200 0.131200 0.115500 0.000100 0.093800 0.018200 0.000000 0.114200 0.134100 0.036400 0.018300 0.018200 0.095500 0.018200 0.075200 0.113600 0.055500 0.096100 0.036900 0.036100 0.154800 0.000000 0.077000 0.056200 0.159300 0.114700 0.018300 0.113600 0.182100 0.175100 0.138300 0.118000 0.055500 0.054600 0.157400 0.114600 0.093600
LesserMous 0.287800 0.000000 0.232000 0.284900 0.336900 0.287800 0.340800 0.288800 0.232900 0.285000 0.286400 0.336500 0.308100 0.318700 0.309400 0.286500 0.303500 0.288800 0.285400 0.232900 0.286500 0.287800 0.259400 0.233600 0.320600 0.288100 0.286000 0.235100 0.286500 0.237300 0.257300 0.340800 0.238000 0.315800 0.307800 0.308100 0.287800 0.354400 0.291000 0.320600 0.260000 0.288100 0.257300 0.262900 0.333000 0.372700 0.332300 0.284600 0.280000 0.313000 0.259800 0.232400
LesserKudu 0.093500 0.232000 0.000000 0.136400 0.112000 0.093500 0.112800 0.074200 0.000100 0.068900 0.093100 0.072800 0.093700 0.116000 0.055300 0.073900 0.109500 0.093500 0.093000 0.000100 0.073900 0.093500 0.054000 0.072400 0.137500 0.074200 0.073800 0.000200 0.073900 0.000300 0.053800 0.112800 0.036200 0.093900 0.091500 0.053900 0.093500 0.116400 0.114200 0.093900 0.054300 0.074200 0.053800 0.114800 0.072100 0.115200 0.180500 0.035900 0.111100 0.093000 0.017800 0.000200
KillerWhal 0.205200 0.284900 0.136400 0.000000 0.220500 0.205200 0.226700 0.183100 0.136200 0.176000 0.204400 0.224400 0.205900 0.234200 0.207700 0.182200 0.176600 0.206900 0.204100 0.136200 0.182200 0.205200 0.153200 0.174700 0.232100 0.183200 0.181800 0.139100 0.182200 0.138300 0.152600 0.226700 0.139500 0.206300 0.200800 0.200900 0.205200 0.230000 0.230700 0.201100 0.153800 0.183200 0.152600 0.180100 0.222300 0.278300 0.207500 0.181100 0.222700 0.203700 0.158600 0.135800
DefassaWat 0.055000 0.336900 0.112000 0.220500 0.000000 0.055000 0.073700 0.036500 0.112400 0.111100 0.054900 0.152800 0.055200 0.075600 0.094700 0.036300 0.143800 0.172900 0.054700 0.112400 0.036300 0.055000 0.091400 0.110200 0.096000 0.036400 0.036200 0.114700 0.036300 0.093900 0.090900 0.073700 0.109500 0.055200 0.053800 0.131900 0.055000 0.018100 0.074600 0.133400 0.091800 0.036400 0.090900 0.154900 0.151600 0.074300 0.137600 0.073800 0.035500 0.173500 0.133500 0.112200
Sheep 0.000000 0.287800 0.093500 0.205200 0.055000 0.000000 0.055500 0.017400 0.093800 0.135000 0.000100 0.176600 0.036900 0.057000 0.076100 0.018200 0.131200 0.115500 0.000100 0.093800 0.018200 0.000000 0.114200 0.134100 0.036400 0.018300 0.018200 0.095500 0.018200 0.075200 0.113600 0.055500 0.096100 0.036900 0.036100 0.154800 0.000000 0.077000 0.056200 0.159300 0.114700 0.018300 0.113600 0.182100 0.175100 0.138300 0.118000 0.055500 0.054600 0.157400 0.114600 0.093600
MaxwellsDu 0.055500 0.340800 0.112800 0.226700 0.073700 0.055500 0.000000 0.036800 0.113200 0.155100 0.055400 0.197100 0.055600 0.036500 0.095600 0.036400 0.194100 0.179600 0.055000 0.113200 0.036400 0.055500 0.133800 0.154000 0.097100 0.036700 0.036500 0.115500 0.036400 0.094500 0.133200 0.000000 0.115900 0.055700 0.054300 0.174200 0.055500 0.096600 0.075200 0.180000 0.134400 0.036700 0.133200 0.203900 0.194600 0.158800 0.138200 0.074400 0.072800 0.177900 0.134400 0.113000
GazellaPrz 0.017400 0.288800 0.074200 0.183100 0.036500 0.017400 0.036800 0.000000 0.074500 0.114800 0.017700 0.155700 0.018400 0.037700 0.056700 0.000100 0.153000 0.137800 0.018200 0.074500 0.000100 0.017700 0.094400 0.113900 0.054600 0.000100 0.000100 0.076000 0.000100 0.055900 0.093900 0.036800 0.076300 0.018300 0.017900 0.134500 0.017700 0.057300 0.037200 0.138000 0.094800 0.000100 0.093900 0.160600 0.154400 0.117600 0.097800 0.036800 0.036200 0.136600 0.094800 0.074300
MountainNy 0.093800 0.232900 0.000100 0.136200 0.112400 0.093800 0.113200 0.074500 0.000000 0.070000 0.093500 0.073000 0.094000 0.116400 0.055600 0.074100 0.110200 0.094000 0.093300 0.000000 0.074100 0.093800 0.054200 0.072800 0.138100 0.074500 0.074000 0.000100 0.074100 0.000200 0.054000 0.113200 0.036500 0.094200 0.091900 0.054100 0.093800 0.116800 0.114700 0.094300 0.054500 0.074500 0.054000 0.115200 0.072400 0.115500 0.181000 0.036100 0.111500 0.093400 0.017800 0.000100
MuntiacusM 0.135000 0.285000 0.068900 0.176000 0.111100 0.135000 0.155100 0.114800 0.070000 0.000000 0.134600 0.152300 0.135400 0.159600 0.133600 0.114200 0.060600 0.043300 0.134200 0.070000 0.114200 0.135000 0.017500 0.035300 0.182900 0.114700 0.113900 0.070300 0.114200 0.070600 0.017500 0.155100 0.067500 0.135600 0.132200 0.130600 0.135000 0.115400 0.157300 0.054800 0.017600 0.114700 0.017500 0.074200 0.150600 0.111800 0.182000 0.111400 0.152600 0.129700 0.090600 0.069400
goat 0.000100 0.286400 0.093100 0.204400 0.054900 0.000100 0.055400 0.017700 0.093500 0.134600 0.000000 0.176000 0.036800 0.056800 0.075900 0.018200 0.130800 0.115200 0.000100 0.093500 0.018200 0.000100 0.114000 0.133600 0.036400 0.018300 0.018100 0.095200 0.018200 0.074900 0.113200 0.055400 0.095800 0.036800 0.036000 0.154300 0.000100 0.076800 0.056100 0.158700 0.114300 0.018300 0.113200 0.181400 0.174500 0.137800 0.117600 0.055400 0.054500 0.156900 0.114200 0.093300
AfricanBuf 0.176600 0.336500 0.072800 0.224400 0.152800 0.176600 0.197100 0.155700 0.073000 0.152300 0.176000 0.000000 0.176900 0.202900 0.135200 0.154800 0.149800 0.177600 0.175500 0.073000 0.154800 0.176600 0.132300 0.152100 0.181200 0.155600 0.153900 0.074400 0.154800 0.074100 0.131700 0.197100 0.114500 0.176600 0.173000 0.017600 0.176600 0.158900 0.200200 0.177800 0.132800 0.155600 0.131700 0.201100 0.035300 0.156700 0.275400 0.112700 0.151400 0.175900 0.092800 0.072900
Topi 0.036900 0.308100 0.093700 0.205900 0.055200 0.036900 0.055600 0.018400 0.094000 0.135400 0.036800 0.176900 0.000000 0.057200 0.076500 0.018300 0.173400 0.159200 0.036700 0.094000 0.018300 0.036900 0.114300 0.134100 0.077300 0.018400 0.018200 0.096000 0.018300 0.075400 0.113700 0.055600 0.096300 0.037100 0.036100 0.155100 0.036900 0.077200 0.056300 0.158800 0.114700 0.018400 0.113700 0.182300 0.175300 0.138800 0.118700 0.055800 0.054700 0.157500 0.114900 0.093800
CommonDuik 0.057000 0.318700 0.116000 0.234200 0.075600 0.057000 0.036500 0.037700 0.116400 0.159600 0.056800 0.202900 0.057200 0.000000 0.098500 0.037400 0.199500 0.185200 0.056400 0.116400 0.036700 0.057000 0.137500 0.158200 0.099800 0.037700 0.037400 0.118800 0.037400 0.097100 0.136800 0.036500 0.119200 0.057200 0.055800 0.179200 0.057000 0.099300 0.077300 0.184900 0.138100 0.037700 0.136800 0.162100 0.200100 0.118600 0.142400 0.076500 0.074700 0.183100 0.138300 0.116100
Suni 0.076100 0.309400 0.055300 0.207700 0.094700 0.076100 0.095600 0.056700 0.055600 0.133600 0.075900 0.135200 0.076500 0.098500 0.000000 0.056400 0.186600 0.172300 0.075700 0.055600 0.056400 0.076100 0.115200 0.135100 0.120200 0.056700 0.056400 0.056600 0.056400 0.056400 0.114500 0.095600 0.097100 0.076600 0.074500 0.114400 0.076100 0.098600 0.096900 0.171100 0.115700 0.056700 0.114500 0.184300 0.133900 0.097600 0.163600 0.018300 0.094000 0.158900 0.075400 0.055400
Springbuck 0.018200 0.286500 0.073900 0.182200 0.036300 0.018200 0.036400 0.000100 0.074100 0.114200 0.018200 0.154800 0.018300 0.037400 0.056400 0.000000 0.152200 0.137200 0.017700 0.074100 0.000000 0.018200 0.093800 0.113100 0.057200 0.000100 0.000100 0.075600 0.000000 0.055700 0.093300 0.036400 0.075800 0.018300 0.017800 0.133100 0.018200 0.057000 0.037000 0.136900 0.094200 0.000100 0.093300 0.159500 0.152900 0.117000 0.097300 0.036600 0.035800 0.135600 0.094300 0.074000
Okapi 0.131200 0.303500 0.109500 0.176600 0.143800 0.131200 0.194100 0.153000 0.110200 0.060600 0.130800 0.149800 0.173400 0.199500 0.186600 0.152200 0.000000 0.053900 0.130500 0.110200 0.152200 0.131200 0.081100 0.100700 0.177200 0.153000 0.151800 0.112100 0.152200 0.111800 0.080600 0.194100 0.112800 0.174000 0.181500 0.129400 0.131200 0.149500 0.197300 0.123500 0.082500 0.153000 0.080600 0.146900 0.148900 0.146800 0.222600 0.151000 0.149400 0.152200 0.130900 0.109800
Giraffe 0.115500 0.288800 0.093500 0.206900 0.172900 0.115500 0.179600 0.137800 0.094000 0.043300 0.115200 0.177600 0.159200 0.185200 0.172300 0.137200 0.053900 0.000000 0.115000 0.094000 0.137200 0.115500 0.064300 0.084100 0.162100 0.137900 0.136700 0.095700 0.137200 0.095400 0.063900 0.179600 0.096600 0.159400 0.167000 0.155700 0.115500 0.180200 0.182500 0.107100 0.065700 0.137900 0.063900 0.131000 0.176200 0.177200 0.209800 0.136100 0.176600 0.136700 0.114900 0.093700
TibetanAnt 0.000100 0.285400 0.093000 0.204100 0.054700 0.000100 0.055000 0.018200 0.093300 0.134200 0.000100 0.175500 0.036700 0.056400 0.075700 0.017700 0.130500 0.115000 0.000000 0.093300 0.017700 0.000100 0.113400 0.133100 0.037400 0.018200 0.018100 0.095000 0.017600 0.074800 0.112800 0.055000 0.095500 0.036700 0.035800 0.153300 0.000100 0.076500 0.055800 0.158000 0.113900 0.018200 0.112800 0.180800 0.173300 0.137500 0.117400 0.055300 0.054100 0.156300 0.113900 0.093100
Sitatunga 0.093800 0.232900 0.000100 0.136200 0.112400 0.093800 0.113200 0.074500 0.000000 0.070000 0.093500 0.073000 0.094000 0.116400 0.055600 0.074100 0.110200 0.094000 0.093300 0.000000 0.074100 0.093800 0.054200 0.072800 0.138100 0.074500 0.074000 0.000100 0.074100 0.000200 0.054000 0.113200 0.036500 0.094200 0.091900 0.054100 0.093800 0.116800 0.114700 0.094300 0.054500 0.074500 0.054000 0.115200 0.072400 0.115500 0.181000 0.036100 0.111500 0.093400 0.017500 0.000100
Oribi 0.018200 0.286500 0.073900 0.182200 0.036300 0.018200 0.036400 0.000100 0.074100 0.114200 0.018200 0.154800 0.018300 0.036700 0.056400 0.000000 0.152200 0.137200 0.017700 0.074100 0.000000 0.018200 0.093800 0.113100 0.057200 0.000100 0.000100 0.075600 0.000000 0.055700 0.093300 0.036400 0.075800 0.018300 0.017800 0.133100 0.018200 0.057000 0.037000 0.136900 0.094200 0.000100 0.093300 0.159500 0.152900 0.117000 0.097300 0.036600 0.035800 0.135600 0.094300 0.074000
BarbaryShe 0.000000 0.287800 0.093500 0.205200 0.055000 0.000000 0.055500 0.017700 0.093800 0.135000 0.000100 0.176600 0.036900 0.057000 0.076100 0.018200 0.131200 0.115500 0.000100 0.093800 0.018200 0.000000 0.114200 0.134100 0.036400 0.018300 0.018200 0.095500 0.018200 0.075200 0.113600 0.055500 0.096100 0.036900 0.036100 0.154800 0.000000 0.077000 0.056200 0.159300 0.114700 0.018300 0.113600 0.182100 0.175100 0.138300 0.118000 0.055500 0.054600 0.157400 0.114600 0.093600
Daviddeer 0.114200 0.259400 0.054000 0.153200 0.091400 0.114200 0.133800 0.094400 0.054200 0.017500 0.114000 0.132300 0.114300 0.137500 0.115200 0.093800 0.081100 0.064300 0.113400 0.054200 0.093800 0.114200 0.000000 0.017400 0.160100 0.094200 0.093500 0.055200 0.093800 0.055000 0.000100 0.133800 0.046800 0.114400 0.111700 0.111800 0.114200 0.094700 0.135500 0.036000 0.000100 0.094200 0.000100 0.054900 0.131200 0.134600 0.159100 0.093300 0.131600 0.108700 0.073500 0.054100
Reindeer 0.134100 0.233600 0.072400 0.174700 0.110200 0.134100 0.154000 0.113900 0.072800 0.035300 0.133600 0.152100 0.134100 0.158200 0.135100 0.113100 0.100700 0.084100 0.133100 0.072800 0.113100 0.134100 0.017400 0.000000 0.181600 0.113700 0.112900 0.074100 0.113100 0.073900 0.017400 0.154000 0.066600 0.134400 0.131100 0.131300 0.134100 0.114400 0.114100 0.054700 0.017500 0.113700 0.017400 0.036200 0.150900 0.154600 0.179700 0.112600 0.110800 0.128300 0.092500 0.072600
Ibex 0.036400 0.320600 0.137500 0.232100 0.096000 0.036400 0.097100 0.054600 0.138100 0.182900 0.036400 0.181200 0.077300 0.099800 0.120200 0.057200 0.177200 0.162100 0.037400 0.138100 0.057200 0.036400 0.160100 0.181600 0.000000 0.057500 0.057000 0.140800 0.057200 0.118500 0.159200 0.097100 0.141400 0.077400 0.075600 0.159000 0.036400 0.121400 0.098400 0.210000 0.160800 0.057500 0.159200 0.236000 0.179700 0.187400 0.142100 0.097100 0.095300 0.207200 0.160800 0.137700
GyrantGaze 0.018300 0.288100 0.074200 0.183200 0.036400 0.018300 0.036700 0.000100 0.074500 0.114700 0.018300 0.155600 0.018400 0.037700 0.056700 0.000100 0.153000 0.137900 0.018200 0.074500 0.000100 0.018300 0.094200 0.113700 0.057500 0.000000 0.000100 0.075900 0.000100 0.055900 0.093800 0.036700 0.076200 0.018300 0.017900 0.134400 0.018300 0.057200 0.037100 0.137500 0.094600 0.000000 0.093800 0.160300 0.154300 0.117500 0.097800 0.036800 0.036100 0.136300 0.094800 0.074300
Hartebeest 0.018200 0.286000 0.073800 0.181800 0.036200 0.018200 0.036500 0.000100 0.074000 0.113900 0.018100 0.153900 0.018200 0.037400 0.056400 0.000100 0.151800 0.136700 0.018100 0.074000 0.000100 0.018200 0.093500 0.112900 0.057000 0.000100 0.000000 0.075500 0.000100 0.055600 0.093100 0.036500 0.075700 0.018200 0.017800 0.133400 0.018200 0.056900 0.036900 0.136600 0.093900 0.000100 0.093100 0.159200 0.153200 0.116700 0.097100 0.036600 0.035900 0.135300 0.094100 0.073800
Bongo 0.095500 0.235100 0.000200 0.139100 0.114700 0.095500 0.115500 0.076000 0.000100 0.070300 0.095200 0.074400 0.096000 0.118800 0.056600 0.075600 0.112100 0.095700 0.095000 0.000100 0.075600 0.095500 0.055200 0.074100 0.140800 0.075900 0.075500 0.000000 0.075600 0.000300 0.055000 0.115500 0.022800 0.087300 0.093600 0.055000 0.095500 0.119300 0.116400 0.096200 0.055500 0.075900 0.055000 0.117700 0.073700 0.118000 0.185300 0.036700 0.113700 0.095200 0.018200 0.000200
Gerenuk 0.018200 0.286500 0.073900 0.182200 0.036300 0.018200 0.036400 0.000100 0.074100 0.114200 0.018200 0.154800 0.018300 0.037400 0.056400 0.000000 0.152200 0.137200 0.017600 0.074100 0.000000 0.018200 0.093800 0.113100 0.057200 0.000100 0.000100 0.075600 0.000000 0.055700 0.093300 0.036300 0.075800 0.018300 0.017800 0.133100 0.018200 0.057000 0.037000 0.136900 0.094200 0.000100 0.093300 0.159500 0.152900 0.117000 0.097300 0.036600 0.035800 0.135600 0.094300 0.074000
CommonElan 0.075200 0.237300 0.000300 0.138300 0.093900 0.075200 0.094500 0.055900 0.000200 0.070600 0.074900 0.074100 0.075400 0.097100 0.056400 0.055700 0.111800 0.095400 0.074800 0.000200 0.055700 0.075200 0.055000 0.073900 0.118500 0.055900 0.055600 0.000300 0.055700 0.000000 0.054800 0.094500 0.037000 0.075500 0.073600 0.054900 0.075200 0.117900 0.095600 0.095800 0.055300 0.055900 0.054800 0.117100 0.073500 0.117400 0.161000 0.036600 0.093100 0.094800 0.018100 0.000100
MuntiacusR 0.113600 0.257300 0.053800 0.152600 0.090900 0.113600 0.133200 0.093900 0.054000 0.017500 0.113200 0.131700 0.113700 0.136800 0.114500 0.093300 0.080600 0.063900 0.112800 0.054000 0.093300 0.113600 0.000100 0.017400 0.159200 0.093800 0.093100 0.055000 0.093300 0.054800 0.000000 0.133200 0.046600 0.113900 0.111200 0.111400 0.113600 0.094400 0.134900 0.035900 0.000100 0.093800 0.000000 0.054700 0.130600 0.134000 0.158300 0.092900 0.131000 0.108300 0.073200 0.053900
HarveysDui 0.055500 0.340800 0.112800 0.226700 0.073700 0.055500 0.000000 0.036800 0.113200 0.155100 0.055400 0.197100 0.055600 0.036500 0.095600 0.036400 0.194100 0.179600 0.055000 0.113200 0.036400 0.055500 0.133800 0.154000 0.097100 0.036700 0.036500 0.115500 0.036300 0.094500 0.133200 0.000000 0.115900 0.055700 0.054300 0.174200 0.055500 0.096600 0.075200 0.180000 0.134400 0.036700 0.133200 0.203900 0.194600 0.158800 0.138200 0.074400 0.072800 0.177900 0.134400 0.113000
Pronghorn 0.096100 0.238000 0.036200 0.139500 0.109500 0.096100 0.115900 0.076300 0.036500 0.067500 0.095800 0.114500 0.096300 0.119200 0.097100 0.075800 0.112800 0.096600 0.095500 0.036500 0.075800 0.096100 0.046800 0.066600 0.141400 0.076200 0.075700 0.022800 0.075800 0.037000 0.046600 0.115900 0.000000 0.096500 0.093900 0.094100 0.096100 0.113500 0.117100 0.088700 0.049500 0.076200 0.046600 0.112500 0.113600 0.157900 0.186400 0.075500 0.113900 0.095500 0.055700 0.036300
BlueWildeb 0.036900 0.315800 0.093900 0.206300 0.055200 0.036900 0.055700 0.018300 0.094200 0.135600 0.036800 0.176600 0.037100 0.057200 0.076600 0.018300 0.174000 0.159400 0.036700 0.094200 0.018300 0.036900 0.114400 0.134400 0.077400 0.018300 0.018200 0.087300 0.018300 0.075500 0.113900 0.055700 0.096500 0.000000 0.036200 0.155500 0.036900 0.077200 0.056400 0.159400 0.114900 0.018300 0.113900 0.176800 0.175800 0.139000 0.118800 0.055800 0.054800 0.157800 0.115100 0.094000
Gemsbok 0.036100 0.307800 0.091500 0.200800 0.053800 0.036100 0.054300 0.017900 0.091900 0.132200 0.036000 0.173000 0.036100 0.055800 0.074500 0.017800 0.181500 0.167000 0.035800 0.091900 0.017800 0.036100 0.111700 0.131100 0.075600 0.017900 0.017800 0.093600 0.017800 0.073600 0.111200 0.054300 0.093900 0.036200 0.000000 0.151600 0.036100 0.075400 0.055000 0.155800 0.112100 0.017900 0.111200 0.178300 0.171500 0.135300 0.115600 0.054400 0.053400 0.154000 0.112200 0.091700
Yak 0.154800 0.308100 0.053900 0.200900 0.131900 0.154800 0.174200 0.134500 0.054100 0.130600 0.154300 0.017600 0.155100 0.179200 0.114400 0.133100 0.129400 0.155700 0.153300 0.054100 0.133100 0.154800 0.111800 0.131300 0.159000 0.134400 0.133400 0.055000 0.133100 0.054900 0.111400 0.174200 0.094100 0.155500 0.151600 0.000000 0.154800 0.137000 0.177500 0.155800 0.112300 0.134400 0.111400 0.178400 0.017200 0.135300 0.249700 0.092800 0.130200 0.154200 0.073300 0.054000
BlueSheep 0.000000 0.287800 0.093500 0.205200 0.055000 0.000000 0.055500 0.017700 0.093800 0.135000 0.000100 0.176600 0.036900 0.057000 0.076100 0.018200 0.131200 0.115500 0.000100 0.093800 0.018200 0.000000 0.114200 0.134100 0.036400 0.018300 0.018200 0.095500 0.018200 0.075200 0.113600 0.055500 0.096100 0.036900 0.036100 0.154800 0.000000 0.077000 0.056200 0.159300 0.114700 0.018300 0.113600 0.182100 0.175100 0.138300 0.118000 0.055500 0.054600 0.157400 0.114600 0.093600
BohorReedb 0.077000 0.354400 0.116400 0.230000 0.018100 0.077000 0.096600 0.057300 0.116800 0.115400 0.076800 0.158900 0.077200 0.099300 0.098600 0.057000 0.149500 0.180200 0.076500 0.116800 0.057000 0.077000 0.094700 0.114400 0.121400 0.057200 0.056900 0.119300 0.057000 0.117900 0.094400 0.096600 0.113500 0.077200 0.075400 0.137000 0.077000 0.000000 0.097800 0.138300 0.095200 0.057200 0.094400 0.161200 0.157500 0.077100 0.165600 0.076700 0.055700 0.179900 0.138900 0.116600
KirksDik 0.056200 0.291000 0.114200 0.230700 0.074600 0.056200 0.075200 0.037200 0.114700 0.157300 0.056100 0.200200 0.056300 0.077300 0.096900 0.037000 0.197300 0.182500 0.055800 0.114700 0.037000 0.056200 0.135500 0.114100 0.098400 0.037100 0.036900 0.116400 0.037000 0.095600 0.134900 0.075200 0.117100 0.056400 0.055000 0.177500 0.056200 0.097800 0.000000 0.160000 0.136200 0.037100 0.134900 0.161200 0.198400 0.161300 0.140300 0.075400 0.036200 0.179600 0.094800 0.114400
RoeDeer 0.159300 0.320600 0.093900 0.201100 0.133400 0.159300 0.180000 0.138000 0.094300 0.054800 0.158700 0.177800 0.158800 0.184900 0.171100 0.136900 0.123500 0.107100 0.158000 0.094300 0.136900 0.159300 0.036000 0.054700 0.210000 0.137500 0.136600 0.096200 0.136900 0.095800 0.035900 0.180000 0.088700 0.159400 0.155800 0.155800 0.159300 0.138300 0.160000 0.000000 0.036200 0.137500 0.035900 0.095800 0.176400 0.180500 0.207300 0.147500 0.176700 0.147600 0.094900 0.094200
WhiteLippe 0.114700 0.260000 0.054300 0.153800 0.091800 0.114700 0.134400 0.094800 0.054500 0.017600 0.114300 0.132800 0.114700 0.138100 0.115700 0.094200 0.082500 0.065700 0.113900 0.054500 0.094200 0.114700 0.000100 0.017500 0.160800 0.094600 0.093900 0.055500 0.094200 0.055300 0.000100 0.134400 0.049500 0.114900 0.112100 0.112300 0.114700 0.095200 0.136200 0.036200 0.000000 0.094600 0.000100 0.055200 0.131800 0.135100 0.159700 0.093700 0.132100 0.111400 0.073900 0.054400
ThomsonGaz 0.018300 0.288100 0.074200 0.183200 0.036400 0.018300 0.036700 0.000100 0.074500 0.114700 0.018300 0.155600 0.018400 0.037700 0.056700 0.000100 0.153000 0.137900 0.018200 0.074500 0.000100 0.018300 0.094200 0.113700 0.057500 0.000000 0.000100 0.075900 0.000100 0.055900 0.093800 0.036700 0.076200 0.018300 0.017900 0.134400 0.018300 0.057200 0.037100 0.137500 0.094600 0.000000 0.093800 0.160300 0.154300 0.117500 0.097800 0.036800 0.036100 0.136300 0.094800 0.074300
MuntiacusC 0.113600 0.257300 0.053800 0.152600 0.090900 0.113600 0.133200 0.093900 0.054000 0.017500 0.113200 0.131700 0.113700 0.136800 0.114500 0.093300 0.080600 0.063900 0.112800 0.054000 0.093300 0.113600 0.000100 0.017400 0.159200 0.093800 0.093100 0.055000 0.093300 0.054800 0.000000 0.133200 0.046600 0.113900 0.111200 0.111400 0.113600 0.094400 0.134900 0.035900 0.000100 0.093800 0.000000 0.054700 0.130600 0.134000 0.158300 0.092900 0.131000 0.108300 0.073200 0.053900
WhiteTaile 0.182100 0.262900 0.114800 0.180100 0.154900 0.182100 0.203900 0.160600 0.115200 0.074200 0.181400 0.201100 0.182300 0.162100 0.184300 0.159500 0.146900 0.131000 0.180800 0.115200 0.159500 0.182100 0.054900 0.036200 0.236000 0.160300 0.159200 0.117700 0.159500 0.117100 0.054700 0.203900 0.112500 0.176800 0.178300 0.178400 0.182100 0.161200 0.161200 0.095800 0.055200 0.160300 0.054700 0.000000 0.199400 0.158200 0.232800 0.158700 0.155900 0.177600 0.137000 0.115000
Cattle 0.175100 0.333000 0.072100 0.222300 0.151600 0.175100 0.194600 0.154400 0.072400 0.150600 0.174500 0.035300 0.175300 0.200100 0.133900 0.152900 0.148900 0.176200 0.173300 0.072400 0.152900 0.175100 0.131200 0.150900 0.179700 0.154300 0.153200 0.073700 0.152900 0.073500 0.130600 0.194600 0.113600 0.175800 0.171500 0.017200 0.175100 0.157500 0.198400 0.176400 0.131800 0.154300 0.130600 0.199400 0.000000 0.155400 0.272600 0.111700 0.149600 0.174500 0.092000 0.072300
RoyalAntel 0.138300 0.372700 0.115200 0.278300 0.074300 0.138300 0.158800 0.117600 0.115500 0.111800 0.137800 0.156700 0.138800 0.118600 0.097600 0.117000 0.146800 0.177200 0.137500 0.115500 0.117000 0.138300 0.134600 0.154600 0.187400 0.117500 0.116700 0.118000 0.117000 0.117400 0.134000 0.158800 0.157900 0.139000 0.135300 0.135300 0.138300 0.077100 0.161300 0.180500 0.135100 0.117500 0.134000 0.158200 0.155400 0.000000 0.234900 0.075900 0.114200 0.226100 0.137300 0.115300
Steenbok 0.118000 0.332300 0.180500 0.207500 0.137600 0.118000 0.138200 0.097800 0.181000 0.182000 0.117600 0.275400 0.118700 0.142400 0.163600 0.097300 0.222600 0.209800 0.117400 0.181000 0.097300 0.118000 0.159100 0.179700 0.142100 0.097800 0.097100 0.185300 0.097300 0.161000 0.158300 0.138200 0.186400 0.118800 0.115600 0.249700 0.118000 0.165600 0.140300 0.207300 0.159700 0.097800 0.158300 0.232800 0.272600 0.234900 0.000000 0.138900 0.136100 0.254000 0.205200 0.180600
Impala 0.055500 0.284600 0.035900 0.181100 0.073800 0.055500 0.074400 0.036800 0.036100 0.111400 0.055400 0.112700 0.055800 0.076500 0.018300 0.036600 0.151000 0.136100 0.055300 0.036100 0.036600 0.055500 0.093300 0.112600 0.097100 0.036800 0.036600 0.036700 0.036600 0.036600 0.092900 0.074400 0.075500 0.055800 0.054400 0.092800 0.055500 0.076700 0.075400 0.147500 0.093700 0.036800 0.092900 0.158700 0.111700 0.075900 0.138900 0.000000 0.073200 0.135000 0.055100 0.036000
Klipspring 0.054600 0.280000 0.111100 0.222700 0.035500 0.054600 0.072800 0.036200 0.111500 0.152600 0.054500 0.151400 0.054700 0.074700 0.094000 0.035800 0.149400 0.176600 0.054100 0.111500 0.035800 0.054600 0.131600 0.110800 0.095300 0.036100 0.035900 0.113700 0.035800 0.093100 0.131000 0.072800 0.113900 0.054800 0.053400 0.130200 0.054600 0.055700 0.036200 0.176700 0.132100 0.036100 0.131000 0.155900 0.149600 0.114200 0.136100 0.073200 0.000000 0.174800 0.132400 0.111300
ForestMusk 0.157400 0.313000 0.093000 0.203700 0.173500 0.157400 0.177900 0.136600 0.093400 0.129700 0.156900 0.175900 0.157500 0.183100 0.158900 0.135600 0.152200 0.136700 0.156300 0.093400 0.135600 0.157400 0.108700 0.128300 0.207200 0.136300 0.135300 0.095200 0.135600 0.094800 0.108300 0.177900 0.095500 0.157800 0.154000 0.154200 0.157400 0.179900 0.179600 0.147600 0.111400 0.136300 0.108300 0.177600 0.174500 0.226100 0.254000 0.135000 0.174800 0.000000 0.113300 0.093200
Bushbuck 0.114600 0.259800 0.017800 0.158600 0.133500 0.114600 0.134400 0.094800 0.017800 0.090600 0.114200 0.092800 0.114900 0.138300 0.075400 0.094300 0.130900 0.114900 0.113900 0.017500 0.094300 0.114600 0.073500 0.092500 0.160800 0.094800 0.094100 0.018200 0.094300 0.018100 0.073200 0.134400 0.055700 0.115100 0.112200 0.073300 0.114600 0.138900 0.094800 0.094900 0.073900 0.094800 0.073200 0.137000 0.092000 0.137300 0.205200 0.055100 0.132400 0.113300 0.000000 0.017800
GreaterKud 0.093600 0.232400 0.000200 0.135800 0.112200 0.093600 0.113000 0.074300 0.000100 0.069400 0.093300 0.072900 0.093800 0.116100 0.055400 0.074000 0.109800 0.093700 0.093100 0.000100 0.074000 0.093600 0.054100 0.072600 0.137700 0.074300 0.073800 0.000200 0.074000 0.000100 0.053900 0.113000 0.036300 0.094000 0.091700 0.054000 0.093600 0.116600 0.114400 0.094200 0.054400 0.074300 0.053900 0.115000 0.072300 0.115300 0.180600 0.036000 0.111300 0.093200 0.017800 0.000000
