1
52 1
Argali 0.000000 0.336300 0.141900 0.343400 0.039500 0.000000 0.040100 0.000000 0.139000 0.081700 0.040400 0.040400 0.040300 0.081700 0.083200 0.081700 0.128600 0.131000 0.126200 0.139000 0.040400 0.040400 0.081700 0.081700 0.039400 0.084600 0.040300 0.139000 0.040400 0.139000 0.081700 0.081700 0.081700 0.040300 0.040400 0.165200 0.039900 0.040400 0.084800 0.082200 0.081700 0.040400 0.081400 0.081700 0.040400 0.081700 0.040800 0.040400 0.040400 0.142800 0.139700 0.144000
LesserMous 0.336300 0.000000 0.435500 0.696400 0.277700 0.336300 0.395000 0.336300 0.432500 0.275300 0.277700 0.277700 0.275800 0.220200 0.331600 0.327700 0.335800 0.339100 0.333200 0.432500 0.277700 0.277700 0.275300 0.275300 0.277700 0.340900 0.275800 0.432500 0.277700 0.432500 0.275300 0.220200 0.275300 0.275800 0.277700 0.321600 0.277700 0.277700 0.342900 0.401100 0.275300 0.277700 0.275300 0.275300 0.277700 0.220200 0.278500 0.277700 0.277700 0.448600 0.440600 0.446700
LesserKudu 0.141900 0.435500 0.000000 0.630400 0.091000 0.141900 0.196500 0.141900 0.085800 0.137900 0.091000 0.091000 0.090100 0.137900 0.141000 0.183600 0.194600 0.198600 0.190700 0.085800 0.091000 0.091000 0.137900 0.137900 0.091000 0.144700 0.090100 0.085800 0.091000 0.085800 0.137900 0.137900 0.137900 0.090100 0.091000 0.237400 0.091000 0.091000 0.142400 0.251100 0.137900 0.091000 0.137900 0.137900 0.091000 0.137900 0.091400 0.091000 0.091000 0.197200 0.086500 0.000100
KillerWhal 0.343400 0.696400 0.630400 0.000000 0.411900 0.343400 0.400800 0.343400 0.618400 0.407100 0.411900 0.411900 0.404800 0.478200 0.470700 0.334200 0.486000 0.473400 0.409700 0.618400 0.411900 0.411900 0.407100 0.407100 0.411900 0.493200 0.404800 0.618400 0.411900 0.618400 0.407100 0.478200 0.407100 0.404800 0.411900 0.560600 0.411900 0.411900 0.484000 0.406800 0.407100 0.411900 0.407100 0.407100 0.411900 0.478200 0.412500 0.411900 0.411900 0.553300 0.637500 0.655800
DefassaWat 0.039500 0.277700 0.091000 0.411900 0.000000 0.040400 0.083200 0.040400 0.089100 0.039600 0.000000 0.000000 0.000100 0.039600 0.040000 0.039600 0.083100 0.084500 0.081500 0.089100 0.000000 0.000000 0.039600 0.039600 0.000000 0.041000 0.000100 0.089100 0.000000 0.089100 0.039100 0.039600 0.039600 0.000100 0.000000 0.115300 0.000000 0.000000 0.041000 0.126900 0.038300 0.000000 0.039600 0.039600 0.000000 0.037800 0.000100 0.000000 0.000000 0.091600 0.089500 0.092400
Sheep 0.000000 0.336300 0.141900 0.343400 0.040400 0.000000 0.040700 0.000000 0.139000 0.081700 0.040400 0.040400 0.040300 0.081700 0.083200 0.081700 0.128600 0.131000 0.126700 0.139000 0.039300 0.040400 0.081700 0.081700 0.040400 0.084000 0.040300 0.139000 0.040400 0.139000 0.081700 0.081700 0.081700 0.040300 0.039800 0.165200 0.039500 0.040400 0.084800 0.082200 0.081700 0.039700 0.081700 0.081700 0.040400 0.081700 0.040800 0.040400 0.040400 0.142800 0.139700 0.144000
MaxwellsDu 0.040100 0.395000 0.196500 0.400800 0.083200 0.040700 0.000000 0.040700 0.192300 0.126200 0.083200 0.083200 0.082900 0.126200 0.041000 0.126100 0.176500 0.180500 0.173400 0.192300 0.083200 0.083200 0.126200 0.126200 0.083200 0.130700 0.082900 0.192300 0.083200 0.192300 0.126200 0.126200 0.126200 0.082900 0.083200 0.216400 0.083200 0.083200 0.085100 0.127600 0.126200 0.082600 0.126200 0.126200 0.083200 0.126200 0.084000 0.083200 0.083200 0.197500 0.193500 0.199300
GazellaPrz 0.000000 0.336300 0.141900 0.343400 0.040400 0.000000 0.040700 0.000000 0.139000 0.081700 0.040400 0.039500 0.040300 0.081700 0.083200 0.081700 0.128600 0.131000 0.126200 0.139000 0.040400 0.040400 0.081700 0.081700 0.040400 0.084600 0.040300 0.139000 0.040400 0.139000 0.081700 0.081700 0.081700 0.040300 0.040100 0.165200 0.040400 0.040300 0.084800 0.082200 0.081700 0.039800 0.081700 0.081700 0.040400 0.081700 0.040800 0.040000 0.039700 0.142800 0.139700 0.144000
MountainNy 0.139000 0.432500 0.085800 0.618400 0.089100 0.139000 0.192300 0.139000 0.000000 0.135500 0.089100 0.089100 0.088400 0.135500 0.138100 0.180200 0.190800 0.139600 0.187000 0.000000 0.089100 0.089100 0.135500 0.135500 0.089100 0.141300 0.088400 0.000000 0.089100 0.000000 0.135500 0.135500 0.135500 0.088400 0.089100 0.223900 0.089100 0.089100 0.140200 0.137600 0.135500 0.089100 0.135500 0.135500 0.089100 0.135500 0.089600 0.089100 0.089100 0.193300 0.000100 0.087200
MuntiacusM 0.081700 0.275300 0.137900 0.407100 0.039600 0.081700 0.126200 0.081700 0.135500 0.000000 0.039600 0.039600 0.039500 0.080300 0.081200 0.080300 0.039600 0.040000 0.124000 0.135500 0.039600 0.039600 0.000000 0.000000 0.039600 0.082700 0.039500 0.135500 0.039600 0.135500 0.000000 0.080300 0.000000 0.039500 0.039600 0.162200 0.039600 0.039600 0.083200 0.080600 0.000000 0.039600 0.000000 0.000000 0.039600 0.080300 0.040000 0.039600 0.039600 0.139100 0.136300 0.140100
goat 0.040400 0.277700 0.091000 0.411900 0.000000 0.040400 0.083200 0.040400 0.089100 0.039600 0.000000 0.000000 0.000100 0.039600 0.040200 0.039600 0.083100 0.084500 0.081500 0.089100 0.000000 0.000000 0.039600 0.039600 0.000000 0.041000 0.000100 0.089100 0.000000 0.089100 0.039600 0.039600 0.039600 0.000100 0.000000 0.115300 0.000000 0.000000 0.041000 0.126900 0.039600 0.000000 0.039600 0.039600 0.000000 0.039600 0.000100 0.000000 0.000000 0.091600 0.089500 0.092400
AfricanBuf 0.040400 0.277700 0.091000 0.411900 0.000000 0.040400 0.083200 0.039500 0.089100 0.039600 0.000000 0.000000 0.000100 0.039600 0.039300 0.039600 0.083100 0.084500 0.081500 0.089100 0.000000 0.000000 0.039600 0.039600 0.000000 0.041000 0.000100 0.089100 0.000000 0.089100 0.039600 0.039600 0.039600 0.000100 0.000000 0.115300 0.000000 0.000000 0.041000 0.126900 0.037800 0.000000 0.039600 0.038200 0.000000 0.039600 0.000100 0.000000 0.000000 0.091600 0.089500 0.092400
Topi 0.040300 0.275800 0.090100 0.404800 0.000100 0.040300 0.082900 0.040300 0.088400 0.039500 0.000100 0.000100 0.000000 0.039500 0.040100 0.039400 0.082500 0.083900 0.081300 0.088400 0.000100 0.000100 0.039500 0.039500 0.000100 0.040900 0.000000 0.088400 0.000100 0.088400 0.039500 0.039500 0.039500 0.000000 0.000100 0.112400 0.000100 0.000100 0.040700 0.126600 0.039500 0.000100 0.039500 0.039500 0.000100 0.039500 0.000200 0.000100 0.000100 0.090900 0.088800 0.091500
CommonDuik 0.081700 0.220200 0.137900 0.478200 0.039600 0.081700 0.126200 0.081700 0.135500 0.080300 0.039600 0.039600 0.039500 0.000000 0.081200 0.080300 0.126300 0.128300 0.124000 0.135500 0.039600 0.039600 0.080300 0.080300 0.039600 0.082700 0.039500 0.135500 0.039600 0.135500 0.080300 0.000000 0.080300 0.039500 0.038300 0.066000 0.039600 0.039600 0.083200 0.172400 0.080300 0.039600 0.080300 0.080300 0.039600 0.000000 0.040000 0.039600 0.039600 0.139100 0.136300 0.140100
Suni 0.083200 0.331600 0.141000 0.470700 0.040000 0.083200 0.041000 0.083200 0.138100 0.081200 0.040200 0.039300 0.040100 0.081200 0.000000 0.081200 0.127700 0.130300 0.125400 0.138100 0.040200 0.040200 0.081200 0.081200 0.040200 0.084100 0.040100 0.138100 0.039300 0.138100 0.081200 0.081200 0.081200 0.040100 0.040200 0.163500 0.039400 0.040200 0.041000 0.174500 0.081200 0.040200 0.081200 0.081200 0.039400 0.081200 0.040600 0.040200 0.040200 0.141800 0.138700 0.143000
Springbuck 0.081700 0.327700 0.183600 0.334200 0.039600 0.081700 0.126100 0.081700 0.180200 0.080300 0.039600 0.039600 0.039400 0.080300 0.081200 0.000000 0.125500 0.127100 0.123800 0.180200 0.039600 0.039600 0.080300 0.080300 0.039600 0.082800 0.039400 0.180200 0.039600 0.180200 0.080300 0.080300 0.080300 0.039400 0.039600 0.159000 0.039600 0.039600 0.082600 0.171900 0.080300 0.039600 0.080300 0.080300 0.039600 0.080300 0.039900 0.039600 0.039600 0.185500 0.178900 0.184400
Okapi 0.128600 0.335800 0.194600 0.486000 0.083100 0.128600 0.176500 0.128600 0.190800 0.039600 0.083100 0.083100 0.082500 0.126300 0.127700 0.125500 0.000000 0.000500 0.173800 0.190800 0.083100 0.083100 0.039600 0.039600 0.083100 0.130800 0.082500 0.190800 0.083100 0.190800 0.039600 0.126300 0.039600 0.082500 0.083100 0.215000 0.083100 0.083100 0.129800 0.126700 0.039600 0.083100 0.039600 0.039600 0.083100 0.126300 0.083500 0.083100 0.083100 0.196800 0.192400 0.197900
Giraffe 0.131000 0.339100 0.198600 0.473400 0.084500 0.131000 0.180500 0.131000 0.139600 0.040000 0.084500 0.084500 0.083900 0.128300 0.130300 0.127100 0.000500 0.000000 0.176900 0.139600 0.084500 0.084500 0.040000 0.040000 0.084500 0.133100 0.083900 0.139600 0.084500 0.139600 0.040000 0.128300 0.040000 0.083900 0.084500 0.223400 0.084500 0.084500 0.160000 0.082700 0.040000 0.084500 0.040000 0.040000 0.084500 0.128300 0.084800 0.084500 0.084500 0.195600 0.140600 0.201900
TibetanAnt 0.126200 0.333200 0.190700 0.409700 0.081500 0.126700 0.173400 0.126200 0.187000 0.124000 0.081500 0.081500 0.081300 0.124000 0.125400 0.123800 0.173800 0.176900 0.000000 0.187000 0.081500 0.081500 0.124000 0.124000 0.081500 0.128100 0.081300 0.187000 0.081500 0.187000 0.124000 0.124000 0.124000 0.081300 0.081500 0.213500 0.081500 0.081500 0.128300 0.222400 0.124000 0.081500 0.124000 0.124000 0.081500 0.124000 0.082300 0.081500 0.081500 0.192700 0.188400 0.193900
Sitatunga 0.139000 0.432500 0.085800 0.618400 0.089100 0.139000 0.192300 0.139000 0.000000 0.135500 0.089100 0.089100 0.088400 0.135500 0.138100 0.180200 0.190800 0.139600 0.187000 0.000000 0.089100 0.089100 0.135500 0.135500 0.089100 0.141300 0.088400 0.000000 0.089100 0.000000 0.135500 0.135500 0.135500 0.088400 0.089100 0.223900 0.089100 0.089100 0.140200 0.137600 0.135500 0.089100 0.135500 0.135500 0.089100 0.135500 0.089600 0.089100 0.089100 0.193300 0.000100 0.087200
Oribi 0.040400 0.277700 0.091000 0.411900 0.000000 0.039300 0.083200 0.040400 0.089100 0.039600 0.000000 0.000000 0.000100 0.039600 0.040200 0.039600 0.083100 0.084500 0.081500 0.089100 0.000000 0.000000 0.039600 0.039600 0.000000 0.041000 0.000100 0.089100 0.000000 0.089100 0.039600 0.039600 0.039600 0.000100 0.000000 0.115300 0.000000 0.000000 0.041000 0.126900 0.039600 0.000000 0.039600 0.039600 0.000000 0.039600 0.000100 0.000000 0.000000 0.091600 0.089500 0.092400
BarbaryShe 0.040400 0.277700 0.091000 0.411900 0.000000 0.040400 0.083200 0.040400 0.089100 0.039600 0.000000 0.000000 0.000100 0.039600 0.040200 0.039600 0.083100 0.084500 0.081500 0.089100 0.000000 0.000000 0.039600 0.039600 0.000000 0.041000 0.000100 0.089100 0.000000 0.089100 0.039600 0.039400 0.039600 0.000100 0.000000 0.115300 0.000000 0.000000 0.041000 0.126900 0.039600 0.000000 0.038300 0.039600 0.000000 0.039600 0.000100 0.000000 0.000000 0.091600 0.089500 0.092400
Daviddeer 0.081700 0.275300 0.137900 0.407100 0.039600 0.081700 0.126200 0.081700 0.135500 0.000000 0.039600 0.039600 0.039500 0.080300 0.081200 0.080300 0.039600 0.040000 0.124000 0.135500 0.039600 0.039600 0.000000 0.000000 0.039600 0.082700 0.039500 0.135500 0.039600 0.135500 0.000000 0.080300 0.000000 0.039500 0.037700 0.162200 0.037600 0.039600 0.083200 0.080600 0.000000 0.039600 0.000000 0.000000 0.039600 0.080300 0.040000 0.039600 0.037700 0.139100 0.136300 0.140100
Reindeer 0.081700 0.275300 0.137900 0.407100 0.039600 0.081700 0.126200 0.081700 0.135500 0.000000 0.039600 0.039600 0.039500 0.080300 0.081200 0.080300 0.039600 0.040000 0.124000 0.135500 0.039600 0.039600 0.000000 0.000000 0.039600 0.082700 0.039500 0.135500 0.039600 0.135500 0.000000 0.080300 0.000000 0.039500 0.039600 0.162200 0.039600 0.039600 0.083200 0.080600 0.000000 0.039600 0.000000 0.000000 0.039600 0.080300 0.040000 0.039600 0.039600 0.139100 0.136300 0.140100
Ibex 0.039400 0.277700 0.091000 0.411900 0.000000 0.040400 0.083200 0.040400 0.089100 0.039600 0.000000 0.000000 0.000100 0.039600 0.040200 0.039600 0.083100 0.084500 0.081500 0.089100 0.000000 0.000000 0.039600 0.039600 0.000000 0.041000 0.000100 0.089100 0.000000 0.089100 0.039600 0.039600 0.039600 0.000100 0.000000 0.115300 0.000000 0.000000 0.041000 0.126900 0.037800 0.000000 0.039600 0.039600 0.000000 0.039600 0.000100 0.000000 0.000000 0.091600 0.089500 0.092400
GyrantGaze 0.084600 0.340900 0.144700 0.493200 0.041000 0.084000 0.130700 0.084600 0.141300 0.082700 0.041000 0.041000 0.040900 0.082700 0.084100 0.082800 0.130800 0.133100 0.128100 0.141300 0.041000 0.041000 0.082700 0.082700 0.041000 0.000000 0.040900 0.141300 0.041000 0.141300 0.082700 0.082700 0.082700 0.040900 0.041000 0.167200 0.041000 0.040500 0.085500 0.177700 0.082700 0.041000 0.082700 0.082700 0.041000 0.082700 0.041400 0.040200 0.040900 0.145600 0.142100 0.146900
Hartebeest 0.040300 0.275800 0.090100 0.404800 0.000100 0.040300 0.082900 0.040300 0.088400 0.039500 0.000100 0.000100 0.000000 0.039500 0.040100 0.039400 0.082500 0.083900 0.081300 0.088400 0.000100 0.000100 0.039500 0.039500 0.000100 0.040900 0.000000 0.088400 0.000100 0.088400 0.039500 0.039500 0.039500 0.000000 0.000100 0.112400 0.000100 0.000100 0.040700 0.126600 0.039500 0.000100 0.039500 0.039500 0.000100 0.039500 0.000200 0.000100 0.000100 0.090900 0.088800 0.091500
Bongo 0.139000 0.432500 0.085800 0.618400 0.089100 0.139000 0.192300 0.139000 0.000000 0.135500 0.089100 0.089100 0.088400 0.135500 0.138100 0.180200 0.190800 0.139600 0.187000 0.000000 0.089100 0.089100 0.135500 0.135500 0.089100 0.141300 0.088400 0.000000 0.089100 0.000000 0.135500 0.135500 0.135500 0.088400 0.089100 0.223900 0.089100 0.089100 0.140200 0.137600 0.135500 0.089100 0.135500 0.135500 0.089100 0.135500 0.089600 0.089100 0.089100 0.193300 0.000100 0.087200
Gerenuk 0.040400 0.277700 0.091000 0.411900 0.000000 0.040400 0.083200 0.040400 0.089100 0.039600 0.000000 0.000000 0.000100 0.039600 0.039300 0.039600 0.083100 0.084500 0.081500 0.089100 0.000000 0.000000 0.039600 0.039600 0.000000 0.041000 0.000100 0.089100 0.000000 0.089100 0.039600 0.039600 0.037600 0.000100 0.000000 0.115300 0.000000 0.000000 0.041000 0.126900 0.039600 0.000000 0.039600 0.039600 0.000000 0.037800 0.000100 0.000000 0.000000 0.091600 0.089500 0.092400
CommonElan 0.139000 0.432500 0.085800 0.618400 0.089100 0.139000 0.192300 0.139000 0.000000 0.135500 0.089100 0.089100 0.088400 0.135500 0.138100 0.180200 0.190800 0.139600 0.187000 0.000000 0.089100 0.089100 0.135500 0.135500 0.089100 0.141300 0.088400 0.000000 0.089100 0.000000 0.135500 0.135500 0.135500 0.088400 0.089100 0.223900 0.089100 0.089100 0.140200 0.137600 0.135500 0.089100 0.135500 0.135500 0.089100 0.135500 0.089600 0.089100 0.089100 0.193300 0.000100 0.087200
MuntiacusR 0.081700 0.275300 0.137900 0.407100 0.039100 0.081700 0.126200 0.081700 0.135500 0.000000 0.039600 0.039600 0.039500 0.080300 0.081200 0.080300 0.039600 0.040000 0.124000 0.135500 0.039600 0.039600 0.000000 0.000000 0.039600 0.082700 0.039500 0.135500 0.039600 0.135500 0.000000 0.080300 0.000000 0.039500 0.039600 0.162200 0.039600 0.039600 0.083200 0.080600 0.000000 0.037800 0.000000 0.000000 0.037800 0.080300 0.040000 0.039600 0.039600 0.139100 0.136300 0.140100
HarveysDui 0.081700 0.220200 0.137900 0.478200 0.039600 0.081700 0.126200 0.081700 0.135500 0.080300 0.039600 0.039600 0.039500 0.000000 0.081200 0.080300 0.126300 0.128300 0.124000 0.135500 0.039600 0.039400 0.080300 0.080300 0.039600 0.082700 0.039500 0.135500 0.039600 0.135500 0.080300 0.000000 0.080300 0.039500 0.039600 0.066000 0.039600 0.039600 0.083200 0.172400 0.080300 0.039600 0.080300 0.080000 0.039600 0.000000 0.040000 0.039600 0.039600 0.139100 0.136300 0.140100
Pronghorn 0.081700 0.275300 0.137900 0.407100 0.039600 0.081700 0.126200 0.081700 0.135500 0.000000 0.039600 0.039600 0.039500 0.080300 0.081200 0.080300 0.039600 0.040000 0.124000 0.135500 0.039600 0.039600 0.000000 0.000000 0.039600 0.082700 0.039500 0.135500 0.037600 0.135500 0.000000 0.080300 0.000000 0.039500 0.039600 0.162200 0.039600 0.039600 0.083200 0.080600 0.000000 0.039600 0.000000 0.000000 0.039600 0.080300 0.040000 0.039600 0.039600 0.139100 0.136300 0.140100
BlueWildeb 0.040300 0.275800 0.090100 0.404800 0.000100 0.040300 0.082900 0.040300 0.088400 0.039500 0.000100 0.000100 0.000000 0.039500 0.040100 0.039400 0.082500 0.083900 0.081300 0.088400 0.000100 0.000100 0.039500 0.039500 0.000100 0.040900 0.000000 0.088400 0.000100 0.088400 0.039500 0.039500 0.039500 0.000000 0.000100 0.112400 0.000100 0.000100 0.040700 0.126600 0.039500 0.000100 0.039500 0.039500 0.000100 0.039500 0.000200 0.000100 0.000100 0.090900 0.088800 0.091500
Gemsbok 0.040400 0.277700 0.091000 0.411900 0.000000 0.039800 0.083200 0.040100 0.089100 0.039600 0.000000 0.000000 0.000100 0.038300 0.040200 0.039600 0.083100 0.084500 0.081500 0.089100 0.000000 0.000000 0.037700 0.039600 0.000000 0.041000 0.000100 0.089100 0.000000 0.089100 0.039600 0.039600 0.039600 0.000100 0.000000 0.115300 0.000000 0.000000 0.041000 0.126900 0.039600 0.000000 0.039600 0.039600 0.000000 0.039600 0.000100 0.000000 0.000000 0.091600 0.089500 0.092400
Yak 0.165200 0.321600 0.237400 0.560600 0.115300 0.165200 0.216400 0.165200 0.223900 0.162200 0.115300 0.115300 0.112400 0.066000 0.163500 0.159000 0.215000 0.223400 0.213500 0.223900 0.115300 0.115300 0.162200 0.162200 0.115300 0.167200 0.112400 0.223900 0.115300 0.223900 0.162200 0.066000 0.162200 0.112400 0.115300 0.000000 0.115300 0.115300 0.166300 0.268700 0.162200 0.115300 0.162200 0.162200 0.115300 0.066000 0.113500 0.115300 0.115300 0.178200 0.218100 0.240100
BlueSheep 0.039900 0.277700 0.091000 0.411900 0.000000 0.039500 0.083200 0.040400 0.089100 0.039600 0.000000 0.000000 0.000100 0.039600 0.039400 0.039600 0.083100 0.084500 0.081500 0.089100 0.000000 0.000000 0.037600 0.039600 0.000000 0.041000 0.000100 0.089100 0.000000 0.089100 0.039600 0.039600 0.039600 0.000100 0.000000 0.115300 0.000000 0.000000 0.041000 0.126900 0.039000 0.000000 0.038300 0.037800 0.000000 0.037700 0.000100 0.000000 0.000000 0.091600 0.089500 0.092400
BohorReedb 0.040400 0.277700 0.091000 0.411900 0.000000 0.040400 0.083200 0.040300 0.089100 0.039600 0.000000 0.000000 0.000100 0.039600 0.040200 0.039600 0.083100 0.084500 0.081500 0.089100 0.000000 0.000000 0.039600 0.039600 0.000000 0.040500 0.000100 0.089100 0.000000 0.089100 0.039600 0.039600 0.039600 0.000100 0.000000 0.115300 0.000000 0.000000 0.041000 0.126900 0.039600 0.000000 0.039600 0.037700 0.000000 0.039600 0.000100 0.000000 0.000000 0.091600 0.089500 0.092400
KirksDik 0.084800 0.342900 0.142400 0.484000 0.041000 0.084800 0.085100 0.084800 0.140200 0.083200 0.041000 0.041000 0.040700 0.083200 0.041000 0.082600 0.129800 0.160000 0.128300 0.140200 0.041000 0.041000 0.083200 0.083200 0.041000 0.085500 0.040700 0.140200 0.041000 0.140200 0.083200 0.083200 0.083200 0.040700 0.041000 0.166300 0.041000 0.041000 0.000000 0.179000 0.083200 0.041000 0.083200 0.083200 0.041000 0.083200 0.041100 0.041000 0.041000 0.143800 0.141300 0.144400
RoeDeer 0.082200 0.401100 0.251100 0.406800 0.126900 0.082200 0.127600 0.082200 0.137600 0.080600 0.126900 0.126900 0.126600 0.172400 0.174500 0.171900 0.126700 0.082700 0.222400 0.137600 0.126900 0.126900 0.080600 0.080600 0.126900 0.177700 0.126600 0.137600 0.126900 0.137600 0.080600 0.172400 0.080600 0.126600 0.126900 0.268700 0.126900 0.126900 0.179000 0.000000 0.080600 0.126900 0.080600 0.080600 0.126900 0.172400 0.128100 0.126900 0.126900 0.253400 0.138400 0.255000
WhiteLippe 0.081700 0.275300 0.137900 0.407100 0.038300 0.081700 0.126200 0.081700 0.135500 0.000000 0.039600 0.037800 0.039500 0.080300 0.081200 0.080300 0.039600 0.040000 0.124000 0.135500 0.039600 0.039600 0.000000 0.000000 0.037800 0.082700 0.039500 0.135500 0.039600 0.135500 0.000000 0.080300 0.000000 0.039500 0.039600 0.162200 0.039000 0.039600 0.083200 0.080600 0.000000 0.039600 0.000000 0.000000 0.039600 0.080300 0.040000 0.037700 0.039600 0.139100 0.136300 0.140100
ThomsonGaz 0.040400 0.277700 0.091000 0.411900 0.000000 0.039700 0.082600 0.039800 0.089100 0.039600 0.000000 0.000000 0.000100 0.039600 0.040200 0.039600 0.083100 0.084500 0.081500 0.089100 0.000000 0.000000 0.039600 0.039600 0.000000 0.041000 0.000100 0.089100 0.000000 0.089100 0.037800 0.039600 0.039600 0.000100 0.000000 0.115300 0.000000 0.000000 0.041000 0.126900 0.039600 0.000000 0.039600 0.039600 0.000000 0.039600 0.000100 0.000000 0.000000 0.091600 0.089500 0.092400
MuntiacusC 0.081400 0.275300 0.137900 0.407100 0.039600 0.081700 0.126200 0.081700 0.135500 0.000000 0.039600 0.039600 0.039500 0.080300 0.081200 0.080300 0.039600 0.040000 0.124000 0.135500 0.039600 0.038300 0.000000 0.000000 0.039600 0.082700 0.039500 0.135500 0.039600 0.135500 0.000000 0.080300 0.000000 0.039500 0.039600 0.162200 0.038300 0.039600 0.083200 0.080600 0.000000 0.039600 0.000000 0.000000 0.039600 0.080300 0.040000 0.039600 0.039600 0.139100 0.136300 0.140100
WhiteTaile 0.081700 0.275300 0.137900 0.407100 0.039600 0.081700 0.126200 0.081700 0.135500 0.000000 0.039600 0.038200 0.039500 0.080300 0.081200 0.080300 0.039600 0.040000 0.124000 0.135500 0.039600 0.039600 0.000000 0.000000 0.039600 0.082700 0.039500 0.135500 0.039600 0.135500 0.000000 0.080000 0.000000 0.039500 0.039600 0.162200 0.037800 0.037700 0.083200 0.080600 0.000000 0.039600 0.000000 0.000000 0.037800 0.080300 0.040000 0.039600 0.039600 0.139100 0.136300 0.140100
Cattle 0.040400 0.277700 0.091000 0.411900 0.000000 0.040400 0.083200 0.040400 0.089100 0.039600 0.000000 0.000000 0.000100 0.039600 0.039400 0.039600 0.083100 0.084500 0.081500 0.089100 0.000000 0.000000 0.039600 0.039600 0.000000 0.041000 0.000100 0.089100 0.000000 0.089100 0.037800 0.039600 0.039600 0.000100 0.000000 0.115300 0.000000 0.000000 0.041000 0.126900 0.039600 0.000000 0.039600 0.037800 0.000000 0.039600 0.000100 0.000000 0.000000 0.091600 0.089500 0.092400
RoyalAntel 0.081700 0.220200 0.137900 0.478200 0.037800 0.081700 0.126200 0.081700 0.135500 0.080300 0.039600 0.039600 0.039500 0.000000 0.081200 0.080300 0.126300 0.128300 0.124000 0.135500 0.039600 0.039600 0.080300 0.080300 0.039600 0.082700 0.039500 0.135500 0.037800 0.135500 0.080300 0.000000 0.080300 0.039500 0.039600 0.066000 0.037700 0.039600 0.083200 0.172400 0.080300 0.039600 0.080300 0.080300 0.039600 0.000000 0.040000 0.037700 0.039600 0.139100 0.136300 0.140100
Steenbok 0.040800 0.278500 0.091400 0.412500 0.000100 0.040800 0.084000 0.040800 0.089600 0.040000 0.000100 0.000100 0.000200 0.040000 0.040600 0.039900 0.083500 0.084800 0.082300 0.089600 0.000100 0.000100 0.040000 0.040000 0.000100 0.041400 0.000200 0.089600 0.000100 0.089600 0.040000 0.040000 0.040000 0.000200 0.000100 0.113500 0.000100 0.000100 0.041100 0.128100 0.040000 0.000100 0.040000 0.040000 0.000100 0.040000 0.000000 0.000100 0.000100 0.092000 0.090000 0.092800
Impala 0.040400 0.277700 0.091000 0.411900 0.000000 0.040400 0.083200 0.040000 0.089100 0.039600 0.000000 0.000000 0.000100 0.039600 0.040200 0.039600 0.083100 0.084500 0.081500 0.089100 0.000000 0.000000 0.039600 0.039600 0.000000 0.040200 0.000100 0.089100 0.000000 0.089100 0.039600 0.039600 0.039600 0.000100 0.000000 0.115300 0.000000 0.000000 0.041000 0.126900 0.037700 0.000000 0.039600 0.039600 0.000000 0.037700 0.000100 0.000000 0.000000 0.091600 0.089500 0.092400
Klipspring 0.040400 0.277700 0.091000 0.411900 0.000000 0.040400 0.083200 0.039700 0.089100 0.039600 0.000000 0.000000 0.000100 0.039600 0.040200 0.039600 0.083100 0.084500 0.081500 0.089100 0.000000 0.000000 0.037700 0.039600 0.000000 0.040900 0.000100 0.089100 0.000000 0.089100 0.039600 0.039600 0.039600 0.000100 0.000000 0.115300 0.000000 0.000000 0.041000 0.126900 0.039600 0.000000 0.039600 0.039600 0.000000 0.039600 0.000100 0.000000 0.000000 0.091600 0.089500 0.092400
ForestMusk 0.142800 0.448600 0.197200 0.553300 0.091600 0.142800 0.197500 0.142800 0.193300 0.139100 0.091600 0.091600 0.090900 0.139100 0.141800 0.185500 0.196800 0.195600 0.192700 0.193300 0.091600 0.091600 0.139100 0.139100 0.091600 0.145600 0.090900 0.193300 0.091600 0.193300 0.139100 0.139100 0.139100 0.090900 0.091600 0.178200 0.091600 0.091600 0.143800 0.253400 0.139100 0.091600 0.139100 0.139100 0.091600 0.139100 0.092000 0.091600 0.091600 0.000000 0.161300 0.143200
Bushbuck 0.139700 0.440600 0.086500 0.637500 0.089500 0.139700 0.193500 0.139700 0.000100 0.136300 0.089500 0.089500 0.088800 0.136300 0.138700 0.178900 0.192400 0.140600 0.188400 0.000100 0.089500 0.089500 0.136300 0.136300 0.089500 0.142100 0.088800 0.000100 0.089500 0.000100 0.136300 0.136300 0.136300 0.088800 0.089500 0.218100 0.089500 0.089500 0.141300 0.138400 0.136300 0.089500 0.136300 0.136300 0.089500 0.136300 0.090000 0.089500 0.089500 0.161300 0.000000 0.086200
GreaterKud 0.144000 0.446700 0.000100 0.655800 0.092400 0.144000 0.199300 0.144000 0.087200 0.140100 0.092400 0.092400 0.091500 0.140100 0.143000 0.184400 0.197900 0.201900 0.193900 0.087200 0.092400 0.092400 0.140100 0.140100 0.092400 0.146900 0.091500 0.087200 0.092400 0.087200 0.140100 0.140100 0.140100 0.091500 0.092400 0.240100 0.092400 0.092400 0.144400 0.255000 0.140100 0.092400 0.140100 0.140100 0.092400 0.140100 0.092800 0.092400 0.092400 0.143200 0.086200 0.000000
