CODONML (in paml version 4.10.7, June 2023)  /home/rachel/ruminants_paml/6406-phy-tree/ENSBTAT00000006979.fasta.phy
Model: free dN/dS Ratios for branches,  kappa = 2.000 fixed

Codon frequency model: F3x4
ns =  54  ls =  22

Codon usage in sequences
--------------------------------------------------------------------------------------------------------------------------------------
Phe TTT   1   1   1   1   1   1 | Ser TCT   0   1   0   0   0   0 | Tyr TAT   0   0   0   0   0   0 | Cys TGT   1   1   1   2   0   0
    TTC   0   0   0   0   0   0 |     TCC   1   1   1   1   1   1 |     TAC   0   0   0   0   0   0 |     TGC   4   4   4   3   5   5
Leu TTA   1   1   1   1   1   1 |     TCA   2   1   2   2   2   2 | *** TAA   0   0   0   0   0   0 | *** TGA   0   0   0   0   0   0
    TTG   1   1   1   1   1   1 |     TCG   1   1   1   1   1   1 |     TAG   0   0   0   0   0   0 | Trp TGG   1   1   1   1   1   1
--------------------------------------------------------------------------------------------------------------------------------------
Leu CTT   0   0   0   0   0   0 | Pro CCT   0   0   0   0   0   0 | His CAT   0   0   0   0   0   0 | Arg CGT   0   0   0   0   0   0
    CTC   0   0   0   0   0   0 |     CCC   0   0   0   0   0   0 |     CAC   0   0   0   0   0   0 |     CGC   0   0   0   0   0   0
    CTA   0   0   0   0   0   0 |     CCA   0   0   0   0   0   0 | Gln CAA   1   0   1   0   0   0 |     CGA   0   0   0   0   0   0
    CTG   0   0   0   0   0   0 |     CCG   0   0   0   0   0   0 |     CAG   2   3   2   3   3   3 |     CGG   0   0   0   0   0   0
--------------------------------------------------------------------------------------------------------------------------------------
Ile ATT   0   0   0   0   0   0 | Thr ACT   0   0   0   0   0   0 | Asn AAT   0   0   0   0   0   0 | Ser AGT   0   0   0   0   0   0
    ATC   0   0   0   0   0   0 |     ACC   0   0   0   0   0   0 |     AAC   0   0   0   0   0   0 |     AGC   0   0   0   0   0   0
    ATA   0   0   0   0   0   0 |     ACA   0   0   0   0   0   0 | Lys AAA   0   1   1   1   1   0 | Arg AGA   0   0   0   0   0   0
Met ATG   0   0   0   0   0   0 |     ACG   0   0   0   0   0   0 |     AAG   2   1   1   1   1   2 |     AGG   0   0   0   0   0   0
--------------------------------------------------------------------------------------------------------------------------------------
Val GTT   0   0   0   0   0   0 | Ala GCT   0   0   0   0   0   0 | Asp GAT   0   0   0   0   0   0 | Gly GGT   0   0   0   0   0   0
    GTC   0   0   0   0   0   0 |     GCC   0   0   0   0   0   0 |     GAC   0   0   0   0   0   0 |     GGC   0   0   0   0   0   0
    GTA   0   0   0   0   0   0 |     GCA   0   0   0   0   0   0 | Glu GAA   3   3   3   3   3   3 |     GGA   0   0   0   0   0   0
    GTG   0   0   0   0   0   0 |     GCG   0   0   0   0   0   0 |     GAG   1   1   1   1   1   1 |     GGG   0   0   0   0   0   0
--------------------------------------------------------------------------------------------------------------------------------------

--------------------------------------------------------------------------------------------------------------------------------------
Phe TTT   1   1   1   1   1   1 | Ser TCT   0   0   0   0   0   0 | Tyr TAT   0   0   0   0   0   0 | Cys TGT   1   1   1   1   1   1
    TTC   0   0   0   0   0   0 |     TCC   1   1   1   1   1   1 |     TAC   0   0   0   0   0   0 |     TGC   4   4   4   4   4   4
Leu TTA   1   1   1   1   1   1 |     TCA   1   2   2   2   2   2 | *** TAA   0   0   0   0   0   0 | *** TGA   0   0   0   0   0   0
    TTG   1   1   1   1   1   1 |     TCG   2   1   1   1   1   1 |     TAG   0   0   0   0   0   0 | Trp TGG   1   1   1   1   1   1
--------------------------------------------------------------------------------------------------------------------------------------
Leu CTT   0   0   0   0   0   0 | Pro CCT   0   0   0   0   0   0 | His CAT   0   0   0   0   0   0 | Arg CGT   0   0   0   0   0   0
    CTC   0   0   0   0   0   0 |     CCC   0   0   0   0   0   0 |     CAC   0   0   0   0   0   0 |     CGC   0   0   0   0   0   0
    CTA   0   0   0   0   0   0 |     CCA   0   0   0   0   0   0 | Gln CAA   1   1   1   1   1   1 |     CGA   0   0   0   0   0   0
    CTG   0   0   0   0   0   0 |     CCG   0   0   0   0   0   0 |     CAG   2   2   2   2   2   2 |     CGG   0   0   0   0   0   0
--------------------------------------------------------------------------------------------------------------------------------------
Ile ATT   0   0   0   0   0   0 | Thr ACT   0   0   0   0   0   0 | Asn AAT   0   0   0   0   0   0 | Ser AGT   0   0   0   0   0   0
    ATC   0   0   0   0   0   0 |     ACC   0   0   0   0   0   0 |     AAC   0   0   0   0   0   0 |     AGC   0   0   0   0   0   0
    ATA   0   0   0   0   0   0 |     ACA   0   0   0   0   0   0 | Lys AAA   0   0   0   0   1   1 | Arg AGA   0   0   0   0   0   0
Met ATG   0   0   0   0   0   0 |     ACG   0   0   0   0   0   0 |     AAG   2   2   2   2   1   1 |     AGG   0   0   0   0   0   0
--------------------------------------------------------------------------------------------------------------------------------------
Val GTT   0   0   0   0   0   0 | Ala GCT   0   0   0   0   0   0 | Asp GAT   0   0   0   0   0   0 | Gly GGT   0   0   0   0   0   0
    GTC   0   0   0   0   0   0 |     GCC   0   0   0   0   0   0 |     GAC   0   0   0   0   0   0 |     GGC   0   0   0   0   0   0
    GTA   0   0   0   0   0   0 |     GCA   0   0   0   0   0   0 | Glu GAA   3   3   3   3   3   3 |     GGA   0   0   0   0   0   0
    GTG   0   0   0   0   0   0 |     GCG   0   0   0   0   0   0 |     GAG   1   1   1   1   1   1 |     GGG   0   0   0   0   0   0
--------------------------------------------------------------------------------------------------------------------------------------

--------------------------------------------------------------------------------------------------------------------------------------
Phe TTT   1   1   1   1   1   1 | Ser TCT   0   0   0   0   0   0 | Tyr TAT   0   0   0   0   0   0 | Cys TGT   1   2   1   1   1   1
    TTC   0   0   0   0   0   0 |     TCC   1   1   1   1   1   1 |     TAC   0   0   0   0   0   0 |     TGC   4   3   4   4   4   4
Leu TTA   1   1   1   1   1   1 |     TCA   2   2   2   2   3   2 | *** TAA   0   0   0   0   0   0 | *** TGA   0   0   0   0   0   0
    TTG   1   1   1   1   1   1 |     TCG   1   1   1   1   0   1 |     TAG   0   0   0   0   0   0 | Trp TGG   1   1   1   1   1   1
--------------------------------------------------------------------------------------------------------------------------------------
Leu CTT   0   0   0   0   0   0 | Pro CCT   0   0   0   0   0   0 | His CAT   0   0   0   0   0   0 | Arg CGT   0   0   0   0   0   0
    CTC   0   0   0   0   0   0 |     CCC   0   0   0   0   0   0 |     CAC   0   0   0   0   0   0 |     CGC   0   0   0   0   0   0
    CTA   0   0   0   0   0   0 |     CCA   0   0   0   0   0   0 | Gln CAA   1   1   1   1   0   1 |     CGA   0   0   0   0   0   0
    CTG   0   0   0   0   0   0 |     CCG   0   0   0   0   0   0 |     CAG   2   2   2   2   3   2 |     CGG   0   0   0   0   0   0
--------------------------------------------------------------------------------------------------------------------------------------
Ile ATT   0   0   0   0   0   0 | Thr ACT   0   0   0   0   0   0 | Asn AAT   0   0   0   0   0   0 | Ser AGT   0   0   0   0   0   0
    ATC   0   0   0   0   0   0 |     ACC   0   0   0   0   0   0 |     AAC   0   0   0   0   0   0 |     AGC   0   0   0   0   0   0
    ATA   0   0   0   0   0   0 |     ACA   0   0   0   0   0   0 | Lys AAA   0   1   0   0   0   0 | Arg AGA   0   0   0   0   0   0
Met ATG   0   0   0   0   0   0 |     ACG   0   0   0   0   0   0 |     AAG   2   1   2   2   2   2 |     AGG   0   0   0   0   0   0
--------------------------------------------------------------------------------------------------------------------------------------
Val GTT   0   0   0   0   0   0 | Ala GCT   0   0   0   0   0   0 | Asp GAT   0   0   0   0   0   0 | Gly GGT   0   0   0   0   0   0
    GTC   0   0   0   0   0   0 |     GCC   0   0   0   0   0   0 |     GAC   0   0   0   0   0   0 |     GGC   0   0   0   0   0   0
    GTA   0   0   0   0   0   0 |     GCA   0   0   0   0   0   0 | Glu GAA   3   3   3   3   3   3 |     GGA   0   0   0   0   0   0
    GTG   0   0   0   0   0   0 |     GCG   0   0   0   0   0   0 |     GAG   1   1   1   1   1   1 |     GGG   0   0   0   0   0   0
--------------------------------------------------------------------------------------------------------------------------------------

--------------------------------------------------------------------------------------------------------------------------------------
Phe TTT   0   1   1   1   1   1 | Ser TCT   0   0   0   0   0   0 | Tyr TAT   0   0   0   0   0   0 | Cys TGT   1   1   1   1   1   1
    TTC   1   0   0   0   0   0 |     TCC   1   1   1   1   1   1 |     TAC   0   0   0   0   0   0 |     TGC   4   4   4   4   4   4
Leu TTA   1   1   1   1   1   1 |     TCA   1   1   2   2   2   1 | *** TAA   0   0   0   0   0   0 | *** TGA   0   0   0   0   0   0
    TTG   1   1   1   1   1   1 |     TCG   2   2   1   1   1   2 |     TAG   0   0   0   0   0   0 | Trp TGG   1   1   1   1   1   1
--------------------------------------------------------------------------------------------------------------------------------------
Leu CTT   0   0   0   0   0   0 | Pro CCT   0   0   0   0   0   0 | His CAT   0   0   0   0   0   0 | Arg CGT   0   0   0   0   0   0
    CTC   0   0   0   0   0   0 |     CCC   0   0   0   0   0   0 |     CAC   0   0   0   0   0   0 |     CGC   0   0   0   0   0   0
    CTA   0   0   0   0   0   0 |     CCA   0   0   0   0   0   0 | Gln CAA   1   1   2   1   1   1 |     CGA   0   0   0   0   0   0
    CTG   0   0   0   0   0   0 |     CCG   0   0   0   0   0   0 |     CAG   2   2   1   2   2   2 |     CGG   0   0   0   0   0   0
--------------------------------------------------------------------------------------------------------------------------------------
Ile ATT   0   0   0   0   0   0 | Thr ACT   0   0   0   0   0   0 | Asn AAT   0   0   0   0   0   0 | Ser AGT   0   0   0   0   0   0
    ATC   0   0   0   0   0   0 |     ACC   0   0   0   0   0   0 |     AAC   0   0   0   0   0   0 |     AGC   0   0   0   0   0   0
    ATA   0   0   0   0   0   0 |     ACA   0   0   0   0   0   0 | Lys AAA   1   1   0   1   0   0 | Arg AGA   0   0   0   0   0   0
Met ATG   0   0   0   0   0   0 |     ACG   0   0   0   0   0   0 |     AAG   1   1   2   1   2   2 |     AGG   0   0   0   0   0   0
--------------------------------------------------------------------------------------------------------------------------------------
Val GTT   0   0   0   0   0   0 | Ala GCT   0   0   0   0   0   0 | Asp GAT   0   0   0   0   0   0 | Gly GGT   0   0   0   0   0   0
    GTC   0   0   0   0   0   0 |     GCC   0   0   0   0   0   0 |     GAC   0   0   0   0   0   0 |     GGC   0   0   0   0   0   0
    GTA   0   0   0   0   0   0 |     GCA   0   0   0   0   0   0 | Glu GAA   3   3   3   3   3   3 |     GGA   0   0   0   0   0   0
    GTG   0   0   0   0   0   0 |     GCG   0   0   0   0   0   0 |     GAG   1   1   1   1   1   1 |     GGG   0   0   0   0   0   0
--------------------------------------------------------------------------------------------------------------------------------------

--------------------------------------------------------------------------------------------------------------------------------------
Phe TTT   1   1   1   1   1   1 | Ser TCT   0   0   0   0   0   0 | Tyr TAT   0   0   0   0   0   0 | Cys TGT   1   1   1   1   1   1
    TTC   0   0   0   0   0   0 |     TCC   1   1   1   1   1   1 |     TAC   0   0   0   0   0   0 |     TGC   4   4   4   4   4   4
Leu TTA   1   1   1   1   1   1 |     TCA   2   2   2   2   2   2 | *** TAA   0   0   0   0   0   0 | *** TGA   0   0   0   0   0   0
    TTG   1   1   1   1   1   1 |     TCG   1   1   1   1   1   1 |     TAG   0   0   0   0   0   0 | Trp TGG   1   1   1   1   1   1
--------------------------------------------------------------------------------------------------------------------------------------
Leu CTT   0   0   0   0   0   0 | Pro CCT   0   0   0   0   0   0 | His CAT   0   0   0   0   0   0 | Arg CGT   0   0   0   0   0   0
    CTC   0   0   0   0   0   0 |     CCC   0   0   0   0   0   0 |     CAC   0   0   0   0   0   0 |     CGC   0   0   0   0   0   0
    CTA   0   0   0   0   0   0 |     CCA   0   0   0   0   0   0 | Gln CAA   1   1   1   1   1   1 |     CGA   0   0   0   0   0   0
    CTG   0   0   0   0   0   0 |     CCG   0   0   0   0   0   0 |     CAG   2   2   2   2   2   2 |     CGG   0   0   0   0   0   0
--------------------------------------------------------------------------------------------------------------------------------------
Ile ATT   0   0   0   0   0   0 | Thr ACT   0   0   0   0   0   0 | Asn AAT   0   0   0   0   0   0 | Ser AGT   0   0   0   0   0   0
    ATC   0   0   0   0   0   0 |     ACC   0   0   0   0   0   0 |     AAC   0   0   0   0   0   0 |     AGC   0   0   0   0   0   0
    ATA   0   0   0   0   0   0 |     ACA   0   0   0   0   0   0 | Lys AAA   1   1   0   0   0   1 | Arg AGA   0   0   0   0   0   0
Met ATG   0   0   0   0   0   0 |     ACG   0   0   0   0   0   0 |     AAG   1   1   2   2   2   1 |     AGG   0   0   0   0   0   0
--------------------------------------------------------------------------------------------------------------------------------------
Val GTT   0   0   0   0   0   0 | Ala GCT   0   0   0   0   0   0 | Asp GAT   0   0   0   0   0   0 | Gly GGT   0   0   0   0   0   0
    GTC   0   0   0   0   0   0 |     GCC   0   0   0   0   0   0 |     GAC   0   0   0   0   0   0 |     GGC   0   0   0   0   0   0
    GTA   0   0   0   0   0   0 |     GCA   0   0   0   0   0   0 | Glu GAA   3   3   3   3   3   3 |     GGA   0   0   0   0   0   0
    GTG   0   0   0   0   0   0 |     GCG   0   0   0   0   0   0 |     GAG   1   1   1   1   1   1 |     GGG   0   0   0   0   0   0
--------------------------------------------------------------------------------------------------------------------------------------

--------------------------------------------------------------------------------------------------------------------------------------
Phe TTT   1   1   1   1   1   1 | Ser TCT   0   0   0   0   0   0 | Tyr TAT   0   0   0   0   0   0 | Cys TGT   1   1   1   1   1   1
    TTC   0   0   0   0   0   0 |     TCC   1   1   2   1   1   1 |     TAC   0   0   0   0   0   0 |     TGC   4   4   4   4   4   4
Leu TTA   1   1   1   1   1   1 |     TCA   2   3   2   3   2   1 | *** TAA   0   0   0   0   0   0 | *** TGA   0   0   0   0   0   0
    TTG   1   1   1   1   1   1 |     TCG   1   0   0   0   1   2 |     TAG   0   0   0   0   0   0 | Trp TGG   1   1   1   1   1   1
--------------------------------------------------------------------------------------------------------------------------------------
Leu CTT   0   0   0   0   0   0 | Pro CCT   0   0   0   0   0   0 | His CAT   0   0   0   0   0   0 | Arg CGT   0   0   0   0   0   0
    CTC   0   0   0   0   0   0 |     CCC   0   0   0   0   0   0 |     CAC   0   0   0   0   0   0 |     CGC   0   0   0   0   0   0
    CTA   0   0   0   0   0   0 |     CCA   0   0   0   0   0   0 | Gln CAA   1   1   1   1   0   1 |     CGA   0   0   0   0   0   0
    CTG   0   0   0   0   0   0 |     CCG   0   0   0   0   0   0 |     CAG   2   2   2   2   3   2 |     CGG   0   0   0   0   0   0
--------------------------------------------------------------------------------------------------------------------------------------
Ile ATT   0   0   0   0   0   0 | Thr ACT   0   0   0   0   0   0 | Asn AAT   0   0   0   0   0   0 | Ser AGT   0   0   0   0   0   0
    ATC   0   0   0   0   0   0 |     ACC   0   0   0   0   0   0 |     AAC   0   0   0   0   0   0 |     AGC   0   0   0   0   0   0
    ATA   0   0   0   0   0   0 |     ACA   0   0   0   0   0   0 | Lys AAA   0   1   1   0   1   0 | Arg AGA   0   0   0   0   0   0
Met ATG   0   0   0   0   0   0 |     ACG   0   0   0   0   0   0 |     AAG   2   1   1   2   1   2 |     AGG   0   0   0   0   0   0
--------------------------------------------------------------------------------------------------------------------------------------
Val GTT   0   0   0   0   0   0 | Ala GCT   0   0   0   0   0   0 | Asp GAT   0   0   0   0   0   0 | Gly GGT   0   0   0   0   0   0
    GTC   0   0   0   0   0   0 |     GCC   0   0   0   0   0   0 |     GAC   0   0   0   0   0   0 |     GGC   0   0   0   0   0   0
    GTA   0   0   0   0   0   0 |     GCA   0   0   0   0   0   0 | Glu GAA   3   3   3   3   3   3 |     GGA   0   0   0   0   0   0
    GTG   0   0   0   0   0   0 |     GCG   0   0   0   0   0   0 |     GAG   1   1   1   1   1   1 |     GGG   0   0   0   0   0   0
--------------------------------------------------------------------------------------------------------------------------------------

--------------------------------------------------------------------------------------------------------------------------------------
Phe TTT   1   1   1   1   1   1 | Ser TCT   0   0   0   0   0   0 | Tyr TAT   0   0   0   0   0   0 | Cys TGT   1   1   1   1   1   1
    TTC   0   0   0   0   0   0 |     TCC   1   1   1   1   1   1 |     TAC   0   0   0   0   0   0 |     TGC   4   4   4   4   4   4
Leu TTA   1   1   1   1   1   1 |     TCA   1   2   1   1   2   2 | *** TAA   0   0   0   0   0   0 | *** TGA   0   0   0   0   0   0
    TTG   0   1   1   1   1   1 |     TCG   2   1   2   2   1   1 |     TAG   0   0   0   0   0   0 | Trp TGG   1   1   1   1   1   1
--------------------------------------------------------------------------------------------------------------------------------------
Leu CTT   0   0   0   0   0   0 | Pro CCT   0   0   0   0   0   0 | His CAT   0   0   0   0   0   0 | Arg CGT   0   0   0   0   0   0
    CTC   0   0   0   0   0   0 |     CCC   0   0   0   0   0   0 |     CAC   0   0   0   0   0   0 |     CGC   0   0   0   0   0   0
    CTA   0   0   0   0   0   0 |     CCA   0   0   0   0   0   0 | Gln CAA   1   1   1   1   1   1 |     CGA   0   0   0   0   0   0
    CTG   0   0   0   0   0   0 |     CCG   0   0   0   0   0   0 |     CAG   2   2   2   2   2   2 |     CGG   0   0   0   0   0   0
--------------------------------------------------------------------------------------------------------------------------------------
Ile ATT   0   0   0   0   0   0 | Thr ACT   0   0   0   0   0   0 | Asn AAT   0   0   0   0   0   0 | Ser AGT   0   0   0   0   0   0
    ATC   0   0   0   0   0   0 |     ACC   0   0   0   0   0   0 |     AAC   0   0   0   0   0   0 |     AGC   0   0   0   0   0   0
    ATA   0   0   0   0   0   0 |     ACA   0   0   0   0   0   0 | Lys AAA   0   1   0   0   0   1 | Arg AGA   0   0   0   0   0   0
Met ATG   1   0   0   0   0   0 |     ACG   0   0   0   0   0   0 |     AAG   2   1   2   2   2   1 |     AGG   0   0   0   0   0   0
--------------------------------------------------------------------------------------------------------------------------------------
Val GTT   0   0   0   0   0   0 | Ala GCT   0   0   0   0   0   0 | Asp GAT   0   0   0   0   0   0 | Gly GGT   0   0   0   0   0   0
    GTC   0   0   0   0   0   0 |     GCC   0   0   0   0   0   0 |     GAC   0   0   0   0   0   0 |     GGC   0   0   0   0   0   0
    GTA   0   0   0   0   0   0 |     GCA   0   0   0   0   0   0 | Glu GAA   3   3   3   3   3   2 |     GGA   0   0   0   0   0   0
    GTG   0   0   0   0   0   0 |     GCG   0   0   0   0   0   0 |     GAG   1   1   1   1   1   2 |     GGG   0   0   0   0   0   0
--------------------------------------------------------------------------------------------------------------------------------------

--------------------------------------------------------------------------------------------------------------------------------------
Phe TTT   1   1   1   1   1   1 | Ser TCT   0   0   0   0   0   1 | Tyr TAT   0   0   0   0   0   0 | Cys TGT   1   1   1   1   1   1
    TTC   0   0   0   0   0   0 |     TCC   1   1   1   1   1   1 |     TAC   0   0   0   0   0   0 |     TGC   4   4   4   4   4   4
Leu TTA   1   1   1   1   1   1 |     TCA   2   2   2   2   2   2 | *** TAA   0   0   0   0   0   0 | *** TGA   0   0   0   0   0   0
    TTG   1   1   1   1   1   1 |     TCG   1   1   1   1   1   0 |     TAG   0   0   0   0   0   0 | Trp TGG   1   1   1   1   1   1
--------------------------------------------------------------------------------------------------------------------------------------
Leu CTT   0   0   0   0   0   0 | Pro CCT   0   0   0   0   0   0 | His CAT   0   0   0   0   0   0 | Arg CGT   0   0   0   0   0   0
    CTC   0   0   0   0   0   0 |     CCC   0   0   0   0   0   0 |     CAC   0   0   0   0   0   0 |     CGC   0   0   0   0   0   0
    CTA   0   0   0   0   0   0 |     CCA   0   0   0   0   0   0 | Gln CAA   1   1   1   1   1   1 |     CGA   0   0   0   0   0   0
    CTG   0   0   0   0   0   0 |     CCG   0   0   0   0   0   0 |     CAG   2   2   2   2   2   2 |     CGG   0   0   0   0   0   0
--------------------------------------------------------------------------------------------------------------------------------------
Ile ATT   0   0   0   0   0   0 | Thr ACT   0   0   0   0   0   0 | Asn AAT   0   0   0   0   0   0 | Ser AGT   0   0   0   0   0   0
    ATC   0   0   0   0   0   0 |     ACC   0   0   0   0   0   0 |     AAC   0   0   0   0   0   0 |     AGC   0   0   0   0   0   0
    ATA   0   0   0   0   0   0 |     ACA   0   0   0   0   0   0 | Lys AAA   1   0   1   1   1   0 | Arg AGA   0   0   0   0   0   0
Met ATG   0   0   0   0   0   0 |     ACG   0   0   0   0   0   0 |     AAG   1   2   1   1   1   2 |     AGG   0   0   0   0   0   0
--------------------------------------------------------------------------------------------------------------------------------------
Val GTT   0   0   0   0   0   0 | Ala GCT   0   0   0   0   0   0 | Asp GAT   0   0   0   0   0   0 | Gly GGT   0   0   0   0   0   0
    GTC   0   0   0   0   0   0 |     GCC   0   0   0   0   0   0 |     GAC   0   0   0   0   0   0 |     GGC   0   0   0   0   0   0
    GTA   0   0   0   0   0   0 |     GCA   0   0   0   0   0   0 | Glu GAA   3   3   3   3   3   3 |     GGA   0   0   0   0   0   0
    GTG   0   0   0   0   0   0 |     GCG   0   0   0   0   0   0 |     GAG   1   1   1   1   1   1 |     GGG   0   0   0   0   0   0
--------------------------------------------------------------------------------------------------------------------------------------

--------------------------------------------------------------------------------------------------------------------------------------
Phe TTT   1   1   1   1   1   1 | Ser TCT   0   0   0   0   0   0 | Tyr TAT   0   0   0   0   0   0 | Cys TGT   1   1   1   2   1   1
    TTC   0   0   0   0   0   0 |     TCC   1   1   2   1   1   1 |     TAC   0   0   0   0   0   0 |     TGC   4   4   4   3   4   4
Leu TTA   1   1   1   1   1   1 |     TCA   2   2   1   2   2   3 | *** TAA   0   0   0   0   0   0 | *** TGA   0   0   0   0   0   0
    TTG   1   1   1   1   1   1 |     TCG   1   1   1   1   1   0 |     TAG   0   0   0   0   0   0 | Trp TGG   1   1   1   1   1   1
--------------------------------------------------------------------------------------------------------------------------------------
Leu CTT   0   0   0   0   0   0 | Pro CCT   0   0   0   0   0   0 | His CAT   0   0   0   0   0   0 | Arg CGT   0   0   0   0   0   0
    CTC   0   0   0   0   0   0 |     CCC   0   0   0   0   0   0 |     CAC   0   0   0   0   0   0 |     CGC   0   0   0   0   0   0
    CTA   0   0   0   0   0   0 |     CCA   0   0   0   0   0   0 | Gln CAA   1   0   1   0   1   1 |     CGA   0   0   0   0   0   0
    CTG   0   0   0   0   0   0 |     CCG   0   0   0   0   0   0 |     CAG   2   3   2   3   2   2 |     CGG   0   0   0   0   0   0
--------------------------------------------------------------------------------------------------------------------------------------
Ile ATT   0   0   0   0   0   0 | Thr ACT   0   0   0   0   0   0 | Asn AAT   0   0   0   0   0   0 | Ser AGT   0   0   0   0   0   0
    ATC   0   0   0   0   0   0 |     ACC   0   0   0   0   0   0 |     AAC   0   0   0   0   0   0 |     AGC   0   0   0   0   0   0
    ATA   0   0   0   0   0   0 |     ACA   0   0   0   0   0   0 | Lys AAA   0   0   0   1   1   1 | Arg AGA   0   0   0   0   0   0
Met ATG   0   0   0   0   0   0 |     ACG   0   0   0   0   0   0 |     AAG   2   2   2   1   1   1 |     AGG   0   0   0   0   0   0
--------------------------------------------------------------------------------------------------------------------------------------
Val GTT   0   0   0   0   0   0 | Ala GCT   0   0   0   0   0   0 | Asp GAT   0   0   0   0   0   0 | Gly GGT   0   0   0   0   0   0
    GTC   0   0   0   0   0   0 |     GCC   0   0   0   0   0   0 |     GAC   0   0   0   0   0   0 |     GGC   0   0   0   0   0   0
    GTA   0   0   0   0   0   0 |     GCA   0   0   0   0   0   0 | Glu GAA   3   3   3   3   3   3 |     GGA   0   0   0   0   0   0
    GTG   0   0   0   0   0   0 |     GCG   0   0   0   0   0   0 |     GAG   1   1   1   1   1   1 |     GGG   0   0   0   0   0   0
--------------------------------------------------------------------------------------------------------------------------------------

Codon position x base (3x4) table for each sequence.

#1: Argali         
position  1:    T:0.59091    C:0.13636    A:0.09091    G:0.18182
position  2:    T:0.13636    C:0.18182    A:0.40909    G:0.27273
position  3:    T:0.09091    C:0.22727    A:0.31818    G:0.36364
Average         T:0.27273    C:0.18182    A:0.27273    G:0.27273

#2: LesserMouseDeer
position  1:    T:0.59091    C:0.13636    A:0.09091    G:0.18182
position  2:    T:0.13636    C:0.18182    A:0.40909    G:0.27273
position  3:    T:0.13636    C:0.22727    A:0.27273    G:0.36364
Average         T:0.28788    C:0.18182    A:0.25758    G:0.27273

#3: LesserKudu     
position  1:    T:0.59091    C:0.13636    A:0.09091    G:0.18182
position  2:    T:0.13636    C:0.18182    A:0.40909    G:0.27273
position  3:    T:0.09091    C:0.22727    A:0.36364    G:0.31818
Average         T:0.27273    C:0.18182    A:0.28788    G:0.25758

#4: ForestMuskDeer2
position  1:    T:0.59091    C:0.13636    A:0.09091    G:0.18182
position  2:    T:0.13636    C:0.18182    A:0.40909    G:0.27273
position  3:    T:0.13636    C:0.18182    A:0.31818    G:0.36364
Average         T:0.28788    C:0.16667    A:0.27273    G:0.27273

#5: Camel          
position  1:    T:0.59091    C:0.13636    A:0.09091    G:0.18182
position  2:    T:0.13636    C:0.18182    A:0.40909    G:0.27273
position  3:    T:0.04545    C:0.27273    A:0.31818    G:0.36364
Average         T:0.25758    C:0.19697    A:0.27273    G:0.27273

#6: KillerWhale    
position  1:    T:0.59091    C:0.13636    A:0.09091    G:0.18182
position  2:    T:0.13636    C:0.18182    A:0.40909    G:0.27273
position  3:    T:0.04545    C:0.27273    A:0.27273    G:0.40909
Average         T:0.25758    C:0.19697    A:0.25758    G:0.28788

#7: DefassaWaterbuck
position  1:    T:0.59091    C:0.13636    A:0.09091    G:0.18182
position  2:    T:0.13636    C:0.18182    A:0.40909    G:0.27273
position  3:    T:0.09091    C:0.22727    A:0.27273    G:0.40909
Average         T:0.27273    C:0.18182    A:0.25758    G:0.28788

#8: Sheep          
position  1:    T:0.59091    C:0.13636    A:0.09091    G:0.18182
position  2:    T:0.13636    C:0.18182    A:0.40909    G:0.27273
position  3:    T:0.09091    C:0.22727    A:0.31818    G:0.36364
Average         T:0.27273    C:0.18182    A:0.27273    G:0.27273

#9: MaxwellsDuiker 
position  1:    T:0.59091    C:0.13636    A:0.09091    G:0.18182
position  2:    T:0.13636    C:0.18182    A:0.40909    G:0.27273
position  3:    T:0.09091    C:0.22727    A:0.31818    G:0.36364
Average         T:0.27273    C:0.18182    A:0.27273    G:0.27273

#10: GazellaPrzewalskyi
position  1:    T:0.59091    C:0.13636    A:0.09091    G:0.18182
position  2:    T:0.13636    C:0.18182    A:0.40909    G:0.27273
position  3:    T:0.09091    C:0.22727    A:0.31818    G:0.36364
Average         T:0.27273    C:0.18182    A:0.27273    G:0.27273

#11: MountainNyala  
position  1:    T:0.59091    C:0.13636    A:0.09091    G:0.18182
position  2:    T:0.13636    C:0.18182    A:0.40909    G:0.27273
position  3:    T:0.09091    C:0.22727    A:0.36364    G:0.31818
Average         T:0.27273    C:0.18182    A:0.28788    G:0.25758

#12: MuntiacusMuntjak
position  1:    T:0.59091    C:0.13636    A:0.09091    G:0.18182
position  2:    T:0.13636    C:0.18182    A:0.40909    G:0.27273
position  3:    T:0.09091    C:0.22727    A:0.36364    G:0.31818
Average         T:0.27273    C:0.18182    A:0.28788    G:0.25758

#13: goat           
position  1:    T:0.59091    C:0.13636    A:0.09091    G:0.18182
position  2:    T:0.13636    C:0.18182    A:0.40909    G:0.27273
position  3:    T:0.09091    C:0.22727    A:0.31818    G:0.36364
Average         T:0.27273    C:0.18182    A:0.27273    G:0.27273

#14: AfricanBuffalo 
position  1:    T:0.59091    C:0.13636    A:0.09091    G:0.18182
position  2:    T:0.13636    C:0.18182    A:0.40909    G:0.27273
position  3:    T:0.13636    C:0.18182    A:0.36364    G:0.31818
Average         T:0.28788    C:0.16667    A:0.28788    G:0.25758

#15: Topi           
position  1:    T:0.59091    C:0.13636    A:0.09091    G:0.18182
position  2:    T:0.13636    C:0.18182    A:0.40909    G:0.27273
position  3:    T:0.09091    C:0.22727    A:0.31818    G:0.36364
Average         T:0.27273    C:0.18182    A:0.27273    G:0.27273

#16: CommonDuiker   
position  1:    T:0.59091    C:0.13636    A:0.09091    G:0.18182
position  2:    T:0.13636    C:0.18182    A:0.40909    G:0.27273
position  3:    T:0.09091    C:0.22727    A:0.31818    G:0.36364
Average         T:0.27273    C:0.18182    A:0.27273    G:0.27273

#17: Suni           
position  1:    T:0.59091    C:0.13636    A:0.09091    G:0.18182
position  2:    T:0.13636    C:0.18182    A:0.40909    G:0.27273
position  3:    T:0.09091    C:0.22727    A:0.31818    G:0.36364
Average         T:0.27273    C:0.18182    A:0.27273    G:0.27273

#18: Springbuck     
position  1:    T:0.59091    C:0.13636    A:0.09091    G:0.18182
position  2:    T:0.13636    C:0.18182    A:0.40909    G:0.27273
position  3:    T:0.09091    C:0.22727    A:0.31818    G:0.36364
Average         T:0.27273    C:0.18182    A:0.27273    G:0.27273

#19: Okapi          
position  1:    T:0.59091    C:0.13636    A:0.09091    G:0.18182
position  2:    T:0.13636    C:0.18182    A:0.40909    G:0.27273
position  3:    T:0.04545    C:0.27273    A:0.31818    G:0.36364
Average         T:0.25758    C:0.19697    A:0.27273    G:0.27273

#20: Giraffe        
position  1:    T:0.59091    C:0.13636    A:0.09091    G:0.18182
position  2:    T:0.13636    C:0.18182    A:0.40909    G:0.27273
position  3:    T:0.09091    C:0.22727    A:0.31818    G:0.36364
Average         T:0.27273    C:0.18182    A:0.27273    G:0.27273

#21: TibetanAntelope
position  1:    T:0.59091    C:0.13636    A:0.09091    G:0.18182
position  2:    T:0.13636    C:0.18182    A:0.40909    G:0.27273
position  3:    T:0.09091    C:0.22727    A:0.36364    G:0.31818
Average         T:0.27273    C:0.18182    A:0.28788    G:0.25758

#22: Sitatunga      
position  1:    T:0.59091    C:0.13636    A:0.09091    G:0.18182
position  2:    T:0.13636    C:0.18182    A:0.40909    G:0.27273
position  3:    T:0.09091    C:0.22727    A:0.36364    G:0.31818
Average         T:0.27273    C:0.18182    A:0.28788    G:0.25758

#23: Oribi          
position  1:    T:0.59091    C:0.13636    A:0.09091    G:0.18182
position  2:    T:0.13636    C:0.18182    A:0.40909    G:0.27273
position  3:    T:0.09091    C:0.22727    A:0.31818    G:0.36364
Average         T:0.27273    C:0.18182    A:0.27273    G:0.27273

#24: BarbarySheep   
position  1:    T:0.59091    C:0.13636    A:0.09091    G:0.18182
position  2:    T:0.13636    C:0.18182    A:0.40909    G:0.27273
position  3:    T:0.09091    C:0.22727    A:0.27273    G:0.40909
Average         T:0.27273    C:0.18182    A:0.25758    G:0.28788

#25: Daviddeer      
position  1:    T:0.59091    C:0.13636    A:0.09091    G:0.18182
position  2:    T:0.13636    C:0.18182    A:0.40909    G:0.27273
position  3:    T:0.09091    C:0.22727    A:0.36364    G:0.31818
Average         T:0.27273    C:0.18182    A:0.28788    G:0.25758

#26: Reindeer       
position  1:    T:0.59091    C:0.13636    A:0.09091    G:0.18182
position  2:    T:0.13636    C:0.18182    A:0.40909    G:0.27273
position  3:    T:0.09091    C:0.22727    A:0.36364    G:0.31818
Average         T:0.27273    C:0.18182    A:0.28788    G:0.25758

#27: Ibex           
position  1:    T:0.59091    C:0.13636    A:0.09091    G:0.18182
position  2:    T:0.13636    C:0.18182    A:0.40909    G:0.27273
position  3:    T:0.09091    C:0.22727    A:0.31818    G:0.36364
Average         T:0.27273    C:0.18182    A:0.27273    G:0.27273

#28: GyrantGazelle  
position  1:    T:0.59091    C:0.13636    A:0.09091    G:0.18182
position  2:    T:0.13636    C:0.18182    A:0.40909    G:0.27273
position  3:    T:0.09091    C:0.22727    A:0.31818    G:0.36364
Average         T:0.27273    C:0.18182    A:0.27273    G:0.27273

#29: Hartebeest     
position  1:    T:0.59091    C:0.13636    A:0.09091    G:0.18182
position  2:    T:0.13636    C:0.18182    A:0.40909    G:0.27273
position  3:    T:0.09091    C:0.22727    A:0.31818    G:0.36364
Average         T:0.27273    C:0.18182    A:0.27273    G:0.27273

#30: Bongo          
position  1:    T:0.59091    C:0.13636    A:0.09091    G:0.18182
position  2:    T:0.13636    C:0.18182    A:0.40909    G:0.27273
position  3:    T:0.09091    C:0.22727    A:0.36364    G:0.31818
Average         T:0.27273    C:0.18182    A:0.28788    G:0.25758

#31: Gerenuk        
position  1:    T:0.59091    C:0.13636    A:0.09091    G:0.18182
position  2:    T:0.13636    C:0.18182    A:0.40909    G:0.27273
position  3:    T:0.09091    C:0.22727    A:0.31818    G:0.36364
Average         T:0.27273    C:0.18182    A:0.27273    G:0.27273

#32: CommonEland    
position  1:    T:0.59091    C:0.13636    A:0.09091    G:0.18182
position  2:    T:0.13636    C:0.18182    A:0.40909    G:0.27273
position  3:    T:0.09091    C:0.22727    A:0.40909    G:0.27273
Average         T:0.27273    C:0.18182    A:0.30303    G:0.24242

#33: MuntiacusReevesi
position  1:    T:0.59091    C:0.13636    A:0.09091    G:0.18182
position  2:    T:0.13636    C:0.18182    A:0.40909    G:0.27273
position  3:    T:0.09091    C:0.27273    A:0.36364    G:0.27273
Average         T:0.27273    C:0.19697    A:0.28788    G:0.24242

#34: HarveysDuiker  
position  1:    T:0.59091    C:0.13636    A:0.09091    G:0.18182
position  2:    T:0.13636    C:0.18182    A:0.40909    G:0.27273
position  3:    T:0.09091    C:0.22727    A:0.36364    G:0.31818
Average         T:0.27273    C:0.18182    A:0.28788    G:0.25758

#35: Pronghorn      
position  1:    T:0.59091    C:0.13636    A:0.09091    G:0.18182
position  2:    T:0.13636    C:0.18182    A:0.40909    G:0.27273
position  3:    T:0.09091    C:0.22727    A:0.31818    G:0.36364
Average         T:0.27273    C:0.18182    A:0.27273    G:0.27273

#36: BlueWildebeest 
position  1:    T:0.59091    C:0.13636    A:0.09091    G:0.18182
position  2:    T:0.13636    C:0.18182    A:0.40909    G:0.27273
position  3:    T:0.09091    C:0.22727    A:0.27273    G:0.40909
Average         T:0.27273    C:0.18182    A:0.25758    G:0.28788

#37: Gemsbok        
position  1:    T:0.54545    C:0.13636    A:0.13636    G:0.18182
position  2:    T:0.13636    C:0.18182    A:0.40909    G:0.27273
position  3:    T:0.09091    C:0.22727    A:0.27273    G:0.40909
Average         T:0.25758    C:0.18182    A:0.27273    G:0.28788

#38: Yak            
position  1:    T:0.59091    C:0.13636    A:0.09091    G:0.18182
position  2:    T:0.13636    C:0.18182    A:0.40909    G:0.27273
position  3:    T:0.09091    C:0.22727    A:0.36364    G:0.31818
Average         T:0.27273    C:0.18182    A:0.28788    G:0.25758

#39: BlueSheep      
position  1:    T:0.59091    C:0.13636    A:0.09091    G:0.18182
position  2:    T:0.13636    C:0.18182    A:0.40909    G:0.27273
position  3:    T:0.09091    C:0.22727    A:0.27273    G:0.40909
Average         T:0.27273    C:0.18182    A:0.25758    G:0.28788

#40: BohorReedbuck  
position  1:    T:0.59091    C:0.13636    A:0.09091    G:0.18182
position  2:    T:0.13636    C:0.18182    A:0.40909    G:0.27273
position  3:    T:0.09091    C:0.22727    A:0.27273    G:0.40909
Average         T:0.27273    C:0.18182    A:0.25758    G:0.28788

#41: KirksDik       
position  1:    T:0.59091    C:0.13636    A:0.09091    G:0.18182
position  2:    T:0.13636    C:0.18182    A:0.40909    G:0.27273
position  3:    T:0.09091    C:0.22727    A:0.31818    G:0.36364
Average         T:0.27273    C:0.18182    A:0.27273    G:0.27273

#42: RoeDeer        
position  1:    T:0.59091    C:0.13636    A:0.09091    G:0.18182
position  2:    T:0.13636    C:0.18182    A:0.40909    G:0.27273
position  3:    T:0.09091    C:0.22727    A:0.31818    G:0.36364
Average         T:0.27273    C:0.18182    A:0.27273    G:0.27273

#43: WhiteLippedDeer
position  1:    T:0.59091    C:0.13636    A:0.09091    G:0.18182
position  2:    T:0.13636    C:0.18182    A:0.40909    G:0.27273
position  3:    T:0.09091    C:0.22727    A:0.36364    G:0.31818
Average         T:0.27273    C:0.18182    A:0.28788    G:0.25758

#44: ThomsonGazelle 
position  1:    T:0.59091    C:0.13636    A:0.09091    G:0.18182
position  2:    T:0.13636    C:0.18182    A:0.40909    G:0.27273
position  3:    T:0.09091    C:0.22727    A:0.31818    G:0.36364
Average         T:0.27273    C:0.18182    A:0.27273    G:0.27273

#45: MuntiacusCrinifrons
position  1:    T:0.59091    C:0.13636    A:0.09091    G:0.18182
position  2:    T:0.13636    C:0.18182    A:0.40909    G:0.27273
position  3:    T:0.09091    C:0.22727    A:0.36364    G:0.31818
Average         T:0.27273    C:0.18182    A:0.28788    G:0.25758

#46: WhiteTailedDeer
position  1:    T:0.59091    C:0.13636    A:0.09091    G:0.18182
position  2:    T:0.13636    C:0.18182    A:0.40909    G:0.27273
position  3:    T:0.09091    C:0.22727    A:0.36364    G:0.31818
Average         T:0.27273    C:0.18182    A:0.28788    G:0.25758

#47: Cattle         
position  1:    T:0.59091    C:0.13636    A:0.09091    G:0.18182
position  2:    T:0.13636    C:0.18182    A:0.40909    G:0.27273
position  3:    T:0.09091    C:0.22727    A:0.36364    G:0.31818
Average         T:0.27273    C:0.18182    A:0.28788    G:0.25758

#48: RoyalAntelope  
position  1:    T:0.59091    C:0.13636    A:0.09091    G:0.18182
position  2:    T:0.13636    C:0.18182    A:0.40909    G:0.27273
position  3:    T:0.13636    C:0.22727    A:0.31818    G:0.31818
Average         T:0.28788    C:0.18182    A:0.27273    G:0.25758

#49: Steenbok       
position  1:    T:0.59091    C:0.13636    A:0.09091    G:0.18182
position  2:    T:0.13636    C:0.18182    A:0.40909    G:0.27273
position  3:    T:0.09091    C:0.22727    A:0.31818    G:0.36364
Average         T:0.27273    C:0.18182    A:0.27273    G:0.27273

#50: Impala         
position  1:    T:0.59091    C:0.13636    A:0.09091    G:0.18182
position  2:    T:0.13636    C:0.18182    A:0.40909    G:0.27273
position  3:    T:0.09091    C:0.22727    A:0.27273    G:0.40909
Average         T:0.27273    C:0.18182    A:0.25758    G:0.28788

#51: Klipspringer   
position  1:    T:0.59091    C:0.13636    A:0.09091    G:0.18182
position  2:    T:0.13636    C:0.18182    A:0.40909    G:0.27273
