1
52 1
Argali 0.000000 0.142100 0.056600 0.150300 0.046900 0.000000 0.047700 0.038200 0.066900 0.057900 0.000000 0.037800 0.057200 0.047100 0.047100 0.047400 0.056900 0.028300 0.018600 0.066900 0.047400 0.000000 0.038300 0.068600 0.000000 0.037900 0.047800 0.086800 0.037900 0.066900 0.068400 0.037800 0.057100 0.057400 0.037700 0.028000 0.000000 0.047000 0.058300 0.078400 0.088100 0.057500 0.058100 0.068200 0.028000 0.066100 0.028400 0.057300 0.028400 0.086300 0.066500 0.066900
LesserMous 0.142100 0.000000 0.168000 0.216400 0.128900 0.142100 0.158000 0.145000 0.181600 0.146700 0.142500 0.139300 0.144100 0.129500 0.164200 0.110700 0.171200 0.135700 0.165100 0.181600 0.120300 0.142100 0.121400 0.156500 0.142500 0.109100 0.151900 0.206000 0.108700 0.181600 0.160800 0.143000 0.137300 0.139600 0.114300 0.137800 0.142500 0.128800 0.180700 0.162600 0.180400 0.132700 0.147600 0.148500 0.138200 0.155700 0.132500 0.136900 0.130700 0.184500 0.156100 0.181600
LesserKudu 0.056600 0.168000 0.000000 0.159400 0.073700 0.056600 0.066500 0.057100 0.037000 0.077000 0.056700 0.045500 0.076200 0.065800 0.065800 0.066200 0.075600 0.046900 0.056500 0.037000 0.066200 0.056600 0.057200 0.088000 0.056700 0.056700 0.066700 0.056000 0.056700 0.037000 0.087700 0.056400 0.076000 0.076400 0.056400 0.035000 0.056700 0.065700 0.077500 0.097900 0.107600 0.076500 0.077200 0.087400 0.034600 0.065300 0.047200 0.076200 0.047200 0.105400 0.036800 0.037000
KillerWhal 0.150300 0.216400 0.159400 0.000000 0.159500 0.150300 0.150200 0.152600 0.162100 0.157800 0.150900 0.141900 0.160700 0.137000 0.168100 0.150500 0.161600 0.138900 0.162000 0.162100 0.150800 0.150300 0.127500 0.143000 0.150900 0.139800 0.161800 0.185100 0.139800 0.162100 0.164000 0.149400 0.167200 0.149700 0.148400 0.141900 0.150900 0.148800 0.164400 0.176300 0.185300 0.162900 0.151500 0.152200 0.142000 0.162900 0.140000 0.173700 0.139400 0.197500 0.160800 0.162100
DefassaWat 0.046900 0.128900 0.073700 0.159500 0.000000 0.046900 0.056700 0.047400 0.083400 0.067000 0.047000 0.047100 0.046900 0.056100 0.056100 0.056500 0.066000 0.037400 0.066200 0.083400 0.056600 0.046900 0.047400 0.077700 0.047000 0.047100 0.056900 0.103900 0.047100 0.083400 0.077500 0.046800 0.046800 0.066500 0.027800 0.037200 0.047000 0.018300 0.067600 0.067100 0.097200 0.066700 0.067200 0.077300 0.037100 0.075000 0.037600 0.046900 0.037600 0.095200 0.062600 0.083400
Sheep 0.000000 0.142100 0.056600 0.150300 0.046900 0.000000 0.047700 0.038200 0.066900 0.057900 0.000000 0.037800 0.057200 0.047100 0.047100 0.047400 0.056900 0.028300 0.018600 0.066900 0.047400 0.000000 0.038300 0.068600 0.000000 0.037900 0.047800 0.086800 0.037900 0.066900 0.068400 0.037800 0.057100 0.057400 0.037700 0.028000 0.000000 0.047000 0.058300 0.078400 0.088100 0.057500 0.058100 0.068200 0.028000 0.066100 0.028400 0.057300 0.028400 0.086300 0.066500 0.066900
MaxwellsDu 0.047700 0.158000 0.066500 0.150200 0.056700 0.047700 0.000000 0.045800 0.077000 0.061300 0.047700 0.047600 0.047400 0.037600 0.056900 0.055100 0.044700 0.038000 0.067200 0.077000 0.055300 0.047700 0.040400 0.072600 0.047700 0.045400 0.038000 0.097200 0.045200 0.077000 0.061700 0.028200 0.067100 0.047600 0.028000 0.037600 0.047700 0.037500 0.045700 0.083100 0.071000 0.065800 0.061600 0.071900 0.037500 0.076200 0.034600 0.067300 0.038200 0.056500 0.076600 0.077000
GazellaPrz 0.038200 0.145000 0.057100 0.152600 0.047400 0.038200 0.045800 0.000000 0.067500 0.058400 0.038300 0.038200 0.056500 0.046500 0.047600 0.048000 0.057600 0.028600 0.057700 0.067500 0.047800 0.038200 0.038500 0.069200 0.038300 0.038200 0.047100 0.087600 0.038400 0.067500 0.069000 0.037100 0.057600 0.057100 0.036400 0.028300 0.038300 0.043400 0.059100 0.079000 0.087200 0.058000 0.058500 0.068700 0.028200 0.066700 0.028800 0.057800 0.028700 0.085700 0.067000 0.067500
MountainNy 0.066900 0.181600 0.037000 0.162100 0.083400 0.066900 0.077000 0.067500 0.000000 0.087700 0.067000 0.054800 0.086800 0.056500 0.076200 0.076600 0.086200 0.057000 0.086700 0.000000 0.076600 0.066900 0.067700 0.078300 0.067000 0.066900 0.077200 0.018400 0.067000 0.000000 0.098700 0.047100 0.086600 0.087000 0.066600 0.044300 0.067000 0.076100 0.088400 0.109100 0.118900 0.087100 0.088000 0.096500 0.043900 0.075500 0.057400 0.066800 0.057400 0.116300 0.018400 0.000000
MuntiacusM 0.057900 0.146700 0.077000 0.157800 0.067000 0.057900 0.061300 0.058400 0.087700 0.000000 0.058000 0.057800 0.077900 0.047600 0.067300 0.067600 0.057400 0.048000 0.077700 0.087700 0.067700 0.057900 0.018700 0.048000 0.058000 0.057900 0.068200 0.108300 0.057900 0.087700 0.009400 0.057800 0.077700 0.057900 0.057600 0.047600 0.058000 0.067100 0.079300 0.057600 0.066800 0.078200 0.000000 0.047700 0.047500 0.066800 0.048300 0.078000 0.048300 0.107900 0.087200 0.087700
goat 0.000000 0.142500 0.056700 0.150900 0.047000 0.000000 0.047700 0.038300 0.067000 0.058000 0.000000 0.037900 0.057300 0.047200 0.047200 0.047500 0.057000 0.028300 0.018600 0.067000 0.047500 0.000000 0.038300 0.068700 0.000000 0.038000 0.047800 0.087000 0.038000 0.067000 0.068500 0.037800 0.057200 0.057400 0.037700 0.028100 0.000000 0.047100 0.058400 0.078500 0.088200 0.057600 0.058200 0.068300 0.028000 0.066300 0.028500 0.057400 0.028500 0.086300 0.066600 0.067000
AfricanBuf 0.037800 0.139300 0.045500 0.141900 0.047100 0.037800 0.047600 0.038200 0.054800 0.057800 0.037900 0.000000 0.057100 0.047100 0.047200 0.047500 0.056900 0.028200 0.057100 0.054800 0.047500 0.037800 0.038200 0.068500 0.037900 0.038000 0.047700 0.075000 0.038000 0.054800 0.068300 0.037700 0.057000 0.057300 0.037600 0.009200 0.037900 0.047000 0.058300 0.078400 0.088000 0.057600 0.058000 0.068100 0.009200 0.066100 0.028400 0.057300 0.028400 0.086100 0.054100 0.054800
Topi 0.057200 0.144100 0.076200 0.160700 0.046900 0.057200 0.047400 0.056500 0.086800 0.077900 0.057300 0.057100 0.000000 0.047000 0.066500 0.065700 0.075200 0.047400 0.057100 0.086800 0.065900 0.057200 0.057900 0.089000 0.057300 0.056100 0.009300 0.107100 0.055900 0.086800 0.088700 0.037600 0.057100 0.018700 0.018600 0.047000 0.057300 0.047000 0.082500 0.098900 0.087900 0.076400 0.078100 0.088400 0.046900 0.093500 0.050200 0.057200 0.047700 0.086200 0.066500 0.086800
CommonDuik 0.047100 0.129500 0.065800 0.137000 0.056100 0.047100 0.037600 0.046500 0.056500 0.047600 0.047200 0.047100 0.047000 0.000000 0.056300 0.055600 0.065000 0.037500 0.066400 0.056500 0.055700 0.047100 0.028300 0.058000 0.047200 0.046100 0.037600 0.076000 0.045900 0.056500 0.057800 0.009200 0.066400 0.028000 0.027800 0.037200 0.047200 0.056200 0.066500 0.067600 0.057200 0.066000 0.047700 0.057600 0.037100 0.055900 0.035600 0.047000 0.037800 0.075500 0.075700 0.056500
Suni 0.047100 0.164200 0.065800 0.168100 0.056100 0.047100 0.056900 0.047600 0.076200 0.067300 0.047200 0.047200 0.066500 0.056300 0.000000 0.056700 0.066200 0.037600 0.066400 0.076200 0.056800 0.047100 0.047700 0.078100 0.047200 0.047200 0.057100 0.096200 0.047200 0.076200 0.077900 0.047000 0.066400 0.066700 0.046900 0.037300 0.047200 0.056200 0.075300 0.087900 0.077200 0.066900 0.067500 0.077600 0.037200 0.075200 0.037800 0.047000 0.028100 0.075500 0.075700 0.076200
Springbuck 0.047400 0.110700 0.066200 0.150500 0.056500 0.047400 0.055100 0.048000 0.076600 0.067600 0.047500 0.047500 0.065700 0.055600 0.056700 0.000000 0.066700 0.037800 0.066800 0.076600 0.018700 0.047400 0.047900 0.078500 0.047500 0.009400 0.056300 0.096700 0.009400 0.076600 0.078300 0.046200 0.066800 0.066200 0.045600 0.037500 0.047500 0.056600 0.068400 0.088300 0.096500 0.028400 0.067800 0.057900 0.037400 0.075800 0.038100 0.066900 0.037900 0.094700 0.076200 0.076600
Okapi 0.056900 0.171200 0.075600 0.161600 0.066000 0.056900 0.044700 0.057600 0.086200 0.057400 0.057000 0.056900 0.075200 0.065000 0.066200 0.066700 0.000000 0.047200 0.076400 0.086200 0.066800 0.056900 0.057500 0.088300 0.057000 0.057200 0.065800 0.106400 0.057200 0.086200 0.067800 0.055600 0.076300 0.075800 0.055100 0.046800 0.057000 0.046700 0.058100 0.098300 0.106500 0.077100 0.057500 0.087800 0.046800 0.085200 0.047600 0.076600 0.047400 0.094700 0.085700 0.086200
Giraffe 0.028300 0.135700 0.046900 0.138900 0.037400 0.028300 0.038000 0.028600 0.057000 0.048000 0.028300 0.028200 0.047400 0.037500 0.037600 0.037800 0.047200 0.000000 0.047400 0.057000 0.037800 0.028300 0.028500 0.058500 0.028300 0.028300 0.038000 0.076800 0.028300 0.057000 0.058400 0.028200 0.047300 0.047600 0.028100 0.018600 0.028300 0.037400 0.048400 0.068300 0.077900 0.047800 0.048200 0.058100 0.018600 0.056400 0.018900 0.047500 0.018900 0.076400 0.056600 0.057000
TibetanAnt 0.018600 0.165100 0.056500 0.162000 0.066200 0.018600 0.067200 0.057700 0.086700 0.077700 0.018600 0.057100 0.057100 0.066400 0.066400 0.066800 0.076400 0.047400 0.000000 0.086700 0.066900 0.018600 0.057800 0.088900 0.018600 0.057200 0.047700 0.107000 0.057300 0.086700 0.088600 0.057000 0.076700 0.057300 0.056900 0.047000 0.018600 0.066400 0.077700 0.098700 0.108600 0.077200 0.078000 0.088300 0.046900 0.085700 0.047700 0.076900 0.047700 0.106200 0.086200 0.086700
Sitatunga 0.066900 0.181600 0.037000 0.162100 0.083400 0.066900 0.077000 0.067500 0.000000 0.087700 0.067000 0.054800 0.086800 0.056500 0.076200 0.076600 0.086200 0.057000 0.086700 0.000000 0.076600 0.066900 0.067700 0.078300 0.067000 0.066900 0.077200 0.017300 0.067000 0.000000 0.098700 0.047100 0.086600 0.087000 0.066600 0.044300 0.067000 0.076100 0.088400 0.109100 0.118900 0.087100 0.088000 0.096500 0.043900 0.075500 0.057400 0.066800 0.057400 0.116300 0.018400 0.000000
Oribi 0.047400 0.120300 0.066200 0.150800 0.056600 0.047400 0.055300 0.047800 0.076600 0.067700 0.047500 0.047500 0.065900 0.055700 0.056800 0.018700 0.066800 0.037800 0.066900 0.076600 0.000000 0.047400 0.047900 0.078600 0.047500 0.009300 0.056500 0.096700 0.009400 0.076600 0.078300 0.046400 0.066800 0.066400 0.045800 0.037500 0.047500 0.056600 0.068500 0.088400 0.096600 0.028300 0.067900 0.058000 0.037500 0.075800 0.038100 0.067000 0.038000 0.094900 0.076200 0.076600
BarbaryShe 0.000000 0.142100 0.056600 0.150300 0.046900 0.000000 0.047700 0.038200 0.066900 0.057900 0.000000 0.037800 0.057200 0.047100 0.047100 0.047400 0.056900 0.028300 0.018600 0.066900 0.047400 0.000000 0.038300 0.068600 0.000000 0.037900 0.047800 0.086800 0.037900 0.066900 0.068400 0.037800 0.057100 0.057400 0.037700 0.028000 0.000000 0.047000 0.058300 0.078400 0.088100 0.057500 0.058100 0.068200 0.028000 0.066100 0.028400 0.057300 0.028400 0.086300 0.066500 0.066900
Daviddeer 0.038300 0.121400 0.057200 0.127500 0.047400 0.038300 0.040400 0.038500 0.067700 0.018700 0.038300 0.038200 0.057900 0.028300 0.047700 0.047900 0.057500 0.028500 0.057800 0.067700 0.047900 0.038300 0.000000 0.028600 0.038300 0.038200 0.048300 0.087800 0.038200 0.067700 0.028400 0.038200 0.047900 0.038300 0.038000 0.028300 0.038300 0.047500 0.068300 0.038100 0.046800 0.058100 0.018800 0.028000 0.028200 0.047200 0.028600 0.057300 0.028800 0.077500 0.067300 0.067700
Reindeer 0.068600 0.156500 0.088000 0.143000 0.077700 0.068600 0.072600 0.069200 0.078300 0.048000 0.068700 0.068500 0.089000 0.058000 0.078100 0.078500 0.088300 0.058500 0.088900 0.078300 0.078600 0.068600 0.028600 0.000000 0.068700 0.068700 0.079200 0.098800 0.068700 0.078300 0.058300 0.068400 0.068400 0.068600 0.068300 0.058000 0.068700 0.077900 0.090600 0.047600 0.077700 0.089400 0.048100 0.037800 0.057900 0.077500 0.058900 0.089100 0.058900 0.119500 0.077800 0.078300
Ibex 0.000000 0.142500 0.056700 0.150900 0.047000 0.000000 0.047700 0.038300 0.067000 0.058000 0.000000 0.037900 0.057300 0.047200 0.047200 0.047500 0.057000 0.028300 0.018600 0.067000 0.047500 0.000000 0.038300 0.068700 0.000000 0.038000 0.047800 0.087000 0.038000 0.067000 0.068500 0.037800 0.057200 0.057400 0.037700 0.028100 0.000000 0.047100 0.058400 0.078500 0.088200 0.057600 0.058200 0.068300 0.028000 0.066300 0.028500 0.057400 0.028500 0.086300 0.066600 0.067000
GyrantGaze 0.037900 0.109100 0.056700 0.139800 0.047100 0.037900 0.045400 0.038200 0.066900 0.057900 0.038000 0.038000 0.056100 0.046100 0.047200 0.009400 0.057200 0.028300 0.057200 0.066900 0.009300 0.037900 0.038200 0.068700 0.038000 0.000000 0.046700 0.086900 0.000000 0.066900 0.068400 0.036700 0.057200 0.056700 0.036000 0.028100 0.038000 0.047100 0.058600 0.078500 0.086500 0.018800 0.058100 0.048200 0.028100 0.066300 0.028600 0.057300 0.028400 0.085100 0.066600 0.066900
Hartebeest 0.047800 0.151900 0.066700 0.161800 0.056900 0.047800 0.038000 0.047100 0.077200 0.068200 0.047800 0.047700 0.009300 0.037600 0.057100 0.056300 0.065800 0.038000 0.047700 0.077200 0.056500 0.047800 0.048300 0.079200 0.047800 0.046700 0.000000 0.097500 0.046500 0.077200 0.079000 0.028300 0.067300 0.009400 0.028200 0.037700 0.047800 0.057000 0.066100 0.089100 0.078200 0.066900 0.068400 0.078700 0.037600 0.076400 0.035900 0.067500 0.038300 0.076600 0.076800 0.077200
Bongo 0.086800 0.206000 0.056000 0.185100 0.103900 0.086800 0.097200 0.087600 0.018400 0.108300 0.087000 0.075000 0.107100 0.076000 0.096200 0.096700 0.106400 0.076800 0.107000 0.017300 0.096700 0.086800 0.087800 0.098800 0.087000 0.086900 0.097500 0.000000 0.087000 0.018400 0.119700 0.066600 0.106900 0.107400 0.086400 0.064300 0.087000 0.096000 0.109100 0.130200 0.140100 0.107500 0.108600 0.117700 0.063900 0.095300 0.077300 0.086700 0.077300 0.137100 0.037000 0.018400
Gerenuk 0.037900 0.108700 0.056700 0.139800 0.047100 0.037900 0.045200 0.038400 0.067000 0.057900 0.038000 0.038000 0.055900 0.045900 0.047200 0.009400 0.057200 0.028300 0.057300 0.067000 0.009400 0.037900 0.038200 0.068700 0.038000 0.000000 0.046500 0.087000 0.000000 0.067000 0.068500 0.036500 0.057200 0.056500 0.035800 0.028100 0.038000 0.047100 0.058600 0.078500 0.086400 0.018900 0.058100 0.048200 0.028100 0.066300 0.028600 0.057300 0.028400 0.085000 0.066600 0.067000
CommonElan 0.066900 0.181600 0.037000 0.162100 0.083400 0.066900 0.077000 0.067500 0.000000 0.087700 0.067000 0.054800 0.086800 0.056500 0.076200 0.076600 0.086200 0.057000 0.086700 0.000000 0.076600 0.066900 0.067700 0.078300 0.067000 0.066900 0.077200 0.018400 0.067000 0.000000 0.098700 0.047100 0.086600 0.087000 0.066600 0.044300 0.067000 0.076100 0.088400 0.109100 0.118900 0.087100 0.088000 0.096500 0.043900 0.075500 0.057400 0.066800 0.057400 0.116300 0.018400 0.000000
MuntiacusR 0.068400 0.160800 0.087700 0.164000 0.077500 0.068400 0.061700 0.069000 0.098700 0.009400 0.068500 0.068300 0.088700 0.057800 0.077900 0.078300 0.067800 0.058400 0.088600 0.098700 0.078300 0.068400 0.028400 0.058300 0.068500 0.068400 0.079000 0.119700 0.068500 0.098700 0.000000 0.068200 0.088600 0.068400 0.068100 0.057800 0.068500 0.077700 0.090300 0.068000 0.077300 0.089100 0.009400 0.057900 0.057700 0.077300 0.058700 0.088800 0.058700 0.108500 0.098100 0.098700
HarveysDui 0.037800 0.143000 0.056400 0.149400 0.046800 0.037800 0.028200 0.037100 0.047100 0.057800 0.037800 0.037700 0.037600 0.009200 0.047000 0.046200 0.055600 0.028200 0.057000 0.047100 0.046400 0.037800 0.038200 0.068400 0.037800 0.036700 0.028300 0.066600 0.036500 0.047100 0.068200 0.000000 0.057000 0.037700 0.018600 0.027900 0.037800 0.046900 0.056900 0.078200 0.067500 0.056600 0.057900 0.068000 0.027900 0.066000 0.025800 0.037600 0.028400 0.066200 0.066300 0.047100
Pronghorn 0.057100 0.137300 0.076000 0.167200 0.046800 0.057100 0.067100 0.057600 0.086600 0.077700 0.057200 0.057000 0.057100 0.066400 0.066400 0.066800 0.076300 0.047300 0.076700 0.086600 0.066800 0.057100 0.047900 0.068400 0.057200 0.057200 0.067300 0.106900 0.057200 0.086600 0.088600 0.057000 0.000000 0.077100 0.037500 0.046900 0.057200 0.046900 0.068200 0.098800 0.098300 0.077200 0.077900 0.078200 0.046800 0.085600 0.047600 0.047500 0.047600 0.086200 0.066400 0.086600
BlueWildeb 0.057400 0.139600 0.076400 0.149700 0.066500 0.057400 0.047600 0.057100 0.087000 0.057900 0.057400 0.057300 0.018700 0.028000 0.066700 0.066200 0.075800 0.047600 0.057300 0.087000 0.066400 0.057400 0.038300 0.068600 0.057400 0.056700 0.009400 0.107400 0.056500 0.087000 0.068400 0.037700 0.077100 0.000000 0.037700 0.047200 0.057400 0.066600 0.076800 0.078400 0.067800 0.076900 0.058100 0.068200 0.047100 0.066200 0.046100 0.077200 0.047900 0.086400 0.086500 0.087000
Gemsbok 0.037700 0.114300 0.056400 0.148400 0.027800 0.037700 0.028000 0.036400 0.066600 0.057600 0.037700 0.037600 0.018600 0.027800 0.046900 0.045600 0.055100 0.028100 0.056900 0.066600 0.045800 0.037700 0.038000 0.068300 0.037700 0.036000 0.028200 0.086400 0.035800 0.066600 0.068100 0.018600 0.037500 0.037700 0.000000 0.027800 0.037700 0.027800 0.056300 0.078000 0.067400 0.056000 0.057800 0.067800 0.027800 0.065900 0.025000 0.037600 0.028300 0.066000 0.046900 0.066600
Yak 0.028000 0.137800 0.035000 0.141900 0.037200 0.028000 0.037600 0.028300 0.044300 0.047600 0.028100 0.009200 0.047000 0.037200 0.037300 0.037500 0.046800 0.018600 0.047000 0.044300 0.037500 0.028000 0.028300 0.058000 0.028100 0.028100 0.037700 0.064300 0.028100 0.044300 0.057800 0.027900 0.046900 0.047200 0.027800 0.000000 0.028100 0.037100 0.048000 0.067700 0.077200 0.047400 0.047700 0.057600 0.000000 0.055900 0.018700 0.047100 0.018700 0.075700 0.043700 0.044300
BlueSheep 0.000000 0.142500 0.056700 0.150900 0.047000 0.000000 0.047700 0.038300 0.067000 0.058000 0.000000 0.037900 0.057300 0.047200 0.047200 0.047500 0.057000 0.028300 0.018600 0.067000 0.047500 0.000000 0.038300 0.068700 0.000000 0.038000 0.047800 0.087000 0.038000 0.067000 0.068500 0.037800 0.057200 0.057400 0.037700 0.028100 0.000000 0.047100 0.058400 0.078500 0.088200 0.057600 0.058200 0.068300 0.028000 0.066300 0.028500 0.057400 0.028500 0.086300 0.066600 0.067000
BohorReedb 0.047000 0.128800 0.065700 0.148800 0.018300 0.047000 0.037500 0.043400 0.076100 0.067100 0.047100 0.047000 0.047000 0.056200 0.056200 0.056600 0.046700 0.037400 0.066400 0.076100 0.056600 0.047000 0.047500 0.077900 0.047100 0.047100 0.057000 0.096000 0.047100 0.076100 0.077700 0.046900 0.046900 0.066600 0.027800 0.037100 0.047100 0.000000 0.047800 0.067300 0.097500 0.066700 0.067300 0.077500 0.037000 0.075200 0.037600 0.047000 0.037700 0.095400 0.056200 0.076100
KirksDik 0.058300 0.180700 0.077500 0.164400 0.067600 0.058300 0.045700 0.059100 0.088400 0.079300 0.058400 0.058300 0.082500 0.066500 0.075300 0.068400 0.058100 0.048400 0.077700 0.088400 0.068500 0.058300 0.068300 0.090600 0.058400 0.058600 0.066100 0.109100 0.058600 0.088400 0.090300 0.056900 0.068200 0.076800 0.056300 0.048000 0.058400 0.047800 0.000000 0.100700 0.118600 0.079100 0.079500 0.099400 0.047900 0.087400 0.048900 0.087700 0.048600 0.096700 0.087900 0.088400
RoeDeer 0.078400 0.162600 0.097900 0.176300 0.067100 0.078400 0.083100 0.079000 0.109100 0.057600 0.078500 0.078400 0.098900 0.067600 0.087900 0.088300 0.098300 0.068300 0.098700 0.109100 0.088400 0.078400 0.038100 0.047600 0.078500 0.078500 0.089100 0.130200 0.078500 0.109100 0.068000 0.078200 0.098800 0.078400 0.078000 0.067700 0.078500 0.067300 0.100700 0.000000 0.087500 0.099300 0.057800 0.047300 0.067600 0.087100 0.068700 0.078300 0.068600 0.108400 0.108500 0.109100
WhiteLippe 0.088100 0.180400 0.107600 0.185300 0.097200 0.088100 0.071000 0.087200 0.118900 0.066800 0.088200 0.088000 0.087900 0.057200 0.077200 0.096500 0.106500 0.077900 0.108600 0.118900 0.096600 0.088100 0.046800 0.077700 0.088200 0.086500 0.078200 0.140100 0.086400 0.118900 0.077300 0.067500 0.098300 0.067800 0.067400 0.077200 0.088200 0.097500 0.118600 0.087500 0.000000 0.107700 0.067000 0.076300 0.077100 0.096800 0.055400 0.107600 0.078600 0.087100 0.118300 0.118900
ThomsonGaz 0.057500 0.132700 0.076500 0.162900 0.066700 0.057500 0.065800 0.058000 0.087100 0.078200 0.057600 0.057600 0.076400 0.066000 0.066900 0.028400 0.077100 0.047800 0.077200 0.087100 0.028300 0.057500 0.058100 0.089400 0.057600 0.018800 0.066900 0.107500 0.018900 0.087100 0.089100 0.056600 0.077200 0.076900 0.056000 0.047400 0.057600 0.066700 0.079100 0.099300 0.107700 0.000000 0.078400 0.068400 0.047300 0.086300 0.048200 0.077300 0.048000 0.105800 0.086600 0.087100
MuntiacusC 0.058100 0.147600 0.077200 0.151500 0.067200 0.058100 0.061600 0.058500 0.088000 0.000000 0.058200 0.058000 0.078100 0.047700 0.067500 0.067800 0.057500 0.048200 0.078000 0.088000 0.067900 0.058100 0.018800 0.048100 0.058200 0.058100 0.068400 0.108600 0.058100 0.088000 0.009400 0.057900 0.077900 0.058100 0.057800 0.047700 0.058200 0.067300 0.079500 0.057800 0.067000 0.078400 0.000000 0.047800 0.047600 0.066900 0.048400 0.078200 0.048400 0.108200 0.087500 0.088000
WhiteTaile 0.068200 0.148500 0.087400 0.152200 0.077300 0.068200 0.071900 0.068700 0.096500 0.047700 0.068300 0.068100 0.088400 0.057600 0.077600 0.057900 0.087800 0.058100 0.088300 0.096500 0.058000 0.068200 0.028000 0.037800 0.068300 0.048200 0.078700 0.117700 0.048200 0.096500 0.057900 0.068000 0.078200 0.068200 0.067800 0.057600 0.068300 0.077500 0.099400 0.047300 0.076300 0.068400 0.047800 0.000000 0.057500 0.077000 0.058400 0.087400 0.058500 0.108500 0.095900 0.096500
Cattle 0.028000 0.138200 0.034600 0.142000 0.037100 0.028000 0.037500 0.028200 0.043900 0.047500 0.028000 0.009200 0.046900 0.037100 0.037200 0.037400 0.046800 0.018600 0.046900 0.043900 0.037500 0.028000 0.028200 0.057900 0.028000 0.028100 0.037600 0.063900 0.028100 0.043900 0.057700 0.027900 0.046800 0.047100 0.027800 0.000000 0.028000 0.037000 0.047900 0.067600 0.077100 0.047300 0.047600 0.057500 0.000000 0.055800 0.018700 0.047000 0.018700 0.075600 0.043300 0.043900
RoyalAntel 0.066100 0.155700 0.065300 0.162900 0.075000 0.066100 0.076200 0.066700 0.075500 0.066800 0.066300 0.066100 0.093500 0.055900 0.075200 0.075800 0.085200 0.056400 0.085700 0.075500 0.075800 0.066100 0.047200 0.077500 0.066300 0.066300 0.076400 0.095300 0.066300 0.075500 0.077300 0.066000 0.085600 0.066200 0.065900 0.055900 0.066300 0.075200 0.087400 0.087100 0.096800 0.086300 0.066900 0.077000 0.055800 0.000000 0.056800 0.085800 0.056800 0.115200 0.075100 0.075500
Steenbok 0.028400 0.132500 0.047200 0.140000 0.037600 0.028400 0.034600 0.028800 0.057400 0.048300 0.028500 0.028400 0.050200 0.035600 0.037800 0.038100 0.047600 0.018900 0.047700 0.057400 0.038100 0.028400 0.028600 0.058900 0.028500 0.028600 0.035900 0.077300 0.028600 0.057400 0.058700 0.025800 0.047600 0.046100 0.025000 0.018700 0.028500 0.037600 0.048900 0.068700 0.055400 0.048200 0.048400 0.058400 0.018700 0.056800 0.000000 0.047800 0.018900 0.075100 0.057000 0.057400
Impala 0.057300 0.136900 0.076200 0.173700 0.046900 0.057300 0.067300 0.057800 0.066800 0.078000 0.057400 0.057300 0.057200 0.047000 0.047000 0.066900 0.076600 0.047500 0.076900 0.066800 0.067000 0.057300 0.057300 0.089100 0.057400 0.057300 0.067500 0.086700 0.057300 0.066800 0.088800 0.037600 0.047500 0.077200 0.037600 0.047100 0.057400 0.047000 0.087700 0.078300 0.107600 0.077300 0.078200 0.087400 0.047000 0.085800 0.047800 0.000000 0.038000 0.076400 0.066600 0.066800
Klipspring 0.028400 0.130700 0.047200 0.139400 0.037600 0.028400 0.038200 0.028700 0.057400 0.048300 0.028500 0.028400 0.047700 0.037800 0.028100 0.037900 0.047400 0.018900 0.047700 0.057400 0.038000 0.028400 0.028800 0.058900 0.028500 0.028400 0.038300 0.077300 0.028400 0.057400 0.058700 0.028400 0.047600 0.047900 0.028300 0.018700 0.028500 0.037700 0.048600 0.068600 0.078600 0.048000 0.048400 0.058500 0.018700 0.056800 0.018900 0.038000 0.000000 0.076800 0.057000 0.057400
ForestMusk 0.086300 0.184500 0.105400 0.197500 0.095200 0.086300 0.056500 0.085700 0.116300 0.107900 0.086300 0.086100 0.086200 0.075500 0.075500 0.094700 0.094700 0.076400 0.106200 0.116300 0.094900 0.086300 0.077500 0.119500 0.086300 0.085100 0.076600 0.137100 0.085000 0.116300 0.108500 0.066200 0.086200 0.086400 0.066000 0.075700 0.086300 0.095400 0.096700 0.108400 0.087100 0.105800 0.108200 0.108500 0.075600 0.115200 0.075100 0.076400 0.076800 0.000000 0.115800 0.116300
Bushbuck 0.066500 0.156100 0.036800 0.160800 0.062600 0.066500 0.076600 0.067000 0.018400 0.087200 0.066600 0.054100 0.066500 0.075700 0.075700 0.076200 0.085700 0.056600 0.086200 0.018400 0.076200 0.066500 0.067300 0.077800 0.066600 0.066600 0.076800 0.037000 0.066600 0.018400 0.098100 0.066300 0.066400 0.086500 0.046900 0.043700 0.066600 0.056200 0.087900 0.108500 0.118300 0.086600 0.087500 0.095900 0.043300 0.075100 0.057000 0.066600 0.057000 0.115800 0.000000 0.018400
GreaterKud 0.066900 0.181600 0.037000 0.162100 0.083400 0.066900 0.077000 0.067500 0.000000 0.087700 0.067000 0.054800 0.086800 0.056500 0.076200 0.076600 0.086200 0.057000 0.086700 0.000000 0.076600 0.066900 0.067700 0.078300 0.067000 0.066900 0.077200 0.018400 0.067000 0.000000 0.098700 0.047100 0.086600 0.087000 0.066600 0.044300 0.067000 0.076100 0.088400 0.109100 0.118900 0.087100 0.088000 0.096500 0.043900 0.075500 0.057400 0.066800 0.057400 0.116300 0.018400 0.000000
