1
52 1
Argali 0.000000 0.083000 0.015400 0.078100 0.043700 0.000000 0.030900 0.024700 0.015400 0.027600 0.006100 0.009200 0.015300 0.033700 0.033800 0.040900 0.036900 0.033900 0.012300 0.015400 0.027800 0.006100 0.033900 0.030700 0.009200 0.034400 0.012300 0.015400 0.041000 0.015400 0.027700 0.024700 0.041000 0.012300 0.021500 0.015400 0.006100 0.040600 0.024800 0.027500 0.024500 0.044000 0.033900 0.030800 0.018500 0.041000 0.027700 0.044500 0.024700 0.070300 0.015400 0.015400
LesserMous 0.083000 0.000000 0.081900 0.102800 0.115400 0.083000 0.110700 0.099400 0.081900 0.092900 0.090400 0.080400 0.093500 0.106300 0.099700 0.119000 0.093200 0.103000 0.083600 0.081700 0.096800 0.083500 0.105400 0.086100 0.093700 0.104600 0.083800 0.081900 0.120100 0.081700 0.096400 0.097200 0.101600 0.090700 0.094100 0.080200 0.090400 0.113200 0.097400 0.106300 0.093000 0.108100 0.096200 0.093100 0.083600 0.109300 0.100200 0.111500 0.097100 0.133400 0.081800 0.081700
LesserKudu 0.015400 0.081900 0.000000 0.082300 0.044100 0.015400 0.034400 0.028200 0.000000 0.024800 0.015500 0.006200 0.018600 0.037300 0.031000 0.041400 0.034100 0.031100 0.009300 0.000000 0.031200 0.009200 0.032500 0.027900 0.018700 0.034800 0.015600 0.000000 0.041500 0.000000 0.024800 0.028100 0.038100 0.015600 0.024800 0.012400 0.015600 0.041000 0.028200 0.031000 0.021700 0.044500 0.031100 0.028000 0.015600 0.048000 0.031200 0.042600 0.021800 0.070900 0.000000 0.000000
KillerWhal 0.078100 0.102800 0.082300 0.000000 0.109800 0.078100 0.095600 0.094500 0.082300 0.091600 0.082000 0.078800 0.085100 0.098200 0.095100 0.106700 0.094400 0.098100 0.078600 0.082200 0.092100 0.074800 0.100700 0.081300 0.085400 0.095800 0.075300 0.082300 0.106800 0.082200 0.091700 0.088900 0.100000 0.082300 0.088300 0.085400 0.082100 0.106900 0.095900 0.098100 0.088300 0.106200 0.084500 0.088300 0.088900 0.110900 0.098900 0.114200 0.092200 0.128700 0.082300 0.082200
DefassaWat 0.043700 0.115400 0.044100 0.109800 0.000000 0.043700 0.068700 0.060300 0.044100 0.063100 0.044000 0.044100 0.052400 0.069300 0.069500 0.067600 0.065900 0.069500 0.040800 0.044200 0.063300 0.040600 0.059600 0.066200 0.047100 0.060800 0.047500 0.044100 0.064500 0.044100 0.063100 0.060200 0.077700 0.047500 0.047500 0.050600 0.044000 0.021500 0.060400 0.059500 0.053300 0.070700 0.069500 0.066300 0.053800 0.054100 0.063300 0.077700 0.054800 0.086800 0.044100 0.044100
Sheep 0.000000 0.083000 0.015400 0.078100 0.043700 0.000000 0.030900 0.024700 0.015400 0.027600 0.006100 0.009200 0.015300 0.033700 0.033800 0.040900 0.036900 0.033900 0.012300 0.015400 0.027800 0.006100 0.033900 0.030700 0.009200 0.034400 0.012300 0.015400 0.041000 0.015400 0.027700 0.024700 0.041000 0.012300 0.021500 0.015400 0.006100 0.040600 0.024800 0.027500 0.024500 0.044000 0.033900 0.030800 0.018500 0.041000 0.027700 0.044500 0.024700 0.070300 0.015400 0.015400
MaxwellsDu 0.030900 0.110700 0.034400 0.095600 0.068700 0.030900 0.000000 0.043900 0.034400 0.047100 0.031100 0.028000 0.027900 0.016500 0.053000 0.060600 0.056000 0.053100 0.031100 0.034400 0.043700 0.024700 0.055100 0.049800 0.034300 0.053900 0.031200 0.034400 0.057500 0.034300 0.047100 0.012300 0.060700 0.031300 0.040400 0.034300 0.031100 0.066200 0.043900 0.046500 0.043500 0.063700 0.047000 0.049900 0.037500 0.064000 0.040400 0.064000 0.043900 0.090400 0.034400 0.034300
GazellaPrz 0.024700 0.099400 0.028200 0.094500 0.060300 0.024700 0.043900 0.000000 0.028200 0.040600 0.024900 0.021800 0.028000 0.046700 0.046900 0.041100 0.037200 0.043800 0.025000 0.028200 0.019900 0.018500 0.048800 0.042000 0.028100 0.031400 0.025000 0.028200 0.041200 0.028100 0.040600 0.037600 0.054400 0.021900 0.027900 0.028100 0.024900 0.057300 0.024900 0.037300 0.037400 0.037800 0.045400 0.043800 0.031300 0.057700 0.027900 0.057700 0.034500 0.087600 0.028200 0.028100
MountainNy 0.015400 0.081900 0.000000 0.082300 0.044100 0.015400 0.034400 0.028200 0.000000 0.024800 0.015500 0.006200 0.018600 0.037300 0.031000 0.041400 0.034100 0.031100 0.009300 0.000000 0.031200 0.009200 0.032500 0.027900 0.018700 0.034800 0.015600 0.000000 0.041500 0.000000 0.024800 0.028100 0.038100 0.015600 0.024800 0.012400 0.015600 0.041000 0.028200 0.031000 0.021700 0.044500 0.031100 0.028000 0.015600 0.048000 0.031200 0.042600 0.021800 0.070900 0.000000 0.000000
MuntiacusM 0.027600 0.092900 0.024800 0.091600 0.063100 0.027600 0.047100 0.040600 0.024800 0.000000 0.027900 0.018500 0.030900 0.046300 0.036900 0.050500 0.039900 0.037000 0.027900 0.024800 0.043500 0.021500 0.019800 0.021300 0.031000 0.047200 0.027900 0.024800 0.050700 0.024800 0.006000 0.037300 0.041100 0.028000 0.037100 0.024700 0.027900 0.060100 0.034200 0.030600 0.009100 0.057000 0.012100 0.021400 0.027900 0.053900 0.037200 0.047400 0.034200 0.073900 0.024800 0.024800
goat 0.006100 0.090400 0.015500 0.082000 0.044000 0.006100 0.031100 0.024900 0.015500 0.027900 0.000000 0.009300 0.015500 0.034000 0.034100 0.038000 0.037100 0.034200 0.012400 0.015600 0.027900 0.006100 0.034200 0.030900 0.003100 0.034700 0.012400 0.015500 0.041300 0.015500 0.027900 0.024900 0.041300 0.012400 0.021600 0.015500 0.000000 0.040900 0.024900 0.027700 0.024700 0.044300 0.034100 0.031000 0.018700 0.041300 0.027900 0.044600 0.024900 0.070600 0.015500 0.015500
AfricanBuf 0.009200 0.080400 0.006200 0.078800 0.044100 0.009200 0.028000 0.021800 0.006200 0.018500 0.009300 0.000000 0.012400 0.030900 0.024700 0.038000 0.027700 0.024800 0.009300 0.006200 0.024900 0.003100 0.026100 0.021600 0.012400 0.031500 0.009300 0.006200 0.038200 0.006200 0.018500 0.021800 0.031600 0.009300 0.018600 0.006200 0.009300 0.041100 0.021800 0.024700 0.015400 0.041200 0.024700 0.021600 0.009300 0.041400 0.024900 0.034800 0.021800 0.063900 0.006200 0.006200
Topi 0.015300 0.093500 0.018600 0.085100 0.052400 0.015300 0.027900 0.028000 0.018600 0.030900 0.015500 0.012400 0.000000 0.038700 0.037100 0.044300 0.040200 0.037200 0.015400 0.018700 0.031000 0.009200 0.038900 0.034000 0.018600 0.037800 0.009200 0.018600 0.044500 0.018600 0.030900 0.028000 0.044400 0.009300 0.024700 0.018600 0.015500 0.049600 0.021700 0.030800 0.027800 0.047400 0.037200 0.034100 0.021700 0.047700 0.031000 0.041100 0.028000 0.073700 0.018600 0.018600
CommonDuik 0.033700 0.106300 0.037300 0.098200 0.069300 0.033700 0.016500 0.046700 0.037300 0.046300 0.034000 0.030900 0.038700 0.000000 0.055800 0.063300 0.058700 0.055800 0.034000 0.037300 0.046500 0.027600 0.057600 0.052600 0.037100 0.050200 0.034100 0.037300 0.060300 0.037200 0.049500 0.009100 0.056900 0.034200 0.043200 0.037200 0.034000 0.066300 0.046700 0.049300 0.046300 0.060000 0.049400 0.052700 0.040400 0.066800 0.043200 0.066400 0.040300 0.089800 0.037200 0.037200
Suni 0.033800 0.099700 0.031000 0.095100 0.069500 0.033800 0.053000 0.046900 0.031000 0.036900 0.034100 0.024700 0.037100 0.055800 0.000000 0.060300 0.052500 0.043300 0.034100 0.031100 0.049800 0.027700 0.045100 0.046400 0.037200 0.053600 0.034200 0.031000 0.060500 0.031000 0.037000 0.046800 0.050600 0.034300 0.043400 0.030900 0.034100 0.066500 0.046900 0.043100 0.033800 0.063300 0.043200 0.046400 0.034100 0.053800 0.049800 0.035100 0.040500 0.090200 0.031000 0.031000
Springbuck 0.040900 0.119000 0.041400 0.106700 0.067600 0.040900 0.060600 0.041100 0.041400 0.050500 0.038000 0.038000 0.044300 0.063300 0.060300 0.000000 0.066600 0.063900 0.038000 0.041400 0.037600 0.034600 0.052600 0.053700 0.041100 0.021900 0.041400 0.041400 0.012500 0.041300 0.050600 0.054200 0.071600 0.041400 0.050700 0.044400 0.038000 0.064500 0.034600 0.050300 0.047300 0.037800 0.057000 0.053900 0.047700 0.076500 0.037600 0.073400 0.051000 0.099000 0.041400 0.041300
Okapi 0.036900 0.093200 0.034100 0.094400 0.065900 0.036900 0.056000 0.037200 0.034100 0.039900 0.037100 0.027700 0.040200 0.058700 0.052500 0.066600 0.000000 0.027400 0.037200 0.034100 0.046500 0.030700 0.048000 0.037500 0.040300 0.053300 0.037300 0.034100 0.066800 0.034000 0.039900 0.049800 0.047000 0.031000 0.033800 0.034000 0.037200 0.063000 0.049900 0.046100 0.036800 0.056600 0.046900 0.036800 0.037200 0.056900 0.052900 0.063300 0.043400 0.079400 0.034100 0.034000
Giraffe 0.033900 0.103000 0.031100 0.098100 0.069500 0.033900 0.053100 0.043800 0.031100 0.037000 0.034200 0.024800 0.037200 0.055800 0.043300 0.063900 0.027400 0.000000 0.034200 0.031100 0.049900 0.027700 0.044700 0.040700 0.037300 0.056900 0.034300 0.031100 0.063700 0.031000 0.037000 0.046900 0.044100 0.034300 0.043400 0.031000 0.034200 0.066500 0.047000 0.036900 0.033900 0.060100 0.043800 0.040200 0.034200 0.065200 0.049900 0.053600 0.046900 0.083000 0.031100 0.031000
TibetanAnt 0.012300 0.083600 0.009300 0.078600 0.040800 0.012300 0.031100 0.025000 0.009300 0.027900 0.012400 0.009300 0.015400 0.034000 0.034100 0.038000 0.037200 0.034200 0.000000 0.009300 0.028000 0.006100 0.035800 0.030900 0.015500 0.031500 0.012400 0.009300 0.038100 0.009300 0.027900 0.024900 0.041300 0.012400 0.021700 0.015500 0.012400 0.037800 0.024900 0.027800 0.024800 0.041100 0.034200 0.031000 0.018700 0.044500 0.028000 0.044500 0.018600 0.074200 0.009300 0.009300
Sitatunga 0.015400 0.081700 0.000000 0.082200 0.044200 0.015400 0.034400 0.028200 0.000000 0.024800 0.015600 0.006200 0.018700 0.037300 0.031100 0.041400 0.034100 0.031100 0.009300 0.000000 0.031200 0.009300 0.032600 0.027900 0.018700 0.034800 0.015600 0.000000 0.041500 0.000000 0.024900 0.028200 0.038200 0.015600 0.024900 0.012400 0.015600 0.041100 0.028200 0.031000 0.021700 0.044500 0.031100 0.028000 0.015600 0.048000 0.031200 0.042500 0.021800 0.071100 0.000000 0.000000
Oribi 0.027800 0.096800 0.031200 0.092100 0.063300 0.027800 0.043700 0.019900 0.031200 0.043500 0.027900 0.024900 0.031000 0.046500 0.049800 0.037600 0.046500 0.049900 0.028000 0.031200 0.000000 0.021600 0.052000 0.040300 0.031100 0.037600 0.028100 0.031200 0.034500 0.031200 0.043600 0.037400 0.057400 0.028100 0.030900 0.031200 0.028000 0.060300 0.021600 0.043300 0.040300 0.047200 0.043500 0.046800 0.034400 0.060700 0.024600 0.060700 0.040700 0.090600 0.031200 0.031200
BarbaryShe 0.006100 0.083500 0.009200 0.074800 0.040600 0.006100 0.024700 0.018500 0.009200 0.021500 0.006100 0.003100 0.009200 0.027600 0.027700 0.034600 0.030700 0.027700 0.006100 0.009300 0.021600 0.000000 0.029300 0.024500 0.009200 0.028100 0.006200 0.009200 0.034700 0.009200 0.021500 0.018500 0.034600 0.006200 0.015300 0.009200 0.006100 0.037600 0.018500 0.021400 0.018400 0.037700 0.027700 0.024600 0.012300 0.038200 0.021500 0.038000 0.018500 0.067200 0.009200 0.009200
Daviddeer 0.033900 0.105400 0.032500 0.100700 0.059600 0.033900 0.055100 0.048800 0.032500 0.019800 0.034200 0.026100 0.038900 0.057600 0.045100 0.052600 0.048000 0.044700 0.035800 0.032600 0.052000 0.029300 0.000000 0.028900 0.037300 0.052400 0.035900 0.032600 0.052400 0.032600 0.019800 0.048900 0.052300 0.035800 0.045400 0.032500 0.034200 0.056600 0.042100 0.038600 0.010900 0.062100 0.026000 0.029100 0.035700 0.050600 0.045400 0.056800 0.042100 0.066700 0.032500 0.032600
Reindeer 0.030700 0.086100 0.027900 0.081300 0.066200 0.030700 0.049800 0.042000 0.027900 0.021300 0.030900 0.021600 0.034000 0.052600 0.046400 0.053700 0.037500 0.040700 0.030900 0.027900 0.040300 0.024500 0.028900 0.000000 0.034100 0.053600 0.031100 0.027900 0.053900 0.027900 0.021400 0.043600 0.047200 0.031100 0.040200 0.027800 0.031000 0.063200 0.037300 0.033700 0.018300 0.063400 0.021300 0.012100 0.031000 0.057100 0.040300 0.057100 0.043600 0.079500 0.027900 0.027900
Ibex 0.009200 0.093700 0.018700 0.085400 0.047100 0.009200 0.034300 0.028100 0.018700 0.031000 0.003100 0.012400 0.018600 0.037100 0.037200 0.041100 0.040300 0.037300 0.015500 0.018700 0.031100 0.009200 0.037300 0.034100 0.000000 0.037900 0.015500 0.018700 0.044500 0.018600 0.031000 0.028000 0.044500 0.015600 0.024700 0.018600 0.003100 0.044100 0.028100 0.030800 0.027900 0.047500 0.037300 0.034100 0.021800 0.044500 0.031100 0.047800 0.028100 0.073900 0.018700 0.018600
GyrantGaze 0.034400 0.104600 0.034800 0.095800 0.060800 0.034400 0.053900 0.031400 0.034800 0.047200 0.034700 0.031500 0.037800 0.050200 0.053600 0.021900 0.053300 0.056900 0.031500 0.034800 0.037600 0.028100 0.052400 0.053600 0.037900 0.000000 0.034800 0.034800 0.022000 0.034700 0.050500 0.041100 0.058000 0.028400 0.044100 0.037900 0.034700 0.057700 0.034500 0.050300 0.047200 0.015500 0.056900 0.053700 0.041100 0.068100 0.037500 0.064600 0.037900 0.088500 0.034800 0.034700
Hartebeest 0.012300 0.083800 0.015600 0.075300 0.047500 0.012300 0.031200 0.025000 0.015600 0.027900 0.012400 0.009300 0.009200 0.034100 0.034200 0.041400 0.037300 0.034300 0.012400 0.015600 0.028100 0.006200 0.035900 0.031100 0.015500 0.034800 0.000000 0.015600 0.041500 0.015600 0.028000 0.025000 0.041400 0.006200 0.021700 0.015600 0.012400 0.044300 0.018600 0.027800 0.024800 0.044500 0.034300 0.031100 0.018700 0.044700 0.028100 0.038100 0.025000 0.071200 0.015600 0.015600
Bongo 0.015400 0.081900 0.000000 0.082300 0.044100 0.015400 0.034400 0.028200 0.000000 0.024800 0.015500 0.006200 0.018600 0.037300 0.031000 0.041400 0.034100 0.031100 0.009300 0.000000 0.031200 0.009200 0.032600 0.027900 0.018700 0.034800 0.015600 0.000000 0.041500 0.000000 0.024800 0.028100 0.038200 0.015600 0.024900 0.012400 0.015600 0.041000 0.028200 0.031000 0.021700 0.044500 0.031100 0.028000 0.015600 0.048000 0.031200 0.042600 0.021800 0.071000 0.000000 0.000000
Gerenuk 0.041000 0.120100 0.041500 0.106800 0.064500 0.041000 0.057500 0.041200 0.041500 0.050700 0.041300 0.038200 0.044500 0.060300 0.060500 0.012500 0.066800 0.063700 0.038100 0.041500 0.034500 0.034700 0.052400 0.053900 0.044500 0.022000 0.041500 0.041500 0.000000 0.041400 0.050800 0.051100 0.071700 0.041500 0.050900 0.044600 0.041400 0.061300 0.036400 0.044000 0.047500 0.037900 0.057200 0.054100 0.047900 0.075200 0.037700 0.071600 0.051200 0.095600 0.041500 0.041400
CommonElan 0.015400 0.081700 0.000000 0.082200 0.044100 0.015400 0.034300 0.028100 0.000000 0.024800 0.015500 0.006200 0.018600 0.037200 0.031000 0.041300 0.034000 0.031000 0.009300 0.000000 0.031200 0.009200 0.032600 0.027900 0.018600 0.034700 0.015600 0.000000 0.041400 0.000000 0.024800 0.028100 0.038100 0.015600 0.024800 0.012400 0.015500 0.041000 0.028100 0.030900 0.021600 0.044400 0.031000 0.027900 0.015600 0.047900 0.031200 0.042700 0.021800 0.070900 0.000000 0.000000
MuntiacusR 0.027700 0.096400 0.024800 0.091700 0.063100 0.027700 0.047100 0.040600 0.024800 0.006000 0.027900 0.018500 0.030900 0.049500 0.037000 0.050600 0.039900 0.037000 0.027900 0.024900 0.043600 0.021500 0.019800 0.021400 0.031000 0.050500 0.028000 0.024800 0.050800 0.024800 0.000000 0.040500 0.044400 0.028000 0.037200 0.024700 0.027900 0.060100 0.034200 0.030700 0.009100 0.060300 0.012100 0.021400 0.027900 0.054000 0.037200 0.047400 0.034200 0.076900 0.024800 0.024800
HarveysDui 0.024700 0.097200 0.028100 0.088900 0.060200 0.024700 0.012300 0.037600 0.028100 0.037300 0.024900 0.021800 0.028000 0.009100 0.046800 0.054200 0.049800 0.046900 0.024900 0.028200 0.037400 0.018500 0.048900 0.043600 0.028000 0.041100 0.025000 0.028100 0.051100 0.028100 0.040500 0.000000 0.047700 0.025000 0.034200 0.028100 0.024900 0.057200 0.037600 0.040300 0.037300 0.050800 0.040400 0.043700 0.031300 0.057600 0.034200 0.057700 0.037600 0.084600 0.028100 0.028100
Pronghorn 0.041000 0.101600 0.038100 0.100000 0.077700 0.041000 0.060700 0.054400 0.038100 0.041100 0.041300 0.031600 0.044400 0.056900 0.050600 0.071600 0.047000 0.044100 0.041300 0.038200 0.057400 0.034600 0.052300 0.047200 0.044500 0.058000 0.041400 0.038200 0.071700 0.038100 0.044400 0.047700 0.000000 0.041400 0.050800 0.038000 0.041300 0.074600 0.054400 0.056900 0.040900 0.068000 0.050700 0.047300 0.041300 0.068300 0.057400 0.061400 0.054400 0.085100 0.038100 0.038100
BlueWildeb 0.012300 0.090700 0.015600 0.082300 0.047500 0.012300 0.031300 0.021900 0.015600 0.028000 0.012400 0.009300 0.009300 0.034200 0.034300 0.041400 0.031000 0.034300 0.012400 0.015600 0.028100 0.006200 0.035800 0.031100 0.015600 0.028400 0.006200 0.015600 0.041500 0.015600 0.028000 0.025000 0.041400 0.000000 0.021700 0.015600 0.012500 0.044300 0.018700 0.027900 0.024800 0.038000 0.034300 0.031200 0.018700 0.044800 0.028100 0.038300 0.018700 0.074300 0.015600 0.015600
Gemsbok 0.021500 0.094100 0.024800 0.088300 0.047500 0.021500 0.040400 0.027900 0.024800 0.037100 0.021600 0.018600 0.024700 0.043200 0.043400 0.050700 0.033800 0.043400 0.021700 0.024900 0.030900 0.015300 0.045400 0.040200 0.024700 0.044100 0.021700 0.024900 0.050900 0.024800 0.037200 0.034200 0.050800 0.021700 0.000000 0.024800 0.021700 0.044600 0.034300 0.036900 0.034000 0.053800 0.043400 0.040300 0.028000 0.047600 0.037300 0.047700 0.034300 0.074000 0.024800 0.024800
Yak 0.015400 0.080200 0.012400 0.085400 0.050600 0.015400 0.034300 0.028100 0.012400 0.024700 0.015500 0.006200 0.018600 0.037200 0.030900 0.044400 0.034000 0.031000 0.015500 0.012400 0.031200 0.009200 0.032500 0.027800 0.018600 0.037900 0.015600 0.012400 0.044600 0.012400 0.024700 0.028100 0.038000 0.015600 0.024800 0.000000 0.015500 0.047500 0.021800 0.030900 0.021600 0.047600 0.031000 0.027900 0.003100 0.047900 0.024800 0.041300 0.028100 0.064100 0.012400 0.012400
BlueSheep 0.006100 0.090400 0.015600 0.082100 0.044000 0.006100 0.031100 0.024900 0.015600 0.027900 0.000000 0.009300 0.015500 0.034000 0.034100 0.038000 0.037200 0.034200 0.012400 0.015600 0.028000 0.006100 0.034200 0.031000 0.003100 0.034700 0.012400 0.015600 0.041400 0.015500 0.027900 0.024900 0.041300 0.012500 0.021700 0.015500 0.000000 0.041000 0.025000 0.027700 0.024800 0.044400 0.034200 0.031000 0.018700 0.041300 0.028000 0.044600 0.025000 0.070700 0.015600 0.015500
BohorReedb 0.040600 0.113200 0.041000 0.106900 0.021500 0.040600 0.066200 0.057300 0.041000 0.060100 0.040900 0.041100 0.049600 0.066300 0.066500 0.064500 0.063000 0.066500 0.037800 0.041100 0.060300 0.037600 0.056600 0.063200 0.044100 0.057700 0.044300 0.041000 0.061300 0.041000 0.060100 0.057200 0.074600 0.044300 0.044600 0.047500 0.041000 0.000000 0.057300 0.056600 0.050300 0.067600 0.066500 0.063300 0.050700 0.057600 0.060300 0.074800 0.050700 0.083800 0.041000 0.041000
KirksDik 0.024800 0.097400 0.028200 0.095900 0.060400 0.024800 0.043900 0.024900 0.028200 0.034200 0.024900 0.021800 0.021700 0.046700 0.046900 0.034600 0.049900 0.047000 0.024900 0.028200 0.021600 0.018500 0.042100 0.037300 0.028100 0.034500 0.018600 0.028200 0.036400 0.028100 0.034200 0.037600 0.054400 0.018700 0.034300 0.021800 0.025000 0.057300 0.000000 0.034100 0.031000 0.044100 0.040500 0.037400 0.025000 0.057800 0.009200 0.050900 0.037700 0.087600 0.028200 0.028100
RoeDeer 0.027500 0.106300 0.031000 0.098100 0.059500 0.027500 0.046500 0.037300 0.031000 0.030600 0.027700 0.024700 0.030800 0.049300 0.043100 0.050300 0.046100 0.036900 0.027800 0.031000 0.043300 0.021400 0.038600 0.033700 0.030800 0.050300 0.027800 0.031000 0.044000 0.030900 0.030700 0.040300 0.056900 0.027900 0.036900 0.030900 0.027700 0.056600 0.034100 0.000000 0.027500 0.053500 0.036800 0.033800 0.034100 0.056900 0.037000 0.053600 0.040400 0.086000 0.031000 0.030900
WhiteLippe 0.024500 0.093000 0.021700 0.088300 0.053300 0.024500 0.043500 0.037400 0.021700 0.009100 0.024700 0.015400 0.027800 0.046300 0.033800 0.047300 0.036800 0.033900 0.024800 0.021700 0.040300 0.018400 0.010900 0.018300 0.027900 0.047200 0.024800 0.021700 0.047500 0.021600 0.009100 0.037300 0.040900 0.024800 0.034000 0.021600 0.024800 0.050300 0.031000 0.027500 0.000000 0.057000 0.015200 0.018300 0.024800 0.044300 0.034000 0.044600 0.031000 0.073700 0.021700 0.021600
ThomsonGaz 0.044000 0.108100 0.044500 0.106200 0.070700 0.044000 0.063700 0.037800 0.044500 0.057000 0.044300 0.041200 0.047400 0.060000 0.063300 0.037800 0.056600 0.060100 0.041100 0.044500 0.047200 0.037700 0.062100 0.063400 0.047500 0.015500 0.044500 0.044500 0.037900 0.044400 0.060300 0.050800 0.068000 0.038000 0.053800 0.047600 0.044400 0.067600 0.044100 0.053500 0.057000 0.000000 0.066700 0.063500 0.050900 0.074800 0.047100 0.074400 0.044300 0.099700 0.044400 0.044400
MuntiacusC 0.033900 0.096200 0.031100 0.084500 0.069500 0.033900 0.047000 0.045400 0.031100 0.012100 0.034100 0.024700 0.037200 0.049400 0.043200 0.057000 0.046900 0.043800 0.034200 0.031100 0.043500 0.027700 0.026000 0.021300 0.037300 0.056900 0.034300 0.031100 0.057200 0.031000 0.012100 0.040400 0.050700 0.034300 0.043400 0.031000 0.034200 0.066500 0.040500 0.036800 0.015200 0.066700 0.000000 0.027600 0.034200 0.060400 0.043500 0.053800 0.040500 0.083500 0.031100 0.031000
WhiteTaile 0.030800 0.093100 0.028000 0.088300 0.066300 0.030800 0.049900 0.043800 0.028000 0.021400 0.031000 0.021600 0.034100 0.052700 0.046400 0.053900 0.036800 0.040200 0.031000 0.028000 0.046800 0.024600 0.029100 0.012100 0.034100 0.053700 0.031100 0.028000 0.054100 0.027900 0.021400 0.043700 0.047300 0.031200 0.040300 0.027900 0.031000 0.063300 0.037400 0.033800 0.018300 0.063500 0.027600 0.000000 0.031100 0.057300 0.040400 0.057300 0.043700 0.076500 0.027900 0.027900
Cattle 0.018500 0.083600 0.015600 0.088900 0.053800 0.018500 0.037500 0.031300 0.015600 0.027900 0.018700 0.009300 0.021700 0.040400 0.034100 0.047700 0.037200 0.034200 0.018700 0.015600 0.034400 0.012300 0.035700 0.031000 0.021800 0.041100 0.018700 0.015600 0.047900 0.015600 0.027900 0.031300 0.041300 0.018700 0.028000 0.003100 0.018700 0.050700 0.025000 0.034100 0.024800 0.050900 0.034200 0.031100 0.000000 0.051200 0.028000 0.044600 0.031300 0.067400 0.015600 0.015600
RoyalAntel 0.041000 0.109300 0.048000 0.110900 0.054100 0.041000 0.064000 0.057700 0.048000 0.053900 0.041300 0.041400 0.047700 0.066800 0.053800 0.076500 0.056900 0.065200 0.044500 0.048000 0.060700 0.038200 0.050600 0.057100 0.044500 0.068100 0.044700 0.048000 0.075200 0.047900 0.054000 0.057600 0.068300 0.044800 0.047600 0.047900 0.041300 0.057600 0.057800 0.056900 0.044300 0.074800 0.060400 0.057300 0.051200 0.000000 0.060700 0.058200 0.044300 0.094700 0.048000 0.047900
Steenbok 0.027700 0.100200 0.031200 0.098900 0.063300 0.027700 0.040400 0.027900 0.031200 0.037200 0.027900 0.024900 0.031000 0.043200 0.049800 0.037600 0.052900 0.049900 0.028000 0.031200 0.024600 0.021500 0.045400 0.040300 0.031100 0.037500 0.028100 0.031200 0.037700 0.031200 0.037200 0.034200 0.057400 0.028100 0.037300 0.024800 0.028000 0.060300 0.009200 0.037000 0.034000 0.047100 0.043500 0.040400 0.028000 0.060700 0.000000 0.060700 0.040700 0.090600 0.031200 0.031200
Impala 0.044500 0.111500 0.042600 0.114200 0.077700 0.044500 0.064000 0.057700 0.042600 0.047400 0.044600 0.034800 0.041100 0.066400 0.035100 0.073400 0.063300 0.053600 0.044500 0.042500 0.060700 0.038000 0.056800 0.057100 0.047800 0.064600 0.038100 0.042600 0.071600 0.042700 0.047400 0.057700 0.061400 0.038300 0.047700 0.041300 0.044600 0.074800 0.050900 0.053600 0.044600 0.074400 0.053800 0.057300 0.044600 0.058200 0.060700 0.000000 0.051000 0.099000 0.042600 0.042700
Klipspring 0.024700 0.097100 0.021800 0.092200 0.054800 0.024700 0.043900 0.034500 0.021800 0.034200 0.024900 0.021800 0.028000 0.040300 0.040500 0.051000 0.043400 0.046900 0.018600 0.021800 0.040700 0.018500 0.042100 0.043600 0.028100 0.037900 0.025000 0.021800 0.051200 0.021800 0.034200 0.037600 0.054400 0.018700 0.034300 0.028100 0.025000 0.050700 0.037700 0.040400 0.031000 0.044300 0.040500 0.043700 0.031300 0.044300 0.040700 0.051000 0.000000 0.087400 0.021800 0.021800
ForestMusk 0.070300 0.133400 0.070900 0.128700 0.086800 0.070300 0.090400 0.087600 0.070900 0.073900 0.070600 0.063900 0.073700 0.089800 0.090200 0.099000 0.079400 0.083000 0.074200 0.071100 0.090600 0.067200 0.066700 0.079500 0.073900 0.088500 0.071200 0.071000 0.095600 0.070900 0.076900 0.084600 0.085100 0.074300 0.074000 0.064100 0.070700 0.083800 0.087600 0.086000 0.073700 0.099700 0.083500 0.076500 0.067400 0.094700 0.090600 0.099000 0.087400 0.000000 0.070900 0.070900
Bushbuck 0.015400 0.081800 0.000000 0.082300 0.044100 0.015400 0.034400 0.028200 0.000000 0.024800 0.015500 0.006200 0.018600 0.037200 0.031000 0.041400 0.034100 0.031100 0.009300 0.000000 0.031200 0.009200 0.032500 0.027900 0.018700 0.034800 0.015600 0.000000 0.041500 0.000000 0.024800 0.028100 0.038100 0.015600 0.024800 0.012400 0.015600 0.041000 0.028200 0.031000 0.021700 0.044400 0.031100 0.027900 0.015600 0.048000 0.031200 0.042600 0.021800 0.070900 0.000000 0.000000
GreaterKud 0.015400 0.081700 0.000000 0.082200 0.044100 0.015400 0.034300 0.028100 0.000000 0.024800 0.015500 0.006200 0.018600 0.037200 0.031000 0.041300 0.034000 0.031000 0.009300 0.000000 0.031200 0.009200 0.032600 0.027900 0.018600 0.034700 0.015600 0.000000 0.041400 0.000000 0.024800 0.028100 0.038100 0.015600 0.024800 0.012400 0.015500 0.041000 0.028100 0.030900 0.021600 0.044400 0.031000 0.027900 0.015600 0.047900 0.031200 0.042700 0.021800 0.070900 0.000000 0.000000
