1
52 1
Argali 0.000000 0.204000 0.063100 0.208300 0.031200 0.000000 0.031200 0.031000 0.054900 0.054800 0.007600 0.030900 0.039300 0.039300 0.047300 0.015300 0.089800 0.068700 0.015400 0.055300 0.031000 0.015500 0.047100 0.047300 0.007600 0.038700 0.023100 0.079700 0.023100 0.071500 0.071200 0.031100 0.054600 0.015400 0.031400 0.046800 0.015400 0.023200 0.039100 0.039000 0.023200 0.054300 0.063200 0.055200 0.071800 0.047800 0.023300 0.080300 0.047500 0.039200 0.039100 0.071600
LesserMous 0.204000 0.000000 0.205000 0.272400 0.206700 0.204000 0.185600 0.225700 0.224800 0.194500 0.215300 0.164900 0.207000 0.217200 0.228600 0.204800 0.273900 0.242700 0.226000 0.186300 0.205200 0.226300 0.166400 0.185900 0.215300 0.193600 0.195200 0.214800 0.194300 0.185500 0.214800 0.205800 0.224600 0.206400 0.208200 0.184500 0.224100 0.196300 0.195600 0.195300 0.184700 0.234200 0.204800 0.175000 0.217200 0.229900 0.216800 0.281000 0.228500 0.176800 0.206400 0.226400
LesserKudu 0.063100 0.205000 0.000000 0.209000 0.080500 0.063100 0.097600 0.080000 0.055100 0.071500 0.071600 0.063000 0.072500 0.089800 0.080800 0.063300 0.125700 0.103300 0.080200 0.039400 0.080100 0.080100 0.063700 0.080600 0.071600 0.071200 0.055200 0.031200 0.071500 0.023300 0.088300 0.080300 0.088100 0.063700 0.064400 0.079800 0.079500 0.072000 0.072000 0.088700 0.055100 0.087800 0.080200 0.088700 0.106400 0.098800 0.072000 0.097800 0.115700 0.072200 0.023500 0.039300
KillerWhal 0.208300 0.272400 0.209000 0.000000 0.221200 0.208300 0.221000 0.229500 0.209100 0.198800 0.219300 0.170000 0.243300 0.231900 0.253000 0.209200 0.200300 0.213900 0.220000 0.181500 0.229800 0.229900 0.171500 0.181600 0.219300 0.238100 0.219300 0.219000 0.198800 0.199700 0.218700 0.209800 0.198500 0.210600 0.213100 0.189200 0.227900 0.210800 0.241000 0.200400 0.179800 0.247900 0.209700 0.171000 0.220800 0.203800 0.220800 0.295400 0.232900 0.201100 0.201000 0.210300
DefassaWat 0.031200 0.206700 0.080500 0.221200 0.000000 0.031200 0.064200 0.047900 0.088800 0.072100 0.039300 0.047200 0.056300 0.056200 0.064700 0.031400 0.108500 0.086500 0.047600 0.072600 0.047500 0.047500 0.064800 0.064400 0.039300 0.055200 0.039300 0.097400 0.039200 0.089200 0.088900 0.047600 0.071800 0.031500 0.048200 0.063600 0.047100 0.007800 0.055800 0.055800 0.039300 0.071600 0.080700 0.072400 0.089600 0.065100 0.039600 0.116000 0.081600 0.056000 0.055900 0.089400
Sheep 0.000000 0.204000 0.063100 0.208300 0.031200 0.000000 0.031200 0.031000 0.055000 0.054600 0.007700 0.030900 0.039300 0.039300 0.047500 0.015400 0.089800 0.068700 0.015400 0.055300 0.031000 0.015500 0.047100 0.047300 0.007700 0.038700 0.023300 0.079500 0.023100 0.071500 0.071200 0.031100 0.054700 0.015400 0.031400 0.046800 0.015300 0.023200 0.039100 0.039000 0.023300 0.054500 0.063200 0.055200 0.071800 0.047800 0.023300 0.080300 0.047500 0.039200 0.039100 0.071600
MaxwellsDu 0.031200 0.185600 0.097600 0.221000 0.064200 0.031200 0.000000 0.063900 0.072100 0.080300 0.039300 0.047300 0.073100 0.039600 0.081500 0.047400 0.117400 0.095200 0.047600 0.072700 0.047600 0.047500 0.072400 0.056000 0.039300 0.055200 0.055600 0.097500 0.055500 0.089300 0.097400 0.047500 0.080100 0.047700 0.064900 0.063700 0.047200 0.055900 0.072500 0.047600 0.047600 0.071500 0.089100 0.064000 0.072400 0.065200 0.055900 0.081200 0.048100 0.072700 0.072600 0.089500
GazellaPrz 0.031000 0.225700 0.080000 0.229500 0.047900 0.031000 0.063900 0.000000 0.088300 0.071600 0.039100 0.047000 0.055900 0.047800 0.064100 0.031100 0.107900 0.068900 0.047300 0.072200 0.047200 0.047200 0.063500 0.064000 0.039100 0.054900 0.039100 0.096900 0.039300 0.088700 0.088400 0.039200 0.071400 0.031300 0.047900 0.063200 0.047100 0.039300 0.055500 0.055500 0.039100 0.071200 0.080200 0.072000 0.089100 0.064700 0.039600 0.115300 0.081100 0.055800 0.055600 0.088900
MountainNy 0.054900 0.224800 0.055100 0.209100 0.088800 0.055000 0.072100 0.088300 0.000000 0.096600 0.063200 0.054900 0.097900 0.097800 0.106400 0.071400 0.125500 0.103200 0.071700 0.031300 0.088400 0.071700 0.088700 0.088900 0.063200 0.096100 0.079800 0.023100 0.079600 0.047200 0.113900 0.088500 0.096300 0.071900 0.072600 0.071400 0.071100 0.080200 0.097200 0.080200 0.063200 0.113000 0.105600 0.097100 0.097500 0.090000 0.080200 0.123800 0.089400 0.080400 0.031300 0.015400
MuntiacusM 0.054800 0.194500 0.071500 0.198800 0.072100 0.054600 0.080300 0.071600 0.096600 0.000000 0.063200 0.054900 0.080800 0.072300 0.089200 0.054900 0.098900 0.077400 0.071700 0.080500 0.071600 0.071700 0.039200 0.039300 0.063200 0.079300 0.063200 0.105300 0.063100 0.097100 0.015300 0.071800 0.063000 0.055400 0.072600 0.071600 0.070900 0.063600 0.063600 0.063500 0.031000 0.096000 0.007700 0.047100 0.097600 0.089900 0.063600 0.123700 0.089300 0.047500 0.063400 0.097200
goat 0.007600 0.215300 0.071600 0.219300 0.039300 0.007700 0.039300 0.039100 0.063200 0.063200 0.000000 0.038900 0.047600 0.047600 0.055400 0.023200 0.098900 0.077400 0.023300 0.063700 0.039100 0.007700 0.055400 0.055600 0.000000 0.046800 0.031100 0.088200 0.031000 0.080100 0.079800 0.039200 0.063000 0.023300 0.031500 0.055000 0.023300 0.031200 0.047300 0.047200 0.031000 0.062900 0.071700 0.063600 0.080500 0.047900 0.031300 0.089200 0.055900 0.047400 0.047700 0.080300
AfricanBuf 0.030900 0.164900 0.063000 0.170000 0.047200 0.030900 0.047300 0.047000 0.054900 0.054900 0.038900 0.000000 0.055700 0.055600 0.063900 0.031000 0.090000 0.068800 0.047100 0.023300 0.047000 0.047000 0.047200 0.047300 0.038900 0.054500 0.038900 0.063200 0.023100 0.039000 0.071300 0.031100 0.054800 0.031200 0.047600 0.015300 0.046700 0.039100 0.055200 0.039100 0.023200 0.070900 0.063300 0.039000 0.039200 0.047900 0.039100 0.114700 0.064000 0.039200 0.039200 0.055300
Topi 0.039300 0.207000 0.072500 0.243300 0.056300 0.039300 0.073100 0.055900 0.097900 0.080800 0.047600 0.055700 0.000000 0.064900 0.056500 0.039500 0.117800 0.094900 0.056000 0.081600 0.056000 0.056000 0.072900 0.073000 0.047600 0.047400 0.015600 0.089500 0.047600 0.081200 0.097900 0.056000 0.080500 0.023600 0.056700 0.072300 0.055500 0.047900 0.047800 0.064000 0.047600 0.063700 0.089400 0.081100 0.098800 0.073900 0.048000 0.125300 0.090500 0.064600 0.064600 0.098600
CommonDuik 0.039300 0.217200 0.089800 0.231900 0.056200 0.039300 0.039600 0.047800 0.097800 0.072300 0.047600 0.055600 0.064900 0.000000 0.073300 0.039500 0.109100 0.086900 0.056100 0.081500 0.056500 0.056000 0.064400 0.064600 0.047600 0.063700 0.047600 0.106600 0.047500 0.098400 0.072400 0.023500 0.072100 0.039700 0.056700 0.072000 0.039300 0.047900 0.064500 0.056000 0.039400 0.063500 0.081000 0.072700 0.081800 0.073900 0.047900 0.090200 0.081900 0.064400 0.064600 0.098500
Suni 0.047300 0.228600 0.080800 0.253000 0.064700 0.047500 0.081500 0.064100 0.106400 0.089200 0.055400 0.063900 0.056500 0.073300 0.000000 0.047500 0.117800 0.104400 0.064000 0.090000 0.064100 0.064300 0.081200 0.081500 0.055700 0.055400 0.039500 0.097900 0.055600 0.089600 0.106500 0.064300 0.072000 0.047800 0.065100 0.080600 0.063500 0.056100 0.047800 0.072700 0.055600 0.071600 0.098200 0.089700 0.098500 0.073800 0.056100 0.107300 0.099200 0.073200 0.072600 0.107100
Springbuck 0.015300 0.204800 0.063300 0.209200 0.031400 0.015400 0.047400 0.031100 0.071400 0.054900 0.023200 0.031000 0.039500 0.039500 0.047500 0.000000 0.090200 0.068900 0.031200 0.055500 0.031100 0.031100 0.047300 0.047500 0.023300 0.038700 0.023300 0.079800 0.023300 0.071800 0.071500 0.031200 0.054900 0.015700 0.031600 0.046900 0.030900 0.023400 0.039200 0.039200 0.023300 0.054700 0.063400 0.055400 0.072100 0.048000 0.023300 0.097700 0.064100 0.039300 0.039300 0.071900
Okapi 0.089800 0.273900 0.125700 0.200300 0.108500 0.089800 0.117400 0.107900 0.125500 0.098900 0.098900 0.090000 0.117800 0.109100 0.117800 0.090200 0.000000 0.077100 0.107400 0.117600 0.107900 0.108000 0.090700 0.108300 0.098900 0.115900 0.099000 0.134700 0.098700 0.135200 0.116600 0.108200 0.081400 0.090800 0.109100 0.107500 0.107100 0.099500 0.117000 0.099000 0.064600 0.133600 0.107800 0.116700 0.117600 0.127200 0.099600 0.182600 0.126900 0.099800 0.099700 0.126400
Giraffe 0.068700 0.242700 0.103300 0.213900 0.086500 0.068700 0.095200 0.068900 0.103200 0.077400 0.077400 0.068800 0.094900 0.086900 0.104400 0.068900 0.077100 0.000000 0.086300 0.095300 0.086100 0.086200 0.069200 0.085800 0.077400 0.094200 0.077500 0.112100 0.077300 0.112400 0.094600 0.086300 0.077300 0.069300 0.085400 0.085900 0.085600 0.077800 0.094300 0.076900 0.043400 0.111400 0.085600 0.094100 0.112900 0.104100 0.077900 0.158300 0.103200 0.078000 0.077900 0.103800
TibetanAnt 0.015400 0.226000 0.080200 0.220000 0.047600 0.015400 0.047600 0.047300 0.071700 0.071700 0.023300 0.047100 0.056000 0.056100 0.064000 0.031200 0.107400 0.086300 0.000000 0.072300 0.031300 0.031300 0.063900 0.064100 0.023300 0.055000 0.039200 0.097100 0.039100 0.089300 0.088500 0.047400 0.071500 0.031400 0.048000 0.063200 0.031100 0.039400 0.055600 0.055600 0.039100 0.071300 0.080400 0.072100 0.089200 0.056500 0.039400 0.098100 0.064400 0.055700 0.055700 0.089000
Sitatunga 0.055300 0.186300 0.039400 0.181500 0.072600 0.055300 0.072700 0.072200 0.031300 0.080500 0.063700 0.023300 0.081600 0.081500 0.090000 0.055500 0.117600 0.095300 0.072300 0.000000 0.072200 0.072300 0.072500 0.072800 0.063700 0.079700 0.063800 0.039400 0.047300 0.015600 0.097500 0.055700 0.080200 0.055900 0.056500 0.039200 0.071700 0.064200 0.081000 0.064100 0.047400 0.097000 0.089300 0.064000 0.064300 0.073600 0.064200 0.125000 0.090300 0.064300 0.015600 0.031500
Oribi 0.031000 0.205200 0.080100 0.229800 0.047500 0.031000 0.047600 0.047200 0.088400 0.071600 0.039100 0.047000 0.056000 0.056500 0.064100 0.031100 0.107900 0.086100 0.031300 0.072200 0.000000 0.047300 0.063800 0.064000 0.039100 0.038900 0.039100 0.097000 0.039100 0.088800 0.088000 0.047300 0.071400 0.031400 0.047900 0.063300 0.046900 0.039300 0.055500 0.055500 0.039100 0.071200 0.080300 0.072100 0.089200 0.064800 0.039400 0.097900 0.072700 0.055700 0.055600 0.088900
BarbaryShe 0.015500 0.226300 0.080100 0.229900 0.047500 0.015500 0.047500 0.047200 0.071700 0.071700 0.007700 0.047000 0.056000 0.056000 0.064300 0.031100 0.108000 0.086200 0.031300 0.072300 0.047300 0.000000 0.063800 0.064100 0.007700 0.055000 0.039400 0.097000 0.039100 0.088800 0.088500 0.047300 0.071500 0.031300 0.039700 0.063100 0.031000 0.039300 0.055600 0.055500 0.039100 0.071200 0.080300 0.072100 0.089300 0.056300 0.039500 0.098000 0.064300 0.055600 0.055700 0.089000
Daviddeer 0.047100 0.166400 0.063700 0.171500 0.064800 0.047100 0.072400 0.063500 0.088700 0.039200 0.055400 0.047200 0.072900 0.064400 0.081200 0.047300 0.090700 0.069200 0.063900 0.072500 0.063800 0.063800 0.000000 0.047700 0.055400 0.071800 0.055500 0.097300 0.055300 0.089100 0.055400 0.063900 0.055200 0.047600 0.064700 0.063500 0.063300 0.055800 0.072300 0.055600 0.023300 0.088100 0.047400 0.055600 0.089600 0.082000 0.055800 0.115700 0.081400 0.039600 0.055800 0.089300
Reindeer 0.047300 0.185900 0.080600 0.181600 0.064400 0.047300 0.056000 0.064000 0.088900 0.039300 0.055600 0.047300 0.073000 0.064600 0.081500 0.047500 0.108300 0.085800 0.064100 0.072800 0.064000 0.064100 0.047700 0.000000 0.055600 0.071800 0.055700 0.097600 0.055600 0.089400 0.055500 0.064100 0.071800 0.047800 0.064800 0.063700 0.063600 0.056000 0.055700 0.039400 0.039300 0.071600 0.047400 0.007700 0.089800 0.065100 0.056000 0.115800 0.064500 0.056000 0.072700 0.089500
Ibex 0.007600 0.215300 0.071600 0.219300 0.039300 0.007700 0.039300 0.039100 0.063200 0.063200 0.000000 0.038900 0.047600 0.047600 0.055700 0.023300 0.098900 0.077400 0.023300 0.063700 0.039100 0.007700 0.055400 0.055600 0.000000 0.046800 0.031100 0.088200 0.031000 0.080100 0.079800 0.039200 0.063000 0.023300 0.031500 0.055000 0.023200 0.031200 0.047300 0.047200 0.031000 0.063500 0.071700 0.063600 0.080500 0.047900 0.031300 0.089200 0.055900 0.047400 0.047500 0.080300
GyrantGaze 0.038700 0.193600 0.071200 0.238100 0.055200 0.038700 0.055200 0.054900 0.096100 0.079300 0.046800 0.054500 0.047400 0.063700 0.055400 0.038700 0.115900 0.094200 0.055000 0.079700 0.038900 0.055000 0.071800 0.071800 0.046800 0.000000 0.030900 0.087600 0.046800 0.080800 0.096200 0.055600 0.079200 0.039000 0.055700 0.071000 0.054600 0.047100 0.047000 0.063200 0.046700 0.030400 0.088100 0.079800 0.097000 0.072600 0.031100 0.105700 0.080500 0.064300 0.063400 0.096700
Hartebeest 0.023100 0.195200 0.055200 0.219300 0.039300 0.023300 0.055600 0.039100 0.079800 0.063200 0.031100 0.038900 0.015600 0.047600 0.039500 0.023300 0.099000 0.077500 0.039200 0.063800 0.039100 0.039400 0.055500 0.055700 0.031100 0.030900 0.000000 0.071600 0.031000 0.063600 0.079900 0.039300 0.063200 0.007800 0.039700 0.055300 0.038900 0.031300 0.031300 0.047300 0.031200 0.046700 0.071800 0.063600 0.080600 0.056300 0.031300 0.106400 0.072500 0.047400 0.047400 0.080300
Bongo 0.079700 0.214800 0.031200 0.219000 0.097400 0.079500 0.097500 0.096900 0.023100 0.105300 0.088200 0.063200 0.089500 0.106600 0.097900 0.079800 0.134700 0.112100 0.097100 0.039400 0.097000 0.097000 0.097300 0.097600 0.088200 0.087600 0.071600 0.000000 0.088100 0.023400 0.122800 0.097200 0.105000 0.080300 0.081200 0.079800 0.096200 0.088800 0.088800 0.088700 0.071500 0.104600 0.114400 0.105800 0.106300 0.098800 0.088800 0.133000 0.115600 0.089000 0.039300 0.007700
Gerenuk 0.023100 0.194300 0.071500 0.198800 0.039200 0.023100 0.055500 0.039300 0.079600 0.063100 0.031000 0.023100 0.047600 0.047500 0.055600 0.023300 0.098700 0.077300 0.039100 0.047300 0.039100 0.039100 0.055300 0.055600 0.031000 0.046800 0.031000 0.088100 0.000000 0.063500 0.079700 0.023200 0.063000 0.023300 0.039600 0.038900 0.038800 0.031200 0.047200 0.047200 0.031200 0.062800 0.071600 0.047100 0.063600 0.056200 0.031200 0.106200 0.072400 0.047300 0.047300 0.080200
CommonElan 0.071500 0.185500 0.023300 0.199700 0.089200 0.071500 0.089300 0.088700 0.047200 0.097100 0.080100 0.039000 0.081200 0.098400 0.089600 0.071800 0.135200 0.112400 0.089300 0.015600 0.088800 0.088800 0.089100 0.089400 0.080100 0.080800 0.063600 0.023400 0.063500 0.000000 0.114500 0.072100 0.096800 0.072200 0.073000 0.055200 0.088100 0.080600 0.080700 0.080600 0.063500 0.096400 0.106200 0.080400 0.080900 0.090500 0.080700 0.124500 0.107300 0.080900 0.031400 0.031600
MuntiacusR 0.071200 0.214800 0.088300 0.218700 0.088900 0.071200 0.097400 0.088400 0.113900 0.015300 0.079800 0.071300 0.097900 0.072400 0.106500 0.071500 0.116600 0.094600 0.088500 0.097500 0.088000 0.088500 0.055400 0.055500 0.079800 0.096200 0.079900 0.122800 0.079700 0.114500 0.000000 0.088600 0.062500 0.071900 0.089600 0.088100 0.071100 0.080300 0.080300 0.080100 0.047000 0.113200 0.007600 0.063400 0.115100 0.107400 0.080300 0.123900 0.106600 0.063800 0.080400 0.114600
HarveysDui 0.031100 0.205800 0.080300 0.209800 0.047600 0.031100 0.047500 0.039200 0.088500 0.071800 0.039200 0.031100 0.056000 0.023500 0.064300 0.031200 0.108200 0.086300 0.047400 0.055700 0.047300 0.047300 0.063900 0.064100 0.039200 0.055600 0.039300 0.097200 0.023200 0.072100 0.088600 0.000000 0.071600 0.031400 0.048000 0.047100 0.047400 0.039400 0.055700 0.055600 0.039100 0.054900 0.080500 0.055600 0.055700 0.064800 0.039400 0.097900 0.081300 0.055800 0.055800 0.089100
Pronghorn 0.054600 0.224600 0.088100 0.198500 0.071800 0.054700 0.080100 0.071400 0.096300 0.063000 0.063000 0.054800 0.080500 0.072100 0.072000 0.054900 0.081400 0.077300 0.071500 0.080200 0.071400 0.071500 0.055200 0.071800 0.063000 0.079200 0.063200 0.105000 0.063000 0.096800 0.062500 0.071600 0.000000 0.055200 0.072300 0.071900 0.070800 0.063500 0.080100 0.063300 0.030900 0.095800 0.054600 0.079900 0.097300 0.081000 0.062800 0.132100 0.089000 0.063600 0.063500 0.097000
BlueWildeb 0.015400 0.206400 0.063700 0.210600 0.031500 0.015400 0.047700 0.031300 0.071900 0.055400 0.023300 0.031200 0.023600 0.039700 0.047800 0.015700 0.090800 0.069300 0.031400 0.055900 0.031400 0.031300 0.047600 0.047800 0.023300 0.039000 0.007800 0.080300 0.023300 0.072200 0.071900 0.031400 0.055200 0.000000 0.031800 0.047200 0.031200 0.023500 0.039500 0.039400 0.023300 0.055100 0.063800 0.055700 0.072400 0.048300 0.023600 0.098300 0.064600 0.039900 0.039500 0.072400
Gemsbok 0.031400 0.208200 0.064400 0.213100 0.048200 0.031400 0.064900 0.047900 0.072600 0.072600 0.031500 0.047600 0.056700 0.056700 0.065100 0.031600 0.109100 0.085400 0.048000 0.056500 0.047900 0.039700 0.064700 0.064800 0.031500 0.055700 0.039700 0.081200 0.039600 0.073000 0.089600 0.048000 0.072300 0.031800 0.000000 0.064200 0.047500 0.039900 0.056100 0.056100 0.039600 0.072100 0.081100 0.072900 0.090400 0.048700 0.039900 0.099100 0.082100 0.056500 0.040000 0.073200
Yak 0.046800 0.184500 0.079800 0.189200 0.063600 0.046800 0.063700 0.063200 0.071400 0.071600 0.055000 0.015300 0.072300 0.072000 0.080600 0.046900 0.107500 0.085900 0.063200 0.039200 0.063300 0.063100 0.063500 0.063700 0.055000 0.071000 0.055300 0.079800 0.038900 0.055200 0.088100 0.047100 0.071900 0.047200 0.064200 0.000000 0.063100 0.055300 0.071800 0.055300 0.038900 0.087500 0.080000 0.055200 0.023400 0.064500 0.055300 0.132600 0.080800 0.055500 0.055300 0.071900
BlueSheep 0.015400 0.224100 0.079500 0.227900 0.047100 0.015300 0.047200 0.047100 0.071100 0.070900 0.023300 0.046700 0.055500 0.039300 0.063500 0.030900 0.107100 0.085600 0.031100 0.071700 0.046900 0.031000 0.063300 0.063600 0.023200 0.054600 0.038900 0.096200 0.038800 0.088100 0.071100 0.047400 0.070800 0.031200 0.047500 0.063100 0.000000 0.039100 0.055100 0.055100 0.038800 0.070700 0.079500 0.071500 0.088500 0.064300 0.039100 0.080300 0.063800 0.055300 0.055200 0.088300
BohorReedb 0.023200 0.196300 0.072000 0.210800 0.007800 0.023200 0.055900 0.039300 0.080200 0.063600 0.031200 0.039100 0.047900 0.047900 0.056100 0.023400 0.099500 0.077800 0.039400 0.064200 0.039300 0.039300 0.055800 0.056000 0.031200 0.047100 0.031300 0.088800 0.031200 0.080600 0.080300 0.039400 0.063500 0.023500 0.039900 0.055300 0.039100 0.000000 0.047600 0.047500 0.031200 0.063500 0.072200 0.064000 0.081000 0.056600 0.031500 0.107000 0.072900 0.047700 0.047600 0.080800
KirksDik 0.039100 0.195600 0.072000 0.241000 0.055800 0.039100 0.072500 0.055500 0.097200 0.063600 0.047300 0.055200 0.047800 0.064500 0.047800 0.039200 0.117000 0.094300 0.055600 0.081000 0.055500 0.055600 0.072300 0.055700 0.047300 0.047000 0.031300 0.088800 0.047200 0.080700 0.080300 0.055700 0.080100 0.039500 0.056100 0.071800 0.055100 0.047600 0.000000 0.063700 0.047300 0.063200 0.071700 0.063700 0.080900 0.073200 0.047600 0.124200 0.072700 0.047600 0.064100 0.097800
RoeDeer 0.039000 0.195300 0.088700 0.200400 0.055800 0.039000 0.047600 0.055500 0.080200 0.063500 0.047200 0.039100 0.064000 0.056000 0.072700 0.039200 0.099000 0.076900 0.055600 0.064100 0.055500 0.055500 0.055600 0.039400 0.047200 0.063200 0.047300 0.088700 0.047200 0.080600 0.080100 0.055600 0.063300 0.039400 0.056100 0.055300 0.055100 0.047500 0.063700 0.000000 0.031200 0.079700 0.071800 0.047300 0.080900 0.056400 0.047500 0.124200 0.055900 0.064100 0.064000 0.080700
WhiteLippe 0.023200 0.184700 0.055100 0.179800 0.039300 0.023300 0.047600 0.039100 0.063200 0.031000 0.031000 0.023200 0.047600 0.039400 0.055600 0.023300 0.064600 0.043400 0.039100 0.047400 0.039100 0.039100 0.023300 0.039300 0.031000 0.046700 0.031200 0.071500 0.031200 0.063500 0.047000 0.039100 0.030900 0.023300 0.039600 0.038900 0.038800 0.031200 0.047300 0.031200 0.000000 0.062800 0.039100 0.047200 0.063800 0.056200 0.031200 0.106200 0.055800 0.031300 0.031300 0.063600
ThomsonGaz 0.054300 0.234200 0.087800 0.247900 0.071600 0.054500 0.071500 0.071200 0.113000 0.096000 0.062900 0.070900 0.063700 0.063500 0.071600 0.054700 0.133600 0.111400 0.071300 0.097000 0.071200 0.071200 0.088100 0.071600 0.063500 0.030400 0.046700 0.104600 0.062800 0.096400 0.113200 0.054900 0.095800 0.055100 0.072100 0.087500 0.070700 0.063500 0.063200 0.079700 0.062800 0.000000 0.105000 0.079600 0.096800 0.089400 0.047100 0.122800 0.106000 0.079900 0.079900 0.113700
MuntiacusC 0.063200 0.204800 0.080200 0.209700 0.080700 0.063200 0.089100 0.080200 0.105600 0.007700 0.071700 0.063300 0.089400 0.081000 0.098200 0.063400 0.107800 0.085600 0.080400 0.089300 0.080300 0.080300 0.047400 0.047400 0.071700 0.088100 0.071800 0.114400 0.071600 0.106200 0.007600 0.080500 0.054600 0.063800 0.081100 0.080000 0.079500 0.072200 0.071700 0.071800 0.039100 0.105000 0.000000 0.055300 0.106700 0.098700 0.072200 0.132800 0.098000 0.055700 0.072300 0.106300
WhiteTaile 0.055200 0.175000 0.088700 0.171000 0.072400 0.055200 0.064000 0.072000 0.097100 0.047100 0.063600 0.039000 0.081100 0.072700 0.089700 0.055400 0.116700 0.094100 0.072100 0.064000 0.072100 0.072100 0.055600 0.007700 0.063600 0.079800 0.063600 0.105800 0.047100 0.080400 0.063400 0.055600 0.079900 0.055700 0.072900 0.055200 0.071500 0.064000 0.063700 0.047300 0.047200 0.079600 0.055300 0.000000 0.080800 0.073200 0.064000 0.124100 0.072600 0.064100 0.080800 0.097700
Cattle 0.071800 0.217200 0.106400 0.220800 0.089600 0.071800 0.072400 0.089100 0.097500 0.097600 0.080500 0.039200 0.098800 0.081800 0.098500 0.072100 0.117600 0.112900 0.089200 0.064300 0.089200 0.089300 0.089600 0.089800 0.080500 0.097000 0.080600 0.106300 0.063600 0.080900 0.115100 0.055700 0.097300 0.072400 0.090400 0.023400 0.088500 0.081000 0.080900 0.080900 0.063800 0.096800 0.106700 0.080800 0.000000 0.090800 0.081000 0.142800 0.107800 0.081200 0.080700 0.098200
RoyalAntel 0.047800 0.229900 0.098800 0.203800 0.065100 0.047800 0.065200 0.064700 0.090000 0.089900 0.047900 0.047900 0.073900 0.073900 0.073800 0.048000 0.127200 0.104100 0.056500 0.073600 0.064800 0.056300 0.082000 0.065100 0.047900 0.072600 0.056300 0.098800 0.056200 0.090500 0.107400 0.064800 0.081000 0.048300 0.048700 0.064500 0.064300 0.056600 0.073200 0.056400 0.056200 0.089400 0.098700 0.073200 0.090800 0.000000 0.056700 0.116500 0.082500 0.073600 0.073500 0.090700
Steenbok 0.023300 0.216800 0.072000 0.220800 0.039600 0.023300 0.055900 0.039600 0.080200 0.063600 0.031300 0.039100 0.048000 0.047900 0.056100 0.023300 0.099600 0.077900 0.039400 0.064200 0.039400 0.039500 0.055800 0.056000 0.031300 0.031100 0.031300 0.088800 0.031200 0.080700 0.080300 0.039400 0.062800 0.023600 0.039900 0.055300 0.039100 0.031500 0.047600 0.047500 0.031200 0.047100 0.072200 0.064000 0.081000 0.056700 0.000000 0.107100 0.073000 0.047700 0.047800 0.080800
Impala 0.080300 0.281000 0.097800 0.295400 0.116000 0.080300 0.081200 0.115300 0.123800 0.123700 0.089200 0.114700 0.125300 0.090200 0.107300 0.097700 0.182600 0.158300 0.098100 0.125000 0.097900 0.098000 0.115700 0.115800 0.089200 0.105700 0.106400 0.133000 0.106200 0.124500 0.123900 0.097900 0.132100 0.098300 0.099100 0.132600 0.080300 0.107000 0.124200 0.124200 0.106200 0.122800 0.132800 0.124100 0.142800 0.116500 0.107100 0.000000 0.125500 0.124900 0.107100 0.124800
Klipspring 0.047500 0.228500 0.115700 0.232900 0.081600 0.047500 0.048100 0.081100 0.089400 0.089300 0.055900 0.064000 0.090500 0.081900 0.099200 0.064100 0.126900 0.103200 0.064400 0.090300 0.072700 0.064300 0.081400 0.064500 0.055900 0.080500 0.072500 0.115600 0.072400 0.107300 0.106600 0.081300 0.089000 0.064600 0.082100 0.080800 0.063800 0.072900 0.072700 0.055900 0.055800 0.106000 0.098000 0.072600 0.107800 0.082500 0.073000 0.125500 0.000000 0.090200 0.090100 0.107400
ForestMusk 0.039200 0.176800 0.072200 0.201100 0.056000 0.039200 0.072700 0.055800 0.080400 0.047500 0.047400 0.039200 0.064600 0.064400 0.073200 0.039300 0.099800 0.078000 0.055700 0.064300 0.055700 0.055600 0.039600 0.056000 0.047400 0.064300 0.047400 0.089000 0.047300 0.080900 0.063800 0.055800 0.063600 0.039900 0.056500 0.055500 0.055300 0.047700 0.047600 0.064100 0.031300 0.079900 0.055700 0.064100 0.081200 0.073600 0.047700 0.124900 0.090200 0.000000 0.047800 0.081000
Bushbuck 0.039100 0.206400 0.023500 0.201000 0.055900 0.039100 0.072600 0.055600 0.031300 0.063400 0.047700 0.039200 0.064600 0.064600 0.072600 0.039300 0.099700 0.077900 0.055700 0.015600 0.055600 0.055700 0.055800 0.072700 0.047500 0.063400 0.047400 0.039300 0.047300 0.031400 0.080400 0.055800 0.063500 0.039500 0.040000 0.055300 0.055200 0.047600 0.064100 0.064000 0.031300 0.079900 0.072300 0.080800 0.080700 0.073500 0.047800 0.107100 0.090100 0.047800 0.000000 0.031500
GreaterKud 0.071600 0.226400 0.039300 0.210300 0.089400 0.071600 0.089500 0.088900 0.015400 0.097200 0.080300 0.055300 0.098600 0.098500 0.107100 0.071900 0.126400 0.103800 0.089000 0.031500 0.088900 0.089000 0.089300 0.089500 0.080300 0.096700 0.080300 0.007700 0.080200 0.031600 0.114600 0.089100 0.097000 0.072400 0.073200 0.071900 0.088300 0.080800 0.097800 0.080700 0.063600 0.113700 0.106300 0.097700 0.098200 0.090700 0.080800 0.124800 0.107400 0.081000 0.031500 0.000000
