1
52 1
Argali 0.000000 0.440500 0.170500 0.536200 0.247600 0.038200 0.069400 0.116700 0.157300 0.538400 0.054200 0.144000 0.097800 0.069500 0.109600 0.145700 0.153600 0.154400 0.084500 0.157200 0.112900 0.027100 0.392000 0.408500 0.054000 0.115200 0.097800 0.157200 0.115200 0.172900 0.538400 0.083200 0.141100 0.083200 0.112500 0.100200 0.040600 0.151500 0.273400 0.382000 0.415200 0.115200 0.560400 0.385400 0.142400 0.149800 0.184200 0.112100 0.115600 0.132800 0.157400 0.172700
LesserMous 0.440500 0.000000 0.443800 0.871600 0.497400 0.388800 0.397700 0.408400 0.430500 0.575400 0.433800 0.414900 0.434300 0.397500 0.465700 0.401600 0.385400 0.379700 0.421900 0.429900 0.397100 0.403300 0.503700 0.574000 0.434300 0.403600 0.434300 0.429900 0.403600 0.450100 0.575400 0.374300 0.385700 0.413900 0.413900 0.363500 0.420000 0.437400 0.546900 0.622200 0.528800 0.403600 0.596900 0.547900 0.355400 0.455700 0.439900 0.429300 0.405600 0.409700 0.431300 0.451600
LesserKudu 0.170500 0.443800 0.000000 0.537700 0.293500 0.158300 0.094900 0.174200 0.012500 0.594400 0.138000 0.138100 0.122800 0.095000 0.135000 0.171200 0.135500 0.148400 0.080300 0.012500 0.106800 0.141100 0.442700 0.414000 0.138000 0.140700 0.122800 0.012500 0.140700 0.025100 0.594400 0.108400 0.165400 0.108400 0.137400 0.096100 0.124600 0.177600 0.296600 0.455400 0.443800 0.140700 0.617100 0.413100 0.136900 0.226400 0.148300 0.153700 0.189600 0.127300 0.012400 0.025000
KillerWhal 0.536200 0.871600 0.537700 0.000000 0.831600 0.579700 0.516900 0.676000 0.525700 1.408700 0.530500 0.532200 0.560400 0.516900 0.565400 0.652700 0.526700 0.540600 0.514300 0.526100 0.543000 0.546300 1.126500 0.886500 0.530100 0.603900 0.560400 0.526100 0.603900 0.550100 1.408700 0.535600 0.621500 0.535600 0.535600 0.503400 0.513800 0.631100 0.788600 1.013500 1.152700 0.603900 1.461800 0.871900 0.558000 0.680400 0.588400 0.624100 0.663900 0.585400 0.525400 0.549200
DefassaWat 0.247600 0.497400 0.293500 0.831600 0.000000 0.235200 0.174700 0.177900 0.279900 0.509300 0.226700 0.227400 0.207900 0.174900 0.257400 0.192300 0.256800 0.273500 0.193900 0.279700 0.209300 0.213400 0.381100 0.425000 0.226800 0.193200 0.207900 0.279700 0.193200 0.298900 0.509300 0.190400 0.223000 0.190400 0.225600 0.177800 0.211600 0.130200 0.356400 0.419400 0.355600 0.193200 0.531900 0.453300 0.224600 0.256700 0.268200 0.242800 0.291100 0.217500 0.280100 0.277300
Sheep 0.038200 0.388800 0.158300 0.579700 0.235200 0.000000 0.056300 0.103700 0.144900 0.474100 0.041300 0.131400 0.085000 0.056400 0.097200 0.133100 0.141000 0.142200 0.071500 0.144700 0.100100 0.013100 0.380300 0.396900 0.038300 0.102300 0.085000 0.144700 0.102300 0.160600 0.474100 0.070300 0.160300 0.070400 0.099900 0.087200 0.027500 0.138600 0.261500 0.392400 0.403700 0.102300 0.495400 0.373700 0.130000 0.136900 0.172300 0.130200 0.103100 0.119900 0.145000 0.160400
MaxwellsDu 0.069400 0.397700 0.094900 0.516900 0.174700 0.056300 0.000000 0.070900 0.081900 0.484800 0.040500 0.068800 0.026700 0.000000 0.067200 0.069600 0.077100 0.080500 0.013500 0.081800 0.040800 0.041400 0.347000 0.342600 0.040500 0.041300 0.026700 0.081800 0.041300 0.096200 0.484800 0.013300 0.095900 0.013300 0.040400 0.027400 0.027100 0.072400 0.217900 0.339000 0.347800 0.041300 0.505800 0.342000 0.068100 0.117900 0.108400 0.068200 0.100200 0.056400 0.082000 0.096100
GazellaPrz 0.116700 0.408400 0.174200 0.676000 0.177900 0.103700 0.070900 0.000000 0.160800 0.438800 0.115400 0.147300 0.099900 0.071000 0.143400 0.069900 0.124100 0.158000 0.086400 0.160600 0.099300 0.087100 0.264800 0.303500 0.115500 0.041500 0.099900 0.160600 0.041500 0.176800 0.438800 0.085000 0.113800 0.085000 0.085000 0.102600 0.101500 0.105700 0.185600 0.299500 0.285100 0.041500 0.459000 0.282400 0.114900 0.136000 0.109300 0.113300 0.150700 0.136000 0.161000 0.176600
MountainNy 0.157300 0.430500 0.012500 0.525700 0.279900 0.144900 0.081900 0.160800 0.000000 0.581100 0.125000 0.125100 0.109900 0.081900 0.122300 0.158000 0.122700 0.135700 0.067300 0.000100 0.093300 0.127900 0.428900 0.400200 0.125100 0.127500 0.109900 0.000100 0.127500 0.012600 0.581100 0.095500 0.152500 0.095500 0.124500 0.082900 0.111500 0.164100 0.283500 0.441800 0.429900 0.127500 0.604000 0.399400 0.124000 0.213100 0.135600 0.140800 0.176300 0.113900 0.000000 0.012600
MuntiacusM 0.538400 0.575400 0.594400 1.408700 0.509300 0.474100 0.484800 0.438800 0.581100 0.000000 0.529800 0.557800 0.452500 0.484200 0.567800 0.532300 0.514600 0.557500 0.517700 0.580500 0.483600 0.491100 0.198300 0.262300 0.529000 0.482600 0.452500 0.580500 0.482600 0.607700 0.000000 0.452800 0.443200 0.480000 0.556300 0.490900 0.511900 0.541600 0.553300 0.307100 0.220300 0.482600 0.018500 0.239700 0.550800 0.557100 0.520400 0.524000 0.445500 0.557800 0.580900 0.608400
goat 0.054200 0.433800 0.138000 0.530500 0.226700 0.041300 0.040500 0.115400 0.125000 0.529800 0.000000 0.111900 0.067900 0.040600 0.080000 0.113200 0.120600 0.122900 0.054800 0.124900 0.081600 0.027000 0.386300 0.380400 0.000000 0.083900 0.067900 0.124900 0.083900 0.139900 0.529800 0.054000 0.139500 0.054000 0.082100 0.069600 0.013300 0.117800 0.270100 0.376100 0.387200 0.083900 0.551400 0.379700 0.110800 0.148200 0.151400 0.111000 0.145700 0.100500 0.125100 0.139800
AfricanBuf 0.144000 0.414900 0.138100 0.532200 0.227400 0.131400 0.068800 0.147300 0.125100 0.557800 0.111900 0.000000 0.096900 0.068900 0.081100 0.114000 0.109700 0.122800 0.083800 0.124900 0.083300 0.114600 0.410400 0.382300 0.112000 0.114200 0.096900 0.124900 0.114200 0.139900 0.557800 0.082500 0.139600 0.082500 0.111500 0.041200 0.098400 0.118200 0.308000 0.423100 0.411400 0.114200 0.579800 0.381500 0.081900 0.165500 0.122900 0.141500 0.178300 0.070600 0.125200 0.139800
Topi 0.097800 0.434300 0.122800 0.560400 0.207900 0.085000 0.026700 0.099900 0.109900 0.452500 0.067900 0.096900 0.000000 0.026600 0.094600 0.098100 0.106500 0.108000 0.040500 0.109800 0.068300 0.069500 0.365800 0.360500 0.068000 0.069300 0.000000 0.109800 0.069300 0.124500 0.452500 0.039800 0.124200 0.012400 0.067300 0.055100 0.054600 0.101200 0.181000 0.356600 0.366700 0.069300 0.472700 0.359800 0.095900 0.147200 0.136400 0.096100 0.099100 0.085000 0.110000 0.124400
CommonDuik 0.069500 0.397500 0.095000 0.516900 0.174900 0.056400 0.000000 0.071000 0.081900 0.484200 0.040600 0.068900 0.026600 0.000000 0.067200 0.069700 0.077700 0.080600 0.012800 0.081800 0.040800 0.041500 0.346900 0.341700 0.040600 0.041400 0.026600 0.081800 0.041400 0.096200 0.484200 0.012600 0.096000 0.013200 0.040200 0.027400 0.027200 0.072000 0.218200 0.337900 0.347700 0.041400 0.505100 0.341100 0.068200 0.117200 0.108500 0.068300 0.100300 0.056400 0.082000 0.096200
Suni 0.109600 0.465700 0.135000 0.565400 0.257400 0.097200 0.067200 0.143400 0.122300 0.567800 0.080000 0.081100 0.094600 0.067200 0.000000 0.140700 0.148300 0.149600 0.081800 0.122100 0.108900 0.081800 0.420800 0.416400 0.080100 0.111300 0.094600 0.122100 0.111300 0.136800 0.567800 0.080500 0.166600 0.080500 0.108800 0.097000 0.067000 0.146300 0.263000 0.412100 0.421800 0.111300 0.534200 0.415600 0.137900 0.176800 0.148700 0.138300 0.173800 0.128300 0.122400 0.136800
Springbuck 0.145700 0.401600 0.171200 0.652700 0.192300 0.133100 0.069600 0.069900 0.158000 0.532300 0.113200 0.114000 0.098100 0.069700 0.140700 0.000000 0.137600 0.155000 0.084800 0.157800 0.083000 0.116000 0.321600 0.363700 0.113300 0.027000 0.098100 0.157800 0.025800 0.173600 0.532300 0.083500 0.142200 0.083500 0.083500 0.070800 0.099600 0.103500 0.199000 0.359200 0.322300 0.026000 0.553700 0.363100 0.083300 0.133500 0.093400 0.126500 0.180600 0.102100 0.158200 0.173500
Okapi 0.153600 0.385400 0.135500 0.526700 0.256800 0.141000 0.077100 0.124100 0.122700 0.514600 0.120600 0.109700 0.106500 0.077700 0.148300 0.137600 0.000000 0.038500 0.093200 0.122600 0.076400 0.123800 0.373200 0.374000 0.121000 0.107400 0.106500 0.122600 0.107400 0.137300 0.514600 0.091700 0.107600 0.091700 0.091600 0.068300 0.107100 0.144500 0.258400 0.414200 0.374000 0.107400 0.535400 0.373300 0.108800 0.211000 0.145500 0.117100 0.189200 0.098300 0.122800 0.137300
Giraffe 0.154400 0.379700 0.148400 0.540600 0.273500 0.142200 0.080500 0.158000 0.135700 0.557500 0.122900 0.122800 0.108000 0.080600 0.149600 0.155000 0.038500 0.000000 0.095300 0.135500 0.094800 0.125700 0.415000 0.387900 0.123000 0.125300 0.108000 0.135500 0.125300 0.150400 0.557500 0.093900 0.120500 0.093900 0.093800 0.081500 0.109600 0.161200 0.280000 0.427800 0.415900 0.125300 0.578600 0.387200 0.107600 0.209000 0.162400 0.152200 0.188400 0.111700 0.135800 0.150300
TibetanAnt 0.084500 0.421900 0.080300 0.514300 0.193900 0.071500 0.013500 0.086400 0.067300 0.517700 0.054800 0.083800 0.040500 0.012800 0.081800 0.084800 0.093200 0.095300 0.000000 0.067200 0.055100 0.056100 0.373200 0.368000 0.054900 0.055900 0.040500 0.067200 0.055900 0.081300 0.517700 0.026800 0.111400 0.026800 0.054300 0.041700 0.041300 0.087600 0.237700 0.364000 0.374100 0.055900 0.539500 0.367300 0.083000 0.133800 0.123800 0.083100 0.116300 0.071500 0.067400 0.081300
Sitatunga 0.157200 0.429900 0.012500 0.526100 0.279700 0.144700 0.081800 0.160600 0.000100 0.580500 0.124900 0.124900 0.109800 0.081800 0.122100 0.157800 0.122600 0.135500 0.067200 0.000000 0.093200 0.127800 0.428600 0.399900 0.124900 0.127300 0.109800 0.000000 0.127300 0.012500 0.580500 0.095300 0.152300 0.095400 0.124400 0.082800 0.111400 0.163900 0.283300 0.441500 0.429600 0.127300 0.603300 0.399000 0.123900 0.212800 0.135400 0.140400 0.176300 0.113800 0.000000 0.012600
Oribi 0.112900 0.397100 0.106800 0.543000 0.209300 0.100100 0.040800 0.099300 0.093300 0.483600 0.081600 0.083300 0.068300 0.040800 0.108900 0.083000 0.076400 0.094800 0.055100 0.093200 0.000000 0.083900 0.322400 0.364900 0.082000 0.054700 0.068300 0.093200 0.054700 0.108100 0.483600 0.054300 0.110600 0.054300 0.082600 0.041500 0.068300 0.102500 0.233800 0.406900 0.323100 0.054700 0.504500 0.364200 0.082400 0.166100 0.093400 0.093800 0.146700 0.071100 0.093600 0.108200
BarbaryShe 0.027100 0.403300 0.141100 0.546300 0.213400 0.013100 0.041400 0.087100 0.127900 0.491100 0.027000 0.114600 0.069500 0.041500 0.081800 0.116000 0.123800 0.125700 0.056100 0.127800 0.083900 0.000000 0.351500 0.367300 0.026900 0.086000 0.069500 0.127800 0.086000 0.143200 0.491100 0.055200 0.142800 0.055200 0.084000 0.071300 0.012900 0.120700 0.240000 0.363000 0.373800 0.086000 0.512300 0.345000 0.113300 0.119300 0.154900 0.113600 0.117300 0.102800 0.128000 0.143000
Daviddeer 0.392000 0.503700 0.442700 1.126500 0.381100 0.380300 0.347000 0.264800 0.428900 0.198300 0.386300 0.410400 0.365800 0.346900 0.420800 0.321600 0.373200 0.415000 0.373200 0.428600 0.322400 0.351500 0.000000 0.108200 0.386000 0.281600 0.365800 0.428600 0.281600 0.451900 0.198300 0.365000 0.316200 0.344000 0.365000 0.351700 0.369800 0.412800 0.380800 0.146100 0.016000 0.281600 0.217700 0.089400 0.362000 0.404900 0.321800 0.379000 0.401700 0.405100 0.428900 0.451600
Reindeer 0.408500 0.574000 0.414000 0.886500 0.425000 0.396900 0.342600 0.303500 0.400200 0.262300 0.380400 0.382300 0.360500 0.341700 0.416400 0.363700 0.374000 0.387900 0.368000 0.399900 0.364900 0.367300 0.108200 0.000000 0.380700 0.321100 0.360500 0.399900 0.321100 0.422400 0.262300 0.359900 0.291400 0.338600 0.359900 0.325500 0.364000 0.387000 0.444700 0.067000 0.089000 0.321100 0.282000 0.016400 0.335900 0.375700 0.362400 0.400400 0.419100 0.376300 0.400300 0.422100
Ibex 0.054000 0.434300 0.138000 0.530100 0.226800 0.038300 0.040500 0.115500 0.125100 0.529000 0.000000 0.112000 0.068000 0.040600 0.080100 0.113300 0.121000 0.123000 0.054900 0.124900 0.082000 0.026900 0.386000 0.380700 0.000000 0.084000 0.068000 0.124900 0.084000 0.139900 0.529000 0.054000 0.139500 0.054000 0.082200 0.069700 0.013200 0.117900 0.270100 0.376500 0.386900 0.084000 0.550400 0.380000 0.110800 0.148300 0.151600 0.111100 0.145800 0.100400 0.125200 0.139800
GyrantGaze 0.115200 0.403600 0.140700 0.603900 0.193200 0.102300 0.041300 0.041500 0.127500 0.482600 0.083900 0.114200 0.069300 0.041400 0.111300 0.027000 0.107400 0.125300 0.055900 0.127300 0.054700 0.086000 0.281600 0.321100 0.084000 0.000000 0.069300 0.127300 0.000000 0.142600 0.482600 0.055000 0.112200 0.055000 0.055000 0.071100 0.070300 0.103900 0.166400 0.317000 0.282200 0.000000 0.503400 0.320500 0.083600 0.134000 0.066000 0.097300 0.148700 0.102500 0.127600 0.142500
Hartebeest 0.097800 0.434300 0.122800 0.560400 0.207900 0.085000 0.026700 0.099900 0.109900 0.452500 0.067900 0.096900 0.000000 0.026600 0.094600 0.098100 0.106500 0.108000 0.040500 0.109800 0.068300 0.069500 0.365800 0.360500 0.068000 0.069300 0.000000 0.109800 0.069300 0.124500 0.452500 0.039800 0.124200 0.012400 0.067300 0.055100 0.054600 0.101200 0.181000 0.356600 0.366700 0.069300 0.472700 0.359800 0.095900 0.147200 0.136400 0.096100 0.099100 0.085000 0.110000 0.124400
Bongo 0.157200 0.429900 0.012500 0.526100 0.279700 0.144700 0.081800 0.160600 0.000100 0.580500 0.124900 0.124900 0.109800 0.081800 0.122100 0.157800 0.122600 0.135500 0.067200 0.000000 0.093200 0.127800 0.428600 0.399900 0.124900 0.127300 0.109800 0.000000 0.127300 0.012000 0.580500 0.095300 0.152300 0.095400 0.124400 0.082800 0.111400 0.163900 0.283300 0.441500 0.429600 0.127300 0.603300 0.399000 0.123900 0.212800 0.135400 0.140400 0.176300 0.113800 0.000000 0.012600
Gerenuk 0.115200 0.403600 0.140700 0.603900 0.193200 0.102300 0.041300 0.041500 0.127500 0.482600 0.083900 0.114200 0.069300 0.041400 0.111300 0.025800 0.107400 0.125300 0.055900 0.127300 0.054700 0.086000 0.281600 0.321100 0.084000 0.000000 0.069300 0.127300 0.000000 0.142600 0.482600 0.055000 0.112200 0.055000 0.055000 0.071100 0.070300 0.103900 0.166400 0.317000 0.282200 0.000000 0.503400 0.320500 0.083600 0.134000 0.066000 0.097300 0.148700 0.102500 0.127600 0.142500
CommonElan 0.172900 0.450100 0.025100 0.550100 0.298900 0.160600 0.096200 0.176800 0.012600 0.607700 0.139900 0.139900 0.124500 0.096200 0.136800 0.173600 0.137300 0.150400 0.081300 0.012500 0.108100 0.143200 0.451900 0.422400 0.139900 0.142600 0.124500 0.012000 0.142600 0.000000 0.607700 0.109800 0.167600 0.109900 0.139300 0.097400 0.126300 0.180400 0.301700 0.464900 0.453000 0.142600 0.630800 0.421500 0.138800 0.230100 0.150200 0.155800 0.192600 0.098800 0.012600 0.025400
MuntiacusR 0.538400 0.575400 0.594400 1.408700 0.509300 0.474100 0.484800 0.438800 0.581100 0.000000 0.529800 0.557800 0.452500 0.484200 0.567800 0.532300 0.514600 0.557500 0.517700 0.580500 0.483600 0.491100 0.198300 0.262300 0.529000 0.482600 0.452500 0.580500 0.482600 0.607700 0.000000 0.452800 0.443200 0.480000 0.556300 0.490900 0.511900 0.541600 0.553300 0.307100 0.220300 0.482600 0.017000 0.239700 0.550800 0.557100 0.520400 0.524000 0.445500 0.557800 0.580900 0.608400
HarveysDui 0.083200 0.374300 0.108400 0.535600 0.190400 0.070300 0.013300 0.085000 0.095500 0.452800 0.054000 0.082500 0.039800 0.012600 0.080500 0.083500 0.091700 0.093900 0.026800 0.095300 0.054300 0.055200 0.365000 0.359900 0.054000 0.055000 0.039800 0.095300 0.055000 0.109800 0.452800 0.000000 0.080900 0.026400 0.053500 0.041100 0.040700 0.086200 0.233400 0.356000 0.365900 0.055000 0.473100 0.359200 0.081700 0.131500 0.121900 0.081800 0.114400 0.070400 0.095600 0.109800
Pronghorn 0.141100 0.385700 0.165400 0.621500 0.223000 0.160300 0.095900 0.113800 0.152500 0.443200 0.139500 0.139600 0.124200 0.096000 0.166600 0.142200 0.107600 0.120500 0.111400 0.152300 0.110600 0.142800 0.316200 0.291400 0.139500 0.112200 0.124200 0.152300 0.112200 0.167600 0.443200 0.080900 0.000000 0.109600 0.080900 0.097100 0.126100 0.147100 0.266400 0.328700 0.317000 0.112200 0.463300 0.290800 0.109100 0.229000 0.150000 0.138500 0.207800 0.128600 0.152600 0.167500
BlueWildeb 0.083200 0.413900 0.108400 0.535600 0.190400 0.070400 0.013300 0.085000 0.095500 0.480000 0.054000 0.082500 0.012400 0.013200 0.080500 0.083500 0.091700 0.093900 0.026800 0.095400 0.054300 0.055200 0.344000 0.338600 0.054000 0.055000 0.012400 0.095400 0.055000 0.109900 0.480000 0.026400 0.109600 0.000000 0.053500 0.041100 0.040700 0.086200 0.198500 0.334900 0.344700 0.055000 0.500800 0.338000 0.081700 0.131600 0.121900 0.081800 0.084400 0.070400 0.095600 0.109800
Gemsbok 0.112500 0.413900 0.137400 0.535600 0.225600 0.099900 0.040400 0.085000 0.124500 0.556300 0.082100 0.111500 0.067300 0.040200 0.108800 0.083500 0.091600 0.093800 0.054300 0.124400 0.082600 0.084000 0.365000 0.359900 0.082200 0.055000 0.067300 0.124400 0.055000 0.139300 0.556300 0.053500 0.080900 0.053500 0.000000 0.069400 0.068700 0.116600 0.233400 0.356000 0.365900 0.055000 0.577900 0.359200 0.081700 0.163200 0.121900 0.110600 0.145100 0.100000 0.124600 0.139200
Yak 0.100200 0.363500 0.096100 0.503400 0.177800 0.087200 0.027400 0.102600 0.082900 0.490900 0.069600 0.041200 0.055100 0.027400 0.097000 0.070800 0.068300 0.081500 0.041700 0.082800 0.041500 0.071300 0.351700 0.325500 0.069700 0.071100 0.055100 0.082800 0.071100 0.097400 0.490900 0.041100 0.097100 0.041100 0.069400 0.000000 0.055900 0.073600 0.271000 0.364900 0.352400 0.071100 0.512100 0.324800 0.040200 0.119900 0.110200 0.098700 0.133100 0.028100 0.083000 0.097300
BlueSheep 0.040600 0.420000 0.124600 0.513800 0.211600 0.027500 0.027100 0.101500 0.111500 0.511900 0.013300 0.098400 0.054600 0.027200 0.067000 0.099600 0.107100 0.109600 0.041300 0.111400 0.068300 0.012900 0.369800 0.364000 0.013200 0.070300 0.054600 0.111400 0.070300 0.126300 0.511900 0.040700 0.126100 0.040700 0.068700 0.055900 0.000000 0.103500 0.255400 0.359900 0.370700 0.070300 0.533300 0.363300 0.097300 0.133900 0.138300 0.097500 0.131700 0.086400 0.111600 0.126300
BohorReedb 0.151500 0.437400 0.177600 0.631100 0.130200 0.138600 0.072400 0.105700 0.164100 0.541600 0.117800 0.118200 0.101200 0.072000 0.146300 0.103500 0.144500 0.161200 0.087600 0.163900 0.102500 0.120700 0.412800 0.387000 0.117900 0.103900 0.101200 0.163900 0.103900 0.180400 0.541600 0.086200 0.147100 0.086200 0.116600 0.073600 0.103500 0.000000 0.305100 0.431700 0.413800 0.103900 0.564000 0.386300 0.116900 0.139900 0.175000 0.132500 0.188100 0.106200 0.164200 0.162800
KirksDik 0.273400 0.546900 0.296600 0.788600 0.356400 0.261500 0.217900 0.185600 0.283500 0.553300 0.270100 0.308000 0.181000 0.218200 0.263000 0.199000 0.258400 0.280000 0.237700 0.283300 0.233800 0.240000 0.380800 0.444700 0.270100 0.166400 0.181000 0.283300 0.166400 0.301700 0.553300 0.233400 0.266400 0.198500 0.233400 0.271000 0.255400 0.305100 0.000000 0.437900 0.400700 0.166400 0.574700 0.423400 0.281200 0.300600 0.237500 0.283900 0.277500 0.300500 0.283600 0.301300
RoeDeer 0.382000 0.622200 0.455400 1.013500 0.419400 0.392400 0.339000 0.299500 0.441800 0.307100 0.376100 0.423100 0.356600 0.337900 0.412100 0.359200 0.414200 0.427800 0.364000 0.441500 0.406900 0.363000 0.146100 0.067000 0.376500 0.317000 0.356600 0.441500 0.317000 0.464900 0.307100 0.356000 0.328700 0.334900 0.356000 0.364900 0.359900 0.431700 0.437900 0.000000 0.126200 0.317000 0.327300 0.084800 0.375100 0.419100 0.402300 0.395300 0.391600 0.418500 0.441900 0.464800
WhiteLippe 0.415200 0.528800 0.443800 1.152700 0.355600 0.403700 0.347800 0.285100 0.429900 0.220300 0.387200 0.411400 0.366700 0.347700 0.421800 0.322300 0.374000 0.415900 0.374100 0.429600 0.323100 0.373800 0.016000 0.089000 0.386900 0.282200 0.366700 0.429600 0.282200 0.453000 0.220300 0.365900 0.317000 0.344700 0.365900 0.352400 0.370700 0.413800 0.400700 0.126200 0.000000 0.282200 0.239900 0.108200 0.362800 0.428600 0.322500 0.379800 0.425500 0.406100 0.429900 0.452700
ThomsonGaz 0.115200 0.403600 0.140700 0.603900 0.193200 0.102300 0.041300 0.041500 0.127500 0.482600 0.083900 0.114200 0.069300 0.041400 0.111300 0.026000 0.107400 0.125300 0.055900 0.127300 0.054700 0.086000 0.281600 0.321100 0.084000 0.000000 0.069300 0.127300 0.000000 0.142600 0.482600 0.055000 0.112200 0.055000 0.055000 0.071100 0.070300 0.103900 0.166400 0.317000 0.282200 0.000000 0.503400 0.320500 0.083600 0.134000 0.066000 0.097300 0.148700 0.102500 0.127600 0.142500
MuntiacusC 0.560400 0.596900 0.617100 1.461800 0.531900 0.495400 0.505800 0.459000 0.604000 0.018500 0.551400 0.579800 0.472700 0.505100 0.534200 0.553700 0.535400 0.578600 0.539500 0.603300 0.504500 0.512300 0.217700 0.282000 0.550400 0.503400 0.472700 0.603300 0.503400 0.630800 0.017000 0.473100 0.463300 0.500800 0.577900 0.512100 0.533300 0.564000 0.574700 0.327300 0.239900 0.503400 0.000000 0.259200 0.572500 0.579400 0.540700 0.545300 0.466300 0.580300 0.603600 0.631800
WhiteTaile 0.385400 0.547900 0.413100 0.871900 0.453300 0.373700 0.342000 0.282400 0.399400 0.239700 0.379700 0.381500 0.359800 0.341100 0.415600 0.363100 0.373300 0.387200 0.367300 0.399000 0.364200 0.345000 0.089400 0.016400 0.380000 0.320500 0.359800 0.399000 0.320500 0.421500 0.239700 0.359200 0.290800 0.338000 0.359200 0.324800 0.363300 0.386300 0.423400 0.084800 0.108200 0.320500 0.259200 0.000000 0.335300 0.353100 0.361800 0.399700 0.395300 0.375500 0.399400 0.421200
Cattle 0.142400 0.355400 0.136900 0.558000 0.224600 0.130000 0.068100 0.114900 0.124000 0.550800 0.110800 0.081900 0.095900 0.068200 0.137900 0.083300 0.108800 0.107600 0.083000 0.123900 0.082400 0.113300 0.362000 0.335900 0.110800 0.083600 0.095900 0.123900 0.083600 0.138800 0.550800 0.081700 0.109100 0.081700 0.081700 0.040200 0.097300 0.116900 0.281200 0.375100 0.362800 0.083600 0.572500 0.335300 0.000000 0.163800 0.121800 0.140300 0.176500 0.069900 0.124100 0.138600
RoyalAntel 0.149800 0.455700 0.226400 0.680400 0.256700 0.136900 0.117900 0.136000 0.213100 0.557100 0.148200 0.165500 0.147200 0.117200 0.176800 0.133500 0.211000 0.209000 0.133800 0.212800 0.166100 0.119300 0.404900 0.375700 0.148300 0.134000 0.147200 0.212800 0.134000 0.230100 0.557100 0.131500 0.229000 0.131600 0.163200 0.119900 0.133900 0.139900 0.300600 0.419100 0.428600 0.134000 0.579400 0.353100 0.163800 0.000000 0.204900 0.197500 0.204000 0.154600 0.213200 0.229900
Steenbok 0.184200 0.439900 0.148300 0.588400 0.268200 0.172300 0.108400 0.109300 0.135600 0.520400 0.151400 0.122900 0.136400 0.108500 0.148700 0.093400 0.145500 0.162400 0.123800 0.135400 0.093400 0.154900 0.321800 0.362400 0.151600 0.066000 0.136400 0.135400 0.066000 0.150200 0.520400 0.121900 0.150000 0.121900 0.121900 0.110200 0.138300 0.175000 0.237500 0.402300 0.322500 0.066000 0.540700 0.361800 0.121800 0.204900 0.000000 0.120900 0.219600 0.141800 0.135700 0.150100
Impala 0.112100 0.429300 0.153700 0.624100 0.242800 0.130200 0.068200 0.113300 0.140800 0.524000 0.111000 0.141500 0.096100 0.068300 0.138300 0.126500 0.117100 0.152200 0.083100 0.140400 0.093800 0.113600 0.379000 0.400400 0.111100 0.097300 0.096100 0.140400 0.097300 0.155800 0.524000 0.081800 0.138500 0.081800 0.110600 0.098700 0.097500 0.132500 0.283900 0.395300 0.379800 0.097300 0.545300 0.399700 0.140300 0.197500 0.120900 0.000000 0.144600 0.130500 0.140800 0.155900
Klipspring 0.115600 0.405600 0.189600 0.663900 0.291100 0.103100 0.100200 0.150700 0.176300 0.445500 0.145700 0.178300 0.099100 0.100300 0.173800 0.180600 0.189200 0.188400 0.116300 0.176300 0.146700 0.117300 0.401700 0.419100 0.145800 0.148700 0.099100 0.176300 0.148700 0.192600 0.445500 0.114400 0.207800 0.084400 0.145100 0.133100 0.131700 0.188100 0.277500 0.391600 0.425500 0.148700 0.466300 0.395300 0.176500 0.204000 0.219600 0.144600 0.000000 0.167800 0.176500 0.192300
ForestMusk 0.132800 0.409700 0.127300 0.585400 0.217500 0.119900 0.056400 0.136000 0.113900 0.557800 0.100500 0.070600 0.085000 0.056400 0.128300 0.102100 0.098300 0.111700 0.071500 0.113800 0.071100 0.102800 0.405100 0.376300 0.100400 0.102500 0.085000 0.113800 0.102500 0.098800 0.557800 0.070400 0.128600 0.070400 0.100000 0.028100 0.086400 0.106200 0.300500 0.418500 0.406100 0.102500 0.580300 0.375500 0.069900 0.154600 0.141800 0.130500 0.167800 0.000000 0.114000 0.128900
Bushbuck 0.157400 0.431300 0.012400 0.525400 0.280100 0.145000 0.082000 0.161000 0.000000 0.580900 0.125100 0.125200 0.110000 0.082000 0.122400 0.158200 0.122800 0.135800 0.067400 0.000000 0.093600 0.128000 0.428900 0.400300 0.125200 0.127600 0.110000 0.000000 0.127600 0.012600 0.580900 0.095600 0.152600 0.095600 0.124600 0.083000 0.111600 0.164200 0.283600 0.441900 0.429900 0.127600 0.603600 0.399400 0.124100 0.213200 0.135700 0.140800 0.176500 0.114000 0.000000 0.012600
GreaterKud 0.172700 0.451600 0.025000 0.549200 0.277300 0.160400 0.096100 0.176600 0.012600 0.608400 0.139800 0.139800 0.124400 0.096200 0.136800 0.173500 0.137300 0.150300 0.081300 0.012600 0.108200 0.143000 0.451600 0.422100 0.139800 0.142500 0.124400 0.012600 0.142500 0.025400 0.608400 0.109800 0.167500 0.109800 0.139200 0.097300 0.126300 0.162800 0.301300 0.464800 0.452700 0.142500 0.631800 0.421200 0.138600 0.229900 0.150100 0.155900 0.192300 0.128900 0.012600 0.000000
