1
52 1
Argali 0.000000 0.303700 0.019700 0.147500 0.000000 0.000000 0.019500 0.079300 0.039500 0.104200 0.041200 0.083300 0.018800 0.038700 0.019400 0.020600 0.082000 0.100600 0.000100 0.039800 0.019400 0.000000 0.060700 0.103800 0.019900 0.000100 0.019100 0.039800 0.019800 0.039800 0.104200 0.019400 0.103700 0.040200 0.019900 0.018900 0.019900 0.000000 0.039500 0.081900 0.060700 0.000100 0.104200 0.145000 0.019000 0.060100 0.060200 0.058900 0.058600 0.061900 0.039800 0.019500
LesserMous 0.303700 0.000000 0.277100 0.244000 0.303700 0.303700 0.333800 0.383000 0.302900 0.362200 0.371900 0.337400 0.332400 0.299600 0.329400 0.358800 0.332500 0.327200 0.301600 0.276800 0.329400 0.303700 0.334300 0.397900 0.336600 0.303800 0.332400 0.276800 0.332400 0.276800 0.362200 0.273500 0.400400 0.305500 0.336700 0.277100 0.336600 0.303700 0.359200 0.362500 0.334300 0.303800 0.362200 0.352000 0.277100 0.274500 0.362500 0.321300 0.325200 0.303700 0.276800 0.272400
LesserKudu 0.019700 0.277100 0.000000 0.125200 0.019100 0.018900 0.039800 0.100800 0.019600 0.082900 0.063000 0.062100 0.040200 0.059100 0.039500 0.042000 0.061100 0.079800 0.019700 0.019800 0.039500 0.019700 0.040200 0.082500 0.040600 0.019800 0.040200 0.019800 0.040400 0.019800 0.082900 0.039400 0.082200 0.020000 0.040500 0.000000 0.040600 0.019700 0.060500 0.061000 0.040200 0.019800 0.082900 0.123300 0.000000 0.081600 0.081800 0.080100 0.079600 0.041100 0.019800 0.000100
KillerWhal 0.147500 0.244000 0.125200 0.000000 0.147500 0.147500 0.171200 0.239600 0.146700 0.147700 0.201700 0.173600 0.171400 0.190500 0.168700 0.178800 0.125000 0.167600 0.160400 0.148200 0.168700 0.147500 0.125100 0.172300 0.173700 0.147400 0.171400 0.148200 0.171200 0.148200 0.147700 0.168300 0.222700 0.148700 0.172700 0.125200 0.173700 0.147500 0.193000 0.147900 0.125100 0.147400 0.147700 0.192800 0.125200 0.193000 0.193700 0.216300 0.213500 0.149600 0.148200 0.123300
DefassaWat 0.000000 0.303700 0.019100 0.147500 0.000000 0.000000 0.019500 0.079300 0.039500 0.104200 0.041200 0.083300 0.018800 0.038700 0.019400 0.020600 0.082000 0.100600 0.000100 0.039800 0.019400 0.000000 0.060700 0.103800 0.019900 0.000100 0.019700 0.039800 0.019800 0.039800 0.104200 0.019400 0.103700 0.040200 0.019900 0.019700 0.019900 0.000000 0.039500 0.081900 0.060700 0.000100 0.104200 0.145000 0.019700 0.060100 0.060200 0.058900 0.058600 0.061900 0.036900 0.019500
Sheep 0.000000 0.303700 0.018900 0.147500 0.000000 0.000000 0.019500 0.079300 0.039500 0.104200 0.041200 0.083300 0.019700 0.038700 0.019400 0.020600 0.082000 0.100600 0.000100 0.039800 0.019400 0.000000 0.060700 0.103800 0.019900 0.000100 0.019700 0.039800 0.019800 0.039800 0.104200 0.019400 0.103700 0.040200 0.019900 0.019700 0.019900 0.000000 0.039500 0.081900 0.060700 0.000100 0.104200 0.145000 0.019700 0.060100 0.060200 0.058900 0.058600 0.061900 0.039800 0.019500
MaxwellsDu 0.019500 0.333800 0.039800 0.171200 0.019500 0.019500 0.000000 0.100400 0.059900 0.126400 0.062600 0.061300 0.037400 0.058700 0.039300 0.041700 0.103800 0.122200 0.019600 0.060400 0.039300 0.018700 0.081800 0.126200 0.040300 0.019600 0.037100 0.060400 0.040000 0.060400 0.126400 0.039200 0.126200 0.060900 0.040200 0.039800 0.040300 0.019500 0.059900 0.103600 0.081800 0.019600 0.126400 0.168000 0.039800 0.081100 0.081300 0.079600 0.079100 0.083500 0.060400 0.039400
GazellaPrz 0.079300 0.383000 0.100800 0.239600 0.079300 0.079300 0.100400 0.000000 0.121500 0.192100 0.126300 0.170800 0.100800 0.119400 0.058000 0.105000 0.168400 0.186400 0.079100 0.122600 0.058000 0.079300 0.144900 0.192700 0.102000 0.079300 0.100800 0.122600 0.100800 0.122600 0.192100 0.099000 0.145800 0.123200 0.101400 0.100800 0.102000 0.079300 0.078600 0.167700 0.144900 0.079300 0.192100 0.236300 0.100800 0.143600 0.100100 0.057600 0.140400 0.147400 0.122600 0.099300
MountainNy 0.039500 0.302900 0.019600 0.146700 0.039500 0.039500 0.059900 0.121500 0.000000 0.104000 0.084000 0.083000 0.060400 0.079100 0.059500 0.063100 0.081700 0.100200 0.039500 0.039600 0.059500 0.039500 0.060500 0.103600 0.061000 0.039600 0.060400 0.039600 0.060700 0.039600 0.104000 0.059300 0.103100 0.040100 0.060800 0.019600 0.061000 0.039500 0.080900 0.081600 0.060500 0.039600 0.104000 0.144800 0.019600 0.102300 0.102600 0.100600 0.100000 0.061700 0.039600 0.019400
MuntiacusM 0.104200 0.362200 0.082900 0.147700 0.104200 0.104200 0.126400 0.192100 0.104000 0.000000 0.155400 0.106500 0.127800 0.146400 0.125100 0.133000 0.061000 0.123300 0.103800 0.104700 0.125100 0.104200 0.082600 0.127800 0.128900 0.104200 0.127800 0.104700 0.127800 0.104700 0.000000 0.124800 0.174500 0.106100 0.128000 0.082900 0.128900 0.104200 0.149200 0.104400 0.082600 0.104200 0.000000 0.170200 0.082900 0.125100 0.125600 0.170500 0.168700 0.084000 0.104700 0.081600
goat 0.041200 0.371900 0.063000 0.201700 0.041200 0.041200 0.062600 0.126300 0.084000 0.155400 0.000000 0.134000 0.063000 0.082100 0.061900 0.066400 0.131200 0.149200 0.041300 0.085000 0.061900 0.041200 0.107600 0.154800 0.020800 0.041400 0.063000 0.085000 0.063300 0.085000 0.155400 0.061700 0.155200 0.085800 0.063700 0.063000 0.020800 0.041200 0.084100 0.085000 0.107600 0.041400 0.155400 0.197100 0.063000 0.106700 0.107000 0.104300 0.103500 0.110500 0.085000 0.062300
AfricanBuf 0.083300 0.337400 0.062100 0.173600 0.083300 0.083300 0.061300 0.170800 0.083000 0.106500 0.134000 0.000000 0.106500 0.125000 0.104500 0.111700 0.083700 0.147600 0.083400 0.083700 0.104500 0.083300 0.106600 0.153300 0.107700 0.083700 0.106500 0.083700 0.062500 0.083700 0.106500 0.104300 0.152800 0.084700 0.107300 0.062100 0.107700 0.083300 0.128100 0.129400 0.106600 0.083700 0.106500 0.196100 0.062100 0.104700 0.105000 0.148500 0.147700 0.063400 0.083700 0.061400
Topi 0.018800 0.332400 0.040200 0.171400 0.018800 0.019700 0.037400 0.100800 0.060400 0.127800 0.063000 0.106500 0.000000 0.059100 0.039600 0.042100 0.104600 0.122800 0.019700 0.060900 0.039600 0.019700 0.082700 0.127200 0.040700 0.019800 0.000000 0.060900 0.040400 0.060900 0.127800 0.039500 0.126800 0.019000 0.040500 0.040200 0.040700 0.019700 0.060500 0.104500 0.082700 0.019800 0.127800 0.169000 0.040200 0.081600 0.081800 0.080100 0.079600 0.084400 0.060900 0.039800
CommonDuik 0.038700 0.299600 0.059100 0.190500 0.038700 0.038700 0.058700 0.119400 0.079100 0.146400 0.082100 0.125000 0.059100 0.000000 0.058300 0.061700 0.123300 0.141400 0.038800 0.079700 0.058300 0.038700 0.101400 0.146000 0.059700 0.038800 0.059100 0.079700 0.059400 0.079700 0.146400 0.018900 0.145600 0.080400 0.059500 0.059100 0.059700 0.038700 0.079200 0.123100 0.101400 0.038800 0.146400 0.188100 0.059100 0.100300 0.100600 0.098800 0.098200 0.103200 0.079700 0.058500
Suni 0.019400 0.329400 0.039500 0.168700 0.019400 0.019400 0.039300 0.058000 0.059500 0.125100 0.061900 0.104500 0.039600 0.058300 0.000000 0.041200 0.102600 0.120900 0.019400 0.059900 0.000000 0.019400 0.081000 0.124800 0.040000 0.019300 0.039600 0.059900 0.039400 0.059900 0.125100 0.038800 0.125100 0.060500 0.039700 0.039500 0.040000 0.019400 0.019200 0.102400 0.081000 0.019300 0.125100 0.166400 0.039500 0.079800 0.039100 0.038500 0.078300 0.082600 0.059900 0.039000
Springbuck 0.020600 0.358800 0.042000 0.178800 0.020600 0.020600 0.041700 0.105000 0.063100 0.133000 0.066400 0.111700 0.042100 0.061700 0.041200 0.000000 0.109100 0.127800 0.020600 0.063800 0.041200 0.020600 0.086000 0.132500 0.042700 0.020600 0.042100 0.063800 0.042100 0.063800 0.133000 0.041000 0.133200 0.064400 0.000200 0.042000 0.042700 0.020600 0.062900 0.108800 0.086000 0.020600 0.133000 0.175400 0.042000 0.085200 0.085400 0.083600 0.082700 0.088200 0.063800 0.041400
Okapi 0.082000 0.332500 0.061100 0.125000 0.082000 0.082000 0.103800 0.168400 0.081700 0.061000 0.131200 0.083700 0.104600 0.123300 0.102600 0.109100 0.000000 0.058700 0.081800 0.082400 0.102600 0.082000 0.061100 0.082400 0.105800 0.082100 0.104600 0.082400 0.104600 0.082400 0.061000 0.102300 0.103900 0.083200 0.105000 0.061100 0.105800 0.082000 0.125500 0.082400 0.061100 0.082100 0.061000 0.123400 0.061100 0.102800 0.103100 0.146500 0.144900 0.062000 0.082400 0.060200
Giraffe 0.100600 0.327200 0.079800 0.167600 0.100600 0.100600 0.122200 0.186400 0.100200 0.123300 0.149200 0.147600 0.122800 0.141400 0.120900 0.127800 0.058700 0.000000 0.100300 0.101000 0.120900 0.100600 0.079800 0.101100 0.124100 0.100600 0.122800 0.101000 0.122900 0.101000 0.123300 0.120500 0.122400 0.101700 0.123400 0.079800 0.124100 0.100600 0.143600 0.101000 0.079800 0.100600 0.123300 0.098900 0.079800 0.166500 0.167100 0.164800 0.119100 0.124900 0.101000 0.078700
TibetanAnt 0.000100 0.301600 0.019700 0.160400 0.000100 0.000100 0.019600 0.079100 0.039500 0.103800 0.041300 0.083400 0.019700 0.038800 0.019400 0.020600 0.081800 0.100300 0.000000 0.039900 0.019400 0.000100 0.060500 0.103500 0.020000 0.000100 0.019700 0.039900 0.019800 0.039900 0.103800 0.019300 0.103800 0.040200 0.019800 0.019700 0.020000 0.000100 0.039500 0.081600 0.060500 0.000100 0.103800 0.144800 0.019700 0.060000 0.060100 0.059100 0.058400 0.061800 0.039900 0.019400
Sitatunga 0.039800 0.276800 0.019800 0.148200 0.039800 0.039800 0.060400 0.122600 0.039600 0.104700 0.085000 0.083700 0.060900 0.079700 0.059900 0.063800 0.082400 0.101000 0.039900 0.000000 0.059900 0.039800 0.060900 0.104300 0.061600 0.040000 0.060900 0.000000 0.061100 0.000000 0.104700 0.059800 0.104100 0.040400 0.061400 0.019800 0.061600 0.039800 0.081500 0.082300 0.060900 0.040000 0.104700 0.145700 0.019800 0.060100 0.103500 0.101300 0.100700 0.062200 0.000000 0.019600
Oribi 0.019400 0.329400 0.039500 0.168700 0.019400 0.019400 0.039300 0.058000 0.059500 0.125100 0.061900 0.104500 0.039600 0.058300 0.000000 0.041200 0.102600 0.120900 0.019400 0.059900 0.000000 0.019400 0.081000 0.124800 0.040000 0.018500 0.039600 0.059900 0.039400 0.059900 0.125100 0.038800 0.125100 0.060500 0.039700 0.039500 0.040000 0.019400 0.019200 0.102400 0.081000 0.018500 0.125100 0.166400 0.039500 0.079800 0.039100 0.038500 0.078300 0.082600 0.059900 0.039000
BarbaryShe 0.000000 0.303700 0.019700 0.147500 0.000000 0.000000 0.018700 0.079300 0.039500 0.104200 0.041200 0.083300 0.019700 0.038700 0.019400 0.020600 0.082000 0.100600 0.000100 0.039800 0.019400 0.000000 0.060700 0.103800 0.019900 0.000100 0.018800 0.039800 0.019800 0.039800 0.104200 0.019400 0.103700 0.040200 0.019900 0.018900 0.019200 0.000000 0.039500 0.081900 0.060700 0.000100 0.104200 0.145000 0.019700 0.060100 0.060200 0.058900 0.058600 0.061900 0.039800 0.019500
Daviddeer 0.060700 0.334300 0.040200 0.125100 0.060700 0.060700 0.081800 0.144900 0.060500 0.082600 0.107600 0.106600 0.082700 0.101400 0.081000 0.086000 0.061100 0.079800 0.060500 0.060900 0.081000 0.060700 0.000000 0.082500 0.083400 0.060700 0.082700 0.060900 0.082700 0.060900 0.082600 0.080800 0.103700 0.061700 0.082800 0.040200 0.083400 0.060700 0.103400 0.055200 0.000000 0.060700 0.082600 0.123600 0.040200 0.125300 0.125800 0.123800 0.122600 0.084000 0.060900 0.039600
Reindeer 0.103800 0.397900 0.082500 0.172300 0.103800 0.103800 0.126200 0.192700 0.103600 0.127800 0.154800 0.153300 0.127200 0.146000 0.124800 0.132500 0.082400 0.101100 0.103500 0.104300 0.124800 0.103800 0.082500 0.000000 0.128500 0.103800 0.127200 0.104300 0.127200 0.104300 0.127800 0.124500 0.150100 0.105400 0.127700 0.082500 0.128500 0.103800 0.148700 0.060500 0.082500 0.103800 0.127800 0.078000 0.082500 0.172100 0.172900 0.170400 0.168400 0.129400 0.104300 0.081200
Ibex 0.019900 0.336600 0.040600 0.173700 0.019900 0.019900 0.040300 0.102000 0.061000 0.128900 0.020800 0.107700 0.040700 0.059700 0.040000 0.042700 0.105800 0.124100 0.020000 0.061600 0.040000 0.019900 0.083400 0.128500 0.000000 0.020000 0.040700 0.061600 0.040800 0.061600 0.128900 0.039900 0.128500 0.062200 0.041000 0.040600 0.000000 0.019900 0.061100 0.105600 0.083400 0.020000 0.128900 0.170300 0.040600 0.082600 0.082800 0.080900 0.080400 0.085300 0.061600 0.040200
GyrantGaze 0.000100 0.303800 0.019800 0.147400 0.000100 0.000100 0.019600 0.079300 0.039600 0.104200 0.041400 0.083700 0.019800 0.038800 0.019300 0.020600 0.082100 0.100600 0.000100 0.040000 0.018500 0.000100 0.060700 0.103800 0.020000 0.000000 0.019800 0.040000 0.019700 0.040000 0.104200 0.019300 0.104200 0.040400 0.019900 0.019800 0.020000 0.000100 0.039400 0.081900 0.060700 0.000000 0.104200 0.145000 0.019800 0.059900 0.060200 0.059200 0.058600 0.062000 0.040000 0.019500
Hartebeest 0.019100 0.332400 0.040200 0.171400 0.019700 0.019700 0.037100 0.100800 0.060400 0.127800 0.063000 0.106500 0.000000 0.059100 0.039600 0.042100 0.104600 0.122800 0.019700 0.060900 0.039600 0.018800 0.082700 0.127200 0.040700 0.019800 0.000000 0.060900 0.040400 0.060900 0.127800 0.039500 0.125700 0.019100 0.040500 0.040200 0.040700 0.019700 0.060500 0.104500 0.082700 0.019800 0.127800 0.169000 0.040200 0.081600 0.081800 0.080100 0.079600 0.084400 0.060900 0.039800
Bongo 0.039800 0.276800 0.019800 0.148200 0.039800 0.039800 0.060400 0.122600 0.039600 0.104700 0.085000 0.083700 0.060900 0.079700 0.059900 0.063800 0.082400 0.101000 0.039900 0.000000 0.059900 0.039800 0.060900 0.104300 0.061600 0.040000 0.060900 0.000000 0.061100 0.000000 0.104700 0.059800 0.104100 0.040400 0.061400 0.019800 0.061600 0.039800 0.081500 0.082300 0.060900 0.040000 0.104700 0.145700 0.019800 0.060100 0.103500 0.101300 0.100700 0.062200 0.000000 0.019600
Gerenuk 0.019800 0.332400 0.040400 0.171200 0.019800 0.019800 0.040000 0.100800 0.060700 0.127800 0.063300 0.062500 0.040400 0.059400 0.039400 0.042100 0.104600 0.122900 0.019800 0.061100 0.039400 0.019800 0.082700 0.127200 0.040800 0.019700 0.040400 0.061100 0.000000 0.061100 0.127800 0.039500 0.127300 0.061900 0.040500 0.040400 0.040800 0.019800 0.060300 0.104500 0.082700 0.019700 0.127800 0.168900 0.040400 0.081300 0.081900 0.080400 0.079600 0.084400 0.061100 0.039700
CommonElan 0.039800 0.276800 0.019800 0.148200 0.039800 0.039800 0.060400 0.122600 0.039600 0.104700 0.085000 0.083700 0.060900 0.079700 0.059900 0.063800 0.082400 0.101000 0.039900 0.000000 0.059900 0.039800 0.060900 0.104300 0.061600 0.040000 0.060900 0.000000 0.061100 0.000000 0.104700 0.059800 0.104100 0.040400 0.061400 0.018900 0.061600 0.039800 0.081500 0.082300 0.060900 0.040000 0.104700 0.145700 0.018900 0.060100 0.103500 0.101300 0.100700 0.062200 0.000000 0.019600
MuntiacusR 0.104200 0.362200 0.082900 0.147700 0.104200 0.104200 0.126400 0.192100 0.104000 0.000000 0.155400 0.106500 0.127800 0.146400 0.125100 0.133000 0.061000 0.123300 0.103800 0.104700 0.125100 0.104200 0.082600 0.127800 0.128900 0.104200 0.127800 0.104700 0.127800 0.104700 0.000000 0.124800 0.174500 0.106100 0.128000 0.082900 0.128900 0.104200 0.149200 0.104400 0.082600 0.104200 0.000000 0.170200 0.082900 0.125100 0.125600 0.170500 0.168700 0.084000 0.104700 0.081600
HarveysDui 0.019400 0.273500 0.039400 0.168300 0.019400 0.019400 0.039200 0.099000 0.059300 0.124800 0.061700 0.104300 0.039500 0.018900 0.038800 0.041000 0.102300 0.120500 0.019300 0.059800 0.038800 0.019400 0.080800 0.124500 0.039900 0.019300 0.039500 0.059800 0.039500 0.059800 0.124800 0.000000 0.124700 0.060400 0.039600 0.039400 0.039900 0.019400 0.059200 0.102100 0.080800 0.019300 0.124800 0.165900 0.039400 0.079900 0.080200 0.078900 0.078100 0.082300 0.059800 0.038900
Pronghorn 0.103700 0.400400 0.082200 0.222700 0.103700 0.103700 0.126200 0.145800 0.103100 0.174500 0.155200 0.152800 0.126800 0.145600 0.125100 0.133200 0.103900 0.122400 0.103800 0.104100 0.125100 0.103700 0.103700 0.150100 0.128500 0.104200 0.125700 0.104100 0.127300 0.104100 0.174500 0.124700 0.000000 0.104800 0.128200 0.082200 0.128500 0.103700 0.148700 0.150000 0.103700 0.104200 0.174500 0.193000 0.082200 0.172900 0.173500 0.169700 0.168600 0.129700 0.104100 0.081400
BlueWildeb 0.040200 0.305500 0.020000 0.148700 0.040200 0.040200 0.060900 0.123200 0.040100 0.106100 0.085800 0.084700 0.019000 0.080400 0.060500 0.064400 0.083200 0.101700 0.040200 0.040400 0.060500 0.040200 0.061700 0.105400 0.062200 0.040400 0.019100 0.040400 0.061900 0.040400 0.106100 0.060400 0.104800 0.000000 0.062000 0.020000 0.062200 0.040200 0.082400 0.083200 0.061700 0.040400 0.106100 0.146900 0.020000 0.104000 0.104400 0.102200 0.101600 0.063000 0.040400 0.019800
Gemsbok 0.019900 0.336700 0.040500 0.172700 0.019900 0.019900 0.040200 0.101400 0.060800 0.128000 0.063700 0.107300 0.040500 0.059500 0.039700 0.000200 0.105000 0.123400 0.019800 0.061400 0.039700 0.019900 0.082800 0.127700 0.041000 0.019900 0.040500 0.061400 0.040500 0.061400 0.128000 0.039600 0.128200 0.062000 0.000000 0.040500 0.041000 0.019900 0.060600 0.104800 0.082800 0.019900 0.128000 0.169500 0.040500 0.082000 0.082200 0.080700 0.079900 0.084800 0.061400 0.039900
Yak 0.018900 0.277100 0.000000 0.125200 0.019700 0.019700 0.039800 0.100800 0.019600 0.082900 0.063000 0.062100 0.040200 0.059100 0.039500 0.042000 0.061100 0.079800 0.019700 0.019800 0.039500 0.018900 0.040200 0.082500 0.040600 0.019800 0.040200 0.019800 0.040400 0.018900 0.082900 0.039400 0.082200 0.020000 0.040500 0.000000 0.040600 0.019700 0.060500 0.061000 0.040200 0.019800 0.082900 0.123300 0.000000 0.081600 0.081800 0.080100 0.079600 0.041100 0.018900 0.000100
BlueSheep 0.019900 0.336600 0.040600 0.173700 0.019900 0.019900 0.040300 0.102000 0.061000 0.128900 0.020800 0.107700 0.040700 0.059700 0.040000 0.042700 0.105800 0.124100 0.020000 0.061600 0.040000 0.019200 0.083400 0.128500 0.000000 0.020000 0.040700 0.061600 0.040800 0.061600 0.128900 0.039900 0.128500 0.062200 0.041000 0.040600 0.000000 0.019900 0.061100 0.105600 0.083400 0.020000 0.128900 0.170300 0.040600 0.082600 0.082800 0.080900 0.080400 0.085300 0.061600 0.040200
BohorReedb 0.000000 0.303700 0.019700 0.147500 0.000000 0.000000 0.019500 0.079300 0.039500 0.104200 0.041200 0.083300 0.019700 0.038700 0.019400 0.020600 0.082000 0.100600 0.000100 0.039800 0.019400 0.000000 0.060700 0.103800 0.019900 0.000100 0.019700 0.039800 0.019800 0.039800 0.104200 0.019400 0.103700 0.040200 0.019900 0.019700 0.019900 0.000000 0.039500 0.081900 0.060700 0.000100 0.104200 0.145000 0.019700 0.060100 0.060200 0.058900 0.058600 0.061900 0.039800 0.019500
KirksDik 0.039500 0.359200 0.060500 0.193000 0.039500 0.039500 0.059900 0.078600 0.080900 0.149200 0.084100 0.128100 0.060500 0.079200 0.019200 0.062900 0.125500 0.143600 0.039500 0.081500 0.019200 0.039500 0.103400 0.148700 0.061100 0.039400 0.060500 0.081500 0.060300 0.081500 0.149200 0.059200 0.148700 0.082400 0.060600 0.060500 0.061100 0.039500 0.000000 0.125400 0.103400 0.039400 0.149200 0.190900 0.060500 0.101600 0.059800 0.058800 0.099700 0.105400 0.081500 0.059600
RoeDeer 0.081900 0.362500 0.061000 0.147900 0.081900 0.081900 0.103600 0.167700 0.081600 0.104400 0.085000 0.129400 0.104500 0.123100 0.102400 0.108800 0.082400 0.101000 0.081600 0.082300 0.102400 0.081900 0.055200 0.060500 0.105600 0.081900 0.104500 0.082300 0.104500 0.082300 0.104400 0.102100 0.150000 0.083200 0.104800 0.061000 0.105600 0.081900 0.125400 0.000000 0.060700 0.081900 0.104400 0.100700 0.061000 0.148000 0.148600 0.146200 0.144700 0.106200 0.082300 0.060100
WhiteLippe 0.060700 0.334300 0.040200 0.125100 0.060700 0.060700 0.081800 0.144900 0.060500 0.082600 0.107600 0.106600 0.082700 0.101400 0.081000 0.086000 0.061100 0.079800 0.060500 0.060900 0.081000 0.060700 0.000000 0.082500 0.083400 0.060700 0.082700 0.060900 0.082700 0.060900 0.082600 0.080800 0.103700 0.061700 0.082800 0.040200 0.083400 0.060700 0.103400 0.060700 0.000000 0.060700 0.082600 0.123600 0.040200 0.125300 0.125800 0.123800 0.122600 0.084000 0.060900 0.039600
ThomsonGaz 0.000100 0.303800 0.019800 0.147400 0.000100 0.000100 0.019600 0.079300 0.039600 0.104200 0.041400 0.083700 0.019800 0.038800 0.019300 0.020600 0.082100 0.100600 0.000100 0.040000 0.018500 0.000100 0.060700 0.103800 0.020000 0.000000 0.019800 0.040000 0.019700 0.040000 0.104200 0.019300 0.104200 0.040400 0.019900 0.019800 0.020000 0.000100 0.039400 0.081900 0.060700 0.000000 0.104200 0.145000 0.019800 0.059900 0.060200 0.059200 0.058600 0.062000 0.040000 0.019500
MuntiacusC 0.104200 0.362200 0.082900 0.147700 0.104200 0.104200 0.126400 0.192100 0.104000 0.000000 0.155400 0.106500 0.127800 0.146400 0.125100 0.133000 0.061000 0.123300 0.103800 0.104700 0.125100 0.104200 0.082600 0.127800 0.128900 0.104200 0.127800 0.104700 0.127800 0.104700 0.000000 0.124800 0.174500 0.106100 0.128000 0.082900 0.128900 0.104200 0.149200 0.104400 0.082600 0.104200 0.000000 0.170200 0.082900 0.125100 0.125600 0.170500 0.168700 0.084000 0.104700 0.081600
WhiteTaile 0.145000 0.352000 0.123300 0.192800 0.145000 0.145000 0.168000 0.236300 0.144800 0.170200 0.197100 0.196100 0.169000 0.188100 0.166400 0.175400 0.123400 0.098900 0.144800 0.145700 0.166400 0.145000 0.123600 0.078000 0.170300 0.145000 0.169000 0.145700 0.168900 0.145700 0.170200 0.165900 0.193000 0.146900 0.169500 0.123300 0.170300 0.145000 0.190900 0.100700 0.123600 0.145000 0.170200 0.000000 0.123300 0.215000 0.216300 0.186100 0.164500 0.171600 0.145700 0.121500
Cattle 0.019000 0.277100 0.000000 0.125200 0.019700 0.019700 0.039800 0.100800 0.019600 0.082900 0.063000 0.062100 0.040200 0.059100 0.039500 0.042000 0.061100 0.079800 0.019700 0.019800 0.039500 0.019700 0.040200 0.082500 0.040600 0.019800 0.040200 0.019800 0.040400 0.018900 0.082900 0.039400 0.082200 0.020000 0.040500 0.000000 0.040600 0.019700 0.060500 0.061000 0.040200 0.019800 0.082900 0.123300 0.000000 0.081600 0.081800 0.080100 0.079600 0.041100 0.019800 0.000100
RoyalAntel 0.060100 0.274500 0.081600 0.193000 0.060100 0.060100 0.081100 0.143600 0.102300 0.125100 0.106700 0.104700 0.081600 0.100300 0.079800 0.085200 0.102800 0.166500 0.060000 0.060100 0.079800 0.060100 0.125300 0.172100 0.082600 0.059900 0.081600 0.060100 0.081300 0.060100 0.125100 0.079900 0.172900 0.104000 0.082000 0.081600 0.082600 0.060100 0.101600 0.148000 0.125300 0.059900 0.125100 0.215000 0.081600 0.000000 0.080500 0.122500 0.121200 0.082700 0.060100 0.080400
Steenbok 0.060200 0.362500 0.081800 0.193700 0.060200 0.060200 0.081300 0.100100 0.102600 0.125600 0.107000 0.105000 0.081800 0.100600 0.039100 0.085400 0.103100 0.167100 0.060100 0.103500 0.039100 0.060200 0.125800 0.172900 0.082800 0.060200 0.081800 0.103500 0.081900 0.103500 0.125600 0.080200 0.173500 0.104400 0.082200 0.081800 0.082800 0.060200 0.059800 0.148600 0.125800 0.060200 0.125600 0.216300 0.081800 0.080500 0.000000 0.079700 0.121700 0.083000 0.103500 0.080600
Impala 0.058900 0.321300 0.080100 0.216300 0.058900 0.058900 0.079600 0.057600 0.100600 0.170500 0.104300 0.148500 0.080100 0.098800 0.038500 0.083600 0.146500 0.164800 0.059100 0.101300 0.038500 0.058900 0.123800 0.170400 0.080900 0.059200 0.080100 0.101300 0.080400 0.101300 0.170500 0.078900 0.169700 0.102200 0.080700 0.080100 0.080900 0.058900 0.058800 0.146200 0.123800 0.059200 0.170500 0.186100 0.080100 0.122500 0.079700 0.000000 0.120000 0.126100 0.101300 0.079200
Klipspring 0.058600 0.325200 0.079600 0.213500 0.058600 0.058600 0.079100 0.140400 0.100000 0.168700 0.103500 0.147700 0.079600 0.098200 0.078300 0.082700 0.144900 0.119100 0.058400 0.100700 0.078300 0.058600 0.122600 0.168400 0.080400 0.058600 0.079600 0.100700 0.079600 0.100700 0.168700 0.078100 0.168600 0.101600 0.079900 0.079600 0.080400 0.058600 0.099700 0.144700 0.122600 0.058600 0.168700 0.164500 0.079600 0.121200 0.121700 0.120000 0.000000 0.124800 0.100700 0.078500
ForestMusk 0.061900 0.303700 0.041100 0.149600 0.061900 0.061900 0.083500 0.147400 0.061700 0.084000 0.110500 0.063400 0.084400 0.103200 0.082600 0.088200 0.062000 0.124900 0.061800 0.062200 0.082600 0.061900 0.084000 0.129400 0.085300 0.062000 0.084400 0.062200 0.084400 0.062200 0.084000 0.082300 0.129700 0.063000 0.084800 0.041100 0.085300 0.061900 0.105400 0.106200 0.084000 0.062000 0.084000 0.171600 0.041100 0.082700 0.083000 0.126100 0.124800 0.000000 0.062200 0.040400
Bushbuck 0.039800 0.276800 0.019800 0.148200 0.036900 0.039800 0.060400 0.122600 0.039600 0.104700 0.085000 0.083700 0.060900 0.079700 0.059900 0.063800 0.082400 0.101000 0.039900 0.000000 0.059900 0.039800 0.060900 0.104300 0.061600 0.040000 0.060900 0.000000 0.061100 0.000000 0.104700 0.059800 0.104100 0.040400 0.061400 0.018900 0.061600 0.039800 0.081500 0.082300 0.060900 0.040000 0.104700 0.145700 0.019800 0.060100 0.103500 0.101300 0.100700 0.062200 0.000000 0.019600
GreaterKud 0.019500 0.272400 0.000100 0.123300 0.019500 0.019500 0.039400 0.099300 0.019400 0.081600 0.062300 0.061400 0.039800 0.058500 0.039000 0.041400 0.060200 0.078700 0.019400 0.019600 0.039000 0.019500 0.039600 0.081200 0.040200 0.019500 0.039800 0.019600 0.039700 0.019600 0.081600 0.038900 0.081400 0.019800 0.039900 0.000100 0.040200 0.019500 0.059600 0.060100 0.039600 0.019500 0.081600 0.121500 0.000100 0.080400 0.080600 0.079200 0.078500 0.040400 0.019600 0.000000
