1
52 1
Argali 0.000000 0.090800 0.019300 0.077700 0.017600 0.001100 0.018700 0.017600 0.025800 0.027700 0.004400 0.017600 0.015400 0.023100 0.020200 0.015300 0.030100 0.027800 0.008800 0.021300 0.016500 0.004400 0.031900 0.026900 0.004400 0.015300 0.014300 0.023500 0.013100 0.022600 0.026600 0.019000 0.027800 0.011000 0.016500 0.019200 0.001100 0.020100 0.016500 0.024700 0.027300 0.017600 0.026600 0.028800 0.018100 0.016500 0.012000 0.013100 0.018000 0.026600 0.020100 0.023500
LesserMous 0.090800 0.000000 0.088300 0.105200 0.088900 0.092000 0.090500 0.091300 0.091100 0.086800 0.091600 0.085200 0.086700 0.092600 0.094100 0.090900 0.083400 0.083100 0.094000 0.089200 0.095200 0.091700 0.094700 0.085500 0.091600 0.090000 0.085500 0.088500 0.089500 0.089500 0.085500 0.091300 0.087800 0.086700 0.089200 0.085400 0.090300 0.090300 0.089300 0.084600 0.089600 0.092500 0.085500 0.088400 0.086900 0.091100 0.089400 0.089700 0.088800 0.085900 0.089100 0.092800
LesserKudu 0.019300 0.088300 0.000000 0.066100 0.020300 0.020400 0.021400 0.022300 0.007700 0.023400 0.019600 0.008700 0.021700 0.023600 0.022400 0.017800 0.029500 0.025100 0.021700 0.003300 0.018900 0.019400 0.030700 0.024900 0.019700 0.017800 0.020600 0.005500 0.015600 0.003300 0.022300 0.021700 0.025000 0.017100 0.018300 0.012100 0.018200 0.022600 0.016700 0.025200 0.025900 0.020100 0.022300 0.026800 0.011000 0.019000 0.018900 0.017800 0.020500 0.024800 0.002200 0.005500
KillerWhal 0.077700 0.105200 0.066100 0.000000 0.075900 0.079000 0.080400 0.073700 0.072000 0.073800 0.075400 0.071700 0.080400 0.079600 0.078400 0.075200 0.068900 0.071300 0.078700 0.069000 0.077700 0.076800 0.079600 0.072000 0.075400 0.074800 0.079200 0.069500 0.074000 0.068500 0.072500 0.079200 0.072900 0.078000 0.078900 0.075400 0.076600 0.076300 0.072000 0.075900 0.077600 0.077300 0.072500 0.070900 0.074100 0.078100 0.076900 0.076600 0.076400 0.079100 0.068900 0.072500
DefassaWat 0.017600 0.088900 0.020300 0.075900 0.000000 0.018700 0.016400 0.019800 0.026900 0.025400 0.015400 0.017800 0.015400 0.020900 0.020900 0.015300 0.032300 0.027700 0.019800 0.022300 0.018700 0.017600 0.032400 0.027100 0.015400 0.015300 0.014300 0.024600 0.013100 0.023700 0.024300 0.016700 0.026600 0.013200 0.018700 0.020100 0.016500 0.003300 0.016400 0.024600 0.027900 0.017500 0.024300 0.031400 0.018900 0.016500 0.016500 0.013100 0.018000 0.026600 0.021200 0.024600
Sheep 0.001100 0.092000 0.020400 0.079000 0.018700 0.000000 0.019800 0.018700 0.027000 0.028900 0.005500 0.018700 0.016500 0.024300 0.021400 0.016500 0.031200 0.028900 0.009900 0.022400 0.017600 0.005500 0.033100 0.028000 0.005500 0.016400 0.015400 0.024700 0.014300 0.023800 0.027700 0.020200 0.028900 0.012100 0.017600 0.020400 0.002200 0.021300 0.017600 0.025800 0.028400 0.018700 0.027700 0.029900 0.019200 0.017600 0.013200 0.014300 0.019100 0.027700 0.021300 0.024700
MaxwellsDu 0.018700 0.090500 0.021400 0.080400 0.016400 0.019800 0.000000 0.014200 0.025700 0.028100 0.018700 0.018900 0.018700 0.006500 0.015400 0.009800 0.032800 0.028200 0.019800 0.023400 0.015400 0.018700 0.035200 0.029500 0.018700 0.009800 0.017600 0.023400 0.009800 0.024800 0.026900 0.005400 0.028200 0.014300 0.017600 0.021100 0.017600 0.019800 0.010900 0.027300 0.030600 0.012000 0.026900 0.026900 0.020000 0.011000 0.010900 0.009900 0.012400 0.027200 0.022200 0.025600
GazellaPrz 0.017600 0.091300 0.022300 0.073700 0.019800 0.018700 0.014200 0.000000 0.028800 0.029900 0.019800 0.019800 0.018700 0.017600 0.018700 0.006500 0.031200 0.026600 0.020900 0.024300 0.009800 0.017600 0.037100 0.031400 0.019800 0.006500 0.017600 0.026600 0.006500 0.025700 0.028800 0.015300 0.028900 0.015400 0.018700 0.022100 0.016500 0.022400 0.008700 0.029200 0.032500 0.008700 0.028800 0.031000 0.020900 0.015400 0.007600 0.010900 0.015800 0.029100 0.023200 0.026500
MountainNy 0.025800 0.091100 0.007700 0.072000 0.026900 0.027000 0.025700 0.028800 0.000000 0.029300 0.026200 0.014300 0.028200 0.027900 0.026600 0.024300 0.035400 0.030900 0.028200 0.004400 0.025500 0.025900 0.034100 0.030800 0.026200 0.024300 0.027100 0.002200 0.022100 0.006600 0.028100 0.026000 0.030800 0.023600 0.024800 0.015400 0.024800 0.029200 0.021000 0.030800 0.029500 0.026600 0.028100 0.032700 0.014300 0.023300 0.023200 0.024400 0.024900 0.030700 0.005500 0.008800
MuntiacusM 0.027700 0.086800 0.023400 0.073800 0.025400 0.028900 0.028100 0.029900 0.029300 0.000000 0.027700 0.023200 0.025500 0.029300 0.028900 0.025400 0.026700 0.022100 0.028900 0.025500 0.026600 0.027800 0.011000 0.012100 0.027700 0.025400 0.024400 0.027000 0.025400 0.026900 0.001100 0.029300 0.026700 0.023200 0.028900 0.025500 0.026600 0.026600 0.025800 0.012100 0.006600 0.027700 0.001100 0.014300 0.024300 0.028000 0.028100 0.027700 0.029600 0.023500 0.024300 0.027700
goat 0.004400 0.091600 0.019600 0.075400 0.015400 0.005500 0.018700 0.019800 0.026200 0.027700 0.000000 0.017900 0.015400 0.023200 0.020300 0.015400 0.030100 0.027800 0.008800 0.021600 0.018700 0.006600 0.031900 0.026900 0.000000 0.015300 0.014300 0.023900 0.013200 0.023000 0.026600 0.019100 0.027800 0.011000 0.016500 0.019600 0.003300 0.017900 0.016500 0.024700 0.027300 0.017600 0.026600 0.028800 0.018400 0.016500 0.014300 0.013200 0.018100 0.026600 0.020400 0.023900
AfricanBuf 0.017600 0.085200 0.008700 0.071700 0.017800 0.018700 0.018900 0.019800 0.014300 0.023200 0.017900 0.000000 0.019900 0.023400 0.021000 0.015400 0.030000 0.025500 0.021000 0.009900 0.018700 0.017600 0.030200 0.024600 0.017900 0.015400 0.018700 0.012100 0.013200 0.012100 0.022100 0.019200 0.025500 0.015400 0.019900 0.008800 0.016500 0.021200 0.016500 0.022400 0.025700 0.017600 0.022100 0.026500 0.007700 0.016500 0.016500 0.015400 0.018000 0.022100 0.008800 0.012100
Topi 0.015400 0.086700 0.021700 0.080400 0.015400 0.016500 0.018700 0.018700 0.028200 0.025500 0.015400 0.019900 0.000000 0.020900 0.022600 0.015400 0.032400 0.027800 0.019900 0.023600 0.016500 0.015400 0.029600 0.026900 0.015400 0.015400 0.001100 0.025900 0.013200 0.025100 0.024300 0.019100 0.027800 0.004400 0.014300 0.021600 0.014300 0.018000 0.014300 0.024700 0.025000 0.017600 0.024300 0.031100 0.020400 0.018700 0.016500 0.015400 0.020300 0.028900 0.022400 0.025900
CommonDuik 0.023100 0.092600 0.023600 0.079600 0.020900 0.024300 0.006500 0.017600 0.027900 0.029300 0.023200 0.023400 0.020900 0.000000 0.017600 0.014200 0.035100 0.030500 0.024300 0.025600 0.017600 0.023200 0.036400 0.030400 0.023200 0.014200 0.019800 0.025600 0.014200 0.027100 0.028100 0.005400 0.030400 0.018700 0.022000 0.025700 0.022000 0.023100 0.010900 0.030800 0.031800 0.016400 0.028100 0.028100 0.024500 0.015400 0.015400 0.014400 0.017000 0.031800 0.024400 0.027900
Suni 0.020200 0.094100 0.022400 0.078400 0.020900 0.021400 0.015400 0.018700 0.026600 0.028900 0.020300 0.021000 0.022600 0.017600 0.000000 0.014300 0.034900 0.030300 0.021400 0.022100 0.019900 0.020300 0.036000 0.029200 0.020300 0.014300 0.021500 0.024300 0.014300 0.025800 0.027700 0.014300 0.030300 0.018000 0.021400 0.022100 0.019100 0.022100 0.017600 0.027000 0.031400 0.016500 0.027800 0.028900 0.021000 0.015400 0.017600 0.014300 0.015400 0.028000 0.023200 0.026600
Springbuck 0.015300 0.090900 0.017800 0.075200 0.015300 0.016500 0.009800 0.006500 0.024300 0.025400 0.015400 0.015400 0.015400 0.014200 0.014300 0.000000 0.027700 0.023200 0.016500 0.019800 0.007600 0.015400 0.032500 0.026800 0.015400 0.002200 0.014300 0.022100 0.002200 0.021200 0.024300 0.010900 0.024300 0.010900 0.014200 0.017600 0.014200 0.018700 0.005400 0.024600 0.027900 0.004300 0.024300 0.026500 0.016500 0.010900 0.007600 0.008700 0.013500 0.024500 0.018700 0.022000
Okapi 0.030100 0.083400 0.029500 0.068900 0.032300 0.031200 0.032800 0.031200 0.035400 0.026700 0.030100 0.030000 0.032400 0.035100 0.034900 0.027700 0.000000 0.007700 0.031200 0.031400 0.031200 0.030100 0.032900 0.030600 0.030100 0.027700 0.031200 0.033000 0.027800 0.032900 0.025500 0.033900 0.025600 0.030100 0.031200 0.031700 0.028900 0.034900 0.028100 0.030400 0.030600 0.030000 0.025500 0.030300 0.030500 0.030600 0.032700 0.031200 0.034300 0.028100 0.030300 0.033700
Giraffe 0.027800 0.083100 0.025100 0.071300 0.027700 0.028900 0.028200 0.026600 0.030900 0.022100 0.027800 0.025500 0.027800 0.030500 0.030300 0.023200 0.007700 0.000000 0.028900 0.026900 0.026600 0.027800 0.030700 0.026000 0.027800 0.023200 0.026700 0.028500 0.023200 0.028400 0.021000 0.029300 0.021000 0.025500 0.028900 0.027200 0.026600 0.030300 0.023600 0.025800 0.026100 0.025400 0.021000 0.028000 0.025900 0.026900 0.028100 0.026600 0.029700 0.025800 0.025700 0.029200
TibetanAnt 0.008800 0.094000 0.021700 0.078700 0.019800 0.009900 0.019800 0.020900 0.028200 0.028900 0.008800 0.021000 0.019900 0.024300 0.021400 0.016500 0.031200 0.028900 0.000000 0.023600 0.021000 0.011000 0.034200 0.031500 0.008800 0.016500 0.018700 0.025900 0.015400 0.025000 0.027700 0.020200 0.031200 0.015400 0.017600 0.023900 0.007700 0.022500 0.018700 0.029300 0.029600 0.018700 0.027700 0.032200 0.022700 0.017600 0.018700 0.015400 0.020300 0.031400 0.022400 0.025900
Sitatunga 0.021300 0.089200 0.003300 0.069000 0.022300 0.022400 0.023400 0.024300 0.004400 0.025500 0.021600 0.009900 0.023600 0.025600 0.022100 0.019800 0.031400 0.026900 0.023600 0.000000 0.021000 0.021300 0.030200 0.026900 0.021600 0.019800 0.022500 0.002200 0.017600 0.004400 0.024300 0.023700 0.026900 0.019100 0.020200 0.011000 0.020200 0.024600 0.018700 0.027000 0.025700 0.022100 0.024300 0.028800 0.009900 0.021000 0.021000 0.019800 0.022500 0.026900 0.001100 0.004400
Oribi 0.016500 0.095200 0.018900 0.077700 0.018700 0.017600 0.015400 0.009800 0.025500 0.026600 0.018700 0.018700 0.016500 0.017600 0.019900 0.007600 0.031200 0.026600 0.021000 0.021000 0.000000 0.016500 0.029100 0.028000 0.018700 0.007600 0.015400 0.023200 0.005500 0.022300 0.025400 0.015600 0.025900 0.012100 0.019800 0.021000 0.015400 0.022100 0.006500 0.028100 0.026800 0.009800 0.025400 0.030000 0.019900 0.014300 0.008700 0.012100 0.016800 0.027700 0.019800 0.023200
BarbaryShe 0.004400 0.091700 0.019400 0.076800 0.017600 0.005500 0.018700 0.017600 0.025900 0.027800 0.006600 0.017600 0.015400 0.023200 0.020300 0.015400 0.030100 0.027800 0.011000 0.021300 0.016500 0.000000 0.032000 0.025800 0.006600 0.015400 0.014300 0.023600 0.013200 0.022700 0.026600 0.019100 0.026700 0.011000 0.016500 0.019300 0.003300 0.020200 0.016500 0.024700 0.027300 0.017600 0.026600 0.027700 0.018100 0.016500 0.012100 0.013200 0.018100 0.026600 0.020200 0.023600
Daviddeer 0.031900 0.094700 0.030700 0.079600 0.032400 0.033100 0.035200 0.037100 0.034100 0.011000 0.031900 0.030200 0.029600 0.036400 0.036000 0.032500 0.032900 0.030700 0.034200 0.030200 0.029100 0.032000 0.000000 0.016500 0.032000 0.032500 0.028500 0.031800 0.030200 0.031900 0.009900 0.035600 0.033000 0.027300 0.033100 0.030300 0.030800 0.033600 0.030600 0.014300 0.004400 0.034800 0.009900 0.018700 0.029100 0.032800 0.032900 0.032500 0.034400 0.030800 0.029100 0.032500
Reindeer 0.026900 0.085500 0.024900 0.072000 0.027100 0.028000 0.029500 0.031400 0.030800 0.012100 0.026900 0.024600 0.026900 0.030400 0.029200 0.026800 0.030600 0.026000 0.031500 0.026900 0.028000 0.025800 0.016500 0.000000 0.026900 0.026800 0.025800 0.028500 0.024600 0.028400 0.011000 0.030000 0.023700 0.024700 0.030400 0.024700 0.025800 0.027900 0.024900 0.006600 0.012100 0.029100 0.011000 0.008800 0.023500 0.027200 0.027200 0.026900 0.028800 0.024800 0.025800 0.029200
Ibex 0.004400 0.091600 0.019700 0.075400 0.015400 0.005500 0.018700 0.019800 0.026200 0.027700 0.000000 0.017900 0.015400 0.023200 0.020300 0.015400 0.030100 0.027800 0.008800 0.021600 0.018700 0.006600 0.032000 0.026900 0.000000 0.015300 0.014300 0.023900 0.013200 0.023000 0.026600 0.019100 0.027800 0.011000 0.016500 0.019700 0.003300 0.017900 0.016500 0.024700 0.027300 0.017600 0.026600 0.028800 0.018400 0.016500 0.014300 0.013200 0.018100 0.026600 0.020400 0.023900
GyrantGaze 0.015300 0.090000 0.017800 0.074800 0.015300 0.016400 0.009800 0.006500 0.024300 0.025400 0.015300 0.015400 0.015400 0.014200 0.014300 0.002200 0.027700 0.023200 0.016500 0.019800 0.007600 0.015400 0.032500 0.026800 0.015300 0.000000 0.014300 0.022000 0.002200 0.021200 0.024300 0.010900 0.023200 0.010900 0.014200 0.017600 0.014200 0.018700 0.005400 0.024600 0.027900 0.002200 0.024300 0.026500 0.016500 0.010900 0.007600 0.008700 0.013500 0.024500 0.018700 0.022000
Hartebeest 0.014300 0.085500 0.020600 0.079200 0.014300 0.015400 0.017600 0.017600 0.027100 0.024400 0.014300 0.018700 0.001100 0.019800 0.021500 0.014300 0.031200 0.026700 0.018700 0.022500 0.015400 0.014300 0.028500 0.025800 0.014300 0.014300 0.000000 0.024800 0.012100 0.023900 0.023200 0.018000 0.026700 0.003300 0.013200 0.020500 0.013200 0.016900 0.013200 0.023600 0.023900 0.016500 0.023200 0.030000 0.019300 0.017600 0.015400 0.014300 0.019200 0.027800 0.021300 0.024800
Bongo 0.023500 0.088500 0.005500 0.069500 0.024600 0.024700 0.023400 0.026600 0.002200 0.027000 0.023900 0.012100 0.025900 0.025600 0.024300 0.022100 0.033000 0.028500 0.025900 0.002200 0.023200 0.023600 0.031800 0.028500 0.023900 0.022000 0.024800 0.000000 0.019800 0.004400 0.025800 0.023700 0.028400 0.021300 0.022500 0.013200 0.022500 0.026800 0.018700 0.028500 0.027200 0.024300 0.025800 0.030400 0.012100 0.021000 0.021000 0.022100 0.022500 0.028400 0.003300 0.006600
Gerenuk 0.013100 0.089500 0.015600 0.074000 0.013100 0.014300 0.009800 0.006500 0.022100 0.025400 0.013200 0.013200 0.013200 0.014200 0.014300 0.002200 0.027800 0.023200 0.015400 0.017600 0.005500 0.013200 0.030200 0.024600 0.013200 0.002200 0.012100 0.019800 0.000000 0.019000 0.024300 0.010100 0.022100 0.008800 0.014300 0.015400 0.012000 0.016500 0.003300 0.022400 0.025700 0.004400 0.024300 0.026500 0.014300 0.008700 0.005400 0.006500 0.011300 0.022100 0.016500 0.019800
CommonElan 0.022600 0.089500 0.003300 0.068500 0.023700 0.023800 0.024800 0.025700 0.006600 0.026900 0.023000 0.012100 0.025100 0.027100 0.025800 0.021200 0.032900 0.028400 0.025000 0.004400 0.022300 0.022700 0.031900 0.028400 0.023000 0.021200 0.023900 0.004400 0.019000 0.000000 0.025700 0.025200 0.028300 0.020500 0.021700 0.013200 0.021600 0.026000 0.020100 0.028700 0.027100 0.023500 0.025700 0.030300 0.012100 0.022400 0.022300 0.021200 0.024000 0.028300 0.003300 0.004400
MuntiacusR 0.026600 0.085500 0.022300 0.072500 0.024300 0.027700 0.026900 0.028800 0.028100 0.001100 0.026600 0.022100 0.024300 0.028100 0.027700 0.024300 0.025500 0.021000 0.027700 0.024300 0.025400 0.026600 0.009900 0.011000 0.026600 0.024300 0.023200 0.025800 0.024300 0.025700 0.000000 0.028100 0.025500 0.022100 0.027700 0.024300 0.025400 0.025400 0.024600 0.011000 0.005500 0.026500 0.000000 0.013200 0.023200 0.026800 0.026900 0.026600 0.028400 0.022300 0.023200 0.026600
HarveysDui 0.019000 0.091300 0.021700 0.079200 0.016700 0.020200 0.005400 0.015300 0.026000 0.029300 0.019100 0.019200 0.019100 0.005400 0.014300 0.010900 0.033900 0.029300 0.020200 0.023700 0.015600 0.019100 0.035600 0.030000 0.019100 0.010900 0.018000 0.023700 0.010100 0.025200 0.028100 0.000000 0.028500 0.014600 0.018700 0.021600 0.017900 0.020100 0.011200 0.027700 0.030900 0.013100 0.028100 0.028100 0.020400 0.011300 0.011200 0.010200 0.012700 0.026900 0.022500 0.026000
Pronghorn 0.027800 0.087800 0.025000 0.072900 0.026600 0.028900 0.028200 0.028900 0.030800 0.026700 0.027800 0.025500 0.027800 0.030400 0.030300 0.024300 0.025600 0.021000 0.031200 0.026900 0.025900 0.026700 0.033000 0.023700 0.027800 0.023200 0.026700 0.028400 0.022100 0.028300 0.025500 0.028500 0.000000 0.023300 0.028900 0.027100 0.026700 0.029100 0.022500 0.025900 0.028400 0.025500 0.025500 0.025700 0.025900 0.025800 0.025900 0.025500 0.028000 0.025500 0.025700 0.029100
BlueWildeb 0.011000 0.086700 0.017100 0.078000 0.013200 0.012100 0.014300 0.015400 0.023600 0.023200 0.011000 0.015400 0.004400 0.018700 0.018000 0.010900 0.030100 0.025500 0.015400 0.019100 0.012100 0.011000 0.027300 0.024700 0.011000 0.010900 0.003300 0.021300 0.008800 0.020500 0.022100 0.014600 0.023300 0.000000 0.009900 0.017100 0.009900 0.015700 0.012100 0.022400 0.022700 0.013200 0.022100 0.026600 0.015900 0.014300 0.012100 0.011000 0.015800 0.024400 0.017900 0.021300
Gemsbok 0.016500 0.089200 0.018300 0.078900 0.018700 0.017600 0.017600 0.018700 0.024800 0.028900 0.016500 0.019900 0.014300 0.022000 0.021400 0.014200 0.031200 0.028900 0.017600 0.020200 0.019800 0.016500 0.033100 0.030400 0.016500 0.014200 0.013200 0.022500 0.014300 0.021700 0.027700 0.018700 0.028900 0.009900 0.000000 0.022700 0.015400 0.021300 0.017600 0.028100 0.028500 0.016500 0.027700 0.030000 0.021500 0.019200 0.017600 0.016500 0.021500 0.028300 0.019000 0.022500
Yak 0.019200 0.085400 0.012100 0.075400 0.020100 0.020400 0.021100 0.022100 0.015400 0.025500 0.019600 0.008800 0.021600 0.025700 0.022100 0.017600 0.031700 0.027200 0.023900 0.011000 0.021000 0.019300 0.030300 0.024700 0.019700 0.017600 0.020500 0.013200 0.015400 0.013200 0.024300 0.021600 0.027100 0.017100 0.022700 0.000000 0.018200 0.023500 0.018700 0.022500 0.025800 0.019800 0.024300 0.026500 0.001100 0.018800 0.018700 0.017600 0.020400 0.024400 0.009900 0.013200
BlueSheep 0.001100 0.090300 0.018200 0.076600 0.016500 0.002200 0.017600 0.016500 0.024800 0.026600 0.003300 0.016500 0.014300 0.022000 0.019100 0.014200 0.028900 0.026600 0.007700 0.020200 0.015400 0.003300 0.030800 0.025800 0.003300 0.014200 0.013200 0.022500 0.012000 0.021600 0.025400 0.017900 0.026700 0.009900 0.015400 0.018200 0.000000 0.019100 0.015400 0.023600 0.026200 0.016500 0.025500 0.027700 0.017000 0.015400 0.010900 0.012000 0.016900 0.025500 0.019000 0.022400
BohorReedb 0.020100 0.090300 0.022600 0.076300 0.003300 0.021300 0.019800 0.022400 0.029200 0.026600 0.017900 0.021200 0.018000 0.023100 0.022100 0.018700 0.034900 0.030300 0.022500 0.024600 0.022100 0.020200 0.033600 0.027900 0.017900 0.018700 0.016900 0.026800 0.016500 0.026000 0.025400 0.020100 0.029100 0.015700 0.021300 0.023500 0.019100 0.000000 0.019800 0.025800 0.029000 0.020900 0.025400 0.032500 0.022300 0.019800 0.019000 0.016500 0.020500 0.030000 0.023400 0.026800
KirksDik 0.016500 0.089300 0.016700 0.072000 0.016400 0.017600 0.010900 0.008700 0.021000 0.025800 0.016500 0.016500 0.014300 0.010900 0.017600 0.005400 0.028100 0.023600 0.018700 0.018700 0.006500 0.016500 0.030600 0.024900 0.016500 0.005400 0.013200 0.018700 0.003300 0.020100 0.024600 0.011200 0.022500 0.012100 0.017600 0.018700 0.015400 0.019800 0.000000 0.024900 0.026000 0.007600 0.024600 0.026900 0.017600 0.009900 0.006500 0.009800 0.012400 0.024700 0.017600 0.020900
RoeDeer 0.024700 0.084600 0.025200 0.075900 0.024600 0.025800 0.027300 0.029200 0.030800 0.012100 0.024700 0.022400 0.024700 0.030800 0.027000 0.024600 0.030400 0.025800 0.029300 0.027000 0.028100 0.024700 0.014300 0.006600 0.024700 0.024600 0.023600 0.028500 0.022400 0.028700 0.011000 0.027700 0.025900 0.022400 0.028100 0.022500 0.023600 0.025800 0.024900 0.000000 0.012100 0.026900 0.011000 0.011000 0.021300 0.024900 0.025000 0.024700 0.026400 0.022400 0.025800 0.029200
WhiteLippe 0.027300 0.089600 0.025900 0.077600 0.027900 0.028400 0.030600 0.032500 0.029500 0.006600 0.027300 0.025700 0.025000 0.031800 0.031400 0.027900 0.030600 0.026100 0.029600 0.025700 0.026800 0.027300 0.004400 0.012100 0.027300 0.027900 0.023900 0.027200 0.025700 0.027100 0.005500 0.030900 0.028400 0.022700 0.028500 0.025800 0.026200 0.029000 0.026000 0.012100 0.000000 0.030200 0.005500 0.016500 0.024600 0.028200 0.028300 0.028000 0.029700 0.025700 0.024500 0.028000
ThomsonGaz 0.017600 0.092500 0.020100 0.077300 0.017500 0.018700 0.012000 0.008700 0.026600 0.027700 0.017600 0.017600 0.017600 0.016400 0.016500 0.004300 0.030000 0.025400 0.018700 0.022100 0.009800 0.017600 0.034800 0.029100 0.017600 0.002200 0.016500 0.024300 0.004400 0.023500 0.026500 0.013100 0.025500 0.013200 0.016500 0.019800 0.016500 0.020900 0.007600 0.026900 0.030200 0.000000 0.026500 0.028800 0.018700 0.013200 0.009800 0.010900 0.015700 0.026800 0.020900 0.024300
MuntiacusC 0.026600 0.085500 0.022300 0.072500 0.024300 0.027700 0.026900 0.028800 0.028100 0.001100 0.026600 0.022100 0.024300 0.028100 0.027800 0.024300 0.025500 0.021000 0.027700 0.024300 0.025400 0.026600 0.009900 0.011000 0.026600 0.024300 0.023200 0.025800 0.024300 0.025700 0.000000 0.028100 0.025500 0.022100 0.027700 0.024300 0.025500 0.025400 0.024600 0.011000 0.005500 0.026500 0.000000 0.013200 0.023200 0.026800 0.026900 0.026600 0.028400 0.022300 0.023200 0.026600
WhiteTaile 0.028800 0.088400 0.026800 0.070900 0.031400 0.029900 0.026900 0.031000 0.032700 0.014300 0.028800 0.026500 0.031100 0.028100 0.028900 0.026500 0.030300 0.028000 0.032200 0.028800 0.030000 0.027700 0.018700 0.008800 0.028800 0.026500 0.030000 0.030400 0.026500 0.030300 0.013200 0.028100 0.025700 0.026600 0.030000 0.026500 0.027700 0.032500 0.026900 0.011000 0.016500 0.028800 0.013200 0.000000 0.025400 0.026800 0.029200 0.028800 0.030700 0.027100 0.027700 0.031100
Cattle 0.018100 0.086900 0.011000 0.074100 0.018900 0.019200 0.020000 0.020900 0.014300 0.024300 0.018400 0.007700 0.020400 0.024500 0.021000 0.016500 0.030500 0.025900 0.022700 0.009900 0.019900 0.018100 0.029100 0.023500 0.018400 0.016500 0.019300 0.012100 0.014300 0.012100 0.023200 0.020400 0.025900 0.015900 0.021500 0.001100 0.017000 0.022300 0.017600 0.021300 0.024600 0.018700 0.023200 0.025400 0.000000 0.017600 0.017600 0.016500 0.019200 0.023200 0.008800 0.012100
RoyalAntel 0.016500 0.091100 0.019000 0.078100 0.016500 0.017600 0.011000 0.015400 0.023300 0.028000 0.016500 0.016500 0.018700 0.015400 0.015400 0.010900 0.030600 0.026900 0.017600 0.021000 0.014300 0.016500 0.032800 0.027200 0.016500 0.010900 0.017600 0.021000 0.008700 0.022400 0.026800 0.011300 0.025800 0.014300 0.019200 0.018800 0.015400 0.019800 0.009900 0.024900 0.028200 0.013200 0.026800 0.026800 0.017600 0.000000 0.011000 0.009900 0.010200 0.023700 0.019900 0.023200
Steenbok 0.012000 0.089400 0.018900 0.076900 0.016500 0.013200 0.010900 0.007600 0.023200 0.028100 0.014300 0.016500 0.016500 0.015400 0.017600 0.007600 0.032700 0.028100 0.018700 0.021000 0.008700 0.012100 0.032900 0.027200 0.014300 0.007600 0.015400 0.021000 0.005400 0.022300 0.026900 0.011200 0.025900 0.012100 0.017600 0.018700 0.010900 0.019000 0.006500 0.025000 0.028300 0.009800 0.026900 0.029200 0.017600 0.011000 0.000000 0.007600 0.010100 0.024700 0.019800 0.023200
Impala 0.013100 0.089700 0.017800 0.076600 0.013100 0.014300 0.009900 0.010900 0.024400 0.027700 0.013200 0.015400 0.015400 0.014400 0.014300 0.008700 0.031200 0.026600 0.015400 0.019800 0.012100 0.013200 0.032500 0.026900 0.013200 0.008700 0.014300 0.022100 0.006500 0.021200 0.026600 0.010200 0.025500 0.011000 0.016500 0.017600 0.012000 0.016500 0.009800 0.024700 0.028000 0.010900 0.026600 0.028800 0.016500 0.009900 0.007600 0.000000 0.011200 0.024300 0.018700 0.022100
Klipspring 0.018000 0.088800 0.020500 0.076400 0.018000 0.019100 0.012400 0.015800 0.024900 0.029600 0.018100 0.018000 0.020300 0.017000 0.015400 0.013500 0.034300 0.029700 0.020300 0.022500 0.016800 0.018100 0.034400 0.028800 0.018100 0.013500 0.019200 0.022500 0.011300 0.024000 0.028400 0.012700 0.028000 0.015800 0.021500 0.020400 0.016900 0.020500 0.012400 0.026400 0.029700 0.015700 0.028400 0.030700 0.019200 0.010200 0.010100 0.011200 0.000000 0.026100 0.021400 0.024800
ForestMusk 0.026600 0.085900 0.024800 0.079100 0.026600 0.027700 0.027200 0.029100 0.030700 0.023500 0.026600 0.022100 0.028900 0.031800 0.028000 0.024500 0.028100 0.025800 0.031400 0.026900 0.027700 0.026600 0.030800 0.024800 0.026600 0.024500 0.027800 0.028400 0.022100 0.028300 0.022300 0.026900 0.025500 0.024400 0.028300 0.024400 0.025500 0.030000 0.024700 0.022400 0.025700 0.026800 0.022300 0.027100 0.023200 0.023700 0.024700 0.024300 0.026100 0.000000 0.025700 0.029100
Bushbuck 0.020100 0.089100 0.002200 0.068900 0.021200 0.021300 0.022200 0.023200 0.005500 0.024300 0.020400 0.008800 0.022400 0.024400 0.023200 0.018700 0.030300 0.025700 0.022400 0.001100 0.019800 0.020200 0.029100 0.025800 0.020400 0.018700 0.021300 0.003300 0.016500 0.003300 0.023200 0.022500 0.025700 0.017900 0.019000 0.009900 0.019000 0.023400 0.017600 0.025800 0.024500 0.020900 0.023200 0.027700 0.008800 0.019900 0.019800 0.018700 0.021400 0.025700 0.000000 0.003300
GreaterKud 0.023500 0.092800 0.005500 0.072500 0.024600 0.024700 0.025600 0.026500 0.008800 0.027700 0.023900 0.012100 0.025900 0.027900 0.026600 0.022000 0.033700 0.029200 0.025900 0.004400 0.023200 0.023600 0.032500 0.029200 0.023900 0.022000 0.024800 0.006600 0.019800 0.004400 0.026600 0.026000 0.029100 0.021300 0.022500 0.013200 0.022400 0.026800 0.020900 0.029200 0.028000 0.024300 0.026600 0.031100 0.012100 0.023200 0.023200 0.022100 0.024800 0.029100 0.003300 0.000000
