CODONML (in paml version 4.10.7, June 2023)  /home/rachel/ruminants_paml/6406-phy-tree/ENSBTAT00000056840.fasta.phy
Model: free dN/dS Ratios for branches,  kappa = 2.000 fixed

Codon frequency model: F3x4
ns =  54  ls = 138

Codon usage in sequences
--------------------------------------------------------------------------------------------------------------------------------------
Phe TTT   2   1   2   2   3   2 | Ser TCT   0   1   1   1   1   0 | Tyr TAT   1   0   1   0   0   1 | Cys TGT   0   0   0   0   0   0
    TTC   4   5   4   4   3   4 |     TCC   5   5   4   4   4   5 |     TAC   0   1   0   1   1   0 |     TGC   2   2   2   2   2   2
Leu TTA   0   0   1   0   0   0 |     TCA   1   0   1   1   1   1 | *** TAA   0   0   0   0   0   0 | *** TGA   0   0   0   0   0   0
    TTG   1   1   1   1   0   0 |     TCG   0   0   0   0   0   0 |     TAG   0   0   0   0   0   0 | Trp TGG   3   3   3   3   3   3
--------------------------------------------------------------------------------------------------------------------------------------
Leu CTT   2   2   2   2   2   1 | Pro CCT   1   0   1   1   2   1 | His CAT   1   1   0   1   1   1 | Arg CGT   0   0   0   0   0   0
    CTC   3   3   3   3   3   4 |     CCC   1   3   1   1   1   3 |     CAC   2   2   3   2   3   2 |     CGC   3   3   3   3   1   4
    CTA   1   1   0   1   1   0 |     CCA   4   3   4   5   3   2 | Gln CAA   1   1   1   1   1   0 |     CGA   3   1   3   3   1   0
    CTG   8   8   8   8   9  10 |     CCG   1   1   1   0   1   2 |     CAG   6   7   7   6   7   8 |     CGG   2   4   1   2   3   3
--------------------------------------------------------------------------------------------------------------------------------------
Ile ATT   0   1   0   0   1   1 | Thr ACT   1   0   1   0   0   0 | Asn AAT   2   2   2   2   2   1 | Ser AGT   1   1   0   0   0   1
    ATC   6   6   6   6   4   6 |     ACC   2   3   2   2   4   3 |     AAC   3   3   3   3   2   3 |     AGC   3   3   4   4   6   3
    ATA   1   0   1   1   1   0 |     ACA   0   0   0   0   0   0 | Lys AAA   0   1   0   0   2   2 | Arg AGA   1   0   0   0   1   2
Met ATG   4   4   4   4   4   4 |     ACG   2   3   2   3   2   2 |     AAG   4   2   4   4   3   2 |     AGG   1   2   2   2   1   1
--------------------------------------------------------------------------------------------------------------------------------------
Val GTT   0   0   0   0   0   0 | Ala GCT   1   1   0   0   1   0 | Asp GAT   4   3   5   5   3   3 | Gly GGT   3   1   2   2   3   4
    GTC   1   2   1   1   2   1 |     GCC   5   5   5   5   4   5 |     GAC   4   4   3   3   4   5 |     GGC   8   8   9   9   7   8
    GTA   0   0   0   0   0   0 |     GCA   1   2   3   2   2   1 | Glu GAA   2   3   2   2   2   2 |     GGA   0   1   0   0   1   0
    GTG   6   5   6   6   6   6 |     GCG   1   1   0   1   1   2 |     GAG   9   8   9   9   9   8 |     GGG   4   4   4   4   3   3
--------------------------------------------------------------------------------------------------------------------------------------

--------------------------------------------------------------------------------------------------------------------------------------
Phe TTT   2   2   3   2   2   2 | Ser TCT   0   0   0   0   1   0 | Tyr TAT   1   1   1   1   1   1 | Cys TGT   0   0   0   0   0   0
    TTC   4   4   3   4   4   4 |     TCC   5   5   5   5   4   5 |     TAC   0   0   0   0   0   0 |     TGC   2   2   2   2   2   2
Leu TTA   0   0   0   0   0   0 |     TCA   1   1   1   1   1   1 | *** TAA   0   0   0   0   0   0 | *** TGA   0   0   0   0   0   0
    TTG   1   1   1   1   1   0 |     TCG   0   0   0   0   0   0 |     TAG   0   0   0   0   0   0 | Trp TGG   3   3   3   3   3   3
--------------------------------------------------------------------------------------------------------------------------------------
Leu CTT   2   2   2   2   2   2 | Pro CCT   1   1   1   1   1   1 | His CAT   1   1   1   1   1   1 | Arg CGT   0   0   0   0   0   2
    CTC   3   3   3   3   3   3 |     CCC   1   1   1   1   1   1 |     CAC   2   2   2   2   2   2 |     CGC   3   3   3   3   3   2
    CTA   1   1   1   1   1   1 |     CCA   4   4   4   4   4   4 | Gln CAA   2   1   1   1   1   1 |     CGA   3   3   3   2   3   2
    CTG   8   8   8   8   8   9 |     CCG   1   1   1   1   1   1 |     CAG   5   6   6   6   6   6 |     CGG   2   2   2   2   2   2
--------------------------------------------------------------------------------------------------------------------------------------
Ile ATT   0   0   1   1   0   0 | Thr ACT   1   1   1   2   1   2 | Asn AAT   2   2   2   2   2   2 | Ser AGT   1   1   1   0   0   0
    ATC   6   6   5   5   6   6 |     ACC   2   2   2   2   2   1 |     AAC   3   3   3   3   3   3 |     AGC   3   3   3   3   4   4
    ATA   1   1   1   1   1   1 |     ACA   0   0   0   0   0   0 | Lys AAA   0   0   0   0   0   0 | Arg AGA   0   1   0   1   0   0
Met ATG   4   4   4   4   4   4 |     ACG   2   2   2   2   2   2 |     AAG   3   4   4   4   4   4 |     AGG   2   1   2   2   2   2
--------------------------------------------------------------------------------------------------------------------------------------
Val GTT   0   0   0   0   0   0 | Ala GCT   1   1   0   0   0   0 | Asp GAT   4   4   4   4   4   3 | Gly GGT   2   3   2   2   2   1
    GTC   1   1   1   1   1   1 |     GCC   4   5   5   5   5   5 |     GAC   4   4   4   4   4   5 |     GGC   9   8  10   9   9  10
    GTA   0   0   0   0   0   0 |     GCA   1   1   1   1   2   1 | Glu GAA   2   2   2   2   2   2 |     GGA   0   0   0   0   0   0
    GTG   6   6   6   6   6   6 |     GCG   2   1   2   2   1   2 |     GAG  10   9   9   9   9   9 |     GGG   4   4   3   4   4   4
--------------------------------------------------------------------------------------------------------------------------------------

--------------------------------------------------------------------------------------------------------------------------------------
Phe TTT   2   2   3   2   2   2 | Ser TCT   0   1   0   0   0   0 | Tyr TAT   0   1   1   1   1   1 | Cys TGT   0   0   0   0   0   0
    TTC   4   4   3   4   4   4 |     TCC   5   4   5   5   5   5 |     TAC   1   0   0   0   0   0 |     TGC   2   2   2   2   2   2
Leu TTA   0   0   0   0   0   0 |     TCA   1   1   1   1   1   1 | *** TAA   0   0   0   0   0   0 | *** TGA   0   0   0   0   0   0
    TTG   1   1   1   1   2   1 |     TCG   0   0   0   0   0   0 |     TAG   0   0   0   0   0   0 | Trp TGG   3   3   3   3   3   3
--------------------------------------------------------------------------------------------------------------------------------------
Leu CTT   2   2   2   2   2   2 | Pro CCT   1   1   1   1   1   1 | His CAT   1   1   1   1   1   1 | Arg CGT   0   1   0   0   0   0
    CTC   3   3   3   3   3   3 |     CCC   1   1   1   1   1   1 |     CAC   2   2   2   2   2   2 |     CGC   3   2   3   3   3   3
    CTA   1   1   1   1   1   1 |     CCA   4   4   4   4   4   4 | Gln CAA   1   1   1   1   1   1 |     CGA   3   3   3   3   2   3
    CTG   8   8   8   8   7   8 |     CCG   1   1   1   1   1   1 |     CAG   6   7   6   5   6   6 |     CGG   2   1   2   2   3   2
--------------------------------------------------------------------------------------------------------------------------------------
Ile ATT   0   0   0   1   0   0 | Thr ACT   1   1   1   1   1   2 | Asn AAT   2   3   2   2   2   2 | Ser AGT   1   0   1   1   1   0
    ATC   6   6   6   5   6   6 |     ACC   2   2   2   2   2   2 |     AAC   3   2   3   3   3   3 |     AGC   3   4   3   3   3   3
    ATA   1   1   1   1   1   1 |     ACA   0   0   0   0   0   0 | Lys AAA   0   0   0   0   0   0 | Arg AGA   1   0   0   0   1   0
Met ATG   4   4   4   4   4   4 |     ACG   2   2   2   2   2   2 |     AAG   4   4   4   4   4   4 |     AGG   1   2   2   2   1   2
--------------------------------------------------------------------------------------------------------------------------------------
Val GTT   0   0   0   0   0   0 | Ala GCT   1   0   1   0   1   0 | Asp GAT   4   5   4   4   4   4 | Gly GGT   3   2   2   2   3   2
    GTC   1   1   1   1   1   1 |     GCC   5   5   5   5   5   5 |     GAC   4   3   4   4   4   4 |     GGC   8   9  10  10   9   9
    GTA   0   0   0   0   0   0 |     GCA   1   1   1   1   0   1 | Glu GAA   2   2   2   2   2   2 |     GGA   0   0   0   0   0   0
    GTG   6   6   6   6   6   6 |     GCG   1   2   1   2   2   2 |     GAG   9   9   9  10   9   9 |     GGG   4   4   3   3   3   4
--------------------------------------------------------------------------------------------------------------------------------------

--------------------------------------------------------------------------------------------------------------------------------------
Phe TTT   2   2   3   2   2   2 | Ser TCT   1   1   0   1   0   0 | Tyr TAT   1   1   1   1   1   1 | Cys TGT   0   0   0   0   0   0
    TTC   4   4   3   4   4   4 |     TCC   4   4   5   4   5   5 |     TAC   0   0   0   0   0   0 |     TGC   2   2   2   2   2   2
Leu TTA   0   0   0   0   0   0 |     TCA   1   1   1   1   1   1 | *** TAA   0   0   0   0   0   0 | *** TGA   0   0   0   0   0   0
    TTG   1   1   1   1   1   1 |     TCG   0   0   0   0   0   0 |     TAG   0   0   0   0   0   0 | Trp TGG   3   3   3   3   3   3
--------------------------------------------------------------------------------------------------------------------------------------
Leu CTT   2   2   2   2   2   2 | Pro CCT   1   1   1   1   1   1 | His CAT   1   1   1   1   1   1 | Arg CGT   0   0   0   0   0   0
    CTC   3   3   3   3   3   3 |     CCC   1   1   1   1   1   1 |     CAC   2   2   2   2   2   2 |     CGC   3   3   3   3   3   3
    CTA   1   1   1   1   1   1 |     CCA   5   5   4   4   4   4 | Gln CAA   1   1   2   1   1   1 |     CGA   2   2   3   3   3   3
    CTG   8   8   8   8   8   8 |     CCG   0   0   1   1   1   1 |     CAG   6   6   5   6   6   6 |     CGG   3   3   2   2   2   2
--------------------------------------------------------------------------------------------------------------------------------------
Ile ATT   0   1   0   0   0   0 | Thr ACT   1   1   1   1   2   1 | Asn AAT   2   2   2   2   2   2 | Ser AGT   0   0   1   0   0   1
    ATC   6   5   6   6   6   6 |     ACC   2   2   2   2   2   2 |     AAC   3   3   3   3   3   3 |     AGC   4   4   3   4   3   3
    ATA   1   1   1   1   1   1 |     ACA   0   0   0   0   0   0 | Lys AAA   0   0   0   0   0   0 | Arg AGA   0   0   0   0   0   1
Met ATG   4   4   4   4   4   4 |     ACG   2   2   2   2   2   2 |     AAG   4   4   4   4   4   4 |     AGG   2   2   2   2   2   1
--------------------------------------------------------------------------------------------------------------------------------------
Val GTT   0   0   0   0   0   0 | Ala GCT   0   0   1   0   0   1 | Asp GAT   3   3   5   5   4   4 | Gly GGT   2   2   2   2   2   2
    GTC   1   1   1   1   1   1 |     GCC   5   5   5   5   5   5 |     GAC   5   5   4   4   4   4 |     GGC   9   9   9   9   9   9
    GTA   0   0   0   0   0   0 |     GCA   1   1   2   2   1   1 | Glu GAA   2   2   1   2   2   2 |     GGA   0   0   0   0   0   0
    GTG   6   6   6   6   6   6 |     GCG   2   2   0   1   2   1 |     GAG   9   9   9   8   9   9 |     GGG   4   4   4   4   4   4
--------------------------------------------------------------------------------------------------------------------------------------

--------------------------------------------------------------------------------------------------------------------------------------
Phe TTT   3   2   2   2   2   2 | Ser TCT   0   0   0   0   0   2 | Tyr TAT   1   1   1   1   1   1 | Cys TGT   0   0   0   0   0   0
    TTC   3   4   4   4   4   4 |     TCC   5   5   5   5   5   3 |     TAC   0   0   0   0   0   0 |     TGC   2   2   2   2   2   2
Leu TTA   0   0   0   0   0   0 |     TCA   1   1   1   1   1   1 | *** TAA   0   0   0   0   0   0 | *** TGA   0   0   0   0   0   0
    TTG   0   0   1   1   1   1 |     TCG   0   0   0   0   0   0 |     TAG   0   0   0   0   0   0 | Trp TGG   3   3   3   3   3   3
--------------------------------------------------------------------------------------------------------------------------------------
Leu CTT   2   2   2   2   2   2 | Pro CCT   1   1   1   1   1   1 | His CAT   1   1   1   1   1   1 | Arg CGT   2   1   0   0   0   0
    CTC   3   3   3   3   3   3 |     CCC   1   1   1   1   1   1 |     CAC   2   2   2   2   2   2 |     CGC   2   2   3   3   3   3
    CTA   1   1   1   1   1   1 |     CCA   4   4   4   4   4   4 | Gln CAA   1   1   1   0   1   1 |     CGA   2   2   3   3   3   3
    CTG   9   9   8   8   8   8 |     CCG   1   1   1   1   1   1 |     CAG   6   6   6   8   6   6 |     CGG   2   3   2   1   2   2
--------------------------------------------------------------------------------------------------------------------------------------
Ile ATT   0   0   0   0   0   0 | Thr ACT   1   1   1   2   1   1 | Asn AAT   2   2   2   2   3   2 | Ser AGT   0   0   1   0   1   0
    ATC   6   6   6   6   6   6 |     ACC   2   2   2   0   2   2 |     AAC   3   3   3   3   2   3 |     AGC   4   4   3   3   3   4
    ATA   1   1   1   1   1   1 |     ACA   0   0   0   0   0   0 | Lys AAA   0   0   0   0   0   0 | Arg AGA   0   0   1   0   0   0
Met ATG   4   4   4   4   4   4 |     ACG   2   2   2   4   2   2 |     AAG   4   4   4   4   4   4 |     AGG   2   2   1   2   2   2
--------------------------------------------------------------------------------------------------------------------------------------
Val GTT   0   0   0   0   0   0 | Ala GCT   0   0   1   0   1   0 | Asp GAT   3   3   4   4   4   4 | Gly GGT   2   3   3   2   3   2
    GTC   1   1   1   1   1   1 |     GCC   5   5   5   5   5   5 |     GAC   5   5   4   4   4   4 |     GGC   9   7   8   9   9   9
    GTA   0   0   0   0   0   0 |     GCA   1   1   1   1   1   2 | Glu GAA   2   2   2   2   2   2 |     GGA   0   0   0   0   0   0
    GTG   6   6   6   6   6   6 |     GCG   2   2   1   2   1   1 |     GAG   9   9   9   9   9   9 |     GGG   4   5   4   4   3   4
--------------------------------------------------------------------------------------------------------------------------------------

--------------------------------------------------------------------------------------------------------------------------------------
Phe TTT   2   2   2   2   2   2 | Ser TCT   0   1   0   0   0   0 | Tyr TAT   1   1   1   1   1   1 | Cys TGT   0   0   0   0   0   0
    TTC   4   4   4   4   4   4 |     TCC   5   4   5   5   5   5 |     TAC   0   0   0   0   0   0 |     TGC   2   2   2   2   2   2
Leu TTA   0   0   0   0   0   0 |     TCA   1   1   1   1   1   1 | *** TAA   0   0   0   0   0   0 | *** TGA   0   0   0   0   0   0
    TTG   1   1   0   1   1   1 |     TCG   0   0   0   0   0   0 |     TAG   0   0   0   0   0   0 | Trp TGG   4   3   3   3   3   3
--------------------------------------------------------------------------------------------------------------------------------------
Leu CTT   2   2   2   2   2   1 | Pro CCT   1   1   1   1   1   1 | His CAT   1   1   1   1   1   1 | Arg CGT   0   0   2   0   0   0
    CTC   3   3   3   3   3   4 |     CCC   1   1   1   1   1   1 |     CAC   2   2   2   2   2   2 |     CGC   3   3   2   3   3   3
    CTA   1   1   2   1   1   1 |     CCA   4   4   4   4   4   4 | Gln CAA   2   1   1   1   1   1 |     CGA   2   3   2   3   2   3
    CTG   8   8   8   8   8   8 |     CCG   1   1   1   1   1   1 |     CAG   6   6   6   5   7   6 |     CGG   1   2   2   2   2   2
--------------------------------------------------------------------------------------------------------------------------------------
Ile ATT   0   0   0   1   0   0 | Thr ACT   2   1   2   1   1   1 | Asn AAT   2   2   2   3   2   2 | Ser AGT   0   0   0   2   0   1
    ATC   6   6   6   5   5   6 |     ACC   2   2   1   2   3   2 |     AAC   3   3   3   2   2   3 |     AGC   3   4   4   2   4   3
    ATA   1   1   1   1   2   1 |     ACA   0   0   0   0   0   0 | Lys AAA   0   0   0   0   0   0 | Arg AGA   0   0   0   0   0   0
Met ATG   4   4   4   4   4   4 |     ACG   2   2   2   2   2   2 |     AAG   4   4   4   4   4   4 |     AGG   2   2   2   2   2   2
--------------------------------------------------------------------------------------------------------------------------------------
Val GTT   0   0   0   0   0   0 | Ala GCT   0   0   0   0   0   1 | Asp GAT   4   4   3   4   5   4 | Gly GGT   2   2   1   2   3   3
    GTC   1   1   1   1   1   1 |     GCC   5   5   5   5   5   5 |     GAC   4   4   5   4   3   4 |     GGC   9   9  10   8   7   9
    GTA   0   0   0   0   0   0 |     GCA   1   2   1   1   1   1 | Glu GAA   3   2   2   2   2   2 |     GGA   0   0   0   1   0   0
    GTG   6   6   6   6   6   6 |     GCG   2   1   2   2   2   1 |     GAG   8   9   9  10   9   9 |     GGG   4   4   4   4   5   3
--------------------------------------------------------------------------------------------------------------------------------------

--------------------------------------------------------------------------------------------------------------------------------------
Phe TTT   3   3   2   2   2   2 | Ser TCT   0   1   0   0   0   0 | Tyr TAT   1   1   1   1   1   1 | Cys TGT   0   0   0   0   0   1
    TTC   3   3   4   4   4   4 |     TCC   4   4   5   5   5   5 |     TAC   0   0   0   0   0   0 |     TGC   2   2   2   2   2   1
Leu TTA   0   0   0   0   0   0 |     TCA   1   1   1   1   1   1 | *** TAA   0   0   0   0   0   0 | *** TGA   0   0   0   0   0   0
    TTG   1   1   1   1   1   0 |     TCG   1   0   0   0   0   0 |     TAG   0   0   0   0   0   0 | Trp TGG   3   3   3   3   3   3
--------------------------------------------------------------------------------------------------------------------------------------
Leu CTT   2   2   2   2   2   2 | Pro CCT   1   1   1   1   1   1 | His CAT   1   1   1   1   1   1 | Arg CGT   0   1   0   0   0   1
    CTC   3   3   3   3   3   3 |     CCC   1   1   1   1   1   1 |     CAC   2   2   2   2   2   2 |     CGC   3   3   3   3   3   2
    CTA   1   1   1   1   2   1 |     CCA   5   4   4   4   4   4 | Gln CAA   1   1   1   2   1   1 |     CGA   3   2   3   3   3   2
    CTG   8   8   8   8   7   9 |     CCG   0   1   1   1   1   1 |     CAG   6   6   6   5   6   7 |     CGG   2   1   2   2   2   2
--------------------------------------------------------------------------------------------------------------------------------------
Ile ATT   0   0   0   0   0   0 | Thr ACT   1   1   1   1   2   1 | Asn AAT   2   2   2   2   2   2 | Ser AGT   1   0   1   1   1   0
    ATC   6   6   6   6   6   6 |     ACC   2   2   2   2   2   2 |     AAC   3   3   3   3   3   3 |     AGC   3   4   3   3   2   4
    ATA   1   1   1   1   1   1 |     ACA   0   0   0   0   0   0 | Lys AAA   0   0   0   0   0   0 | Arg AGA   0   0   1   0   0   0
Met ATG   4   4   4   4   4   4 |     ACG   2   2   2   2   2   2 |     AAG   4   4   4   4   4   4 |     AGG   2   3   1   2   2   2
--------------------------------------------------------------------------------------------------------------------------------------
Val GTT   0   0   0   0   0   0 | Ala GCT   1   0   1   1   1   0 | Asp GAT   4   4   4   4   5   3 | Gly GGT   3   2   3   2   2   2
    GTC   1   1   1   1   1   1 |     GCC   5   5   5   4   4   5 |     GAC   4   4   4   4   3   5 |     GGC   9   9   8   9   9   9
    GTA   0   0   0   0   0   0 |     GCA   1   1   1   1   1   1 | Glu GAA   2   2   2   2   2   2 |     GGA   0   0   0   0   0   0
    GTG   6   6   6   6   6   6 |     GCG   1   2   1   2   2   2 |     GAG   9   9   9   9   9   9 |     GGG   3   4   4   4   4   4
--------------------------------------------------------------------------------------------------------------------------------------

--------------------------------------------------------------------------------------------------------------------------------------
Phe TTT   2   2   2   2   3   2 | Ser TCT   0   0   0   0   1   1 | Tyr TAT   1   1   1   1   1   1 | Cys TGT   0   0   0   0   0   0
    TTC   4   4   4   4   3   4 |     TCC   5   4   5   5   4   4 |     TAC   0   0   0   0   0   0 |     TGC   2   2   2   2   2   2
Leu TTA   0   0   0   0   0   0 |     TCA   1   2   1   1   1   1 | *** TAA   0   0   0   0   0   0 | *** TGA   0   0   0   0   0   0
    TTG   0   1   0   0   1   1 |     TCG   0   0   0   0   0   0 |     TAG   0   0   0   0   0   0 | Trp TGG   3   3   3   3   3   3
--------------------------------------------------------------------------------------------------------------------------------------
Leu CTT   2   2   2   2   2   2 | Pro CCT   1   1   1   1   1   1 | His CAT   1   1   1   1   1   1 | Arg CGT   3   0   2   1   1   0
    CTC   3   3   3   3   3   3 |     CCC   1   1   1   1   1   1 |     CAC   2   2   2   2   2   2 |     CGC   2   3   2   2   3   3
    CTA   1   1   1   1   1   1 |     CCA   5   4   4   4   5   4 | Gln CAA   1   0   1   1   1   1 |     CGA   2   3   2   2   2   3
    CTG   9   8   9   9   8   8 |     CCG   0   1   1   1   0   1 |     CAG   6   8   6   6   6   6 |     CGG   1   1   2   3   2   2
--------------------------------------------------------------------------------------------------------------------------------------
Ile ATT   0   0   0   0   0   0 | Thr ACT   1   2   2   1   1   1 | Asn AAT   2   2   2   2   2   2 | Ser AGT   0   0   0   1   0   1
    ATC   6   6   6   6   6   6 |     ACC   2   1   1   2   2   2 |     AAC   3   3   3   3   3   3 |     AGC   4   3   4   3   4   3
    ATA   1   1   1   1   1   1 |     ACA   0   0   0   0   0   0 | Lys AAA   0   0   0   0   0   0 | Arg AGA   0   0   0   0   0   0
Met ATG   4   4   4   4   4   4 |     ACG   2   3   2   2   2   2 |     AAG   4   4   4   4   4   4 |     AGG   2   2   2   2   2   2
--------------------------------------------------------------------------------------------------------------------------------------
Val GTT   0   0   0   0   0   0 | Ala GCT   0   0   0   0   0   0 | Asp GAT   3   4   3   4   4   4 | Gly GGT   3   2   1   3   2   3
    GTC   1   1   1   1   1   1 |     GCC   5   5   5   5   5   5 |     GAC   5   4   5   4   4   4 |     GGC   8   9  10   8   9   8
    GTA   0   0   0   0   0   0 |     GCA   1   1   1   1   1   1 | Glu GAA   2   2   2   3   2   2 |     GGA   0   0   0   0   0   0
    GTG   6   6   6   6   6   6 |     GCG   2   2   2   2   2   2 |     GAG   9   9   9   8   9   9 |     GGG   4   4   4   4   4   4
--------------------------------------------------------------------------------------------------------------------------------------

--------------------------------------------------------------------------------------------------------------------------------------
Phe TTT   2   2   2   2   2   2 | Ser TCT   0   0   1   1   1   1 | Tyr TAT   1   1   1   0   1   1 | Cys TGT   0   0   0   0   0   0
    TTC   4   4   4   4   4   4 |     TCC   5   5   4   4   4   4 |     TAC   0   0   0   1   0   0 |     TGC   2   2   2   2   2   2
Leu TTA   0   0   0   0   0   0 |     TCA   1   1   1   1   1   1 | *** TAA   0   0   0   0   0   0 | *** TGA   0   0   0   0   0   0
    TTG   2   1   1   1   1   1 |     TCG   0   0   0   0   0   0 |     TAG   0   0   0   0   0   0 | Trp TGG   3   3   3   3   3   3
--------------------------------------------------------------------------------------------------------------------------------------
Leu CTT   2   2   2   2   3   2 | Pro CCT   1   1   1   1   1   1 | His CAT   1   1   1   1   1   1 | Arg CGT   0   0   0   0   0   0
    CTC   3   3   3   3   3   3 |     CCC   1   1   1   1   1   1 |     CAC   2   2   2   2   2   2 |     CGC   3   3   4   3   3   3
    CTA   1   1   1   1   1   1 |     CCA   5   4   5   5   4   4 | Gln CAA   2   1   1   1   1   1 |     CGA   2   3   3   3   3   3
    CTG   7   8   8   8   7   8 |     CCG   0   1   0   0   1   1 |     CAG   6   6   6   6   6   6 |     CGG   2   2   1   2   2   2
--------------------------------------------------------------------------------------------------------------------------------------
Ile ATT   0   0   0   0   0   0 | Thr ACT   2   1   1   0   1   1 | Asn AAT   2   2   2   2   2   2 | Ser AGT   0   1   1   0   1   0
    ATC   6   6   6   6   6   6 |     ACC   2   2   2   2   2   2 |     AAC   3   3   3   3   3   3 |     AGC   3   3   3   4   3   4
    ATA   1   1   1   1   1   1 |     ACA   0   0   0   0   0   0 | Lys AAA   0   0   0   0   0   0 | Arg AGA   0   0   0   0   0   0
Met ATG   4   4   4   4   4   4 |     ACG   2   2   2   3   2   2 |     AAG   4   4   4   4   4   4 |     AGG   2   2   2   2   2   2
--------------------------------------------------------------------------------------------------------------------------------------
Val GTT   0   0   0   0   0   0 | Ala GCT   0   1   0   0   0   0 | Asp GAT   5   4   4   5   4   4 | Gly GGT   2   2   2   2   2   2
    GTC   1   1   1   1   1   1 |     GCC   5   5   5   5   5   5 |     GAC   3   4   4   3   4   4 |     GGC   9   9   9   9   9   9
    GTA   0   0   0   0   0   0 |     GCA   1   0   1   2   2   2 | Glu GAA   2   2   2   2   2   2 |     GGA   0   1   0   0   0   0
    GTG   6   6   6   6   6   6 |     GCG   2   2   2   1   1   1 |     GAG   9   9   9   9   9   9 |     GGG   4   3   4   4   4   4
--------------------------------------------------------------------------------------------------------------------------------------

Codon position x base (3x4) table for each sequence.

#1: Argali         
position  1:    T:0.13768    C:0.28261    A:0.22464    G:0.35507
position  2:    T:0.28261    C:0.18841    A:0.28261    G:0.24638
position  3:    T:0.13768    C:0.37681    A:0.10870    G:0.37681
Average         T:0.18599    C:0.28261    A:0.20531    G:0.32609

#2: LesserMouseDeer
position  1:    T:0.13768    C:0.28986    A:0.22464    G:0.34783
position  2:    T:0.28261    C:0.20290    A:0.27536    G:0.23913
position  3:    T:0.10145    C:0.42029    A:0.09420    G:0.38406
Average         T:0.17391    C:0.30435    A:0.19807    G:0.32367

#3: LesserKudu     
position  1:    T:0.14493    C:0.27536    A:0.22464    G:0.35507
position  2:    T:0.28261    C:0.18841    A:0.28986    G:0.23913
position  3:    T:0.12319    C:0.38406    A:0.11594    G:0.37681
Average         T:0.18357    C:0.28261    A:0.21014    G:0.32367

#4: ForestMuskDeer2
position  1:    T:0.13768    C:0.28261    A:0.22464    G:0.35507
position  2:    T:0.28261    C:0.18841    A:0.28261    G:0.24638
position  3:    T:0.11594    C:0.38406    A:0.11594    G:0.38406
Average         T:0.17874    C:0.28502    A:0.20773    G:0.32850

#5: Camel          
position  1:    T:0.13043    C:0.28261    A:0.23913    G:0.34783
position  2:    T:0.28261    C:0.19565    A:0.28986    G:0.23188
position  3:    T:0.13768    C:0.36957    A:0.11594    G:0.37681
Average         T:0.18357    C:0.28261    A:0.21498    G:0.31884

#6: KillerWhale    
position  1:    T:0.13043    C:0.29710    A:0.22464    G:0.34783
position  2:    T:0.28261    C:0.19565    A:0.27536    G:0.24638
position  3:    T:0.11594    C:0.42029    A:0.07246    G:0.39130
Average         T:0.17633    C:0.30435    A:0.19082    G:0.32850

#7: DefassaWaterbuck
position  1:    T:0.13768    C:0.28261    A:0.21739    G:0.36232
position  2:    T:0.28261    C:0.18841    A:0.28261    G:0.24638
position  3:    T:0.13043    C:0.37681    A:0.10870    G:0.38406
Average         T:0.18357    C:0.28261    A:0.20290    G:0.33092

#8: Sheep          
position  1:    T:0.13768    C:0.28261    A:0.22464    G:0.35507
position  2:    T:0.28261    C:0.18841    A:0.28261    G:0.24638
position  3:    T:0.13768    C:0.37681    A:0.10870    G:0.37681
Average         T:0.18599    C:0.28261    A:0.20531    G:0.32609

#9: MaxwellsDuiker 
position  1:    T:0.13768    C:0.28261    A:0.22464    G:0.35507
position  2:    T:0.28261    C:0.18841    A:0.28261    G:0.24638
position  3:    T:0.13768    C:0.37681    A:0.10145    G:0.38406
Average         T:0.18599    C:0.28261    A:0.20290    G:0.32850

#10: GazellaPrzewalskyi
position  1:    T:0.13768    C:0.27536    A:0.23188    G:0.35507
position  2:    T:0.28261    C:0.19565    A:0.28261    G:0.23913
position  3:    T:0.13043    C:0.37681    A:0.10145    G:0.39130
Average         T:0.18357    C:0.28261    A:0.20531    G:0.32850

#11: MountainNyala  
position  1:    T:0.13768    C:0.28261    A:0.22464    G:0.35507
position  2:    T:0.28261    C:0.18841    A:0.28261    G:0.24638
position  3:    T:0.12319    C:0.38406    A:0.10870    G:0.38406
Average         T:0.18116    C:0.28502    A:0.20531    G:0.32850

#12: MuntiacusMuntjak
position  1:    T:0.13043    C:0.28986    A:0.22464    G:0.35507
position  2:    T:0.28261    C:0.18841    A:0.28261    G:0.24638
position  3:    T:0.12319    C:0.39130    A:0.09420    G:0.39130
Average         T:0.17874    C:0.28986    A:0.20048    G:0.33092

#13: goat           
position  1:    T:0.13768    C:0.28261    A:0.22464    G:0.35507
position  2:    T:0.28261    C:0.18841    A:0.28261    G:0.24638
position  3:    T:0.13043    C:0.38406    A:0.10870    G:0.37681
Average         T:0.18357    C:0.28502    A:0.20531    G:0.32609

#14: AfricanBuffalo 
position  1:    T:0.13768    C:0.28261    A:0.22464    G:0.35507
position  2:    T:0.28261    C:0.18841    A:0.28986    G:0.23913
position  3:    T:0.14493    C:0.36232    A:0.10145    G:0.39130
Average         T:0.18841    C:0.27778    A:0.20531    G:0.32850

#15: Topi           
position  1:    T:0.13768    C:0.28261    A:0.22464    G:0.35507
position  2:    T:0.28261    C:0.18841    A:0.28261    G:0.24638
position  3:    T:0.13768    C:0.38406    A:0.10145    G:0.37681
Average         T:0.18599    C:0.28502    A:0.20290    G:0.32609

#16: CommonDuiker   
position  1:    T:0.13768    C:0.27536    A:0.22464    G:0.36232
position  2:    T:0.28261    C:0.18841    A:0.28261    G:0.24638
position  3:    T:0.13043    C:0.38406    A:0.10145    G:0.38406
Average         T:0.18357    C:0.28261    A:0.20290    G:0.33092

#17: Suni           
position  1:    T:0.14493    C:0.27536    A:0.22464    G:0.35507
position  2:    T:0.28261    C:0.18841    A:0.28261    G:0.24638
position  3:    T:0.13768    C:0.38406    A:0.09420    G:0.38406
Average         T:0.18841    C:0.28261    A:0.20048    G:0.32850

#18: Springbuck     
position  1:    T:0.13768    C:0.28261    A:0.22464    G:0.35507
position  2:    T:0.28261    C:0.19565    A:0.28261    G:0.23913
position  3:    T:0.12319    C:0.38406    A:0.10145    G:0.39130
Average         T:0.18116    C:0.28744    A:0.20290    G:0.32850

#19: Okapi          
position  1:    T:0.13768    C:0.28261    A:0.22464    G:0.35507
position  2:    T:0.28261    C:0.18841    A:0.28261    G:0.24638
position  3:    T:0.11594    C:0.39130    A:0.10145    G:0.39130
Average         T:0.17874    C:0.28744    A:0.20290    G:0.33092

#20: Giraffe        
position  1:    T:0.13768    C:0.28261    A:0.22464    G:0.35507
position  2:    T:0.28261    C:0.18841    A:0.28261    G:0.24638
position  3:    T:0.12319    C:0.38406    A:0.10145    G:0.39130
Average         T:0.18116    C:0.28502    A:0.20290    G:0.33092

#21: TibetanAntelope
position  1:    T:0.13768    C:0.28261    A:0.22464    G:0.35507
position  2:    T:0.28261    C:0.18841    A:0.28261    G:0.24638
position  3:    T:0.14493    C:0.37681    A:0.10870    G:0.36957
Average         T:0.18841    C:0.28261    A:0.20531    G:0.32367

#22: Sitatunga      
position  1:    T:0.13768    C:0.28261    A:0.22464    G:0.35507
position  2:    T:0.28261    C:0.18841    A:0.28261    G:0.24638
position  3:    T:0.13043    C:0.38406    A:0.10870    G:0.37681
Average         T:0.18357    C:0.28502    A:0.20531    G:0.32609

#23: Oribi          
position  1:    T:0.13768    C:0.28261    A:0.22464    G:0.35507
position  2:    T:0.28261    C:0.19565    A:0.28261    G:0.23913
position  3:    T:0.12319    C:0.38406    A:0.10145    G:0.39130
Average         T:0.18116    C:0.28744    A:0.20290    G:0.32850

#24: BarbarySheep   
position  1:    T:0.13768    C:0.28261    A:0.22464    G:0.35507
position  2:    T:0.28261    C:0.18841    A:0.28261    G:0.24638
position  3:    T:0.13043    C:0.38406    A:0.10870    G:0.37681
Average         T:0.18357    C:0.28502    A:0.20531    G:0.32609

#25: Daviddeer      
position  1:    T:0.13043    C:0.28986    A:0.22464    G:0.35507
position  2:    T:0.28261    C:0.18841    A:0.28261    G:0.24638
position  3:    T:0.13043    C:0.38406    A:0.09420    G:0.39130
Average         T:0.18116    C:0.28744    A:0.20048    G:0.33092

#26: Reindeer       
position  1:    T:0.13043    C:0.28986    A:0.22464    G:0.35507
position  2:    T:0.28261    C:0.18841    A:0.28261    G:0.24638
position  3:    T:0.12319    C:0.37681    A:0.09420    G:0.40580
Average         T:0.17874    C:0.28502    A:0.20048    G:0.33575

#27: Ibex           
position  1:    T:0.13768    C:0.28261    A:0.22464    G:0.35507
position  2:    T:0.28261    C:0.18841    A:0.28261    G:0.24638
position  3:    T:0.13768    C:0.37681    A:0.10870    G:0.37681
Average         T:0.18599    C:0.28261    A:0.20531    G:0.32609

#28: GyrantGazelle  
position  1:    T:0.13768    C:0.28261    A:0.22464    G:0.35507
position  2:    T:0.28261    C:0.19565    A:0.28986    G:0.23188
position  3:    T:0.12319    C:0.36957    A:0.09420    G:0.41304
Average         T:0.18116    C:0.28261    A:0.20290    G:0.33333

#29: Hartebeest     
position  1:    T:0.13768    C:0.28261    A:0.22464    G:0.35507
position  2:    T:0.28261    C:0.18841    A:0.28261    G:0.24638
position  3:    T:0.14493    C:0.37681    A:0.10145    G:0.37681
Average         T:0.18841    C:0.28261    A:0.20290    G:0.32609

#30: Bongo          
position  1:    T:0.13768    C:0.28261    A:0.22464    G:0.35507
position  2:    T:0.28261    C:0.18841    A:0.28261    G:0.24638
position  3:    T:0.13043    C:0.37681    A:0.10870    G:0.38406
Average         T:0.18357    C:0.28261    A:0.20531    G:0.32850

#31: Gerenuk        
position  1:    T:0.14493    C:0.27536    A:0.22464    G:0.35507
position  2:    T:0.28261    C:0.19565    A:0.28986    G:0.23188
position  3:    T:0.12319    C:0.38406    A:0.10870    G:0.38406
Average         T:0.18357    C:0.28502    A:0.20773    G:0.32367

#32: CommonEland    
position  1:    T:0.13768    C:0.28261    A:0.22464    G:0.35507
position  2:    T:0.28261    C:0.18841    A:0.28261    G:0.24638
position  3:    T:0.12319    C:0.38406    A:0.10870    G:0.38406
Average         T:0.18116    C:0.28502    A:0.20531    G:0.32850

#33: MuntiacusReevesi
position  1:    T:0.13043    C:0.28986    A:0.22464    G:0.35507
position  2:    T:0.28261    C:0.18841    A:0.28261    G:0.24638
position  3:    T:0.12319    C:0.39130    A:0.10145    G:0.38406
Average         T:0.17874    C:0.28986    A:0.20290    G:0.32850

#34: HarveysDuiker  
position  1:    T:0.13768    C:0.27536    A:0.22464    G:0.36232
position  2:    T:0.28261    C:0.18841    A:0.28261    G:0.24638
position  3:    T:0.14493    C:0.35507    A:0.10870    G:0.39130
Average         T:0.18841    C:0.27295    A:0.20531    G:0.33333

#35: Pronghorn      
position  1:    T:0.13768    C:0.28261    A:0.22464    G:0.35507
position  2:    T:0.28261    C:0.19565    A:0.28261    G:0.23913
position  3:    T:0.13043    C:0.36232    A:0.10145    G:0.40580
Average         T:0.18357    C:0.28019    A:0.20290    G:0.33333

#36: BlueWildebeest 
position  1:    T:0.13768    C:0.28261    A:0.22464    G:0.35507
position  2:    T:0.28261    C:0.18841    A:0.28261    G:0.24638
position  3:    T:0.13043    C:0.39130    A:0.10145    G:0.37681
Average         T:0.18357    C:0.28744    A:0.20290    G:0.32609

#37: Gemsbok        
position  1:    T:0.13768    C:0.28261    A:0.22464    G:0.35507
position  2:    T:0.28261    C:0.18841    A:0.28261    G:0.24638
position  3:    T:0.14493    C:0.36957    A:0.10870    G:0.37681
Average         T:0.18841    C:0.28019    A:0.20531    G:0.32609

#38: Yak            
position  1:    T:0.13768    C:0.27536    A:0.23188    G:0.35507
position  2:    T:0.28261    C:0.18841    A:0.28261    G:0.24638
position  3:    T:0.13768    C:0.37681    A:0.09420    G:0.39130
Average         T:0.18599    C:0.28019    A:0.20290    G:0.33092

#39: BlueSheep      
position  1:    T:0.13768    C:0.28261    A:0.22464    G:0.35507
position  2:    T:0.28261    C:0.18841    A:0.28261    G:0.24638
position  3:    T:0.13768    C:0.37681    A:0.10870    G:0.37681
Average         T:0.18599    C:0.28261    A:0.20531    G:0.32609

#40: BohorReedbuck  
position  1:    T:0.13768    C:0.28261    A:0.22464    G:0.35507
position  2:    T:0.28261    C:0.18841    A:0.28261    G:0.24638
position  3:    T:0.13043    C:0.37681    A:0.10870    G:0.38406
Average         T:0.18357    C:0.28261    A:0.20531    G:0.32850

#41: KirksDik       
position  1:    T:0.13768    C:0.28261    A:0.22464    G:0.35507
position  2:    T:0.28261    C:0.19565    A:0.28261    G:0.23913
position  3:    T:0.14493    C:0.36232    A:0.10870    G:0.38406
Average         T:0.18841    C:0.28019    A:0.20531    G:0.32609

#42: RoeDeer        
position  1:    T:0.13043    C:0.28986    A:0.22464    G:0.35507
position  2:    T:0.28261    C:0.18841    A:0.28986    G:0.23913
position  3:    T:0.12319    C:0.38406    A:0.09420    G:0.39855
Average         T:0.17874    C:0.28744    A:0.20290    G:0.33092

#43: WhiteLippedDeer
position  1:    T:0.13043    C:0.28986    A:0.22464    G:0.35507
position  2:    T:0.28261    C:0.18841    A:0.28261    G:0.24638
position  3:    T:0.13768    C:0.38406    A:0.10145    G:0.37681
Average         T:0.18357    C:0.28744    A:0.20290    G:0.32609

#44: ThomsonGazelle 
position  1:    T:0.13768    C:0.28261    A:0.22464    G:0.35507
position  2:    T:0.28261    C:0.19565    A:0.28986    G:0.23188
position  3:    T:0.12319    C:0.36957    A:0.10145    G:0.40580
Average         T:0.18116    C:0.28261    A:0.20531    G:0.33092

#45: MuntiacusCrinifrons
position  1:    T:0.13043    C:0.28986    A:0.22464    G:0.35507
position  2:    T:0.28261    C:0.18841    A:0.28261    G:0.24638
position  3:    T:0.12319    C:0.39130    A:0.09420    G:0.39130
Average         T:0.17874    C:0.28986    A:0.20048    G:0.33092

#46: WhiteTailedDeer
position  1:    T:0.13043    C:0.28986    A:0.22464    G:0.35507
position  2:    T:0.28261    C:0.18841    A:0.28261    G:0.24638
position  3:    T:0.13768    C:0.36957    A:0.10145    G:0.39130
Average         T:0.18357    C:0.28261    A:0.20290    G:0.33092

#47: Cattle         
position  1:    T:0.13768    C:0.28261    A:0.22464    G:0.35507
position  2:    T:0.28261    C:0.18841    A:0.28261    G:0.24638
position  3:    T:0.13768    C:0.37681    A:0.10145    G:0.38406
Average         T:0.18599    C:0.28261    A:0.20290    G:0.32850

#48: RoyalAntelope  
position  1:    T:0.13768    C:0.28261    A:0.22464    G:0.35507
position  2:    T:0.28261    C:0.18841    A:0.28261    G:0.24638
position  3:    T:0.13768    C:0.36957    A:0.10145    G:0.39130
Average         T:0.18599    C:0.28019    A:0.20290    G:0.33092

#49: Steenbok       
position  1:    T:0.14493    C:0.27536    A:0.22464    G:0.35507
position  2:    T:0.28261    C:0.19565    A:0.28986    G:0.23188
position  3:    T:0.13043    C:0.37681    A:0.10870    G:0.38406
Average         T:0.18599    C:0.28261    A:0.20773    G:0.32367

#50: Impala         
position  1:    T:0.13768    C:0.28261    A:0.22464    G:0.35507
position  2:    T:0.28261    C:0.18841    A:0.28261    G:0.24638
position  3:    T:0.13043    C:0.38406    A:0.10145    G:0.38406
Average         T:0.18357    C:0.28502    A:0.20290    G:0.32850

#51: Klipspringer   
position  1:    T:0.13768    C:0.28261    A:0.22464    G:0.35507
position  2:    T:0.28261    C:0.18841    A:0.28261    G:0.24638
