1
52 1
Argali 0.000000 0.265600 0.075400 0.258700 0.042200 0.000000 0.031500 0.053400 0.086700 0.053000 0.021000 0.042200 0.020600 0.031500 0.099400 0.042200 0.100500 0.099200 0.031700 0.075400 0.065000 0.021000 0.064600 0.042300 0.010400 0.042300 0.020900 0.075400 0.042300 0.075600 0.053000 0.053000 0.135500 0.042200 0.031400 0.031400 0.042800 0.053300 0.053400 0.086900 0.063900 0.053700 0.075400 0.031400 0.042200 0.053200 0.053200 0.053400 0.076200 0.099400 0.087300 0.075400
LesserMous 0.265600 0.000000 0.276600 0.307400 0.234800 0.265600 0.249100 0.263000 0.260700 0.248400 0.279900 0.263200 0.235100 0.248900 0.279200 0.262900 0.253700 0.298000 0.281800 0.276600 0.265900 0.264800 0.233200 0.234000 0.280400 0.263300 0.235100 0.276600 0.263300 0.276400 0.248400 0.277800 0.358900 0.264000 0.220100 0.247800 0.297600 0.249500 0.265800 0.294800 0.262800 0.247000 0.278600 0.219300 0.263200 0.278300 0.280500 0.279600 0.312600 0.265100 0.263000 0.276600
LesserKudu 0.075400 0.276600 0.000000 0.213800 0.052900 0.075400 0.042100 0.052800 0.010200 0.086300 0.099000 0.031300 0.052000 0.042100 0.110000 0.075200 0.111800 0.098600 0.087000 0.000000 0.075900 0.075600 0.098400 0.075100 0.087200 0.053000 0.052900 0.000000 0.075300 0.000000 0.086300 0.041900 0.122500 0.052900 0.063900 0.041900 0.123200 0.064100 0.063500 0.121600 0.097500 0.087500 0.109800 0.063700 0.031300 0.064000 0.041600 0.064200 0.110800 0.110800 0.031300 0.000000
KillerWhal 0.258700 0.307400 0.213800 0.000000 0.258500 0.258700 0.244200 0.242800 0.227600 0.244600 0.274200 0.257800 0.229800 0.243900 0.241600 0.244200 0.280000 0.291400 0.274100 0.213800 0.261200 0.259200 0.246300 0.229800 0.274100 0.258700 0.229800 0.213800 0.244500 0.213500 0.244600 0.242700 0.301500 0.229600 0.244100 0.243300 0.288900 0.273700 0.242900 0.290000 0.258600 0.243800 0.275700 0.215700 0.257800 0.273400 0.213900 0.273300 0.275900 0.276300 0.201600 0.213800
DefassaWat 0.042200 0.234800 0.052900 0.258500 0.000000 0.041500 0.010300 0.031400 0.042000 0.052800 0.064500 0.020700 0.020700 0.010300 0.098900 0.042000 0.076700 0.075800 0.053300 0.052900 0.064600 0.042300 0.064300 0.042000 0.053300 0.020800 0.020600 0.052900 0.042100 0.053000 0.052800 0.031300 0.110700 0.041600 0.010300 0.031200 0.087600 0.010300 0.031400 0.086500 0.063600 0.053400 0.075100 0.031200 0.020700 0.031400 0.031400 0.031400 0.075700 0.075900 0.086900 0.052900
Sheep 0.000000 0.265600 0.075400 0.258700 0.041500 0.000000 0.031500 0.053400 0.086700 0.053000 0.021000 0.042200 0.020900 0.031500 0.099400 0.042200 0.100500 0.099200 0.031700 0.075400 0.065000 0.021000 0.064600 0.042300 0.010400 0.042300 0.020700 0.075400 0.042300 0.075600 0.053000 0.053000 0.135500 0.041600 0.031400 0.031400 0.042800 0.053300 0.053400 0.086900 0.063900 0.053700 0.075400 0.031400 0.042200 0.053200 0.053100 0.053400 0.076200 0.099400 0.087300 0.075400
MaxwellsDu 0.031500 0.249100 0.042100 0.244200 0.010300 0.031500 0.000000 0.020700 0.052900 0.042000 0.053400 0.010300 0.010300 0.000000 0.087200 0.031300 0.065200 0.064400 0.042300 0.042100 0.053400 0.031500 0.053200 0.031300 0.042400 0.010300 0.010300 0.042100 0.030800 0.042100 0.042000 0.020700 0.098500 0.031400 0.020800 0.020700 0.076000 0.020800 0.020900 0.075000 0.052600 0.042400 0.064000 0.020700 0.010300 0.020700 0.020800 0.020800 0.064200 0.064500 0.075600 0.042100
GazellaPrz 0.053400 0.263000 0.052800 0.242800 0.031400 0.053400 0.020700 0.000000 0.063700 0.063900 0.075900 0.031300 0.031400 0.020800 0.086700 0.052900 0.088400 0.075800 0.064500 0.052800 0.076000 0.053300 0.075600 0.052900 0.064500 0.030800 0.031400 0.052800 0.052800 0.052700 0.063900 0.042000 0.098500 0.053100 0.042200 0.041900 0.087600 0.042200 0.031600 0.098000 0.074800 0.064600 0.086600 0.042000 0.031300 0.042100 0.031500 0.042200 0.087000 0.087400 0.086600 0.052800
MountainNy 0.086700 0.260700 0.010200 0.227600 0.042000 0.086700 0.052900 0.063700 0.000000 0.097600 0.110600 0.041900 0.063900 0.052900 0.121700 0.086400 0.123700 0.110200 0.098400 0.010200 0.087200 0.086900 0.110100 0.086300 0.098600 0.063900 0.063900 0.010200 0.086500 0.010200 0.097600 0.052600 0.134400 0.063800 0.052100 0.052700 0.135200 0.052900 0.075300 0.133400 0.108900 0.098900 0.121500 0.074800 0.041900 0.075100 0.052800 0.075300 0.122600 0.122600 0.041900 0.010200
MuntiacusM 0.053000 0.248400 0.086300 0.244600 0.052800 0.053000 0.042000 0.063900 0.097600 0.000000 0.075400 0.052600 0.031300 0.041900 0.110100 0.052700 0.088000 0.087000 0.064000 0.086300 0.075700 0.053000 0.031400 0.031200 0.064100 0.052800 0.031300 0.086300 0.052800 0.086200 0.000000 0.063600 0.146600 0.052800 0.041900 0.041800 0.098700 0.063800 0.064000 0.052800 0.031100 0.064400 0.020600 0.020600 0.052600 0.063800 0.063900 0.063800 0.086900 0.087100 0.098300 0.086300
goat 0.021000 0.279900 0.099000 0.274200 0.064500 0.021000 0.053400 0.075900 0.110600 0.075400 0.000000 0.064200 0.042500 0.053300 0.123600 0.064400 0.124600 0.123100 0.053500 0.099000 0.088100 0.020700 0.087400 0.064400 0.031700 0.064400 0.042500 0.099000 0.064500 0.098900 0.075400 0.075400 0.147900 0.064600 0.053400 0.053100 0.042600 0.075800 0.076100 0.087000 0.086500 0.065000 0.075600 0.053100 0.064200 0.075700 0.075900 0.075900 0.099700 0.099500 0.111400 0.099000
AfricanBuf 0.042200 0.263200 0.031300 0.257800 0.020700 0.042200 0.010300 0.031300 0.041900 0.052600 0.064200 0.000000 0.020700 0.010300 0.098400 0.041900 0.076300 0.075400 0.053100 0.031300 0.064300 0.042100 0.063800 0.041000 0.053100 0.020700 0.020700 0.031300 0.041900 0.031200 0.052600 0.031100 0.110200 0.042000 0.031200 0.010200 0.087200 0.031300 0.031400 0.085800 0.062600 0.053200 0.074900 0.031000 0.000000 0.031200 0.031300 0.031300 0.075400 0.075500 0.064100 0.031300
Topi 0.020600 0.235100 0.052000 0.229800 0.020700 0.020900 0.010300 0.031400 0.063900 0.031300 0.042500 0.020700 0.000000 0.010300 0.075900 0.020800 0.076700 0.075700 0.031500 0.052900 0.042600 0.020900 0.042300 0.020800 0.031600 0.020800 0.000000 0.052600 0.020800 0.053100 0.031300 0.031300 0.110700 0.020800 0.010300 0.010300 0.064800 0.031400 0.031500 0.064000 0.041900 0.031700 0.053000 0.010300 0.020700 0.031400 0.031400 0.031500 0.053400 0.075900 0.064300 0.052900
CommonDuik 0.031500 0.248900 0.042100 0.243900 0.010300 0.031500 0.000000 0.020800 0.052900 0.041900 0.053300 0.010300 0.010300 0.000000 0.087100 0.031200 0.065200 0.064400 0.042300 0.042100 0.053400 0.031500 0.053100 0.031300 0.042300 0.010300 0.010300 0.042100 0.031300 0.042000 0.041900 0.020400 0.098700 0.031300 0.020700 0.020700 0.076000 0.020800 0.020900 0.075000 0.052500 0.042400 0.063900 0.020700 0.010300 0.020700 0.020800 0.020800 0.064400 0.064400 0.075500 0.042100
Suni 0.099400 0.279200 0.110000 0.241600 0.098900 0.099400 0.087200 0.086700 0.121700 0.110100 0.123600 0.098400 0.075900 0.087100 0.000000 0.075700 0.162500 0.147700 0.111100 0.110000 0.123900 0.099200 0.122900 0.098600 0.087800 0.075700 0.075900 0.110000 0.098900 0.109900 0.110100 0.110100 0.160900 0.076000 0.087200 0.086800 0.135600 0.110300 0.087100 0.122500 0.098200 0.088100 0.134500 0.086800 0.098400 0.110500 0.086900 0.110400 0.088100 0.160900 0.122600 0.110000
Springbuck 0.042200 0.262900 0.075200 0.244200 0.042000 0.042200 0.031300 0.052900 0.086400 0.052700 0.064400 0.041900 0.020800 0.031200 0.075700 0.000000 0.099500 0.098300 0.053000 0.075200 0.064500 0.042200 0.063300 0.041500 0.031500 0.020700 0.020800 0.075200 0.020700 0.075100 0.052700 0.052600 0.110300 0.020800 0.031300 0.031100 0.087300 0.052900 0.053100 0.085700 0.041900 0.031600 0.075100 0.030700 0.041100 0.052800 0.052900 0.053000 0.053300 0.098600 0.087000 0.075200
Okapi 0.100500 0.253700 0.111800 0.280000 0.076700 0.100500 0.065200 0.088400 0.123700 0.088000 0.124600 0.076300 0.076700 0.065200 0.162500 0.099500 0.000000 0.087200 0.112600 0.111800 0.123100 0.100200 0.100500 0.076400 0.112400 0.076500 0.076700 0.111800 0.099700 0.111700 0.088000 0.087800 0.124600 0.099800 0.088100 0.087700 0.137500 0.088400 0.077000 0.099600 0.099300 0.112400 0.111700 0.064900 0.076300 0.088000 0.088400 0.088200 0.112200 0.100600 0.124500 0.111800
Giraffe 0.099200 0.298000 0.098600 0.291400 0.075800 0.099200 0.064400 0.075800 0.110200 0.087000 0.123100 0.075400 0.075700 0.064400 0.147700 0.098300 0.087200 0.000000 0.111000 0.098600 0.121600 0.099000 0.099300 0.075500 0.111000 0.075500 0.075700 0.098600 0.075400 0.098500 0.087000 0.086800 0.147700 0.098700 0.087100 0.086600 0.148400 0.087300 0.087600 0.098400 0.098100 0.111100 0.110500 0.064200 0.075400 0.086900 0.087300 0.087200 0.135200 0.111400 0.135100 0.098600
TibetanAnt 0.031700 0.281800 0.087000 0.274100 0.053300 0.031700 0.042300 0.064500 0.098400 0.064000 0.053500 0.053100 0.031500 0.042300 0.111100 0.053000 0.112600 0.111000 0.000000 0.087000 0.076200 0.031600 0.075900 0.053100 0.042500 0.053200 0.031500 0.087000 0.053100 0.086900 0.064000 0.064000 0.147900 0.053200 0.042300 0.042100 0.076400 0.064400 0.064700 0.098300 0.075000 0.064700 0.086700 0.042100 0.053100 0.064200 0.064400 0.064400 0.087500 0.111200 0.099000 0.087000
Sitatunga 0.075400 0.276600 0.000000 0.213800 0.052900 0.075400 0.042100 0.052800 0.010200 0.086300 0.099000 0.031300 0.052900 0.042100 0.110000 0.075200 0.111800 0.098600 0.087000 0.000000 0.075900 0.075600 0.098400 0.075100 0.087200 0.053000 0.052900 0.000000 0.075300 0.000000 0.086300 0.041900 0.122500 0.052800 0.063100 0.041900 0.123200 0.064100 0.064200 0.121600 0.097500 0.087500 0.109800 0.063700 0.031300 0.064000 0.042000 0.064200 0.110800 0.110800 0.031300 0.000000
Oribi 0.065000 0.265900 0.075900 0.261200 0.064600 0.065000 0.053400 0.076000 0.087200 0.075700 0.088100 0.064300 0.042600 0.053400 0.123900 0.064500 0.123100 0.121600 0.076200 0.075900 0.000000 0.064900 0.087700 0.064500 0.076400 0.064500 0.042600 0.075900 0.064600 0.075800 0.075700 0.053200 0.111300 0.042500 0.053500 0.053200 0.112100 0.075900 0.076300 0.110700 0.086800 0.053900 0.099100 0.053200 0.064300 0.053400 0.053500 0.053500 0.076500 0.123800 0.087900 0.075900
BarbaryShe 0.021000 0.264800 0.075600 0.259200 0.042300 0.021000 0.031500 0.053300 0.086900 0.053000 0.020700 0.042100 0.020900 0.031500 0.099200 0.042200 0.100200 0.099000 0.031600 0.075600 0.064900 0.000000 0.064500 0.042200 0.031200 0.042200 0.020900 0.075600 0.042300 0.075500 0.053000 0.053000 0.135200 0.042300 0.031500 0.031400 0.064700 0.053300 0.053500 0.064100 0.063800 0.053600 0.053100 0.031400 0.042100 0.053100 0.053300 0.053300 0.076100 0.076000 0.087500 0.075600
Daviddeer 0.064600 0.233200 0.098400 0.246300 0.064300 0.064600 0.053200 0.075600 0.110100 0.031400 0.087400 0.063800 0.042300 0.053100 0.122900 0.063300 0.100500 0.099300 0.075900 0.098400 0.087700 0.064500 0.000000 0.042000 0.075900 0.064100 0.042300 0.098400 0.064200 0.098400 0.031400 0.075200 0.160200 0.064300 0.053200 0.052700 0.111300 0.075600 0.075800 0.064000 0.020400 0.076000 0.053200 0.031300 0.063800 0.075400 0.075600 0.075600 0.098900 0.099300 0.110800 0.098400
Reindeer 0.042300 0.234000 0.075100 0.229800 0.042000 0.042300 0.031300 0.052900 0.086300 0.031200 0.064400 0.041000 0.020800 0.031300 0.098600 0.041500 0.076400 0.075500 0.053100 0.075100 0.064500 0.042200 0.042000 0.000000 0.053200 0.041900 0.020800 0.075100 0.042000 0.075000 0.031200 0.052600 0.134300 0.042000 0.031300 0.031100 0.087300 0.052900 0.053100 0.063600 0.041600 0.053300 0.052900 0.010200 0.041700 0.052800 0.052900 0.052900 0.075600 0.075600 0.086900 0.075100
Ibex 0.010400 0.280400 0.087200 0.274100 0.053300 0.010400 0.042400 0.064500 0.098600 0.064100 0.031700 0.053100 0.031600 0.042300 0.087800 0.031500 0.112400 0.111000 0.042500 0.087200 0.076400 0.031200 0.075900 0.053200 0.000000 0.031500 0.031600 0.087200 0.053300 0.087100 0.064100 0.064100 0.123400 0.031600 0.042400 0.042200 0.053700 0.064400 0.064700 0.098500 0.052900 0.042700 0.086900 0.042200 0.053100 0.064300 0.064500 0.064500 0.065000 0.111300 0.099300 0.087200
GyrantGaze 0.042300 0.263300 0.053000 0.258700 0.020800 0.042300 0.010300 0.030800 0.063900 0.052800 0.064400 0.020700 0.020800 0.010300 0.075700 0.020700 0.076500 0.075500 0.053200 0.053000 0.064500 0.042200 0.064100 0.041900 0.031500 0.000000 0.020800 0.053000 0.041900 0.052900 0.052800 0.031200 0.086800 0.020800 0.031300 0.031200 0.087400 0.031400 0.031500 0.086300 0.041800 0.031600 0.075100 0.031200 0.020700 0.031300 0.031400 0.031400 0.053100 0.075700 0.087000 0.053000
Hartebeest 0.020900 0.235100 0.052900 0.229800 0.020600 0.020700 0.010300 0.031400 0.063900 0.031300 0.042500 0.020700 0.000000 0.010300 0.075900 0.020800 0.076700 0.075700 0.031500 0.052900 0.042600 0.020900 0.042300 0.020800 0.031600 0.020800 0.000000 0.052100 0.020800 0.053100 0.031300 0.031300 0.110700 0.020800 0.010200 0.010300 0.064800 0.031400 0.031500 0.064000 0.041900 0.031700 0.053000 0.010300 0.020700 0.031400 0.031400 0.031500 0.053400 0.075900 0.064300 0.053100
Bongo 0.075400 0.276600 0.000000 0.213800 0.052900 0.075400 0.042100 0.052800 0.010200 0.086300 0.099000 0.031300 0.052600 0.042100 0.110000 0.075200 0.111800 0.098600 0.087000 0.000000 0.075900 0.075600 0.098400 0.075100 0.087200 0.053000 0.052100 0.000000 0.075300 0.000000 0.086300 0.041900 0.122500 0.051900 0.063900 0.041900 0.123200 0.064100 0.064200 0.121600 0.097500 0.087500 0.109800 0.063700 0.031300 0.064000 0.042000 0.064200 0.110800 0.110800 0.031300 0.000000
Gerenuk 0.042300 0.263300 0.075300 0.244500 0.042100 0.042300 0.030800 0.052800 0.086500 0.052800 0.064500 0.041900 0.020800 0.031300 0.098900 0.020700 0.099700 0.075400 0.053100 0.075300 0.064600 0.042300 0.064200 0.042000 0.053300 0.041900 0.020800 0.075300 0.000000 0.075200 0.052800 0.052700 0.134200 0.042200 0.031400 0.031200 0.087500 0.053000 0.053200 0.086400 0.063600 0.053500 0.075300 0.031200 0.041900 0.052900 0.053000 0.053100 0.075600 0.098800 0.087200 0.075300
CommonElan 0.075600 0.276400 0.000000 0.213500 0.053000 0.075600 0.042100 0.052700 0.010200 0.086200 0.098900 0.031200 0.053100 0.042000 0.109900 0.075100 0.111700 0.098500 0.086900 0.000000 0.075800 0.075500 0.098400 0.075000 0.087100 0.052900 0.053100 0.000000 0.075200 0.000000 0.086200 0.041800 0.122400 0.053000 0.064000 0.041900 0.123100 0.064000 0.064300 0.121500 0.097400 0.087400 0.109700 0.063700 0.031200 0.064000 0.042100 0.064200 0.110800 0.110700 0.031400 0.000000
MuntiacusR 0.053000 0.248400 0.086300 0.244600 0.052800 0.053000 0.042000 0.063900 0.097600 0.000000 0.075400 0.052600 0.031300 0.041900 0.110100 0.052700 0.088000 0.087000 0.064000 0.086300 0.075700 0.053000 0.031400 0.031200 0.064100 0.052800 0.031300 0.086300 0.052800 0.086200 0.000000 0.063600 0.146600 0.052800 0.041900 0.041800 0.098700 0.063800 0.064000 0.052800 0.031100 0.064400 0.020400 0.020600 0.052600 0.063800 0.063900 0.063800 0.086900 0.087100 0.098300 0.086300
HarveysDui 0.053000 0.277800 0.041900 0.242700 0.031300 0.053000 0.020700 0.042000 0.052600 0.063600 0.075400 0.031100 0.031300 0.020400 0.110100 0.052600 0.087800 0.086800 0.064000 0.041900 0.053200 0.053000 0.075200 0.052600 0.064100 0.031200 0.031300 0.041900 0.052700 0.041800 0.063600 0.000000 0.098200 0.031200 0.041900 0.041700 0.098700 0.042000 0.042100 0.097500 0.074400 0.064200 0.086200 0.041700 0.031100 0.041900 0.020700 0.042000 0.086700 0.086900 0.075200 0.041900
Pronghorn 0.135500 0.358900 0.122500 0.301500 0.110700 0.135500 0.098500 0.098500 0.134400 0.146600 0.147900 0.110200 0.110700 0.098700 0.160900 0.110300 0.124600 0.147700 0.147900 0.122500 0.111300 0.135200 0.160200 0.134300 0.123400 0.086800 0.110700 0.122500 0.134200 0.122400 0.146600 0.098200 0.000000 0.087100 0.122500 0.122000 0.161200 0.122700 0.111100 0.159000 0.133700 0.075400 0.172300 0.121900 0.110200 0.098500 0.087200 0.075800 0.123000 0.173800 0.160400 0.122500
BlueWildeb 0.042200 0.264000 0.052900 0.229600 0.041600 0.041600 0.031400 0.053100 0.063800 0.052800 0.064600 0.042000 0.020800 0.031300 0.076000 0.020800 0.099800 0.098700 0.053200 0.052800 0.042500 0.042300 0.064300 0.042000 0.031600 0.020800 0.020800 0.051900 0.042200 0.053000 0.052800 0.031200 0.087100 0.000000 0.030900 0.031300 0.087600 0.053000 0.052300 0.086500 0.041900 0.031700 0.075300 0.031300 0.042000 0.053000 0.031300 0.053100 0.053500 0.099000 0.064400 0.052600
Gemsbok 0.031400 0.220100 0.063900 0.244100 0.010300 0.031400 0.020800 0.042200 0.052100 0.041900 0.053400 0.031200 0.010300 0.020700 0.087200 0.031300 0.088100 0.087100 0.042300 0.063100 0.053500 0.031500 0.053200 0.031300 0.042400 0.031300 0.010200 0.063900 0.031400 0.064000 0.041900 0.041900 0.122500 0.030900 0.000000 0.020700 0.076000 0.020800 0.042200 0.075100 0.052600 0.042400 0.063900 0.020700 0.031200 0.042000 0.042100 0.042200 0.064400 0.087200 0.075500 0.063900
Yak 0.031400 0.247800 0.041900 0.243300 0.031200 0.031400 0.020700 0.041900 0.052700 0.041800 0.053100 0.010200 0.010300 0.020700 0.086800 0.031100 0.087700 0.086600 0.042100 0.041900 0.053200 0.031400 0.052700 0.031100 0.042200 0.031200 0.010300 0.041900 0.031200 0.041900 0.041800 0.041700 0.122000 0.031300 0.020700 0.000000 0.075700 0.041900 0.042100 0.074500 0.051500 0.042200 0.063700 0.020500 0.010200 0.041800 0.042000 0.042000 0.064200 0.086800 0.053100 0.041900
BlueSheep 0.042800 0.297600 0.123200 0.288900 0.087600 0.042800 0.076000 0.087600 0.135200 0.098700 0.042600 0.087200 0.064800 0.076000 0.135600 0.087300 0.137500 0.148400 0.076400 0.123200 0.112100 0.064700 0.111300 0.087300 0.053700 0.087400 0.064800 0.123200 0.087500 0.123100 0.098700 0.098700 0.161200 0.087600 0.076000 0.075700 0.000000 0.099200 0.064700 0.134900 0.110100 0.088100 0.122600 0.075600 0.087200 0.099000 0.087300 0.099300 0.124100 0.123700 0.136100 0.123200
BohorReedb 0.053300 0.249500 0.064100 0.273700 0.010300 0.053300 0.020800 0.042200 0.052900 0.063800 0.075800 0.031300 0.031400 0.020800 0.110300 0.052900 0.088400 0.087300 0.064400 0.064100 0.075900 0.053300 0.075600 0.052900 0.064400 0.031400 0.031400 0.064100 0.053000 0.064000 0.063800 0.042000 0.122700 0.053000 0.020800 0.041900 0.099200 0.000000 0.042300 0.098000 0.074800 0.064500 0.086500 0.042000 0.031300 0.042100 0.042200 0.042100 0.087100 0.087300 0.098700 0.064100
KirksDik 0.053400 0.265800 0.063500 0.242900 0.031400 0.053400 0.020900 0.031600 0.075300 0.064000 0.076100 0.031400 0.031500 0.020900 0.087100 0.053100 0.077000 0.087600 0.064700 0.064200 0.076300 0.053500 0.075800 0.053100 0.064700 0.031500 0.031500 0.064200 0.053200 0.064300 0.064000 0.042100 0.111100 0.052300 0.042200 0.042100 0.064700 0.042300 0.000000 0.098400 0.075000 0.064800 0.086700 0.042100 0.031400 0.042200 0.020700 0.042400 0.087600 0.064700 0.098800 0.064300
RoeDeer 0.086900 0.294800 0.121600 0.290000 0.086500 0.086900 0.075000 0.098000 0.133400 0.052800 0.087000 0.085800 0.064000 0.075000 0.122500 0.085700 0.099600 0.098400 0.098300 0.121600 0.110700 0.064100 0.064000 0.063600 0.098500 0.086300 0.064000 0.121600 0.086400 0.121500 0.052800 0.097500 0.159000 0.086500 0.075100 0.074500 0.134900 0.098000 0.098400 0.000000 0.063300 0.098800 0.052900 0.052500 0.085800 0.097800 0.098100 0.098100 0.122400 0.098700 0.134400 0.121600
WhiteLippe 0.063900 0.262800 0.097500 0.258600 0.063600 0.063900 0.052600 0.074800 0.108900 0.031100 0.086500 0.062600 0.041900 0.052500 0.098200 0.041900 0.099300 0.098100 0.075000 0.097500 0.086800 0.063800 0.020400 0.041600 0.052900 0.041800 0.041900 0.097500 0.063600 0.097400 0.031100 0.074400 0.133700 0.041900 0.052600 0.051500 0.110100 0.074800 0.075000 0.063300 0.000000 0.053100 0.052700 0.030800 0.063100 0.074600 0.074800 0.074800 0.075100 0.098200 0.109700 0.097500
ThomsonGaz 0.053700 0.247000 0.087500 0.243800 0.053400 0.053700 0.042400 0.064600 0.098900 0.064400 0.065000 0.053200 0.031700 0.042400 0.088100 0.031600 0.112400 0.111100 0.064700 0.087500 0.053900 0.053600 0.076000 0.053300 0.042700 0.031600 0.031700 0.087500 0.053500 0.087400 0.064400 0.064200 0.075400 0.031700 0.042400 0.042200 0.088100 0.064500 0.064800 0.098800 0.053100 0.000000 0.087400 0.042200 0.053200 0.042400 0.064600 0.042500 0.042800 0.111600 0.099700 0.087500
MuntiacusC 0.075400 0.278600 0.109800 0.275700 0.075100 0.075400 0.064000 0.086600 0.121500 0.020600 0.075600 0.074900 0.053000 0.063900 0.134500 0.075100 0.111700 0.110500 0.086700 0.109800 0.099100 0.053100 0.053200 0.052900 0.086900 0.075100 0.053000 0.109800 0.075300 0.109700 0.020400 0.086200 0.172300 0.075300 0.063900 0.063700 0.122600 0.086500 0.086700 0.052900 0.052700 0.087400 0.000000 0.042000 0.074900 0.086500 0.086500 0.086600 0.110600 0.087200 0.122400 0.109800
WhiteTaile 0.031400 0.219300 0.063700 0.215700 0.031200 0.031400 0.020700 0.042000 0.074800 0.020600 0.053100 0.031000 0.010300 0.020700 0.086800 0.030700 0.064900 0.064200 0.042100 0.063700 0.053200 0.031400 0.031300 0.010200 0.042200 0.031200 0.010300 0.063700 0.031200 0.063700 0.020600 0.041700 0.121900 0.031300 0.020700 0.020500 0.075600 0.042000 0.042100 0.052500 0.030800 0.042200 0.042000 0.000000 0.031100 0.041800 0.042000 0.042000 0.064100 0.064200 0.075300 0.063700
Cattle 0.042200 0.263200 0.031300 0.257800 0.020700 0.042200 0.010300 0.031300 0.041900 0.052600 0.064200 0.000000 0.020700 0.010300 0.098400 0.041100 0.076300 0.075400 0.053100 0.031300 0.064300 0.042100 0.063800 0.041700 0.053100 0.020700 0.020700 0.031300 0.041900 0.031200 0.052600 0.031100 0.110200 0.042000 0.031200 0.010200 0.087200 0.031300 0.031400 0.085800 0.063100 0.053200 0.074900 0.031100 0.000000 0.031200 0.031300 0.031300 0.075400 0.075500 0.064100 0.031300
RoyalAntel 0.053200 0.278300 0.064000 0.273400 0.031400 0.053200 0.020700 0.042100 0.075100 0.063800 0.075700 0.031200 0.031400 0.020700 0.110500 0.052800 0.088000 0.086900 0.064200 0.064000 0.053400 0.053100 0.075400 0.052800 0.064300 0.031300 0.031400 0.064000 0.052900 0.064000 0.063800 0.041900 0.098500 0.053000 0.042000 0.041800 0.099000 0.042100 0.042200 0.097800 0.074600 0.042400 0.086500 0.041800 0.031200 0.000000 0.042100 0.020800 0.064300 0.087100 0.098600 0.064000
Steenbok 0.053200 0.280500 0.041600 0.213900 0.031400 0.053100 0.020800 0.031500 0.052800 0.063900 0.075900 0.031300 0.031400 0.020800 0.086900 0.052900 0.088400 0.087300 0.064400 0.042000 0.053500 0.053300 0.075600 0.052900 0.064500 0.031400 0.031400 0.042000 0.053000 0.042100 0.063900 0.020700 0.087200 0.031300 0.042100 0.042000 0.087300 0.042200 0.020700 0.098100 0.074800 0.064600 0.086500 0.042000 0.031300 0.042100 0.000000 0.042200 0.087300 0.087400 0.075400 0.042000
Impala 0.053400 0.279600 0.064200 0.273300 0.031400 0.053400 0.020800 0.042200 0.075300 0.063800 0.075900 0.031300 0.031500 0.020800 0.110400 0.053000 0.088200 0.087200 0.064400 0.064200 0.053500 0.053300 0.075600 0.052900 0.064500 0.031400 0.031500 0.064200 0.053100 0.064200 0.063800 0.042000 0.075800 0.053100 0.042200 0.042000 0.099300 0.042100 0.042400 0.098100 0.074800 0.042500 0.086600 0.042000 0.031300 0.020800 0.042200 0.000000 0.064500 0.087400 0.098900 0.064200
Klipspring 0.076200 0.312600 0.110800 0.275900 0.075700 0.076200 0.064200 0.087000 0.122600 0.086900 0.099700 0.075400 0.053400 0.064400 0.088100 0.053300 0.112200 0.135200 0.087500 0.110800 0.076500 0.076100 0.098900 0.075600 0.065000 0.053100 0.053400 0.110800 0.075600 0.110800 0.086900 0.086700 0.123000 0.053500 0.064400 0.064200 0.124100 0.087100 0.087600 0.122400 0.075100 0.042800 0.110600 0.064100 0.075400 0.064300 0.087300 0.064500 0.000000 0.135800 0.123600 0.110800
ForestMusk 0.099400 0.265100 0.110800 0.276300 0.075900 0.099400 0.064500 0.087400 0.122600 0.087100 0.099500 0.075500 0.075900 0.064400 0.160900 0.098600 0.100600 0.111400 0.111200 0.110800 0.123800 0.076000 0.099300 0.075600 0.111300 0.075700 0.075900 0.110800 0.098800 0.110700 0.087100 0.086900 0.173800 0.099000 0.087200 0.086800 0.123700 0.087300 0.064700 0.098700 0.098200 0.111600 0.087200 0.064200 0.075500 0.087100 0.087400 0.087400 0.135800 0.000000 0.148200 0.110800
Bushbuck 0.087300 0.263000 0.031300 0.201600 0.086900 0.087300 0.075600 0.086600 0.041900 0.098300 0.111400 0.064100 0.064300 0.075500 0.122600 0.087000 0.124500 0.135100 0.099000 0.031300 0.087900 0.087500 0.110800 0.086900 0.099300 0.087000 0.064300 0.031300 0.087200 0.031400 0.098300 0.075200 0.160400 0.064400 0.075500 0.053100 0.136100 0.098700 0.098800 0.134400 0.109700 0.099700 0.122400 0.075300 0.064100 0.098600 0.075400 0.098900 0.123600 0.148200 0.000000 0.031300
GreaterKud 0.075400 0.276600 0.000000 0.213800 0.052900 0.075400 0.042100 0.052800 0.010200 0.086300 0.099000 0.031300 0.052900 0.042100 0.110000 0.075200 0.111800 0.098600 0.087000 0.000000 0.075900 0.075600 0.098400 0.075100 0.087200 0.053000 0.053100 0.000000 0.075300 0.000000 0.086300 0.041900 0.122500 0.052600 0.063900 0.041900 0.123200 0.064100 0.064300 0.121600 0.097500 0.087500 0.109800 0.063700 0.031300 0.064000 0.042000 0.064200 0.110800 0.110800 0.031300 0.000000
