CODONML (in paml version 4.10.7, June 2023)  /home/rachel/ruminants_paml/6406-phy-tree/ENSBTAT00000019995.fasta.phy
Model: free dN/dS Ratios for branches,  kappa = 2.000 fixed

Codon frequency model: F3x4
ns =  54  ls =  90

Codon usage in sequences
--------------------------------------------------------------------------------------------------------------------------------------
Phe TTT   0   0   0   0   0   0 | Ser TCT   1   1   1   1   0   0 | Tyr TAT   2   1   2   2   2   2 | Cys TGT   0   1   0   0   0   0
    TTC   2   1   2   2   1   2 |     TCC   1   1   1   1   1   1 |     TAC   0   3   0   0   1   2 |     TGC   1   1   1   1   1   1
Leu TTA   2   1   2   2   0   1 |     TCA   2   2   2   2   2   3 | *** TAA   0   0   0   0   0   0 | *** TGA   0   0   0   0   0   0
    TTG   0   0   0   0   1   1 |     TCG   0   0   0   0   1   0 |     TAG   0   0   0   0   0   0 | Trp TGG   1   1   1   1   1   1
--------------------------------------------------------------------------------------------------------------------------------------
Leu CTT   1   1   1   1   1   1 | Pro CCT   1   0   1   1   1   0 | His CAT   1   1   1   0   1   0 | Arg CGT   0   0   0   0   0   0
    CTC   0   0   0   0   0   0 |     CCC   1   2   1   1   0   1 |     CAC   1   0   1   2   0   1 |     CGC   1   1   1   1   1   1
    CTA   1   1   1   1   2   0 |     CCA   0   0   0   0   1   1 | Gln CAA   1   0   1   1   1   1 |     CGA   1   2   1   1   1   1
    CTG   4   3   4   4   3   4 |     CCG   0   0   0   0   0   0 |     CAG   3   7   3   3   4   3 |     CGG   1   1   1   1   1   1
--------------------------------------------------------------------------------------------------------------------------------------
Ile ATT   3   1   4   4   3   4 | Thr ACT   3   1   3   2   2   2 | Asn AAT   2   1   2   2   1   2 | Ser AGT   2   0   1   1   1   1
    ATC   3   4   3   3   5   3 |     ACC   3   4   2   3   3   3 |     AAC   1   0   1   1   1   1 |     AGC   2   2   2   2   3   2
    ATA   1   2   1   1   2   1 |     ACA   2   4   1   1   1   2 | Lys AAA   3   2   3   3   2   3 | Arg AGA   4   3   4   4   4   4
Met ATG   1   0   1   1   0   1 |     ACG   0   1   1   1   1   0 |     AAG   4   2   4   4   5   4 |     AGG   1   2   2   2   1   2
--------------------------------------------------------------------------------------------------------------------------------------
Val GTT   1   2   1   1   1   2 | Ala GCT   2   4   1   1   3   3 | Asp GAT   3   2   3   2   2   2 | Gly GGT   0   0   0   0   1   1
    GTC   1   2   1   1   0   0 |     GCC   2   3   3   3   2   2 |     GAC   2   3   2   2   2   2 |     GGC   1   2   1   1   0   0
    GTA   0   0   0   0   1   1 |     GCA   4   2   4   4   3   2 | Glu GAA   2   1   2   3   5   3 |     GGA   2   2   2   2   1   2
    GTG   1   1   1   1   0   0 |     GCG   0   0   0   0   1   1 |     GAG   4   4   4   4   4   4 |     GGG   1   1   1   1   1   1
--------------------------------------------------------------------------------------------------------------------------------------

--------------------------------------------------------------------------------------------------------------------------------------
Phe TTT   0   0   0   0   0   0 | Ser TCT   1   1   1   1   1   1 | Tyr TAT   2   2   2   1   2   2 | Cys TGT   0   0   0   0   0   0
    TTC   2   2   2   2   2   2 |     TCC   1   1   1   1   1   1 |     TAC   0   0   0   1   0   0 |     TGC   1   1   1   1   1   1
Leu TTA   2   2   2   2   2   2 |     TCA   2   2   2   2   2   2 | *** TAA   0   0   0   0   0   0 | *** TGA   0   0   0   0   0   0
    TTG   0   0   0   0   0   0 |     TCG   0   0   0   0   0   0 |     TAG   0   0   0   0   0   0 | Trp TGG   1   1   1   1   1   1
--------------------------------------------------------------------------------------------------------------------------------------
Leu CTT   1   1   1   1   1   1 | Pro CCT   0   1   1   1   1   1 | His CAT   0   1   1   1   1   1 | Arg CGT   0   0   0   0   0   0
    CTC   0   0   0   0   0   0 |     CCC   2   1   1   1   1   0 |     CAC   1   1   1   1   1   1 |     CGC   1   1   1   1   1   2
    CTA   1   1   1   1   1   1 |     CCA   0   0   0   0   0   0 | Gln CAA   1   1   1   1   1   1 |     CGA   1   1   1   1   1   1
    CTG   4   4   4   4   4   4 |     CCG   0   0   0   0   0   0 |     CAG   3   4   3   3   3   3 |     CGG   1   1   1   1   1   1
--------------------------------------------------------------------------------------------------------------------------------------
Ile ATT   4   3   4   4   3   5 | Thr ACT   2   3   2   2   3   2 | Asn AAT   3   2   2   2   2   2 | Ser AGT   1   2   2   1   1   1
    ATC   3   3   3   3   4   3 |     ACC   4   3   3   2   2   3 |     AAC   1   1   1   1   1   1 |     AGC   2   2   1   2   2   2
    ATA   1   1   1   1   1   1 |     ACA   1   2   1   2   1   1 | Lys AAA   3   3   3   3   3   3 | Arg AGA   4   4   4   4   4   4
Met ATG   1   1   1   1   1   0 |     ACG   1   0   1   1   1   1 |     AAG   4   3   4   4   4   4 |     AGG   2   1   2   2   2   2
--------------------------------------------------------------------------------------------------------------------------------------
Val GTT   1   1   1   1   1   1 | Ala GCT   1   2   2   2   1   1 | Asp GAT   3   3   4   3   3   2 | Gly GGT   0   0   0   0   0   0
    GTC   1   1   1   1   1   1 |     GCC   4   2   3   3   3   3 |     GAC   2   2   1   2   2   2 |     GGC   1   1   1   1   1   1
    GTA   0   0   0   0   0   0 |     GCA   2   4   3   3   4   4 | Glu GAA   2   2   2   2   2   3 |     GGA   2   2   2   2   2   2
    GTG   1   1   1   1   1   1 |     GCG   0   0   0   0   0   0 |     GAG   4   4   4   4   4   4 |     GGG   1   1   1   1   1   1
--------------------------------------------------------------------------------------------------------------------------------------

--------------------------------------------------------------------------------------------------------------------------------------
Phe TTT   0   0   0   0   0   0 | Ser TCT   2   1   1   1   1   1 | Tyr TAT   2   2   2   2   2   1 | Cys TGT   0   0   0   0   0   0
    TTC   2   2   2   2   2   2 |     TCC   0   1   1   1   1   1 |     TAC   0   0   0   0   0   1 |     TGC   1   1   1   1   1   1
Leu TTA   2   2   1   2   2   2 |     TCA   2   2   2   2   2   2 | *** TAA   0   0   0   0   0   0 | *** TGA   0   0   0   0   0   0
    TTG   0   0   0   0   0   0 |     TCG   0   0   0   0   0   0 |     TAG   0   0   0   0   0   0 | Trp TGG   1   1   1   1   1   1
--------------------------------------------------------------------------------------------------------------------------------------
Leu CTT   1   0   1   1   1   1 | Pro CCT   1   1   2   1   1   1 | His CAT   1   1   1   1   1   1 | Arg CGT   0   0   0   0   0   0
    CTC   0   0   0   0   0   0 |     CCC   1   1   0   1   1   1 |     CAC   1   1   1   1   1   1 |     CGC   1   1   1   1   1   1
    CTA   1   1   2   1   0   1 |     CCA   0   0   0   0   0   0 | Gln CAA   1   1   1   1   1   1 |     CGA   1   1   1   1   1   1
    CTG   4   4   4   4   5   4 |     CCG   0   0   0   0   0   0 |     CAG   3   4   3   3   3   3 |     CGG   1   0   1   1   1   1
--------------------------------------------------------------------------------------------------------------------------------------
Ile ATT   3   5   3   4   4   4 | Thr ACT   3   2   3   3   2   3 | Asn AAT   2   1   2   1   2   2 | Ser AGT   1   1   1   1   1   1
    ATC   3   3   3   3   2   3 |     ACC   3   3   3   2   3   1 |     AAC   1   1   1   2   2   1 |     AGC   2   3   2   2   2   2
    ATA   1   2   1   1   1   1 |     ACA   2   2   2   1   1   2 | Lys AAA   3   3   3   3   2   3 | Arg AGA   4   4   4   4   4   4
Met ATG   1   0   1   1   1   1 |     ACG   0   0   0   1   1   1 |     AAG   4   4   4   4   4   4 |     AGG   2   1   2   2   2   2
--------------------------------------------------------------------------------------------------------------------------------------
Val GTT   1   1   1   1   2   1 | Ala GCT   1   1   2   1   2   1 | Asp GAT   3   3   3   3   3   3 | Gly GGT   0   0   0   0   0   0
    GTC   1   1   1   1   1   1 |     GCC   3   3   2   4   3   4 |     GAC   2   3   2   2   2   2 |     GGC   1   1   1   1   1   1
    GTA   0   0   0   0   0   0 |     GCA   4   4   4   3   3   3 | Glu GAA   2   2   2   2   2   2 |     GGA   2   2   2   2   2   3
    GTG   1   1   1   1   1   1 |     GCG   0   0   0   0   0   0 |     GAG   4   4   4   4   4   4 |     GGG   1   1   1   1   1   0
--------------------------------------------------------------------------------------------------------------------------------------

--------------------------------------------------------------------------------------------------------------------------------------
Phe TTT   0   0   0   0   0   0 | Ser TCT   1   1   1   1   1   1 | Tyr TAT   1   2   2   2   1   2 | Cys TGT   0   0   0   0   0   0
    TTC   2   2   2   2   2   2 |     TCC   1   1   1   1   1   1 |     TAC   1   0   0   0   1   0 |     TGC   1   1   1   1   1   1
Leu TTA   2   2   2   2   2   2 |     TCA   2   2   2   2   2   2 | *** TAA   0   0   0   0   0   0 | *** TGA   0   0   0   0   0   0
    TTG   0   0   0   0   0   0 |     TCG   0   0   0   0   0   0 |     TAG   0   0   0   0   0   0 | Trp TGG   1   1   1   1   1   1
--------------------------------------------------------------------------------------------------------------------------------------
Leu CTT   1   1   1   1   1   1 | Pro CCT   1   1   1   1   1   1 | His CAT   1   1   1   1   1   1 | Arg CGT   0   0   0   0   0   0
    CTC   0   0   0   0   0   0 |     CCC   1   1   1   1   1   1 |     CAC   1   1   1   1   1   1 |     CGC   1   1   1   1   1   1
    CTA   2   1   1   1   1   1 |     CCA   0   0   0   0   0   0 | Gln CAA   1   2   1   1   1   1 |     CGA   1   1   1   1   1   1
    CTG   3   4   4   4   4   4 |     CCG   0   0   0   0   0   0 |     CAG   3   2   3   3   2   3 |     CGG   1   1   1   1   2   1
--------------------------------------------------------------------------------------------------------------------------------------
Ile ATT   3   2   3   3   3   3 | Thr ACT   4   3   3   3   2   3 | Asn AAT   2   2   2   1   2   2 | Ser AGT   1   1   1   2   1   1
    ATC   2   4   3   4   3   3 |     ACC   3   3   3   2   2   2 |     AAC   1   1   1   1   1   1 |     AGC   2   2   2   2   2   2
    ATA   1   1   1   1   1   1 |     ACA   1   1   2   1   2   2 | Lys AAA   2   2   3   3   3   3 | Arg AGA   4   4   4   4   4   4
Met ATG   1   1   1   1   1   1 |     ACG   1   1   0   1   1   1 |     AAG   4   4   4   4   4   4 |     AGG   2   2   2   2   2   2
--------------------------------------------------------------------------------------------------------------------------------------
Val GTT   1   1   1   1   2   1 | Ala GCT   1   1   2   1   2   1 | Asp GAT   2   2   3   3   3   3 | Gly GGT   0   0   0   0   0   0
    GTC   1   1   1   1   1   1 |     GCC   3   3   2   2   3   3 |     GAC   2   2   2   2   2   2 |     GGC   1   1   1   2   1   1
    GTA   0   1   0   0   0   0 |     GCA   4   3   4   4   3   4 | Glu GAA   5   4   2   2   2   2 |     GGA   2   2   2   2   2   2
    GTG   1   1   1   1   1   1 |     GCG   0   0   0   0   0   0 |     GAG   3   4   4   4   4   4 |     GGG   1   1   1   1   1   1
--------------------------------------------------------------------------------------------------------------------------------------

--------------------------------------------------------------------------------------------------------------------------------------
Phe TTT   0   0   0   0   0   0 | Ser TCT   1   1   1   1   1   1 | Tyr TAT   2   2   2   1   2   2 | Cys TGT   0   0   0   0   0   0
    TTC   2   2   2   2   2   2 |     TCC   1   1   1   1   1   1 |     TAC   0   0   0   1   0   0 |     TGC   1   1   1   1   1   1
Leu TTA   1   2   2   2   1   2 |     TCA   2   2   2   2   2   2 | *** TAA   0   0   0   0   0   0 | *** TGA   0   0   0   0   0   0
    TTG   1   0   0   0   0   0 |     TCG   0   0   0   0   0   0 |     TAG   0   0   0   0   0   0 | Trp TGG   1   1   1   1   1   1
--------------------------------------------------------------------------------------------------------------------------------------
Leu CTT   1   1   1   1   1   1 | Pro CCT   1   1   1   1   2   1 | His CAT   1   1   1   1   1   1 | Arg CGT   0   0   0   0   0   0
    CTC   0   0   0   0   0   0 |     CCC   0   0   1   1   0   1 |     CAC   1   1   1   1   1   1 |     CGC   2   2   1   1   1   1
    CTA   1   1   1   2   2   1 |     CCA   0   0   0   0   0   0 | Gln CAA   2   1   1   1   1   1 |     CGA   1   1   1   1   1   1
    CTG   4   4   4   3   4   4 |     CCG   0   0   0   0   0   0 |     CAG   2   3   3   3   3   3 |     CGG   1   1   1   1   1   1
--------------------------------------------------------------------------------------------------------------------------------------
Ile ATT   5   5   3   4   3   3 | Thr ACT   2   2   3   2   3   3 | Asn AAT   2   2   2   2   2   2 | Ser AGT   1   1   1   1   1   1
    ATC   3   3   3   3   3   4 |     ACC   3   3   3   2   3   2 |     AAC   1   1   1   1   1   1 |     AGC   2   2   2   2   2   2
    ATA   1   1   1   1   1   1 |     ACA   1   1   2   2   2   1 | Lys AAA   3   3   3   3   3   3 | Arg AGA   4   4   4   4   4   4
Met ATG   0   0   1   1   1   1 |     ACG   1   1   0   1   0   1 |     AAG   4   4   4   4   4   4 |     AGG   2   2   2   2   2   2
--------------------------------------------------------------------------------------------------------------------------------------
Val GTT   1   1   1   1   1   1 | Ala GCT   1   1   1   1   1   1 | Asp GAT   2   3   3   3   3   3 | Gly GGT   0   0   0   0   0   0
    GTC   1   1   1   1   1   1 |     GCC   3   3   3   4   4   2 |     GAC   2   1   2   2   2   2 |     GGC   1   1   1   1   1   2
    GTA   0   0   0   0   0   0 |     GCA   4   4   4   3   3   4 | Glu GAA   3   3   2   2   2   2 |     GGA   2   2   2   2   2   2
    GTG   1   1   1   1   1   1 |     GCG   0   0   0   0   0   0 |     GAG   4   4   4   4   4   4 |     GGG   1   1   1   1   1   1
--------------------------------------------------------------------------------------------------------------------------------------

--------------------------------------------------------------------------------------------------------------------------------------
Phe TTT   0   0   0   0   0   0 | Ser TCT   1   1   1   1   1   1 | Tyr TAT   1   2   2   2   0   2 | Cys TGT   0   0   0   0   0   0
    TTC   2   2   2   2   2   2 |     TCC   1   1   1   1   1   1 |     TAC   1   0   0   0   2   0 |     TGC   1   1   1   1   1   1
Leu TTA   2   2   2   2   2   1 |     TCA   2   2   2   2   2   2 | *** TAA   0   0   0   0   0   0 | *** TGA   0   0   0   0   0   0
    TTG   0   0   0   0   0   0 |     TCG   0   0   0   0   0   0 |     TAG   0   0   0   0   0   0 | Trp TGG   1   1   1   1   1   1
--------------------------------------------------------------------------------------------------------------------------------------
Leu CTT   1   1   1   1   1   1 | Pro CCT   1   1   1   1   1   2 | His CAT   1   1   1   1   1   1 | Arg CGT   0   0   0   0   0   0
    CTC   0   0   0   0   0   0 |     CCC   1   1   0   1   1   0 |     CAC   1   1   1   1   1   1 |     CGC   1   1   2   1   1   1
    CTA   1   1   1   1   1   2 |     CCA   0   0   0   0   0   0 | Gln CAA   1   1   1   1   1   1 |     CGA   1   1   1   1   1   1
    CTG   4   4   4   4   3   4 |     CCG   0   0   0   0   0   0 |     CAG   3   3   3   3   4   3 |     CGG   1   1   1   1   1   1
--------------------------------------------------------------------------------------------------------------------------------------
Ile ATT   4   3   5   4   4   3 | Thr ACT   2   3   2   2   3   3 | Asn AAT   2   2   2   2   2   2 | Ser AGT   2   1   1   1   1   1
    ATC   3   4   3   3   3   3 |     ACC   2   2   3   3   2   3 |     AAC   1   1   1   1   1   1 |     AGC   2   2   2   2   2   2
    ATA   1   1   1   1   1   1 |     ACA   2   1   1   1   2   2 | Lys AAA   3   3   3   3   2   3 | Arg AGA   4   4   4   4   4   4
Met ATG   1   1   0   1   1   1 |     ACG   1   1   1   1   1   0 |     AAG   4   4   4   4   4   4 |     AGG   1   2   2   2   2   2
--------------------------------------------------------------------------------------------------------------------------------------
Val GTT   1   1   1   1   1   1 | Ala GCT   1   1   1   1   1   1 | Asp GAT   3   2   2   3   2   3 | Gly GGT   0   0   0   0   0   0
    GTC   1   1   1   1   1   1 |     GCC   4   3   3   4   3   3 |     GAC   2   3   2   2   3   2 |     GGC   1   1   1   1   1   1
    GTA   0   0   0   0   0   0 |     GCA   3   4   4   3   3   4 | Glu GAA   2   2   3   2   3   2 |     GGA   2   1   2   2   2   2
    GTG   1   1   1   1   1   1 |     GCG   0   0   0   0   0   0 |     GAG   4   4   4   4   4   4 |     GGG   1   2   1   1   1   1
--------------------------------------------------------------------------------------------------------------------------------------

--------------------------------------------------------------------------------------------------------------------------------------
Phe TTT   0   0   0   0   0   0 | Ser TCT   1   0   1   1   1   1 | Tyr TAT   2   2   2   2   1   2 | Cys TGT   0   0   0   0   0   0
    TTC   2   2   2   2   2   2 |     TCC   1   1   1   1   2   1 |     TAC   0   0   0   0   0   0 |     TGC   1   1   1   1   1   1
Leu TTA   1   2   2   2   1   3 |     TCA   2   2   2   2   2   2 | *** TAA   0   0   0   0   0   0 | *** TGA   0   0   0   0   0   0
    TTG   0   0   0   0   0   0 |     TCG   0   0   0   0   0   0 |     TAG   0   0   0   0   0   0 | Trp TGG   1   1   1   1   1   1
--------------------------------------------------------------------------------------------------------------------------------------
Leu CTT   1   0   1   1   1   1 | Pro CCT   1   2   1   0   1   1 | His CAT   1   1   1   0   1   1 | Arg CGT   0   0   0   0   0   0
    CTC   0   0   0   0   0   0 |     CCC   1   1   1   2   1   0 |     CAC   1   1   1   1   2   1 |     CGC   1   1   1   1   1   2
    CTA   2   1   1   1   2   0 |     CCA   0   0   0   0   0   0 | Gln CAA   1   1   1   1   1   1 |     CGA   1   1   1   1   1   1
    CTG   4   4   4   4   4   4 |     CCG   0   0   0   0   0   0 |     CAG   3   3   4   3   3   3 |     CGG   1   1   1   1   1   1
--------------------------------------------------------------------------------------------------------------------------------------
Ile ATT   3   5   3   4   3   5 | Thr ACT   3   2   3   2   2   2 | Asn AAT   2   2   2   3   2   2 | Ser AGT   1   1   1   1   1   1
    ATC   3   3   3   3   4   3 |     ACC   3   3   3   4   2   3 |     AAC   1   1   1   1   1   1 |     AGC   2   2   2   2   2   2
    ATA   1   1   1   2   1   1 |     ACA   2   2   2   0   2   1 | Lys AAA   3   3   3   3   3   3 | Arg AGA   4   4   4   4   4   4
Met ATG   1   1   1   1   0   0 |     ACG   0   0   0   1   2   1 |     AAG   4   4   4   4   4   4 |     AGG   2   2   1   2   2   2
--------------------------------------------------------------------------------------------------------------------------------------
Val GTT   1   1   1   1   1   1 | Ala GCT   1   1   1   1   2   1 | Asp GAT   3   3   3   3   3   2 | Gly GGT   0   0   0   0   0   0
    GTC   1   1   1   1   1   1 |     GCC   3   3   3   4   2   3 |     GAC   2   2   2   2   2   2 |     GGC   1   1   1   1   1   1
    GTA   0   0   0   0   0   0 |     GCA   4   4   4   2   3   4 | Glu GAA   3   2   2   2   2   3 |     GGA   1   2   2   2   1   2
    GTG   1   1   1   1   1   1 |     GCG   0   0   0   0   0   0 |     GAG   4   4   4   4   4   4 |     GGG   1   1   1   1   2   1
--------------------------------------------------------------------------------------------------------------------------------------

--------------------------------------------------------------------------------------------------------------------------------------
Phe TTT   0   0   0   0   0   0 | Ser TCT   1   1   1   0   1   1 | Tyr TAT   2   1   2   2   2   2 | Cys TGT   0   0   0   1   0   0
    TTC   2   2   2   2   2   2 |     TCC   1   1   1   1   1   1 |     TAC   0   1   0   0   0   0 |     TGC   1   1   1   1   1   1
Leu TTA   1   2   2   2   2   2 |     TCA   2   2   2   2   2   2 | *** TAA   0   0   0   0   0   0 | *** TGA   0   0   0   0   0   0
    TTG   1   0   0   0   0   0 |     TCG   0   0   0   0   0   0 |     TAG   0   0   0   0   0   0 | Trp TGG   1   1   1   1   1   1
--------------------------------------------------------------------------------------------------------------------------------------
Leu CTT   1   1   1   1   1   1 | Pro CCT   1   1   1   1   1   1 | His CAT   1   1   1   1   1   1 | Arg CGT   0   0   0   0   0   0
    CTC   0   0   0   0   0   0 |     CCC   0   1   0   0   1   1 |     CAC   1   1   1   1   1   1 |     CGC   2   1   2   2   1   1
    CTA   1   2   1   1   1   1 |     CCA   0   0   0   0   0   0 | Gln CAA   1   1   1   1   1   1 |     CGA   1   1   1   1   1   1
    CTG   4   3   4   4   4   4 |     CCG   0   0   0   0   0   0 |     CAG   4   3   3   3   3   3 |     CGG   0   1   1   1   1   1
--------------------------------------------------------------------------------------------------------------------------------------
Ile ATT   5   4   5   5   4   4 | Thr ACT   2   2   2   2   2   2 | Asn AAT   2   2   2   2   2   2 | Ser AGT   1   1   1   1   1   1
    ATC   3   3   3   3   3   3 |     ACC   3   2   3   3   3   3 |     AAC   1   1   1   1   1   1 |     AGC   2   2   2   2   2   2
    ATA   1   2   1   1   1   1 |     ACA   1   1   1   1   1   2 | Lys AAA   3   3   3   3   3   3 | Arg AGA   4   4   4   4   4   4
Met ATG   0   1   0   0   1   1 |     ACG   1   1   1   1   1   1 |     AAG   4   4   4   4   4   4 |     AGG   2   2   2   2   2   2
--------------------------------------------------------------------------------------------------------------------------------------
Val GTT   1   1   1   1   1   1 | Ala GCT   1   1   1   1   1   2 | Asp GAT   2   3   2   2   3   3 | Gly GGT   0   0   0   0   0   0
    GTC   1   1   1   1   1   1 |     GCC   3   4   3   3   3   3 |     GAC   2   2   2   2   2   2 |     GGC   1   1   1   1   1   1
    GTA   0   0   0   0   0   0 |     GCA   4   3   4   4   4   1 | Glu GAA   3   2   3   3   2   2 |     GGA   2   2   2   2   2   2
    GTG   1   1   1   1   1   1 |     GCG   0   0   0   0   0   2 |     GAG   4   4   4   4   4   3 |     GGG   1   1   1   1   1   1
--------------------------------------------------------------------------------------------------------------------------------------

--------------------------------------------------------------------------------------------------------------------------------------
Phe TTT   0   0   0   0   0   0 | Ser TCT   1   1   1   1   1   1 | Tyr TAT   1   2   2   2   2   2 | Cys TGT   0   0   0   0   0   0
    TTC   2   2   2   2   2   2 |     TCC   1   1   1   1   1   1 |     TAC   1   0   0   0   0   0 |     TGC   1   1   1   1   1   1
Leu TTA   2   2   2   2   2   2 |     TCA   2   2   1   2   2   2 | *** TAA   0   0   0   0   0   0 | *** TGA   0   0   0   0   0   0
    TTG   0   0   0   0   0   0 |     TCG   0   0   1   0   0   0 |     TAG   0   0   0   0   0   0 | Trp TGG   1   1   1   1   1   1
--------------------------------------------------------------------------------------------------------------------------------------
Leu CTT   1   1   1   1   1   1 | Pro CCT   1   1   1   1   1   1 | His CAT   1   1   1   0   1   1 | Arg CGT   0   0   0   0   0   0
    CTC   0   0   0   0   0   0 |     CCC   1   1   1   1   1   1 |     CAC   1   1   1   2   1   1 |     CGC   1   2   1   1   1   1
    CTA   1   1   1   1   1   1 |     CCA   0   0   0   0   0   0 | Gln CAA   1   1   1   1   1   1 |     CGA   1   1   1   1   1   1
    CTG   4   4   5   4   4   4 |     CCG   0   0   0   0   0   0 |     CAG   3   3   2   3   3   3 |     CGG   1   0   1   1   1   1
--------------------------------------------------------------------------------------------------------------------------------------
Ile ATT   4   4   3   4   3   3 | Thr ACT   2   1   3   2   3   3 | Asn AAT   2   2   2   2   2   2 | Ser AGT   1   2   1   1   1   1
    ATC   3   3   3   2   4   4 |     ACC   2   4   3   3   2   2 |     AAC   1   1   1   1   1   1 |     AGC   2   2   3   2   2   2
    ATA   1   1   1   1   1   1 |     ACA   2   1   2   1   1   1 | Lys AAA   3   3   3   3   3   3 | Arg AGA   4   4   4   4   4   4
Met ATG   1   1   1   1   1   1 |     ACG   1   0   0   1   1   1 |     AAG   4   4   4   4   4   4 |     AGG   2   2   1   2   2   2
--------------------------------------------------------------------------------------------------------------------------------------
Val GTT   1   1   1   1   1   1 | Ala GCT   2   2   1   1   1   1 | Asp GAT   3   3   2   2   3   3 | Gly GGT   0   0   1   0   0   0
    GTC   1   1   1   2   1   1 |     GCC   3   3   3   3   3   3 |     GAC   2   2   3   2   2   2 |     GGC   1   1   0   1   1   1
    GTA   0   0   0   0   0   0 |     GCA   3   3   4   4   4   4 | Glu GAA   2   2   2   3   2   2 |     GGA   2   2   2   2   2   2
    GTG   1   1   1   1   1   1 |     GCG   0   0   0   0   0   0 |     GAG   4   4   4   4   4   4 |     GGG   1   1   1   1   1   1
--------------------------------------------------------------------------------------------------------------------------------------

Codon position x base (3x4) table for each sequence.

#1: Argali         
position  1:    T:0.13333    C:0.18889    A:0.38889    G:0.28889
position  2:    T:0.23333    C:0.24444    A:0.32222    G:0.20000
position  3:    T:0.24444    C:0.24444    A:0.27778    G:0.23333
Average         T:0.20370    C:0.22593    A:0.32963    G:0.24074

#2: LesserMouseDeer
position  1:    T:0.14444    C:0.21111    A:0.32222    G:0.32222
position  2:    T:0.21111    C:0.27778    A:0.30000    G:0.21111
position  3:    T:0.17778    C:0.32222    A:0.24444    G:0.25556
Average         T:0.17778    C:0.27037    A:0.28889    G:0.26296

#3: LesserKudu     
position  1:    T:0.13333    C:0.18889    A:0.38889    G:0.28889
position  2:    T:0.24444    C:0.23333    A:0.32222    G:0.20000
position  3:    T:0.23333    C:0.24444    A:0.26667    G:0.25556
Average         T:0.20370    C:0.22222    A:0.32593    G:0.24815

#4: ForestMuskDeer2
position  1:    T:0.13333    C:0.18889    A:0.38889    G:0.28889
position  2:    T:0.24444    C:0.23333    A:0.32222    G:0.20000
position  3:    T:0.20000    C:0.26667    A:0.27778    G:0.25556
Average         T:0.19259    C:0.22963    A:0.32963    G:0.24815

#5: Camel          
position  1:    T:0.12222    C:0.18889    A:0.38889    G:0.30000
position  2:    T:0.22222    C:0.24444    A:0.34444    G:0.18889
position  3:    T:0.21111    C:0.23333    A:0.28889    G:0.26667
Average         T:0.18519    C:0.22222    A:0.34074    G:0.25185

#6: KillerWhale    
position  1:    T:0.15556    C:0.16667    A:0.38889    G:0.28889
position  2:    T:0.23333    C:0.23333    A:0.33333    G:0.20000
position  3:    T:0.22222    C:0.24444    A:0.27778    G:0.25556
Average         T:0.20370    C:0.21481    A:0.33333    G:0.24815

#7: DefassaWaterbuck
position  1:    T:0.13333    C:0.17778    A:0.41111    G:0.27778
position  2:    T:0.24444    C:0.23333    A:0.32222    G:0.20000
position  3:    T:0.21111    C:0.28889    A:0.24444    G:0.25556
Average         T:0.19630    C:0.23333    A:0.32593    G:0.24444

#8: Sheep          
position  1:    T:0.13333    C:0.20000    A:0.37778    G:0.28889
position  2:    T:0.23333    C:0.24444    A:0.32222    G:0.20000
position  3:    T:0.24444    C:0.24444    A:0.27778    G:0.23333
Average         T:0.20370    C:0.22963    A:0.32593    G:0.24074

#9: MaxwellsDuiker 
position  1:    T:0.13333    C:0.18889    A:0.38889    G:0.28889
position  2:    T:0.24444    C:0.23333    A:0.32222    G:0.20000
position  3:    T:0.25556    C:0.23333    A:0.25556    G:0.25556
Average         T:0.21111    C:0.21852    A:0.32222    G:0.24815

#10: GazellaPrzewalskyi
position  1:    T:0.13333    C:0.18889    A:0.38889    G:0.28889
position  2:    T:0.24444    C:0.23333    A:0.32222    G:0.20000
position  3:    T:0.22222    C:0.25556    A:0.26667    G:0.25556
Average         T:0.20000    C:0.22593    A:0.32593    G:0.24815

#11: MountainNyala  
position  1:    T:0.13333    C:0.18889    A:0.38889    G:0.28889
position  2:    T:0.24444    C:0.23333    A:0.32222    G:0.20000
position  3:    T:0.22222    C:0.25556    A:0.26667    G:0.25556
Average         T:0.20000    C:0.22593    A:0.32593    G:0.24815

#12: MuntiacusMuntjak
position  1:    T:0.13333    C:0.18889    A:0.38889    G:0.28889
position  2:    T:0.24444    C:0.22222    A:0.32222    G:0.21111
position  3:    T:0.22222    C:0.25556    A:0.27778    G:0.24444
Average         T:0.20000    C:0.22222    A:0.32963    G:0.24815

#13: goat           
position  1:    T:0.13333    C:0.18889    A:0.38889    G:0.28889
position  2:    T:0.23333    C:0.24444    A:0.32222    G:0.20000
position  3:    T:0.23333    C:0.24444    A:0.27778    G:0.24444
Average         T:0.20000    C:0.22593    A:0.32963    G:0.24444

#14: AfricanBuffalo 
position  1:    T:0.13333    C:0.17778    A:0.38889    G:0.30000
position  2:    T:0.24444    C:0.23333    A:0.33333    G:0.18889
position  3:    T:0.21111    C:0.27778    A:0.28889    G:0.22222
Average         T:0.19630    C:0.22963    A:0.33704    G:0.23704

#15: Topi           
position  1:    T:0.12222    C:0.20000    A:0.38889    G:0.28889
position  2:    T:0.23333    C:0.24444    A:0.32222    G:0.20000
position  3:    T:0.24444    C:0.23333    A:0.27778    G:0.24444
Average         T:0.20000    C:0.22593    A:0.32963    G:0.24444

#16: CommonDuiker   
position  1:    T:0.13333    C:0.18889    A:0.38889    G:0.28889
position  2:    T:0.24444    C:0.23333    A:0.32222    G:0.20000
position  3:    T:0.22222    C:0.26667    A:0.25556    G:0.25556
Average         T:0.20000    C:0.22963    A:0.32222    G:0.24815

#17: Suni           
position  1:    T:0.13333    C:0.18889    A:0.37778    G:0.30000
position  2:    T:0.24444    C:0.23333    A:0.32222    G:0.20000
position  3:    T:0.24444    C:0.25556    A:0.23333    G:0.26667
Average         T:0.20741    C:0.22593    A:0.31111    G:0.25556

#18: Springbuck     
position  1:    T:0.13333    C:0.18889    A:0.38889    G:0.28889
position  2:    T:0.24444    C:0.23333    A:0.32222    G:0.20000
position  3:    T:0.22222    C:0.25556    A:0.27778    G:0.24444
Average         T:0.20000    C:0.22593    A:0.32963    G:0.24444

#19: Okapi          
position  1:    T:0.13333    C:0.18889    A:0.37778    G:0.30000
position  2:    T:0.22222    C:0.25556    A:0.32222    G:0.20000
position  3:    T:0.21111    C:0.25556    A:0.30000    G:0.23333
Average         T:0.18889    C:0.23333    A:0.33333    G:0.24444

#20: Giraffe        
position  1:    T:0.13333    C:0.18889    A:0.37778    G:0.30000
position  2:    T:0.24444    C:0.23333    A:0.32222    G:0.20000
position  3:    T:0.20000    C:0.26667    A:0.28889    G:0.24444
Average         T:0.19259    C:0.22963    A:0.32963    G:0.24815

#21: TibetanAntelope
position  1:    T:0.13333    C:0.18889    A:0.38889    G:0.28889
position  2:    T:0.23333    C:0.24444    A:0.32222    G:0.20000
position  3:    T:0.23333    C:0.24444    A:0.27778    G:0.24444
Average         T:0.20000    C:0.22593    A:0.32963    G:0.24444

#22: Sitatunga      
position  1:    T:0.13333    C:0.18889    A:0.38889    G:0.28889
position  2:    T:0.24444    C:0.22222    A:0.31111    G:0.22222
position  3:    T:0.22222    C:0.25556    A:0.26667    G:0.25556
Average         T:0.20000    C:0.22222    A:0.32222    G:0.25556

#23: Oribi          
position  1:    T:0.13333    C:0.18889    A:0.37778    G:0.30000
position  2:    T:0.24444    C:0.23333    A:0.31111    G:0.21111
position  3:    T:0.22222    C:0.25556    A:0.26667    G:0.25556
Average         T:0.20000    C:0.22593    A:0.31852    G:0.25556

#24: BarbarySheep   
position  1:    T:0.13333    C:0.18889    A:0.38889    G:0.28889
position  2:    T:0.23333    C:0.24444    A:0.32222    G:0.20000
position  3:    T:0.22222    C:0.24444    A:0.27778    G:0.25556
Average         T:0.19630    C:0.22593    A:0.32963    G:0.24815

#25: Daviddeer      
position  1:    T:0.13333    C:0.18889    A:0.38889    G:0.28889
position  2:    T:0.24444    C:0.22222    A:0.32222    G:0.21111
position  3:    T:0.22222    C:0.25556    A:0.27778    G:0.24444
Average         T:0.20000    C:0.22222    A:0.32963    G:0.24815

#26: Reindeer       
position  1:    T:0.13333    C:0.18889    A:0.38889    G:0.28889
position  2:    T:0.24444    C:0.22222    A:0.32222    G:0.21111
position  3:    T:0.23333    C:0.24444    A:0.27778    G:0.24444
Average         T:0.20370    C:0.21852    A:0.32963    G:0.24815

#27: Ibex           
position  1:    T:0.13333    C:0.18889    A:0.38889    G:0.28889
position  2:    T:0.23333    C:0.24444    A:0.32222    G:0.20000
position  3:    T:0.22222    C:0.25556    A:0.27778    G:0.24444
Average         T:0.19630    C:0.22963    A:0.32963    G:0.24444

#28: GyrantGazelle  
position  1:    T:0.13333    C:0.18889    A:0.38889    G:0.28889
position  2:    T:0.24444    C:0.23333    A:0.32222    G:0.20000
position  3:    T:0.21111    C:0.26667    A:0.27778    G:0.24444
Average         T:0.19630    C:0.22963    A:0.32963    G:0.24444

#29: Hartebeest     
position  1:    T:0.12222    C:0.20000    A:0.38889    G:0.28889
position  2:    T:0.23333    C:0.24444    A:0.32222    G:0.20000
position  3:    T:0.23333    C:0.25556    A:0.26667    G:0.24444
Average         T:0.19630    C:0.23333    A:0.32593    G:0.24444

#30: Bongo          
position  1:    T:0.13333    C:0.18889    A:0.38889    G:0.28889
position  2:    T:0.24444    C:0.22222    A:0.32222    G:0.21111
position  3:    T:0.22222    C:0.25556    A:0.26667    G:0.25556
Average         T:0.20000    C:0.22222    A:0.32593    G:0.25185

#31: Gerenuk        
position  1:    T:0.13333    C:0.18889    A:0.38889    G:0.28889
position  2:    T:0.24444    C:0.23333    A:0.32222    G:0.20000
position  3:    T:0.22222    C:0.26667    A:0.26667    G:0.24444
Average         T:0.20000    C:0.22963    A:0.32593    G:0.24444

#32: CommonEland    
position  1:    T:0.13333    C:0.18889    A:0.38889    G:0.28889
position  2:    T:0.24444    C:0.23333    A:0.32222    G:0.20000
position  3:    T:0.21111    C:0.26667    A:0.25556    G:0.26667
Average         T:0.19630    C:0.22963    A:0.32222    G:0.25185

#33: MuntiacusReevesi
position  1:    T:0.13333    C:0.18889    A:0.38889    G:0.28889
position  2:    T:0.24444    C:0.22222    A:0.32222    G:0.21111
position  3:    T:0.22222    C:0.25556    A:0.27778    G:0.24444
Average         T:0.20000    C:0.22222    A:0.32963    G:0.24815

#34: HarveysDuiker  
position  1:    T:0.13333    C:0.18889    A:0.38889    G:0.28889
position  2:    T:0.24444    C:0.23333    A:0.32222    G:0.20000
position  3:    T:0.22222    C:0.26667    A:0.25556    G:0.25556
Average         T:0.20000    C:0.22963    A:0.32222    G:0.24815

#35: Pronghorn      
position  1:    T:0.13333    C:0.18889    A:0.38889    G:0.28889
position  2:    T:0.23333    C:0.23333    A:0.33333    G:0.20000
position  3:    T:0.20000    C:0.27778    A:0.26667    G:0.25556
Average         T:0.18889    C:0.23333    A:0.32963    G:0.24815

#36: BlueWildebeest 
position  1:    T:0.12222    C:0.20000    A:0.38889    G:0.28889
position  2:    T:0.23333    C:0.24444    A:0.32222    G:0.20000
position  3:    T:0.23333    C:0.24444    A:0.27778    G:0.24444
Average         T:0.19630    C:0.22963    A:0.32963    G:0.24444

#37: Gemsbok        
position  1:    T:0.12222    C:0.20000    A:0.38889    G:0.28889
position  2:    T:0.23333    C:0.24444    A:0.33333    G:0.18889
position  3:    T:0.22222    C:0.25556    A:0.27778    G:0.24444
Average         T:0.19259    C:0.23333    A:0.33333    G:0.24074

#38: Yak            
position  1:    T:0.12222    C:0.18889    A:0.40000    G:0.28889
position  2:    T:0.24444    C:0.23333    A:0.32222    G:0.20000
position  3:    T:0.22222    C:0.25556    A:0.27778    G:0.24444
Average         T:0.19630    C:0.22593    A:0.33333    G:0.24444

#39: BlueSheep      
position  1:    T:0.13333    C:0.20000    A:0.37778    G:0.28889
position  2:    T:0.23333    C:0.24444    A:0.33333    G:0.18889
position  3:    T:0.22222    C:0.25556    A:0.27778    G:0.24444
Average         T:0.19630    C:0.23333    A:0.32963    G:0.24074

#40: BohorReedbuck  
position  1:    T:0.13333    C:0.17778    A:0.41111    G:0.27778
position  2:    T:0.25556    C:0.22222    A:0.32222    G:0.20000
position  3:    T:0.21111    C:0.28889    A:0.24444    G:0.25556
Average         T:0.20000    C:0.22963    A:0.32593    G:0.24444

#41: KirksDik       
position  1:    T:0.12222    C:0.21111    A:0.38889    G:0.27778
position  2:    T:0.23333    C:0.24444    A:0.32222    G:0.20000
position  3:    T:0.21111    C:0.26667    A:0.25556    G:0.26667
Average         T:0.18889    C:0.24074    A:0.32222    G:0.24815

#42: RoeDeer        
position  1:    T:0.14444    C:0.17778    A:0.38889    G:0.28889
position  2:    T:0.24444    C:0.22222    A:0.32222    G:0.21111
position  3:    T:0.22222    C:0.25556    A:0.27778    G:0.24444
Average         T:0.20370    C:0.21852    A:0.32963    G:0.24815

#43: WhiteLippedDeer
position  1:    T:0.13333    C:0.18889    A:0.38889    G:0.28889
position  2:    T:0.24444    C:0.22222    A:0.33333    G:0.20000
position  3:    T:0.22222    C:0.25556    A:0.26667    G:0.25556
Average         T:0.20000    C:0.22222    A:0.32963    G:0.24815

#44: ThomsonGazelle 
position  1:    T:0.13333    C:0.18889    A:0.38889    G:0.28889
position  2:    T:0.25556    C:0.22222    A:0.32222    G:0.20000
position  3:    T:0.21111    C:0.26667    A:0.27778    G:0.24444
Average         T:0.20000    C:0.22593    A:0.32963    G:0.24444

#45: MuntiacusCrinifrons
position  1:    T:0.13333    C:0.18889    A:0.38889    G:0.28889
position  2:    T:0.24444    C:0.22222    A:0.32222    G:0.21111
position  3:    T:0.22222    C:0.25556    A:0.27778    G:0.24444
Average         T:0.20000    C:0.22222    A:0.32963    G:0.24815

#46: WhiteTailedDeer
position  1:    T:0.13333    C:0.18889    A:0.38889    G:0.28889
position  2:    T:0.24444    C:0.21111    A:0.32222    G:0.22222
position  3:    T:0.22222    C:0.25556    A:0.27778    G:0.24444
Average         T:0.20000    C:0.21852    A:0.32963    G:0.25185

#47: Cattle         
position  1:    T:0.13333    C:0.18889    A:0.38889    G:0.28889
position  2:    T:0.24444    C:0.23333    A:0.32222    G:0.20000
position  3:    T:0.22222    C:0.25556    A:0.26667    G:0.25556
Average         T:0.20000    C:0.22593    A:0.32593    G:0.24815

#48: RoyalAntelope  
position  1:    T:0.13333    C:0.18889    A:0.40000    G:0.27778
position  2:    T:0.24444    C:0.24444    A:0.31111    G:0.20000
position  3:    T:0.23333    C:0.25556    A:0.24444    G:0.26667
Average         T:0.20370    C:0.22963    A:0.31852    G:0.24815

#49: Steenbok       
position  1:    T:0.13333    C:0.18889    A:0.38889    G:0.28889
position  2:    T:0.24444    C:0.23333    A:0.32222    G:0.20000
position  3:    T:0.22222    C:0.25556    A:0.26667    G:0.25556
Average         T:0.20000    C:0.22593    A:0.32593    G:0.24815

#50: Impala         
position  1:    T:0.13333    C:0.18889    A:0.38889    G:0.28889
position  2:    T:0.24444    C:0.22222    A:0.32222    G:0.21111
position  3:    T:0.23333    C:0.27778    A:0.25556    G:0.23333
Average         T:0.20370    C:0.22963    A:0.32222    G:0.24444

#51: Klipspringer   
position  1:    T:0.13333    C:0.18889    A:0.38889    G:0.28889
position  2:    T:0.24444    C:0.24444    A:0.31111    G:0.20000
