1
52 1
Argali 0.000000 0.242600 0.092200 0.228000 0.075800 0.000000 0.067900 0.084800 0.109700 0.117300 0.021900 0.116700 0.037200 0.083800 0.093000 0.092400 0.100900 0.126000 0.029300 0.092500 0.092500 0.021800 0.109300 0.108500 0.029400 0.101300 0.037400 0.109300 0.092800 0.100600 0.108400 0.075600 0.110300 0.022000 0.052700 0.092100 0.029300 0.084800 0.101500 0.108900 0.100400 0.093200 0.117300 0.109700 0.108200 0.075300 0.068400 0.084700 0.084700 0.109800 0.109600 0.118000
LesserMous 0.242600 0.000000 0.229200 0.248500 0.257700 0.242600 0.273300 0.250300 0.252200 0.218400 0.241000 0.240500 0.252200 0.295400 0.252600 0.304800 0.199900 0.229100 0.214700 0.230100 0.273000 0.240600 0.190200 0.208300 0.252000 0.294900 0.251700 0.230800 0.261700 0.239200 0.207700 0.283200 0.212100 0.229700 0.239600 0.228700 0.252100 0.271100 0.261300 0.229300 0.198700 0.284000 0.218500 0.210700 0.248300 0.259500 0.249300 0.222500 0.285900 0.230700 0.240800 0.247800
LesserKudu 0.092200 0.229200 0.000000 0.155800 0.059200 0.092200 0.067700 0.067900 0.014500 0.059200 0.083300 0.051700 0.083700 0.083700 0.075700 0.075400 0.044000 0.067000 0.059200 0.000000 0.059600 0.083200 0.051700 0.051400 0.091700 0.067800 0.083900 0.014400 0.059800 0.014200 0.051300 0.075400 0.067700 0.067400 0.083400 0.043900 0.091500 0.083700 0.084000 0.067100 0.043900 0.060000 0.059200 0.051900 0.059000 0.059400 0.052100 0.052100 0.084100 0.052000 0.014400 0.021700
KillerWhal 0.228000 0.248500 0.155800 0.000000 0.184100 0.228000 0.195400 0.195000 0.170600 0.152900 0.215400 0.184600 0.225100 0.215200 0.206200 0.214300 0.135800 0.144000 0.184100 0.156400 0.203900 0.215100 0.144600 0.143600 0.226300 0.185400 0.224700 0.175700 0.195200 0.165000 0.143300 0.204700 0.164300 0.202900 0.214200 0.173900 0.226100 0.215900 0.184000 0.162500 0.135000 0.176100 0.152900 0.127300 0.192400 0.173900 0.175000 0.195000 0.213300 0.163600 0.166200 0.175600
DefassaWat 0.075800 0.257700 0.059200 0.184100 0.000000 0.075800 0.052000 0.052000 0.075500 0.082700 0.067300 0.083000 0.074000 0.067500 0.075400 0.075200 0.067200 0.090800 0.059100 0.059400 0.059400 0.067200 0.075100 0.074500 0.075500 0.067600 0.074300 0.075200 0.059600 0.074900 0.074500 0.059500 0.091800 0.058000 0.083300 0.074600 0.075300 0.036600 0.083800 0.090900 0.066900 0.059900 0.082700 0.075400 0.090200 0.043900 0.036600 0.067500 0.074200 0.075400 0.075400 0.075300
Sheep 0.000000 0.242600 0.092200 0.228000 0.075800 0.000000 0.067900 0.084800 0.109700 0.117300 0.021900 0.116700 0.037200 0.083800 0.093000 0.092400 0.100900 0.126000 0.029300 0.092500 0.092500 0.021800 0.109300 0.108500 0.029400 0.101300 0.037400 0.109300 0.092800 0.100600 0.108400 0.075600 0.110300 0.022000 0.052700 0.092100 0.029300 0.084800 0.101500 0.108900 0.100400 0.093200 0.117300 0.109700 0.108200 0.075300 0.068400 0.084700 0.084700 0.109800 0.109600 0.118000
MaxwellsDu 0.067900 0.273300 0.067700 0.195400 0.052000 0.067900 0.000000 0.060000 0.084400 0.083900 0.059500 0.091400 0.065800 0.028600 0.084400 0.067500 0.076000 0.100300 0.051900 0.068000 0.052000 0.059500 0.084100 0.067500 0.067600 0.075900 0.066000 0.068000 0.067800 0.075900 0.075600 0.021300 0.084700 0.049600 0.076100 0.067600 0.067400 0.076300 0.092400 0.083800 0.075700 0.068100 0.084000 0.084500 0.083300 0.051400 0.044400 0.060000 0.066800 0.084600 0.084300 0.092400
GazellaPrz 0.084800 0.250300 0.067900 0.195000 0.052000 0.084800 0.060000 0.000000 0.084500 0.091800 0.076000 0.092000 0.082600 0.075800 0.068300 0.067800 0.075900 0.100100 0.067600 0.068100 0.036800 0.075900 0.068000 0.067500 0.084400 0.060200 0.082900 0.068200 0.036900 0.084000 0.083400 0.067700 0.101300 0.066100 0.092500 0.083600 0.084200 0.076300 0.060400 0.083800 0.075600 0.052500 0.091800 0.068200 0.099500 0.051800 0.014500 0.060100 0.083400 0.068300 0.084500 0.092600
MountainNy 0.109700 0.252200 0.014500 0.170600 0.075500 0.109700 0.084400 0.084500 0.000000 0.075400 0.100400 0.067800 0.100900 0.100900 0.092500 0.083600 0.059900 0.075500 0.075400 0.014500 0.076000 0.100300 0.067800 0.067300 0.109100 0.076000 0.101100 0.029400 0.067800 0.029300 0.067200 0.092300 0.084300 0.083900 0.100500 0.059700 0.108900 0.100800 0.101300 0.083600 0.059600 0.068100 0.075400 0.068100 0.075200 0.075700 0.068200 0.068200 0.101300 0.068100 0.029400 0.036900
MuntiacusM 0.117300 0.218400 0.059200 0.152900 0.082700 0.117300 0.083900 0.091800 0.075400 0.000000 0.108000 0.083000 0.108300 0.100200 0.099900 0.099500 0.043200 0.065700 0.082700 0.059400 0.099600 0.107900 0.021300 0.035800 0.116800 0.108500 0.108500 0.075200 0.099900 0.074900 0.007000 0.091800 0.066600 0.091300 0.107900 0.074600 0.116500 0.108200 0.108600 0.050700 0.014100 0.100300 0.014100 0.036200 0.090200 0.083100 0.075500 0.091700 0.108700 0.082200 0.075300 0.083200
goat 0.021900 0.241000 0.083300 0.215400 0.067300 0.021900 0.059500 0.076000 0.100400 0.108000 0.000000 0.107400 0.029400 0.075100 0.084000 0.083500 0.091800 0.116500 0.021700 0.083600 0.083600 0.014400 0.100000 0.099400 0.007200 0.092200 0.029500 0.100000 0.083800 0.091600 0.099300 0.067100 0.100900 0.014500 0.044500 0.083300 0.007100 0.076000 0.109200 0.099700 0.091400 0.084200 0.108000 0.100400 0.099100 0.066900 0.059900 0.075900 0.076000 0.100600 0.100200 0.108500
AfricanBuf 0.116700 0.240500 0.051700 0.184600 0.083000 0.116700 0.091400 0.092000 0.067800 0.083000 0.107400 0.000000 0.108700 0.107800 0.100100 0.100000 0.067300 0.091100 0.083000 0.051900 0.099900 0.107300 0.075200 0.074700 0.116200 0.108700 0.109000 0.067500 0.100100 0.059500 0.074700 0.099200 0.092000 0.091600 0.091900 0.059300 0.116000 0.108600 0.108900 0.091200 0.067100 0.100500 0.083000 0.075600 0.074700 0.082600 0.075700 0.092000 0.108900 0.059800 0.067600 0.075500
Topi 0.037200 0.252200 0.083700 0.225100 0.074000 0.037200 0.065800 0.082600 0.100900 0.108300 0.029400 0.108700 0.000000 0.081700 0.100800 0.090700 0.075800 0.116800 0.021800 0.084000 0.084000 0.029300 0.100400 0.099700 0.037100 0.099700 0.029200 0.100600 0.091100 0.100200 0.099600 0.074000 0.101200 0.014400 0.044600 0.083500 0.037000 0.066300 0.117200 0.100000 0.091700 0.091500 0.108300 0.100800 0.099400 0.073700 0.065700 0.076200 0.084300 0.100900 0.100800 0.109100
CommonDuik 0.083800 0.295400 0.083700 0.215200 0.067500 0.083800 0.028600 0.075800 0.100900 0.100200 0.075100 0.107800 0.081700 0.000000 0.100900 0.083400 0.092200 0.117100 0.067400 0.084000 0.067500 0.075100 0.100400 0.083400 0.083400 0.092100 0.081900 0.100500 0.083700 0.092000 0.091600 0.035800 0.101100 0.065200 0.092200 0.083500 0.083200 0.092400 0.092300 0.100100 0.091700 0.084100 0.100300 0.100900 0.099500 0.066800 0.059800 0.075800 0.082500 0.101000 0.100700 0.109000
Suni 0.093000 0.252600 0.075700 0.206200 0.075400 0.093000 0.084400 0.068300 0.092500 0.099900 0.084000 0.100100 0.100800 0.100900 0.000000 0.108900 0.083900 0.091500 0.091600 0.075900 0.092200 0.083900 0.075900 0.091400 0.092500 0.101100 0.101000 0.076100 0.076300 0.091900 0.091300 0.092300 0.109500 0.083800 0.117300 0.091400 0.092300 0.100800 0.118400 0.108400 0.083500 0.092900 0.099900 0.092500 0.107500 0.075700 0.068100 0.084600 0.084700 0.092500 0.092500 0.100700
Springbuck 0.092400 0.304800 0.075400 0.214300 0.075200 0.092400 0.067500 0.067800 0.083600 0.099500 0.083500 0.100000 0.090700 0.083400 0.108900 0.000000 0.100100 0.116500 0.075100 0.075600 0.059500 0.083400 0.108400 0.107700 0.092000 0.051600 0.090900 0.091900 0.043100 0.091600 0.107500 0.075200 0.126400 0.074100 0.083800 0.107800 0.091700 0.100400 0.100100 0.108000 0.099600 0.043700 0.116400 0.108900 0.124200 0.075000 0.052000 0.083600 0.091400 0.109000 0.092100 0.100300
Okapi 0.100900 0.199900 0.044000 0.135800 0.067200 0.100900 0.076000 0.075900 0.059900 0.043200 0.091800 0.067300 0.075800 0.092200 0.083900 0.100100 0.000000 0.035800 0.067100 0.044200 0.083700 0.091700 0.035400 0.035800 0.100400 0.092300 0.092300 0.059700 0.083900 0.059400 0.035800 0.083800 0.051400 0.075400 0.091800 0.059200 0.100200 0.075700 0.092400 0.050800 0.028600 0.084200 0.042600 0.036200 0.074600 0.067500 0.059900 0.075800 0.092400 0.066700 0.059800 0.067500
Giraffe 0.126000 0.229100 0.067000 0.144000 0.090800 0.126000 0.100300 0.100100 0.075500 0.065700 0.116500 0.091100 0.116800 0.117100 0.091500 0.116500 0.035800 0.000000 0.090800 0.067200 0.108000 0.116400 0.058300 0.058100 0.125400 0.108600 0.117000 0.083200 0.100000 0.082900 0.058100 0.108300 0.074400 0.099500 0.116300 0.082600 0.125200 0.116600 0.117200 0.073500 0.050700 0.100400 0.065700 0.058800 0.098400 0.091300 0.083500 0.100000 0.117300 0.090200 0.083300 0.091400
TibetanAnt 0.029300 0.214700 0.059200 0.184100 0.059100 0.029300 0.051900 0.067600 0.075400 0.082700 0.021700 0.083000 0.021800 0.067400 0.091600 0.075100 0.067100 0.090800 0.000000 0.059400 0.075200 0.021700 0.075000 0.074500 0.029200 0.083600 0.021900 0.075200 0.075400 0.074900 0.074500 0.059400 0.075600 0.007200 0.021700 0.059000 0.029100 0.067500 0.083700 0.074800 0.066900 0.075700 0.082700 0.075300 0.074300 0.059300 0.051900 0.051800 0.072300 0.075400 0.075300 0.083300
Sitatunga 0.092500 0.230100 0.000000 0.156400 0.059400 0.092500 0.068000 0.068100 0.014500 0.059400 0.083600 0.051900 0.084000 0.084000 0.075900 0.075600 0.044200 0.067200 0.059400 0.000000 0.059800 0.083500 0.051900 0.051500 0.092100 0.068000 0.084200 0.014400 0.060000 0.014400 0.051500 0.075700 0.067900 0.067600 0.083700 0.044100 0.091900 0.084000 0.084300 0.067300 0.044000 0.060200 0.059400 0.052100 0.059200 0.059600 0.052200 0.052200 0.083100 0.052100 0.014500 0.021800
Oribi 0.092500 0.273000 0.059600 0.203900 0.059400 0.092500 0.052000 0.036800 0.076000 0.099600 0.083600 0.099900 0.084000 0.067500 0.092200 0.059500 0.083700 0.108000 0.075200 0.059800 0.000000 0.083500 0.091800 0.075100 0.092000 0.052000 0.084200 0.075700 0.044300 0.075500 0.091100 0.059500 0.092400 0.067600 0.100200 0.075200 0.091800 0.084000 0.068000 0.108100 0.083300 0.044500 0.099700 0.092200 0.090900 0.059300 0.021800 0.083800 0.083900 0.084300 0.075900 0.083800
BarbaryShe 0.021800 0.240600 0.083200 0.215100 0.067200 0.021800 0.059500 0.075900 0.100300 0.107900 0.014400 0.107300 0.029300 0.075100 0.083900 0.083400 0.091700 0.116400 0.021700 0.083500 0.083500 0.000000 0.099900 0.099300 0.021800 0.092100 0.029500 0.099900 0.083700 0.091500 0.099200 0.067000 0.100800 0.014400 0.044500 0.083200 0.021700 0.075900 0.109100 0.099600 0.091300 0.084100 0.107900 0.100300 0.099100 0.066800 0.059900 0.075800 0.075900 0.100500 0.100100 0.108400
Daviddeer 0.109300 0.190200 0.051700 0.144600 0.075100 0.109300 0.084100 0.068000 0.067800 0.021300 0.100000 0.075200 0.100400 0.100400 0.075900 0.108400 0.035400 0.058300 0.075000 0.051900 0.091800 0.099900 0.000000 0.028600 0.108700 0.100600 0.100600 0.052000 0.075900 0.067300 0.014100 0.091900 0.059100 0.083500 0.100000 0.067000 0.108500 0.100300 0.100700 0.043000 0.007100 0.092500 0.021500 0.028900 0.082500 0.075400 0.067800 0.067900 0.100700 0.074500 0.067700 0.075500
Reindeer 0.108500 0.208300 0.051400 0.143600 0.074500 0.108500 0.067500 0.067500 0.067300 0.035800 0.099400 0.074700 0.099700 0.083400 0.091400 0.107700 0.035800 0.058100 0.074500 0.051500 0.075100 0.099300 0.028600 0.000000 0.108000 0.099800 0.099900 0.067100 0.091400 0.066800 0.028400 0.075200 0.043500 0.082900 0.099300 0.051200 0.107800 0.099500 0.100000 0.028500 0.021200 0.091800 0.035800 0.014200 0.066300 0.074900 0.067300 0.083300 0.100000 0.058600 0.067200 0.075000
Ibex 0.029400 0.252000 0.091700 0.226300 0.075500 0.029400 0.067600 0.084400 0.109100 0.116800 0.007200 0.116200 0.037100 0.083400 0.092500 0.092000 0.100400 0.125400 0.029200 0.092100 0.092000 0.021800 0.108700 0.108000 0.000000 0.100800 0.037200 0.108700 0.092300 0.100200 0.108000 0.075300 0.109800 0.021900 0.037100 0.091700 0.014400 0.084400 0.118100 0.108400 0.100000 0.092800 0.116800 0.109200 0.107800 0.075000 0.068100 0.084300 0.084300 0.109400 0.109000 0.117300
GyrantGaze 0.101300 0.294900 0.067800 0.185400 0.067600 0.101300 0.075900 0.060200 0.076000 0.108500 0.092200 0.108700 0.099700 0.092100 0.101100 0.051600 0.092300 0.108600 0.083600 0.068000 0.052000 0.092100 0.100600 0.099800 0.100800 0.000000 0.099900 0.084200 0.036600 0.083900 0.099700 0.083700 0.118400 0.082700 0.109100 0.100000 0.100600 0.092600 0.092300 0.117100 0.091800 0.007200 0.108500 0.101000 0.116200 0.067400 0.044500 0.092400 0.100300 0.101100 0.084400 0.092500
Hartebeest 0.037400 0.251700 0.083900 0.224700 0.074300 0.037400 0.066000 0.082900 0.101100 0.108500 0.029500 0.109000 0.029200 0.081900 0.101000 0.090900 0.092300 0.117000 0.021900 0.084200 0.084200 0.029500 0.100600 0.099900 0.037200 0.099900 0.000000 0.100800 0.091300 0.100400 0.099800 0.074200 0.101500 0.014500 0.029600 0.083700 0.037100 0.066700 0.117500 0.100200 0.091900 0.091700 0.108500 0.101000 0.099700 0.073900 0.066000 0.076400 0.084500 0.101100 0.101000 0.109300
Bongo 0.109300 0.230800 0.014400 0.175700 0.075200 0.109300 0.068000 0.068200 0.029400 0.075200 0.100000 0.067500 0.100600 0.100500 0.076100 0.091900 0.059700 0.083200 0.075200 0.014400 0.075700 0.099900 0.052000 0.067100 0.108700 0.084200 0.100800 0.000000 0.060100 0.029200 0.067000 0.092000 0.084100 0.083600 0.100100 0.059500 0.108500 0.100500 0.101000 0.083300 0.059400 0.076300 0.075200 0.067900 0.074900 0.075500 0.068000 0.052400 0.099900 0.067900 0.029300 0.036800
Gerenuk 0.092800 0.261700 0.059800 0.195200 0.059600 0.092800 0.067800 0.036900 0.067800 0.099900 0.083800 0.100100 0.091100 0.083700 0.076300 0.043100 0.083900 0.100000 0.075400 0.060000 0.044300 0.083700 0.075900 0.091400 0.092300 0.036600 0.091300 0.060100 0.000000 0.075700 0.091300 0.059700 0.109600 0.074400 0.100500 0.091500 0.092100 0.084300 0.083900 0.108500 0.083600 0.028800 0.100000 0.092500 0.107600 0.059500 0.036800 0.068000 0.091800 0.092500 0.076100 0.084100
CommonElan 0.100600 0.239200 0.014200 0.165000 0.074900 0.100600 0.075900 0.084000 0.029300 0.074900 0.091600 0.059500 0.100200 0.092000 0.091900 0.091600 0.059400 0.082900 0.074900 0.014400 0.075500 0.091500 0.067300 0.066800 0.100200 0.083900 0.100400 0.029200 0.075700 0.000000 0.066700 0.083600 0.083700 0.083300 0.099800 0.059200 0.099900 0.100100 0.100600 0.083000 0.059200 0.076000 0.074900 0.067600 0.074600 0.067300 0.067800 0.067800 0.100600 0.067600 0.014300 0.021700
MuntiacusR 0.108400 0.207700 0.051300 0.143300 0.074500 0.108400 0.075600 0.083400 0.067200 0.007000 0.099300 0.074700 0.099600 0.091600 0.091300 0.107500 0.035800 0.058100 0.074500 0.051500 0.091100 0.099200 0.014100 0.028400 0.108000 0.099700 0.099800 0.067000 0.091300 0.066700 0.000000 0.083300 0.058600 0.082900 0.099200 0.066500 0.107700 0.099500 0.099900 0.043200 0.007000 0.091700 0.007000 0.028700 0.081900 0.074800 0.067300 0.083200 0.099900 0.074000 0.067100 0.074900
HarveysDui 0.075600 0.283200 0.075400 0.204700 0.059500 0.075600 0.021300 0.067700 0.092300 0.091800 0.067100 0.099200 0.074000 0.035800 0.092300 0.075200 0.083800 0.108300 0.059400 0.075700 0.059500 0.067000 0.091900 0.075200 0.075300 0.083700 0.074200 0.092000 0.059700 0.083600 0.083300 0.000000 0.092600 0.057800 0.083800 0.075300 0.075100 0.084000 0.100400 0.091600 0.083400 0.075800 0.091800 0.092400 0.075000 0.058900 0.051900 0.067600 0.058300 0.092500 0.092100 0.100300
Pronghorn 0.110300 0.212100 0.067700 0.164300 0.091800 0.110300 0.084700 0.101300 0.084300 0.066600 0.100900 0.092000 0.101200 0.101100 0.109500 0.126400 0.051400 0.074400 0.075600 0.067900 0.092400 0.100800 0.059100 0.043500 0.109800 0.118400 0.101500 0.084100 0.109600 0.083700 0.058600 0.092600 0.000000 0.084100 0.100800 0.051800 0.109500 0.101100 0.118600 0.074500 0.051200 0.110000 0.066600 0.059300 0.067200 0.092200 0.084500 0.101100 0.118600 0.091100 0.084200 0.092300
BlueWildeb 0.022000 0.229700 0.067400 0.202900 0.058000 0.022000 0.049600 0.066100 0.083900 0.091300 0.014500 0.091600 0.014400 0.065200 0.083800 0.074100 0.075400 0.099500 0.007200 0.067600 0.067600 0.014400 0.083500 0.082900 0.021900 0.082700 0.014500 0.083600 0.074400 0.083300 0.082900 0.057800 0.084100 0.000000 0.029300 0.067200 0.021800 0.066300 0.099700 0.083200 0.075100 0.074700 0.091300 0.083800 0.082700 0.057600 0.049600 0.059900 0.067800 0.083900 0.083800 0.091900
Gemsbok 0.052700 0.239600 0.083400 0.214200 0.083300 0.052700 0.076100 0.092500 0.100500 0.107900 0.044500 0.091900 0.044600 0.092200 0.117300 0.083800 0.091800 0.116300 0.021700 0.083700 0.100200 0.044500 0.100000 0.099300 0.037100 0.109100 0.029600 0.100100 0.100500 0.099800 0.099200 0.083800 0.100800 0.029300 0.000000 0.083300 0.052300 0.076200 0.109300 0.099600 0.091400 0.101000 0.107900 0.100400 0.099100 0.083500 0.076000 0.075900 0.092500 0.100500 0.100400 0.108600
Yak 0.092100 0.228700 0.043900 0.173900 0.074600 0.092100 0.067600 0.083600 0.059700 0.074600 0.083300 0.059300 0.083500 0.083500 0.091400 0.107800 0.059200 0.082600 0.059000 0.044100 0.075200 0.083200 0.067000 0.051200 0.091700 0.100000 0.083700 0.059500 0.091500 0.059200 0.066500 0.075300 0.051800 0.067200 0.083300 0.000000 0.091500 0.083400 0.100100 0.082600 0.059000 0.091900 0.074600 0.067300 0.014000 0.075000 0.067500 0.083500 0.100100 0.067300 0.059600 0.067300
BlueSheep 0.029300 0.252100 0.091500 0.226100 0.075300 0.029300 0.067400 0.084200 0.108900 0.116500 0.007100 0.116000 0.037000 0.083200 0.092300 0.091700 0.100200 0.125200 0.029100 0.091900 0.091800 0.021700 0.108500 0.107800 0.014400 0.100600 0.037100 0.108500 0.092100 0.099900 0.107700 0.075100 0.109500 0.021800 0.052300 0.091500 0.000000 0.084200 0.117900 0.108200 0.099700 0.092500 0.116600 0.108900 0.107600 0.074800 0.067900 0.084100 0.084100 0.109100 0.108700 0.117100
BohorReedb 0.084800 0.271100 0.083700 0.215900 0.036600 0.084800 0.076300 0.076300 0.100800 0.108200 0.076000 0.108600 0.066300 0.092400 0.100800 0.100400 0.075700 0.116600 0.067500 0.084000 0.084000 0.075900 0.100300 0.099500 0.084400 0.092600 0.066700 0.100500 0.084300 0.100100 0.099500 0.084000 0.101100 0.066300 0.076200 0.083400 0.084200 0.000000 0.109700 0.116800 0.091600 0.084600 0.108200 0.100700 0.099300 0.067700 0.060200 0.092600 0.099700 0.100800 0.100800 0.100600
KirksDik 0.101500 0.261300 0.084000 0.184000 0.083800 0.101500 0.092400 0.060400 0.101300 0.108600 0.109200 0.108900 0.117200 0.092300 0.118400 0.100100 0.092400 0.117200 0.083700 0.084300 0.068000 0.109100 0.100700 0.100000 0.118100 0.092300 0.117500 0.101000 0.083900 0.100600 0.099900 0.100400 0.118600 0.099700 0.109300 0.100100 0.117900 0.109700 0.000000 0.117300 0.092000 0.084300 0.108700 0.101100 0.116500 0.075400 0.044700 0.092500 0.117600 0.101200 0.101200 0.092600
RoeDeer 0.108900 0.229300 0.067100 0.162500 0.090900 0.108900 0.083800 0.083800 0.083600 0.050700 0.099700 0.091200 0.100000 0.100100 0.108400 0.108000 0.050800 0.073500 0.074800 0.067300 0.108100 0.099600 0.043000 0.028500 0.108400 0.117100 0.100200 0.083300 0.108500 0.083000 0.043200 0.091600 0.074500 0.083200 0.099600 0.082600 0.108200 0.116800 0.117300 0.000000 0.035900 0.108900 0.050700 0.028800 0.098400 0.091300 0.083600 0.083600 0.100400 0.074400 0.083400 0.091500
WhiteLippe 0.100400 0.198700 0.043900 0.135000 0.066900 0.100400 0.075700 0.075600 0.059600 0.014100 0.091400 0.067100 0.091700 0.091700 0.083500 0.099600 0.028600 0.050700 0.066900 0.044000 0.083300 0.091300 0.007100 0.021200 0.100000 0.091800 0.091900 0.059400 0.083600 0.059200 0.007000 0.083400 0.051200 0.075100 0.091400 0.059000 0.099700 0.091600 0.092000 0.035900 0.000000 0.083900 0.014100 0.021500 0.074200 0.067200 0.059600 0.075400 0.092000 0.066400 0.059500 0.067300
ThomsonGaz 0.093200 0.284000 0.060000 0.176100 0.059900 0.093200 0.068100 0.052500 0.068100 0.100300 0.084200 0.100500 0.091500 0.084100 0.092900 0.043700 0.084200 0.100400 0.075700 0.060200 0.044500 0.084100 0.092500 0.091800 0.092800 0.007200 0.091700 0.076300 0.028800 0.076000 0.091700 0.075800 0.110000 0.074700 0.101000 0.091900 0.092500 0.084600 0.084300 0.108900 0.083900 0.000000 0.100300 0.092800 0.108000 0.059700 0.037000 0.084400 0.092100 0.092900 0.076400 0.084400
MuntiacusC 0.117300 0.218500 0.059200 0.152900 0.082700 0.117300 0.084000 0.091800 0.075400 0.014100 0.108000 0.083000 0.108300 0.100300 0.099900 0.116400 0.042600 0.065700 0.082700 0.059400 0.099700 0.107900 0.021500 0.035800 0.116800 0.108500 0.108500 0.075200 0.100000 0.074900 0.007000 0.091800 0.066600 0.091300 0.107900 0.074600 0.116600 0.108200 0.108700 0.050700 0.014100 0.100300 0.000000 0.036200 0.090200 0.083100 0.075500 0.091700 0.108700 0.082200 0.075300 0.083200
WhiteTaile 0.109700 0.210700 0.051900 0.127300 0.075400 0.109700 0.084500 0.068200 0.068100 0.036200 0.100400 0.075600 0.100800 0.100900 0.092500 0.108900 0.036200 0.058800 0.075300 0.052100 0.092200 0.100300 0.028900 0.014200 0.109200 0.101000 0.101000 0.067900 0.092500 0.067600 0.028700 0.092400 0.059300 0.083800 0.100400 0.067300 0.108900 0.100700 0.101100 0.028800 0.021500 0.092800 0.036200 0.000000 0.082900 0.075700 0.068100 0.084300 0.101200 0.059200 0.068000 0.075900
Cattle 0.108200 0.248300 0.059000 0.192400 0.090200 0.108200 0.083300 0.099500 0.075200 0.090200 0.099100 0.074700 0.099400 0.099500 0.107500 0.124200 0.074600 0.098400 0.074300 0.059200 0.090900 0.099100 0.082500 0.066300 0.107800 0.116200 0.099700 0.074900 0.107600 0.074600 0.081900 0.075000 0.067200 0.082700 0.099100 0.014000 0.107600 0.099300 0.116500 0.098400 0.074200 0.108000 0.090200 0.082900 0.000000 0.090700 0.083000 0.099500 0.099800 0.082900 0.075000 0.082900
RoyalAntel 0.075300 0.259500 0.059400 0.173900 0.043900 0.075300 0.051400 0.051800 0.075700 0.083100 0.066900 0.082600 0.073700 0.066800 0.075700 0.075000 0.067500 0.091300 0.059300 0.059600 0.059300 0.066800 0.075400 0.074900 0.075000 0.067400 0.073900 0.075500 0.059500 0.067300 0.074800 0.058900 0.092200 0.057600 0.083500 0.075000 0.074800 0.067700 0.075400 0.091300 0.067200 0.059700 0.083100 0.075700 0.090700 0.000000 0.036500 0.067500 0.074100 0.075800 0.075600 0.083600
Steenbok 0.068400 0.249300 0.052100 0.175000 0.036600 0.068400 0.044400 0.014500 0.068200 0.075500 0.059900 0.075700 0.065700 0.059800 0.068100 0.052000 0.059900 0.083500 0.051900 0.052200 0.021800 0.059900 0.067800 0.067300 0.068100 0.044500 0.066000 0.068000 0.036800 0.067800 0.067300 0.051900 0.084500 0.049600 0.076000 0.067500 0.067900 0.060200 0.044700 0.083600 0.059600 0.037000 0.075500 0.068100 0.083000 0.036500 0.000000 0.059900 0.066700 0.068100 0.068100 0.076000
Impala 0.084700 0.222500 0.052100 0.195000 0.067500 0.084700 0.060000 0.060100 0.068200 0.091700 0.075900 0.092000 0.076200 0.075800 0.084600 0.083600 0.075800 0.100000 0.051800 0.052200 0.083800 0.075800 0.067900 0.083300 0.084300 0.092400 0.076400 0.052400 0.068000 0.067800 0.083200 0.067600 0.101100 0.059900 0.075900 0.083500 0.084100 0.092600 0.092500 0.083600 0.075400 0.084400 0.091700 0.084300 0.099500 0.067500 0.059900 0.000000 0.072000 0.084300 0.068200 0.076100
Klipspring 0.084700 0.285900 0.084100 0.213300 0.074200 0.084700 0.066800 0.083400 0.101300 0.108700 0.076000 0.108900 0.084300 0.082500 0.084700 0.091400 0.092400 0.117300 0.072300 0.083100 0.083900 0.075900 0.100700 0.100000 0.084300 0.100300 0.084500 0.099900 0.091800 0.100600 0.099900 0.058300 0.118600 0.067800 0.092500 0.100100 0.084100 0.099700 0.117600 0.100400 0.092000 0.092100 0.108700 0.101200 0.099800 0.074100 0.066700 0.072000 0.000000 0.101200 0.101200 0.109500
ForestMusk 0.109800 0.230700 0.052000 0.163600 0.075400 0.109800 0.084600 0.068300 0.068100 0.082200 0.100600 0.059800 0.100900 0.101000 0.092500 0.109000 0.066700 0.090200 0.075400 0.052100 0.084300 0.100500 0.074500 0.058600 0.109400 0.101100 0.101100 0.067900 0.092500 0.067600 0.074000 0.092500 0.091100 0.083900 0.100500 0.067300 0.109100 0.100800 0.101200 0.074400 0.066400 0.092900 0.082200 0.059200 0.082900 0.075800 0.068100 0.084300 0.101200 0.000000 0.068000 0.075900
Bushbuck 0.109600 0.240800 0.014400 0.166200 0.075400 0.109600 0.084300 0.084500 0.029400 0.075300 0.100200 0.067600 0.100800 0.100700 0.092500 0.092100 0.059800 0.083300 0.075300 0.014500 0.075900 0.100100 0.067700 0.067200 0.109000 0.084400 0.101000 0.029300 0.076100 0.014300 0.067100 0.092100 0.084200 0.083800 0.100400 0.059600 0.108700 0.100800 0.101200 0.083400 0.059500 0.076400 0.075300 0.068000 0.075000 0.075600 0.068100 0.068200 0.101200 0.068000 0.000000 0.021600
GreaterKud 0.118000 0.247800 0.021700 0.175600 0.075300 0.118000 0.092400 0.092600 0.036900 0.083200 0.108500 0.075500 0.109100 0.109000 0.100700 0.100300 0.067500 0.091400 0.083300 0.021800 0.083800 0.108400 0.075500 0.075000 0.117300 0.092500 0.109300 0.036800 0.084100 0.021700 0.074900 0.100300 0.092300 0.091900 0.108600 0.067300 0.117100 0.100600 0.092600 0.091500 0.067300 0.084400 0.083200 0.075900 0.082900 0.083600 0.076000 0.076100 0.109500 0.075900 0.021600 0.000000
