CODONML (in paml version 4.10.7, June 2023)  /home/rachel/ruminants_paml/6406-phy-tree/ENSBTAT00000011978.fasta.phy
Model: free dN/dS Ratios for branches,  kappa = 2.000 fixed

Codon frequency model: F3x4
ns =  54  ls =  38

Codon usage in sequences
--------------------------------------------------------------------------------------------------------------------------------------
Phe TTT   0   0   0   0   0   0 | Ser TCT   2   1   2   2   1   2 | Tyr TAT   1   1   1   1   0   2 | Cys TGT   0   0   0   0   1   0
    TTC   1   1   1   1   1   1 |     TCC   0   0   0   0   0   0 |     TAC   2   2   2   2   3   1 |     TGC   2   2   2   2   1   2
Leu TTA   0   0   0   0   0   0 |     TCA   0   0   0   0   0   0 | *** TAA   0   0   0   0   0   0 | *** TGA   0   0   0   0   0   0
    TTG   1   1   1   1   1   1 |     TCG   0   1   0   0   1   0 |     TAG   0   0   0   0   0   0 | Trp TGG   0   0   0   0   0   0
--------------------------------------------------------------------------------------------------------------------------------------
Leu CTT   0   0   0   0   0   0 | Pro CCT   0   0   0   0   0   0 | His CAT   1   0   0   1   0   0 | Arg CGT   0   1   0   0   0   0
    CTC   0   0   0   0   0   0 |     CCC   0   0   0   0   0   0 |     CAC   1   2   2   1   2   2 |     CGC   1   0   1   1   1   1
    CTA   0   0   0   0   0   0 |     CCA   1   1   1   1   1   1 | Gln CAA   0   0   0   0   0   0 |     CGA   0   0   0   0   0   0
    CTG   0   0   0   0   0   0 |     CCG   0   0   0   0   0   0 |     CAG   0   0   0   0   0   0 |     CGG   0   0   0   0   0   0
--------------------------------------------------------------------------------------------------------------------------------------
Ile ATT   1   2   1   1   1   2 | Thr ACT   0   0   0   0   0   0 | Asn AAT   1   1   1   0   1   1 | Ser AGT   0   0   0   0   0   0
    ATC   2   1   2   2   2   1 |     ACC   1   1   1   1   1   1 |     AAC   4   4   4   5   4   4 |     AGC   0   0   0   0   0   0
    ATA   0   0   0   0   0   0 |     ACA   3   3   3   3   2   3 | Lys AAA   1   1   1   1   1   1 | Arg AGA   1   1   1   1   1   1
Met ATG   0   0   0   0   0   0 |     ACG   0   0   0   0   1   0 |     AAG   1   1   1   1   1   1 |     AGG   0   0   0   0   0   0
--------------------------------------------------------------------------------------------------------------------------------------
Val GTT   2   2   2   2   2   2 | Ala GCT   0   0   0   0   0   0 | Asp GAT   0   0   0   0   0   0 | Gly GGT   1   1   1   1   1   1
    GTC   1   2   2   1   1   1 |     GCC   0   0   0   0   0   0 |     GAC   1   1   1   1   1   1 |     GGC   0   0   0   0   0   0
    GTA   1   0   0   2   0   0 |     GCA   0   0   0   0   0   0 | Glu GAA   0   0   0   0   0   0 |     GGA   0   0   0   0   0   0
    GTG   3   3   3   2   4   4 |     GCG   0   0   0   0   0   0 |     GAG   1   1   1   1   1   1 |     GGG   0   0   0   0   0   0
--------------------------------------------------------------------------------------------------------------------------------------

--------------------------------------------------------------------------------------------------------------------------------------
Phe TTT   0   0   0   0   0   0 | Ser TCT   2   2   2   2   2   2 | Tyr TAT   1   1   1   1   1   2 | Cys TGT   0   0   0   0   0   0
    TTC   1   1   1   1   1   1 |     TCC   0   0   0   0   0   0 |     TAC   2   2   2   2   2   1 |     TGC   2   2   2   2   2   2
Leu TTA   0   0   0   0   0   0 |     TCA   0   0   0   0   0   0 | *** TAA   0   0   0   0   0   0 | *** TGA   0   0   0   0   0   0
    TTG   1   1   1   1   1   1 |     TCG   0   0   0   0   0   0 |     TAG   0   0   0   0   0   0 | Trp TGG   0   0   0   0   0   0
--------------------------------------------------------------------------------------------------------------------------------------
Leu CTT   0   0   0   0   0   0 | Pro CCT   0   0   0   0   0   0 | His CAT   1   1   1   1   0   2 | Arg CGT   0   0   0   0   0   0
    CTC   0   0   0   0   0   0 |     CCC   0   0   0   0   0   0 |     CAC   1   1   1   1   2   0 |     CGC   1   1   1   1   1   1
    CTA   0   0   0   0   0   0 |     CCA   1   1   1   1   1   1 | Gln CAA   0   0   0   0   0   0 |     CGA   0   0   0   0   0   0
    CTG   0   0   0   0   0   0 |     CCG   0   0   0   0   0   0 |     CAG   0   0   0   0   0   0 |     CGG   0   0   0   0   0   0
--------------------------------------------------------------------------------------------------------------------------------------
Ile ATT   1   1   1   1   1   0 | Thr ACT   0   0   0   0   0   0 | Asn AAT   1   1   1   1   1   1 | Ser AGT   0   0   0   0   0   0
    ATC   2   2   2   2   2   3 |     ACC   1   1   1   1   1   1 |     AAC   4   4   4   4   4   4 |     AGC   0   0   0   0   0   0
    ATA   0   0   0   0   0   0 |     ACA   3   3   3   3   2   3 | Lys AAA   1   1   1   1   1   1 | Arg AGA   1   1   1   1   1   1
Met ATG   0   0   0   0   0   0 |     ACG   0   0   0   0   0   0 |     AAG   1   1   1   1   1   1 |     AGG   0   0   0   0   0   0
--------------------------------------------------------------------------------------------------------------------------------------
Val GTT   2   2   2   2   3   2 | Ala GCT   0   0   0   0   0   0 | Asp GAT   0   0   0   0   0   0 | Gly GGT   1   1   1   1   1   1
    GTC   1   1   1   1   1   1 |     GCC   0   0   0   0   0   0 |     GAC   1   1   1   1   1   1 |     GGC   0   0   0   0   0   0
    GTA   1   1   1   1   0   1 |     GCA   0   0   0   0   1   0 | Glu GAA   0   0   0   0   0   0 |     GGA   0   0   0   0   0   0
    GTG   3   3   3   3   3   3 |     GCG   0   0   0   0   0   0 |     GAG   1   1   1   1   1   1 |     GGG   0   0   0   0   0   0
--------------------------------------------------------------------------------------------------------------------------------------

--------------------------------------------------------------------------------------------------------------------------------------
Phe TTT   0   0   0   0   0   0 | Ser TCT   2   2   2   2   2   2 | Tyr TAT   1   1   1   1   2   1 | Cys TGT   0   0   0   0   0   0
    TTC   1   1   1   1   1   1 |     TCC   0   0   0   0   0   0 |     TAC   2   2   2   2   1   2 |     TGC   2   2   2   2   2   2
Leu TTA   0   0   0   0   0   0 |     TCA   0   0   0   0   0   0 | *** TAA   0   0   0   0   0   0 | *** TGA   0   0   0   0   0   0
    TTG   1   1   1   1   1   1 |     TCG   0   0   0   0   0   0 |     TAG   0   0   0   0   0   0 | Trp TGG   0   0   0   0   0   0
--------------------------------------------------------------------------------------------------------------------------------------
Leu CTT   0   0   0   0   0   0 | Pro CCT   0   0   0   0   0   0 | His CAT   1   1   0   1   1   1 | Arg CGT   0   0   0   0   0   0
    CTC   0   0   0   0   0   0 |     CCC   0   0   0   0   0   0 |     CAC   1   1   2   1   1   1 |     CGC   1   1   1   1   1   1
    CTA   0   0   0   0   0   0 |     CCA   1   1   1   1   1   1 | Gln CAA   0   0   0   0   0   0 |     CGA   0   0   0   0   0   0
    CTG   0   0   0   0   0   0 |     CCG   0   0   0   0   0   0 |     CAG   0   0   0   0   0   0 |     CGG   0   0   0   0   0   0
--------------------------------------------------------------------------------------------------------------------------------------
Ile ATT   1   1   1   1   1   2 | Thr ACT   0   0   0   0   0   0 | Asn AAT   1   0   1   1   1   1 | Ser AGT   0   0   0   0   0   0
    ATC   2   2   2   2   2   1 |     ACC   1   1   1   1   1   1 |     AAC   4   5   4   4   4   4 |     AGC   0   0   0   0   0   0
    ATA   0   0   0   0   0   0 |     ACA   3   3   3   3   2   3 | Lys AAA   1   1   1   1   1   1 | Arg AGA   1   1   1   1   1   1
Met ATG   0   0   0   0   0   0 |     ACG   0   0   0   0   0   0 |     AAG   1   1   1   1   1   1 |     AGG   0   0   0   0   0   0
--------------------------------------------------------------------------------------------------------------------------------------
Val GTT   2   2   2   2   2   2 | Ala GCT   0   0   0   0   0   0 | Asp GAT   0   0   0   0   0   0 | Gly GGT   1   1   1   1   0   1
    GTC   1   2   1   1   1   1 |     GCC   0   0   0   0   0   0 |     GAC   1   1   1   1   1   1 |     GGC   0   0   0   0   1   0
    GTA   1   0   1   1   1   1 |     GCA   0   0   0   0   1   0 | Glu GAA   0   0   0   0   0   0 |     GGA   0   0   0   0   0   0
    GTG   3   3   3   3   3   3 |     GCG   0   0   0   0   0   0 |     GAG   1   1   1   1   1   1 |     GGG   0   0   0   0   0   0
--------------------------------------------------------------------------------------------------------------------------------------

--------------------------------------------------------------------------------------------------------------------------------------
Phe TTT   0   0   0   0   0   0 | Ser TCT   2   2   2   2   2   2 | Tyr TAT   1   1   1   2   1   1 | Cys TGT   0   0   0   0   0   0
    TTC   1   1   1   1   1   1 |     TCC   0   0   0   0   0   0 |     TAC   2   2   2   1   2   2 |     TGC   2   2   2   2   2   2
Leu TTA   0   0   0   0   0   0 |     TCA   0   0   0   0   0   0 | *** TAA   0   0   0   0   0   0 | *** TGA   0   0   0   0   0   0
    TTG   1   1   1   1   1   1 |     TCG   0   0   0   0   0   0 |     TAG   0   0   0   0   0   0 | Trp TGG   0   0   0   0   0   0
--------------------------------------------------------------------------------------------------------------------------------------
Leu CTT   0   0   0   0   0   0 | Pro CCT   0   0   0   0   0   0 | His CAT   0   1   1   0   1   1 | Arg CGT   0   0   0   0   0   0
    CTC   0   0   0   0   0   0 |     CCC   0   0   0   0   0   0 |     CAC   2   1   1   2   1   1 |     CGC   1   1   1   1   1   1
    CTA   0   0   0   0   0   0 |     CCA   1   1   1   1   1   1 | Gln CAA   0   0   0   0   0   0 |     CGA   0   0   0   0   0   0
    CTG   0   0   0   0   0   0 |     CCG   0   0   0   0   0   0 |     CAG   0   0   0   0   0   0 |     CGG   0   0   0   0   0   0
--------------------------------------------------------------------------------------------------------------------------------------
Ile ATT   1   1   1   1   1   1 | Thr ACT   0   0   0   0   0   0 | Asn AAT   1   1   1   0   1   1 | Ser AGT   0   0   0   0   0   0
    ATC   2   2   2   2   2   2 |     ACC   1   1   1   1   1   1 |     AAC   4   4   4   5   4   4 |     AGC   0   0   0   0   0   0
    ATA   0   0   0   0   0   0 |     ACA   2   2   3   2   3   3 | Lys AAA   1   1   1   1   1   1 | Arg AGA   1   1   1   1   1   1
Met ATG   0   0   0   0   0   0 |     ACG   0   0   0   0   0   0 |     AAG   1   1   1   1   1   1 |     AGG   0   0   0   0   0   0
--------------------------------------------------------------------------------------------------------------------------------------
Val GTT   2   2   2   3   2   2 | Ala GCT   0   0   0   0   0   0 | Asp GAT   0   0   0   0   0   0 | Gly GGT   1   1   1   1   0   1
    GTC   1   1   1   1   1   1 |     GCC   0   0   0   0   0   0 |     GAC   1   1   1   1   1   1 |     GGC   0   0   0   0   0   0
    GTA   1   1   1   0   1   1 |     GCA   1   1   0   1   0   0 | Glu GAA   0   0   0   0   0   0 |     GGA   0   0   0   0   0   0
    GTG   3   3   3   3   3   3 |     GCG   0   0   0   0   0   0 |     GAG   1   1   1   1   1   1 |     GGG   0   0   0   0   1   0
--------------------------------------------------------------------------------------------------------------------------------------

--------------------------------------------------------------------------------------------------------------------------------------
Phe TTT   0   0   0   0   0   0 | Ser TCT   2   2   2   2   2   2 | Tyr TAT   1   1   1   1   1   1 | Cys TGT   0   0   0   0   0   0
    TTC   1   1   1   1   1   1 |     TCC   0   0   0   0   0   0 |     TAC   2   2   2   2   2   2 |     TGC   2   2   2   2   2   2
Leu TTA   0   0   0   0   0   0 |     TCA   0   0   0   0   0   0 | *** TAA   0   0   0   0   0   0 | *** TGA   0   0   0   0   0   0
    TTG   1   1   1   1   1   1 |     TCG   0   0   0   0   0   0 |     TAG   0   0   0   0   0   0 | Trp TGG   0   0   0   0   0   0
--------------------------------------------------------------------------------------------------------------------------------------
Leu CTT   0   0   0   0   0   0 | Pro CCT   0   0   0   0   0   0 | His CAT   2   2   1   1   0   0 | Arg CGT   0   0   0   0   0   0
    CTC   0   0   0   0   0   0 |     CCC   0   0   0   0   0   0 |     CAC   0   0   1   1   2   2 |     CGC   1   1   1   1   1   1
    CTA   0   0   0   0   0   0 |     CCA   1   1   1   1   1   1 | Gln CAA   0   0   0   0   0   0 |     CGA   0   0   0   0   0   0
    CTG   0   0   0   0   0   0 |     CCG   0   0   0   0   0   0 |     CAG   0   0   0   0   0   0 |     CGG   0   0   0   0   0   0
--------------------------------------------------------------------------------------------------------------------------------------
Ile ATT   0   0   1   1   1   1 | Thr ACT   0   0   0   0   0   0 | Asn AAT   1   1   1   1   1   1 | Ser AGT   0   0   0   0   0   0
    ATC   3   3   2   2   2   2 |     ACC   1   1   1   1   1   1 |     AAC   4   4   4   4   4   4 |     AGC   0   0   0   0   0   0
    ATA   0   0   0   0   0   0 |     ACA   3   3   3   3   3   2 | Lys AAA   1   1   1   1   1   1 | Arg AGA   1   1   1   1   1   1
Met ATG   0   0   0   0   0   0 |     ACG   0   0   0   0   0   0 |     AAG   1   1   1   1   1   1 |     AGG   0   0   0   0   0   0
--------------------------------------------------------------------------------------------------------------------------------------
Val GTT   2   2   2   2   2   3 | Ala GCT   0   0   0   0   0   0 | Asp GAT   0   0   0   0   0   0 | Gly GGT   1   1   1   1   1   1
    GTC   1   1   1   1   1   1 |     GCC   0   0   0   0   0   0 |     GAC   1   1   1   1   1   1 |     GGC   0   0   0   0   0   0
    GTA   1   1   1   1   1   0 |     GCA   0   0   0   0   0   1 | Glu GAA   0   0   0   0   0   0 |     GGA   0   0   0   0   0   0
    GTG   3   3   3   3   3   3 |     GCG   0   0   0   0   0   0 |     GAG   1   1   1   1   1   1 |     GGG   0   0   0   0   0   0
--------------------------------------------------------------------------------------------------------------------------------------

--------------------------------------------------------------------------------------------------------------------------------------
Phe TTT   0   0   0   0   0   0 | Ser TCT   2   2   2   2   2   2 | Tyr TAT   1   1   2   1   1   1 | Cys TGT   0   0   0   0   0   0
    TTC   1   1   1   1   1   1 |     TCC   0   0   0   0   0   0 |     TAC   2   2   1   2   2   2 |     TGC   2   2   2   2   2   2
Leu TTA   0   0   0   0   0   0 |     TCA   0   0   0   0   0   0 | *** TAA   0   0   0   0   0   0 | *** TGA   0   0   0   0   0   0
    TTG   1   1   1   1   1   1 |     TCG   0   0   0   0   0   0 |     TAG   0   0   0   0   0   0 | Trp TGG   0   0   0   0   0   0
--------------------------------------------------------------------------------------------------------------------------------------
Leu CTT   0   0   0   0   0   0 | Pro CCT   0   0   0   0   0   0 | His CAT   1   1   2   1   1   1 | Arg CGT   0   0   0   0   0   0
    CTC   0   0   0   0   0   0 |     CCC   0   0   0   0   0   0 |     CAC   1   1   0   1   1   1 |     CGC   1   1   1   1   1   1
    CTA   0   0   0   0   0   0 |     CCA   1   1   1   1   1   1 | Gln CAA   0   0   0   0   0   0 |     CGA   0   0   0   0   0   0
    CTG   0   0   0   0   0   0 |     CCG   0   0   0   0   0   0 |     CAG   0   0   0   0   0   0 |     CGG   0   0   0   0   0   0
--------------------------------------------------------------------------------------------------------------------------------------
Ile ATT   1   1   0   1   1   1 | Thr ACT   0   0   0   0   0   0 | Asn AAT   1   0   1   1   1   1 | Ser AGT   0   0   0   0   0   0
    ATC   2   2   3   2   2   2 |     ACC   1   1   1   1   1   1 |     AAC   4   5   4   4   4   4 |     AGC   0   0   0   0   0   0
    ATA   0   0   0   0   0   0 |     ACA   3   2   3   3   3   3 | Lys AAA   1   1   1   1   1   1 | Arg AGA   1   1   1   1   1   1
Met ATG   0   0   0   0   0   0 |     ACG   0   0   0   0   0   0 |     AAG   1   1   1   1   1   1 |     AGG   0   0   0   0   0   0
--------------------------------------------------------------------------------------------------------------------------------------
Val GTT   2   3   2   2   2   2 | Ala GCT   0   0   0   0   0   0 | Asp GAT   0   0   0   0   0   0 | Gly GGT   1   1   1   1   1   1
    GTC   1   1   1   1   1   1 |     GCC   0   0   0   0   0   0 |     GAC   1   1   1   1   1   1 |     GGC   0   0   0   0   0   0
    GTA   1   0   1   1   1   1 |     GCA   0   1   0   0   0   0 | Glu GAA   0   0   0   0   0   0 |     GGA   0   0   0   0   0   0
    GTG   3   3   3   3   3   3 |     GCG   0   0   0   0   0   0 |     GAG   1   1   1   1   1   1 |     GGG   0   0   0   0   0   0
--------------------------------------------------------------------------------------------------------------------------------------

--------------------------------------------------------------------------------------------------------------------------------------
Phe TTT   0   0   0   0   0   0 | Ser TCT   2   2   2   2   2   2 | Tyr TAT   1   1   1   1   1   1 | Cys TGT   0   0   0   0   0   0
    TTC   1   1   1   1   1   1 |     TCC   0   0   0   0   0   0 |     TAC   2   2   2   2   2   2 |     TGC   2   2   2   2   2   2
Leu TTA   0   0   0   0   0   0 |     TCA   0   0   0   0   0   0 | *** TAA   0   0   0   0   0   0 | *** TGA   0   0   0   0   0   0
    TTG   1   1   1   1   1   1 |     TCG   0   0   0   0   0   0 |     TAG   0   0   0   0   0   0 | Trp TGG   0   0   0   0   0   0
--------------------------------------------------------------------------------------------------------------------------------------
Leu CTT   0   0   0   0   0   0 | Pro CCT   0   0   0   0   0   0 | His CAT   1   2   1   1   1   2 | Arg CGT   0   0   0   0   0   0
    CTC   0   0   0   0   0   0 |     CCC   0   0   0   0   0   0 |     CAC   1   0   1   1   1   0 |     CGC   1   1   1   1   1   1
    CTA   0   0   0   0   0   0 |     CCA   1   1   1   1   1   1 | Gln CAA   0   0   0   0   0   0 |     CGA   0   0   0   0   0   0
    CTG   0   0   0   0   0   0 |     CCG   0   0   0   0   0   0 |     CAG   0   0   0   0   0   0 |     CGG   0   0   0   0   0   0
--------------------------------------------------------------------------------------------------------------------------------------
Ile ATT   1   1   1   1   1   0 | Thr ACT   0   0   0   0   0   0 | Asn AAT   1   1   1   1   1   1 | Ser AGT   0   0   0   0   0   0
    ATC   2   2   2   2   2   3 |     ACC   1   1   1   1   1   1 |     AAC   4   4   4   4   4   4 |     AGC   0   0   0   0   0   0
    ATA   0   0   0   0   0   0 |     ACA   3   3   3   3   3   3 | Lys AAA   1   1   1   1   1   1 | Arg AGA   1   1   1   1   1   1
Met ATG   0   0   0   0   0   0 |     ACG   0   0   0   0   0   0 |     AAG   1   1   1   1   1   1 |     AGG   0   0   0   0   0   0
--------------------------------------------------------------------------------------------------------------------------------------
Val GTT   2   2   2   2   2   2 | Ala GCT   0   0   0   0   0   0 | Asp GAT   0   0   0   0   0   0 | Gly GGT   1   1   1   1   1   1
    GTC   1   2   1   1   1   1 |     GCC   0   0   0   0   0   0 |     GAC   1   1   1   1   1   1 |     GGC   0   0   0   0   0   0
    GTA   1   0   1   1   1   1 |     GCA   0   0   0   0   0   0 | Glu GAA   0   0   0   0   0   0 |     GGA   0   0   0   0   0   0
    GTG   3   3   3   3   3   3 |     GCG   0   0   0   0   0   0 |     GAG   1   1   1   1   1   1 |     GGG   0   0   0   0   0   0
--------------------------------------------------------------------------------------------------------------------------------------

--------------------------------------------------------------------------------------------------------------------------------------
Phe TTT   0   0   0   0   0   0 | Ser TCT   2   2   2   2   2   2 | Tyr TAT   2   2   2   1   1   1 | Cys TGT   0   0   0   0   0   0
    TTC   1   1   1   1   1   1 |     TCC   0   0   0   0   0   0 |     TAC   1   1   1   2   2   2 |     TGC   2   2   2   2   2   2
Leu TTA   0   0   0   0   0   0 |     TCA   0   0   0   0   0   0 | *** TAA   0   0   0   0   0   0 | *** TGA   0   0   0   0   0   0
    TTG   1   1   1   1   1   1 |     TCG   0   0   0   0   0   0 |     TAG   0   0   0   0   0   0 | Trp TGG   0   0   0   0   0   0
--------------------------------------------------------------------------------------------------------------------------------------
Leu CTT   0   0   0   0   0   0 | Pro CCT   0   0   0   0   0   0 | His CAT   2   1   2   2   2   1 | Arg CGT   0   0   0   0   0   0
    CTC   0   0   0   0   0   0 |     CCC   0   0   0   0   0   0 |     CAC   0   1   0   0   0   1 |     CGC   1   1   1   1   1   1
    CTA   0   0   0   0   0   0 |     CCA   1   1   1   1   1   0 | Gln CAA   0   0   0   0   0   0 |     CGA   0   0   0   0   0   0
    CTG   0   0   0   0   0   0 |     CCG   0   0   0   0   0   1 |     CAG   0   0   0   0   0   0 |     CGG   0   0   0   0   0   0
--------------------------------------------------------------------------------------------------------------------------------------
Ile ATT   1   1   0   0   1   1 | Thr ACT   0   0   0   0   0   0 | Asn AAT   1   1   1   1   1   1 | Ser AGT   0   0   0   0   0   0
    ATC   2   2   3   3   2   2 |     ACC   1   1   1   1   1   1 |     AAC   4   4   4   4   4   4 |     AGC   0   0   0   0   0   0
    ATA   0   0   0   0   0   0 |     ACA   3   3   3   3   3   3 | Lys AAA   1   1   1   1   1   1 | Arg AGA   1   1   1   1   1   1
Met ATG   0   0   0   0   0   0 |     ACG   0   0   0   0   0   0 |     AAG   1   1   1   1   1   1 |     AGG   0   0   0   0   0   0
--------------------------------------------------------------------------------------------------------------------------------------
Val GTT   2   2   2   2   2   2 | Ala GCT   0   0   0   0   0   0 | Asp GAT   0   0   0   0   0   0 | Gly GGT   1   1   1   1   1   1
    GTC   1   1   1   1   2   1 |     GCC   0   0   0   0   0   0 |     GAC   1   1   1   1   1   1 |     GGC   0   0   0   0   0   0
    GTA   1   1   1   1   0   0 |     GCA   0   0   0   0   0   0 | Glu GAA   0   0   0   0   0   0 |     GGA   0   0   0   0   0   0
    GTG   3   3   3   3   3   4 |     GCG   0   0   0   0   0   0 |     GAG   1   1   1   1   1   1 |     GGG   0   0   0   0   0   0
--------------------------------------------------------------------------------------------------------------------------------------

--------------------------------------------------------------------------------------------------------------------------------------
Phe TTT   0   0   0   0   0   0 | Ser TCT   2   1   2   2   2   2 | Tyr TAT   1   1   1   1   2   1 | Cys TGT   0   0   0   0   0   0
    TTC   1   1   1   1   1   1 |     TCC   0   1   0   0   0   0 |     TAC   2   2   2   2   1   2 |     TGC   2   2   2   2   2   2
Leu TTA   0   0   0   0   0   0 |     TCA   0   0   0   0   0   0 | *** TAA   0   0   0   0   0   0 | *** TGA   0   0   0   0   0   0
    TTG   1   1   1   1   1   1 |     TCG   0   0   0   0   0   0 |     TAG   0   0   0   0   0   0 | Trp TGG   0   0   0   0   0   0
--------------------------------------------------------------------------------------------------------------------------------------
Leu CTT   0   0   0   0   0   0 | Pro CCT   0   0   0   0   0   0 | His CAT   1   1   1   1   0   1 | Arg CGT   0   0   0   0   0   0
    CTC   0   0   0   0   0   0 |     CCC   0   0   0   0   0   0 |     CAC   1   1   1   1   2   1 |     CGC   1   1   1   1   1   1
    CTA   0   0   0   0   0   0 |     CCA   1   1   1   1   1   1 | Gln CAA   0   0   0   0   0   0 |     CGA   0   0   0   0   0   0
    CTG   0   0   0   0   0   0 |     CCG   0   0   0   0   0   0 |     CAG   0   0   0   0   0   0 |     CGG   0   0   0   0   0   0
--------------------------------------------------------------------------------------------------------------------------------------
Ile ATT   1   1   1   1   1   1 | Thr ACT   0   0   0   0   0   0 | Asn AAT   1   1   1   0   1   0 | Ser AGT   0   0   0   0   0   0
    ATC   2   2   2   2   2   2 |     ACC   1   1   1   1   1   1 |     AAC   4   4   4   5   4   5 |     AGC   0   0   0   0   0   0
    ATA   0   0   0   0   0   0 |     ACA   3   3   3   3   2   2 | Lys AAA   1   1   1   1   1   1 | Arg AGA   1   1   1   1   1   1
Met ATG   0   0   0   0   0   0 |     ACG   0   0   0   0   0   0 |     AAG   1   1   1   1   1   1 |     AGG   0   0   0   0   0   0
--------------------------------------------------------------------------------------------------------------------------------------
Val GTT   2   2   2   2   3   2 | Ala GCT   0   0   0   0   0   0 | Asp GAT   0   0   0   0   0   0 | Gly GGT   1   1   1   1   1   1
    GTC   1   2   1   1   1   2 |     GCC   0   0   0   0   0   0 |     GAC   1   1   1   1   1   1 |     GGC   0   0   0   0   0   0
    GTA   1   1   1   2   0   0 |     GCA   0   0   0   0   1   1 | Glu GAA   0   0   0   0   0   0 |     GGA   0   0   0   0   0   0
    GTG   3   2   3   2   3   3 |     GCG   0   0   0   0   0   0 |     GAG   1   1   1   1   1   1 |     GGG   0   0   0   0   0   0
--------------------------------------------------------------------------------------------------------------------------------------

Codon position x base (3x4) table for each sequence.

#1: Argali         
position  1:    T:0.23684    C:0.10526    A:0.39474    G:0.26316
position  2:    T:0.31579    C:0.18421    A:0.36842    G:0.13158
position  3:    T:0.23684    C:0.42105    A:0.18421    G:0.15789
Average         T:0.26316    C:0.23684    A:0.31579    G:0.18421

#2: LesserMouseDeer
position  1:    T:0.23684    C:0.10526    A:0.39474    G:0.26316
position  2:    T:0.31579    C:0.18421    A:0.36842    G:0.13158
position  3:    T:0.23684    C:0.42105    A:0.15789    G:0.18421
Average         T:0.26316    C:0.23684    A:0.30702    G:0.19298

#3: LesserKudu     
position  1:    T:0.23684    C:0.10526    A:0.39474    G:0.26316
position  2:    T:0.31579    C:0.18421    A:0.36842    G:0.13158
position  3:    T:0.21053    C:0.47368    A:0.15789    G:0.15789
Average         T:0.25439    C:0.25439    A:0.30702    G:0.18421

#4: ForestMuskDeer2
position  1:    T:0.23684    C:0.10526    A:0.39474    G:0.26316
position  2:    T:0.31579    C:0.18421    A:0.36842    G:0.13158
position  3:    T:0.21053    C:0.44737    A:0.21053    G:0.13158
Average         T:0.25439    C:0.24561    A:0.32456    G:0.17544

#5: Camel          
position  1:    T:0.23684    C:0.10526    A:0.39474    G:0.26316
position  2:    T:0.31579    C:0.18421    A:0.36842    G:0.13158
position  3:    T:0.18421    C:0.44737    A:0.13158    G:0.23684
Average         T:0.24561    C:0.24561    A:0.29825    G:0.21053

#6: KillerWhale    
position  1:    T:0.23684    C:0.10526    A:0.39474    G:0.26316
position  2:    T:0.31579    C:0.18421    A:0.36842    G:0.13158
position  3:    T:0.26316    C:0.39474    A:0.15789    G:0.18421
Average         T:0.27193    C:0.22807    A:0.30702    G:0.19298

#7: DefassaWaterbuck
position  1:    T:0.23684    C:0.10526    A:0.39474    G:0.26316
position  2:    T:0.31579    C:0.18421    A:0.36842    G:0.13158
position  3:    T:0.23684    C:0.42105    A:0.18421    G:0.15789
Average         T:0.26316    C:0.23684    A:0.31579    G:0.18421

#8: Sheep          
position  1:    T:0.23684    C:0.10526    A:0.39474    G:0.26316
position  2:    T:0.31579    C:0.18421    A:0.36842    G:0.13158
position  3:    T:0.23684    C:0.42105    A:0.18421    G:0.15789
Average         T:0.26316    C:0.23684    A:0.31579    G:0.18421

#9: MaxwellsDuiker 
position  1:    T:0.23684    C:0.10526    A:0.39474    G:0.26316
position  2:    T:0.31579    C:0.18421    A:0.36842    G:0.13158
position  3:    T:0.23684    C:0.42105    A:0.18421    G:0.15789
Average         T:0.26316    C:0.23684    A:0.31579    G:0.18421

#10: GazellaPrzewalskyi
position  1:    T:0.23684    C:0.10526    A:0.39474    G:0.26316
position  2:    T:0.31579    C:0.18421    A:0.36842    G:0.13158
position  3:    T:0.23684    C:0.42105    A:0.18421    G:0.15789
Average         T:0.26316    C:0.23684    A:0.31579    G:0.18421

#11: MountainNyala  
position  1:    T:0.23684    C:0.10526    A:0.36842    G:0.28947
position  2:    T:0.31579    C:0.18421    A:0.36842    G:0.13158
position  3:    T:0.23684    C:0.44737    A:0.15789    G:0.15789
Average         T:0.26316    C:0.24561    A:0.29825    G:0.19298

#12: MuntiacusMuntjak
position  1:    T:0.23684    C:0.10526    A:0.39474    G:0.26316
position  2:    T:0.31579    C:0.18421    A:0.36842    G:0.13158
position  3:    T:0.26316    C:0.39474    A:0.18421    G:0.15789
Average         T:0.27193    C:0.22807    A:0.31579    G:0.18421

#13: goat           
position  1:    T:0.23684    C:0.10526    A:0.39474    G:0.26316
position  2:    T:0.31579    C:0.18421    A:0.36842    G:0.13158
position  3:    T:0.23684    C:0.42105    A:0.18421    G:0.15789
Average         T:0.26316    C:0.23684    A:0.31579    G:0.18421

#14: AfricanBuffalo 
position  1:    T:0.23684    C:0.10526    A:0.39474    G:0.26316
position  2:    T:0.31579    C:0.18421    A:0.36842    G:0.13158
position  3:    T:0.21053    C:0.47368    A:0.15789    G:0.15789
Average         T:0.25439    C:0.25439    A:0.30702    G:0.18421

#15: Topi           
position  1:    T:0.23684    C:0.10526    A:0.39474    G:0.26316
position  2:    T:0.31579    C:0.18421    A:0.36842    G:0.13158
position  3:    T:0.21053    C:0.44737    A:0.18421    G:0.15789
Average         T:0.25439    C:0.24561    A:0.31579    G:0.18421

#16: CommonDuiker   
position  1:    T:0.23684    C:0.10526    A:0.39474    G:0.26316
position  2:    T:0.31579    C:0.18421    A:0.36842    G:0.13158
position  3:    T:0.23684    C:0.42105    A:0.18421    G:0.15789
Average         T:0.26316    C:0.23684    A:0.31579    G:0.18421

#17: Suni           
position  1:    T:0.23684    C:0.10526    A:0.36842    G:0.28947
position  2:    T:0.31579    C:0.18421    A:0.36842    G:0.13158
position  3:    T:0.23684    C:0.42105    A:0.18421    G:0.15789
Average         T:0.26316    C:0.23684    A:0.30702    G:0.19298

#18: Springbuck     
position  1:    T:0.23684    C:0.10526    A:0.39474    G:0.26316
position  2:    T:0.31579    C:0.18421    A:0.36842    G:0.13158
position  3:    T:0.26316    C:0.39474    A:0.18421    G:0.15789
Average         T:0.27193    C:0.22807    A:0.31579    G:0.18421

#19: Okapi          
position  1:    T:0.23684    C:0.10526    A:0.36842    G:0.28947
position  2:    T:0.31579    C:0.18421    A:0.36842    G:0.13158
position  3:    T:0.21053    C:0.44737    A:0.18421    G:0.15789
Average         T:0.25439    C:0.24561    A:0.30702    G:0.19298

#20: Giraffe        
position  1:    T:0.23684    C:0.10526    A:0.36842    G:0.28947
position  2:    T:0.31579    C:0.18421    A:0.36842    G:0.13158
position  3:    T:0.23684    C:0.42105    A:0.18421    G:0.15789
Average         T:0.26316    C:0.23684    A:0.30702    G:0.19298

#21: TibetanAntelope
position  1:    T:0.23684    C:0.10526    A:0.39474    G:0.26316
position  2:    T:0.31579    C:0.18421    A:0.36842    G:0.13158
position  3:    T:0.23684    C:0.42105    A:0.18421    G:0.15789
Average         T:0.26316    C:0.23684    A:0.31579    G:0.18421

#22: Sitatunga      
position  1:    T:0.23684    C:0.10526    A:0.36842    G:0.28947
position  2:    T:0.31579    C:0.18421    A:0.36842    G:0.13158
position  3:    T:0.23684    C:0.44737    A:0.15789    G:0.15789
Average         T:0.26316    C:0.24561    A:0.29825    G:0.19298

#23: Oribi          
position  1:    T:0.23684    C:0.10526    A:0.39474    G:0.26316
position  2:    T:0.31579    C:0.18421    A:0.36842    G:0.13158
position  3:    T:0.21053    C:0.42105    A:0.18421    G:0.18421
Average         T:0.25439    C:0.23684    A:0.31579    G:0.19298

#24: BarbarySheep   
position  1:    T:0.23684    C:0.10526    A:0.39474    G:0.26316
position  2:    T:0.31579    C:0.18421    A:0.36842    G:0.13158
position  3:    T:0.23684    C:0.42105    A:0.18421    G:0.15789
Average         T:0.26316    C:0.23684    A:0.31579    G:0.18421

#25: Daviddeer      
position  1:    T:0.23684    C:0.10526    A:0.39474    G:0.26316
position  2:    T:0.31579    C:0.18421    A:0.36842    G:0.13158
position  3:    T:0.23684    C:0.42105    A:0.18421    G:0.15789
Average         T:0.26316    C:0.23684    A:0.31579    G:0.18421

#26: Reindeer       
position  1:    T:0.23684    C:0.10526    A:0.39474    G:0.26316
position  2:    T:0.31579    C:0.18421    A:0.36842    G:0.13158
position  3:    T:0.23684    C:0.42105    A:0.18421    G:0.15789
Average         T:0.26316    C:0.23684    A:0.31579    G:0.18421

#27: Ibex           
position  1:    T:0.23684    C:0.10526    A:0.39474    G:0.26316
position  2:    T:0.31579    C:0.18421    A:0.36842    G:0.13158
position  3:    T:0.23684    C:0.42105    A:0.18421    G:0.15789
Average         T:0.26316    C:0.23684    A:0.31579    G:0.18421

#28: GyrantGazelle  
position  1:    T:0.23684    C:0.10526    A:0.39474    G:0.26316
position  2:    T:0.31579    C:0.18421    A:0.36842    G:0.13158
position  3:    T:0.23684    C:0.42105    A:0.18421    G:0.15789
Average         T:0.26316    C:0.23684    A:0.31579    G:0.18421

#29: Hartebeest     
position  1:    T:0.23684    C:0.10526    A:0.39474    G:0.26316
position  2:    T:0.31579    C:0.18421    A:0.36842    G:0.13158
position  3:    T:0.21053    C:0.44737    A:0.18421    G:0.15789
Average         T:0.25439    C:0.24561    A:0.31579    G:0.18421

#30: Bongo          
position  1:    T:0.23684    C:0.10526    A:0.36842    G:0.28947
position  2:    T:0.31579    C:0.18421    A:0.36842    G:0.13158
position  3:    T:0.23684    C:0.44737    A:0.15789    G:0.15789
Average         T:0.26316    C:0.24561    A:0.29825    G:0.19298

#31: Gerenuk        
position  1:    T:0.23684    C:0.10526    A:0.39474    G:0.26316
position  2:    T:0.31579    C:0.18421    A:0.36842    G:0.13158
position  3:    T:0.23684    C:0.42105    A:0.18421    G:0.15789
Average         T:0.26316    C:0.23684    A:0.31579    G:0.18421

#32: CommonEland    
position  1:    T:0.23684    C:0.10526    A:0.36842    G:0.28947
position  2:    T:0.31579    C:0.18421    A:0.36842    G:0.13158
position  3:    T:0.23684    C:0.44737    A:0.15789    G:0.15789
Average         T:0.26316    C:0.24561    A:0.29825    G:0.19298

#33: MuntiacusReevesi
position  1:    T:0.23684    C:0.10526    A:0.39474    G:0.26316
position  2:    T:0.31579    C:0.18421    A:0.36842    G:0.13158
position  3:    T:0.26316    C:0.39474    A:0.18421    G:0.15789
Average         T:0.27193    C:0.22807    A:0.31579    G:0.18421

#34: HarveysDuiker  
position  1:    T:0.23684    C:0.10526    A:0.39474    G:0.26316
position  2:    T:0.31579    C:0.18421    A:0.36842    G:0.13158
position  3:    T:0.23684    C:0.42105    A:0.18421    G:0.15789
Average         T:0.26316    C:0.23684    A:0.31579    G:0.18421

#35: Pronghorn      
position  1:    T:0.23684    C:0.10526    A:0.39474    G:0.26316
position  2:    T:0.31579    C:0.18421    A:0.36842    G:0.13158
position  3:    T:0.23684    C:0.42105    A:0.18421    G:0.15789
Average         T:0.26316    C:0.23684    A:0.31579    G:0.18421

#36: BlueWildebeest 
position  1:    T:0.23684    C:0.10526    A:0.39474    G:0.26316
position  2:    T:0.31579    C:0.18421    A:0.36842    G:0.13158
position  3:    T:0.23684    C:0.42105    A:0.18421    G:0.15789
Average         T:0.26316    C:0.23684    A:0.31579    G:0.18421

#37: Gemsbok        
position  1:    T:0.23684    C:0.10526    A:0.39474    G:0.26316
position  2:    T:0.31579    C:0.18421    A:0.36842    G:0.13158
position  3:    T:0.23684    C:0.42105    A:0.18421    G:0.15789
Average         T:0.26316    C:0.23684    A:0.31579    G:0.18421

#38: Yak            
position  1:    T:0.23684    C:0.10526    A:0.39474    G:0.26316
position  2:    T:0.31579    C:0.18421    A:0.36842    G:0.13158
position  3:    T:0.26316    C:0.42105    A:0.15789    G:0.15789
Average         T:0.27193    C:0.23684    A:0.30702    G:0.18421

#39: BlueSheep      
position  1:    T:0.23684    C:0.10526    A:0.39474    G:0.26316
position  2:    T:0.31579    C:0.18421    A:0.36842    G:0.13158
position  3:    T:0.23684    C:0.42105    A:0.18421    G:0.15789
Average         T:0.26316    C:0.23684    A:0.31579    G:0.18421

#40: BohorReedbuck  
position  1:    T:0.23684    C:0.10526    A:0.39474    G:0.26316
position  2:    T:0.31579    C:0.18421    A:0.36842    G:0.13158
position  3:    T:0.23684    C:0.42105    A:0.18421    G:0.15789
Average         T:0.26316    C:0.23684    A:0.31579    G:0.18421

#41: KirksDik       
position  1:    T:0.23684    C:0.10526    A:0.39474    G:0.26316
position  2:    T:0.31579    C:0.18421    A:0.36842    G:0.13158
position  3:    T:0.23684    C:0.42105    A:0.18421    G:0.15789
Average         T:0.26316    C:0.23684    A:0.31579    G:0.18421

#42: RoeDeer        
position  1:    T:0.23684    C:0.10526    A:0.39474    G:0.26316
position  2:    T:0.31579    C:0.18421    A:0.36842    G:0.13158
position  3:    T:0.23684    C:0.42105    A:0.18421    G:0.15789
Average         T:0.26316    C:0.23684    A:0.31579    G:0.18421

#43: WhiteLippedDeer
position  1:    T:0.23684    C:0.10526    A:0.39474    G:0.26316
position  2:    T:0.31579    C:0.18421    A:0.36842    G:0.13158
position  3:    T:0.28947    C:0.36842    A:0.18421    G:0.15789
Average         T:0.28070    C:0.21930    A:0.31579    G:0.18421

#44: ThomsonGazelle 
position  1:    T:0.23684    C:0.10526    A:0.39474    G:0.26316
position  2:    T:0.31579    C:0.18421    A:0.36842    G:0.13158
position  3:    T:0.26316    C:0.39474    A:0.18421    G:0.15789
Average         T:0.27193    C:0.22807    A:0.31579    G:0.18421

#45: MuntiacusCrinifrons
position  1:    T:0.23684    C:0.10526    A:0.39474    G:0.26316
position  2:    T:0.31579    C:0.18421    A:0.36842    G:0.13158
position  3:    T:0.26316    C:0.39474    A:0.18421    G:0.15789
Average         T:0.27193    C:0.22807    A:0.31579    G:0.18421

#46: WhiteTailedDeer
position  1:    T:0.23684    C:0.10526    A:0.39474    G:0.26316
position  2:    T:0.31579    C:0.18421    A:0.36842    G:0.13158
position  3:    T:0.23684    C:0.42105    A:0.18421    G:0.15789
Average         T:0.26316    C:0.23684    A:0.31579    G:0.18421

#47: Cattle         
position  1:    T:0.23684    C:0.10526    A:0.39474    G:0.26316
position  2:    T:0.31579    C:0.18421    A:0.36842    G:0.13158
position  3:    T:0.26316    C:0.42105    A:0.15789    G:0.15789
Average         T:0.27193    C:0.23684    A:0.30702    G:0.18421

#48: RoyalAntelope  
position  1:    T:0.23684    C:0.10526    A:0.39474    G:0.26316
position  2:    T:0.31579    C:0.18421    A:0.36842    G:0.13158
position  3:    T:0.23684    C:0.42105    A:0.13158    G:0.21053
Average         T:0.26316    C:0.23684    A:0.29825    G:0.20175

#49: Steenbok       
position  1:    T:0.23684    C:0.10526    A:0.39474    G:0.26316
position  2:    T:0.31579    C:0.18421    A:0.36842    G:0.13158
position  3:    T:0.23684    C:0.42105    A:0.18421    G:0.15789
Average         T:0.26316    C:0.23684    A:0.31579    G:0.18421

#50: Impala         
position  1:    T:0.23684    C:0.10526    A:0.39474    G:0.26316
position  2:    T:0.31579    C:0.18421    A:0.36842    G:0.13158
position  3:    T:0.21053    C:0.47368    A:0.18421    G:0.13158
Average         T:0.25439    C:0.25439    A:0.31579    G:0.17544

#51: Klipspringer   
position  1:    T:0.23684    C:0.10526    A:0.39474    G:0.26316
position  2:    T:0.31579    C:0.18421    A:0.36842    G:0.13158
