CODONML (in paml version 4.10.7, June 2023)  /home/rachel/ruminants_paml/6406-phy-tree/ENSBTAT00000053498.fasta.phy
Model: free dN/dS Ratios for branches,  kappa = 2.000 fixed

Codon frequency model: F3x4
ns =  54  ls = 127

Codon usage in sequences
--------------------------------------------------------------------------------------------------------------------------------------
Phe TTT   0   0   0   0   0   0 | Ser TCT   5   3   5   5   3   3 | Tyr TAT   0   0   0   0   0   0 | Cys TGT   0   0   0   0   0   0
    TTC   3   3   3   3   3   3 |     TCC   1   2   1   1   1   1 |     TAC   0   0   0   0   0   0 |     TGC   1   1   1   1   1   1
Leu TTA   1   1   1   1   0   1 |     TCA   1   2   1   1   3   3 | *** TAA   0   0   0   0   0   0 | *** TGA   0   0   0   0   0   0
    TTG   2   2   2   2   2   2 |     TCG   0   0   0   0   0   0 |     TAG   0   0   0   0   0   0 | Trp TGG   2   2   2   2   2   2
--------------------------------------------------------------------------------------------------------------------------------------
Leu CTT   4   5   3   5   5   5 | Pro CCT   2   3   3   2   2   2 | His CAT   1   1   1   1   1   1 | Arg CGT   1   0   1   1   1   1
    CTC   2   2   3   2   1   1 |     CCC   3   1   2   3   3   2 |     CAC   1   1   1   1   1   1 |     CGC   0   1   0   0   0   0
    CTA   1   1   1   1   2   2 |     CCA   4   6   4   4   4   4 | Gln CAA   7   6   7   7   8   7 |     CGA   0   1   1   1   1   1
    CTG   1   0   1   0   1   0 |     CCG   1   0   1   1   1   2 |     CAG   3   4   3   3   2   3 |     CGG   0   0   0   0   0   0
--------------------------------------------------------------------------------------------------------------------------------------
Ile ATT   5   6   5   5   5   5 | Thr ACT   0   0   0   0   0   1 | Asn AAT   3   3   3   3   5   4 | Ser AGT   4   4   5   4   3   4
    ATC   1   0   1   1   1   1 |     ACC   3   4   3   3   3   3 |     AAC   3   3   3   3   2   2 |     AGC   1   1   0   1   1   1
    ATA   1   1   1   1   1   1 |     ACA   7   5   7   7   7   5 | Lys AAA   5   5   5   5   6   6 | Arg AGA   2   1   1   1   1   1
Met ATG   2   2   2   2   2   2 |     ACG   0   1   0   0   0   1 |     AAG   4   4   4   4   3   3 |     AGG   1   1   1   1   1   1
--------------------------------------------------------------------------------------------------------------------------------------
Val GTT   1   0   1   2   2   3 | Ala GCT   6   5   6   6   6   6 | Asp GAT   3   4   4   4   4   4 | Gly GGT   3   2   3   3   3   3
    GTC   4   6   5   4   4   3 |     GCC   1   2   1   1   1   1 |     GAC   2   1   1   1   1   1 |     GGC   0   2   0   0   0   0
    GTA   2   3   2   2   2   2 |     GCA   3   2   3   3   3   3 | Glu GAA   5   5   5   4   5   5 |     GGA   2   2   2   2   2   2
    GTG   3   1   2   2   2   2 |     GCG   0   1   0   0   0   0 |     GAG   2   2   2   3   2   2 |     GGG   1   0   1   1   1   1
--------------------------------------------------------------------------------------------------------------------------------------

--------------------------------------------------------------------------------------------------------------------------------------
Phe TTT   0   0   0   0   0   0 | Ser TCT   5   5   4   4   5   4 | Tyr TAT   0   0   0   0   0   0 | Cys TGT   0   0   0   0   0   0
    TTC   3   3   3   3   3   3 |     TCC   1   1   2   2   1   2 |     TAC   0   0   0   0   0   0 |     TGC   1   1   1   1   1   1
Leu TTA   1   1   0   1   1   1 |     TCA   1   1   1   1   1   1 | *** TAA   0   0   0   0   0   0 | *** TGA   0   0   0   0   0   0
    TTG   2   2   2   2   2   2 |     TCG   0   0   0   0   0   0 |     TAG   0   0   0   0   0   0 | Trp TGG   2   2   2   2   2   2
--------------------------------------------------------------------------------------------------------------------------------------
Leu CTT   4   4   4   4   3   5 | Pro CCT   3   2   2   2   3   3 | His CAT   1   1   1   1   1   1 | Arg CGT   1   1   1   1   1   1
    CTC   2   2   2   2   3   2 |     CCC   2   3   3   3   2   2 |     CAC   1   1   1   1   1   1 |     CGC   0   0   0   0   0   0
    CTA   1   1   2   1   1   1 |     CCA   4   4   4   4   4   5 | Gln CAA   7   7   7   7   7   8 |     CGA   1   0   1   1   1   1
    CTG   1   1   1   1   1   0 |     CCG   1   1   1   1   1   0 |     CAG   3   3   3   3   3   2 |     CGG   0   0   0   0   0   0
--------------------------------------------------------------------------------------------------------------------------------------
Ile ATT   5   5   5   5   5   4 | Thr ACT   0   0   0   0   0   0 | Asn AAT   3   3   3   3   3   3 | Ser AGT   4   4   4   4   5   4
    ATC   1   1   1   1   1   1 |     ACC   3   3   3   3   3   3 |     AAC   3   3   3   3   3   3 |     AGC   1   1   1   1   0   1
    ATA   1   1   1   1   1   2 |     ACA   7   7   7   6   7   7 | Lys AAA   5   5   5   5   5   5 | Arg AGA   1   2   1   1   1   1
Met ATG   2   2   2   2   2   2 |     ACG   0   0   0   1   0   0 |     AAG   4   4   4   4   4   4 |     AGG   1   1   1   1   1   1
--------------------------------------------------------------------------------------------------------------------------------------
Val GTT   1   1   1   1   1   1 | Ala GCT   6   6   6   6   6   6 | Asp GAT   4   3   4   4   4   3 | Gly GGT   3   3   3   3   3   3
    GTC   5   4   5   5   5   5 |     GCC   1   1   1   1   1   1 |     GAC   1   2   1   1   1   2 |     GGC   0   0   0   0   0   0
    GTA   2   2   2   2   2   2 |     GCA   3   3   3   3   3   3 | Glu GAA   5   5   5   5   5   5 |     GGA   2   2   2   2   2   1
    GTG   2   3   2   2   2   2 |     GCG   0   0   0   0   0   0 |     GAG   2   2   2   2   2   2 |     GGG   1   1   1   1   1   2
--------------------------------------------------------------------------------------------------------------------------------------

--------------------------------------------------------------------------------------------------------------------------------------
Phe TTT   0   0   0   0   0   0 | Ser TCT   5   5   5   4   4   4 | Tyr TAT   0   0   0   0   0   0 | Cys TGT   0   0   0   0   0   0
    TTC   3   3   3   3   3   3 |     TCC   1   1   1   2   2   2 |     TAC   0   0   0   0   0   0 |     TGC   1   1   1   1   1   1
Leu TTA   1   1   1   0   1   1 |     TCA   1   1   1   1   1   1 | *** TAA   0   0   0   0   0   0 | *** TGA   0   0   0   0   0   0
    TTG   2   2   2   2   2   2 |     TCG   0   0   0   0   0   0 |     TAG   0   0   0   0   0   0 | Trp TGG   2   2   2   2   2   2
--------------------------------------------------------------------------------------------------------------------------------------
Leu CTT   4   4   3   4   4   4 | Pro CCT   2   2   2   2   2   2 | His CAT   1   1   2   1   1   0 | Arg CGT   1   1   1   1   1   1
    CTC   2   2   3   2   2   2 |     CCC   3   3   3   3   3   4 |     CAC   1   1   0   1   1   2 |     CGC   0   0   0   0   0   0
    CTA   1   1   1   2   1   1 |     CCA   4   4   4   4   4   4 | Gln CAA   7   7   7   7   7   7 |     CGA   0   1   1   1   1   1
    CTG   1   1   1   1   1   1 |     CCG   1   1   1   1   1   0 |     CAG   3   3   3   3   3   3 |     CGG   0   0   0   0   0   0
--------------------------------------------------------------------------------------------------------------------------------------
Ile ATT   5   5   5   5   5   4 | Thr ACT   0   0   0   0   0   0 | Asn AAT   3   3   4   3   3   3 | Ser AGT   4   4   4   4   4   3
    ATC   1   1   1   1   1   2 |     ACC   3   3   2   3   3   3 |     AAC   3   3   2   3   3   3 |     AGC   1   1   1   1   1   2
    ATA   1   1   1   1   1   1 |     ACA   7   7   7   7   7   6 | Lys AAA   5   5   5   5   5   5 | Arg AGA   2   1   1   1   1   1
Met ATG   2   2   2   2   2   2 |     ACG   0   0   0   0   0   1 |     AAG   4   4   4   4   4   4 |     AGG   1   1   1   1   1   1
--------------------------------------------------------------------------------------------------------------------------------------
Val GTT   1   1   1   1   2   1 | Ala GCT   6   6   6   6   6   6 | Asp GAT   3   4   4   4   4   4 | Gly GGT   3   3   3   3   2   3
    GTC   4   5   5   5   4   5 |     GCC   1   1   2   1   1   1 |     GAC   2   1   1   1   1   1 |     GGC   0   0   0   0   1   0
    GTA   2   2   2   2   2   2 |     GCA   3   3   3   3   3   3 | Glu GAA   5   5   3   5   4   5 |     GGA   2   2   2   2   2   2
    GTG   3   2   2   2   2   2 |     GCG   0   0   0   0   0   0 |     GAG   2   2   4   2   3   2 |     GGG   1   1   1   1   1   1
--------------------------------------------------------------------------------------------------------------------------------------

--------------------------------------------------------------------------------------------------------------------------------------
Phe TTT   1   0   0   0   0   0 | Ser TCT   3   3   5   5   4   5 | Tyr TAT   0   0   0   0   0   0 | Cys TGT   0   0   0   0   0   0
    TTC   2   3   3   3   3   3 |     TCC   3   3   1   1   2   1 |     TAC   0   0   0   0   0   0 |     TGC   1   1   1   1   1   1
Leu TTA   1   1   1   1   0   1 |     TCA   1   1   1   1   1   1 | *** TAA   0   0   0   0   0   0 | *** TGA   0   0   0   0   0   0
    TTG   2   2   2   2   2   2 |     TCG   0   0   0   0   0   0 |     TAG   0   0   0   0   0   0 | Trp TGG   2   2   2   2   2   2
--------------------------------------------------------------------------------------------------------------------------------------
Leu CTT   5   5   4   3   4   4 | Pro CCT   2   3   2   3   2   2 | His CAT   1   1   1   1   1   1 | Arg CGT   1   1   1   1   0   1
    CTC   2   2   2   3   2   2 |     CCC   3   2   3   2   3   3 |     CAC   1   1   1   1   1   1 |     CGC   0   0   0   0   1   0
    CTA   1   1   1   1   1   1 |     CCA   4   4   4   4   4   4 | Gln CAA   8   8   7   7   7   7 |     CGA   1   1   1   1   1   0
    CTG   0   0   1   1   2   1 |     CCG   1   1   1   1   1   1 |     CAG   2   2   3   3   3   3 |     CGG   0   0   0   0   0   0
--------------------------------------------------------------------------------------------------------------------------------------
Ile ATT   5   5   5   5   5   5 | Thr ACT   0   0   0   0   0   0 | Asn AAT   3   3   3   3   3   3 | Ser AGT   4   4   4   5   4   4
    ATC   1   1   1   1   1   1 |     ACC   3   3   3   3   3   3 |     AAC   3   3   3   3   3   3 |     AGC   1   1   1   0   1   1
    ATA   1   1   1   1   1   1 |     ACA   7   7   7   7   5   7 | Lys AAA   6   5   5   5   5   5 | Arg AGA   1   1   1   1   1   2
Met ATG   2   2   2   2   2   2 |     ACG   0   0   0   0   2   0 |     AAG   3   4   4   4   4   4 |     AGG   1   1   1   1   1   1
--------------------------------------------------------------------------------------------------------------------------------------
Val GTT   1   2   1   1   1   1 | Ala GCT   6   6   6   6   6   6 | Asp GAT   4   4   4   4   4   3 | Gly GGT   3   3   3   3   1   3
    GTC   5   4   4   5   5   4 |     GCC   1   1   1   1   1   1 |     GAC   1   1   1   1   1   2 |     GGC   0   0   0   0   2   0
    GTA   2   2   2   2   2   2 |     GCA   3   3   3   3   3   3 | Glu GAA   5   5   5   5   5   5 |     GGA   2   2   2   2   2   2
    GTG   2   2   3   2   2   3 |     GCG   0   0   0   0   0   0 |     GAG   2   2   2   2   2   2 |     GGG   1   1   1   1   1   1
--------------------------------------------------------------------------------------------------------------------------------------

--------------------------------------------------------------------------------------------------------------------------------------
Phe TTT   0   0   0   0   0   0 | Ser TCT   3   4   5   5   5   5 | Tyr TAT   0   0   0   0   0   0 | Cys TGT   0   0   0   0   0   0
    TTC   3   3   3   3   3   3 |     TCC   3   2   1   1   1   1 |     TAC   0   0   0   0   0   0 |     TGC   1   1   1   1   1   1
Leu TTA   1   1   1   1   1   1 |     TCA   1   1   1   1   1   1 | *** TAA   0   0   0   0   0   0 | *** TGA   0   0   0   0   0   0
    TTG   2   2   2   2   2   2 |     TCG   0   0   0   0   0   0 |     TAG   0   0   0   0   0   0 | Trp TGG   2   2   2   2   2   2
--------------------------------------------------------------------------------------------------------------------------------------
Leu CTT   5   4   4   4   4   3 | Pro CCT   3   3   2   3   2   3 | His CAT   1   1   1   0   2   1 | Arg CGT   1   1   1   0   1   1
    CTC   2   2   2   2   2   3 |     CCC   2   2   3   3   3   2 |     CAC   1   1   1   2   0   1 |     CGC   0   0   0   1   0   0
    CTA   1   1   1   1   1   1 |     CCA   4   4   4   3   4   4 | Gln CAA   8   8   7   7   8   7 |     CGA   1   1   0   1   1   1
    CTG   0   1   1   1   1   1 |     CCG   1   1   1   1   1   1 |     CAG   2   2   3   3   2   3 |     CGG   0   0   0   0   0   0
--------------------------------------------------------------------------------------------------------------------------------------
Ile ATT   5   5   5   4   5   5 | Thr ACT   0   0   0   0   0   0 | Asn AAT   4   4   3   3   4   3 | Ser AGT   3   4   4   3   4   5
    ATC   1   1   1   2   1   1 |     ACC   3   3   3   3   3   3 |     AAC   2   2   3   3   2   3 |     AGC   2   1   1   2   1   0
    ATA   1   1   1   1   1   1 |     ACA   5   7   7   6   7   7 | Lys AAA   5   5   5   5   5   5 | Arg AGA   1   1   2   1   1   1
Met ATG   2   2   2   2   2   2 |     ACG   2   0   0   1   0   0 |     AAG   4   4   4   4   4   4 |     AGG   1   1   1   1   1   1
--------------------------------------------------------------------------------------------------------------------------------------
Val GTT   0   1   1   1   1   1 | Ala GCT   6   6   6   6   6   6 | Asp GAT   3   4   3   4   4   4 | Gly GGT   2   3   3   3   3   3
    GTC   6   5   4   6   5   5 |     GCC   1   1   1   1   1   1 |     GAC   2   1   2   1   1   1 |     GGC   1   0   0   0   0   0
    GTA   2   2   2   1   2   2 |     GCA   3   3   3   3   3   3 | Glu GAA   5   5   5   5   5   5 |     GGA   1   1   2   2   2   2
    GTG   2   2   3   2   2   2 |     GCG   0   0   0   0   0   0 |     GAG   2   2   2   2   2   2 |     GGG   2   2   1   1   1   1
--------------------------------------------------------------------------------------------------------------------------------------

--------------------------------------------------------------------------------------------------------------------------------------
Phe TTT   0   0   0   0   0   0 | Ser TCT   4   5   4   4   3   5 | Tyr TAT   0   0   0   0   0   0 | Cys TGT   0   0   0   0   0   0
    TTC   3   3   3   3   3   3 |     TCC   2   1   2   2   3   1 |     TAC   0   0   0   0   0   0 |     TGC   1   1   1   1   1   1
Leu TTA   1   1   1   0   0   1 |     TCA   1   1   1   1   1   1 | *** TAA   0   0   0   0   0   0 | *** TGA   0   0   0   0   0   0
    TTG   2   2   2   2   2   2 |     TCG   0   0   0   0   0   0 |     TAG   0   0   0   0   0   0 | Trp TGG   2   2   2   2   2   2
--------------------------------------------------------------------------------------------------------------------------------------
Leu CTT   4   3   5   4   3   4 | Pro CCT   2   3   3   2   2   2 | His CAT   1   1   1   1   1   1 | Arg CGT   0   1   1   1   1   1
    CTC   2   3   2   2   2   2 |     CCC   3   2   2   3   3   3 |     CAC   1   1   1   1   1   1 |     CGC   1   0   0   0   0   0
    CTA   1   1   1   2   2   1 |     CCA   4   4   5   4   4   4 | Gln CAA   7   7   8   7   7   7 |     CGA   1   1   1   1   1   1
    CTG   1   1   0   1   2   1 |     CCG   1   1   0   1   1   1 |     CAG   3   3   2   3   3   3 |     CGG   0   0   0   0   0   0
--------------------------------------------------------------------------------------------------------------------------------------
Ile ATT   4   5   4   5   4   5 | Thr ACT   0   0   0   0   0   0 | Asn AAT   1   3   4   3   4   4 | Ser AGT   3   5   4   4   3   4
    ATC   2   1   1   1   1   1 |     ACC   3   3   3   3   3   3 |     AAC   5   3   2   3   3   2 |     AGC   2   0   1   1   1   1
    ATA   1   1   2   1   1   1 |     ACA   6   7   7   7   7   7 | Lys AAA   4   5   5   5   5   5 | Arg AGA   2   1   1   1   1   1
Met ATG   1   2   2   2   2   2 |     ACG   1   0   0   0   0   0 |     AAG   4   4   4   4   4   4 |     AGG   1   1   1   1   1   1
--------------------------------------------------------------------------------------------------------------------------------------
Val GTT   2   1   1   1   2   1 | Ala GCT   6   6   6   6   6   6 | Asp GAT   3   4   3   4   4   4 | Gly GGT   3   3   3   3   2   3
    GTC   4   5   5   5   3   5 |     GCC   1   1   1   1   1   1 |     GAC   2   1   2   1   1   1 |     GGC   0   0   0   0   2   0
    GTA   2   2   2   2   2   2 |     GCA   3   3   3   3   3   3 | Glu GAA   4   5   5   5   5   5 |     GGA   2   2   1   2   1   2
    GTG   3   2   2   2   4   2 |     GCG   0   0   0   0   0   0 |     GAG   3   2   2   2   2   2 |     GGG   1   1   2   1   1   1
--------------------------------------------------------------------------------------------------------------------------------------

--------------------------------------------------------------------------------------------------------------------------------------
Phe TTT   0   0   0   0   0   0 | Ser TCT   6   5   5   5   4   4 | Tyr TAT   0   0   0   0   0   0 | Cys TGT   0   0   0   0   0   0
    TTC   3   3   3   3   3   3 |     TCC   0   1   1   1   2   2 |     TAC   0   0   0   0   0   0 |     TGC   1   1   1   1   1   1
Leu TTA   1   1   1   1   1   1 |     TCA   1   1   1   1   1   1 | *** TAA   0   0   0   0   0   0 | *** TGA   0   0   0   0   0   0
    TTG   2   2   2   2   2   2 |     TCG   0   0   0   0   0   0 |     TAG   0   0   0   0   0   0 | Trp TGG   2   2   2   2   2   2
--------------------------------------------------------------------------------------------------------------------------------------
Leu CTT   4   4   4   4   3   4 | Pro CCT   3   2   2   2   2   3 | His CAT   1   1   1   1   1   1 | Arg CGT   1   1   1   1   1   1
    CTC   2   2   2   2   3   2 |     CCC   2   3   3   3   3   2 |     CAC   1   1   1   1   1   1 |     CGC   0   0   0   0   0   0
    CTA   1   1   1   1   1   1 |     CCA   5   4   4   4   4   4 | Gln CAA   7   7   7   7   6   8 |     CGA   1   1   0   1   1   1
    CTG   1   1   1   1   1   1 |     CCG   0   1   1   1   1   1 |     CAG   3   3   3   3   4   2 |     CGG   0   0   0   0   0   0
--------------------------------------------------------------------------------------------------------------------------------------
Ile ATT   5   5   5   5   4   4 | Thr ACT   0   0   0   0   0   0 | Asn AAT   4   3   3   3   3   4 | Ser AGT   4   4   4   4   3   4
    ATC   1   1   1   1   2   1 |     ACC   3   3   3   3   3   3 |     AAC   2   3   3   3   3   2 |     AGC   1   1   1   1   2   1
    ATA   1   1   1   1   1   1 |     ACA   7   7   7   7   6   7 | Lys AAA   5   5   5   5   5   5 | Arg AGA   1   1   2   1   1   1
Met ATG   2   2   2   2   2   2 |     ACG   0   0   0   0   1   0 |     AAG   4   4   4   4   4   4 |     AGG   1   1   1   1   1   1
--------------------------------------------------------------------------------------------------------------------------------------
Val GTT   1   1   1   1   1   2 | Ala GCT   6   6   6   6   6   6 | Asp GAT   4   4   3   4   4   2 | Gly GGT   3   3   3   3   3   3
    GTC   5   5   4   5   5   5 |     GCC   1   1   1   1   1   1 |     GAC   1   1   2   1   1   3 |     GGC   0   0   0   0   0   0
    GTA   2   2   2   2   2   2 |     GCA   3   3   3   3   3   2 | Glu GAA   5   5   5   5   5   4 |     GGA   2   2   2   2   2   1
    GTG   2   2   3   2   2   2 |     GCG   0   0   0   0   0   1 |     GAG   2   2   2   2   2   3 |     GGG   1   1   1   1   1   2
--------------------------------------------------------------------------------------------------------------------------------------

--------------------------------------------------------------------------------------------------------------------------------------
Phe TTT   0   0   0   0   0   0 | Ser TCT   3   4   4   5   5   4 | Tyr TAT   0   0   0   0   0   0 | Cys TGT   0   0   0   0   0   0
    TTC   3   3   3   3   3   3 |     TCC   3   2   2   1   1   2 |     TAC   0   0   0   0   0   0 |     TGC   1   1   1   1   1   1
Leu TTA   1   1   1   1   1   1 |     TCA   1   1   1   1   1   1 | *** TAA   0   0   0   0   0   0 | *** TGA   0   0   0   0   0   0
    TTG   2   2   2   2   2   2 |     TCG   0   0   0   0   0   0 |     TAG   0   0   0   0   0   0 | Trp TGG   2   2   2   2   2   2
--------------------------------------------------------------------------------------------------------------------------------------
Leu CTT   5   4   5   4   4   4 | Pro CCT   3   3   3   3   2   2 | His CAT   1   0   1   1   1   1 | Arg CGT   1   0   1   1   1   1
    CTC   2   2   2   2   2   2 |     CCC   2   3   2   2   3   3 |     CAC   1   2   1   1   1   1 |     CGC   0   1   0   0   0   0
    CTA   1   1   1   1   1   1 |     CCA   4   3   4   4   4   4 | Gln CAA   6   7   8   8   7   7 |     CGA   1   1   1   1   1   1
    CTG   0   1   0   1   1   1 |     CCG   1   1   1   1   1   1 |     CAG   4   3   2   2   3   3 |     CGG   0   0   0   0   0   0
--------------------------------------------------------------------------------------------------------------------------------------
Ile ATT   5   4   5   5   5   5 | Thr ACT   0   0   0   0   0   0 | Asn AAT   3   3   3   4   3   3 | Ser AGT   3   3   4   4   4   4
    ATC   1   2   1   1   1   1 |     ACC   3   3   3   3   3   3 |     AAC   3   3   3   2   3   3 |     AGC   2   2   1   1   1   1
    ATA   1   1   1   1   1   1 |     ACA   6   6   7   7   7   7 | Lys AAA   5   5   5   5   5   5 | Arg AGA   1   1   1   1   1   1
Met ATG   2   2   2   2   2   2 |     ACG   1   1   0   0   0   0 |     AAG   4   4   4   4   4   4 |     AGG   1   1   1   1   1   1
--------------------------------------------------------------------------------------------------------------------------------------
Val GTT   0   1   1   1   1   1 | Ala GCT   6   6   6   6   6   6 | Asp GAT   3   4   4   4   4   4 | Gly GGT   2   3   3   3   3   2
    GTC   6   6   5   5   5   5 |     GCC   1   1   1   1   1   1 |     GAC   2   1   1   1   1   1 |     GGC   1   0   0   0   0   1
    GTA   2   1   2   2   2   2 |     GCA   3   3   3   3   3   2 | Glu GAA   5   5   5   5   5   5 |     GGA   1   2   1   1   2   2
    GTG   2   2   2   2   2   2 |     GCG   0   0   0   0   0   1 |     GAG   2   2   2   2   2   2 |     GGG   2   1   2   2   1   1
--------------------------------------------------------------------------------------------------------------------------------------

--------------------------------------------------------------------------------------------------------------------------------------
Phe TTT   0   0   0   0   0   0 | Ser TCT   5   4   4   5   5   5 | Tyr TAT   0   0   0   0   0   0 | Cys TGT   0   0   0   0   0   0
    TTC   3   3   3   3   3   3 |     TCC   1   2   2   1   1   1 |     TAC   0   0   0   0   0   0 |     TGC   1   1   1   1   1   1
Leu TTA   1   1   1   1   1   1 |     TCA   1   1   1   1   1   1 | *** TAA   0   0   0   0   0   0 | *** TGA   0   0   0   0   0   0
    TTG   2   2   2   2   2   2 |     TCG   0   0   0   0   0   0 |     TAG   0   0   0   0   0   0 | Trp TGG   2   2   2   2   2   2
--------------------------------------------------------------------------------------------------------------------------------------
Leu CTT   4   4   4   5   3   3 | Pro CCT   2   2   3   2   3   3 | His CAT   1   1   1   1   1   1 | Arg CGT   1   1   1   1   1   1
    CTC   2   2   2   2   3   3 |     CCC   3   3   2   3   2   2 |     CAC   1   1   1   1   1   1 |     CGC   0   0   0   0   0   0
    CTA   1   1   1   1   1   1 |     CCA   4   4   4   4   4   4 | Gln CAA   7   7   7   7   7   7 |     CGA   1   0   1   1   1   1
    CTG   1   1   1   0   1   1 |     CCG   1   1   1   1   1   1 |     CAG   3   3   3   3   3   3 |     CGG   0   0   0   0   0   0
--------------------------------------------------------------------------------------------------------------------------------------
Ile ATT   5   5   5   5   5   5 | Thr ACT   0   0   0   0   0   0 | Asn AAT   3   3   3   3   3   3 | Ser AGT   4   4   4   4   5   5
    ATC   1   1   1   1   1   1 |     ACC   3   3   3   3   3   3 |     AAC   3   3   3   3   3   3 |     AGC   1   1   1   1   0   0
    ATA   1   1   1   1   1   1 |     ACA   7   7   7   7   7   7 | Lys AAA   5   5   5   5   5   5 | Arg AGA   1   2   1   1   1   1
Met ATG   2   2   2   2   2   2 |     ACG   0   0   0   0   0   0 |     AAG   4   4   4   4   4   4 |     AGG   1   1   1   1   1   1
--------------------------------------------------------------------------------------------------------------------------------------
Val GTT   1   1   1   2   1   1 | Ala GCT   6   6   6   6   6   6 | Asp GAT   5   4   4   4   4   4 | Gly GGT   3   3   3   3   3   3
    GTC   5   5   5   4   5   4 |     GCC   1   1   1   1   1   1 |     GAC   0   1   1   1   1   1 |     GGC   0   0   0   0   0   0
    GTA   2   2   2   2   2   3 |     GCA   3   3   3   3   3   3 | Glu GAA   5   5   5   4   5   5 |     GGA   2   2   2   2   2   2
    GTG   2   2   2   2   2   2 |     GCG   0   0   0   0   0   0 |     GAG   2   2   2   3   2   2 |     GGG   1   1   1   1   1   1
--------------------------------------------------------------------------------------------------------------------------------------

Codon position x base (3x4) table for each sequence.

#1: Argali         
position  1:    T:0.12598    C:0.24409    A:0.33071    G:0.29921
position  2:    T:0.25984    C:0.29134    A:0.30709    G:0.14173
position  3:    T:0.29921    C:0.20472    A:0.32283    G:0.17323
Average         T:0.22835    C:0.24672    A:0.32021    G:0.20472

#2: LesserMouseDeer
position  1:    T:0.12598    C:0.25197    A:0.32283    G:0.29921
position  2:    T:0.25984    C:0.29134    A:0.30709    G:0.14173
position  3:    T:0.28346    C:0.23622    A:0.32283    G:0.15748
Average         T:0.22310    C:0.25984    A:0.31759    G:0.19948

#3: LesserKudu     
position  1:    T:0.12598    C:0.25197    A:0.32283    G:0.29921
position  2:    T:0.25984    C:0.29134    A:0.30709    G:0.14173
position  3:    T:0.31496    C:0.19685    A:0.32283    G:0.16535
Average         T:0.23360    C:0.24672    A:0.31759    G:0.20210

#4: ForestMuskDeer2
position  1:    T:0.12598    C:0.25197    A:0.32283    G:0.29921
position  2:    T:0.25984    C:0.29134    A:0.30709    G:0.14173
position  3:    T:0.32283    C:0.19685    A:0.31496    G:0.16535
Average         T:0.23622    C:0.24672    A:0.31496    G:0.20210

#5: Camel          
position  1:    T:0.11811    C:0.25984    A:0.32283    G:0.29921
position  2:    T:0.25984    C:0.29134    A:0.31496    G:0.13386
position  3:    T:0.31496    C:0.18110    A:0.35433    G:0.14961
Average         T:0.23097    C:0.24409    A:0.33071    G:0.19423

#6: KillerWhale    
position  1:    T:0.12598    C:0.25197    A:0.32283    G:0.29921
position  2:    T:0.25984    C:0.29134    A:0.30709    G:0.14173
position  3:    T:0.33071    C:0.16535    A:0.33858    G:0.16535
Average         T:0.23885    C:0.23622    A:0.32283    G:0.20210

#7: DefassaWaterbuck
position  1:    T:0.12598    C:0.25197    A:0.32283    G:0.29921
position  2:    T:0.25984    C:0.29134    A:0.30709    G:0.14173
position  3:    T:0.31496    C:0.19685    A:0.32283    G:0.16535
Average         T:0.23360    C:0.24672    A:0.31759    G:0.20210

#8: Sheep          
position  1:    T:0.12598    C:0.24409    A:0.33071    G:0.29921
position  2:    T:0.25984    C:0.29134    A:0.30709    G:0.14173
position  3:    T:0.29921    C:0.20472    A:0.32283    G:0.17323
Average         T:0.22835    C:0.24672    A:0.32021    G:0.20472

#9: MaxwellsDuiker 
position  1:    T:0.11811    C:0.25984    A:0.32283    G:0.29921
position  2:    T:0.25984    C:0.29134    A:0.30709    G:0.14173
position  3:    T:0.29921    C:0.21260    A:0.32283    G:0.16535
Average         T:0.22572    C:0.25459    A:0.31759    G:0.20210

#10: GazellaPrzewalskyi
position  1:    T:0.12598    C:0.25197    A:0.32283    G:0.29921
position  2:    T:0.25984    C:0.29134    A:0.30709    G:0.14173
position  3:    T:0.29921    C:0.21260    A:0.31496    G:0.17323
Average         T:0.22835    C:0.25197    A:0.31496    G:0.20472

#11: MountainNyala  
position  1:    T:0.12598    C:0.25197    A:0.32283    G:0.29921
position  2:    T:0.25984    C:0.29134    A:0.30709    G:0.14173
position  3:    T:0.31496    C:0.19685    A:0.32283    G:0.16535
Average         T:0.23360    C:0.24672    A:0.31759    G:0.20210

#12: MuntiacusMuntjak
position  1:    T:0.12598    C:0.25197    A:0.32283    G:0.29921
position  2:    T:0.25984    C:0.29134    A:0.30709    G:0.14173
position  3:    T:0.29921    C:0.21260    A:0.33858    G:0.14961
Average         T:0.22835    C:0.25197    A:0.32283    G:0.19685

#13: goat           
position  1:    T:0.12598    C:0.24409    A:0.33071    G:0.29921
position  2:    T:0.25984    C:0.29134    A:0.30709    G:0.14173
position  3:    T:0.29921    C:0.20472    A:0.32283    G:0.17323
Average         T:0.22835    C:0.24672    A:0.32021    G:0.20472

#14: AfricanBuffalo 
position  1:    T:0.12598    C:0.25197    A:0.32283    G:0.29921
position  2:    T:0.25984    C:0.29134    A:0.30709    G:0.14173
position  3:    T:0.30709    C:0.20472    A:0.32283    G:0.16535
Average         T:0.23097    C:0.24934    A:0.31759    G:0.20210

#15: Topi           
position  1:    T:0.12598    C:0.25197    A:0.31496    G:0.30709
position  2:    T:0.25984    C:0.29134    A:0.30709    G:0.14173
position  3:    T:0.31496    C:0.19685    A:0.30709    G:0.18110
Average         T:0.23360    C:0.24672    A:0.30971    G:0.20997

#16: CommonDuiker   
position  1:    T:0.11811    C:0.25984    A:0.32283    G:0.29921
position  2:    T:0.25984    C:0.29134    A:0.30709    G:0.14173
position  3:    T:0.29921    C:0.21260    A:0.32283    G:0.16535
Average         T:0.22572    C:0.25459    A:0.31759    G:0.20210

#17: Suni           
position  1:    T:0.12598    C:0.25197    A:0.32283    G:0.29921
position  2:    T:0.25984    C:0.29134    A:0.30709    G:0.14173
position  3:    T:0.29921    C:0.21260    A:0.31496    G:0.17323
Average         T:0.22835    C:0.25197    A:0.31496    G:0.20472

#18: Springbuck     
position  1:    T:0.12598    C:0.25197    A:0.32283    G:0.29921
position  2:    T:0.25984    C:0.29134    A:0.30709    G:0.14173
position  3:    T:0.27559    C:0.24409    A:0.31496    G:0.16535
Average         T:0.22047    C:0.26247    A:0.31496    G:0.20210

#19: Okapi          
position  1:    T:0.12598    C:0.25197    A:0.32283    G:0.29921
position  2:    T:0.25984    C:0.29134    A:0.30709    G:0.14173
position  3:    T:0.30709    C:0.21260    A:0.33858    G:0.14173
Average         T:0.23097    C:0.25197    A:0.32283    G:0.19423

#20: Giraffe        
position  1:    T:0.12598    C:0.25197    A:0.32283    G:0.29921
position  2:    T:0.25984    C:0.29134    A:0.30709    G:0.14173
position  3:    T:0.31496    C:0.20472    A:0.33071    G:0.14961
Average         T:0.23360    C:0.24934    A:0.32021    G:0.19685

#21: TibetanAntelope
position  1:    T:0.12598    C:0.25197    A:0.32283    G:0.29921
position  2:    T:0.25984    C:0.29134    A:0.30709    G:0.14173
position  3:    T:0.30709    C:0.19685    A:0.32283    G:0.17323
Average         T:0.23097    C:0.24672    A:0.31759    G:0.20472

#22: Sitatunga      
position  1:    T:0.12598    C:0.25197    A:0.32283    G:0.29921
position  2:    T:0.25984    C:0.29134    A:0.30709    G:0.14173
position  3:    T:0.31496    C:0.19685    A:0.32283    G:0.16535
Average         T:0.23360    C:0.24672    A:0.31759    G:0.20210

#23: Oribi          
position  1:    T:0.11811    C:0.25984    A:0.32283    G:0.29921
position  2:    T:0.25984    C:0.29134    A:0.30709    G:0.14173
position  3:    T:0.27559    C:0.23622    A:0.29921    G:0.18898
Average         T:0.21785    C:0.26247    A:0.30971    G:0.20997

#24: BarbarySheep   
position  1:    T:0.12598    C:0.24409    A:0.33071    G:0.29921
position  2:    T:0.25984    C:0.29134    A:0.30709    G:0.14173
position  3:    T:0.29921    C:0.20472    A:0.32283    G:0.17323
Average         T:0.22835    C:0.24672    A:0.32021    G:0.20472

#25: Daviddeer      
position  1:    T:0.12598    C:0.25197    A:0.32283    G:0.29921
position  2:    T:0.25984    C:0.29134    A:0.30709    G:0.14173
position  3:    T:0.28346    C:0.23622    A:0.30709    G:0.17323
Average         T:0.22310    C:0.25984    A:0.31234    G:0.20472

#26: Reindeer       
position  1:    T:0.12598    C:0.25197    A:0.32283    G:0.29921
position  2:    T:0.25984    C:0.29134    A:0.30709    G:0.14173
position  3:    T:0.31496    C:0.19685    A:0.32283    G:0.16535
Average         T:0.23360    C:0.24672    A:0.31759    G:0.20210

#27: Ibex           
position  1:    T:0.12598    C:0.24409    A:0.33071    G:0.29921
position  2:    T:0.25984    C:0.29134    A:0.30709    G:0.14173
position  3:    T:0.29921    C:0.20472    A:0.32283    G:0.17323
Average         T:0.22835    C:0.24672    A:0.32021    G:0.20472

#28: GyrantGazelle  
position  1:    T:0.12598    C:0.25197    A:0.32283    G:0.29921
position  2:    T:0.25984    C:0.29134    A:0.30709    G:0.14173
position  3:    T:0.28346    C:0.24409    A:0.29921    G:0.17323
Average         T:0.22310    C:0.26247    A:0.30971    G:0.20472

#29: Hartebeest     
position  1:    T:0.12598    C:0.25197    A:0.32283    G:0.29921
position  2:    T:0.25984    C:0.29134    A:0.30709    G:0.14173
position  3:    T:0.32283    C:0.18898    A:0.33071    G:0.15748
Average         T:0.23622    C:0.24409    A:0.32021    G:0.19948

#30: Bongo          
position  1:    T:0.12598    C:0.25197    A:0.32283    G:0.29921
position  2:    T:0.25984    C:0.29134    A:0.30709    G:0.14173
position  3:    T:0.31496    C:0.19685    A:0.32283    G:0.16535
Average         T:0.23360    C:0.24672    A:0.31759    G:0.20210

#31: Gerenuk        
position  1:    T:0.12598    C:0.25197    A:0.31496    G:0.30709
position  2:    T:0.25984    C:0.29134    A:0.29921    G:0.14961
position  3:    T:0.25984    C:0.25197    A:0.30709    G:0.18110
Average         T:0.21522    C:0.26509    A:0.30709    G:0.21260

#32: CommonEland    
position  1:    T:0.12598    C:0.25197    A:0.32283    G:0.29921
position  2:    T:0.25984    C:0.29134    A:0.30709    G:0.14173
position  3:    T:0.31496    C:0.19685    A:0.32283    G:0.16535
Average         T:0.23360    C:0.24672    A:0.31759    G:0.20210

#33: MuntiacusReevesi
position  1:    T:0.12598    C:0.25197    A:0.32283    G:0.29921
position  2:    T:0.25984    C:0.29134    A:0.30709    G:0.14173
position  3:    T:0.30709    C:0.20472    A:0.33858    G:0.14961
Average         T:0.23097    C:0.24934    A:0.32283    G:0.19685

#34: HarveysDuiker  
position  1:    T:0.11811    C:0.25984    A:0.32283    G:0.29921
position  2:    T:0.25984    C:0.29134    A:0.30709    G:0.14173
position  3:    T:0.29921    C:0.21260    A:0.32283    G:0.16535
Average         T:0.22572    C:0.25459    A:0.31759    G:0.20210

#35: Pronghorn      
position  1:    T:0.11811    C:0.25984    A:0.31496    G:0.30709
position  2:    T:0.25984    C:0.29134    A:0.31496    G:0.13386
position  3:    T:0.27559    C:0.22047    A:0.31496    G:0.18898
Average         T:0.21785    C:0.25722    A:0.31496    G:0.20997

#36: BlueWildebeest 
position  1:    T:0.12598    C:0.25197    A:0.32283    G:0.29921
position  2:    T:0.25984    C:0.29134    A:0.30709    G:0.14173
position  3:    T:0.31496    C:0.19685    A:0.32283    G:0.16535
Average         T:0.23360    C:0.24672    A:0.31759    G:0.20210

#37: Gemsbok        
position  1:    T:0.12598    C:0.25197    A:0.32283    G:0.29921
position  2:    T:0.25984    C:0.29134    A:0.30709    G:0.14173
position  3:    T:0.33071    C:0.18110    A:0.33071    G:0.15748
Average         T:0.23885    C:0.24147    A:0.32021    G:0.19948

#38: Yak            
position  1:    T:0.12598    C:0.25197    A:0.32283    G:0.29921
position  2:    T:0.25984    C:0.29134    A:0.30709    G:0.14173
position  3:    T:0.30709    C:0.20472    A:0.32283    G:0.16535
Average         T:0.23097    C:0.24934    A:0.31759    G:0.20210

#39: BlueSheep      
position  1:    T:0.12598    C:0.24409    A:0.33071    G:0.29921
position  2:    T:0.25984    C:0.29134    A:0.30709    G:0.14173
position  3:    T:0.29921    C:0.20472    A:0.32283    G:0.17323
Average         T:0.22835    C:0.24672    A:0.32021    G:0.20472

#40: BohorReedbuck  
position  1:    T:0.12598    C:0.25197    A:0.32283    G:0.29921
position  2:    T:0.25984    C:0.29134    A:0.30709    G:0.14173
position  3:    T:0.30709    C:0.20472    A:0.32283    G:0.16535
Average         T:0.23097    C:0.24934    A:0.31759    G:0.20210

#41: KirksDik       
position  1:    T:0.12598    C:0.25197    A:0.32283    G:0.29921
position  2:    T:0.25984    C:0.29134    A:0.30709    G:0.14173
position  3:    T:0.27559    C:0.23622    A:0.30709    G:0.18110
Average         T:0.22047    C:0.25984    A:0.31234    G:0.20735

#42: RoeDeer        
position  1:    T:0.12598    C:0.25197    A:0.31496    G:0.30709
position  2:    T:0.25984    C:0.29134    A:0.30709    G:0.14173
position  3:    T:0.29921    C:0.21260    A:0.30709    G:0.18110
Average         T:0.22835    C:0.25197    A:0.30971    G:0.20997

#43: WhiteLippedDeer
position  1:    T:0.12598    C:0.25197    A:0.32283    G:0.29921
position  2:    T:0.25984    C:0.29134    A:0.30709    G:0.14173
position  3:    T:0.27559    C:0.24409    A:0.29921    G:0.18110
Average         T:0.22047    C:0.26247    A:0.30971    G:0.20735

#44: ThomsonGazelle 
position  1:    T:0.12598    C:0.25197    A:0.32283    G:0.29921
position  2:    T:0.25984    C:0.29134    A:0.30709    G:0.14173
position  3:    T:0.27559    C:0.25197    A:0.29921    G:0.17323
Average         T:0.22047    C:0.26509    A:0.30971    G:0.20472

#45: MuntiacusCrinifrons
position  1:    T:0.12598    C:0.25197    A:0.32283    G:0.29921
position  2:    T:0.25984    C:0.29134    A:0.30709    G:0.14173
position  3:    T:0.31496    C:0.20472    A:0.32283    G:0.15748
Average         T:0.23360    C:0.24934    A:0.31759    G:0.19948

#46: WhiteTailedDeer
position  1:    T:0.12598    C:0.25197    A:0.32283    G:0.29921
position  2:    T:0.25984    C:0.29134    A:0.30709    G:0.14173
position  3:    T:0.32283    C:0.18898    A:0.32283    G:0.16535
Average         T:0.23622    C:0.24409    A:0.31759    G:0.20210

#47: Cattle         
position  1:    T:0.12598    C:0.25197    A:0.32283    G:0.29921
position  2:    T:0.25984    C:0.29134    A:0.30709    G:0.14173
position  3:    T:0.30709    C:0.20472    A:0.32283    G:0.16535
Average         T:0.23097    C:0.24934    A:0.31759    G:0.20210

#48: RoyalAntelope  
position  1:    T:0.12598    C:0.25197    A:0.32283    G:0.29921
position  2:    T:0.25984    C:0.29134    A:0.30709    G:0.14173
position  3:    T:0.29134    C:0.22047    A:0.31496    G:0.17323
Average         T:0.22572    C:0.25459    A:0.31496    G:0.20472

#49: Steenbok       
position  1:    T:0.12598    C:0.25197    A:0.32283    G:0.29921
position  2:    T:0.25984    C:0.29134    A:0.30709    G:0.14173
position  3:    T:0.31496    C:0.19685    A:0.32283    G:0.16535
Average         T:0.23360    C:0.24672    A:0.31759    G:0.20210

#50: Impala         
position  1:    T:0.12598    C:0.24409    A:0.33071    G:0.29921
position  2:    T:0.25984    C:0.29134    A:0.30709    G:0.14173
position  3:    T:0.29921    C:0.21260    A:0.32283    G:0.16535
Average         T:0.22835    C:0.24934    A:0.32021    G:0.20210

#51: Klipspringer   
position  1:    T:0.12598    C:0.25197    A:0.32283    G:0.29921
position  2:    T:0.25984    C:0.29134    A:0.30709    G:0.14173
