1
52 1
Argali 0.000000 0.273100 0.102200 0.222200 0.096600 0.000000 0.087400 0.064800 0.095300 0.163300 0.014200 0.094600 0.078900 0.072300 0.085800 0.079900 0.143700 0.127000 0.027900 0.095700 0.089000 0.028200 0.130700 0.119600 0.014100 0.087300 0.063700 0.095700 0.079700 0.087400 0.173100 0.072500 0.141700 0.063500 0.071000 0.064800 0.014200 0.081700 0.086400 0.148300 0.122500 0.072700 0.149000 0.128600 0.071900 0.110600 0.086500 0.080200 0.057000 0.160200 0.094800 0.094300
LesserMous 0.273100 0.000000 0.285400 0.270900 0.322000 0.273100 0.279100 0.270400 0.306300 0.344600 0.295300 0.257600 0.277800 0.289900 0.305000 0.299000 0.268700 0.267400 0.281200 0.307900 0.324400 0.308700 0.306400 0.302000 0.295300 0.298400 0.257600 0.308000 0.307600 0.296200 0.377900 0.272600 0.286000 0.239100 0.267500 0.280000 0.293900 0.305000 0.295400 0.318700 0.295300 0.300300 0.349800 0.321200 0.269600 0.347700 0.295600 0.269500 0.306800 0.319700 0.286100 0.306000
LesserKudu 0.102200 0.285400 0.000000 0.223900 0.142300 0.102200 0.108600 0.108700 0.020400 0.166200 0.103100 0.069900 0.107800 0.101100 0.098800 0.124300 0.131600 0.115500 0.086300 0.034600 0.134300 0.101200 0.134200 0.124700 0.103100 0.131900 0.092100 0.020600 0.124000 0.041200 0.175600 0.101500 0.147100 0.092000 0.114800 0.063400 0.102700 0.127300 0.115200 0.151400 0.126300 0.117100 0.152100 0.132400 0.070400 0.156100 0.115400 0.101400 0.115900 0.164700 0.006700 0.048600
KillerWhal 0.222200 0.270900 0.223900 0.000000 0.270200 0.222200 0.226800 0.237200 0.234600 0.252300 0.233600 0.208000 0.217500 0.238000 0.233900 0.246600 0.209800 0.209000 0.211900 0.215800 0.260000 0.238200 0.216100 0.230000 0.233600 0.246500 0.207700 0.235700 0.237000 0.243000 0.282600 0.220400 0.234000 0.190200 0.234500 0.211400 0.242000 0.253600 0.225600 0.246600 0.225600 0.248000 0.255800 0.249600 0.219200 0.294400 0.225300 0.208300 0.255000 0.296400 0.215700 0.228500
DefassaWat 0.096600 0.322000 0.142300 0.270200 0.000000 0.096600 0.111200 0.119100 0.135500 0.190500 0.097600 0.134400 0.109800 0.111300 0.108600 0.135200 0.169900 0.169100 0.080500 0.119800 0.145900 0.095600 0.173900 0.178300 0.097600 0.127000 0.101600 0.136200 0.134800 0.143100 0.200300 0.111600 0.150700 0.101400 0.094000 0.103400 0.097200 0.028700 0.109900 0.183400 0.165300 0.112100 0.193700 0.170900 0.110700 0.143100 0.125700 0.135800 0.110400 0.221800 0.134700 0.150800
Sheep 0.000000 0.273100 0.102200 0.222200 0.096600 0.000000 0.087400 0.064800 0.095300 0.163300 0.014100 0.094600 0.078900 0.072300 0.085800 0.079900 0.143700 0.127000 0.028200 0.095700 0.089000 0.028200 0.130700 0.119600 0.014000 0.087300 0.063700 0.095700 0.079700 0.087400 0.173100 0.072500 0.141700 0.063500 0.071000 0.064800 0.014200 0.081700 0.086400 0.148300 0.122500 0.072700 0.149000 0.128600 0.071900 0.110600 0.086500 0.080200 0.057000 0.160200 0.094800 0.094300
MaxwellsDu 0.087400 0.279100 0.108600 0.226800 0.111200 0.087400 0.000000 0.094100 0.101800 0.186400 0.088300 0.086000 0.070800 0.056400 0.086000 0.109500 0.133300 0.117900 0.071800 0.086800 0.103600 0.086600 0.153600 0.142200 0.088300 0.101700 0.063200 0.102300 0.109300 0.109100 0.196400 0.056700 0.147900 0.077600 0.085200 0.079000 0.087900 0.096300 0.085500 0.171600 0.145300 0.087100 0.172100 0.134900 0.086100 0.125200 0.085700 0.094300 0.086000 0.173500 0.101300 0.116000
GazellaPrz 0.064800 0.270400 0.108700 0.237200 0.119100 0.064800 0.094100 0.000000 0.101900 0.170000 0.065400 0.101100 0.070700 0.078900 0.091700 0.042300 0.150300 0.133600 0.064300 0.102300 0.050300 0.064200 0.121100 0.142400 0.065400 0.049500 0.055800 0.102400 0.042200 0.079000 0.179800 0.064300 0.148300 0.055700 0.077700 0.071400 0.065100 0.104200 0.048900 0.138300 0.129300 0.035300 0.155800 0.135200 0.063800 0.101700 0.049000 0.086900 0.078500 0.134300 0.101400 0.100800
MountainNy 0.095300 0.306300 0.020400 0.234600 0.135500 0.095300 0.101800 0.101900 0.000000 0.159100 0.096200 0.063100 0.100900 0.094300 0.107300 0.102100 0.124700 0.108600 0.079400 0.027800 0.111600 0.094300 0.127200 0.133600 0.096200 0.109600 0.085300 0.013800 0.101800 0.033900 0.168600 0.094600 0.140100 0.085200 0.108000 0.056600 0.095700 0.120400 0.093300 0.144400 0.119400 0.094900 0.145100 0.125500 0.063600 0.133400 0.093400 0.109900 0.109000 0.157700 0.013600 0.041800
MuntiacusM 0.163300 0.344600 0.166200 0.252300 0.190500 0.163300 0.186400 0.170000 0.159100 0.000000 0.156300 0.133500 0.168200 0.178200 0.200800 0.186900 0.151800 0.151100 0.161800 0.160100 0.190400 0.161600 0.057900 0.087300 0.156300 0.178400 0.150500 0.160100 0.169700 0.150700 0.035700 0.162000 0.166900 0.134200 0.159200 0.135800 0.155700 0.174500 0.176100 0.058200 0.050500 0.179500 0.051000 0.071900 0.143300 0.230500 0.193400 0.162200 0.177800 0.196100 0.158400 0.141200
goat 0.014200 0.295300 0.103100 0.233600 0.097600 0.014100 0.088300 0.065400 0.096200 0.156300 0.000000 0.095500 0.079700 0.072900 0.086600 0.080600 0.145100 0.128200 0.028500 0.096600 0.073800 0.028500 0.123500 0.137200 0.000000 0.088200 0.064300 0.096700 0.080500 0.088200 0.166000 0.065500 0.143100 0.064100 0.071600 0.065400 0.014300 0.082600 0.087200 0.149900 0.115400 0.073500 0.141900 0.129900 0.072600 0.111700 0.087300 0.081000 0.057600 0.161800 0.095700 0.095200
AfricanBuf 0.094600 0.257600 0.069900 0.208000 0.134400 0.094600 0.086000 0.101100 0.063100 0.133500 0.095500 0.000000 0.085300 0.078600 0.091400 0.116600 0.100600 0.085100 0.078800 0.078000 0.126500 0.093600 0.102500 0.101600 0.095500 0.108800 0.070100 0.063400 0.116400 0.084800 0.142400 0.093900 0.115600 0.070000 0.077500 0.041800 0.095000 0.119500 0.107600 0.103300 0.094900 0.109400 0.119600 0.086100 0.048800 0.148200 0.107800 0.078900 0.093200 0.140600 0.062800 0.076700
Topi 0.078900 0.277800 0.107800 0.217500 0.109800 0.078900 0.070800 0.070700 0.100900 0.168200 0.079700 0.085300 0.000000 0.078100 0.076100 0.085700 0.117400 0.101500 0.063600 0.093700 0.079500 0.078200 0.135800 0.140900 0.079700 0.063500 0.013600 0.101400 0.085500 0.078200 0.177800 0.049200 0.131000 0.041200 0.048300 0.070700 0.079300 0.095100 0.077300 0.153300 0.127800 0.063800 0.154000 0.133900 0.063100 0.116100 0.062900 0.086100 0.092700 0.149100 0.100500 0.084800
CommonDuik 0.072300 0.289900 0.101100 0.238000 0.111300 0.072300 0.056400 0.078900 0.094300 0.178200 0.072900 0.078600 0.078100 0.000000 0.071100 0.094100 0.141400 0.125800 0.057000 0.094700 0.095500 0.056800 0.145600 0.126400 0.072900 0.101600 0.063100 0.094700 0.093900 0.101600 0.188300 0.049300 0.139900 0.063000 0.070400 0.064100 0.072600 0.088600 0.070700 0.146600 0.137300 0.087000 0.164000 0.111200 0.071200 0.125100 0.085600 0.094400 0.085900 0.173600 0.093800 0.108200
Suni 0.085800 0.305000 0.098800 0.233900 0.108600 0.085800 0.086000 0.091700 0.107300 0.200800 0.086600 0.091400 0.076100 0.071100 0.000000 0.107400 0.140100 0.123800 0.070100 0.107400 0.101400 0.084700 0.159300 0.130800 0.086600 0.099900 0.061200 0.107600 0.107000 0.114800 0.193200 0.071300 0.136900 0.075700 0.067800 0.077000 0.085600 0.110300 0.083600 0.160500 0.151000 0.084900 0.178400 0.140700 0.084200 0.108900 0.083300 0.093800 0.100300 0.189200 0.091400 0.121400
Springbuck 0.079900 0.299000 0.124300 0.246600 0.135200 0.079900 0.109500 0.042300 0.102100 0.186900 0.080600 0.116600 0.085700 0.094100 0.107400 0.000000 0.167000 0.149900 0.079300 0.118000 0.050400 0.079100 0.154000 0.158800 0.080600 0.049500 0.070400 0.118100 0.028000 0.094200 0.197000 0.079300 0.165100 0.070300 0.092600 0.086500 0.080300 0.120100 0.049000 0.154200 0.145700 0.035400 0.172800 0.151600 0.078600 0.117200 0.049100 0.102200 0.093500 0.166900 0.116900 0.117100
Okapi 0.143700 0.268700 0.131600 0.209800 0.169900 0.143700 0.133300 0.150300 0.124700 0.151800 0.145100 0.100600 0.117400 0.141400 0.140100 0.167000 0.000000 0.013500 0.118800 0.125300 0.161400 0.142300 0.119900 0.151100 0.145100 0.142400 0.101300 0.125300 0.166600 0.132200 0.178000 0.126000 0.124300 0.116400 0.109200 0.102100 0.144500 0.154200 0.157000 0.153600 0.128100 0.143200 0.154200 0.134200 0.109300 0.183800 0.141100 0.142700 0.149200 0.182200 0.124100 0.123300
Giraffe 0.127000 0.267400 0.115500 0.209000 0.169100 0.127000 0.117900 0.133600 0.108600 0.151100 0.128200 0.085100 0.101500 0.125800 0.123800 0.149900 0.013500 0.000000 0.102700 0.109100 0.144300 0.125800 0.119500 0.134200 0.128200 0.125800 0.085700 0.109100 0.149500 0.116000 0.160500 0.110600 0.123600 0.100500 0.108500 0.086500 0.127700 0.153500 0.140100 0.136500 0.111600 0.126600 0.137100 0.117800 0.093600 0.166400 0.124600 0.126200 0.132600 0.166100 0.108100 0.107300
TibetanAnt 0.027900 0.281200 0.086300 0.211900 0.080500 0.028200 0.071800 0.064300 0.079400 0.161800 0.028500 0.078800 0.063600 0.057000 0.070100 0.079300 0.118800 0.102700 0.000000 0.079800 0.088200 0.028000 0.129500 0.134700 0.028500 0.086700 0.048800 0.079800 0.079100 0.086700 0.171500 0.057200 0.116700 0.048700 0.056000 0.049600 0.028400 0.065800 0.071000 0.147000 0.121400 0.072200 0.147700 0.127500 0.056700 0.094300 0.071000 0.079600 0.056500 0.158900 0.079000 0.093500
Sitatunga 0.095700 0.307900 0.034600 0.215800 0.119800 0.095700 0.086800 0.102300 0.027800 0.160100 0.096600 0.078000 0.093700 0.094700 0.107400 0.118000 0.125300 0.109100 0.079800 0.000000 0.128000 0.094800 0.127900 0.134100 0.096600 0.125700 0.085700 0.027900 0.117700 0.034700 0.169400 0.095000 0.124200 0.085500 0.108500 0.056800 0.096200 0.104900 0.108900 0.145100 0.120000 0.110700 0.145900 0.110400 0.063900 0.150000 0.109000 0.110500 0.109600 0.158500 0.027600 0.042000
Oribi 0.089000 0.324400 0.134300 0.260000 0.145900 0.089000 0.103600 0.050300 0.111600 0.190400 0.073800 0.126500 0.079500 0.095500 0.101400 0.050400 0.161400 0.144300 0.088200 0.128000 0.000000 0.088100 0.156600 0.170000 0.073800 0.043000 0.064100 0.126900 0.050300 0.103500 0.200600 0.057500 0.176100 0.078800 0.084700 0.095600 0.089500 0.130500 0.057100 0.184000 0.148200 0.028700 0.176000 0.162700 0.087500 0.111500 0.042600 0.111900 0.102900 0.177000 0.126800 0.126700
BarbaryShe 0.028200 0.308700 0.101200 0.238200 0.095600 0.028200 0.086600 0.064200 0.094300 0.161600 0.028500 0.093600 0.078200 0.056800 0.084700 0.079100 0.142300 0.125800 0.028000 0.094800 0.088100 0.000000 0.129300 0.134400 0.028500 0.086500 0.063100 0.094800 0.078900 0.086500 0.171200 0.071800 0.140200 0.063000 0.070300 0.071000 0.028400 0.073300 0.085600 0.146700 0.121200 0.072000 0.147400 0.127300 0.078000 0.109400 0.085600 0.079400 0.056400 0.142100 0.093900 0.093100
Daviddeer 0.130700 0.306400 0.134200 0.216100 0.173900 0.130700 0.153600 0.121100 0.127200 0.057900 0.123500 0.102500 0.135800 0.145600 0.159300 0.154000 0.119900 0.119500 0.129500 0.127900 0.156600 0.129300 0.000000 0.057500 0.123500 0.145600 0.118900 0.127900 0.153600 0.119000 0.065800 0.129500 0.152100 0.118600 0.143100 0.104400 0.131400 0.157900 0.160200 0.043600 0.021300 0.146600 0.043800 0.042700 0.111800 0.196000 0.160400 0.129700 0.144800 0.154200 0.126600 0.109800
Reindeer 0.119600 0.302000 0.124700 0.230000 0.178300 0.119600 0.142200 0.142400 0.133600 0.087300 0.137200 0.101600 0.140900 0.126400 0.130800 0.158800 0.151100 0.134200 0.134700 0.134100 0.170000 0.134400 0.057500 0.000000 0.137200 0.150400 0.124200 0.134200 0.158400 0.125400 0.095600 0.151100 0.167100 0.124000 0.132200 0.109800 0.136400 0.162700 0.156700 0.058000 0.050200 0.151400 0.073300 0.035100 0.117100 0.217100 0.165100 0.111100 0.149700 0.159300 0.117200 0.116100
Ibex 0.014100 0.295300 0.103100 0.233600 0.097600 0.014000 0.088300 0.065400 0.096200 0.156300 0.000000 0.095500 0.079700 0.072900 0.086600 0.080600 0.145100 0.128200 0.028500 0.096600 0.073800 0.028500 0.123500 0.137200 0.000000 0.088200 0.064300 0.096700 0.080500 0.088200 0.166000 0.065500 0.143100 0.064100 0.071600 0.065400 0.014300 0.082600 0.087200 0.149900 0.115400 0.073500 0.141900 0.129900 0.072600 0.111700 0.087300 0.081000 0.057600 0.161800 0.095700 0.095200
GyrantGaze 0.087300 0.298400 0.131900 0.246500 0.127000 0.087300 0.101700 0.049500 0.109600 0.178400 0.088200 0.108800 0.063500 0.101600 0.099900 0.049500 0.142400 0.125800 0.086700 0.125700 0.043000 0.086500 0.145600 0.150400 0.088200 0.000000 0.048700 0.125700 0.049400 0.101700 0.188300 0.071800 0.148400 0.062900 0.070400 0.093900 0.087800 0.112100 0.056100 0.154600 0.137400 0.014000 0.164200 0.143300 0.086000 0.109400 0.041900 0.094500 0.101000 0.158500 0.124500 0.108900
Hartebeest 0.063700 0.257600 0.092100 0.207700 0.101600 0.063700 0.063200 0.055800 0.085300 0.150500 0.064300 0.070100 0.013600 0.063100 0.061200 0.070400 0.101300 0.085700 0.048800 0.085700 0.064100 0.063100 0.118900 0.124200 0.064300 0.048700 0.000000 0.085700 0.070300 0.063100 0.159700 0.034700 0.114500 0.027000 0.034100 0.055800 0.064000 0.087000 0.062400 0.135900 0.111100 0.049000 0.136400 0.117200 0.048500 0.100100 0.048300 0.070700 0.077200 0.132100 0.084900 0.069500
Bongo 0.095700 0.308000 0.020600 0.235700 0.136200 0.095700 0.102300 0.102400 0.013800 0.160100 0.096700 0.063400 0.101400 0.094700 0.107600 0.118100 0.125300 0.109100 0.079800 0.027900 0.126900 0.094800 0.127900 0.134200 0.096700 0.125700 0.085700 0.000000 0.117800 0.034700 0.169500 0.093300 0.140800 0.085500 0.108500 0.056800 0.096200 0.121000 0.108900 0.145200 0.120000 0.110800 0.145900 0.126100 0.063900 0.150100 0.109100 0.110500 0.109600 0.158500 0.013700 0.042000
Gerenuk 0.079700 0.307600 0.124000 0.237000 0.134800 0.079700 0.109300 0.042200 0.101800 0.169700 0.080500 0.116400 0.085500 0.093900 0.107000 0.028000 0.166600 0.149500 0.079100 0.117700 0.050300 0.078900 0.153600 0.158400 0.080500 0.049400 0.070300 0.117800 0.000000 0.094000 0.196700 0.079100 0.163500 0.055700 0.092500 0.086300 0.080100 0.119800 0.034700 0.154700 0.145400 0.035300 0.172400 0.151300 0.078500 0.117000 0.049000 0.102000 0.093400 0.166600 0.116600 0.116300
CommonElan 0.087400 0.296200 0.041200 0.243000 0.143100 0.087400 0.109100 0.079000 0.033900 0.150700 0.088200 0.084800 0.078200 0.101600 0.114800 0.094200 0.132200 0.116000 0.086700 0.034700 0.103500 0.086500 0.119000 0.125400 0.088200 0.101700 0.063100 0.034700 0.094000 0.000000 0.159900 0.086800 0.147800 0.077600 0.100200 0.063700 0.087800 0.128000 0.100500 0.135900 0.111300 0.087000 0.136600 0.117400 0.056200 0.157000 0.100700 0.102000 0.101200 0.133400 0.034300 0.020600
MuntiacusR 0.173100 0.377900 0.175600 0.282600 0.200300 0.173100 0.196400 0.179800 0.168600 0.035700 0.166000 0.142400 0.177800 0.188300 0.193200 0.197000 0.178000 0.160500 0.171500 0.169400 0.200600 0.171200 0.065800 0.095600 0.166000 0.188300 0.159700 0.169500 0.196700 0.159900 0.000000 0.171700 0.176100 0.159400 0.185300 0.145000 0.165300 0.202300 0.185400 0.081500 0.058300 0.189600 0.058800 0.080000 0.152500 0.241200 0.203400 0.171800 0.187600 0.206200 0.167700 0.150500
HarveysDui 0.072500 0.272600 0.101500 0.220400 0.111600 0.072500 0.056700 0.064300 0.094600 0.162000 0.065500 0.093900 0.049200 0.049300 0.071300 0.079300 0.126000 0.110600 0.057200 0.095000 0.057500 0.071800 0.129500 0.151100 0.065500 0.071800 0.034700 0.093300 0.079100 0.086800 0.171700 0.000000 0.140100 0.048800 0.056100 0.064300 0.072900 0.096700 0.071000 0.164100 0.121400 0.057400 0.147700 0.143900 0.056700 0.110100 0.056500 0.094800 0.086300 0.157000 0.094100 0.108100
Pronghorn 0.141700 0.286000 0.147100 0.234000 0.150700 0.141700 0.147900 0.148300 0.140100 0.166900 0.143100 0.115600 0.131000 0.139900 0.136900 0.165100 0.124300 0.123600 0.116700 0.124200 0.176100 0.140200 0.152100 0.167100 0.143100 0.148400 0.114500 0.140800 0.163500 0.147800 0.176100 0.140100 0.000000 0.114300 0.122200 0.117200 0.142600 0.152100 0.138300 0.168700 0.144100 0.157300 0.170000 0.134000 0.124500 0.181800 0.154900 0.140300 0.153900 0.208100 0.139500 0.138800
BlueWildeb 0.063500 0.239100 0.092000 0.190200 0.101400 0.063500 0.077600 0.055700 0.085200 0.134200 0.064100 0.070000 0.041200 0.063000 0.075700 0.070300 0.116400 0.100500 0.048700 0.085500 0.078800 0.063000 0.118600 0.124000 0.064100 0.062900 0.027000 0.085500 0.055700 0.077600 0.159400 0.048800 0.114300 0.000000 0.047900 0.055700 0.063800 0.086900 0.048200 0.119600 0.110900 0.063300 0.136200 0.117000 0.048400 0.115000 0.062400 0.070600 0.077100 0.131800 0.084800 0.084300
Gemsbok 0.071000 0.267500 0.114800 0.234500 0.094000 0.071000 0.085200 0.077700 0.108000 0.159200 0.071600 0.077500 0.048300 0.070400 0.067800 0.092600 0.109200 0.108500 0.056000 0.108500 0.084700 0.070300 0.143100 0.132200 0.071600 0.070400 0.034100 0.108500 0.092500 0.100200 0.185300 0.056100 0.122200 0.047900 0.000000 0.077600 0.071300 0.079500 0.084200 0.144300 0.135100 0.070800 0.161500 0.125300 0.070000 0.107700 0.069800 0.093100 0.084600 0.156200 0.107500 0.106800
Yak 0.064800 0.280000 0.063400 0.211400 0.103400 0.064800 0.079000 0.071400 0.056600 0.135800 0.065400 0.041800 0.070700 0.064100 0.077000 0.086500 0.102100 0.086500 0.049600 0.056800 0.095600 0.071000 0.104400 0.109800 0.065400 0.093900 0.055800 0.056800 0.086300 0.063700 0.145000 0.064300 0.117200 0.055700 0.077600 0.000000 0.065100 0.088600 0.078000 0.121100 0.096600 0.079400 0.121700 0.102800 0.006800 0.117200 0.078100 0.071800 0.078400 0.133300 0.056300 0.069600
BlueSheep 0.014200 0.293900 0.102700 0.242000 0.097200 0.014200 0.087900 0.065100 0.095700 0.155700 0.014300 0.095000 0.079300 0.072600 0.085600 0.080300 0.144500 0.127700 0.028400 0.096200 0.089500 0.028400 0.131400 0.136400 0.014300 0.087800 0.064000 0.096200 0.080100 0.087800 0.165300 0.072900 0.142600 0.063800 0.071300 0.065100 0.000000 0.082200 0.086800 0.149200 0.123200 0.073100 0.150000 0.129300 0.072200 0.103200 0.086900 0.080600 0.057300 0.161100 0.095300 0.094400
BohorReedb 0.081700 0.305000 0.127300 0.253600 0.028700 0.081700 0.096300 0.104200 0.120400 0.174500 0.082600 0.119500 0.095100 0.088600 0.110300 0.120100 0.154200 0.153500 0.065800 0.104900 0.130500 0.073300 0.157900 0.162700 0.082600 0.112100 0.087000 0.121000 0.119800 0.128000 0.202300 0.096700 0.152100 0.086900 0.079500 0.088600 0.082200 0.000000 0.110800 0.167300 0.149400 0.097000 0.177400 0.155200 0.095800 0.128000 0.110900 0.120600 0.095700 0.205700 0.119700 0.135700
KirksDik 0.086400 0.295400 0.115200 0.225600 0.109900 0.086400 0.085500 0.048900 0.093300 0.176100 0.087200 0.107600 0.077300 0.070700 0.083600 0.049000 0.157000 0.140100 0.071000 0.108900 0.057100 0.085600 0.160200 0.156700 0.087200 0.056100 0.062400 0.108900 0.034700 0.100500 0.185400 0.071000 0.138300 0.048200 0.084200 0.078000 0.086800 0.110800 0.000000 0.161300 0.151900 0.042100 0.178800 0.141400 0.070400 0.108100 0.041400 0.108600 0.099900 0.173000 0.107900 0.122900
RoeDeer 0.148300 0.318700 0.151400 0.246600 0.183400 0.148300 0.171600 0.138300 0.144400 0.058200 0.149900 0.103300 0.153300 0.146600 0.160500 0.154200 0.153600 0.136500 0.147000 0.145100 0.184000 0.146700 0.043600 0.058000 0.149900 0.154600 0.135900 0.145200 0.154700 0.135900 0.081500 0.164100 0.168700 0.119600 0.144300 0.121100 0.149200 0.167300 0.161300 0.000000 0.051100 0.155600 0.066800 0.043000 0.128600 0.215200 0.178400 0.147300 0.162600 0.163900 0.143700 0.126500
WhiteLippe 0.122500 0.295300 0.126300 0.225600 0.165300 0.122500 0.145300 0.129300 0.119400 0.050500 0.115400 0.094900 0.127800 0.137300 0.151000 0.145700 0.128100 0.111600 0.121400 0.120000 0.148200 0.121200 0.021300 0.050200 0.115400 0.137400 0.111100 0.120000 0.145400 0.111300 0.058300 0.121400 0.144100 0.110900 0.135100 0.096600 0.123200 0.149400 0.151900 0.051100 0.000000 0.138300 0.036400 0.035400 0.104000 0.204900 0.152200 0.121700 0.136700 0.153500 0.118800 0.101900
ThomsonGaz 0.072700 0.300300 0.117100 0.248000 0.112100 0.072700 0.087100 0.035300 0.094900 0.179500 0.073500 0.109400 0.063800 0.087000 0.084900 0.035400 0.143200 0.126600 0.072200 0.110700 0.028700 0.072000 0.146600 0.151400 0.073500 0.014000 0.049000 0.110800 0.035300 0.087000 0.189600 0.057400 0.157300 0.063300 0.070800 0.079400 0.073100 0.097000 0.042100 0.155600 0.138300 0.000000 0.165300 0.144200 0.071600 0.094700 0.027900 0.095000 0.086500 0.159500 0.109700 0.109400
MuntiacusC 0.149000 0.349800 0.152100 0.255800 0.193700 0.149000 0.172100 0.155800 0.145100 0.051000 0.141900 0.119600 0.154000 0.164000 0.178400 0.172800 0.154200 0.137100 0.147700 0.145900 0.176000 0.147400 0.043800 0.073300 0.141900 0.164200 0.136400 0.145900 0.172400 0.136600 0.058800 0.147700 0.170000 0.136200 0.161500 0.121700 0.150000 0.177400 0.178800 0.066800 0.036400 0.165300 0.000000 0.058000 0.129200 0.234500 0.179300 0.147800 0.163500 0.181700 0.144400 0.127200
WhiteTaile 0.128600 0.321200 0.132400 0.249600 0.170900 0.128600 0.134900 0.135200 0.125500 0.071900 0.129900 0.086100 0.133900 0.111200 0.140700 0.151600 0.134200 0.117800 0.127500 0.110400 0.162700 0.127300 0.042700 0.035100 0.129900 0.143300 0.117200 0.126100 0.151300 0.117400 0.080000 0.143900 0.134000 0.117000 0.125300 0.102800 0.129300 0.155200 0.141400 0.043000 0.035400 0.144200 0.058000 0.000000 0.110100 0.210000 0.158000 0.127700 0.142600 0.168500 0.124900 0.108400
Cattle 0.071900 0.269600 0.070400 0.219200 0.110700 0.071900 0.086100 0.063800 0.063600 0.143300 0.072600 0.048800 0.063100 0.071200 0.084200 0.078600 0.109300 0.093600 0.056700 0.063900 0.087500 0.078000 0.111800 0.117100 0.072600 0.086000 0.048500 0.063900 0.078500 0.056200 0.152500 0.056700 0.124500 0.048400 0.070000 0.006800 0.072200 0.095800 0.070400 0.128600 0.104000 0.071600 0.129200 0.110100 0.000000 0.124400 0.070500 0.079000 0.085500 0.124900 0.063300 0.076900
RoyalAntel 0.110600 0.347700 0.156100 0.294400 0.143100 0.110600 0.125200 0.101700 0.133400 0.230500 0.111700 0.148200 0.116100 0.125100 0.108900 0.117200 0.183800 0.166400 0.094300 0.150000 0.111500 0.109400 0.196000 0.217100 0.111700 0.109400 0.100100 0.150100 0.117000 0.157000 0.241200 0.110100 0.181800 0.115000 0.107700 0.117200 0.103200 0.128000 0.108100 0.215200 0.204900 0.094700 0.234500 0.210000 0.124400 0.000000 0.093200 0.149600 0.124300 0.218200 0.148600 0.164500
Steenbok 0.086500 0.295600 0.115400 0.225300 0.125700 0.086500 0.085700 0.049000 0.093400 0.193400 0.087300 0.107800 0.062900 0.085600 0.083300 0.049100 0.141100 0.124600 0.071000 0.109000 0.042600 0.085600 0.160400 0.165100 0.087300 0.041900 0.048300 0.109100 0.049000 0.100700 0.203400 0.056500 0.154900 0.062400 0.069800 0.078100 0.086900 0.110900 0.041400 0.178400 0.152200 0.027900 0.179300 0.158000 0.070500 0.093200 0.000000 0.108800 0.100000 0.173300 0.108000 0.123100
Impala 0.080200 0.269500 0.101400 0.208300 0.135800 0.080200 0.094300 0.086900 0.109900 0.162200 0.081000 0.078900 0.086100 0.094400 0.093800 0.102200 0.142700 0.126200 0.079600 0.110500 0.111900 0.079400 0.129700 0.111100 0.081000 0.094500 0.070700 0.110500 0.102000 0.102000 0.171800 0.094800 0.140300 0.070600 0.093100 0.071800 0.080600 0.120600 0.108600 0.147300 0.121700 0.095000 0.147800 0.127700 0.079000 0.149600 0.108800 0.000000 0.094000 0.151100 0.094100 0.092900
Klipspring 0.057000 0.306800 0.115900 0.255000 0.110400 0.057000 0.086000 0.078500 0.109000 0.177800 0.057600 0.093200 0.092700 0.085900 0.100300 0.093500 0.149200 0.132600 0.056500 0.109600 0.102900 0.056400 0.144800 0.149700 0.057600 0.101000 0.077200 0.109600 0.093400 0.101200 0.187600 0.086300 0.153900 0.077100 0.084600 0.078400 0.057300 0.095700 0.099900 0.162600 0.136700 0.086500 0.163500 0.142600 0.085500 0.124300 0.100000 0.094000 0.000000 0.157400 0.108500 0.107700
ForestMusk 0.160200 0.319700 0.164700 0.296400 0.221800 0.160200 0.173500 0.134300 0.157700 0.196100 0.161800 0.140600 0.149100 0.173600 0.189200 0.166900 0.182200 0.166100 0.158900 0.158500 0.177000 0.142100 0.154200 0.159300 0.161800 0.158500 0.132100 0.158500 0.166600 0.133400 0.206200 0.157000 0.208100 0.131800 0.156200 0.133300 0.161100 0.205700 0.173000 0.163900 0.153500 0.159500 0.181700 0.168500 0.124900 0.218200 0.173300 0.151100 0.157400 0.000000 0.157000 0.140500
Bushbuck 0.094800 0.286100 0.006700 0.215700 0.134700 0.094800 0.101300 0.101400 0.013600 0.158400 0.095700 0.062800 0.100500 0.093800 0.091400 0.116900 0.124100 0.108100 0.079000 0.027600 0.126800 0.093900 0.126600 0.117200 0.095700 0.124500 0.084900 0.013700 0.116600 0.034300 0.167700 0.094100 0.139500 0.084800 0.107500 0.056300 0.095300 0.119700 0.107900 0.143700 0.118800 0.109700 0.144400 0.124900 0.063300 0.148600 0.108000 0.094100 0.108500 0.157000 0.000000 0.041600
GreaterKud 0.094300 0.306000 0.048600 0.228500 0.150800 0.094300 0.116000 0.100800 0.041800 0.141200 0.095200 0.076700 0.084800 0.108200 0.121400 0.117100 0.123300 0.107300 0.093500 0.042000 0.126700 0.093100 0.109800 0.116100 0.095200 0.108900 0.069500 0.042000 0.116300 0.020600 0.150500 0.108100 0.138800 0.084300 0.106800 0.069600 0.094400 0.135700 0.122900 0.126500 0.101900 0.109400 0.127200 0.108400 0.076900 0.164500 0.123100 0.092900 0.107700 0.140500 0.041600 0.000000
