1
52 1
Argali 0.000000 0.271000 0.096200 0.243800 0.048900 0.004800 0.074700 0.059500 0.086000 0.128500 0.000000 0.079900 0.038900 0.074500 0.065000 0.069200 0.112000 0.090300 0.054400 0.085700 0.064800 0.014400 0.096200 0.085200 0.000000 0.069700 0.038900 0.079900 0.079600 0.091400 0.122700 0.054400 0.121200 0.033900 0.069300 0.095800 0.009600 0.048900 0.064900 0.090800 0.112500 0.079700 0.127600 0.096400 0.085500 0.084300 0.080300 0.064400 0.064900 0.096300 0.095400 0.075300
LesserMous 0.271000 0.000000 0.227300 0.280500 0.268400 0.263900 0.288300 0.230700 0.247500 0.232900 0.271000 0.251100 0.243000 0.288100 0.264700 0.241400 0.231000 0.219300 0.257900 0.246400 0.275400 0.263900 0.239100 0.202100 0.271000 0.255100 0.243000 0.214300 0.260500 0.241400 0.238200 0.264700 0.211400 0.249100 0.261600 0.231700 0.282200 0.261800 0.256800 0.232700 0.245200 0.253900 0.231600 0.215300 0.245200 0.274000 0.231000 0.241300 0.244300 0.227300 0.257800 0.234300
LesserKudu 0.096200 0.227300 0.000000 0.231400 0.100700 0.090700 0.100900 0.096100 0.029200 0.144300 0.096200 0.074400 0.084800 0.122200 0.091200 0.095400 0.139000 0.127300 0.101400 0.039000 0.101700 0.090600 0.122700 0.122200 0.096200 0.095900 0.084800 0.024000 0.116900 0.034200 0.138400 0.090700 0.137100 0.083700 0.084700 0.079700 0.095600 0.100600 0.091100 0.128000 0.139300 0.106200 0.143400 0.117500 0.080000 0.126000 0.096200 0.112000 0.112600 0.111900 0.034000 0.028500
KillerWhal 0.243800 0.280500 0.231400 0.000000 0.216300 0.237000 0.266500 0.237000 0.244800 0.222400 0.243800 0.242000 0.204600 0.273600 0.250200 0.254400 0.185800 0.210300 0.218200 0.256400 0.263000 0.230700 0.210900 0.168800 0.243800 0.242200 0.204600 0.236200 0.267700 0.258100 0.203600 0.231100 0.196700 0.222700 0.235000 0.236400 0.248800 0.228200 0.224100 0.192200 0.229400 0.273800 0.221200 0.187300 0.224800 0.245700 0.262600 0.231500 0.250700 0.206800 0.268500 0.250600
DefassaWat 0.048900 0.268400 0.100700 0.216300 0.000000 0.053900 0.084200 0.058900 0.090500 0.127300 0.048900 0.089600 0.038600 0.073800 0.059200 0.068600 0.100400 0.089400 0.064000 0.090200 0.074500 0.048800 0.095300 0.084500 0.048900 0.079300 0.038600 0.084500 0.068700 0.101200 0.121500 0.053900 0.120400 0.033700 0.053600 0.094900 0.053700 0.009400 0.074600 0.089900 0.111400 0.073900 0.126600 0.095500 0.095300 0.093800 0.079500 0.074100 0.074600 0.079800 0.100000 0.085000
Sheep 0.004800 0.263900 0.090700 0.237000 0.053900 0.000000 0.079800 0.064500 0.091200 0.122800 0.004800 0.085000 0.043900 0.079600 0.070100 0.074300 0.117300 0.095500 0.059400 0.090900 0.069900 0.019300 0.101500 0.090400 0.004800 0.064400 0.043900 0.074600 0.084800 0.096600 0.117000 0.059400 0.115700 0.038800 0.064100 0.101000 0.014400 0.053900 0.059600 0.096000 0.117800 0.084900 0.122000 0.101600 0.090700 0.079000 0.074900 0.069500 0.070000 0.090900 0.100600 0.080500
MaxwellsDu 0.074700 0.288300 0.100900 0.266500 0.084200 0.079800 0.000000 0.084900 0.085600 0.133200 0.074700 0.084700 0.063700 0.069100 0.069900 0.094700 0.138600 0.116400 0.079800 0.101200 0.080000 0.079600 0.111700 0.111200 0.074700 0.095300 0.063700 0.095200 0.105400 0.096200 0.138300 0.049100 0.147600 0.048600 0.094800 0.111200 0.084600 0.084300 0.090500 0.117000 0.128100 0.105500 0.143200 0.106500 0.100900 0.110100 0.095600 0.090500 0.090600 0.122700 0.100000 0.080100
GazellaPrz 0.059500 0.230700 0.096100 0.237000 0.058900 0.064500 0.084900 0.000000 0.085900 0.117200 0.059500 0.069400 0.048800 0.074300 0.064800 0.038600 0.090200 0.079500 0.064500 0.085600 0.044000 0.064400 0.085200 0.074500 0.059500 0.048900 0.048800 0.079900 0.048600 0.091300 0.111400 0.054300 0.110200 0.043700 0.069100 0.074600 0.069400 0.058900 0.044100 0.080000 0.101200 0.048600 0.116400 0.085500 0.074900 0.094500 0.049000 0.064200 0.064400 0.074900 0.095200 0.075200
MountainNy 0.086000 0.247500 0.029200 0.244800 0.090500 0.091200 0.085600 0.085900 0.000000 0.133900 0.086000 0.064400 0.074800 0.111900 0.081100 0.095800 0.139600 0.117100 0.091200 0.019400 0.086100 0.080500 0.101500 0.101100 0.086000 0.085800 0.074800 0.024200 0.106700 0.024400 0.128100 0.080600 0.126800 0.073500 0.085200 0.059400 0.085500 0.090500 0.080900 0.106800 0.117800 0.096000 0.133000 0.096300 0.059600 0.126700 0.096800 0.101600 0.102300 0.112500 0.014500 0.009700
MuntiacusM 0.128500 0.232900 0.144300 0.222400 0.127300 0.122800 0.133200 0.117200 0.133900 0.000000 0.128500 0.138100 0.116400 0.143900 0.138900 0.138100 0.116400 0.094700 0.133800 0.155900 0.134000 0.133700 0.058800 0.053600 0.128500 0.127900 0.116400 0.138300 0.138200 0.150800 0.023700 0.133900 0.093700 0.115300 0.105700 0.132600 0.138800 0.127300 0.112100 0.063800 0.074100 0.149600 0.019000 0.058900 0.133200 0.125900 0.128100 0.127900 0.112600 0.100700 0.155100 0.133700
goat 0.000000 0.271000 0.096200 0.243800 0.048900 0.004800 0.074700 0.059500 0.086000 0.128500 0.000000 0.079900 0.038900 0.074500 0.065000 0.069200 0.112000 0.090300 0.054400 0.085700 0.064800 0.014400 0.096200 0.085200 0.000000 0.069700 0.038900 0.079900 0.079600 0.091400 0.122700 0.054400 0.121200 0.033900 0.069300 0.095800 0.009600 0.048900 0.064900 0.090800 0.112500 0.079700 0.127600 0.096400 0.085500 0.084300 0.080300 0.064400 0.064900 0.096300 0.095400 0.075300
AfricanBuf 0.079900 0.251100 0.074400 0.242000 0.089600 0.085000 0.084700 0.069400 0.064400 0.138100 0.079900 0.000000 0.068900 0.105500 0.085600 0.089600 0.121600 0.099900 0.074500 0.064200 0.085300 0.084900 0.105800 0.094800 0.079900 0.090200 0.068900 0.058800 0.100300 0.069600 0.132300 0.074600 0.130800 0.067700 0.100200 0.053700 0.089900 0.089600 0.085400 0.100400 0.122100 0.100400 0.126200 0.095400 0.043900 0.120100 0.090500 0.095300 0.095900 0.105900 0.074000 0.054100
Topi 0.038900 0.243000 0.084800 0.204600 0.038600 0.043900 0.063700 0.048800 0.074800 0.116400 0.038900 0.068900 0.000000 0.063600 0.054200 0.058500 0.089800 0.068800 0.043800 0.074500 0.054000 0.043800 0.084800 0.063900 0.038900 0.058800 0.000000 0.069000 0.068700 0.080000 0.110800 0.043800 0.099100 0.014300 0.048400 0.084400 0.048600 0.038600 0.054100 0.079500 0.100700 0.068800 0.115700 0.085000 0.074300 0.073300 0.069200 0.053300 0.054100 0.085000 0.084000 0.064300
CommonDuik 0.074500 0.288100 0.122200 0.273600 0.073800 0.079600 0.069100 0.074300 0.111900 0.143900 0.074500 0.105500 0.063600 0.000000 0.069700 0.084000 0.127300 0.105400 0.079600 0.111500 0.079800 0.079500 0.111500 0.100300 0.074500 0.095100 0.063600 0.105600 0.094600 0.117300 0.138100 0.059100 0.125600 0.048500 0.084100 0.110800 0.084400 0.073800 0.090300 0.106000 0.127900 0.094700 0.143000 0.111600 0.111300 0.109800 0.095300 0.090100 0.090400 0.111600 0.121500 0.101000
Suni 0.065000 0.264700 0.091200 0.250200 0.059200 0.070100 0.069900 0.064800 0.081100 0.138900 0.065000 0.085600 0.054200 0.069700 0.000000 0.074600 0.117700 0.096000 0.070100 0.080900 0.070400 0.059600 0.102000 0.090700 0.065000 0.085700 0.054200 0.075100 0.085200 0.097200 0.133100 0.059800 0.127000 0.039100 0.064400 0.094600 0.064600 0.059300 0.080900 0.096400 0.118300 0.074800 0.133500 0.091400 0.095100 0.100600 0.075400 0.083900 0.080900 0.091200 0.089800 0.081000
Springbuck 0.069200 0.241400 0.095400 0.254400 0.068600 0.074300 0.094700 0.038600 0.095800 0.138100 0.069200 0.089600 0.058500 0.084000 0.074600 0.000000 0.100300 0.099900 0.074300 0.095500 0.053700 0.074200 0.095200 0.094900 0.069200 0.048500 0.058500 0.089700 0.028600 0.090600 0.132300 0.064000 0.131000 0.053400 0.078900 0.094900 0.079100 0.068600 0.053800 0.100400 0.122000 0.048300 0.137300 0.106100 0.095300 0.093900 0.058600 0.084700 0.074100 0.095400 0.105300 0.085100
Okapi 0.112000 0.231000 0.139000 0.185800 0.100400 0.117300 0.138600 0.090200 0.139600 0.116400 0.112000 0.121600 0.089800 0.127300 0.117700 0.100300 0.000000 0.058600 0.117200 0.139000 0.117400 0.117100 0.084800 0.063900 0.112000 0.122400 0.089800 0.132800 0.105700 0.134100 0.110700 0.106400 0.088500 0.099000 0.121800 0.121700 0.122200 0.100400 0.112200 0.079400 0.100600 0.121900 0.115700 0.084900 0.122200 0.142000 0.122600 0.122600 0.117700 0.074500 0.149500 0.128100
Giraffe 0.090300 0.219300 0.127300 0.210300 0.089400 0.095500 0.116400 0.079500 0.117100 0.094700 0.090300 0.099900 0.068800 0.105400 0.096000 0.099900 0.058600 0.000000 0.095400 0.116800 0.106300 0.095300 0.063900 0.043600 0.090300 0.100600 0.068800 0.110700 0.110700 0.122600 0.089300 0.095400 0.078100 0.077800 0.094700 0.105100 0.100300 0.089400 0.101100 0.058700 0.079300 0.100100 0.094100 0.064000 0.105600 0.120000 0.111500 0.100700 0.095900 0.074100 0.126900 0.106100
TibetanAnt 0.054400 0.257900 0.101400 0.218200 0.064000 0.059400 0.079800 0.064500 0.091200 0.133800 0.054400 0.074500 0.043800 0.079600 0.070100 0.074300 0.117200 0.095400 0.000000 0.090900 0.069900 0.054200 0.101500 0.085100 0.054400 0.074700 0.043800 0.085100 0.084800 0.096600 0.128000 0.059400 0.126500 0.038800 0.074400 0.101000 0.064300 0.064000 0.070000 0.085300 0.117800 0.084800 0.133000 0.096200 0.090700 0.089400 0.085400 0.069600 0.070000 0.096100 0.100800 0.080400
Sitatunga 0.085700 0.246400 0.039000 0.256400 0.090200 0.090900 0.101200 0.085600 0.019400 0.155900 0.085700 0.064200 0.074500 0.111500 0.080900 0.095500 0.139000 0.116800 0.090900 0.000000 0.085800 0.080200 0.122900 0.111500 0.085700 0.096200 0.074500 0.024100 0.106300 0.024300 0.150000 0.080300 0.137300 0.073300 0.095500 0.069400 0.085200 0.090200 0.091300 0.117300 0.139600 0.095700 0.154900 0.112200 0.069600 0.126400 0.096400 0.101300 0.101800 0.112000 0.024200 0.019400
Oribi 0.064800 0.275400 0.101700 0.263000 0.074500 0.069900 0.080000 0.044000 0.086100 0.134000 0.064800 0.085300 0.054000 0.079800 0.070400 0.053700 0.117400 0.106300 0.069900 0.085800 0.000000 0.069800 0.112300 0.101100 0.064800 0.054100 0.054000 0.085400 0.063900 0.091500 0.128200 0.059500 0.137700 0.038900 0.085000 0.105200 0.074800 0.074500 0.049300 0.106900 0.128800 0.053900 0.133100 0.112600 0.094900 0.100100 0.064400 0.083900 0.069800 0.101700 0.095100 0.075400
BarbaryShe 0.014400 0.263900 0.090600 0.230700 0.048800 0.019300 0.079600 0.064400 0.080500 0.133700 0.014400 0.084900 0.043800 0.079500 0.059600 0.074200 0.117100 0.095300 0.054200 0.080200 0.069800 0.000000 0.101400 0.079800 0.014400 0.074600 0.043800 0.074500 0.084700 0.096500 0.127900 0.059300 0.126400 0.038800 0.064000 0.100900 0.014400 0.048800 0.069900 0.095900 0.117600 0.074300 0.132900 0.090800 0.090600 0.089200 0.085300 0.069400 0.069900 0.090800 0.089800 0.080300
Daviddeer 0.096200 0.239100 0.122700 0.210900 0.095300 0.101500 0.111700 0.085200 0.101500 0.058800 0.096200 0.105800 0.084800 0.111500 0.102000 0.095200 0.084800 0.063900 0.101500 0.122900 0.112300 0.101400 0.000000 0.028900 0.096200 0.106400 0.084800 0.116800 0.106000 0.117800 0.053600 0.101500 0.073400 0.083600 0.095300 0.100500 0.106400 0.095300 0.101600 0.033900 0.024000 0.116800 0.058400 0.033900 0.101000 0.115400 0.117500 0.106000 0.101800 0.079900 0.122200 0.101300
Reindeer 0.085200 0.202100 0.122200 0.168800 0.084500 0.090400 0.111200 0.074500 0.101100 0.053600 0.085200 0.094800 0.063900 0.100300 0.090700 0.094900 0.063900 0.043600 0.085100 0.111500 0.101100 0.079800 0.028900 0.000000 0.085200 0.095400 0.063900 0.105600 0.105600 0.117300 0.048400 0.090400 0.063100 0.072600 0.084500 0.089600 0.095200 0.084500 0.090700 0.024000 0.043700 0.105700 0.053200 0.019000 0.090000 0.103900 0.106300 0.094500 0.090700 0.069300 0.121500 0.100900
Ibex 0.000000 0.271000 0.096200 0.243800 0.048900 0.004800 0.074700 0.059500 0.086000 0.128500 0.000000 0.079900 0.038900 0.074500 0.065000 0.069200 0.112000 0.090300 0.054400 0.085700 0.064800 0.014400 0.096200 0.085200 0.000000 0.069700 0.038900 0.079900 0.079600 0.091400 0.122700 0.054400 0.121200 0.033900 0.069300 0.095800 0.009600 0.048900 0.064900 0.090800 0.112500 0.079700 0.127600 0.096400 0.085500 0.084300 0.080300 0.064400 0.064900 0.096300 0.095400 0.075300
GyrantGaze 0.069700 0.255100 0.095900 0.242200 0.079300 0.064400 0.095300 0.048900 0.085800 0.127900 0.069700 0.090200 0.058800 0.095100 0.085700 0.048500 0.122400 0.100600 0.074700 0.096200 0.054100 0.074600 0.106400 0.095400 0.069700 0.000000 0.058800 0.079700 0.058600 0.101900 0.122100 0.064400 0.120700 0.053700 0.069000 0.095500 0.079600 0.079300 0.034000 0.101000 0.122700 0.028800 0.127100 0.106700 0.085300 0.084000 0.059000 0.085300 0.074600 0.095900 0.105900 0.085600
Hartebeest 0.038900 0.243000 0.084800 0.204600 0.038600 0.043900 0.063700 0.048800 0.074800 0.116400 0.038900 0.068900 0.000000 0.063600 0.054200 0.058500 0.089800 0.068800 0.043800 0.074500 0.054000 0.043800 0.084800 0.063900 0.038900 0.058800 0.000000 0.069000 0.068700 0.080000 0.110800 0.043800 0.099100 0.014300 0.045800 0.084400 0.048600 0.038600 0.054100 0.079500 0.100700 0.068800 0.115700 0.085000 0.074300 0.073300 0.069200 0.053300 0.054100 0.085000 0.084000 0.064300
Bongo 0.079900 0.214300 0.024000 0.236200 0.084500 0.074600 0.095200 0.079900 0.024200 0.138300 0.079900 0.058800 0.069000 0.105600 0.075100 0.089700 0.132800 0.110700 0.085100 0.024100 0.085400 0.074500 0.116800 0.105600 0.079900 0.079700 0.069000 0.000000 0.100400 0.039000 0.132500 0.074600 0.120400 0.067700 0.079300 0.064000 0.079500 0.084500 0.075000 0.111200 0.133300 0.089900 0.137400 0.106300 0.064100 0.109300 0.080000 0.095200 0.096000 0.095400 0.028900 0.024100
Gerenuk 0.079600 0.260500 0.116900 0.267700 0.068700 0.084800 0.105400 0.048600 0.106700 0.138200 0.079600 0.100300 0.068700 0.094600 0.085200 0.028600 0.105700 0.110700 0.084800 0.106300 0.063900 0.084700 0.106000 0.105600 0.079600 0.058600 0.068700 0.100400 0.000000 0.112100 0.132400 0.074300 0.125700 0.063500 0.089400 0.105700 0.089600 0.068700 0.053800 0.111200 0.133100 0.058400 0.137400 0.117000 0.106100 0.115000 0.058700 0.095500 0.084600 0.095600 0.116300 0.095800
CommonElan 0.091400 0.241400 0.034200 0.258100 0.101200 0.096600 0.096200 0.091300 0.024400 0.150800 0.091400 0.069600 0.080000 0.117300 0.097200 0.090600 0.134100 0.122600 0.096600 0.024300 0.091500 0.096500 0.117800 0.117300 0.091400 0.101900 0.080000 0.039000 0.112100 0.000000 0.144800 0.085900 0.143300 0.078700 0.112000 0.074900 0.101500 0.101200 0.097000 0.123200 0.134500 0.112300 0.149800 0.112600 0.075200 0.132200 0.102200 0.107100 0.107700 0.129100 0.029200 0.014500
MuntiacusR 0.122700 0.238200 0.138400 0.203600 0.121500 0.117000 0.138300 0.111400 0.128100 0.023700 0.122700 0.132300 0.110800 0.138100 0.133100 0.132300 0.110700 0.089300 0.128000 0.150000 0.128200 0.127900 0.053600 0.048400 0.122700 0.122100 0.110800 0.132500 0.132400 0.144800 0.000000 0.128000 0.088300 0.109600 0.100200 0.126800 0.132900 0.121600 0.106500 0.058600 0.068800 0.143700 0.023800 0.053700 0.127300 0.120200 0.122300 0.111100 0.117700 0.095100 0.149200 0.127900
HarveysDui 0.054400 0.264700 0.090700 0.231100 0.053900 0.059400 0.049100 0.054300 0.080600 0.133900 0.054400 0.074600 0.043800 0.059100 0.059800 0.064000 0.106400 0.095400 0.059400 0.080300 0.059500 0.059300 0.101500 0.090400 0.054400 0.064400 0.043800 0.074600 0.074300 0.085900 0.128000 0.000000 0.126400 0.038800 0.074300 0.090400 0.064200 0.064000 0.059600 0.096000 0.117800 0.074400 0.133000 0.091100 0.080200 0.089300 0.064600 0.069500 0.070000 0.091000 0.089900 0.070000
Pronghorn 0.121200 0.211400 0.137100 0.196700 0.120400 0.115700 0.147600 0.110200 0.126800 0.093700 0.121200 0.130800 0.099100 0.125600 0.127000 0.131000 0.088500 0.078100 0.126500 0.137300 0.137700 0.126400 0.073400 0.063100 0.121200 0.120700 0.099100 0.120400 0.125700 0.143300 0.088300 0.126400 0.000000 0.108500 0.109600 0.114800 0.131400 0.120300 0.105300 0.078400 0.088900 0.142200 0.093200 0.083800 0.125900 0.140400 0.120900 0.131400 0.126900 0.094100 0.147900 0.126500
BlueWildeb 0.033900 0.249100 0.083700 0.222700 0.033700 0.038800 0.048600 0.043700 0.073500 0.115300 0.033900 0.067700 0.014300 0.048500 0.039100 0.053400 0.099000 0.077800 0.038800 0.073300 0.038900 0.038800 0.083600 0.072600 0.033900 0.053700 0.014300 0.067700 0.063500 0.078700 0.109600 0.038800 0.108500 0.000000 0.043500 0.083000 0.043600 0.033700 0.049000 0.078300 0.099500 0.063600 0.114500 0.083600 0.072900 0.068100 0.064000 0.048800 0.049000 0.083900 0.082600 0.063100
Gemsbok 0.069300 0.261600 0.084700 0.235000 0.053600 0.064100 0.094800 0.069100 0.085200 0.105700 0.069300 0.100200 0.048400 0.084100 0.064400 0.078900 0.121800 0.094700 0.074400 0.095500 0.085000 0.064000 0.095300 0.084500 0.069300 0.069000 0.045800 0.079300 0.089400 0.112000 0.100200 0.074300 0.109600 0.043500 0.000000 0.094900 0.068900 0.053600 0.064300 0.089900 0.111400 0.079000 0.105100 0.095500 0.095300 0.093900 0.079500 0.084800 0.085000 0.084900 0.105300 0.095600
Yak 0.095800 0.231700 0.079700 0.236400 0.094900 0.101000 0.111200 0.074600 0.059400 0.132600 0.095800 0.053700 0.084400 0.110800 0.094600 0.094900 0.121700 0.105100 0.101000 0.069400 0.105200 0.100900 0.100500 0.089600 0.095800 0.095500 0.084400 0.064000 0.105700 0.074900 0.126800 0.090400 0.114800 0.083000 0.094900 0.000000 0.105800 0.094900 0.090700 0.095000 0.116600 0.105700 0.131700 0.090200 0.009500 0.136000 0.095800 0.107600 0.106600 0.111500 0.078700 0.059300
BlueSheep 0.009600 0.282200 0.095600 0.248800 0.053700 0.014400 0.084600 0.069400 0.085500 0.138800 0.009600 0.089900 0.048600 0.084400 0.064600 0.079100 0.122200 0.100300 0.064300 0.085200 0.074800 0.014400 0.106400 0.095200 0.009600 0.079600 0.048600 0.079500 0.089600 0.101500 0.132900 0.064200 0.131400 0.043600 0.068900 0.105800 0.000000 0.053700 0.074800 0.100900 0.122700 0.079200 0.137900 0.106500 0.095600 0.094200 0.090300 0.074400 0.074900 0.095700 0.094700 0.085300
BohorReedb 0.048900 0.261800 0.100600 0.228200 0.009400 0.053900 0.084300 0.058900 0.090500 0.127300 0.048900 0.089600 0.038600 0.073800 0.059300 0.068600 0.100400 0.089400 0.064000 0.090200 0.074500 0.048800 0.095300 0.084500 0.048900 0.079300 0.038600 0.084500 0.068700 0.101200 0.121600 0.064000 0.120300 0.033700 0.053600 0.094900 0.053700 0.000000 0.074600 0.089900 0.111400 0.073900 0.126500 0.095500 0.095300 0.093900 0.069100 0.074200 0.074600 0.079800 0.100000 0.085000
KirksDik 0.064900 0.256800 0.091100 0.224100 0.074600 0.059600 0.090500 0.044100 0.080900 0.112100 0.064900 0.085400 0.054100 0.090300 0.080900 0.053800 0.112200 0.101100 0.070000 0.091300 0.049300 0.069900 0.101600 0.090700 0.064900 0.034000 0.054100 0.075000 0.053800 0.097000 0.106500 0.059600 0.105300 0.049000 0.064300 0.090700 0.074800 0.074600 0.000000 0.096300 0.118000 0.064100 0.111400 0.101900 0.080500 0.089700 0.044100 0.080300 0.069800 0.091100 0.100900 0.080800
RoeDeer 0.090800 0.232700 0.128000 0.192200 0.089900 0.096000 0.117000 0.080000 0.106800 0.063800 0.090800 0.100400 0.079500 0.106000 0.096400 0.100400 0.079400 0.058700 0.085300 0.117300 0.106900 0.095900 0.033900 0.024000 0.090800 0.101000 0.079500 0.111200 0.111200 0.123200 0.058600 0.096000 0.078400 0.078300 0.089900 0.095000 0.100900 0.089900 0.096300 0.000000 0.048800 0.111300 0.063400 0.033900 0.095500 0.109900 0.112100 0.100500 0.096400 0.069300 0.127600 0.106600
WhiteLippe 0.112500 0.245200 0.139300 0.229400 0.111400 0.117800 0.128100 0.101200 0.117800 0.074100 0.112500 0.122100 0.100700 0.127900 0.118300 0.122000 0.100600 0.079300 0.117800 0.139600 0.128800 0.117600 0.024000 0.043700 0.112500 0.122700 0.100700 0.133300 0.133100 0.134500 0.068800 0.117800 0.088900 0.099500 0.111400 0.116600 0.122700 0.111400 0.118000 0.048800 0.000000 0.122200 0.073600 0.048900 0.117100 0.120800 0.134100 0.122500 0.118100 0.085100 0.138800 0.117600
ThomsonGaz 0.079700 0.253900 0.106200 0.273800 0.073900 0.084900 0.105500 0.048600 0.096000 0.149600 0.079700 0.100400 0.068800 0.094700 0.074800 0.048300 0.121900 0.100100 0.084800 0.095700 0.053900 0.074300 0.116800 0.105700 0.079700 0.028800 0.068800 0.089900 0.058400 0.112300 0.143700 0.074400 0.142200 0.063600 0.079000 0.105700 0.079200 0.073900 0.064100 0.111300 0.122200 0.000000 0.148700 0.117100 0.106200 0.104600 0.069000 0.095600 0.084700 0.084900 0.105400 0.095900
MuntiacusC 0.127600 0.231600 0.143400 0.221200 0.126600 0.122000 0.143200 0.116400 0.133000 0.019000 0.127600 0.126200 0.115700 0.143000 0.133500 0.137300 0.115700 0.094100 0.133000 0.154900 0.133100 0.132900 0.058400 0.053200 0.127600 0.127100 0.115700 0.137400 0.137400 0.149800 0.023800 0.133000 0.093200 0.114500 0.105100 0.131700 0.137900 0.126500 0.111400 0.063400 0.073600 0.148700 0.000000 0.058500 0.132300 0.125100 0.127300 0.127000 0.122600 0.100000 0.154200 0.132800
WhiteTaile 0.096400 0.215300 0.117500 0.187300 0.095500 0.101600 0.106500 0.085500 0.096300 0.058900 0.096400 0.095400 0.085000 0.111600 0.091400 0.106100 0.084900 0.064000 0.096200 0.112200 0.112600 0.090800 0.033900 0.019000 0.096400 0.106700 0.085000 0.106300 0.117000 0.112600 0.053700 0.091100 0.083800 0.083600 0.095500 0.090200 0.106500 0.095500 0.101900 0.033900 0.048900 0.117100 0.058500 0.000000 0.090600 0.115400 0.107000 0.106100 0.102000 0.080100 0.116800 0.096200
Cattle 0.085500 0.245200 0.080000 0.224800 0.095300 0.090700 0.100900 0.074900 0.059600 0.133200 0.085500 0.043900 0.074300 0.111300 0.095100 0.095300 0.122200 0.105600 0.090700 0.069600 0.094900 0.090600 0.101000 0.090000 0.085500 0.085300 0.074300 0.064100 0.106100 0.075200 0.127300 0.080200 0.125900 0.072900 0.095300 0.009500 0.095600 0.095300 0.080500 0.095500 0.117100 0.106200 0.132300 0.090600 0.000000 0.125700 0.096200 0.097300 0.096400 0.112000 0.079100 0.059500
RoyalAntel 0.084300 0.274000 0.126000 0.245700 0.093800 0.079000 0.110100 0.094500 0.126700 0.125900 0.084300 0.120100 0.073300 0.109800 0.100600 0.093900 0.142000 0.120000 0.089400 0.126400 0.100100 0.089200 0.115400 0.103900 0.084300 0.084000 0.073300 0.109300 0.115000 0.132200 0.120200 0.089300 0.140400 0.068100 0.093900 0.136000 0.094200 0.093900 0.089700 0.109900 0.120800 0.104600 0.125100 0.115400 0.125700 0.000000 0.105200 0.079700 0.079400 0.126000 0.136300 0.115600
Steenbok 0.080300 0.231000 0.096200 0.262600 0.079500 0.074900 0.095600 0.049000 0.096800 0.128100 0.080300 0.090500 0.069200 0.095300 0.075400 0.058600 0.122600 0.111500 0.085400 0.096400 0.064400 0.085300 0.117500 0.106300 0.080300 0.059000 0.069200 0.080000 0.058700 0.102200 0.122300 0.064600 0.120900 0.064000 0.079500 0.095800 0.090300 0.069100 0.044100 0.112100 0.134100 0.069000 0.127300 0.107000 0.096200 0.105200 0.000000 0.096200 0.085200 0.096100 0.106100 0.085900
Impala 0.064400 0.241300 0.112000 0.231500 0.074100 0.069500 0.090500 0.064200 0.101600 0.127900 0.064400 0.095300 0.053300 0.090100 0.083900 0.084700 0.122600 0.100700 0.069600 0.101300 0.083900 0.069400 0.106000 0.094500 0.064400 0.085300 0.053300 0.095200 0.095500 0.107100 0.111100 0.069500 0.131400 0.048800 0.084800 0.107600 0.074400 0.074200 0.080300 0.100500 0.122500 0.095600 0.127000 0.106100 0.097300 0.079700 0.096200 0.000000 0.059200 0.106200 0.110600 0.090700
Klipspring 0.064900 0.244300 0.112600 0.250700 0.074600 0.070000 0.090600 0.064400 0.102300 0.112600 0.064900 0.095900 0.054100 0.090400 0.080900 0.074100 0.117700 0.095900 0.070000 0.101800 0.069800 0.069900 0.101800 0.090700 0.064900 0.074600 0.054100 0.096000 0.084600 0.107700 0.117700 0.070000 0.126900 0.049000 0.085000 0.106600 0.074900 0.074600 0.069800 0.096400 0.118100 0.084700 0.122600 0.102000 0.096400 0.079400 0.085200 0.059200 0.000000 0.112700 0.111700 0.091400
ForestMusk 0.096300 0.227300 0.111900 0.206800 0.079800 0.090900 0.122700 0.074900 0.112500 0.100700 0.096300 0.105900 0.085000 0.111600 0.091200 0.095400 0.074500 0.074100 0.096100 0.112000 0.101700 0.090800 0.079900 0.069300 0.096300 0.095900 0.085000 0.095400 0.095600 0.129100 0.095100 0.091000 0.094100 0.083900 0.084900 0.111500 0.095700 0.079800 0.091100 0.069300 0.085100 0.084900 0.100000 0.080100 0.112000 0.126000 0.096100 0.106200 0.112700 0.000000 0.117000 0.112300
Bushbuck 0.095400 0.257800 0.034000 0.268500 0.100000 0.100600 0.100000 0.095200 0.014500 0.155100 0.095400 0.074000 0.084000 0.121500 0.089800 0.105300 0.149500 0.126900 0.100800 0.024200 0.095100 0.089800 0.122200 0.121500 0.095400 0.105900 0.084000 0.028900 0.116300 0.029200 0.149200 0.089900 0.147900 0.082600 0.105300 0.078700 0.094700 0.100000 0.100900 0.127600 0.138800 0.105400 0.154200 0.116800 0.079100 0.136300 0.106100 0.110600 0.111700 0.117000 0.000000 0.014400
GreaterKud 0.075300 0.234300 0.028500 0.250600 0.085000 0.080500 0.080100 0.075200 0.009700 0.133700 0.075300 0.054100 0.064300 0.101000 0.081000 0.085100 0.128100 0.106100 0.080400 0.019400 0.075400 0.080300 0.101300 0.100900 0.075300 0.085600 0.064300 0.024100 0.095800 0.014500 0.127900 0.070000 0.126500 0.063100 0.095600 0.059300 0.085300 0.085000 0.080800 0.106600 0.117600 0.095900 0.132800 0.096200 0.059500 0.115600 0.085900 0.090700 0.091400 0.112300 0.014400 0.000000
