1
52 1
Argali 0.000000 0.274700 0.067600 0.259900 0.056300 0.002200 0.052800 0.038700 0.073800 0.097200 0.016900 0.061500 0.044500 0.049200 0.069600 0.051700 0.089400 0.089600 0.035300 0.071300 0.058500 0.020300 0.090900 0.094600 0.019100 0.049200 0.046900 0.070000 0.050400 0.070100 0.096100 0.043500 0.107000 0.045700 0.037600 0.066300 0.016900 0.052900 0.057300 0.100500 0.093600 0.055100 0.099800 0.109800 0.061600 0.055000 0.057200 0.065800 0.043600 0.081100 0.071200 0.071100
LesserMous 0.274700 0.000000 0.264200 0.305300 0.265500 0.271700 0.269600 0.262900 0.267700 0.267100 0.269700 0.251000 0.274500 0.277500 0.280700 0.258900 0.240100 0.251000 0.286500 0.270500 0.267000 0.277700 0.257600 0.261300 0.271900 0.261800 0.279400 0.264000 0.265400 0.265200 0.269000 0.275000 0.249500 0.281200 0.265800 0.271900 0.270100 0.263700 0.269200 0.270900 0.255000 0.263500 0.269000 0.259200 0.264600 0.270100 0.275800 0.273400 0.269100 0.257300 0.267000 0.258900
LesserKudu 0.067600 0.264200 0.000000 0.258700 0.069700 0.065100 0.069900 0.061500 0.019400 0.087500 0.068700 0.038000 0.066200 0.067400 0.079700 0.067600 0.078600 0.085000 0.073700 0.017100 0.070900 0.072400 0.078800 0.089800 0.073600 0.069800 0.065100 0.015900 0.061600 0.018200 0.086300 0.068800 0.102900 0.067500 0.061600 0.047400 0.068700 0.067700 0.066100 0.089400 0.081400 0.068700 0.090000 0.099900 0.044900 0.067700 0.071100 0.083000 0.065400 0.070400 0.018200 0.017000
KillerWhal 0.259900 0.305300 0.258700 0.000000 0.261600 0.258600 0.259500 0.258700 0.265700 0.270800 0.261600 0.254500 0.265000 0.259900 0.274300 0.261700 0.250700 0.267200 0.267100 0.262000 0.260900 0.265900 0.262500 0.283100 0.264700 0.261400 0.265200 0.260700 0.264200 0.262000 0.270100 0.253800 0.273200 0.270100 0.257800 0.266200 0.258500 0.260700 0.267100 0.272000 0.256800 0.265900 0.271700 0.288400 0.263200 0.260300 0.266700 0.268800 0.252700 0.253400 0.259900 0.256800
DefassaWat 0.056300 0.265500 0.069700 0.261600 0.000000 0.054000 0.051600 0.049300 0.077200 0.097100 0.050400 0.061300 0.052700 0.056300 0.069300 0.052900 0.090700 0.095900 0.058800 0.075900 0.057300 0.054000 0.090900 0.097000 0.052800 0.055100 0.056300 0.074600 0.045800 0.073500 0.096000 0.051700 0.112200 0.054000 0.042100 0.071100 0.048100 0.022600 0.059800 0.104200 0.091000 0.053900 0.094700 0.104600 0.068700 0.057600 0.061000 0.076500 0.049000 0.084700 0.075800 0.073300
Sheep 0.002200 0.271700 0.065100 0.258600 0.054000 0.000000 0.050400 0.036400 0.071300 0.094700 0.014600 0.059100 0.042200 0.046900 0.067200 0.049300 0.086900 0.087100 0.033000 0.068900 0.056100 0.018000 0.088400 0.092100 0.016900 0.046800 0.044600 0.067600 0.048100 0.067700 0.093500 0.041100 0.104500 0.043400 0.035300 0.063900 0.014600 0.050600 0.054900 0.098000 0.091100 0.052700 0.097300 0.107200 0.059200 0.052600 0.054700 0.063400 0.041200 0.078600 0.068800 0.068700
MaxwellsDu 0.052800 0.269600 0.069900 0.259500 0.051600 0.050400 0.000000 0.042200 0.076100 0.088400 0.045700 0.062700 0.050400 0.038700 0.068400 0.048100 0.085500 0.085700 0.056400 0.071200 0.050200 0.050400 0.087200 0.095700 0.048100 0.048000 0.050500 0.072400 0.042200 0.071200 0.087300 0.034100 0.110700 0.051600 0.044600 0.072300 0.044600 0.052700 0.057400 0.099200 0.087300 0.053900 0.091000 0.103300 0.067500 0.056400 0.056300 0.073000 0.048200 0.081000 0.073600 0.066200
GazellaPrz 0.038700 0.262900 0.061500 0.258700 0.049300 0.036400 0.042200 0.000000 0.066500 0.088500 0.039900 0.056700 0.046900 0.042200 0.064800 0.029400 0.084200 0.084400 0.049400 0.064000 0.035000 0.041100 0.082300 0.089600 0.041900 0.032800 0.049300 0.065100 0.027100 0.063700 0.087400 0.038800 0.105900 0.046900 0.036100 0.067500 0.039900 0.048200 0.033800 0.092100 0.084900 0.036300 0.091000 0.103400 0.062700 0.049100 0.042100 0.062200 0.045900 0.068900 0.066300 0.063800
MountainNy 0.073800 0.267700 0.019400 0.265700 0.077200 0.071300 0.076100 0.066500 0.000000 0.092800 0.075000 0.039000 0.071200 0.073600 0.082300 0.068900 0.081400 0.087900 0.080000 0.009100 0.075900 0.078300 0.084100 0.095200 0.079900 0.073600 0.070100 0.010200 0.062800 0.012500 0.091700 0.077500 0.102800 0.074900 0.065400 0.051100 0.075000 0.075100 0.070000 0.097300 0.086700 0.072400 0.095400 0.105300 0.048600 0.076300 0.076200 0.088100 0.074000 0.073000 0.017100 0.018200
MuntiacusM 0.097200 0.267100 0.087500 0.270800 0.097100 0.094700 0.088400 0.088500 0.092800 0.000000 0.095900 0.078900 0.087900 0.095800 0.113100 0.094800 0.081900 0.075800 0.101200 0.089800 0.103000 0.097200 0.021600 0.039000 0.098500 0.096800 0.083600 0.088900 0.093100 0.088400 0.001100 0.089900 0.102200 0.088500 0.084900 0.092600 0.093400 0.095900 0.098500 0.043300 0.023900 0.096800 0.006800 0.043800 0.088900 0.103100 0.104500 0.111700 0.094700 0.077600 0.091000 0.086100
goat 0.016900 0.269700 0.068700 0.261600 0.050400 0.014600 0.045700 0.039900 0.075000 0.095900 0.000000 0.062700 0.043300 0.041000 0.065000 0.045800 0.080700 0.085800 0.036400 0.072500 0.052600 0.016800 0.089700 0.095800 0.004500 0.050300 0.045700 0.071200 0.045700 0.071300 0.094800 0.040000 0.105700 0.044500 0.031800 0.067500 0.008900 0.049400 0.056200 0.101700 0.092300 0.056200 0.098500 0.105900 0.062800 0.048800 0.056000 0.067000 0.043500 0.074900 0.072400 0.072300
AfricanBuf 0.061500 0.251000 0.038000 0.254500 0.061300 0.059100 0.062700 0.056700 0.039000 0.078900 0.062700 0.000000 0.060200 0.063800 0.074800 0.061600 0.075000 0.078800 0.070100 0.036600 0.064800 0.068700 0.070300 0.076300 0.065100 0.065000 0.059100 0.035400 0.056700 0.032400 0.077700 0.065100 0.096200 0.062700 0.055600 0.036800 0.062700 0.060200 0.069600 0.080800 0.072800 0.066200 0.079000 0.085900 0.032100 0.066200 0.073500 0.078100 0.064100 0.063000 0.036800 0.034400
Topi 0.044500 0.274500 0.066200 0.265000 0.052700 0.042200 0.050400 0.046900 0.071200 0.087900 0.043300 0.060200 0.000000 0.052700 0.069600 0.055100 0.085800 0.085900 0.045800 0.066300 0.059600 0.046800 0.085400 0.086600 0.045700 0.052600 0.008900 0.065000 0.053900 0.064800 0.086800 0.049300 0.107000 0.014600 0.036400 0.064800 0.041000 0.047000 0.054700 0.091200 0.088000 0.053900 0.093000 0.101700 0.064900 0.048100 0.056200 0.071700 0.048200 0.080900 0.069800 0.069700
CommonDuik 0.049200 0.277500 0.067400 0.259900 0.056300 0.046900 0.038700 0.042200 0.073600 0.095800 0.041000 0.063800 0.052700 0.000000 0.071900 0.048100 0.085700 0.088300 0.055200 0.073500 0.052500 0.049200 0.087100 0.099300 0.045700 0.052600 0.052800 0.072200 0.044500 0.072300 0.094600 0.024900 0.108300 0.056300 0.038700 0.073400 0.041000 0.055200 0.058500 0.099100 0.092100 0.056200 0.098400 0.109500 0.068600 0.052600 0.057400 0.071700 0.047000 0.071200 0.073400 0.070900
Suni 0.069600 0.280700 0.079700 0.274300 0.069300 0.067200 0.068400 0.064800 0.082300 0.113100 0.065000 0.074800 0.069600 0.071900 0.000000 0.068400 0.102900 0.106900 0.074700 0.082300 0.072900 0.069600 0.104100 0.108200 0.069900 0.071600 0.072100 0.080900 0.067200 0.077600 0.111900 0.068500 0.117000 0.073200 0.060000 0.081900 0.061200 0.073400 0.077700 0.110400 0.104300 0.072900 0.115800 0.118600 0.079500 0.068500 0.078100 0.070500 0.063800 0.091700 0.077000 0.076200
Springbuck 0.051700 0.258900 0.067600 0.261700 0.052900 0.049300 0.048100 0.029400 0.068900 0.094800 0.045800 0.061600 0.055100 0.048100 0.068400 0.000000 0.085500 0.090600 0.053000 0.071400 0.029300 0.051700 0.091000 0.098400 0.050100 0.024800 0.052900 0.068900 0.019100 0.069800 0.096100 0.049400 0.106000 0.055100 0.039600 0.073600 0.044200 0.054100 0.037200 0.104300 0.091100 0.028300 0.099900 0.112300 0.068800 0.052600 0.040600 0.075500 0.049500 0.071300 0.071300 0.067500
Okapi 0.089400 0.240100 0.078600 0.250700 0.090700 0.086900 0.085500 0.084200 0.081400 0.081900 0.080700 0.075000 0.085800 0.085700 0.102900 0.085500 0.000000 0.024100 0.092300 0.078900 0.088800 0.091800 0.078200 0.087100 0.085600 0.090200 0.085900 0.080000 0.086600 0.077400 0.080700 0.082300 0.075100 0.088300 0.078200 0.082500 0.083100 0.092200 0.089900 0.089800 0.080800 0.092800 0.084500 0.089800 0.078800 0.088200 0.095100 0.098600 0.083600 0.067700 0.079700 0.079700
Giraffe 0.089600 0.251000 0.085000 0.267200 0.095900 0.087100 0.085700 0.084400 0.087900 0.075800 0.085800 0.078800 0.085900 0.088300 0.106900 0.090600 0.024100 0.000000 0.092500 0.085300 0.093900 0.092000 0.072100 0.081100 0.088400 0.092900 0.086100 0.086100 0.089300 0.085100 0.074700 0.082400 0.072800 0.088500 0.080900 0.087600 0.088300 0.094900 0.094600 0.088700 0.074700 0.095200 0.078400 0.083800 0.083900 0.095900 0.095300 0.104200 0.086000 0.076500 0.086200 0.086100
TibetanAnt 0.035300 0.286500 0.073700 0.267100 0.058800 0.033000 0.056400 0.049400 0.080000 0.101200 0.036400 0.070100 0.045800 0.055200 0.074700 0.053000 0.092300 0.092500 0.000000 0.077500 0.059800 0.039900 0.094800 0.098500 0.038800 0.050500 0.045800 0.076200 0.051800 0.076300 0.100000 0.051800 0.120100 0.044600 0.038800 0.077400 0.036400 0.059000 0.061100 0.105700 0.097500 0.054000 0.103800 0.113800 0.072500 0.059800 0.060800 0.076800 0.049500 0.089800 0.077400 0.077300
Sitatunga 0.071300 0.270500 0.017100 0.262000 0.075900 0.068900 0.071200 0.064000 0.009100 0.089800 0.072500 0.036600 0.066300 0.073500 0.082300 0.071400 0.078900 0.085300 0.077500 0.000000 0.073400 0.075800 0.081100 0.092200 0.077400 0.073600 0.067600 0.007900 0.062900 0.010200 0.088700 0.075000 0.102700 0.072400 0.065300 0.046300 0.072500 0.071400 0.069900 0.094300 0.083700 0.072400 0.092400 0.102400 0.043800 0.073800 0.070300 0.084400 0.071500 0.072900 0.014800 0.015900
Oribi 0.058500 0.267000 0.070900 0.260900 0.057300 0.056100 0.050200 0.035000 0.075900 0.103000 0.052600 0.064800 0.059600 0.052500 0.072900 0.029300 0.088800 0.093900 0.059800 0.073400 0.000000 0.060800 0.096700 0.101600 0.054600 0.033800 0.057300 0.074500 0.030400 0.074300 0.101900 0.053800 0.113000 0.062000 0.046500 0.075700 0.053400 0.061000 0.037100 0.107600 0.096900 0.037300 0.103100 0.115500 0.073300 0.059800 0.045400 0.075100 0.053900 0.078200 0.075700 0.072000
BarbaryShe 0.020300 0.277700 0.072400 0.265900 0.054000 0.018000 0.050400 0.041100 0.078300 0.097200 0.016800 0.068700 0.046800 0.049200 0.069600 0.051700 0.091800 0.092000 0.039900 0.075800 0.060800 0.000000 0.090600 0.097000 0.019100 0.051500 0.049200 0.074500 0.050400 0.074600 0.096000 0.045800 0.109500 0.048000 0.037600 0.073600 0.014600 0.052900 0.059800 0.102900 0.090800 0.057400 0.099700 0.107100 0.068800 0.057100 0.059500 0.069400 0.044700 0.083500 0.076000 0.073200
Daviddeer 0.090900 0.257600 0.078800 0.262500 0.090900 0.088400 0.087200 0.082300 0.084100 0.021600 0.089700 0.070300 0.085400 0.087100 0.104100 0.091000 0.078200 0.072100 0.094800 0.081100 0.096700 0.090600 0.000000 0.033200 0.092200 0.090500 0.083600 0.082700 0.087200 0.079600 0.020500 0.086100 0.101000 0.086000 0.081200 0.081400 0.089700 0.087100 0.089700 0.039800 0.011300 0.088100 0.023900 0.036800 0.077800 0.099500 0.095600 0.107800 0.088400 0.073800 0.082200 0.077400
Reindeer 0.094600 0.261300 0.089800 0.283100 0.097000 0.092100 0.095700 0.089600 0.095200 0.039000 0.095800 0.076300 0.086600 0.099300 0.108200 0.098400 0.087100 0.081100 0.098500 0.092200 0.101600 0.097000 0.033200 0.000000 0.098300 0.093000 0.087200 0.093700 0.098200 0.090800 0.037900 0.095900 0.106300 0.089600 0.084800 0.090000 0.095800 0.093300 0.097100 0.041000 0.035600 0.093000 0.041400 0.027400 0.086300 0.103300 0.103100 0.111500 0.094900 0.076200 0.093300 0.088400
Ibex 0.019100 0.271900 0.073600 0.264700 0.052800 0.016900 0.048100 0.041900 0.079900 0.098500 0.004500 0.065100 0.045700 0.045700 0.069900 0.050100 0.085600 0.088400 0.038800 0.077400 0.054600 0.019100 0.092200 0.098300 0.000000 0.052300 0.048100 0.076100 0.050100 0.076200 0.097300 0.042300 0.110500 0.046900 0.036500 0.072400 0.013500 0.051800 0.058200 0.104300 0.094800 0.058300 0.098600 0.108500 0.067600 0.053600 0.058000 0.067000 0.045900 0.079800 0.077300 0.077200
GyrantGaze 0.049200 0.261800 0.069800 0.261400 0.055100 0.046800 0.048000 0.032800 0.073600 0.096800 0.050300 0.065000 0.052600 0.052600 0.071600 0.024800 0.090200 0.092900 0.050500 0.073600 0.033800 0.051500 0.090500 0.093000 0.052300 0.000000 0.052700 0.072200 0.025900 0.070800 0.095600 0.049200 0.109400 0.052600 0.046500 0.073400 0.048800 0.051600 0.037200 0.101300 0.090700 0.010100 0.099400 0.109300 0.068600 0.057200 0.038500 0.076200 0.049100 0.082100 0.073500 0.069700
Hartebeest 0.046900 0.279400 0.065100 0.265200 0.056300 0.044600 0.050500 0.049300 0.070100 0.083600 0.045700 0.059100 0.008900 0.052800 0.072100 0.052900 0.085900 0.086100 0.045800 0.067600 0.057300 0.049200 0.083600 0.087200 0.048100 0.052700 0.000000 0.063900 0.052800 0.066200 0.084900 0.049400 0.107200 0.012300 0.031800 0.063900 0.043400 0.050600 0.055000 0.091800 0.086200 0.053900 0.091100 0.102200 0.064000 0.052900 0.056300 0.074200 0.045900 0.078600 0.068800 0.068700
Bongo 0.070000 0.264000 0.015900 0.260700 0.074600 0.067600 0.072400 0.065100 0.010200 0.088900 0.071200 0.035400 0.065000 0.072200 0.080900 0.068900 0.080000 0.086100 0.076200 0.007900 0.074500 0.074500 0.082700 0.093700 0.076100 0.072200 0.063900 0.000000 0.064000 0.011400 0.087800 0.071200 0.097500 0.068700 0.064000 0.049800 0.068800 0.072500 0.068600 0.093300 0.085300 0.071100 0.094000 0.103900 0.047300 0.069800 0.073600 0.080600 0.070200 0.071600 0.015900 0.017000
Gerenuk 0.050400 0.265400 0.061600 0.264200 0.045800 0.048100 0.042200 0.027100 0.062800 0.093100 0.045700 0.056700 0.053900 0.044500 0.067200 0.019100 0.086600 0.089300 0.051800 0.062900 0.030400 0.050400 0.087200 0.098200 0.050100 0.025900 0.052800 0.064000 0.000000 0.063300 0.092000 0.045800 0.111000 0.053900 0.040700 0.065100 0.045400 0.048200 0.036100 0.103000 0.087400 0.027100 0.095700 0.107000 0.060400 0.056500 0.037400 0.071800 0.048300 0.076100 0.065200 0.061500
CommonElan 0.070100 0.265200 0.018200 0.262000 0.073500 0.067700 0.071200 0.063700 0.012500 0.088400 0.071300 0.032400 0.064800 0.072300 0.077600 0.069800 0.077400 0.085100 0.076300 0.010200 0.074300 0.074600 0.079600 0.090800 0.076200 0.070800 0.066200 0.011400 0.063300 0.000000 0.087200 0.073700 0.101700 0.071000 0.064100 0.045600 0.071300 0.071400 0.068000 0.092800 0.082200 0.069600 0.090900 0.100900 0.043000 0.069000 0.074600 0.085400 0.070300 0.072900 0.015900 0.015900
MuntiacusR 0.096100 0.269000 0.086300 0.270100 0.096000 0.093500 0.087300 0.087400 0.091700 0.001100 0.094800 0.077700 0.086800 0.094600 0.111900 0.096100 0.080700 0.074700 0.100000 0.088700 0.101900 0.096000 0.020500 0.037900 0.097300 0.095600 0.084900 0.087800 0.092000 0.087200 0.000000 0.088700 0.103600 0.087400 0.086300 0.091400 0.092300 0.094700 0.097300 0.042200 0.022800 0.095700 0.005600 0.042700 0.087800 0.101900 0.103300 0.110400 0.093500 0.078900 0.089800 0.084900
HarveysDui 0.043500 0.275000 0.068800 0.253800 0.051700 0.041100 0.034100 0.038800 0.077500 0.089900 0.040000 0.065100 0.049300 0.024900 0.068500 0.049400 0.082300 0.082400 0.051800 0.075000 0.053800 0.045800 0.086100 0.095900 0.042300 0.049200 0.049400 0.071200 0.045800 0.073700 0.088700 0.000000 0.107300 0.048200 0.040000 0.067500 0.037700 0.050600 0.055100 0.095600 0.091200 0.052800 0.094900 0.103600 0.062800 0.051600 0.055200 0.063500 0.043600 0.077500 0.074800 0.069900
Pronghorn 0.107000 0.249500 0.102900 0.273200 0.112200 0.104500 0.110700 0.105900 0.102800 0.102200 0.105700 0.096200 0.107000 0.108300 0.117000 0.106000 0.075100 0.072800 0.120100 0.102700 0.113000 0.109500 0.101000 0.106300 0.110500 0.109400 0.107200 0.097500 0.111000 0.101700 0.103600 0.107300 0.000000 0.109700 0.100700 0.105000 0.100700 0.113700 0.120000 0.108400 0.101100 0.114600 0.107500 0.116600 0.103800 0.112200 0.122600 0.113100 0.108400 0.091300 0.102800 0.100200
BlueWildeb 0.045700 0.281200 0.067500 0.270100 0.054000 0.043400 0.051600 0.046900 0.074900 0.088500 0.044500 0.062700 0.014600 0.056300 0.073200 0.055100 0.088300 0.088500 0.044600 0.072400 0.062000 0.048000 0.086000 0.089600 0.046900 0.052600 0.012300 0.068700 0.053900 0.071000 0.087400 0.048200 0.109700 0.000000 0.037600 0.068700 0.042200 0.052900 0.057400 0.094200 0.088600 0.056200 0.093600 0.104700 0.063900 0.056500 0.058600 0.075400 0.051800 0.085900 0.073500 0.073400
Gemsbok 0.037600 0.265800 0.061600 0.257800 0.042100 0.035300 0.044600 0.036100 0.065400 0.084900 0.031800 0.055600 0.036400 0.038700 0.060000 0.039600 0.078200 0.080900 0.038800 0.065300 0.046500 0.037600 0.081200 0.084800 0.036500 0.046500 0.031800 0.064000 0.040700 0.064100 0.086300 0.040000 0.100700 0.037600 0.000000 0.062800 0.031800 0.043600 0.049900 0.094300 0.083800 0.047700 0.090000 0.099800 0.060400 0.045600 0.051200 0.062300 0.037800 0.064100 0.062800 0.065100
Yak 0.066300 0.271900 0.047400 0.266200 0.071100 0.063900 0.072300 0.067500 0.051100 0.092600 0.067500 0.036800 0.064800 0.073400 0.081900 0.073600 0.082500 0.087600 0.077400 0.046300 0.075700 0.073600 0.081400 0.090000 0.072400 0.073400 0.063900 0.049800 0.065100 0.045600 0.091400 0.067500 0.105000 0.068700 0.062800 0.000000 0.067500 0.066500 0.077200 0.094600 0.086500 0.072200 0.095200 0.101200 0.015900 0.073200 0.079700 0.086700 0.071200 0.076400 0.048600 0.048600
BlueSheep 0.016900 0.270100 0.068700 0.258500 0.048100 0.014600 0.044600 0.039900 0.075000 0.093400 0.008900 0.062700 0.041000 0.041000 0.061200 0.044200 0.083100 0.088300 0.036400 0.072500 0.053400 0.014600 0.089700 0.095800 0.013500 0.048800 0.043400 0.068800 0.045400 0.071300 0.092300 0.037700 0.100700 0.042200 0.031800 0.067500 0.000000 0.049400 0.057000 0.099200 0.089800 0.054700 0.098500 0.108400 0.062800 0.046400 0.056800 0.059800 0.041200 0.074900 0.072400 0.067500
BohorReedb 0.052900 0.263700 0.067700 0.260700 0.022600 0.050600 0.052700 0.048200 0.075100 0.095900 0.049400 0.060200 0.047000 0.055200 0.073400 0.054100 0.092200 0.094900 0.059000 0.071400 0.061000 0.052900 0.087100 0.093300 0.051800 0.051600 0.050600 0.072500 0.048200 0.071400 0.094700 0.050600 0.113700 0.052900 0.043600 0.066500 0.049400 0.000000 0.056300 0.100400 0.087300 0.052800 0.096000 0.103400 0.066500 0.056300 0.057500 0.077900 0.046000 0.083700 0.073700 0.073600
KirksDik 0.057300 0.269200 0.066100 0.267100 0.059800 0.054900 0.057400 0.033800 0.070000 0.098500 0.056200 0.069600 0.054700 0.058500 0.077700 0.037200 0.089900 0.094600 0.061100 0.069900 0.037100 0.059800 0.089700 0.097100 0.058200 0.037200 0.055000 0.068600 0.036100 0.068000 0.097300 0.055100 0.120000 0.057400 0.049900 0.077200 0.057000 0.056300 0.000000 0.101000 0.092300 0.036000 0.101100 0.108500 0.074800 0.060400 0.039500 0.079000 0.056300 0.082200 0.069800 0.068500
RoeDeer 0.100500 0.270900 0.089400 0.272000 0.104200 0.098000 0.099200 0.092100 0.097300 0.043300 0.101700 0.080800 0.091200 0.099100 0.110400 0.104300 0.089800 0.088700 0.105700 0.094300 0.107600 0.102900 0.039800 0.041000 0.104300 0.101300 0.091800 0.093300 0.103000 0.092800 0.042200 0.095600 0.108400 0.094200 0.094300 0.094600 0.099200 0.100400 0.101000 0.000000 0.042200 0.101300 0.048100 0.050600 0.093400 0.102900 0.110400 0.113700 0.100800 0.081800 0.095400 0.090500
WhiteLippe 0.093600 0.255000 0.081400 0.256800 0.091000 0.091100 0.087300 0.084900 0.086700 0.023900 0.092300 0.072800 0.088000 0.092100 0.104300 0.091100 0.080800 0.074700 0.097500 0.083700 0.096900 0.090800 0.011300 0.035600 0.094800 0.090700 0.086200 0.085300 0.087400 0.082200 0.022800 0.091200 0.101100 0.088600 0.083800 0.086500 0.089800 0.087300 0.092300 0.042200 0.000000 0.088300 0.026300 0.039200 0.082800 0.102200 0.095800 0.108000 0.088500 0.076400 0.084800 0.077500
ThomsonGaz 0.055100 0.263500 0.068700 0.265900 0.053900 0.052700 0.053900 0.036300 0.072400 0.096800 0.056200 0.066200 0.053900 0.056200 0.072900 0.028300 0.092800 0.095200 0.054000 0.072400 0.037300 0.057400 0.088100 0.093000 0.058300 0.010100 0.053900 0.071100 0.027100 0.069600 0.095700 0.052800 0.114600 0.056200 0.047700 0.072200 0.054700 0.052800 0.036000 0.101300 0.088300 0.000000 0.099400 0.106800 0.069900 0.059600 0.038200 0.077400 0.052700 0.084600 0.072300 0.066100
MuntiacusC 0.099800 0.269000 0.090000 0.271700 0.094700 0.097300 0.091000 0.091000 0.095400 0.006800 0.098500 0.079000 0.093000 0.098400 0.115800 0.099900 0.084500 0.078400 0.103800 0.092400 0.103100 0.099700 0.023900 0.041400 0.098600 0.099400 0.091100 0.094000 0.095700 0.090900 0.005600 0.094900 0.107500 0.093600 0.090000 0.095200 0.098500 0.096000 0.101100 0.048100 0.026300 0.099400 0.000000 0.046200 0.091500 0.108300 0.107100 0.114300 0.094800 0.080200 0.093600 0.088600
WhiteTaile 0.109800 0.259200 0.099900 0.288400 0.104600 0.107200 0.103300 0.103400 0.105300 0.043800 0.105900 0.085900 0.101700 0.109500 0.118600 0.112300 0.089800 0.083800 0.113800 0.102400 0.115500 0.107100 0.036800 0.027400 0.108500 0.109300 0.102200 0.103900 0.107000 0.100900 0.042700 0.103600 0.116600 0.104700 0.099800 0.101200 0.108400 0.103400 0.108500 0.050600 0.039200 0.106800 0.046200 0.000000 0.097600 0.118600 0.112100 0.126900 0.106300 0.091300 0.103500 0.098500
Cattle 0.061600 0.264600 0.044900 0.263200 0.068700 0.059200 0.067500 0.062700 0.048600 0.088900 0.062800 0.032100 0.064900 0.068600 0.079500 0.068800 0.078800 0.083900 0.072500 0.043800 0.073300 0.068800 0.077800 0.086300 0.067600 0.068600 0.064000 0.047300 0.060400 0.043000 0.087800 0.062800 0.103800 0.063900 0.060400 0.015900 0.062800 0.066500 0.074800 0.093400 0.082800 0.069900 0.091500 0.097600 0.000000 0.069600 0.077300 0.081900 0.069000 0.071600 0.046100 0.046100
RoyalAntel 0.055000 0.270100 0.067700 0.260300 0.057600 0.052600 0.056400 0.049100 0.076300 0.103100 0.048800 0.066200 0.048100 0.052600 0.068500 0.052600 0.088200 0.095900 0.059800 0.073800 0.059800 0.057100 0.099500 0.103300 0.053600 0.057200 0.052900 0.069800 0.056500 0.069000 0.101900 0.051600 0.112200 0.056500 0.045600 0.073200 0.046400 0.056300 0.060400 0.102900 0.102200 0.059600 0.108300 0.118600 0.069600 0.000000 0.065900 0.073100 0.049500 0.071400 0.072500 0.072400
Steenbok 0.057200 0.275800 0.071100 0.266700 0.061000 0.054700 0.056300 0.042100 0.076200 0.104500 0.056000 0.073500 0.056200 0.057400 0.078100 0.040600 0.095100 0.095300 0.060800 0.070300 0.045400 0.059500 0.095600 0.103100 0.058000 0.038500 0.056300 0.073600 0.037400 0.074600 0.103300 0.055200 0.122600 0.058600 0.051200 0.079700 0.056800 0.057500 0.039500 0.110400 0.095800 0.038200 0.107100 0.112100 0.077300 0.065900 0.000000 0.082700 0.052900 0.088500 0.074800 0.073500
Impala 0.065800 0.273400 0.083000 0.268800 0.076500 0.063400 0.073000 0.062200 0.088100 0.111700 0.067000 0.078100 0.071700 0.071700 0.070500 0.075500 0.098600 0.104200 0.076800 0.084400 0.075100 0.069400 0.107800 0.111500 0.067000 0.076200 0.074200 0.080600 0.071800 0.085400 0.110400 0.063500 0.113100 0.075400 0.062300 0.086700 0.059800 0.077900 0.079000 0.113700 0.108000 0.077400 0.114300 0.126900 0.081900 0.073100 0.082700 0.000000 0.068400 0.089200 0.084300 0.079300
Klipspring 0.043600 0.269100 0.065400 0.252700 0.049000 0.041200 0.048200 0.045900 0.074000 0.094700 0.043500 0.064100 0.048200 0.047000 0.063800 0.049500 0.083600 0.086000 0.049500 0.071500 0.053900 0.044700 0.088400 0.094900 0.045900 0.049100 0.045900 0.070200 0.048300 0.070300 0.093500 0.043600 0.108400 0.051800 0.037800 0.071200 0.041200 0.046000 0.056300 0.100800 0.088500 0.052700 0.094800 0.106300 0.069000 0.049500 0.052900 0.068400 0.000000 0.073600 0.071200 0.068900
ForestMusk 0.081100 0.257300 0.070400 0.253400 0.084700 0.078600 0.081000 0.068900 0.073000 0.077600 0.074900 0.063000 0.080900 0.071200 0.091700 0.071300 0.067700 0.076500 0.089800 0.072900 0.078200 0.083500 0.073800 0.076200 0.079800 0.082100 0.078600 0.071600 0.076100 0.072900 0.078900 0.077500 0.091300 0.085900 0.064100 0.076400 0.074900 0.083700 0.082200 0.081800 0.076400 0.084600 0.080200 0.091300 0.071600 0.071400 0.088500 0.089200 0.073600 0.000000 0.072800 0.073900
Bushbuck 0.071200 0.267000 0.018200 0.259900 0.075800 0.068800 0.073600 0.066300 0.017100 0.091000 0.072400 0.036800 0.069800 0.073400 0.077000 0.071300 0.079700 0.086200 0.077400 0.014800 0.075700 0.076000 0.082200 0.093300 0.077300 0.073500 0.068800 0.015900 0.065200 0.015900 0.089800 0.074800 0.102800 0.073500 0.062800 0.048600 0.072400 0.073700 0.069800 0.095400 0.084800 0.072300 0.093600 0.103500 0.046100 0.072500 0.074800 0.084300 0.071200 0.072800 0.000000 0.017000
GreaterKud 0.071100 0.258900 0.017000 0.256800 0.073300 0.068700 0.066200 0.063800 0.018200 0.086100 0.072300 0.034400 0.069700 0.070900 0.076200 0.067500 0.079700 0.086100 0.077300 0.015900 0.072000 0.073200 0.077400 0.088400 0.077200 0.069700 0.068700 0.017000 0.061500 0.015900 0.084900 0.069900 0.100200 0.073400 0.065100 0.048600 0.067500 0.073600 0.068500 0.090500 0.077500 0.066100 0.088600 0.098500 0.046100 0.072400 0.073500 0.079300 0.068900 0.073900 0.017000 0.000000
