CODONML (in paml version 4.10.7, June 2023)  /home/rachel/ruminants_paml/6406-phy-tree/ENSBTAT00000009158.fasta.phy
Model: free dN/dS Ratios for branches,  kappa = 2.000 fixed

Codon frequency model: F3x4
ns =  54  ls =  53

Codon usage in sequences
--------------------------------------------------------------------------------------------------------------------------------------
Phe TTT   0   0   0   0   0   0 | Ser TCT   0   1   0   0   1   1 | Tyr TAT   2   2   2   1   1   2 | Cys TGT   1   1   1   1   1   1
    TTC   1   1   1   1   1   1 |     TCC   1   0   1   1   0   0 |     TAC   2   2   2   3   3   2 |     TGC   0   0   0   0   0   0
Leu TTA   0   0   0   0   0   0 |     TCA   1   0   1   1   1   1 | *** TAA   0   0   0   0   0   0 | *** TGA   0   0   0   0   0   0
    TTG   0   0   0   0   0   0 |     TCG   0   1   0   0   0   0 |     TAG   0   0   0   0   0   0 | Trp TGG   1   1   1   1   1   1
--------------------------------------------------------------------------------------------------------------------------------------
Leu CTT   0   0   0   0   0   0 | Pro CCT   1   1   1   1   1   1 | His CAT   0   0   0   0   0   0 | Arg CGT   1   1   1   1   1   1
    CTC   0   0   0   0   0   0 |     CCC   2   2   2   2   2   2 |     CAC   2   2   3   2   2   2 |     CGC   0   1   1   1   1   1
    CTA   0   0   0   0   0   0 |     CCA   0   0   0   0   0   0 | Gln CAA   0   0   0   0   0   0 |     CGA   1   0   0   0   0   0
    CTG   0   0   0   0   0   0 |     CCG   0   0   0   0   0   0 |     CAG   3   3   2   3   3   3 |     CGG   0   0   0   0   0   0
--------------------------------------------------------------------------------------------------------------------------------------
Ile ATT   0   0   0   0   0   0 | Thr ACT   0   0   0   0   0   0 | Asn AAT   1   1   1   1   1   1 | Ser AGT   0   0   0   0   1   1
    ATC   4   4   4   4   4   4 |     ACC   1   1   1   1   1   1 |     AAC   3   3   3   3   3   3 |     AGC   1   1   1   1   0   0
    ATA   0   0   0   0   0   0 |     ACA   1   1   1   1   1   1 | Lys AAA   1   1   1   1   0   1 | Arg AGA   0   0   0   0   0   0
Met ATG   2   2   1   2   2   2 |     ACG   0   0   0   0   0   0 |     AAG   1   1   1   1   2   1 |     AGG   0   0   0   0   0   0
--------------------------------------------------------------------------------------------------------------------------------------
Val GTT   0   0   0   0   0   0 | Ala GCT   0   0   0   0   1   0 | Asp GAT   0   0   0   0   0   0 | Gly GGT   1   1   1   1   2   1
    GTC   0   0   0   0   0   0 |     GCC   3   3   3   3   2   3 |     GAC   1   1   1   1   1   1 |     GGC   3   3   3   3   3   3
    GTA   0   0   0   0   1   0 |     GCA   1   1   1   1   1   1 | Glu GAA   3   3   3   3   3   3 |     GGA   0   0   0   0   0   0
    GTG   4   4   5   4   3   4 |     GCG   0   0   0   0   0   0 |     GAG   2   2   2   2   2   2 |     GGG   1   1   1   1   0   1
--------------------------------------------------------------------------------------------------------------------------------------

--------------------------------------------------------------------------------------------------------------------------------------
Phe TTT   0   0   0   0   0   0 | Ser TCT   0   0   0   0   0   0 | Tyr TAT   2   2   0   2   2   2 | Cys TGT   1   1   1   1   1   1
    TTC   1   1   1   1   1   1 |     TCC   1   1   0   1   1   2 |     TAC   2   2   4   2   2   2 |     TGC   0   0   0   0   0   0
Leu TTA   0   0   0   0   0   0 |     TCA   1   1   1   1   1   1 | *** TAA   0   0   0   0   0   0 | *** TGA   0   0   0   0   0   0
    TTG   0   0   0   0   0   0 |     TCG   0   0   0   0   0   0 |     TAG   0   0   0   0   0   0 | Trp TGG   1   1   1   1   1   1
--------------------------------------------------------------------------------------------------------------------------------------
Leu CTT   0   0   0   0   0   0 | Pro CCT   1   1   1   1   1   1 | His CAT   0   0   1   0   0   0 | Arg CGT   1   1   1   1   1   1
    CTC   0   0   0   0   0   0 |     CCC   2   2   2   2   2   1 |     CAC   2   2   1   2   2   2 |     CGC   1   0   1   1   1   1
    CTA   0   0   0   0   0   0 |     CCA   0   0   0   0   0   0 | Gln CAA   0   0   0   0   0   0 |     CGA   0   1   0   0   0   0
    CTG   0   0   0   0   0   0 |     CCG   0   0   0   0   0   0 |     CAG   3   3   3   3   3   3 |     CGG   0   0   0   0   0   0
--------------------------------------------------------------------------------------------------------------------------------------
Ile ATT   0   0   0   0   0   0 | Thr ACT   0   0   0   0   0   0 | Asn AAT   2   1   1   1   1   1 | Ser AGT   0   0   1   0   0   0
    ATC   4   4   4   4   4   4 |     ACC   1   1   1   1   1   1 |     AAC   2   3   3   3   3   3 |     AGC   1   1   1   1   1   1
    ATA   0   0   0   0   0   1 |     ACA   1   1   0   1   1   1 | Lys AAA   1   1   1   1   1   1 | Arg AGA   0   0   0   0   0   0
Met ATG   2   2   2   2   2   2 |     ACG   0   0   1   0   0   0 |     AAG   1   1   1   1   1   1 |     AGG   0   0   0   0   0   0
--------------------------------------------------------------------------------------------------------------------------------------
Val GTT   0   0   0   0   0   0 | Ala GCT   0   0   1   0   0   0 | Asp GAT   0   0   0   0   0   0 | Gly GGT   1   1   1   1   1   1
    GTC   1   0   0   1   0   0 |     GCC   3   3   3   3   3   3 |     GAC   1   1   1   1   1   1 |     GGC   3   3   3   3   3   3
    GTA   0   0   0   0   0   1 |     GCA   1   1   0   1   1   1 | Glu GAA   3   3   3   3   3   3 |     GGA   0   0   0   0   0   0
    GTG   3   4   4   3   4   2 |     GCG   0   0   0   0   0   0 |     GAG   2   2   2   2   2   2 |     GGG   1   1   1   1   1   1
--------------------------------------------------------------------------------------------------------------------------------------

--------------------------------------------------------------------------------------------------------------------------------------
Phe TTT   0   0   0   0   0   0 | Ser TCT   0   0   0   0   0   0 | Tyr TAT   2   2   2   1   2   2 | Cys TGT   1   1   1   1   1   1
    TTC   1   1   1   1   1   1 |     TCC   1   1   1   1   1   1 |     TAC   2   2   2   3   2   2 |     TGC   0   0   0   0   0   0
Leu TTA   0   0   0   0   0   0 |     TCA   1   1   1   1   1   1 | *** TAA   0   0   0   0   0   0 | *** TGA   0   0   0   0   0   0
    TTG   0   0   0   0   0   0 |     TCG   0   0   0   0   0   0 |     TAG   0   0   0   0   0   0 | Trp TGG   1   1   1   1   1   1
--------------------------------------------------------------------------------------------------------------------------------------
Leu CTT   0   0   0   0   0   0 | Pro CCT   1   1   1   1   1   1 | His CAT   0   0   0   0   0   0 | Arg CGT   1   1   1   1   1   1
    CTC   0   0   0   0   0   0 |     CCC   2   2   2   2   2   2 |     CAC   2   2   2   2   2   2 |     CGC   1   1   1   1   1   1
    CTA   0   0   0   0   0   0 |     CCA   0   0   0   0   0   0 | Gln CAA   0   0   0   0   1   0 |     CGA   0   0   0   0   0   0
    CTG   0   0   0   0   0   0 |     CCG   0   0   0   0   0   0 |     CAG   3   3   3   3   2   3 |     CGG   0   0   0   0   0   0
--------------------------------------------------------------------------------------------------------------------------------------
Ile ATT   0   0   0   0   0   0 | Thr ACT   0   0   0   0   0   0 | Asn AAT   1   1   2   1   1   1 | Ser AGT   0   0   0   0   0   0
    ATC   4   4   4   4   4   4 |     ACC   1   1   1   1   1   1 |     AAC   3   3   2   3   3   3 |     AGC   1   1   1   1   1   1
    ATA   0   0   0   0   0   0 |     ACA   1   1   1   1   1   1 | Lys AAA   1   1   1   1   1   1 | Arg AGA   0   0   0   0   0   0
Met ATG   2   2   2   2   2   2 |     ACG   0   0   0   0   0   0 |     AAG   1   1   1   1   1   1 |     AGG   0   0   0   0   0   0
--------------------------------------------------------------------------------------------------------------------------------------
Val GTT   0   0   0   0   0   0 | Ala GCT   0   0   0   0   0   0 | Asp GAT   0   0   0   0   0   0 | Gly GGT   1   2   1   1   1   1
    GTC   0   0   0   0   0   0 |     GCC   3   3   3   3   3   3 |     GAC   1   1   1   1   1   1 |     GGC   3   3   3   3   3   3
    GTA   0   0   0   0   0   0 |     GCA   1   1   1   1   1   1 | Glu GAA   3   3   3   3   3   3 |     GGA   0   0   0   0   0   0
    GTG   4   4   4   4   4   4 |     GCG   0   0   0   0   0   0 |     GAG   2   2   2   2   2   2 |     GGG   1   0   1   1   1   1
--------------------------------------------------------------------------------------------------------------------------------------

--------------------------------------------------------------------------------------------------------------------------------------
Phe TTT   0   0   0   0   0   0 | Ser TCT   0   0   0   0   0   0 | Tyr TAT   2   2   2   2   2   2 | Cys TGT   1   1   1   1   1   1
    TTC   1   1   1   1   1   1 |     TCC   1   1   1   1   1   1 |     TAC   2   2   2   2   2   2 |     TGC   0   0   0   0   1   1
Leu TTA   0   0   0   0   0   0 |     TCA   1   1   1   1   1   1 | *** TAA   0   0   0   0   0   0 | *** TGA   0   0   0   0   0   0
    TTG   0   0   0   0   0   0 |     TCG   0   0   0   0   0   0 |     TAG   0   0   0   0   0   0 | Trp TGG   1   1   1   1   1   1
--------------------------------------------------------------------------------------------------------------------------------------
Leu CTT   0   0   0   0   0   0 | Pro CCT   1   1   1   1   1   1 | His CAT   0   0   0   0   0   0 | Arg CGT   1   1   1   1   1   1
    CTC   0   0   0   0   0   0 |     CCC   2   2   2   2   2   2 |     CAC   2   2   2   2   2   2 |     CGC   1   1   1   1   0   0
    CTA   0   0   0   0   0   0 |     CCA   0   0   0   0   0   0 | Gln CAA   0   0   0   0   0   0 |     CGA   0   0   0   0   0   0
    CTG   0   0   0   0   0   0 |     CCG   0   0   0   0   0   0 |     CAG   3   3   3   3   3   3 |     CGG   0   0   0   0   0   0
--------------------------------------------------------------------------------------------------------------------------------------
Ile ATT   0   0   0   0   0   0 | Thr ACT   0   0   0   0   0   0 | Asn AAT   1   1   1   1   1   1 | Ser AGT   0   0   0   0   0   0
    ATC   4   4   4   4   4   4 |     ACC   1   1   1   1   1   1 |     AAC   3   3   3   3   3   3 |     AGC   1   1   1   1   1   1
    ATA   0   0   0   0   0   0 |     ACA   1   1   1   1   1   1 | Lys AAA   1   1   1   1   1   1 | Arg AGA   0   0   0   0   0   0
Met ATG   2   2   2   2   2   2 |     ACG   0   0   0   0   0   0 |     AAG   1   1   1   1   1   1 |     AGG   0   0   0   0   0   0
--------------------------------------------------------------------------------------------------------------------------------------
Val GTT   0   0   0   0   0   0 | Ala GCT   0   0   0   0   0   0 | Asp GAT   0   0   0   0   0   0 | Gly GGT   1   1   1   1   1   1
    GTC   0   0   0   0   0   0 |     GCC   3   3   3   3   3   3 |     GAC   1   1   1   1   1   1 |     GGC   3   3   3   3   3   3
    GTA   0   0   0   0   0   0 |     GCA   1   1   1   1   1   1 | Glu GAA   3   3   3   3   3   3 |     GGA   0   0   0   0   0   0
    GTG   4   4   4   4   4   4 |     GCG   0   0   0   0   0   0 |     GAG   2   2   2   2   2   2 |     GGG   1   1   1   1   1   1
--------------------------------------------------------------------------------------------------------------------------------------

--------------------------------------------------------------------------------------------------------------------------------------
Phe TTT   0   0   0   0   0   0 | Ser TCT   0   0   0   1   0   0 | Tyr TAT   2   2   2   2   2   2 | Cys TGT   1   1   1   1   1   1
    TTC   1   1   1   1   1   1 |     TCC   1   1   1   0   1   1 |     TAC   2   2   2   2   2   2 |     TGC   0   0   0   0   0   0
Leu TTA   0   0   0   0   0   0 |     TCA   1   1   1   1   1   1 | *** TAA   0   0   0   0   0   0 | *** TGA   0   0   0   0   0   0
    TTG   0   0   0   0   0   0 |     TCG   0   0   0   0   0   0 |     TAG   0   0   0   0   0   0 | Trp TGG   1   1   1   1   1   1
--------------------------------------------------------------------------------------------------------------------------------------
Leu CTT   0   0   0   0   0   0 | Pro CCT   1   1   1   1   1   1 | His CAT   0   0   0   0   0   0 | Arg CGT   1   1   1   1   1   1
    CTC   0   0   0   0   0   0 |     CCC   2   2   2   2   2   2 |     CAC   2   2   2   2   2   2 |     CGC   1   1   1   1   1   1
    CTA   0   0   0   0   0   0 |     CCA   0   0   0   0   0   0 | Gln CAA   0   0   0   0   0   0 |     CGA   0   0   0   0   0   0
    CTG   0   0   0   0   0   0 |     CCG   0   0   0   0   0   0 |     CAG   3   3   3   3   3   3 |     CGG   0   0   0   0   0   0
--------------------------------------------------------------------------------------------------------------------------------------
Ile ATT   0   0   0   0   0   0 | Thr ACT   0   0   0   0   0   0 | Asn AAT   1   1   1   1   2   1 | Ser AGT   0   0   0   0   0   1
    ATC   4   4   4   4   4   4 |     ACC   1   1   1   1   1   1 |     AAC   3   3   3   3   2   3 |     AGC   1   1   1   1   1   0
    ATA   0   0   0   0   0   0 |     ACA   1   1   1   1   1   1 | Lys AAA   1   1   1   1   1   1 | Arg AGA   0   0   0   0   0   0
Met ATG   2   2   2   2   2   2 |     ACG   0   0   0   0   0   0 |     AAG   1   1   1   1   1   1 |     AGG   0   0   0   0   0   0
--------------------------------------------------------------------------------------------------------------------------------------
Val GTT   0   0   0   0   0   0 | Ala GCT   0   0   0   0   0   0 | Asp GAT   0   0   0   0   0   0 | Gly GGT   1   1   1   1   1   1
    GTC   0   0   0   0   0   0 |     GCC   3   3   3   3   3   3 |     GAC   1   1   1   1   1   1 |     GGC   3   3   3   3   3   3
    GTA   0   0   0   0   0   0 |     GCA   1   1   1   1   1   1 | Glu GAA   3   4   3   3   3   3 |     GGA   0   0   0   0   0   0
    GTG   4   4   4   4   4   4 |     GCG   0   0   0   0   0   0 |     GAG   2   1   2   2   2   2 |     GGG   1   1   1   1   1   1
--------------------------------------------------------------------------------------------------------------------------------------

--------------------------------------------------------------------------------------------------------------------------------------
Phe TTT   0   0   0   0   0   0 | Ser TCT   1   0   0   0   0   0 | Tyr TAT   2   2   2   1   2   2 | Cys TGT   1   1   1   1   1   1
    TTC   1   1   1   1   1   1 |     TCC   0   1   1   1   1   1 |     TAC   2   2   2   3   2   2 |     TGC   0   0   0   0   0   0
Leu TTA   0   0   0   0   0   0 |     TCA   1   1   1   1   0   1 | *** TAA   0   0   0   0   0   0 | *** TGA   0   0   0   0   0   0
    TTG   0   0   0   0   0   0 |     TCG   0   0   0   0   1   0 |     TAG   0   0   0   0   0   0 | Trp TGG   1   1   1   1   1   1
--------------------------------------------------------------------------------------------------------------------------------------
Leu CTT   0   0   0   0   0   0 | Pro CCT   1   1   1   1   1   1 | His CAT   0   0   0   0   0   0 | Arg CGT   1   1   1   1   1   1
    CTC   0   0   0   0   0   0 |     CCC   2   2   2   2   2   2 |     CAC   2   2   2   2   2   2 |     CGC   1   1   1   1   1   1
    CTA   0   0   0   0   0   0 |     CCA   0   0   0   0   0   0 | Gln CAA   0   0   0   0   0   0 |     CGA   0   0   0   0   0   0
    CTG   0   0   0   0   0   0 |     CCG   0   0   0   0   0   0 |     CAG   3   3   3   3   3   3 |     CGG   0   0   0   0   0   0
--------------------------------------------------------------------------------------------------------------------------------------
Ile ATT   0   0   0   0   0   0 | Thr ACT   0   0   0   0   0   0 | Asn AAT   1   1   1   1   1   2 | Ser AGT   0   0   0   0   0   0
    ATC   4   4   4   4   4   4 |     ACC   1   1   1   1   1   1 |     AAC   3   3   3   3   3   2 |     AGC   1   1   1   1   1   1
    ATA   0   0   0   0   0   0 |     ACA   1   1   1   1   0   1 | Lys AAA   1   1   1   1   1   1 | Arg AGA   0   0   0   0   0   0
Met ATG   2   2   2   2   2   2 |     ACG   0   0   0   0   1   0 |     AAG   1   1   1   1   1   1 |     AGG   0   0   0   0   0   0
--------------------------------------------------------------------------------------------------------------------------------------
Val GTT   0   0   0   0   0   0 | Ala GCT   0   0   0   0   0   0 | Asp GAT   0   0   0   0   1   0 | Gly GGT   1   1   1   1   1   1
    GTC   0   0   0   0   0   0 |     GCC   3   3   3   3   3   3 |     GAC   1   1   1   1   0   1 |     GGC   3   3   3   3   3   3
    GTA   0   0   0   0   0   0 |     GCA   1   1   1   1   1   1 | Glu GAA   3   3   3   3   3   3 |     GGA   0   0   0   0   0   0
    GTG   4   4   4   4   4   4 |     GCG   0   0   0   0   0   0 |     GAG   2   2   2   2   2   2 |     GGG   1   1   1   1   1   1
--------------------------------------------------------------------------------------------------------------------------------------

--------------------------------------------------------------------------------------------------------------------------------------
Phe TTT   0   0   0   0   0   0 | Ser TCT   0   0   0   0   0   0 | Tyr TAT   2   2   2   2   2   2 | Cys TGT   1   1   1   1   1   1
    TTC   1   1   1   1   1   1 |     TCC   1   1   1   1   1   1 |     TAC   2   2   2   2   2   2 |     TGC   0   0   0   0   0   0
Leu TTA   0   0   0   0   0   0 |     TCA   1   1   1   1   1   1 | *** TAA   0   0   0   0   0   0 | *** TGA   0   0   0   0   0   0
    TTG   0   0   0   0   0   0 |     TCG   0   0   0   0   0   0 |     TAG   0   0   0   0   0   0 | Trp TGG   1   1   1   1   1   1
--------------------------------------------------------------------------------------------------------------------------------------
Leu CTT   0   0   0   0   0   0 | Pro CCT   1   0   1   1   1   1 | His CAT   0   0   0   0   0   0 | Arg CGT   1   1   1   1   1   1
    CTC   0   0   0   0   0   0 |     CCC   2   3   2   2   2   2 |     CAC   2   2   2   2   2   2 |     CGC   1   1   1   1   1   1
    CTA   0   0   0   0   0   0 |     CCA   0   0   0   0   0   0 | Gln CAA   0   0   0   0   0   0 |     CGA   0   0   0   0   0   0
    CTG   0   0   0   0   0   0 |     CCG   0   0   0   0   0   0 |     CAG   3   3   3   3   3   3 |     CGG   0   0   0   0   0   0
--------------------------------------------------------------------------------------------------------------------------------------
Ile ATT   0   0   0   0   0   0 | Thr ACT   0   0   0   0   0   0 | Asn AAT   3   1   1   2   1   2 | Ser AGT   0   0   0   0   1   0
    ATC   4   4   4   4   4   4 |     ACC   1   1   1   1   1   1 |     AAC   1   3   3   2   3   2 |     AGC   1   1   1   1   0   1
    ATA   0   0   0   0   0   0 |     ACA   1   1   1   1   1   1 | Lys AAA   1   1   1   1   1   1 | Arg AGA   0   0   0   0   0   0
Met ATG   2   3   2   2   2   2 |     ACG   0   0   0   0   0   0 |     AAG   1   1   1   1   1   1 |     AGG   0   0   0   0   0   0
--------------------------------------------------------------------------------------------------------------------------------------
Val GTT   0   0   0   0   0   0 | Ala GCT   0   0   0   0   0   0 | Asp GAT   0   0   0   0   1   0 | Gly GGT   1   1   1   1   1   1
    GTC   0   0   0   1   0   0 |     GCC   3   3   3   3   3   3 |     GAC   1   1   1   1   0   1 |     GGC   3   3   3   3   3   3
    GTA   0   0   0   0   0   0 |     GCA   1   1   1   1   1   1 | Glu GAA   3   3   3   3   3   3 |     GGA   0   0   0   0   1   0
    GTG   4   3   4   3   4   4 |     GCG   0   0   0   0   0   0 |     GAG   2   2   2   2   2   2 |     GGG   1   1   1   1   0   1
--------------------------------------------------------------------------------------------------------------------------------------

--------------------------------------------------------------------------------------------------------------------------------------
Phe TTT   0   0   0   0   0   0 | Ser TCT   0   0   0   1   0   0 | Tyr TAT   2   2   2   2   2   2 | Cys TGT   1   1   1   1   1   1
    TTC   1   1   1   1   1   1 |     TCC   1   1   1   0   1   1 |     TAC   2   2   2   2   2   2 |     TGC   0   0   0   0   0   0
Leu TTA   0   0   0   0   0   0 |     TCA   1   1   1   1   1   1 | *** TAA   0   0   0   0   0   0 | *** TGA   0   0   0   0   0   0
    TTG   0   0   0   0   0   0 |     TCG   0   0   0   0   0   0 |     TAG   0   0   0   0   0   0 | Trp TGG   1   1   1   1   1   1
--------------------------------------------------------------------------------------------------------------------------------------
Leu CTT   0   0   0   0   0   0 | Pro CCT   1   1   1   1   0   1 | His CAT   0   0   0   0   0   0 | Arg CGT   1   1   1   1   1   1
    CTC   0   0   0   0   0   0 |     CCC   2   2   2   2   3   2 |     CAC   2   2   2   2   2   2 |     CGC   1   1   1   1   1   1
    CTA   0   0   0   0   0   0 |     CCA   0   0   0   0   0   0 | Gln CAA   0   0   0   0   0   0 |     CGA   0   0   0   0   0   0
    CTG   0   0   0   0   0   0 |     CCG   0   0   0   0   0   0 |     CAG   3   3   3   3   3   3 |     CGG   0   0   0   0   0   0
--------------------------------------------------------------------------------------------------------------------------------------
Ile ATT   0   0   0   0   0   0 | Thr ACT   0   0   0   0   0   0 | Asn AAT   1   1   1   1   1   1 | Ser AGT   0   0   0   0   0   0
    ATC   4   4   4   4   4   4 |     ACC   1   1   1   1   1   1 |     AAC   3   3   3   3   3   3 |     AGC   1   1   1   1   1   1
    ATA   0   0   0   0   0   0 |     ACA   1   1   1   1   1   1 | Lys AAA   1   1   1   1   1   1 | Arg AGA   0   0   0   0   0   0
Met ATG   2   2   2   2   2   2 |     ACG   0   0   0   0   0   0 |     AAG   1   1   1   1   1   1 |     AGG   0   0   0   0   0   0
--------------------------------------------------------------------------------------------------------------------------------------
Val GTT   0   0   0   0   0   0 | Ala GCT   0   0   0   0   0   0 | Asp GAT   0   0   0   0   0   0 | Gly GGT   1   1   1   1   1   1
    GTC   0   0   0   0   0   0 |     GCC   3   3   3   3   3   3 |     GAC   1   1   1   1   1   1 |     GGC   3   3   3   3   3   3
    GTA   0   0   0   0   0   0 |     GCA   1   1   1   1   1   1 | Glu GAA   3   3   3   4   3   4 |     GGA   0   0   0   0   0   0
    GTG   4   4   4   4   4   4 |     GCG   0   0   0   0   0   0 |     GAG   2   2   2   1   2   1 |     GGG   1   1   1   1   1   1
--------------------------------------------------------------------------------------------------------------------------------------

--------------------------------------------------------------------------------------------------------------------------------------
Phe TTT   0   0   0   0   0   0 | Ser TCT   0   1   0   0   0   0 | Tyr TAT   2   2   2   1   2   2 | Cys TGT   1   1   1   1   1   1
    TTC   1   1   1   1   1   1 |     TCC   1   0   1   1   1   1 |     TAC   2   2   2   3   2   2 |     TGC   0   0   0   0   0   0
Leu TTA   0   0   0   0   0   0 |     TCA   1   1   1   1   1   1 | *** TAA   0   0   0   0   0   0 | *** TGA   0   0   0   0   0   0
    TTG   0   0   0   0   0   0 |     TCG   0   0   0   0   0   0 |     TAG   0   0   0   0   0   0 | Trp TGG   1   1   1   1   1   1
--------------------------------------------------------------------------------------------------------------------------------------
Leu CTT   0   0   0   0   0   0 | Pro CCT   1   1   1   1   1   1 | His CAT   0   0   0   0   0   0 | Arg CGT   1   1   1   1   1   1
    CTC   0   0   0   0   0   0 |     CCC   2   2   2   2   2   2 |     CAC   2   2   2   2   2   2 |     CGC   1   1   1   1   1   1
    CTA   0   0   0   0   0   0 |     CCA   0   0   0   0   0   0 | Gln CAA   0   0   0   0   0   0 |     CGA   0   0   0   0   0   0
    CTG   0   0   0   0   0   0 |     CCG   0   0   0   0   0   0 |     CAG   3   3   3   3   3   3 |     CGG   0   0   0   0   0   0
--------------------------------------------------------------------------------------------------------------------------------------
Ile ATT   0   0   0   0   0   0 | Thr ACT   0   0   0   0   0   0 | Asn AAT   1   1   1   1   1   1 | Ser AGT   1   0   0   0   0   0
    ATC   4   4   4   4   4   4 |     ACC   1   1   1   1   1   1 |     AAC   3   3   3   3   3   3 |     AGC   0   1   1   1   1   1
    ATA   0   0   0   0   0   0 |     ACA   1   1   1   1   1   1 | Lys AAA   1   1   1   1   1   1 | Arg AGA   0   0   0   0   0   0
Met ATG   2   2   2   2   2   2 |     ACG   0   0   0   0   0   0 |     AAG   1   1   1   1   1   1 |     AGG   0   0   0   0   0   0
--------------------------------------------------------------------------------------------------------------------------------------
Val GTT   0   0   0   0   0   0 | Ala GCT   0   0   0   0   0   0 | Asp GAT   1   0   0   0   0   0 | Gly GGT   1   1   1   1   1   1
    GTC   0   0   0   0   0   0 |     GCC   3   3   3   3   3   3 |     GAC   0   1   1   1   1   1 |     GGC   3   3   3   3   3   3
    GTA   0   0   0   0   0   0 |     GCA   1   1   1   1   1   1 | Glu GAA   3   3   3   3   3   3 |     GGA   1   0   0   0   0   0
    GTG   4   4   4   4   4   4 |     GCG   0   0   0   0   0   0 |     GAG   2   2   2   2   2   2 |     GGG   0   1   1   1   1   1
--------------------------------------------------------------------------------------------------------------------------------------

Codon position x base (3x4) table for each sequence.

#1: Argali         
position  1:    T:0.16981    C:0.18868    A:0.28302    G:0.35849
position  2:    T:0.20755    C:0.20755    A:0.39623    G:0.18868
position  3:    T:0.13208    C:0.45283    A:0.15094    G:0.26415
Average         T:0.16981    C:0.28302    A:0.27673    G:0.27044

#2: LesserMouseDeer
position  1:    T:0.16981    C:0.18868    A:0.28302    G:0.35849
position  2:    T:0.20755    C:0.20755    A:0.39623    G:0.18868
position  3:    T:0.15094    C:0.45283    A:0.11321    G:0.28302
Average         T:0.17610    C:0.28302    A:0.26415    G:0.27673

#3: LesserKudu     
position  1:    T:0.16981    C:0.18868    A:0.26415    G:0.37736
position  2:    T:0.20755    C:0.20755    A:0.39623    G:0.18868
position  3:    T:0.13208    C:0.49057    A:0.13208    G:0.24528
Average         T:0.16981    C:0.29560    A:0.26415    G:0.27044

#4: ForestMuskDeer2
position  1:    T:0.16981    C:0.18868    A:0.28302    G:0.35849
position  2:    T:0.20755    C:0.20755    A:0.39623    G:0.18868
position  3:    T:0.11321    C:0.49057    A:0.13208    G:0.26415
Average         T:0.16352    C:0.29560    A:0.27044    G:0.27044

#5: Camel          
position  1:    T:0.16981    C:0.18868    A:0.28302    G:0.35849
position  2:    T:0.20755    C:0.20755    A:0.39623    G:0.18868
position  3:    T:0.18868    C:0.43396    A:0.13208    G:0.24528
Average         T:0.18868    C:0.27673    A:0.27044    G:0.26415

#6: KillerWhale    
position  1:    T:0.16981    C:0.18868    A:0.28302    G:0.35849
position  2:    T:0.20755    C:0.20755    A:0.39623    G:0.18868
position  3:    T:0.16981    C:0.43396    A:0.13208    G:0.26415
Average         T:0.18239    C:0.27673    A:0.27044    G:0.27044

#7: DefassaWaterbuck
position  1:    T:0.16981    C:0.18868    A:0.28302    G:0.35849
position  2:    T:0.20755    C:0.20755    A:0.39623    G:0.18868
position  3:    T:0.15094    C:0.47170    A:0.13208    G:0.24528
Average         T:0.17610    C:0.28931    A:0.27044    G:0.26415

#8: Sheep          
position  1:    T:0.16981    C:0.18868    A:0.28302    G:0.35849
position  2:    T:0.20755    C:0.20755    A:0.39623    G:0.18868
position  3:    T:0.13208    C:0.45283    A:0.15094    G:0.26415
Average         T:0.16981    C:0.28302    A:0.27673    G:0.27044

#9: MaxwellsDuiker 
position  1:    T:0.15094    C:0.18868    A:0.30189    G:0.35849
position  2:    T:0.20755    C:0.18868    A:0.39623    G:0.20755
position  3:    T:0.15094    C:0.47170    A:0.09434    G:0.28302
Average         T:0.16981    C:0.28302    A:0.26415    G:0.28302

#10: GazellaPrzewalskyi
position  1:    T:0.16981    C:0.18868    A:0.28302    G:0.35849
position  2:    T:0.20755    C:0.20755    A:0.39623    G:0.18868
position  3:    T:0.13208    C:0.49057    A:0.13208    G:0.24528
Average         T:0.16981    C:0.29560    A:0.27044    G:0.26415

#11: MountainNyala  
position  1:    T:0.16981    C:0.18868    A:0.28302    G:0.35849
position  2:    T:0.20755    C:0.20755    A:0.39623    G:0.18868
position  3:    T:0.13208    C:0.47170    A:0.13208    G:0.26415
Average         T:0.16981    C:0.28931    A:0.27044    G:0.27044

#12: MuntiacusMuntjak
position  1:    T:0.18868    C:0.16981    A:0.30189    G:0.33962
position  2:    T:0.20755    C:0.20755    A:0.39623    G:0.18868
position  3:    T:0.13208    C:0.47170    A:0.16981    G:0.22642
Average         T:0.17610    C:0.28302    A:0.28931    G:0.25157

#13: goat           
position  1:    T:0.16981    C:0.18868    A:0.28302    G:0.35849
position  2:    T:0.20755    C:0.20755    A:0.39623    G:0.18868
position  3:    T:0.13208    C:0.47170    A:0.13208    G:0.26415
Average         T:0.16981    C:0.28931    A:0.27044    G:0.27044

#14: AfricanBuffalo 
position  1:    T:0.16981    C:0.18868    A:0.28302    G:0.35849
position  2:    T:0.20755    C:0.20755    A:0.39623    G:0.18868
position  3:    T:0.15094    C:0.47170    A:0.13208    G:0.24528
Average         T:0.17610    C:0.28931    A:0.27044    G:0.26415

#15: Topi           
position  1:    T:0.16981    C:0.18868    A:0.28302    G:0.35849
position  2:    T:0.20755    C:0.20755    A:0.39623    G:0.18868
position  3:    T:0.15094    C:0.45283    A:0.13208    G:0.26415
Average         T:0.17610    C:0.28302    A:0.27044    G:0.27044

#16: CommonDuiker   
position  1:    T:0.16981    C:0.18868    A:0.28302    G:0.35849
position  2:    T:0.20755    C:0.20755    A:0.39623    G:0.18868
position  3:    T:0.11321    C:0.49057    A:0.13208    G:0.26415
Average         T:0.16352    C:0.29560    A:0.27044    G:0.27044

#17: Suni           
position  1:    T:0.16981    C:0.18868    A:0.28302    G:0.35849
position  2:    T:0.20755    C:0.20755    A:0.39623    G:0.18868
position  3:    T:0.13208    C:0.47170    A:0.15094    G:0.24528
Average         T:0.16981    C:0.28931    A:0.27673    G:0.26415

#18: Springbuck     
position  1:    T:0.16981    C:0.18868    A:0.28302    G:0.35849
position  2:    T:0.20755    C:0.20755    A:0.39623    G:0.18868
position  3:    T:0.13208    C:0.47170    A:0.13208    G:0.26415
Average         T:0.16981    C:0.28931    A:0.27044    G:0.27044

#19: Okapi          
position  1:    T:0.16981    C:0.18868    A:0.28302    G:0.35849
position  2:    T:0.20755    C:0.20755    A:0.39623    G:0.18868
position  3:    T:0.13208    C:0.47170    A:0.13208    G:0.26415
Average         T:0.16981    C:0.28931    A:0.27044    G:0.27044

#20: Giraffe        
position  1:    T:0.16981    C:0.18868    A:0.28302    G:0.35849
position  2:    T:0.20755    C:0.20755    A:0.39623    G:0.18868
position  3:    T:0.13208    C:0.47170    A:0.13208    G:0.26415
Average         T:0.16981    C:0.28931    A:0.27044    G:0.27044

#21: TibetanAntelope
position  1:    T:0.16981    C:0.18868    A:0.28302    G:0.35849
position  2:    T:0.20755    C:0.20755    A:0.39623    G:0.18868
position  3:    T:0.13208    C:0.47170    A:0.13208    G:0.26415
Average         T:0.16981    C:0.28931    A:0.27044    G:0.27044

#22: Sitatunga      
position  1:    T:0.16981    C:0.18868    A:0.28302    G:0.35849
position  2:    T:0.20755    C:0.20755    A:0.39623    G:0.18868
position  3:    T:0.13208    C:0.47170    A:0.13208    G:0.26415
Average         T:0.16981    C:0.28931    A:0.27044    G:0.27044

#23: Oribi          
position  1:    T:0.18868    C:0.16981    A:0.28302    G:0.35849
position  2:    T:0.20755    C:0.20755    A:0.39623    G:0.18868
position  3:    T:0.13208    C:0.47170    A:0.13208    G:0.26415
Average         T:0.17610    C:0.28302    A:0.27044    G:0.27044

#24: BarbarySheep   
position  1:    T:0.18868    C:0.16981    A:0.28302    G:0.35849
position  2:    T:0.20755    C:0.20755    A:0.39623    G:0.18868
position  3:    T:0.13208    C:0.47170    A:0.13208    G:0.26415
Average         T:0.17610    C:0.28302    A:0.27044    G:0.27044

#25: Daviddeer      
position  1:    T:0.16981    C:0.18868    A:0.28302    G:0.35849
position  2:    T:0.20755    C:0.20755    A:0.39623    G:0.18868
position  3:    T:0.13208    C:0.47170    A:0.13208    G:0.26415
Average         T:0.16981    C:0.28931    A:0.27044    G:0.27044

#26: Reindeer       
position  1:    T:0.16981    C:0.18868    A:0.28302    G:0.35849
position  2:    T:0.20755    C:0.20755    A:0.39623    G:0.18868
position  3:    T:0.13208    C:0.47170    A:0.15094    G:0.24528
Average         T:0.16981    C:0.28931    A:0.27673    G:0.26415

#27: Ibex           
position  1:    T:0.16981    C:0.18868    A:0.28302    G:0.35849
position  2:    T:0.20755    C:0.20755    A:0.39623    G:0.18868
position  3:    T:0.13208    C:0.47170    A:0.13208    G:0.26415
Average         T:0.16981    C:0.28931    A:0.27044    G:0.27044

#28: GyrantGazelle  
position  1:    T:0.16981    C:0.18868    A:0.28302    G:0.35849
position  2:    T:0.20755    C:0.20755    A:0.39623    G:0.18868
position  3:    T:0.15094    C:0.45283    A:0.13208    G:0.26415
Average         T:0.17610    C:0.28302    A:0.27044    G:0.27044

#29: Hartebeest     
position  1:    T:0.16981    C:0.18868    A:0.28302    G:0.35849
position  2:    T:0.20755    C:0.20755    A:0.39623    G:0.18868
position  3:    T:0.15094    C:0.45283    A:0.13208    G:0.26415
Average         T:0.17610    C:0.28302    A:0.27044    G:0.27044

#30: Bongo          
position  1:    T:0.16981    C:0.18868    A:0.28302    G:0.35849
position  2:    T:0.20755    C:0.20755    A:0.39623    G:0.18868
position  3:    T:0.15094    C:0.45283    A:0.13208    G:0.26415
Average         T:0.17610    C:0.28302    A:0.27044    G:0.27044

#31: Gerenuk        
position  1:    T:0.16981    C:0.18868    A:0.28302    G:0.35849
position  2:    T:0.20755    C:0.20755    A:0.39623    G:0.18868
position  3:    T:0.15094    C:0.45283    A:0.13208    G:0.26415
Average         T:0.17610    C:0.28302    A:0.27044    G:0.27044

#32: CommonEland    
position  1:    T:0.16981    C:0.18868    A:0.28302    G:0.35849
position  2:    T:0.20755    C:0.20755    A:0.39623    G:0.18868
position  3:    T:0.13208    C:0.47170    A:0.13208    G:0.26415
Average         T:0.16981    C:0.28931    A:0.27044    G:0.27044

#33: MuntiacusReevesi
position  1:    T:0.16981    C:0.18868    A:0.28302    G:0.35849
position  2:    T:0.20755    C:0.20755    A:0.39623    G:0.18868
position  3:    T:0.13208    C:0.47170    A:0.13208    G:0.26415
Average         T:0.16981    C:0.28931    A:0.27044    G:0.27044

#34: HarveysDuiker  
position  1:    T:0.16981    C:0.18868    A:0.28302    G:0.35849
position  2:    T:0.20755    C:0.20755    A:0.39623    G:0.18868
position  3:    T:0.11321    C:0.49057    A:0.13208    G:0.26415
Average         T:0.16352    C:0.29560    A:0.27044    G:0.27044

#35: Pronghorn      
position  1:    T:0.16981    C:0.18868    A:0.28302    G:0.35849
position  2:    T:0.20755    C:0.20755    A:0.39623    G:0.18868
position  3:    T:0.15094    C:0.45283    A:0.09434    G:0.30189
Average         T:0.17610    C:0.28302    A:0.25786    G:0.28302

#36: BlueWildebeest 
position  1:    T:0.16981    C:0.18868    A:0.28302    G:0.35849
position  2:    T:0.20755    C:0.20755    A:0.39623    G:0.18868
position  3:    T:0.15094    C:0.45283    A:0.13208    G:0.26415
Average         T:0.17610    C:0.28302    A:0.27044    G:0.27044

#37: Gemsbok        
position  1:    T:0.16981    C:0.18868    A:0.28302    G:0.35849
position  2:    T:0.20755    C:0.20755    A:0.39623    G:0.18868
position  3:    T:0.16981    C:0.43396    A:0.13208    G:0.26415
Average         T:0.18239    C:0.27673    A:0.27044    G:0.27044

#38: Yak            
position  1:    T:0.16981    C:0.18868    A:0.30189    G:0.33962
position  2:    T:0.20755    C:0.20755    A:0.39623    G:0.18868
position  3:    T:0.11321    C:0.49057    A:0.13208    G:0.26415
Average         T:0.16352    C:0.29560    A:0.27673    G:0.26415

#39: BlueSheep      
position  1:    T:0.16981    C:0.18868    A:0.28302    G:0.35849
position  2:    T:0.20755    C:0.20755    A:0.39623    G:0.18868
position  3:    T:0.13208    C:0.47170    A:0.13208    G:0.26415
Average         T:0.16981    C:0.28931    A:0.27044    G:0.27044

#40: BohorReedbuck  
position  1:    T:0.16981    C:0.18868    A:0.28302    G:0.35849
position  2:    T:0.20755    C:0.20755    A:0.39623    G:0.18868
position  3:    T:0.15094    C:0.47170    A:0.13208    G:0.24528
Average         T:0.17610    C:0.28931    A:0.27044    G:0.26415

#41: KirksDik       
position  1:    T:0.16981    C:0.18868    A:0.28302    G:0.35849
position  2:    T:0.20755    C:0.20755    A:0.39623    G:0.18868
position  3:    T:0.16981    C:0.43396    A:0.15094    G:0.24528
Average         T:0.18239    C:0.27673    A:0.27673    G:0.26415

#42: RoeDeer        
position  1:    T:0.16981    C:0.18868    A:0.28302    G:0.35849
position  2:    T:0.20755    C:0.20755    A:0.39623    G:0.18868
position  3:    T:0.15094    C:0.45283    A:0.13208    G:0.26415
Average         T:0.17610    C:0.28302    A:0.27044    G:0.27044

#43: WhiteLippedDeer
position  1:    T:0.16981    C:0.18868    A:0.28302    G:0.35849
position  2:    T:0.20755    C:0.20755    A:0.39623    G:0.18868
position  3:    T:0.13208    C:0.47170    A:0.13208    G:0.26415
Average         T:0.16981    C:0.28931    A:0.27044    G:0.27044

#44: ThomsonGazelle 
position  1:    T:0.16981    C:0.18868    A:0.28302    G:0.35849
position  2:    T:0.20755    C:0.20755    A:0.39623    G:0.18868
position  3:    T:0.13208    C:0.47170    A:0.13208    G:0.26415
Average         T:0.16981    C:0.28931    A:0.27044    G:0.27044

#45: MuntiacusCrinifrons
position  1:    T:0.16981    C:0.18868    A:0.28302    G:0.35849
position  2:    T:0.20755    C:0.20755    A:0.39623    G:0.18868
position  3:    T:0.13208    C:0.47170    A:0.13208    G:0.26415
Average         T:0.16981    C:0.28931    A:0.27044    G:0.27044

#46: WhiteTailedDeer
position  1:    T:0.16981    C:0.18868    A:0.28302    G:0.35849
position  2:    T:0.20755    C:0.20755    A:0.39623    G:0.18868
position  3:    T:0.15094    C:0.45283    A:0.15094    G:0.24528
Average         T:0.17610    C:0.28302    A:0.27673    G:0.26415

#47: Cattle         
position  1:    T:0.16981    C:0.18868    A:0.28302    G:0.35849
position  2:    T:0.20755    C:0.20755    A:0.39623    G:0.18868
position  3:    T:0.11321    C:0.49057    A:0.13208    G:0.26415
Average         T:0.16352    C:0.29560    A:0.27044    G:0.27044

#48: RoyalAntelope  
position  1:    T:0.16981    C:0.18868    A:0.28302    G:0.35849
position  2:    T:0.20755    C:0.20755    A:0.39623    G:0.18868
position  3:    T:0.13208    C:0.47170    A:0.15094    G:0.24528
Average         T:0.16981    C:0.28931    A:0.27673    G:0.26415

#49: Steenbok       
position  1:    T:0.16981    C:0.18868    A:0.28302    G:0.35849
position  2:    T:0.20755    C:0.20755    A:0.39623    G:0.18868
position  3:    T:0.16981    C:0.43396    A:0.15094    G:0.24528
Average         T:0.18239    C:0.27673    A:0.27673    G:0.26415

#50: Impala         
position  1:    T:0.16981    C:0.18868    A:0.28302    G:0.35849
position  2:    T:0.20755    C:0.20755    A:0.39623    G:0.18868
position  3:    T:0.15094    C:0.45283    A:0.13208    G:0.26415
Average         T:0.17610    C:0.28302    A:0.27044    G:0.27044

#51: Klipspringer   
position  1:    T:0.16981    C:0.18868    A:0.28302    G:0.35849
position  2:    T:0.20755    C:0.20755    A:0.39623    G:0.18868
