1
52 1
Argali 0.000000 0.192600 0.044700 0.194200 0.044400 0.000000 0.044600 0.022200 0.057100 0.079800 0.022100 0.033300 0.045100 0.045800 0.057400 0.033200 0.039400 0.055900 0.022100 0.033500 0.032900 0.021900 0.067000 0.055800 0.022100 0.033100 0.056700 0.055600 0.033100 0.041200 0.079500 0.021900 0.067700 0.044900 0.033500 0.056100 0.022100 0.044600 0.033200 0.077100 0.067000 0.044800 0.079800 0.055700 0.056200 0.022000 0.044100 0.045400 0.079600 0.044400 0.053600 0.053800
LesserMous 0.192600 0.000000 0.189200 0.177700 0.215900 0.191100 0.215200 0.191100 0.205900 0.203300 0.190000 0.176300 0.218800 0.224400 0.260800 0.202200 0.191300 0.202700 0.189700 0.177300 0.200900 0.188500 0.161400 0.175500 0.189500 0.188400 0.232600 0.175100 0.175700 0.187700 0.202700 0.188000 0.137500 0.217700 0.204300 0.202700 0.190000 0.216500 0.202100 0.202700 0.161400 0.203200 0.203300 0.175000 0.203200 0.188700 0.187600 0.219900 0.231000 0.188700 0.200400 0.202500
LesserKudu 0.044700 0.189200 0.000000 0.190500 0.043700 0.044400 0.043900 0.021800 0.033100 0.055400 0.021700 0.010800 0.044400 0.044900 0.080400 0.032600 0.044500 0.055200 0.021700 0.010800 0.032400 0.021500 0.066000 0.032500 0.021700 0.032600 0.055800 0.032300 0.032600 0.010800 0.055200 0.021500 0.043800 0.044200 0.032900 0.032700 0.021700 0.043900 0.032700 0.050500 0.066000 0.044000 0.055400 0.032500 0.032800 0.021600 0.043300 0.044700 0.102500 0.021500 0.021500 0.021900
KillerWhal 0.194200 0.177700 0.190500 0.000000 0.218200 0.192400 0.189200 0.191800 0.207800 0.208500 0.191300 0.176900 0.221300 0.192600 0.236800 0.207700 0.169100 0.208500 0.190600 0.177800 0.202500 0.189100 0.164600 0.175600 0.190600 0.189200 0.221100 0.205600 0.202700 0.188200 0.207700 0.189000 0.166200 0.220000 0.176900 0.190300 0.191300 0.218900 0.189600 0.180400 0.164600 0.204700 0.208500 0.179200 0.185000 0.190200 0.214600 0.207200 0.262800 0.202400 0.201800 0.203600
DefassaWat 0.044400 0.215900 0.043700 0.218200 0.000000 0.044100 0.043600 0.021800 0.055800 0.078100 0.021600 0.032600 0.044100 0.044900 0.079800 0.032500 0.059500 0.078000 0.021600 0.032700 0.032200 0.021500 0.088700 0.054600 0.021600 0.032400 0.055500 0.054400 0.032400 0.038500 0.077800 0.021400 0.066200 0.043900 0.032800 0.054900 0.021600 0.000100 0.032500 0.074300 0.088700 0.043800 0.078100 0.054500 0.055000 0.021500 0.043100 0.044400 0.101900 0.043400 0.051900 0.050900
Sheep 0.000000 0.191100 0.044400 0.192400 0.044100 0.000000 0.044200 0.022100 0.056600 0.079200 0.021000 0.033100 0.044600 0.045500 0.056900 0.032900 0.037800 0.055500 0.021900 0.033200 0.032700 0.021800 0.066500 0.055400 0.021900 0.032900 0.056100 0.055200 0.032900 0.040900 0.078900 0.021700 0.067200 0.044400 0.033300 0.055700 0.021900 0.044300 0.033000 0.077000 0.066500 0.044400 0.079200 0.055200 0.055700 0.021800 0.043700 0.045000 0.078700 0.044100 0.053200 0.053500
MaxwellsDu 0.044600 0.215200 0.043900 0.189200 0.043600 0.044200 0.000000 0.021800 0.056000 0.078200 0.021700 0.032700 0.044300 0.000400 0.068200 0.032600 0.034200 0.078200 0.021700 0.032800 0.032300 0.021500 0.088400 0.054700 0.021700 0.032500 0.055600 0.054600 0.032600 0.038900 0.077900 0.021400 0.066400 0.044100 0.032900 0.064300 0.021700 0.043800 0.032600 0.074700 0.088400 0.043900 0.078200 0.054600 0.063800 0.021600 0.043300 0.033100 0.102100 0.043500 0.052200 0.051300
GazellaPrz 0.022200 0.191100 0.021800 0.191800 0.021800 0.022100 0.021800 0.000000 0.033500 0.055800 0.000200 0.010700 0.022100 0.022300 0.057100 0.010800 0.032600 0.055500 0.000200 0.010800 0.010800 0.000300 0.066400 0.032700 0.000200 0.010800 0.033300 0.032600 0.010800 0.013200 0.055500 0.000100 0.044100 0.022000 0.010800 0.032900 0.000200 0.021900 0.010800 0.051500 0.066400 0.021900 0.055800 0.032700 0.033000 0.000200 0.021500 0.022100 0.079200 0.021600 0.028000 0.026100
MountainNy 0.057100 0.205900 0.033100 0.207800 0.055800 0.056600 0.056000 0.033500 0.000000 0.067900 0.033300 0.022100 0.056700 0.057500 0.093900 0.044400 0.056900 0.067700 0.033300 0.022000 0.044100 0.033100 0.078700 0.044300 0.033300 0.044400 0.068400 0.043900 0.044400 0.022100 0.067600 0.033000 0.056000 0.056500 0.044900 0.044500 0.033300 0.056100 0.044500 0.064000 0.078700 0.056200 0.067900 0.044200 0.044600 0.033100 0.055300 0.057100 0.116400 0.033100 0.033000 0.033600
MuntiacusM 0.079800 0.203300 0.055400 0.208500 0.078100 0.079200 0.078200 0.055800 0.067900 0.000000 0.055400 0.044000 0.067000 0.080400 0.117200 0.066700 0.056100 0.066800 0.055300 0.044300 0.066100 0.054900 0.054000 0.021300 0.055300 0.066400 0.078600 0.066300 0.066400 0.051200 0.000000 0.054800 0.055100 0.079000 0.067200 0.066800 0.055400 0.078400 0.066600 0.043500 0.054000 0.078600 0.000000 0.021300 0.067000 0.055100 0.065800 0.079900 0.114500 0.055000 0.064400 0.063800
goat 0.022100 0.190000 0.021700 0.191300 0.021600 0.021000 0.021700 0.000200 0.033300 0.055400 0.000000 0.010800 0.021000 0.022200 0.056700 0.010800 0.037500 0.055400 0.000100 0.010900 0.010700 0.000100 0.066000 0.032600 0.000000 0.010800 0.033000 0.032500 0.010700 0.015600 0.055200 0.000100 0.043900 0.021800 0.010900 0.032800 0.000000 0.021700 0.010800 0.052700 0.066000 0.021800 0.055400 0.032500 0.032800 0.000100 0.021400 0.022100 0.078400 0.021600 0.029000 0.028600
AfricanBuf 0.033300 0.176300 0.010800 0.176900 0.032600 0.033100 0.032700 0.010700 0.022100 0.044000 0.010800 0.000000 0.033100 0.033300 0.068400 0.021600 0.033200 0.043900 0.010800 0.000100 0.021500 0.010700 0.054700 0.021600 0.010800 0.021600 0.044400 0.021500 0.021500 0.000200 0.043900 0.010600 0.032700 0.033000 0.021800 0.021700 0.010800 0.032800 0.021600 0.039600 0.054700 0.032800 0.044000 0.021500 0.021700 0.010700 0.032300 0.033300 0.090500 0.010700 0.016400 0.015500
Topi 0.045100 0.218800 0.044400 0.221300 0.044100 0.044600 0.044300 0.022100 0.056700 0.067000 0.021000 0.033100 0.000000 0.045500 0.081100 0.033000 0.063800 0.079200 0.021900 0.033300 0.032700 0.021800 0.090000 0.055500 0.021900 0.032900 0.010800 0.055300 0.032900 0.041100 0.066700 0.021700 0.067200 0.022000 0.033300 0.055700 0.021900 0.044400 0.033000 0.077200 0.090000 0.044500 0.067000 0.055300 0.055800 0.021800 0.043800 0.045100 0.103000 0.044100 0.053300 0.053600
CommonDuik 0.045800 0.224400 0.044900 0.192600 0.044900 0.045500 0.000400 0.022300 0.057500 0.080400 0.022200 0.033300 0.045500 0.000000 0.058000 0.033400 0.029300 0.080300 0.022100 0.033500 0.033200 0.021900 0.090300 0.056200 0.022100 0.033400 0.057200 0.056000 0.033300 0.036900 0.080100 0.022000 0.068100 0.045200 0.033600 0.056500 0.022200 0.045100 0.033500 0.073900 0.090300 0.045200 0.080400 0.056000 0.056600 0.022000 0.044300 0.033800 0.105100 0.047700 0.050900 0.049600
Suni 0.057400 0.260800 0.080400 0.236800 0.079800 0.056900 0.068200 0.057100 0.093900 0.117200 0.056700 0.068400 0.081100 0.058000 0.000000 0.068100 0.063700 0.092000 0.056700 0.068800 0.067600 0.056300 0.127800 0.091700 0.056600 0.068000 0.093100 0.091300 0.068100 0.078000 0.116800 0.056100 0.104200 0.080700 0.068900 0.092100 0.056700 0.080200 0.044900 0.114900 0.127800 0.080500 0.117200 0.091500 0.092300 0.056300 0.079200 0.056900 0.116800 0.079700 0.090000 0.091200
Springbuck 0.033200 0.202200 0.032600 0.207700 0.032500 0.032900 0.032600 0.010800 0.044400 0.066700 0.010800 0.021600 0.033000 0.033400 0.068100 0.000000 0.048600 0.066500 0.010800 0.021700 0.021400 0.010700 0.077200 0.043500 0.010800 0.021400 0.044200 0.043400 0.021400 0.026200 0.066400 0.010700 0.054900 0.032800 0.021700 0.043700 0.010800 0.032600 0.021600 0.066500 0.077200 0.032500 0.066700 0.043400 0.043800 0.010700 0.032200 0.033100 0.090000 0.032400 0.039800 0.038700
Okapi 0.039400 0.191300 0.044500 0.169100 0.059500 0.037800 0.034200 0.032600 0.056900 0.056100 0.037500 0.033200 0.063800 0.029300 0.063700 0.048600 0.000000 0.033000 0.035400 0.033400 0.047100 0.034200 0.066100 0.033000 0.036400 0.046900 0.076300 0.055500 0.046800 0.038900 0.055900 0.034000 0.044300 0.063500 0.049000 0.055900 0.037500 0.060700 0.046900 0.055900 0.066100 0.061000 0.056100 0.032900 0.056000 0.035100 0.057500 0.049100 0.075600 0.044300 0.052100 0.051500
Giraffe 0.055900 0.202700 0.055200 0.208500 0.078000 0.055500 0.078200 0.055500 0.067700 0.066800 0.055400 0.043900 0.079200 0.080300 0.092000 0.066500 0.033000 0.000000 0.055300 0.044100 0.066000 0.054900 0.077400 0.043600 0.055300 0.066300 0.091000 0.066200 0.066300 0.045800 0.066500 0.054800 0.055000 0.078800 0.067200 0.066600 0.055400 0.078300 0.066500 0.066600 0.077400 0.078500 0.066800 0.043500 0.066800 0.055000 0.077200 0.079600 0.090000 0.043700 0.056500 0.058100
TibetanAnt 0.022100 0.189700 0.021700 0.190600 0.021600 0.021900 0.021700 0.000200 0.033300 0.055300 0.000100 0.010800 0.021900 0.022100 0.056700 0.010800 0.035400 0.055300 0.000000 0.010800 0.010700 0.000200 0.066000 0.032500 0.000100 0.010700 0.033100 0.032400 0.010700 0.014300 0.055200 0.000200 0.043900 0.021800 0.010800 0.032700 0.000100 0.021700 0.010700 0.051500 0.066000 0.021800 0.055300 0.032500 0.032800 0.000100 0.021400 0.022100 0.078700 0.021600 0.028200 0.027300
Sitatunga 0.033500 0.177300 0.010800 0.177800 0.032700 0.033200 0.032800 0.010800 0.022000 0.044300 0.010900 0.000100 0.033300 0.033500 0.068800 0.021700 0.033400 0.044100 0.010800 0.000000 0.021600 0.010700 0.055000 0.021700 0.010800 0.021700 0.044600 0.021500 0.021600 0.000100 0.044100 0.010700 0.032900 0.033100 0.021900 0.021800 0.010900 0.032900 0.021700 0.039300 0.055000 0.033000 0.044300 0.021600 0.021800 0.010700 0.032400 0.033500 0.091000 0.010800 0.010700 0.010900
Oribi 0.032900 0.200900 0.032400 0.202500 0.032200 0.032700 0.032300 0.010800 0.044100 0.066100 0.010700 0.021500 0.032700 0.033200 0.067600 0.021400 0.047100 0.066000 0.010700 0.021600 0.000000 0.010600 0.076600 0.043200 0.010700 0.021400 0.043800 0.043100 0.021400 0.026500 0.065800 0.010600 0.054500 0.032600 0.021600 0.043400 0.010700 0.032400 0.021400 0.063300 0.076600 0.032500 0.066100 0.043100 0.043500 0.010600 0.032000 0.032900 0.089500 0.032200 0.040100 0.038900
BarbaryShe 0.021900 0.188500 0.021500 0.189100 0.021500 0.021800 0.021500 0.000300 0.033100 0.054900 0.000100 0.010700 0.021800 0.021900 0.056300 0.010700 0.034200 0.054900 0.000200 0.010700 0.010600 0.000000 0.065500 0.032300 0.000100 0.010700 0.032800 0.032200 0.010600 0.013900 0.054700 0.000200 0.043600 0.021700 0.010700 0.032500 0.000100 0.021600 0.010600 0.050700 0.065500 0.021600 0.054900 0.032200 0.032500 0.000200 0.021200 0.021900 0.078100 0.021400 0.027700 0.026800
Daviddeer 0.067000 0.161400 0.066000 0.164600 0.088700 0.066500 0.088400 0.066400 0.078700 0.054000 0.066000 0.054700 0.090000 0.090300 0.127800 0.077200 0.066100 0.077400 0.066000 0.055000 0.076600 0.065500 0.000000 0.031700 0.065900 0.077000 0.101900 0.076900 0.077000 0.062200 0.053800 0.065400 0.065700 0.089600 0.077900 0.077300 0.066000 0.089100 0.077200 0.053900 0.000000 0.089300 0.054000 0.031700 0.077500 0.065600 0.076300 0.090200 0.125200 0.065600 0.075000 0.074700
Reindeer 0.055800 0.175500 0.032500 0.175600 0.054600 0.055400 0.054700 0.032700 0.044300 0.021300 0.032600 0.021600 0.055500 0.056200 0.091700 0.043500 0.033000 0.043600 0.032500 0.021700 0.043200 0.032300 0.031700 0.000000 0.032500 0.043400 0.066900 0.043200 0.043400 0.026900 0.021300 0.032200 0.032400 0.055200 0.043900 0.043600 0.032600 0.054900 0.043500 0.015200 0.031700 0.055000 0.021300 0.000100 0.043700 0.032400 0.043000 0.055800 0.089700 0.032400 0.040600 0.039400
Ibex 0.022100 0.189500 0.021700 0.190600 0.021600 0.021900 0.021700 0.000200 0.033300 0.055300 0.000000 0.010800 0.021900 0.022100 0.056600 0.010800 0.036400 0.055300 0.000100 0.010800 0.010700 0.000100 0.065900 0.032500 0.000000 0.010700 0.033100 0.032400 0.010700 0.014900 0.055100 0.000100 0.043800 0.021800 0.010800 0.032700 0.000000 0.021700 0.010700 0.052000 0.065900 0.021700 0.055300 0.032400 0.032700 0.000100 0.021400 0.022000 0.078600 0.021600 0.028500 0.027900
GyrantGaze 0.033100 0.188400 0.032600 0.189200 0.032400 0.032900 0.032500 0.010800 0.044400 0.066400 0.010800 0.021600 0.032900 0.033400 0.068000 0.021400 0.046900 0.066300 0.010700 0.021700 0.021400 0.010700 0.077000 0.043400 0.010700 0.000000 0.044100 0.043300 0.021400 0.026100 0.066200 0.010600 0.054800 0.032700 0.021700 0.043600 0.010800 0.032600 0.021500 0.063100 0.077000 0.010600 0.066400 0.043300 0.043700 0.010700 0.032100 0.033100 0.089900 0.032300 0.039600 0.038500
Hartebeest 0.056700 0.232600 0.055800 0.221100 0.055500 0.056100 0.055600 0.033300 0.068400 0.078600 0.033000 0.044400 0.010800 0.057200 0.093100 0.044200 0.076300 0.091000 0.033100 0.044600 0.043800 0.032800 0.101900 0.066900 0.033100 0.044100 0.000000 0.066700 0.044100 0.053200 0.078300 0.032700 0.078900 0.033100 0.044600 0.067300 0.033000 0.055700 0.044200 0.065100 0.101900 0.055800 0.078600 0.066800 0.067400 0.032900 0.055000 0.056700 0.115100 0.055400 0.065200 0.065800
Bongo 0.055600 0.175100 0.032300 0.205600 0.054400 0.055200 0.054600 0.032600 0.043900 0.066300 0.032500 0.021500 0.055300 0.056000 0.091300 0.043400 0.055500 0.066200 0.032400 0.021500 0.043100 0.032200 0.076900 0.043200 0.032400 0.043300 0.066700 0.000000 0.043200 0.021500 0.066000 0.032100 0.054700 0.055000 0.043700 0.043400 0.032500 0.054700 0.043300 0.065000 0.076900 0.054800 0.066300 0.043200 0.043500 0.032300 0.053900 0.055500 0.113400 0.032300 0.032200 0.032700
Gerenuk 0.033100 0.175700 0.032600 0.202700 0.032400 0.032900 0.032600 0.010800 0.044400 0.066400 0.010700 0.021500 0.032900 0.033300 0.068100 0.021400 0.046800 0.066300 0.010700 0.021600 0.021400 0.010600 0.077000 0.043400 0.010700 0.021400 0.044100 0.043200 0.000000 0.026000 0.066200 0.010600 0.054800 0.032800 0.021700 0.051200 0.010700 0.032600 0.021600 0.063100 0.077000 0.032500 0.066400 0.043300 0.050800 0.010600 0.010600 0.033100 0.066600 0.032300 0.039600 0.038500
CommonElan 0.041200 0.187700 0.010800 0.188200 0.038500 0.040900 0.038900 0.013200 0.022100 0.051200 0.015600 0.000200 0.041100 0.036900 0.078000 0.026200 0.038900 0.045800 0.014300 0.000100 0.026500 0.013900 0.062200 0.026900 0.014900 0.026100 0.053200 0.021500 0.026000 0.000000 0.051000 0.013800 0.039400 0.040800 0.027200 0.027800 0.015600 0.032900 0.026100 0.045800 0.062200 0.039000 0.051200 0.026800 0.027300 0.014300 0.037700 0.040100 0.101400 0.013600 0.021600 0.010500
MuntiacusR 0.079500 0.202700 0.055200 0.207700 0.077800 0.078900 0.077900 0.055500 0.067600 0.000000 0.055200 0.043900 0.066700 0.080100 0.116800 0.066400 0.055900 0.066500 0.055200 0.044100 0.065800 0.054700 0.053800 0.021300 0.055100 0.066200 0.078300 0.066000 0.066200 0.051000 0.000000 0.054600 0.054900 0.078700 0.066900 0.066600 0.055200 0.078200 0.066400 0.043300 0.053800 0.078300 0.000000 0.021200 0.066700 0.054900 0.065600 0.079600 0.114100 0.054800 0.064200 0.063500
HarveysDui 0.021900 0.188000 0.021500 0.189000 0.021400 0.021700 0.021400 0.000100 0.033000 0.054800 0.000100 0.010600 0.021700 0.022000 0.056100 0.010700 0.034000 0.054800 0.000200 0.010700 0.010600 0.000200 0.065400 0.032200 0.000100 0.010600 0.032700 0.032100 0.010600 0.013800 0.054600 0.000000 0.043400 0.021600 0.010700 0.040500 0.000100 0.021500 0.010700 0.050700 0.065400 0.021600 0.054800 0.032200 0.039800 0.000100 0.021200 0.021800 0.077900 0.021300 0.028300 0.026600
Pronghorn 0.067700 0.137500 0.043800 0.166200 0.066200 0.067200 0.066400 0.044100 0.056000 0.055100 0.043900 0.032700 0.067200 0.068100 0.104200 0.054900 0.044300 0.055000 0.043900 0.032900 0.054500 0.043600 0.065700 0.032400 0.043800 0.054800 0.078900 0.054700 0.054800 0.039400 0.054900 0.043400 0.000000 0.066900 0.055500 0.055000 0.043900 0.066500 0.054900 0.055000 0.065700 0.066700 0.055100 0.032400 0.055100 0.043600 0.065600 0.067600 0.102000 0.043600 0.052000 0.051800
BlueWildeb 0.044900 0.217700 0.044200 0.220000 0.043900 0.044400 0.044100 0.022000 0.056500 0.079000 0.021800 0.033000 0.022000 0.045200 0.080700 0.032800 0.063500 0.078800 0.021800 0.033100 0.032600 0.021700 0.089600 0.055200 0.021800 0.032700 0.033100 0.055000 0.032800 0.040800 0.078700 0.021600 0.066900 0.000000 0.033100 0.055500 0.021800 0.044200 0.032800 0.076800 0.089600 0.044300 0.079000 0.055100 0.055600 0.021700 0.043600 0.044900 0.102500 0.043900 0.029200 0.053300
Gemsbok 0.033500 0.204300 0.032900 0.176900 0.032800 0.033300 0.032900 0.010800 0.044900 0.067200 0.010900 0.021800 0.033300 0.033600 0.068900 0.021700 0.049000 0.067200 0.010800 0.021900 0.021600 0.010700 0.077900 0.043900 0.010800 0.021700 0.044600 0.043700 0.021700 0.027200 0.066900 0.010700 0.055500 0.033100 0.000000 0.052300 0.010900 0.032900 0.021700 0.063900 0.077900 0.033000 0.067200 0.043800 0.051800 0.010800 0.032500 0.033500 0.091000 0.032700 0.040500 0.039900
Yak 0.056100 0.202700 0.032700 0.190300 0.054900 0.055700 0.064300 0.032900 0.044500 0.066800 0.032800 0.021700 0.055700 0.056500 0.092100 0.043700 0.055900 0.066600 0.032700 0.021800 0.043400 0.032500 0.077300 0.043600 0.032700 0.043600 0.067300 0.043400 0.051200 0.027800 0.066600 0.040500 0.055000 0.055500 0.052300 0.000000 0.032800 0.055200 0.043700 0.063000 0.077300 0.032700 0.066800 0.043500 0.000000 0.032500 0.062200 0.056000 0.114400 0.032500 0.041300 0.040300
BlueSheep 0.022100 0.190000 0.021700 0.191300 0.021600 0.021900 0.021700 0.000200 0.033300 0.055400 0.000000 0.010800 0.021900 0.022200 0.056700 0.010800 0.037500 0.055400 0.000100 0.010900 0.010700 0.000100 0.066000 0.032600 0.000000 0.010800 0.033000 0.032500 0.010700 0.015600 0.055200 0.000100 0.043900 0.021800 0.010900 0.032800 0.000000 0.021700 0.010800 0.052700 0.066000 0.021800 0.055400 0.032500 0.032800 0.000100 0.021400 0.022100 0.078400 0.021600 0.029000 0.028600
BohorReedb 0.044600 0.216500 0.043900 0.218900 0.000100 0.044300 0.043800 0.021900 0.056100 0.078400 0.021700 0.032800 0.044400 0.045100 0.080200 0.032600 0.060700 0.078300 0.021700 0.032900 0.032400 0.021600 0.089100 0.054900 0.021700 0.032600 0.055700 0.054700 0.032600 0.032900 0.078200 0.021500 0.066500 0.044200 0.032900 0.055200 0.021700 0.000000 0.032700 0.075000 0.089100 0.044000 0.078400 0.054800 0.055300 0.021600 0.043300 0.044600 0.102300 0.043600 0.043800 0.044500
KirksDik 0.033200 0.202100 0.032700 0.189600 0.032500 0.033000 0.032600 0.010800 0.044500 0.066600 0.010800 0.021600 0.033000 0.033500 0.044900 0.021600 0.046900 0.066500 0.010700 0.021700 0.021400 0.010600 0.077200 0.043500 0.010700 0.021500 0.044200 0.043300 0.021600 0.026100 0.066400 0.010700 0.054900 0.032800 0.021700 0.043700 0.010800 0.032700 0.000000 0.063200 0.077200 0.032700 0.066600 0.043400 0.043800 0.010700 0.032200 0.033200 0.090200 0.032400 0.040100 0.038600
RoeDeer 0.077100 0.202700 0.050500 0.180400 0.074300 0.077000 0.074700 0.051500 0.064000 0.043500 0.052700 0.039600 0.077200 0.073900 0.114900 0.066500 0.055900 0.066600 0.051500 0.039300 0.063300 0.050700 0.053900 0.015200 0.052000 0.063100 0.065100 0.065000 0.063100 0.045800 0.043300 0.050700 0.055000 0.076800 0.063900 0.063000 0.052700 0.075000 0.063200 0.000000 0.053900 0.076000 0.043500 0.021300 0.062600 0.051200 0.061800 0.076700 0.112700 0.054900 0.058700 0.059100
WhiteLippe 0.067000 0.161400 0.066000 0.164600 0.088700 0.066500 0.088400 0.066400 0.078700 0.054000 0.066000 0.054700 0.090000 0.090300 0.127800 0.077200 0.066100 0.077400 0.066000 0.055000 0.076600 0.065500 0.000000 0.031700 0.065900 0.077000 0.101900 0.076900 0.077000 0.062200 0.053800 0.065400 0.065700 0.089600 0.077900 0.077300 0.066000 0.089100 0.077200 0.053900 0.000000 0.089300 0.054000 0.031700 0.077500 0.065600 0.076300 0.090200 0.125200 0.065600 0.075000 0.074700
ThomsonGaz 0.044800 0.203200 0.044000 0.204700 0.043800 0.044400 0.043900 0.021900 0.056200 0.078600 0.021800 0.032800 0.044500 0.045200 0.080500 0.032500 0.061000 0.078500 0.021800 0.033000 0.032500 0.021600 0.089300 0.055000 0.021700 0.010600 0.055800 0.054800 0.032500 0.039000 0.078300 0.021600 0.066700 0.044300 0.033000 0.032700 0.021800 0.044000 0.032700 0.076000 0.089300 0.000000 0.078600 0.054900 0.032800 0.021600 0.043400 0.044700 0.102500 0.043700 0.052200 0.051500
MuntiacusC 0.079800 0.203300 0.055400 0.208500 0.078100 0.079200 0.078200 0.055800 0.067900 0.000000 0.055400 0.044000 0.067000 0.080400 0.117200 0.066700 0.056100 0.066800 0.055300 0.044300 0.066100 0.054900 0.054000 0.021300 0.055300 0.066400 0.078600 0.066300 0.066400 0.051200 0.000000 0.054800 0.055100 0.079000 0.067200 0.066800 0.055400 0.078400 0.066600 0.043500 0.054000 0.078600 0.000000 0.021300 0.067000 0.055100 0.065800 0.079900 0.114500 0.055000 0.064400 0.063800
WhiteTaile 0.055700 0.175000 0.032500 0.179200 0.054500 0.055200 0.054600 0.032700 0.044200 0.021300 0.032500 0.021500 0.055300 0.056000 0.091500 0.043400 0.032900 0.043500 0.032500 0.021600 0.043100 0.032200 0.031700 0.000100 0.032400 0.043300 0.066800 0.043200 0.043300 0.026800 0.021200 0.032200 0.032400 0.055100 0.043800 0.043500 0.032500 0.054800 0.043400 0.021300 0.031700 0.054900 0.021300 0.000000 0.043600 0.032300 0.042900 0.055700 0.089500 0.032300 0.040500 0.039200
Cattle 0.056200 0.203200 0.032800 0.185000 0.055000 0.055700 0.063800 0.033000 0.044600 0.067000 0.032800 0.021700 0.055800 0.056600 0.092300 0.043800 0.056000 0.066800 0.032800 0.021800 0.043500 0.032500 0.077500 0.043700 0.032700 0.043700 0.067400 0.043500 0.050800 0.027300 0.066700 0.039800 0.055100 0.055600 0.051800 0.000000 0.032800 0.055300 0.043800 0.062600 0.077500 0.032800 0.067000 0.043600 0.000000 0.032600 0.061800 0.056100 0.114600 0.032600 0.041000 0.039800
RoyalAntel 0.022000 0.188700 0.021600 0.190200 0.021500 0.021800 0.021600 0.000200 0.033100 0.055100 0.000100 0.010700 0.021800 0.022000 0.056300 0.010700 0.035100 0.055000 0.000100 0.010700 0.010600 0.000200 0.065600 0.032400 0.000100 0.010700 0.032900 0.032300 0.010600 0.014300 0.054900 0.000100 0.043600 0.021700 0.010800 0.032500 0.000100 0.021600 0.010700 0.051200 0.065600 0.021600 0.055100 0.032300 0.032600 0.000000 0.021300 0.021900 0.078200 0.021400 0.028900 0.027200
Steenbok 0.044100 0.187600 0.043300 0.214600 0.043100 0.043700 0.043300 0.021500 0.055300 0.065800 0.021400 0.032300 0.043800 0.044300 0.079200 0.032200 0.057500 0.077200 0.021400 0.032400 0.032000 0.021200 0.076300 0.043000 0.021400 0.032100 0.055000 0.053900 0.010600 0.037700 0.065600 0.021200 0.065600 0.043600 0.032500 0.062200 0.021400 0.043300 0.032200 0.061800 0.076300 0.043400 0.065800 0.042900 0.061800 0.021300 0.000000 0.044000 0.077600 0.043000 0.051100 0.050000
Impala 0.045400 0.219900 0.044700 0.207200 0.044400 0.045000 0.033100 0.022100 0.057100 0.079900 0.022100 0.033300 0.045100 0.033800 0.056900 0.033100 0.049100 0.079600 0.022100 0.033500 0.032900 0.021900 0.090200 0.055800 0.022000 0.033100 0.056700 0.055500 0.033100 0.040100 0.079600 0.021800 0.067600 0.044900 0.033500 0.056000 0.022100 0.044600 0.033200 0.076700 0.090200 0.044700 0.079900 0.055700 0.056100 0.021900 0.044000 0.000000 0.104000 0.044300 0.052900 0.052800
Klipspring 0.079600 0.231000 0.102500 0.262800 0.101900 0.078700 0.102100 0.079200 0.116400 0.114500 0.078400 0.090500 0.103000 0.105100 0.116800 0.090000 0.075600 0.090000 0.078700 0.091000 0.089500 0.078100 0.125200 0.089700 0.078600 0.089900 0.115100 0.113400 0.066600 0.101400 0.114100 0.077900 0.102000 0.102500 0.091000 0.114400 0.078400 0.102300 0.090200 0.112700 0.125200 0.102500 0.114500 0.089500 0.114600 0.078200 0.077600 0.104000 0.000000 0.077900 0.112800 0.114600
ForestMusk 0.044400 0.188700 0.021500 0.202400 0.043400 0.044100 0.043500 0.021600 0.033100 0.055000 0.021600 0.010700 0.044100 0.047700 0.079700 0.032400 0.044300 0.043700 0.021600 0.010800 0.032200 0.021400 0.065600 0.032400 0.021600 0.032300 0.055400 0.032300 0.032300 0.013600 0.054800 0.021300 0.043600 0.043900 0.032700 0.032500 0.021600 0.043600 0.032400 0.054900 0.065600 0.043700 0.055000 0.032300 0.032600 0.021400 0.043000 0.044300 0.077900 0.000000 0.027400 0.026300
Bushbuck 0.053600 0.200400 0.021500 0.201800 0.051900 0.053200 0.052200 0.028000 0.033000 0.064400 0.029000 0.016400 0.053300 0.050900 0.090000 0.039800 0.052100 0.056500 0.028200 0.010700 0.040100 0.027700 0.075000 0.040600 0.028500 0.039600 0.065200 0.032200 0.039600 0.021600 0.064200 0.028300 0.052000 0.029200 0.040500 0.041300 0.029000 0.043800 0.040100 0.058700 0.075000 0.052200 0.064400 0.040500 0.041000 0.028900 0.051100 0.052900 0.112800 0.027400 0.000000 0.032800
GreaterKud 0.053800 0.202500 0.021900 0.203600 0.050900 0.053500 0.051300 0.026100 0.033600 0.063800 0.028600 0.015500 0.053600 0.049600 0.091200 0.038700 0.051500 0.058100 0.027300 0.010900 0.038900 0.026800 0.074700 0.039400 0.027900 0.038500 0.065800 0.032700 0.038500 0.010500 0.063500 0.026600 0.051800 0.053300 0.039900 0.040300 0.028600 0.044500 0.038600 0.059100 0.074700 0.051500 0.063800 0.039200 0.039800 0.027200 0.050000 0.052800 0.114600 0.026300 0.032800 0.000000
