1
52 1
Argali 0.000000 0.313700 0.189100 0.356000 0.079200 0.053700 0.102600 0.132800 0.130900 0.132900 0.051100 0.081200 0.078600 0.127900 0.106200 0.055200 0.140500 0.193400 0.167400 0.135300 0.082400 0.052500 0.136600 0.080700 0.051800 0.082400 0.103600 0.167200 0.109000 0.135300 0.107300 0.127900 0.158800 0.052500 0.077900 0.080200 0.052900 0.079200 0.078900 0.113000 0.188800 0.082400 0.158900 0.080700 0.107200 0.135400 0.104000 0.106400 0.156300 0.161700 0.135300 0.162100
LesserMous 0.313700 0.000000 0.262600 0.304300 0.212700 0.356500 0.233700 0.410000 0.261000 0.268800 0.246400 0.217500 0.273200 0.201300 0.305100 0.329000 0.248700 0.271800 0.310100 0.210800 0.357000 0.246400 0.275900 0.216100 0.246400 0.287000 0.299000 0.185100 0.389700 0.210800 0.243000 0.201300 0.232300 0.246400 0.210100 0.216200 0.246400 0.212700 0.273800 0.254900 0.329100 0.287000 0.296200 0.216100 0.242300 0.275500 0.300000 0.305800 0.358100 0.237400 0.210800 0.236400
LesserKudu 0.189100 0.262600 0.000000 0.276500 0.156400 0.223800 0.177600 0.273400 0.096500 0.208500 0.129500 0.103300 0.100600 0.202700 0.184000 0.197600 0.160600 0.153700 0.247600 0.047400 0.225400 0.129500 0.155900 0.157700 0.129500 0.162400 0.124600 0.074800 0.251900 0.048600 0.184000 0.147500 0.122500 0.129500 0.153900 0.102000 0.129500 0.156400 0.155600 0.193300 0.205700 0.162400 0.234200 0.157700 0.128000 0.186900 0.179900 0.184100 0.175600 0.125300 0.048600 0.072900
KillerWhal 0.356000 0.304300 0.276500 0.000000 0.318200 0.431000 0.338100 0.450800 0.365500 0.310900 0.289900 0.261500 0.255100 0.364600 0.347600 0.372500 0.232900 0.226500 0.352400 0.315200 0.400700 0.289900 0.288600 0.259600 0.289900 0.330900 0.279400 0.289400 0.431500 0.315200 0.285900 0.364500 0.245600 0.289900 0.315000 0.260000 0.289900 0.318200 0.254700 0.298600 0.339800 0.330900 0.337800 0.259600 0.285400 0.385200 0.279200 0.348500 0.304000 0.311500 0.315200 0.278700
DefassaWat 0.079200 0.212700 0.156400 0.318200 0.000000 0.137600 0.024100 0.160200 0.155500 0.158900 0.025500 0.052300 0.050800 0.048200 0.076900 0.082400 0.108500 0.160000 0.134900 0.104800 0.109500 0.025500 0.163100 0.106900 0.025500 0.052900 0.075500 0.134900 0.136300 0.104800 0.133400 0.048200 0.184100 0.025500 0.000100 0.051900 0.025500 0.000000 0.050800 0.140100 0.215300 0.052900 0.185200 0.106900 0.077500 0.163400 0.075500 0.077300 0.126000 0.129700 0.104800 0.130400
Sheep 0.053700 0.356500 0.223800 0.431000 0.137600 0.000000 0.160600 0.194600 0.162400 0.194700 0.109500 0.141200 0.136600 0.186800 0.166400 0.115400 0.206100 0.260600 0.233900 0.168000 0.143800 0.109500 0.200000 0.139200 0.109500 0.142800 0.162100 0.202200 0.170500 0.168000 0.168300 0.158600 0.191700 0.109500 0.135400 0.139400 0.109500 0.137600 0.137000 0.177500 0.254300 0.142800 0.221700 0.140300 0.167300 0.168500 0.162600 0.166800 0.216700 0.196200 0.168000 0.196000
MaxwellsDu 0.102600 0.233700 0.177600 0.338100 0.024100 0.160600 0.000000 0.182000 0.176700 0.180900 0.049600 0.076400 0.074100 0.023000 0.099900 0.107000 0.132400 0.182900 0.157600 0.127400 0.132800 0.049600 0.185700 0.130300 0.049600 0.077500 0.098000 0.157400 0.159500 0.127400 0.156100 0.023000 0.205500 0.049600 0.023900 0.075800 0.049600 0.024100 0.074300 0.163600 0.236700 0.077500 0.206700 0.130300 0.100800 0.185600 0.098400 0.100200 0.148000 0.151900 0.127400 0.152400
GazellaPrz 0.132800 0.410000 0.273400 0.450800 0.160200 0.194600 0.182000 0.000000 0.271700 0.213900 0.132700 0.164100 0.158500 0.207400 0.129600 0.078400 0.228600 0.217500 0.190500 0.218800 0.050700 0.132500 0.255500 0.223800 0.132500 0.104400 0.126500 0.254100 0.024400 0.218800 0.251800 0.207400 0.304300 0.132500 0.157600 0.162100 0.132500 0.160200 0.159300 0.265200 0.309700 0.104400 0.181200 0.223800 0.132000 0.219900 0.127300 0.188100 0.124100 0.246000 0.218800 0.246600
MountainNy 0.130900 0.261000 0.096500 0.365500 0.155500 0.162400 0.176700 0.271700 0.000000 0.125100 0.128800 0.102700 0.154400 0.201600 0.183000 0.196300 0.159700 0.209800 0.246100 0.048400 0.224000 0.128800 0.155700 0.102100 0.128800 0.161400 0.178400 0.074000 0.250200 0.048100 0.101000 0.146800 0.122400 0.128800 0.153000 0.101500 0.128800 0.155500 0.154800 0.133700 0.205500 0.161400 0.149600 0.102100 0.127300 0.185800 0.178900 0.183100 0.231200 0.124700 0.048400 0.072500
MuntiacusM 0.132900 0.268800 0.208500 0.310900 0.158900 0.194700 0.180900 0.213900 0.125100 0.000000 0.131400 0.105000 0.157100 0.205900 0.128700 0.200600 0.132900 0.156200 0.130500 0.156900 0.228200 0.131400 0.076700 0.050600 0.131400 0.165300 0.125600 0.188800 0.192300 0.157000 0.024300 0.205900 0.124400 0.131400 0.156400 0.103700 0.132300 0.158900 0.158200 0.079200 0.126400 0.165300 0.022900 0.050400 0.129800 0.218000 0.126600 0.186300 0.177800 0.182800 0.157000 0.183400
goat 0.051100 0.246400 0.129500 0.289900 0.025500 0.109500 0.049600 0.132700 0.128800 0.131400 0.000000 0.026100 0.025200 0.074100 0.051200 0.055000 0.081300 0.133200 0.107300 0.078100 0.082000 0.000000 0.134900 0.079700 0.000000 0.026500 0.050000 0.107100 0.108900 0.078100 0.106000 0.074100 0.156600 0.000000 0.025100 0.025800 0.000000 0.025500 0.025400 0.111400 0.186600 0.026500 0.157200 0.079700 0.051700 0.135100 0.050300 0.051200 0.100600 0.103600 0.078100 0.104100
AfricanBuf 0.081200 0.217500 0.103300 0.261500 0.052300 0.141200 0.076400 0.164100 0.102700 0.105000 0.026100 0.000000 0.052000 0.101800 0.078700 0.084700 0.053900 0.105900 0.138300 0.052000 0.112200 0.026100 0.107800 0.053100 0.026100 0.054400 0.077300 0.080300 0.139900 0.052000 0.079400 0.101800 0.130200 0.026100 0.051700 0.000100 0.026100 0.052300 0.052100 0.083400 0.159600 0.054400 0.130800 0.053100 0.025700 0.138200 0.077400 0.079200 0.129100 0.077200 0.052000 0.077600
Topi 0.078600 0.273200 0.100600 0.255100 0.050800 0.136600 0.074100 0.158500 0.154400 0.157100 0.025200 0.052000 0.000000 0.098400 0.076500 0.082200 0.107800 0.159300 0.133600 0.103800 0.109000 0.025200 0.161300 0.105800 0.024800 0.052700 0.023900 0.133500 0.135600 0.103800 0.132100 0.098400 0.182400 0.024900 0.050000 0.051300 0.025200 0.050800 0.050600 0.138800 0.212800 0.052700 0.182900 0.105800 0.077200 0.161600 0.075100 0.076600 0.125400 0.129200 0.103800 0.129700
CommonDuik 0.127900 0.201300 0.202700 0.364600 0.048200 0.186800 0.023000 0.207400 0.201600 0.205900 0.074100 0.101800 0.098400 0.000000 0.125000 0.133800 0.158600 0.208700 0.183000 0.152400 0.159600 0.074100 0.211200 0.154400 0.074100 0.103200 0.122100 0.183000 0.186200 0.152400 0.181300 0.045300 0.230400 0.074100 0.047500 0.100600 0.074100 0.048200 0.099100 0.190000 0.262000 0.103200 0.231600 0.155500 0.126000 0.211400 0.122900 0.124900 0.172800 0.177600 0.152400 0.178100
Suni 0.106200 0.305100 0.184000 0.347600 0.076900 0.166400 0.099900 0.129600 0.183000 0.128700 0.051200 0.078700 0.076500 0.125000 0.000000 0.110700 0.136300 0.188100 0.105000 0.131800 0.137600 0.051200 0.163100 0.134300 0.051200 0.079900 0.049000 0.162900 0.105900 0.131800 0.161000 0.125000 0.211900 0.051200 0.076100 0.078200 0.051200 0.076900 0.076600 0.168600 0.186400 0.079900 0.154000 0.134300 0.104000 0.191600 0.049100 0.050400 0.098300 0.156900 0.131800 0.157300
Springbuck 0.055200 0.329000 0.197600 0.372500 0.082400 0.115400 0.107000 0.078400 0.196300 0.200600 0.055000 0.084700 0.082200 0.133800 0.110700 0.000000 0.147000 0.202300 0.175900 0.141600 0.026900 0.055000 0.206400 0.144800 0.055000 0.027000 0.108400 0.175500 0.053500 0.141600 0.173600 0.133800 0.227900 0.055000 0.081600 0.084100 0.055000 0.082400 0.082200 0.183400 0.262300 0.027000 0.228800 0.144800 0.111600 0.142100 0.107900 0.111400 0.162800 0.168100 0.141600 0.169000
Okapi 0.140500 0.248700 0.160600 0.232900 0.108500 0.206100 0.132400 0.228600 0.159700 0.132900 0.081300 0.053900 0.107800 0.158600 0.136300 0.147000 0.000000 0.078500 0.168000 0.107800 0.175700 0.081300 0.136400 0.080600 0.081300 0.113000 0.133700 0.139100 0.204700 0.107800 0.107200 0.158700 0.158200 0.081300 0.107500 0.053500 0.081300 0.108500 0.108100 0.112500 0.188800 0.113000 0.159200 0.080600 0.079800 0.164100 0.134000 0.137100 0.188100 0.133400 0.107800 0.134100
Giraffe 0.193400 0.271800 0.153700 0.226500 0.160000 0.260600 0.182900 0.217500 0.209800 0.156200 0.133200 0.105900 0.159300 0.208700 0.188100 0.202300 0.078500 0.000000 0.191700 0.159200 0.230500 0.133200 0.103800 0.105000 0.133200 0.166500 0.184600 0.191700 0.194400 0.159200 0.131000 0.208900 0.125400 0.133200 0.158800 0.105200 0.133200 0.160000 0.159700 0.137300 0.154000 0.166500 0.126000 0.105000 0.130800 0.221100 0.184900 0.189100 0.124600 0.184100 0.159200 0.185000
TibetanAnt 0.167400 0.310100 0.247600 0.352400 0.134900 0.233900 0.157600 0.190500 0.246100 0.130500 0.107300 0.138300 0.133600 0.183000 0.105000 0.175900 0.168000 0.191700 0.000000 0.193200 0.204200 0.107300 0.165700 0.136500 0.107300 0.140600 0.102500 0.227700 0.167800 0.193200 0.163500 0.183000 0.214800 0.107300 0.132800 0.136600 0.107300 0.134900 0.134300 0.172000 0.218300 0.140600 0.156100 0.136500 0.164200 0.224000 0.103000 0.163000 0.154700 0.220100 0.193200 0.220900
Sitatunga 0.135300 0.210800 0.047400 0.315200 0.104800 0.168000 0.127400 0.218800 0.048400 0.156900 0.078100 0.052000 0.103800 0.152400 0.131800 0.141600 0.107800 0.159200 0.193200 0.000000 0.169200 0.078100 0.161200 0.105800 0.078100 0.108900 0.128500 0.025100 0.196400 0.000000 0.131300 0.099300 0.126300 0.078100 0.103100 0.051400 0.078100 0.104800 0.104300 0.138700 0.212600 0.108900 0.182700 0.105800 0.077200 0.133900 0.129100 0.131800 0.181300 0.075400 0.000000 0.024400
Oribi 0.082400 0.357000 0.225400 0.400700 0.109500 0.143800 0.132800 0.050700 0.224000 0.228200 0.082000 0.112200 0.109000 0.159600 0.137600 0.026900 0.175700 0.230500 0.204200 0.169200 0.000000 0.082000 0.235000 0.172900 0.082000 0.053600 0.134800 0.203800 0.079600 0.169200 0.201600 0.159600 0.255700 0.082000 0.108100 0.111300 0.082000 0.109500 0.108900 0.213000 0.290700 0.053600 0.256200 0.172900 0.081300 0.169800 0.134700 0.138600 0.189200 0.195700 0.169200 0.196400
BarbaryShe 0.052500 0.246400 0.129500 0.289900 0.025500 0.109500 0.049600 0.132500 0.128800 0.131400 0.000000 0.026100 0.025200 0.074100 0.051200 0.055000 0.081300 0.133200 0.107300 0.078100 0.082000 0.000000 0.134900 0.079700 0.000000 0.026500 0.050000 0.107100 0.108900 0.078100 0.106000 0.074100 0.156600 0.000000 0.024500 0.025300 0.000000 0.025500 0.025400 0.111400 0.186600 0.026500 0.156600 0.079400 0.051700 0.135100 0.050300 0.051200 0.100600 0.103600 0.078100 0.104100
Daviddeer 0.136600 0.275900 0.155900 0.288600 0.163100 0.200000 0.185700 0.255500 0.155700 0.076700 0.134900 0.107800 0.161300 0.211200 0.163100 0.206400 0.136400 0.103800 0.165700 0.161200 0.235000 0.134900 0.000000 0.051900 0.134900 0.169700 0.159200 0.193900 0.233300 0.161200 0.077700 0.211200 0.074500 0.134900 0.160600 0.106500 0.134900 0.163100 0.162400 0.081500 0.049000 0.169700 0.102000 0.051900 0.133300 0.224200 0.160200 0.191500 0.155900 0.187700 0.161200 0.188300
Reindeer 0.080700 0.216100 0.157700 0.259600 0.106900 0.139200 0.130300 0.223800 0.102100 0.050600 0.079700 0.053100 0.105800 0.154400 0.134300 0.144800 0.080600 0.105000 0.136500 0.105800 0.172900 0.079700 0.051900 0.000000 0.079300 0.111300 0.131100 0.136300 0.201300 0.105800 0.024800 0.155500 0.075300 0.079700 0.105300 0.052500 0.079700 0.106900 0.106500 0.026700 0.102500 0.111300 0.075600 0.000000 0.078700 0.164900 0.131900 0.134400 0.185100 0.131600 0.105600 0.132200
Ibex 0.051800 0.246400 0.129500 0.289900 0.025500 0.109500 0.049600 0.132500 0.128800 0.131400 0.000000 0.026100 0.024800 0.074100 0.051200 0.055000 0.081300 0.133200 0.107300 0.078100 0.082000 0.000000 0.134900 0.079300 0.000000 0.026500 0.050000 0.107000 0.108900 0.078100 0.106000 0.074100 0.156600 0.000000 0.025000 0.025300 0.000000 0.025500 0.025400 0.111400 0.186600 0.026500 0.157200 0.079700 0.051700 0.135100 0.050300 0.051200 0.100600 0.103600 0.078100 0.104100
GyrantGaze 0.082400 0.287000 0.162400 0.330900 0.052900 0.142800 0.077500 0.104400 0.161400 0.165300 0.026500 0.054400 0.052700 0.103200 0.079900 0.027000 0.113000 0.166500 0.140600 0.108900 0.053600 0.026500 0.169700 0.111300 0.026500 0.000000 0.078400 0.140400 0.080100 0.108900 0.138900 0.103100 0.191200 0.026500 0.052500 0.054000 0.026500 0.052900 0.052800 0.146100 0.223800 0.000000 0.192500 0.111300 0.080600 0.170100 0.078400 0.080400 0.130200 0.134400 0.108900 0.135500
Hartebeest 0.103600 0.299000 0.124600 0.279400 0.075500 0.162100 0.098000 0.126500 0.178400 0.125600 0.050000 0.077300 0.023900 0.122100 0.049000 0.108400 0.133700 0.184600 0.102500 0.128500 0.134800 0.050000 0.159200 0.131100 0.050000 0.078400 0.000000 0.158700 0.103900 0.128500 0.157100 0.122100 0.206800 0.050000 0.074300 0.076300 0.050000 0.075500 0.075100 0.164800 0.210200 0.078400 0.150500 0.131100 0.102000 0.187000 0.048200 0.101100 0.096500 0.153800 0.128500 0.154300
Bongo 0.167200 0.185100 0.074800 0.289400 0.134900 0.202200 0.157400 0.254100 0.074000 0.188800 0.107100 0.080300 0.133500 0.183000 0.162900 0.175500 0.139100 0.191700 0.227700 0.025100 0.203800 0.107100 0.193900 0.136300 0.107000 0.140400 0.158700 0.000000 0.232100 0.025100 0.163300 0.126900 0.156000 0.107100 0.132600 0.079300 0.107100 0.134900 0.134200 0.171700 0.246600 0.140400 0.215400 0.136300 0.105900 0.165700 0.159600 0.162800 0.213600 0.103300 0.025100 0.050200
Gerenuk 0.109000 0.389700 0.251900 0.431500 0.136300 0.170500 0.159500 0.024400 0.250200 0.192300 0.108900 0.139900 0.135600 0.186200 0.105900 0.053500 0.204700 0.194400 0.167800 0.196400 0.079600 0.108900 0.233300 0.201300 0.108900 0.080100 0.103900 0.232100 0.000000 0.196400 0.230000 0.186000 0.283600 0.108900 0.134900 0.138900 0.108900 0.136300 0.135700 0.242500 0.289000 0.080100 0.159400 0.201300 0.165300 0.197500 0.104100 0.165500 0.101400 0.221400 0.196400 0.223700
CommonElan 0.135300 0.210800 0.048600 0.315200 0.104800 0.168000 0.127400 0.218800 0.048100 0.157000 0.078100 0.052000 0.103800 0.152400 0.131800 0.141600 0.107800 0.159200 0.193200 0.000000 0.169200 0.078100 0.161200 0.105800 0.078100 0.108900 0.128500 0.025100 0.196400 0.000000 0.132000 0.099100 0.126300 0.078100 0.103400 0.051400 0.078100 0.104800 0.104300 0.138700 0.212600 0.108900 0.182700 0.105800 0.077200 0.133900 0.129100 0.131800 0.181300 0.075400 0.000000 0.024400
MuntiacusR 0.107300 0.243000 0.184000 0.285900 0.133400 0.168300 0.156100 0.251800 0.101000 0.024300 0.106000 0.079400 0.132100 0.181300 0.161000 0.173600 0.107200 0.131000 0.163500 0.131300 0.201600 0.106000 0.077700 0.024800 0.106000 0.138900 0.157100 0.163300 0.230000 0.132000 0.000000 0.181300 0.100200 0.106000 0.131400 0.078500 0.106000 0.133400 0.132800 0.053300 0.127900 0.138900 0.048500 0.024600 0.104700 0.192300 0.158100 0.161100 0.211600 0.157800 0.132000 0.158500
HarveysDui 0.127900 0.201300 0.147500 0.364500 0.048200 0.158600 0.023000 0.207400 0.146800 0.205900 0.074100 0.101800 0.098400 0.045300 0.125000 0.133800 0.158700 0.208900 0.183000 0.099300 0.159600 0.074100 0.211200 0.155500 0.074100 0.103100 0.122100 0.126900 0.186000 0.099100 0.181300 0.000000 0.173700 0.074100 0.047500 0.100600 0.074100 0.048200 0.099100 0.190000 0.262000 0.103100 0.231600 0.155500 0.125900 0.153500 0.122900 0.124900 0.172600 0.123200 0.098700 0.123500
Pronghorn 0.158800 0.232300 0.122500 0.245600 0.184100 0.191700 0.205500 0.304300 0.122400 0.124400 0.156600 0.130200 0.182400 0.230400 0.211900 0.227900 0.158200 0.125400 0.214800 0.126300 0.255700 0.156600 0.074500 0.075300 0.156600 0.191200 0.206800 0.156000 0.283600 0.126300 0.100200 0.173700 0.000000 0.156600 0.181300 0.128800 0.156600 0.184100 0.126700 0.105000 0.122900 0.191200 0.149000 0.075300 0.154700 0.183600 0.150800 0.212000 0.147000 0.125300 0.126300 0.098000
BlueWildeb 0.052500 0.246400 0.129500 0.289900 0.025500 0.109500 0.049600 0.132500 0.128800 0.131400 0.000000 0.026100 0.024900 0.074100 0.051200 0.055000 0.081300 0.133200 0.107300 0.078100 0.082000 0.000000 0.134900 0.079700 0.000000 0.026500 0.050000 0.107100 0.108900 0.078100 0.106000 0.074100 0.156600 0.000000 0.025100 0.025100 0.000000 0.025500 0.025400 0.111400 0.186600 0.026500 0.157200 0.079700 0.051700 0.135100 0.050300 0.051200 0.100600 0.103600 0.078100 0.104100
Gemsbok 0.077900 0.210100 0.153900 0.315000 0.000100 0.135400 0.023900 0.157600 0.153000 0.156400 0.025100 0.051700 0.050000 0.047500 0.076100 0.081600 0.107500 0.158800 0.132800 0.103100 0.108100 0.024500 0.160600 0.105300 0.025000 0.052500 0.074300 0.132600 0.134900 0.103400 0.131400 0.047500 0.181300 0.025100 0.000000 0.051100 0.025100 0.000100 0.050300 0.137800 0.211900 0.052500 0.182200 0.105300 0.076800 0.160700 0.074800 0.076100 0.124900 0.128400 0.103100 0.128900
Yak 0.080200 0.216200 0.102000 0.260000 0.051900 0.139400 0.075800 0.162100 0.101500 0.103700 0.025800 0.000100 0.051300 0.100600 0.078200 0.084100 0.053500 0.105200 0.136600 0.051400 0.111300 0.025300 0.106500 0.052500 0.025300 0.054000 0.076300 0.079300 0.138900 0.051400 0.078500 0.100600 0.128800 0.025100 0.051100 0.000000 0.025800 0.051900 0.051700 0.082400 0.157800 0.054000 0.129300 0.051400 0.025500 0.136700 0.076800 0.078200 0.128300 0.076700 0.050300 0.077000
BlueSheep 0.052900 0.246400 0.129500 0.289900 0.025500 0.109500 0.049600 0.132500 0.128800 0.132300 0.000000 0.026100 0.025200 0.074100 0.051200 0.055000 0.081300 0.133200 0.107300 0.078100 0.082000 0.000000 0.134900 0.079700 0.000000 0.026500 0.050000 0.107100 0.108900 0.078100 0.106000 0.074100 0.156600 0.000000 0.025100 0.025800 0.000000 0.025500 0.025400 0.111400 0.186600 0.026500 0.157200 0.079700 0.051700 0.135100 0.050300 0.051200 0.100600 0.103600 0.078100 0.104100
BohorReedb 0.079200 0.212700 0.156400 0.318200 0.000000 0.137600 0.024100 0.160200 0.155500 0.158900 0.025500 0.052300 0.050800 0.048200 0.076900 0.082400 0.108500 0.160000 0.134900 0.104800 0.109500 0.025500 0.163100 0.106900 0.025500 0.052900 0.075500 0.134900 0.136300 0.104800 0.133400 0.048200 0.184100 0.025500 0.000100 0.051900 0.025500 0.000000 0.050800 0.140100 0.215300 0.052900 0.185200 0.106900 0.077500 0.163400 0.075500 0.077300 0.126000 0.129700 0.104800 0.130400
KirksDik 0.078900 0.273800 0.155600 0.254700 0.050800 0.137000 0.074300 0.159300 0.154800 0.158200 0.025400 0.052100 0.050600 0.099100 0.076600 0.082200 0.108100 0.159700 0.134300 0.104300 0.108900 0.025400 0.162400 0.106500 0.025400 0.052800 0.075100 0.134200 0.135700 0.104300 0.132800 0.099100 0.126700 0.025400 0.050300 0.051700 0.025400 0.050800 0.000000 0.139500 0.214200 0.052800 0.184200 0.106500 0.077200 0.162500 0.024400 0.077000 0.073100 0.102800 0.104300 0.075500
RoeDeer 0.113000 0.254900 0.193300 0.298600 0.140100 0.177500 0.163600 0.265200 0.133700 0.079200 0.111400 0.083400 0.138800 0.190000 0.168600 0.183400 0.112500 0.137300 0.172000 0.138700 0.213000 0.111400 0.081500 0.026700 0.111400 0.146100 0.164800 0.171700 0.242500 0.138700 0.053300 0.190000 0.105000 0.111400 0.137800 0.082400 0.111400 0.140100 0.139500 0.000000 0.133900 0.146100 0.105300 0.026700 0.110000 0.202300 0.165700 0.169400 0.221700 0.165700 0.138700 0.166300
WhiteLippe 0.188800 0.329100 0.205700 0.339800 0.215300 0.254300 0.236700 0.309700 0.205500 0.126400 0.186600 0.159600 0.212800 0.262000 0.186400 0.262300 0.188800 0.154000 0.218300 0.212600 0.290700 0.186600 0.049000 0.102500 0.186600 0.223800 0.210200 0.246600 0.289000 0.212600 0.127900 0.262000 0.122900 0.186600 0.211900 0.157800 0.186600 0.215300 0.214200 0.133900 0.000000 0.223800 0.151500 0.102500 0.184500 0.277700 0.211500 0.214500 0.206100 0.239200 0.212600 0.239700
ThomsonGaz 0.082400 0.287000 0.162400 0.330900 0.052900 0.142800 0.077500 0.104400 0.161400 0.165300 0.026500 0.054400 0.052700 0.103200 0.079900 0.027000 0.113000 0.166500 0.140600 0.108900 0.053600 0.026500 0.169700 0.111300 0.026500 0.000000 0.078400 0.140400 0.080100 0.108900 0.138900 0.103100 0.191200 0.026500 0.052500 0.054000 0.026500 0.052900 0.052800 0.146100 0.223800 0.000000 0.192500 0.111300 0.080600 0.170100 0.078400 0.080400 0.130200 0.134400 0.108900 0.135500
MuntiacusC 0.158900 0.296200 0.234200 0.337800 0.185200 0.221700 0.206700 0.181200 0.149600 0.022900 0.157200 0.130800 0.182900 0.231600 0.154000 0.228800 0.159200 0.126000 0.156100 0.182700 0.256200 0.156600 0.102000 0.075600 0.157200 0.192500 0.150500 0.215400 0.159400 0.182700 0.048500 0.231600 0.149000 0.157200 0.182200 0.129300 0.157200 0.185200 0.184200 0.105300 0.151500 0.192500 0.000000 0.075600 0.155400 0.245000 0.151700 0.212500 0.148000 0.208700 0.182700 0.209300
WhiteTaile 0.080700 0.216100 0.157700 0.259600 0.106900 0.140300 0.130300 0.223800 0.102100 0.050400 0.079700 0.053100 0.105800 0.155500 0.134300 0.144800 0.080600 0.105000 0.136500 0.105800 0.172900 0.079400 0.051900 0.000000 0.079700 0.111300 0.131100 0.136300 0.201300 0.105800 0.024600 0.155500 0.075300 0.079700 0.105300 0.051400 0.079700 0.106900 0.106500 0.026700 0.102500 0.111300 0.075600 0.000000 0.078700 0.164900 0.131900 0.134400 0.185100 0.131600 0.105800 0.132200
Cattle 0.107200 0.242300 0.128000 0.285400 0.077500 0.167300 0.100800 0.132000 0.127300 0.129800 0.051700 0.025700 0.077200 0.126000 0.104000 0.111600 0.079800 0.130800 0.164200 0.077200 0.081300 0.051700 0.133300 0.078700 0.051700 0.080600 0.102000 0.105900 0.165300 0.077200 0.104700 0.125900 0.154700 0.051700 0.076800 0.025500 0.051700 0.077500 0.077200 0.110000 0.184500 0.080600 0.155400 0.078700 0.000000 0.164300 0.102100 0.104600 0.153500 0.101400 0.077200 0.102400
RoyalAntel 0.135400 0.275500 0.186900 0.385200 0.163400 0.168500 0.185600 0.219900 0.185800 0.218000 0.135100 0.138200 0.161600 0.211400 0.191600 0.142100 0.164100 0.221100 0.224000 0.133900 0.169800 0.135100 0.224200 0.164900 0.135100 0.170100 0.187000 0.165700 0.197500 0.133900 0.192300 0.153500 0.183600 0.135100 0.160700 0.136700 0.135100 0.163400 0.162500 0.202300 0.277700 0.170100 0.245000 0.164900 0.164300 0.000000 0.188100 0.191900 0.243000 0.160200 0.133900 0.160500
Steenbok 0.104000 0.300000 0.179900 0.279200 0.075500 0.162600 0.098400 0.127300 0.178900 0.126600 0.050300 0.077400 0.075100 0.122900 0.049100 0.107900 0.134000 0.184900 0.103000 0.129100 0.134700 0.050300 0.160200 0.131900 0.050300 0.078400 0.048200 0.159600 0.104100 0.129100 0.158100 0.122900 0.150800 0.050300 0.074800 0.076800 0.050300 0.075500 0.024400 0.165700 0.211500 0.078400 0.151700 0.131900 0.102100 0.188100 0.000000 0.101600 0.047000 0.127400 0.129100 0.099800
Impala 0.106400 0.305800 0.184100 0.348500 0.077300 0.166800 0.100200 0.188100 0.183100 0.186300 0.051200 0.079200 0.076600 0.124900 0.050400 0.111400 0.137100 0.189100 0.163000 0.131800 0.138600 0.051200 0.191500 0.134400 0.051200 0.080400 0.101100 0.162800 0.165500 0.131800 0.161100 0.124900 0.212000 0.051200 0.076100 0.078200 0.051200 0.077300 0.077000 0.169400 0.214500 0.080400 0.212500 0.134400 0.104600 0.191900 0.101600 0.000000 0.152800 0.157700 0.131800 0.158100
Klipspring 0.156300 0.358100 0.175600 0.304000 0.126000 0.216700 0.148000 0.124100 0.231200 0.177800 0.100600 0.129100 0.125400 0.172800 0.098300 0.162800 0.188100 0.124600 0.154700 0.181300 0.189200 0.100600 0.155900 0.185100 0.100600 0.130200 0.096500 0.213600 0.101400 0.181300 0.211600 0.172600 0.147000 0.100600 0.124900 0.128300 0.100600 0.126000 0.073100 0.221700 0.206100 0.130200 0.148000 0.185100 0.153500 0.243000 0.047000 0.152800 0.000000 0.178800 0.181300 0.150000
ForestMusk 0.161700 0.237400 0.125300 0.311500 0.129700 0.196200 0.151900 0.246000 0.124700 0.182800 0.103600 0.077200 0.129200 0.177600 0.156900 0.168100 0.133400 0.184100 0.220100 0.075400 0.195700 0.103600 0.187700 0.131600 0.103600 0.134400 0.153800 0.103300 0.221400 0.075400 0.157800 0.123200 0.125300 0.103600 0.128400 0.076700 0.103600 0.129700 0.102800 0.165700 0.239200 0.134400 0.208700 0.131600 0.101400 0.160200 0.127400 0.157700 0.178800 0.000000 0.075400 0.074600
Bushbuck 0.135300 0.210800 0.048600 0.315200 0.104800 0.168000 0.127400 0.218800 0.048400 0.157000 0.078100 0.052000 0.103800 0.152400 0.131800 0.141600 0.107800 0.159200 0.193200 0.000000 0.169200 0.078100 0.161200 0.105600 0.078100 0.108900 0.128500 0.025100 0.196400 0.000000 0.132000 0.098700 0.126300 0.078100 0.103100 0.050300 0.078100 0.104800 0.104300 0.138700 0.212600 0.108900 0.182700 0.105800 0.077200 0.133900 0.129100 0.131800 0.181300 0.075400 0.000000 0.024400
GreaterKud 0.162100 0.236400 0.072900 0.278700 0.130400 0.196000 0.152400 0.246600 0.072500 0.183400 0.104100 0.077600 0.129700 0.178100 0.157300 0.169000 0.134100 0.185000 0.220900 0.024400 0.196400 0.104100 0.188300 0.132200 0.104100 0.135500 0.154300 0.050200 0.223700 0.024400 0.158500 0.123500 0.098000 0.104100 0.128900 0.077000 0.104100 0.130400 0.075500 0.166300 0.239700 0.135500 0.209300 0.132200 0.102400 0.160500 0.099800 0.158100 0.150000 0.074600 0.024400 0.000000
