CODONML (in paml version 4.10.7, June 2023)  /home/rachel/ruminants_paml/6406-phy-tree/ENSBTAT00000025346.fasta.phy
Model: free dN/dS Ratios for branches,  kappa = 2.000 fixed

Codon frequency model: F3x4
ns =  54  ls =  12

Codon usage in sequences
--------------------------------------------------------------------------------------------------------------------------------------
Phe TTT   0   0   0   0   0   0 | Ser TCT   0   0   0   0   0   0 | Tyr TAT   0   0   0   0   0   0 | Cys TGT   0   0   0   0   0   0
    TTC   0   0   0   0   0   0 |     TCC   0   0   0   0   0   0 |     TAC   0   0   0   0   0   0 |     TGC   0   0   0   0   0   0
Leu TTA   0   0   0   0   0   0 |     TCA   0   0   0   0   0   0 | *** TAA   0   0   0   0   0   0 | *** TGA   0   0   0   0   0   0
    TTG   0   0   0   0   1   0 |     TCG   0   0   0   0   0   0 |     TAG   0   0   0   0   0   0 | Trp TGG   0   0   0   0   0   0
--------------------------------------------------------------------------------------------------------------------------------------
Leu CTT   0   0   0   0   0   0 | Pro CCT   0   0   0   0   0   0 | His CAT   0   1   0   1   0   0 | Arg CGT   0   0   0   0   0   0
    CTC   1   1   1   1   1   1 |     CCC   0   0   0   0   0   0 |     CAC   1   0   1   0   1   1 |     CGC   0   0   0   0   0   0
    CTA   0   1   0   0   1   1 |     CCA   0   0   0   0   0   0 | Gln CAA   0   0   0   0   0   0 |     CGA   0   0   0   0   0   0
    CTG   3   2   3   3   1   2 |     CCG   0   0   0   0   0   0 |     CAG   0   0   0   0   0   0 |     CGG   0   0   0   0   0   0
--------------------------------------------------------------------------------------------------------------------------------------
Ile ATT   0   0   0   0   0   0 | Thr ACT   0   0   0   0   0   0 | Asn AAT   0   0   0   0   0   0 | Ser AGT   0   0   0   0   0   0
    ATC   2   2   2   2   2   2 |     ACC   0   0   0   0   0   0 |     AAC   1   1   1   1   1   1 |     AGC   0   0   0   0   0   0
    ATA   0   0   0   0   0   0 |     ACA   1   1   1   0   1   1 | Lys AAA   2   2   2   2   2   2 | Arg AGA   0   0   0   0   0   0
Met ATG   0   0   0   0   0   0 |     ACG   0   0   0   1   0   0 |     AAG   0   0   0   0   0   0 |     AGG   0   0   0   0   0   0
--------------------------------------------------------------------------------------------------------------------------------------
Val GTT   0   0   0   0   0   0 | Ala GCT   0   0   0   0   0   0 | Asp GAT   0   0   0   0   0   0 | Gly GGT   0   0   0   0   0   0
    GTC   0   0   0   0   0   0 |     GCC   0   0   0   0   0   0 |     GAC   0   0   0   0   0   0 |     GGC   0   0   0   0   0   0
    GTA   0   0   0   0   0   0 |     GCA   0   0   0   0   0   0 | Glu GAA   1   1   1   0   1   1 |     GGA   0   0   0   0   0   0
    GTG   0   0   0   0   0   0 |     GCG   0   0   0   0   0   0 |     GAG   0   0   0   1   0   0 |     GGG   0   0   0   0   0   0
--------------------------------------------------------------------------------------------------------------------------------------

--------------------------------------------------------------------------------------------------------------------------------------
Phe TTT   0   0   0   0   0   0 | Ser TCT   0   0   0   0   0   0 | Tyr TAT   0   0   0   0   0   0 | Cys TGT   0   0   0   0   0   0
    TTC   0   0   0   0   0   0 |     TCC   0   0   0   0   0   0 |     TAC   0   0   0   0   0   0 |     TGC   0   0   0   0   0   0
Leu TTA   0   0   0   0   0   0 |     TCA   0   0   0   0   0   0 | *** TAA   0   0   0   0   0   0 | *** TGA   0   0   0   0   0   0
    TTG   0   0   0   0   0   0 |     TCG   0   0   0   0   0   0 |     TAG   0   0   0   0   0   0 | Trp TGG   0   0   0   0   0   0
--------------------------------------------------------------------------------------------------------------------------------------
Leu CTT   0   0   0   0   0   0 | Pro CCT   0   0   0   0   0   0 | His CAT   0   0   0   0   0   0 | Arg CGT   0   0   0   0   0   0
    CTC   1   1   1   1   1   1 |     CCC   0   0   0   0   0   0 |     CAC   1   1   1   1   1   1 |     CGC   0   0   0   0   0   0
    CTA   0   0   0   0   0   0 |     CCA   0   0   0   0   0   0 | Gln CAA   0   0   0   0   0   0 |     CGA   0   0   0   0   0   0
    CTG   3   3   3   3   3   3 |     CCG   0   0   0   0   0   0 |     CAG   0   0   0   0   0   0 |     CGG   0   0   0   0   0   0
--------------------------------------------------------------------------------------------------------------------------------------
Ile ATT   0   0   0   0   0   0 | Thr ACT   0   0   0   0   0   0 | Asn AAT   0   0   0   0   0   0 | Ser AGT   0   0   0   0   0   0
    ATC   2   2   2   2   2   2 |     ACC   0   0   0   0   0   0 |     AAC   1   1   1   1   1   1 |     AGC   0   0   0   0   0   0
    ATA   0   0   0   0   0   0 |     ACA   1   1   1   1   1   1 | Lys AAA   2   2   2   2   2   2 | Arg AGA   0   0   0   0   0   0
Met ATG   0   0   0   0   0   0 |     ACG   0   0   0   0   0   0 |     AAG   0   0   0   0   0   0 |     AGG   0   0   0   0   0   0
--------------------------------------------------------------------------------------------------------------------------------------
Val GTT   0   0   0   0   0   0 | Ala GCT   0   0   0   0   0   0 | Asp GAT   0   0   0   0   0   0 | Gly GGT   0   0   0   0   0   0
    GTC   0   0   0   0   0   0 |     GCC   0   0   0   0   0   0 |     GAC   0   0   0   0   0   0 |     GGC   0   0   0   0   0   0
    GTA   0   0   0   0   0   0 |     GCA   0   0   0   0   0   0 | Glu GAA   1   1   1   1   1   1 |     GGA   0   0   0   0   0   0
    GTG   0   0   0   0   0   0 |     GCG   0   0   0   0   0   0 |     GAG   0   0   0   0   0   0 |     GGG   0   0   0   0   0   0
--------------------------------------------------------------------------------------------------------------------------------------

--------------------------------------------------------------------------------------------------------------------------------------
Phe TTT   0   0   0   0   0   0 | Ser TCT   0   0   0   0   0   0 | Tyr TAT   0   0   0   0   0   0 | Cys TGT   0   0   0   0   0   0
    TTC   0   0   0   0   0   0 |     TCC   0   0   0   0   0   0 |     TAC   0   0   0   0   0   0 |     TGC   0   0   0   0   0   0
Leu TTA   0   0   0   0   0   0 |     TCA   0   0   0   0   0   0 | *** TAA   0   0   0   0   0   0 | *** TGA   0   0   0   0   0   0
    TTG   0   0   0   0   0   0 |     TCG   0   0   0   0   0   0 |     TAG   0   0   0   0   0   0 | Trp TGG   0   0   0   0   0   0
--------------------------------------------------------------------------------------------------------------------------------------
Leu CTT   0   0   0   0   0   0 | Pro CCT   0   0   0   0   0   0 | His CAT   0   0   0   0   0   0 | Arg CGT   0   0   0   0   0   0
    CTC   1   1   1   1   1   1 |     CCC   0   0   0   0   0   0 |     CAC   1   1   1   1   1   2 |     CGC   0   0   0   0   0   0
    CTA   0   0   0   0   0   0 |     CCA   0   0   0   0   0   0 | Gln CAA   0   0   0   0   0   0 |     CGA   0   0   0   0   0   0
    CTG   3   3   3   3   3   3 |     CCG   0   0   0   0   0   0 |     CAG   0   0   0   0   0   0 |     CGG   0   0   0   0   0   0
--------------------------------------------------------------------------------------------------------------------------------------
Ile ATT   0   0   0   0   0   0 | Thr ACT   0   0   0   0   0   0 | Asn AAT   0   0   0   0   0   0 | Ser AGT   0   0   0   0   0   0
    ATC   2   2   2   2   2   2 |     ACC   0   0   0   0   0   0 |     AAC   1   1   1   1   1   0 |     AGC   0   0   0   0   0   0
    ATA   0   0   0   0   0   0 |     ACA   1   1   1   1   1   1 | Lys AAA   2   2   2   2   2   2 | Arg AGA   0   0   0   0   0   0
Met ATG   0   0   0   0   0   0 |     ACG   0   0   0   0   0   0 |     AAG   0   0   0   0   0   0 |     AGG   0   0   0   0   0   0
--------------------------------------------------------------------------------------------------------------------------------------
Val GTT   0   0   0   0   0   0 | Ala GCT   0   0   0   0   0   0 | Asp GAT   0   0   0   0   0   0 | Gly GGT   0   0   0   0   0   0
    GTC   0   0   0   0   0   0 |     GCC   0   0   0   0   0   0 |     GAC   0   0   0   0   0   0 |     GGC   0   0   0   0   0   0
    GTA   0   0   0   0   0   0 |     GCA   0   0   0   0   0   0 | Glu GAA   1   1   1   1   1   1 |     GGA   0   0   0   0   0   0
    GTG   0   0   0   0   0   0 |     GCG   0   0   0   0   0   0 |     GAG   0   0   0   0   0   0 |     GGG   0   0   0   0   0   0
--------------------------------------------------------------------------------------------------------------------------------------

--------------------------------------------------------------------------------------------------------------------------------------
Phe TTT   0   0   0   0   0   0 | Ser TCT   0   0   0   0   0   0 | Tyr TAT   0   0   0   0   0   0 | Cys TGT   0   0   0   0   0   0
    TTC   0   0   0   0   0   0 |     TCC   0   0   0   0   0   0 |     TAC   0   0   0   0   0   0 |     TGC   0   0   0   0   0   0
Leu TTA   0   0   0   0   0   0 |     TCA   0   0   0   0   0   0 | *** TAA   0   0   0   0   0   0 | *** TGA   0   0   0   0   0   0
    TTG   1   1   0   0   0   0 |     TCG   0   0   0   0   0   0 |     TAG   0   0   0   0   0   0 | Trp TGG   0   0   0   0   0   0
--------------------------------------------------------------------------------------------------------------------------------------
Leu CTT   0   0   0   0   0   0 | Pro CCT   0   0   0   0   0   0 | His CAT   0   0   0   0   0   0 | Arg CGT   0   0   0   0   0   0
    CTC   1   1   1   1   1   1 |     CCC   0   0   0   0   0   0 |     CAC   1   1   1   1   2   1 |     CGC   0   0   0   0   0   0
    CTA   0   0   0   0   0   0 |     CCA   0   0   0   0   0   0 | Gln CAA   0   0   0   0   0   0 |     CGA   0   0   0   0   0   0
    CTG   2   2   3   3   3   3 |     CCG   0   0   0   0   0   0 |     CAG   0   0   0   0   0   0 |     CGG   0   0   0   0   0   0
--------------------------------------------------------------------------------------------------------------------------------------
Ile ATT   0   0   0   0   0   0 | Thr ACT   0   0   0   0   0   0 | Asn AAT   0   0   0   0   0   0 | Ser AGT   0   0   0   0   0   0
    ATC   2   2   2   2   2   2 |     ACC   0   0   0   0   0   0 |     AAC   1   1   1   1   0   1 |     AGC   0   0   0   0   0   0
    ATA   0   0   0   0   0   0 |     ACA   1   1   1   1   1   1 | Lys AAA   2   2   2   2   2   2 | Arg AGA   0   0   0   0   0   0
Met ATG   0   0   0   0   0   0 |     ACG   0   0   0   0   0   0 |     AAG   0   0   0   0   0   0 |     AGG   0   0   0   0   0   0
--------------------------------------------------------------------------------------------------------------------------------------
Val GTT   0   0   0   0   0   0 | Ala GCT   0   0   0   0   0   0 | Asp GAT   0   0   0   0   0   0 | Gly GGT   0   0   0   0   0   0
    GTC   0   0   0   0   0   0 |     GCC   0   0   0   0   0   0 |     GAC   0   0   0   0   0   0 |     GGC   0   0   0   0   0   0
    GTA   0   0   0   0   0   0 |     GCA   0   0   0   0   0   0 | Glu GAA   1   1   1   1   1   1 |     GGA   0   0   0   0   0   0
    GTG   0   0   0   0   0   0 |     GCG   0   0   0   0   0   0 |     GAG   0   0   0   0   0   0 |     GGG   0   0   0   0   0   0
--------------------------------------------------------------------------------------------------------------------------------------

--------------------------------------------------------------------------------------------------------------------------------------
Phe TTT   0   0   0   0   0   0 | Ser TCT   0   0   0   0   0   0 | Tyr TAT   0   0   0   0   0   0 | Cys TGT   0   0   0   0   0   0
    TTC   0   0   0   0   0   0 |     TCC   0   0   0   0   0   0 |     TAC   0   0   0   0   0   0 |     TGC   0   0   0   0   0   0
Leu TTA   0   0   0   0   0   0 |     TCA   0   0   0   0   0   0 | *** TAA   0   0   0   0   0   0 | *** TGA   0   0   0   0   0   0
    TTG   0   0   0   0   0   0 |     TCG   0   0   0   0   0   0 |     TAG   0   0   0   0   0   0 | Trp TGG   0   0   0   0   0   0
--------------------------------------------------------------------------------------------------------------------------------------
Leu CTT   0   0   0   0   0   0 | Pro CCT   0   0   0   0   0   0 | His CAT   0   0   0   0   0   0 | Arg CGT   0   0   0   0   0   0
    CTC   1   1   1   1   1   1 |     CCC   0   0   0   0   0   0 |     CAC   1   1   1   2   1   1 |     CGC   0   0   0   0   0   0
    CTA   0   0   0   0   0   0 |     CCA   0   0   0   0   0   0 | Gln CAA   0   0   0   0   0   0 |     CGA   0   0   0   0   0   0
    CTG   3   3   3   3   3   3 |     CCG   0   0   0   0   0   0 |     CAG   0   0   0   0   0   0 |     CGG   0   0   0   0   0   0
--------------------------------------------------------------------------------------------------------------------------------------
Ile ATT   0   0   0   0   0   0 | Thr ACT   0   0   0   0   0   0 | Asn AAT   1   0   0   0   0   0 | Ser AGT   0   0   0   0   0   0
    ATC   2   2   2   2   2   2 |     ACC   0   0   0   0   0   0 |     AAC   0   1   1   0   1   1 |     AGC   0   0   0   0   0   0
    ATA   0   0   0   0   0   0 |     ACA   1   1   1   1   1   1 | Lys AAA   2   2   2   2   2   2 | Arg AGA   0   0   0   0   0   0
Met ATG   0   0   0   0   0   0 |     ACG   0   0   0   0   0   0 |     AAG   0   0   0   0   0   0 |     AGG   0   0   0   0   0   0
--------------------------------------------------------------------------------------------------------------------------------------
Val GTT   0   0   0   0   0   0 | Ala GCT   0   0   0   0   0   0 | Asp GAT   0   0   0   0   0   0 | Gly GGT   0   0   0   0   0   0
    GTC   0   0   0   0   0   0 |     GCC   0   0   0   0   0   0 |     GAC   0   0   0   0   0   0 |     GGC   0   0   0   0   0   0
    GTA   0   0   0   0   0   0 |     GCA   0   0   0   0   0   0 | Glu GAA   1   1   1   1   1   1 |     GGA   0   0   0   0   0   0
    GTG   0   0   0   0   0   0 |     GCG   0   0   0   0   0   0 |     GAG   0   0   0   0   0   0 |     GGG   0   0   0   0   0   0
--------------------------------------------------------------------------------------------------------------------------------------

--------------------------------------------------------------------------------------------------------------------------------------
Phe TTT   0   0   0   0   0   0 | Ser TCT   0   0   0   0   0   0 | Tyr TAT   0   0   0   0   0   0 | Cys TGT   0   0   0   0   0   0
    TTC   0   0   0   0   0   0 |     TCC   0   0   0   0   0   0 |     TAC   1   0   0   0   0   0 |     TGC   0   0   0   0   0   0
Leu TTA   0   0   0   0   0   0 |     TCA   0   0   0   0   0   0 | *** TAA   0   0   0   0   0   0 | *** TGA   0   0   0   0   0   0
    TTG   0   0   0   0   0   1 |     TCG   0   0   0   0   0   0 |     TAG   0   0   0   0   0   0 | Trp TGG   0   0   0   0   0   0
--------------------------------------------------------------------------------------------------------------------------------------
Leu CTT   0   0   0   0   0   0 | Pro CCT   0   0   0   0   0   0 | His CAT   0   0   0   0   0   0 | Arg CGT   0   0   0   0   0   0
    CTC   1   1   1   1   1   1 |     CCC   0   0   0   0   0   0 |     CAC   1   1   1   1   0   1 |     CGC   0   0   0   0   1   0
    CTA   0   0   0   0   0   0 |     CCA   0   0   0   0   0   0 | Gln CAA   0   0   0   0   0   0 |     CGA   0   0   0   0   0   0
    CTG   3   3   3   3   3   2 |     CCG   0   0   0   0   0   0 |     CAG   0   0   0   0   0   0 |     CGG   0   0   0   0   0   0
--------------------------------------------------------------------------------------------------------------------------------------
Ile ATT   0   0   0   0   0   0 | Thr ACT   0   0   0   0   0   0 | Asn AAT   0   0   0   0   0   0 | Ser AGT   0   0   0   0   0   0
    ATC   2   2   2   2   2   2 |     ACC   0   0   0   0   0   0 |     AAC   0   1   1   1   1   1 |     AGC   0   0   0   0   0   0
    ATA   0   0   0   0   0   0 |     ACA   1   1   1   1   1   1 | Lys AAA   2   2   2   2   2   2 | Arg AGA   0   0   0   0   0   0
Met ATG   0   0   0   0   0   0 |     ACG   0   0   0   0   0   0 |     AAG   0   0   0   0   0   0 |     AGG   0   0   0   0   0   0
--------------------------------------------------------------------------------------------------------------------------------------
Val GTT   0   0   0   0   0   0 | Ala GCT   0   0   0   0   0   0 | Asp GAT   0   0   0   0   0   0 | Gly GGT   0   0   0   0   0   0
    GTC   0   0   0   0   0   0 |     GCC   0   0   0   0   0   0 |     GAC   0   0   0   0   0   0 |     GGC   0   0   0   0   0   0
    GTA   0   0   0   0   0   0 |     GCA   0   0   0   0   0   0 | Glu GAA   1   1   1   1   0   1 |     GGA   0   0   0   0   0   0
    GTG   0   0   0   0   0   0 |     GCG   0   0   0   0   0   0 |     GAG   0   0   0   0   1   0 |     GGG   0   0   0   0   0   0
--------------------------------------------------------------------------------------------------------------------------------------

--------------------------------------------------------------------------------------------------------------------------------------
Phe TTT   0   0   0   0   0   0 | Ser TCT   0   0   0   0   0   0 | Tyr TAT   0   0   0   0   0   0 | Cys TGT   0   0   0   0   0   0
    TTC   0   0   0   0   0   0 |     TCC   0   0   0   0   0   0 |     TAC   0   0   0   0   0   0 |     TGC   0   0   0   0   0   0
Leu TTA   0   0   0   0   0   0 |     TCA   0   0   0   0   0   0 | *** TAA   0   0   0   0   0   0 | *** TGA   0   0   0   0   0   0
    TTG   0   0   0   0   0   0 |     TCG   0   0   0   0   0   0 |     TAG   0   0   0   0   0   0 | Trp TGG   0   0   0   0   0   0
--------------------------------------------------------------------------------------------------------------------------------------
Leu CTT   0   0   0   0   0   0 | Pro CCT   0   0   0   0   0   0 | His CAT   0   0   0   1   1   0 | Arg CGT   0   0   0   0   0   0
    CTC   1   1   1   1   1   1 |     CCC   0   0   0   0   0   0 |     CAC   1   1   1   0   0   1 |     CGC   0   0   0   0   0   0
    CTA   0   0   0   0   0   0 |     CCA   0   0   0   0   0   0 | Gln CAA   0   0   0   0   0   0 |     CGA   0   0   0   0   0   0
    CTG   3   3   3   3   3   3 |     CCG   0   0   0   0   0   0 |     CAG   0   0   0   0   0   0 |     CGG   0   0   0   0   0   0
--------------------------------------------------------------------------------------------------------------------------------------
Ile ATT   0   0   0   0   0   0 | Thr ACT   0   0   0   0   0   0 | Asn AAT   0   1   0   0   0   0 | Ser AGT   0   0   0   0   0   0
    ATC   2   2   2   2   2   2 |     ACC   0   0   0   0   0   0 |     AAC   1   0   1   1   1   1 |     AGC   0   0   0   0   0   0
    ATA   0   0   0   0   0   0 |     ACA   1   1   0   1   1   1 | Lys AAA   2   2   2   2   2   2 | Arg AGA   0   0   0   0   0   0
Met ATG   0   0   0   0   0   0 |     ACG   0   0   1   0   0   0 |     AAG   0   0   0   0   0   0 |     AGG   0   0   0   0   0   0
--------------------------------------------------------------------------------------------------------------------------------------
Val GTT   0   0   0   0   0   0 | Ala GCT   0   0   0   0   0   0 | Asp GAT   0   0   0   0   0   0 | Gly GGT   0   0   0   0   0   0
    GTC   0   0   0   0   0   0 |     GCC   0   0   0   0   0   0 |     GAC   0   0   0   0   0   0 |     GGC   0   0   0   0   0   0
    GTA   0   0   0   0   0   0 |     GCA   0   0   0   0   0   0 | Glu GAA   1   1   1   1   1   1 |     GGA   0   0   0   0   0   0
    GTG   0   0   0   0   0   0 |     GCG   0   0   0   0   0   0 |     GAG   0   0   0   0   0   0 |     GGG   0   0   0   0   0   0
--------------------------------------------------------------------------------------------------------------------------------------

--------------------------------------------------------------------------------------------------------------------------------------
Phe TTT   0   0   0   0   0   0 | Ser TCT   0   0   0   0   0   0 | Tyr TAT   0   0   0   0   0   0 | Cys TGT   0   0   0   0   0   0
    TTC   0   0   0   0   0   0 |     TCC   0   0   0   0   0   0 |     TAC   0   0   0   0   0   0 |     TGC   0   0   0   0   0   0
Leu TTA   0   0   0   0   0   0 |     TCA   0   0   0   0   0   0 | *** TAA   0   0   0   0   0   0 | *** TGA   0   0   0   0   0   0
    TTG   0   0   0   0   0   0 |     TCG   0   0   0   0   0   0 |     TAG   0   0   0   0   0   0 | Trp TGG   0   0   0   0   0   0
--------------------------------------------------------------------------------------------------------------------------------------
Leu CTT   0   0   0   0   0   0 | Pro CCT   0   0   0   0   0   0 | His CAT   0   0   0   0   0   0 | Arg CGT   0   0   0   0   0   0
    CTC   1   1   1   1   1   1 |     CCC   0   0   0   0   0   0 |     CAC   1   2   1   1   1   1 |     CGC   0   0   0   0   0   0
    CTA   0   0   0   0   0   0 |     CCA   0   0   0   0   0   0 | Gln CAA   0   0   0   0   0   0 |     CGA   0   0   0   0   0   0
    CTG   3   3   3   3   3   3 |     CCG   0   0   0   0   0   0 |     CAG   0   0   0   0   0   0 |     CGG   0   0   0   0   0   0
--------------------------------------------------------------------------------------------------------------------------------------
Ile ATT   0   0   0   0   0   0 | Thr ACT   0   0   0   0   0   0 | Asn AAT   0   0   0   0   0   0 | Ser AGT   0   0   0   0   0   0
    ATC   2   2   2   2   2   2 |     ACC   0   0   0   0   0   0 |     AAC   1   0   1   1   1   1 |     AGC   0   0   0   0   0   0
    ATA   0   0   0   0   0   0 |     ACA   1   1   1   1   1   1 | Lys AAA   2   2   2   2   2   2 | Arg AGA   0   0   0   0   0   0
Met ATG   0   0   0   0   0   0 |     ACG   0   0   0   0   0   0 |     AAG   0   0   0   0   0   0 |     AGG   0   0   0   0   0   0
--------------------------------------------------------------------------------------------------------------------------------------
Val GTT   0   0   0   0   0   0 | Ala GCT   0   0   0   0   0   0 | Asp GAT   0   0   0   0   0   0 | Gly GGT   0   0   0   0   0   0
    GTC   0   0   0   0   0   0 |     GCC   0   0   0   0   0   0 |     GAC   0   0   0   0   0   0 |     GGC   0   0   0   0   0   0
    GTA   0   0   0   0   0   0 |     GCA   0   0   0   0   0   0 | Glu GAA   1   1   1   1   1   1 |     GGA   0   0   0   0   0   0
    GTG   0   0   0   0   0   0 |     GCG   0   0   0   0   0   0 |     GAG   0   0   0   0   0   0 |     GGG   0   0   0   0   0   0
--------------------------------------------------------------------------------------------------------------------------------------

--------------------------------------------------------------------------------------------------------------------------------------
Phe TTT   0   0   0   0   0   0 | Ser TCT   0   0   0   0   0   0 | Tyr TAT   0   0   0   0   0   0 | Cys TGT   0   0   0   0   0   0
    TTC   0   0   0   0   0   0 |     TCC   0   0   0   0   0   0 |     TAC   0   0   0   0   0   0 |     TGC   0   0   0   0   0   0
Leu TTA   0   0   0   0   0   0 |     TCA   0   0   0   0   0   0 | *** TAA   0   0   0   0   0   0 | *** TGA   0   0   0   0   0   0
    TTG   0   0   0   0   0   0 |     TCG   0   0   0   0   0   0 |     TAG   0   0   0   0   0   0 | Trp TGG   0   0   0   0   0   0
--------------------------------------------------------------------------------------------------------------------------------------
Leu CTT   0   0   0   0   0   0 | Pro CCT   0   0   0   0   0   0 | His CAT   0   0   0   0   0   0 | Arg CGT   0   0   0   0   0   0
    CTC   1   1   1   1   1   1 |     CCC   0   0   0   0   0   0 |     CAC   1   1   1   1   1   1 |     CGC   0   0   0   0   0   0
    CTA   0   0   0   0   0   0 |     CCA   0   0   0   0   0   0 | Gln CAA   0   0   0   0   0   0 |     CGA   0   0   0   0   0   0
    CTG   3   3   3   3   3   3 |     CCG   0   0   0   0   0   0 |     CAG   0   0   0   0   0   0 |     CGG   0   0   0   0   0   0
--------------------------------------------------------------------------------------------------------------------------------------
Ile ATT   0   0   0   0   0   0 | Thr ACT   0   0   0   0   0   0 | Asn AAT   0   0   0   0   0   0 | Ser AGT   0   0   0   0   0   0
    ATC   2   2   2   2   2   2 |     ACC   0   0   0   0   0   0 |     AAC   1   1   1   1   1   1 |     AGC   0   0   0   0   0   0
    ATA   0   0   0   0   0   0 |     ACA   1   1   1   0   1   1 | Lys AAA   2   2   2   2   2   2 | Arg AGA   0   0   0   0   0   0
Met ATG   0   0   0   0   0   0 |     ACG   0   0   0   1   0   0 |     AAG   0   0   0   0   0   0 |     AGG   0   0   0   0   0   0
--------------------------------------------------------------------------------------------------------------------------------------
Val GTT   0   0   0   0   0   0 | Ala GCT   0   0   0   0   0   0 | Asp GAT   0   0   0   0   0   0 | Gly GGT   0   0   0   0   0   0
    GTC   0   0   0   0   0   0 |     GCC   0   0   0   0   0   0 |     GAC   0   0   0   0   0   0 |     GGC   0   0   0   0   0   0
    GTA   0   0   0   0   0   0 |     GCA   0   0   0   0   0   0 | Glu GAA   1   1   1   0   1   1 |     GGA   0   0   0   0   0   0
    GTG   0   0   0   0   0   0 |     GCG   0   0   0   0   0   0 |     GAG   0   0   0   1   0   0 |     GGG   0   0   0   0   0   0
--------------------------------------------------------------------------------------------------------------------------------------

Codon position x base (3x4) table for each sequence.

#1: Argali         
position  1:    T:0.00000    C:0.41667    A:0.50000    G:0.08333
position  2:    T:0.50000    C:0.08333    A:0.41667    G:0.00000
position  3:    T:0.00000    C:0.41667    A:0.33333    G:0.25000
Average         T:0.16667    C:0.30556    A:0.41667    G:0.11111

#2: LesserMouseDeer
position  1:    T:0.00000    C:0.41667    A:0.50000    G:0.08333
position  2:    T:0.50000    C:0.08333    A:0.41667    G:0.00000
position  3:    T:0.08333    C:0.33333    A:0.41667    G:0.16667
Average         T:0.19444    C:0.27778    A:0.44444    G:0.08333

#3: LesserKudu     
position  1:    T:0.00000    C:0.41667    A:0.50000    G:0.08333
position  2:    T:0.50000    C:0.08333    A:0.41667    G:0.00000
position  3:    T:0.00000    C:0.41667    A:0.33333    G:0.25000
Average         T:0.16667    C:0.30556    A:0.41667    G:0.11111

#4: ForestMuskDeer2
position  1:    T:0.00000    C:0.41667    A:0.50000    G:0.08333
position  2:    T:0.50000    C:0.08333    A:0.41667    G:0.00000
position  3:    T:0.08333    C:0.33333    A:0.16667    G:0.41667
Average         T:0.19444    C:0.27778    A:0.36111    G:0.16667

#5: Camel          
position  1:    T:0.08333    C:0.33333    A:0.50000    G:0.08333
position  2:    T:0.50000    C:0.08333    A:0.41667    G:0.00000
position  3:    T:0.00000    C:0.41667    A:0.41667    G:0.16667
Average         T:0.19444    C:0.27778    A:0.44444    G:0.08333

#6: KillerWhale    
position  1:    T:0.00000    C:0.41667    A:0.50000    G:0.08333
position  2:    T:0.50000    C:0.08333    A:0.41667    G:0.00000
position  3:    T:0.00000    C:0.41667    A:0.41667    G:0.16667
Average         T:0.16667    C:0.30556    A:0.44444    G:0.08333

#7: DefassaWaterbuck
position  1:    T:0.00000    C:0.41667    A:0.50000    G:0.08333
position  2:    T:0.50000    C:0.08333    A:0.41667    G:0.00000
position  3:    T:0.00000    C:0.41667    A:0.33333    G:0.25000
Average         T:0.16667    C:0.30556    A:0.41667    G:0.11111

#8: Sheep          
position  1:    T:0.00000    C:0.41667    A:0.50000    G:0.08333
position  2:    T:0.50000    C:0.08333    A:0.41667    G:0.00000
position  3:    T:0.00000    C:0.41667    A:0.33333    G:0.25000
Average         T:0.16667    C:0.30556    A:0.41667    G:0.11111

#9: MaxwellsDuiker 
position  1:    T:0.00000    C:0.41667    A:0.50000    G:0.08333
position  2:    T:0.50000    C:0.08333    A:0.41667    G:0.00000
position  3:    T:0.00000    C:0.41667    A:0.33333    G:0.25000
Average         T:0.16667    C:0.30556    A:0.41667    G:0.11111

#10: GazellaPrzewalskyi
position  1:    T:0.00000    C:0.41667    A:0.50000    G:0.08333
position  2:    T:0.50000    C:0.08333    A:0.41667    G:0.00000
position  3:    T:0.00000    C:0.41667    A:0.33333    G:0.25000
Average         T:0.16667    C:0.30556    A:0.41667    G:0.11111

#11: MountainNyala  
position  1:    T:0.00000    C:0.41667    A:0.50000    G:0.08333
position  2:    T:0.50000    C:0.08333    A:0.41667    G:0.00000
position  3:    T:0.00000    C:0.41667    A:0.33333    G:0.25000
Average         T:0.16667    C:0.30556    A:0.41667    G:0.11111

#12: MuntiacusMuntjak
position  1:    T:0.00000    C:0.41667    A:0.50000    G:0.08333
position  2:    T:0.50000    C:0.08333    A:0.41667    G:0.00000
position  3:    T:0.00000    C:0.41667    A:0.33333    G:0.25000
Average         T:0.16667    C:0.30556    A:0.41667    G:0.11111

#13: goat           
position  1:    T:0.00000    C:0.41667    A:0.50000    G:0.08333
position  2:    T:0.50000    C:0.08333    A:0.41667    G:0.00000
position  3:    T:0.00000    C:0.41667    A:0.33333    G:0.25000
Average         T:0.16667    C:0.30556    A:0.41667    G:0.11111

#14: AfricanBuffalo 
position  1:    T:0.00000    C:0.41667    A:0.50000    G:0.08333
position  2:    T:0.50000    C:0.08333    A:0.41667    G:0.00000
position  3:    T:0.00000    C:0.41667    A:0.33333    G:0.25000
Average         T:0.16667    C:0.30556    A:0.41667    G:0.11111

#15: Topi           
position  1:    T:0.00000    C:0.41667    A:0.50000    G:0.08333
position  2:    T:0.50000    C:0.08333    A:0.41667    G:0.00000
position  3:    T:0.00000    C:0.41667    A:0.33333    G:0.25000
Average         T:0.16667    C:0.30556    A:0.41667    G:0.11111

#16: CommonDuiker   
position  1:    T:0.00000    C:0.41667    A:0.50000    G:0.08333
position  2:    T:0.50000    C:0.08333    A:0.41667    G:0.00000
position  3:    T:0.00000    C:0.41667    A:0.33333    G:0.25000
Average         T:0.16667    C:0.30556    A:0.41667    G:0.11111

#17: Suni           
position  1:    T:0.00000    C:0.41667    A:0.50000    G:0.08333
position  2:    T:0.50000    C:0.08333    A:0.41667    G:0.00000
position  3:    T:0.00000    C:0.41667    A:0.33333    G:0.25000
Average         T:0.16667    C:0.30556    A:0.41667    G:0.11111

#18: Springbuck     
position  1:    T:0.00000    C:0.50000    A:0.41667    G:0.08333
position  2:    T:0.50000    C:0.08333    A:0.41667    G:0.00000
position  3:    T:0.00000    C:0.41667    A:0.33333    G:0.25000
Average         T:0.16667    C:0.33333    A:0.38889    G:0.11111

#19: Okapi          
position  1:    T:0.08333    C:0.33333    A:0.50000    G:0.08333
position  2:    T:0.50000    C:0.08333    A:0.41667    G:0.00000
position  3:    T:0.00000    C:0.41667    A:0.33333    G:0.25000
Average         T:0.19444    C:0.27778    A:0.41667    G:0.11111

#20: Giraffe        
position  1:    T:0.08333    C:0.33333    A:0.50000    G:0.08333
position  2:    T:0.50000    C:0.08333    A:0.41667    G:0.00000
position  3:    T:0.00000    C:0.41667    A:0.33333    G:0.25000
Average         T:0.19444    C:0.27778    A:0.41667    G:0.11111

#21: TibetanAntelope
position  1:    T:0.00000    C:0.41667    A:0.50000    G:0.08333
position  2:    T:0.50000    C:0.08333    A:0.41667    G:0.00000
position  3:    T:0.00000    C:0.41667    A:0.33333    G:0.25000
Average         T:0.16667    C:0.30556    A:0.41667    G:0.11111

#22: Sitatunga      
position  1:    T:0.00000    C:0.41667    A:0.50000    G:0.08333
position  2:    T:0.50000    C:0.08333    A:0.41667    G:0.00000
position  3:    T:0.00000    C:0.41667    A:0.33333    G:0.25000
Average         T:0.16667    C:0.30556    A:0.41667    G:0.11111

#23: Oribi          
position  1:    T:0.00000    C:0.50000    A:0.41667    G:0.08333
position  2:    T:0.50000    C:0.08333    A:0.41667    G:0.00000
position  3:    T:0.00000    C:0.41667    A:0.33333    G:0.25000
Average         T:0.16667    C:0.33333    A:0.38889    G:0.11111

#24: BarbarySheep   
position  1:    T:0.00000    C:0.41667    A:0.50000    G:0.08333
position  2:    T:0.50000    C:0.08333    A:0.41667    G:0.00000
position  3:    T:0.00000    C:0.41667    A:0.33333    G:0.25000
Average         T:0.16667    C:0.30556    A:0.41667    G:0.11111

#25: Daviddeer      
position  1:    T:0.00000    C:0.41667    A:0.50000    G:0.08333
position  2:    T:0.50000    C:0.08333    A:0.41667    G:0.00000
position  3:    T:0.08333    C:0.33333    A:0.33333    G:0.25000
Average         T:0.19444    C:0.27778    A:0.41667    G:0.11111

#26: Reindeer       
position  1:    T:0.00000    C:0.41667    A:0.50000    G:0.08333
position  2:    T:0.50000    C:0.08333    A:0.41667    G:0.00000
position  3:    T:0.00000    C:0.41667    A:0.33333    G:0.25000
Average         T:0.16667    C:0.30556    A:0.41667    G:0.11111

#27: Ibex           
position  1:    T:0.00000    C:0.41667    A:0.50000    G:0.08333
position  2:    T:0.50000    C:0.08333    A:0.41667    G:0.00000
position  3:    T:0.00000    C:0.41667    A:0.33333    G:0.25000
Average         T:0.16667    C:0.30556    A:0.41667    G:0.11111

#28: GyrantGazelle  
position  1:    T:0.00000    C:0.50000    A:0.41667    G:0.08333
position  2:    T:0.50000    C:0.08333    A:0.41667    G:0.00000
position  3:    T:0.00000    C:0.41667    A:0.33333    G:0.25000
Average         T:0.16667    C:0.33333    A:0.38889    G:0.11111

#29: Hartebeest     
position  1:    T:0.00000    C:0.41667    A:0.50000    G:0.08333
position  2:    T:0.50000    C:0.08333    A:0.41667    G:0.00000
position  3:    T:0.00000    C:0.41667    A:0.33333    G:0.25000
Average         T:0.16667    C:0.30556    A:0.41667    G:0.11111

#30: Bongo          
position  1:    T:0.00000    C:0.41667    A:0.50000    G:0.08333
position  2:    T:0.50000    C:0.08333    A:0.41667    G:0.00000
position  3:    T:0.00000    C:0.41667    A:0.33333    G:0.25000
Average         T:0.16667    C:0.30556    A:0.41667    G:0.11111

#31: Gerenuk        
position  1:    T:0.08333    C:0.41667    A:0.41667    G:0.08333
position  2:    T:0.50000    C:0.08333    A:0.41667    G:0.00000
position  3:    T:0.00000    C:0.41667    A:0.33333    G:0.25000
Average         T:0.19444    C:0.30556    A:0.38889    G:0.11111

#32: CommonEland    
position  1:    T:0.00000    C:0.41667    A:0.50000    G:0.08333
position  2:    T:0.50000    C:0.08333    A:0.41667    G:0.00000
position  3:    T:0.00000    C:0.41667    A:0.33333    G:0.25000
Average         T:0.16667    C:0.30556    A:0.41667    G:0.11111

#33: MuntiacusReevesi
position  1:    T:0.00000    C:0.41667    A:0.50000    G:0.08333
position  2:    T:0.50000    C:0.08333    A:0.41667    G:0.00000
position  3:    T:0.00000    C:0.41667    A:0.33333    G:0.25000
Average         T:0.16667    C:0.30556    A:0.41667    G:0.11111

#34: HarveysDuiker  
position  1:    T:0.00000    C:0.41667    A:0.50000    G:0.08333
position  2:    T:0.50000    C:0.08333    A:0.41667    G:0.00000
position  3:    T:0.00000    C:0.41667    A:0.33333    G:0.25000
Average         T:0.16667    C:0.30556    A:0.41667    G:0.11111

#35: Pronghorn      
position  1:    T:0.00000    C:0.41667    A:0.50000    G:0.08333
position  2:    T:0.50000    C:0.08333    A:0.33333    G:0.08333
position  3:    T:0.00000    C:0.41667    A:0.25000    G:0.33333
Average         T:0.16667    C:0.30556    A:0.36111    G:0.16667

#36: BlueWildebeest 
position  1:    T:0.08333    C:0.33333    A:0.50000    G:0.08333
position  2:    T:0.50000    C:0.08333    A:0.41667    G:0.00000
position  3:    T:0.00000    C:0.41667    A:0.33333    G:0.25000
Average         T:0.19444    C:0.27778    A:0.41667    G:0.11111

#37: Gemsbok        
position  1:    T:0.00000    C:0.41667    A:0.50000    G:0.08333
position  2:    T:0.50000    C:0.08333    A:0.41667    G:0.00000
position  3:    T:0.00000    C:0.41667    A:0.33333    G:0.25000
Average         T:0.16667    C:0.30556    A:0.41667    G:0.11111

#38: Yak            
position  1:    T:0.00000    C:0.41667    A:0.50000    G:0.08333
position  2:    T:0.50000    C:0.08333    A:0.41667    G:0.00000
position  3:    T:0.08333    C:0.33333    A:0.33333    G:0.25000
Average         T:0.19444    C:0.27778    A:0.41667    G:0.11111

#39: BlueSheep      
position  1:    T:0.00000    C:0.41667    A:0.50000    G:0.08333
position  2:    T:0.50000    C:0.08333    A:0.41667    G:0.00000
position  3:    T:0.00000    C:0.41667    A:0.25000    G:0.33333
Average         T:0.16667    C:0.30556    A:0.38889    G:0.13889

#40: BohorReedbuck  
position  1:    T:0.00000    C:0.41667    A:0.50000    G:0.08333
position  2:    T:0.50000    C:0.08333    A:0.41667    G:0.00000
position  3:    T:0.08333    C:0.33333    A:0.33333    G:0.25000
Average         T:0.19444    C:0.27778    A:0.41667    G:0.11111

#41: KirksDik       
position  1:    T:0.00000    C:0.41667    A:0.50000    G:0.08333
position  2:    T:0.50000    C:0.08333    A:0.41667    G:0.00000
position  3:    T:0.08333    C:0.33333    A:0.33333    G:0.25000
Average         T:0.19444    C:0.27778    A:0.41667    G:0.11111

#42: RoeDeer        
position  1:    T:0.00000    C:0.41667    A:0.50000    G:0.08333
position  2:    T:0.50000    C:0.08333    A:0.41667    G:0.00000
position  3:    T:0.00000    C:0.41667    A:0.33333    G:0.25000
Average         T:0.16667    C:0.30556    A:0.41667    G:0.11111

#43: WhiteLippedDeer
position  1:    T:0.00000    C:0.41667    A:0.50000    G:0.08333
position  2:    T:0.50000    C:0.08333    A:0.41667    G:0.00000
position  3:    T:0.00000    C:0.41667    A:0.33333    G:0.25000
Average         T:0.16667    C:0.30556    A:0.41667    G:0.11111

#44: ThomsonGazelle 
position  1:    T:0.00000    C:0.50000    A:0.41667    G:0.08333
position  2:    T:0.50000    C:0.08333    A:0.41667    G:0.00000
position  3:    T:0.00000    C:0.41667    A:0.33333    G:0.25000
Average         T:0.16667    C:0.33333    A:0.38889    G:0.11111

#45: MuntiacusCrinifrons
position  1:    T:0.00000    C:0.41667    A:0.50000    G:0.08333
position  2:    T:0.50000    C:0.08333    A:0.41667    G:0.00000
position  3:    T:0.00000    C:0.41667    A:0.33333    G:0.25000
Average         T:0.16667    C:0.30556    A:0.41667    G:0.11111

#46: WhiteTailedDeer
position  1:    T:0.00000    C:0.41667    A:0.50000    G:0.08333
position  2:    T:0.50000    C:0.08333    A:0.41667    G:0.00000
position  3:    T:0.00000    C:0.41667    A:0.33333    G:0.25000
Average         T:0.16667    C:0.30556    A:0.41667    G:0.11111

#47: Cattle         
position  1:    T:0.00000    C:0.41667    A:0.50000    G:0.08333
position  2:    T:0.50000    C:0.08333    A:0.41667    G:0.00000
position  3:    T:0.00000    C:0.41667    A:0.33333    G:0.25000
Average         T:0.16667    C:0.30556    A:0.41667    G:0.11111

#48: RoyalAntelope  
position  1:    T:0.00000    C:0.41667    A:0.50000    G:0.08333
position  2:    T:0.50000    C:0.08333    A:0.41667    G:0.00000
position  3:    T:0.00000    C:0.41667    A:0.33333    G:0.25000
Average         T:0.16667    C:0.30556    A:0.41667    G:0.11111

#49: Steenbok       
position  1:    T:0.00000    C:0.41667    A:0.50000    G:0.08333
position  2:    T:0.50000    C:0.08333    A:0.41667    G:0.00000
position  3:    T:0.00000    C:0.41667    A:0.33333    G:0.25000
Average         T:0.16667    C:0.30556    A:0.41667    G:0.11111

#50: Impala         
position  1:    T:0.00000    C:0.41667    A:0.50000    G:0.08333
position  2:    T:0.50000    C:0.08333    A:0.41667    G:0.00000
position  3:    T:0.00000    C:0.41667    A:0.33333    G:0.25000
Average         T:0.16667    C:0.30556    A:0.41667    G:0.11111

#51: Klipspringer   
position  1:    T:0.00000    C:0.41667    A:0.50000    G:0.08333
position  2:    T:0.50000    C:0.08333    A:0.41667    G:0.00000
