1
52 1
Argali 0.000000 0.367600 0.036800 0.180800 0.000200 0.000000 0.000000 0.000100 0.074300 0.036300 0.036800 0.000100 0.000000 0.037300 0.076000 0.037800 0.108700 0.115000 0.038100 0.036800 0.037800 0.000000 0.073600 0.036600 0.036500 0.037800 0.000000 0.036800 0.037300 0.036800 0.036300 0.000100 0.000300 0.000000 0.038700 0.000100 0.000000 0.000200 0.000000 0.036300 0.036300 0.037800 0.036300 0.072900 0.000100 0.000000 0.036700 0.077400 0.000100 0.073300 0.036800 0.077700
LesserMous 0.367600 0.000000 0.423800 0.231600 0.369800 0.367600 0.367600 0.369200 0.360300 0.414800 0.308700 0.367700 0.367600 0.312200 0.366900 0.437900 0.603300 0.589300 0.440400 0.423800 0.437900 0.367600 0.473400 0.421600 0.304400 0.437900 0.367600 0.423800 0.437900 0.423800 0.414800 0.359900 0.364600 0.367600 0.325600 0.367700 0.367600 0.369800 0.367600 0.414800 0.414800 0.437900 0.414800 0.470000 0.367700 0.367600 0.421400 0.314700 0.365700 0.250200 0.423800 0.511800
LesserKudu 0.036800 0.423800 0.000000 0.229800 0.036900 0.036800 0.036800 0.036800 0.034500 0.073400 0.074300 0.036500 0.036800 0.075200 0.115300 0.076200 0.162900 0.161100 0.076700 0.000000 0.076200 0.036800 0.111700 0.074200 0.073500 0.076200 0.036800 0.000000 0.076200 0.000000 0.073400 0.036000 0.036400 0.036800 0.078000 0.036500 0.036800 0.036900 0.036800 0.073400 0.073400 0.076200 0.073400 0.110700 0.036500 0.036800 0.074000 0.117100 0.036600 0.111200 0.000000 0.036200
KillerWhal 0.180800 0.231600 0.229800 0.000000 0.181500 0.180800 0.180800 0.181100 0.228800 0.225400 0.180100 0.180200 0.180800 0.132500 0.233900 0.237800 0.278300 0.281200 0.175700 0.229800 0.237800 0.180800 0.276600 0.268900 0.177700 0.237800 0.180800 0.229800 0.237800 0.229800 0.225400 0.177000 0.178800 0.180800 0.137600 0.180200 0.180800 0.181500 0.180800 0.225400 0.225400 0.237800 0.225400 0.223500 0.180200 0.180800 0.179400 0.291200 0.179400 0.223700 0.229800 0.296100
DefassaWat 0.000200 0.369800 0.036900 0.181500 0.000000 0.000200 0.000200 0.000400 0.074500 0.036400 0.037000 0.000400 0.000200 0.037300 0.076500 0.038000 0.069300 0.092600 0.038200 0.036900 0.038000 0.000200 0.073900 0.036600 0.036500 0.038000 0.000200 0.036900 0.038000 0.036900 0.036400 0.000400 0.000500 0.000200 0.038700 0.000400 0.000200 0.000000 0.000200 0.036400 0.036400 0.038000 0.036400 0.073100 0.000400 0.000200 0.036800 0.077700 0.000400 0.073400 0.036900 0.077800
Sheep 0.000000 0.367600 0.036800 0.180800 0.000200 0.000000 0.000000 0.000100 0.074300 0.036300 0.036800 0.000100 0.000000 0.037300 0.076000 0.038000 0.108700 0.115000 0.038100 0.036800 0.037800 0.000000 0.073600 0.036600 0.036500 0.037800 0.000000 0.036800 0.037800 0.036800 0.036300 0.000100 0.000300 0.000000 0.038700 0.000100 0.000000 0.000200 0.000000 0.036300 0.036300 0.037800 0.036300 0.072900 0.000100 0.000000 0.036700 0.077400 0.000100 0.073300 0.036800 0.077700
MaxwellsDu 0.000000 0.367600 0.036800 0.180800 0.000200 0.000000 0.000000 0.000100 0.074300 0.036300 0.036800 0.000100 0.000000 0.037300 0.076000 0.037800 0.108700 0.115000 0.038100 0.036800 0.037200 0.000000 0.073600 0.036600 0.036500 0.037800 0.000000 0.036800 0.037800 0.036800 0.036300 0.000100 0.000300 0.000000 0.038700 0.000100 0.000000 0.000200 0.000000 0.036300 0.036300 0.037800 0.036300 0.072900 0.000100 0.000000 0.036700 0.077400 0.000100 0.073300 0.036800 0.077700
GazellaPrz 0.000100 0.369200 0.036800 0.181100 0.000400 0.000100 0.000100 0.000000 0.074300 0.036300 0.037000 0.000300 0.000100 0.037300 0.076400 0.038000 0.090100 0.106200 0.038200 0.036800 0.038000 0.000100 0.073800 0.036600 0.036500 0.038000 0.000100 0.036800 0.038000 0.036800 0.036300 0.000300 0.000400 0.000100 0.038800 0.000300 0.000100 0.000400 0.000100 0.036300 0.036300 0.038000 0.036300 0.073000 0.000300 0.000100 0.036800 0.077500 0.000300 0.073300 0.036800 0.077800
MountainNy 0.074300 0.360300 0.034500 0.228800 0.074500 0.074300 0.074300 0.074300 0.000000 0.111300 0.036100 0.073700 0.074300 0.114300 0.074700 0.115500 0.207500 0.204000 0.116200 0.034800 0.115500 0.074300 0.151000 0.112800 0.035700 0.115500 0.074300 0.034800 0.115500 0.034700 0.111300 0.072700 0.073500 0.074300 0.118100 0.073700 0.074300 0.074500 0.074300 0.111300 0.111300 0.115500 0.111300 0.149700 0.073700 0.074300 0.112500 0.158000 0.073800 0.071900 0.034800 0.073400
MuntiacusM 0.036300 0.414800 0.073400 0.225400 0.036400 0.036300 0.036300 0.036300 0.111300 0.000000 0.073300 0.036200 0.036300 0.074100 0.113700 0.075100 0.162100 0.158700 0.075500 0.073400 0.075100 0.036300 0.034500 0.000100 0.072400 0.075100 0.036300 0.073400 0.075100 0.073400 0.000000 0.035500 0.035600 0.036300 0.077000 0.036200 0.036300 0.036400 0.036300 0.000000 0.000000 0.075100 0.000000 0.034900 0.036200 0.036300 0.073000 0.115700 0.036000 0.109500 0.073400 0.116100
goat 0.036800 0.308700 0.074300 0.180100 0.037000 0.036800 0.036800 0.037000 0.036100 0.073300 0.000000 0.036700 0.036800 0.075500 0.037000 0.076300 0.158700 0.159000 0.076800 0.074300 0.076300 0.036800 0.111700 0.074100 0.000100 0.076300 0.036700 0.074300 0.076300 0.074300 0.073300 0.036200 0.036400 0.036800 0.078100 0.036700 0.036800 0.037000 0.036100 0.073300 0.073300 0.076300 0.073300 0.110800 0.036700 0.036800 0.074100 0.117300 0.036600 0.035600 0.074300 0.118000
AfricanBuf 0.000100 0.367700 0.036500 0.180200 0.000400 0.000100 0.000100 0.000300 0.073700 0.036200 0.036700 0.000000 0.000100 0.037100 0.075900 0.037700 0.116900 0.118400 0.037900 0.036100 0.037700 0.000100 0.073400 0.036500 0.036300 0.037700 0.000100 0.036500 0.037700 0.035200 0.036200 0.000300 0.000100 0.000100 0.038500 0.000000 0.000100 0.000400 0.000100 0.036200 0.036200 0.037700 0.036200 0.072700 0.000000 0.000100 0.036600 0.077100 0.000300 0.073100 0.036500 0.076900
Topi 0.000000 0.367600 0.036800 0.180800 0.000200 0.000000 0.000000 0.000100 0.074300 0.036300 0.036800 0.000100 0.000000 0.037300 0.076000 0.037800 0.108700 0.115000 0.038100 0.036800 0.037200 0.000000 0.073600 0.036600 0.036500 0.037800 0.000000 0.036800 0.037800 0.036800 0.036300 0.000100 0.000300 0.000000 0.038700 0.000100 0.000000 0.000200 0.000000 0.036300 0.036300 0.037200 0.036300 0.072900 0.000100 0.000000 0.036700 0.077400 0.000100 0.073300 0.036800 0.077700
CommonDuik 0.037300 0.312200 0.075200 0.132500 0.037300 0.037300 0.037300 0.037300 0.114300 0.074100 0.075500 0.037100 0.037300 0.000000 0.117200 0.077400 0.154900 0.157300 0.077900 0.075200 0.077400 0.037300 0.113100 0.074900 0.074500 0.077400 0.037300 0.075200 0.077400 0.075200 0.074100 0.036600 0.036700 0.037300 0.078800 0.037100 0.037300 0.037300 0.037300 0.074100 0.074100 0.077400 0.074100 0.112100 0.037100 0.037300 0.075300 0.118100 0.037000 0.112500 0.075200 0.119500
Suni 0.076000 0.366900 0.115300 0.233900 0.076500 0.076000 0.076000 0.076400 0.074700 0.113700 0.037000 0.075900 0.076000 0.117200 0.000000 0.118400 0.209800 0.207500 0.119100 0.115300 0.118400 0.076000 0.154300 0.115200 0.036600 0.118400 0.076000 0.115300 0.118400 0.115300 0.113700 0.074800 0.075300 0.076000 0.121100 0.075900 0.076000 0.076500 0.076000 0.113700 0.113700 0.118400 0.113700 0.152900 0.075900 0.076000 0.115000 0.161800 0.075700 0.073500 0.115300 0.163300
Springbuck 0.037800 0.437900 0.076200 0.237800 0.038000 0.038000 0.037800 0.038000 0.115500 0.075100 0.076300 0.037700 0.037800 0.077400 0.118400 0.000000 0.164800 0.164500 0.079100 0.076200 0.000000 0.037100 0.114300 0.075800 0.075700 0.000000 0.037800 0.076200 0.000000 0.076200 0.075100 0.037200 0.037400 0.037800 0.080500 0.037700 0.037800 0.038000 0.037800 0.075100 0.075100 0.000000 0.075100 0.113300 0.037700 0.037800 0.075200 0.120500 0.037600 0.113800 0.076200 0.120900
Okapi 0.108700 0.603300 0.162900 0.278300 0.069300 0.108700 0.108700 0.090100 0.207500 0.162100 0.158700 0.116900 0.108700 0.154900 0.209800 0.164800 0.000000 0.000100 0.076900 0.162900 0.164800 0.108700 0.205500 0.161100 0.150800 0.164800 0.108700 0.162900 0.164800 0.162900 0.162100 0.089300 0.120100 0.108700 0.162000 0.116900 0.108700 0.069300 0.108700 0.162100 0.162100 0.164800 0.162100 0.203700 0.116900 0.108700 0.157900 0.210700 0.091000 0.204600 0.162900 0.217800
Giraffe 0.115000 0.589300 0.161100 0.281200 0.092600 0.115000 0.115000 0.106200 0.204000 0.158700 0.159000 0.118400 0.115000 0.157300 0.207500 0.164500 0.000100 0.000000 0.075300 0.161100 0.164500 0.115000 0.200700 0.160100 0.153400 0.164500 0.115000 0.161100 0.164500 0.161100 0.158700 0.104100 0.118100 0.115000 0.164900 0.118400 0.115000 0.092600 0.115000 0.158700 0.158700 0.164500 0.158700 0.199000 0.118400 0.115000 0.158200 0.209700 0.105900 0.200000 0.161100 0.213800
TibetanAnt 0.038100 0.440400 0.076700 0.175700 0.038200 0.038100 0.038100 0.038200 0.116200 0.075500 0.076800 0.037900 0.038100 0.077900 0.119100 0.079100 0.076900 0.075300 0.000000 0.076700 0.079100 0.036000 0.114800 0.076200 0.076200 0.079100 0.037000 0.076700 0.079100 0.076700 0.075500 0.037500 0.037600 0.038100 0.080900 0.037900 0.038100 0.038200 0.038100 0.075500 0.075500 0.079100 0.075500 0.113800 0.037900 0.038100 0.076500 0.121300 0.038000 0.114300 0.076700 0.121800
Sitatunga 0.036800 0.423800 0.000000 0.229800 0.036900 0.036800 0.036800 0.036800 0.034800 0.073400 0.074300 0.036100 0.036800 0.075200 0.115300 0.076200 0.162900 0.161100 0.076700 0.000000 0.076200 0.036800 0.111700 0.074200 0.073500 0.076200 0.036800 0.000000 0.076200 0.000000 0.073400 0.036000 0.036400 0.036800 0.078000 0.036500 0.036800 0.036900 0.036800 0.073400 0.073400 0.076200 0.073400 0.110700 0.036500 0.036800 0.074000 0.117100 0.036600 0.111200 0.000000 0.036200
Oribi 0.037800 0.437900 0.076200 0.237800 0.038000 0.037800 0.037200 0.038000 0.115500 0.075100 0.076300 0.037700 0.037200 0.077400 0.118400 0.000000 0.164800 0.164500 0.079100 0.076200 0.000000 0.037800 0.114300 0.075800 0.075700 0.000000 0.037800 0.076200 0.000000 0.076200 0.075100 0.037200 0.037400 0.037800 0.080500 0.037700 0.037500 0.038000 0.037800 0.075100 0.075100 0.000000 0.075100 0.113300 0.037700 0.037800 0.076000 0.120500 0.037600 0.113800 0.076200 0.120900
BarbaryShe 0.000000 0.367600 0.036800 0.180800 0.000200 0.000000 0.000000 0.000100 0.074300 0.036300 0.036800 0.000100 0.000000 0.037300 0.076000 0.037100 0.108700 0.115000 0.036000 0.036800 0.037800 0.000000 0.073600 0.036600 0.036500 0.037800 0.000000 0.036800 0.037800 0.036800 0.036300 0.000100 0.000300 0.000000 0.038700 0.000100 0.000000 0.000200 0.000000 0.036300 0.036300 0.037800 0.036300 0.072900 0.000100 0.000000 0.036700 0.077400 0.000100 0.073300 0.036800 0.077700
Daviddeer 0.073600 0.473400 0.111700 0.276600 0.073900 0.073600 0.073600 0.073800 0.151000 0.034500 0.111700 0.073400 0.073600 0.113100 0.154300 0.114300 0.205500 0.200700 0.114800 0.111700 0.114300 0.073600 0.000000 0.035800 0.110300 0.114300 0.073600 0.111700 0.114300 0.111700 0.035200 0.072000 0.072600 0.073600 0.117000 0.073400 0.073600 0.073900 0.073600 0.035200 0.035200 0.114300 0.035200 0.070900 0.073400 0.073600 0.111300 0.156500 0.073000 0.148300 0.111700 0.157700
Reindeer 0.036600 0.421600 0.074200 0.268900 0.036600 0.036600 0.036600 0.036600 0.112800 0.000100 0.074100 0.036500 0.036600 0.074900 0.115200 0.075800 0.161100 0.160100 0.076200 0.074200 0.075800 0.036600 0.035800 0.000000 0.073100 0.075800 0.036600 0.074200 0.075800 0.074200 0.000100 0.035700 0.036300 0.036600 0.077500 0.036500 0.036600 0.036600 0.036600 0.000100 0.000100 0.075800 0.000100 0.000100 0.036500 0.036600 0.073800 0.116900 0.036200 0.111300 0.074200 0.117700
Ibex 0.036500 0.304400 0.073500 0.177700 0.036500 0.036500 0.036500 0.036500 0.035700 0.072400 0.000100 0.036300 0.036500 0.074500 0.036600 0.075700 0.150800 0.153400 0.076200 0.073500 0.075700 0.036500 0.110300 0.073100 0.000000 0.075700 0.036500 0.073500 0.075700 0.073500 0.072400 0.035800 0.035900 0.036500 0.077200 0.036300 0.036500 0.036500 0.036500 0.072400 0.072400 0.075700 0.072400 0.109300 0.036300 0.036500 0.073500 0.115900 0.036100 0.035100 0.073500 0.116700
GyrantGaze 0.037800 0.437900 0.076200 0.237800 0.038000 0.037800 0.037800 0.038000 0.115500 0.075100 0.076300 0.037700 0.037800 0.077400 0.118400 0.000000 0.164800 0.164500 0.079100 0.076200 0.000000 0.037800 0.114300 0.075800 0.075700 0.000000 0.037800 0.076200 0.000000 0.076200 0.075100 0.037200 0.037400 0.037200 0.080500 0.037700 0.037800 0.038000 0.037800 0.075100 0.075100 0.000000 0.075100 0.113300 0.037700 0.037200 0.075800 0.120500 0.037600 0.113800 0.076200 0.120900
Hartebeest 0.000000 0.367600 0.036800 0.180800 0.000200 0.000000 0.000000 0.000100 0.074300 0.036300 0.036700 0.000100 0.000000 0.037300 0.076000 0.037800 0.108700 0.115000 0.037000 0.036800 0.037800 0.000000 0.073600 0.036600 0.036500 0.037800 0.000000 0.036800 0.037800 0.036800 0.036300 0.000100 0.000300 0.000000 0.038700 0.000100 0.000000 0.000200 0.000000 0.036300 0.036300 0.037300 0.036300 0.072900 0.000100 0.000000 0.036300 0.077400 0.000100 0.073300 0.036800 0.077700
Bongo 0.036800 0.423800 0.000000 0.229800 0.036900 0.036800 0.036800 0.036800 0.034800 0.073400 0.074300 0.036500 0.036800 0.075200 0.115300 0.076200 0.162900 0.161100 0.076700 0.000000 0.076200 0.036800 0.111700 0.074200 0.073500 0.076200 0.036800 0.000000 0.076200 0.000000 0.073400 0.036000 0.036400 0.036800 0.078000 0.036500 0.036800 0.036900 0.036800 0.073400 0.073400 0.076200 0.073400 0.110700 0.036500 0.036800 0.074000 0.117100 0.036600 0.111200 0.000000 0.036200
Gerenuk 0.037300 0.437900 0.076200 0.237800 0.038000 0.037800 0.037800 0.038000 0.115500 0.075100 0.076300 0.037700 0.037800 0.077400 0.118400 0.000000 0.164800 0.164500 0.079100 0.076200 0.000000 0.037800 0.114300 0.075800 0.075700 0.000000 0.037800 0.076200 0.000000 0.076200 0.075100 0.037200 0.037400 0.037800 0.080500 0.037700 0.037800 0.038000 0.037800 0.075100 0.075100 0.000000 0.075100 0.113300 0.037700 0.037800 0.076000 0.120500 0.037600 0.113800 0.076200 0.120900
CommonElan 0.036800 0.423800 0.000000 0.229800 0.036900 0.036800 0.036800 0.036800 0.034700 0.073400 0.074300 0.035200 0.036800 0.075200 0.115300 0.076200 0.162900 0.161100 0.076700 0.000000 0.076200 0.036800 0.111700 0.074200 0.073500 0.076200 0.036800 0.000000 0.076200 0.000000 0.073400 0.036000 0.036400 0.036800 0.078000 0.036500 0.036800 0.036900 0.036800 0.073400 0.073400 0.076200 0.073400 0.110700 0.035900 0.036800 0.074000 0.117100 0.036600 0.111200 0.000000 0.035400
MuntiacusR 0.036300 0.414800 0.073400 0.225400 0.036400 0.036300 0.036300 0.036300 0.111300 0.000000 0.073300 0.036200 0.036300 0.074100 0.113700 0.075100 0.162100 0.158700 0.075500 0.073400 0.075100 0.036300 0.035200 0.000100 0.072400 0.075100 0.036300 0.073400 0.075100 0.073400 0.000000 0.035500 0.035800 0.036300 0.077000 0.036200 0.036300 0.036400 0.036300 0.000000 0.000000 0.075100 0.000000 0.034900 0.036200 0.036300 0.073000 0.115700 0.036000 0.109500 0.073400 0.116100
HarveysDui 0.000100 0.359900 0.036000 0.177000 0.000400 0.000100 0.000100 0.000300 0.072700 0.035500 0.036200 0.000300 0.000100 0.036600 0.074800 0.037200 0.089300 0.104100 0.037500 0.036000 0.037200 0.000100 0.072000 0.035700 0.035800 0.037200 0.000100 0.036000 0.037200 0.036000 0.035500 0.000000 0.000400 0.000100 0.038000 0.000300 0.000100 0.000400 0.000100 0.035500 0.035500 0.037200 0.035500 0.071300 0.000300 0.000100 0.036100 0.076000 0.000300 0.071600 0.036000 0.076000
Pronghorn 0.000300 0.364600 0.036400 0.178800 0.000500 0.000300 0.000300 0.000400 0.073500 0.035600 0.036400 0.000100 0.000300 0.036700 0.075300 0.037400 0.120100 0.118100 0.037600 0.036400 0.037400 0.000300 0.072600 0.036300 0.035900 0.037400 0.000300 0.036400 0.037400 0.036400 0.035800 0.000400 0.000000 0.000300 0.038200 0.000100 0.000300 0.000500 0.000300 0.035800 0.035800 0.037400 0.035800 0.071900 0.000100 0.000300 0.036200 0.076600 0.000400 0.072300 0.036400 0.076700
BlueWildeb 0.000000 0.367600 0.036800 0.180800 0.000200 0.000000 0.000000 0.000100 0.074300 0.036300 0.036800 0.000100 0.000000 0.037300 0.076000 0.037800 0.108700 0.115000 0.038100 0.036800 0.037800 0.000000 0.073600 0.036600 0.036500 0.037200 0.000000 0.036800 0.037800 0.036800 0.036300 0.000100 0.000300 0.000000 0.038700 0.000100 0.000000 0.000200 0.000000 0.036300 0.036300 0.037800 0.036300 0.072900 0.000100 0.000000 0.036100 0.077400 0.000100 0.073300 0.036800 0.077700
Gemsbok 0.038700 0.325600 0.078000 0.137600 0.038700 0.038700 0.038700 0.038800 0.118100 0.077000 0.078100 0.038500 0.038700 0.078800 0.121100 0.080500 0.162000 0.164900 0.080900 0.078000 0.080500 0.038700 0.117000 0.077500 0.077200 0.080500 0.038700 0.078000 0.080500 0.078000 0.077000 0.038000 0.038200 0.038700 0.000000 0.038500 0.038700 0.038700 0.038700 0.077000 0.077000 0.080500 0.077000 0.115800 0.038500 0.038700 0.077700 0.123200 0.038400 0.116500 0.078000 0.123600
Yak 0.000100 0.367700 0.036500 0.180200 0.000400 0.000100 0.000100 0.000300 0.073700 0.036200 0.036700 0.000000 0.000100 0.037100 0.075900 0.037700 0.116900 0.118400 0.037900 0.036500 0.037700 0.000100 0.073400 0.036500 0.036300 0.037700 0.000100 0.036500 0.037700 0.036500 0.036200 0.000300 0.000100 0.000100 0.038500 0.000000 0.000100 0.000400 0.000100 0.036200 0.036200 0.037700 0.036200 0.072700 0.000000 0.000100 0.036600 0.077100 0.000300 0.073100 0.036500 0.076900
BlueSheep 0.000000 0.367600 0.036800 0.180800 0.000200 0.000000 0.000000 0.000100 0.074300 0.036300 0.036800 0.000100 0.000000 0.037300 0.076000 0.037800 0.108700 0.115000 0.038100 0.036800 0.037500 0.000000 0.073600 0.036600 0.036500 0.037800 0.000000 0.036800 0.037800 0.036800 0.036300 0.000100 0.000300 0.000000 0.038700 0.000100 0.000000 0.000200 0.000000 0.036300 0.036300 0.037800 0.036300 0.072900 0.000100 0.000000 0.036700 0.077400 0.000100 0.073300 0.036800 0.077700
BohorReedb 0.000200 0.369800 0.036900 0.181500 0.000000 0.000200 0.000200 0.000400 0.074500 0.036400 0.037000 0.000400 0.000200 0.037300 0.076500 0.038000 0.069300 0.092600 0.038200 0.036900 0.038000 0.000200 0.073900 0.036600 0.036500 0.038000 0.000200 0.036900 0.038000 0.036900 0.036400 0.000400 0.000500 0.000200 0.038700 0.000400 0.000200 0.000000 0.000200 0.036400 0.036400 0.038000 0.036400 0.073100 0.000400 0.000200 0.036800 0.077700 0.000400 0.073400 0.036900 0.077800
KirksDik 0.000000 0.367600 0.036800 0.180800 0.000200 0.000000 0.000000 0.000100 0.074300 0.036300 0.036100 0.000100 0.000000 0.037300 0.076000 0.037800 0.108700 0.115000 0.038100 0.036800 0.037800 0.000000 0.073600 0.036600 0.036500 0.037800 0.000000 0.036800 0.037800 0.036800 0.036300 0.000100 0.000300 0.000000 0.038700 0.000100 0.000000 0.000200 0.000000 0.036300 0.036300 0.037800 0.036300 0.072900 0.000100 0.000000 0.036700 0.077400 0.000100 0.073300 0.036800 0.077700
RoeDeer 0.036300 0.414800 0.073400 0.225400 0.036400 0.036300 0.036300 0.036300 0.111300 0.000000 0.073300 0.036200 0.036300 0.074100 0.113700 0.075100 0.162100 0.158700 0.075500 0.073400 0.075100 0.036300 0.035200 0.000100 0.072400 0.075100 0.036300 0.073400 0.075100 0.073400 0.000000 0.035500 0.035800 0.036300 0.077000 0.036200 0.036300 0.036400 0.036300 0.000000 0.000000 0.075100 0.000000 0.034900 0.036200 0.036300 0.073000 0.115700 0.036000 0.109500 0.073400 0.116100
WhiteLippe 0.036300 0.414800 0.073400 0.225400 0.036400 0.036300 0.036300 0.036300 0.111300 0.000000 0.073300 0.036200 0.036300 0.074100 0.113700 0.075100 0.162100 0.158700 0.075500 0.073400 0.075100 0.036300 0.035200 0.000100 0.072400 0.075100 0.036300 0.073400 0.075100 0.073400 0.000000 0.035500 0.035800 0.036300 0.077000 0.036200 0.036300 0.036400 0.036300 0.000000 0.000000 0.075100 0.000000 0.034900 0.036200 0.036300 0.073000 0.115700 0.036000 0.109500 0.073400 0.116100
ThomsonGaz 0.037800 0.437900 0.076200 0.237800 0.038000 0.037800 0.037800 0.038000 0.115500 0.075100 0.076300 0.037700 0.037200 0.077400 0.118400 0.000000 0.164800 0.164500 0.079100 0.076200 0.000000 0.037800 0.114300 0.075800 0.075700 0.000000 0.037300 0.076200 0.000000 0.076200 0.075100 0.037200 0.037400 0.037800 0.080500 0.037700 0.037800 0.038000 0.037800 0.075100 0.075100 0.000000 0.075100 0.113300 0.037700 0.037800 0.075800 0.120500 0.037600 0.113800 0.076200 0.120900
MuntiacusC 0.036300 0.414800 0.073400 0.225400 0.036400 0.036300 0.036300 0.036300 0.111300 0.000000 0.073300 0.036200 0.036300 0.074100 0.113700 0.075100 0.162100 0.158700 0.075500 0.073400 0.075100 0.036300 0.035200 0.000100 0.072400 0.075100 0.036300 0.073400 0.075100 0.073400 0.000000 0.035500 0.035800 0.036300 0.077000 0.036200 0.036300 0.036400 0.036300 0.000000 0.000000 0.075100 0.000000 0.034900 0.036200 0.036300 0.073000 0.115700 0.036000 0.109500 0.073400 0.116100
WhiteTaile 0.072900 0.470000 0.110700 0.223500 0.073100 0.072900 0.072900 0.073000 0.149700 0.034900 0.110800 0.072700 0.072900 0.112100 0.152900 0.113300 0.203700 0.199000 0.113800 0.110700 0.113300 0.072900 0.070900 0.000100 0.109300 0.113300 0.072900 0.110700 0.113300 0.110700 0.034900 0.071300 0.071900 0.072900 0.115800 0.072700 0.072900 0.073100 0.072900 0.034900 0.034900 0.113300 0.034900 0.000000 0.072700 0.072900 0.110400 0.155000 0.072300 0.147100 0.110700 0.156300
Cattle 0.000100 0.367700 0.036500 0.180200 0.000400 0.000100 0.000100 0.000300 0.073700 0.036200 0.036700 0.000000 0.000100 0.037100 0.075900 0.037700 0.116900 0.118400 0.037900 0.036500 0.037700 0.000100 0.073400 0.036500 0.036300 0.037700 0.000100 0.036500 0.037700 0.035900 0.036200 0.000300 0.000100 0.000100 0.038500 0.000000 0.000100 0.000400 0.000100 0.036200 0.036200 0.037700 0.036200 0.072700 0.000000 0.000100 0.036600 0.077100 0.000300 0.073100 0.036500 0.076900
RoyalAntel 0.000000 0.367600 0.036800 0.180800 0.000200 0.000000 0.000000 0.000100 0.074300 0.036300 0.036800 0.000100 0.000000 0.037300 0.076000 0.037800 0.108700 0.115000 0.038100 0.036800 0.037800 0.000000 0.073600 0.036600 0.036500 0.037200 0.000000 0.036800 0.037800 0.036800 0.036300 0.000100 0.000300 0.000000 0.038700 0.000100 0.000000 0.000200 0.000000 0.036300 0.036300 0.037800 0.036300 0.072900 0.000100 0.000000 0.036700 0.077400 0.000100 0.073300 0.036800 0.077700
Steenbok 0.036700 0.421400 0.074000 0.179400 0.036800 0.036700 0.036700 0.036800 0.112500 0.073000 0.074100 0.036600 0.036700 0.075300 0.115000 0.075200 0.157900 0.158200 0.076500 0.074000 0.076000 0.036700 0.111300 0.073800 0.073500 0.075800 0.036300 0.074000 0.076000 0.074000 0.073000 0.036100 0.036200 0.036100 0.077700 0.036600 0.036700 0.036800 0.036700 0.073000 0.073000 0.075800 0.073000 0.110400 0.036600 0.036700 0.000000 0.116800 0.036500 0.110800 0.074000 0.117600
Impala 0.077400 0.314700 0.117100 0.291200 0.077700 0.077400 0.077400 0.077500 0.158000 0.115700 0.117300 0.077100 0.077400 0.118100 0.161800 0.120500 0.210700 0.209700 0.121300 0.117100 0.120500 0.077400 0.156500 0.116900 0.115900 0.120500 0.077400 0.117100 0.120500 0.117100 0.115700 0.076000 0.076600 0.077400 0.123200 0.077100 0.077400 0.077700 0.077400 0.115700 0.115700 0.120500 0.115700 0.155000 0.077100 0.077400 0.116800 0.000000 0.076900 0.074700 0.117100 0.165300
Klipspring 0.000100 0.365700 0.036600 0.179400 0.000400 0.000100 0.000100 0.000300 0.073800 0.036000 0.036600 0.000300 0.000100 0.037000 0.075700 0.037600 0.091000 0.105900 0.038000 0.036600 0.037600 0.000100 0.073000 0.036200 0.036100 0.037600 0.000100 0.036600 0.037600 0.036600 0.036000 0.000300 0.000400 0.000100 0.038400 0.000300 0.000100 0.000400 0.000100 0.036000 0.036000 0.037600 0.036000 0.072300 0.000300 0.000100 0.036500 0.076900 0.000000 0.072700 0.036600 0.077200
ForestMusk 0.073300 0.250200 0.111200 0.223700 0.073400 0.073300 0.073300 0.073300 0.071900 0.109500 0.035600 0.073100 0.073300 0.112500 0.073500 0.113800 0.204600 0.200000 0.114300 0.111200 0.113800 0.073300 0.148300 0.111300 0.035100 0.113800 0.073300 0.111200 0.113800 0.111200 0.109500 0.071600 0.072300 0.073300 0.116500 0.073100 0.073300 0.073400 0.073300 0.109500 0.109500 0.113800 0.109500 0.147100 0.073100 0.073300 0.110800 0.074700 0.072700 0.000000 0.111200 0.156900
Bushbuck 0.036800 0.423800 0.000000 0.229800 0.036900 0.036800 0.036800 0.036800 0.034800 0.073400 0.074300 0.036500 0.036800 0.075200 0.115300 0.076200 0.162900 0.161100 0.076700 0.000000 0.076200 0.036800 0.111700 0.074200 0.073500 0.076200 0.036800 0.000000 0.076200 0.000000 0.073400 0.036000 0.036400 0.036800 0.078000 0.036500 0.036800 0.036900 0.036800 0.073400 0.073400 0.076200 0.073400 0.110700 0.036500 0.036800 0.074000 0.117100 0.036600 0.111200 0.000000 0.036200
GreaterKud 0.077700 0.511800 0.036200 0.296100 0.077800 0.077700 0.077700 0.077800 0.073400 0.116100 0.118000 0.076900 0.077700 0.119500 0.163300 0.120900 0.217800 0.213800 0.121800 0.036200 0.120900 0.077700 0.157700 0.117700 0.116700 0.120900 0.077700 0.036200 0.120900 0.035400 0.116100 0.076000 0.076700 0.077700 0.123600 0.076900 0.077700 0.077800 0.077700 0.116100 0.116100 0.120900 0.116100 0.156300 0.076900 0.077700 0.117600 0.165300 0.077200 0.156900 0.036200 0.000000
