CODONML (in paml version 4.10.7, June 2023)  /home/rachel/ruminants_paml/6406-phy-tree/ENSBTAT00000026562.fasta.phy
Model: free dN/dS Ratios for branches,  kappa = 2.000 fixed

Codon frequency model: F3x4
ns =  54  ls =  77

Codon usage in sequences
--------------------------------------------------------------------------------------------------------------------------------------
Phe TTT   3   3   3   3   2   3 | Ser TCT   2   3   2   2   1   2 | Tyr TAT   1   2   1   1   2   2 | Cys TGT   0   0   0   0   0   0
    TTC   4   5   5   5   6   5 |     TCC   1   0   1   1   1   1 |     TAC   5   3   4   4   3   3 |     TGC   1   1   1   1   1   1
Leu TTA   3   3   3   3   3   3 |     TCA   0   0   0   0   0   0 | *** TAA   0   0   0   0   0   0 | *** TGA   0   0   0   0   0   0
    TTG   1   1   1   1   1   1 |     TCG   0   0   0   0   1   0 |     TAG   0   0   0   0   0   0 | Trp TGG   0   0   0   0   0   0
--------------------------------------------------------------------------------------------------------------------------------------
Leu CTT   3   3   3   3   2   3 | Pro CCT   0   0   0   0   0   0 | His CAT   0   0   0   0   0   0 | Arg CGT   0   0   0   0   0   0
    CTC   0   0   0   0   1   0 |     CCC   0   0   0   0   0   0 |     CAC   0   0   0   0   0   0 |     CGC   0   0   0   0   0   0
    CTA   0   0   0   0   0   0 |     CCA   2   2   2   2   2   2 | Gln CAA   0   0   0   0   0   0 |     CGA   0   0   0   0   0   0
    CTG   1   1   1   1   1   1 |     CCG   0   0   0   0   0   0 |     CAG   1   1   1   1   1   1 |     CGG   0   0   0   0   0   0
--------------------------------------------------------------------------------------------------------------------------------------
Ile ATT   6   6   4   6   5   6 | Thr ACT   1   1   1   1   1   1 | Asn AAT   5   5   5   5   3   4 | Ser AGT   1   1   1   1   0   1
    ATC   3   3   4   3   5   3 |     ACC   1   1   1   1   1   1 |     AAC   2   2   2   2   4   3 |     AGC   0   0   0   0   1   0
    ATA   0   0   0   0   0   0 |     ACA   0   0   0   0   0   0 | Lys AAA   2   2   2   2   1   2 | Arg AGA   0   0   0   0   0   0
Met ATG   3   3   4   3   3   3 |     ACG   0   0   0   0   0   0 |     AAG   1   1   1   1   2   1 |     AGG   0   0   0   0   0   0
--------------------------------------------------------------------------------------------------------------------------------------
Val GTT   1   1   1   1   2   2 | Ala GCT   1   1   1   1   1   1 | Asp GAT   1   1   0   1   1   1 | Gly GGT   1   2   2   2   1   2
    GTC   1   1   1   1   1   1 |     GCC   2   2   2   2   2   2 |     GAC   3   3   4   3   3   3 |     GGC   2   1   1   1   1   1
    GTA   4   4   4   4   1   5 |     GCA   1   1   2   1   1   1 | Glu GAA   1   1   1   1   1   1 |     GGA   2   2   2   2   2   2
    GTG   2   2   2   2   3   0 |     GCG   1   1   0   1   1   1 |     GAG   0   0   0   0   0   0 |     GGG   1   1   1   1   2   1
--------------------------------------------------------------------------------------------------------------------------------------

--------------------------------------------------------------------------------------------------------------------------------------
Phe TTT   3   3   3   3   3   3 | Ser TCT   2   2   3   3   2   2 | Tyr TAT   1   1   1   1   1   1 | Cys TGT   0   0   0   0   0   0
    TTC   4   4   4   4   5   5 |     TCC   1   1   0   0   1   1 |     TAC   5   5   5   5   4   4 |     TGC   1   1   1   1   1   1
Leu TTA   3   3   2   2   3   3 |     TCA   0   0   0   0   0   0 | *** TAA   0   0   0   0   0   0 | *** TGA   0   0   0   0   0   0
    TTG   1   1   2   1   1   1 |     TCG   0   0   0   0   0   0 |     TAG   0   0   0   0   0   0 | Trp TGG   0   0   0   0   0   0
--------------------------------------------------------------------------------------------------------------------------------------
Leu CTT   2   3   3   2   3   3 | Pro CCT   0   0   0   0   0   0 | His CAT   0   0   0   0   0   0 | Arg CGT   0   0   0   0   0   0
    CTC   1   0   0   1   0   0 |     CCC   0   0   0   0   0   0 |     CAC   0   0   0   0   0   0 |     CGC   0   0   0   0   0   0
    CTA   0   0   1   1   0   0 |     CCA   2   2   2   2   2   2 | Gln CAA   0   0   0   0   0   0 |     CGA   0   0   0   0   0   0
    CTG   1   1   0   1   1   1 |     CCG   0   0   0   0   0   0 |     CAG   1   1   1   1   1   1 |     CGG   0   0   0   0   0   0
--------------------------------------------------------------------------------------------------------------------------------------
Ile ATT   6   6   6   6   4   6 | Thr ACT   1   1   1   1   1   1 | Asn AAT   4   5   5   5   5   5 | Ser AGT   1   1   1   1   1   1
    ATC   3   3   3   3   4   3 |     ACC   1   1   1   1   1   1 |     AAC   3   2   2   2   2   2 |     AGC   0   0   0   0   0   0
    ATA   0   0   0   0   0   0 |     ACA   0   0   0   0   0   0 | Lys AAA   2   2   2   2   2   2 | Arg AGA   0   0   0   0   0   0
Met ATG   3   3   3   3   4   3 |     ACG   0   0   0   0   0   0 |     AAG   1   1   1   1   1   1 |     AGG   0   0   0   0   0   0
--------------------------------------------------------------------------------------------------------------------------------------
Val GTT   1   1   1   1   1   1 | Ala GCT   1   1   1   1   1   1 | Asp GAT   1   1   1   1   0   1 | Gly GGT   2   1   1   2   2   1
    GTC   1   1   1   1   1   1 |     GCC   2   2   2   2   2   2 |     GAC   3   3   3   3   4   3 |     GGC   1   2   2   1   1   2
    GTA   4   4   4   4   4   4 |     GCA   1   1   1   2   2   1 | Glu GAA   1   1   1   1   1   1 |     GGA   2   2   2   2   2   2
    GTG   2   2   2   2   2   2 |     GCG   1   1   1   0   0   1 |     GAG   0   0   0   0   0   0 |     GGG   1   1   1   1   1   1
--------------------------------------------------------------------------------------------------------------------------------------

--------------------------------------------------------------------------------------------------------------------------------------
Phe TTT   2   3   3   3   3   3 | Ser TCT   2   2   3   2   2   3 | Tyr TAT   1   1   1   1   1   2 | Cys TGT   0   0   0   0   0   0
    TTC   5   6   4   4   5   4 |     TCC   1   1   0   1   1   0 |     TAC   5   4   5   5   4   4 |     TGC   1   1   1   1   1   1
Leu TTA   3   3   3   2   3   1 |     TCA   0   0   0   0   0   0 | *** TAA   0   0   0   0   0   0 | *** TGA   0   0   0   0   0   0
    TTG   1   1   1   2   1   1 |     TCG   0   0   0   0   0   0 |     TAG   0   0   0   0   0   0 | Trp TGG   0   0   0   0   0   0
--------------------------------------------------------------------------------------------------------------------------------------
Leu CTT   3   3   4   3   2   2 | Pro CCT   0   0   0   0   0   0 | His CAT   0   0   0   0   0   0 | Arg CGT   0   0   0   0   0   0
    CTC   0   0   0   0   1   1 |     CCC   0   0   0   0   0   0 |     CAC   0   0   0   0   0   0 |     CGC   0   0   0   0   0   0
    CTA   0   0   0   1   0   2 |     CCA   2   2   2   2   2   2 | Gln CAA   0   0   0   0   0   0 |     CGA   0   0   0   0   0   0
    CTG   1   1   1   0   1   1 |     CCG   0   0   0   0   0   0 |     CAG   1   1   1   1   1   1 |     CGG   0   0   0   0   0   0
--------------------------------------------------------------------------------------------------------------------------------------
Ile ATT   6   6   5   6   6   6 | Thr ACT   1   1   1   1   1   1 | Asn AAT   5   5   5   5   5   5 | Ser AGT   1   1   1   1   1   1
    ATC   3   3   3   3   3   3 |     ACC   1   1   1   1   1   1 |     AAC   2   2   2   2   2   2 |     AGC   0   0   0   0   0   0
    ATA   1   0   0   0   0   0 |     ACA   0   0   0   0   0   0 | Lys AAA   2   2   2   2   2   2 | Arg AGA   0   0   0   0   0   0
Met ATG   3   3   3   3   3   3 |     ACG   0   0   0   0   0   0 |     AAG   1   1   1   1   1   1 |     AGG   0   0   0   0   0   0
--------------------------------------------------------------------------------------------------------------------------------------
Val GTT   1   1   1   1   1   1 | Ala GCT   1   1   1   1   1   1 | Asp GAT   1   1   1   1   1   1 | Gly GGT   1   1   1   1   1   2
    GTC   1   0   1   1   1   1 |     GCC   2   2   2   2   2   2 |     GAC   3   3   3   3   3   3 |     GGC   2   2   2   2   2   1
    GTA   3   4   4   4   4   4 |     GCA   1   1   2   1   2   2 | Glu GAA   1   1   1   1   1   1 |     GGA   2   2   2   2   2   2
    GTG   2   2   2   2   2   2 |     GCG   1   1   0   1   0   0 |     GAG   0   0   0   0   0   0 |     GGG   1   1   1   1   1   1
--------------------------------------------------------------------------------------------------------------------------------------

--------------------------------------------------------------------------------------------------------------------------------------
Phe TTT   4   4   3   3   3   2 | Ser TCT   2   2   2   2   3   3 | Tyr TAT   1   1   2   1   2   1 | Cys TGT   0   0   0   0   0   0
    TTC   5   5   4   5   4   5 |     TCC   1   1   1   1   0   0 |     TAC   4   4   4   4   4   5 |     TGC   1   1   1   1   1   1
Leu TTA   3   3   3   3   1   3 |     TCA   0   0   0   0   0   0 | *** TAA   0   0   0   0   0   0 | *** TGA   0   0   0   0   0   0
    TTG   1   1   1   1   1   1 |     TCG   0   0   0   0   0   0 |     TAG   0   0   0   0   0   0 | Trp TGG   0   0   0   0   0   0
--------------------------------------------------------------------------------------------------------------------------------------
Leu CTT   2   2   3   3   2   3 | Pro CCT   0   0   0   0   0   0 | His CAT   0   0   0   0   0   0 | Arg CGT   0   0   0   0   0   0
    CTC   0   0   0   0   1   0 |     CCC   0   0   0   0   0   0 |     CAC   0   0   0   0   0   0 |     CGC   0   0   0   0   0   0
    CTA   0   0   0   0   2   0 |     CCA   2   2   2   2   2   2 | Gln CAA   0   0   0   0   0   0 |     CGA   0   0   0   0   0   0
    CTG   1   1   1   1   1   1 |     CCG   0   0   0   0   0   0 |     CAG   1   1   1   1   1   1 |     CGG   0   0   0   0   0   0
--------------------------------------------------------------------------------------------------------------------------------------
Ile ATT   5   6   6   4   5   6 | Thr ACT   1   1   1   1   1   1 | Asn AAT   5   5   5   5   5   5 | Ser AGT   1   1   1   1   2   1
    ATC   4   3   3   4   3   3 |     ACC   1   1   1   1   1   1 |     AAC   2   2   2   2   2   2 |     AGC   0   0   0   0   0   0
    ATA   0   0   0   0   0   0 |     ACA   0   0   0   0   0   0 | Lys AAA   2   2   2   2   2   2 | Arg AGA   0   0   0   0   0   0
Met ATG   3   3   3   4   3   3 |     ACG   0   0   0   0   0   0 |     AAG   1   1   1   1   1   1 |     AGG   0   0   0   0   0   0
--------------------------------------------------------------------------------------------------------------------------------------
Val GTT   1   1   1   1   1   1 | Ala GCT   1   1   1   1   1   1 | Asp GAT   1   1   1   0   1   1 | Gly GGT   2   1   1   2   2   1
    GTC   1   1   1   1   1   1 |     GCC   2   2   2   2   2   2 |     GAC   3   3   3   4   3   3 |     GGC   1   2   2   1   1   2
    GTA   4   4   4   4   4   4 |     GCA   1   1   1   2   2   1 | Glu GAA   1   1   1   1   1   1 |     GGA   2   2   2   2   2   2
    GTG   2   2   2   2   2   2 |     GCG   1   1   1   0   0   1 |     GAG   0   0   0   0   0   0 |     GGG   1   1   1   1   1   1
--------------------------------------------------------------------------------------------------------------------------------------

--------------------------------------------------------------------------------------------------------------------------------------
Phe TTT   3   3   2   3   3   3 | Ser TCT   2   3   2   3   3   3 | Tyr TAT   1   2   1   2   1   1 | Cys TGT   0   0   0   0   0   0
    TTC   5   5   5   4   4   5 |     TCC   1   0   1   0   0   0 |     TAC   4   3   5   4   5   4 |     TGC   1   1   1   1   1   1
Leu TTA   3   3   3   1   3   3 |     TCA   0   0   0   0   0   0 | *** TAA   0   0   0   0   0   0 | *** TGA   0   0   0   0   0   0
    TTG   1   1   1   1   1   1 |     TCG   0   0   0   0   0   0 |     TAG   0   0   0   0   0   0 | Trp TGG   0   0   0   0   0   0
--------------------------------------------------------------------------------------------------------------------------------------
Leu CTT   3   3   3   2   4   3 | Pro CCT   0   0   0   0   0   0 | His CAT   0   0   0   0   0   0 | Arg CGT   0   0   0   0   0   0
    CTC   0   0   0   1   0   0 |     CCC   0   0   0   0   0   0 |     CAC   0   0   0   0   0   0 |     CGC   0   0   0   0   0   0
    CTA   0   0   0   2   0   0 |     CCA   2   2   2   2   2   2 | Gln CAA   0   0   0   0   0   0 |     CGA   0   0   0   0   0   0
    CTG   1   1   1   1   1   1 |     CCG   0   0   0   0   0   0 |     CAG   1   1   1   1   1   1 |     CGG   0   0   0   0   0   0
--------------------------------------------------------------------------------------------------------------------------------------
Ile ATT   6   6   6   6   5   4 | Thr ACT   1   1   1   1   1   1 | Asn AAT   5   5   5   5   5   5 | Ser AGT   1   1   1   1   1   1
    ATC   3   3   3   3   3   4 |     ACC   1   1   1   1   1   1 |     AAC   2   2   2   2   2   2 |     AGC   0   0   0   0   0   0
    ATA   0   1   1   0   0   0 |     ACA   0   0   0   0   0   0 | Lys AAA   2   2   2   2   2   2 | Arg AGA   0   0   0   0   0   0
Met ATG   3   3   3   3   3   4 |     ACG   0   0   0   0   0   0 |     AAG   1   1   1   1   1   1 |     AGG   0   0   0   0   0   0
--------------------------------------------------------------------------------------------------------------------------------------
Val GTT   1   1   1   1   1   1 | Ala GCT   1   1   1   1   1   1 | Asp GAT   1   1   1   1   1   0 | Gly GGT   1   1   1   2   1   2
    GTC   1   1   1   1   1   1 |     GCC   2   2   2   2   2   2 |     GAC   3   3   3   3   3   4 |     GGC   2   2   2   1   2   1
    GTA   4   3   3   4   4   4 |     GCA   2   1   1   2   2   2 | Glu GAA   1   1   1   1   1   1 |     GGA   2   2   2   2   2   2
    GTG   2   2   2   2   2   2 |     GCG   0   1   1   0   0   0 |     GAG   0   0   0   0   0   0 |     GGG   1   1   1   1   1   1
--------------------------------------------------------------------------------------------------------------------------------------

--------------------------------------------------------------------------------------------------------------------------------------
Phe TTT   3   3   3   3   3   3 | Ser TCT   3   2   2   3   2   3 | Tyr TAT   1   1   1   1   1   1 | Cys TGT   0   0   0   0   0   0
    TTC   4   5   5   4   5   4 |     TCC   0   1   1   0   1   0 |     TAC   5   4   4   5   4   5 |     TGC   1   1   1   1   1   1
Leu TTA   3   3   3   2   3   3 |     TCA   0   0   0   0   0   0 | *** TAA   0   0   0   0   0   0 | *** TGA   0   0   0   0   0   0
    TTG   1   1   1   1   1   1 |     TCG   0   0   0   0   0   0 |     TAG   0   0   0   0   0   0 | Trp TGG   0   0   0   0   0   0
--------------------------------------------------------------------------------------------------------------------------------------
Leu CTT   2   3   3   3   2   4 | Pro CCT   0   0   0   0   0   0 | His CAT   0   0   0   0   0   0 | Arg CGT   0   0   0   0   0   0
    CTC   1   0   0   0   1   0 |     CCC   0   0   0   0   0   0 |     CAC   0   0   0   0   0   0 |     CGC   0   0   0   0   0   0
    CTA   0   0   0   1   0   0 |     CCA   2   2   2   2   1   2 | Gln CAA   0   0   0   0   0   0 |     CGA   0   0   0   0   0   0
    CTG   1   1   1   1   1   1 |     CCG   0   0   0   0   1   0 |     CAG   1   1   1   1   1   1 |     CGG   0   0   0   0   0   0
--------------------------------------------------------------------------------------------------------------------------------------
Ile ATT   6   4   6   6   6   5 | Thr ACT   1   1   1   1   1   1 | Asn AAT   5   5   5   5   5   5 | Ser AGT   1   1   1   1   1   1
    ATC   3   4   3   3   3   3 |     ACC   1   1   1   1   1   1 |     AAC   2   2   2   2   2   2 |     AGC   0   0   0   0   0   0
    ATA   0   0   0   0   0   0 |     ACA   0   0   0   0   0   0 | Lys AAA   2   2   2   2   2   2 | Arg AGA   0   0   0   0   0   0
Met ATG   3   4   3   3   3   3 |     ACG   0   0   0   0   0   0 |     AAG   1   1   1   1   1   1 |     AGG   0   0   0   0   0   0
--------------------------------------------------------------------------------------------------------------------------------------
Val GTT   1   1   1   1   1   1 | Ala GCT   1   2   1   1   2   1 | Asp GAT   1   0   1   1   1   1 | Gly GGT   2   2   1   1   1   1
    GTC   1   1   1   1   1   1 |     GCC   2   1   2   2   1   2 |     GAC   3   4   3   3   3   3 |     GGC   1   1   2   2   2   2
    GTA   4   4   4   4   3   4 |     GCA   2   2   1   1   1   1 | Glu GAA   1   1   1   1   1   1 |     GGA   2   2   2   2   2   2
    GTG   2   2   2   2   3   2 |     GCG   0   0   1   1   1   1 |     GAG   0   0   0   0   0   0 |     GGG   1   1   1   1   1   1
--------------------------------------------------------------------------------------------------------------------------------------

--------------------------------------------------------------------------------------------------------------------------------------
Phe TTT   3   3   2   3   3   4 | Ser TCT   3   2   2   2   3   2 | Tyr TAT   1   1   1   1   1   2 | Cys TGT   0   0   0   0   0   0
    TTC   4   5   5   4   4   4 |     TCC   0   1   1   1   0   1 |     TAC   5   4   5   5   5   3 |     TGC   1   1   1   1   1   1
Leu TTA   3   3   3   3   1   3 |     TCA   0   0   0   0   0   0 | *** TAA   0   0   0   0   0   0 | *** TGA   0   0   0   0   0   0
    TTG   1   1   1   1   1   1 |     TCG   0   0   0   0   0   0 |     TAG   0   0   0   0   0   0 | Trp TGG   0   0   0   0   0   0
--------------------------------------------------------------------------------------------------------------------------------------
Leu CTT   3   3   3   1   2   3 | Pro CCT   0   0   0   0   0   0 | His CAT   0   0   0   0   0   0 | Arg CGT   0   0   0   0   0   0
    CTC   0   0   0   1   1   0 |     CCC   0   0   0   0   0   0 |     CAC   0   0   0   0   0   0 |     CGC   0   0   0   0   0   0
    CTA   0   0   0   0   2   0 |     CCA   2   2   2   2   2   2 | Gln CAA   0   0   0   0   0   0 |     CGA   0   0   0   0   0   0
    CTG   1   1   1   2   1   1 |     CCG   0   0   0   0   0   0 |     CAG   1   1   1   1   1   1 |     CGG   0   0   0   0   0   0
--------------------------------------------------------------------------------------------------------------------------------------
Ile ATT   6   6   6   6   6   6 | Thr ACT   1   1   1   1   1   1 | Asn AAT   5   5   5   5   5   5 | Ser AGT   1   1   1   1   1   1
    ATC   3   3   3   3   3   3 |     ACC   1   1   1   1   1   1 |     AAC   2   2   2   2   2   2 |     AGC   0   0   0   0   0   0
    ATA   0   0   0   0   0   0 |     ACA   0   0   0   0   0   0 | Lys AAA   2   2   2   2   2   2 | Arg AGA   0   0   0   0   0   0
Met ATG   3   3   3   3   3   3 |     ACG   0   0   0   0   0   0 |     AAG   1   1   1   1   1   1 |     AGG   0   0   0   0   0   0
--------------------------------------------------------------------------------------------------------------------------------------
Val GTT   1   1   1   1   1   1 | Ala GCT   1   1   0   1   1   1 | Asp GAT   1   1   1   1   1   1 | Gly GGT   1   1   1   2   2   1
    GTC   1   1   1   1   1   1 |     GCC   2   2   3   2   2   2 |     GAC   3   3   3   3   3   3 |     GGC   2   1   2   1   1   2
    GTA   4   4   4   4   4   4 |     GCA   1   1   1   1   2   1 | Glu GAA   1   1   1   1   1   1 |     GGA   2   2   2   2   2   2
    GTG   2   2   2   2   2   2 |     GCG   1   1   1   1   0   1 |     GAG   0   0   0   0   0   0 |     GGG   1   2   1   1   1   1
--------------------------------------------------------------------------------------------------------------------------------------

--------------------------------------------------------------------------------------------------------------------------------------
Phe TTT   3   3   2   3   3   3 | Ser TCT   2   3   2   3   2   3 | Tyr TAT   1   2   2   2   1   1 | Cys TGT   0   0   0   0   0   0
    TTC   5   4   5   5   5   4 |     TCC   1   0   1   0   1   0 |     TAC   4   4   4   3   4   5 |     TGC   1   1   1   1   1   1
Leu TTA   3   1   3   3   3   2 |     TCA   0   0   0   0   0   0 | *** TAA   0   0   0   0   0   0 | *** TGA   0   0   0   0   0   0
    TTG   1   1   1   1   1   1 |     TCG   0   0   0   0   0   0 |     TAG   0   0   0   0   0   0 | Trp TGG   0   0   0   0   0   0
--------------------------------------------------------------------------------------------------------------------------------------
Leu CTT   3   3   3   3   3   3 | Pro CCT   0   0   0   0   0   0 | His CAT   0   0   0   0   0   0 | Arg CGT   0   0   0   0   0   0
    CTC   0   1   0   0   0   0 |     CCC   0   0   0   0   0   0 |     CAC   0   0   0   0   0   0 |     CGC   0   0   0   0   0   0
    CTA   0   2   0   0   0   1 |     CCA   2   2   2   2   2   2 | Gln CAA   0   0   0   0   0   0 |     CGA   0   0   0   0   0   0
    CTG   1   1   1   1   1   1 |     CCG   0   0   0   0   0   0 |     CAG   1   1   1   1   1   1 |     CGG   0   0   0   0   0   0
--------------------------------------------------------------------------------------------------------------------------------------
Ile ATT   6   4   6   6   6   6 | Thr ACT   1   1   1   1   1   1 | Asn AAT   5   5   5   5   5   5 | Ser AGT   1   1   1   1   1   1
    ATC   3   4   3   3   3   3 |     ACC   1   1   1   1   1   1 |     AAC   2   2   2   2   2   2 |     AGC   0   0   0   0   0   0
    ATA   0   0   0   0   0   0 |     ACA   0   0   0   0   0   0 | Lys AAA   2   2   2   2   2   2 | Arg AGA   0   0   0   0   0   0
Met ATG   3   3   3   3   3   3 |     ACG   0   0   0   0   0   0 |     AAG   1   1   1   1   1   1 |     AGG   0   0   0   0   0   0
--------------------------------------------------------------------------------------------------------------------------------------
Val GTT   1   1   1   2   1   1 | Ala GCT   1   1   1   1   1   1 | Asp GAT   1   1   1   1   1   1 | Gly GGT   1   2   1   1   1   1
    GTC   1   1   1   1   1   1 |     GCC   2   2   2   2   2   2 |     GAC   3   3   3   3   3   3 |     GGC   2   1   2   2   1   2
    GTA   4   4   4   3   4   4 |     GCA   2   2   1   1   1   1 | Glu GAA   1   1   1   1   1   1 |     GGA   2   2   2   2   2   2
    GTG   2   2   2   2   2   2 |     GCG   0   0   1   1   1   1 |     GAG   0   0   0   0   0   0 |     GGG   1   1   1   1   2   1
--------------------------------------------------------------------------------------------------------------------------------------

--------------------------------------------------------------------------------------------------------------------------------------
Phe TTT   3   3   3   3   3   3 | Ser TCT   3   2   2   2   2   2 | Tyr TAT   2   1   1   1   1   1 | Cys TGT   0   0   0   0   0   0
    TTC   4   5   4   5   5   5 |     TCC   0   1   1   1   1   1 |     TAC   4   4   5   4   4   4 |     TGC   1   1   1   1   1   1
Leu TTA   1   3   3   3   3   3 |     TCA   0   0   0   0   0   0 | *** TAA   0   0   0   0   0   0 | *** TGA   0   0   0   0   0   0
    TTG   1   1   1   1   1   1 |     TCG   0   0   0   0   0   0 |     TAG   0   0   0   0   0   0 | Trp TGG   0   0   0   0   0   0
--------------------------------------------------------------------------------------------------------------------------------------
Leu CTT   1   3   3   3   3   3 | Pro CCT   0   0   0   0   0   0 | His CAT   0   0   0   0   0   0 | Arg CGT   0   0   0   0   0   0
    CTC   2   0   0   0   0   0 |     CCC   0   0   0   0   0   0 |     CAC   0   0   0   0   0   0 |     CGC   0   0   0   0   0   0
    CTA   2   0   0   0   0   0 |     CCA   2   2   2   2   2   2 | Gln CAA   0   0   0   0   0   0 |     CGA   0   0   0   0   0   0
    CTG   1   1   1   1   1   1 |     CCG   0   0   0   0   0   0 |     CAG   1   1   1   1   1   1 |     CGG   0   0   0   0   0   0
--------------------------------------------------------------------------------------------------------------------------------------
Ile ATT   6   6   6   6   4   4 | Thr ACT   1   1   1   1   1   1 | Asn AAT   5   5   5   5   5   5 | Ser AGT   1   1   1   1   1   1
    ATC   2   3   2   3   4   4 |     ACC   1   1   1   1   1   1 |     AAC   2   2   2   2   2   2 |     AGC   0   0   0   0   0   0
    ATA   0   0   1   0   0   0 |     ACA   0   0   0   0   0   0 | Lys AAA   2   2   2   2   2   2 | Arg AGA   0   0   0   0   0   0
Met ATG   3   3   3   3   4   4 |     ACG   0   0   0   0   0   0 |     AAG   1   1   1   1   1   1 |     AGG   0   0   0   0   0   0
--------------------------------------------------------------------------------------------------------------------------------------
Val GTT   1   1   1   1   1   1 | Ala GCT   1   1   1   1   1   1 | Asp GAT   1   1   1   1   0   0 | Gly GGT   2   1   2   2   2   2
    GTC   2   1   2   1   1   1 |     GCC   2   2   2   2   2   2 |     GAC   3   3   3   3   4   4 |     GGC   1   2   1   1   1   1
    GTA   4   4   3   4   4   4 |     GCA   2   1   1   1   2   2 | Glu GAA   1   1   1   1   1   1 |     GGA   2   2   2   2   2   2
    GTG   2   2   2   2   2   2 |     GCG   0   1   1   1   0   0 |     GAG   0   0   0   0   0   0 |     GGG   1   1   1   1   1   1
--------------------------------------------------------------------------------------------------------------------------------------

Codon position x base (3x4) table for each sequence.

#1: Argali         
position  1:    T:0.27273    C:0.09091    A:0.32468    G:0.31169
position  2:    T:0.45455    C:0.15584    A:0.28571    G:0.10390
position  3:    T:0.33766    C:0.32468    A:0.19481    G:0.14286
Average         T:0.35498    C:0.19048    A:0.26840    G:0.18615

#2: LesserMouseDeer
position  1:    T:0.27273    C:0.09091    A:0.32468    G:0.31169
position  2:    T:0.46753    C:0.15584    A:0.27273    G:0.10390
position  3:    T:0.37662    C:0.28571    A:0.19481    G:0.14286
Average         T:0.37229    C:0.17749    A:0.26407    G:0.18615

#3: LesserKudu     
position  1:    T:0.27273    C:0.09091    A:0.32468    G:0.31169
position  2:    T:0.46753    C:0.15584    A:0.27273    G:0.10390
position  3:    T:0.31169    C:0.33766    A:0.20779    G:0.14286
Average         T:0.35065    C:0.19481    A:0.26840    G:0.18615

#4: ForestMuskDeer2
position  1:    T:0.27273    C:0.09091    A:0.32468    G:0.31169
position  2:    T:0.46753    C:0.15584    A:0.27273    G:0.10390
position  3:    T:0.35065    C:0.31169    A:0.19481    G:0.14286
Average         T:0.36364    C:0.18615    A:0.26407    G:0.18615

#5: Camel          
position  1:    T:0.27273    C:0.09091    A:0.33766    G:0.29870
position  2:    T:0.46753    C:0.15584    A:0.27273    G:0.10390
position  3:    T:0.27273    C:0.38961    A:0.14286    G:0.19481
Average         T:0.33766    C:0.21212    A:0.25108    G:0.19913

#6: KillerWhale    
position  1:    T:0.27273    C:0.09091    A:0.32468    G:0.31169
position  2:    T:0.46753    C:0.15584    A:0.27273    G:0.10390
position  3:    T:0.36364    C:0.31169    A:0.20779    G:0.11688
Average         T:0.36797    C:0.18615    A:0.26840    G:0.17749

#7: DefassaWaterbuck
position  1:    T:0.27273    C:0.09091    A:0.32468    G:0.31169
position  2:    T:0.45455    C:0.15584    A:0.28571    G:0.10390
position  3:    T:0.32468    C:0.33766    A:0.19481    G:0.14286
Average         T:0.35065    C:0.19481    A:0.26840    G:0.18615

#8: Sheep          
position  1:    T:0.27273    C:0.09091    A:0.32468    G:0.31169
position  2:    T:0.45455    C:0.15584    A:0.28571    G:0.10390
position  3:    T:0.33766    C:0.32468    A:0.19481    G:0.14286
Average         T:0.35498    C:0.19048    A:0.26840    G:0.18615

#9: MaxwellsDuiker 
position  1:    T:0.27273    C:0.09091    A:0.32468    G:0.31169
position  2:    T:0.45455    C:0.15584    A:0.28571    G:0.10390
position  3:    T:0.35065    C:0.31169    A:0.19481    G:0.14286
Average         T:0.35931    C:0.18615    A:0.26840    G:0.18615

#10: GazellaPrzewalskyi
position  1:    T:0.25974    C:0.10390    A:0.32468    G:0.31169
position  2:    T:0.45455    C:0.15584    A:0.28571    G:0.10390
position  3:    T:0.35065    C:0.31169    A:0.20779    G:0.12987
Average         T:0.35498    C:0.19048    A:0.27273    G:0.18182

#11: MountainNyala  
position  1:    T:0.27273    C:0.09091    A:0.32468    G:0.31169
position  2:    T:0.46753    C:0.15584    A:0.27273    G:0.10390
position  3:    T:0.31169    C:0.33766    A:0.20779    G:0.14286
Average         T:0.35065    C:0.19481    A:0.26840    G:0.18615

#12: MuntiacusMuntjak
position  1:    T:0.27273    C:0.09091    A:0.32468    G:0.31169
position  2:    T:0.46753    C:0.15584    A:0.27273    G:0.10390
position  3:    T:0.33766    C:0.32468    A:0.19481    G:0.14286
Average         T:0.35931    C:0.19048    A:0.26407    G:0.18615

#13: goat           
position  1:    T:0.27273    C:0.09091    A:0.33766    G:0.29870
position  2:    T:0.45455    C:0.15584    A:0.28571    G:0.10390
position  3:    T:0.32468    C:0.33766    A:0.19481    G:0.14286
Average         T:0.35065    C:0.19481    A:0.27273    G:0.18182

#14: AfricanBuffalo 
position  1:    T:0.28571    C:0.09091    A:0.32468    G:0.29870
position  2:    T:0.46753    C:0.15584    A:0.27273    G:0.10390
position  3:    T:0.33766    C:0.32468    A:0.19481    G:0.14286
Average         T:0.36364    C:0.19048    A:0.26407    G:0.18182

#15: Topi           
position  1:    T:0.27273    C:0.10390    A:0.31169    G:0.31169
position  2:    T:0.45455    C:0.15584    A:0.28571    G:0.10390
position  3:    T:0.35065    C:0.31169    A:0.20779    G:0.12987
Average         T:0.35931    C:0.19048    A:0.26840    G:0.18182

#16: CommonDuiker   
position  1:    T:0.27273    C:0.09091    A:0.32468    G:0.31169
position  2:    T:0.45455    C:0.15584    A:0.28571    G:0.10390
position  3:    T:0.33766    C:0.32468    A:0.19481    G:0.14286
Average         T:0.35498    C:0.19048    A:0.26840    G:0.18615

#17: Suni           
position  1:    T:0.27273    C:0.09091    A:0.32468    G:0.31169
position  2:    T:0.46753    C:0.15584    A:0.27273    G:0.10390
position  3:    T:0.32468    C:0.33766    A:0.20779    G:0.12987
Average         T:0.35498    C:0.19481    A:0.26840    G:0.18182

#18: Springbuck     
position  1:    T:0.24675    C:0.11688    A:0.32468    G:0.31169
position  2:    T:0.45455    C:0.15584    A:0.28571    G:0.10390
position  3:    T:0.36364    C:0.29870    A:0.20779    G:0.12987
Average         T:0.35498    C:0.19048    A:0.27273    G:0.18182

#19: Okapi          
position  1:    T:0.28571    C:0.07792    A:0.32468    G:0.31169
position  2:    T:0.46753    C:0.15584    A:0.27273    G:0.10390
position  3:    T:0.33766    C:0.32468    A:0.19481    G:0.14286
Average         T:0.36364    C:0.18615    A:0.26407    G:0.18615

#20: Giraffe        
position  1:    T:0.28571    C:0.07792    A:0.32468    G:0.31169
position  2:    T:0.46753    C:0.15584    A:0.27273    G:0.10390
position  3:    T:0.33766    C:0.32468    A:0.19481    G:0.14286
Average         T:0.36364    C:0.18615    A:0.26407    G:0.18615

#21: TibetanAntelope
position  1:    T:0.27273    C:0.09091    A:0.32468    G:0.31169
position  2:    T:0.45455    C:0.15584    A:0.28571    G:0.10390
position  3:    T:0.35065    C:0.31169    A:0.19481    G:0.14286
Average         T:0.35931    C:0.18615    A:0.26840    G:0.18615

#22: Sitatunga      
position  1:    T:0.27273    C:0.09091    A:0.32468    G:0.31169
position  2:    T:0.46753    C:0.15584    A:0.27273    G:0.10390
position  3:    T:0.31169    C:0.33766    A:0.20779    G:0.14286
Average         T:0.35065    C:0.19481    A:0.26840    G:0.18615

#23: Oribi          
position  1:    T:0.24675    C:0.11688    A:0.32468    G:0.31169
position  2:    T:0.44156    C:0.15584    A:0.28571    G:0.11688
position  3:    T:0.36364    C:0.29870    A:0.20779    G:0.12987
Average         T:0.35065    C:0.19048    A:0.27273    G:0.18615

#24: BarbarySheep   
position  1:    T:0.27273    C:0.09091    A:0.32468    G:0.31169
position  2:    T:0.45455    C:0.15584    A:0.28571    G:0.10390
position  3:    T:0.33766    C:0.32468    A:0.19481    G:0.14286
Average         T:0.35498    C:0.19048    A:0.26840    G:0.18615

#25: Daviddeer      
position  1:    T:0.27273    C:0.09091    A:0.32468    G:0.31169
position  2:    T:0.46753    C:0.15584    A:0.27273    G:0.10390
position  3:    T:0.33766    C:0.32468    A:0.20779    G:0.12987
Average         T:0.35931    C:0.19048    A:0.26840    G:0.18182

#26: Reindeer       
position  1:    T:0.27273    C:0.09091    A:0.33766    G:0.29870
position  2:    T:0.46753    C:0.15584    A:0.27273    G:0.10390
position  3:    T:0.36364    C:0.29870    A:0.19481    G:0.14286
Average         T:0.36797    C:0.18182    A:0.26840    G:0.18182

#27: Ibex           
position  1:    T:0.27273    C:0.09091    A:0.33766    G:0.29870
position  2:    T:0.45455    C:0.15584    A:0.28571    G:0.10390
position  3:    T:0.32468    C:0.33766    A:0.19481    G:0.14286
Average         T:0.35065    C:0.19481    A:0.27273    G:0.18182

#28: GyrantGazelle  
position  1:    T:0.24675    C:0.11688    A:0.32468    G:0.31169
position  2:    T:0.45455    C:0.15584    A:0.28571    G:0.10390
position  3:    T:0.36364    C:0.29870    A:0.20779    G:0.12987
Average         T:0.35498    C:0.19048    A:0.27273    G:0.18182

#29: Hartebeest     
position  1:    T:0.27273    C:0.10390    A:0.31169    G:0.31169
position  2:    T:0.45455    C:0.15584    A:0.28571    G:0.10390
position  3:    T:0.35065    C:0.31169    A:0.20779    G:0.12987
Average         T:0.35931    C:0.19048    A:0.26840    G:0.18182

#30: Bongo          
position  1:    T:0.27273    C:0.09091    A:0.32468    G:0.31169
position  2:    T:0.46753    C:0.15584    A:0.27273    G:0.10390
position  3:    T:0.32468    C:0.32468    A:0.20779    G:0.14286
Average         T:0.35498    C:0.19048    A:0.26840    G:0.18615

#31: Gerenuk        
position  1:    T:0.27273    C:0.09091    A:0.32468    G:0.31169
position  2:    T:0.45455    C:0.15584    A:0.28571    G:0.10390
position  3:    T:0.35065    C:0.31169    A:0.20779    G:0.12987
Average         T:0.35931    C:0.18615    A:0.27273    G:0.18182

#32: CommonEland    
position  1:    T:0.27273    C:0.09091    A:0.32468    G:0.31169
position  2:    T:0.46753    C:0.15584    A:0.27273    G:0.10390
position  3:    T:0.32468    C:0.32468    A:0.20779    G:0.14286
Average         T:0.35498    C:0.19048    A:0.26840    G:0.18615

#33: MuntiacusReevesi
position  1:    T:0.27273    C:0.09091    A:0.32468    G:0.31169
position  2:    T:0.46753    C:0.15584    A:0.27273    G:0.10390
position  3:    T:0.33766    C:0.32468    A:0.19481    G:0.14286
Average         T:0.35931    C:0.19048    A:0.26407    G:0.18615

#34: HarveysDuiker  
position  1:    T:0.25974    C:0.10390    A:0.32468    G:0.31169
position  2:    T:0.45455    C:0.15584    A:0.28571    G:0.10390
position  3:    T:0.35065    C:0.31169    A:0.19481    G:0.14286
Average         T:0.35498    C:0.19048    A:0.26840    G:0.18615

#35: Pronghorn      
position  1:    T:0.27273    C:0.09091    A:0.32468    G:0.31169
position  2:    T:0.46753    C:0.15584    A:0.27273    G:0.10390
position  3:    T:0.33766    C:0.32468    A:0.16883    G:0.16883
Average         T:0.35931    C:0.19048    A:0.25541    G:0.19481

#36: BlueWildebeest 
position  1:    T:0.27273    C:0.10390    A:0.31169    G:0.31169
position  2:    T:0.45455    C:0.15584    A:0.28571    G:0.10390
position  3:    T:0.35065    C:0.31169    A:0.19481    G:0.14286
Average         T:0.35931    C:0.19048    A:0.26407    G:0.18615

#37: Gemsbok        
position  1:    T:0.27273    C:0.09091    A:0.32468    G:0.31169
position  2:    T:0.45455    C:0.15584    A:0.28571    G:0.10390
position  3:    T:0.35065    C:0.31169    A:0.19481    G:0.14286
Average         T:0.35931    C:0.18615    A:0.26840    G:0.18615

#38: Yak            
position  1:    T:0.27273    C:0.09091    A:0.32468    G:0.31169
position  2:    T:0.46753    C:0.15584    A:0.27273    G:0.10390
position  3:    T:0.33766    C:0.31169    A:0.19481    G:0.15584
Average         T:0.35931    C:0.18615    A:0.26407    G:0.19048

#39: BlueSheep      
position  1:    T:0.27273    C:0.09091    A:0.32468    G:0.31169
position  2:    T:0.45455    C:0.15584    A:0.28571    G:0.10390
position  3:    T:0.31169    C:0.35065    A:0.19481    G:0.14286
Average         T:0.34632    C:0.19913    A:0.26840    G:0.18615

#40: BohorReedbuck  
position  1:    T:0.27273    C:0.09091    A:0.32468    G:0.31169
position  2:    T:0.45455    C:0.15584    A:0.28571    G:0.10390
position  3:    T:0.32468    C:0.32468    A:0.19481    G:0.15584
Average         T:0.35065    C:0.19048    A:0.26840    G:0.19048

#41: KirksDik       
position  1:    T:0.24675    C:0.11688    A:0.32468    G:0.31169
position  2:    T:0.45455    C:0.15584    A:0.28571    G:0.10390
position  3:    T:0.35065    C:0.31169    A:0.20779    G:0.12987
Average         T:0.35065    C:0.19481    A:0.27273    G:0.18182

#42: RoeDeer        
position  1:    T:0.27273    C:0.09091    A:0.32468    G:0.31169
position  2:    T:0.46753    C:0.15584    A:0.27273    G:0.10390
position  3:    T:0.36364    C:0.29870    A:0.19481    G:0.14286
Average         T:0.36797    C:0.18182    A:0.26407    G:0.18615

#43: WhiteLippedDeer
position  1:    T:0.27273    C:0.09091    A:0.32468    G:0.31169
position  2:    T:0.46753    C:0.15584    A:0.27273    G:0.10390
position  3:    T:0.33766    C:0.32468    A:0.20779    G:0.12987
Average         T:0.35931    C:0.19048    A:0.26840    G:0.18182

#44: ThomsonGazelle 
position  1:    T:0.24675    C:0.12987    A:0.31169    G:0.31169
position  2:    T:0.45455    C:0.15584    A:0.28571    G:0.10390
position  3:    T:0.35065    C:0.31169    A:0.20779    G:0.12987
Average         T:0.35065    C:0.19913    A:0.26840    G:0.18182

#45: MuntiacusCrinifrons
position  1:    T:0.27273    C:0.09091    A:0.32468    G:0.31169
position  2:    T:0.45455    C:0.15584    A:0.28571    G:0.10390
position  3:    T:0.33766    C:0.32468    A:0.19481    G:0.14286
Average         T:0.35498    C:0.19048    A:0.26840    G:0.18615

#46: WhiteTailedDeer
position  1:    T:0.27273    C:0.09091    A:0.32468    G:0.31169
position  2:    T:0.46753    C:0.15584    A:0.27273    G:0.10390
position  3:    T:0.37662    C:0.29870    A:0.18182    G:0.14286
Average         T:0.37229    C:0.18182    A:0.25974    G:0.18615

#47: Cattle         
position  1:    T:0.27273    C:0.09091    A:0.32468    G:0.31169
position  2:    T:0.46753    C:0.15584    A:0.27273    G:0.10390
position  3:    T:0.33766    C:0.31169    A:0.19481    G:0.15584
Average         T:0.35931    C:0.18615    A:0.26407    G:0.19048

#48: RoyalAntelope  
position  1:    T:0.25974    C:0.10390    A:0.32468    G:0.31169
position  2:    T:0.45455    C:0.15584    A:0.28571    G:0.10390
position  3:    T:0.35065    C:0.31169    A:0.19481    G:0.14286
Average         T:0.35498    C:0.19048    A:0.26840    G:0.18615

#49: Steenbok       
position  1:    T:0.24675    C:0.11688    A:0.31169    G:0.32468
position  2:    T:0.45455    C:0.15584    A:0.28571    G:0.10390
position  3:    T:0.35065    C:0.31169    A:0.20779    G:0.12987
Average         T:0.35065    C:0.19481    A:0.26840    G:0.18615

#50: Impala         
position  1:    T:0.27273    C:0.09091    A:0.32468    G:0.31169
position  2:    T:0.46753    C:0.15584    A:0.27273    G:0.10390
position  3:    T:0.33766    C:0.32468    A:0.19481    G:0.14286
Average         T:0.35931    C:0.19048    A:0.26407    G:0.18615

#51: Klipspringer   
position  1:    T:0.27273    C:0.09091    A:0.32468    G:0.31169
position  2:    T:0.45455    C:0.15584    A:0.28571    G:0.10390
