1
52 1
Argali 0.000000 0.219400 0.091800 0.176100 0.054800 0.015300 0.055000 0.066700 0.088100 0.101200 0.034800 0.075900 0.059300 0.059200 0.066600 0.062600 0.083200 0.067700 0.047100 0.088100 0.079400 0.030800 0.089100 0.100400 0.030900 0.074500 0.067100 0.092000 0.075000 0.079900 0.080500 0.059200 0.087900 0.063400 0.055400 0.070700 0.027100 0.076100 0.091600 0.094000 0.076500 0.078500 0.109500 0.084800 0.074700 0.074800 0.075300 0.062400 0.058600 0.088500 0.083400 0.120400
LesserMous 0.219400 0.000000 0.227700 0.183500 0.199800 0.209500 0.195100 0.208400 0.224000 0.220900 0.224700 0.219800 0.211100 0.200700 0.208300 0.193900 0.174800 0.171700 0.206600 0.224000 0.209300 0.219000 0.198000 0.209100 0.220300 0.202700 0.219500 0.223700 0.208700 0.224200 0.197500 0.200700 0.208400 0.216400 0.191600 0.211600 0.211100 0.227300 0.228700 0.189300 0.193100 0.192900 0.230200 0.192900 0.216300 0.208100 0.199600 0.197200 0.203200 0.191300 0.213200 0.255900
LesserKudu 0.091800 0.227700 0.000000 0.213100 0.074900 0.075200 0.062900 0.078700 0.019000 0.109200 0.087800 0.059000 0.071700 0.067100 0.078700 0.074600 0.091000 0.075500 0.075700 0.019000 0.091600 0.079300 0.101300 0.091300 0.083800 0.086600 0.079500 0.022800 0.087100 0.026900 0.080100 0.067100 0.091300 0.080100 0.067500 0.054200 0.080000 0.088500 0.112400 0.102100 0.084500 0.086400 0.108900 0.092700 0.058100 0.078600 0.083100 0.074400 0.066400 0.088000 0.015100 0.049700
KillerWhal 0.176100 0.183500 0.213100 0.000000 0.161900 0.166700 0.171600 0.170200 0.204100 0.186200 0.171800 0.176200 0.187200 0.177000 0.179500 0.165400 0.165100 0.148600 0.168100 0.204100 0.194900 0.171000 0.168800 0.179900 0.167500 0.178600 0.195500 0.208400 0.179700 0.209500 0.173100 0.176900 0.193900 0.192100 0.172800 0.182800 0.158700 0.187900 0.208500 0.175100 0.164200 0.183200 0.195200 0.164000 0.187300 0.188700 0.180000 0.164400 0.183900 0.181600 0.203400 0.225300
DefassaWat 0.054800 0.199800 0.074900 0.161900 0.000000 0.046800 0.030900 0.050400 0.071200 0.088300 0.050900 0.063200 0.059300 0.034900 0.042500 0.046400 0.062700 0.055300 0.055200 0.071200 0.062800 0.046700 0.080400 0.087500 0.047000 0.058100 0.067100 0.075100 0.058500 0.079500 0.067900 0.034900 0.079200 0.063400 0.063500 0.058300 0.043200 0.031100 0.083000 0.081100 0.063900 0.062100 0.096500 0.072100 0.062100 0.058400 0.062800 0.038400 0.038500 0.071500 0.066800 0.103200
Sheep 0.015300 0.209500 0.075200 0.166700 0.046800 0.000000 0.046900 0.058600 0.071400 0.092700 0.026900 0.067600 0.051200 0.051100 0.058500 0.054600 0.075000 0.059500 0.039100 0.071400 0.071100 0.023000 0.080600 0.083500 0.023100 0.066400 0.059000 0.075300 0.066800 0.071500 0.063900 0.051100 0.071200 0.051300 0.047300 0.062600 0.019300 0.067800 0.083300 0.085500 0.068200 0.070400 0.092500 0.076400 0.066600 0.066600 0.067100 0.054400 0.050500 0.080100 0.067000 0.103400
MaxwellsDu 0.055000 0.195100 0.062900 0.171600 0.030900 0.046900 0.000000 0.042600 0.059100 0.080200 0.051100 0.055300 0.051400 0.011500 0.042600 0.038700 0.062800 0.047300 0.047300 0.059100 0.054900 0.046900 0.072300 0.079500 0.047100 0.050400 0.059100 0.063000 0.050700 0.059200 0.059900 0.011500 0.071300 0.055400 0.051400 0.050500 0.043300 0.051400 0.075100 0.072900 0.055900 0.050100 0.088400 0.064000 0.054500 0.054400 0.054900 0.038500 0.034600 0.067800 0.054800 0.082600
GazellaPrz 0.066700 0.208400 0.078700 0.170200 0.050400 0.058600 0.042600 0.000000 0.075000 0.092100 0.062700 0.067000 0.059100 0.046700 0.054100 0.019000 0.074500 0.059100 0.059000 0.075000 0.038500 0.058500 0.084200 0.091300 0.058800 0.030400 0.070900 0.078900 0.030600 0.083300 0.071700 0.046700 0.083000 0.067200 0.067400 0.062100 0.055000 0.071300 0.054200 0.084900 0.067700 0.034200 0.100300 0.075900 0.066000 0.062000 0.034600 0.050000 0.050200 0.079600 0.070500 0.098400
MountainNy 0.088100 0.224000 0.019000 0.204100 0.071200 0.071400 0.059100 0.075000 0.000000 0.096900 0.084100 0.055200 0.076200 0.063400 0.075000 0.070900 0.087300 0.071800 0.071900 0.000000 0.087900 0.075600 0.097500 0.087600 0.080100 0.082900 0.084100 0.003800 0.083400 0.015300 0.076300 0.063400 0.087600 0.076300 0.063700 0.050500 0.076200 0.084700 0.100200 0.098300 0.080700 0.082700 0.096600 0.089000 0.054400 0.074900 0.079400 0.070700 0.062700 0.075900 0.010700 0.038200
MuntiacusM 0.101200 0.220900 0.109200 0.186200 0.088300 0.092700 0.080200 0.092100 0.096900 0.000000 0.088700 0.092600 0.097800 0.084700 0.092100 0.087900 0.079400 0.072200 0.093400 0.096900 0.088300 0.084200 0.051400 0.058700 0.084700 0.091700 0.105800 0.092400 0.092200 0.105600 0.027300 0.076200 0.096600 0.098000 0.084900 0.083300 0.080800 0.111000 0.109300 0.060300 0.043300 0.095700 0.015300 0.043300 0.087400 0.100500 0.096700 0.087600 0.079400 0.076300 0.092100 0.103800
goat 0.034800 0.224700 0.087800 0.171800 0.050900 0.026900 0.051100 0.062700 0.084100 0.088700 0.000000 0.076000 0.055400 0.055300 0.062700 0.058700 0.079200 0.063700 0.035200 0.084100 0.075400 0.026900 0.089200 0.096300 0.003600 0.070600 0.063200 0.088000 0.071000 0.092600 0.076500 0.055200 0.075600 0.059500 0.059600 0.070800 0.023200 0.072100 0.096000 0.090000 0.072500 0.074600 0.096900 0.080800 0.074800 0.070800 0.075400 0.058500 0.054700 0.084500 0.079500 0.107900
AfricanBuf 0.075900 0.219800 0.059000 0.176200 0.063200 0.067600 0.055300 0.067000 0.055200 0.092600 0.076000 0.000000 0.076500 0.059500 0.067000 0.062900 0.079300 0.063700 0.063900 0.055200 0.079800 0.071600 0.080600 0.092000 0.072000 0.074900 0.084400 0.059100 0.075300 0.059400 0.072100 0.059500 0.087900 0.080700 0.068100 0.026900 0.068100 0.076600 0.096400 0.085600 0.068300 0.078900 0.100900 0.076500 0.030800 0.075200 0.063100 0.062700 0.062900 0.084500 0.050900 0.086900
Topi 0.059300 0.211100 0.071700 0.187200 0.059300 0.051200 0.051400 0.059100 0.076200 0.097800 0.055400 0.076500 0.000000 0.055600 0.055000 0.055100 0.079800 0.064100 0.051600 0.076200 0.071800 0.051100 0.089800 0.096900 0.051400 0.067000 0.015500 0.080200 0.059300 0.084700 0.077000 0.055600 0.084400 0.023400 0.051700 0.071200 0.047600 0.072600 0.092500 0.081900 0.073000 0.071000 0.106200 0.072900 0.075300 0.063100 0.071800 0.058800 0.059000 0.076600 0.071700 0.104400
CommonDuik 0.059200 0.200700 0.067100 0.177000 0.034900 0.051100 0.011500 0.046700 0.063400 0.084700 0.055300 0.059500 0.055600 0.000000 0.046700 0.042700 0.059000 0.043400 0.051300 0.063400 0.054900 0.051000 0.068300 0.083900 0.051300 0.054500 0.055300 0.067300 0.054800 0.063500 0.064200 0.007700 0.075600 0.059700 0.055600 0.054700 0.047500 0.055600 0.075200 0.077400 0.051900 0.054200 0.092900 0.068400 0.058700 0.058600 0.054900 0.042600 0.030800 0.072100 0.059000 0.095300
Suni 0.066600 0.208300 0.078700 0.179500 0.042500 0.058500 0.042600 0.054100 0.075000 0.092100 0.062700 0.067000 0.055000 0.046700 0.000000 0.050200 0.074500 0.051000 0.059000 0.075000 0.066500 0.058500 0.084200 0.087200 0.058800 0.053900 0.062800 0.078900 0.062200 0.083300 0.071700 0.046700 0.083000 0.059100 0.067300 0.062100 0.055000 0.055100 0.086800 0.084900 0.067700 0.057800 0.100300 0.067700 0.066000 0.062100 0.066500 0.034300 0.042300 0.079600 0.070500 0.106900
Springbuck 0.062600 0.193900 0.074600 0.165400 0.046400 0.054600 0.038700 0.019000 0.070900 0.087900 0.058700 0.062900 0.055100 0.042700 0.050200 0.000000 0.070400 0.055000 0.051000 0.070900 0.034400 0.054500 0.080000 0.087100 0.054800 0.018900 0.066800 0.074800 0.019000 0.079200 0.067600 0.042700 0.078900 0.063200 0.059200 0.058100 0.051000 0.067200 0.050200 0.080700 0.063600 0.022700 0.096100 0.071700 0.062000 0.050100 0.030700 0.046100 0.046200 0.075500 0.066500 0.094300
Okapi 0.083200 0.174800 0.091000 0.165100 0.062700 0.075000 0.062800 0.074500 0.087300 0.079400 0.079200 0.079300 0.079800 0.059000 0.074500 0.070400 0.000000 0.030900 0.075500 0.087300 0.079000 0.074900 0.063500 0.066600 0.075300 0.074100 0.079300 0.082900 0.082800 0.095800 0.059300 0.067100 0.070700 0.084000 0.075500 0.074100 0.071500 0.084100 0.099500 0.064000 0.047300 0.070100 0.087500 0.055300 0.078100 0.082700 0.070700 0.070200 0.062300 0.058800 0.074500 0.110900
Giraffe 0.067700 0.171700 0.075500 0.148600 0.055300 0.059500 0.047300 0.059100 0.071800 0.072200 0.063700 0.063700 0.064100 0.043400 0.051000 0.055000 0.030900 0.000000 0.059900 0.071800 0.071700 0.059400 0.056000 0.059300 0.059700 0.058800 0.063700 0.075700 0.067300 0.080200 0.051900 0.051500 0.055200 0.068300 0.059900 0.058800 0.055800 0.076700 0.092400 0.056500 0.039800 0.062800 0.080300 0.047800 0.062800 0.075400 0.063300 0.046800 0.046900 0.051400 0.067300 0.103900
TibetanAnt 0.047100 0.206600 0.075700 0.168100 0.055200 0.039100 0.047300 0.059000 0.071900 0.093400 0.035200 0.063900 0.051600 0.051300 0.059000 0.051000 0.075500 0.059900 0.000000 0.071900 0.071700 0.039100 0.085400 0.084100 0.031300 0.062900 0.059400 0.075900 0.063300 0.080400 0.072700 0.051200 0.071900 0.055700 0.047500 0.067100 0.035400 0.076600 0.092300 0.086100 0.068700 0.066900 0.101700 0.077000 0.071100 0.055000 0.071700 0.046800 0.054900 0.072300 0.067400 0.104200
Sitatunga 0.088100 0.224000 0.019000 0.204100 0.071200 0.071400 0.059100 0.075000 0.000000 0.096900 0.084100 0.055200 0.076200 0.063400 0.075000 0.070900 0.087300 0.071800 0.071900 0.000000 0.087900 0.075600 0.097500 0.087600 0.080100 0.082900 0.084100 0.003800 0.083400 0.015300 0.076300 0.063400 0.087600 0.076300 0.063700 0.050500 0.076200 0.084700 0.100200 0.098300 0.080700 0.082700 0.096600 0.089000 0.054400 0.074900 0.079400 0.070700 0.062700 0.075900 0.011400 0.038200
Oribi 0.079400 0.209300 0.091600 0.194900 0.062800 0.071100 0.054900 0.038500 0.087900 0.088300 0.075400 0.079800 0.071800 0.054900 0.066500 0.034400 0.079000 0.071700 0.071700 0.087900 0.000000 0.071000 0.076100 0.087500 0.071400 0.038300 0.083700 0.083500 0.038500 0.096400 0.067800 0.046900 0.087600 0.076000 0.071800 0.066400 0.059400 0.084300 0.054200 0.081100 0.059700 0.042200 0.105100 0.072100 0.070400 0.078500 0.042500 0.062300 0.054400 0.080000 0.075000 0.103100
BarbaryShe 0.030800 0.219000 0.079300 0.171000 0.046700 0.023000 0.046900 0.058500 0.075600 0.084200 0.026900 0.071600 0.051100 0.051000 0.058500 0.054500 0.074900 0.059400 0.039100 0.075600 0.071000 0.000000 0.084700 0.091800 0.023100 0.066300 0.058900 0.079500 0.066700 0.084000 0.072100 0.051000 0.079400 0.055200 0.055300 0.066500 0.019300 0.067700 0.091500 0.085400 0.068100 0.070300 0.092400 0.076300 0.070500 0.058500 0.071100 0.054300 0.050500 0.080000 0.071100 0.099200
Daviddeer 0.089100 0.198000 0.101300 0.168800 0.080400 0.080600 0.072300 0.084200 0.097500 0.051400 0.089200 0.080600 0.089800 0.068300 0.084200 0.080000 0.063500 0.056000 0.085400 0.097500 0.076100 0.084700 0.000000 0.038700 0.085200 0.075500 0.097800 0.092900 0.084300 0.102000 0.031500 0.060000 0.080300 0.089900 0.072800 0.071300 0.072800 0.102900 0.101300 0.040100 0.015600 0.079600 0.067600 0.023600 0.075300 0.101100 0.080100 0.079800 0.071600 0.068500 0.084300 0.113100
Reindeer 0.100400 0.209100 0.091300 0.179900 0.087500 0.083500 0.079500 0.091300 0.087600 0.058700 0.096300 0.092000 0.096900 0.083900 0.087200 0.087100 0.066600 0.059300 0.084100 0.087600 0.087500 0.091800 0.038700 0.000000 0.092300 0.086800 0.104800 0.083200 0.091400 0.096100 0.031000 0.075600 0.079100 0.093100 0.084100 0.082500 0.080000 0.110000 0.117000 0.047600 0.031100 0.090800 0.066600 0.031100 0.086500 0.108000 0.095700 0.082800 0.078800 0.067400 0.074700 0.111300
Ibex 0.030900 0.220300 0.083800 0.167500 0.047000 0.023100 0.047100 0.058800 0.080100 0.084700 0.003600 0.072000 0.051400 0.051300 0.058800 0.054800 0.075300 0.059700 0.031300 0.080100 0.071400 0.023100 0.085200 0.092300 0.000000 0.066700 0.059200 0.084000 0.067100 0.088600 0.072500 0.051300 0.071600 0.055500 0.055600 0.066900 0.019400 0.068100 0.092000 0.085900 0.068500 0.070700 0.092900 0.076700 0.070900 0.066900 0.071500 0.054600 0.050800 0.080500 0.075500 0.103900
GyrantGaze 0.074500 0.202700 0.086600 0.178600 0.058100 0.066400 0.050400 0.030400 0.082900 0.091700 0.070600 0.074900 0.067000 0.054500 0.053900 0.018900 0.074100 0.058800 0.062900 0.082900 0.038300 0.066300 0.075500 0.086800 0.066700 0.000000 0.078700 0.078500 0.030400 0.091200 0.071300 0.054500 0.090900 0.075100 0.071200 0.069800 0.062900 0.079300 0.053900 0.084500 0.067400 0.011200 0.099800 0.075500 0.073800 0.061700 0.042300 0.049800 0.057900 0.079200 0.070200 0.097900
Hartebeest 0.067100 0.219500 0.079500 0.195500 0.067100 0.059000 0.059100 0.070900 0.084100 0.105800 0.063200 0.084400 0.015500 0.055300 0.062800 0.066800 0.079300 0.063700 0.059400 0.084100 0.083700 0.058900 0.097800 0.104800 0.059200 0.078700 0.000000 0.088000 0.071100 0.092600 0.085000 0.063400 0.092300 0.031200 0.059600 0.079000 0.055400 0.080500 0.104500 0.089900 0.080900 0.082800 0.114100 0.080800 0.083100 0.070900 0.083700 0.066500 0.058600 0.084500 0.079500 0.116400
Bongo 0.092000 0.223700 0.022800 0.208400 0.075100 0.075300 0.063000 0.078900 0.003800 0.092400 0.088000 0.059100 0.080200 0.067300 0.078900 0.074800 0.082900 0.075700 0.075900 0.003800 0.083500 0.079500 0.092900 0.083200 0.084000 0.078500 0.088000 0.000000 0.087300 0.019200 0.071900 0.067300 0.091600 0.080300 0.067600 0.054300 0.080200 0.088700 0.095700 0.093700 0.076200 0.078400 0.092100 0.084500 0.058300 0.078800 0.083300 0.074500 0.066600 0.071500 0.007500 0.034200
Gerenuk 0.075000 0.208700 0.087100 0.179700 0.058500 0.066800 0.050700 0.030600 0.083400 0.092200 0.071000 0.075300 0.059300 0.054800 0.062200 0.019000 0.082800 0.067300 0.063300 0.083400 0.038500 0.066700 0.084300 0.091400 0.067100 0.030400 0.071100 0.087300 0.000000 0.091800 0.071800 0.046800 0.074900 0.063400 0.063400 0.062100 0.055100 0.079800 0.058400 0.085000 0.067800 0.034300 0.109000 0.076000 0.066100 0.062100 0.042500 0.058100 0.050200 0.088100 0.078800 0.106900
CommonElan 0.079900 0.224200 0.026900 0.209500 0.079500 0.071500 0.059200 0.083300 0.015300 0.105600 0.092600 0.059400 0.084700 0.063500 0.083300 0.079200 0.095800 0.080200 0.080400 0.015300 0.096400 0.084000 0.102000 0.096100 0.088600 0.091200 0.092600 0.019200 0.091800 0.000000 0.084800 0.063500 0.096100 0.084800 0.063800 0.054500 0.084700 0.093300 0.100300 0.107100 0.089200 0.091000 0.105200 0.097600 0.058500 0.083200 0.083700 0.078900 0.070900 0.084300 0.019100 0.046100
MuntiacusR 0.080500 0.197500 0.080100 0.173100 0.067900 0.063900 0.059900 0.071700 0.076300 0.027300 0.076500 0.072100 0.077000 0.064200 0.071700 0.067600 0.059300 0.051900 0.072700 0.076300 0.067800 0.072100 0.031500 0.031000 0.072500 0.071300 0.085000 0.071900 0.071800 0.084800 0.000000 0.055900 0.067700 0.073000 0.064300 0.063100 0.060200 0.089900 0.097000 0.040000 0.023500 0.075400 0.035100 0.023500 0.067100 0.088300 0.076000 0.067300 0.059300 0.064200 0.063400 0.100100
HarveysDui 0.059200 0.200700 0.067100 0.176900 0.034900 0.051100 0.011500 0.046700 0.063400 0.076200 0.055200 0.059500 0.055600 0.007700 0.046700 0.042700 0.067100 0.051500 0.051200 0.063400 0.046900 0.051000 0.060000 0.075600 0.051300 0.054500 0.063400 0.067300 0.046800 0.063500 0.055900 0.000000 0.067300 0.055700 0.047500 0.046600 0.039400 0.055600 0.075100 0.068900 0.043700 0.054200 0.092900 0.060000 0.050600 0.058600 0.054900 0.042600 0.030800 0.072100 0.059000 0.095300
Pronghorn 0.087900 0.208400 0.091300 0.193900 0.079200 0.071200 0.071300 0.083000 0.087600 0.096600 0.075600 0.087900 0.084400 0.075600 0.083000 0.078900 0.070700 0.055200 0.071900 0.087600 0.087600 0.079400 0.080300 0.079100 0.071600 0.090900 0.092300 0.091600 0.074900 0.096100 0.067700 0.067300 0.000000 0.080400 0.080000 0.074300 0.067700 0.101300 0.112600 0.081000 0.063800 0.095000 0.104800 0.072000 0.078400 0.099600 0.087400 0.078600 0.070600 0.084100 0.083000 0.119800
BlueWildeb 0.063400 0.216400 0.080100 0.192100 0.063400 0.051300 0.055400 0.067200 0.076300 0.098000 0.059500 0.080700 0.023400 0.059700 0.059100 0.063200 0.084000 0.068300 0.055700 0.076300 0.076000 0.055200 0.089900 0.093100 0.055500 0.075100 0.031200 0.080300 0.063400 0.084800 0.073000 0.055700 0.080400 0.000000 0.051800 0.071300 0.047600 0.076800 0.100900 0.082000 0.073100 0.079200 0.106300 0.073000 0.075400 0.067200 0.080100 0.062900 0.059100 0.080800 0.071800 0.108800
Gemsbok 0.055400 0.191600 0.067500 0.172800 0.063500 0.047300 0.051400 0.067400 0.063700 0.084900 0.059600 0.068100 0.051700 0.055600 0.067300 0.059200 0.075500 0.059900 0.047500 0.063700 0.071800 0.055300 0.072800 0.084100 0.055600 0.071200 0.059600 0.067600 0.063400 0.063800 0.064300 0.047500 0.080000 0.051800 0.000000 0.054900 0.043600 0.085300 0.092600 0.077600 0.060300 0.071100 0.101700 0.068500 0.058900 0.055100 0.067600 0.063000 0.047000 0.080800 0.059300 0.095800
Yak 0.070700 0.211600 0.054200 0.182800 0.058300 0.062600 0.050500 0.062100 0.050500 0.083300 0.070800 0.026900 0.071200 0.054700 0.062100 0.058100 0.074100 0.058800 0.067100 0.050500 0.066400 0.066500 0.071300 0.082500 0.066900 0.069800 0.079000 0.054300 0.062100 0.054500 0.063100 0.046600 0.074300 0.071300 0.054900 0.000000 0.054900 0.071300 0.090900 0.076100 0.059200 0.073800 0.099800 0.067200 0.003500 0.078200 0.058200 0.057900 0.050100 0.079200 0.046200 0.081700
BlueSheep 0.027100 0.211100 0.080000 0.158700 0.043200 0.019300 0.043300 0.055000 0.076200 0.080800 0.023200 0.068100 0.047600 0.047500 0.055000 0.051000 0.071500 0.055800 0.035400 0.076200 0.059400 0.019300 0.072800 0.080000 0.019400 0.062900 0.055400 0.080200 0.055100 0.084700 0.060200 0.039400 0.067700 0.047600 0.043600 0.054900 0.000000 0.064200 0.088200 0.073400 0.056200 0.066900 0.097600 0.064400 0.058900 0.063100 0.067600 0.050800 0.038900 0.076600 0.071700 0.108600
BohorReedb 0.076100 0.227300 0.088500 0.187900 0.031100 0.067800 0.051400 0.071300 0.084700 0.111000 0.072100 0.076600 0.072600 0.055600 0.055100 0.067200 0.084100 0.076700 0.076600 0.084700 0.084300 0.067700 0.102900 0.110000 0.068100 0.079300 0.080500 0.088700 0.079800 0.093300 0.089900 0.055600 0.101300 0.076800 0.085300 0.071300 0.064200 0.000000 0.105200 0.103800 0.085800 0.083300 0.119400 0.085800 0.075200 0.079600 0.084300 0.058900 0.059100 0.093500 0.080100 0.117300
KirksDik 0.091600 0.228700 0.112400 0.208500 0.083000 0.083300 0.075100 0.054200 0.100200 0.109300 0.096000 0.096400 0.092500 0.075200 0.086800 0.050200 0.099500 0.092400 0.092300 0.100200 0.054200 0.091500 0.101300 0.117000 0.092000 0.053900 0.104500 0.095700 0.058400 0.100300 0.097000 0.075100 0.112600 0.100900 0.092600 0.090900 0.088200 0.105200 0.000000 0.110900 0.088600 0.057900 0.117600 0.101400 0.094900 0.094900 0.054300 0.082400 0.082600 0.096500 0.095400 0.115300
RoeDeer 0.094000 0.189300 0.102100 0.175100 0.081100 0.085500 0.072900 0.084900 0.098300 0.060300 0.090000 0.085600 0.081900 0.077400 0.084900 0.080700 0.064000 0.056500 0.086100 0.098300 0.081100 0.085400 0.040100 0.047600 0.085900 0.084500 0.089900 0.093700 0.085000 0.107100 0.040000 0.068900 0.081000 0.082000 0.077600 0.076100 0.073400 0.103800 0.110900 0.000000 0.032000 0.088600 0.076900 0.032000 0.080100 0.101900 0.089500 0.080400 0.072200 0.060600 0.084900 0.122600
WhiteLippe 0.076500 0.193100 0.084500 0.164200 0.063900 0.068200 0.055900 0.067700 0.080700 0.043300 0.072500 0.068300 0.073000 0.051900 0.067700 0.063600 0.047300 0.039800 0.068700 0.080700 0.059700 0.068100 0.015600 0.031100 0.068500 0.067400 0.080900 0.076200 0.067800 0.089200 0.023500 0.043700 0.063800 0.073100 0.060300 0.059200 0.056200 0.085800 0.088600 0.032000 0.000000 0.071400 0.059500 0.015600 0.063200 0.084300 0.067800 0.063400 0.055300 0.052000 0.067700 0.104600
ThomsonGaz 0.078500 0.192900 0.086400 0.183200 0.062100 0.070400 0.050100 0.034200 0.082700 0.095700 0.074600 0.078900 0.071000 0.054200 0.057800 0.022700 0.070100 0.062800 0.066900 0.082700 0.042200 0.070300 0.079600 0.090800 0.070700 0.011200 0.082800 0.078400 0.034300 0.091000 0.075400 0.054200 0.095000 0.079200 0.071100 0.073800 0.066900 0.083300 0.057900 0.088600 0.071400 0.000000 0.103900 0.079600 0.077700 0.053700 0.038400 0.053700 0.057800 0.083300 0.070000 0.097800
MuntiacusC 0.109500 0.230200 0.108900 0.195200 0.096500 0.092500 0.088400 0.100300 0.096600 0.015300 0.096900 0.100900 0.106200 0.092900 0.100300 0.096100 0.087500 0.080300 0.101700 0.096600 0.105100 0.092400 0.067600 0.066600 0.092900 0.099800 0.114100 0.092100 0.109000 0.105200 0.035100 0.092900 0.104800 0.106300 0.101700 0.099800 0.097600 0.119400 0.117600 0.076900 0.059500 0.103900 0.000000 0.059400 0.104000 0.108700 0.104900 0.087500 0.096000 0.076100 0.091800 0.103400
WhiteTaile 0.084800 0.192900 0.092700 0.164000 0.072100 0.076400 0.064000 0.075900 0.089000 0.043300 0.080800 0.076500 0.072900 0.068400 0.067700 0.071700 0.055300 0.047800 0.077000 0.089000 0.072100 0.076300 0.023600 0.031100 0.076700 0.075500 0.080800 0.084500 0.076000 0.097600 0.023500 0.060000 0.072000 0.073000 0.068500 0.067200 0.064400 0.085800 0.101400 0.032000 0.015600 0.079600 0.059400 0.000000 0.071300 0.092600 0.080300 0.071500 0.063400 0.060200 0.075900 0.113000
Cattle 0.074700 0.216300 0.058100 0.187300 0.062100 0.066600 0.054500 0.066000 0.054400 0.087400 0.074800 0.030800 0.075300 0.058700 0.066000 0.062000 0.078100 0.062800 0.071100 0.054400 0.070400 0.070500 0.075300 0.086500 0.070900 0.073800 0.083100 0.058300 0.066100 0.058500 0.067100 0.050600 0.078400 0.075400 0.058900 0.003500 0.058900 0.075200 0.094900 0.080100 0.063200 0.077700 0.104000 0.071300 0.000000 0.082200 0.062200 0.061800 0.054000 0.083300 0.050100 0.085700
RoyalAntel 0.074800 0.208100 0.078600 0.188700 0.058400 0.066600 0.054400 0.062000 0.074900 0.100500 0.070800 0.075200 0.063100 0.058600 0.062100 0.050100 0.082700 0.075400 0.055000 0.074900 0.078500 0.058500 0.101100 0.108000 0.066900 0.061700 0.070900 0.078800 0.062100 0.083200 0.088300 0.058600 0.099600 0.067200 0.055100 0.078200 0.063100 0.079600 0.094900 0.101900 0.084300 0.053700 0.108700 0.092600 0.082200 0.000000 0.066500 0.057900 0.050100 0.096300 0.070500 0.098400
Steenbok 0.075300 0.199600 0.083100 0.180000 0.062800 0.067100 0.054900 0.034600 0.079400 0.096700 0.075400 0.063100 0.071800 0.054900 0.066500 0.030700 0.070700 0.063300 0.071700 0.079400 0.042500 0.071100 0.080100 0.095700 0.071500 0.042300 0.083700 0.083300 0.042500 0.083700 0.076000 0.054900 0.087400 0.080100 0.067600 0.058200 0.067600 0.084300 0.054300 0.089500 0.067800 0.038400 0.104900 0.080300 0.062200 0.066500 0.000000 0.062300 0.062500 0.084100 0.074900 0.102900
Impala 0.062400 0.197200 0.074400 0.164400 0.038400 0.054400 0.038500 0.050000 0.070700 0.087600 0.058500 0.062700 0.058800 0.042600 0.034300 0.046100 0.070200 0.046800 0.046800 0.070700 0.062300 0.054300 0.079800 0.082800 0.054600 0.049800 0.066500 0.074500 0.058100 0.078900 0.067300 0.042600 0.078600 0.062900 0.063000 0.057900 0.050800 0.058900 0.082400 0.080400 0.063400 0.053700 0.087500 0.071500 0.061800 0.057900 0.062300 0.000000 0.038200 0.067100 0.066200 0.102400
Klipspring 0.058600 0.203200 0.066400 0.183900 0.038500 0.050500 0.034600 0.050200 0.062700 0.079400 0.054700 0.062900 0.059000 0.030800 0.042300 0.046200 0.062300 0.046900 0.054900 0.062700 0.054400 0.050500 0.071600 0.078800 0.050800 0.057900 0.058600 0.066600 0.050200 0.070900 0.059300 0.030800 0.070600 0.059100 0.047000 0.050100 0.038900 0.059100 0.082600 0.072200 0.055300 0.057800 0.096000 0.063400 0.054000 0.050100 0.062500 0.038200 0.000000 0.075400 0.058400 0.094300
ForestMusk 0.088500 0.191300 0.088000 0.181600 0.071500 0.080100 0.067800 0.079600 0.075900 0.076300 0.084500 0.084500 0.076600 0.072100 0.079600 0.075500 0.058800 0.051400 0.072300 0.075900 0.080000 0.080000 0.068500 0.067400 0.080500 0.079200 0.084500 0.071500 0.088100 0.084300 0.064200 0.072100 0.084100 0.080800 0.080800 0.079200 0.076600 0.093500 0.096500 0.060600 0.052000 0.083300 0.076100 0.060200 0.083300 0.096300 0.084100 0.067100 0.075400 0.000000 0.071300 0.099600
Bushbuck 0.083400 0.213200 0.015100 0.203400 0.066800 0.067000 0.054800 0.070500 0.010700 0.092100 0.079500 0.050900 0.071700 0.059000 0.070500 0.066500 0.074500 0.067300 0.067400 0.011400 0.075000 0.071100 0.084300 0.074700 0.075500 0.070200 0.079500 0.007500 0.078800 0.019100 0.063400 0.059000 0.083000 0.071800 0.059300 0.046200 0.071700 0.080100 0.095400 0.084900 0.067700 0.070000 0.091800 0.075900 0.050100 0.070500 0.074900 0.066200 0.058400 0.071300 0.000000 0.034100
GreaterKud 0.120400 0.255900 0.049700 0.225300 0.103200 0.103400 0.082600 0.098400 0.038200 0.103800 0.107900 0.086900 0.104400 0.095300 0.106900 0.094300 0.110900 0.103900 0.104200 0.038200 0.103100 0.099200 0.113100 0.111300 0.103900 0.097900 0.116400 0.034200 0.106900 0.046100 0.100100 0.095300 0.119800 0.108800 0.095800 0.081700 0.108600 0.117300 0.115300 0.122600 0.104600 0.097800 0.103400 0.113000 0.085700 0.098400 0.102900 0.102400 0.094300 0.099600 0.034100 0.000000
