CODONML (in paml version 4.10.7, June 2023)  /home/rachel/ruminants_paml/6406-phy-tree/ENSBTAT00000039581.fasta.phy
Model: free dN/dS Ratios for branches,  kappa = 2.000 fixed

Codon frequency model: F3x4
ns =  54  ls =  77

Codon usage in sequences
--------------------------------------------------------------------------------------------------------------------------------------
Phe TTT   1   2   1   1   2   2 | Ser TCT   0   0   0   0   0   0 | Tyr TAT   0   1   0   0   0   1 | Cys TGT   1   1   1   1   1   1
    TTC   8   7   8   8   7   7 |     TCC   0   0   0   0   0   0 |     TAC   1   0   1   1   1   0 |     TGC   2   2   2   2   2   2
Leu TTA   0   0   0   0   1   1 |     TCA   2   2   2   2   2   2 | *** TAA   0   0   0   0   0   0 | *** TGA   0   0   0   0   0   0
    TTG   0   0   0   0   0   0 |     TCG   0   0   0   0   0   0 |     TAG   0   0   0   0   0   0 | Trp TGG   1   1   1   1   1   1
--------------------------------------------------------------------------------------------------------------------------------------
Leu CTT   1   1   2   1   2   1 | Pro CCT   1   1   1   1   1   1 | His CAT   2   1   2   2   2   2 | Arg CGT   0   0   0   0   0   0
    CTC   2   3   1   2   3   3 |     CCC   1   1   1   1   1   1 |     CAC   2   3   2   2   2   2 |     CGC   0   0   0   0   0   0
    CTA   2   2   2   2   0   1 |     CCA   1   1   1   1   2   2 | Gln CAA   2   2   2   2   2   2 |     CGA   1   1   1   1   1   1
    CTG   2   1   1   2   1   1 |     CCG   1   0   1   1   0   0 |     CAG   2   1   2   2   2   2 |     CGG   1   1   1   1   1   1
--------------------------------------------------------------------------------------------------------------------------------------
Ile ATT   1   1   1   1   1   1 | Thr ACT   1   2   2   2   1   2 | Asn AAT   1   2   1   1   1   2 | Ser AGT   1   1   1   1   1   1
    ATC   2   3   2   2   2   2 |     ACC   2   3   2   2   3   2 |     AAC   4   3   4   4   4   3 |     AGC   2   2   2   2   2   2
    ATA   0   0   0   0   0   0 |     ACA   1   0   0   0   0   0 | Lys AAA   2   2   2   2   2   2 | Arg AGA   2   1   2   2   3   2
Met ATG   0   0   1   1   0   0 |     ACG   0   0   0   0   0   0 |     AAG   1   2   1   1   1   1 |     AGG   1   2   1   1   0   1
--------------------------------------------------------------------------------------------------------------------------------------
Val GTT   1   1   1   1   1   1 | Ala GCT   0   0   0   0   1   0 | Asp GAT   0   0   0   0   0   0 | Gly GGT   1   0   0   0   1   0
    GTC   2   1   2   2   2   2 |     GCC   4   4   4   4   3   4 |     GAC   0   0   0   0   0   0 |     GGC   2   2   3   3   1   2
    GTA   2   2   2   2   1   2 |     GCA   1   1   2   1   2   2 | Glu GAA   1   1   1   1   1   1 |     GGA   1   2   1   0   3   2
    GTG   1   1   1   0   2   1 |     GCG   1   1   0   1   0   0 |     GAG   1   1   1   1   1   1 |     GGG   1   1   1   2   0   1
--------------------------------------------------------------------------------------------------------------------------------------

--------------------------------------------------------------------------------------------------------------------------------------
Phe TTT   1   1   1   1   1   1 | Ser TCT   0   0   0   0   0   0 | Tyr TAT   0   0   0   0   0   0 | Cys TGT   1   1   1   1   1   1
    TTC   8   8   8   8   8   8 |     TCC   0   0   0   0   0   0 |     TAC   1   1   1   1   1   1 |     TGC   2   2   2   2   2   2
Leu TTA   0   0   0   0   0   0 |     TCA   2   2   2   2   2   2 | *** TAA   0   0   0   0   0   0 | *** TGA   0   0   0   0   0   0
    TTG   0   0   0   0   0   0 |     TCG   0   0   0   0   0   0 |     TAG   0   0   0   0   0   0 | Trp TGG   1   1   1   1   1   1
--------------------------------------------------------------------------------------------------------------------------------------
Leu CTT   1   1   1   1   1   1 | Pro CCT   1   1   1   1   1   1 | His CAT   2   2   2   2   2   2 | Arg CGT   0   0   0   0   0   0
    CTC   2   2   2   2   2   2 |     CCC   1   1   1   1   1   1 |     CAC   2   2   2   2   2   2 |     CGC   0   0   0   0   0   0
    CTA   2   2   3   2   2   2 |     CCA   2   1   1   1   1   1 | Gln CAA   3   2   2   2   2   2 |     CGA   1   1   1   1   1   1
    CTG   2   2   1   2   2   2 |     CCG   0   1   1   1   1   1 |     CAG   1   2   2   2   2   2 |     CGG   1   1   1   1   1   1
--------------------------------------------------------------------------------------------------------------------------------------
Ile ATT   1   1   1   1   1   1 | Thr ACT   2   1   3   2   2   2 | Asn AAT   1   1   1   1   1   1 | Ser AGT   1   1   2   0   1   1
    ATC   2   2   2   2   2   2 |     ACC   2   2   1   2   2   2 |     AAC   4   4   4   4   4   4 |     AGC   2   2   1   3   2   2
    ATA   0   0   0   0   0   0 |     ACA   0   1   0   0   0   0 | Lys AAA   2   2   2   2   2   2 | Arg AGA   2   2   2   2   2   2
Met ATG   0   0   0   0   0   0 |     ACG   0   0   0   0   0   0 |     AAG   1   1   1   1   1   1 |     AGG   1   1   1   1   1   1
--------------------------------------------------------------------------------------------------------------------------------------
Val GTT   1   1   1   1   1   1 | Ala GCT   0   0   0   0   0   0 | Asp GAT   0   0   0   0   0   0 | Gly GGT   1   1   1   1   1   0
    GTC   2   2   2   2   2   2 |     GCC   4   4   4   4   4   4 |     GAC   0   0   0   0   0   0 |     GGC   2   2   2   2   2   3
    GTA   1   2   2   2   2   2 |     GCA   1   1   2   1   1   1 | Glu GAA   1   1   1   1   1   1 |     GGA   1   1   1   2   1   1
    GTG   2   1   1   1   1   1 |     GCG   1   1   0   1   1   1 |     GAG   1   1   1   1   1   1 |     GGG   1   1   1   0   1   1
--------------------------------------------------------------------------------------------------------------------------------------

--------------------------------------------------------------------------------------------------------------------------------------
Phe TTT   1   1   1   1   1   1 | Ser TCT   0   0   0   0   0   0 | Tyr TAT   0   0   0   0   0   0 | Cys TGT   1   0   1   1   1   1
    TTC   8   8   8   8   8   8 |     TCC   0   0   0   0   0   0 |     TAC   1   1   1   1   1   1 |     TGC   2   2   2   2   2   2
Leu TTA   0   0   0   0   0   0 |     TCA   2   2   2   2   2   2 | *** TAA   0   0   0   0   0   0 | *** TGA   0   0   0   0   0   0
    TTG   0   0   0   0   0   0 |     TCG   0   0   0   0   0   0 |     TAG   0   0   0   0   0   0 | Trp TGG   1   1   1   1   1   1
--------------------------------------------------------------------------------------------------------------------------------------
Leu CTT   1   1   1   2   1   2 | Pro CCT   1   1   1   1   1   1 | His CAT   2   2   2   2   2   2 | Arg CGT   0   1   0   0   0   0
    CTC   2   2   2   1   1   1 |     CCC   1   1   1   1   1   1 |     CAC   2   1   2   2   2   2 |     CGC   0   0   0   0   0   0
    CTA   2   2   2   2   2   2 |     CCA   1   1   1   1   1   1 | Gln CAA   2   2   2   2   2   1 |     CGA   1   1   1   1   1   1
    CTG   2   2   2   2   3   2 |     CCG   1   1   1   1   1   1 |     CAG   2   3   2   2   2   3 |     CGG   1   1   1   1   1   1
--------------------------------------------------------------------------------------------------------------------------------------
Ile ATT   1   1   1   1   1   1 | Thr ACT   1   2   2   3   2   2 | Asn AAT   1   1   1   1   1   1 | Ser AGT   1   1   1   2   1   1
    ATC   2   2   2   2   2   2 |     ACC   2   2   2   1   2   2 |     AAC   4   4   4   4   4   4 |     AGC   2   2   2   1   2   2
    ATA   0   0   0   0   0   0 |     ACA   1   0   0   0   0   0 | Lys AAA   2   2   2   2   2   2 | Arg AGA   2   2   2   2   2   2
Met ATG   0   0   0   0   0   0 |     ACG   0   0   0   0   0   0 |     AAG   1   1   1   1   1   1 |     AGG   1   1   1   1   1   1
--------------------------------------------------------------------------------------------------------------------------------------
Val GTT   1   1   1   1   1   1 | Ala GCT   0   0   0   0   0   0 | Asp GAT   0   0   0   0   0   0 | Gly GGT   1   0   1   1   1   1
    GTC   2   2   2   2   2   2 |     GCC   4   4   4   4   4   4 |     GAC   0   0   0   0   0   0 |     GGC   2   3   2   2   2   2
    GTA   2   2   2   2   2   2 |     GCA   1   2   1   1   1   1 | Glu GAA   1   1   1   1   1   1 |     GGA   1   1   1   1   1   1
    GTG   1   1   1   1   1   1 |     GCG   1   0   1   1   1   1 |     GAG   1   1   1   1   1   1 |     GGG   1   1   1   1   1   1
--------------------------------------------------------------------------------------------------------------------------------------

--------------------------------------------------------------------------------------------------------------------------------------
Phe TTT   3   2   1   1   1   1 | Ser TCT   0   0   0   0   0   0 | Tyr TAT   0   1   0   0   0   0 | Cys TGT   1   1   1   1   1   1
    TTC   6   7   8   8   8   8 |     TCC   0   0   0   0   0   0 |     TAC   1   0   1   1   1   1 |     TGC   2   2   2   2   2   2
Leu TTA   0   0   0   0   0   0 |     TCA   2   2   2   2   2   2 | *** TAA   0   0   0   0   0   0 | *** TGA   0   0   0   0   0   0
    TTG   0   0   0   0   0   0 |     TCG   0   0   0   0   0   0 |     TAG   0   0   0   0   0   0 | Trp TGG   1   1   1   1   1   1
--------------------------------------------------------------------------------------------------------------------------------------
Leu CTT   2   2   1   1   1   1 | Pro CCT   1   1   1   1   0   1 | His CAT   2   2   3   2   2   2 | Arg CGT   0   0   0   0   0   0
    CTC   1   1   2   2   2   2 |     CCC   1   1   1   1   1   1 |     CAC   1   1   1   2   2   2 |     CGC   0   0   0   0   0   0
    CTA   2   1   2   2   2   2 |     CCA   1   1   1   1   2   2 | Gln CAA   2   2   2   2   2   3 |     CGA   1   1   1   1   1   1
    CTG   2   3   2   2   2   2 |     CCG   1   1   1   1   1   0 |     CAG   2   2   2   2   2   1 |     CGG   1   1   1   1   1   1
--------------------------------------------------------------------------------------------------------------------------------------
Ile ATT   1   1   1   1   1   1 | Thr ACT   2   2   2   2   2   1 | Asn AAT   1   1   1   1   1   1 | Ser AGT   1   1   1   1   1   1
    ATC   2   2   2   2   2   2 |     ACC   2   2   2   2   2   2 |     AAC   5   5   4   4   4   4 |     AGC   2   2   2   2   2   2
    ATA   0   0   0   0   0   0 |     ACA   0   0   0   0   0   1 | Lys AAA   2   2   2   2   2   2 | Arg AGA   2   2   2   2   2   2
Met ATG   1   0   0   0   0   0 |     ACG   0   0   0   0   0   0 |     AAG   1   1   1   1   1   1 |     AGG   1   1   1   1   1   1
--------------------------------------------------------------------------------------------------------------------------------------
Val GTT   1   1   1   1   1   1 | Ala GCT   0   0   0   0   0   0 | Asp GAT   0   0   0   0   0   0 | Gly GGT   0   0   1   1   1   1
    GTC   2   2   2   2   2   2 |     GCC   4   4   4   4   4   4 |     GAC   0   0   0   0   0   0 |     GGC   3   3   2   2   2   2
    GTA   2   2   2   2   2   2 |     GCA   1   1   1   1   1   1 | Glu GAA   1   1   1   1   2   1 |     GGA   1   1   1   1   1   1
    GTG   0   1   1   1   1   1 |     GCG   1   1   1   1   1   1 |     GAG   1   1   1   1   0   1 |     GGG   1   1   1   1   1   1
--------------------------------------------------------------------------------------------------------------------------------------

--------------------------------------------------------------------------------------------------------------------------------------
Phe TTT   1   1   1   1   1   1 | Ser TCT   0   0   0   0   0   0 | Tyr TAT   0   0   0   0   0   0 | Cys TGT   1   1   1   1   1   2
    TTC   8   8   8   8   8   8 |     TCC   0   0   0   0   0   0 |     TAC   1   1   1   1   1   1 |     TGC   2   2   2   2   2   1
Leu TTA   0   0   0   0   0   0 |     TCA   2   2   2   2   2   2 | *** TAA   0   0   0   0   0   0 | *** TGA   0   0   0   0   0   0
    TTG   0   0   0   0   0   0 |     TCG   0   0   0   0   0   0 |     TAG   0   0   0   0   0   0 | Trp TGG   1   1   1   1   1   1
--------------------------------------------------------------------------------------------------------------------------------------
Leu CTT   2   1   1   1   1   1 | Pro CCT   1   1   1   1   1   1 | His CAT   2   2   2   2   2   2 | Arg CGT   0   0   0   0   0   0
    CTC   1   2   2   2   2   2 |     CCC   1   1   1   1   1   1 |     CAC   2   2   2   2   2   2 |     CGC   0   0   0   0   0   0
    CTA   2   2   2   2   2   2 |     CCA   1   1   1   1   1   1 | Gln CAA   2   2   2   3   2   2 |     CGA   1   1   1   1   1   1
    CTG   2   2   2   2   2   2 |     CCG   1   1   1   1   1   1 |     CAG   2   2   2   1   2   2 |     CGG   1   1   1   1   1   1
--------------------------------------------------------------------------------------------------------------------------------------
Ile ATT   1   1   1   1   1   1 | Thr ACT   2   2   2   2   2   2 | Asn AAT   2   2   1   1   1   1 | Ser AGT   1   1   1   1   1   1
    ATC   2   2   2   3   2   2 |     ACC   2   2   1   2   2   2 |     AAC   3   3   4   4   4   4 |     AGC   2   2   2   2   2   2
    ATA   0   0   0   0   0   0 |     ACA   0   0   1   0   0   0 | Lys AAA   2   2   2   2   2   2 | Arg AGA   2   2   2   2   2   2
Met ATG   0   0   0   0   0   0 |     ACG   0   0   0   0   0   0 |     AAG   1   1   1   1   1   1 |     AGG   1   1   1   1   1   1
--------------------------------------------------------------------------------------------------------------------------------------
Val GTT   1   1   1   1   1   1 | Ala GCT   0   0   0   0   0   0 | Asp GAT   0   0   0   0   0   0 | Gly GGT   0   0   1   1   1   1
    GTC   2   2   2   1   2   2 |     GCC   4   4   4   4   4   4 |     GAC   0   0   0   0   0   0 |     GGC   3   3   2   2   2   2
    GTA   2   2   2   2   2   2 |     GCA   1   2   1   1   1   1 | Glu GAA   1   1   1   1   1   1 |     GGA   1   1   1   1   1   1
    GTG   1   1   1   1   1   1 |     GCG   1   0   1   1   1   1 |     GAG   1   1   1   1   1   1 |     GGG   1   1   1   1   1   1
--------------------------------------------------------------------------------------------------------------------------------------

--------------------------------------------------------------------------------------------------------------------------------------
Phe TTT   1   1   1   1   2   1 | Ser TCT   0   0   0   0   0   0 | Tyr TAT   0   0   0   0   0   0 | Cys TGT   1   1   1   1   1   1
    TTC   8   8   8   8   7   8 |     TCC   0   0   0   0   0   0 |     TAC   1   1   1   1   1   1 |     TGC   2   2   2   2   2   2
Leu TTA   0   0   0   0   0   0 |     TCA   2   2   2   2   2   2 | *** TAA   0   0   0   0   0   0 | *** TGA   0   0   0   0   0   0
    TTG   0   0   0   0   0   0 |     TCG   0   0   0   0   0   0 |     TAG   0   0   0   0   0   0 | Trp TGG   1   1   1   1   1   1
--------------------------------------------------------------------------------------------------------------------------------------
Leu CTT   1   1   1   1   1   1 | Pro CCT   1   1   1   1   2   1 | His CAT   2   2   2   2   2   2 | Arg CGT   0   0   0   0   0   0
    CTC   2   2   2   2   2   2 |     CCC   1   1   1   1   1   1 |     CAC   2   2   2   2   2   2 |     CGC   0   0   0   0   0   0
    CTA   2   2   2   2   2   2 |     CCA   1   1   2   1   1   1 | Gln CAA   2   2   2   2   2   2 |     CGA   1   1   1   1   1   1
    CTG   2   2   2   2   2   2 |     CCG   1   1   0   1   0   1 |     CAG   2   2   2   2   2   2 |     CGG   1   1   1   1   1   1
--------------------------------------------------------------------------------------------------------------------------------------
Ile ATT   1   1   2   1   1   1 | Thr ACT   2   2   2   3   3   1 | Asn AAT   1   1   1   1   1   1 | Ser AGT   1   1   1   2   1   1
    ATC   2   2   1   2   2   2 |     ACC   2   2   2   1   1   3 |     AAC   4   4   4   4   4   4 |     AGC   2   2   2   1   2   2
    ATA   0   0   0   0   0   0 |     ACA   0   0   0   0   0   0 | Lys AAA   2   2   2   2   2   2 | Arg AGA   2   2   2   3   2   2
Met ATG   0   0   0   0   0   0 |     ACG   0   0   0   0   0   0 |     AAG   1   1   1   1   1   1 |     AGG   1   1   2   0   1   1
--------------------------------------------------------------------------------------------------------------------------------------
Val GTT   1   1   1   1   1   1 | Ala GCT   0   0   0   0   0   0 | Asp GAT   0   0   0   0   0   0 | Gly GGT   1   0   0   1   0   1
    GTC   2   2   2   2   2   2 |     GCC   4   4   4   4   4   4 |     GAC   0   0   0   0   0   0 |     GGC   2   3   3   2   3   2
    GTA   2   2   2   2   2   2 |     GCA   1   1   1   1   1   1 | Glu GAA   1   1   1   1   1   1 |     GGA   1   1   0   1   1   1
    GTG   1   1   1   1   1   1 |     GCG   1   1   1   1   1   1 |     GAG   1   1   1   1   1   1 |     GGG   1   1   1   1   1   1
--------------------------------------------------------------------------------------------------------------------------------------

--------------------------------------------------------------------------------------------------------------------------------------
Phe TTT   1   1   1   1   1   1 | Ser TCT   0   0   0   0   0   0 | Tyr TAT   0   0   0   0   1   0 | Cys TGT   1   1   1   1   1   1
    TTC   8   8   8   8   8   8 |     TCC   0   0   0   0   0   0 |     TAC   1   1   1   1   0   1 |     TGC   2   2   2   2   2   2
Leu TTA   0   0   0   0   0   0 |     TCA   2   2   2   2   2   2 | *** TAA   0   0   0   0   0   0 | *** TGA   0   0   0   0   0   0
    TTG   0   0   0   0   0   0 |     TCG   0   0   0   0   0   0 |     TAG   0   0   0   0   0   0 | Trp TGG   1   1   1   1   1   1
--------------------------------------------------------------------------------------------------------------------------------------
Leu CTT   2   1   1   1   1   1 | Pro CCT   1   1   1   1   1   1 | His CAT   2   2   2   2   2   2 | Arg CGT   0   0   0   0   0   0
    CTC   1   2   2   2   2   2 |     CCC   1   1   1   1   1   1 |     CAC   2   2   2   2   2   2 |     CGC   0   0   0   0   0   0
    CTA   2   2   2   2   2   2 |     CCA   1   1   1   1   2   1 | Gln CAA   2   2   2   3   2   2 |     CGA   1   1   1   1   1   1
    CTG   2   2   2   2   2   2 |     CCG   1   1   1   1   0   1 |     CAG   2   2   2   1   2   2 |     CGG   1   1   1   1   1   1
--------------------------------------------------------------------------------------------------------------------------------------
Ile ATT   1   1   1   1   1   1 | Thr ACT   2   2   2   2   2   2 | Asn AAT   2   1   1   1   1   2 | Ser AGT   1   1   1   1   0   1
    ATC   2   2   2   2   2   2 |     ACC   2   2   2   2   2   2 |     AAC   3   4   4   4   4   3 |     AGC   2   2   2   2   3   2
    ATA   0   0   0   0   0   0 |     ACA   0   0   0   0   0   0 | Lys AAA   2   2   2   2   2   2 | Arg AGA   2   2   2   1   2   2
Met ATG   0   0   0   0   0   0 |     ACG   0   0   0   0   0   0 |     AAG   1   1   1   1   1   1 |     AGG   1   1   1   2   1   1
--------------------------------------------------------------------------------------------------------------------------------------
Val GTT   1   1   1   1   1   1 | Ala GCT   0   0   0   0   0   0 | Asp GAT   0   0   0   0   0   0 | Gly GGT   1   0   1   1   1   0
    GTC   2   2   2   2   2   2 |     GCC   4   4   4   4   4   4 |     GAC   0   0   0   0   0   0 |     GGC   2   3   2   2   1   3
    GTA   2   2   2   2   2   2 |     GCA   1   1   1   1   2   2 | Glu GAA   1   1   1   1   1   1 |     GGA   1   1   1   1   1   1
    GTG   1   1   1   1   1   1 |     GCG   1   1   1   1   0   0 |     GAG   1   1   1   1   1   1 |     GGG   1   1   1   1   2   1
--------------------------------------------------------------------------------------------------------------------------------------

--------------------------------------------------------------------------------------------------------------------------------------
Phe TTT   1   1   1   1   1   1 | Ser TCT   0   0   0   0   0   0 | Tyr TAT   0   1   0   0   0   0 | Cys TGT   1   1   1   1   1   1
    TTC   8   8   8   8   8   8 |     TCC   0   0   0   0   0   0 |     TAC   1   0   1   1   1   1 |     TGC   2   2   2   2   2   2
Leu TTA   0   0   0   0   0   0 |     TCA   1   2   2   2   2   2 | *** TAA   0   0   0   0   0   0 | *** TGA   0   0   0   0   0   0
    TTG   0   0   0   0   0   0 |     TCG   1   0   0   0   0   0 |     TAG   0   0   0   0   0   0 | Trp TGG   1   1   1   1   1   1
--------------------------------------------------------------------------------------------------------------------------------------
Leu CTT   1   1   1   1   1   1 | Pro CCT   1   1   1   1   1   2 | His CAT   2   2   2   2   2   2 | Arg CGT   0   0   0   0   0   0
    CTC   2   2   2   2   2   2 |     CCC   1   1   1   1   1   0 |     CAC   2   2   2   2   2   2 |     CGC   0   0   0   0   0   0
    CTA   2   2   2   2   2   2 |     CCA   1   1   1   1   1   2 | Gln CAA   2   2   1   2   2   2 |     CGA   1   1   1   1   1   1
    CTG   2   2   2   2   2   2 |     CCG   1   1   1   1   1   0 |     CAG   2   2   3   2   2   2 |     CGG   1   1   1   1   1   1
--------------------------------------------------------------------------------------------------------------------------------------
Ile ATT   2   1   1   1   1   1 | Thr ACT   2   2   2   2   2   2 | Asn AAT   2   1   1   2   1   1 | Ser AGT   1   1   1   1   1   1
    ATC   1   2   2   2   2   2 |     ACC   2   2   2   2   2   2 |     AAC   3   4   4   3   4   4 |     AGC   2   2   2   2   2   2
    ATA   0   0   0   0   0   0 |     ACA   0   0   0   0   0   0 | Lys AAA   2   2   2   2   2   2 | Arg AGA   2   2   2   2   2   2
Met ATG   0   0   0   0   0   0 |     ACG   0   0   0   0   0   0 |     AAG   1   1   1   1   1   1 |     AGG   1   1   1   1   1   1
--------------------------------------------------------------------------------------------------------------------------------------
Val GTT   1   1   1   1   2   1 | Ala GCT   0   0   0   0   0   0 | Asp GAT   0   0   0   0   0   0 | Gly GGT   1   1   0   0   0   1
    GTC   2   2   2   2   2   2 |     GCC   4   4   4   4   4   4 |     GAC   0   0   0   0   0   0 |     GGC   2   2   3   3   3   2
    GTA   2   2   2   2   1   2 |     GCA   2   1   1   2   1   1 | Glu GAA   1   1   1   0   1   1 |     GGA   1   1   1   1   1   1
    GTG   1   1   1   1   1   1 |     GCG   0   1   1   0   1   1 |     GAG   1   1   1   2   1   1 |     GGG   1   1   1   1   1   1
--------------------------------------------------------------------------------------------------------------------------------------

--------------------------------------------------------------------------------------------------------------------------------------
Phe TTT   1   1   1   1   1   1 | Ser TCT   0   0   0   0   0   0 | Tyr TAT   0   0   0   0   0   0 | Cys TGT   1   1   1   1   1   1
    TTC   8   8   8   8   8   8 |     TCC   0   0   0   0   0   0 |     TAC   1   1   1   1   1   1 |     TGC   2   2   2   2   2   2
Leu TTA   0   0   0   0   0   0 |     TCA   2   2   2   2   2   2 | *** TAA   0   0   0   0   0   0 | *** TGA   0   0   0   0   0   0
    TTG   0   0   0   0   0   0 |     TCG   0   0   0   0   0   0 |     TAG   0   0   0   0   0   0 | Trp TGG   1   1   1   1   1   1
--------------------------------------------------------------------------------------------------------------------------------------
Leu CTT   1   2   2   1   1   1 | Pro CCT   1   1   1   1   1   1 | His CAT   2   2   2   2   2   2 | Arg CGT   0   0   0   0   0   0
    CTC   2   1   1   2   2   2 |     CCC   1   1   1   1   1   1 |     CAC   2   2   2   2   2   2 |     CGC   0   0   0   0   0   0
    CTA   2   2   2   2   2   2 |     CCA   2   1   1   1   1   2 | Gln CAA   2   2   2   2   2   2 |     CGA   1   1   1   1   1   1
    CTG   2   2   2   2   2   2 |     CCG   0   1   1   1   1   0 |     CAG   2   2   2   2   2   2 |     CGG   1   1   1   1   1   1
--------------------------------------------------------------------------------------------------------------------------------------
Ile ATT   1   1   1   1   1   1 | Thr ACT   2   3   2   2   2   2 | Asn AAT   1   1   1   1   1   1 | Ser AGT   1   1   1   1   1   1
    ATC   2   2   2   2   2   2 |     ACC   2   1   2   2   2   2 |     AAC   4   4   4   4   4   4 |     AGC   2   2   2   2   2   2
    ATA   0   0   0   0   0   0 |     ACA   0   0   0   0   0   0 | Lys AAA   2   2   2   2   2   2 | Arg AGA   2   2   2   2   2   2
Met ATG   0   0   0   1   1   0 |     ACG   0   0   0   0   0   0 |     AAG   1   1   1   1   1   1 |     AGG   1   1   1   1   1   1
--------------------------------------------------------------------------------------------------------------------------------------
Val GTT   1   1   1   1   1   1 | Ala GCT   0   0   0   0   0   0 | Asp GAT   0   0   0   0   0   0 | Gly GGT   1   1   1   0   0   1
    GTC   2   2   2   2   2   2 |     GCC   4   4   4   4   4   4 |     GAC   0   0   0   0   0   0 |     GGC   2   2   2   3   3   2
    GTA   2   2   2   2   2   2 |     GCA   2   1   1   1   1   1 | Glu GAA   1   1   1   1   1   1 |     GGA   1   1   1   0   1   1
    GTG   1   1   1   0   0   1 |     GCG   0   1   1   1   1   1 |     GAG   1   1   1   1   1   1 |     GGG   1   1   1   2   1   1
--------------------------------------------------------------------------------------------------------------------------------------

Codon position x base (3x4) table for each sequence.

#1: Argali         
position  1:    T:0.20779    C:0.27273    A:0.27273    G:0.24675
position  2:    T:0.32468    C:0.20779    A:0.24675    G:0.22078
position  3:    T:0.15584    C:0.44156    A:0.23377    G:0.16883
Average         T:0.22944    C:0.30736    A:0.25108    G:0.21212

#2: LesserMouseDeer
position  1:    T:0.20779    C:0.24675    A:0.31169    G:0.23377
position  2:    T:0.32468    C:0.20779    A:0.24675    G:0.22078
position  3:    T:0.18182    C:0.44156    A:0.22078    G:0.15584
Average         T:0.23810    C:0.29870    A:0.25974    G:0.20346

#3: LesserKudu     
position  1:    T:0.20779    C:0.25974    A:0.28571    G:0.24675
position  2:    T:0.32468    C:0.20779    A:0.24675    G:0.22078
position  3:    T:0.16883    C:0.44156    A:0.23377    G:0.15584
Average         T:0.23377    C:0.30303    A:0.25541    G:0.20779

#4: ForestMuskDeer2
position  1:    T:0.20779    C:0.27273    A:0.28571    G:0.23377
position  2:    T:0.32468    C:0.20779    A:0.24675    G:0.22078
position  3:    T:0.15584    C:0.45455    A:0.20779    G:0.18182
Average         T:0.22944    C:0.31169    A:0.24675    G:0.21212

#5: Camel          
position  1:    T:0.22078    C:0.25974    A:0.27273    G:0.24675
position  2:    T:0.32468    C:0.20779    A:0.24675    G:0.22078
position  3:    T:0.19481    C:0.42857    A:0.25974    G:0.11688
Average         T:0.24675    C:0.29870    A:0.25974    G:0.19481

#6: KillerWhale    
position  1:    T:0.22078    C:0.25974    A:0.27273    G:0.24675
position  2:    T:0.32468    C:0.20779    A:0.24675    G:0.22078
position  3:    T:0.19481    C:0.41558    A:0.25974    G:0.12987
Average         T:0.24675    C:0.29437    A:0.25974    G:0.19913

#7: DefassaWaterbuck
position  1:    T:0.20779    C:0.27273    A:0.27273    G:0.24675
position  2:    T:0.32468    C:0.20779    A:0.24675    G:0.22078
position  3:    T:0.16883    C:0.44156    A:0.23377    G:0.15584
Average         T:0.23377    C:0.30736    A:0.25108    G:0.20779

#8: Sheep          
position  1:    T:0.20779    C:0.27273    A:0.27273    G:0.24675
position  2:    T:0.32468    C:0.20779    A:0.24675    G:0.22078
position  3:    T:0.15584    C:0.44156    A:0.23377    G:0.16883
Average         T:0.22944    C:0.30736    A:0.25108    G:0.21212

#9: MaxwellsDuiker 
position  1:    T:0.20779    C:0.27273    A:0.27273    G:0.24675
position  2:    T:0.32468    C:0.20779    A:0.24675    G:0.22078
position  3:    T:0.19481    C:0.41558    A:0.24675    G:0.14286
Average         T:0.24242    C:0.29870    A:0.25541    G:0.20346

#10: GazellaPrzewalskyi
position  1:    T:0.20779    C:0.27273    A:0.27273    G:0.24675
position  2:    T:0.32468    C:0.20779    A:0.24675    G:0.22078
position  3:    T:0.15584    C:0.45455    A:0.23377    G:0.15584
Average         T:0.22944    C:0.31169    A:0.25108    G:0.20779

#11: MountainNyala  
position  1:    T:0.20779    C:0.27273    A:0.27273    G:0.24675
position  2:    T:0.32468    C:0.20779    A:0.24675    G:0.22078
position  3:    T:0.16883    C:0.44156    A:0.22078    G:0.16883
Average         T:0.23377    C:0.30736    A:0.24675    G:0.21212

#12: MuntiacusMuntjak
position  1:    T:0.20779    C:0.27273    A:0.27273    G:0.24675
position  2:    T:0.32468    C:0.20779    A:0.24675    G:0.22078
position  3:    T:0.15584    C:0.45455    A:0.22078    G:0.16883
Average         T:0.22944    C:0.31169    A:0.24675    G:0.21212

#13: goat           
position  1:    T:0.20779    C:0.27273    A:0.27273    G:0.24675
position  2:    T:0.32468    C:0.20779    A:0.24675    G:0.22078
position  3:    T:0.15584    C:0.44156    A:0.23377    G:0.16883
Average         T:0.22944    C:0.30736    A:0.25108    G:0.21212

#14: AfricanBuffalo 
position  1:    T:0.19481    C:0.28571    A:0.27273    G:0.24675
position  2:    T:0.32468    C:0.20779    A:0.24675    G:0.22078
position  3:    T:0.15584    C:0.44156    A:0.23377    G:0.16883
Average         T:0.22511    C:0.31169    A:0.25108    G:0.21212

#15: Topi           
position  1:    T:0.20779    C:0.27273    A:0.27273    G:0.24675
position  2:    T:0.32468    C:0.20779    A:0.24675    G:0.22078
position  3:    T:0.16883    C:0.44156    A:0.22078    G:0.16883
Average         T:0.23377    C:0.30736    A:0.24675    G:0.21212

#16: CommonDuiker   
position  1:    T:0.20779    C:0.27273    A:0.27273    G:0.24675
position  2:    T:0.32468    C:0.20779    A:0.24675    G:0.22078
position  3:    T:0.20779    C:0.40260    A:0.22078    G:0.16883
Average         T:0.24675    C:0.29437    A:0.24675    G:0.21212

#17: Suni           
position  1:    T:0.20779    C:0.27273    A:0.27273    G:0.24675
position  2:    T:0.32468    C:0.20779    A:0.24675    G:0.22078
position  3:    T:0.16883    C:0.42857    A:0.22078    G:0.18182
Average         T:0.23377    C:0.30303    A:0.24675    G:0.21645

#18: Springbuck     
position  1:    T:0.20779    C:0.27273    A:0.27273    G:0.24675
position  2:    T:0.32468    C:0.20779    A:0.24675    G:0.22078
position  3:    T:0.18182    C:0.42857    A:0.20779    G:0.18182
Average         T:0.23810    C:0.30303    A:0.24242    G:0.21645

#19: Okapi          
position  1:    T:0.20779    C:0.25974    A:0.29870    G:0.23377
position  2:    T:0.32468    C:0.20779    A:0.24675    G:0.22078
position  3:    T:0.19481    C:0.41558    A:0.22078    G:0.16883
Average         T:0.24242    C:0.29437    A:0.25541    G:0.20779

#20: Giraffe        
position  1:    T:0.20779    C:0.25974    A:0.28571    G:0.24675
position  2:    T:0.32468    C:0.20779    A:0.24675    G:0.22078
position  3:    T:0.19481    C:0.41558    A:0.20779    G:0.18182
Average         T:0.24242    C:0.29437    A:0.24675    G:0.21645

#21: TibetanAntelope
position  1:    T:0.20779    C:0.27273    A:0.27273    G:0.24675
position  2:    T:0.32468    C:0.20779    A:0.24675    G:0.22078
position  3:    T:0.18182    C:0.42857    A:0.22078    G:0.16883
Average         T:0.23810    C:0.30303    A:0.24675    G:0.21212

#22: Sitatunga      
position  1:    T:0.20779    C:0.27273    A:0.27273    G:0.24675
position  2:    T:0.32468    C:0.20779    A:0.24675    G:0.22078
position  3:    T:0.16883    C:0.44156    A:0.22078    G:0.16883
Average         T:0.23377    C:0.30736    A:0.24675    G:0.21212

#23: Oribi          
position  1:    T:0.20779    C:0.27273    A:0.27273    G:0.24675
position  2:    T:0.32468    C:0.20779    A:0.24675    G:0.22078
position  3:    T:0.15584    C:0.44156    A:0.24675    G:0.15584
Average         T:0.22944    C:0.30736    A:0.25541    G:0.20779

#24: BarbarySheep   
position  1:    T:0.20779    C:0.27273    A:0.27273    G:0.24675
position  2:    T:0.32468    C:0.20779    A:0.24675    G:0.22078
position  3:    T:0.15584    C:0.44156    A:0.25974    G:0.14286
Average         T:0.22944    C:0.30736    A:0.25974    G:0.20346

#25: Daviddeer      
position  1:    T:0.20779    C:0.27273    A:0.27273    G:0.24675
position  2:    T:0.32468    C:0.20779    A:0.24675    G:0.22078
position  3:    T:0.18182    C:0.42857    A:0.22078    G:0.16883
Average         T:0.23810    C:0.30303    A:0.24675    G:0.21212

#26: Reindeer       
position  1:    T:0.20779    C:0.27273    A:0.27273    G:0.24675
position  2:    T:0.32468    C:0.20779    A:0.24675    G:0.22078
position  3:    T:0.16883    C:0.44156    A:0.23377    G:0.15584
Average         T:0.23377    C:0.30736    A:0.25108    G:0.20779

#27: Ibex           
position  1:    T:0.20779    C:0.27273    A:0.27273    G:0.24675
position  2:    T:0.32468    C:0.20779    A:0.24675    G:0.22078
position  3:    T:0.16883    C:0.42857    A:0.23377    G:0.16883
Average         T:0.23377    C:0.30303    A:0.25108    G:0.21212

#28: GyrantGazelle  
position  1:    T:0.20779    C:0.27273    A:0.28571    G:0.23377
position  2:    T:0.32468    C:0.20779    A:0.24675    G:0.22078
position  3:    T:0.16883    C:0.44156    A:0.23377    G:0.15584
Average         T:0.23377    C:0.30736    A:0.25541    G:0.20346

#29: Hartebeest     
position  1:    T:0.20779    C:0.27273    A:0.27273    G:0.24675
position  2:    T:0.32468    C:0.20779    A:0.24675    G:0.22078
position  3:    T:0.16883    C:0.44156    A:0.22078    G:0.16883
Average         T:0.23377    C:0.30736    A:0.24675    G:0.21212

#30: Bongo          
position  1:    T:0.20779    C:0.27273    A:0.27273    G:0.24675
position  2:    T:0.32468    C:0.20779    A:0.24675    G:0.22078
position  3:    T:0.18182    C:0.42857    A:0.22078    G:0.16883
Average         T:0.23810    C:0.30303    A:0.24675    G:0.21212

#31: Gerenuk        
position  1:    T:0.20779    C:0.27273    A:0.27273    G:0.24675
position  2:    T:0.32468    C:0.20779    A:0.24675    G:0.22078
position  3:    T:0.16883    C:0.44156    A:0.22078    G:0.16883
Average         T:0.23377    C:0.30736    A:0.24675    G:0.21212

#32: CommonEland    
position  1:    T:0.20779    C:0.27273    A:0.27273    G:0.24675
position  2:    T:0.32468    C:0.20779    A:0.24675    G:0.22078
position  3:    T:0.15584    C:0.45455    A:0.22078    G:0.16883
Average         T:0.22944    C:0.31169    A:0.24675    G:0.21212

#33: MuntiacusReevesi
position  1:    T:0.20779    C:0.27273    A:0.28571    G:0.23377
position  2:    T:0.32468    C:0.20779    A:0.24675    G:0.22078
position  3:    T:0.16883    C:0.44156    A:0.22078    G:0.16883
Average         T:0.23377    C:0.30736    A:0.25108    G:0.20779

#34: HarveysDuiker  
position  1:    T:0.20779    C:0.27273    A:0.27273    G:0.24675
position  2:    T:0.32468    C:0.20779    A:0.24675    G:0.22078
position  3:    T:0.19481    C:0.41558    A:0.23377    G:0.15584
Average         T:0.24242    C:0.29870    A:0.25108    G:0.20779

#35: Pronghorn      
position  1:    T:0.20779    C:0.27273    A:0.27273    G:0.24675
position  2:    T:0.32468    C:0.20779    A:0.24675    G:0.22078
position  3:    T:0.19481    C:0.42857    A:0.22078    G:0.15584
Average         T:0.24242    C:0.30303    A:0.24675    G:0.20779

#36: BlueWildebeest 
position  1:    T:0.20779    C:0.27273    A:0.27273    G:0.24675
position  2:    T:0.32468    C:0.20779    A:0.24675    G:0.22078
position  3:    T:0.15584    C:0.45455    A:0.22078    G:0.16883
Average         T:0.22944    C:0.31169    A:0.24675    G:0.21212

#37: Gemsbok        
position  1:    T:0.20779    C:0.27273    A:0.27273    G:0.24675
position  2:    T:0.32468    C:0.20779    A:0.24675    G:0.22078
position  3:    T:0.19481    C:0.41558    A:0.22078    G:0.16883
Average         T:0.24242    C:0.29870    A:0.24675    G:0.21212

#38: Yak            
position  1:    T:0.20779    C:0.27273    A:0.27273    G:0.24675
position  2:    T:0.32468    C:0.20779    A:0.24675    G:0.22078
position  3:    T:0.15584    C:0.45455    A:0.22078    G:0.16883
Average         T:0.22944    C:0.31169    A:0.24675    G:0.21212

#39: BlueSheep      
position  1:    T:0.20779    C:0.27273    A:0.27273    G:0.24675
position  2:    T:0.32468    C:0.20779    A:0.24675    G:0.22078
position  3:    T:0.16883    C:0.44156    A:0.22078    G:0.16883
Average         T:0.23377    C:0.30736    A:0.24675    G:0.21212

#40: BohorReedbuck  
position  1:    T:0.20779    C:0.27273    A:0.27273    G:0.24675
position  2:    T:0.32468    C:0.20779    A:0.24675    G:0.22078
position  3:    T:0.16883    C:0.44156    A:0.22078    G:0.16883
Average         T:0.23377    C:0.30736    A:0.24675    G:0.21212

#41: KirksDik       
position  1:    T:0.20779    C:0.27273    A:0.27273    G:0.24675
position  2:    T:0.32468    C:0.20779    A:0.24675    G:0.22078
position  3:    T:0.16883    C:0.42857    A:0.24675    G:0.15584
Average         T:0.23377    C:0.30303    A:0.25541    G:0.20779

#42: RoeDeer        
position  1:    T:0.20779    C:0.27273    A:0.27273    G:0.24675
position  2:    T:0.32468    C:0.20779    A:0.24675    G:0.22078
position  3:    T:0.16883    C:0.44156    A:0.23377    G:0.15584
Average         T:0.23377    C:0.30736    A:0.25108    G:0.20779

#43: WhiteLippedDeer
position  1:    T:0.20779    C:0.27273    A:0.27273    G:0.24675
position  2:    T:0.32468    C:0.20779    A:0.24675    G:0.22078
position  3:    T:0.19481    C:0.41558    A:0.22078    G:0.16883
Average         T:0.24242    C:0.29870    A:0.24675    G:0.21212

#44: ThomsonGazelle 
position  1:    T:0.20779    C:0.27273    A:0.27273    G:0.24675
position  2:    T:0.32468    C:0.20779    A:0.24675    G:0.22078
position  3:    T:0.18182    C:0.42857    A:0.22078    G:0.16883
Average         T:0.23810    C:0.30303    A:0.24675    G:0.21212

#45: MuntiacusCrinifrons
position  1:    T:0.20779    C:0.27273    A:0.27273    G:0.24675
position  2:    T:0.32468    C:0.20779    A:0.24675    G:0.22078
position  3:    T:0.15584    C:0.45455    A:0.20779    G:0.18182
Average         T:0.22944    C:0.31169    A:0.24242    G:0.21645

#46: WhiteTailedDeer
position  1:    T:0.20779    C:0.27273    A:0.27273    G:0.24675
position  2:    T:0.32468    C:0.20779    A:0.24675    G:0.22078
position  3:    T:0.16883    C:0.44156    A:0.22078    G:0.16883
Average         T:0.23377    C:0.30736    A:0.24675    G:0.21212

#47: Cattle         
position  1:    T:0.20779    C:0.27273    A:0.27273    G:0.24675
position  2:    T:0.32468    C:0.20779    A:0.24675    G:0.22078
position  3:    T:0.16883    C:0.45455    A:0.20779    G:0.16883
Average         T:0.23377    C:0.31169    A:0.24242    G:0.21212

#48: RoyalAntelope  
position  1:    T:0.20779    C:0.27273    A:0.27273    G:0.24675
position  2:    T:0.32468    C:0.20779    A:0.24675    G:0.22078
position  3:    T:0.18182    C:0.42857    A:0.23377    G:0.15584
Average         T:0.23810    C:0.30303    A:0.25108    G:0.20779

#49: Steenbok       
position  1:    T:0.20779    C:0.27273    A:0.27273    G:0.24675
position  2:    T:0.32468    C:0.20779    A:0.24675    G:0.22078
position  3:    T:0.16883    C:0.44156    A:0.24675    G:0.14286
Average         T:0.23377    C:0.30736    A:0.25541    G:0.20346

#50: Impala         
position  1:    T:0.20779    C:0.27273    A:0.27273    G:0.24675
position  2:    T:0.32468    C:0.20779    A:0.24675    G:0.22078
position  3:    T:0.19481    C:0.41558    A:0.22078    G:0.16883
Average         T:0.24242    C:0.29870    A:0.24675    G:0.21212

#51: Klipspringer   
position  1:    T:0.20779    C:0.27273    A:0.27273    G:0.24675
position  2:    T:0.32468    C:0.20779    A:0.24675    G:0.22078
