1
52 1
Argali 0.000000 0.289600 0.051300 0.248800 0.054400 0.008800 0.054800 0.060700 0.054400 0.104000 0.014600 0.060800 0.042000 0.060600 0.051400 0.067500 0.073800 0.070600 0.032700 0.051200 0.101500 0.026500 0.083800 0.087300 0.020500 0.067500 0.042000 0.057600 0.063900 0.054600 0.090600 0.048000 0.097500 0.042000 0.048400 0.057600 0.014600 0.048300 0.061000 0.083800 0.083900 0.067400 0.104200 0.090500 0.057500 0.070300 0.080800 0.058000 0.054600 0.080800 0.051200 0.048100
LesserMous 0.289600 0.000000 0.293300 0.290700 0.289000 0.285000 0.273500 0.293900 0.298800 0.300100 0.285500 0.278700 0.295300 0.270900 0.280100 0.290500 0.259700 0.241700 0.280600 0.293300 0.301100 0.289600 0.288500 0.298200 0.275400 0.310800 0.299900 0.308700 0.299000 0.314200 0.291600 0.265700 0.279400 0.295000 0.310300 0.278200 0.285800 0.285300 0.290300 0.303000 0.289000 0.310100 0.291100 0.302900 0.283100 0.284300 0.291400 0.260600 0.286200 0.284800 0.288200 0.288700
LesserKudu 0.051300 0.293300 0.000000 0.230500 0.064200 0.060900 0.064600 0.067400 0.008700 0.097000 0.048200 0.045000 0.057900 0.051300 0.067500 0.070900 0.070500 0.073700 0.048200 0.000000 0.098200 0.067400 0.083700 0.080500 0.048200 0.064400 0.061000 0.014600 0.060900 0.017600 0.090400 0.051200 0.093900 0.057800 0.064400 0.048100 0.054600 0.064300 0.064300 0.083700 0.083800 0.064300 0.097200 0.083700 0.035700 0.073800 0.071100 0.067800 0.057900 0.090700 0.005800 0.002900
KillerWhal 0.248800 0.290700 0.230500 0.000000 0.249300 0.244500 0.242500 0.262500 0.244300 0.229900 0.245000 0.248000 0.258900 0.239700 0.227100 0.259000 0.196200 0.184100 0.240300 0.230400 0.268700 0.263300 0.217400 0.222100 0.244300 0.268700 0.263100 0.253300 0.271900 0.248600 0.239400 0.230600 0.222200 0.249300 0.245400 0.234000 0.245300 0.245400 0.249500 0.234600 0.217800 0.268100 0.230400 0.234500 0.242900 0.281000 0.246300 0.223300 0.250100 0.239800 0.239000 0.235100
DefassaWat 0.054400 0.289000 0.064200 0.249300 0.000000 0.051400 0.048600 0.057800 0.067400 0.094000 0.045100 0.048300 0.048400 0.060800 0.042100 0.067700 0.067500 0.064300 0.045200 0.064100 0.088100 0.051400 0.074100 0.077600 0.045100 0.061200 0.057800 0.074000 0.051400 0.077500 0.080800 0.048100 0.091000 0.054600 0.054900 0.051400 0.045200 0.011800 0.054800 0.074100 0.074200 0.061100 0.094200 0.080700 0.057700 0.064100 0.074400 0.048600 0.048500 0.067800 0.064100 0.060900
Sheep 0.008800 0.285000 0.060900 0.244500 0.051400 0.000000 0.051700 0.057700 0.064100 0.107700 0.011700 0.051300 0.039000 0.057500 0.051400 0.064300 0.064200 0.061000 0.029700 0.060800 0.098200 0.023600 0.087300 0.090900 0.017600 0.064400 0.038900 0.067400 0.060800 0.064300 0.094200 0.044900 0.101100 0.038900 0.051600 0.054500 0.011700 0.045200 0.057900 0.087300 0.087400 0.064300 0.107900 0.094100 0.054500 0.067200 0.071000 0.054900 0.051600 0.077600 0.060800 0.057700
MaxwellsDu 0.054800 0.273500 0.064600 0.242500 0.048600 0.051700 0.000000 0.058100 0.067900 0.098000 0.039200 0.061300 0.055100 0.029800 0.042400 0.064800 0.068000 0.064800 0.045400 0.064500 0.099000 0.058200 0.077800 0.081400 0.033000 0.061600 0.058200 0.074400 0.064500 0.071400 0.084600 0.017700 0.098400 0.055000 0.055200 0.064600 0.045500 0.042500 0.055100 0.077900 0.078000 0.061500 0.098200 0.084600 0.064500 0.064500 0.074900 0.055300 0.048800 0.074800 0.064400 0.061300
GazellaPrz 0.060700 0.293900 0.067400 0.262500 0.057800 0.057700 0.058100 0.000000 0.070700 0.118000 0.045100 0.057700 0.064300 0.057500 0.057800 0.051700 0.083900 0.087300 0.042000 0.067400 0.084800 0.064100 0.097300 0.101000 0.048200 0.045400 0.054600 0.070700 0.048300 0.067600 0.104300 0.051200 0.115000 0.064200 0.058000 0.067400 0.051500 0.051600 0.039100 0.097400 0.097500 0.045300 0.111300 0.104300 0.067300 0.060900 0.058200 0.061300 0.045300 0.097700 0.067300 0.064200
MountainNy 0.054400 0.298800 0.008700 0.244300 0.067400 0.064100 0.067900 0.070700 0.000000 0.107400 0.051400 0.048100 0.061100 0.060800 0.070800 0.074200 0.073800 0.077100 0.051400 0.008800 0.108800 0.070700 0.087100 0.083900 0.051300 0.067800 0.064300 0.017600 0.064200 0.020600 0.093900 0.060800 0.090400 0.061000 0.067700 0.051200 0.057900 0.067600 0.061100 0.087100 0.087200 0.067600 0.107600 0.087100 0.038800 0.077100 0.081100 0.071100 0.061200 0.094200 0.008700 0.005800
MuntiacusM 0.104000 0.300100 0.097000 0.229900 0.094000 0.107700 0.098000 0.118000 0.107400 0.000000 0.097400 0.100400 0.114900 0.093700 0.097400 0.129300 0.080200 0.076900 0.104200 0.097000 0.130100 0.118200 0.038500 0.041600 0.097200 0.111400 0.118300 0.114400 0.118100 0.118200 0.017400 0.086900 0.104000 0.114700 0.111600 0.096900 0.104500 0.090900 0.107900 0.044600 0.038500 0.111200 0.008600 0.044600 0.103700 0.118100 0.115400 0.081000 0.101000 0.094000 0.103600 0.100400
goat 0.014600 0.285500 0.048200 0.245000 0.045100 0.011700 0.039200 0.045100 0.051400 0.097400 0.000000 0.051400 0.032900 0.045000 0.045200 0.051600 0.064300 0.061100 0.017600 0.048200 0.091500 0.017800 0.077300 0.080800 0.005900 0.051600 0.032800 0.054600 0.048200 0.051600 0.084100 0.032600 0.094300 0.032800 0.045400 0.054600 0.005800 0.039000 0.045300 0.077400 0.077500 0.051500 0.097600 0.084000 0.054500 0.054500 0.064600 0.048600 0.039100 0.071000 0.048200 0.045100
AfricanBuf 0.060800 0.278700 0.045000 0.248000 0.048300 0.051300 0.061300 0.057700 0.048100 0.100400 0.051400 0.000000 0.054700 0.048100 0.061000 0.067700 0.067200 0.064000 0.057700 0.044900 0.101700 0.064100 0.080300 0.083800 0.051300 0.061200 0.057800 0.054400 0.057700 0.057800 0.087100 0.054300 0.097300 0.054600 0.061200 0.032600 0.051500 0.048400 0.054700 0.080300 0.080400 0.061100 0.100600 0.087000 0.026500 0.070500 0.074300 0.058100 0.061100 0.080600 0.044900 0.041900
Topi 0.042000 0.295300 0.057900 0.258900 0.048400 0.039000 0.055100 0.064300 0.061100 0.114900 0.032900 0.054700 0.000000 0.054600 0.054800 0.067800 0.074200 0.070900 0.039000 0.057800 0.095000 0.026700 0.094100 0.090900 0.032800 0.061400 0.008800 0.067600 0.057800 0.064200 0.101100 0.048200 0.097900 0.005800 0.048400 0.051500 0.032900 0.048500 0.061300 0.087400 0.094300 0.061300 0.115100 0.094100 0.051500 0.064200 0.081200 0.058000 0.048500 0.080700 0.051400 0.054700
CommonDuik 0.060600 0.270900 0.051300 0.239700 0.060800 0.057500 0.029800 0.057500 0.060800 0.093700 0.045000 0.048100 0.054600 0.000000 0.054500 0.067400 0.073900 0.070600 0.051200 0.051200 0.101400 0.064000 0.087100 0.090700 0.038700 0.061000 0.057700 0.067300 0.063900 0.064300 0.093900 0.011600 0.090700 0.054500 0.061000 0.064000 0.051300 0.054600 0.054500 0.087100 0.087300 0.060900 0.093900 0.087200 0.057600 0.060000 0.067600 0.051600 0.054600 0.083600 0.057500 0.054400
Suni 0.051400 0.280100 0.067500 0.227100 0.042100 0.051400 0.042400 0.057800 0.070800 0.097400 0.045200 0.061000 0.054800 0.054500 0.000000 0.067800 0.061100 0.057900 0.045200 0.067400 0.088200 0.057800 0.077400 0.074300 0.045100 0.061300 0.057900 0.077300 0.064200 0.074300 0.084100 0.041900 0.087700 0.054700 0.051800 0.061000 0.045300 0.036000 0.048500 0.077400 0.077500 0.061200 0.097600 0.084100 0.061000 0.064200 0.074500 0.048700 0.048500 0.074300 0.067300 0.064200
Springbuck 0.067500 0.290500 0.070900 0.259000 0.067700 0.064300 0.064800 0.051700 0.074200 0.129300 0.051600 0.067700 0.067800 0.067400 0.067800 0.000000 0.101200 0.097800 0.051000 0.070900 0.075000 0.070900 0.108200 0.112000 0.051500 0.042400 0.064600 0.080900 0.032900 0.077800 0.115300 0.060900 0.133400 0.067700 0.074600 0.077500 0.058100 0.061400 0.055000 0.108200 0.108400 0.042300 0.129600 0.115300 0.070900 0.064400 0.068200 0.071400 0.061400 0.101600 0.070800 0.067600
Okapi 0.073800 0.259700 0.070500 0.196200 0.067500 0.064200 0.068000 0.083900 0.073800 0.080200 0.064300 0.067200 0.074200 0.073900 0.061100 0.101200 0.000000 0.020500 0.064200 0.070400 0.115800 0.077300 0.067200 0.070600 0.064100 0.094400 0.077400 0.080400 0.090600 0.083900 0.073800 0.067300 0.064200 0.074100 0.081000 0.064000 0.064400 0.067700 0.080800 0.073700 0.067300 0.094300 0.080300 0.080300 0.063900 0.097300 0.094600 0.067900 0.074300 0.054700 0.070400 0.067200
Giraffe 0.070600 0.241700 0.073700 0.184100 0.064300 0.061000 0.064800 0.087300 0.077100 0.076900 0.061100 0.064000 0.070900 0.070600 0.057900 0.097800 0.020500 0.000000 0.067500 0.073700 0.112300 0.074000 0.057600 0.060900 0.061000 0.091000 0.074100 0.083700 0.087200 0.087200 0.064000 0.064100 0.061000 0.070800 0.077700 0.067200 0.061100 0.061200 0.077500 0.064000 0.057700 0.090900 0.077000 0.070400 0.067200 0.093900 0.091200 0.064700 0.077600 0.057900 0.073600 0.070500
TibetanAnt 0.032700 0.280600 0.048200 0.240300 0.045200 0.029700 0.045400 0.042000 0.051400 0.104200 0.017600 0.057700 0.039000 0.051200 0.045200 0.051000 0.064200 0.067500 0.000000 0.048200 0.084200 0.035800 0.077300 0.080800 0.017600 0.039100 0.042100 0.057700 0.048300 0.054700 0.090800 0.038800 0.094300 0.039000 0.045400 0.060900 0.023700 0.039100 0.039100 0.077300 0.077400 0.039000 0.104500 0.084000 0.054500 0.054500 0.058200 0.048600 0.039100 0.084300 0.048100 0.045100
Sitatunga 0.051200 0.293300 0.000000 0.230400 0.064100 0.060800 0.064500 0.067400 0.008800 0.097000 0.048200 0.044900 0.057800 0.051200 0.067400 0.070900 0.070400 0.073700 0.048200 0.000000 0.098200 0.067300 0.083600 0.080500 0.048100 0.064400 0.061000 0.014600 0.060900 0.017600 0.090400 0.051200 0.093900 0.057800 0.064400 0.048000 0.054600 0.064300 0.064300 0.083600 0.083700 0.064300 0.097100 0.083600 0.035700 0.073800 0.071000 0.067800 0.057900 0.090700 0.005800 0.002900
Oribi 0.101500 0.301100 0.098200 0.268700 0.088100 0.098200 0.099000 0.084800 0.108800 0.130100 0.091500 0.101700 0.095000 0.101400 0.088200 0.075000 0.115800 0.112300 0.084200 0.098200 0.000000 0.098300 0.123000 0.130200 0.091300 0.081800 0.098500 0.108700 0.084700 0.105400 0.125000 0.087700 0.137800 0.101800 0.102400 0.098300 0.091600 0.088400 0.078300 0.123100 0.123200 0.081700 0.130400 0.130300 0.105100 0.105200 0.078600 0.092100 0.088500 0.116200 0.105000 0.101700
BarbaryShe 0.026500 0.289600 0.067400 0.263300 0.051400 0.023600 0.058200 0.064100 0.070700 0.118200 0.017800 0.064100 0.026700 0.064000 0.057800 0.070900 0.077300 0.074000 0.035800 0.067300 0.098300 0.000000 0.097400 0.094100 0.023700 0.070900 0.032800 0.067400 0.060900 0.064100 0.100900 0.051200 0.094300 0.032800 0.057900 0.060900 0.017600 0.051600 0.064300 0.097400 0.097600 0.070800 0.118400 0.097400 0.067300 0.067200 0.081000 0.061200 0.051600 0.077300 0.060800 0.064100
Daviddeer 0.083800 0.288500 0.083700 0.217400 0.074100 0.087300 0.077800 0.097300 0.087100 0.038500 0.077300 0.080300 0.094100 0.087100 0.077400 0.108200 0.067200 0.057600 0.077300 0.083600 0.123000 0.097400 0.000000 0.014600 0.077200 0.080800 0.097500 0.093800 0.097400 0.097400 0.026400 0.080300 0.083800 0.094100 0.091000 0.083600 0.084100 0.071000 0.087500 0.017500 0.000000 0.080700 0.035500 0.023400 0.083600 0.104200 0.108500 0.081100 0.087400 0.080600 0.083400 0.080300
Reindeer 0.087300 0.298200 0.080500 0.222100 0.077600 0.090900 0.081400 0.101000 0.083900 0.041600 0.080800 0.083800 0.090900 0.090700 0.074300 0.112000 0.070600 0.060900 0.080800 0.080500 0.130200 0.094100 0.014600 0.000000 0.080700 0.084400 0.094300 0.090600 0.101000 0.094200 0.029500 0.083900 0.087300 0.090800 0.094600 0.087100 0.087700 0.074500 0.091100 0.020500 0.014600 0.084200 0.038600 0.014600 0.087100 0.107900 0.112300 0.084700 0.091000 0.084100 0.080100 0.077200
Ibex 0.020500 0.275400 0.048200 0.244300 0.045100 0.017600 0.033000 0.048200 0.051300 0.097200 0.005900 0.051300 0.032800 0.038700 0.045100 0.051500 0.064100 0.061000 0.017600 0.048100 0.091300 0.023700 0.077200 0.080700 0.000000 0.051500 0.035800 0.057700 0.048100 0.054700 0.083900 0.026500 0.094200 0.032800 0.045300 0.054500 0.011700 0.039000 0.045200 0.077200 0.077300 0.051400 0.097400 0.083900 0.054400 0.054400 0.064500 0.048500 0.039000 0.064400 0.048100 0.045000
GyrantGaze 0.067500 0.310800 0.064400 0.268700 0.061200 0.064400 0.061600 0.045400 0.067800 0.111400 0.051600 0.061200 0.061400 0.061000 0.061300 0.042400 0.094400 0.091000 0.039100 0.064400 0.081800 0.070900 0.080800 0.084400 0.051500 0.000000 0.058100 0.067700 0.039000 0.071300 0.097800 0.054600 0.126300 0.061300 0.068100 0.070900 0.058100 0.055000 0.048600 0.080800 0.080900 0.005900 0.108200 0.087600 0.064400 0.057900 0.061700 0.064800 0.055000 0.094900 0.064300 0.061200
Hartebeest 0.042000 0.299900 0.061000 0.263100 0.057800 0.038900 0.058200 0.054600 0.064300 0.118300 0.032800 0.057800 0.008800 0.057700 0.057900 0.064600 0.077400 0.074100 0.042100 0.061000 0.098500 0.032800 0.097500 0.094300 0.035800 0.058100 0.000000 0.064300 0.061000 0.060900 0.104500 0.051300 0.108200 0.008800 0.051600 0.061100 0.032900 0.051600 0.058000 0.090800 0.097700 0.058000 0.118600 0.097600 0.054700 0.061000 0.077800 0.061200 0.051700 0.090900 0.054500 0.057800
Bongo 0.057600 0.308700 0.014600 0.253300 0.074000 0.067400 0.074400 0.070700 0.017600 0.114400 0.054600 0.054400 0.067600 0.067300 0.077300 0.080900 0.080400 0.083700 0.057700 0.014600 0.108700 0.067400 0.093800 0.090600 0.057700 0.067700 0.064300 0.000000 0.070700 0.014700 0.100700 0.067200 0.097400 0.067500 0.074300 0.057600 0.061000 0.074100 0.074200 0.093900 0.094000 0.074200 0.114600 0.093900 0.045000 0.083800 0.087800 0.077800 0.067700 0.101100 0.014600 0.011700
Gerenuk 0.063900 0.299000 0.060900 0.271900 0.051400 0.060800 0.064500 0.048300 0.064200 0.118100 0.048200 0.057700 0.057800 0.063900 0.064200 0.032900 0.090600 0.087200 0.048300 0.060900 0.084700 0.060900 0.097400 0.101000 0.048100 0.039000 0.061000 0.070700 0.000000 0.074100 0.104300 0.057500 0.115000 0.064200 0.071000 0.060900 0.054600 0.057900 0.051600 0.097400 0.097500 0.039000 0.118300 0.104300 0.060900 0.054500 0.064600 0.067800 0.057900 0.084200 0.060800 0.057700
CommonElan 0.054600 0.314200 0.017600 0.248600 0.077500 0.064300 0.071400 0.067600 0.020600 0.118200 0.051600 0.057800 0.064200 0.064300 0.074300 0.077800 0.083900 0.087200 0.054700 0.017600 0.105400 0.064100 0.097400 0.094200 0.054700 0.071300 0.060900 0.014700 0.074100 0.000000 0.104400 0.064200 0.097600 0.064200 0.071200 0.060900 0.058000 0.071100 0.067800 0.090700 0.097600 0.071100 0.118400 0.097500 0.048200 0.080700 0.081300 0.074700 0.064200 0.104800 0.017300 0.014700
MuntiacusR 0.090600 0.291600 0.090400 0.239400 0.080800 0.094200 0.084600 0.104300 0.093900 0.017400 0.084100 0.087100 0.101100 0.093900 0.084100 0.115300 0.073800 0.064000 0.090800 0.090400 0.125000 0.100900 0.026400 0.029500 0.083900 0.097800 0.104500 0.100700 0.104300 0.104400 0.000000 0.087100 0.090600 0.100900 0.098000 0.090400 0.091000 0.077600 0.094400 0.032400 0.026500 0.097600 0.020400 0.038500 0.090300 0.107800 0.108600 0.081200 0.094300 0.087400 0.090100 0.087100
HarveysDui 0.048000 0.265700 0.051200 0.230600 0.048100 0.044900 0.017700 0.051200 0.060800 0.086900 0.032600 0.054300 0.048200 0.011600 0.041900 0.060900 0.067300 0.064100 0.038800 0.051200 0.087700 0.051200 0.080300 0.083900 0.026500 0.054600 0.051300 0.067200 0.057500 0.064200 0.087100 0.000000 0.097400 0.048100 0.054600 0.057500 0.038800 0.042000 0.048200 0.080400 0.080500 0.054500 0.087100 0.080400 0.057500 0.051100 0.054700 0.045200 0.042000 0.074100 0.057400 0.054300
Pronghorn 0.097500 0.279400 0.093900 0.222200 0.091000 0.101100 0.098400 0.115000 0.090400 0.104000 0.094300 0.097300 0.097900 0.090700 0.087700 0.133400 0.064200 0.061000 0.094300 0.093900 0.137800 0.094300 0.083800 0.087300 0.094200 0.126300 0.108200 0.097400 0.115000 0.097600 0.090600 0.097400 0.000000 0.104700 0.098100 0.087200 0.094500 0.094600 0.097900 0.090400 0.083900 0.126100 0.104200 0.097200 0.087100 0.129200 0.126600 0.098300 0.112000 0.090900 0.093700 0.090500
BlueWildeb 0.042000 0.295000 0.057800 0.249300 0.054600 0.038900 0.055000 0.064200 0.061000 0.114700 0.032800 0.054600 0.005800 0.054500 0.054700 0.067700 0.074100 0.070800 0.039000 0.057800 0.101800 0.032800 0.094100 0.090800 0.032800 0.061300 0.008800 0.067500 0.064200 0.064200 0.100900 0.048100 0.104700 0.000000 0.048400 0.057800 0.032900 0.048500 0.061200 0.087300 0.094200 0.061200 0.114900 0.094100 0.051500 0.064100 0.081100 0.058000 0.048500 0.087400 0.051300 0.054600
Gemsbok 0.048400 0.310300 0.064400 0.245400 0.054900 0.051600 0.055200 0.058000 0.067700 0.111600 0.045400 0.061200 0.048400 0.061000 0.051800 0.074600 0.081000 0.077700 0.045400 0.064400 0.102400 0.057900 0.091000 0.094600 0.045300 0.068100 0.051600 0.074300 0.071000 0.071200 0.098000 0.054600 0.098100 0.048400 0.000000 0.058100 0.045400 0.048700 0.055000 0.091100 0.091200 0.067900 0.111800 0.097900 0.058000 0.070900 0.081500 0.058500 0.054800 0.094900 0.064000 0.061200
Yak 0.057600 0.278200 0.048100 0.234000 0.051400 0.054500 0.064600 0.067400 0.051200 0.096900 0.054600 0.032600 0.051500 0.064000 0.061000 0.077500 0.064000 0.067200 0.060900 0.048000 0.098300 0.060900 0.083600 0.087100 0.054500 0.070900 0.061100 0.057600 0.060900 0.060900 0.090400 0.057500 0.087200 0.057800 0.058100 0.000000 0.054600 0.057900 0.064300 0.083600 0.083700 0.070800 0.097100 0.090300 0.011700 0.080300 0.077600 0.054900 0.057900 0.067500 0.048000 0.045000
BlueSheep 0.014600 0.285800 0.054600 0.245300 0.045200 0.011700 0.045500 0.051500 0.057900 0.104500 0.005800 0.051500 0.032900 0.051300 0.045300 0.058100 0.064400 0.061100 0.023700 0.054600 0.091600 0.017600 0.084100 0.087700 0.011700 0.058100 0.032900 0.061000 0.054600 0.058000 0.091000 0.038800 0.094500 0.032900 0.045400 0.054600 0.000000 0.039100 0.051600 0.084200 0.084300 0.058000 0.104700 0.090900 0.054600 0.060900 0.071200 0.048600 0.045400 0.071200 0.054500 0.051500
BohorReedb 0.048300 0.285300 0.064300 0.245400 0.011800 0.045200 0.042500 0.051600 0.067600 0.090900 0.039000 0.048400 0.048500 0.054600 0.036000 0.061400 0.067700 0.061200 0.039100 0.064300 0.088400 0.051600 0.071000 0.074500 0.039000 0.055000 0.051600 0.074100 0.057900 0.071100 0.077600 0.042000 0.094600 0.048500 0.048700 0.057900 0.039100 0.000000 0.048600 0.071100 0.071100 0.054900 0.091100 0.077700 0.057900 0.057900 0.068000 0.039300 0.042300 0.074500 0.064200 0.061100
KirksDik 0.061000 0.290300 0.064300 0.249500 0.054800 0.057900 0.055100 0.039100 0.061100 0.107900 0.045300 0.054700 0.061300 0.054500 0.048500 0.055000 0.080800 0.077500 0.039100 0.064300 0.078300 0.064300 0.087500 0.091100 0.045200 0.048600 0.058000 0.074200 0.051600 0.067800 0.094400 0.048200 0.097900 0.061200 0.055000 0.064300 0.051600 0.048600 0.000000 0.087500 0.087600 0.048600 0.108100 0.094300 0.064300 0.057900 0.055100 0.058300 0.048600 0.087800 0.064200 0.061100
RoeDeer 0.083800 0.303000 0.083700 0.234600 0.074100 0.087300 0.077900 0.097400 0.087100 0.044600 0.077400 0.080300 0.087400 0.087100 0.077400 0.108200 0.073700 0.064000 0.077300 0.083600 0.123100 0.097400 0.017500 0.020500 0.077200 0.080800 0.090800 0.093900 0.097400 0.090700 0.032400 0.080400 0.090400 0.087300 0.091100 0.083600 0.084200 0.071100 0.087500 0.000000 0.017500 0.080700 0.041600 0.023400 0.083600 0.104200 0.108600 0.081100 0.087500 0.080700 0.083300 0.080400
WhiteLippe 0.083900 0.289000 0.083800 0.217800 0.074200 0.087400 0.078000 0.097500 0.087200 0.038500 0.077500 0.080400 0.094300 0.087300 0.077500 0.108400 0.067300 0.057700 0.077400 0.083700 0.123200 0.097600 0.000000 0.014600 0.077300 0.080900 0.097700 0.094000 0.097500 0.097600 0.026500 0.080500 0.083900 0.094200 0.091200 0.083700 0.084300 0.071100 0.087600 0.017500 0.000000 0.080800 0.035500 0.023500 0.083700 0.104300 0.108700 0.081200 0.087600 0.080800 0.083500 0.080500
ThomsonGaz 0.067400 0.310100 0.064300 0.268100 0.061100 0.064300 0.061500 0.045300 0.067600 0.111200 0.051500 0.061100 0.061300 0.060900 0.061200 0.042300 0.094300 0.090900 0.039000 0.064300 0.081700 0.070800 0.080700 0.084200 0.051400 0.005900 0.058000 0.074200 0.039000 0.071100 0.097600 0.054500 0.126100 0.061200 0.067900 0.070800 0.058000 0.054900 0.048600 0.080700 0.080800 0.000000 0.108000 0.087400 0.064300 0.057900 0.061600 0.064700 0.054900 0.094700 0.064200 0.061100
MuntiacusC 0.104200 0.291100 0.097200 0.230400 0.094200 0.107900 0.098200 0.111300 0.107600 0.008600 0.097600 0.100600 0.115100 0.093900 0.097600 0.129600 0.080300 0.077000 0.104500 0.097100 0.130400 0.118400 0.035500 0.038600 0.097400 0.108200 0.118600 0.114600 0.118300 0.118400 0.020400 0.087100 0.104200 0.114900 0.111800 0.097100 0.104700 0.091100 0.108100 0.041600 0.035500 0.108000 0.000000 0.041600 0.103900 0.118300 0.115600 0.081200 0.094300 0.094100 0.103800 0.100600
WhiteTaile 0.090500 0.302900 0.083700 0.234500 0.080700 0.094100 0.084600 0.104300 0.087100 0.044600 0.084000 0.087000 0.094100 0.087200 0.084100 0.115300 0.080300 0.070400 0.084000 0.083600 0.130300 0.097400 0.023400 0.014600 0.083900 0.087600 0.097600 0.093900 0.104300 0.097500 0.038500 0.080400 0.097200 0.094100 0.097900 0.090300 0.090900 0.077700 0.094300 0.023400 0.023500 0.087400 0.041600 0.000000 0.090300 0.104200 0.108600 0.081100 0.094200 0.087400 0.083400 0.080400
Cattle 0.057500 0.283100 0.035700 0.242900 0.057700 0.054500 0.064500 0.067300 0.038800 0.103700 0.054500 0.026500 0.051500 0.057600 0.061000 0.070900 0.063900 0.067200 0.054500 0.035700 0.105100 0.067300 0.083600 0.087100 0.054400 0.064400 0.054700 0.045000 0.060900 0.048200 0.090300 0.057500 0.087100 0.051500 0.058000 0.011700 0.054600 0.057900 0.064300 0.083600 0.083700 0.064300 0.103900 0.090300 0.000000 0.073700 0.077600 0.061300 0.064300 0.080700 0.035600 0.032600
RoyalAntel 0.070300 0.284300 0.073800 0.281000 0.064100 0.067200 0.064500 0.060900 0.077100 0.118100 0.054500 0.070500 0.064200 0.060000 0.064200 0.064400 0.097300 0.093900 0.054500 0.073800 0.105200 0.067200 0.104200 0.107900 0.054400 0.057900 0.061000 0.083800 0.054500 0.080700 0.107800 0.051100 0.129200 0.064100 0.070900 0.080300 0.060900 0.057900 0.057900 0.104200 0.104300 0.057900 0.118300 0.104200 0.073700 0.000000 0.067800 0.061000 0.057900 0.107500 0.073700 0.070500
Steenbok 0.080800 0.291400 0.071100 0.246300 0.074400 0.071000 0.074900 0.058200 0.081100 0.115400 0.064600 0.074300 0.081200 0.067600 0.074500 0.068200 0.094600 0.091200 0.058200 0.071000 0.078600 0.081000 0.108500 0.112300 0.064500 0.061700 0.077800 0.087800 0.064600 0.081300 0.108600 0.054700 0.126600 0.081100 0.081500 0.077600 0.071200 0.068000 0.055100 0.108600 0.108700 0.061600 0.115600 0.108600 0.077600 0.067800 0.000000 0.071600 0.061600 0.108900 0.077600 0.074400
Impala 0.058000 0.260600 0.067800 0.223300 0.048600 0.054900 0.055300 0.061300 0.071100 0.081000 0.048600 0.058100 0.058000 0.051600 0.048700 0.071400 0.067900 0.064700 0.048600 0.067800 0.092100 0.061200 0.081100 0.084700 0.048500 0.064800 0.061200 0.077800 0.067800 0.074700 0.081200 0.045200 0.098300 0.058000 0.058500 0.054900 0.048600 0.039300 0.058300 0.081100 0.081200 0.064700 0.081200 0.081100 0.061300 0.061000 0.071600 0.000000 0.045200 0.074800 0.067400 0.064600
Klipspring 0.054600 0.286200 0.057900 0.250100 0.048500 0.051600 0.048800 0.045300 0.061200 0.101000 0.039100 0.061100 0.048500 0.054600 0.048500 0.061400 0.074300 0.077600 0.039100 0.057900 0.088500 0.051600 0.087400 0.091000 0.039000 0.055000 0.051700 0.067700 0.057900 0.064200 0.094300 0.042000 0.112000 0.048500 0.054800 0.057900 0.045400 0.042300 0.048600 0.087500 0.087600 0.054900 0.094300 0.094200 0.064300 0.057900 0.061600 0.045200 0.000000 0.080700 0.051500 0.054700
ForestMusk 0.080800 0.284800 0.090700 0.239800 0.067800 0.077600 0.074800 0.097700 0.094200 0.094000 0.071000 0.080600 0.080700 0.083600 0.074300 0.101600 0.054700 0.057900 0.084300 0.090700 0.116200 0.077300 0.080600 0.084100 0.064400 0.094900 0.090900 0.101100 0.084200 0.104800 0.087400 0.074100 0.090900 0.087400 0.094900 0.067500 0.071200 0.074500 0.087800 0.080700 0.080800 0.094700 0.094100 0.087400 0.080700 0.107500 0.108900 0.074800 0.080700 0.000000 0.090200 0.087300
Bushbuck 0.051200 0.288200 0.005800 0.239000 0.064100 0.060800 0.064400 0.067300 0.008700 0.103600 0.048200 0.044900 0.051400 0.057500 0.067300 0.070800 0.070400 0.073600 0.048100 0.005800 0.105000 0.060800 0.083400 0.080100 0.048100 0.064300 0.054500 0.014600 0.060800 0.017300 0.090100 0.057400 0.093700 0.051300 0.064000 0.048000 0.054500 0.064200 0.064200 0.083300 0.083500 0.064200 0.103800 0.083400 0.035600 0.073700 0.077600 0.067400 0.051500 0.090200 0.000000 0.002900
GreaterKud 0.048100 0.288700 0.002900 0.235100 0.060900 0.057700 0.061300 0.064200 0.005800 0.100400 0.045100 0.041900 0.054700 0.054400 0.064200 0.067600 0.067200 0.070500 0.045100 0.002900 0.101700 0.064100 0.080300 0.077200 0.045000 0.061200 0.057800 0.011700 0.057700 0.014700 0.087100 0.054300 0.090500 0.054600 0.061200 0.045000 0.051500 0.061100 0.061100 0.080400 0.080500 0.061100 0.100600 0.080400 0.032600 0.070500 0.074400 0.064600 0.054700 0.087300 0.002900 0.000000
