1
52 1
Argali 0.000000 0.245200 0.120800 0.407000 0.239200 0.064700 0.277700 0.193300 0.202800 0.432400 0.064200 0.302500 0.065900 0.144900 0.216700 0.149000 0.224100 0.144900 0.063700 0.120800 0.149000 0.124300 0.149000 0.307400 0.144900 0.144900 0.066000 0.174500 0.208100 0.125400 0.359100 0.208100 0.149900 0.064200 0.220300 0.149000 0.144900 0.144900 0.278900 0.386000 0.149000 0.144900 0.298600 0.314400 0.149000 0.310000 0.226200 0.144900 0.144900 0.188200 0.120800 0.122500
LesserMous 0.245200 0.000000 0.324800 0.424700 0.482700 0.396100 0.479400 0.339900 0.254400 0.753300 0.172000 0.524600 0.175800 0.307300 0.404700 0.313900 0.432700 0.307300 0.385400 0.324800 0.315600 0.470500 0.315600 0.550700 0.307300 0.307300 0.176300 0.385200 0.390700 0.337800 0.613400 0.382500 0.316600 0.172000 0.422600 0.315600 0.307300 0.307300 0.493600 0.698400 0.315600 0.307300 0.543400 0.583100 0.315600 0.576400 0.433400 0.307300 0.307300 0.329100 0.324800 0.326600
LesserKudu 0.120800 0.324800 0.000000 0.628700 0.427300 0.204800 0.452600 0.342800 0.060500 0.433300 0.202800 0.493100 0.208200 0.306900 0.386000 0.315600 0.399300 0.306900 0.201300 0.000000 0.318700 0.264200 0.318700 0.501300 0.306900 0.306900 0.208700 0.053300 0.201300 0.000100 0.554100 0.369000 0.316800 0.202800 0.388800 0.318700 0.306900 0.306900 0.274900 0.594600 0.318700 0.306900 0.491000 0.520900 0.318700 0.504000 0.404100 0.306900 0.306900 0.186200 0.000000 0.000100
KillerWhal 0.407000 0.424700 0.628700 0.000000 0.416400 0.348400 0.438400 0.526300 0.568700 0.629100 0.345000 0.476700 0.352600 0.273300 0.358700 0.279600 0.378300 0.273300 0.341800 0.628700 0.279900 0.413900 0.279900 0.501000 0.273300 0.273300 0.357700 0.675000 0.348500 0.652300 0.552200 0.353100 0.279600 0.345000 0.370900 0.279900 0.273300 0.273300 0.433400 0.589800 0.279900 0.273300 0.468800 0.497000 0.279900 0.519000 0.379600 0.273300 0.273300 0.490000 0.628700 0.632500
DefassaWat 0.239200 0.482700 0.427300 0.416400 0.000000 0.185800 0.248600 0.336300 0.359000 0.432600 0.168500 0.273000 0.173600 0.088800 0.175200 0.091700 0.183700 0.088800 0.166900 0.427300 0.091700 0.241300 0.091700 0.284400 0.088800 0.088800 0.190800 0.487300 0.166900 0.454600 0.345000 0.166900 0.092500 0.168500 0.181400 0.091700 0.088800 0.088800 0.251000 0.387000 0.091700 0.088800 0.273200 0.291800 0.091700 0.168300 0.187200 0.088800 0.088800 0.321000 0.427300 0.435600
Sheep 0.064700 0.396100 0.204800 0.348400 0.185800 0.000000 0.217400 0.294900 0.313900 0.373600 0.147800 0.239200 0.151200 0.077000 0.151600 0.078900 0.158600 0.077000 0.000100 0.204800 0.078900 0.064800 0.078900 0.243900 0.077000 0.077000 0.151300 0.260100 0.146400 0.213000 0.299800 0.146400 0.079300 0.147800 0.156300 0.078900 0.077000 0.077000 0.219200 0.327300 0.078900 0.077000 0.235000 0.248900 0.078900 0.246400 0.159900 0.077000 0.077000 0.283500 0.204800 0.206700
MaxwellsDu 0.277700 0.479400 0.452600 0.438400 0.248600 0.217400 0.000000 0.197600 0.390200 0.268900 0.216700 0.140900 0.222500 0.150100 0.069100 0.154400 0.232200 0.150100 0.215400 0.452600 0.152700 0.129800 0.152700 0.143700 0.150100 0.150100 0.222600 0.327600 0.216900 0.464200 0.201600 0.065800 0.155300 0.216700 0.228100 0.152700 0.150100 0.150100 0.284900 0.218700 0.152700 0.150100 0.306300 0.322900 0.152700 0.145300 0.231800 0.150100 0.150100 0.348200 0.452600 0.455800
GazellaPrz 0.193300 0.339900 0.342800 0.526300 0.336300 0.294900 0.197600 0.000000 0.283300 0.523100 0.133900 0.214400 0.137200 0.227900 0.302300 0.234500 0.315000 0.227900 0.289800 0.342800 0.231600 0.352600 0.231600 0.218500 0.227900 0.227900 0.137100 0.392300 0.292500 0.350800 0.272800 0.133100 0.235900 0.133900 0.308900 0.231600 0.227900 0.227900 0.358800 0.488100 0.231600 0.227900 0.388600 0.408900 0.231600 0.220300 0.313500 0.227900 0.227900 0.258800 0.342800 0.345300
MountainNy 0.202800 0.254400 0.060500 0.568700 0.359000 0.313900 0.390200 0.283300 0.000000 0.369000 0.140000 0.420000 0.143800 0.240400 0.321000 0.247300 0.333200 0.240400 0.306900 0.060500 0.249700 0.376100 0.249700 0.436000 0.240400 0.240400 0.144100 0.116500 0.138900 0.063100 0.491000 0.306900 0.248900 0.140000 0.325400 0.249700 0.240400 0.240400 0.212300 0.532000 0.249700 0.240400 0.424700 0.451300 0.249700 0.438800 0.338300 0.240400 0.240400 0.126900 0.060500 0.061200
MuntiacusM 0.432400 0.753300 0.433300 0.629100 0.432600 0.373600 0.268900 0.523100 0.369000 0.000000 0.373100 0.481200 0.378500 0.308000 0.209000 0.313200 0.205100 0.308000 0.370200 0.433300 0.310900 0.265300 0.310900 0.374200 0.308000 0.308000 0.385300 0.314300 0.202800 0.440400 0.182900 0.370200 0.314200 0.373100 0.301100 0.310900 0.308000 0.308000 0.268800 0.276400 0.310900 0.308000 0.125100 0.282700 0.310900 0.506800 0.303800 0.308000 0.308000 0.330200 0.433300 0.436800
goat 0.064200 0.172000 0.202800 0.345000 0.168500 0.147800 0.216700 0.133900 0.140000 0.373100 0.000000 0.234200 0.000100 0.076200 0.151000 0.078400 0.156700 0.076200 0.144900 0.202800 0.078400 0.211000 0.078400 0.241900 0.076200 0.076200 0.000100 0.258700 0.144900 0.211600 0.298600 0.144900 0.079000 0.000000 0.154500 0.078400 0.076200 0.076200 0.217900 0.324200 0.078400 0.076200 0.233800 0.246800 0.078400 0.244100 0.158700 0.076200 0.076200 0.129500 0.202800 0.205700
AfricanBuf 0.302500 0.524600 0.493100 0.476700 0.273000 0.239200 0.140900 0.214400 0.420000 0.481200 0.234200 0.000000 0.240400 0.163300 0.242700 0.167800 0.254000 0.163300 0.236000 0.493100 0.167000 0.305400 0.167000 0.157200 0.163300 0.163300 0.240900 0.542900 0.235100 0.508100 0.218800 0.071100 0.168900 0.234200 0.249600 0.167000 0.163300 0.163300 0.308400 0.439500 0.167000 0.163300 0.336000 0.354600 0.167000 0.157500 0.255300 0.163300 0.163300 0.372800 0.493100 0.496900
Topi 0.065900 0.175800 0.208200 0.352600 0.173600 0.151200 0.222500 0.137200 0.143800 0.378500 0.000100 0.240400 0.000000 0.078400 0.153300 0.079600 0.161100 0.078400 0.149000 0.208200 0.080100 0.216700 0.080100 0.249400 0.078400 0.078400 0.000300 0.263500 0.149000 0.215600 0.306900 0.150100 0.079900 0.000100 0.158700 0.080100 0.078400 0.078400 0.222200 0.329800 0.080100 0.078400 0.238100 0.251700 0.080100 0.254100 0.161900 0.078400 0.078400 0.131900 0.208200 0.210300
CommonDuik 0.144900 0.307300 0.306900 0.273300 0.088800 0.077000 0.150100 0.227900 0.240400 0.308000 0.076200 0.163300 0.078400 0.000000 0.078900 0.000100 0.082000 0.000000 0.075600 0.306900 0.000100 0.145900 0.000100 0.169000 0.000000 0.000000 0.078600 0.364600 0.075600 0.323100 0.232200 0.075600 0.000300 0.076200 0.081100 0.000100 0.000000 0.000000 0.151200 0.254700 0.000100 0.000000 0.162500 0.172000 0.000100 0.170300 0.083500 0.000000 0.000000 0.218800 0.306900 0.311700
Suni 0.216700 0.404700 0.386000 0.358700 0.175200 0.151600 0.069100 0.302300 0.321000 0.209000 0.151000 0.242700 0.153300 0.078900 0.000000 0.080200 0.162500 0.078900 0.150100 0.386000 0.080600 0.067400 0.080600 0.252100 0.078900 0.078900 0.155100 0.267500 0.150100 0.401800 0.309900 0.151200 0.080300 0.151000 0.160000 0.080600 0.078900 0.078900 0.223900 0.152300 0.080600 0.078900 0.240400 0.254300 0.080600 0.256600 0.163300 0.078900 0.078900 0.287900 0.386000 0.389300
Springbuck 0.149000 0.313900 0.315600 0.279600 0.091700 0.078900 0.154400 0.234500 0.247300 0.313200 0.078400 0.167800 0.079600 0.000100 0.080200 0.000000 0.084500 0.000100 0.077900 0.315600 0.000300 0.150100 0.000300 0.174600 0.000100 0.000100 0.080400 0.371100 0.077900 0.329200 0.239100 0.078400 0.000400 0.078400 0.083500 0.000300 0.000100 0.000100 0.154400 0.259700 0.000300 0.000100 0.165800 0.175800 0.000300 0.177700 0.085400 0.000100 0.000100 0.222900 0.315600 0.318600
Okapi 0.224100 0.432700 0.399300 0.378300 0.183700 0.158600 0.232200 0.315000 0.333200 0.205100 0.156700 0.254000 0.161100 0.082000 0.162500 0.084500 0.000000 0.082000 0.155400 0.399300 0.084500 0.225900 0.084500 0.160800 0.082000 0.082000 0.162300 0.456600 0.155400 0.421200 0.138100 0.155400 0.085300 0.156700 0.080400 0.084500 0.082000 0.082000 0.233700 0.242700 0.084500 0.082000 0.072100 0.075700 0.084500 0.264500 0.082700 0.082000 0.082000 0.301000 0.399300 0.405800
Giraffe 0.144900 0.307300 0.306900 0.273300 0.088800 0.077000 0.150100 0.227900 0.240400 0.308000 0.076200 0.163300 0.078400 0.000000 0.078900 0.000100 0.082000 0.000000 0.075600 0.306900 0.000100 0.145900 0.000100 0.169000 0.000000 0.000000 0.078600 0.364600 0.075600 0.323100 0.232200 0.075600 0.000300 0.076200 0.081100 0.000100 0.000000 0.000000 0.151200 0.254700 0.000100 0.000000 0.162500 0.172000 0.000100 0.170300 0.083500 0.000000 0.000000 0.218800 0.306900 0.311700
TibetanAnt 0.063700 0.385400 0.201300 0.341800 0.166900 0.000100 0.215400 0.289800 0.306900 0.370200 0.144900 0.236000 0.149000 0.075600 0.150100 0.077900 0.155400 0.075600 0.000000 0.201300 0.077900 0.064000 0.077900 0.240200 0.075600 0.075600 0.149700 0.257200 0.143900 0.210400 0.296500 0.143900 0.078500 0.144900 0.153200 0.077900 0.075600 0.075600 0.216600 0.321600 0.077900 0.075600 0.232200 0.245000 0.077900 0.241900 0.157700 0.075600 0.075600 0.280200 0.201300 0.204300
Sitatunga 0.120800 0.324800 0.000000 0.628700 0.427300 0.204800 0.452600 0.342800 0.060500 0.433300 0.202800 0.493100 0.208200 0.306900 0.386000 0.315600 0.399300 0.306900 0.201300 0.000000 0.318700 0.264200 0.318700 0.501300 0.306900 0.306900 0.208700 0.053300 0.201300 0.000100 0.554100 0.369000 0.316800 0.202800 0.388800 0.318700 0.306900 0.306900 0.274900 0.594600 0.318700 0.306900 0.491000 0.520900 0.318700 0.504000 0.404100 0.306900 0.306900 0.186200 0.000000 0.000100
Oribi 0.149000 0.315600 0.318700 0.279900 0.091700 0.078900 0.152700 0.231600 0.249700 0.310900 0.078400 0.167000 0.080100 0.000100 0.080600 0.000300 0.084500 0.000100 0.077900 0.318700 0.000000 0.150100 0.000000 0.171900 0.000100 0.000100 0.080400 0.374900 0.078400 0.326300 0.236100 0.077900 0.000400 0.078400 0.083500 0.000000 0.000100 0.000100 0.152800 0.260300 0.000000 0.000100 0.165000 0.174800 0.000000 0.175900 0.084800 0.000100 0.000100 0.222300 0.318700 0.322200
BarbaryShe 0.124300 0.470500 0.264200 0.413900 0.241300 0.064800 0.129800 0.352600 0.376100 0.265300 0.211000 0.305400 0.216700 0.145900 0.067400 0.150100 0.225900 0.145900 0.064000 0.264200 0.150100 0.000000 0.150100 0.310500 0.145900 0.145900 0.218100 0.176700 0.209500 0.275600 0.362600 0.209500 0.150900 0.211000 0.222000 0.150100 0.145900 0.145900 0.281000 0.214000 0.150100 0.145900 0.301400 0.317500 0.150100 0.312800 0.228100 0.145900 0.145900 0.341400 0.264200 0.267900
Daviddeer 0.149000 0.315600 0.318700 0.279900 0.091700 0.078900 0.152700 0.231600 0.249700 0.310900 0.078400 0.167000 0.080100 0.000100 0.080600 0.000300 0.084500 0.000100 0.077900 0.318700 0.000000 0.150100 0.000000 0.171900 0.000100 0.000100 0.080400 0.374900 0.078400 0.326300 0.236100 0.077900 0.000400 0.078400 0.083500 0.000000 0.000100 0.000100 0.152800 0.260300 0.000000 0.000100 0.165000 0.174800 0.000000 0.175900 0.084800 0.000100 0.000100 0.222300 0.318700 0.322200
Reindeer 0.307400 0.550700 0.501300 0.501000 0.284400 0.243900 0.143700 0.218500 0.436000 0.374200 0.241900 0.157200 0.249400 0.169000 0.252100 0.174600 0.160800 0.169000 0.240200 0.501300 0.171900 0.310500 0.171900 0.000000 0.169000 0.169000 0.249400 0.552000 0.242700 0.514600 0.137900 0.072900 0.176000 0.241900 0.165400 0.171900 0.169000 0.169000 0.316200 0.242900 0.171900 0.169000 0.236600 0.249400 0.171900 0.162300 0.168200 0.169000 0.169000 0.385000 0.501300 0.505200
Ibex 0.144900 0.307300 0.306900 0.273300 0.088800 0.077000 0.150100 0.227900 0.240400 0.308000 0.076200 0.163300 0.078400 0.000000 0.078900 0.000100 0.082000 0.000000 0.075600 0.306900 0.000100 0.145900 0.000100 0.169000 0.000000 0.000000 0.078600 0.364600 0.075600 0.323100 0.232200 0.075600 0.000300 0.076200 0.081100 0.000100 0.000000 0.000000 0.151200 0.254700 0.000100 0.000000 0.162500 0.172000 0.000100 0.170300 0.083500 0.000000 0.000000 0.218800 0.306900 0.311700
GyrantGaze 0.144900 0.307300 0.306900 0.273300 0.088800 0.077000 0.150100 0.227900 0.240400 0.308000 0.076200 0.163300 0.078400 0.000000 0.078900 0.000100 0.082000 0.000000 0.075600 0.306900 0.000100 0.145900 0.000100 0.169000 0.000000 0.000000 0.078600 0.364600 0.075600 0.323100 0.232200 0.075600 0.000300 0.076200 0.081100 0.000100 0.000000 0.000000 0.151200 0.254700 0.000100 0.000000 0.162500 0.172000 0.000100 0.170300 0.083500 0.000000 0.000000 0.218800 0.306900 0.311700
Hartebeest 0.066000 0.176300 0.208700 0.357700 0.190800 0.151300 0.222600 0.137100 0.144100 0.385300 0.000100 0.240900 0.000300 0.078600 0.155100 0.080400 0.162300 0.078600 0.149700 0.208700 0.080400 0.218100 0.080400 0.249400 0.078600 0.078600 0.000000 0.265900 0.149700 0.216800 0.307500 0.149700 0.080900 0.000100 0.159900 0.080400 0.078600 0.078600 0.223900 0.336700 0.080400 0.078600 0.240800 0.254900 0.080400 0.254700 0.163200 0.078600 0.078600 0.132500 0.208700 0.210600
Bongo 0.174500 0.385200 0.053300 0.675000 0.487300 0.260100 0.327600 0.392300 0.116500 0.314300 0.258700 0.542900 0.263500 0.364600 0.267500 0.371100 0.456600 0.364600 0.257200 0.053300 0.374900 0.176700 0.374900 0.552000 0.364600 0.364600 0.265900 0.000000 0.257200 0.055100 0.603400 0.423000 0.371600 0.258700 0.443700 0.374900 0.364600 0.364600 0.327900 0.429800 0.374900 0.364600 0.543100 0.574500 0.374900 0.561500 0.456300 0.364600 0.364600 0.238000 0.053300 0.053600
Gerenuk 0.208100 0.390700 0.201300 0.348500 0.166900 0.146400 0.216900 0.292500 0.138900 0.202800 0.144900 0.235100 0.149000 0.075600 0.150100 0.077900 0.155400 0.075600 0.143900 0.201300 0.078400 0.209500 0.078400 0.242700 0.075600 0.075600 0.149700 0.257200 0.000000 0.212300 0.299300 0.143900 0.078600 0.144900 0.153200 0.078400 0.075600 0.075600 0.066500 0.325800 0.078400 0.075600 0.234300 0.247500 0.078400 0.241900 0.159100 0.075600 0.075600 0.129800 0.201300 0.203500
CommonElan 0.125400 0.337800 0.000100 0.652300 0.454600 0.213000 0.464200 0.350800 0.063100 0.440400 0.211600 0.508100 0.215600 0.323100 0.401800 0.329200 0.421200 0.323100 0.210400 0.000100 0.326300 0.275600 0.326300 0.514600 0.323100 0.323100 0.216800 0.055100 0.212300 0.000000 0.568900 0.387900 0.330200 0.211600 0.410000 0.326300 0.323100 0.323100 0.281700 0.614700 0.326300 0.323100 0.502900 0.533900 0.326300 0.536000 0.413600 0.323100 0.323100 0.191400 0.000100 0.000300
MuntiacusR 0.359100 0.613400 0.554100 0.552200 0.345000 0.299800 0.201600 0.272800 0.491000 0.182900 0.298600 0.218800 0.306900 0.232200 0.309900 0.239100 0.138100 0.232200 0.296500 0.554100 0.236100 0.362600 0.236100 0.137900 0.232200 0.232200 0.307500 0.603400 0.299300 0.568900 0.000000 0.135100 0.240300 0.298600 0.227200 0.236100 0.232200 0.232200 0.369200 0.382000 0.236100 0.232200 0.063500 0.214200 0.236100 0.224600 0.230900 0.232200 0.232200 0.433700 0.554100 0.557700
HarveysDui 0.208100 0.382500 0.369000 0.353100 0.166900 0.146400 0.065800 0.133100 0.306900 0.370200 0.144900 0.071100 0.150100 0.075600 0.151200 0.078400 0.155400 0.075600 0.143900 0.369000 0.077900 0.209500 0.077900 0.072900 0.075600 0.075600 0.149700 0.423000 0.143900 0.387900 0.135100 0.000000 0.079200 0.144900 0.153200 0.077900 0.075600 0.075600 0.216600 0.321600 0.077900 0.075600 0.232200 0.245000 0.077900 0.072800 0.157700 0.075600 0.075600 0.280200 0.369000 0.373800
Pronghorn 0.149900 0.316600 0.316800 0.279600 0.092500 0.079300 0.155300 0.235900 0.248900 0.314200 0.079000 0.168900 0.079900 0.000300 0.080300 0.000400 0.085300 0.000300 0.078500 0.316800 0.000400 0.150900 0.000400 0.176000 0.000300 0.000300 0.080900 0.371600 0.078600 0.330200 0.240300 0.079200 0.000000 0.079000 0.084100 0.000400 0.000300 0.000300 0.157300 0.260000 0.000400 0.000300 0.166700 0.176900 0.000400 0.179200 0.085900 0.000300 0.000300 0.224500 0.316800 0.319400
BlueWildeb 0.064200 0.172000 0.202800 0.345000 0.168500 0.147800 0.216700 0.133900 0.140000 0.373100 0.000000 0.234200 0.000100 0.076200 0.151000 0.078400 0.156700 0.076200 0.144900 0.202800 0.078400 0.211000 0.078400 0.241900 0.076200 0.076200 0.000100 0.258700 0.144900 0.211600 0.298600 0.144900 0.079000 0.000000 0.154500 0.078400 0.076200 0.076200 0.217900 0.324200 0.078400 0.076200 0.233800 0.246800 0.078400 0.244100 0.158700 0.076200 0.076200 0.129500 0.202800 0.205700
Gemsbok 0.220300 0.422600 0.388800 0.370900 0.181400 0.156300 0.228100 0.308900 0.325400 0.301100 0.154500 0.249600 0.158700 0.081100 0.160000 0.083500 0.080400 0.081100 0.153200 0.388800 0.083500 0.222000 0.083500 0.165400 0.081100 0.081100 0.159900 0.443700 0.153200 0.410000 0.227200 0.153200 0.084100 0.154500 0.000000 0.083500 0.081100 0.081100 0.229800 0.249900 0.083500 0.081100 0.159000 0.168100 0.083500 0.260200 0.000100 0.081100 0.081100 0.294700 0.388800 0.395400
Yak 0.149000 0.315600 0.318700 0.279900 0.091700 0.078900 0.152700 0.231600 0.249700 0.310900 0.078400 0.167000 0.080100 0.000100 0.080600 0.000300 0.084500 0.000100 0.077900 0.318700 0.000000 0.150100 0.000000 0.171900 0.000100 0.000100 0.080400 0.374900 0.078400 0.326300 0.236100 0.077900 0.000400 0.078400 0.083500 0.000000 0.000100 0.000100 0.152800 0.260300 0.000000 0.000100 0.165000 0.174800 0.000000 0.175900 0.084800 0.000100 0.000100 0.222300 0.318700 0.322200
BlueSheep 0.144900 0.307300 0.306900 0.273300 0.088800 0.077000 0.150100 0.227900 0.240400 0.308000 0.076200 0.163300 0.078400 0.000000 0.078900 0.000100 0.082000 0.000000 0.075600 0.306900 0.000100 0.145900 0.000100 0.169000 0.000000 0.000000 0.078600 0.364600 0.075600 0.323100 0.232200 0.075600 0.000300 0.076200 0.081100 0.000100 0.000000 0.000000 0.151200 0.254700 0.000100 0.000000 0.162500 0.172000 0.000100 0.170300 0.083500 0.000000 0.000000 0.218800 0.306900 0.311700
BohorReedb 0.144900 0.307300 0.306900 0.273300 0.088800 0.077000 0.150100 0.227900 0.240400 0.308000 0.076200 0.163300 0.078400 0.000000 0.078900 0.000100 0.082000 0.000000 0.075600 0.306900 0.000100 0.145900 0.000100 0.169000 0.000000 0.000000 0.078600 0.364600 0.075600 0.323100 0.232200 0.075600 0.000300 0.076200 0.081100 0.000100 0.000000 0.000000 0.151200 0.254700 0.000100 0.000000 0.162500 0.172000 0.000100 0.170300 0.083500 0.000000 0.000000 0.218800 0.306900 0.311700
KirksDik 0.278900 0.493600 0.274900 0.433400 0.251000 0.219200 0.284900 0.358800 0.212300 0.268800 0.217900 0.308400 0.222200 0.151200 0.223900 0.154400 0.233700 0.151200 0.216600 0.274900 0.152800 0.281000 0.152800 0.316200 0.151200 0.151200 0.223900 0.327900 0.066500 0.281700 0.369200 0.216600 0.157300 0.217900 0.229800 0.152800 0.151200 0.151200 0.000000 0.399900 0.152800 0.151200 0.306400 0.323000 0.152800 0.324800 0.231900 0.151200 0.151200 0.195900 0.274900 0.278000
RoeDeer 0.386000 0.698400 0.594600 0.589800 0.387000 0.327300 0.218700 0.488100 0.532000 0.276400 0.324200 0.439500 0.329800 0.254700 0.152300 0.259700 0.242700 0.254700 0.321600 0.594600 0.260300 0.214000 0.260300 0.242900 0.254700 0.254700 0.336700 0.429800 0.325800 0.614700 0.382000 0.321600 0.260000 0.324200 0.249900 0.260300 0.254700 0.254700 0.399900 0.000000 0.260300 0.254700 0.319500 0.336500 0.260300 0.463100 0.255200 0.254700 0.254700 0.461300 0.594600 0.600500
WhiteLippe 0.149000 0.315600 0.318700 0.279900 0.091700 0.078900 0.152700 0.231600 0.249700 0.310900 0.078400 0.167000 0.080100 0.000100 0.080600 0.000300 0.084500 0.000100 0.077900 0.318700 0.000000 0.150100 0.000000 0.171900 0.000100 0.000100 0.080400 0.374900 0.078400 0.326300 0.236100 0.077900 0.000400 0.078400 0.083500 0.000000 0.000100 0.000100 0.152800 0.260300 0.000000 0.000100 0.165000 0.174800 0.000000 0.175900 0.084800 0.000100 0.000100 0.222300 0.318700 0.322200
ThomsonGaz 0.144900 0.307300 0.306900 0.273300 0.088800 0.077000 0.150100 0.227900 0.240400 0.308000 0.076200 0.163300 0.078400 0.000000 0.078900 0.000100 0.082000 0.000000 0.075600 0.306900 0.000100 0.145900 0.000100 0.169000 0.000000 0.000000 0.078600 0.364600 0.075600 0.323100 0.232200 0.075600 0.000300 0.076200 0.081100 0.000100 0.000000 0.000000 0.151200 0.254700 0.000100 0.000000 0.162500 0.172000 0.000100 0.170300 0.083500 0.000000 0.000000 0.218800 0.306900 0.311700
MuntiacusC 0.298600 0.543400 0.491000 0.468800 0.273200 0.235000 0.306300 0.388600 0.424700 0.125100 0.233800 0.336000 0.238100 0.162500 0.240400 0.165800 0.072100 0.162500 0.232200 0.491000 0.165000 0.301400 0.165000 0.236600 0.162500 0.162500 0.240800 0.543100 0.234300 0.502900 0.063500 0.232200 0.166700 0.233800 0.159000 0.165000 0.162500 0.162500 0.306400 0.319500 0.165000 0.162500 0.000000 0.148500 0.165000 0.352000 0.161400 0.162500 0.162500 0.373000 0.491000 0.495900
WhiteTaile 0.314400 0.583100 0.520900 0.497000 0.291800 0.248900 0.322900 0.408900 0.451300 0.282700 0.246800 0.354600 0.251700 0.172000 0.254300 0.175800 0.075700 0.172000 0.245000 0.520900 0.174800 0.317500 0.174800 0.249400 0.172000 0.172000 0.254900 0.574500 0.247500 0.533900 0.214200 0.245000 0.176900 0.246800 0.168100 0.174800 0.172000 0.172000 0.323000 0.336500 0.174800 0.172000 0.148500 0.000000 0.174800 0.375100 0.170800 0.172000 0.172000 0.393700 0.520900 0.523300
Cattle 0.149000 0.315600 0.318700 0.279900 0.091700 0.078900 0.152700 0.231600 0.249700 0.310900 0.078400 0.167000 0.080100 0.000100 0.080600 0.000300 0.084500 0.000100 0.077900 0.318700 0.000000 0.150100 0.000000 0.171900 0.000100 0.000100 0.080400 0.374900 0.078400 0.326300 0.236100 0.077900 0.000400 0.078400 0.083500 0.000000 0.000100 0.000100 0.152800 0.260300 0.000000 0.000100 0.165000 0.174800 0.000000 0.175900 0.084800 0.000100 0.000100 0.222300 0.318700 0.322200
RoyalAntel 0.310000 0.576400 0.504000 0.519000 0.168300 0.246400 0.145300 0.220300 0.438800 0.506800 0.244100 0.157500 0.254100 0.170300 0.256600 0.177700 0.264500 0.170300 0.241900 0.504000 0.175900 0.312800 0.175900 0.162300 0.170300 0.170300 0.254700 0.561500 0.241900 0.536000 0.224600 0.072800 0.179200 0.244100 0.260200 0.175900 0.170300 0.170300 0.324800 0.463100 0.175900 0.170300 0.352000 0.375100 0.175900 0.000000 0.268400 0.170300 0.170300 0.392100 0.504000 0.512900
Steenbok 0.226200 0.433400 0.404100 0.379600 0.187200 0.159900 0.231800 0.313500 0.338300 0.303800 0.158700 0.255300 0.161900 0.083500 0.163300 0.085400 0.082700 0.083500 0.157700 0.404100 0.084800 0.228100 0.084800 0.168200 0.083500 0.083500 0.163200 0.456300 0.159100 0.413600 0.230900 0.157700 0.085900 0.158700 0.000100 0.084800 0.083500 0.083500 0.231900 0.255200 0.084800 0.083500 0.161400 0.170800 0.084800 0.268400 0.000000 0.083500 0.083500 0.299400 0.404100 0.408800
Impala 0.144900 0.307300 0.306900 0.273300 0.088800 0.077000 0.150100 0.227900 0.240400 0.308000 0.076200 0.163300 0.078400 0.000000 0.078900 0.000100 0.082000 0.000000 0.075600 0.306900 0.000100 0.145900 0.000100 0.169000 0.000000 0.000000 0.078600 0.364600 0.075600 0.323100 0.232200 0.075600 0.000300 0.076200 0.081100 0.000100 0.000000 0.000000 0.151200 0.254700 0.000100 0.000000 0.162500 0.172000 0.000100 0.170300 0.083500 0.000000 0.000000 0.218800 0.306900 0.311700
Klipspring 0.144900 0.307300 0.306900 0.273300 0.088800 0.077000 0.150100 0.227900 0.240400 0.308000 0.076200 0.163300 0.078400 0.000000 0.078900 0.000100 0.082000 0.000000 0.075600 0.306900 0.000100 0.145900 0.000100 0.169000 0.000000 0.000000 0.078600 0.364600 0.075600 0.323100 0.232200 0.075600 0.000300 0.076200 0.081100 0.000100 0.000000 0.000000 0.151200 0.254700 0.000100 0.000000 0.162500 0.172000 0.000100 0.170300 0.083500 0.000000 0.000000 0.218800 0.306900 0.311700
ForestMusk 0.188200 0.329100 0.186200 0.490000 0.321000 0.283500 0.348200 0.258800 0.126900 0.330200 0.129500 0.372800 0.131900 0.218800 0.287900 0.222900 0.301000 0.218800 0.280200 0.186200 0.222300 0.341400 0.222300 0.385000 0.218800 0.218800 0.132500 0.238000 0.129800 0.191400 0.433700 0.280200 0.224500 0.129500 0.294700 0.222300 0.218800 0.218800 0.195900 0.461300 0.222300 0.218800 0.373000 0.393700 0.222300 0.392100 0.299400 0.218800 0.218800 0.000000 0.186200 0.188200
Bushbuck 0.120800 0.324800 0.000000 0.628700 0.427300 0.204800 0.452600 0.342800 0.060500 0.433300 0.202800 0.493100 0.208200 0.306900 0.386000 0.315600 0.399300 0.306900 0.201300 0.000000 0.318700 0.264200 0.318700 0.501300 0.306900 0.306900 0.208700 0.053300 0.201300 0.000100 0.554100 0.369000 0.316800 0.202800 0.388800 0.318700 0.306900 0.306900 0.274900 0.594600 0.318700 0.306900 0.491000 0.520900 0.318700 0.504000 0.404100 0.306900 0.306900 0.186200 0.000000 0.000100
GreaterKud 0.122500 0.326600 0.000100 0.632500 0.435600 0.206700 0.455800 0.345300 0.061200 0.436800 0.205700 0.496900 0.210300 0.311700 0.389300 0.318600 0.405800 0.311700 0.204300 0.000100 0.322200 0.267900 0.322200 0.505200 0.311700 0.311700 0.210600 0.053600 0.203500 0.000300 0.557700 0.373800 0.319400 0.205700 0.395400 0.322200 0.311700 0.311700 0.278000 0.600500 0.322200 0.311700 0.495900 0.523300 0.322200 0.512900 0.408800 0.311700 0.311700 0.188200 0.000100 0.000000
