1
52 1
Argali 0.000000 0.181000 0.035700 0.104500 0.026500 0.000000 0.017700 0.036400 0.035700 0.064400 0.000000 0.054400 0.036100 0.017700 0.055000 0.055200 0.095300 0.094100 0.017500 0.044900 0.045200 0.000000 0.063600 0.064300 0.008400 0.074100 0.035700 0.035700 0.065200 0.026700 0.064400 0.017700 0.082900 0.036000 0.008400 0.073100 0.000000 0.035700 0.055100 0.064200 0.054500 0.064200 0.064400 0.054500 0.073100 0.054700 0.036100 0.044600 0.017700 0.102200 0.044500 0.054000
LesserMous 0.181000 0.000000 0.161200 0.110300 0.171300 0.181000 0.161200 0.196700 0.161200 0.152300 0.181000 0.184900 0.173900 0.161200 0.164500 0.175700 0.201300 0.187500 0.181200 0.172100 0.207200 0.181000 0.150000 0.152200 0.191000 0.175400 0.183300 0.161200 0.188800 0.150900 0.152300 0.161200 0.173300 0.163300 0.171000 0.207400 0.181000 0.161100 0.197500 0.151900 0.140100 0.185400 0.152300 0.140100 0.207400 0.151200 0.173400 0.171200 0.171700 0.219300 0.170800 0.182800
LesserKudu 0.035700 0.161200 0.000000 0.085700 0.026800 0.035700 0.017900 0.055400 0.000000 0.046100 0.035700 0.017100 0.055300 0.017900 0.036700 0.036900 0.076400 0.075400 0.035700 0.008900 0.064600 0.035700 0.045500 0.046000 0.044600 0.055700 0.054600 0.000000 0.046700 0.008900 0.046100 0.017900 0.064600 0.036500 0.026800 0.036200 0.035700 0.017900 0.075000 0.045900 0.036400 0.064900 0.046100 0.036400 0.036200 0.036500 0.036500 0.045100 0.036200 0.103500 0.008400 0.017800
KillerWhal 0.104500 0.110300 0.085700 0.000000 0.095200 0.104500 0.085700 0.128200 0.085700 0.076800 0.104500 0.106600 0.128000 0.085700 0.076900 0.108300 0.131000 0.108100 0.104600 0.095700 0.138100 0.104500 0.075700 0.076700 0.114000 0.129000 0.126300 0.085700 0.108800 0.076100 0.076800 0.085700 0.096300 0.107100 0.095000 0.127100 0.104500 0.085600 0.150300 0.076500 0.066200 0.138700 0.076800 0.066200 0.127100 0.107100 0.107000 0.095200 0.106000 0.137800 0.095000 0.105500
DefassaWat 0.026500 0.171300 0.026800 0.095200 0.000000 0.026500 0.008500 0.045700 0.026800 0.055300 0.026500 0.045400 0.045600 0.008500 0.045900 0.046100 0.085900 0.084800 0.026500 0.035900 0.054800 0.026500 0.054600 0.055200 0.035300 0.065000 0.045100 0.026800 0.056000 0.017900 0.055300 0.008800 0.073800 0.027100 0.017700 0.064100 0.026500 0.008800 0.064900 0.055100 0.045500 0.074200 0.055300 0.045500 0.064100 0.045600 0.045600 0.035700 0.026900 0.093100 0.035700 0.045000
Sheep 0.000000 0.181000 0.035700 0.104500 0.026500 0.000000 0.017700 0.036200 0.035700 0.064400 0.000000 0.054400 0.036100 0.017000 0.055000 0.055200 0.095300 0.094100 0.017500 0.044900 0.045200 0.000000 0.063600 0.064300 0.008300 0.074100 0.035700 0.035700 0.065200 0.025500 0.064400 0.017700 0.082600 0.036000 0.008800 0.073100 0.000000 0.035700 0.055100 0.064200 0.054500 0.064200 0.064400 0.054500 0.073100 0.054700 0.036100 0.044600 0.017000 0.102200 0.044500 0.054000
MaxwellsDu 0.017700 0.161200 0.017900 0.085700 0.008500 0.017700 0.000000 0.036500 0.017400 0.046100 0.017700 0.036300 0.036500 0.000000 0.036700 0.036900 0.076400 0.075400 0.016900 0.026900 0.045700 0.017700 0.045500 0.046000 0.026500 0.055700 0.036000 0.017900 0.046700 0.008900 0.046100 0.000000 0.064600 0.018000 0.008500 0.054900 0.017700 0.017900 0.055600 0.045900 0.036400 0.064900 0.046100 0.036400 0.054900 0.036500 0.036500 0.026800 0.017900 0.083700 0.026700 0.036000
GazellaPrz 0.036400 0.196700 0.055400 0.128200 0.045700 0.036200 0.036500 0.000000 0.055400 0.085800 0.036200 0.075100 0.018300 0.036500 0.075900 0.037300 0.097600 0.117000 0.036200 0.064900 0.027500 0.036200 0.084600 0.065800 0.045200 0.056300 0.036500 0.055400 0.047200 0.046100 0.085800 0.036500 0.105000 0.036800 0.027100 0.094600 0.036200 0.055300 0.018400 0.085500 0.075200 0.046400 0.085800 0.075200 0.094600 0.055900 0.018300 0.064500 0.018100 0.104500 0.064400 0.074400
MountainNy 0.035700 0.161200 0.000000 0.085700 0.026800 0.035700 0.017400 0.055400 0.000000 0.046100 0.035700 0.018000 0.055300 0.017900 0.036700 0.036900 0.076400 0.075400 0.035700 0.008900 0.064600 0.035700 0.045500 0.046000 0.044600 0.055700 0.054600 0.000000 0.046700 0.008600 0.046100 0.017900 0.064600 0.036500 0.026800 0.036200 0.035700 0.017300 0.075000 0.045900 0.036400 0.064900 0.046100 0.036400 0.036200 0.036500 0.036500 0.045100 0.036200 0.103500 0.008500 0.017800
MuntiacusM 0.064400 0.152300 0.046100 0.076800 0.055300 0.064400 0.046100 0.085800 0.046100 0.000000 0.064400 0.065600 0.085700 0.046100 0.047000 0.066700 0.087700 0.086600 0.064400 0.055600 0.095300 0.064400 0.018200 0.018400 0.073600 0.066600 0.084600 0.046100 0.077200 0.036800 0.000000 0.046100 0.055900 0.065900 0.055200 0.085100 0.064400 0.046100 0.106500 0.018400 0.009100 0.075900 0.000000 0.009100 0.085100 0.065900 0.065900 0.055300 0.065200 0.095200 0.036500 0.065000
goat 0.000000 0.181000 0.035700 0.104500 0.026500 0.000000 0.017700 0.036200 0.035700 0.064400 0.000000 0.054400 0.036100 0.017700 0.055000 0.055200 0.095300 0.094100 0.017500 0.044900 0.045200 0.000000 0.063600 0.064300 0.008700 0.074100 0.035700 0.035700 0.065200 0.026700 0.064400 0.017700 0.082900 0.036000 0.008400 0.073100 0.000000 0.035700 0.055100 0.064200 0.054500 0.064200 0.064400 0.054500 0.073100 0.054700 0.036100 0.044600 0.017700 0.102200 0.044500 0.054000
AfricanBuf 0.054400 0.184900 0.017100 0.106600 0.045400 0.054400 0.036300 0.075100 0.018000 0.065600 0.054400 0.000000 0.075100 0.036300 0.056000 0.056200 0.097200 0.095900 0.054500 0.027100 0.074600 0.054400 0.064700 0.065500 0.063500 0.075600 0.074100 0.018000 0.066500 0.027200 0.065600 0.035000 0.084500 0.055600 0.045400 0.036200 0.054400 0.036300 0.095400 0.055300 0.055500 0.084900 0.065600 0.055500 0.036200 0.055700 0.050200 0.064100 0.055200 0.124500 0.026900 0.036200
Topi 0.036100 0.173900 0.055300 0.128000 0.045600 0.036100 0.036500 0.018300 0.055300 0.085700 0.036100 0.075100 0.000000 0.036500 0.075800 0.056400 0.097500 0.116900 0.036200 0.064900 0.046200 0.036100 0.084500 0.065700 0.045100 0.075800 0.018100 0.055300 0.066700 0.046100 0.085700 0.036500 0.104900 0.018200 0.027100 0.094500 0.036100 0.055300 0.037100 0.085400 0.075100 0.065700 0.085700 0.075100 0.094500 0.055900 0.036900 0.064400 0.017200 0.104400 0.064400 0.074300
CommonDuik 0.017700 0.161200 0.017900 0.085700 0.008500 0.017000 0.000000 0.036500 0.017900 0.046100 0.017700 0.036300 0.036500 0.000000 0.036700 0.036900 0.076400 0.075400 0.017700 0.026900 0.045700 0.017700 0.045500 0.046000 0.026500 0.055700 0.036000 0.017900 0.046700 0.008900 0.046100 0.000000 0.064600 0.018000 0.008500 0.054900 0.017700 0.017900 0.055600 0.045900 0.036400 0.064900 0.046100 0.036400 0.054900 0.036500 0.036500 0.026800 0.017200 0.083700 0.026700 0.036000
Suni 0.055000 0.164500 0.036700 0.076900 0.045900 0.055000 0.036700 0.075900 0.036700 0.047000 0.055000 0.056000 0.075800 0.036700 0.000000 0.056300 0.077900 0.076800 0.055000 0.046100 0.085400 0.055000 0.046300 0.046900 0.064100 0.076400 0.074800 0.036700 0.047400 0.027500 0.047000 0.036700 0.065800 0.056200 0.045800 0.075200 0.055000 0.036700 0.096400 0.046800 0.037000 0.085800 0.047000 0.037000 0.075200 0.056300 0.056200 0.045900 0.055700 0.105400 0.045800 0.055500
Springbuck 0.055200 0.175700 0.036900 0.108300 0.046100 0.055200 0.036900 0.037300 0.036900 0.066700 0.055200 0.056200 0.056400 0.036900 0.056300 0.000000 0.078000 0.097400 0.055200 0.046300 0.046600 0.055200 0.065700 0.066600 0.064300 0.018600 0.075100 0.036900 0.009300 0.027600 0.066700 0.036900 0.085700 0.056500 0.046000 0.075600 0.055200 0.036800 0.056800 0.066400 0.056300 0.027800 0.066700 0.056300 0.075600 0.037200 0.018400 0.065100 0.036900 0.106300 0.046000 0.055700
Okapi 0.095300 0.201300 0.076400 0.131000 0.085900 0.095300 0.076400 0.097600 0.076400 0.087700 0.095300 0.097200 0.097500 0.076400 0.077900 0.078000 0.000000 0.018500 0.095500 0.086400 0.107400 0.095300 0.086400 0.087500 0.104800 0.098300 0.116900 0.076400 0.089000 0.066800 0.087700 0.076400 0.107700 0.097600 0.085800 0.117600 0.095300 0.076300 0.119100 0.087400 0.076800 0.107900 0.087700 0.076800 0.117600 0.077100 0.077100 0.085900 0.076400 0.149800 0.085700 0.096200
Giraffe 0.094100 0.187500 0.075400 0.108100 0.084800 0.094100 0.075400 0.117000 0.075400 0.086600 0.094100 0.095900 0.116900 0.075400 0.076800 0.097400 0.018500 0.000000 0.094200 0.085300 0.126900 0.094100 0.085300 0.086400 0.103500 0.117800 0.115300 0.075400 0.108600 0.065900 0.086600 0.075400 0.106200 0.096300 0.084700 0.116100 0.094100 0.075300 0.138800 0.086300 0.075800 0.127400 0.086600 0.075800 0.116100 0.096300 0.096200 0.084800 0.095400 0.147900 0.084600 0.095000
TibetanAnt 0.017500 0.181200 0.035700 0.104600 0.026500 0.017500 0.016900 0.036200 0.035700 0.064400 0.017500 0.054500 0.036200 0.017700 0.055000 0.055200 0.095500 0.094200 0.000000 0.044900 0.045300 0.017500 0.063600 0.064300 0.026300 0.074200 0.035700 0.035700 0.065300 0.026800 0.064400 0.017700 0.083100 0.036100 0.008800 0.073200 0.017500 0.035700 0.055100 0.064200 0.054500 0.063900 0.064400 0.054500 0.073200 0.054700 0.036100 0.044600 0.017800 0.102200 0.044600 0.054000
Sitatunga 0.044900 0.172100 0.008900 0.095700 0.035900 0.044900 0.026900 0.064900 0.008900 0.055600 0.044900 0.027100 0.064900 0.026900 0.046100 0.046300 0.086400 0.085300 0.044900 0.000000 0.074200 0.044900 0.054800 0.055500 0.053800 0.065300 0.064000 0.008900 0.056300 0.017900 0.055600 0.026900 0.074200 0.045800 0.035900 0.045500 0.044900 0.026900 0.084800 0.055400 0.045700 0.074500 0.055600 0.045700 0.045500 0.045800 0.045800 0.054300 0.045400 0.113400 0.016900 0.026900
Oribi 0.045200 0.207200 0.064600 0.138100 0.054800 0.045200 0.045700 0.027500 0.064600 0.095300 0.045200 0.074600 0.046200 0.045700 0.085400 0.046600 0.107400 0.126900 0.045300 0.074200 0.000000 0.045200 0.094000 0.095200 0.054200 0.065700 0.064600 0.064600 0.056600 0.055300 0.095300 0.045700 0.114600 0.065300 0.036200 0.093900 0.045200 0.064600 0.046500 0.084800 0.084600 0.055700 0.095300 0.084600 0.093900 0.065200 0.027400 0.073700 0.027200 0.134800 0.073700 0.083800
BarbaryShe 0.000000 0.181000 0.035700 0.104500 0.026500 0.000000 0.017700 0.036200 0.035700 0.064400 0.000000 0.054400 0.036100 0.017700 0.055000 0.055200 0.095300 0.094100 0.017500 0.044900 0.045200 0.000000 0.063600 0.064300 0.008700 0.074100 0.035700 0.035700 0.065200 0.026700 0.064400 0.017700 0.082900 0.036000 0.008800 0.073100 0.000000 0.035700 0.055100 0.064200 0.054500 0.064200 0.064400 0.054500 0.073100 0.054700 0.036100 0.044600 0.017700 0.102200 0.044500 0.054000
Daviddeer 0.063600 0.150000 0.045500 0.075700 0.054600 0.063600 0.045500 0.084600 0.045500 0.018200 0.063600 0.064700 0.084500 0.045500 0.046300 0.065700 0.086400 0.085300 0.063600 0.054800 0.094000 0.063600 0.000000 0.018100 0.072600 0.085100 0.083400 0.045500 0.076100 0.036400 0.018200 0.045500 0.055200 0.065000 0.054500 0.083900 0.063600 0.045400 0.105000 0.018000 0.008900 0.094400 0.018200 0.008900 0.083900 0.065000 0.065000 0.054500 0.064400 0.093800 0.036000 0.064100
Reindeer 0.064300 0.152200 0.046000 0.076700 0.055200 0.064300 0.046000 0.065800 0.046000 0.018400 0.064300 0.065500 0.065700 0.046000 0.046900 0.066600 0.087500 0.086400 0.064300 0.055500 0.095200 0.064300 0.018100 0.000000 0.073500 0.086300 0.064800 0.046000 0.077100 0.036800 0.018400 0.046000 0.055800 0.046400 0.055100 0.085000 0.064300 0.046000 0.085900 0.018300 0.009000 0.095600 0.018400 0.009000 0.085000 0.065800 0.065700 0.055200 0.065100 0.075100 0.036400 0.064900
Ibex 0.008400 0.191000 0.044600 0.114000 0.035300 0.008300 0.026500 0.045200 0.044600 0.073600 0.008700 0.063500 0.045100 0.026500 0.064100 0.064300 0.104800 0.103500 0.026300 0.053800 0.054200 0.008700 0.072600 0.073500 0.000000 0.083400 0.044600 0.044600 0.074500 0.035600 0.073600 0.026500 0.092100 0.045000 0.017500 0.082200 0.008700 0.044600 0.058100 0.073300 0.063500 0.073400 0.073600 0.063500 0.082200 0.063700 0.045100 0.053400 0.026600 0.111500 0.053400 0.062900
GyrantGaze 0.074100 0.175400 0.055700 0.129000 0.065000 0.074100 0.055700 0.056300 0.055700 0.066600 0.074100 0.075600 0.075800 0.055700 0.076400 0.018600 0.098300 0.117800 0.074200 0.065300 0.065700 0.074100 0.085100 0.086300 0.083400 0.000000 0.094600 0.055700 0.028200 0.046400 0.066600 0.055700 0.105600 0.075900 0.064900 0.095200 0.074100 0.055700 0.076300 0.086100 0.075700 0.008800 0.066600 0.075700 0.095200 0.056200 0.037100 0.084300 0.055700 0.126200 0.064800 0.074800
Hartebeest 0.035700 0.183300 0.054600 0.126300 0.045100 0.035700 0.036000 0.036500 0.054600 0.084600 0.035700 0.074100 0.018100 0.036000 0.074800 0.075100 0.116900 0.115300 0.035700 0.064000 0.064600 0.035700 0.083400 0.064800 0.044600 0.094600 0.000000 0.050100 0.085600 0.045500 0.084600 0.036000 0.103500 0.018000 0.026800 0.093300 0.035700 0.054600 0.055500 0.084300 0.074100 0.084300 0.084600 0.074100 0.093300 0.074400 0.055200 0.063600 0.036200 0.083500 0.063600 0.073400
Bongo 0.035700 0.161200 0.000000 0.085700 0.026800 0.035700 0.017900 0.055400 0.000000 0.046100 0.035700 0.018000 0.055300 0.017900 0.036700 0.036900 0.076400 0.075400 0.035700 0.008900 0.064600 0.035700 0.045500 0.046000 0.044600 0.055700 0.050100 0.000000 0.046700 0.008900 0.046100 0.017900 0.064600 0.036500 0.026800 0.036200 0.035700 0.017900 0.075000 0.045900 0.036400 0.064900 0.046100 0.036400 0.036200 0.036500 0.036500 0.045100 0.036200 0.103500 0.008800 0.017800
Gerenuk 0.065200 0.188800 0.046700 0.108800 0.056000 0.065200 0.046700 0.047200 0.046700 0.077200 0.065200 0.066500 0.066700 0.046700 0.047400 0.009300 0.089000 0.108600 0.065300 0.056300 0.056600 0.065200 0.076100 0.077100 0.074500 0.028200 0.085600 0.046700 0.000000 0.037300 0.077200 0.046700 0.096600 0.066800 0.055900 0.086100 0.065200 0.046600 0.067100 0.076900 0.066600 0.034800 0.077200 0.066600 0.086100 0.047100 0.028000 0.075300 0.046700 0.117100 0.055900 0.065800
CommonElan 0.026700 0.150900 0.008900 0.076100 0.017900 0.025500 0.008900 0.046100 0.008600 0.036800 0.026700 0.027200 0.046100 0.008900 0.027500 0.027600 0.066800 0.065900 0.026800 0.017900 0.055300 0.026700 0.036400 0.036800 0.035600 0.046400 0.045500 0.008900 0.037300 0.000000 0.036800 0.008600 0.055300 0.027300 0.017800 0.045700 0.026700 0.008900 0.065500 0.036700 0.027300 0.055600 0.036800 0.027300 0.045700 0.027400 0.027300 0.036000 0.027100 0.094000 0.017800 0.027000
MuntiacusR 0.064400 0.152300 0.046100 0.076800 0.055300 0.064400 0.046100 0.085800 0.046100 0.000000 0.064400 0.065600 0.085700 0.046100 0.047000 0.066700 0.087700 0.086600 0.064400 0.055600 0.095300 0.064400 0.018200 0.018400 0.073600 0.066600 0.084600 0.046100 0.077200 0.036800 0.000000 0.046100 0.055900 0.065900 0.055200 0.085100 0.064400 0.046100 0.106500 0.018400 0.009100 0.075900 0.000000 0.009100 0.085100 0.065900 0.065900 0.055300 0.065200 0.095200 0.036500 0.065000
HarveysDui 0.017700 0.161200 0.017900 0.085700 0.008800 0.017700 0.000000 0.036500 0.017900 0.046100 0.017700 0.035000 0.036500 0.000000 0.036700 0.036900 0.076400 0.075400 0.017700 0.026900 0.045700 0.017700 0.045500 0.046000 0.026500 0.055700 0.036000 0.017900 0.046700 0.008600 0.046100 0.000000 0.064600 0.017300 0.008800 0.054900 0.017700 0.017900 0.055600 0.045900 0.036400 0.064900 0.046100 0.036400 0.054900 0.036500 0.036500 0.026800 0.017900 0.083700 0.026700 0.036000
Pronghorn 0.082900 0.173300 0.064600 0.096300 0.073800 0.082600 0.064600 0.105000 0.064600 0.055900 0.082900 0.084500 0.104900 0.064600 0.065800 0.085700 0.107700 0.106200 0.083100 0.074200 0.114600 0.082900 0.055200 0.055800 0.092100 0.105600 0.103500 0.064600 0.096600 0.055300 0.055900 0.064600 0.000000 0.084800 0.073800 0.104000 0.082900 0.064500 0.126100 0.055700 0.046000 0.115100 0.055900 0.046000 0.104000 0.084900 0.084800 0.073800 0.084100 0.094200 0.073600 0.083700
BlueWildeb 0.036000 0.163300 0.036500 0.107100 0.027100 0.036000 0.018000 0.036800 0.036500 0.065900 0.036000 0.055600 0.018200 0.018000 0.056200 0.056500 0.097600 0.096300 0.036100 0.045800 0.065300 0.036000 0.065000 0.046400 0.045000 0.075900 0.018000 0.036500 0.066800 0.027300 0.065900 0.017300 0.084800 0.000000 0.027000 0.074800 0.036000 0.036400 0.056100 0.065700 0.055700 0.085200 0.065900 0.055700 0.074800 0.055900 0.055800 0.045500 0.036500 0.084500 0.045500 0.055100
Gemsbok 0.008400 0.171000 0.026800 0.095000 0.017700 0.008800 0.008500 0.027100 0.026800 0.055200 0.008400 0.045400 0.027100 0.008500 0.045800 0.046000 0.085800 0.084700 0.008800 0.035900 0.036200 0.008800 0.054500 0.055100 0.017500 0.064900 0.026800 0.026800 0.055900 0.017800 0.055200 0.008800 0.073800 0.027000 0.000000 0.064000 0.008800 0.026800 0.045900 0.055000 0.045400 0.055100 0.055200 0.045400 0.064000 0.045600 0.027100 0.035700 0.008900 0.092900 0.035600 0.045000
Yak 0.073100 0.207400 0.036200 0.127100 0.064100 0.073100 0.054900 0.094600 0.036200 0.085100 0.073100 0.036200 0.094500 0.054900 0.075200 0.075600 0.117600 0.116100 0.073200 0.045500 0.093900 0.073100 0.083900 0.085000 0.082200 0.095200 0.093300 0.036200 0.086100 0.045700 0.085100 0.054900 0.104000 0.074800 0.064000 0.000000 0.073100 0.054900 0.115300 0.074300 0.074600 0.104500 0.085100 0.074600 0.000000 0.074800 0.074700 0.082500 0.074000 0.145000 0.045200 0.054700
BlueSheep 0.000000 0.181000 0.035700 0.104500 0.026500 0.000000 0.017700 0.036200 0.035700 0.064400 0.000000 0.054400 0.036100 0.017700 0.055000 0.055200 0.095300 0.094100 0.017500 0.044900 0.045200 0.000000 0.063600 0.064300 0.008700 0.074100 0.035700 0.035700 0.065200 0.026700 0.064400 0.017700 0.082900 0.036000 0.008800 0.073100 0.000000 0.035700 0.055100 0.064200 0.054500 0.064200 0.064400 0.054500 0.073100 0.054700 0.036100 0.044600 0.017700 0.102200 0.044500 0.054000
BohorReedb 0.035700 0.161100 0.017900 0.085600 0.008800 0.035700 0.017900 0.055300 0.017300 0.046100 0.035700 0.036300 0.055300 0.017900 0.036700 0.036800 0.076300 0.075300 0.035700 0.026900 0.064600 0.035700 0.045400 0.046000 0.044600 0.055700 0.054600 0.017900 0.046600 0.008900 0.046100 0.017900 0.064500 0.036400 0.026800 0.054900 0.035700 0.000000 0.074900 0.045900 0.036400 0.064800 0.046100 0.036400 0.054900 0.036500 0.036400 0.045000 0.036100 0.103400 0.026700 0.036000
KirksDik 0.055100 0.197500 0.075000 0.150300 0.064900 0.055100 0.055600 0.018400 0.075000 0.106500 0.055100 0.095400 0.037100 0.055600 0.096400 0.056800 0.119100 0.138800 0.055100 0.084800 0.046500 0.055100 0.105000 0.085900 0.058100 0.076300 0.055500 0.075000 0.067100 0.065500 0.106500 0.055600 0.126100 0.056100 0.045900 0.115300 0.055100 0.074900 0.000000 0.106200 0.095400 0.066000 0.106500 0.095400 0.115300 0.056100 0.037100 0.084200 0.036800 0.125500 0.084100 0.094400
RoeDeer 0.064200 0.151900 0.045900 0.076500 0.055100 0.064200 0.045900 0.085500 0.045900 0.018400 0.064200 0.055300 0.085400 0.045900 0.046800 0.066400 0.087400 0.086300 0.064200 0.055400 0.084800 0.064200 0.018000 0.018300 0.073300 0.086100 0.084300 0.045900 0.076900 0.036700 0.018400 0.045900 0.055700 0.065700 0.055000 0.074300 0.064200 0.045900 0.106200 0.000000 0.009000 0.095500 0.018400 0.009000 0.074300 0.065700 0.065600 0.055100 0.065000 0.094900 0.036300 0.064800
WhiteLippe 0.054500 0.140100 0.036400 0.066200 0.045500 0.054500 0.036400 0.075200 0.036400 0.009100 0.054500 0.055500 0.075100 0.036400 0.037000 0.056300 0.076800 0.075800 0.054500 0.045700 0.084600 0.054500 0.008900 0.009000 0.063500 0.075700 0.074100 0.036400 0.066600 0.027300 0.009100 0.036400 0.046000 0.055700 0.045400 0.074600 0.054500 0.036400 0.095400 0.009000 0.000000 0.085000 0.009100 0.000000 0.074600 0.055700 0.055700 0.045400 0.055200 0.084400 0.027000 0.055000
ThomsonGaz 0.064200 0.185400 0.064900 0.138700 0.074200 0.064200 0.064900 0.046400 0.064900 0.075900 0.064200 0.084900 0.065700 0.064900 0.085800 0.027800 0.107900 0.127400 0.063900 0.074500 0.055700 0.064200 0.094400 0.095600 0.073400 0.008800 0.084300 0.064900 0.034800 0.055600 0.075900 0.064900 0.115100 0.085200 0.055100 0.104500 0.064200 0.064800 0.066000 0.095500 0.085000 0.000000 0.075900 0.085000 0.104500 0.065500 0.027500 0.093500 0.045900 0.135600 0.074000 0.084100
MuntiacusC 0.064400 0.152300 0.046100 0.076800 0.055300 0.064400 0.046100 0.085800 0.046100 0.000000 0.064400 0.065600 0.085700 0.046100 0.047000 0.066700 0.087700 0.086600 0.064400 0.055600 0.095300 0.064400 0.018200 0.018400 0.073600 0.066600 0.084600 0.046100 0.077200 0.036800 0.000000 0.046100 0.055900 0.065900 0.055200 0.085100 0.064400 0.046100 0.106500 0.018400 0.009100 0.075900 0.000000 0.009100 0.085100 0.065900 0.065900 0.055300 0.065200 0.095200 0.036500 0.065000
WhiteTaile 0.054500 0.140100 0.036400 0.066200 0.045500 0.054500 0.036400 0.075200 0.036400 0.009100 0.054500 0.055500 0.075100 0.036400 0.037000 0.056300 0.076800 0.075800 0.054500 0.045700 0.084600 0.054500 0.008900 0.009000 0.063500 0.075700 0.074100 0.036400 0.066600 0.027300 0.009100 0.036400 0.046000 0.055700 0.045400 0.074600 0.054500 0.036400 0.095400 0.009000 0.000000 0.085000 0.009100 0.000000 0.074600 0.055700 0.055700 0.045400 0.055200 0.084400 0.027000 0.055000
Cattle 0.073100 0.207400 0.036200 0.127100 0.064100 0.073100 0.054900 0.094600 0.036200 0.085100 0.073100 0.036200 0.094500 0.054900 0.075200 0.075600 0.117600 0.116100 0.073200 0.045500 0.093900 0.073100 0.083900 0.085000 0.082200 0.095200 0.093300 0.036200 0.086100 0.045700 0.085100 0.054900 0.104000 0.074800 0.064000 0.000000 0.073100 0.054900 0.115300 0.074300 0.074600 0.104500 0.085100 0.074600 0.000000 0.074800 0.074700 0.083100 0.074000 0.145000 0.045200 0.054700
RoyalAntel 0.054700 0.151200 0.036500 0.107100 0.045600 0.054700 0.036500 0.055900 0.036500 0.065900 0.054700 0.055700 0.055900 0.036500 0.056300 0.037200 0.077100 0.096300 0.054700 0.045800 0.065200 0.054700 0.065000 0.065800 0.063700 0.056200 0.074400 0.036500 0.047100 0.027400 0.065900 0.036500 0.084900 0.055900 0.045600 0.074800 0.054700 0.036500 0.056100 0.065700 0.055700 0.065500 0.065900 0.055700 0.074800 0.000000 0.036800 0.064400 0.036500 0.125000 0.045500 0.055200
Steenbok 0.036100 0.173400 0.036500 0.107000 0.045600 0.036100 0.036500 0.018300 0.036500 0.065900 0.036100 0.050200 0.036900 0.036500 0.056200 0.018400 0.077100 0.096200 0.036100 0.045800 0.027400 0.036100 0.065000 0.065700 0.045100 0.037100 0.055200 0.036500 0.028000 0.027300 0.065900 0.036500 0.084800 0.055800 0.027100 0.074700 0.036100 0.036400 0.037100 0.065600 0.055700 0.027500 0.065900 0.055700 0.074700 0.036800 0.000000 0.064400 0.018100 0.124900 0.045500 0.055100
Impala 0.044600 0.171200 0.045100 0.095200 0.035700 0.044600 0.026800 0.064500 0.045100 0.055300 0.044600 0.064100 0.064400 0.026800 0.045900 0.065100 0.085900 0.084800 0.044600 0.054300 0.073700 0.044600 0.054500 0.055200 0.053400 0.084300 0.063600 0.045100 0.075300 0.036000 0.055300 0.026800 0.073800 0.045500 0.035700 0.082500 0.044600 0.045000 0.084200 0.055100 0.045400 0.093500 0.055300 0.045400 0.083100 0.064400 0.064400 0.000000 0.045100 0.093000 0.054000 0.057800
Klipspring 0.017700 0.171700 0.036200 0.106000 0.026900 0.017000 0.017900 0.018100 0.036200 0.065200 0.017700 0.055200 0.017200 0.017200 0.055700 0.036900 0.076400 0.095400 0.017800 0.045400 0.027200 0.017700 0.064400 0.065100 0.026600 0.055700 0.036200 0.036200 0.046700 0.027100 0.065200 0.017900 0.084100 0.036500 0.008900 0.074000 0.017700 0.036100 0.036800 0.065000 0.055200 0.045900 0.065200 0.055200 0.074000 0.036500 0.018100 0.045100 0.000000 0.103500 0.045100 0.054700
ForestMusk 0.102200 0.219300 0.103500 0.137800 0.093100 0.102200 0.083700 0.104500 0.103500 0.095200 0.102200 0.124500 0.104400 0.083700 0.105400 0.106300 0.149800 0.147900 0.102200 0.113400 0.134800 0.102200 0.093800 0.075100 0.111500 0.126200 0.083500 0.103500 0.117100 0.094000 0.095200 0.083700 0.094200 0.084500 0.092900 0.145000 0.102200 0.103400 0.125500 0.094900 0.084400 0.135600 0.095200 0.084400 0.145000 0.125000 0.124900 0.093000 0.103500 0.000000 0.112600 0.123200
Bushbuck 0.044500 0.170800 0.008400 0.095000 0.035700 0.044500 0.026700 0.064400 0.008500 0.036500 0.044500 0.026900 0.064400 0.026700 0.045800 0.046000 0.085700 0.084600 0.044600 0.016900 0.073700 0.044500 0.036000 0.036400 0.053400 0.064800 0.063600 0.008800 0.055900 0.017800 0.036500 0.026700 0.073600 0.045500 0.035600 0.045200 0.044500 0.026700 0.084100 0.036300 0.027000 0.074000 0.036500 0.027000 0.045200 0.045500 0.045500 0.054000 0.045100 0.112600 0.000000 0.026700
GreaterKud 0.054000 0.182800 0.017800 0.105500 0.045000 0.054000 0.036000 0.074400 0.017800 0.065000 0.054000 0.036200 0.074300 0.036000 0.055500 0.055700 0.096200 0.095000 0.054000 0.026900 0.083800 0.054000 0.064100 0.064900 0.062900 0.074800 0.073400 0.017800 0.065800 0.027000 0.065000 0.036000 0.083700 0.055100 0.045000 0.054700 0.054000 0.036000 0.094400 0.064800 0.055000 0.084100 0.065000 0.055000 0.054700 0.055200 0.055100 0.057800 0.054700 0.123200 0.026700 0.000000
