1
52 1
Argali 0.000000 0.289700 0.183900 0.214800 0.086000 0.027900 0.116900 0.118200 0.219600 0.117100 0.056400 0.085800 0.115600 0.085800 0.085100 0.086200 0.148100 0.252700 0.057200 0.183900 0.118400 0.085300 0.150000 0.150200 0.056400 0.147000 0.115600 0.183900 0.151000 0.183900 0.117100 0.085800 0.151100 0.085800 0.114000 0.118900 0.056400 0.086000 0.118200 0.117100 0.115800 0.147500 0.117100 0.150200 0.118900 0.150500 0.118200 0.056500 0.145600 0.119500 0.183900 0.182500
LesserMous 0.289700 0.000000 0.372300 0.141600 0.179500 0.251600 0.214500 0.136800 0.418100 0.214200 0.214700 0.248700 0.211600 0.179700 0.176700 0.169300 0.330000 0.420300 0.291500 0.372300 0.136200 0.248500 0.181200 0.252400 0.214700 0.167000 0.211600 0.372300 0.246100 0.372300 0.214200 0.179700 0.254700 0.179700 0.208600 0.285900 0.214700 0.179500 0.136800 0.214200 0.211700 0.167500 0.214200 0.252400 0.285900 0.253600 0.136800 0.214600 0.243800 0.220600 0.372300 0.412000
LesserKudu 0.183900 0.372300 0.000000 0.288600 0.148600 0.217200 0.117000 0.184500 0.027000 0.117100 0.182100 0.086000 0.115800 0.148600 0.147500 0.149600 0.292400 0.334200 0.184100 0.000000 0.185000 0.146800 0.149900 0.150400 0.182100 0.214200 0.115800 0.000000 0.221300 0.000000 0.117100 0.148600 0.220300 0.148600 0.177900 0.119100 0.182100 0.148600 0.184500 0.117100 0.115800 0.216000 0.117100 0.150400 0.119100 0.219200 0.184500 0.181900 0.145900 0.188000 0.000000 0.054400
KillerWhal 0.214800 0.141600 0.288600 0.000000 0.114500 0.180600 0.146600 0.147600 0.329900 0.146600 0.146600 0.177800 0.145000 0.114500 0.112600 0.177400 0.250100 0.287600 0.217400 0.288600 0.148100 0.178500 0.179600 0.181600 0.146600 0.114100 0.145000 0.288600 0.250900 0.288600 0.146600 0.114500 0.180500 0.114500 0.143300 0.213100 0.146600 0.114500 0.147600 0.146600 0.144800 0.115200 0.146600 0.181600 0.213100 0.180900 0.147600 0.146600 0.176000 0.216600 0.288600 0.284900
DefassaWat 0.086000 0.179500 0.148600 0.114500 0.000000 0.055900 0.027400 0.027700 0.182200 0.027400 0.027400 0.055600 0.027100 0.000100 0.055100 0.055800 0.115600 0.215300 0.086100 0.148600 0.027800 0.055300 0.056200 0.056100 0.027400 0.055200 0.027100 0.148600 0.117100 0.148600 0.027400 0.000100 0.056400 0.000100 0.026800 0.086500 0.027400 0.000000 0.027700 0.027400 0.027200 0.055600 0.027400 0.056100 0.086500 0.056400 0.027700 0.027400 0.054700 0.087500 0.148600 0.213800
Sheep 0.027900 0.251600 0.217200 0.180600 0.055900 0.000000 0.086100 0.086700 0.254800 0.085800 0.027700 0.115800 0.085100 0.056000 0.114700 0.116000 0.116000 0.217000 0.028200 0.217200 0.086900 0.055800 0.117600 0.117500 0.027700 0.115100 0.085100 0.217200 0.183200 0.217200 0.085800 0.056000 0.117400 0.056000 0.083800 0.150900 0.027700 0.055900 0.086700 0.085800 0.085200 0.116000 0.085800 0.117500 0.150900 0.118000 0.086700 0.027700 0.114400 0.151200 0.217200 0.216000
MaxwellsDu 0.116900 0.214500 0.117000 0.146600 0.027400 0.086100 0.000000 0.056500 0.149500 0.000100 0.055800 0.027300 0.000100 0.027300 0.084200 0.085100 0.147900 0.182500 0.056700 0.117000 0.056600 0.084400 0.027700 0.027800 0.055800 0.084400 0.000100 0.117000 0.149200 0.117000 0.000100 0.027300 0.086500 0.027300 0.054500 0.056900 0.055800 0.027400 0.056500 0.000100 0.000200 0.085000 0.000100 0.027800 0.056900 0.086400 0.056500 0.055800 0.026900 0.118500 0.117000 0.180800
GazellaPrz 0.118200 0.136800 0.184500 0.147600 0.027700 0.086700 0.056500 0.000000 0.220200 0.056600 0.056500 0.086000 0.056000 0.027700 0.085200 0.027700 0.150100 0.257100 0.118600 0.184500 0.000100 0.085500 0.027900 0.087000 0.056500 0.027300 0.056000 0.184500 0.087000 0.184500 0.056600 0.027700 0.087800 0.027700 0.055100 0.118900 0.056500 0.027700 0.000000 0.056600 0.055900 0.027600 0.056600 0.087000 0.118900 0.087300 0.000000 0.056500 0.084400 0.058100 0.184500 0.252800
MountainNy 0.219600 0.418100 0.027000 0.329900 0.182200 0.254800 0.149500 0.220200 0.000000 0.149700 0.217500 0.117000 0.147900 0.182100 0.180900 0.183200 0.333200 0.378300 0.220700 0.027000 0.220800 0.180200 0.184100 0.184800 0.217500 0.250400 0.147900 0.026800 0.258900 0.027000 0.149700 0.182100 0.257500 0.182100 0.211900 0.152300 0.217500 0.182200 0.220200 0.149700 0.148000 0.252400 0.149700 0.184800 0.152300 0.256900 0.220200 0.217300 0.179100 0.223800 0.027000 0.083200
MuntiacusM 0.117100 0.214200 0.117100 0.146600 0.027400 0.085800 0.000100 0.056600 0.149700 0.000000 0.056100 0.027400 0.000200 0.027400 0.084300 0.085200 0.147400 0.181800 0.057000 0.117100 0.056700 0.084800 0.027800 0.027800 0.056100 0.084500 0.000200 0.117100 0.149300 0.117100 0.000000 0.027400 0.086200 0.027400 0.054700 0.057000 0.056100 0.027400 0.056600 0.000000 0.000100 0.085100 0.000000 0.027800 0.057000 0.086500 0.056600 0.056100 0.027100 0.118500 0.117100 0.180900
goat 0.056400 0.214700 0.182100 0.146600 0.027400 0.027700 0.055800 0.056500 0.217500 0.056100 0.000000 0.084700 0.055500 0.027300 0.084200 0.085100 0.148000 0.253400 0.056600 0.182100 0.056600 0.027100 0.086100 0.086300 0.000000 0.084400 0.055500 0.182100 0.149300 0.182100 0.056100 0.027300 0.086500 0.027300 0.054500 0.117800 0.000000 0.027400 0.056500 0.056100 0.055400 0.085000 0.056100 0.086300 0.117800 0.086300 0.056500 0.055800 0.083400 0.118600 0.182100 0.250300
AfricanBuf 0.085800 0.248700 0.086000 0.177800 0.055600 0.115800 0.027300 0.086000 0.117000 0.027400 0.084700 0.000000 0.027100 0.055400 0.055100 0.055700 0.180400 0.215900 0.085700 0.086000 0.086200 0.113900 0.056100 0.056200 0.084700 0.114100 0.027100 0.086000 0.117100 0.086000 0.027400 0.055400 0.117200 0.055400 0.082800 0.027800 0.084700 0.055600 0.086000 0.027400 0.027100 0.115000 0.027400 0.056200 0.027800 0.116600 0.086000 0.084700 0.050200 0.087500 0.086000 0.147400
Topi 0.115600 0.211600 0.115800 0.145000 0.027100 0.085100 0.000100 0.056000 0.147900 0.000200 0.055500 0.027100 0.000000 0.027200 0.083400 0.084200 0.146200 0.180300 0.056400 0.115800 0.056100 0.083900 0.027400 0.027600 0.055500 0.083600 0.000000 0.115800 0.147600 0.115800 0.000200 0.027200 0.085600 0.027200 0.054200 0.056300 0.055500 0.027100 0.056000 0.000200 0.000200 0.084200 0.000200 0.027600 0.056300 0.085500 0.056000 0.055500 0.026800 0.117100 0.115800 0.178700
CommonDuik 0.085800 0.179700 0.148600 0.114500 0.000100 0.056000 0.027300 0.027700 0.182100 0.027400 0.027300 0.055400 0.027200 0.000000 0.055100 0.055700 0.115900 0.216200 0.085700 0.148600 0.027700 0.055000 0.056100 0.056200 0.027300 0.055100 0.027200 0.148600 0.117100 0.148600 0.027400 0.000000 0.056600 0.000000 0.026700 0.086400 0.027300 0.000100 0.027700 0.027400 0.027100 0.055600 0.027400 0.056200 0.086400 0.056300 0.027700 0.027300 0.054500 0.087400 0.148600 0.213800
Suni 0.085100 0.176700 0.147500 0.112600 0.055100 0.114700 0.084200 0.085200 0.180900 0.084300 0.084200 0.055100 0.083400 0.055100 0.000000 0.055200 0.178900 0.286600 0.147100 0.147500 0.085400 0.113300 0.114900 0.115200 0.084200 0.113100 0.083400 0.147500 0.116200 0.147500 0.084300 0.055100 0.116100 0.055100 0.082400 0.085700 0.084200 0.055100 0.085200 0.084300 0.083200 0.114000 0.084300 0.115200 0.085700 0.115500 0.085200 0.084200 0.111900 0.086800 0.147500 0.212500
Springbuck 0.086200 0.169300 0.149600 0.177400 0.055800 0.116000 0.085100 0.027700 0.183200 0.085200 0.085100 0.055700 0.084200 0.055700 0.055200 0.000000 0.181800 0.290800 0.148200 0.149600 0.027700 0.114500 0.056200 0.116400 0.085100 0.055200 0.084200 0.149600 0.056900 0.149600 0.085200 0.055700 0.118000 0.055700 0.083200 0.086500 0.085100 0.055800 0.027700 0.085200 0.084300 0.055600 0.085200 0.116400 0.086500 0.117100 0.027700 0.085100 0.112900 0.028400 0.149600 0.214700
Okapi 0.148100 0.330000 0.292400 0.250100 0.115600 0.116000 0.147900 0.150100 0.333200 0.147400 0.148000 0.180400 0.146200 0.115900 0.178900 0.181800 0.000000 0.082200 0.149500 0.292400 0.150400 0.179700 0.182200 0.181700 0.148000 0.179400 0.146200 0.292400 0.256800 0.292400 0.147400 0.115900 0.117400 0.115900 0.144600 0.218800 0.148000 0.115600 0.150100 0.147400 0.146300 0.180100 0.147400 0.181700 0.218800 0.183300 0.150100 0.085500 0.177100 0.220700 0.292400 0.289200
Giraffe 0.252700 0.420300 0.334200 0.287600 0.215300 0.217000 0.182500 0.257100 0.378300 0.181800 0.253400 0.215900 0.180300 0.216200 0.286600 0.290800 0.082200 0.000000 0.185300 0.334200 0.257700 0.289300 0.218500 0.218200 0.253400 0.287500 0.180300 0.334200 0.379500 0.334200 0.181800 0.216200 0.218300 0.216200 0.246200 0.255500 0.253400 0.215300 0.257100 0.181800 0.180400 0.288800 0.181800 0.218200 0.255500 0.295200 0.257100 0.182400 0.212300 0.336100 0.334200 0.251600
TibetanAnt 0.057200 0.291500 0.184100 0.217400 0.086100 0.028200 0.056700 0.118600 0.220700 0.057000 0.056600 0.085700 0.056400 0.085700 0.147100 0.148200 0.149500 0.185300 0.000000 0.184100 0.118900 0.085600 0.087500 0.087800 0.051800 0.147500 0.056400 0.184100 0.219100 0.184100 0.057000 0.085700 0.150900 0.085700 0.113900 0.119700 0.056600 0.086100 0.118600 0.057000 0.056300 0.148600 0.057000 0.087800 0.119700 0.151700 0.118600 0.056700 0.084800 0.185200 0.184100 0.183800
Sitatunga 0.183900 0.372300 0.000000 0.288600 0.148600 0.217200 0.117000 0.184500 0.027000 0.117100 0.182100 0.086000 0.115800 0.148600 0.147500 0.149600 0.292400 0.334200 0.184100 0.000000 0.185000 0.146800 0.149900 0.150400 0.182100 0.214200 0.115800 0.000000 0.221300 0.000000 0.117100 0.148600 0.220300 0.148600 0.177900 0.119100 0.182100 0.148600 0.184500 0.117100 0.115800 0.216000 0.117100 0.150400 0.119100 0.219200 0.184500 0.181900 0.145900 0.188000 0.000000 0.054400
Oribi 0.118400 0.136200 0.185000 0.148100 0.027800 0.086900 0.056600 0.000100 0.220800 0.056700 0.056600 0.086200 0.056100 0.027700 0.085400 0.027700 0.150400 0.257700 0.118900 0.185000 0.000000 0.085700 0.027900 0.087200 0.056600 0.027500 0.056100 0.185000 0.087500 0.185000 0.056700 0.027700 0.088100 0.027700 0.055300 0.119200 0.056600 0.027800 0.000100 0.056700 0.056000 0.027600 0.056700 0.087200 0.119200 0.087500 0.000100 0.056600 0.084600 0.058200 0.185000 0.253400
BarbaryShe 0.085300 0.248500 0.146800 0.178500 0.055300 0.055800 0.084400 0.085500 0.180200 0.084800 0.027100 0.113900 0.083900 0.055000 0.113300 0.114500 0.179700 0.289300 0.085600 0.146800 0.085700 0.000000 0.115700 0.116200 0.027100 0.113600 0.083900 0.146800 0.181200 0.146800 0.084800 0.055000 0.116400 0.055000 0.082500 0.148800 0.027100 0.055300 0.085500 0.084800 0.083900 0.114600 0.084800 0.116200 0.148800 0.116200 0.085500 0.084400 0.112400 0.149600 0.146800 0.211900
Daviddeer 0.150000 0.181200 0.149900 0.179600 0.056200 0.117600 0.027700 0.027900 0.184100 0.027800 0.086100 0.056100 0.027400 0.056100 0.114900 0.056200 0.182200 0.218500 0.087500 0.149900 0.027900 0.115700 0.000000 0.056900 0.086100 0.055600 0.027400 0.149900 0.118200 0.149900 0.027800 0.056100 0.118300 0.056100 0.083800 0.087400 0.086100 0.056200 0.027900 0.027800 0.027300 0.055900 0.027800 0.056900 0.087400 0.118300 0.027900 0.086000 0.055200 0.088000 0.149900 0.215900
Reindeer 0.150200 0.252400 0.150400 0.181600 0.056100 0.117500 0.027800 0.087000 0.184800 0.027800 0.086300 0.056200 0.027600 0.056200 0.115200 0.116400 0.181700 0.218200 0.087800 0.150400 0.087200 0.116200 0.056900 0.000000 0.086300 0.115600 0.027600 0.150400 0.183800 0.150400 0.027800 0.056200 0.117700 0.056200 0.084200 0.087700 0.086300 0.056100 0.087000 0.027800 0.027500 0.116500 0.027800 0.000000 0.087700 0.118300 0.087000 0.086300 0.055600 0.151600 0.150400 0.217400
Ibex 0.056400 0.214700 0.182100 0.146600 0.027400 0.027700 0.055800 0.056500 0.217500 0.056100 0.000000 0.084700 0.055500 0.027300 0.084200 0.085100 0.148000 0.253400 0.051800 0.182100 0.056600 0.027100 0.086100 0.086300 0.000000 0.084400 0.055500 0.182100 0.149300 0.182100 0.056100 0.027300 0.086500 0.027300 0.054500 0.117800 0.000000 0.027400 0.056500 0.056100 0.055400 0.085000 0.056100 0.086300 0.117800 0.086300 0.056500 0.055800 0.083400 0.118600 0.182100 0.250300
GyrantGaze 0.147000 0.167000 0.214200 0.114100 0.055200 0.115100 0.084400 0.027300 0.250400 0.084500 0.084400 0.114100 0.083600 0.055100 0.113100 0.055200 0.179400 0.287500 0.147500 0.214200 0.027500 0.113600 0.055600 0.115600 0.084400 0.000000 0.083600 0.214200 0.115300 0.214200 0.084500 0.055100 0.116300 0.055100 0.082500 0.148000 0.084400 0.055200 0.026200 0.084500 0.083600 0.000100 0.084500 0.115600 0.148000 0.115700 0.027300 0.084400 0.112200 0.086600 0.214200 0.283200
Hartebeest 0.115600 0.211600 0.115800 0.145000 0.027100 0.085100 0.000100 0.056000 0.147900 0.000200 0.055500 0.027100 0.000000 0.027200 0.083400 0.084200 0.146200 0.180300 0.056400 0.115800 0.056100 0.083900 0.027400 0.027600 0.055500 0.083600 0.000000 0.115800 0.147600 0.115800 0.000200 0.027200 0.085600 0.027200 0.054200 0.056300 0.055500 0.027100 0.056000 0.000200 0.000200 0.084200 0.000200 0.027600 0.056300 0.085500 0.056000 0.055500 0.026800 0.117100 0.115800 0.178700
Bongo 0.183900 0.372300 0.000000 0.288600 0.148600 0.217200 0.117000 0.184500 0.026800 0.117100 0.182100 0.086000 0.115800 0.148600 0.147500 0.149600 0.292400 0.334200 0.184100 0.000000 0.185000 0.146800 0.149900 0.150400 0.182100 0.214200 0.115800 0.000000 0.221300 0.000000 0.117100 0.148600 0.220300 0.148600 0.177900 0.119100 0.182100 0.148600 0.184500 0.117100 0.115800 0.216000 0.117100 0.150400 0.119100 0.219200 0.184500 0.181900 0.145900 0.188000 0.000000 0.054400
Gerenuk 0.151000 0.246100 0.221300 0.250900 0.117100 0.183200 0.149200 0.087000 0.258900 0.149300 0.149300 0.117100 0.147600 0.117100 0.116200 0.056900 0.256800 0.379500 0.219100 0.221300 0.087500 0.181200 0.118200 0.183800 0.149300 0.115300 0.147600 0.221300 0.000000 0.221300 0.149300 0.117100 0.186800 0.117100 0.145600 0.151900 0.149300 0.117100 0.087000 0.149300 0.147800 0.116700 0.149300 0.183800 0.151900 0.185200 0.087000 0.149200 0.178100 0.028600 0.221300 0.292400
CommonElan 0.183900 0.372300 0.000000 0.288600 0.148600 0.217200 0.117000 0.184500 0.027000 0.117100 0.182100 0.086000 0.115800 0.148600 0.147500 0.149600 0.292400 0.334200 0.184100 0.000000 0.185000 0.146800 0.149900 0.150400 0.182100 0.214200 0.115800 0.000000 0.221300 0.000000 0.117100 0.148600 0.220300 0.148600 0.177900 0.119100 0.182100 0.148600 0.184500 0.117100 0.115800 0.216000 0.117100 0.150400 0.119100 0.219200 0.184500 0.181900 0.145900 0.188000 0.000000 0.054400
MuntiacusR 0.117100 0.214200 0.117100 0.146600 0.027400 0.085800 0.000100 0.056600 0.149700 0.000000 0.056100 0.027400 0.000200 0.027400 0.084300 0.085200 0.147400 0.181800 0.057000 0.117100 0.056700 0.084800 0.027800 0.027800 0.056100 0.084500 0.000200 0.117100 0.149300 0.117100 0.000000 0.027400 0.086200 0.027400 0.054700 0.057000 0.056100 0.027400 0.056600 0.000000 0.000100 0.085100 0.000000 0.027800 0.057000 0.086500 0.056600 0.056100 0.027100 0.118500 0.117100 0.180900
HarveysDui 0.085800 0.179700 0.148600 0.114500 0.000100 0.056000 0.027300 0.027700 0.182100 0.027400 0.027300 0.055400 0.027200 0.000000 0.055100 0.055700 0.115900 0.216200 0.085700 0.148600 0.027700 0.055000 0.056100 0.056200 0.027300 0.055100 0.027200 0.148600 0.117100 0.148600 0.027400 0.000000 0.056600 0.000000 0.026700 0.086400 0.027300 0.000100 0.027700 0.027400 0.027100 0.055600 0.027400 0.056200 0.086400 0.056300 0.027700 0.027300 0.054500 0.087400 0.148600 0.213800
Pronghorn 0.151100 0.254700 0.220300 0.180500 0.056400 0.117400 0.086500 0.087800 0.257500 0.086200 0.086500 0.117200 0.085600 0.056600 0.116100 0.118000 0.117400 0.218300 0.150900 0.220300 0.088100 0.116400 0.118300 0.117700 0.086500 0.116300 0.085600 0.220300 0.186800 0.220300 0.086200 0.056600 0.000000 0.056600 0.084500 0.151900 0.086500 0.056400 0.087800 0.086200 0.085500 0.117300 0.086200 0.117700 0.151900 0.119000 0.087800 0.086500 0.114800 0.154700 0.220300 0.290900
BlueWildeb 0.085800 0.179700 0.148600 0.114500 0.000100 0.056000 0.027300 0.027700 0.182100 0.027400 0.027300 0.055400 0.027200 0.000000 0.055100 0.055700 0.115900 0.216200 0.085700 0.148600 0.027700 0.055000 0.056100 0.056200 0.027300 0.055100 0.027200 0.148600 0.117100 0.148600 0.027400 0.000000 0.056600 0.000000 0.026700 0.086400 0.027300 0.000100 0.027700 0.027400 0.027100 0.055600 0.027400 0.056200 0.086400 0.056300 0.027700 0.027300 0.054500 0.087400 0.148600 0.213800
Gemsbok 0.114000 0.208600 0.177900 0.143300 0.026800 0.083800 0.054500 0.055100 0.211900 0.054700 0.054500 0.082800 0.054200 0.026700 0.082400 0.083200 0.144600 0.246200 0.113900 0.177900 0.055300 0.082500 0.083800 0.084200 0.054500 0.082500 0.054200 0.177900 0.145600 0.177900 0.054700 0.026700 0.084500 0.026700 0.000000 0.114900 0.054500 0.026800 0.055100 0.054700 0.054100 0.083200 0.054700 0.084200 0.114900 0.084100 0.055100 0.054500 0.081600 0.116000 0.177900 0.244000
Yak 0.118900 0.285900 0.119100 0.213100 0.086500 0.150900 0.056900 0.118900 0.152300 0.057000 0.117800 0.027800 0.056300 0.086400 0.085700 0.086500 0.218800 0.255500 0.119700 0.119100 0.119200 0.148800 0.087400 0.087700 0.117800 0.148000 0.056300 0.119100 0.151900 0.119100 0.057000 0.086400 0.151900 0.086400 0.114900 0.000000 0.117800 0.086500 0.118900 0.057000 0.056300 0.149100 0.057000 0.087700 0.000000 0.151600 0.118900 0.117800 0.085100 0.120600 0.119100 0.181900
BlueSheep 0.056400 0.214700 0.182100 0.146600 0.027400 0.027700 0.055800 0.056500 0.217500 0.056100 0.000000 0.084700 0.055500 0.027300 0.084200 0.085100 0.148000 0.253400 0.056600 0.182100 0.056600 0.027100 0.086100 0.086300 0.000000 0.084400 0.055500 0.182100 0.149300 0.182100 0.056100 0.027300 0.086500 0.027300 0.054500 0.117800 0.000000 0.027400 0.056500 0.056100 0.055400 0.085000 0.056100 0.086300 0.117800 0.086300 0.056500 0.055800 0.083400 0.118600 0.182100 0.250300
BohorReedb 0.086000 0.179500 0.148600 0.114500 0.000000 0.055900 0.027400 0.027700 0.182200 0.027400 0.027400 0.055600 0.027100 0.000100 0.055100 0.055800 0.115600 0.215300 0.086100 0.148600 0.027800 0.055300 0.056200 0.056100 0.027400 0.055200 0.027100 0.148600 0.117100 0.148600 0.027400 0.000100 0.056400 0.000100 0.026800 0.086500 0.027400 0.000000 0.027700 0.027400 0.027200 0.055600 0.027400 0.056100 0.086500 0.056400 0.027700 0.027400 0.054700 0.087500 0.148600 0.213800
KirksDik 0.118200 0.136800 0.184500 0.147600 0.027700 0.086700 0.056500 0.000000 0.220200 0.056600 0.056500 0.086000 0.056000 0.027700 0.085200 0.027700 0.150100 0.257100 0.118600 0.184500 0.000100 0.085500 0.027900 0.087000 0.056500 0.026200 0.056000 0.184500 0.087000 0.184500 0.056600 0.027700 0.087800 0.027700 0.055100 0.118900 0.056500 0.027700 0.000000 0.056600 0.055900 0.027600 0.056600 0.087000 0.118900 0.087300 0.000000 0.056500 0.084400 0.058100 0.184500 0.252800
RoeDeer 0.117100 0.214200 0.117100 0.146600 0.027400 0.085800 0.000100 0.056600 0.149700 0.000000 0.056100 0.027400 0.000200 0.027400 0.084300 0.085200 0.147400 0.181800 0.057000 0.117100 0.056700 0.084800 0.027800 0.027800 0.056100 0.084500 0.000200 0.117100 0.149300 0.117100 0.000000 0.027400 0.086200 0.027400 0.054700 0.057000 0.056100 0.027400 0.056600 0.000000 0.000100 0.085100 0.000000 0.027800 0.057000 0.086500 0.056600 0.056100 0.027100 0.118500 0.117100 0.180900
WhiteLippe 0.115800 0.211700 0.115800 0.144800 0.027200 0.085200 0.000200 0.055900 0.148000 0.000100 0.055400 0.027100 0.000200 0.027100 0.083200 0.084300 0.146300 0.180400 0.056300 0.115800 0.056000 0.083900 0.027300 0.027500 0.055400 0.083600 0.000200 0.115800 0.147800 0.115800 0.000100 0.027100 0.085500 0.027100 0.054100 0.056300 0.055400 0.027200 0.055900 0.000100 0.000000 0.084100 0.000100 0.027500 0.056300 0.085500 0.055900 0.055400 0.026700 0.117200 0.115800 0.178800
ThomsonGaz 0.147500 0.167500 0.216000 0.115200 0.055600 0.116000 0.085000 0.027600 0.252400 0.085100 0.085000 0.115000 0.084200 0.055600 0.114000 0.055600 0.180100 0.288800 0.148600 0.216000 0.027600 0.114600 0.055900 0.116500 0.085000 0.000100 0.084200 0.216000 0.116700 0.216000 0.085100 0.055600 0.117300 0.055600 0.083200 0.149100 0.085000 0.055600 0.027600 0.085100 0.084100 0.000000 0.085100 0.116500 0.149100 0.116700 0.027600 0.085000 0.113100 0.086900 0.216000 0.285500
MuntiacusC 0.117100 0.214200 0.117100 0.146600 0.027400 0.085800 0.000100 0.056600 0.149700 0.000000 0.056100 0.027400 0.000200 0.027400 0.084300 0.085200 0.147400 0.181800 0.057000 0.117100 0.056700 0.084800 0.027800 0.027800 0.056100 0.084500 0.000200 0.117100 0.149300 0.117100 0.000000 0.027400 0.086200 0.027400 0.054700 0.057000 0.056100 0.027400 0.056600 0.000000 0.000100 0.085100 0.000000 0.027800 0.057000 0.086500 0.056600 0.056100 0.027100 0.118500 0.117100 0.180900
WhiteTaile 0.150200 0.252400 0.150400 0.181600 0.056100 0.117500 0.027800 0.087000 0.184800 0.027800 0.086300 0.056200 0.027600 0.056200 0.115200 0.116400 0.181700 0.218200 0.087800 0.150400 0.087200 0.116200 0.056900 0.000000 0.086300 0.115600 0.027600 0.150400 0.183800 0.150400 0.027800 0.056200 0.117700 0.056200 0.084200 0.087700 0.086300 0.056100 0.087000 0.027800 0.027500 0.116500 0.027800 0.000000 0.087700 0.118300 0.087000 0.086300 0.055600 0.151600 0.150400 0.217400
Cattle 0.118900 0.285900 0.119100 0.213100 0.086500 0.150900 0.056900 0.118900 0.152300 0.057000 0.117800 0.027800 0.056300 0.086400 0.085700 0.086500 0.218800 0.255500 0.119700 0.119100 0.119200 0.148800 0.087400 0.087700 0.117800 0.148000 0.056300 0.119100 0.151900 0.119100 0.057000 0.086400 0.151900 0.086400 0.114900 0.000000 0.117800 0.086500 0.118900 0.057000 0.056300 0.149100 0.057000 0.087700 0.000000 0.151600 0.118900 0.117800 0.085100 0.120600 0.119100 0.181900
RoyalAntel 0.150500 0.253600 0.219200 0.180900 0.056400 0.118000 0.086400 0.087300 0.256900 0.086500 0.086300 0.116600 0.085500 0.056300 0.115500 0.117100 0.183300 0.295200 0.151700 0.219200 0.087500 0.116200 0.118300 0.118300 0.086300 0.115700 0.085500 0.219200 0.185200 0.219200 0.086500 0.056300 0.119000 0.056300 0.084100 0.151600 0.086300 0.056400 0.087300 0.086500 0.085500 0.116700 0.086500 0.118300 0.151600 0.000000 0.087300 0.086400 0.114600 0.153100 0.219200 0.290500
Steenbok 0.118200 0.136800 0.184500 0.147600 0.027700 0.086700 0.056500 0.000000 0.220200 0.056600 0.056500 0.086000 0.056000 0.027700 0.085200 0.027700 0.150100 0.257100 0.118600 0.184500 0.000100 0.085500 0.027900 0.087000 0.056500 0.027300 0.056000 0.184500 0.087000 0.184500 0.056600 0.027700 0.087800 0.027700 0.055100 0.118900 0.056500 0.027700 0.000000 0.056600 0.055900 0.027600 0.056600 0.087000 0.118900 0.087300 0.000000 0.056500 0.084400 0.058100 0.184500 0.252800
Impala 0.056500 0.214600 0.181900 0.146600 0.027400 0.027700 0.055800 0.056500 0.217300 0.056100 0.055800 0.084700 0.055500 0.027300 0.084200 0.085100 0.085500 0.182400 0.056700 0.181900 0.056600 0.084400 0.086000 0.086300 0.055800 0.084400 0.055500 0.181900 0.149200 0.181900 0.056100 0.027300 0.086500 0.027300 0.054500 0.117800 0.055800 0.027400 0.056500 0.056100 0.055400 0.085000 0.056100 0.086300 0.117800 0.086400 0.056500 0.000000 0.083500 0.118500 0.181900 0.180800
Klipspring 0.145600 0.243800 0.145900 0.176000 0.054700 0.114400 0.026900 0.084400 0.179100 0.027100 0.083400 0.050200 0.026800 0.054500 0.111900 0.112900 0.177100 0.212300 0.084800 0.145900 0.084600 0.112400 0.055200 0.055600 0.083400 0.112200 0.026800 0.145900 0.178100 0.145900 0.027100 0.054500 0.114800 0.054500 0.081600 0.085100 0.083400 0.054700 0.084400 0.027100 0.026700 0.113100 0.027100 0.055600 0.085100 0.114600 0.084400 0.083500 0.000000 0.147300 0.145900 0.210800
ForestMusk 0.119500 0.220600 0.188000 0.216600 0.087500 0.151200 0.118500 0.058100 0.223800 0.118500 0.118600 0.087500 0.117100 0.087400 0.086800 0.028400 0.220700 0.336100 0.185200 0.188000 0.058200 0.149600 0.088000 0.151600 0.118600 0.086600 0.117100 0.188000 0.028600 0.188000 0.118500 0.087400 0.154700 0.087400 0.116000 0.120600 0.118600 0.087500 0.058100 0.118500 0.117200 0.086900 0.118500 0.151600 0.120600 0.153100 0.058100 0.118500 0.147300 0.000000 0.188000 0.256800
Bushbuck 0.183900 0.372300 0.000000 0.288600 0.148600 0.217200 0.117000 0.184500 0.027000 0.117100 0.182100 0.086000 0.115800 0.148600 0.147500 0.149600 0.292400 0.334200 0.184100 0.000000 0.185000 0.146800 0.149900 0.150400 0.182100 0.214200 0.115800 0.000000 0.221300 0.000000 0.117100 0.148600 0.220300 0.148600 0.177900 0.119100 0.182100 0.148600 0.184500 0.117100 0.115800 0.216000 0.117100 0.150400 0.119100 0.219200 0.184500 0.181900 0.145900 0.188000 0.000000 0.054400
GreaterKud 0.182500 0.412000 0.054400 0.284900 0.213800 0.216000 0.180800 0.252800 0.083200 0.180900 0.250300 0.147400 0.178700 0.213800 0.212500 0.214700 0.289200 0.251600 0.183800 0.054400 0.253400 0.211900 0.215900 0.217400 0.250300 0.283200 0.178700 0.054400 0.292400 0.054400 0.180900 0.213800 0.290900 0.213800 0.244000 0.181900 0.250300 0.213800 0.252800 0.180900 0.178800 0.285500 0.180900 0.217400 0.181900 0.290500 0.252800 0.180800 0.210800 0.256800 0.054400 0.000000
