1
52 1
Argali 0.000000 0.191300 0.124500 0.148800 0.081600 0.019600 0.124500 0.146500 0.124500 0.170800 0.060400 0.148200 0.149400 0.082800 0.081600 0.126200 0.124700 0.102800 0.060400 0.124500 0.126200 0.039800 0.125400 0.125500 0.039800 0.148600 0.125900 0.146600 0.126200 0.124500 0.146900 0.082800 0.223400 0.125900 0.125100 0.102300 0.060100 0.081600 0.126200 0.124600 0.103000 0.126200 0.148100 0.124600 0.102300 0.102600 0.103400 0.103800 0.150000 0.150300 0.124500 0.103000
LesserMous 0.191300 0.000000 0.101100 0.146800 0.146700 0.215700 0.145500 0.168600 0.101100 0.192800 0.168800 0.169300 0.170200 0.195600 0.146700 0.196400 0.145600 0.168300 0.169000 0.101100 0.196400 0.191700 0.193700 0.147000 0.191700 0.171700 0.146200 0.122900 0.196400 0.101100 0.168100 0.195600 0.297300 0.146200 0.145700 0.215900 0.167300 0.146700 0.196400 0.192900 0.169100 0.196400 0.168900 0.192900 0.215900 0.169800 0.220200 0.171100 0.219500 0.195000 0.101100 0.123500
LesserKudu 0.124500 0.101100 0.000000 0.104300 0.040300 0.102700 0.081800 0.103200 0.000000 0.172900 0.060700 0.060600 0.061500 0.083100 0.040300 0.083400 0.081400 0.059800 0.060800 0.000000 0.083400 0.081400 0.127400 0.083100 0.081400 0.105300 0.040200 0.019500 0.083400 0.000000 0.148300 0.083200 0.172400 0.040200 0.039800 0.102800 0.102600 0.040300 0.083400 0.126200 0.104200 0.083400 0.149800 0.126200 0.102800 0.060900 0.104900 0.056900 0.104800 0.082200 0.000000 0.019800
KillerWhal 0.148800 0.146800 0.104300 0.000000 0.105500 0.126200 0.104000 0.126100 0.104300 0.127500 0.127100 0.174600 0.128700 0.106600 0.105500 0.153400 0.103500 0.126200 0.083000 0.104300 0.153400 0.104200 0.105800 0.105700 0.104200 0.128900 0.105000 0.126500 0.153400 0.104300 0.104000 0.106600 0.199100 0.105000 0.104200 0.172400 0.081700 0.105500 0.153400 0.104800 0.083100 0.153400 0.105200 0.104800 0.172400 0.127800 0.176500 0.129500 0.175800 0.152400 0.104300 0.082700
DefassaWat 0.081600 0.146700 0.040300 0.105500 0.000000 0.060700 0.040300 0.060900 0.040300 0.127700 0.020000 0.061400 0.062500 0.041000 0.000000 0.041200 0.082200 0.103500 0.020000 0.040300 0.041200 0.040100 0.083900 0.041100 0.040100 0.062300 0.040700 0.061000 0.041200 0.040300 0.104200 0.041000 0.174100 0.040700 0.040300 0.060700 0.060600 0.000000 0.041200 0.082900 0.061700 0.041200 0.105500 0.082900 0.060700 0.020100 0.062100 0.020400 0.061900 0.128500 0.040300 0.020000
Sheep 0.019600 0.215700 0.102700 0.126200 0.060700 0.000000 0.102700 0.124200 0.102700 0.148000 0.040000 0.125600 0.126800 0.061500 0.060700 0.104300 0.102700 0.081200 0.039900 0.102700 0.105100 0.019700 0.103900 0.103800 0.019700 0.126300 0.103800 0.124300 0.104300 0.102700 0.124700 0.061500 0.197900 0.103800 0.103000 0.080900 0.039600 0.060700 0.104300 0.103000 0.081700 0.104300 0.125800 0.103000 0.080900 0.081400 0.082000 0.082400 0.127000 0.127300 0.102900 0.080800
MaxwellsDu 0.124500 0.145500 0.081800 0.104000 0.040300 0.102700 0.000000 0.060100 0.081800 0.125700 0.060700 0.103900 0.104800 0.083200 0.040300 0.083400 0.081200 0.147600 0.060800 0.081800 0.083400 0.081400 0.082500 0.040400 0.081400 0.061400 0.082500 0.103200 0.083400 0.081800 0.102800 0.083200 0.221800 0.082500 0.081800 0.102800 0.059800 0.040300 0.083400 0.081700 0.060700 0.083400 0.103800 0.081700 0.102800 0.060900 0.104900 0.061800 0.061200 0.174400 0.081800 0.060900
GazellaPrz 0.146500 0.168600 0.103200 0.126100 0.060900 0.124200 0.060100 0.000000 0.103200 0.103100 0.081500 0.103300 0.127200 0.104700 0.060900 0.061500 0.081000 0.147300 0.081600 0.103200 0.061500 0.102500 0.104100 0.061100 0.102500 0.040300 0.103800 0.125100 0.061500 0.103200 0.124600 0.104700 0.246700 0.103800 0.103000 0.124300 0.080400 0.060900 0.061500 0.060300 0.081700 0.061500 0.125800 0.060300 0.124300 0.039900 0.082500 0.083100 0.126600 0.173900 0.103200 0.081700
MountainNy 0.124500 0.101100 0.000000 0.104300 0.040300 0.102700 0.081800 0.103200 0.000000 0.172900 0.060700 0.060600 0.061500 0.083200 0.040300 0.083400 0.081400 0.059800 0.060800 0.000000 0.083400 0.081400 0.127400 0.083100 0.081400 0.105300 0.040200 0.019500 0.083400 0.000000 0.148300 0.083200 0.172400 0.040200 0.039800 0.102800 0.102600 0.040300 0.083400 0.126200 0.104200 0.083400 0.149800 0.126200 0.102800 0.060900 0.104900 0.061800 0.104800 0.082200 0.000000 0.019800
MuntiacusM 0.170800 0.192800 0.172900 0.127500 0.127700 0.148000 0.125700 0.103100 0.172900 0.000000 0.149400 0.198100 0.151500 0.128800 0.127700 0.129100 0.171400 0.195900 0.104500 0.172900 0.129100 0.125800 0.083300 0.082700 0.126000 0.105600 0.174000 0.196900 0.129100 0.172900 0.060400 0.128800 0.221800 0.174000 0.172400 0.195100 0.102800 0.127700 0.129100 0.040100 0.061200 0.129100 0.019200 0.040100 0.195100 0.104500 0.151400 0.106000 0.199000 0.200200 0.172900 0.149700
goat 0.060400 0.168800 0.060700 0.127100 0.020000 0.040000 0.060700 0.081500 0.060700 0.149400 0.000000 0.082300 0.083500 0.061900 0.020000 0.061900 0.103400 0.125100 0.040500 0.060700 0.061900 0.019800 0.105000 0.061600 0.019800 0.083200 0.061300 0.081600 0.061900 0.060700 0.125500 0.061800 0.197700 0.061200 0.060800 0.081400 0.039800 0.020000 0.061900 0.103900 0.082500 0.061900 0.126900 0.103900 0.081400 0.040200 0.083000 0.040800 0.083100 0.150900 0.060700 0.040200
AfricanBuf 0.148200 0.169300 0.060600 0.174600 0.061400 0.125600 0.103900 0.103300 0.060600 0.198100 0.082300 0.000000 0.128500 0.105800 0.061400 0.106000 0.124200 0.101400 0.082400 0.060600 0.106000 0.103600 0.151100 0.105400 0.103600 0.128400 0.104900 0.081500 0.106000 0.060600 0.172500 0.105800 0.199100 0.104900 0.104100 0.081900 0.125300 0.061400 0.106000 0.149700 0.127100 0.106000 0.174200 0.149700 0.081900 0.082500 0.128100 0.083700 0.128100 0.150800 0.060600 0.082500
Topi 0.149400 0.170200 0.061500 0.128700 0.062500 0.126800 0.104800 0.127200 0.061500 0.151500 0.083500 0.128500 0.000000 0.107400 0.062500 0.107600 0.104400 0.126300 0.083600 0.061700 0.107600 0.104800 0.106700 0.062600 0.104800 0.128900 0.020300 0.082600 0.107600 0.061500 0.127100 0.107400 0.200000 0.020300 0.061500 0.127000 0.126200 0.062500 0.107600 0.105300 0.083600 0.107600 0.128800 0.105300 0.127000 0.083700 0.129800 0.041500 0.129700 0.152700 0.061500 0.040700
CommonDuik 0.082800 0.195600 0.083100 0.106600 0.041000 0.061500 0.083200 0.104700 0.083200 0.128800 0.061900 0.105800 0.107400 0.000000 0.041000 0.084800 0.127700 0.104900 0.020200 0.083200 0.084800 0.040600 0.084500 0.084400 0.040400 0.106900 0.084200 0.104900 0.084800 0.083200 0.105200 0.000000 0.177300 0.084200 0.083400 0.104800 0.061300 0.041000 0.084800 0.083600 0.062200 0.084800 0.106400 0.083600 0.104800 0.061900 0.106700 0.062900 0.061300 0.130300 0.083200 0.062000
Suni 0.081600 0.146700 0.040300 0.105500 0.000000 0.060700 0.040300 0.060900 0.040300 0.127700 0.020000 0.061400 0.062500 0.041000 0.000000 0.041200 0.082200 0.103500 0.019300 0.040300 0.041200 0.040100 0.083900 0.041100 0.040100 0.062300 0.040700 0.061000 0.041200 0.040300 0.104200 0.041000 0.174100 0.040700 0.040300 0.060700 0.060600 0.000000 0.041200 0.082900 0.061700 0.041200 0.105500 0.082900 0.060700 0.020100 0.062100 0.020400 0.061900 0.128500 0.040300 0.020000
Springbuck 0.126200 0.196400 0.083400 0.153400 0.041200 0.104300 0.083400 0.061500 0.083400 0.129100 0.061900 0.106000 0.107600 0.084800 0.041200 0.000000 0.127700 0.149900 0.062000 0.083100 0.000000 0.082900 0.130800 0.085200 0.082900 0.019900 0.084100 0.105300 0.000000 0.083400 0.151500 0.084800 0.224900 0.084100 0.083200 0.104400 0.104500 0.041200 0.000000 0.083800 0.106700 0.000000 0.153500 0.083800 0.104400 0.020200 0.019100 0.063300 0.106500 0.153300 0.083400 0.062100
Okapi 0.124700 0.145600 0.081400 0.103500 0.082200 0.102700 0.081200 0.081000 0.081400 0.171400 0.103400 0.124200 0.104400 0.127700 0.082200 0.127700 0.000000 0.059100 0.103400 0.081400 0.127700 0.125100 0.126000 0.082100 0.125100 0.104300 0.082000 0.102800 0.127700 0.081400 0.147200 0.127700 0.222600 0.082000 0.081500 0.102700 0.102100 0.082200 0.127700 0.125100 0.103200 0.127700 0.148400 0.125100 0.102700 0.103600 0.104400 0.104800 0.150400 0.150400 0.081400 0.060500
Giraffe 0.102800 0.168300 0.059800 0.126200 0.103500 0.081200 0.147600 0.147300 0.059800 0.195900 0.125100 0.101400 0.126300 0.104900 0.103500 0.149900 0.059100 0.000000 0.081700 0.059800 0.149900 0.102900 0.149100 0.148900 0.102900 0.173200 0.103400 0.080500 0.149900 0.059800 0.171000 0.104900 0.197900 0.103400 0.102900 0.124600 0.124600 0.103500 0.149900 0.148100 0.125700 0.149900 0.172200 0.148100 0.124600 0.125200 0.126200 0.126500 0.173800 0.082300 0.059800 0.081400
TibetanAnt 0.060400 0.169000 0.060800 0.083000 0.020000 0.039900 0.060800 0.081600 0.060800 0.104500 0.040500 0.082400 0.083600 0.020200 0.019300 0.062000 0.103400 0.081700 0.000000 0.060800 0.062100 0.019800 0.061800 0.061700 0.019800 0.083300 0.061400 0.081700 0.062000 0.060800 0.082000 0.020200 0.150200 0.061400 0.060800 0.081500 0.039800 0.020000 0.062000 0.061100 0.040500 0.062000 0.082900 0.061100 0.081500 0.040200 0.083100 0.040900 0.083100 0.105500 0.060800 0.040200
Sitatunga 0.124500 0.101100 0.000000 0.104300 0.040300 0.102700 0.081800 0.103200 0.000000 0.172900 0.060700 0.060600 0.061700 0.083200 0.040300 0.083100 0.081400 0.059800 0.060800 0.000000 0.083400 0.081400 0.127400 0.083100 0.081400 0.105300 0.040200 0.019500 0.083400 0.000000 0.148300 0.083200 0.172400 0.040200 0.039800 0.102800 0.102600 0.040300 0.083400 0.126200 0.104200 0.083400 0.149800 0.126200 0.102800 0.060900 0.104900 0.061800 0.104800 0.082200 0.000000 0.019300
Oribi 0.126200 0.196400 0.083400 0.153400 0.041200 0.105100 0.083400 0.061500 0.083400 0.129100 0.061900 0.106000 0.107600 0.084800 0.041200 0.000000 0.127700 0.149900 0.062100 0.083400 0.000000 0.082900 0.130800 0.085200 0.082900 0.019900 0.084100 0.105300 0.000000 0.083400 0.151500 0.084800 0.224900 0.084100 0.083200 0.104400 0.104500 0.041200 0.000000 0.083800 0.106700 0.000000 0.153500 0.083800 0.104400 0.020200 0.019800 0.057500 0.106500 0.153300 0.083400 0.062100
BarbaryShe 0.039800 0.191700 0.081400 0.104200 0.040100 0.019700 0.081400 0.102500 0.081400 0.125800 0.019800 0.103600 0.104800 0.040600 0.040100 0.082900 0.125100 0.102900 0.019800 0.081400 0.082900 0.000000 0.082600 0.082500 0.000000 0.104500 0.082300 0.102700 0.082900 0.081400 0.102500 0.040600 0.173400 0.082300 0.081400 0.102600 0.019600 0.040100 0.082900 0.081700 0.060900 0.082900 0.104000 0.081700 0.102600 0.060600 0.104300 0.061400 0.104600 0.127500 0.081400 0.060700
Daviddeer 0.125400 0.193700 0.127400 0.105800 0.083900 0.103900 0.082500 0.104100 0.127400 0.083300 0.105000 0.151100 0.106700 0.084500 0.083900 0.130800 0.126000 0.149100 0.061800 0.127400 0.130800 0.082600 0.000000 0.041000 0.082600 0.106800 0.128500 0.150200 0.130800 0.127400 0.061100 0.084500 0.223600 0.128500 0.127100 0.148800 0.060600 0.083900 0.130800 0.040600 0.020100 0.130800 0.061900 0.040600 0.148800 0.105700 0.153200 0.062800 0.151900 0.176800 0.127400 0.105300
Reindeer 0.125500 0.147000 0.083100 0.105700 0.041100 0.103800 0.040400 0.061100 0.083100 0.082700 0.061600 0.105400 0.062600 0.084400 0.041100 0.085200 0.082100 0.148900 0.061700 0.083100 0.085200 0.082500 0.041000 0.000000 0.082500 0.062700 0.083700 0.104800 0.085200 0.083100 0.061000 0.084400 0.223400 0.083700 0.082800 0.103900 0.060600 0.041100 0.085200 0.040500 0.020100 0.085200 0.061800 0.040500 0.103900 0.062000 0.106800 0.020500 0.107000 0.176600 0.083100 0.061800
Ibex 0.039800 0.191700 0.081400 0.104200 0.040100 0.019700 0.081400 0.102500 0.081400 0.126000 0.019800 0.103600 0.104800 0.040400 0.040100 0.082900 0.125100 0.102900 0.019800 0.081400 0.082900 0.000000 0.082600 0.082500 0.000000 0.104500 0.082300 0.102700 0.082900 0.081400 0.103000 0.040600 0.173400 0.082300 0.081600 0.102600 0.019600 0.040100 0.082900 0.081700 0.060900 0.082900 0.104000 0.081700 0.102600 0.060600 0.104300 0.061400 0.104600 0.127500 0.081400 0.060700
GyrantGaze 0.148600 0.171700 0.105300 0.128900 0.062300 0.126300 0.061400 0.040300 0.105300 0.105600 0.083200 0.128400 0.128900 0.106900 0.062300 0.019900 0.104300 0.173200 0.083300 0.105300 0.019900 0.104500 0.106800 0.062700 0.104500 0.000000 0.105900 0.127800 0.019900 0.105300 0.127400 0.106900 0.249700 0.105900 0.104900 0.126400 0.081900 0.062300 0.019200 0.061700 0.083700 0.019900 0.128900 0.061700 0.126400 0.040900 0.039900 0.085200 0.128800 0.177000 0.105300 0.083400
Hartebeest 0.125900 0.146200 0.040200 0.105000 0.040700 0.103800 0.082500 0.103800 0.040200 0.174000 0.061300 0.104900 0.020300 0.084200 0.040700 0.084100 0.082000 0.103400 0.061400 0.040200 0.084100 0.082300 0.128500 0.083700 0.082300 0.105900 0.000000 0.060700 0.084100 0.040200 0.149200 0.084200 0.174700 0.000000 0.040300 0.103900 0.103400 0.040700 0.084100 0.127000 0.105100 0.084100 0.151000 0.127000 0.103900 0.061400 0.105800 0.062500 0.097400 0.128300 0.040200 0.020000
Bongo 0.146600 0.122900 0.019500 0.126500 0.061000 0.124300 0.103200 0.125100 0.019500 0.196900 0.081600 0.081500 0.082600 0.104900 0.061000 0.105300 0.102800 0.080500 0.081700 0.019500 0.105300 0.102700 0.150200 0.104800 0.102700 0.127800 0.060700 0.000000 0.105300 0.019500 0.171400 0.104900 0.196100 0.060700 0.060200 0.124500 0.124300 0.061000 0.105300 0.148800 0.126300 0.105300 0.173100 0.148800 0.124500 0.082000 0.127200 0.083100 0.126800 0.103800 0.019500 0.039900
Gerenuk 0.126200 0.196400 0.083400 0.153400 0.041200 0.104300 0.083400 0.061500 0.083400 0.129100 0.061900 0.106000 0.107600 0.084800 0.041200 0.000000 0.127700 0.149900 0.062000 0.083400 0.000000 0.082900 0.130800 0.085200 0.082900 0.019900 0.084100 0.105300 0.000000 0.083400 0.151500 0.084800 0.224900 0.084100 0.083200 0.104400 0.104500 0.041200 0.000000 0.083800 0.106700 0.000000 0.153500 0.083800 0.104400 0.020200 0.019300 0.063300 0.106500 0.153300 0.083400 0.062100
CommonElan 0.124500 0.101100 0.000000 0.104300 0.040300 0.102700 0.081800 0.103200 0.000000 0.172900 0.060700 0.060600 0.061500 0.083200 0.040300 0.083400 0.081400 0.059800 0.060800 0.000000 0.083400 0.081400 0.127400 0.083100 0.081400 0.105300 0.040200 0.019500 0.083400 0.000000 0.148300 0.083200 0.172400 0.040200 0.039800 0.102800 0.102600 0.040300 0.083400 0.126200 0.104200 0.083400 0.149800 0.126200 0.102800 0.056400 0.104900 0.061800 0.104800 0.082200 0.000000 0.019800
MuntiacusR 0.146900 0.168100 0.148300 0.104000 0.104200 0.124700 0.102800 0.124600 0.148300 0.060400 0.125500 0.172500 0.127100 0.105200 0.104200 0.151500 0.147200 0.171000 0.082000 0.148300 0.151500 0.102500 0.061100 0.061000 0.103000 0.127400 0.149200 0.171400 0.151500 0.148300 0.000000 0.105200 0.196200 0.149200 0.148000 0.170200 0.080800 0.104200 0.151500 0.060500 0.040000 0.151500 0.039900 0.060500 0.170200 0.125700 0.174300 0.083000 0.173400 0.199000 0.148300 0.125800
HarveysDui 0.082800 0.195600 0.083200 0.106600 0.041000 0.061500 0.083200 0.104700 0.083200 0.128800 0.061800 0.105800 0.107400 0.000000 0.041000 0.084800 0.127700 0.104900 0.020200 0.083200 0.084800 0.040600 0.084500 0.084400 0.040600 0.106900 0.084200 0.104900 0.084800 0.083200 0.105200 0.000000 0.177300 0.084200 0.083400 0.104800 0.061300 0.041000 0.084800 0.083600 0.062200 0.084800 0.106400 0.083600 0.104800 0.061900 0.106700 0.062900 0.061300 0.130300 0.083200 0.062000
Pronghorn 0.223400 0.297300 0.172400 0.199100 0.174100 0.197900 0.221800 0.246700 0.172400 0.221800 0.197700 0.199100 0.200000 0.177300 0.174100 0.224900 0.222600 0.197900 0.150200 0.172400 0.224900 0.173400 0.223600 0.223400 0.173400 0.249700 0.174700 0.196100 0.224900 0.172400 0.196200 0.177300 0.000000 0.174700 0.173500 0.198100 0.196500 0.174100 0.224900 0.221800 0.197800 0.224900 0.197800 0.221800 0.198100 0.197400 0.250400 0.199600 0.253500 0.227200 0.172400 0.149800
BlueWildeb 0.125900 0.146200 0.040200 0.105000 0.040700 0.103800 0.082500 0.103800 0.040200 0.174000 0.061200 0.104900 0.020300 0.084200 0.040700 0.084100 0.082000 0.103400 0.061400 0.040200 0.084100 0.082300 0.128500 0.083700 0.082300 0.105900 0.000000 0.060700 0.084100 0.040200 0.149200 0.084200 0.174700 0.000000 0.040300 0.103900 0.103400 0.040700 0.084100 0.127000 0.105100 0.084100 0.151000 0.127000 0.103900 0.061400 0.105800 0.062500 0.106100 0.128300 0.040000 0.020000
Gemsbok 0.125100 0.145700 0.039800 0.104200 0.040300 0.103000 0.081800 0.103000 0.039800 0.172400 0.060800 0.104100 0.061500 0.083400 0.040300 0.083200 0.081500 0.102900 0.060800 0.039800 0.083200 0.081400 0.127100 0.082800 0.081600 0.104900 0.040300 0.060200 0.083200 0.039800 0.148000 0.083400 0.173500 0.040300 0.000000 0.103100 0.102700 0.040300 0.083200 0.125800 0.104000 0.083200 0.149500 0.125800 0.103100 0.060800 0.104800 0.061700 0.105100 0.127400 0.039800 0.019800
Yak 0.102300 0.215900 0.102800 0.172400 0.060700 0.080900 0.102800 0.124300 0.102800 0.195100 0.081400 0.081900 0.127000 0.104800 0.060700 0.104400 0.102700 0.124600 0.081500 0.102800 0.104400 0.102600 0.148800 0.103900 0.102600 0.126400 0.103900 0.124500 0.104400 0.102800 0.170200 0.104800 0.198100 0.103900 0.103100 0.000000 0.124000 0.060700 0.104400 0.147500 0.125400 0.104400 0.171800 0.147500 0.000000 0.081400 0.082000 0.082500 0.127100 0.173900 0.102800 0.081100
BlueSheep 0.060100 0.167300 0.102600 0.081700 0.060600 0.039600 0.059800 0.080400 0.102600 0.102800 0.039800 0.125300 0.126200 0.061300 0.060600 0.104500 0.102100 0.124600 0.039800 0.102600 0.104500 0.019600 0.060600 0.060600 0.019600 0.081900 0.103400 0.124300 0.104500 0.102600 0.080800 0.061300 0.196500 0.103400 0.102700 0.124000 0.000000 0.060600 0.104500 0.060100 0.039800 0.104300 0.081500 0.060100 0.124000 0.081400 0.126300 0.082500 0.126400 0.150000 0.102600 0.081400
BohorReedb 0.081600 0.146700 0.040300 0.105500 0.000000 0.060700 0.040300 0.060900 0.040300 0.127700 0.020000 0.061400 0.062500 0.041000 0.000000 0.041200 0.082200 0.103500 0.020000 0.040300 0.041200 0.040100 0.083900 0.041100 0.040100 0.062300 0.040700 0.061000 0.041200 0.040300 0.104200 0.041000 0.174100 0.040700 0.040300 0.060700 0.060600 0.000000 0.041200 0.082900 0.061700 0.041200 0.105500 0.082900 0.060700 0.020100 0.062100 0.020400 0.061900 0.128500 0.040300 0.020000
KirksDik 0.126200 0.196400 0.083400 0.153400 0.041200 0.104300 0.083400 0.061500 0.083400 0.129100 0.061900 0.106000 0.107600 0.084800 0.041200 0.000000 0.127700 0.149900 0.062000 0.083400 0.000000 0.082900 0.130800 0.085200 0.082900 0.019200 0.084100 0.105300 0.000000 0.083400 0.151500 0.084800 0.224900 0.084100 0.083200 0.104400 0.104500 0.041200 0.000000 0.083800 0.106700 0.000000 0.153500 0.083900 0.104400 0.020200 0.019800 0.063300 0.106500 0.153300 0.083400 0.062100
RoeDeer 0.124600 0.192900 0.126200 0.104800 0.082900 0.103000 0.081700 0.060300 0.126200 0.040100 0.103900 0.149700 0.105300 0.083600 0.082900 0.083800 0.125100 0.148100 0.061100 0.126200 0.083800 0.081700 0.040600 0.040500 0.081700 0.061700 0.127000 0.148800 0.083800 0.126200 0.060500 0.083600 0.221800 0.127000 0.125800 0.147500 0.060100 0.082900 0.083800 0.000000 0.019900 0.083800 0.061200 0.000000 0.147500 0.056300 0.105200 0.062000 0.150400 0.151300 0.126200 0.104200
WhiteLippe 0.103000 0.169100 0.104200 0.083100 0.061700 0.081700 0.060700 0.081700 0.104200 0.061200 0.082500 0.127100 0.083600 0.062200 0.061700 0.106700 0.103200 0.125700 0.040500 0.104200 0.106700 0.060900 0.020100 0.020100 0.060900 0.083700 0.105100 0.126300 0.106700 0.104200 0.040000 0.062200 0.197800 0.105100 0.104000 0.125400 0.039800 0.061700 0.106700 0.019900 0.000000 0.106700 0.040400 0.019900 0.125400 0.082900 0.128600 0.041000 0.127900 0.151900 0.104200 0.082700
ThomsonGaz 0.126200 0.196400 0.083400 0.153400 0.041200 0.104300 0.083400 0.061500 0.083400 0.129100 0.061900 0.106000 0.107600 0.084800 0.041200 0.000000 0.127700 0.149900 0.062000 0.083400 0.000000 0.082900 0.130800 0.085200 0.082900 0.019900 0.084100 0.105300 0.000000 0.083400 0.151500 0.084800 0.224900 0.084100 0.083200 0.104400 0.104300 0.041200 0.000000 0.083800 0.106700 0.000000 0.153500 0.083800 0.104400 0.020200 0.019800 0.063200 0.106500 0.152600 0.083400 0.062100
MuntiacusC 0.148100 0.168900 0.149800 0.105200 0.105500 0.125800 0.103800 0.125800 0.149800 0.019200 0.126900 0.174200 0.128800 0.106400 0.105500 0.153500 0.148400 0.172200 0.082900 0.149800 0.153500 0.104000 0.061900 0.061800 0.104000 0.128900 0.151000 0.173100 0.153500 0.149800 0.039900 0.106400 0.197800 0.151000 0.149500 0.171800 0.081500 0.105500 0.153500 0.061200 0.040400 0.153500 0.000000 0.061200 0.171800 0.127700 0.176300 0.084100 0.175300 0.200900 0.149800 0.127200
WhiteTaile 0.124600 0.192900 0.126200 0.104800 0.082900 0.103000 0.081700 0.060300 0.126200 0.040100 0.103900 0.149700 0.105300 0.083600 0.082900 0.083800 0.125100 0.148100 0.061100 0.126200 0.083800 0.081700 0.040600 0.040500 0.081700 0.061700 0.127000 0.148800 0.083800 0.126200 0.060500 0.083600 0.221800 0.127000 0.125800 0.147500 0.060100 0.082900 0.083900 0.000000 0.019900 0.083800 0.061200 0.000000 0.147500 0.061100 0.105200 0.062000 0.150400 0.151300 0.126200 0.104200
Cattle 0.102300 0.215900 0.102800 0.172400 0.060700 0.080900 0.102800 0.124300 0.102800 0.195100 0.081400 0.081900 0.127000 0.104800 0.060700 0.104400 0.102700 0.124600 0.081500 0.102800 0.104400 0.102600 0.148800 0.103900 0.102600 0.126400 0.103900 0.124500 0.104400 0.102800 0.170200 0.104800 0.198100 0.103900 0.103100 0.000000 0.124000 0.060700 0.104400 0.147500 0.125400 0.104400 0.171800 0.147500 0.000000 0.081400 0.081600 0.082500 0.127100 0.173900 0.102800 0.081700
RoyalAntel 0.102600 0.169800 0.060900 0.127800 0.020100 0.081400 0.060900 0.039900 0.060900 0.104500 0.040200 0.082500 0.083700 0.061900 0.020100 0.020200 0.103600 0.125200 0.040200 0.060900 0.020200 0.060600 0.105700 0.062000 0.060600 0.040900 0.061400 0.082000 0.020200 0.056400 0.125700 0.061900 0.197400 0.061400 0.060800 0.081400 0.081400 0.020100 0.020200 0.056300 0.082900 0.020200 0.127700 0.061100 0.081400 0.000000 0.040600 0.041000 0.083100 0.127900 0.060900 0.040300
Steenbok 0.103400 0.220200 0.104900 0.176500 0.062100 0.082000 0.104900 0.082500 0.104900 0.151400 0.083000 0.128100 0.129800 0.106700 0.062100 0.019100 0.104400 0.126200 0.083100 0.104900 0.019800 0.104300 0.153200 0.106800 0.104300 0.039900 0.105800 0.127200 0.019300 0.104900 0.174300 0.106700 0.250400 0.105800 0.104800 0.082000 0.126300 0.062100 0.019800 0.105200 0.128600 0.019800 0.176300 0.105200 0.081600 0.040600 0.000000 0.084700 0.128800 0.152700 0.104900 0.083200
Impala 0.103800 0.171100 0.056900 0.129500 0.020400 0.082400 0.061800 0.083100 0.061800 0.106000 0.040800 0.083700 0.041500 0.062900 0.020400 0.063300 0.104800 0.126500 0.040900 0.061800 0.057500 0.061400 0.062800 0.020500 0.061400 0.085200 0.062500 0.083100 0.063300 0.061800 0.083000 0.062900 0.199600 0.062500 0.061700 0.082500 0.082500 0.020400 0.063300 0.062000 0.041000 0.063200 0.084100 0.062000 0.082500 0.041000 0.084700 0.000000 0.084300 0.153200 0.061800 0.040900
Klipspring 0.150000 0.219500 0.104800 0.175800 0.061900 0.127000 0.061200 0.126600 0.104800 0.199000 0.083100 0.128100 0.129700 0.061300 0.061900 0.106500 0.150400 0.173800 0.083100 0.104800 0.106500 0.104600 0.151900 0.107000 0.104600 0.128800 0.097400 0.126800 0.106500 0.104800 0.173400 0.061300 0.253500 0.106100 0.105100 0.127100 0.126400 0.061900 0.106500 0.150400 0.127900 0.106500 0.175300 0.150400 0.127100 0.083100 0.128800 0.084300 0.000000 0.202200 0.105000 0.083300
ForestMusk 0.150300 0.195000 0.082200 0.152400 0.128500 0.127300 0.174400 0.173900 0.082200 0.200200 0.150900 0.150800 0.152700 0.130300 0.128500 0.153300 0.150400 0.082300 0.105500 0.082200 0.153300 0.127500 0.176800 0.176600 0.127500 0.177000 0.128300 0.103800 0.153300 0.082200 0.199000 0.130300 0.227200 0.128300 0.127400 0.173900 0.150000 0.128500 0.153300 0.151300 0.151900 0.152600 0.200900 0.151300 0.173900 0.127900 0.152700 0.153200 0.202200 0.000000 0.082200 0.105100
Bushbuck 0.124500 0.101100 0.000000 0.104300 0.040300 0.102900 0.081800 0.103200 0.000000 0.172900 0.060700 0.060600 0.061500 0.083200 0.040300 0.083400 0.081400 0.059800 0.060800 0.000000 0.083400 0.081400 0.127400 0.083100 0.081400 0.105300 0.040200 0.019500 0.083400 0.000000 0.148300 0.083200 0.172400 0.040000 0.039800 0.102800 0.102600 0.040300 0.083400 0.126200 0.104200 0.083400 0.149800 0.126200 0.102800 0.060900 0.104900 0.061800 0.105000 0.082200 0.000000 0.019800
GreaterKud 0.103000 0.123500 0.019800 0.082700 0.020000 0.080800 0.060900 0.081700 0.019800 0.149700 0.040200 0.082500 0.040700 0.062000 0.020000 0.062100 0.060500 0.081400 0.040200 0.019300 0.062100 0.060700 0.105300 0.061800 0.060700 0.083400 0.020000 0.039900 0.062100 0.019800 0.125800 0.062000 0.149800 0.020000 0.019800 0.081100 0.081400 0.020000 0.062100 0.104200 0.082700 0.062100 0.127200 0.104200 0.081700 0.040300 0.083200 0.040900 0.083300 0.105100 0.019800 0.000000
