CODONML (in paml version 4.10.7, June 2023)  /home/rachel/ruminants_paml/6406-phy-tree/ENSBTAT00000055001.fasta.phy
Model: free dN/dS Ratios for branches,  kappa = 2.000 fixed

Codon frequency model: F3x4
ns =  54  ls = 155

Codon usage in sequences
--------------------------------------------------------------------------------------------------------------------------------------
Phe TTT   3   3   4   4   3   3 | Ser TCT   2   1   2   2   3   2 | Tyr TAT   6   7   7   6   3   6 | Cys TGT   2   2   2   2   1   1
    TTC   0   0   0   0   0   0 |     TCC   1   2   1   1   0   0 |     TAC   5   4   4   5   7   5 |     TGC   1   1   1   1   2   2
Leu TTA   1   1   1   1   1   1 |     TCA   2   2   2   2   1   3 | *** TAA   0   0   0   0   0   0 | *** TGA   0   0   0   0   0   0
    TTG   6   5   6   7   3   5 |     TCG   0   0   0   0   1   0 |     TAG   0   0   0   0   0   0 | Trp TGG   2   2   3   2   2   2
--------------------------------------------------------------------------------------------------------------------------------------
Leu CTT   5   5   4   6   4   4 | Pro CCT   2   2   2   2   1   2 | His CAT   3   3   3   3   1   2 | Arg CGT   0   0   0   0   0   0
    CTC   3   3   3   1   3   5 |     CCC   1   1   1   1   1   1 |     CAC   1   1   1   1   4   2 |     CGC   1   1   1   1   1   1
    CTA   1   1   1   1   1   1 |     CCA   2   2   2   2   2   2 | Gln CAA   1   1   1   0   1   1 |     CGA   2   3   2   2   2   2
    CTG   2   3   2   1   6   2 |     CCG   0   0   0   0   1   0 |     CAG   4   4   4   5   4   4 |     CGG   2   2   1   2   1   2
--------------------------------------------------------------------------------------------------------------------------------------
Ile ATT   4   4   4   4   1   4 | Thr ACT   1   1   1   1   1   1 | Asn AAT   1   1   1   2   1   2 | Ser AGT   1   1   1   1   0   1
    ATC   7   6   7   7   8   7 |     ACC   1   1   1   0   2   1 |     AAC   2   2   2   1   2   1 |     AGC   5   5   5   5   6   5
    ATA   1   1   1   1   1   1 |     ACA   1   1   1   2   1   1 | Lys AAA   6   6   6   6   3   6 | Arg AGA   4   3   4   4   3   4
Met ATG   7   7   7   6   7   7 |     ACG   1   1   1   0   1   1 |     AAG   5   5   5   5   7   5 |     AGG   2   2   2   2   5   2
--------------------------------------------------------------------------------------------------------------------------------------
Val GTT   3   3   4   3   1   3 | Ala GCT   2   2   2   3   1   2 | Asp GAT   5   5   5   4   4   6 | Gly GGT   1   1   1   1   1   1
    GTC   1   1   0   1   1   0 |     GCC   1   1   1   1   2   1 |     GAC   4   4   4   5   5   3 |     GGC   0   0   0   0   0   0
    GTA   2   3   3   2   1   4 |     GCA   2   4   3   3   1   3 | Glu GAA  12  11  12  12   6  12 |     GGA   1   1   1   1   1   1
    GTG   4   4   3   5   8   3 |     GCG   3   1   2   2   4   2 |     GAG   4   5   4   4  10   4 |     GGG   0   0   0   0   0   0
--------------------------------------------------------------------------------------------------------------------------------------

--------------------------------------------------------------------------------------------------------------------------------------
Phe TTT   3   3   4   2   3   3 | Ser TCT   2   2   1   2   2   2 | Tyr TAT   6   6   7   6   6   6 | Cys TGT   2   2   2   2   2   2
    TTC   0   0   0   1   0   0 |     TCC   1   1   2   1   1   1 |     TAC   5   5   4   5   5   5 |     TGC   1   1   1   1   1   1
Leu TTA   1   1   1   1   1   1 |     TCA   2   2   2   2   2   2 | *** TAA   0   0   0   0   0   0 | *** TGA   0   0   0   0   0   0
    TTG   6   6   6   6   6   6 |     TCG   0   0   0   0   0   0 |     TAG   0   0   0   0   0   0 | Trp TGG   2   2   2   2   2   2
--------------------------------------------------------------------------------------------------------------------------------------
Leu CTT   5   5   5   5   5   5 | Pro CCT   2   2   2   2   2   2 | His CAT   3   3   3   3   3   3 | Arg CGT   0   0   0   0   0   0
    CTC   3   3   2   3   3   3 |     CCC   1   1   1   1   1   1 |     CAC   1   1   1   1   1   1 |     CGC   1   1   1   1   1   1
    CTA   1   1   1   1   1   1 |     CCA   2   2   2   2   2   2 | Gln CAA   1   1   1   1   1   1 |     CGA   3   2   2   2   2   2
    CTG   2   2   2   2   2   2 |     CCG   0   0   0   0   0   0 |     CAG   4   4   4   4   4   4 |     CGG   2   2   2   2   2   2
--------------------------------------------------------------------------------------------------------------------------------------
Ile ATT   4   4   4   4   4   4 | Thr ACT   1   1   1   1   1   1 | Asn AAT   1   1   1   1   1   1 | Ser AGT   1   1   1   0   1   1
    ATC   7   7   7   7   6   7 |     ACC   1   1   0   1   1   1 |     AAC   2   2   2   2   2   2 |     AGC   5   5   5   6   5   5
    ATA   1   1   2   1   1   1 |     ACA   1   1   2   1   1   1 | Lys AAA   6   6   6   5   6   6 | Arg AGA   3   4   5   4   4   3
Met ATG   7   7   6   7   7   7 |     ACG   1   1   0   1   1   1 |     AAG   5   5   5   6   5   5 |     AGG   2   2   1   2   2   3
--------------------------------------------------------------------------------------------------------------------------------------
Val GTT   3   3   3   3   5   3 | Ala GCT   2   2   3   2   2   2 | Asp GAT   5   5   3   5   5   5 | Gly GGT   1   1   1   1   1   1
    GTC   1   1   0   1   0   0 |     GCC   1   1   1   1   1   1 |     GAC   4   4   5   4   4   4 |     GGC   0   0   0   0   0   0
    GTA   2   2   3   2   2   3 |     GCA   3   2   3   4   3   3 | Glu GAA  12  12  12  12  12  12 |     GGA   1   1   1   1   1   1
    GTG   4   4   4   4   4   4 |     GCG   2   3   2   1   2   2 |     GAG   4   4   5   4   4   4 |     GGG   0   0   0   0   0   0
--------------------------------------------------------------------------------------------------------------------------------------

--------------------------------------------------------------------------------------------------------------------------------------
Phe TTT   3   3   3   3   3   3 | Ser TCT   2   1   2   2   3   2 | Tyr TAT   5   6   6   6   6   5 | Cys TGT   2   2   2   2   2   2
    TTC   0   0   0   0   0   0 |     TCC   1   1   1   1   0   1 |     TAC   6   5   5   5   5   6 |     TGC   1   1   1   1   1   1
Leu TTA   1   1   1   1   1   1 |     TCA   2   2   2   2   2   2 | *** TAA   0   0   0   0   0   0 | *** TGA   0   0   0   0   0   0
    TTG   6   6   6   6   6   6 |     TCG   0   0   0   0   0   0 |     TAG   0   0   0   0   0   0 | Trp TGG   2   2   2   2   2   2
--------------------------------------------------------------------------------------------------------------------------------------
Leu CTT   5   5   5   5   5   5 | Pro CCT   2   2   2   2   2   2 | His CAT   3   3   3   3   3   3 | Arg CGT   0   0   0   0   0   0
    CTC   3   3   3   3   3   3 |     CCC   1   1   1   1   1   1 |     CAC   1   1   1   1   1   1 |     CGC   1   1   1   1   1   1
    CTA   1   1   1   1   1   1 |     CCA   2   2   2   2   2   2 | Gln CAA   1   1   1   1   1   1 |     CGA   2   2   2   2   2   2
    CTG   2   2   2   2   2   2 |     CCG   0   0   0   0   0   0 |     CAG   4   4   4   4   4   4 |     CGG   2   2   2   2   2   2
--------------------------------------------------------------------------------------------------------------------------------------
Ile ATT   4   4   4   4   4   3 | Thr ACT   1   1   1   1   1   1 | Asn AAT   1   1   1   1   1   1 | Ser AGT   1   1   1   1   1   1
    ATC   7   7   7   7   7   7 |     ACC   1   1   1   1   1   1 |     AAC   2   2   2   2   2   2 |     AGC   5   5   5   5   5   5
    ATA   1   1   1   1   1   2 |     ACA   1   1   1   1   1   1 | Lys AAA   6   7   7   6   6   5 | Arg AGA   4   4   3   4   4   4
Met ATG   7   7   7   7   7   7 |     ACG   1   1   1   1   1   1 |     AAG   5   4   5   5   5   6 |     AGG   2   2   2   2   2   2
--------------------------------------------------------------------------------------------------------------------------------------
Val GTT   3   3   3   2   3   3 | Ala GCT   2   3   2   2   3   1 | Asp GAT   5   5   5   4   5   5 | Gly GGT   1   1   1   1   1   1
    GTC   1   1   1   1   1   1 |     GCC   1   1   1   1   1   1 |     GAC   4   4   4   5   4   4 |     GGC   0   0   0   0   0   0
    GTA   2   2   2   2   2   2 |     GCA   2   3   2   3   2   3 | Glu GAA  12  11  12  12  12  12 |     GGA   1   1   1   1   1   1
    GTG   4   4   4   5   4   4 |     GCG   3   2   3   2   2   3 |     GAG   4   5   4   4   4   4 |     GGG   0   0   0   0   0   0
--------------------------------------------------------------------------------------------------------------------------------------

--------------------------------------------------------------------------------------------------------------------------------------
Phe TTT   3   3   3   3   3   3 | Ser TCT   2   2   2   3   2   2 | Tyr TAT   8   7   6   6   6   5 | Cys TGT   2   2   2   2   2   2
    TTC   0   0   0   0   0   0 |     TCC   1   1   1   0   1   1 |     TAC   3   4   5   5   5   6 |     TGC   1   1   1   1   1   1
Leu TTA   1   1   1   1   1   1 |     TCA   2   2   2   2   2   2 | *** TAA   0   0   0   0   0   0 | *** TGA   0   0   0   0   0   0
    TTG   6   6   6   5   6   6 |     TCG   0   0   0   0   0   0 |     TAG   0   0   0   0   0   0 | Trp TGG   2   2   2   2   2   2
--------------------------------------------------------------------------------------------------------------------------------------
Leu CTT   5   5   5   5   5   5 | Pro CCT   2   2   2   2   2   2 | His CAT   3   3   3   3   3   3 | Arg CGT   0   0   0   0   0   0
    CTC   3   3   3   3   3   3 |     CCC   1   1   1   1   1   1 |     CAC   1   1   1   1   1   1 |     CGC   1   1   1   1   1   1
    CTA   1   1   1   1   1   1 |     CCA   2   2   2   2   2   2 | Gln CAA   1   1   1   1   2   1 |     CGA   2   1   2   2   2   2
    CTG   2   2   2   3   2   2 |     CCG   0   0   0   0   0   0 |     CAG   4   4   4   4   3   4 |     CGG   2   3   2   2   2   2
--------------------------------------------------------------------------------------------------------------------------------------
Ile ATT   4   4   4   4   4   3 | Thr ACT   1   1   1   1   1   1 | Asn AAT   1   1   1   1   1   1 | Ser AGT   1   1   1   1   1   1
    ATC   7   7   7   7   7   8 |     ACC   1   1   1   1   1   1 |     AAC   2   2   2   2   2   2 |     AGC   5   5   5   5   5   5
    ATA   1   1   1   1   1   1 |     ACA   1   1   1   1   1   1 | Lys AAA   7   6   6   6   5   6 | Arg AGA   4   4   4   4   4   4
Met ATG   7   7   7   7   7   7 |     ACG   1   1   1   1   1   1 |     AAG   4   5   5   5   6   5 |     AGG   2   2   2   2   2   2
--------------------------------------------------------------------------------------------------------------------------------------
Val GTT   3   3   3   4   3   3 | Ala GCT   3   2   2   2   2   2 | Asp GAT   5   5   5   5   5   5 | Gly GGT   1   1   1   1   1   1
    GTC   1   1   1   0   1   1 |     GCC   0   1   1   1   1   1 |     GAC   4   4   4   4   4   4 |     GGC   0   0   0   0   0   0
    GTA   2   2   2   2   2   2 |     GCA   3   3   2   3   3   2 | Glu GAA  12  12  13  12  12  12 |     GGA   1   1   1   1   1   1
    GTG   4   4   4   4   4   4 |     GCG   2   2   3   2   2   3 |     GAG   4   4   3   4   4   4 |     GGG   0   0   0   0   0   0
--------------------------------------------------------------------------------------------------------------------------------------

--------------------------------------------------------------------------------------------------------------------------------------
Phe TTT   3   3   3   3   3   3 | Ser TCT   2   2   2   2   2   2 | Tyr TAT   6   6   5   5   6   6 | Cys TGT   2   2   2   2   2   2
    TTC   0   0   0   0   0   0 |     TCC   1   1   1   1   1   1 |     TAC   5   5   6   6   5   5 |     TGC   1   1   1   1   1   1
Leu TTA   1   1   1   1   1   1 |     TCA   1   2   2   2   1   2 | *** TAA   0   0   0   0   0   0 | *** TGA   0   0   0   0   0   0
    TTG   6   6   6   6   6   6 |     TCG   1   0   0   0   1   0 |     TAG   0   0   0   0   0   0 | Trp TGG   2   2   2   2   2   2
--------------------------------------------------------------------------------------------------------------------------------------
Leu CTT   5   5   5   5   5   5 | Pro CCT   2   2   2   2   2   2 | His CAT   3   3   3   3   3   3 | Arg CGT   0   0   0   0   0   0
    CTC   3   3   3   3   3   3 |     CCC   1   1   1   1   1   1 |     CAC   1   1   1   1   1   1 |     CGC   1   1   1   1   1   1
    CTA   1   1   1   1   1   1 |     CCA   2   2   2   2   2   2 | Gln CAA   1   1   1   1   1   1 |     CGA   2   3   2   2   2   2
    CTG   2   2   2   2   2   2 |     CCG   0   0   0   0   0   0 |     CAG   4   4   4   4   4   4 |     CGG   2   1   2   2   2   2
--------------------------------------------------------------------------------------------------------------------------------------
Ile ATT   4   4   4   4   5   5 | Thr ACT   0   1   1   1   1   1 | Asn AAT   1   1   1   1   1   1 | Ser AGT   1   1   1   1   1   1
    ATC   7   7   7   7   7   6 |     ACC   1   1   1   1   1   1 |     AAC   2   2   2   2   2   2 |     AGC   5   5   5   5   5   5
    ATA   1   1   1   1   1   1 |     ACA   1   1   1   1   1   1 | Lys AAA   6   6   6   5   7   6 | Arg AGA   4   4   4   4   3   4
Met ATG   7   7   7   7   7   7 |     ACG   2   1   1   1   1   1 |     AAG   5   5   6   6   5   5 |     AGG   2   2   1   2   2   2
--------------------------------------------------------------------------------------------------------------------------------------
Val GTT   3   4   3   3   2   4 | Ala GCT   2   2   2   1   2   2 | Asp GAT   5   5   5   5   5   5 | Gly GGT   1   1   1   1   1   1
    GTC   0   0   1   1   1   0 |     GCC   1   1   1   1   1   1 |     GAC   4   4   4   4   4   4 |     GGC   0   0   0   0   0   0
    GTA   3   2   2   2   2   2 |     GCA   3   3   2   5   2   3 | Glu GAA  12  11  12  12  12  12 |     GGA   1   1   1   1   1   1
    GTG   4   4   4   4   4   4 |     GCG   2   2   3   1   3   2 |     GAG   4   5   4   4   4   4 |     GGG   0   0   0   0   0   0
--------------------------------------------------------------------------------------------------------------------------------------

--------------------------------------------------------------------------------------------------------------------------------------
Phe TTT   3   3   3   3   3   3 | Ser TCT   2   2   2   2   2   2 | Tyr TAT   5   6   6   6   8   6 | Cys TGT   2   2   2   2   2   2
    TTC   0   0   0   0   0   0 |     TCC   1   1   1   1   0   1 |     TAC   6   5   5   5   4   5 |     TGC   1   1   1   1   1   1
Leu TTA   1   1   1   1   1   1 |     TCA   2   2   2   2   2   2 | *** TAA   0   0   0   0   0   0 | *** TGA   0   0   0   0   0   0
    TTG   6   6   6   6   6   6 |     TCG   0   0   0   0   1   0 |     TAG   0   0   0   0   0   0 | Trp TGG   2   2   2   2   2   2
--------------------------------------------------------------------------------------------------------------------------------------
Leu CTT   5   5   5   5   5   5 | Pro CCT   2   2   2   2   2   2 | His CAT   3   3   3   3   2   3 | Arg CGT   0   0   0   0   0   0
    CTC   3   3   3   3   3   3 |     CCC   1   1   1   1   1   1 |     CAC   1   1   1   1   1   1 |     CGC   1   1   1   1   1   1
    CTA   2   1   1   1   1   1 |     CCA   2   2   2   2   2   2 | Gln CAA   1   1   1   1   0   1 |     CGA   2   2   2   2   2   2
    CTG   1   2   2   2   2   2 |     CCG   0   0   0   0   0   0 |     CAG   4   4   4   4   5   4 |     CGG   2   2   2   2   2   2
--------------------------------------------------------------------------------------------------------------------------------------
Ile ATT   3   4   4   4   3   4 | Thr ACT   1   1   1   1   1   1 | Asn AAT   1   1   1   1   2   0 | Ser AGT   1   1   1   1   1   1
    ATC   8   7   7   7   8   7 |     ACC   1   1   1   1   1   1 |     AAC   2   2   2   2   1   3 |     AGC   5   5   5   5   5   5
    ATA   1   1   1   1   1   1 |     ACA   1   1   1   1   1   1 | Lys AAA   5   6   6   6   6   7 | Arg AGA   4   4   3   4   4   3
Met ATG   7   7   7   7   7   7 |     ACG   1   1   1   1   1   1 |     AAG   6   5   5   5   5   5 |     AGG   2   2   3   2   2   2
--------------------------------------------------------------------------------------------------------------------------------------
Val GTT   3   4   3   2   3   4 | Ala GCT   1   2   2   2   1   2 | Asp GAT   5   5   5   4   5   5 | Gly GGT   1   1   1   1   0   1
    GTC   1   0   0   1   0   0 |     GCC   1   1   1   1   2   1 |     GAC   4   4   4   5   4   4 |     GGC   0   0   0   0   1   0
    GTA   2   2   3   2   3   2 |     GCA   4   3   3   3   3   3 | Glu GAA  12  12  12  12  11  12 |     GGA   1   1   1   1   1   1
    GTG   4   4   4   5   4   4 |     GCG   2   2   2   2   2   2 |     GAG   4   4   4   4   5   4 |     GGG   0   0   0   0   0   0
--------------------------------------------------------------------------------------------------------------------------------------

--------------------------------------------------------------------------------------------------------------------------------------
Phe TTT   3   3   3   3   3   3 | Ser TCT   2   2   2   2   2   2 | Tyr TAT   6   5   5   4   6   7 | Cys TGT   2   2   2   2   2   2
    TTC   0   0   0   0   0   0 |     TCC   1   1   1   1   1   1 |     TAC   5   6   6   7   5   4 |     TGC   1   1   1   1   1   1
Leu TTA   1   1   1   1   1   1 |     TCA   2   2   2   2   2   2 | *** TAA   0   0   0   0   0   0 | *** TGA   0   0   0   0   0   0
    TTG   6   7   6   6   6   5 |     TCG   0   0   0   0   0   0 |     TAG   0   0   0   0   0   0 | Trp TGG   2   2   2   2   2   2
--------------------------------------------------------------------------------------------------------------------------------------
Leu CTT   5   5   5   4   5   5 | Pro CCT   2   2   2   2   2   2 | His CAT   3   3   3   3   2   3 | Arg CGT   0   0   0   0   0   0
    CTC   3   3   3   4   3   3 |     CCC   1   1   1   1   1   1 |     CAC   1   1   1   1   2   1 |     CGC   1   1   1   1   1   1
    CTA   1   1   1   1   1   1 |     CCA   2   2   2   2   2   2 | Gln CAA   1   1   1   1   1   1 |     CGA   2   2   2   3   2   3
    CTG   2   1   2   2   2   3 |     CCG   0   0   0   0   0   0 |     CAG   4   4   4   4   4   4 |     CGG   2   2   2   2   2   1
--------------------------------------------------------------------------------------------------------------------------------------
Ile ATT   4   4   4   4   4   4 | Thr ACT   1   1   1   1   1   1 | Asn AAT   1   1   1   1   1   1 | Ser AGT   1   1   1   1   1   1
    ATC   7   7   7   7   7   7 |     ACC   1   1   1   1   1   1 |     AAC   2   1   2   2   2   2 |     AGC   5   6   5   5   5   5
    ATA   1   1   1   1   1   1 |     ACA   1   1   1   1   1   1 | Lys AAA   7   6   6   6   7   6 | Arg AGA   3   4   4   3   4   4
Met ATG   7   7   7   7   7   7 |     ACG   1   1   1   1   1   1 |     AAG   5   5   5   5   4   5 |     AGG   2   2   2   2   2   2
--------------------------------------------------------------------------------------------------------------------------------------
Val GTT   3   3   3   3   4   4 | Ala GCT   2   2   2   2   2   2 | Asp GAT   4   5   5   5   5   5 | Gly GGT   1   1   1   0   1   1
    GTC   1   1   1   1   0   0 |     GCC   1   2   1   1   1   1 |     GAC   5   4   4   4   4   4 |     GGC   0   0   0   1   0   0
    GTA   2   2   2   2   2   2 |     GCA   2   3   2   2   3   3 | Glu GAA  13  11  12  11  12  12 |     GGA   1   1   1   1   1   1
    GTG   4   4   4   4   4   4 |     GCG   3   1   3   3   2   2 |     GAG   3   5   4   5   4   4 |     GGG   0   0   0   0   0   0
--------------------------------------------------------------------------------------------------------------------------------------

--------------------------------------------------------------------------------------------------------------------------------------
Phe TTT   3   3   3   3   3   3 | Ser TCT   2   2   2   2   2   2 | Tyr TAT   6   5   6   6   5   6 | Cys TGT   2   2   2   2   2   2
    TTC   0   0   0   0   0   0 |     TCC   1   1   1   1   1   1 |     TAC   5   6   5   5   6   5 |     TGC   1   1   1   1   1   1
Leu TTA   1   1   1   1   1   1 |     TCA   2   2   2   2   2   2 | *** TAA   0   0   0   0   0   0 | *** TGA   0   0   0   0   0   0
    TTG   6   6   6   6   6   6 |     TCG   0   0   0   0   0   0 |     TAG   0   0   0   0   0   0 | Trp TGG   2   2   2   2   2   2
--------------------------------------------------------------------------------------------------------------------------------------
Leu CTT   5   5   5   5   5   5 | Pro CCT   2   2   2   2   2   2 | His CAT   3   3   3   3   3   3 | Arg CGT   0   0   0   0   0   0
    CTC   3   3   3   3   3   3 |     CCC   1   1   1   1   1   1 |     CAC   1   1   1   1   1   1 |     CGC   1   1   1   1   1   1
    CTA   1   1   1   1   1   1 |     CCA   2   2   2   2   2   2 | Gln CAA   1   1   1   1   1   1 |     CGA   2   2   2   3   2   2
    CTG   2   2   2   2   2   2 |     CCG   0   0   0   0   0   0 |     CAG   4   4   4   4   4   4 |     CGG   2   2   2   1   2   2
--------------------------------------------------------------------------------------------------------------------------------------
Ile ATT   4   4   4   4   4   4 | Thr ACT   1   1   1   1   1   1 | Asn AAT   1   1   1   1   1   1 | Ser AGT   1   1   1   1   1   1
    ATC   7   7   7   7   7   7 |     ACC   1   1   1   1   1   1 |     AAC   2   2   2   2   1   2 |     AGC   5   5   5   5   6   5
    ATA   1   1   1   1   1   1 |     ACA   1   1   1   1   1   1 | Lys AAA   6   5   6   6   6   6 | Arg AGA   4   4   3   4   4   4
Met ATG   7   7   7   7   7   7 |     ACG   1   1   1   1   1   1 |     AAG   5   6   5   5   5   5 |     AGG   2   2   3   2   2   2
--------------------------------------------------------------------------------------------------------------------------------------
Val GTT   3   3   3   4   3   3 | Ala GCT   2   1   2   2   2   1 | Asp GAT   5   5   5   5   5   5 | Gly GGT   1   1   1   1   1   1
    GTC   0   1   0   0   1   1 |     GCC   1   1   1   1   2   1 |     GAC   4   4   4   4   4   4 |     GGC   0   0   0   0   0   0
    GTA   3   2   3   2   2   2 |     GCA   3   4   3   3   3   2 | Glu GAA  11  12  12  12  11  12 |     GGA   1   1   1   1   1   1
    GTG   4   4   4   4   4   4 |     GCG   2   2   2   2   1   4 |     GAG   5   4   4   4   5   4 |     GGG   0   0   0   0   0   0
--------------------------------------------------------------------------------------------------------------------------------------

--------------------------------------------------------------------------------------------------------------------------------------
Phe TTT   3   3   3   3   3   3 | Ser TCT   2   2   2   3   2   3 | Tyr TAT   6   7   6   6   6   6 | Cys TGT   2   2   2   2   2   2
    TTC   0   0   0   0   0   0 |     TCC   1   1   1   0   1   0 |     TAC   5   4   5   5   5   5 |     TGC   1   1   1   1   1   1
Leu TTA   1   1   1   1   1   1 |     TCA   1   2   2   2   2   2 | *** TAA   0   0   0   0   0   0 | *** TGA   0   0   0   0   0   0
    TTG   6   6   5   7   6   6 |     TCG   1   0   0   0   0   0 |     TAG   0   0   0   0   0   0 | Trp TGG   2   2   2   2   2   2
--------------------------------------------------------------------------------------------------------------------------------------
Leu CTT   5   5   5   6   5   5 | Pro CCT   2   2   2   2   2   2 | His CAT   3   3   3   3   2   3 | Arg CGT   0   0   0   0   0   0
    CTC   3   3   3   2   3   3 |     CCC   1   1   1   1   1   1 |     CAC   1   1   1   1   1   1 |     CGC   1   1   1   1   1   1
    CTA   1   1   1   1   1   1 |     CCA   2   2   2   2   2   2 | Gln CAA   1   0   1   0   1   1 |     CGA   2   2   2   2   2   2
    CTG   2   2   3   1   2   2 |     CCG   0   0   0   0   0   0 |     CAG   4   5   4   5   4   4 |     CGG   2   2   2   2   2   2
--------------------------------------------------------------------------------------------------------------------------------------
Ile ATT   4   4   4   4   5   4 | Thr ACT   1   1   1   1   1   1 | Asn AAT   1   1   1   1   1   1 | Ser AGT   1   1   1   1   1   1
    ATC   7   7   7   7   6   7 |     ACC   1   1   1   1   1   1 |     AAC   2   2   2   2   2   2 |     AGC   5   5   5   5   5   5
    ATA   1   1   1   1   1   1 |     ACA   1   1   1   1   1   1 | Lys AAA   5   6   6   6   6   6 | Arg AGA   5   4   4   4   4   4
Met ATG   7   7   7   7   7   7 |     ACG   1   1   1   1   1   1 |     AAG   6   5   5   5   5   5 |     AGG   1   2   2   2   2   2
--------------------------------------------------------------------------------------------------------------------------------------
Val GTT   4   3   3   3   4   4 | Ala GCT   2   2   2   2   2   2 | Asp GAT   5   5   5   4   6   5 | Gly GGT   1   1   1   1   1   1
    GTC   0   1   1   1   0   0 |     GCC   1   1   1   1   1   1 |     GAC   4   4   4   5   4   4 |     GGC   0   0   0   0   0   0
    GTA   3   2   2   2   2   2 |     GCA   3   3   2   3   3   3 | Glu GAA  12  12  11  12  12  12 |     GGA   1   1   1   1   1   1
    GTG   3   4   4   4   4   4 |     GCG   2   2   3   2   2   2 |     GAG   4   4   5   4   4   4 |     GGG   0   0   0   0   0   0
--------------------------------------------------------------------------------------------------------------------------------------

Codon position x base (3x4) table for each sequence.

#1: Argali         
position  1:    T:0.20000    C:0.19355    A:0.31613    G:0.29032
position  2:    T:0.32258    C:0.14194    A:0.38065    G:0.15484
position  3:    T:0.26452    C:0.21935    A:0.24516    G:0.27097
Average         T:0.26237    C:0.18495    A:0.31398    G:0.23871

#2: LesserMouseDeer
position  1:    T:0.19355    C:0.20645    A:0.30323    G:0.29677
position  2:    T:0.32258    C:0.14194    A:0.38065    G:0.15484
position  3:    T:0.26452    C:0.21290    A:0.25806    G:0.26452
Average         T:0.26022    C:0.18710    A:0.31398    G:0.23871

#3: LesserKudu     
position  1:    T:0.21290    C:0.18065    A:0.31613    G:0.29032
position  2:    T:0.32258    C:0.14194    A:0.38065    G:0.15484
position  3:    T:0.27742    C:0.20645    A:0.25806    G:0.25806
Average         T:0.27097    C:0.17634    A:0.31828    G:0.23441

#4: ForestMuskDeer2
position  1:    T:0.21290    C:0.18065    A:0.30323    G:0.30323
position  2:    T:0.32258    C:0.14194    A:0.38065    G:0.15484
position  3:    T:0.28387    C:0.20000    A:0.25161    G:0.26452
Average         T:0.27312    C:0.17419    A:0.31183    G:0.24086

#5: Camel          
position  1:    T:0.17419    C:0.21290    A:0.31613    G:0.29677
position  2:    T:0.31613    C:0.14839    A:0.37419    G:0.16129
position  3:    T:0.16774    C:0.28387    A:0.16129    G:0.38710
Average         T:0.21935    C:0.21505    A:0.28387    G:0.28172

#6: KillerWhale    
position  1:    T:0.19355    C:0.20000    A:0.31613    G:0.29032
position  2:    T:0.32258    C:0.14194    A:0.38065    G:0.15484
position  3:    T:0.25806    C:0.21935    A:0.27097    G:0.25161
Average         T:0.25806    C:0.18710    A:0.32258    G:0.23226

#7: DefassaWaterbuck
position  1:    T:0.20000    C:0.20000    A:0.30968    G:0.29032
position  2:    T:0.32258    C:0.14194    A:0.38065    G:0.15484
position  3:    T:0.26452    C:0.21935    A:0.25161    G:0.26452
Average         T:0.26237    C:0.18710    A:0.31398    G:0.23656

#8: Sheep          
position  1:    T:0.20000    C:0.19355    A:0.31613    G:0.29032
position  2:    T:0.32258    C:0.14194    A:0.38065    G:0.15484
position  3:    T:0.26452    C:0.21935    A:0.24516    G:0.27097
Average         T:0.26237    C:0.18495    A:0.31398    G:0.23871

#9: MaxwellsDuiker 
position  1:    T:0.20645    C:0.18710    A:0.30968    G:0.29677
position  2:    T:0.32258    C:0.14194    A:0.38065    G:0.15484
position  3:    T:0.26452    C:0.20645    A:0.27742    G:0.25161
Average         T:0.26452    C:0.17849    A:0.32258    G:0.23441

#10: GazellaPrzewalskyi
position  1:    T:0.20000    C:0.19355    A:0.31613    G:0.29032
position  2:    T:0.32258    C:0.14194    A:0.38065    G:0.15484
position  3:    T:0.25161    C:0.23226    A:0.25161    G:0.26452
Average         T:0.25806    C:0.18925    A:0.31613    G:0.23656

#11: MountainNyala  
position  1:    T:0.20000    C:0.19355    A:0.30968    G:0.29677
position  2:    T:0.32258    C:0.14194    A:0.38065    G:0.15484
position  3:    T:0.27742    C:0.20645    A:0.25161    G:0.26452
Average         T:0.26667    C:0.18065    A:0.31398    G:0.23871

#12: MuntiacusMuntjak
position  1:    T:0.20000    C:0.19355    A:0.31613    G:0.29032
position  2:    T:0.32258    C:0.14194    A:0.38065    G:0.15484
position  3:    T:0.26452    C:0.21290    A:0.25161    G:0.27097
Average         T:0.26237    C:0.18280    A:0.31613    G:0.23871

#13: goat           
position  1:    T:0.20000    C:0.19355    A:0.31613    G:0.29032
position  2:    T:0.32258    C:0.14194    A:0.38065    G:0.15484
position  3:    T:0.25806    C:0.22581    A:0.24516    G:0.27097
Average         T:0.26022    C:0.18710    A:0.31398    G:0.23871

#14: AfricanBuffalo 
position  1:    T:0.19355    C:0.19355    A:0.31613    G:0.29677
position  2:    T:0.32258    C:0.14194    A:0.38065    G:0.15484
position  3:    T:0.26452    C:0.21935    A:0.25161    G:0.26452
Average         T:0.26022    C:0.18495    A:0.31613    G:0.23871

#15: Topi           
position  1:    T:0.20000    C:0.19355    A:0.31613    G:0.29032
position  2:    T:0.32258    C:0.14194    A:0.38710    G:0.14839
position  3:    T:0.26452    C:0.21935    A:0.24516    G:0.27097
Average         T:0.26237    C:0.18495    A:0.31613    G:0.23656

#16: CommonDuiker   
position  1:    T:0.20000    C:0.19355    A:0.31613    G:0.29032
position  2:    T:0.32258    C:0.14194    A:0.38065    G:0.15484
position  3:    T:0.25161    C:0.22581    A:0.25161    G:0.27097
Average         T:0.25806    C:0.18710    A:0.31613    G:0.23871

#17: Suni           
position  1:    T:0.20000    C:0.19355    A:0.31613    G:0.29032
position  2:    T:0.32258    C:0.14194    A:0.38065    G:0.15484
position  3:    T:0.27742    C:0.21290    A:0.24516    G:0.26452
Average         T:0.26667    C:0.18280    A:0.31398    G:0.23656

#18: Springbuck     
position  1:    T:0.20000    C:0.19355    A:0.31613    G:0.29032
position  2:    T:0.32258    C:0.14194    A:0.38065    G:0.15484
position  3:    T:0.24516    C:0.22581    A:0.25161    G:0.27742
Average         T:0.25591    C:0.18710    A:0.31613    G:0.24086

#19: Okapi          
position  1:    T:0.20000    C:0.19355    A:0.31613    G:0.29032
position  2:    T:0.32258    C:0.14194    A:0.38065    G:0.15484
position  3:    T:0.28387    C:0.20000    A:0.25806    G:0.25806
Average         T:0.26882    C:0.17849    A:0.31828    G:0.23441

#20: Giraffe        
position  1:    T:0.20000    C:0.19355    A:0.31613    G:0.29032
position  2:    T:0.32258    C:0.14194    A:0.38065    G:0.15484
position  3:    T:0.27097    C:0.21290    A:0.24516    G:0.27097
Average         T:0.26452    C:0.18280    A:0.31398    G:0.23871

#21: TibetanAntelope
position  1:    T:0.20000    C:0.19355    A:0.31613    G:0.29032
position  2:    T:0.32258    C:0.14194    A:0.38065    G:0.15484
position  3:    T:0.26452    C:0.21935    A:0.25161    G:0.26452
Average         T:0.26237    C:0.18495    A:0.31613    G:0.23656

#22: Sitatunga      
position  1:    T:0.19355    C:0.20000    A:0.31613    G:0.29032
position  2:    T:0.32258    C:0.14194    A:0.38065    G:0.15484
position  3:    T:0.27742    C:0.20645    A:0.25161    G:0.26452
Average         T:0.26452    C:0.18280    A:0.31613    G:0.23656

#23: Oribi          
position  1:    T:0.20000    C:0.19355    A:0.31613    G:0.29032
position  2:    T:0.32258    C:0.14194    A:0.38065    G:0.15484
position  3:    T:0.26452    C:0.21935    A:0.25161    G:0.26452
Average         T:0.26237    C:0.18495    A:0.31613    G:0.23656

#24: BarbarySheep   
position  1:    T:0.20000    C:0.19355    A:0.31613    G:0.29032
position  2:    T:0.32258    C:0.14194    A:0.38065    G:0.15484
position  3:    T:0.25161    C:0.23226    A:0.24516    G:0.27097
Average         T:0.25806    C:0.18925    A:0.31398    G:0.23871

#25: Daviddeer      
position  1:    T:0.20000    C:0.19355    A:0.31613    G:0.29032
position  2:    T:0.32258    C:0.14194    A:0.38065    G:0.15484
position  3:    T:0.25806    C:0.21290    A:0.25161    G:0.27742
Average         T:0.26022    C:0.18280    A:0.31613    G:0.24086

#26: Reindeer       
position  1:    T:0.20000    C:0.19355    A:0.31613    G:0.29032
position  2:    T:0.32258    C:0.14194    A:0.38065    G:0.15484
position  3:    T:0.27097    C:0.21290    A:0.25161    G:0.26452
Average         T:0.26452    C:0.18280    A:0.31613    G:0.23656

#27: Ibex           
position  1:    T:0.20000    C:0.19355    A:0.31613    G:0.29032
position  2:    T:0.32258    C:0.14194    A:0.38710    G:0.14839
position  3:    T:0.25806    C:0.22581    A:0.24516    G:0.27097
Average         T:0.26022    C:0.18710    A:0.31613    G:0.23656

#28: GyrantGazelle  
position  1:    T:0.20000    C:0.19355    A:0.31613    G:0.29032
position  2:    T:0.32258    C:0.14194    A:0.38065    G:0.15484
position  3:    T:0.25161    C:0.22581    A:0.25806    G:0.26452
Average         T:0.25806    C:0.18710    A:0.31828    G:0.23656

#29: Hartebeest     
position  1:    T:0.20000    C:0.19355    A:0.32258    G:0.28387
position  2:    T:0.32258    C:0.14194    A:0.38710    G:0.14839
position  3:    T:0.26452    C:0.21935    A:0.23871    G:0.27742
Average         T:0.26237    C:0.18495    A:0.31613    G:0.23656

#30: Bongo          
position  1:    T:0.20000    C:0.19355    A:0.31613    G:0.29032
position  2:    T:0.32258    C:0.14194    A:0.38065    G:0.15484
position  3:    T:0.27742    C:0.20645    A:0.25161    G:0.26452
Average         T:0.26667    C:0.18065    A:0.31613    G:0.23656

#31: Gerenuk        
position  1:    T:0.20000    C:0.19355    A:0.31613    G:0.29032
position  2:    T:0.32258    C:0.14194    A:0.38065    G:0.15484
position  3:    T:0.24516    C:0.23226    A:0.25806    G:0.26452
Average         T:0.25591    C:0.18925    A:0.31828    G:0.23656

#32: CommonEland    
position  1:    T:0.20000    C:0.19355    A:0.31613    G:0.29032
position  2:    T:0.32258    C:0.14194    A:0.38065    G:0.15484
position  3:    T:0.27097    C:0.21290    A:0.25161    G:0.26452
Average         T:0.26452    C:0.18280    A:0.31613    G:0.23656

#33: MuntiacusReevesi
position  1:    T:0.20000    C:0.19355    A:0.31613    G:0.29032
position  2:    T:0.32258    C:0.14194    A:0.38065    G:0.15484
position  3:    T:0.26452    C:0.21290    A:0.25161    G:0.27097
Average         T:0.26237    C:0.18280    A:0.31613    G:0.23871

#34: HarveysDuiker  
position  1:    T:0.20000    C:0.19355    A:0.31613    G:0.29032
position  2:    T:0.32258    C:0.14194    A:0.38065    G:0.15484
position  3:    T:0.25161    C:0.22581    A:0.25161    G:0.27097
Average         T:0.25806    C:0.18710    A:0.31613    G:0.23871

#35: Pronghorn      
position  1:    T:0.20645    C:0.18710    A:0.31613    G:0.29032
position  2:    T:0.32258    C:0.14194    A:0.38065    G:0.15484
position  3:    T:0.25806    C:0.21290    A:0.24516    G:0.28387
Average         T:0.26237    C:0.18065    A:0.31398    G:0.24301

#36: BlueWildebeest 
position  1:    T:0.20000    C:0.19355    A:0.31613    G:0.29032
position  2:    T:0.32258    C:0.14194    A:0.38710    G:0.14839
position  3:    T:0.26452    C:0.21935    A:0.25161    G:0.26452
Average         T:0.26237    C:0.18495    A:0.31828    G:0.23441

#37: Gemsbok        
position  1:    T:0.20000    C:0.19355    A:0.31613    G:0.29032
position  2:    T:0.32258    C:0.14194    A:0.38710    G:0.14839
position  3:    T:0.25806    C:0.22581    A:0.25161    G:0.26452
Average         T:0.26022    C:0.18710    A:0.31828    G:0.23441

#38: Yak            
position  1:    T:0.20645    C:0.18710    A:0.31613    G:0.29032
position  2:    T:0.32258    C:0.14194    A:0.37419    G:0.16129
position  3:    T:0.25806    C:0.23226    A:0.24516    G:0.26452
Average         T:0.26237    C:0.18710    A:0.31183    G:0.23871

#39: BlueSheep      
position  1:    T:0.20000    C:0.19355    A:0.31613    G:0.29032
position  2:    T:0.32258    C:0.14194    A:0.38065    G:0.15484
position  3:    T:0.25806    C:0.22581    A:0.24516    G:0.27097
Average         T:0.26022    C:0.18710    A:0.31398    G:0.23871

#40: BohorReedbuck  
position  1:    T:0.20000    C:0.20000    A:0.30968    G:0.29032
position  2:    T:0.32258    C:0.14194    A:0.38065    G:0.15484
position  3:    T:0.23871    C:0.24516    A:0.23871    G:0.27742
Average         T:0.25376    C:0.19570    A:0.30968    G:0.24086

#41: KirksDik       
position  1:    T:0.20000    C:0.19355    A:0.31613    G:0.29032
position  2:    T:0.32258    C:0.14194    A:0.38065    G:0.15484
position  3:    T:0.26452    C:0.21935    A:0.25806    G:0.25806
Average         T:0.26237    C:0.18495    A:0.31828    G:0.23441

#42: RoeDeer        
position  1:    T:0.19355    C:0.20000    A:0.31613    G:0.29032
position  2:    T:0.32258    C:0.14194    A:0.38065    G:0.15484
position  3:    T:0.27742    C:0.20645    A:0.25806    G:0.25806
Average         T:0.26452    C:0.18280    A:0.31828    G:0.23441

#43: WhiteLippedDeer
position  1:    T:0.20000    C:0.19355    A:0.31613    G:0.29032
position  2:    T:0.32258    C:0.14194    A:0.38065    G:0.15484
position  3:    T:0.26452    C:0.21290    A:0.25161    G:0.27097
Average         T:0.26237    C:0.18280    A:0.31613    G:0.23871

#44: ThomsonGazelle 
position  1:    T:0.20000    C:0.19355    A:0.31613    G:0.29032
position  2:    T:0.32258    C:0.14194    A:0.38065    G:0.15484
position  3:    T:0.25161    C:0.22581    A:0.25161    G:0.27097
Average         T:0.25806    C:0.18710    A:0.31613    G:0.23871

#45: MuntiacusCrinifrons
position  1:    T:0.20000    C:0.19355    A:0.31613    G:0.29032
position  2:    T:0.32258    C:0.14194    A:0.38065    G:0.15484
position  3:    T:0.26452    C:0.21290    A:0.25161    G:0.27097
Average         T:0.26237    C:0.18280    A:0.31613    G:0.23871

#46: WhiteTailedDeer
position  1:    T:0.20000    C:0.19355    A:0.31613    G:0.29032
position  2:    T:0.32258    C:0.14194    A:0.38065    G:0.15484
position  3:    T:0.27097    C:0.21290    A:0.25806    G:0.25806
Average         T:0.26452    C:0.18280    A:0.31828    G:0.23441

#47: Cattle         
position  1:    T:0.20000    C:0.19355    A:0.31613    G:0.29032
position  2:    T:0.32258    C:0.14194    A:0.37419    G:0.16129
position  3:    T:0.25806    C:0.23226    A:0.24516    G:0.26452
Average         T:0.26022    C:0.18925    A:0.31183    G:0.23871

#48: RoyalAntelope  
position  1:    T:0.20000    C:0.19355    A:0.31613    G:0.29032
position  2:    T:0.32258    C:0.14194    A:0.38065    G:0.15484
position  3:    T:0.25806    C:0.21935    A:0.24516    G:0.27742
Average         T:0.26022    C:0.18495    A:0.31398    G:0.24086

#49: Steenbok       
position  1:    T:0.20000    C:0.19355    A:0.31613    G:0.29032
position  2:    T:0.32258    C:0.14194    A:0.38065    G:0.15484
position  3:    T:0.27097    C:0.21290    A:0.25161    G:0.26452
Average         T:0.26452    C:0.18280    A:0.31613    G:0.23656

#50: Impala         
position  1:    T:0.20000    C:0.19355    A:0.31613    G:0.29032
position  2:    T:0.32258    C:0.14194    A:0.38065    G:0.15484
position  3:    T:0.27097    C:0.21290    A:0.24516    G:0.27097
Average         T:0.26452    C:0.18280    A:0.31398    G:0.23871

#51: Klipspringer   
position  1:    T:0.19355    C:0.20000    A:0.31613    G:0.29032
position  2:    T:0.32258    C:0.14194    A:0.38065    G:0.15484
