CODONML (in paml version 4.10.7, June 2023)  /home/rachel/ruminants_paml/6406-phy-tree/ENSBTAT00000025666.fasta.phy
Model: free dN/dS Ratios for branches,  kappa = 2.000 fixed

Codon frequency model: F3x4
ns =  54  ls =  23

Codon usage in sequences
--------------------------------------------------------------------------------------------------------------------------------------
Phe TTT   1   1   1   1   1   1 | Ser TCT   0   0   0   0   0   0 | Tyr TAT   0   0   0   0   0   0 | Cys TGT   0   0   0   0   0   0
    TTC   0   0   0   0   0   0 |     TCC   0   0   0   0   0   0 |     TAC   0   0   0   0   0   0 |     TGC   0   0   0   0   0   0
Leu TTA   1   1   1   1   1   1 |     TCA   1   1   1   1   1   1 | *** TAA   0   0   0   0   0   0 | *** TGA   0   0   0   0   0   0
    TTG   0   0   0   0   0   0 |     TCG   0   0   0   0   0   0 |     TAG   0   0   0   0   0   0 | Trp TGG   0   0   0   0   0   0
--------------------------------------------------------------------------------------------------------------------------------------
Leu CTT   2   2   2   2   3   3 | Pro CCT   3   3   3   3   3   3 | His CAT   0   0   0   0   0   0 | Arg CGT   0   0   0   0   0   0
    CTC   1   1   1   1   0   0 |     CCC   0   0   0   0   0   0 |     CAC   0   0   0   0   0   0 |     CGC   1   1   1   1   1   1
    CTA   0   0   0   0   0   0 |     CCA   1   1   1   1   1   1 | Gln CAA   1   1   1   1   1   1 |     CGA   0   0   0   0   0   0
    CTG   0   0   0   0   0   0 |     CCG   0   0   0   0   0   0 |     CAG   0   0   0   0   0   0 |     CGG   0   0   0   0   0   0
--------------------------------------------------------------------------------------------------------------------------------------
Ile ATT   1   1   1   1   1   1 | Thr ACT   0   0   0   0   0   0 | Asn AAT   1   0   1   1   1   1 | Ser AGT   0   0   0   0   0   0
    ATC   0   0   0   0   0   0 |     ACC   0   0   0   1   0   0 |     AAC   1   2   1   0   1   1 |     AGC   0   0   0   0   0   0
    ATA   0   0   0   0   0   0 |     ACA   0   0   0   0   0   0 | Lys AAA   0   0   0   0   0   0 | Arg AGA   0   0   0   0   0   0
Met ATG   1   1   1   1   1   1 |     ACG   0   0   0   0   0   0 |     AAG   0   0   0   0   0   0 |     AGG   0   0   0   0   0   0
--------------------------------------------------------------------------------------------------------------------------------------
Val GTT   1   1   1   1   1   1 | Ala GCT   0   0   0   0   0   0 | Asp GAT   0   0   0   0   0   0 | Gly GGT   0   0   0   0   0   0
    GTC   0   0   0   0   0   0 |     GCC   0   0   0   0   0   0 |     GAC   1   1   1   1   1   1 |     GGC   0   0   0   0   0   0
    GTA   0   0   0   0   0   0 |     GCA   2   2   2   2   2   2 | Glu GAA   1   1   1   0   1   1 |     GGA   1   1   1   1   1   1
    GTG   0   0   0   0   0   0 |     GCG   0   0   0   0   0   0 |     GAG   0   0   0   1   0   0 |     GGG   1   1   1   1   1   1
--------------------------------------------------------------------------------------------------------------------------------------

--------------------------------------------------------------------------------------------------------------------------------------
Phe TTT   1   1   1   1   1   1 | Ser TCT   0   0   0   0   0   0 | Tyr TAT   0   0   0   0   0   0 | Cys TGT   0   0   0   0   0   0
    TTC   0   0   0   0   0   0 |     TCC   0   0   0   0   0   0 |     TAC   0   0   0   0   0   0 |     TGC   0   0   0   0   0   0
Leu TTA   1   1   1   1   1   1 |     TCA   1   1   1   1   1   1 | *** TAA   0   0   0   0   0   0 | *** TGA   0   0   0   0   0   0
    TTG   0   0   0   0   0   0 |     TCG   0   0   0   0   0   0 |     TAG   0   0   0   0   0   0 | Trp TGG   0   0   0   0   0   0
--------------------------------------------------------------------------------------------------------------------------------------
Leu CTT   2   2   2   2   2   2 | Pro CCT   3   3   2   3   3   3 | His CAT   0   0   0   0   0   0 | Arg CGT   0   0   0   0   0   0
    CTC   1   1   1   1   1   1 |     CCC   0   0   0   0   0   0 |     CAC   0   0   0   0   0   0 |     CGC   1   1   1   1   1   1
    CTA   0   0   0   0   0   0 |     CCA   1   1   2   1   1   1 | Gln CAA   1   1   1   1   1   1 |     CGA   0   0   0   0   0   0
    CTG   0   0   0   0   0   0 |     CCG   0   0   0   0   0   0 |     CAG   0   0   0   0   0   0 |     CGG   0   0   0   0   0   0
--------------------------------------------------------------------------------------------------------------------------------------
Ile ATT   1   1   1   1   1   1 | Thr ACT   0   0   0   0   0   0 | Asn AAT   1   1   1   1   1   1 | Ser AGT   0   0   0   0   0   0
    ATC   0   0   0   0   0   0 |     ACC   0   0   0   0   0   0 |     AAC   1   1   1   1   1   1 |     AGC   0   0   0   0   0   0
    ATA   0   0   0   0   0   0 |     ACA   0   0   0   0   0   0 | Lys AAA   0   0   0   0   0   0 | Arg AGA   0   0   0   0   0   0
Met ATG   1   1   1   1   1   1 |     ACG   0   0   0   0   0   0 |     AAG   0   0   0   0   0   0 |     AGG   0   0   0   0   0   0
--------------------------------------------------------------------------------------------------------------------------------------
Val GTT   1   1   1   1   1   1 | Ala GCT   0   0   0   0   0   0 | Asp GAT   0   0   0   0   0   0 | Gly GGT   0   0   0   0   0   0
    GTC   0   0   0   0   0   0 |     GCC   0   0   0   0   0   0 |     GAC   1   1   1   1   1   1 |     GGC   0   0   0   0   0   0
    GTA   0   0   0   0   0   0 |     GCA   2   2   2   2   2   2 | Glu GAA   1   1   1   1   1   1 |     GGA   1   1   1   1   1   1
    GTG   0   0   0   0   0   0 |     GCG   0   0   0   0   0   0 |     GAG   0   0   0   0   0   0 |     GGG   1   1   1   1   1   1
--------------------------------------------------------------------------------------------------------------------------------------

--------------------------------------------------------------------------------------------------------------------------------------
Phe TTT   1   1   1   1   1   1 | Ser TCT   0   0   0   0   0   0 | Tyr TAT   0   0   0   0   0   0 | Cys TGT   0   0   0   0   0   0
    TTC   0   0   0   0   0   0 |     TCC   0   0   0   0   0   0 |     TAC   0   0   0   0   0   0 |     TGC   0   1   0   0   0   0
Leu TTA   1   1   1   1   1   1 |     TCA   1   1   1   1   1   1 | *** TAA   0   0   0   0   0   0 | *** TGA   0   0   0   0   0   0
    TTG   0   0   0   0   0   0 |     TCG   0   0   0   0   0   0 |     TAG   0   0   0   0   0   0 | Trp TGG   0   0   0   0   0   0
--------------------------------------------------------------------------------------------------------------------------------------
Leu CTT   2   2   2   2   2   2 | Pro CCT   3   3   3   2   3   3 | His CAT   0   0   0   0   0   0 | Arg CGT   0   0   0   0   0   0
    CTC   1   1   1   1   1   1 |     CCC   0   0   0   0   0   0 |     CAC   0   0   0   0   0   0 |     CGC   1   0   1   1   1   1
    CTA   0   0   0   0   0   0 |     CCA   1   0   1   1   1   1 | Gln CAA   1   2   1   1   1   1 |     CGA   0   0   0   0   0   0
    CTG   0   0   0   0   0   0 |     CCG   0   0   0   1   0   0 |     CAG   0   0   0   0   0   0 |     CGG   0   0   0   0   0   0
--------------------------------------------------------------------------------------------------------------------------------------
Ile ATT   1   0   0   1   1   1 | Thr ACT   0   1   0   0   0   0 | Asn AAT   1   1   1   1   1   1 | Ser AGT   0   1   0   0   0   0
    ATC   0   0   1   0   0   0 |     ACC   0   0   0   0   0   0 |     AAC   1   1   1   1   1   1 |     AGC   0   0   0   0   0   0
    ATA   0   0   0   0   0   0 |     ACA   0   0   0   0   0   0 | Lys AAA   0   0   0   0   0   0 | Arg AGA   0   0   0   0   0   0
Met ATG   1   1   1   1   1   1 |     ACG   0   0   0   0   0   0 |     AAG   0   0   0   0   0   0 |     AGG   0   0   0   0   0   0
--------------------------------------------------------------------------------------------------------------------------------------
Val GTT   1   0   1   1   1   1 | Ala GCT   0   0   0   0   0   0 | Asp GAT   0   0   0   0   0   0 | Gly GGT   0   0   0   0   0   0
    GTC   0   0   0   0   0   0 |     GCC   0   0   0   0   0   0 |     GAC   1   1   1   1   1   1 |     GGC   0   0   0   0   0   0
    GTA   0   0   0   0   0   0 |     GCA   2   2   2   2   2   2 | Glu GAA   1   1   1   1   1   1 |     GGA   1   1   1   1   1   1
    GTG   0   0   0   0   0   0 |     GCG   0   0   0   0   0   0 |     GAG   0   0   0   0   0   0 |     GGG   1   1   1   1   1   1
--------------------------------------------------------------------------------------------------------------------------------------

--------------------------------------------------------------------------------------------------------------------------------------
Phe TTT   1   1   1   1   1   1 | Ser TCT   0   0   0   0   0   0 | Tyr TAT   0   0   0   0   0   0 | Cys TGT   0   0   0   0   0   0
    TTC   0   0   0   0   0   0 |     TCC   0   0   0   0   0   0 |     TAC   0   0   0   0   0   0 |     TGC   0   0   0   0   0   0
Leu TTA   1   1   1   1   1   1 |     TCA   1   1   1   1   1   1 | *** TAA   0   0   0   0   0   0 | *** TGA   0   0   0   0   0   0
    TTG   0   0   0   0   0   0 |     TCG   0   0   0   0   0   0 |     TAG   0   0   0   0   0   0 | Trp TGG   0   0   0   0   0   0
--------------------------------------------------------------------------------------------------------------------------------------
Leu CTT   2   2   2   2   2   2 | Pro CCT   3   3   3   3   3   3 | His CAT   0   0   0   0   0   0 | Arg CGT   1   0   0   0   0   0
    CTC   1   1   1   1   1   1 |     CCC   0   0   0   0   0   0 |     CAC   0   0   0   0   0   0 |     CGC   0   1   1   1   1   1
    CTA   0   0   0   0   1   0 |     CCA   1   1   1   1   0   1 | Gln CAA   1   1   1   1   1   1 |     CGA   0   0   0   0   0   0
    CTG   0   0   0   0   0   0 |     CCG   0   0   0   0   0   0 |     CAG   0   0   0   0   0   0 |     CGG   0   0   0   0   0   0
--------------------------------------------------------------------------------------------------------------------------------------
Ile ATT   1   1   1   1   1   1 | Thr ACT   0   0   0   0   0   0 | Asn AAT   1   1   1   1   1   1 | Ser AGT   0   0   0   0   0   0
    ATC   0   0   0   0   0   0 |     ACC   0   0   0   0   0   0 |     AAC   1   1   1   1   1   1 |     AGC   0   0   0   0   0   0
    ATA   0   0   0   0   0   0 |     ACA   0   0   0   0   0   0 | Lys AAA   0   0   0   0   0   0 | Arg AGA   0   0   0   0   0   0
Met ATG   1   1   1   1   1   1 |     ACG   0   0   0   0   0   0 |     AAG   0   0   0   0   0   0 |     AGG   0   0   0   0   0   0
--------------------------------------------------------------------------------------------------------------------------------------
Val GTT   1   1   1   1   1   1 | Ala GCT   0   0   0   0   0   0 | Asp GAT   0   0   0   0   0   0 | Gly GGT   0   0   0   0   0   0
    GTC   0   0   0   0   0   0 |     GCC   0   0   0   0   0   0 |     GAC   1   1   1   1   1   1 |     GGC   0   0   0   0   0   0
    GTA   0   0   0   0   0   0 |     GCA   2   2   2   2   2   2 | Glu GAA   1   1   1   1   1   1 |     GGA   1   1   1   1   1   1
    GTG   0   0   0   0   0   0 |     GCG   0   0   0   0   0   0 |     GAG   0   0   0   0   0   0 |     GGG   1   1   1   1   1   1
--------------------------------------------------------------------------------------------------------------------------------------

--------------------------------------------------------------------------------------------------------------------------------------
Phe TTT   1   1   1   1   1   1 | Ser TCT   0   0   0   0   0   0 | Tyr TAT   0   0   0   0   0   0 | Cys TGT   0   0   0   0   0   0
    TTC   0   0   0   0   0   0 |     TCC   0   0   0   0   0   0 |     TAC   0   0   0   0   0   0 |     TGC   0   0   0   0   0   0
Leu TTA   1   1   1   1   1   1 |     TCA   1   1   0   1   1   1 | *** TAA   0   0   0   0   0   0 | *** TGA   0   0   0   0   0   0
    TTG   0   0   0   0   0   0 |     TCG   0   0   0   0   0   0 |     TAG   0   0   0   0   0   0 | Trp TGG   0   0   0   0   0   0
--------------------------------------------------------------------------------------------------------------------------------------
Leu CTT   2   2   2   2   2   2 | Pro CCT   3   3   3   3   3   3 | His CAT   0   0   0   0   0   0 | Arg CGT   0   0   0   0   0   0
    CTC   1   1   1   1   1   1 |     CCC   0   0   0   0   0   0 |     CAC   0   0   0   0   0   0 |     CGC   1   1   1   1   1   1
    CTA   0   0   0   0   0   0 |     CCA   1   1   2   1   1   1 | Gln CAA   1   1   1   1   1   1 |     CGA   0   0   0   0   0   0
    CTG   0   0   0   0   0   0 |     CCG   0   0   0   0   0   0 |     CAG   0   0   0   0   0   0 |     CGG   0   0   0   0   0   0
--------------------------------------------------------------------------------------------------------------------------------------
Ile ATT   1   1   1   1   0   1 | Thr ACT   0   0   0   0   0   0 | Asn AAT   1   1   1   1   1   1 | Ser AGT   0   0   0   0   0   0
    ATC   0   0   0   0   1   0 |     ACC   0   0   0   0   0   0 |     AAC   1   1   1   1   1   1 |     AGC   0   0   0   0   0   0
    ATA   0   0   0   0   0   0 |     ACA   0   0   0   0   0   0 | Lys AAA   0   0   0   0   0   0 | Arg AGA   0   0   0   0   0   0
Met ATG   1   1   1   1   1   1 |     ACG   0   0   0   0   0   0 |     AAG   0   0   0   0   0   0 |     AGG   0   0   0   0   0   0
--------------------------------------------------------------------------------------------------------------------------------------
Val GTT   1   1   1   1   1   1 | Ala GCT   0   0   0   0   0   0 | Asp GAT   0   0   0   0   0   0 | Gly GGT   0   0   0   0   0   0
    GTC   0   0   0   0   0   0 |     GCC   0   0   0   0   0   0 |     GAC   1   1   1   1   1   1 |     GGC   0   0   0   0   0   0
    GTA   0   0   0   0   0   0 |     GCA   2   2   2   2   2   2 | Glu GAA   1   1   1   1   1   1 |     GGA   1   1   1   1   1   1
    GTG   0   0   0   0   0   0 |     GCG   0   0   0   0   0   0 |     GAG   0   0   0   0   0   0 |     GGG   1   1   1   1   1   1
--------------------------------------------------------------------------------------------------------------------------------------

--------------------------------------------------------------------------------------------------------------------------------------
Phe TTT   1   1   1   1   1   1 | Ser TCT   0   0   0   0   0   0 | Tyr TAT   0   0   0   0   0   0 | Cys TGT   0   0   0   0   0   0
    TTC   0   0   0   0   0   0 |     TCC   0   0   0   0   0   0 |     TAC   0   0   0   0   0   0 |     TGC   0   0   0   0   0   0
Leu TTA   1   1   1   1   1   1 |     TCA   1   1   1   1   1   1 | *** TAA   0   0   0   0   0   0 | *** TGA   0   0   0   0   0   0
    TTG   0   0   0   0   0   0 |     TCG   0   0   0   0   0   0 |     TAG   0   0   0   0   0   0 | Trp TGG   0   0   0   0   0   0
--------------------------------------------------------------------------------------------------------------------------------------
Leu CTT   2   2   2   2   2   2 | Pro CCT   3   3   3   2   3   3 | His CAT   0   0   0   0   0   0 | Arg CGT   0   0   0   0   0   0
    CTC   1   1   1   1   1   1 |     CCC   0   0   0   0   0   0 |     CAC   0   0   0   0   0   0 |     CGC   1   1   1   1   1   1
    CTA   0   0   0   0   0   0 |     CCA   1   1   1   1   1   1 | Gln CAA   1   1   1   1   1   1 |     CGA   0   0   0   0   0   0
    CTG   0   0   0   0   0   0 |     CCG   0   0   0   1   0   0 |     CAG   0   0   0   0   0   0 |     CGG   0   0   0   0   0   0
--------------------------------------------------------------------------------------------------------------------------------------
Ile ATT   1   1   1   1   1   0 | Thr ACT   0   0   0   0   0   0 | Asn AAT   0   1   1   1   1   1 | Ser AGT   0   0   0   0   0   0
    ATC   0   0   0   0   0   1 |     ACC   0   0   0   0   0   0 |     AAC   2   1   1   1   1   1 |     AGC   0   0   0   0   0   0
    ATA   0   0   0   0   0   0 |     ACA   0   0   0   0   0   0 | Lys AAA   0   0   0   0   0   0 | Arg AGA   0   0   0   0   0   0
Met ATG   1   1   1   1   1   1 |     ACG   0   0   0   0   0   0 |     AAG   0   0   0   0   0   0 |     AGG   0   0   0   0   0   0
--------------------------------------------------------------------------------------------------------------------------------------
Val GTT   1   1   1   1   1   1 | Ala GCT   0   0   0   0   0   0 | Asp GAT   0   0   0   0   0   0 | Gly GGT   0   0   0   0   0   0
    GTC   0   0   0   0   0   0 |     GCC   0   0   0   0   0   0 |     GAC   1   1   1   1   1   1 |     GGC   0   0   0   0   0   0
    GTA   0   0   0   0   0   0 |     GCA   2   2   2   2   2   2 | Glu GAA   1   1   1   1   1   1 |     GGA   1   1   1   1   1   1
    GTG   0   0   0   0   0   0 |     GCG   0   0   0   0   0   0 |     GAG   0   0   0   0   0   0 |     GGG   1   1   1   1   1   1
--------------------------------------------------------------------------------------------------------------------------------------

--------------------------------------------------------------------------------------------------------------------------------------
Phe TTT   1   1   1   1   1   1 | Ser TCT   0   0   0   0   0   0 | Tyr TAT   0   0   0   0   0   0 | Cys TGT   0   0   0   0   0   0
    TTC   0   0   0   0   0   0 |     TCC   0   0   0   0   0   0 |     TAC   0   0   0   0   0   0 |     TGC   0   0   0   0   0   0
Leu TTA   1   1   1   1   1   0 |     TCA   1   1   1   1   1   1 | *** TAA   0   0   0   0   0   0 | *** TGA   0   0   0   0   0   0
    TTG   0   0   0   0   0   0 |     TCG   0   0   0   0   0   0 |     TAG   0   0   0   0   0   0 | Trp TGG   0   0   0   0   0   0
--------------------------------------------------------------------------------------------------------------------------------------
Leu CTT   2   2   2   2   2   2 | Pro CCT   3   3   3   3   3   3 | His CAT   0   0   0   0   0   0 | Arg CGT   0   0   0   0   0   0
    CTC   1   1   1   1   1   1 |     CCC   0   0   0   0   0   0 |     CAC   0   0   0   0   0   0 |     CGC   1   1   1   1   1   1
    CTA   0   0   0   0   0   1 |     CCA   1   1   1   1   1   1 | Gln CAA   1   1   1   1   1   1 |     CGA   0   0   0   0   0   0
    CTG   0   0   0   0   0   0 |     CCG   0   0   0   0   0   0 |     CAG   0   0   0   0   0   0 |     CGG   0   0   0   0   0   0
--------------------------------------------------------------------------------------------------------------------------------------
Ile ATT   1   1   1   1   1   1 | Thr ACT   0   0   0   0   0   0 | Asn AAT   1   1   1   1   1   1 | Ser AGT   0   0   0   0   0   0
    ATC   0   0   0   0   0   0 |     ACC   0   0   0   0   0   0 |     AAC   1   1   1   1   1   1 |     AGC   0   0   0   0   0   0
    ATA   0   0   0   0   0   0 |     ACA   0   0   0   0   0   0 | Lys AAA   0   0   0   0   0   0 | Arg AGA   0   0   0   0   0   0
Met ATG   1   1   1   1   1   1 |     ACG   0   0   0   0   0   0 |     AAG   0   0   0   0   0   0 |     AGG   0   0   0   0   0   0
--------------------------------------------------------------------------------------------------------------------------------------
Val GTT   1   1   0   1   1   1 | Ala GCT   0   0   0   0   0   0 | Asp GAT   0   0   0   0   0   0 | Gly GGT   0   0   0   0   0   0
    GTC   0   0   0   0   0   0 |     GCC   0   0   0   0   0   0 |     GAC   1   1   1   1   1   1 |     GGC   0   0   0   0   0   0
    GTA   0   0   0   0   0   0 |     GCA   2   2   2   2   2   2 | Glu GAA   1   1   1   1   1   1 |     GGA   1   1   1   1   1   1
    GTG   0   0   1   0   0   0 |     GCG   0   0   0   0   0   0 |     GAG   0   0   0   0   0   0 |     GGG   1   1   1   1   1   1
--------------------------------------------------------------------------------------------------------------------------------------

--------------------------------------------------------------------------------------------------------------------------------------
Phe TTT   1   1   1   1   1   1 | Ser TCT   0   0   0   0   0   0 | Tyr TAT   0   0   0   0   0   0 | Cys TGT   0   0   0   0   0   0
    TTC   0   0   0   0   0   0 |     TCC   0   0   0   0   0   0 |     TAC   0   0   0   0   0   0 |     TGC   0   0   0   0   0   0
Leu TTA   1   1   1   1   1   1 |     TCA   1   1   1   1   1   1 | *** TAA   0   0   0   0   0   0 | *** TGA   0   0   0   0   0   0
    TTG   0   0   0   0   0   0 |     TCG   0   0   0   0   0   0 |     TAG   0   0   0   0   0   0 | Trp TGG   0   0   0   0   0   0
--------------------------------------------------------------------------------------------------------------------------------------
Leu CTT   2   2   2   2   2   2 | Pro CCT   3   3   3   3   3   3 | His CAT   0   0   0   0   0   0 | Arg CGT   0   0   0   0   0   0
    CTC   1   1   1   1   1   1 |     CCC   0   0   0   0   0   0 |     CAC   0   0   0   0   0   0 |     CGC   1   1   1   1   1   1
    CTA   0   0   0   0   0   0 |     CCA   1   1   1   1   1   1 | Gln CAA   1   1   1   1   1   1 |     CGA   0   0   0   0   0   0
    CTG   0   0   0   0   0   0 |     CCG   0   0   0   0   0   0 |     CAG   0   0   0   0   0   0 |     CGG   0   0   0   0   0   0
--------------------------------------------------------------------------------------------------------------------------------------
Ile ATT   1   1   1   1   1   1 | Thr ACT   0   0   0   0   0   0 | Asn AAT   1   1   1   1   1   1 | Ser AGT   0   0   0   0   0   0
    ATC   0   0   0   0   0   0 |     ACC   0   0   0   0   0   0 |     AAC   1   1   1   1   1   1 |     AGC   0   0   0   0   0   0
    ATA   0   0   0   0   0   0 |     ACA   0   0   0   0   0   0 | Lys AAA   0   0   0   0   0   0 | Arg AGA   0   0   0   0   0   0
Met ATG   1   1   1   1   1   1 |     ACG   0   0   0   0   0   0 |     AAG   0   0   0   0   0   0 |     AGG   0   0   0   0   0   0
--------------------------------------------------------------------------------------------------------------------------------------
Val GTT   1   1   1   1   1   1 | Ala GCT   0   0   0   0   0   0 | Asp GAT   0   0   0   0   0   0 | Gly GGT   0   0   0   0   0   0
    GTC   0   0   0   0   0   0 |     GCC   0   0   0   0   0   0 |     GAC   1   1   1   1   1   1 |     GGC   0   0   0   0   0   0
    GTA   0   0   0   0   0   0 |     GCA   2   2   2   2   2   2 | Glu GAA   1   1   1   1   1   1 |     GGA   1   1   1   1   1   1
    GTG   0   0   0   0   0   0 |     GCG   0   0   0   0   0   0 |     GAG   0   0   0   0   0   0 |     GGG   1   1   1   1   1   1
--------------------------------------------------------------------------------------------------------------------------------------

--------------------------------------------------------------------------------------------------------------------------------------
Phe TTT   1   1   1   1   1   1 | Ser TCT   0   0   0   0   0   0 | Tyr TAT   0   0   0   0   0   0 | Cys TGT   0   0   0   0   0   0
    TTC   0   0   0   0   0   0 |     TCC   0   0   0   0   0   0 |     TAC   0   0   0   0   0   0 |     TGC   0   0   0   0   0   0
Leu TTA   1   1   1   1   1   1 |     TCA   1   1   1   1   1   1 | *** TAA   0   0   0   0   0   0 | *** TGA   0   0   0   0   0   0
    TTG   0   0   0   0   0   0 |     TCG   0   0   0   0   0   0 |     TAG   0   0   0   0   0   0 | Trp TGG   0   0   0   0   0   0
--------------------------------------------------------------------------------------------------------------------------------------
Leu CTT   2   2   2   2   2   2 | Pro CCT   3   3   3   3   3   3 | His CAT   0   0   0   0   0   0 | Arg CGT   0   0   0   0   0   0
    CTC   1   1   1   1   1   1 |     CCC   0   0   0   0   0   0 |     CAC   0   0   0   0   0   0 |     CGC   1   1   1   1   1   1
    CTA   0   0   0   0   0   0 |     CCA   1   1   1   1   1   1 | Gln CAA   1   1   1   1   1   1 |     CGA   0   0   0   0   0   0
    CTG   0   0   0   0   0   0 |     CCG   0   0   0   0   0   0 |     CAG   0   0   0   0   0   0 |     CGG   0   0   0   0   0   0
--------------------------------------------------------------------------------------------------------------------------------------
Ile ATT   1   1   1   1   1   1 | Thr ACT   0   0   0   0   0   0 | Asn AAT   1   1   1   1   1   1 | Ser AGT   0   0   0   0   0   0
    ATC   0   0   0   0   0   0 |     ACC   0   0   0   1   0   0 |     AAC   1   1   1   0   1   1 |     AGC   0   0   0   0   0   0
    ATA   0   0   0   0   0   0 |     ACA   0   0   0   0   0   0 | Lys AAA   0   0   0   0   0   0 | Arg AGA   0   0   0   0   0   0
Met ATG   1   1   1   1   1   1 |     ACG   0   0   0   0   0   0 |     AAG   0   0   0   0   0   0 |     AGG   0   0   0   0   0   0
--------------------------------------------------------------------------------------------------------------------------------------
Val GTT   1   1   1   1   1   1 | Ala GCT   0   0   0   0   0   0 | Asp GAT   0   0   0   0   0   0 | Gly GGT   0   0   0   0   0   0
    GTC   0   0   0   0   0   0 |     GCC   0   0   0   0   0   0 |     GAC   1   1   1   1   1   1 |     GGC   0   0   0   0   0   0
    GTA   0   0   0   0   0   0 |     GCA   2   2   2   2   2   2 | Glu GAA   1   1   1   0   1   1 |     GGA   1   1   1   1   1   1
    GTG   0   0   0   0   0   0 |     GCG   0   0   0   0   0   0 |     GAG   0   0   0   1   0   0 |     GGG   1   1   1   1   1   1
--------------------------------------------------------------------------------------------------------------------------------------

Codon position x base (3x4) table for each sequence.

#1: Argali         
position  1:    T:0.13043    C:0.39130    A:0.17391    G:0.30435
position  2:    T:0.34783    C:0.30435    A:0.21739    G:0.13043
position  3:    T:0.39130    C:0.17391    A:0.34783    G:0.08696
Average         T:0.28986    C:0.28986    A:0.24638    G:0.17391

#2: LesserMouseDeer
position  1:    T:0.13043    C:0.39130    A:0.17391    G:0.30435
position  2:    T:0.34783    C:0.30435    A:0.21739    G:0.13043
position  3:    T:0.34783    C:0.21739    A:0.34783    G:0.08696
Average         T:0.27536    C:0.30435    A:0.24638    G:0.17391

#3: LesserKudu     
position  1:    T:0.13043    C:0.39130    A:0.17391    G:0.30435
position  2:    T:0.34783    C:0.30435    A:0.21739    G:0.13043
position  3:    T:0.39130    C:0.17391    A:0.34783    G:0.08696
Average         T:0.28986    C:0.28986    A:0.24638    G:0.17391

#4: ForestMuskDeer2
position  1:    T:0.13043    C:0.39130    A:0.17391    G:0.30435
position  2:    T:0.34783    C:0.34783    A:0.17391    G:0.13043
position  3:    T:0.39130    C:0.17391    A:0.30435    G:0.13043
Average         T:0.28986    C:0.30435    A:0.21739    G:0.18841

#5: Camel          
position  1:    T:0.13043    C:0.39130    A:0.17391    G:0.30435
position  2:    T:0.34783    C:0.30435    A:0.21739    G:0.13043
position  3:    T:0.43478    C:0.13043    A:0.34783    G:0.08696
Average         T:0.30435    C:0.27536    A:0.24638    G:0.17391

#6: KillerWhale    
position  1:    T:0.13043    C:0.39130    A:0.17391    G:0.30435
position  2:    T:0.34783    C:0.30435    A:0.21739    G:0.13043
position  3:    T:0.43478    C:0.13043    A:0.34783    G:0.08696
Average         T:0.30435    C:0.27536    A:0.24638    G:0.17391

#7: DefassaWaterbuck
position  1:    T:0.13043    C:0.39130    A:0.17391    G:0.30435
position  2:    T:0.34783    C:0.30435    A:0.21739    G:0.13043
position  3:    T:0.39130    C:0.17391    A:0.34783    G:0.08696
Average         T:0.28986    C:0.28986    A:0.24638    G:0.17391

#8: Sheep          
position  1:    T:0.13043    C:0.39130    A:0.17391    G:0.30435
position  2:    T:0.34783    C:0.30435    A:0.21739    G:0.13043
position  3:    T:0.39130    C:0.17391    A:0.34783    G:0.08696
Average         T:0.28986    C:0.28986    A:0.24638    G:0.17391

#9: MaxwellsDuiker 
position  1:    T:0.13043    C:0.39130    A:0.17391    G:0.30435
position  2:    T:0.34783    C:0.30435    A:0.21739    G:0.13043
position  3:    T:0.34783    C:0.17391    A:0.39130    G:0.08696
Average         T:0.27536    C:0.28986    A:0.26087    G:0.17391

#10: GazellaPrzewalskyi
position  1:    T:0.13043    C:0.39130    A:0.17391    G:0.30435
position  2:    T:0.34783    C:0.30435    A:0.21739    G:0.13043
position  3:    T:0.39130    C:0.17391    A:0.34783    G:0.08696
Average         T:0.28986    C:0.28986    A:0.24638    G:0.17391

#11: MountainNyala  
position  1:    T:0.13043    C:0.39130    A:0.17391    G:0.30435
position  2:    T:0.34783    C:0.30435    A:0.21739    G:0.13043
position  3:    T:0.39130    C:0.17391    A:0.34783    G:0.08696
Average         T:0.28986    C:0.28986    A:0.24638    G:0.17391

#12: MuntiacusMuntjak
position  1:    T:0.13043    C:0.39130    A:0.17391    G:0.30435
position  2:    T:0.34783    C:0.30435    A:0.21739    G:0.13043
position  3:    T:0.39130    C:0.17391    A:0.34783    G:0.08696
Average         T:0.28986    C:0.28986    A:0.24638    G:0.17391

#13: goat           
position  1:    T:0.13043    C:0.39130    A:0.17391    G:0.30435
position  2:    T:0.34783    C:0.30435    A:0.21739    G:0.13043
position  3:    T:0.39130    C:0.17391    A:0.34783    G:0.08696
Average         T:0.28986    C:0.28986    A:0.24638    G:0.17391

#14: AfricanBuffalo 
position  1:    T:0.17391    C:0.34783    A:0.21739    G:0.26087
position  2:    T:0.26087    C:0.30435    A:0.26087    G:0.17391
position  3:    T:0.39130    C:0.17391    A:0.34783    G:0.08696
Average         T:0.27536    C:0.27536    A:0.27536    G:0.17391

#15: Topi           
position  1:    T:0.13043    C:0.39130    A:0.17391    G:0.30435
position  2:    T:0.34783    C:0.30435    A:0.21739    G:0.13043
position  3:    T:0.34783    C:0.21739    A:0.34783    G:0.08696
Average         T:0.27536    C:0.30435    A:0.24638    G:0.17391

#16: CommonDuiker   
position  1:    T:0.13043    C:0.39130    A:0.17391    G:0.30435
position  2:    T:0.34783    C:0.30435    A:0.21739    G:0.13043
position  3:    T:0.34783    C:0.17391    A:0.34783    G:0.13043
Average         T:0.27536    C:0.28986    A:0.24638    G:0.18841

#17: Suni           
position  1:    T:0.13043    C:0.39130    A:0.17391    G:0.30435
position  2:    T:0.34783    C:0.30435    A:0.21739    G:0.13043
position  3:    T:0.39130    C:0.17391    A:0.34783    G:0.08696
Average         T:0.28986    C:0.28986    A:0.24638    G:0.17391

#18: Springbuck     
position  1:    T:0.13043    C:0.39130    A:0.17391    G:0.30435
position  2:    T:0.34783    C:0.30435    A:0.21739    G:0.13043
position  3:    T:0.39130    C:0.17391    A:0.34783    G:0.08696
Average         T:0.28986    C:0.28986    A:0.24638    G:0.17391

#19: Okapi          
position  1:    T:0.13043    C:0.39130    A:0.17391    G:0.30435
position  2:    T:0.34783    C:0.30435    A:0.21739    G:0.13043
position  3:    T:0.43478    C:0.13043    A:0.34783    G:0.08696
Average         T:0.30435    C:0.27536    A:0.24638    G:0.17391

#20: Giraffe        
position  1:    T:0.13043    C:0.39130    A:0.17391    G:0.30435
position  2:    T:0.34783    C:0.30435    A:0.21739    G:0.13043
position  3:    T:0.39130    C:0.17391    A:0.34783    G:0.08696
Average         T:0.28986    C:0.28986    A:0.24638    G:0.17391

#21: TibetanAntelope
position  1:    T:0.13043    C:0.39130    A:0.17391    G:0.30435
position  2:    T:0.34783    C:0.30435    A:0.21739    G:0.13043
position  3:    T:0.39130    C:0.17391    A:0.34783    G:0.08696
Average         T:0.28986    C:0.28986    A:0.24638    G:0.17391

#22: Sitatunga      
position  1:    T:0.13043    C:0.39130    A:0.17391    G:0.30435
position  2:    T:0.34783    C:0.30435    A:0.21739    G:0.13043
position  3:    T:0.39130    C:0.17391    A:0.34783    G:0.08696
Average         T:0.28986    C:0.28986    A:0.24638    G:0.17391

#23: Oribi          
position  1:    T:0.13043    C:0.39130    A:0.17391    G:0.30435
position  2:    T:0.39130    C:0.26087    A:0.21739    G:0.13043
position  3:    T:0.39130    C:0.17391    A:0.34783    G:0.08696
Average         T:0.30435    C:0.27536    A:0.24638    G:0.17391

#24: BarbarySheep   
position  1:    T:0.13043    C:0.39130    A:0.17391    G:0.30435
position  2:    T:0.34783    C:0.30435    A:0.21739    G:0.13043
position  3:    T:0.39130    C:0.17391    A:0.34783    G:0.08696
Average         T:0.28986    C:0.28986    A:0.24638    G:0.17391

#25: Daviddeer      
position  1:    T:0.13043    C:0.39130    A:0.17391    G:0.30435
position  2:    T:0.34783    C:0.30435    A:0.21739    G:0.13043
position  3:    T:0.39130    C:0.17391    A:0.34783    G:0.08696
Average         T:0.28986    C:0.28986    A:0.24638    G:0.17391

#26: Reindeer       
position  1:    T:0.13043    C:0.39130    A:0.17391    G:0.30435
position  2:    T:0.34783    C:0.30435    A:0.21739    G:0.13043
position  3:    T:0.39130    C:0.17391    A:0.34783    G:0.08696
Average         T:0.28986    C:0.28986    A:0.24638    G:0.17391

#27: Ibex           
position  1:    T:0.08696    C:0.43478    A:0.17391    G:0.30435
position  2:    T:0.34783    C:0.30435    A:0.21739    G:0.13043
position  3:    T:0.39130    C:0.17391    A:0.34783    G:0.08696
Average         T:0.27536    C:0.30435    A:0.24638    G:0.17391

#28: GyrantGazelle  
position  1:    T:0.13043    C:0.39130    A:0.17391    G:0.30435
position  2:    T:0.34783    C:0.30435    A:0.21739    G:0.13043
position  3:    T:0.39130    C:0.17391    A:0.34783    G:0.08696
Average         T:0.28986    C:0.28986    A:0.24638    G:0.17391

#29: Hartebeest     
position  1:    T:0.13043    C:0.39130    A:0.17391    G:0.30435
position  2:    T:0.34783    C:0.30435    A:0.21739    G:0.13043
position  3:    T:0.34783    C:0.21739    A:0.34783    G:0.08696
Average         T:0.27536    C:0.30435    A:0.24638    G:0.17391

#30: Bongo          
position  1:    T:0.13043    C:0.39130    A:0.17391    G:0.30435
position  2:    T:0.34783    C:0.30435    A:0.21739    G:0.13043
position  3:    T:0.39130    C:0.17391    A:0.34783    G:0.08696
Average         T:0.28986    C:0.28986    A:0.24638    G:0.17391

#31: Gerenuk        
position  1:    T:0.13043    C:0.39130    A:0.17391    G:0.30435
position  2:    T:0.34783    C:0.30435    A:0.21739    G:0.13043
position  3:    T:0.34783    C:0.21739    A:0.34783    G:0.08696
Average         T:0.27536    C:0.30435    A:0.24638    G:0.17391

#32: CommonEland    
position  1:    T:0.13043    C:0.39130    A:0.17391    G:0.30435
position  2:    T:0.34783    C:0.30435    A:0.21739    G:0.13043
position  3:    T:0.39130    C:0.17391    A:0.34783    G:0.08696
Average         T:0.28986    C:0.28986    A:0.24638    G:0.17391

#33: MuntiacusReevesi
position  1:    T:0.13043    C:0.39130    A:0.17391    G:0.30435
position  2:    T:0.34783    C:0.30435    A:0.21739    G:0.13043
position  3:    T:0.39130    C:0.17391    A:0.34783    G:0.08696
Average         T:0.28986    C:0.28986    A:0.24638    G:0.17391

#34: HarveysDuiker  
position  1:    T:0.13043    C:0.39130    A:0.17391    G:0.30435
position  2:    T:0.34783    C:0.30435    A:0.21739    G:0.13043
position  3:    T:0.34783    C:0.17391    A:0.34783    G:0.13043
Average         T:0.27536    C:0.28986    A:0.24638    G:0.18841

#35: Pronghorn      
position  1:    T:0.13043    C:0.39130    A:0.17391    G:0.30435
position  2:    T:0.34783    C:0.30435    A:0.21739    G:0.13043
position  3:    T:0.39130    C:0.17391    A:0.34783    G:0.08696
Average         T:0.28986    C:0.28986    A:0.24638    G:0.17391

#36: BlueWildebeest 
position  1:    T:0.13043    C:0.39130    A:0.17391    G:0.30435
position  2:    T:0.34783    C:0.30435    A:0.21739    G:0.13043
position  3:    T:0.34783    C:0.21739    A:0.34783    G:0.08696
Average         T:0.27536    C:0.30435    A:0.24638    G:0.17391

#37: Gemsbok        
position  1:    T:0.13043    C:0.39130    A:0.17391    G:0.30435
position  2:    T:0.34783    C:0.30435    A:0.21739    G:0.13043
position  3:    T:0.39130    C:0.17391    A:0.34783    G:0.08696
Average         T:0.28986    C:0.28986    A:0.24638    G:0.17391

#38: Yak            
position  1:    T:0.13043    C:0.39130    A:0.17391    G:0.30435
position  2:    T:0.34783    C:0.30435    A:0.21739    G:0.13043
position  3:    T:0.39130    C:0.17391    A:0.34783    G:0.08696
Average         T:0.28986    C:0.28986    A:0.24638    G:0.17391

#39: BlueSheep      
position  1:    T:0.13043    C:0.39130    A:0.17391    G:0.30435
position  2:    T:0.34783    C:0.30435    A:0.21739    G:0.13043
position  3:    T:0.34783    C:0.17391    A:0.34783    G:0.13043
Average         T:0.27536    C:0.28986    A:0.24638    G:0.18841

#40: BohorReedbuck  
position  1:    T:0.13043    C:0.39130    A:0.17391    G:0.30435
position  2:    T:0.34783    C:0.30435    A:0.21739    G:0.13043
position  3:    T:0.39130    C:0.17391    A:0.34783    G:0.08696
Average         T:0.28986    C:0.28986    A:0.24638    G:0.17391

#41: KirksDik       
position  1:    T:0.13043    C:0.39130    A:0.17391    G:0.30435
position  2:    T:0.34783    C:0.30435    A:0.21739    G:0.13043
position  3:    T:0.39130    C:0.17391    A:0.34783    G:0.08696
Average         T:0.28986    C:0.28986    A:0.24638    G:0.17391

#42: RoeDeer        
position  1:    T:0.08696    C:0.43478    A:0.17391    G:0.30435
position  2:    T:0.34783    C:0.30435    A:0.21739    G:0.13043
position  3:    T:0.39130    C:0.17391    A:0.34783    G:0.08696
Average         T:0.27536    C:0.30435    A:0.24638    G:0.17391

#43: WhiteLippedDeer
position  1:    T:0.13043    C:0.39130    A:0.17391    G:0.30435
position  2:    T:0.34783    C:0.30435    A:0.21739    G:0.13043
position  3:    T:0.39130    C:0.17391    A:0.34783    G:0.08696
Average         T:0.28986    C:0.28986    A:0.24638    G:0.17391

#44: ThomsonGazelle 
position  1:    T:0.13043    C:0.39130    A:0.17391    G:0.30435
position  2:    T:0.34783    C:0.30435    A:0.21739    G:0.13043
position  3:    T:0.39130    C:0.17391    A:0.34783    G:0.08696
Average         T:0.28986    C:0.28986    A:0.24638    G:0.17391

#45: MuntiacusCrinifrons
position  1:    T:0.13043    C:0.39130    A:0.17391    G:0.30435
position  2:    T:0.34783    C:0.30435    A:0.21739    G:0.13043
position  3:    T:0.39130    C:0.17391    A:0.34783    G:0.08696
Average         T:0.28986    C:0.28986    A:0.24638    G:0.17391

#46: WhiteTailedDeer
position  1:    T:0.13043    C:0.39130    A:0.17391    G:0.30435
position  2:    T:0.34783    C:0.30435    A:0.21739    G:0.13043
position  3:    T:0.39130    C:0.17391    A:0.34783    G:0.08696
Average         T:0.28986    C:0.28986    A:0.24638    G:0.17391

#47: Cattle         
position  1:    T:0.13043    C:0.39130    A:0.17391    G:0.30435
position  2:    T:0.34783    C:0.30435    A:0.21739    G:0.13043
position  3:    T:0.39130    C:0.17391    A:0.34783    G:0.08696
Average         T:0.28986    C:0.28986    A:0.24638    G:0.17391

#48: RoyalAntelope  
position  1:    T:0.13043    C:0.39130    A:0.17391    G:0.30435
position  2:    T:0.34783    C:0.30435    A:0.21739    G:0.13043
position  3:    T:0.39130    C:0.17391    A:0.34783    G:0.08696
Average         T:0.28986    C:0.28986    A:0.24638    G:0.17391

#49: Steenbok       
position  1:    T:0.13043    C:0.39130    A:0.17391    G:0.30435
position  2:    T:0.34783    C:0.30435    A:0.21739    G:0.13043
position  3:    T:0.39130    C:0.17391    A:0.34783    G:0.08696
Average         T:0.28986    C:0.28986    A:0.24638    G:0.17391

#50: Impala         
position  1:    T:0.13043    C:0.39130    A:0.17391    G:0.30435
position  2:    T:0.34783    C:0.30435    A:0.21739    G:0.13043
position  3:    T:0.39130    C:0.17391    A:0.34783    G:0.08696
Average         T:0.28986    C:0.28986    A:0.24638    G:0.17391

#51: Klipspringer   
position  1:    T:0.13043    C:0.39130    A:0.17391    G:0.30435
position  2:    T:0.34783    C:0.30435    A:0.21739    G:0.13043
