1
52 1
Argali 0.000000 0.190300 0.072800 0.211200 0.035600 0.008800 0.067500 0.068800 0.076500 0.076200 0.017500 0.067300 0.030000 0.062300 0.062700 0.074200 0.095200 0.091800 0.035600 0.076400 0.053800 0.013200 0.080000 0.075200 0.022000 0.053500 0.030800 0.076400 0.052900 0.066600 0.081100 0.059000 0.109400 0.035200 0.031100 0.067800 0.022100 0.049600 0.048800 0.081700 0.081700 0.062900 0.066900 0.079900 0.068100 0.050200 0.075500 0.070100 0.040300 0.095800 0.076000 0.071700
LesserMous 0.190300 0.000000 0.201000 0.233200 0.174100 0.181000 0.198100 0.198600 0.208700 0.191700 0.195400 0.166300 0.177300 0.212400 0.177800 0.186300 0.197100 0.184100 0.185600 0.208400 0.186100 0.192300 0.176000 0.192500 0.190600 0.201300 0.178200 0.208400 0.189800 0.207200 0.176500 0.196900 0.200500 0.172600 0.180800 0.190000 0.185400 0.191700 0.196100 0.199200 0.167200 0.201800 0.186500 0.208900 0.201900 0.182700 0.197500 0.202900 0.185900 0.210500 0.207600 0.192200
LesserKudu 0.072800 0.201000 0.000000 0.246300 0.058800 0.063900 0.092300 0.098800 0.058000 0.099600 0.082200 0.048900 0.067300 0.081900 0.089400 0.089600 0.105200 0.092100 0.082800 0.058000 0.073400 0.068700 0.084200 0.082500 0.077700 0.082600 0.067800 0.057900 0.092100 0.057600 0.095000 0.078300 0.109600 0.075300 0.078100 0.058500 0.068200 0.073500 0.077900 0.086000 0.086100 0.082700 0.090000 0.097200 0.068100 0.079100 0.100100 0.079700 0.081000 0.105700 0.048500 0.044200
KillerWhal 0.211200 0.233200 0.246300 0.000000 0.205500 0.207200 0.235800 0.237600 0.248200 0.217700 0.221900 0.208100 0.214900 0.239600 0.209900 0.237100 0.247100 0.199400 0.240900 0.247900 0.225000 0.218900 0.223700 0.223500 0.222600 0.223000 0.215900 0.247900 0.211200 0.240500 0.218400 0.223600 0.257000 0.221200 0.224400 0.205700 0.228900 0.218300 0.223200 0.213900 0.219800 0.229100 0.212400 0.240700 0.206500 0.221700 0.207500 0.259000 0.207000 0.225900 0.246900 0.236200
DefassaWat 0.035600 0.174100 0.058800 0.205500 0.000000 0.026800 0.039400 0.050400 0.072000 0.076400 0.035500 0.053500 0.031000 0.043900 0.044400 0.047000 0.085800 0.082400 0.045000 0.071900 0.036000 0.031300 0.080600 0.066200 0.031100 0.044900 0.030900 0.071900 0.045000 0.071500 0.071900 0.040500 0.099900 0.035400 0.040400 0.054000 0.040300 0.013300 0.031200 0.077100 0.072400 0.044900 0.067100 0.080500 0.063600 0.031700 0.048500 0.065800 0.031300 0.076900 0.071600 0.058000
Sheep 0.008800 0.181000 0.063900 0.207200 0.026800 0.000000 0.058300 0.059600 0.067700 0.076800 0.017700 0.058500 0.030200 0.053100 0.053900 0.065100 0.086300 0.082900 0.036000 0.067600 0.044800 0.013400 0.080600 0.066100 0.022200 0.044500 0.031100 0.067600 0.053300 0.067200 0.072300 0.050100 0.100500 0.035500 0.031400 0.059000 0.022200 0.040700 0.039800 0.077600 0.072800 0.053900 0.067400 0.080500 0.059200 0.041200 0.066700 0.080300 0.031400 0.091600 0.067300 0.062900
MaxwellsDu 0.067500 0.198100 0.092300 0.235800 0.039400 0.058300 0.000000 0.079700 0.096900 0.110300 0.067400 0.071900 0.058100 0.040900 0.076600 0.067800 0.110200 0.111900 0.077600 0.101900 0.064300 0.063200 0.115600 0.096200 0.058000 0.058900 0.058300 0.097100 0.063800 0.095600 0.105600 0.027100 0.135000 0.062800 0.073000 0.077700 0.072600 0.053900 0.058900 0.111600 0.106700 0.058900 0.100500 0.111100 0.087500 0.064400 0.067300 0.099900 0.063300 0.111100 0.105200 0.091300
GazellaPrz 0.068800 0.198600 0.098800 0.237600 0.050400 0.059600 0.079700 0.000000 0.107400 0.116800 0.068700 0.092800 0.064300 0.074200 0.083000 0.068200 0.126900 0.123900 0.078900 0.112100 0.050500 0.064600 0.122500 0.107200 0.064100 0.059600 0.064200 0.112100 0.059700 0.111200 0.112200 0.069800 0.130800 0.068900 0.074600 0.093700 0.073800 0.065000 0.036300 0.118000 0.113000 0.059600 0.106900 0.122400 0.104000 0.065800 0.063000 0.106500 0.064900 0.117700 0.111700 0.097300
MountainNy 0.076500 0.208700 0.058000 0.248200 0.072000 0.067700 0.096900 0.107400 0.000000 0.075400 0.085800 0.043700 0.080600 0.096100 0.099300 0.093600 0.098900 0.086000 0.096000 0.006800 0.091700 0.082000 0.070100 0.065500 0.091000 0.091100 0.080900 0.006800 0.100800 0.017100 0.071000 0.091400 0.093800 0.085500 0.091300 0.062400 0.081500 0.077200 0.086400 0.071500 0.071500 0.100900 0.075400 0.079600 0.062700 0.092500 0.108400 0.102900 0.072300 0.118800 0.025800 0.021600
MuntiacusM 0.076200 0.191700 0.099600 0.217700 0.076400 0.076800 0.110300 0.116800 0.075400 0.000000 0.090100 0.075600 0.084500 0.109500 0.089700 0.099100 0.088900 0.076200 0.110200 0.066100 0.100900 0.086300 0.030300 0.034700 0.095300 0.100200 0.085200 0.075400 0.099900 0.065400 0.012800 0.105400 0.098000 0.089900 0.090400 0.085800 0.090600 0.091100 0.095500 0.039200 0.030400 0.110100 0.008500 0.048100 0.086100 0.096500 0.108000 0.112400 0.076700 0.099400 0.075000 0.070700
goat 0.017500 0.195400 0.082200 0.221900 0.035500 0.017700 0.067400 0.068700 0.085800 0.090100 0.000000 0.076500 0.039800 0.062200 0.062600 0.064600 0.099800 0.096500 0.035600 0.085700 0.053700 0.013200 0.094300 0.079800 0.013200 0.051800 0.039700 0.085700 0.053500 0.085200 0.085700 0.058900 0.114000 0.044200 0.049300 0.077200 0.022000 0.049600 0.048700 0.086300 0.086300 0.061300 0.080700 0.084500 0.077500 0.050100 0.075400 0.079500 0.040200 0.100500 0.085300 0.081000
AfricanBuf 0.067300 0.166300 0.048900 0.208100 0.053500 0.058500 0.071900 0.092800 0.043700 0.075600 0.076500 0.000000 0.062200 0.081000 0.071300 0.076000 0.085000 0.072000 0.077000 0.043700 0.077400 0.072600 0.061200 0.056200 0.072100 0.076900 0.062300 0.043700 0.077000 0.043000 0.071200 0.067600 0.094100 0.066900 0.072400 0.026300 0.062800 0.067900 0.072200 0.062300 0.062400 0.077000 0.075600 0.070200 0.035400 0.073300 0.084700 0.083900 0.063100 0.090100 0.052500 0.039200
Topi 0.030000 0.177300 0.067300 0.214900 0.031000 0.030200 0.058100 0.064300 0.080600 0.084500 0.039800 0.062200 0.000000 0.057800 0.057900 0.070200 0.103300 0.100100 0.040000 0.080500 0.049700 0.035700 0.079300 0.084100 0.035400 0.058500 0.000000 0.080500 0.049400 0.070700 0.089500 0.054100 0.108500 0.004300 0.035000 0.072000 0.043900 0.044900 0.044700 0.095100 0.090400 0.058600 0.075100 0.098600 0.081800 0.045400 0.071100 0.065400 0.044800 0.090700 0.080100 0.066500
CommonDuik 0.062300 0.212400 0.081900 0.239600 0.043900 0.053100 0.040900 0.074200 0.096100 0.109500 0.062200 0.081000 0.057800 0.000000 0.076000 0.072100 0.114200 0.111000 0.072300 0.101100 0.059100 0.058000 0.114800 0.100500 0.057600 0.068000 0.058000 0.101100 0.068100 0.094900 0.104800 0.013300 0.133900 0.062400 0.067700 0.086800 0.067300 0.058300 0.053800 0.110700 0.105900 0.068000 0.099700 0.115300 0.096700 0.059200 0.080900 0.089500 0.058100 0.110200 0.104400 0.090600
Suni 0.062700 0.177800 0.089400 0.209900 0.044400 0.053900 0.076600 0.083000 0.099300 0.089700 0.062600 0.071300 0.057900 0.076000 0.000000 0.071400 0.113300 0.100600 0.072400 0.099200 0.067900 0.058600 0.104000 0.089500 0.058200 0.076800 0.057800 0.099200 0.077100 0.098400 0.085300 0.072200 0.122400 0.062400 0.058500 0.071900 0.067500 0.058500 0.062900 0.095200 0.085800 0.076900 0.080400 0.103900 0.081700 0.063800 0.075500 0.093500 0.053800 0.090200 0.098800 0.085000
Springbuck 0.074200 0.186300 0.089600 0.237100 0.047000 0.065100 0.067800 0.068200 0.093600 0.099100 0.064600 0.076000 0.070200 0.072100 0.071400 0.000000 0.102700 0.099300 0.084300 0.098100 0.053600 0.070000 0.103900 0.093000 0.069600 0.062500 0.070400 0.098100 0.053500 0.089300 0.085300 0.067800 0.113400 0.074800 0.080300 0.089500 0.069600 0.061200 0.048800 0.100100 0.095300 0.062500 0.094400 0.107600 0.096200 0.062300 0.056800 0.087300 0.070800 0.108600 0.094200 0.084000
Okapi 0.095200 0.197100 0.105200 0.247100 0.085800 0.086300 0.110200 0.126900 0.098900 0.088900 0.099800 0.085000 0.103300 0.114200 0.113300 0.102700 0.000000 0.052700 0.120100 0.094200 0.110700 0.096000 0.098200 0.079200 0.095300 0.100200 0.104200 0.089300 0.119400 0.098200 0.079900 0.110200 0.102400 0.108800 0.110500 0.100000 0.100300 0.100900 0.105300 0.089700 0.089700 0.110100 0.093600 0.093400 0.100400 0.097100 0.117600 0.117200 0.095700 0.123500 0.089100 0.094100
Giraffe 0.091800 0.184100 0.092100 0.199400 0.082400 0.082900 0.111900 0.123900 0.086000 0.076200 0.096500 0.072000 0.100100 0.111000 0.100600 0.099300 0.052700 0.000000 0.117100 0.081300 0.107500 0.092700 0.085100 0.075600 0.101800 0.106700 0.101000 0.085900 0.106200 0.085400 0.067100 0.107000 0.089900 0.105600 0.107300 0.087000 0.097000 0.097600 0.102000 0.076800 0.076800 0.116900 0.080900 0.090000 0.087300 0.093700 0.104900 0.114000 0.092300 0.100800 0.085600 0.081200
TibetanAnt 0.035600 0.185600 0.082800 0.240900 0.045000 0.036000 0.077600 0.078900 0.096000 0.110200 0.035600 0.077000 0.040000 0.072300 0.072400 0.084300 0.120100 0.117100 0.000000 0.095900 0.054100 0.031400 0.095000 0.100000 0.031200 0.072700 0.040000 0.095900 0.063300 0.095300 0.105700 0.068800 0.124700 0.035400 0.054400 0.087400 0.040300 0.059300 0.058500 0.106500 0.096600 0.072800 0.100500 0.104800 0.097500 0.060000 0.085400 0.079900 0.059200 0.111000 0.095500 0.081500
Sitatunga 0.076400 0.208400 0.058000 0.247900 0.071900 0.067600 0.101900 0.112100 0.006800 0.066100 0.085700 0.043700 0.080500 0.101100 0.099200 0.098100 0.094200 0.081300 0.095900 0.000000 0.096300 0.081900 0.069900 0.065300 0.090900 0.095700 0.080800 0.008500 0.105400 0.017100 0.071000 0.100700 0.089100 0.085400 0.091200 0.062400 0.081400 0.077100 0.091000 0.071400 0.071400 0.105600 0.075400 0.079400 0.062600 0.092400 0.112900 0.102800 0.072200 0.118700 0.025800 0.021600
Oribi 0.053800 0.186100 0.073400 0.225000 0.036000 0.044800 0.064300 0.050500 0.091700 0.100900 0.053700 0.077400 0.049700 0.059100 0.067900 0.053600 0.110700 0.107500 0.054100 0.096300 0.000000 0.040100 0.096500 0.091300 0.049300 0.035700 0.049600 0.096300 0.045100 0.095600 0.096400 0.054700 0.125200 0.044900 0.054800 0.078100 0.058700 0.050100 0.031300 0.101900 0.087400 0.035800 0.091300 0.106000 0.088200 0.041300 0.057600 0.090700 0.050100 0.101600 0.095900 0.081900
BarbaryShe 0.013200 0.192300 0.068700 0.218900 0.031300 0.013400 0.063200 0.064600 0.082000 0.086300 0.013200 0.072600 0.035700 0.058000 0.058600 0.070000 0.096000 0.092700 0.031400 0.081900 0.040100 0.000000 0.090300 0.075700 0.017700 0.039800 0.035600 0.081900 0.058800 0.081300 0.081800 0.054800 0.110300 0.040100 0.045200 0.073300 0.026800 0.045400 0.044500 0.082500 0.082400 0.049200 0.076900 0.080500 0.073600 0.045900 0.071500 0.075500 0.036100 0.096600 0.081500 0.077100
Daviddeer 0.080000 0.176000 0.084200 0.223700 0.080600 0.080600 0.115600 0.122500 0.070100 0.030300 0.094300 0.061200 0.079300 0.114800 0.104000 0.103900 0.098200 0.085100 0.095000 0.069900 0.096500 0.090300 0.000000 0.030500 0.099600 0.105300 0.080300 0.069900 0.105000 0.060200 0.034800 0.110700 0.107600 0.075200 0.090000 0.080300 0.094800 0.095800 0.100600 0.035000 0.017300 0.115400 0.030300 0.043900 0.080700 0.101400 0.123100 0.107100 0.080800 0.104200 0.069900 0.065500
Reindeer 0.075200 0.192500 0.082500 0.223500 0.066200 0.066100 0.096200 0.107200 0.065500 0.034700 0.079800 0.056200 0.084100 0.100500 0.089500 0.093000 0.079200 0.075600 0.100000 0.065300 0.091300 0.075700 0.030500 0.000000 0.075300 0.080600 0.085100 0.055900 0.099600 0.065100 0.030400 0.096400 0.112400 0.089600 0.089900 0.066200 0.080200 0.081000 0.085700 0.030500 0.021700 0.090400 0.034700 0.012900 0.066300 0.086400 0.108200 0.112100 0.066300 0.094500 0.065000 0.060800
Ibex 0.022000 0.190600 0.077700 0.222600 0.031100 0.022200 0.058000 0.064100 0.091000 0.095300 0.013200 0.072100 0.035400 0.057600 0.058200 0.069600 0.095300 0.101800 0.031200 0.090900 0.049300 0.017700 0.099600 0.075300 0.000000 0.047200 0.035400 0.081300 0.058400 0.090300 0.090800 0.054400 0.119400 0.039800 0.044900 0.072800 0.017600 0.045100 0.044200 0.091500 0.091500 0.047100 0.085800 0.080000 0.082600 0.045600 0.071000 0.075000 0.045000 0.096000 0.090500 0.076600
GyrantGaze 0.053500 0.201300 0.082600 0.223000 0.044900 0.044500 0.058900 0.059600 0.091100 0.100200 0.051800 0.076900 0.058500 0.068000 0.076800 0.062500 0.100200 0.106700 0.072700 0.095700 0.035700 0.039800 0.105300 0.080600 0.047200 0.000000 0.058400 0.086000 0.044800 0.094900 0.095700 0.054300 0.124400 0.063000 0.068500 0.077600 0.066400 0.059200 0.040200 0.101200 0.096300 0.008800 0.090600 0.095200 0.077900 0.059800 0.057400 0.099700 0.049700 0.110600 0.095300 0.090900
Hartebeest 0.030800 0.178200 0.067800 0.215900 0.030900 0.031100 0.058300 0.064200 0.080900 0.085200 0.039700 0.062300 0.000000 0.058000 0.057800 0.070400 0.104200 0.101000 0.040000 0.080800 0.049600 0.035600 0.080300 0.085100 0.035400 0.058400 0.000000 0.080800 0.049300 0.071000 0.090300 0.054100 0.108900 0.004300 0.035500 0.072300 0.044500 0.044800 0.044700 0.095700 0.090900 0.058500 0.075900 0.099600 0.082100 0.045300 0.071000 0.065500 0.044800 0.090700 0.080400 0.066800
Bongo 0.076400 0.208400 0.057900 0.247900 0.071900 0.067600 0.097100 0.112100 0.006800 0.075400 0.085700 0.043700 0.080500 0.101100 0.099200 0.098100 0.089300 0.085900 0.095900 0.008500 0.096300 0.081900 0.069900 0.055900 0.081300 0.086000 0.080800 0.000000 0.105400 0.017100 0.071000 0.100700 0.093700 0.085400 0.091200 0.062400 0.081400 0.077100 0.091000 0.071400 0.071400 0.095800 0.075400 0.069900 0.062600 0.092400 0.112900 0.102700 0.072200 0.118600 0.025800 0.021600
Gerenuk 0.052900 0.189800 0.092100 0.211200 0.045000 0.053300 0.063800 0.059700 0.100800 0.099900 0.053500 0.077000 0.049400 0.068100 0.077100 0.053500 0.119400 0.106200 0.063300 0.105400 0.045100 0.058800 0.105000 0.099600 0.058400 0.044800 0.049300 0.105400 0.000000 0.094900 0.105100 0.054400 0.134400 0.053900 0.058800 0.077400 0.067400 0.059300 0.040300 0.110900 0.106100 0.044900 0.090300 0.114500 0.087500 0.060000 0.057500 0.090100 0.059200 0.106100 0.105000 0.090900
CommonElan 0.066600 0.207200 0.057600 0.240500 0.071500 0.067200 0.095600 0.111200 0.017100 0.065400 0.085200 0.043000 0.070700 0.094900 0.098400 0.089300 0.098200 0.085400 0.095300 0.017100 0.095600 0.081300 0.060200 0.065100 0.090300 0.094900 0.071000 0.017100 0.094900 0.000000 0.070200 0.090800 0.092800 0.075500 0.081200 0.062000 0.080900 0.086000 0.090200 0.070700 0.070800 0.104700 0.065400 0.079200 0.061800 0.091800 0.112100 0.092700 0.081100 0.113200 0.025400 0.021400
MuntiacusR 0.081100 0.176500 0.095000 0.218400 0.071900 0.072300 0.105600 0.112200 0.071000 0.012800 0.085700 0.071200 0.089500 0.104800 0.085300 0.085300 0.079900 0.067100 0.105700 0.071000 0.096400 0.081800 0.034800 0.030400 0.090800 0.095700 0.090300 0.071000 0.105100 0.070200 0.000000 0.100800 0.088900 0.094900 0.095500 0.081300 0.086100 0.086700 0.091000 0.034900 0.026000 0.105600 0.012800 0.043800 0.081600 0.082200 0.094100 0.107800 0.072300 0.090100 0.070700 0.066400
HarveysDui 0.059000 0.196900 0.078300 0.223600 0.040500 0.050100 0.027100 0.069800 0.091400 0.105400 0.058900 0.067600 0.054100 0.013300 0.072200 0.067800 0.110200 0.107000 0.068800 0.100700 0.054700 0.054800 0.110700 0.096400 0.054400 0.054300 0.054100 0.100700 0.054400 0.090800 0.100800 0.000000 0.129800 0.058700 0.064100 0.073200 0.063900 0.054800 0.049700 0.106500 0.101600 0.054300 0.095700 0.111100 0.082900 0.055400 0.067200 0.095500 0.054700 0.106400 0.100400 0.086600
Pronghorn 0.109400 0.200500 0.109600 0.257000 0.099900 0.100500 0.135000 0.130800 0.093800 0.098000 0.114000 0.094100 0.108500 0.133900 0.122400 0.113400 0.102400 0.089900 0.124700 0.089100 0.125200 0.110300 0.107600 0.112400 0.119400 0.124400 0.108900 0.093700 0.134400 0.092800 0.088900 0.129800 0.000000 0.113500 0.124900 0.114300 0.104200 0.115300 0.109800 0.108400 0.108500 0.134600 0.102600 0.127100 0.114700 0.111500 0.122300 0.121800 0.109900 0.138000 0.093300 0.089000
BlueWildeb 0.035200 0.172600 0.075300 0.221200 0.035400 0.035500 0.062800 0.068900 0.085500 0.089900 0.044200 0.066900 0.004300 0.062400 0.062400 0.074800 0.108800 0.105600 0.035400 0.085400 0.044900 0.040100 0.075200 0.089600 0.039800 0.063000 0.004300 0.085400 0.053900 0.075500 0.094900 0.058700 0.113500 0.000000 0.035500 0.076900 0.049000 0.049400 0.049200 0.100400 0.086000 0.063100 0.080500 0.104100 0.086800 0.049900 0.075600 0.070100 0.049300 0.098600 0.085000 0.071300
Gemsbok 0.031100 0.180800 0.078100 0.224400 0.040400 0.031400 0.073000 0.074600 0.091300 0.090400 0.049300 0.072400 0.035000 0.067700 0.058500 0.080300 0.110500 0.107300 0.054400 0.091200 0.054800 0.045200 0.090000 0.089900 0.044900 0.068500 0.035500 0.091200 0.058800 0.081200 0.095500 0.064100 0.124900 0.035500 0.000000 0.073100 0.044900 0.054700 0.054500 0.101200 0.081900 0.068600 0.080800 0.104600 0.083000 0.055300 0.081200 0.085100 0.054600 0.101400 0.090800 0.076900
Yak 0.067800 0.190000 0.058500 0.205700 0.054000 0.059000 0.077700 0.093700 0.062400 0.085800 0.077200 0.026300 0.072000 0.086800 0.071900 0.089500 0.100000 0.087000 0.087400 0.062400 0.078100 0.073300 0.080300 0.066200 0.072800 0.077600 0.072300 0.062400 0.077400 0.062000 0.081300 0.073200 0.114300 0.076900 0.073100 0.000000 0.072800 0.068500 0.072900 0.072300 0.072400 0.077700 0.085800 0.080500 0.017600 0.074000 0.085500 0.104000 0.063700 0.091000 0.071400 0.057800
BlueSheep 0.022100 0.185400 0.068200 0.228900 0.040300 0.022200 0.072600 0.073800 0.081500 0.090600 0.022000 0.062800 0.043900 0.067300 0.067500 0.069600 0.100300 0.097000 0.040300 0.081400 0.058700 0.026800 0.094800 0.080200 0.017600 0.066400 0.044500 0.081400 0.067400 0.080900 0.086100 0.063900 0.104200 0.049000 0.044900 0.072800 0.000000 0.054500 0.053600 0.086800 0.086800 0.066400 0.081200 0.085000 0.082700 0.055100 0.080500 0.075200 0.054400 0.105700 0.081000 0.067200
BohorReedb 0.049600 0.191700 0.073500 0.218300 0.013300 0.040700 0.053900 0.065000 0.077200 0.091100 0.049600 0.067900 0.044900 0.058300 0.058500 0.061200 0.100900 0.097600 0.059300 0.077100 0.050100 0.045400 0.095800 0.081000 0.045100 0.059200 0.044800 0.077100 0.059300 0.086000 0.086700 0.054800 0.115300 0.049400 0.054700 0.068500 0.054500 0.000000 0.045200 0.092100 0.087300 0.059200 0.081600 0.095600 0.078400 0.045900 0.062600 0.080500 0.036100 0.091800 0.086200 0.072300
KirksDik 0.048800 0.196100 0.077900 0.223200 0.031200 0.039800 0.058900 0.036300 0.086400 0.095500 0.048700 0.072200 0.044700 0.053800 0.062900 0.048800 0.105300 0.102000 0.058500 0.091000 0.031300 0.044500 0.100600 0.085700 0.044200 0.040200 0.044700 0.091000 0.040300 0.090200 0.091000 0.049700 0.109800 0.049200 0.054500 0.072900 0.053600 0.045200 0.000000 0.096500 0.091700 0.040200 0.086000 0.100300 0.082800 0.045700 0.043900 0.075700 0.045200 0.096200 0.090600 0.076700
RoeDeer 0.081700 0.199200 0.086000 0.213900 0.077100 0.077600 0.111600 0.118000 0.071500 0.039200 0.086300 0.062300 0.095100 0.110700 0.095200 0.100100 0.089700 0.076800 0.106500 0.071400 0.101900 0.082500 0.035000 0.030500 0.091500 0.101200 0.095700 0.071400 0.110900 0.070700 0.034900 0.106500 0.108400 0.100400 0.101200 0.072300 0.086800 0.092100 0.096500 0.000000 0.026200 0.111200 0.039200 0.039500 0.072600 0.097600 0.118700 0.113600 0.077500 0.109700 0.071100 0.066800
WhiteLippe 0.081700 0.167200 0.086100 0.219800 0.072400 0.072800 0.106700 0.113000 0.071500 0.030400 0.086300 0.062400 0.090400 0.105900 0.085800 0.095300 0.089700 0.076800 0.096600 0.071400 0.087400 0.082400 0.017300 0.021700 0.091500 0.096300 0.090900 0.071400 0.106100 0.070800 0.026000 0.101600 0.108500 0.086000 0.081900 0.072400 0.086800 0.087300 0.091700 0.026200 0.000000 0.106300 0.030400 0.035000 0.072600 0.092700 0.113800 0.118600 0.072800 0.100100 0.071100 0.066800
ThomsonGaz 0.062900 0.201800 0.082700 0.229100 0.044900 0.053900 0.058900 0.059600 0.100900 0.110100 0.061300 0.077000 0.058600 0.068000 0.076900 0.062500 0.110100 0.116900 0.072800 0.105600 0.035800 0.049200 0.115400 0.090400 0.047100 0.008800 0.058500 0.095800 0.044900 0.104700 0.105600 0.054300 0.134600 0.063100 0.068600 0.077700 0.066400 0.059200 0.040200 0.111200 0.106300 0.000000 0.100400 0.105100 0.087700 0.059900 0.057500 0.099700 0.059200 0.110800 0.105100 0.091000
MuntiacusC 0.066900 0.186500 0.090000 0.212400 0.067100 0.067400 0.100500 0.106900 0.075400 0.008500 0.080700 0.075600 0.075100 0.099700 0.080400 0.094400 0.093600 0.080900 0.100500 0.075400 0.091300 0.076900 0.030300 0.034700 0.085800 0.090600 0.075900 0.075400 0.090300 0.065400 0.012800 0.095700 0.102600 0.080500 0.080800 0.085800 0.081200 0.081600 0.086000 0.039200 0.030400 0.100400 0.000000 0.048200 0.086100 0.086800 0.098500 0.102700 0.067400 0.089800 0.075100 0.070800
WhiteTaile 0.079900 0.208900 0.097200 0.240700 0.080500 0.080500 0.111100 0.122400 0.079600 0.048100 0.084500 0.070200 0.098600 0.115300 0.103900 0.107600 0.093400 0.090000 0.104800 0.079400 0.106000 0.080500 0.043900 0.012900 0.080000 0.095200 0.099600 0.069900 0.114500 0.079200 0.043800 0.111100 0.127100 0.104100 0.104600 0.080500 0.085000 0.095600 0.100300 0.039500 0.035000 0.105100 0.048200 0.000000 0.080700 0.101200 0.122800 0.116900 0.080700 0.109100 0.079100 0.074900
Cattle 0.068100 0.201900 0.068100 0.206500 0.063600 0.059200 0.087500 0.104000 0.062700 0.086100 0.077500 0.035400 0.081800 0.096700 0.081700 0.096200 0.100400 0.087300 0.097500 0.062600 0.088200 0.073600 0.080700 0.066300 0.082600 0.077900 0.082100 0.062600 0.087500 0.061800 0.081600 0.082900 0.114700 0.086800 0.083000 0.017600 0.082700 0.078400 0.082800 0.072600 0.072600 0.087700 0.086100 0.080700 0.000000 0.084100 0.095400 0.114300 0.063900 0.101000 0.071600 0.067300
RoyalAntel 0.050200 0.182700 0.079100 0.221700 0.031700 0.041200 0.064400 0.065800 0.092500 0.096500 0.050100 0.073300 0.045400 0.059200 0.063800 0.062300 0.097100 0.093700 0.060000 0.092400 0.041300 0.045900 0.101400 0.086400 0.045600 0.059800 0.045300 0.092400 0.060000 0.091800 0.082200 0.055400 0.111500 0.049900 0.055300 0.074000 0.055100 0.045900 0.045700 0.097600 0.092700 0.059900 0.086800 0.101200 0.084100 0.000000 0.063300 0.073400 0.045800 0.088000 0.092000 0.077900
Steenbok 0.075500 0.197500 0.100100 0.207500 0.048500 0.066700 0.067300 0.063000 0.108400 0.108000 0.075400 0.084700 0.071100 0.080900 0.075500 0.056800 0.117600 0.104900 0.085400 0.112900 0.057600 0.071500 0.123100 0.108200 0.071000 0.057400 0.071000 0.112900 0.057500 0.112100 0.094100 0.067200 0.122300 0.075600 0.081200 0.085500 0.080500 0.062600 0.043900 0.118700 0.113800 0.057500 0.098500 0.122800 0.095400 0.063300 0.000000 0.093500 0.071800 0.099100 0.112500 0.098600
Impala 0.070100 0.202900 0.079700 0.259000 0.065800 0.080300 0.099900 0.106500 0.102900 0.112400 0.079500 0.083900 0.065400 0.089500 0.093500 0.087300 0.117200 0.114000 0.079900 0.102800 0.090700 0.075500 0.107100 0.112100 0.075000 0.099700 0.065500 0.102700 0.090100 0.092700 0.107800 0.095500 0.121800 0.070100 0.085100 0.104000 0.075200 0.080500 0.075700 0.113600 0.118600 0.099700 0.102700 0.116900 0.114300 0.073400 0.093500 0.000000 0.085200 0.108300 0.092700 0.088400
Klipspring 0.040300 0.185900 0.081000 0.207000 0.031300 0.031400 0.063300 0.064900 0.072300 0.076700 0.040200 0.063100 0.044800 0.058100 0.053800 0.070800 0.095700 0.092300 0.059200 0.072200 0.050100 0.036100 0.080800 0.066300 0.045000 0.049700 0.044800 0.072200 0.059200 0.081100 0.072300 0.054700 0.109900 0.049300 0.054600 0.063700 0.054400 0.036100 0.045200 0.077500 0.072800 0.059200 0.067400 0.080700 0.063900 0.045800 0.071800 0.085200 0.000000 0.089800 0.081300 0.076900
ForestMusk 0.095800 0.210500 0.105700 0.225900 0.076900 0.091600 0.111100 0.117700 0.118800 0.099400 0.100500 0.090100 0.090700 0.110200 0.090200 0.108600 0.123500 0.100800 0.111000 0.118700 0.101600 0.096600 0.104200 0.094500 0.096000 0.110600 0.090700 0.118600 0.106100 0.113200 0.090100 0.106400 0.138000 0.098600 0.101400 0.091000 0.105700 0.091800 0.096200 0.109700 0.100100 0.110800 0.089800 0.109100 0.101000 0.088000 0.099100 0.108300 0.089800 0.000000 0.118000 0.104100
Bushbuck 0.076000 0.207600 0.048500 0.246900 0.071600 0.067300 0.105200 0.111700 0.025800 0.075000 0.085300 0.052500 0.080100 0.104400 0.098800 0.094200 0.089100 0.085600 0.095500 0.025800 0.095900 0.081500 0.069900 0.065000 0.090500 0.095300 0.080400 0.025800 0.105000 0.025400 0.070700 0.100400 0.093300 0.085000 0.090800 0.071400 0.081000 0.086200 0.090600 0.071100 0.071100 0.105100 0.075100 0.079100 0.071600 0.092000 0.112500 0.092700 0.081300 0.118000 0.000000 0.021500
GreaterKud 0.071700 0.192200 0.044200 0.236200 0.058000 0.062900 0.091300 0.097300 0.021600 0.070700 0.081000 0.039200 0.066500 0.090600 0.085000 0.084000 0.094100 0.081200 0.081500 0.021600 0.081900 0.077100 0.065500 0.060800 0.076600 0.090900 0.066800 0.021600 0.090900 0.021400 0.066400 0.086600 0.089000 0.071300 0.076900 0.057800 0.067200 0.072300 0.076700 0.066800 0.066800 0.091000 0.070800 0.074900 0.067300 0.077900 0.098600 0.088400 0.076900 0.104100 0.021500 0.000000
