CODONML (in paml version 4.10.7, June 2023)  /home/rachel/ruminants_paml/6406-phy-tree/ENSBTAT00000019090.fasta.phy
Model: free dN/dS Ratios for branches,  kappa = 2.000 fixed

Codon frequency model: F3x4
ns =  54  ls =  48

Codon usage in sequences
--------------------------------------------------------------------------------------------------------------------------------------
Phe TTT   3   3   3   3   3   3 | Ser TCT   0   0   0   0   0   0 | Tyr TAT   4   3   4   4   4   2 | Cys TGT   0   0   0   0   0   0
    TTC   1   1   1   1   1   1 |     TCC   1   1   1   1   1   1 |     TAC   0   1   0   0   0   2 |     TGC   0   0   0   0   0   0
Leu TTA   0   0   0   0   0   0 |     TCA   0   0   0   0   0   0 | *** TAA   0   0   0   0   0   0 | *** TGA   0   0   0   0   0   0
    TTG   1   1   1   1   0   1 |     TCG   0   0   0   0   0   0 |     TAG   0   0   0   0   0   0 | Trp TGG   0   0   0   0   0   0
--------------------------------------------------------------------------------------------------------------------------------------
Leu CTT   2   2   2   2   0   2 | Pro CCT   1   1   1   1   1   1 | His CAT   0   0   0   0   0   0 | Arg CGT   0   0   0   0   0   0
    CTC   1   1   1   1   3   1 |     CCC   0   0   0   0   0   0 |     CAC   0   0   0   0   0   0 |     CGC   2   2   2   2   2   2
    CTA   0   0   0   0   0   0 |     CCA   1   1   1   1   1   1 | Gln CAA   0   0   0   0   0   0 |     CGA   0   0   0   0   0   0
    CTG   2   2   2   2   3   2 |     CCG   0   0   0   0   0   0 |     CAG   1   1   1   1   1   1 |     CGG   0   0   0   0   0   0
--------------------------------------------------------------------------------------------------------------------------------------
Ile ATT   1   1   2   1   1   1 | Thr ACT   1   1   1   1   1   1 | Asn AAT   0   0   0   0   0   0 | Ser AGT   2   2   2   2   2   2
    ATC   2   2   1   2   2   2 |     ACC   0   0   0   0   0   0 |     AAC   0   0   0   0   0   0 |     AGC   0   0   0   0   0   0
    ATA   0   0   0   0   0   0 |     ACA   0   0   0   0   0   0 | Lys AAA   1   1   1   1   0   2 | Arg AGA   1   1   1   1   1   1
Met ATG   1   1   1   1   1   1 |     ACG   0   0   0   0   0   0 |     AAG   4   4   4   4   5   3 |     AGG   0   0   0   0   0   0
--------------------------------------------------------------------------------------------------------------------------------------
Val GTT   1   1   1   1   1   1 | Ala GCT   2   2   2   2   2   2 | Asp GAT   2   1   1   1   1   1 | Gly GGT   0   0   0   0   0   0
    GTC   0   0   0   0   0   0 |     GCC   0   0   0   0   1   0 |     GAC   0   1   1   1   1   1 |     GGC   1   1   1   1   1   1
    GTA   0   0   0   0   0   0 |     GCA   2   2   2   2   0   2 | Glu GAA   2   2   2   2   2   2 |     GGA   2   1   2   2   2   2
    GTG   1   1   1   1   1   1 |     GCG   1   1   1   1   2   1 |     GAG   1   1   1   1   1   1 |     GGG   0   1   0   0   0   0
--------------------------------------------------------------------------------------------------------------------------------------

--------------------------------------------------------------------------------------------------------------------------------------
Phe TTT   3   3   3   3   3   3 | Ser TCT   0   0   0   0   0   0 | Tyr TAT   4   4   4   4   4   4 | Cys TGT   0   0   0   0   0   0
    TTC   1   1   1   1   1   1 |     TCC   1   1   1   1   1   1 |     TAC   0   0   0   0   0   0 |     TGC   0   0   0   0   0   0
Leu TTA   0   0   0   0   0   0 |     TCA   0   0   0   0   0   0 | *** TAA   0   0   0   0   0   0 | *** TGA   0   0   0   0   0   0
    TTG   1   1   1   1   1   1 |     TCG   0   0   0   0   0   0 |     TAG   0   0   0   0   0   0 | Trp TGG   0   0   0   0   0   0
--------------------------------------------------------------------------------------------------------------------------------------
Leu CTT   2   2   2   2   2   2 | Pro CCT   1   1   1   1   1   1 | His CAT   0   0   0   0   0   0 | Arg CGT   0   0   0   0   0   0
    CTC   1   1   1   2   1   1 |     CCC   0   0   0   0   0   0 |     CAC   0   0   0   0   0   0 |     CGC   2   2   2   2   2   2
    CTA   0   0   0   0   0   0 |     CCA   1   1   1   1   1   1 | Gln CAA   0   0   0   0   0   0 |     CGA   0   0   0   0   0   0
    CTG   2   2   2   1   2   2 |     CCG   0   0   0   0   0   0 |     CAG   1   1   1   1   1   1 |     CGG   0   0   0   0   0   0
--------------------------------------------------------------------------------------------------------------------------------------
Ile ATT   1   1   1   1   2   1 | Thr ACT   1   1   1   1   1   1 | Asn AAT   0   0   0   0   0   0 | Ser AGT   2   2   2   2   2   2
    ATC   2   2   2   2   1   2 |     ACC   0   0   0   0   0   0 |     AAC   0   0   0   0   0   0 |     AGC   0   0   0   0   0   0
    ATA   0   0   0   0   0   0 |     ACA   0   0   0   0   0   0 | Lys AAA   1   1   1   1   1   1 | Arg AGA   1   1   1   1   1   1
Met ATG   1   1   1   1   1   1 |     ACG   0   0   0   0   0   0 |     AAG   4   4   4   4   4   4 |     AGG   0   0   0   0   0   0
--------------------------------------------------------------------------------------------------------------------------------------
Val GTT   1   1   1   1   1   1 | Ala GCT   2   2   2   2   2   2 | Asp GAT   1   2   1   1   1   1 | Gly GGT   0   0   0   0   0   0
    GTC   0   0   0   0   0   0 |     GCC   0   0   0   0   0   0 |     GAC   1   0   1   1   1   1 |     GGC   1   1   1   2   1   1
    GTA   0   0   0   0   0   0 |     GCA   2   2   2   2   2   2 | Glu GAA   2   2   2   2   2   2 |     GGA   2   2   2   1   2   2
    GTG   1   1   1   1   1   1 |     GCG   1   1   1   1   1   1 |     GAG   1   1   1   1   1   1 |     GGG   0   0   0   0   0   0
--------------------------------------------------------------------------------------------------------------------------------------

--------------------------------------------------------------------------------------------------------------------------------------
Phe TTT   3   3   3   3   3   3 | Ser TCT   0   0   0   0   0   0 | Tyr TAT   4   3   4   4   4   4 | Cys TGT   0   0   0   0   0   0
    TTC   1   1   1   1   1   1 |     TCC   1   1   1   1   1   1 |     TAC   0   1   0   0   0   0 |     TGC   0   0   0   0   0   0
Leu TTA   0   0   0   0   0   0 |     TCA   0   0   0   0   0   0 | *** TAA   0   0   0   0   0   0 | *** TGA   0   0   0   0   0   0
    TTG   1   1   1   1   1   1 |     TCG   0   0   0   0   0   0 |     TAG   0   0   0   0   0   0 | Trp TGG   0   0   0   0   0   0
--------------------------------------------------------------------------------------------------------------------------------------
Leu CTT   2   2   2   1   2   2 | Pro CCT   1   1   1   1   1   1 | His CAT   0   0   0   0   0   0 | Arg CGT   0   0   0   0   0   0
    CTC   1   1   1   1   1   1 |     CCC   0   0   0   0   0   0 |     CAC   0   0   0   0   0   0 |     CGC   2   2   2   2   2   2
    CTA   0   0   0   0   0   0 |     CCA   1   1   1   1   1   1 | Gln CAA   0   0   0   0   0   0 |     CGA   0   0   0   0   0   0
    CTG   2   2   2   3   2   2 |     CCG   0   0   0   0   0   0 |     CAG   1   1   1   1   1   1 |     CGG   0   0   0   0   0   0
--------------------------------------------------------------------------------------------------------------------------------------
Ile ATT   1   2   1   1   1   1 | Thr ACT   1   1   1   1   1   1 | Asn AAT   0   0   0   0   0   0 | Ser AGT   2   2   2   2   2   2
    ATC   2   1   2   2   2   2 |     ACC   0   0   0   0   0   0 |     AAC   0   0   0   0   0   0 |     AGC   0   0   0   0   0   0
    ATA   0   0   0   0   0   0 |     ACA   0   0   0   0   0   0 | Lys AAA   1   0   1   1   1   1 | Arg AGA   1   1   1   1   1   1
Met ATG   1   1   1   1   1   1 |     ACG   0   0   0   0   0   0 |     AAG   4   5   4   4   4   4 |     AGG   0   0   0   0   0   0
--------------------------------------------------------------------------------------------------------------------------------------
Val GTT   1   1   1   1   1   1 | Ala GCT   2   2   2   2   2   2 | Asp GAT   2   1   1   1   1   1 | Gly GGT   0   0   1   0   0   0
    GTC   0   0   0   0   0   0 |     GCC   0   0   0   0   0   0 |     GAC   0   1   1   1   1   1 |     GGC   1   1   1   1   1   2
    GTA   0   0   0   0   0   0 |     GCA   2   2   2   2   2   2 | Glu GAA   2   2   2   2   2   2 |     GGA   2   2   1   2   2   1
    GTG   1   1   1   1   1   1 |     GCG   1   1   1   1   1   1 |     GAG   1   1   1   1   1   1 |     GGG   0   0   0   0   0   0
--------------------------------------------------------------------------------------------------------------------------------------

--------------------------------------------------------------------------------------------------------------------------------------
Phe TTT   3   3   3   3   3   3 | Ser TCT   0   0   0   0   0   0 | Tyr TAT   4   3   4   4   4   4 | Cys TGT   0   0   0   0   0   0
    TTC   1   1   1   1   1   1 |     TCC   1   1   1   1   1   1 |     TAC   0   1   0   0   0   0 |     TGC   0   0   0   0   0   0
Leu TTA   0   0   0   0   0   0 |     TCA   0   0   0   0   0   0 | *** TAA   0   0   0   0   0   0 | *** TGA   0   0   0   0   0   0
    TTG   1   0   1   1   1   1 |     TCG   0   0   0   0   0   0 |     TAG   0   0   0   0   0   0 | Trp TGG   0   0   0   0   0   0
--------------------------------------------------------------------------------------------------------------------------------------
Leu CTT   2   2   2   2   2   2 | Pro CCT   1   1   1   1   1   1 | His CAT   0   0   0   0   0   0 | Arg CGT   0   0   0   0   0   0
    CTC   1   1   1   1   1   1 |     CCC   0   0   0   0   0   0 |     CAC   0   0   0   0   0   0 |     CGC   2   2   2   2   2   2
    CTA   0   0   0   0   0   0 |     CCA   1   1   1   1   1   1 | Gln CAA   0   0   0   0   0   0 |     CGA   0   0   0   0   0   0
    CTG   2   3   2   2   2   2 |     CCG   0   0   0   0   0   0 |     CAG   1   1   1   1   1   1 |     CGG   0   0   0   0   0   0
--------------------------------------------------------------------------------------------------------------------------------------
Ile ATT   1   1   1   2   1   1 | Thr ACT   1   1   1   1   1   1 | Asn AAT   0   0   0   0   0   0 | Ser AGT   2   2   2   2   2   2
    ATC   2   2   2   1   2   2 |     ACC   0   0   0   0   0   0 |     AAC   0   0   0   0   0   0 |     AGC   0   0   0   0   0   0
    ATA   0   0   0   0   0   0 |     ACA   0   0   0   0   0   0 | Lys AAA   1   1   1   1   1   1 | Arg AGA   1   1   1   1   1   1
Met ATG   1   1   1   1   1   1 |     ACG   0   0   0   0   0   0 |     AAG   4   4   4   4   4   4 |     AGG   0   0   0   0   0   0
--------------------------------------------------------------------------------------------------------------------------------------
Val GTT   1   1   1   1   1   1 | Ala GCT   2   2   2   2   2   2 | Asp GAT   1   1   1   1   1   2 | Gly GGT   0   0   0   0   0   0
    GTC   0   0   0   0   0   0 |     GCC   0   0   0   0   0   0 |     GAC   1   1   1   1   1   0 |     GGC   1   1   1   1   2   1
    GTA   0   0   0   0   0   0 |     GCA   2   2   2   2   2   2 | Glu GAA   2   2   2   2   2   2 |     GGA   2   2   2   2   1   2
    GTG   1   1   1   1   1   1 |     GCG   1   1   1   1   1   1 |     GAG   1   1   1   1   1   1 |     GGG   0   0   0   0   0   0
--------------------------------------------------------------------------------------------------------------------------------------

--------------------------------------------------------------------------------------------------------------------------------------
Phe TTT   3   3   3   3   3   3 | Ser TCT   0   0   0   0   0   0 | Tyr TAT   4   4   4   3   4   4 | Cys TGT   0   0   0   0   0   0
    TTC   1   1   1   1   1   1 |     TCC   1   1   1   1   1   1 |     TAC   0   0   0   1   0   0 |     TGC   0   0   0   0   0   0
Leu TTA   0   0   0   0   0   0 |     TCA   0   0   0   0   0   0 | *** TAA   0   0   0   0   0   0 | *** TGA   0   0   0   0   0   0
    TTG   1   1   1   1   2   1 |     TCG   0   0   0   0   0   0 |     TAG   0   0   0   0   0   0 | Trp TGG   0   0   0   0   0   0
--------------------------------------------------------------------------------------------------------------------------------------
Leu CTT   2   2   2   2   2   2 | Pro CCT   1   1   1   1   1   1 | His CAT   0   0   0   0   0   0 | Arg CGT   0   0   0   0   0   0
    CTC   1   1   1   1   1   1 |     CCC   0   0   0   0   0   0 |     CAC   0   0   0   0   0   0 |     CGC   2   2   2   2   2   2
    CTA   0   0   0   0   0   0 |     CCA   1   1   1   1   1   1 | Gln CAA   0   0   0   0   0   0 |     CGA   0   0   0   0   0   0
    CTG   2   2   2   2   1   2 |     CCG   0   0   0   0   0   0 |     CAG   1   1   1   1   1   1 |     CGG   0   0   0   0   0   0
--------------------------------------------------------------------------------------------------------------------------------------
Ile ATT   1   1   2   1   1   2 | Thr ACT   1   1   1   1   1   1 | Asn AAT   0   0   0   0   0   0 | Ser AGT   2   2   2   2   2   2
    ATC   2   2   1   2   2   1 |     ACC   0   0   0   0   0   0 |     AAC   0   0   0   0   0   0 |     AGC   0   0   0   0   0   0
    ATA   0   0   0   0   0   0 |     ACA   0   0   0   0   0   0 | Lys AAA   1   1   1   1   1   1 | Arg AGA   1   1   1   1   1   1
Met ATG   1   1   1   1   1   1 |     ACG   0   0   0   0   0   0 |     AAG   4   4   4   4   4   4 |     AGG   0   0   0   0   0   0
--------------------------------------------------------------------------------------------------------------------------------------
Val GTT   1   1   1   1   1   1 | Ala GCT   2   2   2   2   2   2 | Asp GAT   1   1   2   1   1   1 | Gly GGT   0   0   0   0   1   0
    GTC   0   0   0   0   0   0 |     GCC   0   0   0   0   0   0 |     GAC   1   1   0   1   1   1 |     GGC   1   1   1   2   1   1
    GTA   0   0   0   0   0   0 |     GCA   2   2   2   2   2   2 | Glu GAA   2   2   2   2   2   2 |     GGA   2   2   2   1   1   2
    GTG   1   1   1   1   1   1 |     GCG   1   1   1   1   1   1 |     GAG   1   1   1   1   1   1 |     GGG   0   0   0   0   0   0
--------------------------------------------------------------------------------------------------------------------------------------

--------------------------------------------------------------------------------------------------------------------------------------
Phe TTT   3   3   3   3   3   3 | Ser TCT   1   0   0   0   0   0 | Tyr TAT   4   4   4   4   4   4 | Cys TGT   0   0   0   0   0   0
    TTC   1   1   1   1   1   1 |     TCC   0   1   1   1   1   1 |     TAC   0   0   0   0   0   0 |     TGC   0   0   0   0   0   0
Leu TTA   0   0   0   0   0   0 |     TCA   0   0   0   0   0   0 | *** TAA   0   0   0   0   0   0 | *** TGA   0   0   0   0   0   0
    TTG   1   0   1   1   1   1 |     TCG   0   0   0   0   0   0 |     TAG   0   0   0   0   0   0 | Trp TGG   0   0   0   0   0   0
--------------------------------------------------------------------------------------------------------------------------------------
Leu CTT   2   2   2   1   2   2 | Pro CCT   1   1   1   1   1   1 | His CAT   0   0   0   0   0   0 | Arg CGT   0   0   0   0   0   0
    CTC   1   1   1   1   1   1 |     CCC   0   0   0   0   0   0 |     CAC   0   0   0   0   0   0 |     CGC   2   2   2   2   2   2
    CTA   0   0   0   0   0   0 |     CCA   1   1   1   1   1   1 | Gln CAA   0   0   0   0   0   0 |     CGA   0   0   0   0   0   0
    CTG   2   3   2   3   2   2 |     CCG   0   0   0   0   0   0 |     CAG   1   1   1   1   1   1 |     CGG   0   0   0   0   0   0
--------------------------------------------------------------------------------------------------------------------------------------
Ile ATT   1   2   1   1   2   1 | Thr ACT   1   1   1   1   1   1 | Asn AAT   0   0   0   0   0   0 | Ser AGT   2   2   2   2   2   2
    ATC   2   1   2   2   1   2 |     ACC   0   0   0   0   0   0 |     AAC   0   0   0   0   0   0 |     AGC   0   0   0   0   0   0
    ATA   0   0   0   0   0   0 |     ACA   0   0   0   0   0   0 | Lys AAA   1   1   1   1   1   1 | Arg AGA   1   1   1   1   1   1
Met ATG   1   1   1   1   1   1 |     ACG   0   0   0   0   0   0 |     AAG   4   4   4   4   4   4 |     AGG   0   0   0   0   0   0
--------------------------------------------------------------------------------------------------------------------------------------
Val GTT   1   1   1   1   1   1 | Ala GCT   2   2   2   2   2   2 | Asp GAT   1   1   1   1   1   1 | Gly GGT   0   0   0   0   0   1
    GTC   0   0   0   0   0   0 |     GCC   0   0   0   0   0   0 |     GAC   1   1   1   1   1   1 |     GGC   2   1   1   1   1   1
    GTA   0   0   0   0   0   0 |     GCA   2   2   2   2   2   2 | Glu GAA   2   2   2   2   2   2 |     GGA   1   2   2   2   2   1
    GTG   1   1   1   1   1   1 |     GCG   1   1   1   1   1   1 |     GAG   1   1   1   1   1   1 |     GGG   0   0   0   0   0   0
--------------------------------------------------------------------------------------------------------------------------------------

--------------------------------------------------------------------------------------------------------------------------------------
Phe TTT   3   3   3   3   3   3 | Ser TCT   0   0   0   0   0   0 | Tyr TAT   4   4   4   4   4   4 | Cys TGT   0   0   0   0   0   0
    TTC   1   1   1   1   1   1 |     TCC   1   1   1   1   1   1 |     TAC   0   0   0   0   0   0 |     TGC   0   0   0   0   0   0
Leu TTA   0   0   0   0   0   0 |     TCA   0   0   0   0   0   0 | *** TAA   0   0   0   0   0   0 | *** TGA   0   0   0   0   0   0
    TTG   1   1   1   1   1   0 |     TCG   0   0   0   0   0   0 |     TAG   0   0   0   0   0   0 | Trp TGG   0   0   0   0   0   0
--------------------------------------------------------------------------------------------------------------------------------------
Leu CTT   2   1   2   2   2   2 | Pro CCT   1   1   1   1   1   1 | His CAT   0   0   0   0   0   0 | Arg CGT   0   0   0   0   0   0
    CTC   1   2   1   1   1   1 |     CCC   0   0   0   0   0   0 |     CAC   0   0   0   0   0   0 |     CGC   2   2   2   2   2   2
    CTA   0   0   0   0   0   0 |     CCA   1   1   1   1   1   0 | Gln CAA   0   0   0   0   0   0 |     CGA   0   0   0   0   0   0
    CTG   2   2   2   2   2   3 |     CCG   0   0   0   0   0   1 |     CAG   1   1   1   1   1   1 |     CGG   0   0   0   0   0   0
--------------------------------------------------------------------------------------------------------------------------------------
Ile ATT   1   2   1   1   1   1 | Thr ACT   1   1   1   1   1   1 | Asn AAT   0   0   0   0   0   0 | Ser AGT   2   2   2   2   2   2
    ATC   2   1   2   2   2   2 |     ACC   0   0   0   0   0   0 |     AAC   0   0   0   0   0   0 |     AGC   0   0   0   0   0   0
    ATA   0   0   0   0   0   0 |     ACA   0   0   0   0   0   0 | Lys AAA   1   1   1   1   1   1 | Arg AGA   1   1   1   1   1   1
Met ATG   1   1   1   1   1   1 |     ACG   0   0   0   0   0   0 |     AAG   4   4   4   4   4   4 |     AGG   0   0   0   0   0   0
--------------------------------------------------------------------------------------------------------------------------------------
Val GTT   1   1   1   1   1   1 | Ala GCT   2   2   2   2   2   2 | Asp GAT   1   1   2   1   1   1 | Gly GGT   1   0   0   0   1   0
    GTC   0   0   0   0   0   0 |     GCC   0   0   0   0   0   0 |     GAC   1   1   0   1   1   1 |     GGC   1   1   1   1   1   1
    GTA   0   0   0   0   0   1 |     GCA   2   2   2   2   2   2 | Glu GAA   2   2   2   2   2   2 |     GGA   1   2   2   2   1   2
    GTG   1   1   1   1   1   0 |     GCG   1   1   1   1   1   1 |     GAG   1   1   1   1   1   1 |     GGG   0   0   0   0   0   0
--------------------------------------------------------------------------------------------------------------------------------------

--------------------------------------------------------------------------------------------------------------------------------------
Phe TTT   2   3   3   3   3   3 | Ser TCT   0   0   0   0   0   0 | Tyr TAT   4   3   4   4   4   4 | Cys TGT   0   0   0   0   0   0
    TTC   2   1   1   1   1   1 |     TCC   1   1   1   1   1   1 |     TAC   0   1   0   0   0   0 |     TGC   0   0   0   0   0   0
Leu TTA   0   0   0   0   0   0 |     TCA   0   0   0   0   0   0 | *** TAA   0   0   0   0   0   0 | *** TGA   0   0   0   0   0   0
    TTG   1   1   1   1   1   1 |     TCG   0   0   0   0   0   0 |     TAG   0   0   0   0   0   0 | Trp TGG   0   0   0   0   0   0
--------------------------------------------------------------------------------------------------------------------------------------
Leu CTT   2   2   2   2   1   2 | Pro CCT   1   1   1   1   1   1 | His CAT   0   0   0   0   0   0 | Arg CGT   0   0   0   0   0   0
    CTC   1   1   1   1   2   1 |     CCC   0   0   0   0   0   0 |     CAC   0   0   0   0   0   0 |     CGC   2   2   2   2   2   2
    CTA   0   0   0   0   0   1 |     CCA   1   1   1   1   1   1 | Gln CAA   0   0   0   0   0   0 |     CGA   0   0   0   0   0   0
    CTG   2   2   2   2   2   1 |     CCG   0   0   0   0   0   0 |     CAG   1   1   1   1   1   1 |     CGG   0   0   0   0   0   0
--------------------------------------------------------------------------------------------------------------------------------------
Ile ATT   1   1   1   1   2   1 | Thr ACT   1   1   1   1   1   1 | Asn AAT   0   0   0   0   0   0 | Ser AGT   2   2   2   2   2   2
    ATC   2   2   2   2   1   2 |     ACC   0   0   0   0   0   0 |     AAC   0   0   0   0   0   0 |     AGC   0   0   0   0   0   0
    ATA   0   0   0   0   0   0 |     ACA   0   0   0   0   0   0 | Lys AAA   1   1   1   1   1   1 | Arg AGA   1   1   1   1   1   1
Met ATG   1   1   1   1   1   1 |     ACG   0   0   0   0   0   0 |     AAG   4   4   4   4   4   4 |     AGG   0   0   0   0   0   0
--------------------------------------------------------------------------------------------------------------------------------------
Val GTT   1   1   1   1   1   1 | Ala GCT   2   2   2   2   2   2 | Asp GAT   1   1   1   1   1   1 | Gly GGT   0   0   0   0   0   0
    GTC   0   0   0   0   0   0 |     GCC   0   0   0   0   0   0 |     GAC   1   1   1   1   1   1 |     GGC   1   2   1   1   1   1
    GTA   0   0   0   0   0   0 |     GCA   2   2   2   2   2   2 | Glu GAA   2   2   2   2   2   2 |     GGA   2   1   2   2   2   2
    GTG   1   1   1   1   1   1 |     GCG   1   1   1   1   1   1 |     GAG   1   1   1   1   1   1 |     GGG   0   0   0   0   0   0
--------------------------------------------------------------------------------------------------------------------------------------

--------------------------------------------------------------------------------------------------------------------------------------
Phe TTT   3   3   3   3   3   3 | Ser TCT   0   0   0   0   0   0 | Tyr TAT   4   4   4   4   4   4 | Cys TGT   0   0   0   0   0   0
    TTC   1   1   1   1   1   1 |     TCC   1   1   1   1   1   1 |     TAC   0   0   0   0   0   0 |     TGC   0   0   0   0   0   0
Leu TTA   0   0   0   0   0   0 |     TCA   0   0   0   0   0   0 | *** TAA   0   0   0   0   0   0 | *** TGA   0   0   0   0   0   0
    TTG   1   1   1   1   1   1 |     TCG   0   0   0   0   0   0 |     TAG   0   0   0   0   0   0 | Trp TGG   0   0   0   0   0   0
--------------------------------------------------------------------------------------------------------------------------------------
Leu CTT   2   2   2   2   2   2 | Pro CCT   1   1   1   1   1   1 | His CAT   0   0   0   0   0   0 | Arg CGT   0   0   0   0   0   0
    CTC   1   1   1   1   1   1 |     CCC   0   0   0   0   0   0 |     CAC   0   0   0   0   0   0 |     CGC   2   2   2   2   2   2
    CTA   0   0   0   0   0   0 |     CCA   1   1   1   1   1   1 | Gln CAA   0   0   0   0   0   0 |     CGA   0   0   0   0   0   0
    CTG   2   2   2   2   2   2 |     CCG   0   0   0   0   0   0 |     CAG   1   1   1   1   1   1 |     CGG   0   0   0   0   0   0
--------------------------------------------------------------------------------------------------------------------------------------
Ile ATT   1   1   1   1   2   2 | Thr ACT   1   1   1   1   1   1 | Asn AAT   0   0   0   0   0   0 | Ser AGT   2   2   2   2   2   2
    ATC   2   2   2   2   1   1 |     ACC   0   0   0   0   0   0 |     AAC   0   0   0   0   0   0 |     AGC   0   0   0   0   0   0
    ATA   0   0   0   0   0   0 |     ACA   0   0   0   0   0   0 | Lys AAA   1   1   1   1   1   1 | Arg AGA   1   1   1   1   1   1
Met ATG   1   1   1   1   1   1 |     ACG   0   0   0   0   0   0 |     AAG   4   4   4   4   4   4 |     AGG   0   0   0   0   0   0
--------------------------------------------------------------------------------------------------------------------------------------
Val GTT   1   1   1   1   1   1 | Ala GCT   2   2   2   2   2   2 | Asp GAT   1   1   1   1   1   1 | Gly GGT   0   0   0   0   0   0
    GTC   0   0   0   0   0   0 |     GCC   0   0   0   0   0   0 |     GAC   1   1   1   1   1   1 |     GGC   2   1   1   1   1   1
    GTA   0   0   0   0   0   0 |     GCA   2   2   2   2   2   2 | Glu GAA   2   2   2   2   2   2 |     GGA   1   2   2   2   2   2
    GTG   1   1   1   1   1   1 |     GCG   1   1   1   1   1   1 |     GAG   1   1   1   1   1   1 |     GGG   0   0   0   0   0   0
--------------------------------------------------------------------------------------------------------------------------------------

Codon position x base (3x4) table for each sequence.

#1: Argali         
position  1:    T:0.20833    C:0.20833    A:0.27083    G:0.31250
position  2:    T:0.33333    C:0.18750    A:0.31250    G:0.16667
position  3:    T:0.39583    C:0.16667    A:0.18750    G:0.25000
Average         T:0.31250    C:0.18750    A:0.25694    G:0.24306

#2: LesserMouseDeer
position  1:    T:0.20833    C:0.20833    A:0.27083    G:0.31250
position  2:    T:0.33333    C:0.18750    A:0.31250    G:0.16667
position  3:    T:0.35417    C:0.20833    A:0.16667    G:0.27083
Average         T:0.29861    C:0.20139    A:0.25000    G:0.25000

#3: LesserKudu     
position  1:    T:0.20833    C:0.20833    A:0.27083    G:0.31250
position  2:    T:0.33333    C:0.18750    A:0.31250    G:0.16667
position  3:    T:0.39583    C:0.16667    A:0.18750    G:0.25000
Average         T:0.31250    C:0.18750    A:0.25694    G:0.24306

#4: ForestMuskDeer2
position  1:    T:0.20833    C:0.20833    A:0.27083    G:0.31250
position  2:    T:0.33333    C:0.18750    A:0.31250    G:0.16667
position  3:    T:0.37500    C:0.18750    A:0.18750    G:0.25000
Average         T:0.30556    C:0.19444    A:0.25694    G:0.24306

#5: Camel          
position  1:    T:0.18750    C:0.22917    A:0.27083    G:0.31250
position  2:    T:0.33333    C:0.18750    A:0.31250    G:0.16667
position  3:    T:0.33333    C:0.25000    A:0.12500    G:0.29167
Average         T:0.28472    C:0.22222    A:0.23611    G:0.25694

#6: KillerWhale    
position  1:    T:0.20833    C:0.20833    A:0.27083    G:0.31250
position  2:    T:0.33333    C:0.18750    A:0.31250    G:0.16667
position  3:    T:0.33333    C:0.22917    A:0.20833    G:0.22917
Average         T:0.29167    C:0.20833    A:0.26389    G:0.23611

#7: DefassaWaterbuck
position  1:    T:0.20833    C:0.20833    A:0.27083    G:0.31250
position  2:    T:0.33333    C:0.18750    A:0.31250    G:0.16667
position  3:    T:0.37500    C:0.18750    A:0.18750    G:0.25000
Average         T:0.30556    C:0.19444    A:0.25694    G:0.24306

#8: Sheep          
position  1:    T:0.20833    C:0.20833    A:0.27083    G:0.31250
position  2:    T:0.33333    C:0.18750    A:0.31250    G:0.16667
position  3:    T:0.39583    C:0.16667    A:0.18750    G:0.25000
Average         T:0.31250    C:0.18750    A:0.25694    G:0.24306

#9: MaxwellsDuiker 
position  1:    T:0.20833    C:0.20833    A:0.27083    G:0.31250
position  2:    T:0.33333    C:0.18750    A:0.31250    G:0.16667
position  3:    T:0.37500    C:0.18750    A:0.18750    G:0.25000
Average         T:0.30556    C:0.19444    A:0.25694    G:0.24306

#10: GazellaPrzewalskyi
position  1:    T:0.20833    C:0.20833    A:0.27083    G:0.31250
position  2:    T:0.33333    C:0.18750    A:0.31250    G:0.16667
position  3:    T:0.37500    C:0.22917    A:0.16667    G:0.22917
Average         T:0.30556    C:0.20833    A:0.25000    G:0.23611

#11: MountainNyala  
position  1:    T:0.20833    C:0.20833    A:0.27083    G:0.31250
position  2:    T:0.33333    C:0.18750    A:0.31250    G:0.16667
position  3:    T:0.39583    C:0.16667    A:0.18750    G:0.25000
Average         T:0.31250    C:0.18750    A:0.25694    G:0.24306

#12: MuntiacusMuntjak
position  1:    T:0.20833    C:0.20833    A:0.27083    G:0.31250
position  2:    T:0.33333    C:0.18750    A:0.31250    G:0.16667
position  3:    T:0.37500    C:0.18750    A:0.18750    G:0.25000
Average         T:0.30556    C:0.19444    A:0.25694    G:0.24306

#13: goat           
position  1:    T:0.20833    C:0.20833    A:0.27083    G:0.31250
position  2:    T:0.33333    C:0.18750    A:0.31250    G:0.16667
position  3:    T:0.39583    C:0.16667    A:0.18750    G:0.25000
Average         T:0.31250    C:0.18750    A:0.25694    G:0.24306

#14: AfricanBuffalo 
position  1:    T:0.20833    C:0.20833    A:0.27083    G:0.31250
position  2:    T:0.33333    C:0.18750    A:0.31250    G:0.16667
position  3:    T:0.37500    C:0.18750    A:0.16667    G:0.27083
Average         T:0.30556    C:0.19444    A:0.25000    G:0.25000

#15: Topi           
position  1:    T:0.20833    C:0.20833    A:0.27083    G:0.31250
position  2:    T:0.33333    C:0.18750    A:0.31250    G:0.16667
position  3:    T:0.39583    C:0.18750    A:0.16667    G:0.25000
Average         T:0.31250    C:0.19444    A:0.25000    G:0.24306

#16: CommonDuiker   
position  1:    T:0.20833    C:0.20833    A:0.27083    G:0.31250
position  2:    T:0.33333    C:0.18750    A:0.31250    G:0.16667
position  3:    T:0.35417    C:0.18750    A:0.18750    G:0.27083
Average         T:0.29861    C:0.19444    A:0.25694    G:0.25000

#17: Suni           
position  1:    T:0.20833    C:0.20833    A:0.27083    G:0.31250
position  2:    T:0.33333    C:0.18750    A:0.31250    G:0.16667
position  3:    T:0.37500    C:0.18750    A:0.18750    G:0.25000
Average         T:0.30556    C:0.19444    A:0.25694    G:0.24306

#18: Springbuck     
position  1:    T:0.20833    C:0.20833    A:0.27083    G:0.31250
position  2:    T:0.33333    C:0.18750    A:0.31250    G:0.16667
position  3:    T:0.37500    C:0.20833    A:0.16667    G:0.25000
Average         T:0.30556    C:0.20139    A:0.25000    G:0.24306

#19: Okapi          
position  1:    T:0.20833    C:0.20833    A:0.27083    G:0.31250
position  2:    T:0.33333    C:0.18750    A:0.31250    G:0.16667
position  3:    T:0.37500    C:0.18750    A:0.18750    G:0.25000
Average         T:0.30556    C:0.19444    A:0.25694    G:0.24306

#20: Giraffe        
position  1:    T:0.18750    C:0.22917    A:0.27083    G:0.31250
position  2:    T:0.33333    C:0.18750    A:0.31250    G:0.16667
position  3:    T:0.35417    C:0.20833    A:0.18750    G:0.25000
Average         T:0.29167    C:0.20833    A:0.25694    G:0.24306

#21: TibetanAntelope
position  1:    T:0.20833    C:0.20833    A:0.27083    G:0.31250
position  2:    T:0.33333    C:0.18750    A:0.31250    G:0.16667
position  3:    T:0.37500    C:0.18750    A:0.18750    G:0.25000
Average         T:0.30556    C:0.19444    A:0.25694    G:0.24306

#22: Sitatunga      
position  1:    T:0.20833    C:0.20833    A:0.27083    G:0.31250
position  2:    T:0.33333    C:0.18750    A:0.31250    G:0.16667
position  3:    T:0.39583    C:0.16667    A:0.18750    G:0.25000
Average         T:0.31250    C:0.18750    A:0.25694    G:0.24306

#23: Oribi          
position  1:    T:0.20833    C:0.20833    A:0.27083    G:0.31250
position  2:    T:0.33333    C:0.18750    A:0.31250    G:0.16667
position  3:    T:0.37500    C:0.20833    A:0.16667    G:0.25000
Average         T:0.30556    C:0.20139    A:0.25000    G:0.24306

#24: BarbarySheep   
position  1:    T:0.20833    C:0.20833    A:0.27083    G:0.31250
position  2:    T:0.33333    C:0.18750    A:0.31250    G:0.16667
position  3:    T:0.39583    C:0.16667    A:0.18750    G:0.25000
Average         T:0.31250    C:0.18750    A:0.25694    G:0.24306

#25: Daviddeer      
position  1:    T:0.20833    C:0.20833    A:0.27083    G:0.31250
position  2:    T:0.33333    C:0.18750    A:0.31250    G:0.16667
position  3:    T:0.37500    C:0.18750    A:0.18750    G:0.25000
Average         T:0.30556    C:0.19444    A:0.25694    G:0.24306

#26: Reindeer       
position  1:    T:0.20833    C:0.20833    A:0.27083    G:0.31250
position  2:    T:0.33333    C:0.18750    A:0.31250    G:0.16667
position  3:    T:0.37500    C:0.18750    A:0.18750    G:0.25000
Average         T:0.30556    C:0.19444    A:0.25694    G:0.24306

#27: Ibex           
position  1:    T:0.20833    C:0.20833    A:0.27083    G:0.31250
position  2:    T:0.33333    C:0.18750    A:0.31250    G:0.16667
position  3:    T:0.41667    C:0.14583    A:0.18750    G:0.25000
Average         T:0.31944    C:0.18056    A:0.25694    G:0.24306

#28: GyrantGazelle  
position  1:    T:0.20833    C:0.20833    A:0.27083    G:0.31250
position  2:    T:0.33333    C:0.18750    A:0.31250    G:0.16667
position  3:    T:0.35417    C:0.22917    A:0.16667    G:0.25000
Average         T:0.29861    C:0.20833    A:0.25000    G:0.24306

#29: Hartebeest     
position  1:    T:0.22917    C:0.18750    A:0.27083    G:0.31250
position  2:    T:0.33333    C:0.18750    A:0.31250    G:0.16667
position  3:    T:0.39583    C:0.18750    A:0.16667    G:0.25000
Average         T:0.31944    C:0.18750    A:0.25000    G:0.24306

#30: Bongo          
position  1:    T:0.20833    C:0.20833    A:0.27083    G:0.31250
position  2:    T:0.33333    C:0.18750    A:0.31250    G:0.16667
position  3:    T:0.39583    C:0.16667    A:0.18750    G:0.25000
Average         T:0.31250    C:0.18750    A:0.25694    G:0.24306

#31: Gerenuk        
position  1:    T:0.20833    C:0.20833    A:0.27083    G:0.31250
position  2:    T:0.33333    C:0.18750    A:0.31250    G:0.16667
position  3:    T:0.39583    C:0.18750    A:0.16667    G:0.25000
Average         T:0.31250    C:0.19444    A:0.25000    G:0.24306

#32: CommonEland    
position  1:    T:0.18750    C:0.22917    A:0.27083    G:0.31250
position  2:    T:0.33333    C:0.18750    A:0.31250    G:0.16667
position  3:    T:0.39583    C:0.16667    A:0.18750    G:0.25000
Average         T:0.30556    C:0.19444    A:0.25694    G:0.24306

#33: MuntiacusReevesi
position  1:    T:0.20833    C:0.20833    A:0.27083    G:0.31250
position  2:    T:0.33333    C:0.18750    A:0.31250    G:0.16667
position  3:    T:0.37500    C:0.18750    A:0.18750    G:0.25000
Average         T:0.30556    C:0.19444    A:0.25694    G:0.24306

#34: HarveysDuiker  
position  1:    T:0.20833    C:0.20833    A:0.27083    G:0.31250
position  2:    T:0.33333    C:0.18750    A:0.31250    G:0.16667
position  3:    T:0.35417    C:0.18750    A:0.18750    G:0.27083
Average         T:0.29861    C:0.19444    A:0.25694    G:0.25000

#35: Pronghorn      
position  1:    T:0.20833    C:0.20833    A:0.27083    G:0.31250
position  2:    T:0.33333    C:0.18750    A:0.31250    G:0.16667
position  3:    T:0.39583    C:0.16667    A:0.18750    G:0.25000
Average         T:0.31250    C:0.18750    A:0.25694    G:0.24306

#36: BlueWildebeest 
position  1:    T:0.20833    C:0.20833    A:0.27083    G:0.31250
position  2:    T:0.33333    C:0.18750    A:0.31250    G:0.16667
position  3:    T:0.39583    C:0.18750    A:0.16667    G:0.25000
Average         T:0.31250    C:0.19444    A:0.25000    G:0.24306

#37: Gemsbok        
position  1:    T:0.20833    C:0.20833    A:0.27083    G:0.31250
position  2:    T:0.33333    C:0.18750    A:0.31250    G:0.16667
position  3:    T:0.39583    C:0.18750    A:0.16667    G:0.25000
Average         T:0.31250    C:0.19444    A:0.25000    G:0.24306

#38: Yak            
position  1:    T:0.20833    C:0.20833    A:0.27083    G:0.31250
position  2:    T:0.33333    C:0.18750    A:0.31250    G:0.16667
position  3:    T:0.37500    C:0.18750    A:0.18750    G:0.25000
Average         T:0.30556    C:0.19444    A:0.25694    G:0.24306

#39: BlueSheep      
position  1:    T:0.20833    C:0.20833    A:0.27083    G:0.31250
position  2:    T:0.33333    C:0.18750    A:0.31250    G:0.16667
position  3:    T:0.39583    C:0.16667    A:0.18750    G:0.25000
Average         T:0.31250    C:0.18750    A:0.25694    G:0.24306

#40: BohorReedbuck  
position  1:    T:0.20833    C:0.20833    A:0.27083    G:0.31250
position  2:    T:0.33333    C:0.18750    A:0.31250    G:0.16667
position  3:    T:0.37500    C:0.18750    A:0.18750    G:0.25000
Average         T:0.30556    C:0.19444    A:0.25694    G:0.24306

#41: KirksDik       
position  1:    T:0.20833    C:0.20833    A:0.27083    G:0.31250
position  2:    T:0.33333    C:0.18750    A:0.31250    G:0.16667
position  3:    T:0.39583    C:0.18750    A:0.16667    G:0.25000
Average         T:0.31250    C:0.19444    A:0.25000    G:0.24306

#42: RoeDeer        
position  1:    T:0.18750    C:0.22917    A:0.27083    G:0.31250
position  2:    T:0.33333    C:0.18750    A:0.31250    G:0.16667
position  3:    T:0.37500    C:0.18750    A:0.18750    G:0.25000
Average         T:0.29861    C:0.20139    A:0.25694    G:0.24306

#43: WhiteLippedDeer
position  1:    T:0.20833    C:0.20833    A:0.27083    G:0.31250
position  2:    T:0.33333    C:0.18750    A:0.31250    G:0.16667
position  3:    T:0.35417    C:0.20833    A:0.18750    G:0.25000
Average         T:0.29861    C:0.20139    A:0.25694    G:0.24306

#44: ThomsonGazelle 
position  1:    T:0.20833    C:0.20833    A:0.27083    G:0.31250
position  2:    T:0.33333    C:0.18750    A:0.31250    G:0.16667
position  3:    T:0.35417    C:0.22917    A:0.16667    G:0.25000
Average         T:0.29861    C:0.20833    A:0.25000    G:0.24306

#45: MuntiacusCrinifrons
position  1:    T:0.20833    C:0.20833    A:0.27083    G:0.31250
position  2:    T:0.33333    C:0.18750    A:0.31250    G:0.16667
position  3:    T:0.37500    C:0.18750    A:0.18750    G:0.25000
Average         T:0.30556    C:0.19444    A:0.25694    G:0.24306

#46: WhiteTailedDeer
position  1:    T:0.20833    C:0.20833    A:0.27083    G:0.31250
position  2:    T:0.33333    C:0.18750    A:0.31250    G:0.16667
position  3:    T:0.37500    C:0.18750    A:0.18750    G:0.25000
Average         T:0.30556    C:0.19444    A:0.25694    G:0.24306

#47: Cattle         
position  1:    T:0.20833    C:0.20833    A:0.27083    G:0.31250
position  2:    T:0.33333    C:0.18750    A:0.31250    G:0.16667
position  3:    T:0.37500    C:0.18750    A:0.18750    G:0.25000
Average         T:0.30556    C:0.19444    A:0.25694    G:0.24306

#48: RoyalAntelope  
position  1:    T:0.20833    C:0.20833    A:0.27083    G:0.31250
position  2:    T:0.33333    C:0.18750    A:0.31250    G:0.16667
position  3:    T:0.37500    C:0.18750    A:0.20833    G:0.22917
Average         T:0.30556    C:0.19444    A:0.26389    G:0.23611

#49: Steenbok       
position  1:    T:0.20833    C:0.20833    A:0.27083    G:0.31250
position  2:    T:0.33333    C:0.18750    A:0.31250    G:0.16667
position  3:    T:0.37500    C:0.20833    A:0.16667    G:0.25000
Average         T:0.30556    C:0.20139    A:0.25000    G:0.24306

#50: Impala         
position  1:    T:0.20833    C:0.20833    A:0.27083    G:0.31250
position  2:    T:0.33333    C:0.18750    A:0.31250    G:0.16667
position  3:    T:0.37500    C:0.18750    A:0.18750    G:0.25000
Average         T:0.30556    C:0.19444    A:0.25694    G:0.24306

#51: Klipspringer   
position  1:    T:0.20833    C:0.20833    A:0.27083    G:0.31250
position  2:    T:0.33333    C:0.18750    A:0.31250    G:0.16667
