1
52 1
Argali 0.000000 0.068000 0.022900 0.070900 0.018700 0.002800 0.015800 0.015500 0.023900 0.028700 0.011100 0.022900 0.012100 0.018700 0.020600 0.018400 0.031700 0.037100 0.009700 0.022900 0.018200 0.009700 0.030100 0.031600 0.010700 0.020200 0.011100 0.022000 0.019400 0.022600 0.029200 0.015800 0.037900 0.011200 0.014400 0.022900 0.010300 0.019200 0.020800 0.030700 0.028100 0.015000 0.030200 0.032700 0.020100 0.020600 0.018300 0.017900 0.017200 0.027800 0.022500 0.021000
LesserMous 0.068000 0.000000 0.065500 0.068600 0.066200 0.068000 0.060900 0.064300 0.063300 0.068000 0.067000 0.066400 0.064000 0.065100 0.068200 0.068200 0.066300 0.072400 0.063600 0.062200 0.065600 0.066400 0.066400 0.063300 0.066900 0.068100 0.062900 0.062100 0.068700 0.062900 0.067900 0.062000 0.070300 0.064100 0.066600 0.060100 0.067600 0.065800 0.071100 0.063500 0.065700 0.065000 0.067400 0.068100 0.059600 0.064300 0.066900 0.063300 0.064300 0.066500 0.062700 0.062100
LesserKudu 0.022900 0.065500 0.000000 0.070600 0.021100 0.023900 0.021000 0.020600 0.009700 0.028100 0.021500 0.016300 0.019600 0.023900 0.023900 0.024600 0.030600 0.035000 0.018700 0.008800 0.020600 0.022000 0.027100 0.030100 0.022900 0.023500 0.019100 0.008800 0.024500 0.007400 0.027700 0.021000 0.037800 0.019100 0.022400 0.015400 0.021500 0.019700 0.025400 0.026400 0.026200 0.021000 0.027200 0.030200 0.015400 0.023400 0.024500 0.020200 0.019500 0.026900 0.008300 0.006900
KillerWhal 0.070900 0.068600 0.070600 0.000000 0.073700 0.071400 0.067000 0.070100 0.067600 0.068800 0.070900 0.070500 0.069400 0.071000 0.071700 0.071200 0.065900 0.072100 0.066500 0.070300 0.070000 0.069900 0.071800 0.068300 0.070400 0.069600 0.068400 0.068100 0.074000 0.069300 0.072900 0.067900 0.069800 0.068500 0.066700 0.068200 0.070400 0.071800 0.074100 0.070600 0.070700 0.069000 0.071400 0.069600 0.066300 0.074500 0.068700 0.068100 0.070300 0.065400 0.069200 0.068100
DefassaWat 0.018700 0.066200 0.021100 0.073700 0.000000 0.019700 0.016800 0.016400 0.024000 0.029700 0.017800 0.022000 0.014000 0.019700 0.020700 0.019400 0.029300 0.035700 0.016400 0.023000 0.018300 0.017300 0.028700 0.030700 0.017300 0.018500 0.014000 0.021100 0.019400 0.021700 0.030700 0.016800 0.038000 0.013100 0.017300 0.021100 0.016900 0.006100 0.022700 0.030300 0.027700 0.016900 0.030200 0.032200 0.018700 0.019200 0.019900 0.016000 0.018200 0.026000 0.020600 0.019200
Sheep 0.002800 0.068000 0.023900 0.071400 0.019700 0.000000 0.015800 0.015500 0.024000 0.028700 0.011100 0.022900 0.012100 0.018700 0.020600 0.018400 0.031700 0.037100 0.009700 0.022900 0.018200 0.009700 0.029600 0.031600 0.010700 0.020100 0.011100 0.022000 0.019300 0.022600 0.029200 0.015800 0.037900 0.011200 0.014400 0.022900 0.010200 0.020200 0.020800 0.030700 0.028100 0.014900 0.030200 0.032700 0.020100 0.020600 0.018300 0.017900 0.017200 0.027800 0.022500 0.021000
MaxwellsDu 0.015800 0.060900 0.021000 0.067000 0.016800 0.015800 0.000000 0.013600 0.021100 0.022900 0.015800 0.019100 0.012100 0.010200 0.017700 0.015500 0.026800 0.030700 0.012600 0.020100 0.013500 0.013500 0.024300 0.025800 0.015400 0.016800 0.012100 0.019100 0.015400 0.019700 0.024800 0.007400 0.033000 0.011100 0.014400 0.018200 0.014900 0.017300 0.018700 0.025900 0.023300 0.013500 0.024400 0.028800 0.015400 0.018700 0.016900 0.013000 0.014400 0.022100 0.019600 0.018200
GazellaPrz 0.015500 0.064300 0.020600 0.070100 0.016400 0.015500 0.013600 0.000000 0.022600 0.026000 0.016300 0.018800 0.012200 0.016300 0.018400 0.014100 0.028400 0.032400 0.012200 0.020700 0.011200 0.014000 0.027300 0.027800 0.014900 0.016100 0.011700 0.018700 0.014600 0.019300 0.027900 0.013600 0.035600 0.011700 0.014000 0.019800 0.014500 0.017000 0.017500 0.028400 0.026800 0.011700 0.027400 0.031400 0.016000 0.017400 0.013700 0.014500 0.014900 0.024600 0.019700 0.017800
MountainNy 0.023900 0.063300 0.009700 0.067600 0.024000 0.024000 0.021100 0.022600 0.000000 0.028700 0.021600 0.017800 0.019700 0.023000 0.025000 0.025600 0.031300 0.034700 0.018700 0.008400 0.022500 0.022500 0.027700 0.028900 0.023000 0.026500 0.019200 0.006500 0.025600 0.007000 0.028300 0.021100 0.037500 0.019200 0.021600 0.015900 0.021600 0.022600 0.025500 0.026000 0.026700 0.022000 0.027800 0.029000 0.015900 0.024500 0.024600 0.021700 0.019600 0.025100 0.007900 0.008300
MuntiacusM 0.028700 0.068000 0.028100 0.068800 0.029700 0.028700 0.022900 0.026000 0.028700 0.000000 0.027300 0.026700 0.025300 0.028700 0.028700 0.028400 0.028300 0.032600 0.023500 0.027700 0.027200 0.026300 0.012200 0.015000 0.028700 0.028300 0.023900 0.025800 0.028800 0.026400 0.005600 0.025800 0.033200 0.024900 0.026300 0.026200 0.027200 0.028300 0.031700 0.015000 0.011200 0.025800 0.004200 0.017900 0.024400 0.030600 0.027000 0.025000 0.025200 0.025400 0.026300 0.024800
goat 0.011100 0.067000 0.021500 0.070900 0.017800 0.011100 0.015800 0.016300 0.021600 0.027300 0.000000 0.021900 0.010200 0.018600 0.018200 0.018400 0.030700 0.036100 0.011100 0.020600 0.018200 0.007900 0.028600 0.031600 0.005500 0.021000 0.010200 0.019600 0.018400 0.020200 0.029200 0.015800 0.035400 0.010200 0.014400 0.019600 0.006500 0.016400 0.019800 0.029300 0.026700 0.016800 0.027700 0.032600 0.018200 0.019600 0.019300 0.018300 0.017200 0.024000 0.020100 0.018600
AfricanBuf 0.022900 0.066400 0.016300 0.070500 0.022000 0.022900 0.019100 0.018800 0.017800 0.026700 0.021900 0.000000 0.019100 0.022000 0.021100 0.022500 0.032100 0.035600 0.018600 0.015400 0.019700 0.019600 0.027600 0.029100 0.022400 0.024500 0.018200 0.016300 0.022600 0.015000 0.027200 0.018200 0.036900 0.018200 0.022400 0.012100 0.021000 0.021600 0.023700 0.027300 0.026600 0.021100 0.026700 0.029200 0.010200 0.024300 0.021700 0.019200 0.019500 0.023000 0.015800 0.014400
Topi 0.012100 0.064000 0.019600 0.069400 0.014000 0.012100 0.012100 0.012200 0.019700 0.025300 0.010200 0.019100 0.000000 0.014900 0.016300 0.014600 0.028800 0.033200 0.008300 0.018700 0.014400 0.009700 0.024800 0.026800 0.010200 0.017300 0.003200 0.017700 0.015500 0.018300 0.026300 0.012100 0.033000 0.002800 0.008800 0.017700 0.009300 0.014500 0.018000 0.026300 0.024800 0.013100 0.025800 0.029200 0.016300 0.016800 0.015500 0.013600 0.012500 0.023100 0.018200 0.016800
CommonDuik 0.018700 0.065100 0.023900 0.071000 0.019700 0.018700 0.010200 0.016300 0.023000 0.028700 0.018600 0.022000 0.014900 0.000000 0.020200 0.017400 0.031300 0.034200 0.015400 0.022900 0.016300 0.017200 0.028100 0.031700 0.018200 0.020600 0.014900 0.022000 0.018200 0.021600 0.029600 0.010200 0.038900 0.014000 0.018200 0.020100 0.017700 0.020200 0.020500 0.030700 0.027700 0.016300 0.028200 0.033700 0.017300 0.020600 0.019800 0.016800 0.017200 0.026400 0.021500 0.021000
Suni 0.020600 0.068200 0.023900 0.071700 0.020700 0.020600 0.017700 0.018400 0.025000 0.028700 0.018200 0.021100 0.016300 0.020200 0.000000 0.019200 0.032700 0.037100 0.014500 0.023000 0.020200 0.018200 0.029200 0.032600 0.018700 0.023100 0.014900 0.022000 0.020300 0.022600 0.029700 0.016800 0.037500 0.015900 0.020100 0.020200 0.018200 0.021200 0.021900 0.030700 0.027700 0.019800 0.029200 0.033600 0.018300 0.023500 0.020300 0.017900 0.018200 0.027400 0.022500 0.021100
Springbuck 0.018400 0.068200 0.024600 0.071200 0.019400 0.018400 0.015500 0.014100 0.025600 0.028400 0.018400 0.022500 0.014600 0.017400 0.019200 0.000000 0.032300 0.035300 0.015100 0.024600 0.015900 0.016900 0.028800 0.031300 0.017900 0.017500 0.014600 0.022600 0.010300 0.023200 0.030200 0.015400 0.036700 0.014600 0.017900 0.021600 0.018400 0.020000 0.019400 0.030300 0.027800 0.013000 0.029800 0.033100 0.019700 0.020800 0.017400 0.017400 0.018800 0.027500 0.023100 0.021700
Okapi 0.031700 0.066300 0.030600 0.065900 0.029300 0.031700 0.026800 0.028400 0.031300 0.028300 0.030700 0.032100 0.028800 0.031300 0.032700 0.032300 0.000000 0.013200 0.029300 0.031300 0.031200 0.031200 0.026800 0.027800 0.030700 0.031200 0.027800 0.027400 0.033300 0.029900 0.029300 0.028700 0.030700 0.027800 0.031200 0.030200 0.031600 0.029900 0.035400 0.025500 0.025300 0.029700 0.028800 0.027400 0.027400 0.032700 0.030900 0.028900 0.030100 0.027000 0.028800 0.027300
Giraffe 0.037100 0.072400 0.035000 0.072100 0.035700 0.037100 0.030700 0.032400 0.034700 0.032600 0.036100 0.035600 0.033200 0.034200 0.037100 0.035300 0.013200 0.000000 0.034200 0.034800 0.035600 0.035700 0.031100 0.032200 0.036600 0.036300 0.033200 0.031800 0.035900 0.032400 0.033600 0.032600 0.036600 0.032300 0.034600 0.033700 0.037000 0.035300 0.039400 0.030700 0.029600 0.033800 0.032200 0.031800 0.030800 0.038500 0.035300 0.034400 0.035500 0.030400 0.033200 0.032700
TibetanAnt 0.009700 0.063600 0.018700 0.066500 0.016400 0.009700 0.012600 0.012200 0.018700 0.023500 0.011100 0.018600 0.008300 0.015400 0.014500 0.015100 0.029300 0.034200 0.000000 0.017700 0.014900 0.009300 0.025900 0.028300 0.009700 0.016900 0.006900 0.016800 0.015500 0.017400 0.024400 0.012500 0.035500 0.007900 0.012100 0.017700 0.009300 0.016900 0.015600 0.026400 0.024800 0.013500 0.024000 0.030300 0.014900 0.016300 0.015000 0.014500 0.012100 0.024500 0.017300 0.015900
Sitatunga 0.022900 0.062200 0.008800 0.070300 0.023000 0.022900 0.020100 0.020700 0.008400 0.027700 0.020600 0.015400 0.018700 0.022900 0.023000 0.024600 0.031300 0.034800 0.017700 0.000000 0.020600 0.020600 0.026700 0.029700 0.022000 0.025400 0.018200 0.007400 0.024500 0.006000 0.027200 0.020100 0.037400 0.018200 0.021500 0.014900 0.021500 0.021600 0.023500 0.025900 0.025700 0.021000 0.026800 0.029800 0.014900 0.022500 0.023600 0.020700 0.019600 0.025500 0.007900 0.005600
Oribi 0.018200 0.065600 0.020600 0.070000 0.018300 0.018200 0.013500 0.011200 0.022500 0.027200 0.018200 0.019700 0.014400 0.016300 0.020200 0.015900 0.031200 0.035600 0.014900 0.020600 0.000000 0.016800 0.028600 0.028200 0.017700 0.016000 0.014400 0.019600 0.015900 0.019200 0.028200 0.014500 0.036500 0.013500 0.016800 0.020600 0.016300 0.017900 0.018300 0.028300 0.027600 0.012500 0.027700 0.031200 0.017800 0.019200 0.016400 0.015400 0.017700 0.026400 0.020100 0.017700
BarbaryShe 0.009700 0.066400 0.022000 0.069900 0.017300 0.009700 0.013500 0.014000 0.022500 0.026300 0.007900 0.019600 0.009700 0.017200 0.018200 0.016900 0.031200 0.035700 0.009300 0.020600 0.016800 0.000000 0.029600 0.031100 0.007400 0.019600 0.008800 0.019600 0.017900 0.021100 0.029200 0.014400 0.035900 0.008800 0.012100 0.019600 0.006900 0.016900 0.018300 0.030200 0.028600 0.015400 0.027700 0.033200 0.017700 0.019100 0.016000 0.016400 0.015300 0.025500 0.021000 0.019600
Daviddeer 0.030100 0.066400 0.027100 0.071800 0.028700 0.029600 0.024300 0.027300 0.027700 0.012200 0.028600 0.027600 0.024800 0.028100 0.029200 0.028800 0.026800 0.031100 0.025900 0.026700 0.028600 0.029600 0.000000 0.014900 0.030100 0.029800 0.024800 0.024800 0.029700 0.025400 0.013000 0.026300 0.034600 0.025300 0.029700 0.026700 0.029600 0.029300 0.033600 0.014000 0.005500 0.026200 0.012500 0.015900 0.023900 0.031000 0.029300 0.027400 0.025700 0.024400 0.024300 0.023900
Reindeer 0.031600 0.063300 0.030100 0.068300 0.030700 0.031600 0.025800 0.027800 0.028900 0.015000 0.031600 0.029100 0.026800 0.031700 0.032600 0.031300 0.027800 0.032200 0.028300 0.029700 0.028200 0.031100 0.014900 0.000000 0.032100 0.031300 0.025800 0.026800 0.031200 0.028300 0.015400 0.027700 0.034200 0.026800 0.029300 0.029100 0.031600 0.029300 0.034600 0.015400 0.014400 0.027700 0.015400 0.012100 0.025800 0.031600 0.030900 0.028800 0.028100 0.027400 0.027400 0.026900
Ibex 0.010700 0.066900 0.022900 0.070400 0.017300 0.010700 0.015400 0.014900 0.023000 0.028700 0.005500 0.022400 0.010200 0.018200 0.018700 0.017900 0.030700 0.036600 0.009700 0.022000 0.017700 0.007400 0.030100 0.032100 0.000000 0.020600 0.010700 0.020100 0.018900 0.021600 0.030600 0.015300 0.037400 0.009700 0.013000 0.021000 0.006500 0.016900 0.019300 0.030700 0.029100 0.015400 0.029200 0.034100 0.019600 0.019100 0.018400 0.017900 0.016700 0.025500 0.021500 0.020100
GyrantGaze 0.020200 0.068100 0.023500 0.069600 0.018500 0.020100 0.016800 0.016100 0.026500 0.028300 0.021000 0.024500 0.017300 0.020600 0.023100 0.017500 0.031200 0.036300 0.016900 0.025400 0.016000 0.019600 0.029800 0.031300 0.020600 0.000000 0.016300 0.023500 0.016300 0.024100 0.031200 0.017800 0.039200 0.016300 0.018700 0.024500 0.019100 0.019400 0.022400 0.031300 0.028800 0.009800 0.030700 0.033500 0.021700 0.022100 0.018800 0.018300 0.018900 0.028400 0.023000 0.020600
Hartebeest 0.011100 0.062900 0.019100 0.068400 0.014000 0.011100 0.012100 0.011700 0.019200 0.023900 0.010200 0.018200 0.003200 0.014900 0.014900 0.014600 0.027800 0.033200 0.006900 0.018200 0.014400 0.008800 0.024800 0.025800 0.010700 0.016300 0.000000 0.017200 0.015500 0.017800 0.024800 0.012100 0.032100 0.002800 0.008800 0.017200 0.009300 0.014500 0.016100 0.025900 0.023300 0.012100 0.024400 0.028700 0.015400 0.015800 0.014600 0.014100 0.010600 0.023100 0.017700 0.016300
Bongo 0.022000 0.062100 0.008800 0.068100 0.021100 0.022000 0.019100 0.018700 0.006500 0.025800 0.019600 0.016300 0.017700 0.022000 0.022000 0.022600 0.027400 0.031800 0.016800 0.007400 0.019600 0.019600 0.024800 0.026800 0.020100 0.023500 0.017200 0.000000 0.022500 0.007000 0.025300 0.019100 0.034500 0.017300 0.020500 0.014000 0.020500 0.018800 0.023500 0.024000 0.023800 0.018200 0.024800 0.026900 0.014000 0.021500 0.022600 0.018800 0.018600 0.023500 0.006900 0.006500
Gerenuk 0.019400 0.068700 0.024500 0.074000 0.019400 0.019300 0.015400 0.014600 0.025600 0.028800 0.018400 0.022600 0.015500 0.018200 0.020300 0.010300 0.033300 0.035900 0.015500 0.024500 0.015900 0.017900 0.029700 0.031200 0.018900 0.016300 0.015500 0.022500 0.000000 0.023100 0.029700 0.015500 0.039300 0.014600 0.018900 0.022600 0.017400 0.019900 0.021300 0.030300 0.028700 0.013000 0.029300 0.033300 0.019800 0.021200 0.017500 0.018300 0.018700 0.027400 0.023000 0.021600
CommonElan 0.022600 0.062900 0.007400 0.069300 0.021700 0.022600 0.019700 0.019300 0.007000 0.026400 0.020200 0.015000 0.018300 0.021600 0.022600 0.023200 0.029900 0.032400 0.017400 0.006000 0.019200 0.021100 0.025400 0.028300 0.021600 0.024100 0.017800 0.007000 0.023100 0.000000 0.025900 0.019700 0.035100 0.017800 0.021100 0.013600 0.021100 0.020300 0.024100 0.024600 0.024400 0.019700 0.024500 0.028500 0.013600 0.022100 0.021700 0.019400 0.019200 0.024200 0.005600 0.005100
MuntiacusR 0.029200 0.067900 0.027700 0.072900 0.030700 0.029200 0.024800 0.027900 0.028300 0.005600 0.029200 0.027200 0.026300 0.029600 0.029700 0.030200 0.029300 0.033600 0.024400 0.027200 0.028200 0.029200 0.013000 0.015400 0.030600 0.031200 0.024800 0.025300 0.029700 0.025900 0.000000 0.026700 0.035100 0.025800 0.030100 0.027200 0.029100 0.028300 0.032600 0.014900 0.012000 0.027700 0.004200 0.016400 0.025300 0.030600 0.028900 0.026800 0.026200 0.026900 0.025800 0.025300
HarveysDui 0.015800 0.062000 0.021000 0.067900 0.016800 0.015800 0.007400 0.013600 0.021100 0.025800 0.015800 0.018200 0.012100 0.010200 0.016800 0.015400 0.028700 0.032600 0.012500 0.020100 0.014500 0.014400 0.026300 0.027700 0.015300 0.017800 0.012100 0.019100 0.015500 0.019700 0.026700 0.000000 0.034500 0.011200 0.015400 0.017200 0.014900 0.017300 0.018400 0.027800 0.025300 0.014500 0.026300 0.028700 0.014400 0.018700 0.016900 0.014000 0.014400 0.024000 0.019600 0.018200
Pronghorn 0.037900 0.070300 0.037800 0.069800 0.038000 0.037900 0.033000 0.035600 0.037500 0.033200 0.035400 0.036900 0.033000 0.038900 0.037500 0.036700 0.030700 0.036600 0.035500 0.037400 0.036500 0.035900 0.034600 0.034200 0.037400 0.039200 0.032100 0.034500 0.039300 0.035100 0.035100 0.034500 0.000000 0.032100 0.036400 0.035000 0.037800 0.037600 0.041300 0.033700 0.032600 0.036600 0.034600 0.035700 0.032100 0.040500 0.036300 0.033700 0.036900 0.033300 0.036000 0.035500
BlueWildeb 0.011200 0.064100 0.019100 0.068500 0.013100 0.011200 0.011100 0.011700 0.019200 0.024900 0.010200 0.018200 0.002800 0.014000 0.015900 0.014600 0.027800 0.032300 0.007900 0.018200 0.013500 0.008800 0.025300 0.026800 0.009700 0.016300 0.002800 0.017300 0.014600 0.017800 0.025800 0.011200 0.032100 0.000000 0.007900 0.017300 0.009300 0.013600 0.017000 0.025900 0.024300 0.012100 0.025400 0.028800 0.015400 0.015900 0.013700 0.013100 0.012500 0.022200 0.017800 0.016300
Gemsbok 0.014400 0.066600 0.022400 0.066700 0.017300 0.014400 0.014400 0.014000 0.021600 0.026300 0.014400 0.022400 0.008800 0.018200 0.020100 0.017900 0.031200 0.034600 0.012100 0.021500 0.016800 0.012100 0.029700 0.029300 0.013000 0.018700 0.008800 0.020500 0.018900 0.021100 0.030100 0.015400 0.036400 0.007900 0.000000 0.021500 0.012600 0.017800 0.021300 0.029800 0.028700 0.014500 0.029600 0.033200 0.019600 0.020100 0.017000 0.015500 0.015800 0.026400 0.022000 0.018700
Yak 0.022900 0.060100 0.015400 0.068200 0.021100 0.022900 0.018200 0.019800 0.015900 0.026200 0.019600 0.012100 0.017700 0.020100 0.020200 0.021600 0.030200 0.033700 0.017700 0.014900 0.020600 0.019600 0.026700 0.029100 0.021000 0.024500 0.017200 0.014000 0.022600 0.013600 0.027200 0.017200 0.035000 0.017300 0.021500 0.000000 0.019600 0.020700 0.023600 0.026300 0.025700 0.019200 0.026700 0.029200 0.004600 0.021600 0.020800 0.019300 0.018600 0.024200 0.013500 0.013000
BlueSheep 0.010300 0.067600 0.021500 0.070400 0.016900 0.010200 0.014900 0.014500 0.021600 0.027200 0.006500 0.021000 0.009300 0.017700 0.018200 0.018400 0.031600 0.037000 0.009300 0.021500 0.016300 0.006900 0.029600 0.031600 0.006500 0.019100 0.009300 0.020500 0.017400 0.021100 0.029100 0.014900 0.037800 0.009300 0.012600 0.019600 0.000000 0.016500 0.017800 0.030200 0.028600 0.015000 0.027700 0.033600 0.018200 0.018700 0.016500 0.017400 0.014900 0.025000 0.021000 0.019600
BohorReedb 0.019200 0.065800 0.019700 0.071800 0.006100 0.020200 0.017300 0.017000 0.022600 0.028300 0.016400 0.021600 0.014500 0.020200 0.021200 0.020000 0.029900 0.035300 0.016900 0.021600 0.017900 0.016900 0.029300 0.029300 0.016900 0.019400 0.014500 0.018800 0.019900 0.020300 0.028300 0.017300 0.037600 0.013600 0.017800 0.020700 0.016500 0.000000 0.021400 0.028900 0.028200 0.016900 0.027900 0.031900 0.018300 0.019300 0.020400 0.017500 0.017800 0.023700 0.020200 0.018800
KirksDik 0.020800 0.071100 0.025400 0.074100 0.022700 0.020800 0.018700 0.017500 0.025500 0.031700 0.019800 0.023700 0.018000 0.020500 0.021900 0.019400 0.035400 0.039400 0.015600 0.023500 0.018300 0.018300 0.033600 0.034600 0.019300 0.022400 0.016100 0.023500 0.021300 0.024100 0.032600 0.018400 0.041300 0.017000 0.021300 0.023600 0.017800 0.021400 0.000000 0.032700 0.032100 0.018800 0.031200 0.035700 0.021200 0.022600 0.019100 0.021600 0.019300 0.029400 0.024000 0.022600
RoeDeer 0.030700 0.063500 0.026400 0.070600 0.030300 0.030700 0.025900 0.028400 0.026000 0.015000 0.029300 0.027300 0.026300 0.030700 0.030700 0.030300 0.025500 0.030700 0.026400 0.025900 0.028300 0.030200 0.014000 0.015400 0.030700 0.031300 0.025900 0.024000 0.030300 0.024600 0.014900 0.027800 0.033700 0.025900 0.029800 0.026300 0.030200 0.028900 0.032700 0.000000 0.013000 0.026800 0.014500 0.015900 0.023500 0.030700 0.029900 0.027900 0.027200 0.024500 0.024500 0.024100
WhiteLippe 0.028100 0.065700 0.026200 0.070700 0.027700 0.028100 0.023300 0.026800 0.026700 0.011200 0.026700 0.026600 0.024800 0.027700 0.027700 0.027800 0.025300 0.029600 0.024800 0.025700 0.027600 0.028600 0.005500 0.014400 0.029100 0.028800 0.023300 0.023800 0.028700 0.024400 0.012000 0.025300 0.032600 0.024300 0.028700 0.025700 0.028600 0.028200 0.032100 0.013000 0.000000 0.026200 0.011600 0.014900 0.022900 0.030000 0.028300 0.026300 0.025600 0.023900 0.023400 0.023000
ThomsonGaz 0.015000 0.065000 0.021000 0.069000 0.016900 0.014900 0.013500 0.011700 0.022000 0.025800 0.016800 0.021100 0.013100 0.016300 0.019800 0.013000 0.029700 0.033800 0.013500 0.021000 0.012500 0.015400 0.026200 0.027700 0.015400 0.009800 0.012100 0.018200 0.013000 0.019700 0.027700 0.014500 0.036600 0.012100 0.014500 0.019200 0.015000 0.016900 0.018800 0.026800 0.026200 0.000000 0.027200 0.030700 0.018300 0.017700 0.016100 0.015800 0.016400 0.025900 0.019600 0.018200
MuntiacusC 0.030200 0.067400 0.027200 0.071400 0.030200 0.030200 0.024400 0.027400 0.027800 0.004200 0.027700 0.026700 0.025800 0.028200 0.029200 0.029800 0.028800 0.032200 0.024000 0.026800 0.027700 0.027700 0.012500 0.015400 0.029200 0.030700 0.024400 0.024800 0.029300 0.024500 0.004200 0.026300 0.034600 0.025400 0.029600 0.026700 0.027700 0.027900 0.031200 0.014500 0.011600 0.027200 0.000000 0.016400 0.024900 0.030100 0.028400 0.026400 0.025700 0.025400 0.025300 0.024800
WhiteTaile 0.032700 0.068100 0.030200 0.069600 0.032200 0.032700 0.028800 0.031400 0.029000 0.017900 0.032600 0.029200 0.029200 0.033700 0.033600 0.033100 0.027400 0.031800 0.030300 0.029800 0.031200 0.033200 0.015900 0.012100 0.034100 0.033500 0.028700 0.026900 0.033300 0.028500 0.016400 0.028700 0.035700 0.028800 0.033200 0.029200 0.033600 0.031900 0.035700 0.015900 0.014900 0.030700 0.016400 0.000000 0.025400 0.033600 0.032900 0.031700 0.031100 0.028000 0.027500 0.027000
Cattle 0.020100 0.059600 0.015400 0.066300 0.018700 0.020100 0.015400 0.016000 0.015900 0.024400 0.018200 0.010200 0.016300 0.017300 0.018300 0.019700 0.027400 0.030800 0.014900 0.014900 0.017800 0.017700 0.023900 0.025800 0.019600 0.021700 0.015400 0.014000 0.019800 0.013600 0.025300 0.014400 0.032100 0.015400 0.019600 0.004600 0.018200 0.018300 0.021200 0.023500 0.022900 0.018300 0.024900 0.025400 0.000000 0.019300 0.018400 0.017400 0.016700 0.020300 0.013500 0.013100
RoyalAntel 0.020600 0.064300 0.023400 0.074500 0.019200 0.020600 0.018700 0.017400 0.024500 0.030600 0.019600 0.024300 0.016800 0.020600 0.023500 0.020800 0.032700 0.038500 0.016300 0.022500 0.019200 0.019100 0.031000 0.031600 0.019100 0.022100 0.015800 0.021500 0.021200 0.022100 0.030600 0.018700 0.040500 0.015900 0.020100 0.021600 0.018700 0.019300 0.022600 0.030700 0.030000 0.017700 0.030100 0.033600 0.019300 0.000000 0.020400 0.020800 0.020000 0.028400 0.022000 0.019600
Steenbok 0.018300 0.066900 0.024500 0.068700 0.019900 0.018300 0.016900 0.013700 0.024600 0.027000 0.019300 0.021700 0.015500 0.019800 0.020300 0.017400 0.030900 0.035300 0.015000 0.023600 0.016400 0.016000 0.029300 0.030900 0.018400 0.018800 0.014600 0.022600 0.017500 0.021700 0.028900 0.016900 0.036300 0.013700 0.017000 0.020800 0.016500 0.020400 0.019100 0.029900 0.028300 0.016100 0.028400 0.032900 0.018400 0.020400 0.000000 0.017900 0.018400 0.025300 0.023100 0.021700
Impala 0.017900 0.063300 0.020200 0.068100 0.016000 0.017900 0.013000 0.014500 0.021700 0.025000 0.018300 0.019200 0.013600 0.016800 0.017900 0.017400 0.028900 0.034400 0.014500 0.020700 0.015400 0.016400 0.027400 0.028800 0.017900 0.018300 0.014100 0.018800 0.018300 0.019400 0.026800 0.014000 0.033700 0.013100 0.015500 0.019300 0.017400 0.017500 0.021600 0.027900 0.026300 0.015800 0.026400 0.031700 0.017400 0.020800 0.017900 0.000000 0.015400 0.025100 0.019300 0.017900
Klipspring 0.017200 0.064300 0.019500 0.070300 0.018200 0.017200 0.014400 0.014900 0.019600 0.025200 0.017200 0.019500 0.012500 0.017200 0.018200 0.018800 0.030100 0.035500 0.012100 0.019600 0.017700 0.015300 0.025700 0.028100 0.016700 0.018900 0.010600 0.018600 0.018700 0.019200 0.026200 0.014400 0.036900 0.012500 0.015800 0.018600 0.014900 0.017800 0.019300 0.027200 0.025600 0.016400 0.025700 0.031100 0.016700 0.020000 0.018400 0.015400 0.000000 0.024000 0.019100 0.018600
ForestMusk 0.027800 0.066500 0.026900 0.065400 0.026000 0.027800 0.022100 0.024600 0.025100 0.025400 0.024000 0.023000 0.023100 0.026400 0.027400 0.027500 0.027000 0.030400 0.024500 0.025500 0.026400 0.025500 0.024400 0.027400 0.025500 0.028400 0.023100 0.023500 0.027400 0.024200 0.026900 0.024000 0.033300 0.022200 0.026400 0.024200 0.025000 0.023700 0.029400 0.024500 0.023900 0.025900 0.025400 0.028000 0.020300 0.028400 0.025300 0.025100 0.024000 0.000000 0.025000 0.024500
Bushbuck 0.022500 0.062700 0.008300 0.069200 0.020600 0.022500 0.019600 0.019700 0.007900 0.026300 0.020100 0.015800 0.018200 0.021500 0.022500 0.023100 0.028800 0.033200 0.017300 0.007900 0.020100 0.021000 0.024300 0.027400 0.021500 0.023000 0.017700 0.006900 0.023000 0.005600 0.025800 0.019600 0.036000 0.017800 0.022000 0.013500 0.021000 0.020200 0.024000 0.024500 0.023400 0.019600 0.025300 0.027500 0.013500 0.022000 0.023100 0.019300 0.019100 0.025000 0.000000 0.005100
GreaterKud 0.021000 0.062100 0.006900 0.068100 0.019200 0.021000 0.018200 0.017800 0.008300 0.024800 0.018600 0.014400 0.016800 0.021000 0.021100 0.021700 0.027300 0.032700 0.015900 0.005600 0.017700 0.019600 0.023900 0.026900 0.020100 0.020600 0.016300 0.006500 0.021600 0.005100 0.025300 0.018200 0.035500 0.016300 0.018700 0.013000 0.019600 0.018800 0.022600 0.024100 0.023000 0.018200 0.024800 0.027000 0.013100 0.019600 0.021700 0.017900 0.018600 0.024500 0.005100 0.000000
