1
52 1
Argali 0.000000 0.317900 0.000000 0.271200 0.000000 0.000100 0.016100 0.032500 0.000000 0.066700 0.000000 0.000100 0.000100 0.066400 0.000000 0.032400 0.084600 0.084000 0.000000 0.000000 0.048400 0.000000 0.049400 0.049400 0.015600 0.066400 0.000100 0.000000 0.030800 0.000000 0.066700 0.031100 0.085500 0.016100 0.031500 0.000100 0.000100 0.000000 0.016100 0.084700 0.066600 0.049200 0.084000 0.049400 0.000000 0.000000 0.049300 0.000000 0.000100 0.066600 0.000000 0.000000
LesserMous 0.317900 0.000000 0.317900 0.190000 0.317900 0.317700 0.294900 0.366100 0.317900 0.274600 0.317900 0.318700 0.318300 0.368400 0.317900 0.364600 0.250200 0.204600 0.317900 0.317900 0.345300 0.317900 0.298100 0.251200 0.295800 0.369100 0.318300 0.317900 0.364600 0.317900 0.275500 0.320600 0.305600 0.292800 0.318800 0.319400 0.318900 0.317900 0.340100 0.299700 0.322700 0.394200 0.251000 0.251200 0.317900 0.317900 0.396500 0.317900 0.313600 0.274500 0.317900 0.317900
LesserKudu 0.000000 0.317900 0.000000 0.271200 0.000000 0.000100 0.016100 0.032500 0.000000 0.066700 0.000000 0.000100 0.000100 0.066400 0.000000 0.031500 0.084600 0.084000 0.000000 0.000000 0.049300 0.000000 0.049400 0.049400 0.016100 0.066400 0.000100 0.000000 0.032400 0.000000 0.066700 0.030900 0.085500 0.016100 0.032500 0.000100 0.000100 0.000000 0.016100 0.084700 0.066600 0.049200 0.084000 0.049400 0.000000 0.000000 0.049300 0.000000 0.000100 0.066600 0.000000 0.000000
KillerWhal 0.271200 0.190000 0.271200 0.000000 0.271200 0.272400 0.249600 0.317500 0.271200 0.231900 0.271200 0.273200 0.272800 0.318400 0.271200 0.314700 0.253100 0.207100 0.271200 0.271200 0.296600 0.271200 0.252900 0.208300 0.250300 0.318900 0.272800 0.271200 0.314700 0.271200 0.231500 0.273800 0.258900 0.248600 0.271900 0.273700 0.273300 0.271200 0.293400 0.253700 0.275800 0.342100 0.208300 0.208300 0.271200 0.271200 0.346500 0.271200 0.269000 0.230100 0.271200 0.271200
DefassaWat 0.000000 0.317900 0.000000 0.271200 0.000000 0.000100 0.016100 0.032500 0.000000 0.066700 0.000000 0.000100 0.000100 0.066400 0.000000 0.032400 0.084600 0.084000 0.000000 0.000000 0.049300 0.000000 0.049400 0.049400 0.016100 0.066400 0.000100 0.000000 0.032400 0.000000 0.066700 0.031800 0.085500 0.016100 0.032500 0.000100 0.000100 0.000000 0.016100 0.084700 0.066600 0.049200 0.084000 0.049200 0.000000 0.000000 0.049300 0.000000 0.000100 0.066600 0.000000 0.000000
Sheep 0.000100 0.317700 0.000100 0.272400 0.000100 0.000000 0.016100 0.032300 0.000100 0.066700 0.000100 0.000100 0.000100 0.066600 0.000100 0.032500 0.084900 0.084300 0.000100 0.000100 0.049500 0.000100 0.049600 0.049500 0.016200 0.066600 0.000100 0.000100 0.032500 0.000100 0.066900 0.032700 0.085800 0.016100 0.032600 0.000100 0.000100 0.000100 0.016100 0.085000 0.066900 0.049400 0.084200 0.049500 0.000100 0.000100 0.049300 0.000100 0.000100 0.066800 0.000100 0.000100
MaxwellsDu 0.016100 0.294900 0.016100 0.249600 0.016100 0.016100 0.000000 0.049300 0.016100 0.084600 0.016100 0.016200 0.016200 0.049300 0.015600 0.046200 0.102400 0.102100 0.015600 0.015600 0.066600 0.016100 0.066800 0.066700 0.032600 0.084000 0.016200 0.016100 0.049100 0.015700 0.084500 0.015700 0.104100 0.032600 0.049400 0.016200 0.016200 0.015700 0.032500 0.103000 0.084400 0.066400 0.102100 0.066700 0.016100 0.016100 0.066500 0.016100 0.016000 0.084400 0.015600 0.015600
GazellaPrz 0.032500 0.366100 0.032500 0.317500 0.032500 0.032300 0.049300 0.000000 0.032500 0.101700 0.032500 0.032500 0.032500 0.101800 0.032500 0.032500 0.121200 0.120200 0.032500 0.032500 0.049300 0.032500 0.084000 0.084000 0.049300 0.066500 0.032500 0.032500 0.032500 0.032500 0.102000 0.066500 0.122300 0.049200 0.066400 0.032600 0.032600 0.032500 0.016000 0.121400 0.102100 0.049300 0.120000 0.084000 0.032500 0.032500 0.049200 0.032500 0.032100 0.102100 0.032500 0.032500
MountainNy 0.000000 0.317900 0.000000 0.271200 0.000000 0.000100 0.016100 0.032500 0.000000 0.066700 0.000000 0.000100 0.000100 0.066400 0.000000 0.032400 0.084600 0.084000 0.000000 0.000000 0.049300 0.000000 0.049400 0.049400 0.016100 0.066400 0.000100 0.000000 0.032400 0.000000 0.066700 0.032600 0.085500 0.016100 0.032500 0.000100 0.000100 0.000000 0.016100 0.084700 0.066600 0.049200 0.084000 0.049400 0.000000 0.000000 0.049300 0.000000 0.000100 0.066600 0.000000 0.000000
MuntiacusM 0.066700 0.274600 0.066700 0.231900 0.066700 0.066700 0.084600 0.101700 0.066700 0.000000 0.066700 0.066800 0.066800 0.139600 0.066700 0.101700 0.050300 0.049900 0.066700 0.066700 0.121100 0.066700 0.016400 0.016300 0.084700 0.139600 0.066800 0.066700 0.101700 0.066700 0.000100 0.103000 0.051000 0.084100 0.102400 0.067000 0.066900 0.066700 0.083800 0.050400 0.033100 0.120500 0.016400 0.016300 0.066700 0.066700 0.120600 0.066700 0.066000 0.033000 0.066700 0.066700
goat 0.000000 0.317900 0.000000 0.271200 0.000000 0.000100 0.016100 0.032500 0.000000 0.066700 0.000000 0.000100 0.000100 0.066400 0.000000 0.032400 0.084600 0.084000 0.000000 0.000000 0.049300 0.000000 0.049400 0.049400 0.015800 0.066400 0.000100 0.000000 0.031000 0.000000 0.066700 0.032600 0.085500 0.016100 0.032500 0.000100 0.000100 0.000000 0.016100 0.084700 0.066600 0.049200 0.084000 0.049400 0.000000 0.000000 0.049300 0.000000 0.000100 0.066600 0.000000 0.000000
AfricanBuf 0.000100 0.318700 0.000100 0.273200 0.000100 0.000100 0.016200 0.032500 0.000100 0.066800 0.000100 0.000000 0.000100 0.066700 0.000100 0.032500 0.085000 0.084400 0.000100 0.000100 0.049500 0.000100 0.049700 0.049600 0.016200 0.066700 0.000100 0.000100 0.032500 0.000100 0.067000 0.032700 0.086000 0.016100 0.032700 0.000100 0.000100 0.000100 0.016100 0.085100 0.067000 0.049400 0.084400 0.049600 0.000100 0.000100 0.049300 0.000100 0.000100 0.066900 0.000100 0.000100
Topi 0.000100 0.318300 0.000100 0.272800 0.000100 0.000100 0.016200 0.032500 0.000100 0.066800 0.000100 0.000100 0.000000 0.066700 0.000100 0.032500 0.085000 0.084400 0.000100 0.000100 0.049500 0.000100 0.049600 0.049600 0.016200 0.066600 0.000000 0.000100 0.032500 0.000100 0.067000 0.032700 0.085900 0.016100 0.032700 0.000100 0.000100 0.000100 0.016100 0.085100 0.066900 0.049400 0.084400 0.049600 0.000100 0.000100 0.049300 0.000100 0.000100 0.066900 0.000100 0.000100
CommonDuik 0.066400 0.368400 0.066400 0.318400 0.066400 0.066600 0.049300 0.101800 0.066400 0.139600 0.066400 0.066700 0.066700 0.000000 0.066400 0.101500 0.159700 0.158500 0.066400 0.066400 0.120300 0.066400 0.120500 0.120500 0.084100 0.139000 0.066700 0.066400 0.101500 0.066400 0.139500 0.032500 0.161500 0.084100 0.102000 0.066800 0.066800 0.066400 0.083800 0.159900 0.139500 0.120200 0.158300 0.120500 0.066400 0.066400 0.120300 0.066400 0.065900 0.139500 0.066400 0.066400
Suni 0.000000 0.317900 0.000000 0.271200 0.000000 0.000100 0.015600 0.032500 0.000000 0.066700 0.000000 0.000100 0.000100 0.066400 0.000000 0.032400 0.084600 0.084000 0.000000 0.000000 0.049300 0.000000 0.046600 0.049400 0.016100 0.066400 0.000100 0.000000 0.032400 0.000000 0.066700 0.032600 0.085500 0.016100 0.032500 0.000100 0.000100 0.000000 0.016100 0.084700 0.066600 0.049200 0.084000 0.049400 0.000000 0.000000 0.049300 0.000000 0.000100 0.066600 0.000000 0.000000
Springbuck 0.032400 0.364600 0.031500 0.314700 0.032400 0.032500 0.046200 0.032500 0.032400 0.101700 0.032400 0.032500 0.032500 0.101500 0.032400 0.000000 0.120700 0.119800 0.032400 0.032400 0.049200 0.032400 0.083700 0.083700 0.049200 0.032500 0.032500 0.031000 0.000000 0.032400 0.101600 0.066300 0.121800 0.049200 0.066300 0.032600 0.032600 0.032400 0.016000 0.121000 0.101700 0.016100 0.119600 0.083700 0.032400 0.032400 0.049200 0.030800 0.032100 0.101800 0.032400 0.032400
Okapi 0.084600 0.250200 0.084600 0.253100 0.084600 0.084900 0.102400 0.121200 0.084600 0.050300 0.084600 0.085000 0.085000 0.159700 0.084600 0.120700 0.000000 0.031000 0.084600 0.084600 0.140400 0.084600 0.067400 0.033000 0.103000 0.159700 0.085000 0.084600 0.120700 0.084600 0.050200 0.121800 0.068700 0.103000 0.121400 0.085200 0.085100 0.084600 0.102600 0.032600 0.085300 0.140100 0.067400 0.033000 0.084600 0.084600 0.140400 0.084600 0.084000 0.050100 0.084600 0.084600
Giraffe 0.084000 0.204600 0.084000 0.207100 0.084000 0.084300 0.102100 0.120200 0.084000 0.049900 0.084000 0.084400 0.084400 0.158500 0.084000 0.119800 0.031000 0.000000 0.084000 0.084000 0.139300 0.084000 0.066900 0.032800 0.102200 0.158400 0.084400 0.084000 0.119800 0.084000 0.049800 0.120900 0.068100 0.066700 0.084200 0.084600 0.084500 0.084000 0.101800 0.067500 0.084600 0.139000 0.032800 0.032800 0.084000 0.084000 0.139300 0.084000 0.083300 0.049800 0.084000 0.084000
TibetanAnt 0.000000 0.317900 0.000000 0.271200 0.000000 0.000100 0.015600 0.032500 0.000000 0.066700 0.000000 0.000100 0.000100 0.066400 0.000000 0.032400 0.084600 0.084000 0.000000 0.000000 0.049300 0.000000 0.049400 0.049400 0.016100 0.066400 0.000100 0.000000 0.032400 0.000000 0.066700 0.032600 0.085500 0.016100 0.032500 0.000100 0.000100 0.000000 0.016100 0.084700 0.066600 0.049200 0.084000 0.049400 0.000000 0.000000 0.049300 0.000000 0.000100 0.066600 0.000000 0.000000
Sitatunga 0.000000 0.317900 0.000000 0.271200 0.000000 0.000100 0.015600 0.032500 0.000000 0.066700 0.000000 0.000100 0.000100 0.066400 0.000000 0.032400 0.084600 0.084000 0.000000 0.000000 0.046300 0.000000 0.049400 0.048400 0.015700 0.066400 0.000100 0.000000 0.030900 0.000000 0.066700 0.032600 0.085500 0.016100 0.032500 0.000100 0.000100 0.000000 0.016100 0.084700 0.066600 0.046300 0.084000 0.049400 0.000000 0.000000 0.049300 0.000000 0.000100 0.066600 0.000000 0.000000
Oribi 0.048400 0.345300 0.049300 0.296600 0.049300 0.049500 0.066600 0.049300 0.049300 0.121100 0.049300 0.049500 0.049500 0.120300 0.049300 0.049200 0.140400 0.139300 0.049300 0.046300 0.000000 0.049300 0.102400 0.102300 0.032600 0.084100 0.049500 0.049300 0.049200 0.049300 0.120900 0.084300 0.142200 0.066600 0.084100 0.049600 0.049600 0.049300 0.032500 0.140500 0.120900 0.066500 0.139300 0.102300 0.049400 0.049300 0.066600 0.049300 0.048900 0.120800 0.049300 0.049300
BarbaryShe 0.000000 0.317900 0.000000 0.271200 0.000000 0.000100 0.016100 0.032500 0.000000 0.066700 0.000000 0.000100 0.000100 0.066400 0.000000 0.032400 0.084600 0.084000 0.000000 0.000000 0.049300 0.000000 0.049400 0.049400 0.015600 0.066400 0.000100 0.000000 0.032400 0.000000 0.066700 0.032600 0.085500 0.016100 0.032500 0.000100 0.000100 0.000000 0.016100 0.084700 0.066600 0.049200 0.084000 0.049400 0.000000 0.000000 0.049300 0.000000 0.000100 0.066600 0.000000 0.000000
Daviddeer 0.049400 0.298100 0.049400 0.252900 0.049400 0.049600 0.066800 0.084000 0.049400 0.016400 0.049400 0.049700 0.049600 0.120500 0.046600 0.083700 0.067400 0.066900 0.049400 0.049400 0.102400 0.049400 0.000000 0.032900 0.066900 0.120400 0.049600 0.049400 0.083700 0.049400 0.015900 0.084600 0.069000 0.066700 0.084300 0.049800 0.049700 0.049400 0.066400 0.067500 0.016300 0.101900 0.032900 0.032900 0.049400 0.049400 0.102300 0.049400 0.049000 0.049800 0.049400 0.049400
Reindeer 0.049400 0.251200 0.049400 0.208300 0.049400 0.049500 0.066700 0.084000 0.049400 0.016300 0.049400 0.049600 0.049600 0.120500 0.049400 0.083700 0.033000 0.032800 0.049400 0.048400 0.102300 0.049400 0.032900 0.000000 0.066800 0.120500 0.049600 0.049400 0.083700 0.049400 0.015800 0.084600 0.033500 0.066700 0.084200 0.049700 0.049700 0.049400 0.066500 0.033100 0.049800 0.102300 0.031500 0.000000 0.049400 0.049400 0.102300 0.049400 0.049000 0.015700 0.048300 0.049400
Ibex 0.015600 0.295800 0.016100 0.250300 0.016100 0.016200 0.032600 0.049300 0.016100 0.084700 0.015800 0.016200 0.016200 0.084100 0.016100 0.049200 0.103000 0.102200 0.016100 0.015700 0.032600 0.015600 0.066900 0.066800 0.000000 0.084100 0.016200 0.015700 0.049200 0.016100 0.084600 0.049600 0.104300 0.032600 0.049500 0.016200 0.016200 0.015600 0.032500 0.103100 0.084600 0.066500 0.102300 0.066800 0.015600 0.015700 0.066700 0.015600 0.016000 0.084500 0.015700 0.016100
GyrantGaze 0.066400 0.369100 0.066400 0.318900 0.066400 0.066600 0.084000 0.066500 0.066400 0.139600 0.066400 0.066700 0.066600 0.139000 0.066400 0.032500 0.159700 0.158400 0.066400 0.066400 0.084100 0.066400 0.120400 0.120500 0.084100 0.000000 0.066600 0.066400 0.032500 0.066400 0.139400 0.102200 0.141600 0.084100 0.102000 0.066800 0.066800 0.066400 0.049300 0.160000 0.139500 0.015900 0.158300 0.120500 0.066400 0.066400 0.048800 0.066400 0.065800 0.139500 0.066400 0.066400
Hartebeest 0.000100 0.318300 0.000100 0.272800 0.000100 0.000100 0.016200 0.032500 0.000100 0.066800 0.000100 0.000100 0.000000 0.066700 0.000100 0.032500 0.085000 0.084400 0.000100 0.000100 0.049500 0.000100 0.049600 0.049600 0.016200 0.066600 0.000000 0.000100 0.032500 0.000100 0.067000 0.032700 0.085900 0.016100 0.032700 0.000100 0.000100 0.000100 0.016100 0.085100 0.066900 0.049400 0.084400 0.049600 0.000100 0.000100 0.049300 0.000100 0.000100 0.066900 0.000100 0.000100
Bongo 0.000000 0.317900 0.000000 0.271200 0.000000 0.000100 0.016100 0.032500 0.000000 0.066700 0.000000 0.000100 0.000100 0.066400 0.000000 0.031000 0.084600 0.084000 0.000000 0.000000 0.049300 0.000000 0.049400 0.049400 0.015700 0.066400 0.000100 0.000000 0.032400 0.000000 0.066700 0.032600 0.084900 0.016100 0.032500 0.000100 0.000100 0.000000 0.016100 0.084700 0.066600 0.049200 0.084000 0.049400 0.000000 0.000000 0.049300 0.000000 0.000100 0.066600 0.000000 0.000000
Gerenuk 0.030800 0.364600 0.032400 0.314700 0.032400 0.032500 0.049100 0.032500 0.032400 0.101700 0.031000 0.032500 0.032500 0.101500 0.032400 0.000000 0.120700 0.119800 0.032400 0.030900 0.049200 0.032400 0.083700 0.083700 0.049200 0.032500 0.032500 0.032400 0.000000 0.032400 0.101600 0.066300 0.121800 0.049200 0.066300 0.032600 0.032600 0.032400 0.016000 0.121000 0.101700 0.015600 0.119600 0.083700 0.032400 0.032400 0.049200 0.032400 0.032100 0.101800 0.030900 0.032400
CommonElan 0.000000 0.317900 0.000000 0.271200 0.000000 0.000100 0.015700 0.032500 0.000000 0.066700 0.000000 0.000100 0.000100 0.066400 0.000000 0.032400 0.084600 0.084000 0.000000 0.000000 0.049300 0.000000 0.049400 0.049400 0.016100 0.066400 0.000100 0.000000 0.032400 0.000000 0.066700 0.032600 0.085500 0.016100 0.032500 0.000100 0.000100 0.000000 0.016100 0.084700 0.066600 0.048400 0.084000 0.049400 0.000000 0.000000 0.049300 0.000000 0.000100 0.066600 0.000000 0.000000
MuntiacusR 0.066700 0.275500 0.066700 0.231500 0.066700 0.066900 0.084500 0.102000 0.066700 0.000100 0.066700 0.067000 0.067000 0.139500 0.066700 0.101600 0.050200 0.049800 0.066700 0.066700 0.120900 0.066700 0.015900 0.015800 0.084600 0.139400 0.067000 0.066700 0.101600 0.066700 0.000000 0.102900 0.050900 0.084400 0.102300 0.067200 0.067100 0.066700 0.084000 0.050300 0.032000 0.120400 0.015900 0.016300 0.066700 0.066700 0.120900 0.066700 0.066200 0.033000 0.066700 0.066700
HarveysDui 0.031100 0.320600 0.030900 0.273800 0.031800 0.032700 0.015700 0.066500 0.032600 0.103000 0.032600 0.032700 0.032700 0.032500 0.032600 0.066300 0.121800 0.120900 0.032600 0.032600 0.084300 0.032600 0.084600 0.084600 0.049600 0.102200 0.032700 0.032600 0.066300 0.032600 0.102900 0.000000 0.123300 0.049500 0.066700 0.032800 0.032800 0.032600 0.049300 0.122000 0.102700 0.084100 0.121000 0.084600 0.032600 0.032600 0.084300 0.032600 0.032300 0.102400 0.032600 0.032600
Pronghorn 0.085500 0.305600 0.085500 0.258900 0.085500 0.085800 0.104100 0.122300 0.085500 0.051000 0.085500 0.086000 0.085900 0.161500 0.085500 0.121800 0.068700 0.068100 0.085500 0.085500 0.142200 0.085500 0.069000 0.033500 0.104300 0.141600 0.085900 0.084900 0.121800 0.085500 0.050900 0.123300 0.000000 0.104000 0.122800 0.086200 0.086100 0.085500 0.103600 0.062600 0.086400 0.122200 0.068300 0.033500 0.085500 0.085500 0.122700 0.085500 0.084900 0.050700 0.085500 0.085500
BlueWildeb 0.016100 0.292800 0.016100 0.248600 0.016100 0.016100 0.032600 0.049200 0.016100 0.084100 0.016100 0.016100 0.016100 0.084100 0.016100 0.049200 0.103000 0.066700 0.016100 0.016100 0.066600 0.016100 0.066700 0.066700 0.032600 0.084100 0.016100 0.016100 0.049200 0.016100 0.084400 0.049500 0.104000 0.000000 0.016200 0.016200 0.016200 0.016100 0.032400 0.103100 0.084400 0.066500 0.066700 0.066700 0.016100 0.016100 0.066300 0.016100 0.015900 0.084400 0.016100 0.016100
Gemsbok 0.031500 0.318800 0.032500 0.271900 0.032500 0.032600 0.049400 0.066400 0.032500 0.102400 0.032500 0.032700 0.032700 0.102000 0.032500 0.066300 0.121400 0.084200 0.032500 0.032500 0.084100 0.032500 0.084300 0.084200 0.049500 0.102000 0.032700 0.032500 0.066300 0.032500 0.102300 0.066700 0.122800 0.016200 0.000000 0.032800 0.032700 0.031600 0.049300 0.121600 0.102400 0.084000 0.084200 0.084200 0.032500 0.032500 0.084100 0.032500 0.032300 0.102300 0.031000 0.032500
Yak 0.000100 0.319400 0.000100 0.273700 0.000100 0.000100 0.016200 0.032600 0.000100 0.067000 0.000100 0.000100 0.000100 0.066800 0.000100 0.032600 0.085200 0.084600 0.000100 0.000100 0.049600 0.000100 0.049800 0.049700 0.016200 0.066800 0.000100 0.000100 0.032600 0.000100 0.067200 0.032800 0.086200 0.016200 0.032800 0.000000 0.000100 0.000100 0.016100 0.085400 0.067100 0.049600 0.084600 0.049700 0.000100 0.000100 0.049500 0.000100 0.000100 0.067100 0.000100 0.000100
BlueSheep 0.000100 0.318900 0.000100 0.273300 0.000100 0.000100 0.016200 0.032600 0.000100 0.066900 0.000100 0.000100 0.000100 0.066800 0.000100 0.032600 0.085100 0.084500 0.000100 0.000100 0.049600 0.000100 0.049700 0.049700 0.016200 0.066800 0.000100 0.000100 0.032600 0.000100 0.067100 0.032800 0.086100 0.016200 0.032700 0.000100 0.000000 0.000100 0.016100 0.085300 0.067100 0.049500 0.084500 0.049700 0.000100 0.000100 0.049400 0.000100 0.000100 0.067100 0.000100 0.000100
BohorReedb 0.000000 0.317900 0.000000 0.271200 0.000000 0.000100 0.015700 0.032500 0.000000 0.066700 0.000000 0.000100 0.000100 0.066400 0.000000 0.032400 0.084600 0.084000 0.000000 0.000000 0.049300 0.000000 0.049400 0.049400 0.015600 0.066400 0.000100 0.000000 0.032400 0.000000 0.066700 0.032600 0.085500 0.016100 0.031600 0.000100 0.000100 0.000000 0.016100 0.084700 0.066600 0.049200 0.084000 0.049400 0.000000 0.000000 0.049300 0.000000 0.000100 0.066600 0.000000 0.000000
KirksDik 0.016100 0.340100 0.016100 0.293400 0.016100 0.016100 0.032500 0.016000 0.016100 0.083800 0.016100 0.016100 0.016100 0.083800 0.016100 0.016000 0.102600 0.101800 0.016100 0.016100 0.032500 0.016100 0.066400 0.066500 0.032500 0.049300 0.016100 0.016100 0.016000 0.016100 0.084000 0.049300 0.103600 0.032400 0.049300 0.016100 0.016100 0.016100 0.000000 0.102800 0.084100 0.032500 0.101700 0.066500 0.016100 0.016100 0.032400 0.016100 0.015900 0.084100 0.016100 0.016100
RoeDeer 0.084700 0.299700 0.084700 0.253700 0.084700 0.085000 0.103000 0.121400 0.084700 0.050400 0.084700 0.085100 0.085100 0.159900 0.084700 0.121000 0.032600 0.067500 0.084700 0.084700 0.140500 0.084700 0.067500 0.033100 0.103100 0.160000 0.085100 0.084700 0.121000 0.084700 0.050300 0.122000 0.062600 0.103100 0.121600 0.085400 0.085300 0.084700 0.102800 0.000000 0.066900 0.140400 0.067600 0.033100 0.084700 0.084700 0.140600 0.084700 0.084100 0.032500 0.084700 0.084700
WhiteLippe 0.066600 0.322700 0.066600 0.275800 0.066600 0.066900 0.084400 0.102100 0.066600 0.033100 0.066600 0.067000 0.066900 0.139500 0.066600 0.101700 0.085300 0.084600 0.066600 0.066600 0.120900 0.066600 0.016300 0.049800 0.084600 0.139500 0.066900 0.066600 0.101700 0.066600 0.032000 0.102700 0.086400 0.084400 0.102400 0.067100 0.067100 0.066600 0.084100 0.066900 0.000000 0.120400 0.049900 0.049700 0.066600 0.066600 0.120900 0.066600 0.066100 0.032500 0.066600 0.066600
ThomsonGaz 0.049200 0.394200 0.049200 0.342100 0.049200 0.049400 0.066400 0.049300 0.049200 0.120500 0.049200 0.049400 0.049400 0.120200 0.049200 0.016100 0.140100 0.139000 0.049200 0.046300 0.066500 0.049200 0.101900 0.102300 0.066500 0.015900 0.049400 0.049200 0.015600 0.048400 0.120400 0.084100 0.122200 0.066500 0.084000 0.049600 0.049500 0.049200 0.032500 0.140400 0.120400 0.000000 0.138800 0.102000 0.049200 0.049200 0.032200 0.049200 0.048800 0.120600 0.048900 0.049200
MuntiacusC 0.084000 0.251000 0.084000 0.208300 0.084000 0.084200 0.102100 0.120000 0.084000 0.016400 0.084000 0.084400 0.084400 0.158300 0.084000 0.119600 0.067400 0.032800 0.084000 0.084000 0.139300 0.084000 0.032900 0.031500 0.102300 0.158300 0.084400 0.084000 0.119600 0.084000 0.015900 0.121000 0.068300 0.066700 0.084200 0.084600 0.084500 0.084000 0.101700 0.067600 0.049900 0.138800 0.000000 0.032900 0.084000 0.084000 0.139300 0.084000 0.083300 0.049900 0.084000 0.084000
WhiteTaile 0.049400 0.251200 0.049400 0.208300 0.049200 0.049500 0.066700 0.084000 0.049400 0.016300 0.049400 0.049600 0.049600 0.120500 0.049400 0.083700 0.033000 0.032800 0.049400 0.049400 0.102300 0.049400 0.032900 0.000000 0.066800 0.120500 0.049600 0.049400 0.083700 0.049400 0.016300 0.084600 0.033500 0.066700 0.084200 0.049700 0.049700 0.049400 0.066500 0.033100 0.049700 0.102000 0.032900 0.000000 0.049100 0.049400 0.102300 0.049400 0.049000 0.015900 0.049400 0.049400
Cattle 0.000000 0.317900 0.000000 0.271200 0.000000 0.000100 0.016100 0.032500 0.000000 0.066700 0.000000 0.000100 0.000100 0.066400 0.000000 0.032400 0.084600 0.084000 0.000000 0.000000 0.049400 0.000000 0.049400 0.049400 0.015600 0.066400 0.000100 0.000000 0.032400 0.000000 0.066700 0.032600 0.085500 0.016100 0.032500 0.000100 0.000100 0.000000 0.016100 0.084700 0.066600 0.049200 0.084000 0.049100 0.000000 0.000000 0.049300 0.000000 0.000100 0.066600 0.000000 0.000000
RoyalAntel 0.000000 0.317900 0.000000 0.271200 0.000000 0.000100 0.016100 0.032500 0.000000 0.066700 0.000000 0.000100 0.000100 0.066400 0.000000 0.032400 0.084600 0.084000 0.000000 0.000000 0.049300 0.000000 0.049400 0.049400 0.015700 0.066400 0.000100 0.000000 0.032400 0.000000 0.066700 0.032600 0.085500 0.016100 0.032500 0.000100 0.000100 0.000000 0.016100 0.084700 0.066600 0.049200 0.084000 0.049400 0.000000 0.000000 0.049300 0.000000 0.000100 0.066600 0.000000 0.000000
Steenbok 0.049300 0.396500 0.049300 0.346500 0.049300 0.049300 0.066500 0.049200 0.049300 0.120600 0.049300 0.049300 0.049300 0.120300 0.049300 0.049200 0.140400 0.139300 0.049300 0.049300 0.066600 0.049300 0.102300 0.102300 0.066700 0.048800 0.049300 0.049300 0.049200 0.049300 0.120900 0.084300 0.122700 0.066300 0.084100 0.049500 0.049400 0.049300 0.032400 0.140600 0.120900 0.032200 0.139300 0.102300 0.049300 0.049300 0.000000 0.049300 0.048700 0.120800 0.049300 0.049300
Impala 0.000000 0.317900 0.000000 0.271200 0.000000 0.000100 0.016100 0.032500 0.000000 0.066700 0.000000 0.000100 0.000100 0.066400 0.000000 0.030800 0.084600 0.084000 0.000000 0.000000 0.049300 0.000000 0.049400 0.049400 0.015600 0.066400 0.000100 0.000000 0.032400 0.000000 0.066700 0.032600 0.085500 0.016100 0.032500 0.000100 0.000100 0.000000 0.016100 0.084700 0.066600 0.049200 0.084000 0.049400 0.000000 0.000000 0.049300 0.000000 0.000100 0.066600 0.000000 0.000000
Klipspring 0.000100 0.313600 0.000100 0.269000 0.000100 0.000100 0.016000 0.032100 0.000100 0.066000 0.000100 0.000100 0.000100 0.065900 0.000100 0.032100 0.084000 0.083300 0.000100 0.000100 0.048900 0.000100 0.049000 0.049000 0.016000 0.065800 0.000100 0.000100 0.032100 0.000100 0.066200 0.032300 0.084900 0.015900 0.032300 0.000100 0.000100 0.000100 0.015900 0.084100 0.066100 0.048800 0.083300 0.049000 0.000100 0.000100 0.048700 0.000100 0.000000 0.066100 0.000100 0.000100
ForestMusk 0.066600 0.274500 0.066600 0.230100 0.066600 0.066800 0.084400 0.102100 0.066600 0.033000 0.066600 0.066900 0.066900 0.139500 0.066600 0.101800 0.050100 0.049800 0.066600 0.066600 0.120800 0.066600 0.049800 0.015700 0.084500 0.139500 0.066900 0.066600 0.101800 0.066600 0.033000 0.102400 0.050700 0.084400 0.102300 0.067100 0.067100 0.066600 0.084100 0.032500 0.032500 0.120600 0.049900 0.015900 0.066600 0.066600 0.120800 0.066600 0.066100 0.000000 0.066600 0.066600
Bushbuck 0.000000 0.317900 0.000000 0.271200 0.000000 0.000100 0.015600 0.032500 0.000000 0.066700 0.000000 0.000100 0.000100 0.066400 0.000000 0.032400 0.084600 0.084000 0.000000 0.000000 0.049300 0.000000 0.049400 0.048300 0.015700 0.066400 0.000100 0.000000 0.030900 0.000000 0.066700 0.032600 0.085500 0.016100 0.031000 0.000100 0.000100 0.000000 0.016100 0.084700 0.066600 0.048900 0.084000 0.049400 0.000000 0.000000 0.049300 0.000000 0.000100 0.066600 0.000000 0.000000
GreaterKud 0.000000 0.317900 0.000000 0.271200 0.000000 0.000100 0.015600 0.032500 0.000000 0.066700 0.000000 0.000100 0.000100 0.066400 0.000000 0.032400 0.084600 0.084000 0.000000 0.000000 0.049300 0.000000 0.049400 0.049400 0.016100 0.066400 0.000100 0.000000 0.032400 0.000000 0.066700 0.032600 0.085500 0.016100 0.032500 0.000100 0.000100 0.000000 0.016100 0.084700 0.066600 0.049200 0.084000 0.049400 0.000000 0.000000 0.049300 0.000000 0.000100 0.066600 0.000000 0.000000
