1
52 1
Argali 0.000000 0.166700 0.014800 0.142800 0.029600 0.000000 0.045200 0.045100 0.014800 0.076600 0.000000 0.014800 0.014900 0.045100 0.045700 0.000000 0.000200 0.030100 0.014700 0.029700 0.000100 0.000000 0.060500 0.029800 0.000000 0.062300 0.030100 0.014800 0.014900 0.014800 0.077700 0.045500 0.093200 0.014800 0.014700 0.014700 0.014800 0.014700 0.029800 0.039200 0.030200 0.046000 0.060900 0.060500 0.029200 0.014800 0.030000 0.045200 0.000200 0.044600 0.014800 0.000200
LesserMous 0.166700 0.000000 0.184700 0.153800 0.202400 0.166700 0.224100 0.218000 0.184700 0.224900 0.166700 0.184700 0.150000 0.223300 0.168900 0.166600 0.162800 0.205600 0.183600 0.202300 0.167400 0.166600 0.204600 0.167100 0.166700 0.250400 0.168900 0.184700 0.150000 0.184700 0.206100 0.187600 0.245700 0.185900 0.184200 0.184100 0.184900 0.184400 0.202800 0.171700 0.169600 0.228000 0.206000 0.204000 0.200400 0.184700 0.167000 0.220600 0.169100 0.183700 0.184700 0.167000
LesserKudu 0.014800 0.184700 0.000000 0.161500 0.044800 0.014800 0.060800 0.060700 0.000000 0.076600 0.014800 0.029800 0.029900 0.060600 0.061400 0.014800 0.015000 0.045500 0.029700 0.014700 0.014900 0.014800 0.076100 0.045100 0.014800 0.078500 0.045400 0.000000 0.030000 0.000000 0.077700 0.061100 0.093200 0.029900 0.029700 0.029700 0.029800 0.029700 0.045000 0.056500 0.045600 0.061800 0.060900 0.076200 0.044400 0.029800 0.045500 0.060700 0.015000 0.060000 0.000000 0.014800
KillerWhal 0.142800 0.153800 0.161500 0.000000 0.158700 0.142800 0.201600 0.147100 0.161500 0.201200 0.142800 0.162000 0.125200 0.200100 0.105400 0.143600 0.130700 0.180700 0.161200 0.179600 0.143400 0.143600 0.181800 0.143200 0.142800 0.226800 0.144800 0.161500 0.125000 0.161500 0.185000 0.163700 0.223400 0.162600 0.160900 0.177400 0.160700 0.140500 0.179300 0.143600 0.146800 0.204300 0.182900 0.180700 0.192200 0.164000 0.182600 0.183500 0.145900 0.122700 0.161500 0.143200
DefassaWat 0.029600 0.202400 0.044800 0.158700 0.000000 0.029600 0.076100 0.075800 0.044800 0.108100 0.029600 0.044700 0.044900 0.075900 0.076600 0.029600 0.029900 0.060600 0.044500 0.059900 0.029700 0.029600 0.086700 0.060100 0.029600 0.094200 0.060600 0.044800 0.045100 0.044800 0.109800 0.076400 0.125300 0.044900 0.044600 0.044600 0.044700 0.014600 0.060000 0.070900 0.060800 0.077200 0.092100 0.091500 0.059200 0.044700 0.060700 0.075900 0.030000 0.075000 0.044800 0.029700
Sheep 0.000000 0.166700 0.014800 0.142800 0.029600 0.000000 0.045200 0.045100 0.014800 0.076600 0.000000 0.014800 0.014900 0.045100 0.045700 0.000000 0.000200 0.030100 0.014700 0.029700 0.000100 0.000000 0.060500 0.029800 0.000000 0.062300 0.030100 0.014800 0.014900 0.014800 0.077700 0.045500 0.093200 0.014800 0.014700 0.014700 0.014800 0.014700 0.029800 0.039200 0.030200 0.046000 0.060900 0.060500 0.029200 0.014800 0.030000 0.045200 0.000200 0.044600 0.014800 0.000200
MaxwellsDu 0.045200 0.224100 0.060800 0.201600 0.076100 0.045200 0.000000 0.092900 0.060800 0.126100 0.045200 0.060600 0.061100 0.029700 0.094000 0.045000 0.045800 0.077300 0.060200 0.076300 0.045400 0.045000 0.108800 0.076600 0.045200 0.112200 0.077300 0.060800 0.061300 0.060800 0.128000 0.030000 0.143900 0.061000 0.060600 0.060500 0.060800 0.060500 0.076400 0.092100 0.077500 0.094500 0.109500 0.108800 0.075400 0.060800 0.077200 0.093000 0.045800 0.091700 0.060800 0.045400
GazellaPrz 0.045100 0.218000 0.060700 0.147100 0.075800 0.045100 0.092900 0.000000 0.060700 0.125900 0.045100 0.060500 0.061000 0.092400 0.093800 0.045100 0.045700 0.077300 0.060300 0.076200 0.045300 0.045100 0.108500 0.076400 0.045100 0.078800 0.077100 0.060700 0.061100 0.060700 0.123500 0.093300 0.110000 0.060900 0.060500 0.060400 0.060700 0.060300 0.076300 0.074700 0.077300 0.061900 0.109200 0.076400 0.075200 0.060700 0.077000 0.086500 0.045700 0.060200 0.060700 0.045300
MountainNy 0.014800 0.184700 0.000000 0.161500 0.044800 0.014800 0.060800 0.060700 0.000000 0.076600 0.014800 0.029800 0.029900 0.060600 0.061400 0.014800 0.015000 0.045500 0.029700 0.014300 0.014900 0.014800 0.076100 0.045100 0.014800 0.078500 0.045400 0.000000 0.030000 0.000000 0.077700 0.061100 0.093200 0.029900 0.029700 0.029700 0.029800 0.029700 0.045000 0.056500 0.045600 0.061800 0.060900 0.076200 0.044400 0.029800 0.045500 0.060700 0.015000 0.060000 0.000000 0.014800
MuntiacusM 0.076600 0.224900 0.076600 0.201200 0.108100 0.076600 0.126100 0.125900 0.076600 0.000000 0.076600 0.060600 0.061200 0.125600 0.110400 0.076500 0.077500 0.110000 0.092000 0.092300 0.076900 0.076500 0.076800 0.076800 0.076600 0.146600 0.077400 0.076600 0.061400 0.076600 0.030100 0.093800 0.125700 0.093000 0.092300 0.092200 0.092700 0.092200 0.108800 0.056800 0.045900 0.128100 0.014800 0.109200 0.107200 0.060900 0.109800 0.125800 0.077700 0.091900 0.076600 0.076900
goat 0.000000 0.166700 0.014800 0.142800 0.029600 0.000000 0.045200 0.045100 0.014800 0.076600 0.000000 0.014800 0.014900 0.045100 0.045700 0.000000 0.000200 0.030100 0.014700 0.029700 0.000100 0.000000 0.060500 0.029800 0.000000 0.062300 0.030100 0.014800 0.014900 0.014800 0.077700 0.045500 0.093200 0.014800 0.014700 0.014700 0.014800 0.014700 0.029800 0.039200 0.030200 0.046000 0.060900 0.060500 0.029200 0.014800 0.030000 0.045200 0.000200 0.044600 0.014800 0.000200
AfricanBuf 0.014800 0.184700 0.029800 0.162000 0.044700 0.014800 0.060600 0.060500 0.029800 0.060600 0.014800 0.000000 0.029900 0.060400 0.061200 0.014800 0.015000 0.045400 0.029600 0.044800 0.014800 0.014800 0.076000 0.044900 0.014800 0.078300 0.045300 0.029800 0.030000 0.029800 0.061400 0.060900 0.109400 0.029900 0.029600 0.029700 0.029700 0.029600 0.044900 0.057800 0.045500 0.061600 0.045100 0.076000 0.044300 0.029700 0.045300 0.060600 0.015000 0.059900 0.029800 0.014800
Topi 0.014900 0.150000 0.029900 0.125200 0.044900 0.014900 0.061100 0.061000 0.029900 0.061200 0.014900 0.029900 0.000000 0.060900 0.045900 0.014900 0.015000 0.045700 0.029800 0.045100 0.014900 0.014900 0.045300 0.014800 0.014900 0.078900 0.014500 0.029900 0.000100 0.029900 0.062100 0.030300 0.077500 0.030000 0.029800 0.029800 0.029900 0.029800 0.045200 0.021200 0.015100 0.062100 0.045600 0.045300 0.044500 0.029900 0.045600 0.061000 0.015000 0.029700 0.029900 0.014900
CommonDuik 0.045100 0.223300 0.060600 0.200100 0.075900 0.045100 0.029700 0.092400 0.060600 0.125600 0.045100 0.060400 0.060900 0.000000 0.093400 0.045100 0.045600 0.077000 0.060200 0.075900 0.045300 0.045100 0.108600 0.076400 0.045100 0.111700 0.077000 0.060600 0.061100 0.060600 0.127600 0.029900 0.143200 0.060900 0.060300 0.060300 0.029900 0.060400 0.076100 0.090400 0.077300 0.094200 0.109200 0.108500 0.075100 0.060500 0.077000 0.092600 0.045700 0.091300 0.060600 0.045200
Suni 0.045700 0.168900 0.061400 0.105400 0.076600 0.045700 0.094000 0.093800 0.061400 0.110400 0.045700 0.061200 0.045900 0.093400 0.000000 0.045600 0.046200 0.078100 0.060900 0.077100 0.045800 0.045600 0.093200 0.061200 0.045700 0.113400 0.061800 0.061400 0.046000 0.061400 0.111700 0.078000 0.128000 0.061600 0.061200 0.061100 0.061200 0.061000 0.077200 0.073400 0.062100 0.095400 0.093800 0.093200 0.076000 0.061400 0.077800 0.089600 0.046300 0.045000 0.061400 0.045800
Springbuck 0.000000 0.166600 0.014800 0.143600 0.029600 0.000000 0.045000 0.045100 0.014800 0.076500 0.000000 0.014800 0.014900 0.045100 0.045600 0.000000 0.000200 0.030100 0.014600 0.029700 0.000000 0.000000 0.060400 0.029800 0.000000 0.062200 0.030000 0.014800 0.014900 0.014800 0.077600 0.045400 0.093100 0.014800 0.014700 0.014700 0.014800 0.014700 0.029700 0.040700 0.030100 0.045900 0.060800 0.060400 0.029300 0.014800 0.030000 0.045100 0.000100 0.044600 0.014800 0.000100
Okapi 0.000200 0.162800 0.015000 0.130700 0.029900 0.000200 0.045800 0.045700 0.015000 0.077500 0.000200 0.015000 0.015000 0.045600 0.046200 0.000200 0.000000 0.030400 0.014800 0.030100 0.000200 0.000200 0.061100 0.030100 0.000200 0.063000 0.030300 0.015000 0.015000 0.015000 0.071800 0.046000 0.094300 0.014900 0.014900 0.014900 0.014800 0.014700 0.030000 0.038500 0.030500 0.046500 0.061600 0.061100 0.029500 0.014900 0.030400 0.034800 0.000200 0.045200 0.015000 0.000200
Giraffe 0.030100 0.205600 0.045500 0.180700 0.060600 0.030100 0.077300 0.077300 0.045500 0.110000 0.030100 0.045400 0.045700 0.077000 0.078100 0.030100 0.030400 0.000000 0.045200 0.061000 0.030200 0.030100 0.092800 0.061000 0.030100 0.095700 0.061600 0.045500 0.045800 0.045500 0.111600 0.077700 0.127700 0.045600 0.045300 0.045300 0.045500 0.045200 0.061000 0.072600 0.061800 0.078400 0.093600 0.093000 0.060000 0.045500 0.061600 0.077200 0.030400 0.076300 0.045500 0.030200
TibetanAnt 0.014700 0.183600 0.029700 0.161200 0.044500 0.014700 0.060200 0.060300 0.029700 0.092000 0.014700 0.029600 0.029800 0.060200 0.060900 0.014600 0.014800 0.045200 0.000000 0.044700 0.014800 0.014600 0.075600 0.044700 0.014700 0.077900 0.045200 0.029700 0.029900 0.029700 0.093300 0.060700 0.108800 0.029800 0.029500 0.029500 0.029600 0.029500 0.044700 0.057500 0.045300 0.061300 0.076100 0.075700 0.044100 0.029600 0.045100 0.060300 0.014900 0.059600 0.029700 0.014700
Sitatunga 0.029700 0.202300 0.014700 0.179600 0.059900 0.029700 0.076300 0.076200 0.014300 0.092300 0.029700 0.044800 0.045100 0.075900 0.077100 0.029700 0.030100 0.061000 0.044700 0.000000 0.029800 0.029700 0.091700 0.060300 0.029700 0.094600 0.060800 0.014700 0.045200 0.014700 0.093600 0.076600 0.109300 0.045100 0.044700 0.044700 0.044800 0.044600 0.060200 0.073300 0.061000 0.077500 0.076400 0.091700 0.059400 0.044900 0.060800 0.076300 0.030100 0.075400 0.014700 0.029700
Oribi 0.000100 0.167400 0.014900 0.143400 0.029700 0.000100 0.045400 0.045300 0.014900 0.076900 0.000100 0.014800 0.014900 0.045300 0.045800 0.000000 0.000200 0.030200 0.014800 0.029800 0.000000 0.000000 0.060700 0.029900 0.000100 0.062500 0.030200 0.014900 0.015000 0.014900 0.078000 0.045700 0.093500 0.014900 0.014800 0.014800 0.014800 0.014700 0.029900 0.039300 0.030300 0.046100 0.061100 0.060700 0.029300 0.014800 0.030200 0.045300 0.000200 0.044800 0.014900 0.000200
BarbaryShe 0.000000 0.166600 0.014800 0.143600 0.029600 0.000000 0.045000 0.045100 0.014800 0.076500 0.000000 0.014800 0.014900 0.045100 0.045600 0.000000 0.000200 0.030100 0.014600 0.029700 0.000000 0.000000 0.060400 0.029800 0.000000 0.062200 0.030000 0.014800 0.014900 0.014800 0.077600 0.045400 0.093100 0.014800 0.014700 0.014700 0.014800 0.014700 0.029700 0.040700 0.030100 0.045900 0.060800 0.060400 0.029300 0.014800 0.030000 0.045100 0.000100 0.044600 0.014800 0.000100
Daviddeer 0.060500 0.204600 0.076100 0.181800 0.086700 0.060500 0.108800 0.108500 0.076100 0.076800 0.060500 0.076000 0.045300 0.108600 0.093200 0.060400 0.061100 0.092800 0.075600 0.091700 0.060700 0.060400 0.000000 0.029900 0.060500 0.128500 0.061100 0.076100 0.045400 0.076100 0.078000 0.077100 0.126300 0.076500 0.075800 0.075700 0.076100 0.070400 0.091900 0.040700 0.030300 0.110600 0.061000 0.060700 0.090600 0.076100 0.092800 0.108600 0.061300 0.075500 0.076100 0.060700
Reindeer 0.029800 0.167100 0.045100 0.143200 0.060100 0.029800 0.076600 0.076400 0.045100 0.076800 0.029800 0.044900 0.014800 0.076400 0.061200 0.029800 0.030100 0.061000 0.044700 0.060300 0.029900 0.029800 0.029900 0.000000 0.029800 0.095000 0.030100 0.045100 0.014900 0.045100 0.078000 0.045600 0.093300 0.045200 0.044800 0.044800 0.045000 0.044800 0.060400 0.039100 0.030200 0.077800 0.061000 0.029800 0.059500 0.045000 0.061000 0.076500 0.030200 0.044700 0.045100 0.029900
Ibex 0.000000 0.166700 0.014800 0.142800 0.029600 0.000000 0.045200 0.045100 0.014800 0.076600 0.000000 0.014800 0.014900 0.045100 0.045700 0.000000 0.000200 0.030100 0.014700 0.029700 0.000100 0.000000 0.060500 0.029800 0.000000 0.062300 0.030100 0.014800 0.014900 0.014800 0.077700 0.045500 0.093200 0.014800 0.014700 0.014700 0.014800 0.014700 0.029800 0.039200 0.030200 0.046000 0.060900 0.060500 0.029200 0.014800 0.030000 0.045200 0.000200 0.044600 0.014800 0.000200
GyrantGaze 0.062300 0.250400 0.078500 0.226800 0.094200 0.062300 0.112200 0.078800 0.078500 0.146600 0.062300 0.078300 0.078900 0.111700 0.113400 0.062200 0.063000 0.095700 0.077900 0.094600 0.062500 0.062200 0.128500 0.095000 0.062300 0.000000 0.095900 0.078500 0.079200 0.078500 0.148900 0.112900 0.165400 0.078900 0.078200 0.046000 0.078500 0.078100 0.094700 0.111300 0.096200 0.015000 0.129300 0.128500 0.061000 0.078500 0.095600 0.112200 0.063200 0.110500 0.078500 0.062500
Hartebeest 0.030100 0.168900 0.045400 0.144800 0.060600 0.030100 0.077300 0.077100 0.045400 0.077400 0.030100 0.045300 0.014500 0.077000 0.061800 0.030000 0.030300 0.061600 0.045200 0.060800 0.030200 0.030000 0.061100 0.030100 0.030100 0.095900 0.000000 0.045400 0.015000 0.045400 0.078600 0.046000 0.077200 0.014500 0.045300 0.045300 0.045400 0.045200 0.061000 0.039600 0.030500 0.078600 0.061500 0.061100 0.060100 0.045400 0.061600 0.077200 0.030400 0.045100 0.045400 0.030100
Bongo 0.014800 0.184700 0.000000 0.161500 0.044800 0.014800 0.060800 0.060700 0.000000 0.076600 0.014800 0.029800 0.029900 0.060600 0.061400 0.014800 0.015000 0.045500 0.029700 0.014700 0.014900 0.014800 0.076100 0.045100 0.014800 0.078500 0.045400 0.000000 0.030000 0.000000 0.077700 0.061100 0.093200 0.029900 0.029700 0.029700 0.029800 0.029700 0.045000 0.056500 0.045600 0.061800 0.060900 0.076200 0.044400 0.029800 0.045500 0.060700 0.015000 0.060000 0.000000 0.014400
Gerenuk 0.014900 0.150000 0.030000 0.125000 0.045100 0.014900 0.061300 0.061100 0.030000 0.061400 0.014900 0.030000 0.000100 0.061100 0.046000 0.014900 0.015000 0.045800 0.029900 0.045200 0.015000 0.014900 0.045400 0.014900 0.014900 0.079200 0.015000 0.030000 0.000000 0.030000 0.062300 0.030400 0.077800 0.030200 0.029900 0.029900 0.030000 0.029900 0.045300 0.021200 0.015100 0.062300 0.045700 0.045400 0.044600 0.030000 0.045800 0.061200 0.015000 0.029800 0.030000 0.014900
CommonElan 0.014800 0.184700 0.000000 0.161500 0.044800 0.014800 0.060800 0.060700 0.000000 0.076600 0.014800 0.029800 0.029900 0.060600 0.061400 0.014800 0.015000 0.045500 0.029700 0.014700 0.014900 0.014800 0.076100 0.045100 0.014800 0.078500 0.045400 0.000000 0.030000 0.000000 0.077700 0.061100 0.093200 0.029900 0.029700 0.029700 0.029800 0.029700 0.045000 0.056500 0.045600 0.061800 0.060900 0.076200 0.044400 0.029800 0.045500 0.060700 0.015000 0.060000 0.000000 0.014800
MuntiacusR 0.077700 0.206100 0.077700 0.185000 0.109800 0.077700 0.128000 0.123500 0.077700 0.030100 0.077700 0.061400 0.062100 0.127600 0.111700 0.077600 0.071800 0.111600 0.093300 0.093600 0.078000 0.077600 0.078000 0.078000 0.077700 0.148900 0.078600 0.077700 0.062300 0.077700 0.000000 0.095200 0.127400 0.094400 0.093600 0.093500 0.094000 0.093600 0.110400 0.059100 0.046600 0.130100 0.014600 0.110800 0.108800 0.094000 0.111500 0.123200 0.078800 0.093200 0.077700 0.078000
HarveysDui 0.045500 0.187600 0.061100 0.163700 0.076400 0.045500 0.030000 0.093300 0.061100 0.093800 0.045500 0.060900 0.030300 0.029900 0.078000 0.045400 0.046000 0.077700 0.060700 0.076600 0.045700 0.045400 0.077100 0.045600 0.045500 0.112900 0.046000 0.061100 0.030400 0.061100 0.095200 0.000000 0.110800 0.061400 0.060900 0.060800 0.061100 0.060900 0.076800 0.057000 0.046200 0.095100 0.077600 0.077100 0.075700 0.061000 0.077600 0.093500 0.046100 0.060600 0.061100 0.045600
Pronghorn 0.093200 0.245700 0.093200 0.223400 0.125300 0.093200 0.143900 0.110000 0.093200 0.125700 0.093200 0.109400 0.077500 0.143200 0.128000 0.093100 0.094300 0.127700 0.108800 0.109300 0.093500 0.093100 0.126300 0.093300 0.093200 0.165400 0.077200 0.093200 0.077800 0.093200 0.127400 0.110800 0.000000 0.092800 0.109100 0.109100 0.109600 0.109000 0.126000 0.110200 0.094500 0.146200 0.109000 0.093300 0.124300 0.109600 0.127200 0.143700 0.094500 0.076500 0.093200 0.093500
BlueWildeb 0.014800 0.185900 0.029900 0.162600 0.044900 0.014800 0.061000 0.060900 0.029900 0.093000 0.014800 0.029900 0.030000 0.060900 0.061600 0.014800 0.014900 0.045600 0.029800 0.045100 0.014900 0.014800 0.076500 0.045200 0.014800 0.078900 0.014500 0.029900 0.030200 0.029900 0.094400 0.061400 0.092800 0.000000 0.029800 0.029800 0.029900 0.029800 0.045200 0.056800 0.045800 0.062000 0.077000 0.076500 0.044500 0.029900 0.045600 0.060900 0.015000 0.060200 0.029900 0.014800
Gemsbok 0.014700 0.184200 0.029700 0.160900 0.044600 0.014700 0.060600 0.060500 0.029700 0.092300 0.014700 0.029600 0.029800 0.060300 0.061200 0.014700 0.014900 0.045300 0.029500 0.044700 0.014800 0.014700 0.075800 0.044800 0.014700 0.078200 0.045300 0.029700 0.029900 0.029700 0.093600 0.060900 0.109100 0.029800 0.000000 0.029600 0.029700 0.029500 0.044800 0.056500 0.045400 0.061500 0.076300 0.075800 0.044100 0.029700 0.045200 0.060500 0.014900 0.059700 0.029700 0.014700
Yak 0.014700 0.184100 0.029700 0.177400 0.044600 0.014700 0.060500 0.060400 0.029700 0.092200 0.014700 0.029700 0.029800 0.060300 0.061100 0.014700 0.014900 0.045300 0.029500 0.044700 0.014800 0.014700 0.075700 0.044800 0.014700 0.046000 0.045300 0.029700 0.029900 0.029700 0.093500 0.060800 0.109100 0.029800 0.029600 0.000000 0.029700 0.029600 0.044800 0.056400 0.045400 0.030200 0.076300 0.075800 0.014500 0.029700 0.045200 0.060400 0.014900 0.059700 0.029700 0.014800
BlueSheep 0.014800 0.184900 0.029800 0.160700 0.044700 0.014800 0.060800 0.060700 0.029800 0.092700 0.014800 0.029700 0.029900 0.029900 0.061200 0.014800 0.014800 0.045500 0.029600 0.044800 0.014800 0.014800 0.076100 0.045000 0.014800 0.078500 0.045400 0.029800 0.030000 0.029800 0.094000 0.061100 0.109600 0.029900 0.029700 0.029700 0.000000 0.029600 0.044900 0.055200 0.045600 0.061700 0.076600 0.076200 0.044200 0.029700 0.045400 0.060600 0.014900 0.060000 0.029800 0.014700
BohorReedb 0.014700 0.184400 0.029700 0.140500 0.014600 0.014700 0.060500 0.060300 0.029700 0.092200 0.014700 0.029600 0.029800 0.060400 0.061000 0.014700 0.014700 0.045200 0.029500 0.044600 0.014700 0.014700 0.070400 0.044800 0.014700 0.078100 0.045200 0.029700 0.029900 0.029700 0.093600 0.060900 0.109000 0.029800 0.029500 0.029600 0.029600 0.000000 0.044700 0.054000 0.045400 0.061500 0.076300 0.075900 0.044100 0.029600 0.045300 0.060300 0.014800 0.059700 0.029700 0.014700
KirksDik 0.029800 0.202800 0.045000 0.179300 0.060000 0.029800 0.076400 0.076300 0.045000 0.108800 0.029800 0.044900 0.045200 0.076100 0.077200 0.029700 0.030000 0.061000 0.044700 0.060200 0.029900 0.029700 0.091900 0.060400 0.029800 0.094700 0.061000 0.045000 0.045300 0.045000 0.110400 0.076800 0.126000 0.045200 0.044800 0.044800 0.044900 0.044700 0.000000 0.072500 0.061200 0.077600 0.092600 0.091900 0.059400 0.044900 0.060900 0.076300 0.030100 0.075400 0.045000 0.029800
RoeDeer 0.039200 0.171700 0.056500 0.143600 0.070900 0.039200 0.092100 0.074700 0.056500 0.056800 0.039200 0.057800 0.021200 0.090400 0.073400 0.040700 0.038500 0.072600 0.057500 0.073300 0.039300 0.040700 0.040700 0.039100 0.039200 0.111300 0.039600 0.056500 0.021200 0.056500 0.059100 0.057000 0.110200 0.056800 0.056500 0.056400 0.055200 0.054000 0.072500 0.000000 0.000100 0.092600 0.041000 0.073500 0.070500 0.057900 0.074100 0.087800 0.039700 0.056200 0.056500 0.039300
WhiteLippe 0.030200 0.169600 0.045600 0.146800 0.060800 0.030200 0.077500 0.077300 0.045600 0.045900 0.030200 0.045500 0.015100 0.077300 0.062100 0.030100 0.030500 0.061800 0.045300 0.061000 0.030300 0.030100 0.030300 0.030200 0.030200 0.096200 0.030500 0.045600 0.015100 0.045600 0.046600 0.046200 0.094500 0.045800 0.045400 0.045400 0.045600 0.045400 0.061200 0.000100 0.000000 0.078800 0.030400 0.061400 0.060200 0.045600 0.061700 0.077500 0.030600 0.045200 0.045600 0.030300
ThomsonGaz 0.046000 0.228000 0.061800 0.204300 0.077200 0.046000 0.094500 0.061900 0.061800 0.128100 0.046000 0.061600 0.062100 0.094200 0.095400 0.045900 0.046500 0.078400 0.061300 0.077500 0.046100 0.045900 0.110600 0.077800 0.046000 0.015000 0.078600 0.061800 0.062300 0.061800 0.130100 0.095100 0.146200 0.062000 0.061500 0.030200 0.061700 0.061500 0.077600 0.092600 0.078800 0.000000 0.111300 0.110600 0.045000 0.061700 0.078400 0.094500 0.046600 0.093100 0.061800 0.046100
MuntiacusC 0.060900 0.206000 0.060900 0.182900 0.092100 0.060900 0.109500 0.109200 0.060900 0.014800 0.060900 0.045100 0.045600 0.109200 0.093800 0.060800 0.061600 0.093600 0.076100 0.076400 0.061100 0.060800 0.061000 0.061000 0.060900 0.129300 0.061500 0.060900 0.045700 0.060900 0.014600 0.077600 0.109000 0.077000 0.076300 0.076300 0.076600 0.076300 0.092600 0.041000 0.030400 0.111300 0.000000 0.092900 0.091200 0.076700 0.093500 0.109200 0.061700 0.076000 0.060900 0.061100
WhiteTaile 0.060500 0.204000 0.076200 0.180700 0.091500 0.060500 0.108800 0.076400 0.076200 0.109200 0.060500 0.076000 0.045300 0.108500 0.093200 0.060400 0.061100 0.093000 0.075700 0.091700 0.060700 0.060400 0.060700 0.029800 0.060500 0.128500 0.061100 0.076200 0.045400 0.076200 0.110800 0.077100 0.093300 0.076500 0.075800 0.075800 0.076200 0.075900 0.091900 0.073500 0.061400 0.110600 0.092900 0.000000 0.090700 0.076100 0.092900 0.108700 0.061300 0.044700 0.076200 0.060700
Cattle 0.029200 0.200400 0.044400 0.192200 0.059200 0.029200 0.075400 0.075200 0.044400 0.107200 0.029200 0.044300 0.044500 0.075100 0.076000 0.029300 0.029500 0.060000 0.044100 0.059400 0.029300 0.029300 0.090600 0.059500 0.029200 0.061000 0.060100 0.044400 0.044600 0.044400 0.108800 0.075700 0.124300 0.044500 0.044100 0.014500 0.044200 0.044100 0.059400 0.070500 0.060200 0.045000 0.091200 0.090700 0.000000 0.044300 0.060100 0.075000 0.029600 0.074300 0.044400 0.029300
RoyalAntel 0.014800 0.184700 0.029800 0.164000 0.044700 0.014800 0.060800 0.060700 0.029800 0.060900 0.014800 0.029700 0.029900 0.060500 0.061400 0.014800 0.014900 0.045500 0.029600 0.044900 0.014800 0.014800 0.076100 0.045000 0.014800 0.078500 0.045400 0.029800 0.030000 0.029800 0.094000 0.061000 0.109600 0.029900 0.029700 0.029700 0.029700 0.029600 0.044900 0.057900 0.045600 0.061700 0.076700 0.076100 0.044300 0.000000 0.045400 0.060700 0.015000 0.060000 0.029800 0.014800
Steenbok 0.030000 0.167000 0.045500 0.182600 0.060700 0.030000 0.077200 0.077000 0.045500 0.109800 0.030000 0.045300 0.045600 0.077000 0.077800 0.030000 0.030400 0.061600 0.045100 0.060800 0.030200 0.030000 0.092800 0.061000 0.030000 0.095600 0.061600 0.045500 0.045800 0.045500 0.111500 0.077600 0.127200 0.045600 0.045200 0.045200 0.045400 0.045300 0.060900 0.074100 0.061700 0.078400 0.093500 0.092900 0.060100 0.045400 0.000000 0.077100 0.030500 0.076100 0.045500 0.030100
Impala 0.045200 0.220600 0.060700 0.183500 0.075900 0.045200 0.093000 0.086500 0.060700 0.125800 0.045200 0.060600 0.061000 0.092600 0.089600 0.045100 0.034800 0.077200 0.060300 0.076300 0.045300 0.045100 0.108600 0.076500 0.045200 0.112200 0.077200 0.060700 0.061200 0.060700 0.123200 0.093500 0.143700 0.060900 0.060500 0.060400 0.060600 0.060300 0.076300 0.087800 0.077500 0.094500 0.109200 0.108700 0.075000 0.060700 0.077100 0.000000 0.045800 0.091600 0.060700 0.045300
Klipspring 0.000200 0.169100 0.015000 0.145900 0.030000 0.000200 0.045800 0.045700 0.015000 0.077700 0.000200 0.015000 0.015000 0.045700 0.046300 0.000100 0.000200 0.030400 0.014900 0.030100 0.000200 0.000100 0.061300 0.030200 0.000200 0.063200 0.030400 0.015000 0.015000 0.015000 0.078800 0.046100 0.094500 0.015000 0.014900 0.014900 0.014900 0.014800 0.030100 0.039700 0.030600 0.046600 0.061700 0.061300 0.029600 0.015000 0.030500 0.045800 0.000000 0.045300 0.015000 0.000200
ForestMusk 0.044600 0.183700 0.060000 0.122700 0.075000 0.044600 0.091700 0.060200 0.060000 0.091900 0.044600 0.059900 0.029700 0.091300 0.045000 0.044600 0.045200 0.076300 0.059600 0.075400 0.044800 0.044600 0.075500 0.044700 0.044600 0.110500 0.045100 0.060000 0.029800 0.060000 0.093200 0.060600 0.076500 0.060200 0.059700 0.059700 0.060000 0.059700 0.075400 0.056200 0.045200 0.093100 0.076000 0.044700 0.074300 0.060000 0.076100 0.091600 0.045300 0.000000 0.060000 0.044800
Bushbuck 0.014800 0.184700 0.000000 0.161500 0.044800 0.014800 0.060800 0.060700 0.000000 0.076600 0.014800 0.029800 0.029900 0.060600 0.061400 0.014800 0.015000 0.045500 0.029700 0.014700 0.014900 0.014800 0.076100 0.045100 0.014800 0.078500 0.045400 0.000000 0.030000 0.000000 0.077700 0.061100 0.093200 0.029900 0.029700 0.029700 0.029800 0.029700 0.045000 0.056500 0.045600 0.061800 0.060900 0.076200 0.044400 0.029800 0.045500 0.060700 0.015000 0.060000 0.000000 0.014400
GreaterKud 0.000200 0.167000 0.014800 0.143200 0.029700 0.000200 0.045400 0.045300 0.014800 0.076900 0.000200 0.014800 0.014900 0.045200 0.045800 0.000100 0.000200 0.030200 0.014700 0.029700 0.000200 0.000100 0.060700 0.029900 0.000200 0.062500 0.030100 0.014400 0.014900 0.014800 0.078000 0.045600 0.093500 0.014800 0.014700 0.014800 0.014700 0.014700 0.029800 0.039300 0.030300 0.046100 0.061100 0.060700 0.029300 0.014800 0.030100 0.045300 0.000200 0.044800 0.014400 0.000000
