CODONML (in paml version 4.10.7, June 2023)  /home/rachel/ruminants_paml/6406-phy-tree/ENSBTAT00000049233.fasta.phy
Model: free dN/dS Ratios for branches,  kappa = 2.000 fixed

Codon frequency model: F3x4
ns =  54  ls =  67

Codon usage in sequences
--------------------------------------------------------------------------------------------------------------------------------------
Phe TTT   4   4   4   4   4   3 | Ser TCT   0   0   0   0   0   1 | Tyr TAT   1   1   1   1   1   1 | Cys TGT   0   0   0   0   1   0
    TTC   0   0   0   0   0   0 |     TCC   1   0   1   1   1   1 |     TAC   2   3   2   2   1   2 |     TGC   0   0   0   0   0   0
Leu TTA   0   0   0   0   0   1 |     TCA   2   1   2   2   2   2 | *** TAA   0   0   0   0   0   0 | *** TGA   0   0   0   0   0   0
    TTG   2   2   2   2   2   1 |     TCG   0   1   0   0   0   0 |     TAG   0   0   0   0   0   0 | Trp TGG   1   1   1   1   1   1
--------------------------------------------------------------------------------------------------------------------------------------
Leu CTT   1   2   1   1   2   2 | Pro CCT   2   2   2   2   2   2 | His CAT   0   0   0   0   0   0 | Arg CGT   0   0   0   0   0   0
    CTC   1   0   1   1   0   0 |     CCC   0   0   0   0   0   0 |     CAC   0   0   0   0   0   0 |     CGC   1   1   1   1   1   1
    CTA   1   2   1   1   1   2 |     CCA   0   0   0   0   0   0 | Gln CAA   1   1   1   1   1   4 |     CGA   1   1   0   1   1   0
    CTG   1   0   1   1   1   0 |     CCG   0   0   0   0   0   0 |     CAG   2   2   2   2   2   0 |     CGG   0   0   0   0   0   0
--------------------------------------------------------------------------------------------------------------------------------------
Ile ATT   3   3   3   2   2   3 | Thr ACT   2   2   2   2   3   1 | Asn AAT   0   1   0   0   0   0 | Ser AGT   3   2   2   3   3   4
    ATC   2   2   2   3   3   2 |     ACC   0   0   0   0   0   1 |     AAC   0   0   0   0   0   0 |     AGC   1   1   2   1   1   0
    ATA   2   2   1   1   1   1 |     ACA   1   1   1   1   0   2 | Lys AAA   3   3   3   3   3   3 | Arg AGA   1   1   2   1   2   1
Met ATG   1   1   1   1   1   1 |     ACG   0   0   0   0   0   0 |     AAG   2   2   2   2   2   2 |     AGG   1   1   1   1   0   1
--------------------------------------------------------------------------------------------------------------------------------------
Val GTT   0   0   0   0   0   0 | Ala GCT   2   1   2   2   2   2 | Asp GAT   0   0   0   0   0   0 | Gly GGT   3   3   3   3   4   3
    GTC   0   0   0   0   0   0 |     GCC   0   1   0   0   0   0 |     GAC   0   0   0   0   0   0 |     GGC   1   0   1   1   0   0
    GTA   1   1   2   2   3   2 |     GCA   5   6   5   5   6   5 | Glu GAA   3   3   3   2   3   3 |     GGA   3   4   3   3   4   5
    GTG   1   1   1   1   0   1 |     GCG   1   0   1   1   0   0 |     GAG   0   0   0   1   0   0 |     GGG   1   1   1   1   0   0
--------------------------------------------------------------------------------------------------------------------------------------

--------------------------------------------------------------------------------------------------------------------------------------
Phe TTT   4   4   4   4   4   4 | Ser TCT   0   0   0   0   0   0 | Tyr TAT   2   1   1   1   1   0 | Cys TGT   0   0   0   0   0   0
    TTC   0   0   0   0   0   0 |     TCC   1   1   1   1   1   1 |     TAC   1   2   2   2   2   3 |     TGC   0   0   0   0   0   0
Leu TTA   0   0   0   0   0   0 |     TCA   2   2   2   2   2   2 | *** TAA   0   0   0   0   0   0 | *** TGA   0   0   0   0   0   0
    TTG   2   2   2   2   2   2 |     TCG   0   0   0   0   0   0 |     TAG   0   0   0   0   0   0 | Trp TGG   1   1   1   1   1   1
--------------------------------------------------------------------------------------------------------------------------------------
Leu CTT   1   1   1   1   1   1 | Pro CCT   2   2   2   2   2   2 | His CAT   0   0   0   0   0   0 | Arg CGT   0   0   0   0   0   0
    CTC   1   1   1   1   1   1 |     CCC   0   0   0   0   0   0 |     CAC   0   0   0   0   0   0 |     CGC   1   1   1   1   1   1
    CTA   1   1   1   1   1   1 |     CCA   0   0   0   0   0   0 | Gln CAA   1   1   1   1   1   1 |     CGA   1   1   1   1   0   1
    CTG   1   1   1   1   1   1 |     CCG   0   0   0   0   0   0 |     CAG   2   2   2   2   2   2 |     CGG   0   0   0   0   0   0
--------------------------------------------------------------------------------------------------------------------------------------
Ile ATT   3   3   3   3   3   3 | Thr ACT   2   2   2   2   2   2 | Asn AAT   0   0   0   0   0   0 | Ser AGT   3   3   3   3   2   3
    ATC   2   2   2   2   2   2 |     ACC   0   0   0   0   0   0 |     AAC   0   0   0   0   0   0 |     AGC   1   1   1   1   2   1
    ATA   2   2   2   2   1   1 |     ACA   1   1   1   1   1   1 | Lys AAA   3   3   3   3   3   2 | Arg AGA   1   1   1   1   2   2
Met ATG   1   1   1   1   1   1 |     ACG   0   0   0   0   0   0 |     AAG   2   2   2   2   2   2 |     AGG   1   1   1   1   1   1
--------------------------------------------------------------------------------------------------------------------------------------
Val GTT   0   0   0   0   0   0 | Ala GCT   2   2   2   2   2   2 | Asp GAT   0   0   0   0   0   0 | Gly GGT   3   3   3   3   3   3
    GTC   0   0   0   0   0   0 |     GCC   0   0   1   0   0   0 |     GAC   0   0   0   0   0   0 |     GGC   1   1   1   2   1   1
    GTA   1   1   1   1   2   2 |     GCA   5   5   4   5   5   4 | Glu GAA   3   3   3   3   3   3 |     GGA   3   3   3   3   3   3
    GTG   1   1   1   1   1   1 |     GCG   1   1   1   1   1   2 |     GAG   0   0   0   0   0   0 |     GGG   1   1   1   0   1   1
--------------------------------------------------------------------------------------------------------------------------------------

--------------------------------------------------------------------------------------------------------------------------------------
Phe TTT   3   4   4   4   4   4 | Ser TCT   0   0   0   0   0   0 | Tyr TAT   1   1   1   1   1   2 | Cys TGT   0   0   0   0   0   0
    TTC   1   0   0   0   0   0 |     TCC   1   1   1   1   1   1 |     TAC   2   2   2   2   2   1 |     TGC   0   0   0   0   0   0
Leu TTA   0   0   0   0   0   0 |     TCA   2   2   2   2   2   2 | *** TAA   0   0   0   0   0   0 | *** TGA   0   0   0   0   0   0
    TTG   2   2   2   2   2   2 |     TCG   0   0   0   0   0   0 |     TAG   0   0   0   0   0   0 | Trp TGG   1   1   1   1   1   1
--------------------------------------------------------------------------------------------------------------------------------------
Leu CTT   1   1   1   1   1   1 | Pro CCT   2   2   2   2   2   2 | His CAT   0   0   0   0   0   0 | Arg CGT   0   0   0   0   0   0
    CTC   1   1   1   1   1   1 |     CCC   0   0   0   0   0   0 |     CAC   0   0   0   0   0   0 |     CGC   1   1   1   1   1   1
    CTA   1   1   1   1   1   1 |     CCA   0   0   0   0   0   0 | Gln CAA   1   1   1   1   1   1 |     CGA   1   1   1   1   1   1
    CTG   1   1   1   1   1   1 |     CCG   0   0   0   0   0   0 |     CAG   2   2   2   2   2   2 |     CGG   0   0   0   0   0   0
--------------------------------------------------------------------------------------------------------------------------------------
Ile ATT   3   3   3   3   3   3 | Thr ACT   2   2   1   2   2   2 | Asn AAT   0   0   0   0   0   0 | Ser AGT   3   3   3   3   3   3
    ATC   2   2   2   2   2   2 |     ACC   0   0   0   0   0   0 |     AAC   0   0   0   0   0   0 |     AGC   1   1   1   1   1   1
    ATA   2   1   2   2   2   2 |     ACA   1   1   1   1   1   1 | Lys AAA   3   3   3   3   3   3 | Arg AGA   1   1   1   1   1   1
Met ATG   1   1   1   1   1   1 |     ACG   0   0   1   0   0   0 |     AAG   2   2   2   2   2   2 |     AGG   1   1   1   1   1   1
--------------------------------------------------------------------------------------------------------------------------------------
Val GTT   0   0   0   0   0   0 | Ala GCT   2   2   2   2   2   2 | Asp GAT   0   0   0   0   0   0 | Gly GGT   3   3   3   3   3   3
    GTC   0   0   0   0   0   0 |     GCC   0   0   0   0   0   0 |     GAC   0   0   0   0   0   0 |     GGC   1   1   1   1   1   2
    GTA   1   2   1   1   1   1 |     GCA   6   5   5   5   5   5 | Glu GAA   3   3   3   3   3   3 |     GGA   3   3   3   3   3   3
    GTG   1   1   1   1   1   1 |     GCG   0   1   1   1   1   1 |     GAG   0   0   0   0   0   0 |     GGG   1   1   1   1   1   0
--------------------------------------------------------------------------------------------------------------------------------------

--------------------------------------------------------------------------------------------------------------------------------------
Phe TTT   4   4   4   4   4   4 | Ser TCT   1   1   0   0   0   0 | Tyr TAT   2   2   1   1   1   1 | Cys TGT   0   0   0   0   0   0
    TTC   0   0   0   0   0   0 |     TCC   1   1   1   1   1   1 |     TAC   1   1   2   2   2   2 |     TGC   0   0   0   0   0   0
Leu TTA   0   0   0   0   0   0 |     TCA   2   2   2   2   2   2 | *** TAA   0   0   0   0   0   0 | *** TGA   0   0   0   0   0   0
    TTG   2   2   2   2   2   2 |     TCG   0   0   0   0   0   0 |     TAG   0   0   0   0   0   0 | Trp TGG   1   1   1   1   1   1
--------------------------------------------------------------------------------------------------------------------------------------
Leu CTT   1   1   1   1   1   1 | Pro CCT   1   1   2   2   2   2 | His CAT   0   0   0   0   0   0 | Arg CGT   0   0   0   0   0   0
    CTC   1   1   1   1   1   1 |     CCC   0   0   0   0   0   0 |     CAC   0   0   0   0   0   0 |     CGC   1   1   1   1   1   1
    CTA   1   1   1   1   1   1 |     CCA   0   0   0   0   0   0 | Gln CAA   1   1   1   1   1   1 |     CGA   1   1   1   0   1   1
    CTG   2   1   1   1   1   1 |     CCG   0   0   0   0   0   0 |     CAG   2   2   2   2   2   2 |     CGG   1   1   0   0   0   0
--------------------------------------------------------------------------------------------------------------------------------------
Ile ATT   3   3   3   3   3   3 | Thr ACT   2   2   2   2   2   2 | Asn AAT   0   0   0   0   0   0 | Ser AGT   3   3   3   2   3   3
    ATC   2   2   2   2   2   1 |     ACC   0   0   0   0   0   0 |     AAC   0   0   0   0   0   0 |     AGC   1   1   1   2   1   1
    ATA   1   1   2   1   2   2 |     ACA   1   1   1   1   1   1 | Lys AAA   3   3   3   3   3   3 | Arg AGA   1   1   1   2   1   1
Met ATG   1   1   1   1   1   2 |     ACG   0   0   0   0   0   0 |     AAG   2   2   2   2   2   2 |     AGG   0   0   1   1   1   1
--------------------------------------------------------------------------------------------------------------------------------------
Val GTT   0   0   0   0   0   0 | Ala GCT   2   2   2   2   2   2 | Asp GAT   0   0   0   0   0   0 | Gly GGT   3   3   3   3   3   3
    GTC   0   0   0   0   0   0 |     GCC   0   0   0   0   0   0 |     GAC   1   1   0   0   0   0 |     GGC   1   1   1   1   2   1
    GTA   2   2   1   2   1   1 |     GCA   5   4   5   5   5   5 | Glu GAA   2   2   3   3   3   3 |     GGA   3   4   3   3   3   3
    GTG   0   1   1   1   1   1 |     GCG   1   2   1   1   1   1 |     GAG   0   0   0   0   0   0 |     GGG   1   0   1   1   0   1
--------------------------------------------------------------------------------------------------------------------------------------

--------------------------------------------------------------------------------------------------------------------------------------
Phe TTT   4   4   3   4   4   4 | Ser TCT   0   0   0   0   0   0 | Tyr TAT   2   2   1   1   1   1 | Cys TGT   0   0   0   0   0   0
    TTC   0   0   1   0   0   0 |     TCC   1   1   1   1   1   1 |     TAC   1   1   2   2   2   2 |     TGC   0   0   0   0   0   0
Leu TTA   0   0   0   0   0   0 |     TCA   2   2   2   2   2   2 | *** TAA   0   0   0   0   0   0 | *** TGA   0   0   0   0   0   0
    TTG   2   2   2   2   2   2 |     TCG   0   0   0   0   0   0 |     TAG   0   0   0   0   0   0 | Trp TGG   1   1   1   1   1   1
--------------------------------------------------------------------------------------------------------------------------------------
Leu CTT   1   1   1   1   1   1 | Pro CCT   2   2   2   2   2   2 | His CAT   0   0   0   0   0   0 | Arg CGT   0   0   0   0   0   0
    CTC   1   1   1   1   1   1 |     CCC   0   0   0   0   0   0 |     CAC   0   0   0   0   0   0 |     CGC   1   1   1   1   1   1
    CTA   1   1   1   1   1   1 |     CCA   0   0   0   0   0   0 | Gln CAA   1   1   1   1   1   1 |     CGA   1   1   1   1   1   0
    CTG   1   1   1   1   1   1 |     CCG   0   0   0   0   0   0 |     CAG   2   2   2   2   2   2 |     CGG   0   0   0   0   0   0
--------------------------------------------------------------------------------------------------------------------------------------
Ile ATT   3   3   3   3   3   3 | Thr ACT   2   2   2   2   2   2 | Asn AAT   0   0   0   0   0   0 | Ser AGT   3   3   3   3   3   3
    ATC   2   2   2   2   2   2 |     ACC   0   0   0   0   0   0 |     AAC   0   0   0   0   0   0 |     AGC   1   1   1   1   1   2
    ATA   1   1   1   2   2   1 |     ACA   1   1   1   1   1   1 | Lys AAA   2   2   3   3   3   3 | Arg AGA   2   2   1   1   1   2
Met ATG   1   1   1   1   1   1 |     ACG   0   0   0   0   0   0 |     AAG   2   2   1   2   2   2 |     AGG   1   1   1   1   1   1
--------------------------------------------------------------------------------------------------------------------------------------
Val GTT   0   0   0   0   0   0 | Ala GCT   2   2   2   2   2   2 | Asp GAT   0   0   0   0   0   0 | Gly GGT   3   3   3   3   3   2
    GTC   0   0   0   0   0   0 |     GCC   0   0   0   0   0   0 |     GAC   0   0   0   0   0   0 |     GGC   1   1   1   2   1   1
    GTA   2   2   2   1   1   2 |     GCA   5   4   5   5   6   5 | Glu GAA   3   3   3   3   3   3 |     GGA   3   3   3   3   3   3
    GTG   1   1   1   1   1   1 |     GCG   1   2   1   1   0   1 |     GAG   0   0   1   0   0   0 |     GGG   1   1   1   0   1   1
--------------------------------------------------------------------------------------------------------------------------------------

--------------------------------------------------------------------------------------------------------------------------------------
Phe TTT   4   4   4   4   4   4 | Ser TCT   0   0   0   0   0   0 | Tyr TAT   2   1   1   2   2   1 | Cys TGT   0   0   0   0   0   0
    TTC   0   0   0   0   0   0 |     TCC   1   1   1   1   1   1 |     TAC   1   2   2   1   1   2 |     TGC   0   0   0   0   0   0
Leu TTA   0   0   0   0   0   0 |     TCA   2   2   2   2   2   2 | *** TAA   0   0   0   0   0   0 | *** TGA   0   0   0   0   0   0
    TTG   2   2   2   2   2   2 |     TCG   0   0   0   0   0   0 |     TAG   0   0   0   0   0   0 | Trp TGG   1   1   1   1   1   1
--------------------------------------------------------------------------------------------------------------------------------------
Leu CTT   1   1   1   1   1   1 | Pro CCT   2   2   2   2   1   2 | His CAT   0   0   0   0   0   0 | Arg CGT   0   0   0   0   0   0
    CTC   1   1   1   1   2   1 |     CCC   0   0   0   0   1   0 |     CAC   0   0   0   0   0   0 |     CGC   1   1   1   1   1   1
    CTA   1   1   1   1   1   1 |     CCA   0   0   0   0   0   0 | Gln CAA   1   1   1   1   1   1 |     CGA   1   0   1   1   1   1
    CTG   1   1   1   1   1   1 |     CCG   0   0   0   0   0   0 |     CAG   2   2   2   2   2   2 |     CGG   0   0   0   0   0   0
--------------------------------------------------------------------------------------------------------------------------------------
Ile ATT   3   3   3   3   3   3 | Thr ACT   2   2   2   2   2   2 | Asn AAT   0   0   0   0   0   0 | Ser AGT   3   2   3   3   3   3
    ATC   2   2   2   2   0   2 |     ACC   0   0   0   0   0   0 |     AAC   0   0   0   0   0   0 |     AGC   1   2   1   1   1   1
    ATA   2   1   1   2   1   2 |     ACA   1   1   1   1   1   1 | Lys AAA   3   3   2   3   3   3 | Arg AGA   1   2   2   1   1   1
Met ATG   1   1   1   1   2   1 |     ACG   0   0   0   0   0   0 |     AAG   2   2   2   2   2   2 |     AGG   1   1   1   1   1   1
--------------------------------------------------------------------------------------------------------------------------------------
Val GTT   0   0   0   0   0   0 | Ala GCT   2   2   2   2   2   2 | Asp GAT   0   0   0   0   0   0 | Gly GGT   3   3   3   3   3   3
    GTC   0   0   0   0   0   0 |     GCC   0   0   0   0   0   0 |     GAC   0   0   0   0   0   0 |     GGC   2   1   1   1   1   1
    GTA   1   2   2   1   1   1 |     GCA   5   5   4   5   5   6 | Glu GAA   3   3   3   3   3   3 |     GGA   3   3   3   3   3   3
    GTG   1   1   1   2   1   1 |     GCG   1   1   2   0   2   0 |     GAG   0   0   0   0   0   0 |     GGG   0   1   1   1   1   1
--------------------------------------------------------------------------------------------------------------------------------------

--------------------------------------------------------------------------------------------------------------------------------------
Phe TTT   4   4   4   4   4   4 | Ser TCT   0   0   0   0   0   0 | Tyr TAT   1   1   1   2   1   2 | Cys TGT   0   0   0   0   0   0
    TTC   0   0   0   0   0   0 |     TCC   1   1   1   1   1   1 |     TAC   2   2   2   1   2   1 |     TGC   0   0   0   0   0   0
Leu TTA   0   0   0   0   0   0 |     TCA   2   2   2   2   2   2 | *** TAA   0   0   0   0   0   0 | *** TGA   0   0   0   0   0   0
    TTG   2   2   2   2   2   2 |     TCG   0   0   0   0   0   0 |     TAG   0   0   0   0   0   0 | Trp TGG   1   1   1   1   1   1
--------------------------------------------------------------------------------------------------------------------------------------
Leu CTT   1   1   1   1   1   1 | Pro CCT   2   2   2   2   2   2 | His CAT   0   0   0   0   0   0 | Arg CGT   0   0   0   0   0   0
    CTC   1   1   1   1   1   1 |     CCC   0   0   0   0   0   0 |     CAC   0   0   0   0   0   0 |     CGC   1   1   1   1   1   1
    CTA   1   1   1   1   1   1 |     CCA   0   0   0   0   0   0 | Gln CAA   1   1   1   1   1   1 |     CGA   1   1   1   1   1   1
    CTG   1   1   1   1   1   1 |     CCG   0   0   0   0   0   0 |     CAG   2   2   2   2   2   2 |     CGG   0   0   0   0   0   0
--------------------------------------------------------------------------------------------------------------------------------------
Ile ATT   3   3   3   3   3   3 | Thr ACT   2   2   2   2   2   2 | Asn AAT   0   0   0   0   0   0 | Ser AGT   3   3   3   3   3   3
    ATC   2   2   2   2   2   2 |     ACC   0   0   0   0   0   0 |     AAC   0   0   0   0   0   0 |     AGC   1   1   1   1   1   1
    ATA   2   1   2   2   2   1 |     ACA   1   1   1   1   1   1 | Lys AAA   3   3   3   3   3   2 | Arg AGA   1   1   1   1   1   2
Met ATG   1   1   1   1   1   1 |     ACG   0   0   0   0   0   0 |     AAG   2   2   2   2   2   2 |     AGG   1   1   1   1   1   1
--------------------------------------------------------------------------------------------------------------------------------------
Val GTT   0   0   0   0   0   0 | Ala GCT   2   2   2   2   2   2 | Asp GAT   0   0   0   0   0   0 | Gly GGT   3   3   3   3   3   3
    GTC   0   0   0   0   0   0 |     GCC   0   0   0   0   0   0 |     GAC   0   0   0   0   0   0 |     GGC   1   1   1   1   2   1
    GTA   1   2   1   1   1   2 |     GCA   6   5   5   5   5   4 | Glu GAA   3   3   3   3   3   3 |     GGA   3   3   3   3   3   3
    GTG   1   1   1   1   2   1 |     GCG   0   1   1   1   0   2 |     GAG   0   0   0   0   0   0 |     GGG   1   1   1   1   0   1
--------------------------------------------------------------------------------------------------------------------------------------

--------------------------------------------------------------------------------------------------------------------------------------
Phe TTT   4   4   4   4   4   4 | Ser TCT   0   0   0   0   0   0 | Tyr TAT   0   1   0   2   1   1 | Cys TGT   0   0   0   0   0   0
    TTC   0   0   0   0   0   0 |     TCC   1   1   1   1   1   1 |     TAC   3   2   3   1   2   2 |     TGC   0   0   0   0   0   0
Leu TTA   0   0   0   0   0   0 |     TCA   2   2   2   2   2   2 | *** TAA   0   0   0   0   0   0 | *** TGA   0   0   0   0   0   0
    TTG   2   2   2   2   2   2 |     TCG   0   0   0   0   0   0 |     TAG   0   0   0   0   0   0 | Trp TGG   1   1   1   1   1   1
--------------------------------------------------------------------------------------------------------------------------------------
Leu CTT   1   1   1   1   1   1 | Pro CCT   2   2   2   2   2   2 | His CAT   0   0   0   0   0   0 | Arg CGT   0   0   0   0   0   0
    CTC   1   1   1   1   1   1 |     CCC   0   0   0   0   0   0 |     CAC   0   0   0   0   0   0 |     CGC   1   1   1   1   1   1
    CTA   1   1   1   1   1   1 |     CCA   0   0   0   0   0   0 | Gln CAA   1   1   1   1   1   1 |     CGA   1   1   1   1   1   1
    CTG   1   1   1   1   1   1 |     CCG   0   0   0   0   0   0 |     CAG   2   2   2   2   2   2 |     CGG   0   0   0   0   0   0
--------------------------------------------------------------------------------------------------------------------------------------
Ile ATT   3   3   3   3   3   3 | Thr ACT   2   2   1   2   2   2 | Asn AAT   0   0   0   0   0   0 | Ser AGT   3   3   3   3   3   3
    ATC   2   2   2   2   2   2 |     ACC   0   0   1   0   0   0 |     AAC   0   0   0   0   0   0 |     AGC   1   1   1   1   1   1
    ATA   1   2   1   1   1   2 |     ACA   1   1   1   1   1   1 | Lys AAA   2   3   2   2   3   3 | Arg AGA   2   1   2   2   1   1
Met ATG   1   1   1   1   1   1 |     ACG   0   0   0   0   0   0 |     AAG   2   2   2   2   2   2 |     AGG   1   1   1   1   1   1
--------------------------------------------------------------------------------------------------------------------------------------
Val GTT   0   0   0   0   0   0 | Ala GCT   1   2   2   2   2   2 | Asp GAT   0   0   0   0   0   0 | Gly GGT   3   3   3   3   3   3
    GTC   0   0   0   0   0   0 |     GCC   0   0   0   0   0   0 |     GAC   0   0   0   0   0   0 |     GGC   1   2   1   1   1   1
    GTA   2   1   2   2   2   1 |     GCA   4   6   4   4   5   5 | Glu GAA   3   3   3   3   3   3 |     GGA   3   3   3   3   3   3
    GTG   1   1   1   1   1   1 |     GCG   3   0   2   2   1   1 |     GAG   0   0   0   0   0   0 |     GGG   1   0   1   1   1   1
--------------------------------------------------------------------------------------------------------------------------------------

--------------------------------------------------------------------------------------------------------------------------------------
Phe TTT   4   4   4   4   4   4 | Ser TCT   0   0   0   0   0   0 | Tyr TAT   2   1   1   2   2   1 | Cys TGT   0   0   0   0   0   0
    TTC   0   0   0   0   0   0 |     TCC   1   1   1   1   1   1 |     TAC   1   2   2   1   1   2 |     TGC   0   0   0   0   0   0
Leu TTA   0   0   0   0   0   0 |     TCA   2   2   2   2   2   2 | *** TAA   0   0   0   0   0   0 | *** TGA   0   0   0   0   0   0
    TTG   2   2   2   2   2   2 |     TCG   0   0   0   0   0   0 |     TAG   0   0   0   0   0   0 | Trp TGG   1   1   1   1   1   1
--------------------------------------------------------------------------------------------------------------------------------------
Leu CTT   1   1   1   1   1   1 | Pro CCT   2   2   2   2   2   2 | His CAT   0   0   0   0   0   0 | Arg CGT   0   0   0   0   0   0
    CTC   1   1   1   1   1   1 |     CCC   0   0   0   0   0   0 |     CAC   0   0   0   0   0   0 |     CGC   1   1   1   1   1   1
    CTA   1   1   1   1   1   1 |     CCA   0   0   0   0   0   0 | Gln CAA   1   1   1   1   1   1 |     CGA   1   1   1   1   0   0
    CTG   1   1   1   1   1   1 |     CCG   0   0   0   0   0   0 |     CAG   2   2   2   2   2   2 |     CGG   0   0   0   0   0   0
--------------------------------------------------------------------------------------------------------------------------------------
Ile ATT   3   3   3   2   4   3 | Thr ACT   2   2   2   2   2   2 | Asn AAT   0   0   0   0   0   0 | Ser AGT   3   3   3   3   2   2
    ATC   2   2   2   3   1   1 |     ACC   0   0   0   0   0   0 |     AAC   0   0   0   0   0   0 |     AGC   1   1   1   1   2   2
    ATA   2   1   2   1   1   2 |     ACA   1   1   1   1   1   1 | Lys AAA   3   3   3   3   3   3 | Arg AGA   1   1   1   1   2   2
Met ATG   1   2   1   1   1   1 |     ACG   0   0   0   0   0   0 |     AAG   2   2   2   2   2   2 |     AGG   1   1   1   1   1   1
--------------------------------------------------------------------------------------------------------------------------------------
Val GTT   0   0   0   0   0   0 | Ala GCT   2   2   2   2   2   2 | Asp GAT   0   0   0   0   0   0 | Gly GGT   3   3   3   3   3   3
    GTC   0   0   0   0   0   0 |     GCC   0   0   0   0   0   0 |     GAC   0   0   0   0   0   0 |     GGC   2   1   1   1   1   1
    GTA   1   1   1   2   2   2 |     GCA   5   5   5   5   5   5 | Glu GAA   3   3   3   2   3   3 |     GGA   3   3   3   3   3   3
    GTG   1   1   1   1   1   1 |     GCG   1   1   1   1   1   1 |     GAG   0   0   0   1   0   0 |     GGG   0   1   1   1   1   1
--------------------------------------------------------------------------------------------------------------------------------------

Codon position x base (3x4) table for each sequence.

#1: Argali         
position  1:    T:0.19403    C:0.16418    A:0.32836    G:0.31343
position  2:    T:0.29851    C:0.23881    A:0.20896    G:0.25373
position  3:    T:0.31343    C:0.13433    A:0.35821    G:0.19403
Average         T:0.26866    C:0.17910    A:0.29851    G:0.25373

#2: LesserMouseDeer
position  1:    T:0.19403    C:0.16418    A:0.32836    G:0.31343
position  2:    T:0.29851    C:0.22388    A:0.23881    G:0.23881
position  3:    T:0.31343    C:0.11940    A:0.38806    G:0.17910
Average         T:0.26866    C:0.16915    A:0.31841    G:0.24378

#3: LesserKudu     
position  1:    T:0.19403    C:0.14925    A:0.32836    G:0.32836
position  2:    T:0.29851    C:0.23881    A:0.20896    G:0.25373
position  3:    T:0.29851    C:0.14925    A:0.35821    G:0.19403
Average         T:0.26368    C:0.17910    A:0.29851    G:0.25871

#4: ForestMuskDeer2
position  1:    T:0.19403    C:0.16418    A:0.31343    G:0.32836
position  2:    T:0.29851    C:0.23881    A:0.20896    G:0.25373
position  3:    T:0.29851    C:0.14925    A:0.34328    G:0.20896
Average         T:0.26368    C:0.18408    A:0.28856    G:0.26368

#5: Camel          
position  1:    T:0.19403    C:0.16418    A:0.31343    G:0.32836
position  2:    T:0.29851    C:0.23881    A:0.19403    G:0.26866
position  3:    T:0.35821    C:0.10448    A:0.40299    G:0.13433
Average         T:0.28358    C:0.16915    A:0.30348    G:0.24378

#6: KillerWhale    
position  1:    T:0.19403    C:0.16418    A:0.32836    G:0.31343
position  2:    T:0.28358    C:0.25373    A:0.22388    G:0.23881
position  3:    T:0.32836    C:0.10448    A:0.46269    G:0.10448
Average         T:0.26866    C:0.17413    A:0.33831    G:0.21891

#7: DefassaWaterbuck
position  1:    T:0.19403    C:0.16418    A:0.32836    G:0.31343
position  2:    T:0.29851    C:0.23881    A:0.20896    G:0.25373
position  3:    T:0.32836    C:0.11940    A:0.35821    G:0.19403
Average         T:0.27363    C:0.17413    A:0.29851    G:0.25373

#8: Sheep          
position  1:    T:0.19403    C:0.16418    A:0.32836    G:0.31343
position  2:    T:0.29851    C:0.23881    A:0.20896    G:0.25373
position  3:    T:0.31343    C:0.13433    A:0.35821    G:0.19403
Average         T:0.26866    C:0.17910    A:0.29851    G:0.25373

#9: MaxwellsDuiker 
position  1:    T:0.19403    C:0.16418    A:0.32836    G:0.31343
position  2:    T:0.29851    C:0.23881    A:0.20896    G:0.25373
position  3:    T:0.31343    C:0.14925    A:0.34328    G:0.19403
Average         T:0.26866    C:0.18408    A:0.29353    G:0.25373

#10: GazellaPrzewalskyi
position  1:    T:0.19403    C:0.16418    A:0.32836    G:0.31343
position  2:    T:0.29851    C:0.23881    A:0.20896    G:0.25373
position  3:    T:0.31343    C:0.14925    A:0.35821    G:0.17910
Average         T:0.26866    C:0.18408    A:0.29851    G:0.24876

#11: MountainNyala  
position  1:    T:0.19403    C:0.14925    A:0.32836    G:0.32836
position  2:    T:0.29851    C:0.23881    A:0.20896    G:0.25373
position  3:    T:0.29851    C:0.14925    A:0.35821    G:0.19403
Average         T:0.26368    C:0.17910    A:0.29851    G:0.25871

#12: MuntiacusMuntjak
position  1:    T:0.19403    C:0.16418    A:0.31343    G:0.32836
position  2:    T:0.29851    C:0.23881    A:0.19403    G:0.26866
position  3:    T:0.29851    C:0.14925    A:0.34328    G:0.20896
Average         T:0.26368    C:0.18408    A:0.28358    G:0.26866

#13: goat           
position  1:    T:0.19403    C:0.16418    A:0.32836    G:0.31343
position  2:    T:0.29851    C:0.23881    A:0.20896    G:0.25373
position  3:    T:0.29851    C:0.14925    A:0.37313    G:0.17910
Average         T:0.26368    C:0.18408    A:0.30348    G:0.24876

#14: AfricanBuffalo 
position  1:    T:0.19403    C:0.16418    A:0.31343    G:0.32836
position  2:    T:0.29851    C:0.23881    A:0.20896    G:0.25373
position  3:    T:0.31343    C:0.13433    A:0.35821    G:0.19403
Average         T:0.26866    C:0.17910    A:0.29353    G:0.25871

#15: Topi           
position  1:    T:0.19403    C:0.16418    A:0.32836    G:0.31343
position  2:    T:0.29851    C:0.23881    A:0.20896    G:0.25373
position  3:    T:0.29851    C:0.13433    A:0.35821    G:0.20896
Average         T:0.26368    C:0.17910    A:0.29851    G:0.25871

#16: CommonDuiker   
position  1:    T:0.19403    C:0.16418    A:0.32836    G:0.31343
position  2:    T:0.29851    C:0.23881    A:0.20896    G:0.25373
position  3:    T:0.31343    C:0.13433    A:0.35821    G:0.19403
Average         T:0.26866    C:0.17910    A:0.29851    G:0.25373

#17: Suni           
position  1:    T:0.19403    C:0.16418    A:0.32836    G:0.31343
position  2:    T:0.29851    C:0.23881    A:0.20896    G:0.25373
position  3:    T:0.31343    C:0.13433    A:0.35821    G:0.19403
Average         T:0.26866    C:0.17910    A:0.29851    G:0.25373

#18: Springbuck     
position  1:    T:0.19403    C:0.16418    A:0.32836    G:0.31343
position  2:    T:0.29851    C:0.23881    A:0.20896    G:0.25373
position  3:    T:0.32836    C:0.13433    A:0.35821    G:0.17910
Average         T:0.27363    C:0.17910    A:0.29851    G:0.24876

#19: Okapi          
position  1:    T:0.20896    C:0.17910    A:0.29851    G:0.31343
position  2:    T:0.29851    C:0.23881    A:0.20896    G:0.25373
position  3:    T:0.32836    C:0.13433    A:0.34328    G:0.19403
Average         T:0.27861    C:0.18408    A:0.28358    G:0.25373

#20: Giraffe        
position  1:    T:0.20896    C:0.16418    A:0.29851    G:0.32836
position  2:    T:0.29851    C:0.23881    A:0.20896    G:0.25373
position  3:    T:0.32836    C:0.13433    A:0.34328    G:0.19403
Average         T:0.27861    C:0.17910    A:0.28358    G:0.25871

#21: TibetanAntelope
position  1:    T:0.19403    C:0.16418    A:0.32836    G:0.31343
position  2:    T:0.29851    C:0.23881    A:0.20896    G:0.25373
position  3:    T:0.31343    C:0.13433    A:0.35821    G:0.19403
Average         T:0.26866    C:0.17910    A:0.29851    G:0.25373

#22: Sitatunga      
position  1:    T:0.19403    C:0.14925    A:0.32836    G:0.32836
position  2:    T:0.29851    C:0.23881    A:0.20896    G:0.25373
position  3:    T:0.29851    C:0.14925    A:0.35821    G:0.19403
Average         T:0.26368    C:0.17910    A:0.29851    G:0.25871

#23: Oribi          
position  1:    T:0.19403    C:0.16418    A:0.32836    G:0.31343
position  2:    T:0.29851    C:0.23881    A:0.20896    G:0.25373
position  3:    T:0.31343    C:0.14925    A:0.35821    G:0.17910
Average         T:0.26866    C:0.18408    A:0.29851    G:0.24876

#24: BarbarySheep   
position  1:    T:0.19403    C:0.16418    A:0.32836    G:0.31343
position  2:    T:0.29851    C:0.23881    A:0.20896    G:0.25373
position  3:    T:0.31343    C:0.11940    A:0.35821    G:0.20896
Average         T:0.26866    C:0.17413    A:0.29851    G:0.25871

#25: Daviddeer      
position  1:    T:0.19403    C:0.16418    A:0.31343    G:0.32836
position  2:    T:0.29851    C:0.23881    A:0.19403    G:0.26866
position  3:    T:0.32836    C:0.11940    A:0.35821    G:0.19403
Average         T:0.27363    C:0.17413    A:0.28856    G:0.26368

#26: Reindeer       
position  1:    T:0.19403    C:0.16418    A:0.31343    G:0.32836
position  2:    T:0.29851    C:0.23881    A:0.19403    G:0.26866
position  3:    T:0.32836    C:0.11940    A:0.34328    G:0.20896
Average         T:0.27363    C:0.17413    A:0.28358    G:0.26866

#27: Ibex           
position  1:    T:0.19403    C:0.16418    A:0.29851    G:0.34328
position  2:    T:0.29851    C:0.23881    A:0.20896    G:0.25373
position  3:    T:0.29851    C:0.14925    A:0.35821    G:0.19403
Average         T:0.26368    C:0.18408    A:0.28856    G:0.26368

#28: GyrantGazelle  
position  1:    T:0.19403    C:0.16418    A:0.32836    G:0.31343
position  2:    T:0.29851    C:0.23881    A:0.20896    G:0.25373
position  3:    T:0.31343    C:0.14925    A:0.35821    G:0.17910
Average         T:0.26866    C:0.18408    A:0.29851    G:0.24876

#29: Hartebeest     
position  1:    T:0.19403    C:0.16418    A:0.32836    G:0.31343
position  2:    T:0.29851    C:0.23881    A:0.20896    G:0.25373
position  3:    T:0.31343    C:0.13433    A:0.37313    G:0.17910
Average         T:0.26866    C:0.17910    A:0.30348    G:0.24876

#30: Bongo          
position  1:    T:0.19403    C:0.14925    A:0.34328    G:0.31343
position  2:    T:0.29851    C:0.23881    A:0.20896    G:0.25373
position  3:    T:0.29851    C:0.14925    A:0.35821    G:0.19403
Average         T:0.26368    C:0.17910    A:0.30348    G:0.25373

#31: Gerenuk        
position  1:    T:0.19403    C:0.16418    A:0.32836    G:0.31343
position  2:    T:0.29851    C:0.23881    A:0.20896    G:0.25373
position  3:    T:0.32836    C:0.13433    A:0.35821    G:0.17910
Average         T:0.27363    C:0.17910    A:0.29851    G:0.24876

#32: CommonEland    
position  1:    T:0.19403    C:0.14925    A:0.32836    G:0.32836
position  2:    T:0.29851    C:0.23881    A:0.20896    G:0.25373
position  3:    T:0.29851    C:0.14925    A:0.35821    G:0.19403
Average         T:0.26368    C:0.17910    A:0.29851    G:0.25871

#33: MuntiacusReevesi
position  1:    T:0.19403    C:0.16418    A:0.31343    G:0.32836
position  2:    T:0.29851    C:0.23881    A:0.19403    G:0.26866
position  3:    T:0.31343    C:0.13433    A:0.34328    G:0.20896
Average         T:0.26866    C:0.17910    A:0.28358    G:0.26866

#34: HarveysDuiker  
position  1:    T:0.19403    C:0.16418    A:0.32836    G:0.31343
position  2:    T:0.31343    C:0.22388    A:0.20896    G:0.25373
position  3:    T:0.32836    C:0.11940    A:0.35821    G:0.19403
Average         T:0.27861    C:0.16915    A:0.29851    G:0.25373

#35: Pronghorn      
position  1:    T:0.19403    C:0.17910    A:0.29851    G:0.32836
position  2:    T:0.28358    C:0.25373    A:0.20896    G:0.25373
position  3:    T:0.31343    C:0.11940    A:0.34328    G:0.22388
Average         T:0.26368    C:0.18408    A:0.28358    G:0.26866

#36: BlueWildebeest 
position  1:    T:0.19403    C:0.16418    A:0.32836    G:0.31343
position  2:    T:0.29851    C:0.23881    A:0.20896    G:0.25373
position  3:    T:0.31343    C:0.13433    A:0.37313    G:0.17910
Average         T:0.26866    C:0.17910    A:0.30348    G:0.24876

#37: Gemsbok        
position  1:    T:0.19403    C:0.16418    A:0.32836    G:0.31343
position  2:    T:0.29851    C:0.23881    A:0.20896    G:0.25373
position  3:    T:0.31343    C:0.13433    A:0.37313    G:0.17910
Average         T:0.26866    C:0.17910    A:0.30348    G:0.24876

#38: Yak            
position  1:    T:0.19403    C:0.16418    A:0.31343    G:0.32836
position  2:    T:0.29851    C:0.23881    A:0.20896    G:0.25373
position  3:    T:0.31343    C:0.13433    A:0.35821    G:0.19403
Average         T:0.26866    C:0.17910    A:0.29353    G:0.25871

#39: BlueSheep      
position  1:    T:0.19403    C:0.16418    A:0.32836    G:0.31343
position  2:    T:0.29851    C:0.23881    A:0.20896    G:0.25373
position  3:    T:0.31343    C:0.13433    A:0.35821    G:0.19403
Average         T:0.26866    C:0.17910    A:0.29851    G:0.25373

#40: BohorReedbuck  
position  1:    T:0.19403    C:0.16418    A:0.32836    G:0.31343
position  2:    T:0.29851    C:0.23881    A:0.20896    G:0.25373
position  3:    T:0.32836    C:0.11940    A:0.35821    G:0.19403
Average         T:0.27363    C:0.17413    A:0.29851    G:0.25373

#41: KirksDik       
position  1:    T:0.19403    C:0.16418    A:0.32836    G:0.31343
position  2:    T:0.31343    C:0.22388    A:0.20896    G:0.25373
position  3:    T:0.31343    C:0.14925    A:0.35821    G:0.17910
Average         T:0.27363    C:0.17910    A:0.29851    G:0.24876

#42: RoeDeer        
position  1:    T:0.19403    C:0.16418    A:0.31343    G:0.32836
position  2:    T:0.29851    C:0.23881    A:0.19403    G:0.26866
position  3:    T:0.32836    C:0.11940    A:0.34328    G:0.20896
Average         T:0.27363    C:0.17413    A:0.28358    G:0.26866

#43: WhiteLippedDeer
position  1:    T:0.19403    C:0.16418    A:0.31343    G:0.32836
position  2:    T:0.29851    C:0.23881    A:0.19403    G:0.26866
position  3:    T:0.28358    C:0.14925    A:0.34328    G:0.22388
Average         T:0.25871    C:0.18408    A:0.28358    G:0.27363

#44: ThomsonGazelle 
position  1:    T:0.19403    C:0.16418    A:0.32836    G:0.31343
position  2:    T:0.29851    C:0.23881    A:0.20896    G:0.25373
position  3:    T:0.31343    C:0.14925    A:0.37313    G:0.16418
Average         T:0.26866    C:0.18408    A:0.30348    G:0.24378

#45: MuntiacusCrinifrons
position  1:    T:0.19403    C:0.16418    A:0.31343    G:0.32836
position  2:    T:0.29851    C:0.23881    A:0.19403    G:0.26866
position  3:    T:0.28358    C:0.16418    A:0.34328    G:0.20896
Average         T:0.25871    C:0.18905    A:0.28358    G:0.26866

#46: WhiteTailedDeer
position  1:    T:0.19403    C:0.16418    A:0.31343    G:0.32836
position  2:    T:0.29851    C:0.23881    A:0.19403    G:0.26866
position  3:    T:0.32836    C:0.11940    A:0.34328    G:0.20896
Average         T:0.27363    C:0.17413    A:0.28358    G:0.26866

#47: Cattle         
position  1:    T:0.19403    C:0.16418    A:0.31343    G:0.32836
position  2:    T:0.29851    C:0.23881    A:0.20896    G:0.25373
position  3:    T:0.31343    C:0.13433    A:0.35821    G:0.19403
Average         T:0.26866    C:0.17910    A:0.29353    G:0.25871

#48: RoyalAntelope  
position  1:    T:0.19403    C:0.16418    A:0.32836    G:0.31343
position  2:    T:0.29851    C:0.23881    A:0.20896    G:0.25373
position  3:    T:0.31343    C:0.13433    A:0.35821    G:0.19403
Average         T:0.26866    C:0.17910    A:0.29851    G:0.25373

#49: Steenbok       
position  1:    T:0.19403    C:0.16418    A:0.32836    G:0.31343
position  2:    T:0.29851    C:0.23881    A:0.20896    G:0.25373
position  3:    T:0.32836    C:0.13433    A:0.35821    G:0.17910
Average         T:0.27363    C:0.17910    A:0.29851    G:0.24876

#50: Impala         
position  1:    T:0.19403    C:0.16418    A:0.32836    G:0.31343
position  2:    T:0.29851    C:0.23881    A:0.20896    G:0.25373
position  3:    T:0.31343    C:0.13433    A:0.34328    G:0.20896
Average         T:0.26866    C:0.17910    A:0.29353    G:0.25871

#51: Klipspringer   
position  1:    T:0.19403    C:0.16418    A:0.32836    G:0.31343
position  2:    T:0.29851    C:0.23881    A:0.20896    G:0.25373
