1
52 1
Argali 0.000000 0.174200 0.062400 0.156500 0.037300 0.006800 0.040800 0.044400 0.061200 0.074700 0.018400 0.061300 0.033700 0.039300 0.060000 0.033600 0.071400 0.065000 0.025400 0.058800 0.034800 0.018400 0.072500 0.084300 0.018400 0.043300 0.031400 0.055200 0.040800 0.059900 0.071200 0.041900 0.077700 0.038500 0.033600 0.056600 0.017200 0.038500 0.044400 0.073700 0.067300 0.038500 0.074700 0.079600 0.060100 0.043200 0.039600 0.051800 0.046800 0.063700 0.058600 0.053900
LesserMous 0.174200 0.000000 0.180500 0.192500 0.163100 0.176600 0.182800 0.175200 0.180500 0.189300 0.173900 0.178600 0.177000 0.176800 0.183900 0.172400 0.187800 0.183000 0.172200 0.177900 0.176800 0.175400 0.186700 0.193100 0.176700 0.171500 0.177200 0.186500 0.177000 0.182100 0.186700 0.178300 0.189500 0.181300 0.186600 0.173200 0.169700 0.162700 0.177200 0.170000 0.182100 0.168600 0.189500 0.187300 0.175600 0.186500 0.171400 0.184600 0.184100 0.186600 0.179000 0.177700
LesserKudu 0.062400 0.180500 0.000000 0.158300 0.062600 0.062300 0.071100 0.074700 0.017100 0.079600 0.064800 0.050200 0.067500 0.059700 0.074700 0.063500 0.083300 0.073100 0.064300 0.017200 0.067300 0.061200 0.079800 0.095800 0.064800 0.072400 0.066300 0.020600 0.069800 0.018300 0.082300 0.062300 0.088400 0.068700 0.068500 0.051600 0.058700 0.061300 0.073500 0.079700 0.075800 0.064900 0.080900 0.090700 0.053900 0.066100 0.067300 0.070000 0.069800 0.067300 0.019500 0.012500
KillerWhal 0.156500 0.192500 0.158300 0.000000 0.142800 0.155900 0.156200 0.160000 0.162500 0.168700 0.150500 0.160200 0.149400 0.154500 0.171100 0.153100 0.163800 0.159100 0.146100 0.154300 0.150700 0.154800 0.166600 0.164200 0.153300 0.152500 0.150900 0.157300 0.150900 0.164000 0.171900 0.161400 0.167600 0.152200 0.163900 0.155000 0.151900 0.146900 0.157600 0.157800 0.168600 0.155200 0.170300 0.158400 0.154600 0.164800 0.147900 0.167900 0.166000 0.158800 0.162500 0.157100
DefassaWat 0.037300 0.163100 0.062600 0.142800 0.000000 0.039600 0.043300 0.046900 0.061400 0.075000 0.032500 0.060200 0.037200 0.037000 0.057800 0.036000 0.067800 0.064000 0.038500 0.059000 0.037300 0.037300 0.072700 0.080700 0.032500 0.043400 0.034800 0.057800 0.040600 0.058900 0.071400 0.042100 0.080400 0.042200 0.040900 0.055500 0.036100 0.010300 0.046900 0.070200 0.068800 0.040900 0.075100 0.078500 0.056500 0.048100 0.039400 0.054300 0.049300 0.062600 0.058800 0.054100
Sheep 0.006800 0.176600 0.062300 0.155900 0.039600 0.000000 0.043100 0.046700 0.061100 0.074700 0.018300 0.058800 0.036000 0.039300 0.059900 0.035900 0.068800 0.062500 0.025000 0.058700 0.037100 0.018400 0.072300 0.084200 0.018300 0.045600 0.033700 0.055100 0.040700 0.059800 0.071100 0.039500 0.072600 0.040800 0.033600 0.056400 0.017200 0.040800 0.044300 0.073600 0.064700 0.040800 0.074700 0.079500 0.057500 0.040700 0.041900 0.054100 0.044300 0.063600 0.058500 0.053800
MaxwellsDu 0.040800 0.182800 0.071100 0.156200 0.043300 0.043100 0.000000 0.050400 0.069900 0.076200 0.040800 0.070000 0.045700 0.032400 0.061300 0.041900 0.072700 0.067600 0.042000 0.067400 0.045600 0.040800 0.073800 0.086900 0.040800 0.054200 0.043300 0.063800 0.048100 0.068600 0.072600 0.030000 0.079000 0.050500 0.044400 0.070100 0.039600 0.042100 0.055300 0.070100 0.071000 0.046900 0.076200 0.079700 0.071200 0.049200 0.043200 0.063700 0.043200 0.069800 0.067300 0.062500
GazellaPrz 0.044400 0.175200 0.074700 0.160000 0.046900 0.046700 0.050400 0.000000 0.071000 0.084900 0.042000 0.068700 0.043300 0.041600 0.068500 0.028800 0.080100 0.071200 0.048000 0.068600 0.034800 0.043200 0.082500 0.091900 0.042000 0.038400 0.042100 0.069900 0.037200 0.069800 0.081300 0.049100 0.094000 0.049300 0.049200 0.070100 0.043100 0.048100 0.041900 0.083800 0.082200 0.031300 0.084900 0.092200 0.073300 0.052900 0.032400 0.064800 0.054000 0.073600 0.068400 0.064900
MountainNy 0.061200 0.180500 0.017100 0.162500 0.061400 0.061100 0.069900 0.071000 0.000000 0.083400 0.063600 0.053900 0.063800 0.058500 0.073400 0.062300 0.082000 0.074400 0.063100 0.009100 0.066100 0.060000 0.078500 0.094500 0.063600 0.073600 0.062600 0.017200 0.068600 0.019500 0.083500 0.061100 0.089700 0.067400 0.067300 0.052800 0.057500 0.062600 0.074700 0.083500 0.077000 0.066200 0.084700 0.089400 0.055100 0.069800 0.066100 0.069700 0.071000 0.068500 0.013700 0.011400
MuntiacusM 0.074700 0.189300 0.079600 0.168700 0.075000 0.074700 0.076200 0.084900 0.083400 0.000000 0.072300 0.076000 0.080000 0.070900 0.088500 0.075900 0.076300 0.070000 0.071700 0.081000 0.077300 0.069900 0.033600 0.058700 0.072300 0.082500 0.077600 0.079700 0.081000 0.082100 0.014900 0.071000 0.083900 0.085100 0.078500 0.075000 0.068600 0.076200 0.084800 0.045500 0.033400 0.077400 0.004500 0.051400 0.072300 0.082400 0.082400 0.086400 0.084800 0.079800 0.080800 0.075900
goat 0.018400 0.173900 0.064800 0.150500 0.032500 0.018300 0.040800 0.042000 0.063600 0.072300 0.000000 0.061300 0.030100 0.032100 0.057500 0.031200 0.067600 0.063700 0.019500 0.061200 0.032400 0.013700 0.069900 0.075500 0.004600 0.040800 0.027800 0.057600 0.037200 0.062300 0.068700 0.037100 0.070200 0.037200 0.031200 0.058900 0.010300 0.036100 0.041900 0.069900 0.067200 0.036000 0.072300 0.073300 0.060000 0.040800 0.034800 0.046900 0.042000 0.058800 0.061000 0.056300
AfricanBuf 0.061300 0.178600 0.050200 0.160200 0.060200 0.058800 0.070000 0.068700 0.053900 0.076000 0.061300 0.000000 0.063900 0.058600 0.072300 0.060000 0.070800 0.064500 0.064700 0.051500 0.063700 0.057600 0.072400 0.092200 0.061300 0.066400 0.062700 0.050300 0.066300 0.050200 0.073700 0.061300 0.084800 0.068800 0.065000 0.032500 0.057600 0.059000 0.068700 0.073700 0.072200 0.058900 0.077400 0.082100 0.033600 0.062600 0.063800 0.068900 0.071200 0.073600 0.051400 0.049100
Topi 0.033700 0.177000 0.067500 0.149400 0.037200 0.036000 0.045700 0.043300 0.063800 0.080000 0.030100 0.063900 0.000000 0.039400 0.060200 0.036000 0.074000 0.066400 0.034900 0.063800 0.037300 0.033700 0.075200 0.080800 0.030100 0.045800 0.003400 0.062600 0.042100 0.065000 0.076400 0.044400 0.080100 0.017300 0.033700 0.064000 0.033700 0.040700 0.046900 0.067700 0.073800 0.038500 0.080100 0.078500 0.062700 0.045700 0.039700 0.054300 0.049300 0.070000 0.063700 0.058900
CommonDuik 0.039300 0.176800 0.059700 0.154500 0.037000 0.039300 0.032400 0.041600 0.058500 0.070900 0.032100 0.058600 0.039400 0.000000 0.051200 0.035600 0.069900 0.063600 0.033200 0.056100 0.039300 0.030900 0.069800 0.082700 0.032100 0.044200 0.038200 0.054900 0.041700 0.057200 0.068500 0.019500 0.077400 0.045400 0.040500 0.056300 0.028600 0.038200 0.048900 0.066000 0.066900 0.037000 0.070900 0.078100 0.059800 0.040800 0.039300 0.054700 0.042000 0.063400 0.053400 0.051200
Suni 0.060000 0.183900 0.074700 0.171100 0.057800 0.059900 0.061300 0.068500 0.073400 0.088500 0.057500 0.072300 0.060200 0.051200 0.000000 0.058700 0.086300 0.082300 0.051500 0.073500 0.062200 0.055100 0.088700 0.100600 0.057500 0.067500 0.057800 0.072300 0.067400 0.074600 0.084800 0.056300 0.096600 0.065100 0.056400 0.074900 0.051500 0.056500 0.074800 0.087400 0.088300 0.060100 0.088600 0.095900 0.076000 0.065000 0.060100 0.075100 0.064900 0.080900 0.070800 0.068500
Springbuck 0.033600 0.172400 0.063500 0.153100 0.036000 0.035900 0.041900 0.028800 0.062300 0.075900 0.031200 0.060000 0.036000 0.035600 0.058700 0.000000 0.071200 0.064900 0.037100 0.059900 0.024100 0.032400 0.073600 0.082900 0.031200 0.030100 0.034900 0.058700 0.019500 0.061000 0.072300 0.040700 0.081300 0.044400 0.039500 0.060100 0.032400 0.037200 0.033500 0.072300 0.070800 0.023000 0.076000 0.083200 0.058700 0.041900 0.024100 0.052800 0.047900 0.064800 0.059700 0.054800
Okapi 0.071400 0.187800 0.083300 0.163800 0.067800 0.068800 0.072700 0.080100 0.082000 0.076300 0.067600 0.070800 0.074000 0.069900 0.086300 0.071200 0.000000 0.025400 0.066000 0.082200 0.072600 0.067600 0.071400 0.088400 0.067600 0.075300 0.071600 0.078400 0.072700 0.080800 0.072700 0.072600 0.076500 0.079000 0.071300 0.071200 0.066300 0.069000 0.080100 0.073600 0.071200 0.072700 0.076400 0.079300 0.074700 0.075200 0.075100 0.085500 0.080100 0.075100 0.081900 0.077100
Giraffe 0.065000 0.183000 0.073100 0.159100 0.064000 0.062500 0.067600 0.071200 0.074400 0.070000 0.063700 0.064500 0.066400 0.063600 0.082300 0.064900 0.025400 0.000000 0.062200 0.072000 0.068700 0.061300 0.066300 0.085700 0.063700 0.070100 0.064000 0.068300 0.068800 0.073100 0.066400 0.066200 0.070100 0.071400 0.065000 0.067300 0.060100 0.065200 0.076200 0.067200 0.064900 0.065100 0.070000 0.075500 0.070800 0.068800 0.068700 0.076400 0.073700 0.068700 0.071800 0.067000
TibetanAnt 0.025400 0.172200 0.064300 0.146100 0.038500 0.025000 0.042000 0.048000 0.063100 0.071700 0.019500 0.064700 0.034900 0.033200 0.051500 0.037100 0.066000 0.062200 0.000000 0.063200 0.038400 0.021900 0.070900 0.080100 0.021800 0.044400 0.032500 0.062000 0.040500 0.064300 0.069700 0.038000 0.073600 0.040800 0.032400 0.059900 0.018400 0.037300 0.047700 0.069700 0.068100 0.039600 0.071800 0.075600 0.063400 0.044300 0.038400 0.050500 0.048000 0.064900 0.060400 0.058200
Sitatunga 0.058800 0.177900 0.017200 0.154300 0.059000 0.058700 0.067400 0.068600 0.009100 0.081000 0.061200 0.051500 0.063800 0.056100 0.073500 0.059900 0.082200 0.072000 0.063200 0.000000 0.063700 0.057600 0.078600 0.094600 0.061200 0.071200 0.062700 0.012600 0.066200 0.017200 0.081100 0.058700 0.084700 0.067500 0.064900 0.050400 0.055100 0.060200 0.072300 0.081100 0.074600 0.063800 0.082300 0.089500 0.052700 0.066200 0.061200 0.068800 0.068600 0.066100 0.011400 0.008900
Oribi 0.034800 0.176800 0.067300 0.150700 0.037300 0.037100 0.045600 0.034800 0.066100 0.077300 0.032400 0.063700 0.037300 0.039300 0.062200 0.024100 0.072600 0.068700 0.038400 0.063700 0.000000 0.033600 0.075000 0.081800 0.032400 0.031300 0.036100 0.062500 0.032400 0.064800 0.073700 0.044300 0.077700 0.045600 0.040700 0.058800 0.033600 0.038500 0.034800 0.071200 0.072200 0.026600 0.077400 0.082100 0.062500 0.040800 0.030000 0.054200 0.045600 0.067300 0.063500 0.058700
BarbaryShe 0.018400 0.175400 0.061200 0.154800 0.037300 0.018400 0.040800 0.043200 0.060000 0.069900 0.013700 0.057600 0.033700 0.030900 0.055100 0.032400 0.067600 0.061300 0.021900 0.057600 0.033600 0.000000 0.067500 0.079300 0.013700 0.040900 0.030100 0.054000 0.038400 0.058700 0.066300 0.037200 0.069000 0.037200 0.031200 0.055300 0.010300 0.038500 0.043200 0.067500 0.064800 0.036100 0.069900 0.074600 0.056400 0.039600 0.038400 0.050500 0.044400 0.058800 0.057400 0.052700
Daviddeer 0.072500 0.186700 0.079800 0.166600 0.072700 0.072300 0.073800 0.082500 0.078500 0.033600 0.069900 0.072400 0.075200 0.069800 0.088700 0.073600 0.071400 0.066300 0.070900 0.078600 0.075000 0.067500 0.000000 0.052400 0.069900 0.080200 0.072700 0.077400 0.078700 0.081000 0.030100 0.069900 0.084100 0.078900 0.076200 0.072500 0.066200 0.073900 0.085000 0.040800 0.020600 0.075100 0.031200 0.045400 0.073700 0.080000 0.080000 0.086500 0.085000 0.076200 0.079700 0.073600
Reindeer 0.084300 0.193100 0.095800 0.164200 0.080700 0.084200 0.086900 0.091900 0.094500 0.058700 0.075500 0.092200 0.080800 0.082700 0.100600 0.082900 0.088400 0.085700 0.080100 0.094600 0.081800 0.079300 0.052400 0.000000 0.075500 0.087100 0.080800 0.093400 0.088100 0.095800 0.057500 0.084200 0.094400 0.090900 0.088100 0.087300 0.078000 0.083200 0.089400 0.043000 0.054600 0.084500 0.056300 0.018300 0.085900 0.093200 0.086900 0.089600 0.095700 0.089500 0.094500 0.089500
Ibex 0.018400 0.176700 0.064800 0.153300 0.032500 0.018300 0.040800 0.042000 0.063600 0.072300 0.004600 0.061300 0.030100 0.032100 0.057500 0.031200 0.067600 0.063700 0.021800 0.061200 0.032400 0.013700 0.069900 0.075500 0.000000 0.040800 0.027800 0.057600 0.037200 0.062300 0.068700 0.037100 0.072700 0.037200 0.031200 0.058900 0.010300 0.036000 0.041900 0.069900 0.067200 0.036000 0.072300 0.073300 0.060000 0.040700 0.037200 0.048100 0.044300 0.058800 0.061000 0.056300
GyrantGaze 0.043300 0.171500 0.072400 0.152500 0.043400 0.045600 0.054200 0.038400 0.073600 0.082500 0.040800 0.066400 0.045800 0.044200 0.067500 0.030100 0.075300 0.070100 0.044400 0.071200 0.031300 0.040900 0.080200 0.087100 0.040800 0.000000 0.044600 0.070000 0.038500 0.069900 0.078900 0.052900 0.082900 0.054300 0.049300 0.061600 0.038400 0.042200 0.040800 0.076400 0.077400 0.011500 0.082600 0.087300 0.065100 0.049300 0.033700 0.065400 0.057800 0.071200 0.068600 0.066200
Hartebeest 0.031400 0.177200 0.066300 0.150900 0.034800 0.033700 0.043300 0.042100 0.062600 0.077600 0.027800 0.062700 0.003400 0.038200 0.057800 0.034900 0.071600 0.064000 0.032500 0.062700 0.036100 0.030100 0.072700 0.080800 0.027800 0.044600 0.000000 0.061500 0.041000 0.063800 0.074000 0.042100 0.079200 0.013800 0.031300 0.062900 0.031300 0.038300 0.045700 0.069000 0.071300 0.037400 0.077600 0.078600 0.061500 0.044500 0.038500 0.053100 0.046900 0.068800 0.062400 0.057700
Bongo 0.055200 0.186500 0.020600 0.157300 0.057800 0.055100 0.063800 0.069900 0.017200 0.079700 0.057600 0.050300 0.062600 0.054900 0.072300 0.058700 0.078400 0.068300 0.062000 0.012600 0.062500 0.054000 0.077400 0.093400 0.057600 0.070000 0.061500 0.000000 0.065000 0.020700 0.079900 0.057600 0.083500 0.066300 0.063700 0.049200 0.051500 0.059000 0.071100 0.079900 0.073400 0.062600 0.081100 0.088300 0.051500 0.066200 0.062500 0.067700 0.065000 0.062500 0.017200 0.014900
Gerenuk 0.040800 0.177000 0.069800 0.150900 0.040600 0.040700 0.048100 0.037200 0.068600 0.081000 0.037200 0.066300 0.042100 0.041700 0.067400 0.019500 0.072700 0.068800 0.040500 0.066200 0.032400 0.038400 0.078700 0.088100 0.037200 0.038500 0.041000 0.065000 0.000000 0.067300 0.077400 0.044400 0.082800 0.049300 0.048000 0.066400 0.038400 0.041800 0.037200 0.077400 0.075900 0.031300 0.081100 0.085800 0.067500 0.050500 0.030100 0.061600 0.054100 0.073600 0.066000 0.061100
CommonElan 0.059900 0.182100 0.018300 0.164000 0.058900 0.059800 0.068600 0.069800 0.019500 0.082100 0.062300 0.050200 0.065000 0.057200 0.074600 0.061000 0.080800 0.073100 0.064300 0.017200 0.064800 0.058700 0.081000 0.095800 0.062300 0.069900 0.063800 0.020700 0.067300 0.000000 0.082300 0.059800 0.088400 0.068700 0.066000 0.052800 0.056200 0.061300 0.073500 0.082200 0.075700 0.062500 0.083400 0.090700 0.053800 0.068600 0.062400 0.070000 0.067300 0.069600 0.017200 0.014900
MuntiacusR 0.071200 0.186700 0.082300 0.171900 0.071400 0.071100 0.072600 0.081300 0.083500 0.014900 0.068700 0.073700 0.076400 0.068500 0.084800 0.072300 0.072700 0.066400 0.069700 0.081100 0.073700 0.066300 0.030100 0.057500 0.068700 0.078900 0.074000 0.079900 0.077400 0.082300 0.000000 0.068700 0.080300 0.081400 0.074900 0.075100 0.065000 0.072700 0.083700 0.042000 0.029900 0.073800 0.014900 0.050200 0.074900 0.078800 0.078700 0.084000 0.081200 0.078700 0.080900 0.076100
HarveysDui 0.041900 0.178300 0.062300 0.161400 0.042100 0.039500 0.030000 0.049100 0.061100 0.071000 0.037100 0.061300 0.044400 0.019500 0.056300 0.040700 0.072600 0.066200 0.038000 0.058700 0.044300 0.037200 0.069900 0.084200 0.037100 0.052900 0.042100 0.057600 0.044400 0.059800 0.068700 0.000000 0.080100 0.049200 0.043100 0.063800 0.036000 0.040800 0.051500 0.068700 0.067100 0.045600 0.071100 0.079500 0.060000 0.045600 0.042000 0.059800 0.039600 0.071000 0.058600 0.053900
Pronghorn 0.077700 0.189500 0.088400 0.167600 0.080400 0.072600 0.079000 0.094000 0.089700 0.083900 0.070200 0.084800 0.080100 0.077400 0.096600 0.081300 0.076500 0.070100 0.073600 0.084700 0.077700 0.069000 0.084100 0.094400 0.072700 0.082900 0.079200 0.083500 0.082800 0.088400 0.080300 0.080100 0.000000 0.086700 0.077600 0.083700 0.066400 0.081400 0.085200 0.076100 0.078800 0.082800 0.084000 0.082000 0.079600 0.080200 0.080200 0.085500 0.085200 0.087700 0.088100 0.083200
BlueWildeb 0.038500 0.181300 0.068700 0.152200 0.042200 0.040800 0.050500 0.049300 0.067400 0.085100 0.037200 0.068800 0.017300 0.045400 0.065100 0.044400 0.079000 0.071400 0.040800 0.067500 0.045600 0.037200 0.078900 0.090900 0.037200 0.054300 0.013800 0.066300 0.049300 0.068700 0.081400 0.049200 0.086700 0.000000 0.038400 0.067700 0.038400 0.045800 0.055400 0.073900 0.079900 0.046900 0.085100 0.086100 0.067600 0.049300 0.048100 0.057800 0.049300 0.068700 0.067400 0.061300
Gemsbok 0.033600 0.186600 0.068500 0.163900 0.040900 0.033600 0.044400 0.049200 0.067300 0.078500 0.031200 0.065000 0.033700 0.040500 0.056400 0.039500 0.071300 0.065000 0.032400 0.064900 0.040700 0.031200 0.076200 0.088100 0.031200 0.049300 0.031300 0.063700 0.048000 0.066000 0.074900 0.043100 0.077600 0.038400 0.000000 0.062600 0.030000 0.040800 0.052800 0.074900 0.071000 0.044400 0.078600 0.083300 0.063400 0.044400 0.045600 0.057800 0.050400 0.064900 0.063500 0.060000
Yak 0.056600 0.173200 0.051600 0.155000 0.055500 0.056400 0.070100 0.070100 0.052800 0.075000 0.058900 0.032500 0.064000 0.056300 0.074900 0.060100 0.071200 0.067300 0.059900 0.050400 0.058800 0.055300 0.072500 0.087300 0.058900 0.061600 0.062900 0.049200 0.066400 0.052800 0.075100 0.063800 0.083700 0.067700 0.062600 0.000000 0.052800 0.054200 0.067600 0.073700 0.072400 0.059100 0.076300 0.079600 0.014900 0.062700 0.066400 0.066600 0.072600 0.070000 0.049100 0.045600
BlueSheep 0.017200 0.169700 0.058700 0.151900 0.036100 0.017200 0.039600 0.043100 0.057500 0.068600 0.010300 0.057600 0.033700 0.028600 0.051500 0.032400 0.066300 0.060100 0.018400 0.055100 0.033600 0.010300 0.066200 0.078000 0.010300 0.038400 0.031300 0.051500 0.038400 0.056200 0.065000 0.036000 0.066400 0.038400 0.030000 0.052800 0.000000 0.034900 0.043100 0.067500 0.063500 0.033600 0.068600 0.073300 0.056300 0.039600 0.038400 0.050500 0.043100 0.055100 0.052500 0.050200
BohorReedb 0.038500 0.162700 0.061300 0.146900 0.010300 0.040800 0.042100 0.048100 0.062600 0.076200 0.036100 0.059000 0.040700 0.038200 0.056500 0.037200 0.069000 0.065200 0.037300 0.060200 0.038500 0.038500 0.073900 0.083200 0.036000 0.042200 0.038300 0.059000 0.041800 0.061300 0.072700 0.040800 0.081400 0.045800 0.040800 0.054200 0.034900 0.000000 0.048100 0.070200 0.070000 0.039700 0.076300 0.081000 0.056500 0.046900 0.040600 0.055500 0.050500 0.067500 0.057500 0.055300
KirksDik 0.044400 0.177200 0.073500 0.157600 0.046900 0.044300 0.055300 0.041900 0.074700 0.084800 0.041900 0.068700 0.046900 0.048900 0.074800 0.033500 0.080100 0.076200 0.047700 0.072300 0.034800 0.043200 0.085000 0.089400 0.041900 0.040800 0.045700 0.071100 0.037200 0.073500 0.083700 0.051500 0.085200 0.055400 0.052800 0.067600 0.043100 0.048100 0.000000 0.081200 0.082200 0.033600 0.087400 0.089700 0.067400 0.055300 0.039500 0.066500 0.061300 0.078400 0.072100 0.067300
RoeDeer 0.073700 0.170000 0.079700 0.157800 0.070200 0.073600 0.070100 0.083800 0.083500 0.045500 0.069900 0.073700 0.067700 0.066000 0.087400 0.072300 0.073600 0.067200 0.069700 0.081100 0.071200 0.067500 0.040800 0.043000 0.069900 0.076400 0.069000 0.079900 0.077400 0.082200 0.042000 0.068700 0.076100 0.073900 0.074900 0.073700 0.067500 0.070200 0.081200 0.000000 0.040600 0.073800 0.043200 0.038200 0.072400 0.077500 0.076200 0.081500 0.083700 0.076200 0.080900 0.076100
WhiteLippe 0.067300 0.182100 0.075800 0.168600 0.068800 0.064700 0.071000 0.082200 0.077000 0.033400 0.067200 0.072200 0.073800 0.066900 0.088300 0.070800 0.071200 0.064900 0.068100 0.074600 0.072200 0.064800 0.020600 0.054600 0.067200 0.077400 0.071300 0.073400 0.075900 0.075700 0.029900 0.067100 0.078800 0.079900 0.071000 0.072400 0.063500 0.070000 0.082200 0.040600 0.000000 0.072300 0.031000 0.047600 0.071000 0.074700 0.077200 0.083700 0.079700 0.074600 0.074400 0.069600
ThomsonGaz 0.038500 0.168600 0.064900 0.155200 0.040900 0.040800 0.046900 0.031300 0.066200 0.077400 0.036000 0.058900 0.038500 0.037000 0.060100 0.023000 0.072700 0.065100 0.039600 0.063800 0.026600 0.036100 0.075100 0.084500 0.036000 0.011500 0.037400 0.062600 0.031300 0.062500 0.073800 0.045600 0.082800 0.046900 0.044400 0.059100 0.033600 0.039700 0.033600 0.073800 0.072300 0.000000 0.077500 0.084700 0.062600 0.042100 0.026600 0.060400 0.050500 0.066200 0.061100 0.058800
MuntiacusC 0.074700 0.189500 0.080900 0.170300 0.075100 0.074700 0.076200 0.084900 0.084700 0.004500 0.072300 0.077400 0.080100 0.070900 0.088600 0.076000 0.076400 0.070000 0.071800 0.082300 0.077400 0.069900 0.031200 0.056300 0.072300 0.082600 0.077600 0.081100 0.081100 0.083400 0.014900 0.071100 0.084000 0.085100 0.078600 0.076300 0.068600 0.076300 0.087400 0.043200 0.031000 0.077500 0.000000 0.049000 0.073600 0.082500 0.082400 0.086500 0.084900 0.079900 0.082100 0.077100
WhiteTaile 0.079600 0.187300 0.090700 0.158400 0.078500 0.079500 0.079700 0.092200 0.089400 0.051400 0.073300 0.082100 0.078500 0.078100 0.095900 0.083200 0.079300 0.075500 0.075600 0.089500 0.082100 0.074600 0.045400 0.018300 0.073300 0.087300 0.078600 0.088300 0.085800 0.090700 0.050200 0.079500 0.082000 0.086100 0.083300 0.079600 0.073300 0.081000 0.089700 0.038200 0.047600 0.084700 0.049000 0.000000 0.078300 0.091000 0.087200 0.087400 0.094700 0.083300 0.089300 0.084500
Cattle 0.060100 0.175600 0.053900 0.154600 0.056500 0.057500 0.071200 0.073300 0.055100 0.072300 0.060000 0.033600 0.062700 0.059800 0.076000 0.058700 0.074700 0.070800 0.063400 0.052700 0.062500 0.056400 0.073700 0.085900 0.060000 0.065100 0.061500 0.051500 0.067500 0.053800 0.074900 0.060000 0.079600 0.067600 0.063400 0.014900 0.056300 0.056500 0.067400 0.072400 0.071000 0.062600 0.073600 0.078300 0.000000 0.066300 0.065000 0.070100 0.072400 0.072300 0.052600 0.047900
RoyalAntel 0.043200 0.186500 0.066100 0.164800 0.048100 0.040700 0.049200 0.052900 0.069800 0.082400 0.040800 0.062600 0.045700 0.040800 0.065000 0.041900 0.075200 0.068800 0.044300 0.066200 0.040800 0.039600 0.080000 0.093200 0.040700 0.049300 0.044500 0.066200 0.050500 0.068600 0.078800 0.045600 0.080200 0.049300 0.044400 0.062700 0.039600 0.046900 0.055300 0.077500 0.074700 0.042100 0.082500 0.091000 0.066300 0.000000 0.046800 0.057900 0.046800 0.067400 0.067300 0.062500
Steenbok 0.039600 0.171400 0.067300 0.147900 0.039400 0.041900 0.043200 0.032400 0.066100 0.082400 0.034800 0.063800 0.039700 0.039300 0.060100 0.024100 0.075100 0.068700 0.038400 0.061200 0.030000 0.038400 0.080000 0.086900 0.037200 0.033700 0.038500 0.062500 0.030100 0.062400 0.078700 0.042000 0.080200 0.048100 0.045600 0.066400 0.038400 0.040600 0.039500 0.076200 0.077200 0.026600 0.082400 0.087200 0.065000 0.046800 0.000000 0.059100 0.049200 0.071100 0.063500 0.058800
Impala 0.051800 0.184600 0.070000 0.167900 0.054300 0.054100 0.063700 0.064800 0.069700 0.086400 0.046900 0.068900 0.054300 0.054700 0.075100 0.052800 0.085500 0.076400 0.050500 0.068800 0.054200 0.050500 0.086500 0.089600 0.048100 0.065400 0.053100 0.067700 0.061600 0.070000 0.084000 0.059800 0.085500 0.057800 0.057800 0.066600 0.050500 0.055500 0.066500 0.081500 0.083700 0.060400 0.086500 0.087400 0.070100 0.057900 0.059100 0.000000 0.060300 0.076300 0.066200 0.062700
Klipspring 0.046800 0.184100 0.069800 0.166000 0.049300 0.044300 0.043200 0.054000 0.071000 0.084800 0.042000 0.071200 0.049300 0.042000 0.064900 0.047900 0.080100 0.073700 0.048000 0.068600 0.045600 0.044400 0.085000 0.095700 0.044300 0.057800 0.046900 0.065000 0.054100 0.067300 0.081200 0.039600 0.085200 0.049300 0.050400 0.072600 0.043100 0.050500 0.061300 0.083700 0.079700 0.050500 0.084900 0.094700 0.072400 0.046800 0.049200 0.060300 0.000000 0.073600 0.066000 0.062400
ForestMusk 0.063700 0.186600 0.067300 0.158800 0.062600 0.063600 0.069800 0.073600 0.068500 0.079800 0.058800 0.073600 0.070000 0.063400 0.080900 0.064800 0.075100 0.068700 0.064900 0.066100 0.067300 0.058800 0.076200 0.089500 0.058800 0.071200 0.068800 0.062500 0.073600 0.069600 0.078700 0.071000 0.087700 0.068700 0.064900 0.070000 0.055100 0.067500 0.078400 0.076200 0.074600 0.066200 0.079900 0.083300 0.072300 0.067400 0.071100 0.076300 0.073600 0.000000 0.066000 0.060000
Bushbuck 0.058600 0.179000 0.019500 0.162500 0.058800 0.058500 0.067300 0.068400 0.013700 0.080800 0.061000 0.051400 0.063700 0.053400 0.070800 0.059700 0.081900 0.071800 0.060400 0.011400 0.063500 0.057400 0.079700 0.094500 0.061000 0.068600 0.062400 0.017200 0.066000 0.017200 0.080900 0.058600 0.088100 0.067400 0.063500 0.049100 0.052500 0.057500 0.072100 0.080900 0.074400 0.061100 0.082100 0.089300 0.052600 0.067300 0.063500 0.066200 0.066000 0.066000 0.000000 0.010300
GreaterKud 0.053900 0.177700 0.012500 0.157100 0.054100 0.053800 0.062500 0.064900 0.011400 0.075900 0.056300 0.049100 0.058900 0.051200 0.068500 0.054800 0.077100 0.067000 0.058200 0.008900 0.058700 0.052700 0.073600 0.089500 0.056300 0.066200 0.057700 0.014900 0.061100 0.014900 0.076100 0.053900 0.083200 0.061300 0.060000 0.045600 0.050200 0.055300 0.067300 0.076100 0.069600 0.058800 0.077100 0.084500 0.047900 0.062500 0.058800 0.062700 0.062400 0.060000 0.010300 0.000000
