1
52 1
Argali 0.000000 0.237100 0.064600 0.167900 0.043800 0.003600 0.045000 0.054000 0.072400 0.095100 0.016000 0.065900 0.028600 0.051600 0.049000 0.043700 0.080400 0.081600 0.026100 0.071100 0.043700 0.017000 0.091000 0.095200 0.013500 0.046400 0.022300 0.067200 0.047600 0.063200 0.097800 0.041200 0.106400 0.023500 0.040000 0.072500 0.016000 0.043700 0.057900 0.087100 0.095000 0.046400 0.095100 0.095100 0.073600 0.058000 0.051500 0.071000 0.046300 0.092800 0.061900 0.064500
LesserMous 0.237100 0.000000 0.224400 0.271100 0.234100 0.235500 0.225800 0.232100 0.232000 0.244300 0.230700 0.225800 0.232600 0.232900 0.226600 0.222700 0.246800 0.236000 0.231200 0.232100 0.221000 0.233700 0.244500 0.243100 0.233500 0.227800 0.225800 0.232400 0.227200 0.224200 0.247500 0.221600 0.248300 0.224200 0.233900 0.237000 0.232100 0.229200 0.233600 0.236300 0.244400 0.228000 0.252500 0.236200 0.231600 0.232200 0.220900 0.241800 0.223900 0.244400 0.226000 0.228900
LesserKudu 0.064600 0.224400 0.000000 0.159100 0.062000 0.060600 0.052800 0.063200 0.022200 0.085700 0.064500 0.055300 0.066000 0.063400 0.068700 0.047500 0.079100 0.079300 0.064700 0.018500 0.054000 0.067100 0.089800 0.088600 0.061800 0.054100 0.059300 0.017200 0.056600 0.018400 0.089700 0.054200 0.103700 0.060600 0.071200 0.051500 0.063200 0.063200 0.064400 0.080500 0.088400 0.056800 0.087100 0.088400 0.052600 0.071200 0.064700 0.080300 0.064500 0.083400 0.012300 0.014700
KillerWhal 0.167900 0.271100 0.159100 0.000000 0.168000 0.163400 0.163300 0.165200 0.159200 0.176800 0.170600 0.162100 0.168000 0.174100 0.165600 0.157600 0.156500 0.146900 0.166900 0.160600 0.160400 0.167800 0.178400 0.169900 0.167400 0.157900 0.161900 0.159300 0.165000 0.157700 0.179800 0.163600 0.193800 0.160500 0.177100 0.168200 0.169100 0.164900 0.166500 0.166400 0.177900 0.161100 0.176800 0.171000 0.170600 0.175400 0.159400 0.178600 0.169200 0.183300 0.159000 0.153300
DefassaWat 0.043800 0.234100 0.062000 0.168000 0.000000 0.039900 0.041200 0.056600 0.072400 0.087000 0.043700 0.071100 0.040000 0.050300 0.050300 0.042500 0.080400 0.080600 0.042600 0.071100 0.045000 0.041200 0.091100 0.089900 0.041200 0.045100 0.033600 0.067200 0.051400 0.063200 0.089700 0.041300 0.106400 0.034800 0.051500 0.068600 0.037400 0.008600 0.059200 0.081800 0.087000 0.045200 0.087000 0.089700 0.071000 0.054100 0.050300 0.067100 0.045000 0.087400 0.062000 0.064500
Sheep 0.003600 0.235500 0.060600 0.163400 0.039900 0.000000 0.041100 0.052700 0.068500 0.091000 0.012300 0.061900 0.024800 0.047700 0.045200 0.039900 0.076400 0.077600 0.022300 0.067100 0.039900 0.013200 0.087000 0.091200 0.009800 0.042500 0.018500 0.063300 0.043700 0.059300 0.093700 0.037400 0.102300 0.019800 0.036100 0.068600 0.012300 0.039900 0.054000 0.083100 0.091000 0.042600 0.091000 0.091000 0.069600 0.054100 0.047700 0.067000 0.042500 0.088700 0.058000 0.060600
MaxwellsDu 0.045000 0.225800 0.052800 0.163300 0.041200 0.041100 0.000000 0.048800 0.061900 0.081600 0.042400 0.060600 0.043800 0.028500 0.049000 0.038600 0.076300 0.075200 0.043800 0.061800 0.036000 0.042400 0.082900 0.081700 0.039800 0.033600 0.037300 0.058000 0.044900 0.056600 0.084200 0.022200 0.099500 0.038600 0.050200 0.059300 0.041100 0.042400 0.045000 0.073700 0.081500 0.041300 0.081600 0.078900 0.060400 0.042500 0.043800 0.060400 0.041100 0.077800 0.052800 0.055300
GazellaPrz 0.054000 0.232100 0.063200 0.165200 0.056600 0.052700 0.048800 0.000000 0.068500 0.091100 0.059200 0.061900 0.058000 0.059400 0.056800 0.033600 0.079100 0.079300 0.055500 0.069700 0.037400 0.056600 0.092500 0.088600 0.056500 0.033600 0.051400 0.065900 0.038700 0.064500 0.093800 0.051500 0.102400 0.052700 0.064500 0.067200 0.052700 0.055300 0.051500 0.080500 0.088400 0.038800 0.091100 0.088400 0.068200 0.059300 0.045100 0.067000 0.055300 0.084700 0.060600 0.060600
MountainNy 0.072400 0.232000 0.022200 0.159200 0.072400 0.068500 0.061900 0.068500 0.000000 0.088400 0.075000 0.057900 0.073900 0.072600 0.076600 0.057900 0.084500 0.082000 0.068600 0.016000 0.060500 0.075000 0.089700 0.088600 0.072300 0.061900 0.067100 0.012300 0.067000 0.018500 0.092400 0.063300 0.112000 0.068400 0.077800 0.054100 0.071000 0.073700 0.074900 0.083200 0.091100 0.064600 0.089800 0.088400 0.055200 0.073800 0.069900 0.088300 0.072400 0.087400 0.012300 0.009800
MuntiacusM 0.095100 0.244300 0.085700 0.176800 0.087000 0.091000 0.081600 0.091100 0.088400 0.000000 0.094900 0.085800 0.092500 0.089900 0.096700 0.075000 0.083000 0.077900 0.093900 0.089700 0.077600 0.095000 0.025900 0.037300 0.094900 0.079100 0.086900 0.084400 0.084300 0.084400 0.007300 0.083100 0.106300 0.088300 0.099200 0.079100 0.093600 0.088300 0.091000 0.029700 0.027100 0.079200 0.008600 0.034700 0.080100 0.086900 0.081800 0.100400 0.089500 0.099600 0.080400 0.080300
goat 0.016000 0.230700 0.064500 0.170600 0.043700 0.012300 0.042400 0.059200 0.075000 0.094900 0.000000 0.068500 0.029800 0.049000 0.049000 0.046200 0.085700 0.084200 0.028500 0.073700 0.046200 0.017200 0.096400 0.097900 0.007300 0.048900 0.024700 0.069800 0.050100 0.063200 0.097600 0.038700 0.109100 0.026000 0.039900 0.075100 0.015600 0.043700 0.060500 0.089700 0.097600 0.046400 0.095000 0.095000 0.076200 0.055400 0.048900 0.071000 0.043700 0.092700 0.064500 0.067100
AfricanBuf 0.065900 0.225800 0.055300 0.162100 0.071100 0.061900 0.060600 0.061900 0.057900 0.085800 0.068500 0.000000 0.068600 0.071300 0.075300 0.056600 0.083200 0.080700 0.068700 0.059200 0.056600 0.068500 0.084400 0.085900 0.065800 0.055400 0.063200 0.055400 0.060500 0.051400 0.089800 0.062000 0.107900 0.064500 0.075100 0.036100 0.064500 0.069800 0.068400 0.075200 0.083000 0.058100 0.088500 0.083100 0.034800 0.075100 0.063400 0.081600 0.065800 0.088800 0.050200 0.050100
Topi 0.028600 0.232600 0.066000 0.168000 0.040000 0.024800 0.043800 0.058000 0.073900 0.092500 0.029800 0.068600 0.000000 0.050400 0.047800 0.043800 0.079200 0.082000 0.027400 0.072500 0.045100 0.031100 0.097900 0.096700 0.027300 0.047700 0.006000 0.068600 0.051500 0.067300 0.095200 0.038800 0.105200 0.007400 0.036200 0.074000 0.027300 0.041300 0.056600 0.087300 0.096500 0.049100 0.092500 0.092500 0.075100 0.055500 0.054200 0.067200 0.045100 0.094300 0.063300 0.065900
CommonDuik 0.051600 0.232900 0.063400 0.174100 0.050300 0.047700 0.028500 0.059400 0.072600 0.089900 0.049000 0.071300 0.050400 0.000000 0.055600 0.045100 0.077800 0.078000 0.050400 0.072600 0.045000 0.051600 0.091300 0.090100 0.046400 0.047800 0.043800 0.068700 0.054100 0.067300 0.092600 0.018500 0.110800 0.045100 0.058100 0.070000 0.047700 0.051600 0.056700 0.082000 0.089900 0.050400 0.089900 0.087200 0.071100 0.051600 0.056800 0.063200 0.050200 0.088800 0.063400 0.066000
Suni 0.049000 0.226600 0.068700 0.165600 0.050300 0.045200 0.049000 0.056800 0.076600 0.096700 0.049000 0.075300 0.047800 0.055600 0.000000 0.050300 0.087300 0.084800 0.046600 0.075300 0.050200 0.046400 0.096700 0.087400 0.046400 0.053000 0.041300 0.071400 0.056700 0.072600 0.099400 0.045200 0.106700 0.040000 0.056800 0.071400 0.045100 0.051600 0.064600 0.087400 0.095300 0.055600 0.096700 0.089900 0.069800 0.060800 0.058200 0.059300 0.049000 0.093000 0.066000 0.068600
Springbuck 0.043700 0.222700 0.047500 0.157600 0.042500 0.039900 0.038600 0.033600 0.057900 0.075000 0.046200 0.056600 0.043800 0.045100 0.050300 0.000000 0.071100 0.071300 0.045100 0.056600 0.022200 0.046300 0.079000 0.080500 0.043600 0.017300 0.038600 0.052700 0.016000 0.051400 0.077600 0.036100 0.094100 0.039900 0.052800 0.055300 0.042400 0.043700 0.041200 0.072500 0.080300 0.019800 0.075000 0.080300 0.056500 0.048900 0.034900 0.064400 0.047500 0.075300 0.047500 0.047500
Okapi 0.080400 0.246800 0.079100 0.156500 0.080400 0.076400 0.076300 0.079100 0.084500 0.083000 0.085700 0.083200 0.079200 0.077800 0.087300 0.071100 0.000000 0.024800 0.084600 0.083100 0.069800 0.083100 0.081800 0.083200 0.082900 0.072600 0.072400 0.079200 0.071100 0.075200 0.083000 0.073900 0.087500 0.073700 0.091200 0.081900 0.079000 0.080400 0.081800 0.076500 0.081700 0.069900 0.078900 0.077700 0.083000 0.087200 0.077900 0.095200 0.082900 0.083500 0.073800 0.073800
Giraffe 0.081600 0.236000 0.079300 0.146900 0.080600 0.077600 0.075200 0.079300 0.082000 0.077900 0.084200 0.080700 0.082000 0.078000 0.084800 0.071300 0.024800 0.000000 0.088500 0.083300 0.068600 0.078900 0.079300 0.080800 0.081400 0.072700 0.075200 0.079400 0.072600 0.075300 0.080600 0.074000 0.093000 0.076500 0.091400 0.076700 0.080200 0.080500 0.081900 0.075400 0.079200 0.067400 0.080700 0.078000 0.080500 0.084600 0.070100 0.098100 0.083100 0.082300 0.074000 0.074000
TibetanAnt 0.026100 0.231200 0.064700 0.166900 0.042600 0.022300 0.043800 0.055500 0.068600 0.093900 0.028500 0.068700 0.027400 0.050400 0.046600 0.045100 0.084600 0.088500 0.000000 0.071100 0.045100 0.028600 0.093900 0.094100 0.026000 0.046300 0.021100 0.066100 0.051500 0.066000 0.099300 0.040100 0.102500 0.022300 0.035000 0.072700 0.024800 0.043900 0.056700 0.084500 0.093900 0.049100 0.096700 0.093900 0.073800 0.054200 0.055600 0.067200 0.042600 0.094300 0.062100 0.064700
Sitatunga 0.071100 0.232100 0.018500 0.160600 0.071100 0.067100 0.061800 0.069700 0.016000 0.089700 0.073700 0.059200 0.072500 0.072600 0.075300 0.056600 0.083100 0.083300 0.071100 0.000000 0.060400 0.073700 0.093800 0.089900 0.071000 0.060600 0.065800 0.011100 0.065700 0.017200 0.093700 0.063300 0.107700 0.067100 0.080400 0.055400 0.069700 0.072400 0.073600 0.084500 0.092400 0.063300 0.091100 0.089700 0.056400 0.080400 0.071200 0.086900 0.068400 0.086100 0.011000 0.008600
Oribi 0.043700 0.221000 0.054000 0.160400 0.045000 0.039900 0.036000 0.037400 0.060500 0.077600 0.046200 0.056600 0.045100 0.045000 0.050200 0.022200 0.069800 0.068600 0.045100 0.060400 0.000000 0.043700 0.081600 0.080400 0.043600 0.022300 0.038600 0.056600 0.028500 0.055300 0.080200 0.036100 0.098100 0.039900 0.052700 0.057900 0.042400 0.046200 0.041100 0.072400 0.080200 0.024800 0.077600 0.080300 0.059000 0.050100 0.036100 0.059100 0.044900 0.073800 0.051400 0.051400
BarbaryShe 0.017000 0.233700 0.067100 0.167800 0.041200 0.013200 0.042400 0.056600 0.075000 0.095000 0.017200 0.068500 0.031100 0.051600 0.046400 0.046300 0.083100 0.078900 0.028600 0.073700 0.043700 0.000000 0.093700 0.092500 0.014700 0.046400 0.024700 0.069800 0.050100 0.065800 0.097700 0.041200 0.106300 0.026000 0.034900 0.069800 0.016000 0.041200 0.060500 0.087100 0.095000 0.049000 0.095100 0.095000 0.073600 0.058000 0.047700 0.071000 0.046300 0.092700 0.064500 0.067100
Daviddeer 0.091000 0.244500 0.089800 0.178400 0.091100 0.087000 0.082900 0.092500 0.089700 0.025900 0.096400 0.084400 0.097900 0.091300 0.096700 0.079000 0.081800 0.079300 0.093900 0.093800 0.081600 0.093700 0.000000 0.033400 0.093600 0.083200 0.091000 0.087100 0.083000 0.085700 0.028400 0.084400 0.107700 0.092300 0.099200 0.080400 0.092300 0.092300 0.092400 0.026000 0.015900 0.085900 0.029700 0.032800 0.081500 0.088300 0.083200 0.101800 0.090900 0.098300 0.084400 0.084400
Reindeer 0.095200 0.243100 0.088600 0.169900 0.089900 0.091200 0.081700 0.088600 0.088600 0.037300 0.097900 0.085900 0.096700 0.090100 0.087400 0.080500 0.083200 0.080800 0.094100 0.089900 0.080400 0.092500 0.033400 0.000000 0.095000 0.082000 0.089800 0.086000 0.087200 0.087200 0.039900 0.083200 0.106500 0.091100 0.095300 0.076500 0.093800 0.091100 0.091200 0.024800 0.034800 0.084700 0.041200 0.012000 0.080300 0.089800 0.082000 0.097900 0.087000 0.094300 0.083200 0.080500
Ibex 0.013500 0.233500 0.061800 0.167400 0.041200 0.009800 0.039800 0.056500 0.072300 0.094900 0.007300 0.065800 0.027300 0.046400 0.046400 0.043600 0.082900 0.081400 0.026000 0.071000 0.043600 0.014700 0.093600 0.095000 0.000000 0.046300 0.022200 0.067100 0.047500 0.063100 0.097600 0.036100 0.106200 0.023500 0.037400 0.072400 0.013500 0.041100 0.057800 0.087000 0.094800 0.046400 0.094900 0.094900 0.073400 0.055300 0.048900 0.068200 0.043700 0.089900 0.061800 0.064400
GyrantGaze 0.046400 0.227800 0.054100 0.157900 0.045100 0.042500 0.033600 0.033600 0.061900 0.079100 0.048900 0.055400 0.047700 0.047800 0.053000 0.017300 0.072600 0.072700 0.046300 0.060600 0.022300 0.046400 0.083200 0.082000 0.046300 0.000000 0.041200 0.056700 0.026000 0.055400 0.081800 0.038700 0.095600 0.042500 0.055400 0.056800 0.045100 0.046300 0.036100 0.071300 0.081800 0.012300 0.079200 0.081800 0.057800 0.051600 0.033700 0.061900 0.046300 0.076800 0.051500 0.051500
Hartebeest 0.022300 0.225800 0.059300 0.161900 0.033600 0.018500 0.037300 0.051400 0.067100 0.086900 0.024700 0.063200 0.006000 0.043800 0.041300 0.038600 0.072400 0.075200 0.021100 0.065800 0.038600 0.024700 0.091000 0.089800 0.022200 0.041200 0.000000 0.061900 0.045000 0.060600 0.089600 0.033600 0.098100 0.001200 0.029800 0.067200 0.021000 0.034800 0.050100 0.080400 0.089600 0.043800 0.086900 0.086900 0.068300 0.050200 0.048900 0.060500 0.038600 0.087300 0.056700 0.059300
Bongo 0.067200 0.232400 0.017200 0.159300 0.067200 0.063300 0.058000 0.065900 0.012300 0.084400 0.069800 0.055400 0.068600 0.068700 0.071400 0.052700 0.079200 0.079400 0.066100 0.011100 0.056600 0.069800 0.087100 0.086000 0.067100 0.056700 0.061900 0.000000 0.061800 0.016000 0.088400 0.059400 0.106600 0.063200 0.073900 0.051500 0.065800 0.068500 0.069700 0.080600 0.088400 0.059400 0.085800 0.085800 0.052600 0.076500 0.067300 0.083000 0.064500 0.086200 0.009800 0.007400
Gerenuk 0.047600 0.227200 0.056600 0.165000 0.051400 0.043700 0.044900 0.038700 0.067000 0.084300 0.050100 0.060500 0.051500 0.054100 0.056700 0.016000 0.071100 0.072600 0.051500 0.065700 0.028500 0.050100 0.083000 0.087200 0.047500 0.026000 0.045000 0.061800 0.000000 0.057900 0.086900 0.045000 0.098100 0.046200 0.059200 0.064500 0.043700 0.048800 0.047600 0.079100 0.084300 0.026100 0.084300 0.084300 0.063000 0.056600 0.038700 0.070900 0.054000 0.078000 0.056600 0.056600
CommonElan 0.063200 0.224200 0.018400 0.157700 0.063200 0.059300 0.056600 0.064500 0.018500 0.084400 0.063200 0.051400 0.067300 0.067300 0.072600 0.051400 0.075200 0.075300 0.066000 0.017200 0.055300 0.065800 0.085700 0.087200 0.063100 0.055400 0.060600 0.016000 0.057900 0.000000 0.088400 0.058100 0.105100 0.061900 0.075100 0.050200 0.061900 0.067100 0.068300 0.079200 0.087000 0.058100 0.085700 0.087100 0.051300 0.075100 0.063400 0.081600 0.063200 0.082000 0.011000 0.011000
MuntiacusR 0.097800 0.247500 0.089700 0.179800 0.089700 0.093700 0.084200 0.093800 0.092400 0.007300 0.097600 0.089800 0.095200 0.092600 0.099400 0.077600 0.083000 0.080600 0.099300 0.093700 0.080200 0.097700 0.028400 0.039900 0.097600 0.081800 0.089600 0.088400 0.086900 0.088400 0.000000 0.085700 0.109000 0.090900 0.101900 0.083100 0.096300 0.090900 0.093700 0.032300 0.029700 0.081900 0.008600 0.037300 0.084100 0.089600 0.084500 0.104500 0.092200 0.102300 0.084400 0.084300
HarveysDui 0.041200 0.221600 0.054200 0.163600 0.041300 0.037400 0.022200 0.051500 0.063300 0.083100 0.038700 0.062000 0.038800 0.018500 0.045200 0.036100 0.073900 0.074000 0.040100 0.063300 0.036100 0.041200 0.084400 0.083200 0.036100 0.038700 0.033600 0.059400 0.045000 0.058100 0.085700 0.000000 0.102400 0.034900 0.046400 0.060800 0.037400 0.042500 0.047600 0.075200 0.083000 0.043900 0.083100 0.080400 0.061800 0.045100 0.047700 0.060500 0.042500 0.076700 0.054200 0.056800
Pronghorn 0.106400 0.248300 0.103700 0.193800 0.106400 0.102300 0.099500 0.102400 0.112000 0.106300 0.109100 0.107900 0.105200 0.110800 0.106700 0.094100 0.087500 0.093000 0.102500 0.107700 0.098100 0.106300 0.107700 0.106500 0.106200 0.095600 0.098100 0.106600 0.098100 0.105100 0.109000 0.102400 0.000000 0.096800 0.110500 0.106600 0.104900 0.107700 0.110400 0.098300 0.104900 0.098400 0.107700 0.103500 0.105000 0.116200 0.107900 0.114800 0.106400 0.108200 0.098300 0.101000
BlueWildeb 0.023500 0.224200 0.060600 0.160500 0.034800 0.019800 0.038600 0.052700 0.068400 0.088300 0.026000 0.064500 0.007400 0.045100 0.040000 0.039900 0.073700 0.076500 0.022300 0.067100 0.039900 0.026000 0.092300 0.091100 0.023500 0.042500 0.001200 0.063200 0.046200 0.061900 0.090900 0.034900 0.096800 0.000000 0.031100 0.068500 0.022200 0.036100 0.051400 0.081700 0.090900 0.045100 0.088300 0.088300 0.069600 0.051500 0.050200 0.059200 0.039900 0.088600 0.058000 0.060600
Gemsbok 0.040000 0.233900 0.071200 0.177100 0.051500 0.036100 0.050200 0.064500 0.077800 0.099200 0.039900 0.075100 0.036200 0.058100 0.056800 0.052800 0.091200 0.091400 0.035000 0.080400 0.052700 0.034900 0.099200 0.095300 0.037400 0.055400 0.029800 0.073900 0.059200 0.075100 0.101900 0.046400 0.110500 0.031100 0.000000 0.076500 0.038700 0.052800 0.060600 0.092600 0.100500 0.058100 0.102000 0.100600 0.080300 0.068500 0.062000 0.080300 0.051500 0.098300 0.071200 0.073800
Yak 0.072500 0.237000 0.051500 0.168200 0.068600 0.068600 0.059300 0.067200 0.054100 0.079100 0.075100 0.036100 0.074000 0.070000 0.071400 0.055300 0.081900 0.076700 0.072700 0.055400 0.057900 0.069800 0.080400 0.076500 0.072400 0.056800 0.067200 0.051500 0.064500 0.050200 0.083100 0.060800 0.106600 0.068500 0.076500 0.000000 0.071100 0.069800 0.072400 0.071200 0.079000 0.059400 0.081800 0.079100 0.006100 0.072500 0.064700 0.083000 0.069700 0.084800 0.046400 0.046300
BlueSheep 0.016000 0.232100 0.063200 0.169100 0.037400 0.012300 0.041100 0.052700 0.071000 0.093600 0.015600 0.064500 0.027300 0.047700 0.045100 0.042400 0.079000 0.080200 0.024800 0.069700 0.042400 0.016000 0.092300 0.093800 0.013500 0.045100 0.021000 0.065800 0.043700 0.061900 0.096300 0.037400 0.104900 0.022200 0.038700 0.071100 0.000000 0.034800 0.056600 0.084400 0.090900 0.042500 0.093600 0.090900 0.072200 0.054100 0.045100 0.067000 0.039900 0.091300 0.060600 0.063200
BohorReedb 0.043700 0.229200 0.063200 0.164900 0.008600 0.039900 0.042400 0.055300 0.073700 0.088300 0.043700 0.069800 0.041300 0.051600 0.051600 0.043700 0.080400 0.080500 0.043900 0.072400 0.046200 0.041200 0.092300 0.091100 0.041100 0.046300 0.034800 0.068500 0.048800 0.067100 0.090900 0.042500 0.107700 0.036100 0.052800 0.069800 0.034800 0.000000 0.060500 0.083100 0.085500 0.042500 0.088300 0.088300 0.072300 0.055400 0.047600 0.068400 0.046300 0.088700 0.063200 0.065800
KirksDik 0.057900 0.233600 0.064400 0.166500 0.059200 0.054000 0.045000 0.051500 0.074900 0.091000 0.060500 0.068400 0.056600 0.056700 0.064600 0.041200 0.081800 0.081900 0.056700 0.073600 0.041100 0.060500 0.092400 0.091200 0.057800 0.036100 0.050100 0.069700 0.047600 0.068300 0.093700 0.047600 0.110400 0.051400 0.060600 0.072400 0.056600 0.060500 0.000000 0.080400 0.088300 0.043900 0.093800 0.091000 0.073400 0.057900 0.051500 0.066900 0.059100 0.094100 0.064400 0.064400
RoeDeer 0.087100 0.236300 0.080500 0.166400 0.081800 0.083100 0.073700 0.080500 0.083200 0.029700 0.089700 0.075200 0.087300 0.082000 0.087400 0.072500 0.076500 0.075400 0.084500 0.084500 0.072400 0.087100 0.026000 0.024800 0.087000 0.071300 0.080400 0.080600 0.079100 0.079200 0.032300 0.075200 0.098300 0.081700 0.092600 0.071200 0.084400 0.083100 0.080400 0.000000 0.027200 0.076700 0.033600 0.024700 0.073200 0.081800 0.076700 0.089700 0.081700 0.088900 0.075200 0.075200
WhiteLippe 0.095000 0.244400 0.088400 0.177900 0.087000 0.091000 0.081500 0.088400 0.091100 0.027100 0.097600 0.083000 0.096500 0.089900 0.095300 0.080300 0.081700 0.079200 0.093900 0.092400 0.080200 0.095000 0.015900 0.034800 0.094800 0.081800 0.089600 0.088400 0.084300 0.087000 0.029700 0.083000 0.104900 0.090900 0.100500 0.079000 0.090900 0.085500 0.088300 0.027200 0.000000 0.080500 0.030900 0.030900 0.080100 0.088300 0.081800 0.100400 0.089500 0.095500 0.083000 0.083000
ThomsonGaz 0.046400 0.228000 0.056800 0.161100 0.045200 0.042600 0.041300 0.038800 0.064600 0.079200 0.046400 0.058100 0.049100 0.050400 0.055600 0.019800 0.069900 0.067400 0.049100 0.063300 0.024800 0.049000 0.085900 0.084700 0.046400 0.012300 0.043800 0.059400 0.026100 0.058100 0.081900 0.043900 0.098400 0.045100 0.058100 0.059400 0.042500 0.042500 0.043900 0.076700 0.080500 0.000000 0.079200 0.076500 0.060500 0.051600 0.029900 0.067200 0.047600 0.076800 0.054200 0.054200
MuntiacusC 0.095100 0.252500 0.087100 0.176800 0.087000 0.091000 0.081600 0.091100 0.089800 0.008600 0.095000 0.088500 0.092500 0.089900 0.096700 0.075000 0.078900 0.080700 0.096700 0.091100 0.077600 0.095100 0.029700 0.041200 0.094900 0.079200 0.086900 0.085800 0.084300 0.085700 0.008600 0.083100 0.107700 0.088300 0.102000 0.081800 0.093600 0.088300 0.093800 0.033600 0.030900 0.079200 0.000000 0.038600 0.082800 0.086900 0.081900 0.101800 0.089600 0.101000 0.081700 0.081700
WhiteTaile 0.095100 0.236200 0.088400 0.171000 0.089700 0.091000 0.078900 0.088400 0.088400 0.034700 0.095000 0.083100 0.092500 0.087200 0.089900 0.080300 0.077700 0.078000 0.093900 0.089700 0.080300 0.095000 0.032800 0.012000 0.094900 0.081800 0.086900 0.085800 0.084300 0.087100 0.037300 0.080400 0.103500 0.088300 0.100600 0.079100 0.090900 0.088300 0.091000 0.024700 0.030900 0.076500 0.038600 0.000000 0.080200 0.081600 0.076500 0.097700 0.089500 0.091400 0.083100 0.080400
Cattle 0.073600 0.231600 0.052600 0.170600 0.071000 0.069600 0.060400 0.068200 0.055200 0.080100 0.076200 0.034800 0.075100 0.071100 0.069800 0.056500 0.083000 0.080500 0.073800 0.056400 0.059000 0.073600 0.081500 0.080300 0.073400 0.057800 0.068300 0.052600 0.063000 0.051300 0.084100 0.061800 0.105000 0.069600 0.080300 0.006100 0.072200 0.072300 0.073400 0.073200 0.080100 0.060500 0.082800 0.080200 0.000000 0.073500 0.065800 0.084100 0.070800 0.085900 0.047400 0.047400
RoyalAntel 0.058000 0.232200 0.071200 0.175400 0.054100 0.054100 0.042500 0.059300 0.073800 0.086900 0.055400 0.075100 0.055500 0.051600 0.060800 0.048900 0.087200 0.084600 0.054200 0.080400 0.050100 0.058000 0.088300 0.089800 0.055300 0.051600 0.050200 0.076500 0.056600 0.075100 0.089600 0.045100 0.116200 0.051500 0.068500 0.072500 0.054100 0.055400 0.057900 0.081800 0.088300 0.051600 0.086900 0.081600 0.073500 0.000000 0.056800 0.064300 0.051400 0.090000 0.071200 0.071200
Steenbok 0.051500 0.220900 0.064700 0.159400 0.050300 0.047700 0.043800 0.045100 0.069900 0.081800 0.048900 0.063400 0.054200 0.056800 0.058200 0.034900 0.077900 0.070100 0.055600 0.071200 0.036100 0.047700 0.083200 0.082000 0.048900 0.033700 0.048900 0.067300 0.038700 0.063400 0.084500 0.047700 0.107900 0.050200 0.062000 0.064700 0.045100 0.047600 0.051500 0.076700 0.081800 0.029900 0.081900 0.076500 0.065800 0.056800 0.000000 0.072400 0.055400 0.083500 0.062000 0.062000
Impala 0.071000 0.241800 0.080300 0.178600 0.067100 0.067000 0.060400 0.067000 0.088300 0.100400 0.071000 0.081600 0.067200 0.063200 0.059300 0.064400 0.095200 0.098100 0.067200 0.086900 0.059100 0.071000 0.101800 0.097900 0.068200 0.061900 0.060500 0.083000 0.070900 0.081600 0.104500 0.060500 0.114800 0.059200 0.080300 0.083000 0.067000 0.068400 0.066900 0.089700 0.100400 0.067200 0.101800 0.097700 0.084100 0.064300 0.072400 0.000000 0.065600 0.105100 0.077600 0.077600
Klipspring 0.046300 0.223900 0.064500 0.169200 0.045000 0.042500 0.041100 0.055300 0.072400 0.089500 0.043700 0.065800 0.045100 0.050200 0.049000 0.047500 0.082900 0.083100 0.042600 0.068400 0.044900 0.046300 0.090900 0.087000 0.043700 0.046300 0.038600 0.064500 0.054000 0.063200 0.092200 0.042500 0.106400 0.039900 0.051500 0.069700 0.039900 0.046300 0.059100 0.081700 0.089500 0.047600 0.089600 0.089500 0.070800 0.051400 0.055400 0.065600 0.000000 0.092700 0.061900 0.064500
ForestMusk 0.092800 0.244400 0.083400 0.183300 0.087400 0.088700 0.077800 0.084700 0.087400 0.099600 0.092700 0.088800 0.094300 0.088800 0.093000 0.075300 0.083500 0.082300 0.094300 0.086100 0.073800 0.092700 0.098300 0.094300 0.089900 0.076800 0.087300 0.086200 0.078000 0.082000 0.102300 0.076700 0.108200 0.088600 0.098300 0.084800 0.091300 0.088700 0.094100 0.088900 0.095500 0.076800 0.101000 0.091400 0.085900 0.090000 0.083500 0.105100 0.092700 0.000000 0.078100 0.078000
Bushbuck 0.061900 0.226000 0.012300 0.159000 0.062000 0.058000 0.052800 0.060600 0.012300 0.080400 0.064500 0.050200 0.063300 0.063400 0.066000 0.047500 0.073800 0.074000 0.062100 0.011000 0.051400 0.064500 0.084400 0.083200 0.061800 0.051500 0.056700 0.009800 0.056600 0.011000 0.084400 0.054200 0.098300 0.058000 0.071200 0.046400 0.060600 0.063200 0.064400 0.075200 0.083000 0.054200 0.081700 0.083100 0.047400 0.071200 0.062000 0.077600 0.061900 0.078100 0.000000 0.004900
GreaterKud 0.064500 0.228900 0.014700 0.153300 0.064500 0.060600 0.055300 0.060600 0.009800 0.080300 0.067100 0.050100 0.065900 0.066000 0.068600 0.047500 0.073800 0.074000 0.064700 0.008600 0.051400 0.067100 0.084400 0.080500 0.064400 0.051500 0.059300 0.007400 0.056600 0.011000 0.084300 0.056800 0.101000 0.060600 0.073800 0.046300 0.063200 0.065800 0.064400 0.075200 0.083000 0.054200 0.081700 0.080400 0.047400 0.071200 0.062000 0.077600 0.064500 0.078000 0.004900 0.000000
