1
52 1
Argali 0.000000 0.247500 0.074400 0.259100 0.043000 0.000000 0.035700 0.043300 0.074500 0.236100 0.021500 0.036300 0.014200 0.043200 0.028600 0.065600 0.075100 0.075200 0.043700 0.066400 0.043300 0.007100 0.190300 0.175200 0.014200 0.051000 0.014200 0.074300 0.058200 0.074200 0.256000 0.036400 0.091800 0.014200 0.021400 0.043800 0.007100 0.065200 0.051100 0.201600 0.199900 0.058400 0.236300 0.191300 0.066700 0.035700 0.043200 0.036000 0.036100 0.108000 0.074200 0.074200
LesserMous 0.247500 0.000000 0.302500 0.217400 0.254700 0.247500 0.266300 0.277300 0.302800 0.379500 0.229800 0.249000 0.257600 0.247300 0.258300 0.265900 0.212400 0.212400 0.239800 0.290300 0.257000 0.257300 0.345600 0.307000 0.238200 0.289600 0.257600 0.301700 0.277900 0.290700 0.388700 0.272800 0.234400 0.257600 0.277800 0.259700 0.238200 0.254600 0.269700 0.306300 0.335700 0.278300 0.358000 0.325500 0.279300 0.246300 0.275700 0.268600 0.249100 0.224200 0.290700 0.301000
LesserKudu 0.074400 0.302500 0.000000 0.282500 0.065800 0.074400 0.081500 0.074300 0.014400 0.236600 0.082600 0.035900 0.058700 0.106000 0.058800 0.097600 0.091400 0.091600 0.098600 0.007100 0.074300 0.081900 0.190900 0.193000 0.074300 0.082500 0.058700 0.014400 0.090000 0.014300 0.256700 0.091400 0.108600 0.058600 0.081800 0.043900 0.082200 0.096600 0.098900 0.202100 0.200300 0.090200 0.236800 0.209400 0.074500 0.081800 0.074100 0.066600 0.082700 0.125300 0.014300 0.014300
KillerWhal 0.259100 0.217400 0.282500 0.000000 0.256600 0.259100 0.278300 0.238000 0.282500 0.435300 0.240800 0.230000 0.238500 0.269000 0.239100 0.227600 0.203500 0.194000 0.251300 0.270500 0.218800 0.269400 0.377500 0.359600 0.249300 0.249400 0.238500 0.281500 0.258500 0.270800 0.392500 0.285400 0.215400 0.238500 0.248900 0.240200 0.259800 0.265700 0.250700 0.371400 0.366900 0.249100 0.412600 0.378700 0.281300 0.247200 0.237500 0.256700 0.250100 0.195600 0.270800 0.281000
DefassaWat 0.043000 0.254700 0.065800 0.256600 0.000000 0.043000 0.065000 0.042800 0.066100 0.234500 0.050500 0.028500 0.028300 0.072800 0.028300 0.065000 0.074300 0.074500 0.058000 0.057300 0.042900 0.050100 0.189200 0.173900 0.042900 0.050500 0.028500 0.065900 0.057600 0.065600 0.254200 0.066200 0.090800 0.028200 0.050100 0.036000 0.050300 0.035100 0.065800 0.200200 0.198600 0.057800 0.234600 0.190000 0.066000 0.050100 0.042800 0.035600 0.050600 0.106900 0.065600 0.065800
Sheep 0.000000 0.247500 0.074400 0.259100 0.043000 0.000000 0.035700 0.043300 0.074500 0.236100 0.021500 0.036300 0.014200 0.043200 0.028600 0.065600 0.075100 0.075200 0.043700 0.066400 0.043300 0.007100 0.190300 0.175200 0.014200 0.051000 0.014200 0.074300 0.058200 0.074200 0.256000 0.036400 0.091800 0.014200 0.021400 0.043800 0.007100 0.065200 0.051100 0.201600 0.199900 0.058400 0.236300 0.191300 0.066700 0.035700 0.043200 0.036000 0.036100 0.108000 0.074200 0.074200
MaxwellsDu 0.035700 0.266300 0.081500 0.278300 0.065000 0.035700 0.000000 0.065400 0.081600 0.253900 0.058300 0.050900 0.050500 0.049900 0.050500 0.088200 0.090400 0.090600 0.081400 0.073500 0.065500 0.043000 0.207100 0.191600 0.050600 0.073400 0.050500 0.081400 0.080700 0.081300 0.274200 0.028500 0.107400 0.050500 0.057900 0.058600 0.043200 0.087800 0.073600 0.218700 0.216900 0.080900 0.254000 0.208000 0.081700 0.057700 0.065400 0.042700 0.058300 0.123800 0.081300 0.081300
GazellaPrz 0.043300 0.277300 0.074300 0.238000 0.042800 0.043300 0.065400 0.000000 0.074300 0.235800 0.051100 0.036200 0.028500 0.073300 0.028600 0.035600 0.074900 0.075000 0.074000 0.066300 0.014200 0.050600 0.189900 0.174900 0.043400 0.021400 0.028500 0.074200 0.028500 0.074000 0.255700 0.066700 0.091500 0.028500 0.050600 0.043700 0.050800 0.065000 0.036200 0.201300 0.199500 0.028500 0.235900 0.190900 0.059000 0.050400 0.014100 0.035900 0.051000 0.107700 0.074000 0.074000
MountainNy 0.074500 0.302800 0.014400 0.282500 0.066100 0.074500 0.081600 0.074300 0.000000 0.237400 0.082900 0.036400 0.058900 0.106100 0.059000 0.097700 0.091500 0.091600 0.099000 0.007100 0.074400 0.082200 0.191200 0.193500 0.074600 0.082600 0.058900 0.000100 0.090000 0.014300 0.257500 0.091500 0.108700 0.058900 0.082200 0.043900 0.082500 0.097100 0.099000 0.185000 0.200900 0.090300 0.237600 0.210000 0.074600 0.081900 0.074200 0.066700 0.082800 0.125400 0.014300 0.014300
MuntiacusM 0.236100 0.379500 0.236600 0.435300 0.234500 0.236100 0.253900 0.235800 0.237400 0.000000 0.246400 0.209100 0.217500 0.273100 0.217700 0.262400 0.219400 0.220300 0.255600 0.226900 0.235500 0.244900 0.062600 0.092100 0.236500 0.245800 0.217500 0.236900 0.254300 0.236400 0.034400 0.257200 0.239500 0.217500 0.226100 0.218800 0.245600 0.244600 0.256600 0.099800 0.069600 0.254400 0.013500 0.091800 0.256600 0.209500 0.217000 0.209000 0.247400 0.238300 0.236400 0.236600
goat 0.021500 0.229800 0.082600 0.240800 0.050500 0.021500 0.058300 0.051100 0.082900 0.246400 0.000000 0.043900 0.021500 0.051000 0.036200 0.073700 0.067800 0.083800 0.036200 0.074100 0.051100 0.028700 0.200100 0.184700 0.007100 0.059000 0.021500 0.082700 0.066300 0.082400 0.266700 0.059500 0.100600 0.021500 0.043200 0.051700 0.014300 0.073000 0.044000 0.211500 0.209600 0.051200 0.246600 0.200900 0.082900 0.043400 0.051000 0.043700 0.043800 0.117200 0.082400 0.082600
AfricanBuf 0.036300 0.249000 0.035900 0.230000 0.028500 0.036300 0.050900 0.036200 0.036400 0.209100 0.043900 0.000000 0.021400 0.066400 0.021500 0.058500 0.051900 0.052000 0.059100 0.028600 0.036200 0.043600 0.164900 0.150200 0.036300 0.043900 0.021400 0.036300 0.051100 0.036100 0.228200 0.052000 0.068000 0.021500 0.043500 0.007100 0.043700 0.056900 0.059300 0.175700 0.174200 0.051300 0.209300 0.165900 0.036300 0.043500 0.036200 0.028900 0.044000 0.083900 0.036100 0.036200
Topi 0.014200 0.257600 0.058700 0.238500 0.028300 0.014200 0.050500 0.028500 0.058900 0.217500 0.021500 0.021400 0.000000 0.058100 0.014100 0.050500 0.059400 0.059500 0.043500 0.050900 0.028600 0.021300 0.172900 0.158000 0.014200 0.036000 0.000000 0.058800 0.043200 0.058500 0.236800 0.051400 0.075600 0.000000 0.021300 0.028900 0.021400 0.050000 0.051100 0.183800 0.182300 0.043300 0.217700 0.173800 0.058900 0.035700 0.028500 0.021300 0.036100 0.091500 0.058500 0.058700
CommonDuik 0.043200 0.247300 0.106000 0.269000 0.072800 0.043200 0.049900 0.073300 0.106100 0.273100 0.051000 0.066400 0.058100 0.000000 0.058200 0.080700 0.090800 0.107200 0.073900 0.097600 0.058100 0.050600 0.207500 0.192300 0.043300 0.081400 0.058100 0.105900 0.088700 0.105700 0.255600 0.050800 0.124500 0.058100 0.065700 0.074300 0.035900 0.095800 0.081600 0.201400 0.199700 0.073500 0.254100 0.208700 0.097900 0.065400 0.073200 0.050200 0.050900 0.124500 0.105700 0.105700
Suni 0.028600 0.258300 0.058800 0.239100 0.028300 0.028600 0.050500 0.028600 0.059000 0.217700 0.036200 0.021500 0.014100 0.058200 0.000000 0.050500 0.059500 0.059600 0.058600 0.050700 0.028600 0.035800 0.173100 0.158200 0.028600 0.036100 0.014100 0.058900 0.043300 0.058000 0.237000 0.051500 0.075700 0.014100 0.035600 0.028900 0.036100 0.050200 0.051200 0.183900 0.182400 0.043400 0.217800 0.174000 0.059000 0.035800 0.028500 0.021400 0.036200 0.091700 0.057900 0.058800
Springbuck 0.065600 0.265900 0.097600 0.227600 0.065000 0.065600 0.088200 0.035600 0.097700 0.262400 0.073700 0.058500 0.050500 0.080700 0.050500 0.000000 0.090500 0.090600 0.081500 0.089300 0.021200 0.073100 0.215500 0.200000 0.065700 0.043200 0.050500 0.097400 0.050200 0.089400 0.263500 0.090000 0.115700 0.050500 0.073100 0.066300 0.073400 0.072400 0.058400 0.209200 0.207400 0.050400 0.243800 0.216400 0.097600 0.072800 0.035600 0.058000 0.058300 0.099300 0.089400 0.097200
Okapi 0.075100 0.212400 0.091400 0.203500 0.074300 0.075100 0.090400 0.074900 0.091500 0.219400 0.067800 0.051900 0.059400 0.090800 0.059500 0.090500 0.000000 0.014700 0.083600 0.083100 0.075000 0.082900 0.174700 0.159800 0.059600 0.083300 0.059400 0.091200 0.090800 0.082900 0.239100 0.092300 0.053000 0.059400 0.082800 0.059700 0.067400 0.089900 0.099800 0.185800 0.184200 0.075200 0.219800 0.175600 0.091300 0.082500 0.074800 0.067200 0.083400 0.068900 0.082900 0.091000
Giraffe 0.075200 0.212400 0.091600 0.194000 0.074500 0.075200 0.090600 0.075000 0.091600 0.220300 0.083800 0.052000 0.059500 0.107200 0.059600 0.090600 0.014700 0.000000 0.100000 0.083200 0.075100 0.083100 0.174700 0.160300 0.075400 0.083400 0.059500 0.091400 0.090900 0.083100 0.240000 0.092500 0.053100 0.059500 0.083000 0.059900 0.083400 0.090100 0.099900 0.186500 0.184900 0.091200 0.220700 0.176300 0.091500 0.082700 0.074900 0.067300 0.083600 0.069000 0.083100 0.091200
TibetanAnt 0.043700 0.239800 0.098600 0.251300 0.058000 0.043700 0.081400 0.074000 0.099000 0.255600 0.036200 0.059100 0.043500 0.073900 0.058600 0.081500 0.083600 0.100000 0.000000 0.090200 0.074000 0.051000 0.210200 0.193300 0.028800 0.082200 0.043500 0.098700 0.089600 0.090300 0.276200 0.083100 0.109000 0.043500 0.066200 0.067100 0.036200 0.080700 0.082500 0.220500 0.218500 0.074200 0.255900 0.209600 0.098900 0.065900 0.073900 0.066400 0.066700 0.125700 0.090300 0.098500
Sitatunga 0.066400 0.290300 0.007100 0.270500 0.057300 0.066400 0.073500 0.066300 0.007100 0.226900 0.074100 0.028600 0.050900 0.097600 0.050700 0.089300 0.083100 0.083200 0.090200 0.000000 0.066300 0.073800 0.181800 0.183800 0.065800 0.074400 0.050900 0.007100 0.081800 0.007100 0.246600 0.083100 0.100000 0.050900 0.073800 0.036300 0.074100 0.088500 0.090500 0.192800 0.191100 0.082000 0.227100 0.200000 0.066500 0.073700 0.066200 0.058800 0.074500 0.116400 0.007100 0.007100
Oribi 0.043300 0.257000 0.074300 0.218800 0.042900 0.043300 0.065500 0.014200 0.074400 0.235500 0.051100 0.036200 0.028600 0.058100 0.028600 0.021200 0.075000 0.075100 0.074000 0.066300 0.000000 0.050700 0.189800 0.174800 0.043400 0.021400 0.028600 0.074200 0.028700 0.074100 0.236600 0.066800 0.091600 0.028600 0.050700 0.043800 0.050900 0.065100 0.036200 0.183700 0.182100 0.028500 0.217500 0.190900 0.074300 0.050500 0.014100 0.035900 0.036100 0.091500 0.074100 0.074100
BarbaryShe 0.007100 0.257300 0.081900 0.269400 0.050100 0.007100 0.043000 0.050600 0.082200 0.244900 0.028700 0.043600 0.021300 0.050600 0.035800 0.073100 0.082900 0.083100 0.051000 0.073800 0.050700 0.000000 0.198900 0.183400 0.021300 0.058500 0.021300 0.082000 0.065700 0.081700 0.264900 0.043900 0.099700 0.021300 0.028400 0.051300 0.014200 0.072500 0.058600 0.210100 0.208400 0.065900 0.245100 0.199600 0.074300 0.043000 0.050600 0.043300 0.043500 0.116200 0.081700 0.081900
Daviddeer 0.190300 0.345600 0.190900 0.377500 0.189200 0.190300 0.207100 0.189900 0.191200 0.062600 0.200100 0.164900 0.172900 0.207500 0.173100 0.215500 0.174700 0.174700 0.210200 0.181800 0.189800 0.198900 0.000000 0.055300 0.190800 0.198700 0.172900 0.190900 0.207500 0.190700 0.070100 0.209800 0.193300 0.172900 0.181100 0.173700 0.199500 0.198500 0.209100 0.062600 0.006700 0.207700 0.062400 0.055100 0.209300 0.198800 0.189400 0.181700 0.200200 0.210500 0.190700 0.190500
Reindeer 0.175200 0.307000 0.193000 0.359600 0.173900 0.175200 0.191600 0.174900 0.193500 0.092100 0.184700 0.150200 0.158000 0.192300 0.158200 0.200000 0.159800 0.160300 0.193300 0.183800 0.174800 0.183400 0.055300 0.000000 0.175500 0.184300 0.158000 0.193200 0.192100 0.192700 0.100100 0.194500 0.178100 0.158000 0.183300 0.142300 0.184000 0.182800 0.193900 0.076900 0.062100 0.192300 0.091900 0.013400 0.176200 0.175000 0.174000 0.166800 0.185200 0.177300 0.192700 0.192800
Ibex 0.014200 0.238200 0.074300 0.249300 0.042900 0.014200 0.050600 0.043400 0.074600 0.236500 0.007100 0.036300 0.014200 0.043300 0.028600 0.065700 0.059600 0.075400 0.028800 0.065800 0.043400 0.021300 0.190800 0.175500 0.000000 0.051100 0.014200 0.074500 0.058400 0.074100 0.256400 0.051600 0.091900 0.014200 0.036000 0.043900 0.007100 0.065100 0.051300 0.201900 0.200200 0.043500 0.236600 0.191600 0.074600 0.035800 0.043300 0.036000 0.036200 0.108200 0.074100 0.074300
GyrantGaze 0.051000 0.289600 0.082500 0.249400 0.050500 0.051000 0.073400 0.021400 0.082600 0.245800 0.059000 0.043900 0.036000 0.081400 0.036100 0.043200 0.083300 0.083400 0.082200 0.074400 0.021400 0.058500 0.198700 0.184300 0.051100 0.000000 0.036000 0.082400 0.036000 0.082300 0.266200 0.074900 0.100300 0.036000 0.058400 0.051500 0.058700 0.073000 0.043800 0.211100 0.209200 0.007100 0.246100 0.200500 0.082500 0.058200 0.021300 0.043500 0.058800 0.116700 0.082300 0.082200
Hartebeest 0.014200 0.257600 0.058700 0.238500 0.028500 0.014200 0.050500 0.028500 0.058900 0.217500 0.021500 0.021400 0.000000 0.058100 0.014100 0.050500 0.059400 0.059500 0.043500 0.050900 0.028600 0.021300 0.172900 0.158000 0.014200 0.036000 0.000000 0.058800 0.043200 0.058500 0.236800 0.051400 0.075600 0.000000 0.021300 0.028900 0.021400 0.050000 0.051100 0.183800 0.182300 0.043300 0.217700 0.173800 0.058900 0.035700 0.028500 0.021300 0.036100 0.091500 0.058500 0.058700
Bongo 0.074300 0.301700 0.014400 0.281500 0.065900 0.074300 0.081400 0.074200 0.000100 0.236900 0.082700 0.036300 0.058800 0.105900 0.058900 0.097400 0.091200 0.091400 0.098700 0.007100 0.074200 0.082000 0.190900 0.193200 0.074500 0.082400 0.058800 0.000000 0.089900 0.014300 0.257100 0.091300 0.108400 0.058800 0.082000 0.044000 0.082300 0.096800 0.098800 0.184700 0.200500 0.090100 0.237200 0.209600 0.074200 0.081700 0.074100 0.066600 0.082600 0.125100 0.014300 0.014300
Gerenuk 0.058200 0.277900 0.090000 0.258500 0.057600 0.058200 0.080700 0.028500 0.090000 0.254300 0.066300 0.051100 0.043200 0.088700 0.043300 0.050200 0.090800 0.090900 0.089600 0.081800 0.028700 0.065700 0.207500 0.192100 0.058400 0.036000 0.043200 0.089900 0.000000 0.089700 0.274800 0.082300 0.107800 0.043200 0.065700 0.058900 0.065900 0.080200 0.051100 0.219100 0.217100 0.043200 0.254400 0.208400 0.090000 0.065400 0.028500 0.050700 0.066100 0.124300 0.089700 0.089700
CommonElan 0.074200 0.290700 0.014300 0.270800 0.065600 0.074200 0.081300 0.074000 0.014300 0.236400 0.082400 0.036100 0.058500 0.105700 0.058000 0.089400 0.082900 0.083100 0.090300 0.007100 0.074100 0.081700 0.190700 0.192700 0.074100 0.082300 0.058500 0.014300 0.089700 0.000000 0.256400 0.091200 0.108300 0.058500 0.081600 0.043800 0.082000 0.088600 0.098600 0.201900 0.200100 0.090000 0.236600 0.209100 0.074300 0.081600 0.073900 0.066400 0.082500 0.116500 0.000000 0.014300
MuntiacusR 0.256000 0.388700 0.256700 0.392500 0.254200 0.256000 0.274200 0.255700 0.257500 0.034400 0.266700 0.228200 0.236800 0.255600 0.237000 0.263500 0.239100 0.240000 0.276200 0.246600 0.236600 0.264900 0.070100 0.100100 0.256400 0.266200 0.236800 0.257100 0.274800 0.256400 0.000000 0.278000 0.259900 0.236800 0.227400 0.238400 0.265800 0.274200 0.277400 0.092600 0.062600 0.274900 0.020400 0.099700 0.277500 0.246600 0.254700 0.228100 0.248500 0.221300 0.256400 0.256600
HarveysDui 0.036400 0.272800 0.091400 0.285400 0.066200 0.036400 0.028500 0.066700 0.091500 0.257200 0.059500 0.052000 0.051400 0.050800 0.051500 0.090000 0.092300 0.092500 0.083100 0.083100 0.066800 0.043900 0.209800 0.194500 0.051600 0.074900 0.051400 0.091300 0.082300 0.091200 0.278000 0.000000 0.109700 0.051400 0.059100 0.059800 0.044000 0.089400 0.075100 0.221900 0.219900 0.082600 0.257400 0.211000 0.083400 0.058700 0.066600 0.043500 0.059400 0.126600 0.091200 0.091100
Pronghorn 0.091800 0.234400 0.108600 0.215400 0.090800 0.091800 0.107400 0.091500 0.108700 0.239500 0.100600 0.068000 0.075600 0.124500 0.075700 0.115700 0.053000 0.053100 0.109000 0.100000 0.091600 0.099700 0.193300 0.178100 0.091900 0.100300 0.075600 0.108400 0.107800 0.108300 0.259900 0.109700 0.000000 0.075600 0.099700 0.076000 0.100100 0.114900 0.117300 0.204900 0.203100 0.108200 0.239900 0.194300 0.108500 0.099200 0.091400 0.083600 0.100400 0.094000 0.108300 0.108200
BlueWildeb 0.014200 0.257600 0.058600 0.238500 0.028200 0.014200 0.050500 0.028500 0.058900 0.217500 0.021500 0.021500 0.000000 0.058100 0.014100 0.050500 0.059400 0.059500 0.043500 0.050900 0.028600 0.021300 0.172900 0.158000 0.014200 0.036000 0.000000 0.058800 0.043200 0.058500 0.236800 0.051400 0.075600 0.000000 0.021300 0.028900 0.021500 0.050000 0.051100 0.183800 0.182300 0.043300 0.217700 0.173800 0.058900 0.035700 0.028500 0.021300 0.036100 0.091500 0.058200 0.058700
Gemsbok 0.021400 0.277800 0.081800 0.248900 0.050100 0.021400 0.057900 0.050600 0.082200 0.226100 0.043200 0.043500 0.021300 0.065700 0.035600 0.073100 0.082800 0.083000 0.066200 0.073800 0.050700 0.028400 0.181100 0.183300 0.036000 0.058400 0.021300 0.082000 0.065700 0.081600 0.227400 0.059100 0.099700 0.021300 0.000000 0.051300 0.028600 0.072500 0.074000 0.192100 0.190500 0.065900 0.226200 0.182000 0.074300 0.057900 0.050600 0.043300 0.058600 0.099700 0.081600 0.081800
Yak 0.043800 0.259700 0.043900 0.240200 0.036000 0.043800 0.058600 0.043700 0.043900 0.218800 0.051700 0.007100 0.028900 0.074300 0.028900 0.066300 0.059700 0.059900 0.067100 0.036300 0.043800 0.051300 0.173700 0.142300 0.043900 0.051500 0.028900 0.044000 0.058900 0.043800 0.238400 0.059800 0.076000 0.028900 0.051300 0.000000 0.051500 0.065900 0.067200 0.184900 0.183300 0.059000 0.219100 0.158000 0.028800 0.051100 0.043700 0.036300 0.051600 0.092100 0.043800 0.043700
BlueSheep 0.007100 0.238200 0.082200 0.259800 0.050300 0.007100 0.043200 0.050800 0.082500 0.245600 0.014300 0.043700 0.021400 0.035900 0.036100 0.073400 0.067400 0.083400 0.036200 0.074100 0.050900 0.014200 0.199500 0.184000 0.007100 0.058700 0.021400 0.082300 0.065900 0.082000 0.265800 0.044000 0.100100 0.021500 0.028600 0.051500 0.000000 0.072700 0.058800 0.210800 0.209000 0.051000 0.245800 0.200200 0.074600 0.043200 0.050800 0.043400 0.043600 0.116600 0.082000 0.082200
BohorReedb 0.065200 0.254600 0.096600 0.265700 0.035100 0.065200 0.087800 0.065000 0.097100 0.244600 0.073000 0.056900 0.050000 0.095800 0.050200 0.072400 0.089900 0.090100 0.080700 0.088500 0.065100 0.072500 0.198500 0.182800 0.065100 0.073000 0.050000 0.096800 0.080200 0.088600 0.274200 0.089400 0.114900 0.050000 0.072500 0.065900 0.072700 0.000000 0.088700 0.209600 0.208000 0.080400 0.244700 0.199300 0.097000 0.072500 0.065000 0.057600 0.073200 0.114800 0.088600 0.096700
KirksDik 0.051100 0.269700 0.098900 0.250700 0.065800 0.051100 0.073600 0.036200 0.099000 0.256600 0.044000 0.059300 0.051100 0.081600 0.051200 0.058400 0.099800 0.099900 0.082500 0.090500 0.036200 0.058600 0.209100 0.193900 0.051300 0.043800 0.051100 0.098800 0.051100 0.098600 0.277400 0.075100 0.117300 0.051100 0.074000 0.067200 0.058800 0.088700 0.000000 0.221200 0.219100 0.051200 0.256800 0.210300 0.098900 0.058400 0.036100 0.058800 0.059000 0.134100 0.098600 0.098600
RoeDeer 0.201600 0.306300 0.202100 0.371400 0.200200 0.201600 0.218700 0.201300 0.185000 0.099800 0.211500 0.175700 0.183800 0.201400 0.183900 0.209200 0.185800 0.186500 0.220500 0.192800 0.183700 0.210100 0.062600 0.076900 0.201900 0.211100 0.183800 0.184700 0.219100 0.201900 0.092600 0.221900 0.204900 0.183800 0.192100 0.184900 0.210800 0.209600 0.221200 0.000000 0.055100 0.219400 0.084600 0.076600 0.221100 0.210200 0.200400 0.192900 0.194300 0.186200 0.201900 0.201900
WhiteLippe 0.199900 0.335700 0.200300 0.366900 0.198600 0.199900 0.216900 0.199500 0.200900 0.069600 0.209600 0.174200 0.182300 0.199700 0.182400 0.207400 0.184200 0.184900 0.218500 0.191100 0.182100 0.208400 0.006700 0.062100 0.200200 0.209200 0.182300 0.200500 0.217100 0.200100 0.062600 0.219900 0.203100 0.182300 0.190500 0.183300 0.209000 0.208000 0.219100 0.055100 0.000000 0.217400 0.055100 0.061900 0.219000 0.208500 0.199300 0.191300 0.192700 0.202400 0.200100 0.200100
ThomsonGaz 0.058400 0.278300 0.090200 0.249100 0.057800 0.058400 0.080900 0.028500 0.090300 0.254400 0.051200 0.051300 0.043300 0.073500 0.043400 0.050400 0.075200 0.091200 0.074200 0.082000 0.028500 0.065900 0.207700 0.192300 0.043500 0.007100 0.043300 0.090100 0.043200 0.090000 0.274900 0.082600 0.108200 0.043300 0.065900 0.059000 0.051000 0.080400 0.051200 0.219400 0.217400 0.000000 0.254600 0.208600 0.090200 0.065600 0.028600 0.050800 0.066300 0.124700 0.090000 0.089900
MuntiacusC 0.236300 0.358000 0.236800 0.412600 0.234600 0.236300 0.254000 0.235900 0.237600 0.013500 0.246600 0.209300 0.217700 0.254100 0.217800 0.243800 0.219800 0.220700 0.255900 0.227100 0.217500 0.245100 0.062400 0.091900 0.236600 0.246100 0.217700 0.237200 0.254400 0.236600 0.020400 0.257400 0.239900 0.217700 0.226200 0.219100 0.245800 0.244700 0.256800 0.084600 0.055100 0.254600 0.000000 0.091600 0.256900 0.227100 0.234900 0.209100 0.228900 0.220200 0.236600 0.236700
WhiteTaile 0.191300 0.325500 0.209400 0.378700 0.190000 0.191300 0.208000 0.190900 0.210000 0.091800 0.200900 0.165900 0.173800 0.208700 0.174000 0.216400 0.175600 0.176300 0.209600 0.200000 0.190900 0.199600 0.055100 0.013400 0.191600 0.200500 0.173800 0.209600 0.208400 0.209100 0.099700 0.211000 0.194300 0.173800 0.182000 0.158000 0.200200 0.199300 0.210300 0.076600 0.061900 0.208600 0.091600 0.000000 0.192500 0.191200 0.190100 0.182800 0.201600 0.193400 0.209100 0.209200
Cattle 0.066700 0.279300 0.074500 0.281300 0.066000 0.066700 0.081700 0.059000 0.074600 0.256600 0.082900 0.036300 0.058900 0.097900 0.059000 0.097600 0.091300 0.091500 0.098900 0.066500 0.074300 0.074300 0.209300 0.176200 0.074600 0.082500 0.058900 0.074200 0.090000 0.074300 0.277500 0.083400 0.108500 0.058900 0.074300 0.028800 0.074600 0.097000 0.098900 0.221100 0.219000 0.090200 0.256900 0.192500 0.000000 0.081800 0.074200 0.066700 0.082700 0.125200 0.074300 0.074300
RoyalAntel 0.035700 0.246300 0.081800 0.247200 0.050100 0.035700 0.057700 0.050400 0.081900 0.209500 0.043400 0.043500 0.035700 0.065400 0.035800 0.072800 0.082500 0.082700 0.065900 0.073700 0.050500 0.043000 0.198800 0.175000 0.035800 0.058200 0.035700 0.081700 0.065400 0.081600 0.246600 0.058700 0.099200 0.035700 0.057900 0.051100 0.043200 0.072500 0.058400 0.210200 0.208500 0.065600 0.227100 0.191200 0.081800 0.000000 0.035700 0.043100 0.043300 0.115500 0.081600 0.081500
Steenbok 0.043200 0.275700 0.074100 0.237500 0.042800 0.043200 0.065400 0.014100 0.074200 0.217000 0.051000 0.036200 0.028500 0.073200 0.028500 0.035600 0.074800 0.074900 0.073900 0.066200 0.014100 0.050600 0.189400 0.174000 0.043300 0.021300 0.028500 0.074100 0.028500 0.073900 0.254700 0.066600 0.091400 0.028500 0.050600 0.043700 0.050800 0.065000 0.036100 0.200400 0.199300 0.028600 0.234900 0.190100 0.074200 0.035700 0.000000 0.035800 0.050900 0.106600 0.073900 0.073900
Impala 0.036000 0.268600 0.066600 0.256700 0.035600 0.036000 0.042700 0.035900 0.066700 0.209000 0.043700 0.028900 0.021300 0.050200 0.021400 0.058000 0.067200 0.067300 0.066400 0.058800 0.035900 0.043300 0.181700 0.166800 0.036000 0.043500 0.021300 0.066600 0.050700 0.066400 0.228100 0.043500 0.083600 0.021300 0.043300 0.036300 0.043400 0.057600 0.058800 0.192900 0.191300 0.050800 0.209100 0.182800 0.066700 0.043100 0.035800 0.000000 0.043600 0.099700 0.066400 0.066400
Klipspring 0.036100 0.249100 0.082700 0.250100 0.050600 0.036100 0.058300 0.051000 0.082800 0.247400 0.043800 0.044000 0.036100 0.050900 0.036200 0.058300 0.083400 0.083600 0.066700 0.074500 0.036100 0.043500 0.200200 0.185200 0.036200 0.058800 0.036100 0.082600 0.066100 0.082500 0.248500 0.059400 0.100400 0.036100 0.058600 0.051600 0.043600 0.073200 0.059000 0.194300 0.192700 0.066300 0.228900 0.201600 0.082700 0.043300 0.050900 0.043600 0.000000 0.100300 0.082500 0.082400
ForestMusk 0.108000 0.224200 0.125300 0.195600 0.106900 0.108000 0.123800 0.107700 0.125400 0.238300 0.117200 0.083900 0.091500 0.124500 0.091700 0.099300 0.068900 0.069000 0.125700 0.116400 0.091500 0.116200 0.210500 0.177300 0.108200 0.116700 0.091500 0.125100 0.124300 0.116500 0.221300 0.126600 0.094000 0.091500 0.099700 0.092100 0.116600 0.114800 0.134100 0.186200 0.202400 0.124700 0.220200 0.193400 0.125200 0.115500 0.106600 0.099700 0.100300 0.000000 0.116500 0.124800
Bushbuck 0.074200 0.290700 0.014300 0.270800 0.065600 0.074200 0.081300 0.074000 0.014300 0.236400 0.082400 0.036100 0.058500 0.105700 0.057900 0.089400 0.082900 0.083100 0.090300 0.007100 0.074100 0.081700 0.190700 0.192700 0.074100 0.082300 0.058500 0.014300 0.089700 0.000000 0.256400 0.091200 0.108300 0.058200 0.081600 0.043800 0.082000 0.088600 0.098600 0.201900 0.200100 0.090000 0.236600 0.209100 0.074300 0.081600 0.073900 0.066400 0.082500 0.116500 0.000000 0.014300
GreaterKud 0.074200 0.301000 0.014300 0.281000 0.065800 0.074200 0.081300 0.074000 0.014300 0.236600 0.082600 0.036200 0.058700 0.105700 0.058800 0.097200 0.091000 0.091200 0.098500 0.007100 0.074100 0.081900 0.190500 0.192800 0.074300 0.082200 0.058700 0.014300 0.089700 0.014300 0.256600 0.091100 0.108200 0.058700 0.081800 0.043700 0.082200 0.096700 0.098600 0.201900 0.200100 0.089900 0.236700 0.209200 0.074300 0.081500 0.073900 0.066400 0.082400 0.124800 0.014300 0.000000
