CODONML (in paml version 4.10.7, June 2023)  /home/rachel/ruminants_paml/6406-phy-tree/ENSBTAT00000016790.fasta.phy
Model: free dN/dS Ratios for branches,  kappa = 2.000 fixed

Codon frequency model: F3x4
ns =  54  ls = 108

Codon usage in sequences
--------------------------------------------------------------------------------------------------------------------------------------
Phe TTT   2   0   2   2   0   0 | Ser TCT   3   4   2   3   3   3 | Tyr TAT   6   4   6   4   5   5 | Cys TGT   2   3   2   2   1   2
    TTC   3   4   3   3   4   4 |     TCC   5   4   6   5   4   5 |     TAC   1   3   1   3   2   2 |     TGC   2   1   2   2   3   2
Leu TTA   0   0   0   0   0   0 |     TCA   1   1   1   1   1   2 | *** TAA   0   0   0   0   0   0 | *** TGA   0   0   0   0   0   0
    TTG   0   0   0   0   0   0 |     TCG   0   0   0   0   1   0 |     TAG   0   0   0   0   0   0 | Trp TGG   2   2   2   2   2   2
--------------------------------------------------------------------------------------------------------------------------------------
Leu CTT   1   2   1   1   1   2 | Pro CCT   1   1   1   1   1   1 | His CAT   2   2   1   2   2   3 | Arg CGT   0   1   0   0   0   0
    CTC   0   0   0   0   1   0 |     CCC   1   1   1   1   2   2 |     CAC   1   0   2   1   1   0 |     CGC   0   0   0   0   0   0
    CTA   0   0   0   0   0   0 |     CCA   3   4   3   3   4   3 | Gln CAA   1   2   1   1   2   3 |     CGA   1   1   1   1   0   1
    CTG   1   1   1   1   1   1 |     CCG   1   0   1   1   0   0 |     CAG   1   0   1   1   1   0 |     CGG   2   2   2   2   3   1
--------------------------------------------------------------------------------------------------------------------------------------
Ile ATT   4   3   3   3   2   2 | Thr ACT   0   1   0   1   0   0 | Asn AAT   8   6   6   8   4   9 | Ser AGT   2   2   2   2   2   2
    ATC   1   1   2   2   2   2 |     ACC   3   1   3   2   2   3 |     AAC   2   2   4   2   4   1 |     AGC   2   3   2   2   2   2
    ATA   1   1   1   1   1   1 |     ACA   3   3   2   3   2   2 | Lys AAA   3   3   3   3   3   3 | Arg AGA   1   4   1   1   2   1
Met ATG   1   0   1   1   1   1 |     ACG   0   0   1   0   0   0 |     AAG   4   4   4   4   5   6 |     AGG   4   2   4   4   2   4
--------------------------------------------------------------------------------------------------------------------------------------
Val GTT   0   1   0   0   1   1 | Ala GCT   2   1   2   2   2   2 | Asp GAT   3   4   3   3   2   4 | Gly GGT   0   0   0   0   1   0
    GTC   1   1   1   1   1   1 |     GCC   3   3   3   3   3   3 |     GAC   2   1   2   2   2   0 |     GGC   2   2   2   2   4   2
    GTA   1   1   1   1   0   1 |     GCA   3   3   2   2   3   1 | Glu GAA   2   2   2   2   2   3 |     GGA   4   4   4   4   2   3
    GTG   0   1   0   0   1   0 |     GCG   0   1   1   1   0   0 |     GAG   2   3   2   2   3   2 |     GGG   1   1   1   1   2   2
--------------------------------------------------------------------------------------------------------------------------------------

--------------------------------------------------------------------------------------------------------------------------------------
Phe TTT   2   2   2   2   2   2 | Ser TCT   3   3   3   3   2   2 | Tyr TAT   5   6   5   5   6   4 | Cys TGT   2   2   2   2   2   2
    TTC   3   3   3   3   3   3 |     TCC   5   5   5   5   6   5 |     TAC   2   1   2   2   1   3 |     TGC   2   2   2   2   2   2
Leu TTA   0   0   0   0   0   0 |     TCA   1   1   1   1   1   1 | *** TAA   0   0   0   0   0   0 | *** TGA   0   0   0   0   0   0
    TTG   1   0   0   0   0   0 |     TCG   0   0   0   0   0   1 |     TAG   0   0   0   0   0   0 | Trp TGG   2   2   2   2   2   2
--------------------------------------------------------------------------------------------------------------------------------------
Leu CTT   1   1   1   1   1   1 | Pro CCT   1   1   1   1   1   0 | His CAT   2   2   2   2   2   2 | Arg CGT   0   0   0   0   0   0
    CTC   0   0   0   0   0   0 |     CCC   1   1   1   1   1   1 |     CAC   1   1   1   1   1   1 |     CGC   0   0   0   0   0   0
    CTA   0   0   0   0   0   0 |     CCA   3   3   3   3   3   5 | Gln CAA   2   1   1   1   1   1 |     CGA   0   1   1   1   1   1
    CTG   0   1   1   1   1   1 |     CCG   1   1   1   1   1   0 |     CAG   1   1   1   1   1   1 |     CGG   2   2   2   2   2   2
--------------------------------------------------------------------------------------------------------------------------------------
Ile ATT   3   4   3   4   3   3 | Thr ACT   0   0   0   0   1   0 | Asn AAT   7   8   7   7   7   7 | Ser AGT   2   2   3   2   2   2
    ATC   2   1   2   1   2   2 |     ACC   3   3   3   2   2   4 |     AAC   3   2   2   3   3   3 |     AGC   2   2   2   2   2   2
    ATA   1   1   1   1   1   1 |     ACA   2   3   2   4   2   2 | Lys AAA   3   3   3   3   3   2 | Arg AGA   1   1   1   1   1   1
Met ATG   1   1   1   1   1   1 |     ACG   1   0   1   0   1   0 |     AAG   4   4   4   4   4   5 |     AGG   4   4   4   4   4   4
--------------------------------------------------------------------------------------------------------------------------------------
Val GTT   0   0   0   0   0   0 | Ala GCT   2   2   2   2   2   1 | Asp GAT   3   3   3   3   3   3 | Gly GGT   0   0   0   0   0   0
    GTC   1   1   1   1   1   1 |     GCC   3   3   4   3   3   3 |     GAC   2   2   2   2   2   2 |     GGC   2   2   2   2   2   2
    GTA   1   1   1   1   1   1 |     GCA   2   3   2   2   2   3 | Glu GAA   1   2   2   1   3   2 |     GGA   4   4   4   4   4   3
    GTG   0   0   0   0   0   0 |     GCG   1   0   0   1   1   1 |     GAG   3   2   2   3   1   2 |     GGG   1   1   1   1   1   2
--------------------------------------------------------------------------------------------------------------------------------------

--------------------------------------------------------------------------------------------------------------------------------------
Phe TTT   2   2   2   2   2   2 | Ser TCT   3   3   3   3   3   3 | Tyr TAT   6   5   6   5   5   5 | Cys TGT   2   3   2   2   2   1
    TTC   3   3   3   3   3   3 |     TCC   5   5   5   5   5   5 |     TAC   1   2   1   2   2   2 |     TGC   2   1   2   2   2   3
Leu TTA   0   0   0   0   0   0 |     TCA   1   1   1   1   1   1 | *** TAA   0   0   0   0   0   0 | *** TGA   0   0   0   0   0   0
    TTG   0   0   0   0   0   0 |     TCG   0   0   0   0   0   0 |     TAG   0   0   0   0   0   0 | Trp TGG   2   2   2   2   2   2
--------------------------------------------------------------------------------------------------------------------------------------
Leu CTT   1   1   1   1   1   1 | Pro CCT   1   1   1   2   1   1 | His CAT   2   1   2   2   1   2 | Arg CGT   0   0   0   0   0   0
    CTC   0   0   0   0   0   0 |     CCC   1   1   1   0   1   1 |     CAC   1   1   1   1   2   1 |     CGC   0   0   0   0   0   0
    CTA   0   0   0   0   0   0 |     CCA   4   3   2   3   3   2 | Gln CAA   1   1   1   1   1   1 |     CGA   1   1   1   1   1   1
    CTG   1   1   1   1   1   1 |     CCG   0   1   2   1   1   2 |     CAG   1   2   1   1   1   1 |     CGG   2   2   2   2   2   2
--------------------------------------------------------------------------------------------------------------------------------------
Ile ATT   4   3   3   4   3   3 | Thr ACT   0   0   0   0   0   0 | Asn AAT   8   7   7   8   8   7 | Ser AGT   2   1   2   2   2   2
    ATC   1   2   2   2   2   1 |     ACC   3   3   3   3   3   3 |     AAC   2   3   3   2   2   3 |     AGC   2   2   2   2   2   2
    ATA   1   1   1   1   1   1 |     ACA   2   2   2   2   2   2 | Lys AAA   3   3   3   3   3   3 | Arg AGA   1   1   1   1   2   1
Met ATG   1   1   1   0   1   1 |     ACG   1   1   1   1   1   1 |     AAG   4   4   4   4   4   4 |     AGG   4   5   4   4   3   4
--------------------------------------------------------------------------------------------------------------------------------------
Val GTT   0   0   0   0   0   0 | Ala GCT   2   2   2   2   2   1 | Asp GAT   3   4   3   3   3   3 | Gly GGT   0   0   0   1   0   0
    GTC   1   1   1   1   1   2 |     GCC   3   3   3   3   3   5 |     GAC   2   1   2   2   2   2 |     GGC   2   2   2   1   2   2
    GTA   1   1   1   1   1   1 |     GCA   2   2   2   2   2   2 | Glu GAA   2   2   1   1   2   1 |     GGA   4   4   4   4   4   4
    GTG   0   0   0   0   0   0 |     GCG   1   1   1   1   1   0 |     GAG   2   2   3   3   2   3 |     GGG   1   1   1   1   1   1
--------------------------------------------------------------------------------------------------------------------------------------

--------------------------------------------------------------------------------------------------------------------------------------
Phe TTT   1   2   2   2   2   2 | Ser TCT   3   3   3   2   3   3 | Tyr TAT   5   5   6   5   5   6 | Cys TGT   3   3   2   2   2   2
    TTC   4   3   3   3   4   3 |     TCC   5   5   4   6   5   5 |     TAC   3   2   1   2   2   1 |     TGC   1   1   2   2   2   2
Leu TTA   0   0   0   0   0   0 |     TCA   1   1   1   1   1   1 | *** TAA   0   0   0   0   0   0 | *** TGA   0   0   0   0   0   0
    TTG   0   0   0   0   0   0 |     TCG   0   0   1   0   0   0 |     TAG   0   0   0   0   0   0 | Trp TGG   2   2   2   2   2   2
--------------------------------------------------------------------------------------------------------------------------------------
Leu CTT   1   1   1   1   1   1 | Pro CCT   2   2   1   1   1   1 | His CAT   2   2   2   1   2   2 | Arg CGT   0   0   0   0   0   0
    CTC   0   0   0   0   0   0 |     CCC   1   1   1   1   1   1 |     CAC   1   1   1   2   1   1 |     CGC   0   1   0   0   0   0
    CTA   0   0   0   0   0   0 |     CCA   3   3   3   3   3   2 | Gln CAA   1   1   1   2   1   1 |     CGA   1   0   1   1   1   1
    CTG   1   1   1   1   1   1 |     CCG   0   0   1   1   1   2 |     CAG   1   1   1   0   1   1 |     CGG   2   2   2   2   2   2
--------------------------------------------------------------------------------------------------------------------------------------
Ile ATT   2   2   4   3   3   3 | Thr ACT   0   0   0   0   1   0 | Asn AAT   7   6   7   8   8   8 | Ser AGT   2   1   2   2   2   2
    ATC   2   2   1   2   1   1 |     ACC   3   3   3   3   3   3 |     AAC   2   4   2   2   2   2 |     AGC   2   3   2   2   2   2
    ATA   1   1   1   1   1   2 |     ACA   2   2   2   2   2   2 | Lys AAA   2   2   3   3   3   3 | Arg AGA   1   1   1   1   1   1
Met ATG   1   1   2   1   1   1 |     ACG   1   1   0   1   1   1 |     AAG   5   5   4   4   4   4 |     AGG   4   4   4   4   4   4
--------------------------------------------------------------------------------------------------------------------------------------
Val GTT   1   1   0   0   0   0 | Ala GCT   2   2   2   2   1   2 | Asp GAT   3   3   4   2   3   3 | Gly GGT   0   0   0   1   0   0
    GTC   1   1   1   1   1   1 |     GCC   3   3   3   3   3   3 |     GAC   2   2   2   3   2   2 |     GGC   2   2   2   1   2   2
    GTA   1   1   1   1   1   1 |     GCA   2   2   2   2   2   2 | Glu GAA   2   2   1   2   1   2 |     GGA   4   4   4   4   4   3
    GTG   0   0   0   0   0   0 |     GCG   1   1   1   1   1   1 |     GAG   2   2   3   2   3   2 |     GGG   1   1   1   1   1   2
--------------------------------------------------------------------------------------------------------------------------------------

--------------------------------------------------------------------------------------------------------------------------------------
Phe TTT   2   2   2   2   2   2 | Ser TCT   3   3   3   3   3   2 | Tyr TAT   4   3   6   5   6   5 | Cys TGT   2   2   2   2   2   3
    TTC   3   3   3   3   3   3 |     TCC   5   5   5   5   5   6 |     TAC   3   4   1   2   1   2 |     TGC   2   2   2   2   2   1
Leu TTA   0   0   0   0   0   0 |     TCA   1   1   1   1   1   1 | *** TAA   0   0   0   0   0   0 | *** TGA   0   0   0   0   0   0
    TTG   0   0   0   0   0   0 |     TCG   0   0   0   0   0   0 |     TAG   0   0   0   0   0   0 | Trp TGG   2   2   2   2   2   2
--------------------------------------------------------------------------------------------------------------------------------------
Leu CTT   1   1   1   1   1   1 | Pro CCT   1   1   1   1   1   1 | His CAT   2   2   2   2   2   2 | Arg CGT   0   0   0   0   0   0
    CTC   0   0   0   0   0   0 |     CCC   1   1   1   2   1   1 |     CAC   1   1   1   1   1   1 |     CGC   0   0   0   0   0   0
    CTA   0   0   0   0   0   0 |     CCA   3   4   4   2   2   3 | Gln CAA   1   1   1   1   1   1 |     CGA   1   1   1   1   1   1
    CTG   1   1   1   1   1   1 |     CCG   1   0   0   1   2   1 |     CAG   1   1   1   1   1   1 |     CGG   2   2   2   2   2   2
--------------------------------------------------------------------------------------------------------------------------------------
Ile ATT   3   3   4   3   3   3 | Thr ACT   0   0   0   0   0   1 | Asn AAT   8   8   8   8   8   7 | Ser AGT   2   2   2   2   2   2
    ATC   3   2   1   2   2   2 |     ACC   3   3   3   3   3   2 |     AAC   2   2   2   2   2   3 |     AGC   2   2   2   2   2   2
    ATA   1   1   1   1   1   1 |     ACA   2   2   2   2   2   2 | Lys AAA   2   2   3   2   3   3 | Arg AGA   1   1   1   1   1   2
Met ATG   1   1   1   1   1   1 |     ACG   0   1   1   1   1   1 |     AAG   5   5   4   5   4   4 |     AGG   4   4   4   4   4   3
--------------------------------------------------------------------------------------------------------------------------------------
Val GTT   0   0   0   0   0   0 | Ala GCT   1   1   2   2   2   2 | Asp GAT   3   4   3   3   3   3 | Gly GGT   0   0   0   0   0   0
    GTC   1   1   1   1   1   1 |     GCC   3   3   3   3   3   3 |     GAC   2   1   2   2   2   2 |     GGC   2   2   2   2   2   2
    GTA   1   1   1   1   1   1 |     GCA   3   3   2   2   2   2 | Glu GAA   2   2   2   1   1   2 |     GGA   3   3   3   4   4   3
    GTG   0   0   0   0   0   0 |     GCG   1   1   1   1   1   1 |     GAG   2   2   2   3   3   2 |     GGG   2   2   2   1   1   2
--------------------------------------------------------------------------------------------------------------------------------------

--------------------------------------------------------------------------------------------------------------------------------------
Phe TTT   2   2   2   2   3   2 | Ser TCT   3   2   2   3   3   3 | Tyr TAT   5   5   4   5   4   6 | Cys TGT   2   2   2   2   3   2
    TTC   3   3   3   3   3   3 |     TCC   5   6   5   5   5   5 |     TAC   2   2   3   2   3   1 |     TGC   2   2   2   2   1   2
Leu TTA   0   0   0   0   0   0 |     TCA   1   1   1   1   1   1 | *** TAA   0   0   0   0   0   0 | *** TGA   0   0   0   0   0   0
    TTG   0   0   0   0   0   0 |     TCG   0   0   1   0   0   0 |     TAG   0   0   0   0   0   0 | Trp TGG   2   2   2   2   2   2
--------------------------------------------------------------------------------------------------------------------------------------
Leu CTT   1   1   1   1   1   1 | Pro CCT   1   1   0   1   1   1 | His CAT   2   1   2   2   3   2 | Arg CGT   0   0   0   0   0   0
    CTC   0   0   0   0   0   0 |     CCC   1   1   1   1   1   1 |     CAC   1   2   1   1   0   1 |     CGC   0   0   0   0   0   0
    CTA   0   0   0   0   0   0 |     CCA   3   3   5   3   3   2 | Gln CAA   1   1   1   1   2   1 |     CGA   1   1   1   1   1   1
    CTG   1   1   1   1   1   1 |     CCG   1   1   0   1   1   2 |     CAG   1   1   1   1   0   1 |     CGG   2   2   2   2   2   2
--------------------------------------------------------------------------------------------------------------------------------------
Ile ATT   3   3   3   3   3   3 | Thr ACT   0   0   0   0   0   0 | Asn AAT   8   6   7   8   8   7 | Ser AGT   2   2   2   2   1   2
    ATC   2   2   3   2   1   2 |     ACC   3   3   4   3   2   3 |     AAC   2   4   2   2   2   3 |     AGC   2   2   2   2   3   2
    ATA   1   1   1   1   1   1 |     ACA   2   2   2   1   4   2 | Lys AAA   3   3   2   3   3   3 | Arg AGA   1   1   1   1   1   1
Met ATG   1   1   1   1   1   1 |     ACG   1   1   0   1   0   1 |     AAG   4   4   5   4   4   4 |     AGG   4   4   4   4   4   4
--------------------------------------------------------------------------------------------------------------------------------------
Val GTT   0   0   0   0   0   0 | Ala GCT   2   2   1   2   2   2 | Asp GAT   3   3   3   3   3   3 | Gly GGT   0   0   0   0   0   0
    GTC   1   1   1   1   1   1 |     GCC   3   3   3   2   3   3 |     GAC   2   2   2   2   2   2 |     GGC   2   2   2   2   2   2
    GTA   1   1   1   1   1   1 |     GCA   2   2   3   3   2   2 | Glu GAA   1   2   2   1   2   1 |     GGA   4   4   3   4   4   4
    GTG   0   0   0   0   0   0 |     GCG   1   1   1   2   1   1 |     GAG   3   2   2   3   2   3 |     GGG   1   1   2   1   1   1
--------------------------------------------------------------------------------------------------------------------------------------

--------------------------------------------------------------------------------------------------------------------------------------
Phe TTT   2   2   2   2   2   2 | Ser TCT   3   3   3   3   3   3 | Tyr TAT   6   5   6   5   5   4 | Cys TGT   2   2   3   2   2   2
    TTC   3   3   3   3   3   3 |     TCC   5   5   5   5   5   5 |     TAC   1   2   1   2   2   3 |     TGC   2   2   1   2   2   1
Leu TTA   0   0   0   0   0   0 |     TCA   1   1   1   1   1   1 | *** TAA   0   0   0   0   0   0 | *** TGA   0   0   0   0   0   0
    TTG   0   0   0   1   0   0 |     TCG   0   0   0   0   0   0 |     TAG   0   0   0   0   0   0 | Trp TGG   2   2   2   2   2   2
--------------------------------------------------------------------------------------------------------------------------------------
Leu CTT   1   1   1   1   2   1 | Pro CCT   1   1   1   1   1   1 | His CAT   2   2   2   2   2   2 | Arg CGT   0   0   0   0   0   1
    CTC   0   0   0   0   0   0 |     CCC   1   1   1   1   1   1 |     CAC   1   1   1   1   1   1 |     CGC   0   0   0   0   0   0
    CTA   0   0   0   0   0   0 |     CCA   4   3   3   3   3   4 | Gln CAA   1   1   1   2   1   1 |     CGA   1   1   1   0   1   1
    CTG   1   1   1   0   0   1 |     CCG   0   1   1   1   1   0 |     CAG   1   1   1   1   1   1 |     CGG   2   2   2   2   2   2
--------------------------------------------------------------------------------------------------------------------------------------
Ile ATT   3   3   4   3   3   4 | Thr ACT   0   0   0   0   0   0 | Asn AAT   8   8   7   8   8   7 | Ser AGT   2   2   2   2   2   2
    ATC   2   2   1   2   2   1 |     ACC   3   3   3   3   3   4 |     AAC   2   2   3   2   2   3 |     AGC   2   2   2   2   2   2
    ATA   1   1   1   1   1   1 |     ACA   2   2   2   2   3   2 | Lys AAA   3   3   3   3   3   1 | Arg AGA   2   1   1   1   1   1
Met ATG   1   1   1   1   1   1 |     ACG   1   1   1   1   0   0 |     AAG   4   4   4   4   4   6 |     AGG   3   4   4   4   4   4
--------------------------------------------------------------------------------------------------------------------------------------
Val GTT   0   0   0   0   0   0 | Ala GCT   2   2   2   2   2   1 | Asp GAT   3   3   3   3   3   3 | Gly GGT   1   0   0   0   0   0
    GTC   1   1   1   1   1   1 |     GCC   3   2   3   3   3   3 |     GAC   2   2   2   2   2   2 |     GGC   1   2   2   2   2   2
    GTA   1   1   1   1   1   1 |     GCA   2   3   2   2   3   4 | Glu GAA   1   2   2   1   1   2 |     GGA   4   4   4   4   3   3
    GTG   0   0   0   0   0   0 |     GCG   1   1   1   1   0   0 |     GAG   3   2   2   3   3   2 |     GGG   1   1   1   1   2   2
--------------------------------------------------------------------------------------------------------------------------------------

--------------------------------------------------------------------------------------------------------------------------------------
Phe TTT   2   2   2   2   2   2 | Ser TCT   3   3   2   3   3   3 | Tyr TAT   4   5   4   4   5   5 | Cys TGT   2   2   3   2   2   2
    TTC   3   3   3   3   3   3 |     TCC   4   5   5   5   5   5 |     TAC   3   2   3   3   2   2 |     TGC   2   2   1   2   2   2
Leu TTA   0   0   0   0   0   0 |     TCA   1   1   1   1   1   1 | *** TAA   0   0   0   0   0   0 | *** TGA   0   0   0   0   0   0
    TTG   0   0   0   0   0   0 |     TCG   1   0   1   0   0   0 |     TAG   0   0   0   0   0   0 | Trp TGG   2   2   2   2   2   2
--------------------------------------------------------------------------------------------------------------------------------------
Leu CTT   1   1   1   1   1   1 | Pro CCT   1   1   0   1   1   1 | His CAT   2   2   2   2   2   2 | Arg CGT   0   0   0   0   0   0
    CTC   0   0   0   0   0   0 |     CCC   1   1   1   1   1   1 |     CAC   1   1   1   1   1   1 |     CGC   0   1   0   0   0   0
    CTA   0   0   0   0   0   0 |     CCA   3   3   5   4   3   4 | Gln CAA   1   1   1   1   1   2 |     CGA   1   0   1   1   1   1
    CTG   1   1   1   1   1   1 |     CCG   1   1   0   0   1   0 |     CAG   1   1   1   1   1   0 |     CGG   2   2   2   2   2   2
--------------------------------------------------------------------------------------------------------------------------------------
Ile ATT   3   3   3   3   3   3 | Thr ACT   0   0   0   0   0   0 | Asn AAT   8   8   7   8   8   8 | Ser AGT   2   2   2   2   2   2
    ATC   2   2   2   2   2   2 |     ACC   4   3   4   3   3   3 |     AAC   2   2   3   2   2   2 |     AGC   2   2   2   2   2   2
    ATA   1   1   1   1   1   1 |     ACA   2   3   2   2   2   2 | Lys AAA   2   2   2   2   3   3 | Arg AGA   1   1   1   1   1   1
Met ATG   1   1   1   1   1   1 |     ACG   0   0   0   1   1   1 |     AAG   5   5   5   5   4   4 |     AGG   4   4   4   4   4   4
--------------------------------------------------------------------------------------------------------------------------------------
Val GTT   0   0   0   0   0   0 | Ala GCT   1   2   1   1   2   2 | Asp GAT   3   3   3   3   3   3 | Gly GGT   0   0   0   0   0   0
    GTC   1   1   1   2   1   1 |     GCC   3   3   3   3   2   3 |     GAC   2   2   2   2   2   2 |     GGC   2   2   2   2   2   2
    GTA   1   1   1   0   1   1 |     GCA   3   2   3   3   3   2 | Glu GAA   2   1   2   2   2   1 |     GGA   3   4   3   3   4   4
    GTG   0   0   0   0   0   0 |     GCG   1   1   1   1   1   1 |     GAG   2   3   2   2   2   3 |     GGG   2   1   2   2   1   1
--------------------------------------------------------------------------------------------------------------------------------------

--------------------------------------------------------------------------------------------------------------------------------------
Phe TTT   2   2   2   2   2   2 | Ser TCT   3   3   3   3   2   2 | Tyr TAT   5   5   5   4   5   6 | Cys TGT   2   3   3   2   2   2
    TTC   3   3   3   3   3   3 |     TCC   5   5   5   5   6   6 |     TAC   2   2   2   3   2   1 |     TGC   2   1   1   2   2   2
Leu TTA   0   0   0   0   0   0 |     TCA   1   1   1   1   1   1 | *** TAA   0   0   0   0   0   0 | *** TGA   0   0   0   0   0   0
    TTG   0   0   0   0   0   0 |     TCG   0   0   0   0   0   0 |     TAG   0   0   0   0   0   0 | Trp TGG   2   2   2   2   2   2
--------------------------------------------------------------------------------------------------------------------------------------
Leu CTT   1   1   1   1   1   1 | Pro CCT   1   1   1   1   1   1 | His CAT   2   2   2   2   2   1 | Arg CGT   0   0   0   0   0   0
    CTC   0   0   0   0   0   0 |     CCC   1   1   1   1   1   1 |     CAC   1   1   1   1   1   2 |     CGC   0   0   0   0   0   0
    CTA   0   0   0   0   0   0 |     CCA   3   4   3   3   3   3 | Gln CAA   1   1   1   1   1   1 |     CGA   1   1   1   1   1   1
    CTG   1   1   1   1   1   1 |     CCG   1   0   1   1   1   1 |     CAG   1   1   1   1   1   1 |     CGG   2   2   2   2   2   2
--------------------------------------------------------------------------------------------------------------------------------------
Ile ATT   4   3   3   3   3   3 | Thr ACT   0   0   0   1   0   0 | Asn AAT   8   8   7   8   7   6 | Ser AGT   2   2   2   2   2   2
    ATC   1   2   2   2   2   2 |     ACC   3   3   3   1   3   3 |     AAC   2   2   3   2   3   3 |     AGC   2   2   2   2   2   2
    ATA   1   1   1   1   1   1 |     ACA   2   3   2   3   2   2 | Lys AAA   3   3   3   3   3   3 | Arg AGA   1   1   2   1   2   1
Met ATG   1   1   1   1   2   1 |     ACG   1   0   1   0   0   1 |     AAG   4   4   4   4   4   4 |     AGG   4   4   3   4   3   4
--------------------------------------------------------------------------------------------------------------------------------------
Val GTT   0   0   0   0   0   0 | Ala GCT   2   2   2   2   2   2 | Asp GAT   3   3   2   3   3   3 | Gly GGT   0   0   0   0   1   0
    GTC   0   1   1   1   1   1 |     GCC   3   3   3   4   3   3 |     GAC   2   2   2   2   2   3 |     GGC   2   2   2   2   1   2
    GTA   1   1   1   1   1   1 |     GCA   2   2   2   2   2   2 | Glu GAA   1   1   1   2   2   2 |     GGA   4   4   3   4   3   3
    GTG   1   0   0   0   0   0 |     GCG   1   1   1   1   1   1 |     GAG   3   3   4   2   2   2 |     GGG   1   1   2   1   2   2
--------------------------------------------------------------------------------------------------------------------------------------

Codon position x base (3x4) table for each sequence.

#1: Argali         
position  1:    T:0.25000    C:0.14815    A:0.36111    G:0.24074
position  2:    T:0.14815    C:0.26852    A:0.35185    G:0.23148
position  3:    T:0.33333    C:0.26852    A:0.22222    G:0.17593
Average         T:0.24383    C:0.22840    A:0.31173    G:0.21605

#2: LesserMouseDeer
position  1:    T:0.24074    C:0.15741    A:0.33333    G:0.26852
position  2:    T:0.14815    C:0.25926    A:0.33333    G:0.25926
position  3:    T:0.32407    C:0.25000    A:0.26852    G:0.15741
Average         T:0.23765    C:0.22222    A:0.31173    G:0.22840

#3: LesserKudu     
position  1:    T:0.25000    C:0.14815    A:0.36111    G:0.24074
position  2:    T:0.14815    C:0.26852    A:0.35185    G:0.23148
position  3:    T:0.28704    C:0.31481    A:0.20370    G:0.19444
Average         T:0.22840    C:0.24383    A:0.30556    G:0.22222

#4: ForestMuskDeer2
position  1:    T:0.25000    C:0.14815    A:0.36111    G:0.24074
position  2:    T:0.14815    C:0.26852    A:0.35185    G:0.23148
position  3:    T:0.31481    C:0.28704    A:0.21296    G:0.18519
Average         T:0.23765    C:0.23457    A:0.30864    G:0.21914

#5: Camel          
position  1:    T:0.24074    C:0.17593    A:0.31481    G:0.26852
position  2:    T:0.14815    C:0.25926    A:0.35185    G:0.24074
position  3:    T:0.25000    C:0.34259    A:0.20370    G:0.20370
Average         T:0.21296    C:0.25926    A:0.29012    G:0.23765

#6: KillerWhale    
position  1:    T:0.25000    C:0.15741    A:0.36111    G:0.23148
position  2:    T:0.14815    C:0.25000    A:0.37963    G:0.22222
position  3:    T:0.33333    C:0.26852    A:0.22222    G:0.17593
Average         T:0.24383    C:0.22531    A:0.32099    G:0.20988

#7: DefassaWaterbuck
position  1:    T:0.25926    C:0.13889    A:0.36111    G:0.24074
position  2:    T:0.14815    C:0.26852    A:0.36111    G:0.22222
position  3:    T:0.30556    C:0.29630    A:0.19444    G:0.20370
Average         T:0.23765    C:0.23457    A:0.30556    G:0.22222

#8: Sheep          
position  1:    T:0.25000    C:0.14815    A:0.36111    G:0.24074
position  2:    T:0.14815    C:0.26852    A:0.35185    G:0.23148
position  3:    T:0.33333    C:0.26852    A:0.22222    G:0.17593
Average         T:0.24383    C:0.22840    A:0.31173    G:0.21605

#9: MaxwellsDuiker 
position  1:    T:0.25000    C:0.14815    A:0.36111    G:0.24074
position  2:    T:0.14815    C:0.26852    A:0.34259    G:0.24074
position  3:    T:0.31481    C:0.29630    A:0.20370    G:0.18519
Average         T:0.23765    C:0.23765    A:0.30247    G:0.22222

#10: GazellaPrzewalskyi
position  1:    T:0.25000    C:0.14815    A:0.36111    G:0.24074
position  2:    T:0.14815    C:0.26852    A:0.35185    G:0.23148
position  3:    T:0.31481    C:0.27778    A:0.21296    G:0.19444
Average         T:0.23765    C:0.23148    A:0.30864    G:0.22222

#11: MountainNyala  
position  1:    T:0.25000    C:0.14815    A:0.36111    G:0.24074
position  2:    T:0.14815    C:0.26852    A:0.35185    G:0.23148
position  3:    T:0.31481    C:0.28704    A:0.21296    G:0.18519
Average         T:0.23765    C:0.23457    A:0.30864    G:0.21914

#12: MuntiacusMuntjak
position  1:    T:0.25000    C:0.14815    A:0.36111    G:0.24074
position  2:    T:0.14815    C:0.26852    A:0.35185    G:0.23148
position  3:    T:0.26852    C:0.31481    A:0.21296    G:0.20370
Average         T:0.22222    C:0.24383    A:0.30864    G:0.22531

#13: goat           
position  1:    T:0.25000    C:0.14815    A:0.36111    G:0.24074
position  2:    T:0.14815    C:0.26852    A:0.35185    G:0.23148
position  3:    T:0.33333    C:0.26852    A:0.21296    G:0.18519
Average         T:0.24383    C:0.22840    A:0.30864    G:0.21914

#14: AfricanBuffalo 
position  1:    T:0.25000    C:0.14815    A:0.36111    G:0.24074
position  2:    T:0.14815    C:0.26852    A:0.35185    G:0.23148
position  3:    T:0.30556    C:0.27778    A:0.20370    G:0.21296
Average         T:0.23457    C:0.23148    A:0.30556    G:0.22840

#15: Topi           
position  1:    T:0.25000    C:0.14815    A:0.36111    G:0.24074
position  2:    T:0.14815    C:0.26852    A:0.35185    G:0.23148
position  3:    T:0.31481    C:0.28704    A:0.18519    G:0.21296
Average         T:0.23765    C:0.23457    A:0.29938    G:0.22840

#16: CommonDuiker   
position  1:    T:0.25000    C:0.14815    A:0.36111    G:0.24074
position  2:    T:0.14815    C:0.26852    A:0.35185    G:0.23148
position  3:    T:0.34259    C:0.26852    A:0.19444    G:0.19444
Average         T:0.24691    C:0.22840    A:0.30247    G:0.22222

#17: Suni           
position  1:    T:0.25000    C:0.14815    A:0.36111    G:0.24074
position  2:    T:0.14815    C:0.26852    A:0.35185    G:0.23148
position  3:    T:0.30556    C:0.29630    A:0.21296    G:0.18519
Average         T:0.23457    C:0.23765    A:0.30864    G:0.21914

#18: Springbuck     
position  1:    T:0.25000    C:0.14815    A:0.35185    G:0.25000
position  2:    T:0.14815    C:0.26852    A:0.35185    G:0.23148
position  3:    T:0.28704    C:0.32407    A:0.18519    G:0.20370
Average         T:0.22840    C:0.24691    A:0.29630    G:0.22840

#19: Okapi          
position  1:    T:0.25926    C:0.14815    A:0.34259    G:0.25000
position  2:    T:0.14815    C:0.26852    A:0.35185    G:0.23148
position  3:    T:0.31481    C:0.29630    A:0.19444    G:0.19444
Average         T:0.24074    C:0.23765    A:0.29630    G:0.22531

#20: Giraffe        
position  1:    T:0.25000    C:0.14815    A:0.35185    G:0.25000
position  2:    T:0.14815    C:0.26852    A:0.35185    G:0.23148
position  3:    T:0.30556    C:0.31481    A:0.18519    G:0.19444
Average         T:0.23457    C:0.24383    A:0.29630    G:0.22531

#21: TibetanAntelope
position  1:    T:0.25000    C:0.14815    A:0.35185    G:0.25000
position  2:    T:0.15741    C:0.25926    A:0.35185    G:0.23148
position  3:    T:0.33333    C:0.25926    A:0.19444    G:0.21296
Average         T:0.24691    C:0.22222    A:0.29938    G:0.23148

#22: Sitatunga      
position  1:    T:0.25000    C:0.14815    A:0.36111    G:0.24074
position  2:    T:0.14815    C:0.26852    A:0.35185    G:0.23148
position  3:    T:0.29630    C:0.30556    A:0.21296    G:0.18519
Average         T:0.23148    C:0.24074    A:0.30864    G:0.21914

#23: Oribi          
position  1:    T:0.25926    C:0.14815    A:0.36111    G:0.23148
position  2:    T:0.14815    C:0.26852    A:0.35185    G:0.23148
position  3:    T:0.31481    C:0.28704    A:0.19444    G:0.20370
Average         T:0.24074    C:0.23457    A:0.30247    G:0.22222

#24: BarbarySheep   
position  1:    T:0.25000    C:0.14815    A:0.36111    G:0.24074
position  2:    T:0.14815    C:0.26852    A:0.35185    G:0.23148
position  3:    T:0.32407    C:0.26852    A:0.19444    G:0.21296
Average         T:0.24074    C:0.22840    A:0.30247    G:0.22840

#25: Daviddeer      
position  1:    T:0.25000    C:0.14815    A:0.36111    G:0.24074
position  2:    T:0.15741    C:0.25926    A:0.35185    G:0.23148
position  3:    T:0.29630    C:0.30556    A:0.19444    G:0.20370
Average         T:0.23457    C:0.23765    A:0.30247    G:0.22531

#26: Reindeer       
position  1:    T:0.25000    C:0.14815    A:0.36111    G:0.24074
position  2:    T:0.14815    C:0.26852    A:0.35185    G:0.23148
position  3:    T:0.29630    C:0.29630    A:0.20370    G:0.20370
Average         T:0.23148    C:0.23765    A:0.30556    G:0.22531

#27: Ibex           
position  1:    T:0.25000    C:0.14815    A:0.36111    G:0.24074
position  2:    T:0.14815    C:0.26852    A:0.35185    G:0.23148
position  3:    T:0.33333    C:0.26852    A:0.20370    G:0.19444
Average         T:0.24383    C:0.22840    A:0.30556    G:0.22222

#28: GyrantGazelle  
position  1:    T:0.25000    C:0.14815    A:0.36111    G:0.24074
position  2:    T:0.14815    C:0.26852    A:0.35185    G:0.23148
position  3:    T:0.31481    C:0.29630    A:0.17593    G:0.21296
Average         T:0.23765    C:0.23765    A:0.29630    G:0.22840

#29: Hartebeest     
position  1:    T:0.25000    C:0.14815    A:0.36111    G:0.24074
position  2:    T:0.14815    C:0.26852    A:0.35185    G:0.23148
position  3:    T:0.32407    C:0.27778    A:0.18519    G:0.21296
Average         T:0.24074    C:0.23148    A:0.29938    G:0.22840

#30: Bongo          
position  1:    T:0.25000    C:0.14815    A:0.36111    G:0.24074
position  2:    T:0.14815    C:0.26852    A:0.35185    G:0.23148
position  3:    T:0.31481    C:0.28704    A:0.20370    G:0.19444
Average         T:0.23765    C:0.23457    A:0.30556    G:0.22222

#31: Gerenuk        
position  1:    T:0.25000    C:0.14815    A:0.36111    G:0.24074
position  2:    T:0.14815    C:0.26852    A:0.35185    G:0.23148
position  3:    T:0.31481    C:0.28704    A:0.19444    G:0.20370
Average         T:0.23765    C:0.23457    A:0.30247    G:0.22531

#32: CommonEland    
position  1:    T:0.25000    C:0.14815    A:0.36111    G:0.24074
position  2:    T:0.14815    C:0.26852    A:0.35185    G:0.23148
position  3:    T:0.27778    C:0.32407    A:0.20370    G:0.19444
Average         T:0.22531    C:0.24691    A:0.30556    G:0.22222

#33: MuntiacusReevesi
position  1:    T:0.25000    C:0.14815    A:0.36111    G:0.24074
position  2:    T:0.15741    C:0.26852    A:0.34259    G:0.23148
position  3:    T:0.26852    C:0.31481    A:0.21296    G:0.20370
Average         T:0.22531    C:0.24383    A:0.30556    G:0.22531

#34: HarveysDuiker  
position  1:    T:0.25000    C:0.14815    A:0.35185    G:0.25000
position  2:    T:0.14815    C:0.26852    A:0.35185    G:0.23148
position  3:    T:0.31481    C:0.27778    A:0.19444    G:0.21296
Average         T:0.23765    C:0.23148    A:0.29938    G:0.23148

#35: Pronghorn      
position  1:    T:0.25926    C:0.14815    A:0.35185    G:0.24074
position  2:    T:0.14815    C:0.26852    A:0.35185    G:0.23148
position  3:    T:0.32407    C:0.26852    A:0.23148    G:0.17593
Average         T:0.24383    C:0.22840    A:0.31173    G:0.21605

#36: BlueWildebeest 
position  1:    T:0.25000    C:0.14815    A:0.36111    G:0.24074
position  2:    T:0.14815    C:0.26852    A:0.35185    G:0.23148
position  3:    T:0.31481    C:0.28704    A:0.18519    G:0.21296
Average         T:0.23765    C:0.23457    A:0.29938    G:0.22840

#37: Gemsbok        
position  1:    T:0.25000    C:0.14815    A:0.36111    G:0.24074
position  2:    T:0.14815    C:0.26852    A:0.35185    G:0.23148
position  3:    T:0.33333    C:0.26852    A:0.21296    G:0.18519
Average         T:0.24383    C:0.22840    A:0.30864    G:0.21914

#38: Yak            
position  1:    T:0.25000    C:0.14815    A:0.36111    G:0.24074
position  2:    T:0.14815    C:0.26852    A:0.35185    G:0.23148
position  3:    T:0.31481    C:0.27778    A:0.21296    G:0.19444
Average         T:0.23765    C:0.23148    A:0.30864    G:0.22222

#39: BlueSheep      
position  1:    T:0.25000    C:0.14815    A:0.36111    G:0.24074
position  2:    T:0.14815    C:0.26852    A:0.35185    G:0.23148
position  3:    T:0.33333    C:0.26852    A:0.20370    G:0.19444
Average         T:0.24383    C:0.22840    A:0.30556    G:0.22222

#40: BohorReedbuck  
position  1:    T:0.25926    C:0.13889    A:0.36111    G:0.24074
position  2:    T:0.14815    C:0.26852    A:0.36111    G:0.22222
position  3:    T:0.31481    C:0.28704    A:0.19444    G:0.20370
Average         T:0.24074    C:0.23148    A:0.30556    G:0.22222

#41: KirksDik       
position  1:    T:0.25000    C:0.14815    A:0.36111    G:0.24074
position  2:    T:0.14815    C:0.26852    A:0.35185    G:0.23148
position  3:    T:0.32407    C:0.28704    A:0.20370    G:0.18519
Average         T:0.24074    C:0.23457    A:0.30556    G:0.21914

#42: RoeDeer        
position  1:    T:0.24074    C:0.15741    A:0.36111    G:0.24074
position  2:    T:0.14815    C:0.26852    A:0.35185    G:0.23148
position  3:    T:0.30556    C:0.29630    A:0.20370    G:0.19444
Average         T:0.23148    C:0.24074    A:0.30556    G:0.22222

#43: WhiteLippedDeer
position  1:    T:0.25000    C:0.14815    A:0.36111    G:0.24074
position  2:    T:0.14815    C:0.26852    A:0.35185    G:0.23148
position  3:    T:0.29630    C:0.29630    A:0.19444    G:0.21296
Average         T:0.23148    C:0.23765    A:0.30247    G:0.22840

#44: ThomsonGazelle 
position  1:    T:0.25000    C:0.14815    A:0.36111    G:0.24074
position  2:    T:0.14815    C:0.26852    A:0.35185    G:0.23148
position  3:    T:0.31481    C:0.29630    A:0.18519    G:0.20370
Average         T:0.23765    C:0.23765    A:0.29938    G:0.22531

#45: MuntiacusCrinifrons
position  1:    T:0.25000    C:0.14815    A:0.36111    G:0.24074
position  2:    T:0.14815    C:0.26852    A:0.35185    G:0.23148
position  3:    T:0.27778    C:0.30556    A:0.21296    G:0.20370
Average         T:0.22531    C:0.24074    A:0.30864    G:0.22531

#46: WhiteTailedDeer
position  1:    T:0.25000    C:0.14815    A:0.36111    G:0.24074
position  2:    T:0.14815    C:0.26852    A:0.35185    G:0.23148
position  3:    T:0.29630    C:0.30556    A:0.19444    G:0.20370
Average         T:0.23148    C:0.24074    A:0.30247    G:0.22531

#47: Cattle         
position  1:    T:0.25000    C:0.14815    A:0.36111    G:0.24074
position  2:    T:0.14815    C:0.26852    A:0.35185    G:0.23148
position  3:    T:0.31481    C:0.27778    A:0.21296    G:0.19444
Average         T:0.23765    C:0.23148    A:0.30864    G:0.22222

#48: RoyalAntelope  
position  1:    T:0.25000    C:0.14815    A:0.36111    G:0.24074
position  2:    T:0.14815    C:0.26852    A:0.35185    G:0.23148
position  3:    T:0.31481    C:0.28704    A:0.21296    G:0.18519
Average         T:0.23765    C:0.23457    A:0.30864    G:0.21914

#49: Steenbok       
position  1:    T:0.25000    C:0.14815    A:0.36111    G:0.24074
position  2:    T:0.14815    C:0.26852    A:0.35185    G:0.23148
position  3:    T:0.32407    C:0.26852    A:0.19444    G:0.21296
Average         T:0.24074    C:0.22840    A:0.30247    G:0.22840

#50: Impala         
position  1:    T:0.25000    C:0.14815    A:0.36111    G:0.24074
position  2:    T:0.14815    C:0.26852    A:0.35185    G:0.23148
position  3:    T:0.32407    C:0.27778    A:0.21296    G:0.18519
Average         T:0.24074    C:0.23148    A:0.30864    G:0.21914

#51: Klipspringer   
position  1:    T:0.25000    C:0.14815    A:0.36111    G:0.24074
position  2:    T:0.14815    C:0.26852    A:0.35185    G:0.23148
