1
52 1
Argali 0.000000 0.306100 0.105000 0.330400 0.115800 0.020600 0.097200 0.111500 0.139900 0.230500 0.034300 0.141200 0.093300 0.090200 0.142100 0.106100 0.144400 0.131800 0.068600 0.133400 0.111500 0.055200 0.195300 0.214300 0.034500 0.104900 0.070900 0.133300 0.112100 0.111600 0.215500 0.091800 0.167200 0.117900 0.096700 0.140700 0.076100 0.114600 0.104100 0.179300 0.202100 0.120100 0.223000 0.228100 0.141000 0.154200 0.126400 0.183100 0.098300 0.116600 0.111000 0.117800
LesserMous 0.306100 0.000000 0.338200 0.349700 0.319200 0.283900 0.282400 0.307900 0.360900 0.400700 0.279700 0.329600 0.304200 0.283800 0.338000 0.286600 0.344400 0.321900 0.299700 0.334700 0.289800 0.295100 0.335500 0.371500 0.279000 0.282900 0.274900 0.334800 0.273000 0.346200 0.384000 0.296300 0.341200 0.316500 0.309400 0.353600 0.314200 0.326600 0.291500 0.327600 0.332900 0.291200 0.370600 0.369800 0.354400 0.312000 0.291800 0.336700 0.321300 0.333100 0.353000 0.351200
LesserKudu 0.105000 0.338200 0.000000 0.350600 0.113600 0.099500 0.096300 0.109500 0.065900 0.209000 0.098200 0.095600 0.085000 0.103700 0.139500 0.104900 0.164900 0.145200 0.102900 0.059600 0.095900 0.119100 0.191800 0.227500 0.097300 0.103700 0.063000 0.059900 0.110800 0.046600 0.194200 0.104800 0.171700 0.108300 0.102900 0.094600 0.126500 0.112400 0.102900 0.192600 0.198500 0.117800 0.201600 0.241400 0.094800 0.121500 0.110400 0.196900 0.110900 0.138100 0.052700 0.059600
KillerWhal 0.330400 0.349700 0.350600 0.000000 0.304800 0.309500 0.315700 0.286400 0.362400 0.390300 0.305000 0.296200 0.337300 0.281600 0.323900 0.301800 0.375100 0.353500 0.342200 0.320500 0.304700 0.309900 0.340400 0.362800 0.304600 0.297900 0.309000 0.338000 0.306500 0.330600 0.374700 0.275200 0.333800 0.369800 0.305300 0.320200 0.337600 0.293700 0.315000 0.362100 0.327300 0.314500 0.382600 0.361000 0.320800 0.335700 0.315100 0.347400 0.299000 0.289100 0.328300 0.335700
DefassaWat 0.115800 0.319200 0.113600 0.304800 0.000000 0.094900 0.084500 0.083500 0.126500 0.164000 0.093600 0.084000 0.095200 0.077400 0.098700 0.078300 0.154800 0.134400 0.098600 0.120000 0.084100 0.115100 0.147200 0.182200 0.093500 0.077300 0.072400 0.119900 0.084500 0.113100 0.149000 0.078200 0.137600 0.119600 0.098600 0.097700 0.122700 0.013800 0.076800 0.164700 0.154100 0.091600 0.156500 0.195100 0.097900 0.125600 0.084100 0.142500 0.055700 0.079700 0.112300 0.119200
Sheep 0.020600 0.283900 0.099500 0.309500 0.094900 0.000000 0.077000 0.091400 0.134900 0.208700 0.013300 0.119700 0.072400 0.070000 0.121900 0.085700 0.124800 0.126700 0.048400 0.128300 0.091400 0.034800 0.173500 0.192300 0.013900 0.084700 0.050100 0.128200 0.091900 0.106200 0.193400 0.071300 0.162400 0.096800 0.076600 0.120600 0.055900 0.093900 0.084000 0.157400 0.180500 0.099700 0.201100 0.205700 0.120900 0.133400 0.106200 0.161000 0.092600 0.103200 0.105600 0.127400
MaxwellsDu 0.097200 0.282400 0.096300 0.315700 0.084500 0.077000 0.000000 0.081400 0.123400 0.184700 0.076100 0.095600 0.092100 0.060800 0.110700 0.075800 0.135100 0.115500 0.096200 0.117000 0.067500 0.097400 0.142900 0.193800 0.076500 0.074900 0.070000 0.116900 0.081800 0.110200 0.170000 0.061900 0.134400 0.116500 0.095500 0.095300 0.103900 0.083600 0.074400 0.168400 0.149600 0.089300 0.177400 0.206800 0.095500 0.136600 0.081500 0.147200 0.082500 0.092300 0.109600 0.116300
GazellaPrz 0.111500 0.307900 0.109500 0.286400 0.083500 0.091400 0.081400 0.000000 0.136400 0.182300 0.090200 0.109500 0.091600 0.074600 0.109400 0.047400 0.134800 0.129600 0.095100 0.115700 0.053400 0.111000 0.165800 0.200200 0.090100 0.046800 0.069700 0.115600 0.053600 0.109000 0.167800 0.075400 0.170600 0.115100 0.095100 0.108300 0.118200 0.082600 0.046500 0.183000 0.172400 0.060300 0.175000 0.213300 0.108500 0.128600 0.067100 0.161600 0.081600 0.091300 0.108300 0.115000
MountainNy 0.139900 0.360900 0.065900 0.362400 0.126500 0.134900 0.123400 0.136400 0.000000 0.221900 0.133100 0.108200 0.120200 0.131000 0.144600 0.117800 0.191900 0.172400 0.137100 0.043700 0.122900 0.154000 0.204800 0.240500 0.131900 0.130900 0.097800 0.045500 0.138100 0.052500 0.207400 0.132300 0.199800 0.128900 0.137100 0.107100 0.161500 0.125200 0.115500 0.205700 0.211400 0.130300 0.214700 0.254600 0.107200 0.134400 0.122900 0.209500 0.123500 0.150100 0.065200 0.058600
MuntiacusM 0.230500 0.400700 0.209000 0.390300 0.164000 0.208700 0.184700 0.182300 0.221900 0.000000 0.205700 0.191900 0.209700 0.184800 0.226100 0.204800 0.252700 0.231100 0.226000 0.215400 0.209300 0.229500 0.085900 0.111200 0.205400 0.202100 0.183100 0.215200 0.210400 0.207900 0.015300 0.187100 0.254800 0.239400 0.225900 0.206500 0.220400 0.162100 0.200400 0.119200 0.093200 0.218300 0.022900 0.139600 0.206900 0.226200 0.192200 0.241000 0.193500 0.182400 0.206400 0.213800
goat 0.034300 0.279700 0.098200 0.305000 0.093600 0.013300 0.076100 0.090200 0.133100 0.205700 0.000000 0.119500 0.071500 0.069100 0.120300 0.084600 0.123200 0.125100 0.047800 0.126600 0.090200 0.034400 0.171000 0.189500 0.000000 0.083600 0.049500 0.126500 0.090700 0.104900 0.190600 0.070300 0.160300 0.095500 0.075700 0.119100 0.041100 0.092700 0.082900 0.155200 0.177900 0.098400 0.198100 0.202600 0.119300 0.131600 0.104900 0.158700 0.091400 0.101800 0.104200 0.125800
AfricanBuf 0.141200 0.329600 0.095600 0.296200 0.084000 0.119700 0.095600 0.109500 0.108200 0.191900 0.119500 0.000000 0.121400 0.103000 0.110200 0.104200 0.149000 0.129400 0.110100 0.101900 0.095200 0.126400 0.175000 0.210000 0.120200 0.103000 0.098800 0.087600 0.081400 0.095200 0.177200 0.104800 0.163900 0.146900 0.109200 0.046300 0.140600 0.083100 0.102200 0.192600 0.165200 0.117800 0.184500 0.223500 0.046400 0.120700 0.095200 0.179800 0.096500 0.091900 0.080600 0.101200
Topi 0.093300 0.304200 0.085000 0.337300 0.095200 0.072400 0.092100 0.091600 0.120200 0.209700 0.071500 0.121400 0.000000 0.084900 0.122200 0.085900 0.155200 0.142300 0.077500 0.113600 0.091700 0.093500 0.174400 0.211000 0.071900 0.084900 0.021300 0.113500 0.092100 0.091700 0.194400 0.086500 0.179300 0.066300 0.076000 0.120900 0.100200 0.094200 0.084200 0.175300 0.181400 0.100000 0.202100 0.225000 0.121200 0.118100 0.106500 0.179000 0.092900 0.119300 0.105900 0.112800
CommonDuik 0.090200 0.283800 0.103700 0.281600 0.077400 0.070000 0.060800 0.074600 0.131000 0.184800 0.069100 0.103000 0.084900 0.000000 0.089300 0.068800 0.121300 0.101700 0.089200 0.124600 0.074600 0.090300 0.151500 0.185800 0.069500 0.068000 0.063000 0.124400 0.075000 0.117800 0.170100 0.041000 0.142200 0.109100 0.088600 0.102600 0.096900 0.062300 0.053700 0.168700 0.158300 0.082400 0.177500 0.198500 0.102800 0.129200 0.088800 0.139300 0.061500 0.085200 0.117000 0.123800
Suni 0.142100 0.338000 0.139500 0.323900 0.098700 0.121900 0.110700 0.109400 0.144600 0.226100 0.120300 0.110200 0.122200 0.089300 0.000000 0.104900 0.165000 0.138000 0.124600 0.138400 0.110200 0.141400 0.191600 0.227300 0.120100 0.103700 0.099500 0.138300 0.096300 0.131600 0.211300 0.104800 0.187400 0.146800 0.124600 0.109000 0.148900 0.083200 0.095800 0.209500 0.198400 0.110500 0.218700 0.241200 0.109200 0.152300 0.124900 0.179600 0.082100 0.121900 0.138100 0.137500
Springbuck 0.106100 0.286600 0.104900 0.301800 0.078300 0.085700 0.075800 0.047400 0.117800 0.204800 0.084600 0.104200 0.085900 0.068800 0.104900 0.000000 0.129900 0.124600 0.090300 0.126000 0.033500 0.106300 0.170400 0.205900 0.085100 0.025700 0.063700 0.125900 0.033600 0.119200 0.189800 0.070100 0.167300 0.110400 0.089600 0.103800 0.112900 0.077500 0.038400 0.188200 0.177200 0.040600 0.197300 0.219500 0.104000 0.123400 0.061300 0.158000 0.076400 0.101400 0.118400 0.125200
Okapi 0.144400 0.344400 0.164900 0.375100 0.154800 0.124800 0.135100 0.134800 0.191900 0.252700 0.123200 0.149000 0.155200 0.121300 0.165000 0.129900 0.000000 0.084400 0.128300 0.201000 0.134800 0.144600 0.218300 0.254500 0.123900 0.114300 0.132500 0.185600 0.106900 0.186800 0.238200 0.130500 0.181400 0.181300 0.156400 0.148700 0.165800 0.153200 0.127600 0.219400 0.224800 0.143400 0.245500 0.268400 0.148900 0.192500 0.134800 0.223700 0.151200 0.163200 0.148500 0.184700
Giraffe 0.131800 0.321900 0.145200 0.353500 0.134400 0.126700 0.115500 0.129600 0.172400 0.231100 0.125100 0.129400 0.142300 0.101700 0.138000 0.124600 0.084400 0.000000 0.130300 0.166100 0.129700 0.146800 0.196900 0.232300 0.125800 0.108800 0.119600 0.151000 0.101400 0.159400 0.216500 0.110600 0.161600 0.168200 0.143900 0.143600 0.153200 0.133100 0.122300 0.214700 0.203500 0.138200 0.223800 0.246200 0.143900 0.172100 0.144300 0.201600 0.116800 0.142800 0.129100 0.135900
TibetanAnt 0.068600 0.299700 0.102900 0.342200 0.098600 0.048400 0.096200 0.095100 0.137100 0.226000 0.047800 0.110100 0.077500 0.089200 0.124600 0.090300 0.128300 0.130300 0.000000 0.130800 0.095800 0.068200 0.191500 0.227300 0.047700 0.089200 0.055700 0.116100 0.081900 0.109400 0.211200 0.090100 0.179700 0.100500 0.081400 0.108900 0.089500 0.097600 0.088500 0.192500 0.198200 0.103200 0.218600 0.241300 0.109100 0.121500 0.095800 0.174500 0.096300 0.121900 0.094600 0.115500
Sitatunga 0.133400 0.334700 0.059600 0.320500 0.120000 0.128300 0.117000 0.115700 0.043700 0.215400 0.126600 0.101900 0.113600 0.124600 0.138400 0.126000 0.201000 0.166100 0.130800 0.000000 0.116600 0.147600 0.198200 0.233800 0.125400 0.124600 0.091300 0.012900 0.131700 0.032800 0.200800 0.125900 0.193600 0.137600 0.130700 0.100800 0.155100 0.118800 0.109100 0.199100 0.204800 0.124000 0.191300 0.247800 0.101000 0.128000 0.131200 0.202800 0.117200 0.143700 0.045600 0.039000
Oribi 0.111500 0.289800 0.095900 0.304700 0.084100 0.091400 0.067500 0.053400 0.122900 0.209300 0.090200 0.095200 0.091700 0.074600 0.110200 0.033500 0.134800 0.129700 0.095800 0.116600 0.000000 0.111700 0.175200 0.210300 0.090800 0.033100 0.066200 0.116400 0.039800 0.109800 0.194500 0.075900 0.156600 0.116000 0.095100 0.094900 0.118200 0.083300 0.046500 0.192800 0.181900 0.046700 0.201900 0.223800 0.095100 0.128700 0.053400 0.163200 0.082200 0.107000 0.109100 0.115800
BarbaryShe 0.055200 0.295100 0.119100 0.309900 0.115100 0.034800 0.097400 0.111000 0.154000 0.229500 0.034400 0.126400 0.093500 0.090300 0.141400 0.106300 0.144600 0.146800 0.068200 0.147600 0.111700 0.000000 0.194400 0.213300 0.034300 0.105100 0.071100 0.147500 0.112300 0.125700 0.214600 0.091300 0.182000 0.117300 0.082400 0.139900 0.076300 0.113900 0.104300 0.178500 0.184100 0.119400 0.222000 0.227100 0.140200 0.154500 0.126600 0.181800 0.112400 0.107800 0.124900 0.146600
Daviddeer 0.195300 0.335500 0.191800 0.340400 0.147200 0.173500 0.142900 0.165800 0.204800 0.085900 0.171000 0.175000 0.174400 0.151500 0.191600 0.170400 0.218300 0.196900 0.191500 0.198200 0.175200 0.194400 0.000000 0.078000 0.170800 0.168200 0.148700 0.198100 0.176200 0.190800 0.070600 0.153300 0.184900 0.202700 0.174600 0.189500 0.185700 0.145500 0.166700 0.077700 0.007400 0.183900 0.078300 0.088100 0.189900 0.208100 0.158800 0.184600 0.159900 0.148200 0.189500 0.196800
Reindeer 0.214300 0.371500 0.227500 0.362800 0.182200 0.192300 0.193800 0.200200 0.240500 0.111200 0.189500 0.210000 0.211000 0.185800 0.227300 0.205900 0.254500 0.232300 0.227300 0.233800 0.210300 0.213300 0.078000 0.000000 0.189100 0.203200 0.184200 0.233700 0.211500 0.226300 0.112500 0.188000 0.238100 0.240600 0.209700 0.224700 0.204300 0.180000 0.201400 0.094600 0.085300 0.219500 0.120200 0.055600 0.225200 0.246000 0.193200 0.223100 0.194500 0.183400 0.224700 0.232100
Ibex 0.034500 0.279000 0.097300 0.304600 0.093500 0.013900 0.076500 0.090100 0.131900 0.205400 0.000000 0.120200 0.071900 0.069500 0.120100 0.085100 0.123900 0.125800 0.047700 0.125400 0.090800 0.034300 0.170800 0.189100 0.000000 0.084100 0.049700 0.126200 0.091200 0.104600 0.190300 0.070200 0.160000 0.095200 0.076000 0.118900 0.041300 0.092600 0.083400 0.154800 0.177600 0.098300 0.197900 0.202100 0.119100 0.132300 0.105500 0.158300 0.091300 0.101600 0.103300 0.125500
GyrantGaze 0.104900 0.282900 0.103700 0.297900 0.077300 0.084700 0.074900 0.046800 0.130900 0.202100 0.083600 0.103000 0.084900 0.068000 0.103700 0.025700 0.114300 0.108800 0.089200 0.124600 0.033100 0.105100 0.168200 0.203200 0.084100 0.000000 0.063000 0.124400 0.033200 0.117800 0.187300 0.069200 0.149900 0.109100 0.088600 0.102600 0.096900 0.076600 0.040000 0.185700 0.174900 0.026600 0.194700 0.216500 0.102800 0.121900 0.060600 0.156000 0.075600 0.100200 0.102600 0.109300
Hartebeest 0.070900 0.274900 0.063000 0.309000 0.072400 0.050100 0.070000 0.069700 0.097800 0.183100 0.049500 0.098800 0.021300 0.063000 0.099500 0.063700 0.132500 0.119600 0.055700 0.091300 0.066200 0.071100 0.148700 0.184200 0.049700 0.063000 0.000000 0.091200 0.070100 0.069800 0.167900 0.064100 0.155000 0.043700 0.052300 0.098500 0.077900 0.071600 0.062500 0.149500 0.155700 0.077700 0.175500 0.197300 0.098700 0.094900 0.084200 0.152900 0.070600 0.095800 0.083800 0.090700
Bongo 0.133300 0.334800 0.059900 0.338000 0.119900 0.128200 0.116900 0.115600 0.045500 0.215200 0.126500 0.087600 0.113500 0.124400 0.138300 0.125900 0.185600 0.151000 0.116100 0.012900 0.116400 0.147500 0.198100 0.233700 0.126200 0.124400 0.091200 0.000000 0.116900 0.032700 0.200600 0.125800 0.193500 0.137400 0.130600 0.086700 0.155000 0.118600 0.109000 0.198900 0.204700 0.123800 0.191100 0.247700 0.086900 0.112800 0.131100 0.201600 0.117100 0.143500 0.032500 0.039000
Gerenuk 0.112100 0.273000 0.110800 0.306500 0.084500 0.091900 0.081800 0.053600 0.138100 0.210400 0.090700 0.081400 0.092100 0.075000 0.096300 0.033600 0.106900 0.101400 0.081900 0.131700 0.039800 0.112300 0.176200 0.211500 0.091200 0.033200 0.070100 0.116900 0.000000 0.124900 0.195600 0.076300 0.172800 0.116500 0.095500 0.095300 0.118800 0.083700 0.044000 0.193900 0.182900 0.046900 0.203000 0.225100 0.095500 0.114100 0.064400 0.164100 0.082600 0.107500 0.109600 0.130900
CommonElan 0.111600 0.346200 0.046600 0.330600 0.113100 0.106200 0.110200 0.109000 0.052500 0.207900 0.104900 0.095200 0.091700 0.117800 0.131600 0.119200 0.186800 0.159400 0.109400 0.032800 0.109800 0.125700 0.190800 0.226300 0.104600 0.117800 0.069800 0.032700 0.124900 0.000000 0.193300 0.119000 0.179000 0.115100 0.109400 0.094200 0.133100 0.111900 0.102400 0.191600 0.197500 0.117200 0.200600 0.240100 0.094400 0.121000 0.124400 0.195200 0.110400 0.136600 0.039400 0.032600
MuntiacusR 0.215500 0.384000 0.194200 0.374700 0.149000 0.193400 0.170000 0.167800 0.207400 0.015300 0.190600 0.177200 0.194400 0.170100 0.211300 0.189800 0.238200 0.216500 0.211200 0.200800 0.194500 0.214600 0.070600 0.112500 0.190300 0.187300 0.167900 0.200600 0.195600 0.193300 0.000000 0.172200 0.239800 0.223800 0.211100 0.191900 0.205500 0.147200 0.185700 0.103700 0.078000 0.203500 0.007600 0.123700 0.192300 0.210900 0.177500 0.225000 0.178700 0.167300 0.191900 0.199300
HarveysDui 0.091800 0.296300 0.104800 0.275200 0.078200 0.071300 0.061900 0.075400 0.132300 0.187100 0.070300 0.104800 0.086500 0.041000 0.104800 0.070100 0.130500 0.110600 0.090100 0.125900 0.075900 0.091300 0.153300 0.188000 0.070200 0.069200 0.064100 0.125800 0.076300 0.119000 0.172200 0.000000 0.151300 0.110300 0.090100 0.103800 0.098600 0.077300 0.054700 0.170700 0.160100 0.083200 0.179600 0.201000 0.104000 0.131700 0.090400 0.140700 0.076400 0.086100 0.118300 0.125100
Pronghorn 0.167200 0.341200 0.171700 0.333800 0.137600 0.162400 0.134400 0.170600 0.199800 0.254800 0.160300 0.163900 0.179300 0.142200 0.187400 0.167300 0.181400 0.161600 0.179700 0.193600 0.156600 0.182000 0.184900 0.238100 0.160000 0.149900 0.155000 0.193500 0.172800 0.179000 0.239800 0.151300 0.000000 0.189400 0.163900 0.170000 0.189900 0.136200 0.164000 0.228400 0.191600 0.180200 0.247300 0.252500 0.170400 0.219200 0.164000 0.198600 0.142200 0.161900 0.170100 0.161700
BlueWildeb 0.117900 0.316500 0.108300 0.369800 0.119600 0.096800 0.116500 0.115100 0.128900 0.239400 0.095500 0.146900 0.066300 0.109100 0.146800 0.110400 0.181300 0.168200 0.100500 0.137600 0.116000 0.117300 0.202700 0.240600 0.095200 0.109100 0.043700 0.137400 0.116500 0.115100 0.223800 0.110300 0.189400 0.000000 0.100400 0.145200 0.125000 0.118300 0.108200 0.203600 0.209700 0.123900 0.231600 0.255700 0.145500 0.144200 0.131400 0.189000 0.116700 0.144700 0.129600 0.136600
Gemsbok 0.096700 0.309400 0.102900 0.305300 0.098600 0.076600 0.095500 0.095100 0.137100 0.225900 0.075700 0.109200 0.076000 0.088600 0.124600 0.089600 0.156400 0.143900 0.081400 0.130700 0.095100 0.082400 0.174600 0.209700 0.076000 0.088600 0.052300 0.130600 0.095500 0.109400 0.211100 0.090100 0.163900 0.100400 0.000000 0.123300 0.103300 0.097600 0.087900 0.183600 0.164800 0.103100 0.218500 0.223100 0.123600 0.136600 0.109400 0.162600 0.096300 0.106600 0.123200 0.129900
Yak 0.140700 0.353600 0.094600 0.320200 0.097700 0.120600 0.095300 0.108300 0.107100 0.206500 0.119100 0.046300 0.120900 0.102600 0.109000 0.103800 0.148700 0.143600 0.108900 0.100800 0.094900 0.139900 0.189500 0.224700 0.118900 0.102600 0.098500 0.086700 0.095300 0.094200 0.191900 0.103800 0.170000 0.145200 0.123300 0.000000 0.132300 0.096700 0.101900 0.207200 0.196200 0.116600 0.199200 0.238500 0.012500 0.120200 0.109200 0.177400 0.095400 0.120700 0.079700 0.100200
BlueSheep 0.076100 0.314200 0.126500 0.337600 0.122700 0.055900 0.103900 0.118200 0.161500 0.220400 0.041100 0.140600 0.100200 0.096900 0.148900 0.112900 0.165800 0.153200 0.089500 0.155100 0.118200 0.076300 0.185700 0.204300 0.041300 0.096900 0.077900 0.155000 0.118800 0.133100 0.205500 0.098600 0.189900 0.125000 0.103300 0.132300 0.000000 0.121400 0.110800 0.169900 0.192400 0.111800 0.213000 0.217700 0.132600 0.161100 0.133100 0.190300 0.119800 0.131100 0.147300 0.154100
BohorReedb 0.114600 0.326600 0.112400 0.293700 0.013800 0.093900 0.083600 0.082600 0.125200 0.162100 0.092700 0.083100 0.094200 0.062300 0.083200 0.077500 0.153200 0.133100 0.097600 0.118800 0.083300 0.113900 0.145500 0.180000 0.092600 0.076600 0.071600 0.118600 0.083700 0.111900 0.147200 0.077300 0.136200 0.118300 0.097600 0.096700 0.121400 0.000000 0.076000 0.162700 0.152300 0.090700 0.154600 0.192700 0.096900 0.124200 0.083200 0.150000 0.041100 0.078900 0.111200 0.118000
KirksDik 0.104100 0.291500 0.102900 0.315000 0.076800 0.084000 0.074400 0.046500 0.115500 0.200400 0.082900 0.102200 0.084200 0.053700 0.095800 0.038400 0.127600 0.122300 0.088500 0.109100 0.046500 0.104300 0.166700 0.201400 0.083400 0.040000 0.062500 0.109000 0.044000 0.102400 0.185700 0.054700 0.164000 0.108200 0.087900 0.101900 0.110800 0.076000 0.000000 0.184100 0.173400 0.040100 0.193100 0.214600 0.102100 0.121000 0.060200 0.154700 0.075000 0.099400 0.116200 0.108400
RoeDeer 0.179300 0.327600 0.192600 0.362100 0.164700 0.157400 0.168400 0.183000 0.205700 0.119200 0.155200 0.192600 0.175300 0.168700 0.209500 0.188200 0.219400 0.214700 0.192500 0.199100 0.192800 0.178500 0.077700 0.094600 0.154800 0.185700 0.149500 0.198900 0.193900 0.191600 0.103700 0.170700 0.228400 0.203600 0.183600 0.207200 0.169900 0.162700 0.184100 0.000000 0.085000 0.201800 0.111400 0.105200 0.207700 0.209200 0.176000 0.213100 0.177200 0.165800 0.190300 0.197600
WhiteLippe 0.202100 0.332900 0.198500 0.327300 0.154100 0.180500 0.149600 0.172400 0.211400 0.093200 0.177900 0.165200 0.181400 0.158300 0.198400 0.177200 0.224800 0.203500 0.198200 0.204800 0.181900 0.184100 0.007400 0.085300 0.177600 0.174900 0.155700 0.204700 0.182900 0.197500 0.078000 0.160100 0.191600 0.209700 0.164800 0.196200 0.192400 0.152300 0.173400 0.085000 0.000000 0.190600 0.085600 0.095500 0.196600 0.215000 0.165500 0.191700 0.166600 0.138500 0.196100 0.203400
ThomsonGaz 0.120100 0.291200 0.117800 0.314500 0.091600 0.099700 0.089300 0.060300 0.130300 0.218300 0.098400 0.117800 0.100000 0.082400 0.110500 0.040600 0.143400 0.138200 0.103200 0.124000 0.046700 0.119400 0.183900 0.219500 0.098300 0.026600 0.077700 0.123800 0.046900 0.117200 0.203500 0.083200 0.180200 0.123900 0.103100 0.116600 0.111800 0.090700 0.040100 0.201800 0.190600 0.000000 0.210900 0.233200 0.116800 0.137600 0.074800 0.171900 0.089500 0.114700 0.131200 0.123200
MuntiacusC 0.223000 0.370600 0.201600 0.382600 0.156500 0.201100 0.177400 0.175000 0.214700 0.022900 0.198100 0.184500 0.202100 0.177500 0.218700 0.197300 0.245500 0.223800 0.218600 0.191300 0.201900 0.222000 0.078300 0.120200 0.197900 0.194700 0.175500 0.191100 0.203000 0.200600 0.007600 0.179600 0.247300 0.231600 0.218500 0.199200 0.213000 0.154600 0.193100 0.111400 0.085600 0.210900 0.000000 0.131600 0.199600 0.218600 0.184900 0.233100 0.186100 0.174900 0.199200 0.206600
WhiteTaile 0.228100 0.369800 0.241400 0.361000 0.195100 0.205700 0.206800 0.213300 0.254600 0.139600 0.202600 0.223500 0.225000 0.198500 0.241200 0.219500 0.268400 0.246200 0.241300 0.247800 0.223800 0.227100 0.088100 0.055600 0.202100 0.216500 0.197300 0.247700 0.225100 0.240100 0.123700 0.201000 0.252500 0.255700 0.223100 0.238500 0.217700 0.192700 0.214600 0.105200 0.095500 0.233200 0.131600 0.000000 0.221000 0.242300 0.206100 0.219000 0.207600 0.196400 0.238400 0.246000
Cattle 0.141000 0.354400 0.094800 0.320800 0.097900 0.120900 0.095500 0.108500 0.107200 0.206900 0.119300 0.046400 0.121200 0.102800 0.109200 0.104000 0.148900 0.143900 0.109100 0.101000 0.095100 0.140200 0.189900 0.225200 0.119100 0.102800 0.098700 0.086900 0.095500 0.094400 0.192300 0.104000 0.170400 0.145500 0.123600 0.012500 0.132600 0.096900 0.102100 0.207700 0.196600 0.116800 0.199600 0.221000 0.000000 0.120500 0.109400 0.177800 0.095600 0.120900 0.079900 0.100400
RoyalAntel 0.154200 0.312000 0.121500 0.335700 0.125600 0.133400 0.136600 0.128600 0.134400 0.226200 0.131600 0.120700 0.118100 0.129200 0.152300 0.123400 0.192500 0.172100 0.121500 0.128000 0.128700 0.154500 0.208100 0.246000 0.132300 0.121900 0.094900 0.112800 0.114100 0.121000 0.210900 0.131700 0.219200 0.144200 0.136600 0.120200 0.161100 0.124200 0.121000 0.209200 0.215000 0.137600 0.218600 0.242300 0.120500 0.000000 0.144000 0.178500 0.122500 0.150400 0.105300 0.127100
Steenbok 0.126400 0.291800 0.110400 0.315100 0.084100 0.106200 0.081500 0.067100 0.122900 0.192200 0.104900 0.095200 0.106500 0.088800 0.124900 0.061300 0.134800 0.144300 0.095800 0.131200 0.053400 0.126600 0.158800 0.193200 0.105500 0.060600 0.084200 0.131100 0.064400 0.124400 0.177500 0.090400 0.164000 0.131400 0.109400 0.109200 0.133100 0.083200 0.060200 0.176000 0.165500 0.074800 0.184900 0.206100 0.109400 0.144000 0.000000 0.174900 0.096500 0.106900 0.123600 0.130300
Impala 0.183100 0.336700 0.196900 0.347400 0.142500 0.161000 0.147200 0.161600 0.209500 0.241000 0.158700 0.179800 0.179000 0.139300 0.179600 0.158000 0.223700 0.201600 0.174500 0.202800 0.163200 0.181800 0.184600 0.223100 0.158300 0.156000 0.152900 0.201600 0.164100 0.195200 0.225000 0.140700 0.198600 0.189000 0.162600 0.177400 0.190300 0.150000 0.154700 0.213100 0.191700 0.171900 0.233100 0.219000 0.177800 0.178500 0.174900 0.000000 0.147300 0.143300 0.194100 0.201200
Klipspring 0.098300 0.321300 0.110900 0.299000 0.055700 0.092600 0.082500 0.081600 0.123500 0.193500 0.091400 0.096500 0.092900 0.061500 0.082100 0.076400 0.151200 0.116800 0.096300 0.117200 0.082200 0.112400 0.159900 0.194500 0.091300 0.075600 0.070600 0.117100 0.082600 0.110400 0.178700 0.076400 0.142200 0.116700 0.096300 0.095400 0.119800 0.041100 0.075000 0.177200 0.166600 0.089500 0.186100 0.207600 0.095600 0.122500 0.096500 0.147300 0.000000 0.092600 0.109800 0.102100
ForestMusk 0.116600 0.333100 0.138100 0.289100 0.079700 0.103200 0.092300 0.091300 0.150100 0.182400 0.101800 0.091900 0.119300 0.085200 0.121900 0.101400 0.163200 0.142800 0.121900 0.143700 0.107000 0.107800 0.148200 0.183400 0.101600 0.100200 0.095800 0.143500 0.107500 0.136600 0.167300 0.086100 0.161900 0.144700 0.106600 0.120700 0.131100 0.078900 0.099400 0.165800 0.138500 0.114700 0.174900 0.196400 0.120900 0.150400 0.106900 0.143300 0.092600 0.000000 0.135700 0.142700
Bushbuck 0.111000 0.353000 0.052700 0.328300 0.112300 0.105600 0.109600 0.108300 0.065200 0.206400 0.104200 0.080600 0.105900 0.117000 0.138100 0.118400 0.148500 0.129100 0.094600 0.045600 0.109100 0.124900 0.189500 0.224700 0.103300 0.102600 0.083800 0.032500 0.109600 0.039400 0.191900 0.118300 0.170100 0.129600 0.123200 0.079700 0.147300 0.111200 0.116200 0.190300 0.196100 0.131200 0.199200 0.238400 0.079900 0.105300 0.123600 0.194100 0.109800 0.135700 0.000000 0.032400
GreaterKud 0.117800 0.351200 0.059600 0.335700 0.119200 0.127400 0.116300 0.115000 0.058600 0.213800 0.125800 0.101200 0.112800 0.123800 0.137500 0.125200 0.184700 0.135900 0.115500 0.039000 0.115800 0.146600 0.196800 0.232100 0.125500 0.109300 0.090700 0.039000 0.130900 0.032600 0.199300 0.125100 0.161700 0.136600 0.129900 0.100200 0.154100 0.118000 0.108400 0.197600 0.203400 0.123200 0.206600 0.246000 0.100400 0.127100 0.130300 0.201200 0.102100 0.142700 0.032400 0.000000
