1
52 1
Argali 0.000000 0.130200 0.016700 0.108000 0.022500 0.000000 0.000000 0.016900 0.015900 0.075500 0.005300 0.005500 0.022500 0.005400 0.022600 0.011100 0.028200 0.028100 0.028300 0.010600 0.011200 0.010900 0.063600 0.063600 0.005300 0.022600 0.016800 0.016600 0.011100 0.016700 0.069600 0.022600 0.046000 0.022400 0.016800 0.005400 0.005400 0.028400 0.011200 0.069200 0.069200 0.011100 0.075000 0.051300 0.005600 0.034200 0.034300 0.034000 0.028000 0.010700 0.011000 0.010700
LesserMous 0.130200 0.000000 0.136700 0.171700 0.145000 0.130200 0.130100 0.151800 0.149500 0.208700 0.123700 0.137400 0.130900 0.123700 0.131400 0.144200 0.151800 0.150900 0.137900 0.143200 0.131100 0.130300 0.194100 0.194300 0.137500 0.159300 0.123700 0.149800 0.144200 0.150700 0.200900 0.145700 0.174900 0.130200 0.138500 0.137400 0.137600 0.152900 0.144400 0.185600 0.200800 0.144200 0.207300 0.193400 0.137500 0.159300 0.159900 0.159000 0.157600 0.143900 0.143200 0.143200
LesserKudu 0.016700 0.136700 0.000000 0.114300 0.039800 0.016700 0.016700 0.034100 0.010600 0.094000 0.011100 0.021500 0.028200 0.022400 0.039900 0.028200 0.045600 0.045400 0.045800 0.005300 0.028300 0.028100 0.081900 0.069500 0.022400 0.040000 0.022400 0.010600 0.028200 0.011100 0.088000 0.040000 0.064000 0.028100 0.034100 0.022400 0.022400 0.045900 0.028200 0.087600 0.087500 0.028200 0.093400 0.069200 0.022500 0.051900 0.040100 0.051600 0.033700 0.026700 0.005500 0.005500
KillerWhal 0.108000 0.171700 0.114300 0.000000 0.095700 0.108000 0.108000 0.115000 0.126600 0.168800 0.101800 0.114800 0.121900 0.101800 0.095900 0.121300 0.115000 0.114400 0.115300 0.120500 0.108700 0.108100 0.141100 0.154800 0.101800 0.122000 0.114900 0.113700 0.121300 0.114300 0.161600 0.115700 0.136200 0.121300 0.089700 0.114800 0.115000 0.102600 0.121500 0.133300 0.147400 0.121300 0.167700 0.154100 0.114900 0.149400 0.122300 0.135000 0.127200 0.107900 0.120500 0.120500
DefassaWat 0.022500 0.145000 0.039800 0.095700 0.000000 0.021400 0.022600 0.028500 0.039500 0.088400 0.028400 0.028300 0.046100 0.016900 0.022700 0.034200 0.028400 0.028200 0.022600 0.033900 0.022700 0.034100 0.064000 0.076300 0.028300 0.046300 0.040100 0.039600 0.034200 0.028200 0.082400 0.017000 0.053600 0.045900 0.016200 0.026700 0.028400 0.005400 0.034300 0.057500 0.069500 0.034200 0.087800 0.063700 0.028400 0.058400 0.046400 0.046000 0.039700 0.022500 0.033900 0.033900
Sheep 0.000000 0.130200 0.016700 0.108000 0.021400 0.000000 0.000000 0.016900 0.015900 0.075500 0.005500 0.005300 0.022500 0.005500 0.022600 0.011100 0.028200 0.027100 0.028300 0.011000 0.011200 0.010700 0.063600 0.063600 0.005400 0.022600 0.016100 0.016600 0.011100 0.016700 0.069600 0.022600 0.046000 0.022400 0.016900 0.005500 0.005500 0.028400 0.011200 0.069200 0.069200 0.011100 0.075000 0.051300 0.005600 0.034200 0.034300 0.034000 0.028000 0.010600 0.010700 0.010700
MaxwellsDu 0.000000 0.130100 0.016700 0.108000 0.022600 0.000000 0.000000 0.016800 0.016600 0.075700 0.005600 0.005600 0.022600 0.005600 0.022600 0.011100 0.028300 0.028200 0.028400 0.011100 0.011200 0.011100 0.063600 0.063600 0.005600 0.022600 0.016800 0.016600 0.011100 0.016700 0.069500 0.022700 0.046200 0.022500 0.016900 0.005600 0.005600 0.028500 0.011200 0.069500 0.069400 0.011100 0.075300 0.051300 0.005600 0.034200 0.034300 0.034100 0.028100 0.011100 0.011100 0.011100
GazellaPrz 0.016900 0.151800 0.034100 0.115000 0.028500 0.016900 0.016800 0.000000 0.033800 0.095000 0.022600 0.022600 0.040300 0.022600 0.028500 0.016700 0.034300 0.034100 0.034400 0.028200 0.016800 0.028300 0.070000 0.082400 0.022600 0.028200 0.034300 0.033900 0.016700 0.022500 0.088600 0.034500 0.052400 0.040100 0.022800 0.022600 0.022700 0.034500 0.016700 0.076000 0.075900 0.016700 0.094400 0.069700 0.022600 0.046000 0.028300 0.040200 0.034000 0.016800 0.028200 0.028200
MountainNy 0.015900 0.149500 0.010600 0.126600 0.039500 0.015900 0.016600 0.033800 0.000000 0.093200 0.022200 0.022200 0.039500 0.022200 0.039600 0.028000 0.045300 0.045100 0.045400 0.005300 0.028100 0.026200 0.081300 0.081300 0.022200 0.039700 0.033700 0.010900 0.028000 0.010600 0.087300 0.039700 0.063500 0.039400 0.033900 0.022200 0.021300 0.045600 0.028000 0.086900 0.086800 0.028000 0.092700 0.068700 0.022300 0.051500 0.051700 0.039500 0.033400 0.027800 0.005500 0.005500
MuntiacusM 0.075500 0.208700 0.094000 0.168800 0.088400 0.075500 0.075700 0.095000 0.093200 0.000000 0.081900 0.081800 0.088400 0.081800 0.101200 0.075800 0.107400 0.106800 0.107500 0.087400 0.088800 0.087800 0.022300 0.057300 0.081800 0.088700 0.081900 0.093400 0.075800 0.094000 0.005500 0.101500 0.127900 0.088000 0.095000 0.081800 0.082000 0.095200 0.088400 0.062800 0.027900 0.075800 0.011000 0.045200 0.082200 0.114600 0.101800 0.100900 0.106500 0.087800 0.087400 0.087400
goat 0.005300 0.123700 0.011100 0.101800 0.028400 0.005500 0.005600 0.022600 0.022200 0.081900 0.000000 0.010700 0.016900 0.011200 0.028400 0.016800 0.034100 0.033900 0.034200 0.016700 0.016900 0.016100 0.069900 0.057700 0.011200 0.028500 0.010800 0.022300 0.016800 0.021300 0.075900 0.028500 0.052200 0.016800 0.022700 0.011200 0.010800 0.034300 0.016900 0.075600 0.075500 0.016800 0.081400 0.057500 0.011200 0.040200 0.028600 0.040000 0.033800 0.016800 0.016100 0.016700
AfricanBuf 0.005500 0.137400 0.021500 0.114800 0.028300 0.005300 0.005600 0.022600 0.022200 0.081800 0.010700 0.000000 0.028300 0.011100 0.026800 0.016800 0.034100 0.033900 0.034200 0.015900 0.016900 0.016400 0.069900 0.069900 0.010700 0.028400 0.022500 0.022300 0.016800 0.022400 0.075900 0.028400 0.052100 0.028200 0.022600 0.000000 0.010800 0.034300 0.016800 0.075500 0.074900 0.016800 0.081300 0.057400 0.000000 0.040200 0.040300 0.039900 0.033800 0.016800 0.016700 0.016700
Topi 0.022500 0.130900 0.028200 0.121900 0.046100 0.022500 0.022600 0.040300 0.039500 0.088400 0.016900 0.028300 0.000000 0.028300 0.046200 0.034200 0.052000 0.051700 0.052100 0.033900 0.034400 0.034100 0.076300 0.076300 0.028300 0.046300 0.005400 0.039600 0.034200 0.039800 0.082400 0.046300 0.070700 0.011200 0.040300 0.028300 0.028400 0.052300 0.034300 0.094600 0.081900 0.034200 0.087800 0.076000 0.028500 0.058400 0.046500 0.053700 0.051600 0.034100 0.032000 0.033900
CommonDuik 0.005400 0.123700 0.022400 0.101800 0.016900 0.005500 0.005600 0.022600 0.022200 0.081800 0.011200 0.011100 0.028300 0.000000 0.016900 0.016800 0.022500 0.021500 0.021600 0.016700 0.005600 0.016100 0.069800 0.069800 0.011200 0.028400 0.021300 0.022300 0.016800 0.022400 0.075900 0.016200 0.052100 0.028200 0.011200 0.011100 0.011200 0.022700 0.016800 0.063300 0.075400 0.016800 0.081300 0.057400 0.011200 0.040200 0.040300 0.039900 0.033800 0.016700 0.016700 0.016700
Suni 0.022600 0.131400 0.039900 0.095900 0.022700 0.022600 0.022600 0.028500 0.039600 0.101200 0.028400 0.026800 0.046200 0.016900 0.000000 0.034300 0.028400 0.028300 0.028500 0.034000 0.022800 0.022600 0.076400 0.089000 0.028400 0.046400 0.040100 0.039700 0.034300 0.028200 0.095200 0.028600 0.046400 0.046000 0.017000 0.028400 0.028400 0.028600 0.034300 0.069700 0.082000 0.034300 0.100600 0.076100 0.028500 0.058500 0.046500 0.046100 0.039800 0.022500 0.034000 0.034000
Springbuck 0.011100 0.144200 0.028200 0.121300 0.034200 0.011100 0.011100 0.016700 0.028000 0.075800 0.016800 0.016800 0.034200 0.016800 0.034300 0.000000 0.040000 0.039800 0.040100 0.022400 0.011100 0.022500 0.063700 0.063700 0.016800 0.010700 0.028300 0.028000 0.000000 0.028200 0.069700 0.034400 0.058300 0.034100 0.028500 0.016800 0.016900 0.040300 0.011000 0.069600 0.069500 0.000000 0.075400 0.051400 0.016800 0.039900 0.034000 0.046000 0.039700 0.022500 0.022400 0.022400
Okapi 0.028200 0.151800 0.045600 0.115000 0.028400 0.028200 0.028300 0.034300 0.045300 0.107400 0.034100 0.034100 0.052000 0.022500 0.028400 0.040000 0.000000 0.011100 0.034200 0.039600 0.028500 0.039900 0.082400 0.095100 0.034100 0.052200 0.045900 0.045400 0.040000 0.033900 0.101300 0.034300 0.064400 0.051800 0.022700 0.034100 0.034100 0.034300 0.040100 0.075600 0.088000 0.040000 0.106700 0.082000 0.034200 0.064400 0.052400 0.051900 0.041900 0.028200 0.039600 0.039600
Giraffe 0.028100 0.150900 0.045400 0.114400 0.028200 0.027100 0.028200 0.034100 0.045100 0.106800 0.033900 0.033900 0.051700 0.021500 0.028300 0.039800 0.011100 0.000000 0.034000 0.039400 0.028300 0.039600 0.081900 0.094600 0.033900 0.051900 0.045700 0.045100 0.039800 0.033700 0.100700 0.034100 0.064000 0.051500 0.022600 0.033900 0.034000 0.034200 0.039900 0.075200 0.087500 0.039800 0.106100 0.081600 0.034000 0.064100 0.052100 0.051600 0.045300 0.028000 0.039400 0.039400
TibetanAnt 0.028300 0.137900 0.045800 0.115300 0.022600 0.028300 0.028400 0.034400 0.045400 0.107500 0.034200 0.034200 0.052100 0.021600 0.028500 0.040100 0.034200 0.034000 0.000000 0.039700 0.028600 0.040000 0.082500 0.095300 0.034200 0.052300 0.046000 0.045500 0.040100 0.034000 0.101400 0.028500 0.064600 0.051900 0.022700 0.034200 0.034200 0.028500 0.040200 0.075800 0.088100 0.040100 0.106900 0.082200 0.034300 0.064600 0.052500 0.052000 0.045600 0.028300 0.039700 0.039700
Sitatunga 0.010600 0.143200 0.005300 0.120500 0.033900 0.011000 0.011100 0.028200 0.005300 0.087400 0.016700 0.015900 0.033900 0.016700 0.034000 0.022400 0.039600 0.039400 0.039700 0.000000 0.022500 0.022300 0.075500 0.075500 0.016700 0.034000 0.028100 0.005300 0.022400 0.005300 0.081500 0.034000 0.057700 0.033700 0.028200 0.016700 0.016000 0.039900 0.022400 0.081100 0.081000 0.022400 0.086900 0.063000 0.016700 0.045800 0.045900 0.045500 0.027900 0.022300 0.000000 0.000000
Oribi 0.011200 0.131100 0.028300 0.108700 0.022700 0.011200 0.011200 0.016800 0.028100 0.088800 0.016900 0.016900 0.034400 0.005600 0.022800 0.011100 0.028500 0.028300 0.028600 0.022500 0.000000 0.022600 0.076300 0.076300 0.016900 0.021500 0.028500 0.028200 0.010800 0.028300 0.082400 0.022800 0.058700 0.034300 0.017100 0.016900 0.017000 0.028700 0.011100 0.070000 0.082300 0.011100 0.088200 0.063700 0.016900 0.040100 0.034200 0.046200 0.039900 0.022600 0.022500 0.022500
BarbaryShe 0.010900 0.130300 0.028100 0.108100 0.034100 0.010700 0.011100 0.028300 0.026200 0.087800 0.016100 0.016400 0.034100 0.016100 0.022600 0.022500 0.039900 0.039600 0.040000 0.022300 0.022600 0.000000 0.075800 0.075900 0.016200 0.034200 0.028200 0.027900 0.022500 0.028100 0.081900 0.034200 0.046100 0.033900 0.028400 0.016800 0.016800 0.040100 0.022500 0.081600 0.081400 0.022500 0.087300 0.063300 0.016800 0.046100 0.046200 0.045800 0.039500 0.022400 0.022300 0.022300
Daviddeer 0.063600 0.194100 0.081900 0.141100 0.064000 0.063600 0.063600 0.070000 0.081300 0.022300 0.069900 0.069900 0.076300 0.069800 0.076400 0.063700 0.082400 0.081900 0.082500 0.075500 0.076300 0.075800 0.000000 0.045500 0.069900 0.076300 0.069900 0.081400 0.063700 0.069500 0.016700 0.082800 0.102100 0.076000 0.070300 0.069900 0.070000 0.070400 0.076000 0.039500 0.005500 0.063700 0.022200 0.033600 0.069900 0.101700 0.076500 0.088600 0.081800 0.063600 0.075500 0.075500
Reindeer 0.063600 0.194300 0.069500 0.154800 0.076300 0.063600 0.063600 0.082400 0.081300 0.057300 0.057700 0.069900 0.076300 0.069800 0.089000 0.063700 0.095100 0.094600 0.095300 0.075500 0.076300 0.075900 0.045500 0.000000 0.069900 0.076300 0.069900 0.081500 0.063700 0.081900 0.051300 0.089300 0.115300 0.076000 0.082800 0.069900 0.070000 0.083000 0.076000 0.051200 0.051200 0.063700 0.056900 0.011000 0.069900 0.101800 0.076500 0.101500 0.094300 0.075800 0.075500 0.075500
Ibex 0.005300 0.137500 0.022400 0.101800 0.028300 0.005400 0.005600 0.022600 0.022200 0.081800 0.011200 0.010700 0.028300 0.011200 0.028400 0.016800 0.034100 0.033900 0.034200 0.016700 0.016900 0.016200 0.069900 0.069900 0.000000 0.016900 0.021300 0.021200 0.016800 0.022400 0.075900 0.028500 0.052200 0.028200 0.022700 0.011200 0.010800 0.034300 0.016900 0.075500 0.075400 0.016800 0.081300 0.057400 0.011200 0.040200 0.040300 0.040000 0.033800 0.016000 0.016100 0.016700
GyrantGaze 0.022600 0.159300 0.040000 0.122000 0.046300 0.022600 0.022600 0.028200 0.039700 0.088700 0.028500 0.028400 0.046300 0.028400 0.046400 0.010700 0.052200 0.051900 0.052300 0.034000 0.021500 0.034200 0.076300 0.076300 0.016900 0.000000 0.040200 0.039800 0.011100 0.040000 0.082400 0.046500 0.071000 0.046100 0.040500 0.028400 0.028500 0.052500 0.022400 0.082400 0.082200 0.011100 0.088200 0.063700 0.028400 0.052000 0.045900 0.058300 0.051800 0.034200 0.034000 0.034000
Hartebeest 0.016800 0.123700 0.022400 0.114900 0.040100 0.016100 0.016800 0.034300 0.033700 0.081900 0.010800 0.022500 0.005400 0.021300 0.040100 0.028300 0.045900 0.045700 0.046000 0.028100 0.028500 0.028200 0.069900 0.069900 0.021300 0.040200 0.000000 0.033700 0.028300 0.033900 0.076000 0.040200 0.064400 0.005600 0.034300 0.022500 0.022600 0.046200 0.028400 0.088100 0.075500 0.028300 0.081400 0.069600 0.022600 0.052200 0.040400 0.051900 0.045600 0.028200 0.028100 0.028100
Bongo 0.016600 0.149800 0.010600 0.113700 0.039600 0.016600 0.016600 0.033900 0.010900 0.093400 0.022300 0.022300 0.039600 0.022300 0.039700 0.028000 0.045400 0.045100 0.045500 0.005300 0.028200 0.027900 0.081400 0.081500 0.021200 0.039800 0.033700 0.000000 0.028000 0.011000 0.087500 0.039800 0.063700 0.039400 0.033900 0.022300 0.021300 0.045700 0.028000 0.087100 0.087000 0.028000 0.092900 0.068900 0.022400 0.051600 0.051800 0.051300 0.033500 0.027900 0.005300 0.005300
Gerenuk 0.011100 0.144200 0.028200 0.121300 0.034200 0.011100 0.011100 0.016700 0.028000 0.075800 0.016800 0.016800 0.034200 0.016800 0.034300 0.000000 0.040000 0.039800 0.040100 0.022400 0.010800 0.022500 0.063700 0.063700 0.016800 0.011100 0.028300 0.028000 0.000000 0.028200 0.069700 0.034400 0.058300 0.034100 0.028500 0.016800 0.016900 0.040300 0.011000 0.069600 0.069500 0.000000 0.075400 0.051400 0.016800 0.039900 0.034000 0.046000 0.039700 0.022500 0.022400 0.022400
CommonElan 0.016700 0.150700 0.011100 0.114300 0.028200 0.016700 0.016700 0.022500 0.010600 0.094000 0.021300 0.022400 0.039800 0.022400 0.028200 0.028200 0.033900 0.033700 0.034000 0.005300 0.028300 0.028100 0.069500 0.081900 0.022400 0.040000 0.033900 0.011000 0.028200 0.000000 0.088000 0.034100 0.051900 0.039700 0.022500 0.022400 0.022400 0.034100 0.028200 0.075200 0.075100 0.028200 0.093400 0.069200 0.022500 0.051900 0.040100 0.039800 0.022300 0.016000 0.005300 0.005500
MuntiacusR 0.069600 0.200900 0.088000 0.161600 0.082400 0.069600 0.069500 0.088600 0.087300 0.005500 0.075900 0.075900 0.082400 0.075900 0.095200 0.069700 0.101300 0.100700 0.101400 0.081500 0.082400 0.081900 0.016700 0.051300 0.075900 0.082400 0.076000 0.087500 0.069700 0.088000 0.000000 0.095400 0.121600 0.082000 0.089000 0.075900 0.076000 0.089100 0.082100 0.057100 0.022300 0.069700 0.005500 0.039400 0.075900 0.108000 0.095300 0.107700 0.100500 0.081900 0.081500 0.081500
HarveysDui 0.022600 0.145700 0.040000 0.115700 0.017000 0.022600 0.022700 0.034500 0.039700 0.101500 0.028500 0.028400 0.046300 0.016200 0.028600 0.034400 0.034300 0.034100 0.028500 0.034000 0.022800 0.034200 0.082800 0.089300 0.028500 0.046500 0.040200 0.039800 0.034400 0.034100 0.095400 0.000000 0.058800 0.046100 0.022800 0.028400 0.028500 0.022800 0.034400 0.076100 0.088400 0.034400 0.100900 0.076300 0.028600 0.058700 0.052700 0.052200 0.045800 0.028300 0.034000 0.034000
Pronghorn 0.046000 0.174900 0.064000 0.136200 0.053600 0.046000 0.046200 0.052400 0.063500 0.127900 0.052200 0.052100 0.070700 0.052100 0.046400 0.058300 0.064400 0.064000 0.064600 0.057700 0.058700 0.046100 0.102100 0.115300 0.052200 0.071000 0.064400 0.063700 0.058300 0.051900 0.121600 0.058800 0.000000 0.070400 0.052500 0.052100 0.052200 0.064800 0.058400 0.107900 0.107700 0.058300 0.127100 0.101700 0.052300 0.083700 0.071300 0.070600 0.063900 0.046000 0.057700 0.057700
BlueWildeb 0.022400 0.130200 0.028100 0.121300 0.045900 0.022400 0.022500 0.040100 0.039400 0.088000 0.016800 0.028200 0.011200 0.028200 0.046000 0.034100 0.051800 0.051500 0.051900 0.033700 0.034300 0.033900 0.076000 0.076000 0.028200 0.046100 0.005600 0.039400 0.034100 0.039700 0.082000 0.046100 0.070400 0.000000 0.040100 0.028200 0.028300 0.052100 0.034100 0.094200 0.081600 0.034100 0.087400 0.075600 0.028300 0.058100 0.046300 0.057800 0.051400 0.033900 0.033700 0.033700
Gemsbok 0.016800 0.138500 0.034100 0.089700 0.016200 0.016900 0.016900 0.022800 0.033900 0.095000 0.022700 0.022600 0.040300 0.011200 0.017000 0.028500 0.022700 0.022600 0.022700 0.028200 0.017100 0.028400 0.070300 0.082800 0.022700 0.040500 0.034300 0.033900 0.028500 0.022500 0.089000 0.022800 0.052500 0.040100 0.000000 0.022600 0.022700 0.021800 0.028500 0.063700 0.075900 0.028500 0.094400 0.070000 0.022700 0.052500 0.040600 0.040200 0.034000 0.016900 0.028200 0.028200
Yak 0.005400 0.137400 0.022400 0.114800 0.026700 0.005500 0.005600 0.022600 0.022200 0.081800 0.011200 0.000000 0.028300 0.011100 0.028400 0.016800 0.034100 0.033900 0.034200 0.016700 0.016900 0.016800 0.069900 0.069900 0.011200 0.028400 0.022500 0.022300 0.016800 0.022400 0.075900 0.028400 0.052100 0.028200 0.022600 0.000000 0.010700 0.034300 0.016800 0.075500 0.075500 0.016800 0.081300 0.057400 0.000000 0.040200 0.040300 0.039900 0.033800 0.016800 0.016700 0.016700
BlueSheep 0.005400 0.137600 0.022400 0.115000 0.028400 0.005500 0.005600 0.022700 0.021300 0.082000 0.010800 0.010800 0.028400 0.011200 0.028400 0.016900 0.034100 0.034000 0.034200 0.016000 0.017000 0.016800 0.070000 0.070000 0.010800 0.028500 0.022600 0.021300 0.016900 0.022400 0.076000 0.028500 0.052200 0.028300 0.022700 0.010700 0.000000 0.034400 0.016900 0.075600 0.075600 0.016900 0.081500 0.057500 0.011200 0.040300 0.040400 0.040000 0.033900 0.016800 0.016700 0.016700
BohorReedb 0.028400 0.152900 0.045900 0.102600 0.005400 0.028400 0.028500 0.034500 0.045600 0.095200 0.034300 0.034300 0.052300 0.022700 0.028600 0.040300 0.034300 0.034200 0.028500 0.039900 0.028700 0.040100 0.070400 0.083000 0.034300 0.052500 0.046200 0.045700 0.040300 0.034100 0.089100 0.022800 0.064800 0.052100 0.021800 0.034300 0.034400 0.000000 0.040300 0.063800 0.076000 0.040300 0.094600 0.070100 0.034400 0.064800 0.052700 0.052200 0.042200 0.028400 0.039900 0.039900
KirksDik 0.011200 0.144400 0.028200 0.121500 0.034300 0.011200 0.011200 0.016700 0.028000 0.088400 0.016900 0.016800 0.034300 0.016800 0.034300 0.011000 0.040100 0.039900 0.040200 0.022400 0.011100 0.022500 0.076000 0.076000 0.016900 0.022400 0.028400 0.028000 0.011000 0.028200 0.082100 0.034400 0.058400 0.034100 0.028500 0.016800 0.016900 0.040300 0.000000 0.082000 0.081900 0.010700 0.087900 0.063400 0.016900 0.039900 0.034000 0.046000 0.039800 0.022500 0.022400 0.022400
RoeDeer 0.069200 0.185600 0.087600 0.133300 0.057500 0.069200 0.069500 0.076000 0.086900 0.062800 0.075600 0.075500 0.094600 0.063300 0.069700 0.069600 0.075600 0.075200 0.075800 0.081100 0.070000 0.081600 0.039500 0.051200 0.075500 0.082400 0.088100 0.087100 0.069600 0.075200 0.057100 0.076100 0.107900 0.094200 0.063700 0.075500 0.075600 0.063800 0.082000 0.000000 0.045000 0.069600 0.062500 0.039300 0.075900 0.108000 0.082500 0.094400 0.087400 0.069200 0.081100 0.081100
WhiteLippe 0.069200 0.200800 0.087500 0.147400 0.069500 0.069200 0.069400 0.075900 0.086800 0.027900 0.075500 0.074900 0.081900 0.075400 0.082000 0.069500 0.088000 0.087500 0.088100 0.081000 0.082300 0.081400 0.005500 0.051200 0.075400 0.082200 0.075500 0.087000 0.069500 0.075100 0.022300 0.088400 0.107700 0.081600 0.075900 0.075500 0.075600 0.076000 0.081900 0.045000 0.000000 0.069500 0.027700 0.039300 0.075800 0.107800 0.082500 0.094200 0.087300 0.062700 0.081000 0.081000
ThomsonGaz 0.011100 0.144200 0.028200 0.121300 0.034200 0.011100 0.011100 0.016700 0.028000 0.075800 0.016800 0.016800 0.034200 0.016800 0.034300 0.000000 0.040000 0.039800 0.040100 0.022400 0.011100 0.022500 0.063700 0.063700 0.016800 0.011100 0.028300 0.028000 0.000000 0.028200 0.069700 0.034400 0.058300 0.034100 0.028500 0.016800 0.016900 0.040300 0.010700 0.069600 0.069500 0.000000 0.075400 0.051400 0.016800 0.039900 0.034000 0.046000 0.039700 0.022500 0.022400 0.022400
MuntiacusC 0.075000 0.207300 0.093400 0.167700 0.087800 0.075000 0.075300 0.094400 0.092700 0.011000 0.081400 0.081300 0.087800 0.081300 0.100600 0.075400 0.106700 0.106100 0.106900 0.086900 0.088200 0.087300 0.022200 0.056900 0.081300 0.088200 0.081400 0.092900 0.075400 0.093400 0.005500 0.100900 0.127100 0.087400 0.094400 0.081300 0.081500 0.094600 0.087900 0.062500 0.027700 0.075400 0.000000 0.044900 0.081700 0.113900 0.101200 0.113100 0.105900 0.087300 0.086900 0.086900
WhiteTaile 0.051300 0.193400 0.069200 0.154100 0.063700 0.051300 0.051300 0.069700 0.068700 0.045200 0.057500 0.057400 0.076000 0.057400 0.076100 0.051400 0.082000 0.081600 0.082200 0.063000 0.063700 0.063300 0.033600 0.011000 0.057400 0.063700 0.069600 0.068900 0.051400 0.069200 0.039400 0.076300 0.101700 0.075600 0.070000 0.057400 0.057500 0.070100 0.063400 0.039300 0.039300 0.051400 0.044900 0.000000 0.057400 0.088500 0.076100 0.088300 0.081400 0.063300 0.063000 0.063000
Cattle 0.005600 0.137500 0.022500 0.114900 0.028400 0.005600 0.005600 0.022600 0.022300 0.082200 0.011200 0.000000 0.028500 0.011200 0.028500 0.016800 0.034200 0.034000 0.034300 0.016700 0.016900 0.016800 0.069900 0.069900 0.011200 0.028400 0.022600 0.022400 0.016800 0.022500 0.075900 0.028600 0.052300 0.028300 0.022700 0.000000 0.011200 0.034400 0.016900 0.075900 0.075800 0.016800 0.081700 0.057400 0.000000 0.040200 0.040300 0.040100 0.034000 0.016800 0.016700 0.016700
RoyalAntel 0.034200 0.159300 0.051900 0.149400 0.058400 0.034200 0.034200 0.046000 0.051500 0.114600 0.040200 0.040200 0.058400 0.040200 0.058500 0.039900 0.064400 0.064100 0.064600 0.045800 0.040100 0.046100 0.101700 0.101800 0.040200 0.052000 0.052200 0.051600 0.039900 0.051900 0.108000 0.058700 0.083700 0.058100 0.052500 0.040200 0.040300 0.064800 0.039900 0.108000 0.107800 0.039900 0.113900 0.088500 0.040200 0.000000 0.064400 0.070600 0.040000 0.046000 0.045800 0.045800
Steenbok 0.034300 0.159900 0.040100 0.122300 0.046400 0.034300 0.034300 0.028300 0.051700 0.101800 0.028600 0.040300 0.046500 0.040300 0.046500 0.034000 0.052400 0.052100 0.052500 0.045900 0.034200 0.046200 0.076500 0.076500 0.040300 0.045900 0.040400 0.051800 0.034000 0.040100 0.095300 0.052700 0.071300 0.046300 0.040600 0.040300 0.040400 0.052700 0.034000 0.082500 0.082500 0.034000 0.101200 0.076100 0.040300 0.064400 0.000000 0.058500 0.052000 0.034300 0.045900 0.045900
Impala 0.034000 0.159000 0.051600 0.135000 0.046000 0.034000 0.034100 0.040200 0.039500 0.100900 0.040000 0.039900 0.053700 0.039900 0.046100 0.046000 0.051900 0.051600 0.052000 0.045500 0.046200 0.045800 0.088600 0.101500 0.040000 0.058300 0.051900 0.051300 0.046000 0.039800 0.107700 0.052200 0.070600 0.057800 0.040200 0.039900 0.040000 0.052200 0.046000 0.094400 0.094200 0.046000 0.113100 0.088300 0.040100 0.070600 0.058500 0.000000 0.051500 0.034000 0.045500 0.045500
Klipspring 0.028000 0.157600 0.033700 0.127200 0.039700 0.028000 0.028100 0.034000 0.033400 0.106500 0.033800 0.033800 0.051600 0.033800 0.039800 0.039700 0.041900 0.045300 0.045600 0.027900 0.039900 0.039500 0.081800 0.094300 0.033800 0.051800 0.045600 0.033500 0.039700 0.022300 0.100500 0.045800 0.063900 0.051400 0.034000 0.033800 0.033900 0.042200 0.039800 0.087400 0.087300 0.039700 0.105900 0.081400 0.034000 0.040000 0.052000 0.051500 0.000000 0.028000 0.026500 0.027900
ForestMusk 0.010700 0.143900 0.026700 0.107900 0.022500 0.010600 0.011100 0.016800 0.027800 0.087800 0.016800 0.016800 0.034100 0.016700 0.022500 0.022500 0.028200 0.028000 0.028300 0.022300 0.022600 0.022400 0.063600 0.075800 0.016000 0.034200 0.028200 0.027900 0.022500 0.016000 0.081900 0.028300 0.046000 0.033900 0.016900 0.016800 0.016800 0.028400 0.022500 0.069200 0.062700 0.022500 0.087300 0.063300 0.016800 0.046000 0.034300 0.034000 0.028000 0.000000 0.021300 0.022300
Bushbuck 0.011000 0.143200 0.005500 0.120500 0.033900 0.010700 0.011100 0.028200 0.005500 0.087400 0.016100 0.016700 0.032000 0.016700 0.034000 0.022400 0.039600 0.039400 0.039700 0.000000 0.022500 0.022300 0.075500 0.075500 0.016100 0.034000 0.028100 0.005300 0.022400 0.005300 0.081500 0.034000 0.057700 0.033700 0.028200 0.016700 0.016700 0.039900 0.022400 0.081100 0.081000 0.022400 0.086900 0.063000 0.016700 0.045800 0.045900 0.045500 0.026500 0.021300 0.000000 0.000000
GreaterKud 0.010700 0.143200 0.005500 0.120500 0.033900 0.010700 0.011100 0.028200 0.005500 0.087400 0.016700 0.016700 0.033900 0.016700 0.034000 0.022400 0.039600 0.039400 0.039700 0.000000 0.022500 0.022300 0.075500 0.075500 0.016700 0.034000 0.028100 0.005300 0.022400 0.005500 0.081500 0.034000 0.057700 0.033700 0.028200 0.016700 0.016700 0.039900 0.022400 0.081100 0.081000 0.022400 0.086900 0.063000 0.016700 0.045800 0.045900 0.045500 0.027900 0.022300 0.000000 0.000000
