1
52 1
Argali 0.000000 0.130400 0.034000 0.242100 0.033900 0.000000 0.017100 0.016900 0.034400 0.071400 0.017000 0.070400 0.017300 0.017100 0.017000 0.017100 0.070700 0.052000 0.034000 0.051800 0.017100 0.034600 0.071000 0.091100 0.017000 0.017200 0.017200 0.052000 0.034100 0.051700 0.071900 0.017100 0.034600 0.035500 0.052000 0.050800 0.016900 0.033900 0.052800 0.092300 0.052500 0.017100 0.070500 0.092300 0.050800 0.017000 0.034300 0.051800 0.035200 0.131100 0.034200 0.034300
LesserMous 0.130400 0.000000 0.091000 0.326700 0.130700 0.130400 0.113300 0.111600 0.092200 0.133700 0.112600 0.090900 0.114300 0.113200 0.112500 0.113100 0.132900 0.111800 0.131500 0.110400 0.113100 0.133700 0.091800 0.156800 0.112600 0.113100 0.113200 0.111300 0.131000 0.111200 0.134600 0.113200 0.092500 0.137400 0.153300 0.070000 0.112100 0.130700 0.113300 0.159200 0.112500 0.113100 0.132200 0.159200 0.070000 0.112500 0.132300 0.152600 0.136500 0.201200 0.091500 0.091600
LesserKudu 0.034000 0.091000 0.000000 0.195900 0.034000 0.034000 0.017200 0.016900 0.000100 0.034900 0.017100 0.034300 0.017300 0.017200 0.017100 0.017200 0.034500 0.016900 0.034100 0.016900 0.017200 0.034600 0.034700 0.053400 0.017100 0.017200 0.017200 0.016800 0.034200 0.016800 0.035100 0.017200 0.000300 0.035600 0.052300 0.016500 0.017000 0.034000 0.053100 0.054100 0.017100 0.017200 0.034400 0.054100 0.016500 0.017100 0.034400 0.052100 0.035400 0.091200 0.000100 0.000100
KillerWhal 0.242100 0.326700 0.195900 0.000000 0.243800 0.242100 0.224500 0.221400 0.198200 0.224800 0.222800 0.244200 0.227300 0.224700 0.223000 0.224400 0.173900 0.196600 0.195000 0.219200 0.224400 0.247900 0.249300 0.221900 0.222800 0.224100 0.224400 0.220800 0.243800 0.171800 0.226500 0.224700 0.198500 0.229000 0.216900 0.215100 0.221800 0.243800 0.223000 0.251800 0.223900 0.224400 0.222100 0.279400 0.215100 0.223000 0.246900 0.219400 0.227400 0.275700 0.196700 0.196900
DefassaWat 0.033900 0.130700 0.034000 0.243800 0.000000 0.033900 0.017100 0.016900 0.034400 0.071600 0.017000 0.070400 0.017200 0.017100 0.017000 0.017100 0.070800 0.052000 0.034000 0.051900 0.017100 0.034500 0.070900 0.091200 0.017000 0.017100 0.017100 0.052100 0.034100 0.051800 0.072100 0.017100 0.034500 0.035500 0.052100 0.050800 0.016900 0.000000 0.052900 0.092400 0.051800 0.017100 0.070700 0.092500 0.050800 0.017000 0.034300 0.051700 0.035100 0.131200 0.034100 0.034200
Sheep 0.000000 0.130400 0.034000 0.242100 0.033900 0.000000 0.017100 0.016900 0.034400 0.071400 0.017000 0.070400 0.017300 0.017100 0.017000 0.017100 0.070700 0.052000 0.033900 0.051800 0.017100 0.034400 0.071000 0.091100 0.017000 0.017200 0.017200 0.052000 0.034100 0.051700 0.071900 0.017100 0.034600 0.035500 0.052000 0.050800 0.016900 0.033900 0.052800 0.092300 0.052500 0.017100 0.070500 0.092300 0.050800 0.017000 0.034300 0.051800 0.035200 0.131100 0.034200 0.034300
MaxwellsDu 0.017100 0.113300 0.017200 0.224500 0.017100 0.017100 0.000000 0.000400 0.017300 0.054200 0.000100 0.053400 0.000300 0.000100 0.000200 0.000200 0.053700 0.035000 0.017200 0.034700 0.000200 0.017400 0.053900 0.073700 0.000100 0.000300 0.000200 0.035000 0.017200 0.034900 0.054500 0.000100 0.017400 0.018000 0.035000 0.034200 0.000200 0.017100 0.035700 0.074700 0.035400 0.000200 0.053500 0.074700 0.034200 0.000200 0.017300 0.034900 0.017800 0.113500 0.017200 0.017200
GazellaPrz 0.016900 0.111600 0.016900 0.221400 0.016900 0.016900 0.000400 0.000000 0.017100 0.053500 0.000300 0.052800 0.000500 0.000400 0.000300 0.000200 0.053000 0.034600 0.017000 0.034000 0.000200 0.017200 0.053100 0.072400 0.000300 0.000300 0.000400 0.034600 0.017000 0.034400 0.053900 0.000400 0.017200 0.017700 0.034600 0.033800 0.000400 0.016900 0.035200 0.073500 0.034900 0.000200 0.052800 0.073500 0.033800 0.000300 0.017100 0.034400 0.017600 0.111900 0.017000 0.017000
MountainNy 0.034400 0.092200 0.000100 0.198200 0.034400 0.034400 0.017300 0.017100 0.000000 0.035300 0.017300 0.034800 0.017400 0.017400 0.017300 0.017400 0.035000 0.017100 0.034600 0.017100 0.017400 0.035100 0.035100 0.054000 0.017300 0.017400 0.017400 0.017200 0.034600 0.017100 0.035600 0.017400 0.000400 0.036100 0.052900 0.016800 0.017100 0.034400 0.053800 0.054800 0.017300 0.017400 0.034900 0.054800 0.016800 0.017300 0.034800 0.052700 0.035800 0.092400 0.000200 0.000200
MuntiacusM 0.071400 0.133700 0.034900 0.224800 0.071600 0.071400 0.054200 0.053500 0.035300 0.000000 0.053900 0.072300 0.054800 0.054100 0.053900 0.054200 0.053500 0.053300 0.071800 0.053000 0.054200 0.072800 0.053200 0.072700 0.053900 0.054300 0.054200 0.053400 0.071900 0.053000 0.000300 0.054100 0.035400 0.075000 0.091800 0.052100 0.053500 0.071600 0.093100 0.073700 0.035000 0.054200 0.000200 0.073700 0.052100 0.053900 0.072400 0.091600 0.074400 0.113600 0.035100 0.035100
goat 0.017000 0.112600 0.017100 0.222800 0.017000 0.017000 0.000100 0.000300 0.017300 0.053900 0.000000 0.053100 0.000200 0.000200 0.000100 0.000100 0.053400 0.034800 0.017100 0.034700 0.000100 0.017300 0.053600 0.073200 0.000000 0.000200 0.000100 0.034900 0.017100 0.034700 0.054300 0.000200 0.017400 0.017900 0.034900 0.034000 0.000100 0.017000 0.035500 0.074300 0.035200 0.000100 0.053200 0.074300 0.034000 0.000100 0.017200 0.034800 0.017700 0.112800 0.017100 0.017200
AfricanBuf 0.070400 0.090900 0.034300 0.244200 0.070400 0.070400 0.053400 0.052800 0.034800 0.072300 0.053100 0.000000 0.053800 0.053400 0.053100 0.053400 0.071600 0.052600 0.070700 0.052400 0.053400 0.071700 0.071800 0.092200 0.053100 0.053500 0.053500 0.052500 0.070800 0.052200 0.072800 0.053400 0.034900 0.073900 0.090300 0.016500 0.052800 0.070400 0.091800 0.093500 0.053100 0.053400 0.071400 0.093500 0.016500 0.053100 0.071300 0.089900 0.073300 0.132500 0.034600 0.034700
Topi 0.017300 0.114300 0.017300 0.227300 0.017200 0.017300 0.000300 0.000500 0.017400 0.054800 0.000200 0.053800 0.000000 0.000400 0.000300 0.000300 0.054200 0.035400 0.017400 0.034700 0.000300 0.017600 0.054500 0.074500 0.000200 0.000400 0.000100 0.035300 0.017400 0.035100 0.055100 0.000400 0.017600 0.018200 0.035300 0.034400 0.000300 0.017200 0.036000 0.075600 0.035800 0.000300 0.054100 0.075600 0.034400 0.000300 0.017500 0.035300 0.018000 0.114900 0.017300 0.017300
CommonDuik 0.017100 0.113200 0.017200 0.224700 0.017100 0.017100 0.000100 0.000400 0.017400 0.054100 0.000200 0.053400 0.000400 0.000000 0.000100 0.000200 0.053700 0.035000 0.017200 0.034800 0.000200 0.017400 0.053900 0.073600 0.000200 0.000300 0.000300 0.035000 0.017200 0.034900 0.054500 0.000000 0.017400 0.017900 0.035100 0.034200 0.000300 0.017100 0.035600 0.074700 0.035400 0.000200 0.053500 0.074700 0.034200 0.000100 0.017300 0.034900 0.017800 0.113500 0.017200 0.017300
Suni 0.017000 0.112500 0.017100 0.223000 0.017000 0.017000 0.000200 0.000300 0.017300 0.053900 0.000100 0.053100 0.000300 0.000100 0.000000 0.000100 0.053400 0.034800 0.017100 0.034700 0.000100 0.017300 0.053500 0.073200 0.000100 0.000200 0.000200 0.034900 0.017100 0.034700 0.054300 0.000100 0.017400 0.017900 0.034900 0.034000 0.000200 0.017000 0.035500 0.074200 0.035100 0.000100 0.053200 0.074300 0.034000 0.000000 0.017200 0.034700 0.017700 0.112600 0.017200 0.017200
Springbuck 0.017100 0.113100 0.017200 0.224400 0.017100 0.017100 0.000200 0.000200 0.017400 0.054200 0.000100 0.053400 0.000300 0.000200 0.000100 0.000000 0.053700 0.035100 0.017200 0.034900 0.000000 0.017500 0.053900 0.073600 0.000100 0.000100 0.000200 0.035100 0.017200 0.034900 0.054600 0.000200 0.017500 0.018000 0.035100 0.034200 0.000200 0.017100 0.035600 0.074700 0.035400 0.000000 0.053500 0.074800 0.034200 0.000100 0.017400 0.034900 0.017800 0.113400 0.017300 0.017300
Okapi 0.070700 0.132900 0.034500 0.173900 0.070800 0.070700 0.053700 0.053000 0.035000 0.053500 0.053400 0.071600 0.054200 0.053700 0.053400 0.053700 0.000000 0.017100 0.071100 0.052600 0.053700 0.072100 0.072200 0.092800 0.053400 0.053800 0.053800 0.052900 0.071200 0.052600 0.053800 0.053700 0.035100 0.074300 0.090800 0.051600 0.053000 0.070800 0.092300 0.054400 0.053400 0.053700 0.052800 0.094000 0.051600 0.053400 0.071700 0.090500 0.073700 0.133500 0.034700 0.034800
Giraffe 0.052000 0.111800 0.016900 0.196600 0.052000 0.052000 0.035000 0.034600 0.017100 0.053300 0.034800 0.052600 0.035400 0.035000 0.034800 0.035100 0.017100 0.000000 0.052200 0.034300 0.035100 0.053000 0.053100 0.072500 0.034800 0.035100 0.035100 0.034500 0.052300 0.034400 0.053600 0.035000 0.017200 0.054600 0.071000 0.033700 0.034600 0.052000 0.072400 0.035500 0.034800 0.035100 0.052600 0.073500 0.033700 0.034800 0.052600 0.070700 0.054100 0.111600 0.017000 0.017100
TibetanAnt 0.034000 0.131500 0.034100 0.195000 0.034000 0.033900 0.017200 0.017000 0.034600 0.071800 0.017100 0.070700 0.017400 0.017200 0.017100 0.017200 0.071100 0.052200 0.000000 0.052000 0.017200 0.034500 0.071400 0.053100 0.017100 0.017200 0.017200 0.052200 0.034200 0.051900 0.072300 0.017200 0.034600 0.035600 0.016900 0.051000 0.017000 0.034000 0.053000 0.092800 0.052700 0.017200 0.070900 0.092800 0.051000 0.017100 0.034400 0.016800 0.035300 0.090800 0.034300 0.034400
Sitatunga 0.051800 0.110400 0.016900 0.219200 0.051900 0.051800 0.034700 0.034000 0.017100 0.053000 0.034700 0.052400 0.034700 0.034800 0.034700 0.034900 0.052600 0.034300 0.052000 0.000000 0.034900 0.052700 0.052900 0.072300 0.034700 0.034800 0.034700 0.034000 0.052100 0.034200 0.053400 0.034800 0.016600 0.054200 0.070900 0.033600 0.034300 0.051900 0.071900 0.073200 0.034800 0.034900 0.052500 0.073200 0.033600 0.034700 0.052400 0.070600 0.053900 0.110900 0.016900 0.017000
Oribi 0.017100 0.113100 0.017200 0.224400 0.017100 0.017100 0.000200 0.000200 0.017400 0.054200 0.000100 0.053400 0.000300 0.000200 0.000100 0.000000 0.053700 0.035100 0.017200 0.034900 0.000000 0.017500 0.053900 0.073600 0.000100 0.000100 0.000200 0.035100 0.017200 0.034900 0.054600 0.000200 0.017500 0.018000 0.035100 0.034200 0.000200 0.017100 0.035600 0.074700 0.035400 0.000000 0.053500 0.074800 0.034200 0.000100 0.017400 0.034900 0.017800 0.113400 0.017300 0.017300
BarbaryShe 0.034600 0.133700 0.034600 0.247900 0.034500 0.034400 0.017400 0.017200 0.035100 0.072800 0.017300 0.071700 0.017600 0.017400 0.017300 0.017500 0.072100 0.053000 0.034500 0.052700 0.017500 0.000000 0.072500 0.092800 0.017300 0.017500 0.017500 0.052900 0.034700 0.052700 0.073300 0.017400 0.035200 0.036200 0.052900 0.051600 0.017200 0.034500 0.054000 0.094200 0.053500 0.017500 0.071900 0.094300 0.051600 0.017300 0.034900 0.052800 0.035900 0.133400 0.034800 0.034900
Daviddeer 0.071000 0.091800 0.034700 0.249300 0.070900 0.071000 0.053900 0.053100 0.035100 0.053200 0.053600 0.071800 0.054500 0.053900 0.053500 0.053900 0.072200 0.053100 0.071400 0.052900 0.053900 0.072500 0.000000 0.053500 0.053600 0.054000 0.054000 0.053000 0.071400 0.052800 0.053500 0.053900 0.035200 0.074700 0.091100 0.051700 0.053200 0.071000 0.092900 0.054300 0.017200 0.053900 0.052500 0.054300 0.051700 0.053500 0.071900 0.090600 0.073900 0.112200 0.034800 0.034900
Reindeer 0.091100 0.156800 0.053400 0.221900 0.091200 0.091100 0.073700 0.072400 0.054000 0.072700 0.073200 0.092200 0.074500 0.073600 0.073200 0.073600 0.092800 0.072500 0.053100 0.072300 0.073600 0.092800 0.053500 0.000000 0.073200 0.073700 0.073800 0.072800 0.091600 0.072100 0.070100 0.073600 0.054100 0.095600 0.072500 0.070900 0.072800 0.091200 0.113900 0.035000 0.035200 0.073600 0.071900 0.035000 0.070900 0.073200 0.092200 0.072100 0.094800 0.093500 0.053600 0.053800
Ibex 0.017000 0.112600 0.017100 0.222800 0.017000 0.017000 0.000100 0.000300 0.017300 0.053900 0.000000 0.053100 0.000200 0.000200 0.000100 0.000100 0.053400 0.034800 0.017100 0.034700 0.000100 0.017300 0.053600 0.073200 0.000000 0.000200 0.000100 0.034900 0.017100 0.034700 0.054300 0.000200 0.017400 0.017900 0.034900 0.034000 0.000100 0.017000 0.035500 0.074300 0.035200 0.000100 0.053200 0.074300 0.034000 0.000100 0.017200 0.034800 0.017700 0.112800 0.017100 0.017200
GyrantGaze 0.017200 0.113100 0.017200 0.224100 0.017100 0.017200 0.000300 0.000300 0.017400 0.054300 0.000200 0.053500 0.000400 0.000300 0.000200 0.000100 0.053800 0.035100 0.017200 0.034800 0.000100 0.017500 0.054000 0.073700 0.000200 0.000000 0.000300 0.035100 0.017300 0.035000 0.054700 0.000300 0.017500 0.018000 0.035100 0.034300 0.000300 0.017100 0.035800 0.074800 0.035500 0.000100 0.053700 0.074900 0.034300 0.000200 0.017400 0.035000 0.017900 0.113600 0.017300 0.017300
Hartebeest 0.017200 0.113200 0.017200 0.224400 0.017100 0.017200 0.000200 0.000400 0.017400 0.054200 0.000100 0.053500 0.000100 0.000300 0.000200 0.000200 0.053800 0.035100 0.017200 0.034700 0.000200 0.017500 0.054000 0.073800 0.000100 0.000300 0.000000 0.035100 0.017300 0.034900 0.054600 0.000300 0.017500 0.018000 0.035100 0.034200 0.000200 0.017100 0.035700 0.074900 0.035500 0.000200 0.053600 0.074900 0.034200 0.000200 0.017400 0.035000 0.017900 0.113700 0.017200 0.017300
Bongo 0.052000 0.111300 0.016800 0.220800 0.052100 0.052000 0.035000 0.034600 0.017200 0.053400 0.034900 0.052500 0.035300 0.035000 0.034900 0.035100 0.052900 0.034500 0.052200 0.034000 0.035100 0.052900 0.053000 0.072800 0.034900 0.035100 0.035100 0.000000 0.052400 0.034300 0.053800 0.035000 0.017200 0.054500 0.071200 0.033700 0.034600 0.052100 0.072100 0.073600 0.034900 0.035100 0.052700 0.073600 0.033700 0.034900 0.052700 0.070900 0.054000 0.089900 0.017000 0.017100
Gerenuk 0.034100 0.131000 0.034200 0.243800 0.034100 0.034100 0.017200 0.017000 0.034600 0.071900 0.017100 0.070800 0.017400 0.017200 0.017100 0.017200 0.071200 0.052300 0.034200 0.052100 0.017200 0.034700 0.071400 0.091600 0.017100 0.017300 0.017300 0.052400 0.000000 0.052000 0.072400 0.017200 0.034800 0.035700 0.052400 0.051100 0.017000 0.034100 0.053100 0.092900 0.052800 0.017300 0.071000 0.092900 0.051100 0.017100 0.034400 0.052100 0.035400 0.131800 0.034400 0.034500
CommonElan 0.051700 0.111200 0.016800 0.171800 0.051800 0.051700 0.034900 0.034400 0.017100 0.053000 0.034700 0.052200 0.035100 0.034900 0.034700 0.034900 0.052600 0.034400 0.051900 0.034200 0.034900 0.052700 0.052800 0.072100 0.034700 0.035000 0.034900 0.034300 0.052000 0.000000 0.053400 0.034900 0.017100 0.054300 0.070600 0.033500 0.034500 0.051800 0.072100 0.073200 0.034700 0.034900 0.052400 0.073200 0.033500 0.034700 0.052300 0.070400 0.053900 0.111000 0.016900 0.017000
MuntiacusR 0.071900 0.134600 0.035100 0.226500 0.072100 0.071900 0.054500 0.053900 0.035600 0.000300 0.054300 0.072800 0.055100 0.054500 0.054300 0.054600 0.053800 0.053600 0.072300 0.053400 0.054600 0.073300 0.053500 0.070100 0.054300 0.054700 0.054600 0.053800 0.072400 0.053400 0.000000 0.054500 0.035700 0.075600 0.092300 0.052400 0.053800 0.072100 0.093700 0.071200 0.035200 0.054600 0.000100 0.071200 0.052400 0.054300 0.072900 0.092200 0.075000 0.114300 0.035300 0.035400
HarveysDui 0.017100 0.113200 0.017200 0.224700 0.017100 0.017100 0.000100 0.000400 0.017400 0.054100 0.000200 0.053400 0.000400 0.000000 0.000100 0.000200 0.053700 0.035000 0.017200 0.034800 0.000200 0.017400 0.053900 0.073600 0.000200 0.000300 0.000300 0.035000 0.017200 0.034900 0.054500 0.000000 0.017400 0.017900 0.035100 0.034200 0.000300 0.017100 0.035600 0.074700 0.035400 0.000200 0.053500 0.074700 0.034200 0.000100 0.017300 0.034900 0.017800 0.113500 0.017200 0.017300
Pronghorn 0.034600 0.092500 0.000300 0.198500 0.034500 0.034600 0.017400 0.017200 0.000400 0.035400 0.017400 0.034900 0.017600 0.017400 0.017400 0.017500 0.035100 0.017200 0.034600 0.016600 0.017500 0.035200 0.035200 0.054100 0.017400 0.017500 0.017500 0.017200 0.034800 0.017100 0.035700 0.017400 0.000000 0.036000 0.053100 0.016800 0.017200 0.034500 0.053900 0.054900 0.017400 0.017500 0.035000 0.054900 0.016800 0.017400 0.035000 0.052800 0.035800 0.092600 0.000300 0.000400
BlueWildeb 0.035500 0.137400 0.035600 0.229000 0.035500 0.035500 0.018000 0.017700 0.036100 0.075000 0.017900 0.073900 0.018200 0.017900 0.017900 0.018000 0.074300 0.054600 0.035600 0.054200 0.018000 0.036200 0.074700 0.095600 0.017900 0.018000 0.018000 0.054500 0.035700 0.054300 0.075600 0.017900 0.036000 0.000000 0.054400 0.053100 0.017700 0.035500 0.036400 0.097100 0.055100 0.018000 0.074100 0.097200 0.053100 0.017900 0.035900 0.054300 0.000200 0.137500 0.035600 0.035900
Gemsbok 0.052000 0.153300 0.052300 0.216900 0.052100 0.052000 0.035000 0.034600 0.052900 0.091800 0.034900 0.090300 0.035300 0.035100 0.034900 0.035100 0.090800 0.071000 0.016900 0.070900 0.035100 0.052900 0.091100 0.072500 0.034900 0.035100 0.035100 0.071200 0.052400 0.070600 0.092300 0.035100 0.053100 0.054400 0.000000 0.069400 0.034700 0.052100 0.072000 0.113900 0.071900 0.035100 0.090600 0.113900 0.069400 0.034900 0.052600 0.034300 0.054000 0.111700 0.052500 0.052700
Yak 0.050800 0.070000 0.016500 0.215100 0.050800 0.050800 0.034200 0.033800 0.016800 0.052100 0.034000 0.016500 0.034400 0.034200 0.034000 0.034200 0.051600 0.033700 0.051000 0.033600 0.034200 0.051600 0.051700 0.070900 0.034000 0.034300 0.034200 0.033700 0.051100 0.033500 0.052400 0.034200 0.016800 0.053100 0.069400 0.000000 0.033800 0.050800 0.070400 0.071700 0.034000 0.034200 0.051400 0.071800 0.000000 0.034000 0.051400 0.069100 0.052700 0.109200 0.016600 0.016700
BlueSheep 0.016900 0.112100 0.017000 0.221800 0.016900 0.016900 0.000200 0.000400 0.017100 0.053500 0.000100 0.052800 0.000300 0.000300 0.000200 0.000200 0.053000 0.034600 0.017000 0.034300 0.000200 0.017200 0.053200 0.072800 0.000100 0.000300 0.000200 0.034600 0.017000 0.034500 0.053800 0.000300 0.017200 0.017700 0.034700 0.033800 0.000000 0.016900 0.035300 0.073800 0.035000 0.000200 0.052800 0.073800 0.033800 0.000200 0.017100 0.034500 0.017600 0.112200 0.017000 0.017000
BohorReedb 0.033900 0.130700 0.034000 0.243800 0.000000 0.033900 0.017100 0.016900 0.034400 0.071600 0.017000 0.070400 0.017200 0.017100 0.017000 0.017100 0.070800 0.052000 0.034000 0.051900 0.017100 0.034500 0.071000 0.091200 0.017000 0.017100 0.017100 0.052100 0.034100 0.051800 0.072100 0.017100 0.034500 0.035500 0.052100 0.050800 0.016900 0.000000 0.052900 0.092400 0.052500 0.017100 0.070700 0.092500 0.050800 0.017000 0.034300 0.051700 0.034800 0.131200 0.034100 0.034200
KirksDik 0.052800 0.113300 0.053100 0.223000 0.052900 0.052800 0.035700 0.035200 0.053800 0.093100 0.035500 0.091800 0.036000 0.035600 0.035500 0.035600 0.092300 0.072400 0.053000 0.071900 0.035600 0.054000 0.092900 0.113900 0.035500 0.035800 0.035700 0.072100 0.053100 0.072100 0.093700 0.035600 0.053900 0.036400 0.072000 0.070400 0.035300 0.052900 0.000000 0.115900 0.073000 0.035600 0.091900 0.116000 0.070400 0.035500 0.053400 0.071800 0.036100 0.155900 0.053300 0.053500
RoeDeer 0.092300 0.159200 0.054100 0.251800 0.092400 0.092300 0.074700 0.073500 0.054800 0.073700 0.074300 0.093500 0.075600 0.074700 0.074200 0.074700 0.054400 0.035500 0.092800 0.073200 0.074700 0.094200 0.054300 0.035000 0.074300 0.074800 0.074900 0.073600 0.092900 0.073200 0.071200 0.074700 0.054900 0.097100 0.113900 0.071700 0.073800 0.092400 0.115900 0.000000 0.035700 0.074700 0.072800 0.035500 0.071700 0.074200 0.093600 0.113700 0.096300 0.137200 0.054300 0.054500
WhiteLippe 0.052500 0.112500 0.017100 0.223900 0.051800 0.052500 0.035400 0.034900 0.017300 0.035000 0.035200 0.053100 0.035800 0.035400 0.035100 0.035400 0.053400 0.034800 0.052700 0.034800 0.035400 0.053500 0.017200 0.035200 0.035200 0.035500 0.035500 0.034900 0.052800 0.034700 0.035200 0.035400 0.017400 0.055100 0.071900 0.034000 0.035000 0.052500 0.073000 0.035700 0.000000 0.035400 0.034500 0.035700 0.034000 0.035100 0.053200 0.071500 0.054500 0.092200 0.017200 0.017200
ThomsonGaz 0.017100 0.113100 0.017200 0.224400 0.017100 0.017100 0.000200 0.000200 0.017400 0.054200 0.000100 0.053400 0.000300 0.000200 0.000100 0.000000 0.053700 0.035100 0.017200 0.034900 0.000000 0.017500 0.053900 0.073600 0.000100 0.000100 0.000200 0.035100 0.017300 0.034900 0.054600 0.000200 0.017500 0.018000 0.035100 0.034200 0.000200 0.017100 0.035600 0.074700 0.035400 0.000000 0.053500 0.074800 0.034200 0.000100 0.017300 0.034900 0.017800 0.113400 0.017300 0.017300
MuntiacusC 0.070500 0.132200 0.034400 0.222100 0.070700 0.070500 0.053500 0.052800 0.034900 0.000200 0.053200 0.071400 0.054100 0.053500 0.053200 0.053500 0.052800 0.052600 0.070900 0.052500 0.053500 0.071900 0.052500 0.071900 0.053200 0.053700 0.053600 0.052700 0.071000 0.052400 0.000100 0.053500 0.035000 0.074100 0.090600 0.051400 0.052800 0.070700 0.091900 0.072800 0.034500 0.053500 0.000000 0.072800 0.051400 0.053200 0.071500 0.090500 0.073500 0.112100 0.034600 0.034700
WhiteTaile 0.092300 0.159200 0.054100 0.279400 0.092500 0.092300 0.074700 0.073500 0.054800 0.073700 0.074300 0.093500 0.075600 0.074700 0.074300 0.074800 0.094000 0.073500 0.092800 0.073200 0.074800 0.094300 0.054300 0.035000 0.074300 0.074900 0.074900 0.073600 0.092900 0.073200 0.071200 0.074700 0.054900 0.097200 0.113900 0.071800 0.073800 0.092500 0.116000 0.035500 0.035700 0.074800 0.072800 0.000000 0.071800 0.074300 0.093600 0.113700 0.096300 0.137200 0.054400 0.054500
Cattle 0.050800 0.070000 0.016500 0.215100 0.050800 0.050800 0.034200 0.033800 0.016800 0.052100 0.034000 0.016500 0.034400 0.034200 0.034000 0.034200 0.051600 0.033700 0.051000 0.033600 0.034200 0.051600 0.051700 0.070900 0.034000 0.034300 0.034200 0.033700 0.051100 0.033500 0.052400 0.034200 0.016800 0.053100 0.069400 0.000000 0.033800 0.050800 0.070400 0.071700 0.034000 0.034200 0.051400 0.071800 0.000000 0.034000 0.051400 0.069100 0.052700 0.109200 0.016600 0.016700
RoyalAntel 0.017000 0.112500 0.017100 0.223000 0.017000 0.017000 0.000200 0.000300 0.017300 0.053900 0.000100 0.053100 0.000300 0.000100 0.000000 0.000100 0.053400 0.034800 0.017100 0.034700 0.000100 0.017300 0.053500 0.073200 0.000100 0.000200 0.000200 0.034900 0.017100 0.034700 0.054300 0.000100 0.017400 0.017900 0.034900 0.034000 0.000200 0.017000 0.035500 0.074200 0.035100 0.000100 0.053200 0.074300 0.034000 0.000000 0.017200 0.034700 0.017700 0.112500 0.017200 0.017200
Steenbok 0.034300 0.132300 0.034400 0.246900 0.034300 0.034300 0.017300 0.017100 0.034800 0.072400 0.017200 0.071300 0.017500 0.017300 0.017200 0.017400 0.071700 0.052600 0.034400 0.052400 0.017400 0.034900 0.071900 0.092200 0.017200 0.017400 0.017400 0.052700 0.034400 0.052300 0.072900 0.017300 0.035000 0.035900 0.052600 0.051400 0.017100 0.034300 0.053400 0.093600 0.053200 0.017300 0.071500 0.093600 0.051400 0.017200 0.000000 0.052400 0.035600 0.132900 0.034600 0.034700
Impala 0.051800 0.152600 0.052100 0.219400 0.051700 0.051800 0.034900 0.034400 0.052700 0.091600 0.034800 0.089900 0.035300 0.034900 0.034700 0.034900 0.090500 0.070700 0.016800 0.070600 0.034900 0.052800 0.090600 0.072100 0.034800 0.035000 0.035000 0.070900 0.052100 0.070400 0.092200 0.034900 0.052800 0.054300 0.034300 0.069100 0.034500 0.051700 0.071800 0.113700 0.071500 0.034900 0.090500 0.113700 0.069100 0.034700 0.052400 0.000000 0.053700 0.111000 0.052300 0.052500
Klipspring 0.035200 0.136500 0.035400 0.227400 0.035100 0.035200 0.017800 0.017600 0.035800 0.074400 0.017700 0.073300 0.018000 0.017800 0.017700 0.017800 0.073700 0.054100 0.035300 0.053900 0.017800 0.035900 0.073900 0.094800 0.017700 0.017900 0.017900 0.054000 0.035400 0.053900 0.075000 0.017800 0.035800 0.000200 0.054000 0.052700 0.017600 0.034800 0.036100 0.096300 0.054500 0.017800 0.073500 0.096300 0.052700 0.017700 0.035600 0.053700 0.000000 0.135900 0.035400 0.035600
ForestMusk 0.131100 0.201200 0.091200 0.275700 0.131200 0.131100 0.113500 0.111900 0.092400 0.113600 0.112800 0.132500 0.114900 0.113500 0.112600 0.113400 0.133500 0.111600 0.090800 0.110900 0.113400 0.133400 0.112200 0.093500 0.112800 0.113600 0.113700 0.089900 0.131800 0.111000 0.114300 0.113500 0.092600 0.137500 0.111700 0.109200 0.112200 0.131200 0.155900 0.137200 0.092200 0.113400 0.112100 0.137200 0.109200 0.112500 0.132900 0.111000 0.135900 0.000000 0.091600 0.091900
Bushbuck 0.034200 0.091500 0.000100 0.196700 0.034100 0.034200 0.017200 0.017000 0.000200 0.035100 0.017100 0.034600 0.017300 0.017200 0.017200 0.017300 0.034700 0.017000 0.034300 0.016900 0.017300 0.034800 0.034800 0.053600 0.017100 0.017300 0.017200 0.017000 0.034400 0.016900 0.035300 0.017200 0.000300 0.035600 0.052500 0.016600 0.017000 0.034100 0.053300 0.054300 0.017200 0.017300 0.034600 0.054400 0.016600 0.017200 0.034600 0.052300 0.035400 0.091600 0.000000 0.000200
GreaterKud 0.034300 0.091600 0.000100 0.196900 0.034200 0.034300 0.017200 0.017000 0.000200 0.035100 0.017200 0.034700 0.017300 0.017300 0.017200 0.017300 0.034800 0.017100 0.034400 0.017000 0.017300 0.034900 0.034900 0.053800 0.017200 0.017300 0.017300 0.017100 0.034500 0.017000 0.035400 0.017300 0.000400 0.035900 0.052700 0.016700 0.017000 0.034200 0.053500 0.054500 0.017200 0.017300 0.034700 0.054500 0.016700 0.017200 0.034700 0.052500 0.035600 0.091900 0.000200 0.000000
