1
52 1
Argali 0.000000 0.649100 0.165000 0.463000 0.115200 0.000000 0.045200 0.157800 0.116200 0.346300 0.022800 0.095200 0.139400 0.045200 0.164400 0.110900 0.215900 0.240600 0.162000 0.118600 0.110900 0.022800 0.322200 0.316300 0.022800 0.111000 0.139400 0.118600 0.153300 0.118600 0.372800 0.067500 0.226200 0.139400 0.065100 0.119100 0.045500 0.115200 0.166200 0.265400 0.322200 0.111000 0.319700 0.397000 0.142900 0.045200 0.087000 0.091900 0.067700 0.374200 0.169600 0.115400
LesserMous 0.649100 0.000000 0.710400 0.594100 0.693000 0.649100 0.649100 0.719400 0.733500 0.804300 0.624600 0.614900 0.615500 0.649100 0.721000 0.730700 0.653800 0.706600 0.839900 0.651600 0.730700 0.624600 0.781500 0.804800 0.624600 0.722100 0.615500 0.651600 0.776200 0.651600 0.843000 0.677800 0.645800 0.615500 0.625500 0.563100 0.660700 0.693000 0.765300 0.805500 0.781500 0.722100 0.775900 0.890000 0.589300 0.649100 0.765700 0.545100 0.779300 0.714900 0.740400 0.716700
LesserKudu 0.165000 0.710400 0.000000 0.392900 0.138100 0.164700 0.115000 0.230100 0.090300 0.372600 0.142200 0.069500 0.161900 0.115000 0.187300 0.180900 0.136600 0.210800 0.236800 0.045000 0.180900 0.142200 0.348800 0.277800 0.142200 0.181300 0.161900 0.045000 0.175300 0.045000 0.332600 0.137700 0.195500 0.161900 0.181000 0.092600 0.165800 0.138100 0.242700 0.291000 0.348800 0.181300 0.346000 0.353300 0.115900 0.115000 0.204800 0.114500 0.188300 0.258000 0.042600 0.089700
KillerWhal 0.463000 0.594100 0.392900 0.000000 0.430600 0.463000 0.397900 0.465500 0.495400 0.556100 0.438900 0.343400 0.491400 0.397900 0.421700 0.468700 0.323800 0.416700 0.443000 0.405000 0.468700 0.438900 0.532800 0.482700 0.438900 0.468100 0.491400 0.405000 0.515800 0.405000 0.507500 0.394300 0.305400 0.491400 0.470100 0.309600 0.468200 0.430600 0.563100 0.454000 0.532800 0.468100 0.529000 0.493700 0.332600 0.397900 0.431600 0.392800 0.492300 0.466300 0.404700 0.459400
DefassaWat 0.115200 0.693000 0.138100 0.430600 0.000000 0.115200 0.066600 0.133000 0.189900 0.342700 0.092600 0.067200 0.163400 0.066600 0.061500 0.087200 0.187600 0.213200 0.184500 0.142600 0.087200 0.092600 0.319000 0.248700 0.092600 0.087200 0.163400 0.142600 0.129100 0.142600 0.304000 0.089400 0.197500 0.163400 0.133100 0.091300 0.116000 0.000000 0.139700 0.204100 0.319000 0.087200 0.316500 0.322900 0.114200 0.066600 0.109200 0.067500 0.138500 0.258500 0.142300 0.189600
Sheep 0.000000 0.649100 0.164700 0.463000 0.115200 0.000000 0.045200 0.157800 0.116200 0.346300 0.021800 0.095200 0.139400 0.045200 0.164400 0.110900 0.215900 0.240600 0.162000 0.118600 0.110900 0.022800 0.322200 0.316300 0.022800 0.111000 0.139400 0.118600 0.153300 0.118600 0.372800 0.067500 0.226200 0.139400 0.065100 0.119100 0.045500 0.115200 0.166200 0.265400 0.322200 0.111000 0.319700 0.397000 0.142900 0.043300 0.087000 0.091900 0.067700 0.374200 0.169600 0.115400
MaxwellsDu 0.045200 0.649100 0.115000 0.397900 0.066600 0.045200 0.000000 0.157800 0.116200 0.346300 0.022800 0.046600 0.090900 0.000000 0.114800 0.110900 0.164100 0.188100 0.113300 0.118600 0.110900 0.022800 0.322200 0.251800 0.021700 0.111000 0.090900 0.118600 0.153300 0.117800 0.306900 0.022000 0.171800 0.090900 0.065100 0.069900 0.042600 0.066600 0.166200 0.207000 0.322200 0.111000 0.319700 0.326100 0.093200 0.000000 0.087000 0.045000 0.067700 0.316200 0.118500 0.115400
GazellaPrz 0.157800 0.719400 0.230100 0.465500 0.133000 0.157800 0.157800 0.000000 0.311900 0.450300 0.185500 0.161200 0.257400 0.157800 0.179600 0.082000 0.280800 0.281000 0.278100 0.236400 0.082000 0.185500 0.427800 0.356000 0.185500 0.082100 0.257400 0.236400 0.121900 0.236400 0.378700 0.180000 0.294600 0.257400 0.173400 0.135600 0.208900 0.133000 0.130900 0.305500 0.427800 0.082100 0.424800 0.362500 0.158500 0.157800 0.102900 0.156400 0.180600 0.381900 0.236400 0.283500
MountainNy 0.116200 0.733500 0.090300 0.495400 0.189900 0.116200 0.116200 0.311900 0.000000 0.378700 0.093800 0.119400 0.216000 0.116200 0.216900 0.258800 0.267000 0.267700 0.237200 0.045600 0.258800 0.093800 0.354700 0.320700 0.093800 0.258600 0.216000 0.045600 0.249900 0.045600 0.405900 0.138900 0.253600 0.216000 0.205400 0.143300 0.117000 0.189900 0.328600 0.327800 0.354700 0.258600 0.352100 0.403200 0.167300 0.116200 0.230000 0.189700 0.189900 0.290900 0.092800 0.044300
MuntiacusM 0.346300 0.804300 0.372600 0.556100 0.342700 0.346300 0.346300 0.450300 0.378700 0.000000 0.321100 0.289300 0.483200 0.346300 0.407700 0.387400 0.303100 0.366900 0.501500 0.319000 0.387400 0.321100 0.054700 0.090200 0.321100 0.320300 0.483200 0.319000 0.434300 0.319000 0.078200 0.373200 0.220300 0.483200 0.419500 0.318600 0.350300 0.342700 0.447400 0.160000 0.054700 0.320300 0.026600 0.157900 0.344800 0.346300 0.385100 0.342100 0.445500 0.368800 0.386100 0.374800
goat 0.022800 0.624600 0.142200 0.438900 0.092600 0.021800 0.022800 0.185500 0.093800 0.321100 0.000000 0.072100 0.116900 0.021800 0.141300 0.136900 0.193200 0.218200 0.139700 0.095700 0.136900 0.000000 0.296500 0.290800 0.000000 0.137000 0.116900 0.095700 0.180000 0.095700 0.348000 0.045300 0.202700 0.116900 0.089200 0.096200 0.022900 0.092600 0.195700 0.240800 0.296500 0.137000 0.294200 0.370700 0.120100 0.022800 0.111800 0.069600 0.092900 0.351200 0.146500 0.093000
AfricanBuf 0.095200 0.614900 0.069500 0.343400 0.067200 0.095200 0.046600 0.161200 0.119400 0.289300 0.072100 0.000000 0.143700 0.046600 0.118300 0.113500 0.117200 0.142000 0.165800 0.071800 0.113500 0.072100 0.264800 0.196900 0.072100 0.113400 0.143700 0.071800 0.156400 0.071800 0.251900 0.069500 0.123700 0.143700 0.113400 0.023400 0.095900 0.067200 0.170000 0.212500 0.264800 0.113400 0.262700 0.267800 0.046800 0.046600 0.136400 0.046200 0.118800 0.266400 0.071600 0.118800
Topi 0.139400 0.615500 0.161900 0.491400 0.163400 0.139400 0.090900 0.257400 0.216000 0.483200 0.116900 0.143700 0.000000 0.090900 0.186700 0.206400 0.212600 0.293000 0.210400 0.220400 0.206400 0.116900 0.458900 0.378900 0.116900 0.206800 0.000000 0.220400 0.250000 0.220400 0.437300 0.113400 0.279900 0.000000 0.108500 0.167900 0.140400 0.163400 0.271400 0.323700 0.458900 0.206800 0.455400 0.424300 0.192300 0.090900 0.180000 0.089700 0.162800 0.403700 0.220400 0.214900
CommonDuik 0.045200 0.649100 0.115000 0.397900 0.066600 0.045200 0.000000 0.157800 0.116200 0.346300 0.021800 0.046600 0.090900 0.000000 0.114800 0.110900 0.164100 0.188100 0.113300 0.117800 0.110900 0.022800 0.322200 0.251800 0.022800 0.111000 0.090900 0.118600 0.153300 0.118600 0.306900 0.021100 0.171800 0.090900 0.065100 0.069900 0.045500 0.066600 0.166200 0.207000 0.322200 0.111000 0.319700 0.326100 0.093200 0.000000 0.087000 0.045000 0.067700 0.316200 0.118500 0.115400
Suni 0.164400 0.721000 0.187300 0.421700 0.061500 0.164400 0.114800 0.179600 0.216900 0.407700 0.141300 0.118300 0.186700 0.114800 0.000000 0.132400 0.240000 0.264000 0.236300 0.193100 0.132400 0.142000 0.384100 0.310700 0.142000 0.132600 0.186700 0.193100 0.128200 0.193100 0.366000 0.137400 0.195500 0.186700 0.181300 0.142100 0.165600 0.061500 0.189000 0.261000 0.384100 0.132600 0.381100 0.318000 0.166000 0.114800 0.155200 0.114700 0.188000 0.282100 0.192800 0.240600
Springbuck 0.110900 0.730700 0.180900 0.468700 0.087200 0.110900 0.110900 0.082000 0.258800 0.387400 0.136900 0.113500 0.206400 0.110900 0.132400 0.000000 0.229700 0.255000 0.227300 0.186100 0.000000 0.136900 0.364800 0.295900 0.136900 0.040400 0.206400 0.186100 0.039200 0.186100 0.348700 0.132800 0.241200 0.206400 0.127800 0.136400 0.159700 0.087200 0.085900 0.249800 0.364800 0.040400 0.362000 0.370300 0.159400 0.110900 0.060700 0.109900 0.133100 0.326600 0.186000 0.232100
Okapi 0.215900 0.653800 0.136600 0.323800 0.187600 0.215900 0.164100 0.280800 0.267000 0.303100 0.193200 0.117200 0.212600 0.164100 0.240000 0.229700 0.000000 0.157400 0.233800 0.192400 0.229700 0.193200 0.279500 0.242700 0.193200 0.230000 0.212600 0.192400 0.273000 0.192400 0.266900 0.187300 0.116400 0.212600 0.228400 0.140700 0.217500 0.187600 0.295800 0.257100 0.279500 0.230000 0.277400 0.314100 0.162200 0.164100 0.202400 0.161500 0.240300 0.255200 0.192500 0.186700
Giraffe 0.240600 0.706600 0.210800 0.416700 0.213200 0.240600 0.188100 0.281000 0.267700 0.366900 0.218200 0.142000 0.293000 0.188100 0.264000 0.255000 0.157400 0.000000 0.315100 0.217200 0.255000 0.218200 0.343500 0.274100 0.218200 0.254800 0.293000 0.217200 0.297800 0.217200 0.263400 0.211100 0.192100 0.293000 0.254600 0.165900 0.242500 0.213200 0.323000 0.286000 0.343500 0.254800 0.341100 0.316500 0.137300 0.188100 0.279500 0.187500 0.264900 0.335300 0.216800 0.264700
TibetanAnt 0.162000 0.839900 0.236800 0.443000 0.184500 0.162000 0.113300 0.278100 0.237200 0.501500 0.139700 0.165800 0.210400 0.113300 0.236300 0.227300 0.233800 0.315100 0.000000 0.243200 0.227300 0.139700 0.478100 0.399800 0.139700 0.227900 0.210400 0.243200 0.270600 0.243200 0.456800 0.088200 0.303100 0.210400 0.177100 0.189700 0.163100 0.184500 0.293100 0.283100 0.478100 0.227900 0.474500 0.485000 0.213900 0.113300 0.201200 0.159800 0.185400 0.454700 0.243500 0.184500
Sitatunga 0.118600 0.651600 0.045000 0.405000 0.142600 0.118600 0.118600 0.236400 0.045600 0.319000 0.095700 0.071800 0.220400 0.117800 0.193100 0.186100 0.192400 0.217200 0.243200 0.000000 0.186100 0.095700 0.294600 0.289100 0.095700 0.186200 0.220400 0.000000 0.179700 0.000000 0.345700 0.141800 0.201800 0.220400 0.186000 0.095800 0.119500 0.142600 0.249600 0.300700 0.294600 0.186200 0.292300 0.368100 0.119700 0.118600 0.210200 0.118100 0.193900 0.292400 0.046400 0.045200
Oribi 0.110900 0.730700 0.180900 0.468700 0.087200 0.110900 0.110900 0.082000 0.258800 0.387400 0.136900 0.113500 0.206400 0.110900 0.132400 0.000000 0.229700 0.255000 0.227300 0.186100 0.000000 0.136900 0.364800 0.295900 0.136900 0.040400 0.206400 0.186100 0.038100 0.186100 0.348700 0.132800 0.241200 0.206400 0.127800 0.136400 0.159700 0.087200 0.085900 0.249800 0.364800 0.040400 0.362000 0.370300 0.159400 0.110900 0.060700 0.109900 0.133100 0.326600 0.186000 0.232100
BarbaryShe 0.022800 0.624600 0.142200 0.438900 0.092600 0.022800 0.022800 0.185500 0.093800 0.321100 0.000000 0.072100 0.116900 0.022800 0.142000 0.136900 0.193200 0.218200 0.139700 0.095700 0.136900 0.000000 0.296500 0.290800 0.000000 0.137000 0.116900 0.095700 0.180000 0.095700 0.348000 0.045300 0.202700 0.116900 0.089200 0.096200 0.022900 0.092600 0.195700 0.240800 0.296500 0.137000 0.294200 0.370700 0.120100 0.022800 0.111800 0.069600 0.092900 0.351200 0.146500 0.093000
Daviddeer 0.322200 0.781500 0.348800 0.532800 0.319000 0.322200 0.322200 0.427800 0.354700 0.054700 0.296500 0.264800 0.458900 0.322200 0.384100 0.364800 0.279500 0.343500 0.478100 0.294600 0.364800 0.296500 0.000000 0.061600 0.296500 0.363500 0.458900 0.294600 0.412200 0.294600 0.081300 0.349400 0.195900 0.458900 0.396700 0.294300 0.325900 0.319000 0.456100 0.135600 0.000000 0.363500 0.027700 0.129400 0.320800 0.322200 0.362300 0.318400 0.421800 0.316400 0.361800 0.350900
Reindeer 0.316300 0.804800 0.277800 0.482700 0.248700 0.316300 0.251800 0.356000 0.320700 0.090200 0.290800 0.196900 0.378900 0.251800 0.310700 0.295900 0.242700 0.274100 0.399800 0.289100 0.295900 0.290800 0.061600 0.000000 0.290800 0.294900 0.378900 0.289100 0.343000 0.289100 0.058400 0.278200 0.162000 0.378900 0.325600 0.225400 0.319700 0.248700 0.377700 0.075100 0.061600 0.294900 0.061100 0.054400 0.250300 0.251800 0.323300 0.249400 0.344800 0.303300 0.287700 0.344300
Ibex 0.022800 0.624600 0.142200 0.438900 0.092600 0.022800 0.021700 0.185500 0.093800 0.321100 0.000000 0.072100 0.116900 0.022800 0.142000 0.136900 0.193200 0.218200 0.139700 0.095700 0.136900 0.000000 0.296500 0.290800 0.000000 0.137000 0.116900 0.095700 0.180000 0.095700 0.348000 0.042300 0.202700 0.116900 0.089200 0.096200 0.022900 0.092600 0.195700 0.240800 0.296500 0.137000 0.294200 0.370700 0.120100 0.022800 0.111800 0.069600 0.092900 0.351200 0.146500 0.093000
GyrantGaze 0.111000 0.722100 0.181300 0.468100 0.087200 0.111000 0.111000 0.082100 0.258600 0.320300 0.137000 0.113400 0.206800 0.111000 0.132600 0.040400 0.230000 0.254800 0.227900 0.186200 0.040400 0.137000 0.363500 0.294900 0.137000 0.000000 0.206800 0.186200 0.080200 0.186200 0.347600 0.133000 0.241300 0.206800 0.128000 0.136400 0.159900 0.087200 0.064100 0.249900 0.363500 0.000000 0.360700 0.368700 0.159400 0.111000 0.060900 0.109900 0.133400 0.326400 0.186300 0.232500
Hartebeest 0.139400 0.615500 0.161900 0.491400 0.163400 0.139400 0.090900 0.257400 0.216000 0.483200 0.116900 0.143700 0.000000 0.090900 0.186700 0.206400 0.212600 0.293000 0.210400 0.220400 0.206400 0.116900 0.458900 0.378900 0.116900 0.206800 0.000000 0.220400 0.250000 0.220400 0.437300 0.113400 0.279900 0.000000 0.108500 0.167900 0.140400 0.163400 0.271400 0.323700 0.458900 0.206800 0.455400 0.424300 0.192300 0.090900 0.180000 0.089700 0.162800 0.403700 0.220400 0.214400
Bongo 0.118600 0.651600 0.045000 0.405000 0.142600 0.118600 0.118600 0.236400 0.045600 0.319000 0.095700 0.071800 0.220400 0.118600 0.193100 0.186100 0.192400 0.217200 0.243200 0.000000 0.186100 0.095700 0.294600 0.289100 0.095700 0.186200 0.220400 0.000000 0.179700 0.000000 0.345700 0.141800 0.201800 0.220400 0.186000 0.095800 0.119500 0.142600 0.249600 0.300700 0.294600 0.186200 0.292300 0.368100 0.119700 0.118600 0.210200 0.118100 0.193900 0.292400 0.046400 0.045200
Gerenuk 0.153300 0.776200 0.175300 0.515800 0.129100 0.153300 0.153300 0.121900 0.249900 0.434300 0.180000 0.156400 0.250000 0.153300 0.128200 0.039200 0.273000 0.297800 0.270600 0.179700 0.038100 0.180000 0.412200 0.343000 0.180000 0.080200 0.250000 0.179700 0.000000 0.179700 0.394900 0.175200 0.232600 0.250000 0.168900 0.179100 0.202800 0.129100 0.127600 0.295900 0.412200 0.080200 0.409100 0.418900 0.202100 0.153300 0.100500 0.151800 0.175700 0.317000 0.179900 0.224700
CommonElan 0.118600 0.651600 0.045000 0.405000 0.142600 0.118600 0.117800 0.236400 0.045600 0.319000 0.095700 0.071800 0.220400 0.118600 0.193100 0.186100 0.192400 0.217200 0.243200 0.000000 0.186100 0.095700 0.294600 0.289100 0.095700 0.186200 0.220400 0.000000 0.179700 0.000000 0.345700 0.141800 0.201800 0.220600 0.186000 0.095800 0.119500 0.142600 0.249600 0.300700 0.294600 0.186200 0.292300 0.368100 0.119700 0.118600 0.210200 0.118100 0.193900 0.292400 0.046400 0.045200
MuntiacusR 0.372800 0.843000 0.332600 0.507500 0.304000 0.372800 0.306900 0.378700 0.405900 0.078200 0.348000 0.251900 0.437300 0.306900 0.366000 0.348700 0.266900 0.263400 0.456800 0.345700 0.348700 0.348000 0.081300 0.058400 0.348000 0.347600 0.437300 0.345700 0.394900 0.345700 0.000000 0.333100 0.186600 0.437300 0.379400 0.280200 0.377100 0.304000 0.434600 0.129200 0.081300 0.347600 0.052700 0.091500 0.305700 0.306900 0.346400 0.303700 0.401600 0.332400 0.344100 0.401100
HarveysDui 0.067500 0.677800 0.137700 0.394300 0.089400 0.067500 0.022000 0.180000 0.138900 0.373200 0.045300 0.069500 0.113400 0.021100 0.137400 0.132800 0.187300 0.211100 0.088200 0.141800 0.132800 0.045300 0.349400 0.278200 0.042300 0.133000 0.113400 0.141800 0.175200 0.141800 0.333100 0.000000 0.195800 0.113400 0.086600 0.092800 0.067900 0.089400 0.189700 0.175100 0.349400 0.133000 0.346600 0.353900 0.116100 0.022000 0.108700 0.067200 0.090000 0.340600 0.141700 0.138000
Pronghorn 0.226200 0.645800 0.195500 0.305400 0.197500 0.226200 0.171800 0.294600 0.253600 0.220300 0.202700 0.123700 0.279900 0.171800 0.195500 0.241200 0.116400 0.192100 0.303100 0.201800 0.241200 0.202700 0.195900 0.162000 0.202700 0.241300 0.279900 0.201800 0.232600 0.201800 0.186600 0.195800 0.000000 0.279900 0.240900 0.148400 0.228100 0.197500 0.311300 0.179000 0.195900 0.241300 0.194300 0.228200 0.171600 0.171800 0.212000 0.171000 0.251400 0.262000 0.201500 0.251200
BlueWildeb 0.139400 0.615500 0.161900 0.491400 0.163400 0.139400 0.090900 0.257400 0.216000 0.483200 0.116900 0.143700 0.000000 0.090900 0.186700 0.206400 0.212600 0.293000 0.210400 0.220400 0.206400 0.116900 0.458900 0.378900 0.116900 0.206800 0.000000 0.220400 0.250000 0.220600 0.437300 0.113400 0.279900 0.000000 0.108500 0.167900 0.140400 0.163400 0.271400 0.323700 0.458900 0.206800 0.455400 0.424300 0.192300 0.090900 0.180000 0.089700 0.162800 0.403700 0.220400 0.214400
Gemsbok 0.065100 0.625500 0.181000 0.470100 0.133100 0.065100 0.065100 0.173400 0.205400 0.419500 0.089200 0.113400 0.108500 0.065100 0.181300 0.127800 0.228400 0.254600 0.177100 0.186000 0.127800 0.089200 0.396700 0.325600 0.089200 0.128000 0.108500 0.186000 0.168900 0.186000 0.379400 0.086600 0.240900 0.108500 0.000000 0.136200 0.111500 0.133100 0.181900 0.278000 0.396700 0.128000 0.393800 0.402300 0.159200 0.065100 0.104700 0.064300 0.086900 0.384700 0.186000 0.181200
Yak 0.119100 0.563100 0.092600 0.309600 0.091300 0.119100 0.069900 0.135600 0.143300 0.318600 0.096200 0.023400 0.167900 0.069900 0.142100 0.136400 0.140700 0.165900 0.189700 0.095800 0.136400 0.096200 0.294300 0.225400 0.096200 0.136400 0.167900 0.095800 0.179100 0.095800 0.280200 0.092800 0.148400 0.167900 0.136200 0.000000 0.119900 0.091300 0.194600 0.239200 0.294300 0.136400 0.292100 0.298400 0.023000 0.069900 0.159400 0.069400 0.142600 0.291500 0.095400 0.142600
BlueSheep 0.045500 0.660700 0.165800 0.468200 0.116000 0.045500 0.042600 0.208900 0.117000 0.350300 0.022900 0.095900 0.140400 0.045500 0.165600 0.159700 0.217500 0.242500 0.163100 0.119500 0.159700 0.022900 0.325900 0.319700 0.022900 0.159900 0.140400 0.119500 0.202800 0.119500 0.377100 0.067900 0.228100 0.140400 0.111500 0.119900 0.000000 0.116000 0.220400 0.267800 0.325900 0.159900 0.323400 0.401800 0.144000 0.042500 0.134200 0.092600 0.116000 0.377800 0.170900 0.116100
BohorReedb 0.115200 0.693000 0.138100 0.430600 0.000000 0.115200 0.066600 0.133000 0.189900 0.342700 0.092600 0.067200 0.163400 0.066600 0.061500 0.087200 0.187600 0.213200 0.184500 0.142600 0.087200 0.092600 0.319000 0.248700 0.092600 0.087200 0.163400 0.142600 0.129100 0.142600 0.304000 0.089400 0.197500 0.163400 0.133100 0.091300 0.116000 0.000000 0.139700 0.204100 0.319000 0.087200 0.316500 0.322900 0.114200 0.066600 0.109200 0.067500 0.138500 0.258500 0.142300 0.189600
KirksDik 0.166200 0.765300 0.242700 0.563100 0.139700 0.166200 0.166200 0.130900 0.328600 0.447400 0.195700 0.170000 0.271400 0.166200 0.189000 0.085900 0.295800 0.323000 0.293100 0.249600 0.085900 0.195700 0.456100 0.377700 0.195700 0.064100 0.271400 0.249600 0.127600 0.249600 0.434600 0.189700 0.311300 0.271400 0.181900 0.194600 0.220400 0.139700 0.000000 0.323200 0.456100 0.064100 0.452400 0.463400 0.219500 0.166200 0.107900 0.164300 0.190300 0.400400 0.249900 0.299500
RoeDeer 0.265400 0.805500 0.291000 0.454000 0.204100 0.265400 0.207000 0.305500 0.327800 0.160000 0.240800 0.212500 0.323700 0.207000 0.261000 0.249800 0.257100 0.286000 0.283100 0.300700 0.249800 0.240800 0.135600 0.075100 0.240800 0.249900 0.323700 0.300700 0.295900 0.300700 0.129200 0.175100 0.179000 0.323700 0.278000 0.239200 0.267800 0.204100 0.323200 0.000000 0.135600 0.249900 0.134500 0.131500 0.263900 0.207000 0.276500 0.204700 0.292400 0.311000 0.300300 0.354600
WhiteLippe 0.322200 0.781500 0.348800 0.532800 0.319000 0.322200 0.322200 0.427800 0.354700 0.054700 0.296500 0.264800 0.458900 0.322200 0.384100 0.364800 0.279500 0.343500 0.478100 0.294600 0.364800 0.296500 0.000000 0.061600 0.296500 0.363500 0.458900 0.294600 0.412200 0.294600 0.081300 0.349400 0.195900 0.458900 0.396700 0.294300 0.325900 0.319000 0.456100 0.135600 0.000000 0.363500 0.027700 0.129400 0.320800 0.322200 0.362300 0.318400 0.421800 0.316400 0.361800 0.350900
ThomsonGaz 0.111000 0.722100 0.181300 0.468100 0.087200 0.111000 0.111000 0.082100 0.258600 0.320300 0.137000 0.113400 0.206800 0.111000 0.132600 0.040400 0.230000 0.254800 0.227900 0.186200 0.040400 0.137000 0.363500 0.294900 0.137000 0.000000 0.206800 0.186200 0.080200 0.186200 0.347600 0.133000 0.241300 0.206800 0.128000 0.136400 0.159900 0.087200 0.064100 0.249900 0.363500 0.000000 0.360700 0.368700 0.159400 0.111000 0.060900 0.109900 0.133400 0.326400 0.186300 0.232500
MuntiacusC 0.319700 0.775900 0.346000 0.529000 0.316500 0.319700 0.319700 0.424800 0.352100 0.026600 0.294200 0.262700 0.455400 0.319700 0.381100 0.362000 0.277400 0.341100 0.474500 0.292300 0.362000 0.294200 0.027700 0.061100 0.294200 0.360700 0.455400 0.292300 0.409100 0.292300 0.052700 0.346600 0.194300 0.455400 0.393800 0.292100 0.323400 0.316500 0.452400 0.134500 0.027700 0.360700 0.000000 0.128400 0.318400 0.319700 0.359400 0.316100 0.418500 0.344500 0.358800 0.348200
WhiteTaile 0.397000 0.890000 0.353300 0.493700 0.322900 0.397000 0.326100 0.362500 0.403200 0.157900 0.370700 0.267800 0.424300 0.326100 0.318000 0.370300 0.314100 0.316500 0.485000 0.368100 0.370300 0.370700 0.129400 0.054400 0.370700 0.368700 0.424300 0.368100 0.418900 0.368100 0.091500 0.353900 0.228200 0.424300 0.402300 0.298400 0.401800 0.322900 0.463400 0.131500 0.129400 0.368700 0.128400 0.000000 0.325000 0.326100 0.399700 0.322500 0.427700 0.374400 0.366500 0.426800
Cattle 0.142900 0.589300 0.115900 0.332600 0.114200 0.142900 0.093200 0.158500 0.167300 0.344800 0.120100 0.046800 0.192300 0.093200 0.166000 0.159400 0.162200 0.137300 0.213900 0.119700 0.159400 0.120100 0.320800 0.250300 0.120100 0.159400 0.192300 0.119700 0.202100 0.119700 0.305700 0.116100 0.171600 0.192300 0.159200 0.023000 0.144000 0.114200 0.219500 0.263900 0.320800 0.159400 0.318400 0.325000 0.000000 0.093200 0.182700 0.092500 0.166600 0.315000 0.119300 0.166600
RoyalAntel 0.045200 0.649100 0.115000 0.397900 0.066600 0.043300 0.000000 0.157800 0.116200 0.346300 0.022800 0.046600 0.090900 0.000000 0.114800 0.110900 0.164100 0.188100 0.113300 0.118600 0.110900 0.022800 0.322200 0.251800 0.022800 0.111000 0.090900 0.118600 0.153300 0.118600 0.306900 0.022000 0.171800 0.090900 0.065100 0.069900 0.042500 0.066600 0.166200 0.207000 0.322200 0.111000 0.319700 0.326100 0.093200 0.000000 0.087000 0.045000 0.067700 0.316200 0.118500 0.115400
Steenbok 0.087000 0.765700 0.204800 0.431600 0.109200 0.087000 0.087000 0.102900 0.230000 0.385100 0.111800 0.136400 0.180000 0.087000 0.155200 0.060700 0.202400 0.279500 0.201200 0.210200 0.060700 0.111800 0.362300 0.323300 0.111800 0.060900 0.180000 0.210200 0.100500 0.210200 0.346400 0.108700 0.212000 0.180000 0.104700 0.159400 0.134200 0.109200 0.107900 0.276500 0.362300 0.060900 0.359400 0.399700 0.182700 0.087000 0.000000 0.132200 0.109000 0.325500 0.210500 0.205000
Impala 0.091900 0.545100 0.114500 0.392800 0.067500 0.091900 0.045000 0.156400 0.189700 0.342100 0.069600 0.046200 0.089700 0.045000 0.114700 0.109900 0.161500 0.187500 0.159800 0.118100 0.109900 0.069600 0.318400 0.249400 0.069600 0.109900 0.089700 0.118100 0.151800 0.118100 0.303700 0.067200 0.171000 0.089700 0.064300 0.069400 0.092600 0.067500 0.164300 0.204700 0.318400 0.109900 0.316100 0.322500 0.092500 0.045000 0.132200 0.000000 0.114800 0.313900 0.117800 0.164400
Klipspring 0.067700 0.779300 0.188300 0.492300 0.138500 0.067700 0.067700 0.180600 0.189900 0.445500 0.092900 0.118800 0.162800 0.067700 0.188000 0.133100 0.240300 0.264900 0.185400 0.193900 0.133100 0.092900 0.421800 0.344800 0.092900 0.133400 0.162800 0.193900 0.175700 0.193900 0.401600 0.090000 0.251400 0.162800 0.086900 0.142600 0.116000 0.138500 0.190300 0.292400 0.421800 0.133400 0.418500 0.427700 0.166600 0.067700 0.109000 0.114800 0.000000 0.401400 0.193900 0.188600
ForestMusk 0.374200 0.714900 0.258000 0.466300 0.258500 0.374200 0.316200 0.381900 0.290900 0.368800 0.351200 0.266400 0.403700 0.316200 0.282100 0.326600 0.255200 0.335300 0.454700 0.292400 0.326600 0.351200 0.316400 0.303300 0.351200 0.326400 0.403700 0.292400 0.317000 0.292400 0.332400 0.340600 0.262000 0.403700 0.384700 0.291500 0.377800 0.258500 0.400400 0.311000 0.316400 0.326400 0.344500 0.374400 0.315000 0.316200 0.325500 0.313900 0.401400 0.000000 0.292200 0.342100
Bushbuck 0.169600 0.740400 0.042600 0.404700 0.142300 0.169600 0.118500 0.236400 0.092800 0.386100 0.146500 0.071600 0.220400 0.118500 0.192800 0.186000 0.192500 0.216800 0.243500 0.046400 0.186000 0.146500 0.361800 0.287700 0.146500 0.186300 0.220400 0.046400 0.179900 0.046400 0.344100 0.141700 0.201500 0.220400 0.186000 0.095400 0.170900 0.142300 0.249900 0.300300 0.361800 0.186300 0.358800 0.366500 0.119300 0.118500 0.210500 0.117800 0.193900 0.292200 0.000000 0.092300
GreaterKud 0.115400 0.716700 0.089700 0.459400 0.189600 0.115400 0.115400 0.283500 0.044300 0.374800 0.093000 0.118800 0.214900 0.115400 0.240600 0.232100 0.186700 0.264700 0.184500 0.045200 0.232100 0.093000 0.350900 0.344300 0.093000 0.232500 0.214400 0.045200 0.224700 0.045200 0.401100 0.138000 0.251200 0.214400 0.181200 0.142600 0.116100 0.189600 0.299500 0.354600 0.350900 0.232500 0.348200 0.426800 0.166600 0.115400 0.205000 0.164400 0.188600 0.342100 0.092300 0.000000
