1
52 1
Argali 0.000000 0.293000 0.231400 0.259200 0.226800 0.000000 0.205100 0.175100 0.231400 0.206000 0.070200 0.230500 0.147200 0.206700 0.228300 0.170900 0.125800 0.126500 0.094200 0.265000 0.173900 0.068900 0.173900 0.171000 0.046000 0.169900 0.176200 0.231400 0.145200 0.231400 0.203800 0.149300 0.229000 0.170200 0.119700 0.197300 0.046000 0.175700 0.176600 0.143700 0.147900 0.169900 0.203800 0.197100 0.197300 0.143100 0.174100 0.140400 0.148900 0.268800 0.231400 0.231400
LesserMous 0.293000 0.000000 0.346200 0.437300 0.339100 0.293000 0.266500 0.275400 0.346200 0.320200 0.238400 0.377300 0.275100 0.268400 0.306900 0.265100 0.248900 0.250600 0.269100 0.392100 0.203100 0.234000 0.312100 0.307700 0.237100 0.266200 0.242600 0.346200 0.235100 0.346200 0.279700 0.243000 0.271000 0.299000 0.274300 0.329200 0.237100 0.310800 0.196600 0.345200 0.279200 0.266200 0.279700 0.340500 0.329200 0.171300 0.204200 0.278100 0.241400 0.276600 0.346200 0.346200
LesserKudu 0.231400 0.346200 0.000000 0.339200 0.114500 0.231400 0.100300 0.125500 0.000000 0.153400 0.149400 0.097700 0.178900 0.102200 0.173800 0.122100 0.095100 0.094400 0.175700 0.023200 0.072200 0.175300 0.123000 0.177500 0.177100 0.122100 0.211900 0.000000 0.097100 0.000000 0.124900 0.101800 0.072400 0.202100 0.208500 0.023000 0.177100 0.146100 0.073400 0.202200 0.152800 0.122100 0.124900 0.146800 0.023000 0.155000 0.072500 0.134400 0.099000 0.160600 0.000000 0.000000
KillerWhal 0.259200 0.437300 0.339200 0.000000 0.267200 0.259200 0.312800 0.355600 0.339200 0.317600 0.206800 0.337700 0.242400 0.324100 0.339200 0.342800 0.148600 0.149500 0.237500 0.388300 0.275400 0.235700 0.273300 0.268400 0.205500 0.343400 0.281200 0.339200 0.310500 0.339200 0.277400 0.290300 0.273000 0.266700 0.240600 0.289300 0.205500 0.206400 0.278200 0.232400 0.241200 0.343400 0.277400 0.300500 0.289300 0.307300 0.276900 0.258600 0.280800 0.284200 0.339200 0.339200
DefassaWat 0.226800 0.339100 0.114500 0.267200 0.000000 0.226800 0.123400 0.147800 0.114500 0.266100 0.147800 0.170500 0.176800 0.125500 0.144200 0.144500 0.153500 0.154300 0.173400 0.143500 0.094500 0.145000 0.230300 0.290900 0.174300 0.144100 0.207400 0.114500 0.119500 0.114500 0.232700 0.125000 0.145700 0.144200 0.204100 0.139800 0.174300 0.046200 0.096100 0.257400 0.265400 0.144100 0.232700 0.254700 0.139800 0.170700 0.094900 0.113900 0.176300 0.238900 0.114500 0.114500
Sheep 0.000000 0.293000 0.231400 0.259200 0.226800 0.000000 0.205100 0.175100 0.231400 0.206000 0.070200 0.230500 0.147200 0.206700 0.228300 0.170900 0.125800 0.126500 0.094200 0.265000 0.173900 0.068900 0.173900 0.171000 0.046000 0.169900 0.176200 0.231400 0.145200 0.231400 0.203800 0.149300 0.229000 0.170200 0.119700 0.197300 0.046000 0.175700 0.176600 0.143700 0.147900 0.169900 0.203800 0.197100 0.197300 0.143100 0.174100 0.140400 0.148900 0.268800 0.231400 0.231400
MaxwellsDu 0.205100 0.266500 0.100300 0.312800 0.123400 0.205100 0.000000 0.073700 0.100300 0.184100 0.127700 0.180900 0.156900 0.048900 0.073000 0.072400 0.132400 0.133400 0.154100 0.128300 0.023700 0.125000 0.152300 0.207800 0.154800 0.071900 0.187600 0.100300 0.047800 0.100300 0.153400 0.048600 0.124800 0.179500 0.184300 0.148400 0.154800 0.127100 0.024100 0.238600 0.183600 0.071900 0.153400 0.175900 0.148400 0.126400 0.023800 0.095900 0.100300 0.185600 0.100300 0.100300
GazellaPrz 0.175100 0.275400 0.125500 0.355600 0.147800 0.175100 0.073700 0.000000 0.125500 0.125700 0.098200 0.184600 0.182600 0.075100 0.149100 0.046400 0.159300 0.160200 0.123200 0.154600 0.047200 0.096300 0.150000 0.205700 0.124000 0.046200 0.214700 0.125500 0.023000 0.125500 0.124500 0.074700 0.150800 0.204700 0.211100 0.152900 0.124000 0.152000 0.048000 0.235500 0.181400 0.046200 0.124500 0.173500 0.152900 0.072900 0.047400 0.117400 0.125500 0.189300 0.125500 0.125500
MountainNy 0.231400 0.346200 0.000000 0.339200 0.114500 0.231400 0.100300 0.125500 0.000000 0.153400 0.149400 0.097700 0.178900 0.102200 0.173800 0.122100 0.095100 0.094400 0.175700 0.023200 0.072200 0.175300 0.123000 0.177500 0.177100 0.122100 0.211900 0.000000 0.097100 0.000000 0.124900 0.101800 0.072400 0.202100 0.208500 0.023000 0.177100 0.146100 0.073400 0.202200 0.152800 0.122100 0.124900 0.146800 0.023000 0.155000 0.072500 0.134400 0.099000 0.160600 0.000000 0.000000
MuntiacusM 0.206000 0.320200 0.153400 0.317600 0.266100 0.206000 0.184100 0.125700 0.153400 0.000000 0.182800 0.216200 0.245100 0.187000 0.273700 0.176200 0.160900 0.161400 0.209600 0.184000 0.151300 0.179300 0.023000 0.095500 0.153400 0.176300 0.247600 0.153400 0.150400 0.153400 0.023300 0.129600 0.210000 0.267200 0.213400 0.182500 0.153400 0.211000 0.153900 0.095500 0.047600 0.176300 0.023300 0.069300 0.182500 0.183600 0.152000 0.170100 0.126500 0.256000 0.153400 0.153400
goat 0.070200 0.238400 0.149400 0.206800 0.147800 0.070200 0.127700 0.098200 0.149400 0.182800 0.000000 0.148400 0.073200 0.129900 0.149100 0.095800 0.049700 0.049900 0.023200 0.180000 0.097600 0.046400 0.150900 0.148400 0.023300 0.095200 0.099900 0.149400 0.071300 0.149400 0.180900 0.129400 0.149800 0.095400 0.098200 0.117800 0.023300 0.098500 0.099200 0.121100 0.125000 0.095200 0.180900 0.174200 0.117800 0.064500 0.097700 0.117800 0.125700 0.184700 0.149400 0.149400
AfricanBuf 0.230500 0.377300 0.097700 0.337700 0.170500 0.230500 0.180900 0.184600 0.097700 0.216200 0.148400 0.000000 0.178400 0.182300 0.175700 0.178300 0.094500 0.093900 0.174600 0.125400 0.125800 0.174400 0.180800 0.179000 0.176400 0.178800 0.212300 0.097700 0.152400 0.097700 0.184400 0.183300 0.073000 0.201200 0.208400 0.071600 0.176400 0.206500 0.128100 0.202300 0.154400 0.178800 0.184400 0.205400 0.071600 0.178300 0.126400 0.191200 0.185000 0.187000 0.097700 0.097700
Topi 0.147200 0.275100 0.178900 0.242400 0.176800 0.147200 0.156900 0.182600 0.178900 0.245100 0.073200 0.178400 0.000000 0.159400 0.178000 0.178400 0.076000 0.076400 0.098100 0.211300 0.124900 0.123100 0.209600 0.206200 0.098500 0.122400 0.024000 0.178900 0.151700 0.178900 0.211700 0.159100 0.179200 0.023100 0.072700 0.146300 0.098500 0.125900 0.126900 0.176400 0.182000 0.122400 0.211700 0.233900 0.146300 0.148500 0.125400 0.119000 0.154900 0.218800 0.178900 0.178900
CommonDuik 0.206700 0.268400 0.102200 0.324100 0.125500 0.206700 0.048900 0.075100 0.102200 0.187000 0.129900 0.182300 0.159400 0.000000 0.128200 0.073800 0.134500 0.135700 0.156700 0.130800 0.024100 0.127100 0.155000 0.211000 0.157300 0.073200 0.190500 0.102200 0.048800 0.102200 0.155800 0.049300 0.127000 0.182400 0.187000 0.149300 0.157300 0.129200 0.024500 0.242000 0.186700 0.073200 0.155800 0.178800 0.149300 0.128400 0.024200 0.097300 0.102000 0.188500 0.102200 0.102200
Suni 0.228300 0.306900 0.173800 0.339200 0.144200 0.228300 0.073000 0.149100 0.173800 0.273700 0.149100 0.175700 0.178000 0.128200 0.000000 0.145400 0.154900 0.155700 0.174700 0.205300 0.095200 0.146000 0.235900 0.297900 0.175800 0.145000 0.209100 0.173800 0.120300 0.173800 0.239000 0.128200 0.203800 0.199700 0.205500 0.202300 0.175800 0.148200 0.096800 0.263300 0.272600 0.145000 0.239000 0.260200 0.202300 0.194400 0.095700 0.114900 0.177800 0.213500 0.173800 0.173800
Springbuck 0.170900 0.265100 0.122100 0.342800 0.144500 0.170900 0.072400 0.046400 0.122100 0.176200 0.095800 0.178300 0.178400 0.073800 0.145400 0.000000 0.154700 0.155700 0.120400 0.150000 0.046100 0.093900 0.146100 0.199200 0.121000 0.045100 0.208800 0.122100 0.022500 0.122100 0.174400 0.073200 0.146000 0.199500 0.205200 0.148000 0.120800 0.148700 0.046900 0.228500 0.175800 0.045100 0.174400 0.168900 0.148000 0.071300 0.046200 0.115500 0.121800 0.184700 0.122100 0.122100
Okapi 0.125800 0.248900 0.095100 0.148600 0.153500 0.125800 0.132400 0.159300 0.095100 0.160900 0.049700 0.094500 0.076000 0.134500 0.154900 0.154700 0.000000 0.000200 0.074600 0.125500 0.101700 0.100000 0.129000 0.127100 0.075100 0.154400 0.103900 0.095100 0.128300 0.095100 0.130800 0.134500 0.101500 0.099200 0.102300 0.064000 0.075100 0.102300 0.103400 0.099400 0.102800 0.154400 0.130800 0.153000 0.064000 0.122600 0.102200 0.121900 0.131600 0.127800 0.095100 0.095100
Giraffe 0.126500 0.250600 0.094400 0.149500 0.154300 0.126500 0.133400 0.160200 0.094400 0.161400 0.049900 0.093900 0.076400 0.135700 0.155700 0.155700 0.000200 0.000000 0.075000 0.125000 0.102200 0.100500 0.129400 0.127400 0.075500 0.155300 0.104500 0.094400 0.129000 0.094400 0.131100 0.135500 0.101700 0.099700 0.102700 0.063300 0.075500 0.102800 0.104000 0.099700 0.103100 0.155300 0.131100 0.153600 0.063300 0.122400 0.102700 0.122300 0.132200 0.120600 0.094400 0.094400
TibetanAnt 0.094200 0.269100 0.175700 0.237500 0.173400 0.094200 0.154100 0.123200 0.175700 0.209600 0.023200 0.174600 0.098100 0.156700 0.174700 0.120400 0.074600 0.075000 0.000000 0.207100 0.122500 0.069900 0.176800 0.173600 0.046700 0.119500 0.125400 0.175700 0.095500 0.175700 0.207300 0.156100 0.175000 0.119900 0.123200 0.143300 0.046700 0.123800 0.124400 0.145900 0.150400 0.119500 0.207300 0.200100 0.143300 0.063400 0.122600 0.142400 0.151400 0.213000 0.175700 0.175700
Sitatunga 0.265000 0.392100 0.023200 0.388300 0.143500 0.265000 0.128300 0.154600 0.023200 0.184000 0.180000 0.125400 0.211300 0.130800 0.205300 0.150000 0.125500 0.125000 0.207100 0.000000 0.098600 0.206700 0.151300 0.208900 0.208800 0.150400 0.246400 0.023200 0.124400 0.023200 0.154000 0.130500 0.099100 0.234500 0.242700 0.047100 0.208800 0.176800 0.100400 0.235100 0.183200 0.150400 0.154000 0.176000 0.047100 0.186000 0.099000 0.163100 0.127000 0.191900 0.023200 0.023200
Oribi 0.173900 0.203100 0.072200 0.275400 0.094500 0.173900 0.023700 0.047200 0.072200 0.151300 0.097600 0.125800 0.124900 0.024100 0.095200 0.046100 0.101700 0.102200 0.122500 0.098600 0.000000 0.095700 0.121600 0.174600 0.123200 0.045900 0.153800 0.072200 0.022900 0.072200 0.123000 0.023600 0.096400 0.146800 0.151300 0.097500 0.123200 0.097100 0.000200 0.202900 0.150900 0.045900 0.123000 0.144600 0.097500 0.072500 0.000100 0.067500 0.072200 0.129300 0.072200 0.072200
BarbaryShe 0.068900 0.234000 0.175300 0.235700 0.145000 0.068900 0.125000 0.096300 0.175300 0.179300 0.046400 0.174400 0.123100 0.127100 0.146000 0.093900 0.100000 0.100500 0.069900 0.206700 0.095700 0.000000 0.148000 0.145800 0.022800 0.093400 0.151400 0.175300 0.069900 0.175300 0.177600 0.074000 0.147200 0.144400 0.096500 0.143300 0.022800 0.149100 0.097300 0.119000 0.122600 0.093400 0.177600 0.171200 0.143300 0.063000 0.095800 0.067400 0.123300 0.180600 0.175300 0.175300
Daviddeer 0.173900 0.312100 0.123000 0.273300 0.230300 0.173900 0.152300 0.150000 0.123000 0.023000 0.150900 0.180800 0.209600 0.155000 0.235900 0.146100 0.129000 0.129400 0.176800 0.151300 0.121600 0.148000 0.000000 0.068800 0.123200 0.145700 0.242700 0.123000 0.121000 0.123000 0.047000 0.100100 0.175900 0.231500 0.179300 0.149800 0.123200 0.178000 0.123600 0.068900 0.022000 0.145700 0.047000 0.044500 0.149800 0.180100 0.122100 0.141200 0.097600 0.218500 0.123000 0.123000
Reindeer 0.171000 0.307700 0.177500 0.268400 0.290900 0.171000 0.207800 0.205700 0.177500 0.095500 0.148400 0.179000 0.206200 0.211000 0.297900 0.199200 0.127100 0.127400 0.173600 0.208900 0.174600 0.145800 0.068800 0.000000 0.121200 0.199700 0.239100 0.177500 0.173600 0.177500 0.096400 0.153500 0.174900 0.227700 0.177200 0.148600 0.121200 0.234800 0.177500 0.044700 0.045800 0.199700 0.096400 0.021800 0.148600 0.177600 0.175400 0.192600 0.150000 0.215000 0.177500 0.177500
Ibex 0.046000 0.237100 0.177100 0.205500 0.174300 0.046000 0.154800 0.124000 0.177100 0.153400 0.023300 0.176400 0.098500 0.157300 0.175800 0.121000 0.075100 0.075500 0.046700 0.208800 0.123200 0.022800 0.123200 0.121200 0.000000 0.120100 0.126100 0.177100 0.095700 0.177100 0.151800 0.101600 0.176700 0.120300 0.072300 0.144900 0.000000 0.124300 0.125200 0.095000 0.098000 0.120100 0.151800 0.146300 0.144900 0.091300 0.123400 0.092500 0.098700 0.214300 0.177100 0.177100
GyrantGaze 0.169900 0.266200 0.122100 0.343400 0.144100 0.169900 0.071900 0.046200 0.122100 0.176300 0.095200 0.178800 0.122400 0.073200 0.145000 0.045100 0.154400 0.155300 0.119500 0.150400 0.045900 0.093400 0.145700 0.199700 0.120100 0.000000 0.150500 0.122100 0.022400 0.122100 0.174700 0.072800 0.146600 0.143500 0.148200 0.148500 0.120100 0.147800 0.046700 0.228600 0.175800 0.000000 0.174700 0.168900 0.148500 0.071000 0.046000 0.114500 0.121400 0.184000 0.122100 0.122100
Hartebeest 0.176200 0.242600 0.211900 0.281200 0.207400 0.176200 0.187600 0.214700 0.211900 0.247600 0.099900 0.212300 0.024000 0.190500 0.209100 0.208800 0.103900 0.104500 0.125400 0.246400 0.153800 0.151400 0.242700 0.239100 0.126100 0.150500 0.000000 0.211900 0.181500 0.211900 0.213900 0.190500 0.211000 0.047100 0.099300 0.178300 0.126100 0.154900 0.156200 0.207300 0.214200 0.150500 0.213900 0.267700 0.178300 0.121500 0.154500 0.146100 0.185700 0.253800 0.211900 0.211900
Bongo 0.231400 0.346200 0.000000 0.339200 0.114500 0.231400 0.100300 0.125500 0.000000 0.153400 0.149400 0.097700 0.178900 0.102200 0.173800 0.122100 0.095100 0.094400 0.175700 0.023200 0.072200 0.175300 0.123000 0.177500 0.177100 0.122100 0.211900 0.000000 0.097100 0.000000 0.124900 0.101800 0.072400 0.202100 0.208500 0.023000 0.177100 0.146100 0.073400 0.202200 0.152800 0.122100 0.124900 0.146800 0.023000 0.155000 0.072500 0.134400 0.099000 0.160600 0.000000 0.000000
Gerenuk 0.145200 0.235100 0.097100 0.310500 0.119500 0.145200 0.047800 0.023000 0.097100 0.150400 0.071300 0.152400 0.151700 0.048800 0.120300 0.022500 0.128300 0.129000 0.095500 0.124400 0.022900 0.069900 0.121000 0.173600 0.095700 0.022400 0.181500 0.097100 0.000000 0.097100 0.149000 0.048400 0.121400 0.172900 0.178500 0.123000 0.095900 0.122900 0.023300 0.201900 0.150000 0.022400 0.149000 0.143900 0.123000 0.047200 0.022900 0.091300 0.096900 0.157100 0.097100 0.097100
CommonElan 0.231400 0.346200 0.000000 0.339200 0.114500 0.231400 0.100300 0.125500 0.000000 0.153400 0.149400 0.097700 0.178900 0.102200 0.173800 0.122100 0.095100 0.094400 0.175700 0.023200 0.072200 0.175300 0.123000 0.177500 0.177100 0.122100 0.211900 0.000000 0.097100 0.000000 0.124900 0.101800 0.072400 0.202100 0.208500 0.023000 0.177100 0.146100 0.073400 0.202200 0.152800 0.122100 0.124900 0.146800 0.023000 0.155000 0.072500 0.134400 0.099000 0.160600 0.000000 0.000000
MuntiacusR 0.203800 0.279700 0.124900 0.277400 0.232700 0.203800 0.153400 0.124500 0.124900 0.023300 0.180900 0.184400 0.211700 0.155800 0.239000 0.174400 0.130800 0.131100 0.207300 0.154000 0.123000 0.177600 0.047000 0.096400 0.151800 0.174700 0.213900 0.124900 0.149000 0.124900 0.000000 0.101000 0.179600 0.233400 0.181900 0.152800 0.151800 0.179500 0.125200 0.122000 0.072900 0.174700 0.000000 0.069800 0.152800 0.181900 0.123600 0.141900 0.098900 0.220900 0.124900 0.124900
HarveysDui 0.149300 0.243000 0.101800 0.290300 0.125000 0.149300 0.048600 0.074700 0.101800 0.129600 0.129400 0.183300 0.159100 0.049300 0.128200 0.073200 0.134500 0.135500 0.156100 0.130500 0.023600 0.074000 0.100100 0.153500 0.101600 0.072800 0.190500 0.101800 0.048400 0.101800 0.101000 0.000000 0.127000 0.181900 0.129800 0.149900 0.101600 0.128700 0.024000 0.182300 0.129300 0.072800 0.101000 0.123800 0.149900 0.127900 0.023800 0.047000 0.049600 0.188100 0.101800 0.101800
Pronghorn 0.229000 0.271000 0.072400 0.273000 0.145700 0.229000 0.124800 0.150800 0.072400 0.210000 0.149800 0.073000 0.179200 0.127000 0.203800 0.146000 0.101500 0.101700 0.175000 0.099100 0.096400 0.147200 0.175900 0.174900 0.176700 0.146600 0.211000 0.072400 0.121400 0.072400 0.179600 0.127000 0.000000 0.200500 0.208300 0.047300 0.176700 0.206600 0.098100 0.202300 0.150400 0.146600 0.179600 0.200500 0.047300 0.124200 0.096800 0.166700 0.180000 0.128300 0.072400 0.072400
BlueWildeb 0.170200 0.299000 0.202100 0.266700 0.144200 0.170200 0.179500 0.204700 0.202100 0.267200 0.095400 0.201200 0.023100 0.182400 0.199700 0.199500 0.099200 0.099700 0.119900 0.234500 0.146800 0.144400 0.231500 0.227700 0.120300 0.143500 0.047100 0.202100 0.172900 0.202100 0.233400 0.181900 0.200500 0.000000 0.095300 0.169200 0.120300 0.096000 0.149100 0.197900 0.203900 0.143500 0.233400 0.255400 0.169200 0.172200 0.146900 0.140300 0.176400 0.240300 0.202100 0.202100
Gemsbok 0.119700 0.274300 0.208500 0.240600 0.204100 0.119700 0.184300 0.211100 0.208500 0.213400 0.098200 0.208400 0.072700 0.187000 0.205500 0.205200 0.102300 0.102700 0.123200 0.242700 0.151300 0.096500 0.179300 0.177200 0.072300 0.148200 0.099300 0.208500 0.178500 0.208500 0.181900 0.129800 0.208300 0.095300 0.000000 0.175300 0.072300 0.152100 0.153700 0.148300 0.152900 0.148200 0.181900 0.203700 0.175300 0.177100 0.152000 0.117800 0.126500 0.249100 0.208500 0.208500
Yak 0.197300 0.329200 0.023000 0.289300 0.139800 0.197300 0.148400 0.152900 0.023000 0.182500 0.117800 0.071600 0.146300 0.149300 0.202300 0.148000 0.064000 0.063300 0.143300 0.047100 0.097500 0.143300 0.149800 0.148600 0.144900 0.148500 0.178300 0.023000 0.123000 0.023000 0.152800 0.149900 0.047300 0.169200 0.175300 0.000000 0.144900 0.173000 0.099300 0.170100 0.124400 0.148500 0.152800 0.174000 0.000000 0.146000 0.098000 0.160100 0.125600 0.153000 0.023000 0.023000
BlueSheep 0.046000 0.237100 0.177100 0.205500 0.174300 0.046000 0.154800 0.124000 0.177100 0.153400 0.023300 0.176400 0.098500 0.157300 0.175800 0.120800 0.075100 0.075500 0.046700 0.208800 0.123200 0.022800 0.123200 0.121200 0.000000 0.120100 0.126100 0.177100 0.095900 0.177100 0.151800 0.101600 0.176700 0.120300 0.072300 0.144900 0.000000 0.124300 0.125200 0.095000 0.098000 0.120100 0.151800 0.146300 0.144900 0.091300 0.123400 0.092500 0.098700 0.214300 0.177100 0.177100
BohorReedb 0.175700 0.310800 0.146100 0.206400 0.046200 0.175700 0.127100 0.152000 0.146100 0.211000 0.098500 0.206500 0.125900 0.129200 0.148200 0.148700 0.102300 0.102800 0.123800 0.176800 0.097100 0.149100 0.178000 0.234800 0.124300 0.147800 0.154900 0.146100 0.122900 0.146100 0.179500 0.128700 0.206600 0.096000 0.152100 0.173000 0.124300 0.000000 0.098700 0.204000 0.210600 0.147800 0.179500 0.201500 0.173000 0.175800 0.097500 0.117100 0.125500 0.246500 0.146100 0.146100
KirksDik 0.176600 0.196600 0.073400 0.278200 0.096100 0.176600 0.024100 0.048000 0.073400 0.153900 0.099200 0.128100 0.126900 0.024500 0.096800 0.046900 0.103400 0.104000 0.124400 0.100400 0.000200 0.097300 0.123600 0.177500 0.125200 0.046700 0.156200 0.073400 0.023300 0.073400 0.125200 0.024000 0.098100 0.149100 0.153700 0.099300 0.125200 0.098700 0.000000 0.206100 0.153500 0.046700 0.125200 0.147000 0.099300 0.073700 0.000100 0.068700 0.073400 0.131500 0.073400 0.073400
RoeDeer 0.143700 0.345200 0.202200 0.232400 0.257400 0.143700 0.238600 0.235500 0.202200 0.095500 0.121100 0.202300 0.176400 0.242000 0.263300 0.228500 0.099400 0.099700 0.145900 0.235100 0.202900 0.119000 0.068900 0.044700 0.095000 0.228600 0.207300 0.202200 0.201900 0.202200 0.122000 0.182300 0.202300 0.197900 0.148300 0.170100 0.095000 0.204000 0.206100 0.000000 0.045800 0.228600 0.122000 0.067300 0.170100 0.201600 0.203800 0.165300 0.177800 0.241700 0.202200 0.202200
WhiteLippe 0.147900 0.279200 0.152800 0.241200 0.265400 0.147900 0.183600 0.181400 0.152800 0.047600 0.125000 0.154400 0.182000 0.186700 0.272600 0.175800 0.102800 0.103100 0.150400 0.183200 0.150900 0.122600 0.022000 0.045800 0.098000 0.175800 0.214200 0.152800 0.150000 0.152800 0.072900 0.129300 0.150400 0.203900 0.152900 0.124400 0.098000 0.210600 0.153500 0.045800 0.000000 0.175800 0.072900 0.068800 0.124400 0.153300 0.151600 0.169900 0.126200 0.189800 0.152800 0.152800
ThomsonGaz 0.169900 0.266200 0.122100 0.343400 0.144100 0.169900 0.071900 0.046200 0.122100 0.176300 0.095200 0.178800 0.122400 0.073200 0.145000 0.045100 0.154400 0.155300 0.119500 0.150400 0.045900 0.093400 0.145700 0.199700 0.120100 0.000000 0.150500 0.122100 0.022400 0.122100 0.174700 0.072800 0.146600 0.143500 0.148200 0.148500 0.120100 0.147800 0.046700 0.228600 0.175800 0.000000 0.174700 0.168900 0.148500 0.071000 0.046000 0.114500 0.121400 0.184000 0.122100 0.122100
MuntiacusC 0.203800 0.279700 0.124900 0.277400 0.232700 0.203800 0.153400 0.124500 0.124900 0.023300 0.180900 0.184400 0.211700 0.155800 0.239000 0.174400 0.130800 0.131100 0.207300 0.154000 0.123000 0.177600 0.047000 0.096400 0.151800 0.174700 0.213900 0.124900 0.149000 0.124900 0.000000 0.101000 0.179600 0.233400 0.181900 0.152800 0.151800 0.179500 0.125200 0.122000 0.072900 0.174700 0.000000 0.069800 0.152800 0.181900 0.123600 0.141900 0.098900 0.220900 0.124900 0.124900
WhiteTaile 0.197100 0.340500 0.146800 0.300500 0.254700 0.197100 0.175900 0.173500 0.146800 0.069300 0.174200 0.205400 0.233900 0.178800 0.260200 0.168900 0.153000 0.153600 0.200100 0.176000 0.144600 0.171200 0.044500 0.021800 0.146300 0.168900 0.267700 0.146800 0.143900 0.146800 0.069800 0.123800 0.200500 0.255400 0.203700 0.174000 0.146300 0.201500 0.147000 0.067300 0.068800 0.168900 0.069800 0.000000 0.174000 0.204500 0.145200 0.163400 0.120700 0.243600 0.146800 0.146800
Cattle 0.197300 0.329200 0.023000 0.289300 0.139800 0.197300 0.148400 0.152900 0.023000 0.182500 0.117800 0.071600 0.146300 0.149300 0.202300 0.148000 0.064000 0.063300 0.143300 0.047100 0.097500 0.143300 0.149800 0.148600 0.144900 0.148500 0.178300 0.023000 0.123000 0.023000 0.152800 0.149900 0.047300 0.169200 0.175300 0.000000 0.144900 0.173000 0.099300 0.170100 0.124400 0.148500 0.152800 0.174000 0.000000 0.146000 0.098000 0.160100 0.125600 0.153000 0.023000 0.023000
RoyalAntel 0.143100 0.171300 0.155000 0.307300 0.170700 0.143100 0.126400 0.072900 0.155000 0.183600 0.064500 0.178300 0.148500 0.128400 0.194400 0.071300 0.122600 0.122400 0.063400 0.186000 0.072500 0.063000 0.180100 0.177600 0.091300 0.071000 0.121500 0.155000 0.047200 0.155000 0.181900 0.127900 0.124200 0.172200 0.177100 0.146000 0.091300 0.175800 0.073700 0.201600 0.153300 0.071000 0.181900 0.204500 0.146000 0.000000 0.072800 0.149600 0.154700 0.187800 0.155000 0.155000
Steenbok 0.174100 0.204200 0.072500 0.276900 0.094900 0.174100 0.023800 0.047400 0.072500 0.152000 0.097700 0.126400 0.125400 0.024200 0.095700 0.046200 0.102200 0.102700 0.122600 0.099000 0.000100 0.095800 0.122100 0.175400 0.123400 0.046000 0.154500 0.072500 0.022900 0.072500 0.123600 0.023800 0.096800 0.146900 0.152000 0.098000 0.123400 0.097500 0.000100 0.203800 0.151600 0.046000 0.123600 0.145200 0.098000 0.072800 0.000000 0.067900 0.072300 0.129900 0.072500 0.072500
Impala 0.140400 0.278100 0.134400 0.258600 0.113900 0.140400 0.095900 0.117400 0.134400 0.170100 0.117800 0.191200 0.119000 0.097300 0.114900 0.115500 0.121900 0.122300 0.142400 0.163100 0.067500 0.067400 0.141200 0.192600 0.092500 0.114500 0.146100 0.134400 0.091300 0.134400 0.141900 0.047000 0.166700 0.140300 0.117800 0.160100 0.092500 0.117100 0.068700 0.165300 0.169900 0.114500 0.141900 0.163400 0.160100 0.149600 0.067900 0.000000 0.093100 0.204800 0.134400 0.134400
Klipspring 0.148900 0.241400 0.099000 0.280800 0.176300 0.148900 0.100300 0.125500 0.099000 0.126500 0.125700 0.185000 0.154900 0.102000 0.177800 0.121800 0.131600 0.132200 0.151400 0.127000 0.072200 0.123300 0.097600 0.150000 0.098700 0.121400 0.185700 0.099000 0.096900 0.099000 0.098900 0.049600 0.180000 0.176400 0.126500 0.125600 0.098700 0.125500 0.073400 0.177800 0.126200 0.121400 0.098900 0.120700 0.125600 0.154700 0.072300 0.093100 0.000000 0.220900 0.099000 0.099000
ForestMusk 0.268800 0.276600 0.160600 0.284200 0.238900 0.268800 0.185600 0.189300 0.160600 0.256000 0.184700 0.187000 0.218800 0.188500 0.213500 0.184700 0.127800 0.120600 0.213000 0.191900 0.129300 0.180600 0.218500 0.215000 0.214300 0.184000 0.253800 0.160600 0.157100 0.160600 0.220900 0.188100 0.128300 0.240300 0.249100 0.153000 0.214300 0.246500 0.131500 0.241700 0.189800 0.184000 0.220900 0.243600 0.153000 0.187800 0.129900 0.204800 0.220900 0.000000 0.160600 0.160600
Bushbuck 0.231400 0.346200 0.000000 0.339200 0.114500 0.231400 0.100300 0.125500 0.000000 0.153400 0.149400 0.097700 0.178900 0.102200 0.173800 0.122100 0.095100 0.094400 0.175700 0.023200 0.072200 0.175300 0.123000 0.177500 0.177100 0.122100 0.211900 0.000000 0.097100 0.000000 0.124900 0.101800 0.072400 0.202100 0.208500 0.023000 0.177100 0.146100 0.073400 0.202200 0.152800 0.122100 0.124900 0.146800 0.023000 0.155000 0.072500 0.134400 0.099000 0.160600 0.000000 0.000000
GreaterKud 0.231400 0.346200 0.000000 0.339200 0.114500 0.231400 0.100300 0.125500 0.000000 0.153400 0.149400 0.097700 0.178900 0.102200 0.173800 0.122100 0.095100 0.094400 0.175700 0.023200 0.072200 0.175300 0.123000 0.177500 0.177100 0.122100 0.211900 0.000000 0.097100 0.000000 0.124900 0.101800 0.072400 0.202100 0.208500 0.023000 0.177100 0.146100 0.073400 0.202200 0.152800 0.122100 0.124900 0.146800 0.023000 0.155000 0.072500 0.134400 0.099000 0.160600 0.000000 0.000000
