CODONML (in paml version 4.10.7, June 2023)  /home/rachel/ruminants_paml/6406-phy-tree/ENSBTAT00000061310.fasta.phy
Model: free dN/dS Ratios for branches,  kappa = 2.000 fixed

Codon frequency model: F3x4
ns =  54  ls =  27

Codon usage in sequences
--------------------------------------------------------------------------------------------------------------------------------------
Phe TTT   0   0   0   0   0   0 | Ser TCT   0   0   0   0   0   0 | Tyr TAT   0   0   0   0   0   0 | Cys TGT   0   0   0   0   0   0
    TTC   0   0   0   0   0   0 |     TCC   0   0   0   0   0   0 |     TAC   0   0   0   0   0   0 |     TGC   0   0   0   0   0   0
Leu TTA   0   0   0   0   0   0 |     TCA   0   0   0   0   0   0 | *** TAA   0   0   0   0   0   0 | *** TGA   0   0   0   0   0   0
    TTG   0   0   0   0   0   0 |     TCG   0   0   0   0   0   0 |     TAG   0   0   0   0   0   0 | Trp TGG   0   0   0   0   0   0
--------------------------------------------------------------------------------------------------------------------------------------
Leu CTT   0   0   0   0   0   0 | Pro CCT   0   0   0   0   0   0 | His CAT   0   0   0   0   0   0 | Arg CGT   0   0   0   0   0   0
    CTC   1   1   1   1   1   1 |     CCC   1   1   1   1   1   1 |     CAC   0   0   0   0   0   0 |     CGC   0   0   0   0   0   0
    CTA   0   0   0   0   0   0 |     CCA   0   0   0   0   0   0 | Gln CAA   1   1   1   1   1   1 |     CGA   0   0   0   0   0   0
    CTG   1   1   1   1   1   1 |     CCG   0   0   0   0   0   0 |     CAG   2   2   2   2   2   2 |     CGG   1   1   1   1   1   1
--------------------------------------------------------------------------------------------------------------------------------------
Ile ATT   1   1   1   2   1   2 | Thr ACT   0   0   0   0   0   0 | Asn AAT   0   0   0   0   0   0 | Ser AGT   0   0   0   0   0   0
    ATC   1   1   1   0   1   0 |     ACC   1   1   1   1   1   1 |     AAC   2   2   2   2   2   2 |     AGC   0   0   0   0   0   0
    ATA   0   0   0   0   0   0 |     ACA   2   2   2   2   2   2 | Lys AAA   2   1   3   2   3   2 | Arg AGA   0   0   0   0   0   0
Met ATG   0   0   0   0   0   0 |     ACG   0   0   0   0   0   0 |     AAG   1   2   0   1   0   1 |     AGG   0   0   0   0   0   0
--------------------------------------------------------------------------------------------------------------------------------------
Val GTT   0   0   0   0   0   0 | Ala GCT   0   0   0   0   0   0 | Asp GAT   0   0   0   0   0   0 | Gly GGT   1   0   0   1   1   1
    GTC   1   1   1   1   1   1 |     GCC   0   0   0   0   0   0 |     GAC   2   2   2   2   2   2 |     GGC   0   1   1   0   0   0
    GTA   0   0   0   0   1   1 |     GCA   1   1   1   1   1   1 | Glu GAA   1   1   1   1   1   1 |     GGA   0   0   0   0   0   0
    GTG   2   2   2   2   1   1 |     GCG   0   0   0   0   0   0 |     GAG   1   1   1   1   1   1 |     GGG   1   1   1   1   1   1
--------------------------------------------------------------------------------------------------------------------------------------

--------------------------------------------------------------------------------------------------------------------------------------
Phe TTT   0   0   0   0   0   0 | Ser TCT   0   0   0   0   0   0 | Tyr TAT   0   0   0   0   0   0 | Cys TGT   0   0   0   0   0   0
    TTC   0   0   0   0   0   0 |     TCC   0   0   0   0   0   0 |     TAC   0   0   0   0   0   0 |     TGC   0   0   0   0   0   0
Leu TTA   0   0   0   0   0   0 |     TCA   0   0   0   0   0   0 | *** TAA   0   0   0   0   0   0 | *** TGA   0   0   0   0   0   0
    TTG   0   0   0   0   0   0 |     TCG   0   0   0   0   0   0 |     TAG   0   0   0   0   0   0 | Trp TGG   0   0   0   0   0   0
--------------------------------------------------------------------------------------------------------------------------------------
Leu CTT   0   0   0   0   0   0 | Pro CCT   0   0   0   0   0   0 | His CAT   0   0   0   0   0   0 | Arg CGT   0   0   0   0   0   0
    CTC   1   1   1   1   1   1 |     CCC   1   1   1   1   1   1 |     CAC   0   0   0   0   0   0 |     CGC   0   0   0   0   0   0
    CTA   0   0   0   0   0   0 |     CCA   0   0   0   0   0   0 | Gln CAA   1   1   1   1   1   1 |     CGA   0   0   0   0   0   0
    CTG   1   1   1   1   1   1 |     CCG   0   0   0   0   0   0 |     CAG   2   2   2   2   2   2 |     CGG   1   1   1   1   1   1
--------------------------------------------------------------------------------------------------------------------------------------
Ile ATT   1   1   1   1   1   1 | Thr ACT   0   0   0   0   0   0 | Asn AAT   0   0   0   0   0   0 | Ser AGT   0   0   0   0   0   0
    ATC   1   1   1   1   1   1 |     ACC   1   1   1   1   1   1 |     AAC   2   2   2   2   2   2 |     AGC   0   0   0   0   0   0
    ATA   0   0   0   0   0   0 |     ACA   2   2   2   2   2   1 | Lys AAA   2   2   2   2   3   2 | Arg AGA   0   0   0   0   0   0
Met ATG   0   0   0   0   0   0 |     ACG   0   0   0   0   0   1 |     AAG   1   1   1   1   0   1 |     AGG   0   0   0   0   0   0
--------------------------------------------------------------------------------------------------------------------------------------
Val GTT   0   0   0   0   0   0 | Ala GCT   0   0   0   0   0   0 | Asp GAT   0   0   0   0   0   0 | Gly GGT   0   1   0   0   0   0
    GTC   1   1   1   1   1   1 |     GCC   0   0   0   0   0   0 |     GAC   2   2   2   2   2   2 |     GGC   1   0   1   1   1   1
    GTA   0   0   0   0   0   0 |     GCA   1   1   1   1   1   1 | Glu GAA   1   1   1   1   1   1 |     GGA   0   0   0   0   0   0
    GTG   2   2   2   2   2   2 |     GCG   0   0   0   0   0   0 |     GAG   1   1   1   1   1   1 |     GGG   1   1   1   1   1   1
--------------------------------------------------------------------------------------------------------------------------------------

--------------------------------------------------------------------------------------------------------------------------------------
Phe TTT   0   0   0   0   0   0 | Ser TCT   0   0   0   0   0   0 | Tyr TAT   0   0   0   0   0   0 | Cys TGT   0   0   0   0   0   0
    TTC   0   0   0   0   0   0 |     TCC   0   0   0   0   0   0 |     TAC   0   0   0   0   0   0 |     TGC   0   0   0   0   0   0
Leu TTA   0   0   0   0   0   0 |     TCA   0   0   0   0   0   0 | *** TAA   0   0   0   0   0   0 | *** TGA   0   0   0   0   0   0
    TTG   0   0   0   0   0   0 |     TCG   0   0   0   0   0   0 |     TAG   0   0   0   0   0   0 | Trp TGG   0   0   0   0   0   0
--------------------------------------------------------------------------------------------------------------------------------------
Leu CTT   0   0   0   0   0   0 | Pro CCT   0   0   0   0   0   0 | His CAT   0   0   0   0   0   0 | Arg CGT   0   0   0   0   0   0
    CTC   1   1   1   1   1   1 |     CCC   1   1   1   1   1   1 |     CAC   0   0   0   0   0   0 |     CGC   0   0   0   0   0   0
    CTA   0   0   0   0   0   0 |     CCA   0   0   0   0   0   0 | Gln CAA   1   1   1   1   1   1 |     CGA   0   0   0   0   0   0
    CTG   1   1   1   1   1   1 |     CCG   0   0   0   0   0   0 |     CAG   2   2   2   2   2   2 |     CGG   1   1   1   1   1   1
--------------------------------------------------------------------------------------------------------------------------------------
Ile ATT   1   1   1   1   1   2 | Thr ACT   0   0   0   0   0   0 | Asn AAT   0   0   0   0   0   0 | Ser AGT   0   0   0   0   0   0
    ATC   1   1   1   1   1   0 |     ACC   1   1   1   1   1   1 |     AAC   2   2   2   2   2   2 |     AGC   0   0   0   0   0   0
    ATA   0   0   0   0   0   0 |     ACA   2   2   2   2   2   2 | Lys AAA   2   3   2   2   2   2 | Arg AGA   0   0   0   0   0   0
Met ATG   0   0   0   0   0   0 |     ACG   0   0   0   0   0   0 |     AAG   1   0   1   1   1   1 |     AGG   0   0   0   0   0   0
--------------------------------------------------------------------------------------------------------------------------------------
Val GTT   0   0   0   0   1   0 | Ala GCT   0   0   0   0   0   0 | Asp GAT   0   0   0   0   0   0 | Gly GGT   0   0   0   0   1   0
    GTC   1   1   1   1   1   1 |     GCC   0   0   0   0   0   0 |     GAC   2   2   2   2   2   2 |     GGC   1   1   1   1   0   1
    GTA   0   0   0   0   0   0 |     GCA   1   1   1   1   1   1 | Glu GAA   1   1   1   1   1   1 |     GGA   0   0   0   0   0   0
    GTG   2   2   2   2   1   2 |     GCG   0   0   0   0   0   0 |     GAG   1   1   1   1   1   1 |     GGG   1   1   1   1   1   1
--------------------------------------------------------------------------------------------------------------------------------------

--------------------------------------------------------------------------------------------------------------------------------------
Phe TTT   0   0   0   0   0   0 | Ser TCT   0   0   0   0   0   0 | Tyr TAT   0   0   0   0   0   0 | Cys TGT   0   0   0   0   0   0
    TTC   0   0   0   0   0   0 |     TCC   0   0   0   0   0   0 |     TAC   0   0   0   0   0   0 |     TGC   0   0   0   0   0   0
Leu TTA   0   0   0   0   0   0 |     TCA   0   0   0   0   0   0 | *** TAA   0   0   0   0   0   0 | *** TGA   0   0   0   0   0   0
    TTG   0   0   0   0   0   0 |     TCG   0   0   0   0   0   0 |     TAG   0   0   0   0   0   0 | Trp TGG   0   0   0   0   0   0
--------------------------------------------------------------------------------------------------------------------------------------
Leu CTT   0   0   0   0   0   0 | Pro CCT   0   0   0   0   0   0 | His CAT   0   0   0   0   0   0 | Arg CGT   0   0   0   0   0   0
    CTC   1   1   1   1   1   1 |     CCC   1   1   1   1   1   1 |     CAC   0   0   0   0   0   0 |     CGC   0   0   0   0   0   0
    CTA   0   0   0   0   0   0 |     CCA   0   0   0   0   0   0 | Gln CAA   1   1   1   1   1   1 |     CGA   0   0   0   0   0   0
    CTG   1   1   1   1   1   1 |     CCG   0   0   0   0   0   0 |     CAG   2   2   2   2   2   2 |     CGG   1   1   1   1   1   1
--------------------------------------------------------------------------------------------------------------------------------------
Ile ATT   1   1   1   1   1   1 | Thr ACT   0   0   0   0   0   0 | Asn AAT   0   0   0   0   0   0 | Ser AGT   0   0   0   0   0   0
    ATC   1   1   1   1   1   1 |     ACC   1   1   1   1   1   1 |     AAC   2   2   2   2   2   2 |     AGC   0   0   0   0   0   0
    ATA   0   0   0   0   0   0 |     ACA   2   2   2   2   2   2 | Lys AAA   2   2   2   3   2   2 | Arg AGA   0   0   0   0   0   0
Met ATG   0   0   0   0   0   0 |     ACG   0   0   0   0   0   0 |     AAG   1   1   1   0   1   1 |     AGG   0   0   0   0   0   0
--------------------------------------------------------------------------------------------------------------------------------------
Val GTT   0   0   0   0   0   0 | Ala GCT   0   0   0   0   0   0 | Asp GAT   0   0   1   0   0   0 | Gly GGT   0   0   0   0   0   0
    GTC   1   1   1   1   1   1 |     GCC   0   0   0   0   0   0 |     GAC   2   2   1   2   2   2 |     GGC   1   1   1   2   1   1
    GTA   0   0   0   0   1   0 |     GCA   1   1   1   1   1   1 | Glu GAA   1   1   1   1   1   1 |     GGA   0   0   0   0   0   0
    GTG   2   2   2   2   1   2 |     GCG   0   0   0   0   0   0 |     GAG   1   1   1   1   1   1 |     GGG   1   1   1   0   1   1
--------------------------------------------------------------------------------------------------------------------------------------

--------------------------------------------------------------------------------------------------------------------------------------
Phe TTT   0   0   0   0   0   0 | Ser TCT   0   0   0   0   0   0 | Tyr TAT   0   0   0   0   0   0 | Cys TGT   0   0   0   0   0   0
    TTC   0   0   0   0   0   0 |     TCC   0   0   0   0   0   0 |     TAC   0   0   0   0   0   0 |     TGC   0   0   0   0   0   0
Leu TTA   0   0   0   0   0   0 |     TCA   0   0   0   0   0   0 | *** TAA   0   0   0   0   0   0 | *** TGA   0   0   0   0   0   0
    TTG   0   0   0   0   0   0 |     TCG   0   0   0   0   0   0 |     TAG   0   0   0   0   0   0 | Trp TGG   0   0   0   0   0   0
--------------------------------------------------------------------------------------------------------------------------------------
Leu CTT   0   0   0   0   0   0 | Pro CCT   0   0   0   0   0   0 | His CAT   0   0   0   0   0   0 | Arg CGT   0   0   0   0   0   0
    CTC   1   1   1   1   1   1 |     CCC   1   1   1   1   1   1 |     CAC   0   0   0   0   0   0 |     CGC   0   0   0   0   0   0
    CTA   0   0   0   0   0   0 |     CCA   0   0   0   0   0   0 | Gln CAA   1   1   1   1   1   1 |     CGA   0   0   0   0   0   0
    CTG   1   1   1   1   1   1 |     CCG   0   0   0   0   0   0 |     CAG   2   2   2   2   2   2 |     CGG   1   1   1   1   1   1
--------------------------------------------------------------------------------------------------------------------------------------
Ile ATT   1   1   1   2   1   1 | Thr ACT   0   0   0   0   0   0 | Asn AAT   0   0   0   0   0   0 | Ser AGT   0   0   0   0   0   0
    ATC   1   1   1   0   1   1 |     ACC   1   1   1   1   1   1 |     AAC   2   2   2   2   2   2 |     AGC   0   0   0   0   0   0
    ATA   0   0   0   0   0   0 |     ACA   1   1   2   2   2   2 | Lys AAA   2   2   2   2   2   3 | Arg AGA   0   0   0   0   0   0
Met ATG   0   0   0   0   0   0 |     ACG   1   1   0   0   0   0 |     AAG   1   1   1   1   1   0 |     AGG   0   0   0   0   0   0
--------------------------------------------------------------------------------------------------------------------------------------
Val GTT   0   0   0   0   0   0 | Ala GCT   0   0   0   0   0   0 | Asp GAT   0   0   0   0   0   0 | Gly GGT   0   0   0   0   0   0
    GTC   2   1   1   1   1   1 |     GCC   0   0   0   0   0   0 |     GAC   2   2   2   2   2   2 |     GGC   1   1   1   0   1   1
    GTA   0   0   0   0   0   0 |     GCA   1   1   1   1   1   1 | Glu GAA   1   1   1   1   1   1 |     GGA   0   0   0   1   0   0
    GTG   1   2   2   2   2   2 |     GCG   0   0   0   0   0   0 |     GAG   1   1   1   1   1   1 |     GGG   1   1   1   1   1   1
--------------------------------------------------------------------------------------------------------------------------------------

--------------------------------------------------------------------------------------------------------------------------------------
Phe TTT   0   0   0   0   0   0 | Ser TCT   0   0   0   0   0   0 | Tyr TAT   0   0   0   0   0   0 | Cys TGT   0   0   0   0   0   0
    TTC   0   0   0   0   0   0 |     TCC   0   0   0   0   0   0 |     TAC   0   0   0   0   0   0 |     TGC   0   0   0   0   0   0
Leu TTA   0   0   0   0   0   0 |     TCA   0   0   0   0   0   0 | *** TAA   0   0   0   0   0   0 | *** TGA   0   0   0   0   0   0
    TTG   0   0   0   0   0   0 |     TCG   0   0   0   0   0   0 |     TAG   0   0   0   0   0   0 | Trp TGG   0   0   0   0   0   0
--------------------------------------------------------------------------------------------------------------------------------------
Leu CTT   0   0   0   0   0   0 | Pro CCT   0   0   0   0   0   0 | His CAT   0   0   0   0   0   0 | Arg CGT   0   0   0   0   0   0
    CTC   1   1   1   1   1   1 |     CCC   1   1   1   1   1   1 |     CAC   0   0   0   0   0   0 |     CGC   0   0   0   0   0   0
    CTA   0   0   0   0   0   0 |     CCA   0   0   0   0   0   0 | Gln CAA   1   1   1   1   1   2 |     CGA   0   0   0   0   0   0
    CTG   1   1   1   1   1   1 |     CCG   0   0   0   0   0   0 |     CAG   2   2   2   2   2   1 |     CGG   1   1   1   1   1   1
--------------------------------------------------------------------------------------------------------------------------------------
Ile ATT   2   1   1   1   1   1 | Thr ACT   0   0   0   0   0   0 | Asn AAT   0   0   0   0   0   0 | Ser AGT   0   0   0   0   0   0
    ATC   0   1   1   1   1   1 |     ACC   1   1   1   1   1   1 |     AAC   2   2   2   2   2   2 |     AGC   0   0   0   0   0   0
    ATA   0   0   0   0   0   0 |     ACA   2   2   1   2   2   2 | Lys AAA   2   3   2   2   2   2 | Arg AGA   0   0   0   0   0   0
Met ATG   0   0   0   0   0   0 |     ACG   0   0   1   0   0   0 |     AAG   1   0   1   1   1   1 |     AGG   0   0   0   0   0   0
--------------------------------------------------------------------------------------------------------------------------------------
Val GTT   0   0   0   0   0   0 | Ala GCT   0   0   0   0   0   0 | Asp GAT   0   0   0   0   0   0 | Gly GGT   0   0   0   0   1   0
    GTC   1   1   1   1   1   1 |     GCC   0   0   0   0   0   0 |     GAC   2   2   2   2   2   2 |     GGC   1   1   1   1   0   1
    GTA   0   0   0   0   0   0 |     GCA   1   1   1   1   1   1 | Glu GAA   1   1   1   1   1   1 |     GGA   0   0   0   0   0   0
    GTG   2   2   2   2   2   2 |     GCG   0   0   0   0   0   0 |     GAG   1   1   1   1   1   1 |     GGG   1   1   1   1   1   1
--------------------------------------------------------------------------------------------------------------------------------------

--------------------------------------------------------------------------------------------------------------------------------------
Phe TTT   0   0   0   0   0   0 | Ser TCT   0   0   0   0   0   0 | Tyr TAT   0   0   0   0   0   0 | Cys TGT   0   0   0   0   0   0
    TTC   0   0   0   0   0   0 |     TCC   0   0   0   0   0   0 |     TAC   0   0   0   0   0   0 |     TGC   0   0   0   0   0   0
Leu TTA   0   0   0   0   0   0 |     TCA   0   0   0   0   0   0 | *** TAA   0   0   0   0   0   0 | *** TGA   0   0   0   0   0   0
    TTG   0   0   0   0   0   0 |     TCG   0   0   0   0   0   0 |     TAG   0   0   0   0   0   0 | Trp TGG   0   0   0   0   0   0
--------------------------------------------------------------------------------------------------------------------------------------
Leu CTT   0   0   0   0   0   0 | Pro CCT   0   0   0   0   0   0 | His CAT   0   0   0   0   0   0 | Arg CGT   0   0   0   0   0   0
    CTC   1   1   1   1   1   1 |     CCC   1   1   1   1   1   1 |     CAC   0   0   0   0   0   0 |     CGC   0   0   0   0   0   0
    CTA   0   0   0   0   0   0 |     CCA   0   0   0   0   0   0 | Gln CAA   1   1   1   1   1   1 |     CGA   0   0   0   0   0   0
    CTG   1   1   1   1   1   1 |     CCG   0   0   0   0   0   0 |     CAG   2   2   2   2   2   2 |     CGG   1   1   1   1   1   1
--------------------------------------------------------------------------------------------------------------------------------------
Ile ATT   2   1   1   1   1   1 | Thr ACT   0   0   0   0   0   0 | Asn AAT   0   0   0   0   0   0 | Ser AGT   0   0   0   0   0   0
    ATC   0   1   1   1   1   1 |     ACC   1   1   1   1   1   1 |     AAC   2   2   2   2   2   2 |     AGC   0   0   0   0   0   0
    ATA   0   0   0   0   0   0 |     ACA   2   2   2   2   2   1 | Lys AAA   2   3   2   2   2   2 | Arg AGA   0   0   0   0   0   0
Met ATG   0   0   0   0   0   0 |     ACG   0   0   0   0   0   1 |     AAG   1   0   1   1   1   1 |     AGG   0   0   0   0   0   0
--------------------------------------------------------------------------------------------------------------------------------------
Val GTT   0   0   0   0   0   0 | Ala GCT   0   0   0   0   0   0 | Asp GAT   0   0   0   0   0   0 | Gly GGT   0   0   0   0   0   0
    GTC   1   1   1   1   1   1 |     GCC   0   0   0   0   0   0 |     GAC   2   2   2   2   2   2 |     GGC   1   1   1   1   1   1
    GTA   0   0   0   0   0   0 |     GCA   1   1   1   1   1   1 | Glu GAA   1   2   2   1   1   1 |     GGA   0   0   0   0   0   0
    GTG   2   2   2   2   2   2 |     GCG   0   0   0   0   0   0 |     GAG   1   0   0   1   1   1 |     GGG   1   1   1   1   1   1
--------------------------------------------------------------------------------------------------------------------------------------

--------------------------------------------------------------------------------------------------------------------------------------
Phe TTT   0   0   0   0   0   0 | Ser TCT   0   0   0   0   0   0 | Tyr TAT   0   0   0   0   0   0 | Cys TGT   0   0   0   0   0   0
    TTC   0   0   0   0   0   0 |     TCC   0   0   0   0   0   0 |     TAC   0   0   0   0   0   0 |     TGC   0   0   0   0   0   0
Leu TTA   0   0   0   0   0   0 |     TCA   0   0   0   0   0   0 | *** TAA   0   0   0   0   0   0 | *** TGA   0   0   0   0   0   0
    TTG   0   0   0   0   0   0 |     TCG   0   0   0   0   0   0 |     TAG   0   0   0   0   0   0 | Trp TGG   0   0   0   0   0   0
--------------------------------------------------------------------------------------------------------------------------------------
Leu CTT   0   0   0   0   0   0 | Pro CCT   0   0   0   0   0   0 | His CAT   0   0   0   0   0   0 | Arg CGT   0   0   0   0   0   0
    CTC   1   1   1   1   1   1 |     CCC   1   1   1   1   1   1 |     CAC   0   0   0   0   0   0 |     CGC   0   0   0   0   0   0
    CTA   0   0   0   0   0   0 |     CCA   0   0   0   0   0   0 | Gln CAA   1   1   1   1   1   1 |     CGA   0   0   0   0   0   0
    CTG   1   1   1   1   1   1 |     CCG   0   0   0   0   0   0 |     CAG   2   2   2   2   2   2 |     CGG   1   1   1   1   1   1
--------------------------------------------------------------------------------------------------------------------------------------
Ile ATT   2   2   1   1   1   1 | Thr ACT   0   0   0   0   0   0 | Asn AAT   0   0   0   0   0   0 | Ser AGT   0   0   0   0   0   0
    ATC   0   0   1   1   1   1 |     ACC   1   1   1   1   1   1 |     AAC   2   2   2   2   2   2 |     AGC   0   0   0   0   0   0
    ATA   0   0   0   0   0   0 |     ACA   1   2   1   1   2   2 | Lys AAA   2   2   2   2   3   2 | Arg AGA   0   0   0   0   0   0
Met ATG   0   0   0   0   0   0 |     ACG   1   0   1   1   0   0 |     AAG   1   1   1   1   0   1 |     AGG   0   0   0   0   0   0
--------------------------------------------------------------------------------------------------------------------------------------
Val GTT   0   0   0   0   0   0 | Ala GCT   0   0   0   0   0   0 | Asp GAT   0   0   0   0   0   0 | Gly GGT   1   0   0   0   0   0
    GTC   2   1   1   1   1   1 |     GCC   0   0   0   0   0   0 |     GAC   2   2   2   2   2   2 |     GGC   0   1   1   1   1   1
    GTA   0   0   0   0   0   0 |     GCA   1   1   1   1   1   1 | Glu GAA   1   1   1   1   2   1 |     GGA   0   0   0   0   0   0
    GTG   1   2   2   2   2   2 |     GCG   0   0   0   0   0   0 |     GAG   1   1   1   1   0   1 |     GGG   1   1   1   1   1   1
--------------------------------------------------------------------------------------------------------------------------------------

--------------------------------------------------------------------------------------------------------------------------------------
Phe TTT   0   0   0   0   0   0 | Ser TCT   0   0   0   0   0   0 | Tyr TAT   0   0   0   0   0   0 | Cys TGT   0   0   0   0   0   0
    TTC   0   0   0   0   0   0 |     TCC   0   0   0   0   0   0 |     TAC   0   0   0   0   0   0 |     TGC   0   0   0   0   0   0
Leu TTA   0   0   0   0   0   0 |     TCA   0   0   0   0   0   0 | *** TAA   0   0   0   0   0   0 | *** TGA   0   0   0   0   0   0
    TTG   0   0   0   0   0   0 |     TCG   0   0   0   0   0   0 |     TAG   0   0   0   0   0   0 | Trp TGG   0   0   0   0   0   0
--------------------------------------------------------------------------------------------------------------------------------------
Leu CTT   0   0   0   0   0   0 | Pro CCT   0   0   0   0   0   0 | His CAT   0   0   0   0   0   0 | Arg CGT   0   0   0   0   0   0
    CTC   1   1   1   1   1   1 |     CCC   1   1   1   1   1   1 |     CAC   0   0   0   0   0   0 |     CGC   0   0   0   0   0   0
    CTA   0   0   0   0   0   0 |     CCA   0   0   0   0   0   0 | Gln CAA   1   1   1   1   1   1 |     CGA   0   0   0   0   0   0
    CTG   1   1   1   1   1   1 |     CCG   0   0   0   0   0   0 |     CAG   2   2   2   2   2   2 |     CGG   1   1   1   1   1   1
--------------------------------------------------------------------------------------------------------------------------------------
Ile ATT   1   1   1   2   1   1 | Thr ACT   0   0   0   0   0   0 | Asn AAT   0   0   0   0   0   0 | Ser AGT   0   0   0   0   0   0
    ATC   1   1   1   0   1   1 |     ACC   1   1   1   1   1   1 |     AAC   2   2   2   2   2   2 |     AGC   0   0   0   0   0   0
    ATA   0   0   0   0   0   0 |     ACA   2   2   2   2   2   2 | Lys AAA   2   2   2   2   3   3 | Arg AGA   0   0   0   0   0   0
Met ATG   0   0   0   0   0   0 |     ACG   0   0   0   0   0   0 |     AAG   1   1   1   1   0   0 |     AGG   0   0   0   0   0   0
--------------------------------------------------------------------------------------------------------------------------------------
Val GTT   0   0   0   0   0   0 | Ala GCT   0   0   0   0   0   0 | Asp GAT   0   0   0   0   0   0 | Gly GGT   0   0   0   1   1   0
    GTC   1   1   1   1   1   1 |     GCC   0   0   0   0   0   0 |     GAC   2   2   2   2   2   2 |     GGC   1   1   1   0   0   1
    GTA   0   0   0   0   0   0 |     GCA   1   1   1   1   1   1 | Glu GAA   1   1   1   1   1   1 |     GGA   0   0   0   0   0   0
    GTG   2   2   2   2   2   2 |     GCG   0   0   0   0   0   0 |     GAG   1   1   1   1   1   1 |     GGG   1   1   1   1   1   1
--------------------------------------------------------------------------------------------------------------------------------------

Codon position x base (3x4) table for each sequence.

#1: Argali         
position  1:    T:0.00000    C:0.25926    A:0.37037    G:0.37037
position  2:    T:0.25926    C:0.18519    A:0.44444    G:0.11111
position  3:    T:0.07407    C:0.33333    A:0.25926    G:0.33333
Average         T:0.11111    C:0.25926    A:0.35802    G:0.27160

#2: LesserMouseDeer
position  1:    T:0.00000    C:0.25926    A:0.37037    G:0.37037
position  2:    T:0.25926    C:0.18519    A:0.44444    G:0.11111
position  3:    T:0.03704    C:0.37037    A:0.22222    G:0.37037
Average         T:0.09877    C:0.27160    A:0.34568    G:0.28395

#3: LesserKudu     
position  1:    T:0.00000    C:0.25926    A:0.37037    G:0.37037
position  2:    T:0.25926    C:0.18519    A:0.44444    G:0.11111
position  3:    T:0.03704    C:0.37037    A:0.29630    G:0.29630
Average         T:0.09877    C:0.27160    A:0.37037    G:0.25926

#4: ForestMuskDeer2
position  1:    T:0.00000    C:0.25926    A:0.37037    G:0.37037
position  2:    T:0.25926    C:0.18519    A:0.44444    G:0.11111
position  3:    T:0.11111    C:0.29630    A:0.25926    G:0.33333
Average         T:0.12346    C:0.24691    A:0.35802    G:0.27160

#5: Camel          
position  1:    T:0.00000    C:0.25926    A:0.37037    G:0.37037
position  2:    T:0.25926    C:0.18519    A:0.44444    G:0.11111
position  3:    T:0.07407    C:0.33333    A:0.33333    G:0.25926
Average         T:0.11111    C:0.25926    A:0.38272    G:0.24691

#6: KillerWhale    
position  1:    T:0.00000    C:0.25926    A:0.37037    G:0.37037
position  2:    T:0.25926    C:0.18519    A:0.44444    G:0.11111
position  3:    T:0.11111    C:0.29630    A:0.29630    G:0.29630
Average         T:0.12346    C:0.24691    A:0.37037    G:0.25926

#7: DefassaWaterbuck
position  1:    T:0.00000    C:0.25926    A:0.37037    G:0.37037
position  2:    T:0.25926    C:0.18519    A:0.44444    G:0.11111
position  3:    T:0.03704    C:0.37037    A:0.25926    G:0.33333
Average         T:0.09877    C:0.27160    A:0.35802    G:0.27160

#8: Sheep          
position  1:    T:0.00000    C:0.25926    A:0.37037    G:0.37037
position  2:    T:0.25926    C:0.18519    A:0.44444    G:0.11111
position  3:    T:0.07407    C:0.33333    A:0.25926    G:0.33333
Average         T:0.11111    C:0.25926    A:0.35802    G:0.27160

#9: MaxwellsDuiker 
position  1:    T:0.00000    C:0.25926    A:0.37037    G:0.37037
position  2:    T:0.25926    C:0.18519    A:0.44444    G:0.11111
position  3:    T:0.03704    C:0.37037    A:0.25926    G:0.33333
Average         T:0.09877    C:0.27160    A:0.35802    G:0.27160

#10: GazellaPrzewalskyi
position  1:    T:0.00000    C:0.25926    A:0.37037    G:0.37037
position  2:    T:0.25926    C:0.18519    A:0.44444    G:0.11111
position  3:    T:0.03704    C:0.37037    A:0.25926    G:0.33333
Average         T:0.09877    C:0.27160    A:0.35802    G:0.27160

#11: MountainNyala  
position  1:    T:0.00000    C:0.25926    A:0.37037    G:0.37037
position  2:    T:0.25926    C:0.18519    A:0.44444    G:0.11111
position  3:    T:0.03704    C:0.37037    A:0.29630    G:0.29630
Average         T:0.09877    C:0.27160    A:0.37037    G:0.25926

#12: MuntiacusMuntjak
position  1:    T:0.00000    C:0.25926    A:0.37037    G:0.37037
position  2:    T:0.25926    C:0.18519    A:0.44444    G:0.11111
position  3:    T:0.03704    C:0.37037    A:0.22222    G:0.37037
Average         T:0.09877    C:0.27160    A:0.34568    G:0.28395

#13: goat           
position  1:    T:0.00000    C:0.25926    A:0.37037    G:0.37037
position  2:    T:0.25926    C:0.18519    A:0.44444    G:0.11111
position  3:    T:0.03704    C:0.37037    A:0.25926    G:0.33333
Average         T:0.09877    C:0.27160    A:0.35802    G:0.27160

#14: AfricanBuffalo 
position  1:    T:0.00000    C:0.25926    A:0.37037    G:0.37037
position  2:    T:0.25926    C:0.18519    A:0.44444    G:0.11111
position  3:    T:0.03704    C:0.37037    A:0.29630    G:0.29630
Average         T:0.09877    C:0.27160    A:0.37037    G:0.25926

#15: Topi           
position  1:    T:0.00000    C:0.25926    A:0.37037    G:0.37037
position  2:    T:0.25926    C:0.18519    A:0.44444    G:0.11111
position  3:    T:0.03704    C:0.37037    A:0.25926    G:0.33333
Average         T:0.09877    C:0.27160    A:0.35802    G:0.27160

#16: CommonDuiker   
position  1:    T:0.00000    C:0.25926    A:0.37037    G:0.37037
position  2:    T:0.25926    C:0.18519    A:0.44444    G:0.11111
position  3:    T:0.03704    C:0.37037    A:0.25926    G:0.33333
Average         T:0.09877    C:0.27160    A:0.35802    G:0.27160

#17: Suni           
position  1:    T:0.00000    C:0.25926    A:0.37037    G:0.37037
position  2:    T:0.25926    C:0.18519    A:0.44444    G:0.11111
position  3:    T:0.11111    C:0.33333    A:0.25926    G:0.29630
Average         T:0.12346    C:0.25926    A:0.35802    G:0.25926

#18: Springbuck     
position  1:    T:0.00000    C:0.25926    A:0.37037    G:0.37037
position  2:    T:0.25926    C:0.18519    A:0.44444    G:0.11111
position  3:    T:0.07407    C:0.33333    A:0.25926    G:0.33333
Average         T:0.11111    C:0.25926    A:0.35802    G:0.27160

#19: Okapi          
position  1:    T:0.00000    C:0.25926    A:0.37037    G:0.37037
position  2:    T:0.25926    C:0.18519    A:0.44444    G:0.11111
position  3:    T:0.03704    C:0.37037    A:0.25926    G:0.33333
Average         T:0.09877    C:0.27160    A:0.35802    G:0.27160

#20: Giraffe        
position  1:    T:0.00000    C:0.25926    A:0.37037    G:0.37037
position  2:    T:0.25926    C:0.18519    A:0.44444    G:0.11111
position  3:    T:0.03704    C:0.37037    A:0.25926    G:0.33333
Average         T:0.09877    C:0.27160    A:0.35802    G:0.27160

#21: TibetanAntelope
position  1:    T:0.00000    C:0.25926    A:0.37037    G:0.37037
position  2:    T:0.25926    C:0.18519    A:0.44444    G:0.11111
position  3:    T:0.07407    C:0.33333    A:0.25926    G:0.33333
Average         T:0.11111    C:0.25926    A:0.35802    G:0.27160

#22: Sitatunga      
position  1:    T:0.00000    C:0.25926    A:0.37037    G:0.37037
position  2:    T:0.25926    C:0.18519    A:0.44444    G:0.11111
position  3:    T:0.03704    C:0.40741    A:0.29630    G:0.25926
Average         T:0.09877    C:0.28395    A:0.37037    G:0.24691

#23: Oribi          
position  1:    T:0.00000    C:0.25926    A:0.37037    G:0.37037
position  2:    T:0.25926    C:0.18519    A:0.44444    G:0.11111
position  3:    T:0.03704    C:0.37037    A:0.29630    G:0.29630
Average         T:0.09877    C:0.27160    A:0.37037    G:0.25926

#24: BarbarySheep   
position  1:    T:0.00000    C:0.25926    A:0.37037    G:0.37037
position  2:    T:0.25926    C:0.18519    A:0.44444    G:0.11111
position  3:    T:0.03704    C:0.37037    A:0.25926    G:0.33333
Average         T:0.09877    C:0.27160    A:0.35802    G:0.27160

#25: Daviddeer      
position  1:    T:0.00000    C:0.25926    A:0.37037    G:0.37037
position  2:    T:0.25926    C:0.18519    A:0.44444    G:0.11111
position  3:    T:0.03704    C:0.40741    A:0.22222    G:0.33333
Average         T:0.09877    C:0.28395    A:0.34568    G:0.27160

#26: Reindeer       
position  1:    T:0.00000    C:0.25926    A:0.37037    G:0.37037
position  2:    T:0.25926    C:0.18519    A:0.44444    G:0.11111
position  3:    T:0.03704    C:0.37037    A:0.22222    G:0.37037
Average         T:0.09877    C:0.27160    A:0.34568    G:0.28395

#27: Ibex           
position  1:    T:0.00000    C:0.25926    A:0.37037    G:0.37037
position  2:    T:0.25926    C:0.18519    A:0.44444    G:0.11111
position  3:    T:0.03704    C:0.37037    A:0.25926    G:0.33333
Average         T:0.09877    C:0.27160    A:0.35802    G:0.27160

#28: GyrantGazelle  
position  1:    T:0.00000    C:0.25926    A:0.37037    G:0.37037
position  2:    T:0.25926    C:0.18519    A:0.44444    G:0.11111
position  3:    T:0.07407    C:0.29630    A:0.29630    G:0.33333
Average         T:0.11111    C:0.24691    A:0.37037    G:0.27160

#29: Hartebeest     
position  1:    T:0.00000    C:0.25926    A:0.37037    G:0.37037
position  2:    T:0.25926    C:0.18519    A:0.44444    G:0.11111
position  3:    T:0.03704    C:0.37037    A:0.25926    G:0.33333
Average         T:0.09877    C:0.27160    A:0.35802    G:0.27160

#30: Bongo          
position  1:    T:0.00000    C:0.25926    A:0.37037    G:0.37037
position  2:    T:0.25926    C:0.18519    A:0.44444    G:0.11111
position  3:    T:0.03704    C:0.37037    A:0.29630    G:0.29630
Average         T:0.09877    C:0.27160    A:0.37037    G:0.25926

#31: Gerenuk        
position  1:    T:0.00000    C:0.25926    A:0.37037    G:0.37037
position  2:    T:0.25926    C:0.18519    A:0.44444    G:0.11111
position  3:    T:0.07407    C:0.33333    A:0.25926    G:0.33333
Average         T:0.11111    C:0.25926    A:0.35802    G:0.27160

#32: CommonEland    
position  1:    T:0.00000    C:0.25926    A:0.37037    G:0.37037
position  2:    T:0.25926    C:0.18519    A:0.44444    G:0.11111
position  3:    T:0.03704    C:0.37037    A:0.29630    G:0.29630
Average         T:0.09877    C:0.27160    A:0.37037    G:0.25926

#33: MuntiacusReevesi
position  1:    T:0.00000    C:0.25926    A:0.37037    G:0.37037
position  2:    T:0.25926    C:0.18519    A:0.44444    G:0.11111
position  3:    T:0.03704    C:0.37037    A:0.22222    G:0.37037
Average         T:0.09877    C:0.27160    A:0.34568    G:0.28395

#34: HarveysDuiker  
position  1:    T:0.00000    C:0.25926    A:0.37037    G:0.37037
position  2:    T:0.25926    C:0.18519    A:0.44444    G:0.11111
position  3:    T:0.03704    C:0.37037    A:0.25926    G:0.33333
Average         T:0.09877    C:0.27160    A:0.35802    G:0.27160

#35: Pronghorn      
position  1:    T:0.00000    C:0.25926    A:0.37037    G:0.37037
position  2:    T:0.25926    C:0.18519    A:0.44444    G:0.11111
position  3:    T:0.07407    C:0.33333    A:0.25926    G:0.33333
Average         T:0.11111    C:0.25926    A:0.35802    G:0.27160

#36: BlueWildebeest 
position  1:    T:0.00000    C:0.25926    A:0.37037    G:0.37037
position  2:    T:0.25926    C:0.18519    A:0.44444    G:0.11111
position  3:    T:0.03704    C:0.37037    A:0.29630    G:0.29630
Average         T:0.09877    C:0.27160    A:0.37037    G:0.25926

#37: Gemsbok        
position  1:    T:0.00000    C:0.25926    A:0.37037    G:0.37037
position  2:    T:0.25926    C:0.18519    A:0.44444    G:0.11111
position  3:    T:0.07407    C:0.33333    A:0.25926    G:0.33333
Average         T:0.11111    C:0.25926    A:0.35802    G:0.27160

#38: Yak            
position  1:    T:0.00000    C:0.25926    A:0.37037    G:0.37037
position  2:    T:0.25926    C:0.18519    A:0.44444    G:0.11111
position  3:    T:0.03704    C:0.37037    A:0.33333    G:0.25926
Average         T:0.09877    C:0.27160    A:0.38272    G:0.24691

#39: BlueSheep      
position  1:    T:0.00000    C:0.25926    A:0.37037    G:0.37037
position  2:    T:0.25926    C:0.18519    A:0.44444    G:0.11111
position  3:    T:0.03704    C:0.37037    A:0.29630    G:0.29630
Average         T:0.09877    C:0.27160    A:0.37037    G:0.25926

#40: BohorReedbuck  
position  1:    T:0.00000    C:0.25926    A:0.37037    G:0.37037
position  2:    T:0.25926    C:0.18519    A:0.44444    G:0.11111
position  3:    T:0.03704    C:0.37037    A:0.25926    G:0.33333
Average         T:0.09877    C:0.27160    A:0.35802    G:0.27160

#41: KirksDik       
position  1:    T:0.00000    C:0.25926    A:0.37037    G:0.37037
position  2:    T:0.25926    C:0.18519    A:0.44444    G:0.11111
position  3:    T:0.03704    C:0.37037    A:0.25926    G:0.33333
Average         T:0.09877    C:0.27160    A:0.35802    G:0.27160

#42: RoeDeer        
position  1:    T:0.00000    C:0.25926    A:0.37037    G:0.37037
position  2:    T:0.25926    C:0.18519    A:0.44444    G:0.11111
position  3:    T:0.03704    C:0.37037    A:0.22222    G:0.37037
Average         T:0.09877    C:0.27160    A:0.34568    G:0.28395

#43: WhiteLippedDeer
position  1:    T:0.00000    C:0.25926    A:0.37037    G:0.37037
position  2:    T:0.25926    C:0.18519    A:0.44444    G:0.11111
position  3:    T:0.11111    C:0.33333    A:0.22222    G:0.33333
Average         T:0.12346    C:0.25926    A:0.34568    G:0.27160

#44: ThomsonGazelle 
position  1:    T:0.00000    C:0.25926    A:0.37037    G:0.37037
position  2:    T:0.25926    C:0.18519    A:0.44444    G:0.11111
position  3:    T:0.07407    C:0.33333    A:0.25926    G:0.33333
Average         T:0.11111    C:0.25926    A:0.35802    G:0.27160

#45: MuntiacusCrinifrons
position  1:    T:0.00000    C:0.25926    A:0.37037    G:0.37037
position  2:    T:0.25926    C:0.18519    A:0.44444    G:0.11111
position  3:    T:0.03704    C:0.37037    A:0.22222    G:0.37037
Average         T:0.09877    C:0.27160    A:0.34568    G:0.28395

#46: WhiteTailedDeer
position  1:    T:0.00000    C:0.25926    A:0.37037    G:0.37037
position  2:    T:0.25926    C:0.18519    A:0.44444    G:0.11111
position  3:    T:0.03704    C:0.37037    A:0.22222    G:0.37037
Average         T:0.09877    C:0.27160    A:0.34568    G:0.28395

#47: Cattle         
position  1:    T:0.00000    C:0.25926    A:0.37037    G:0.37037
position  2:    T:0.25926    C:0.18519    A:0.44444    G:0.11111
position  3:    T:0.03704    C:0.37037    A:0.33333    G:0.25926
Average         T:0.09877    C:0.27160    A:0.38272    G:0.24691

#48: RoyalAntelope  
position  1:    T:0.00000    C:0.25926    A:0.37037    G:0.37037
position  2:    T:0.25926    C:0.18519    A:0.44444    G:0.11111
position  3:    T:0.03704    C:0.37037    A:0.25926    G:0.33333
Average         T:0.09877    C:0.27160    A:0.35802    G:0.27160

#49: Steenbok       
position  1:    T:0.00000    C:0.25926    A:0.37037    G:0.37037
position  2:    T:0.25926    C:0.18519    A:0.44444    G:0.11111
position  3:    T:0.03704    C:0.37037    A:0.25926    G:0.33333
Average         T:0.09877    C:0.27160    A:0.35802    G:0.27160

#50: Impala         
position  1:    T:0.00000    C:0.25926    A:0.37037    G:0.37037
position  2:    T:0.25926    C:0.18519    A:0.44444    G:0.11111
position  3:    T:0.03704    C:0.37037    A:0.25926    G:0.33333
Average         T:0.09877    C:0.27160    A:0.35802    G:0.27160

#51: Klipspringer   
position  1:    T:0.00000    C:0.25926    A:0.37037    G:0.37037
position  2:    T:0.25926    C:0.18519    A:0.44444    G:0.11111
