1
52 1
Argali 0.000000 0.413000 0.071900 0.312700 0.103900 0.000000 0.051200 0.082500 0.082600 0.144500 0.030700 0.089300 0.048200 0.067500 0.093500 0.071900 0.122700 0.114400 0.041700 0.089300 0.065200 0.022200 0.135300 0.157700 0.031600 0.085200 0.051600 0.082300 0.068700 0.089400 0.140400 0.061100 0.141500 0.054600 0.048100 0.075800 0.024500 0.111200 0.051400 0.138500 0.134700 0.075100 0.149300 0.146700 0.075800 0.064300 0.071300 0.096000 0.093800 0.131400 0.079200 0.079600
LesserMous 0.413000 0.000000 0.378700 0.441400 0.384300 0.413000 0.392700 0.425700 0.370000 0.427900 0.420700 0.379600 0.409200 0.411300 0.397200 0.374500 0.414100 0.387300 0.396000 0.366000 0.394100 0.416600 0.414900 0.439600 0.422900 0.423000 0.404100 0.372700 0.392100 0.378800 0.408600 0.392500 0.414000 0.408400 0.375500 0.372800 0.422500 0.373400 0.388800 0.425700 0.417300 0.423100 0.437300 0.434200 0.371600 0.418800 0.398400 0.386700 0.401700 0.399700 0.369800 0.366700
LesserKudu 0.071900 0.378700 0.000000 0.266700 0.111500 0.071900 0.068100 0.103900 0.015700 0.152500 0.089000 0.051200 0.079000 0.091700 0.111700 0.079100 0.123200 0.122000 0.086700 0.021400 0.079200 0.086400 0.135800 0.158400 0.096100 0.092600 0.082600 0.015500 0.075800 0.022000 0.148300 0.085200 0.131000 0.085900 0.072200 0.038400 0.089000 0.118900 0.071800 0.131700 0.135300 0.089300 0.149800 0.147300 0.038400 0.081500 0.092300 0.089300 0.105000 0.110100 0.012100 0.015700
KillerWhal 0.312700 0.441400 0.266700 0.000000 0.329100 0.312700 0.287700 0.334000 0.250000 0.318600 0.311000 0.289400 0.313700 0.304100 0.320800 0.289800 0.296600 0.306300 0.341300 0.261900 0.290300 0.309900 0.296400 0.314700 0.311900 0.298100 0.309400 0.253000 0.304400 0.257700 0.308400 0.305800 0.282900 0.304100 0.294800 0.286600 0.316800 0.343800 0.293200 0.304600 0.294900 0.303900 0.316400 0.314800 0.276900 0.295900 0.287400 0.303100 0.317300 0.323600 0.258900 0.264900
DefassaWat 0.103900 0.384300 0.111500 0.329100 0.000000 0.103900 0.092700 0.130300 0.108200 0.176500 0.117900 0.130000 0.107800 0.117000 0.127200 0.115100 0.153000 0.144300 0.116100 0.115100 0.100900 0.108400 0.174400 0.198500 0.118200 0.121700 0.104400 0.107700 0.119100 0.115100 0.172100 0.110400 0.145900 0.107800 0.093700 0.108600 0.110800 0.038900 0.100200 0.178000 0.173600 0.125800 0.181700 0.178800 0.108500 0.113700 0.114100 0.111100 0.128200 0.158900 0.112000 0.112600
Sheep 0.000000 0.413000 0.071900 0.312700 0.103900 0.000000 0.051200 0.082500 0.082600 0.144500 0.030700 0.089300 0.048200 0.067500 0.093500 0.071900 0.122700 0.114400 0.039700 0.089300 0.065200 0.022200 0.135300 0.157700 0.031600 0.085200 0.051600 0.082300 0.068700 0.089400 0.140400 0.061100 0.141500 0.054600 0.048100 0.075800 0.025100 0.111200 0.051400 0.138500 0.134700 0.075100 0.149300 0.146700 0.075800 0.064300 0.071300 0.096000 0.093800 0.131400 0.079200 0.079600
MaxwellsDu 0.051200 0.392700 0.068100 0.287700 0.092700 0.051200 0.000000 0.078600 0.078700 0.136200 0.057700 0.085300 0.054600 0.021700 0.086000 0.064700 0.122100 0.120900 0.068600 0.085300 0.058100 0.054900 0.127300 0.149400 0.057800 0.071200 0.051400 0.078400 0.068300 0.085400 0.132200 0.015500 0.133300 0.048000 0.054700 0.072000 0.051100 0.107000 0.044500 0.130500 0.126800 0.068000 0.140900 0.138500 0.071900 0.054000 0.064200 0.081500 0.079200 0.119800 0.075300 0.075700
GazellaPrz 0.082500 0.425700 0.103900 0.334000 0.130300 0.082500 0.078600 0.000000 0.115300 0.173000 0.099800 0.107400 0.100300 0.102400 0.126800 0.079100 0.149500 0.148000 0.108400 0.122200 0.072400 0.090300 0.170600 0.186300 0.100000 0.092600 0.100500 0.114800 0.072400 0.122300 0.168600 0.095900 0.146300 0.103800 0.093300 0.108300 0.092800 0.153000 0.058300 0.166100 0.169900 0.082400 0.178100 0.182700 0.108200 0.092100 0.075100 0.096400 0.134700 0.154800 0.111700 0.112300
MountainNy 0.082600 0.370000 0.015700 0.250000 0.108200 0.082600 0.078700 0.115300 0.000000 0.153200 0.092900 0.061700 0.082800 0.099100 0.115800 0.086400 0.116500 0.122400 0.097800 0.012500 0.083000 0.097500 0.136400 0.166900 0.100100 0.096500 0.086500 0.006200 0.083200 0.012500 0.149000 0.096100 0.116900 0.089800 0.082900 0.041900 0.100000 0.115700 0.082500 0.139900 0.135900 0.100400 0.150500 0.147900 0.035200 0.092300 0.096200 0.089600 0.109100 0.110600 0.009400 0.012600
MuntiacusM 0.144500 0.427900 0.152500 0.318600 0.176500 0.144500 0.136200 0.173000 0.153200 0.000000 0.155200 0.164400 0.144800 0.154000 0.153800 0.145000 0.153200 0.144200 0.157800 0.164100 0.141500 0.141900 0.047700 0.078100 0.155600 0.159500 0.141300 0.156300 0.149100 0.164200 0.009400 0.136000 0.157700 0.144700 0.133700 0.142200 0.151700 0.176700 0.129300 0.064200 0.054100 0.148500 0.009500 0.068000 0.142000 0.143100 0.143900 0.163600 0.173900 0.162900 0.153200 0.154100
goat 0.030700 0.420700 0.089000 0.311000 0.117900 0.030700 0.057700 0.099800 0.092900 0.155200 0.000000 0.106700 0.061300 0.070700 0.107400 0.081900 0.136800 0.128200 0.061600 0.099600 0.078600 0.022100 0.145900 0.168500 0.006100 0.091900 0.058100 0.092500 0.071900 0.099700 0.151000 0.067600 0.141100 0.054500 0.061200 0.092700 0.018100 0.118100 0.064500 0.149100 0.145300 0.088700 0.160100 0.157400 0.085500 0.084400 0.084800 0.109800 0.100500 0.138400 0.089400 0.089900
AfricanBuf 0.089300 0.379600 0.051200 0.289400 0.130000 0.089300 0.085300 0.107400 0.061700 0.164400 0.106700 0.000000 0.096600 0.102200 0.126500 0.086000 0.137800 0.136300 0.104600 0.068000 0.089800 0.104300 0.147300 0.154900 0.114100 0.103300 0.100400 0.061200 0.082800 0.061500 0.160200 0.095700 0.142100 0.103700 0.089600 0.038500 0.106800 0.137700 0.082200 0.143100 0.146600 0.100000 0.161700 0.143800 0.038500 0.095400 0.099300 0.099900 0.112300 0.121100 0.058100 0.062000
Topi 0.048200 0.409200 0.079000 0.313700 0.107800 0.048200 0.054600 0.100300 0.082800 0.144800 0.061300 0.096600 0.000000 0.067600 0.104500 0.068400 0.130400 0.125500 0.052100 0.089500 0.068700 0.058700 0.135600 0.146900 0.061500 0.078600 0.003100 0.082500 0.072000 0.089600 0.140700 0.064600 0.138100 0.006200 0.038400 0.083000 0.061400 0.115100 0.061500 0.127900 0.138800 0.075400 0.149600 0.136000 0.075900 0.067800 0.081800 0.099800 0.097700 0.124400 0.079400 0.079800
CommonDuik 0.067500 0.411300 0.091700 0.304100 0.117000 0.067500 0.021700 0.102400 0.099100 0.154000 0.070700 0.102200 0.067600 0.000000 0.103000 0.070900 0.132000 0.130800 0.085400 0.098800 0.074600 0.071400 0.144800 0.159600 0.070800 0.087700 0.064400 0.091800 0.081300 0.098900 0.149900 0.024800 0.139700 0.060900 0.071100 0.095800 0.067400 0.124300 0.054100 0.148000 0.136800 0.084500 0.158900 0.148700 0.092200 0.070200 0.073900 0.098300 0.085600 0.140800 0.095600 0.096100
Suni 0.093500 0.397200 0.111700 0.320800 0.127200 0.093500 0.086000 0.126800 0.115800 0.153800 0.107400 0.126500 0.104500 0.103000 0.000000 0.100800 0.161100 0.152100 0.112800 0.122700 0.101200 0.097900 0.151800 0.183200 0.107700 0.114700 0.101000 0.115300 0.104600 0.122800 0.157300 0.089400 0.173100 0.104400 0.097400 0.101700 0.100400 0.134800 0.086300 0.162900 0.151100 0.111500 0.158700 0.163800 0.101500 0.085600 0.093000 0.096800 0.106000 0.163200 0.112200 0.112800
Springbuck 0.071900 0.374500 0.079100 0.289800 0.115100 0.071900 0.064700 0.079100 0.086400 0.145000 0.081900 0.086000 0.068400 0.070900 0.100800 0.000000 0.137800 0.121800 0.076200 0.093200 0.048400 0.075900 0.135700 0.150600 0.082100 0.054800 0.065100 0.086100 0.018900 0.093200 0.140800 0.068000 0.131000 0.068400 0.065300 0.083100 0.078600 0.115200 0.041500 0.124300 0.135200 0.051600 0.142200 0.139600 0.079500 0.078000 0.048000 0.078700 0.090600 0.124400 0.083000 0.083400
Okapi 0.122700 0.414100 0.123200 0.296600 0.153000 0.122700 0.122100 0.149500 0.116500 0.153200 0.136800 0.137800 0.130400 0.132000 0.161100 0.137800 0.000000 0.058900 0.134900 0.126800 0.130500 0.127400 0.136900 0.151600 0.137100 0.129700 0.126900 0.119500 0.134500 0.126800 0.149100 0.129000 0.093400 0.130300 0.116000 0.123800 0.122400 0.160700 0.115200 0.125600 0.129000 0.133700 0.150500 0.140700 0.123700 0.121600 0.136500 0.129800 0.146600 0.136700 0.123700 0.124300
Giraffe 0.114400 0.387300 0.122000 0.306300 0.144300 0.114400 0.120900 0.148000 0.122400 0.144200 0.128200 0.136300 0.125500 0.130800 0.152100 0.121800 0.058900 0.000000 0.126400 0.132700 0.114500 0.118900 0.135400 0.150100 0.128500 0.127800 0.122100 0.125400 0.118600 0.132800 0.140300 0.113700 0.116500 0.125400 0.111300 0.129800 0.114100 0.137000 0.114200 0.138700 0.134800 0.131700 0.148900 0.132100 0.129700 0.120400 0.127500 0.128600 0.145100 0.138800 0.129600 0.130300
TibetanAnt 0.041700 0.396000 0.086700 0.341300 0.116100 0.039700 0.068600 0.108400 0.097800 0.157800 0.061600 0.104600 0.052100 0.085400 0.112800 0.076200 0.134900 0.126400 0.000000 0.104600 0.076300 0.052300 0.148100 0.163600 0.061700 0.089700 0.055500 0.097400 0.079900 0.104700 0.153500 0.072000 0.158100 0.058600 0.058700 0.090900 0.054900 0.116200 0.068900 0.136400 0.147500 0.079400 0.162800 0.152400 0.090800 0.082100 0.082400 0.100700 0.105800 0.144200 0.094200 0.094800
Sitatunga 0.089300 0.366000 0.021400 0.261900 0.115100 0.089300 0.085300 0.122200 0.012500 0.164100 0.099600 0.068000 0.089500 0.098800 0.122700 0.093200 0.126800 0.132700 0.104600 0.000000 0.089700 0.104300 0.147100 0.177900 0.106900 0.103300 0.093200 0.006000 0.089900 0.012500 0.159900 0.102800 0.127200 0.096500 0.089600 0.048400 0.106800 0.122600 0.089100 0.150500 0.146500 0.107200 0.161400 0.158700 0.041700 0.099000 0.102900 0.096300 0.116000 0.121000 0.015600 0.018900
Oribi 0.065200 0.394100 0.079200 0.290300 0.100900 0.065200 0.058100 0.072400 0.083000 0.141500 0.078600 0.089800 0.068700 0.074600 0.101200 0.048400 0.130500 0.114500 0.076300 0.089700 0.000000 0.062200 0.139600 0.154900 0.078800 0.051300 0.065400 0.082600 0.048600 0.089800 0.137400 0.068100 0.127400 0.068700 0.058700 0.083300 0.071800 0.108100 0.031800 0.135500 0.139000 0.054800 0.146300 0.143700 0.083200 0.078200 0.042400 0.078800 0.101600 0.110200 0.086600 0.087100
BarbaryShe 0.022200 0.416600 0.086400 0.309900 0.108400 0.022200 0.054900 0.090300 0.097500 0.141900 0.022100 0.104300 0.058700 0.071400 0.097900 0.075900 0.127400 0.118900 0.052300 0.104300 0.062200 0.000000 0.132700 0.155200 0.022200 0.089400 0.055400 0.097100 0.072700 0.104400 0.137700 0.065000 0.146400 0.058600 0.052000 0.090100 0.022200 0.115800 0.055100 0.135900 0.132100 0.079200 0.146700 0.144100 0.090000 0.075000 0.075300 0.100300 0.098200 0.132400 0.094000 0.094500
Daviddeer 0.135300 0.414900 0.135800 0.296400 0.174400 0.135300 0.127300 0.170600 0.136400 0.047700 0.145900 0.147300 0.135600 0.144800 0.151800 0.135700 0.136900 0.135400 0.148100 0.147100 0.139600 0.132700 0.000000 0.073700 0.146200 0.149900 0.132100 0.139500 0.139700 0.147200 0.050900 0.127100 0.141100 0.135500 0.124700 0.125600 0.142400 0.174600 0.127700 0.047100 0.018400 0.139200 0.044700 0.063800 0.125400 0.134200 0.134800 0.146500 0.152400 0.153400 0.136400 0.137100
Reindeer 0.157700 0.439600 0.158400 0.314700 0.198500 0.157700 0.149400 0.186300 0.166900 0.078100 0.168500 0.154900 0.146900 0.159600 0.183200 0.150600 0.151600 0.150100 0.163600 0.177900 0.154900 0.155200 0.073700 0.000000 0.168900 0.150000 0.143400 0.170000 0.154700 0.178000 0.081300 0.141700 0.163300 0.146800 0.139500 0.148300 0.165000 0.198800 0.149900 0.050400 0.080200 0.146600 0.082000 0.021700 0.148100 0.148800 0.164600 0.169500 0.171700 0.161200 0.166900 0.167800
Ibex 0.031600 0.422900 0.096100 0.311900 0.118200 0.031600 0.057800 0.100000 0.100100 0.155600 0.006100 0.114100 0.061500 0.070800 0.107700 0.082100 0.137100 0.128500 0.061700 0.106900 0.078800 0.022200 0.146200 0.168900 0.000000 0.092100 0.058200 0.099700 0.078900 0.106900 0.151400 0.067800 0.148700 0.054600 0.061300 0.100000 0.018300 0.125600 0.064700 0.149400 0.145600 0.088900 0.160500 0.157800 0.092700 0.084600 0.085000 0.110100 0.100800 0.146000 0.096600 0.097100
GyrantGaze 0.085200 0.423000 0.092600 0.298100 0.121700 0.085200 0.071200 0.092600 0.096500 0.159500 0.091900 0.103300 0.078600 0.087700 0.114700 0.054800 0.129700 0.127800 0.089700 0.103300 0.051300 0.089400 0.149900 0.150000 0.092100 0.000000 0.075300 0.096100 0.054900 0.103300 0.155200 0.074400 0.130300 0.071700 0.071800 0.096800 0.085100 0.129200 0.051200 0.123700 0.149300 0.015200 0.156700 0.139100 0.096700 0.091400 0.057400 0.092100 0.115300 0.116600 0.100200 0.100700
Hartebeest 0.051600 0.404100 0.082600 0.309400 0.104400 0.051600 0.051400 0.100500 0.086500 0.141300 0.058100 0.100400 0.003100 0.064400 0.101000 0.065100 0.126900 0.122100 0.055500 0.093200 0.065400 0.055400 0.132100 0.143400 0.058200 0.075300 0.000000 0.086100 0.068700 0.093300 0.137200 0.061300 0.134700 0.003100 0.035200 0.086700 0.058200 0.111700 0.058200 0.124500 0.135300 0.072000 0.146000 0.132500 0.079600 0.071400 0.078500 0.096400 0.094300 0.121000 0.083000 0.083400
Bongo 0.082300 0.372700 0.015500 0.253000 0.107700 0.082300 0.078400 0.114800 0.006200 0.156300 0.092500 0.061200 0.082500 0.091800 0.115300 0.086100 0.119500 0.125400 0.097400 0.006000 0.082600 0.097100 0.139500 0.170000 0.099700 0.096100 0.086100 0.000000 0.082800 0.006200 0.152100 0.095600 0.119900 0.089400 0.082600 0.041700 0.099600 0.115200 0.082100 0.142900 0.138900 0.099900 0.153600 0.151000 0.035100 0.091900 0.095800 0.089200 0.108600 0.113600 0.009300 0.012600
Gerenuk 0.068700 0.392100 0.075800 0.304400 0.119100 0.068700 0.068300 0.072400 0.083200 0.149100 0.071900 0.082800 0.072000 0.081300 0.104600 0.018900 0.134500 0.118600 0.079900 0.089900 0.048600 0.072700 0.139700 0.154700 0.078900 0.054900 0.068700 0.082800 0.000000 0.090000 0.144900 0.071600 0.120500 0.072000 0.068900 0.079800 0.075300 0.111900 0.041600 0.128200 0.139200 0.051700 0.146300 0.143700 0.076300 0.081600 0.054700 0.078900 0.094400 0.121100 0.079700 0.080100
CommonElan 0.089400 0.378800 0.022000 0.257700 0.115100 0.089400 0.085400 0.122300 0.012500 0.164200 0.099700 0.061500 0.089600 0.098900 0.122800 0.093200 0.126800 0.132800 0.104700 0.012500 0.089800 0.104400 0.147200 0.178000 0.106900 0.103300 0.093300 0.006200 0.090000 0.000000 0.160000 0.102800 0.127400 0.096600 0.089700 0.048400 0.106900 0.122700 0.089200 0.150700 0.146600 0.107300 0.161600 0.158800 0.041700 0.099100 0.103000 0.096400 0.116000 0.121000 0.015700 0.018900
MuntiacusR 0.140400 0.408600 0.148300 0.308400 0.172100 0.140400 0.132200 0.168600 0.149000 0.009400 0.151000 0.160200 0.140700 0.149900 0.157300 0.140800 0.149100 0.140300 0.153500 0.159900 0.137400 0.137700 0.050900 0.081300 0.151400 0.155200 0.137200 0.152100 0.144900 0.160000 0.000000 0.132000 0.153600 0.140600 0.129600 0.138100 0.147500 0.164400 0.125400 0.067400 0.057300 0.144400 0.012700 0.071200 0.137900 0.139100 0.147400 0.159300 0.173400 0.154900 0.149000 0.149800
HarveysDui 0.061100 0.392500 0.085200 0.305800 0.110400 0.061100 0.015500 0.095900 0.096100 0.136000 0.067600 0.095700 0.064600 0.024800 0.089400 0.068000 0.129000 0.113700 0.072000 0.102800 0.068100 0.065000 0.127100 0.141700 0.067800 0.074400 0.061300 0.095600 0.071600 0.102800 0.132000 0.000000 0.140400 0.057900 0.061300 0.089200 0.061000 0.110500 0.054300 0.130300 0.126600 0.078100 0.140700 0.130900 0.089100 0.063800 0.074300 0.091900 0.082600 0.134200 0.092600 0.093000
Pronghorn 0.141500 0.414000 0.131000 0.282900 0.145900 0.141500 0.133300 0.146300 0.116900 0.157700 0.141100 0.142100 0.138100 0.139700 0.173100 0.131000 0.093400 0.116500 0.158100 0.127200 0.127400 0.146400 0.141100 0.163300 0.148700 0.130300 0.134700 0.119900 0.120500 0.127400 0.153600 0.140400 0.000000 0.138100 0.130900 0.128000 0.148600 0.146100 0.119300 0.148200 0.133200 0.134400 0.155000 0.144800 0.120600 0.147600 0.130000 0.141200 0.158500 0.140900 0.124100 0.124800
BlueWildeb 0.054600 0.408400 0.085900 0.304100 0.107800 0.054600 0.048000 0.103800 0.089800 0.144700 0.054500 0.103700 0.006200 0.060900 0.104400 0.068400 0.130300 0.125400 0.058600 0.096500 0.068700 0.058600 0.135500 0.146800 0.054600 0.071700 0.003100 0.089400 0.072000 0.096600 0.140600 0.057900 0.138100 0.000000 0.037200 0.090000 0.054500 0.115100 0.061500 0.127800 0.138700 0.075300 0.149500 0.135900 0.082900 0.074600 0.081700 0.099700 0.097600 0.124300 0.086300 0.086800
Gemsbok 0.048100 0.375500 0.072200 0.294800 0.093700 0.048100 0.054700 0.093300 0.082900 0.133700 0.061200 0.089600 0.038400 0.071100 0.097400 0.065300 0.116000 0.111300 0.058700 0.089600 0.058700 0.052000 0.124700 0.139500 0.061300 0.071800 0.035200 0.082600 0.068900 0.089700 0.129600 0.061300 0.130900 0.037200 0.000000 0.076100 0.054600 0.100800 0.051600 0.120700 0.124200 0.068600 0.138300 0.128700 0.076100 0.067900 0.071600 0.089400 0.090700 0.121000 0.079500 0.079900
Yak 0.075800 0.372800 0.038400 0.286600 0.108600 0.075800 0.072000 0.108300 0.041900 0.142200 0.092700 0.038500 0.083000 0.095800 0.101700 0.083100 0.123800 0.129800 0.090900 0.048400 0.083300 0.090100 0.125600 0.148300 0.100000 0.096800 0.086700 0.041700 0.079800 0.048400 0.138100 0.089200 0.128000 0.090000 0.076100 0.000000 0.093100 0.116100 0.075700 0.129000 0.125000 0.093500 0.139400 0.129700 0.006200 0.085500 0.096500 0.079400 0.102200 0.114600 0.038600 0.035500
BlueSheep 0.024500 0.422500 0.089000 0.316800 0.110800 0.025100 0.051100 0.092800 0.100000 0.151700 0.018100 0.106800 0.061400 0.067400 0.100400 0.078600 0.122400 0.114100 0.054900 0.106800 0.071800 0.022200 0.142400 0.165000 0.018300 0.085100 0.058200 0.099600 0.075300 0.106900 0.147500 0.061000 0.148600 0.054500 0.054600 0.093100 0.000000 0.110800 0.057900 0.145600 0.141800 0.081800 0.156500 0.153800 0.093000 0.070900 0.078000 0.102800 0.100700 0.138400 0.096500 0.097000
BohorReedb 0.111200 0.373400 0.118900 0.343800 0.038900 0.111200 0.107000 0.153000 0.115700 0.176700 0.118100 0.137700 0.115100 0.124300 0.134800 0.115200 0.160700 0.137000 0.116200 0.122600 0.108100 0.115800 0.174600 0.198800 0.125600 0.129200 0.111700 0.115200 0.111900 0.122700 0.164400 0.110500 0.146100 0.115100 0.100800 0.116100 0.110800 0.000000 0.107400 0.178200 0.173800 0.133300 0.181900 0.179000 0.115900 0.113700 0.121500 0.118500 0.139300 0.159200 0.119500 0.120100
KirksDik 0.051400 0.388800 0.071800 0.293200 0.100200 0.051400 0.044500 0.058300 0.082500 0.129300 0.064500 0.082200 0.061500 0.054100 0.086300 0.041500 0.115200 0.114200 0.068900 0.089100 0.031800 0.055100 0.127700 0.149900 0.064700 0.051200 0.058200 0.082100 0.041600 0.089200 0.125400 0.054300 0.119300 0.061500 0.051600 0.075700 0.057900 0.107400 0.000000 0.130900 0.112800 0.041500 0.133900 0.139000 0.075600 0.064200 0.038000 0.068000 0.093700 0.116600 0.079000 0.079400
RoeDeer 0.138500 0.425700 0.131700 0.304600 0.178000 0.138500 0.130500 0.166100 0.139900 0.064200 0.149100 0.143100 0.127900 0.148000 0.162900 0.124300 0.125600 0.138700 0.136400 0.150500 0.135500 0.135900 0.047100 0.050400 0.149400 0.123700 0.124500 0.142900 0.128200 0.150700 0.067400 0.130300 0.148200 0.127800 0.120700 0.129000 0.145600 0.178200 0.130900 0.000000 0.053500 0.120400 0.061300 0.053800 0.128900 0.130000 0.137800 0.149900 0.151900 0.141900 0.139800 0.140600
WhiteLippe 0.134700 0.417300 0.135300 0.294900 0.173600 0.134700 0.126800 0.169900 0.135900 0.054100 0.145300 0.146600 0.138800 0.136800 0.151100 0.135200 0.129000 0.134800 0.147500 0.146500 0.139000 0.132100 0.018400 0.080200 0.145600 0.149300 0.135300 0.138900 0.139200 0.146600 0.057300 0.126600 0.133200 0.138700 0.124200 0.125000 0.141800 0.173800 0.112800 0.053500 0.000000 0.138600 0.051200 0.070200 0.124900 0.133600 0.134200 0.138300 0.155400 0.160400 0.135800 0.136500
ThomsonGaz 0.075100 0.423100 0.089300 0.303900 0.125800 0.075100 0.068000 0.082400 0.100400 0.148500 0.088700 0.100000 0.075400 0.084500 0.111500 0.051600 0.133700 0.131700 0.079400 0.107200 0.054800 0.079200 0.139200 0.146600 0.088900 0.015200 0.072000 0.099900 0.051700 0.107300 0.144400 0.078100 0.134400 0.075300 0.068600 0.093500 0.081800 0.133300 0.041500 0.120400 0.138600 0.000000 0.145800 0.135700 0.093400 0.081400 0.054300 0.092400 0.111900 0.120600 0.096900 0.097400
MuntiacusC 0.149300 0.437300 0.149800 0.316400 0.181700 0.149300 0.140900 0.178100 0.150500 0.009500 0.160100 0.161700 0.149600 0.158900 0.158700 0.142200 0.150500 0.148900 0.162800 0.161400 0.146300 0.146700 0.044700 0.082000 0.160500 0.156700 0.146000 0.153600 0.146300 0.161600 0.012700 0.140700 0.155000 0.149500 0.138300 0.139400 0.156500 0.181900 0.133900 0.061300 0.051200 0.145800 0.000000 0.071800 0.139200 0.147900 0.148700 0.160800 0.171100 0.160100 0.150500 0.151300
WhiteTaile 0.146700 0.434200 0.147300 0.314800 0.178800 0.146700 0.138500 0.182700 0.147900 0.068000 0.157400 0.143800 0.136000 0.148700 0.163800 0.139600 0.140700 0.132100 0.152400 0.158700 0.143700 0.144100 0.063800 0.021700 0.157800 0.139100 0.132500 0.151000 0.143700 0.158800 0.071200 0.130900 0.144800 0.135900 0.128700 0.129700 0.153800 0.179000 0.139000 0.053800 0.070200 0.135700 0.071800 0.000000 0.129500 0.145400 0.153500 0.158200 0.160400 0.150100 0.147900 0.148700
Cattle 0.075800 0.371600 0.038400 0.276900 0.108500 0.075800 0.071900 0.108200 0.035200 0.142000 0.085500 0.038500 0.075900 0.092200 0.101500 0.079500 0.123700 0.129700 0.090800 0.041700 0.083200 0.090000 0.125400 0.148100 0.092700 0.096700 0.079600 0.035100 0.076300 0.041700 0.137900 0.089100 0.120600 0.082900 0.076100 0.006200 0.093000 0.115900 0.075600 0.128900 0.124900 0.093400 0.139200 0.129500 0.000000 0.085400 0.096400 0.079300 0.094800 0.114400 0.032000 0.028900
RoyalAntel 0.064300 0.418800 0.081500 0.295900 0.113700 0.064300 0.054000 0.092100 0.092300 0.143100 0.084400 0.095400 0.067800 0.070200 0.085600 0.078000 0.121600 0.120400 0.082100 0.099000 0.078200 0.075000 0.134200 0.148800 0.084600 0.091400 0.071400 0.091900 0.081600 0.099100 0.139100 0.063800 0.147600 0.074600 0.067900 0.085500 0.070900 0.113700 0.064200 0.130000 0.133600 0.081400 0.147900 0.145400 0.085400 0.000000 0.077500 0.102100 0.089300 0.130200 0.088800 0.089300
Steenbok 0.071300 0.398400 0.092300 0.287400 0.114100 0.071300 0.064200 0.075100 0.096200 0.143900 0.084800 0.099300 0.081800 0.073900 0.093000 0.048000 0.136500 0.127500 0.082400 0.102900 0.042400 0.075300 0.134800 0.164600 0.085000 0.057400 0.078500 0.095800 0.054700 0.103000 0.147400 0.074300 0.130000 0.081700 0.071600 0.096500 0.078000 0.121500 0.038000 0.137800 0.134200 0.054300 0.148700 0.153500 0.096400 0.077500 0.000000 0.091900 0.104000 0.123000 0.099800 0.100400
Impala 0.096000 0.386700 0.089300 0.303100 0.111100 0.096000 0.081500 0.096400 0.089600 0.163600 0.109800 0.099900 0.099800 0.098300 0.096800 0.078700 0.129800 0.128600 0.100700 0.096300 0.078800 0.100300 0.146500 0.169500 0.110100 0.092100 0.096400 0.089200 0.078900 0.096400 0.159300 0.091900 0.141200 0.099700 0.089400 0.079400 0.102800 0.118500 0.068000 0.149900 0.138300 0.092400 0.160800 0.158200 0.079300 0.102100 0.091900 0.000000 0.112100 0.135200 0.089600 0.083000
Klipspring 0.093800 0.401700 0.105000 0.317300 0.128200 0.093800 0.079200 0.134700 0.109100 0.173900 0.100500 0.112300 0.097700 0.085600 0.106000 0.090600 0.146600 0.145100 0.105800 0.116000 0.101600 0.098200 0.152400 0.171700 0.100800 0.115300 0.094300 0.108600 0.094400 0.116000 0.173400 0.082600 0.158500 0.097600 0.090700 0.102200 0.100700 0.139300 0.093700 0.151900 0.155400 0.111900 0.171100 0.160400 0.094800 0.089300 0.104000 0.112100 0.000000 0.156200 0.105400 0.106000
ForestMusk 0.131400 0.399700 0.110100 0.323600 0.158900 0.131400 0.119800 0.154800 0.110600 0.162900 0.138400 0.121100 0.124400 0.140800 0.163200 0.124400 0.136700 0.138800 0.144200 0.121000 0.110200 0.132400 0.153400 0.161200 0.146000 0.116600 0.121000 0.113600 0.121100 0.121000 0.154900 0.134200 0.140900 0.124300 0.121000 0.114600 0.138400 0.159200 0.116600 0.141900 0.160400 0.120600 0.160100 0.150100 0.114400 0.130200 0.123000 0.135200 0.156200 0.000000 0.117800 0.118500
Bushbuck 0.079200 0.369800 0.012100 0.258900 0.112000 0.079200 0.075300 0.111700 0.009400 0.153200 0.089400 0.058100 0.079400 0.095600 0.112200 0.083000 0.123700 0.129600 0.094200 0.015600 0.086600 0.094000 0.136400 0.166900 0.096600 0.100200 0.083000 0.009300 0.079700 0.015700 0.149000 0.092600 0.124100 0.086300 0.079500 0.038600 0.096500 0.119500 0.079000 0.139800 0.135800 0.096900 0.150500 0.147900 0.032000 0.088800 0.099800 0.089600 0.105400 0.117800 0.000000 0.009400
GreaterKud 0.079600 0.366700 0.015700 0.264900 0.112600 0.079600 0.075700 0.112300 0.012600 0.154100 0.089900 0.062000 0.079800 0.096100 0.112800 0.083400 0.124300 0.130300 0.094800 0.018900 0.087100 0.094500 0.137100 0.167800 0.097100 0.100700 0.083400 0.012600 0.080100 0.018900 0.149800 0.093000 0.124800 0.086800 0.079900 0.035500 0.097000 0.120100 0.079400 0.140600 0.136500 0.097400 0.151300 0.148700 0.028900 0.089300 0.100400 0.083000 0.106000 0.118500 0.009400 0.000000
