1
52 1
Argali 0.000000 0.097200 0.027100 0.072600 0.030000 0.001100 0.010000 0.020300 0.020200 0.024900 0.003600 0.022400 0.016800 0.014500 0.011100 0.021400 0.025900 0.030400 0.007800 0.027000 0.022400 0.005500 0.021200 0.020200 0.004800 0.024300 0.015600 0.025900 0.023600 0.027000 0.022400 0.014500 0.028400 0.015600 0.011100 0.022400 0.004800 0.032300 0.024800 0.022500 0.020100 0.023600 0.023500 0.020200 0.026100 0.024700 0.028600 0.014600 0.021200 0.029600 0.027000 0.024700
LesserMous 0.097200 0.000000 0.101600 0.100400 0.109000 0.095900 0.091300 0.098800 0.100900 0.095400 0.097100 0.092300 0.099700 0.090100 0.089700 0.101300 0.085600 0.092200 0.097300 0.102400 0.100900 0.096200 0.092700 0.089400 0.098300 0.101900 0.098200 0.101100 0.101000 0.102400 0.091800 0.092700 0.089700 0.100700 0.096700 0.090900 0.096400 0.111600 0.100100 0.091900 0.091600 0.101000 0.094200 0.086800 0.093900 0.093400 0.101700 0.093400 0.100100 0.098500 0.102400 0.100000
LesserKudu 0.027100 0.101600 0.000000 0.078500 0.033000 0.028300 0.022800 0.031000 0.008900 0.031800 0.027100 0.014400 0.030600 0.024000 0.023500 0.034000 0.028200 0.035000 0.026000 0.007800 0.032700 0.025900 0.030300 0.029300 0.028200 0.034500 0.029400 0.006600 0.033900 0.005500 0.029200 0.024000 0.029300 0.029400 0.024800 0.014500 0.025900 0.033000 0.032800 0.029300 0.029200 0.033900 0.030400 0.029200 0.020400 0.031500 0.039000 0.023500 0.028300 0.033000 0.007800 0.005500
KillerWhal 0.072600 0.100400 0.078500 0.000000 0.085400 0.073800 0.069700 0.077300 0.077800 0.071100 0.074900 0.070000 0.077700 0.072200 0.066100 0.080700 0.065000 0.069700 0.073800 0.079700 0.080300 0.073500 0.067400 0.066400 0.076100 0.079700 0.076300 0.078500 0.080400 0.079700 0.068800 0.072300 0.065300 0.076300 0.073800 0.068600 0.071200 0.088100 0.081800 0.068900 0.066200 0.079100 0.070200 0.066400 0.073700 0.074600 0.082800 0.069900 0.072800 0.069800 0.079700 0.077300
DefassaWat 0.030000 0.109000 0.033000 0.085400 0.000000 0.031200 0.024900 0.032000 0.031100 0.037900 0.029900 0.031700 0.033100 0.026000 0.027600 0.035900 0.036500 0.041100 0.029100 0.035300 0.030700 0.028800 0.034300 0.033300 0.031100 0.036100 0.031800 0.034200 0.035400 0.035300 0.035600 0.026100 0.036800 0.032100 0.027600 0.029500 0.028800 0.002200 0.036600 0.035700 0.033200 0.035400 0.034500 0.033300 0.033300 0.034200 0.040700 0.027200 0.031800 0.037900 0.035300 0.033000
Sheep 0.001100 0.095900 0.028300 0.073800 0.031200 0.000000 0.011100 0.021400 0.021300 0.026000 0.004700 0.023500 0.017900 0.015600 0.012300 0.022500 0.027000 0.031500 0.008900 0.028100 0.023600 0.006600 0.022400 0.021300 0.005900 0.025400 0.016700 0.027000 0.024800 0.028100 0.023600 0.015600 0.029600 0.016700 0.012300 0.023500 0.005900 0.033500 0.025900 0.023600 0.021200 0.024700 0.024700 0.021300 0.027300 0.025800 0.028600 0.015700 0.022300 0.030700 0.028100 0.025900
MaxwellsDu 0.010000 0.091300 0.022800 0.069700 0.024900 0.011100 0.000000 0.015700 0.018300 0.022300 0.011100 0.018200 0.016700 0.005500 0.010000 0.019100 0.021500 0.026100 0.010000 0.022900 0.017900 0.010000 0.018900 0.017900 0.012200 0.019700 0.015600 0.021800 0.019300 0.022900 0.020100 0.005500 0.023800 0.015600 0.013400 0.018200 0.010000 0.027200 0.020100 0.020100 0.017800 0.019000 0.021200 0.017800 0.021900 0.020100 0.023900 0.010900 0.017800 0.024900 0.022900 0.020600
GazellaPrz 0.020300 0.098800 0.031000 0.077300 0.032000 0.021400 0.015700 0.000000 0.026500 0.030000 0.020300 0.024800 0.021500 0.019100 0.018000 0.010100 0.028300 0.030700 0.019200 0.027500 0.008900 0.019100 0.026100 0.025000 0.021400 0.015100 0.020300 0.026400 0.010100 0.027500 0.027700 0.019100 0.031000 0.020300 0.022600 0.024800 0.019100 0.034900 0.011200 0.027400 0.025000 0.012300 0.028900 0.025000 0.026000 0.027200 0.015800 0.018000 0.026300 0.031900 0.027500 0.025200
MountainNy 0.020200 0.100900 0.008900 0.077800 0.031100 0.021300 0.018300 0.026500 0.000000 0.024900 0.020100 0.016700 0.025900 0.021700 0.019000 0.027100 0.028200 0.032700 0.019100 0.010000 0.028200 0.019000 0.025800 0.022400 0.021200 0.029900 0.024700 0.008900 0.029300 0.010000 0.022400 0.021800 0.030800 0.024700 0.020200 0.014500 0.019000 0.031000 0.030500 0.027000 0.024700 0.029300 0.023500 0.024700 0.020400 0.029300 0.034400 0.019000 0.026000 0.028400 0.010000 0.007800
MuntiacusM 0.024900 0.095400 0.031800 0.071100 0.037900 0.026000 0.022300 0.030000 0.024900 0.000000 0.022300 0.029800 0.031600 0.023500 0.019300 0.030700 0.024200 0.028500 0.023600 0.033100 0.031800 0.023400 0.009900 0.006600 0.023500 0.033800 0.030300 0.031900 0.033000 0.033000 0.004400 0.023500 0.026600 0.030300 0.023500 0.028500 0.023500 0.037900 0.034100 0.011300 0.008800 0.032900 0.003300 0.008800 0.033800 0.030400 0.035700 0.022600 0.029500 0.028300 0.033000 0.030800
goat 0.003600 0.097100 0.027100 0.074900 0.029900 0.004700 0.011100 0.020300 0.020100 0.022300 0.000000 0.022300 0.016800 0.014500 0.013400 0.021400 0.025900 0.030300 0.007800 0.026900 0.022400 0.005500 0.021200 0.020100 0.001100 0.024300 0.015600 0.025800 0.023600 0.026900 0.022400 0.014500 0.028400 0.015600 0.011100 0.022400 0.003300 0.032200 0.024700 0.022400 0.020100 0.023500 0.021200 0.020100 0.026100 0.024700 0.028600 0.015600 0.020100 0.029500 0.026900 0.024700
AfricanBuf 0.022400 0.092300 0.014400 0.070000 0.031700 0.023500 0.018200 0.024800 0.016700 0.029800 0.022300 0.000000 0.028100 0.017100 0.017800 0.028200 0.021300 0.028000 0.021300 0.015500 0.026900 0.021200 0.026100 0.022700 0.023500 0.028600 0.026900 0.014400 0.028100 0.015500 0.027300 0.019400 0.024600 0.026900 0.022400 0.004400 0.021200 0.034000 0.026900 0.022700 0.025000 0.028000 0.028400 0.022700 0.008000 0.029200 0.033000 0.020000 0.023600 0.027000 0.015500 0.013300
Topi 0.016800 0.099700 0.030600 0.077700 0.033100 0.017900 0.016700 0.021500 0.025900 0.031600 0.016800 0.028100 0.000000 0.020100 0.021300 0.024900 0.030500 0.030400 0.015700 0.030500 0.023600 0.015600 0.028100 0.027100 0.017900 0.027700 0.001100 0.029300 0.024800 0.030500 0.029300 0.020200 0.033100 0.003300 0.012300 0.025800 0.015600 0.034200 0.025900 0.029400 0.027000 0.027100 0.030400 0.027000 0.030800 0.025900 0.030700 0.019000 0.028100 0.033100 0.030500 0.028200
CommonDuik 0.014500 0.090100 0.024000 0.072200 0.026000 0.015600 0.005500 0.019100 0.021700 0.023500 0.014500 0.017100 0.020100 0.000000 0.012200 0.022500 0.020300 0.024800 0.013400 0.026300 0.021300 0.013300 0.017800 0.016700 0.015600 0.023100 0.018900 0.025200 0.022700 0.026300 0.021200 0.002200 0.024900 0.019000 0.014500 0.017100 0.013300 0.028300 0.023600 0.019000 0.016700 0.022400 0.022400 0.016700 0.020700 0.021200 0.027400 0.014500 0.016700 0.028300 0.026300 0.024000
Suni 0.011100 0.089700 0.023500 0.066100 0.027600 0.012300 0.010000 0.018000 0.019000 0.019300 0.013400 0.017800 0.021300 0.012200 0.000000 0.019200 0.021300 0.025800 0.012300 0.024700 0.020100 0.012400 0.015800 0.014800 0.014500 0.022000 0.020100 0.023500 0.021400 0.024600 0.017000 0.012200 0.023800 0.020100 0.013400 0.017800 0.012200 0.029900 0.022400 0.017000 0.014700 0.021300 0.018200 0.014700 0.021500 0.022400 0.025100 0.010100 0.019300 0.025900 0.024600 0.022400
Springbuck 0.021400 0.101300 0.034000 0.080700 0.035900 0.022500 0.019100 0.010100 0.027100 0.030700 0.021400 0.028200 0.024900 0.022500 0.019200 0.000000 0.029400 0.031700 0.020300 0.030500 0.007800 0.017900 0.027200 0.026200 0.022500 0.015100 0.023600 0.029400 0.004500 0.030500 0.028400 0.022500 0.032000 0.023700 0.023700 0.028200 0.020200 0.038300 0.014600 0.028500 0.026100 0.012300 0.029600 0.026100 0.029700 0.031000 0.019200 0.021400 0.030500 0.035300 0.030500 0.028300
Okapi 0.025900 0.085600 0.028200 0.065000 0.036500 0.027000 0.021500 0.028300 0.028200 0.024200 0.025900 0.021300 0.030500 0.020300 0.021300 0.029400 0.000000 0.011100 0.024800 0.029300 0.030400 0.022400 0.020500 0.017200 0.027000 0.032200 0.029300 0.028200 0.029400 0.029300 0.021700 0.022700 0.015900 0.029300 0.024800 0.020100 0.024700 0.038800 0.032800 0.019400 0.019400 0.031600 0.022800 0.017100 0.025100 0.029600 0.036700 0.021200 0.031000 0.027100 0.029300 0.027000
Giraffe 0.030400 0.092200 0.035000 0.069700 0.041100 0.031500 0.026100 0.030700 0.032700 0.028500 0.030300 0.028000 0.030400 0.024800 0.025800 0.031700 0.011100 0.000000 0.029300 0.036100 0.032700 0.026900 0.025000 0.021700 0.031500 0.034500 0.029200 0.035000 0.031600 0.036100 0.026300 0.027300 0.020400 0.029200 0.029300 0.027100 0.029200 0.043400 0.035000 0.023900 0.023900 0.033800 0.027400 0.021600 0.030400 0.031900 0.040100 0.025700 0.035300 0.031600 0.036100 0.033800
TibetanAnt 0.007800 0.097300 0.026000 0.073800 0.029100 0.008900 0.010000 0.019200 0.019100 0.023600 0.007800 0.021300 0.015700 0.013400 0.012300 0.020300 0.024800 0.029300 0.000000 0.025900 0.021400 0.006700 0.020100 0.019100 0.008900 0.023100 0.014500 0.024800 0.022500 0.025900 0.021300 0.013400 0.027400 0.014500 0.008900 0.021300 0.006700 0.031400 0.023700 0.021400 0.019000 0.022500 0.022600 0.019100 0.025100 0.023600 0.027500 0.014500 0.021300 0.028500 0.024800 0.023700
Sitatunga 0.027000 0.102400 0.007800 0.079700 0.035300 0.028100 0.022900 0.027500 0.010000 0.033100 0.026900 0.015500 0.030500 0.026300 0.024700 0.030500 0.029300 0.036100 0.025900 0.000000 0.029300 0.025800 0.031600 0.030500 0.028100 0.033300 0.029200 0.001100 0.030400 0.002200 0.030500 0.026400 0.030400 0.029200 0.027000 0.015600 0.025800 0.035300 0.029300 0.030600 0.030400 0.030400 0.031600 0.030500 0.021500 0.033900 0.035500 0.022400 0.030600 0.031700 0.004400 0.002200
Oribi 0.022400 0.100900 0.032700 0.080300 0.030700 0.023600 0.017900 0.008900 0.028200 0.031800 0.022400 0.026900 0.023600 0.021300 0.020100 0.007800 0.030400 0.032700 0.021400 0.029300 0.000000 0.021200 0.028200 0.027200 0.023500 0.015300 0.022400 0.028100 0.007800 0.029200 0.029500 0.021300 0.030700 0.022400 0.024700 0.026900 0.021300 0.033000 0.013400 0.029500 0.027100 0.012200 0.030600 0.027200 0.028400 0.029300 0.018000 0.020100 0.029200 0.034000 0.029200 0.027000
BarbaryShe 0.005500 0.096200 0.025900 0.073500 0.028800 0.006600 0.010000 0.019100 0.019000 0.023400 0.005500 0.021200 0.015600 0.013300 0.012400 0.017900 0.022400 0.026900 0.006700 0.025800 0.021200 0.000000 0.020000 0.019000 0.006600 0.023100 0.014400 0.024600 0.022400 0.025700 0.021200 0.013300 0.024900 0.014400 0.010000 0.021200 0.004400 0.031100 0.023500 0.021300 0.018900 0.022400 0.022300 0.019000 0.024900 0.023900 0.027400 0.014400 0.021200 0.028300 0.025700 0.023500
Daviddeer 0.021200 0.092700 0.030300 0.067400 0.034300 0.022400 0.018900 0.026100 0.025800 0.009900 0.021200 0.026100 0.028100 0.017800 0.015800 0.027200 0.020500 0.025000 0.020100 0.031600 0.028200 0.020000 0.000000 0.005500 0.022300 0.030200 0.026800 0.030400 0.029400 0.031500 0.007700 0.017800 0.023000 0.026900 0.020100 0.025000 0.020100 0.036700 0.030600 0.007700 0.001100 0.029400 0.008800 0.005500 0.029900 0.026900 0.032100 0.019200 0.028300 0.024800 0.031500 0.029300
Reindeer 0.020200 0.089400 0.029300 0.066400 0.033300 0.021300 0.017900 0.025000 0.022400 0.006600 0.020100 0.022700 0.027100 0.016700 0.014800 0.026200 0.017200 0.021700 0.019100 0.030500 0.027200 0.019000 0.005500 0.000000 0.021300 0.029100 0.025800 0.029400 0.028400 0.030500 0.004400 0.019000 0.021900 0.025800 0.019000 0.021600 0.019000 0.035700 0.029600 0.004400 0.004400 0.028400 0.005500 0.002200 0.026600 0.025900 0.031000 0.018100 0.027300 0.023800 0.030500 0.028300
Ibex 0.004800 0.098300 0.028200 0.076100 0.031100 0.005900 0.012200 0.021400 0.021200 0.023500 0.001100 0.023500 0.017900 0.015600 0.014500 0.022500 0.027000 0.031500 0.008900 0.028100 0.023500 0.006600 0.022300 0.021300 0.000000 0.025400 0.016700 0.026900 0.024700 0.028100 0.023500 0.015600 0.029600 0.016700 0.012200 0.023500 0.004400 0.033400 0.025800 0.023600 0.021200 0.024700 0.022300 0.021200 0.027200 0.025800 0.029800 0.016700 0.021200 0.030600 0.028100 0.025800
GyrantGaze 0.024300 0.101900 0.034500 0.079700 0.036100 0.025400 0.019700 0.015100 0.029900 0.033800 0.024300 0.028600 0.027700 0.023100 0.022000 0.015100 0.032200 0.034500 0.023100 0.033300 0.015300 0.023100 0.030200 0.029100 0.025400 0.000000 0.026600 0.032200 0.015200 0.033300 0.031400 0.023200 0.034800 0.026300 0.026600 0.028600 0.023100 0.038500 0.019700 0.029700 0.029000 0.007400 0.032600 0.029100 0.030100 0.031200 0.024400 0.021800 0.031100 0.034000 0.033300 0.031000
Hartebeest 0.015600 0.098200 0.029400 0.076300 0.031800 0.016700 0.015600 0.020300 0.024700 0.030300 0.015600 0.026900 0.001100 0.018900 0.020100 0.023600 0.029300 0.029200 0.014500 0.029200 0.022400 0.014400 0.026800 0.025800 0.016700 0.026600 0.000000 0.028100 0.023600 0.029200 0.028100 0.019000 0.031900 0.002200 0.011100 0.024600 0.014500 0.034100 0.024700 0.028100 0.025700 0.025800 0.029200 0.025800 0.030700 0.024700 0.029500 0.017800 0.026900 0.031800 0.029200 0.027000
Bongo 0.025900 0.101100 0.006600 0.078500 0.034200 0.027000 0.021800 0.026400 0.008900 0.031900 0.025800 0.014400 0.029300 0.025200 0.023500 0.029400 0.028200 0.035000 0.024800 0.001100 0.028100 0.024600 0.030400 0.029400 0.026900 0.032200 0.028100 0.000000 0.029300 0.001100 0.029400 0.025300 0.029200 0.028100 0.025900 0.014400 0.024700 0.034100 0.028200 0.029400 0.029300 0.029300 0.030500 0.029400 0.020400 0.032700 0.034300 0.021200 0.029400 0.030500 0.003300 0.001100
Gerenuk 0.023600 0.101000 0.033900 0.080400 0.035400 0.024800 0.019300 0.010100 0.029300 0.033000 0.023600 0.028100 0.024800 0.022700 0.021400 0.004500 0.029400 0.031600 0.022500 0.030400 0.007800 0.022400 0.029400 0.028400 0.024700 0.015200 0.023600 0.029300 0.000000 0.030400 0.030700 0.022900 0.034300 0.023600 0.025900 0.028100 0.022400 0.037700 0.014500 0.030700 0.028300 0.012200 0.031800 0.028400 0.029600 0.030500 0.019100 0.021300 0.030400 0.035200 0.030400 0.028200
CommonElan 0.027000 0.102400 0.005500 0.079700 0.035300 0.028100 0.022900 0.027500 0.010000 0.033000 0.026900 0.015500 0.030500 0.026300 0.024600 0.030500 0.029300 0.036100 0.025900 0.002200 0.029200 0.025700 0.031500 0.030500 0.028100 0.033300 0.029200 0.001100 0.030400 0.000000 0.030500 0.026400 0.030400 0.029200 0.027000 0.015600 0.025800 0.035300 0.029300 0.030600 0.030400 0.030400 0.031600 0.030500 0.021500 0.033900 0.035500 0.022400 0.030600 0.031700 0.004400 0.002200
MuntiacusR 0.022400 0.091800 0.029200 0.068800 0.035600 0.023600 0.020100 0.027700 0.022400 0.004400 0.022400 0.027300 0.029300 0.021200 0.017000 0.028400 0.021700 0.026300 0.021300 0.030500 0.029500 0.021200 0.007700 0.004400 0.023500 0.031400 0.028100 0.029400 0.030700 0.030500 0.000000 0.021300 0.024300 0.028100 0.021300 0.026200 0.021200 0.035600 0.031800 0.008900 0.006600 0.030600 0.003300 0.006600 0.031200 0.028100 0.033300 0.020400 0.029500 0.026100 0.030500 0.028200
HarveysDui 0.014500 0.092700 0.024000 0.072300 0.026100 0.015600 0.005500 0.019100 0.021800 0.023500 0.014500 0.019400 0.020200 0.002200 0.012200 0.022500 0.022700 0.027300 0.013400 0.026400 0.021300 0.013300 0.017800 0.019000 0.015600 0.023200 0.019000 0.025300 0.022900 0.026400 0.021300 0.000000 0.025000 0.019000 0.014500 0.019400 0.013400 0.028400 0.021500 0.021300 0.016700 0.022400 0.022400 0.019000 0.023100 0.021300 0.027500 0.014500 0.016700 0.026100 0.026400 0.024100
Pronghorn 0.028400 0.089700 0.029300 0.065300 0.036800 0.029600 0.023800 0.031000 0.030800 0.026600 0.028400 0.024600 0.033100 0.024900 0.023800 0.032000 0.015900 0.020400 0.027400 0.030400 0.030700 0.024900 0.023000 0.021900 0.029600 0.034800 0.031900 0.029200 0.034300 0.030400 0.024300 0.025000 0.000000 0.031800 0.027300 0.025100 0.027300 0.039100 0.033900 0.022800 0.021900 0.031900 0.025400 0.021900 0.028400 0.032200 0.039500 0.023700 0.033300 0.027400 0.030400 0.028100
BlueWildeb 0.015600 0.100700 0.029400 0.076300 0.032100 0.016700 0.015600 0.020300 0.024700 0.030300 0.015600 0.026900 0.003300 0.019000 0.020100 0.023700 0.029300 0.029200 0.014500 0.029200 0.022400 0.014400 0.026900 0.025800 0.016700 0.026300 0.002200 0.028100 0.023600 0.029200 0.028100 0.019000 0.031800 0.000000 0.011100 0.024600 0.014500 0.034400 0.024700 0.028100 0.025700 0.025800 0.029400 0.025800 0.030900 0.024700 0.029500 0.017800 0.026900 0.031800 0.029200 0.027000
Gemsbok 0.011100 0.096700 0.024800 0.073800 0.027600 0.012300 0.013400 0.022600 0.020200 0.023500 0.011100 0.022400 0.012300 0.014500 0.013400 0.023700 0.024800 0.029300 0.008900 0.027000 0.024700 0.010000 0.020100 0.019000 0.012200 0.026600 0.011100 0.025900 0.025900 0.027000 0.021300 0.014500 0.027300 0.011100 0.000000 0.020100 0.010000 0.030000 0.027100 0.021300 0.019000 0.025900 0.022400 0.019000 0.026200 0.022400 0.031000 0.015600 0.022400 0.029600 0.027000 0.024700
Yak 0.022400 0.090900 0.014500 0.068600 0.029500 0.023500 0.018200 0.024800 0.014500 0.028500 0.022400 0.004400 0.025800 0.017100 0.017800 0.028200 0.020100 0.027100 0.021300 0.015600 0.026900 0.021200 0.025000 0.021600 0.023500 0.028600 0.024600 0.014400 0.028100 0.015600 0.026200 0.019400 0.025100 0.024600 0.020100 0.000000 0.021200 0.031800 0.029200 0.023900 0.023900 0.028100 0.027300 0.021600 0.005500 0.026900 0.033100 0.017800 0.023500 0.024800 0.015600 0.013300
BlueSheep 0.004800 0.096400 0.025900 0.071200 0.028800 0.005900 0.010000 0.019100 0.019000 0.023500 0.003300 0.021200 0.015600 0.013300 0.012200 0.020200 0.024700 0.029200 0.006700 0.025800 0.021300 0.004400 0.020100 0.019000 0.004400 0.023100 0.014500 0.024700 0.022400 0.025800 0.021200 0.013400 0.027300 0.014500 0.010000 0.021200 0.000000 0.031100 0.023600 0.021300 0.018900 0.022400 0.022400 0.019000 0.024900 0.023500 0.026200 0.014500 0.018900 0.028300 0.025800 0.023600
BohorReedb 0.032300 0.111600 0.033000 0.088100 0.002200 0.033500 0.027200 0.034900 0.031000 0.037900 0.032200 0.034000 0.034200 0.028300 0.029900 0.038300 0.038800 0.043400 0.031400 0.035300 0.033000 0.031100 0.036700 0.035700 0.033400 0.038500 0.034100 0.034100 0.037700 0.035300 0.035600 0.028400 0.039100 0.034400 0.030000 0.031800 0.031100 0.000000 0.038900 0.038000 0.035500 0.037700 0.034400 0.035600 0.033300 0.036500 0.043000 0.029500 0.034100 0.040200 0.035300 0.033000
KirksDik 0.024800 0.100100 0.032800 0.081800 0.036600 0.025900 0.020100 0.011200 0.030500 0.034100 0.024700 0.026900 0.025900 0.023600 0.022400 0.014600 0.032800 0.035000 0.023700 0.029300 0.013400 0.023500 0.030600 0.029600 0.025800 0.019700 0.024700 0.028200 0.014500 0.029300 0.031800 0.021500 0.033900 0.024700 0.027100 0.029200 0.023600 0.038900 0.000000 0.029600 0.029500 0.016700 0.033000 0.029500 0.030700 0.031600 0.015700 0.022400 0.031600 0.033000 0.029300 0.027000
RoeDeer 0.022500 0.091900 0.029300 0.068900 0.035700 0.023600 0.020100 0.027400 0.027000 0.011300 0.022400 0.022700 0.029400 0.019000 0.017000 0.028500 0.019400 0.023900 0.021400 0.030600 0.029500 0.021300 0.007700 0.004400 0.023600 0.029700 0.028100 0.029400 0.030700 0.030600 0.008900 0.021300 0.022800 0.028100 0.021300 0.023900 0.021300 0.038000 0.029600 0.000000 0.006600 0.030700 0.010000 0.004400 0.028900 0.027000 0.033400 0.020400 0.029800 0.023800 0.030600 0.028300
WhiteLippe 0.020100 0.091600 0.029200 0.066200 0.033200 0.021200 0.017800 0.025000 0.024700 0.008800 0.020100 0.025000 0.027000 0.016700 0.014700 0.026100 0.019400 0.023900 0.019000 0.030400 0.027100 0.018900 0.001100 0.004400 0.021200 0.029000 0.025700 0.029300 0.028300 0.030400 0.006600 0.016700 0.021900 0.025700 0.019000 0.023900 0.018900 0.035500 0.029500 0.006600 0.000000 0.028300 0.007700 0.004400 0.028800 0.025800 0.030900 0.018100 0.027200 0.023700 0.030400 0.028200
ThomsonGaz 0.023600 0.101000 0.033900 0.079100 0.035400 0.024700 0.019000 0.012300 0.029300 0.032900 0.023500 0.028000 0.027100 0.022400 0.021300 0.012300 0.031600 0.033800 0.022500 0.030400 0.012200 0.022400 0.029400 0.028400 0.024700 0.007400 0.025800 0.029300 0.012200 0.030400 0.030600 0.022400 0.031900 0.025800 0.025900 0.028100 0.022400 0.037700 0.016700 0.030700 0.028300 0.000000 0.031800 0.028300 0.029500 0.030500 0.021400 0.021200 0.030400 0.032800 0.030400 0.028200
MuntiacusC 0.023500 0.094200 0.030400 0.070200 0.034500 0.024700 0.021200 0.028900 0.023500 0.003300 0.021200 0.028400 0.030400 0.022400 0.018200 0.029600 0.022800 0.027400 0.022600 0.031600 0.030600 0.022300 0.008800 0.005500 0.022300 0.032600 0.029200 0.030500 0.031800 0.031600 0.003300 0.022400 0.025400 0.029400 0.022400 0.027300 0.022400 0.034400 0.033000 0.010000 0.007700 0.031800 0.000000 0.007700 0.030000 0.029200 0.034500 0.021500 0.030700 0.027200 0.031600 0.029400
WhiteTaile 0.020200 0.086800 0.029200 0.066400 0.033300 0.021300 0.017800 0.025000 0.024700 0.008800 0.020100 0.022700 0.027000 0.016700 0.014700 0.026100 0.017100 0.021600 0.019100 0.030500 0.027200 0.019000 0.005500 0.002200 0.021200 0.029100 0.025800 0.029400 0.028400 0.030500 0.006600 0.019000 0.021900 0.025800 0.019000 0.021600 0.019000 0.035600 0.029500 0.004400 0.004400 0.028300 0.007700 0.000000 0.026600 0.025800 0.031000 0.018100 0.027200 0.023800 0.030500 0.028200
Cattle 0.026100 0.093900 0.020400 0.073700 0.033300 0.027300 0.021900 0.026000 0.020400 0.033800 0.026100 0.008000 0.030800 0.020700 0.021500 0.029700 0.025100 0.030400 0.025100 0.021500 0.028400 0.024900 0.029900 0.026600 0.027200 0.030100 0.030700 0.020400 0.029600 0.021500 0.031200 0.023100 0.028400 0.030900 0.026200 0.005500 0.024900 0.033300 0.030700 0.028900 0.028800 0.029500 0.030000 0.026600 0.000000 0.033000 0.034300 0.023700 0.027400 0.030800 0.021500 0.019300
RoyalAntel 0.024700 0.093400 0.031500 0.074600 0.034200 0.025800 0.020100 0.027200 0.029300 0.030400 0.024700 0.029200 0.025900 0.021200 0.022400 0.031000 0.029600 0.031900 0.023600 0.033900 0.029300 0.023900 0.026900 0.025900 0.025800 0.031200 0.024700 0.032700 0.030500 0.033900 0.028100 0.021300 0.032200 0.024700 0.022400 0.026900 0.023500 0.036500 0.031600 0.027000 0.025800 0.030500 0.029200 0.025800 0.033000 0.000000 0.036500 0.022400 0.026900 0.034200 0.033900 0.031600
Steenbok 0.028600 0.101700 0.039000 0.082800 0.040700 0.028600 0.023900 0.015800 0.034400 0.035700 0.028600 0.033000 0.030700 0.027400 0.025100 0.019200 0.036700 0.040100 0.027500 0.035500 0.018000 0.027400 0.032100 0.031000 0.029800 0.024400 0.029500 0.034300 0.019100 0.035500 0.033300 0.027500 0.039500 0.029500 0.031000 0.033100 0.026200 0.043000 0.015700 0.033400 0.030900 0.021400 0.034500 0.031000 0.034300 0.036500 0.000000 0.025200 0.034900 0.037900 0.035500 0.033200
Impala 0.014600 0.093400 0.023500 0.069900 0.027200 0.015700 0.010900 0.018000 0.019000 0.022600 0.015600 0.020000 0.019000 0.014500 0.010100 0.021400 0.021200 0.025700 0.014500 0.022400 0.020100 0.014400 0.019200 0.018100 0.016700 0.021800 0.017800 0.021200 0.021300 0.022400 0.020400 0.014500 0.023700 0.017800 0.015600 0.017800 0.014500 0.029500 0.022400 0.020400 0.018100 0.021200 0.021500 0.018100 0.023700 0.022400 0.025200 0.000000 0.020100 0.023500 0.022400 0.020100
Klipspring 0.021200 0.100100 0.028300 0.072800 0.031800 0.022300 0.017800 0.026300 0.026000 0.029500 0.020100 0.023600 0.028100 0.016700 0.019300 0.030500 0.031000 0.035300 0.021300 0.030600 0.029200 0.021200 0.028300 0.027300 0.021200 0.031100 0.026900 0.029400 0.030400 0.030600 0.029500 0.016700 0.033300 0.026900 0.022400 0.023500 0.018900 0.034100 0.031600 0.029800 0.027200 0.030400 0.030700 0.027200 0.027400 0.026900 0.034900 0.020100 0.000000 0.034400 0.030600 0.028300
ForestMusk 0.029600 0.098500 0.033000 0.069800 0.037900 0.030700 0.024900 0.031900 0.028400 0.028300 0.029500 0.027000 0.033100 0.028300 0.025900 0.035300 0.027100 0.031600 0.028500 0.031700 0.034000 0.028300 0.024800 0.023800 0.030600 0.034000 0.031800 0.030500 0.035200 0.031700 0.026100 0.026100 0.027400 0.031800 0.029600 0.024800 0.028300 0.040200 0.033000 0.023800 0.023700 0.032800 0.027200 0.023800 0.030800 0.034200 0.037900 0.023500 0.034400 0.000000 0.031700 0.029400
Bushbuck 0.027000 0.102400 0.007800 0.079700 0.035300 0.028100 0.022900 0.027500 0.010000 0.033000 0.026900 0.015500 0.030500 0.026300 0.024600 0.030500 0.029300 0.036100 0.024800 0.004400 0.029200 0.025700 0.031500 0.030500 0.028100 0.033300 0.029200 0.003300 0.030400 0.004400 0.030500 0.026400 0.030400 0.029200 0.027000 0.015600 0.025800 0.035300 0.029300 0.030600 0.030400 0.030400 0.031600 0.030500 0.021500 0.033900 0.035500 0.022400 0.030600 0.031700 0.000000 0.002200
GreaterKud 0.024700 0.100000 0.005500 0.077300 0.033000 0.025900 0.020600 0.025200 0.007800 0.030800 0.024700 0.013300 0.028200 0.024000 0.022400 0.028300 0.027000 0.033800 0.023700 0.002200 0.027000 0.023500 0.029300 0.028300 0.025800 0.031000 0.027000 0.001100 0.028200 0.002200 0.028200 0.024100 0.028100 0.027000 0.024700 0.013300 0.023600 0.033000 0.027000 0.028300 0.028200 0.028200 0.029400 0.028200 0.019300 0.031600 0.033200 0.020100 0.028300 0.029400 0.002200 0.000000
