CODONML (in paml version 4.10.7, June 2023)  /home/rachel/ruminants_paml/6406-phy-tree/ENSBTAT00000021328.fasta.phy
Model: free dN/dS Ratios for branches,  kappa = 2.000 fixed

Codon frequency model: F3x4
ns =  54  ls =  76

Codon usage in sequences
--------------------------------------------------------------------------------------------------------------------------------------
Phe TTT   2   1   2   2   2   2 | Ser TCT   0   0   0   0   0   0 | Tyr TAT   0   0   0   0   0   0 | Cys TGT   0   0   0   0   0   0
    TTC   2   3   2   2   2   2 |     TCC   1   1   1   1   1   1 |     TAC   2   2   2   2   2   2 |     TGC   1   1   1   2   1   1
Leu TTA   0   0   0   0   0   0 |     TCA   0   0   0   0   0   0 | *** TAA   0   0   0   0   0   0 | *** TGA   0   0   0   0   0   0
    TTG   0   1   0   0   1   0 |     TCG   1   1   1   1   1   1 |     TAG   0   0   0   0   0   0 | Trp TGG   0   0   0   0   0   0
--------------------------------------------------------------------------------------------------------------------------------------
Leu CTT   0   0   0   0   0   0 | Pro CCT   1   1   1   1   1   1 | His CAT   0   0   0   0   0   0 | Arg CGT   1   0   0   0   0   0
    CTC   0   0   0   0   0   0 |     CCC   1   1   1   1   1   1 |     CAC   0   0   0   0   0   0 |     CGC   1   2   2   1   2   2
    CTA   0   0   0   0   0   0 |     CCA   1   0   1   1   1   1 | Gln CAA   0   0   0   0   0   0 |     CGA   0   0   1   0   0   1
    CTG   5   4   5   5   4   5 |     CCG   0   1   0   0   0   0 |     CAG   2   2   2   2   2   2 |     CGG   1   1   1   1   1   1
--------------------------------------------------------------------------------------------------------------------------------------
Ile ATT   2   2   2   2   2   2 | Thr ACT   0   0   1   0   1   0 | Asn AAT   2   1   1   1   0   0 | Ser AGT   0   0   0   0   0   0
    ATC   1   1   1   1   1   1 |     ACC   6   6   5   6   5   7 |     AAC   1   2   2   2   3   3 |     AGC   1   1   1   1   1   1
    ATA   0   0   0   0   0   0 |     ACA   2   2   2   2   1   1 | Lys AAA   2   2   2   1   2   2 | Arg AGA   4   4   3   4   2   3
Met ATG   2   2   2   2   2   2 |     ACG   0   0   0   0   1   0 |     AAG   6   6   6   7   6   6 |     AGG   0   0   0   0   2   0
--------------------------------------------------------------------------------------------------------------------------------------
Val GTT   0   0   0   0   0   0 | Ala GCT   2   1   2   2   2   2 | Asp GAT   5   2   5   5   5   6 | Gly GGT   0   0   0   0   1   1
    GTC   0   0   0   0   0   0 |     GCC   0   0   0   1   0   0 |     GAC   3   6   3   3   3   2 |     GGC   1   2   1   1   2   1
    GTA   0   0   0   0   0   0 |     GCA   2   3   2   1   2   3 | Glu GAA   4   4   5   5   4   4 |     GGA   1   1   1   1   0   1
    GTG   1   1   1   1   1   1 |     GCG   1   1   1   1   1   0 |     GAG   3   3   2   2   3   3 |     GGG   2   1   2   2   1   1
--------------------------------------------------------------------------------------------------------------------------------------

--------------------------------------------------------------------------------------------------------------------------------------
Phe TTT   2   2   2   2   2   2 | Ser TCT   0   0   0   0   0   0 | Tyr TAT   0   0   0   0   0   0 | Cys TGT   0   0   0   0   0   0
    TTC   2   2   2   2   2   2 |     TCC   1   1   1   1   2   1 |     TAC   2   2   2   2   2   2 |     TGC   1   1   1   1   1   1
Leu TTA   0   0   0   0   0   0 |     TCA   1   0   0   0   0   0 | *** TAA   0   0   0   0   0   0 | *** TGA   0   0   0   0   0   0
    TTG   0   0   0   0   0   0 |     TCG   0   1   1   1   0   1 |     TAG   0   0   0   0   0   0 | Trp TGG   0   0   0   0   0   0
--------------------------------------------------------------------------------------------------------------------------------------
Leu CTT   0   0   0   0   0   0 | Pro CCT   1   1   1   1   1   1 | His CAT   0   0   0   0   0   0 | Arg CGT   1   1   0   0   0   0
    CTC   0   0   0   0   0   0 |     CCC   1   1   1   1   1   1 |     CAC   0   0   0   0   0   0 |     CGC   1   1   2   2   2   2
    CTA   0   0   0   0   0   0 |     CCA   1   1   1   1   1   1 | Gln CAA   0   0   0   0   0   0 |     CGA   0   0   0   1   0   0
    CTG   5   5   5   5   5   5 |     CCG   0   0   0   0   0   0 |     CAG   2   2   2   2   2   2 |     CGG   1   1   1   1   1   1
--------------------------------------------------------------------------------------------------------------------------------------
Ile ATT   2   2   2   2   2   2 | Thr ACT   0   0   0   0   1   0 | Asn AAT   2   2   2   2   1   1 | Ser AGT   0   0   0   0   0   0
    ATC   1   1   1   1   1   1 |     ACC   6   6   5   6   5   6 |     AAC   1   1   1   1   2   2 |     AGC   1   1   1   1   1   1
    ATA   0   0   0   0   0   0 |     ACA   2   2   3   2   2   2 | Lys AAA   2   2   2   2   2   2 | Arg AGA   4   4   4   3   4   4
Met ATG   2   2   2   2   2   2 |     ACG   0   0   0   0   0   0 |     AAG   6   6   6   6   6   6 |     AGG   0   0   0   0   0   0
--------------------------------------------------------------------------------------------------------------------------------------
Val GTT   0   0   0   0   0   0 | Ala GCT   2   2   2   2   2   2 | Asp GAT   5   5   5   5   5   4 | Gly GGT   0   0   0   0   0   0
    GTC   0   0   0   0   0   0 |     GCC   0   0   0   0   0   0 |     GAC   3   3   3   3   3   4 |     GGC   1   1   1   1   1   0
    GTA   0   0   0   0   0   0 |     GCA   2   2   2   1   2   2 | Glu GAA   5   4   5   3   5   5 |     GGA   1   1   1   1   1   2
    GTG   1   1   1   1   1   1 |     GCG   1   1   1   2   1   1 |     GAG   2   3   2   4   2   2 |     GGG   2   2   2   2   2   2
--------------------------------------------------------------------------------------------------------------------------------------

--------------------------------------------------------------------------------------------------------------------------------------
Phe TTT   2   2   2   2   2   2 | Ser TCT   0   0   0   0   0   0 | Tyr TAT   0   0   0   0   0   0 | Cys TGT   0   0   0   0   0   0
    TTC   2   2   2   2   2   2 |     TCC   1   1   1   1   1   1 |     TAC   2   2   2   2   2   2 |     TGC   1   1   1   1   1   1
Leu TTA   0   0   0   0   0   0 |     TCA   0   0   0   0   0   0 | *** TAA   0   0   0   0   0   0 | *** TGA   0   0   0   0   0   0
    TTG   0   0   0   0   0   0 |     TCG   1   1   1   1   1   1 |     TAG   0   0   0   0   0   0 | Trp TGG   0   0   0   0   0   0
--------------------------------------------------------------------------------------------------------------------------------------
Leu CTT   0   0   0   0   0   0 | Pro CCT   1   1   1   1   0   1 | His CAT   0   0   0   0   0   0 | Arg CGT   1   0   0   0   0   1
    CTC   0   0   0   0   0   0 |     CCC   1   1   1   1   2   1 |     CAC   0   0   0   0   0   0 |     CGC   1   2   2   2   2   1
    CTA   0   0   0   0   0   0 |     CCA   1   1   1   1   1   1 | Gln CAA   0   0   0   0   0   0 |     CGA   0   0   0   0   0   0
    CTG   5   5   5   5   5   5 |     CCG   0   0   0   0   0   0 |     CAG   2   2   2   2   2   2 |     CGG   1   1   1   1   1   1
--------------------------------------------------------------------------------------------------------------------------------------
Ile ATT   2   2   2   2   2   2 | Thr ACT   0   0   0   0   0   0 | Asn AAT   2   1   2   2   1   2 | Ser AGT   0   0   0   0   0   0
    ATC   1   1   1   1   1   1 |     ACC   6   6   6   6   6   6 |     AAC   1   2   1   1   2   1 |     AGC   1   1   1   1   1   1
    ATA   0   0   0   0   0   0 |     ACA   2   2   2   2   2   2 | Lys AAA   2   2   2   2   2   2 | Arg AGA   4   4   4   4   4   4
Met ATG   2   2   2   2   2   2 |     ACG   0   0   0   0   0   0 |     AAG   6   6   6   6   6   6 |     AGG   0   0   0   0   0   0
--------------------------------------------------------------------------------------------------------------------------------------
Val GTT   0   0   0   0   0   0 | Ala GCT   2   2   2   2   2   2 | Asp GAT   5   5   5   5   5   5 | Gly GGT   0   0   0   0   1   0
    GTC   0   0   0   0   0   0 |     GCC   0   0   0   0   0   0 |     GAC   3   3   3   3   3   3 |     GGC   1   1   1   1   0   1
    GTA   0   0   0   0   0   0 |     GCA   2   2   2   2   3   1 | Glu GAA   5   5   5   5   5   5 |     GGA   1   1   1   1   1   1
    GTG   1   1   1   1   1   1 |     GCG   1   1   1   1   0   2 |     GAG   2   2   2   2   2   2 |     GGG   2   2   2   2   2   2
--------------------------------------------------------------------------------------------------------------------------------------

--------------------------------------------------------------------------------------------------------------------------------------
Phe TTT   2   2   2   2   2   2 | Ser TCT   0   0   0   0   0   0 | Tyr TAT   0   0   0   0   0   0 | Cys TGT   0   0   0   0   0   0
    TTC   2   2   2   2   2   2 |     TCC   1   1   1   1   1   1 |     TAC   2   2   2   2   2   2 |     TGC   1   1   1   1   1   1
Leu TTA   0   0   0   0   0   0 |     TCA   0   0   0   0   0   0 | *** TAA   0   0   0   0   0   0 | *** TGA   0   0   0   0   0   0
    TTG   0   0   0   0   0   0 |     TCG   1   1   1   1   1   1 |     TAG   0   0   0   0   0   0 | Trp TGG   0   0   0   0   0   0
--------------------------------------------------------------------------------------------------------------------------------------
Leu CTT   0   0   0   0   0   0 | Pro CCT   1   1   1   1   1   1 | His CAT   0   0   0   0   0   0 | Arg CGT   1   0   0   0   0   1
    CTC   0   0   0   0   0   0 |     CCC   1   1   1   1   1   1 |     CAC   0   0   0   0   0   0 |     CGC   1   2   2   2   2   1
    CTA   0   0   0   0   0   0 |     CCA   1   1   1   1   1   1 | Gln CAA   0   0   0   0   0   0 |     CGA   0   0   0   0   0   0
    CTG   5   5   5   5   5   5 |     CCG   0   0   0   0   0   0 |     CAG   2   2   2   2   2   2 |     CGG   1   1   1   1   1   1
--------------------------------------------------------------------------------------------------------------------------------------
Ile ATT   2   2   2   2   2   2 | Thr ACT   0   0   0   0   0   0 | Asn AAT   1   1   2   2   2   2 | Ser AGT   0   0   0   0   0   0
    ATC   1   1   1   1   1   1 |     ACC   6   6   6   6   6   6 |     AAC   2   2   1   1   1   1 |     AGC   1   2   1   1   1   1
    ATA   0   0   0   0   0   0 |     ACA   2   2   2   2   2   2 | Lys AAA   2   2   2   2   2   2 | Arg AGA   4   3   4   4   4   4
Met ATG   2   2   2   2   2   2 |     ACG   0   0   0   0   0   0 |     AAG   6   6   6   6   6   6 |     AGG   0   1   0   0   0   0
--------------------------------------------------------------------------------------------------------------------------------------
Val GTT   0   0   0   0   0   0 | Ala GCT   2   2   2   2   2   2 | Asp GAT   5   5   5   5   5   5 | Gly GGT   0   0   0   0   0   0
    GTC   0   0   0   0   0   0 |     GCC   0   0   0   0   0   0 |     GAC   3   3   3   3   3   3 |     GGC   1   1   1   1   1   1
    GTA   0   0   0   0   0   0 |     GCA   2   3   2   2   2   2 | Glu GAA   5   5   5   5   5   5 |     GGA   1   1   1   1   1   1
    GTG   1   1   1   1   1   1 |     GCG   1   0   1   1   1   1 |     GAG   2   2   2   2   2   2 |     GGG   2   1   2   2   2   2
--------------------------------------------------------------------------------------------------------------------------------------

--------------------------------------------------------------------------------------------------------------------------------------
Phe TTT   2   2   2   3   2   2 | Ser TCT   0   0   0   0   0   0 | Tyr TAT   0   0   0   0   0   0 | Cys TGT   0   0   0   0   0   0
    TTC   2   2   2   1   2   2 |     TCC   1   1   1   1   1   1 |     TAC   2   2   2   2   2   2 |     TGC   1   1   1   1   1   1
Leu TTA   0   0   0   0   0   0 |     TCA   0   0   0   0   0   0 | *** TAA   0   0   0   0   0   0 | *** TGA   0   0   0   0   0   0
    TTG   0   0   0   0   0   0 |     TCG   1   1   1   1   1   1 |     TAG   0   0   0   0   0   0 | Trp TGG   0   0   0   0   0   0
--------------------------------------------------------------------------------------------------------------------------------------
Leu CTT   0   0   0   0   0   0 | Pro CCT   1   1   1   2   1   1 | His CAT   0   0   0   0   0   0 | Arg CGT   0   0   1   0   0   0
    CTC   0   0   0   0   0   0 |     CCC   1   1   1   0   1   1 |     CAC   0   0   0   0   0   0 |     CGC   2   2   1   2   2   2
    CTA   0   0   0   0   0   0 |     CCA   1   1   1   1   1   1 | Gln CAA   0   0   0   0   0   0 |     CGA   0   0   0   0   0   0
    CTG   5   5   5   5   5   5 |     CCG   0   0   0   0   0   0 |     CAG   2   2   2   2   2   2 |     CGG   1   1   1   1   1   1
--------------------------------------------------------------------------------------------------------------------------------------
Ile ATT   2   2   2   2   2   2 | Thr ACT   0   0   0   0   0   0 | Asn AAT   1   1   2   2   2   1 | Ser AGT   0   0   0   0   0   0
    ATC   1   1   1   1   1   1 |     ACC   6   6   6   6   6   6 |     AAC   2   2   1   1   1   2 |     AGC   1   1   1   1   1   1
    ATA   0   0   0   0   0   0 |     ACA   2   2   2   2   2   2 | Lys AAA   2   2   2   2   2   2 | Arg AGA   4   4   4   4   4   4
Met ATG   2   2   2   2   2   2 |     ACG   0   0   0   0   0   0 |     AAG   6   6   6   6   6   6 |     AGG   0   0   0   0   0   0
--------------------------------------------------------------------------------------------------------------------------------------
Val GTT   0   0   0   0   0   0 | Ala GCT   2   2   2   2   2   2 | Asp GAT   4   4   5   5   5   5 | Gly GGT   0   0   0   0   0   0
    GTC   0   0   0   0   0   0 |     GCC   0   0   0   0   0   0 |     GAC   4   4   3   3   3   3 |     GGC   0   1   1   1   1   1
    GTA   0   0   0   0   0   0 |     GCA   2   2   2   2   2   2 | Glu GAA   5   5   5   3   5   5 |     GGA   2   1   1   1   1   1
    GTG   1   1   1   1   1   1 |     GCG   1   1   1   1   1   1 |     GAG   2   2   2   4   2   2 |     GGG   2   2   2   2   2   2
--------------------------------------------------------------------------------------------------------------------------------------

--------------------------------------------------------------------------------------------------------------------------------------
Phe TTT   2   2   2   2   2   2 | Ser TCT   0   0   0   0   0   0 | Tyr TAT   0   0   0   0   0   0 | Cys TGT   0   0   0   0   0   0
    TTC   2   2   2   2   2   2 |     TCC   1   1   1   1   1   1 |     TAC   2   2   2   2   2   2 |     TGC   1   1   1   1   1   1
Leu TTA   0   0   0   0   0   0 |     TCA   0   0   0   0   0   0 | *** TAA   0   0   0   0   0   0 | *** TGA   0   0   0   0   0   0
    TTG   0   0   0   0   0   0 |     TCG   1   1   1   1   1   1 |     TAG   0   0   0   0   0   0 | Trp TGG   0   0   0   0   0   0
--------------------------------------------------------------------------------------------------------------------------------------
Leu CTT   0   0   0   0   0   0 | Pro CCT   1   1   1   1   1   1 | His CAT   0   0   0   0   0   0 | Arg CGT   0   0   0   0   0   0
    CTC   0   0   0   0   0   0 |     CCC   1   1   1   1   0   1 |     CAC   0   0   0   0   0   0 |     CGC   2   2   2   2   2   2
    CTA   0   0   0   0   0   0 |     CCA   1   1   1   1   2   1 | Gln CAA   0   0   0   0   0   0 |     CGA   0   0   0   0   0   0
    CTG   5   5   5   5   5   5 |     CCG   0   0   0   0   0   0 |     CAG   2   2   2   2   2   2 |     CGG   1   1   1   1   1   1
--------------------------------------------------------------------------------------------------------------------------------------
Ile ATT   2   2   2   2   2   2 | Thr ACT   0   0   0   0   0   0 | Asn AAT   2   1   1   2   2   2 | Ser AGT   0   0   0   0   0   0
    ATC   1   1   1   1   1   1 |     ACC   6   6   6   6   6   6 |     AAC   1   2   2   1   1   1 |     AGC   1   1   1   1   1   1
    ATA   0   0   0   0   0   0 |     ACA   2   2   2   2   2   2 | Lys AAA   2   2   2   2   3   2 | Arg AGA   4   4   4   4   4   4
Met ATG   2   2   2   2   2   2 |     ACG   0   0   0   0   0   0 |     AAG   6   6   6   6   5   6 |     AGG   0   0   0   0   0   0
--------------------------------------------------------------------------------------------------------------------------------------
Val GTT   0   0   0   0   0   0 | Ala GCT   2   2   2   2   2   2 | Asp GAT   5   5   4   5   5   5 | Gly GGT   0   0   0   0   0   0
    GTC   0   0   0   0   0   0 |     GCC   0   0   0   0   0   0 |     GAC   3   3   4   3   3   3 |     GGC   1   1   0   1   1   1
    GTA   0   0   0   0   1   0 |     GCA   2   2   2   2   2   2 | Glu GAA   5   5   5   5   5   5 |     GGA   1   1   2   1   1   1
    GTG   1   1   1   1   0   1 |     GCG   1   1   1   1   1   1 |     GAG   2   2   2   2   2   2 |     GGG   2   2   2   2   2   2
--------------------------------------------------------------------------------------------------------------------------------------

--------------------------------------------------------------------------------------------------------------------------------------
Phe TTT   2   2   2   2   3   2 | Ser TCT   0   0   0   0   0   0 | Tyr TAT   0   0   0   0   0   0 | Cys TGT   0   0   0   0   0   0
    TTC   2   2   2   2   1   2 |     TCC   1   1   2   1   1   1 |     TAC   2   2   2   2   2   2 |     TGC   1   1   1   1   1   1
Leu TTA   0   0   0   0   0   0 |     TCA   0   0   0   1   0   0 | *** TAA   0   0   0   0   0   0 | *** TGA   0   0   0   0   0   0
    TTG   0   0   0   0   0   0 |     TCG   1   1   0   0   1   1 |     TAG   0   0   0   0   0   0 | Trp TGG   0   0   0   0   0   0
--------------------------------------------------------------------------------------------------------------------------------------
Leu CTT   0   0   0   0   0   0 | Pro CCT   1   1   1   1   1   1 | His CAT   0   0   0   0   0   0 | Arg CGT   0   0   1   0   0   0
    CTC   0   0   0   0   0   0 |     CCC   1   1   1   1   1   1 |     CAC   0   0   0   0   0   0 |     CGC   2   2   1   2   2   2
    CTA   0   0   0   0   0   0 |     CCA   1   1   1   1   1   1 | Gln CAA   0   0   0   0   0   0 |     CGA   0   0   0   0   0   0
    CTG   5   5   5   5   5   5 |     CCG   0   0   0   0   0   0 |     CAG   2   2   2   2   2   2 |     CGG   1   1   1   1   1   1
--------------------------------------------------------------------------------------------------------------------------------------
Ile ATT   2   2   2   2   2   2 | Thr ACT   0   0   0   0   0   0 | Asn AAT   2   1   2   2   2   1 | Ser AGT   0   0   0   0   0   0
    ATC   1   1   1   1   1   1 |     ACC   6   6   6   6   6   6 |     AAC   1   2   1   1   1   2 |     AGC   1   1   1   1   1   1
    ATA   0   0   0   0   0   0 |     ACA   2   2   2   2   2   2 | Lys AAA   2   2   2   2   2   2 | Arg AGA   4   4   4   4   4   4
Met ATG   2   2   2   2   2   2 |     ACG   0   0   0   0   0   0 |     AAG   6   6   6   6   6   6 |     AGG   0   0   0   0   0   0
--------------------------------------------------------------------------------------------------------------------------------------
Val GTT   0   0   0   0   0   0 | Ala GCT   2   2   2   2   2   2 | Asp GAT   5   5   5   5   5   4 | Gly GGT   0   0   0   0   0   0
    GTC   0   0   0   0   0   0 |     GCC   0   0   0   0   0   0 |     GAC   3   3   3   3   3   4 |     GGC   1   1   1   1   1   1
    GTA   0   0   0   0   0   0 |     GCA   2   2   2   2   2   2 | Glu GAA   5   5   5   5   5   5 |     GGA   1   1   1   1   1   1
    GTG   1   1   1   1   1   1 |     GCG   1   1   1   1   1   1 |     GAG   2   2   2   2   2   2 |     GGG   2   2   2   2   2   2
--------------------------------------------------------------------------------------------------------------------------------------

--------------------------------------------------------------------------------------------------------------------------------------
Phe TTT   2   3   2   2   2   2 | Ser TCT   0   0   0   0   0   0 | Tyr TAT   0   0   0   0   0   0 | Cys TGT   0   0   0   0   0   0
    TTC   2   1   2   2   2   2 |     TCC   1   1   1   1   1   1 |     TAC   2   2   2   2   2   2 |     TGC   1   1   1   1   1   1
Leu TTA   0   0   0   0   0   0 |     TCA   0   0   0   0   0   0 | *** TAA   0   0   0   0   0   0 | *** TGA   0   0   0   0   0   0
    TTG   0   0   0   0   0   1 |     TCG   1   1   1   1   1   1 |     TAG   0   0   0   0   0   0 | Trp TGG   0   0   0   0   0   0
--------------------------------------------------------------------------------------------------------------------------------------
Leu CTT   0   0   0   0   0   0 | Pro CCT   1   1   1   1   1   1 | His CAT   0   0   0   0   0   0 | Arg CGT   0   0   0   0   0   0
    CTC   0   0   0   0   0   0 |     CCC   1   1   1   1   1   1 |     CAC   0   0   0   0   0   0 |     CGC   2   2   2   2   2   2
    CTA   0   1   0   0   0   0 |     CCA   1   1   1   1   1   1 | Gln CAA   0   0   0   0   0   0 |     CGA   0   0   0   0   0   0
    CTG   5   4   5   5   5   4 |     CCG   0   0   0   0   0   0 |     CAG   2   2   2   2   2   2 |     CGG   1   1   1   1   1   1
--------------------------------------------------------------------------------------------------------------------------------------
Ile ATT   2   2   2   2   2   2 | Thr ACT   0   0   0   0   0   0 | Asn AAT   1   2   1   1   1   1 | Ser AGT   0   0   0   0   0   0
    ATC   1   1   1   1   1   1 |     ACC   6   6   6   6   6   6 |     AAC   2   1   2   2   2   2 |     AGC   1   1   1   1   1   1
    ATA   0   0   0   0   0   0 |     ACA   2   2   2   2   2   2 | Lys AAA   2   2   2   2   2   2 | Arg AGA   4   4   4   4   4   4
Met ATG   2   2   2   2   2   2 |     ACG   0   0   0   0   0   0 |     AAG   6   6   6   6   6   6 |     AGG   0   0   0   0   0   0
--------------------------------------------------------------------------------------------------------------------------------------
Val GTT   0   0   0   0   0   0 | Ala GCT   2   2   2   2   2   2 | Asp GAT   4   5   4   4   5   5 | Gly GGT   0   0   0   0   0   0
    GTC   0   0   0   0   0   0 |     GCC   0   0   0   0   0   1 |     GAC   4   3   4   4   3   3 |     GGC   0   1   0   1   1   1
    GTA   0   0   0   0   0   0 |     GCA   2   2   2   2   2   1 | Glu GAA   5   5   5   5   5   5 |     GGA   2   1   2   1   1   1
    GTG   1   1   1   1   1   1 |     GCG   1   1   1   1   1   1 |     GAG   2   2   2   2   2   2 |     GGG   2   2   2   2   2   2
--------------------------------------------------------------------------------------------------------------------------------------

--------------------------------------------------------------------------------------------------------------------------------------
Phe TTT   2   2   2   2   2   2 | Ser TCT   0   0   0   0   0   0 | Tyr TAT   0   0   0   0   0   0 | Cys TGT   0   0   0   0   0   0
    TTC   2   2   2   2   2   2 |     TCC   1   1   1   1   1   1 |     TAC   2   2   2   1   2   2 |     TGC   1   1   1   2   1   1
Leu TTA   0   0   0   0   0   0 |     TCA   0   0   0   0   0   0 | *** TAA   0   0   0   0   0   0 | *** TGA   0   0   0   0   0   0
    TTG   0   0   0   1   0   0 |     TCG   1   1   1   1   1   1 |     TAG   0   0   0   0   0   0 | Trp TGG   0   0   0   0   0   0
--------------------------------------------------------------------------------------------------------------------------------------
Leu CTT   0   0   0   0   0   0 | Pro CCT   1   1   1   1   1   1 | His CAT   0   0   0   0   0   0 | Arg CGT   0   0   0   0   0   0
    CTC   0   0   0   0   0   0 |     CCC   1   1   1   1   1   1 |     CAC   0   0   0   0   0   0 |     CGC   2   2   2   2   2   2
    CTA   0   0   0   0   0   0 |     CCA   1   1   1   1   1   1 | Gln CAA   0   0   0   0   0   0 |     CGA   0   0   0   0   0   1
    CTG   5   5   5   4   5   5 |     CCG   0   0   0   0   0   0 |     CAG   2   2   2   3   2   2 |     CGG   1   1   1   0   1   0
--------------------------------------------------------------------------------------------------------------------------------------
Ile ATT   2   2   2   1   2   2 | Thr ACT   0   0   0   0   1   0 | Asn AAT   2   2   1   1   1   1 | Ser AGT   0   0   0   0   0   0
    ATC   1   1   1   2   1   1 |     ACC   6   6   6   5   5   6 |     AAC   1   1   2   2   2   2 |     AGC   1   1   1   1   1   1
    ATA   0   0   0   0   0   0 |     ACA   2   2   2   2   2   2 | Lys AAA   2   2   2   3   2   2 | Arg AGA   4   4   4   4   4   4
Met ATG   2   2   2   2   2   2 |     ACG   0   0   0   0   0   0 |     AAG   6   6   6   6   6   6 |     AGG   0   0   0   0   0   0
--------------------------------------------------------------------------------------------------------------------------------------
Val GTT   0   0   0   0   0   0 | Ala GCT   2   2   2   2   2   2 | Asp GAT   5   5   5   5   5   5 | Gly GGT   0   0   0   0   0   0
    GTC   0   0   0   0   0   0 |     GCC   0   0   0   3   0   0 |     GAC   3   3   3   2   3   3 |     GGC   1   1   1   1   1   1
    GTA   0   0   0   0   0   0 |     GCA   2   2   2   0   2   2 | Glu GAA   5   5   5   4   5   5 |     GGA   1   1   1   1   1   1
    GTG   1   1   1   2   1   1 |     GCG   1   1   1   1   1   1 |     GAG   2   2   2   2   2   2 |     GGG   2   2   2   2   2   2
--------------------------------------------------------------------------------------------------------------------------------------

Codon position x base (3x4) table for each sequence.

#1: Argali         
position  1:    T:0.11842    C:0.17105    A:0.38158    G:0.32895
position  2:    T:0.19737    C:0.23684    A:0.39474    G:0.17105
position  3:    T:0.19737    C:0.27632    A:0.21053    G:0.31579
Average         T:0.17105    C:0.22807    A:0.32895    G:0.27193

#2: LesserMouseDeer
position  1:    T:0.13158    C:0.15789    A:0.38158    G:0.32895
position  2:    T:0.19737    C:0.23684    A:0.39474    G:0.17105
position  3:    T:0.10526    C:0.36842    A:0.21053    G:0.31579
Average         T:0.14474    C:0.25439    A:0.32895    G:0.27193

#3: LesserKudu     
position  1:    T:0.11842    C:0.18421    A:0.36842    G:0.32895
position  2:    T:0.19737    C:0.23684    A:0.39474    G:0.17105
position  3:    T:0.18421    C:0.28947    A:0.22368    G:0.30263
Average         T:0.16667    C:0.23684    A:0.32895    G:0.26754

#4: ForestMuskDeer2
position  1:    T:0.13158    C:0.15789    A:0.38158    G:0.32895
position  2:    T:0.19737    C:0.23684    A:0.39474    G:0.17105
position  3:    T:0.17105    C:0.31579    A:0.19737    G:0.31579
Average         T:0.16667    C:0.23684    A:0.32456    G:0.27193

#5: Camel          
position  1:    T:0.13158    C:0.15789    A:0.38158    G:0.32895
position  2:    T:0.19737    C:0.23684    A:0.39474    G:0.17105
position  3:    T:0.18421    C:0.31579    A:0.15789    G:0.34211
Average         T:0.17105    C:0.23684    A:0.31140    G:0.28070

#6: KillerWhale    
position  1:    T:0.11842    C:0.18421    A:0.36842    G:0.32895
position  2:    T:0.19737    C:0.23684    A:0.39474    G:0.17105
position  3:    T:0.18421    C:0.31579    A:0.21053    G:0.28947
Average         T:0.16667    C:0.24561    A:0.32456    G:0.26316

#7: DefassaWaterbuck
position  1:    T:0.11842    C:0.17105    A:0.38158    G:0.32895
position  2:    T:0.19737    C:0.23684    A:0.39474    G:0.17105
position  3:    T:0.19737    C:0.27632    A:0.23684    G:0.28947
Average         T:0.17105    C:0.22807    A:0.33772    G:0.26316

#8: Sheep          
position  1:    T:0.11842    C:0.17105    A:0.38158    G:0.32895
position  2:    T:0.19737    C:0.23684    A:0.39474    G:0.17105
position  3:    T:0.19737    C:0.27632    A:0.21053    G:0.31579
Average         T:0.17105    C:0.22807    A:0.32895    G:0.27193

#9: MaxwellsDuiker 
position  1:    T:0.11842    C:0.17105    A:0.38158    G:0.32895
position  2:    T:0.19737    C:0.23684    A:0.39474    G:0.17105
position  3:    T:0.18421    C:0.27632    A:0.23684    G:0.30263
Average         T:0.16667    C:0.22807    A:0.33772    G:0.26754

#10: GazellaPrzewalskyi
position  1:    T:0.11842    C:0.18421    A:0.36842    G:0.32895
position  2:    T:0.19737    C:0.23684    A:0.39474    G:0.17105
position  3:    T:0.18421    C:0.28947    A:0.18421    G:0.34211
Average         T:0.16667    C:0.23684    A:0.31579    G:0.28070

#11: MountainNyala  
position  1:    T:0.11842    C:0.17105    A:0.38158    G:0.32895
position  2:    T:0.19737    C:0.23684    A:0.39474    G:0.17105
position  3:    T:0.18421    C:0.30263    A:0.22368    G:0.28947
Average         T:0.16667    C:0.23684    A:0.33333    G:0.26316

#12: MuntiacusMuntjak
position  1:    T:0.11842    C:0.17105    A:0.38158    G:0.32895
position  2:    T:0.19737    C:0.23684    A:0.39474    G:0.17105
position  3:    T:0.15789    C:0.30263    A:0.23684    G:0.30263
Average         T:0.15789    C:0.23684    A:0.33772    G:0.26754

#13: goat           
position  1:    T:0.11842    C:0.17105    A:0.38158    G:0.32895
position  2:    T:0.19737    C:0.23684    A:0.39474    G:0.17105
position  3:    T:0.19737    C:0.27632    A:0.22368    G:0.30263
Average         T:0.17105    C:0.22807    A:0.33333    G:0.26754

#14: AfricanBuffalo 
position  1:    T:0.11842    C:0.17105    A:0.38158    G:0.32895
position  2:    T:0.19737    C:0.23684    A:0.39474    G:0.17105
position  3:    T:0.17105    C:0.30263    A:0.22368    G:0.30263
Average         T:0.16228    C:0.23684    A:0.33333    G:0.26754

#15: Topi           
position  1:    T:0.11842    C:0.17105    A:0.38158    G:0.32895
position  2:    T:0.19737    C:0.23684    A:0.39474    G:0.17105
position  3:    T:0.18421    C:0.28947    A:0.22368    G:0.30263
Average         T:0.16667    C:0.23246    A:0.33333    G:0.26754

#16: CommonDuiker   
position  1:    T:0.11842    C:0.17105    A:0.38158    G:0.32895
position  2:    T:0.19737    C:0.23684    A:0.39474    G:0.17105
position  3:    T:0.18421    C:0.28947    A:0.22368    G:0.30263
Average         T:0.16667    C:0.23246    A:0.33333    G:0.26754

#17: Suni           
position  1:    T:0.11842    C:0.17105    A:0.38158    G:0.32895
position  2:    T:0.19737    C:0.23684    A:0.39474    G:0.17105
position  3:    T:0.17105    C:0.30263    A:0.23684    G:0.28947
Average         T:0.16228    C:0.23684    A:0.33772    G:0.26316

#18: Springbuck     
position  1:    T:0.11842    C:0.17105    A:0.38158    G:0.32895
position  2:    T:0.19737    C:0.23684    A:0.39474    G:0.17105
position  3:    T:0.19737    C:0.27632    A:0.21053    G:0.31579
Average         T:0.17105    C:0.22807    A:0.32895    G:0.27193

#19: Okapi          
position  1:    T:0.11842    C:0.17105    A:0.38158    G:0.32895
position  2:    T:0.19737    C:0.23684    A:0.39474    G:0.17105
position  3:    T:0.18421    C:0.28947    A:0.22368    G:0.30263
Average         T:0.16667    C:0.23246    A:0.33333    G:0.26754

#20: Giraffe        
position  1:    T:0.11842    C:0.17105    A:0.39474    G:0.31579
position  2:    T:0.19737    C:0.23684    A:0.39474    G:0.17105
position  3:    T:0.17105    C:0.31579    A:0.22368    G:0.28947
Average         T:0.16228    C:0.24123    A:0.33772    G:0.25877

#21: TibetanAntelope
position  1:    T:0.11842    C:0.17105    A:0.38158    G:0.32895
position  2:    T:0.19737    C:0.23684    A:0.39474    G:0.17105
position  3:    T:0.18421    C:0.28947    A:0.22368    G:0.30263
Average         T:0.16667    C:0.23246    A:0.33333    G:0.26754

#22: Sitatunga      
position  1:    T:0.11842    C:0.17105    A:0.38158    G:0.32895
position  2:    T:0.19737    C:0.23684    A:0.39474    G:0.17105
position  3:    T:0.18421    C:0.28947    A:0.22368    G:0.30263
Average         T:0.16667    C:0.23246    A:0.33333    G:0.26754

#23: Oribi          
position  1:    T:0.11842    C:0.17105    A:0.38158    G:0.32895
position  2:    T:0.19737    C:0.23684    A:0.39474    G:0.17105
position  3:    T:0.18421    C:0.28947    A:0.22368    G:0.30263
Average         T:0.16667    C:0.23246    A:0.33333    G:0.26754

#24: BarbarySheep   
position  1:    T:0.11842    C:0.17105    A:0.38158    G:0.32895
position  2:    T:0.19737    C:0.23684    A:0.39474    G:0.17105
position  3:    T:0.19737    C:0.27632    A:0.22368    G:0.30263
Average         T:0.17105    C:0.22807    A:0.33333    G:0.26754

#25: Daviddeer      
position  1:    T:0.11842    C:0.17105    A:0.38158    G:0.32895
position  2:    T:0.19737    C:0.23684    A:0.39474    G:0.17105
position  3:    T:0.15789    C:0.30263    A:0.23684    G:0.30263
Average         T:0.15789    C:0.23684    A:0.33772    G:0.26754

#26: Reindeer       
position  1:    T:0.11842    C:0.17105    A:0.38158    G:0.32895
position  2:    T:0.19737    C:0.23684    A:0.39474    G:0.17105
position  3:    T:0.15789    C:0.31579    A:0.22368    G:0.30263
Average         T:0.15789    C:0.24123    A:0.33333    G:0.26754

#27: Ibex           
position  1:    T:0.11842    C:0.17105    A:0.38158    G:0.32895
position  2:    T:0.19737    C:0.23684    A:0.39474    G:0.17105
position  3:    T:0.19737    C:0.27632    A:0.22368    G:0.30263
Average         T:0.17105    C:0.22807    A:0.33333    G:0.26754

#28: GyrantGazelle  
position  1:    T:0.11842    C:0.17105    A:0.38158    G:0.32895
position  2:    T:0.19737    C:0.23684    A:0.39474    G:0.17105
position  3:    T:0.21053    C:0.26316    A:0.19737    G:0.32895
Average         T:0.17544    C:0.22368    A:0.32456    G:0.27632

#29: Hartebeest     
position  1:    T:0.11842    C:0.17105    A:0.38158    G:0.32895
position  2:    T:0.19737    C:0.23684    A:0.39474    G:0.17105
position  3:    T:0.18421    C:0.28947    A:0.22368    G:0.30263
Average         T:0.16667    C:0.23246    A:0.33333    G:0.26754

#30: Bongo          
position  1:    T:0.11842    C:0.17105    A:0.38158    G:0.32895
position  2:    T:0.19737    C:0.23684    A:0.39474    G:0.17105
position  3:    T:0.17105    C:0.30263    A:0.22368    G:0.30263
Average         T:0.16228    C:0.23684    A:0.33333    G:0.26754

#31: Gerenuk        
position  1:    T:0.11842    C:0.17105    A:0.38158    G:0.32895
position  2:    T:0.19737    C:0.23684    A:0.39474    G:0.17105
position  3:    T:0.18421    C:0.28947    A:0.22368    G:0.30263
Average         T:0.16667    C:0.23246    A:0.33333    G:0.26754

#32: CommonEland    
position  1:    T:0.11842    C:0.17105    A:0.38158    G:0.32895
position  2:    T:0.19737    C:0.23684    A:0.39474    G:0.17105
position  3:    T:0.17105    C:0.30263    A:0.22368    G:0.30263
Average         T:0.16228    C:0.23684    A:0.33333    G:0.26754

#33: MuntiacusReevesi
position  1:    T:0.11842    C:0.17105    A:0.38158    G:0.32895
position  2:    T:0.19737    C:0.23684    A:0.39474    G:0.17105
position  3:    T:0.15789    C:0.30263    A:0.23684    G:0.30263
Average         T:0.15789    C:0.23684    A:0.33772    G:0.26754

#34: HarveysDuiker  
position  1:    T:0.11842    C:0.17105    A:0.38158    G:0.32895
position  2:    T:0.19737    C:0.23684    A:0.39474    G:0.17105
position  3:    T:0.18421    C:0.28947    A:0.22368    G:0.30263
Average         T:0.16667    C:0.23246    A:0.33333    G:0.26754

#35: Pronghorn      
position  1:    T:0.11842    C:0.17105    A:0.38158    G:0.32895
position  2:    T:0.19737    C:0.23684    A:0.39474    G:0.17105
position  3:    T:0.18421    C:0.27632    A:0.26316    G:0.27632
Average         T:0.16667    C:0.22807    A:0.34649    G:0.25877

#36: BlueWildebeest 
position  1:    T:0.11842    C:0.17105    A:0.38158    G:0.32895
position  2:    T:0.19737    C:0.23684    A:0.39474    G:0.17105
position  3:    T:0.18421    C:0.28947    A:0.22368    G:0.30263
Average         T:0.16667    C:0.23246    A:0.33333    G:0.26754

#37: Gemsbok        
position  1:    T:0.11842    C:0.17105    A:0.38158    G:0.32895
position  2:    T:0.19737    C:0.23684    A:0.39474    G:0.17105
position  3:    T:0.18421    C:0.28947    A:0.22368    G:0.30263
Average         T:0.16667    C:0.23246    A:0.33333    G:0.26754

#38: Yak            
position  1:    T:0.11842    C:0.17105    A:0.38158    G:0.32895
position  2:    T:0.19737    C:0.23684    A:0.39474    G:0.17105
position  3:    T:0.17105    C:0.30263    A:0.22368    G:0.30263
Average         T:0.16228    C:0.23684    A:0.33333    G:0.26754

#39: BlueSheep      
position  1:    T:0.11842    C:0.17105    A:0.38158    G:0.32895
position  2:    T:0.19737    C:0.23684    A:0.39474    G:0.17105
position  3:    T:0.19737    C:0.28947    A:0.22368    G:0.28947
Average         T:0.17105    C:0.23246    A:0.33333    G:0.26316

#40: BohorReedbuck  
position  1:    T:0.11842    C:0.17105    A:0.38158    G:0.32895
position  2:    T:0.19737    C:0.23684    A:0.39474    G:0.17105
position  3:    T:0.18421    C:0.28947    A:0.23684    G:0.28947
Average         T:0.16667    C:0.23246    A:0.33772    G:0.26316

#41: KirksDik       
position  1:    T:0.11842    C:0.17105    A:0.38158    G:0.32895
position  2:    T:0.19737    C:0.23684    A:0.39474    G:0.17105
position  3:    T:0.19737    C:0.27632    A:0.22368    G:0.30263
Average         T:0.17105    C:0.22807    A:0.33333    G:0.26754

#42: RoeDeer        
position  1:    T:0.11842    C:0.17105    A:0.38158    G:0.32895
position  2:    T:0.19737    C:0.23684    A:0.39474    G:0.17105
position  3:    T:0.15789    C:0.31579    A:0.22368    G:0.30263
Average         T:0.15789    C:0.24123    A:0.33333    G:0.26754

#43: WhiteLippedDeer
position  1:    T:0.11842    C:0.17105    A:0.38158    G:0.32895
position  2:    T:0.19737    C:0.23684    A:0.39474    G:0.17105
position  3:    T:0.15789    C:0.30263    A:0.23684    G:0.30263
Average         T:0.15789    C:0.23684    A:0.33772    G:0.26754

#44: ThomsonGazelle 
position  1:    T:0.11842    C:0.17105    A:0.38158    G:0.32895
position  2:    T:0.19737    C:0.23684    A:0.39474    G:0.17105
position  3:    T:0.19737    C:0.27632    A:0.23684    G:0.28947
Average         T:0.17105    C:0.22807    A:0.33772    G:0.26316

#45: MuntiacusCrinifrons
position  1:    T:0.11842    C:0.17105    A:0.38158    G:0.32895
position  2:    T:0.19737    C:0.23684    A:0.39474    G:0.17105
position  3:    T:0.15789    C:0.30263    A:0.23684    G:0.30263
Average         T:0.15789    C:0.23684    A:0.33772    G:0.26754

#46: WhiteTailedDeer
position  1:    T:0.11842    C:0.17105    A:0.38158    G:0.32895
position  2:    T:0.19737    C:0.23684    A:0.39474    G:0.17105
position  3:    T:0.15789    C:0.31579    A:0.22368    G:0.30263
Average         T:0.15789    C:0.24123    A:0.33333    G:0.26754

#47: Cattle         
position  1:    T:0.11842    C:0.17105    A:0.38158    G:0.32895
position  2:    T:0.19737    C:0.23684    A:0.39474    G:0.17105
position  3:    T:0.17105    C:0.30263    A:0.22368    G:0.30263
Average         T:0.16228    C:0.23684    A:0.33333    G:0.26754

#48: RoyalAntelope  
position  1:    T:0.13158    C:0.15789    A:0.38158    G:0.32895
position  2:    T:0.19737    C:0.23684    A:0.39474    G:0.17105
position  3:    T:0.17105    C:0.31579    A:0.21053    G:0.30263
Average         T:0.16667    C:0.23684    A:0.32895    G:0.26754

#49: Steenbok       
position  1:    T:0.11842    C:0.17105    A:0.38158    G:0.32895
position  2:    T:0.19737    C:0.23684    A:0.39474    G:0.17105
position  3:    T:0.18421    C:0.28947    A:0.22368    G:0.30263
Average         T:0.16667    C:0.23246    A:0.33333    G:0.26754

#50: Impala         
position  1:    T:0.11842    C:0.17105    A:0.38158    G:0.32895
position  2:    T:0.19737    C:0.23684    A:0.39474    G:0.17105
position  3:    T:0.18421    C:0.28947    A:0.22368    G:0.30263
Average         T:0.16667    C:0.23246    A:0.33333    G:0.26754

#51: Klipspringer   
position  1:    T:0.11842    C:0.17105    A:0.38158    G:0.32895
position  2:    T:0.19737    C:0.23684    A:0.39474    G:0.17105
