1
52 1
Argali 0.000000 0.071500 0.035800 0.072600 0.021300 0.002800 0.015500 0.022600 0.031400 0.037000 0.007000 0.020500 0.014100 0.015500 0.016900 0.024100 0.037100 0.028400 0.009800 0.031500 0.024100 0.002800 0.037100 0.040100 0.004200 0.025500 0.014100 0.035800 0.021300 0.034800 0.039900 0.016900 0.027000 0.015500 0.022700 0.024100 0.008400 0.019800 0.024100 0.031300 0.043600 0.024000 0.037000 0.032800 0.024100 0.019800 0.022600 0.015500 0.034300 0.032800 0.032900 0.033300
LesserMous 0.071500 0.000000 0.072000 0.081100 0.076300 0.071500 0.062100 0.070000 0.070400 0.077800 0.072900 0.068400 0.065400 0.063100 0.066800 0.073000 0.078200 0.068800 0.069900 0.070600 0.074200 0.068300 0.078100 0.081500 0.069800 0.078100 0.065300 0.075100 0.066800 0.072400 0.081400 0.061600 0.059400 0.063800 0.073700 0.068100 0.074600 0.074800 0.072000 0.067200 0.078000 0.073900 0.077900 0.073600 0.067200 0.074600 0.074400 0.062300 0.090400 0.067900 0.072000 0.070600
LesserKudu 0.035800 0.072000 0.000000 0.084300 0.037400 0.035800 0.027100 0.034300 0.012700 0.041500 0.034300 0.022700 0.030000 0.031400 0.030000 0.037200 0.041600 0.032800 0.031400 0.012700 0.037300 0.032900 0.044600 0.043200 0.031400 0.041600 0.030000 0.014100 0.034400 0.012700 0.044400 0.029900 0.025600 0.031500 0.038800 0.022600 0.035800 0.035900 0.037900 0.035800 0.048100 0.040100 0.041500 0.037300 0.021900 0.035800 0.038700 0.025700 0.047800 0.034400 0.011300 0.011300
KillerWhal 0.072600 0.081100 0.084300 0.000000 0.074400 0.072600 0.065700 0.073400 0.079600 0.077400 0.072700 0.072700 0.065300 0.063600 0.070000 0.076400 0.077100 0.071000 0.070000 0.079800 0.074300 0.071200 0.080800 0.078700 0.069700 0.080900 0.065300 0.083100 0.073400 0.083100 0.080500 0.065600 0.066000 0.063800 0.077400 0.072600 0.074300 0.072900 0.077100 0.071600 0.082800 0.078200 0.077400 0.073200 0.072800 0.074300 0.070000 0.066800 0.086900 0.074300 0.081200 0.082000
DefassaWat 0.021300 0.076300 0.037400 0.074400 0.000000 0.018400 0.017000 0.021300 0.033000 0.038600 0.019800 0.022800 0.015600 0.016900 0.018400 0.025600 0.037200 0.029900 0.017000 0.033000 0.025600 0.018400 0.041600 0.041700 0.017000 0.027000 0.015600 0.037400 0.022800 0.036400 0.041500 0.018400 0.028500 0.017000 0.024200 0.025600 0.021300 0.001400 0.025700 0.032900 0.045200 0.028400 0.038600 0.034300 0.025600 0.021300 0.024100 0.017000 0.035900 0.034400 0.034400 0.034900
Sheep 0.002800 0.071500 0.035800 0.072600 0.018400 0.000000 0.015500 0.022700 0.031400 0.037000 0.009800 0.020500 0.014100 0.015500 0.016900 0.024100 0.037100 0.028400 0.009800 0.031500 0.024100 0.005600 0.040100 0.040100 0.007000 0.025500 0.014100 0.035800 0.021300 0.034700 0.039900 0.016900 0.027000 0.015500 0.022700 0.024100 0.011300 0.017000 0.024100 0.031300 0.043600 0.024000 0.037000 0.032800 0.024100 0.019800 0.022600 0.015500 0.034300 0.032800 0.032900 0.033300
MaxwellsDu 0.015500 0.062100 0.027100 0.065700 0.017000 0.015500 0.000000 0.012700 0.022700 0.031200 0.014100 0.017000 0.009900 0.005600 0.012700 0.014100 0.031300 0.019800 0.011200 0.022800 0.016900 0.012700 0.034200 0.034300 0.011200 0.018300 0.009800 0.027100 0.011300 0.025900 0.034100 0.004200 0.015500 0.008400 0.018400 0.018300 0.015500 0.015500 0.014100 0.025500 0.037600 0.016900 0.031200 0.027000 0.018400 0.015500 0.015500 0.011300 0.030000 0.027000 0.024200 0.024400
GazellaPrz 0.022600 0.070000 0.034300 0.073400 0.021300 0.022700 0.012700 0.000000 0.027000 0.035500 0.021200 0.022700 0.017000 0.015500 0.019800 0.012600 0.038600 0.026900 0.018400 0.030000 0.015500 0.019800 0.041500 0.040100 0.018400 0.014100 0.017000 0.034300 0.009800 0.033300 0.038500 0.014100 0.019800 0.015500 0.025600 0.025500 0.022700 0.019900 0.012700 0.032800 0.045100 0.015500 0.035500 0.034200 0.025500 0.022700 0.014100 0.018400 0.034300 0.034300 0.031400 0.031800
MountainNy 0.031400 0.070400 0.012700 0.079600 0.033000 0.031400 0.022700 0.027000 0.000000 0.034200 0.030000 0.018400 0.025700 0.027000 0.025600 0.029900 0.037200 0.028400 0.027100 0.008400 0.032900 0.028500 0.040200 0.040200 0.027000 0.034300 0.025700 0.007000 0.027100 0.005600 0.037100 0.025600 0.024200 0.027100 0.034400 0.015500 0.031400 0.031500 0.030500 0.031400 0.043600 0.032800 0.034200 0.032900 0.014600 0.031400 0.031400 0.021300 0.040300 0.032900 0.004200 0.004200
MuntiacusM 0.037000 0.077800 0.041500 0.077400 0.038600 0.037000 0.031200 0.035500 0.034200 0.000000 0.035500 0.029700 0.031300 0.032600 0.031400 0.038400 0.036900 0.031100 0.032700 0.037200 0.038500 0.034100 0.008400 0.022600 0.032600 0.042800 0.031200 0.041500 0.035600 0.040200 0.005600 0.034100 0.024000 0.032700 0.034200 0.029700 0.037000 0.037100 0.038600 0.014000 0.011200 0.041300 0.002800 0.015400 0.029700 0.037300 0.037600 0.026900 0.044500 0.031800 0.038600 0.038700
goat 0.007000 0.072900 0.034300 0.072700 0.019800 0.009800 0.014100 0.021200 0.030000 0.035500 0.000000 0.018900 0.012700 0.014100 0.015500 0.022600 0.035600 0.026900 0.008400 0.030000 0.022600 0.004200 0.035700 0.038600 0.002800 0.024100 0.012700 0.034300 0.019800 0.033200 0.038400 0.015500 0.025500 0.014100 0.021300 0.022600 0.007000 0.018400 0.022700 0.029800 0.042000 0.022600 0.035500 0.031300 0.022700 0.018400 0.021200 0.014100 0.032900 0.031400 0.031400 0.031800
AfricanBuf 0.020500 0.068400 0.022700 0.072700 0.022800 0.020500 0.017000 0.022700 0.018400 0.029700 0.018900 0.000000 0.015600 0.016900 0.015500 0.025600 0.029800 0.021200 0.016000 0.018400 0.025600 0.017400 0.032800 0.032800 0.015900 0.029900 0.015600 0.022700 0.022700 0.021500 0.032600 0.018400 0.019800 0.017000 0.024200 0.008400 0.020400 0.021300 0.026200 0.024100 0.036200 0.028400 0.029700 0.025500 0.008400 0.021300 0.024100 0.011300 0.035900 0.025600 0.019800 0.020100
Topi 0.014100 0.065400 0.030000 0.065300 0.015600 0.014100 0.009900 0.017000 0.025700 0.031300 0.012700 0.015600 0.000000 0.009800 0.011300 0.018400 0.031300 0.022700 0.009900 0.025700 0.018400 0.011300 0.034300 0.034400 0.009900 0.022700 0.000000 0.030000 0.015600 0.027500 0.034200 0.011300 0.021300 0.001400 0.017000 0.018400 0.014100 0.014200 0.018400 0.025600 0.037700 0.021200 0.031300 0.027000 0.018400 0.014100 0.016900 0.007000 0.028600 0.027100 0.027100 0.027500
CommonDuik 0.015500 0.063100 0.031400 0.063600 0.016900 0.015500 0.005600 0.015500 0.027000 0.032600 0.014100 0.016900 0.009800 0.000000 0.012700 0.016900 0.032700 0.021200 0.011200 0.027100 0.012700 0.012700 0.035800 0.035700 0.011200 0.021200 0.009800 0.031400 0.014100 0.030300 0.035500 0.004200 0.019800 0.008400 0.018400 0.019700 0.015500 0.015500 0.017000 0.026900 0.039000 0.019700 0.032600 0.028400 0.019800 0.015500 0.015500 0.011300 0.029900 0.028500 0.028500 0.028800
Suni 0.016900 0.066800 0.030000 0.070000 0.018400 0.016900 0.012700 0.019800 0.025600 0.031400 0.015500 0.015500 0.011300 0.012700 0.000000 0.021200 0.031300 0.022600 0.012700 0.025700 0.021200 0.014100 0.034300 0.034300 0.012700 0.025500 0.011300 0.027100 0.018400 0.028800 0.034300 0.014100 0.021200 0.012700 0.019800 0.018400 0.017000 0.017000 0.021300 0.025600 0.037700 0.021200 0.031500 0.027000 0.018400 0.015500 0.017400 0.010000 0.030300 0.027100 0.027100 0.027400
Springbuck 0.024100 0.073000 0.037200 0.076400 0.025600 0.024100 0.014100 0.012600 0.029900 0.038400 0.022600 0.025600 0.018400 0.016900 0.021200 0.000000 0.041400 0.029800 0.019800 0.032900 0.016900 0.021200 0.044400 0.043000 0.019800 0.016900 0.018400 0.037200 0.008400 0.036300 0.041300 0.015500 0.022700 0.017000 0.024100 0.028400 0.024100 0.024100 0.014100 0.035700 0.048000 0.014000 0.038400 0.037100 0.028400 0.022700 0.015500 0.019800 0.035800 0.037200 0.034300 0.034800
Okapi 0.037100 0.078200 0.041600 0.077100 0.037200 0.037100 0.031300 0.038600 0.037200 0.036900 0.035600 0.029800 0.031300 0.032700 0.031300 0.041400 0.000000 0.014000 0.032700 0.037300 0.038600 0.034200 0.040000 0.040000 0.032700 0.042900 0.031300 0.041600 0.038600 0.040600 0.036900 0.034200 0.026900 0.032800 0.040100 0.029800 0.037100 0.035700 0.042300 0.031200 0.043500 0.044300 0.036900 0.032700 0.029800 0.037100 0.040000 0.027000 0.050500 0.032800 0.038700 0.039100
Giraffe 0.028400 0.068800 0.032800 0.071000 0.029900 0.028400 0.019800 0.026900 0.028400 0.031100 0.026900 0.021200 0.022700 0.021200 0.022600 0.029800 0.014000 0.000000 0.024100 0.028500 0.029800 0.025500 0.034100 0.034200 0.024000 0.031200 0.022700 0.032800 0.027000 0.031700 0.031100 0.022600 0.018300 0.021200 0.031300 0.021100 0.028400 0.028500 0.030800 0.025400 0.037600 0.032700 0.031100 0.026900 0.021200 0.028400 0.028300 0.018400 0.043400 0.027000 0.029900 0.030300
TibetanAnt 0.009800 0.069900 0.031400 0.070000 0.017000 0.009800 0.011200 0.018400 0.027100 0.032700 0.008400 0.016000 0.009900 0.011200 0.012700 0.019800 0.032700 0.024100 0.000000 0.027100 0.019800 0.007000 0.035700 0.035800 0.005600 0.021200 0.009900 0.031400 0.017000 0.030300 0.035600 0.012700 0.022700 0.011300 0.018400 0.019800 0.009800 0.015600 0.019800 0.027000 0.039100 0.019800 0.032700 0.028400 0.019800 0.015500 0.018300 0.011300 0.030000 0.028500 0.028500 0.028900
Sitatunga 0.031500 0.070600 0.012700 0.079800 0.033000 0.031500 0.022800 0.030000 0.008400 0.037200 0.030000 0.018400 0.025700 0.027100 0.025700 0.032900 0.037300 0.028500 0.027100 0.000000 0.035900 0.028600 0.040200 0.040300 0.027100 0.037300 0.025700 0.009900 0.030100 0.008400 0.040100 0.025600 0.024200 0.027100 0.034400 0.018400 0.031500 0.031500 0.033500 0.031500 0.043700 0.035800 0.037200 0.032900 0.017600 0.030000 0.034300 0.021400 0.043400 0.033000 0.007000 0.007000
Oribi 0.024100 0.074200 0.037300 0.074300 0.025600 0.024100 0.016900 0.015500 0.032900 0.038500 0.022600 0.025600 0.018400 0.012700 0.021200 0.016900 0.038600 0.029800 0.019800 0.035900 0.000000 0.021200 0.044700 0.043100 0.019800 0.021200 0.018400 0.040200 0.014300 0.039200 0.041400 0.016900 0.022700 0.017000 0.027000 0.028400 0.024100 0.024200 0.014100 0.035700 0.048000 0.019700 0.038400 0.037200 0.028500 0.024100 0.015500 0.019800 0.035800 0.034300 0.037300 0.037700
BarbaryShe 0.002800 0.068300 0.032900 0.071200 0.018400 0.005600 0.012700 0.019800 0.028500 0.034100 0.004200 0.017400 0.011300 0.012700 0.014100 0.021200 0.034200 0.025500 0.007000 0.028600 0.021200 0.000000 0.034200 0.037200 0.001400 0.022600 0.011300 0.032900 0.018400 0.031800 0.037000 0.014100 0.024100 0.012700 0.019800 0.021200 0.005600 0.017000 0.021300 0.028400 0.040500 0.021200 0.034100 0.029900 0.021200 0.017000 0.019800 0.012700 0.031500 0.030000 0.030000 0.030300
Daviddeer 0.037100 0.078100 0.044600 0.080800 0.041600 0.040100 0.034200 0.041500 0.040200 0.008400 0.035700 0.032800 0.034300 0.035800 0.034300 0.044400 0.040000 0.034100 0.035700 0.040200 0.044700 0.034200 0.000000 0.025500 0.032800 0.048800 0.034300 0.044600 0.041600 0.043300 0.011200 0.037100 0.026900 0.035800 0.037200 0.032700 0.037200 0.040200 0.044600 0.015500 0.005600 0.047300 0.008400 0.018300 0.032800 0.040400 0.043000 0.028500 0.050600 0.034900 0.041600 0.041800
Reindeer 0.040100 0.081500 0.043200 0.078700 0.041700 0.040100 0.034300 0.040100 0.040200 0.022600 0.038600 0.032800 0.034400 0.035700 0.034300 0.043000 0.040000 0.034200 0.035800 0.040300 0.043100 0.037200 0.025500 0.000000 0.035700 0.047400 0.034300 0.044700 0.040200 0.043300 0.025500 0.037200 0.027000 0.035800 0.040200 0.032800 0.040200 0.040300 0.043200 0.016900 0.029100 0.045900 0.022600 0.012700 0.032800 0.040500 0.041500 0.030000 0.049200 0.034300 0.041700 0.041900
Ibex 0.004200 0.069800 0.031400 0.069700 0.017000 0.007000 0.011200 0.018400 0.027000 0.032600 0.002800 0.015900 0.009900 0.011200 0.012700 0.019800 0.032700 0.024000 0.005600 0.027100 0.019800 0.001400 0.032800 0.035700 0.000000 0.021200 0.009800 0.031400 0.016900 0.030300 0.035500 0.012700 0.022700 0.011300 0.018400 0.019800 0.004200 0.015600 0.019800 0.027000 0.039100 0.019700 0.032600 0.028400 0.019800 0.015500 0.018300 0.011300 0.030000 0.028500 0.028500 0.028900
GyrantGaze 0.025500 0.078100 0.041600 0.080900 0.027000 0.025500 0.018300 0.014100 0.034300 0.042800 0.024100 0.029900 0.022700 0.021200 0.025500 0.016900 0.042900 0.031200 0.021200 0.037300 0.021200 0.022600 0.048800 0.047400 0.021200 0.000000 0.022700 0.041600 0.014100 0.040600 0.042800 0.019800 0.027000 0.021200 0.031300 0.032700 0.025500 0.025600 0.018400 0.040000 0.052500 0.011200 0.042800 0.041500 0.032700 0.028400 0.019700 0.024100 0.040100 0.041600 0.038700 0.039200
Hartebeest 0.014100 0.065300 0.030000 0.065300 0.015600 0.014100 0.009800 0.017000 0.025700 0.031200 0.012700 0.015600 0.000000 0.009800 0.011300 0.018400 0.031300 0.022700 0.009900 0.025700 0.018400 0.011300 0.034300 0.034300 0.009800 0.022700 0.000000 0.030000 0.015600 0.027500 0.034200 0.011300 0.021300 0.001400 0.017000 0.018400 0.014100 0.014100 0.018400 0.025600 0.037700 0.021200 0.031200 0.027000 0.018400 0.014100 0.016900 0.007000 0.028600 0.027100 0.027100 0.027500
Bongo 0.035800 0.075100 0.014100 0.083100 0.037400 0.035800 0.027100 0.034300 0.007000 0.041500 0.034300 0.022700 0.030000 0.031400 0.027100 0.037200 0.041600 0.032800 0.031400 0.009900 0.040200 0.032900 0.044600 0.044700 0.031400 0.041600 0.030000 0.000000 0.034400 0.007000 0.044500 0.029900 0.028500 0.031500 0.038800 0.019800 0.035900 0.035900 0.037900 0.035800 0.048100 0.037200 0.041500 0.037300 0.019000 0.034400 0.035800 0.026000 0.046700 0.037300 0.002800 0.005600
Gerenuk 0.021300 0.066800 0.034400 0.073400 0.022800 0.021300 0.011300 0.009800 0.027100 0.035600 0.019800 0.022700 0.015600 0.014100 0.018400 0.008400 0.038600 0.027000 0.017000 0.030100 0.014300 0.018400 0.041600 0.040200 0.016900 0.014100 0.015600 0.034400 0.000000 0.033300 0.038500 0.012700 0.019800 0.014100 0.024200 0.025600 0.021300 0.021300 0.011300 0.032800 0.045100 0.011200 0.035600 0.034300 0.025600 0.021300 0.012700 0.017000 0.033000 0.034400 0.031500 0.031900
CommonElan 0.034800 0.072400 0.012700 0.083100 0.036400 0.034700 0.025900 0.033300 0.005600 0.040200 0.033200 0.021500 0.027500 0.030300 0.028800 0.036300 0.040600 0.031700 0.030300 0.008400 0.039200 0.031800 0.043300 0.043300 0.030300 0.040600 0.027500 0.007000 0.033300 0.000000 0.043200 0.028800 0.027200 0.028900 0.037500 0.018600 0.034700 0.034900 0.036800 0.034400 0.046900 0.039100 0.040100 0.035900 0.017800 0.034800 0.037700 0.024500 0.046400 0.036300 0.004200 0.004200
MuntiacusR 0.039900 0.081400 0.044400 0.080500 0.041500 0.039900 0.034100 0.038500 0.037100 0.005600 0.038400 0.032600 0.034200 0.035500 0.034300 0.041300 0.036900 0.031100 0.035600 0.040100 0.041400 0.037000 0.011200 0.025500 0.035500 0.042800 0.034200 0.044500 0.038500 0.043200 0.000000 0.037000 0.026900 0.035600 0.037100 0.032600 0.037000 0.040100 0.041500 0.016900 0.014000 0.044200 0.005600 0.018300 0.032600 0.040200 0.040500 0.029800 0.047500 0.034700 0.041500 0.041600
HarveysDui 0.016900 0.061600 0.029900 0.065600 0.018400 0.016900 0.004200 0.014100 0.025600 0.034100 0.015500 0.018400 0.011300 0.004200 0.014100 0.015500 0.034200 0.022600 0.012700 0.025600 0.016900 0.014100 0.037100 0.037200 0.012700 0.019800 0.011300 0.029900 0.012700 0.028800 0.037000 0.000000 0.018400 0.009900 0.019800 0.021200 0.016900 0.017000 0.015500 0.028400 0.040500 0.018300 0.034100 0.029900 0.021200 0.016900 0.016900 0.012700 0.031400 0.029900 0.027000 0.027300
Pronghorn 0.027000 0.059400 0.025600 0.066000 0.028500 0.027000 0.015500 0.019800 0.024200 0.024000 0.025500 0.019800 0.021300 0.019800 0.021200 0.022700 0.026900 0.018300 0.022700 0.024200 0.022700 0.024100 0.026900 0.027000 0.022700 0.027000 0.021300 0.028500 0.019800 0.027200 0.026900 0.018400 0.000000 0.019800 0.027000 0.019800 0.027000 0.027100 0.023200 0.018300 0.030300 0.025500 0.024000 0.019800 0.019800 0.027000 0.024100 0.017000 0.038800 0.019800 0.025600 0.025700
BlueWildeb 0.015500 0.063800 0.031500 0.063800 0.017000 0.015500 0.008400 0.015500 0.027100 0.032700 0.014100 0.017000 0.001400 0.008400 0.012700 0.017000 0.032800 0.021200 0.011300 0.027100 0.017000 0.012700 0.035800 0.035800 0.011300 0.021200 0.001400 0.031500 0.014100 0.028900 0.035600 0.009900 0.019800 0.000000 0.018400 0.019800 0.015600 0.015600 0.017000 0.027000 0.039200 0.019800 0.032700 0.028500 0.019800 0.015600 0.015500 0.008500 0.030100 0.028600 0.028600 0.028900
Gemsbok 0.022700 0.073700 0.038800 0.077400 0.024200 0.022700 0.018400 0.025600 0.034400 0.034200 0.021300 0.024200 0.017000 0.018400 0.019800 0.024100 0.040100 0.031300 0.018400 0.034400 0.027000 0.019800 0.037200 0.040200 0.018400 0.031300 0.017000 0.038800 0.024200 0.037500 0.037100 0.019800 0.027000 0.018400 0.000000 0.027000 0.022700 0.022800 0.027100 0.031400 0.040700 0.029900 0.034200 0.032800 0.026200 0.021300 0.025500 0.018700 0.031500 0.034900 0.035800 0.036000
Yak 0.024100 0.068100 0.022600 0.072600 0.025600 0.024100 0.018300 0.025500 0.015500 0.029700 0.022600 0.008400 0.018400 0.019700 0.018400 0.028400 0.029800 0.021100 0.019800 0.018400 0.028400 0.021200 0.032700 0.032800 0.019800 0.032700 0.018400 0.019800 0.025600 0.018600 0.032600 0.021200 0.019800 0.019800 0.027000 0.000000 0.024100 0.024100 0.029100 0.024100 0.036100 0.031200 0.029700 0.025500 0.002800 0.021200 0.026900 0.014100 0.038700 0.025500 0.016900 0.017200
BlueSheep 0.008400 0.074600 0.035800 0.074300 0.021300 0.011300 0.015500 0.022700 0.031400 0.037000 0.007000 0.020400 0.014100 0.015500 0.017000 0.024100 0.037100 0.028400 0.009800 0.031500 0.024100 0.005600 0.037200 0.040200 0.004200 0.025500 0.014100 0.035900 0.021300 0.034700 0.037000 0.016900 0.027000 0.015600 0.022700 0.024100 0.000000 0.019900 0.024700 0.031400 0.043500 0.024100 0.037000 0.032800 0.024100 0.019800 0.022700 0.015600 0.034400 0.032900 0.032900 0.033300
BohorReedb 0.019800 0.074800 0.035900 0.072900 0.001400 0.017000 0.015500 0.019900 0.031500 0.037100 0.018400 0.021300 0.014200 0.015500 0.017000 0.024100 0.035700 0.028500 0.015600 0.031500 0.024200 0.017000 0.040200 0.040300 0.015600 0.025600 0.014100 0.035900 0.021300 0.034900 0.040100 0.017000 0.027100 0.015600 0.022800 0.024100 0.019900 0.000000 0.024200 0.031400 0.043700 0.027000 0.037100 0.032900 0.024200 0.019900 0.022700 0.015600 0.034400 0.033000 0.033000 0.033500
KirksDik 0.024100 0.072000 0.037900 0.077100 0.025700 0.024100 0.014100 0.012700 0.030500 0.038600 0.022700 0.026200 0.018400 0.017000 0.021300 0.014100 0.042300 0.030800 0.019800 0.033500 0.014100 0.021300 0.044600 0.043200 0.019800 0.018400 0.018400 0.037900 0.011300 0.036800 0.041500 0.015500 0.023200 0.017000 0.027100 0.029100 0.024700 0.024200 0.000000 0.035800 0.048100 0.015500 0.038600 0.037300 0.029100 0.024200 0.015500 0.019900 0.035900 0.036500 0.034900 0.035300
RoeDeer 0.031300 0.067200 0.035800 0.071600 0.032900 0.031300 0.025500 0.032800 0.031400 0.014000 0.029800 0.024100 0.025600 0.026900 0.025600 0.035700 0.031200 0.025400 0.027000 0.031500 0.035700 0.028400 0.015500 0.016900 0.027000 0.040000 0.025600 0.035800 0.032800 0.034400 0.016900 0.028400 0.018300 0.027000 0.031400 0.024100 0.031400 0.031400 0.035800 0.000000 0.018900 0.038500 0.014000 0.009800 0.024100 0.031600 0.034200 0.018400 0.043100 0.026000 0.032900 0.033000
WhiteLippe 0.043600 0.078000 0.048100 0.082800 0.045200 0.043600 0.037600 0.045100 0.043600 0.011200 0.042000 0.036200 0.037700 0.039000 0.037700 0.048000 0.043500 0.037600 0.039100 0.043700 0.048000 0.040500 0.005600 0.029100 0.039100 0.052500 0.037700 0.048100 0.045100 0.046900 0.014000 0.040500 0.030300 0.039200 0.040700 0.036100 0.043500 0.043700 0.048100 0.018900 0.000000 0.050900 0.011200 0.021800 0.036100 0.043800 0.046500 0.031800 0.054200 0.038700 0.045100 0.045300
ThomsonGaz 0.024000 0.073900 0.040100 0.078200 0.028400 0.024000 0.016900 0.015500 0.032800 0.041300 0.022600 0.028400 0.021200 0.019700 0.021200 0.014000 0.044300 0.032700 0.019800 0.035800 0.019700 0.021200 0.047300 0.045900 0.019700 0.011200 0.021200 0.037200 0.011200 0.039100 0.044200 0.018300 0.025500 0.019800 0.029900 0.031200 0.024100 0.027000 0.015500 0.038500 0.050900 0.000000 0.041300 0.040000 0.031300 0.026900 0.015500 0.023100 0.037700 0.037100 0.037200 0.037700
MuntiacusC 0.037000 0.077900 0.041500 0.077400 0.038600 0.037000 0.031200 0.035500 0.034200 0.002800 0.035500 0.029700 0.031300 0.032600 0.031500 0.038400 0.036900 0.031100 0.032700 0.037200 0.038400 0.034100 0.008400 0.022600 0.032600 0.042800 0.031200 0.041500 0.035600 0.040100 0.005600 0.034100 0.024000 0.032700 0.034200 0.029700 0.037000 0.037100 0.038600 0.014000 0.011200 0.041300 0.000000 0.015400 0.029700 0.037300 0.037600 0.026900 0.044500 0.031800 0.038600 0.038700
WhiteTaile 0.032800 0.073600 0.037300 0.073200 0.034300 0.032800 0.027000 0.034200 0.032900 0.015400 0.031300 0.025500 0.027000 0.028400 0.027000 0.037100 0.032700 0.026900 0.028400 0.032900 0.037200 0.029900 0.018300 0.012700 0.028400 0.041500 0.027000 0.037300 0.034300 0.035900 0.018300 0.029900 0.019800 0.028500 0.032800 0.025500 0.032800 0.032900 0.037300 0.009800 0.021800 0.040000 0.015400 0.000000 0.025500 0.033100 0.035700 0.022700 0.044700 0.028500 0.034300 0.034500
Cattle 0.024100 0.067200 0.021900 0.072800 0.025600 0.024100 0.018400 0.025500 0.014600 0.029700 0.022700 0.008400 0.018400 0.019800 0.018400 0.028400 0.029800 0.021200 0.019800 0.017600 0.028500 0.021200 0.032800 0.032800 0.019800 0.032700 0.018400 0.019000 0.025600 0.017800 0.032600 0.021200 0.019800 0.019800 0.026200 0.002800 0.024100 0.024200 0.029100 0.024100 0.036100 0.031300 0.029700 0.025500 0.000000 0.024100 0.027000 0.014100 0.038800 0.025600 0.016100 0.016300
RoyalAntel 0.019800 0.074600 0.035800 0.074300 0.021300 0.019800 0.015500 0.022700 0.031400 0.037300 0.018400 0.021300 0.014100 0.015500 0.015500 0.022700 0.037100 0.028400 0.015500 0.030000 0.024100 0.017000 0.040400 0.040500 0.015500 0.028400 0.014100 0.034400 0.021300 0.034800 0.040200 0.016900 0.027000 0.015600 0.021300 0.021200 0.019800 0.019900 0.024200 0.031600 0.043800 0.026900 0.037300 0.033100 0.024100 0.000000 0.022700 0.015600 0.034400 0.032900 0.032900 0.033300
Steenbok 0.022600 0.074400 0.038700 0.070000 0.024100 0.022600 0.015500 0.014100 0.031400 0.037600 0.021200 0.024100 0.016900 0.015500 0.017400 0.015500 0.040000 0.028300 0.018300 0.034300 0.015500 0.019800 0.043000 0.041500 0.018300 0.019700 0.016900 0.035800 0.012700 0.037700 0.040500 0.016900 0.024100 0.015500 0.025500 0.026900 0.022700 0.022700 0.015500 0.034200 0.046500 0.015500 0.037600 0.035700 0.027000 0.022700 0.000000 0.018700 0.033200 0.035700 0.035800 0.036200
Impala 0.015500 0.062300 0.025700 0.066800 0.017000 0.015500 0.011300 0.018400 0.021300 0.026900 0.014100 0.011300 0.007000 0.011300 0.010000 0.019800 0.027000 0.018400 0.011300 0.021400 0.019800 0.012700 0.028500 0.030000 0.011300 0.024100 0.007000 0.026000 0.017000 0.024500 0.029800 0.012700 0.017000 0.008500 0.018700 0.014100 0.015600 0.015600 0.019900 0.018400 0.031800 0.023100 0.026900 0.022700 0.014100 0.015600 0.018700 0.000000 0.030100 0.022800 0.022800 0.023000
Klipspring 0.034300 0.090400 0.047800 0.086900 0.035900 0.034300 0.030000 0.034300 0.040300 0.044500 0.032900 0.035900 0.028600 0.029900 0.030300 0.035800 0.050500 0.043400 0.030000 0.043400 0.035800 0.031500 0.050600 0.049200 0.030000 0.040100 0.028600 0.046700 0.033000 0.046400 0.047500 0.031400 0.038800 0.030100 0.031500 0.038700 0.034400 0.034400 0.035900 0.043100 0.054200 0.037700 0.044500 0.044700 0.038800 0.034400 0.033200 0.030100 0.000000 0.046300 0.044800 0.045000
ForestMusk 0.032800 0.067900 0.034400 0.074300 0.034400 0.032800 0.027000 0.034300 0.032900 0.031800 0.031400 0.025600 0.027100 0.028500 0.027100 0.037200 0.032800 0.027000 0.028500 0.033000 0.034300 0.030000 0.034900 0.034300 0.028500 0.041600 0.027100 0.037300 0.034400 0.036300 0.034700 0.029900 0.019800 0.028600 0.034900 0.025500 0.032900 0.033000 0.036500 0.026000 0.038700 0.037100 0.031800 0.028500 0.025600 0.032900 0.035700 0.022800 0.046300 0.000000 0.034400 0.034800
Bushbuck 0.032900 0.072000 0.011300 0.081200 0.034400 0.032900 0.024200 0.031400 0.004200 0.038600 0.031400 0.019800 0.027100 0.028500 0.027100 0.034300 0.038700 0.029900 0.028500 0.007000 0.037300 0.030000 0.041600 0.041700 0.028500 0.038700 0.027100 0.002800 0.031500 0.004200 0.041500 0.027000 0.025600 0.028600 0.035800 0.016900 0.032900 0.033000 0.034900 0.032900 0.045100 0.037200 0.038600 0.034300 0.016100 0.032900 0.035800 0.022800 0.044800 0.034400 0.000000 0.002800
GreaterKud 0.033300 0.070600 0.011300 0.082000 0.034900 0.033300 0.024400 0.031800 0.004200 0.038700 0.031800 0.020100 0.027500 0.028800 0.027400 0.034800 0.039100 0.030300 0.028900 0.007000 0.037700 0.030300 0.041800 0.041900 0.028900 0.039200 0.027500 0.005600 0.031900 0.004200 0.041600 0.027300 0.025700 0.028900 0.036000 0.017200 0.033300 0.033500 0.035300 0.033000 0.045300 0.037700 0.038700 0.034500 0.016300 0.033300 0.036200 0.023000 0.045000 0.034800 0.002800 0.000000
