CODONML (in paml version 4.10.7, June 2023)  /home/rachel/ruminants_paml/6406-phy-tree/ENSBTAT00000037835.fasta.phy
Model: free dN/dS Ratios for branches,  kappa = 2.000 fixed

Codon frequency model: F3x4
ns =  54  ls =  21

Codon usage in sequences
--------------------------------------------------------------------------------------------------------------------------------------
Phe TTT   0   0   0   0   0   0 | Ser TCT   0   0   0   0   0   0 | Tyr TAT   0   0   0   0   0   0 | Cys TGT   0   0   0   0   0   0
    TTC   0   1   0   0   0   0 |     TCC   1   1   1   1   1   1 |     TAC   1   0   1   1   1   1 |     TGC   0   0   0   0   0   0
Leu TTA   0   0   0   0   1   0 |     TCA   1   0   1   1   0   1 | *** TAA   0   0   0   0   0   0 | *** TGA   0   0   0   0   0   0
    TTG   0   0   0   0   0   0 |     TCG   0   0   0   0   0   0 |     TAG   0   0   0   0   0   0 | Trp TGG   0   0   0   0   0   0
--------------------------------------------------------------------------------------------------------------------------------------
Leu CTT   1   1   1   1   1   1 | Pro CCT   0   0   0   0   0   0 | His CAT   0   0   0   0   0   0 | Arg CGT   0   0   0   0   0   0
    CTC   1   0   0   0   0   0 |     CCC   0   1   1   1   3   1 |     CAC   1   1   1   1   1   1 |     CGC   0   0   0   0   0   1
    CTA   0   0   0   0   0   0 |     CCA   2   3   2   2   0   2 | Gln CAA   1   1   1   1   0   0 |     CGA   0   0   0   0   1   0
    CTG   0   0   0   0   0   0 |     CCG   0   0   0   0   0   0 |     CAG   0   0   0   0   0   0 |     CGG   0   0   0   0   0   0
--------------------------------------------------------------------------------------------------------------------------------------
Ile ATT   0   0   0   0   1   0 | Thr ACT   0   0   0   0   0   0 | Asn AAT   0   0   0   0   0   0 | Ser AGT   0   0   0   0   0   0
    ATC   0   0   0   0   0   0 |     ACC   0   0   0   0   0   0 |     AAC   0   0   0   0   0   0 |     AGC   0   0   0   0   0   0
    ATA   1   1   1   1   1   1 |     ACA   0   0   0   0   0   0 | Lys AAA   0   0   0   0   1   0 | Arg AGA   1   0   1   1   0   1
Met ATG   0   1   1   1   0   1 |     ACG   1   1   1   1   1   1 |     AAG   1   1   1   1   1   1 |     AGG   0   1   0   0   0   0
--------------------------------------------------------------------------------------------------------------------------------------
Val GTT   0   0   0   0   0   0 | Ala GCT   0   0   0   0   0   0 | Asp GAT   1   1   1   1   1   1 | Gly GGT   0   0   0   0   0   0
    GTC   1   1   1   1   1   1 |     GCC   1   1   1   1   1   1 |     GAC   1   1   1   1   1   1 |     GGC   1   1   1   1   1   1
    GTA   0   0   0   0   0   0 |     GCA   0   0   0   0   0   0 | Glu GAA   0   0   0   0   0   1 |     GGA   2   2   2   2   2   1
    GTG   1   0   0   0   0   0 |     GCG   0   0   0   0   0   0 |     GAG   0   0   0   0   0   0 |     GGG   0   0   0   0   0   0
--------------------------------------------------------------------------------------------------------------------------------------

--------------------------------------------------------------------------------------------------------------------------------------
Phe TTT   0   0   0   0   0   0 | Ser TCT   0   0   0   0   0   0 | Tyr TAT   0   0   0   0   0   0 | Cys TGT   0   0   0   0   0   0
    TTC   0   0   0   0   0   0 |     TCC   1   1   1   1   1   1 |     TAC   1   1   1   1   1   1 |     TGC   0   0   0   0   0   0
Leu TTA   0   0   0   0   0   0 |     TCA   1   1   1   1   1   1 | *** TAA   0   0   0   0   0   0 | *** TGA   0   0   0   0   0   0
    TTG   0   0   0   0   0   0 |     TCG   0   0   0   0   0   0 |     TAG   0   0   0   0   0   0 | Trp TGG   0   0   0   0   0   0
--------------------------------------------------------------------------------------------------------------------------------------
Leu CTT   1   1   1   1   1   1 | Pro CCT   0   0   0   0   0   0 | His CAT   0   0   0   0   0   0 | Arg CGT   0   0   0   0   0   0
    CTC   0   1   0   0   0   0 |     CCC   2   0   1   1   1   1 |     CAC   1   1   1   1   1   1 |     CGC   0   0   0   0   0   0
    CTA   0   0   0   0   0   0 |     CCA   1   2   2   2   2   2 | Gln CAA   1   1   1   1   1   1 |     CGA   0   0   0   0   0   0
    CTG   0   0   0   0   0   0 |     CCG   0   0   0   0   0   0 |     CAG   0   0   0   0   0   0 |     CGG   0   0   0   0   0   0
--------------------------------------------------------------------------------------------------------------------------------------
Ile ATT   0   0   0   0   0   0 | Thr ACT   0   0   0   0   0   0 | Asn AAT   0   0   0   0   0   0 | Ser AGT   0   0   0   0   0   0
    ATC   0   0   0   0   0   0 |     ACC   0   0   0   0   0   0 |     AAC   0   0   0   0   0   0 |     AGC   0   0   0   0   0   0
    ATA   1   1   1   1   1   1 |     ACA   0   0   0   0   0   0 | Lys AAA   0   0   0   0   0   0 | Arg AGA   1   1   1   1   1   1
Met ATG   1   0   1   1   1   1 |     ACG   1   1   1   1   1   1 |     AAG   1   1   1   1   1   1 |     AGG   0   0   0   0   0   0
--------------------------------------------------------------------------------------------------------------------------------------
Val GTT   0   0   0   0   0   0 | Ala GCT   0   0   0   0   0   0 | Asp GAT   1   1   1   1   1   1 | Gly GGT   0   0   0   0   0   0
    GTC   1   1   1   1   1   1 |     GCC   1   1   1   1   1   1 |     GAC   1   1   1   1   1   1 |     GGC   1   1   1   1   1   1
    GTA   0   0   0   0   0   0 |     GCA   0   0   0   0   0   0 | Glu GAA   0   0   0   0   0   0 |     GGA   2   2   2   2   2   2
    GTG   0   1   0   0   0   0 |     GCG   0   0   0   0   0   0 |     GAG   0   0   0   0   0   0 |     GGG   0   0   0   0   0   0
--------------------------------------------------------------------------------------------------------------------------------------

--------------------------------------------------------------------------------------------------------------------------------------
Phe TTT   0   0   0   0   0   0 | Ser TCT   0   0   0   0   0   0 | Tyr TAT   0   0   0   0   0   0 | Cys TGT   0   0   0   0   0   0
    TTC   0   0   0   0   0   0 |     TCC   1   1   1   1   1   1 |     TAC   1   1   1   1   1   1 |     TGC   0   0   0   0   0   0
Leu TTA   0   0   0   0   0   0 |     TCA   1   1   1   1   1   1 | *** TAA   0   0   0   0   0   0 | *** TGA   0   0   0   0   0   0
    TTG   0   0   0   0   0   0 |     TCG   0   0   0   0   0   0 |     TAG   0   0   0   0   0   0 | Trp TGG   0   0   0   0   0   0
--------------------------------------------------------------------------------------------------------------------------------------
Leu CTT   1   1   1   1   1   1 | Pro CCT   0   0   0   0   0   0 | His CAT   0   0   0   0   1   0 | Arg CGT   0   0   0   0   0   0
    CTC   1   0   1   0   0   0 |     CCC   0   1   0   1   1   1 |     CAC   1   1   1   1   1   1 |     CGC   0   0   0   0   0   0
    CTA   0   0   0   0   0   0 |     CCA   2   2   2   2   2   2 | Gln CAA   1   1   1   1   1   1 |     CGA   0   0   0   0   0   0
    CTG   0   0   0   0   0   0 |     CCG   0   0   0   0   0   0 |     CAG   0   0   0   0   0   0 |     CGG   0   0   0   0   0   0
--------------------------------------------------------------------------------------------------------------------------------------
Ile ATT   0   0   0   0   0   0 | Thr ACT   0   0   0   0   0   0 | Asn AAT   0   0   0   0   0   0 | Ser AGT   0   0   0   0   0   0
    ATC   0   0   0   0   0   0 |     ACC   0   0   0   0   0   0 |     AAC   0   0   0   0   0   0 |     AGC   0   0   0   0   0   0
    ATA   1   1   1   1   1   1 |     ACA   0   0   0   0   0   0 | Lys AAA   0   0   0   0   0   0 | Arg AGA   1   1   1   1   1   1
Met ATG   1   1   1   1   1   1 |     ACG   1   1   1   1   1   1 |     AAG   1   1   1   1   1   1 |     AGG   0   0   0   0   0   0
--------------------------------------------------------------------------------------------------------------------------------------
Val GTT   0   0   0   0   0   0 | Ala GCT   0   0   0   0   0   0 | Asp GAT   1   1   1   1   0   1 | Gly GGT   0   0   0   0   0   0
    GTC   1   1   1   1   1   1 |     GCC   1   1   1   1   1   1 |     GAC   1   1   1   1   1   1 |     GGC   1   1   1   1   1   1
    GTA   0   0   0   0   0   0 |     GCA   0   0   0   0   0   0 | Glu GAA   0   0   0   0   0   0 |     GGA   2   2   2   2   2   2
    GTG   0   0   0   0   0   0 |     GCG   0   0   0   0   0   0 |     GAG   0   0   0   0   0   0 |     GGG   0   0   0   0   0   0
--------------------------------------------------------------------------------------------------------------------------------------

--------------------------------------------------------------------------------------------------------------------------------------
Phe TTT   0   0   0   0   0   0 | Ser TCT   0   0   0   0   0   0 | Tyr TAT   0   0   0   0   0   0 | Cys TGT   0   0   0   0   0   0
    TTC   0   0   0   0   0   0 |     TCC   1   1   1   1   1   1 |     TAC   1   1   1   1   1   1 |     TGC   0   0   0   0   0   0
Leu TTA   0   0   0   0   0   0 |     TCA   1   1   1   1   1   1 | *** TAA   0   0   0   0   0   0 | *** TGA   0   0   0   0   0   0
    TTG   0   0   0   0   0   0 |     TCG   0   0   0   0   0   0 |     TAG   0   0   0   0   0   0 | Trp TGG   0   0   0   0   0   0
--------------------------------------------------------------------------------------------------------------------------------------
Leu CTT   1   1   1   1   1   1 | Pro CCT   0   0   0   0   0   0 | His CAT   0   0   0   0   0   0 | Arg CGT   0   0   0   0   0   0
    CTC   0   0   1   0   0   1 |     CCC   1   1   0   1   1   0 |     CAC   1   1   1   1   1   1 |     CGC   0   0   0   0   0   0
    CTA   0   0   0   0   0   0 |     CCA   2   2   2   2   2   2 | Gln CAA   1   1   1   0   1   1 |     CGA   0   0   0   0   0   0
    CTG   0   0   0   0   0   0 |     CCG   0   0   0   0   0   0 |     CAG   0   0   0   1   0   0 |     CGG   0   0   0   0   0   0
--------------------------------------------------------------------------------------------------------------------------------------
Ile ATT   0   0   0   0   0   0 | Thr ACT   0   0   0   0   0   0 | Asn AAT   0   0   0   0   0   0 | Ser AGT   0   0   0   0   0   0
    ATC   0   0   0   0   0   0 |     ACC   1   0   0   0   0   0 |     AAC   0   0   0   0   0   0 |     AGC   0   0   0   0   0   0
    ATA   1   1   1   1   1   1 |     ACA   0   0   0   0   0   0 | Lys AAA   0   0   0   0   0   0 | Arg AGA   1   1   1   1   1   1
Met ATG   1   1   1   1   1   1 |     ACG   0   1   1   1   1   1 |     AAG   1   1   1   1   1   1 |     AGG   0   0   0   0   0   0
--------------------------------------------------------------------------------------------------------------------------------------
Val GTT   0   0   0   0   0   0 | Ala GCT   0   0   0   0   0   0 | Asp GAT   1   1   1   1   1   1 | Gly GGT   0   0   0   0   0   0
    GTC   1   1   1   1   1   1 |     GCC   1   1   1   1   1   1 |     GAC   1   1   1   1   1   1 |     GGC   1   1   1   1   1   1
    GTA   0   0   0   0   0   0 |     GCA   0   0   0   0   0   0 | Glu GAA   0   0   0   0   0   0 |     GGA   2   2   2   2   2   2
    GTG   0   0   0   0   0   0 |     GCG   0   0   0   0   0   0 |     GAG   0   0   0   0   0   0 |     GGG   0   0   0   0   0   0
--------------------------------------------------------------------------------------------------------------------------------------

--------------------------------------------------------------------------------------------------------------------------------------
Phe TTT   0   0   0   0   0   0 | Ser TCT   0   0   0   0   0   0 | Tyr TAT   0   0   0   0   0   0 | Cys TGT   0   0   0   0   0   0
    TTC   0   0   0   0   0   0 |     TCC   1   1   1   1   1   1 |     TAC   1   1   1   1   1   1 |     TGC   0   0   0   0   0   0
Leu TTA   0   0   0   0   0   0 |     TCA   1   1   1   1   1   1 | *** TAA   0   0   0   0   0   0 | *** TGA   0   0   0   0   0   0
    TTG   0   0   0   0   0   0 |     TCG   0   0   0   0   0   0 |     TAG   0   0   0   0   0   0 | Trp TGG   0   0   0   0   0   0
--------------------------------------------------------------------------------------------------------------------------------------
Leu CTT   1   1   1   1   1   1 | Pro CCT   0   0   0   0   0   0 | His CAT   0   0   0   0   0   0 | Arg CGT   0   0   0   0   0   0
    CTC   0   0   1   0   1   0 |     CCC   1   1   0   1   0   1 |     CAC   1   1   1   1   1   1 |     CGC   0   0   0   0   0   0
    CTA   0   0   0   0   0   0 |     CCA   2   2   2   2   2   1 | Gln CAA   1   1   1   1   1   1 |     CGA   0   0   0   0   0   0
    CTG   0   0   0   0   0   0 |     CCG   0   0   0   0   0   1 |     CAG   0   0   0   0   0   0 |     CGG   0   0   0   0   0   0
--------------------------------------------------------------------------------------------------------------------------------------
Ile ATT   0   0   0   0   0   0 | Thr ACT   0   0   0   0   0   0 | Asn AAT   0   0   0   0   0   0 | Ser AGT   0   0   0   0   0   0
    ATC   0   0   0   0   0   0 |     ACC   0   0   0   0   0   0 |     AAC   0   0   0   0   0   0 |     AGC   0   0   0   0   0   0
    ATA   1   1   1   1   1   1 |     ACA   0   0   0   0   0   0 | Lys AAA   0   0   0   0   0   0 | Arg AGA   1   1   1   1   1   1
Met ATG   1   1   1   1   1   1 |     ACG   1   1   1   1   1   1 |     AAG   1   1   1   1   1   1 |     AGG   0   0   0   0   0   0
--------------------------------------------------------------------------------------------------------------------------------------
Val GTT   0   0   0   0   0   0 | Ala GCT   0   0   0   0   0   0 | Asp GAT   1   1   1   1   1   1 | Gly GGT   0   0   0   0   0   0
    GTC   1   1   1   1   1   1 |     GCC   1   1   1   1   1   1 |     GAC   1   1   1   1   1   1 |     GGC   1   1   1   1   1   1
    GTA   0   0   0   0   0   0 |     GCA   0   0   0   0   0   0 | Glu GAA   0   0   0   0   0   0 |     GGA   2   2   2   2   2   2
    GTG   0   0   0   0   0   0 |     GCG   0   0   0   0   0   0 |     GAG   0   0   0   0   0   0 |     GGG   0   0   0   0   0   0
--------------------------------------------------------------------------------------------------------------------------------------

--------------------------------------------------------------------------------------------------------------------------------------
Phe TTT   0   0   0   0   0   0 | Ser TCT   0   0   0   0   0   0 | Tyr TAT   0   0   0   0   0   0 | Cys TGT   0   0   0   0   0   0
    TTC   0   0   0   0   0   0 |     TCC   1   1   1   1   1   1 |     TAC   1   1   1   1   1   1 |     TGC   0   0   0   0   0   0
Leu TTA   0   0   0   0   0   0 |     TCA   1   1   1   1   1   1 | *** TAA   0   0   0   0   0   0 | *** TGA   0   0   0   0   0   0
    TTG   0   0   0   0   0   0 |     TCG   0   0   0   0   0   0 |     TAG   0   0   0   0   0   0 | Trp TGG   0   0   0   0   0   0
--------------------------------------------------------------------------------------------------------------------------------------
Leu CTT   1   1   1   1   1   1 | Pro CCT   0   0   0   0   0   0 | His CAT   0   0   0   0   0   0 | Arg CGT   0   0   0   0   0   0
    CTC   0   0   0   0   0   1 |     CCC   1   1   1   1   1   0 |     CAC   1   1   1   1   1   1 |     CGC   0   0   0   0   0   0
    CTA   0   0   0   0   0   0 |     CCA   2   2   2   2   3   2 | Gln CAA   0   1   1   1   0   1 |     CGA   0   0   0   0   0   0
    CTG   0   0   0   0   0   0 |     CCG   0   0   0   0   0   0 |     CAG   1   0   0   0   0   0 |     CGG   0   0   0   0   0   0
--------------------------------------------------------------------------------------------------------------------------------------
Ile ATT   0   0   0   0   0   0 | Thr ACT   0   0   0   0   0   0 | Asn AAT   0   0   0   0   0   0 | Ser AGT   0   0   0   0   0   0
    ATC   0   0   0   0   0   0 |     ACC   0   0   0   0   0   0 |     AAC   0   0   0   0   0   0 |     AGC   0   0   0   0   0   0
    ATA   1   1   1   1   1   1 |     ACA   0   0   0   0   0   0 | Lys AAA   0   0   0   0   0   0 | Arg AGA   1   1   1   0   1   1
Met ATG   1   1   1   1   1   1 |     ACG   1   1   1   1   1   1 |     AAG   1   1   1   1   1   1 |     AGG   0   0   0   1   0   0
--------------------------------------------------------------------------------------------------------------------------------------
Val GTT   0   0   0   0   0   0 | Ala GCT   0   0   0   0   0   0 | Asp GAT   1   1   1   1   1   1 | Gly GGT   0   0   0   0   0   0
    GTC   1   1   1   1   1   1 |     GCC   1   1   1   1   1   1 |     GAC   1   1   1   1   1   1 |     GGC   1   1   1   1   1   1
    GTA   0   0   0   0   0   0 |     GCA   0   0   0   0   0   0 | Glu GAA   0   0   0   0   0   0 |     GGA   2   2   2   2   2   2
    GTG   0   0   0   0   0   0 |     GCG   0   0   0   0   0   0 |     GAG   0   0   0   0   0   0 |     GGG   0   0   0   0   0   0
--------------------------------------------------------------------------------------------------------------------------------------

--------------------------------------------------------------------------------------------------------------------------------------
Phe TTT   0   0   0   0   0   0 | Ser TCT   0   0   0   0   0   0 | Tyr TAT   0   0   0   0   0   0 | Cys TGT   0   0   0   0   0   0
    TTC   0   0   0   0   0   0 |     TCC   1   1   1   1   1   1 |     TAC   1   1   1   1   1   1 |     TGC   0   0   0   0   0   0
Leu TTA   0   0   0   0   0   0 |     TCA   1   1   1   1   1   0 | *** TAA   0   0   0   0   0   0 | *** TGA   0   0   0   0   0   0
    TTG   0   0   0   0   0   0 |     TCG   0   0   0   0   0   1 |     TAG   0   0   0   0   0   0 | Trp TGG   0   0   0   0   0   0
--------------------------------------------------------------------------------------------------------------------------------------
Leu CTT   1   1   1   1   1   1 | Pro CCT   0   0   0   0   0   0 | His CAT   0   0   0   0   1   0 | Arg CGT   0   0   0   0   0   0
    CTC   1   0   1   0   0   0 |     CCC   0   1   0   2   1   1 |     CAC   1   1   1   1   0   1 |     CGC   0   0   0   0   0   0
    CTA   0   0   0   0   0   0 |     CCA   2   2   2   1   2   2 | Gln CAA   1   1   1   1   1   0 |     CGA   0   0   0   0   0   0
    CTG   0   0   0   0   0   0 |     CCG   0   0   0   0   0   0 |     CAG   0   0   0   0   0   1 |     CGG   0   0   0   0   0   0
--------------------------------------------------------------------------------------------------------------------------------------
Ile ATT   0   0   0   0   0   0 | Thr ACT   0   0   0   0   0   0 | Asn AAT   0   0   0   0   0   0 | Ser AGT   0   0   0   0   0   0
    ATC   0   0   0   0   0   0 |     ACC   0   0   0   0   0   0 |     AAC   0   0   0   0   0   0 |     AGC   0   0   0   0   0   0
    ATA   0   1   1   1   1   1 |     ACA   0   0   0   0   0   0 | Lys AAA   0   0   0   0   0   0 | Arg AGA   1   1   1   1   1   1
Met ATG   1   1   1   1   1   1 |     ACG   1   1   1   1   1   1 |     AAG   1   1   1   1   1   1 |     AGG   0   0   0   0   0   0
--------------------------------------------------------------------------------------------------------------------------------------
Val GTT   0   0   0   0   0   0 | Ala GCT   0   0   0   0   0   0 | Asp GAT   1   1   1   1   1   1 | Gly GGT   0   0   0   0   0   0
    GTC   1   1   1   1   1   1 |     GCC   1   1   1   1   1   1 |     GAC   1   1   1   1   1   1 |     GGC   1   1   1   1   1   1
    GTA   1   0   0   0   0   0 |     GCA   0   0   0   0   0   0 | Glu GAA   0   0   0   0   0   0 |     GGA   2   2   2   2   2   2
    GTG   0   0   0   0   0   0 |     GCG   0   0   0   0   0   0 |     GAG   0   0   0   0   0   0 |     GGG   0   0   0   0   0   0
--------------------------------------------------------------------------------------------------------------------------------------

--------------------------------------------------------------------------------------------------------------------------------------
Phe TTT   0   0   0   0   0   0 | Ser TCT   0   0   0   0   0   0 | Tyr TAT   0   0   0   0   0   0 | Cys TGT   0   0   0   0   0   0
    TTC   0   0   0   0   0   0 |     TCC   1   2   1   1   1   1 |     TAC   1   1   1   1   1   1 |     TGC   0   0   0   0   0   0
Leu TTA   0   0   0   0   0   0 |     TCA   1   0   1   1   1   0 | *** TAA   0   0   0   0   0   0 | *** TGA   0   0   0   0   0   0
    TTG   0   0   0   0   0   0 |     TCG   0   0   0   0   0   1 |     TAG   0   0   0   0   0   0 | Trp TGG   0   0   0   0   0   0
--------------------------------------------------------------------------------------------------------------------------------------
Leu CTT   1   1   1   1   1   1 | Pro CCT   0   0   0   0   0   1 | His CAT   0   0   0   0   0   0 | Arg CGT   0   0   0   0   0   0
    CTC   0   0   0   0   0   0 |     CCC   1   1   1   1   1   1 |     CAC   1   1   1   1   1   1 |     CGC   0   0   0   0   0   0
    CTA   0   0   0   0   0   0 |     CCA   2   2   2   2   2   1 | Gln CAA   1   1   1   1   1   1 |     CGA   0   0   0   0   0   0
    CTG   0   0   0   0   0   0 |     CCG   0   0   0   0   0   0 |     CAG   0   0   0   0   0   0 |     CGG   0   0   0   0   0   0
--------------------------------------------------------------------------------------------------------------------------------------
Ile ATT   0   0   0   0   0   0 | Thr ACT   0   0   0   0   0   0 | Asn AAT   0   0   0   0   0   0 | Ser AGT   0   0   0   0   0   0
    ATC   0   0   0   0   0   0 |     ACC   0   0   0   0   0   0 |     AAC   0   0   0   0   0   0 |     AGC   0   0   0   0   0   0
    ATA   1   1   1   0   1   1 |     ACA   0   0   0   0   0   0 | Lys AAA   0   0   0   0   0   0 | Arg AGA   1   1   1   1   1   1
Met ATG   1   1   1   1   1   1 |     ACG   1   1   1   1   1   1 |     AAG   1   1   1   1   1   1 |     AGG   0   0   0   0   0   0
--------------------------------------------------------------------------------------------------------------------------------------
Val GTT   0   0   0   0   0   0 | Ala GCT   0   0   0   0   0   0 | Asp GAT   1   1   1   1   1   1 | Gly GGT   0   0   0   0   0   0
    GTC   1   1   1   1   1   1 |     GCC   1   1   1   1   1   1 |     GAC   1   1   1   1   1   1 |     GGC   1   1   1   1   1   1
    GTA   0   0   0   1   0   0 |     GCA   0   0   0   0   0   0 | Glu GAA   0   0   0   0   0   0 |     GGA   2   2   2   2   2   2
    GTG   0   0   0   0   0   0 |     GCG   0   0   0   0   0   0 |     GAG   0   0   0   0   0   0 |     GGG   0   0   0   0   0   0
--------------------------------------------------------------------------------------------------------------------------------------

--------------------------------------------------------------------------------------------------------------------------------------
Phe TTT   0   0   0   0   0   0 | Ser TCT   0   0   0   0   0   0 | Tyr TAT   0   0   0   0   0   0 | Cys TGT   0   0   0   0   0   0
    TTC   0   0   0   0   0   0 |     TCC   1   1   1   1   1   1 |     TAC   1   1   1   1   1   1 |     TGC   0   0   0   0   0   0
Leu TTA   0   0   0   0   0   0 |     TCA   1   1   1   1   1   1 | *** TAA   0   0   0   0   0   0 | *** TGA   0   0   0   0   0   0
    TTG   0   0   0   0   0   0 |     TCG   0   0   0   0   0   0 |     TAG   0   0   0   0   0   0 | Trp TGG   0   0   0   0   0   0
--------------------------------------------------------------------------------------------------------------------------------------
Leu CTT   1   1   1   1   1   1 | Pro CCT   0   0   0   0   0   0 | His CAT   1   0   0   0   0   0 | Arg CGT   0   0   0   0   0   0
    CTC   0   0   0   0   0   1 |     CCC   1   1   1   1   1   0 |     CAC   0   1   1   1   1   1 |     CGC   0   0   0   0   0   0
    CTA   0   0   0   0   0   0 |     CCA   2   2   2   2   2   2 | Gln CAA   1   1   0   1   1   1 |     CGA   0   0   0   0   0   0
    CTG   0   0   0   0   0   0 |     CCG   0   0   0   0   0   0 |     CAG   0   0   1   0   0   0 |     CGG   0   0   0   0   0   0
--------------------------------------------------------------------------------------------------------------------------------------
Ile ATT   0   0   0   0   0   0 | Thr ACT   0   0   0   0   0   0 | Asn AAT   0   0   0   0   0   0 | Ser AGT   0   0   0   0   0   0
    ATC   0   0   0   0   0   0 |     ACC   0   0   0   0   0   0 |     AAC   0   0   0   0   0   0 |     AGC   0   0   0   0   0   0
    ATA   1   1   1   1   1   1 |     ACA   0   0   0   0   0   0 | Lys AAA   0   0   0   0   0   0 | Arg AGA   1   1   1   1   1   1
Met ATG   1   1   1   1   1   1 |     ACG   1   1   1   1   1   1 |     AAG   1   1   1   1   1   1 |     AGG   0   0   0   0   0   0
--------------------------------------------------------------------------------------------------------------------------------------
Val GTT   0   0   0   0   0   0 | Ala GCT   0   0   0   0   0   0 | Asp GAT   1   1   1   1   1   1 | Gly GGT   0   0   0   0   0   0
    GTC   1   1   1   1   1   1 |     GCC   1   1   1   1   1   1 |     GAC   1   1   1   1   1   1 |     GGC   1   1   1   1   1   1
    GTA   0   0   0   0   0   0 |     GCA   0   0   0   0   0   0 | Glu GAA   0   0   0   0   0   0 |     GGA   2   2   2   2   2   2
    GTG   0   0   0   0   0   0 |     GCG   0   0   0   0   0   0 |     GAG   0   0   0   0   0   0 |     GGG   0   0   0   0   0   0
--------------------------------------------------------------------------------------------------------------------------------------

Codon position x base (3x4) table for each sequence.

#1: Argali         
position  1:    T:0.14286    C:0.28571    A:0.19048    G:0.38095
position  2:    T:0.23810    C:0.28571    A:0.28571    G:0.19048
position  3:    T:0.09524    C:0.38095    A:0.38095    G:0.14286
Average         T:0.15873    C:0.31746    A:0.28571    G:0.23810

#2: LesserMouseDeer
position  1:    T:0.09524    C:0.33333    A:0.23810    G:0.33333
position  2:    T:0.23810    C:0.33333    A:0.23810    G:0.19048
position  3:    T:0.09524    C:0.38095    A:0.33333    G:0.19048
Average         T:0.14286    C:0.34921    A:0.26984    G:0.23810

#3: LesserKudu     
position  1:    T:0.14286    C:0.28571    A:0.23810    G:0.33333
position  2:    T:0.19048    C:0.33333    A:0.28571    G:0.19048
position  3:    T:0.09524    C:0.38095    A:0.38095    G:0.14286
Average         T:0.14286    C:0.33333    A:0.30159    G:0.22222

#4: ForestMuskDeer2
position  1:    T:0.14286    C:0.28571    A:0.23810    G:0.33333
position  2:    T:0.19048    C:0.33333    A:0.28571    G:0.19048
position  3:    T:0.09524    C:0.38095    A:0.38095    G:0.14286
Average         T:0.14286    C:0.33333    A:0.30159    G:0.22222

#5: Camel          
position  1:    T:0.14286    C:0.28571    A:0.23810    G:0.33333
position  2:    T:0.23810    C:0.28571    A:0.28571    G:0.19048
position  3:    T:0.14286    C:0.47619    A:0.28571    G:0.09524
Average         T:0.17460    C:0.34921    A:0.26984    G:0.20635

#6: KillerWhale    
position  1:    T:0.14286    C:0.28571    A:0.23810    G:0.33333
position  2:    T:0.19048    C:0.33333    A:0.28571    G:0.19048
position  3:    T:0.09524    C:0.42857    A:0.33333    G:0.14286
Average         T:0.14286    C:0.34921    A:0.28571    G:0.22222

#7: DefassaWaterbuck
position  1:    T:0.14286    C:0.28571    A:0.23810    G:0.33333
position  2:    T:0.19048    C:0.33333    A:0.28571    G:0.19048
position  3:    T:0.09524    C:0.42857    A:0.33333    G:0.14286
Average         T:0.14286    C:0.34921    A:0.28571    G:0.22222

#8: Sheep          
position  1:    T:0.14286    C:0.28571    A:0.19048    G:0.38095
position  2:    T:0.23810    C:0.28571    A:0.28571    G:0.19048
position  3:    T:0.09524    C:0.38095    A:0.38095    G:0.14286
Average         T:0.15873    C:0.31746    A:0.28571    G:0.23810

#9: MaxwellsDuiker 
position  1:    T:0.14286    C:0.28571    A:0.23810    G:0.33333
position  2:    T:0.19048    C:0.33333    A:0.28571    G:0.19048
position  3:    T:0.09524    C:0.38095    A:0.38095    G:0.14286
Average         T:0.14286    C:0.33333    A:0.30159    G:0.22222

#10: GazellaPrzewalskyi
position  1:    T:0.14286    C:0.28571    A:0.23810    G:0.33333
position  2:    T:0.19048    C:0.33333    A:0.28571    G:0.19048
position  3:    T:0.09524    C:0.38095    A:0.38095    G:0.14286
Average         T:0.14286    C:0.33333    A:0.30159    G:0.22222

#11: MountainNyala  
position  1:    T:0.14286    C:0.28571    A:0.23810    G:0.33333
position  2:    T:0.19048    C:0.33333    A:0.28571    G:0.19048
position  3:    T:0.09524    C:0.38095    A:0.38095    G:0.14286
Average         T:0.14286    C:0.33333    A:0.30159    G:0.22222

#12: MuntiacusMuntjak
position  1:    T:0.14286    C:0.28571    A:0.23810    G:0.33333
position  2:    T:0.19048    C:0.33333    A:0.28571    G:0.19048
position  3:    T:0.09524    C:0.38095    A:0.38095    G:0.14286
Average         T:0.14286    C:0.33333    A:0.30159    G:0.22222

#13: goat           
position  1:    T:0.14286    C:0.28571    A:0.23810    G:0.33333
position  2:    T:0.23810    C:0.28571    A:0.28571    G:0.19048
position  3:    T:0.09524    C:0.38095    A:0.38095    G:0.14286
Average         T:0.15873    C:0.31746    A:0.30159    G:0.22222

#14: AfricanBuffalo 
position  1:    T:0.14286    C:0.28571    A:0.23810    G:0.33333
position  2:    T:0.19048    C:0.33333    A:0.28571    G:0.19048
position  3:    T:0.09524    C:0.38095    A:0.38095    G:0.14286
Average         T:0.14286    C:0.33333    A:0.30159    G:0.22222

#15: Topi           
position  1:    T:0.14286    C:0.28571    A:0.23810    G:0.33333
position  2:    T:0.23810    C:0.28571    A:0.28571    G:0.19048
position  3:    T:0.09524    C:0.38095    A:0.38095    G:0.14286
Average         T:0.15873    C:0.31746    A:0.30159    G:0.22222

#16: CommonDuiker   
position  1:    T:0.14286    C:0.28571    A:0.23810    G:0.33333
position  2:    T:0.19048    C:0.33333    A:0.28571    G:0.19048
position  3:    T:0.09524    C:0.38095    A:0.38095    G:0.14286
Average         T:0.14286    C:0.33333    A:0.30159    G:0.22222

#17: Suni           
position  1:    T:0.14286    C:0.33333    A:0.23810    G:0.28571
position  2:    T:0.19048    C:0.33333    A:0.28571    G:0.19048
position  3:    T:0.09524    C:0.38095    A:0.38095    G:0.14286
Average         T:0.14286    C:0.34921    A:0.30159    G:0.20635

#18: Springbuck     
position  1:    T:0.14286    C:0.28571    A:0.23810    G:0.33333
position  2:    T:0.19048    C:0.33333    A:0.28571    G:0.19048
position  3:    T:0.09524    C:0.38095    A:0.38095    G:0.14286
Average         T:0.14286    C:0.33333    A:0.30159    G:0.22222

#19: Okapi          
position  1:    T:0.14286    C:0.28571    A:0.23810    G:0.33333
position  2:    T:0.19048    C:0.33333    A:0.28571    G:0.19048
position  3:    T:0.09524    C:0.42857    A:0.38095    G:0.09524
Average         T:0.14286    C:0.34921    A:0.30159    G:0.20635

#20: Giraffe        
position  1:    T:0.14286    C:0.28571    A:0.23810    G:0.33333
position  2:    T:0.19048    C:0.33333    A:0.28571    G:0.19048
position  3:    T:0.09524    C:0.38095    A:0.38095    G:0.14286
Average         T:0.14286    C:0.33333    A:0.30159    G:0.22222

#21: TibetanAntelope
position  1:    T:0.14286    C:0.28571    A:0.23810    G:0.33333
position  2:    T:0.23810    C:0.28571    A:0.28571    G:0.19048
position  3:    T:0.09524    C:0.38095    A:0.38095    G:0.14286
Average         T:0.15873    C:0.31746    A:0.30159    G:0.22222

#22: Sitatunga      
position  1:    T:0.14286    C:0.28571    A:0.23810    G:0.33333
position  2:    T:0.19048    C:0.33333    A:0.28571    G:0.19048
position  3:    T:0.09524    C:0.38095    A:0.33333    G:0.19048
Average         T:0.14286    C:0.33333    A:0.28571    G:0.23810

#23: Oribi          
position  1:    T:0.14286    C:0.28571    A:0.23810    G:0.33333
position  2:    T:0.19048    C:0.33333    A:0.28571    G:0.19048
position  3:    T:0.09524    C:0.38095    A:0.38095    G:0.14286
Average         T:0.14286    C:0.33333    A:0.30159    G:0.22222

#24: BarbarySheep   
position  1:    T:0.14286    C:0.28571    A:0.23810    G:0.33333
position  2:    T:0.23810    C:0.28571    A:0.28571    G:0.19048
position  3:    T:0.09524    C:0.38095    A:0.38095    G:0.14286
Average         T:0.15873    C:0.31746    A:0.30159    G:0.22222

#25: Daviddeer      
position  1:    T:0.14286    C:0.28571    A:0.23810    G:0.33333
position  2:    T:0.19048    C:0.33333    A:0.28571    G:0.19048
position  3:    T:0.09524    C:0.38095    A:0.38095    G:0.14286
Average         T:0.14286    C:0.33333    A:0.30159    G:0.22222

#26: Reindeer       
position  1:    T:0.14286    C:0.28571    A:0.23810    G:0.33333
position  2:    T:0.19048    C:0.33333    A:0.28571    G:0.19048
position  3:    T:0.09524    C:0.38095    A:0.38095    G:0.14286
Average         T:0.14286    C:0.33333    A:0.30159    G:0.22222

#27: Ibex           
position  1:    T:0.14286    C:0.28571    A:0.23810    G:0.33333
position  2:    T:0.23810    C:0.28571    A:0.28571    G:0.19048
position  3:    T:0.09524    C:0.38095    A:0.38095    G:0.14286
Average         T:0.15873    C:0.31746    A:0.30159    G:0.22222

#28: GyrantGazelle  
position  1:    T:0.14286    C:0.28571    A:0.23810    G:0.33333
position  2:    T:0.19048    C:0.33333    A:0.28571    G:0.19048
position  3:    T:0.09524    C:0.38095    A:0.38095    G:0.14286
Average         T:0.14286    C:0.33333    A:0.30159    G:0.22222

#29: Hartebeest     
position  1:    T:0.14286    C:0.28571    A:0.23810    G:0.33333
position  2:    T:0.23810    C:0.28571    A:0.28571    G:0.19048
position  3:    T:0.09524    C:0.38095    A:0.38095    G:0.14286
Average         T:0.15873    C:0.31746    A:0.30159    G:0.22222

#30: Bongo          
position  1:    T:0.14286    C:0.28571    A:0.23810    G:0.33333
position  2:    T:0.19048    C:0.33333    A:0.28571    G:0.19048
position  3:    T:0.09524    C:0.38095    A:0.33333    G:0.19048
Average         T:0.14286    C:0.33333    A:0.28571    G:0.23810

#31: Gerenuk        
position  1:    T:0.14286    C:0.28571    A:0.23810    G:0.33333
position  2:    T:0.19048    C:0.33333    A:0.28571    G:0.19048
position  3:    T:0.09524    C:0.38095    A:0.33333    G:0.19048
Average         T:0.14286    C:0.33333    A:0.28571    G:0.23810

#32: CommonEland    
position  1:    T:0.14286    C:0.28571    A:0.23810    G:0.33333
position  2:    T:0.19048    C:0.33333    A:0.28571    G:0.19048
position  3:    T:0.09524    C:0.38095    A:0.38095    G:0.14286
Average         T:0.14286    C:0.33333    A:0.30159    G:0.22222

#33: MuntiacusReevesi
position  1:    T:0.14286    C:0.28571    A:0.23810    G:0.33333
position  2:    T:0.19048    C:0.33333    A:0.28571    G:0.19048
position  3:    T:0.09524    C:0.38095    A:0.38095    G:0.14286
Average         T:0.14286    C:0.33333    A:0.30159    G:0.22222

#34: HarveysDuiker  
position  1:    T:0.14286    C:0.28571    A:0.23810    G:0.33333
position  2:    T:0.19048    C:0.33333    A:0.28571    G:0.19048
position  3:    T:0.09524    C:0.38095    A:0.33333    G:0.19048
Average         T:0.14286    C:0.33333    A:0.28571    G:0.23810

#35: Pronghorn      
position  1:    T:0.14286    C:0.28571    A:0.23810    G:0.33333
position  2:    T:0.19048    C:0.38095    A:0.23810    G:0.19048
position  3:    T:0.09524    C:0.38095    A:0.38095    G:0.14286
Average         T:0.14286    C:0.34921    A:0.28571    G:0.22222

#36: BlueWildebeest 
position  1:    T:0.14286    C:0.28571    A:0.23810    G:0.33333
position  2:    T:0.23810    C:0.28571    A:0.28571    G:0.19048
position  3:    T:0.09524    C:0.38095    A:0.38095    G:0.14286
Average         T:0.15873    C:0.31746    A:0.30159    G:0.22222

#37: Gemsbok        
position  1:    T:0.14286    C:0.28571    A:0.19048    G:0.38095
position  2:    T:0.23810    C:0.28571    A:0.28571    G:0.19048
position  3:    T:0.09524    C:0.38095    A:0.38095    G:0.14286
Average         T:0.15873    C:0.31746    A:0.28571    G:0.23810

#38: Yak            
position  1:    T:0.14286    C:0.28571    A:0.23810    G:0.33333
position  2:    T:0.19048    C:0.33333    A:0.28571    G:0.19048
position  3:    T:0.09524    C:0.38095    A:0.38095    G:0.14286
Average         T:0.14286    C:0.33333    A:0.30159    G:0.22222

#39: BlueSheep      
position  1:    T:0.14286    C:0.28571    A:0.23810    G:0.33333
position  2:    T:0.23810    C:0.28571    A:0.28571    G:0.19048
position  3:    T:0.09524    C:0.38095    A:0.38095    G:0.14286
Average         T:0.15873    C:0.31746    A:0.30159    G:0.22222

#40: BohorReedbuck  
position  1:    T:0.14286    C:0.28571    A:0.23810    G:0.33333
position  2:    T:0.19048    C:0.33333    A:0.28571    G:0.19048
position  3:    T:0.09524    C:0.42857    A:0.33333    G:0.14286
Average         T:0.14286    C:0.34921    A:0.28571    G:0.22222

#41: KirksDik       
position  1:    T:0.14286    C:0.28571    A:0.23810    G:0.33333
position  2:    T:0.19048    C:0.33333    A:0.28571    G:0.19048
position  3:    T:0.14286    C:0.33333    A:0.38095    G:0.14286
Average         T:0.15873    C:0.31746    A:0.30159    G:0.22222

#42: RoeDeer        
position  1:    T:0.14286    C:0.28571    A:0.23810    G:0.33333
position  2:    T:0.19048    C:0.33333    A:0.28571    G:0.19048
position  3:    T:0.09524    C:0.38095    A:0.28571    G:0.23810
Average         T:0.14286    C:0.33333    A:0.26984    G:0.25397

#43: WhiteLippedDeer
position  1:    T:0.14286    C:0.28571    A:0.23810    G:0.33333
position  2:    T:0.19048    C:0.33333    A:0.28571    G:0.19048
position  3:    T:0.09524    C:0.38095    A:0.38095    G:0.14286
Average         T:0.14286    C:0.33333    A:0.30159    G:0.22222

#44: ThomsonGazelle 
position  1:    T:0.14286    C:0.28571    A:0.23810    G:0.33333
position  2:    T:0.19048    C:0.33333    A:0.28571    G:0.19048
position  3:    T:0.09524    C:0.42857    A:0.33333    G:0.14286
Average         T:0.14286    C:0.34921    A:0.28571    G:0.22222

#45: MuntiacusCrinifrons
position  1:    T:0.14286    C:0.28571    A:0.23810    G:0.33333
position  2:    T:0.19048    C:0.33333    A:0.28571    G:0.19048
position  3:    T:0.09524    C:0.38095    A:0.38095    G:0.14286
Average         T:0.14286    C:0.33333    A:0.30159    G:0.22222

#46: WhiteTailedDeer
position  1:    T:0.14286    C:0.28571    A:0.19048    G:0.38095
position  2:    T:0.19048    C:0.33333    A:0.28571    G:0.19048
position  3:    T:0.09524    C:0.38095    A:0.38095    G:0.14286
Average         T:0.14286    C:0.33333    A:0.28571    G:0.23810

#47: Cattle         
position  1:    T:0.14286    C:0.28571    A:0.23810    G:0.33333
position  2:    T:0.19048    C:0.33333    A:0.28571    G:0.19048
position  3:    T:0.09524    C:0.38095    A:0.38095    G:0.14286
Average         T:0.14286    C:0.33333    A:0.30159    G:0.22222

#48: RoyalAntelope  
position  1:    T:0.14286    C:0.28571    A:0.23810    G:0.33333
position  2:    T:0.19048    C:0.33333    A:0.28571    G:0.19048
position  3:    T:0.14286    C:0.38095    A:0.28571    G:0.19048
Average         T:0.15873    C:0.33333    A:0.26984    G:0.23810

#49: Steenbok       
position  1:    T:0.14286    C:0.28571    A:0.23810    G:0.33333
position  2:    T:0.19048    C:0.33333    A:0.28571    G:0.19048
position  3:    T:0.14286    C:0.33333    A:0.38095    G:0.14286
Average         T:0.15873    C:0.31746    A:0.30159    G:0.22222

#50: Impala         
position  1:    T:0.14286    C:0.28571    A:0.23810    G:0.33333
position  2:    T:0.19048    C:0.33333    A:0.28571    G:0.19048
position  3:    T:0.09524    C:0.38095    A:0.38095    G:0.14286
Average         T:0.14286    C:0.33333    A:0.30159    G:0.22222

#51: Klipspringer   
position  1:    T:0.14286    C:0.28571    A:0.23810    G:0.33333
position  2:    T:0.19048    C:0.33333    A:0.28571    G:0.19048
