1
52 1
Argali 0.000000 0.404100 0.180100 0.475600 0.613600 0.000000 0.268500 0.120700 0.250200 0.218700 0.062500 0.184200 0.348600 0.309800 0.241000 0.340400 0.315000 0.247800 0.029900 0.219900 0.120700 0.029900 0.188900 0.187500 0.062500 0.285400 0.348600 0.219900 0.285400 0.190200 0.187500 0.268500 0.342900 0.410500 0.165400 0.148400 0.029900 0.695300 0.353500 0.187500 0.187500 0.285400 0.221600 0.187500 0.148400 0.089000 0.193400 0.200600 0.196700 0.219400 0.219900 0.258300
LesserMous 0.404100 0.000000 0.362700 0.288500 0.527100 0.404100 0.472800 0.392100 0.459800 0.324500 0.431100 0.283200 0.531000 0.529000 0.370500 0.442900 0.439100 0.358200 0.359500 0.423300 0.392100 0.469600 0.287500 0.288000 0.431100 0.371600 0.531000 0.423300 0.371600 0.388000 0.288000 0.472800 0.377300 0.622400 0.265800 0.238000 0.361800 0.599000 0.600600 0.288000 0.288000 0.371600 0.329300 0.288000 0.238000 0.343700 0.401800 0.424300 0.530000 0.325800 0.423300 0.477900
LesserKudu 0.180100 0.362700 0.000000 0.328800 0.694400 0.180100 0.431000 0.114100 0.052500 0.140200 0.188500 0.110200 0.537600 0.478100 0.224300 0.405000 0.226200 0.166700 0.150200 0.026300 0.114100 0.217600 0.112900 0.112200 0.188500 0.347800 0.537600 0.026300 0.347800 0.054700 0.112200 0.431000 0.251300 0.481500 0.154900 0.080300 0.150100 0.780300 0.327000 0.112200 0.112200 0.347800 0.142200 0.112200 0.080300 0.084100 0.182400 0.187800 0.184800 0.140600 0.025200 0.054000
KillerWhal 0.475600 0.288500 0.328800 0.000000 0.481900 0.475600 0.314700 0.355200 0.329100 0.290500 0.389300 0.338800 0.426300 0.305600 0.238500 0.472500 0.308000 0.235800 0.427400 0.293500 0.355200 0.552400 0.254200 0.254500 0.389300 0.516200 0.426300 0.293500 0.516200 0.259300 0.254500 0.314700 0.338500 0.575400 0.334700 0.287900 0.430200 0.553300 0.307500 0.254500 0.254500 0.516200 0.295500 0.254500 0.287900 0.307500 0.363800 0.384400 0.419400 0.291700 0.293500 0.341400
DefassaWat 0.613600 0.527100 0.694400 0.481900 0.000000 0.613600 0.489700 0.582500 0.757400 0.690100 0.571100 0.735300 0.262300 0.556200 0.491100 0.388500 0.878200 0.751000 0.559500 0.710200 0.582500 0.728600 0.642500 0.639100 0.571100 0.380000 0.396600 0.710200 0.380000 0.659700 0.639100 0.489700 0.977800 0.394200 0.489500 0.626400 0.557400 0.045600 0.625800 0.639100 0.639100 0.380000 0.703200 0.639100 0.626400 0.514400 0.596100 0.497600 0.460900 0.691400 0.710200 0.798300
Sheep 0.000000 0.404100 0.180100 0.475600 0.613600 0.000000 0.268500 0.120700 0.250200 0.218700 0.062500 0.184200 0.348600 0.309800 0.241000 0.340400 0.315000 0.247800 0.029900 0.219900 0.120700 0.029900 0.188900 0.187500 0.062500 0.285400 0.348600 0.219900 0.285400 0.190200 0.187500 0.268500 0.342900 0.410500 0.165400 0.148400 0.029900 0.695300 0.353500 0.187500 0.187500 0.285400 0.221600 0.187500 0.148400 0.089000 0.193400 0.200600 0.196700 0.219400 0.219900 0.258300
MaxwellsDu 0.268500 0.472800 0.431000 0.314700 0.489700 0.268500 0.000000 0.351300 0.432400 0.494700 0.194100 0.445700 0.248200 0.037700 0.334900 0.354000 0.633500 0.536500 0.229400 0.394400 0.351300 0.322400 0.452900 0.454200 0.194100 0.393900 0.248200 0.394400 0.393900 0.357500 0.454200 0.000000 0.685000 0.368600 0.379400 0.384400 0.230600 0.569800 0.355100 0.454200 0.454200 0.393900 0.504500 0.454200 0.384400 0.304300 0.405100 0.380800 0.310200 0.495900 0.394400 0.450200
GazellaPrz 0.120700 0.392100 0.114100 0.355200 0.582500 0.120700 0.351300 0.000000 0.177700 0.148100 0.126400 0.116400 0.444500 0.395000 0.161700 0.244300 0.238600 0.176000 0.090700 0.148600 0.000000 0.156100 0.119500 0.118500 0.126400 0.197900 0.444500 0.148600 0.198800 0.120100 0.118500 0.351300 0.232500 0.514100 0.093500 0.084700 0.090600 0.658300 0.172800 0.118500 0.118500 0.198800 0.150100 0.118500 0.084700 0.028200 0.058500 0.125900 0.123800 0.148600 0.148600 0.183200
MountainNy 0.250200 0.459800 0.052500 0.329100 0.757400 0.250200 0.432400 0.177700 0.000000 0.203400 0.188800 0.171400 0.540900 0.480400 0.302900 0.405800 0.293400 0.230600 0.219100 0.026400 0.177700 0.292400 0.175600 0.174600 0.188800 0.440100 0.540900 0.026400 0.440100 0.054700 0.174600 0.432400 0.320200 0.535100 0.225900 0.138500 0.219000 0.847100 0.327400 0.174600 0.174600 0.440100 0.206000 0.174600 0.138500 0.145200 0.219400 0.261300 0.217400 0.173300 0.026400 0.054100
MuntiacusM 0.218700 0.324500 0.140200 0.290500 0.690100 0.218700 0.494700 0.148100 0.203400 0.000000 0.228700 0.142900 0.535800 0.544800 0.192900 0.463300 0.163200 0.138900 0.187300 0.174900 0.148100 0.259000 0.026500 0.025300 0.228700 0.400500 0.535800 0.174900 0.400500 0.147100 0.026300 0.494700 0.222600 0.612400 0.193900 0.111000 0.187200 0.771700 0.381300 0.025600 0.026300 0.400500 0.053300 0.026300 0.111000 0.116400 0.221600 0.228500 0.224500 0.112700 0.174900 0.209500
goat 0.062500 0.431100 0.188500 0.389300 0.571100 0.062500 0.194100 0.126400 0.188800 0.228700 0.000000 0.193100 0.264900 0.235000 0.254500 0.266800 0.329000 0.259200 0.031400 0.157900 0.126400 0.097200 0.198100 0.196500 0.000000 0.302400 0.264900 0.157900 0.302400 0.127600 0.196500 0.194100 0.359000 0.373000 0.173900 0.155100 0.031400 0.651600 0.276100 0.196500 0.196500 0.302400 0.232300 0.196500 0.155100 0.093100 0.202600 0.211300 0.166300 0.229500 0.157900 0.194900
AfricanBuf 0.184200 0.283200 0.110200 0.338800 0.735300 0.184200 0.445700 0.116400 0.171400 0.142900 0.193100 0.000000 0.562700 0.494200 0.230900 0.417700 0.230200 0.169700 0.153600 0.143300 0.116400 0.153400 0.115100 0.114400 0.193100 0.357500 0.436200 0.143300 0.357500 0.115800 0.114400 0.445700 0.191200 0.504800 0.158600 0.026400 0.153500 0.829100 0.249600 0.114400 0.114400 0.357500 0.144800 0.114400 0.026400 0.085800 0.186300 0.123600 0.189000 0.143300 0.143300 0.176600
Topi 0.348600 0.531000 0.537600 0.426300 0.262300 0.348600 0.248200 0.444500 0.540900 0.535800 0.264900 0.562700 0.000000 0.302400 0.364500 0.225500 0.685300 0.582700 0.306400 0.497200 0.444500 0.417300 0.496200 0.492900 0.264900 0.267000 0.098000 0.497200 0.267000 0.454300 0.492900 0.248200 0.747700 0.205800 0.491500 0.481900 0.305500 0.328600 0.564100 0.492900 0.492900 0.267000 0.546400 0.492900 0.481900 0.388100 0.597700 0.366900 0.533100 0.537100 0.497200 0.565500
CommonDuik 0.309800 0.529000 0.478100 0.305600 0.556200 0.309800 0.037700 0.395000 0.480400 0.544800 0.235000 0.494200 0.302400 0.000000 0.381300 0.403400 0.615200 0.522000 0.270000 0.441200 0.395000 0.366800 0.501400 0.503800 0.235000 0.443200 0.302400 0.441200 0.443200 0.403000 0.503800 0.037700 0.662600 0.429100 0.426600 0.428700 0.271400 0.642700 0.405600 0.503800 0.503800 0.443200 0.556800 0.503800 0.428700 0.345700 0.451600 0.428300 0.352300 0.546300 0.441200 0.500700
Suni 0.241000 0.370500 0.224300 0.238500 0.491100 0.241000 0.334900 0.161700 0.302900 0.192900 0.254500 0.230900 0.364500 0.381300 0.000000 0.410000 0.290400 0.222500 0.207000 0.270400 0.161700 0.287100 0.162000 0.160800 0.254500 0.346200 0.364500 0.270400 0.346200 0.238900 0.160800 0.334900 0.318900 0.428400 0.214200 0.190700 0.206700 0.562200 0.274800 0.160800 0.160800 0.346200 0.194900 0.160800 0.190700 0.127100 0.243000 0.172300 0.247400 0.193400 0.270400 0.313200
Springbuck 0.340400 0.442900 0.405000 0.472500 0.388500 0.340400 0.354000 0.244300 0.405800 0.463300 0.266800 0.417700 0.225500 0.403400 0.410000 0.000000 0.487000 0.501700 0.302800 0.370100 0.244300 0.397200 0.427500 0.425000 0.266800 0.032900 0.334800 0.370100 0.032900 0.335600 0.425000 0.354000 0.583700 0.457000 0.356700 0.362200 0.302400 0.454700 0.390100 0.425000 0.425000 0.034100 0.471300 0.425000 0.362200 0.287100 0.340200 0.263700 0.349800 0.464400 0.370100 0.420900
Okapi 0.315000 0.439100 0.226200 0.308000 0.878200 0.315000 0.633500 0.238600 0.293400 0.163200 0.329000 0.230200 0.685300 0.615200 0.290400 0.487000 0.000000 0.050200 0.282700 0.264600 0.238600 0.359600 0.136500 0.135800 0.329000 0.424700 0.685300 0.264600 0.424700 0.236900 0.135800 0.633500 0.211400 0.778700 0.293100 0.195400 0.282500 0.975300 0.504800 0.135800 0.135800 0.424700 0.165300 0.135800 0.195400 0.204700 0.320200 0.329300 0.289000 0.198300 0.264600 0.302300
Giraffe 0.247800 0.358200 0.166700 0.235800 0.751000 0.247800 0.536500 0.176000 0.230600 0.138900 0.259200 0.169700 0.582700 0.522000 0.222500 0.501700 0.050200 0.000000 0.216500 0.202300 0.176000 0.289200 0.111700 0.111100 0.259200 0.435600 0.582700 0.202300 0.435600 0.174800 0.111100 0.536500 0.155400 0.666000 0.224000 0.136800 0.216400 0.840300 0.417900 0.111100 0.111100 0.435600 0.140800 0.111200 0.137300 0.143900 0.251200 0.258900 0.254400 0.139300 0.202300 0.237500
TibetanAnt 0.029900 0.359500 0.150200 0.427400 0.559500 0.029900 0.229400 0.090700 0.219100 0.187300 0.031400 0.153600 0.306400 0.270000 0.207000 0.302800 0.282700 0.216500 0.000000 0.188600 0.090700 0.061900 0.156700 0.156300 0.031400 0.249900 0.306400 0.188600 0.249900 0.158700 0.156300 0.229400 0.310700 0.366000 0.132400 0.118800 0.000100 0.638400 0.314300 0.156300 0.156300 0.249900 0.189900 0.156300 0.118800 0.059400 0.161100 0.167200 0.163100 0.187900 0.188600 0.226200
Sitatunga 0.219900 0.423300 0.026300 0.293500 0.710200 0.219900 0.394400 0.148600 0.026400 0.174900 0.157900 0.143300 0.497200 0.441200 0.270400 0.370100 0.264600 0.202300 0.188600 0.000000 0.148600 0.260900 0.146800 0.146000 0.157900 0.405000 0.497200 0.000000 0.405000 0.027500 0.146000 0.394400 0.291000 0.492100 0.194600 0.111200 0.188500 0.798300 0.292000 0.146000 0.146000 0.405000 0.177600 0.146000 0.111200 0.116700 0.222300 0.229700 0.187100 0.175400 0.000000 0.027100
Oribi 0.120700 0.392100 0.114100 0.355200 0.582500 0.120700 0.351300 0.000000 0.177700 0.148100 0.126400 0.116400 0.444500 0.395000 0.161700 0.244300 0.238600 0.176000 0.090700 0.148600 0.000000 0.156100 0.119500 0.118500 0.126400 0.198800 0.444500 0.148600 0.198800 0.120100 0.118500 0.351300 0.232500 0.514100 0.093500 0.084700 0.090600 0.658300 0.172800 0.118500 0.118500 0.198800 0.150100 0.118500 0.084700 0.028200 0.058500 0.125900 0.123800 0.148600 0.148600 0.183200
BarbaryShe 0.029900 0.469600 0.217600 0.552400 0.728600 0.029900 0.322400 0.156100 0.292400 0.259000 0.097200 0.153400 0.417300 0.366800 0.287100 0.397200 0.359600 0.289200 0.061900 0.260900 0.156100 0.000000 0.228400 0.226700 0.097200 0.335500 0.305000 0.260900 0.335500 0.230400 0.226700 0.322400 0.389500 0.364000 0.206300 0.184200 0.061900 0.826100 0.313000 0.226700 0.226700 0.335500 0.262700 0.226700 0.184200 0.122600 0.234000 0.167000 0.238400 0.259800 0.260900 0.302100
Daviddeer 0.188900 0.287500 0.112900 0.254200 0.642500 0.188900 0.452900 0.119500 0.175600 0.026500 0.198100 0.115100 0.496200 0.501400 0.162000 0.427500 0.136500 0.111700 0.156700 0.146800 0.119500 0.228400 0.000000 0.000200 0.198100 0.366300 0.496200 0.146800 0.366300 0.118600 0.000200 0.452900 0.195400 0.569600 0.162700 0.083800 0.157500 0.722300 0.345100 0.000200 0.000200 0.366300 0.026800 0.000200 0.083800 0.088000 0.191000 0.197300 0.192800 0.084900 0.146800 0.180800
Reindeer 0.187500 0.288000 0.112200 0.254500 0.639100 0.187500 0.454200 0.118500 0.174600 0.025300 0.196500 0.114400 0.492900 0.503800 0.160800 0.425000 0.135800 0.111100 0.156300 0.146000 0.118500 0.226700 0.000200 0.000000 0.196500 0.364000 0.492900 0.146000 0.364000 0.117900 0.000000 0.454200 0.194500 0.566500 0.161400 0.083200 0.156300 0.718900 0.343300 0.000000 0.000000 0.364000 0.026700 0.000000 0.083200 0.087300 0.189700 0.195900 0.192400 0.084500 0.146000 0.179800
Ibex 0.062500 0.431100 0.188500 0.389300 0.571100 0.062500 0.194100 0.126400 0.188800 0.228700 0.000000 0.193100 0.264900 0.235000 0.254500 0.266800 0.329000 0.259200 0.031400 0.157900 0.126400 0.097200 0.198100 0.196500 0.000000 0.302400 0.264900 0.157900 0.302400 0.127600 0.196500 0.194100 0.359000 0.373000 0.173900 0.155100 0.031400 0.651600 0.276100 0.196500 0.196500 0.302400 0.232300 0.196500 0.155100 0.093100 0.202600 0.211300 0.166300 0.229500 0.157900 0.194900
GyrantGaze 0.285400 0.371600 0.347800 0.516200 0.380000 0.285400 0.393900 0.197900 0.440100 0.400500 0.302400 0.357500 0.267000 0.443200 0.346200 0.032900 0.424700 0.435600 0.249900 0.405000 0.198800 0.335500 0.366300 0.364000 0.302400 0.000000 0.377700 0.405000 0.000000 0.370900 0.364000 0.393900 0.510300 0.446200 0.298400 0.308400 0.249700 0.444500 0.430000 0.364000 0.364000 0.000000 0.406900 0.364000 0.308400 0.238200 0.285600 0.213600 0.344200 0.401600 0.405000 0.456400
Hartebeest 0.348600 0.531000 0.537600 0.426300 0.396600 0.348600 0.248200 0.444500 0.540900 0.535800 0.264900 0.436200 0.098000 0.302400 0.364500 0.334800 0.685300 0.582700 0.306400 0.497200 0.444500 0.305000 0.496200 0.492900 0.264900 0.377700 0.000000 0.497200 0.377700 0.454300 0.492900 0.248200 0.747700 0.097200 0.491500 0.481900 0.305500 0.475700 0.413600 0.492900 0.492900 0.377700 0.546400 0.492900 0.481900 0.388100 0.597700 0.366900 0.533100 0.537100 0.497200 0.565500
Bongo 0.219900 0.423300 0.026300 0.293500 0.710200 0.219900 0.394400 0.148600 0.026400 0.174900 0.157900 0.143300 0.497200 0.441200 0.270400 0.370100 0.264600 0.202300 0.188600 0.000000 0.148600 0.260900 0.146800 0.146000 0.157900 0.405000 0.497200 0.000000 0.405000 0.026100 0.146000 0.394400 0.291000 0.492100 0.194600 0.111200 0.188500 0.798300 0.292000 0.146000 0.146000 0.405000 0.177600 0.146000 0.111200 0.116700 0.222300 0.229700 0.187100 0.175400 0.000000 0.027100
Gerenuk 0.285400 0.371600 0.347800 0.516200 0.380000 0.285400 0.393900 0.198800 0.440100 0.400500 0.302400 0.357500 0.267000 0.443200 0.346200 0.032900 0.424700 0.435600 0.249900 0.405000 0.198800 0.335500 0.366300 0.364000 0.302400 0.000000 0.377700 0.405000 0.000000 0.370900 0.364000 0.393900 0.510300 0.446200 0.298400 0.308400 0.249700 0.444500 0.430000 0.364000 0.364000 0.000000 0.406900 0.364000 0.308400 0.238200 0.285600 0.213600 0.344200 0.401600 0.405000 0.456400
CommonElan 0.190200 0.388000 0.054700 0.259300 0.659700 0.190200 0.357500 0.120100 0.054700 0.147100 0.127600 0.115800 0.454300 0.403000 0.238900 0.335600 0.236900 0.174800 0.158700 0.027500 0.120100 0.230400 0.118600 0.117900 0.127600 0.370900 0.454300 0.026100 0.370900 0.000000 0.117900 0.357500 0.263100 0.449700 0.163900 0.084200 0.158600 0.744100 0.257800 0.117900 0.117900 0.370900 0.149300 0.117900 0.084200 0.088400 0.192300 0.198900 0.157500 0.147600 0.027500 0.056300
MuntiacusR 0.187500 0.288000 0.112200 0.254500 0.639100 0.187500 0.454200 0.118500 0.174600 0.026300 0.196500 0.114400 0.492900 0.503800 0.160800 0.425000 0.135800 0.111100 0.156300 0.146000 0.118500 0.226700 0.000200 0.000000 0.196500 0.364000 0.492900 0.146000 0.364000 0.117900 0.000000 0.454200 0.194500 0.566500 0.161400 0.083200 0.156300 0.718900 0.343300 0.000000 0.000000 0.364000 0.026700 0.000000 0.083200 0.087300 0.189700 0.195900 0.192400 0.084500 0.146000 0.179800
HarveysDui 0.268500 0.472800 0.431000 0.314700 0.489700 0.268500 0.000000 0.351300 0.432400 0.494700 0.194100 0.445700 0.248200 0.037700 0.334900 0.354000 0.633500 0.536500 0.229400 0.394400 0.351300 0.322400 0.452900 0.454200 0.194100 0.393900 0.248200 0.394400 0.393900 0.357500 0.454200 0.000000 0.685000 0.368600 0.379300 0.384400 0.230600 0.569800 0.355100 0.454200 0.454200 0.393900 0.504500 0.454200 0.384400 0.304300 0.405100 0.380800 0.310200 0.495900 0.394400 0.450200
Pronghorn 0.342900 0.377300 0.251300 0.338500 0.977800 0.342900 0.685000 0.232500 0.320200 0.222600 0.359000 0.191200 0.747700 0.662600 0.318900 0.583700 0.211400 0.155400 0.310700 0.291000 0.232500 0.389500 0.195400 0.194500 0.359000 0.510300 0.747700 0.291000 0.510300 0.263100 0.194500 0.685000 0.000000 0.858800 0.321200 0.159000 0.310400 1.100800 0.495300 0.194500 0.194500 0.510300 0.226100 0.194500 0.159000 0.230100 0.312300 0.358500 0.352400 0.223100 0.291000 0.330200
BlueWildeb 0.410500 0.622400 0.481500 0.575400 0.394200 0.410500 0.368600 0.514100 0.535100 0.612400 0.373000 0.504800 0.205800 0.429100 0.428400 0.457000 0.778700 0.666000 0.366000 0.492100 0.514100 0.364000 0.569600 0.566500 0.373000 0.446200 0.097200 0.492100 0.446200 0.449700 0.566500 0.368600 0.858800 0.000000 0.574000 0.554700 0.364700 0.473400 0.556200 0.566500 0.566500 0.446200 0.625100 0.566500 0.554700 0.451800 0.690900 0.432700 0.532000 0.613700 0.492100 0.559100
Gemsbok 0.165400 0.265800 0.154900 0.334700 0.489500 0.165400 0.379400 0.093500 0.225900 0.193900 0.173900 0.158600 0.491500 0.426600 0.214200 0.356700 0.293100 0.224000 0.132400 0.194600 0.093500 0.206300 0.162700 0.161400 0.173900 0.298400 0.491500 0.194600 0.298400 0.163900 0.161400 0.379300 0.321200 0.574000 0.000000 0.122600 0.132300 0.560600 0.230500 0.161400 0.161400 0.298400 0.196200 0.161400 0.122600 0.061300 0.095600 0.173500 0.169900 0.194700 0.194600 0.233400
Yak 0.148400 0.238000 0.080300 0.287900 0.626400 0.148400 0.384400 0.084700 0.138500 0.111000 0.155100 0.026400 0.481900 0.428700 0.190700 0.362200 0.195400 0.136800 0.118800 0.111200 0.084700 0.184200 0.083800 0.083200 0.155100 0.308400 0.481900 0.111200 0.308400 0.084200 0.083200 0.384400 0.159000 0.554700 0.122600 0.000000 0.118700 0.705500 0.286100 0.083200 0.083200 0.308400 0.112400 0.083200 0.000000 0.055500 0.150200 0.154700 0.152200 0.111300 0.111200 0.142500
BlueSheep 0.029900 0.361800 0.150100 0.430200 0.557400 0.029900 0.230600 0.090600 0.219000 0.187200 0.031400 0.153500 0.305500 0.271400 0.206700 0.302400 0.282500 0.216400 0.000100 0.188500 0.090600 0.061900 0.157500 0.156300 0.031400 0.249700 0.305500 0.188500 0.249700 0.158600 0.156300 0.230600 0.310400 0.364700 0.132300 0.118700 0.000000 0.635500 0.313500 0.156300 0.156300 0.249700 0.189900 0.156300 0.118700 0.059400 0.161000 0.167100 0.163900 0.187800 0.188500 0.226000
BohorReedb 0.695300 0.599000 0.780300 0.553300 0.045600 0.695300 0.569800 0.658300 0.847100 0.771700 0.651600 0.829100 0.328600 0.642700 0.562200 0.454700 0.975300 0.840300 0.638400 0.798300 0.658300 0.826100 0.722300 0.718900 0.651600 0.444500 0.475700 0.798300 0.444500 0.744100 0.718900 0.569800 1.100800 0.473400 0.560600 0.705500 0.635500 0.000000 0.717500 0.718900 0.718900 0.444500 0.788000 0.718900 0.705500 0.583800 0.673700 0.570300 0.526600 0.772600 0.798300 0.895000
KirksDik 0.353500 0.600600 0.327000 0.307500 0.625800 0.353500 0.355100 0.172800 0.327400 0.381300 0.276100 0.249600 0.564100 0.405600 0.274800 0.390100 0.504800 0.417900 0.314300 0.292000 0.172800 0.313000 0.345100 0.343300 0.276100 0.430000 0.413600 0.292000 0.430000 0.257800 0.343300 0.355100 0.495300 0.556200 0.230500 0.286100 0.313500 0.717500 0.000000 0.343300 0.343300 0.430000 0.388000 0.343300 0.286100 0.213100 0.176700 0.226900 0.308800 0.382400 0.292000 0.339700
RoeDeer 0.187500 0.288000 0.112200 0.254500 0.639100 0.187500 0.454200 0.118500 0.174600 0.025600 0.196500 0.114400 0.492900 0.503800 0.160800 0.425000 0.135800 0.111100 0.156300 0.146000 0.118500 0.226700 0.000200 0.000000 0.196500 0.364000 0.492900 0.146000 0.364000 0.117900 0.000000 0.454200 0.194500 0.566500 0.161400 0.083200 0.156300 0.718900 0.343300 0.000000 0.000000 0.364000 0.026700 0.000000 0.083200 0.087300 0.189700 0.195900 0.192400 0.084500 0.146000 0.179800
WhiteLippe 0.187500 0.288000 0.112200 0.254500 0.639100 0.187500 0.454200 0.118500 0.174600 0.026300 0.196500 0.114400 0.492900 0.503800 0.160800 0.425000 0.135800 0.111100 0.156300 0.146000 0.118500 0.226700 0.000200 0.000000 0.196500 0.364000 0.492900 0.146000 0.364000 0.117900 0.000000 0.454200 0.194500 0.566500 0.161400 0.083200 0.156300 0.718900 0.343300 0.000000 0.000000 0.364000 0.026700 0.000000 0.083200 0.087300 0.189700 0.195900 0.192400 0.084500 0.146000 0.179800
ThomsonGaz 0.285400 0.371600 0.347800 0.516200 0.380000 0.285400 0.393900 0.198800 0.440100 0.400500 0.302400 0.357500 0.267000 0.443200 0.346200 0.034100 0.424700 0.435600 0.249900 0.405000 0.198800 0.335500 0.366300 0.364000 0.302400 0.000000 0.377700 0.405000 0.000000 0.370900 0.364000 0.393900 0.510300 0.446200 0.298400 0.308400 0.249700 0.444500 0.430000 0.364000 0.364000 0.000000 0.406900 0.364000 0.308400 0.238200 0.285600 0.213600 0.344200 0.401600 0.405000 0.456400
MuntiacusC 0.221600 0.329300 0.142200 0.295500 0.703200 0.221600 0.504500 0.150100 0.206000 0.053300 0.232300 0.144800 0.546400 0.556800 0.194900 0.471300 0.165300 0.140800 0.189900 0.177600 0.150100 0.262700 0.026800 0.026700 0.232300 0.406900 0.546400 0.177600 0.406900 0.149300 0.026700 0.504500 0.226100 0.625100 0.196200 0.112400 0.189900 0.788000 0.388000 0.026700 0.026700 0.406900 0.000000 0.026700 0.112700 0.117800 0.224600 0.231600 0.227500 0.114100 0.177600 0.212900
WhiteTaile 0.187500 0.288000 0.112200 0.254500 0.639100 0.187500 0.454200 0.118500 0.174600 0.026300 0.196500 0.114400 0.492900 0.503800 0.160800 0.425000 0.135800 0.111200 0.156300 0.146000 0.118500 0.226700 0.000200 0.000000 0.196500 0.364000 0.492900 0.146000 0.364000 0.117900 0.000000 0.454200 0.194500 0.566500 0.161400 0.083200 0.156300 0.718900 0.343300 0.000000 0.000000 0.364000 0.026700 0.000000 0.083200 0.087300 0.189700 0.195900 0.192400 0.084500 0.146000 0.179800
Cattle 0.148400 0.238000 0.080300 0.287900 0.626400 0.148400 0.384400 0.084700 0.138500 0.111000 0.155100 0.026400 0.481900 0.428700 0.190700 0.362200 0.195400 0.137300 0.118800 0.111200 0.084700 0.184200 0.083800 0.083200 0.155100 0.308400 0.481900 0.111200 0.308400 0.084200 0.083200 0.384400 0.159000 0.554700 0.122600 0.000000 0.118700 0.705500 0.286100 0.083200 0.083200 0.308400 0.112700 0.083200 0.000000 0.055500 0.150200 0.154700 0.152200 0.111300 0.111200 0.142500
RoyalAntel 0.089000 0.343700 0.084100 0.307500 0.514400 0.089000 0.304300 0.028200 0.145200 0.116400 0.093100 0.085800 0.388100 0.345700 0.127100 0.287100 0.204700 0.143900 0.059400 0.116700 0.028200 0.122600 0.088000 0.087300 0.093100 0.238200 0.388100 0.116700 0.238200 0.088400 0.087300 0.304300 0.230100 0.451800 0.061300 0.055500 0.059400 0.583800 0.213100 0.087300 0.087300 0.238200 0.117800 0.087300 0.055500 0.000000 0.089900 0.092800 0.091200 0.116800 0.116700 0.149500
Steenbok 0.193400 0.401800 0.182400 0.363800 0.596100 0.193400 0.405100 0.058500 0.219400 0.221600 0.202600 0.186300 0.597700 0.451600 0.243000 0.340200 0.320200 0.251200 0.161100 0.222300 0.058500 0.234000 0.191000 0.189700 0.202600 0.285600 0.597700 0.222300 0.285600 0.192300 0.189700 0.405100 0.312300 0.690900 0.095600 0.150200 0.161000 0.673700 0.176700 0.189700 0.189700 0.285600 0.224600 0.189700 0.150200 0.089900 0.000000 0.202300 0.198500 0.148800 0.222300 0.261400
Impala 0.200600 0.424300 0.187800 0.384400 0.497600 0.200600 0.380800 0.125900 0.261300 0.228500 0.211300 0.123600 0.366900 0.428300 0.172300 0.263700 0.329300 0.258900 0.167200 0.229700 0.125900 0.167000 0.197300 0.195900 0.211300 0.213600 0.366900 0.229700 0.213600 0.198900 0.195900 0.380800 0.358500 0.432700 0.173500 0.154700 0.167100 0.570300 0.226900 0.195900 0.195900 0.213600 0.231600 0.195900 0.154700 0.092800 0.202300 0.000000 0.205900 0.229300 0.229700 0.270000
Klipspring 0.196700 0.530000 0.184800 0.419400 0.460900 0.196700 0.310200 0.123800 0.217400 0.224500 0.166300 0.189000 0.533100 0.352300 0.247400 0.349800 0.289000 0.254400 0.163100 0.187100 0.123800 0.238400 0.192800 0.192400 0.166300 0.344200 0.533100 0.187100 0.344200 0.157500 0.192400 0.310200 0.352400 0.532000 0.169900 0.152200 0.163900 0.526600 0.308800 0.192400 0.192400 0.344200 0.227500 0.192400 0.152200 0.091200 0.198500 0.205900 0.000000 0.225300 0.187100 0.224200
ForestMusk 0.219400 0.325800 0.140600 0.291700 0.691400 0.219400 0.495900 0.148600 0.173300 0.112700 0.229500 0.143300 0.537100 0.546300 0.193400 0.464400 0.198300 0.139300 0.187900 0.175400 0.148600 0.259800 0.084900 0.084500 0.229500 0.401600 0.537100 0.175400 0.401600 0.147600 0.084500 0.495900 0.223100 0.613700 0.194700 0.111300 0.187800 0.772600 0.382400 0.084500 0.084500 0.401600 0.114100 0.084500 0.111300 0.116800 0.148800 0.229300 0.225300 0.000000 0.175400 0.210000
Bushbuck 0.219900 0.423300 0.025200 0.293500 0.710200 0.219900 0.394400 0.148600 0.026400 0.174900 0.157900 0.143300 0.497200 0.441200 0.270400 0.370100 0.264600 0.202300 0.188600 0.000000 0.148600 0.260900 0.146800 0.146000 0.157900 0.405000 0.497200 0.000000 0.405000 0.027500 0.146000 0.394400 0.291000 0.492100 0.194600 0.111200 0.188500 0.798300 0.292000 0.146000 0.146000 0.405000 0.177600 0.146000 0.111200 0.116700 0.222300 0.229700 0.187100 0.175400 0.000000 0.027100
GreaterKud 0.258300 0.477900 0.054000 0.341400 0.798300 0.258300 0.450200 0.183200 0.054100 0.209500 0.194900 0.176600 0.565500 0.500700 0.313200 0.420900 0.302300 0.237500 0.226200 0.027100 0.183200 0.302100 0.180800 0.179800 0.194900 0.456400 0.565500 0.027100 0.456400 0.056300 0.179800 0.450200 0.330200 0.559100 0.233400 0.142500 0.226000 0.895000 0.339700 0.179800 0.179800 0.456400 0.212900 0.179800 0.142500 0.149500 0.261400 0.270000 0.224200 0.210000 0.027100 0.000000
