CODONML (in paml version 4.10.7, June 2023)  /home/rachel/ruminants_paml/6406-phy-tree/ENSBTAT00000025981.fasta.phy
Model: free dN/dS Ratios for branches,  kappa = 2.000 fixed

Codon frequency model: F3x4
ns =  54  ls =  16

Codon usage in sequences
--------------------------------------------------------------------------------------------------------------------------------------
Phe TTT   1   0   0   0   0   0 | Ser TCT   0   0   0   0   0   0 | Tyr TAT   0   0   0   0   0   0 | Cys TGT   0   0   0   0   0   0
    TTC   1   2   2   2   2   2 |     TCC   1   1   1   1   1   1 |     TAC   0   0   0   0   0   0 |     TGC   0   0   0   0   0   0
Leu TTA   0   0   0   0   0   0 |     TCA   1   1   1   1   0   1 | *** TAA   0   0   0   0   0   0 | *** TGA   0   0   0   0   0   0
    TTG   0   0   0   0   0   0 |     TCG   0   0   0   0   1   0 |     TAG   0   0   0   0   0   0 | Trp TGG   0   0   0   0   0   0
--------------------------------------------------------------------------------------------------------------------------------------
Leu CTT   0   0   0   0   0   0 | Pro CCT   0   0   0   0   0   0 | His CAT   0   0   0   0   0   0 | Arg CGT   0   0   0   0   0   0
    CTC   0   0   0   0   0   0 |     CCC   1   2   1   1   1   1 |     CAC   0   0   0   0   0   0 |     CGC   0   0   0   0   0   0
    CTA   0   0   0   0   0   0 |     CCA   1   0   1   1   0   1 | Gln CAA   0   0   0   0   0   0 |     CGA   0   0   0   0   0   0
    CTG   2   2   2   2   2   2 |     CCG   0   0   0   0   1   0 |     CAG   1   1   1   1   1   1 |     CGG   0   0   0   0   0   0
--------------------------------------------------------------------------------------------------------------------------------------
Ile ATT   0   0   0   0   0   0 | Thr ACT   0   0   0   0   0   0 | Asn AAT   0   0   0   0   0   0 | Ser AGT   0   0   0   0   0   0
    ATC   1   1   1   1   1   1 |     ACC   0   0   0   0   0   0 |     AAC   0   0   0   0   0   0 |     AGC   0   0   0   0   0   0
    ATA   0   0   0   0   0   0 |     ACA   0   0   0   0   0   0 | Lys AAA   0   0   0   1   0   0 | Arg AGA   0   0   0   0   0   0
Met ATG   0   0   0   0   0   0 |     ACG   0   0   0   0   0   0 |     AAG   2   2   2   1   2   2 |     AGG   0   0   0   0   0   0
--------------------------------------------------------------------------------------------------------------------------------------
Val GTT   1   0   1   1   1   1 | Ala GCT   0   0   0   0   0   0 | Asp GAT   0   0   0   0   0   0 | Gly GGT   0   0   0   0   0   0
    GTC   1   2   1   1   1   1 |     GCC   0   0   0   0   0   0 |     GAC   0   0   0   0   0   0 |     GGC   1   1   1   1   1   1
    GTA   0   0   0   0   0   0 |     GCA   0   0   0   0   0   0 | Glu GAA   0   0   0   0   0   0 |     GGA   0   0   0   0   0   0
    GTG   0   0   0   0   0   0 |     GCG   0   0   0   0   0   0 |     GAG   1   1   1   1   1   1 |     GGG   0   0   0   0   0   0
--------------------------------------------------------------------------------------------------------------------------------------

--------------------------------------------------------------------------------------------------------------------------------------
Phe TTT   1   1   1   1   0   0 | Ser TCT   0   0   0   0   0   0 | Tyr TAT   0   0   0   0   0   0 | Cys TGT   0   0   0   0   0   0
    TTC   1   1   1   1   2   2 |     TCC   1   1   1   1   1   1 |     TAC   0   0   0   0   0   0 |     TGC   0   0   0   0   0   0
Leu TTA   0   0   0   0   0   0 |     TCA   1   1   1   1   1   1 | *** TAA   0   0   0   0   0   0 | *** TGA   0   0   0   0   0   0
    TTG   0   0   0   0   0   0 |     TCG   0   0   0   0   0   0 |     TAG   0   0   0   0   0   0 | Trp TGG   0   0   0   0   0   0
--------------------------------------------------------------------------------------------------------------------------------------
Leu CTT   0   0   0   0   0   0 | Pro CCT   0   0   0   0   0   0 | His CAT   0   0   0   0   0   0 | Arg CGT   0   0   0   0   0   0
    CTC   0   0   0   0   0   0 |     CCC   1   1   1   1   2   1 |     CAC   0   0   0   0   0   0 |     CGC   0   0   0   0   0   0
    CTA   0   0   0   0   0   0 |     CCA   1   1   1   1   1   1 | Gln CAA   0   0   0   0   0   0 |     CGA   0   0   0   0   0   0
    CTG   2   2   2   2   2   2 |     CCG   0   0   0   0   0   0 |     CAG   1   1   1   1   1   1 |     CGG   0   0   0   0   0   0
--------------------------------------------------------------------------------------------------------------------------------------
Ile ATT   0   0   0   0   0   0 | Thr ACT   0   0   0   0   0   0 | Asn AAT   0   0   0   0   0   0 | Ser AGT   0   0   0   0   0   0
    ATC   1   1   1   1   1   1 |     ACC   0   0   0   0   0   0 |     AAC   0   0   0   0   0   0 |     AGC   0   0   0   0   0   0
    ATA   0   0   0   0   0   0 |     ACA   0   0   0   0   0   0 | Lys AAA   0   0   0   0   0   0 | Arg AGA   0   0   0   0   0   0
Met ATG   0   0   0   0   0   0 |     ACG   0   0   0   0   0   0 |     AAG   2   2   2   2   2   2 |     AGG   0   0   0   0   0   0
--------------------------------------------------------------------------------------------------------------------------------------
Val GTT   1   1   1   0   1   1 | Ala GCT   0   0   0   0   0   0 | Asp GAT   0   0   0   0   0   0 | Gly GGT   0   0   0   0   0   0
    GTC   1   1   1   2   1   1 |     GCC   0   0   0   0   0   0 |     GAC   0   0   0   0   0   0 |     GGC   1   1   1   1   0   1
    GTA   0   0   0   0   0   0 |     GCA   0   0   0   0   0   0 | Glu GAA   0   0   0   0   0   0 |     GGA   0   0   0   0   0   0
    GTG   0   0   0   0   0   0 |     GCG   0   0   0   0   0   0 |     GAG   1   1   1   1   1   1 |     GGG   0   0   0   0   0   0
--------------------------------------------------------------------------------------------------------------------------------------

--------------------------------------------------------------------------------------------------------------------------------------
Phe TTT   1   0   1   1   1   1 | Ser TCT   0   0   0   0   0   0 | Tyr TAT   0   0   0   0   0   0 | Cys TGT   0   0   0   0   0   0
    TTC   1   2   1   1   1   1 |     TCC   1   1   1   1   1   1 |     TAC   0   0   0   0   0   0 |     TGC   0   0   0   0   0   0
Leu TTA   0   0   0   0   0   0 |     TCA   1   1   1   1   1   1 | *** TAA   0   0   0   0   0   0 | *** TGA   0   0   0   0   0   0
    TTG   0   0   0   0   0   0 |     TCG   0   0   0   0   0   0 |     TAG   0   0   0   0   0   0 | Trp TGG   0   0   0   0   0   0
--------------------------------------------------------------------------------------------------------------------------------------
Leu CTT   0   0   0   0   0   0 | Pro CCT   0   0   0   0   0   0 | His CAT   0   0   0   0   0   0 | Arg CGT   0   0   0   0   0   0
    CTC   0   0   0   0   0   0 |     CCC   1   1   1   1   1   1 |     CAC   0   0   0   0   1   0 |     CGC   0   0   0   0   0   0
    CTA   0   0   0   0   0   0 |     CCA   1   1   1   1   1   1 | Gln CAA   0   0   0   0   0   0 |     CGA   0   0   0   0   0   0
    CTG   2   2   2   2   2   2 |     CCG   0   0   0   0   0   0 |     CAG   1   1   1   0   0   1 |     CGG   0   0   0   0   0   0
--------------------------------------------------------------------------------------------------------------------------------------
Ile ATT   0   0   0   0   0   0 | Thr ACT   0   0   0   0   0   0 | Asn AAT   0   0   0   0   0   0 | Ser AGT   0   0   0   0   0   0
    ATC   1   1   1   1   1   1 |     ACC   0   0   0   0   0   0 |     AAC   0   0   0   0   0   0 |     AGC   0   0   0   0   0   0
    ATA   0   0   0   0   0   0 |     ACA   0   0   0   0   0   0 | Lys AAA   0   0   0   0   0   0 | Arg AGA   0   0   0   0   0   0
Met ATG   0   0   0   0   0   0 |     ACG   0   0   0   0   0   0 |     AAG   2   2   2   2   2   2 |     AGG   0   0   0   0   0   0
--------------------------------------------------------------------------------------------------------------------------------------
Val GTT   1   1   1   0   1   0 | Ala GCT   0   0   0   0   0   0 | Asp GAT   0   0   0   0   0   0 | Gly GGT   0   0   0   0   0   0
    GTC   1   1   1   2   1   2 |     GCC   0   0   0   0   0   0 |     GAC   0   0   0   0   0   0 |     GGC   1   1   1   1   1   1
    GTA   0   0   0   0   0   0 |     GCA   0   0   0   0   0   0 | Glu GAA   0   0   0   0   0   0 |     GGA   0   0   0   0   0   0
    GTG   0   0   0   0   0   0 |     GCG   0   0   0   0   0   0 |     GAG   1   1   1   2   1   1 |     GGG   0   0   0   0   0   0
--------------------------------------------------------------------------------------------------------------------------------------

--------------------------------------------------------------------------------------------------------------------------------------
Phe TTT   0   0   1   0   1   1 | Ser TCT   0   0   0   0   0   0 | Tyr TAT   0   0   0   0   0   0 | Cys TGT   0   0   0   0   0   0
    TTC   2   2   1   2   1   1 |     TCC   1   1   1   1   1   1 |     TAC   0   0   0   0   0   0 |     TGC   0   0   0   0   0   0
Leu TTA   0   0   0   0   0   0 |     TCA   1   1   1   1   1   0 | *** TAA   0   0   0   0   0   0 | *** TGA   0   0   0   0   0   0
    TTG   0   0   0   0   0   0 |     TCG   0   0   0   0   0   1 |     TAG   0   0   0   0   0   0 | Trp TGG   0   0   0   0   0   0
--------------------------------------------------------------------------------------------------------------------------------------
Leu CTT   0   0   0   0   0   0 | Pro CCT   0   0   0   0   0   0 | His CAT   0   0   0   0   0   0 | Arg CGT   0   0   0   0   0   0
    CTC   0   0   0   0   0   0 |     CCC   1   1   1   1   1   1 |     CAC   0   0   0   0   0   0 |     CGC   0   0   0   0   0   0
    CTA   0   0   0   0   0   0 |     CCA   1   1   1   1   1   1 | Gln CAA   0   0   0   0   0   0 |     CGA   0   0   0   0   0   0
    CTG   2   2   2   2   2   2 |     CCG   0   0   0   0   0   0 |     CAG   1   1   1   1   1   1 |     CGG   0   0   0   0   0   0
--------------------------------------------------------------------------------------------------------------------------------------
Ile ATT   0   0   0   0   0   0 | Thr ACT   0   0   0   0   0   0 | Asn AAT   0   0   0   0   0   0 | Ser AGT   0   0   0   0   0   0
    ATC   1   1   1   1   1   1 |     ACC   0   0   0   0   0   0 |     AAC   0   0   0   0   0   0 |     AGC   0   0   0   0   0   0
    ATA   0   0   0   0   0   0 |     ACA   0   0   0   0   0   0 | Lys AAA   0   0   0   0   0   0 | Arg AGA   0   0   0   0   0   0
Met ATG   0   0   0   0   0   0 |     ACG   0   0   0   0   0   0 |     AAG   2   2   2   2   2   2 |     AGG   0   0   0   0   0   0
--------------------------------------------------------------------------------------------------------------------------------------
Val GTT   1   1   1   1   0   1 | Ala GCT   0   0   0   0   0   0 | Asp GAT   0   0   0   0   0   0 | Gly GGT   0   0   0   0   0   0
    GTC   1   1   1   1   2   1 |     GCC   0   0   0   0   0   0 |     GAC   0   0   0   0   0   0 |     GGC   1   1   1   1   1   1
    GTA   0   0   0   0   0   0 |     GCA   0   0   0   0   0   0 | Glu GAA   0   0   0   0   0   0 |     GGA   0   0   0   0   0   0
    GTG   0   0   0   0   0   0 |     GCG   0   0   0   0   0   0 |     GAG   1   1   1   1   1   1 |     GGG   0   0   0   0   0   0
--------------------------------------------------------------------------------------------------------------------------------------

--------------------------------------------------------------------------------------------------------------------------------------
Phe TTT   0   0   1   1   1   0 | Ser TCT   0   0   0   0   0   0 | Tyr TAT   0   0   0   0   0   0 | Cys TGT   0   0   0   0   0   0
    TTC   2   2   1   1   1   2 |     TCC   1   1   1   1   1   1 |     TAC   0   0   0   0   0   0 |     TGC   0   0   0   0   0   0
Leu TTA   0   0   0   0   0   0 |     TCA   1   1   1   1   1   1 | *** TAA   0   0   0   0   0   0 | *** TGA   0   0   0   0   0   0
    TTG   0   0   0   0   0   0 |     TCG   0   0   0   0   0   0 |     TAG   0   0   0   0   0   0 | Trp TGG   0   0   0   0   0   0
--------------------------------------------------------------------------------------------------------------------------------------
Leu CTT   0   0   0   0   0   0 | Pro CCT   0   0   0   0   0   0 | His CAT   0   0   0   0   0   0 | Arg CGT   0   0   0   0   0   0
    CTC   0   0   0   0   0   0 |     CCC   1   1   1   1   1   2 |     CAC   0   0   0   0   0   0 |     CGC   0   0   0   0   0   0
    CTA   0   0   0   0   0   0 |     CCA   1   1   1   1   1   1 | Gln CAA   0   0   0   0   0   0 |     CGA   0   0   0   0   0   0
    CTG   2   2   2   2   2   2 |     CCG   0   0   0   0   0   0 |     CAG   1   1   1   1   1   1 |     CGG   0   0   0   0   0   0
--------------------------------------------------------------------------------------------------------------------------------------
Ile ATT   0   0   0   0   0   0 | Thr ACT   0   0   0   0   0   0 | Asn AAT   0   0   0   0   0   0 | Ser AGT   0   0   0   0   0   0
    ATC   1   1   1   1   1   1 |     ACC   0   0   0   0   0   0 |     AAC   0   0   0   0   0   0 |     AGC   0   0   0   0   0   0
    ATA   0   0   0   0   0   0 |     ACA   0   0   0   0   0   0 | Lys AAA   0   0   0   0   0   0 | Arg AGA   0   0   0   0   0   0
Met ATG   0   0   0   0   0   0 |     ACG   0   0   0   0   0   0 |     AAG   2   2   2   2   2   2 |     AGG   0   0   0   0   0   0
--------------------------------------------------------------------------------------------------------------------------------------
Val GTT   1   1   1   0   1   1 | Ala GCT   0   0   0   0   0   0 | Asp GAT   0   0   0   0   0   0 | Gly GGT   0   0   0   1   0   0
    GTC   1   1   1   2   1   1 |     GCC   0   0   0   0   0   0 |     GAC   0   0   0   0   0   0 |     GGC   1   1   1   0   1   0
    GTA   0   0   0   0   0   0 |     GCA   0   0   0   0   0   0 | Glu GAA   0   0   0   0   0   0 |     GGA   0   0   0   0   0   0
    GTG   0   0   0   0   0   0 |     GCG   0   0   0   0   0   0 |     GAG   1   1   1   1   1   1 |     GGG   0   0   0   0   0   0
--------------------------------------------------------------------------------------------------------------------------------------

--------------------------------------------------------------------------------------------------------------------------------------
Phe TTT   1   0   0   1   0   1 | Ser TCT   0   0   0   0   0   0 | Tyr TAT   0   0   0   0   0   0 | Cys TGT   0   0   0   0   0   0
    TTC   1   2   2   1   2   1 |     TCC   1   1   1   1   1   1 |     TAC   0   0   0   0   0   0 |     TGC   0   0   0   0   0   0
Leu TTA   0   0   0   0   0   0 |     TCA   1   1   1   1   1   1 | *** TAA   0   0   0   0   0   0 | *** TGA   0   0   0   0   0   0
    TTG   0   0   0   0   0   0 |     TCG   0   0   0   0   0   0 |     TAG   0   0   0   0   0   0 | Trp TGG   0   0   0   0   0   0
--------------------------------------------------------------------------------------------------------------------------------------
Leu CTT   0   0   0   0   0   0 | Pro CCT   0   0   0   0   0   0 | His CAT   0   0   0   0   0   0 | Arg CGT   0   0   0   0   0   0
    CTC   0   0   0   0   0   0 |     CCC   1   1   1   1   1   1 |     CAC   0   0   0   0   0   0 |     CGC   0   0   0   0   0   0
    CTA   0   0   0   0   0   0 |     CCA   1   1   1   1   1   1 | Gln CAA   0   0   0   0   0   0 |     CGA   0   0   0   0   0   0
    CTG   2   2   2   2   2   2 |     CCG   0   0   0   0   0   0 |     CAG   1   1   1   1   1   1 |     CGG   0   0   0   0   0   0
--------------------------------------------------------------------------------------------------------------------------------------
Ile ATT   0   0   0   0   0   0 | Thr ACT   0   0   0   0   0   0 | Asn AAT   0   0   0   0   0   0 | Ser AGT   0   0   0   0   0   0
    ATC   1   1   1   1   1   1 |     ACC   0   0   0   0   0   0 |     AAC   0   0   0   0   0   0 |     AGC   0   0   0   0   0   0
    ATA   0   0   0   0   0   0 |     ACA   0   0   0   0   0   0 | Lys AAA   0   0   0   0   0   0 | Arg AGA   0   0   0   0   0   0
Met ATG   0   0   0   0   0   0 |     ACG   0   0   0   0   0   0 |     AAG   2   2   2   2   2   2 |     AGG   0   0   0   0   0   0
--------------------------------------------------------------------------------------------------------------------------------------
Val GTT   0   1   1   1   1   1 | Ala GCT   0   0   0   0   0   0 | Asp GAT   0   0   0   0   0   0 | Gly GGT   0   0   0   0   0   0
    GTC   2   1   1   1   1   1 |     GCC   0   0   0   0   0   0 |     GAC   0   0   0   0   0   0 |     GGC   1   1   1   1   1   1
    GTA   0   0   0   0   0   0 |     GCA   0   0   0   0   0   0 | Glu GAA   0   0   0   0   0   0 |     GGA   0   0   0   0   0   0
    GTG   0   0   0   0   0   0 |     GCG   0   0   0   0   0   0 |     GAG   1   1   1   1   1   1 |     GGG   0   0   0   0   0   0
--------------------------------------------------------------------------------------------------------------------------------------

--------------------------------------------------------------------------------------------------------------------------------------
Phe TTT   1   0   1   1   1   0 | Ser TCT   0   0   0   0   0   0 | Tyr TAT   0   0   0   0   0   0 | Cys TGT   0   0   0   0   0   0
    TTC   1   2   1   1   1   2 |     TCC   1   1   1   1   1   1 |     TAC   0   0   0   0   0   0 |     TGC   0   0   0   0   0   0
Leu TTA   0   0   0   0   0   0 |     TCA   1   1   1   1   1   1 | *** TAA   0   0   0   0   0   0 | *** TGA   0   0   0   0   0   0
    TTG   0   0   0   0   0   0 |     TCG   0   0   0   0   0   0 |     TAG   0   0   0   0   0   0 | Trp TGG   0   0   0   0   0   0
--------------------------------------------------------------------------------------------------------------------------------------
Leu CTT   0   0   0   0   0   0 | Pro CCT   0   0   0   0   0   0 | His CAT   0   0   0   0   0   0 | Arg CGT   0   0   0   0   0   0
    CTC   0   0   0   0   0   0 |     CCC   1   1   1   1   1   1 |     CAC   0   0   0   0   0   0 |     CGC   0   0   0   0   0   0
    CTA   0   0   0   0   0   0 |     CCA   1   1   1   1   1   0 | Gln CAA   0   0   0   0   0   0 |     CGA   0   0   0   0   0   0
    CTG   2   2   2   2   2   2 |     CCG   0   0   0   0   0   1 |     CAG   1   1   1   1   1   1 |     CGG   0   0   0   0   0   0
--------------------------------------------------------------------------------------------------------------------------------------
Ile ATT   0   0   0   0   0   0 | Thr ACT   0   0   0   0   0   0 | Asn AAT   0   0   0   0   0   0 | Ser AGT   0   0   0   0   0   0
    ATC   1   1   1   1   1   1 |     ACC   0   0   0   0   0   0 |     AAC   0   0   0   0   0   0 |     AGC   0   0   0   0   0   0
    ATA   0   0   0   0   0   0 |     ACA   0   0   0   0   0   0 | Lys AAA   0   0   0   0   0   0 | Arg AGA   0   0   0   0   0   0
Met ATG   0   0   0   0   0   0 |     ACG   0   0   0   0   0   0 |     AAG   2   2   2   2   2   2 |     AGG   0   0   0   0   0   0
--------------------------------------------------------------------------------------------------------------------------------------
Val GTT   1   1   1   1   0   1 | Ala GCT   0   0   0   0   0   0 | Asp GAT   0   0   0   0   0   0 | Gly GGT   0   1   0   0   0   0
    GTC   1   1   1   1   2   1 |     GCC   0   0   0   0   0   0 |     GAC   0   0   0   0   0   0 |     GGC   1   0   1   1   1   1
    GTA   0   0   0   0   0   0 |     GCA   0   0   0   0   0   0 | Glu GAA   0   0   0   0   0   0 |     GGA   0   0   0   0   0   0
    GTG   0   0   0   0   0   0 |     GCG   0   0   0   0   0   0 |     GAG   1   1   1   1   1   1 |     GGG   0   0   0   0   0   0
--------------------------------------------------------------------------------------------------------------------------------------

--------------------------------------------------------------------------------------------------------------------------------------
Phe TTT   0   1   0   0   0   1 | Ser TCT   0   0   0   0   0   0 | Tyr TAT   0   0   0   0   0   0 | Cys TGT   0   0   0   0   0   0
    TTC   2   1   2   2   2   1 |     TCC   1   1   2   1   1   1 |     TAC   0   0   0   0   0   0 |     TGC   0   0   0   0   0   0
Leu TTA   0   0   0   0   0   0 |     TCA   1   1   0   1   1   1 | *** TAA   0   0   0   0   0   0 | *** TGA   0   0   0   0   0   0
    TTG   0   0   0   0   0   0 |     TCG   0   0   0   0   0   0 |     TAG   0   0   0   0   0   0 | Trp TGG   0   0   0   0   0   0
--------------------------------------------------------------------------------------------------------------------------------------
Leu CTT   0   0   0   0   0   0 | Pro CCT   0   0   0   0   0   0 | His CAT   0   0   0   0   0   0 | Arg CGT   0   0   0   0   0   0
    CTC   0   0   0   0   0   0 |     CCC   1   1   1   1   1   1 |     CAC   0   0   0   0   0   0 |     CGC   0   0   0   0   0   0
    CTA   0   0   0   0   0   0 |     CCA   1   1   0   1   1   1 | Gln CAA   0   0   0   0   0   0 |     CGA   0   0   0   0   0   0
    CTG   2   2   2   2   2   2 |     CCG   0   0   0   0   0   0 |     CAG   1   1   0   1   1   1 |     CGG   0   0   0   0   0   0
--------------------------------------------------------------------------------------------------------------------------------------
Ile ATT   0   0   0   0   0   0 | Thr ACT   0   0   0   0   0   0 | Asn AAT   0   0   0   0   0   0 | Ser AGT   0   0   0   0   0   0
    ATC   1   1   0   1   1   1 |     ACC   0   0   1   0   0   0 |     AAC   0   0   0   0   0   0 |     AGC   0   0   0   0   0   0
    ATA   0   0   0   0   0   0 |     ACA   0   0   0   0   0   0 | Lys AAA   0   0   0   0   0   0 | Arg AGA   0   0   0   0   0   0
Met ATG   0   0   0   0   0   0 |     ACG   0   0   0   0   0   0 |     AAG   2   2   2   2   2   2 |     AGG   0   0   0   0   0   0
--------------------------------------------------------------------------------------------------------------------------------------
Val GTT   1   0   0   1   1   0 | Ala GCT   0   0   0   0   0   0 | Asp GAT   0   0   0   0   0   0 | Gly GGT   0   0   0   0   1   0
    GTC   1   2   1   1   1   1 |     GCC   0   0   2   0   0   0 |     GAC   0   0   1   0   0   0 |     GGC   1   1   0   1   0   1
    GTA   0   0   0   0   0   0 |     GCA   0   0   0   0   0   0 | Glu GAA   0   0   0   0   0   0 |     GGA   0   0   0   0   0   0
    GTG   0   0   2   0   0   1 |     GCG   0   0   0   0   0   0 |     GAG   1   1   0   1   1   1 |     GGG   0   0   0   0   0   0
--------------------------------------------------------------------------------------------------------------------------------------

--------------------------------------------------------------------------------------------------------------------------------------
Phe TTT   1   1   1   0   0   0 | Ser TCT   0   0   0   0   0   0 | Tyr TAT   0   0   0   0   0   0 | Cys TGT   0   0   0   0   0   0
    TTC   1   1   1   2   2   2 |     TCC   1   1   1   1   1   1 |     TAC   0   0   0   0   0   0 |     TGC   0   0   0   0   0   0
Leu TTA   0   0   0   0   0   0 |     TCA   1   1   1   1   1   1 | *** TAA   0   0   0   0   0   0 | *** TGA   0   0   0   0   0   0
    TTG   0   0   0   0   0   0 |     TCG   0   0   0   0   0   0 |     TAG   0   0   0   0   0   0 | Trp TGG   0   0   0   0   0   0
--------------------------------------------------------------------------------------------------------------------------------------
Leu CTT   0   0   0   0   0   0 | Pro CCT   0   0   0   0   0   0 | His CAT   0   0   0   0   0   0 | Arg CGT   0   0   0   0   0   0
    CTC   0   0   0   0   0   0 |     CCC   1   1   1   1   1   1 |     CAC   0   0   0   0   0   0 |     CGC   0   0   0   0   0   0
    CTA   0   0   0   0   0   0 |     CCA   1   1   1   1   1   1 | Gln CAA   0   0   0   0   0   0 |     CGA   0   0   0   0   0   0
    CTG   2   2   2   2   2   2 |     CCG   0   0   0   0   0   0 |     CAG   1   1   1   1   1   1 |     CGG   0   0   0   0   0   0
--------------------------------------------------------------------------------------------------------------------------------------
Ile ATT   0   0   0   0   0   0 | Thr ACT   0   0   0   0   0   0 | Asn AAT   0   0   0   0   0   0 | Ser AGT   0   0   0   0   0   0
    ATC   1   1   1   1   1   1 |     ACC   0   0   0   0   0   0 |     AAC   0   0   0   0   0   0 |     AGC   0   0   0   0   0   0
    ATA   0   0   0   0   0   0 |     ACA   0   0   0   0   0   0 | Lys AAA   0   0   0   1   0   0 | Arg AGA   0   0   0   0   0   0
Met ATG   0   0   0   0   0   0 |     ACG   0   0   0   0   0   0 |     AAG   2   2   2   1   2   2 |     AGG   0   0   0   0   0   0
--------------------------------------------------------------------------------------------------------------------------------------
Val GTT   0   1   1   1   1   1 | Ala GCT   0   0   0   0   0   0 | Asp GAT   0   0   0   0   0   0 | Gly GGT   1   0   0   0   0   0
    GTC   2   1   1   1   1   1 |     GCC   0   0   0   0   0   0 |     GAC   0   0   0   0   0   0 |     GGC   0   1   1   1   1   1
    GTA   0   0   0   0   0   0 |     GCA   0   0   0   0   0   0 | Glu GAA   0   0   0   0   0   0 |     GGA   0   0   0   0   0   0
    GTG   0   0   0   0   0   0 |     GCG   0   0   0   0   0   0 |     GAG   1   1   1   1   1   1 |     GGG   0   0   0   0   0   0
--------------------------------------------------------------------------------------------------------------------------------------

Codon position x base (3x4) table for each sequence.

#1: Argali         
position  1:    T:0.25000    C:0.31250    A:0.18750    G:0.25000
position  2:    T:0.43750    C:0.25000    A:0.25000    G:0.06250
position  3:    T:0.12500    C:0.37500    A:0.12500    G:0.37500
Average         T:0.27083    C:0.31250    A:0.18750    G:0.22917

#2: LesserMouseDeer
position  1:    T:0.25000    C:0.31250    A:0.18750    G:0.25000
position  2:    T:0.43750    C:0.25000    A:0.25000    G:0.06250
position  3:    T:0.00000    C:0.56250    A:0.06250    G:0.37500
Average         T:0.22917    C:0.37500    A:0.16667    G:0.22917

#3: LesserKudu     
position  1:    T:0.25000    C:0.31250    A:0.18750    G:0.25000
position  2:    T:0.43750    C:0.25000    A:0.25000    G:0.06250
position  3:    T:0.06250    C:0.43750    A:0.12500    G:0.37500
Average         T:0.25000    C:0.33333    A:0.18750    G:0.22917

#4: ForestMuskDeer2
position  1:    T:0.25000    C:0.31250    A:0.18750    G:0.25000
position  2:    T:0.43750    C:0.25000    A:0.25000    G:0.06250
position  3:    T:0.06250    C:0.43750    A:0.18750    G:0.31250
Average         T:0.25000    C:0.33333    A:0.20833    G:0.20833

#5: Camel          
position  1:    T:0.25000    C:0.31250    A:0.18750    G:0.25000
position  2:    T:0.43750    C:0.25000    A:0.25000    G:0.06250
position  3:    T:0.06250    C:0.43750    A:0.00000    G:0.50000
Average         T:0.25000    C:0.33333    A:0.14583    G:0.27083

#6: KillerWhale    
position  1:    T:0.25000    C:0.31250    A:0.18750    G:0.25000
position  2:    T:0.43750    C:0.25000    A:0.25000    G:0.06250
position  3:    T:0.06250    C:0.43750    A:0.12500    G:0.37500
Average         T:0.25000    C:0.33333    A:0.18750    G:0.22917

#7: DefassaWaterbuck
position  1:    T:0.25000    C:0.31250    A:0.18750    G:0.25000
position  2:    T:0.43750    C:0.25000    A:0.25000    G:0.06250
position  3:    T:0.12500    C:0.37500    A:0.12500    G:0.37500
Average         T:0.27083    C:0.31250    A:0.18750    G:0.22917

#8: Sheep          
position  1:    T:0.25000    C:0.31250    A:0.18750    G:0.25000
position  2:    T:0.43750    C:0.25000    A:0.25000    G:0.06250
position  3:    T:0.12500    C:0.37500    A:0.12500    G:0.37500
Average         T:0.27083    C:0.31250    A:0.18750    G:0.22917

#9: MaxwellsDuiker 
position  1:    T:0.25000    C:0.31250    A:0.18750    G:0.25000
position  2:    T:0.43750    C:0.25000    A:0.25000    G:0.06250
position  3:    T:0.12500    C:0.37500    A:0.12500    G:0.37500
Average         T:0.27083    C:0.31250    A:0.18750    G:0.22917

#10: GazellaPrzewalskyi
position  1:    T:0.25000    C:0.31250    A:0.18750    G:0.25000
position  2:    T:0.43750    C:0.25000    A:0.25000    G:0.06250
position  3:    T:0.06250    C:0.43750    A:0.12500    G:0.37500
Average         T:0.25000    C:0.33333    A:0.18750    G:0.22917

#11: MountainNyala  
position  1:    T:0.25000    C:0.37500    A:0.18750    G:0.18750
position  2:    T:0.43750    C:0.31250    A:0.25000    G:0.00000
position  3:    T:0.06250    C:0.43750    A:0.12500    G:0.37500
Average         T:0.25000    C:0.37500    A:0.18750    G:0.18750

#12: MuntiacusMuntjak
position  1:    T:0.25000    C:0.31250    A:0.18750    G:0.25000
position  2:    T:0.43750    C:0.25000    A:0.25000    G:0.06250
position  3:    T:0.06250    C:0.43750    A:0.12500    G:0.37500
Average         T:0.25000    C:0.33333    A:0.18750    G:0.22917

#13: goat           
position  1:    T:0.25000    C:0.31250    A:0.18750    G:0.25000
position  2:    T:0.43750    C:0.25000    A:0.25000    G:0.06250
position  3:    T:0.12500    C:0.37500    A:0.12500    G:0.37500
Average         T:0.27083    C:0.31250    A:0.18750    G:0.22917

#14: AfricanBuffalo 
position  1:    T:0.25000    C:0.31250    A:0.18750    G:0.25000
position  2:    T:0.43750    C:0.25000    A:0.25000    G:0.06250
position  3:    T:0.06250    C:0.43750    A:0.12500    G:0.37500
Average         T:0.25000    C:0.33333    A:0.18750    G:0.22917

#15: Topi           
position  1:    T:0.25000    C:0.31250    A:0.18750    G:0.25000
position  2:    T:0.43750    C:0.25000    A:0.25000    G:0.06250
position  3:    T:0.12500    C:0.37500    A:0.12500    G:0.37500
Average         T:0.27083    C:0.31250    A:0.18750    G:0.22917

#16: CommonDuiker   
position  1:    T:0.25000    C:0.25000    A:0.18750    G:0.31250
position  2:    T:0.43750    C:0.25000    A:0.25000    G:0.06250
position  3:    T:0.06250    C:0.43750    A:0.12500    G:0.37500
Average         T:0.25000    C:0.31250    A:0.18750    G:0.25000

#17: Suni           
position  1:    T:0.25000    C:0.31250    A:0.18750    G:0.25000
position  2:    T:0.43750    C:0.25000    A:0.25000    G:0.06250
position  3:    T:0.12500    C:0.43750    A:0.12500    G:0.31250
Average         T:0.27083    C:0.33333    A:0.18750    G:0.20833

#18: Springbuck     
position  1:    T:0.25000    C:0.31250    A:0.18750    G:0.25000
position  2:    T:0.43750    C:0.25000    A:0.25000    G:0.06250
position  3:    T:0.06250    C:0.43750    A:0.12500    G:0.37500
Average         T:0.25000    C:0.33333    A:0.18750    G:0.22917

#19: Okapi          
position  1:    T:0.25000    C:0.31250    A:0.18750    G:0.25000
position  2:    T:0.43750    C:0.25000    A:0.25000    G:0.06250
position  3:    T:0.06250    C:0.43750    A:0.12500    G:0.37500
Average         T:0.25000    C:0.33333    A:0.18750    G:0.22917

#20: Giraffe        
position  1:    T:0.25000    C:0.31250    A:0.18750    G:0.25000
position  2:    T:0.43750    C:0.25000    A:0.25000    G:0.06250
position  3:    T:0.06250    C:0.43750    A:0.12500    G:0.37500
Average         T:0.25000    C:0.33333    A:0.18750    G:0.22917

#21: TibetanAntelope
position  1:    T:0.25000    C:0.31250    A:0.18750    G:0.25000
position  2:    T:0.43750    C:0.25000    A:0.25000    G:0.06250
position  3:    T:0.12500    C:0.37500    A:0.12500    G:0.37500
Average         T:0.27083    C:0.31250    A:0.18750    G:0.22917

#22: Sitatunga      
position  1:    T:0.25000    C:0.31250    A:0.18750    G:0.25000
position  2:    T:0.43750    C:0.25000    A:0.25000    G:0.06250
position  3:    T:0.06250    C:0.43750    A:0.12500    G:0.37500
Average         T:0.25000    C:0.33333    A:0.18750    G:0.22917

#23: Oribi          
position  1:    T:0.25000    C:0.31250    A:0.18750    G:0.25000
position  2:    T:0.43750    C:0.25000    A:0.25000    G:0.06250
position  3:    T:0.06250    C:0.43750    A:0.12500    G:0.37500
Average         T:0.25000    C:0.33333    A:0.18750    G:0.22917

#24: BarbarySheep   
position  1:    T:0.25000    C:0.31250    A:0.18750    G:0.25000
position  2:    T:0.43750    C:0.25000    A:0.25000    G:0.06250
position  3:    T:0.12500    C:0.37500    A:0.06250    G:0.43750
Average         T:0.27083    C:0.31250    A:0.16667    G:0.25000

#25: Daviddeer      
position  1:    T:0.25000    C:0.31250    A:0.18750    G:0.25000
position  2:    T:0.43750    C:0.25000    A:0.25000    G:0.06250
position  3:    T:0.06250    C:0.43750    A:0.12500    G:0.37500
Average         T:0.25000    C:0.33333    A:0.18750    G:0.22917

#26: Reindeer       
position  1:    T:0.25000    C:0.31250    A:0.18750    G:0.25000
position  2:    T:0.43750    C:0.25000    A:0.25000    G:0.06250
position  3:    T:0.06250    C:0.43750    A:0.12500    G:0.37500
Average         T:0.25000    C:0.33333    A:0.18750    G:0.22917

#27: Ibex           
position  1:    T:0.25000    C:0.31250    A:0.18750    G:0.25000
position  2:    T:0.43750    C:0.25000    A:0.25000    G:0.06250
position  3:    T:0.12500    C:0.37500    A:0.12500    G:0.37500
Average         T:0.27083    C:0.31250    A:0.18750    G:0.22917

#28: GyrantGazelle  
position  1:    T:0.25000    C:0.31250    A:0.18750    G:0.25000
position  2:    T:0.43750    C:0.25000    A:0.25000    G:0.06250
position  3:    T:0.12500    C:0.37500    A:0.12500    G:0.37500
Average         T:0.27083    C:0.31250    A:0.18750    G:0.22917

#29: Hartebeest     
position  1:    T:0.25000    C:0.31250    A:0.18750    G:0.25000
position  2:    T:0.43750    C:0.25000    A:0.25000    G:0.06250
position  3:    T:0.12500    C:0.37500    A:0.12500    G:0.37500
Average         T:0.27083    C:0.31250    A:0.18750    G:0.22917

#30: Bongo          
position  1:    T:0.25000    C:0.37500    A:0.18750    G:0.18750
position  2:    T:0.43750    C:0.31250    A:0.25000    G:0.00000
position  3:    T:0.06250    C:0.43750    A:0.12500    G:0.37500
Average         T:0.25000    C:0.37500    A:0.18750    G:0.18750

#31: Gerenuk        
position  1:    T:0.25000    C:0.31250    A:0.18750    G:0.25000
position  2:    T:0.43750    C:0.25000    A:0.25000    G:0.06250
position  3:    T:0.06250    C:0.43750    A:0.12500    G:0.37500
Average         T:0.25000    C:0.33333    A:0.18750    G:0.22917

#32: CommonEland    
position  1:    T:0.25000    C:0.31250    A:0.18750    G:0.25000
position  2:    T:0.43750    C:0.25000    A:0.25000    G:0.06250
position  3:    T:0.06250    C:0.43750    A:0.12500    G:0.37500
Average         T:0.25000    C:0.33333    A:0.18750    G:0.22917

#33: MuntiacusReevesi
position  1:    T:0.25000    C:0.31250    A:0.18750    G:0.25000
position  2:    T:0.43750    C:0.25000    A:0.25000    G:0.06250
position  3:    T:0.06250    C:0.43750    A:0.12500    G:0.37500
Average         T:0.25000    C:0.33333    A:0.18750    G:0.22917

#34: HarveysDuiker  
position  1:    T:0.25000    C:0.31250    A:0.18750    G:0.25000
position  2:    T:0.43750    C:0.25000    A:0.25000    G:0.06250
position  3:    T:0.12500    C:0.37500    A:0.12500    G:0.37500
Average         T:0.27083    C:0.31250    A:0.18750    G:0.22917

#35: Pronghorn      
position  1:    T:0.25000    C:0.31250    A:0.18750    G:0.25000
position  2:    T:0.43750    C:0.25000    A:0.25000    G:0.06250
position  3:    T:0.06250    C:0.43750    A:0.12500    G:0.37500
Average         T:0.25000    C:0.33333    A:0.18750    G:0.22917

#36: BlueWildebeest 
position  1:    T:0.25000    C:0.31250    A:0.18750    G:0.25000
position  2:    T:0.43750    C:0.25000    A:0.25000    G:0.06250
position  3:    T:0.12500    C:0.37500    A:0.12500    G:0.37500
Average         T:0.27083    C:0.31250    A:0.18750    G:0.22917

#37: Gemsbok        
position  1:    T:0.25000    C:0.31250    A:0.18750    G:0.25000
position  2:    T:0.43750    C:0.25000    A:0.25000    G:0.06250
position  3:    T:0.12500    C:0.37500    A:0.12500    G:0.37500
Average         T:0.27083    C:0.31250    A:0.18750    G:0.22917

#38: Yak            
position  1:    T:0.25000    C:0.31250    A:0.18750    G:0.25000
position  2:    T:0.43750    C:0.25000    A:0.25000    G:0.06250
position  3:    T:0.12500    C:0.37500    A:0.12500    G:0.37500
Average         T:0.27083    C:0.31250    A:0.18750    G:0.22917

#39: BlueSheep      
position  1:    T:0.25000    C:0.31250    A:0.18750    G:0.25000
position  2:    T:0.43750    C:0.25000    A:0.25000    G:0.06250
position  3:    T:0.12500    C:0.37500    A:0.12500    G:0.37500
Average         T:0.27083    C:0.31250    A:0.18750    G:0.22917

#40: BohorReedbuck  
position  1:    T:0.25000    C:0.31250    A:0.18750    G:0.25000
position  2:    T:0.43750    C:0.25000    A:0.25000    G:0.06250
position  3:    T:0.12500    C:0.37500    A:0.12500    G:0.37500
Average         T:0.27083    C:0.31250    A:0.18750    G:0.22917

#41: KirksDik       
position  1:    T:0.25000    C:0.31250    A:0.18750    G:0.25000
position  2:    T:0.43750    C:0.25000    A:0.25000    G:0.06250
position  3:    T:0.06250    C:0.43750    A:0.12500    G:0.37500
Average         T:0.25000    C:0.33333    A:0.18750    G:0.22917

#42: RoeDeer        
position  1:    T:0.25000    C:0.31250    A:0.18750    G:0.25000
position  2:    T:0.43750    C:0.25000    A:0.25000    G:0.06250
position  3:    T:0.06250    C:0.43750    A:0.06250    G:0.43750
Average         T:0.25000    C:0.33333    A:0.16667    G:0.25000

#43: WhiteLippedDeer
position  1:    T:0.25000    C:0.31250    A:0.18750    G:0.25000
position  2:    T:0.43750    C:0.25000    A:0.25000    G:0.06250
position  3:    T:0.06250    C:0.43750    A:0.12500    G:0.37500
Average         T:0.25000    C:0.33333    A:0.18750    G:0.22917

#44: ThomsonGazelle 
position  1:    T:0.25000    C:0.31250    A:0.18750    G:0.25000
position  2:    T:0.43750    C:0.25000    A:0.25000    G:0.06250
position  3:    T:0.06250    C:0.43750    A:0.12500    G:0.37500
Average         T:0.25000    C:0.33333    A:0.18750    G:0.22917

#45: MuntiacusCrinifrons
position  1:    T:0.25000    C:0.18750    A:0.18750    G:0.37500
position  2:    T:0.43750    C:0.37500    A:0.18750    G:0.00000
position  3:    T:0.00000    C:0.62500    A:0.00000    G:0.37500
Average         T:0.22917    C:0.39583    A:0.12500    G:0.25000

#46: WhiteTailedDeer
position  1:    T:0.25000    C:0.31250    A:0.18750    G:0.25000
position  2:    T:0.43750    C:0.25000    A:0.25000    G:0.06250
position  3:    T:0.06250    C:0.43750    A:0.12500    G:0.37500
Average         T:0.25000    C:0.33333    A:0.18750    G:0.22917

#47: Cattle         
position  1:    T:0.25000    C:0.31250    A:0.18750    G:0.25000
position  2:    T:0.43750    C:0.25000    A:0.25000    G:0.06250
position  3:    T:0.12500    C:0.37500    A:0.12500    G:0.37500
Average         T:0.27083    C:0.31250    A:0.18750    G:0.22917

#48: RoyalAntelope  
position  1:    T:0.25000    C:0.31250    A:0.18750    G:0.25000
position  2:    T:0.43750    C:0.25000    A:0.25000    G:0.06250
position  3:    T:0.06250    C:0.37500    A:0.12500    G:0.43750
Average         T:0.25000    C:0.31250    A:0.18750    G:0.25000

#49: Steenbok       
position  1:    T:0.25000    C:0.31250    A:0.18750    G:0.25000
position  2:    T:0.43750    C:0.25000    A:0.25000    G:0.06250
position  3:    T:0.12500    C:0.37500    A:0.12500    G:0.37500
Average         T:0.27083    C:0.31250    A:0.18750    G:0.22917

#50: Impala         
position  1:    T:0.25000    C:0.31250    A:0.18750    G:0.25000
position  2:    T:0.43750    C:0.25000    A:0.25000    G:0.06250
position  3:    T:0.12500    C:0.37500    A:0.12500    G:0.37500
Average         T:0.27083    C:0.31250    A:0.18750    G:0.22917

#51: Klipspringer   
position  1:    T:0.25000    C:0.31250    A:0.18750    G:0.25000
position  2:    T:0.43750    C:0.25000    A:0.25000    G:0.06250
