1
52 1
Argali 0.000000 0.528200 0.095400 0.433000 0.094400 0.000000 0.094500 0.094000 0.083500 0.096200 0.022000 0.106700 0.094600 0.081100 0.119400 0.107700 0.096100 0.082700 0.093800 0.070600 0.081500 0.033700 0.083000 0.094800 0.069000 0.069000 0.107900 0.070000 0.118400 0.070600 0.083000 0.106900 0.107700 0.120000 0.083500 0.082500 0.045200 0.094400 0.107400 0.082800 0.082800 0.081700 0.096400 0.094900 0.095800 0.238700 0.092400 0.123100 0.106900 0.133600 0.070600 0.070600
LesserMous 0.528200 0.000000 0.478200 0.448100 0.473200 0.528200 0.517800 0.495300 0.421000 0.460200 0.505700 0.453600 0.473800 0.522800 0.514000 0.418100 0.419500 0.457900 0.515600 0.439700 0.497000 0.504300 0.440100 0.475900 0.440600 0.476800 0.454300 0.439700 0.535000 0.439700 0.440100 0.514200 0.476700 0.474700 0.421000 0.455600 0.473500 0.473200 0.539400 0.458700 0.458600 0.493700 0.460200 0.475100 0.477300 0.561700 0.473900 0.442200 0.476500 0.421400 0.439700 0.439700
LesserKudu 0.095400 0.478200 0.000000 0.354700 0.070100 0.095400 0.070100 0.069400 0.035200 0.046900 0.082800 0.057600 0.046000 0.070200 0.069400 0.082900 0.046700 0.034400 0.069500 0.022900 0.057800 0.058500 0.034600 0.046000 0.121600 0.046100 0.058200 0.023100 0.093600 0.022900 0.034600 0.082200 0.058100 0.069900 0.035000 0.034400 0.094100 0.069800 0.082600 0.034500 0.034500 0.057700 0.046700 0.046100 0.046600 0.178800 0.069500 0.071600 0.081900 0.082500 0.023100 0.023100
KillerWhal 0.433000 0.448100 0.354700 0.000000 0.350800 0.433000 0.389000 0.349000 0.304500 0.306200 0.412500 0.299100 0.318600 0.393400 0.385400 0.301000 0.321800 0.336700 0.348100 0.320800 0.333200 0.376500 0.320600 0.352600 0.412500 0.353100 0.302300 0.320800 0.422600 0.320800 0.320600 0.406900 0.372300 0.351500 0.304500 0.302300 0.384400 0.350800 0.335800 0.337300 0.301300 0.367700 0.306200 0.352500 0.322200 0.393400 0.386500 0.359500 0.315600 0.270100 0.320800 0.320800
DefassaWat 0.094400 0.473200 0.070100 0.350800 0.000000 0.094400 0.045500 0.045200 0.058500 0.070700 0.081800 0.081200 0.069500 0.045800 0.068800 0.034000 0.046300 0.057800 0.068800 0.046200 0.033800 0.057500 0.058100 0.069600 0.107300 0.022400 0.057700 0.046200 0.068300 0.046200 0.058100 0.057600 0.082000 0.093900 0.058400 0.057700 0.093200 0.000000 0.057400 0.057900 0.057900 0.033700 0.070700 0.069700 0.070400 0.176900 0.045100 0.096300 0.069100 0.083200 0.046200 0.046200
Sheep 0.000000 0.528200 0.095400 0.433000 0.094400 0.000000 0.094500 0.094000 0.083500 0.096200 0.022000 0.106700 0.094600 0.081400 0.119400 0.107700 0.096100 0.082700 0.093800 0.070600 0.081600 0.033700 0.083000 0.094800 0.069100 0.069800 0.107900 0.070600 0.119100 0.070600 0.083000 0.106900 0.107700 0.120100 0.083500 0.082100 0.045200 0.094400 0.107400 0.082800 0.082800 0.081700 0.096200 0.094900 0.095800 0.238700 0.093800 0.123100 0.106900 0.133600 0.070600 0.070600
MaxwellsDu 0.094500 0.517800 0.070100 0.389000 0.045500 0.094500 0.000000 0.045200 0.058500 0.070700 0.082000 0.081300 0.069500 0.022700 0.068900 0.057600 0.070600 0.057900 0.068400 0.046700 0.033800 0.057900 0.058100 0.069600 0.120500 0.022600 0.082200 0.046200 0.044900 0.046200 0.058100 0.033800 0.082100 0.094000 0.058500 0.057800 0.093300 0.045500 0.057400 0.057900 0.057700 0.033700 0.070700 0.069700 0.070500 0.149200 0.045300 0.071000 0.081400 0.108000 0.046200 0.046200
GazellaPrz 0.094000 0.495300 0.069400 0.349000 0.045200 0.094000 0.045200 0.000000 0.058000 0.069200 0.080800 0.080600 0.069100 0.045800 0.068500 0.057200 0.070100 0.057000 0.068500 0.045900 0.033600 0.057600 0.057700 0.069200 0.119900 0.022400 0.081600 0.045800 0.068300 0.045900 0.057700 0.056800 0.081500 0.093400 0.058000 0.057400 0.092900 0.045200 0.057100 0.057100 0.057400 0.033500 0.069500 0.069300 0.069900 0.175800 0.044900 0.095700 0.080800 0.107300 0.045800 0.045800
MountainNy 0.083500 0.421000 0.035200 0.304500 0.058500 0.083500 0.058500 0.058000 0.000000 0.035100 0.071000 0.046100 0.034800 0.058500 0.058000 0.046600 0.035000 0.023000 0.057700 0.011500 0.046300 0.046900 0.023300 0.034700 0.083600 0.034600 0.046600 0.011500 0.081800 0.011500 0.023000 0.070500 0.046500 0.058300 0.000000 0.022900 0.057800 0.058600 0.070900 0.023400 0.023000 0.046200 0.035100 0.034600 0.035200 0.166000 0.057900 0.035300 0.070500 0.070500 0.011600 0.011500
MuntiacusM 0.096200 0.460200 0.046900 0.306200 0.070700 0.096200 0.070700 0.069200 0.035100 0.000000 0.083500 0.058000 0.046300 0.071200 0.070000 0.083800 0.047100 0.034700 0.070100 0.023100 0.058300 0.059000 0.011500 0.046400 0.122700 0.046600 0.058700 0.023300 0.094300 0.023100 0.011500 0.082900 0.058600 0.070500 0.035100 0.034700 0.094900 0.070700 0.058600 0.034800 0.034800 0.058200 0.000000 0.046500 0.047000 0.180300 0.070100 0.072300 0.083000 0.083400 0.023100 0.023200
goat 0.022000 0.505700 0.082800 0.412500 0.081800 0.022000 0.082000 0.080800 0.071000 0.083500 0.000000 0.094100 0.082100 0.069200 0.106600 0.095000 0.083400 0.070300 0.081400 0.058400 0.068600 0.022300 0.071000 0.082300 0.057000 0.057700 0.095100 0.057900 0.105700 0.058400 0.069400 0.094300 0.095000 0.107100 0.071000 0.070200 0.057100 0.081700 0.094700 0.070400 0.070400 0.069400 0.083500 0.082400 0.083200 0.223200 0.081400 0.109800 0.094300 0.119800 0.058400 0.058400
AfricanBuf 0.106700 0.453600 0.057600 0.299100 0.081200 0.106700 0.081300 0.080600 0.046100 0.058000 0.094100 0.000000 0.057100 0.081800 0.080500 0.069400 0.057900 0.045600 0.080300 0.034100 0.068900 0.070400 0.045800 0.057200 0.132700 0.057200 0.069400 0.034600 0.104700 0.034100 0.045800 0.093400 0.069300 0.081100 0.046100 0.022500 0.105000 0.081200 0.093700 0.046100 0.045700 0.068900 0.058400 0.057200 0.034300 0.162400 0.080300 0.084100 0.069100 0.093800 0.034100 0.034100
Topi 0.094600 0.473800 0.046000 0.318600 0.069500 0.094600 0.069500 0.069100 0.034800 0.046300 0.082100 0.057100 0.000000 0.070000 0.068800 0.082900 0.046300 0.034200 0.069300 0.022900 0.057400 0.058100 0.034700 0.045600 0.120600 0.045700 0.011400 0.022700 0.092800 0.023000 0.034300 0.081600 0.057600 0.022400 0.034500 0.034100 0.093300 0.069500 0.081900 0.034200 0.034200 0.057300 0.046300 0.045700 0.046200 0.177200 0.068900 0.071000 0.081600 0.081700 0.022900 0.022700
CommonDuik 0.081100 0.522800 0.070200 0.393400 0.045800 0.081400 0.022700 0.045800 0.058500 0.071200 0.069200 0.081800 0.070000 0.000000 0.068800 0.058000 0.071100 0.058000 0.069300 0.046500 0.034000 0.045900 0.058500 0.069900 0.106700 0.022600 0.082700 0.046500 0.045100 0.046500 0.058500 0.034000 0.082700 0.094700 0.058900 0.058200 0.093800 0.045800 0.057800 0.058600 0.058300 0.033900 0.071200 0.069900 0.069900 0.150400 0.045400 0.097100 0.082000 0.108600 0.046500 0.046500
Suni 0.119400 0.514000 0.069400 0.385400 0.068800 0.119400 0.068900 0.068500 0.058000 0.070000 0.106600 0.080500 0.068800 0.068800 0.000000 0.081400 0.070500 0.057300 0.092700 0.045700 0.057300 0.081900 0.057500 0.068900 0.146300 0.045300 0.081300 0.045700 0.092000 0.045700 0.057500 0.080800 0.081200 0.093100 0.057800 0.057200 0.117800 0.068800 0.081100 0.057300 0.057400 0.056700 0.070000 0.069000 0.069700 0.175300 0.068300 0.095400 0.105700 0.106800 0.045700 0.045700
Springbuck 0.107700 0.418100 0.082900 0.301000 0.034000 0.107700 0.057600 0.057200 0.046600 0.083800 0.095000 0.069400 0.082900 0.058000 0.081400 0.000000 0.058600 0.070400 0.081400 0.058500 0.045600 0.070400 0.070600 0.082500 0.095000 0.034100 0.070100 0.058500 0.080700 0.058500 0.070600 0.069200 0.095000 0.107100 0.046600 0.070400 0.081300 0.034000 0.069800 0.070400 0.070400 0.045500 0.083600 0.082400 0.083300 0.163900 0.057100 0.084000 0.057500 0.096500 0.058800 0.058500
Okapi 0.096100 0.419500 0.046700 0.321800 0.046300 0.096100 0.070600 0.070100 0.035000 0.047100 0.083400 0.057900 0.046300 0.071100 0.070500 0.058600 0.000000 0.034700 0.070000 0.023100 0.057800 0.059000 0.035000 0.046300 0.109200 0.046400 0.034900 0.023300 0.081800 0.023200 0.034800 0.082900 0.046500 0.070400 0.035000 0.034600 0.094800 0.046500 0.083300 0.034700 0.034700 0.058100 0.047100 0.046400 0.046900 0.150900 0.070000 0.072200 0.070700 0.059300 0.023100 0.023100
Giraffe 0.082700 0.457900 0.034400 0.336700 0.057800 0.082700 0.057900 0.057000 0.023000 0.034700 0.070300 0.045600 0.034200 0.058000 0.057300 0.070400 0.034700 0.000000 0.057400 0.011500 0.045800 0.046300 0.022800 0.034300 0.108400 0.034300 0.046100 0.011500 0.081100 0.011400 0.022900 0.069900 0.046100 0.057700 0.023000 0.022700 0.081800 0.057900 0.070600 0.022800 0.022900 0.045800 0.034700 0.034200 0.034600 0.164300 0.057400 0.059200 0.069900 0.069700 0.011500 0.011500
TibetanAnt 0.093800 0.515600 0.069500 0.348100 0.068800 0.093800 0.068400 0.068500 0.057700 0.070100 0.081400 0.080300 0.069300 0.069300 0.092700 0.081400 0.070000 0.057400 0.000000 0.045800 0.056800 0.057400 0.057400 0.069700 0.119600 0.045200 0.081500 0.045800 0.092000 0.045800 0.057600 0.080800 0.081300 0.093200 0.057600 0.057200 0.092600 0.068800 0.081100 0.057400 0.033900 0.056700 0.070100 0.069200 0.069800 0.204700 0.068400 0.095500 0.080700 0.081100 0.045800 0.046000
Sitatunga 0.070600 0.439700 0.022900 0.320800 0.046200 0.070600 0.046700 0.045900 0.011500 0.023100 0.058400 0.034100 0.022900 0.046500 0.045700 0.058500 0.023100 0.011500 0.045800 0.000000 0.034300 0.034700 0.011400 0.022700 0.096000 0.023000 0.034500 0.000000 0.069300 0.000000 0.011400 0.058000 0.034700 0.046100 0.011700 0.011300 0.069600 0.046200 0.058300 0.011500 0.011600 0.034200 0.023200 0.022800 0.023000 0.151100 0.045800 0.047200 0.058100 0.057400 0.000000 0.000000
Oribi 0.081500 0.497000 0.057800 0.333200 0.033800 0.081600 0.033800 0.033600 0.046300 0.058300 0.068600 0.068900 0.057400 0.034000 0.057300 0.045600 0.057800 0.045800 0.056800 0.034300 0.000000 0.045900 0.046000 0.057400 0.107200 0.011200 0.069700 0.034300 0.056300 0.034300 0.046100 0.045300 0.069600 0.081400 0.046300 0.045700 0.080700 0.033900 0.022400 0.045900 0.045900 0.022300 0.057900 0.057500 0.058100 0.134900 0.033500 0.083400 0.045300 0.094600 0.034300 0.034300
BarbaryShe 0.033700 0.504300 0.058500 0.376500 0.057500 0.033700 0.057900 0.057600 0.046900 0.059000 0.022300 0.070400 0.058100 0.045900 0.081900 0.070400 0.059000 0.046300 0.057400 0.034700 0.045900 0.000000 0.046600 0.057900 0.057200 0.034300 0.070600 0.034700 0.081200 0.034900 0.046500 0.069900 0.070500 0.082400 0.046600 0.046300 0.057300 0.057900 0.069500 0.046400 0.046400 0.045800 0.059000 0.058200 0.058900 0.194300 0.057500 0.084500 0.069900 0.093100 0.034700 0.034800
Daviddeer 0.083000 0.440100 0.034600 0.320600 0.058100 0.083000 0.058100 0.057700 0.023300 0.011500 0.071000 0.045800 0.034700 0.058500 0.057500 0.070600 0.035000 0.022800 0.057400 0.011400 0.046000 0.046600 0.000000 0.034300 0.108800 0.034400 0.046300 0.011500 0.081400 0.011500 0.000000 0.070100 0.046200 0.058600 0.023200 0.022800 0.081800 0.058100 0.070400 0.022900 0.023000 0.045900 0.011500 0.034400 0.035000 0.165000 0.057600 0.059400 0.070200 0.069900 0.011500 0.011500
Reindeer 0.094800 0.475900 0.046000 0.352600 0.069600 0.094800 0.069600 0.069200 0.034700 0.046400 0.082300 0.057200 0.045600 0.069900 0.068900 0.082500 0.046300 0.034300 0.069700 0.022700 0.057400 0.057900 0.034300 0.000000 0.120800 0.045800 0.057800 0.022900 0.080700 0.022700 0.034300 0.081700 0.057700 0.069900 0.034500 0.034400 0.093400 0.069600 0.082000 0.034200 0.034200 0.057300 0.046400 0.022500 0.046300 0.122200 0.069000 0.071100 0.081700 0.081900 0.022700 0.022700
Ibex 0.069000 0.440600 0.121600 0.412500 0.107300 0.069100 0.120500 0.119900 0.083600 0.122700 0.057000 0.132700 0.120600 0.106700 0.146300 0.095000 0.109200 0.108400 0.119600 0.096000 0.107200 0.057200 0.108800 0.120800 0.000000 0.094900 0.121000 0.096000 0.145000 0.096000 0.108800 0.120200 0.134300 0.146800 0.083600 0.108100 0.069300 0.107300 0.134100 0.108400 0.108500 0.107000 0.122700 0.121900 0.120600 0.271700 0.094100 0.097000 0.119300 0.149100 0.096000 0.096000
GyrantGaze 0.069000 0.476800 0.046100 0.353100 0.022400 0.069800 0.022600 0.022400 0.034600 0.046600 0.057700 0.057200 0.045700 0.022600 0.045300 0.034100 0.046400 0.034300 0.045200 0.023000 0.011200 0.034300 0.034400 0.045800 0.094900 0.000000 0.057900 0.022900 0.044900 0.023000 0.034400 0.033800 0.057800 0.069500 0.034600 0.034200 0.068900 0.022400 0.034000 0.034300 0.034300 0.011100 0.046500 0.045800 0.046300 0.149200 0.022400 0.071200 0.057300 0.082200 0.022800 0.022800
Hartebeest 0.107900 0.454300 0.058200 0.302300 0.057700 0.107900 0.082200 0.081600 0.046600 0.058700 0.095100 0.069400 0.011400 0.082700 0.081300 0.070100 0.034900 0.046100 0.081500 0.034500 0.069700 0.070600 0.046300 0.057800 0.121000 0.057900 0.000000 0.034500 0.105800 0.034500 0.046300 0.094400 0.070100 0.034000 0.046600 0.046100 0.106300 0.057700 0.094900 0.046200 0.046200 0.069600 0.058700 0.057800 0.058500 0.192600 0.081400 0.084000 0.081900 0.071000 0.035000 0.034500
Bongo 0.070000 0.439700 0.023100 0.320800 0.046200 0.070600 0.046200 0.045800 0.011500 0.023300 0.057900 0.034600 0.022700 0.046500 0.045700 0.058500 0.023300 0.011500 0.045800 0.000000 0.034300 0.034700 0.011500 0.022900 0.096000 0.022900 0.034500 0.000000 0.069300 0.000000 0.011400 0.058000 0.034500 0.046100 0.011500 0.011300 0.069600 0.046200 0.058700 0.011400 0.011500 0.034200 0.023100 0.023100 0.023300 0.151100 0.045800 0.047200 0.058100 0.057400 0.000000 0.000000
Gerenuk 0.118400 0.535000 0.093600 0.422600 0.068300 0.119100 0.044900 0.068300 0.081800 0.094300 0.105700 0.104700 0.092800 0.045100 0.092000 0.080700 0.081800 0.081100 0.092000 0.069300 0.056300 0.081200 0.081400 0.080700 0.145000 0.044900 0.105800 0.069300 0.000000 0.069300 0.081400 0.056400 0.080700 0.117600 0.081800 0.080900 0.116900 0.068600 0.080400 0.081200 0.081100 0.056300 0.094300 0.093000 0.093900 0.146900 0.067800 0.120500 0.104900 0.132700 0.069300 0.069300
CommonElan 0.070600 0.439700 0.022900 0.320800 0.046200 0.070600 0.046200 0.045900 0.011500 0.023100 0.058400 0.034100 0.023000 0.046500 0.045700 0.058500 0.023200 0.011400 0.045800 0.000000 0.034300 0.034900 0.011500 0.022700 0.096000 0.023000 0.034500 0.000000 0.069300 0.000000 0.011400 0.058000 0.034500 0.046100 0.011500 0.011500 0.069600 0.046200 0.058300 0.011600 0.011500 0.034200 0.023200 0.022800 0.023300 0.151100 0.045800 0.047200 0.058100 0.057400 0.000000 0.000000
MuntiacusR 0.083000 0.440100 0.034600 0.320600 0.058100 0.083000 0.058100 0.057700 0.023000 0.011500 0.069400 0.045800 0.034300 0.058500 0.057500 0.070600 0.034800 0.022900 0.057600 0.011400 0.046100 0.046500 0.000000 0.034300 0.108800 0.034400 0.046300 0.011400 0.081400 0.011400 0.000000 0.070100 0.046200 0.057900 0.023100 0.023000 0.081800 0.058100 0.070400 0.023000 0.022900 0.045900 0.011500 0.034400 0.034800 0.165000 0.057600 0.059400 0.070100 0.069900 0.011500 0.011500
HarveysDui 0.106900 0.514200 0.082200 0.406900 0.057600 0.106900 0.033800 0.056800 0.070500 0.082900 0.094300 0.093400 0.081600 0.034000 0.080800 0.069200 0.082900 0.069900 0.080800 0.058000 0.045300 0.069900 0.070100 0.081700 0.120200 0.033800 0.094400 0.058000 0.056400 0.058000 0.070100 0.000000 0.094300 0.106300 0.070500 0.069700 0.105500 0.057100 0.069300 0.069900 0.069900 0.045200 0.082900 0.081800 0.082600 0.162600 0.056700 0.109100 0.093600 0.120900 0.058000 0.058000
Pronghorn 0.107700 0.476700 0.058100 0.372300 0.082000 0.107700 0.082100 0.081500 0.046500 0.058600 0.095000 0.069300 0.057600 0.082700 0.081200 0.095000 0.046500 0.046100 0.081300 0.034700 0.069600 0.070500 0.046200 0.057700 0.134300 0.057800 0.070100 0.034500 0.080700 0.034500 0.046200 0.094300 0.000000 0.081800 0.046500 0.046000 0.106100 0.082000 0.094800 0.046600 0.046100 0.069500 0.058600 0.034100 0.058500 0.177900 0.081300 0.083900 0.094400 0.095000 0.034500 0.034600
BlueWildeb 0.120000 0.474700 0.069900 0.351500 0.093900 0.120100 0.094000 0.093400 0.058300 0.070500 0.107100 0.081100 0.022400 0.094700 0.093100 0.107100 0.070400 0.057700 0.093200 0.046100 0.081400 0.082400 0.058600 0.069900 0.146800 0.069500 0.034000 0.046100 0.117600 0.046100 0.057900 0.106300 0.081800 0.000000 0.058300 0.058400 0.118200 0.093900 0.106800 0.057800 0.057800 0.081300 0.070500 0.069500 0.070300 0.176900 0.093200 0.096900 0.106400 0.107300 0.046100 0.046100
Gemsbok 0.083500 0.421000 0.035000 0.304500 0.058400 0.083500 0.058500 0.058000 0.000000 0.035100 0.071000 0.046100 0.034500 0.058900 0.057800 0.046600 0.035000 0.023000 0.057600 0.011700 0.046300 0.046600 0.023200 0.034500 0.083600 0.034600 0.046600 0.011500 0.081800 0.011500 0.023100 0.070500 0.046500 0.058300 0.000000 0.022900 0.057800 0.058400 0.070900 0.023300 0.023200 0.046200 0.035100 0.034600 0.035000 0.166000 0.057900 0.035500 0.070500 0.070500 0.011500 0.011600
Yak 0.082500 0.455600 0.034400 0.302300 0.057700 0.082100 0.057800 0.057400 0.022900 0.034700 0.070200 0.022500 0.034100 0.058200 0.057200 0.070400 0.034600 0.022700 0.057200 0.011300 0.045700 0.046300 0.022800 0.034400 0.108100 0.034200 0.046100 0.011300 0.080900 0.011500 0.023000 0.069700 0.046000 0.058400 0.022900 0.000000 0.081300 0.057700 0.070000 0.022800 0.023000 0.045700 0.034700 0.034200 0.011400 0.164000 0.057300 0.059000 0.069800 0.069400 0.011300 0.011400
BlueSheep 0.045200 0.473500 0.094100 0.384400 0.093200 0.045200 0.093300 0.092900 0.057800 0.094900 0.057100 0.105000 0.093300 0.093800 0.117800 0.081300 0.094800 0.081800 0.092600 0.069600 0.080700 0.057300 0.081800 0.093400 0.069300 0.068900 0.106300 0.069600 0.116900 0.069600 0.081800 0.105500 0.106100 0.118200 0.057800 0.081300 0.000000 0.092900 0.106000 0.081600 0.081600 0.080600 0.095600 0.093900 0.094300 0.234400 0.092700 0.095300 0.105300 0.133700 0.069600 0.068900
BohorReedb 0.094400 0.473200 0.069800 0.350800 0.000000 0.094400 0.045500 0.045200 0.058600 0.070700 0.081700 0.081200 0.069500 0.045800 0.068800 0.034000 0.046500 0.057900 0.068800 0.046200 0.033900 0.057900 0.058100 0.069600 0.107300 0.022400 0.057700 0.046200 0.068600 0.046200 0.058100 0.057100 0.082000 0.093900 0.058400 0.057700 0.092900 0.000000 0.057400 0.057900 0.058400 0.033700 0.070600 0.069700 0.070400 0.176900 0.045100 0.096300 0.069100 0.083200 0.046200 0.046200
KirksDik 0.107400 0.539400 0.082600 0.335800 0.057400 0.107400 0.057400 0.057100 0.070900 0.058600 0.094700 0.093700 0.081900 0.057800 0.081100 0.069800 0.083300 0.070600 0.081100 0.058300 0.022400 0.069500 0.070400 0.082000 0.134100 0.034000 0.094900 0.058700 0.080400 0.058300 0.070400 0.069300 0.094800 0.106800 0.070900 0.070000 0.106000 0.057400 0.000000 0.070200 0.070200 0.045400 0.058600 0.082200 0.082700 0.162800 0.057000 0.109700 0.069300 0.121600 0.058300 0.058300
RoeDeer 0.082800 0.458700 0.034500 0.337300 0.057900 0.082800 0.057900 0.057100 0.023400 0.034800 0.070400 0.046100 0.034200 0.058600 0.057300 0.070400 0.034700 0.022800 0.057400 0.011500 0.045900 0.046400 0.022900 0.034200 0.108400 0.034300 0.046200 0.011400 0.081200 0.011600 0.023000 0.069900 0.046600 0.057800 0.023300 0.022800 0.081600 0.057900 0.070200 0.000000 0.022800 0.045800 0.034800 0.034400 0.035000 0.164600 0.057400 0.059200 0.070000 0.069700 0.011400 0.011400
WhiteLippe 0.082800 0.458600 0.034500 0.301300 0.057900 0.082800 0.057700 0.057400 0.023000 0.034800 0.070400 0.045700 0.034200 0.058300 0.057400 0.070400 0.034700 0.022900 0.033900 0.011600 0.045900 0.046400 0.023000 0.034200 0.108500 0.034300 0.046200 0.011500 0.081100 0.011500 0.022900 0.069900 0.046100 0.057800 0.023200 0.023000 0.081600 0.058400 0.070200 0.022800 0.000000 0.045800 0.034800 0.034300 0.034900 0.164400 0.057400 0.059600 0.069900 0.044400 0.011500 0.011400
ThomsonGaz 0.081700 0.493700 0.057700 0.367700 0.033700 0.081700 0.033700 0.033500 0.046200 0.058200 0.069400 0.068900 0.057300 0.033900 0.056700 0.045500 0.058100 0.045800 0.056700 0.034200 0.022300 0.045800 0.045900 0.057300 0.107000 0.011100 0.069600 0.034200 0.056300 0.034200 0.045900 0.045200 0.069500 0.081300 0.046200 0.045700 0.080600 0.033700 0.045400 0.045800 0.045800 0.000000 0.058200 0.057400 0.058000 0.161700 0.033400 0.083300 0.069000 0.093800 0.034200 0.034200
MuntiacusC 0.096400 0.460200 0.046700 0.306200 0.070700 0.096200 0.070700 0.069500 0.035100 0.000000 0.083500 0.058400 0.046300 0.071200 0.070000 0.083600 0.047100 0.034700 0.070100 0.023200 0.057900 0.059000 0.011500 0.046400 0.122700 0.046500 0.058700 0.023100 0.094300 0.023200 0.011500 0.082900 0.058600 0.070500 0.035100 0.034700 0.095600 0.070600 0.058600 0.034800 0.034800 0.058200 0.000000 0.046500 0.047000 0.180300 0.070100 0.072300 0.082600 0.083400 0.023100 0.023100
WhiteTaile 0.094900 0.475100 0.046100 0.352500 0.069700 0.094900 0.069700 0.069300 0.034600 0.046500 0.082400 0.057200 0.045700 0.069900 0.069000 0.082400 0.046400 0.034200 0.069200 0.022800 0.057500 0.058200 0.034400 0.022500 0.121900 0.045800 0.057800 0.023100 0.093000 0.022800 0.034400 0.081800 0.034100 0.069500 0.034600 0.034200 0.093900 0.069700 0.082200 0.034400 0.034300 0.057400 0.046500 0.000000 0.046300 0.149500 0.069100 0.071200 0.081800 0.082100 0.022800 0.023200
Cattle 0.095800 0.477300 0.046600 0.322200 0.070400 0.095800 0.070500 0.069900 0.035200 0.047000 0.083200 0.034300 0.046200 0.069900 0.069700 0.083300 0.046900 0.034600 0.069800 0.023000 0.058100 0.058900 0.035000 0.046300 0.120600 0.046300 0.058500 0.023300 0.093900 0.023300 0.034800 0.082600 0.058500 0.070300 0.035000 0.011400 0.094300 0.070400 0.082700 0.035000 0.034900 0.058000 0.047000 0.046300 0.000000 0.179900 0.070300 0.072100 0.082800 0.082800 0.023000 0.023000
RoyalAntel 0.238700 0.561700 0.178800 0.393400 0.176900 0.238700 0.149200 0.175800 0.166000 0.180300 0.223200 0.162400 0.177200 0.150400 0.175300 0.163900 0.150900 0.164300 0.204700 0.151100 0.134900 0.194300 0.165000 0.122200 0.271700 0.149200 0.192600 0.151100 0.146900 0.151100 0.165000 0.162600 0.177900 0.176900 0.166000 0.164000 0.234400 0.176900 0.162800 0.164600 0.164400 0.161700 0.180300 0.149500 0.179900 0.000000 0.175500 0.211600 0.163000 0.194300 0.151100 0.151100
Steenbok 0.092400 0.473900 0.069500 0.386500 0.045100 0.093800 0.045300 0.044900 0.057900 0.070100 0.081400 0.080300 0.068900 0.045400 0.068300 0.057100 0.070000 0.057400 0.068400 0.045800 0.033500 0.057500 0.057600 0.069000 0.094100 0.022400 0.081400 0.045800 0.067800 0.045800 0.057600 0.056700 0.081300 0.093200 0.057900 0.057300 0.092700 0.045100 0.057000 0.057400 0.057400 0.033400 0.070100 0.069100 0.070300 0.175500 0.000000 0.070500 0.080700 0.107100 0.045800 0.045800
Impala 0.123100 0.442200 0.071600 0.359500 0.096300 0.123100 0.071000 0.095700 0.035300 0.072300 0.109800 0.084100 0.071000 0.097100 0.095400 0.084000 0.072200 0.059200 0.095500 0.047200 0.083400 0.084500 0.059400 0.071100 0.097000 0.071200 0.084000 0.047200 0.120500 0.047200 0.059400 0.109100 0.083900 0.096900 0.035500 0.059000 0.095300 0.096300 0.109700 0.059200 0.059600 0.083300 0.072300 0.071200 0.072100 0.211600 0.070500 0.000000 0.109000 0.110500 0.047200 0.047200
Klipspring 0.106900 0.476500 0.081900 0.315600 0.069100 0.106900 0.081400 0.080800 0.070500 0.083000 0.094300 0.069100 0.081600 0.082000 0.105700 0.057500 0.070700 0.069900 0.080700 0.058100 0.045300 0.069900 0.070200 0.081700 0.119300 0.057300 0.081900 0.058100 0.104900 0.058100 0.070100 0.093600 0.094400 0.106400 0.070500 0.069800 0.105300 0.069100 0.069300 0.070000 0.069900 0.069000 0.082600 0.081800 0.082800 0.163000 0.080700 0.109000 0.000000 0.108300 0.058100 0.058100
ForestMusk 0.133600 0.421400 0.082500 0.270100 0.083200 0.133600 0.108000 0.107300 0.070500 0.083400 0.119800 0.093800 0.081700 0.108600 0.106800 0.096500 0.059300 0.069700 0.081100 0.057400 0.094600 0.093100 0.069900 0.081900 0.149100 0.082200 0.071000 0.057400 0.132700 0.057400 0.069900 0.120900 0.095000 0.107300 0.070500 0.069400 0.133700 0.083200 0.121600 0.069700 0.044400 0.093800 0.083400 0.082100 0.082800 0.194300 0.107100 0.110500 0.108300 0.000000 0.057400 0.057400
Bushbuck 0.070600 0.439700 0.023100 0.320800 0.046200 0.070600 0.046200 0.045800 0.011600 0.023100 0.058400 0.034100 0.022900 0.046500 0.045700 0.058800 0.023100 0.011500 0.045800 0.000000 0.034300 0.034700 0.011500 0.022700 0.096000 0.022800 0.035000 0.000000 0.069300 0.000000 0.011500 0.058000 0.034500 0.046100 0.011500 0.011300 0.069600 0.046200 0.058300 0.011400 0.011500 0.034200 0.023100 0.022800 0.023000 0.151100 0.045800 0.047200 0.058100 0.057400 0.000000 0.000000
GreaterKud 0.070600 0.439700 0.023100 0.320800 0.046200 0.070600 0.046200 0.045800 0.011500 0.023200 0.058400 0.034100 0.022700 0.046500 0.045700 0.058500 0.023100 0.011500 0.046000 0.000000 0.034300 0.034800 0.011500 0.022700 0.096000 0.022800 0.034500 0.000000 0.069300 0.000000 0.011500 0.058000 0.034600 0.046100 0.011600 0.011400 0.068900 0.046200 0.058300 0.011400 0.011400 0.034200 0.023100 0.023200 0.023000 0.151100 0.045800 0.047200 0.058100 0.057400 0.000000 0.000000
