CODONML (in paml version 4.10.7, June 2023)  /home/rachel/ruminants_paml/6406-phy-tree/ENSBTAT00000016309.fasta.phy
Model: free dN/dS Ratios for branches,  kappa = 2.000 fixed

Codon frequency model: F3x4
ns =  54  ls =  33

Codon usage in sequences
--------------------------------------------------------------------------------------------------------------------------------------
Phe TTT   0   0   0   0   0   0 | Ser TCT   0   0   0   0   0   0 | Tyr TAT   1   1   1   1   1   0 | Cys TGT   0   0   0   0   0   0
    TTC   1   1   1   1   1   1 |     TCC   0   0   0   0   0   0 |     TAC   0   0   0   0   0   1 |     TGC   0   0   0   0   0   0
Leu TTA   1   1   1   1   1   1 |     TCA   0   0   0   0   0   0 | *** TAA   0   0   0   0   0   0 | *** TGA   0   0   0   0   0   0
    TTG   0   0   0   0   0   0 |     TCG   0   0   0   0   0   0 |     TAG   0   0   0   0   0   0 | Trp TGG   0   0   0   0   0   0
--------------------------------------------------------------------------------------------------------------------------------------
Leu CTT   0   0   0   0   0   0 | Pro CCT   0   1   0   0   1   0 | His CAT   1   1   1   1   1   1 | Arg CGT   0   0   0   0   0   0
    CTC   0   0   0   0   1   0 |     CCC   2   1   2   2   1   2 |     CAC   0   0   0   0   0   0 |     CGC   0   0   0   0   0   0
    CTA   0   1   0   0   0   0 |     CCA   1   1   1   1   1   1 | Gln CAA   0   0   0   0   0   0 |     CGA   0   0   0   0   0   0
    CTG   3   3   3   3   3   4 |     CCG   0   0   0   0   0   0 |     CAG   0   0   0   0   0   0 |     CGG   0   0   0   0   0   0
--------------------------------------------------------------------------------------------------------------------------------------
Ile ATT   2   2   2   2   2   2 | Thr ACT   1   1   1   1   2   1 | Asn AAT   1   1   1   1   1   1 | Ser AGT   0   0   0   0   0   0
    ATC   0   0   0   0   0   0 |     ACC   1   1   1   1   0   1 |     AAC   2   2   2   2   2   2 |     AGC   1   1   1   1   1   1
    ATA   1   1   1   1   2   1 |     ACA   1   1   1   1   0   1 | Lys AAA   0   0   0   0   0   0 | Arg AGA   0   0   0   0   0   0
Met ATG   2   2   2   2   1   2 |     ACG   0   0   0   0   1   0 |     AAG   0   0   0   0   0   0 |     AGG   1   1   1   1   1   1
--------------------------------------------------------------------------------------------------------------------------------------
Val GTT   2   2   2   2   1   2 | Ala GCT   0   0   0   0   0   0 | Asp GAT   2   2   2   2   1   2 | Gly GGT   0   0   0   0   0   0
    GTC   0   0   0   0   1   0 |     GCC   0   0   0   0   0   0 |     GAC   0   0   0   0   1   0 |     GGC   0   0   0   0   0   0
    GTA   2   2   2   2   2   2 |     GCA   0   0   0   0   0   0 | Glu GAA   1   1   1   1   1   1 |     GGA   2   2   2   2   2   2
    GTG   1   0   1   1   0   0 |     GCG   0   0   0   0   0   0 |     GAG   0   0   0   0   0   0 |     GGG   0   0   0   0   0   0
--------------------------------------------------------------------------------------------------------------------------------------

--------------------------------------------------------------------------------------------------------------------------------------
Phe TTT   0   0   0   0   0   0 | Ser TCT   0   0   0   0   0   0 | Tyr TAT   1   1   1   1   1   1 | Cys TGT   0   0   0   0   0   0
    TTC   1   1   1   1   1   1 |     TCC   0   0   0   0   0   0 |     TAC   0   0   0   0   0   0 |     TGC   0   0   0   0   0   0
Leu TTA   1   1   1   1   1   1 |     TCA   0   0   0   0   0   0 | *** TAA   0   0   0   0   0   0 | *** TGA   0   0   0   0   0   0
    TTG   0   0   0   0   0   0 |     TCG   0   0   0   0   0   0 |     TAG   0   0   0   0   0   0 | Trp TGG   0   0   0   0   0   0
--------------------------------------------------------------------------------------------------------------------------------------
Leu CTT   0   0   0   0   0   0 | Pro CCT   0   0   0   0   0   0 | His CAT   1   1   1   1   1   1 | Arg CGT   0   0   0   0   0   0
    CTC   0   0   0   0   0   0 |     CCC   2   2   2   2   2   2 |     CAC   0   0   0   0   0   0 |     CGC   0   0   0   0   0   0
    CTA   0   0   0   0   0   0 |     CCA   1   1   1   1   1   1 | Gln CAA   0   0   0   0   0   0 |     CGA   0   0   0   0   0   0
    CTG   3   3   3   3   3   3 |     CCG   0   0   0   0   0   0 |     CAG   0   0   0   0   0   0 |     CGG   0   0   0   0   0   0
--------------------------------------------------------------------------------------------------------------------------------------
Ile ATT   2   2   2   2   2   2 | Thr ACT   1   1   1   1   1   1 | Asn AAT   1   1   1   1   1   0 | Ser AGT   0   0   0   0   0   0
    ATC   0   0   0   1   0   0 |     ACC   1   1   1   0   1   1 |     AAC   2   2   2   2   2   3 |     AGC   1   1   1   1   1   1
    ATA   1   1   1   1   1   1 |     ACA   1   1   1   1   1   1 | Lys AAA   0   0   0   0   0   0 | Arg AGA   1   0   0   0   0   1
Met ATG   2   2   2   2   2   2 |     ACG   0   0   0   0   0   0 |     AAG   0   0   0   0   0   0 |     AGG   0   1   1   1   1   0
--------------------------------------------------------------------------------------------------------------------------------------
Val GTT   2   2   2   2   2   2 | Ala GCT   0   0   0   0   0   0 | Asp GAT   2   2   2   2   2   2 | Gly GGT   0   0   0   0   0   0
    GTC   0   0   0   1   0   0 |     GCC   0   0   0   0   0   0 |     GAC   0   0   0   0   0   0 |     GGC   0   0   0   0   0   0
    GTA   2   2   2   1   2   2 |     GCA   0   0   0   0   0   0 | Glu GAA   1   1   1   1   1   1 |     GGA   2   2   2   2   2   2
    GTG   1   1   1   1   1   1 |     GCG   0   0   0   0   0   0 |     GAG   0   0   0   0   0   0 |     GGG   0   0   0   0   0   0
--------------------------------------------------------------------------------------------------------------------------------------

--------------------------------------------------------------------------------------------------------------------------------------
Phe TTT   0   0   0   0   0   0 | Ser TCT   0   0   0   0   0   0 | Tyr TAT   1   1   1   1   1   1 | Cys TGT   0   0   0   0   0   0
    TTC   1   1   1   1   1   1 |     TCC   0   0   0   0   0   0 |     TAC   0   0   0   0   0   0 |     TGC   0   0   0   0   0   0
Leu TTA   1   1   1   1   0   1 |     TCA   0   0   0   0   0   0 | *** TAA   0   0   0   0   0   0 | *** TGA   0   0   0   0   0   0
    TTG   0   1   0   0   1   1 |     TCG   0   0   0   0   0   0 |     TAG   0   0   0   0   0   0 | Trp TGG   0   0   0   0   0   0
--------------------------------------------------------------------------------------------------------------------------------------
Leu CTT   0   0   0   0   0   0 | Pro CCT   0   0   0   0   0   0 | His CAT   1   1   1   1   1   1 | Arg CGT   0   0   0   0   0   0
    CTC   0   0   0   0   0   0 |     CCC   2   2   2   2   2   2 |     CAC   0   0   0   0   0   0 |     CGC   0   0   0   0   0   0
    CTA   0   0   0   0   0   0 |     CCA   1   1   1   1   1   1 | Gln CAA   0   0   0   0   0   0 |     CGA   0   0   0   0   0   0
    CTG   3   2   3   4   3   2 |     CCG   0   0   0   0   0   0 |     CAG   0   0   0   0   0   0 |     CGG   0   0   0   0   0   0
--------------------------------------------------------------------------------------------------------------------------------------
Ile ATT   2   2   2   2   2   2 | Thr ACT   1   1   1   1   1   1 | Asn AAT   1   1   1   1   1   2 | Ser AGT   0   0   0   0   0   0
    ATC   0   0   0   0   0   0 |     ACC   1   1   1   1   1   1 |     AAC   2   2   2   2   2   1 |     AGC   1   1   1   1   1   1
    ATA   1   1   1   1   1   1 |     ACA   1   1   1   1   1   1 | Lys AAA   0   0   0   0   0   0 | Arg AGA   0   0   0   0   0   0
Met ATG   2   2   2   1   2   2 |     ACG   0   0   0   0   0   0 |     AAG   0   0   0   0   0   0 |     AGG   1   1   1   1   1   1
--------------------------------------------------------------------------------------------------------------------------------------
Val GTT   2   2   2   2   2   2 | Ala GCT   0   0   0   0   0   0 | Asp GAT   2   2   2   2   2   2 | Gly GGT   0   0   0   0   0   0
    GTC   0   0   0   0   0   1 |     GCC   0   0   0   0   0   0 |     GAC   0   0   0   0   0   0 |     GGC   0   0   0   0   0   0
    GTA   2   2   2   2   2   1 |     GCA   0   0   0   0   0   0 | Glu GAA   1   1   1   1   1   1 |     GGA   2   2   2   2   2   2
    GTG   1   1   1   1   1   1 |     GCG   0   0   0   0   0   0 |     GAG   0   0   0   0   0   0 |     GGG   0   0   0   0   0   0
--------------------------------------------------------------------------------------------------------------------------------------

--------------------------------------------------------------------------------------------------------------------------------------
Phe TTT   0   0   0   0   0   0 | Ser TCT   0   0   0   0   0   0 | Tyr TAT   1   1   1   1   1   1 | Cys TGT   0   0   0   0   0   0
    TTC   1   1   1   2   1   1 |     TCC   0   0   0   0   0   0 |     TAC   0   0   0   0   0   0 |     TGC   0   0   0   0   0   0
Leu TTA   1   1   1   0   1   1 |     TCA   0   0   0   0   0   0 | *** TAA   0   0   0   0   0   0 | *** TGA   0   0   0   0   0   0
    TTG   0   1   0   0   0   0 |     TCG   0   0   0   0   0   0 |     TAG   0   0   0   0   0   0 | Trp TGG   0   0   0   0   0   0
--------------------------------------------------------------------------------------------------------------------------------------
Leu CTT   0   0   0   0   0   0 | Pro CCT   0   0   0   0   0   0 | His CAT   1   1   1   1   1   1 | Arg CGT   0   0   0   0   0   0
    CTC   0   0   0   0   0   0 |     CCC   2   2   2   2   2   2 |     CAC   0   0   0   0   0   0 |     CGC   0   0   0   0   0   0
    CTA   0   0   0   0   0   0 |     CCA   1   1   1   1   1   1 | Gln CAA   0   0   0   0   0   0 |     CGA   0   0   0   0   0   0
    CTG   3   2   3   3   3   3 |     CCG   0   0   0   0   0   0 |     CAG   0   0   0   0   0   0 |     CGG   0   0   0   0   0   0
--------------------------------------------------------------------------------------------------------------------------------------
Ile ATT   2   2   2   2   2   2 | Thr ACT   1   1   1   1   2   1 | Asn AAT   1   1   1   1   1   2 | Ser AGT   0   0   0   0   0   0
    ATC   0   0   0   0   0   0 |     ACC   1   1   1   1   0   1 |     AAC   2   2   2   2   2   1 |     AGC   1   1   1   1   1   1
    ATA   1   1   1   1   1   1 |     ACA   1   1   1   1   1   1 | Lys AAA   0   0   0   0   0   0 | Arg AGA   0   0   0   0   0   0
Met ATG   2   2   2   2   2   2 |     ACG   0   0   0   0   0   0 |     AAG   0   0   0   0   0   0 |     AGG   1   1   1   1   1   1
--------------------------------------------------------------------------------------------------------------------------------------
Val GTT   2   2   2   2   2   2 | Ala GCT   0   0   0   0   0   0 | Asp GAT   2   2   2   2   2   2 | Gly GGT   0   0   0   0   0   0
    GTC   0   0   0   0   1   0 |     GCC   0   0   0   0   0   0 |     GAC   0   0   0   0   0   0 |     GGC   0   0   0   0   0   0
    GTA   2   2   2   2   1   2 |     GCA   0   0   0   0   0   0 | Glu GAA   1   1   1   1   1   1 |     GGA   2   2   2   2   2   2
    GTG   1   1   1   1   1   1 |     GCG   0   0   0   0   0   0 |     GAG   0   0   0   0   0   0 |     GGG   0   0   0   0   0   0
--------------------------------------------------------------------------------------------------------------------------------------

--------------------------------------------------------------------------------------------------------------------------------------
Phe TTT   0   0   0   0   0   0 | Ser TCT   0   0   0   0   0   0 | Tyr TAT   0   1   1   1   1   1 | Cys TGT   0   0   0   0   0   0
    TTC   1   1   1   1   1   1 |     TCC   0   0   0   0   0   0 |     TAC   1   0   0   0   0   0 |     TGC   0   0   0   0   0   0
Leu TTA   1   1   1   1   1   1 |     TCA   0   0   0   0   0   0 | *** TAA   0   0   0   0   0   0 | *** TGA   0   0   0   0   0   0
    TTG   0   0   0   0   0   0 |     TCG   0   0   0   0   0   0 |     TAG   0   0   0   0   0   0 | Trp TGG   0   0   0   0   0   0
--------------------------------------------------------------------------------------------------------------------------------------
Leu CTT   0   0   0   0   0   0 | Pro CCT   0   0   0   0   0   0 | His CAT   1   1   1   1   1   1 | Arg CGT   0   0   0   0   0   0
    CTC   0   0   0   0   0   0 |     CCC   2   2   2   2   2   2 |     CAC   0   0   0   0   0   0 |     CGC   0   0   0   0   0   0
    CTA   0   0   0   0   0   0 |     CCA   1   1   1   1   1   1 | Gln CAA   0   0   0   0   0   0 |     CGA   0   0   0   0   0   0
    CTG   3   3   3   3   3   3 |     CCG   0   0   0   0   0   0 |     CAG   0   0   0   0   0   0 |     CGG   0   0   0   0   0   0
--------------------------------------------------------------------------------------------------------------------------------------
Ile ATT   2   2   2   2   2   2 | Thr ACT   1   1   1   1   1   1 | Asn AAT   0   0   1   1   1   1 | Ser AGT   0   0   0   0   0   0
    ATC   0   0   0   0   0   0 |     ACC   1   1   1   1   1   1 |     AAC   3   3   2   2   2   2 |     AGC   1   1   1   1   1   1
    ATA   1   1   1   1   1   1 |     ACA   1   1   1   1   1   1 | Lys AAA   0   0   0   0   0   0 | Arg AGA   0   0   0   0   0   0
Met ATG   2   2   2   2   2   2 |     ACG   0   0   0   0   0   0 |     AAG   0   0   0   0   0   0 |     AGG   1   1   1   1   1   1
--------------------------------------------------------------------------------------------------------------------------------------
Val GTT   2   2   2   2   2   2 | Ala GCT   0   0   0   0   0   0 | Asp GAT   2   2   2   2   2   2 | Gly GGT   0   0   0   0   0   0
    GTC   0   0   0   1   0   0 |     GCC   0   0   0   0   0   0 |     GAC   0   0   0   0   0   0 |     GGC   0   0   0   0   0   0
    GTA   2   2   2   1   2   2 |     GCA   0   0   0   0   0   0 | Glu GAA   1   1   1   1   1   1 |     GGA   2   2   2   2   2   2
    GTG   1   1   1   1   1   1 |     GCG   0   0   0   0   0   0 |     GAG   0   0   0   0   0   0 |     GGG   0   0   0   0   0   0
--------------------------------------------------------------------------------------------------------------------------------------

--------------------------------------------------------------------------------------------------------------------------------------
Phe TTT   0   0   0   0   0   0 | Ser TCT   0   0   0   0   0   0 | Tyr TAT   1   1   1   1   1   1 | Cys TGT   0   0   0   0   0   0
    TTC   1   1   1   1   1   1 |     TCC   0   0   0   0   0   0 |     TAC   0   0   0   0   0   0 |     TGC   0   0   0   0   0   0
Leu TTA   1   1   1   1   1   1 |     TCA   0   0   0   0   0   0 | *** TAA   0   0   0   0   0   0 | *** TGA   0   0   0   0   0   0
    TTG   0   0   0   0   0   0 |     TCG   0   0   0   0   0   0 |     TAG   0   0   0   0   0   0 | Trp TGG   0   0   0   0   0   0
--------------------------------------------------------------------------------------------------------------------------------------
Leu CTT   0   0   0   0   0   0 | Pro CCT   0   0   0   0   0   0 | His CAT   1   1   1   1   1   1 | Arg CGT   0   0   0   0   0   0
    CTC   0   0   0   0   0   0 |     CCC   2   2   2   2   2   2 |     CAC   0   0   0   0   0   0 |     CGC   0   0   0   0   0   0
    CTA   0   0   0   0   0   0 |     CCA   1   1   1   1   1   1 | Gln CAA   0   0   0   0   0   0 |     CGA   0   0   0   0   0   0
    CTG   3   3   3   3   3   3 |     CCG   0   0   0   0   0   0 |     CAG   0   0   0   0   0   0 |     CGG   0   0   0   0   0   0
--------------------------------------------------------------------------------------------------------------------------------------
Ile ATT   2   2   2   2   2   2 | Thr ACT   1   1   1   1   1   1 | Asn AAT   1   1   0   1   1   1 | Ser AGT   0   0   0   0   0   0
    ATC   0   0   0   0   0   0 |     ACC   1   1   1   1   1   1 |     AAC   2   2   3   2   2   2 |     AGC   1   1   1   1   1   1
    ATA   1   1   1   1   1   1 |     ACA   1   1   1   1   1   1 | Lys AAA   0   0   0   0   0   0 | Arg AGA   0   0   1   0   0   0
Met ATG   2   2   2   2   2   2 |     ACG   0   0   0   0   0   0 |     AAG   0   0   0   0   0   0 |     AGG   1   1   0   1   1   1
--------------------------------------------------------------------------------------------------------------------------------------
Val GTT   2   2   2   2   2   2 | Ala GCT   0   0   0   0   0   0 | Asp GAT   2   2   2   2   2   2 | Gly GGT   0   0   0   0   0   0
    GTC   1   0   0   0   0   0 |     GCC   0   0   0   0   0   0 |     GAC   0   0   0   0   0   0 |     GGC   0   0   0   0   0   0
    GTA   1   2   2   2   2   2 |     GCA   0   0   0   0   0   0 | Glu GAA   1   1   1   1   1   1 |     GGA   2   2   2   2   2   2
    GTG   1   1   1   1   1   1 |     GCG   0   0   0   0   0   0 |     GAG   0   0   0   0   0   0 |     GGG   0   0   0   0   0   0
--------------------------------------------------------------------------------------------------------------------------------------

--------------------------------------------------------------------------------------------------------------------------------------
Phe TTT   0   0   0   0   0   0 | Ser TCT   0   0   0   0   0   0 | Tyr TAT   1   1   1   1   1   1 | Cys TGT   0   0   0   0   0   0
    TTC   1   1   1   1   1   1 |     TCC   0   0   0   0   0   0 |     TAC   0   0   0   0   0   0 |     TGC   0   0   0   0   0   0
Leu TTA   1   1   1   1   1   1 |     TCA   0   0   0   0   0   0 | *** TAA   0   0   0   0   0   0 | *** TGA   0   0   0   0   0   0
    TTG   0   0   0   0   0   0 |     TCG   0   0   0   0   0   0 |     TAG   0   0   0   0   0   0 | Trp TGG   0   0   0   0   0   0
--------------------------------------------------------------------------------------------------------------------------------------
Leu CTT   0   0   0   0   0   0 | Pro CCT   0   0   0   0   0   0 | His CAT   1   1   1   1   1   1 | Arg CGT   0   0   0   0   0   0
    CTC   0   0   0   0   0   0 |     CCC   2   2   2   2   2   2 |     CAC   0   0   0   0   0   0 |     CGC   0   0   0   0   0   0
    CTA   0   0   0   0   0   0 |     CCA   1   1   1   1   1   1 | Gln CAA   0   0   0   0   0   0 |     CGA   0   0   0   0   0   0
    CTG   3   3   3   3   3   4 |     CCG   0   0   0   0   0   0 |     CAG   0   0   0   0   0   0 |     CGG   0   0   0   0   0   0
--------------------------------------------------------------------------------------------------------------------------------------
Ile ATT   2   2   2   2   2   2 | Thr ACT   1   1   1   1   1   1 | Asn AAT   1   1   1   1   1   0 | Ser AGT   0   0   0   0   0   0
    ATC   0   0   0   0   0   0 |     ACC   1   1   1   0   1   1 |     AAC   2   2   2   2   2   3 |     AGC   1   1   1   1   1   1
    ATA   1   1   1   1   1   1 |     ACA   1   1   1   1   1   1 | Lys AAA   0   0   0   0   0   0 | Arg AGA   0   0   0   1   0   0
Met ATG   2   2   2   2   2   1 |     ACG   0   0   0   0   0   0 |     AAG   0   0   0   0   0   0 |     AGG   1   1   1   0   1   1
--------------------------------------------------------------------------------------------------------------------------------------
Val GTT   2   2   2   2   2   2 | Ala GCT   0   0   0   0   0   0 | Asp GAT   2   2   2   2   2   2 | Gly GGT   0   0   0   0   0   0
    GTC   0   0   0   0   0   0 |     GCC   0   0   0   1   0   0 |     GAC   0   0   0   0   0   0 |     GGC   0   0   0   0   0   0
    GTA   2   2   2   2   2   2 |     GCA   0   0   0   0   0   0 | Glu GAA   1   1   1   1   1   1 |     GGA   2   2   2   2   2   2
    GTG   1   1   1   1   1   1 |     GCG   0   0   0   0   0   0 |     GAG   0   0   0   0   0   0 |     GGG   0   0   0   0   0   0
--------------------------------------------------------------------------------------------------------------------------------------

--------------------------------------------------------------------------------------------------------------------------------------
Phe TTT   0   0   0   0   0   0 | Ser TCT   0   0   0   0   0   0 | Tyr TAT   1   1   1   1   1   1 | Cys TGT   0   0   0   0   0   0
    TTC   1   1   1   1   1   1 |     TCC   0   0   0   0   0   0 |     TAC   0   0   0   0   0   0 |     TGC   0   0   0   0   0   0
Leu TTA   1   1   1   0   1   1 |     TCA   0   0   0   0   0   0 | *** TAA   0   0   0   0   0   0 | *** TGA   0   0   0   0   0   0
    TTG   0   0   0   1   0   0 |     TCG   0   0   0   0   0   0 |     TAG   0   0   0   0   0   0 | Trp TGG   0   0   0   0   0   0
--------------------------------------------------------------------------------------------------------------------------------------
Leu CTT   0   0   0   0   0   0 | Pro CCT   0   0   0   0   0   0 | His CAT   1   1   1   1   1   1 | Arg CGT   0   0   0   0   0   0
    CTC   0   0   0   0   0   0 |     CCC   2   2   2   2   2   2 |     CAC   0   0   0   0   0   0 |     CGC   0   0   0   0   0   0
    CTA   0   0   0   0   0   0 |     CCA   1   1   1   1   1   1 | Gln CAA   0   0   0   0   0   0 |     CGA   0   0   0   0   0   0
    CTG   3   3   3   3   3   3 |     CCG   0   0   0   0   0   0 |     CAG   0   0   0   0   0   0 |     CGG   0   0   0   0   0   0
--------------------------------------------------------------------------------------------------------------------------------------
Ile ATT   2   2   2   2   2   2 | Thr ACT   1   1   1   1   1   1 | Asn AAT   0   1   0   0   1   1 | Ser AGT   0   0   0   0   0   0
    ATC   0   0   0   0   0   0 |     ACC   1   1   1   1   1   1 |     AAC   3   2   3   3   2   2 |     AGC   1   1   1   1   1   1
    ATA   1   1   1   1   1   1 |     ACA   1   1   1   1   1   1 | Lys AAA   0   0   0   0   0   0 | Arg AGA   0   0   1   1   0   1
Met ATG   2   2   2   2   2   3 |     ACG   0   0   0   0   0   0 |     AAG   0   0   0   0   0   0 |     AGG   1   1   0   0   1   0
--------------------------------------------------------------------------------------------------------------------------------------
Val GTT   2   2   2   2   2   2 | Ala GCT   0   0   0   0   0   0 | Asp GAT   2   2   2   2   2   2 | Gly GGT   0   0   0   0   0   0
    GTC   0   1   0   0   0   0 |     GCC   0   0   0   0   0   0 |     GAC   0   0   0   0   0   0 |     GGC   0   0   0   0   0   0
    GTA   2   1   2   2   2   2 |     GCA   0   0   0   0   0   0 | Glu GAA   1   1   1   1   1   1 |     GGA   2   2   2   2   2   2
    GTG   1   1   1   1   1   0 |     GCG   0   0   0   0   0   0 |     GAG   0   0   0   0   0   0 |     GGG   0   0   0   0   0   0
--------------------------------------------------------------------------------------------------------------------------------------

--------------------------------------------------------------------------------------------------------------------------------------
Phe TTT   0   0   0   0   0   0 | Ser TCT   0   0   0   0   0   0 | Tyr TAT   1   1   1   1   1   1 | Cys TGT   0   0   0   0   0   0
    TTC   1   1   1   1   1   1 |     TCC   0   0   0   0   0   0 |     TAC   0   0   0   0   0   0 |     TGC   0   0   0   0   0   0
Leu TTA   1   1   1   1   1   1 |     TCA   0   0   0   0   0   0 | *** TAA   0   0   0   0   0   0 | *** TGA   0   0   0   0   0   0
    TTG   0   0   0   0   0   0 |     TCG   0   0   0   0   0   0 |     TAG   0   0   0   0   0   0 | Trp TGG   0   0   0   0   0   0
--------------------------------------------------------------------------------------------------------------------------------------
Leu CTT   0   0   0   0   0   0 | Pro CCT   0   0   0   0   0   0 | His CAT   1   1   1   1   1   1 | Arg CGT   0   0   0   0   0   0
    CTC   0   0   0   0   0   0 |     CCC   2   2   2   2   2   2 |     CAC   0   0   0   0   0   0 |     CGC   0   0   0   0   0   0
    CTA   0   0   0   0   0   0 |     CCA   1   1   1   1   1   1 | Gln CAA   0   0   0   0   0   0 |     CGA   0   0   0   0   0   0
    CTG   3   3   3   3   3   3 |     CCG   0   0   0   0   0   0 |     CAG   0   0   0   0   0   0 |     CGG   0   0   0   0   0   0
--------------------------------------------------------------------------------------------------------------------------------------
Ile ATT   2   2   2   2   2   2 | Thr ACT   1   1   1   1   1   1 | Asn AAT   1   1   1   1   1   1 | Ser AGT   0   0   0   0   0   0
    ATC   0   0   0   0   0   0 |     ACC   1   1   1   1   1   1 |     AAC   2   2   2   2   2   2 |     AGC   1   1   1   1   1   1
    ATA   1   1   1   1   1   1 |     ACA   1   1   1   1   1   1 | Lys AAA   0   0   0   0   0   0 | Arg AGA   0   0   0   0   0   0
Met ATG   3   2   2   2   2   2 |     ACG   0   0   0   0   0   0 |     AAG   0   0   0   0   0   0 |     AGG   1   1   1   1   1   1
--------------------------------------------------------------------------------------------------------------------------------------
Val GTT   2   2   2   2   2   2 | Ala GCT   0   0   0   0   0   0 | Asp GAT   2   2   2   2   2   2 | Gly GGT   0   0   0   0   0   0
    GTC   0   0   0   0   0   0 |     GCC   0   0   0   0   0   0 |     GAC   0   0   0   0   0   0 |     GGC   0   0   0   0   0   0
    GTA   2   2   2   2   2   2 |     GCA   0   0   0   0   0   0 | Glu GAA   1   1   1   1   1   1 |     GGA   2   2   2   2   2   2
    GTG   0   1   1   1   1   1 |     GCG   0   0   0   0   0   0 |     GAG   0   0   0   0   0   0 |     GGG   0   0   0   0   0   0
--------------------------------------------------------------------------------------------------------------------------------------

Codon position x base (3x4) table for each sequence.

#1: Argali         
position  1:    T:0.09091    C:0.21212    A:0.39394    G:0.30303
position  2:    T:0.45455    C:0.18182    A:0.24242    G:0.12121
position  3:    T:0.30303    C:0.21212    A:0.27273    G:0.21212
Average         T:0.28283    C:0.20202    A:0.30303    G:0.21212

#2: LesserMouseDeer
position  1:    T:0.09091    C:0.24242    A:0.39394    G:0.27273
position  2:    T:0.45455    C:0.18182    A:0.24242    G:0.12121
position  3:    T:0.33333    C:0.18182    A:0.30303    G:0.18182
Average         T:0.29293    C:0.20202    A:0.31313    G:0.19192

#3: LesserKudu     
position  1:    T:0.09091    C:0.21212    A:0.39394    G:0.30303
position  2:    T:0.45455    C:0.18182    A:0.24242    G:0.12121
position  3:    T:0.30303    C:0.21212    A:0.27273    G:0.21212
Average         T:0.28283    C:0.20202    A:0.30303    G:0.21212

#4: ForestMuskDeer2
position  1:    T:0.09091    C:0.21212    A:0.39394    G:0.30303
position  2:    T:0.45455    C:0.18182    A:0.24242    G:0.12121
position  3:    T:0.30303    C:0.21212    A:0.27273    G:0.21212
Average         T:0.28283    C:0.20202    A:0.30303    G:0.21212

#5: Camel          
position  1:    T:0.09091    C:0.24242    A:0.39394    G:0.27273
position  2:    T:0.45455    C:0.18182    A:0.24242    G:0.12121
position  3:    T:0.30303    C:0.24242    A:0.27273    G:0.18182
Average         T:0.28283    C:0.22222    A:0.30303    G:0.19192

#6: KillerWhale    
position  1:    T:0.09091    C:0.24242    A:0.39394    G:0.27273
position  2:    T:0.45455    C:0.18182    A:0.24242    G:0.12121
position  3:    T:0.27273    C:0.24242    A:0.27273    G:0.21212
Average         T:0.27273    C:0.22222    A:0.30303    G:0.20202

#7: DefassaWaterbuck
position  1:    T:0.09091    C:0.21212    A:0.39394    G:0.30303
position  2:    T:0.45455    C:0.18182    A:0.24242    G:0.12121
position  3:    T:0.30303    C:0.21212    A:0.30303    G:0.18182
Average         T:0.28283    C:0.20202    A:0.31313    G:0.20202

#8: Sheep          
position  1:    T:0.09091    C:0.21212    A:0.39394    G:0.30303
position  2:    T:0.45455    C:0.18182    A:0.24242    G:0.12121
position  3:    T:0.30303    C:0.21212    A:0.27273    G:0.21212
Average         T:0.28283    C:0.20202    A:0.30303    G:0.21212

#9: MaxwellsDuiker 
position  1:    T:0.09091    C:0.21212    A:0.39394    G:0.30303
position  2:    T:0.45455    C:0.18182    A:0.24242    G:0.12121
position  3:    T:0.30303    C:0.21212    A:0.27273    G:0.21212
Average         T:0.28283    C:0.20202    A:0.30303    G:0.21212

#10: GazellaPrzewalskyi
position  1:    T:0.09091    C:0.21212    A:0.39394    G:0.30303
position  2:    T:0.48485    C:0.15152    A:0.24242    G:0.12121
position  3:    T:0.30303    C:0.24242    A:0.24242    G:0.21212
Average         T:0.29293    C:0.20202    A:0.29293    G:0.21212

#11: MountainNyala  
position  1:    T:0.09091    C:0.21212    A:0.39394    G:0.30303
position  2:    T:0.45455    C:0.18182    A:0.24242    G:0.12121
position  3:    T:0.30303    C:0.21212    A:0.27273    G:0.21212
Average         T:0.28283    C:0.20202    A:0.30303    G:0.21212

#12: MuntiacusMuntjak
position  1:    T:0.09091    C:0.21212    A:0.39394    G:0.30303
position  2:    T:0.45455    C:0.18182    A:0.24242    G:0.12121
position  3:    T:0.27273    C:0.24242    A:0.30303    G:0.18182
Average         T:0.27273    C:0.21212    A:0.31313    G:0.20202

#13: goat           
position  1:    T:0.09091    C:0.21212    A:0.39394    G:0.30303
position  2:    T:0.45455    C:0.18182    A:0.24242    G:0.12121
position  3:    T:0.30303    C:0.21212    A:0.27273    G:0.21212
Average         T:0.28283    C:0.20202    A:0.30303    G:0.21212

#14: AfricanBuffalo 
position  1:    T:0.12121    C:0.18182    A:0.39394    G:0.30303
position  2:    T:0.45455    C:0.18182    A:0.24242    G:0.12121
position  3:    T:0.30303    C:0.21212    A:0.27273    G:0.21212
Average         T:0.29293    C:0.19192    A:0.30303    G:0.21212

#15: Topi           
position  1:    T:0.09091    C:0.21212    A:0.39394    G:0.30303
position  2:    T:0.45455    C:0.18182    A:0.24242    G:0.12121
position  3:    T:0.30303    C:0.21212    A:0.27273    G:0.21212
Average         T:0.28283    C:0.20202    A:0.30303    G:0.21212

#16: CommonDuiker   
position  1:    T:0.09091    C:0.24242    A:0.36364    G:0.30303
position  2:    T:0.45455    C:0.18182    A:0.24242    G:0.12121
position  3:    T:0.30303    C:0.21212    A:0.27273    G:0.21212
Average         T:0.28283    C:0.21212    A:0.29293    G:0.21212

#17: Suni           
position  1:    T:0.09091    C:0.21212    A:0.39394    G:0.30303
position  2:    T:0.45455    C:0.18182    A:0.24242    G:0.12121
position  3:    T:0.30303    C:0.21212    A:0.24242    G:0.24242
Average         T:0.28283    C:0.20202    A:0.29293    G:0.22222

#18: Springbuck     
position  1:    T:0.12121    C:0.18182    A:0.39394    G:0.30303
position  2:    T:0.45455    C:0.18182    A:0.24242    G:0.12121
position  3:    T:0.33333    C:0.21212    A:0.24242    G:0.21212
Average         T:0.30303    C:0.19192    A:0.29293    G:0.21212

#19: Okapi          
position  1:    T:0.09091    C:0.21212    A:0.39394    G:0.30303
position  2:    T:0.45455    C:0.18182    A:0.24242    G:0.12121
position  3:    T:0.30303    C:0.21212    A:0.27273    G:0.21212
Average         T:0.28283    C:0.20202    A:0.30303    G:0.21212

#20: Giraffe        
position  1:    T:0.12121    C:0.18182    A:0.39394    G:0.30303
position  2:    T:0.45455    C:0.18182    A:0.24242    G:0.12121
position  3:    T:0.30303    C:0.21212    A:0.27273    G:0.21212
Average         T:0.29293    C:0.19192    A:0.30303    G:0.21212

#21: TibetanAntelope
position  1:    T:0.09091    C:0.21212    A:0.39394    G:0.30303
position  2:    T:0.45455    C:0.18182    A:0.24242    G:0.12121
position  3:    T:0.30303    C:0.21212    A:0.27273    G:0.21212
Average         T:0.28283    C:0.20202    A:0.30303    G:0.21212

#22: Sitatunga      
position  1:    T:0.09091    C:0.21212    A:0.39394    G:0.30303
position  2:    T:0.45455    C:0.18182    A:0.24242    G:0.12121
position  3:    T:0.30303    C:0.24242    A:0.24242    G:0.21212
Average         T:0.28283    C:0.21212    A:0.29293    G:0.21212

#23: Oribi          
position  1:    T:0.09091    C:0.21212    A:0.39394    G:0.30303
position  2:    T:0.45455    C:0.18182    A:0.24242    G:0.12121
position  3:    T:0.33333    C:0.21212    A:0.24242    G:0.21212
Average         T:0.29293    C:0.20202    A:0.29293    G:0.21212

#24: BarbarySheep   
position  1:    T:0.09091    C:0.21212    A:0.39394    G:0.30303
position  2:    T:0.45455    C:0.18182    A:0.24242    G:0.12121
position  3:    T:0.33333    C:0.18182    A:0.27273    G:0.21212
Average         T:0.29293    C:0.19192    A:0.30303    G:0.21212

#25: Daviddeer      
position  1:    T:0.09091    C:0.21212    A:0.39394    G:0.30303
position  2:    T:0.45455    C:0.18182    A:0.24242    G:0.12121
position  3:    T:0.24242    C:0.27273    A:0.27273    G:0.21212
Average         T:0.26263    C:0.22222    A:0.30303    G:0.21212

#26: Reindeer       
position  1:    T:0.09091    C:0.21212    A:0.39394    G:0.30303
position  2:    T:0.45455    C:0.18182    A:0.24242    G:0.12121
position  3:    T:0.27273    C:0.24242    A:0.27273    G:0.21212
Average         T:0.27273    C:0.21212    A:0.30303    G:0.21212

#27: Ibex           
position  1:    T:0.09091    C:0.21212    A:0.39394    G:0.30303
position  2:    T:0.45455    C:0.18182    A:0.24242    G:0.12121
position  3:    T:0.30303    C:0.21212    A:0.27273    G:0.21212
Average         T:0.28283    C:0.20202    A:0.30303    G:0.21212

#28: GyrantGazelle  
position  1:    T:0.09091    C:0.21212    A:0.39394    G:0.30303
position  2:    T:0.45455    C:0.18182    A:0.24242    G:0.12121
position  3:    T:0.30303    C:0.24242    A:0.24242    G:0.21212
Average         T:0.28283    C:0.21212    A:0.29293    G:0.21212

#29: Hartebeest     
position  1:    T:0.09091    C:0.21212    A:0.39394    G:0.30303
position  2:    T:0.45455    C:0.18182    A:0.24242    G:0.12121
position  3:    T:0.30303    C:0.21212    A:0.27273    G:0.21212
Average         T:0.28283    C:0.20202    A:0.30303    G:0.21212

#30: Bongo          
position  1:    T:0.09091    C:0.21212    A:0.39394    G:0.30303
position  2:    T:0.45455    C:0.18182    A:0.24242    G:0.12121
position  3:    T:0.30303    C:0.21212    A:0.27273    G:0.21212
Average         T:0.28283    C:0.20202    A:0.30303    G:0.21212

#31: Gerenuk        
position  1:    T:0.09091    C:0.21212    A:0.39394    G:0.30303
position  2:    T:0.45455    C:0.18182    A:0.24242    G:0.12121
position  3:    T:0.30303    C:0.24242    A:0.24242    G:0.21212
Average         T:0.28283    C:0.21212    A:0.29293    G:0.21212

#32: CommonEland    
position  1:    T:0.09091    C:0.21212    A:0.39394    G:0.30303
position  2:    T:0.45455    C:0.18182    A:0.24242    G:0.12121
position  3:    T:0.30303    C:0.21212    A:0.27273    G:0.21212
Average         T:0.28283    C:0.20202    A:0.30303    G:0.21212

#33: MuntiacusReevesi
position  1:    T:0.09091    C:0.21212    A:0.39394    G:0.30303
position  2:    T:0.45455    C:0.18182    A:0.24242    G:0.12121
position  3:    T:0.27273    C:0.24242    A:0.30303    G:0.18182
Average         T:0.27273    C:0.21212    A:0.31313    G:0.20202

#34: HarveysDuiker  
position  1:    T:0.09091    C:0.21212    A:0.39394    G:0.30303
position  2:    T:0.45455    C:0.18182    A:0.24242    G:0.12121
position  3:    T:0.30303    C:0.21212    A:0.27273    G:0.21212
Average         T:0.28283    C:0.20202    A:0.30303    G:0.21212

#35: Pronghorn      
position  1:    T:0.09091    C:0.21212    A:0.39394    G:0.30303
position  2:    T:0.45455    C:0.18182    A:0.24242    G:0.12121
position  3:    T:0.30303    C:0.21212    A:0.27273    G:0.21212
Average         T:0.28283    C:0.20202    A:0.30303    G:0.21212

#36: BlueWildebeest 
position  1:    T:0.09091    C:0.21212    A:0.39394    G:0.30303
position  2:    T:0.45455    C:0.18182    A:0.24242    G:0.12121
position  3:    T:0.30303    C:0.21212    A:0.27273    G:0.21212
Average         T:0.28283    C:0.20202    A:0.30303    G:0.21212

#37: Gemsbok        
position  1:    T:0.09091    C:0.21212    A:0.39394    G:0.30303
position  2:    T:0.45455    C:0.18182    A:0.24242    G:0.12121
position  3:    T:0.30303    C:0.21212    A:0.27273    G:0.21212
Average         T:0.28283    C:0.20202    A:0.30303    G:0.21212

#38: Yak            
position  1:    T:0.09091    C:0.21212    A:0.39394    G:0.30303
position  2:    T:0.45455    C:0.18182    A:0.24242    G:0.12121
position  3:    T:0.30303    C:0.21212    A:0.27273    G:0.21212
Average         T:0.28283    C:0.20202    A:0.30303    G:0.21212

#39: BlueSheep      
position  1:    T:0.09091    C:0.21212    A:0.39394    G:0.30303
position  2:    T:0.45455    C:0.18182    A:0.24242    G:0.12121
position  3:    T:0.30303    C:0.21212    A:0.27273    G:0.21212
Average         T:0.28283    C:0.20202    A:0.30303    G:0.21212

#40: BohorReedbuck  
position  1:    T:0.09091    C:0.21212    A:0.36364    G:0.33333
position  2:    T:0.45455    C:0.18182    A:0.24242    G:0.12121
position  3:    T:0.30303    C:0.21212    A:0.30303    G:0.18182
Average         T:0.28283    C:0.20202    A:0.30303    G:0.21212

#41: KirksDik       
position  1:    T:0.09091    C:0.21212    A:0.39394    G:0.30303
position  2:    T:0.45455    C:0.18182    A:0.24242    G:0.12121
position  3:    T:0.30303    C:0.21212    A:0.27273    G:0.21212
Average         T:0.28283    C:0.20202    A:0.30303    G:0.21212

#42: RoeDeer        
position  1:    T:0.09091    C:0.24242    A:0.36364    G:0.30303
position  2:    T:0.45455    C:0.18182    A:0.24242    G:0.12121
position  3:    T:0.27273    C:0.24242    A:0.27273    G:0.21212
Average         T:0.27273    C:0.22222    A:0.29293    G:0.21212

#43: WhiteLippedDeer
position  1:    T:0.09091    C:0.21212    A:0.39394    G:0.30303
position  2:    T:0.45455    C:0.18182    A:0.24242    G:0.12121
position  3:    T:0.27273    C:0.24242    A:0.27273    G:0.21212
Average         T:0.27273    C:0.21212    A:0.30303    G:0.21212

#44: ThomsonGazelle 
position  1:    T:0.09091    C:0.21212    A:0.39394    G:0.30303
position  2:    T:0.45455    C:0.18182    A:0.24242    G:0.12121
position  3:    T:0.30303    C:0.24242    A:0.24242    G:0.21212
Average         T:0.28283    C:0.21212    A:0.29293    G:0.21212

#45: MuntiacusCrinifrons
position  1:    T:0.09091    C:0.21212    A:0.39394    G:0.30303
position  2:    T:0.45455    C:0.18182    A:0.24242    G:0.12121
position  3:    T:0.27273    C:0.24242    A:0.30303    G:0.18182
Average         T:0.27273    C:0.21212    A:0.31313    G:0.20202

#46: WhiteTailedDeer
position  1:    T:0.09091    C:0.21212    A:0.39394    G:0.30303
position  2:    T:0.45455    C:0.18182    A:0.24242    G:0.12121
position  3:    T:0.27273    C:0.24242    A:0.27273    G:0.21212
Average         T:0.27273    C:0.21212    A:0.30303    G:0.21212

#47: Cattle         
position  1:    T:0.09091    C:0.21212    A:0.39394    G:0.30303
position  2:    T:0.45455    C:0.18182    A:0.24242    G:0.12121
position  3:    T:0.30303    C:0.21212    A:0.27273    G:0.21212
Average         T:0.28283    C:0.20202    A:0.30303    G:0.21212

#48: RoyalAntelope  
position  1:    T:0.09091    C:0.21212    A:0.42424    G:0.27273
position  2:    T:0.45455    C:0.18182    A:0.24242    G:0.12121
position  3:    T:0.30303    C:0.21212    A:0.30303    G:0.18182
Average         T:0.28283    C:0.20202    A:0.32323    G:0.19192

#49: Steenbok       
position  1:    T:0.09091    C:0.21212    A:0.42424    G:0.27273
position  2:    T:0.45455    C:0.18182    A:0.24242    G:0.12121
position  3:    T:0.30303    C:0.21212    A:0.27273    G:0.21212
Average         T:0.28283    C:0.20202    A:0.31313    G:0.20202

#50: Impala         
position  1:    T:0.09091    C:0.21212    A:0.39394    G:0.30303
position  2:    T:0.45455    C:0.18182    A:0.24242    G:0.12121
position  3:    T:0.30303    C:0.21212    A:0.27273    G:0.21212
Average         T:0.28283    C:0.20202    A:0.30303    G:0.21212

#51: Klipspringer   
position  1:    T:0.09091    C:0.21212    A:0.39394    G:0.30303
position  2:    T:0.45455    C:0.18182    A:0.24242    G:0.12121
