1
52 1
Argali 0.000000 0.348500 0.126100 0.308600 0.072800 0.008700 0.055000 0.084300 0.133300 0.121000 0.026400 0.102900 0.063500 0.083800 0.045500 0.065000 0.154800 0.113400 0.061900 0.105000 0.133900 0.017800 0.073400 0.063400 0.017600 0.074700 0.064400 0.114000 0.084200 0.123300 0.091500 0.074600 0.113000 0.064800 0.064500 0.092200 0.026500 0.074100 0.073100 0.082400 0.072000 0.084100 0.112700 0.082400 0.093000 0.092000 0.073700 0.082200 0.064000 0.137600 0.114900 0.094400
LesserMous 0.348500 0.000000 0.391500 0.348500 0.345400 0.365400 0.343200 0.388700 0.365000 0.380300 0.364600 0.405100 0.384300 0.338700 0.350200 0.357200 0.342900 0.342100 0.327100 0.387200 0.393900 0.345900 0.372700 0.337000 0.351400 0.371300 0.383300 0.368700 0.341200 0.415100 0.365600 0.368900 0.331500 0.383900 0.381400 0.390900 0.336900 0.386400 0.348300 0.383300 0.361600 0.384400 0.372200 0.366100 0.394500 0.394800 0.337000 0.373700 0.349800 0.370800 0.388300 0.392100
LesserKudu 0.126100 0.391500 0.000000 0.360300 0.104700 0.116000 0.096800 0.139400 0.027300 0.202200 0.095000 0.114500 0.138000 0.117300 0.095000 0.118200 0.181700 0.162300 0.093000 0.014800 0.159100 0.106800 0.148500 0.193400 0.105800 0.106300 0.115800 0.009100 0.117800 0.036900 0.214700 0.106200 0.158400 0.138200 0.096300 0.145800 0.094200 0.128200 0.126200 0.182100 0.125900 0.116100 0.205700 0.193100 0.147100 0.147300 0.148500 0.114600 0.116200 0.198500 0.028000 0.027900
KillerWhal 0.308600 0.348500 0.360300 0.000000 0.335000 0.295500 0.300500 0.347500 0.376200 0.393400 0.281100 0.282900 0.311300 0.327400 0.284800 0.345600 0.313000 0.282800 0.314200 0.327200 0.351000 0.277700 0.337600 0.349000 0.282400 0.346900 0.296200 0.338100 0.371800 0.354700 0.362200 0.329400 0.356200 0.313000 0.340300 0.321100 0.294400 0.344100 0.349300 0.323200 0.303800 0.361100 0.365500 0.365100 0.324700 0.351600 0.397200 0.358800 0.337100 0.302100 0.328300 0.306100
DefassaWat 0.072800 0.345400 0.104700 0.335000 0.000000 0.063500 0.054800 0.084100 0.112100 0.121600 0.063200 0.102000 0.063300 0.083500 0.044100 0.064900 0.101700 0.082900 0.062000 0.103600 0.113200 0.054800 0.113400 0.132900 0.054200 0.073700 0.082600 0.093300 0.064400 0.122900 0.132300 0.073300 0.092700 0.083100 0.045500 0.091800 0.044800 0.035800 0.072900 0.122800 0.111200 0.083200 0.134100 0.133100 0.092700 0.082400 0.092900 0.101200 0.063800 0.126300 0.114400 0.094000
Sheep 0.008700 0.365400 0.116000 0.295500 0.063500 0.000000 0.045700 0.074700 0.123200 0.111100 0.017500 0.093100 0.053600 0.074200 0.036300 0.055500 0.144500 0.103300 0.052900 0.095200 0.123500 0.008900 0.064000 0.072900 0.008800 0.065100 0.055000 0.104000 0.074600 0.113400 0.081900 0.065000 0.123100 0.055200 0.055000 0.082600 0.017600 0.064700 0.063700 0.072900 0.062700 0.074400 0.102800 0.092100 0.083300 0.082500 0.083400 0.092000 0.054600 0.127300 0.105000 0.084600
MaxwellsDu 0.055000 0.343200 0.096800 0.300500 0.054800 0.045700 0.000000 0.065800 0.104300 0.145100 0.045500 0.084300 0.065700 0.046300 0.027400 0.046700 0.135900 0.096100 0.063200 0.076200 0.114900 0.036800 0.095400 0.114800 0.036400 0.056300 0.065500 0.085300 0.065700 0.094500 0.134700 0.037100 0.114500 0.065800 0.046200 0.073900 0.045700 0.055900 0.055000 0.104600 0.093400 0.065700 0.136900 0.135600 0.074600 0.073600 0.074800 0.083400 0.045900 0.118300 0.085900 0.065900
GazellaPrz 0.084300 0.388700 0.139400 0.347500 0.084100 0.074700 0.065800 0.000000 0.125500 0.177800 0.074400 0.115300 0.096000 0.075600 0.056000 0.037200 0.168900 0.127500 0.092400 0.117700 0.105300 0.065700 0.126400 0.146400 0.065100 0.046700 0.095500 0.126800 0.056100 0.136400 0.167100 0.086000 0.146400 0.096100 0.075600 0.104100 0.074800 0.085700 0.045600 0.135900 0.123800 0.056000 0.169500 0.168100 0.105100 0.114600 0.065300 0.113800 0.055600 0.129800 0.127800 0.106500
MountainNy 0.133300 0.365000 0.027300 0.376200 0.112100 0.123200 0.104300 0.125500 0.000000 0.208600 0.102500 0.122300 0.124300 0.104300 0.103000 0.105000 0.188300 0.169000 0.100500 0.025500 0.144700 0.114300 0.155600 0.199800 0.113200 0.093700 0.103100 0.017900 0.104700 0.045200 0.220900 0.114100 0.165600 0.124500 0.104000 0.152900 0.102200 0.135300 0.113400 0.188700 0.133100 0.103400 0.212100 0.199500 0.154200 0.154200 0.134400 0.121800 0.103300 0.181700 0.036600 0.036400
MuntiacusM 0.121000 0.380300 0.202200 0.393400 0.121600 0.111100 0.145100 0.177800 0.208600 0.000000 0.110700 0.174300 0.112300 0.141200 0.134300 0.156600 0.130000 0.113000 0.149000 0.178500 0.182700 0.122700 0.063700 0.072500 0.121400 0.145800 0.113400 0.187900 0.156000 0.197600 0.026300 0.166200 0.199200 0.134700 0.133100 0.163100 0.131700 0.144600 0.153200 0.072700 0.062600 0.155700 0.017700 0.053900 0.164400 0.162900 0.165900 0.172400 0.153700 0.169000 0.166300 0.166100
goat 0.026400 0.364600 0.095000 0.281100 0.063200 0.017500 0.045500 0.074400 0.102500 0.110700 0.000000 0.092800 0.055100 0.074000 0.036200 0.055300 0.133600 0.094300 0.052700 0.074900 0.113000 0.008800 0.063800 0.092000 0.008700 0.045800 0.036100 0.083700 0.074300 0.092900 0.101100 0.064800 0.112500 0.055000 0.054800 0.082300 0.017600 0.064400 0.063500 0.092000 0.062500 0.054900 0.112600 0.091800 0.083000 0.082200 0.083100 0.072400 0.054400 0.126800 0.084400 0.064700
AfricanBuf 0.102900 0.405100 0.114500 0.282900 0.102000 0.093100 0.084300 0.115300 0.122300 0.174300 0.092800 0.000000 0.115100 0.093900 0.055400 0.095100 0.144300 0.146400 0.090200 0.095100 0.103500 0.084300 0.123400 0.144300 0.083500 0.105300 0.114500 0.103100 0.114300 0.113300 0.163600 0.064900 0.143100 0.115200 0.074300 0.062400 0.091600 0.094400 0.092900 0.113400 0.122200 0.115000 0.165900 0.165800 0.063300 0.133500 0.103700 0.112000 0.093500 0.105500 0.104800 0.084500
Topi 0.063500 0.384300 0.138000 0.311300 0.063300 0.053600 0.065700 0.096000 0.124300 0.112300 0.055100 0.115100 0.000000 0.075500 0.055900 0.076000 0.125200 0.085500 0.091200 0.117700 0.126100 0.046200 0.103600 0.102700 0.045800 0.086200 0.018300 0.125500 0.073800 0.136400 0.081800 0.086100 0.123100 0.018300 0.056100 0.103800 0.053700 0.085500 0.084300 0.092200 0.102800 0.095800 0.103400 0.102700 0.104800 0.114200 0.105100 0.113800 0.074800 0.129100 0.106500 0.106600
CommonDuik 0.083800 0.338700 0.117300 0.327400 0.083500 0.074200 0.046300 0.075600 0.104300 0.141200 0.074000 0.093900 0.075500 0.000000 0.055700 0.056200 0.124700 0.106000 0.091900 0.096200 0.124800 0.065100 0.124900 0.143800 0.064700 0.066000 0.075200 0.105300 0.075600 0.114600 0.130100 0.027500 0.145800 0.070900 0.055600 0.098500 0.073500 0.085100 0.064600 0.114600 0.123700 0.075400 0.132200 0.165500 0.099700 0.114000 0.084500 0.092900 0.055300 0.106100 0.106100 0.085500
Suni 0.045500 0.350200 0.095000 0.284800 0.044100 0.036300 0.027400 0.056000 0.103000 0.134300 0.036200 0.055400 0.055900 0.055700 0.000000 0.037000 0.123800 0.085700 0.052300 0.076200 0.109800 0.027400 0.085200 0.104400 0.027100 0.046600 0.055700 0.083900 0.054000 0.094500 0.124200 0.046400 0.102400 0.055900 0.036600 0.045100 0.034200 0.046300 0.045400 0.094400 0.083400 0.055900 0.125900 0.124800 0.045600 0.074200 0.065000 0.073600 0.036400 0.107700 0.085800 0.065800
Springbuck 0.065000 0.357200 0.118200 0.345600 0.064900 0.055500 0.046700 0.037200 0.105000 0.156600 0.055300 0.095100 0.076000 0.056200 0.037000 0.000000 0.147400 0.106800 0.073200 0.097100 0.065700 0.046500 0.106200 0.125900 0.046100 0.009200 0.075700 0.106100 0.018400 0.115700 0.146200 0.066400 0.125600 0.076000 0.056100 0.084300 0.055600 0.066100 0.027100 0.115600 0.104000 0.018400 0.148100 0.147000 0.085100 0.094600 0.046200 0.093800 0.036800 0.108800 0.107000 0.086300
Okapi 0.154800 0.342900 0.181700 0.313000 0.101700 0.144500 0.135900 0.168900 0.188300 0.130000 0.133600 0.144300 0.125200 0.124700 0.123800 0.147400 0.000000 0.063100 0.151900 0.155400 0.145200 0.135600 0.165200 0.175600 0.134200 0.147800 0.135100 0.167900 0.169000 0.177800 0.151200 0.136100 0.131900 0.146400 0.104400 0.152900 0.143700 0.124000 0.143900 0.164900 0.163200 0.157800 0.141700 0.164900 0.154400 0.143800 0.178100 0.153800 0.143500 0.136600 0.167700 0.146900
Giraffe 0.113400 0.342100 0.162300 0.282800 0.082900 0.103300 0.096100 0.127500 0.169000 0.113000 0.094300 0.146400 0.085500 0.106000 0.085700 0.106800 0.063100 0.000000 0.122500 0.136500 0.141100 0.095800 0.125800 0.134800 0.094800 0.107000 0.095100 0.148800 0.127700 0.158500 0.113000 0.117200 0.104600 0.105800 0.085800 0.134800 0.104900 0.104800 0.114900 0.124400 0.124100 0.116700 0.093400 0.124700 0.136000 0.124800 0.136600 0.134700 0.104900 0.118300 0.150000 0.127800
TibetanAnt 0.061900 0.327100 0.093000 0.314200 0.062000 0.052900 0.063200 0.092400 0.100500 0.149000 0.052700 0.090200 0.091200 0.091900 0.052300 0.073200 0.151900 0.122500 0.000000 0.091700 0.100800 0.044300 0.100800 0.129800 0.043900 0.081800 0.090800 0.082000 0.072800 0.110800 0.139000 0.081700 0.120400 0.091200 0.072600 0.100000 0.034900 0.082200 0.081200 0.109800 0.098900 0.091200 0.140900 0.150300 0.100800 0.080900 0.101000 0.090200 0.072000 0.145400 0.102500 0.082700
Sitatunga 0.105000 0.387200 0.014800 0.327200 0.103600 0.095200 0.076200 0.117700 0.025500 0.178500 0.074900 0.095100 0.117700 0.096200 0.076200 0.097100 0.155400 0.136500 0.091700 0.000000 0.140400 0.086200 0.126500 0.169900 0.085300 0.086900 0.096500 0.000300 0.116200 0.018200 0.190300 0.086700 0.154800 0.117900 0.076000 0.123800 0.092900 0.106700 0.105300 0.159000 0.104900 0.096500 0.179100 0.169900 0.125100 0.125500 0.126600 0.094100 0.095400 0.174000 0.009200 0.009100
Oribi 0.133900 0.393900 0.159100 0.351000 0.113200 0.123500 0.114900 0.105300 0.144700 0.182700 0.113000 0.103500 0.126100 0.124800 0.109800 0.065700 0.145200 0.141100 0.100800 0.140400 0.000000 0.114600 0.151900 0.184100 0.113600 0.065700 0.135800 0.146100 0.085000 0.155800 0.182400 0.114900 0.150600 0.147200 0.104900 0.112600 0.123700 0.125500 0.083200 0.173400 0.149000 0.075000 0.161500 0.172700 0.113800 0.165600 0.114200 0.153900 0.109500 0.138700 0.152800 0.125800
BarbaryShe 0.017800 0.345900 0.106800 0.277700 0.054800 0.008900 0.036800 0.065700 0.114300 0.122700 0.008800 0.084300 0.046200 0.065100 0.027400 0.046500 0.135600 0.095800 0.044300 0.086200 0.114600 0.000000 0.074500 0.083600 0.000200 0.056200 0.046100 0.095000 0.065600 0.104500 0.092700 0.055900 0.113800 0.036900 0.046000 0.064400 0.008900 0.055800 0.054900 0.083600 0.073000 0.065600 0.114300 0.103000 0.065000 0.073800 0.074500 0.083300 0.045800 0.118100 0.095900 0.075600
Daviddeer 0.073400 0.372700 0.148500 0.337600 0.113400 0.064000 0.095400 0.126400 0.155600 0.063700 0.063800 0.123400 0.103600 0.124900 0.085200 0.106200 0.165200 0.125800 0.100800 0.126500 0.151900 0.074500 0.000000 0.064300 0.073800 0.095900 0.085000 0.135700 0.115000 0.145200 0.073400 0.114900 0.167800 0.105700 0.103800 0.113200 0.083500 0.115700 0.113000 0.045400 0.017600 0.105500 0.064800 0.064300 0.114200 0.133900 0.124600 0.122000 0.104300 0.161500 0.114800 0.114800
Reindeer 0.063400 0.337000 0.193400 0.349000 0.132900 0.072900 0.114800 0.146400 0.199800 0.072500 0.092000 0.144300 0.102700 0.143800 0.104400 0.125900 0.175600 0.134800 0.129800 0.169900 0.184100 0.083600 0.064300 0.000000 0.082800 0.136500 0.104100 0.179200 0.125100 0.189000 0.044600 0.136200 0.177000 0.104500 0.124800 0.132600 0.092500 0.135500 0.122900 0.073300 0.063100 0.146400 0.064100 0.017600 0.133700 0.143200 0.114100 0.142900 0.123700 0.159500 0.158100 0.157800
Ibex 0.017600 0.351400 0.105800 0.282400 0.054200 0.008800 0.036400 0.065100 0.113200 0.121400 0.008700 0.083500 0.045800 0.064700 0.027100 0.046100 0.134200 0.094800 0.043900 0.085300 0.113600 0.000200 0.073800 0.082800 0.000000 0.055600 0.045600 0.094100 0.065000 0.103500 0.091800 0.055500 0.113000 0.045800 0.045700 0.073100 0.008800 0.055200 0.054400 0.082700 0.072300 0.064900 0.113100 0.102300 0.073800 0.073000 0.073800 0.082500 0.045400 0.117000 0.094900 0.074900
GyrantGaze 0.074700 0.371300 0.106300 0.346900 0.073700 0.065100 0.056300 0.046700 0.093700 0.145800 0.045800 0.105300 0.086200 0.066000 0.046600 0.009200 0.147800 0.107000 0.081800 0.086900 0.065700 0.056200 0.095900 0.136500 0.055600 0.000000 0.065900 0.094500 0.025000 0.105300 0.157100 0.076300 0.124500 0.086300 0.065900 0.094300 0.064000 0.076000 0.036400 0.126200 0.093900 0.009100 0.148400 0.136300 0.095200 0.104700 0.055800 0.083800 0.046200 0.119300 0.096700 0.076200
Hartebeest 0.064400 0.383300 0.115800 0.296200 0.082600 0.055000 0.065500 0.095500 0.103100 0.113400 0.036100 0.114500 0.018300 0.075200 0.055700 0.075700 0.135100 0.095100 0.090800 0.096500 0.135800 0.046100 0.085000 0.104100 0.045600 0.065900 0.000000 0.104000 0.073700 0.114800 0.103400 0.085700 0.133200 0.018300 0.075200 0.103400 0.053400 0.085100 0.084000 0.094000 0.083400 0.075300 0.115300 0.103900 0.104300 0.113700 0.104700 0.093200 0.074400 0.128500 0.085700 0.085700
Bongo 0.114000 0.368700 0.009100 0.338100 0.093300 0.104000 0.085300 0.126800 0.017900 0.187900 0.083700 0.103100 0.125500 0.105300 0.083900 0.106100 0.167900 0.148800 0.082000 0.000300 0.146100 0.095000 0.135700 0.179200 0.094100 0.094500 0.104000 0.000000 0.105700 0.027100 0.199800 0.094600 0.145400 0.125600 0.085000 0.133100 0.083000 0.115800 0.114100 0.168200 0.113900 0.104300 0.191000 0.178800 0.134300 0.134600 0.135700 0.102900 0.104300 0.183500 0.018300 0.018200
Gerenuk 0.084200 0.341200 0.117800 0.371800 0.064400 0.074600 0.065700 0.056100 0.104700 0.156000 0.074300 0.114300 0.073800 0.075600 0.054000 0.018400 0.169000 0.127700 0.072800 0.116200 0.085000 0.065600 0.115000 0.125100 0.065000 0.025000 0.073700 0.105700 0.000000 0.136400 0.145400 0.084600 0.125100 0.074000 0.075500 0.104000 0.055300 0.085500 0.045300 0.114900 0.103400 0.035000 0.147600 0.146300 0.104900 0.114600 0.064800 0.113700 0.055400 0.129800 0.106600 0.106500
CommonElan 0.123300 0.415100 0.036900 0.354700 0.122900 0.113400 0.094500 0.136400 0.045200 0.197600 0.092900 0.113300 0.136400 0.114600 0.094500 0.115700 0.177800 0.158500 0.110800 0.018200 0.155800 0.104500 0.145200 0.189000 0.103500 0.105300 0.114800 0.027100 0.136400 0.000000 0.209800 0.105100 0.177300 0.136600 0.094300 0.142800 0.112900 0.125300 0.123600 0.178000 0.123000 0.114900 0.201000 0.188700 0.144100 0.144000 0.145200 0.112100 0.113700 0.193900 0.027400 0.027200
MuntiacusR 0.091500 0.365600 0.214700 0.362200 0.132300 0.081900 0.134700 0.167100 0.220900 0.026300 0.101100 0.163600 0.081800 0.130100 0.124200 0.146200 0.151200 0.113000 0.139000 0.190300 0.182400 0.092700 0.073400 0.044600 0.091800 0.157100 0.103400 0.199800 0.145400 0.209800 0.000000 0.155500 0.199200 0.103700 0.122700 0.152700 0.101700 0.155900 0.142900 0.063300 0.072100 0.167100 0.017700 0.044700 0.154100 0.174200 0.155300 0.183800 0.143600 0.158300 0.178000 0.177700
HarveysDui 0.074600 0.368900 0.106200 0.329400 0.073300 0.065000 0.037100 0.086000 0.114100 0.166200 0.064800 0.064900 0.086100 0.027500 0.046400 0.066400 0.136100 0.117200 0.081700 0.086700 0.114900 0.055900 0.114900 0.136200 0.055500 0.076300 0.085700 0.094600 0.084600 0.105100 0.155500 0.000000 0.113200 0.081800 0.046300 0.067100 0.062800 0.065800 0.074600 0.125700 0.114000 0.085800 0.157800 0.157900 0.068100 0.104500 0.094900 0.083700 0.065200 0.117100 0.096400 0.076100
Pronghorn 0.113000 0.331500 0.158400 0.356200 0.092700 0.123100 0.114500 0.146400 0.165600 0.199200 0.112500 0.143100 0.123100 0.145800 0.102400 0.125600 0.131900 0.104600 0.120400 0.154800 0.150600 0.113800 0.167800 0.177000 0.113000 0.124500 0.133200 0.145400 0.125100 0.177300 0.199200 0.113200 0.000000 0.138500 0.104200 0.127000 0.102900 0.124800 0.133500 0.188700 0.164900 0.134600 0.189300 0.166700 0.128300 0.144000 0.134400 0.132500 0.123500 0.171100 0.168700 0.146400
BlueWildeb 0.064800 0.383900 0.138200 0.313000 0.083100 0.055200 0.065800 0.096100 0.124500 0.134700 0.055000 0.115200 0.018300 0.070900 0.055900 0.076000 0.146400 0.105800 0.091200 0.117900 0.147200 0.036900 0.105700 0.104500 0.045800 0.086300 0.018300 0.125600 0.074000 0.136600 0.103700 0.081800 0.138500 0.000000 0.071900 0.084400 0.053600 0.085600 0.084300 0.094500 0.103700 0.095900 0.126200 0.119800 0.085100 0.114300 0.095300 0.113900 0.074800 0.118900 0.106600 0.106800
Gemsbok 0.064500 0.381400 0.096300 0.340300 0.045500 0.055000 0.046200 0.075600 0.104000 0.133100 0.054800 0.074300 0.056100 0.055600 0.036600 0.056100 0.104400 0.085800 0.072600 0.076000 0.104900 0.046000 0.103800 0.124800 0.045700 0.065900 0.075200 0.085000 0.075500 0.094300 0.122700 0.046300 0.104200 0.071900 0.000000 0.076900 0.053700 0.065500 0.064400 0.114300 0.103100 0.075400 0.124600 0.125000 0.078000 0.093700 0.084300 0.073500 0.055200 0.127200 0.085600 0.065600
Yak 0.092200 0.390900 0.145800 0.321100 0.091800 0.082600 0.073900 0.104100 0.152900 0.163100 0.082300 0.062400 0.103800 0.098500 0.045100 0.084300 0.152900 0.134800 0.100000 0.123800 0.112600 0.064400 0.113200 0.132600 0.073100 0.094300 0.103400 0.133100 0.104000 0.142800 0.152700 0.067100 0.127000 0.084400 0.076900 0.000000 0.082800 0.083700 0.082200 0.122500 0.110900 0.103800 0.154900 0.148900 0.017800 0.122200 0.103100 0.120300 0.082800 0.105800 0.133800 0.113100
BlueSheep 0.026500 0.336900 0.094200 0.294400 0.044800 0.017600 0.045700 0.074800 0.102200 0.131700 0.017600 0.091600 0.053700 0.073500 0.034200 0.055600 0.143700 0.104900 0.034900 0.092900 0.123700 0.008900 0.083500 0.092500 0.008800 0.064000 0.053400 0.083000 0.055300 0.112900 0.101700 0.062800 0.102900 0.053600 0.053700 0.082800 0.000000 0.064800 0.063900 0.092500 0.081900 0.073500 0.123500 0.112300 0.083500 0.082600 0.083600 0.091300 0.054700 0.127500 0.103800 0.083800
BohorReedb 0.074100 0.386400 0.128200 0.344100 0.035800 0.064700 0.055900 0.085700 0.135300 0.144600 0.064400 0.094400 0.085500 0.085100 0.046300 0.066100 0.124000 0.104800 0.082200 0.106700 0.125500 0.055800 0.115700 0.135500 0.055200 0.076000 0.085100 0.115800 0.085500 0.125300 0.155900 0.065800 0.124800 0.085600 0.065500 0.083700 0.064800 0.000000 0.074300 0.125100 0.113300 0.085500 0.158100 0.156900 0.084500 0.083900 0.094600 0.103100 0.065000 0.118200 0.116700 0.095800
KirksDik 0.073100 0.348300 0.126200 0.349300 0.072900 0.063700 0.055000 0.045600 0.113400 0.153200 0.063500 0.092900 0.084300 0.064600 0.045400 0.027100 0.143900 0.114900 0.081200 0.105300 0.083200 0.054900 0.113000 0.122900 0.054400 0.036400 0.084000 0.114100 0.045300 0.123600 0.142900 0.074600 0.133500 0.084300 0.064400 0.082200 0.063900 0.074300 0.000000 0.112600 0.101600 0.045500 0.145000 0.143600 0.083100 0.102500 0.054100 0.101800 0.045200 0.085900 0.115100 0.094500
RoeDeer 0.082400 0.383300 0.182100 0.323200 0.122800 0.072900 0.104600 0.135900 0.188700 0.072700 0.092000 0.113400 0.092200 0.114600 0.094400 0.115600 0.164900 0.124400 0.109800 0.159000 0.173400 0.083600 0.045400 0.073300 0.082700 0.126200 0.094000 0.168200 0.114900 0.178000 0.063300 0.125700 0.188700 0.094500 0.114300 0.122500 0.092500 0.125100 0.112600 0.000000 0.044500 0.136000 0.064200 0.092800 0.123600 0.143200 0.124600 0.153800 0.113600 0.127400 0.146900 0.147000
WhiteLippe 0.072000 0.361600 0.125900 0.303800 0.111200 0.062700 0.093400 0.123800 0.133100 0.062600 0.062500 0.122200 0.102800 0.123700 0.083400 0.104000 0.163200 0.124100 0.098900 0.104900 0.149000 0.073000 0.017600 0.063100 0.072300 0.093900 0.083400 0.113900 0.103400 0.123000 0.072100 0.114000 0.164900 0.103700 0.103100 0.110900 0.081900 0.113300 0.101600 0.044500 0.000000 0.103300 0.063600 0.063100 0.111800 0.131300 0.112900 0.120800 0.102200 0.158000 0.094100 0.094100
ThomsonGaz 0.084100 0.384400 0.116100 0.361100 0.083200 0.074400 0.065700 0.056000 0.103400 0.155700 0.054900 0.115000 0.095800 0.075400 0.055900 0.018400 0.157800 0.116700 0.091200 0.096500 0.075000 0.065600 0.105500 0.146400 0.064900 0.009100 0.075300 0.104300 0.035000 0.114900 0.167100 0.085800 0.134600 0.095900 0.075400 0.103800 0.073500 0.085500 0.045500 0.136000 0.103300 0.000000 0.158400 0.146100 0.104800 0.114200 0.065000 0.093300 0.055500 0.129500 0.106300 0.085700
MuntiacusC 0.112700 0.372200 0.205700 0.365500 0.134100 0.102800 0.136900 0.169500 0.212100 0.017700 0.112600 0.165900 0.103400 0.132200 0.125900 0.148100 0.141700 0.093400 0.140900 0.179100 0.161500 0.114300 0.064800 0.064100 0.113100 0.148400 0.115300 0.191000 0.147600 0.201000 0.017700 0.157800 0.189300 0.126200 0.124600 0.154900 0.123500 0.158100 0.145000 0.064200 0.063600 0.158400 0.000000 0.054800 0.156100 0.176600 0.157500 0.175300 0.145500 0.160600 0.169100 0.168800
WhiteTaile 0.082400 0.366100 0.193100 0.365100 0.133100 0.092100 0.135600 0.168100 0.199500 0.053900 0.091800 0.165800 0.102700 0.165500 0.124800 0.147000 0.164900 0.124700 0.150300 0.169900 0.172700 0.103000 0.064300 0.017600 0.102300 0.136300 0.103900 0.178800 0.146300 0.188700 0.044700 0.157900 0.166700 0.119800 0.125000 0.148900 0.112300 0.156900 0.143600 0.092800 0.063100 0.146100 0.054800 0.000000 0.150300 0.164400 0.134600 0.142900 0.144500 0.181700 0.157800 0.157500
Cattle 0.093000 0.394500 0.147100 0.324700 0.092700 0.083300 0.074600 0.105100 0.154200 0.164400 0.083000 0.063300 0.104800 0.099700 0.045600 0.085100 0.154400 0.136000 0.100800 0.125100 0.113800 0.065000 0.114200 0.133700 0.073800 0.095200 0.104300 0.134300 0.104900 0.144100 0.154100 0.068100 0.128300 0.085100 0.078000 0.017800 0.083500 0.084500 0.083100 0.123600 0.111800 0.104800 0.156100 0.150300 0.000000 0.123300 0.104000 0.121500 0.083600 0.106800 0.135100 0.114200
RoyalAntel 0.092000 0.394800 0.147300 0.351600 0.082400 0.082500 0.073600 0.114600 0.154200 0.162900 0.082200 0.133500 0.114200 0.114000 0.074200 0.094600 0.143800 0.124800 0.080900 0.125500 0.165600 0.073800 0.133900 0.143200 0.073000 0.104700 0.113700 0.134600 0.114600 0.144000 0.174200 0.104500 0.144000 0.114300 0.093700 0.122200 0.082600 0.083900 0.102500 0.143200 0.131300 0.114200 0.176600 0.164400 0.123300 0.000000 0.123600 0.111800 0.093000 0.170500 0.135600 0.114500
Steenbok 0.073700 0.337000 0.148500 0.397200 0.092900 0.083400 0.074800 0.065300 0.134400 0.165900 0.083100 0.103700 0.105100 0.084500 0.065000 0.046200 0.178100 0.136600 0.101000 0.126600 0.114200 0.074500 0.124600 0.114100 0.073800 0.055800 0.104700 0.135700 0.064800 0.145200 0.155300 0.094900 0.134400 0.095300 0.084300 0.103100 0.083600 0.094600 0.054100 0.124600 0.112900 0.065000 0.157500 0.134600 0.104000 0.123600 0.000000 0.102600 0.064500 0.138800 0.136700 0.115400
Impala 0.082200 0.373700 0.114600 0.358800 0.101200 0.092000 0.083400 0.113800 0.121800 0.172400 0.072400 0.112000 0.113800 0.092900 0.073600 0.093800 0.153800 0.134700 0.090200 0.094100 0.153900 0.083300 0.122000 0.142900 0.082500 0.083800 0.093200 0.102900 0.113700 0.112100 0.183800 0.083700 0.132500 0.113900 0.073500 0.120300 0.091300 0.103100 0.101800 0.153800 0.120800 0.093300 0.175300 0.142900 0.121500 0.111800 0.102600 0.000000 0.092300 0.145000 0.103600 0.083500
Klipspring 0.064000 0.349800 0.116200 0.337100 0.063800 0.054600 0.045900 0.055600 0.103300 0.153700 0.054400 0.093500 0.074800 0.055300 0.036400 0.036800 0.143500 0.104900 0.072000 0.095400 0.109500 0.045800 0.104300 0.123700 0.045400 0.046200 0.074400 0.104300 0.055400 0.113700 0.143600 0.065200 0.123500 0.074800 0.055200 0.082800 0.054700 0.065000 0.045200 0.113600 0.102200 0.055500 0.145500 0.144500 0.083600 0.093000 0.064500 0.092300 0.000000 0.106800 0.105100 0.084800
ForestMusk 0.137600 0.370800 0.198500 0.302100 0.126300 0.127300 0.118300 0.129800 0.181700 0.169000 0.126800 0.105500 0.129100 0.106100 0.107700 0.108800 0.136600 0.118300 0.145400 0.174000 0.138700 0.118100 0.161500 0.159500 0.117000 0.119300 0.128500 0.183500 0.129800 0.193900 0.158300 0.117100 0.171100 0.118900 0.127200 0.105800 0.127500 0.118200 0.085900 0.127400 0.158000 0.129500 0.160600 0.181700 0.106800 0.170500 0.138800 0.145000 0.106800 0.000000 0.184600 0.161600
Bushbuck 0.114900 0.388300 0.028000 0.328300 0.114400 0.105000 0.085900 0.127800 0.036600 0.166300 0.084400 0.104800 0.106500 0.106100 0.085800 0.107000 0.167700 0.150000 0.102500 0.009200 0.152800 0.095900 0.114800 0.158100 0.094900 0.096700 0.085700 0.018300 0.106600 0.027400 0.178000 0.096400 0.168700 0.106600 0.085600 0.133800 0.103800 0.116700 0.115100 0.146900 0.094100 0.106300 0.169100 0.157800 0.135100 0.135600 0.136700 0.103600 0.105100 0.184600 0.000000 0.018300
GreaterKud 0.094400 0.392100 0.027900 0.306100 0.094000 0.084600 0.065900 0.106500 0.036400 0.166100 0.064700 0.084500 0.106600 0.085500 0.065800 0.086300 0.146900 0.127800 0.082700 0.009100 0.125800 0.075600 0.114800 0.157800 0.074900 0.076200 0.085700 0.018200 0.106500 0.027200 0.177700 0.076100 0.146400 0.106800 0.065600 0.113100 0.083800 0.095800 0.094500 0.147000 0.094100 0.085700 0.168800 0.157500 0.114200 0.114500 0.115400 0.083500 0.084800 0.161600 0.018300 0.000000
