1
52 1
Argali 0.000000 0.204400 0.051500 0.151200 0.052000 0.000000 0.043900 0.052200 0.051500 0.060100 0.029500 0.059500 0.021900 0.051800 0.067900 0.044400 0.059000 0.074200 0.044400 0.044100 0.051900 0.029200 0.066900 0.044100 0.014500 0.051700 0.021900 0.066700 0.059100 0.051500 0.067600 0.059800 0.059300 0.021800 0.036700 0.059300 0.007200 0.044300 0.082700 0.044400 0.044100 0.074800 0.052100 0.044300 0.059300 0.059600 0.052100 0.051900 0.051500 0.067000 0.075400 0.051800
LesserMous 0.204400 0.000000 0.160500 0.207400 0.187100 0.204400 0.160200 0.179000 0.160500 0.187900 0.216400 0.178100 0.177600 0.152500 0.196600 0.169700 0.168800 0.185700 0.221700 0.169300 0.178300 0.204800 0.177200 0.169300 0.206400 0.178000 0.177600 0.177300 0.185900 0.160500 0.169700 0.170400 0.177700 0.177400 0.195100 0.177500 0.195500 0.178200 0.195300 0.187100 0.169200 0.178000 0.178400 0.169700 0.177500 0.186700 0.178400 0.178100 0.176900 0.195400 0.161800 0.178100
LesserKudu 0.051500 0.160500 0.000000 0.092400 0.044200 0.051500 0.021600 0.029400 0.000000 0.037000 0.068000 0.021800 0.029100 0.029100 0.044600 0.021800 0.036300 0.051100 0.067000 0.007000 0.028800 0.067400 0.043100 0.021700 0.052100 0.044000 0.029100 0.014100 0.036400 0.000000 0.044300 0.036700 0.036100 0.029100 0.044000 0.021200 0.044000 0.036600 0.059100 0.036700 0.021700 0.036500 0.029300 0.021800 0.021800 0.021900 0.029300 0.029200 0.029000 0.044000 0.022000 0.014100
KillerWhal 0.151200 0.207400 0.092400 0.000000 0.143400 0.151200 0.116400 0.109500 0.092400 0.135600 0.171600 0.117900 0.125200 0.125400 0.118200 0.117500 0.133100 0.149900 0.168700 0.100900 0.126100 0.152800 0.124700 0.117300 0.152500 0.125700 0.125200 0.108600 0.133600 0.092400 0.143500 0.134500 0.116900 0.125100 0.142600 0.100800 0.142500 0.134600 0.142600 0.117600 0.117100 0.109300 0.126400 0.117300 0.100800 0.117700 0.126400 0.125800 0.124700 0.142600 0.118700 0.109300
DefassaWat 0.052000 0.187100 0.044200 0.143400 0.000000 0.052000 0.035900 0.044800 0.044200 0.052600 0.052900 0.036900 0.029300 0.029400 0.060400 0.037000 0.035800 0.051500 0.052100 0.036200 0.029000 0.060100 0.059200 0.036800 0.052500 0.044400 0.029300 0.044100 0.051700 0.044200 0.044700 0.037000 0.036700 0.029300 0.041900 0.051900 0.044300 0.007100 0.059500 0.052200 0.036700 0.067300 0.044700 0.022000 0.051900 0.052200 0.044700 0.044500 0.044100 0.044300 0.052400 0.029400
Sheep 0.000000 0.204400 0.051500 0.151200 0.052000 0.000000 0.043900 0.052200 0.051500 0.060100 0.029500 0.059500 0.021900 0.051800 0.067900 0.044400 0.059000 0.074200 0.044400 0.044100 0.048600 0.029200 0.066600 0.044100 0.014500 0.051700 0.021900 0.066700 0.059100 0.051500 0.067600 0.059800 0.059300 0.021800 0.035300 0.059300 0.007200 0.044300 0.082700 0.044400 0.043300 0.074800 0.052100 0.044300 0.059300 0.059600 0.052100 0.051900 0.051500 0.067000 0.075400 0.051800
MaxwellsDu 0.043900 0.160200 0.021600 0.116400 0.035900 0.043900 0.000000 0.021900 0.020800 0.029400 0.060000 0.029100 0.021700 0.021700 0.036900 0.014500 0.028000 0.043500 0.059100 0.014400 0.021700 0.059500 0.036200 0.014400 0.044400 0.036400 0.021700 0.036200 0.027800 0.020900 0.036700 0.029200 0.028200 0.021700 0.036000 0.029000 0.035800 0.029100 0.051400 0.028500 0.014000 0.043900 0.021800 0.014400 0.029000 0.029100 0.021800 0.021800 0.021600 0.036400 0.044200 0.021100
GazellaPrz 0.052200 0.179000 0.029400 0.109500 0.044800 0.052200 0.021900 0.000000 0.029400 0.037300 0.068700 0.037100 0.029400 0.029400 0.029700 0.007300 0.036700 0.051800 0.067700 0.022000 0.014600 0.068300 0.044200 0.022000 0.052600 0.029400 0.029400 0.044300 0.021900 0.029400 0.044800 0.037100 0.022000 0.029300 0.044500 0.037000 0.044500 0.037100 0.044500 0.022100 0.022000 0.036900 0.029600 0.022000 0.037000 0.037000 0.014700 0.029500 0.029300 0.044500 0.052700 0.029500
MountainNy 0.051500 0.160500 0.000000 0.092400 0.044200 0.051500 0.020800 0.029400 0.000000 0.037000 0.068000 0.021600 0.029100 0.029100 0.044600 0.021800 0.036300 0.051100 0.067000 0.007200 0.029200 0.067400 0.043700 0.021700 0.052100 0.044000 0.029100 0.014400 0.036400 0.000000 0.044300 0.036700 0.035600 0.029100 0.044000 0.021000 0.044000 0.036600 0.059100 0.036700 0.021200 0.035300 0.029300 0.021800 0.021800 0.021900 0.029300 0.029200 0.029000 0.043600 0.022000 0.014200
MuntiacusM 0.060100 0.187900 0.037000 0.135600 0.052600 0.060100 0.029400 0.037300 0.037000 0.000000 0.076900 0.044900 0.037000 0.037000 0.052900 0.029600 0.044400 0.059600 0.075700 0.029600 0.037200 0.076500 0.052000 0.029600 0.060500 0.052400 0.037000 0.052100 0.044600 0.037000 0.022100 0.044800 0.044600 0.036900 0.037100 0.044700 0.052300 0.044800 0.067900 0.029700 0.029500 0.060100 0.007100 0.029600 0.044700 0.044800 0.022200 0.037100 0.036800 0.052300 0.060700 0.037200
goat 0.029500 0.216400 0.068000 0.171600 0.052900 0.029500 0.060000 0.068700 0.068000 0.076900 0.000000 0.060600 0.037000 0.052600 0.085000 0.060500 0.075700 0.091500 0.060600 0.060400 0.068500 0.037300 0.083600 0.060400 0.014000 0.068300 0.037000 0.083700 0.075900 0.068000 0.068600 0.076400 0.060300 0.037100 0.052700 0.076200 0.022000 0.045100 0.100400 0.076500 0.060300 0.092200 0.068600 0.060500 0.076200 0.076300 0.068600 0.068300 0.067800 0.084100 0.076800 0.068400
AfricanBuf 0.059500 0.178100 0.021800 0.117900 0.036900 0.059500 0.029100 0.037100 0.021600 0.044900 0.060600 0.000000 0.036700 0.021900 0.052600 0.029400 0.044000 0.059000 0.075200 0.014000 0.036900 0.067800 0.051500 0.029300 0.060200 0.051800 0.036700 0.036600 0.044100 0.021100 0.037100 0.044500 0.029200 0.036700 0.051800 0.028900 0.051800 0.028500 0.067300 0.044500 0.029200 0.044300 0.037100 0.029400 0.029300 0.029500 0.037100 0.036900 0.036600 0.051800 0.028700 0.021900
Topi 0.021900 0.177600 0.029100 0.125200 0.029300 0.021900 0.021700 0.029400 0.029100 0.037000 0.037000 0.036700 0.000000 0.029100 0.044500 0.021800 0.036400 0.051300 0.036700 0.021800 0.029300 0.037000 0.043800 0.021800 0.021900 0.029200 0.000000 0.043900 0.036500 0.029100 0.044300 0.036800 0.036600 0.000000 0.014500 0.036600 0.014500 0.021900 0.059400 0.036800 0.021800 0.051700 0.029300 0.021800 0.036600 0.036700 0.029300 0.029200 0.029000 0.044100 0.052100 0.029200
CommonDuik 0.051800 0.152500 0.029100 0.125400 0.029400 0.051800 0.021700 0.029400 0.029100 0.037000 0.052600 0.021900 0.029100 0.000000 0.044600 0.021900 0.036500 0.051400 0.067100 0.021800 0.029300 0.059900 0.043900 0.021800 0.052200 0.044200 0.029100 0.044000 0.036600 0.029100 0.029400 0.021900 0.021800 0.029100 0.044200 0.036700 0.044200 0.021900 0.059500 0.036800 0.021800 0.051800 0.029400 0.021900 0.036700 0.036700 0.029400 0.028400 0.029000 0.044200 0.037000 0.029300
Suni 0.067900 0.196600 0.044600 0.118200 0.060400 0.067900 0.036900 0.029700 0.044600 0.052900 0.085000 0.052600 0.044500 0.044600 0.000000 0.037200 0.052000 0.067300 0.083700 0.037100 0.044900 0.084500 0.059600 0.037100 0.068400 0.060100 0.044500 0.059800 0.052200 0.044600 0.060400 0.052600 0.037000 0.044500 0.060100 0.052400 0.060000 0.052600 0.075800 0.037200 0.037100 0.067900 0.045000 0.037100 0.052400 0.052500 0.045000 0.044800 0.044400 0.060100 0.068500 0.044800
Springbuck 0.044400 0.169700 0.021800 0.117500 0.037000 0.044400 0.014500 0.007300 0.021800 0.029600 0.060500 0.029400 0.021800 0.021900 0.037200 0.000000 0.029100 0.044000 0.059600 0.014600 0.007300 0.060200 0.036600 0.014600 0.044700 0.021900 0.021800 0.036600 0.014500 0.021800 0.037000 0.029400 0.029300 0.021800 0.036800 0.029300 0.036800 0.029400 0.036800 0.029500 0.014500 0.029300 0.022000 0.014600 0.029300 0.029400 0.007300 0.021900 0.021800 0.036800 0.044800 0.022000
Okapi 0.059000 0.168800 0.036300 0.133100 0.035800 0.059000 0.028000 0.036700 0.036300 0.044400 0.075700 0.044000 0.036400 0.036500 0.052000 0.029100 0.000000 0.014300 0.059100 0.029000 0.036500 0.075000 0.051000 0.028400 0.059600 0.051400 0.036400 0.051200 0.043700 0.036300 0.051800 0.044100 0.043800 0.036400 0.051300 0.043800 0.051200 0.044000 0.066600 0.044000 0.028200 0.058900 0.036700 0.029100 0.043800 0.044100 0.036700 0.036500 0.036300 0.034600 0.059400 0.021700
Giraffe 0.074200 0.185700 0.051100 0.149900 0.051500 0.074200 0.043500 0.051800 0.051100 0.059600 0.091500 0.059000 0.051300 0.051400 0.067300 0.044000 0.014300 0.000000 0.074400 0.043800 0.051400 0.090600 0.050200 0.043800 0.075100 0.066500 0.051300 0.066200 0.058700 0.051100 0.067000 0.051600 0.058800 0.051300 0.051200 0.058800 0.066500 0.059000 0.082000 0.059100 0.028900 0.074200 0.051700 0.044000 0.058800 0.059200 0.051700 0.051500 0.051100 0.051300 0.074700 0.036400
TibetanAnt 0.044400 0.221700 0.067000 0.168700 0.052100 0.044400 0.059100 0.067700 0.067000 0.075700 0.060600 0.075200 0.036700 0.067100 0.083700 0.059600 0.059100 0.074400 0.000000 0.059500 0.067400 0.044800 0.082300 0.059500 0.044700 0.067300 0.036700 0.082500 0.074700 0.067000 0.083300 0.075300 0.074900 0.036700 0.052000 0.075000 0.036800 0.059800 0.098800 0.075400 0.059400 0.090700 0.067500 0.059600 0.075000 0.075200 0.067600 0.067300 0.066800 0.067200 0.075600 0.051900
Sitatunga 0.044100 0.169300 0.007000 0.100900 0.036200 0.044100 0.014400 0.022000 0.007200 0.029600 0.060400 0.014000 0.021800 0.021800 0.037100 0.014600 0.029000 0.043800 0.059500 0.000000 0.021400 0.059900 0.036400 0.014500 0.044600 0.036600 0.021800 0.021100 0.029100 0.007200 0.037000 0.029400 0.028400 0.021800 0.036600 0.014100 0.036600 0.028500 0.051700 0.029300 0.014200 0.028500 0.022000 0.014500 0.014500 0.014600 0.022000 0.021900 0.021700 0.036600 0.029500 0.007100
Oribi 0.051900 0.178300 0.028800 0.126100 0.029000 0.048600 0.021700 0.014600 0.029200 0.037200 0.068500 0.036900 0.029300 0.029300 0.044900 0.007300 0.036500 0.051400 0.067400 0.021400 0.000000 0.067900 0.043900 0.021400 0.052400 0.028700 0.029300 0.027900 0.021200 0.029200 0.044600 0.022000 0.036700 0.029300 0.044300 0.036700 0.044200 0.021900 0.029200 0.036900 0.021800 0.036700 0.029500 0.007300 0.035000 0.036900 0.014600 0.029400 0.029200 0.044300 0.052300 0.029300
BarbaryShe 0.029200 0.204800 0.067400 0.152800 0.060100 0.029200 0.059500 0.068300 0.067400 0.076500 0.037300 0.067800 0.037000 0.059900 0.084500 0.060200 0.075000 0.090600 0.044800 0.059900 0.067900 0.000000 0.082700 0.059900 0.029600 0.067700 0.037000 0.082900 0.075200 0.067400 0.076000 0.076000 0.067500 0.037000 0.052300 0.075500 0.021800 0.052300 0.099400 0.075800 0.059800 0.091300 0.068200 0.060100 0.075500 0.075900 0.068200 0.067900 0.067400 0.083300 0.068200 0.067800
Daviddeer 0.066900 0.177200 0.043100 0.124700 0.059200 0.066600 0.036200 0.044200 0.043700 0.052000 0.083600 0.051500 0.043800 0.043900 0.059600 0.036600 0.051000 0.050200 0.082300 0.036400 0.043900 0.082700 0.000000 0.035500 0.067300 0.043900 0.043800 0.058600 0.051200 0.043700 0.059400 0.044100 0.051300 0.043800 0.043800 0.051700 0.058900 0.051500 0.074300 0.051500 0.021600 0.051400 0.044100 0.036500 0.051300 0.051600 0.044200 0.044000 0.043700 0.058900 0.067000 0.043900
Reindeer 0.044100 0.169300 0.021700 0.117300 0.036800 0.044100 0.014400 0.022000 0.021700 0.029600 0.060400 0.029300 0.021800 0.021800 0.037100 0.014600 0.028400 0.043800 0.059500 0.014500 0.021400 0.059900 0.035500 0.000000 0.044600 0.036600 0.021800 0.035500 0.029100 0.021700 0.036900 0.029400 0.029100 0.021800 0.036600 0.029200 0.036200 0.028400 0.051700 0.029300 0.014100 0.044100 0.022000 0.014500 0.029200 0.029300 0.022000 0.021900 0.021700 0.036600 0.044500 0.021800
Ibex 0.014500 0.206400 0.052100 0.152500 0.052500 0.014500 0.044400 0.052600 0.052100 0.060500 0.014000 0.060200 0.021900 0.052200 0.068400 0.044700 0.059600 0.075100 0.044700 0.044600 0.052400 0.029600 0.067300 0.044600 0.000000 0.052300 0.021900 0.067500 0.059800 0.052100 0.068100 0.060200 0.059900 0.021900 0.037100 0.060000 0.007200 0.044800 0.083600 0.060200 0.044600 0.075600 0.052500 0.044700 0.060000 0.060100 0.052500 0.052300 0.051900 0.067800 0.076200 0.052400
GyrantGaze 0.051700 0.178000 0.044000 0.125700 0.044400 0.051700 0.036400 0.029400 0.044000 0.052400 0.068300 0.051800 0.029200 0.044200 0.060100 0.021900 0.051400 0.066500 0.067300 0.036600 0.028700 0.067700 0.043900 0.036600 0.052300 0.000000 0.029200 0.059000 0.036500 0.044000 0.059800 0.052000 0.051600 0.029200 0.044200 0.051700 0.044100 0.036800 0.059300 0.051900 0.036600 0.021800 0.044500 0.036800 0.051700 0.052000 0.029400 0.044300 0.044000 0.059300 0.067600 0.044200
Hartebeest 0.021900 0.177600 0.029100 0.125200 0.029300 0.021900 0.021700 0.029400 0.029100 0.037000 0.037000 0.036700 0.000000 0.029100 0.044500 0.021800 0.036400 0.051300 0.036700 0.021800 0.029300 0.037000 0.043800 0.021800 0.021900 0.029200 0.000000 0.043900 0.036500 0.029100 0.044300 0.036800 0.036600 0.000000 0.014500 0.036600 0.014500 0.021900 0.059400 0.036800 0.021800 0.051700 0.029300 0.021800 0.036600 0.036700 0.029300 0.029200 0.029000 0.044100 0.052100 0.029200
Bongo 0.066700 0.177300 0.014100 0.108600 0.044100 0.066700 0.036200 0.044300 0.014400 0.052100 0.083700 0.036600 0.043900 0.044000 0.059800 0.036600 0.051200 0.066200 0.082500 0.021100 0.027900 0.082900 0.058600 0.035500 0.067500 0.059000 0.043900 0.000000 0.036300 0.014400 0.059500 0.036700 0.051400 0.043900 0.059000 0.035700 0.059000 0.036500 0.051400 0.051700 0.036400 0.051500 0.044300 0.021800 0.036500 0.036700 0.044300 0.044100 0.043700 0.059000 0.036800 0.029100
Gerenuk 0.059100 0.185900 0.036400 0.133600 0.051700 0.059100 0.027800 0.021900 0.036400 0.044600 0.075900 0.044100 0.036500 0.036600 0.052200 0.014500 0.043700 0.058700 0.074700 0.029100 0.021200 0.075200 0.051200 0.029100 0.059800 0.036500 0.036500 0.036300 0.000000 0.035200 0.052000 0.044300 0.043900 0.036500 0.051500 0.044000 0.050900 0.044100 0.041300 0.044200 0.029100 0.043900 0.036800 0.029200 0.044000 0.044200 0.021900 0.036700 0.021700 0.051500 0.059600 0.036600
CommonElan 0.051500 0.160500 0.000000 0.092400 0.044200 0.051500 0.020900 0.029400 0.000000 0.037000 0.068000 0.021100 0.029100 0.029100 0.044600 0.021800 0.036300 0.051100 0.067000 0.007200 0.029200 0.067400 0.043700 0.021700 0.052100 0.044000 0.029100 0.014400 0.035200 0.000000 0.044300 0.036700 0.036500 0.029100 0.044000 0.021800 0.044000 0.034900 0.059100 0.036700 0.021700 0.036500 0.029300 0.021800 0.021100 0.021900 0.029300 0.029200 0.029000 0.044000 0.022000 0.014200
MuntiacusR 0.067600 0.169700 0.044300 0.143500 0.044700 0.067600 0.036700 0.044800 0.044300 0.022100 0.068600 0.037100 0.044300 0.029400 0.060400 0.037000 0.051800 0.067000 0.083300 0.037000 0.044600 0.076000 0.059400 0.036900 0.068100 0.059800 0.044300 0.059500 0.052000 0.044300 0.000000 0.052300 0.036900 0.044300 0.044400 0.052100 0.059800 0.037000 0.075400 0.037100 0.036900 0.067600 0.014300 0.037000 0.052100 0.052200 0.029600 0.044500 0.044200 0.059800 0.052600 0.044600
HarveysDui 0.059800 0.170400 0.036700 0.134500 0.037000 0.059800 0.029200 0.037100 0.036700 0.044800 0.076400 0.044500 0.036800 0.021900 0.052600 0.029400 0.044100 0.051600 0.075300 0.029400 0.022000 0.076000 0.044100 0.029400 0.060200 0.052000 0.036800 0.036700 0.044300 0.036700 0.052300 0.000000 0.044400 0.036700 0.044400 0.044400 0.052000 0.029400 0.052000 0.044600 0.021900 0.059700 0.037000 0.014600 0.044400 0.044500 0.037000 0.036200 0.036600 0.052000 0.060200 0.036900
Pronghorn 0.059300 0.177700 0.036100 0.116900 0.036700 0.059300 0.028200 0.022000 0.035600 0.044600 0.060300 0.029200 0.036600 0.021800 0.037000 0.029300 0.043800 0.058800 0.074900 0.028400 0.036700 0.067500 0.051300 0.029100 0.059900 0.051600 0.036600 0.051400 0.043900 0.036500 0.036900 0.044400 0.000000 0.036600 0.051600 0.044100 0.051600 0.028800 0.067000 0.029200 0.029100 0.059200 0.036900 0.029300 0.044100 0.044300 0.036900 0.036700 0.036400 0.051600 0.044400 0.036600
BlueWildeb 0.021800 0.177400 0.029100 0.125100 0.029300 0.021800 0.021700 0.029300 0.029100 0.036900 0.037100 0.036700 0.000000 0.029100 0.044500 0.021800 0.036400 0.051300 0.036700 0.021800 0.029300 0.037000 0.043800 0.021800 0.021900 0.029200 0.000000 0.043900 0.036500 0.029100 0.044300 0.036700 0.036600 0.000000 0.014500 0.036600 0.014500 0.021900 0.059300 0.036800 0.021800 0.051700 0.029300 0.021800 0.036600 0.036700 0.029300 0.029200 0.029000 0.044100 0.052100 0.029200
Gemsbok 0.036700 0.195100 0.044000 0.142600 0.041900 0.035300 0.036000 0.044500 0.044000 0.037100 0.052700 0.051800 0.014500 0.044200 0.060100 0.036800 0.051300 0.051200 0.052000 0.036600 0.044300 0.052300 0.043800 0.036600 0.037100 0.044200 0.014500 0.059000 0.051500 0.044000 0.044400 0.044400 0.051600 0.014500 0.000000 0.051700 0.029200 0.036800 0.074800 0.036800 0.021700 0.067000 0.029400 0.036800 0.051700 0.052000 0.029400 0.044300 0.043900 0.059300 0.067900 0.044200
Yak 0.059300 0.177500 0.021200 0.100800 0.051900 0.059300 0.029000 0.037000 0.021000 0.044700 0.076200 0.028900 0.036600 0.036700 0.052400 0.029300 0.043800 0.058800 0.075000 0.014100 0.036700 0.075500 0.051700 0.029200 0.060000 0.051700 0.036600 0.035700 0.044000 0.021800 0.052100 0.044400 0.044100 0.036600 0.051700 0.000000 0.051700 0.041800 0.067100 0.044300 0.029100 0.044200 0.036900 0.029300 0.000000 0.029400 0.036900 0.036800 0.036500 0.051700 0.044600 0.021900
BlueSheep 0.007200 0.195500 0.044000 0.142500 0.044300 0.007200 0.035800 0.044500 0.044000 0.052300 0.022000 0.051800 0.014500 0.044200 0.060000 0.036800 0.051200 0.066500 0.036800 0.036600 0.044200 0.021800 0.058900 0.036200 0.007200 0.044100 0.014500 0.059000 0.050900 0.044000 0.059800 0.052000 0.051600 0.014500 0.029200 0.051700 0.000000 0.036700 0.074800 0.051900 0.035200 0.067000 0.044400 0.036800 0.051700 0.051900 0.044500 0.044300 0.043900 0.059300 0.067500 0.044200
BohorReedb 0.044300 0.178200 0.036600 0.134600 0.007100 0.044300 0.029100 0.037100 0.036600 0.044800 0.045100 0.028500 0.021900 0.021900 0.052600 0.029400 0.044000 0.059000 0.059800 0.028500 0.021900 0.052300 0.051500 0.028400 0.044800 0.036800 0.021900 0.036500 0.044100 0.034900 0.037000 0.029400 0.028800 0.021900 0.036800 0.041800 0.036700 0.000000 0.051800 0.044500 0.028000 0.059500 0.037000 0.014600 0.044300 0.044500 0.037000 0.036900 0.036600 0.051800 0.044600 0.036800
KirksDik 0.082700 0.195300 0.059100 0.142600 0.059500 0.082700 0.051400 0.044500 0.059100 0.067900 0.100400 0.067300 0.059400 0.059500 0.075800 0.036800 0.066600 0.082000 0.098800 0.051700 0.029200 0.099400 0.074300 0.051700 0.083600 0.059300 0.059400 0.051400 0.041300 0.059100 0.075400 0.052000 0.067000 0.059300 0.074800 0.067100 0.074800 0.051800 0.000000 0.067300 0.051700 0.067000 0.059800 0.036800 0.067100 0.067400 0.044500 0.059600 0.059100 0.074800 0.083300 0.059500
RoeDeer 0.044400 0.187100 0.036700 0.117600 0.052200 0.044400 0.028500 0.022100 0.036700 0.029700 0.076500 0.044500 0.036800 0.036800 0.037200 0.029500 0.044000 0.059100 0.075400 0.029300 0.036900 0.075800 0.051500 0.029300 0.060200 0.051900 0.036800 0.051700 0.044200 0.036700 0.037100 0.044600 0.029200 0.036800 0.036800 0.044300 0.051900 0.044500 0.067300 0.000000 0.029300 0.059600 0.022100 0.029400 0.044300 0.044600 0.022100 0.036900 0.036600 0.051900 0.060100 0.036900
WhiteLippe 0.044100 0.169200 0.021700 0.117100 0.036700 0.043300 0.014000 0.022000 0.021200 0.029500 0.060300 0.029200 0.021800 0.021800 0.037100 0.014500 0.028200 0.028900 0.059400 0.014200 0.021800 0.059800 0.021600 0.014100 0.044600 0.036600 0.021800 0.036400 0.029100 0.021700 0.036900 0.021900 0.029100 0.021800 0.021700 0.029100 0.035200 0.028000 0.051700 0.029300 0.000000 0.044100 0.021900 0.014500 0.029100 0.029300 0.022000 0.021900 0.021700 0.036600 0.044400 0.021800
ThomsonGaz 0.074800 0.178000 0.036500 0.109300 0.067300 0.074800 0.043900 0.036900 0.035300 0.060100 0.092200 0.044300 0.051700 0.051800 0.067900 0.029300 0.058900 0.074200 0.090700 0.028500 0.036700 0.091300 0.051400 0.044100 0.075600 0.021800 0.051700 0.051500 0.043900 0.036500 0.067600 0.059700 0.059200 0.051700 0.067000 0.044200 0.067000 0.059500 0.067000 0.059600 0.044100 0.000000 0.052100 0.044300 0.044200 0.044400 0.036900 0.051900 0.051500 0.067000 0.059900 0.036700
MuntiacusC 0.052100 0.178400 0.029300 0.126400 0.044700 0.052100 0.021800 0.029600 0.029300 0.007100 0.068600 0.037100 0.029300 0.029400 0.045000 0.022000 0.036700 0.051700 0.067500 0.022000 0.029500 0.068200 0.044100 0.022000 0.052500 0.044500 0.029300 0.044300 0.036800 0.029300 0.014300 0.037000 0.036900 0.029300 0.029400 0.036900 0.044400 0.037000 0.059800 0.022100 0.021900 0.052100 0.000000 0.022000 0.036900 0.037000 0.014700 0.029400 0.029200 0.044500 0.052600 0.029500
WhiteTaile 0.044300 0.169700 0.021800 0.117300 0.022000 0.044300 0.014400 0.022000 0.021800 0.029600 0.060500 0.029400 0.021800 0.021900 0.037100 0.014600 0.029100 0.044000 0.059600 0.014500 0.007300 0.060100 0.036500 0.014500 0.044700 0.036800 0.021800 0.021800 0.029200 0.021800 0.037000 0.014600 0.029300 0.021800 0.036800 0.029300 0.036800 0.014600 0.036800 0.029400 0.014500 0.044300 0.022000 0.000000 0.029300 0.029400 0.022000 0.021900 0.021700 0.036800 0.044700 0.021900
Cattle 0.059300 0.177500 0.021800 0.100800 0.051900 0.059300 0.029000 0.037000 0.021800 0.044700 0.076200 0.029300 0.036600 0.036700 0.052400 0.029300 0.043800 0.058800 0.075000 0.014500 0.035000 0.075500 0.051300 0.029200 0.060000 0.051700 0.036600 0.036500 0.044000 0.021100 0.052100 0.044400 0.044100 0.036600 0.051700 0.000000 0.051700 0.044300 0.067100 0.044300 0.029100 0.044200 0.036900 0.029300 0.000000 0.029400 0.036900 0.036800 0.036500 0.051700 0.044600 0.021900
RoyalAntel 0.059600 0.186700 0.021900 0.117700 0.052200 0.059600 0.029100 0.037000 0.021900 0.044800 0.076300 0.029500 0.036700 0.036700 0.052500 0.029400 0.044100 0.059200 0.075200 0.014600 0.036900 0.075900 0.051600 0.029300 0.060100 0.052000 0.036700 0.036700 0.044200 0.021900 0.052200 0.044500 0.044300 0.036700 0.052000 0.029400 0.051900 0.044500 0.067400 0.044600 0.029300 0.044400 0.037000 0.029400 0.029400 0.000000 0.037000 0.036800 0.036500 0.052000 0.044800 0.022000
Steenbok 0.052100 0.178400 0.029300 0.126400 0.044700 0.052100 0.021800 0.014700 0.029300 0.022200 0.068600 0.037100 0.029300 0.029400 0.045000 0.007300 0.036700 0.051700 0.067600 0.022000 0.014600 0.068200 0.044200 0.022000 0.052500 0.029400 0.029300 0.044300 0.021900 0.029300 0.029600 0.037000 0.036900 0.029300 0.029400 0.036900 0.044500 0.037000 0.044500 0.022100 0.022000 0.036900 0.014700 0.022000 0.036900 0.037000 0.000000 0.029500 0.029200 0.044500 0.052600 0.029500
Impala 0.051900 0.178100 0.029200 0.125800 0.044500 0.051900 0.021800 0.029500 0.029200 0.037100 0.068300 0.036900 0.029200 0.028400 0.044800 0.021900 0.036500 0.051500 0.067300 0.021900 0.029400 0.067900 0.044000 0.021900 0.052300 0.044300 0.029200 0.044100 0.036700 0.029200 0.044500 0.036200 0.036700 0.029200 0.044300 0.036800 0.044300 0.036900 0.059600 0.036900 0.021900 0.051900 0.029400 0.021900 0.036800 0.036800 0.029500 0.000000 0.029100 0.044300 0.052400 0.029400
Klipspring 0.051500 0.176900 0.029000 0.124700 0.044100 0.051500 0.021600 0.029300 0.029000 0.036800 0.067800 0.036600 0.029000 0.029000 0.044400 0.021800 0.036300 0.051100 0.066800 0.021700 0.029200 0.067400 0.043700 0.021700 0.051900 0.044000 0.029000 0.043700 0.021700 0.029000 0.044200 0.036600 0.036400 0.029000 0.043900 0.036500 0.043900 0.036600 0.059100 0.036600 0.021700 0.051500 0.029200 0.021700 0.036500 0.036500 0.029200 0.029100 0.000000 0.044000 0.051900 0.029100
ForestMusk 0.067000 0.195400 0.044000 0.142600 0.044300 0.067000 0.036400 0.044500 0.043600 0.052300 0.084100 0.051800 0.044100 0.044200 0.060100 0.036800 0.034600 0.051300 0.067200 0.036600 0.044300 0.083300 0.058900 0.036600 0.067800 0.059300 0.044100 0.059000 0.051500 0.044000 0.059800 0.052000 0.051600 0.044100 0.059300 0.051700 0.059300 0.051800 0.074800 0.051900 0.036600 0.067000 0.044500 0.036800 0.051700 0.052000 0.044500 0.044300 0.044000 0.000000 0.067500 0.029200
Bushbuck 0.075400 0.161800 0.022000 0.118700 0.052400 0.075400 0.044200 0.052700 0.022000 0.060700 0.076800 0.028700 0.052100 0.037000 0.068500 0.044800 0.059400 0.074700 0.075600 0.029500 0.052300 0.068200 0.067000 0.044500 0.076200 0.067600 0.052100 0.036800 0.059600 0.022000 0.052600 0.060200 0.044400 0.052100 0.067900 0.044600 0.067500 0.044600 0.083300 0.060100 0.044400 0.059900 0.052600 0.044700 0.044600 0.044800 0.052600 0.052400 0.051900 0.067500 0.000000 0.037100
GreaterKud 0.051800 0.178100 0.014100 0.109300 0.029400 0.051800 0.021100 0.029500 0.014200 0.037200 0.068400 0.021900 0.029200 0.029300 0.044800 0.022000 0.021700 0.036400 0.051900 0.007100 0.029300 0.067800 0.043900 0.021800 0.052400 0.044200 0.029200 0.029100 0.036600 0.014200 0.044600 0.036900 0.036600 0.029200 0.044200 0.021900 0.044200 0.036800 0.059500 0.036900 0.021800 0.036700 0.029500 0.021900 0.021900 0.022000 0.029500 0.029400 0.029100 0.029200 0.037100 0.000000
