1
52 1
Argali 0.000000 0.313200 0.126400 0.272600 0.065500 0.000000 0.070300 0.088800 0.115000 0.183500 0.064800 0.101700 0.053100 0.070200 0.072300 0.088500 0.168400 0.181100 0.057900 0.127600 0.082700 0.070300 0.175800 0.193100 0.064800 0.095300 0.053400 0.108000 0.077200 0.112900 0.162100 0.058500 0.128900 0.079400 0.081300 0.127600 0.052300 0.064800 0.111400 0.211000 0.185300 0.088700 0.181500 0.167600 0.133300 0.082100 0.124100 0.076600 0.065100 0.110600 0.108000 0.108200
LesserMous 0.313200 0.000000 0.299300 0.291900 0.285500 0.313200 0.290300 0.348200 0.310700 0.246000 0.312600 0.284900 0.270900 0.290200 0.298700 0.330400 0.281300 0.271300 0.282900 0.317600 0.341100 0.284800 0.196000 0.216500 0.313000 0.317100 0.290100 0.300700 0.300700 0.279700 0.221500 0.293000 0.266100 0.278500 0.303900 0.285900 0.293800 0.274800 0.316600 0.242800 0.206400 0.306500 0.227300 0.203500 0.259200 0.289900 0.340900 0.335000 0.303500 0.239000 0.300700 0.301100
LesserKudu 0.126400 0.299300 0.000000 0.275300 0.123500 0.126400 0.114600 0.147200 0.071500 0.163500 0.109700 0.071000 0.097200 0.101500 0.104600 0.133700 0.116300 0.128800 0.101600 0.040800 0.141000 0.115200 0.163200 0.172500 0.109800 0.141000 0.097700 0.023100 0.109300 0.046100 0.142400 0.108900 0.143700 0.112600 0.139100 0.096100 0.096100 0.122400 0.170500 0.175900 0.157800 0.133800 0.161900 0.176200 0.101900 0.113800 0.177200 0.134600 0.109500 0.118800 0.023100 0.023200
KillerWhal 0.272600 0.291900 0.275300 0.000000 0.297500 0.272600 0.291900 0.305600 0.294600 0.230000 0.271400 0.260900 0.264300 0.291600 0.291600 0.305300 0.235800 0.234900 0.291800 0.268500 0.298500 0.293500 0.244900 0.274600 0.271700 0.332900 0.282800 0.260600 0.293200 0.256600 0.231300 0.294400 0.244200 0.287900 0.312300 0.311100 0.285900 0.294900 0.365800 0.251200 0.239800 0.305800 0.244700 0.243500 0.309200 0.314800 0.349300 0.292100 0.295800 0.217400 0.260600 0.261000
DefassaWat 0.065500 0.285500 0.123500 0.297500 0.000000 0.065500 0.053700 0.078500 0.111800 0.174100 0.073300 0.098300 0.036100 0.053600 0.042700 0.078300 0.159000 0.171900 0.066000 0.130800 0.072300 0.079000 0.166600 0.169000 0.073300 0.072500 0.036300 0.111000 0.066700 0.122700 0.152500 0.054000 0.160100 0.062300 0.077600 0.124700 0.060200 0.011800 0.114300 0.187200 0.161300 0.078400 0.172300 0.158300 0.130600 0.065700 0.101800 0.060000 0.048200 0.114400 0.111000 0.111200
Sheep 0.000000 0.313200 0.126400 0.272600 0.065500 0.000000 0.070300 0.088800 0.115000 0.183500 0.064800 0.101700 0.053100 0.070200 0.072300 0.088500 0.168400 0.181100 0.057900 0.127600 0.082700 0.070300 0.175800 0.193100 0.064800 0.095300 0.053400 0.108000 0.077200 0.112900 0.162100 0.058500 0.128900 0.079400 0.081300 0.127600 0.052300 0.064800 0.111400 0.211000 0.185300 0.088700 0.181500 0.167600 0.133300 0.082100 0.124100 0.076600 0.065100 0.110600 0.108000 0.108200
MaxwellsDu 0.070300 0.290300 0.114600 0.291900 0.053700 0.070300 0.000000 0.071000 0.090500 0.163600 0.065600 0.090000 0.029400 0.034700 0.048000 0.058500 0.135600 0.148200 0.058700 0.122000 0.064900 0.071200 0.184800 0.172600 0.065700 0.065000 0.029600 0.102400 0.047100 0.113800 0.142500 0.023200 0.163700 0.054700 0.058000 0.102900 0.053000 0.053200 0.093500 0.183900 0.179700 0.058600 0.161800 0.176500 0.095800 0.046400 0.087500 0.065000 0.029300 0.125000 0.102400 0.102600
GazellaPrz 0.088800 0.348200 0.147200 0.305600 0.078500 0.088800 0.071000 0.000000 0.109800 0.198400 0.097000 0.135200 0.065900 0.083100 0.085600 0.040400 0.168800 0.181600 0.089500 0.154700 0.040500 0.102700 0.205200 0.207900 0.097100 0.052500 0.066300 0.134800 0.034900 0.146300 0.176700 0.071300 0.176200 0.093000 0.094700 0.148800 0.083800 0.077800 0.080900 0.211600 0.200400 0.046300 0.196300 0.196300 0.154500 0.082900 0.087000 0.077300 0.065700 0.138100 0.134800 0.135100
MountainNy 0.115000 0.310700 0.071500 0.294600 0.111800 0.115000 0.090500 0.109800 0.000000 0.180200 0.111000 0.097200 0.085600 0.103000 0.092900 0.096600 0.124000 0.150100 0.103000 0.065300 0.103500 0.103500 0.179800 0.189800 0.111100 0.103600 0.086100 0.047300 0.085100 0.071000 0.158500 0.091000 0.165900 0.114100 0.127600 0.110300 0.097300 0.110800 0.132900 0.178400 0.174500 0.096800 0.178300 0.193200 0.116100 0.102600 0.126300 0.097100 0.085200 0.120300 0.047300 0.047300
MuntiacusM 0.183500 0.246000 0.163500 0.230000 0.174100 0.183500 0.163600 0.198400 0.180200 0.000000 0.180700 0.122500 0.159400 0.177800 0.168200 0.198200 0.148900 0.176300 0.185300 0.164300 0.191500 0.186600 0.077500 0.092800 0.181000 0.206900 0.160500 0.150200 0.171700 0.176400 0.018900 0.179500 0.142200 0.163300 0.190000 0.151100 0.150700 0.172500 0.223000 0.110700 0.058200 0.198600 0.037700 0.097500 0.157100 0.170000 0.230700 0.185800 0.173000 0.110200 0.150200 0.150400
goat 0.064800 0.312600 0.109700 0.271400 0.073300 0.064800 0.065600 0.097000 0.111000 0.180700 0.000000 0.097500 0.048100 0.065500 0.054800 0.084000 0.137900 0.150500 0.053100 0.117200 0.078200 0.041200 0.187800 0.174700 0.011700 0.090800 0.048400 0.097400 0.072500 0.121800 0.159000 0.065900 0.180400 0.049100 0.077100 0.123700 0.035300 0.072600 0.120000 0.223600 0.182600 0.084200 0.178800 0.178600 0.129500 0.077500 0.113700 0.084600 0.060200 0.133600 0.097400 0.097600
AfricanBuf 0.101700 0.284900 0.071000 0.260900 0.098300 0.101700 0.090000 0.135200 0.097200 0.122500 0.097500 0.000000 0.085200 0.089700 0.092400 0.121600 0.123600 0.149600 0.089700 0.090500 0.128800 0.103100 0.150200 0.145300 0.097600 0.115900 0.085700 0.071500 0.097300 0.095400 0.115900 0.084200 0.137700 0.100200 0.101400 0.071700 0.084200 0.097300 0.145000 0.163100 0.130600 0.121800 0.135200 0.149300 0.077400 0.101900 0.138800 0.122400 0.097500 0.106400 0.071500 0.071700
Topi 0.053100 0.270900 0.097200 0.264300 0.036100 0.053100 0.029400 0.065900 0.085600 0.159400 0.048100 0.085200 0.000000 0.029300 0.030300 0.053400 0.131300 0.130600 0.029400 0.104500 0.059800 0.053800 0.166300 0.139500 0.048100 0.059800 0.011900 0.085000 0.041800 0.096500 0.138100 0.029600 0.132300 0.036800 0.052800 0.098200 0.035600 0.035700 0.088800 0.172300 0.161100 0.041300 0.157600 0.143800 0.103900 0.041200 0.095100 0.047700 0.023700 0.100900 0.085000 0.085100
CommonDuik 0.070200 0.290200 0.101500 0.291600 0.053600 0.070200 0.034700 0.083100 0.103000 0.177800 0.065500 0.089700 0.029300 0.000000 0.047900 0.070500 0.135500 0.148000 0.046500 0.121900 0.076900 0.071100 0.184800 0.172500 0.065500 0.077000 0.029500 0.102300 0.059100 0.113700 0.156400 0.029000 0.163600 0.054600 0.057900 0.102500 0.052900 0.053100 0.105600 0.183100 0.179600 0.070600 0.175800 0.176300 0.095500 0.046200 0.111900 0.064900 0.041100 0.124900 0.102300 0.102500
Suni 0.072300 0.298700 0.104600 0.291600 0.042700 0.072300 0.048000 0.085600 0.092900 0.168200 0.054800 0.092400 0.030300 0.047900 0.000000 0.072700 0.139500 0.152300 0.060300 0.112100 0.079300 0.073300 0.175300 0.162800 0.067500 0.079400 0.030400 0.092200 0.060900 0.103900 0.146600 0.048300 0.154300 0.056400 0.072000 0.105700 0.054500 0.054700 0.108800 0.196400 0.170100 0.072800 0.166400 0.166900 0.117000 0.060000 0.115300 0.066900 0.042400 0.108600 0.092200 0.092400
Springbuck 0.088500 0.330400 0.133700 0.305300 0.078300 0.088500 0.058500 0.040400 0.096600 0.198200 0.084000 0.121600 0.053400 0.070500 0.072700 0.000000 0.141300 0.153800 0.076800 0.135000 0.040400 0.089700 0.205100 0.193100 0.084100 0.040400 0.053700 0.121400 0.023000 0.119900 0.176500 0.058800 0.162000 0.079800 0.082000 0.135000 0.071100 0.077600 0.068600 0.211400 0.200200 0.034300 0.196100 0.196600 0.140700 0.070300 0.074600 0.077100 0.053200 0.137900 0.121400 0.121600
Okapi 0.168400 0.281300 0.116300 0.235800 0.159000 0.168400 0.135600 0.168800 0.124000 0.148900 0.137900 0.123600 0.131300 0.135500 0.139500 0.141300 0.000000 0.034800 0.156000 0.110100 0.148800 0.129800 0.162500 0.157700 0.138000 0.162500 0.132100 0.097300 0.130000 0.135000 0.128200 0.136700 0.129200 0.148300 0.160800 0.150600 0.136800 0.157500 0.192100 0.154500 0.157300 0.155000 0.133500 0.161500 0.142800 0.161800 0.171600 0.142900 0.144300 0.105300 0.097300 0.097500
Giraffe 0.181100 0.271300 0.128800 0.234900 0.171900 0.181100 0.148200 0.181600 0.150100 0.176300 0.150500 0.149600 0.130600 0.148000 0.152300 0.153800 0.034800 0.000000 0.155100 0.135800 0.160900 0.155800 0.183200 0.171000 0.150600 0.175000 0.144900 0.122600 0.142500 0.160900 0.155100 0.149300 0.141700 0.161300 0.173400 0.177400 0.149300 0.170300 0.204800 0.167400 0.178000 0.154100 0.174500 0.174700 0.169200 0.174500 0.184300 0.155500 0.157000 0.130900 0.122600 0.122800
TibetanAnt 0.057900 0.282900 0.101600 0.291800 0.066000 0.057900 0.058700 0.089500 0.103000 0.185300 0.053100 0.089700 0.029400 0.046500 0.060300 0.076800 0.156000 0.155100 0.000000 0.121900 0.083400 0.046700 0.177800 0.151200 0.053100 0.083400 0.041600 0.102300 0.065400 0.101200 0.163700 0.053000 0.157000 0.067300 0.058000 0.102600 0.040700 0.065400 0.099800 0.183200 0.187200 0.064700 0.183300 0.155300 0.108200 0.058200 0.118600 0.077300 0.053300 0.111900 0.102300 0.102500
Sitatunga 0.127600 0.317600 0.040800 0.268500 0.130800 0.127600 0.122000 0.154700 0.065300 0.164300 0.117200 0.090500 0.104500 0.121900 0.112100 0.135000 0.110100 0.135800 0.121900 0.000000 0.148900 0.109600 0.163900 0.173300 0.117300 0.148900 0.105100 0.017300 0.116400 0.046500 0.143100 0.122700 0.144400 0.120400 0.146900 0.115600 0.103400 0.130100 0.178800 0.176900 0.158500 0.141600 0.162600 0.177100 0.121500 0.134400 0.171600 0.129000 0.117000 0.119300 0.017300 0.017400
Oribi 0.082700 0.341100 0.141000 0.298500 0.072300 0.082700 0.064900 0.040500 0.103500 0.191500 0.078200 0.128800 0.059800 0.076900 0.079300 0.040400 0.148800 0.160900 0.083400 0.148900 0.000000 0.096400 0.198400 0.201300 0.078300 0.046500 0.060100 0.128500 0.029000 0.140100 0.169900 0.065200 0.169800 0.086600 0.076300 0.142400 0.077700 0.071700 0.074900 0.204700 0.193400 0.040400 0.189500 0.189900 0.148100 0.076800 0.069000 0.071200 0.059500 0.131600 0.128500 0.128800
BarbaryShe 0.070300 0.284800 0.115200 0.293500 0.079000 0.070300 0.071200 0.102700 0.103500 0.186600 0.041200 0.103100 0.053800 0.071100 0.073300 0.089700 0.129800 0.155800 0.046700 0.109600 0.096400 0.000000 0.179100 0.166600 0.041300 0.096500 0.054100 0.090200 0.078200 0.114500 0.164800 0.071600 0.185900 0.055000 0.070500 0.129300 0.041000 0.078200 0.100400 0.214100 0.188400 0.089800 0.155800 0.170600 0.122100 0.070800 0.106500 0.077600 0.065900 0.125800 0.090200 0.090300
Daviddeer 0.175800 0.196000 0.163200 0.244900 0.166600 0.175800 0.184800 0.205200 0.179800 0.077500 0.187800 0.150200 0.166300 0.184800 0.175300 0.205100 0.162500 0.183200 0.177800 0.163900 0.198400 0.179100 0.000000 0.065300 0.188100 0.199100 0.167500 0.149800 0.178500 0.147800 0.057600 0.186500 0.141700 0.170600 0.196800 0.193900 0.171800 0.165000 0.229900 0.096700 0.031800 0.205500 0.076600 0.057200 0.199900 0.198300 0.237700 0.192800 0.180000 0.109900 0.149800 0.150100
Reindeer 0.193100 0.216500 0.172500 0.274600 0.169000 0.193100 0.172600 0.207900 0.189800 0.092800 0.174700 0.145300 0.139500 0.172500 0.162800 0.193100 0.157700 0.171000 0.151200 0.173300 0.201300 0.166600 0.065300 0.000000 0.175000 0.187000 0.155100 0.159000 0.166000 0.171200 0.072300 0.174300 0.151000 0.157800 0.184700 0.189300 0.159500 0.167300 0.217800 0.098700 0.073000 0.178700 0.091800 0.044800 0.195200 0.186100 0.225700 0.195600 0.167700 0.118600 0.159000 0.159300
Ibex 0.064800 0.313000 0.109800 0.271700 0.073300 0.064800 0.065700 0.097100 0.111100 0.181000 0.011700 0.097600 0.048100 0.065500 0.067500 0.084100 0.138000 0.150600 0.053100 0.117300 0.078300 0.041300 0.188100 0.175000 0.000000 0.090900 0.048400 0.097500 0.072600 0.109100 0.159200 0.066000 0.180600 0.049200 0.077200 0.110800 0.035400 0.072600 0.120100 0.224000 0.182900 0.084300 0.179000 0.178900 0.129600 0.077600 0.113800 0.084700 0.060300 0.133700 0.097500 0.097700
GyrantGaze 0.095300 0.317100 0.141000 0.332900 0.072500 0.095300 0.065000 0.052500 0.103600 0.206900 0.090800 0.115900 0.059800 0.077000 0.079400 0.040400 0.162500 0.175000 0.083400 0.148900 0.046500 0.096500 0.199100 0.187000 0.090900 0.000000 0.060200 0.128600 0.029000 0.140100 0.184900 0.065300 0.183900 0.086700 0.088600 0.142400 0.077700 0.071800 0.063000 0.190800 0.194100 0.017100 0.204600 0.190600 0.148100 0.076800 0.069000 0.083800 0.059600 0.132100 0.128600 0.128900
Hartebeest 0.053400 0.290100 0.097700 0.282800 0.036300 0.053400 0.029600 0.066300 0.086100 0.160500 0.048400 0.085700 0.011900 0.029500 0.030400 0.053700 0.132100 0.144900 0.041600 0.105100 0.060100 0.054100 0.167500 0.155100 0.048400 0.060200 0.000000 0.085500 0.042100 0.097100 0.139000 0.029700 0.146900 0.037000 0.053100 0.098800 0.035800 0.036000 0.089200 0.188400 0.162300 0.053800 0.158700 0.159200 0.104500 0.041400 0.095600 0.047900 0.023900 0.101500 0.085500 0.085600
Bongo 0.108000 0.300700 0.023100 0.260600 0.111000 0.108000 0.102400 0.134800 0.047300 0.150200 0.097400 0.071500 0.085000 0.102300 0.092200 0.121400 0.097300 0.122600 0.102300 0.017300 0.128500 0.090200 0.149800 0.159000 0.097500 0.128600 0.085500 0.000000 0.097100 0.034700 0.129300 0.102900 0.131000 0.100100 0.126800 0.096800 0.084000 0.110100 0.158000 0.162800 0.144400 0.121500 0.148600 0.162900 0.102600 0.114600 0.151200 0.109100 0.097300 0.106100 0.000000 0.000000
Gerenuk 0.077200 0.300700 0.109300 0.293200 0.066700 0.077200 0.047100 0.034900 0.085100 0.171700 0.072500 0.097300 0.041800 0.059100 0.060900 0.023000 0.130000 0.142500 0.065400 0.116400 0.029000 0.078200 0.178500 0.166000 0.072600 0.029000 0.042100 0.097100 0.000000 0.108600 0.150300 0.047400 0.150600 0.068000 0.070700 0.110400 0.059600 0.066000 0.057500 0.184900 0.173500 0.023100 0.169800 0.169900 0.116100 0.058900 0.063500 0.065700 0.041600 0.112800 0.097100 0.097200
CommonElan 0.112900 0.279700 0.046100 0.256600 0.122700 0.112900 0.113800 0.146300 0.071000 0.176400 0.121800 0.095400 0.096500 0.113700 0.103900 0.119900 0.135000 0.160900 0.101200 0.046500 0.140100 0.114500 0.147800 0.171200 0.109100 0.140100 0.097100 0.034700 0.108600 0.000000 0.155200 0.114400 0.135800 0.125100 0.125300 0.095700 0.108100 0.121600 0.156400 0.189300 0.170700 0.133000 0.174700 0.160700 0.114100 0.126000 0.176000 0.133700 0.108800 0.104900 0.034700 0.034700
MuntiacusR 0.162100 0.221500 0.142400 0.231300 0.152500 0.162100 0.142500 0.176700 0.158500 0.018900 0.159000 0.115900 0.138100 0.156400 0.146600 0.176500 0.128200 0.155100 0.163700 0.143100 0.169900 0.164800 0.057600 0.072300 0.159200 0.184900 0.139000 0.129300 0.150300 0.155200 0.000000 0.157900 0.121600 0.141500 0.168500 0.130100 0.129800 0.151000 0.201100 0.090300 0.051700 0.176800 0.018600 0.077300 0.136000 0.155600 0.208600 0.164200 0.151500 0.089900 0.129300 0.129500
HarveysDui 0.058500 0.293000 0.108900 0.294400 0.054000 0.058500 0.023200 0.071300 0.091000 0.179500 0.065900 0.084200 0.029600 0.029000 0.048300 0.058800 0.136700 0.149300 0.053000 0.122700 0.065200 0.071600 0.186500 0.174300 0.066000 0.065300 0.029700 0.102900 0.047400 0.114400 0.157900 0.000000 0.151300 0.055000 0.058200 0.110000 0.053200 0.053500 0.081700 0.179100 0.181400 0.058900 0.177500 0.178000 0.102700 0.040800 0.100300 0.065300 0.029400 0.126100 0.102900 0.103100
Pronghorn 0.128900 0.266100 0.143700 0.244200 0.160100 0.128900 0.163700 0.176200 0.165900 0.142200 0.180400 0.137700 0.132300 0.163600 0.154300 0.162000 0.129200 0.141700 0.157000 0.144400 0.169800 0.185900 0.141700 0.151000 0.180600 0.183900 0.146900 0.131000 0.150600 0.135800 0.121600 0.151300 0.000000 0.163400 0.175300 0.165500 0.165000 0.158600 0.199900 0.147600 0.150400 0.162300 0.140700 0.127100 0.171400 0.176600 0.221200 0.171300 0.159000 0.125800 0.131000 0.131200
BlueWildeb 0.079400 0.278500 0.112600 0.287900 0.062300 0.079400 0.054700 0.093000 0.114100 0.163300 0.049100 0.100200 0.036800 0.054600 0.056400 0.079800 0.148300 0.161300 0.067300 0.120400 0.086600 0.055000 0.170600 0.157800 0.049200 0.086700 0.037000 0.100100 0.068000 0.125100 0.141500 0.055000 0.163400 0.000000 0.079000 0.120300 0.048800 0.061700 0.116400 0.214100 0.165200 0.079900 0.161500 0.161900 0.126200 0.066900 0.122900 0.074000 0.049100 0.130900 0.100100 0.100200
Gemsbok 0.081300 0.303900 0.139100 0.312300 0.077600 0.081300 0.058000 0.094700 0.127600 0.190000 0.077100 0.101400 0.052800 0.057900 0.072000 0.082000 0.160800 0.173400 0.058000 0.146900 0.076300 0.070500 0.196800 0.184700 0.077200 0.088600 0.053100 0.126800 0.070700 0.125300 0.168500 0.058200 0.175300 0.079000 0.000000 0.127400 0.076500 0.076900 0.080600 0.232400 0.206400 0.082100 0.173900 0.188200 0.120300 0.069700 0.086600 0.088700 0.064700 0.130600 0.126800 0.127100
Yak 0.127600 0.285900 0.096100 0.311100 0.124700 0.127600 0.102900 0.148800 0.110300 0.151100 0.123700 0.071700 0.098200 0.102500 0.105700 0.135000 0.150600 0.177400 0.102600 0.115600 0.142400 0.129300 0.193900 0.189300 0.110800 0.142400 0.098800 0.096800 0.110400 0.095700 0.130100 0.110000 0.165500 0.120300 0.127400 0.000000 0.097100 0.123600 0.158800 0.192300 0.188800 0.135200 0.149500 0.192600 0.029000 0.102200 0.152300 0.135900 0.110600 0.120000 0.096800 0.097000
BlueSheep 0.052300 0.293800 0.096100 0.285900 0.060200 0.052300 0.053000 0.083800 0.097300 0.150700 0.035300 0.084200 0.035600 0.052900 0.054500 0.071100 0.136800 0.149300 0.040700 0.103400 0.077700 0.041000 0.171800 0.159500 0.035400 0.077700 0.035800 0.084000 0.059600 0.108100 0.129800 0.053200 0.165000 0.048800 0.076500 0.097100 0.000000 0.059600 0.081800 0.207100 0.166500 0.071200 0.149100 0.163500 0.102800 0.052700 0.100200 0.071500 0.047500 0.119100 0.084000 0.084200
BohorReedb 0.064800 0.274800 0.122400 0.294900 0.011800 0.064800 0.053200 0.077800 0.110800 0.172500 0.072600 0.097300 0.035700 0.053100 0.054700 0.077600 0.157500 0.170300 0.065400 0.130100 0.071700 0.078200 0.165000 0.167300 0.072600 0.071800 0.036000 0.110100 0.066000 0.121600 0.151000 0.053500 0.158600 0.061700 0.076900 0.123600 0.059600 0.000000 0.113300 0.185500 0.159700 0.077600 0.170600 0.156800 0.129300 0.065000 0.100800 0.059500 0.047700 0.113300 0.110100 0.110300
KirksDik 0.111400 0.316600 0.170500 0.365800 0.114300 0.111400 0.093500 0.080900 0.132900 0.223000 0.120000 0.145000 0.088800 0.105600 0.108800 0.068600 0.192100 0.204800 0.099800 0.178800 0.074900 0.100400 0.229900 0.217800 0.120100 0.063000 0.089200 0.158000 0.057500 0.156400 0.201100 0.081700 0.199900 0.116400 0.080600 0.158800 0.081800 0.113300 0.000000 0.251000 0.239900 0.056800 0.206300 0.221100 0.151400 0.081000 0.085000 0.100000 0.088500 0.161800 0.158000 0.158300
RoeDeer 0.211000 0.242800 0.175900 0.251200 0.187200 0.211000 0.183900 0.211600 0.178400 0.110700 0.223600 0.163100 0.172300 0.183100 0.196400 0.211400 0.154500 0.167400 0.183200 0.176900 0.204700 0.214100 0.096700 0.098700 0.224000 0.190800 0.188400 0.162800 0.184900 0.189300 0.090300 0.179100 0.147600 0.214100 0.232400 0.192300 0.207100 0.185500 0.251000 0.000000 0.091200 0.197000 0.109500 0.103300 0.191100 0.189400 0.228600 0.198600 0.186300 0.122900 0.162800 0.163000
WhiteLippe 0.185300 0.206400 0.157800 0.239800 0.161300 0.185300 0.179700 0.200400 0.174500 0.058200 0.182600 0.130600 0.161100 0.179600 0.170100 0.200200 0.157300 0.178000 0.187200 0.158500 0.193400 0.188400 0.031800 0.073000 0.182900 0.194100 0.162300 0.144400 0.173500 0.170700 0.051700 0.181400 0.150400 0.165200 0.206400 0.188800 0.166500 0.159700 0.239900 0.091200 0.000000 0.200700 0.070900 0.078000 0.194700 0.193200 0.232900 0.187700 0.174900 0.118100 0.144400 0.144700
ThomsonGaz 0.088700 0.306500 0.133800 0.305800 0.078400 0.088700 0.058600 0.046300 0.096800 0.198600 0.084200 0.121800 0.041300 0.070600 0.072800 0.034300 0.155000 0.154100 0.064700 0.141600 0.040400 0.089800 0.205500 0.178700 0.084300 0.017100 0.053800 0.121500 0.023100 0.133000 0.176800 0.058900 0.162300 0.079900 0.082100 0.135200 0.071200 0.077600 0.056800 0.197000 0.200700 0.000000 0.196400 0.182400 0.140800 0.070400 0.074700 0.077200 0.053300 0.138200 0.121500 0.121800
MuntiacusC 0.181500 0.227300 0.161900 0.244700 0.172300 0.181500 0.161800 0.196300 0.178300 0.037700 0.178800 0.135200 0.157600 0.175800 0.166400 0.196100 0.133500 0.174500 0.183300 0.162600 0.189500 0.155800 0.076600 0.091800 0.179000 0.204600 0.158700 0.148600 0.169800 0.174700 0.018600 0.177500 0.140700 0.161500 0.173900 0.149500 0.149100 0.170600 0.206300 0.109500 0.070900 0.196400 0.000000 0.096500 0.141600 0.161000 0.213800 0.183800 0.171100 0.109000 0.148600 0.148900
WhiteTaile 0.167600 0.203500 0.176200 0.243500 0.158300 0.167600 0.176500 0.196300 0.193200 0.097500 0.178600 0.149300 0.143800 0.176300 0.166900 0.196600 0.161500 0.174700 0.155300 0.177100 0.189900 0.170600 0.057200 0.044800 0.178900 0.190600 0.159200 0.162900 0.169900 0.160700 0.077300 0.178000 0.127100 0.161900 0.188200 0.192600 0.163500 0.156800 0.221100 0.103300 0.078000 0.182400 0.096500 0.000000 0.198400 0.189700 0.228900 0.184300 0.171700 0.109300 0.162900 0.163200
Cattle 0.133300 0.259200 0.101900 0.309200 0.130600 0.133300 0.095800 0.154500 0.116100 0.157100 0.129500 0.077400 0.103900 0.095500 0.117000 0.140700 0.142800 0.169200 0.108200 0.121500 0.148100 0.122100 0.199900 0.195200 0.129600 0.148100 0.104500 0.102600 0.116100 0.114100 0.136000 0.102700 0.171400 0.126200 0.120300 0.029000 0.102800 0.129300 0.151400 0.191100 0.194700 0.140800 0.141600 0.198400 0.000000 0.095300 0.157900 0.141600 0.116300 0.125800 0.102600 0.102800
RoyalAntel 0.082100 0.289900 0.113800 0.314800 0.065700 0.082100 0.046400 0.082900 0.102600 0.170000 0.077500 0.101900 0.041200 0.046200 0.060000 0.070300 0.161800 0.174500 0.058200 0.134400 0.076800 0.070800 0.198300 0.186100 0.077600 0.076800 0.041400 0.114600 0.058900 0.126000 0.155600 0.040800 0.176600 0.066900 0.069700 0.102200 0.052700 0.065000 0.081000 0.189400 0.193200 0.070400 0.161000 0.189700 0.095300 0.000000 0.099300 0.076900 0.041000 0.131400 0.114600 0.114800
Steenbok 0.124100 0.340900 0.177200 0.349300 0.101800 0.124100 0.087500 0.087000 0.126300 0.230700 0.113700 0.138800 0.095100 0.111900 0.115300 0.074600 0.171600 0.184300 0.118600 0.171600 0.069000 0.106500 0.237700 0.225700 0.113800 0.069000 0.095600 0.151200 0.063500 0.176000 0.208600 0.100300 0.221200 0.122900 0.086600 0.152300 0.100200 0.100800 0.085000 0.228600 0.232900 0.074700 0.213800 0.228900 0.157900 0.099300 0.000000 0.106200 0.094700 0.182200 0.151200 0.151400
Impala 0.076600 0.335000 0.134600 0.292100 0.060000 0.076600 0.065000 0.077300 0.097100 0.185800 0.084600 0.122400 0.047700 0.064900 0.066900 0.077100 0.142900 0.155500 0.077300 0.129000 0.071200 0.077600 0.192800 0.195600 0.084700 0.083800 0.047900 0.109100 0.065700 0.133700 0.164200 0.065300 0.171300 0.074000 0.088700 0.135900 0.071500 0.059500 0.100000 0.198600 0.187700 0.077200 0.183800 0.184300 0.141600 0.076900 0.106200 0.000000 0.059700 0.132200 0.109100 0.109300
Klipspring 0.065100 0.303500 0.109500 0.295800 0.048200 0.065100 0.029300 0.065700 0.085200 0.173000 0.060200 0.097500 0.023700 0.041100 0.042400 0.053200 0.144300 0.157000 0.053300 0.117000 0.059500 0.065900 0.180000 0.167700 0.060300 0.059600 0.023900 0.097300 0.041600 0.108800 0.151500 0.029400 0.159000 0.049100 0.064700 0.110600 0.047500 0.047700 0.088500 0.186300 0.174900 0.053300 0.171100 0.171700 0.116300 0.041000 0.094700 0.059700 0.000000 0.113700 0.097300 0.097400
ForestMusk 0.110600 0.239000 0.118800 0.217400 0.114400 0.110600 0.125000 0.138100 0.120300 0.110200 0.133600 0.106400 0.100900 0.124900 0.108600 0.137900 0.105300 0.130900 0.111900 0.119300 0.131600 0.125800 0.109900 0.118600 0.133700 0.132100 0.101500 0.106100 0.112800 0.104900 0.089900 0.126100 0.125800 0.130900 0.130600 0.120000 0.119100 0.113300 0.161800 0.122900 0.118100 0.138200 0.109000 0.109300 0.125800 0.131400 0.182200 0.132200 0.113700 0.000000 0.106100 0.106300
Bushbuck 0.108000 0.300700 0.023100 0.260600 0.111000 0.108000 0.102400 0.134800 0.047300 0.150200 0.097400 0.071500 0.085000 0.102300 0.092200 0.121400 0.097300 0.122600 0.102300 0.017300 0.128500 0.090200 0.149800 0.159000 0.097500 0.128600 0.085500 0.000000 0.097100 0.034700 0.129300 0.102900 0.131000 0.100100 0.126800 0.096800 0.084000 0.110100 0.158000 0.162800 0.144400 0.121500 0.148600 0.162900 0.102600 0.114600 0.151200 0.109100 0.097300 0.106100 0.000000 0.000000
GreaterKud 0.108200 0.301100 0.023200 0.261000 0.111200 0.108200 0.102600 0.135100 0.047300 0.150400 0.097600 0.071700 0.085100 0.102500 0.092400 0.121600 0.097500 0.122800 0.102500 0.017400 0.128800 0.090300 0.150100 0.159300 0.097700 0.128900 0.085600 0.000000 0.097200 0.034700 0.129500 0.103100 0.131200 0.100200 0.127100 0.097000 0.084200 0.110300 0.158300 0.163000 0.144700 0.121800 0.148900 0.163200 0.102800 0.114800 0.151400 0.109300 0.097400 0.106300 0.000000 0.000000
