CODONML (in paml version 4.10.7, June 2023)  /home/rachel/ruminants_paml/6406-phy-tree/ENSBTAT00000064420.fasta.phy
Model: free dN/dS Ratios for branches,  kappa = 2.000 fixed

Codon frequency model: F3x4
ns =  54  ls =  55

Codon usage in sequences
--------------------------------------------------------------------------------------------------------------------------------------
Phe TTT   7   7   7   7   7   7 | Ser TCT   1   1   1   1   1   2 | Tyr TAT   3   3   3   3   4   3 | Cys TGT   0   0   0   0   0   0
    TTC   3   3   3   3   3   3 |     TCC   1   1   1   1   1   0 |     TAC   3   3   3   3   2   3 |     TGC   0   0   0   0   0   0
Leu TTA   0   0   0   0   1   1 |     TCA   1   1   1   1   1   1 | *** TAA   0   0   0   0   0   0 | *** TGA   0   0   0   0   0   0
    TTG   0   0   0   0   0   0 |     TCG   0   0   0   0   0   0 |     TAG   0   0   0   0   0   0 | Trp TGG   3   3   3   3   3   3
--------------------------------------------------------------------------------------------------------------------------------------
Leu CTT   0   0   0   0   0   0 | Pro CCT   1   1   1   1   1   1 | His CAT   0   0   0   0   0   0 | Arg CGT   0   0   0   0   0   0
    CTC   3   3   3   3   3   3 |     CCC   0   0   0   0   0   0 |     CAC   0   0   0   0   0   0 |     CGC   0   0   0   0   0   0
    CTA   1   1   1   1   0   0 |     CCA   1   1   1   1   1   1 | Gln CAA   0   0   0   0   0   0 |     CGA   0   0   0   0   0   0
    CTG   2   2   2   2   2   2 |     CCG   0   0   0   0   0   0 |     CAG   1   1   1   1   1   1 |     CGG   1   1   1   1   1   1
--------------------------------------------------------------------------------------------------------------------------------------
Ile ATT   0   0   0   0   0   0 | Thr ACT   1   1   1   1   0   2 | Asn AAT   2   2   2   2   1   1 | Ser AGT   0   0   0   0   0   0
    ATC   1   1   1   1   1   1 |     ACC   0   0   0   0   2   0 |     AAC   0   0   0   0   0   0 |     AGC   0   0   0   0   0   0
    ATA   0   0   0   0   0   0 |     ACA   0   0   0   0   0   0 | Lys AAA   2   2   2   2   2   2 | Arg AGA   1   1   1   1   1   1
Met ATG   1   1   1   1   1   1 |     ACG   0   0   0   0   0   0 |     AAG   1   1   1   1   1   1 |     AGG   0   0   0   0   0   0
--------------------------------------------------------------------------------------------------------------------------------------
Val GTT   2   3   2   2   2   1 | Ala GCT   0   0   0   0   0   0 | Asp GAT   1   1   2   1   3   2 | Gly GGT   1   1   1   1   1   1
    GTC   0   0   0   0   0   1 |     GCC   0   0   0   0   0   0 |     GAC   2   2   1   2   1   1 |     GGC   1   0   1   1   1   1
    GTA   0   0   0   0   0   0 |     GCA   1   1   1   1   0   1 | Glu GAA   1   1   1   1   0   1 |     GGA   2   3   2   2   2   2
    GTG   1   0   1   1   1   1 |     GCG   0   0   0   0   1   0 |     GAG   1   1   1   1   1   1 |     GGG   1   1   1   1   1   1
--------------------------------------------------------------------------------------------------------------------------------------

--------------------------------------------------------------------------------------------------------------------------------------
Phe TTT   7   7   7   7   7   7 | Ser TCT   1   1   1   1   1   1 | Tyr TAT   4   3   3   3   3   3 | Cys TGT   0   0   0   0   0   0
    TTC   3   3   3   3   3   3 |     TCC   1   1   1   1   1   1 |     TAC   2   3   3   3   3   3 |     TGC   0   0   0   0   0   0
Leu TTA   0   0   0   0   0   0 |     TCA   1   1   1   1   1   1 | *** TAA   0   0   0   0   0   0 | *** TGA   0   0   0   0   0   0
    TTG   0   0   0   0   0   0 |     TCG   0   0   0   0   0   0 |     TAG   0   0   0   0   0   0 | Trp TGG   3   3   3   3   3   3
--------------------------------------------------------------------------------------------------------------------------------------
Leu CTT   0   0   0   0   0   0 | Pro CCT   1   1   1   1   1   1 | His CAT   0   0   0   0   0   0 | Arg CGT   0   0   0   0   0   0
    CTC   3   3   3   3   3   3 |     CCC   0   0   0   0   0   0 |     CAC   0   0   0   0   0   0 |     CGC   0   0   0   0   0   0
    CTA   1   1   1   1   1   1 |     CCA   1   1   1   1   1   1 | Gln CAA   0   0   0   0   0   0 |     CGA   0   0   0   0   0   0
    CTG   2   2   2   2   2   2 |     CCG   0   0   0   0   0   0 |     CAG   1   1   1   1   1   1 |     CGG   1   1   1   1   1   1
--------------------------------------------------------------------------------------------------------------------------------------
Ile ATT   0   0   0   0   0   0 | Thr ACT   1   1   1   1   1   1 | Asn AAT   2   2   2   2   2   2 | Ser AGT   0   0   0   0   0   0
    ATC   1   1   1   1   1   1 |     ACC   0   0   0   0   0   0 |     AAC   0   0   0   0   0   0 |     AGC   0   0   0   0   0   0
    ATA   0   0   0   0   0   0 |     ACA   0   0   0   0   0   0 | Lys AAA   2   2   2   2   2   2 | Arg AGA   1   1   1   1   1   1
Met ATG   1   1   1   1   1   1 |     ACG   0   0   0   0   0   0 |     AAG   1   1   1   1   1   1 |     AGG   0   0   0   0   0   0
--------------------------------------------------------------------------------------------------------------------------------------
Val GTT   2   2   2   2   2   2 | Ala GCT   0   0   0   0   0   0 | Asp GAT   2   1   1   1   1   2 | Gly GGT   1   1   1   1   1   1
    GTC   0   0   0   0   0   0 |     GCC   0   0   0   0   0   0 |     GAC   1   2   2   2   2   1 |     GGC   1   1   1   1   1   1
    GTA   0   0   0   0   0   0 |     GCA   1   1   1   1   1   1 | Glu GAA   1   1   1   1   1   1 |     GGA   2   2   2   2   2   2
    GTG   1   1   1   1   1   1 |     GCG   0   0   0   0   0   0 |     GAG   1   1   1   1   1   1 |     GGG   1   1   1   1   1   1
--------------------------------------------------------------------------------------------------------------------------------------

--------------------------------------------------------------------------------------------------------------------------------------
Phe TTT   7   7   7   7   7   7 | Ser TCT   1   1   1   1   1   1 | Tyr TAT   3   3   3   3   3   3 | Cys TGT   0   0   0   0   0   0
    TTC   3   3   3   3   3   3 |     TCC   1   1   1   1   1   1 |     TAC   3   3   3   3   3   3 |     TGC   0   0   0   0   0   0
Leu TTA   0   0   0   0   0   0 |     TCA   1   1   1   1   1   1 | *** TAA   0   0   0   0   0   0 | *** TGA   0   0   0   0   0   0
    TTG   0   0   0   0   0   0 |     TCG   0   0   0   0   0   0 |     TAG   0   0   0   0   0   0 | Trp TGG   3   3   3   3   3   3
--------------------------------------------------------------------------------------------------------------------------------------
Leu CTT   0   0   0   0   0   0 | Pro CCT   1   1   1   1   1   1 | His CAT   0   0   0   0   0   0 | Arg CGT   0   0   0   0   0   0
    CTC   3   3   3   3   3   3 |     CCC   0   0   0   0   0   0 |     CAC   0   0   0   0   0   0 |     CGC   0   0   0   0   0   0
    CTA   1   1   1   1   1   1 |     CCA   1   1   1   1   1   1 | Gln CAA   0   0   0   0   0   0 |     CGA   0   0   0   0   0   0
    CTG   2   2   2   2   2   2 |     CCG   0   0   0   0   0   0 |     CAG   1   1   1   1   1   1 |     CGG   1   1   1   1   1   1
--------------------------------------------------------------------------------------------------------------------------------------
Ile ATT   0   0   0   0   0   0 | Thr ACT   1   1   1   1   1   1 | Asn AAT   2   1   2   2   1   2 | Ser AGT   0   0   0   0   0   0
    ATC   1   1   1   1   1   1 |     ACC   0   0   0   0   0   0 |     AAC   0   1   0   0   1   0 |     AGC   0   0   0   0   0   0
    ATA   0   0   0   0   0   0 |     ACA   0   0   0   0   0   0 | Lys AAA   2   2   2   2   2   2 | Arg AGA   1   1   1   1   1   1
Met ATG   1   1   1   1   1   1 |     ACG   0   0   0   0   0   0 |     AAG   1   1   1   1   1   1 |     AGG   0   0   0   0   0   0
--------------------------------------------------------------------------------------------------------------------------------------
Val GTT   2   2   2   2   2   2 | Ala GCT   0   0   0   0   0   0 | Asp GAT   1   1   1   1   1   1 | Gly GGT   1   1   1   1   0   1
    GTC   0   0   0   0   0   0 |     GCC   0   0   0   0   0   0 |     GAC   2   2   2   2   2   2 |     GGC   1   1   1   1   2   1
    GTA   0   0   0   0   0   0 |     GCA   1   1   0   1   1   1 | Glu GAA   1   1   1   1   1   1 |     GGA   2   2   2   2   2   2
    GTG   1   1   1   1   1   1 |     GCG   0   0   1   0   0   0 |     GAG   1   1   1   1   1   1 |     GGG   1   1   1   1   1   1
--------------------------------------------------------------------------------------------------------------------------------------

--------------------------------------------------------------------------------------------------------------------------------------
Phe TTT   7   8   7   7   7   7 | Ser TCT   1   1   1   1   1   1 | Tyr TAT   3   3   4   3   3   3 | Cys TGT   0   0   0   0   0   0
    TTC   3   2   3   3   3   3 |     TCC   1   1   1   1   1   1 |     TAC   3   3   2   3   3   3 |     TGC   0   0   0   0   0   0
Leu TTA   0   0   0   0   0   0 |     TCA   1   1   1   1   1   1 | *** TAA   0   0   0   0   0   0 | *** TGA   0   0   0   0   0   0
    TTG   0   0   0   0   0   0 |     TCG   0   0   0   0   0   0 |     TAG   0   0   0   0   0   0 | Trp TGG   3   3   3   3   3   3
--------------------------------------------------------------------------------------------------------------------------------------
Leu CTT   0   0   0   0   0   0 | Pro CCT   1   1   1   1   1   1 | His CAT   0   0   0   0   0   0 | Arg CGT   0   0   0   0   0   0
    CTC   3   3   3   3   3   3 |     CCC   0   0   0   0   0   0 |     CAC   0   0   0   0   0   0 |     CGC   0   0   0   0   0   0
    CTA   1   1   1   1   1   1 |     CCA   1   1   1   1   1   1 | Gln CAA   0   0   0   0   0   0 |     CGA   0   0   0   0   0   0
    CTG   2   2   2   2   2   2 |     CCG   0   0   0   0   0   0 |     CAG   1   1   1   1   1   1 |     CGG   1   1   1   1   1   1
--------------------------------------------------------------------------------------------------------------------------------------
Ile ATT   1   0   0   0   0   0 | Thr ACT   1   1   1   1   1   1 | Asn AAT   2   2   2   2   2   2 | Ser AGT   0   0   0   0   0   0
    ATC   1   1   1   1   1   1 |     ACC   0   0   0   0   0   0 |     AAC   0   0   0   0   0   0 |     AGC   0   0   0   0   0   0
    ATA   0   0   0   0   0   0 |     ACA   0   0   0   0   0   0 | Lys AAA   2   2   2   2   2   2 | Arg AGA   1   1   1   1   1   1
Met ATG   1   1   1   1   1   1 |     ACG   0   0   0   0   0   0 |     AAG   1   1   1   1   1   1 |     AGG   0   0   0   0   0   0
--------------------------------------------------------------------------------------------------------------------------------------
Val GTT   1   2   2   2   2   2 | Ala GCT   0   0   0   0   0   0 | Asp GAT   2   2   1   1   1   1 | Gly GGT   1   1   1   1   1   1
    GTC   0   0   0   0   0   0 |     GCC   0   0   0   0   0   0 |     GAC   1   1   2   2   2   2 |     GGC   1   1   1   1   1   1
    GTA   0   0   0   0   0   0 |     GCA   1   1   1   1   1   1 | Glu GAA   1   1   1   1   1   1 |     GGA   2   2   2   2   2   2
    GTG   1   1   1   1   1   1 |     GCG   0   0   0   0   0   0 |     GAG   1   1   1   1   1   1 |     GGG   1   1   1   1   1   1
--------------------------------------------------------------------------------------------------------------------------------------

--------------------------------------------------------------------------------------------------------------------------------------
Phe TTT   7   7   7   7   7   7 | Ser TCT   1   1   1   1   1   1 | Tyr TAT   3   3   3   3   3   2 | Cys TGT   0   0   0   0   0   0
    TTC   3   3   3   3   3   3 |     TCC   1   1   1   1   1   1 |     TAC   3   3   3   3   3   4 |     TGC   0   0   0   0   0   0
Leu TTA   0   0   0   0   0   0 |     TCA   1   1   1   1   1   1 | *** TAA   0   0   0   0   0   0 | *** TGA   0   0   0   0   0   0
    TTG   0   0   0   0   0   0 |     TCG   0   0   0   0   0   0 |     TAG   0   0   0   0   0   0 | Trp TGG   3   3   3   3   3   3
--------------------------------------------------------------------------------------------------------------------------------------
Leu CTT   0   0   0   0   0   0 | Pro CCT   1   1   1   1   1   1 | His CAT   0   0   0   0   0   0 | Arg CGT   0   0   0   0   0   0
    CTC   3   3   3   3   3   3 |     CCC   0   0   0   0   0   0 |     CAC   0   0   0   0   0   0 |     CGC   0   0   0   0   0   0
    CTA   1   1   1   1   1   1 |     CCA   1   1   1   1   1   1 | Gln CAA   0   0   0   0   0   0 |     CGA   0   0   0   0   0   0
    CTG   2   2   2   2   2   2 |     CCG   0   0   0   0   0   0 |     CAG   1   1   1   1   1   1 |     CGG   1   1   1   1   1   1
--------------------------------------------------------------------------------------------------------------------------------------
Ile ATT   0   0   0   0   0   0 | Thr ACT   1   1   1   1   1   1 | Asn AAT   2   2   2   2   2   2 | Ser AGT   0   0   0   0   0   0
    ATC   1   1   1   1   1   1 |     ACC   0   0   0   0   0   0 |     AAC   0   0   0   0   0   0 |     AGC   0   0   0   0   0   0
    ATA   0   0   0   0   0   0 |     ACA   0   0   0   0   0   0 | Lys AAA   2   2   2   2   2   2 | Arg AGA   1   1   1   1   1   1
Met ATG   1   1   1   1   1   1 |     ACG   0   0   0   0   0   0 |     AAG   1   1   1   1   1   1 |     AGG   0   0   0   0   0   0
--------------------------------------------------------------------------------------------------------------------------------------
Val GTT   2   2   2   2   2   2 | Ala GCT   0   0   0   0   0   0 | Asp GAT   2   2   1   1   1   1 | Gly GGT   1   1   1   1   1   1
    GTC   0   0   0   0   0   0 |     GCC   0   0   0   0   0   0 |     GAC   1   1   2   2   2   2 |     GGC   1   1   1   1   1   1
    GTA   0   0   0   0   0   0 |     GCA   1   1   1   1   0   1 | Glu GAA   1   1   1   1   1   1 |     GGA   2   3   2   2   2   2
    GTG   1   1   1   1   1   1 |     GCG   0   0   0   0   1   0 |     GAG   1   1   1   1   1   1 |     GGG   1   0   1   1   1   1
--------------------------------------------------------------------------------------------------------------------------------------

--------------------------------------------------------------------------------------------------------------------------------------
Phe TTT   7   7   7   7   7   7 | Ser TCT   1   1   1   1   1   1 | Tyr TAT   4   3   3   3   3   3 | Cys TGT   0   0   0   0   0   0
    TTC   3   3   3   3   3   3 |     TCC   1   1   1   1   1   1 |     TAC   2   3   3   3   3   3 |     TGC   0   0   0   0   0   0
Leu TTA   0   0   0   0   0   0 |     TCA   1   1   1   1   1   1 | *** TAA   0   0   0   0   0   0 | *** TGA   0   0   0   0   0   0
    TTG   0   0   0   0   0   0 |     TCG   0   0   0   0   0   0 |     TAG   0   0   0   0   0   0 | Trp TGG   3   3   3   3   3   3
--------------------------------------------------------------------------------------------------------------------------------------
Leu CTT   0   0   0   0   0   0 | Pro CCT   1   1   1   1   1   1 | His CAT   0   0   0   0   0   0 | Arg CGT   0   0   0   0   0   0
    CTC   3   3   3   3   3   3 |     CCC   0   0   0   0   0   0 |     CAC   0   0   0   0   0   0 |     CGC   0   0   0   0   0   0
    CTA   1   1   1   1   1   1 |     CCA   1   1   1   1   1   1 | Gln CAA   0   0   0   0   0   0 |     CGA   0   0   0   0   0   0
    CTG   2   2   2   2   2   2 |     CCG   0   0   0   0   0   0 |     CAG   1   1   1   1   1   1 |     CGG   1   1   1   1   1   1
--------------------------------------------------------------------------------------------------------------------------------------
Ile ATT   0   0   0   0   0   0 | Thr ACT   1   1   1   1   1   1 | Asn AAT   2   2   2   2   2   2 | Ser AGT   0   0   0   0   0   0
    ATC   1   1   1   1   1   1 |     ACC   0   0   0   0   0   0 |     AAC   0   0   0   0   0   0 |     AGC   0   0   0   0   0   0
    ATA   0   0   0   0   0   0 |     ACA   0   0   0   0   0   0 | Lys AAA   2   2   2   2   2   2 | Arg AGA   1   1   1   1   1   1
Met ATG   1   1   1   1   1   1 |     ACG   0   0   0   0   0   0 |     AAG   1   1   1   1   1   1 |     AGG   0   0   0   0   0   0
--------------------------------------------------------------------------------------------------------------------------------------
Val GTT   2   2   2   2   2   2 | Ala GCT   0   0   0   0   0   0 | Asp GAT   1   1   2   1   2   1 | Gly GGT   1   1   1   1   1   1
    GTC   0   0   0   0   0   0 |     GCC   0   0   0   0   0   0 |     GAC   2   2   1   2   1   2 |     GGC   1   1   1   1   1   1
    GTA   0   0   0   0   0   0 |     GCA   1   1   1   1   1   0 | Glu GAA   1   1   1   1   1   1 |     GGA   2   2   2   2   2   2
    GTG   1   1   1   1   1   1 |     GCG   0   0   0   0   0   1 |     GAG   1   1   1   1   1   1 |     GGG   1   1   1   1   1   1
--------------------------------------------------------------------------------------------------------------------------------------

--------------------------------------------------------------------------------------------------------------------------------------
Phe TTT   7   7   7   7   7   7 | Ser TCT   1   1   1   1   1   1 | Tyr TAT   3   3   3   4   3   3 | Cys TGT   0   0   0   0   0   0
    TTC   3   3   3   3   3   3 |     TCC   1   1   1   1   1   1 |     TAC   3   3   3   2   3   3 |     TGC   0   0   0   0   0   0
Leu TTA   0   0   0   0   0   0 |     TCA   1   1   1   1   1   1 | *** TAA   0   0   0   0   0   0 | *** TGA   0   0   0   0   0   0
    TTG   0   0   0   0   0   0 |     TCG   0   0   0   0   0   0 |     TAG   0   0   0   0   0   0 | Trp TGG   3   3   3   3   3   3
--------------------------------------------------------------------------------------------------------------------------------------
Leu CTT   0   0   0   0   0   0 | Pro CCT   1   1   1   1   1   1 | His CAT   0   0   0   0   0   0 | Arg CGT   0   0   0   0   0   0
    CTC   3   3   2   3   3   2 |     CCC   0   0   0   0   0   0 |     CAC   0   0   0   0   0   0 |     CGC   0   0   0   0   0   0
    CTA   1   1   1   1   1   1 |     CCA   1   1   1   1   1   1 | Gln CAA   0   0   0   0   0   0 |     CGA   0   0   0   0   0   0
    CTG   2   2   3   2   2   3 |     CCG   0   0   0   0   0   0 |     CAG   1   1   1   1   1   1 |     CGG   1   1   1   1   1   1
--------------------------------------------------------------------------------------------------------------------------------------
Ile ATT   0   0   0   0   0   0 | Thr ACT   1   1   1   1   1   1 | Asn AAT   2   2   2   2   2   2 | Ser AGT   0   0   0   0   0   0
    ATC   1   1   1   1   1   1 |     ACC   0   0   0   0   0   0 |     AAC   0   0   0   0   0   0 |     AGC   0   0   0   0   0   0
    ATA   0   0   0   0   0   0 |     ACA   0   0   0   0   0   0 | Lys AAA   2   2   2   2   2   2 | Arg AGA   1   1   1   1   1   1
Met ATG   1   1   1   1   1   1 |     ACG   0   0   0   0   0   0 |     AAG   1   1   1   1   1   1 |     AGG   0   0   0   0   0   0
--------------------------------------------------------------------------------------------------------------------------------------
Val GTT   2   2   2   2   2   2 | Ala GCT   0   0   0   0   0   0 | Asp GAT   1   1   1   1   1   2 | Gly GGT   1   1   1   1   1   1
    GTC   0   0   0   0   0   0 |     GCC   0   0   0   0   0   0 |     GAC   2   2   2   2   2   1 |     GGC   1   1   1   1   1   1
    GTA   0   0   0   0   0   0 |     GCA   1   1   1   1   1   1 | Glu GAA   1   1   1   1   1   1 |     GGA   2   2   2   2   2   2
    GTG   1   1   1   1   1   1 |     GCG   0   0   0   0   0   0 |     GAG   1   1   1   1   1   1 |     GGG   1   1   1   1   1   1
--------------------------------------------------------------------------------------------------------------------------------------

--------------------------------------------------------------------------------------------------------------------------------------
Phe TTT   7   7   6   7   7   7 | Ser TCT   1   1   1   1   1   1 | Tyr TAT   3   3   3   3   3   3 | Cys TGT   0   0   0   0   0   0
    TTC   3   3   4   3   3   3 |     TCC   1   1   1   1   1   1 |     TAC   3   3   3   3   3   3 |     TGC   0   0   0   0   0   0
Leu TTA   0   0   0   0   0   0 |     TCA   1   1   1   1   1   1 | *** TAA   0   0   0   0   0   0 | *** TGA   0   0   0   0   0   0
    TTG   0   0   0   0   0   0 |     TCG   0   0   0   0   0   0 |     TAG   0   0   0   0   0   0 | Trp TGG   3   3   3   3   3   3
--------------------------------------------------------------------------------------------------------------------------------------
Leu CTT   0   0   0   0   0   0 | Pro CCT   1   1   1   1   1   1 | His CAT   0   0   0   0   0   0 | Arg CGT   0   0   0   0   0   0
    CTC   3   3   3   3   3   3 |     CCC   0   0   0   0   0   0 |     CAC   0   0   0   0   0   0 |     CGC   0   0   0   0   0   0
    CTA   1   1   1   1   1   1 |     CCA   1   1   1   1   1   1 | Gln CAA   0   0   0   0   0   0 |     CGA   0   0   0   0   0   0
    CTG   2   2   2   2   2   2 |     CCG   0   0   0   0   0   0 |     CAG   1   1   1   1   1   1 |     CGG   1   1   1   1   1   1
--------------------------------------------------------------------------------------------------------------------------------------
Ile ATT   0   0   0   0   0   0 | Thr ACT   1   1   1   1   1   1 | Asn AAT   2   2   2   2   2   2 | Ser AGT   0   0   0   0   0   0
    ATC   1   1   1   1   1   1 |     ACC   0   0   0   0   0   0 |     AAC   0   0   0   0   0   0 |     AGC   0   0   0   0   0   0
    ATA   0   0   0   0   0   0 |     ACA   0   0   0   0   0   0 | Lys AAA   2   2   2   2   2   2 | Arg AGA   1   1   1   1   1   1
Met ATG   1   1   1   1   1   1 |     ACG   0   0   0   0   0   0 |     AAG   1   1   1   1   1   1 |     AGG   0   0   0   0   0   0
--------------------------------------------------------------------------------------------------------------------------------------
Val GTT   2   2   2   2   2   2 | Ala GCT   0   0   0   0   0   0 | Asp GAT   2   1   2   2   1   2 | Gly GGT   1   1   1   1   1   1
    GTC   0   0   0   0   0   0 |     GCC   0   0   0   0   0   0 |     GAC   1   2   1   1   2   1 |     GGC   1   1   1   1   1   1
    GTA   0   0   0   0   0   0 |     GCA   1   1   1   1   1   1 | Glu GAA   1   1   1   1   1   1 |     GGA   2   2   2   3   2   2
    GTG   1   1   1   1   1   1 |     GCG   0   0   0   0   0   0 |     GAG   1   1   1   1   1   1 |     GGG   1   1   1   0   1   1
--------------------------------------------------------------------------------------------------------------------------------------

--------------------------------------------------------------------------------------------------------------------------------------
Phe TTT   7   8   7   7   7   7 | Ser TCT   1   2   2   1   1   1 | Tyr TAT   4   3   2   3   3   3 | Cys TGT   0   0   0   0   0   0
    TTC   3   2   3   3   3   3 |     TCC   1   0   0   1   1   1 |     TAC   2   3   4   3   3   3 |     TGC   0   0   0   0   0   0
Leu TTA   0   0   0   0   0   0 |     TCA   1   1   1   1   1   1 | *** TAA   0   0   0   0   0   0 | *** TGA   0   0   0   0   0   0
    TTG   0   0   0   0   0   0 |     TCG   0   0   0   0   0   0 |     TAG   0   0   0   0   0   0 | Trp TGG   3   3   3   3   3   3
--------------------------------------------------------------------------------------------------------------------------------------
Leu CTT   0   0   0   0   0   0 | Pro CCT   1   1   1   1   1   1 | His CAT   0   0   0   0   0   0 | Arg CGT   0   0   0   0   0   0
    CTC   3   3   3   3   3   3 |     CCC   0   0   0   0   0   0 |     CAC   0   0   0   0   0   0 |     CGC   0   0   0   0   0   0
    CTA   1   1   1   1   1   1 |     CCA   1   1   1   1   1   1 | Gln CAA   0   0   0   0   0   0 |     CGA   0   0   0   0   0   0
    CTG   2   2   2   2   2   2 |     CCG   0   0   0   0   0   0 |     CAG   1   1   1   1   1   1 |     CGG   1   1   1   1   1   1
--------------------------------------------------------------------------------------------------------------------------------------
Ile ATT   0   0   0   0   0   0 | Thr ACT   1   1   1   1   1   1 | Asn AAT   2   2   2   2   2   2 | Ser AGT   0   0   0   0   0   0
    ATC   1   1   1   1   1   1 |     ACC   0   0   0   0   0   0 |     AAC   0   0   0   0   0   0 |     AGC   0   0   0   0   0   0
    ATA   0   0   0   0   0   0 |     ACA   0   0   0   0   0   0 | Lys AAA   2   2   2   2   2   2 | Arg AGA   1   1   1   1   1   1
Met ATG   1   1   1   1   1   1 |     ACG   0   0   0   0   0   0 |     AAG   1   1   1   1   1   1 |     AGG   0   0   0   0   0   0
--------------------------------------------------------------------------------------------------------------------------------------
Val GTT   2   2   2   2   2   2 | Ala GCT   0   0   0   0   0   0 | Asp GAT   1   1   1   1   1   1 | Gly GGT   1   1   1   1   1   1
    GTC   0   0   0   0   0   0 |     GCC   0   0   0   0   0   0 |     GAC   2   2   2   2   2   2 |     GGC   1   1   1   1   1   1
    GTA   0   0   0   0   0   0 |     GCA   1   1   1   1   1   1 | Glu GAA   1   2   1   1   1   1 |     GGA   2   2   2   2   2   2
    GTG   1   1   1   1   1   1 |     GCG   0   0   0   0   0   0 |     GAG   1   0   1   1   1   1 |     GGG   1   1   1   1   1   1
--------------------------------------------------------------------------------------------------------------------------------------

Codon position x base (3x4) table for each sequence.

#1: Argali         
position  1:    T:0.40000    C:0.18182    A:0.16364    G:0.25455
position  2:    T:0.38182    C:0.12727    A:0.30909    G:0.18182
position  3:    T:0.34545    C:0.25455    A:0.18182    G:0.21818
Average         T:0.37576    C:0.18788    A:0.21818    G:0.21818

#2: LesserMouseDeer
position  1:    T:0.40000    C:0.18182    A:0.16364    G:0.25455
position  2:    T:0.38182    C:0.12727    A:0.30909    G:0.18182
position  3:    T:0.36364    C:0.23636    A:0.20000    G:0.20000
Average         T:0.38182    C:0.18182    A:0.22424    G:0.21212

#3: LesserKudu     
position  1:    T:0.40000    C:0.18182    A:0.16364    G:0.25455
position  2:    T:0.38182    C:0.12727    A:0.30909    G:0.18182
position  3:    T:0.36364    C:0.23636    A:0.18182    G:0.21818
Average         T:0.38182    C:0.18182    A:0.21818    G:0.21818

#4: ForestMuskDeer2
position  1:    T:0.40000    C:0.18182    A:0.16364    G:0.25455
position  2:    T:0.38182    C:0.12727    A:0.30909    G:0.18182
position  3:    T:0.34545    C:0.25455    A:0.18182    G:0.21818
Average         T:0.37576    C:0.18788    A:0.21818    G:0.21818

#5: Camel          
position  1:    T:0.41818    C:0.16364    A:0.16364    G:0.25455
position  2:    T:0.38182    C:0.14545    A:0.29091    G:0.18182
position  3:    T:0.36364    C:0.25455    A:0.14545    G:0.23636
Average         T:0.38788    C:0.18788    A:0.20000    G:0.22424

#6: KillerWhale    
position  1:    T:0.41818    C:0.16364    A:0.16364    G:0.25455
position  2:    T:0.38182    C:0.14545    A:0.29091    G:0.18182
position  3:    T:0.36364    C:0.23636    A:0.18182    G:0.21818
Average         T:0.38788    C:0.18182    A:0.21212    G:0.21818

#7: DefassaWaterbuck
position  1:    T:0.40000    C:0.18182    A:0.16364    G:0.25455
position  2:    T:0.38182    C:0.12727    A:0.30909    G:0.18182
position  3:    T:0.38182    C:0.21818    A:0.18182    G:0.21818
Average         T:0.38788    C:0.17576    A:0.21818    G:0.21818

#8: Sheep          
position  1:    T:0.40000    C:0.18182    A:0.16364    G:0.25455
position  2:    T:0.38182    C:0.12727    A:0.30909    G:0.18182
position  3:    T:0.34545    C:0.25455    A:0.18182    G:0.21818
Average         T:0.37576    C:0.18788    A:0.21818    G:0.21818

#9: MaxwellsDuiker 
position  1:    T:0.40000    C:0.18182    A:0.16364    G:0.25455
position  2:    T:0.38182    C:0.12727    A:0.30909    G:0.18182
position  3:    T:0.34545    C:0.25455    A:0.18182    G:0.21818
Average         T:0.37576    C:0.18788    A:0.21818    G:0.21818

#10: GazellaPrzewalskyi
position  1:    T:0.40000    C:0.18182    A:0.16364    G:0.25455
position  2:    T:0.38182    C:0.12727    A:0.30909    G:0.18182
position  3:    T:0.34545    C:0.25455    A:0.18182    G:0.21818
Average         T:0.37576    C:0.18788    A:0.21818    G:0.21818

#11: MountainNyala  
position  1:    T:0.40000    C:0.18182    A:0.16364    G:0.25455
position  2:    T:0.38182    C:0.12727    A:0.30909    G:0.18182
position  3:    T:0.34545    C:0.25455    A:0.18182    G:0.21818
Average         T:0.37576    C:0.18788    A:0.21818    G:0.21818

#12: MuntiacusMuntjak
position  1:    T:0.40000    C:0.18182    A:0.16364    G:0.25455
position  2:    T:0.38182    C:0.12727    A:0.30909    G:0.18182
position  3:    T:0.36364    C:0.23636    A:0.18182    G:0.21818
Average         T:0.38182    C:0.18182    A:0.21818    G:0.21818

#13: goat           
position  1:    T:0.40000    C:0.18182    A:0.16364    G:0.25455
position  2:    T:0.38182    C:0.12727    A:0.30909    G:0.18182
position  3:    T:0.34545    C:0.25455    A:0.18182    G:0.21818
Average         T:0.37576    C:0.18788    A:0.21818    G:0.21818

#14: AfricanBuffalo 
position  1:    T:0.40000    C:0.18182    A:0.16364    G:0.25455
position  2:    T:0.38182    C:0.12727    A:0.30909    G:0.18182
position  3:    T:0.32727    C:0.27273    A:0.18182    G:0.21818
Average         T:0.36970    C:0.19394    A:0.21818    G:0.21818

#15: Topi           
position  1:    T:0.40000    C:0.18182    A:0.16364    G:0.25455
position  2:    T:0.38182    C:0.12727    A:0.30909    G:0.18182
position  3:    T:0.34545    C:0.25455    A:0.16364    G:0.23636
Average         T:0.37576    C:0.18788    A:0.21212    G:0.22424

#16: CommonDuiker   
position  1:    T:0.40000    C:0.18182    A:0.16364    G:0.25455
position  2:    T:0.38182    C:0.12727    A:0.30909    G:0.18182
position  3:    T:0.34545    C:0.25455    A:0.18182    G:0.21818
Average         T:0.37576    C:0.18788    A:0.21818    G:0.21818

#17: Suni           
position  1:    T:0.40000    C:0.18182    A:0.16364    G:0.25455
position  2:    T:0.38182    C:0.12727    A:0.30909    G:0.18182
position  3:    T:0.30909    C:0.29091    A:0.18182    G:0.21818
Average         T:0.36364    C:0.20000    A:0.21818    G:0.21818

#18: Springbuck     
position  1:    T:0.40000    C:0.18182    A:0.16364    G:0.25455
position  2:    T:0.38182    C:0.12727    A:0.30909    G:0.18182
position  3:    T:0.34545    C:0.25455    A:0.18182    G:0.21818
Average         T:0.37576    C:0.18788    A:0.21818    G:0.21818

#19: Okapi          
position  1:    T:0.40000    C:0.18182    A:0.18182    G:0.23636
position  2:    T:0.38182    C:0.12727    A:0.30909    G:0.18182
position  3:    T:0.36364    C:0.23636    A:0.18182    G:0.21818
Average         T:0.38182    C:0.18182    A:0.22424    G:0.21212

#20: Giraffe        
position  1:    T:0.40000    C:0.18182    A:0.16364    G:0.25455
position  2:    T:0.38182    C:0.12727    A:0.30909    G:0.18182
position  3:    T:0.38182    C:0.21818    A:0.18182    G:0.21818
Average         T:0.38788    C:0.17576    A:0.21818    G:0.21818

#21: TibetanAntelope
position  1:    T:0.40000    C:0.18182    A:0.16364    G:0.25455
position  2:    T:0.38182    C:0.12727    A:0.30909    G:0.18182
position  3:    T:0.36364    C:0.23636    A:0.18182    G:0.21818
Average         T:0.38182    C:0.18182    A:0.21818    G:0.21818

#22: Sitatunga      
position  1:    T:0.40000    C:0.18182    A:0.16364    G:0.25455
position  2:    T:0.38182    C:0.12727    A:0.30909    G:0.18182
position  3:    T:0.34545    C:0.25455    A:0.18182    G:0.21818
Average         T:0.37576    C:0.18788    A:0.21818    G:0.21818

#23: Oribi          
position  1:    T:0.40000    C:0.18182    A:0.16364    G:0.25455
position  2:    T:0.38182    C:0.12727    A:0.30909    G:0.18182
position  3:    T:0.34545    C:0.25455    A:0.18182    G:0.21818
Average         T:0.37576    C:0.18788    A:0.21818    G:0.21818

#24: BarbarySheep   
position  1:    T:0.40000    C:0.18182    A:0.16364    G:0.25455
position  2:    T:0.38182    C:0.12727    A:0.30909    G:0.18182
position  3:    T:0.34545    C:0.25455    A:0.18182    G:0.21818
Average         T:0.37576    C:0.18788    A:0.21818    G:0.21818

#25: Daviddeer      
position  1:    T:0.40000    C:0.18182    A:0.16364    G:0.25455
position  2:    T:0.38182    C:0.12727    A:0.30909    G:0.18182
position  3:    T:0.36364    C:0.23636    A:0.18182    G:0.21818
Average         T:0.38182    C:0.18182    A:0.21818    G:0.21818

#26: Reindeer       
position  1:    T:0.40000    C:0.18182    A:0.16364    G:0.25455
position  2:    T:0.38182    C:0.12727    A:0.30909    G:0.18182
position  3:    T:0.36364    C:0.23636    A:0.20000    G:0.20000
Average         T:0.38182    C:0.18182    A:0.22424    G:0.21212

#27: Ibex           
position  1:    T:0.40000    C:0.18182    A:0.16364    G:0.25455
position  2:    T:0.38182    C:0.12727    A:0.30909    G:0.18182
position  3:    T:0.34545    C:0.25455    A:0.18182    G:0.21818
Average         T:0.37576    C:0.18788    A:0.21818    G:0.21818

#28: GyrantGazelle  
position  1:    T:0.40000    C:0.18182    A:0.16364    G:0.25455
position  2:    T:0.38182    C:0.12727    A:0.30909    G:0.18182
position  3:    T:0.34545    C:0.25455    A:0.18182    G:0.21818
Average         T:0.37576    C:0.18788    A:0.21818    G:0.21818

#29: Hartebeest     
position  1:    T:0.40000    C:0.18182    A:0.16364    G:0.25455
position  2:    T:0.38182    C:0.12727    A:0.30909    G:0.18182
position  3:    T:0.34545    C:0.25455    A:0.16364    G:0.23636
Average         T:0.37576    C:0.18788    A:0.21212    G:0.22424

#30: Bongo          
position  1:    T:0.40000    C:0.18182    A:0.16364    G:0.25455
position  2:    T:0.38182    C:0.12727    A:0.30909    G:0.18182
position  3:    T:0.32727    C:0.27273    A:0.18182    G:0.21818
Average         T:0.36970    C:0.19394    A:0.21818    G:0.21818

#31: Gerenuk        
position  1:    T:0.40000    C:0.18182    A:0.16364    G:0.25455
position  2:    T:0.38182    C:0.12727    A:0.30909    G:0.18182
position  3:    T:0.36364    C:0.23636    A:0.18182    G:0.21818
Average         T:0.38182    C:0.18182    A:0.21818    G:0.21818

#32: CommonEland    
position  1:    T:0.40000    C:0.18182    A:0.16364    G:0.25455
position  2:    T:0.38182    C:0.12727    A:0.30909    G:0.18182
position  3:    T:0.34545    C:0.25455    A:0.18182    G:0.21818
Average         T:0.37576    C:0.18788    A:0.21818    G:0.21818

#33: MuntiacusReevesi
position  1:    T:0.40000    C:0.18182    A:0.16364    G:0.25455
position  2:    T:0.38182    C:0.12727    A:0.30909    G:0.18182
position  3:    T:0.36364    C:0.23636    A:0.18182    G:0.21818
Average         T:0.38182    C:0.18182    A:0.21818    G:0.21818

#34: HarveysDuiker  
position  1:    T:0.40000    C:0.18182    A:0.16364    G:0.25455
position  2:    T:0.38182    C:0.12727    A:0.30909    G:0.18182
position  3:    T:0.34545    C:0.25455    A:0.18182    G:0.21818
Average         T:0.37576    C:0.18788    A:0.21818    G:0.21818

#35: Pronghorn      
position  1:    T:0.40000    C:0.18182    A:0.16364    G:0.25455
position  2:    T:0.38182    C:0.12727    A:0.30909    G:0.18182
position  3:    T:0.36364    C:0.23636    A:0.18182    G:0.21818
Average         T:0.38182    C:0.18182    A:0.21818    G:0.21818

#36: BlueWildebeest 
position  1:    T:0.40000    C:0.18182    A:0.16364    G:0.25455
position  2:    T:0.38182    C:0.12727    A:0.30909    G:0.18182
position  3:    T:0.34545    C:0.25455    A:0.16364    G:0.23636
Average         T:0.37576    C:0.18788    A:0.21212    G:0.22424

#37: Gemsbok        
position  1:    T:0.40000    C:0.18182    A:0.16364    G:0.25455
position  2:    T:0.38182    C:0.12727    A:0.30909    G:0.18182
position  3:    T:0.34545    C:0.25455    A:0.18182    G:0.21818
Average         T:0.37576    C:0.18788    A:0.21818    G:0.21818

#38: Yak            
position  1:    T:0.40000    C:0.18182    A:0.16364    G:0.25455
position  2:    T:0.38182    C:0.12727    A:0.30909    G:0.18182
position  3:    T:0.34545    C:0.25455    A:0.18182    G:0.21818
Average         T:0.37576    C:0.18788    A:0.21818    G:0.21818

#39: BlueSheep      
position  1:    T:0.40000    C:0.18182    A:0.16364    G:0.25455
position  2:    T:0.38182    C:0.12727    A:0.30909    G:0.18182
position  3:    T:0.34545    C:0.23636    A:0.18182    G:0.23636
Average         T:0.37576    C:0.18182    A:0.21818    G:0.22424

#40: BohorReedbuck  
position  1:    T:0.40000    C:0.18182    A:0.16364    G:0.25455
position  2:    T:0.38182    C:0.12727    A:0.30909    G:0.18182
position  3:    T:0.36364    C:0.23636    A:0.18182    G:0.21818
Average         T:0.38182    C:0.18182    A:0.21818    G:0.21818

#41: KirksDik       
position  1:    T:0.40000    C:0.18182    A:0.16364    G:0.25455
position  2:    T:0.38182    C:0.12727    A:0.30909    G:0.18182
position  3:    T:0.34545    C:0.25455    A:0.18182    G:0.21818
Average         T:0.37576    C:0.18788    A:0.21818    G:0.21818

#42: RoeDeer        
position  1:    T:0.40000    C:0.18182    A:0.16364    G:0.25455
position  2:    T:0.38182    C:0.12727    A:0.30909    G:0.18182
position  3:    T:0.36364    C:0.21818    A:0.18182    G:0.23636
Average         T:0.38182    C:0.17576    A:0.21818    G:0.22424

#43: WhiteLippedDeer
position  1:    T:0.40000    C:0.18182    A:0.16364    G:0.25455
position  2:    T:0.38182    C:0.12727    A:0.30909    G:0.18182
position  3:    T:0.36364    C:0.23636    A:0.18182    G:0.21818
Average         T:0.38182    C:0.18182    A:0.21818    G:0.21818

#44: ThomsonGazelle 
position  1:    T:0.40000    C:0.18182    A:0.16364    G:0.25455
position  2:    T:0.38182    C:0.12727    A:0.30909    G:0.18182
position  3:    T:0.34545    C:0.25455    A:0.18182    G:0.21818
Average         T:0.37576    C:0.18788    A:0.21818    G:0.21818

#45: MuntiacusCrinifrons
position  1:    T:0.40000    C:0.18182    A:0.16364    G:0.25455
position  2:    T:0.38182    C:0.12727    A:0.30909    G:0.18182
position  3:    T:0.34545    C:0.25455    A:0.18182    G:0.21818
Average         T:0.37576    C:0.18788    A:0.21818    G:0.21818

#46: WhiteTailedDeer
position  1:    T:0.40000    C:0.18182    A:0.16364    G:0.25455
position  2:    T:0.38182    C:0.12727    A:0.30909    G:0.18182
position  3:    T:0.36364    C:0.23636    A:0.20000    G:0.20000
Average         T:0.38182    C:0.18182    A:0.22424    G:0.21212

#47: Cattle         
position  1:    T:0.40000    C:0.18182    A:0.16364    G:0.25455
position  2:    T:0.38182    C:0.12727    A:0.30909    G:0.18182
position  3:    T:0.34545    C:0.25455    A:0.18182    G:0.21818
Average         T:0.37576    C:0.18788    A:0.21818    G:0.21818

#48: RoyalAntelope  
position  1:    T:0.40000    C:0.18182    A:0.16364    G:0.25455
position  2:    T:0.38182    C:0.12727    A:0.30909    G:0.18182
position  3:    T:0.36364    C:0.23636    A:0.18182    G:0.21818
Average         T:0.38182    C:0.18182    A:0.21818    G:0.21818

#49: Steenbok       
position  1:    T:0.40000    C:0.18182    A:0.16364    G:0.25455
position  2:    T:0.38182    C:0.12727    A:0.30909    G:0.18182
position  3:    T:0.36364    C:0.23636    A:0.18182    G:0.21818
Average         T:0.38182    C:0.18182    A:0.21818    G:0.21818

#50: Impala         
position  1:    T:0.40000    C:0.18182    A:0.16364    G:0.25455
position  2:    T:0.38182    C:0.12727    A:0.30909    G:0.18182
position  3:    T:0.38182    C:0.21818    A:0.20000    G:0.20000
Average         T:0.38788    C:0.17576    A:0.22424    G:0.21212

#51: Klipspringer   
position  1:    T:0.40000    C:0.18182    A:0.16364    G:0.25455
position  2:    T:0.38182    C:0.12727    A:0.30909    G:0.18182
