1
52 1
Argali 0.000000 0.229700 0.075300 0.266700 0.056700 0.000000 0.052900 0.076300 0.080700 0.127700 0.020800 0.084700 0.034300 0.048500 0.048400 0.076500 0.116400 0.112400 0.026200 0.071500 0.075800 0.004200 0.133700 0.148200 0.008500 0.066900 0.034200 0.061800 0.057700 0.066300 0.118700 0.048200 0.294600 0.047900 0.071200 0.076300 0.012800 0.052500 0.103100 0.252400 0.133900 0.080600 0.127700 0.127800 0.066700 0.052900 0.071800 0.070800 0.057700 0.080500 0.080300 0.062100
LesserMous 0.229700 0.000000 0.186000 0.213400 0.228400 0.229700 0.193300 0.227900 0.193500 0.236900 0.252200 0.187400 0.210700 0.208500 0.226500 0.218100 0.188500 0.174400 0.239200 0.176800 0.204800 0.234600 0.226800 0.243100 0.239500 0.216800 0.215600 0.181500 0.216800 0.176000 0.226800 0.213400 0.243500 0.213200 0.260100 0.199600 0.223600 0.224100 0.235000 0.270900 0.227600 0.222200 0.237000 0.225700 0.187900 0.198800 0.217000 0.219400 0.194600 0.187900 0.192500 0.182500
LesserKudu 0.075300 0.186000 0.000000 0.211400 0.074900 0.075300 0.071200 0.099700 0.030400 0.127100 0.093900 0.056600 0.074400 0.066700 0.080500 0.109800 0.097500 0.088800 0.090600 0.030400 0.108700 0.079700 0.128500 0.137700 0.084100 0.099600 0.074300 0.021500 0.090200 0.008500 0.118300 0.066300 0.251500 0.089000 0.103900 0.048400 0.079700 0.070700 0.126700 0.234300 0.128700 0.114000 0.117200 0.117700 0.039200 0.085200 0.095100 0.089200 0.071500 0.057400 0.030200 0.012900
KillerWhal 0.266700 0.213400 0.211400 0.000000 0.265200 0.266700 0.224500 0.237400 0.219200 0.240700 0.284400 0.224300 0.241300 0.247100 0.252100 0.244500 0.224600 0.205000 0.258800 0.207700 0.246500 0.266200 0.246200 0.264200 0.271200 0.259300 0.246300 0.207000 0.254500 0.201300 0.241600 0.251400 0.316700 0.249500 0.304300 0.225700 0.266300 0.260800 0.277700 0.286200 0.247100 0.260500 0.229500 0.240400 0.213700 0.252200 0.254600 0.255600 0.231100 0.208300 0.218200 0.208000
DefassaWat 0.056700 0.228400 0.074900 0.265200 0.000000 0.056700 0.057100 0.089900 0.089600 0.136700 0.074900 0.093500 0.047200 0.052600 0.066200 0.090300 0.130300 0.126300 0.075900 0.080400 0.080200 0.061100 0.138100 0.147300 0.065500 0.071300 0.047200 0.070600 0.071200 0.075100 0.122900 0.052300 0.311500 0.052100 0.094000 0.085200 0.070100 0.012800 0.116800 0.250700 0.138300 0.084900 0.136700 0.127000 0.075500 0.057200 0.085400 0.079600 0.080500 0.079900 0.089200 0.070900
Sheep 0.000000 0.229700 0.075300 0.266700 0.056700 0.000000 0.052900 0.076300 0.080700 0.127700 0.020900 0.084700 0.034300 0.048500 0.048400 0.076500 0.116400 0.112400 0.026200 0.071500 0.075800 0.004200 0.133700 0.148200 0.008300 0.066900 0.034200 0.061800 0.057700 0.066300 0.118700 0.048200 0.294600 0.047900 0.071200 0.076300 0.012800 0.052500 0.103100 0.252400 0.133900 0.080600 0.127700 0.127800 0.066700 0.052900 0.071800 0.070800 0.057700 0.080500 0.080300 0.062100
MaxwellsDu 0.052900 0.193300 0.071200 0.224500 0.057100 0.052900 0.000000 0.081600 0.076600 0.134100 0.071300 0.080300 0.052300 0.021700 0.062600 0.086800 0.107700 0.103700 0.062900 0.067100 0.076500 0.057300 0.138900 0.144700 0.061800 0.076900 0.052200 0.057700 0.067600 0.062200 0.128500 0.021600 0.272600 0.066500 0.090600 0.062800 0.066500 0.052800 0.113300 0.237600 0.139200 0.090800 0.134200 0.124400 0.053400 0.053400 0.081900 0.066800 0.076900 0.071800 0.076200 0.057900
GazellaPrz 0.076300 0.227900 0.099700 0.237400 0.089900 0.076300 0.081600 0.000000 0.105900 0.139400 0.095200 0.110100 0.075300 0.072300 0.091200 0.053800 0.142600 0.133700 0.082000 0.106000 0.053300 0.080700 0.140600 0.149900 0.085200 0.053500 0.075200 0.095600 0.044400 0.090700 0.130500 0.076600 0.287300 0.080800 0.115000 0.111100 0.080800 0.085700 0.104000 0.232700 0.140900 0.067200 0.129400 0.129400 0.100900 0.072200 0.067900 0.095400 0.086800 0.110400 0.105400 0.096000
MountainNy 0.080700 0.193500 0.030400 0.219200 0.089600 0.080700 0.076600 0.105900 0.000000 0.133500 0.099700 0.043600 0.079700 0.072100 0.086100 0.106300 0.112900 0.108700 0.096400 0.035100 0.105400 0.085200 0.135000 0.144300 0.089700 0.096200 0.079600 0.025500 0.086700 0.030100 0.124600 0.071700 0.248800 0.085300 0.110200 0.053400 0.085300 0.085400 0.123700 0.231600 0.135200 0.110600 0.133500 0.123900 0.044100 0.090900 0.091700 0.085600 0.067700 0.062600 0.026100 0.017300
MuntiacusM 0.127700 0.236900 0.127100 0.240700 0.136700 0.127700 0.134100 0.139400 0.133500 0.000000 0.147600 0.127800 0.126000 0.129100 0.133700 0.115000 0.165200 0.151300 0.134700 0.123700 0.148100 0.132300 0.049100 0.053500 0.136900 0.128600 0.125900 0.113000 0.124400 0.117700 0.017500 0.128400 0.248600 0.132300 0.148800 0.128900 0.142100 0.132500 0.167300 0.143500 0.049200 0.129600 0.008600 0.035200 0.118300 0.114000 0.144700 0.157900 0.139000 0.108700 0.132600 0.113600
goat 0.020800 0.252200 0.093900 0.284400 0.074900 0.020900 0.071300 0.095200 0.099700 0.147600 0.000000 0.103800 0.043100 0.066800 0.066600 0.095500 0.135800 0.131800 0.048600 0.090300 0.094700 0.016700 0.153800 0.168600 0.012700 0.085600 0.043000 0.080300 0.076300 0.084800 0.138500 0.066400 0.320400 0.066000 0.089900 0.095200 0.025800 0.070700 0.122300 0.276500 0.154000 0.099700 0.147700 0.147800 0.085300 0.071200 0.090600 0.089400 0.081000 0.099300 0.099200 0.080600
AfricanBuf 0.084700 0.187400 0.056600 0.224300 0.093500 0.084700 0.080300 0.110100 0.043600 0.127800 0.103800 0.000000 0.083500 0.075900 0.090100 0.101100 0.116900 0.103300 0.100400 0.052800 0.104800 0.089200 0.129400 0.138600 0.093700 0.095700 0.083400 0.043300 0.090600 0.047800 0.119000 0.075500 0.260100 0.089100 0.123700 0.053000 0.089200 0.089100 0.118100 0.224500 0.129600 0.095900 0.127800 0.118400 0.043500 0.095300 0.100500 0.094200 0.081100 0.075800 0.052300 0.043500
Topi 0.034300 0.210700 0.074400 0.241300 0.047200 0.034300 0.052300 0.075300 0.079700 0.126000 0.043100 0.083500 0.000000 0.047900 0.056700 0.075600 0.110400 0.106400 0.052600 0.066100 0.065900 0.029900 0.127400 0.136400 0.034100 0.057100 0.008400 0.061100 0.057100 0.065500 0.117200 0.047700 0.296500 0.029900 0.070300 0.075300 0.038600 0.043100 0.101800 0.237300 0.127600 0.070300 0.126000 0.116500 0.065900 0.043400 0.070900 0.070000 0.066100 0.079500 0.079300 0.061300
CommonDuik 0.048500 0.208500 0.066700 0.247100 0.052600 0.048500 0.021700 0.072300 0.072100 0.129100 0.066800 0.075900 0.047900 0.000000 0.058000 0.082200 0.103300 0.099200 0.067700 0.062700 0.072000 0.052900 0.134100 0.139800 0.057300 0.072300 0.047800 0.053200 0.063000 0.057700 0.123700 0.008400 0.277900 0.062000 0.086000 0.067600 0.062000 0.048400 0.108700 0.243700 0.134300 0.086200 0.129200 0.119600 0.058100 0.058100 0.077300 0.071500 0.072300 0.071800 0.062500 0.053500
Suni 0.048400 0.226500 0.080500 0.252100 0.066200 0.048400 0.062600 0.091200 0.086100 0.133700 0.066600 0.090100 0.056700 0.058000 0.000000 0.082100 0.112600 0.108500 0.067600 0.076800 0.081300 0.052800 0.140100 0.154600 0.057200 0.081600 0.056700 0.066900 0.072200 0.071500 0.124700 0.057700 0.292900 0.052900 0.095400 0.081600 0.061800 0.062000 0.108600 0.249900 0.140300 0.095700 0.133800 0.134000 0.071900 0.067200 0.086600 0.066700 0.072200 0.085800 0.085700 0.067200
Springbuck 0.076500 0.218100 0.109800 0.244500 0.090300 0.076500 0.086800 0.053800 0.106300 0.115000 0.095500 0.101100 0.075600 0.082200 0.082100 0.000000 0.138100 0.134200 0.082400 0.106400 0.048300 0.081000 0.116200 0.125200 0.085500 0.039400 0.075500 0.096000 0.026400 0.100700 0.106300 0.081700 0.264400 0.062500 0.105700 0.111500 0.081100 0.086000 0.094800 0.193800 0.116400 0.039900 0.115000 0.105200 0.101300 0.063100 0.054000 0.095800 0.068100 0.115700 0.105800 0.096400
Okapi 0.116400 0.188500 0.097500 0.224600 0.130300 0.116400 0.107700 0.142600 0.112900 0.165200 0.135800 0.116900 0.110400 0.103300 0.112600 0.138100 0.000000 0.038000 0.123000 0.098700 0.117500 0.121000 0.160900 0.171600 0.125500 0.137500 0.119700 0.093300 0.127700 0.088500 0.156300 0.102800 0.245900 0.125800 0.151400 0.098700 0.120900 0.125700 0.165100 0.248800 0.161500 0.152300 0.165200 0.160800 0.089000 0.131900 0.143000 0.136200 0.127700 0.102900 0.102800 0.093700
Giraffe 0.112400 0.174400 0.088800 0.205000 0.126300 0.112400 0.103700 0.133700 0.108700 0.151300 0.131800 0.103300 0.106400 0.099200 0.108500 0.134200 0.038000 0.000000 0.118900 0.094600 0.113500 0.117000 0.147100 0.167600 0.121500 0.133500 0.115700 0.089200 0.123700 0.079800 0.142400 0.098700 0.242600 0.121900 0.157600 0.094600 0.116900 0.121700 0.161100 0.233600 0.147700 0.148300 0.146400 0.146900 0.084900 0.127900 0.139000 0.132200 0.123700 0.089500 0.098700 0.089600
TibetanAnt 0.026200 0.239200 0.090600 0.258800 0.075900 0.026200 0.062900 0.082000 0.096400 0.134700 0.048600 0.100400 0.052600 0.067700 0.067600 0.082400 0.123000 0.118900 0.000000 0.086800 0.081500 0.030500 0.140900 0.155800 0.034900 0.082000 0.052600 0.076800 0.072600 0.081400 0.125600 0.067300 0.287000 0.066900 0.091200 0.082100 0.039400 0.071700 0.124000 0.257000 0.141100 0.096100 0.134800 0.134900 0.072400 0.067500 0.092000 0.090700 0.072500 0.096000 0.095800 0.077100
Sitatunga 0.071500 0.176800 0.030400 0.207700 0.080400 0.071500 0.067100 0.106000 0.035100 0.123700 0.090300 0.052800 0.066100 0.062700 0.076800 0.106400 0.098700 0.094600 0.086800 0.000000 0.105400 0.076000 0.125200 0.134400 0.080500 0.096200 0.070500 0.017300 0.086700 0.021600 0.114800 0.062300 0.255100 0.085300 0.110200 0.044400 0.085300 0.076100 0.123700 0.225500 0.125300 0.110700 0.123700 0.114200 0.035200 0.081500 0.091600 0.085600 0.067700 0.062700 0.035000 0.017300
Oribi 0.075800 0.204800 0.108700 0.246500 0.080200 0.075800 0.076500 0.053300 0.105400 0.148100 0.094700 0.104800 0.065900 0.072000 0.081300 0.048300 0.117500 0.113500 0.081500 0.105400 0.000000 0.080300 0.149300 0.158700 0.084800 0.035000 0.065800 0.095100 0.035100 0.099700 0.139100 0.071600 0.286100 0.062000 0.114300 0.100700 0.080400 0.075900 0.094000 0.219000 0.149600 0.044100 0.148100 0.138000 0.090700 0.071500 0.058200 0.094900 0.081700 0.114600 0.095300 0.095500
BarbaryShe 0.004200 0.234600 0.079700 0.266200 0.061100 0.004200 0.057300 0.080700 0.085200 0.132300 0.016700 0.089200 0.029900 0.052900 0.052800 0.081000 0.121000 0.117000 0.030500 0.076000 0.080300 0.000000 0.138300 0.152900 0.004100 0.071400 0.029800 0.066300 0.062200 0.070700 0.123300 0.052600 0.300000 0.052300 0.075600 0.080700 0.008500 0.056900 0.107600 0.257600 0.138500 0.085200 0.132300 0.132400 0.071100 0.057300 0.076300 0.075200 0.062100 0.084900 0.084800 0.066500
Daviddeer 0.133700 0.226800 0.128500 0.246200 0.138100 0.133700 0.138900 0.140600 0.135000 0.049100 0.153800 0.129400 0.127400 0.134100 0.140100 0.116200 0.160900 0.147100 0.140900 0.125200 0.149300 0.138300 0.000000 0.063100 0.142900 0.129900 0.127200 0.114500 0.125600 0.119100 0.040100 0.133300 0.242800 0.133600 0.150400 0.130300 0.148300 0.133900 0.168500 0.149700 0.008700 0.130800 0.049100 0.044500 0.119900 0.115300 0.146000 0.154600 0.140500 0.110200 0.134200 0.115000
Reindeer 0.148200 0.243100 0.137700 0.264200 0.147300 0.148200 0.144700 0.149900 0.144300 0.053500 0.168600 0.138600 0.136400 0.139800 0.154600 0.125200 0.171600 0.167600 0.155800 0.134400 0.158700 0.152900 0.063100 0.000000 0.157500 0.139100 0.136300 0.123500 0.134800 0.128200 0.053800 0.139000 0.267300 0.142800 0.144200 0.139600 0.163000 0.143100 0.178100 0.132900 0.063200 0.140000 0.053500 0.026300 0.129000 0.119400 0.155400 0.168900 0.149800 0.119200 0.143400 0.124100
Ibex 0.008500 0.239500 0.084100 0.271200 0.065500 0.008300 0.061800 0.085200 0.089700 0.136900 0.012700 0.093700 0.034100 0.057300 0.057200 0.085500 0.125500 0.121500 0.034900 0.080500 0.084800 0.004100 0.142900 0.157500 0.000000 0.075800 0.034100 0.070700 0.066600 0.075200 0.127800 0.057000 0.305200 0.056600 0.080100 0.085200 0.012700 0.061300 0.112100 0.262600 0.143100 0.089700 0.136900 0.137000 0.075600 0.061700 0.080800 0.079700 0.066600 0.089400 0.089300 0.071000
GyrantGaze 0.066900 0.216800 0.099600 0.259300 0.071300 0.066900 0.076900 0.053500 0.096200 0.128600 0.085600 0.095700 0.057100 0.072300 0.081600 0.039400 0.137500 0.133500 0.082000 0.096200 0.035000 0.071400 0.129900 0.139100 0.075800 0.000000 0.057000 0.086000 0.008700 0.090600 0.119800 0.071900 0.287700 0.062300 0.105200 0.101200 0.071400 0.067000 0.085000 0.220200 0.130100 0.008600 0.128600 0.118800 0.091200 0.062400 0.049200 0.085900 0.082000 0.105400 0.095700 0.086400
Hartebeest 0.034200 0.215600 0.074300 0.246300 0.047200 0.034200 0.052200 0.075200 0.079600 0.125900 0.043000 0.083400 0.008400 0.047800 0.056700 0.075500 0.119700 0.115700 0.052600 0.070500 0.065800 0.029800 0.127200 0.136300 0.034100 0.057000 0.000000 0.061000 0.057000 0.065400 0.117100 0.038700 0.295900 0.029200 0.070200 0.075200 0.038500 0.043000 0.101700 0.236800 0.127400 0.070200 0.125900 0.116400 0.065800 0.043300 0.070800 0.060800 0.066000 0.079400 0.079200 0.061300
Bongo 0.061800 0.181500 0.021500 0.207000 0.070600 0.061800 0.057700 0.095600 0.025500 0.113000 0.080300 0.043300 0.061100 0.053200 0.066900 0.096000 0.093300 0.089200 0.076800 0.017300 0.095100 0.066300 0.114500 0.123500 0.070700 0.086000 0.061000 0.000000 0.076600 0.012800 0.104300 0.052900 0.253000 0.075400 0.099800 0.035100 0.075400 0.066400 0.113200 0.218200 0.114600 0.100200 0.113000 0.103700 0.026100 0.071600 0.081500 0.075700 0.058000 0.053100 0.025900 0.008500
Gerenuk 0.057700 0.216800 0.090200 0.254500 0.071200 0.057700 0.067600 0.044400 0.086700 0.124400 0.076300 0.090600 0.057100 0.063000 0.072200 0.026400 0.127700 0.123700 0.072600 0.086700 0.035100 0.062200 0.125600 0.134800 0.066600 0.008700 0.057000 0.076600 0.000000 0.081200 0.115600 0.062700 0.281600 0.062300 0.095600 0.091600 0.062200 0.067000 0.075700 0.215400 0.125800 0.021500 0.124400 0.114500 0.081700 0.058300 0.040100 0.076500 0.072600 0.095900 0.086200 0.077000
CommonElan 0.066300 0.176000 0.008500 0.201300 0.075100 0.066300 0.062200 0.090700 0.030100 0.117700 0.084800 0.047800 0.065500 0.057700 0.071500 0.100700 0.088500 0.079800 0.081400 0.021600 0.099700 0.070700 0.119100 0.128200 0.075200 0.090600 0.065400 0.012800 0.081200 0.000000 0.109000 0.057400 0.246500 0.079900 0.104400 0.039500 0.070700 0.070900 0.117800 0.223500 0.119300 0.104900 0.107900 0.108400 0.030500 0.076100 0.086100 0.080200 0.062500 0.057600 0.030300 0.012700
MuntiacusR 0.118700 0.226800 0.118300 0.241600 0.122900 0.118700 0.128500 0.130500 0.124600 0.017500 0.138500 0.119000 0.117200 0.123700 0.124700 0.106300 0.156300 0.142400 0.125600 0.114800 0.139100 0.123300 0.040100 0.053800 0.127800 0.119800 0.117100 0.104300 0.115600 0.109000 0.000000 0.122900 0.238100 0.118500 0.139700 0.120000 0.133000 0.123600 0.158100 0.144300 0.040100 0.120700 0.017500 0.035400 0.109600 0.105100 0.135700 0.148800 0.130000 0.100000 0.123800 0.104800
HarveysDui 0.048200 0.213400 0.066300 0.251400 0.052300 0.048200 0.021600 0.076600 0.071700 0.128400 0.066400 0.075500 0.047700 0.008400 0.057700 0.081700 0.102800 0.098700 0.067300 0.062300 0.071600 0.052600 0.133300 0.139000 0.057000 0.071900 0.038700 0.052900 0.062700 0.057400 0.122900 0.000000 0.289300 0.061700 0.085500 0.067200 0.061700 0.048100 0.108200 0.241900 0.133500 0.085700 0.128400 0.118900 0.057700 0.057700 0.076800 0.061900 0.071900 0.071400 0.062100 0.053200
Pronghorn 0.294600 0.243500 0.251500 0.316700 0.311500 0.294600 0.272600 0.287300 0.248800 0.248600 0.320400 0.260100 0.296500 0.277900 0.292900 0.264400 0.245900 0.242600 0.287000 0.255100 0.286100 0.300000 0.242800 0.267300 0.305200 0.287700 0.295900 0.253000 0.281600 0.246500 0.238100 0.289300 0.000000 0.282200 0.291800 0.274700 0.287400 0.294100 0.293900 0.272200 0.244100 0.293800 0.248700 0.248400 0.260900 0.253400 0.287700 0.289700 0.255300 0.247200 0.253600 0.248400
BlueWildeb 0.047900 0.213200 0.089000 0.249500 0.052100 0.047900 0.066500 0.080800 0.085300 0.132300 0.066000 0.089100 0.029900 0.062000 0.052900 0.062500 0.125800 0.121900 0.066900 0.085300 0.062000 0.052300 0.133600 0.142800 0.056600 0.062300 0.029200 0.075400 0.062300 0.079900 0.118500 0.061700 0.282200 0.000000 0.075600 0.090200 0.052300 0.056900 0.107600 0.223300 0.133800 0.075800 0.132300 0.122600 0.080400 0.048300 0.076300 0.075300 0.053100 0.094300 0.084800 0.075800
Gemsbok 0.071200 0.260100 0.103900 0.304300 0.094000 0.071200 0.090600 0.115000 0.110200 0.148800 0.089900 0.123700 0.070300 0.086000 0.095400 0.105700 0.151400 0.157600 0.091200 0.110200 0.114300 0.075600 0.150400 0.144200 0.080100 0.105200 0.070200 0.099800 0.095600 0.104400 0.139700 0.085500 0.291800 0.075600 0.000000 0.095900 0.084900 0.089800 0.132600 0.255900 0.150700 0.119500 0.148800 0.138900 0.085900 0.076300 0.110400 0.109100 0.095700 0.100100 0.109500 0.090700
Yak 0.076300 0.199600 0.048400 0.225700 0.085200 0.076300 0.062800 0.111100 0.053400 0.128900 0.095200 0.053000 0.075300 0.067600 0.081600 0.111500 0.098700 0.094600 0.082100 0.044400 0.100700 0.080700 0.130300 0.139600 0.085200 0.101200 0.075200 0.035100 0.091600 0.039500 0.120000 0.067200 0.274700 0.090200 0.095900 0.000000 0.090100 0.080900 0.128700 0.214400 0.130500 0.115800 0.128900 0.119300 0.008700 0.086400 0.106500 0.095400 0.082000 0.062500 0.053200 0.035200
BlueSheep 0.012800 0.223600 0.079700 0.266300 0.070100 0.012800 0.066500 0.080800 0.085300 0.142100 0.025800 0.089200 0.038600 0.062000 0.061800 0.081100 0.120900 0.116900 0.039400 0.085300 0.080400 0.008500 0.148300 0.163000 0.012700 0.071400 0.038500 0.075400 0.062200 0.070700 0.133000 0.061700 0.287400 0.052300 0.084900 0.090100 0.000000 0.065900 0.107600 0.257700 0.148500 0.085200 0.142200 0.142300 0.080400 0.066400 0.076300 0.075300 0.062200 0.094300 0.084800 0.075800
BohorReedb 0.052500 0.224100 0.070700 0.260800 0.012800 0.052500 0.052800 0.085700 0.085400 0.132500 0.070700 0.089100 0.043100 0.048400 0.062000 0.086000 0.125700 0.121700 0.071700 0.076100 0.075900 0.056900 0.133900 0.143100 0.061300 0.067000 0.043000 0.066400 0.067000 0.070900 0.123600 0.048100 0.294100 0.056900 0.089800 0.080900 0.065900 0.000000 0.112600 0.246400 0.134100 0.080500 0.132600 0.122900 0.071300 0.053000 0.081200 0.075400 0.076200 0.075700 0.084900 0.066700
KirksDik 0.103100 0.235000 0.126700 0.277700 0.116800 0.103100 0.113300 0.104000 0.123700 0.167300 0.122300 0.118100 0.101800 0.108700 0.108600 0.094800 0.165100 0.161100 0.124000 0.123700 0.094000 0.107600 0.168500 0.178100 0.112100 0.085000 0.101700 0.113200 0.075700 0.117800 0.158100 0.108200 0.293900 0.107600 0.132600 0.128700 0.107600 0.112600 0.000000 0.251500 0.168700 0.099000 0.167300 0.157000 0.118400 0.094500 0.080300 0.112900 0.109200 0.123100 0.123000 0.113600
RoeDeer 0.252400 0.270900 0.234300 0.286200 0.250700 0.252400 0.237600 0.232700 0.231600 0.143500 0.276500 0.224500 0.237300 0.243700 0.249900 0.193800 0.248800 0.233600 0.257000 0.225500 0.219000 0.257600 0.149700 0.132900 0.262600 0.220200 0.236800 0.218200 0.215400 0.223500 0.144300 0.241900 0.272200 0.223300 0.255900 0.214400 0.257700 0.246400 0.251500 0.000000 0.150100 0.220700 0.143600 0.122000 0.213500 0.219900 0.239300 0.253600 0.232500 0.213500 0.230100 0.219500
WhiteLippe 0.133900 0.227600 0.128700 0.247100 0.138300 0.133900 0.139200 0.140900 0.135200 0.049200 0.154000 0.129600 0.127600 0.134300 0.140300 0.116400 0.161500 0.147700 0.141100 0.125300 0.149600 0.138500 0.008700 0.063200 0.143100 0.130100 0.127400 0.114600 0.125800 0.119300 0.040100 0.133500 0.244100 0.133800 0.150700 0.130500 0.148500 0.134100 0.168700 0.150100 0.000000 0.131000 0.049200 0.044600 0.120100 0.115500 0.146200 0.154800 0.140700 0.110300 0.134400 0.115200
ThomsonGaz 0.080600 0.222200 0.114000 0.260500 0.084900 0.080600 0.090800 0.067200 0.110600 0.129600 0.099700 0.095900 0.070300 0.086200 0.095700 0.039900 0.152300 0.148300 0.096100 0.110700 0.044100 0.085200 0.130800 0.140000 0.089700 0.008600 0.070200 0.100200 0.021500 0.104900 0.120700 0.085700 0.293800 0.075800 0.119500 0.115800 0.085200 0.080500 0.099000 0.220700 0.131000 0.000000 0.129600 0.119600 0.105400 0.072400 0.058100 0.099800 0.096200 0.119900 0.110000 0.100700
MuntiacusC 0.127700 0.237000 0.117200 0.229500 0.136700 0.127700 0.134200 0.129400 0.133500 0.008600 0.147700 0.127800 0.126000 0.129200 0.133800 0.115000 0.165200 0.146400 0.134800 0.123700 0.148100 0.132300 0.049100 0.053500 0.136900 0.128600 0.125900 0.113000 0.124400 0.107900 0.017500 0.128400 0.248700 0.132300 0.148800 0.128900 0.142200 0.132600 0.167300 0.143600 0.049200 0.129600 0.000000 0.035200 0.118300 0.114100 0.144700 0.157900 0.139000 0.108700 0.132700 0.113600
WhiteTaile 0.127800 0.225700 0.117700 0.240400 0.127000 0.127800 0.124400 0.129400 0.123900 0.035200 0.147800 0.118400 0.116500 0.119600 0.134000 0.105200 0.160800 0.146900 0.134900 0.114200 0.138000 0.132400 0.044500 0.026300 0.137000 0.118800 0.116400 0.103700 0.114500 0.108400 0.035400 0.118900 0.248400 0.122600 0.138900 0.119300 0.142300 0.122900 0.157000 0.122000 0.044600 0.119600 0.035200 0.000000 0.109000 0.104500 0.134600 0.148000 0.129200 0.099400 0.123200 0.104200
Cattle 0.066700 0.187900 0.039200 0.213700 0.075500 0.066700 0.053400 0.100900 0.044100 0.118300 0.085300 0.043500 0.065900 0.058100 0.071900 0.101300 0.089000 0.084900 0.072400 0.035200 0.090700 0.071100 0.119900 0.129000 0.075600 0.091200 0.065800 0.026100 0.081700 0.030500 0.109600 0.057700 0.260900 0.080400 0.085900 0.008700 0.080400 0.071300 0.118400 0.213500 0.120100 0.105400 0.118300 0.109000 0.000000 0.076600 0.096300 0.085500 0.072300 0.057900 0.043900 0.026200
RoyalAntel 0.052900 0.198800 0.085200 0.252200 0.057200 0.052900 0.053400 0.072200 0.090900 0.114000 0.071200 0.095300 0.043400 0.058100 0.067200 0.063100 0.131900 0.127900 0.067500 0.081500 0.071500 0.057300 0.115300 0.119400 0.061700 0.062400 0.043300 0.071600 0.058300 0.076100 0.105100 0.057700 0.253400 0.048300 0.076300 0.086400 0.066400 0.053000 0.094500 0.219900 0.115500 0.072400 0.114100 0.104500 0.076600 0.000000 0.072500 0.071400 0.058000 0.090600 0.090400 0.071900
Steenbok 0.071800 0.217000 0.095100 0.254600 0.085400 0.071800 0.081900 0.067900 0.091700 0.144700 0.090600 0.100500 0.070900 0.077300 0.086600 0.054000 0.143000 0.139000 0.092000 0.091600 0.058200 0.076300 0.146000 0.155400 0.080800 0.049200 0.070800 0.081500 0.040100 0.086100 0.135700 0.076800 0.287700 0.076300 0.110400 0.106500 0.076300 0.081200 0.080300 0.239300 0.146200 0.058100 0.144700 0.134600 0.096300 0.072500 0.000000 0.086000 0.077500 0.110600 0.091100 0.081900
Impala 0.070800 0.219400 0.089200 0.255600 0.079600 0.070800 0.066800 0.095400 0.085600 0.157900 0.089400 0.094200 0.070000 0.071500 0.066700 0.095800 0.136200 0.132200 0.090700 0.085600 0.094900 0.075200 0.154600 0.168900 0.079700 0.085900 0.060800 0.075700 0.076500 0.080200 0.148800 0.061900 0.289700 0.075300 0.109100 0.095400 0.075300 0.075400 0.112900 0.253600 0.154800 0.099800 0.157900 0.148000 0.085500 0.071400 0.086000 0.000000 0.081000 0.099500 0.085100 0.076000
Klipspring 0.057700 0.194600 0.071500 0.231100 0.080500 0.057700 0.076900 0.086800 0.067700 0.139000 0.081000 0.081100 0.066100 0.072300 0.072200 0.068100 0.127700 0.123700 0.072500 0.067700 0.081700 0.062100 0.140500 0.149800 0.066600 0.082000 0.066000 0.058000 0.072600 0.062500 0.130000 0.071900 0.255300 0.053100 0.095700 0.082000 0.062200 0.076200 0.109200 0.232500 0.140700 0.096200 0.139000 0.129200 0.072300 0.058000 0.077500 0.081000 0.000000 0.095700 0.067300 0.058200
ForestMusk 0.080500 0.187900 0.057400 0.208300 0.079900 0.080500 0.071800 0.110400 0.062600 0.108700 0.099300 0.075800 0.079500 0.071800 0.085800 0.115700 0.102900 0.089500 0.096000 0.062700 0.114600 0.084900 0.110200 0.119200 0.089400 0.105400 0.079400 0.053100 0.095900 0.057600 0.100000 0.071400 0.247200 0.094300 0.100100 0.062500 0.094300 0.075700 0.123100 0.213500 0.110300 0.119900 0.108700 0.099400 0.057900 0.090600 0.110600 0.099500 0.095700 0.000000 0.062300 0.044300
Bushbuck 0.080300 0.192500 0.030200 0.218200 0.089200 0.080300 0.076200 0.105400 0.026100 0.132600 0.099200 0.052300 0.079300 0.062500 0.085700 0.105800 0.102800 0.098700 0.095800 0.035000 0.095300 0.084800 0.134200 0.143400 0.089300 0.095700 0.079200 0.025900 0.086200 0.030300 0.123800 0.062100 0.253600 0.084800 0.109500 0.053200 0.084800 0.084900 0.123000 0.230100 0.134400 0.110000 0.132700 0.123200 0.043900 0.090400 0.091100 0.085100 0.067300 0.062300 0.000000 0.017300
GreaterKud 0.062100 0.182500 0.012900 0.208000 0.070900 0.062100 0.057900 0.096000 0.017300 0.113600 0.080600 0.043500 0.061300 0.053500 0.067200 0.096400 0.093700 0.089600 0.077100 0.017300 0.095500 0.066500 0.115000 0.124100 0.071000 0.086400 0.061300 0.008500 0.077000 0.012700 0.104800 0.053200 0.248400 0.075800 0.090700 0.035200 0.075800 0.066700 0.113600 0.219500 0.115200 0.100700 0.113600 0.104200 0.026200 0.071900 0.081900 0.076000 0.058200 0.044300 0.017300 0.000000
