1
52 1
Argali 0.000000 0.347100 0.176600 0.363800 0.138900 0.000000 0.147600 0.134600 0.186500 0.254000 0.048900 0.123300 0.113100 0.182300 0.192100 0.197500 0.220700 0.150700 0.103500 0.196800 0.083000 0.048500 0.215600 0.235800 0.046700 0.154400 0.095200 0.130700 0.180700 0.179100 0.234400 0.227600 0.378300 0.064100 0.083400 0.173500 0.048700 0.160300 0.222000 0.234100 0.213700 0.191300 0.251800 0.226400 0.174300 0.159500 0.154100 0.135700 0.165700 0.202900 0.186000 0.168300
LesserMous 0.347100 0.000000 0.376400 0.403800 0.379600 0.347100 0.348400 0.419100 0.332300 0.267600 0.343900 0.384600 0.328100 0.313300 0.365900 0.460800 0.320800 0.284100 0.384200 0.403600 0.399000 0.343900 0.274800 0.366000 0.330000 0.420100 0.347100 0.354400 0.415700 0.384500 0.246900 0.371000 0.348200 0.312900 0.347800 0.368300 0.319100 0.412700 0.445900 0.296000 0.270800 0.469500 0.265100 0.286700 0.370600 0.466500 0.420700 0.313000 0.452800 0.388100 0.407500 0.406900
LesserKudu 0.176600 0.376400 0.000000 0.364500 0.072400 0.176600 0.117700 0.145700 0.085400 0.226700 0.127100 0.093000 0.159200 0.198300 0.166000 0.172100 0.237000 0.202200 0.111300 0.053100 0.128300 0.127100 0.142100 0.232300 0.122100 0.108200 0.176900 0.067300 0.137600 0.035700 0.206300 0.201800 0.305500 0.144000 0.129100 0.070200 0.167800 0.092200 0.240700 0.206400 0.184500 0.187300 0.224600 0.198700 0.070500 0.172600 0.167200 0.146700 0.179700 0.114400 0.085400 0.067600
KillerWhal 0.363800 0.403800 0.364500 0.000000 0.344700 0.363800 0.314400 0.436200 0.477400 0.447600 0.360800 0.403400 0.391800 0.351800 0.332000 0.421500 0.383700 0.395600 0.347500 0.446400 0.416400 0.360800 0.400500 0.415900 0.394400 0.360400 0.362900 0.392900 0.407000 0.428200 0.424700 0.358700 0.550900 0.329000 0.365700 0.437200 0.335400 0.374000 0.522600 0.423100 0.394600 0.466200 0.443500 0.355400 0.440200 0.427300 0.466200 0.438000 0.418300 0.354800 0.424000 0.394000
DefassaWat 0.138900 0.379600 0.072400 0.344700 0.000000 0.138900 0.077500 0.107400 0.162000 0.230700 0.089200 0.094300 0.160300 0.156200 0.127600 0.136100 0.238800 0.203800 0.073400 0.131100 0.090100 0.089200 0.144400 0.212500 0.122300 0.089400 0.102900 0.141600 0.119400 0.112700 0.209900 0.158900 0.307100 0.106200 0.090600 0.108800 0.128100 0.017900 0.197700 0.209900 0.187600 0.166900 0.228500 0.202100 0.109400 0.092800 0.127700 0.071100 0.137900 0.094500 0.161700 0.143000
Sheep 0.000000 0.347100 0.176600 0.363800 0.138900 0.000000 0.147600 0.134600 0.186500 0.254000 0.048500 0.123300 0.113100 0.182300 0.192100 0.197500 0.220700 0.150700 0.103500 0.196800 0.083000 0.048500 0.215600 0.235800 0.046700 0.154400 0.095200 0.130700 0.180700 0.179100 0.234400 0.227600 0.378300 0.064100 0.083400 0.173500 0.048700 0.160300 0.222000 0.234100 0.213700 0.191300 0.251800 0.226400 0.174300 0.159500 0.154100 0.135700 0.165700 0.202900 0.186000 0.168300
MaxwellsDu 0.147600 0.348400 0.117700 0.314400 0.077500 0.147600 0.000000 0.114300 0.172500 0.195300 0.095000 0.100000 0.169500 0.079100 0.135100 0.225400 0.208000 0.171900 0.119500 0.138900 0.096000 0.095000 0.153900 0.247000 0.130000 0.135500 0.147800 0.150600 0.165200 0.120200 0.173900 0.080500 0.272700 0.112900 0.096500 0.115100 0.115000 0.098900 0.210200 0.173600 0.151200 0.176600 0.193400 0.167100 0.115700 0.098300 0.135900 0.114900 0.080500 0.100000 0.172100 0.151200
GazellaPrz 0.134600 0.419100 0.145700 0.436200 0.107400 0.134600 0.114300 0.000000 0.156900 0.268900 0.086300 0.129800 0.118500 0.192300 0.161800 0.168300 0.273200 0.238900 0.108700 0.166000 0.051800 0.086300 0.182400 0.293100 0.118600 0.086500 0.099700 0.137100 0.115500 0.147800 0.248200 0.195700 0.347400 0.067300 0.087500 0.105100 0.123900 0.128500 0.149100 0.247700 0.225800 0.122600 0.266400 0.239200 0.105600 0.127900 0.086000 0.142800 0.174600 0.171300 0.156500 0.138400
MountainNy 0.186500 0.332300 0.085400 0.477400 0.162000 0.186500 0.172500 0.156900 0.000000 0.235300 0.138900 0.145000 0.170600 0.252800 0.217500 0.221400 0.288200 0.254100 0.164200 0.103700 0.140200 0.138900 0.154000 0.240500 0.133800 0.159400 0.187800 0.047600 0.149500 0.086600 0.215700 0.257200 0.364500 0.155100 0.140700 0.120200 0.178400 0.184800 0.249700 0.215400 0.194800 0.197500 0.233200 0.208300 0.120800 0.183900 0.177300 0.197700 0.234500 0.210100 0.065600 0.048100
MuntiacusM 0.254000 0.267600 0.226700 0.447600 0.230700 0.254000 0.195300 0.268900 0.235300 0.000000 0.247000 0.210200 0.279400 0.286200 0.294100 0.390100 0.229300 0.192900 0.281700 0.250500 0.249600 0.247000 0.127600 0.175100 0.282300 0.270300 0.254100 0.212500 0.319100 0.231700 0.019500 0.291700 0.271600 0.218900 0.250700 0.221600 0.223100 0.257500 0.392000 0.103400 0.126400 0.267300 0.038600 0.099000 0.222900 0.306000 0.274400 0.269900 0.268800 0.260100 0.258800 0.258300
goat 0.048900 0.343900 0.127100 0.360800 0.089200 0.048500 0.095000 0.086300 0.138900 0.247000 0.000000 0.110900 0.101200 0.131200 0.143200 0.188500 0.253500 0.219400 0.053200 0.147000 0.034800 0.000000 0.161500 0.272000 0.032600 0.105600 0.082800 0.119600 0.134300 0.128900 0.226400 0.175400 0.323300 0.050300 0.034800 0.124600 0.034300 0.109800 0.171000 0.226200 0.204300 0.142700 0.244700 0.218200 0.125200 0.109200 0.105800 0.124500 0.154600 0.151700 0.138600 0.120700
AfricanBuf 0.123300 0.384600 0.093000 0.403400 0.094300 0.123300 0.100000 0.129800 0.145000 0.210200 0.110900 0.000000 0.183200 0.181500 0.129500 0.157600 0.222300 0.186900 0.135500 0.112800 0.112000 0.110900 0.102000 0.193400 0.144600 0.150600 0.161800 0.124900 0.178500 0.094800 0.189400 0.184900 0.287700 0.128300 0.112700 0.091000 0.151800 0.115400 0.179200 0.189300 0.100900 0.190600 0.208200 0.182300 0.091500 0.156000 0.151100 0.130500 0.119500 0.159700 0.144900 0.125400
Topi 0.113100 0.328100 0.159200 0.391800 0.160300 0.113100 0.169500 0.118500 0.170600 0.279400 0.101200 0.183200 0.000000 0.204900 0.212600 0.218200 0.242400 0.209500 0.123200 0.179000 0.138800 0.101200 0.240300 0.302700 0.097600 0.175100 0.079400 0.115100 0.164400 0.162200 0.259400 0.251900 0.355900 0.048400 0.102600 0.119300 0.101700 0.181800 0.245600 0.259200 0.284300 0.213000 0.277000 0.250400 0.157000 0.181000 0.175700 0.194700 0.230300 0.226100 0.170200 0.151600
CommonDuik 0.182300 0.313300 0.198300 0.351800 0.156200 0.182300 0.079100 0.192300 0.252800 0.286200 0.131200 0.181500 0.204900 0.000000 0.171200 0.304600 0.242900 0.250900 0.157200 0.220900 0.174100 0.131200 0.244900 0.334900 0.165100 0.215000 0.182600 0.228800 0.241300 0.202600 0.264300 0.073900 0.368300 0.148700 0.133300 0.151600 0.151400 0.180200 0.249400 0.263800 0.240600 0.257600 0.283400 0.254000 0.152400 0.178200 0.215500 0.151300 0.162300 0.181300 0.252100 0.229700
Suni 0.192100 0.365900 0.166000 0.332000 0.127600 0.192100 0.135100 0.161800 0.217500 0.294100 0.143200 0.129500 0.212600 0.171200 0.000000 0.205700 0.252300 0.260000 0.168700 0.186800 0.144700 0.143200 0.158900 0.317500 0.175600 0.182500 0.192300 0.195800 0.170300 0.169400 0.273000 0.218200 0.293700 0.159900 0.145300 0.124000 0.184100 0.148700 0.233300 0.272300 0.201100 0.222000 0.291400 0.263100 0.124600 0.189000 0.183000 0.162700 0.196600 0.192800 0.197400 0.157400
Springbuck 0.197500 0.460800 0.172100 0.421500 0.136100 0.197500 0.225400 0.168300 0.221400 0.390100 0.188500 0.157600 0.218200 0.304600 0.205700 0.000000 0.254600 0.222100 0.174700 0.232000 0.152200 0.188500 0.275000 0.315800 0.181800 0.149300 0.197700 0.200800 0.075500 0.215500 0.369100 0.309800 0.367100 0.204400 0.190900 0.207700 0.229200 0.156100 0.215800 0.368100 0.272800 0.225100 0.386700 0.356200 0.208700 0.194600 0.188300 0.207800 0.243700 0.238100 0.202300 0.164600
Okapi 0.220700 0.320800 0.237000 0.383700 0.238800 0.220700 0.208000 0.273200 0.288200 0.229300 0.253500 0.222300 0.242400 0.242900 0.252300 0.254600 0.000000 0.063300 0.284600 0.258700 0.255900 0.253500 0.236500 0.193400 0.244100 0.274000 0.260000 0.224400 0.237000 0.241700 0.210100 0.292500 0.278400 0.228500 0.256600 0.193000 0.232500 0.263000 0.381500 0.209800 0.190100 0.315000 0.227300 0.162900 0.194000 0.305900 0.296300 0.274200 0.247900 0.265000 0.266200 0.266500
Giraffe 0.150700 0.284100 0.202200 0.395600 0.203800 0.150700 0.171900 0.238900 0.254100 0.192900 0.219400 0.186900 0.209500 0.250900 0.260000 0.222100 0.063300 0.000000 0.249200 0.223500 0.221500 0.219400 0.199100 0.198700 0.171900 0.239900 0.227200 0.191600 0.204700 0.206300 0.173600 0.255300 0.240500 0.195200 0.222400 0.198800 0.198600 0.227200 0.344400 0.173500 0.153700 0.280800 0.191100 0.167800 0.199900 0.270600 0.261900 0.197900 0.211700 0.229100 0.232800 0.233000
TibetanAnt 0.103500 0.384200 0.111300 0.347500 0.073400 0.103500 0.119500 0.108700 0.164200 0.281700 0.053200 0.135500 0.123200 0.157200 0.168700 0.174700 0.284600 0.249200 0.000000 0.173200 0.091200 0.053200 0.191100 0.306200 0.086800 0.089900 0.103600 0.143500 0.157700 0.155300 0.260100 0.204600 0.364900 0.070300 0.054000 0.148900 0.090800 0.054700 0.199200 0.259700 0.236600 0.168100 0.279100 0.250200 0.149700 0.132900 0.129200 0.148700 0.182500 0.135700 0.163900 0.144000
Sitatunga 0.196800 0.403600 0.053100 0.446400 0.131100 0.196800 0.138900 0.166000 0.103700 0.250500 0.147000 0.112800 0.179000 0.220900 0.186800 0.232000 0.258700 0.223500 0.173200 0.000000 0.148500 0.147000 0.164300 0.254800 0.141200 0.168100 0.197000 0.085100 0.156600 0.054200 0.229800 0.224800 0.280400 0.164000 0.149200 0.088700 0.188800 0.152800 0.263800 0.229600 0.207600 0.208100 0.248200 0.221300 0.089200 0.194100 0.187900 0.166900 0.202000 0.178000 0.103600 0.085500
Oribi 0.083000 0.399000 0.128300 0.416400 0.090100 0.083000 0.096000 0.051800 0.140200 0.249600 0.034800 0.112000 0.138800 0.174100 0.144700 0.152200 0.255900 0.221500 0.091200 0.148500 0.000000 0.034100 0.163300 0.274800 0.066900 0.069600 0.119200 0.121000 0.099600 0.130200 0.228900 0.177200 0.326900 0.086100 0.070500 0.125800 0.069900 0.110900 0.131300 0.228600 0.206600 0.105700 0.247300 0.220500 0.126400 0.110300 0.069500 0.125600 0.156200 0.153300 0.139900 0.121800
BarbaryShe 0.048500 0.343900 0.127100 0.360800 0.089200 0.048500 0.095000 0.086300 0.138900 0.247000 0.000000 0.110900 0.101200 0.131200 0.143200 0.188500 0.253500 0.219400 0.053200 0.147000 0.034100 0.000000 0.161500 0.272000 0.033200 0.105600 0.082800 0.119600 0.134300 0.129700 0.226400 0.175400 0.323300 0.050300 0.034300 0.124600 0.034000 0.109800 0.171000 0.226200 0.204300 0.142700 0.244700 0.218200 0.125200 0.109200 0.105400 0.124500 0.154600 0.151700 0.138600 0.120700
Daviddeer 0.215600 0.274800 0.142100 0.400500 0.144400 0.215600 0.153900 0.182400 0.154000 0.127600 0.161500 0.102000 0.240300 0.244900 0.158900 0.275000 0.236500 0.199100 0.191100 0.164300 0.163300 0.161500 0.000000 0.159500 0.197400 0.183600 0.215800 0.174900 0.233800 0.145200 0.106600 0.249600 0.280900 0.180000 0.164200 0.138800 0.207700 0.168500 0.264900 0.107300 0.041400 0.228000 0.126400 0.102500 0.139600 0.214100 0.206700 0.183400 0.223800 0.219400 0.176000 0.175600
Reindeer 0.235800 0.366000 0.232300 0.415900 0.212500 0.235800 0.247000 0.293100 0.240500 0.175100 0.272000 0.193400 0.302700 0.334900 0.317500 0.315800 0.193400 0.198700 0.306200 0.254800 0.274800 0.272000 0.159500 0.000000 0.305400 0.248600 0.235900 0.218800 0.252800 0.237000 0.155800 0.341200 0.404400 0.244700 0.275600 0.247300 0.226200 0.236900 0.412000 0.156700 0.136800 0.291600 0.173600 0.072200 0.248600 0.281200 0.318200 0.249300 0.242000 0.260700 0.262800 0.262300
Ibex 0.046700 0.330000 0.122100 0.394400 0.122300 0.046700 0.130000 0.118600 0.133800 0.282300 0.032600 0.144600 0.097600 0.165100 0.175600 0.181800 0.244100 0.171900 0.086800 0.141200 0.066900 0.033200 0.197400 0.305400 0.000000 0.138000 0.113800 0.115200 0.129600 0.123700 0.262000 0.209800 0.308600 0.082200 0.067100 0.119900 0.066600 0.143300 0.204700 0.261600 0.240000 0.174900 0.279700 0.252800 0.120400 0.142700 0.137700 0.119500 0.189100 0.185600 0.133500 0.116300
GyrantGaze 0.154400 0.420100 0.108200 0.360400 0.089400 0.154400 0.135500 0.086500 0.159400 0.270300 0.105600 0.150600 0.175100 0.215000 0.182500 0.149300 0.274000 0.239900 0.089900 0.168100 0.069600 0.105600 0.183600 0.248600 0.138000 0.000000 0.154600 0.139400 0.097800 0.150700 0.249600 0.218700 0.348700 0.122300 0.107200 0.163200 0.144500 0.109300 0.170400 0.249400 0.227100 0.068300 0.267800 0.240400 0.164100 0.148500 0.105700 0.163000 0.197100 0.110700 0.121100 0.140000
Hartebeest 0.095200 0.347100 0.176900 0.362900 0.102900 0.095200 0.147800 0.099700 0.187800 0.254100 0.082800 0.161800 0.079400 0.182600 0.192300 0.197700 0.260000 0.227200 0.103600 0.197000 0.119200 0.082800 0.215800 0.235900 0.113800 0.154600 0.000000 0.131500 0.145400 0.180400 0.234500 0.227900 0.378900 0.031700 0.083900 0.136200 0.083200 0.122400 0.222400 0.234200 0.258400 0.191600 0.251900 0.226500 0.174500 0.121700 0.155100 0.136300 0.207200 0.203200 0.187200 0.168500
Bongo 0.130700 0.354400 0.067300 0.392900 0.141600 0.130700 0.150600 0.137100 0.047600 0.212500 0.119600 0.124900 0.115100 0.228800 0.195800 0.200800 0.224400 0.191600 0.143500 0.085100 0.121000 0.119600 0.174900 0.218800 0.115200 0.139400 0.131500 0.000000 0.130700 0.068300 0.193300 0.232800 0.335300 0.099700 0.121200 0.101500 0.120100 0.163400 0.226300 0.193300 0.216200 0.176600 0.210700 0.186700 0.101900 0.162700 0.157000 0.176700 0.210900 0.187600 0.047500 0.031600
Gerenuk 0.180700 0.415700 0.137600 0.407000 0.119400 0.180700 0.165200 0.115500 0.149500 0.319100 0.134300 0.178500 0.164400 0.241300 0.170300 0.075500 0.237000 0.204700 0.157700 0.156600 0.099600 0.134300 0.233800 0.252800 0.129600 0.097800 0.145400 0.130700 0.000000 0.140200 0.298900 0.245500 0.346600 0.150100 0.136000 0.152600 0.172500 0.139100 0.197900 0.298100 0.276800 0.132700 0.316300 0.288800 0.153300 0.138500 0.134200 0.152500 0.224600 0.179300 0.131600 0.096600
CommonElan 0.179100 0.384500 0.035700 0.428200 0.112700 0.179100 0.120200 0.147800 0.086600 0.231700 0.128900 0.094800 0.162200 0.202600 0.169400 0.215500 0.241700 0.206300 0.155300 0.054200 0.130200 0.129700 0.145200 0.237000 0.123700 0.150700 0.180400 0.068300 0.140200 0.000000 0.210800 0.206200 0.312300 0.146100 0.130900 0.071600 0.170200 0.134900 0.221000 0.210800 0.188600 0.190800 0.229500 0.203000 0.071900 0.176200 0.169400 0.149500 0.160200 0.117000 0.086500 0.068900
MuntiacusR 0.234400 0.246900 0.206300 0.424700 0.209900 0.234400 0.173900 0.248200 0.215700 0.019500 0.226400 0.189400 0.259400 0.264300 0.273000 0.369100 0.210100 0.173600 0.260100 0.229800 0.228900 0.226400 0.106600 0.155800 0.262000 0.249600 0.234500 0.193300 0.298900 0.210800 0.000000 0.269400 0.249000 0.199100 0.230000 0.201600 0.202900 0.236200 0.368900 0.082900 0.105500 0.296100 0.020000 0.079300 0.202700 0.284200 0.274100 0.249200 0.268500 0.238700 0.239000 0.238400
HarveysDui 0.227600 0.371000 0.201800 0.358700 0.158900 0.227600 0.080500 0.195700 0.257200 0.291700 0.175400 0.184900 0.251900 0.073900 0.218200 0.309800 0.292500 0.255300 0.204600 0.224800 0.177200 0.175400 0.249600 0.341200 0.209800 0.218700 0.227900 0.232800 0.245500 0.206200 0.269400 0.000000 0.374900 0.193200 0.178000 0.197400 0.196900 0.183300 0.253300 0.268700 0.245300 0.262000 0.288800 0.258800 0.198500 0.181300 0.219200 0.153900 0.165100 0.184400 0.256400 0.233700
Pronghorn 0.378300 0.348200 0.305500 0.550900 0.307100 0.378300 0.272700 0.347400 0.364500 0.271600 0.323300 0.287700 0.355900 0.368300 0.293700 0.367100 0.278400 0.240500 0.364900 0.280400 0.326900 0.323300 0.280900 0.404400 0.308600 0.348700 0.378900 0.335300 0.346600 0.312300 0.249000 0.374900 0.000000 0.342400 0.328100 0.298300 0.349400 0.337800 0.423600 0.330000 0.276000 0.398100 0.268800 0.317900 0.300300 0.391100 0.375800 0.348200 0.376600 0.341000 0.337400 0.336900
BlueWildeb 0.064100 0.312900 0.144000 0.329000 0.106200 0.064100 0.112900 0.067300 0.155100 0.218900 0.050300 0.128300 0.048400 0.148700 0.159900 0.204400 0.228500 0.195200 0.070300 0.164000 0.086100 0.050300 0.180000 0.244700 0.082200 0.122300 0.031700 0.099700 0.150100 0.146100 0.199100 0.193200 0.342400 0.000000 0.051000 0.104000 0.050500 0.127000 0.188400 0.198900 0.222800 0.159300 0.216900 0.192100 0.142000 0.126400 0.122000 0.141100 0.172400 0.169200 0.154800 0.136900
Gemsbok 0.083400 0.347800 0.129100 0.365700 0.090600 0.083400 0.096500 0.087500 0.140700 0.250700 0.034800 0.112700 0.102600 0.133300 0.145300 0.190900 0.256600 0.222400 0.054000 0.149200 0.070500 0.034300 0.164200 0.275600 0.067100 0.107200 0.083900 0.121200 0.136000 0.130900 0.230000 0.178000 0.328100 0.051000 0.000000 0.126400 0.070200 0.111500 0.173600 0.229900 0.207600 0.144600 0.248400 0.221400 0.127100 0.110900 0.107000 0.126300 0.156900 0.154100 0.140500 0.122400
Yak 0.173500 0.368300 0.070200 0.437200 0.108800 0.173500 0.115100 0.105100 0.120200 0.221600 0.124600 0.091000 0.119300 0.151600 0.124000 0.207700 0.193000 0.198800 0.148900 0.088700 0.125800 0.124600 0.138800 0.247300 0.119900 0.163200 0.136200 0.101500 0.152600 0.071600 0.201600 0.197400 0.298300 0.104000 0.126400 0.000000 0.164400 0.129400 0.235300 0.201600 0.180400 0.202000 0.219600 0.194400 0.034100 0.168800 0.163700 0.143600 0.175600 0.172400 0.120000 0.101900
BlueSheep 0.048700 0.319100 0.167800 0.335400 0.128100 0.048700 0.115000 0.123900 0.178400 0.223100 0.034300 0.151800 0.101700 0.151400 0.184100 0.229200 0.232500 0.198600 0.090800 0.188800 0.069900 0.034000 0.207700 0.226200 0.066600 0.144500 0.083200 0.120100 0.172500 0.170200 0.202900 0.196900 0.349400 0.050500 0.070200 0.164400 0.000000 0.150400 0.214900 0.202700 0.227100 0.183200 0.221100 0.195600 0.165300 0.149500 0.144200 0.164300 0.153700 0.172400 0.177900 0.159300
BohorReedb 0.160300 0.412700 0.092200 0.374000 0.017900 0.160300 0.098900 0.128500 0.184800 0.257500 0.109800 0.115400 0.181800 0.180200 0.148700 0.156100 0.263000 0.227200 0.054700 0.152800 0.110900 0.109800 0.168500 0.236900 0.143300 0.109300 0.122400 0.163400 0.139100 0.134900 0.236200 0.183300 0.337800 0.127000 0.111500 0.129400 0.150400 0.000000 0.223100 0.235900 0.213100 0.189200 0.255100 0.227200 0.130000 0.113500 0.149600 0.090800 0.160900 0.115600 0.184400 0.164100
KirksDik 0.222000 0.445900 0.240700 0.522600 0.197700 0.222000 0.210200 0.149100 0.249700 0.392000 0.171000 0.179200 0.245600 0.249400 0.233300 0.215800 0.381500 0.344400 0.199200 0.263800 0.131300 0.171000 0.264900 0.412000 0.204700 0.170400 0.222400 0.226300 0.197900 0.221000 0.368900 0.253300 0.423600 0.188400 0.173600 0.235300 0.214900 0.223100 0.000000 0.367900 0.313500 0.211000 0.388300 0.354100 0.236700 0.220900 0.170900 0.188800 0.226800 0.247600 0.249300 0.227300
RoeDeer 0.234100 0.296000 0.206400 0.423100 0.209900 0.234100 0.173600 0.247700 0.215400 0.103400 0.226200 0.189300 0.259200 0.263800 0.272300 0.368100 0.209800 0.173500 0.259700 0.229600 0.228600 0.226200 0.107300 0.156700 0.261600 0.249400 0.234200 0.193300 0.298100 0.210800 0.082900 0.268700 0.330000 0.198900 0.229900 0.201600 0.202700 0.235900 0.367900 0.000000 0.105500 0.295700 0.102400 0.079800 0.202700 0.283000 0.273900 0.249000 0.267900 0.238500 0.238800 0.238200
WhiteLippe 0.213700 0.270800 0.184500 0.394600 0.187600 0.213700 0.151200 0.225800 0.194800 0.126400 0.204300 0.100900 0.284300 0.240600 0.201100 0.272800 0.190100 0.153700 0.236600 0.207600 0.206600 0.204300 0.041400 0.136800 0.240000 0.227100 0.258400 0.216200 0.276800 0.188600 0.105500 0.245300 0.276000 0.222800 0.207600 0.180400 0.227100 0.213100 0.313500 0.105500 0.000000 0.272900 0.125200 0.101500 0.181400 0.260300 0.251100 0.226900 0.195400 0.215500 0.217600 0.217200
ThomsonGaz 0.191300 0.469500 0.187300 0.466200 0.166900 0.191300 0.176600 0.122600 0.197500 0.267300 0.142700 0.190600 0.213000 0.257600 0.222000 0.225100 0.315000 0.280800 0.168100 0.208100 0.105700 0.142700 0.228000 0.291600 0.174900 0.068300 0.191600 0.176600 0.132700 0.190800 0.296100 0.262000 0.398100 0.159300 0.144600 0.202000 0.183200 0.189200 0.211000 0.295700 0.272900 0.000000 0.314200 0.285200 0.203100 0.188100 0.124900 0.201900 0.220000 0.191700 0.157700 0.177300
MuntiacusC 0.251800 0.265100 0.224600 0.443500 0.228500 0.251800 0.193400 0.266400 0.233200 0.038600 0.244700 0.208200 0.277000 0.283400 0.291400 0.386700 0.227300 0.191100 0.279100 0.248200 0.247300 0.244700 0.126400 0.173600 0.279700 0.267800 0.251900 0.210700 0.316300 0.229500 0.020000 0.288800 0.268800 0.216900 0.248400 0.219600 0.221100 0.255100 0.388300 0.102400 0.125200 0.314200 0.000000 0.098100 0.220900 0.303200 0.292400 0.267500 0.287900 0.257600 0.256500 0.256000
WhiteTaile 0.226400 0.286700 0.198700 0.355400 0.202100 0.226400 0.167100 0.239200 0.208300 0.099000 0.218200 0.182300 0.250400 0.254000 0.263100 0.356200 0.162900 0.167800 0.250200 0.221300 0.220500 0.218200 0.102500 0.072200 0.252800 0.240400 0.226500 0.186700 0.288800 0.203000 0.079300 0.258800 0.317900 0.192100 0.221400 0.194400 0.195600 0.227200 0.354100 0.079800 0.101500 0.285200 0.098100 0.000000 0.195500 0.273200 0.264000 0.240100 0.258000 0.229500 0.230600 0.230200
Cattle 0.174300 0.370600 0.070500 0.440200 0.109400 0.174300 0.115700 0.105600 0.120800 0.222900 0.125200 0.091500 0.157000 0.152400 0.124600 0.208700 0.194000 0.199900 0.149700 0.089200 0.126400 0.125200 0.139600 0.248600 0.120400 0.164100 0.174500 0.101900 0.153300 0.071900 0.202700 0.198500 0.300300 0.142000 0.127100 0.034100 0.165300 0.130000 0.236700 0.202700 0.181400 0.203100 0.220900 0.195500 0.000000 0.169700 0.164600 0.144400 0.176600 0.173400 0.120600 0.102300
RoyalAntel 0.159500 0.466500 0.172600 0.427300 0.092800 0.159500 0.098300 0.127900 0.183900 0.306000 0.109200 0.156000 0.181000 0.178200 0.189000 0.194600 0.305900 0.270600 0.132900 0.194100 0.110300 0.109200 0.214100 0.281200 0.142700 0.148500 0.121700 0.162700 0.138500 0.176200 0.284200 0.181300 0.391100 0.126400 0.110900 0.168800 0.149500 0.113500 0.220900 0.283000 0.260300 0.188100 0.303200 0.273200 0.169700 0.000000 0.148900 0.128500 0.160000 0.200700 0.183600 0.163400
Steenbok 0.154100 0.420700 0.167200 0.466200 0.127700 0.154100 0.135900 0.086000 0.177300 0.274400 0.105800 0.151100 0.175700 0.215500 0.183000 0.188300 0.296300 0.261900 0.129200 0.187900 0.069500 0.105400 0.206700 0.318200 0.137700 0.105700 0.155100 0.157000 0.134200 0.169400 0.274100 0.219200 0.375800 0.122000 0.107000 0.163700 0.144200 0.149600 0.170900 0.273900 0.251100 0.124900 0.292400 0.264000 0.164600 0.148900 0.000000 0.144100 0.154200 0.151200 0.177100 0.158500
Impala 0.135700 0.313000 0.146700 0.438000 0.071100 0.135700 0.114900 0.142800 0.197700 0.269900 0.124500 0.130500 0.194700 0.151300 0.162700 0.207800 0.274200 0.197900 0.148700 0.166900 0.125600 0.124500 0.183400 0.249300 0.119500 0.163000 0.136300 0.176700 0.152500 0.149500 0.249200 0.153900 0.348200 0.141100 0.126300 0.143600 0.164300 0.090800 0.188800 0.249000 0.226900 0.201900 0.267500 0.240100 0.144400 0.128500 0.144100 0.000000 0.175400 0.151700 0.197300 0.177400
Klipspring 0.165700 0.452800 0.179700 0.418300 0.137900 0.165700 0.080500 0.174600 0.234500 0.268800 0.154600 0.119500 0.230300 0.162300 0.196600 0.243700 0.247900 0.211700 0.182500 0.202000 0.156200 0.154600 0.223800 0.242000 0.189100 0.197100 0.207200 0.210900 0.224600 0.160200 0.268500 0.165100 0.376600 0.172400 0.156900 0.175600 0.153700 0.160900 0.226800 0.267900 0.195400 0.220000 0.287900 0.258000 0.176600 0.160000 0.154200 0.175400 0.000000 0.161300 0.233900 0.211700
ForestMusk 0.202900 0.388100 0.114400 0.354800 0.094500 0.202900 0.100000 0.171300 0.210100 0.260100 0.151700 0.159700 0.226100 0.181300 0.192800 0.238100 0.265000 0.229100 0.135700 0.178000 0.153300 0.151700 0.219400 0.260700 0.185600 0.110700 0.203200 0.187600 0.179300 0.117000 0.238700 0.184400 0.341000 0.169200 0.154100 0.172400 0.172400 0.115600 0.247600 0.238500 0.215500 0.191700 0.257600 0.229500 0.173400 0.200700 0.151200 0.151700 0.161300 0.000000 0.209800 0.188400
Bushbuck 0.186000 0.407500 0.085400 0.424000 0.161700 0.186000 0.172100 0.156500 0.065600 0.258800 0.138600 0.144900 0.170200 0.252100 0.197400 0.202300 0.266200 0.232800 0.163900 0.103600 0.139900 0.138600 0.176000 0.262800 0.133500 0.121100 0.187200 0.047500 0.131600 0.086500 0.239000 0.256400 0.337400 0.154800 0.140500 0.120000 0.177900 0.184400 0.249300 0.238800 0.217600 0.157700 0.256500 0.230600 0.120600 0.183600 0.177100 0.197300 0.233900 0.209800 0.000000 0.031800
GreaterKud 0.168300 0.406900 0.067600 0.394000 0.143000 0.168300 0.151200 0.138400 0.048100 0.258300 0.120700 0.125400 0.151600 0.229700 0.157400 0.164600 0.266500 0.233000 0.144000 0.085500 0.121800 0.120700 0.175600 0.262300 0.116300 0.140000 0.168500 0.031600 0.096600 0.068900 0.238400 0.233700 0.336900 0.136900 0.122400 0.101900 0.159300 0.164100 0.227300 0.238200 0.217200 0.177300 0.256000 0.230200 0.102300 0.163400 0.158500 0.177400 0.211700 0.188400 0.031800 0.000000
