1
52 1
Argali 0.000000 0.176700 0.043900 0.216200 0.068000 0.000000 0.044200 0.022000 0.066300 0.121300 0.021200 0.000000 0.021400 0.021400 0.000000 0.043800 0.154300 0.179100 0.000000 0.043900 0.022000 0.000000 0.067600 0.095600 0.000000 0.045400 0.044200 0.043900 0.022000 0.044200 0.120500 0.044200 0.090200 0.021400 0.021400 0.022000 0.000000 0.045800 0.090500 0.116400 0.067600 0.045400 0.067600 0.144600 0.022000 0.066100 0.022000 0.068300 0.044200 0.116200 0.043900 0.065600
LesserMous 0.176700 0.000000 0.146600 0.316900 0.208700 0.176700 0.176800 0.150000 0.172700 0.152400 0.144700 0.176700 0.204100 0.204200 0.176700 0.119500 0.191700 0.155700 0.176700 0.146600 0.149900 0.176700 0.094000 0.125800 0.176700 0.181600 0.238900 0.146600 0.150000 0.146600 0.151300 0.176800 0.117100 0.204100 0.204100 0.150000 0.176700 0.246900 0.174100 0.146100 0.094000 0.181600 0.094000 0.120200 0.150000 0.144900 0.150000 0.210600 0.176800 0.146200 0.146600 0.170600
LesserKudu 0.043900 0.146600 0.000000 0.277000 0.067900 0.043900 0.066900 0.044300 0.021000 0.147000 0.021200 0.043900 0.066200 0.066400 0.043900 0.021400 0.181600 0.148500 0.043900 0.000000 0.044400 0.043900 0.091000 0.120400 0.043900 0.068600 0.091300 0.000000 0.044300 0.000000 0.145900 0.066900 0.113900 0.066200 0.066200 0.044300 0.043900 0.094000 0.066200 0.141100 0.091000 0.068600 0.091000 0.170400 0.044300 0.043000 0.044300 0.092000 0.066900 0.090600 0.000000 0.020800
KillerWhal 0.216200 0.316900 0.277000 0.000000 0.311600 0.216200 0.279700 0.250000 0.307400 0.254400 0.240700 0.216200 0.243400 0.244000 0.216200 0.275300 0.334400 0.362000 0.216200 0.277000 0.250100 0.216200 0.187800 0.290400 0.216200 0.285000 0.277700 0.277000 0.250000 0.277000 0.251700 0.279700 0.212500 0.243400 0.243400 0.250000 0.216200 0.285300 0.342600 0.244200 0.187800 0.285000 0.187800 0.278400 0.250000 0.241400 0.250000 0.320100 0.279700 0.306800 0.277000 0.242800
DefassaWat 0.068000 0.208700 0.067900 0.311600 0.000000 0.068000 0.118200 0.093700 0.091400 0.209200 0.043800 0.068000 0.091000 0.091400 0.068000 0.067700 0.250800 0.211900 0.068000 0.067900 0.094100 0.068000 0.144900 0.179800 0.068000 0.121200 0.118000 0.067900 0.093700 0.067900 0.207700 0.118200 0.169300 0.091000 0.091000 0.093700 0.068000 0.022500 0.116800 0.200000 0.144900 0.121200 0.144900 0.234100 0.093700 0.090800 0.093700 0.092900 0.118200 0.144500 0.067900 0.090100
Sheep 0.000000 0.176700 0.043900 0.216200 0.068000 0.000000 0.044200 0.022000 0.066300 0.121300 0.021200 0.000000 0.021400 0.022300 0.000000 0.043800 0.154300 0.179100 0.000000 0.043900 0.022000 0.000000 0.067600 0.095600 0.000000 0.045400 0.044200 0.043900 0.022000 0.043900 0.120500 0.044200 0.090200 0.021400 0.021400 0.022000 0.000000 0.045500 0.090500 0.116400 0.067600 0.045400 0.067600 0.144600 0.022000 0.066100 0.022000 0.068300 0.044200 0.116200 0.043900 0.065600
MaxwellsDu 0.044200 0.176800 0.066900 0.279700 0.118200 0.044200 0.000000 0.022000 0.090000 0.121300 0.066200 0.044200 0.066800 0.022500 0.044200 0.043800 0.154400 0.179200 0.044200 0.066900 0.022100 0.044200 0.067600 0.095600 0.044200 0.045500 0.092100 0.066900 0.022000 0.066900 0.120500 0.000000 0.090200 0.066800 0.066800 0.022000 0.044200 0.094900 0.090500 0.116500 0.067600 0.045500 0.067600 0.144700 0.022000 0.066200 0.022000 0.068300 0.000000 0.116200 0.066900 0.089000
GazellaPrz 0.022000 0.150000 0.044300 0.250000 0.093700 0.022000 0.022000 0.000000 0.066900 0.096200 0.043800 0.022000 0.044200 0.044200 0.022000 0.021800 0.127600 0.152000 0.022000 0.044300 0.000100 0.022000 0.044700 0.071200 0.022000 0.022600 0.068500 0.044300 0.000000 0.044300 0.095600 0.022000 0.067100 0.044200 0.044200 0.000000 0.022000 0.070600 0.067400 0.092400 0.044700 0.022600 0.044700 0.119300 0.000000 0.043800 0.000000 0.045200 0.022000 0.092100 0.044300 0.066200
MountainNy 0.066300 0.172700 0.021000 0.307400 0.091400 0.066300 0.090000 0.066900 0.000000 0.173300 0.042700 0.066300 0.089000 0.089300 0.066300 0.043100 0.209600 0.175000 0.066300 0.021000 0.067100 0.066300 0.114800 0.145600 0.066300 0.092100 0.115100 0.021000 0.066900 0.021000 0.172000 0.090000 0.138200 0.089000 0.089000 0.066900 0.066300 0.118500 0.089000 0.166300 0.114800 0.092100 0.114800 0.197000 0.066900 0.065000 0.066900 0.116000 0.090000 0.114500 0.021000 0.041900
MuntiacusM 0.121300 0.152400 0.147000 0.254400 0.209200 0.121300 0.121300 0.096200 0.173300 0.000000 0.145100 0.121300 0.146700 0.147000 0.121300 0.119700 0.130700 0.155800 0.121300 0.147000 0.096500 0.123100 0.045500 0.072800 0.121300 0.071900 0.177900 0.147000 0.096200 0.147000 0.046800 0.121300 0.068100 0.146700 0.146700 0.096200 0.121300 0.183700 0.119400 0.093900 0.045500 0.071900 0.045800 0.069900 0.096200 0.145100 0.096200 0.150800 0.121300 0.147400 0.147000 0.170800
goat 0.021200 0.144700 0.021200 0.240700 0.043800 0.021200 0.066200 0.043800 0.042700 0.145100 0.000000 0.021200 0.042700 0.042800 0.021200 0.021100 0.179100 0.146600 0.021200 0.021200 0.043900 0.021200 0.089900 0.118800 0.021200 0.067800 0.066100 0.021200 0.043800 0.021200 0.144100 0.066200 0.112700 0.042700 0.042700 0.044000 0.021200 0.068000 0.065500 0.139400 0.089900 0.067800 0.089900 0.168300 0.043800 0.042600 0.043800 0.090900 0.066200 0.089600 0.021200 0.042300
AfricanBuf 0.000000 0.176700 0.043900 0.216200 0.068000 0.000000 0.044200 0.022000 0.066300 0.121300 0.021200 0.000000 0.021400 0.021400 0.000000 0.043800 0.154300 0.179100 0.000000 0.043900 0.022000 0.000000 0.067600 0.095600 0.000000 0.045400 0.044200 0.043900 0.022000 0.044200 0.120500 0.044400 0.090200 0.021400 0.021400 0.022000 0.000000 0.045500 0.090500 0.116400 0.069700 0.045400 0.067600 0.144600 0.022000 0.066100 0.022000 0.068300 0.044200 0.116200 0.043900 0.065600
Topi 0.021400 0.204100 0.066200 0.243400 0.091000 0.021400 0.066800 0.044200 0.089000 0.146700 0.042700 0.021400 0.000000 0.043100 0.021400 0.066100 0.181800 0.206700 0.021400 0.066200 0.044300 0.021400 0.090800 0.120500 0.021400 0.068600 0.021400 0.066200 0.044200 0.066200 0.145600 0.066800 0.113800 0.000000 0.000000 0.044200 0.021400 0.068500 0.113900 0.140900 0.090800 0.068600 0.090800 0.170400 0.044200 0.088800 0.044200 0.091800 0.066800 0.140300 0.066200 0.088100
CommonDuik 0.021400 0.204200 0.066400 0.244000 0.091400 0.022300 0.022500 0.044200 0.089300 0.147000 0.042800 0.021400 0.043100 0.000000 0.021400 0.066200 0.181900 0.207000 0.021400 0.066400 0.044400 0.021400 0.090900 0.120500 0.021400 0.068600 0.069800 0.066400 0.044200 0.066400 0.146000 0.022600 0.114000 0.043100 0.043100 0.044200 0.021400 0.068700 0.114200 0.141100 0.090900 0.068600 0.090900 0.170600 0.044200 0.088900 0.044200 0.091900 0.021500 0.140900 0.066400 0.088200
Suni 0.000000 0.176700 0.043900 0.216200 0.068000 0.000000 0.044200 0.022000 0.066300 0.121300 0.021200 0.000000 0.021400 0.021400 0.000000 0.043800 0.154300 0.179100 0.000000 0.043900 0.022000 0.000000 0.067600 0.095600 0.000000 0.045400 0.044200 0.043900 0.022000 0.043900 0.120500 0.044200 0.090200 0.021400 0.021400 0.022000 0.000000 0.045500 0.090500 0.116400 0.067600 0.045400 0.067600 0.144600 0.022000 0.066100 0.022000 0.072200 0.044200 0.116200 0.043900 0.065500
Springbuck 0.043800 0.119500 0.021400 0.275300 0.067700 0.043800 0.043800 0.021800 0.043100 0.119700 0.021100 0.043800 0.066100 0.066200 0.043800 0.000000 0.152000 0.121000 0.043800 0.021400 0.021800 0.043800 0.066900 0.094300 0.043800 0.044900 0.091100 0.021400 0.021800 0.021400 0.119000 0.043800 0.089200 0.066100 0.066100 0.021800 0.043800 0.093700 0.043300 0.115100 0.066900 0.044900 0.066900 0.142700 0.021800 0.021100 0.021800 0.067600 0.043800 0.066600 0.021400 0.042600
Okapi 0.154300 0.191700 0.181600 0.334400 0.250800 0.154300 0.154400 0.127600 0.209600 0.130700 0.179100 0.154300 0.181800 0.181900 0.154300 0.152000 0.000000 0.024000 0.154300 0.181600 0.128100 0.154300 0.125800 0.049500 0.154300 0.101800 0.216600 0.181600 0.127600 0.181600 0.129900 0.154400 0.151100 0.181800 0.181800 0.127600 0.154300 0.224300 0.151500 0.125100 0.125800 0.101800 0.125800 0.099300 0.127600 0.179500 0.127600 0.187800 0.154400 0.182000 0.181600 0.206800
Giraffe 0.179100 0.155700 0.148500 0.362000 0.211900 0.179100 0.179200 0.152000 0.175000 0.155800 0.146600 0.179100 0.206700 0.207000 0.179100 0.121000 0.024000 0.000000 0.179100 0.148500 0.152700 0.179100 0.150200 0.073600 0.179100 0.126200 0.242300 0.148500 0.152000 0.148500 0.154800 0.179200 0.175600 0.206700 0.206700 0.152000 0.179100 0.250800 0.120600 0.149300 0.150200 0.126200 0.150200 0.123300 0.152000 0.146700 0.152000 0.213500 0.179200 0.149000 0.148500 0.172600
TibetanAnt 0.000000 0.176700 0.043900 0.216200 0.068000 0.000000 0.044200 0.022000 0.066300 0.121300 0.021200 0.000000 0.021400 0.021400 0.000000 0.043800 0.154300 0.179100 0.000000 0.043900 0.022000 0.000000 0.071100 0.095600 0.000000 0.045400 0.044200 0.043900 0.022000 0.043900 0.120500 0.044200 0.090200 0.021400 0.021400 0.022000 0.000000 0.045500 0.090500 0.116400 0.067600 0.045400 0.067600 0.144600 0.022000 0.066100 0.022000 0.068300 0.044200 0.116200 0.043900 0.065600
Sitatunga 0.043900 0.146600 0.000000 0.277000 0.067900 0.043900 0.066900 0.044300 0.021000 0.147000 0.021200 0.043900 0.066200 0.066400 0.043900 0.021400 0.181600 0.148500 0.043900 0.000000 0.044400 0.043900 0.091000 0.120400 0.043900 0.068600 0.091300 0.000000 0.044300 0.000000 0.145900 0.066900 0.113900 0.066200 0.066200 0.044500 0.043900 0.094000 0.066200 0.141100 0.091000 0.068600 0.091000 0.170400 0.044300 0.043000 0.044300 0.092000 0.066900 0.090600 0.000000 0.020800
Oribi 0.022000 0.149900 0.044400 0.250100 0.094100 0.022000 0.022100 0.000100 0.067100 0.096500 0.043900 0.022000 0.044300 0.044400 0.022000 0.021800 0.128100 0.152700 0.022000 0.044400 0.000000 0.022000 0.044900 0.071200 0.022000 0.022600 0.068800 0.044400 0.000100 0.044400 0.096000 0.022100 0.067000 0.044300 0.044300 0.000100 0.022000 0.070800 0.067600 0.092700 0.044900 0.022600 0.044900 0.119200 0.000100 0.043900 0.000100 0.045400 0.022100 0.092100 0.044400 0.066500
BarbaryShe 0.000000 0.176700 0.043900 0.216200 0.068000 0.000000 0.044200 0.022000 0.066300 0.123100 0.021200 0.000000 0.021400 0.021400 0.000000 0.043800 0.154300 0.179100 0.000000 0.043900 0.022000 0.000000 0.070900 0.095600 0.000000 0.045400 0.044200 0.043900 0.022000 0.043900 0.120500 0.044400 0.090200 0.021400 0.021400 0.022000 0.000000 0.045500 0.090500 0.116400 0.067600 0.045400 0.067600 0.144600 0.022000 0.066100 0.022000 0.068300 0.044100 0.116200 0.043900 0.065600
Daviddeer 0.067600 0.094000 0.091000 0.187800 0.144900 0.067600 0.067600 0.044700 0.114800 0.045500 0.089900 0.067600 0.090800 0.090900 0.067600 0.066900 0.125800 0.150200 0.071100 0.091000 0.044900 0.070900 0.000000 0.070300 0.067600 0.069500 0.117500 0.091000 0.044700 0.091000 0.045200 0.067600 0.021200 0.090800 0.090800 0.044700 0.067600 0.121100 0.115400 0.043800 0.000000 0.069500 0.000000 0.067600 0.044700 0.089900 0.044700 0.093000 0.067600 0.091300 0.091000 0.113400
Reindeer 0.095600 0.125800 0.120400 0.290400 0.179800 0.095600 0.095600 0.071200 0.145600 0.072800 0.118800 0.095600 0.120500 0.120500 0.095600 0.094300 0.049500 0.073600 0.095600 0.120400 0.071200 0.095600 0.070300 0.000000 0.095600 0.047200 0.150200 0.120400 0.071200 0.120400 0.072400 0.095600 0.093300 0.120500 0.120500 0.071200 0.095600 0.155000 0.094000 0.121300 0.070300 0.047200 0.070300 0.045900 0.071200 0.119100 0.071200 0.123900 0.095600 0.119100 0.120400 0.144100
Ibex 0.000000 0.176700 0.043900 0.216200 0.068000 0.000000 0.044200 0.022000 0.066300 0.121300 0.021200 0.000000 0.021400 0.021400 0.000000 0.043800 0.154300 0.179100 0.000000 0.043900 0.022000 0.000000 0.067600 0.095600 0.000000 0.045400 0.044200 0.043900 0.022000 0.043900 0.120500 0.044200 0.090200 0.021400 0.021400 0.022000 0.000000 0.045500 0.090500 0.116400 0.067600 0.045400 0.067600 0.144600 0.022000 0.066100 0.022000 0.068300 0.044200 0.116200 0.043900 0.065600
GyrantGaze 0.045400 0.181600 0.068600 0.285000 0.121200 0.045400 0.045500 0.022600 0.092100 0.071900 0.067800 0.045400 0.068600 0.068600 0.045400 0.044900 0.101800 0.126200 0.045400 0.068600 0.022600 0.045400 0.069500 0.047200 0.045400 0.000000 0.094600 0.068600 0.022600 0.068600 0.071600 0.045500 0.092200 0.068600 0.068600 0.022600 0.045400 0.097400 0.044800 0.119600 0.069500 0.000000 0.069500 0.094700 0.022600 0.067900 0.022600 0.070300 0.045500 0.118600 0.068600 0.091300
Hartebeest 0.044200 0.238900 0.091300 0.277700 0.118000 0.044200 0.092100 0.068500 0.115100 0.177900 0.066100 0.044200 0.021400 0.069800 0.044200 0.091100 0.216600 0.242300 0.044200 0.091300 0.068800 0.044200 0.117500 0.150200 0.044200 0.094600 0.000000 0.091300 0.068500 0.091300 0.121100 0.092100 0.141300 0.021400 0.021400 0.068500 0.044200 0.094700 0.141500 0.170400 0.117500 0.094600 0.117500 0.202300 0.068500 0.114800 0.068500 0.118900 0.092100 0.169900 0.091300 0.113700
Bongo 0.043900 0.146600 0.000000 0.277000 0.067900 0.043900 0.066900 0.044300 0.021000 0.147000 0.021200 0.043900 0.066200 0.066400 0.043900 0.021400 0.181600 0.148500 0.043900 0.000000 0.044400 0.043900 0.091000 0.120400 0.043900 0.068600 0.091300 0.000000 0.044300 0.000000 0.145900 0.066900 0.113900 0.066200 0.066200 0.044300 0.043900 0.094000 0.066200 0.141100 0.091000 0.068600 0.091000 0.170400 0.044300 0.043000 0.044300 0.092000 0.066900 0.090600 0.000000 0.020800
Gerenuk 0.022000 0.150000 0.044300 0.250000 0.093700 0.022000 0.022000 0.000000 0.066900 0.096200 0.043800 0.022000 0.044200 0.044200 0.022000 0.021800 0.127600 0.152000 0.022000 0.044300 0.000100 0.022000 0.044700 0.071200 0.022000 0.022600 0.068500 0.044300 0.000000 0.044300 0.095600 0.022000 0.067100 0.044200 0.044200 0.000000 0.022000 0.070600 0.067400 0.092400 0.044700 0.022600 0.044700 0.119300 0.000000 0.043800 0.000000 0.045200 0.022000 0.092100 0.044300 0.066200
CommonElan 0.044200 0.146600 0.000000 0.277000 0.067900 0.043900 0.066900 0.044300 0.021000 0.147000 0.021200 0.044200 0.066200 0.066400 0.043900 0.021400 0.181600 0.148500 0.043900 0.000000 0.044400 0.043900 0.091000 0.120400 0.043900 0.068600 0.091300 0.000000 0.044300 0.000000 0.145900 0.066900 0.113900 0.066200 0.066200 0.044300 0.043900 0.094000 0.066200 0.141100 0.091000 0.068600 0.091000 0.170400 0.044300 0.043000 0.044300 0.092000 0.066900 0.090600 0.000000 0.020800
MuntiacusR 0.120500 0.151300 0.145900 0.251700 0.207700 0.120500 0.120500 0.095600 0.172000 0.046800 0.144100 0.120500 0.145600 0.146000 0.120500 0.119000 0.129900 0.154800 0.120500 0.145900 0.096000 0.120500 0.045200 0.072400 0.120500 0.071600 0.121100 0.145900 0.095600 0.145900 0.000000 0.120500 0.067600 0.145600 0.145600 0.095600 0.120500 0.182500 0.118600 0.093300 0.045200 0.071600 0.045200 0.069500 0.095600 0.144100 0.095600 0.149800 0.120500 0.146400 0.145900 0.169500
HarveysDui 0.044200 0.176800 0.066900 0.279700 0.118200 0.044200 0.000000 0.022000 0.090000 0.121300 0.066200 0.044400 0.066800 0.022600 0.044200 0.043800 0.154400 0.179200 0.044200 0.066900 0.022100 0.044400 0.067600 0.095600 0.044200 0.045500 0.092100 0.066900 0.022000 0.066900 0.120500 0.000000 0.090200 0.066800 0.066800 0.022000 0.044200 0.094900 0.090500 0.116500 0.067600 0.045500 0.067600 0.144700 0.022000 0.066200 0.022000 0.068300 0.000000 0.116200 0.066900 0.089000
Pronghorn 0.090200 0.117100 0.113900 0.212500 0.169300 0.090200 0.090200 0.067100 0.138200 0.068100 0.112700 0.090200 0.113800 0.114000 0.090200 0.089200 0.151100 0.175600 0.090200 0.113900 0.067000 0.090200 0.021200 0.093300 0.090200 0.092200 0.141300 0.113900 0.067100 0.113900 0.067600 0.090200 0.000000 0.113800 0.113800 0.067100 0.090200 0.145300 0.138900 0.021100 0.021200 0.092200 0.021200 0.089800 0.067100 0.112700 0.067100 0.116500 0.090200 0.113600 0.113900 0.136600
BlueWildeb 0.021400 0.204100 0.066200 0.243400 0.091000 0.021400 0.066800 0.044200 0.089000 0.146700 0.042700 0.021400 0.000000 0.043100 0.021400 0.066100 0.181800 0.206700 0.021400 0.066200 0.044300 0.021400 0.090800 0.120500 0.021400 0.068600 0.021400 0.066200 0.044200 0.066200 0.145600 0.066800 0.113800 0.000000 0.000000 0.044200 0.021400 0.068500 0.113900 0.140900 0.090800 0.068600 0.090800 0.170400 0.044200 0.088800 0.044200 0.095600 0.066800 0.140300 0.066200 0.088100
Gemsbok 0.021400 0.204100 0.066200 0.243400 0.091000 0.021400 0.066800 0.044200 0.089000 0.146700 0.042700 0.021400 0.000000 0.043100 0.021400 0.066100 0.181800 0.206700 0.021400 0.066200 0.044300 0.021400 0.090800 0.120500 0.021400 0.068600 0.021400 0.066200 0.044200 0.066200 0.145600 0.066800 0.113800 0.000000 0.000000 0.044200 0.021400 0.068500 0.113900 0.140900 0.090800 0.068600 0.090800 0.170400 0.044200 0.088800 0.044600 0.091800 0.066800 0.140300 0.066200 0.088100
Yak 0.022000 0.150000 0.044300 0.250000 0.093700 0.022000 0.022000 0.000000 0.066900 0.096200 0.044000 0.022000 0.044200 0.044200 0.022000 0.021800 0.127600 0.152000 0.022000 0.044500 0.000100 0.022000 0.044700 0.071200 0.022000 0.022600 0.068500 0.044300 0.000000 0.044300 0.095600 0.022000 0.067100 0.044200 0.044200 0.000000 0.022000 0.070600 0.067400 0.092400 0.044700 0.022600 0.044700 0.119300 0.000000 0.043800 0.000000 0.045200 0.022000 0.092100 0.044300 0.066200
BlueSheep 0.000000 0.176700 0.043900 0.216200 0.068000 0.000000 0.044200 0.022000 0.066300 0.121300 0.021200 0.000000 0.021400 0.021400 0.000000 0.043800 0.154300 0.179100 0.000000 0.043900 0.022000 0.000000 0.067600 0.095600 0.000000 0.045400 0.044200 0.043900 0.022000 0.043900 0.120500 0.044200 0.090200 0.021400 0.021400 0.022000 0.000000 0.045500 0.090500 0.116400 0.067600 0.045400 0.070200 0.144600 0.022000 0.066100 0.022000 0.068300 0.044200 0.116200 0.043900 0.065600
BohorReedb 0.045800 0.246900 0.094000 0.285300 0.022500 0.045500 0.094900 0.070600 0.118500 0.183700 0.068000 0.045500 0.068500 0.068700 0.045500 0.093700 0.224300 0.250800 0.045500 0.094000 0.070800 0.045500 0.121100 0.155000 0.045500 0.097400 0.094700 0.094000 0.070600 0.094000 0.182500 0.094900 0.145300 0.068500 0.068500 0.070600 0.045500 0.000000 0.145800 0.175500 0.121100 0.097400 0.121100 0.208700 0.070600 0.118000 0.074800 0.070000 0.094900 0.175400 0.094000 0.116900
KirksDik 0.090500 0.174100 0.066200 0.342600 0.116800 0.090500 0.090500 0.067400 0.089000 0.119400 0.065500 0.090500 0.113900 0.114200 0.090500 0.043300 0.151500 0.120600 0.090500 0.066200 0.067600 0.090500 0.115400 0.094000 0.090500 0.044800 0.141500 0.066200 0.067400 0.066200 0.118600 0.090500 0.138900 0.113900 0.113900 0.067400 0.090500 0.145800 0.000000 0.167200 0.115400 0.044800 0.115400 0.142200 0.067400 0.065400 0.067400 0.116800 0.090500 0.114900 0.066200 0.088000
RoeDeer 0.116400 0.146100 0.141100 0.244200 0.200000 0.116400 0.116500 0.092400 0.166300 0.093900 0.139400 0.116400 0.140900 0.141100 0.116400 0.115100 0.125100 0.149300 0.116400 0.141100 0.092700 0.116400 0.043800 0.121300 0.116400 0.119600 0.170400 0.141100 0.092400 0.141100 0.093300 0.116500 0.021100 0.140900 0.140900 0.092400 0.116400 0.175500 0.167200 0.000000 0.043800 0.119600 0.043800 0.116500 0.092400 0.139500 0.092400 0.144600 0.116500 0.141400 0.141100 0.164100
WhiteLippe 0.067600 0.094000 0.091000 0.187800 0.144900 0.067600 0.067600 0.044700 0.114800 0.045500 0.089900 0.069700 0.090800 0.090900 0.067600 0.066900 0.125800 0.150200 0.067600 0.091000 0.044900 0.067600 0.000000 0.070300 0.067600 0.069500 0.117500 0.091000 0.044700 0.091000 0.045200 0.067600 0.021200 0.090800 0.090800 0.044700 0.067600 0.121100 0.115400 0.043800 0.000000 0.069500 0.000000 0.067600 0.044500 0.089900 0.044700 0.093000 0.067600 0.091300 0.091000 0.113400
ThomsonGaz 0.045400 0.181600 0.068600 0.285000 0.121200 0.045400 0.045500 0.022600 0.092100 0.071900 0.067800 0.045400 0.068600 0.068600 0.045400 0.044900 0.101800 0.126200 0.045400 0.068600 0.022600 0.045400 0.069500 0.047200 0.045400 0.000000 0.094600 0.068600 0.022600 0.068600 0.071600 0.045500 0.092200 0.068600 0.068600 0.022600 0.045400 0.097400 0.044800 0.119600 0.069500 0.000000 0.069500 0.094700 0.022600 0.067900 0.022600 0.070300 0.045500 0.118600 0.068600 0.091300
MuntiacusC 0.067600 0.094000 0.091000 0.187800 0.144900 0.067600 0.067600 0.044700 0.114800 0.045800 0.089900 0.067600 0.090800 0.090900 0.067600 0.066900 0.125800 0.150200 0.067600 0.091000 0.044900 0.067600 0.000000 0.070300 0.067600 0.069500 0.117500 0.091000 0.044700 0.091000 0.045200 0.067600 0.021200 0.090800 0.090800 0.044700 0.070200 0.121100 0.115400 0.043800 0.000000 0.069500 0.000000 0.067600 0.044700 0.089900 0.044700 0.093000 0.067600 0.091300 0.091000 0.113400
WhiteTaile 0.144600 0.120200 0.170400 0.278400 0.234100 0.144600 0.144700 0.119300 0.197000 0.069900 0.168300 0.144600 0.170400 0.170600 0.144600 0.142700 0.099300 0.123300 0.144600 0.170400 0.119200 0.144600 0.067600 0.045900 0.144600 0.094700 0.202300 0.170400 0.119300 0.170400 0.069500 0.144700 0.089800 0.170400 0.170400 0.119300 0.144600 0.208700 0.142200 0.116500 0.067600 0.094700 0.067600 0.000000 0.119300 0.168400 0.119300 0.175200 0.144700 0.168500 0.170400 0.194300
Cattle 0.022000 0.150000 0.044300 0.250000 0.093700 0.022000 0.022000 0.000000 0.066900 0.096200 0.043800 0.022000 0.044200 0.044200 0.022000 0.021800 0.127600 0.152000 0.022000 0.044300 0.000100 0.022000 0.044700 0.071200 0.022000 0.022600 0.068500 0.044300 0.000000 0.044300 0.095600 0.022000 0.067100 0.044200 0.044200 0.000000 0.022000 0.070600 0.067400 0.092400 0.044500 0.022600 0.044700 0.119300 0.000000 0.043800 0.000000 0.045200 0.022000 0.092100 0.044300 0.066200
RoyalAntel 0.066100 0.144900 0.043000 0.241400 0.090800 0.066100 0.066200 0.043800 0.065000 0.145100 0.042600 0.066100 0.088800 0.088900 0.066100 0.021100 0.179500 0.146700 0.066100 0.043000 0.043900 0.066100 0.089900 0.119100 0.066100 0.067900 0.114800 0.043000 0.043800 0.043000 0.144100 0.066200 0.112700 0.088800 0.088800 0.043800 0.066100 0.118000 0.065400 0.139500 0.089900 0.067900 0.089900 0.168400 0.043800 0.000000 0.043800 0.090900 0.066200 0.089400 0.043000 0.064400
Steenbok 0.022000 0.150000 0.044300 0.250000 0.093700 0.022000 0.022000 0.000000 0.066900 0.096200 0.043800 0.022000 0.044200 0.044200 0.022000 0.021800 0.127600 0.152000 0.022000 0.044300 0.000100 0.022000 0.044700 0.071200 0.022000 0.022600 0.068500 0.044300 0.000000 0.044300 0.095600 0.022000 0.067100 0.044200 0.044600 0.000000 0.022000 0.074800 0.067400 0.092400 0.044700 0.022600 0.044700 0.119300 0.000000 0.043800 0.000000 0.045800 0.022000 0.092100 0.044300 0.066200
Impala 0.068300 0.210600 0.092000 0.320100 0.092900 0.068300 0.068300 0.045200 0.116000 0.150800 0.090900 0.068300 0.091800 0.091900 0.072200 0.067600 0.187800 0.213500 0.068300 0.092000 0.045400 0.068300 0.093000 0.123900 0.068300 0.070300 0.118900 0.092000 0.045200 0.092000 0.149800 0.068300 0.116500 0.095600 0.091800 0.045200 0.068300 0.070000 0.116800 0.144600 0.093000 0.070300 0.093000 0.175200 0.045200 0.090900 0.045800 0.000000 0.068300 0.144100 0.092000 0.114700
Klipspring 0.044200 0.176800 0.066900 0.279700 0.118200 0.044200 0.000000 0.022000 0.090000 0.121300 0.066200 0.044200 0.066800 0.021500 0.044200 0.043800 0.154400 0.179200 0.044200 0.066900 0.022100 0.044100 0.067600 0.095600 0.044200 0.045500 0.092100 0.066900 0.022000 0.066900 0.120500 0.000000 0.090200 0.066800 0.066800 0.022000 0.044200 0.094900 0.090500 0.116500 0.067600 0.045500 0.067600 0.144700 0.022000 0.066200 0.022000 0.068300 0.000000 0.116200 0.066900 0.089000
ForestMusk 0.116200 0.146200 0.090600 0.306800 0.144500 0.116200 0.116200 0.092100 0.114500 0.147400 0.089600 0.116200 0.140300 0.140900 0.116200 0.066600 0.182000 0.149000 0.116200 0.090600 0.092100 0.116200 0.091300 0.119100 0.116200 0.118600 0.169900 0.090600 0.092100 0.090600 0.146400 0.116200 0.113600 0.140300 0.140300 0.092100 0.116200 0.175400 0.114900 0.141400 0.091300 0.118600 0.091300 0.168500 0.092100 0.089400 0.092100 0.144100 0.116200 0.000000 0.090600 0.112700
Bushbuck 0.043900 0.146600 0.000000 0.277000 0.067900 0.043900 0.066900 0.044300 0.021000 0.147000 0.021200 0.043900 0.066200 0.066400 0.043900 0.021400 0.181600 0.148500 0.043900 0.000000 0.044400 0.043900 0.091000 0.120400 0.043900 0.068600 0.091300 0.000000 0.044300 0.000000 0.145900 0.066900 0.113900 0.066200 0.066200 0.044300 0.043900 0.094000 0.066200 0.141100 0.091000 0.068600 0.091000 0.170400 0.044300 0.043000 0.044300 0.092000 0.066900 0.090600 0.000000 0.020800
GreaterKud 0.065600 0.170600 0.020800 0.242800 0.090100 0.065600 0.089000 0.066200 0.041900 0.170800 0.042300 0.065600 0.088100 0.088200 0.065500 0.042600 0.206800 0.172600 0.065600 0.020800 0.066500 0.065600 0.113400 0.144100 0.065600 0.091300 0.113700 0.020800 0.066200 0.020800 0.169500 0.089000 0.136600 0.088100 0.088100 0.066200 0.065600 0.116900 0.088000 0.164100 0.113400 0.091300 0.113400 0.194300 0.066200 0.064400 0.066200 0.114700 0.089000 0.112700 0.020800 0.000000
