CODONML (in paml version 4.10.7, June 2023)  /home/rachel/ruminants_paml/6406-phy-tree/ENSBTAT00000014160.fasta.phy
Model: free dN/dS Ratios for branches,  kappa = 2.000 fixed

Codon frequency model: F3x4
ns =  54  ls =  11

Codon usage in sequences
--------------------------------------------------------------------------------------------------------------------------------------
Phe TTT   0   0   0   0   0   0 | Ser TCT   2   2   2   2   2   2 | Tyr TAT   0   0   0   0   0   0 | Cys TGT   0   0   0   0   0   0
    TTC   0   0   0   0   0   0 |     TCC   0   0   0   0   0   0 |     TAC   0   0   0   0   0   0 |     TGC   0   0   0   0   0   0
Leu TTA   0   0   0   0   0   0 |     TCA   0   0   0   0   0   0 | *** TAA   0   0   0   0   0   0 | *** TGA   0   0   0   0   0   0
    TTG   0   0   0   0   0   1 |     TCG   0   0   0   0   0   0 |     TAG   0   0   0   0   0   0 | Trp TGG   0   0   0   0   0   0
--------------------------------------------------------------------------------------------------------------------------------------
Leu CTT   0   0   0   0   0   0 | Pro CCT   0   0   0   0   0   0 | His CAT   0   0   0   0   0   0 | Arg CGT   0   0   0   0   0   0
    CTC   1   1   1   1   1   1 |     CCC   0   0   0   0   0   0 |     CAC   1   1   1   1   1   2 |     CGC   0   0   0   0   0   0
    CTA   0   0   0   0   0   0 |     CCA   0   0   0   0   0   0 | Gln CAA   0   0   0   0   0   0 |     CGA   0   0   0   0   0   0
    CTG   1   1   1   1   1   0 |     CCG   0   0   0   0   0   0 |     CAG   1   2   1   1   2   0 |     CGG   1   0   1   1   0   1
--------------------------------------------------------------------------------------------------------------------------------------
Ile ATT   0   0   0   0   0   0 | Thr ACT   0   0   0   0   0   0 | Asn AAT   0   0   0   0   0   0 | Ser AGT   0   0   0   0   0   0
    ATC   0   0   0   0   0   0 |     ACC   0   0   0   0   0   0 |     AAC   0   0   0   0   0   0 |     AGC   0   0   0   0   0   0
    ATA   0   0   0   0   0   0 |     ACA   0   0   0   0   0   0 | Lys AAA   0   0   0   0   0   0 | Arg AGA   0   0   0   0   0   0
Met ATG   1   1   1   1   1   1 |     ACG   0   0   0   0   0   0 |     AAG   0   0   0   0   0   0 |     AGG   0   0   0   0   0   0
--------------------------------------------------------------------------------------------------------------------------------------
Val GTT   0   0   0   0   0   0 | Ala GCT   0   0   0   0   0   0 | Asp GAT   1   1   1   1   1   1 | Gly GGT   0   0   0   0   0   0
    GTC   0   0   0   0   0   0 |     GCC   1   1   1   1   1   1 |     GAC   0   0   0   0   0   0 |     GGC   0   0   0   0   0   0
    GTA   0   0   0   0   0   0 |     GCA   1   0   0   0   0   0 | Glu GAA   0   0   0   0   0   0 |     GGA   0   0   0   0   0   0
    GTG   0   0   0   0   0   1 |     GCG   0   1   1   1   1   0 |     GAG   0   0   0   0   0   0 |     GGG   0   0   0   0   0   0
--------------------------------------------------------------------------------------------------------------------------------------

--------------------------------------------------------------------------------------------------------------------------------------
Phe TTT   0   0   0   0   0   0 | Ser TCT   2   2   2   2   2   2 | Tyr TAT   0   0   0   0   0   0 | Cys TGT   0   0   0   0   0   0
    TTC   0   0   0   0   0   0 |     TCC   0   0   0   0   0   0 |     TAC   0   0   0   0   0   1 |     TGC   0   0   0   0   0   0
Leu TTA   0   0   0   0   0   0 |     TCA   0   0   0   0   0   0 | *** TAA   0   0   0   0   0   0 | *** TGA   0   0   0   0   0   0
    TTG   0   0   0   0   0   0 |     TCG   0   0   0   0   0   0 |     TAG   0   0   0   0   0   0 | Trp TGG   0   0   0   0   0   0
--------------------------------------------------------------------------------------------------------------------------------------
Leu CTT   0   0   0   0   0   0 | Pro CCT   0   0   0   0   0   0 | His CAT   0   0   0   0   0   0 | Arg CGT   0   0   0   0   0   0
    CTC   1   1   1   1   1   1 |     CCC   0   0   0   0   0   0 |     CAC   1   1   1   1   1   0 |     CGC   0   0   0   0   0   0
    CTA   0   0   0   0   0   0 |     CCA   0   0   0   0   0   0 | Gln CAA   0   0   0   0   0   0 |     CGA   0   0   0   0   0   0
    CTG   1   1   1   1   1   1 |     CCG   0   0   0   0   0   0 |     CAG   1   1   1   1   1   1 |     CGG   1   1   1   1   1   1
--------------------------------------------------------------------------------------------------------------------------------------
Ile ATT   0   0   0   0   0   0 | Thr ACT   0   0   0   0   0   0 | Asn AAT   0   0   0   0   0   0 | Ser AGT   0   0   0   0   0   0
    ATC   0   0   0   0   0   0 |     ACC   0   0   0   0   0   0 |     AAC   0   0   0   0   0   0 |     AGC   0   0   0   0   0   0
    ATA   0   0   0   0   0   0 |     ACA   0   0   0   0   0   0 | Lys AAA   0   0   0   0   0   0 | Arg AGA   0   0   0   0   0   0
Met ATG   1   1   1   1   1   1 |     ACG   0   0   0   0   0   1 |     AAG   0   0   0   0   0   0 |     AGG   0   0   0   0   0   0
--------------------------------------------------------------------------------------------------------------------------------------
Val GTT   0   0   0   0   0   0 | Ala GCT   0   0   0   0   0   0 | Asp GAT   1   1   1   1   1   1 | Gly GGT   0   0   0   0   0   0
    GTC   0   0   0   0   0   0 |     GCC   1   1   1   1   1   1 |     GAC   0   0   0   0   0   0 |     GGC   0   0   0   0   0   0
    GTA   0   0   0   0   0   0 |     GCA   0   1   0   0   0   0 | Glu GAA   0   0   0   0   0   0 |     GGA   0   0   0   0   0   0
    GTG   0   0   1   0   0   0 |     GCG   1   0   0   1   1   0 |     GAG   0   0   0   0   0   0 |     GGG   0   0   0   0   0   0
--------------------------------------------------------------------------------------------------------------------------------------

--------------------------------------------------------------------------------------------------------------------------------------
Phe TTT   0   0   0   0   0   0 | Ser TCT   2   2   2   2   2   2 | Tyr TAT   0   0   0   0   0   0 | Cys TGT   0   0   0   0   0   0
    TTC   0   0   0   0   0   0 |     TCC   0   0   0   0   0   0 |     TAC   0   0   0   0   0   0 |     TGC   0   0   0   0   0   0
Leu TTA   0   0   0   0   0   0 |     TCA   0   0   0   0   0   0 | *** TAA   0   0   0   0   0   0 | *** TGA   0   0   0   0   0   0
    TTG   0   0   0   0   0   0 |     TCG   0   0   0   0   0   0 |     TAG   0   0   0   0   0   0 | Trp TGG   0   0   0   0   0   0
--------------------------------------------------------------------------------------------------------------------------------------
Leu CTT   0   0   0   0   0   0 | Pro CCT   0   0   0   0   0   0 | His CAT   0   0   0   0   0   0 | Arg CGT   0   0   0   0   0   0
    CTC   1   1   2   1   1   1 |     CCC   0   0   0   0   0   0 |     CAC   1   1   1   1   1   1 |     CGC   0   0   0   0   0   0
    CTA   0   0   0   0   0   0 |     CCA   0   0   0   0   0   0 | Gln CAA   0   0   0   0   0   0 |     CGA   0   0   0   0   0   0
    CTG   1   1   0   1   1   1 |     CCG   0   0   0   0   0   0 |     CAG   1   1   2   1   1   1 |     CGG   1   1   0   1   1   1
--------------------------------------------------------------------------------------------------------------------------------------
Ile ATT   0   0   0   0   0   0 | Thr ACT   0   0   0   0   0   0 | Asn AAT   0   0   0   0   0   0 | Ser AGT   0   0   0   0   0   0
    ATC   0   0   0   0   0   0 |     ACC   0   0   0   0   0   0 |     AAC   0   0   0   0   0   0 |     AGC   0   0   0   0   0   0
    ATA   0   0   0   0   0   0 |     ACA   0   0   0   0   0   0 | Lys AAA   0   0   0   0   0   0 | Arg AGA   0   0   0   0   0   0
Met ATG   1   0   1   1   1   1 |     ACG   0   0   0   0   0   0 |     AAG   0   0   0   0   0   0 |     AGG   0   0   0   0   0   0
--------------------------------------------------------------------------------------------------------------------------------------
Val GTT   0   0   0   0   0   0 | Ala GCT   0   0   0   0   0   0 | Asp GAT   1   1   1   1   1   1 | Gly GGT   0   0   0   0   0   0
    GTC   0   0   0   0   0   0 |     GCC   1   1   1   1   1   1 |     GAC   0   0   0   0   0   0 |     GGC   0   0   0   0   0   0
    GTA   0   0   0   0   0   0 |     GCA   0   0   1   1   0   0 | Glu GAA   0   0   0   0   0   0 |     GGA   0   0   0   0   0   0
    GTG   0   1   0   0   0   0 |     GCG   1   1   0   0   1   1 |     GAG   0   0   0   0   0   0 |     GGG   0   0   0   0   0   0
--------------------------------------------------------------------------------------------------------------------------------------

--------------------------------------------------------------------------------------------------------------------------------------
Phe TTT   0   0   0   0   0   0 | Ser TCT   2   2   2   2   2   2 | Tyr TAT   0   0   0   0   0   0 | Cys TGT   0   0   0   0   0   0
    TTC   0   0   0   0   0   0 |     TCC   0   0   0   0   0   0 |     TAC   0   0   0   0   0   0 |     TGC   0   0   0   0   0   0
Leu TTA   0   0   0   0   0   0 |     TCA   0   0   0   0   0   0 | *** TAA   0   0   0   0   0   0 | *** TGA   0   0   0   0   0   0
    TTG   0   0   0   0   0   0 |     TCG   0   0   0   0   0   0 |     TAG   0   0   0   0   0   0 | Trp TGG   0   0   0   0   0   0
--------------------------------------------------------------------------------------------------------------------------------------
Leu CTT   0   0   0   0   0   0 | Pro CCT   0   0   0   0   0   0 | His CAT   0   0   0   0   0   0 | Arg CGT   0   0   0   0   0   0
    CTC   1   1   1   1   1   1 |     CCC   0   0   0   0   0   0 |     CAC   1   1   1   1   1   1 |     CGC   0   0   0   0   0   0
    CTA   0   0   0   0   0   0 |     CCA   0   0   0   0   0   0 | Gln CAA   0   0   0   0   0   0 |     CGA   0   0   0   0   0   0
    CTG   1   1   1   1   1   1 |     CCG   0   0   0   0   0   0 |     CAG   1   1   1   1   1   2 |     CGG   1   1   1   1   1   0
--------------------------------------------------------------------------------------------------------------------------------------
Ile ATT   0   0   0   0   0   0 | Thr ACT   0   0   0   0   0   0 | Asn AAT   0   0   0   0   0   0 | Ser AGT   0   0   0   0   0   0
    ATC   0   0   0   0   0   0 |     ACC   0   0   0   0   0   0 |     AAC   0   0   0   0   0   0 |     AGC   0   0   0   0   0   0
    ATA   0   0   0   0   0   0 |     ACA   0   0   0   0   0   0 | Lys AAA   0   0   0   0   0   0 | Arg AGA   0   0   0   0   0   0
Met ATG   1   1   1   1   1   1 |     ACG   0   0   0   0   0   0 |     AAG   0   0   0   0   0   0 |     AGG   0   0   0   0   0   0
--------------------------------------------------------------------------------------------------------------------------------------
Val GTT   0   0   0   0   0   0 | Ala GCT   0   0   0   0   0   0 | Asp GAT   1   1   1   1   1   1 | Gly GGT   0   0   0   0   0   0
    GTC   0   0   0   0   0   0 |     GCC   1   1   1   1   1   1 |     GAC   0   0   0   0   0   0 |     GGC   0   0   0   0   0   0
    GTA   0   0   0   0   0   0 |     GCA   0   0   0   0   1   0 | Glu GAA   0   0   0   0   0   0 |     GGA   0   0   0   0   0   0
    GTG   0   0   0   0   0   0 |     GCG   1   1   1   1   0   1 |     GAG   0   0   0   0   0   0 |     GGG   0   0   0   0   0   0
--------------------------------------------------------------------------------------------------------------------------------------

--------------------------------------------------------------------------------------------------------------------------------------
Phe TTT   0   0   0   0   0   0 | Ser TCT   2   2   2   2   2   2 | Tyr TAT   0   0   0   0   0   1 | Cys TGT   0   0   0   0   0   0
    TTC   0   0   0   0   0   0 |     TCC   0   0   0   0   0   0 |     TAC   0   1   0   0   0   0 |     TGC   0   0   0   0   0   0
Leu TTA   0   0   0   0   0   0 |     TCA   0   0   0   0   0   0 | *** TAA   0   0   0   0   0   0 | *** TGA   0   0   0   0   0   0
    TTG   0   0   0   0   0   0 |     TCG   0   0   0   0   0   0 |     TAG   0   0   0   0   0   0 | Trp TGG   0   0   0   0   0   0
--------------------------------------------------------------------------------------------------------------------------------------
Leu CTT   0   0   0   0   0   0 | Pro CCT   0   0   0   0   0   0 | His CAT   0   0   0   0   0   0 | Arg CGT   0   0   0   0   0   0
    CTC   1   1   1   1   2   1 |     CCC   0   0   0   0   0   0 |     CAC   1   0   1   1   1   1 |     CGC   0   0   0   0   0   0
    CTA   0   0   0   0   0   0 |     CCA   0   0   0   0   0   0 | Gln CAA   0   0   0   0   0   0 |     CGA   0   0   0   1   0   0
    CTG   1   1   1   1   0   1 |     CCG   0   0   0   0   0   0 |     CAG   1   1   1   1   2   1 |     CGG   1   1   1   0   0   1
--------------------------------------------------------------------------------------------------------------------------------------
Ile ATT   0   0   0   0   0   0 | Thr ACT   0   0   0   0   0   0 | Asn AAT   0   0   0   0   0   0 | Ser AGT   0   0   0   0   0   0
    ATC   0   0   0   0   0   0 |     ACC   0   0   0   0   0   0 |     AAC   0   0   0   0   0   0 |     AGC   0   0   0   0   0   0
    ATA   0   0   0   0   0   0 |     ACA   0   0   0   0   0   0 | Lys AAA   0   0   0   0   0   0 | Arg AGA   0   0   0   0   0   0
Met ATG   1   1   1   1   1   1 |     ACG   0   0   0   0   0   0 |     AAG   0   0   0   0   0   0 |     AGG   0   0   0   0   0   0
--------------------------------------------------------------------------------------------------------------------------------------
Val GTT   0   0   0   0   0   0 | Ala GCT   0   0   0   0   0   0 | Asp GAT   1   1   1   1   1   0 | Gly GGT   0   0   0   0   0   0
    GTC   0   0   0   0   0   0 |     GCC   1   1   1   1   1   1 |     GAC   0   0   0   0   0   0 |     GGC   0   0   0   0   0   0
    GTA   0   0   0   0   0   0 |     GCA   0   0   0   0   1   1 | Glu GAA   0   0   0   0   0   0 |     GGA   0   0   0   0   0   0
    GTG   0   0   0   0   0   0 |     GCG   1   1   1   1   0   0 |     GAG   0   0   0   0   0   0 |     GGG   0   0   0   0   0   0
--------------------------------------------------------------------------------------------------------------------------------------

--------------------------------------------------------------------------------------------------------------------------------------
Phe TTT   0   0   0   0   0   0 | Ser TCT   2   2   2   1   2   2 | Tyr TAT   0   0   0   0   0   0 | Cys TGT   0   0   0   0   0   0
    TTC   0   0   0   0   0   0 |     TCC   0   0   0   0   0   0 |     TAC   0   0   0   0   0   0 |     TGC   0   0   0   0   0   0
Leu TTA   0   0   0   0   0   0 |     TCA   0   0   0   0   0   0 | *** TAA   0   0   0   0   0   0 | *** TGA   0   0   0   0   0   0
    TTG   0   0   0   0   0   0 |     TCG   0   0   0   0   0   0 |     TAG   0   0   0   0   0   0 | Trp TGG   0   0   0   0   0   0
--------------------------------------------------------------------------------------------------------------------------------------
Leu CTT   0   0   0   0   0   0 | Pro CCT   0   0   0   0   0   0 | His CAT   0   0   0   0   0   0 | Arg CGT   0   0   0   0   0   0
    CTC   1   1   1   1   1   2 |     CCC   0   0   0   0   0   0 |     CAC   1   1   1   1   1   1 |     CGC   0   0   0   0   0   0
    CTA   0   0   0   0   0   0 |     CCA   0   0   0   0   0   0 | Gln CAA   1   0   0   0   0   0 |     CGA   0   0   0   0   0   0
    CTG   1   1   1   1   1   0 |     CCG   0   0   0   0   0   0 |     CAG   0   1   1   1   1   2 |     CGG   1   1   1   1   1   0
--------------------------------------------------------------------------------------------------------------------------------------
Ile ATT   0   0   0   0   0   0 | Thr ACT   0   0   0   1   0   0 | Asn AAT   0   0   0   0   0   0 | Ser AGT   0   0   0   0   0   0
    ATC   0   0   0   0   0   0 |     ACC   0   0   0   0   0   0 |     AAC   0   0   0   0   0   0 |     AGC   0   0   0   0   0   0
    ATA   0   0   0   0   0   0 |     ACA   0   0   0   0   0   0 | Lys AAA   0   0   0   0   0   0 | Arg AGA   0   0   0   0   0   0
Met ATG   1   1   1   1   1   1 |     ACG   0   0   1   0   0   0 |     AAG   0   0   0   0   0   0 |     AGG   0   0   0   0   0   0
--------------------------------------------------------------------------------------------------------------------------------------
Val GTT   0   0   0   0   0   0 | Ala GCT   0   0   0   0   0   0 | Asp GAT   1   1   1   1   1   1 | Gly GGT   0   0   0   0   0   0
    GTC   0   0   0   0   0   0 |     GCC   1   1   1   1   1   1 |     GAC   0   0   0   0   0   0 |     GGC   0   0   0   0   0   0
    GTA   0   0   0   0   0   0 |     GCA   0   1   0   0   0   1 | Glu GAA   0   0   0   0   0   0 |     GGA   0   0   0   0   0   0
    GTG   0   0   0   0   0   0 |     GCG   1   0   0   1   0   0 |     GAG   0   0   0   0   1   0 |     GGG   0   0   0   0   0   0
--------------------------------------------------------------------------------------------------------------------------------------

--------------------------------------------------------------------------------------------------------------------------------------
Phe TTT   0   1   0   0   0   0 | Ser TCT   2   1   2   2   2   2 | Tyr TAT   0   0   0   0   0   0 | Cys TGT   0   0   0   0   0   0
    TTC   0   0   0   0   0   0 |     TCC   0   0   0   0   0   0 |     TAC   0   0   0   0   0   1 |     TGC   0   0   0   0   0   0
Leu TTA   0   0   0   0   0   0 |     TCA   0   0   0   0   0   0 | *** TAA   0   0   0   0   0   0 | *** TGA   0   0   0   0   0   0
    TTG   0   0   0   0   0   0 |     TCG   0   0   0   0   0   0 |     TAG   0   0   0   0   0   0 | Trp TGG   0   0   0   0   0   0
--------------------------------------------------------------------------------------------------------------------------------------
Leu CTT   0   0   0   0   0   0 | Pro CCT   0   0   0   0   0   0 | His CAT   0   0   0   0   0   0 | Arg CGT   0   0   0   0   0   0
    CTC   1   1   1   1   1   1 |     CCC   0   0   0   0   0   0 |     CAC   1   1   1   1   1   0 |     CGC   0   0   0   0   0   0
    CTA   0   0   0   0   0   0 |     CCA   0   0   0   0   0   0 | Gln CAA   0   0   0   0   0   0 |     CGA   0   0   0   0   0   0
    CTG   1   1   1   1   1   1 |     CCG   0   0   0   0   0   0 |     CAG   2   1   1   1   1   1 |     CGG   0   1   1   1   1   1
--------------------------------------------------------------------------------------------------------------------------------------
Ile ATT   0   0   0   0   0   0 | Thr ACT   0   0   0   0   0   0 | Asn AAT   0   0   0   0   0   0 | Ser AGT   0   0   0   0   0   0
    ATC   0   0   0   0   0   0 |     ACC   0   0   0   0   0   0 |     AAC   0   0   0   0   0   0 |     AGC   0   0   0   0   0   0
    ATA   0   0   0   0   0   0 |     ACA   0   0   0   0   0   0 | Lys AAA   0   0   0   0   0   0 | Arg AGA   0   0   0   0   0   0
Met ATG   1   1   1   1   1   1 |     ACG   0   0   0   0   0   0 |     AAG   0   0   0   0   0   0 |     AGG   0   0   0   0   0   0
--------------------------------------------------------------------------------------------------------------------------------------
Val GTT   0   0   0   0   0   0 | Ala GCT   0   0   0   0   0   0 | Asp GAT   0   2   1   1   1   1 | Gly GGT   0   0   0   0   0   0
    GTC   0   0   0   0   0   0 |     GCC   1   1   1   1   1   1 |     GAC   0   0   0   0   0   0 |     GGC   0   0   0   0   0   0
    GTA   0   0   0   0   0   0 |     GCA   1   0   0   0   0   1 | Glu GAA   0   0   0   0   0   0 |     GGA   0   0   0   0   0   0
    GTG   0   0   0   0   0   0 |     GCG   0   0   1   1   1   0 |     GAG   1   0   0   0   0   0 |     GGG   0   0   0   0   0   0
--------------------------------------------------------------------------------------------------------------------------------------

--------------------------------------------------------------------------------------------------------------------------------------
Phe TTT   0   0   0   0   1   0 | Ser TCT   2   2   2   2   1   2 | Tyr TAT   0   0   0   0   0   0 | Cys TGT   0   0   0   0   0   0
    TTC   0   0   0   0   0   0 |     TCC   0   0   0   0   0   0 |     TAC   0   0   0   1   0   0 |     TGC   0   0   0   0   0   0
Leu TTA   0   0   0   0   0   0 |     TCA   0   0   0   0   0   0 | *** TAA   0   0   0   0   0   0 | *** TGA   0   0   0   0   0   0
    TTG   0   0   0   0   0   0 |     TCG   0   0   0   0   0   0 |     TAG   0   0   0   0   0   0 | Trp TGG   0   0   0   0   0   0
--------------------------------------------------------------------------------------------------------------------------------------
Leu CTT   0   0   0   0   0   0 | Pro CCT   0   0   0   0   0   0 | His CAT   0   0   0   0   0   0 | Arg CGT   0   0   0   0   0   0
    CTC   1   1   1   1   1   1 |     CCC   0   0   0   0   0   0 |     CAC   1   1   1   0   1   1 |     CGC   0   0   0   0   0   0
    CTA   0   0   0   0   0   0 |     CCA   0   0   0   0   0   0 | Gln CAA   0   0   0   0   0   0 |     CGA   0   1   0   0   0   0
    CTG   1   1   1   1   1   1 |     CCG   0   0   0   0   0   0 |     CAG   1   1   1   1   2   1 |     CGG   1   0   1   1   0   1
--------------------------------------------------------------------------------------------------------------------------------------
Ile ATT   0   0   0   0   0   0 | Thr ACT   0   0   0   0   0   0 | Asn AAT   0   0   0   0   0   0 | Ser AGT   0   0   0   0   0   0
    ATC   0   0   0   0   0   0 |     ACC   0   0   0   0   0   0 |     AAC   0   0   0   0   0   0 |     AGC   0   0   0   0   0   0
    ATA   0   0   0   0   0   0 |     ACA   0   0   0   0   0   0 | Lys AAA   0   0   0   0   0   0 | Arg AGA   0   0   0   0   0   0
Met ATG   1   1   1   1   1   1 |     ACG   0   0   1   0   0   0 |     AAG   0   0   0   0   0   0 |     AGG   0   0   0   0   0   0
--------------------------------------------------------------------------------------------------------------------------------------
Val GTT   0   0   0   0   0   0 | Ala GCT   0   0   0   0   0   0 | Asp GAT   1   1   1   1   2   1 | Gly GGT   0   0   0   0   0   0
    GTC   0   0   0   0   0   0 |     GCC   1   1   1   1   1   1 |     GAC   0   0   0   0   0   0 |     GGC   0   0   0   0   0   0
    GTA   0   0   0   0   0   0 |     GCA   0   0   0   0   0   0 | Glu GAA   0   0   0   0   0   0 |     GGA   0   0   0   0   0   0
    GTG   0   0   0   0   0   0 |     GCG   1   1   0   1   0   1 |     GAG   0   0   0   0   0   0 |     GGG   0   0   0   0   0   0
--------------------------------------------------------------------------------------------------------------------------------------

--------------------------------------------------------------------------------------------------------------------------------------
Phe TTT   0   0   0   0   0   0 | Ser TCT   2   2   2   2   2   2 | Tyr TAT   0   0   0   0   0   0 | Cys TGT   0   0   0   0   0   0
    TTC   0   0   0   0   0   0 |     TCC   0   0   0   0   0   0 |     TAC   0   0   0   0   0   0 |     TGC   0   0   0   0   0   0
Leu TTA   0   0   0   0   0   0 |     TCA   0   0   0   0   0   0 | *** TAA   0   0   0   0   0   0 | *** TGA   0   0   0   0   0   0
    TTG   0   0   0   0   0   0 |     TCG   0   0   0   0   0   0 |     TAG   0   0   0   0   0   0 | Trp TGG   0   0   0   0   0   0
--------------------------------------------------------------------------------------------------------------------------------------
Leu CTT   0   0   0   0   0   0 | Pro CCT   0   0   0   0   0   0 | His CAT   0   0   0   0   0   0 | Arg CGT   0   0   0   0   0   0
    CTC   1   1   1   1   1   1 |     CCC   0   0   0   0   0   0 |     CAC   1   1   1   1   1   1 |     CGC   0   0   0   0   0   0
    CTA   0   0   0   0   0   0 |     CCA   0   0   0   0   0   0 | Gln CAA   0   0   0   0   0   0 |     CGA   0   0   0   0   0   0
    CTG   1   1   1   1   1   1 |     CCG   0   0   0   0   0   0 |     CAG   1   1   1   1   1   1 |     CGG   1   1   1   1   1   1
--------------------------------------------------------------------------------------------------------------------------------------
Ile ATT   0   0   0   0   0   0 | Thr ACT   0   0   0   0   0   0 | Asn AAT   0   0   0   0   0   0 | Ser AGT   0   0   0   0   0   0
    ATC   0   0   0   0   0   0 |     ACC   0   0   0   0   0   0 |     AAC   0   0   0   0   0   0 |     AGC   0   0   0   0   0   0
    ATA   0   0   0   0   0   0 |     ACA   0   0   0   0   0   0 | Lys AAA   0   0   0   0   0   0 | Arg AGA   0   0   0   0   0   0
Met ATG   1   1   1   1   1   1 |     ACG   0   0   0   0   0   0 |     AAG   0   0   0   0   0   0 |     AGG   0   0   0   0   0   0
--------------------------------------------------------------------------------------------------------------------------------------
Val GTT   0   0   0   0   0   0 | Ala GCT   0   0   0   0   0   0 | Asp GAT   1   1   1   1   1   1 | Gly GGT   0   0   0   0   0   0
    GTC   0   0   0   0   0   0 |     GCC   1   1   1   1   1   1 |     GAC   0   0   0   0   0   0 |     GGC   0   0   0   0   0   0
    GTA   0   0   0   0   0   0 |     GCA   0   0   0   0   0   0 | Glu GAA   0   0   0   0   0   0 |     GGA   0   0   0   0   0   0
    GTG   0   0   0   0   0   0 |     GCG   1   1   1   1   1   1 |     GAG   0   0   0   0   0   0 |     GGG   0   0   0   0   0   0
--------------------------------------------------------------------------------------------------------------------------------------

Codon position x base (3x4) table for each sequence.

#1: Argali         
position  1:    T:0.18182    C:0.45455    A:0.09091    G:0.27273
position  2:    T:0.27273    C:0.36364    A:0.27273    G:0.09091
position  3:    T:0.27273    C:0.27273    A:0.09091    G:0.36364
Average         T:0.24242    C:0.36364    A:0.15152    G:0.24242

#2: LesserMouseDeer
position  1:    T:0.18182    C:0.45455    A:0.09091    G:0.27273
position  2:    T:0.27273    C:0.36364    A:0.36364    G:0.00000
position  3:    T:0.27273    C:0.27273    A:0.00000    G:0.45455
Average         T:0.24242    C:0.36364    A:0.15152    G:0.24242

#3: LesserKudu     
position  1:    T:0.18182    C:0.45455    A:0.09091    G:0.27273
position  2:    T:0.27273    C:0.36364    A:0.27273    G:0.09091
position  3:    T:0.27273    C:0.27273    A:0.00000    G:0.45455
Average         T:0.24242    C:0.36364    A:0.12121    G:0.27273

#4: ForestMuskDeer2
position  1:    T:0.18182    C:0.45455    A:0.09091    G:0.27273
position  2:    T:0.27273    C:0.36364    A:0.27273    G:0.09091
position  3:    T:0.27273    C:0.27273    A:0.00000    G:0.45455
Average         T:0.24242    C:0.36364    A:0.12121    G:0.27273

#5: Camel          
position  1:    T:0.18182    C:0.45455    A:0.09091    G:0.27273
position  2:    T:0.27273    C:0.36364    A:0.36364    G:0.00000
position  3:    T:0.27273    C:0.27273    A:0.00000    G:0.45455
Average         T:0.24242    C:0.36364    A:0.15152    G:0.24242

#6: KillerWhale    
position  1:    T:0.27273    C:0.36364    A:0.09091    G:0.27273
position  2:    T:0.36364    C:0.27273    A:0.27273    G:0.09091
position  3:    T:0.27273    C:0.36364    A:0.00000    G:0.36364
Average         T:0.30303    C:0.33333    A:0.12121    G:0.24242

#7: DefassaWaterbuck
position  1:    T:0.18182    C:0.45455    A:0.09091    G:0.27273
position  2:    T:0.27273    C:0.36364    A:0.27273    G:0.09091
position  3:    T:0.27273    C:0.27273    A:0.00000    G:0.45455
Average         T:0.24242    C:0.36364    A:0.12121    G:0.27273

#8: Sheep          
position  1:    T:0.18182    C:0.45455    A:0.09091    G:0.27273
position  2:    T:0.27273    C:0.36364    A:0.27273    G:0.09091
position  3:    T:0.27273    C:0.27273    A:0.09091    G:0.36364
Average         T:0.24242    C:0.36364    A:0.15152    G:0.24242

#9: MaxwellsDuiker 
position  1:    T:0.18182    C:0.45455    A:0.09091    G:0.27273
position  2:    T:0.36364    C:0.27273    A:0.27273    G:0.09091
position  3:    T:0.27273    C:0.27273    A:0.00000    G:0.45455
Average         T:0.27273    C:0.33333    A:0.12121    G:0.27273

#10: GazellaPrzewalskyi
position  1:    T:0.18182    C:0.45455    A:0.09091    G:0.27273
position  2:    T:0.27273    C:0.36364    A:0.27273    G:0.09091
position  3:    T:0.27273    C:0.27273    A:0.00000    G:0.45455
Average         T:0.24242    C:0.36364    A:0.12121    G:0.27273

#11: MountainNyala  
position  1:    T:0.18182    C:0.45455    A:0.09091    G:0.27273
position  2:    T:0.27273    C:0.36364    A:0.27273    G:0.09091
position  3:    T:0.27273    C:0.27273    A:0.00000    G:0.45455
Average         T:0.24242    C:0.36364    A:0.12121    G:0.27273

#12: MuntiacusMuntjak
position  1:    T:0.27273    C:0.36364    A:0.18182    G:0.18182
position  2:    T:0.27273    C:0.36364    A:0.27273    G:0.09091
position  3:    T:0.27273    C:0.27273    A:0.00000    G:0.45455
Average         T:0.27273    C:0.33333    A:0.15152    G:0.24242

#13: goat           
position  1:    T:0.18182    C:0.45455    A:0.09091    G:0.27273
position  2:    T:0.27273    C:0.36364    A:0.27273    G:0.09091
position  3:    T:0.27273    C:0.27273    A:0.00000    G:0.45455
Average         T:0.24242    C:0.36364    A:0.12121    G:0.27273

#14: AfricanBuffalo 
position  1:    T:0.18182    C:0.45455    A:0.00000    G:0.36364
position  2:    T:0.27273    C:0.36364    A:0.27273    G:0.09091
position  3:    T:0.27273    C:0.27273    A:0.00000    G:0.45455
Average         T:0.24242    C:0.36364    A:0.09091    G:0.30303

#15: Topi           
position  1:    T:0.18182    C:0.45455    A:0.09091    G:0.27273
position  2:    T:0.27273    C:0.36364    A:0.36364    G:0.00000
position  3:    T:0.27273    C:0.36364    A:0.09091    G:0.27273
Average         T:0.24242    C:0.39394    A:0.18182    G:0.18182

#16: CommonDuiker   
position  1:    T:0.18182    C:0.45455    A:0.09091    G:0.27273
position  2:    T:0.27273    C:0.36364    A:0.27273    G:0.09091
position  3:    T:0.27273    C:0.27273    A:0.09091    G:0.36364
Average         T:0.24242    C:0.36364    A:0.15152    G:0.24242

#17: Suni           
position  1:    T:0.18182    C:0.45455    A:0.09091    G:0.27273
position  2:    T:0.27273    C:0.36364    A:0.27273    G:0.09091
position  3:    T:0.27273    C:0.27273    A:0.00000    G:0.45455
Average         T:0.24242    C:0.36364    A:0.12121    G:0.27273

#18: Springbuck     
position  1:    T:0.18182    C:0.45455    A:0.09091    G:0.27273
position  2:    T:0.27273    C:0.36364    A:0.27273    G:0.09091
position  3:    T:0.27273    C:0.27273    A:0.00000    G:0.45455
Average         T:0.24242    C:0.36364    A:0.12121    G:0.27273

#19: Okapi          
position  1:    T:0.18182    C:0.45455    A:0.09091    G:0.27273
position  2:    T:0.27273    C:0.36364    A:0.27273    G:0.09091
position  3:    T:0.27273    C:0.27273    A:0.00000    G:0.45455
Average         T:0.24242    C:0.36364    A:0.12121    G:0.27273

#20: Giraffe        
position  1:    T:0.18182    C:0.45455    A:0.09091    G:0.27273
position  2:    T:0.27273    C:0.36364    A:0.27273    G:0.09091
position  3:    T:0.27273    C:0.27273    A:0.00000    G:0.45455
Average         T:0.24242    C:0.36364    A:0.12121    G:0.27273

#21: TibetanAntelope
position  1:    T:0.18182    C:0.45455    A:0.09091    G:0.27273
position  2:    T:0.27273    C:0.36364    A:0.27273    G:0.09091
position  3:    T:0.27273    C:0.27273    A:0.00000    G:0.45455
Average         T:0.24242    C:0.36364    A:0.12121    G:0.27273

#22: Sitatunga      
position  1:    T:0.18182    C:0.45455    A:0.09091    G:0.27273
position  2:    T:0.27273    C:0.36364    A:0.27273    G:0.09091
position  3:    T:0.27273    C:0.27273    A:0.00000    G:0.45455
Average         T:0.24242    C:0.36364    A:0.12121    G:0.27273

#23: Oribi          
position  1:    T:0.18182    C:0.45455    A:0.09091    G:0.27273
position  2:    T:0.27273    C:0.36364    A:0.27273    G:0.09091
position  3:    T:0.27273    C:0.27273    A:0.09091    G:0.36364
Average         T:0.24242    C:0.36364    A:0.15152    G:0.24242

#24: BarbarySheep   
position  1:    T:0.18182    C:0.45455    A:0.09091    G:0.27273
position  2:    T:0.27273    C:0.36364    A:0.36364    G:0.00000
position  3:    T:0.27273    C:0.27273    A:0.00000    G:0.45455
Average         T:0.24242    C:0.36364    A:0.15152    G:0.24242

#25: Daviddeer      
position  1:    T:0.18182    C:0.45455    A:0.09091    G:0.27273
position  2:    T:0.27273    C:0.36364    A:0.27273    G:0.09091
position  3:    T:0.27273    C:0.27273    A:0.00000    G:0.45455
Average         T:0.24242    C:0.36364    A:0.12121    G:0.27273

#26: Reindeer       
position  1:    T:0.27273    C:0.36364    A:0.09091    G:0.27273
position  2:    T:0.27273    C:0.36364    A:0.27273    G:0.09091
position  3:    T:0.27273    C:0.27273    A:0.00000    G:0.45455
Average         T:0.27273    C:0.33333    A:0.12121    G:0.27273

#27: Ibex           
position  1:    T:0.18182    C:0.45455    A:0.09091    G:0.27273
position  2:    T:0.27273    C:0.36364    A:0.27273    G:0.09091
position  3:    T:0.27273    C:0.27273    A:0.00000    G:0.45455
Average         T:0.24242    C:0.36364    A:0.12121    G:0.27273

#28: GyrantGazelle  
position  1:    T:0.18182    C:0.45455    A:0.09091    G:0.27273
position  2:    T:0.27273    C:0.36364    A:0.27273    G:0.09091
position  3:    T:0.27273    C:0.27273    A:0.09091    G:0.36364
Average         T:0.24242    C:0.36364    A:0.15152    G:0.24242

#29: Hartebeest     
position  1:    T:0.18182    C:0.45455    A:0.09091    G:0.27273
position  2:    T:0.27273    C:0.36364    A:0.36364    G:0.00000
position  3:    T:0.27273    C:0.36364    A:0.09091    G:0.27273
Average         T:0.24242    C:0.39394    A:0.18182    G:0.18182

#30: Bongo          
position  1:    T:0.27273    C:0.45455    A:0.09091    G:0.18182
position  2:    T:0.27273    C:0.36364    A:0.27273    G:0.09091
position  3:    T:0.27273    C:0.27273    A:0.09091    G:0.36364
Average         T:0.27273    C:0.36364    A:0.15152    G:0.21212

#31: Gerenuk        
position  1:    T:0.18182    C:0.45455    A:0.09091    G:0.27273
position  2:    T:0.27273    C:0.36364    A:0.27273    G:0.09091
position  3:    T:0.27273    C:0.27273    A:0.09091    G:0.36364
Average         T:0.24242    C:0.36364    A:0.15152    G:0.24242

#32: CommonEland    
position  1:    T:0.18182    C:0.45455    A:0.09091    G:0.27273
position  2:    T:0.27273    C:0.36364    A:0.27273    G:0.09091
position  3:    T:0.27273    C:0.27273    A:0.09091    G:0.36364
Average         T:0.24242    C:0.36364    A:0.15152    G:0.24242

#33: MuntiacusReevesi
position  1:    T:0.18182    C:0.45455    A:0.18182    G:0.18182
position  2:    T:0.27273    C:0.36364    A:0.27273    G:0.09091
position  3:    T:0.27273    C:0.27273    A:0.00000    G:0.45455
Average         T:0.24242    C:0.36364    A:0.15152    G:0.24242

#34: HarveysDuiker  
position  1:    T:0.09091    C:0.45455    A:0.18182    G:0.27273
position  2:    T:0.27273    C:0.36364    A:0.27273    G:0.09091
position  3:    T:0.27273    C:0.27273    A:0.00000    G:0.45455
Average         T:0.21212    C:0.36364    A:0.15152    G:0.27273

#35: Pronghorn      
position  1:    T:0.18182    C:0.45455    A:0.09091    G:0.27273
position  2:    T:0.27273    C:0.27273    A:0.36364    G:0.09091
position  3:    T:0.27273    C:0.27273    A:0.00000    G:0.45455
Average         T:0.24242    C:0.33333    A:0.15152    G:0.27273

#36: BlueWildebeest 
position  1:    T:0.18182    C:0.45455    A:0.09091    G:0.27273
position  2:    T:0.27273    C:0.36364    A:0.36364    G:0.00000
position  3:    T:0.27273    C:0.36364    A:0.09091    G:0.27273
Average         T:0.24242    C:0.39394    A:0.18182    G:0.18182

#37: Gemsbok        
position  1:    T:0.18182    C:0.45455    A:0.09091    G:0.27273
position  2:    T:0.27273    C:0.36364    A:0.36364    G:0.00000
position  3:    T:0.18182    C:0.27273    A:0.09091    G:0.45455
Average         T:0.21212    C:0.36364    A:0.18182    G:0.24242

#38: Yak            
position  1:    T:0.18182    C:0.45455    A:0.09091    G:0.27273
position  2:    T:0.36364    C:0.18182    A:0.36364    G:0.09091
position  3:    T:0.36364    C:0.27273    A:0.00000    G:0.36364
Average         T:0.30303    C:0.30303    A:0.15152    G:0.24242

#39: BlueSheep      
position  1:    T:0.18182    C:0.45455    A:0.09091    G:0.27273
position  2:    T:0.27273    C:0.36364    A:0.27273    G:0.09091
position  3:    T:0.27273    C:0.27273    A:0.00000    G:0.45455
Average         T:0.24242    C:0.36364    A:0.12121    G:0.27273

#40: BohorReedbuck  
position  1:    T:0.18182    C:0.45455    A:0.09091    G:0.27273
position  2:    T:0.27273    C:0.36364    A:0.27273    G:0.09091
position  3:    T:0.27273    C:0.27273    A:0.00000    G:0.45455
Average         T:0.24242    C:0.36364    A:0.12121    G:0.27273

#41: KirksDik       
position  1:    T:0.18182    C:0.45455    A:0.09091    G:0.27273
position  2:    T:0.27273    C:0.36364    A:0.27273    G:0.09091
position  3:    T:0.27273    C:0.27273    A:0.00000    G:0.45455
Average         T:0.24242    C:0.36364    A:0.12121    G:0.27273

#42: RoeDeer        
position  1:    T:0.27273    C:0.36364    A:0.09091    G:0.27273
position  2:    T:0.27273    C:0.36364    A:0.27273    G:0.09091
position  3:    T:0.27273    C:0.27273    A:0.09091    G:0.36364
Average         T:0.27273    C:0.33333    A:0.15152    G:0.24242

#43: WhiteLippedDeer
position  1:    T:0.18182    C:0.45455    A:0.09091    G:0.27273
position  2:    T:0.27273    C:0.36364    A:0.27273    G:0.09091
position  3:    T:0.27273    C:0.27273    A:0.00000    G:0.45455
Average         T:0.24242    C:0.36364    A:0.12121    G:0.27273

#44: ThomsonGazelle 
position  1:    T:0.18182    C:0.45455    A:0.09091    G:0.27273
position  2:    T:0.27273    C:0.36364    A:0.27273    G:0.09091
position  3:    T:0.27273    C:0.27273    A:0.09091    G:0.36364
Average         T:0.24242    C:0.36364    A:0.15152    G:0.24242

#45: MuntiacusCrinifrons
position  1:    T:0.18182    C:0.45455    A:0.18182    G:0.18182
position  2:    T:0.27273    C:0.36364    A:0.27273    G:0.09091
position  3:    T:0.27273    C:0.27273    A:0.00000    G:0.45455
Average         T:0.24242    C:0.36364    A:0.15152    G:0.24242

#46: WhiteTailedDeer
position  1:    T:0.27273    C:0.36364    A:0.09091    G:0.27273
position  2:    T:0.27273    C:0.36364    A:0.27273    G:0.09091
position  3:    T:0.27273    C:0.27273    A:0.00000    G:0.45455
Average         T:0.27273    C:0.33333    A:0.12121    G:0.27273

#47: Cattle         
position  1:    T:0.18182    C:0.45455    A:0.09091    G:0.27273
position  2:    T:0.36364    C:0.18182    A:0.45455    G:0.00000
position  3:    T:0.36364    C:0.27273    A:0.00000    G:0.36364
Average         T:0.30303    C:0.30303    A:0.18182    G:0.21212

#48: RoyalAntelope  
position  1:    T:0.18182    C:0.45455    A:0.09091    G:0.27273
position  2:    T:0.27273    C:0.36364    A:0.27273    G:0.09091
position  3:    T:0.27273    C:0.27273    A:0.00000    G:0.45455
Average         T:0.24242    C:0.36364    A:0.12121    G:0.27273

#49: Steenbok       
position  1:    T:0.18182    C:0.45455    A:0.09091    G:0.27273
position  2:    T:0.27273    C:0.36364    A:0.27273    G:0.09091
position  3:    T:0.27273    C:0.27273    A:0.00000    G:0.45455
Average         T:0.24242    C:0.36364    A:0.12121    G:0.27273

#50: Impala         
position  1:    T:0.18182    C:0.45455    A:0.09091    G:0.27273
position  2:    T:0.27273    C:0.36364    A:0.27273    G:0.09091
position  3:    T:0.27273    C:0.27273    A:0.00000    G:0.45455
Average         T:0.24242    C:0.36364    A:0.12121    G:0.27273

#51: Klipspringer   
position  1:    T:0.18182    C:0.45455    A:0.09091    G:0.27273
position  2:    T:0.27273    C:0.36364    A:0.27273    G:0.09091
