CODONML (in paml version 4.10.7, June 2023)  /home/rachel/ruminants_paml/6406-phy-tree/ENSBTAT00000006183.fasta.phy
Model: free dN/dS Ratios for branches,  kappa = 2.000 fixed

Codon frequency model: F3x4
ns =  54  ls = 184

Codon usage in sequences
--------------------------------------------------------------------------------------------------------------------------------------
Phe TTT   6   5   5   6   4   6 | Ser TCT   2   1   2   2   4   3 | Tyr TAT   3   4   3   2   2   3 | Cys TGT   4   5   4   4   3   5
    TTC   1   2   2   1   3   1 |     TCC   3   3   3   3   2   2 |     TAC   4   3   4   5   5   4 |     TGC   2   1   2   2   3   1
Leu TTA   1   1   1   1   1   1 |     TCA   4   7   3   3   4   5 | *** TAA   0   0   0   0   0   0 | *** TGA   0   0   0   0   0   0
    TTG   1   2   1   1   1   2 |     TCG   3   1   4   4   3   2 |     TAG   0   0   0   0   0   0 | Trp TGG   0   0   0   0   0   0
--------------------------------------------------------------------------------------------------------------------------------------
Leu CTT   3   4   4   4   4   5 | Pro CCT   2   3   2   2   1   3 | His CAT   2   2   2   2   2   2 | Arg CGT   2   2   2   2   2   3
    CTC   1   1   1   1   3   1 |     CCC   4   1   3   3   3   2 |     CAC   0   0   0   0   0   0 |     CGC   1   1   1   1   2   1
    CTA   1   1   1   2   1   2 |     CCA   0   1   1   1   0   1 | Gln CAA   3   4   3   3   3   3 |     CGA   2   1   2   2   1   1
    CTG   8   6   7   6   5   4 |     CCG   0   1   0   0   2   0 |     CAG   7   6   7   7   7   7 |     CGG   2   3   2   2   2   2
--------------------------------------------------------------------------------------------------------------------------------------
Ile ATT   3   2   3   3   2   3 | Thr ACT   5   3   4   5   4   5 | Asn AAT   4   5   5   5   5   5 | Ser AGT   6   5   6   5   5   6
    ATC   3   4   3   3   4   3 |     ACC   2   4   2   2   3   3 |     AAC   5   4   4   4   4   4 |     AGC   4   5   4   5   4   4
    ATA   1   1   1   1   1   1 |     ACA   4   6   5   4   5   4 | Lys AAA   6   6   6   6   6   7 | Arg AGA   1   1   1   1   1   1
Met ATG   5   5   5   5   5   5 |     ACG   3   1   3   3   1   2 |     AAG   5   5   5   5   5   4 |     AGG   0   0   0   0   0   0
--------------------------------------------------------------------------------------------------------------------------------------
Val GTT   2   2   2   2   2   2 | Ala GCT   3   3   3   3   3   4 | Asp GAT   3   6   5   4   4   6 | Gly GGT   0   1   0   0   2   2
    GTC   5   7   5   5   5   5 |     GCC   4   3   4   4   5   4 |     GAC   9   6   7   8   8   6 |     GGC   5   4   4   5   3   3
    GTA   3   3   4   4   3   5 |     GCA   7   8   7   7   5   7 | Glu GAA   3   3   3   3   2   3 |     GGA   3   3   3   4   2   3
    GTG   4   2   3   3   4   2 |     GCG   1   1   1   1   2   0 |     GAG   2   2   2   2   3   2 |     GGG   1   1   2   0   3   1
--------------------------------------------------------------------------------------------------------------------------------------

--------------------------------------------------------------------------------------------------------------------------------------
Phe TTT   6   6   6   6   5   6 | Ser TCT   2   2   2   2   2   2 | Tyr TAT   3   3   3   3   3   3 | Cys TGT   4   4   5   4   4   3
    TTC   1   1   1   1   2   1 |     TCC   3   3   3   3   3   4 |     TAC   4   4   4   4   4   4 |     TGC   2   2   1   2   2   3
Leu TTA   1   1   1   0   1   1 |     TCA   4   4   4   4   3   3 | *** TAA   0   0   0   0   0   0 | *** TGA   0   0   0   0   0   0
    TTG   1   1   1   2   1   1 |     TCG   3   3   3   3   4   3 |     TAG   0   0   0   0   0   0 | Trp TGG   0   0   0   0   0   0
--------------------------------------------------------------------------------------------------------------------------------------
Leu CTT   4   3   4   4   4   4 | Pro CCT   2   2   2   2   2   2 | His CAT   2   2   2   2   2   2 | Arg CGT   2   2   2   2   2   2
    CTC   1   1   1   1   1   1 |     CCC   3   4   2   2   3   3 |     CAC   0   0   0   0   0   0 |     CGC   1   1   1   1   1   1
    CTA   2   1   2   2   1   1 |     CCA   1   0   2   2   1   1 | Gln CAA   3   3   3   3   3   3 |     CGA   2   2   2   2   2   2
    CTG   6   8   6   6   7   7 |     CCG   0   0   0   0   0   0 |     CAG   7   7   7   7   7   7 |     CGG   2   2   2   2   2   2
--------------------------------------------------------------------------------------------------------------------------------------
Ile ATT   3   3   3   3   3   3 | Thr ACT   5   5   5   5   4   4 | Asn AAT   5   4   5   5   5   5 | Ser AGT   6   6   6   6   6   6
    ATC   3   3   3   3   3   3 |     ACC   2   2   2   2   2   3 |     AAC   4   5   4   4   4   4 |     AGC   4   4   4   4   4   4
    ATA   1   1   1   1   1   1 |     ACA   4   4   4   4   5   4 | Lys AAA   6   6   6   6   6   5 | Arg AGA   1   1   1   1   1   1
Met ATG   5   5   5   5   5   5 |     ACG   3   3   3   3   3   3 |     AAG   5   5   5   5   5   6 |     AGG   0   0   0   0   0   0
--------------------------------------------------------------------------------------------------------------------------------------
Val GTT   2   2   2   2   2   2 | Ala GCT   3   3   3   3   3   3 | Asp GAT   3   3   4   4   5   5 | Gly GGT   0   0   0   0   1   0
    GTC   5   5   5   5   5   5 |     GCC   4   4   4   5   4   4 |     GAC   8   9   8   8   7   7 |     GGC   6   5   5   5   3   5
    GTA   4   3   4   4   4   4 |     GCA   8   7   8   7   7   7 | Glu GAA   3   3   2   2   3   3 |     GGA   3   3   3   3   3   3
    GTG   3   4   3   3   3   3 |     GCG   0   1   0   0   1   1 |     GAG   2   2   3   3   2   2 |     GGG   1   1   1   1   2   1
--------------------------------------------------------------------------------------------------------------------------------------

--------------------------------------------------------------------------------------------------------------------------------------
Phe TTT   5   6   6   6   6   5 | Ser TCT   2   2   2   2   2   2 | Tyr TAT   3   3   2   3   3   2 | Cys TGT   4   4   4   4   4   4
    TTC   2   1   1   1   1   2 |     TCC   3   3   3   3   4   3 |     TAC   4   4   5   4   4   5 |     TGC   2   2   2   2   2   2
Leu TTA   1   1   1   1   1   1 |     TCA   4   4   5   4   3   5 | *** TAA   0   0   0   0   0   0 | *** TGA   0   0   0   0   0   0
    TTG   1   1   1   1   1   0 |     TCG   3   3   2   3   3   2 |     TAG   0   0   0   0   0   0 | Trp TGG   0   0   0   0   0   0
--------------------------------------------------------------------------------------------------------------------------------------
Leu CTT   3   2   4   4   4   4 | Pro CCT   2   2   2   2   2   2 | His CAT   2   2   2   2   2   2 | Arg CGT   2   2   2   2   2   2
    CTC   1   2   1   1   1   1 |     CCC   4   3   3   2   3   2 |     CAC   0   0   0   0   0   0 |     CGC   1   1   1   1   1   1
    CTA   1   2   2   2   2   2 |     CCA   0   1   1   2   1   2 | Gln CAA   3   3   3   3   3   3 |     CGA   1   2   2   2   2   2
    CTG   8   7   6   6   6   7 |     CCG   0   0   0   0   0   0 |     CAG   7   7   7   7   7   7 |     CGG   3   2   2   2   2   2
--------------------------------------------------------------------------------------------------------------------------------------
Ile ATT   3   3   3   3   3   3 | Thr ACT   5   4   6   5   5   5 | Asn AAT   4   5   5   5   5   5 | Ser AGT   4   6   5   6   6   6
    ATC   3   3   3   3   3   3 |     ACC   2   2   2   2   2   2 |     AAC   5   4   4   4   4   4 |     AGC   6   4   4   4   4   4
    ATA   1   1   1   1   1   1 |     ACA   4   5   4   4   4   4 | Lys AAA   6   6   6   6   6   6 | Arg AGA   1   1   1   1   1   1
Met ATG   5   5   5   5   5   5 |     ACG   3   3   3   3   3   3 |     AAG   5   5   5   5   5   5 |     AGG   0   0   0   0   0   0
--------------------------------------------------------------------------------------------------------------------------------------
Val GTT   2   2   2   2   2   2 | Ala GCT   3   3   3   3   3   3 | Asp GAT   3   4   4   4   3   4 | Gly GGT   0   0   0   0   0   0
    GTC   5   7   5   5   5   5 |     GCC   4   4   4   4   4   4 |     GAC   9   8   8   8   9   8 |     GGC   5   5   5   5   5   5
    GTA   3   3   4   4   4   4 |     GCA   6   7   8   8   8   8 | Glu GAA   3   3   3   3   3   3 |     GGA   3   3   3   3   2   3
    GTG   4   2   3   3   3   3 |     GCG   2   1   0   0   0   0 |     GAG   2   2   2   2   2   2 |     GGG   1   1   1   1   2   1
--------------------------------------------------------------------------------------------------------------------------------------

--------------------------------------------------------------------------------------------------------------------------------------
Phe TTT   5   5   6   5   5   6 | Ser TCT   2   2   2   2   2   2 | Tyr TAT   3   3   3   3   3   3 | Cys TGT   4   4   4   4   4   4
    TTC   2   2   1   2   2   1 |     TCC   3   3   3   3   3   3 |     TAC   4   4   4   4   4   4 |     TGC   2   2   2   2   2   2
Leu TTA   1   1   1   1   1   1 |     TCA   5   7   4   3   5   4 | *** TAA   0   0   0   0   0   0 | *** TGA   0   0   0   0   0   0
    TTG   1   1   1   1   1   1 |     TCG   2   0   3   4   2   3 |     TAG   0   0   0   0   0   0 | Trp TGG   0   0   0   0   0   0
--------------------------------------------------------------------------------------------------------------------------------------
Leu CTT   5   5   3   4   4   3 | Pro CCT   2   2   2   2   2   2 | His CAT   2   2   2   2   2   2 | Arg CGT   2   2   2   2   2   2
    CTC   1   1   1   1   1   1 |     CCC   3   3   3   3   2   4 |     CAC   0   0   0   0   0   0 |     CGC   1   1   1   1   1   1
    CTA   2   3   1   1   1   1 |     CCA   1   1   1   1   2   0 | Gln CAA   3   3   3   3   3   2 |     CGA   2   2   2   2   2   2
    CTG   5   4   8   7   7   8 |     CCG   0   0   0   0   0   0 |     CAG   7   7   7   7   7   8 |     CGG   2   2   2   2   2   2
--------------------------------------------------------------------------------------------------------------------------------------
Ile ATT   3   3   3   3   3   3 | Thr ACT   4   4   5   4   5   5 | Asn AAT   6   5   4   5   5   4 | Ser AGT   6   6   6   6   6   6
    ATC   3   3   3   3   3   3 |     ACC   3   3   3   2   2   2 |     AAC   3   4   5   4   4   5 |     AGC   4   4   4   4   4   4
    ATA   1   1   1   1   1   1 |     ACA   4   3   4   5   4   4 | Lys AAA   6   6   6   6   7   6 | Arg AGA   1   1   1   1   1   1
Met ATG   5   5   5   5   5   5 |     ACG   3   4   3   3   3   3 |     AAG   5   5   5   5   4   5 |     AGG   0   0   0   0   0   0
--------------------------------------------------------------------------------------------------------------------------------------
Val GTT   2   2   2   2   2   2 | Ala GCT   3   3   3   3   3   3 | Asp GAT   5   5   4   5   4   4 | Gly GGT   0   0   0   1   0   0
    GTC   6   6   5   5   5   5 |     GCC   4   4   3   4   4   4 |     GAC   7   7   8   7   8   8 |     GGC   5   5   5   3   5   5
    GTA   4   4   3   4   4   3 |     GCA   8   8   8   7   8   7 | Glu GAA   3   3   3   3   3   3 |     GGA   3   3   3   3   3   3
    GTG   2   2   4   3   3   4 |     GCG   0   0   0   1   0   1 |     GAG   2   2   2   2   2   2 |     GGG   1   1   1   2   1   1
--------------------------------------------------------------------------------------------------------------------------------------

--------------------------------------------------------------------------------------------------------------------------------------
Phe TTT   6   5   5   5   6   5 | Ser TCT   2   2   2   2   2   2 | Tyr TAT   3   3   3   2   2   3 | Cys TGT   4   4   4   4   4   4
    TTC   1   2   2   2   1   2 |     TCC   4   4   3   3   3   3 |     TAC   4   4   4   5   5   4 |     TGC   2   2   2   2   2   2
Leu TTA   1   1   1   1   1   1 |     TCA   4   3   4   4   5   3 | *** TAA   0   0   0   0   0   0 | *** TGA   0   0   0   0   0   0
    TTG   0   1   1   1   1   1 |     TCG   2   3   3   3   2   4 |     TAG   0   0   0   0   0   0 | Trp TGG   0   0   0   0   0   0
--------------------------------------------------------------------------------------------------------------------------------------
Leu CTT   4   4   3   4   4   4 | Pro CCT   2   2   2   2   2   2 | His CAT   2   2   2   2   2   2 | Arg CGT   2   2   3   2   2   2
    CTC   1   1   1   1   1   1 |     CCC   3   3   4   2   3   3 |     CAC   0   0   0   0   0   0 |     CGC   1   1   1   1   1   1
    CTA   2   2   1   2   2   1 |     CCA   1   1   0   2   1   1 | Gln CAA   3   3   2   3   3   3 |     CGA   2   2   1   2   2   2
    CTG   7   6   8   6   6   7 |     CCG   0   0   0   0   0   0 |     CAG   7   7   8   7   7   7 |     CGG   2   2   2   2   2   2
--------------------------------------------------------------------------------------------------------------------------------------
Ile ATT   3   3   3   3   3   3 | Thr ACT   4   4   5   5   6   4 | Asn AAT   5   5   4   5   5   5 | Ser AGT   6   5   6   6   5   6
    ATC   3   3   3   3   3   3 |     ACC   3   3   2   2   2   2 |     AAC   4   4   5   4   4   4 |     AGC   4   5   4   4   4   4
    ATA   1   1   1   1   1   1 |     ACA   2   3   5   5   4   5 | Lys AAA   5   6   6   6   6   6 | Arg AGA   1   1   1   1   1   1
Met ATG   5   5   5   5   5   5 |     ACG   4   4   2   2   3   3 |     AAG   6   5   5   5   5   5 |     AGG   0   0   0   0   0   0
--------------------------------------------------------------------------------------------------------------------------------------
Val GTT   2   2   2   2   2   2 | Ala GCT   3   3   3   5   3   3 | Asp GAT   5   5   3   4   4   5 | Gly GGT   0   1   0   0   0   1
    GTC   5   5   5   5   5   5 |     GCC   4   4   4   4   4   4 |     GAC   7   7   9   8   8   7 |     GGC   5   4   5   5   5   3
    GTA   4   4   3   4   4   4 |     GCA   8   8   7   6   8   7 | Glu GAA   3   3   3   3   3   3 |     GGA   3   3   3   3   3   3
    GTG   3   3   4   3   3   3 |     GCG   1   0   1   0   0   1 |     GAG   2   2   2   2   2   2 |     GGG   1   1   1   1   1   2
--------------------------------------------------------------------------------------------------------------------------------------

--------------------------------------------------------------------------------------------------------------------------------------
Phe TTT   5   5   6   6   6   6 | Ser TCT   2   2   2   2   2   2 | Tyr TAT   2   3   4   3   4   2 | Cys TGT   4   4   3   4   4   4
    TTC   2   2   1   1   1   1 |     TCC   3   3   4   3   3   3 |     TAC   5   4   3   4   3   5 |     TGC   2   2   3   2   2   2
Leu TTA   1   1   1   1   1   1 |     TCA   4   3   4   4   5   5 | *** TAA   0   0   0   0   0   0 | *** TGA   0   0   0   0   0   0
    TTG   1   1   1   1   2   1 |     TCG   3   4   2   3   2   2 |     TAG   0   0   0   0   0   0 | Trp TGG   0   0   0   0   0   0
--------------------------------------------------------------------------------------------------------------------------------------
Leu CTT   4   4   4   4   3   4 | Pro CCT   2   2   2   2   2   2 | His CAT   2   2   2   2   2   2 | Arg CGT   2   2   2   2   2   2
    CTC   1   1   1   1   2   1 |     CCC   2   3   3   2   3   3 |     CAC   0   0   0   0   0   0 |     CGC   1   1   1   1   1   1
    CTA   2   1   1   2   2   2 |     CCA   2   1   1   2   1   1 | Gln CAA   3   3   3   3   2   3 |     CGA   2   2   2   2   2   2
    CTG   6   7   7   6   5   6 |     CCG   0   0   0   0   0   0 |     CAG   7   7   7   7   8   7 |     CGG   2   2   2   2   2   2
--------------------------------------------------------------------------------------------------------------------------------------
Ile ATT   3   3   3   3   3   3 | Thr ACT   5   4   4   5   3   6 | Asn AAT   5   5   5   5   5   5 | Ser AGT   7   5   6   6   7   5
    ATC   3   3   3   3   3   3 |     ACC   2   2   3   2   3   2 |     AAC   4   4   4   4   4   4 |     AGC   3   4   4   4   4   4
    ATA   1   1   1   1   1   1 |     ACA   4   6   3   4   3   4 | Lys AAA   6   6   5   5   6   6 | Arg AGA   1   1   1   1   1   1
Met ATG   5   5   5   5   5   5 |     ACG   3   2   4   3   3   3 |     AAG   5   5   6   6   5   5 |     AGG   0   0   0   0   0   0
--------------------------------------------------------------------------------------------------------------------------------------
Val GTT   2   2   2   2   2   2 | Ala GCT   3   3   3   3   3   3 | Asp GAT   4   5   5   4   5   4 | Gly GGT   0   2   0   0   0   0
    GTC   5   5   5   5   6   5 |     GCC   4   4   4   4   5   3 |     GAC   8   7   7   8   7   8 |     GGC   5   3   5   5   5   5
    GTA   4   4   4   4   2   4 |     GCA   8   7   7   8   7   8 | Glu GAA   3   3   3   3   3   3 |     GGA   3   3   3   3   3   3
    GTG   3   3   3   3   4   3 |     GCG   0   1   1   0   1   1 |     GAG   2   2   2   2   2   2 |     GGG   1   2   1   1   1   1
--------------------------------------------------------------------------------------------------------------------------------------

--------------------------------------------------------------------------------------------------------------------------------------
Phe TTT   6   6   6   6   6   6 | Ser TCT   2   2   2   2   2   2 | Tyr TAT   2   3   3   3   2   2 | Cys TGT   4   4   4   4   4   4
    TTC   1   1   1   1   1   1 |     TCC   3   3   3   3   3   4 |     TAC   5   4   4   4   5   5 |     TGC   2   2   2   2   2   2
Leu TTA   1   1   1   1   1   1 |     TCA   4   3   4   4   4   3 | *** TAA   0   0   0   0   0   0 | *** TGA   0   0   0   0   0   0
    TTG   1   1   1   1   0   1 |     TCG   3   4   3   3   3   3 |     TAG   0   0   0   0   0   0 | Trp TGG   0   0   0   0   0   0
--------------------------------------------------------------------------------------------------------------------------------------
Leu CTT   3   2   3   4   4   4 | Pro CCT   2   3   2   2   2   2 | His CAT   2   2   2   2   2   2 | Arg CGT   2   3   2   2   2   2
    CTC   2   2   1   1   1   1 |     CCC   3   2   4   3   2   3 |     CAC   0   0   0   0   0   0 |     CGC   1   0   1   1   1   1
    CTA   2   2   1   2   2   2 |     CCA   1   1   0   1   2   1 | Gln CAA   3   3   2   3   3   3 |     CGA   2   2   2   2   2   2
    CTG   6   7   8   6   7   6 |     CCG   0   0   0   0   0   0 |     CAG   7   7   8   7   7   7 |     CGG   2   2   2   2   2   2
--------------------------------------------------------------------------------------------------------------------------------------
Ile ATT   2   3   3   3   3   3 | Thr ACT   6   4   5   5   5   4 | Asn AAT   5   5   4   5   6   5 | Ser AGT   5   6   5   6   6   6
    ATC   4   3   3   3   3   3 |     ACC   2   2   2   2   2   3 |     AAC   4   4   5   4   3   4 |     AGC   4   4   4   4   4   4
    ATA   1   1   1   1   1   1 |     ACA   4   6   4   4   5   3 | Lys AAA   6   6   5   6   6   6 | Arg AGA   1   1   1   1   1   1
Met ATG   5   5   5   5   5   5 |     ACG   3   2   3   3   2   4 |     AAG   5   5   5   5   5   5 |     AGG   0   0   0   0   0   0
--------------------------------------------------------------------------------------------------------------------------------------
Val GTT   2   2   2   2   2   2 | Ala GCT   3   3   3   3   3   3 | Asp GAT   4   4   3   4   3   4 | Gly GGT   0   0   1   0   0   0
    GTC   5   6   5   5   5   5 |     GCC   4   4   4   4   4   4 |     GAC   8   8   8   8   9   7 |     GGC   5   5   6   5   5   6
    GTA   4   4   3   4   4   4 |     GCA   8   7   7   8   8   7 | Glu GAA   3   3   3   3   3   3 |     GGA   3   3   4   3   3   3
    GTG   3   2   4   3   3   3 |     GCG   0   1   1   0   0   1 |     GAG   2   2   2   2   2   2 |     GGG   1   1   1   1   1   1
--------------------------------------------------------------------------------------------------------------------------------------

--------------------------------------------------------------------------------------------------------------------------------------
Phe TTT   6   5   6   6   6   6 | Ser TCT   2   2   2   2   2   1 | Tyr TAT   3   2   4   3   3   3 | Cys TGT   4   4   3   4   4   4
    TTC   1   2   1   1   1   1 |     TCC   4   3   4   4   3   4 |     TAC   4   5   3   4   4   4 |     TGC   2   2   3   2   2   2
Leu TTA   1   1   1   1   1   1 |     TCA   4   4   3   3   3   3 | *** TAA   0   0   0   0   0   0 | *** TGA   0   0   0   0   0   0
    TTG   0   1   1   1   1   1 |     TCG   2   3   3   3   4   4 |     TAG   0   0   0   0   0   0 | Trp TGG   0   0   0   0   0   0
--------------------------------------------------------------------------------------------------------------------------------------
Leu CTT   4   4   4   4   2   4 | Pro CCT   2   2   2   2   3   2 | His CAT   2   2   2   2   2   2 | Arg CGT   2   2   2   2   3   2
    CTC   1   1   1   1   2   1 |     CCC   3   2   3   3   2   2 |     CAC   0   0   0   0   0   0 |     CGC   1   1   1   1   0   1
    CTA   2   2   2   2   2   2 |     CCA   1   2   1   1   1   2 | Gln CAA   3   3   3   3   3   3 |     CGA   2   2   2   2   2   2
    CTG   7   6   6   6   7   6 |     CCG   0   0   0   0   0   0 |     CAG   7   7   7   7   7   7 |     CGG   2   2   2   2   2   2
--------------------------------------------------------------------------------------------------------------------------------------
Ile ATT   3   3   3   3   3   3 | Thr ACT   4   5   4   4   4   5 | Asn AAT   5   5   5   5   5   6 | Ser AGT   6   6   6   5   6   6
    ATC   3   3   3   3   3   3 |     ACC   3   3   3   3   2   2 |     AAC   4   4   4   4   4   3 |     AGC   4   4   4   5   4   4
    ATA   1   1   1   1   1   1 |     ACA   2   4   3   4   6   4 | Lys AAA   5   6   5   6   6   6 | Arg AGA   1   1   1   1   1   1
Met ATG   5   5   5   5   5   5 |     ACG   4   3   4   3   2   3 |     AAG   6   5   6   5   5   5 |     AGG   0   0   0   0   0   0
--------------------------------------------------------------------------------------------------------------------------------------
Val GTT   2   2   2   2   2   2 | Ala GCT   3   4   3   3   3   3 | Asp GAT   5   4   5   5   4   4 | Gly GGT   0   0   0   1   0   0
    GTC   5   5   5   5   6   5 |     GCC   4   3   4   4   4   4 |     GAC   7   8   7   7   8   8 |     GGC   5   5   5   4   5   5
    GTA   4   4   4   4   4   4 |     GCA   8   7   7   7   7   7 | Glu GAA   3   3   3   3   3   3 |     GGA   3   3   3   3   3   3
    GTG   3   3   3   3   2   3 |     GCG   1   0   1   1   1   1 |     GAG   2   2   2   2   2   2 |     GGG   1   1   1   1   1   1
--------------------------------------------------------------------------------------------------------------------------------------

--------------------------------------------------------------------------------------------------------------------------------------
Phe TTT   6   6   6   6   5   5 | Ser TCT   2   2   2   2   2   2 | Tyr TAT   3   3   3   2   3   3 | Cys TGT   3   4   4   4   4   4
    TTC   1   1   1   1   2   2 |     TCC   3   3   3   3   3   3 |     TAC   4   4   4   5   4   4 |     TGC   3   2   2   2   2   2
Leu TTA   1   1   1   1   1   1 |     TCA   5   5   6   3   3   4 | *** TAA   0   0   0   0   0   0 | *** TGA   0   0   0   0   0   0
    TTG   0   1   1   1   1   1 |     TCG   2   2   1   4   4   3 |     TAG   0   0   0   0   0   0 | Trp TGG   0   0   0   0   0   0
--------------------------------------------------------------------------------------------------------------------------------------
Leu CTT   4   4   4   4   4   4 | Pro CCT   2   2   2   2   2   2 | His CAT   2   2   2   2   2   2 | Arg CGT   2   2   2   2   2   2
    CTC   1   1   1   1   1   1 |     CCC   2   3   3   3   3   3 |     CAC   0   0   0   0   0   0 |     CGC   1   1   1   1   1   1
    CTA   2   2   2   2   1   1 |     CCA   2   1   1   1   1   1 | Gln CAA   3   3   3   3   3   3 |     CGA   2   1   3   2   2   2
    CTG   7   6   6   6   7   7 |     CCG   0   0   0   0   0   0 |     CAG   7   7   7   7   7   7 |     CGG   2   3   1   2   2   2
--------------------------------------------------------------------------------------------------------------------------------------
Ile ATT   3   2   3   3   3   3 | Thr ACT   5   4   4   5   4   4 | Asn AAT   6   5   5   5   5   5 | Ser AGT   6   5   7   5   6   6
    ATC   3   4   3   3   3   3 |     ACC   2   3   2   2   2   2 |     AAC   3   4   4   4   4   4 |     AGC   4   4   4   5   4   4
    ATA   2   1   1   1   1   1 |     ACA   5   3   4   4   5   5 | Lys AAA   6   6   6   6   6   6 | Arg AGA   1   1   1   1   1   1
Met ATG   5   5   5   5   5   5 |     ACG   2   4   3   3   3   3 |     AAG   5   5   5   5   5   5 |     AGG   0   0   0   0   0   0
--------------------------------------------------------------------------------------------------------------------------------------
Val GTT   2   2   1   2   2   2 | Ala GCT   3   3   4   3   3   3 | Asp GAT   4   4   4   4   5   5 | Gly GGT   0   1   0   0   1   1
    GTC   5   5   5   5   5   5 |     GCC   4   4   4   4   4   4 |     GAC   8   8   8   8   7   7 |     GGC   5   5   5   5   3   3
    GTA   3   4   4   4   4   4 |     GCA   8   8   7   7   7   7 | Glu GAA   3   3   3   3   3   3 |     GGA   3   3   3   4   3   3
    GTG   3   3   4   3   3   3 |     GCG   0   0   0   1   1   1 |     GAG   2   2   2   2   2   2 |     GGG   1   1   1   0   2   2
--------------------------------------------------------------------------------------------------------------------------------------

Codon position x base (3x4) table for each sequence.

#1: Argali         
position  1:    T:0.18478    C:0.20652    A:0.30978    G:0.29891
position  2:    T:0.26087    C:0.25543    A:0.30435    G:0.17935
position  3:    T:0.27174    C:0.28804    A:0.21196    G:0.22826
Average         T:0.23913    C:0.25000    A:0.27536    G:0.23551

#2: LesserMouseDeer
position  1:    T:0.19022    C:0.20109    A:0.30978    G:0.29891
position  2:    T:0.26087    C:0.25543    A:0.30435    G:0.17935
position  3:    T:0.28804    C:0.26630    A:0.25000    G:0.19565
Average         T:0.24638    C:0.24094    A:0.28804    G:0.22464

#3: LesserKudu     
position  1:    T:0.18478    C:0.20652    A:0.30978    G:0.29891
position  2:    T:0.26087    C:0.25543    A:0.30435    G:0.17935
position  3:    T:0.28261    C:0.26630    A:0.22283    G:0.22826
Average         T:0.24275    C:0.24275    A:0.27899    G:0.23551

#4: ForestMuskDeer2
position  1:    T:0.18478    C:0.20652    A:0.30978    G:0.29891
position  2:    T:0.26087    C:0.25543    A:0.30435    G:0.17935
position  3:    T:0.27717    C:0.28261    A:0.22826    G:0.21196
Average         T:0.24094    C:0.24819    A:0.28080    G:0.23007

#5: Camel          
position  1:    T:0.19022    C:0.20652    A:0.29891    G:0.30435
position  2:    T:0.26087    C:0.25543    A:0.30435    G:0.17935
position  3:    T:0.26630    C:0.30978    A:0.19022    G:0.23370
Average         T:0.23913    C:0.25725    A:0.26449    G:0.23913

#6: KillerWhale    
position  1:    T:0.19022    C:0.20109    A:0.30978    G:0.29891
position  2:    T:0.26087    C:0.25543    A:0.30435    G:0.17935
position  3:    T:0.34239    C:0.23913    A:0.23913    G:0.17935
Average         T:0.26449    C:0.23188    A:0.28442    G:0.21920

#7: DefassaWaterbuck
position  1:    T:0.18478    C:0.20652    A:0.30978    G:0.29891
position  2:    T:0.26087    C:0.25543    A:0.29891    G:0.18478
position  3:    T:0.28261    C:0.27717    A:0.23370    G:0.20652
Average         T:0.24275    C:0.24638    A:0.28080    G:0.23007

#8: Sheep          
position  1:    T:0.18478    C:0.20652    A:0.30978    G:0.29891
position  2:    T:0.26087    C:0.25543    A:0.30435    G:0.17935
position  3:    T:0.27174    C:0.28804    A:0.21196    G:0.22826
Average         T:0.23913    C:0.25000    A:0.27536    G:0.23551

#9: MaxwellsDuiker 
position  1:    T:0.18478    C:0.20652    A:0.30978    G:0.29891
position  2:    T:0.26087    C:0.25543    A:0.30435    G:0.17935
position  3:    T:0.29348    C:0.26087    A:0.23370    G:0.21196
Average         T:0.24638    C:0.24094    A:0.28261    G:0.23007

#10: GazellaPrzewalskyi
position  1:    T:0.18478    C:0.20652    A:0.30978    G:0.29891
position  2:    T:0.26087    C:0.25543    A:0.30435    G:0.17935
position  3:    T:0.28804    C:0.27174    A:0.22283    G:0.21739
Average         T:0.24457    C:0.24457    A:0.27899    G:0.23188

#11: MountainNyala  
position  1:    T:0.18478    C:0.20652    A:0.30978    G:0.29891
position  2:    T:0.26087    C:0.25543    A:0.30435    G:0.17935
position  3:    T:0.28804    C:0.26087    A:0.22283    G:0.22826
Average         T:0.24457    C:0.24094    A:0.27899    G:0.23551

#12: MuntiacusMuntjak
position  1:    T:0.18478    C:0.20652    A:0.30978    G:0.29891
position  2:    T:0.26087    C:0.25543    A:0.30435    G:0.17935
position  3:    T:0.28261    C:0.28261    A:0.21196    G:0.22283
Average         T:0.24275    C:0.24819    A:0.27536    G:0.23370

#13: goat           
position  1:    T:0.18478    C:0.20652    A:0.30978    G:0.29891
position  2:    T:0.26087    C:0.25543    A:0.30435    G:0.17935
position  3:    T:0.25543    C:0.30435    A:0.20109    G:0.23913
Average         T:0.23370    C:0.25543    A:0.27174    G:0.23913

#14: AfricanBuffalo 
position  1:    T:0.18478    C:0.20652    A:0.30978    G:0.29891
position  2:    T:0.26087    C:0.25543    A:0.30435    G:0.17935
position  3:    T:0.27174    C:0.28804    A:0.22826    G:0.21196
Average         T:0.23913    C:0.25000    A:0.28080    G:0.23007

#15: Topi           
position  1:    T:0.18478    C:0.20652    A:0.30978    G:0.29891
position  2:    T:0.26087    C:0.26087    A:0.30435    G:0.17391
position  3:    T:0.28261    C:0.27717    A:0.23913    G:0.20109
Average         T:0.24275    C:0.24819    A:0.28442    G:0.22464

#16: CommonDuiker   
position  1:    T:0.18478    C:0.20652    A:0.30978    G:0.29891
position  2:    T:0.26087    C:0.25543    A:0.30435    G:0.17935
position  3:    T:0.28804    C:0.26630    A:0.23913    G:0.20652
Average         T:0.24457    C:0.24275    A:0.28442    G:0.22826

#17: Suni           
position  1:    T:0.18478    C:0.20652    A:0.30978    G:0.29891
position  2:    T:0.26087    C:0.25543    A:0.30435    G:0.17935
position  3:    T:0.28261    C:0.28261    A:0.22283    G:0.21196
Average         T:0.24275    C:0.24819    A:0.27899    G:0.23007

#18: Springbuck     
position  1:    T:0.17935    C:0.21196    A:0.30978    G:0.29891
position  2:    T:0.26087    C:0.25543    A:0.30435    G:0.17935
position  3:    T:0.27717    C:0.27717    A:0.24457    G:0.20109
Average         T:0.23913    C:0.24819    A:0.28623    G:0.22645

#19: Okapi          
position  1:    T:0.18478    C:0.20652    A:0.30978    G:0.29891
position  2:    T:0.26087    C:0.25543    A:0.30435    G:0.17935
position  3:    T:0.29348    C:0.27717    A:0.23913    G:0.19022
Average         T:0.24638    C:0.24638    A:0.28442    G:0.22283

#20: Giraffe        
position  1:    T:0.18478    C:0.20652    A:0.30978    G:0.29891
position  2:    T:0.26087    C:0.25543    A:0.30435    G:0.17935
position  3:    T:0.28804    C:0.28261    A:0.25000    G:0.17935
Average         T:0.24457    C:0.24819    A:0.28804    G:0.21920

#21: TibetanAntelope
position  1:    T:0.18478    C:0.20652    A:0.31522    G:0.29348
position  2:    T:0.26087    C:0.25543    A:0.30435    G:0.17935
position  3:    T:0.27717    C:0.27717    A:0.22283    G:0.22283
Average         T:0.24094    C:0.24638    A:0.28080    G:0.23188

#22: Sitatunga      
position  1:    T:0.18478    C:0.20652    A:0.30978    G:0.29891
position  2:    T:0.26087    C:0.25543    A:0.30435    G:0.17935
position  3:    T:0.28804    C:0.26087    A:0.22283    G:0.22826
Average         T:0.24457    C:0.24094    A:0.27899    G:0.23551

#23: Oribi          
position  1:    T:0.18478    C:0.20652    A:0.30978    G:0.29891
position  2:    T:0.26087    C:0.25543    A:0.30435    G:0.17935
position  3:    T:0.28261    C:0.27174    A:0.24457    G:0.20109
Average         T:0.24275    C:0.24457    A:0.28623    G:0.22645

#24: BarbarySheep   
position  1:    T:0.18478    C:0.20652    A:0.30978    G:0.29891
position  2:    T:0.26087    C:0.25543    A:0.30435    G:0.17935
position  3:    T:0.27717    C:0.28261    A:0.20652    G:0.23370
Average         T:0.24094    C:0.24819    A:0.27355    G:0.23732

#25: Daviddeer      
position  1:    T:0.17935    C:0.21196    A:0.30435    G:0.30435
position  2:    T:0.26087    C:0.25543    A:0.30435    G:0.17935
position  3:    T:0.28804    C:0.27717    A:0.21739    G:0.21739
Average         T:0.24275    C:0.24819    A:0.27536    G:0.23370

#26: Reindeer       
position  1:    T:0.18478    C:0.20652    A:0.30978    G:0.29891
position  2:    T:0.26087    C:0.25543    A:0.30435    G:0.17935
position  3:    T:0.28261    C:0.28261    A:0.22283    G:0.21196
Average         T:0.24275    C:0.24819    A:0.27899    G:0.23007

#27: Ibex           
position  1:    T:0.18478    C:0.20652    A:0.30978    G:0.29891
position  2:    T:0.26087    C:0.25543    A:0.30435    G:0.17935
position  3:    T:0.27174    C:0.29348    A:0.20652    G:0.22826
Average         T:0.23913    C:0.25181    A:0.27355    G:0.23551

#28: GyrantGazelle  
position  1:    T:0.18478    C:0.20652    A:0.30978    G:0.29891
position  2:    T:0.26087    C:0.25543    A:0.30435    G:0.17935
position  3:    T:0.28804    C:0.27717    A:0.23370    G:0.20109
Average         T:0.24457    C:0.24638    A:0.28261    G:0.22645

#29: Hartebeest     
position  1:    T:0.18478    C:0.20652    A:0.30978    G:0.29891
position  2:    T:0.26087    C:0.26087    A:0.30435    G:0.17391
position  3:    T:0.28261    C:0.27717    A:0.23913    G:0.20109
Average         T:0.24275    C:0.24819    A:0.28442    G:0.22464

#30: Bongo          
position  1:    T:0.18478    C:0.20652    A:0.30978    G:0.29891
position  2:    T:0.26087    C:0.25543    A:0.30435    G:0.17935
position  3:    T:0.28804    C:0.26087    A:0.22283    G:0.22826
Average         T:0.24457    C:0.24094    A:0.27899    G:0.23551

#31: Gerenuk        
position  1:    T:0.18478    C:0.20652    A:0.30978    G:0.29891
position  2:    T:0.26087    C:0.25543    A:0.30435    G:0.17935
position  3:    T:0.28261    C:0.27174    A:0.23913    G:0.20652
Average         T:0.24275    C:0.24457    A:0.28442    G:0.22826

#32: CommonEland    
position  1:    T:0.18478    C:0.20652    A:0.30435    G:0.30435
position  2:    T:0.26087    C:0.25543    A:0.30435    G:0.17935
position  3:    T:0.28804    C:0.26087    A:0.22826    G:0.22283
Average         T:0.24457    C:0.24094    A:0.27899    G:0.23551

#33: MuntiacusReevesi
position  1:    T:0.18478    C:0.20652    A:0.30978    G:0.29891
position  2:    T:0.26087    C:0.25543    A:0.30435    G:0.17935
position  3:    T:0.28804    C:0.27717    A:0.21196    G:0.22283
Average         T:0.24457    C:0.24638    A:0.27536    G:0.23370

#34: HarveysDuiker  
position  1:    T:0.18478    C:0.20652    A:0.30978    G:0.29891
position  2:    T:0.26087    C:0.25543    A:0.30435    G:0.17935
position  3:    T:0.28804    C:0.26630    A:0.23370    G:0.21196
Average         T:0.24457    C:0.24275    A:0.28261    G:0.23007

#35: Pronghorn      
position  1:    T:0.19022    C:0.20109    A:0.30435    G:0.30435
position  2:    T:0.26087    C:0.25000    A:0.30435    G:0.18478
position  3:    T:0.28804    C:0.28261    A:0.21196    G:0.21739
Average         T:0.24638    C:0.24457    A:0.27355    G:0.23551

#36: BlueWildebeest 
position  1:    T:0.18478    C:0.20652    A:0.30978    G:0.29891
position  2:    T:0.26087    C:0.26087    A:0.30435    G:0.17391
position  3:    T:0.28261    C:0.27174    A:0.23913    G:0.20652
Average         T:0.24275    C:0.24638    A:0.28442    G:0.22645

#37: Gemsbok        
position  1:    T:0.18478    C:0.20652    A:0.30978    G:0.29891
position  2:    T:0.26087    C:0.26087    A:0.30435    G:0.17391
position  3:    T:0.27174    C:0.28804    A:0.23370    G:0.20652
Average         T:0.23913    C:0.25181    A:0.28261    G:0.22645

#38: Yak            
position  1:    T:0.18478    C:0.20652    A:0.30978    G:0.29891
position  2:    T:0.26087    C:0.25543    A:0.30435    G:0.17935
position  3:    T:0.28261    C:0.27174    A:0.23370    G:0.21196
Average         T:0.24275    C:0.24457    A:0.28261    G:0.23007

#39: BlueSheep      
position  1:    T:0.18478    C:0.20652    A:0.29891    G:0.30978
position  2:    T:0.26087    C:0.25543    A:0.29348    G:0.19022
position  3:    T:0.27174    C:0.28804    A:0.20652    G:0.23370
Average         T:0.23913    C:0.25000    A:0.26630    G:0.24457

#40: BohorReedbuck  
position  1:    T:0.18478    C:0.20652    A:0.30978    G:0.29891
position  2:    T:0.26087    C:0.25543    A:0.30435    G:0.17935
position  3:    T:0.28804    C:0.27174    A:0.23370    G:0.20652
Average         T:0.24457    C:0.24457    A:0.28261    G:0.22826

#41: KirksDik       
position  1:    T:0.17935    C:0.21196    A:0.30978    G:0.29891
position  2:    T:0.26087    C:0.25543    A:0.30435    G:0.17935
position  3:    T:0.28261    C:0.27174    A:0.24457    G:0.20109
Average         T:0.24094    C:0.24638    A:0.28623    G:0.22645

#42: RoeDeer        
position  1:    T:0.18478    C:0.20652    A:0.30978    G:0.29891
position  2:    T:0.26087    C:0.25543    A:0.29891    G:0.18478
position  3:    T:0.27717    C:0.28804    A:0.21739    G:0.21739
Average         T:0.24094    C:0.25000    A:0.27536    G:0.23370

#43: WhiteLippedDeer
position  1:    T:0.17935    C:0.21196    A:0.30435    G:0.30435
position  2:    T:0.26087    C:0.25543    A:0.30435    G:0.17935
position  3:    T:0.28804    C:0.27717    A:0.21739    G:0.21739
Average         T:0.24275    C:0.24819    A:0.27536    G:0.23370

#44: ThomsonGazelle 
position  1:    T:0.18478    C:0.20652    A:0.31522    G:0.29348
position  2:    T:0.26087    C:0.25543    A:0.30435    G:0.17935
position  3:    T:0.28261    C:0.27717    A:0.23370    G:0.20652
Average         T:0.24275    C:0.24638    A:0.28442    G:0.22645

#45: MuntiacusCrinifrons
position  1:    T:0.18478    C:0.20652    A:0.30978    G:0.29891
position  2:    T:0.26087    C:0.25543    A:0.30435    G:0.17935
position  3:    T:0.28804    C:0.27717    A:0.21196    G:0.22283
Average         T:0.24457    C:0.24638    A:0.27536    G:0.23370

#46: WhiteTailedDeer
position  1:    T:0.18478    C:0.20652    A:0.30978    G:0.29891
position  2:    T:0.26087    C:0.25543    A:0.30435    G:0.17935
position  3:    T:0.28804    C:0.27717    A:0.22283    G:0.21196
Average         T:0.24457    C:0.24638    A:0.27899    G:0.23007

#47: Cattle         
position  1:    T:0.18478    C:0.20652    A:0.30978    G:0.29891
position  2:    T:0.26087    C:0.25543    A:0.30435    G:0.17935
position  3:    T:0.28261    C:0.27174    A:0.23370    G:0.21196
Average         T:0.24275    C:0.24457    A:0.28261    G:0.23007

#48: RoyalAntelope  
position  1:    T:0.18478    C:0.20652    A:0.30978    G:0.29891
position  2:    T:0.26087    C:0.25543    A:0.30435    G:0.17935
position  3:    T:0.28804    C:0.26630    A:0.22826    G:0.21739
Average         T:0.24457    C:0.24275    A:0.28080    G:0.23188

#49: Steenbok       
position  1:    T:0.17935    C:0.21196    A:0.31522    G:0.29348
position  2:    T:0.26087    C:0.25543    A:0.30435    G:0.17935
position  3:    T:0.28804    C:0.26630    A:0.25000    G:0.19565
Average         T:0.24275    C:0.24457    A:0.28986    G:0.22283

#50: Impala         
position  1:    T:0.18478    C:0.20652    A:0.30435    G:0.30435
position  2:    T:0.26087    C:0.25543    A:0.30435    G:0.17935
position  3:    T:0.27717    C:0.28261    A:0.22826    G:0.21196
Average         T:0.24094    C:0.24819    A:0.27899    G:0.23188

#51: Klipspringer   
position  1:    T:0.18478    C:0.20652    A:0.30978    G:0.29891
position  2:    T:0.26087    C:0.25000    A:0.30435    G:0.18478
