1
52 1
Argali 0.000000 0.464000 0.167100 0.402500 0.053900 0.027200 0.178900 0.081500 0.083800 0.116600 0.025900 0.189200 0.053900 0.109700 0.080000 0.083800 0.380900 0.208700 0.081400 0.139300 0.112900 0.055400 0.152300 0.116600 0.025700 0.079900 0.083800 0.139300 0.053900 0.164900 0.144200 0.108700 0.088100 0.053900 0.116800 0.195200 0.025900 0.053900 0.140800 0.233100 0.187300 0.053900 0.145400 0.116600 0.165400 0.181000 0.084100 0.228100 0.081500 0.146100 0.139300 0.166000
LesserMous 0.464000 0.000000 0.442600 0.237600 0.378900 0.428800 0.399500 0.414000 0.346200 0.317900 0.428800 0.459800 0.378900 0.454200 0.332300 0.346200 0.600100 0.427900 0.414300 0.409700 0.342400 0.474600 0.368600 0.317900 0.428800 0.406300 0.346200 0.409700 0.378900 0.436200 0.347000 0.449900 0.365100 0.378900 0.485800 0.398200 0.428800 0.378900 0.464300 0.308600 0.413700 0.378900 0.348900 0.317900 0.437700 0.395500 0.431700 0.427200 0.416200 0.353100 0.409700 0.439700
LesserKudu 0.167100 0.442600 0.000000 0.318600 0.107500 0.139000 0.238400 0.135400 0.080700 0.112000 0.139000 0.073800 0.107500 0.164200 0.133000 0.080700 0.364300 0.200300 0.135200 0.025300 0.169000 0.170300 0.146100 0.112000 0.139000 0.132900 0.080700 0.025300 0.107500 0.050000 0.138600 0.162800 0.145100 0.107500 0.208300 0.103300 0.139000 0.107500 0.196800 0.222700 0.179600 0.107500 0.139700 0.112000 0.050100 0.206400 0.139800 0.292900 0.135600 0.140400 0.025300 0.050200
KillerWhal 0.402500 0.237600 0.318600 0.000000 0.330800 0.372200 0.459700 0.361300 0.302500 0.277400 0.372200 0.336200 0.330800 0.395200 0.291800 0.302500 0.514000 0.371300 0.361400 0.291600 0.299500 0.410800 0.319300 0.277400 0.372200 0.355200 0.302500 0.291600 0.330800 0.314800 0.303000 0.392000 0.316800 0.330800 0.419100 0.319000 0.372200 0.330800 0.402400 0.412500 0.357600 0.330800 0.304700 0.277400 0.315600 0.414700 0.374100 0.527500 0.362700 0.375700 0.291600 0.316800
DefassaWat 0.053900 0.378900 0.107500 0.330800 0.000000 0.027000 0.114900 0.026300 0.025300 0.056200 0.025500 0.130500 0.000000 0.053000 0.024100 0.027000 0.303500 0.143400 0.024500 0.080700 0.054500 0.054900 0.088000 0.056200 0.025600 0.024200 0.027000 0.080700 0.000000 0.106200 0.083400 0.052600 0.087400 0.000000 0.086100 0.134400 0.027000 0.000000 0.081500 0.159600 0.120100 0.000000 0.084100 0.056200 0.106400 0.116100 0.027100 0.156200 0.024800 0.084500 0.080700 0.106800
Sheep 0.027200 0.428800 0.139000 0.372200 0.027000 0.000000 0.149000 0.054300 0.055900 0.087400 0.000000 0.161900 0.027000 0.082200 0.053300 0.055900 0.347800 0.178500 0.054200 0.111300 0.084600 0.027700 0.121800 0.087400 0.000000 0.049300 0.055900 0.111300 0.025400 0.137300 0.115300 0.081500 0.058700 0.027000 0.087500 0.167000 0.000000 0.027000 0.112500 0.199500 0.156000 0.025300 0.116200 0.087400 0.137600 0.150700 0.056100 0.195300 0.054300 0.116800 0.111300 0.138100
MaxwellsDu 0.178900 0.399500 0.238400 0.459700 0.114900 0.149000 0.000000 0.144700 0.149300 0.187500 0.149000 0.259800 0.114900 0.175500 0.142000 0.149300 0.483800 0.288900 0.144700 0.208500 0.181300 0.182600 0.158300 0.187500 0.149000 0.141900 0.149300 0.208500 0.114900 0.235100 0.216500 0.174100 0.227700 0.114900 0.224300 0.268600 0.149000 0.114900 0.211200 0.244200 0.194800 0.114900 0.218100 0.187500 0.235800 0.188800 0.149900 0.238900 0.144900 0.152100 0.208500 0.236800
GazellaPrz 0.081500 0.414000 0.135400 0.361300 0.026300 0.054300 0.144700 0.000000 0.054400 0.084900 0.054300 0.157900 0.024800 0.080100 0.052000 0.054400 0.336800 0.173400 0.052900 0.108400 0.082300 0.083000 0.118200 0.084900 0.054300 0.051900 0.054400 0.108400 0.026300 0.133700 0.112100 0.079400 0.117300 0.026300 0.115700 0.162600 0.054300 0.026300 0.109400 0.192900 0.151200 0.026300 0.113000 0.084900 0.134100 0.146300 0.054600 0.188800 0.053000 0.113600 0.108400 0.134600
MountainNy 0.083800 0.346200 0.080700 0.302500 0.025300 0.055900 0.149300 0.054400 0.000000 0.028100 0.055900 0.104500 0.027000 0.082400 0.053400 0.000000 0.272500 0.114400 0.054300 0.053800 0.084800 0.085400 0.058700 0.026400 0.055900 0.053400 0.000000 0.053800 0.027000 0.079700 0.055700 0.081700 0.058300 0.027000 0.119300 0.107600 0.055900 0.027000 0.112700 0.127700 0.090200 0.027000 0.056100 0.028100 0.079900 0.118300 0.056200 0.195600 0.054400 0.056400 0.053800 0.080200
MuntiacusM 0.116600 0.317900 0.112000 0.277400 0.056200 0.087400 0.187500 0.084900 0.028100 0.000000 0.087400 0.135800 0.056200 0.114400 0.083300 0.028100 0.244800 0.078400 0.084900 0.084100 0.086200 0.118900 0.029700 0.000000 0.087400 0.083300 0.028100 0.084100 0.056200 0.110500 0.028200 0.113400 0.029500 0.056200 0.121300 0.140000 0.087400 0.056200 0.147100 0.097100 0.060900 0.056200 0.026600 0.000000 0.110800 0.120300 0.087900 0.199200 0.085000 0.088200 0.084100 0.111200
goat 0.025900 0.428800 0.139000 0.372200 0.025500 0.000000 0.149000 0.054300 0.055900 0.087400 0.000000 0.161900 0.025400 0.082200 0.053300 0.055900 0.347800 0.178500 0.054200 0.111300 0.084600 0.027700 0.121800 0.087400 0.000000 0.053300 0.055900 0.111300 0.027000 0.137300 0.115300 0.081500 0.058700 0.025300 0.087500 0.167000 0.000000 0.027000 0.112500 0.199500 0.156000 0.027000 0.116200 0.087400 0.137600 0.150700 0.056100 0.195300 0.050300 0.116800 0.111300 0.138100
AfricanBuf 0.189200 0.459800 0.073800 0.336200 0.130500 0.161900 0.259800 0.157900 0.104500 0.135800 0.161900 0.000000 0.130500 0.186200 0.155100 0.104500 0.382900 0.222000 0.157600 0.049200 0.191300 0.192700 0.169800 0.135800 0.161900 0.155000 0.104500 0.049200 0.130500 0.072900 0.161500 0.184500 0.168600 0.130500 0.230600 0.125700 0.161900 0.130500 0.218300 0.245800 0.202800 0.130500 0.162600 0.135800 0.073100 0.228600 0.162700 0.314400 0.158100 0.163400 0.049200 0.073300
Topi 0.053900 0.378900 0.107500 0.330800 0.000000 0.027000 0.114900 0.024800 0.027000 0.056200 0.025400 0.130500 0.000000 0.053000 0.025800 0.027000 0.303500 0.143400 0.024800 0.080700 0.054500 0.054900 0.088000 0.056200 0.027000 0.025800 0.027000 0.080700 0.000000 0.106200 0.083400 0.052600 0.087400 0.000000 0.086100 0.134400 0.027000 0.000000 0.081500 0.159600 0.120100 0.000000 0.084100 0.056200 0.106400 0.116100 0.027100 0.156200 0.024700 0.084500 0.080700 0.106800
CommonDuik 0.109700 0.454200 0.164200 0.395200 0.053000 0.082200 0.175500 0.080100 0.082400 0.114400 0.082200 0.186200 0.053000 0.000000 0.078600 0.082400 0.300000 0.204800 0.080000 0.136900 0.110900 0.111700 0.149400 0.114400 0.082200 0.078600 0.082400 0.136900 0.053000 0.162200 0.141600 0.052000 0.148300 0.053000 0.146200 0.191900 0.082200 0.053000 0.138100 0.228000 0.183500 0.053000 0.142700 0.114400 0.162600 0.177600 0.082600 0.223000 0.080200 0.143500 0.136900 0.163200
Suni 0.080000 0.332300 0.133000 0.291800 0.024100 0.053300 0.142000 0.052000 0.053400 0.083300 0.053300 0.155100 0.025800 0.078600 0.000000 0.053400 0.331000 0.170200 0.051900 0.106400 0.080800 0.081400 0.115900 0.083300 0.053300 0.051000 0.053400 0.106400 0.025800 0.131400 0.110000 0.078000 0.115100 0.025800 0.113500 0.159800 0.049300 0.025800 0.107500 0.189200 0.148400 0.025800 0.110900 0.083300 0.131700 0.143500 0.053500 0.185100 0.052000 0.111400 0.106400 0.132200
Springbuck 0.083800 0.346200 0.080700 0.302500 0.027000 0.055900 0.149300 0.054400 0.000000 0.028100 0.055900 0.104500 0.027000 0.082400 0.053400 0.000000 0.272500 0.114700 0.054300 0.053800 0.084800 0.085400 0.053900 0.026500 0.055900 0.053400 0.000000 0.053800 0.027000 0.079700 0.055700 0.081700 0.058300 0.027000 0.119300 0.107600 0.055900 0.027000 0.112700 0.127700 0.090200 0.027000 0.056100 0.026400 0.079900 0.118300 0.056200 0.195600 0.054400 0.056400 0.053800 0.080200
Okapi 0.380900 0.600100 0.364300 0.514000 0.303500 0.347800 0.483800 0.336800 0.272500 0.244800 0.347800 0.382900 0.303500 0.300000 0.331000 0.272500 0.000000 0.142500 0.336800 0.333300 0.306900 0.389100 0.289200 0.244800 0.347800 0.330500 0.272500 0.333300 0.303500 0.359300 0.273100 0.297100 0.286800 0.303500 0.398000 0.396700 0.347800 0.303500 0.302700 0.306900 0.330100 0.303500 0.274900 0.244800 0.360500 0.394000 0.276600 0.416500 0.338100 0.351500 0.333300 0.291100
Giraffe 0.208700 0.427900 0.200300 0.371300 0.143400 0.178500 0.288900 0.173400 0.114400 0.078400 0.178500 0.222000 0.143400 0.204800 0.170200 0.114700 0.142500 0.000000 0.173300 0.171600 0.176000 0.212900 0.121300 0.087000 0.178500 0.170100 0.114700 0.171600 0.143400 0.197600 0.114900 0.203000 0.120400 0.143400 0.217400 0.229200 0.178500 0.143400 0.241200 0.198800 0.155400 0.143400 0.115800 0.087000 0.198200 0.215400 0.179600 0.229800 0.173800 0.180400 0.171600 0.137900
TibetanAnt 0.081400 0.414300 0.135200 0.361400 0.024500 0.054200 0.144700 0.052900 0.054300 0.084900 0.054200 0.157600 0.024800 0.080000 0.051900 0.054300 0.336800 0.173300 0.000000 0.108300 0.082300 0.082900 0.118200 0.084900 0.054200 0.051900 0.054300 0.108300 0.024600 0.133600 0.112000 0.079300 0.117300 0.026200 0.085900 0.162400 0.054200 0.026200 0.109400 0.193100 0.151300 0.026200 0.112900 0.084900 0.133900 0.146300 0.054500 0.189000 0.052900 0.113500 0.108300 0.134400
Sitatunga 0.139300 0.409700 0.025300 0.291600 0.080700 0.111300 0.208500 0.108400 0.053800 0.084100 0.111300 0.049200 0.080700 0.136900 0.106400 0.053800 0.333300 0.171600 0.108300 0.000000 0.140900 0.141900 0.117000 0.084100 0.111300 0.106400 0.053800 0.000000 0.080700 0.025000 0.111000 0.135700 0.116100 0.080700 0.178500 0.077500 0.111300 0.080700 0.168700 0.190900 0.149700 0.080700 0.111800 0.084100 0.023600 0.176900 0.111900 0.260100 0.108500 0.112400 0.000000 0.025200
Oribi 0.112900 0.342400 0.169000 0.299500 0.054500 0.084600 0.181300 0.082300 0.084800 0.086200 0.084600 0.191300 0.054500 0.110900 0.080800 0.084800 0.306900 0.176000 0.082300 0.140900 0.000000 0.115100 0.120000 0.086200 0.084600 0.080800 0.084800 0.140900 0.054500 0.166800 0.113700 0.110000 0.119100 0.054500 0.085900 0.197400 0.084600 0.054500 0.112700 0.196400 0.153700 0.054500 0.114600 0.086200 0.167300 0.115800 0.085100 0.155700 0.082400 0.147900 0.140900 0.167900
BarbaryShe 0.055400 0.474600 0.170300 0.410800 0.054900 0.027700 0.182600 0.083000 0.085400 0.118900 0.027700 0.192700 0.054900 0.111700 0.081400 0.085400 0.389100 0.212900 0.082900 0.141900 0.115100 0.000000 0.155500 0.118900 0.026200 0.081400 0.085400 0.141900 0.054900 0.168000 0.147100 0.110800 0.089900 0.054900 0.119100 0.198800 0.026300 0.054900 0.143600 0.238500 0.191400 0.054900 0.148200 0.118900 0.168500 0.184800 0.085800 0.233400 0.083100 0.149000 0.141900 0.169100
Daviddeer 0.152300 0.368600 0.146100 0.319300 0.088000 0.121800 0.158300 0.118200 0.058700 0.029700 0.121800 0.169800 0.088000 0.149400 0.115900 0.053900 0.289200 0.121300 0.118200 0.117000 0.120000 0.155500 0.000000 0.029700 0.121800 0.115800 0.058700 0.117000 0.088000 0.144100 0.058800 0.148100 0.061700 0.088000 0.158900 0.175300 0.121800 0.088000 0.184900 0.136100 0.029200 0.088000 0.059300 0.029700 0.144500 0.157400 0.122500 0.245000 0.118400 0.123000 0.117000 0.145100
Reindeer 0.116600 0.317900 0.112000 0.277400 0.056200 0.087400 0.187500 0.084900 0.026400 0.000000 0.087400 0.135800 0.056200 0.114400 0.083300 0.026500 0.244800 0.087000 0.084900 0.084100 0.086200 0.118900 0.029700 0.000000 0.087400 0.083300 0.026500 0.084100 0.056200 0.110500 0.028200 0.113400 0.027900 0.056200 0.121300 0.140000 0.087400 0.056200 0.147100 0.097100 0.055800 0.056200 0.026700 0.000000 0.110800 0.120300 0.087900 0.199200 0.085000 0.088200 0.084100 0.111200
Ibex 0.025700 0.428800 0.139000 0.372200 0.025600 0.000000 0.149000 0.054300 0.055900 0.087400 0.000000 0.161900 0.027000 0.082200 0.053300 0.055900 0.347800 0.178500 0.054200 0.111300 0.084600 0.026200 0.121800 0.087400 0.000000 0.053300 0.055900 0.111300 0.025600 0.137300 0.115300 0.081500 0.058700 0.027000 0.087500 0.167000 0.000000 0.027000 0.112500 0.199500 0.156000 0.025400 0.116200 0.087400 0.137600 0.150700 0.056100 0.195300 0.054300 0.116800 0.111300 0.138100
GyrantGaze 0.079900 0.406300 0.132900 0.355200 0.024200 0.049300 0.141900 0.051900 0.053400 0.083300 0.053300 0.155000 0.025800 0.078600 0.051000 0.053400 0.330500 0.170100 0.051900 0.106400 0.080800 0.081400 0.115800 0.083300 0.053300 0.000000 0.053400 0.106400 0.025800 0.131300 0.110000 0.077900 0.115000 0.024200 0.113400 0.159700 0.053300 0.025800 0.107400 0.189000 0.148200 0.025800 0.110800 0.083300 0.131600 0.143400 0.053500 0.184900 0.052000 0.111400 0.106400 0.132100
Hartebeest 0.083800 0.346200 0.080700 0.302500 0.027000 0.055900 0.149300 0.054400 0.000000 0.028100 0.055900 0.104500 0.027000 0.082400 0.053400 0.000000 0.272500 0.114700 0.054300 0.053800 0.084800 0.085400 0.058700 0.026500 0.055900 0.053400 0.000000 0.053800 0.027000 0.079700 0.055700 0.081700 0.058300 0.027000 0.119300 0.107600 0.055900 0.025300 0.112700 0.127700 0.090200 0.027000 0.056100 0.026300 0.072000 0.118300 0.056200 0.195600 0.049700 0.056400 0.053800 0.080200
Bongo 0.139300 0.409700 0.025300 0.291600 0.080700 0.111300 0.208500 0.108400 0.053800 0.084100 0.111300 0.049200 0.080700 0.136900 0.106400 0.053800 0.333300 0.171600 0.108300 0.000000 0.140900 0.141900 0.117000 0.084100 0.111300 0.106400 0.053800 0.000000 0.080700 0.023400 0.111000 0.135700 0.116100 0.080700 0.178500 0.077500 0.111300 0.080700 0.168700 0.190900 0.149700 0.080700 0.111800 0.084100 0.025100 0.176900 0.111900 0.260100 0.108500 0.112400 0.000000 0.025200
Gerenuk 0.053900 0.378900 0.107500 0.330800 0.000000 0.025400 0.114900 0.026300 0.027000 0.056200 0.027000 0.130500 0.000000 0.053000 0.025800 0.027000 0.303500 0.143400 0.024600 0.080700 0.054500 0.054900 0.088000 0.056200 0.025600 0.025800 0.027000 0.080700 0.000000 0.106200 0.083400 0.052600 0.087400 0.000000 0.086100 0.134400 0.027000 0.000000 0.081500 0.159600 0.120100 0.000000 0.084100 0.056200 0.106400 0.116100 0.027100 0.156200 0.026300 0.084500 0.080700 0.106800
CommonElan 0.164900 0.436200 0.050000 0.314800 0.106200 0.137300 0.235100 0.133700 0.079700 0.110500 0.137300 0.072900 0.106200 0.162200 0.131400 0.079700 0.359300 0.197600 0.133600 0.025000 0.166800 0.168000 0.144100 0.110500 0.137300 0.131300 0.079700 0.023400 0.106200 0.000000 0.136800 0.160800 0.143100 0.106200 0.205400 0.102100 0.137300 0.106200 0.194300 0.219300 0.177100 0.106200 0.137900 0.110500 0.049500 0.203600 0.138000 0.288400 0.133900 0.138600 0.025000 0.049700
MuntiacusR 0.144200 0.347000 0.138600 0.303000 0.083400 0.115300 0.216500 0.112100 0.055700 0.028200 0.115300 0.161500 0.083400 0.141600 0.110000 0.055700 0.273100 0.114900 0.112000 0.111000 0.113700 0.147100 0.058800 0.028200 0.115300 0.110000 0.055700 0.111000 0.083400 0.136800 0.000000 0.140400 0.058400 0.083400 0.150100 0.166500 0.115300 0.083400 0.174800 0.127900 0.090300 0.083400 0.056200 0.028200 0.137200 0.148700 0.115900 0.229800 0.112300 0.116400 0.111000 0.137700
HarveysDui 0.108700 0.449900 0.162800 0.392000 0.052600 0.081500 0.174100 0.079400 0.081700 0.113400 0.081500 0.184500 0.052600 0.052000 0.078000 0.081700 0.297100 0.203000 0.079300 0.135700 0.110000 0.110800 0.148100 0.113400 0.081500 0.077900 0.081700 0.135700 0.052600 0.160800 0.140400 0.000000 0.147000 0.052600 0.144900 0.190200 0.081500 0.052600 0.079800 0.226000 0.182100 0.052600 0.141500 0.113400 0.161200 0.176000 0.081900 0.221200 0.079500 0.142200 0.135700 0.161800
Pronghorn 0.088100 0.365100 0.145100 0.316800 0.087400 0.058700 0.227700 0.117300 0.058300 0.029500 0.058700 0.168600 0.087400 0.148300 0.115100 0.058300 0.286800 0.120400 0.117300 0.116100 0.119100 0.089900 0.061700 0.027900 0.058700 0.115000 0.058300 0.116100 0.087400 0.143100 0.058400 0.147000 0.000000 0.087400 0.123400 0.174100 0.058700 0.087400 0.183400 0.134900 0.094900 0.087400 0.058900 0.029500 0.143500 0.156200 0.121600 0.242800 0.117500 0.122100 0.116100 0.144100
BlueWildeb 0.053900 0.378900 0.107500 0.330800 0.000000 0.027000 0.114900 0.026300 0.027000 0.056200 0.025300 0.130500 0.000000 0.053000 0.025800 0.027000 0.303500 0.143400 0.026200 0.080700 0.054500 0.054900 0.088000 0.056200 0.027000 0.024200 0.027000 0.080700 0.000000 0.106200 0.083400 0.052600 0.087400 0.000000 0.075700 0.134400 0.025400 0.000000 0.081500 0.159600 0.120100 0.000000 0.084100 0.056200 0.106400 0.116100 0.027100 0.156200 0.026300 0.084500 0.080700 0.106800
Gemsbok 0.116800 0.485800 0.208300 0.419100 0.086100 0.087500 0.224300 0.115700 0.119300 0.121300 0.087500 0.230600 0.086100 0.146200 0.113500 0.119300 0.398000 0.217400 0.085900 0.178500 0.085900 0.119100 0.158900 0.121300 0.087500 0.113400 0.119300 0.178500 0.086100 0.205400 0.150100 0.144900 0.123400 0.075700 0.000000 0.238400 0.087500 0.086100 0.180800 0.244100 0.195600 0.086100 0.151300 0.121300 0.206000 0.153100 0.119800 0.198600 0.115900 0.188000 0.178500 0.206900
Yak 0.195200 0.398200 0.103300 0.319000 0.134400 0.167000 0.268600 0.162600 0.107600 0.140000 0.167000 0.125700 0.134400 0.191900 0.159800 0.107600 0.396700 0.229200 0.162400 0.077500 0.197400 0.198800 0.175300 0.140000 0.167000 0.159700 0.107600 0.077500 0.134400 0.102100 0.166500 0.190200 0.174100 0.134400 0.238400 0.000000 0.167000 0.134400 0.225300 0.254500 0.209500 0.134400 0.167700 0.140000 0.050000 0.236200 0.167800 0.326000 0.162900 0.168600 0.077500 0.102700
BlueSheep 0.025900 0.428800 0.139000 0.372200 0.027000 0.000000 0.149000 0.054300 0.055900 0.087400 0.000000 0.161900 0.027000 0.082200 0.049300 0.055900 0.347800 0.178500 0.054200 0.111300 0.084600 0.026300 0.121800 0.087400 0.000000 0.053300 0.055900 0.111300 0.027000 0.137300 0.115300 0.081500 0.058700 0.025400 0.087500 0.167000 0.000000 0.027000 0.112500 0.199500 0.156000 0.025400 0.116200 0.087400 0.137600 0.150700 0.056100 0.195300 0.054300 0.116800 0.111300 0.138100
BohorReedb 0.053900 0.378900 0.107500 0.330800 0.000000 0.027000 0.114900 0.026300 0.027000 0.056200 0.027000 0.130500 0.000000 0.053000 0.025800 0.027000 0.303500 0.143400 0.026200 0.080700 0.054500 0.054900 0.088000 0.056200 0.027000 0.025800 0.025300 0.080700 0.000000 0.106200 0.083400 0.052600 0.087400 0.000000 0.086100 0.134400 0.027000 0.000000 0.081500 0.159600 0.120100 0.000000 0.084100 0.056200 0.106400 0.116100 0.027100 0.156200 0.026300 0.084500 0.080700 0.106800
KirksDik 0.140800 0.464300 0.196800 0.402400 0.081500 0.112500 0.211200 0.109400 0.112700 0.147100 0.112500 0.218300 0.081500 0.138100 0.107500 0.112700 0.302700 0.241200 0.109400 0.168700 0.112700 0.143600 0.184900 0.147100 0.112500 0.107400 0.112700 0.168700 0.081500 0.194300 0.174800 0.079800 0.183400 0.081500 0.180800 0.225300 0.112500 0.081500 0.000000 0.195900 0.221400 0.081500 0.176100 0.147100 0.194800 0.213600 0.055100 0.264200 0.109600 0.177100 0.168700 0.195600
RoeDeer 0.233100 0.308600 0.222700 0.412500 0.159600 0.199500 0.244200 0.192900 0.127700 0.097100 0.199500 0.245800 0.159600 0.228000 0.189200 0.127700 0.306900 0.198800 0.193100 0.190900 0.196400 0.238500 0.136100 0.097100 0.199500 0.189000 0.127700 0.190900 0.159600 0.219300 0.127900 0.226000 0.134900 0.159600 0.244100 0.254500 0.199500 0.159600 0.195900 0.000000 0.174700 0.159600 0.129000 0.097100 0.220100 0.167000 0.129800 0.180300 0.193500 0.130300 0.190900 0.221000
WhiteLippe 0.187300 0.413700 0.179600 0.357600 0.120100 0.156000 0.194800 0.151200 0.090200 0.060900 0.156000 0.202800 0.120100 0.183500 0.148400 0.090200 0.330100 0.155400 0.151300 0.149700 0.153700 0.191400 0.029200 0.055800 0.156000 0.148200 0.090200 0.149700 0.120100 0.177100 0.090300 0.182100 0.094900 0.120100 0.195600 0.209500 0.156000 0.120100 0.221400 0.174700 0.000000 0.120100 0.091100 0.060900 0.177600 0.193700 0.157000 0.288100 0.151500 0.157600 0.149700 0.178300
ThomsonGaz 0.053900 0.378900 0.107500 0.330800 0.000000 0.025300 0.114900 0.026300 0.027000 0.056200 0.027000 0.130500 0.000000 0.053000 0.025800 0.027000 0.303500 0.143400 0.026200 0.080700 0.054500 0.054900 0.088000 0.056200 0.025400 0.025800 0.027000 0.080700 0.000000 0.106200 0.083400 0.052600 0.087400 0.000000 0.086100 0.134400 0.025400 0.000000 0.081500 0.159600 0.120100 0.000000 0.084100 0.056200 0.106400 0.116100 0.027100 0.156200 0.026300 0.084500 0.080700 0.106800
MuntiacusC 0.145400 0.348900 0.139700 0.304700 0.084100 0.116200 0.218100 0.113000 0.056100 0.026600 0.116200 0.162600 0.084100 0.142700 0.110900 0.056100 0.274900 0.115800 0.112900 0.111800 0.114600 0.148200 0.059300 0.026700 0.116200 0.110800 0.056100 0.111800 0.084100 0.137900 0.056200 0.141500 0.058900 0.084100 0.151300 0.167700 0.116200 0.084100 0.176100 0.129000 0.091100 0.084100 0.000000 0.028400 0.138300 0.149900 0.116800 0.231500 0.113200 0.117400 0.111800 0.138800
WhiteTaile 0.116600 0.317900 0.112000 0.277400 0.056200 0.087400 0.187500 0.084900 0.028100 0.000000 0.087400 0.135800 0.056200 0.114400 0.083300 0.026400 0.244800 0.087000 0.084900 0.084100 0.086200 0.118900 0.029700 0.000000 0.087400 0.083300 0.026300 0.084100 0.056200 0.110500 0.028200 0.113400 0.029500 0.056200 0.121300 0.140000 0.087400 0.056200 0.147100 0.097100 0.060900 0.056200 0.028400 0.000000 0.110800 0.120300 0.087900 0.199200 0.085000 0.088200 0.084100 0.111200
Cattle 0.165400 0.437700 0.050100 0.315600 0.106400 0.137600 0.235800 0.134100 0.079900 0.110800 0.137600 0.073100 0.106400 0.162600 0.131700 0.079900 0.360500 0.198200 0.133900 0.023600 0.167300 0.168500 0.144500 0.110800 0.137600 0.131600 0.072000 0.025100 0.106400 0.049500 0.137200 0.161200 0.143500 0.106400 0.206000 0.050000 0.137600 0.106400 0.194800 0.220100 0.177600 0.106400 0.138300 0.110800 0.000000 0.204200 0.138300 0.289400 0.134200 0.139000 0.025100 0.049800
RoyalAntel 0.181000 0.395500 0.206400 0.414700 0.116100 0.150700 0.188800 0.146300 0.118300 0.120300 0.150700 0.228600 0.116100 0.177600 0.143500 0.118300 0.394000 0.215400 0.146300 0.176900 0.115800 0.184800 0.157400 0.120300 0.150700 0.143400 0.118300 0.176900 0.116100 0.203600 0.148700 0.176000 0.156200 0.116100 0.153100 0.236200 0.150700 0.116100 0.213600 0.167000 0.193700 0.116100 0.149900 0.120300 0.204200 0.000000 0.151600 0.162600 0.146600 0.120500 0.176900 0.205000
Steenbok 0.084100 0.431700 0.139800 0.374100 0.027100 0.056100 0.149900 0.054600 0.056200 0.087900 0.056100 0.162700 0.027100 0.082600 0.053500 0.056200 0.276600 0.179600 0.054500 0.111900 0.085100 0.085800 0.122500 0.087900 0.056100 0.053500 0.056200 0.111900 0.027100 0.138000 0.115900 0.081900 0.121600 0.027100 0.119800 0.167800 0.056100 0.027100 0.055100 0.129800 0.157000 0.027100 0.116800 0.087900 0.138300 0.151600 0.000000 0.196500 0.054600 0.117500 0.111900 0.138900
Impala 0.228100 0.427200 0.292900 0.527500 0.156200 0.195300 0.238900 0.188800 0.195600 0.199200 0.195300 0.314400 0.156200 0.223000 0.185100 0.195600 0.416500 0.229800 0.189000 0.260100 0.155700 0.233400 0.245000 0.199200 0.195300 0.184900 0.195600 0.260100 0.156200 0.288400 0.229800 0.221200 0.242800 0.156200 0.198600 0.326000 0.195300 0.156200 0.264200 0.180300 0.288100 0.156200 0.231500 0.199200 0.289400 0.162600 0.196500 0.000000 0.189300 0.199800 0.260100 0.290600
Klipspring 0.081500 0.416200 0.135600 0.362700 0.024800 0.054300 0.144900 0.053000 0.054400 0.085000 0.050300 0.158100 0.024700 0.080200 0.052000 0.054400 0.338100 0.173800 0.052900 0.108500 0.082400 0.083100 0.118400 0.085000 0.054300 0.052000 0.049700 0.108500 0.026300 0.133900 0.112300 0.079500 0.117500 0.026300 0.115900 0.162900 0.054300 0.026300 0.109600 0.193500 0.151500 0.026300 0.113200 0.085000 0.134200 0.146600 0.054600 0.189300 0.000000 0.113700 0.108500 0.134700
ForestMusk 0.146100 0.353100 0.140400 0.375700 0.084500 0.116800 0.152100 0.113600 0.056400 0.088200 0.116800 0.163400 0.084500 0.143500 0.111400 0.056400 0.351500 0.180400 0.113500 0.112400 0.147900 0.149000 0.123000 0.088200 0.116800 0.111400 0.056400 0.112400 0.084500 0.138600 0.116400 0.142200 0.122100 0.084500 0.188000 0.168600 0.116800 0.084500 0.177100 0.130300 0.157600 0.084500 0.117400 0.088200 0.139000 0.120500 0.117500 0.199800 0.113700 0.000000 0.112400 0.139500
Bushbuck 0.139300 0.409700 0.025300 0.291600 0.080700 0.111300 0.208500 0.108400 0.053800 0.084100 0.111300 0.049200 0.080700 0.136900 0.106400 0.053800 0.333300 0.171600 0.108300 0.000000 0.140900 0.141900 0.117000 0.084100 0.111300 0.106400 0.053800 0.000000 0.080700 0.025000 0.111000 0.135700 0.116100 0.080700 0.178500 0.077500 0.111300 0.080700 0.168700 0.190900 0.149700 0.080700 0.111800 0.084100 0.025100 0.176900 0.111900 0.260100 0.108500 0.112400 0.000000 0.025200
GreaterKud 0.166000 0.439700 0.050200 0.316800 0.106800 0.138100 0.236800 0.134600 0.080200 0.111200 0.138100 0.073300 0.106800 0.163200 0.132200 0.080200 0.291100 0.137900 0.134400 0.025200 0.167900 0.169100 0.145100 0.111200 0.138100 0.132100 0.080200 0.025200 0.106800 0.049700 0.137700 0.161800 0.144100 0.106800 0.206900 0.102700 0.138100 0.106800 0.195600 0.221000 0.178300 0.106800 0.138800 0.111200 0.049800 0.205000 0.138900 0.290600 0.134700 0.139500 0.025200 0.000000
