1
52 1
Argali 0.000000 0.148800 0.080900 0.141000 0.061300 0.000000 0.048600 0.082100 0.092200 0.081000 0.019300 0.048400 0.070200 0.048900 0.058000 0.068800 0.087900 0.099100 0.059100 0.090900 0.090700 0.028800 0.068300 0.069200 0.019300 0.069500 0.060100 0.092300 0.057700 0.102300 0.091900 0.038900 0.126500 0.060100 0.038800 0.048200 0.009500 0.060900 0.077900 0.038900 0.059000 0.059500 0.081000 0.059300 0.048400 0.069900 0.049100 0.058900 0.068400 0.122500 0.112000 0.102300
LesserMous 0.148800 0.000000 0.163400 0.189800 0.179900 0.148800 0.138900 0.202100 0.175800 0.152600 0.139800 0.160200 0.187100 0.139800 0.159800 0.183600 0.202800 0.192600 0.173400 0.196900 0.185300 0.138500 0.160700 0.139200 0.139800 0.183300 0.176400 0.176000 0.170900 0.162700 0.153400 0.129100 0.252800 0.176400 0.150500 0.160200 0.138900 0.178500 0.191900 0.173400 0.173100 0.173900 0.152600 0.150700 0.160200 0.163400 0.162600 0.172900 0.182400 0.185300 0.196400 0.186100
LesserKudu 0.080900 0.163400 0.000000 0.132800 0.085300 0.079600 0.070800 0.084400 0.009800 0.093300 0.071400 0.049300 0.072200 0.092800 0.079600 0.092200 0.090300 0.080300 0.082100 0.029300 0.081900 0.070700 0.114200 0.092700 0.070100 0.092200 0.083500 0.009900 0.080800 0.019600 0.105100 0.082100 0.130300 0.083500 0.060100 0.049700 0.070900 0.084600 0.080000 0.104100 0.103900 0.082300 0.093800 0.081200 0.049700 0.093700 0.071600 0.081900 0.113500 0.126200 0.029200 0.019500
KillerWhal 0.141000 0.189800 0.132800 0.000000 0.148300 0.141000 0.153000 0.157500 0.144300 0.167900 0.131800 0.108600 0.155500 0.154000 0.118500 0.130700 0.149800 0.129500 0.120800 0.142900 0.131900 0.130600 0.199600 0.176300 0.131800 0.130500 0.144800 0.145000 0.119000 0.155000 0.179900 0.142900 0.246100 0.144800 0.120600 0.108600 0.130900 0.146500 0.096700 0.165700 0.189100 0.132700 0.167900 0.165700 0.108600 0.132600 0.132200 0.119900 0.175000 0.199400 0.165500 0.155200
DefassaWat 0.061300 0.179900 0.085300 0.148300 0.000000 0.061300 0.051100 0.064100 0.074600 0.108400 0.051500 0.071100 0.052200 0.051000 0.061000 0.061600 0.092400 0.104200 0.041000 0.073500 0.073300 0.051000 0.117000 0.095000 0.051500 0.051100 0.041700 0.074700 0.061200 0.085000 0.120200 0.041000 0.133900 0.041700 0.040900 0.072100 0.051100 0.020600 0.080700 0.084200 0.106500 0.041100 0.108400 0.084200 0.072100 0.051600 0.030600 0.040800 0.082600 0.129100 0.118600 0.085100
Sheep 0.000000 0.148800 0.079600 0.141000 0.061300 0.000000 0.048600 0.082100 0.092200 0.081000 0.019300 0.048400 0.070200 0.048900 0.058000 0.068800 0.087900 0.099100 0.059100 0.090900 0.090700 0.028800 0.068700 0.069200 0.019300 0.068900 0.060100 0.092300 0.058200 0.102300 0.091900 0.038900 0.126500 0.060100 0.039200 0.048400 0.009500 0.060900 0.077900 0.038900 0.059200 0.060100 0.081000 0.058800 0.048400 0.069900 0.049100 0.058900 0.068800 0.122500 0.112500 0.102300
MaxwellsDu 0.048600 0.138900 0.070800 0.153000 0.051100 0.048600 0.000000 0.050600 0.060600 0.092400 0.039200 0.079400 0.039600 0.019300 0.068600 0.069000 0.098900 0.110400 0.049300 0.059400 0.059600 0.038900 0.079900 0.080100 0.039200 0.059100 0.050200 0.060000 0.068800 0.070600 0.103400 0.009600 0.115900 0.050200 0.049100 0.079000 0.038900 0.050800 0.088800 0.069900 0.090900 0.049400 0.092400 0.069700 0.079400 0.039700 0.039300 0.049100 0.038700 0.134600 0.102700 0.070600
GazellaPrz 0.082100 0.202100 0.084400 0.157500 0.064100 0.082100 0.050600 0.000000 0.073900 0.130700 0.072400 0.093200 0.051700 0.071400 0.081700 0.082500 0.113500 0.124900 0.061700 0.072800 0.072600 0.071700 0.138900 0.116600 0.072400 0.071900 0.062800 0.074000 0.081900 0.084200 0.142700 0.061500 0.132400 0.062800 0.061500 0.093200 0.071900 0.063600 0.102800 0.105600 0.128400 0.061900 0.130700 0.105600 0.093200 0.073000 0.051300 0.061500 0.092900 0.124800 0.117400 0.084600
MountainNy 0.092200 0.175800 0.009800 0.144300 0.074600 0.092200 0.060600 0.073900 0.000000 0.105700 0.082600 0.060300 0.061600 0.082500 0.091800 0.092700 0.080200 0.091500 0.071800 0.019500 0.071600 0.081800 0.126200 0.103900 0.082600 0.082000 0.072800 0.000000 0.092100 0.009800 0.117200 0.071800 0.119400 0.072800 0.071700 0.060300 0.082000 0.073700 0.091100 0.116000 0.115800 0.072000 0.105700 0.093500 0.060300 0.083200 0.061400 0.071300 0.103100 0.138500 0.039400 0.009800
MuntiacusM 0.081000 0.152600 0.093300 0.167900 0.108400 0.081000 0.092400 0.130700 0.105700 0.000000 0.071900 0.092000 0.116900 0.093000 0.102200 0.114500 0.134300 0.124000 0.104300 0.126900 0.115600 0.070800 0.049700 0.050100 0.071500 0.114500 0.106200 0.105800 0.102600 0.116000 0.030100 0.082300 0.154700 0.106200 0.082100 0.092700 0.071000 0.107600 0.123600 0.040000 0.039900 0.104600 0.000000 0.040000 0.092000 0.093800 0.093600 0.103900 0.136300 0.138400 0.126500 0.116100
goat 0.019300 0.139800 0.071400 0.131800 0.051500 0.019300 0.039200 0.072400 0.082600 0.071900 0.000000 0.049200 0.060700 0.039400 0.048700 0.059400 0.089500 0.089900 0.049700 0.081100 0.081200 0.019300 0.069900 0.059800 0.000000 0.059700 0.050500 0.082700 0.048800 0.092700 0.082300 0.029400 0.128900 0.050500 0.029400 0.048700 0.009600 0.051200 0.068700 0.039600 0.060000 0.049800 0.071500 0.049500 0.048700 0.060200 0.039600 0.049500 0.070500 0.113200 0.103000 0.092800
AfricanBuf 0.048400 0.160200 0.049300 0.108600 0.071100 0.048400 0.079400 0.093200 0.060300 0.092000 0.049200 0.000000 0.081000 0.079900 0.068300 0.058700 0.037900 0.048100 0.049100 0.080400 0.080200 0.058500 0.079300 0.079800 0.049200 0.079400 0.070800 0.060400 0.048300 0.070500 0.103000 0.069500 0.115300 0.070800 0.049000 0.000000 0.038700 0.071600 0.067900 0.069600 0.069400 0.069800 0.092300 0.069500 0.000000 0.059900 0.059500 0.048900 0.099800 0.111900 0.080200 0.070300
Topi 0.070200 0.187100 0.072200 0.155500 0.052200 0.070200 0.039600 0.051700 0.061600 0.116900 0.060700 0.081000 0.000000 0.060600 0.069900 0.070600 0.100900 0.112600 0.050300 0.061000 0.060800 0.060100 0.125200 0.103200 0.060700 0.050100 0.009900 0.061900 0.070100 0.072000 0.128500 0.050300 0.118300 0.009900 0.029800 0.081000 0.060300 0.040600 0.090500 0.092900 0.114900 0.050500 0.116900 0.092900 0.081000 0.061100 0.040100 0.049900 0.080800 0.137000 0.104200 0.072100
CommonDuik 0.048900 0.139800 0.092800 0.154000 0.051000 0.048900 0.019300 0.071400 0.082500 0.093000 0.039400 0.079900 0.060600 0.000000 0.058900 0.069000 0.099500 0.111100 0.049600 0.081300 0.081100 0.039100 0.080800 0.070200 0.039400 0.059500 0.050500 0.082600 0.069200 0.092600 0.104100 0.009700 0.140000 0.050500 0.049500 0.079300 0.039100 0.051100 0.089300 0.070300 0.091500 0.049400 0.093000 0.070300 0.079900 0.039800 0.039600 0.049400 0.059100 0.135300 0.125200 0.092300
Suni 0.058000 0.159800 0.079600 0.118500 0.061000 0.058000 0.068600 0.081700 0.091800 0.102200 0.048700 0.068300 0.069900 0.058900 0.000000 0.068200 0.108400 0.098800 0.058900 0.090500 0.090300 0.048300 0.110500 0.068800 0.048700 0.048300 0.059900 0.091900 0.058000 0.101800 0.113300 0.058900 0.149000 0.059900 0.038700 0.068400 0.048400 0.060600 0.057400 0.079500 0.100600 0.048800 0.102200 0.079500 0.068300 0.069600 0.048900 0.058700 0.109800 0.100100 0.111900 0.101900
Springbuck 0.068800 0.183600 0.092200 0.130700 0.061600 0.068800 0.069000 0.082500 0.092700 0.114500 0.059400 0.058700 0.070600 0.069000 0.068200 0.000000 0.067800 0.068400 0.039100 0.070100 0.049200 0.058900 0.122700 0.101500 0.059400 0.048800 0.060400 0.092800 0.009500 0.102700 0.103400 0.059400 0.150600 0.060400 0.049100 0.058700 0.059000 0.061200 0.088700 0.091000 0.112600 0.039200 0.114500 0.091000 0.058700 0.049500 0.049400 0.039000 0.110900 0.134500 0.124300 0.102800
Okapi 0.087900 0.202800 0.090300 0.149800 0.092400 0.087900 0.098900 0.113500 0.080200 0.134300 0.089500 0.037900 0.100900 0.099500 0.108400 0.067800 0.000000 0.028000 0.068500 0.079100 0.100000 0.077700 0.120100 0.120900 0.089300 0.098900 0.090700 0.080300 0.067400 0.090100 0.123200 0.089200 0.135800 0.090700 0.089000 0.037900 0.078200 0.091700 0.107600 0.110400 0.110200 0.089400 0.134300 0.110300 0.038000 0.079300 0.079000 0.068300 0.119500 0.131600 0.121600 0.090100
Giraffe 0.099100 0.192600 0.080300 0.129500 0.104200 0.099100 0.110400 0.124900 0.091500 0.124000 0.089900 0.048100 0.112600 0.111100 0.098800 0.068400 0.028000 0.000000 0.079300 0.090300 0.111600 0.068300 0.132000 0.110900 0.089900 0.110400 0.102200 0.091600 0.057900 0.101500 0.113000 0.100500 0.172200 0.102200 0.079200 0.048100 0.089200 0.103400 0.098000 0.122200 0.122000 0.100800 0.124000 0.100400 0.048200 0.090400 0.090200 0.079100 0.153700 0.121600 0.111600 0.101500
TibetanAnt 0.059100 0.173400 0.082100 0.120800 0.041000 0.059100 0.049300 0.061700 0.071800 0.104300 0.049700 0.049100 0.050300 0.049600 0.058900 0.039100 0.068500 0.079300 0.000000 0.070800 0.049800 0.049200 0.112600 0.091500 0.049700 0.049400 0.040200 0.072000 0.038900 0.081900 0.115600 0.039500 0.128600 0.040200 0.039400 0.049000 0.049600 0.040700 0.079000 0.081200 0.102500 0.039900 0.104300 0.081100 0.049000 0.029800 0.029600 0.019400 0.090400 0.124300 0.114100 0.082000
Sitatunga 0.090900 0.196900 0.029300 0.142900 0.073500 0.090900 0.059400 0.072800 0.019500 0.126900 0.081100 0.080400 0.061000 0.081300 0.090500 0.070100 0.079100 0.090300 0.070800 0.000000 0.070200 0.080500 0.147400 0.125300 0.081400 0.080800 0.072000 0.019700 0.069500 0.029200 0.115500 0.070800 0.141100 0.072000 0.070600 0.080400 0.080900 0.072900 0.089800 0.114300 0.136900 0.071000 0.126900 0.114300 0.080400 0.082000 0.060500 0.070600 0.101600 0.160000 0.059100 0.029300
Oribi 0.090700 0.185300 0.081900 0.131900 0.073300 0.090700 0.059600 0.072600 0.071600 0.115600 0.081200 0.080200 0.060800 0.081100 0.090300 0.049200 0.100000 0.111600 0.049800 0.070200 0.000000 0.080500 0.147000 0.124900 0.081200 0.060000 0.071900 0.071700 0.049000 0.081700 0.127100 0.070800 0.140800 0.071900 0.070400 0.080200 0.081400 0.072700 0.111100 0.114100 0.136600 0.049900 0.115600 0.114100 0.080200 0.060500 0.060400 0.049600 0.101400 0.159400 0.113800 0.081700
BarbaryShe 0.028800 0.138500 0.070700 0.130600 0.051000 0.028800 0.038900 0.071700 0.081800 0.070800 0.019300 0.058500 0.060100 0.039100 0.048300 0.058900 0.077700 0.068300 0.049200 0.080500 0.080500 0.000000 0.079100 0.059300 0.019300 0.059200 0.050100 0.082500 0.048500 0.091900 0.081500 0.029200 0.138800 0.050100 0.029100 0.058700 0.019200 0.050700 0.068100 0.049200 0.069700 0.049400 0.070800 0.049100 0.058600 0.059800 0.039300 0.049000 0.079100 0.090600 0.102100 0.091900
Daviddeer 0.068300 0.160700 0.114200 0.199600 0.117000 0.068700 0.079900 0.138900 0.126200 0.049700 0.069900 0.079300 0.125200 0.080800 0.110500 0.122700 0.120100 0.132000 0.112600 0.147400 0.147000 0.079100 0.000000 0.059100 0.069900 0.122700 0.114700 0.126300 0.110900 0.136500 0.060200 0.069600 0.138700 0.114700 0.090700 0.079300 0.059000 0.116100 0.131600 0.029100 0.009600 0.113000 0.049800 0.049000 0.079300 0.080900 0.102100 0.112300 0.100100 0.146400 0.147000 0.136600
Reindeer 0.069200 0.139200 0.092700 0.176300 0.095000 0.069200 0.080100 0.116600 0.103900 0.050100 0.059800 0.079800 0.103200 0.070200 0.068800 0.101500 0.120900 0.110900 0.091500 0.125300 0.124900 0.059300 0.059100 0.000000 0.059800 0.101500 0.092800 0.104400 0.090100 0.092300 0.050300 0.070200 0.163700 0.092800 0.070100 0.079800 0.059400 0.093900 0.110500 0.049400 0.049300 0.091800 0.050100 0.029300 0.079800 0.081300 0.081100 0.090800 0.122600 0.124100 0.124900 0.114600
Ibex 0.019300 0.139800 0.070100 0.131800 0.051500 0.019300 0.039200 0.072400 0.082600 0.071500 0.000000 0.049200 0.060700 0.039400 0.048700 0.059400 0.089300 0.089900 0.049700 0.081400 0.081200 0.019300 0.069900 0.059800 0.000000 0.059900 0.050500 0.082700 0.048500 0.092700 0.082300 0.029400 0.128900 0.050500 0.029400 0.049200 0.009700 0.051200 0.068600 0.039600 0.060000 0.049600 0.071700 0.049700 0.049200 0.060400 0.039600 0.049500 0.069500 0.113200 0.103000 0.092700
GyrantGaze 0.069500 0.183300 0.092200 0.130500 0.051100 0.068900 0.059100 0.071900 0.082000 0.114500 0.059700 0.079400 0.050100 0.059500 0.048300 0.048800 0.098900 0.110400 0.049400 0.080800 0.060000 0.059200 0.122700 0.101500 0.059900 0.000000 0.040000 0.082600 0.048700 0.092000 0.125900 0.049500 0.139000 0.040000 0.049200 0.079400 0.059100 0.040700 0.068500 0.091400 0.112600 0.019600 0.114500 0.091100 0.079400 0.060000 0.039400 0.049200 0.100400 0.134400 0.124300 0.092100
Hartebeest 0.060100 0.176400 0.083500 0.144800 0.041700 0.060100 0.050200 0.062800 0.072800 0.106200 0.050500 0.070800 0.009900 0.050500 0.059900 0.060400 0.090700 0.102200 0.040200 0.072000 0.071900 0.050100 0.114700 0.092800 0.050500 0.040000 0.000000 0.073200 0.060100 0.083300 0.117700 0.040200 0.130900 0.000000 0.019800 0.070800 0.050200 0.030500 0.080300 0.082500 0.104400 0.040300 0.106200 0.082500 0.070800 0.050900 0.030100 0.039900 0.092000 0.126300 0.116100 0.083400
Bongo 0.092300 0.176000 0.009900 0.145000 0.074700 0.092300 0.060000 0.074000 0.000000 0.105800 0.082700 0.060400 0.061900 0.082600 0.091900 0.092800 0.080300 0.091600 0.072000 0.019700 0.071700 0.082500 0.126300 0.104400 0.082700 0.082600 0.073200 0.000000 0.092200 0.009800 0.117300 0.071000 0.119500 0.073200 0.071700 0.059700 0.082100 0.074100 0.091200 0.116100 0.115900 0.072100 0.105800 0.093600 0.060400 0.083400 0.061700 0.071700 0.103200 0.138600 0.039700 0.009900
Gerenuk 0.057700 0.170900 0.080800 0.119000 0.061200 0.058200 0.068800 0.081900 0.092100 0.102600 0.048800 0.048300 0.070100 0.069200 0.058000 0.009500 0.067400 0.057900 0.038900 0.069500 0.049000 0.048500 0.110900 0.090100 0.048500 0.048700 0.060100 0.092200 0.000000 0.102100 0.091700 0.059000 0.149600 0.060100 0.038800 0.048300 0.048600 0.060800 0.077800 0.079800 0.100900 0.039000 0.102600 0.079800 0.048300 0.049200 0.049200 0.038700 0.110200 0.122400 0.112300 0.101900
CommonElan 0.102300 0.162700 0.019600 0.155000 0.085000 0.102300 0.070600 0.084200 0.009800 0.116000 0.092700 0.070500 0.072000 0.092600 0.101800 0.102700 0.090100 0.101500 0.081900 0.029200 0.081700 0.091900 0.136500 0.092300 0.092700 0.092000 0.083300 0.009800 0.102100 0.000000 0.116600 0.081900 0.129900 0.083300 0.081700 0.070200 0.092100 0.084300 0.101000 0.126300 0.126100 0.082100 0.116000 0.103700 0.070200 0.093400 0.071500 0.081700 0.113200 0.148900 0.049200 0.019600
MuntiacusR 0.091900 0.153400 0.105100 0.179900 0.120200 0.091900 0.103400 0.142700 0.117200 0.030100 0.082300 0.103000 0.128500 0.104100 0.113300 0.103400 0.123200 0.113000 0.115600 0.115500 0.127100 0.081500 0.060200 0.050300 0.082300 0.125900 0.117700 0.117300 0.091700 0.116600 0.000000 0.093200 0.167100 0.117700 0.093000 0.103800 0.081700 0.119200 0.134900 0.050300 0.050200 0.115900 0.030100 0.050300 0.103000 0.105000 0.104700 0.115200 0.147900 0.150300 0.138100 0.127700
HarveysDui 0.038900 0.129100 0.082100 0.142900 0.041000 0.038900 0.009600 0.061500 0.071800 0.082300 0.029400 0.069500 0.050300 0.009700 0.058900 0.059400 0.089200 0.100500 0.039500 0.070800 0.070800 0.029200 0.069600 0.070200 0.029400 0.049500 0.040200 0.071000 0.059000 0.081900 0.093200 0.000000 0.128600 0.040200 0.039400 0.069500 0.029200 0.040700 0.079000 0.060000 0.080900 0.039600 0.082300 0.060000 0.069500 0.029700 0.029600 0.039400 0.049000 0.124300 0.114100 0.081300
Pronghorn 0.126500 0.252800 0.130300 0.246100 0.133900 0.126500 0.115900 0.132400 0.119400 0.154700 0.128900 0.115300 0.118300 0.140000 0.149000 0.150600 0.135800 0.172200 0.128600 0.141100 0.140800 0.138800 0.138700 0.163700 0.128900 0.139000 0.130900 0.119500 0.149600 0.129900 0.167100 0.128600 0.000000 0.130900 0.128200 0.115300 0.116000 0.132700 0.171700 0.128500 0.128200 0.129000 0.154700 0.152100 0.114800 0.141400 0.116600 0.128100 0.137900 0.200700 0.140800 0.130000
BlueWildeb 0.060100 0.176400 0.083500 0.144800 0.041700 0.060100 0.050200 0.062800 0.072800 0.106200 0.050500 0.070800 0.009900 0.050500 0.059900 0.060400 0.090700 0.102200 0.040200 0.072000 0.071900 0.050100 0.114700 0.092800 0.050500 0.040000 0.000000 0.073200 0.060100 0.083300 0.117700 0.040200 0.130900 0.000000 0.019800 0.070800 0.050200 0.030500 0.080300 0.082500 0.104400 0.040300 0.106200 0.082500 0.070800 0.050900 0.030100 0.039900 0.092000 0.126300 0.116100 0.083400
Gemsbok 0.038800 0.150500 0.060100 0.120600 0.040900 0.039200 0.049100 0.061500 0.071700 0.082100 0.029400 0.049000 0.029800 0.049500 0.038700 0.049100 0.089000 0.079200 0.039400 0.070600 0.070400 0.029100 0.090700 0.070100 0.029400 0.049200 0.019800 0.071700 0.038800 0.081700 0.093000 0.039400 0.128200 0.019800 0.000000 0.049200 0.029200 0.040600 0.058400 0.059700 0.080700 0.039500 0.082100 0.059900 0.049000 0.049900 0.029700 0.039300 0.090100 0.102000 0.091900 0.081800
Yak 0.048200 0.160200 0.049700 0.108600 0.072100 0.048400 0.079000 0.093200 0.060300 0.092700 0.048700 0.000000 0.081000 0.079300 0.068400 0.058700 0.037900 0.048100 0.049000 0.080400 0.080200 0.058700 0.079300 0.079800 0.049200 0.079400 0.070800 0.059700 0.048300 0.070200 0.103800 0.069500 0.115300 0.070800 0.049200 0.000000 0.038700 0.071600 0.067800 0.069600 0.069400 0.069800 0.092000 0.069300 0.000000 0.059600 0.059500 0.048900 0.099800 0.111900 0.080200 0.070300
BlueSheep 0.009500 0.138900 0.070900 0.130900 0.051100 0.009500 0.038900 0.071900 0.082000 0.071000 0.009600 0.038700 0.060300 0.039100 0.048400 0.059000 0.078200 0.089200 0.049600 0.080900 0.081400 0.019200 0.059000 0.059400 0.009700 0.059100 0.050200 0.082100 0.048600 0.092100 0.081700 0.029200 0.116000 0.050200 0.029200 0.038700 0.000000 0.050800 0.068200 0.029200 0.049100 0.049500 0.070800 0.049300 0.038700 0.059700 0.039400 0.049100 0.058700 0.112300 0.102300 0.092100
BohorReedb 0.060900 0.178500 0.084600 0.146500 0.020600 0.060900 0.050800 0.063600 0.073700 0.107600 0.051200 0.071600 0.040600 0.051100 0.060600 0.061200 0.091700 0.103400 0.040700 0.072900 0.072700 0.050700 0.116100 0.093900 0.051200 0.040700 0.030500 0.074100 0.060800 0.084300 0.119200 0.040700 0.132700 0.030500 0.040600 0.071600 0.050800 0.000000 0.081300 0.083600 0.105700 0.040800 0.107600 0.083600 0.071600 0.051600 0.030400 0.040400 0.082000 0.128000 0.117600 0.084400
KirksDik 0.077900 0.191900 0.080000 0.096700 0.080700 0.077900 0.088800 0.102800 0.091100 0.123600 0.068700 0.067900 0.090500 0.089300 0.057400 0.088700 0.107600 0.098000 0.079000 0.089800 0.111100 0.068100 0.131600 0.110500 0.068600 0.068500 0.080300 0.091200 0.077800 0.101000 0.134900 0.079000 0.171700 0.080300 0.058400 0.067800 0.068200 0.081300 0.000000 0.100100 0.121500 0.069200 0.123600 0.100100 0.067800 0.089300 0.069000 0.078700 0.109300 0.143400 0.111100 0.101100
RoeDeer 0.038900 0.173400 0.104100 0.165700 0.084200 0.038900 0.069900 0.105600 0.116000 0.040000 0.039600 0.069600 0.092900 0.070300 0.079500 0.091000 0.110400 0.122200 0.081200 0.114300 0.114100 0.049200 0.029100 0.049400 0.039600 0.091400 0.082500 0.116100 0.079800 0.126300 0.050300 0.060000 0.128500 0.082500 0.059700 0.069600 0.029200 0.083600 0.100100 0.000000 0.019500 0.081300 0.040000 0.039400 0.069600 0.070900 0.070700 0.080800 0.090400 0.136200 0.136800 0.126400
WhiteLippe 0.059000 0.173100 0.103900 0.189100 0.106500 0.059200 0.090900 0.128400 0.115800 0.039900 0.060000 0.069400 0.114900 0.091500 0.100600 0.112600 0.110200 0.122000 0.102500 0.136900 0.136600 0.069700 0.009600 0.049300 0.060000 0.112600 0.104400 0.115900 0.100900 0.126100 0.050200 0.080900 0.128200 0.104400 0.080700 0.069400 0.049100 0.105700 0.121500 0.019500 0.000000 0.102900 0.039900 0.039300 0.069100 0.092200 0.092000 0.102200 0.111800 0.136000 0.136600 0.126200
ThomsonGaz 0.059500 0.173900 0.082300 0.132700 0.041100 0.060100 0.049400 0.061900 0.072000 0.104600 0.049800 0.069800 0.050500 0.049400 0.048800 0.039200 0.089400 0.100800 0.039900 0.071000 0.049900 0.049400 0.113000 0.091800 0.049600 0.019600 0.040300 0.072100 0.039000 0.082100 0.115900 0.039600 0.129000 0.040300 0.039500 0.069800 0.049500 0.040800 0.069200 0.081300 0.102900 0.000000 0.104600 0.081300 0.069200 0.050200 0.029700 0.039500 0.090500 0.124600 0.114500 0.081800
MuntiacusC 0.081000 0.152600 0.093800 0.167900 0.108400 0.081000 0.092400 0.130700 0.105700 0.000000 0.071500 0.092300 0.116900 0.093000 0.102200 0.114500 0.134300 0.124000 0.104300 0.126900 0.115600 0.070800 0.049800 0.050100 0.071700 0.114500 0.106200 0.105800 0.102600 0.116000 0.030100 0.082300 0.154700 0.106200 0.082100 0.092000 0.070800 0.107600 0.123600 0.040000 0.039900 0.104600 0.000000 0.040000 0.092300 0.093400 0.093600 0.103900 0.136300 0.138400 0.126500 0.116100
WhiteTaile 0.059300 0.150700 0.081200 0.165700 0.084200 0.058800 0.069700 0.105600 0.093500 0.040000 0.049500 0.069500 0.092900 0.070300 0.079500 0.091000 0.110300 0.100400 0.081100 0.114300 0.114100 0.049100 0.049000 0.029300 0.049700 0.091100 0.082500 0.093600 0.079800 0.103700 0.050300 0.060000 0.152100 0.082500 0.059900 0.069300 0.049300 0.083600 0.100100 0.039400 0.039300 0.081300 0.040000 0.000000 0.069500 0.070900 0.070700 0.080800 0.112000 0.113600 0.114100 0.103800
Cattle 0.048400 0.160200 0.049700 0.108600 0.072100 0.048400 0.079400 0.093200 0.060300 0.092000 0.048700 0.000000 0.081000 0.079900 0.068300 0.058700 0.038000 0.048200 0.049000 0.080400 0.080200 0.058600 0.079300 0.079800 0.049200 0.079400 0.070800 0.060400 0.048300 0.070200 0.103000 0.069500 0.114800 0.070800 0.049000 0.000000 0.038700 0.071600 0.067800 0.069600 0.069100 0.069200 0.092300 0.069500 0.000000 0.059600 0.059200 0.048900 0.099800 0.111900 0.080200 0.069800
RoyalAntel 0.069900 0.163400 0.093700 0.132600 0.051600 0.069900 0.039700 0.073000 0.083200 0.093800 0.060200 0.059900 0.061100 0.039800 0.069600 0.049500 0.079300 0.090400 0.029800 0.082000 0.060500 0.059800 0.080900 0.081300 0.060400 0.060000 0.050900 0.083400 0.049200 0.093400 0.105000 0.029700 0.141400 0.050900 0.049900 0.059600 0.059700 0.051600 0.089300 0.070900 0.092200 0.050200 0.093400 0.070900 0.059600 0.000000 0.039900 0.029500 0.080500 0.136600 0.126300 0.093500
Steenbok 0.049100 0.162600 0.071600 0.132200 0.030600 0.049100 0.039300 0.051300 0.061400 0.093600 0.039600 0.059500 0.040100 0.039600 0.048900 0.049400 0.079000 0.090200 0.029600 0.060500 0.060400 0.039300 0.102100 0.081100 0.039600 0.039400 0.030100 0.061700 0.049200 0.071500 0.104700 0.029600 0.116600 0.030100 0.029700 0.059500 0.039400 0.030400 0.069000 0.070700 0.092000 0.029700 0.093600 0.070700 0.059200 0.039900 0.000000 0.029500 0.080100 0.113600 0.103400 0.071500
Impala 0.058900 0.172900 0.081900 0.119900 0.040800 0.058900 0.049100 0.061500 0.071300 0.103900 0.049500 0.048900 0.049900 0.049400 0.058700 0.039000 0.068300 0.079100 0.019400 0.070600 0.049600 0.049000 0.112300 0.090800 0.049500 0.049200 0.039900 0.071700 0.038700 0.081700 0.115200 0.039400 0.128100 0.039900 0.039300 0.048900 0.049100 0.040400 0.078700 0.080800 0.102200 0.039500 0.103900 0.080800 0.048900 0.029500 0.029500 0.000000 0.090100 0.123900 0.113800 0.081700
Klipspring 0.068400 0.182400 0.113500 0.175000 0.082600 0.068800 0.038700 0.092900 0.103100 0.136300 0.070500 0.099800 0.080800 0.059100 0.109800 0.110900 0.119500 0.153700 0.090400 0.101600 0.101400 0.079100 0.100100 0.122600 0.069500 0.100400 0.092000 0.103200 0.110200 0.113200 0.147900 0.049000 0.137900 0.092000 0.090100 0.099800 0.058700 0.082000 0.109300 0.090400 0.111800 0.090500 0.136300 0.112000 0.099800 0.080500 0.080100 0.090100 0.000000 0.179800 0.146100 0.113300
ForestMusk 0.122500 0.185300 0.126200 0.199400 0.129100 0.122500 0.134600 0.124800 0.138500 0.138400 0.113200 0.111900 0.137000 0.135300 0.100100 0.134500 0.131600 0.121600 0.124300 0.160000 0.159400 0.090600 0.146400 0.124100 0.113200 0.134400 0.126300 0.138600 0.122400 0.148900 0.150300 0.124300 0.200700 0.126300 0.102000 0.111900 0.112300 0.128000 0.143400 0.136200 0.136000 0.124600 0.138400 0.113600 0.111900 0.136600 0.113600 0.123900 0.179800 0.000000 0.159500 0.149000
Bushbuck 0.112000 0.196400 0.029200 0.165500 0.118600 0.112500 0.102700 0.117400 0.039400 0.126500 0.103000 0.080200 0.104200 0.125200 0.111900 0.124300 0.121600 0.111600 0.114100 0.059100 0.113800 0.102100 0.147000 0.124900 0.103000 0.124300 0.116100 0.039700 0.112300 0.049200 0.138100 0.114100 0.140800 0.116100 0.091900 0.080200 0.102300 0.117600 0.111100 0.136800 0.136600 0.114500 0.126500 0.114100 0.080200 0.126300 0.103400 0.113800 0.146100 0.159500 0.000000 0.049400
GreaterKud 0.102300 0.186100 0.019500 0.155200 0.085100 0.102300 0.070600 0.084600 0.009800 0.116100 0.092800 0.070300 0.072100 0.092300 0.101900 0.102800 0.090100 0.101500 0.082000 0.029300 0.081700 0.091900 0.136600 0.114600 0.092700 0.092100 0.083400 0.009900 0.101900 0.019600 0.127700 0.081300 0.130000 0.083400 0.081800 0.070300 0.092100 0.084400 0.101100 0.126400 0.126200 0.081800 0.116100 0.103800 0.069800 0.093500 0.071500 0.081700 0.113300 0.149000 0.049400 0.000000
