1
52 1
Argali 0.000000 0.480900 0.140300 0.427500 0.112900 0.054400 0.116600 0.172100 0.112500 0.342800 0.140700 0.177500 0.112800 0.088200 0.056700 0.084000 0.216800 0.345700 0.083900 0.081700 0.084600 0.112600 0.342100 0.356700 0.112600 0.056200 0.117500 0.112500 0.113000 0.081100 0.294600 0.083800 0.456500 0.117400 0.088600 0.180700 0.112600 0.118200 0.084100 0.294700 0.301000 0.083100 0.298300 0.356600 0.203700 0.138100 0.142400 0.116900 0.056200 0.218200 0.112500 0.113900
LesserMous 0.480900 0.000000 0.533000 0.548600 0.590900 0.484100 0.527200 0.569500 0.499300 0.349200 0.534200 0.609900 0.598900 0.490200 0.514200 0.545400 0.280100 0.343600 0.445700 0.524400 0.556500 0.493600 0.555800 0.453400 0.493600 0.513200 0.531700 0.499300 0.594900 0.518400 0.287900 0.547500 0.450300 0.527000 0.493400 0.634000 0.493600 0.536700 0.550000 0.487400 0.501100 0.543200 0.390300 0.442700 0.533300 0.598700 0.641900 0.523000 0.513200 0.470600 0.499300 0.501300
LesserKudu 0.140300 0.533000 0.000000 0.384400 0.140400 0.140500 0.145900 0.199700 0.026400 0.385000 0.109200 0.142300 0.204700 0.118200 0.145900 0.110800 0.247100 0.380500 0.111800 0.052700 0.173600 0.081900 0.298200 0.395700 0.081900 0.144100 0.147800 0.026400 0.140400 0.052400 0.333400 0.172700 0.582200 0.085400 0.118800 0.145700 0.081900 0.148800 0.172400 0.254400 0.338300 0.171200 0.338200 0.473000 0.168800 0.106000 0.168800 0.146400 0.144100 0.247200 0.026400 0.026900
KillerWhal 0.427500 0.548600 0.384400 0.000000 0.278300 0.428900 0.375300 0.312700 0.436600 0.497100 0.385900 0.362500 0.441700 0.343900 0.370000 0.319000 0.498900 0.485500 0.395300 0.461800 0.321600 0.354100 0.489600 0.496600 0.354100 0.368100 0.380000 0.436600 0.356600 0.456300 0.519900 0.398700 0.489500 0.297000 0.347300 0.292300 0.354100 0.298800 0.400100 0.341300 0.540100 0.396300 0.442300 0.579500 0.311800 0.372200 0.391100 0.373200 0.368100 0.257000 0.436600 0.440900
DefassaWat 0.112900 0.590900 0.140400 0.278300 0.000000 0.113100 0.118300 0.083000 0.175400 0.352400 0.140600 0.115300 0.176500 0.089500 0.057400 0.027300 0.288400 0.349900 0.144300 0.141100 0.027500 0.112700 0.267100 0.363600 0.112700 0.056900 0.119400 0.175400 0.055200 0.139900 0.378700 0.084800 0.369400 0.057500 0.090100 0.056900 0.112700 0.057600 0.085000 0.153500 0.306900 0.083900 0.306200 0.363100 0.082100 0.080400 0.083300 0.118100 0.056900 0.087700 0.175400 0.177400
Sheep 0.054400 0.484100 0.140500 0.428900 0.113100 0.000000 0.056800 0.172400 0.112700 0.343900 0.140900 0.177900 0.112900 0.088300 0.056800 0.084100 0.217300 0.346700 0.084000 0.081800 0.084700 0.112800 0.342700 0.282200 0.112800 0.056300 0.057200 0.112700 0.113100 0.081200 0.295500 0.027100 0.370700 0.117600 0.088800 0.181100 0.112800 0.118500 0.084200 0.295400 0.226600 0.083300 0.299200 0.281700 0.141500 0.138300 0.142600 0.117100 0.056300 0.218700 0.112700 0.114100
MaxwellsDu 0.116600 0.527200 0.145900 0.375300 0.118300 0.056800 0.000000 0.179400 0.117400 0.286100 0.146700 0.120100 0.057500 0.030200 0.059600 0.087500 0.226300 0.282700 0.087400 0.145800 0.088500 0.117700 0.283200 0.224600 0.117700 0.058800 0.000100 0.117300 0.118400 0.144500 0.314200 0.028400 0.388600 0.060200 0.030400 0.123300 0.117700 0.060800 0.087700 0.237400 0.166700 0.087100 0.241000 0.295900 0.086000 0.142300 0.148200 0.059700 0.058800 0.230000 0.117400 0.119300
GazellaPrz 0.172100 0.569500 0.199700 0.312700 0.083000 0.172400 0.179400 0.000000 0.237400 0.342200 0.200300 0.175300 0.239000 0.150400 0.116000 0.082900 0.282000 0.341500 0.204700 0.201300 0.114600 0.171600 0.339800 0.355200 0.171600 0.115100 0.181000 0.237400 0.111500 0.199400 0.369000 0.143200 0.412900 0.116100 0.151400 0.148000 0.171600 0.150400 0.143600 0.257700 0.381200 0.142100 0.298200 0.355500 0.110400 0.136400 0.141200 0.179100 0.115100 0.184000 0.237400 0.239100
MountainNy 0.112500 0.499300 0.026400 0.436600 0.175400 0.112700 0.117400 0.237400 0.000000 0.352300 0.141700 0.177900 0.176000 0.089300 0.117500 0.144100 0.217200 0.348100 0.084200 0.026400 0.145600 0.113500 0.348700 0.363900 0.113500 0.116000 0.119000 0.000000 0.175500 0.026300 0.301100 0.144700 0.548600 0.118800 0.089800 0.182600 0.113500 0.119900 0.144400 0.300800 0.306800 0.143300 0.305800 0.440900 0.205100 0.137900 0.204900 0.117800 0.116000 0.291300 0.000000 0.000100
MuntiacusM 0.342800 0.349200 0.385000 0.497100 0.352400 0.343900 0.286100 0.342200 0.352300 0.000000 0.301500 0.360500 0.354200 0.252400 0.282400 0.312800 0.165200 0.217100 0.309700 0.380900 0.317600 0.349600 0.217200 0.162000 0.349600 0.280400 0.288200 0.352300 0.352900 0.376500 0.031500 0.313300 0.321900 0.287000 0.253600 0.373600 0.349600 0.291800 0.235000 0.173000 0.176900 0.310400 0.032200 0.160200 0.306800 0.370900 0.392500 0.284200 0.280400 0.244400 0.352300 0.355000
goat 0.140700 0.534200 0.109200 0.385900 0.140600 0.140900 0.146700 0.200300 0.141700 0.301500 0.000000 0.143200 0.204000 0.118100 0.146000 0.111500 0.249200 0.383700 0.112000 0.169000 0.174500 0.026300 0.223700 0.317400 0.026000 0.144900 0.147200 0.141700 0.140700 0.167500 0.256000 0.173000 0.582900 0.085100 0.118200 0.146300 0.026500 0.148700 0.173600 0.184200 0.260800 0.171700 0.259500 0.389700 0.170000 0.164700 0.170500 0.146400 0.144900 0.248800 0.141700 0.143200
AfricanBuf 0.177500 0.609900 0.142300 0.362500 0.115300 0.177900 0.120100 0.175300 0.177900 0.360500 0.143200 0.000000 0.179900 0.091300 0.120700 0.085300 0.222100 0.276900 0.086000 0.206200 0.148700 0.114800 0.273300 0.371800 0.114800 0.118500 0.121700 0.177900 0.085200 0.204400 0.387300 0.147800 0.473800 0.058600 0.091800 0.119900 0.114800 0.122700 0.147500 0.229300 0.314200 0.146400 0.312900 0.450100 0.144200 0.081500 0.144500 0.058600 0.118500 0.222600 0.177900 0.181800
Topi 0.112800 0.598900 0.204700 0.441700 0.176500 0.112900 0.057500 0.239000 0.176000 0.354200 0.204000 0.179900 0.000000 0.089600 0.118000 0.145700 0.290700 0.353500 0.144700 0.203400 0.146900 0.175000 0.351900 0.288600 0.175000 0.117100 0.057600 0.176000 0.176600 0.201600 0.381200 0.084700 0.458600 0.118700 0.089600 0.184300 0.175000 0.120400 0.145900 0.302800 0.231400 0.144400 0.307500 0.361400 0.143400 0.199900 0.207900 0.118300 0.117100 0.295000 0.176000 0.177600
CommonDuik 0.088200 0.490200 0.118200 0.343900 0.089500 0.088300 0.030200 0.150400 0.089300 0.252400 0.118100 0.091300 0.089600 0.000000 0.030100 0.059200 0.196900 0.251100 0.058800 0.117500 0.059900 0.089000 0.250200 0.268100 0.089000 0.029900 0.030500 0.089300 0.089500 0.116500 0.281200 0.059100 0.445400 0.030500 0.000200 0.093900 0.089000 0.030800 0.059300 0.205300 0.209600 0.058600 0.208000 0.343600 0.119800 0.115200 0.120100 0.030200 0.029900 0.200100 0.089300 0.090300
Suni 0.056700 0.514200 0.145900 0.370000 0.057400 0.056800 0.059600 0.116000 0.117500 0.282400 0.146000 0.120700 0.118000 0.030100 0.000000 0.028500 0.227300 0.283500 0.087600 0.084900 0.028800 0.117200 0.280100 0.296800 0.117200 0.000100 0.060000 0.117500 0.057400 0.084300 0.310200 0.028400 0.392900 0.060000 0.030200 0.123300 0.117200 0.060600 0.028500 0.235000 0.239800 0.028200 0.238100 0.295800 0.147900 0.083800 0.086700 0.059700 0.000100 0.159200 0.117500 0.119000
Springbuck 0.084000 0.545400 0.110800 0.319000 0.027300 0.084100 0.087500 0.082900 0.144100 0.312800 0.111500 0.085300 0.145700 0.059200 0.028500 0.000000 0.252700 0.309700 0.114500 0.111800 0.055200 0.083800 0.231200 0.326500 0.083800 0.028100 0.088700 0.144100 0.027300 0.110900 0.339800 0.056000 0.420200 0.028500 0.059500 0.087300 0.083800 0.089300 0.055900 0.190300 0.269700 0.055500 0.268500 0.325800 0.112100 0.053000 0.054800 0.087900 0.027500 0.120000 0.144100 0.146400
Okapi 0.216800 0.280100 0.247100 0.498900 0.288400 0.217300 0.226300 0.282000 0.217200 0.165200 0.249200 0.222100 0.290700 0.196900 0.227300 0.252700 0.000000 0.095800 0.119700 0.246700 0.255400 0.218100 0.239600 0.256700 0.218100 0.222800 0.229600 0.217200 0.289100 0.244400 0.125600 0.254200 0.263700 0.229000 0.198000 0.301200 0.218100 0.231100 0.253600 0.196900 0.201100 0.251700 0.198000 0.253700 0.247700 0.240700 0.322400 0.157700 0.222800 0.262900 0.217200 0.222100
Giraffe 0.345700 0.343600 0.380500 0.485500 0.349900 0.346700 0.282700 0.341500 0.348100 0.217100 0.383700 0.276900 0.353500 0.251100 0.283500 0.309700 0.095800 0.000000 0.233600 0.379700 0.313600 0.348800 0.298700 0.315700 0.348800 0.277500 0.287100 0.348100 0.351200 0.375300 0.247100 0.312200 0.238600 0.286000 0.252500 0.367400 0.348800 0.289100 0.311200 0.250900 0.256900 0.308700 0.253600 0.311400 0.303300 0.293800 0.388300 0.205900 0.277500 0.323500 0.348100 0.356300
TibetanAnt 0.083900 0.445700 0.111800 0.395300 0.144300 0.084000 0.087400 0.204700 0.084200 0.309700 0.112000 0.086000 0.144700 0.058800 0.087600 0.114500 0.119700 0.233600 0.000000 0.111100 0.115500 0.084200 0.309400 0.324500 0.084200 0.086400 0.088100 0.084200 0.144400 0.110400 0.262000 0.114200 0.416300 0.088100 0.059200 0.150700 0.084200 0.088800 0.114700 0.263000 0.268800 0.113400 0.265600 0.398300 0.174200 0.109500 0.174600 0.028200 0.086400 0.255800 0.084200 0.085500
Sitatunga 0.081700 0.524400 0.052700 0.461800 0.141100 0.081800 0.145800 0.201300 0.026400 0.380900 0.169000 0.206200 0.203400 0.117500 0.084900 0.111800 0.246700 0.379700 0.111100 0.000000 0.112700 0.140700 0.377400 0.394100 0.140700 0.084200 0.146900 0.026400 0.141100 0.000100 0.330200 0.111800 0.493000 0.146600 0.118000 0.205300 0.140700 0.147900 0.112000 0.329000 0.335600 0.111000 0.335300 0.394200 0.233300 0.107000 0.170700 0.145500 0.084200 0.250000 0.026400 0.026700
Oribi 0.084600 0.556500 0.173600 0.321600 0.027500 0.084700 0.088500 0.114600 0.145600 0.317600 0.174500 0.148700 0.146900 0.059900 0.028800 0.055200 0.255400 0.313600 0.115500 0.112700 0.000000 0.145800 0.314900 0.330000 0.145800 0.028400 0.089700 0.145600 0.085900 0.111800 0.344500 0.056500 0.335200 0.089500 0.060200 0.088200 0.145800 0.029000 0.056400 0.192200 0.273700 0.056000 0.272000 0.329100 0.112800 0.110200 0.114500 0.088800 0.028400 0.121000 0.145600 0.148000
BarbaryShe 0.112600 0.493600 0.081900 0.354100 0.112700 0.112800 0.117700 0.171600 0.113500 0.349600 0.026300 0.114800 0.175000 0.089000 0.117200 0.083800 0.218100 0.348800 0.084200 0.140700 0.145800 0.000000 0.266200 0.362700 0.000000 0.116300 0.118100 0.113500 0.112700 0.139600 0.299800 0.144400 0.544400 0.056900 0.089000 0.117400 0.000000 0.119400 0.144900 0.223300 0.305800 0.143300 0.304100 0.438800 0.141700 0.137200 0.142100 0.117500 0.116300 0.218100 0.113500 0.114700
Daviddeer 0.342100 0.555800 0.298200 0.489600 0.267100 0.342700 0.283200 0.339800 0.348700 0.217200 0.223700 0.273300 0.351900 0.250200 0.280100 0.231200 0.239600 0.298700 0.309400 0.377400 0.314900 0.266200 0.000000 0.314100 0.266200 0.278200 0.286400 0.348700 0.267300 0.372900 0.247100 0.310900 0.410900 0.204700 0.252300 0.282000 0.266200 0.288700 0.311600 0.099000 0.100600 0.307200 0.253300 0.310100 0.303700 0.288900 0.304300 0.281700 0.278200 0.241600 0.348700 0.351300
Reindeer 0.356700 0.453400 0.395700 0.496600 0.363600 0.282200 0.224600 0.355200 0.363900 0.162000 0.317400 0.371800 0.288600 0.268100 0.296800 0.326500 0.256700 0.315700 0.324500 0.394100 0.330000 0.362700 0.314100 0.000000 0.362700 0.295200 0.226500 0.363900 0.364000 0.389400 0.190700 0.251800 0.335400 0.301800 0.269900 0.382300 0.362700 0.304900 0.328000 0.265600 0.196900 0.249900 0.125300 0.056600 0.246800 0.383900 0.403100 0.298900 0.295200 0.261000 0.363900 0.365900
Ibex 0.112600 0.493600 0.081900 0.354100 0.112700 0.112800 0.117700 0.171600 0.113500 0.349600 0.026000 0.114800 0.175000 0.089000 0.117200 0.083800 0.218100 0.348800 0.084200 0.140700 0.145800 0.000000 0.266200 0.362700 0.000000 0.116300 0.118100 0.113500 0.112700 0.139600 0.299800 0.144400 0.544400 0.056700 0.089000 0.117400 0.000000 0.119400 0.144900 0.223300 0.305800 0.143300 0.304100 0.438800 0.141700 0.137200 0.142100 0.117500 0.116300 0.218100 0.113500 0.114700
GyrantGaze 0.056200 0.513200 0.144100 0.368100 0.056900 0.056300 0.058800 0.115100 0.116000 0.280400 0.144900 0.118500 0.117100 0.029900 0.000100 0.028100 0.222800 0.277500 0.086400 0.084200 0.028400 0.116300 0.278200 0.295200 0.116300 0.000000 0.059600 0.116000 0.056900 0.083500 0.308000 0.028200 0.386800 0.059500 0.030000 0.121600 0.116300 0.060100 0.028100 0.233400 0.238200 0.027900 0.236500 0.294200 0.146000 0.082400 0.085500 0.059000 0.000000 0.157100 0.116000 0.117900
Hartebeest 0.117500 0.531700 0.147800 0.380000 0.119400 0.057200 0.000100 0.181000 0.119000 0.288200 0.147200 0.121700 0.057600 0.030500 0.060000 0.088700 0.229600 0.287100 0.088100 0.146900 0.089700 0.118100 0.286400 0.226500 0.118100 0.059600 0.000000 0.119000 0.119400 0.145600 0.316300 0.028600 0.391900 0.060400 0.030500 0.125000 0.118100 0.061400 0.088900 0.239700 0.168400 0.087800 0.242500 0.298400 0.087100 0.144200 0.150200 0.060200 0.059600 0.233400 0.119000 0.120200
Bongo 0.112500 0.499300 0.026400 0.436600 0.175400 0.112700 0.117300 0.237400 0.000000 0.352300 0.141700 0.177900 0.176000 0.089300 0.117500 0.144100 0.217200 0.348100 0.084200 0.026400 0.145600 0.113500 0.348700 0.363900 0.113500 0.116000 0.119000 0.000000 0.175500 0.026300 0.301100 0.144700 0.548600 0.118800 0.089800 0.182600 0.113500 0.119900 0.144400 0.300800 0.306800 0.143300 0.305800 0.440900 0.205100 0.137200 0.204900 0.117800 0.116000 0.291300 0.000000 0.000100
Gerenuk 0.113000 0.594900 0.140400 0.356600 0.055200 0.113100 0.118400 0.111500 0.175500 0.352900 0.140700 0.085200 0.176600 0.089500 0.057400 0.027300 0.289100 0.351200 0.144400 0.141100 0.085900 0.112700 0.267300 0.364000 0.112700 0.056900 0.119400 0.175500 0.000000 0.139900 0.379400 0.084800 0.465900 0.057500 0.090100 0.118500 0.112700 0.120600 0.085000 0.225100 0.307100 0.084000 0.306400 0.363600 0.142500 0.080400 0.083300 0.118200 0.056900 0.152800 0.175500 0.177800
CommonElan 0.081100 0.518400 0.052400 0.456300 0.139900 0.081200 0.144500 0.199400 0.026300 0.376500 0.167500 0.204400 0.201600 0.116500 0.084300 0.110900 0.244400 0.375300 0.110400 0.000100 0.111800 0.139600 0.372900 0.389400 0.139600 0.083500 0.145600 0.026300 0.139900 0.000000 0.326700 0.110900 0.486700 0.145400 0.117100 0.209300 0.139600 0.146500 0.111000 0.325300 0.331700 0.110000 0.331100 0.389400 0.231000 0.106200 0.169100 0.144300 0.083500 0.247500 0.026300 0.026500
MuntiacusR 0.294600 0.287900 0.333400 0.519900 0.378700 0.295500 0.314200 0.369000 0.301100 0.031500 0.256000 0.387300 0.381200 0.281200 0.310200 0.339800 0.125600 0.247100 0.262000 0.330200 0.344500 0.299800 0.247100 0.190700 0.299800 0.308000 0.316300 0.301100 0.379400 0.326700 0.000000 0.340200 0.349500 0.315000 0.282400 0.400400 0.299800 0.319800 0.262800 0.202600 0.207100 0.337200 0.063000 0.188600 0.333800 0.396600 0.418900 0.312300 0.308000 0.272400 0.301100 0.303700
HarveysDui 0.083800 0.547500 0.172700 0.398700 0.084800 0.027100 0.028400 0.143200 0.144700 0.313300 0.173000 0.147800 0.084700 0.059100 0.028400 0.056000 0.254200 0.312200 0.114200 0.111800 0.056500 0.144400 0.310900 0.251800 0.144400 0.028200 0.028600 0.144700 0.084800 0.110900 0.340200 0.000000 0.336000 0.088500 0.059400 0.151600 0.144400 0.089300 0.056100 0.264700 0.195400 0.055500 0.268700 0.250900 0.113100 0.109800 0.114000 0.087800 0.028200 0.188300 0.144700 0.146200
Pronghorn 0.456500 0.450300 0.582200 0.489500 0.369400 0.370700 0.388600 0.412900 0.548600 0.321900 0.582900 0.473800 0.458600 0.445400 0.392900 0.420200 0.263700 0.238600 0.416300 0.493000 0.335200 0.544400 0.410900 0.335400 0.544400 0.386800 0.391900 0.548600 0.465900 0.486700 0.349500 0.336000 0.000000 0.481400 0.447800 0.472100 0.544400 0.390100 0.422900 0.350800 0.363700 0.417200 0.359000 0.257900 0.321300 0.401400 0.508900 0.392500 0.386700 0.264800 0.548600 0.558800
BlueWildeb 0.117400 0.527000 0.085400 0.297000 0.057500 0.117600 0.060200 0.116100 0.118800 0.287000 0.085100 0.058600 0.118700 0.030500 0.060000 0.028500 0.229000 0.286000 0.088100 0.146600 0.089500 0.056900 0.204700 0.301800 0.056700 0.059500 0.060400 0.118800 0.057500 0.145400 0.315000 0.088500 0.481400 0.000000 0.030000 0.060100 0.056500 0.061300 0.088700 0.163600 0.244100 0.087700 0.241700 0.378000 0.086500 0.083500 0.086700 0.060100 0.059500 0.159600 0.118800 0.120100
Gemsbok 0.088600 0.493400 0.118800 0.347300 0.090100 0.088800 0.030400 0.151400 0.089800 0.253600 0.118200 0.091800 0.089600 0.000200 0.030200 0.059500 0.198000 0.252500 0.059200 0.118000 0.060200 0.089000 0.252300 0.269900 0.089000 0.030000 0.030500 0.089800 0.090100 0.117100 0.282400 0.059400 0.447800 0.030000 0.000000 0.094500 0.089000 0.031000 0.059600 0.206900 0.211400 0.058900 0.208800 0.345800 0.120500 0.115800 0.120700 0.030300 0.030000 0.201300 0.089800 0.090700
Yak 0.180700 0.634000 0.145700 0.292300 0.056900 0.181100 0.123300 0.148000 0.182600 0.373600 0.146300 0.119900 0.184300 0.093900 0.123300 0.087300 0.301200 0.367400 0.150700 0.205300 0.088200 0.117400 0.282000 0.382300 0.117400 0.121600 0.125000 0.182600 0.118500 0.209300 0.400400 0.151600 0.472100 0.060100 0.094500 0.000000 0.117400 0.060700 0.151200 0.161300 0.324600 0.150000 0.312900 0.463400 0.085100 0.141900 0.147800 0.123600 0.121600 0.156700 0.182600 0.185700
BlueSheep 0.112600 0.493600 0.081900 0.354100 0.112700 0.112800 0.117700 0.171600 0.113500 0.349600 0.026500 0.114800 0.175000 0.089000 0.117200 0.083800 0.218100 0.348800 0.084200 0.140700 0.145800 0.000000 0.266200 0.362700 0.000000 0.116300 0.118100 0.113500 0.112700 0.139600 0.299800 0.144400 0.544400 0.056500 0.089000 0.117400 0.000000 0.119400 0.144900 0.223300 0.305800 0.143300 0.304100 0.438800 0.141700 0.137200 0.142100 0.117500 0.116300 0.218100 0.113500 0.114700
BohorReedb 0.118200 0.536700 0.148800 0.298800 0.057600 0.118500 0.060800 0.150400 0.119900 0.291800 0.148700 0.122700 0.120400 0.030800 0.060600 0.089300 0.231100 0.289100 0.088800 0.147900 0.029000 0.119400 0.288700 0.304900 0.119400 0.060100 0.061400 0.119900 0.120600 0.146500 0.319800 0.089300 0.390100 0.061300 0.031000 0.060700 0.119400 0.000000 0.089500 0.165000 0.246900 0.088300 0.245400 0.382300 0.087000 0.144800 0.151200 0.060700 0.060100 0.160900 0.119900 0.121300
KirksDik 0.084100 0.550000 0.172400 0.400100 0.085000 0.084200 0.087700 0.143600 0.144400 0.235000 0.173600 0.147500 0.145900 0.059300 0.028500 0.055900 0.253600 0.311200 0.114700 0.112000 0.056400 0.144900 0.311600 0.328000 0.144900 0.028100 0.088900 0.144400 0.085000 0.111000 0.262800 0.056100 0.422900 0.088700 0.059600 0.151200 0.144900 0.089500 0.000000 0.265500 0.270900 0.055600 0.194600 0.327300 0.174700 0.109700 0.113700 0.088000 0.028100 0.187700 0.144400 0.146700
RoeDeer 0.294700 0.487400 0.254400 0.341300 0.153500 0.295400 0.237400 0.257700 0.300800 0.173000 0.184200 0.229300 0.302800 0.205300 0.235000 0.190300 0.196900 0.250900 0.263000 0.329000 0.192200 0.223300 0.099000 0.265600 0.223300 0.233400 0.239700 0.300800 0.225100 0.325300 0.202600 0.264700 0.350800 0.163600 0.206900 0.161300 0.223300 0.165000 0.265500 0.000000 0.134600 0.261800 0.207500 0.262300 0.185300 0.246800 0.259000 0.236300 0.233400 0.126900 0.300800 0.303900
WhiteLippe 0.301000 0.501100 0.338300 0.540100 0.306900 0.226600 0.166700 0.381200 0.306800 0.176900 0.260800 0.314200 0.231400 0.209600 0.239800 0.269700 0.201100 0.256900 0.268800 0.335600 0.273700 0.305800 0.100600 0.196900 0.305800 0.238200 0.168400 0.306800 0.307100 0.331700 0.207100 0.195400 0.363700 0.244100 0.211400 0.324600 0.305800 0.246900 0.270900 0.134600 0.000000 0.267200 0.212000 0.194900 0.265300 0.327300 0.344900 0.241000 0.238200 0.282200 0.306800 0.309200
ThomsonGaz 0.083100 0.543200 0.171200 0.396300 0.083900 0.083300 0.087100 0.142100 0.143300 0.310400 0.171700 0.146400 0.144400 0.058600 0.028200 0.055500 0.251700 0.308700 0.113400 0.111000 0.056000 0.143300 0.307200 0.249900 0.143300 0.027900 0.087800 0.143300 0.084000 0.110000 0.337200 0.055500 0.417200 0.087700 0.058900 0.150000 0.143300 0.088300 0.055600 0.261800 0.267200 0.000000 0.266500 0.249000 0.173500 0.109000 0.113000 0.087000 0.027900 0.186200 0.143300 0.144900
MuntiacusC 0.298300 0.390300 0.338200 0.442300 0.306200 0.299200 0.241000 0.298200 0.305800 0.032200 0.259500 0.312900 0.307500 0.208000 0.238100 0.268500 0.198000 0.253600 0.265600 0.335300 0.272000 0.304100 0.253300 0.125300 0.304100 0.236500 0.242500 0.305800 0.306400 0.331100 0.063000 0.268700 0.359000 0.241700 0.208800 0.312900 0.304100 0.245400 0.194600 0.207500 0.212000 0.266500 0.000000 0.192500 0.263500 0.326800 0.344700 0.239400 0.236500 0.201800 0.305800 0.308100
WhiteTaile 0.356600 0.442700 0.473000 0.579500 0.363100 0.281700 0.295900 0.355500 0.440900 0.160200 0.389700 0.450100 0.361400 0.343600 0.295800 0.325800 0.253700 0.311400 0.398300 0.394200 0.329100 0.438800 0.310100 0.056600 0.438800 0.294200 0.298400 0.440900 0.363600 0.389400 0.188600 0.250900 0.257900 0.378000 0.345800 0.463400 0.438800 0.382300 0.327300 0.262300 0.194900 0.249000 0.192500 0.000000 0.315900 0.384200 0.403300 0.374500 0.294200 0.259800 0.440900 0.443000
Cattle 0.203700 0.533300 0.168800 0.311800 0.082100 0.141500 0.086000 0.110400 0.205100 0.306800 0.170000 0.144200 0.143400 0.119800 0.147900 0.112100 0.247700 0.303300 0.174200 0.233300 0.112800 0.141700 0.303700 0.246800 0.141700 0.146000 0.087100 0.205100 0.142500 0.231000 0.333800 0.113100 0.321300 0.086500 0.120500 0.085100 0.141700 0.087000 0.174700 0.185300 0.265300 0.173500 0.263500 0.315900 0.000000 0.165100 0.171300 0.148300 0.146000 0.180300 0.205100 0.208400
RoyalAntel 0.138100 0.598700 0.106000 0.372200 0.080400 0.138300 0.142300 0.136400 0.137900 0.370900 0.164700 0.081500 0.199900 0.115200 0.083800 0.053000 0.240700 0.293800 0.109500 0.107000 0.110200 0.137200 0.288900 0.383900 0.137200 0.082400 0.144200 0.137200 0.080400 0.106200 0.396600 0.109800 0.401400 0.083500 0.115800 0.141900 0.137200 0.144800 0.109700 0.246800 0.327300 0.109000 0.326800 0.384200 0.165100 0.000000 0.107800 0.083700 0.082400 0.175800 0.137200 0.139900
Steenbok 0.142400 0.641900 0.168800 0.391100 0.083300 0.142600 0.148200 0.141200 0.204900 0.392500 0.170500 0.144500 0.207900 0.120100 0.086700 0.054800 0.322400 0.388300 0.174600 0.170700 0.114500 0.142100 0.304300 0.403100 0.142100 0.085500 0.150200 0.204900 0.083300 0.169100 0.418900 0.114000 0.508900 0.086700 0.120700 0.147800 0.142100 0.151200 0.113700 0.259000 0.344900 0.113000 0.344700 0.403300 0.171300 0.107800 0.000000 0.148700 0.085500 0.183500 0.204900 0.207900
Impala 0.116900 0.523000 0.146400 0.373200 0.118100 0.117100 0.059700 0.179100 0.117800 0.284200 0.146400 0.058600 0.118300 0.030200 0.059700 0.087900 0.157700 0.205900 0.028200 0.145500 0.088800 0.117500 0.281700 0.298900 0.117500 0.059000 0.060200 0.117800 0.118200 0.144300 0.312300 0.087800 0.392500 0.060100 0.030300 0.123600 0.117500 0.060700 0.088000 0.236300 0.241000 0.087000 0.239400 0.374500 0.148300 0.083700 0.148700 0.000000 0.059000 0.230500 0.117800 0.119600
Klipspring 0.056200 0.513200 0.144100 0.368100 0.056900 0.056300 0.058800 0.115100 0.116000 0.280400 0.144900 0.118500 0.117100 0.029900 0.000100 0.027500 0.222800 0.277500 0.086400 0.084200 0.028400 0.116300 0.278200 0.295200 0.116300 0.000000 0.059600 0.116000 0.056900 0.083500 0.308000 0.028200 0.386700 0.059500 0.030000 0.121600 0.116300 0.060100 0.028100 0.233400 0.238200 0.027900 0.236500 0.294200 0.146000 0.082400 0.085500 0.059000 0.000000 0.157100 0.116000 0.117900
ForestMusk 0.218200 0.470600 0.247200 0.257000 0.087700 0.218700 0.230000 0.184000 0.291300 0.244400 0.248800 0.222600 0.295000 0.200100 0.159200 0.120000 0.262900 0.323500 0.255800 0.250000 0.121000 0.218100 0.241600 0.261000 0.218100 0.157100 0.233400 0.291300 0.152800 0.247500 0.272400 0.188300 0.264800 0.159600 0.201300 0.156700 0.218100 0.160900 0.187700 0.126900 0.282200 0.186200 0.201800 0.259800 0.180300 0.175800 0.183500 0.230500 0.157100 0.000000 0.291300 0.296400
Bushbuck 0.112500 0.499300 0.026400 0.436600 0.175400 0.112700 0.117400 0.237400 0.000000 0.352300 0.141700 0.177900 0.176000 0.089300 0.117500 0.144100 0.217200 0.348100 0.084200 0.026400 0.145600 0.113500 0.348700 0.363900 0.113500 0.116000 0.119000 0.000000 0.175500 0.026300 0.301100 0.144700 0.548600 0.118800 0.089800 0.182600 0.113500 0.119900 0.144400 0.300800 0.306800 0.143300 0.305800 0.440900 0.205100 0.137200 0.204900 0.117800 0.116000 0.291300 0.000000 0.000100
GreaterKud 0.113900 0.501300 0.026900 0.440900 0.177400 0.114100 0.119300 0.239100 0.000100 0.355000 0.143200 0.181800 0.177600 0.090300 0.119000 0.146400 0.222100 0.356300 0.085500 0.026700 0.148000 0.114700 0.351300 0.365900 0.114700 0.117900 0.120200 0.000100 0.177800 0.026500 0.303700 0.146200 0.558800 0.120100 0.090700 0.185700 0.114700 0.121300 0.146700 0.303900 0.309200 0.144900 0.308100 0.443000 0.208400 0.139900 0.207900 0.119600 0.117900 0.296400 0.000100 0.000000
