1
52 1
Argali 0.000000 0.182500 0.091100 0.259400 0.053400 0.008300 0.053100 0.122300 0.081900 0.053100 0.008600 0.035000 0.034600 0.043900 0.053500 0.081600 0.080400 0.043900 0.043900 0.081900 0.081600 0.025900 0.071400 0.071300 0.008600 0.062600 0.043500 0.081900 0.072000 0.091000 0.053100 0.061900 0.129100 0.034500 0.043500 0.026100 0.017300 0.044100 0.062600 0.062800 0.099000 0.071400 0.053100 0.090300 0.017300 0.053500 0.071300 0.044000 0.043500 0.071300 0.091100 0.081900
LesserMous 0.182500 0.000000 0.268100 0.279000 0.220600 0.183000 0.219200 0.297500 0.257300 0.219000 0.183900 0.218900 0.215800 0.229200 0.243700 0.280000 0.228800 0.207300 0.229400 0.257300 0.256000 0.205400 0.241500 0.241200 0.184900 0.254900 0.227300 0.257300 0.244100 0.268200 0.219000 0.229300 0.266100 0.215400 0.227400 0.207000 0.195300 0.208700 0.232100 0.232600 0.274700 0.241800 0.219000 0.265400 0.195400 0.230900 0.241500 0.230000 0.227200 0.251900 0.268200 0.257300
LesserKudu 0.091100 0.268100 0.000000 0.255400 0.103300 0.081900 0.092900 0.147400 0.008900 0.112300 0.082300 0.073500 0.091600 0.082800 0.083500 0.124100 0.101800 0.063700 0.102400 0.008900 0.103900 0.082300 0.112300 0.112000 0.082700 0.123600 0.101500 0.008900 0.093800 0.017900 0.112300 0.102200 0.132800 0.110700 0.101500 0.063800 0.092100 0.112700 0.103500 0.103500 0.141600 0.112700 0.112300 0.132600 0.073000 0.093600 0.112600 0.102800 0.082100 0.082600 0.017900 0.008900
KillerWhal 0.259400 0.279000 0.255400 0.000000 0.267000 0.260300 0.253100 0.309400 0.244400 0.252000 0.261500 0.252800 0.272800 0.263600 0.265300 0.293000 0.250000 0.216000 0.289100 0.244400 0.267500 0.261700 0.252100 0.225800 0.263300 0.291700 0.286000 0.244400 0.255000 0.255300 0.252000 0.263600 0.303100 0.296600 0.286000 0.239800 0.274700 0.278000 0.266900 0.242900 0.286700 0.277000 0.252000 0.250300 0.250500 0.216700 0.276700 0.290000 0.261000 0.236600 0.255500 0.244400
DefassaWat 0.053400 0.220600 0.103300 0.267000 0.000000 0.044400 0.053900 0.125600 0.093800 0.092500 0.044500 0.045100 0.044600 0.044500 0.073700 0.093500 0.072100 0.054100 0.054100 0.093800 0.093400 0.035500 0.092500 0.092300 0.044900 0.083400 0.053700 0.093800 0.073900 0.103200 0.092500 0.062900 0.142600 0.062600 0.053100 0.035700 0.053800 0.008500 0.063800 0.083800 0.121300 0.092500 0.092500 0.112400 0.044600 0.064200 0.082800 0.063800 0.053700 0.082200 0.103300 0.093800
Sheep 0.008300 0.183000 0.081900 0.260300 0.044400 0.000000 0.044200 0.112700 0.072700 0.044200 0.000000 0.026200 0.025900 0.035000 0.044600 0.072500 0.071400 0.035100 0.035000 0.072700 0.072400 0.017200 0.062300 0.062200 0.000100 0.053600 0.034800 0.072700 0.062900 0.081800 0.044200 0.053000 0.119700 0.025900 0.034800 0.017400 0.008600 0.035300 0.053600 0.053700 0.089800 0.062400 0.044200 0.081100 0.008600 0.044500 0.062300 0.035200 0.034700 0.062300 0.081800 0.072700
MaxwellsDu 0.053100 0.219200 0.092900 0.253100 0.053900 0.044200 0.000000 0.114800 0.083500 0.092000 0.044300 0.035700 0.044300 0.026400 0.073300 0.083300 0.071900 0.044600 0.053800 0.083500 0.083200 0.035300 0.092000 0.091800 0.044600 0.083000 0.053400 0.083500 0.064000 0.092900 0.092000 0.026400 0.111800 0.062200 0.053400 0.026300 0.053500 0.063200 0.072900 0.083300 0.120700 0.092000 0.092000 0.111700 0.035300 0.054500 0.082300 0.063500 0.044300 0.072400 0.092900 0.083500
GazellaPrz 0.122300 0.297500 0.147400 0.309400 0.125600 0.112700 0.114800 0.000000 0.137400 0.144900 0.113200 0.104500 0.102900 0.104100 0.147000 0.095000 0.134200 0.114300 0.114100 0.137400 0.074900 0.093300 0.145000 0.123800 0.113900 0.074500 0.113000 0.137400 0.046000 0.135400 0.144900 0.124300 0.189200 0.122300 0.113000 0.094200 0.113700 0.135300 0.084600 0.136100 0.175500 0.064400 0.144900 0.144900 0.103700 0.125800 0.083700 0.135200 0.093100 0.133600 0.126200 0.137400
MountainNy 0.081900 0.257300 0.008900 0.244400 0.093800 0.072700 0.083500 0.137400 0.000000 0.102800 0.073000 0.064300 0.082400 0.073500 0.074200 0.114400 0.092500 0.054600 0.093000 0.000000 0.094400 0.073100 0.102800 0.102600 0.073400 0.113900 0.092100 0.000000 0.084400 0.008900 0.102800 0.092800 0.123200 0.101300 0.092100 0.054700 0.082800 0.103200 0.094000 0.094100 0.132000 0.103200 0.102800 0.123000 0.063800 0.084200 0.103100 0.093300 0.072800 0.073300 0.008900 0.000000
MuntiacusM 0.053100 0.219000 0.112300 0.252000 0.092500 0.044200 0.092000 0.144900 0.102800 0.000000 0.044400 0.072800 0.071800 0.082000 0.073200 0.102400 0.081800 0.044700 0.082100 0.102800 0.102200 0.062700 0.017200 0.034800 0.035500 0.082500 0.081300 0.102800 0.092300 0.112200 0.000000 0.082000 0.111500 0.071600 0.081300 0.063200 0.053700 0.082500 0.082400 0.008800 0.044200 0.091400 0.000000 0.035400 0.053700 0.092600 0.091300 0.063400 0.081200 0.091300 0.112300 0.102800
goat 0.008600 0.183900 0.082300 0.261500 0.044500 0.000000 0.044300 0.113200 0.073000 0.044400 0.000000 0.026400 0.026100 0.035100 0.044600 0.072800 0.071500 0.035100 0.035100 0.073000 0.072700 0.017300 0.062600 0.062500 0.000000 0.053800 0.033100 0.073000 0.063200 0.082200 0.044400 0.053100 0.120300 0.025900 0.033400 0.017400 0.008400 0.034100 0.053800 0.054000 0.090200 0.062700 0.044400 0.081500 0.008400 0.044700 0.062600 0.035300 0.034900 0.062400 0.082200 0.073000
AfricanBuf 0.035000 0.218900 0.073500 0.252800 0.045100 0.026200 0.035700 0.104500 0.064300 0.072800 0.026400 0.000000 0.035200 0.026500 0.054500 0.064100 0.063100 0.026600 0.044700 0.064300 0.064100 0.026400 0.072800 0.072600 0.026500 0.063900 0.044300 0.064300 0.054600 0.073500 0.072800 0.044600 0.092200 0.053200 0.026400 0.008800 0.035400 0.054100 0.063800 0.064100 0.101000 0.072800 0.072800 0.092100 0.017500 0.036000 0.072700 0.044900 0.026300 0.053900 0.073600 0.064300
Topi 0.034600 0.215800 0.091600 0.272800 0.044600 0.025900 0.044300 0.102900 0.082400 0.071800 0.026100 0.035200 0.000000 0.017400 0.053900 0.082100 0.071600 0.044200 0.026200 0.082400 0.063300 0.008600 0.071800 0.071700 0.026200 0.063000 0.008600 0.082400 0.053700 0.091600 0.071800 0.035200 0.129900 0.017200 0.008600 0.026200 0.035000 0.053500 0.053700 0.063200 0.099600 0.053400 0.071800 0.090800 0.035000 0.053800 0.053200 0.044300 0.043700 0.071700 0.091600 0.082400
CommonDuik 0.043900 0.229200 0.082800 0.263600 0.044500 0.035000 0.026400 0.104100 0.073500 0.082000 0.035100 0.026500 0.017400 0.000000 0.063500 0.073300 0.062300 0.035400 0.044400 0.073500 0.054400 0.026200 0.082000 0.081800 0.035400 0.073000 0.026200 0.073500 0.054300 0.082800 0.082000 0.017400 0.121100 0.035000 0.026200 0.017500 0.044200 0.052700 0.063200 0.073300 0.110300 0.063200 0.082000 0.101400 0.026100 0.045000 0.072500 0.053900 0.035100 0.062800 0.082800 0.073500
Suni 0.053500 0.243700 0.083500 0.265300 0.073700 0.044600 0.073300 0.147000 0.074200 0.073200 0.044600 0.054500 0.053900 0.063500 0.000000 0.103700 0.082200 0.045000 0.063500 0.074200 0.103600 0.044600 0.073200 0.073100 0.045000 0.083600 0.063000 0.074200 0.093600 0.083400 0.073200 0.082400 0.132500 0.072000 0.063000 0.045000 0.054000 0.082600 0.083600 0.055100 0.101400 0.092700 0.073200 0.092600 0.054000 0.074000 0.092600 0.064000 0.063200 0.072900 0.083500 0.074200
Springbuck 0.081600 0.280000 0.124100 0.293000 0.093500 0.072500 0.083300 0.095000 0.114400 0.102400 0.072800 0.064100 0.082100 0.073300 0.103700 0.000000 0.112100 0.073500 0.073400 0.114400 0.054800 0.072800 0.102400 0.102200 0.073200 0.054700 0.091800 0.114400 0.045400 0.132800 0.102400 0.092500 0.143500 0.101000 0.091900 0.054500 0.082600 0.102800 0.073700 0.093600 0.121500 0.063600 0.102400 0.122500 0.063600 0.083900 0.073100 0.083200 0.072600 0.102400 0.124100 0.114400
Okapi 0.080400 0.228800 0.101800 0.250000 0.072100 0.071400 0.071900 0.134200 0.092500 0.081800 0.071500 0.063100 0.071600 0.062300 0.082200 0.112100 0.000000 0.035300 0.081500 0.092500 0.112000 0.062300 0.081800 0.081700 0.072100 0.111700 0.080800 0.092500 0.092300 0.101800 0.081800 0.080800 0.120800 0.089800 0.080800 0.053500 0.081000 0.081200 0.091400 0.073100 0.110000 0.120800 0.081800 0.101200 0.062200 0.082500 0.110800 0.091500 0.071500 0.071700 0.101900 0.092500
Giraffe 0.043900 0.207300 0.063700 0.216000 0.054100 0.035100 0.044600 0.114300 0.054600 0.044700 0.035100 0.026600 0.044200 0.035400 0.045000 0.073500 0.035300 0.000000 0.053700 0.054600 0.073400 0.035200 0.044700 0.044600 0.035400 0.073200 0.053200 0.054600 0.063800 0.063700 0.044700 0.053500 0.082200 0.062000 0.053200 0.017500 0.044300 0.063100 0.073100 0.036000 0.072100 0.082100 0.044700 0.063300 0.025300 0.045100 0.082000 0.054000 0.035200 0.044300 0.063700 0.054600
TibetanAnt 0.043900 0.229400 0.102400 0.289100 0.054100 0.035000 0.053800 0.114100 0.093000 0.082100 0.035100 0.044700 0.026200 0.044400 0.063500 0.073400 0.081500 0.053700 0.000000 0.093000 0.092700 0.016900 0.082100 0.081900 0.035400 0.073100 0.035000 0.093000 0.063700 0.102400 0.082100 0.062800 0.141500 0.043800 0.035000 0.035400 0.044200 0.063200 0.063700 0.073400 0.110400 0.082100 0.082100 0.101500 0.044300 0.063700 0.063000 0.044700 0.053200 0.081600 0.102500 0.093000
Sitatunga 0.081900 0.257300 0.008900 0.244400 0.093800 0.072700 0.083500 0.137400 0.000000 0.102800 0.073000 0.064300 0.082400 0.073500 0.074200 0.114400 0.092500 0.054600 0.093000 0.000000 0.094400 0.073100 0.102800 0.102600 0.073400 0.113900 0.092100 0.000000 0.084400 0.008900 0.102800 0.092800 0.123200 0.101300 0.092100 0.054700 0.082800 0.103200 0.094000 0.094100 0.132000 0.103200 0.102800 0.123000 0.063800 0.084200 0.103100 0.093300 0.072800 0.073300 0.008900 0.000000
Oribi 0.081600 0.256000 0.103900 0.267500 0.093400 0.072400 0.083200 0.074900 0.094400 0.102200 0.072700 0.064100 0.063300 0.054400 0.103600 0.054800 0.112000 0.073400 0.092700 0.094400 0.000000 0.072800 0.102300 0.102000 0.073200 0.054400 0.072800 0.094400 0.026900 0.112600 0.102200 0.073300 0.143300 0.081800 0.072800 0.054500 0.082500 0.102800 0.054600 0.093500 0.131200 0.026000 0.102200 0.122300 0.063600 0.083800 0.063400 0.092900 0.072600 0.102300 0.103900 0.094400
BarbaryShe 0.025900 0.205400 0.082300 0.261700 0.035500 0.017200 0.035300 0.093300 0.073100 0.062700 0.017300 0.026400 0.008600 0.026200 0.044600 0.072800 0.062300 0.035200 0.016900 0.073100 0.072800 0.000000 0.062700 0.062600 0.017400 0.053900 0.016800 0.073100 0.044700 0.082200 0.062700 0.044100 0.120300 0.025900 0.016800 0.017100 0.025400 0.044400 0.044700 0.054000 0.090300 0.062700 0.062700 0.081600 0.025000 0.044700 0.044200 0.035300 0.034900 0.062400 0.082300 0.073100
Daviddeer 0.071400 0.241500 0.112300 0.252100 0.092500 0.062300 0.092000 0.145000 0.102800 0.017200 0.062600 0.072800 0.071800 0.082000 0.073200 0.102400 0.081800 0.044700 0.082100 0.102800 0.102300 0.062700 0.000000 0.034300 0.053700 0.082500 0.081300 0.102800 0.092400 0.112300 0.017300 0.082000 0.111600 0.090200 0.081300 0.063200 0.072200 0.101800 0.082500 0.008800 0.026300 0.091500 0.017500 0.034900 0.072200 0.092600 0.091300 0.063400 0.081200 0.091300 0.112400 0.102800
Reindeer 0.071300 0.241200 0.112000 0.225800 0.092300 0.062200 0.091800 0.123800 0.102600 0.034800 0.062500 0.072600 0.071700 0.081800 0.073100 0.102200 0.081700 0.044600 0.081900 0.102600 0.102000 0.062600 0.034300 0.000000 0.062900 0.063300 0.081200 0.102600 0.092200 0.092300 0.035300 0.101000 0.131100 0.090100 0.081200 0.063100 0.062800 0.101600 0.082300 0.026700 0.062300 0.072200 0.035300 0.017000 0.072100 0.092400 0.091200 0.082100 0.062400 0.091100 0.092300 0.102600
Ibex 0.008600 0.184900 0.082700 0.263300 0.044900 0.000100 0.044600 0.113900 0.073400 0.035500 0.000000 0.026500 0.026200 0.035400 0.045000 0.073200 0.072100 0.035400 0.035400 0.073400 0.073200 0.017400 0.053700 0.062900 0.000000 0.054100 0.035100 0.073400 0.063600 0.082700 0.035500 0.044400 0.111000 0.026100 0.035100 0.017500 0.008700 0.035600 0.054100 0.045000 0.081200 0.063000 0.035500 0.072400 0.008700 0.045000 0.063000 0.026500 0.035100 0.062900 0.082700 0.073400
GyrantGaze 0.062600 0.254900 0.123600 0.291700 0.083400 0.053600 0.083000 0.074500 0.113900 0.082500 0.053800 0.063900 0.063000 0.073000 0.083600 0.054700 0.111700 0.073200 0.073100 0.113900 0.054400 0.053900 0.082500 0.063300 0.054100 0.000000 0.072400 0.113900 0.044900 0.112000 0.082500 0.092100 0.142900 0.081400 0.072400 0.054300 0.054000 0.092700 0.054000 0.073700 0.110900 0.026500 0.082500 0.082500 0.063400 0.083600 0.063100 0.073300 0.053700 0.102000 0.103300 0.113900
Hartebeest 0.043500 0.227300 0.101500 0.286000 0.053700 0.034800 0.053400 0.113000 0.092100 0.081300 0.033100 0.044300 0.008600 0.026200 0.063000 0.091800 0.080800 0.053200 0.035000 0.092100 0.072800 0.016800 0.081300 0.081200 0.035100 0.072400 0.000000 0.092100 0.063100 0.101400 0.081300 0.044100 0.140100 0.025200 0.016900 0.035100 0.043900 0.062600 0.063100 0.072700 0.109400 0.062700 0.081300 0.100600 0.043900 0.063100 0.062500 0.053500 0.052800 0.080900 0.101500 0.092100
Bongo 0.081900 0.257300 0.008900 0.244400 0.093800 0.072700 0.083500 0.137400 0.000000 0.102800 0.073000 0.064300 0.082400 0.073500 0.074200 0.114400 0.092500 0.054600 0.093000 0.000000 0.094400 0.073100 0.102800 0.102600 0.073400 0.113900 0.092100 0.000000 0.084400 0.008900 0.102800 0.092800 0.123200 0.101300 0.092100 0.054700 0.082800 0.103200 0.094000 0.094100 0.132000 0.103200 0.102800 0.123000 0.063800 0.084200 0.103100 0.093300 0.072800 0.073300 0.008800 0.000000
Gerenuk 0.072000 0.244100 0.093800 0.255000 0.073900 0.062900 0.064000 0.046000 0.084400 0.092300 0.063200 0.054600 0.053700 0.054300 0.093600 0.045400 0.092300 0.063800 0.063700 0.084400 0.026900 0.044700 0.092400 0.092200 0.063600 0.044900 0.063100 0.084400 0.000000 0.102400 0.092300 0.073100 0.132800 0.072000 0.063100 0.045100 0.072800 0.083100 0.036000 0.083600 0.121100 0.035700 0.092300 0.112200 0.054100 0.074000 0.035600 0.083100 0.063100 0.092300 0.093900 0.084400
CommonElan 0.091000 0.268200 0.017900 0.255300 0.103200 0.081800 0.092900 0.135400 0.008900 0.112200 0.082200 0.073500 0.091600 0.082800 0.083400 0.132800 0.101800 0.063700 0.102400 0.008900 0.112600 0.082200 0.112300 0.092300 0.082700 0.112000 0.101400 0.008900 0.102400 0.000000 0.112200 0.102100 0.122800 0.110600 0.101400 0.063800 0.082500 0.112600 0.112200 0.103500 0.141600 0.101300 0.112200 0.112300 0.072900 0.093500 0.121400 0.102700 0.063100 0.082500 0.000000 0.008900
MuntiacusR 0.053100 0.219000 0.112300 0.252000 0.092500 0.044200 0.092000 0.144900 0.102800 0.000000 0.044400 0.072800 0.071800 0.082000 0.073200 0.102400 0.081800 0.044700 0.082100 0.102800 0.102200 0.062700 0.017300 0.035300 0.035500 0.082500 0.081300 0.102800 0.092300 0.112200 0.000000 0.082000 0.111500 0.071600 0.081300 0.063200 0.053700 0.082500 0.082400 0.008800 0.044200 0.091400 0.000000 0.035400 0.053700 0.092600 0.091300 0.063400 0.081200 0.091300 0.112300 0.102800
HarveysDui 0.061900 0.229300 0.102200 0.263600 0.062900 0.053000 0.026400 0.124300 0.092800 0.082000 0.053100 0.044600 0.035200 0.017400 0.082400 0.092500 0.080800 0.053500 0.062800 0.092800 0.073300 0.044100 0.082000 0.101000 0.044400 0.092100 0.044100 0.092800 0.073100 0.102100 0.082000 0.000000 0.101500 0.052900 0.043000 0.034400 0.062400 0.071900 0.082000 0.073300 0.110300 0.082000 0.082000 0.101400 0.044200 0.063600 0.091400 0.053900 0.053100 0.081400 0.102200 0.092800
Pronghorn 0.129100 0.266100 0.132800 0.303100 0.142600 0.119700 0.111800 0.189200 0.123200 0.111500 0.120300 0.092200 0.129900 0.121100 0.132500 0.143500 0.120800 0.082200 0.141500 0.123200 0.143300 0.120300 0.111600 0.131100 0.111000 0.142900 0.140100 0.123200 0.132800 0.122800 0.111500 0.101500 0.000000 0.149500 0.120300 0.101500 0.130600 0.152200 0.163800 0.102900 0.140700 0.152100 0.111500 0.131800 0.110800 0.132700 0.172900 0.121800 0.120000 0.130800 0.132800 0.123200
BlueWildeb 0.034500 0.215400 0.110700 0.296600 0.062600 0.025900 0.062200 0.122300 0.101300 0.071600 0.025900 0.053200 0.017200 0.035000 0.072000 0.101000 0.089800 0.062000 0.043800 0.101300 0.081800 0.025900 0.090200 0.090100 0.026100 0.081400 0.025200 0.101300 0.072000 0.110600 0.071600 0.052900 0.149500 0.000000 0.025900 0.043900 0.034100 0.053300 0.072100 0.081600 0.118400 0.071600 0.071600 0.109700 0.034800 0.072200 0.071400 0.062400 0.061600 0.090000 0.110600 0.101300
Gemsbok 0.043500 0.227400 0.101500 0.286000 0.053100 0.034800 0.053400 0.113000 0.092100 0.081300 0.033400 0.026400 0.008600 0.026200 0.063000 0.091900 0.080800 0.053200 0.035000 0.092100 0.072800 0.016800 0.081300 0.081200 0.035100 0.072400 0.016900 0.092100 0.063100 0.101400 0.081300 0.043000 0.120300 0.025900 0.000000 0.035100 0.043900 0.062700 0.063100 0.072700 0.109400 0.062700 0.081300 0.100600 0.043900 0.063100 0.062500 0.053500 0.052800 0.080900 0.101500 0.092100
Yak 0.026100 0.207000 0.063800 0.239800 0.035700 0.017400 0.026300 0.094200 0.054700 0.063200 0.017400 0.008800 0.026200 0.017500 0.045000 0.054500 0.053500 0.017500 0.035400 0.054700 0.054500 0.017100 0.063200 0.063100 0.017500 0.054300 0.035100 0.054700 0.045100 0.063800 0.063200 0.034400 0.101500 0.043900 0.035100 0.000000 0.025300 0.044600 0.054300 0.054500 0.091000 0.063200 0.063200 0.082200 0.008700 0.026800 0.063100 0.035600 0.017400 0.044400 0.063800 0.054700
BlueSheep 0.017300 0.195300 0.092100 0.274700 0.053800 0.008600 0.053500 0.113700 0.082800 0.053700 0.008400 0.035400 0.035000 0.044200 0.054000 0.082600 0.081000 0.044300 0.044200 0.082800 0.082500 0.025400 0.072200 0.062800 0.008700 0.054000 0.043900 0.082800 0.072800 0.082500 0.053700 0.062400 0.130600 0.034100 0.043900 0.025300 0.000000 0.041900 0.063300 0.063500 0.100100 0.062900 0.053700 0.081800 0.017400 0.054100 0.072100 0.044500 0.035000 0.071400 0.082500 0.082800
BohorReedb 0.044100 0.208700 0.112700 0.278000 0.008500 0.035300 0.063200 0.135300 0.103200 0.082500 0.034100 0.054100 0.053500 0.052700 0.082600 0.102800 0.081200 0.063100 0.063200 0.103200 0.102800 0.044400 0.101800 0.101600 0.035600 0.092700 0.062600 0.103200 0.083100 0.112600 0.082500 0.071900 0.152200 0.053300 0.062700 0.044600 0.041900 0.000000 0.072900 0.093100 0.130700 0.101800 0.082500 0.121800 0.033600 0.073400 0.092000 0.073000 0.062700 0.091500 0.112700 0.103200
KirksDik 0.062600 0.232100 0.103500 0.266900 0.063800 0.053600 0.072900 0.084600 0.094000 0.082400 0.053800 0.063800 0.053700 0.063200 0.083600 0.073700 0.091400 0.073100 0.063700 0.094000 0.054600 0.044700 0.082500 0.082300 0.054100 0.054000 0.063100 0.094000 0.036000 0.112200 0.082400 0.082000 0.163800 0.072100 0.063100 0.054300 0.063300 0.072900 0.000000 0.073700 0.110900 0.044800 0.082400 0.102000 0.063300 0.083500 0.017700 0.073300 0.072300 0.102000 0.103600 0.094000
RoeDeer 0.062800 0.232600 0.103500 0.242900 0.083800 0.053700 0.083300 0.136100 0.094100 0.008800 0.054000 0.064100 0.063200 0.073300 0.055100 0.093600 0.073100 0.036000 0.073400 0.094100 0.093500 0.054000 0.008800 0.026700 0.045000 0.073700 0.072700 0.094100 0.083600 0.103500 0.008800 0.073300 0.102900 0.081600 0.072700 0.054500 0.063500 0.093100 0.073700 0.000000 0.035700 0.082800 0.008800 0.026800 0.063600 0.083800 0.082700 0.054700 0.072600 0.082600 0.103600 0.094100
WhiteLippe 0.099000 0.274700 0.141600 0.286700 0.121300 0.089800 0.120700 0.175500 0.132000 0.044200 0.090200 0.101000 0.099600 0.110300 0.101400 0.121500 0.110000 0.072100 0.110400 0.132000 0.131200 0.090300 0.026300 0.062300 0.081200 0.110900 0.109400 0.132000 0.121100 0.141600 0.044200 0.110300 0.140700 0.118400 0.109400 0.091000 0.100100 0.130700 0.110900 0.035700 0.000000 0.119900 0.044200 0.062600 0.100200 0.121400 0.119800 0.091400 0.109300 0.119700 0.141700 0.132000
ThomsonGaz 0.071400 0.241800 0.112700 0.277000 0.092500 0.062400 0.092000 0.064400 0.103200 0.091400 0.062700 0.072800 0.053400 0.063200 0.092700 0.063600 0.120800 0.082100 0.082100 0.103200 0.026000 0.062700 0.091500 0.072200 0.063000 0.026500 0.062700 0.103200 0.035700 0.101300 0.091400 0.082000 0.152100 0.071600 0.062700 0.063200 0.062900 0.101800 0.044800 0.082800 0.119900 0.000000 0.091400 0.091500 0.072300 0.092600 0.053500 0.082300 0.062500 0.111100 0.092900 0.103200
MuntiacusC 0.053100 0.219000 0.112300 0.252000 0.092500 0.044200 0.092000 0.144900 0.102800 0.000000 0.044400 0.072800 0.071800 0.082000 0.073200 0.102400 0.081800 0.044700 0.082100 0.102800 0.102200 0.062700 0.017500 0.035300 0.035500 0.082500 0.081300 0.102800 0.092300 0.112200 0.000000 0.082000 0.111500 0.071600 0.081300 0.063200 0.053700 0.082500 0.082400 0.008800 0.044200 0.091400 0.000000 0.035400 0.053700 0.092600 0.091300 0.063400 0.081200 0.091300 0.112300 0.102800
WhiteTaile 0.090300 0.265400 0.132600 0.250300 0.112400 0.081100 0.111700 0.144900 0.123000 0.035400 0.081500 0.092100 0.090800 0.101400 0.092600 0.122500 0.101200 0.063300 0.101500 0.123000 0.122300 0.081600 0.034900 0.017000 0.072400 0.082500 0.100600 0.123000 0.112200 0.112300 0.035400 0.101400 0.131800 0.109700 0.100600 0.082200 0.081800 0.121800 0.102000 0.026800 0.062600 0.091500 0.035400 0.000000 0.091400 0.112500 0.110900 0.063100 0.081300 0.110900 0.112400 0.123000
Cattle 0.017300 0.195400 0.073000 0.250500 0.044600 0.008600 0.035300 0.103700 0.063800 0.053700 0.008400 0.017500 0.035000 0.026100 0.054000 0.063600 0.062200 0.025300 0.044300 0.063800 0.063600 0.025000 0.072200 0.072100 0.008700 0.063400 0.043900 0.063800 0.054100 0.072900 0.053700 0.044200 0.110800 0.034800 0.043900 0.008700 0.017400 0.033600 0.063300 0.063600 0.100200 0.072300 0.053700 0.091400 0.000000 0.035700 0.072200 0.044600 0.026100 0.053400 0.073000 0.063800
RoyalAntel 0.053500 0.230900 0.093600 0.216700 0.064200 0.044500 0.054500 0.125800 0.084200 0.092600 0.044700 0.036000 0.053800 0.045000 0.074000 0.083900 0.082500 0.045100 0.063700 0.084200 0.083800 0.044700 0.092600 0.092400 0.045000 0.083600 0.063100 0.084200 0.074000 0.093500 0.092600 0.063600 0.132700 0.072200 0.063100 0.026800 0.054100 0.073400 0.083500 0.083800 0.121400 0.092600 0.092600 0.112500 0.035700 0.000000 0.092500 0.064000 0.044600 0.054300 0.093600 0.084200
Steenbok 0.071300 0.241500 0.112600 0.276700 0.082800 0.062300 0.082300 0.083700 0.103100 0.091300 0.062600 0.072700 0.053200 0.072500 0.092600 0.073100 0.110800 0.082000 0.063000 0.103100 0.063400 0.044200 0.091300 0.091200 0.063000 0.063100 0.062500 0.103100 0.035600 0.121400 0.091300 0.091400 0.172900 0.071400 0.062500 0.063100 0.072100 0.092000 0.017700 0.082700 0.119800 0.053500 0.091300 0.110900 0.072200 0.092500 0.000000 0.082200 0.081200 0.111000 0.112600 0.103100
Impala 0.044000 0.230000 0.102800 0.290000 0.063800 0.035200 0.063500 0.135200 0.093300 0.063400 0.035300 0.044900 0.044300 0.053900 0.064000 0.083200 0.091500 0.054000 0.044700 0.093300 0.092900 0.035300 0.063400 0.082100 0.026500 0.073300 0.053500 0.093300 0.083100 0.102700 0.063400 0.053900 0.121800 0.062400 0.053500 0.035600 0.044500 0.073000 0.073300 0.054700 0.091400 0.082300 0.063400 0.063100 0.044600 0.064000 0.082200 0.000000 0.053400 0.082100 0.102800 0.093300
Klipspring 0.043500 0.227200 0.082100 0.261000 0.053700 0.034700 0.044300 0.093100 0.072800 0.081200 0.034900 0.026300 0.043700 0.035100 0.063200 0.072600 0.071500 0.035200 0.053200 0.072800 0.072600 0.034900 0.081200 0.062400 0.035100 0.053700 0.052800 0.072800 0.063100 0.063100 0.081200 0.053100 0.120000 0.061600 0.052800 0.017400 0.035000 0.062700 0.072300 0.072600 0.109300 0.062500 0.081200 0.081300 0.026100 0.044600 0.081200 0.053400 0.000000 0.062400 0.063100 0.072800
ForestMusk 0.071300 0.251900 0.082600 0.236600 0.082200 0.062300 0.072400 0.133600 0.073300 0.091300 0.062400 0.053900 0.071700 0.062800 0.072900 0.102400 0.071700 0.044300 0.081600 0.073300 0.102300 0.062400 0.091300 0.091100 0.062900 0.102000 0.080900 0.073300 0.092300 0.082500 0.091300 0.081400 0.130800 0.090000 0.080900 0.044400 0.071400 0.091500 0.102000 0.082600 0.119700 0.111100 0.091300 0.110900 0.053400 0.054300 0.111000 0.082100 0.062400 0.000000 0.082500 0.073300
Bushbuck 0.091100 0.268200 0.017900 0.255500 0.103300 0.081800 0.092900 0.126200 0.008900 0.112300 0.082200 0.073600 0.091600 0.082800 0.083500 0.124100 0.101900 0.063700 0.102500 0.008900 0.103900 0.082300 0.112400 0.092300 0.082700 0.103300 0.101500 0.008800 0.093900 0.000000 0.112300 0.102200 0.132800 0.110600 0.101500 0.063800 0.082500 0.112700 0.103600 0.103600 0.141700 0.092900 0.112300 0.112400 0.073000 0.093600 0.112600 0.102800 0.063100 0.082500 0.000000 0.008900
GreaterKud 0.081900 0.257300 0.008900 0.244400 0.093800 0.072700 0.083500 0.137400 0.000000 0.102800 0.073000 0.064300 0.082400 0.073500 0.074200 0.114400 0.092500 0.054600 0.093000 0.000000 0.094400 0.073100 0.102800 0.102600 0.073400 0.113900 0.092100 0.000000 0.084400 0.008900 0.102800 0.092800 0.123200 0.101300 0.092100 0.054700 0.082800 0.103200 0.094000 0.094100 0.132000 0.103200 0.102800 0.123000 0.063800 0.084200 0.103100 0.093300 0.072800 0.073300 0.008900 0.000000
