CODONML (in paml version 4.10.7, June 2023)  /home/rachel/ruminants_paml/6406-phy-tree/ENSBTAT00000013197.fasta.phy
Model: free dN/dS Ratios for branches,  kappa = 2.000 fixed

Codon frequency model: F3x4
ns =  54  ls =  28

Codon usage in sequences
--------------------------------------------------------------------------------------------------------------------------------------
Phe TTT   0   0   0   0   0   0 | Ser TCT   0   0   0   0   0   0 | Tyr TAT   1   1   1   1   1   1 | Cys TGT   0   0   0   0   0   0
    TTC   0   0   0   0   0   0 |     TCC   0   0   0   0   0   0 |     TAC   0   0   0   0   0   0 |     TGC   0   0   0   0   0   0
Leu TTA   0   0   0   0   0   0 |     TCA   0   0   0   0   0   0 | *** TAA   0   0   0   0   0   0 | *** TGA   0   0   0   0   0   0
    TTG   0   0   0   0   0   0 |     TCG   0   0   0   0   0   0 |     TAG   0   0   0   0   0   0 | Trp TGG   0   0   0   0   0   0
--------------------------------------------------------------------------------------------------------------------------------------
Leu CTT   0   0   0   0   0   0 | Pro CCT   0   0   0   0   0   0 | His CAT   0   0   0   0   0   0 | Arg CGT   1   1   1   1   1   1
    CTC   0   0   0   0   0   0 |     CCC   0   0   0   0   0   0 |     CAC   0   0   0   0   0   0 |     CGC   0   0   0   0   0   0
    CTA   0   0   0   0   0   0 |     CCA   0   0   0   0   0   0 | Gln CAA   0   0   0   0   0   0 |     CGA   1   1   1   1   1   1
    CTG   2   2   2   2   2   2 |     CCG   0   0   0   0   0   0 |     CAG   1   1   1   2   1   1 |     CGG   1   1   1   0   1   1
--------------------------------------------------------------------------------------------------------------------------------------
Ile ATT   3   3   3   2   3   3 | Thr ACT   0   0   0   0   0   0 | Asn AAT   2   2   2   2   2   2 | Ser AGT   0   0   0   0   0   0
    ATC   0   0   0   0   0   0 |     ACC   0   0   0   0   0   0 |     AAC   0   0   0   0   0   0 |     AGC   0   0   0   0   0   0
    ATA   0   0   0   0   0   0 |     ACA   0   0   0   0   0   0 | Lys AAA   2   2   2   2   2   2 | Arg AGA   1   1   1   1   1   1
Met ATG   0   0   0   0   0   0 |     ACG   0   0   0   0   0   0 |     AAG   2   2   2   2   2   2 |     AGG   0   0   0   0   0   0
--------------------------------------------------------------------------------------------------------------------------------------
Val GTT   0   0   0   1   0   0 | Ala GCT   1   2   1   1   1   1 | Asp GAT   0   0   0   0   0   0 | Gly GGT   0   0   0   0   0   0
    GTC   0   0   0   0   0   0 |     GCC   3   2   3   3   3   3 |     GAC   0   0   0   0   0   0 |     GGC   0   0   0   0   0   0
    GTA   0   0   0   0   0   0 |     GCA   1   1   1   1   1   1 | Glu GAA   2   2   2   2   2   2 |     GGA   0   0   0   0   0   0
    GTG   1   1   1   1   1   1 |     GCG   0   0   0   0   0   0 |     GAG   2   2   2   2   2   2 |     GGG   1   1   1   1   1   1
--------------------------------------------------------------------------------------------------------------------------------------

--------------------------------------------------------------------------------------------------------------------------------------
Phe TTT   0   0   0   0   0   0 | Ser TCT   0   0   0   0   0   0 | Tyr TAT   1   1   1   1   1   1 | Cys TGT   0   0   0   0   0   0
    TTC   0   0   0   0   0   0 |     TCC   0   0   0   0   0   0 |     TAC   0   0   0   0   0   0 |     TGC   0   0   0   0   0   0
Leu TTA   0   0   0   0   0   0 |     TCA   0   0   0   0   0   0 | *** TAA   0   0   0   0   0   0 | *** TGA   0   0   0   0   0   0
    TTG   0   0   0   0   0   0 |     TCG   0   0   0   0   0   0 |     TAG   0   0   0   0   0   0 | Trp TGG   0   0   0   0   0   0
--------------------------------------------------------------------------------------------------------------------------------------
Leu CTT   0   0   0   0   0   0 | Pro CCT   0   0   0   0   0   0 | His CAT   0   0   0   0   0   0 | Arg CGT   1   1   1   1   1   1
    CTC   0   0   0   0   0   0 |     CCC   0   0   0   0   0   0 |     CAC   0   0   0   0   0   0 |     CGC   0   0   0   0   0   0
    CTA   0   0   0   0   0   0 |     CCA   0   0   0   0   0   0 | Gln CAA   0   1   0   0   0   0 |     CGA   1   1   2   2   1   1
    CTG   2   2   2   2   2   2 |     CCG   0   0   0   0   0   0 |     CAG   1   0   1   1   1   1 |     CGG   1   1   1   0   1   1
--------------------------------------------------------------------------------------------------------------------------------------
Ile ATT   3   3   3   3   3   3 | Thr ACT   0   0   0   0   0   0 | Asn AAT   2   2   2   2   2   2 | Ser AGT   0   0   0   0   0   0
    ATC   0   0   0   0   0   0 |     ACC   0   0   0   0   0   0 |     AAC   0   0   0   0   0   0 |     AGC   0   0   0   0   0   0
    ATA   0   0   0   0   0   0 |     ACA   0   0   0   0   0   0 | Lys AAA   2   2   2   2   2   2 | Arg AGA   1   1   0   1   1   1
Met ATG   0   0   0   0   0   0 |     ACG   0   0   0   0   0   0 |     AAG   2   2   2   2   2   2 |     AGG   0   0   0   0   0   0
--------------------------------------------------------------------------------------------------------------------------------------
Val GTT   0   0   0   0   0   0 | Ala GCT   1   1   1   1   1   1 | Asp GAT   0   0   0   0   0   0 | Gly GGT   0   0   0   0   0   0
    GTC   0   0   0   0   0   0 |     GCC   3   3   3   3   3   3 |     GAC   0   0   0   0   0   0 |     GGC   0   0   0   0   0   0
    GTA   0   0   0   0   0   0 |     GCA   1   1   1   1   1   1 | Glu GAA   2   2   2   2   2   2 |     GGA   0   0   0   0   0   0
    GTG   1   1   1   1   1   1 |     GCG   0   0   0   0   0   0 |     GAG   2   2   2   2   2   2 |     GGG   1   1   1   1   1   1
--------------------------------------------------------------------------------------------------------------------------------------

--------------------------------------------------------------------------------------------------------------------------------------
Phe TTT   0   0   0   0   0   0 | Ser TCT   0   0   0   0   0   0 | Tyr TAT   1   1   1   1   1   1 | Cys TGT   0   0   0   0   0   0
    TTC   0   0   0   0   0   0 |     TCC   0   0   0   0   0   0 |     TAC   0   0   0   0   0   0 |     TGC   0   0   0   0   0   0
Leu TTA   0   0   0   0   0   0 |     TCA   0   0   0   0   0   0 | *** TAA   0   0   0   0   0   0 | *** TGA   0   0   0   0   0   0
    TTG   0   0   0   0   0   0 |     TCG   0   0   0   0   0   0 |     TAG   0   0   0   0   0   0 | Trp TGG   0   0   0   0   0   0
--------------------------------------------------------------------------------------------------------------------------------------
Leu CTT   0   0   0   0   0   0 | Pro CCT   0   0   0   0   0   0 | His CAT   0   0   0   0   0   0 | Arg CGT   1   1   1   1   1   1
    CTC   0   0   0   0   0   0 |     CCC   0   0   0   0   0   0 |     CAC   0   0   0   0   0   0 |     CGC   0   0   0   0   0   0
    CTA   0   0   0   0   0   0 |     CCA   0   0   0   0   0   0 | Gln CAA   0   0   0   0   0   0 |     CGA   1   1   1   1   1   1
    CTG   2   2   2   2   2   2 |     CCG   0   0   0   0   0   0 |     CAG   1   1   1   1   1   1 |     CGG   1   1   1   1   1   1
--------------------------------------------------------------------------------------------------------------------------------------
Ile ATT   3   3   3   3   3   3 | Thr ACT   0   0   0   0   0   0 | Asn AAT   2   2   2   2   2   2 | Ser AGT   0   0   0   0   0   0
    ATC   0   0   0   0   0   0 |     ACC   0   0   0   0   0   0 |     AAC   0   0   0   0   0   0 |     AGC   0   0   0   0   0   0
    ATA   0   0   0   0   0   0 |     ACA   0   0   0   0   0   0 | Lys AAA   2   2   2   2   2   2 | Arg AGA   1   1   1   1   1   1
Met ATG   0   0   0   0   0   0 |     ACG   0   0   0   0   0   0 |     AAG   2   2   2   2   2   2 |     AGG   0   0   0   0   0   0
--------------------------------------------------------------------------------------------------------------------------------------
Val GTT   0   0   0   0   0   0 | Ala GCT   1   1   1   1   1   1 | Asp GAT   0   0   0   0   0   0 | Gly GGT   0   0   0   0   0   0
    GTC   0   0   0   0   0   0 |     GCC   3   3   3   3   3   3 |     GAC   0   0   0   0   0   0 |     GGC   0   0   0   0   0   0
    GTA   0   0   0   0   0   0 |     GCA   1   1   1   1   1   1 | Glu GAA   2   2   2   2   2   2 |     GGA   0   0   0   0   0   0
    GTG   1   1   1   1   1   1 |     GCG   0   0   0   0   0   0 |     GAG   2   2   2   2   2   2 |     GGG   1   1   1   1   1   1
--------------------------------------------------------------------------------------------------------------------------------------

--------------------------------------------------------------------------------------------------------------------------------------
Phe TTT   0   0   0   0   0   0 | Ser TCT   0   0   0   0   0   0 | Tyr TAT   1   1   1   1   1   1 | Cys TGT   0   0   0   0   0   0
    TTC   0   0   0   0   0   0 |     TCC   0   0   0   0   0   0 |     TAC   0   0   0   0   0   0 |     TGC   0   0   0   0   0   0
Leu TTA   0   0   0   0   0   0 |     TCA   0   0   0   0   0   0 | *** TAA   0   0   0   0   0   0 | *** TGA   0   0   0   0   0   0
    TTG   0   0   0   0   0   0 |     TCG   0   0   0   0   0   0 |     TAG   0   0   0   0   0   0 | Trp TGG   0   0   0   0   0   0
--------------------------------------------------------------------------------------------------------------------------------------
Leu CTT   0   0   0   0   0   0 | Pro CCT   0   0   0   0   0   0 | His CAT   0   0   0   0   0   0 | Arg CGT   0   0   1   1   1   1
    CTC   0   0   0   0   0   0 |     CCC   0   0   0   0   0   0 |     CAC   0   0   0   0   0   0 |     CGC   0   0   0   0   0   0
    CTA   0   0   0   0   0   0 |     CCA   0   0   0   0   0   0 | Gln CAA   0   0   0   0   0   0 |     CGA   1   2   1   1   1   1
    CTG   2   2   2   2   2   2 |     CCG   0   0   0   0   0   0 |     CAG   1   1   1   1   1   1 |     CGG   2   1   1   1   1   1
--------------------------------------------------------------------------------------------------------------------------------------
Ile ATT   3   3   3   3   3   3 | Thr ACT   0   0   0   0   0   0 | Asn AAT   2   2   1   2   2   2 | Ser AGT   0   0   0   0   0   0
    ATC   0   0   0   0   0   0 |     ACC   0   0   0   0   0   0 |     AAC   0   0   1   0   0   0 |     AGC   0   0   0   0   0   0
    ATA   0   0   0   0   0   0 |     ACA   0   0   0   0   0   0 | Lys AAA   2   2   2   2   2   2 | Arg AGA   1   1   1   1   1   1
Met ATG   0   0   0   0   0   0 |     ACG   0   0   0   0   0   0 |     AAG   2   2   2   2   2   2 |     AGG   0   0   0   0   0   0
--------------------------------------------------------------------------------------------------------------------------------------
Val GTT   0   0   0   0   0   0 | Ala GCT   1   1   1   1   1   1 | Asp GAT   0   0   0   0   0   0 | Gly GGT   0   0   0   0   0   0
    GTC   0   0   0   0   0   0 |     GCC   3   3   3   3   3   3 |     GAC   0   0   0   0   0   0 |     GGC   0   0   0   0   0   0
    GTA   0   0   0   0   0   0 |     GCA   1   1   1   1   1   1 | Glu GAA   2   2   2   2   2   2 |     GGA   0   0   0   0   0   0
    GTG   1   1   0   1   1   1 |     GCG   0   0   1   0   0   0 |     GAG   2   2   2   2   2   2 |     GGG   1   1   1   1   1   1
--------------------------------------------------------------------------------------------------------------------------------------

--------------------------------------------------------------------------------------------------------------------------------------
Phe TTT   0   0   0   0   0   0 | Ser TCT   0   0   0   0   0   0 | Tyr TAT   1   1   1   1   1   1 | Cys TGT   0   0   0   0   0   0
    TTC   0   0   0   0   0   0 |     TCC   0   0   0   0   0   0 |     TAC   0   0   0   0   0   0 |     TGC   0   0   0   0   0   0
Leu TTA   0   0   0   0   0   0 |     TCA   0   0   0   0   0   0 | *** TAA   0   0   0   0   0   0 | *** TGA   0   0   0   0   0   0
    TTG   0   0   0   0   0   0 |     TCG   0   0   0   0   0   0 |     TAG   0   0   0   0   0   0 | Trp TGG   0   0   0   0   0   0
--------------------------------------------------------------------------------------------------------------------------------------
Leu CTT   0   0   0   0   0   0 | Pro CCT   0   0   0   0   0   0 | His CAT   0   0   0   0   0   0 | Arg CGT   1   1   1   1   1   1
    CTC   0   0   0   0   0   0 |     CCC   0   0   0   0   0   0 |     CAC   0   0   0   0   0   0 |     CGC   0   0   0   0   0   0
    CTA   0   0   0   0   0   0 |     CCA   0   0   0   0   0   0 | Gln CAA   0   0   0   0   0   0 |     CGA   1   1   1   1   1   1
    CTG   2   2   2   2   2   2 |     CCG   0   0   0   0   0   0 |     CAG   1   1   1   1   1   1 |     CGG   1   1   1   1   1   1
--------------------------------------------------------------------------------------------------------------------------------------
Ile ATT   3   3   3   3   3   3 | Thr ACT   0   0   0   0   0   0 | Asn AAT   2   2   2   2   2   2 | Ser AGT   0   0   0   0   0   0
    ATC   0   0   0   0   0   0 |     ACC   0   0   0   0   0   0 |     AAC   0   0   0   0   0   0 |     AGC   0   0   0   0   0   0
    ATA   0   0   0   0   0   0 |     ACA   0   0   0   0   0   0 | Lys AAA   2   2   2   2   2   2 | Arg AGA   1   1   1   1   1   1
Met ATG   0   0   0   0   0   0 |     ACG   0   0   0   0   0   0 |     AAG   2   2   2   2   2   2 |     AGG   0   0   0   0   0   0
--------------------------------------------------------------------------------------------------------------------------------------
Val GTT   0   0   0   0   0   0 | Ala GCT   1   1   1   1   1   1 | Asp GAT   0   0   0   0   0   0 | Gly GGT   0   0   0   0   0   0
    GTC   0   0   0   0   0   0 |     GCC   3   3   3   3   3   3 |     GAC   0   0   0   0   0   0 |     GGC   0   0   0   0   0   0
    GTA   0   0   0   0   0   0 |     GCA   1   1   1   1   1   1 | Glu GAA   2   1   2   2   2   2 |     GGA   0   0   0   0   0   0
    GTG   1   1   1   1   1   1 |     GCG   0   0   0   0   0   0 |     GAG   2   3   2   2   2   2 |     GGG   1   1   1   1   1   1
--------------------------------------------------------------------------------------------------------------------------------------

--------------------------------------------------------------------------------------------------------------------------------------
Phe TTT   0   0   0   0   0   0 | Ser TCT   0   0   0   0   0   0 | Tyr TAT   1   1   1   1   1   1 | Cys TGT   0   0   0   0   0   0
    TTC   0   0   0   0   0   0 |     TCC   0   0   0   0   0   0 |     TAC   0   0   0   0   0   0 |     TGC   0   0   0   0   0   0
Leu TTA   0   0   0   0   0   0 |     TCA   0   0   0   0   0   0 | *** TAA   0   0   0   0   0   0 | *** TGA   0   0   0   0   0   0
    TTG   0   0   0   0   0   0 |     TCG   0   0   0   0   0   0 |     TAG   0   0   0   0   0   0 | Trp TGG   0   0   0   0   0   0
--------------------------------------------------------------------------------------------------------------------------------------
Leu CTT   0   0   0   0   0   0 | Pro CCT   0   0   0   0   0   0 | His CAT   0   0   0   0   0   0 | Arg CGT   1   1   1   1   1   1
    CTC   0   0   0   0   0   0 |     CCC   0   0   0   0   0   0 |     CAC   0   0   0   0   0   0 |     CGC   0   0   0   0   0   0
    CTA   0   0   0   0   0   0 |     CCA   0   0   0   0   0   0 | Gln CAA   0   0   0   0   0   0 |     CGA   1   1   1   1   1   1
    CTG   2   2   2   2   2   2 |     CCG   0   0   0   0   0   0 |     CAG   1   1   1   1   1   1 |     CGG   1   1   1   1   1   1
--------------------------------------------------------------------------------------------------------------------------------------
Ile ATT   3   3   3   3   3   3 | Thr ACT   0   0   0   0   0   0 | Asn AAT   2   2   2   2   2   2 | Ser AGT   0   0   0   0   0   0
    ATC   0   0   0   0   0   0 |     ACC   0   0   0   0   0   0 |     AAC   0   0   0   0   0   0 |     AGC   0   0   0   0   0   0
    ATA   0   0   0   0   0   0 |     ACA   0   0   0   0   0   0 | Lys AAA   2   2   2   2   2   2 | Arg AGA   1   1   1   1   1   1
Met ATG   0   0   0   0   0   0 |     ACG   0   0   0   0   0   0 |     AAG   2   2   2   2   2   2 |     AGG   0   0   0   0   0   0
--------------------------------------------------------------------------------------------------------------------------------------
Val GTT   0   0   0   0   0   0 | Ala GCT   1   1   1   1   1   1 | Asp GAT   0   0   0   0   0   0 | Gly GGT   0   0   0   0   0   0
    GTC   0   0   0   0   0   0 |     GCC   3   3   3   3   3   3 |     GAC   0   0   0   0   0   0 |     GGC   0   0   0   0   0   0
    GTA   0   0   0   0   0   0 |     GCA   1   1   1   1   1   1 | Glu GAA   2   2   2   2   2   2 |     GGA   0   0   0   0   0   0
    GTG   1   1   1   1   1   1 |     GCG   0   0   0   0   0   0 |     GAG   2   2   2   2   2   2 |     GGG   1   1   1   1   1   1
--------------------------------------------------------------------------------------------------------------------------------------

--------------------------------------------------------------------------------------------------------------------------------------
Phe TTT   0   0   0   0   0   0 | Ser TCT   0   0   0   0   0   0 | Tyr TAT   1   1   1   1   1   1 | Cys TGT   0   0   0   0   0   0
    TTC   0   0   0   0   0   0 |     TCC   0   0   0   0   0   0 |     TAC   0   0   0   0   0   0 |     TGC   0   0   0   0   0   0
Leu TTA   0   0   0   0   0   0 |     TCA   0   0   0   0   0   0 | *** TAA   0   0   0   0   0   0 | *** TGA   0   0   0   0   0   0
    TTG   0   0   0   0   0   0 |     TCG   0   0   0   0   0   0 |     TAG   0   0   0   0   0   0 | Trp TGG   0   0   0   0   0   0
--------------------------------------------------------------------------------------------------------------------------------------
Leu CTT   0   0   0   0   0   0 | Pro CCT   0   0   0   0   0   0 | His CAT   0   0   0   0   0   0 | Arg CGT   1   1   1   1   1   1
    CTC   0   0   0   0   0   0 |     CCC   0   0   0   0   0   0 |     CAC   0   0   0   0   0   0 |     CGC   0   0   0   0   0   0
    CTA   0   0   0   0   0   0 |     CCA   0   0   0   0   0   0 | Gln CAA   0   0   0   0   0   0 |     CGA   1   1   1   1   1   1
    CTG   2   2   2   2   2   2 |     CCG   0   0   0   0   0   0 |     CAG   1   1   1   1   1   1 |     CGG   1   1   1   1   1   1
--------------------------------------------------------------------------------------------------------------------------------------
Ile ATT   3   3   3   3   3   3 | Thr ACT   0   0   0   0   0   0 | Asn AAT   2   2   2   2   2   2 | Ser AGT   0   0   0   0   0   0
    ATC   0   0   0   0   0   0 |     ACC   0   0   0   0   0   0 |     AAC   0   0   0   0   0   0 |     AGC   0   0   0   0   0   0
    ATA   0   0   0   0   0   0 |     ACA   0   0   0   0   0   0 | Lys AAA   2   2   2   2   2   2 | Arg AGA   1   1   1   1   1   1
Met ATG   0   0   0   0   0   0 |     ACG   0   0   0   0   0   0 |     AAG   2   2   2   2   2   2 |     AGG   0   0   0   0   0   0
--------------------------------------------------------------------------------------------------------------------------------------
Val GTT   0   0   0   0   0   0 | Ala GCT   1   1   1   1   1   1 | Asp GAT   0   0   0   0   0   0 | Gly GGT   0   0   0   0   0   0
    GTC   0   0   0   0   0   0 |     GCC   3   3   3   3   3   3 |     GAC   0   0   0   0   0   0 |     GGC   0   0   0   0   0   0
    GTA   0   0   0   0   0   0 |     GCA   1   1   1   1   1   1 | Glu GAA   2   2   2   2   1   2 |     GGA   0   0   0   0   0   0
    GTG   1   1   1   1   1   1 |     GCG   0   0   0   0   0   0 |     GAG   2   2   2   2   3   2 |     GGG   1   1   1   1   1   1
--------------------------------------------------------------------------------------------------------------------------------------

--------------------------------------------------------------------------------------------------------------------------------------
Phe TTT   0   0   0   0   0   0 | Ser TCT   0   0   0   0   0   0 | Tyr TAT   1   1   1   1   1   1 | Cys TGT   0   0   0   0   0   0
    TTC   0   0   0   0   0   0 |     TCC   0   0   0   0   0   0 |     TAC   0   0   0   0   0   0 |     TGC   0   0   0   0   0   0
Leu TTA   0   0   0   0   0   0 |     TCA   0   0   0   0   0   0 | *** TAA   0   0   0   0   0   0 | *** TGA   0   0   0   0   0   0
    TTG   0   0   0   1   0   0 |     TCG   0   0   0   0   0   0 |     TAG   0   0   0   0   0   0 | Trp TGG   0   0   0   0   0   0
--------------------------------------------------------------------------------------------------------------------------------------
Leu CTT   0   0   0   0   0   0 | Pro CCT   0   0   0   0   0   0 | His CAT   0   0   0   0   0   0 | Arg CGT   1   1   1   1   1   1
    CTC   0   0   0   0   0   0 |     CCC   0   0   0   0   0   0 |     CAC   0   0   0   0   0   0 |     CGC   0   0   0   0   0   0
    CTA   0   0   0   0   0   0 |     CCA   0   0   0   0   0   0 | Gln CAA   0   0   0   0   0   0 |     CGA   1   1   1   1   1   1
    CTG   2   2   2   1   2   2 |     CCG   0   0   0   0   0   0 |     CAG   1   1   1   1   1   1 |     CGG   1   1   1   1   1   1
--------------------------------------------------------------------------------------------------------------------------------------
Ile ATT   3   3   3   3   3   3 | Thr ACT   0   0   0   0   0   0 | Asn AAT   2   2   2   2   2   2 | Ser AGT   0   0   0   0   0   0
    ATC   0   0   0   0   0   0 |     ACC   0   0   0   0   0   0 |     AAC   0   0   0   0   0   0 |     AGC   0   0   0   0   0   0
    ATA   0   0   0   0   0   0 |     ACA   0   0   0   0   0   0 | Lys AAA   2   2   2   2   2   2 | Arg AGA   1   1   1   1   1   1
Met ATG   0   0   0   0   0   0 |     ACG   0   0   0   0   0   0 |     AAG   2   2   2   2   2   2 |     AGG   0   0   0   0   0   0
--------------------------------------------------------------------------------------------------------------------------------------
Val GTT   0   0   0   0   0   0 | Ala GCT   1   1   1   1   1   1 | Asp GAT   0   0   0   0   0   0 | Gly GGT   0   0   0   0   0   0
    GTC   0   0   0   0   0   0 |     GCC   2   3   3   3   3   3 |     GAC   0   0   0   0   0   0 |     GGC   0   0   0   0   0   0
    GTA   0   0   0   0   0   0 |     GCA   1   1   1   1   1   1 | Glu GAA   2   2   2   1   2   2 |     GGA   0   0   0   0   0   0
    GTG   1   1   1   1   1   1 |     GCG   1   0   0   0   0   0 |     GAG   2   2   2   3   2   2 |     GGG   1   1   1   1   1   1
--------------------------------------------------------------------------------------------------------------------------------------

--------------------------------------------------------------------------------------------------------------------------------------
Phe TTT   0   0   0   0   0   0 | Ser TCT   0   0   0   0   0   0 | Tyr TAT   1   1   1   1   1   1 | Cys TGT   0   0   0   0   0   0
    TTC   0   0   0   0   0   0 |     TCC   0   0   0   0   0   0 |     TAC   0   0   0   0   0   0 |     TGC   0   0   0   0   0   0
Leu TTA   0   0   0   0   0   0 |     TCA   0   0   0   0   0   0 | *** TAA   0   0   0   0   0   0 | *** TGA   0   0   0   0   0   0
    TTG   0   0   0   0   0   0 |     TCG   0   0   0   0   0   0 |     TAG   0   0   0   0   0   0 | Trp TGG   0   0   0   0   0   0
--------------------------------------------------------------------------------------------------------------------------------------
Leu CTT   0   0   0   0   0   0 | Pro CCT   0   0   0   0   0   0 | His CAT   0   0   0   0   0   0 | Arg CGT   1   1   1   1   1   1
    CTC   0   0   0   0   0   0 |     CCC   0   0   0   0   0   0 |     CAC   0   0   0   0   0   0 |     CGC   0   0   0   0   0   0
    CTA   0   0   0   0   0   0 |     CCA   0   0   0   0   0   0 | Gln CAA   0   0   0   0   0   0 |     CGA   1   1   1   1   1   1
    CTG   2   2   2   2   2   2 |     CCG   0   0   0   0   0   0 |     CAG   1   1   1   1   1   1 |     CGG   1   1   1   1   1   1
--------------------------------------------------------------------------------------------------------------------------------------
Ile ATT   3   3   3   3   3   3 | Thr ACT   0   0   0   0   0   0 | Asn AAT   2   2   2   2   2   2 | Ser AGT   0   0   0   0   0   0
    ATC   0   0   0   0   0   0 |     ACC   0   0   0   0   0   0 |     AAC   0   0   0   0   0   0 |     AGC   0   0   0   0   0   0
    ATA   0   0   0   0   0   0 |     ACA   0   0   0   0   0   0 | Lys AAA   2   2   2   2   2   2 | Arg AGA   1   1   1   1   1   1
Met ATG   0   0   0   0   0   0 |     ACG   0   0   0   0   0   0 |     AAG   2   2   2   2   2   2 |     AGG   0   0   0   0   0   0
--------------------------------------------------------------------------------------------------------------------------------------
Val GTT   0   0   0   0   0   0 | Ala GCT   1   1   1   1   2   1 | Asp GAT   0   0   0   0   0   0 | Gly GGT   0   0   0   0   0   0
    GTC   0   0   0   0   0   0 |     GCC   3   3   3   3   2   3 |     GAC   0   0   0   0   0   0 |     GGC   0   0   0   0   0   0
    GTA   0   0   0   0   0   0 |     GCA   1   1   1   1   1   1 | Glu GAA   2   2   2   2   2   2 |     GGA   0   0   0   0   0   0
    GTG   1   1   1   1   1   1 |     GCG   0   0   0   0   0   0 |     GAG   2   2   2   2   2   2 |     GGG   1   1   1   1   1   1
--------------------------------------------------------------------------------------------------------------------------------------

Codon position x base (3x4) table for each sequence.

#1: Argali         
position  1:    T:0.03571    C:0.21429    A:0.35714    G:0.39286
position  2:    T:0.21429    C:0.17857    A:0.42857    G:0.17857
position  3:    T:0.28571    C:0.10714    A:0.25000    G:0.35714
Average         T:0.17857    C:0.16667    A:0.34524    G:0.30952

#2: LesserMouseDeer
position  1:    T:0.03571    C:0.21429    A:0.35714    G:0.39286
position  2:    T:0.21429    C:0.17857    A:0.42857    G:0.17857
position  3:    T:0.32143    C:0.07143    A:0.25000    G:0.35714
Average         T:0.19048    C:0.15476    A:0.34524    G:0.30952

#3: LesserKudu     
position  1:    T:0.03571    C:0.21429    A:0.35714    G:0.39286
position  2:    T:0.21429    C:0.17857    A:0.42857    G:0.17857
position  3:    T:0.28571    C:0.10714    A:0.25000    G:0.35714
Average         T:0.17857    C:0.16667    A:0.34524    G:0.30952

#4: ForestMuskDeer2
position  1:    T:0.03571    C:0.21429    A:0.32143    G:0.42857
position  2:    T:0.21429    C:0.17857    A:0.46429    G:0.14286
position  3:    T:0.28571    C:0.10714    A:0.25000    G:0.35714
Average         T:0.17857    C:0.16667    A:0.34524    G:0.30952

#5: Camel          
position  1:    T:0.03571    C:0.21429    A:0.35714    G:0.39286
position  2:    T:0.21429    C:0.17857    A:0.42857    G:0.17857
position  3:    T:0.28571    C:0.10714    A:0.25000    G:0.35714
Average         T:0.17857    C:0.16667    A:0.34524    G:0.30952

#6: KillerWhale    
position  1:    T:0.03571    C:0.21429    A:0.35714    G:0.39286
position  2:    T:0.21429    C:0.17857    A:0.42857    G:0.17857
position  3:    T:0.28571    C:0.10714    A:0.25000    G:0.35714
Average         T:0.17857    C:0.16667    A:0.34524    G:0.30952

#7: DefassaWaterbuck
position  1:    T:0.03571    C:0.21429    A:0.35714    G:0.39286
position  2:    T:0.21429    C:0.17857    A:0.42857    G:0.17857
position  3:    T:0.28571    C:0.10714    A:0.25000    G:0.35714
Average         T:0.17857    C:0.16667    A:0.34524    G:0.30952

#8: Sheep          
position  1:    T:0.03571    C:0.21429    A:0.35714    G:0.39286
position  2:    T:0.21429    C:0.17857    A:0.42857    G:0.17857
position  3:    T:0.28571    C:0.10714    A:0.28571    G:0.32143
Average         T:0.17857    C:0.16667    A:0.35714    G:0.29762

#9: MaxwellsDuiker 
position  1:    T:0.03571    C:0.25000    A:0.32143    G:0.39286
position  2:    T:0.21429    C:0.17857    A:0.42857    G:0.17857
position  3:    T:0.28571    C:0.10714    A:0.25000    G:0.35714
Average         T:0.17857    C:0.17857    A:0.33333    G:0.30952

#10: GazellaPrzewalskyi
position  1:    T:0.03571    C:0.21429    A:0.35714    G:0.39286
position  2:    T:0.21429    C:0.17857    A:0.42857    G:0.17857
position  3:    T:0.28571    C:0.10714    A:0.28571    G:0.32143
Average         T:0.17857    C:0.16667    A:0.35714    G:0.29762

#11: MountainNyala  
position  1:    T:0.03571    C:0.21429    A:0.35714    G:0.39286
position  2:    T:0.21429    C:0.17857    A:0.42857    G:0.17857
position  3:    T:0.28571    C:0.10714    A:0.25000    G:0.35714
Average         T:0.17857    C:0.16667    A:0.34524    G:0.30952

#12: MuntiacusMuntjak
position  1:    T:0.03571    C:0.21429    A:0.35714    G:0.39286
position  2:    T:0.21429    C:0.17857    A:0.42857    G:0.17857
position  3:    T:0.28571    C:0.10714    A:0.25000    G:0.35714
Average         T:0.17857    C:0.16667    A:0.34524    G:0.30952

#13: goat           
position  1:    T:0.03571    C:0.21429    A:0.35714    G:0.39286
position  2:    T:0.21429    C:0.17857    A:0.42857    G:0.17857
position  3:    T:0.28571    C:0.10714    A:0.25000    G:0.35714
Average         T:0.17857    C:0.16667    A:0.34524    G:0.30952

#14: AfricanBuffalo 
position  1:    T:0.03571    C:0.21429    A:0.35714    G:0.39286
position  2:    T:0.21429    C:0.17857    A:0.42857    G:0.17857
position  3:    T:0.28571    C:0.10714    A:0.25000    G:0.35714
Average         T:0.17857    C:0.16667    A:0.34524    G:0.30952

#15: Topi           
position  1:    T:0.03571    C:0.21429    A:0.35714    G:0.39286
position  2:    T:0.21429    C:0.17857    A:0.42857    G:0.17857
position  3:    T:0.28571    C:0.10714    A:0.25000    G:0.35714
Average         T:0.17857    C:0.16667    A:0.34524    G:0.30952

#16: CommonDuiker   
position  1:    T:0.03571    C:0.21429    A:0.35714    G:0.39286
position  2:    T:0.21429    C:0.17857    A:0.42857    G:0.17857
position  3:    T:0.28571    C:0.10714    A:0.25000    G:0.35714
Average         T:0.17857    C:0.16667    A:0.34524    G:0.30952

#17: Suni           
position  1:    T:0.03571    C:0.21429    A:0.35714    G:0.39286
position  2:    T:0.21429    C:0.17857    A:0.42857    G:0.17857
position  3:    T:0.28571    C:0.10714    A:0.25000    G:0.35714
Average         T:0.17857    C:0.16667    A:0.34524    G:0.30952

#18: Springbuck     
position  1:    T:0.03571    C:0.21429    A:0.35714    G:0.39286
position  2:    T:0.21429    C:0.17857    A:0.42857    G:0.17857
position  3:    T:0.28571    C:0.10714    A:0.25000    G:0.35714
Average         T:0.17857    C:0.16667    A:0.34524    G:0.30952

#19: Okapi          
position  1:    T:0.03571    C:0.21429    A:0.35714    G:0.39286
position  2:    T:0.21429    C:0.17857    A:0.42857    G:0.17857
position  3:    T:0.25000    C:0.10714    A:0.25000    G:0.39286
Average         T:0.16667    C:0.16667    A:0.34524    G:0.32143

#20: Giraffe        
position  1:    T:0.03571    C:0.21429    A:0.35714    G:0.39286
position  2:    T:0.21429    C:0.17857    A:0.42857    G:0.17857
position  3:    T:0.25000    C:0.10714    A:0.28571    G:0.35714
Average         T:0.16667    C:0.16667    A:0.35714    G:0.30952

#21: TibetanAntelope
position  1:    T:0.03571    C:0.21429    A:0.35714    G:0.39286
position  2:    T:0.17857    C:0.21429    A:0.42857    G:0.17857
position  3:    T:0.25000    C:0.14286    A:0.25000    G:0.35714
Average         T:0.15476    C:0.19048    A:0.34524    G:0.30952

#22: Sitatunga      
position  1:    T:0.03571    C:0.21429    A:0.35714    G:0.39286
position  2:    T:0.21429    C:0.17857    A:0.42857    G:0.17857
position  3:    T:0.28571    C:0.10714    A:0.25000    G:0.35714
Average         T:0.17857    C:0.16667    A:0.34524    G:0.30952

#23: Oribi          
position  1:    T:0.03571    C:0.21429    A:0.35714    G:0.39286
position  2:    T:0.21429    C:0.17857    A:0.42857    G:0.17857
position  3:    T:0.28571    C:0.10714    A:0.25000    G:0.35714
Average         T:0.17857    C:0.16667    A:0.34524    G:0.30952

#24: BarbarySheep   
position  1:    T:0.03571    C:0.21429    A:0.35714    G:0.39286
position  2:    T:0.21429    C:0.17857    A:0.42857    G:0.17857
position  3:    T:0.28571    C:0.10714    A:0.25000    G:0.35714
Average         T:0.17857    C:0.16667    A:0.34524    G:0.30952

#25: Daviddeer      
position  1:    T:0.03571    C:0.21429    A:0.35714    G:0.39286
position  2:    T:0.21429    C:0.17857    A:0.42857    G:0.17857
position  3:    T:0.28571    C:0.10714    A:0.25000    G:0.35714
Average         T:0.17857    C:0.16667    A:0.34524    G:0.30952

#26: Reindeer       
position  1:    T:0.03571    C:0.21429    A:0.35714    G:0.39286
position  2:    T:0.21429    C:0.17857    A:0.42857    G:0.17857
position  3:    T:0.28571    C:0.10714    A:0.21429    G:0.39286
Average         T:0.17857    C:0.16667    A:0.33333    G:0.32143

#27: Ibex           
position  1:    T:0.03571    C:0.21429    A:0.35714    G:0.39286
position  2:    T:0.21429    C:0.17857    A:0.42857    G:0.17857
position  3:    T:0.28571    C:0.10714    A:0.25000    G:0.35714
Average         T:0.17857    C:0.16667    A:0.34524    G:0.30952

#28: GyrantGazelle  
position  1:    T:0.03571    C:0.21429    A:0.35714    G:0.39286
position  2:    T:0.21429    C:0.17857    A:0.42857    G:0.17857
position  3:    T:0.28571    C:0.10714    A:0.25000    G:0.35714
Average         T:0.17857    C:0.16667    A:0.34524    G:0.30952

#29: Hartebeest     
position  1:    T:0.03571    C:0.21429    A:0.35714    G:0.39286
position  2:    T:0.21429    C:0.17857    A:0.42857    G:0.17857
position  3:    T:0.28571    C:0.10714    A:0.25000    G:0.35714
Average         T:0.17857    C:0.16667    A:0.34524    G:0.30952

#30: Bongo          
position  1:    T:0.03571    C:0.21429    A:0.35714    G:0.39286
position  2:    T:0.21429    C:0.17857    A:0.42857    G:0.17857
position  3:    T:0.28571    C:0.10714    A:0.25000    G:0.35714
Average         T:0.17857    C:0.16667    A:0.34524    G:0.30952

#31: Gerenuk        
position  1:    T:0.03571    C:0.21429    A:0.35714    G:0.39286
position  2:    T:0.21429    C:0.17857    A:0.42857    G:0.17857
position  3:    T:0.28571    C:0.10714    A:0.25000    G:0.35714
Average         T:0.17857    C:0.16667    A:0.34524    G:0.30952

#32: CommonEland    
position  1:    T:0.03571    C:0.21429    A:0.35714    G:0.39286
position  2:    T:0.21429    C:0.17857    A:0.42857    G:0.17857
position  3:    T:0.28571    C:0.10714    A:0.25000    G:0.35714
Average         T:0.17857    C:0.16667    A:0.34524    G:0.30952

#33: MuntiacusReevesi
position  1:    T:0.03571    C:0.21429    A:0.35714    G:0.39286
position  2:    T:0.21429    C:0.17857    A:0.42857    G:0.17857
position  3:    T:0.28571    C:0.10714    A:0.25000    G:0.35714
Average         T:0.17857    C:0.16667    A:0.34524    G:0.30952

#34: HarveysDuiker  
position  1:    T:0.03571    C:0.21429    A:0.35714    G:0.39286
position  2:    T:0.21429    C:0.17857    A:0.42857    G:0.17857
position  3:    T:0.28571    C:0.10714    A:0.25000    G:0.35714
Average         T:0.17857    C:0.16667    A:0.34524    G:0.30952

#35: Pronghorn      
position  1:    T:0.03571    C:0.21429    A:0.35714    G:0.39286
position  2:    T:0.21429    C:0.17857    A:0.42857    G:0.17857
position  3:    T:0.28571    C:0.10714    A:0.25000    G:0.35714
Average         T:0.17857    C:0.16667    A:0.34524    G:0.30952

#36: BlueWildebeest 
position  1:    T:0.03571    C:0.21429    A:0.35714    G:0.39286
position  2:    T:0.21429    C:0.17857    A:0.42857    G:0.17857
position  3:    T:0.28571    C:0.10714    A:0.25000    G:0.35714
Average         T:0.17857    C:0.16667    A:0.34524    G:0.30952

#37: Gemsbok        
position  1:    T:0.03571    C:0.21429    A:0.35714    G:0.39286
position  2:    T:0.21429    C:0.17857    A:0.42857    G:0.17857
position  3:    T:0.28571    C:0.10714    A:0.25000    G:0.35714
Average         T:0.17857    C:0.16667    A:0.34524    G:0.30952

#38: Yak            
position  1:    T:0.03571    C:0.21429    A:0.35714    G:0.39286
position  2:    T:0.21429    C:0.17857    A:0.42857    G:0.17857
position  3:    T:0.28571    C:0.10714    A:0.25000    G:0.35714
Average         T:0.17857    C:0.16667    A:0.34524    G:0.30952

#39: BlueSheep      
position  1:    T:0.03571    C:0.21429    A:0.35714    G:0.39286
position  2:    T:0.21429    C:0.17857    A:0.42857    G:0.17857
position  3:    T:0.28571    C:0.10714    A:0.25000    G:0.35714
Average         T:0.17857    C:0.16667    A:0.34524    G:0.30952

#40: BohorReedbuck  
position  1:    T:0.03571    C:0.21429    A:0.35714    G:0.39286
position  2:    T:0.21429    C:0.17857    A:0.42857    G:0.17857
position  3:    T:0.28571    C:0.10714    A:0.25000    G:0.35714
Average         T:0.17857    C:0.16667    A:0.34524    G:0.30952

#41: KirksDik       
position  1:    T:0.03571    C:0.21429    A:0.35714    G:0.39286
position  2:    T:0.21429    C:0.17857    A:0.42857    G:0.17857
position  3:    T:0.28571    C:0.10714    A:0.21429    G:0.39286
Average         T:0.17857    C:0.16667    A:0.33333    G:0.32143

#42: RoeDeer        
position  1:    T:0.03571    C:0.21429    A:0.35714    G:0.39286
position  2:    T:0.21429    C:0.17857    A:0.42857    G:0.17857
position  3:    T:0.28571    C:0.10714    A:0.25000    G:0.35714
Average         T:0.17857    C:0.16667    A:0.34524    G:0.30952

#43: WhiteLippedDeer
position  1:    T:0.03571    C:0.21429    A:0.35714    G:0.39286
position  2:    T:0.21429    C:0.17857    A:0.42857    G:0.17857
position  3:    T:0.28571    C:0.07143    A:0.25000    G:0.39286
Average         T:0.17857    C:0.15476    A:0.34524    G:0.32143

#44: ThomsonGazelle 
position  1:    T:0.03571    C:0.21429    A:0.35714    G:0.39286
position  2:    T:0.21429    C:0.17857    A:0.42857    G:0.17857
position  3:    T:0.28571    C:0.10714    A:0.25000    G:0.35714
Average         T:0.17857    C:0.16667    A:0.34524    G:0.30952

#45: MuntiacusCrinifrons
position  1:    T:0.03571    C:0.21429    A:0.35714    G:0.39286
position  2:    T:0.21429    C:0.17857    A:0.42857    G:0.17857
position  3:    T:0.28571    C:0.10714    A:0.25000    G:0.35714
Average         T:0.17857    C:0.16667    A:0.34524    G:0.30952

#46: WhiteTailedDeer
position  1:    T:0.07143    C:0.17857    A:0.35714    G:0.39286
position  2:    T:0.21429    C:0.17857    A:0.42857    G:0.17857
position  3:    T:0.28571    C:0.10714    A:0.21429    G:0.39286
Average         T:0.19048    C:0.15476    A:0.33333    G:0.32143

#47: Cattle         
position  1:    T:0.03571    C:0.21429    A:0.35714    G:0.39286
position  2:    T:0.21429    C:0.17857    A:0.42857    G:0.17857
position  3:    T:0.28571    C:0.10714    A:0.25000    G:0.35714
Average         T:0.17857    C:0.16667    A:0.34524    G:0.30952

#48: RoyalAntelope  
position  1:    T:0.03571    C:0.21429    A:0.35714    G:0.39286
position  2:    T:0.21429    C:0.17857    A:0.42857    G:0.17857
position  3:    T:0.28571    C:0.10714    A:0.25000    G:0.35714
Average         T:0.17857    C:0.16667    A:0.34524    G:0.30952

#49: Steenbok       
position  1:    T:0.03571    C:0.21429    A:0.35714    G:0.39286
position  2:    T:0.21429    C:0.17857    A:0.42857    G:0.17857
position  3:    T:0.28571    C:0.10714    A:0.25000    G:0.35714
Average         T:0.17857    C:0.16667    A:0.34524    G:0.30952

#50: Impala         
position  1:    T:0.03571    C:0.21429    A:0.35714    G:0.39286
position  2:    T:0.21429    C:0.17857    A:0.42857    G:0.17857
position  3:    T:0.28571    C:0.10714    A:0.25000    G:0.35714
Average         T:0.17857    C:0.16667    A:0.34524    G:0.30952

#51: Klipspringer   
position  1:    T:0.03571    C:0.21429    A:0.35714    G:0.39286
position  2:    T:0.21429    C:0.17857    A:0.42857    G:0.17857
