1
52 1
Argali 0.000000 0.284300 0.108500 0.261800 0.086700 0.000000 0.053900 0.131500 0.108500 0.055500 0.000000 0.112200 0.026800 0.080100 0.082700 0.080100 0.105100 0.083500 0.077300 0.108500 0.105600 0.025700 0.114000 0.110200 0.000000 0.135100 0.026800 0.108500 0.106800 0.108500 0.084000 0.053500 0.085400 0.026800 0.109400 0.082200 0.026000 0.143600 0.106500 0.111300 0.055500 0.107600 0.055300 0.026800 0.082200 0.110600 0.133800 0.115900 0.053500 0.079600 0.108500 0.134900
LesserMous 0.284300 0.000000 0.208400 0.230600 0.263000 0.284300 0.285500 0.404400 0.208400 0.220000 0.284300 0.216100 0.250600 0.312400 0.249400 0.312400 0.346400 0.252400 0.384800 0.208400 0.269600 0.317900 0.219800 0.280600 0.284300 0.381000 0.250600 0.208400 0.343800 0.208400 0.258500 0.281700 0.258400 0.250600 0.352900 0.180400 0.322500 0.326900 0.343100 0.284000 0.220000 0.346700 0.220000 0.250600 0.180400 0.316100 0.376400 0.256400 0.281700 0.310000 0.208400 0.236700
LesserKudu 0.108500 0.208400 0.000000 0.287600 0.084200 0.108500 0.107800 0.214400 0.000000 0.054100 0.108500 0.053200 0.080900 0.134400 0.080500 0.134400 0.162100 0.081300 0.192100 0.000000 0.103800 0.136200 0.054100 0.107200 0.108500 0.190400 0.080900 0.000000 0.161300 0.000000 0.081300 0.107600 0.082900 0.080900 0.165100 0.026000 0.138000 0.139400 0.160800 0.108300 0.054100 0.162500 0.054100 0.080900 0.026000 0.166800 0.188500 0.112600 0.107600 0.133600 0.000000 0.024100
KillerWhal 0.261800 0.230600 0.287600 0.000000 0.276300 0.261800 0.262500 0.385900 0.287600 0.230300 0.261800 0.299300 0.227200 0.290900 0.260900 0.290900 0.362400 0.264200 0.365300 0.287600 0.318100 0.296400 0.304400 0.293600 0.261800 0.361500 0.227200 0.287600 0.323200 0.287600 0.266500 0.259300 0.271100 0.227200 0.332500 0.258500 0.300900 0.343300 0.322700 0.297400 0.230300 0.326100 0.230300 0.227200 0.258500 0.259300 0.357100 0.232800 0.259300 0.288700 0.287600 0.317500
DefassaWat 0.086700 0.263000 0.084200 0.276300 0.000000 0.086700 0.086600 0.198100 0.084200 0.028900 0.086700 0.087300 0.057500 0.114200 0.057300 0.114200 0.143500 0.057800 0.174500 0.084200 0.140700 0.115900 0.088700 0.085700 0.086700 0.173100 0.057500 0.084200 0.142400 0.084200 0.058100 0.086000 0.059200 0.057500 0.146200 0.056800 0.117600 0.058100 0.142300 0.086500 0.028900 0.143600 0.027100 0.057500 0.053000 0.148400 0.171400 0.090500 0.086000 0.113500 0.084200 0.111500
Sheep 0.000000 0.284300 0.108500 0.261800 0.086700 0.000000 0.053900 0.131500 0.108500 0.055500 0.000000 0.112200 0.026800 0.080100 0.082700 0.080100 0.105100 0.083500 0.077300 0.108500 0.105600 0.025700 0.114000 0.110200 0.000000 0.135100 0.026800 0.108500 0.106800 0.108500 0.084000 0.053500 0.085400 0.026800 0.109400 0.082200 0.026000 0.143600 0.106500 0.111300 0.055500 0.107600 0.055500 0.026800 0.082200 0.110600 0.133800 0.115900 0.053500 0.079600 0.108500 0.134900
MaxwellsDu 0.053900 0.285500 0.107800 0.262500 0.086600 0.053900 0.000000 0.102800 0.107800 0.055500 0.053900 0.112100 0.026800 0.025800 0.082600 0.025800 0.166600 0.083400 0.107400 0.107800 0.105500 0.081100 0.113800 0.110100 0.053900 0.078300 0.026800 0.107800 0.051600 0.107800 0.083500 0.000100 0.085300 0.026800 0.109300 0.082100 0.082200 0.143600 0.051500 0.082400 0.055500 0.052000 0.055500 0.026800 0.082100 0.053600 0.077600 0.116000 0.000100 0.079600 0.107800 0.134000
GazellaPrz 0.131500 0.404400 0.214400 0.385900 0.198100 0.131500 0.102800 0.000000 0.214400 0.163700 0.131500 0.221200 0.131800 0.074200 0.189800 0.074200 0.245100 0.191900 0.127400 0.214400 0.151800 0.158700 0.224300 0.217500 0.131500 0.125200 0.131800 0.214400 0.099000 0.214400 0.133600 0.102100 0.195800 0.131800 0.216500 0.188900 0.160600 0.254400 0.098700 0.189800 0.163700 0.099700 0.163700 0.131800 0.188900 0.102100 0.124100 0.228000 0.102100 0.126900 0.214400 0.240100
MountainNy 0.108500 0.208400 0.000000 0.287600 0.084200 0.108500 0.107800 0.214400 0.000000 0.054100 0.108500 0.053200 0.080900 0.134400 0.080500 0.134400 0.162100 0.081300 0.192100 0.000000 0.103800 0.136200 0.054100 0.107200 0.108500 0.190400 0.080900 0.000000 0.161300 0.000000 0.081300 0.107600 0.082900 0.080900 0.165100 0.026000 0.138000 0.139400 0.160800 0.108300 0.054100 0.162500 0.054100 0.080900 0.026000 0.166800 0.188500 0.112600 0.107600 0.133600 0.000000 0.024800
MuntiacusM 0.055500 0.220000 0.054100 0.230300 0.028900 0.055500 0.055500 0.163700 0.054100 0.000000 0.055500 0.055900 0.027600 0.082400 0.027500 0.082400 0.110400 0.026100 0.139900 0.054100 0.108500 0.083500 0.056800 0.054900 0.055500 0.138700 0.027600 0.054100 0.109700 0.054100 0.027900 0.055100 0.028400 0.027600 0.112500 0.027300 0.084700 0.085900 0.109500 0.055400 0.000000 0.110600 0.000000 0.027600 0.027300 0.113900 0.137400 0.057800 0.055100 0.081900 0.054100 0.080500
goat 0.000000 0.284300 0.108500 0.261800 0.086700 0.000000 0.053900 0.131500 0.108500 0.055500 0.000000 0.112200 0.025700 0.080100 0.082700 0.080100 0.105100 0.083500 0.077300 0.108500 0.105600 0.025700 0.114000 0.110200 0.000000 0.135100 0.026800 0.108500 0.106800 0.108500 0.084000 0.053500 0.085400 0.026800 0.109400 0.082200 0.026000 0.143600 0.106500 0.111300 0.055500 0.107600 0.055500 0.026800 0.082200 0.110600 0.133800 0.115900 0.053500 0.079600 0.108500 0.134900
AfricanBuf 0.112200 0.216100 0.053200 0.299300 0.087300 0.112200 0.112100 0.221200 0.053200 0.055900 0.112200 0.000000 0.083600 0.138900 0.083200 0.138900 0.167600 0.084100 0.198500 0.053200 0.107000 0.140800 0.055900 0.110900 0.112200 0.196800 0.083600 0.053200 0.166700 0.053200 0.084600 0.111300 0.027900 0.084000 0.110700 0.025600 0.142800 0.144500 0.166100 0.112000 0.055900 0.167900 0.055900 0.083600 0.026900 0.172800 0.194700 0.116700 0.111300 0.138000 0.053200 0.079300
Topi 0.026800 0.250600 0.080900 0.227200 0.057500 0.026800 0.026800 0.131800 0.080900 0.027600 0.025700 0.083600 0.000000 0.053000 0.054800 0.053000 0.137700 0.055300 0.108000 0.080900 0.078700 0.053700 0.085000 0.082100 0.026800 0.107100 0.000000 0.080900 0.079500 0.080900 0.055700 0.026600 0.056600 0.000000 0.081500 0.051000 0.054500 0.114100 0.079300 0.082900 0.026100 0.080100 0.027600 0.000000 0.054500 0.082400 0.106100 0.086400 0.026600 0.052700 0.080900 0.107100
CommonDuik 0.080100 0.312400 0.134400 0.290900 0.114200 0.080100 0.025800 0.074200 0.134400 0.082400 0.080100 0.138900 0.053000 0.000000 0.109100 0.051200 0.192700 0.110200 0.077300 0.134400 0.130800 0.107200 0.140900 0.136400 0.080100 0.103600 0.053000 0.134400 0.076800 0.134400 0.053600 0.024300 0.112600 0.053000 0.135500 0.108500 0.108600 0.170500 0.076600 0.108800 0.082400 0.077400 0.082400 0.053000 0.108500 0.079500 0.102600 0.143300 0.025700 0.050900 0.134400 0.160300
Suni 0.082700 0.249400 0.080500 0.260900 0.057300 0.082700 0.082600 0.189800 0.080500 0.027500 0.082700 0.083200 0.054800 0.109100 0.000000 0.109100 0.137100 0.050900 0.166800 0.080500 0.134600 0.110700 0.084400 0.081800 0.082700 0.165500 0.054800 0.080500 0.136200 0.080500 0.055400 0.082100 0.056300 0.054800 0.139500 0.054200 0.112100 0.113700 0.136000 0.082500 0.027500 0.137300 0.027500 0.054800 0.054200 0.141400 0.163900 0.077600 0.082100 0.108400 0.080500 0.106600
Springbuck 0.080100 0.312400 0.134400 0.290900 0.114200 0.080100 0.025800 0.074200 0.134400 0.082400 0.080100 0.138900 0.053000 0.051200 0.109100 0.000000 0.192700 0.110200 0.133300 0.134400 0.076100 0.107200 0.140900 0.136400 0.080100 0.050200 0.053000 0.134400 0.023300 0.134400 0.111000 0.025700 0.112600 0.053000 0.135500 0.108500 0.108600 0.170500 0.024800 0.108800 0.082400 0.025000 0.082400 0.053000 0.108500 0.025700 0.049700 0.143300 0.024400 0.105200 0.134400 0.160300
Okapi 0.105100 0.346400 0.162100 0.362400 0.143500 0.105100 0.166600 0.245100 0.162100 0.110400 0.105100 0.167600 0.137700 0.192700 0.137100 0.192700 0.000000 0.080500 0.186200 0.162100 0.217900 0.131900 0.170000 0.164700 0.104000 0.251900 0.137700 0.162100 0.220600 0.162100 0.139400 0.165300 0.141500 0.137700 0.226000 0.136200 0.133600 0.200200 0.220100 0.166400 0.110400 0.222300 0.110400 0.137700 0.136200 0.228500 0.249200 0.173000 0.165300 0.191500 0.162100 0.188300
Giraffe 0.083500 0.252400 0.081300 0.264200 0.057800 0.083500 0.083400 0.191900 0.081300 0.026100 0.083500 0.084100 0.055300 0.110200 0.050900 0.110200 0.080500 0.000000 0.168600 0.081300 0.136100 0.111700 0.085500 0.082500 0.083500 0.166600 0.055300 0.081300 0.137600 0.081300 0.056000 0.082800 0.056900 0.051100 0.141200 0.054800 0.113300 0.114800 0.137300 0.083300 0.027800 0.138700 0.027800 0.055300 0.054800 0.142900 0.165500 0.086900 0.082800 0.109500 0.081300 0.107700
TibetanAnt 0.077300 0.384800 0.192100 0.365300 0.174500 0.077300 0.107400 0.127400 0.192100 0.139900 0.077300 0.198500 0.108000 0.077300 0.166800 0.133300 0.186200 0.168600 0.000000 0.192100 0.187200 0.103500 0.201400 0.165100 0.077300 0.189500 0.108000 0.192100 0.131900 0.192100 0.109300 0.106600 0.172200 0.108000 0.131900 0.165900 0.104800 0.200700 0.159700 0.134100 0.139900 0.161400 0.139900 0.108000 0.165900 0.165600 0.127700 0.139100 0.106600 0.103800 0.192100 0.218600
Sitatunga 0.108500 0.208400 0.000000 0.287600 0.084200 0.108500 0.107800 0.214400 0.000000 0.054100 0.108500 0.053200 0.080900 0.134400 0.080500 0.134400 0.162100 0.081300 0.192100 0.000000 0.103800 0.136200 0.054100 0.107200 0.108500 0.190400 0.080900 0.000000 0.161300 0.000000 0.081300 0.107600 0.082900 0.080900 0.165100 0.026000 0.138000 0.139400 0.160800 0.108300 0.054100 0.162500 0.054100 0.080900 0.026000 0.166800 0.188500 0.112600 0.107600 0.133600 0.000000 0.024300
Oribi 0.105600 0.269600 0.103800 0.318100 0.140700 0.105600 0.105500 0.151800 0.103800 0.108500 0.105600 0.107000 0.078700 0.130800 0.134600 0.076100 0.217900 0.136100 0.187200 0.103800 0.000000 0.104800 0.108600 0.161700 0.105600 0.101400 0.078700 0.103800 0.101500 0.103800 0.137100 0.104700 0.138900 0.078700 0.160900 0.078400 0.134300 0.196200 0.101100 0.163400 0.108500 0.102200 0.108500 0.078700 0.078400 0.104700 0.127000 0.170300 0.104700 0.130100 0.103800 0.129000
BarbaryShe 0.025700 0.317900 0.136200 0.296400 0.115900 0.025700 0.081100 0.158700 0.136200 0.083500 0.025700 0.140800 0.053700 0.107200 0.110700 0.107200 0.131900 0.111700 0.103500 0.136200 0.104800 0.000000 0.142900 0.138400 0.024300 0.103700 0.053700 0.136200 0.134000 0.136200 0.112500 0.080500 0.114200 0.053700 0.137200 0.109900 0.052100 0.173100 0.133800 0.139800 0.083500 0.135100 0.083500 0.053700 0.109900 0.138900 0.161400 0.145500 0.080500 0.106600 0.136200 0.162600
Daviddeer 0.114000 0.219800 0.054100 0.304400 0.088700 0.114000 0.113800 0.224300 0.054100 0.056800 0.114000 0.055900 0.085000 0.140900 0.084400 0.140900 0.170000 0.085500 0.201400 0.054100 0.108600 0.142900 0.000000 0.112500 0.114000 0.199500 0.085000 0.054100 0.169100 0.054100 0.086000 0.113000 0.087300 0.085000 0.173500 0.025900 0.145000 0.146700 0.168400 0.113700 0.056800 0.170300 0.056800 0.085000 0.026000 0.175400 0.197300 0.118500 0.113000 0.140000 0.054100 0.080500
Reindeer 0.110200 0.280600 0.107200 0.293600 0.085700 0.110200 0.110100 0.217500 0.107200 0.054900 0.110200 0.110900 0.082100 0.136400 0.081800 0.136400 0.164700 0.082500 0.165100 0.107200 0.161700 0.138400 0.112500 0.000000 0.110200 0.193400 0.082100 0.107200 0.105600 0.107200 0.083000 0.109300 0.084400 0.082100 0.138100 0.081200 0.140200 0.082400 0.163300 0.110000 0.051100 0.164900 0.054900 0.082100 0.081200 0.169700 0.105100 0.085000 0.109300 0.135500 0.107200 0.077900
Ibex 0.000000 0.284300 0.108500 0.261800 0.086700 0.000000 0.053900 0.131500 0.108500 0.055500 0.000000 0.112200 0.026800 0.080100 0.082700 0.080100 0.104000 0.083500 0.077300 0.108500 0.105600 0.024300 0.114000 0.110200 0.000000 0.135100 0.026800 0.108500 0.106800 0.108500 0.084000 0.053500 0.085400 0.026800 0.109400 0.082200 0.026000 0.143600 0.106500 0.111300 0.055500 0.107600 0.055500 0.026800 0.082200 0.110600 0.133800 0.115900 0.053500 0.079600 0.108500 0.134900
GyrantGaze 0.135100 0.381000 0.190400 0.361500 0.173100 0.135100 0.078300 0.125200 0.190400 0.138700 0.135100 0.196800 0.107100 0.103600 0.165500 0.050200 0.251900 0.166600 0.189500 0.190400 0.101400 0.103700 0.199500 0.193400 0.135100 0.000000 0.107100 0.190400 0.075300 0.190400 0.168600 0.077700 0.170800 0.107100 0.192200 0.164500 0.165000 0.230200 0.075100 0.165300 0.138700 0.024200 0.138700 0.107100 0.164500 0.077700 0.100600 0.203100 0.077700 0.159700 0.190400 0.216700
Hartebeest 0.026800 0.250600 0.080900 0.227200 0.057500 0.026800 0.026800 0.131800 0.080900 0.027600 0.026800 0.083600 0.000000 0.053000 0.054800 0.053000 0.137700 0.055300 0.108000 0.080900 0.078700 0.053700 0.085000 0.082100 0.026800 0.107100 0.000000 0.080900 0.079500 0.080900 0.055700 0.026600 0.056600 0.000000 0.081500 0.054500 0.054500 0.114100 0.079300 0.082900 0.027600 0.080100 0.026300 0.000000 0.054500 0.082400 0.106100 0.086400 0.026600 0.052700 0.080900 0.107100
Bongo 0.108500 0.208400 0.000000 0.287600 0.084200 0.108500 0.107800 0.214400 0.000000 0.054100 0.108500 0.053200 0.080900 0.134400 0.080500 0.134400 0.162100 0.081300 0.192100 0.000000 0.103800 0.136200 0.054100 0.107200 0.108500 0.190400 0.080900 0.000000 0.161300 0.000000 0.081300 0.107600 0.082900 0.080900 0.165100 0.026000 0.138000 0.139400 0.160800 0.108300 0.054100 0.162500 0.054100 0.080900 0.026000 0.166800 0.188500 0.112600 0.107600 0.133600 0.000000 0.024800
Gerenuk 0.106800 0.343800 0.161300 0.323200 0.142400 0.106800 0.051600 0.099000 0.161300 0.109700 0.106800 0.166700 0.079500 0.076800 0.136200 0.023300 0.220600 0.137600 0.131900 0.161300 0.101500 0.134000 0.169100 0.105600 0.106800 0.075300 0.079500 0.161300 0.000000 0.161300 0.138800 0.051300 0.140600 0.079500 0.134000 0.135500 0.135800 0.137200 0.049500 0.136000 0.109700 0.050000 0.109700 0.079500 0.135500 0.051300 0.049200 0.141500 0.051300 0.131500 0.161300 0.187200
CommonElan 0.108500 0.208400 0.000000 0.287600 0.084200 0.108500 0.107800 0.214400 0.000000 0.054100 0.108500 0.053200 0.080900 0.134400 0.080500 0.134400 0.162100 0.081300 0.192100 0.000000 0.103800 0.136200 0.054100 0.107200 0.108500 0.190400 0.080900 0.000000 0.161300 0.000000 0.081300 0.107600 0.082900 0.080900 0.165100 0.026000 0.138000 0.139400 0.160800 0.108300 0.054100 0.162500 0.054100 0.080900 0.026000 0.166800 0.188500 0.112600 0.107600 0.133600 0.000000 0.024300
MuntiacusR 0.084000 0.258500 0.081300 0.266500 0.058100 0.084000 0.083500 0.133600 0.081300 0.027900 0.084000 0.084600 0.055700 0.053600 0.055400 0.111000 0.139400 0.056000 0.109300 0.081300 0.137100 0.112500 0.086000 0.083000 0.084000 0.168600 0.055700 0.081300 0.138800 0.081300 0.000000 0.083400 0.057200 0.055700 0.142200 0.055100 0.114100 0.115500 0.138400 0.083800 0.027900 0.139800 0.027900 0.055700 0.055100 0.144000 0.166900 0.087500 0.083400 0.053300 0.081300 0.107800
HarveysDui 0.053500 0.281700 0.107600 0.259300 0.086000 0.053500 0.000100 0.102100 0.107600 0.055100 0.053500 0.111300 0.026600 0.024300 0.082100 0.025700 0.165300 0.082800 0.106600 0.107600 0.104700 0.080500 0.113000 0.109300 0.053500 0.077700 0.026600 0.107600 0.051300 0.107600 0.083400 0.000000 0.084700 0.025300 0.108400 0.081500 0.081600 0.142500 0.051200 0.081800 0.055100 0.051700 0.055100 0.025400 0.081500 0.053100 0.077100 0.115000 0.000000 0.079000 0.107600 0.133800
Pronghorn 0.085400 0.258400 0.082900 0.271100 0.059200 0.085400 0.085300 0.195800 0.082900 0.028400 0.085400 0.027900 0.056600 0.112600 0.056300 0.112600 0.141500 0.056900 0.172200 0.082900 0.138900 0.114200 0.087300 0.084400 0.085400 0.170800 0.056600 0.082900 0.140600 0.082900 0.057200 0.084700 0.000000 0.056600 0.084100 0.055900 0.115900 0.117500 0.140300 0.085100 0.026700 0.141700 0.028400 0.056600 0.055800 0.146100 0.169100 0.088900 0.084700 0.111900 0.082900 0.109800
BlueWildeb 0.026800 0.250600 0.080900 0.227200 0.057500 0.026800 0.026800 0.131800 0.080900 0.027600 0.026800 0.084000 0.000000 0.053000 0.054800 0.053000 0.137700 0.051100 0.108000 0.080900 0.078700 0.053700 0.085000 0.082100 0.026800 0.107100 0.000000 0.080900 0.079500 0.080900 0.055700 0.025300 0.056600 0.000000 0.081500 0.054500 0.054500 0.114100 0.079300 0.082900 0.026300 0.080100 0.026300 0.000000 0.054500 0.082400 0.106100 0.086400 0.026600 0.052700 0.080900 0.107100
Gemsbok 0.109400 0.352900 0.165100 0.332500 0.146200 0.109400 0.109300 0.216500 0.165100 0.112500 0.109400 0.110700 0.081500 0.135500 0.139500 0.135500 0.226000 0.141200 0.131900 0.165100 0.160900 0.137200 0.173500 0.138100 0.109400 0.192200 0.081500 0.165100 0.134000 0.165100 0.142200 0.108400 0.084100 0.081500 0.000000 0.138800 0.139100 0.172700 0.162100 0.169400 0.112500 0.164000 0.112500 0.081500 0.138800 0.168300 0.129700 0.112000 0.108400 0.134600 0.165100 0.191500
Yak 0.082200 0.180400 0.026000 0.258500 0.056800 0.082200 0.082100 0.188900 0.026000 0.027300 0.082200 0.025600 0.051000 0.108500 0.054200 0.108500 0.136200 0.054800 0.165900 0.026000 0.078400 0.109900 0.025900 0.081200 0.082200 0.164500 0.054500 0.026000 0.135500 0.026000 0.055100 0.081500 0.055900 0.054500 0.138800 0.000000 0.111500 0.112800 0.135100 0.082000 0.027300 0.136500 0.027300 0.054500 0.000000 0.140400 0.162900 0.085400 0.081500 0.107800 0.026000 0.051700
BlueSheep 0.026000 0.322500 0.138000 0.300900 0.117600 0.026000 0.082200 0.160600 0.138000 0.084700 0.026000 0.142800 0.054500 0.108600 0.112100 0.108600 0.133600 0.113300 0.104800 0.138000 0.134300 0.052100 0.145000 0.140200 0.026000 0.165000 0.054500 0.138000 0.135800 0.138000 0.114100 0.081600 0.115900 0.054500 0.139100 0.111500 0.000000 0.175500 0.135400 0.141700 0.084700 0.136800 0.084700 0.054500 0.111500 0.140700 0.163300 0.147500 0.081600 0.107900 0.138000 0.164700
BohorReedb 0.143600 0.326900 0.139400 0.343300 0.058100 0.143600 0.143600 0.254400 0.139400 0.085900 0.143600 0.144500 0.114100 0.170500 0.113700 0.170500 0.200200 0.114800 0.200700 0.139400 0.196200 0.173100 0.146700 0.082400 0.143600 0.230200 0.114100 0.139400 0.137200 0.139400 0.115500 0.142500 0.117500 0.114100 0.172700 0.112800 0.175500 0.000000 0.137600 0.143300 0.085900 0.200400 0.085900 0.114100 0.112800 0.206700 0.197100 0.118500 0.142500 0.169400 0.139400 0.166400
KirksDik 0.106500 0.343100 0.160800 0.322700 0.142300 0.106500 0.051500 0.098700 0.160800 0.109500 0.106500 0.166100 0.079300 0.076600 0.136000 0.024800 0.220100 0.137300 0.159700 0.160800 0.101100 0.133800 0.168400 0.163300 0.106500 0.075100 0.079300 0.160800 0.049500 0.160800 0.138400 0.051200 0.140300 0.079300 0.162100 0.135100 0.135400 0.137600 0.000000 0.135700 0.109500 0.049900 0.109500 0.079300 0.135100 0.051200 0.074500 0.171500 0.051200 0.131100 0.160800 0.186700
RoeDeer 0.111300 0.284000 0.108300 0.297400 0.086500 0.111300 0.082400 0.189800 0.108300 0.055400 0.111300 0.112000 0.082900 0.108800 0.082500 0.108800 0.166400 0.083300 0.134100 0.108300 0.163400 0.139800 0.113700 0.110000 0.111300 0.165300 0.082900 0.108300 0.136000 0.108300 0.083800 0.081800 0.085100 0.082900 0.169400 0.082000 0.141700 0.143300 0.135700 0.000000 0.055400 0.137100 0.055400 0.074900 0.082000 0.141100 0.163700 0.115700 0.081800 0.136900 0.108300 0.134600
WhiteLippe 0.055500 0.220000 0.054100 0.230300 0.028900 0.055500 0.055500 0.163700 0.054100 0.000000 0.055500 0.055900 0.026100 0.082400 0.027500 0.082400 0.110400 0.027800 0.139900 0.054100 0.108500 0.083500 0.056800 0.051100 0.055500 0.138700 0.027600 0.054100 0.109700 0.054100 0.027900 0.055100 0.026700 0.026300 0.112500 0.027300 0.084700 0.085900 0.109500 0.055400 0.000000 0.110600 0.000000 0.027600 0.026100 0.113900 0.137400 0.057800 0.055100 0.081900 0.054100 0.080500
ThomsonGaz 0.107600 0.346700 0.162500 0.326100 0.143600 0.107600 0.052000 0.099700 0.162500 0.110600 0.107600 0.167900 0.080100 0.077400 0.137300 0.025000 0.222300 0.138700 0.161400 0.162500 0.102200 0.135100 0.170300 0.164900 0.107600 0.024200 0.080100 0.162500 0.050000 0.162500 0.139800 0.051700 0.141700 0.080100 0.164000 0.136500 0.136800 0.200400 0.049900 0.137100 0.110600 0.000000 0.110600 0.080100 0.136500 0.051700 0.075200 0.173200 0.051700 0.132400 0.162500 0.188600
MuntiacusC 0.055300 0.220000 0.054100 0.230300 0.027100 0.055500 0.055500 0.163700 0.054100 0.000000 0.055500 0.055900 0.027600 0.082400 0.027500 0.082400 0.110400 0.027800 0.139900 0.054100 0.108500 0.083500 0.056800 0.054900 0.055500 0.138700 0.026300 0.054100 0.109700 0.054100 0.027900 0.055100 0.028400 0.026300 0.112500 0.027300 0.084700 0.085900 0.109500 0.055400 0.000000 0.110600 0.000000 0.027600 0.027300 0.113900 0.137400 0.057800 0.055100 0.081900 0.054100 0.080500
WhiteTaile 0.026800 0.250600 0.080900 0.227200 0.057500 0.026800 0.026800 0.131800 0.080900 0.027600 0.026800 0.083600 0.000000 0.053000 0.054800 0.053000 0.137700 0.055300 0.108000 0.080900 0.078700 0.053700 0.085000 0.082100 0.026800 0.107100 0.000000 0.080900 0.079500 0.080900 0.055700 0.025400 0.056600 0.000000 0.081500 0.054500 0.054500 0.114100 0.079300 0.074900 0.027600 0.080100 0.027600 0.000000 0.054500 0.082400 0.106100 0.086400 0.026600 0.052700 0.080900 0.107100
Cattle 0.082200 0.180400 0.026000 0.258500 0.053000 0.082200 0.082100 0.188900 0.026000 0.027300 0.082200 0.026900 0.054500 0.108500 0.054200 0.108500 0.136200 0.054800 0.165900 0.026000 0.078400 0.109900 0.026000 0.081200 0.082200 0.164500 0.054500 0.026000 0.135500 0.026000 0.055100 0.081500 0.055800 0.054500 0.138800 0.000000 0.111500 0.112800 0.135100 0.082000 0.026100 0.136500 0.027300 0.054500 0.000000 0.140400 0.162900 0.085400 0.081500 0.107800 0.026000 0.051700
RoyalAntel 0.110600 0.316100 0.166800 0.259300 0.148400 0.110600 0.053600 0.102100 0.166800 0.113900 0.110600 0.172800 0.082400 0.079500 0.141400 0.025700 0.228500 0.142900 0.165600 0.166800 0.104700 0.138900 0.175400 0.169700 0.110600 0.077700 0.082400 0.166800 0.051300 0.166800 0.144000 0.053100 0.146100 0.082400 0.168300 0.140400 0.140700 0.206700 0.051200 0.141100 0.113900 0.051700 0.113900 0.082400 0.140400 0.000000 0.077100 0.115000 0.053100 0.136000 0.166800 0.193600
Steenbok 0.133800 0.376400 0.188500 0.357100 0.171400 0.133800 0.077600 0.124100 0.188500 0.137400 0.133800 0.194700 0.106100 0.102600 0.163900 0.049700 0.249200 0.165500 0.127700 0.188500 0.127000 0.161400 0.197300 0.105100 0.133800 0.100600 0.106100 0.188500 0.049200 0.188500 0.166900 0.077100 0.169100 0.106100 0.129700 0.162900 0.163300 0.197100 0.074500 0.163700 0.137400 0.075200 0.137400 0.106100 0.162900 0.077100 0.000000 0.136900 0.077100 0.158200 0.188500 0.156400
Impala 0.115900 0.256400 0.112600 0.232800 0.090500 0.115900 0.116000 0.228000 0.112600 0.057800 0.115900 0.116700 0.086400 0.143300 0.077600 0.143300 0.173000 0.086900 0.139100 0.112600 0.170300 0.145500 0.118500 0.085000 0.115900 0.203100 0.086400 0.112600 0.141500 0.112600 0.087500 0.115000 0.088900 0.086400 0.112000 0.085400 0.147500 0.118500 0.171500 0.115700 0.057800 0.173200 0.057800 0.086400 0.085400 0.115000 0.136900 0.000000 0.115000 0.142400 0.112600 0.139800
Klipspring 0.053500 0.281700 0.107600 0.259300 0.086000 0.053500 0.000100 0.102100 0.107600 0.055100 0.053500 0.111300 0.026600 0.025700 0.082100 0.024400 0.165300 0.082800 0.106600 0.107600 0.104700 0.080500 0.113000 0.109300 0.053500 0.077700 0.026600 0.107600 0.051300 0.107600 0.083400 0.000000 0.084700 0.026600 0.108400 0.081500 0.081600 0.142500 0.051200 0.081800 0.055100 0.051700 0.055100 0.026600 0.081500 0.053100 0.077100 0.115000 0.000000 0.079000 0.107600 0.133800
ForestMusk 0.079600 0.310000 0.133600 0.288700 0.113500 0.079600 0.079600 0.126900 0.133600 0.081900 0.079600 0.138000 0.052700 0.050900 0.108400 0.105200 0.191500 0.109500 0.103800 0.133600 0.130100 0.106600 0.140000 0.135500 0.079600 0.159700 0.052700 0.133600 0.131500 0.133600 0.053300 0.079000 0.111900 0.052700 0.134600 0.107800 0.107900 0.169400 0.131100 0.136900 0.081900 0.132400 0.081900 0.052700 0.107800 0.136000 0.158200 0.142400 0.079000 0.000000 0.133600 0.159400
Bushbuck 0.108500 0.208400 0.000000 0.287600 0.084200 0.108500 0.107800 0.214400 0.000000 0.054100 0.108500 0.053200 0.080900 0.134400 0.080500 0.134400 0.162100 0.081300 0.192100 0.000000 0.103800 0.136200 0.054100 0.107200 0.108500 0.190400 0.080900 0.000000 0.161300 0.000000 0.081300 0.107600 0.082900 0.080900 0.165100 0.026000 0.138000 0.139400 0.160800 0.108300 0.054100 0.162500 0.054100 0.080900 0.026000 0.166800 0.188500 0.112600 0.107600 0.133600 0.000000 0.024800
GreaterKud 0.134900 0.236700 0.024100 0.317500 0.111500 0.134900 0.134000 0.240100 0.024800 0.080500 0.134900 0.079300 0.107100 0.160300 0.106600 0.160300 0.188300 0.107700 0.218600 0.024300 0.129000 0.162600 0.080500 0.077900 0.134900 0.216700 0.107100 0.024800 0.187200 0.024300 0.107800 0.133800 0.109800 0.107100 0.191500 0.051700 0.164700 0.166400 0.186700 0.134600 0.080500 0.188600 0.080500 0.107100 0.051700 0.193600 0.156400 0.139800 0.133800 0.159400 0.024800 0.000000
