1
52 1
Argali 0.000000 0.155300 0.036500 0.106000 0.023200 0.001800 0.026000 0.032600 0.037500 0.053000 0.008200 0.044600 0.022300 0.021300 0.028300 0.029900 0.045100 0.045500 0.010100 0.036500 0.032600 0.012000 0.046300 0.043100 0.010100 0.026000 0.018000 0.039400 0.026000 0.034600 0.056900 0.024100 0.050500 0.018500 0.020400 0.045400 0.014700 0.021300 0.033700 0.045300 0.046900 0.029800 0.051600 0.048900 0.041500 0.031500 0.029800 0.035500 0.026100 0.041400 0.036500 0.038300
LesserMous 0.155300 0.000000 0.160300 0.147400 0.159300 0.155400 0.150000 0.162700 0.160000 0.147500 0.151900 0.160600 0.159300 0.146700 0.157400 0.158400 0.141800 0.144300 0.154300 0.160000 0.162000 0.156000 0.138900 0.143100 0.155400 0.158300 0.157700 0.156600 0.155900 0.155200 0.152500 0.147800 0.147200 0.155200 0.155300 0.165600 0.161800 0.154700 0.158600 0.142400 0.140900 0.162400 0.145800 0.147700 0.160000 0.158700 0.158200 0.164100 0.162700 0.139100 0.158600 0.159600
LesserKudu 0.036500 0.160300 0.000000 0.114800 0.040200 0.038500 0.039400 0.049900 0.010000 0.053800 0.038200 0.038100 0.045100 0.036600 0.040700 0.049000 0.049300 0.051800 0.038300 0.009100 0.047500 0.042100 0.053900 0.046800 0.040100 0.043100 0.042600 0.013700 0.047000 0.009100 0.057700 0.037000 0.056300 0.043200 0.046200 0.042000 0.044400 0.038200 0.049500 0.052000 0.053900 0.048900 0.056300 0.052600 0.036600 0.044500 0.043100 0.044500 0.040300 0.046700 0.010900 0.010900
KillerWhal 0.106000 0.147400 0.114800 0.000000 0.106200 0.106100 0.104200 0.121400 0.115400 0.107900 0.107500 0.114400 0.111900 0.103500 0.114900 0.115000 0.102000 0.097100 0.107300 0.114300 0.116200 0.109800 0.101000 0.104600 0.108100 0.113900 0.110000 0.115400 0.112700 0.112000 0.113200 0.104600 0.111700 0.109000 0.111400 0.119200 0.111600 0.107300 0.119200 0.100500 0.103800 0.117300 0.105200 0.104700 0.113700 0.116800 0.116200 0.116800 0.112900 0.089800 0.116300 0.113100
DefassaWat 0.023200 0.159300 0.040200 0.106200 0.000000 0.025000 0.030800 0.035600 0.041100 0.056900 0.024100 0.048300 0.032700 0.026000 0.031200 0.036600 0.050000 0.045700 0.024100 0.040200 0.033600 0.026000 0.048800 0.048000 0.026000 0.030800 0.029800 0.043000 0.032700 0.038300 0.060800 0.028900 0.056000 0.030800 0.034700 0.049100 0.028800 0.011000 0.036600 0.047800 0.051800 0.034600 0.055500 0.053800 0.045200 0.033600 0.034600 0.040300 0.032800 0.042500 0.040100 0.042000
Sheep 0.001800 0.155400 0.038500 0.106100 0.025000 0.000000 0.027900 0.034600 0.039400 0.053000 0.010100 0.046600 0.024200 0.023200 0.030200 0.029900 0.047000 0.047500 0.012000 0.038500 0.034600 0.013800 0.048300 0.045000 0.011900 0.027900 0.019900 0.041300 0.028000 0.036500 0.056900 0.026000 0.052500 0.020400 0.022300 0.047400 0.016600 0.023200 0.035600 0.045400 0.048900 0.031800 0.051600 0.050900 0.043500 0.033500 0.031700 0.037400 0.028000 0.043400 0.038400 0.040300
MaxwellsDu 0.026000 0.150000 0.039400 0.104200 0.030800 0.027900 0.000000 0.036600 0.038300 0.050400 0.025100 0.047400 0.033700 0.013900 0.030300 0.035700 0.042600 0.044500 0.025100 0.039300 0.038500 0.028900 0.040200 0.042500 0.025100 0.033700 0.028900 0.040200 0.033700 0.037300 0.054300 0.015900 0.049200 0.028000 0.033700 0.048200 0.032700 0.028900 0.037600 0.042400 0.040500 0.035600 0.048900 0.048300 0.044300 0.033100 0.033100 0.041300 0.032300 0.037700 0.037300 0.039200
GazellaPrz 0.032600 0.162700 0.049900 0.121400 0.035600 0.034600 0.036600 0.000000 0.048900 0.059900 0.031700 0.056200 0.042400 0.029500 0.040900 0.027100 0.055900 0.053900 0.033700 0.049900 0.029800 0.037500 0.052800 0.052900 0.033600 0.025100 0.037500 0.052800 0.025100 0.048200 0.063900 0.034600 0.062300 0.038600 0.042400 0.057000 0.039400 0.032000 0.036600 0.053800 0.057800 0.025100 0.060500 0.058800 0.053000 0.033700 0.028000 0.046200 0.040500 0.050400 0.049800 0.051700
MountainNy 0.037500 0.160000 0.010000 0.115400 0.041100 0.039400 0.038300 0.048900 0.000000 0.052900 0.039100 0.039100 0.044100 0.035400 0.041600 0.050000 0.052300 0.052800 0.037300 0.006400 0.048500 0.043100 0.051100 0.047800 0.041100 0.044100 0.041700 0.007300 0.048000 0.008200 0.058700 0.037800 0.059700 0.042200 0.047200 0.041100 0.046000 0.039200 0.050600 0.051000 0.053000 0.048000 0.057300 0.053600 0.035700 0.043600 0.044100 0.046500 0.041300 0.049100 0.006400 0.008200
MuntiacusM 0.053000 0.147500 0.053800 0.107900 0.056900 0.053000 0.050400 0.059900 0.052900 0.000000 0.052000 0.060200 0.062000 0.050100 0.055500 0.063000 0.049100 0.048100 0.054000 0.053800 0.063900 0.058100 0.032500 0.029700 0.054000 0.060000 0.056000 0.056800 0.061000 0.051900 0.011900 0.053000 0.058100 0.059000 0.061000 0.065000 0.060100 0.053000 0.066000 0.032600 0.035500 0.063000 0.010100 0.033500 0.059000 0.053300 0.057000 0.065500 0.057100 0.047400 0.055700 0.055000
goat 0.008200 0.151900 0.038200 0.107500 0.024100 0.010100 0.025100 0.031700 0.039100 0.052000 0.000000 0.046300 0.023200 0.020300 0.029300 0.028900 0.042200 0.042600 0.011000 0.038200 0.033600 0.013800 0.045400 0.042100 0.005500 0.027000 0.019000 0.041000 0.025100 0.036300 0.055900 0.023200 0.052000 0.019400 0.021300 0.045100 0.015700 0.021300 0.034600 0.044400 0.045900 0.030800 0.050600 0.047900 0.043200 0.030600 0.028900 0.036400 0.027000 0.039500 0.038100 0.040000
AfricanBuf 0.044600 0.160600 0.038100 0.114400 0.048300 0.046600 0.047400 0.056200 0.039100 0.060200 0.046300 0.000000 0.053700 0.044400 0.049800 0.055000 0.053200 0.055700 0.046300 0.040000 0.056200 0.049600 0.055500 0.053600 0.046300 0.050000 0.050800 0.039100 0.053000 0.038100 0.062200 0.044400 0.060300 0.051400 0.053900 0.029700 0.052700 0.046300 0.055300 0.054900 0.056600 0.054500 0.062800 0.059500 0.024100 0.051200 0.051300 0.054300 0.047200 0.052500 0.041900 0.041800
Topi 0.022300 0.159300 0.045100 0.111900 0.032700 0.024200 0.033700 0.042400 0.044100 0.062000 0.023200 0.053700 0.000000 0.028900 0.038100 0.039600 0.055000 0.055000 0.023200 0.045100 0.038900 0.025100 0.053800 0.053000 0.025100 0.034700 0.010100 0.046000 0.037600 0.043200 0.065900 0.029900 0.060100 0.012900 0.024200 0.054500 0.029900 0.028900 0.038600 0.054800 0.056900 0.041500 0.061600 0.058900 0.050600 0.040900 0.038600 0.047200 0.035700 0.051400 0.043100 0.046900
CommonDuik 0.021300 0.146700 0.036600 0.103500 0.026000 0.023200 0.013900 0.029500 0.035400 0.050100 0.020300 0.044400 0.028900 0.000000 0.027400 0.029000 0.042200 0.042200 0.020400 0.036400 0.031800 0.024200 0.037300 0.040300 0.020400 0.027000 0.024200 0.037300 0.027100 0.034500 0.054000 0.012000 0.048200 0.023300 0.029000 0.045200 0.028000 0.024100 0.032800 0.042100 0.040300 0.028900 0.048700 0.046100 0.041300 0.027900 0.028900 0.036500 0.027000 0.038900 0.034400 0.038200
Suni 0.028300 0.157400 0.040700 0.114900 0.031200 0.030200 0.030300 0.040900 0.041600 0.055500 0.029300 0.049800 0.038100 0.027400 0.000000 0.040000 0.049600 0.049600 0.029300 0.040700 0.040900 0.033500 0.049800 0.043300 0.031200 0.036100 0.033200 0.043600 0.038000 0.038700 0.059400 0.030300 0.053600 0.034200 0.038000 0.052600 0.036100 0.031200 0.042000 0.049300 0.052900 0.039900 0.053000 0.049200 0.048700 0.034100 0.036100 0.042800 0.033200 0.046200 0.040600 0.042500
Springbuck 0.029900 0.158400 0.049000 0.115000 0.036600 0.029900 0.035700 0.027100 0.050000 0.063000 0.028900 0.055000 0.039600 0.029000 0.040000 0.000000 0.055000 0.055000 0.030900 0.049000 0.025200 0.034700 0.055800 0.053500 0.029900 0.014800 0.035700 0.051900 0.009200 0.047100 0.067000 0.033700 0.061100 0.036700 0.038600 0.058100 0.034700 0.034700 0.033800 0.053400 0.057900 0.022300 0.059600 0.059500 0.054100 0.038500 0.025200 0.047200 0.039600 0.051400 0.048900 0.050800
Okapi 0.045100 0.141800 0.049300 0.102000 0.050000 0.047000 0.042600 0.055900 0.052300 0.049100 0.042200 0.053200 0.055000 0.042200 0.049600 0.055000 0.000000 0.015600 0.046100 0.050300 0.057400 0.050000 0.044900 0.038400 0.046000 0.053000 0.050000 0.052200 0.053000 0.049300 0.051000 0.041300 0.043200 0.051100 0.053000 0.059800 0.052000 0.046100 0.055000 0.043000 0.046000 0.055400 0.050700 0.044100 0.053900 0.051000 0.049100 0.056500 0.051100 0.042500 0.053200 0.052500
Giraffe 0.045500 0.144300 0.051800 0.097100 0.045700 0.047500 0.044500 0.053900 0.052800 0.048100 0.042600 0.055700 0.055000 0.042200 0.049600 0.055000 0.015600 0.000000 0.046100 0.051800 0.055900 0.050500 0.042000 0.040300 0.046500 0.053400 0.048000 0.052800 0.053000 0.049800 0.052000 0.043200 0.047100 0.051100 0.053300 0.060300 0.052500 0.046100 0.057000 0.041100 0.046000 0.053800 0.049700 0.046000 0.054400 0.047100 0.049100 0.055500 0.051100 0.042500 0.053700 0.053000
TibetanAnt 0.010100 0.154300 0.038300 0.107300 0.024100 0.012000 0.025100 0.033700 0.037300 0.054000 0.011000 0.046300 0.023200 0.020400 0.029300 0.030900 0.046100 0.046100 0.000000 0.038300 0.031800 0.014800 0.046900 0.044100 0.012900 0.027000 0.018500 0.039200 0.027100 0.036400 0.057900 0.023200 0.052100 0.019500 0.023300 0.047100 0.017600 0.022300 0.034700 0.045900 0.049900 0.030900 0.052600 0.050000 0.043300 0.032100 0.030800 0.038400 0.027100 0.042500 0.038200 0.040100
Sitatunga 0.036500 0.160000 0.009100 0.114300 0.040200 0.038500 0.039300 0.049900 0.006400 0.053800 0.038200 0.040000 0.045100 0.036400 0.040700 0.049000 0.050300 0.051800 0.038300 0.000000 0.047500 0.042100 0.054000 0.046800 0.040100 0.043100 0.042600 0.010000 0.047000 0.005500 0.059700 0.038800 0.058400 0.043200 0.046200 0.042000 0.045000 0.038200 0.049600 0.052000 0.054000 0.049000 0.056300 0.052700 0.036600 0.044500 0.043100 0.045600 0.040300 0.048100 0.007300 0.005400
Oribi 0.032600 0.162000 0.047500 0.116200 0.033600 0.034600 0.038500 0.029800 0.048500 0.063900 0.033600 0.056200 0.038900 0.031800 0.040900 0.025200 0.057400 0.055900 0.031800 0.047500 0.000000 0.037500 0.056700 0.055800 0.034600 0.019500 0.034600 0.050400 0.023200 0.045600 0.067900 0.036500 0.062000 0.037600 0.041400 0.056900 0.038500 0.032700 0.032400 0.055700 0.059700 0.025100 0.063500 0.061200 0.053000 0.040400 0.026100 0.046100 0.040500 0.052300 0.047500 0.049300
BarbaryShe 0.012000 0.156000 0.042100 0.109800 0.026000 0.013800 0.028900 0.037500 0.043100 0.058100 0.013800 0.049600 0.025100 0.024200 0.033500 0.034700 0.050000 0.050500 0.014800 0.042100 0.037500 0.000000 0.049400 0.048000 0.015700 0.030800 0.020900 0.045000 0.030900 0.040200 0.062000 0.027000 0.056000 0.019500 0.025100 0.051100 0.015700 0.023200 0.036600 0.050300 0.049900 0.034700 0.056600 0.053900 0.047200 0.036400 0.034700 0.042300 0.030900 0.045900 0.042100 0.043900
Daviddeer 0.046300 0.138900 0.053900 0.101000 0.048800 0.048300 0.040200 0.052800 0.051100 0.032500 0.045400 0.055500 0.053800 0.037300 0.049800 0.055800 0.044900 0.042000 0.046900 0.054000 0.056700 0.049400 0.000000 0.028700 0.047300 0.053800 0.046900 0.054900 0.053800 0.052000 0.037300 0.040200 0.051900 0.046000 0.052200 0.059200 0.053300 0.046900 0.057800 0.023900 0.011900 0.053800 0.033500 0.030600 0.053300 0.048900 0.051900 0.060200 0.051900 0.043800 0.053900 0.055800
Reindeer 0.043100 0.143100 0.046800 0.104600 0.048000 0.045000 0.042500 0.052900 0.047800 0.029700 0.042100 0.053600 0.053000 0.040300 0.043300 0.053500 0.038400 0.040300 0.044100 0.046800 0.055800 0.048000 0.028700 0.000000 0.044100 0.051500 0.048000 0.047800 0.051500 0.044900 0.034500 0.043200 0.047100 0.049100 0.051300 0.057800 0.050000 0.044100 0.057000 0.026800 0.029700 0.055400 0.028800 0.005500 0.052200 0.047300 0.049100 0.057300 0.049100 0.041500 0.048700 0.048000
Ibex 0.010100 0.155400 0.040100 0.108100 0.026000 0.011900 0.025100 0.033600 0.041100 0.054000 0.005500 0.046300 0.025100 0.020400 0.031200 0.029900 0.046000 0.046500 0.012900 0.040100 0.034600 0.015700 0.047300 0.044100 0.000000 0.028900 0.020900 0.043000 0.026100 0.038200 0.057900 0.023200 0.054000 0.021300 0.023200 0.047100 0.017500 0.023200 0.036600 0.046400 0.047900 0.030800 0.052600 0.049900 0.045100 0.032500 0.030800 0.038400 0.028900 0.041500 0.040100 0.041900
GyrantGaze 0.026000 0.158300 0.043100 0.113900 0.030800 0.027900 0.033700 0.025100 0.044100 0.060000 0.027000 0.050000 0.034700 0.027000 0.036100 0.014800 0.053000 0.053400 0.027000 0.043100 0.019500 0.030800 0.053800 0.051500 0.028900 0.000000 0.031800 0.046000 0.014800 0.041200 0.063900 0.031800 0.057100 0.032800 0.036600 0.052100 0.030800 0.028900 0.028000 0.053300 0.055900 0.011100 0.059600 0.057400 0.048200 0.036800 0.023200 0.043300 0.035700 0.049400 0.043100 0.045000
Hartebeest 0.018000 0.157700 0.042600 0.110000 0.029800 0.019900 0.028900 0.037500 0.041700 0.056000 0.019000 0.050800 0.010100 0.024200 0.033200 0.035700 0.050000 0.048000 0.018500 0.042600 0.034600 0.020900 0.046900 0.048000 0.020900 0.031800 0.000000 0.043600 0.033700 0.040700 0.059900 0.027000 0.055100 0.008300 0.021300 0.051600 0.025800 0.026000 0.037600 0.047900 0.051900 0.036600 0.054600 0.053900 0.047700 0.034100 0.033700 0.040300 0.030900 0.046400 0.040700 0.044400
Bongo 0.039400 0.156600 0.013700 0.115400 0.043000 0.041300 0.040200 0.052800 0.007300 0.056800 0.041000 0.039100 0.046000 0.037300 0.043600 0.051900 0.052200 0.052800 0.039200 0.010000 0.050400 0.045000 0.054900 0.047800 0.043000 0.046000 0.043600 0.000000 0.049900 0.010000 0.062600 0.039700 0.059300 0.044100 0.049100 0.041100 0.047900 0.041100 0.052500 0.054900 0.054900 0.051800 0.059300 0.053600 0.035600 0.046500 0.046000 0.050400 0.043200 0.051000 0.010000 0.010000
Gerenuk 0.026000 0.155900 0.047000 0.112700 0.032700 0.028000 0.033700 0.025100 0.048000 0.061000 0.025100 0.053000 0.037600 0.027100 0.038000 0.009200 0.053000 0.053000 0.027100 0.047000 0.023200 0.030900 0.053800 0.051500 0.026100 0.014800 0.033700 0.049900 0.000000 0.045100 0.065000 0.031800 0.057100 0.034800 0.036700 0.056100 0.030900 0.030800 0.031900 0.053300 0.055900 0.020400 0.059600 0.057400 0.052100 0.036600 0.023300 0.045200 0.036700 0.049400 0.047000 0.048900
CommonElan 0.034600 0.155200 0.009100 0.112000 0.038300 0.036500 0.037300 0.048200 0.008200 0.051900 0.036300 0.038100 0.043200 0.034500 0.038700 0.047100 0.049300 0.049800 0.036400 0.005500 0.045600 0.040200 0.052000 0.044900 0.038200 0.041200 0.040700 0.010000 0.045100 0.000000 0.057700 0.036800 0.056400 0.041200 0.044300 0.040100 0.043100 0.036300 0.047600 0.050000 0.052000 0.047000 0.054300 0.050700 0.034700 0.042600 0.041200 0.045500 0.038400 0.046200 0.007300 0.007300
MuntiacusR 0.056900 0.152500 0.057700 0.113200 0.060800 0.056900 0.054300 0.063900 0.058700 0.011900 0.055900 0.062200 0.065900 0.054000 0.059400 0.067000 0.051000 0.052000 0.057900 0.059700 0.067900 0.062000 0.037300 0.034500 0.057900 0.063900 0.059900 0.062600 0.065000 0.057700 0.000000 0.053000 0.060000 0.063000 0.064900 0.069000 0.064000 0.056900 0.070300 0.037300 0.040200 0.066900 0.014700 0.038300 0.063000 0.057200 0.062900 0.070400 0.061000 0.051300 0.061600 0.060900
HarveysDui 0.024100 0.147800 0.037000 0.104600 0.028900 0.026000 0.015900 0.034600 0.037800 0.053000 0.023200 0.044400 0.029900 0.012000 0.030300 0.033700 0.041300 0.043200 0.023200 0.038800 0.036500 0.027000 0.040200 0.043200 0.023200 0.031800 0.027000 0.039700 0.031800 0.036800 0.053000 0.000000 0.049100 0.026100 0.029900 0.047100 0.030800 0.027000 0.033800 0.045000 0.043100 0.033700 0.051600 0.049000 0.043300 0.031000 0.030800 0.038400 0.029900 0.041600 0.036800 0.039800
Pronghorn 0.050500 0.147200 0.056300 0.111700 0.056000 0.052500 0.049200 0.062300 0.059700 0.058100 0.052000 0.060300 0.060100 0.048200 0.053600 0.061100 0.043200 0.047100 0.052100 0.058400 0.062000 0.056000 0.051900 0.047100 0.054000 0.057100 0.055100 0.059300 0.057100 0.056400 0.060000 0.049100 0.000000 0.056100 0.058400 0.066700 0.059000 0.050100 0.061200 0.053800 0.054900 0.061100 0.057600 0.053000 0.060800 0.055100 0.059100 0.062500 0.053900 0.051400 0.060300 0.060200
BlueWildeb 0.018500 0.155200 0.043200 0.109000 0.030800 0.020400 0.028000 0.038600 0.042200 0.059000 0.019400 0.051400 0.012900 0.023300 0.034200 0.036700 0.051100 0.051100 0.019500 0.043200 0.037600 0.019500 0.046000 0.049100 0.021300 0.032800 0.008300 0.044100 0.034800 0.041200 0.063000 0.026100 0.056100 0.000000 0.020400 0.050200 0.026100 0.027000 0.036700 0.050900 0.051000 0.037600 0.057700 0.053000 0.046300 0.037000 0.034700 0.043300 0.031900 0.048000 0.041200 0.045000
Gemsbok 0.020400 0.155300 0.046200 0.111400 0.034700 0.022300 0.033700 0.042400 0.047200 0.061000 0.021300 0.053900 0.024200 0.029000 0.038000 0.038600 0.053000 0.053300 0.023300 0.046200 0.041400 0.025100 0.052200 0.051300 0.023200 0.036600 0.021300 0.049100 0.036700 0.044300 0.064900 0.029900 0.058400 0.020400 0.000000 0.056300 0.028900 0.032700 0.038600 0.053100 0.053200 0.041500 0.059500 0.057200 0.051300 0.040800 0.038600 0.044300 0.035700 0.050000 0.047100 0.048000
Yak 0.045400 0.165600 0.042000 0.119200 0.049100 0.047400 0.048200 0.057000 0.041100 0.065000 0.045100 0.029700 0.054500 0.045200 0.052600 0.058100 0.059800 0.060300 0.047100 0.042000 0.056900 0.051100 0.059200 0.057800 0.047100 0.052100 0.051600 0.041100 0.056100 0.040100 0.069000 0.047100 0.066700 0.050200 0.056300 0.000000 0.054000 0.047100 0.056100 0.059100 0.063100 0.056100 0.067500 0.061700 0.005500 0.052900 0.054000 0.059900 0.047300 0.057100 0.042000 0.043900
BlueSheep 0.014700 0.161800 0.044400 0.111600 0.028800 0.016600 0.032700 0.039400 0.046000 0.060100 0.015700 0.052700 0.029900 0.028000 0.036100 0.034700 0.052000 0.052500 0.017600 0.045000 0.038500 0.015700 0.053300 0.050000 0.017500 0.030800 0.025800 0.047900 0.030900 0.043100 0.064000 0.030800 0.059000 0.026100 0.028900 0.054000 0.000000 0.026000 0.039500 0.052300 0.055800 0.035600 0.058700 0.054900 0.050100 0.038500 0.036600 0.045200 0.033800 0.047400 0.045000 0.046800
BohorReedb 0.021300 0.154700 0.038200 0.107300 0.011000 0.023200 0.028900 0.032000 0.039200 0.053000 0.021300 0.046300 0.028900 0.024100 0.031200 0.034700 0.046100 0.046100 0.022300 0.038200 0.032700 0.023200 0.046900 0.044100 0.023200 0.028900 0.026000 0.041100 0.030800 0.036300 0.056900 0.027000 0.050100 0.027000 0.032700 0.047100 0.026000 0.000000 0.034700 0.045900 0.049900 0.032700 0.052500 0.048400 0.043200 0.029800 0.033000 0.038400 0.030800 0.038600 0.038200 0.040100
KirksDik 0.033700 0.158600 0.049500 0.119200 0.036600 0.035600 0.037600 0.036600 0.050600 0.066000 0.034600 0.055300 0.038600 0.032800 0.042000 0.033800 0.055000 0.057000 0.034700 0.049600 0.032400 0.036600 0.057800 0.057000 0.036600 0.028000 0.037600 0.052500 0.031900 0.047600 0.070300 0.033800 0.061200 0.036700 0.038600 0.056100 0.039500 0.034700 0.000000 0.058800 0.060900 0.035700 0.065900 0.063500 0.052100 0.042400 0.029900 0.048600 0.041600 0.055900 0.049500 0.051400
RoeDeer 0.045300 0.142400 0.052000 0.100500 0.047800 0.045400 0.042400 0.053800 0.051000 0.032600 0.044400 0.054900 0.054800 0.042100 0.049300 0.053400 0.043000 0.041100 0.045900 0.052000 0.055700 0.050300 0.023900 0.026800 0.046400 0.053300 0.047900 0.054900 0.053300 0.050000 0.037300 0.045000 0.053800 0.050900 0.053100 0.059100 0.052300 0.045900 0.058800 0.000000 0.026800 0.053300 0.031600 0.031200 0.053200 0.047900 0.048900 0.059200 0.050900 0.039400 0.053900 0.053100
WhiteLippe 0.046900 0.140900 0.053900 0.103800 0.051800 0.048900 0.040500 0.057800 0.053000 0.035500 0.045900 0.056600 0.056900 0.040300 0.052900 0.057900 0.046000 0.046000 0.049900 0.054000 0.059700 0.049900 0.011900 0.029700 0.047900 0.055900 0.051900 0.054900 0.055900 0.052000 0.040200 0.043100 0.054900 0.051000 0.053200 0.063100 0.055800 0.049900 0.060900 0.026800 0.000000 0.057800 0.034500 0.033500 0.057200 0.055800 0.052900 0.061300 0.054400 0.044900 0.053900 0.055100
ThomsonGaz 0.029800 0.162400 0.048900 0.117300 0.034600 0.031800 0.035600 0.025100 0.048000 0.063000 0.030800 0.054500 0.041500 0.028900 0.039900 0.022300 0.055400 0.053800 0.030900 0.049000 0.025100 0.034700 0.053800 0.055400 0.030800 0.011100 0.036600 0.051800 0.020400 0.047000 0.066900 0.033700 0.061100 0.037600 0.041500 0.056100 0.035600 0.032700 0.035700 0.053300 0.057800 0.000000 0.063500 0.061300 0.052100 0.036600 0.028900 0.047100 0.039600 0.053300 0.048900 0.050800
MuntiacusC 0.051600 0.145800 0.056300 0.105200 0.055500 0.051600 0.048900 0.060500 0.057300 0.010100 0.050600 0.062800 0.061600 0.048700 0.053000 0.059600 0.050700 0.049700 0.052600 0.056300 0.063500 0.056600 0.033500 0.028800 0.052600 0.059600 0.054600 0.059300 0.059600 0.054300 0.014700 0.051600 0.057600 0.057700 0.059500 0.067500 0.058700 0.052500 0.065900 0.031600 0.034500 0.063500 0.000000 0.032600 0.061600 0.053800 0.057600 0.066000 0.055700 0.044900 0.058200 0.057500
WhiteTaile 0.048900 0.147700 0.052600 0.104700 0.053800 0.050900 0.048300 0.058800 0.053600 0.033500 0.047900 0.059500 0.058900 0.046100 0.049200 0.059500 0.044100 0.046000 0.050000 0.052700 0.061200 0.053900 0.030600 0.005500 0.049900 0.057400 0.053900 0.053600 0.057400 0.050700 0.038300 0.049000 0.053000 0.053000 0.057200 0.061700 0.054900 0.048400 0.063500 0.031200 0.033500 0.061300 0.032600 0.000000 0.056100 0.053200 0.054900 0.063300 0.055000 0.043400 0.054500 0.053800
Cattle 0.041500 0.160000 0.036600 0.113700 0.045200 0.043500 0.044300 0.053000 0.035700 0.059000 0.043200 0.024100 0.050600 0.041300 0.048700 0.054100 0.053900 0.054400 0.043300 0.036600 0.053000 0.047200 0.053300 0.052200 0.045100 0.048200 0.047700 0.035600 0.052100 0.034700 0.063000 0.043300 0.060800 0.046300 0.051300 0.005500 0.050100 0.043200 0.052100 0.053200 0.057200 0.052100 0.061600 0.056100 0.000000 0.048700 0.050100 0.054000 0.043400 0.051200 0.038500 0.038400
RoyalAntel 0.031500 0.158700 0.044500 0.116800 0.033600 0.033500 0.033100 0.033700 0.043600 0.053300 0.030600 0.051200 0.040900 0.027900 0.034100 0.038500 0.051000 0.047100 0.032100 0.044500 0.040400 0.036400 0.048900 0.047300 0.032500 0.036800 0.034100 0.046500 0.036600 0.042600 0.057200 0.031000 0.055100 0.037000 0.040800 0.052900 0.038500 0.029800 0.042400 0.047900 0.055800 0.036600 0.053800 0.053200 0.048700 0.000000 0.035600 0.041300 0.032200 0.044500 0.044500 0.046400
Steenbok 0.029800 0.158200 0.043100 0.116200 0.034600 0.031700 0.033100 0.028000 0.044100 0.057000 0.028900 0.051300 0.038600 0.028900 0.036100 0.025200 0.049100 0.049100 0.030800 0.043100 0.026100 0.034700 0.051900 0.049100 0.030800 0.023200 0.033700 0.046000 0.023300 0.041200 0.062900 0.030800 0.059100 0.034700 0.038600 0.054000 0.036600 0.033000 0.029900 0.048900 0.052900 0.028900 0.057600 0.054900 0.050100 0.035600 0.000000 0.041400 0.037600 0.047500 0.043100 0.044300
Impala 0.035500 0.164100 0.044500 0.116800 0.040300 0.037400 0.041300 0.046200 0.046500 0.065500 0.036400 0.054300 0.047200 0.036500 0.042800 0.047200 0.056500 0.055500 0.038400 0.045600 0.046100 0.042300 0.060200 0.057300 0.038400 0.043300 0.040300 0.050400 0.045200 0.045500 0.070400 0.038400 0.062500 0.043300 0.044300 0.059900 0.045200 0.038400 0.048600 0.059200 0.061300 0.047100 0.066000 0.063300 0.054000 0.041300 0.041400 0.000000 0.043400 0.049900 0.047400 0.047400
Klipspring 0.026100 0.162700 0.040300 0.112900 0.032800 0.028000 0.032300 0.040500 0.041300 0.057100 0.027000 0.047200 0.035700 0.027000 0.033200 0.039600 0.051100 0.051100 0.027100 0.040300 0.040500 0.030900 0.051900 0.049100 0.028900 0.035700 0.030900 0.043200 0.036700 0.038400 0.061000 0.029900 0.053900 0.031900 0.035700 0.047300 0.033800 0.030800 0.041600 0.050900 0.054400 0.039600 0.055700 0.055000 0.043400 0.032200 0.037600 0.043400 0.000000 0.045600 0.040200 0.042100
ForestMusk 0.041400 0.139100 0.046700 0.089800 0.042500 0.043400 0.037700 0.050400 0.049100 0.047400 0.039500 0.052500 0.051400 0.038900 0.046200 0.051400 0.042500 0.042500 0.042500 0.048100 0.052300 0.045900 0.043800 0.041500 0.041500 0.049400 0.046400 0.051000 0.049400 0.046200 0.051300 0.041600 0.051400 0.048000 0.050000 0.057100 0.047400 0.038600 0.055900 0.039400 0.044900 0.053300 0.044900 0.043400 0.051200 0.044500 0.047500 0.049900 0.045600 0.000000 0.048100 0.050000
Bushbuck 0.036500 0.158600 0.010900 0.116300 0.040100 0.038400 0.037300 0.049800 0.006400 0.055700 0.038100 0.041900 0.043100 0.034400 0.040600 0.048900 0.053200 0.053700 0.038200 0.007300 0.047500 0.042100 0.053900 0.048700 0.040100 0.043100 0.040700 0.010000 0.047000 0.007300 0.061600 0.036800 0.060300 0.041200 0.047100 0.042000 0.045000 0.038200 0.049500 0.053900 0.053900 0.048900 0.058200 0.054500 0.038500 0.044500 0.043100 0.047400 0.040200 0.048100 0.000000 0.009100
GreaterKud 0.038300 0.159600 0.010900 0.113100 0.042000 0.040300 0.039200 0.051700 0.008200 0.055000 0.040000 0.041800 0.046900 0.038200 0.042500 0.050800 0.052500 0.053000 0.040100 0.005400 0.049300 0.043900 0.055800 0.048000 0.041900 0.045000 0.044400 0.010000 0.048900 0.007300 0.060900 0.039800 0.060200 0.045000 0.048000 0.043900 0.046800 0.040100 0.051400 0.053100 0.055100 0.050800 0.057500 0.053800 0.038400 0.046400 0.044300 0.047400 0.042100 0.050000 0.009100 0.000000
