CODONML (in paml version 4.10.7, June 2023)  /home/rachel/ruminants_paml/6406-phy-tree/ENSBTAT00000012769.fasta.phy
Model: free dN/dS Ratios for branches,  kappa = 2.000 fixed

Codon frequency model: F3x4
ns =  54  ls =  52

Codon usage in sequences
--------------------------------------------------------------------------------------------------------------------------------------
Phe TTT   1   1   1   1   1   1 | Ser TCT   0   1   0   0   0   0 | Tyr TAT   0   0   0   0   0   0 | Cys TGT   1   1   1   1   1   1
    TTC   0   0   0   0   0   0 |     TCC   1   1   1   1   1   1 |     TAC   0   0   0   0   0   0 |     TGC   1   1   1   1   1   1
Leu TTA   0   0   0   0   0   0 |     TCA   0   0   1   0   1   0 | *** TAA   0   0   0   0   0   0 | *** TGA   0   0   0   0   0   0
    TTG   1   2   2   1   1   1 |     TCG   1   0   0   1   0   1 |     TAG   0   0   0   0   0   0 | Trp TGG   1   1   1   1   1   1
--------------------------------------------------------------------------------------------------------------------------------------
Leu CTT   1   1   1   1   1   1 | Pro CCT   1   0   1   1   1   1 | His CAT   1   1   1   1   0   0 | Arg CGT   0   0   0   0   0   0
    CTC   0   0   0   0   0   1 |     CCC   0   1   0   0   1   0 |     CAC   1   1   1   1   2   2 |     CGC   1   1   1   1   1   1
    CTA   0   0   0   0   0   0 |     CCA   1   1   1   1   0   1 | Gln CAA   2   2   2   2   2   2 |     CGA   0   0   0   0   0   0
    CTG   6   5   5   6   6   5 |     CCG   0   0   0   0   0   0 |     CAG   1   1   1   1   1   1 |     CGG   0   0   0   0   0   0
--------------------------------------------------------------------------------------------------------------------------------------
Ile ATT   1   1   1   1   1   1 | Thr ACT   0   0   0   0   0   0 | Asn AAT   2   1   1   2   2   2 | Ser AGT   0   0   0   0   0   0
    ATC   1   2   1   1   1   1 |     ACC   0   0   0   0   0   0 |     AAC   1   2   2   1   1   1 |     AGC   0   0   0   0   0   0
    ATA   1   0   1   1   1   1 |     ACA   0   0   0   0   0   0 | Lys AAA   1   0   1   2   1   1 | Arg AGA   0   0   0   0   0   0
Met ATG   0   0   0   0   0   0 |     ACG   0   0   0   0   0   0 |     AAG   5   6   5   4   5   5 |     AGG   1   1   1   1   1   1
--------------------------------------------------------------------------------------------------------------------------------------
Val GTT   1   1   1   1   1   1 | Ala GCT   1   1   1   1   0   1 | Asp GAT   1   1   1   1   1   1 | Gly GGT   0   0   0   0   0   0
    GTC   0   0   0   0   0   0 |     GCC   1   1   1   1   2   1 |     GAC   2   2   1   2   2   2 |     GGC   0   0   0   0   0   0
    GTA   0   0   0   0   0   0 |     GCA   3   4   2   1   1   2 | Glu GAA   3   3   3   3   4   4 |     GGA   0   0   0   0   0   0
    GTG   2   2   2   2   2   2 |     GCG   1   0   2   3   3   2 |     GAG   2   2   3   2   1   1 |     GGG   0   0   0   0   0   0
--------------------------------------------------------------------------------------------------------------------------------------

--------------------------------------------------------------------------------------------------------------------------------------
Phe TTT   1   1   1   1   1   1 | Ser TCT   0   0   0   0   0   0 | Tyr TAT   0   0   0   0   0   0 | Cys TGT   1   1   1   1   1   2
    TTC   0   0   0   0   0   0 |     TCC   1   1   1   1   1   1 |     TAC   0   0   0   0   0   0 |     TGC   1   1   1   1   1   0
Leu TTA   0   0   0   0   0   0 |     TCA   0   0   0   1   0   0 | *** TAA   0   0   0   0   0   0 | *** TGA   0   0   0   0   0   0
    TTG   1   1   1   1   2   1 |     TCG   1   1   1   0   1   1 |     TAG   0   0   0   0   0   0 | Trp TGG   1   1   1   1   1   1
--------------------------------------------------------------------------------------------------------------------------------------
Leu CTT   1   1   1   1   1   1 | Pro CCT   1   1   1   1   1   1 | His CAT   1   1   1   1   1   1 | Arg CGT   0   0   0   0   0   0
    CTC   0   0   0   0   0   0 |     CCC   0   0   0   0   0   0 |     CAC   1   1   1   1   1   1 |     CGC   1   1   1   1   1   1
    CTA   0   0   0   0   0   0 |     CCA   1   1   1   1   1   1 | Gln CAA   2   2   2   2   2   2 |     CGA   0   0   0   0   0   0
    CTG   6   6   6   6   5   6 |     CCG   0   0   0   0   0   0 |     CAG   1   1   1   1   1   1 |     CGG   0   0   0   0   0   0
--------------------------------------------------------------------------------------------------------------------------------------
Ile ATT   1   1   1   1   1   1 | Thr ACT   0   0   0   0   0   0 | Asn AAT   2   2   2   2   1   2 | Ser AGT   0   0   0   0   0   0
    ATC   1   1   1   1   1   1 |     ACC   0   0   0   0   0   0 |     AAC   1   1   1   1   2   1 |     AGC   0   0   0   0   0   0
    ATA   1   1   1   1   1   1 |     ACA   0   0   0   0   0   0 | Lys AAA   1   1   1   1   1   1 | Arg AGA   0   0   0   0   0   1
Met ATG   0   0   0   0   0   0 |     ACG   0   0   0   0   0   0 |     AAG   5   5   5   5   5   5 |     AGG   1   1   1   1   1   0
--------------------------------------------------------------------------------------------------------------------------------------
Val GTT   1   1   1   1   1   1 | Ala GCT   2   1   1   0   1   1 | Asp GAT   1   1   1   1   1   1 | Gly GGT   0   0   0   0   0   0
    GTC   0   0   0   0   0   0 |     GCC   0   1   1   1   1   1 |     GAC   2   2   2   2   1   2 |     GGC   0   0   0   0   0   0
    GTA   0   0   0   0   0   0 |     GCA   2   3   2   2   2   2 | Glu GAA   3   3   3   3   3   3 |     GGA   0   0   0   0   0   0
    GTG   2   2   2   2   2   2 |     GCG   2   1   2   3   2   2 |     GAG   2   2   2   2   3   2 |     GGG   0   0   0   0   0   0
--------------------------------------------------------------------------------------------------------------------------------------

--------------------------------------------------------------------------------------------------------------------------------------
Phe TTT   1   1   1   1   1   1 | Ser TCT   0   0   0   0   0   0 | Tyr TAT   0   0   0   0   0   0 | Cys TGT   1   1   1   1   1   1
    TTC   0   0   0   0   0   0 |     TCC   1   1   1   1   1   1 |     TAC   0   0   0   0   0   0 |     TGC   1   1   1   1   1   1
Leu TTA   0   0   0   0   0   0 |     TCA   0   0   0   0   0   0 | *** TAA   0   0   0   0   0   0 | *** TGA   0   0   0   0   0   0
    TTG   1   1   1   1   1   1 |     TCG   1   1   1   1   1   1 |     TAG   0   0   0   0   0   0 | Trp TGG   1   1   1   1   1   1
--------------------------------------------------------------------------------------------------------------------------------------
Leu CTT   1   1   1   1   1   1 | Pro CCT   1   1   1   1   1   1 | His CAT   1   1   1   1   1   1 | Arg CGT   0   0   0   0   0   0
    CTC   0   0   0   0   0   0 |     CCC   0   0   0   0   0   0 |     CAC   1   1   1   1   1   1 |     CGC   1   1   1   1   1   1
    CTA   0   0   0   0   0   0 |     CCA   1   1   1   1   1   1 | Gln CAA   1   2   2   2   2   1 |     CGA   1   0   0   0   0   0
    CTG   6   6   6   6   6   6 |     CCG   0   0   0   0   0   0 |     CAG   1   1   1   1   1   2 |     CGG   0   0   0   0   0   0
--------------------------------------------------------------------------------------------------------------------------------------
Ile ATT   1   1   1   1   1   1 | Thr ACT   0   0   0   0   0   0 | Asn AAT   2   2   2   2   2   2 | Ser AGT   0   0   0   0   0   0
    ATC   1   1   1   1   1   1 |     ACC   0   0   0   0   0   0 |     AAC   1   1   1   1   1   1 |     AGC   0   0   0   0   0   0
    ATA   1   1   1   1   1   1 |     ACA   0   0   0   0   0   0 | Lys AAA   1   0   1   1   1   1 | Arg AGA   0   0   0   0   0   0
Met ATG   0   0   0   0   0   0 |     ACG   0   0   0   0   0   0 |     AAG   5   6   5   5   5   5 |     AGG   1   1   1   1   1   1
--------------------------------------------------------------------------------------------------------------------------------------
Val GTT   1   1   0   1   1   1 | Ala GCT   1   1   1   1   1   1 | Asp GAT   1   1   1   1   1   1 | Gly GGT   0   0   0   0   0   0
    GTC   0   0   0   0   0   0 |     GCC   1   1   1   1   1   1 |     GAC   2   1   2   2   2   2 |     GGC   0   0   0   0   0   0
    GTA   0   0   0   0   0   0 |     GCA   3   1   2   3   1   2 | Glu GAA   3   3   3   3   3   2 |     GGA   0   0   0   0   0   0
    GTG   2   2   3   2   2   2 |     GCG   1   3   2   1   3   2 |     GAG   2   3   2   2   2   3 |     GGG   0   0   0   0   0   0
--------------------------------------------------------------------------------------------------------------------------------------

--------------------------------------------------------------------------------------------------------------------------------------
Phe TTT   1   1   1   1   1   1 | Ser TCT   0   0   0   0   0   0 | Tyr TAT   0   0   0   0   0   0 | Cys TGT   1   1   1   1   1   1
    TTC   0   0   0   0   0   0 |     TCC   1   1   1   1   1   1 |     TAC   0   0   0   0   0   0 |     TGC   1   1   1   1   1   1
Leu TTA   0   0   0   0   0   0 |     TCA   0   0   0   1   0   0 | *** TAA   0   0   0   0   0   0 | *** TGA   0   0   0   0   0   0
    TTG   1   1   1   2   1   1 |     TCG   1   1   1   0   1   1 |     TAG   0   0   0   0   0   0 | Trp TGG   1   1   1   1   1   1
--------------------------------------------------------------------------------------------------------------------------------------
Leu CTT   1   1   1   1   1   1 | Pro CCT   1   1   1   1   1   1 | His CAT   1   1   1   1   1   1 | Arg CGT   0   0   0   0   0   0
    CTC   0   0   0   0   0   0 |     CCC   0   0   0   0   0   0 |     CAC   1   1   1   1   1   1 |     CGC   1   1   1   1   1   1
    CTA   0   0   0   0   0   0 |     CCA   1   1   1   1   1   1 | Gln CAA   2   2   2   2   2   2 |     CGA   0   0   0   0   0   0
    CTG   6   6   6   5   6   6 |     CCG   0   0   0   0   0   0 |     CAG   1   1   1   1   1   1 |     CGG   0   0   0   0   0   0
--------------------------------------------------------------------------------------------------------------------------------------
Ile ATT   1   1   1   1   1   1 | Thr ACT   0   0   0   0   0   0 | Asn AAT   2   2   2   1   2   2 | Ser AGT   0   0   0   0   0   0
    ATC   1   1   1   1   1   1 |     ACC   0   0   0   0   0   0 |     AAC   1   1   1   2   1   1 |     AGC   0   0   0   0   0   0
    ATA   1   1   1   1   1   1 |     ACA   0   0   0   0   0   0 | Lys AAA   1   1   1   1   1   1 | Arg AGA   0   0   0   0   0   0
Met ATG   0   0   0   0   0   0 |     ACG   0   0   0   0   0   0 |     AAG   5   5   5   5   5   5 |     AGG   1   1   1   1   1   1
--------------------------------------------------------------------------------------------------------------------------------------
Val GTT   1   1   1   1   1   1 | Ala GCT   1   1   1   1   1   1 | Asp GAT   2   1   1   1   1   1 | Gly GGT   0   0   0   0   0   0
    GTC   0   0   0   0   0   0 |     GCC   1   1   1   1   1   1 |     GAC   1   2   2   1   2   2 |     GGC   0   0   0   0   0   0
    GTA   0   0   0   0   0   0 |     GCA   3   2   3   2   1   2 | Glu GAA   3   3   3   3   3   3 |     GGA   0   0   0   0   0   0
    GTG   2   2   2   2   2   2 |     GCG   1   2   1   2   3   2 |     GAG   2   2   2   3   2   2 |     GGG   0   0   0   0   0   0
--------------------------------------------------------------------------------------------------------------------------------------

--------------------------------------------------------------------------------------------------------------------------------------
Phe TTT   1   1   1   1   1   1 | Ser TCT   0   0   0   0   0   0 | Tyr TAT   0   0   0   0   0   0 | Cys TGT   2   2   1   1   1   1
    TTC   0   0   0   0   0   0 |     TCC   1   1   1   1   1   1 |     TAC   0   0   0   0   0   0 |     TGC   0   0   1   1   1   1
Leu TTA   0   0   0   0   0   0 |     TCA   1   0   0   1   0   0 | *** TAA   0   0   0   0   0   0 | *** TGA   0   0   0   0   0   0
    TTG   1   1   1   1   1   2 |     TCG   0   1   1   0   1   1 |     TAG   0   0   0   0   0   0 | Trp TGG   1   1   1   1   1   1
--------------------------------------------------------------------------------------------------------------------------------------
Leu CTT   1   1   1   1   1   1 | Pro CCT   1   1   1   1   1   1 | His CAT   1   1   1   1   1   1 | Arg CGT   0   0   0   0   0   0
    CTC   0   0   0   0   0   0 |     CCC   0   0   0   0   0   0 |     CAC   1   1   1   1   1   1 |     CGC   1   1   1   1   1   1
    CTA   0   1   0   1   0   0 |     CCA   1   1   1   1   1   1 | Gln CAA   2   2   2   2   2   2 |     CGA   0   0   0   0   0   0
    CTG   6   5   6   5   6   5 |     CCG   0   0   0   0   0   0 |     CAG   1   1   1   1   1   1 |     CGG   0   0   0   0   0   0
--------------------------------------------------------------------------------------------------------------------------------------
Ile ATT   1   1   1   1   1   1 | Thr ACT   0   0   0   0   0   0 | Asn AAT   2   2   2   2   2   1 | Ser AGT   0   0   0   0   0   0
    ATC   1   1   1   1   1   1 |     ACC   0   0   0   0   0   0 |     AAC   1   1   1   1   1   2 |     AGC   0   0   0   0   0   0
    ATA   1   1   1   1   1   1 |     ACA   0   0   0   0   0   0 | Lys AAA   1   1   1   1   1   1 | Arg AGA   0   0   0   0   0   0
Met ATG   0   0   0   0   0   0 |     ACG   0   0   0   0   0   0 |     AAG   5   5   5   5   5   5 |     AGG   1   1   1   1   1   1
--------------------------------------------------------------------------------------------------------------------------------------
Val GTT   1   1   1   1   1   1 | Ala GCT   1   1   1   1   1   1 | Asp GAT   1   1   1   1   1   1 | Gly GGT   0   0   0   0   0   0
    GTC   0   0   0   0   0   0 |     GCC   1   1   1   1   1   1 |     GAC   2   2   2   2   2   1 |     GGC   0   0   0   0   0   0
    GTA   0   0   0   0   0   0 |     GCA   1   2   3   1   2   3 | Glu GAA   3   3   3   2   3   3 |     GGA   0   0   0   0   0   0
    GTG   2   2   2   2   2   2 |     GCG   3   2   1   3   2   1 |     GAG   2   2   2   3   2   3 |     GGG   0   0   0   0   0   0
--------------------------------------------------------------------------------------------------------------------------------------

--------------------------------------------------------------------------------------------------------------------------------------
Phe TTT   1   1   1   1   1   1 | Ser TCT   0   0   0   0   0   0 | Tyr TAT   0   0   0   0   0   0 | Cys TGT   1   1   2   1   1   1
    TTC   0   0   0   0   0   0 |     TCC   1   1   1   1   1   1 |     TAC   0   0   0   0   0   0 |     TGC   1   1   0   1   1   1
Leu TTA   0   0   0   0   0   0 |     TCA   1   0   0   1   0   1 | *** TAA   0   0   0   0   0   0 | *** TGA   0   0   0   0   0   0
    TTG   1   2   1   1   1   1 |     TCG   0   1   1   0   1   0 |     TAG   0   0   0   0   0   0 | Trp TGG   1   1   1   1   1   1
--------------------------------------------------------------------------------------------------------------------------------------
Leu CTT   1   1   1   1   1   1 | Pro CCT   1   1   1   1   0   1 | His CAT   1   1   1   1   1   1 | Arg CGT   0   0   0   0   0   0
    CTC   0   0   0   0   0   0 |     CCC   0   0   0   0   1   0 |     CAC   1   1   1   1   1   1 |     CGC   1   1   1   1   1   1
    CTA   0   0   0   1   0   0 |     CCA   1   1   1   1   1   1 | Gln CAA   2   2   2   2   2   2 |     CGA   0   0   0   0   0   0
    CTG   6   5   6   5   6   6 |     CCG   0   0   0   0   0   0 |     CAG   1   1   1   1   1   1 |     CGG   0   0   0   0   0   0
--------------------------------------------------------------------------------------------------------------------------------------
Ile ATT   1   1   1   1   1   1 | Thr ACT   0   0   0   0   0   0 | Asn AAT   2   1   2   2   1   2 | Ser AGT   0   0   0   0   0   0
    ATC   1   1   1   1   1   1 |     ACC   0   0   0   0   0   0 |     AAC   1   2   1   1   2   1 |     AGC   0   0   0   0   0   0
    ATA   1   1   1   1   1   1 |     ACA   0   0   0   0   0   0 | Lys AAA   1   1   1   1   1   1 | Arg AGA   0   0   1   0   0   0
Met ATG   0   0   0   0   0   0 |     ACG   0   0   0   0   0   0 |     AAG   5   5   5   5   5   5 |     AGG   1   1   0   1   1   1
--------------------------------------------------------------------------------------------------------------------------------------
Val GTT   1   1   1   1   1   1 | Ala GCT   1   1   1   1   1   1 | Asp GAT   1   1   1   1   1   1 | Gly GGT   0   0   0   0   0   0
    GTC   0   0   0   0   0   0 |     GCC   1   1   1   1   1   1 |     GAC   2   1   2   2   2   2 |     GGC   0   0   0   0   0   0
    GTA   0   0   0   0   0   0 |     GCA   1   3   2   2   2   2 | Glu GAA   2   3   3   3   3   3 |     GGA   0   0   0   0   0   0
    GTG   2   2   2   2   2   2 |     GCG   3   1   2   2   2   2 |     GAG   3   3   2   2   2   2 |     GGG   0   0   0   0   0   0
--------------------------------------------------------------------------------------------------------------------------------------

--------------------------------------------------------------------------------------------------------------------------------------
Phe TTT   1   1   1   1   1   1 | Ser TCT   1   0   0   0   0   0 | Tyr TAT   0   0   0   0   0   0 | Cys TGT   1   1   1   1   1   2
    TTC   0   0   0   0   0   0 |     TCC   1   1   1   1   1   1 |     TAC   0   0   0   0   0   0 |     TGC   1   1   1   1   1   0
Leu TTA   0   0   0   0   0   0 |     TCA   0   0   0   1   0   0 | *** TAA   0   0   0   0   0   0 | *** TGA   0   0   0   0   0   0
    TTG   1   1   1   1   1   1 |     TCG   0   1   1   0   1   1 |     TAG   0   0   0   0   0   0 | Trp TGG   1   1   1   1   1   1
--------------------------------------------------------------------------------------------------------------------------------------
Leu CTT   1   1   1   1   1   1 | Pro CCT   1   1   1   1   1   1 | His CAT   1   1   1   1   1   1 | Arg CGT   0   0   0   0   0   0
    CTC   0   0   0   0   1   0 |     CCC   0   0   0   0   0   0 |     CAC   1   1   1   1   1   1 |     CGC   1   1   1   1   1   1
    CTA   0   1   0   0   0   0 |     CCA   1   1   1   1   1   1 | Gln CAA   2   2   2   2   2   2 |     CGA   0   0   0   0   0   0
    CTG   6   5   6   6   5   6 |     CCG   0   0   0   0   0   0 |     CAG   1   1   1   1   1   1 |     CGG   0   0   0   0   0   0
--------------------------------------------------------------------------------------------------------------------------------------
Ile ATT   1   1   1   1   1   1 | Thr ACT   0   0   0   0   0   0 | Asn AAT   1   2   2   2   2   2 | Ser AGT   0   0   0   0   0   0
    ATC   1   1   1   1   1   1 |     ACC   0   0   0   0   0   0 |     AAC   2   1   1   1   1   1 |     AGC   0   0   0   0   0   0
    ATA   1   1   1   1   1   1 |     ACA   0   0   0   0   0   0 | Lys AAA   1   0   1   1   1   1 | Arg AGA   0   0   0   0   0   0
Met ATG   0   0   0   0   0   0 |     ACG   0   0   0   0   0   0 |     AAG   5   6   5   5   5   5 |     AGG   1   1   1   1   1   1
--------------------------------------------------------------------------------------------------------------------------------------
Val GTT   1   1   1   1   1   1 | Ala GCT   1   1   1   2   1   1 | Asp GAT   1   1   1   1   1   1 | Gly GGT   0   0   0   0   0   0
    GTC   0   0   0   0   0   0 |     GCC   1   1   1   0   1   1 |     GAC   2   1   2   2   2   2 |     GGC   0   0   0   0   0   0
    GTA   0   0   0   0   0   0 |     GCA   2   2   3   2   1   1 | Glu GAA   3   3   3   3   2   3 |     GGA   0   0   0   0   0   0
    GTG   2   2   2   2   2   2 |     GCG   2   2   1   2   3   3 |     GAG   2   3   2   2   3   2 |     GGG   0   0   0   0   0   0
--------------------------------------------------------------------------------------------------------------------------------------

--------------------------------------------------------------------------------------------------------------------------------------
Phe TTT   1   1   1   1   1   1 | Ser TCT   0   0   0   0   0   0 | Tyr TAT   0   0   0   0   0   0 | Cys TGT   2   1   2   2   1   1
    TTC   0   0   0   0   0   0 |     TCC   1   1   1   1   1   1 |     TAC   0   0   0   0   0   0 |     TGC   0   1   0   0   1   1
Leu TTA   0   0   0   0   0   0 |     TCA   0   1   0   1   0   0 | *** TAA   0   0   0   0   0   0 | *** TGA   0   0   0   0   0   0
    TTG   1   1   1   1   1   1 |     TCG   1   0   1   0   1   1 |     TAG   0   0   0   0   0   0 | Trp TGG   1   1   1   1   1   1
--------------------------------------------------------------------------------------------------------------------------------------
Leu CTT   1   1   1   1   1   1 | Pro CCT   1   1   1   1   1   1 | His CAT   1   1   1   1   1   1 | Arg CGT   0   0   0   0   0   0
    CTC   0   0   0   0   0   0 |     CCC   0   0   0   0   0   0 |     CAC   1   1   1   1   1   1 |     CGC   1   1   1   1   1   1
    CTA   0   0   0   0   0   0 |     CCA   1   1   1   1   1   1 | Gln CAA   2   2   2   2   2   2 |     CGA   0   0   0   0   0   0
    CTG   6   6   6   6   6   6 |     CCG   0   0   0   0   0   0 |     CAG   1   1   1   1   1   1 |     CGG   0   0   0   0   0   0
--------------------------------------------------------------------------------------------------------------------------------------
Ile ATT   1   1   1   1   1   1 | Thr ACT   0   0   0   0   0   0 | Asn AAT   2   2   2   2   2   1 | Ser AGT   0   0   0   0   0   0
    ATC   1   1   1   1   1   1 |     ACC   0   0   0   0   0   0 |     AAC   1   1   1   1   1   2 |     AGC   0   0   0   0   0   0
    ATA   1   1   1   1   1   1 |     ACA   0   0   0   0   0   0 | Lys AAA   1   1   1   1   0   1 | Arg AGA   0   0   0   0   0   0
Met ATG   0   0   0   0   0   0 |     ACG   0   0   0   0   0   0 |     AAG   5   5   5   5   6   5 |     AGG   1   1   1   1   1   1
--------------------------------------------------------------------------------------------------------------------------------------
Val GTT   1   1   1   1   1   1 | Ala GCT   1   1   1   2   1   1 | Asp GAT   1   1   1   1   1   1 | Gly GGT   0   0   0   0   0   0
    GTC   0   0   0   0   0   0 |     GCC   1   1   1   0   1   1 |     GAC   2   2   2   2   1   2 |     GGC   0   0   0   0   0   0
    GTA   0   0   0   0   0   0 |     GCA   1   1   2   1   2   2 | Glu GAA   3   2   3   3   3   3 |     GGA   0   0   0   0   0   0
    GTG   2   2   2   2   2   2 |     GCG   3   3   2   3   2   2 |     GAG   2   3   2   2   3   2 |     GGG   0   0   0   0   0   0
--------------------------------------------------------------------------------------------------------------------------------------

--------------------------------------------------------------------------------------------------------------------------------------
Phe TTT   1   1   1   1   1   1 | Ser TCT   0   0   0   0   0   0 | Tyr TAT   0   0   0   0   0   0 | Cys TGT   1   1   1   1   1   1
    TTC   0   0   0   0   0   0 |     TCC   1   1   1   1   1   1 |     TAC   0   0   0   0   0   0 |     TGC   1   1   1   1   1   1
Leu TTA   0   0   0   0   0   0 |     TCA   0   0   0   0   0   0 | *** TAA   0   0   0   0   0   0 | *** TGA   0   0   0   0   0   0
    TTG   1   1   1   1   2   2 |     TCG   1   1   1   1   1   1 |     TAG   0   0   0   0   0   0 | Trp TGG   1   1   1   1   1   1
--------------------------------------------------------------------------------------------------------------------------------------
Leu CTT   1   1   1   1   1   1 | Pro CCT   1   1   1   1   1   1 | His CAT   1   1   1   1   1   1 | Arg CGT   0   0   0   0   0   0
    CTC   0   0   0   0   0   0 |     CCC   0   0   0   0   0   0 |     CAC   1   1   1   1   1   1 |     CGC   1   1   1   1   1   1
    CTA   0   0   0   0   0   0 |     CCA   1   1   1   1   1   1 | Gln CAA   2   2   2   2   2   2 |     CGA   0   0   0   0   0   0
    CTG   6   6   6   6   5   5 |     CCG   0   0   0   0   0   0 |     CAG   1   1   1   1   1   1 |     CGG   0   0   0   0   0   0
--------------------------------------------------------------------------------------------------------------------------------------
Ile ATT   1   1   1   1   1   1 | Thr ACT   0   0   0   0   0   0 | Asn AAT   2   2   2   2   1   1 | Ser AGT   0   0   0   0   0   0
    ATC   1   1   1   1   1   1 |     ACC   0   0   0   0   0   0 |     AAC   1   1   1   1   2   2 |     AGC   0   0   0   0   0   0
    ATA   1   1   1   1   1   1 |     ACA   0   0   0   0   0   0 | Lys AAA   1   1   1   2   1   1 | Arg AGA   0   0   0   0   0   0
Met ATG   0   0   0   0   0   0 |     ACG   0   0   0   0   0   0 |     AAG   5   5   5   4   5   5 |     AGG   1   1   1   1   1   1
--------------------------------------------------------------------------------------------------------------------------------------
Val GTT   1   1   0   1   1   1 | Ala GCT   1   1   1   1   1   1 | Asp GAT   1   1   1   1   1   1 | Gly GGT   0   0   0   0   0   0
    GTC   0   0   1   0   0   0 |     GCC   1   1   1   1   1   1 |     GAC   2   2   2   2   1   1 |     GGC   0   0   0   0   0   0
    GTA   0   0   0   0   0   0 |     GCA   1   3   3   1   2   3 | Glu GAA   2   3   3   3   3   3 |     GGA   0   0   0   0   0   0
    GTG   2   2   2   2   2   2 |     GCG   3   1   1   3   2   1 |     GAG   3   2   2   2   3   3 |     GGG   0   0   0   0   0   0
--------------------------------------------------------------------------------------------------------------------------------------

Codon position x base (3x4) table for each sequence.

#1: Argali         
position  1:    T:0.13462    C:0.28846    A:0.25000    G:0.32692
position  2:    T:0.28846    C:0.19231    A:0.42308    G:0.09615
position  3:    T:0.21154    C:0.17308    A:0.21154    G:0.40385
Average         T:0.21154    C:0.21795    A:0.29487    G:0.27564

#2: LesserMouseDeer
position  1:    T:0.15385    C:0.26923    A:0.25000    G:0.32692
position  2:    T:0.28846    C:0.19231    A:0.42308    G:0.09615
position  3:    T:0.19231    C:0.23077    A:0.19231    G:0.38462
Average         T:0.21154    C:0.23077    A:0.28846    G:0.26923

#3: LesserKudu     
position  1:    T:0.15385    C:0.26923    A:0.25000    G:0.32692
position  2:    T:0.28846    C:0.19231    A:0.42308    G:0.09615
position  3:    T:0.19231    C:0.17308    A:0.21154    G:0.42308
Average         T:0.21154    C:0.21154    A:0.29487    G:0.28205

#4: ForestMuskDeer2
position  1:    T:0.13462    C:0.28846    A:0.25000    G:0.32692
position  2:    T:0.28846    C:0.19231    A:0.42308    G:0.09615
position  3:    T:0.21154    C:0.17308    A:0.19231    G:0.42308
Average         T:0.21154    C:0.21795    A:0.28846    G:0.28205

#5: Camel          
position  1:    T:0.13462    C:0.28846    A:0.25000    G:0.32692
position  2:    T:0.28846    C:0.19231    A:0.42308    G:0.09615
position  3:    T:0.17308    C:0.23077    A:0.19231    G:0.40385
Average         T:0.19872    C:0.23718    A:0.28846    G:0.27564

#6: KillerWhale    
position  1:    T:0.13462    C:0.28846    A:0.25000    G:0.32692
position  2:    T:0.28846    C:0.19231    A:0.42308    G:0.09615
position  3:    T:0.19231    C:0.21154    A:0.21154    G:0.38462
Average         T:0.20513    C:0.23077    A:0.29487    G:0.26923

#7: DefassaWaterbuck
position  1:    T:0.13462    C:0.28846    A:0.25000    G:0.32692
position  2:    T:0.28846    C:0.19231    A:0.42308    G:0.09615
position  3:    T:0.23077    C:0.15385    A:0.19231    G:0.42308
Average         T:0.21795    C:0.21154    A:0.28846    G:0.28205

#8: Sheep          
position  1:    T:0.13462    C:0.28846    A:0.25000    G:0.32692
position  2:    T:0.28846    C:0.19231    A:0.42308    G:0.09615
position  3:    T:0.21154    C:0.17308    A:0.21154    G:0.40385
Average         T:0.21154    C:0.21795    A:0.29487    G:0.27564

#9: MaxwellsDuiker 
position  1:    T:0.13462    C:0.28846    A:0.25000    G:0.32692
position  2:    T:0.28846    C:0.19231    A:0.42308    G:0.09615
position  3:    T:0.21154    C:0.17308    A:0.19231    G:0.42308
Average         T:0.21154    C:0.21795    A:0.28846    G:0.28205

#10: GazellaPrzewalskyi
position  1:    T:0.13462    C:0.28846    A:0.25000    G:0.32692
position  2:    T:0.28846    C:0.19231    A:0.42308    G:0.09615
position  3:    T:0.19231    C:0.17308    A:0.21154    G:0.42308
Average         T:0.20513    C:0.21795    A:0.29487    G:0.28205

#11: MountainNyala  
position  1:    T:0.15385    C:0.26923    A:0.25000    G:0.32692
position  2:    T:0.28846    C:0.19231    A:0.42308    G:0.09615
position  3:    T:0.19231    C:0.17308    A:0.19231    G:0.44231
Average         T:0.21154    C:0.21154    A:0.28846    G:0.28846

#12: MuntiacusMuntjak
position  1:    T:0.13462    C:0.28846    A:0.25000    G:0.32692
position  2:    T:0.28846    C:0.19231    A:0.42308    G:0.09615
position  3:    T:0.23077    C:0.15385    A:0.21154    G:0.40385
Average         T:0.21795    C:0.21154    A:0.29487    G:0.27564

#13: goat           
position  1:    T:0.13462    C:0.28846    A:0.25000    G:0.32692
position  2:    T:0.28846    C:0.19231    A:0.40385    G:0.11538
position  3:    T:0.21154    C:0.17308    A:0.21154    G:0.40385
Average         T:0.21154    C:0.21795    A:0.28846    G:0.28205

#14: AfricanBuffalo 
position  1:    T:0.13462    C:0.28846    A:0.25000    G:0.32692
position  2:    T:0.28846    C:0.19231    A:0.42308    G:0.09615
position  3:    T:0.21154    C:0.15385    A:0.15385    G:0.48077
Average         T:0.21154    C:0.21154    A:0.27564    G:0.30128

#15: Topi           
position  1:    T:0.13462    C:0.28846    A:0.25000    G:0.32692
position  2:    T:0.28846    C:0.19231    A:0.42308    G:0.09615
position  3:    T:0.19231    C:0.17308    A:0.19231    G:0.44231
Average         T:0.20513    C:0.21795    A:0.28846    G:0.28846

#16: CommonDuiker   
position  1:    T:0.13462    C:0.28846    A:0.25000    G:0.32692
position  2:    T:0.28846    C:0.19231    A:0.42308    G:0.09615
position  3:    T:0.21154    C:0.17308    A:0.21154    G:0.40385
Average         T:0.21154    C:0.21795    A:0.29487    G:0.27564

#17: Suni           
position  1:    T:0.13462    C:0.28846    A:0.25000    G:0.32692
position  2:    T:0.28846    C:0.19231    A:0.42308    G:0.09615
position  3:    T:0.21154    C:0.17308    A:0.17308    G:0.44231
Average         T:0.21154    C:0.21795    A:0.28205    G:0.28846

#18: Springbuck     
position  1:    T:0.13462    C:0.28846    A:0.25000    G:0.32692
position  2:    T:0.28846    C:0.19231    A:0.42308    G:0.09615
position  3:    T:0.21154    C:0.17308    A:0.15385    G:0.46154
Average         T:0.21154    C:0.21795    A:0.27564    G:0.29487

#19: Okapi          
position  1:    T:0.13462    C:0.28846    A:0.25000    G:0.32692
position  2:    T:0.28846    C:0.19231    A:0.42308    G:0.09615
position  3:    T:0.23077    C:0.15385    A:0.21154    G:0.40385
Average         T:0.21795    C:0.21154    A:0.29487    G:0.27564

#20: Giraffe        
position  1:    T:0.13462    C:0.28846    A:0.25000    G:0.32692
position  2:    T:0.28846    C:0.19231    A:0.42308    G:0.09615
position  3:    T:0.21154    C:0.17308    A:0.19231    G:0.42308
Average         T:0.21154    C:0.21795    A:0.28846    G:0.28205

#21: TibetanAntelope
position  1:    T:0.13462    C:0.28846    A:0.25000    G:0.32692
position  2:    T:0.28846    C:0.19231    A:0.42308    G:0.09615
position  3:    T:0.21154    C:0.17308    A:0.21154    G:0.40385
Average         T:0.21154    C:0.21795    A:0.29487    G:0.27564

#22: Sitatunga      
position  1:    T:0.15385    C:0.26923    A:0.25000    G:0.32692
position  2:    T:0.28846    C:0.19231    A:0.42308    G:0.09615
position  3:    T:0.19231    C:0.17308    A:0.21154    G:0.42308
Average         T:0.21154    C:0.21154    A:0.29487    G:0.28205

#23: Oribi          
position  1:    T:0.13462    C:0.28846    A:0.25000    G:0.32692
position  2:    T:0.28846    C:0.19231    A:0.42308    G:0.09615
position  3:    T:0.21154    C:0.17308    A:0.17308    G:0.44231
Average         T:0.21154    C:0.21795    A:0.28205    G:0.28846

#24: BarbarySheep   
position  1:    T:0.13462    C:0.28846    A:0.25000    G:0.32692
position  2:    T:0.28846    C:0.19231    A:0.42308    G:0.09615
position  3:    T:0.21154    C:0.17308    A:0.19231    G:0.42308
Average         T:0.21154    C:0.21795    A:0.28846    G:0.28205

#25: Daviddeer      
position  1:    T:0.13462    C:0.28846    A:0.25000    G:0.32692
position  2:    T:0.28846    C:0.19231    A:0.42308    G:0.09615
position  3:    T:0.23077    C:0.15385    A:0.19231    G:0.42308
Average         T:0.21795    C:0.21154    A:0.28846    G:0.28205

#26: Reindeer       
position  1:    T:0.13462    C:0.28846    A:0.25000    G:0.32692
position  2:    T:0.28846    C:0.19231    A:0.42308    G:0.09615
position  3:    T:0.23077    C:0.15385    A:0.21154    G:0.40385
Average         T:0.21795    C:0.21154    A:0.29487    G:0.27564

#27: Ibex           
position  1:    T:0.13462    C:0.28846    A:0.25000    G:0.32692
position  2:    T:0.28846    C:0.19231    A:0.42308    G:0.09615
position  3:    T:0.21154    C:0.17308    A:0.21154    G:0.40385
Average         T:0.21154    C:0.21795    A:0.29487    G:0.27564

#28: GyrantGazelle  
position  1:    T:0.13462    C:0.28846    A:0.25000    G:0.32692
position  2:    T:0.28846    C:0.19231    A:0.42308    G:0.09615
position  3:    T:0.21154    C:0.17308    A:0.19231    G:0.42308
Average         T:0.21154    C:0.21795    A:0.28846    G:0.28205

#29: Hartebeest     
position  1:    T:0.13462    C:0.28846    A:0.25000    G:0.32692
position  2:    T:0.28846    C:0.19231    A:0.42308    G:0.09615
position  3:    T:0.21154    C:0.17308    A:0.19231    G:0.42308
Average         T:0.21154    C:0.21795    A:0.28846    G:0.28205

#30: Bongo          
position  1:    T:0.15385    C:0.26923    A:0.25000    G:0.32692
position  2:    T:0.28846    C:0.19231    A:0.42308    G:0.09615
position  3:    T:0.19231    C:0.17308    A:0.21154    G:0.42308
Average         T:0.21154    C:0.21154    A:0.29487    G:0.28205

#31: Gerenuk        
position  1:    T:0.13462    C:0.28846    A:0.25000    G:0.32692
position  2:    T:0.28846    C:0.19231    A:0.42308    G:0.09615
position  3:    T:0.21154    C:0.17308    A:0.17308    G:0.44231
Average         T:0.21154    C:0.21795    A:0.28205    G:0.28846

#32: CommonEland    
position  1:    T:0.15385    C:0.26923    A:0.25000    G:0.32692
position  2:    T:0.28846    C:0.19231    A:0.42308    G:0.09615
position  3:    T:0.19231    C:0.17308    A:0.21154    G:0.42308
Average         T:0.21154    C:0.21154    A:0.29487    G:0.28205

#33: MuntiacusReevesi
position  1:    T:0.13462    C:0.28846    A:0.25000    G:0.32692
position  2:    T:0.28846    C:0.19231    A:0.42308    G:0.09615
position  3:    T:0.23077    C:0.15385    A:0.21154    G:0.40385
Average         T:0.21795    C:0.21154    A:0.29487    G:0.27564

#34: HarveysDuiker  
position  1:    T:0.13462    C:0.28846    A:0.25000    G:0.32692
position  2:    T:0.28846    C:0.19231    A:0.42308    G:0.09615
position  3:    T:0.21154    C:0.17308    A:0.23077    G:0.38462
Average         T:0.21154    C:0.21795    A:0.30128    G:0.26923

#35: Pronghorn      
position  1:    T:0.13462    C:0.28846    A:0.25000    G:0.32692
position  2:    T:0.28846    C:0.19231    A:0.42308    G:0.09615
position  3:    T:0.17308    C:0.21154    A:0.19231    G:0.42308
Average         T:0.19872    C:0.23077    A:0.28846    G:0.28205

#36: BlueWildebeest 
position  1:    T:0.13462    C:0.28846    A:0.25000    G:0.32692
position  2:    T:0.28846    C:0.19231    A:0.42308    G:0.09615
position  3:    T:0.21154    C:0.17308    A:0.21154    G:0.40385
Average         T:0.21154    C:0.21795    A:0.29487    G:0.27564

#37: Gemsbok        
position  1:    T:0.13462    C:0.28846    A:0.25000    G:0.32692
position  2:    T:0.28846    C:0.19231    A:0.42308    G:0.09615
position  3:    T:0.21154    C:0.19231    A:0.19231    G:0.40385
Average         T:0.21154    C:0.22436    A:0.28846    G:0.27564

#38: Yak            
position  1:    T:0.13462    C:0.28846    A:0.25000    G:0.32692
position  2:    T:0.28846    C:0.19231    A:0.42308    G:0.09615
position  3:    T:0.21154    C:0.15385    A:0.19231    G:0.44231
Average         T:0.21154    C:0.21154    A:0.28846    G:0.28846

#39: BlueSheep      
position  1:    T:0.13462    C:0.28846    A:0.25000    G:0.32692
position  2:    T:0.28846    C:0.19231    A:0.42308    G:0.09615
position  3:    T:0.21154    C:0.17308    A:0.21154    G:0.40385
Average         T:0.21154    C:0.21795    A:0.29487    G:0.27564

#40: BohorReedbuck  
position  1:    T:0.13462    C:0.28846    A:0.25000    G:0.32692
position  2:    T:0.28846    C:0.19231    A:0.42308    G:0.09615
position  3:    T:0.23077    C:0.15385    A:0.21154    G:0.40385
Average         T:0.21795    C:0.21154    A:0.29487    G:0.27564

#41: KirksDik       
position  1:    T:0.13462    C:0.28846    A:0.25000    G:0.32692
position  2:    T:0.28846    C:0.19231    A:0.42308    G:0.09615
position  3:    T:0.21154    C:0.19231    A:0.15385    G:0.44231
Average         T:0.21154    C:0.22436    A:0.27564    G:0.28846

#42: RoeDeer        
position  1:    T:0.13462    C:0.28846    A:0.25000    G:0.32692
position  2:    T:0.28846    C:0.19231    A:0.42308    G:0.09615
position  3:    T:0.23077    C:0.15385    A:0.17308    G:0.44231
Average         T:0.21795    C:0.21154    A:0.28205    G:0.28846

#43: WhiteLippedDeer
position  1:    T:0.13462    C:0.28846    A:0.25000    G:0.32692
position  2:    T:0.28846    C:0.19231    A:0.42308    G:0.09615
position  3:    T:0.23077    C:0.15385    A:0.17308    G:0.44231
Average         T:0.21795    C:0.21154    A:0.28205    G:0.28846

#44: ThomsonGazelle 
position  1:    T:0.13462    C:0.28846    A:0.25000    G:0.32692
position  2:    T:0.28846    C:0.19231    A:0.42308    G:0.09615
position  3:    T:0.21154    C:0.17308    A:0.17308    G:0.44231
Average         T:0.21154    C:0.21795    A:0.28205    G:0.28846

#45: MuntiacusCrinifrons
position  1:    T:0.13462    C:0.28846    A:0.25000    G:0.32692
position  2:    T:0.28846    C:0.19231    A:0.42308    G:0.09615
position  3:    T:0.23077    C:0.15385    A:0.19231    G:0.42308
Average         T:0.21795    C:0.21154    A:0.28846    G:0.28205

#46: WhiteTailedDeer
position  1:    T:0.13462    C:0.28846    A:0.25000    G:0.32692
position  2:    T:0.28846    C:0.19231    A:0.42308    G:0.09615
position  3:    T:0.25000    C:0.13462    A:0.19231    G:0.42308
Average         T:0.22436    C:0.20513    A:0.28846    G:0.28205

#47: Cattle         
position  1:    T:0.13462    C:0.28846    A:0.25000    G:0.32692
position  2:    T:0.28846    C:0.19231    A:0.42308    G:0.09615
position  3:    T:0.21154    C:0.15385    A:0.17308    G:0.46154
Average         T:0.21154    C:0.21154    A:0.28205    G:0.29487

#48: RoyalAntelope  
position  1:    T:0.13462    C:0.28846    A:0.25000    G:0.32692
position  2:    T:0.28846    C:0.19231    A:0.42308    G:0.09615
position  3:    T:0.19231    C:0.19231    A:0.19231    G:0.42308
Average         T:0.20513    C:0.22436    A:0.28846    G:0.28205

#49: Steenbok       
position  1:    T:0.13462    C:0.28846    A:0.25000    G:0.32692
position  2:    T:0.28846    C:0.19231    A:0.42308    G:0.09615
position  3:    T:0.21154    C:0.17308    A:0.15385    G:0.46154
Average         T:0.21154    C:0.21795    A:0.27564    G:0.29487

#50: Impala         
position  1:    T:0.13462    C:0.28846    A:0.25000    G:0.32692
position  2:    T:0.28846    C:0.19231    A:0.42308    G:0.09615
position  3:    T:0.21154    C:0.17308    A:0.21154    G:0.40385
Average         T:0.21154    C:0.21795    A:0.29487    G:0.27564

#51: Klipspringer   
position  1:    T:0.13462    C:0.28846    A:0.25000    G:0.32692
position  2:    T:0.28846    C:0.19231    A:0.42308    G:0.09615
