1
52 1
Argali 0.000000 0.139900 0.028700 0.126800 0.028400 0.004700 0.036100 0.009400 0.028500 0.065400 0.009400 0.048200 0.018900 0.004700 0.018800 0.033400 0.063600 0.053400 0.024000 0.023700 0.009400 0.004700 0.058600 0.063400 0.018900 0.028400 0.014100 0.023700 0.023800 0.033300 0.048200 0.014100 0.066600 0.014100 0.004700 0.048000 0.014200 0.023700 0.014200 0.038400 0.048200 0.038200 0.048200 0.058300 0.033300 0.009400 0.018900 0.014100 0.014100 0.053500 0.023800 0.033500
LesserMous 0.139900 0.000000 0.134700 0.174900 0.133200 0.134400 0.147900 0.134000 0.145600 0.151000 0.140200 0.138900 0.145300 0.134500 0.145100 0.156400 0.157000 0.156800 0.153100 0.139800 0.134000 0.134300 0.151500 0.159600 0.151100 0.149700 0.139700 0.139800 0.145200 0.150800 0.139200 0.148700 0.156800 0.139500 0.134400 0.151100 0.140400 0.136700 0.128900 0.128400 0.139300 0.162100 0.139200 0.153600 0.133600 0.140200 0.145400 0.133800 0.145000 0.140400 0.140200 0.142400
LesserKudu 0.028700 0.134700 0.000000 0.136200 0.043400 0.023900 0.058300 0.028600 0.009400 0.065200 0.028800 0.038300 0.038300 0.023800 0.038400 0.053400 0.077600 0.078000 0.043900 0.004700 0.028600 0.023800 0.058700 0.063700 0.037400 0.048000 0.033500 0.004700 0.043400 0.014100 0.048400 0.033600 0.077100 0.033500 0.023800 0.038600 0.033600 0.043300 0.033600 0.038600 0.048400 0.058300 0.048400 0.058500 0.023800 0.028700 0.038400 0.023700 0.033400 0.053600 0.004700 0.014100
KillerWhal 0.126800 0.174900 0.136200 0.000000 0.140000 0.121500 0.157600 0.121200 0.135500 0.134300 0.126800 0.133800 0.132100 0.121400 0.131900 0.146100 0.121500 0.121200 0.131500 0.130100 0.121200 0.121500 0.127300 0.132100 0.137800 0.142700 0.127000 0.130100 0.138200 0.141000 0.115500 0.132500 0.140700 0.126600 0.121800 0.124800 0.127000 0.143400 0.130700 0.104900 0.115600 0.154600 0.115500 0.126400 0.118900 0.127100 0.132300 0.120900 0.132000 0.130900 0.130500 0.137100
DefassaWat 0.028400 0.133200 0.043400 0.140000 0.000000 0.023600 0.056600 0.018900 0.043100 0.073300 0.028400 0.058000 0.023600 0.023700 0.028300 0.043000 0.078800 0.078700 0.043700 0.038200 0.018900 0.023700 0.073700 0.068300 0.038100 0.038000 0.023700 0.038200 0.033400 0.048000 0.063100 0.023600 0.082200 0.023600 0.023700 0.057800 0.028400 0.014100 0.014200 0.053200 0.063100 0.048000 0.063100 0.063200 0.042900 0.028600 0.028500 0.035500 0.033200 0.068500 0.038400 0.038300
Sheep 0.004700 0.134400 0.023900 0.121500 0.023600 0.000000 0.031000 0.004700 0.023700 0.060200 0.004700 0.043300 0.014100 0.000000 0.014100 0.028500 0.058500 0.058500 0.019200 0.018900 0.004700 0.000000 0.053600 0.058400 0.014100 0.023600 0.009400 0.018900 0.019000 0.028500 0.043300 0.009400 0.061500 0.009400 0.000000 0.043100 0.009400 0.018900 0.009400 0.033500 0.043300 0.033400 0.043300 0.053300 0.028500 0.004700 0.014100 0.009400 0.009400 0.048500 0.019000 0.028600
MaxwellsDu 0.036100 0.147900 0.058300 0.157600 0.056600 0.031000 0.000000 0.034800 0.058000 0.096200 0.036100 0.076700 0.045400 0.029800 0.046300 0.060900 0.089900 0.090000 0.051300 0.052900 0.034800 0.029800 0.089100 0.094300 0.046400 0.054300 0.040000 0.052900 0.050200 0.062600 0.078300 0.041300 0.096000 0.040300 0.029900 0.078000 0.040400 0.049600 0.040000 0.068300 0.078200 0.065100 0.078300 0.088900 0.062000 0.035400 0.044800 0.039500 0.039900 0.081400 0.053100 0.062900
GazellaPrz 0.009400 0.134000 0.028600 0.121200 0.018900 0.004700 0.034800 0.000000 0.028500 0.059600 0.009400 0.043100 0.009400 0.004700 0.009400 0.023700 0.058300 0.058200 0.023900 0.023700 0.000000 0.004700 0.053400 0.058200 0.018900 0.018800 0.004700 0.023700 0.014200 0.033300 0.043200 0.014100 0.060700 0.004700 0.004700 0.043200 0.004700 0.023700 0.004700 0.033400 0.043200 0.028500 0.043200 0.053100 0.028500 0.009400 0.009400 0.014100 0.014100 0.048400 0.023700 0.023700
MountainNy 0.028500 0.145600 0.009400 0.135500 0.043100 0.023700 0.058000 0.028500 0.000000 0.065100 0.019000 0.038200 0.038200 0.023800 0.038200 0.053000 0.077200 0.077500 0.043700 0.004700 0.028500 0.023700 0.058600 0.063500 0.027000 0.047900 0.033400 0.004700 0.043300 0.014100 0.048300 0.033400 0.076800 0.033300 0.023800 0.038300 0.033500 0.043200 0.033500 0.038400 0.048300 0.058000 0.048300 0.058300 0.023700 0.028600 0.038300 0.023600 0.033300 0.053500 0.004700 0.014100
MuntiacusM 0.065400 0.151000 0.065200 0.134300 0.073300 0.060200 0.096200 0.059600 0.065100 0.000000 0.065500 0.085800 0.065300 0.059800 0.070300 0.085800 0.062800 0.073800 0.081700 0.059900 0.059600 0.059700 0.034800 0.043300 0.075700 0.079600 0.064900 0.059900 0.075400 0.069700 0.015600 0.063300 0.075300 0.064900 0.059900 0.075800 0.063500 0.073500 0.065000 0.024700 0.024600 0.090600 0.015600 0.038300 0.060000 0.065200 0.070400 0.058100 0.069900 0.070100 0.060100 0.064800
goat 0.009400 0.140200 0.028800 0.126800 0.028400 0.004700 0.036100 0.009400 0.019000 0.065500 0.000000 0.048300 0.018900 0.004700 0.018800 0.033400 0.063700 0.063600 0.024000 0.023700 0.009400 0.004700 0.058600 0.063500 0.009400 0.028400 0.014200 0.023700 0.023800 0.033400 0.048300 0.014100 0.066700 0.014100 0.004700 0.048100 0.014200 0.023800 0.014200 0.038500 0.048300 0.038300 0.048300 0.058400 0.033300 0.009400 0.018900 0.014100 0.014100 0.053600 0.023900 0.033500
AfricanBuf 0.048200 0.138900 0.038300 0.133800 0.058000 0.043300 0.076700 0.043100 0.038200 0.085800 0.048300 0.000000 0.053000 0.043300 0.052900 0.058000 0.073600 0.073500 0.063900 0.033300 0.043100 0.043300 0.078900 0.083800 0.053200 0.052800 0.048200 0.033300 0.048200 0.043000 0.068200 0.053200 0.076700 0.048000 0.043300 0.047900 0.048200 0.063200 0.048300 0.058200 0.068200 0.063000 0.068200 0.068300 0.033200 0.048300 0.053100 0.043000 0.052900 0.063400 0.033400 0.028500
Topi 0.018900 0.145300 0.038300 0.132100 0.023600 0.014100 0.045400 0.009400 0.038200 0.065300 0.018900 0.053000 0.000000 0.014100 0.018800 0.033300 0.068400 0.068300 0.033700 0.033300 0.009400 0.014100 0.063500 0.063200 0.028500 0.028300 0.004700 0.033300 0.023700 0.043000 0.053000 0.018900 0.071300 0.004700 0.014200 0.053000 0.014200 0.028500 0.014100 0.043200 0.053000 0.038100 0.053000 0.058100 0.038200 0.018900 0.018900 0.023600 0.023600 0.058400 0.033400 0.033400
CommonDuik 0.004700 0.134500 0.023800 0.121400 0.023700 0.000000 0.029800 0.004700 0.023800 0.059800 0.004700 0.043300 0.014100 0.000000 0.014100 0.028600 0.058500 0.058400 0.019100 0.018900 0.004700 0.000100 0.053500 0.058400 0.014200 0.023600 0.009400 0.018900 0.019000 0.029700 0.043300 0.009400 0.060800 0.009400 0.000100 0.043300 0.009400 0.018900 0.009400 0.033600 0.043300 0.035900 0.043300 0.053300 0.028600 0.004700 0.014200 0.009400 0.009400 0.048500 0.019000 0.028600
Suni 0.018800 0.145100 0.038400 0.131900 0.028300 0.014100 0.046300 0.009400 0.038200 0.070300 0.018800 0.052900 0.018800 0.014100 0.000000 0.033300 0.068500 0.068400 0.033700 0.033300 0.009400 0.014100 0.063400 0.068300 0.028400 0.018800 0.014100 0.033300 0.023700 0.043100 0.053000 0.023600 0.061300 0.014100 0.014100 0.052800 0.014100 0.033300 0.014100 0.043200 0.053000 0.028400 0.053000 0.063100 0.038000 0.018900 0.018900 0.023500 0.023600 0.058300 0.033500 0.033400
Springbuck 0.033400 0.156400 0.053400 0.146100 0.043000 0.028500 0.060900 0.023700 0.053000 0.085800 0.033400 0.058000 0.033300 0.028600 0.033300 0.000000 0.073600 0.073500 0.048600 0.048000 0.023700 0.028500 0.078900 0.083800 0.043100 0.023500 0.028500 0.048000 0.018900 0.058100 0.068200 0.038300 0.087200 0.028400 0.028600 0.068100 0.028600 0.048100 0.028700 0.058200 0.068200 0.028400 0.068200 0.068300 0.053000 0.033400 0.033400 0.038000 0.038100 0.073700 0.048300 0.048200
Okapi 0.063600 0.157000 0.077600 0.121500 0.078800 0.058500 0.089900 0.058300 0.077200 0.062800 0.063700 0.073600 0.068400 0.058500 0.068500 0.073600 0.000000 0.018900 0.079700 0.072000 0.058300 0.058500 0.066600 0.071600 0.073900 0.068000 0.063400 0.072000 0.063500 0.081700 0.046100 0.068700 0.078900 0.063300 0.058500 0.073800 0.063600 0.075900 0.063600 0.046500 0.056000 0.078600 0.046100 0.056200 0.068500 0.063600 0.068500 0.058200 0.068300 0.063600 0.072200 0.076900
Giraffe 0.053400 0.156800 0.078000 0.121200 0.078700 0.058500 0.090000 0.058200 0.077500 0.073800 0.063600 0.073500 0.068300 0.058400 0.068400 0.073500 0.018900 0.000000 0.069300 0.072300 0.058200 0.058400 0.066700 0.071800 0.073800 0.068000 0.063400 0.072300 0.063500 0.082100 0.056600 0.068700 0.078800 0.063200 0.058400 0.073700 0.063500 0.076100 0.063500 0.046900 0.056300 0.078500 0.056600 0.056500 0.068400 0.063600 0.068400 0.058100 0.068200 0.063600 0.072600 0.077100
TibetanAnt 0.024000 0.153100 0.043900 0.131500 0.043700 0.019200 0.051300 0.023900 0.043700 0.081700 0.024000 0.063900 0.033700 0.019100 0.033700 0.048600 0.079700 0.069300 0.000000 0.038700 0.023900 0.019100 0.069300 0.079600 0.033800 0.043400 0.028800 0.038700 0.038800 0.048600 0.064000 0.028900 0.083100 0.028800 0.019100 0.054000 0.028900 0.038600 0.028900 0.053900 0.058700 0.053600 0.064000 0.074400 0.038800 0.024000 0.033700 0.028700 0.028700 0.069400 0.038800 0.048800
Sitatunga 0.023700 0.139800 0.004700 0.130100 0.038200 0.018900 0.052900 0.023700 0.004700 0.059900 0.023700 0.033300 0.033300 0.018900 0.033300 0.048000 0.072000 0.072300 0.038700 0.000000 0.023700 0.018900 0.053500 0.058300 0.032100 0.042900 0.028500 0.000000 0.038300 0.009300 0.043300 0.028500 0.071500 0.028500 0.018900 0.033400 0.028600 0.038300 0.028600 0.033500 0.043300 0.053000 0.043300 0.053300 0.018900 0.023700 0.033400 0.018800 0.028400 0.048500 0.000000 0.009400
Oribi 0.009400 0.134000 0.028600 0.121200 0.018900 0.004700 0.034800 0.000000 0.028500 0.059600 0.009400 0.043100 0.009400 0.004700 0.009400 0.023700 0.058300 0.058200 0.023900 0.023700 0.000000 0.004700 0.053400 0.058200 0.018900 0.018800 0.004700 0.023700 0.014200 0.033300 0.043200 0.014100 0.060700 0.004700 0.004700 0.043200 0.004700 0.023700 0.004700 0.033400 0.043200 0.028500 0.043200 0.053100 0.028500 0.009400 0.009400 0.014100 0.014100 0.048400 0.023700 0.023700
BarbaryShe 0.004700 0.134300 0.023800 0.121500 0.023700 0.000000 0.029800 0.004700 0.023700 0.059700 0.004700 0.043300 0.014100 0.000100 0.014100 0.028500 0.058500 0.058400 0.019100 0.018900 0.004700 0.000000 0.053500 0.058400 0.014200 0.023600 0.009400 0.018900 0.019000 0.028400 0.043300 0.009400 0.060800 0.009400 0.000100 0.043300 0.009400 0.018900 0.009400 0.033500 0.043300 0.033400 0.043300 0.053300 0.028600 0.004700 0.014100 0.009400 0.009400 0.048500 0.019000 0.028600
Daviddeer 0.058600 0.151500 0.058700 0.127300 0.073700 0.053600 0.089100 0.053400 0.058600 0.034800 0.058600 0.078900 0.063500 0.053500 0.063400 0.078900 0.066600 0.066700 0.069300 0.053500 0.053400 0.053500 0.000000 0.043500 0.068800 0.073400 0.058500 0.053500 0.068800 0.063500 0.019000 0.058600 0.068700 0.058400 0.053600 0.068700 0.058600 0.073700 0.058600 0.019000 0.009500 0.084100 0.019000 0.038500 0.053400 0.058600 0.063500 0.053400 0.063400 0.063700 0.053600 0.058600
Reindeer 0.063400 0.159600 0.063700 0.132100 0.068300 0.058400 0.094300 0.058200 0.063500 0.043300 0.063500 0.083800 0.063200 0.058400 0.068300 0.083800 0.071600 0.071800 0.079600 0.058300 0.058200 0.058400 0.043500 0.000000 0.073600 0.078200 0.063300 0.058300 0.073700 0.068400 0.033500 0.058400 0.068300 0.063200 0.058500 0.083900 0.066200 0.068400 0.063500 0.023800 0.033400 0.089000 0.033500 0.014100 0.068300 0.063500 0.068400 0.061900 0.068300 0.068600 0.058500 0.063500
Ibex 0.018900 0.151100 0.037400 0.137800 0.038100 0.014100 0.046400 0.018900 0.027000 0.075700 0.009400 0.053200 0.028500 0.014200 0.028400 0.043100 0.073900 0.073800 0.033800 0.032100 0.018900 0.014200 0.068800 0.073600 0.000000 0.038100 0.023700 0.032100 0.033500 0.040900 0.058200 0.023700 0.077200 0.023700 0.014200 0.058000 0.023800 0.033400 0.023800 0.048300 0.058200 0.048100 0.058200 0.068400 0.043100 0.019000 0.028500 0.023600 0.023700 0.061600 0.032300 0.038400
GyrantGaze 0.028400 0.149700 0.048000 0.142700 0.038000 0.023600 0.054300 0.018800 0.047900 0.079600 0.028400 0.052800 0.028300 0.023600 0.018800 0.023500 0.068000 0.068000 0.043400 0.042900 0.018800 0.023600 0.073400 0.078200 0.038100 0.000000 0.023600 0.042900 0.014000 0.052700 0.062900 0.033200 0.070300 0.023500 0.023600 0.062800 0.023600 0.042900 0.023600 0.052900 0.062800 0.009300 0.062900 0.062900 0.047800 0.028400 0.028400 0.033000 0.033100 0.068200 0.043000 0.043000
Hartebeest 0.014100 0.139700 0.033500 0.127000 0.023700 0.009400 0.040000 0.004700 0.033400 0.064900 0.014200 0.048200 0.004700 0.009400 0.014100 0.028500 0.063400 0.063400 0.028800 0.028500 0.004700 0.009400 0.058500 0.063300 0.023700 0.023600 0.000000 0.028500 0.018900 0.038200 0.048200 0.018900 0.066000 0.000000 0.009400 0.048300 0.009400 0.028400 0.009400 0.038400 0.048200 0.033300 0.048200 0.058200 0.033400 0.014200 0.014100 0.018800 0.018900 0.053500 0.028600 0.028600
Bongo 0.023700 0.139800 0.004700 0.130100 0.038200 0.018900 0.052900 0.023700 0.004700 0.059900 0.023700 0.033300 0.033300 0.018900 0.033300 0.048000 0.072000 0.072300 0.038700 0.000000 0.023700 0.018900 0.053500 0.058300 0.032100 0.042900 0.028500 0.000000 0.038300 0.009300 0.043300 0.028500 0.071500 0.028500 0.018900 0.033400 0.028600 0.038300 0.028600 0.033500 0.043300 0.053000 0.043300 0.053300 0.018900 0.023700 0.033400 0.018800 0.028400 0.048500 0.000000 0.009400
Gerenuk 0.023800 0.145200 0.043400 0.138200 0.033400 0.019000 0.050200 0.014200 0.043300 0.075400 0.023800 0.048200 0.023700 0.019000 0.023700 0.018900 0.063500 0.063500 0.038800 0.038300 0.014200 0.019000 0.068800 0.073700 0.033500 0.014000 0.018900 0.038300 0.000000 0.048100 0.058300 0.028600 0.076500 0.018900 0.019000 0.058300 0.019000 0.038300 0.019000 0.048300 0.058200 0.023600 0.058300 0.058300 0.043300 0.023800 0.023700 0.028400 0.028500 0.063600 0.038400 0.038400
CommonElan 0.033300 0.150800 0.014100 0.141000 0.048000 0.028500 0.062600 0.033300 0.014100 0.069700 0.033400 0.043000 0.043000 0.029700 0.043100 0.058100 0.081700 0.082100 0.048600 0.009300 0.033300 0.028400 0.063500 0.068400 0.040900 0.052700 0.038200 0.009300 0.048100 0.000000 0.053100 0.038300 0.081500 0.038100 0.028500 0.043200 0.038300 0.048000 0.038300 0.043300 0.053100 0.063000 0.053100 0.063300 0.028400 0.033400 0.043100 0.028300 0.038100 0.058200 0.009400 0.018800
MuntiacusR 0.048200 0.139200 0.048400 0.115500 0.063100 0.043300 0.078300 0.043200 0.048300 0.015600 0.048300 0.068200 0.053000 0.043300 0.053000 0.068200 0.046100 0.056600 0.064000 0.043300 0.043200 0.043300 0.019000 0.033500 0.058200 0.062900 0.048200 0.043300 0.058300 0.053100 0.000000 0.053200 0.058200 0.048100 0.043400 0.058200 0.048300 0.063200 0.048300 0.009400 0.009400 0.073300 0.000000 0.028500 0.043200 0.048300 0.053200 0.043100 0.053000 0.053300 0.043400 0.048300
HarveysDui 0.014100 0.148700 0.033600 0.132500 0.023600 0.009400 0.041300 0.014100 0.033400 0.063300 0.014100 0.053200 0.018900 0.009400 0.023600 0.038300 0.068700 0.068700 0.028900 0.028500 0.014100 0.009400 0.058600 0.058400 0.023700 0.033200 0.018900 0.028500 0.028600 0.038300 0.053200 0.000000 0.071900 0.018900 0.009400 0.053000 0.023700 0.018900 0.019000 0.043400 0.053200 0.043200 0.053200 0.053300 0.038200 0.014200 0.023700 0.020600 0.018900 0.058600 0.028700 0.038400
Pronghorn 0.066600 0.156800 0.077100 0.140700 0.082200 0.061500 0.096000 0.060700 0.076800 0.075300 0.066700 0.076700 0.071300 0.060800 0.061300 0.087200 0.078900 0.078800 0.083100 0.071500 0.060700 0.060800 0.068700 0.068300 0.077200 0.070300 0.066000 0.071500 0.076500 0.081500 0.058200 0.071900 0.000000 0.066100 0.060900 0.082500 0.066400 0.081100 0.066100 0.053200 0.058200 0.081400 0.058200 0.063100 0.066500 0.066400 0.071000 0.060400 0.071000 0.071500 0.071700 0.076500
BlueWildeb 0.014100 0.139500 0.033500 0.126600 0.023600 0.009400 0.040300 0.004700 0.033300 0.064900 0.014100 0.048000 0.004700 0.009400 0.014100 0.028400 0.063300 0.063200 0.028800 0.028500 0.004700 0.009400 0.058400 0.063200 0.023700 0.023500 0.000000 0.028500 0.018900 0.038100 0.048100 0.018900 0.066100 0.000000 0.009400 0.048100 0.009400 0.028500 0.009400 0.038300 0.048100 0.033300 0.048100 0.058100 0.033300 0.014100 0.014100 0.018800 0.018800 0.053400 0.028600 0.028500
Gemsbok 0.004700 0.134400 0.023800 0.121800 0.023700 0.000000 0.029900 0.004700 0.023800 0.059900 0.004700 0.043300 0.014200 0.000100 0.014100 0.028600 0.058500 0.058400 0.019100 0.018900 0.004700 0.000100 0.053600 0.058500 0.014200 0.023600 0.009400 0.018900 0.019000 0.028500 0.043400 0.009400 0.060900 0.009400 0.000000 0.043400 0.009400 0.018900 0.009400 0.033600 0.043300 0.033400 0.043400 0.053400 0.028600 0.004700 0.014200 0.009400 0.009400 0.048600 0.019000 0.028600
Yak 0.048000 0.151100 0.038600 0.124800 0.057800 0.043100 0.078000 0.043200 0.038300 0.075800 0.048100 0.047900 0.053000 0.043300 0.052800 0.068100 0.073800 0.073700 0.054000 0.033400 0.043200 0.043300 0.068700 0.083900 0.058000 0.062800 0.048300 0.033400 0.058300 0.043200 0.058200 0.053000 0.082500 0.048100 0.043400 0.000000 0.038400 0.063300 0.048400 0.058300 0.058200 0.073200 0.058200 0.078600 0.014100 0.048500 0.053200 0.043100 0.053000 0.063600 0.033600 0.038300
BlueSheep 0.014200 0.140400 0.033600 0.127000 0.028400 0.009400 0.040400 0.004700 0.033500 0.063500 0.014200 0.048200 0.014200 0.009400 0.014100 0.028600 0.063600 0.063500 0.028900 0.028600 0.004700 0.009400 0.058600 0.066200 0.023800 0.023600 0.009400 0.028600 0.019000 0.038300 0.048300 0.023700 0.066400 0.009400 0.009400 0.038400 0.000000 0.029900 0.009400 0.038400 0.048300 0.033400 0.048300 0.061200 0.033400 0.014200 0.014200 0.018900 0.018900 0.053600 0.028700 0.028600
BohorReedb 0.023700 0.136700 0.043300 0.143400 0.014100 0.018900 0.049600 0.023700 0.043200 0.073500 0.023800 0.063200 0.028500 0.018900 0.033300 0.048100 0.075900 0.076100 0.038600 0.038300 0.023700 0.018900 0.073700 0.068400 0.033400 0.042900 0.028400 0.038300 0.038300 0.048000 0.063200 0.018900 0.081100 0.028500 0.018900 0.063300 0.029900 0.000000 0.018900 0.053300 0.063200 0.053000 0.063200 0.063200 0.048200 0.023700 0.033300 0.029400 0.028400 0.068600 0.038300 0.048100
KirksDik 0.014200 0.128900 0.033600 0.130700 0.014200 0.009400 0.040000 0.004700 0.033500 0.065000 0.014200 0.048300 0.014100 0.009400 0.014100 0.028700 0.063600 0.063500 0.028900 0.028600 0.004700 0.009400 0.058600 0.063500 0.023800 0.023600 0.009400 0.028600 0.019000 0.038300 0.048300 0.019000 0.066100 0.009400 0.009400 0.048400 0.009400 0.018900 0.000000 0.038400 0.048200 0.033400 0.048300 0.058400 0.033500 0.014200 0.014200 0.018900 0.018900 0.053500 0.028700 0.028600
RoeDeer 0.038400 0.128400 0.038600 0.104900 0.053200 0.033500 0.068300 0.033400 0.038400 0.024700 0.038500 0.058200 0.043200 0.033600 0.043200 0.058200 0.046500 0.046900 0.053900 0.033500 0.033400 0.033500 0.019000 0.023800 0.048300 0.052900 0.038400 0.033500 0.048300 0.043300 0.009400 0.043400 0.053200 0.038300 0.033600 0.058300 0.038400 0.053300 0.038400 0.000000 0.009400 0.063200 0.009400 0.018900 0.043200 0.038500 0.043300 0.033400 0.043200 0.043400 0.033600 0.038500
WhiteLippe 0.048200 0.139300 0.048400 0.115600 0.063100 0.043300 0.078200 0.043200 0.048300 0.024600 0.048300 0.068200 0.053000 0.043300 0.053000 0.068200 0.056000 0.056300 0.058700 0.043300 0.043200 0.043300 0.009500 0.033400 0.058200 0.062800 0.048200 0.043300 0.058200 0.053100 0.009400 0.053200 0.058200 0.048100 0.043300 0.058200 0.048300 0.063200 0.048200 0.009400 0.000000 0.073300 0.009400 0.028500 0.043200 0.048300 0.053100 0.043100 0.053000 0.053300 0.043400 0.048300
ThomsonGaz 0.038200 0.162100 0.058300 0.154600 0.048000 0.033400 0.065100 0.028500 0.058000 0.090600 0.038300 0.063000 0.038100 0.035900 0.028400 0.028400 0.078600 0.078500 0.053600 0.053000 0.028500 0.033400 0.084100 0.089000 0.048100 0.009300 0.033300 0.053000 0.023600 0.063000 0.073300 0.043200 0.081400 0.033300 0.033400 0.073200 0.033400 0.053000 0.033400 0.063200 0.073300 0.000000 0.073300 0.073300 0.058000 0.038300 0.038200 0.042900 0.043000 0.078800 0.053200 0.053100
MuntiacusC 0.048200 0.139200 0.048400 0.115500 0.063100 0.043300 0.078300 0.043200 0.048300 0.015600 0.048300 0.068200 0.053000 0.043300 0.053000 0.068200 0.046100 0.056600 0.064000 0.043300 0.043200 0.043300 0.019000 0.033500 0.058200 0.062900 0.048200 0.043300 0.058300 0.053100 0.000000 0.053200 0.058200 0.048100 0.043400 0.058200 0.048300 0.063200 0.048300 0.009400 0.009400 0.073300 0.000000 0.028500 0.043200 0.048300 0.053200 0.043100 0.053000 0.053300 0.043400 0.048300
WhiteTaile 0.058300 0.153600 0.058500 0.126400 0.063200 0.053300 0.088900 0.053100 0.058300 0.038300 0.058400 0.068300 0.058100 0.053300 0.063100 0.068300 0.056200 0.056500 0.074400 0.053300 0.053100 0.053300 0.038500 0.014100 0.068400 0.062900 0.058200 0.053300 0.058300 0.063300 0.028500 0.053300 0.063100 0.058100 0.053400 0.078600 0.061200 0.063200 0.058400 0.018900 0.028500 0.073300 0.028500 0.000000 0.063100 0.058400 0.063300 0.055100 0.063100 0.063400 0.053400 0.058400
Cattle 0.033300 0.133600 0.023800 0.118900 0.042900 0.028500 0.062000 0.028500 0.023700 0.060000 0.033300 0.033200 0.038200 0.028600 0.038000 0.053000 0.068500 0.068400 0.038800 0.018900 0.028500 0.028600 0.053400 0.068300 0.043100 0.047800 0.033400 0.018900 0.043300 0.028400 0.043200 0.038200 0.066500 0.033300 0.028600 0.014100 0.033400 0.048200 0.033500 0.043200 0.043200 0.058000 0.043200 0.063100 0.000000 0.033500 0.038300 0.028400 0.038200 0.048400 0.019000 0.023700
RoyalAntel 0.009400 0.140200 0.028700 0.127100 0.028600 0.004700 0.035400 0.009400 0.028600 0.065200 0.009400 0.048300 0.018900 0.004700 0.018900 0.033400 0.063600 0.063600 0.024000 0.023700 0.009400 0.004700 0.058600 0.063500 0.019000 0.028400 0.014200 0.023700 0.023800 0.033400 0.048300 0.014200 0.066400 0.014100 0.004700 0.048500 0.014200 0.023700 0.014200 0.038500 0.048300 0.038300 0.048300 0.058400 0.033500 0.000000 0.018900 0.014100 0.014100 0.053500 0.023800 0.033500
Steenbok 0.018900 0.145400 0.038400 0.132300 0.028500 0.014100 0.044800 0.009400 0.038300 0.070400 0.018900 0.053100 0.018900 0.014200 0.018900 0.033400 0.068500 0.068400 0.033700 0.033400 0.009400 0.014100 0.063500 0.068400 0.028500 0.028400 0.014100 0.033400 0.023700 0.043100 0.053200 0.023700 0.071000 0.014100 0.014200 0.053200 0.014200 0.033300 0.014200 0.043300 0.053100 0.038200 0.053200 0.063300 0.038300 0.018900 0.000000 0.023600 0.018800 0.058400 0.033400 0.033400
Impala 0.014100 0.133800 0.023700 0.120900 0.035500 0.009400 0.039500 0.014100 0.023600 0.058100 0.014100 0.043000 0.023600 0.009400 0.023500 0.038000 0.058200 0.058100 0.028700 0.018800 0.014100 0.009400 0.053400 0.061900 0.023600 0.033000 0.018800 0.018800 0.028400 0.028300 0.043100 0.020600 0.060400 0.018800 0.009400 0.043100 0.018900 0.029400 0.018900 0.033400 0.043100 0.042900 0.043100 0.055100 0.028400 0.014100 0.023600 0.000000 0.019600 0.048300 0.018900 0.028400
Klipspring 0.014100 0.145000 0.033400 0.132000 0.033200 0.009400 0.039900 0.014100 0.033300 0.069900 0.014100 0.052900 0.023600 0.009400 0.023600 0.038100 0.068300 0.068200 0.028700 0.028400 0.014100 0.009400 0.063400 0.068300 0.023700 0.033100 0.018900 0.028400 0.028500 0.038100 0.053000 0.018900 0.071000 0.018800 0.009400 0.053000 0.018900 0.028400 0.018900 0.043200 0.053000 0.043000 0.053000 0.063100 0.038200 0.014100 0.018800 0.019600 0.000000 0.058400 0.028500 0.038200
ForestMusk 0.053500 0.140400 0.053600 0.130900 0.068500 0.048500 0.081400 0.048400 0.053500 0.070100 0.053600 0.063400 0.058400 0.048500 0.058300 0.073700 0.063600 0.063600 0.069400 0.048500 0.048400 0.048500 0.063700 0.068600 0.061600 0.068200 0.053500 0.048500 0.063600 0.058200 0.053300 0.058600 0.071500 0.053400 0.048600 0.063600 0.053600 0.068600 0.053500 0.043400 0.053300 0.078800 0.053300 0.063400 0.048400 0.053500 0.058400 0.048300 0.058400 0.000000 0.048600 0.053500
Bushbuck 0.023800 0.140200 0.004700 0.130500 0.038400 0.019000 0.053100 0.023700 0.004700 0.060100 0.023900 0.033400 0.033400 0.019000 0.033500 0.048300 0.072200 0.072600 0.038800 0.000000 0.023700 0.019000 0.053600 0.058500 0.032300 0.043000 0.028600 0.000000 0.038400 0.009400 0.043400 0.028700 0.071700 0.028600 0.019000 0.033600 0.028700 0.038300 0.028700 0.033600 0.043400 0.053200 0.043400 0.053400 0.019000 0.023800 0.033400 0.018900 0.028500 0.048600 0.000000 0.009400
GreaterKud 0.033500 0.142400 0.014100 0.137100 0.038300 0.028600 0.062900 0.023700 0.014100 0.064800 0.033500 0.028500 0.033400 0.028600 0.033400 0.048200 0.076900 0.077100 0.048800 0.009400 0.023700 0.028600 0.058600 0.063500 0.038400 0.043000 0.028600 0.009400 0.038400 0.018800 0.048300 0.038400 0.076500 0.028500 0.028600 0.038300 0.028600 0.048100 0.028600 0.038500 0.048300 0.053100 0.048300 0.058400 0.023700 0.033500 0.033400 0.028400 0.038200 0.053500 0.009400 0.000000
