1
52 1
Argali 0.000000 0.171600 0.098500 0.238500 0.082300 0.065400 0.096900 0.081900 0.098500 0.119600 0.065200 0.167900 0.082100 0.063600 0.175500 0.176500 0.154900 0.179000 0.065200 0.115800 0.131600 0.063600 0.134700 0.103300 0.065200 0.147100 0.082100 0.098500 0.142700 0.116200 0.119800 0.097500 0.135600 0.082800 0.113600 0.145900 0.048000 0.048100 0.146500 0.116600 0.100700 0.162000 0.137700 0.187500 0.145900 0.100600 0.158200 0.100500 0.099800 0.066300 0.130000 0.113300
LesserMous 0.171600 0.000000 0.213300 0.163400 0.195500 0.216600 0.208900 0.194400 0.213300 0.160900 0.194500 0.312300 0.194900 0.209500 0.253700 0.314000 0.179800 0.225500 0.215400 0.233100 0.249100 0.210500 0.138200 0.144100 0.194500 0.284300 0.194900 0.213300 0.275200 0.234000 0.161100 0.210500 0.216700 0.196800 0.228000 0.263400 0.193500 0.194300 0.186100 0.156600 0.103300 0.299500 0.180100 0.232400 0.263400 0.197200 0.272600 0.215400 0.196200 0.179000 0.246500 0.227600
LesserKudu 0.098500 0.213300 0.000000 0.241700 0.049300 0.101700 0.064400 0.049000 0.000000 0.121700 0.049000 0.080900 0.066500 0.064600 0.143200 0.126300 0.157000 0.142600 0.066200 0.016000 0.064600 0.064700 0.136400 0.105100 0.049000 0.096600 0.066500 0.000000 0.126700 0.015800 0.121800 0.064800 0.138100 0.067100 0.081000 0.046900 0.048800 0.048800 0.113900 0.155200 0.138700 0.111500 0.140100 0.116800 0.046900 0.067000 0.160500 0.049900 0.066500 0.033100 0.046900 0.031100
KillerWhal 0.238500 0.163400 0.241700 0.000000 0.266500 0.286700 0.279600 0.265000 0.241700 0.229500 0.265000 0.346300 0.265400 0.280500 0.325400 0.303600 0.207200 0.303100 0.288400 0.262500 0.279600 0.282000 0.142300 0.212000 0.265000 0.316800 0.265400 0.241700 0.264400 0.263700 0.229900 0.281700 0.290500 0.268200 0.280500 0.293800 0.263500 0.265000 0.295500 0.222900 0.165400 0.332000 0.250700 0.261900 0.293800 0.268400 0.391900 0.248400 0.267200 0.249300 0.276200 0.256500
DefassaWat 0.082300 0.195500 0.049300 0.266500 0.000000 0.084900 0.048500 0.032800 0.049300 0.104600 0.032800 0.134600 0.050000 0.048600 0.127600 0.144900 0.178200 0.125100 0.049800 0.066200 0.082300 0.048600 0.157000 0.087800 0.032800 0.115000 0.050000 0.049300 0.145400 0.066500 0.104700 0.048800 0.120900 0.050500 0.065000 0.097300 0.032600 0.032700 0.097700 0.138400 0.121700 0.130000 0.122800 0.136300 0.097300 0.050400 0.144800 0.050300 0.049900 0.016600 0.081300 0.064800
Sheep 0.065400 0.216600 0.101700 0.286700 0.084900 0.000000 0.099800 0.084400 0.101700 0.123500 0.067300 0.191300 0.084600 0.100000 0.181100 0.199500 0.198800 0.182300 0.067200 0.119600 0.135800 0.065600 0.177200 0.106700 0.067300 0.169500 0.084600 0.101700 0.198100 0.120100 0.123700 0.100600 0.140000 0.081900 0.117200 0.150600 0.049500 0.084100 0.151200 0.157600 0.140900 0.184400 0.142200 0.193800 0.150600 0.086400 0.199100 0.103800 0.103000 0.068400 0.134400 0.116900
MaxwellsDu 0.096900 0.208900 0.064400 0.279600 0.048500 0.099800 0.000000 0.048200 0.064400 0.119500 0.047900 0.148600 0.065400 0.063200 0.140800 0.158000 0.192200 0.140000 0.065100 0.081100 0.096900 0.063600 0.170800 0.103100 0.047900 0.128800 0.065400 0.064400 0.158500 0.081400 0.119700 0.063700 0.135400 0.066000 0.079600 0.111300 0.047700 0.048000 0.111800 0.152500 0.136200 0.142800 0.137600 0.150200 0.111300 0.065800 0.157100 0.065800 0.065200 0.032500 0.095600 0.079400
GazellaPrz 0.081900 0.194400 0.049000 0.265000 0.032800 0.084400 0.048200 0.000000 0.049000 0.103900 0.032600 0.133900 0.049700 0.048300 0.127000 0.110200 0.177100 0.124200 0.049500 0.065800 0.048300 0.048300 0.156300 0.087200 0.032600 0.080200 0.049700 0.049000 0.110500 0.066100 0.104100 0.048500 0.120100 0.050200 0.064600 0.096700 0.032400 0.032500 0.063600 0.137500 0.120900 0.095300 0.122100 0.135500 0.096700 0.050100 0.110000 0.050000 0.049600 0.016500 0.080800 0.064400
MountainNy 0.098500 0.213300 0.000000 0.241700 0.049300 0.101700 0.064400 0.049000 0.000000 0.121700 0.049000 0.080900 0.066500 0.064600 0.143200 0.126300 0.157000 0.142600 0.066200 0.016000 0.064600 0.064700 0.136400 0.105100 0.049000 0.096600 0.066500 0.000000 0.126700 0.015900 0.121800 0.064800 0.138100 0.067100 0.081000 0.046900 0.048800 0.048800 0.113900 0.155200 0.138700 0.111500 0.140100 0.116800 0.046900 0.067000 0.160500 0.049900 0.066500 0.033100 0.046900 0.030900
MuntiacusM 0.119600 0.160900 0.121700 0.229500 0.104600 0.123500 0.119500 0.103900 0.121700 0.000000 0.103900 0.214400 0.104100 0.119700 0.202500 0.221200 0.143000 0.128100 0.123000 0.140100 0.156300 0.119900 0.086100 0.017300 0.103900 0.191100 0.104100 0.121700 0.222000 0.140700 0.000000 0.120100 0.123200 0.105200 0.137300 0.171300 0.103400 0.103500 0.135000 0.068400 0.050700 0.206400 0.017000 0.102200 0.171300 0.124400 0.221100 0.124100 0.123900 0.087700 0.154500 0.137000
goat 0.065200 0.194500 0.049000 0.265000 0.032800 0.067300 0.047900 0.032600 0.049000 0.103900 0.000000 0.133800 0.049700 0.048200 0.126900 0.144100 0.177200 0.124400 0.032900 0.065800 0.081800 0.032100 0.156100 0.087200 0.000000 0.114200 0.049700 0.049000 0.144600 0.066100 0.104000 0.048500 0.120200 0.050200 0.064600 0.096700 0.016100 0.032500 0.097100 0.137500 0.120900 0.128500 0.122100 0.135500 0.096700 0.050100 0.143100 0.050000 0.049600 0.016500 0.080800 0.064400
AfricanBuf 0.167900 0.312300 0.080900 0.346300 0.134600 0.191300 0.148600 0.133900 0.080900 0.214400 0.133800 0.000000 0.153500 0.131800 0.211500 0.173200 0.236100 0.222800 0.152600 0.097700 0.148700 0.149000 0.227300 0.197800 0.133800 0.144500 0.153500 0.080900 0.173700 0.098100 0.214600 0.149300 0.215300 0.154900 0.166100 0.094500 0.133100 0.116200 0.200100 0.229700 0.231800 0.159000 0.234300 0.205400 0.094500 0.154300 0.230100 0.136300 0.153500 0.118800 0.094600 0.112100
Topi 0.082100 0.194900 0.066500 0.265400 0.050000 0.084600 0.065400 0.049700 0.066500 0.104100 0.049700 0.153500 0.000000 0.065500 0.145200 0.128400 0.177700 0.144900 0.067200 0.083700 0.099900 0.065600 0.156400 0.087400 0.049700 0.132900 0.000000 0.066500 0.128800 0.084100 0.104300 0.065700 0.120400 0.000000 0.081700 0.114800 0.049500 0.049500 0.115300 0.137800 0.121200 0.148100 0.122400 0.155100 0.114800 0.067900 0.162900 0.067800 0.067400 0.033600 0.098600 0.081900
CommonDuik 0.063600 0.209500 0.064600 0.280500 0.048600 0.100000 0.063200 0.048300 0.064600 0.119700 0.048200 0.131800 0.065500 0.000000 0.141100 0.141900 0.192600 0.140300 0.065200 0.081200 0.097000 0.063700 0.171200 0.103300 0.048000 0.112500 0.065500 0.064600 0.142300 0.081600 0.119900 0.063900 0.135700 0.066100 0.079800 0.111500 0.047300 0.015800 0.111900 0.116700 0.136500 0.126600 0.137800 0.150500 0.111500 0.065900 0.123700 0.065800 0.065400 0.032600 0.095800 0.079600
Suni 0.175500 0.253700 0.143200 0.325400 0.127600 0.181100 0.140800 0.127000 0.143200 0.202500 0.126900 0.211500 0.145200 0.141100 0.000000 0.234800 0.237000 0.186400 0.144500 0.160200 0.141000 0.141300 0.253500 0.186900 0.126900 0.207100 0.145200 0.143200 0.235500 0.160900 0.202800 0.108700 0.180300 0.146500 0.157400 0.188800 0.126200 0.126400 0.155300 0.234800 0.219000 0.221000 0.221000 0.231500 0.188800 0.146100 0.166000 0.145900 0.145000 0.112500 0.173400 0.123300
Springbuck 0.176500 0.314000 0.126300 0.303600 0.144900 0.199500 0.158000 0.110200 0.126300 0.221200 0.144100 0.173200 0.128400 0.141900 0.234800 0.000000 0.218300 0.205800 0.162100 0.143100 0.092200 0.124800 0.234700 0.205600 0.144100 0.089800 0.128400 0.126300 0.028300 0.143700 0.221500 0.125200 0.163800 0.129600 0.140700 0.171600 0.143400 0.127100 0.139400 0.234800 0.237900 0.073000 0.240100 0.177000 0.171600 0.164000 0.167800 0.146700 0.128200 0.129600 0.156500 0.140200
Okapi 0.154900 0.179800 0.157000 0.207200 0.178200 0.198800 0.192200 0.177100 0.157000 0.143000 0.177200 0.236100 0.177700 0.192600 0.237000 0.218300 0.000000 0.086300 0.176800 0.175800 0.192000 0.155500 0.103300 0.126000 0.177200 0.226900 0.177700 0.157000 0.219600 0.176500 0.143200 0.155400 0.121700 0.179400 0.172600 0.206600 0.176200 0.177300 0.228700 0.159200 0.104900 0.203700 0.162100 0.137400 0.206600 0.200200 0.297100 0.180800 0.160000 0.161100 0.189900 0.171900
Giraffe 0.179000 0.225500 0.142600 0.303100 0.125100 0.182300 0.140000 0.124200 0.142600 0.128100 0.124400 0.222800 0.144900 0.140300 0.186400 0.205800 0.086300 0.000000 0.124100 0.161800 0.178500 0.103600 0.183900 0.110700 0.124400 0.214000 0.144900 0.142600 0.245500 0.162500 0.128300 0.103900 0.106600 0.146300 0.121100 0.193400 0.123700 0.123900 0.194300 0.163500 0.146100 0.190600 0.147500 0.123000 0.193400 0.145600 0.244400 0.145700 0.106800 0.107800 0.176500 0.158100
TibetanAnt 0.065200 0.215400 0.066200 0.288400 0.049800 0.067200 0.065100 0.049500 0.066200 0.123000 0.032900 0.152600 0.067200 0.065200 0.144500 0.162100 0.176800 0.124100 0.000000 0.083400 0.099500 0.032100 0.176000 0.106200 0.032900 0.132200 0.067200 0.066200 0.162600 0.083700 0.123200 0.065500 0.139300 0.067800 0.081800 0.114300 0.016100 0.049300 0.114800 0.156900 0.140200 0.147300 0.141600 0.154600 0.114300 0.067600 0.161900 0.067500 0.067000 0.033400 0.098300 0.081600
Sitatunga 0.115800 0.233100 0.016000 0.262500 0.066200 0.119600 0.081100 0.065800 0.016000 0.140100 0.065800 0.097700 0.083700 0.081200 0.160200 0.143100 0.175800 0.161800 0.083400 0.000000 0.081200 0.081400 0.154700 0.123500 0.065800 0.113400 0.083700 0.016000 0.143500 0.000000 0.140200 0.081600 0.138600 0.084500 0.097900 0.062900 0.065500 0.065600 0.131100 0.173800 0.157300 0.128300 0.158700 0.134500 0.062900 0.084300 0.177700 0.067100 0.083700 0.050000 0.063300 0.047400
Oribi 0.131600 0.249100 0.064600 0.279600 0.082300 0.135800 0.096900 0.048300 0.064600 0.156300 0.081800 0.148700 0.099900 0.097000 0.141000 0.092200 0.192000 0.178500 0.099500 0.081200 0.000000 0.097200 0.170700 0.139900 0.081800 0.062600 0.099900 0.064600 0.092500 0.081600 0.156500 0.097400 0.136300 0.100800 0.113600 0.111400 0.081400 0.081500 0.079100 0.188500 0.173200 0.077500 0.174900 0.150100 0.111400 0.100600 0.091500 0.083300 0.100100 0.066300 0.095900 0.046900
BarbaryShe 0.063600 0.210500 0.064700 0.282000 0.048600 0.065600 0.063600 0.048300 0.064700 0.119900 0.032100 0.149000 0.065600 0.063700 0.141300 0.124800 0.155500 0.103600 0.032100 0.081400 0.097200 0.000000 0.172100 0.103500 0.032100 0.129200 0.065600 0.064700 0.159000 0.081700 0.120000 0.031500 0.100200 0.066200 0.047200 0.111700 0.015800 0.048200 0.112400 0.153500 0.137100 0.110200 0.138000 0.115300 0.111700 0.066000 0.158300 0.065900 0.032200 0.032600 0.096000 0.079700
Daviddeer 0.134700 0.138200 0.136400 0.142300 0.157000 0.177200 0.170800 0.156300 0.136400 0.086100 0.156100 0.227300 0.156400 0.171200 0.253500 0.234700 0.103300 0.183900 0.176000 0.154700 0.170700 0.172100 0.000000 0.069500 0.156100 0.205100 0.156400 0.136400 0.198700 0.155300 0.086200 0.172000 0.176600 0.157900 0.171200 0.185200 0.155300 0.155900 0.186400 0.083900 0.033300 0.219800 0.104000 0.117900 0.185200 0.178000 0.273400 0.159300 0.177300 0.140500 0.168700 0.151200
Reindeer 0.103300 0.144100 0.105100 0.212000 0.087800 0.106700 0.103100 0.087200 0.105100 0.017300 0.087200 0.197800 0.087400 0.103300 0.186900 0.205600 0.126000 0.110700 0.106200 0.123500 0.139900 0.103500 0.069500 0.000000 0.087200 0.174900 0.087400 0.105100 0.206300 0.124000 0.017400 0.103700 0.106400 0.088300 0.121000 0.155300 0.086800 0.086900 0.156000 0.051700 0.034400 0.190400 0.034800 0.085900 0.155300 0.107500 0.205400 0.107200 0.107000 0.070700 0.138400 0.120700
Ibex 0.065200 0.194500 0.049000 0.265000 0.032800 0.067300 0.047900 0.032600 0.049000 0.103900 0.000000 0.133800 0.049700 0.048000 0.126900 0.144100 0.177200 0.124400 0.032900 0.065800 0.081800 0.032100 0.156100 0.087200 0.000000 0.114200 0.049700 0.049000 0.144600 0.066100 0.104000 0.048500 0.120200 0.050200 0.064600 0.096700 0.016100 0.032500 0.097100 0.137500 0.120900 0.128500 0.122100 0.135500 0.096700 0.050100 0.143100 0.050000 0.049600 0.016500 0.080800 0.064400
GyrantGaze 0.147100 0.284300 0.096600 0.316800 0.115000 0.169500 0.128800 0.080200 0.096600 0.191100 0.114200 0.144500 0.132900 0.112500 0.207100 0.089800 0.226900 0.214000 0.132200 0.113400 0.062600 0.129200 0.205100 0.174900 0.114200 0.000000 0.132900 0.096600 0.090000 0.113900 0.191400 0.129600 0.170100 0.134100 0.145700 0.143000 0.113700 0.097200 0.110400 0.205200 0.208100 0.044500 0.171800 0.183600 0.143000 0.133800 0.139700 0.116300 0.132900 0.099200 0.127500 0.111100
Hartebeest 0.082100 0.194900 0.066500 0.265400 0.050000 0.084600 0.065400 0.049700 0.066500 0.104100 0.049700 0.153500 0.000000 0.065500 0.145200 0.128400 0.177700 0.144900 0.067200 0.083700 0.099900 0.065600 0.156400 0.087400 0.049700 0.132900 0.000000 0.066500 0.128800 0.084100 0.104300 0.065700 0.120400 0.000000 0.081700 0.114800 0.049500 0.049500 0.115300 0.137800 0.121200 0.148100 0.122400 0.155100 0.114800 0.067900 0.162900 0.067800 0.067400 0.033600 0.098600 0.081900
Bongo 0.098500 0.213300 0.000000 0.241700 0.049300 0.101700 0.064400 0.049000 0.000000 0.121700 0.049000 0.080900 0.066500 0.064600 0.143200 0.126300 0.157000 0.142600 0.066200 0.016000 0.064600 0.064700 0.136400 0.105100 0.049000 0.096600 0.066500 0.000000 0.126700 0.015900 0.121800 0.064800 0.138100 0.067100 0.081000 0.046900 0.048800 0.048800 0.113900 0.155200 0.138700 0.111500 0.140100 0.116800 0.046900 0.067000 0.160500 0.049900 0.066500 0.033100 0.046300 0.031200
Gerenuk 0.142700 0.275200 0.126700 0.264400 0.145400 0.198100 0.158500 0.110500 0.126700 0.222000 0.144600 0.173700 0.128800 0.142300 0.235500 0.028300 0.219600 0.245500 0.162600 0.143500 0.092500 0.159000 0.198700 0.206300 0.144600 0.090000 0.128800 0.126700 0.000000 0.144100 0.222300 0.159500 0.200700 0.130000 0.175300 0.172100 0.143800 0.127500 0.139800 0.235600 0.201400 0.103900 0.240900 0.213400 0.172100 0.164200 0.168200 0.147100 0.163600 0.130000 0.156900 0.140600
CommonElan 0.116200 0.234000 0.015800 0.263700 0.066500 0.120100 0.081400 0.066100 0.015900 0.140700 0.066100 0.098100 0.084100 0.081600 0.160900 0.143700 0.176500 0.162500 0.083700 0.000000 0.081600 0.081700 0.155300 0.124000 0.066100 0.113900 0.084100 0.015900 0.144100 0.000000 0.140800 0.081900 0.139100 0.084800 0.098300 0.063200 0.065800 0.065800 0.131600 0.174500 0.157900 0.128800 0.159400 0.135000 0.063200 0.084700 0.178500 0.067300 0.084100 0.050200 0.063300 0.047300
MuntiacusR 0.119800 0.161100 0.121800 0.229900 0.104700 0.123700 0.119700 0.104100 0.121800 0.000000 0.104000 0.214600 0.104300 0.119900 0.202800 0.221500 0.143200 0.128300 0.123200 0.140200 0.156500 0.120000 0.086200 0.017400 0.104000 0.191400 0.104300 0.121800 0.222300 0.140800 0.000000 0.120300 0.123300 0.105300 0.137500 0.171500 0.103500 0.103600 0.135200 0.068500 0.051600 0.206700 0.017100 0.103100 0.171500 0.124600 0.221400 0.124300 0.124100 0.087800 0.155100 0.137600
HarveysDui 0.097500 0.210500 0.064800 0.281700 0.048800 0.100600 0.063700 0.048500 0.064800 0.120100 0.048500 0.149300 0.065700 0.063900 0.108700 0.125200 0.155400 0.103900 0.065500 0.081600 0.097400 0.031500 0.172000 0.103700 0.048500 0.129600 0.065700 0.064800 0.159500 0.081900 0.120300 0.000000 0.100400 0.066400 0.047300 0.111900 0.048300 0.048300 0.112500 0.153400 0.137000 0.110500 0.138300 0.115600 0.111900 0.066200 0.158800 0.066100 0.032300 0.032700 0.096200 0.079900
Pronghorn 0.135600 0.216700 0.138100 0.290500 0.120900 0.140000 0.135400 0.120100 0.138100 0.123200 0.120200 0.215300 0.120400 0.135700 0.180300 0.163800 0.121700 0.106600 0.139300 0.138600 0.136300 0.100200 0.176600 0.106400 0.120200 0.170100 0.120400 0.138100 0.200700 0.139100 0.123300 0.100400 0.000000 0.121600 0.117200 0.187200 0.119600 0.119700 0.151400 0.156000 0.140400 0.149000 0.141800 0.155400 0.187200 0.140900 0.199700 0.140600 0.103200 0.104100 0.170800 0.153100
BlueWildeb 0.082800 0.196800 0.067100 0.268200 0.050500 0.081900 0.066000 0.050200 0.067100 0.105200 0.050200 0.154900 0.000000 0.066100 0.146500 0.129600 0.179400 0.146300 0.067800 0.084500 0.100800 0.066200 0.157900 0.088300 0.050200 0.134100 0.000000 0.067100 0.130000 0.084800 0.105300 0.066400 0.121600 0.000000 0.082900 0.115800 0.049900 0.050000 0.116300 0.139100 0.122300 0.149500 0.123600 0.156600 0.115800 0.068400 0.164300 0.068400 0.068000 0.033900 0.099500 0.082700
Gemsbok 0.113600 0.228000 0.081000 0.280500 0.065000 0.117200 0.079600 0.064600 0.081000 0.137300 0.064600 0.166100 0.081700 0.079800 0.157400 0.140700 0.172600 0.121100 0.081800 0.097900 0.113600 0.047200 0.171200 0.121000 0.064600 0.145700 0.081700 0.081000 0.175300 0.098300 0.137500 0.047300 0.117200 0.082900 0.000000 0.127900 0.064200 0.064300 0.128400 0.170400 0.154100 0.126200 0.155600 0.132000 0.127900 0.082700 0.174700 0.082600 0.048400 0.049000 0.112200 0.095800
Yak 0.145900 0.263400 0.046900 0.293800 0.097300 0.150600 0.111300 0.096700 0.046900 0.171300 0.096700 0.094500 0.114800 0.111500 0.188800 0.171600 0.206600 0.193400 0.114300 0.062900 0.111400 0.111700 0.185200 0.155300 0.096700 0.143000 0.114800 0.046900 0.172100 0.063200 0.171500 0.111900 0.187200 0.115800 0.127900 0.000000 0.096200 0.096300 0.160600 0.204200 0.188100 0.157300 0.189800 0.164600 0.000000 0.115500 0.206200 0.098400 0.114800 0.081600 0.093100 0.077400
BlueSheep 0.048000 0.193500 0.048800 0.263500 0.032600 0.049500 0.047700 0.032400 0.048800 0.103400 0.016100 0.133100 0.049500 0.047300 0.126200 0.143400 0.176200 0.123700 0.016100 0.065500 0.081400 0.015800 0.155300 0.086800 0.016100 0.113700 0.049500 0.048800 0.143800 0.065800 0.103500 0.048300 0.119600 0.049900 0.064200 0.096200 0.000000 0.032300 0.096700 0.136800 0.120300 0.127900 0.121400 0.134800 0.096200 0.049800 0.142400 0.049700 0.049400 0.016400 0.080500 0.064100
BohorReedb 0.048100 0.194300 0.048800 0.265000 0.032700 0.084100 0.048000 0.032500 0.048800 0.103500 0.032500 0.116200 0.049500 0.015800 0.126400 0.127100 0.177300 0.123900 0.049300 0.065600 0.081500 0.048200 0.155900 0.086900 0.032500 0.097200 0.049500 0.048800 0.127500 0.065800 0.103600 0.048300 0.119700 0.050000 0.064300 0.096300 0.032300 0.000000 0.097000 0.101200 0.120800 0.112300 0.121600 0.134900 0.096300 0.049900 0.109700 0.049800 0.049400 0.016400 0.080500 0.064200
KirksDik 0.146500 0.186100 0.113900 0.295500 0.097700 0.151200 0.111800 0.063600 0.113900 0.135000 0.097100 0.200100 0.115300 0.111900 0.155300 0.139400 0.228700 0.194300 0.114800 0.131100 0.079100 0.112400 0.186400 0.156000 0.097100 0.110400 0.115300 0.113900 0.139800 0.131600 0.135200 0.112500 0.151400 0.116300 0.128400 0.160600 0.096700 0.097000 0.000000 0.166300 0.151600 0.124900 0.153000 0.202500 0.160600 0.116100 0.106300 0.115800 0.115100 0.082000 0.145000 0.128300
RoeDeer 0.116600 0.156600 0.155200 0.222900 0.138400 0.157600 0.152500 0.137500 0.155200 0.068400 0.137500 0.229700 0.137800 0.116700 0.234800 0.234800 0.159200 0.163500 0.156900 0.173800 0.188500 0.153500 0.083900 0.051700 0.137500 0.205200 0.137800 0.155200 0.235600 0.174500 0.068500 0.153400 0.156000 0.139100 0.170400 0.204200 0.136800 0.101200 0.166300 0.000000 0.050200 0.220300 0.086100 0.136300 0.204200 0.158800 0.214800 0.158400 0.158200 0.121900 0.187500 0.170000
WhiteLippe 0.100700 0.103300 0.138700 0.165400 0.121700 0.140900 0.136200 0.120900 0.138700 0.050700 0.120900 0.231800 0.121200 0.136500 0.219000 0.237900 0.104900 0.146100 0.140200 0.157300 0.173200 0.137100 0.033300 0.034400 0.120900 0.208100 0.121200 0.138700 0.201400 0.157900 0.051600 0.137000 0.140400 0.122300 0.154100 0.188100 0.120300 0.120800 0.151600 0.050200 0.000000 0.223100 0.068800 0.119100 0.188100 0.141900 0.237700 0.141600 0.141300 0.105000 0.171400 0.153800
ThomsonGaz 0.162000 0.299500 0.111500 0.332000 0.130000 0.184400 0.142800 0.095300 0.111500 0.206400 0.128500 0.159000 0.148100 0.126600 0.221000 0.073000 0.203700 0.190600 0.147300 0.128300 0.077500 0.110200 0.219800 0.190400 0.128500 0.044500 0.148100 0.111500 0.103900 0.128800 0.206700 0.110500 0.149000 0.149500 0.126200 0.157300 0.127900 0.112300 0.124900 0.220300 0.223100 0.000000 0.187100 0.162400 0.157300 0.148900 0.152600 0.131600 0.113300 0.114500 0.141900 0.125800
MuntiacusC 0.137700 0.180100 0.140100 0.250700 0.122800 0.142200 0.137600 0.122100 0.140100 0.017000 0.122100 0.234300 0.122400 0.137800 0.221000 0.240100 0.162100 0.147500 0.141600 0.158700 0.174900 0.138000 0.104000 0.034800 0.122100 0.171800 0.122400 0.140100 0.240900 0.159400 0.017100 0.138300 0.141800 0.123600 0.155600 0.189800 0.121400 0.121600 0.153000 0.086100 0.068800 0.187100 0.000000 0.120200 0.189800 0.143200 0.240200 0.142900 0.142600 0.106000 0.172900 0.155300
WhiteTaile 0.187500 0.232400 0.116800 0.261900 0.136300 0.193800 0.150200 0.135500 0.116800 0.102200 0.135500 0.205400 0.155100 0.150500 0.231500 0.177000 0.137400 0.123000 0.154600 0.134500 0.150100 0.115300 0.117900 0.085900 0.135500 0.183600 0.155100 0.116800 0.213400 0.135000 0.103100 0.115600 0.155400 0.156600 0.132000 0.164600 0.134800 0.134900 0.202500 0.136300 0.119100 0.162400 0.120200 0.000000 0.164600 0.156400 0.232600 0.138000 0.119200 0.120000 0.148500 0.131600
Cattle 0.145900 0.263400 0.046900 0.293800 0.097300 0.150600 0.111300 0.096700 0.046900 0.171300 0.096700 0.094500 0.114800 0.111500 0.188800 0.171600 0.206600 0.193400 0.114300 0.062900 0.111400 0.111700 0.185200 0.155300 0.096700 0.143000 0.114800 0.046900 0.172100 0.063200 0.171500 0.111900 0.187200 0.115800 0.127900 0.000000 0.096200 0.096300 0.160600 0.204200 0.188100 0.157300 0.189800 0.164600 0.000000 0.115500 0.206200 0.098400 0.114800 0.081600 0.093100 0.077400
RoyalAntel 0.100600 0.197200 0.067000 0.268400 0.050400 0.086400 0.065800 0.050100 0.067000 0.124400 0.050100 0.154300 0.067900 0.065900 0.146100 0.164000 0.200200 0.145600 0.067600 0.084300 0.100600 0.066000 0.178000 0.107500 0.050100 0.133800 0.067900 0.067000 0.164200 0.084700 0.124600 0.066200 0.140900 0.068400 0.082700 0.115500 0.049800 0.049900 0.116100 0.158800 0.141900 0.148900 0.143200 0.156400 0.115500 0.000000 0.163700 0.068300 0.033200 0.033800 0.099400 0.082500
Steenbok 0.158200 0.272600 0.160500 0.391900 0.144800 0.199100 0.157100 0.110000 0.160500 0.221100 0.143100 0.230100 0.162900 0.123700 0.166000 0.167800 0.297100 0.244400 0.161900 0.177700 0.091500 0.158300 0.273400 0.205400 0.143100 0.139700 0.162900 0.160500 0.168200 0.178500 0.221400 0.158800 0.199700 0.164300 0.174700 0.206200 0.142400 0.109700 0.106300 0.214800 0.237700 0.152600 0.240200 0.232600 0.206200 0.163700 0.000000 0.163400 0.162500 0.129500 0.190700 0.140000
Impala 0.100500 0.215400 0.049900 0.248400 0.050300 0.103800 0.065800 0.050000 0.049900 0.124100 0.050000 0.136300 0.067800 0.065800 0.145900 0.146700 0.180800 0.145700 0.067500 0.067100 0.083300 0.065900 0.159300 0.107200 0.050000 0.116300 0.067800 0.049900 0.147100 0.067300 0.124300 0.066100 0.140600 0.068400 0.082600 0.098400 0.049700 0.049800 0.115800 0.158400 0.141600 0.131600 0.142900 0.138000 0.098400 0.068300 0.163400 0.000000 0.067600 0.033800 0.082300 0.065600
Klipspring 0.099800 0.196200 0.066500 0.267200 0.049900 0.103000 0.065200 0.049600 0.066500 0.123900 0.049600 0.153500 0.067400 0.065400 0.145000 0.128200 0.160000 0.106800 0.067000 0.083700 0.100100 0.032200 0.177300 0.107000 0.049600 0.132900 0.067400 0.066500 0.163600 0.084100 0.124100 0.032300 0.103200 0.068000 0.048400 0.114800 0.049400 0.049400 0.115100 0.158200 0.141300 0.113300 0.142600 0.119200 0.114800 0.033200 0.162500 0.067600 0.000000 0.033500 0.098700 0.081900
ForestMusk 0.066300 0.179000 0.033100 0.249300 0.016600 0.068400 0.032500 0.016500 0.033100 0.087700 0.016500 0.118800 0.033600 0.032600 0.112500 0.129600 0.161100 0.107800 0.033400 0.050000 0.066300 0.032600 0.140500 0.070700 0.016500 0.099200 0.033600 0.033100 0.130000 0.050200 0.087800 0.032700 0.104100 0.033900 0.049000 0.081600 0.016400 0.016400 0.082000 0.121900 0.105000 0.114500 0.106000 0.120000 0.081600 0.033800 0.129500 0.033800 0.033500 0.000000 0.065500 0.049000
Bushbuck 0.130000 0.246500 0.046900 0.276200 0.081300 0.134400 0.095600 0.080800 0.046900 0.154500 0.080800 0.094600 0.098600 0.095800 0.173400 0.156500 0.189900 0.176500 0.098300 0.063300 0.095900 0.096000 0.168700 0.138400 0.080800 0.127500 0.098600 0.046300 0.156900 0.063300 0.155100 0.096200 0.170800 0.099500 0.112200 0.093100 0.080500 0.080500 0.145000 0.187500 0.171400 0.141900 0.172900 0.148500 0.093100 0.099400 0.190700 0.082300 0.098700 0.065500 0.000000 0.045600
GreaterKud 0.113300 0.227600 0.031100 0.256500 0.064800 0.116900 0.079400 0.064400 0.030900 0.137000 0.064400 0.112100 0.081900 0.079600 0.123300 0.140200 0.171900 0.158100 0.081600 0.047400 0.046900 0.079700 0.151200 0.120700 0.064400 0.111100 0.081900 0.031200 0.140600 0.047300 0.137600 0.079900 0.153100 0.082700 0.095800 0.077400 0.064100 0.064200 0.128300 0.170000 0.153800 0.125800 0.155300 0.131600 0.077400 0.082500 0.140000 0.065600 0.081900 0.049000 0.045600 0.000000
