CODONML (in paml version 4.10.7, June 2023)  /home/rachel/ruminants_paml/6406-phy-tree/ENSBTAT00000021191.fasta.phy
Model: free dN/dS Ratios for branches,  kappa = 2.000 fixed

Codon frequency model: F3x4
ns =  54  ls =  51

Codon usage in sequences
--------------------------------------------------------------------------------------------------------------------------------------
Phe TTT   1   1   1   1   1   1 | Ser TCT   0   0   0   0   0   0 | Tyr TAT   0   0   0   0   0   0 | Cys TGT   0   0   0   0   0   0
    TTC   1   0   1   1   1   0 |     TCC   0   0   0   0   0   0 |     TAC   1   1   1   1   1   1 |     TGC   0   0   0   0   0   0
Leu TTA   0   0   0   0   0   0 |     TCA   0   0   0   0   0   1 | *** TAA   0   0   0   0   0   0 | *** TGA   0   0   0   0   0   0
    TTG   0   0   0   0   1   1 |     TCG   0   0   0   0   0   0 |     TAG   0   0   0   0   0   0 | Trp TGG   2   2   2   2   2   2
--------------------------------------------------------------------------------------------------------------------------------------
Leu CTT   0   0   0   0   0   0 | Pro CCT   1   1   1   1   1   1 | His CAT   1   2   1   1   1   1 | Arg CGT   0   0   0   0   0   0
    CTC   0   1   0   0   0   0 |     CCC   1   1   1   1   1   1 |     CAC   1   1   1   1   1   1 |     CGC   0   0   0   0   0   0
    CTA   0   0   0   0   0   0 |     CCA   2   1   2   1   1   2 | Gln CAA   0   0   0   0   0   1 |     CGA   1   1   1   1   1   0
    CTG   2   1   2   2   1   2 |     CCG   0   1   0   1   1   0 |     CAG   0   0   0   0   1   0 |     CGG   1   1   1   1   1   1
--------------------------------------------------------------------------------------------------------------------------------------
Ile ATT   2   3   2   2   2   1 | Thr ACT   0   1   0   0   0   0 | Asn AAT   0   0   0   0   0   0 | Ser AGT   1   1   1   1   1   1
    ATC   1   1   1   1   1   1 |     ACC   0   0   0   0   1   1 |     AAC   1   1   1   1   1   1 |     AGC   0   0   0   0   0   0
    ATA   1   0   1   1   1   1 |     ACA   4   1   4   4   3   2 | Lys AAA   1   0   2   1   0   1 | Arg AGA   0   0   0   0   0   0
Met ATG   1   1   1   1   1   1 |     ACG   0   1   0   0   1   0 |     AAG   5   5   5   5   4   5 |     AGG   1   1   1   1   2   1
--------------------------------------------------------------------------------------------------------------------------------------
Val GTT   0   0   0   0   1   2 | Ala GCT   0   0   0   0   0   0 | Asp GAT   0   1   0   0   0   0 | Gly GGT   0   0   0   0   1   0
    GTC   1   1   1   1   0   0 |     GCC   2   2   2   2   2   2 |     GAC   3   2   3   3   3   3 |     GGC   0   0   0   0   0   0
    GTA   0   0   0   0   0   0 |     GCA   0   1   0   0   0   0 | Glu GAA   2   2   1   2   2   2 |     GGA   1   1   1   0   0   1
    GTG   3   4   3   3   2   3 |     GCG   0   0   0   0   0   0 |     GAG   5   5   5   5   5   5 |     GGG   1   1   1   2   1   1
--------------------------------------------------------------------------------------------------------------------------------------

--------------------------------------------------------------------------------------------------------------------------------------
Phe TTT   1   1   1   1   1   1 | Ser TCT   0   0   0   0   0   0 | Tyr TAT   0   0   0   0   0   0 | Cys TGT   0   0   0   0   0   0
    TTC   1   1   1   1   1   1 |     TCC   0   0   0   0   0   0 |     TAC   1   1   1   1   1   1 |     TGC   0   0   0   0   0   0
Leu TTA   0   0   0   0   0   0 |     TCA   0   0   0   0   0   0 | *** TAA   0   0   0   0   0   0 | *** TGA   0   0   0   0   0   0
    TTG   0   0   0   0   0   0 |     TCG   0   0   0   0   0   0 |     TAG   0   0   0   0   0   0 | Trp TGG   2   2   2   2   2   2
--------------------------------------------------------------------------------------------------------------------------------------
Leu CTT   0   0   0   0   0   0 | Pro CCT   1   1   1   0   1   1 | His CAT   1   1   1   1   1   1 | Arg CGT   0   0   0   0   0   0
    CTC   0   0   0   0   0   0 |     CCC   1   1   1   1   1   1 |     CAC   1   1   1   1   1   1 |     CGC   0   0   0   0   0   0
    CTA   0   0   0   0   0   0 |     CCA   2   2   2   2   2   2 | Gln CAA   0   0   0   0   0   0 |     CGA   1   1   1   1   1   1
    CTG   2   2   2   2   2   2 |     CCG   0   0   0   1   0   0 |     CAG   0   0   0   0   0   0 |     CGG   1   1   1   1   1   1
--------------------------------------------------------------------------------------------------------------------------------------
Ile ATT   2   2   2   2   2   2 | Thr ACT   0   0   0   0   0   0 | Asn AAT   0   0   0   0   0   0 | Ser AGT   1   1   1   0   1   1
    ATC   1   1   1   1   1   1 |     ACC   0   0   0   0   0   0 |     AAC   1   1   2   2   1   1 |     AGC   0   0   0   1   0   0
    ATA   1   1   1   1   1   1 |     ACA   4   4   4   4   4   4 | Lys AAA   1   1   1   2   2   1 | Arg AGA   0   0   0   0   0   0
Met ATG   1   1   1   1   1   1 |     ACG   0   0   0   0   0   0 |     AAG   5   5   5   4   5   5 |     AGG   1   1   1   1   1   1
--------------------------------------------------------------------------------------------------------------------------------------
Val GTT   0   0   0   0   0   0 | Ala GCT   0   0   0   0   0   0 | Asp GAT   0   0   0   1   0   0 | Gly GGT   0   0   0   0   0   0
    GTC   1   1   1   1   1   1 |     GCC   2   2   2   2   2   2 |     GAC   3   3   2   2   3   3 |     GGC   0   0   0   0   0   0
    GTA   0   0   0   0   0   0 |     GCA   0   0   0   0   0   0 | Glu GAA   2   2   2   1   1   2 |     GGA   1   1   1   1   1   1
    GTG   3   3   3   3   3   3 |     GCG   0   0   0   0   0   0 |     GAG   5   5   5   5   5   5 |     GGG   1   1   1   1   1   1
--------------------------------------------------------------------------------------------------------------------------------------

--------------------------------------------------------------------------------------------------------------------------------------
Phe TTT   1   1   1   1   1   1 | Ser TCT   0   0   0   0   0   0 | Tyr TAT   0   0   0   0   0   0 | Cys TGT   0   0   0   0   0   0
    TTC   1   1   1   1   1   1 |     TCC   0   0   0   0   0   0 |     TAC   1   1   1   1   1   1 |     TGC   0   0   0   0   0   0
Leu TTA   0   0   0   0   0   0 |     TCA   0   0   0   0   0   0 | *** TAA   0   0   0   0   0   0 | *** TGA   0   0   0   0   0   0
    TTG   0   0   0   0   0   0 |     TCG   0   0   0   0   0   0 |     TAG   0   0   0   0   0   0 | Trp TGG   2   2   2   2   2   2
--------------------------------------------------------------------------------------------------------------------------------------
Leu CTT   0   0   0   0   0   0 | Pro CCT   1   1   1   1   1   1 | His CAT   0   1   1   1   1   1 | Arg CGT   1   0   0   0   0   0
    CTC   0   0   0   0   0   0 |     CCC   1   1   1   1   1   1 |     CAC   1   1   1   1   1   1 |     CGC   0   0   0   0   0   0
    CTA   0   1   0   0   0   0 |     CCA   2   2   2   2   2   2 | Gln CAA   0   0   0   0   0   0 |     CGA   1   1   1   1   1   1
    CTG   2   1   2   2   2   2 |     CCG   0   0   0   0   0   0 |     CAG   0   0   0   0   0   0 |     CGG   1   1   1   1   1   1
--------------------------------------------------------------------------------------------------------------------------------------
Ile ATT   2   2   2   2   1   2 | Thr ACT   0   0   0   0   0   0 | Asn AAT   0   0   0   0   0   0 | Ser AGT   1   1   1   1   1   1
    ATC   1   1   1   1   1   1 |     ACC   0   0   0   0   0   0 |     AAC   1   1   1   1   1   1 |     AGC   0   0   0   0   0   0
    ATA   1   1   1   1   1   1 |     ACA   4   4   2   4   4   3 | Lys AAA   1   1   1   1   1   1 | Arg AGA   0   0   0   0   0   0
Met ATG   1   2   2   1   1   1 |     ACG   0   0   1   0   0   1 |     AAG   5   5   5   5   5   5 |     AGG   1   1   1   1   1   1
--------------------------------------------------------------------------------------------------------------------------------------
Val GTT   0   0   0   0   1   1 | Ala GCT   0   0   0   0   0   0 | Asp GAT   0   0   0   0   0   1 | Gly GGT   0   0   0   0   0   0
    GTC   1   1   1   1   1   1 |     GCC   2   2   2   2   2   2 |     GAC   3   3   3   3   3   2 |     GGC   0   0   0   0   0   0
    GTA   0   0   0   0   0   0 |     GCA   0   0   1   0   0   0 | Glu GAA   2   3   2   2   2   2 |     GGA   1   1   1   1   1   1
    GTG   3   2   2   3   3   2 |     GCG   0   0   0   0   0   0 |     GAG   5   4   5   5   5   5 |     GGG   1   1   1   1   1   1
--------------------------------------------------------------------------------------------------------------------------------------

--------------------------------------------------------------------------------------------------------------------------------------
Phe TTT   1   1   1   1   1   1 | Ser TCT   0   0   0   0   0   0 | Tyr TAT   0   0   0   0   0   0 | Cys TGT   0   0   0   0   0   0
    TTC   1   1   1   1   1   1 |     TCC   0   0   0   0   0   0 |     TAC   1   1   1   1   1   1 |     TGC   0   0   0   0   0   0
Leu TTA   0   0   0   0   0   0 |     TCA   0   0   0   0   0   0 | *** TAA   0   0   0   0   0   0 | *** TGA   0   0   0   0   0   0
    TTG   0   0   0   0   0   0 |     TCG   0   0   0   0   0   0 |     TAG   0   0   0   0   0   0 | Trp TGG   2   2   2   2   2   2
--------------------------------------------------------------------------------------------------------------------------------------
Leu CTT   0   0   0   0   0   0 | Pro CCT   1   1   1   1   1   1 | His CAT   1   1   1   1   1   1 | Arg CGT   0   0   0   0   0   0
    CTC   0   0   0   0   0   0 |     CCC   1   1   1   1   1   1 |     CAC   1   1   1   1   1   1 |     CGC   0   0   0   0   0   0
    CTA   0   0   0   0   0   0 |     CCA   1   1   2   2   2   2 | Gln CAA   0   0   0   0   0   0 |     CGA   1   1   1   1   1   1
    CTG   2   3   2   2   2   2 |     CCG   1   0   0   0   0   0 |     CAG   0   0   0   0   0   0 |     CGG   1   1   1   1   1   1
--------------------------------------------------------------------------------------------------------------------------------------
Ile ATT   2   2   2   3   2   2 | Thr ACT   0   0   0   0   0   1 | Asn AAT   0   0   0   0   0   0 | Ser AGT   1   1   1   1   1   1
    ATC   2   1   1   1   1   1 |     ACC   0   0   0   0   0   0 |     AAC   1   1   1   1   1   1 |     AGC   0   0   0   0   0   0
    ATA   1   1   1   0   1   1 |     ACA   4   4   4   4   3   3 | Lys AAA   1   1   2   2   1   1 | Arg AGA   0   0   0   0   0   0
Met ATG   1   1   1   1   1   2 |     ACG   0   0   0   0   1   0 |     AAG   5   5   5   5   4   5 |     AGG   1   1   1   1   2   1
--------------------------------------------------------------------------------------------------------------------------------------
Val GTT   0   0   0   0   0   0 | Ala GCT   1   0   0   0   0   0 | Asp GAT   0   0   0   1   1   0 | Gly GGT   0   0   0   0   0   0
    GTC   0   1   1   1   1   1 |     GCC   1   2   2   2   2   2 |     GAC   3   3   3   2   2   3 |     GGC   0   0   0   0   0   0
    GTA   0   0   0   0   0   0 |     GCA   0   0   0   0   0   0 | Glu GAA   2   2   1   1   2   2 |     GGA   1   1   1   1   1   1
    GTG   3   3   3   3   3   2 |     GCG   0   0   0   0   0   0 |     GAG   5   5   5   5   5   5 |     GGG   1   1   1   1   1   1
--------------------------------------------------------------------------------------------------------------------------------------

--------------------------------------------------------------------------------------------------------------------------------------
Phe TTT   1   1   1   1   1   1 | Ser TCT   0   0   0   0   0   0 | Tyr TAT   0   0   0   0   0   0 | Cys TGT   0   0   0   0   0   0
    TTC   1   1   1   1   1   1 |     TCC   0   0   0   0   0   0 |     TAC   1   1   1   1   1   1 |     TGC   0   0   0   0   0   0
Leu TTA   0   0   0   0   0   0 |     TCA   0   0   0   0   0   0 | *** TAA   0   0   0   0   0   0 | *** TGA   0   0   0   0   0   0
    TTG   0   0   0   0   0   0 |     TCG   0   0   0   0   0   0 |     TAG   0   0   0   0   0   0 | Trp TGG   2   2   2   2   2   2
--------------------------------------------------------------------------------------------------------------------------------------
Leu CTT   0   0   0   0   0   0 | Pro CCT   1   1   1   1   1   0 | His CAT   1   1   0   1   1   1 | Arg CGT   0   0   1   0   0   0
    CTC   0   0   0   0   0   0 |     CCC   1   1   1   1   1   1 |     CAC   1   1   1   1   1   1 |     CGC   0   0   0   0   0   0
    CTA   0   0   0   0   0   0 |     CCA   2   2   2   2   2   2 | Gln CAA   0   0   0   0   0   0 |     CGA   0   0   1   1   1   1
    CTG   2   2   2   2   2   2 |     CCG   0   0   0   0   0   1 |     CAG   0   0   0   0   0   0 |     CGG   2   2   1   1   1   1
--------------------------------------------------------------------------------------------------------------------------------------
Ile ATT   2   2   2   2   2   2 | Thr ACT   0   0   0   0   0   0 | Asn AAT   0   0   0   0   0   0 | Ser AGT   1   1   1   1   1   1
    ATC   1   1   1   1   1   1 |     ACC   0   0   0   0   0   0 |     AAC   1   1   1   1   1   1 |     AGC   0   0   0   0   0   0
    ATA   1   1   1   1   1   1 |     ACA   4   4   4   3   2   4 | Lys AAA   1   1   1   1   1   2 | Arg AGA   0   0   0   0   0   0
Met ATG   1   1   1   1   2   1 |     ACG   0   0   0   1   1   0 |     AAG   5   5   5   5   5   5 |     AGG   1   1   1   1   1   1
--------------------------------------------------------------------------------------------------------------------------------------
Val GTT   0   0   0   0   0   0 | Ala GCT   0   0   0   0   0   0 | Asp GAT   0   0   0   1   0   1 | Gly GGT   0   0   0   0   0   0
    GTC   1   1   1   1   1   1 |     GCC   2   2   2   2   2   2 |     GAC   3   3   2   2   3   2 |     GGC   0   0   0   0   0   0
    GTA   0   0   0   0   0   0 |     GCA   0   0   0   0   1   0 | Glu GAA   2   2   3   2   2   1 |     GGA   1   1   1   1   1   1
    GTG   3   3   3   3   2   3 |     GCG   0   0   0   0   0   0 |     GAG   5   5   5   5   5   5 |     GGG   1   1   1   1   1   1
--------------------------------------------------------------------------------------------------------------------------------------

--------------------------------------------------------------------------------------------------------------------------------------
Phe TTT   1   1   1   1   1   1 | Ser TCT   0   0   0   0   0   0 | Tyr TAT   0   0   0   0   0   0 | Cys TGT   0   0   0   0   0   0
    TTC   1   1   1   1   1   1 |     TCC   0   0   0   0   0   0 |     TAC   1   1   1   1   1   1 |     TGC   0   0   0   0   0   0
Leu TTA   0   0   0   0   0   0 |     TCA   0   0   0   0   0   0 | *** TAA   0   0   0   0   0   0 | *** TGA   0   0   0   0   0   0
    TTG   0   0   0   0   0   0 |     TCG   0   0   0   0   0   0 |     TAG   0   0   0   0   0   0 | Trp TGG   2   2   2   2   2   2
--------------------------------------------------------------------------------------------------------------------------------------
Leu CTT   0   0   0   0   0   0 | Pro CCT   1   0   1   1   1   1 | His CAT   1   1   1   1   1   1 | Arg CGT   0   0   0   0   0   0
    CTC   0   0   0   0   0   0 |     CCC   1   1   1   1   1   1 |     CAC   1   1   1   1   1   1 |     CGC   0   0   0   0   0   0
    CTA   0   0   0   0   0   0 |     CCA   2   2   2   2   1   2 | Gln CAA   0   0   0   0   0   0 |     CGA   1   1   0   1   1   1
    CTG   2   2   2   2   2   2 |     CCG   0   1   0   0   1   0 |     CAG   0   0   0   0   0   0 |     CGG   1   1   2   1   1   1
--------------------------------------------------------------------------------------------------------------------------------------
Ile ATT   2   2   2   2   1   2 | Thr ACT   0   0   0   0   0   0 | Asn AAT   0   0   0   0   0   0 | Ser AGT   1   1   1   1   1   1
    ATC   1   1   1   1   2   1 |     ACC   0   0   0   0   0   0 |     AAC   1   1   1   1   1   1 |     AGC   0   0   0   0   0   0
    ATA   1   1   1   2   1   1 |     ACA   3   4   3   3   4   2 | Lys AAA   1   2   1   1   1   1 | Arg AGA   0   0   0   0   0   0
Met ATG   1   1   1   1   2   2 |     ACG   1   0   1   0   0   1 |     AAG   5   5   5   5   5   5 |     AGG   1   1   1   1   1   1
--------------------------------------------------------------------------------------------------------------------------------------
Val GTT   0   0   0   0   0   0 | Ala GCT   0   0   0   0   0   0 | Asp GAT   1   0   1   0   0   0 | Gly GGT   0   0   0   0   0   0
    GTC   1   1   1   1   1   1 |     GCC   2   2   2   2   2   2 |     GAC   2   3   2   3   3   3 |     GGC   0   0   0   0   0   0
    GTA   0   0   0   0   0   0 |     GCA   0   0   0   0   0   1 | Glu GAA   2   1   2   2   2   2 |     GGA   1   1   1   1   1   1
    GTG   3   3   3   3   2   2 |     GCG   0   0   0   0   0   0 |     GAG   5   5   5   5   5   5 |     GGG   1   1   1   1   1   1
--------------------------------------------------------------------------------------------------------------------------------------

--------------------------------------------------------------------------------------------------------------------------------------
Phe TTT   1   1   1   1   1   1 | Ser TCT   0   0   0   0   0   0 | Tyr TAT   0   0   0   0   0   0 | Cys TGT   0   0   0   0   0   0
    TTC   1   1   1   1   1   1 |     TCC   0   0   0   0   0   0 |     TAC   1   1   1   1   1   1 |     TGC   0   0   0   0   0   0
Leu TTA   0   0   0   0   0   0 |     TCA   0   0   0   0   0   0 | *** TAA   0   0   0   0   0   0 | *** TGA   0   0   0   0   0   0
    TTG   0   1   0   0   0   0 |     TCG   0   0   0   0   0   0 |     TAG   0   0   0   0   0   0 | Trp TGG   2   2   2   2   2   2
--------------------------------------------------------------------------------------------------------------------------------------
Leu CTT   0   0   0   0   0   0 | Pro CCT   0   1   1   1   1   1 | His CAT   1   1   1   1   1   1 | Arg CGT   0   0   0   0   0   0
    CTC   0   0   0   0   0   1 |     CCC   1   1   1   1   1   1 |     CAC   1   1   1   1   1   1 |     CGC   0   0   0   0   0   0
    CTA   0   0   0   0   0   0 |     CCA   2   2   2   2   2   2 | Gln CAA   0   0   0   1   0   0 |     CGA   1   1   1   0   1   1
    CTG   2   1   2   2   2   1 |     CCG   0   0   0   0   0   0 |     CAG   0   0   0   0   0   0 |     CGG   1   1   1   1   1   1
--------------------------------------------------------------------------------------------------------------------------------------
Ile ATT   2   2   2   2   2   2 | Thr ACT   0   0   0   0   0   0 | Asn AAT   1   0   0   0   0   0 | Ser AGT   1   1   1   1   1   1
    ATC   1   1   1   1   1   1 |     ACC   0   0   0   0   0   0 |     AAC   1   1   1   1   1   1 |     AGC   0   0   0   0   0   0
    ATA   1   1   1   1   1   1 |     ACA   3   4   4   4   3   4 | Lys AAA   1   1   1   1   1   1 | Arg AGA   0   0   0   0   0   0
Met ATG   1   1   1   1   1   1 |     ACG   1   0   0   0   1   0 |     AAG   5   5   5   5   5   5 |     AGG   1   1   1   1   1   1
--------------------------------------------------------------------------------------------------------------------------------------
Val GTT   0   0   0   0   0   0 | Ala GCT   0   0   0   0   0   0 | Asp GAT   0   0   0   0   1   1 | Gly GGT   0   0   0   0   0   0
    GTC   1   1   1   1   1   1 |     GCC   2   2   2   2   2   2 |     GAC   3   3   3   3   2   2 |     GGC   0   0   0   0   0   0
    GTA   0   0   0   0   0   0 |     GCA   0   0   0   0   0   0 | Glu GAA   2   2   2   2   2   2 |     GGA   1   1   1   1   1   2
    GTG   3   3   3   3   3   3 |     GCG   0   0   0   0   0   0 |     GAG   5   5   5   5   5   5 |     GGG   1   1   1   1   1   0
--------------------------------------------------------------------------------------------------------------------------------------

--------------------------------------------------------------------------------------------------------------------------------------
Phe TTT   1   1   1   1   1   1 | Ser TCT   0   0   0   0   0   0 | Tyr TAT   0   0   0   0   0   0 | Cys TGT   0   0   0   0   0   0
    TTC   1   1   1   1   1   1 |     TCC   0   0   0   0   0   0 |     TAC   1   1   1   1   1   1 |     TGC   0   0   0   0   0   0
Leu TTA   0   0   0   0   0   0 |     TCA   0   0   0   0   0   0 | *** TAA   0   0   0   0   0   0 | *** TGA   0   0   0   0   0   0
    TTG   0   0   0   0   0   0 |     TCG   0   0   0   0   0   0 |     TAG   0   0   0   0   0   0 | Trp TGG   2   2   2   2   2   2
--------------------------------------------------------------------------------------------------------------------------------------
Leu CTT   0   0   0   0   0   0 | Pro CCT   1   1   1   1   1   2 | His CAT   1   1   1   1   1   2 | Arg CGT   0   0   0   0   0   0
    CTC   0   0   0   0   0   0 |     CCC   1   1   1   1   1   0 |     CAC   1   1   1   1   1   0 |     CGC   0   0   0   0   0   0
    CTA   0   0   0   0   0   0 |     CCA   2   2   2   2   2   2 | Gln CAA   0   0   0   0   0   0 |     CGA   0   1   1   0   1   1
    CTG   2   2   2   2   2   2 |     CCG   0   0   0   0   0   0 |     CAG   1   0   0   0   0   0 |     CGG   1   1   1   2   1   1
--------------------------------------------------------------------------------------------------------------------------------------
Ile ATT   2   2   2   2   2   2 | Thr ACT   0   0   0   0   0   0 | Asn AAT   0   0   0   0   0   0 | Ser AGT   1   1   1   1   1   1
    ATC   1   1   1   1   1   1 |     ACC   0   0   0   0   0   0 |     AAC   1   1   1   1   1   1 |     AGC   0   0   0   0   0   0
    ATA   1   1   1   1   1   1 |     ACA   4   3   3   4   4   4 | Lys AAA   1   1   1   1   1   1 | Arg AGA   0   0   0   0   0   0
Met ATG   1   1   1   1   1   1 |     ACG   0   1   1   0   0   0 |     AAG   5   5   5   5   5   5 |     AGG   1   1   1   1   1   1
--------------------------------------------------------------------------------------------------------------------------------------
Val GTT   0   0   0   0   0   0 | Ala GCT   0   0   0   0   0   0 | Asp GAT   0   1   0   0   1   0 | Gly GGT   0   0   0   0   0   0
    GTC   1   1   1   1   1   1 |     GCC   2   2   2   2   2   2 |     GAC   3   2   3   3   2   3 |     GGC   0   0   0   0   0   0
    GTA   0   0   0   0   0   0 |     GCA   0   0   0   0   0   0 | Glu GAA   2   2   2   3   2   1 |     GGA   1   1   2   1   1   1
    GTG   3   3   3   3   3   3 |     GCG   0   0   0   0   0   0 |     GAG   5   5   5   4   5   6 |     GGG   1   1   0   1   1   1
--------------------------------------------------------------------------------------------------------------------------------------

--------------------------------------------------------------------------------------------------------------------------------------
Phe TTT   1   1   1   1   1   1 | Ser TCT   0   0   0   0   0   0 | Tyr TAT   0   0   0   0   0   0 | Cys TGT   0   0   0   0   0   0
    TTC   1   1   1   1   1   1 |     TCC   0   0   0   0   0   0 |     TAC   1   1   1   1   1   1 |     TGC   0   0   0   0   0   0
Leu TTA   0   0   0   0   0   0 |     TCA   0   0   0   0   0   0 | *** TAA   0   0   0   0   0   0 | *** TGA   0   0   0   0   0   0
    TTG   0   0   0   0   0   0 |     TCG   0   0   0   0   0   0 |     TAG   0   0   0   0   0   0 | Trp TGG   2   2   2   2   2   2
--------------------------------------------------------------------------------------------------------------------------------------
Leu CTT   0   0   0   0   0   0 | Pro CCT   1   1   1   1   0   1 | His CAT   1   1   1   1   1   1 | Arg CGT   0   0   0   0   0   0
    CTC   0   0   0   0   0   0 |     CCC   1   1   1   1   1   1 |     CAC   1   1   1   1   1   1 |     CGC   0   0   0   0   0   0
    CTA   0   0   0   0   0   0 |     CCA   2   2   2   1   2   2 | Gln CAA   0   0   0   0   0   0 |     CGA   0   1   1   1   1   1
    CTG   2   2   2   2   2   2 |     CCG   0   0   0   1   1   0 |     CAG   0   0   0   0   0   0 |     CGG   2   1   1   1   1   1
--------------------------------------------------------------------------------------------------------------------------------------
Ile ATT   1   2   2   2   2   2 | Thr ACT   0   0   0   0   0   0 | Asn AAT   0   0   0   0   0   0 | Ser AGT   1   1   1   1   1   1
    ATC   1   1   1   1   1   1 |     ACC   0   0   0   0   0   0 |     AAC   1   1   1   1   1   1 |     AGC   0   0   0   0   0   0
    ATA   0   1   1   1   1   1 |     ACA   3   4   4   4   4   4 | Lys AAA   1   1   1   1   2   2 | Arg AGA   0   0   0   0   0   0
Met ATG   1   1   1   1   1   1 |     ACG   1   0   0   0   0   0 |     AAG   5   5   5   5   5   5 |     AGG   1   1   1   1   1   1
--------------------------------------------------------------------------------------------------------------------------------------
Val GTT   0   0   0   0   0   0 | Ala GCT   0   0   0   0   0   0 | Asp GAT   1   0   0   0   0   0 | Gly GGT   0   0   0   0   0   0
    GTC   1   1   1   1   1   1 |     GCC   2   2   2   2   2   2 |     GAC   2   3   3   3   3   3 |     GGC   0   0   0   0   0   0
    GTA   1   0   0   0   0   0 |     GCA   0   0   0   0   0   0 | Glu GAA   2   2   2   2   1   1 |     GGA   1   1   1   0   1   1
    GTG   4   3   3   3   3   3 |     GCG   0   0   0   0   0   0 |     GAG   5   5   5   5   5   5 |     GGG   1   1   1   2   1   1
--------------------------------------------------------------------------------------------------------------------------------------

Codon position x base (3x4) table for each sequence.

#1: Argali         
position  1:    T:0.09804    C:0.19608    A:0.35294    G:0.35294
position  2:    T:0.25490    C:0.19608    A:0.39216    G:0.15686
position  3:    T:0.11765    C:0.23529    A:0.23529    G:0.41176
Average         T:0.15686    C:0.20915    A:0.32680    G:0.30719

#2: LesserMouseDeer
position  1:    T:0.07843    C:0.21569    A:0.31373    G:0.39216
position  2:    T:0.25490    C:0.19608    A:0.39216    G:0.15686
position  3:    T:0.19608    C:0.21569    A:0.13725    G:0.45098
Average         T:0.17647    C:0.20915    A:0.28105    G:0.33333

#3: LesserKudu     
position  1:    T:0.09804    C:0.19608    A:0.37255    G:0.33333
position  2:    T:0.25490    C:0.19608    A:0.39216    G:0.15686
position  3:    T:0.11765    C:0.23529    A:0.23529    G:0.41176
Average         T:0.15686    C:0.20915    A:0.33333    G:0.30065

#4: ForestMuskDeer2
position  1:    T:0.09804    C:0.19608    A:0.35294    G:0.35294
position  2:    T:0.25490    C:0.19608    A:0.39216    G:0.15686
position  3:    T:0.11765    C:0.23529    A:0.19608    G:0.45098
Average         T:0.15686    C:0.20915    A:0.31373    G:0.32026

#5: Camel          
position  1:    T:0.11765    C:0.19608    A:0.35294    G:0.33333
position  2:    T:0.23529    C:0.21569    A:0.37255    G:0.17647
position  3:    T:0.15686    C:0.23529    A:0.15686    G:0.45098
Average         T:0.16993    C:0.21569    A:0.29412    G:0.32026

#6: KillerWhale    
position  1:    T:0.11765    C:0.19608    A:0.31373    G:0.37255
position  2:    T:0.25490    C:0.19608    A:0.41176    G:0.13725
position  3:    T:0.13725    C:0.21569    A:0.21569    G:0.43137
Average         T:0.16993    C:0.20261    A:0.31373    G:0.31373

#7: DefassaWaterbuck
position  1:    T:0.09804    C:0.19608    A:0.35294    G:0.35294
position  2:    T:0.25490    C:0.19608    A:0.39216    G:0.15686
position  3:    T:0.11765    C:0.23529    A:0.23529    G:0.41176
Average         T:0.15686    C:0.20915    A:0.32680    G:0.30719

#8: Sheep          
position  1:    T:0.09804    C:0.19608    A:0.35294    G:0.35294
position  2:    T:0.25490    C:0.19608    A:0.39216    G:0.15686
position  3:    T:0.11765    C:0.23529    A:0.23529    G:0.41176
Average         T:0.15686    C:0.20915    A:0.32680    G:0.30719

#9: MaxwellsDuiker 
position  1:    T:0.09804    C:0.19608    A:0.37255    G:0.33333
position  2:    T:0.25490    C:0.19608    A:0.39216    G:0.15686
position  3:    T:0.11765    C:0.23529    A:0.23529    G:0.41176
Average         T:0.15686    C:0.20915    A:0.33333    G:0.30065

#10: GazellaPrzewalskyi
position  1:    T:0.09804    C:0.19608    A:0.37255    G:0.33333
position  2:    T:0.25490    C:0.19608    A:0.39216    G:0.15686
position  3:    T:0.09804    C:0.25490    A:0.23529    G:0.41176
Average         T:0.15033    C:0.21569    A:0.33333    G:0.30065

#11: MountainNyala  
position  1:    T:0.09804    C:0.19608    A:0.37255    G:0.33333
position  2:    T:0.25490    C:0.19608    A:0.39216    G:0.15686
position  3:    T:0.11765    C:0.23529    A:0.23529    G:0.41176
Average         T:0.15686    C:0.20915    A:0.33333    G:0.30065

#12: MuntiacusMuntjak
position  1:    T:0.09804    C:0.19608    A:0.35294    G:0.35294
position  2:    T:0.25490    C:0.19608    A:0.39216    G:0.15686
position  3:    T:0.11765    C:0.23529    A:0.23529    G:0.41176
Average         T:0.15686    C:0.20915    A:0.32680    G:0.30719

#13: goat           
position  1:    T:0.09804    C:0.19608    A:0.35294    G:0.35294
position  2:    T:0.25490    C:0.19608    A:0.37255    G:0.17647
position  3:    T:0.11765    C:0.23529    A:0.23529    G:0.41176
Average         T:0.15686    C:0.20915    A:0.32026    G:0.31373

#14: AfricanBuffalo 
position  1:    T:0.09804    C:0.19608    A:0.37255    G:0.33333
position  2:    T:0.25490    C:0.19608    A:0.39216    G:0.15686
position  3:    T:0.11765    C:0.23529    A:0.27451    G:0.37255
Average         T:0.15686    C:0.20915    A:0.34641    G:0.28758

#15: Topi           
position  1:    T:0.09804    C:0.19608    A:0.35294    G:0.35294
position  2:    T:0.25490    C:0.19608    A:0.39216    G:0.15686
position  3:    T:0.11765    C:0.23529    A:0.21569    G:0.43137
Average         T:0.15686    C:0.20915    A:0.32026    G:0.31373

#16: CommonDuiker   
position  1:    T:0.09804    C:0.19608    A:0.35294    G:0.35294
position  2:    T:0.25490    C:0.19608    A:0.39216    G:0.15686
position  3:    T:0.11765    C:0.23529    A:0.23529    G:0.41176
Average         T:0.15686    C:0.20915    A:0.32680    G:0.30719

#17: Suni           
position  1:    T:0.09804    C:0.19608    A:0.33333    G:0.37255
position  2:    T:0.25490    C:0.19608    A:0.39216    G:0.15686
position  3:    T:0.11765    C:0.23529    A:0.23529    G:0.41176
Average         T:0.15686    C:0.20915    A:0.32026    G:0.31373

#18: Springbuck     
position  1:    T:0.09804    C:0.19608    A:0.35294    G:0.35294
position  2:    T:0.25490    C:0.19608    A:0.39216    G:0.15686
position  3:    T:0.15686    C:0.21569    A:0.21569    G:0.41176
Average         T:0.16993    C:0.20261    A:0.32026    G:0.30719

#19: Okapi          
position  1:    T:0.09804    C:0.19608    A:0.37255    G:0.33333
position  2:    T:0.25490    C:0.19608    A:0.39216    G:0.15686
position  3:    T:0.13725    C:0.21569    A:0.21569    G:0.43137
Average         T:0.16340    C:0.20261    A:0.32680    G:0.30719

#20: Giraffe        
position  1:    T:0.09804    C:0.19608    A:0.35294    G:0.35294
position  2:    T:0.27451    C:0.17647    A:0.39216    G:0.15686
position  3:    T:0.11765    C:0.23529    A:0.21569    G:0.43137
Average         T:0.16340    C:0.20261    A:0.32026    G:0.31373

#21: TibetanAntelope
position  1:    T:0.09804    C:0.19608    A:0.37255    G:0.33333
position  2:    T:0.25490    C:0.19608    A:0.39216    G:0.15686
position  3:    T:0.11765    C:0.23529    A:0.23529    G:0.41176
Average         T:0.15686    C:0.20915    A:0.33333    G:0.30065

#22: Sitatunga      
position  1:    T:0.09804    C:0.19608    A:0.37255    G:0.33333
position  2:    T:0.25490    C:0.19608    A:0.39216    G:0.15686
position  3:    T:0.15686    C:0.21569    A:0.21569    G:0.41176
Average         T:0.16993    C:0.20261    A:0.32680    G:0.30065

#23: Oribi          
position  1:    T:0.09804    C:0.19608    A:0.35294    G:0.35294
position  2:    T:0.25490    C:0.19608    A:0.37255    G:0.17647
position  3:    T:0.13725    C:0.21569    A:0.21569    G:0.43137
Average         T:0.16340    C:0.20261    A:0.31373    G:0.32026

#24: BarbarySheep   
position  1:    T:0.09804    C:0.19608    A:0.37255    G:0.33333
position  2:    T:0.25490    C:0.19608    A:0.39216    G:0.15686
position  3:    T:0.13725    C:0.23529    A:0.21569    G:0.41176
Average         T:0.16340    C:0.20915    A:0.32680    G:0.30065

#25: Daviddeer      
position  1:    T:0.09804    C:0.19608    A:0.35294    G:0.35294
position  2:    T:0.25490    C:0.19608    A:0.39216    G:0.15686
position  3:    T:0.11765    C:0.23529    A:0.21569    G:0.43137
Average         T:0.15686    C:0.20915    A:0.32026    G:0.31373

#26: Reindeer       
position  1:    T:0.09804    C:0.19608    A:0.35294    G:0.35294
position  2:    T:0.25490    C:0.19608    A:0.39216    G:0.15686
position  3:    T:0.11765    C:0.23529    A:0.21569    G:0.43137
Average         T:0.15686    C:0.20915    A:0.32026    G:0.31373

#27: Ibex           
position  1:    T:0.09804    C:0.19608    A:0.35294    G:0.35294
position  2:    T:0.25490    C:0.19608    A:0.37255    G:0.17647
position  3:    T:0.11765    C:0.21569    A:0.25490    G:0.41176
Average         T:0.15686    C:0.20261    A:0.32680    G:0.31373

#28: GyrantGazelle  
position  1:    T:0.09804    C:0.19608    A:0.35294    G:0.35294
position  2:    T:0.25490    C:0.19608    A:0.39216    G:0.15686
position  3:    T:0.13725    C:0.21569    A:0.21569    G:0.43137
Average         T:0.16340    C:0.20261    A:0.32026    G:0.31373

#29: Hartebeest     
position  1:    T:0.09804    C:0.19608    A:0.35294    G:0.35294
position  2:    T:0.25490    C:0.19608    A:0.39216    G:0.15686
position  3:    T:0.11765    C:0.23529    A:0.21569    G:0.43137
Average         T:0.15686    C:0.20915    A:0.32026    G:0.31373

#30: Bongo          
position  1:    T:0.09804    C:0.19608    A:0.37255    G:0.33333
position  2:    T:0.25490    C:0.19608    A:0.39216    G:0.15686
position  3:    T:0.11765    C:0.21569    A:0.23529    G:0.43137
Average         T:0.15686    C:0.20261    A:0.33333    G:0.30719

#31: Gerenuk        
position  1:    T:0.09804    C:0.19608    A:0.35294    G:0.35294
position  2:    T:0.25490    C:0.19608    A:0.39216    G:0.15686
position  3:    T:0.13725    C:0.21569    A:0.21569    G:0.43137
Average         T:0.16340    C:0.20261    A:0.32026    G:0.31373

#32: CommonEland    
position  1:    T:0.09804    C:0.19608    A:0.37255    G:0.33333
position  2:    T:0.25490    C:0.19608    A:0.39216    G:0.15686
position  3:    T:0.09804    C:0.23529    A:0.23529    G:0.43137
Average         T:0.15033    C:0.20915    A:0.33333    G:0.30719

#33: MuntiacusReevesi
position  1:    T:0.09804    C:0.19608    A:0.35294    G:0.35294
position  2:    T:0.25490    C:0.19608    A:0.39216    G:0.15686
position  3:    T:0.13725    C:0.21569    A:0.19608    G:0.45098
Average         T:0.16340    C:0.20261    A:0.31373    G:0.32026

#34: HarveysDuiker  
position  1:    T:0.09804    C:0.19608    A:0.35294    G:0.35294
position  2:    T:0.27451    C:0.17647    A:0.39216    G:0.15686
position  3:    T:0.11765    C:0.23529    A:0.23529    G:0.41176
Average         T:0.16340    C:0.20261    A:0.32680    G:0.30719

#35: Pronghorn      
position  1:    T:0.09804    C:0.19608    A:0.37255    G:0.33333
position  2:    T:0.25490    C:0.19608    A:0.39216    G:0.15686
position  3:    T:0.09804    C:0.25490    A:0.21569    G:0.43137
Average         T:0.15033    C:0.21569    A:0.32680    G:0.30719

#36: BlueWildebeest 
position  1:    T:0.09804    C:0.19608    A:0.35294    G:0.35294
position  2:    T:0.25490    C:0.19608    A:0.39216    G:0.15686
position  3:    T:0.11765    C:0.23529    A:0.21569    G:0.43137
Average         T:0.15686    C:0.20915    A:0.32026    G:0.31373

#37: Gemsbok        
position  1:    T:0.09804    C:0.17647    A:0.37255    G:0.35294
position  2:    T:0.25490    C:0.17647    A:0.41176    G:0.15686
position  3:    T:0.11765    C:0.23529    A:0.21569    G:0.43137
Average         T:0.15686    C:0.19608    A:0.33333    G:0.31373

#38: Yak            
position  1:    T:0.11765    C:0.17647    A:0.35294    G:0.35294
position  2:    T:0.25490    C:0.19608    A:0.39216    G:0.15686
position  3:    T:0.11765    C:0.23529    A:0.23529    G:0.41176
Average         T:0.16340    C:0.20261    A:0.32680    G:0.30719

#39: BlueSheep      
position  1:    T:0.09804    C:0.19608    A:0.35294    G:0.35294
position  2:    T:0.25490    C:0.19608    A:0.39216    G:0.15686
position  3:    T:0.11765    C:0.23529    A:0.23529    G:0.41176
Average         T:0.15686    C:0.20915    A:0.32680    G:0.30719

#40: BohorReedbuck  
position  1:    T:0.09804    C:0.19608    A:0.35294    G:0.35294
position  2:    T:0.25490    C:0.19608    A:0.41176    G:0.13725
position  3:    T:0.11765    C:0.23529    A:0.23529    G:0.41176
Average         T:0.15686    C:0.20915    A:0.33333    G:0.30065

#41: KirksDik       
position  1:    T:0.09804    C:0.19608    A:0.35294    G:0.35294
position  2:    T:0.25490    C:0.19608    A:0.39216    G:0.15686
position  3:    T:0.13725    C:0.21569    A:0.21569    G:0.43137
Average         T:0.16340    C:0.20261    A:0.32026    G:0.31373

#42: RoeDeer        
position  1:    T:0.09804    C:0.19608    A:0.35294    G:0.35294
position  2:    T:0.25490    C:0.19608    A:0.39216    G:0.15686
position  3:    T:0.13725    C:0.23529    A:0.25490    G:0.37255
Average         T:0.16340    C:0.20915    A:0.33333    G:0.29412

#43: WhiteLippedDeer
position  1:    T:0.09804    C:0.19608    A:0.35294    G:0.35294
position  2:    T:0.25490    C:0.19608    A:0.41176    G:0.13725
position  3:    T:0.11765    C:0.23529    A:0.21569    G:0.43137
Average         T:0.15686    C:0.20915    A:0.32680    G:0.30719

#44: ThomsonGazelle 
position  1:    T:0.09804    C:0.19608    A:0.35294    G:0.35294
position  2:    T:0.25490    C:0.19608    A:0.39216    G:0.15686
position  3:    T:0.13725    C:0.21569    A:0.21569    G:0.43137
Average         T:0.16340    C:0.20261    A:0.32026    G:0.31373

#45: MuntiacusCrinifrons
position  1:    T:0.09804    C:0.19608    A:0.35294    G:0.35294
position  2:    T:0.25490    C:0.19608    A:0.39216    G:0.15686
position  3:    T:0.11765    C:0.23529    A:0.23529    G:0.41176
Average         T:0.15686    C:0.20915    A:0.32680    G:0.30719

#46: WhiteTailedDeer
position  1:    T:0.09804    C:0.19608    A:0.35294    G:0.35294
position  2:    T:0.25490    C:0.19608    A:0.39216    G:0.15686
position  3:    T:0.11765    C:0.23529    A:0.23529    G:0.41176
Average         T:0.15686    C:0.20915    A:0.32680    G:0.30719

#47: Cattle         
position  1:    T:0.09804    C:0.19608    A:0.35294    G:0.35294
position  2:    T:0.25490    C:0.19608    A:0.39216    G:0.15686
position  3:    T:0.13725    C:0.21569    A:0.23529    G:0.41176
Average         T:0.16340    C:0.20261    A:0.32680    G:0.30719

#48: RoyalAntelope  
position  1:    T:0.09804    C:0.19608    A:0.35294    G:0.35294
position  2:    T:0.25490    C:0.19608    A:0.39216    G:0.15686
position  3:    T:0.15686    C:0.19608    A:0.21569    G:0.43137
Average         T:0.16993    C:0.19608    A:0.32026    G:0.31373

#49: Steenbok       
position  1:    T:0.09804    C:0.19608    A:0.31373    G:0.39216
position  2:    T:0.25490    C:0.19608    A:0.39216    G:0.15686
position  3:    T:0.11765    C:0.21569    A:0.19608    G:0.47059
Average         T:0.15686    C:0.20261    A:0.30065    G:0.33987

#50: Impala         
position  1:    T:0.09804    C:0.19608    A:0.35294    G:0.35294
position  2:    T:0.25490    C:0.19608    A:0.39216    G:0.15686
position  3:    T:0.11765    C:0.23529    A:0.23529    G:0.41176
Average         T:0.15686    C:0.20915    A:0.32680    G:0.30719

#51: Klipspringer   
position  1:    T:0.09804    C:0.19608    A:0.35294    G:0.35294
position  2:    T:0.25490    C:0.19608    A:0.39216    G:0.15686
