1
52 1
Argali 0.000000 0.351800 0.135100 0.224000 0.051000 0.000000 0.085700 0.071100 0.135000 0.121300 0.025400 0.071800 0.051800 0.091500 0.085400 0.077200 0.080500 0.092700 0.031800 0.114600 0.079700 0.038500 0.120100 0.132000 0.025500 0.071400 0.038600 0.114100 0.084300 0.114900 0.121200 0.085700 0.116800 0.045000 0.019100 0.093100 0.032200 0.044600 0.097700 0.177400 0.126600 0.065000 0.114000 0.133300 0.099500 0.045000 0.096800 0.051800 0.064800 0.098600 0.107300 0.128600
LesserMous 0.351800 0.000000 0.377700 0.356800 0.367800 0.351800 0.409500 0.390800 0.376700 0.397300 0.355200 0.346000 0.365400 0.413200 0.404800 0.387100 0.341000 0.342400 0.381600 0.371100 0.391900 0.376200 0.413200 0.444300 0.377900 0.405700 0.365200 0.359400 0.396600 0.352200 0.376100 0.409500 0.311000 0.372900 0.344400 0.382300 0.370800 0.358900 0.412000 0.434800 0.423200 0.397700 0.386200 0.430000 0.389900 0.363200 0.415100 0.376200 0.372200 0.347700 0.360400 0.349400
LesserKudu 0.135100 0.377700 0.000000 0.218100 0.148700 0.135100 0.159200 0.141800 0.036700 0.159800 0.136100 0.100400 0.114400 0.164700 0.121500 0.134100 0.124600 0.107400 0.127600 0.032500 0.138200 0.143700 0.158100 0.184400 0.136500 0.143000 0.114300 0.032500 0.155800 0.019400 0.159600 0.159200 0.148000 0.120900 0.128700 0.108600 0.123100 0.127400 0.185900 0.220000 0.165500 0.143600 0.152100 0.186700 0.101000 0.128400 0.154500 0.107400 0.135300 0.157100 0.025900 0.018800
KillerWhal 0.224000 0.356800 0.218100 0.000000 0.238700 0.224000 0.244500 0.231100 0.225700 0.250300 0.225600 0.194000 0.193200 0.233000 0.200000 0.221900 0.179300 0.175200 0.231900 0.219300 0.220200 0.242600 0.232400 0.284400 0.226300 0.233400 0.209400 0.218300 0.222400 0.203700 0.233400 0.244500 0.222100 0.216500 0.217200 0.195400 0.202900 0.231000 0.272600 0.320300 0.256200 0.234200 0.241500 0.261900 0.202400 0.200200 0.245600 0.193400 0.183800 0.222600 0.210900 0.211000
DefassaWat 0.051000 0.367800 0.148700 0.238700 0.000000 0.051000 0.099200 0.084100 0.133900 0.127800 0.038200 0.099000 0.064700 0.105000 0.098500 0.076900 0.093900 0.105900 0.044400 0.142500 0.093000 0.064700 0.126400 0.138000 0.051500 0.084700 0.051400 0.141900 0.083700 0.128400 0.127600 0.099200 0.115800 0.057800 0.044800 0.106700 0.045300 0.018600 0.111200 0.168300 0.119200 0.085000 0.120500 0.139700 0.113200 0.071200 0.110200 0.064700 0.077700 0.125900 0.135000 0.142100
Sheep 0.000000 0.351800 0.135100 0.224000 0.051000 0.000000 0.085700 0.071100 0.135000 0.121300 0.025400 0.071800 0.051800 0.091500 0.085400 0.077200 0.080500 0.092700 0.031800 0.114600 0.079700 0.038500 0.120100 0.132000 0.025500 0.071400 0.038600 0.114100 0.084300 0.114900 0.121200 0.085700 0.116800 0.045000 0.019100 0.093100 0.032200 0.044600 0.097700 0.177400 0.126600 0.065000 0.114000 0.133300 0.099500 0.045000 0.096800 0.051800 0.064800 0.098600 0.107300 0.128600
MaxwellsDu 0.085700 0.409500 0.159200 0.244500 0.099200 0.085700 0.000000 0.065300 0.159000 0.130100 0.085400 0.107600 0.100800 0.018300 0.107700 0.058000 0.096000 0.115200 0.092900 0.152900 0.073800 0.100300 0.143600 0.184800 0.086500 0.065600 0.086700 0.152200 0.065000 0.138400 0.130000 0.000000 0.140800 0.093300 0.072800 0.115700 0.080300 0.092500 0.098800 0.179500 0.150200 0.065800 0.122700 0.171800 0.122300 0.079500 0.084500 0.072900 0.072400 0.121200 0.145200 0.152500
GazellaPrz 0.071100 0.390800 0.141800 0.231100 0.084100 0.071100 0.065300 0.000000 0.141600 0.128000 0.071600 0.092300 0.085300 0.071200 0.092000 0.044400 0.087100 0.099200 0.077700 0.135600 0.045600 0.085200 0.126800 0.152700 0.071800 0.038400 0.071700 0.134900 0.050900 0.121500 0.127800 0.065300 0.123600 0.078100 0.064800 0.100000 0.065600 0.077500 0.077400 0.168800 0.133900 0.038500 0.120700 0.139900 0.106600 0.051400 0.063600 0.058200 0.071200 0.119200 0.128100 0.135200
MountainNy 0.135000 0.376700 0.036700 0.225700 0.133900 0.135000 0.159000 0.141600 0.000000 0.159600 0.135900 0.114600 0.128700 0.164400 0.128400 0.133900 0.124400 0.107300 0.113100 0.032500 0.138000 0.143400 0.143100 0.191900 0.136300 0.128200 0.128600 0.032500 0.155600 0.018700 0.159400 0.159000 0.147800 0.135200 0.128500 0.108400 0.130000 0.127100 0.185600 0.203100 0.150300 0.143400 0.151900 0.179000 0.100900 0.128300 0.169100 0.107300 0.135100 0.156800 0.025900 0.032400
MuntiacusM 0.121300 0.397300 0.159800 0.250300 0.127800 0.121300 0.130100 0.128000 0.159600 0.000000 0.115100 0.130000 0.122400 0.135800 0.136700 0.113400 0.109700 0.100400 0.121300 0.153500 0.138700 0.136800 0.038200 0.076500 0.122500 0.129100 0.122300 0.137700 0.134800 0.138900 0.025200 0.130100 0.140100 0.129000 0.114800 0.138300 0.116200 0.120900 0.141900 0.101900 0.044700 0.129600 0.012600 0.064000 0.130400 0.114600 0.155400 0.101000 0.107200 0.099300 0.145800 0.153100
goat 0.025400 0.355200 0.136100 0.225600 0.038200 0.025400 0.085400 0.071600 0.135900 0.115100 0.000000 0.086100 0.052100 0.092100 0.086000 0.064300 0.081100 0.093300 0.032000 0.115400 0.080300 0.025700 0.113900 0.125800 0.012800 0.071900 0.038800 0.114900 0.071300 0.115700 0.114900 0.086300 0.117600 0.045300 0.032200 0.093700 0.018700 0.031800 0.098400 0.171100 0.120400 0.072100 0.107800 0.127100 0.100200 0.058600 0.097400 0.052200 0.065200 0.113300 0.108100 0.129500
AfricanBuf 0.071800 0.346000 0.100400 0.194000 0.099000 0.071800 0.107600 0.092300 0.114600 0.130000 0.086100 0.000000 0.065700 0.113400 0.100300 0.098500 0.074300 0.086600 0.092500 0.093900 0.101800 0.093100 0.128600 0.154600 0.086300 0.092700 0.065700 0.108000 0.105900 0.094500 0.115400 0.107600 0.110700 0.072200 0.065600 0.073100 0.073100 0.092300 0.133800 0.187400 0.120900 0.086200 0.122500 0.156500 0.079500 0.065500 0.104500 0.072600 0.085900 0.092600 0.101200 0.093900
Topi 0.051800 0.365400 0.114400 0.193200 0.064700 0.051800 0.100800 0.085300 0.128700 0.122400 0.052100 0.065700 0.000000 0.106600 0.079200 0.091800 0.074100 0.072500 0.058400 0.122600 0.094400 0.065700 0.121200 0.132900 0.052300 0.072200 0.012600 0.122100 0.098700 0.108500 0.122200 0.100800 0.095800 0.018900 0.045300 0.073100 0.039300 0.058200 0.098800 0.179100 0.128300 0.072400 0.115000 0.134500 0.079600 0.072200 0.097800 0.065700 0.078900 0.092000 0.115200 0.107800
CommonDuik 0.091500 0.413200 0.164700 0.233000 0.105000 0.091500 0.018300 0.071200 0.164400 0.135800 0.092100 0.113400 0.106600 0.000000 0.113500 0.050800 0.101900 0.120800 0.098700 0.158400 0.079900 0.106100 0.149200 0.190100 0.092400 0.071500 0.092600 0.157700 0.070800 0.144000 0.135600 0.019000 0.146300 0.099200 0.078700 0.121400 0.086200 0.098300 0.104500 0.184900 0.155800 0.071800 0.128400 0.162200 0.128000 0.071700 0.090300 0.078800 0.078300 0.126900 0.150700 0.158000
Suni 0.085400 0.404800 0.121500 0.200000 0.098500 0.085400 0.107700 0.092000 0.128400 0.136700 0.086000 0.100300 0.079200 0.113500 0.000000 0.098500 0.102300 0.100000 0.078400 0.122200 0.101300 0.100000 0.135400 0.169000 0.086200 0.092700 0.079300 0.121700 0.091600 0.108200 0.136500 0.107700 0.139600 0.085800 0.079000 0.093900 0.072700 0.091800 0.133700 0.194400 0.142600 0.093000 0.129200 0.163300 0.100500 0.078900 0.111700 0.058700 0.085500 0.120200 0.114900 0.114900
Springbuck 0.077200 0.387100 0.134100 0.221900 0.076900 0.077200 0.058000 0.044400 0.133900 0.113400 0.064300 0.098500 0.091800 0.050800 0.098500 0.000000 0.086900 0.105800 0.084200 0.127900 0.052100 0.091400 0.112400 0.138100 0.077900 0.044600 0.078100 0.127300 0.031300 0.114000 0.113300 0.058000 0.130300 0.084600 0.071200 0.106200 0.071800 0.070400 0.083500 0.153200 0.118800 0.044700 0.106300 0.111300 0.098800 0.057700 0.069600 0.064700 0.077600 0.125700 0.120600 0.127600
Okapi 0.080500 0.341000 0.124600 0.179300 0.093900 0.080500 0.096000 0.087100 0.124400 0.109700 0.081100 0.074300 0.074100 0.101900 0.102300 0.086900 0.000000 0.039400 0.087400 0.118200 0.096700 0.095300 0.108600 0.149400 0.081300 0.088000 0.074100 0.117600 0.093900 0.103900 0.109500 0.096000 0.090300 0.080700 0.074000 0.082000 0.074900 0.087100 0.129800 0.166200 0.115700 0.088300 0.102300 0.136300 0.088700 0.073900 0.107200 0.067200 0.066400 0.086900 0.110700 0.117900
Giraffe 0.092700 0.342400 0.107400 0.175200 0.105900 0.092700 0.115200 0.099200 0.107300 0.100400 0.093300 0.086600 0.072500 0.120800 0.100000 0.105800 0.039400 0.000000 0.085500 0.101100 0.108900 0.107500 0.099400 0.139300 0.093500 0.086000 0.072400 0.086600 0.112100 0.087300 0.100200 0.115200 0.080900 0.078900 0.086200 0.094300 0.087200 0.099200 0.112700 0.154900 0.106300 0.086300 0.093200 0.126500 0.100900 0.086100 0.119100 0.065700 0.078600 0.071400 0.093900 0.100900
TibetanAnt 0.031800 0.381600 0.127600 0.231900 0.044400 0.031800 0.092900 0.077700 0.113100 0.121300 0.032000 0.092500 0.058400 0.098700 0.078400 0.084200 0.087400 0.085500 0.000000 0.107100 0.086600 0.045100 0.120100 0.117900 0.032100 0.078400 0.045100 0.106700 0.091000 0.107400 0.121100 0.092900 0.124000 0.051500 0.038500 0.100300 0.038900 0.038000 0.104900 0.161700 0.127200 0.078700 0.114000 0.133300 0.106800 0.064900 0.103900 0.045100 0.071400 0.119500 0.100000 0.121100
Sitatunga 0.114600 0.371100 0.032500 0.219300 0.142500 0.114600 0.152900 0.135600 0.032500 0.153500 0.115400 0.093900 0.122600 0.158400 0.122200 0.127900 0.118200 0.101100 0.107100 0.000000 0.131800 0.122800 0.151800 0.178500 0.115800 0.136800 0.122500 0.013000 0.149600 0.012700 0.153300 0.152900 0.141600 0.129200 0.122400 0.102200 0.123900 0.135600 0.179800 0.213600 0.159200 0.137300 0.145800 0.180400 0.094700 0.122200 0.163100 0.101100 0.129100 0.150800 0.006500 0.026100
Oribi 0.079700 0.391900 0.138200 0.220200 0.093000 0.079700 0.073800 0.045600 0.138000 0.138700 0.080300 0.101800 0.094400 0.079900 0.101300 0.052100 0.096700 0.108900 0.086600 0.131800 0.000000 0.094400 0.137300 0.163700 0.080500 0.046000 0.080400 0.131200 0.058800 0.117500 0.138500 0.073800 0.119500 0.087000 0.073300 0.095500 0.074200 0.086200 0.086200 0.181500 0.144600 0.046200 0.131100 0.150700 0.102200 0.073200 0.071800 0.066500 0.079900 0.129400 0.124200 0.131500
BarbaryShe 0.038500 0.376200 0.143700 0.242600 0.064700 0.038500 0.100300 0.085200 0.143400 0.136800 0.025700 0.093100 0.065700 0.106100 0.100000 0.091400 0.095300 0.107500 0.045100 0.122800 0.094400 0.000000 0.135500 0.147200 0.025700 0.085600 0.052200 0.122300 0.098700 0.123100 0.136700 0.100300 0.132600 0.058600 0.045400 0.100900 0.031900 0.058200 0.112400 0.178700 0.142000 0.085900 0.129400 0.148800 0.107500 0.072200 0.111300 0.065700 0.078800 0.127700 0.115400 0.137000
Daviddeer 0.120100 0.413200 0.158100 0.232400 0.126400 0.120100 0.143600 0.126800 0.143100 0.038200 0.113900 0.128600 0.121200 0.149200 0.135400 0.112400 0.108600 0.099400 0.120100 0.151800 0.137300 0.135500 0.000000 0.069300 0.121300 0.113500 0.121100 0.136300 0.133600 0.137400 0.038200 0.143600 0.138600 0.127700 0.113700 0.137000 0.115100 0.119600 0.140400 0.101000 0.018800 0.128300 0.038200 0.056900 0.129100 0.113500 0.154000 0.100000 0.120300 0.112300 0.144200 0.151500
Reindeer 0.132000 0.444300 0.184400 0.284400 0.138000 0.132000 0.184800 0.152700 0.191900 0.076500 0.125800 0.154600 0.132900 0.190100 0.169000 0.138100 0.149400 0.139300 0.117900 0.178500 0.163700 0.147200 0.069300 0.000000 0.133100 0.146800 0.132800 0.162700 0.159500 0.178900 0.076400 0.184800 0.165100 0.139300 0.139700 0.178100 0.134200 0.145600 0.152200 0.126700 0.062700 0.154500 0.076400 0.036800 0.170000 0.153800 0.165200 0.140100 0.160600 0.152200 0.170800 0.177700
Ibex 0.025500 0.377900 0.136500 0.226300 0.051500 0.025500 0.086500 0.071800 0.136300 0.122500 0.012800 0.086300 0.052300 0.092400 0.086200 0.077900 0.081300 0.093500 0.032100 0.115800 0.080500 0.025700 0.121300 0.133100 0.000000 0.072100 0.039000 0.115200 0.085100 0.116000 0.122300 0.086500 0.118000 0.045400 0.032300 0.094000 0.019400 0.045000 0.098600 0.179300 0.127800 0.072400 0.115100 0.134500 0.100500 0.058800 0.097700 0.052300 0.065400 0.113700 0.108400 0.129900
GyrantGaze 0.071400 0.405700 0.143000 0.233400 0.084700 0.071400 0.065600 0.038400 0.128200 0.129100 0.071900 0.092700 0.072200 0.071500 0.092700 0.044600 0.088000 0.086000 0.078400 0.136800 0.046000 0.085600 0.113500 0.146800 0.072100 0.000000 0.058700 0.136200 0.051300 0.122600 0.128900 0.065600 0.109900 0.065100 0.065300 0.100500 0.065900 0.078100 0.064300 0.170500 0.120000 0.012300 0.121700 0.133900 0.107000 0.065200 0.063800 0.058700 0.071800 0.105900 0.129300 0.136400
Hartebeest 0.038600 0.365200 0.114300 0.209400 0.051400 0.038600 0.086700 0.071700 0.128600 0.122300 0.038800 0.065700 0.012600 0.092600 0.079300 0.078100 0.074100 0.072400 0.045100 0.122500 0.080400 0.052200 0.121100 0.132800 0.039000 0.058700 0.000000 0.122000 0.085000 0.108500 0.122200 0.086700 0.095700 0.006100 0.032100 0.087000 0.026000 0.045000 0.085000 0.179000 0.128200 0.058900 0.115000 0.134400 0.093600 0.058700 0.084200 0.052200 0.065300 0.091900 0.115100 0.107700
Bongo 0.114100 0.359400 0.032500 0.218300 0.141900 0.114100 0.152200 0.134900 0.032500 0.137700 0.114900 0.108000 0.122100 0.157700 0.121700 0.127300 0.117600 0.086600 0.106700 0.013000 0.131200 0.122300 0.136300 0.162700 0.115200 0.136200 0.122000 0.000000 0.149000 0.013000 0.137500 0.152200 0.133600 0.128600 0.121800 0.101800 0.123300 0.135000 0.163800 0.196100 0.143500 0.136700 0.130200 0.164400 0.094200 0.121600 0.162400 0.100700 0.128500 0.135400 0.006500 0.026100
Gerenuk 0.084300 0.396600 0.155800 0.222400 0.083700 0.084300 0.065000 0.050900 0.155600 0.134800 0.071300 0.105900 0.098700 0.070800 0.091600 0.031300 0.093900 0.112100 0.091000 0.149600 0.058800 0.098700 0.133600 0.159500 0.085100 0.051300 0.085000 0.149000 0.000000 0.135400 0.134600 0.065000 0.137100 0.091400 0.078000 0.113700 0.078900 0.077100 0.090600 0.175900 0.140700 0.051500 0.127500 0.146700 0.120300 0.077900 0.076600 0.071400 0.071000 0.118700 0.142100 0.149200
CommonElan 0.114900 0.352200 0.019400 0.203700 0.128400 0.114900 0.138400 0.121500 0.018700 0.138900 0.115700 0.094500 0.108500 0.144000 0.108200 0.114000 0.103900 0.087300 0.107400 0.012700 0.117500 0.123100 0.137400 0.178900 0.116000 0.122600 0.108500 0.013000 0.135400 0.000000 0.138800 0.138400 0.126900 0.115100 0.108400 0.088300 0.109700 0.121500 0.165200 0.198000 0.144700 0.123100 0.131300 0.165800 0.080800 0.108200 0.148900 0.087300 0.115000 0.136500 0.006500 0.012600
MuntiacusR 0.121200 0.376100 0.159600 0.233400 0.127600 0.121200 0.130000 0.127800 0.159400 0.025200 0.114900 0.115400 0.122200 0.135600 0.136500 0.113300 0.109500 0.100200 0.121100 0.153300 0.138500 0.136700 0.038200 0.076400 0.122300 0.128900 0.122200 0.137500 0.134600 0.138800 0.000000 0.130000 0.140000 0.128800 0.114700 0.138200 0.116000 0.120700 0.141700 0.101800 0.044700 0.129400 0.025300 0.063900 0.130200 0.114500 0.155200 0.100900 0.107000 0.099200 0.145600 0.152900
HarveysDui 0.085700 0.409500 0.159200 0.244500 0.099200 0.085700 0.000000 0.065300 0.159000 0.130100 0.086300 0.107600 0.100800 0.019000 0.107700 0.058000 0.096000 0.115200 0.092900 0.152900 0.073800 0.100300 0.143600 0.184800 0.086500 0.065600 0.086700 0.152200 0.065000 0.138400 0.130000 0.000000 0.140800 0.093300 0.072800 0.115700 0.080300 0.092500 0.098800 0.179500 0.150200 0.065800 0.122700 0.171800 0.122300 0.079500 0.084500 0.072900 0.072400 0.121200 0.145200 0.152500
Pronghorn 0.116800 0.311000 0.148000 0.222100 0.115800 0.116800 0.140800 0.123600 0.147800 0.140100 0.117600 0.110700 0.095800 0.146300 0.139600 0.130300 0.090300 0.080900 0.124000 0.141600 0.119500 0.132600 0.138600 0.165100 0.118000 0.109900 0.095700 0.133600 0.137100 0.126900 0.140000 0.140800 0.000000 0.102400 0.110200 0.104400 0.111500 0.123500 0.145400 0.191300 0.130900 0.110300 0.132500 0.167200 0.111100 0.110100 0.151400 0.103200 0.117000 0.101500 0.133800 0.141200
BlueWildeb 0.045000 0.372900 0.120900 0.216500 0.057800 0.045000 0.093300 0.078100 0.135200 0.129000 0.045300 0.072200 0.018900 0.099200 0.085800 0.084600 0.080700 0.078900 0.051500 0.129200 0.087000 0.058600 0.127700 0.139300 0.045400 0.065100 0.006100 0.128600 0.091400 0.115100 0.128800 0.093300 0.102400 0.000000 0.038500 0.093600 0.032500 0.051300 0.091400 0.185900 0.134800 0.065300 0.121600 0.141000 0.100200 0.065200 0.090600 0.058700 0.071700 0.098400 0.121700 0.114300
Gemsbok 0.019100 0.344400 0.128700 0.217200 0.044800 0.019100 0.072800 0.064800 0.128500 0.114800 0.032200 0.065600 0.045300 0.078700 0.079000 0.071200 0.074000 0.086200 0.038500 0.122400 0.073300 0.045400 0.113700 0.139700 0.032300 0.065300 0.032100 0.121800 0.078000 0.108400 0.114700 0.072800 0.110200 0.038500 0.000000 0.087000 0.026000 0.038300 0.091800 0.170700 0.120700 0.058800 0.107600 0.126900 0.093500 0.038600 0.077400 0.045400 0.058400 0.091900 0.115000 0.122100
Yak 0.093100 0.382300 0.108600 0.195400 0.106700 0.093100 0.115700 0.100000 0.108400 0.138300 0.093700 0.073100 0.073100 0.121400 0.093900 0.106200 0.082000 0.094300 0.100300 0.102200 0.095500 0.100900 0.137000 0.178100 0.094000 0.100500 0.087000 0.101800 0.113700 0.088300 0.138200 0.115700 0.104400 0.093600 0.087000 0.000000 0.087700 0.099900 0.127700 0.197300 0.143600 0.100900 0.130800 0.165100 0.032600 0.086800 0.112500 0.080200 0.093500 0.100500 0.095000 0.102000
BlueSheep 0.032200 0.370800 0.123100 0.202900 0.045300 0.032200 0.080300 0.065600 0.130000 0.116200 0.018700 0.073100 0.039300 0.086200 0.072700 0.071800 0.074900 0.087200 0.038900 0.123900 0.074200 0.031900 0.115100 0.134200 0.019400 0.065900 0.026000 0.123300 0.078900 0.109700 0.116000 0.080300 0.111500 0.032500 0.026000 0.087700 0.000000 0.038800 0.092500 0.172900 0.121700 0.066100 0.108900 0.128400 0.094300 0.052500 0.084900 0.046000 0.059100 0.107500 0.116400 0.116400
BohorReedb 0.044600 0.358900 0.127400 0.231000 0.018600 0.044600 0.092500 0.077500 0.127100 0.120900 0.031800 0.092300 0.058200 0.098300 0.091800 0.070400 0.087100 0.099200 0.038000 0.135600 0.086200 0.058200 0.119600 0.145600 0.045000 0.078100 0.045000 0.135000 0.077100 0.121500 0.120700 0.092500 0.123500 0.051300 0.038300 0.099900 0.038800 0.000000 0.104500 0.161100 0.126700 0.078400 0.113600 0.132800 0.106500 0.064600 0.103600 0.058200 0.071100 0.119100 0.128200 0.135200
KirksDik 0.097700 0.412000 0.185900 0.272600 0.111200 0.097700 0.098800 0.077400 0.185600 0.141900 0.098400 0.133800 0.098800 0.104500 0.133700 0.083500 0.129800 0.112700 0.104900 0.179800 0.086200 0.112400 0.140400 0.152200 0.098600 0.064300 0.085000 0.163800 0.090600 0.165200 0.141700 0.098800 0.145400 0.091400 0.091800 0.127700 0.092500 0.104500 0.000000 0.167900 0.146900 0.064500 0.134400 0.139400 0.148600 0.105300 0.089600 0.098800 0.098300 0.118600 0.172000 0.179200
RoeDeer 0.177400 0.434800 0.220000 0.320300 0.168300 0.177400 0.179500 0.168800 0.203100 0.101900 0.171100 0.187400 0.179100 0.184900 0.194400 0.153200 0.166200 0.154900 0.161700 0.213600 0.181500 0.178700 0.101000 0.126700 0.179300 0.170500 0.179000 0.196100 0.175900 0.198000 0.101800 0.179500 0.191300 0.185900 0.170700 0.197300 0.172900 0.161100 0.167900 0.000000 0.107900 0.171100 0.101700 0.113900 0.188300 0.170300 0.197500 0.156100 0.177600 0.183600 0.205100 0.213100
WhiteLippe 0.126600 0.423200 0.165500 0.256200 0.119200 0.126600 0.150200 0.133900 0.150300 0.044700 0.120400 0.120900 0.128300 0.155800 0.142600 0.118800 0.115700 0.106300 0.127200 0.159200 0.144600 0.142000 0.018800 0.062700 0.127800 0.120000 0.128200 0.143500 0.140700 0.144700 0.044700 0.150200 0.130900 0.134800 0.120700 0.143600 0.121700 0.126700 0.146900 0.107900 0.000000 0.134900 0.044700 0.063400 0.135700 0.120600 0.160500 0.107000 0.127300 0.119300 0.151500 0.158800
ThomsonGaz 0.065000 0.397700 0.143600 0.234200 0.085000 0.065000 0.065800 0.038500 0.143400 0.129600 0.072100 0.086200 0.072400 0.071800 0.093000 0.044700 0.088300 0.086300 0.078700 0.137300 0.046200 0.085900 0.128300 0.154500 0.072400 0.012300 0.058900 0.136700 0.051500 0.123100 0.129400 0.065800 0.110300 0.065300 0.058800 0.100900 0.066100 0.078400 0.064500 0.171100 0.134900 0.000000 0.122200 0.141600 0.107400 0.058800 0.064000 0.058900 0.072000 0.099400 0.129800 0.137000
MuntiacusC 0.114000 0.386200 0.152100 0.241500 0.120500 0.114000 0.122700 0.120700 0.151900 0.012600 0.107800 0.122500 0.115000 0.128400 0.129200 0.106300 0.102300 0.093200 0.114000 0.145800 0.131100 0.129400 0.038200 0.076400 0.115100 0.121700 0.115000 0.130200 0.127500 0.131300 0.025300 0.122700 0.132500 0.121600 0.107600 0.130800 0.108900 0.113600 0.134400 0.101700 0.044700 0.122200 0.000000 0.063900 0.123000 0.107400 0.147900 0.093900 0.100000 0.092300 0.138100 0.145400
WhiteTaile 0.133300 0.430000 0.186700 0.261900 0.139700 0.133300 0.171800 0.139900 0.179000 0.064000 0.127100 0.156500 0.134500 0.162200 0.163300 0.111300 0.136300 0.126500 0.133300 0.180400 0.150700 0.148800 0.056900 0.036800 0.134500 0.133900 0.134400 0.164400 0.146700 0.165800 0.063900 0.171800 0.167200 0.141000 0.126900 0.165100 0.128400 0.132800 0.139400 0.113900 0.063400 0.141600 0.063900 0.000000 0.157100 0.126500 0.167200 0.127300 0.147800 0.139500 0.172600 0.180000
Cattle 0.099500 0.389900 0.101000 0.202400 0.113200 0.099500 0.122300 0.106600 0.100900 0.130400 0.100200 0.079500 0.079600 0.128000 0.100500 0.098800 0.088700 0.100900 0.106800 0.094700 0.102200 0.107500 0.129100 0.170000 0.100500 0.107000 0.093600 0.094200 0.120300 0.080800 0.130200 0.122300 0.111100 0.100200 0.093500 0.032600 0.094300 0.106500 0.148600 0.188300 0.135700 0.107400 0.123000 0.157100 0.000000 0.093300 0.133000 0.086800 0.100100 0.121200 0.087500 0.094400
RoyalAntel 0.045000 0.363200 0.128400 0.200200 0.071200 0.045000 0.079500 0.051400 0.128300 0.114600 0.058600 0.065500 0.072200 0.071700 0.078900 0.057700 0.073900 0.086100 0.064900 0.122200 0.073200 0.072200 0.113500 0.153800 0.058800 0.065200 0.058700 0.121600 0.077900 0.108200 0.114500 0.079500 0.110100 0.065200 0.038600 0.086800 0.052500 0.064600 0.105300 0.170300 0.120600 0.058800 0.107400 0.126500 0.093300 0.000000 0.090800 0.045400 0.058300 0.092100 0.114800 0.121900
Steenbok 0.096800 0.415100 0.154500 0.245600 0.110200 0.096800 0.084500 0.063600 0.169100 0.155400 0.097400 0.104500 0.097800 0.090300 0.111700 0.069600 0.107200 0.119100 0.103900 0.163100 0.071800 0.111300 0.154000 0.165200 0.097700 0.063800 0.084200 0.162400 0.076600 0.148900 0.155200 0.084500 0.151400 0.090600 0.077400 0.112500 0.084900 0.103600 0.089600 0.197500 0.160500 0.064000 0.147900 0.167200 0.133000 0.090800 0.000000 0.084300 0.090600 0.117900 0.155500 0.147900
Impala 0.051800 0.376200 0.107400 0.193400 0.064700 0.051800 0.072900 0.058200 0.107300 0.101000 0.052200 0.072600 0.065700 0.078800 0.058700 0.064700 0.067200 0.065700 0.045100 0.101100 0.066500 0.065700 0.100000 0.140100 0.052300 0.058700 0.052200 0.100700 0.071400 0.087300 0.100900 0.072900 0.103200 0.058700 0.045400 0.080200 0.046000 0.058200 0.098800 0.156100 0.107000 0.058900 0.093900 0.127300 0.086800 0.045400 0.084300 0.000000 0.038700 0.099400 0.093900 0.100900
Klipspring 0.064800 0.372200 0.135300 0.183800 0.077700 0.064800 0.072400 0.071200 0.135100 0.107200 0.065200 0.085900 0.078900 0.078300 0.085500 0.077600 0.066400 0.078600 0.071400 0.129100 0.079900 0.078800 0.120300 0.160600 0.065400 0.071800 0.065300 0.128500 0.071000 0.115000 0.107000 0.072400 0.117000 0.071700 0.058400 0.093500 0.059100 0.071100 0.098300 0.177600 0.127300 0.072000 0.100000 0.147800 0.100100 0.058300 0.090600 0.038700 0.000000 0.098800 0.121700 0.128700
ForestMusk 0.098600 0.347700 0.157100 0.222600 0.125900 0.098600 0.121200 0.119200 0.156800 0.099300 0.113300 0.092600 0.092000 0.126900 0.120200 0.125700 0.086900 0.071400 0.119500 0.150800 0.129400 0.127700 0.112300 0.152200 0.113700 0.105900 0.091900 0.135400 0.118700 0.136500 0.099200 0.121200 0.101500 0.098400 0.091900 0.100500 0.107500 0.119100 0.118600 0.183600 0.119300 0.099400 0.092300 0.139500 0.121200 0.092100 0.117900 0.099400 0.098800 0.000000 0.143200 0.150400
Bushbuck 0.107300 0.360400 0.025900 0.210900 0.135000 0.107300 0.145200 0.128100 0.025900 0.145800 0.108100 0.101200 0.115200 0.150700 0.114900 0.120600 0.110700 0.093900 0.100000 0.006500 0.124200 0.115400 0.144200 0.170800 0.108400 0.129300 0.115100 0.006500 0.142100 0.006500 0.145600 0.145200 0.133800 0.121700 0.115000 0.095000 0.116400 0.128200 0.172000 0.205100 0.151500 0.129800 0.138100 0.172600 0.087500 0.114800 0.155500 0.093900 0.121700 0.143200 0.000000 0.019500
GreaterKud 0.128600 0.349400 0.018800 0.211000 0.142100 0.128600 0.152500 0.135200 0.032400 0.153100 0.129500 0.093900 0.107800 0.158000 0.114900 0.127600 0.117900 0.100900 0.121100 0.026100 0.131500 0.137000 0.151500 0.177700 0.129900 0.136400 0.107700 0.026100 0.149200 0.012600 0.152900 0.152500 0.141200 0.114300 0.122100 0.102000 0.116400 0.135200 0.179200 0.213100 0.158800 0.137000 0.145400 0.180000 0.094400 0.121900 0.147900 0.100900 0.128700 0.150400 0.019500 0.000000
