1
52 1
Argali 0.000000 0.263000 0.060200 0.138700 0.039700 0.000000 0.039800 0.069500 0.060200 0.060300 0.000000 0.070500 0.028400 0.039800 0.039400 0.049400 0.082400 0.083000 0.009700 0.060200 0.029500 0.019500 0.060000 0.081100 0.009400 0.079900 0.029500 0.060200 0.059400 0.060200 0.060300 0.049400 0.081500 0.019600 0.039700 0.070300 0.009400 0.050000 0.050200 0.101200 0.059800 0.079900 0.060100 0.081100 0.070300 0.049500 0.049700 0.049700 0.039700 0.059600 0.060300 0.060200
LesserMous 0.263000 0.000000 0.233100 0.264900 0.288800 0.263000 0.276400 0.223000 0.235500 0.272700 0.263000 0.271700 0.276400 0.288400 0.261900 0.247700 0.315000 0.317100 0.276200 0.235500 0.274800 0.275800 0.271900 0.271400 0.250200 0.236400 0.276400 0.235500 0.259400 0.235500 0.272700 0.299600 0.260400 0.277200 0.317300 0.272300 0.250300 0.276200 0.302900 0.296300 0.270500 0.236400 0.272700 0.271400 0.272300 0.300700 0.275000 0.261700 0.275100 0.295700 0.260300 0.235500
LesserKudu 0.060200 0.233100 0.000000 0.126000 0.039800 0.060200 0.039900 0.069100 0.019500 0.039400 0.060200 0.046100 0.060400 0.039900 0.039600 0.029400 0.060500 0.060900 0.070800 0.019500 0.029600 0.081200 0.039200 0.059500 0.070400 0.059500 0.060400 0.019500 0.039300 0.018900 0.039400 0.049600 0.059900 0.050300 0.082000 0.049200 0.070300 0.050100 0.050300 0.079300 0.039100 0.059500 0.039400 0.059500 0.049200 0.049700 0.049900 0.049800 0.029700 0.048900 0.019500 0.019500
KillerWhal 0.138700 0.264900 0.126000 0.000000 0.138900 0.138700 0.139300 0.171000 0.137500 0.137500 0.138700 0.148400 0.139400 0.139400 0.138100 0.148900 0.139400 0.164500 0.150200 0.137500 0.127200 0.162300 0.136800 0.138000 0.149600 0.136800 0.139400 0.137500 0.159800 0.137500 0.137500 0.149000 0.138000 0.128500 0.164000 0.147800 0.126800 0.127900 0.151800 0.181100 0.136300 0.136800 0.137500 0.137400 0.147800 0.137900 0.150200 0.127200 0.127600 0.146900 0.137600 0.137500
DefassaWat 0.039700 0.288800 0.039800 0.138900 0.000000 0.039700 0.019700 0.049200 0.039800 0.029500 0.039700 0.046000 0.050100 0.019700 0.018800 0.029400 0.061200 0.061600 0.050000 0.039800 0.009400 0.060200 0.039600 0.060200 0.049700 0.049300 0.050100 0.039800 0.029300 0.039800 0.029500 0.019500 0.060500 0.040100 0.060700 0.049700 0.049600 0.009500 0.029800 0.069800 0.039500 0.049300 0.029500 0.060200 0.049700 0.029500 0.029600 0.029500 0.019700 0.049500 0.039900 0.039800
Sheep 0.000000 0.263000 0.060200 0.138700 0.039700 0.000000 0.039800 0.069500 0.060200 0.060300 0.000000 0.070500 0.029500 0.039800 0.039400 0.049400 0.082400 0.083000 0.009700 0.060200 0.028600 0.019500 0.060000 0.081100 0.009400 0.079900 0.029500 0.060200 0.059400 0.060200 0.060300 0.049400 0.081500 0.019600 0.039700 0.070300 0.009600 0.050000 0.050200 0.101200 0.059800 0.079900 0.060300 0.081100 0.070300 0.049500 0.049700 0.049700 0.039700 0.059600 0.060200 0.060200
MaxwellsDu 0.039800 0.276400 0.039900 0.139300 0.019700 0.039800 0.000000 0.049300 0.039900 0.039900 0.039800 0.050000 0.050300 0.019800 0.019600 0.028400 0.061400 0.061800 0.050100 0.039900 0.009800 0.060300 0.039700 0.060400 0.049300 0.059500 0.050300 0.039900 0.039300 0.039900 0.039900 0.028400 0.050300 0.040200 0.060900 0.049900 0.049800 0.029800 0.029900 0.080300 0.039600 0.059500 0.039900 0.060400 0.046000 0.029500 0.029700 0.029600 0.018900 0.049600 0.040000 0.039900
GazellaPrz 0.069500 0.223000 0.069100 0.171000 0.049200 0.069500 0.049300 0.000000 0.069800 0.069700 0.069500 0.059300 0.080300 0.049300 0.049000 0.038700 0.091900 0.092500 0.080000 0.069800 0.039100 0.090300 0.069500 0.090300 0.059100 0.089300 0.080300 0.069800 0.048500 0.069800 0.069700 0.058900 0.090900 0.070200 0.091200 0.059300 0.079600 0.059500 0.059700 0.110500 0.069200 0.089300 0.069700 0.090300 0.054600 0.059100 0.039100 0.059100 0.049300 0.079300 0.069900 0.069800
MountainNy 0.060200 0.235500 0.019500 0.137500 0.039800 0.060200 0.039900 0.069800 0.000000 0.039400 0.060200 0.049400 0.060500 0.039900 0.039600 0.028700 0.060700 0.061100 0.070900 0.000000 0.029700 0.081300 0.038300 0.059600 0.070400 0.059600 0.060500 0.000000 0.039300 0.000000 0.039400 0.049600 0.059900 0.050400 0.082100 0.049300 0.070400 0.050200 0.050400 0.079300 0.039100 0.059600 0.039400 0.059600 0.049300 0.049800 0.050000 0.049900 0.029700 0.045900 0.019600 0.000000
MuntiacusM 0.060300 0.272700 0.039400 0.137500 0.029500 0.060300 0.039900 0.069700 0.039400 0.000000 0.055600 0.049400 0.039900 0.039900 0.039600 0.049600 0.060600 0.061100 0.070900 0.039400 0.029600 0.060300 0.019400 0.039300 0.070500 0.069800 0.039900 0.039400 0.049400 0.039400 0.000000 0.039500 0.060000 0.050400 0.082100 0.049200 0.070400 0.039600 0.050400 0.048800 0.019300 0.069800 0.000000 0.039300 0.049200 0.049700 0.049900 0.029600 0.029700 0.049000 0.039500 0.039400
goat 0.000000 0.263000 0.060200 0.138700 0.039700 0.000000 0.039800 0.069500 0.060200 0.055600 0.000000 0.070500 0.029500 0.039800 0.039400 0.049400 0.082400 0.083000 0.009700 0.060200 0.029500 0.018800 0.060000 0.081100 0.009400 0.079900 0.028300 0.060200 0.059400 0.060200 0.060300 0.049400 0.081500 0.019600 0.039700 0.070300 0.009600 0.050000 0.050200 0.101200 0.059800 0.079900 0.060300 0.081100 0.070300 0.049500 0.049700 0.049700 0.038700 0.059600 0.060300 0.060200
AfricanBuf 0.070500 0.271700 0.046100 0.148400 0.046000 0.070500 0.050000 0.059300 0.049400 0.049400 0.070500 0.000000 0.070800 0.050000 0.049600 0.059600 0.050000 0.050300 0.081200 0.049400 0.039600 0.070400 0.049200 0.069700 0.059900 0.090400 0.070800 0.049400 0.069600 0.049400 0.049400 0.059700 0.070100 0.060400 0.092500 0.029200 0.080600 0.060300 0.039900 0.089500 0.049000 0.090400 0.049400 0.069700 0.029200 0.059800 0.060100 0.060000 0.039700 0.058900 0.049400 0.049400
Topi 0.028400 0.276400 0.060400 0.139400 0.050100 0.029500 0.050300 0.080300 0.060500 0.039900 0.029500 0.070800 0.000000 0.050300 0.049900 0.059900 0.082800 0.083400 0.038400 0.060500 0.039800 0.028700 0.039700 0.060300 0.039400 0.090900 0.000000 0.060500 0.070000 0.060500 0.039900 0.060000 0.081900 0.009500 0.050200 0.070600 0.039400 0.060700 0.056200 0.080300 0.039600 0.090900 0.039900 0.060300 0.070600 0.060100 0.055900 0.039700 0.029800 0.059900 0.060600 0.060500
CommonDuik 0.039800 0.288400 0.039900 0.139400 0.019700 0.039800 0.019800 0.049300 0.039900 0.039900 0.039800 0.050000 0.050300 0.000000 0.018900 0.029400 0.061500 0.051200 0.050100 0.039900 0.009500 0.060300 0.039700 0.056100 0.049800 0.059500 0.050300 0.039900 0.039300 0.039900 0.039900 0.029500 0.060700 0.040200 0.060900 0.049900 0.049800 0.027900 0.029900 0.080300 0.039600 0.059500 0.039900 0.056100 0.049900 0.029500 0.029700 0.029600 0.019800 0.049600 0.040000 0.039900
Suni 0.039400 0.261900 0.039600 0.138100 0.018800 0.039400 0.019600 0.049000 0.039600 0.039600 0.039400 0.049600 0.049900 0.018900 0.000000 0.029200 0.060900 0.061300 0.049700 0.039600 0.009700 0.059800 0.039400 0.059800 0.049400 0.055100 0.049900 0.039600 0.039000 0.039600 0.039600 0.028200 0.060200 0.039800 0.060400 0.049500 0.049400 0.029600 0.029700 0.059200 0.038500 0.059100 0.039600 0.059800 0.049500 0.029300 0.029400 0.029400 0.018900 0.049200 0.039700 0.039600
Springbuck 0.049400 0.247700 0.029400 0.148900 0.029400 0.049400 0.028400 0.038700 0.028700 0.049600 0.049400 0.059600 0.059900 0.029400 0.029200 0.000000 0.070400 0.071600 0.059700 0.029500 0.019100 0.069900 0.049400 0.070000 0.059400 0.045800 0.059900 0.029500 0.009300 0.029500 0.049600 0.039100 0.070400 0.049900 0.070600 0.059500 0.059400 0.039500 0.039600 0.089900 0.049200 0.048800 0.049600 0.070000 0.059500 0.039200 0.037200 0.039200 0.029400 0.058800 0.029500 0.029500
Okapi 0.082400 0.315000 0.060500 0.139400 0.061200 0.082400 0.061400 0.091900 0.060700 0.060600 0.082400 0.050000 0.082800 0.061500 0.060900 0.070400 0.000000 0.040800 0.072000 0.060700 0.050700 0.082300 0.060400 0.081600 0.092900 0.102700 0.082800 0.055900 0.081400 0.060700 0.060600 0.071200 0.082000 0.072400 0.083300 0.070700 0.092800 0.072000 0.051100 0.101600 0.060100 0.102700 0.060600 0.081600 0.070700 0.071400 0.071700 0.071600 0.050800 0.070300 0.060700 0.060700
Giraffe 0.083000 0.317100 0.060900 0.164500 0.061600 0.083000 0.061800 0.092500 0.061100 0.061100 0.083000 0.050300 0.083400 0.051200 0.061300 0.071600 0.040800 0.000000 0.072500 0.061100 0.051000 0.082900 0.060800 0.082200 0.093300 0.103400 0.083400 0.061100 0.082000 0.061100 0.061100 0.071700 0.082600 0.072900 0.084000 0.071100 0.093400 0.072600 0.051400 0.102300 0.060600 0.103400 0.061100 0.082200 0.071100 0.071800 0.072200 0.072100 0.051200 0.070700 0.061100 0.061100
TibetanAnt 0.009700 0.276200 0.070800 0.150200 0.050000 0.009700 0.050100 0.080000 0.070900 0.070900 0.009700 0.081200 0.038400 0.050100 0.049700 0.059700 0.072000 0.072500 0.000000 0.070900 0.039700 0.029500 0.070600 0.092000 0.019500 0.090500 0.039700 0.070900 0.069800 0.070900 0.070900 0.059800 0.092400 0.029700 0.029700 0.080900 0.019400 0.060400 0.060700 0.112200 0.070300 0.090500 0.070900 0.092000 0.080900 0.059900 0.056000 0.060100 0.050100 0.070100 0.070900 0.070900
Sitatunga 0.060200 0.235500 0.019500 0.137500 0.039800 0.060200 0.039900 0.069800 0.000000 0.039400 0.060200 0.049400 0.060500 0.039900 0.039600 0.029500 0.060700 0.061100 0.070900 0.000000 0.029700 0.081300 0.039300 0.059600 0.070400 0.059600 0.060500 0.000000 0.039300 0.000000 0.039400 0.049600 0.059900 0.050400 0.082100 0.049300 0.070400 0.050200 0.050400 0.079300 0.039100 0.059600 0.039400 0.059600 0.049300 0.049800 0.050000 0.049900 0.029700 0.049000 0.019600 0.000000
Oribi 0.029500 0.274800 0.029600 0.127200 0.009400 0.028600 0.009800 0.039100 0.029700 0.029600 0.029500 0.039600 0.039800 0.009500 0.009700 0.019100 0.050700 0.051000 0.039700 0.029700 0.000000 0.049800 0.029500 0.049800 0.039400 0.049100 0.039800 0.029700 0.029200 0.029700 0.029600 0.019500 0.050100 0.029800 0.050200 0.039500 0.039400 0.019100 0.019800 0.069600 0.029400 0.049100 0.029600 0.049800 0.039500 0.019500 0.019600 0.019600 0.009800 0.039300 0.029700 0.029700
BarbaryShe 0.019500 0.275800 0.081200 0.162300 0.060200 0.019500 0.060300 0.090300 0.081300 0.060300 0.018800 0.070400 0.028700 0.060300 0.059800 0.069900 0.082300 0.082900 0.029500 0.081300 0.049800 0.000000 0.060000 0.081100 0.029300 0.101000 0.029500 0.081300 0.080100 0.081300 0.060300 0.070000 0.103100 0.039800 0.060300 0.091400 0.029300 0.070800 0.050100 0.101200 0.059800 0.101000 0.060300 0.081100 0.091400 0.070100 0.070400 0.049700 0.060300 0.080400 0.081300 0.081300
Daviddeer 0.060000 0.271900 0.039200 0.136800 0.039600 0.060000 0.039700 0.069500 0.038300 0.019400 0.060000 0.049200 0.039700 0.039700 0.039400 0.049400 0.060400 0.060800 0.070600 0.039300 0.029500 0.060000 0.000000 0.039100 0.070100 0.079800 0.039700 0.039300 0.059300 0.039300 0.019400 0.049400 0.059700 0.050100 0.081700 0.049100 0.070100 0.049900 0.050200 0.058600 0.019300 0.079800 0.019400 0.039100 0.049100 0.049500 0.049500 0.027700 0.029600 0.048800 0.039300 0.039300
Reindeer 0.081100 0.271400 0.059500 0.138000 0.060200 0.081100 0.060400 0.090300 0.059600 0.039300 0.081100 0.069700 0.060300 0.056100 0.059800 0.070000 0.081600 0.082200 0.092000 0.059600 0.049800 0.081100 0.039100 0.000000 0.091300 0.079900 0.060300 0.059600 0.080100 0.059600 0.039300 0.070000 0.059900 0.071100 0.103500 0.069500 0.091300 0.050100 0.071100 0.058600 0.039000 0.079900 0.039300 0.000000 0.069500 0.070100 0.070500 0.028700 0.049900 0.069100 0.059700 0.059600
Ibex 0.009400 0.250200 0.070400 0.149600 0.049700 0.009400 0.049300 0.059100 0.070400 0.070500 0.009400 0.059900 0.039400 0.049800 0.049400 0.059400 0.092900 0.093300 0.019500 0.070400 0.039400 0.029300 0.070100 0.091300 0.000000 0.090100 0.039200 0.070400 0.069400 0.070400 0.070500 0.059400 0.091900 0.029500 0.049700 0.059800 0.019300 0.060100 0.060300 0.111600 0.069900 0.090100 0.070500 0.091300 0.059800 0.059600 0.059800 0.059700 0.048900 0.069700 0.070500 0.070400
GyrantGaze 0.079900 0.236400 0.059500 0.136800 0.049300 0.079900 0.059500 0.089300 0.059600 0.069800 0.079900 0.090400 0.090900 0.059500 0.055100 0.045800 0.102700 0.103400 0.090500 0.059600 0.049100 0.101000 0.079800 0.079900 0.090100 0.000000 0.090900 0.059600 0.038600 0.059600 0.069800 0.045700 0.080500 0.080600 0.102000 0.090300 0.069400 0.039300 0.070100 0.099700 0.079500 0.000000 0.069800 0.079900 0.090300 0.069300 0.069500 0.049100 0.059500 0.089700 0.059600 0.059600
Hartebeest 0.029500 0.276400 0.060400 0.139400 0.050100 0.029500 0.050300 0.080300 0.060500 0.039900 0.028300 0.070800 0.000000 0.050300 0.049900 0.059900 0.082800 0.083400 0.039700 0.060500 0.039800 0.029500 0.039700 0.060300 0.039200 0.090900 0.000000 0.060500 0.070000 0.060500 0.039900 0.060000 0.081900 0.009600 0.050200 0.070600 0.039400 0.060700 0.060900 0.080300 0.039600 0.090900 0.039900 0.060300 0.070600 0.060100 0.060400 0.039700 0.029800 0.059900 0.060600 0.060500
Bongo 0.060200 0.235500 0.019500 0.137500 0.039800 0.060200 0.039900 0.069800 0.000000 0.039400 0.060200 0.049400 0.060500 0.039900 0.039600 0.029500 0.055900 0.061100 0.070900 0.000000 0.029700 0.081300 0.039300 0.059600 0.070400 0.059600 0.060500 0.000000 0.039300 0.000000 0.039400 0.049600 0.059900 0.050400 0.082100 0.049300 0.070400 0.050200 0.050400 0.079300 0.039100 0.059600 0.039400 0.059600 0.049300 0.049800 0.050000 0.049900 0.029700 0.049000 0.019600 0.000000
Gerenuk 0.059400 0.259400 0.039300 0.159800 0.029300 0.059400 0.039300 0.048500 0.039300 0.049400 0.059400 0.069600 0.070000 0.039300 0.039000 0.009300 0.081400 0.082000 0.069800 0.039300 0.029200 0.080100 0.059300 0.080100 0.069400 0.038600 0.070000 0.039300 0.000000 0.039300 0.049400 0.029000 0.080500 0.059900 0.080800 0.069500 0.069400 0.039300 0.049600 0.079000 0.059100 0.038600 0.049400 0.080100 0.069500 0.049000 0.049200 0.049100 0.039300 0.069100 0.039400 0.039300
CommonElan 0.060200 0.235500 0.018900 0.137500 0.039800 0.060200 0.039900 0.069800 0.000000 0.039400 0.060200 0.049400 0.060500 0.039900 0.039600 0.029500 0.060700 0.061100 0.070900 0.000000 0.029700 0.081300 0.039300 0.059600 0.070400 0.059600 0.060500 0.000000 0.039300 0.000000 0.039400 0.049600 0.059900 0.050400 0.082100 0.049300 0.070400 0.050200 0.050400 0.079300 0.039100 0.059600 0.039400 0.059600 0.049300 0.049800 0.050000 0.049900 0.029700 0.049000 0.019100 0.000000
MuntiacusR 0.060300 0.272700 0.039400 0.137500 0.029500 0.060300 0.039900 0.069700 0.039400 0.000000 0.060300 0.049400 0.039900 0.039900 0.039600 0.049600 0.060600 0.061100 0.070900 0.039400 0.029600 0.060300 0.019400 0.039300 0.070500 0.069800 0.039900 0.039400 0.049400 0.039400 0.000000 0.039500 0.060000 0.050400 0.082100 0.049200 0.070400 0.039600 0.050400 0.048800 0.019300 0.069800 0.000000 0.039300 0.049200 0.049700 0.049900 0.029600 0.029700 0.049000 0.039500 0.039400
HarveysDui 0.049400 0.299600 0.049600 0.149000 0.019500 0.049400 0.028400 0.058900 0.049600 0.039500 0.049400 0.059700 0.060000 0.029500 0.028200 0.039100 0.071200 0.071700 0.059800 0.049600 0.019500 0.070000 0.049400 0.070000 0.059400 0.045700 0.060000 0.049600 0.029000 0.049600 0.039500 0.000000 0.070400 0.049900 0.070600 0.059500 0.059400 0.029500 0.037000 0.069000 0.049200 0.045900 0.039500 0.070000 0.059500 0.039200 0.039300 0.039300 0.029500 0.055000 0.049700 0.049600
Pronghorn 0.081500 0.260400 0.059900 0.138000 0.060500 0.081500 0.050300 0.090900 0.059900 0.060000 0.081500 0.070100 0.081900 0.060700 0.060200 0.070400 0.082000 0.082600 0.092400 0.059900 0.050100 0.103100 0.059700 0.059900 0.091900 0.080500 0.081900 0.059900 0.080500 0.059900 0.060000 0.070400 0.000000 0.071500 0.104100 0.069900 0.091800 0.050300 0.071500 0.100600 0.059500 0.080500 0.060000 0.059900 0.069900 0.070600 0.070900 0.050000 0.050200 0.069500 0.060000 0.059900
BlueWildeb 0.019600 0.277200 0.050300 0.128500 0.040100 0.019600 0.040200 0.070200 0.050400 0.050400 0.019600 0.060400 0.009500 0.040200 0.039800 0.049900 0.072400 0.072900 0.029700 0.050400 0.029800 0.039800 0.050100 0.071100 0.029500 0.080600 0.009600 0.050400 0.059900 0.050400 0.050400 0.049900 0.071500 0.000000 0.040100 0.060400 0.029500 0.050500 0.050700 0.091200 0.050000 0.080600 0.050400 0.071100 0.060400 0.050000 0.050300 0.050200 0.019800 0.049800 0.050400 0.050400
Gemsbok 0.039700 0.317300 0.082000 0.164000 0.060700 0.039700 0.060900 0.091200 0.082100 0.082100 0.039700 0.092500 0.050200 0.060900 0.060400 0.070600 0.083300 0.084000 0.029700 0.082100 0.050200 0.060300 0.081700 0.103500 0.049700 0.102000 0.050200 0.082100 0.080800 0.082100 0.082100 0.070600 0.104100 0.040100 0.000000 0.092300 0.049700 0.071400 0.071800 0.124100 0.081400 0.102000 0.082100 0.103500 0.092300 0.070800 0.071100 0.071000 0.060900 0.081200 0.082200 0.082100
Yak 0.070300 0.272300 0.049200 0.147800 0.049700 0.070300 0.049900 0.059300 0.049300 0.049200 0.070300 0.029200 0.070600 0.049900 0.049500 0.059500 0.070700 0.071100 0.080900 0.049300 0.039500 0.091400 0.049100 0.069500 0.059800 0.090300 0.070600 0.049300 0.069500 0.049300 0.049200 0.059500 0.069900 0.060400 0.092300 0.000000 0.080500 0.060100 0.060300 0.089200 0.048900 0.090300 0.049200 0.069500 0.000000 0.059700 0.059900 0.059800 0.039600 0.038800 0.046100 0.049300
BlueSheep 0.009400 0.250300 0.070300 0.126800 0.049600 0.009600 0.049800 0.079600 0.070400 0.070400 0.009600 0.080600 0.039400 0.049800 0.049400 0.059400 0.092800 0.093400 0.019400 0.070400 0.039400 0.029300 0.070100 0.091300 0.019300 0.069400 0.039400 0.070400 0.069400 0.070400 0.070400 0.059400 0.091800 0.029500 0.049700 0.080500 0.000000 0.060000 0.060300 0.111500 0.069800 0.069400 0.070400 0.091300 0.080500 0.059500 0.059800 0.059700 0.049700 0.069700 0.070500 0.070400
BohorReedb 0.050000 0.276200 0.050100 0.127900 0.009500 0.050000 0.029800 0.059500 0.050200 0.039600 0.050000 0.060300 0.060700 0.027900 0.029600 0.039500 0.072000 0.072600 0.060400 0.050200 0.019100 0.070800 0.049900 0.050100 0.060100 0.039300 0.060700 0.050200 0.039300 0.050200 0.039600 0.029500 0.050300 0.050500 0.071400 0.060100 0.060000 0.000000 0.040100 0.080400 0.049700 0.039300 0.039600 0.050100 0.060100 0.039600 0.039800 0.019700 0.029800 0.059800 0.050200 0.050200
KirksDik 0.050200 0.302900 0.050300 0.151800 0.029800 0.050200 0.029900 0.059700 0.050400 0.050400 0.050200 0.039900 0.056200 0.029900 0.029700 0.039600 0.051100 0.051400 0.060700 0.050400 0.019800 0.050100 0.050200 0.071100 0.060300 0.070100 0.060900 0.050400 0.049600 0.050400 0.050400 0.037000 0.071500 0.050700 0.071800 0.060300 0.060300 0.040100 0.000000 0.091200 0.050000 0.070100 0.050400 0.071100 0.060400 0.039800 0.040000 0.039900 0.029900 0.060100 0.030000 0.050400
RoeDeer 0.101200 0.296300 0.079300 0.181100 0.069800 0.101200 0.080300 0.110500 0.079300 0.048800 0.101200 0.089500 0.080300 0.080300 0.059200 0.089900 0.101600 0.102300 0.112200 0.079300 0.069600 0.101200 0.058600 0.058600 0.111600 0.099700 0.080300 0.079300 0.079000 0.079300 0.048800 0.069000 0.100600 0.091200 0.124100 0.089200 0.111500 0.080400 0.091200 0.000000 0.058000 0.099700 0.048800 0.058600 0.089300 0.090100 0.090400 0.069400 0.069700 0.088800 0.079400 0.079300
WhiteLippe 0.059800 0.270500 0.039100 0.136300 0.039500 0.059800 0.039600 0.069200 0.039100 0.019300 0.059800 0.049000 0.039600 0.039600 0.038500 0.049200 0.060100 0.060600 0.070300 0.039100 0.029400 0.059800 0.019300 0.039000 0.069900 0.079500 0.039600 0.039100 0.059100 0.039100 0.019300 0.049200 0.059500 0.050000 0.081400 0.048900 0.069800 0.049700 0.050000 0.058000 0.000000 0.079500 0.019300 0.039000 0.048900 0.049300 0.049500 0.028200 0.029500 0.048600 0.039100 0.039100
ThomsonGaz 0.079900 0.236400 0.059500 0.136800 0.049300 0.079900 0.059500 0.089300 0.059600 0.069800 0.079900 0.090400 0.090900 0.059500 0.059100 0.048800 0.102700 0.103400 0.090500 0.059600 0.049100 0.101000 0.079800 0.079900 0.090100 0.000000 0.090900 0.059600 0.038600 0.059600 0.069800 0.045900 0.080500 0.080600 0.102000 0.090300 0.069400 0.039300 0.070100 0.099700 0.079500 0.000000 0.069800 0.079900 0.090300 0.069300 0.069500 0.049100 0.059500 0.089700 0.059600 0.059600
MuntiacusC 0.060100 0.272700 0.039400 0.137500 0.029500 0.060300 0.039900 0.069700 0.039400 0.000000 0.060300 0.049400 0.039900 0.039900 0.039600 0.049600 0.060600 0.061100 0.070900 0.039400 0.029600 0.060300 0.019400 0.039300 0.070500 0.069800 0.039900 0.039400 0.049400 0.039400 0.000000 0.039500 0.060000 0.050400 0.082100 0.049200 0.070400 0.039600 0.050400 0.048800 0.019300 0.069800 0.000000 0.039300 0.049200 0.049700 0.049900 0.028400 0.029700 0.049000 0.039500 0.039400
WhiteTaile 0.081100 0.271400 0.059500 0.137400 0.060200 0.081100 0.060400 0.090300 0.059600 0.039300 0.081100 0.069700 0.060300 0.056100 0.059800 0.070000 0.081600 0.082200 0.092000 0.059600 0.049800 0.081100 0.039100 0.000000 0.091300 0.079900 0.060300 0.059600 0.080100 0.059600 0.039300 0.070000 0.059900 0.071100 0.103500 0.069500 0.091300 0.050100 0.071100 0.058600 0.039000 0.079900 0.039300 0.000000 0.069500 0.070100 0.070500 0.029500 0.049900 0.069100 0.055700 0.059600
Cattle 0.070300 0.272300 0.049200 0.147800 0.049700 0.070300 0.046000 0.054600 0.049300 0.049200 0.070300 0.029200 0.070600 0.049900 0.049500 0.059500 0.070700 0.071100 0.080900 0.049300 0.039500 0.091400 0.049100 0.069500 0.059800 0.090300 0.070600 0.049300 0.069500 0.049300 0.049200 0.059500 0.069900 0.060400 0.092300 0.000000 0.080500 0.060100 0.060400 0.089300 0.048900 0.090300 0.049200 0.069500 0.000000 0.059700 0.059900 0.059800 0.039600 0.038800 0.049300 0.049300
RoyalAntel 0.049500 0.300700 0.049700 0.137900 0.029500 0.049500 0.029500 0.059100 0.049800 0.049700 0.049500 0.059800 0.060100 0.029500 0.029300 0.039200 0.071400 0.071800 0.059900 0.049800 0.019500 0.070100 0.049500 0.070100 0.059600 0.069300 0.060100 0.049800 0.049000 0.049800 0.049700 0.039200 0.070600 0.050000 0.070800 0.059700 0.059500 0.039600 0.039800 0.090100 0.049300 0.069300 0.049700 0.070100 0.059700 0.000000 0.039400 0.039300 0.029500 0.059400 0.049800 0.049800
Steenbok 0.049700 0.275000 0.049900 0.150200 0.029600 0.049700 0.029700 0.039100 0.050000 0.049900 0.049700 0.060100 0.055900 0.029700 0.029400 0.037200 0.071700 0.072200 0.056000 0.050000 0.019600 0.070400 0.049500 0.070500 0.059800 0.069500 0.060400 0.050000 0.049200 0.050000 0.049900 0.039300 0.070900 0.050300 0.071100 0.059900 0.059800 0.039800 0.040000 0.090400 0.049500 0.069500 0.049900 0.070500 0.059900 0.039400 0.000000 0.039500 0.029700 0.059600 0.050000 0.050000
Impala 0.049700 0.261700 0.049800 0.127200 0.029500 0.049700 0.029600 0.059100 0.049900 0.029600 0.049700 0.060000 0.039700 0.029600 0.029400 0.039200 0.071600 0.072100 0.060100 0.049900 0.019600 0.049700 0.027700 0.028700 0.059700 0.049100 0.039700 0.049900 0.049100 0.049900 0.029600 0.039300 0.050000 0.050200 0.071000 0.059800 0.059700 0.019700 0.039900 0.069400 0.028200 0.049100 0.028400 0.029500 0.059800 0.039300 0.039500 0.000000 0.029600 0.059500 0.049900 0.049900
Klipspring 0.039700 0.275100 0.029700 0.127600 0.019700 0.039700 0.018900 0.049300 0.029700 0.029700 0.038700 0.039700 0.029800 0.019800 0.018900 0.029400 0.050800 0.051200 0.050100 0.029700 0.009800 0.060300 0.029600 0.049900 0.048900 0.059500 0.029800 0.029700 0.039300 0.029700 0.029700 0.029500 0.050200 0.019800 0.060900 0.039600 0.049700 0.029800 0.029900 0.069700 0.029500 0.059500 0.029700 0.049900 0.039600 0.029500 0.029700 0.029600 0.000000 0.039400 0.029800 0.029700
ForestMusk 0.059600 0.295700 0.048900 0.146900 0.049500 0.059600 0.049600 0.079300 0.045900 0.049000 0.059600 0.058900 0.059900 0.049600 0.049200 0.058800 0.070300 0.070700 0.070100 0.049000 0.039300 0.080400 0.048800 0.069100 0.069700 0.089700 0.059900 0.049000 0.069100 0.049000 0.049000 0.055000 0.069500 0.049800 0.081200 0.038800 0.069700 0.059800 0.060100 0.088800 0.048600 0.089700 0.049000 0.069100 0.038800 0.059400 0.059600 0.059500 0.039400 0.000000 0.049100 0.049000
Bushbuck 0.060300 0.260300 0.019500 0.137600 0.039900 0.060200 0.040000 0.069900 0.019600 0.039500 0.060300 0.049400 0.060600 0.040000 0.039700 0.029500 0.060700 0.061100 0.070900 0.019600 0.029700 0.081300 0.039300 0.059700 0.070500 0.059600 0.060600 0.019600 0.039400 0.019100 0.039500 0.049700 0.060000 0.050400 0.082200 0.046100 0.070500 0.050200 0.030000 0.079400 0.039100 0.059600 0.039500 0.055700 0.049300 0.049800 0.050000 0.049900 0.029800 0.049100 0.000000 0.018800
GreaterKud 0.060200 0.235500 0.019500 0.137500 0.039800 0.060200 0.039900 0.069800 0.000000 0.039400 0.060200 0.049400 0.060500 0.039900 0.039600 0.029500 0.060700 0.061100 0.070900 0.000000 0.029700 0.081300 0.039300 0.059600 0.070400 0.059600 0.060500 0.000000 0.039300 0.000000 0.039400 0.049600 0.059900 0.050400 0.082100 0.049300 0.070400 0.050200 0.050400 0.079300 0.039100 0.059600 0.039400 0.059600 0.049300 0.049800 0.050000 0.049900 0.029700 0.049000 0.018800 0.000000
