CODONML (in paml version 4.10.7, June 2023)  /home/rachel/ruminants_paml/6406-phy-tree/ENSBTAT00000022431.fasta.phy
Model: free dN/dS Ratios for branches,  kappa = 2.000 fixed

Codon frequency model: F3x4
ns =  54  ls =  32

Codon usage in sequences
--------------------------------------------------------------------------------------------------------------------------------------
Phe TTT   0   0   0   0   0   0 | Ser TCT   0   0   0   0   0   0 | Tyr TAT   0   0   0   0   0   0 | Cys TGT   0   0   0   0   0   0
    TTC   2   1   1   1   1   1 |     TCC   0   0   0   0   0   0 |     TAC   0   0   0   0   0   0 |     TGC   0   0   0   0   0   0
Leu TTA   0   0   0   0   0   0 |     TCA   1   1   1   1   1   1 | *** TAA   0   0   0   0   0   0 | *** TGA   0   0   0   0   0   0
    TTG   0   0   0   0   0   0 |     TCG   0   0   0   0   0   0 |     TAG   0   0   0   0   0   0 | Trp TGG   0   0   0   0   0   0
--------------------------------------------------------------------------------------------------------------------------------------
Leu CTT   3   3   3   3   2   3 | Pro CCT   0   0   0   0   0   0 | His CAT   1   1   2   1   0   1 | Arg CGT   0   0   0   0   1   1
    CTC   1   0   1   1   1   1 |     CCC   0   0   0   0   0   0 |     CAC   1   2   0   1   1   1 |     CGC   0   0   0   0   0   0
    CTA   0   0   0   1   0   0 |     CCA   3   3   2   3   1   1 | Gln CAA   0   0   0   0   0   0 |     CGA   0   0   0   0   0   0
    CTG   2   3   2   1   3   2 |     CCG   0   0   1   0   2   2 |     CAG   2   1   2   2   2   2 |     CGG   0   0   0   0   0   0
--------------------------------------------------------------------------------------------------------------------------------------
Ile ATT   1   1   1   1   1   1 | Thr ACT   0   1   1   0   1   0 | Asn AAT   1   1   1   1   1   1 | Ser AGT   0   0   0   0   0   0
    ATC   0   1   1   1   1   1 |     ACC   0   1   0   0   1   0 |     AAC   2   1   2   2   2   2 |     AGC   1   0   1   1   0   0
    ATA   0   0   0   0   0   0 |     ACA   1   1   0   1   1   0 | Lys AAA   2   1   1   2   1   1 | Arg AGA   0   0   0   0   0   0
Met ATG   3   3   3   3   3   3 |     ACG   1   0   1   1   0   2 |     AAG   0   0   0   0   0   0 |     AGG   0   0   0   0   0   0
--------------------------------------------------------------------------------------------------------------------------------------
Val GTT   1   0   1   1   0   0 | Ala GCT   0   0   0   0   0   0 | Asp GAT   1   1   1   1   1   1 | Gly GGT   0   0   0   0   0   0
    GTC   0   1   0   0   1   1 |     GCC   0   0   0   0   0   0 |     GAC   1   2   1   1   1   1 |     GGC   0   0   0   0   0   1
    GTA   0   0   0   0   0   0 |     GCA   0   0   0   0   0   0 | Glu GAA   0   1   1   0   1   1 |     GGA   1   1   1   1   1   0
    GTG   0   0   0   0   0   0 |     GCG   0   0   0   0   0   0 |     GAG   0   0   0   0   0   0 |     GGG   0   0   0   0   0   0
--------------------------------------------------------------------------------------------------------------------------------------

--------------------------------------------------------------------------------------------------------------------------------------
Phe TTT   0   0   0   0   0   0 | Ser TCT   0   0   0   0   0   0 | Tyr TAT   0   0   0   0   0   0 | Cys TGT   0   0   0   0   0   0
    TTC   1   2   1   1   1   1 |     TCC   0   0   0   0   0   0 |     TAC   0   0   0   0   0   0 |     TGC   0   0   0   0   0   0
Leu TTA   0   0   0   0   0   0 |     TCA   1   1   1   1   1   1 | *** TAA   0   0   0   0   0   0 | *** TGA   0   0   0   0   0   0
    TTG   0   0   0   0   0   0 |     TCG   0   0   0   0   0   0 |     TAG   0   0   0   0   0   0 | Trp TGG   0   0   0   0   0   0
--------------------------------------------------------------------------------------------------------------------------------------
Leu CTT   3   3   3   3   3   3 | Pro CCT   0   0   0   0   0   0 | His CAT   1   1   1   1   0   1 | Arg CGT   0   0   0   0   0   0
    CTC   1   1   1   1   1   1 |     CCC   0   0   0   0   0   0 |     CAC   0   1   1   1   2   1 |     CGC   0   0   0   0   0   0
    CTA   0   0   0   0   0   0 |     CCA   3   3   3   3   2   3 | Gln CAA   0   0   0   0   0   1 |     CGA   0   0   0   0   0   0
    CTG   2   2   2   2   2   2 |     CCG   0   0   0   0   1   0 |     CAG   2   2   2   2   2   2 |     CGG   0   0   0   0   0   0
--------------------------------------------------------------------------------------------------------------------------------------
Ile ATT   1   1   1   1   1   1 | Thr ACT   0   0   0   0   1   0 | Asn AAT   1   1   1   1   1   1 | Ser AGT   0   0   0   0   0   0
    ATC   1   0   1   1   1   1 |     ACC   0   0   0   0   0   0 |     AAC   2   2   2   2   2   2 |     AGC   1   1   1   1   1   1
    ATA   0   0   0   0   0   0 |     ACA   1   1   1   1   0   1 | Lys AAA   2   2   2   2   1   1 | Arg AGA   0   0   0   0   0   0
Met ATG   3   4   3   3   3   3 |     ACG   1   0   1   1   1   1 |     AAG   0   0   0   0   0   0 |     AGG   0   0   0   0   0   0
--------------------------------------------------------------------------------------------------------------------------------------
Val GTT   1   1   1   1   1   1 | Ala GCT   0   0   0   0   0   0 | Asp GAT   1   1   1   1   1   1 | Gly GGT   0   0   0   0   0   0
    GTC   0   0   0   0   0   0 |     GCC   0   0   0   0   0   0 |     GAC   1   1   1   1   1   1 |     GGC   1   0   0   0   0   0
    GTA   0   0   0   0   0   0 |     GCA   0   0   0   0   0   0 | Glu GAA   0   0   0   0   1   0 |     GGA   1   1   1   1   1   1
    GTG   0   0   0   0   0   0 |     GCG   0   0   0   0   0   0 |     GAG   0   0   0   0   0   0 |     GGG   0   0   0   0   0   0
--------------------------------------------------------------------------------------------------------------------------------------

--------------------------------------------------------------------------------------------------------------------------------------
Phe TTT   0   0   0   0   0   0 | Ser TCT   0   0   0   0   0   0 | Tyr TAT   0   0   0   0   0   0 | Cys TGT   0   0   0   0   0   0
    TTC   2   1   1   1   1   1 |     TCC   0   0   0   0   0   0 |     TAC   0   0   0   0   0   0 |     TGC   0   0   0   0   0   0
Leu TTA   0   0   0   0   0   0 |     TCA   1   1   1   1   1   1 | *** TAA   0   0   0   0   0   0 | *** TGA   0   0   0   0   0   0
    TTG   0   0   0   0   0   0 |     TCG   0   0   0   0   0   0 |     TAG   0   0   0   0   0   0 | Trp TGG   0   0   0   0   0   0
--------------------------------------------------------------------------------------------------------------------------------------
Leu CTT   3   3   3   3   3   3 | Pro CCT   0   0   0   0   0   0 | His CAT   1   1   1   1   1   1 | Arg CGT   0   0   0   0   0   0
    CTC   1   1   1   1   1   1 |     CCC   0   0   0   0   0   0 |     CAC   1   1   1   1   1   1 |     CGC   0   0   0   0   0   0
    CTA   0   0   0   0   0   0 |     CCA   3   3   3   3   3   2 | Gln CAA   0   0   0   0   0   0 |     CGA   0   0   0   0   0   0
    CTG   2   2   2   2   2   2 |     CCG   0   0   0   0   0   1 |     CAG   2   2   2   2   2   2 |     CGG   0   0   0   0   0   0
--------------------------------------------------------------------------------------------------------------------------------------
Ile ATT   1   1   1   1   1   1 | Thr ACT   0   0   0   0   0   0 | Asn AAT   1   1   1   1   1   1 | Ser AGT   0   0   0   0   0   0
    ATC   0   1   1   1   1   1 |     ACC   0   0   0   0   0   0 |     AAC   2   2   2   2   2   2 |     AGC   1   1   1   1   1   1
    ATA   0   0   0   0   0   0 |     ACA   1   1   1   1   1   1 | Lys AAA   2   1   2   2   2   2 | Arg AGA   0   0   0   0   0   0
Met ATG   3   3   3   3   3   3 |     ACG   1   1   1   1   1   1 |     AAG   0   0   0   0   0   0 |     AGG   0   0   0   0   0   0
--------------------------------------------------------------------------------------------------------------------------------------
Val GTT   1   1   1   1   1   1 | Ala GCT   0   1   0   0   0   0 | Asp GAT   1   0   1   1   1   1 | Gly GGT   0   0   0   0   0   0
    GTC   0   0   0   0   0   0 |     GCC   0   0   0   0   0   0 |     GAC   1   1   1   1   1   1 |     GGC   0   0   0   0   0   0
    GTA   0   0   0   0   0   0 |     GCA   0   0   0   0   0   0 | Glu GAA   0   1   0   0   0   0 |     GGA   1   1   1   1   1   1
    GTG   0   0   0   0   0   0 |     GCG   0   0   0   0   0   0 |     GAG   0   0   0   0   0   0 |     GGG   0   0   0   0   0   0
--------------------------------------------------------------------------------------------------------------------------------------

--------------------------------------------------------------------------------------------------------------------------------------
Phe TTT   0   0   0   0   0   0 | Ser TCT   0   0   0   0   0   0 | Tyr TAT   0   0   0   0   0   0 | Cys TGT   0   0   0   0   0   0
    TTC   1   1   1   1   1   2 |     TCC   0   0   0   0   0   0 |     TAC   0   0   0   0   0   0 |     TGC   0   0   0   0   0   0
Leu TTA   0   0   0   0   0   0 |     TCA   1   2   1   1   1   1 | *** TAA   0   0   0   0   0   0 | *** TGA   0   0   0   0   0   0
    TTG   0   0   0   0   0   0 |     TCG   0   0   0   0   0   0 |     TAG   0   0   0   0   0   0 | Trp TGG   0   0   0   0   0   0
--------------------------------------------------------------------------------------------------------------------------------------
Leu CTT   3   3   3   3   3   3 | Pro CCT   0   0   0   0   0   0 | His CAT   1   1   1   0   1   1 | Arg CGT   0   0   0   0   0   0
    CTC   1   1   1   1   1   1 |     CCC   0   0   0   0   0   0 |     CAC   1   1   1   2   1   1 |     CGC   0   0   0   0   0   0
    CTA   0   0   0   0   0   0 |     CCA   3   2   3   2   2   3 | Gln CAA   0   0   0   0   0   0 |     CGA   0   0   0   0   0   0
    CTG   2   2   2   2   2   2 |     CCG   0   0   0   1   1   0 |     CAG   2   2   2   2   2   2 |     CGG   0   0   0   0   0   0
--------------------------------------------------------------------------------------------------------------------------------------
Ile ATT   1   1   1   1   1   1 | Thr ACT   0   0   0   1   0   0 | Asn AAT   1   1   1   1   1   1 | Ser AGT   0   0   0   0   0   0
    ATC   1   1   1   1   1   0 |     ACC   0   0   0   0   0   0 |     AAC   2   2   2   2   2   2 |     AGC   1   1   1   1   1   1
    ATA   0   0   0   0   0   0 |     ACA   1   1   1   0   1   1 | Lys AAA   2   2   2   1   2   2 | Arg AGA   0   0   0   0   0   0
Met ATG   3   3   3   3   3   3 |     ACG   1   1   1   1   1   1 |     AAG   0   0   0   0   0   0 |     AGG   0   0   0   0   0   0
--------------------------------------------------------------------------------------------------------------------------------------
Val GTT   1   1   1   1   1   1 | Ala GCT   0   0   0   0   0   0 | Asp GAT   1   1   1   1   1   1 | Gly GGT   0   0   0   0   0   0
    GTC   0   0   0   0   0   0 |     GCC   0   0   0   0   0   0 |     GAC   1   1   1   1   1   1 |     GGC   0   0   0   0   0   0
    GTA   0   0   0   0   0   0 |     GCA   0   0   0   0   0   0 | Glu GAA   0   0   0   1   0   0 |     GGA   1   1   1   1   1   1
    GTG   0   0   0   0   0   0 |     GCG   0   0   0   0   0   0 |     GAG   0   0   0   0   0   0 |     GGG   0   0   0   0   0   0
--------------------------------------------------------------------------------------------------------------------------------------

--------------------------------------------------------------------------------------------------------------------------------------
Phe TTT   0   0   0   0   0   0 | Ser TCT   0   0   0   0   0   0 | Tyr TAT   0   0   0   0   0   0 | Cys TGT   0   0   0   0   0   0
    TTC   1   1   2   1   1   1 |     TCC   0   0   0   0   0   0 |     TAC   0   0   0   0   0   0 |     TGC   0   0   0   0   0   0
Leu TTA   0   0   0   0   0   0 |     TCA   1   1   1   1   1   1 | *** TAA   0   0   0   0   0   0 | *** TGA   0   0   0   0   0   0
    TTG   0   0   0   0   0   0 |     TCG   0   0   0   0   0   0 |     TAG   0   0   0   0   0   0 | Trp TGG   0   0   0   0   0   0
--------------------------------------------------------------------------------------------------------------------------------------
Leu CTT   3   3   3   3   3   3 | Pro CCT   0   0   0   0   0   0 | His CAT   1   1   1   1   1   1 | Arg CGT   0   0   0   0   0   0
    CTC   1   1   1   1   1   1 |     CCC   0   0   0   0   0   0 |     CAC   1   1   1   0   1   1 |     CGC   0   0   0   0   0   0
    CTA   0   0   0   0   0   0 |     CCA   3   3   3   2   3   3 | Gln CAA   1   0   0   0   0   0 |     CGA   0   0   0   0   0   0
    CTG   2   2   2   2   2   2 |     CCG   0   0   0   1   0   0 |     CAG   2   2   2   2   2   2 |     CGG   0   0   0   0   0   0
--------------------------------------------------------------------------------------------------------------------------------------
Ile ATT   1   1   1   1   1   1 | Thr ACT   0   0   0   0   0   1 | Asn AAT   1   1   1   1   1   1 | Ser AGT   0   0   0   0   0   0
    ATC   0   1   0   1   1   1 |     ACC   1   0   0   0   0   0 |     AAC   2   2   2   3   2   2 |     AGC   1   1   1   1   1   1
    ATA   0   0   0   1   0   0 |     ACA   1   1   1   1   1   0 | Lys AAA   1   2   2   1   2   1 | Arg AGA   0   0   0   0   0   0
Met ATG   3   3   3   3   3   3 |     ACG   1   1   1   1   1   1 |     AAG   0   0   0   0   0   0 |     AGG   0   0   0   0   0   0
--------------------------------------------------------------------------------------------------------------------------------------
Val GTT   1   1   1   1   1   1 | Ala GCT   0   0   0   0   0   0 | Asp GAT   1   1   1   1   1   1 | Gly GGT   0   0   0   0   0   0
    GTC   0   0   0   0   0   0 |     GCC   0   0   0   0   0   0 |     GAC   1   1   1   1   1   1 |     GGC   0   0   0   0   0   0
    GTA   0   0   0   0   0   0 |     GCA   0   0   0   0   0   0 | Glu GAA   0   0   0   0   0   1 |     GGA   1   1   1   1   1   1
    GTG   0   0   0   0   0   0 |     GCG   0   0   0   0   0   0 |     GAG   0   0   0   0   0   0 |     GGG   0   0   0   0   0   0
--------------------------------------------------------------------------------------------------------------------------------------

--------------------------------------------------------------------------------------------------------------------------------------
Phe TTT   0   0   0   0   0   0 | Ser TCT   0   0   0   0   0   0 | Tyr TAT   0   0   0   0   0   0 | Cys TGT   0   0   0   0   0   0
    TTC   1   1   1   1   1   1 |     TCC   0   0   0   0   0   0 |     TAC   0   0   0   0   0   0 |     TGC   0   0   0   0   1   0
Leu TTA   0   0   0   0   0   0 |     TCA   1   1   1   1   1   1 | *** TAA   0   0   0   0   0   0 | *** TGA   0   0   0   0   0   0
    TTG   0   0   0   0   1   0 |     TCG   0   0   0   0   0   0 |     TAG   0   0   0   0   0   0 | Trp TGG   0   0   0   0   0   0
--------------------------------------------------------------------------------------------------------------------------------------
Leu CTT   3   3   3   3   3   3 | Pro CCT   0   0   0   0   0   0 | His CAT   1   2   1   1   1   1 | Arg CGT   0   0   0   0   0   0
    CTC   1   1   1   1   1   1 |     CCC   0   0   0   0   0   0 |     CAC   1   0   1   1   1   1 |     CGC   0   0   0   0   0   0
    CTA   0   0   0   0   0   0 |     CCA   2   3   3   3   3   3 | Gln CAA   0   0   1   0   0   0 |     CGA   0   0   0   0   0   0
    CTG   2   2   2   2   1   2 |     CCG   1   0   0   0   0   0 |     CAG   2   2   2   2   2   2 |     CGG   0   0   0   0   0   0
--------------------------------------------------------------------------------------------------------------------------------------
Ile ATT   1   1   1   1   1   1 | Thr ACT   0   1   0   0   0   0 | Asn AAT   1   1   1   1   1   1 | Ser AGT   0   0   0   0   0   0
    ATC   1   1   1   1   1   1 |     ACC   0   0   0   0   0   0 |     AAC   2   2   2   2   2   2 |     AGC   1   1   1   1   0   1
    ATA   0   0   0   0   1   0 |     ACA   1   0   1   1   1   1 | Lys AAA   2   1   1   2   1   2 | Arg AGA   0   0   0   0   0   0
Met ATG   3   3   3   3   3   3 |     ACG   1   1   1   1   1   1 |     AAG   0   0   0   0   0   0 |     AGG   0   0   0   0   0   0
--------------------------------------------------------------------------------------------------------------------------------------
Val GTT   1   1   1   1   0   1 | Ala GCT   0   0   0   0   0   0 | Asp GAT   1   1   1   1   1   1 | Gly GGT   0   0   0   0   0   0
    GTC   0   0   0   0   1   0 |     GCC   0   0   0   0   0   0 |     GAC   1   1   1   1   1   1 |     GGC   0   0   0   0   0   0
    GTA   0   0   0   0   0   0 |     GCA   0   0   0   0   0   0 | Glu GAA   0   1   0   0   0   0 |     GGA   1   1   1   1   1   1
    GTG   0   0   0   0   0   0 |     GCG   0   0   0   0   0   0 |     GAG   0   0   0   0   0   0 |     GGG   0   0   0   0   0   0
--------------------------------------------------------------------------------------------------------------------------------------

--------------------------------------------------------------------------------------------------------------------------------------
Phe TTT   0   0   0   0   0   0 | Ser TCT   0   0   0   0   0   0 | Tyr TAT   0   0   0   0   0   0 | Cys TGT   0   0   0   0   0   0
    TTC   1   1   2   1   1   1 |     TCC   0   0   0   0   0   0 |     TAC   0   0   0   0   0   0 |     TGC   0   0   0   0   0   0
Leu TTA   0   0   0   0   0   0 |     TCA   1   2   1   1   1   1 | *** TAA   0   0   0   0   0   0 | *** TGA   0   0   0   0   0   0
    TTG   0   0   0   0   0   0 |     TCG   0   0   0   0   0   0 |     TAG   0   0   0   0   0   0 | Trp TGG   0   0   0   0   0   0
--------------------------------------------------------------------------------------------------------------------------------------
Leu CTT   3   3   3   3   3   3 | Pro CCT   0   0   0   0   0   0 | His CAT   1   1   1   1   1   1 | Arg CGT   0   0   0   0   0   0
    CTC   1   1   1   1   1   1 |     CCC   0   0   0   0   0   0 |     CAC   1   1   1   0   1   1 |     CGC   0   0   0   0   0   0
    CTA   0   0   0   0   0   0 |     CCA   3   2   3   3   3   3 | Gln CAA   0   0   0   0   0   0 |     CGA   0   0   0   0   0   0
    CTG   2   2   2   2   2   2 |     CCG   0   0   0   0   0   0 |     CAG   2   2   2   2   2   2 |     CGG   0   0   0   0   0   0
--------------------------------------------------------------------------------------------------------------------------------------
Ile ATT   1   1   1   1   1   1 | Thr ACT   0   0   0   0   0   0 | Asn AAT   1   1   1   1   1   1 | Ser AGT   0   0   0   0   0   0
    ATC   1   1   0   1   0   1 |     ACC   0   0   0   0   0   1 |     AAC   2   2   2   2   2   1 |     AGC   1   1   1   1   1   1
    ATA   0   0   0   0   0   0 |     ACA   1   1   1   1   1   1 | Lys AAA   2   1   2   2   2   2 | Arg AGA   0   0   0   0   0   0
Met ATG   3   3   3   3   3   4 |     ACG   1   1   1   1   1   0 |     AAG   0   0   0   0   0   0 |     AGG   0   0   0   0   0   0
--------------------------------------------------------------------------------------------------------------------------------------
Val GTT   1   1   1   1   2   1 | Ala GCT   0   0   0   0   0   0 | Asp GAT   1   1   1   1   1   1 | Gly GGT   0   0   0   0   0   0
    GTC   0   0   0   0   0   0 |     GCC   0   0   0   0   0   0 |     GAC   1   1   1   1   1   1 |     GGC   0   0   0   1   0   0
    GTA   0   0   0   0   0   0 |     GCA   0   0   0   0   0   0 | Glu GAA   0   1   0   0   0   0 |     GGA   1   1   1   1   1   0
    GTG   0   0   0   0   0   0 |     GCG   0   0   0   0   0   0 |     GAG   0   0   0   0   0   0 |     GGG   0   0   0   0   0   1
--------------------------------------------------------------------------------------------------------------------------------------

--------------------------------------------------------------------------------------------------------------------------------------
Phe TTT   0   0   0   0   0   0 | Ser TCT   0   0   0   0   0   0 | Tyr TAT   0   0   0   0   0   0 | Cys TGT   0   0   0   0   0   0
    TTC   1   1   1   1   1   1 |     TCC   0   0   0   0   0   0 |     TAC   0   0   0   0   0   0 |     TGC   0   0   0   0   0   0
Leu TTA   0   0   0   0   0   0 |     TCA   1   1   1   1   2   1 | *** TAA   0   0   0   0   0   0 | *** TGA   0   0   0   0   0   0
    TTG   0   0   0   0   0   0 |     TCG   0   0   0   0   0   0 |     TAG   0   0   0   0   0   0 | Trp TGG   0   0   0   0   0   0
--------------------------------------------------------------------------------------------------------------------------------------
Leu CTT   3   3   3   3   3   3 | Pro CCT   0   0   0   0   0   0 | His CAT   1   1   1   1   1   1 | Arg CGT   0   0   0   0   0   0
    CTC   1   1   1   1   1   1 |     CCC   0   0   0   0   0   0 |     CAC   1   0   1   1   1   1 |     CGC   0   0   0   0   0   0
    CTA   0   0   0   0   0   0 |     CCA   3   2   3   3   2   3 | Gln CAA   1   0   0   0   0   0 |     CGA   0   0   0   0   0   0
    CTG   2   2   2   2   2   2 |     CCG   0   1   0   0   0   0 |     CAG   2   2   3   2   2   2 |     CGG   0   0   0   0   0   0
--------------------------------------------------------------------------------------------------------------------------------------
Ile ATT   1   1   1   1   1   1 | Thr ACT   0   0   0   0   0   0 | Asn AAT   1   2   1   1   1   1 | Ser AGT   0   0   0   0   0   0
    ATC   1   1   1   1   1   1 |     ACC   0   0   0   0   0   0 |     AAC   2   2   2   2   2   2 |     AGC   1   1   1   1   1   1
    ATA   0   0   0   0   0   0 |     ACA   1   1   1   1   1   0 | Lys AAA   1   2   1   2   1   2 | Arg AGA   0   0   0   0   0   0
Met ATG   3   3   3   3   3   3 |     ACG   1   1   1   1   1   2 |     AAG   0   0   0   0   0   0 |     AGG   0   0   0   0   0   0
--------------------------------------------------------------------------------------------------------------------------------------
Val GTT   1   1   1   1   1   1 | Ala GCT   0   0   0   0   0   0 | Asp GAT   1   1   1   1   1   1 | Gly GGT   0   0   0   0   0   0
    GTC   0   0   0   0   0   0 |     GCC   0   0   0   0   0   0 |     GAC   1   1   1   1   1   1 |     GGC   0   0   0   0   0   0
    GTA   0   0   0   0   0   0 |     GCA   0   0   0   0   0   0 | Glu GAA   0   0   0   0   1   0 |     GGA   1   1   1   1   1   1
    GTG   0   0   0   0   0   0 |     GCG   0   0   0   0   0   0 |     GAG   0   0   0   0   0   0 |     GGG   0   0   0   0   0   0
--------------------------------------------------------------------------------------------------------------------------------------

--------------------------------------------------------------------------------------------------------------------------------------
Phe TTT   0   0   0   0   0   0 | Ser TCT   0   0   0   0   0   0 | Tyr TAT   0   0   0   0   0   0 | Cys TGT   0   0   0   0   0   0
    TTC   1   1   1   1   1   1 |     TCC   0   0   0   0   0   0 |     TAC   0   0   0   0   0   0 |     TGC   0   0   0   0   0   0
Leu TTA   0   0   0   0   0   0 |     TCA   1   1   1   1   1   1 | *** TAA   0   0   0   0   0   0 | *** TGA   0   0   0   0   0   0
    TTG   0   0   0   0   0   0 |     TCG   0   0   0   0   0   0 |     TAG   0   0   0   0   0   0 | Trp TGG   0   0   0   0   0   0
--------------------------------------------------------------------------------------------------------------------------------------
Leu CTT   3   3   3   3   3   3 | Pro CCT   0   0   0   0   0   0 | His CAT   1   1   1   1   1   1 | Arg CGT   0   0   0   0   0   0
    CTC   1   1   1   1   1   1 |     CCC   0   0   0   0   0   0 |     CAC   1   0   1   1   1   1 |     CGC   0   0   0   0   0   0
    CTA   0   0   0   0   0   0 |     CCA   2   3   3   3   2   2 | Gln CAA   0   1   0   0   0   0 |     CGA   0   0   0   0   0   0
    CTG   2   2   2   2   2   2 |     CCG   1   0   0   0   1   1 |     CAG   2   2   2   2   2   2 |     CGG   0   0   0   0   0   0
--------------------------------------------------------------------------------------------------------------------------------------
Ile ATT   1   1   1   1   1   1 | Thr ACT   0   0   0   0   1   1 | Asn AAT   1   1   1   1   1   1 | Ser AGT   0   0   0   0   0   0
    ATC   1   1   0   1   1   1 |     ACC   0   0   0   0   0   0 |     AAC   2   2   2   2   2   2 |     AGC   1   1   1   1   1   1
    ATA   0   0   0   0   0   0 |     ACA   1   1   1   1   1   0 | Lys AAA   2   2   2   2   1   1 | Arg AGA   0   0   0   0   0   0
Met ATG   3   3   4   3   3   3 |     ACG   1   1   1   1   0   1 |     AAG   0   0   0   0   0   0 |     AGG   0   0   0   0   0   0
--------------------------------------------------------------------------------------------------------------------------------------
Val GTT   1   1   1   1   1   1 | Ala GCT   0   0   0   0   0   0 | Asp GAT   1   1   1   1   1   1 | Gly GGT   0   0   0   0   0   0
    GTC   0   0   0   0   0   0 |     GCC   0   0   0   0   0   0 |     GAC   1   1   1   1   1   1 |     GGC   0   0   0   0   0   0
    GTA   0   0   0   0   0   0 |     GCA   0   0   0   0   0   0 | Glu GAA   0   0   0   0   1   1 |     GGA   1   1   1   1   1   1
    GTG   0   0   0   0   0   0 |     GCG   0   0   0   0   0   0 |     GAG   0   0   0   0   0   0 |     GGG   0   0   0   0   0   0
--------------------------------------------------------------------------------------------------------------------------------------

Codon position x base (3x4) table for each sequence.

#1: Argali         
position  1:    T:0.09375    C:0.40625    A:0.37500    G:0.12500
position  2:    T:0.40625    C:0.18750    A:0.34375    G:0.06250
position  3:    T:0.25000    C:0.25000    A:0.25000    G:0.25000
Average         T:0.25000    C:0.28125    A:0.32292    G:0.14583

#2: LesserMouseDeer
position  1:    T:0.06250    C:0.40625    A:0.34375    G:0.18750
position  2:    T:0.40625    C:0.21875    A:0.34375    G:0.03125
position  3:    T:0.25000    C:0.28125    A:0.25000    G:0.21875
Average         T:0.23958    C:0.30208    A:0.31250    G:0.14583

#3: LesserKudu     
position  1:    T:0.06250    C:0.40625    A:0.37500    G:0.15625
position  2:    T:0.40625    C:0.18750    A:0.34375    G:0.06250
position  3:    T:0.31250    C:0.21875    A:0.18750    G:0.28125
Average         T:0.26042    C:0.27083    A:0.30208    G:0.16667

#4: ForestMuskDeer2
position  1:    T:0.06250    C:0.40625    A:0.40625    G:0.12500
position  2:    T:0.40625    C:0.18750    A:0.34375    G:0.06250
position  3:    T:0.25000    C:0.25000    A:0.28125    G:0.21875
Average         T:0.23958    C:0.28125    A:0.34375    G:0.13542

#5: Camel          
position  1:    T:0.06250    C:0.40625    A:0.37500    G:0.15625
position  2:    T:0.40625    C:0.21875    A:0.31250    G:0.06250
position  3:    T:0.21875    C:0.28125    A:0.18750    G:0.31250
Average         T:0.22917    C:0.30208    A:0.29167    G:0.17708

#6: KillerWhale    
position  1:    T:0.06250    C:0.43750    A:0.34375    G:0.15625
position  2:    T:0.40625    C:0.18750    A:0.34375    G:0.06250
position  3:    T:0.25000    C:0.28125    A:0.12500    G:0.34375
Average         T:0.23958    C:0.30208    A:0.27083    G:0.18750

#7: DefassaWaterbuck
position  1:    T:0.06250    C:0.37500    A:0.40625    G:0.15625
position  2:    T:0.40625    C:0.18750    A:0.31250    G:0.09375
position  3:    T:0.25000    C:0.25000    A:0.25000    G:0.25000
Average         T:0.23958    C:0.27083    A:0.32292    G:0.16667

#8: Sheep          
position  1:    T:0.09375    C:0.40625    A:0.37500    G:0.12500
position  2:    T:0.43750    C:0.15625    A:0.34375    G:0.06250
position  3:    T:0.25000    C:0.25000    A:0.25000    G:0.25000
Average         T:0.26042    C:0.27083    A:0.32292    G:0.14583

#9: MaxwellsDuiker 
position  1:    T:0.06250    C:0.40625    A:0.40625    G:0.12500
position  2:    T:0.40625    C:0.18750    A:0.34375    G:0.06250
position  3:    T:0.25000    C:0.25000    A:0.25000    G:0.25000
Average         T:0.23958    C:0.28125    A:0.33333    G:0.14583

#10: GazellaPrzewalskyi
position  1:    T:0.06250    C:0.40625    A:0.40625    G:0.12500
position  2:    T:0.40625    C:0.18750    A:0.34375    G:0.06250
position  3:    T:0.25000    C:0.25000    A:0.25000    G:0.25000
Average         T:0.23958    C:0.28125    A:0.33333    G:0.14583

#11: MountainNyala  
position  1:    T:0.06250    C:0.40625    A:0.37500    G:0.15625
position  2:    T:0.40625    C:0.18750    A:0.34375    G:0.06250
position  3:    T:0.25000    C:0.28125    A:0.18750    G:0.28125
Average         T:0.23958    C:0.29167    A:0.30208    G:0.16667

#12: MuntiacusMuntjak
position  1:    T:0.06250    C:0.43750    A:0.37500    G:0.12500
position  2:    T:0.40625    C:0.18750    A:0.34375    G:0.06250
position  3:    T:0.25000    C:0.25000    A:0.25000    G:0.25000
Average         T:0.23958    C:0.29167    A:0.32292    G:0.14583

#13: goat           
position  1:    T:0.09375    C:0.40625    A:0.37500    G:0.12500
position  2:    T:0.40625    C:0.18750    A:0.34375    G:0.06250
position  3:    T:0.25000    C:0.25000    A:0.25000    G:0.25000
Average         T:0.25000    C:0.28125    A:0.32292    G:0.14583

#14: AfricanBuffalo 
position  1:    T:0.06250    C:0.40625    A:0.37500    G:0.15625
position  2:    T:0.40625    C:0.21875    A:0.31250    G:0.06250
position  3:    T:0.25000    C:0.25000    A:0.25000    G:0.25000
Average         T:0.23958    C:0.29167    A:0.31250    G:0.15625

#15: Topi           
position  1:    T:0.06250    C:0.40625    A:0.40625    G:0.12500
position  2:    T:0.40625    C:0.18750    A:0.34375    G:0.06250
position  3:    T:0.25000    C:0.25000    A:0.25000    G:0.25000
Average         T:0.23958    C:0.28125    A:0.33333    G:0.14583

#16: CommonDuiker   
position  1:    T:0.06250    C:0.40625    A:0.40625    G:0.12500
position  2:    T:0.40625    C:0.18750    A:0.34375    G:0.06250
position  3:    T:0.25000    C:0.25000    A:0.25000    G:0.25000
Average         T:0.23958    C:0.28125    A:0.33333    G:0.14583

#17: Suni           
position  1:    T:0.06250    C:0.40625    A:0.40625    G:0.12500
position  2:    T:0.40625    C:0.18750    A:0.34375    G:0.06250
position  3:    T:0.25000    C:0.25000    A:0.25000    G:0.25000
Average         T:0.23958    C:0.28125    A:0.33333    G:0.14583

#18: Springbuck     
position  1:    T:0.06250    C:0.40625    A:0.40625    G:0.12500
position  2:    T:0.40625    C:0.18750    A:0.34375    G:0.06250
position  3:    T:0.25000    C:0.25000    A:0.21875    G:0.28125
Average         T:0.23958    C:0.28125    A:0.32292    G:0.15625

#19: Okapi          
position  1:    T:0.06250    C:0.40625    A:0.40625    G:0.12500
position  2:    T:0.40625    C:0.18750    A:0.34375    G:0.06250
position  3:    T:0.25000    C:0.25000    A:0.25000    G:0.25000
Average         T:0.23958    C:0.28125    A:0.33333    G:0.14583

#20: Giraffe        
position  1:    T:0.09375    C:0.37500    A:0.40625    G:0.12500
position  2:    T:0.40625    C:0.18750    A:0.34375    G:0.06250
position  3:    T:0.25000    C:0.25000    A:0.25000    G:0.25000
Average         T:0.25000    C:0.27083    A:0.33333    G:0.14583

#21: TibetanAntelope
position  1:    T:0.06250    C:0.40625    A:0.40625    G:0.12500
position  2:    T:0.40625    C:0.18750    A:0.34375    G:0.06250
position  3:    T:0.25000    C:0.25000    A:0.25000    G:0.25000
Average         T:0.23958    C:0.28125    A:0.33333    G:0.14583

#22: Sitatunga      
position  1:    T:0.06250    C:0.40625    A:0.37500    G:0.15625
position  2:    T:0.40625    C:0.18750    A:0.34375    G:0.06250
position  3:    T:0.25000    C:0.28125    A:0.18750    G:0.28125
Average         T:0.23958    C:0.29167    A:0.30208    G:0.16667

#23: Oribi          
position  1:    T:0.06250    C:0.40625    A:0.40625    G:0.12500
position  2:    T:0.40625    C:0.18750    A:0.34375    G:0.06250
position  3:    T:0.25000    C:0.25000    A:0.21875    G:0.28125
Average         T:0.23958    C:0.28125    A:0.32292    G:0.15625

#24: BarbarySheep   
position  1:    T:0.09375    C:0.40625    A:0.37500    G:0.12500
position  2:    T:0.40625    C:0.18750    A:0.34375    G:0.06250
position  3:    T:0.25000    C:0.25000    A:0.25000    G:0.25000
Average         T:0.25000    C:0.28125    A:0.32292    G:0.14583

#25: Daviddeer      
position  1:    T:0.06250    C:0.43750    A:0.37500    G:0.12500
position  2:    T:0.37500    C:0.21875    A:0.34375    G:0.06250
position  3:    T:0.25000    C:0.25000    A:0.25000    G:0.25000
Average         T:0.22917    C:0.30208    A:0.32292    G:0.14583

#26: Reindeer       
position  1:    T:0.06250    C:0.40625    A:0.40625    G:0.12500
position  2:    T:0.40625    C:0.18750    A:0.34375    G:0.06250
position  3:    T:0.25000    C:0.25000    A:0.25000    G:0.25000
Average         T:0.23958    C:0.28125    A:0.33333    G:0.14583

#27: Ibex           
position  1:    T:0.09375    C:0.40625    A:0.37500    G:0.12500
position  2:    T:0.40625    C:0.18750    A:0.34375    G:0.06250
position  3:    T:0.25000    C:0.25000    A:0.25000    G:0.25000
Average         T:0.25000    C:0.28125    A:0.32292    G:0.14583

#28: GyrantGazelle  
position  1:    T:0.06250    C:0.37500    A:0.43750    G:0.12500
position  2:    T:0.43750    C:0.18750    A:0.31250    G:0.06250
position  3:    T:0.25000    C:0.25000    A:0.21875    G:0.28125
Average         T:0.25000    C:0.27083    A:0.32292    G:0.15625

#29: Hartebeest     
position  1:    T:0.06250    C:0.40625    A:0.40625    G:0.12500
position  2:    T:0.40625    C:0.18750    A:0.34375    G:0.06250
position  3:    T:0.25000    C:0.25000    A:0.25000    G:0.25000
Average         T:0.23958    C:0.28125    A:0.33333    G:0.14583

#30: Bongo          
position  1:    T:0.06250    C:0.40625    A:0.37500    G:0.15625
position  2:    T:0.40625    C:0.18750    A:0.34375    G:0.06250
position  3:    T:0.28125    C:0.25000    A:0.21875    G:0.25000
Average         T:0.25000    C:0.28125    A:0.31250    G:0.15625

#31: Gerenuk        
position  1:    T:0.06250    C:0.40625    A:0.40625    G:0.12500
position  2:    T:0.40625    C:0.18750    A:0.34375    G:0.06250
position  3:    T:0.25000    C:0.25000    A:0.21875    G:0.28125
Average         T:0.23958    C:0.28125    A:0.32292    G:0.15625

#32: CommonEland    
position  1:    T:0.06250    C:0.40625    A:0.37500    G:0.15625
position  2:    T:0.40625    C:0.18750    A:0.34375    G:0.06250
position  3:    T:0.31250    C:0.21875    A:0.21875    G:0.25000
Average         T:0.26042    C:0.27083    A:0.31250    G:0.15625

#33: MuntiacusReevesi
position  1:    T:0.06250    C:0.43750    A:0.37500    G:0.12500
position  2:    T:0.40625    C:0.18750    A:0.34375    G:0.06250
position  3:    T:0.25000    C:0.25000    A:0.25000    G:0.25000
Average         T:0.23958    C:0.29167    A:0.32292    G:0.14583

#34: HarveysDuiker  
position  1:    T:0.06250    C:0.40625    A:0.40625    G:0.12500
position  2:    T:0.40625    C:0.18750    A:0.34375    G:0.06250
position  3:    T:0.25000    C:0.25000    A:0.25000    G:0.25000
Average         T:0.23958    C:0.28125    A:0.33333    G:0.14583

#35: Pronghorn      
position  1:    T:0.12500    C:0.37500    A:0.37500    G:0.12500
position  2:    T:0.43750    C:0.18750    A:0.31250    G:0.06250
position  3:    T:0.21875    C:0.28125    A:0.25000    G:0.25000
Average         T:0.26042    C:0.28125    A:0.31250    G:0.14583

#36: BlueWildebeest 
position  1:    T:0.06250    C:0.40625    A:0.40625    G:0.12500
position  2:    T:0.40625    C:0.18750    A:0.34375    G:0.06250
position  3:    T:0.25000    C:0.25000    A:0.25000    G:0.25000
Average         T:0.23958    C:0.28125    A:0.33333    G:0.14583

#37: Gemsbok        
position  1:    T:0.06250    C:0.40625    A:0.40625    G:0.12500
position  2:    T:0.40625    C:0.18750    A:0.34375    G:0.06250
position  3:    T:0.25000    C:0.25000    A:0.25000    G:0.25000
Average         T:0.23958    C:0.28125    A:0.33333    G:0.14583

#38: Yak            
position  1:    T:0.09375    C:0.37500    A:0.37500    G:0.15625
position  2:    T:0.40625    C:0.18750    A:0.34375    G:0.06250
position  3:    T:0.25000    C:0.25000    A:0.25000    G:0.25000
Average         T:0.25000    C:0.27083    A:0.32292    G:0.15625

#39: BlueSheep      
position  1:    T:0.09375    C:0.40625    A:0.37500    G:0.12500
position  2:    T:0.40625    C:0.18750    A:0.34375    G:0.06250
position  3:    T:0.25000    C:0.25000    A:0.25000    G:0.25000
Average         T:0.25000    C:0.28125    A:0.32292    G:0.14583

#40: BohorReedbuck  
position  1:    T:0.06250    C:0.37500    A:0.40625    G:0.15625
position  2:    T:0.40625    C:0.18750    A:0.31250    G:0.09375
position  3:    T:0.25000    C:0.25000    A:0.25000    G:0.25000
Average         T:0.23958    C:0.27083    A:0.32292    G:0.16667

#41: KirksDik       
position  1:    T:0.06250    C:0.40625    A:0.37500    G:0.15625
position  2:    T:0.40625    C:0.18750    A:0.34375    G:0.06250
position  3:    T:0.28125    C:0.21875    A:0.25000    G:0.25000
Average         T:0.25000    C:0.27083    A:0.32292    G:0.15625

#42: RoeDeer        
position  1:    T:0.06250    C:0.40625    A:0.40625    G:0.12500
position  2:    T:0.43750    C:0.18750    A:0.31250    G:0.06250
position  3:    T:0.25000    C:0.25000    A:0.21875    G:0.28125
Average         T:0.25000    C:0.28125    A:0.31250    G:0.15625

#43: WhiteLippedDeer
position  1:    T:0.06250    C:0.43750    A:0.37500    G:0.12500
position  2:    T:0.40625    C:0.18750    A:0.34375    G:0.06250
position  3:    T:0.25000    C:0.25000    A:0.25000    G:0.25000
Average         T:0.23958    C:0.29167    A:0.32292    G:0.14583

#44: ThomsonGazelle 
position  1:    T:0.06250    C:0.37500    A:0.43750    G:0.12500
position  2:    T:0.40625    C:0.18750    A:0.34375    G:0.06250
position  3:    T:0.28125    C:0.21875    A:0.21875    G:0.28125
Average         T:0.25000    C:0.26042    A:0.33333    G:0.15625

#45: MuntiacusCrinifrons
position  1:    T:0.06250    C:0.43750    A:0.37500    G:0.12500
position  2:    T:0.40625    C:0.18750    A:0.34375    G:0.06250
position  3:    T:0.25000    C:0.25000    A:0.21875    G:0.28125
Average         T:0.23958    C:0.29167    A:0.31250    G:0.15625

#46: WhiteTailedDeer
position  1:    T:0.06250    C:0.40625    A:0.40625    G:0.12500
position  2:    T:0.40625    C:0.18750    A:0.34375    G:0.06250
position  3:    T:0.25000    C:0.25000    A:0.25000    G:0.25000
Average         T:0.23958    C:0.28125    A:0.33333    G:0.14583

#47: Cattle         
position  1:    T:0.09375    C:0.37500    A:0.37500    G:0.15625
position  2:    T:0.40625    C:0.18750    A:0.34375    G:0.06250
position  3:    T:0.25000    C:0.25000    A:0.25000    G:0.25000
Average         T:0.25000    C:0.27083    A:0.32292    G:0.15625

#48: RoyalAntelope  
position  1:    T:0.06250    C:0.40625    A:0.40625    G:0.12500
position  2:    T:0.40625    C:0.18750    A:0.34375    G:0.06250
position  3:    T:0.25000    C:0.25000    A:0.21875    G:0.28125
Average         T:0.23958    C:0.28125    A:0.32292    G:0.15625

#49: Steenbok       
position  1:    T:0.06250    C:0.40625    A:0.40625    G:0.12500
position  2:    T:0.40625    C:0.18750    A:0.34375    G:0.06250
position  3:    T:0.25000    C:0.25000    A:0.21875    G:0.28125
Average         T:0.23958    C:0.28125    A:0.32292    G:0.15625

#50: Impala         
position  1:    T:0.06250    C:0.40625    A:0.40625    G:0.12500
position  2:    T:0.40625    C:0.18750    A:0.34375    G:0.06250
position  3:    T:0.25000    C:0.21875    A:0.28125    G:0.25000
Average         T:0.23958    C:0.27083    A:0.34375    G:0.14583

#51: Klipspringer   
position  1:    T:0.06250    C:0.40625    A:0.40625    G:0.12500
position  2:    T:0.40625    C:0.18750    A:0.34375    G:0.06250
