1
52 1
Argali 0.000000 0.342700 0.116700 0.247600 0.053700 0.008800 0.074600 0.076800 0.095300 0.100900 0.039500 0.082900 0.072700 0.088500 0.064400 0.104800 0.106200 0.102000 0.053800 0.090000 0.077500 0.030900 0.087500 0.096400 0.049200 0.095400 0.072500 0.099400 0.076600 0.099100 0.105500 0.082700 0.160100 0.072700 0.059200 0.087500 0.035800 0.071900 0.100200 0.096200 0.087300 0.095400 0.092000 0.087200 0.082500 0.063800 0.095100 0.072700 0.092900 0.087800 0.109000 0.104700
LesserMous 0.342700 0.000000 0.348900 0.357200 0.322400 0.341400 0.340900 0.341600 0.327900 0.322900 0.313200 0.322600 0.337400 0.330200 0.316900 0.342900 0.296800 0.305000 0.317400 0.326500 0.344700 0.339600 0.326500 0.331000 0.339000 0.358800 0.336400 0.339000 0.346200 0.329000 0.315000 0.326900 0.329200 0.336200 0.341800 0.314800 0.333400 0.334700 0.352600 0.316900 0.325600 0.352900 0.313000 0.319000 0.307300 0.322800 0.357800 0.330600 0.336400 0.328100 0.345800 0.340900
LesserKudu 0.116700 0.348900 0.000000 0.232200 0.106600 0.117500 0.119700 0.111000 0.042500 0.116100 0.092500 0.093700 0.107000 0.133300 0.089800 0.138900 0.135900 0.122000 0.111700 0.046600 0.111800 0.111900 0.093500 0.121300 0.111700 0.139300 0.106700 0.046500 0.120200 0.029100 0.111000 0.117400 0.174000 0.107100 0.108300 0.098200 0.098100 0.110800 0.134200 0.116200 0.093300 0.149100 0.107500 0.112300 0.093200 0.098400 0.119600 0.107200 0.137500 0.122700 0.029300 0.042400
KillerWhal 0.247600 0.357200 0.232200 0.000000 0.221100 0.246800 0.251100 0.247300 0.231300 0.231500 0.234200 0.230700 0.233200 0.255400 0.225600 0.250500 0.193700 0.173400 0.222100 0.224600 0.244800 0.246100 0.206800 0.222100 0.245400 0.251900 0.232500 0.235200 0.241300 0.230900 0.225400 0.240400 0.234800 0.244200 0.235700 0.224200 0.240400 0.231400 0.269600 0.210000 0.206300 0.252200 0.222500 0.222900 0.218000 0.235900 0.256900 0.239200 0.225200 0.219300 0.229600 0.236300
DefassaWat 0.053700 0.322400 0.106600 0.221100 0.000000 0.053500 0.063900 0.066400 0.094200 0.089900 0.048500 0.072500 0.062300 0.058600 0.054000 0.084400 0.099700 0.095500 0.053000 0.098400 0.067000 0.048800 0.076700 0.095000 0.057600 0.084600 0.062200 0.098200 0.075400 0.089400 0.094400 0.072000 0.157400 0.062400 0.049100 0.077000 0.044300 0.034900 0.089200 0.099400 0.076500 0.084600 0.081200 0.076400 0.072100 0.053800 0.084300 0.062300 0.081800 0.086500 0.098300 0.094000
Sheep 0.008800 0.341400 0.117500 0.246800 0.053500 0.000000 0.074400 0.080900 0.095300 0.100600 0.040000 0.083000 0.072500 0.088200 0.064200 0.104500 0.105900 0.101700 0.053600 0.090100 0.077200 0.040200 0.087200 0.096100 0.049000 0.095100 0.072300 0.099500 0.076400 0.100100 0.105200 0.082400 0.159600 0.072500 0.059000 0.087600 0.035700 0.072000 0.099900 0.095900 0.087000 0.095100 0.091700 0.086900 0.082500 0.063900 0.094800 0.072500 0.092600 0.087500 0.109100 0.104800
MaxwellsDu 0.074600 0.340900 0.119700 0.251100 0.063900 0.074400 0.000000 0.068400 0.106900 0.092600 0.068900 0.084500 0.083500 0.060100 0.065400 0.106400 0.102700 0.098500 0.073600 0.111300 0.078600 0.069300 0.083900 0.097900 0.078400 0.106700 0.083200 0.111100 0.087300 0.101900 0.097300 0.054800 0.178300 0.073800 0.060100 0.089200 0.064600 0.082900 0.101700 0.112400 0.083700 0.106700 0.083700 0.088500 0.084000 0.065000 0.086900 0.073800 0.104300 0.099100 0.111100 0.106700
GazellaPrz 0.076800 0.341600 0.111000 0.247300 0.066400 0.080900 0.068400 0.000000 0.098500 0.094300 0.071300 0.067400 0.076000 0.091500 0.067800 0.056800 0.094500 0.099900 0.085100 0.102800 0.043900 0.071600 0.090600 0.109000 0.080500 0.066100 0.075800 0.102600 0.043500 0.093800 0.098800 0.085900 0.167100 0.085500 0.072100 0.081400 0.067000 0.084900 0.056800 0.113500 0.090400 0.066100 0.085600 0.080900 0.076500 0.067600 0.061200 0.066800 0.095900 0.100500 0.102600 0.098300
MountainNy 0.095300 0.327900 0.042500 0.231300 0.094200 0.095300 0.106900 0.098500 0.000000 0.103600 0.089500 0.076500 0.094500 0.120700 0.086500 0.136300 0.118700 0.119300 0.108800 0.012700 0.099300 0.099400 0.090400 0.118600 0.094600 0.136700 0.094200 0.012500 0.107800 0.021300 0.098600 0.104800 0.172300 0.085000 0.095600 0.081000 0.085500 0.108000 0.121900 0.113300 0.090200 0.136700 0.094900 0.099700 0.076100 0.081200 0.126500 0.094300 0.125000 0.100400 0.029400 0.025600
MuntiacusM 0.100900 0.322900 0.116100 0.231500 0.089900 0.100600 0.092600 0.094300 0.103600 0.000000 0.094900 0.091500 0.109500 0.106300 0.091800 0.122300 0.099700 0.085900 0.099500 0.098300 0.104700 0.095400 0.058000 0.076100 0.104400 0.122700 0.109300 0.107600 0.103500 0.098800 0.021500 0.095800 0.162500 0.099900 0.086400 0.096000 0.086100 0.099100 0.127500 0.071100 0.057900 0.122700 0.008500 0.057800 0.091000 0.091400 0.093600 0.099900 0.120600 0.076900 0.107700 0.103400
goat 0.039500 0.313200 0.092500 0.234200 0.048500 0.040000 0.068900 0.071300 0.089500 0.094900 0.000000 0.077200 0.067200 0.073100 0.058900 0.098800 0.100100 0.095900 0.048600 0.084600 0.062500 0.026200 0.081700 0.081000 0.026200 0.089600 0.067000 0.093600 0.080400 0.075400 0.099500 0.067600 0.158100 0.067200 0.053900 0.081700 0.021900 0.065500 0.094300 0.080900 0.081500 0.089600 0.086200 0.072000 0.076800 0.058400 0.089300 0.067200 0.096600 0.091600 0.093600 0.089300
AfricanBuf 0.082900 0.322600 0.093700 0.230700 0.072500 0.083000 0.084500 0.067400 0.076500 0.091500 0.077200 0.000000 0.082300 0.098500 0.064400 0.100100 0.101600 0.097300 0.087000 0.080800 0.087200 0.067800 0.078100 0.096700 0.087000 0.105500 0.082100 0.079500 0.086100 0.071800 0.086400 0.092600 0.155500 0.082300 0.078300 0.030700 0.073200 0.091000 0.081200 0.091500 0.077900 0.105500 0.082600 0.077800 0.026200 0.073000 0.095200 0.082400 0.102800 0.088100 0.080700 0.076400
Topi 0.072700 0.337400 0.107000 0.233200 0.062300 0.072500 0.083500 0.076000 0.094500 0.109500 0.067200 0.082300 0.000000 0.097200 0.054200 0.103700 0.100000 0.086200 0.076500 0.098800 0.058000 0.067600 0.086500 0.100500 0.076500 0.104000 0.008500 0.098600 0.085200 0.089700 0.104400 0.091500 0.168600 0.025700 0.049000 0.086900 0.053700 0.076200 0.080500 0.104600 0.086300 0.104000 0.100700 0.095900 0.081800 0.058700 0.094100 0.081400 0.097000 0.096400 0.098600 0.094300
CommonDuik 0.088500 0.330200 0.133300 0.255400 0.058600 0.088200 0.060100 0.091500 0.120700 0.106300 0.073100 0.098500 0.097200 0.000000 0.079200 0.120000 0.116700 0.102600 0.087300 0.125000 0.082700 0.083000 0.097700 0.111700 0.092200 0.120400 0.096900 0.124800 0.100900 0.115700 0.111000 0.059000 0.192800 0.087500 0.073800 0.103200 0.078200 0.086900 0.115400 0.126200 0.097500 0.120400 0.097400 0.092500 0.097900 0.078800 0.100400 0.077900 0.108300 0.113100 0.124800 0.120400
Suni 0.064400 0.316900 0.089800 0.225600 0.054000 0.064200 0.065400 0.067800 0.086500 0.091800 0.058900 0.064400 0.054200 0.079200 0.000000 0.095800 0.101900 0.087800 0.068200 0.090900 0.068400 0.059200 0.078400 0.097100 0.068200 0.096100 0.054100 0.090700 0.077100 0.081700 0.086500 0.073600 0.150500 0.054300 0.050100 0.069000 0.054600 0.072700 0.077000 0.101600 0.078200 0.096000 0.082900 0.078100 0.064100 0.055000 0.076600 0.054400 0.088700 0.088400 0.081300 0.086400
Springbuck 0.104800 0.342900 0.138900 0.250500 0.084400 0.104500 0.106400 0.056800 0.136300 0.122300 0.098800 0.100100 0.103700 0.120000 0.095800 0.000000 0.132500 0.118400 0.084500 0.130700 0.061500 0.089800 0.109100 0.137500 0.108200 0.056600 0.103500 0.140300 0.034400 0.131400 0.117100 0.114100 0.187000 0.113400 0.099900 0.114500 0.094600 0.084200 0.088400 0.122300 0.108900 0.065600 0.113600 0.118400 0.109300 0.095400 0.078900 0.103800 0.100100 0.109500 0.130600 0.136100
Okapi 0.106200 0.296800 0.135900 0.193700 0.099700 0.105900 0.102700 0.094500 0.118700 0.099700 0.100100 0.101600 0.100000 0.116700 0.101900 0.132500 0.000000 0.039600 0.104800 0.127700 0.095300 0.100600 0.086400 0.104900 0.100000 0.128100 0.099700 0.127500 0.113500 0.118500 0.104300 0.120400 0.147100 0.109700 0.106000 0.096400 0.095800 0.118800 0.127800 0.104200 0.086200 0.128000 0.090900 0.086100 0.091300 0.082000 0.122600 0.086000 0.141100 0.086600 0.127500 0.123200
Giraffe 0.102000 0.305000 0.122000 0.173400 0.095500 0.101700 0.098500 0.099900 0.119300 0.085900 0.095900 0.097300 0.086200 0.102600 0.087800 0.118400 0.039600 0.000000 0.081400 0.123600 0.091100 0.096400 0.072600 0.100700 0.105500 0.114000 0.085900 0.123400 0.099600 0.114300 0.090500 0.106300 0.128100 0.086200 0.082400 0.092100 0.091600 0.104900 0.118900 0.090400 0.072500 0.123800 0.077100 0.081900 0.087000 0.087300 0.108700 0.086400 0.121900 0.082400 0.113600 0.119000
TibetanAnt 0.053800 0.317400 0.111700 0.222100 0.053000 0.053600 0.073600 0.085100 0.108800 0.099500 0.048600 0.087000 0.076500 0.087300 0.068200 0.084500 0.104800 0.081400 0.000000 0.103500 0.085900 0.039700 0.086300 0.104700 0.057700 0.084700 0.076300 0.112900 0.084900 0.104000 0.089900 0.081600 0.157900 0.067200 0.058400 0.081900 0.044300 0.062000 0.103700 0.094800 0.086100 0.094100 0.090800 0.095500 0.077000 0.063100 0.093900 0.081100 0.091500 0.106000 0.103300 0.108600
Sitatunga 0.090000 0.326500 0.046600 0.224600 0.098400 0.090100 0.111300 0.102800 0.012700 0.098300 0.084600 0.080800 0.098800 0.125000 0.090900 0.130700 0.127700 0.123600 0.103500 0.000000 0.103600 0.094100 0.094700 0.113100 0.093900 0.131100 0.098500 0.016800 0.102500 0.025500 0.093300 0.109100 0.166300 0.089300 0.100000 0.085300 0.080400 0.102600 0.126100 0.098400 0.094500 0.131100 0.089700 0.104000 0.080400 0.090100 0.121000 0.108500 0.119400 0.095100 0.034000 0.029400
Oribi 0.077500 0.344700 0.111800 0.244800 0.067000 0.077200 0.078600 0.043900 0.099300 0.104700 0.062500 0.087200 0.058000 0.082700 0.068400 0.061500 0.095300 0.091100 0.085900 0.103600 0.000000 0.062800 0.081800 0.100400 0.071700 0.062000 0.057900 0.103400 0.043900 0.094500 0.109300 0.086700 0.173800 0.076700 0.072700 0.091800 0.048900 0.080900 0.066400 0.104800 0.081600 0.061900 0.095900 0.091100 0.086700 0.058700 0.061700 0.067300 0.096900 0.101400 0.103500 0.099200
BarbaryShe 0.030900 0.339600 0.111900 0.246100 0.048800 0.040200 0.069300 0.071600 0.099400 0.095400 0.026200 0.067800 0.067600 0.083000 0.059200 0.089800 0.100600 0.096400 0.039700 0.094100 0.062800 0.000000 0.082100 0.091000 0.035300 0.090000 0.067400 0.103500 0.080800 0.094600 0.090400 0.077400 0.158900 0.067600 0.054100 0.072300 0.022000 0.066800 0.094800 0.090700 0.081900 0.090000 0.086600 0.081800 0.067500 0.058700 0.089700 0.067500 0.097100 0.092100 0.103500 0.099200
Daviddeer 0.087500 0.326500 0.093500 0.206800 0.076700 0.087200 0.083900 0.090600 0.090400 0.058000 0.081700 0.078100 0.086500 0.097700 0.078400 0.109100 0.086400 0.072600 0.086300 0.094700 0.081800 0.082100 0.000000 0.044300 0.091100 0.109400 0.086300 0.094500 0.090400 0.085600 0.062500 0.082200 0.154100 0.086500 0.073100 0.073100 0.067900 0.081300 0.114200 0.058000 0.000000 0.109500 0.049300 0.035400 0.068200 0.068400 0.099400 0.086600 0.107100 0.073100 0.085100 0.090200
Reindeer 0.096400 0.331000 0.121300 0.222100 0.095000 0.096100 0.097900 0.109000 0.118600 0.076100 0.081000 0.096700 0.100500 0.111700 0.097100 0.137500 0.104900 0.100700 0.104700 0.113100 0.100400 0.091000 0.044300 0.000000 0.100000 0.137900 0.100200 0.122600 0.118400 0.113700 0.080600 0.096000 0.142900 0.110100 0.091600 0.091700 0.086300 0.114100 0.123000 0.062300 0.044400 0.128100 0.067300 0.035200 0.086600 0.086900 0.108100 0.105100 0.126200 0.091600 0.122700 0.118400
Ibex 0.049200 0.339000 0.111700 0.245400 0.057600 0.049000 0.078400 0.080500 0.094600 0.104400 0.026200 0.087000 0.076500 0.092200 0.068200 0.108200 0.100000 0.105500 0.057700 0.093900 0.071700 0.035300 0.091100 0.100000 0.000000 0.098900 0.076300 0.103300 0.089700 0.094400 0.109000 0.086400 0.158000 0.076500 0.063100 0.091500 0.030800 0.075900 0.103700 0.090200 0.090900 0.098900 0.095600 0.090800 0.086500 0.058500 0.098600 0.071900 0.106200 0.091400 0.103300 0.099000
GyrantGaze 0.095400 0.358800 0.139300 0.251900 0.084600 0.095100 0.106700 0.066100 0.136700 0.122700 0.089600 0.105500 0.104000 0.120400 0.096100 0.056600 0.128100 0.114000 0.084700 0.131100 0.062000 0.090000 0.109400 0.137900 0.098900 0.000000 0.103800 0.131000 0.047900 0.131800 0.127200 0.114400 0.186700 0.113800 0.100300 0.119600 0.085400 0.084400 0.093300 0.117900 0.109200 0.025500 0.113900 0.118800 0.114400 0.095700 0.079100 0.104100 0.105100 0.119500 0.130900 0.136400
Hartebeest 0.072500 0.336400 0.106700 0.232500 0.062200 0.072300 0.083200 0.075800 0.094200 0.109300 0.067000 0.082100 0.008500 0.096900 0.054100 0.103500 0.099700 0.085900 0.076300 0.098500 0.057900 0.067400 0.086300 0.100200 0.076300 0.103800 0.000000 0.098300 0.085000 0.089500 0.104100 0.091200 0.168100 0.025800 0.048800 0.086600 0.053500 0.076100 0.080300 0.104400 0.086100 0.103700 0.100500 0.095600 0.081600 0.058600 0.093900 0.081200 0.096700 0.096100 0.098400 0.094100
Bongo 0.099400 0.339000 0.046500 0.235200 0.098200 0.099500 0.111100 0.102600 0.012500 0.107600 0.093600 0.079500 0.098600 0.124800 0.090700 0.140300 0.127500 0.123400 0.112900 0.016800 0.103400 0.103500 0.094500 0.122600 0.103300 0.131000 0.098300 0.000000 0.111900 0.025500 0.102600 0.108900 0.176300 0.089100 0.099800 0.085100 0.089700 0.112000 0.125900 0.117400 0.094300 0.131000 0.099000 0.103800 0.080100 0.089900 0.130400 0.108300 0.129100 0.104600 0.034000 0.029800
Gerenuk 0.076600 0.346200 0.120200 0.241300 0.075400 0.076400 0.087300 0.043500 0.107800 0.103500 0.080400 0.086100 0.085200 0.100900 0.077100 0.034400 0.113500 0.099600 0.084900 0.102500 0.043900 0.080800 0.090400 0.118400 0.089700 0.047900 0.085000 0.111900 0.000000 0.112600 0.108100 0.095200 0.182400 0.094700 0.081300 0.100300 0.076200 0.075300 0.074800 0.103500 0.090200 0.056800 0.094800 0.099600 0.095200 0.076700 0.061000 0.085200 0.086100 0.081200 0.111900 0.117200
CommonElan 0.099100 0.329000 0.029100 0.230900 0.089400 0.100100 0.101900 0.093800 0.021300 0.098800 0.075400 0.071800 0.089700 0.115700 0.081700 0.131400 0.118500 0.114300 0.104000 0.025500 0.094500 0.094600 0.085600 0.113700 0.094400 0.131800 0.089500 0.025500 0.112600 0.000000 0.093800 0.099900 0.177000 0.089800 0.090800 0.076300 0.080800 0.103200 0.117000 0.108500 0.085400 0.131700 0.090100 0.094900 0.070200 0.081000 0.121600 0.099400 0.129900 0.105200 0.025500 0.021100
MuntiacusR 0.105500 0.315000 0.111000 0.225400 0.094400 0.105200 0.097300 0.098800 0.098600 0.021500 0.099500 0.086400 0.104400 0.111000 0.086500 0.117100 0.104300 0.090500 0.089900 0.093300 0.109300 0.090400 0.062500 0.080600 0.109000 0.127200 0.104100 0.102600 0.108100 0.093800 0.000000 0.100400 0.167300 0.094800 0.091000 0.091000 0.090700 0.103700 0.122200 0.075600 0.062400 0.127200 0.013000 0.062300 0.086000 0.096000 0.107500 0.104500 0.125200 0.081500 0.102700 0.098400
HarveysDui 0.082700 0.326900 0.117400 0.240400 0.072000 0.082400 0.054800 0.085900 0.104800 0.095800 0.067600 0.092600 0.091500 0.059000 0.073600 0.114100 0.120400 0.106300 0.081600 0.109100 0.086700 0.077400 0.082200 0.096000 0.086400 0.114400 0.091200 0.108900 0.095200 0.099900 0.100400 0.000000 0.174800 0.081900 0.063700 0.097200 0.072800 0.090800 0.109400 0.120100 0.082100 0.104700 0.087000 0.086800 0.092100 0.073300 0.085200 0.081900 0.112200 0.107000 0.109000 0.104600
Pronghorn 0.160100 0.329200 0.174000 0.234800 0.157400 0.159600 0.178300 0.167100 0.172300 0.162500 0.158100 0.155500 0.168600 0.192800 0.150500 0.187000 0.147100 0.128100 0.157900 0.166300 0.173800 0.158900 0.154100 0.142900 0.158000 0.186700 0.168100 0.176300 0.182400 0.177000 0.167300 0.174800 0.000000 0.168800 0.154800 0.165000 0.154000 0.177600 0.192200 0.142100 0.153800 0.186700 0.153700 0.153600 0.159400 0.170500 0.176000 0.148400 0.160400 0.160000 0.176000 0.171700
BlueWildeb 0.072700 0.336200 0.107100 0.244200 0.062400 0.072500 0.073800 0.085500 0.085000 0.099900 0.067200 0.082300 0.025700 0.087500 0.054300 0.113400 0.109700 0.086200 0.067200 0.089300 0.076700 0.067600 0.086500 0.110100 0.076500 0.113800 0.025800 0.089100 0.094700 0.089800 0.094800 0.081900 0.168800 0.000000 0.039900 0.086900 0.053700 0.076300 0.089900 0.114300 0.086300 0.109100 0.091100 0.095900 0.081900 0.058800 0.094200 0.081400 0.106700 0.096400 0.098700 0.094300
Gemsbok 0.059200 0.341800 0.108300 0.235700 0.049100 0.059000 0.060100 0.072100 0.095600 0.086400 0.053900 0.078300 0.049000 0.073800 0.050100 0.099900 0.106000 0.082400 0.058400 0.100000 0.072700 0.054100 0.073100 0.091600 0.063100 0.100300 0.048800 0.099800 0.081300 0.090800 0.091000 0.063700 0.154800 0.039900 0.000000 0.073300 0.049600 0.067500 0.090700 0.105800 0.072900 0.100200 0.077600 0.072800 0.068400 0.059300 0.080900 0.068000 0.093000 0.092600 0.099800 0.095400
Yak 0.087500 0.314800 0.098200 0.224200 0.077000 0.087600 0.089200 0.081400 0.081000 0.096000 0.081700 0.030700 0.086900 0.103200 0.069000 0.114500 0.096400 0.092100 0.081900 0.085300 0.091800 0.072300 0.073100 0.091700 0.091500 0.119600 0.086600 0.085100 0.100300 0.076300 0.091000 0.097200 0.165000 0.086900 0.073300 0.000000 0.077800 0.095500 0.085700 0.105900 0.072900 0.119600 0.087200 0.072900 0.013000 0.068400 0.099800 0.087000 0.107500 0.092700 0.085200 0.080800
BlueSheep 0.035800 0.333400 0.098100 0.240400 0.044300 0.035700 0.064600 0.067000 0.085500 0.086100 0.021900 0.073200 0.053700 0.078200 0.054600 0.094600 0.095800 0.091600 0.044300 0.080400 0.048900 0.022000 0.067900 0.086300 0.030800 0.085400 0.053500 0.089700 0.076200 0.080800 0.090700 0.072800 0.154000 0.053700 0.049600 0.077800 0.000000 0.058000 0.090100 0.086100 0.067800 0.085400 0.077400 0.077200 0.072800 0.045000 0.085100 0.062800 0.092400 0.087300 0.089700 0.085400
BohorReedb 0.071900 0.334700 0.110800 0.231400 0.034900 0.072000 0.082900 0.084900 0.108000 0.099100 0.065500 0.091000 0.076200 0.086900 0.072700 0.084200 0.118800 0.104900 0.062000 0.102600 0.080900 0.066800 0.081300 0.114100 0.075900 0.084400 0.076100 0.112000 0.075300 0.103200 0.103700 0.090800 0.177600 0.076300 0.067500 0.095500 0.058000 0.000000 0.108000 0.099200 0.081100 0.093800 0.090400 0.095200 0.090500 0.062700 0.093500 0.080800 0.081600 0.095800 0.102500 0.107800
KirksDik 0.100200 0.352600 0.134200 0.269600 0.089200 0.099900 0.101700 0.056800 0.121900 0.127500 0.094300 0.081200 0.080500 0.115400 0.077000 0.088400 0.127800 0.118900 0.103700 0.126100 0.066400 0.094800 0.114200 0.123000 0.103700 0.093300 0.080300 0.125900 0.074800 0.117000 0.122200 0.109400 0.192200 0.089900 0.090700 0.085700 0.090100 0.108000 0.000000 0.132600 0.113900 0.093200 0.118700 0.113800 0.080700 0.081200 0.074200 0.099200 0.109800 0.124400 0.126000 0.121700
RoeDeer 0.096200 0.316900 0.116200 0.210000 0.099400 0.095900 0.112400 0.113500 0.113300 0.071100 0.080900 0.091500 0.104600 0.126200 0.101600 0.122300 0.104200 0.090400 0.094800 0.098400 0.104800 0.090700 0.058000 0.062300 0.090200 0.117900 0.104400 0.117400 0.103500 0.108500 0.075600 0.120100 0.142100 0.114300 0.105800 0.105900 0.086100 0.099200 0.132600 0.000000 0.057900 0.127700 0.062400 0.067100 0.100700 0.096400 0.122200 0.100000 0.101100 0.086500 0.107800 0.103600
WhiteLippe 0.087300 0.325600 0.093300 0.206300 0.076500 0.087000 0.083700 0.090400 0.090200 0.057900 0.081500 0.077900 0.086300 0.097500 0.078200 0.108900 0.086200 0.072500 0.086100 0.094500 0.081600 0.081900 0.000000 0.044400 0.090900 0.109200 0.086100 0.094300 0.090200 0.085400 0.062400 0.082100 0.153800 0.086300 0.072900 0.072900 0.067800 0.081100 0.113900 0.057900 0.000000 0.109200 0.049200 0.035500 0.068000 0.068300 0.099200 0.086400 0.106800 0.072900 0.084900 0.090000
ThomsonGaz 0.095400 0.352900 0.149100 0.252200 0.084600 0.095100 0.106700 0.066100 0.136700 0.122700 0.089600 0.105500 0.104000 0.120400 0.096000 0.065600 0.128000 0.123800 0.094100 0.131100 0.061900 0.090000 0.109500 0.128100 0.098900 0.025500 0.103700 0.131000 0.056800 0.131700 0.127200 0.104700 0.186700 0.109100 0.100200 0.119600 0.085400 0.093800 0.093200 0.127700 0.109200 0.000000 0.113900 0.118800 0.114400 0.095600 0.069900 0.104100 0.114900 0.119500 0.140700 0.136400
MuntiacusC 0.092000 0.313000 0.107500 0.222500 0.081200 0.091700 0.083700 0.085600 0.094900 0.008500 0.086200 0.082600 0.100700 0.097400 0.082900 0.113600 0.090900 0.077100 0.090800 0.089700 0.095900 0.086600 0.049300 0.067300 0.095600 0.113900 0.100500 0.099000 0.094800 0.090100 0.013000 0.087000 0.153700 0.091100 0.077600 0.087200 0.077400 0.090400 0.118700 0.062400 0.049200 0.113900 0.000000 0.049100 0.082200 0.082600 0.094300 0.091100 0.111700 0.068100 0.099100 0.094700
WhiteTaile 0.087200 0.319000 0.112300 0.222900 0.076400 0.086900 0.088500 0.080900 0.099700 0.057800 0.072000 0.077800 0.095900 0.092500 0.078100 0.118400 0.086100 0.081900 0.095500 0.104000 0.091100 0.081800 0.035400 0.035200 0.090800 0.118800 0.095600 0.103800 0.099600 0.094900 0.062300 0.086800 0.153600 0.095900 0.072800 0.072900 0.077200 0.095200 0.113800 0.067100 0.035500 0.118800 0.049100 0.000000 0.068000 0.077700 0.108600 0.076900 0.116600 0.072800 0.099200 0.094900
Cattle 0.082500 0.307300 0.093200 0.218000 0.072100 0.082500 0.084000 0.076500 0.076100 0.091000 0.076800 0.026200 0.081800 0.097900 0.064100 0.109300 0.091300 0.087000 0.077000 0.080400 0.086700 0.067500 0.068200 0.086600 0.086500 0.114400 0.081600 0.080100 0.095200 0.070200 0.086000 0.092100 0.159400 0.081900 0.068400 0.013000 0.072800 0.090500 0.080700 0.100700 0.068000 0.114400 0.082200 0.068000 0.000000 0.063500 0.094700 0.081900 0.102300 0.087600 0.080200 0.075900
RoyalAntel 0.063800 0.322800 0.098400 0.235900 0.053800 0.063900 0.065000 0.067600 0.081200 0.091400 0.058400 0.073000 0.058700 0.078800 0.055000 0.095400 0.082000 0.087300 0.063100 0.090100 0.058700 0.058700 0.068400 0.086900 0.058500 0.095700 0.058600 0.089900 0.076700 0.081000 0.096000 0.073300 0.170500 0.058800 0.059300 0.068400 0.045000 0.062700 0.081200 0.096400 0.068300 0.095600 0.082600 0.077700 0.063500 0.000000 0.085800 0.058800 0.093000 0.087900 0.089900 0.085600
Steenbok 0.095100 0.357800 0.119600 0.256900 0.084300 0.094800 0.086900 0.061200 0.126500 0.093600 0.089300 0.095200 0.094100 0.100400 0.076600 0.078900 0.122600 0.108700 0.093900 0.121000 0.061700 0.089700 0.099400 0.108100 0.098600 0.079100 0.093900 0.130400 0.061000 0.121600 0.107500 0.085200 0.176000 0.094200 0.080900 0.099800 0.085100 0.093500 0.074200 0.122200 0.099200 0.069900 0.094300 0.108600 0.094700 0.085800 0.000000 0.084800 0.114500 0.104600 0.120900 0.126200
Impala 0.072700 0.330600 0.107200 0.239200 0.062300 0.072500 0.073800 0.066800 0.094300 0.099900 0.067200 0.082400 0.081400 0.077900 0.054400 0.103800 0.086000 0.086400 0.081100 0.108500 0.067300 0.067500 0.086600 0.105100 0.071900 0.104100 0.081200 0.108300 0.085200 0.099400 0.104500 0.081900 0.148400 0.081400 0.068000 0.087000 0.062800 0.080800 0.099200 0.100000 0.086400 0.104100 0.091100 0.076900 0.081900 0.058800 0.084800 0.000000 0.092000 0.096600 0.098800 0.094500
Klipspring 0.092900 0.336400 0.137500 0.225200 0.081800 0.092600 0.104300 0.095900 0.125000 0.120600 0.096600 0.102800 0.097000 0.108300 0.088700 0.100100 0.141100 0.121900 0.091500 0.119400 0.096900 0.097100 0.107100 0.126200 0.106200 0.105100 0.096700 0.129100 0.086100 0.129900 0.125200 0.112200 0.160400 0.106700 0.093000 0.107500 0.092400 0.081600 0.109800 0.101100 0.106800 0.114900 0.111700 0.116600 0.102300 0.093000 0.114500 0.092000 0.000000 0.107500 0.129100 0.124800
ForestMusk 0.087800 0.328100 0.122700 0.219300 0.086500 0.087500 0.099100 0.100500 0.100400 0.076900 0.091600 0.088100 0.096400 0.113100 0.088400 0.109500 0.086600 0.082400 0.106000 0.095100 0.101400 0.092100 0.073100 0.091600 0.091400 0.119500 0.096100 0.104600 0.081200 0.105200 0.081500 0.107000 0.160000 0.096400 0.092600 0.092700 0.087300 0.095800 0.124400 0.086500 0.072900 0.119500 0.068100 0.072800 0.087600 0.087900 0.104600 0.096600 0.107500 0.000000 0.114300 0.109900
Bushbuck 0.109000 0.345800 0.029300 0.229600 0.098300 0.109100 0.111100 0.102600 0.029400 0.107700 0.093600 0.080700 0.098600 0.124800 0.081300 0.130600 0.127500 0.113600 0.103300 0.034000 0.103500 0.103500 0.085100 0.122700 0.103300 0.130900 0.098400 0.034000 0.111900 0.025500 0.102700 0.109000 0.176000 0.098700 0.099800 0.085200 0.089700 0.102500 0.126000 0.107800 0.084900 0.140700 0.099100 0.099200 0.080200 0.089900 0.120900 0.098800 0.129100 0.114300 0.000000 0.021000
GreaterKud 0.104700 0.340900 0.042400 0.236300 0.094000 0.104800 0.106700 0.098300 0.025600 0.103400 0.089300 0.076400 0.094300 0.120400 0.086400 0.136100 0.123200 0.119000 0.108600 0.029400 0.099200 0.099200 0.090200 0.118400 0.099000 0.136400 0.094100 0.029800 0.117200 0.021100 0.098400 0.104600 0.171700 0.094300 0.095400 0.080800 0.085400 0.107800 0.121700 0.103600 0.090000 0.136400 0.094700 0.094900 0.075900 0.085600 0.126200 0.094500 0.124800 0.109900 0.021000 0.000000
