1
52 1
Argali 0.000000 0.487500 0.163500 0.751500 0.128300 0.000000 0.161800 0.198800 0.168000 0.397200 0.087700 0.205400 0.199100 0.243200 0.156400 0.167800 0.268500 0.307200 0.087500 0.163500 0.247800 0.132600 0.390200 0.486000 0.087700 0.240200 0.123900 0.198800 0.247400 0.163500 0.397200 0.163700 0.221300 0.123900 0.128700 0.167000 0.165700 0.172500 0.266900 0.363800 0.450600 0.240200 0.397200 0.486000 0.204300 0.162100 0.245000 0.198300 0.163100 0.272400 0.205800 0.205100
LesserMous 0.487500 0.000000 0.360600 0.735800 0.577300 0.487500 0.603000 0.396100 0.261100 0.518700 0.533600 0.406400 0.511100 0.570600 0.497000 0.491800 0.487900 0.451800 0.524700 0.360600 0.585700 0.452600 0.513200 0.612800 0.533600 0.567900 0.559500 0.396100 0.582600 0.360600 0.518700 0.476100 0.569200 0.559500 0.442700 0.485300 0.610400 0.493700 0.632700 0.572800 0.302400 0.567900 0.518700 0.612800 0.525900 0.603600 0.449600 0.512400 0.611300 0.501400 0.299400 0.405800
LesserKudu 0.163500 0.360600 0.000000 0.540000 0.115300 0.163500 0.146600 0.033600 0.072700 0.477500 0.163000 0.107400 0.104300 0.141500 0.178000 0.073200 0.153800 0.226400 0.159100 0.000000 0.144500 0.205700 0.470600 0.564500 0.163000 0.140900 0.111900 0.033600 0.144300 0.000000 0.477500 0.071100 0.198800 0.111900 0.115500 0.072700 0.233200 0.155100 0.154400 0.575900 0.398100 0.140900 0.477500 0.564500 0.107100 0.146800 0.143100 0.104500 0.147600 0.244700 0.034500 0.034500
KillerWhal 0.751500 0.735800 0.540000 0.000000 0.581400 0.751500 0.531200 0.572000 0.694900 0.905100 0.684900 0.595600 0.573000 0.637800 0.678100 0.549200 0.632400 0.725300 0.738700 0.540000 0.641500 0.759100 0.894500 0.730900 0.684900 0.620600 0.617900 0.572000 0.467400 0.540000 0.905100 0.541200 0.572900 0.617900 0.649200 0.493700 0.612900 0.644700 0.601900 1.046400 0.768200 0.620600 0.905100 0.730900 0.532500 0.660400 0.635900 0.455800 0.538100 0.560300 0.596800 0.535500
DefassaWat 0.128300 0.577300 0.115300 0.581400 0.000000 0.128300 0.114200 0.149700 0.205700 0.309300 0.040800 0.155300 0.149800 0.191100 0.147200 0.118200 0.120200 0.195300 0.124900 0.115300 0.194100 0.082300 0.302400 0.389600 0.040800 0.188100 0.077800 0.149700 0.110800 0.115300 0.309300 0.115400 0.079200 0.079600 0.080800 0.037500 0.115600 0.038800 0.164900 0.398400 0.357100 0.188100 0.309300 0.389600 0.073400 0.114400 0.192200 0.149300 0.115100 0.213100 0.155100 0.074900
Sheep 0.000000 0.487500 0.163500 0.751500 0.128300 0.000000 0.161800 0.198800 0.168000 0.397200 0.087700 0.205400 0.199100 0.243200 0.156400 0.167800 0.268500 0.307200 0.085400 0.163500 0.247800 0.132600 0.390200 0.486000 0.087700 0.240200 0.123900 0.198800 0.247400 0.163500 0.397200 0.163700 0.221300 0.123900 0.128700 0.167000 0.165700 0.172500 0.266900 0.363800 0.450600 0.240200 0.397200 0.486000 0.204300 0.162100 0.245000 0.198300 0.163100 0.272400 0.205800 0.205100
MaxwellsDu 0.161800 0.603000 0.146600 0.531200 0.114200 0.161800 0.000000 0.103000 0.234000 0.468700 0.161200 0.184200 0.033300 0.141100 0.101700 0.112700 0.238500 0.312600 0.157500 0.146600 0.185600 0.203400 0.462100 0.425500 0.161200 0.180700 0.035400 0.103000 0.107200 0.146600 0.468700 0.070900 0.196700 0.035400 0.114500 0.149300 0.148300 0.153500 0.198700 0.564600 0.520100 0.180700 0.468700 0.425500 0.183400 0.145600 0.183600 0.103700 0.070700 0.242000 0.184500 0.184000
GazellaPrz 0.198800 0.396100 0.033600 0.572000 0.149700 0.198800 0.103000 0.000000 0.106400 0.512800 0.197800 0.140100 0.065400 0.173400 0.133900 0.071400 0.187100 0.258000 0.193600 0.033600 0.141300 0.239700 0.506600 0.598800 0.197800 0.138000 0.069700 0.000000 0.141000 0.033600 0.512800 0.104300 0.232300 0.071200 0.150000 0.106500 0.265300 0.188700 0.150700 0.610200 0.434200 0.138000 0.512800 0.598800 0.139700 0.179500 0.139900 0.136500 0.180400 0.277900 0.067500 0.067400
MountainNy 0.168000 0.261100 0.072700 0.694900 0.205700 0.168000 0.234000 0.106400 0.000000 0.492900 0.168100 0.109300 0.183900 0.225400 0.263900 0.155200 0.247600 0.323400 0.163500 0.072700 0.230100 0.121600 0.483800 0.578500 0.168100 0.223400 0.198400 0.106400 0.230100 0.072700 0.492900 0.150800 0.299300 0.198400 0.117900 0.154900 0.239700 0.158600 0.247500 0.589700 0.287900 0.223400 0.492900 0.578500 0.189900 0.234400 0.145100 0.184300 0.236000 0.351100 0.035500 0.109600
MuntiacusM 0.397200 0.518700 0.477500 0.905100 0.309300 0.397200 0.468700 0.512800 0.492900 0.000000 0.264400 0.537100 0.513800 0.582000 0.494800 0.488800 0.361100 0.451400 0.386300 0.477500 0.589000 0.321100 0.104600 0.199400 0.264400 0.566200 0.424500 0.512800 0.446800 0.477500 0.000000 0.478500 0.305500 0.424500 0.446700 0.352000 0.347300 0.365500 0.577700 0.204800 0.157900 0.566200 0.000000 0.199400 0.393100 0.469100 0.582600 0.511400 0.475400 0.508800 0.538200 0.395300
goat 0.087700 0.533600 0.163000 0.684900 0.040800 0.087700 0.161200 0.197800 0.168100 0.264400 0.000000 0.205300 0.198100 0.242800 0.194000 0.167000 0.170400 0.248700 0.085300 0.163000 0.246700 0.042300 0.258000 0.347300 0.000000 0.238400 0.123600 0.197800 0.156100 0.163000 0.264400 0.163200 0.126100 0.123600 0.129000 0.079400 0.078800 0.082300 0.219200 0.355500 0.313000 0.238400 0.264400 0.347300 0.116400 0.161500 0.244200 0.197300 0.162600 0.272700 0.205700 0.116800
AfricanBuf 0.205400 0.406400 0.107400 0.595600 0.155300 0.205400 0.184200 0.140100 0.109300 0.537100 0.205300 0.000000 0.218300 0.260300 0.214400 0.110100 0.284700 0.360000 0.115200 0.107400 0.181500 0.158300 0.528200 0.623700 0.205300 0.176700 0.149800 0.140100 0.181400 0.107400 0.537100 0.186100 0.240600 0.149800 0.074100 0.109700 0.274400 0.112100 0.194400 0.493800 0.328800 0.176700 0.537100 0.623700 0.143700 0.184400 0.103400 0.139800 0.185500 0.287800 0.069100 0.144100
Topi 0.199100 0.511100 0.104300 0.573000 0.149800 0.199100 0.033300 0.065400 0.183900 0.513800 0.198100 0.218300 0.000000 0.100800 0.134000 0.148100 0.187400 0.258200 0.193800 0.104300 0.220100 0.240000 0.507600 0.468600 0.198100 0.214600 0.069800 0.066800 0.141100 0.104300 0.513800 0.033700 0.232500 0.071600 0.150200 0.184000 0.182700 0.188900 0.235200 0.611400 0.566300 0.214600 0.513800 0.468600 0.217300 0.179700 0.217800 0.136600 0.104600 0.278200 0.139800 0.139500
CommonDuik 0.243200 0.570600 0.141500 0.637800 0.191100 0.243200 0.141100 0.173400 0.225400 0.582000 0.242800 0.260300 0.100800 0.000000 0.248700 0.226400 0.188600 0.260200 0.237200 0.141500 0.299700 0.286800 0.573900 0.529400 0.242800 0.291900 0.185400 0.173400 0.216200 0.141500 0.582000 0.068500 0.277200 0.185400 0.191600 0.225400 0.223700 0.231900 0.320600 0.680300 0.637500 0.291900 0.582000 0.529400 0.259000 0.219700 0.296800 0.173900 0.142000 0.324700 0.178300 0.177900
Suni 0.156400 0.497000 0.178000 0.678100 0.147200 0.156400 0.101700 0.133900 0.263900 0.494800 0.194000 0.214400 0.134000 0.248700 0.000000 0.145700 0.268200 0.252600 0.190100 0.178000 0.138100 0.234800 0.489200 0.576400 0.194000 0.135100 0.068800 0.133900 0.215800 0.178000 0.494800 0.178100 0.227800 0.068800 0.147500 0.180700 0.178000 0.185300 0.230400 0.540700 0.544200 0.135100 0.494800 0.576400 0.213500 0.101800 0.214100 0.133600 0.177600 0.185800 0.214800 0.214100
Springbuck 0.167800 0.491800 0.073200 0.549200 0.118200 0.167800 0.112700 0.071400 0.155200 0.488800 0.167000 0.110100 0.148100 0.226400 0.145700 0.000000 0.246700 0.323100 0.163200 0.073200 0.070400 0.210700 0.482300 0.577300 0.167000 0.068800 0.076500 0.071400 0.070300 0.073200 0.488800 0.151800 0.203600 0.076500 0.118500 0.074500 0.238700 0.158800 0.075100 0.589200 0.407700 0.068800 0.488800 0.577300 0.109700 0.150500 0.069700 0.107000 0.151300 0.250500 0.110300 0.110000
Okapi 0.268500 0.487900 0.153800 0.632400 0.120200 0.268500 0.238500 0.187100 0.247600 0.361100 0.170400 0.284700 0.187400 0.188600 0.268200 0.246700 0.000000 0.072000 0.261800 0.153800 0.325300 0.216100 0.352300 0.438000 0.170400 0.314200 0.202700 0.187100 0.231600 0.153800 0.361100 0.154000 0.119300 0.202700 0.211700 0.156600 0.242100 0.162300 0.303100 0.446900 0.408600 0.314200 0.361100 0.438000 0.191600 0.238900 0.322400 0.273200 0.240600 0.256400 0.194300 0.110700
Giraffe 0.307200 0.451800 0.226400 0.725300 0.195300 0.307200 0.312600 0.258000 0.323400 0.451400 0.248700 0.360000 0.258200 0.260200 0.252600 0.323100 0.072000 0.000000 0.341400 0.226400 0.401000 0.294500 0.442500 0.527500 0.248700 0.388400 0.277900 0.258000 0.303900 0.226400 0.451400 0.226700 0.193800 0.277900 0.289300 0.229800 0.316200 0.237400 0.382500 0.491000 0.499200 0.388400 0.451400 0.527500 0.263400 0.313100 0.397400 0.346400 0.315400 0.333600 0.267100 0.180800
TibetanAnt 0.087500 0.524700 0.159100 0.738700 0.124900 0.085400 0.157500 0.193600 0.163500 0.386300 0.085300 0.115200 0.193800 0.237200 0.190100 0.163200 0.261800 0.341400 0.000000 0.159100 0.241300 0.129100 0.379100 0.473100 0.085300 0.233900 0.120500 0.193600 0.241100 0.159100 0.386300 0.159300 0.215500 0.120500 0.125100 0.162600 0.161300 0.168000 0.260100 0.354200 0.438500 0.233900 0.386300 0.473100 0.199100 0.157700 0.238800 0.193100 0.158700 0.265300 0.200400 0.199800
Sitatunga 0.163500 0.360600 0.000000 0.540000 0.115300 0.163500 0.146600 0.033600 0.072700 0.477500 0.163000 0.107400 0.104300 0.141500 0.178000 0.073200 0.153800 0.226400 0.159100 0.000000 0.144500 0.205700 0.470600 0.564500 0.163000 0.140900 0.111900 0.034300 0.144300 0.000000 0.477500 0.071100 0.198800 0.111900 0.115500 0.072700 0.233200 0.155100 0.154400 0.575900 0.398100 0.140900 0.477500 0.564500 0.107100 0.146800 0.143100 0.104500 0.147600 0.244700 0.034500 0.034700
Oribi 0.247800 0.585700 0.144500 0.641500 0.194100 0.247800 0.185600 0.141300 0.230100 0.589000 0.246700 0.181500 0.220100 0.299700 0.138100 0.070400 0.325300 0.401000 0.241300 0.144500 0.000000 0.290900 0.581700 0.677600 0.246700 0.066100 0.150900 0.141300 0.138900 0.144500 0.589000 0.225200 0.281400 0.150900 0.194600 0.147000 0.224900 0.235100 0.071200 0.689600 0.502700 0.066300 0.589000 0.677600 0.180800 0.142300 0.137700 0.101500 0.224400 0.235200 0.181800 0.181300
BarbaryShe 0.132600 0.452600 0.205700 0.759100 0.082300 0.132600 0.203400 0.239700 0.121600 0.321100 0.042300 0.158300 0.240000 0.286800 0.234800 0.210700 0.216100 0.294500 0.129100 0.205700 0.290900 0.000000 0.312700 0.401600 0.042300 0.280700 0.166200 0.239700 0.197200 0.205700 0.321100 0.206000 0.170000 0.166200 0.082900 0.120300 0.119400 0.039900 0.266200 0.410500 0.248400 0.280700 0.321100 0.401600 0.156800 0.203700 0.196100 0.239100 0.205200 0.322200 0.158600 0.157400
Daviddeer 0.390200 0.513200 0.470600 0.894500 0.302400 0.390200 0.462100 0.506600 0.483800 0.104600 0.258000 0.528200 0.507600 0.573900 0.489200 0.482300 0.352300 0.442500 0.379100 0.470600 0.581700 0.312700 0.000000 0.196200 0.258000 0.429000 0.417700 0.506600 0.439800 0.470600 0.104600 0.471500 0.188600 0.417700 0.437500 0.344900 0.340500 0.356600 0.568300 0.099100 0.154400 0.429000 0.104600 0.196200 0.272800 0.462600 0.575000 0.505200 0.340500 0.499700 0.529400 0.388100
Reindeer 0.486000 0.612800 0.564500 0.730900 0.389600 0.486000 0.425500 0.598800 0.578500 0.199400 0.347300 0.623700 0.468600 0.529400 0.576400 0.577300 0.438000 0.527500 0.473100 0.564500 0.677600 0.401600 0.196200 0.000000 0.347300 0.655000 0.509000 0.598800 0.406600 0.564500 0.199400 0.433200 0.385100 0.509000 0.532100 0.430700 0.313800 0.444100 0.669700 0.291700 0.246600 0.655000 0.199400 0.000000 0.470800 0.422900 0.670200 0.466500 0.430800 0.594800 0.625100 0.473500
Ibex 0.087700 0.533600 0.163000 0.684900 0.040800 0.087700 0.161200 0.197800 0.168100 0.264400 0.000000 0.205300 0.198100 0.242800 0.194000 0.167000 0.170400 0.248700 0.085300 0.163000 0.246700 0.042300 0.258000 0.347300 0.000000 0.238400 0.123600 0.197800 0.156100 0.163000 0.264400 0.163200 0.126100 0.123600 0.129000 0.079400 0.078800 0.082300 0.219200 0.355500 0.313000 0.238400 0.264400 0.347300 0.116400 0.161500 0.244200 0.197300 0.162600 0.272700 0.205700 0.116800
GyrantGaze 0.240200 0.567900 0.140900 0.620600 0.188100 0.240200 0.180700 0.138000 0.223400 0.566200 0.238400 0.176700 0.214600 0.291900 0.135100 0.068800 0.314200 0.388400 0.233900 0.140900 0.066100 0.280700 0.429000 0.655000 0.238400 0.000000 0.146700 0.138000 0.135500 0.140900 0.566200 0.219200 0.186200 0.146700 0.188700 0.142900 0.218600 0.227500 0.144100 0.525600 0.485200 0.000000 0.566200 0.655000 0.101600 0.138800 0.134600 0.099300 0.139800 0.228300 0.177000 0.176500
Hartebeest 0.123900 0.559500 0.111900 0.617900 0.077800 0.123900 0.035400 0.069700 0.198400 0.424500 0.123600 0.149800 0.069800 0.185400 0.068800 0.076500 0.202700 0.277900 0.120500 0.111900 0.150900 0.166200 0.417700 0.509000 0.123600 0.146700 0.000000 0.069700 0.150700 0.111900 0.424500 0.112000 0.160500 0.000000 0.077900 0.114100 0.195800 0.117500 0.161900 0.519800 0.475500 0.146700 0.424500 0.509000 0.149200 0.111100 0.149300 0.145200 0.111600 0.205500 0.150000 0.149700
Bongo 0.198800 0.396100 0.033600 0.572000 0.149700 0.198800 0.103000 0.000000 0.106400 0.512800 0.197800 0.140100 0.066800 0.173400 0.133900 0.071400 0.187100 0.258000 0.193600 0.034300 0.141300 0.239700 0.506600 0.598800 0.197800 0.138000 0.069700 0.000000 0.141000 0.033600 0.512800 0.104300 0.232300 0.069700 0.150000 0.106500 0.265300 0.188700 0.150700 0.610200 0.434200 0.138000 0.512800 0.598800 0.139700 0.179500 0.139900 0.136500 0.180400 0.277900 0.067500 0.067400
Gerenuk 0.247400 0.582600 0.144300 0.467400 0.110800 0.247400 0.107200 0.141000 0.230100 0.446800 0.156100 0.181400 0.141100 0.216200 0.215800 0.070300 0.231600 0.303900 0.241100 0.144300 0.138900 0.197200 0.439800 0.406600 0.156100 0.135500 0.150700 0.141000 0.000000 0.144300 0.446800 0.144400 0.190700 0.150700 0.194700 0.070800 0.144100 0.149100 0.109500 0.537000 0.374500 0.135500 0.446800 0.406600 0.103400 0.222800 0.137500 0.102200 0.144000 0.329600 0.181700 0.103600
CommonElan 0.163500 0.360600 0.000000 0.540000 0.115300 0.163500 0.146600 0.033600 0.072700 0.477500 0.163000 0.107400 0.104300 0.141500 0.178000 0.073200 0.153800 0.226400 0.159100 0.000000 0.144500 0.205700 0.470600 0.564500 0.163000 0.140900 0.111900 0.033600 0.144300 0.000000 0.477500 0.071100 0.198800 0.111900 0.115500 0.072700 0.233200 0.155100 0.154400 0.575900 0.398100 0.140900 0.477500 0.564500 0.107100 0.146800 0.143100 0.104500 0.147600 0.244700 0.034700 0.034500
MuntiacusR 0.397200 0.518700 0.477500 0.905100 0.309300 0.397200 0.468700 0.512800 0.492900 0.000000 0.264400 0.537100 0.513800 0.582000 0.494800 0.488800 0.361100 0.451400 0.386300 0.477500 0.589000 0.321100 0.104600 0.199400 0.264400 0.566200 0.424500 0.512800 0.446800 0.477500 0.000000 0.478500 0.305500 0.424500 0.446700 0.352000 0.347300 0.365500 0.577700 0.204800 0.157900 0.566200 0.000000 0.199400 0.393100 0.469100 0.582600 0.511400 0.475400 0.508800 0.538200 0.395300
HarveysDui 0.163700 0.476100 0.071100 0.541200 0.115400 0.163700 0.070900 0.104300 0.150800 0.478500 0.163200 0.186100 0.033700 0.068500 0.178100 0.151800 0.154000 0.226700 0.159300 0.071100 0.225200 0.206000 0.471500 0.433200 0.163200 0.219200 0.112000 0.104300 0.144400 0.071100 0.478500 0.000000 0.199100 0.112000 0.115700 0.150900 0.149800 0.155200 0.241100 0.577000 0.531600 0.219200 0.478500 0.433200 0.185300 0.147000 0.222800 0.104500 0.071300 0.245000 0.107200 0.107000
Pronghorn 0.221300 0.569200 0.198800 0.572900 0.079200 0.221300 0.196700 0.232300 0.299300 0.305500 0.126100 0.240600 0.232500 0.277200 0.227800 0.203600 0.119300 0.193800 0.215500 0.198800 0.281400 0.170000 0.188600 0.385100 0.126100 0.186200 0.160500 0.232300 0.190700 0.198800 0.305500 0.199100 0.000000 0.160500 0.167100 0.116000 0.199000 0.119900 0.256300 0.278600 0.352700 0.186200 0.305500 0.385100 0.072600 0.197000 0.278700 0.231700 0.113800 0.211200 0.241000 0.151900
BlueWildeb 0.123900 0.559500 0.111900 0.617900 0.079600 0.123900 0.035400 0.071200 0.198400 0.424500 0.123600 0.149800 0.071600 0.185400 0.068800 0.076500 0.202700 0.277900 0.120500 0.111900 0.150900 0.166200 0.417700 0.509000 0.123600 0.146700 0.000000 0.069700 0.150700 0.111900 0.424500 0.112000 0.160500 0.000000 0.079400 0.114100 0.195800 0.117500 0.161900 0.519800 0.475500 0.146700 0.424500 0.509000 0.149200 0.111100 0.149300 0.145200 0.111600 0.205500 0.150000 0.149700
Gemsbok 0.128700 0.442700 0.115500 0.649200 0.080800 0.128700 0.114500 0.150000 0.117900 0.446700 0.129000 0.074100 0.150200 0.191600 0.147500 0.118500 0.211700 0.289300 0.125100 0.115500 0.194600 0.082900 0.437500 0.532100 0.129000 0.188700 0.077900 0.150000 0.194700 0.115500 0.446700 0.115700 0.167100 0.079400 0.000000 0.118400 0.203400 0.039300 0.209900 0.543000 0.361400 0.188700 0.446700 0.532100 0.154500 0.114700 0.110600 0.149700 0.115300 0.213800 0.074300 0.155100
Yak 0.167000 0.485300 0.072700 0.493700 0.037500 0.167000 0.149300 0.106500 0.154900 0.352000 0.079400 0.109700 0.184000 0.225400 0.180700 0.074500 0.156600 0.229800 0.162600 0.072700 0.147000 0.120300 0.344900 0.430700 0.079400 0.142900 0.114100 0.106500 0.070800 0.072700 0.352000 0.150900 0.116000 0.114100 0.118400 0.000000 0.150900 0.075700 0.116600 0.440000 0.283900 0.142900 0.352000 0.430700 0.034800 0.149500 0.145600 0.106200 0.150400 0.250100 0.109900 0.034900
BlueSheep 0.165700 0.610400 0.233200 0.612900 0.115600 0.165700 0.148300 0.265300 0.239700 0.347300 0.078800 0.274400 0.182700 0.223700 0.178000 0.238700 0.242100 0.316200 0.161300 0.233200 0.224900 0.119400 0.340500 0.313800 0.078800 0.218600 0.195800 0.265300 0.144100 0.233200 0.347300 0.149800 0.199000 0.195800 0.203400 0.150900 0.000000 0.155700 0.291900 0.434000 0.393800 0.218600 0.347300 0.313800 0.185000 0.147100 0.311700 0.104700 0.149400 0.245200 0.274900 0.185600
BohorReedb 0.172500 0.493700 0.155100 0.644700 0.038800 0.172500 0.153500 0.188700 0.158600 0.365500 0.082300 0.112100 0.188900 0.231900 0.185300 0.158800 0.162300 0.237400 0.168000 0.155100 0.235100 0.039900 0.356600 0.444100 0.082300 0.227500 0.117500 0.188700 0.149100 0.155100 0.365500 0.155200 0.119900 0.117500 0.039300 0.075700 0.155700 0.000000 0.208300 0.453400 0.291000 0.227500 0.365500 0.444100 0.111100 0.153800 0.148400 0.188200 0.154700 0.258500 0.112300 0.111500
KirksDik 0.266900 0.632700 0.154400 0.601900 0.164900 0.266900 0.198700 0.150700 0.247500 0.577700 0.219200 0.194400 0.235200 0.320600 0.230400 0.075100 0.303100 0.382500 0.260100 0.154400 0.071200 0.266200 0.568300 0.669700 0.219200 0.144100 0.161900 0.150700 0.109500 0.154400 0.577700 0.241100 0.256300 0.161900 0.209900 0.116600 0.291900 0.208300 0.000000 0.681600 0.485500 0.144100 0.577700 0.669700 0.152500 0.238500 0.146700 0.187900 0.240200 0.355700 0.194700 0.153000
RoeDeer 0.363800 0.572800 0.575900 1.046400 0.398400 0.363800 0.564600 0.610200 0.589700 0.204800 0.355500 0.493800 0.611400 0.680300 0.540700 0.589200 0.446900 0.491000 0.354200 0.575900 0.689600 0.410500 0.099100 0.291700 0.355500 0.525600 0.519800 0.610200 0.537000 0.575900 0.204800 0.577000 0.278600 0.519800 0.543000 0.440000 0.434000 0.453400 0.681600 0.000000 0.253100 0.525600 0.204800 0.291700 0.361200 0.565100 0.681900 0.608500 0.436400 0.605900 0.636400 0.483300
WhiteLippe 0.450600 0.302400 0.398100 0.768200 0.357100 0.450600 0.520100 0.434200 0.287900 0.157900 0.313000 0.328800 0.566300 0.637500 0.544200 0.407700 0.408600 0.499200 0.438500 0.398100 0.502700 0.248400 0.154400 0.246600 0.313000 0.485200 0.475500 0.434200 0.374500 0.398100 0.157900 0.531600 0.352700 0.475500 0.361400 0.283900 0.393800 0.291000 0.485500 0.253100 0.000000 0.485200 0.157900 0.246600 0.324100 0.520600 0.372200 0.433000 0.527900 0.563200 0.329500 0.325800
ThomsonGaz 0.240200 0.567900 0.140900 0.620600 0.188100 0.240200 0.180700 0.138000 0.223400 0.566200 0.238400 0.176700 0.214600 0.291900 0.135100 0.068800 0.314200 0.388400 0.233900 0.140900 0.066300 0.280700 0.429000 0.655000 0.238400 0.000000 0.146700 0.138000 0.135500 0.140900 0.566200 0.219200 0.186200 0.146700 0.188700 0.142900 0.218600 0.227500 0.144100 0.525600 0.485200 0.000000 0.566200 0.655000 0.101600 0.138800 0.134600 0.099300 0.139800 0.228300 0.177000 0.176500
MuntiacusC 0.397200 0.518700 0.477500 0.905100 0.309300 0.397200 0.468700 0.512800 0.492900 0.000000 0.264400 0.537100 0.513800 0.582000 0.494800 0.488800 0.361100 0.451400 0.386300 0.477500 0.589000 0.321100 0.104600 0.199400 0.264400 0.566200 0.424500 0.512800 0.446800 0.477500 0.000000 0.478500 0.305500 0.424500 0.446700 0.352000 0.347300 0.365500 0.577700 0.204800 0.157900 0.566200 0.000000 0.199400 0.393100 0.469100 0.582600 0.511400 0.475400 0.508800 0.538200 0.395300
WhiteTaile 0.486000 0.612800 0.564500 0.730900 0.389600 0.486000 0.425500 0.598800 0.578500 0.199400 0.347300 0.623700 0.468600 0.529400 0.576400 0.577300 0.438000 0.527500 0.473100 0.564500 0.677600 0.401600 0.196200 0.000000 0.347300 0.655000 0.509000 0.598800 0.406600 0.564500 0.199400 0.433200 0.385100 0.509000 0.532100 0.430700 0.313800 0.444100 0.669700 0.291700 0.246600 0.655000 0.199400 0.000000 0.470800 0.422900 0.670200 0.466500 0.430800 0.594800 0.625100 0.473500
Cattle 0.204300 0.525900 0.107100 0.532500 0.073400 0.204300 0.183400 0.139700 0.189900 0.393100 0.116400 0.143700 0.217300 0.259000 0.213500 0.109700 0.191600 0.263400 0.199100 0.107100 0.180800 0.156800 0.272800 0.470800 0.116400 0.101600 0.149200 0.139700 0.103400 0.107100 0.393100 0.185300 0.072600 0.149200 0.154500 0.034800 0.185000 0.111100 0.152500 0.361200 0.324100 0.101600 0.393100 0.470800 0.000000 0.183700 0.179000 0.139300 0.106200 0.285900 0.143900 0.068500
RoyalAntel 0.162100 0.603600 0.146800 0.660400 0.114400 0.162100 0.145600 0.179500 0.234400 0.469100 0.161500 0.184400 0.179700 0.219700 0.101800 0.150500 0.238900 0.313100 0.157700 0.146800 0.142300 0.203700 0.462600 0.422900 0.161500 0.138800 0.111100 0.179500 0.222800 0.146800 0.469100 0.147000 0.197000 0.111100 0.114700 0.149500 0.147100 0.153800 0.238500 0.565100 0.520600 0.138800 0.469100 0.422900 0.183700 0.000000 0.220800 0.102900 0.146600 0.154000 0.184800 0.184200
Steenbok 0.245000 0.449600 0.143100 0.635900 0.192200 0.245000 0.183600 0.139900 0.145100 0.582600 0.244200 0.103400 0.217800 0.296800 0.214100 0.069700 0.322400 0.397400 0.238800 0.143100 0.137700 0.196100 0.575000 0.670200 0.244200 0.134600 0.149300 0.139900 0.137500 0.143100 0.582600 0.222800 0.278700 0.149300 0.110600 0.145600 0.311700 0.148400 0.146700 0.681900 0.372200 0.134600 0.582600 0.670200 0.179000 0.220800 0.000000 0.174700 0.222100 0.326400 0.103500 0.179600
Impala 0.198300 0.512400 0.104500 0.455800 0.149300 0.198300 0.103700 0.136500 0.184300 0.511400 0.197300 0.139800 0.136600 0.173900 0.133600 0.107000 0.273200 0.346400 0.193100 0.104500 0.101500 0.239100 0.505200 0.466500 0.197300 0.099300 0.145200 0.136500 0.102200 0.104500 0.511400 0.104500 0.231700 0.145200 0.149700 0.106200 0.104700 0.188200 0.187900 0.608500 0.433000 0.099300 0.511400 0.466500 0.139300 0.102900 0.174700 0.000000 0.104300 0.188700 0.140000 0.139700
Klipspring 0.163100 0.611300 0.147600 0.538100 0.115100 0.163100 0.070700 0.180400 0.236000 0.475400 0.162600 0.185500 0.104600 0.142000 0.177600 0.151300 0.240600 0.315400 0.158700 0.147600 0.224400 0.205200 0.340500 0.430800 0.162600 0.139800 0.111600 0.180400 0.144000 0.147600 0.475400 0.071300 0.113800 0.111600 0.115300 0.150400 0.149400 0.154700 0.240200 0.436400 0.527900 0.139800 0.475400 0.430800 0.106200 0.146600 0.222100 0.104300 0.000000 0.244100 0.185800 0.185300
ForestMusk 0.272400 0.501400 0.244700 0.560300 0.213100 0.272400 0.242000 0.277900 0.351100 0.508800 0.272700 0.287800 0.278200 0.324700 0.185800 0.250500 0.256400 0.333600 0.265300 0.244700 0.235200 0.322200 0.499700 0.594800 0.272700 0.228300 0.205500 0.277900 0.329600 0.244700 0.508800 0.245000 0.211200 0.205500 0.213800 0.250100 0.245200 0.258500 0.355700 0.605900 0.563200 0.228300 0.508800 0.594800 0.285900 0.154000 0.326400 0.188700 0.244100 0.000000 0.288300 0.287100
Bushbuck 0.205800 0.299400 0.034500 0.596800 0.155100 0.205800 0.184500 0.067500 0.035500 0.538200 0.205700 0.069100 0.139800 0.178300 0.214800 0.110300 0.194300 0.267100 0.200400 0.034500 0.181800 0.158600 0.529400 0.625100 0.205700 0.177000 0.150000 0.067500 0.181700 0.034700 0.538200 0.107200 0.241000 0.150000 0.074300 0.109900 0.274900 0.112300 0.194700 0.636400 0.329500 0.177000 0.538200 0.625100 0.143900 0.184800 0.103500 0.140000 0.185800 0.288300 0.000000 0.069400
GreaterKud 0.205100 0.405800 0.034500 0.535500 0.074900 0.205100 0.184000 0.067400 0.109600 0.395300 0.116800 0.144100 0.139500 0.177900 0.214100 0.110000 0.110700 0.180800 0.199800 0.034700 0.181300 0.157400 0.388100 0.473500 0.116800 0.176500 0.149700 0.067400 0.103600 0.034500 0.395300 0.107000 0.151900 0.149700 0.155100 0.034900 0.185600 0.111500 0.153000 0.483300 0.325800 0.176500 0.395300 0.473500 0.068500 0.184200 0.179600 0.139700 0.185300 0.287100 0.069400 0.000000
