1
52 1
Argali 0.000000 0.206000 0.028400 0.139000 0.028900 0.000000 0.048800 0.018900 0.028800 0.077500 0.019100 0.009300 0.028700 0.038700 0.049200 0.029000 0.038600 0.028600 0.048900 0.009400 0.028700 0.018700 0.067500 0.067500 0.009200 0.009400 0.038700 0.009300 0.028400 0.018900 0.057600 0.038700 0.078800 0.028700 0.009200 0.018900 0.009200 0.028000 0.028700 0.087600 0.077400 0.009200 0.077000 0.067500 0.028500 0.027900 0.029000 0.059200 0.038900 0.079100 0.009400 0.018900
LesserMous 0.206000 0.000000 0.242500 0.217800 0.223400 0.206000 0.247400 0.231500 0.208600 0.253700 0.234500 0.192300 0.220800 0.233700 0.212100 0.197500 0.183500 0.195000 0.261400 0.217300 0.233000 0.234500 0.241200 0.241200 0.220000 0.219600 0.234600 0.217200 0.237200 0.230800 0.254400 0.234600 0.232400 0.220800 0.220000 0.182200 0.220000 0.245800 0.233400 0.267800 0.253300 0.220500 0.251400 0.241200 0.193700 0.248900 0.197800 0.236200 0.236200 0.273000 0.217800 0.230800
LesserKudu 0.028400 0.242500 0.000000 0.173600 0.058800 0.028400 0.079100 0.047900 0.038500 0.107700 0.048400 0.037700 0.058400 0.068500 0.080100 0.058900 0.068100 0.057100 0.079300 0.018200 0.058200 0.048400 0.097400 0.097400 0.038300 0.038200 0.068800 0.018700 0.059400 0.027800 0.087600 0.068800 0.109800 0.058400 0.038300 0.047700 0.038300 0.058100 0.058100 0.118600 0.107500 0.038400 0.106500 0.097400 0.057400 0.038800 0.059000 0.090200 0.069200 0.109900 0.018800 0.028300
KillerWhal 0.139000 0.217800 0.173600 0.000000 0.154400 0.139000 0.177700 0.150700 0.140700 0.184700 0.141100 0.149600 0.177000 0.187500 0.143600 0.166300 0.117500 0.105500 0.165500 0.149900 0.151700 0.141100 0.173000 0.173000 0.151900 0.139500 0.190500 0.149800 0.167800 0.138600 0.185400 0.165500 0.188800 0.177000 0.151900 0.139500 0.151900 0.176300 0.140100 0.197800 0.184400 0.140100 0.183100 0.173000 0.150700 0.165700 0.142100 0.154100 0.166600 0.176500 0.150100 0.138600
DefassaWat 0.028900 0.223400 0.058800 0.154400 0.000000 0.028900 0.060000 0.048900 0.039400 0.110500 0.028100 0.038700 0.039200 0.049500 0.060700 0.060100 0.070000 0.059400 0.060200 0.038700 0.059400 0.029300 0.100000 0.100000 0.019300 0.039100 0.049600 0.038700 0.060600 0.048900 0.089600 0.049500 0.112500 0.039200 0.019300 0.029100 0.018700 0.018800 0.059400 0.121400 0.110300 0.039100 0.109700 0.100000 0.038900 0.039600 0.060300 0.092100 0.049800 0.113000 0.038800 0.048900
Sheep 0.000000 0.206000 0.028400 0.139000 0.028900 0.000000 0.048800 0.018900 0.028800 0.077500 0.019100 0.009300 0.028700 0.038700 0.049200 0.027900 0.038600 0.028600 0.048900 0.009400 0.028700 0.019100 0.067500 0.067500 0.009400 0.009400 0.037300 0.009300 0.029100 0.018900 0.057600 0.038700 0.078800 0.028700 0.009200 0.018900 0.009200 0.027900 0.028700 0.087600 0.077400 0.009400 0.077000 0.067500 0.028500 0.028900 0.027600 0.059200 0.038900 0.079100 0.009400 0.018900
MaxwellsDu 0.048800 0.247400 0.079100 0.177700 0.060000 0.048800 0.000000 0.069300 0.080400 0.088800 0.029300 0.058500 0.039200 0.049300 0.060500 0.060100 0.049100 0.059100 0.081000 0.058600 0.080300 0.029300 0.078600 0.078600 0.039100 0.059200 0.049500 0.058600 0.081900 0.069100 0.068400 0.029300 0.112000 0.039200 0.039100 0.069200 0.039100 0.059300 0.080000 0.098800 0.088700 0.059400 0.088200 0.078600 0.079300 0.081100 0.060200 0.070600 0.049800 0.134900 0.058700 0.069100
GazellaPrz 0.018900 0.231500 0.047900 0.150700 0.048900 0.018900 0.069300 0.000000 0.048600 0.098400 0.038700 0.028400 0.048600 0.058900 0.069900 0.028900 0.058700 0.048400 0.069400 0.028400 0.028600 0.038700 0.088200 0.088200 0.028700 0.009400 0.058900 0.028400 0.029100 0.028500 0.078000 0.058800 0.100000 0.048600 0.028700 0.038400 0.028700 0.048400 0.028600 0.108800 0.098200 0.009200 0.097700 0.088200 0.048100 0.048900 0.029000 0.059000 0.059200 0.100400 0.028500 0.028500
MountainNy 0.028800 0.208600 0.038500 0.140700 0.039400 0.028800 0.080400 0.048600 0.000000 0.109600 0.049200 0.038400 0.059300 0.069600 0.039800 0.059800 0.069400 0.058900 0.059800 0.019000 0.039000 0.049200 0.099200 0.099200 0.038900 0.038800 0.069900 0.019000 0.060300 0.028800 0.088900 0.069900 0.111400 0.059300 0.038900 0.028900 0.038900 0.059000 0.058900 0.120800 0.109500 0.038900 0.108800 0.099200 0.038600 0.059700 0.059900 0.091600 0.070300 0.090600 0.019000 0.028800
MuntiacusM 0.077500 0.253700 0.107700 0.184700 0.110500 0.077500 0.088800 0.098400 0.109600 0.000000 0.078400 0.087000 0.088600 0.099200 0.089900 0.089400 0.057700 0.067500 0.132200 0.087100 0.109500 0.078400 0.009200 0.009200 0.088300 0.088100 0.099500 0.087300 0.111600 0.097700 0.018600 0.078400 0.098900 0.088600 0.088300 0.097900 0.088300 0.109400 0.099000 0.037500 0.018100 0.088500 0.018400 0.009200 0.108000 0.110700 0.089500 0.100200 0.100000 0.120400 0.087500 0.097700
goat 0.019100 0.234500 0.048400 0.141100 0.028100 0.019100 0.029300 0.038700 0.049200 0.078400 0.000000 0.028700 0.029100 0.039100 0.049900 0.049500 0.039100 0.029000 0.049600 0.028700 0.049000 0.000000 0.068300 0.068300 0.009300 0.029000 0.039200 0.028700 0.050000 0.038700 0.058300 0.019300 0.101000 0.028200 0.009300 0.038800 0.009500 0.029000 0.049000 0.088600 0.078300 0.029000 0.077900 0.068300 0.048600 0.049400 0.049600 0.059900 0.019500 0.101500 0.028800 0.038700
AfricanBuf 0.009300 0.192300 0.037700 0.149600 0.038700 0.009300 0.058500 0.028400 0.038400 0.087000 0.028700 0.000000 0.038400 0.048300 0.059200 0.038800 0.048000 0.038000 0.058600 0.018600 0.038300 0.028700 0.077000 0.077000 0.018900 0.018800 0.048500 0.018700 0.039000 0.028200 0.067300 0.048500 0.088700 0.038400 0.018900 0.009200 0.018900 0.038300 0.038200 0.097500 0.086800 0.018900 0.086400 0.077000 0.018100 0.038700 0.038800 0.069300 0.048800 0.088700 0.018700 0.027500
Topi 0.028700 0.220800 0.058400 0.177000 0.039200 0.028700 0.039200 0.048600 0.059300 0.088600 0.029100 0.038400 0.000000 0.029100 0.060000 0.039200 0.049000 0.058900 0.059700 0.038500 0.059000 0.029100 0.078400 0.078400 0.019100 0.038800 0.009500 0.038500 0.060200 0.048500 0.068300 0.029100 0.090100 0.000000 0.019100 0.048700 0.019100 0.038800 0.059000 0.098900 0.088400 0.038800 0.088000 0.078400 0.058600 0.059600 0.039300 0.070100 0.049400 0.112200 0.038500 0.048500
CommonDuik 0.038700 0.233700 0.068500 0.187500 0.049500 0.038700 0.049300 0.058900 0.069600 0.099200 0.039100 0.048300 0.029100 0.000000 0.070800 0.049600 0.059200 0.069200 0.070100 0.048400 0.069500 0.039100 0.088800 0.088800 0.029000 0.048800 0.039200 0.048400 0.070900 0.058600 0.078600 0.039200 0.100900 0.029100 0.029000 0.058800 0.029000 0.049000 0.069200 0.109300 0.099000 0.049000 0.098500 0.088800 0.068700 0.070300 0.049700 0.081100 0.059900 0.123300 0.048500 0.058600
Suni 0.049200 0.212100 0.080100 0.143600 0.060700 0.049200 0.060500 0.069900 0.039800 0.089900 0.049900 0.059200 0.060000 0.070800 0.000000 0.060600 0.049800 0.059900 0.082200 0.059400 0.060100 0.047200 0.079600 0.079600 0.059900 0.059900 0.070800 0.059300 0.082700 0.069900 0.069400 0.049900 0.113500 0.060000 0.059900 0.049500 0.059900 0.080900 0.081000 0.100500 0.089800 0.060000 0.089200 0.079600 0.059600 0.081800 0.060800 0.050300 0.071300 0.114200 0.059400 0.069900
Springbuck 0.029000 0.197500 0.058900 0.166300 0.060100 0.027900 0.060100 0.028900 0.059800 0.089400 0.049500 0.038800 0.039200 0.049600 0.060600 0.000000 0.049400 0.059500 0.081400 0.038800 0.037200 0.049500 0.079100 0.079100 0.039100 0.019300 0.049600 0.038800 0.039800 0.038900 0.068900 0.049500 0.091000 0.039200 0.039100 0.049100 0.039100 0.059500 0.039000 0.099900 0.089300 0.019300 0.088800 0.079100 0.059100 0.060200 0.019500 0.049700 0.049900 0.113300 0.038900 0.038900
Okapi 0.038600 0.183500 0.068100 0.117500 0.070000 0.038600 0.049100 0.058700 0.069400 0.057700 0.039100 0.048000 0.049000 0.059200 0.049800 0.049400 0.000000 0.009300 0.091100 0.048100 0.069400 0.039100 0.047900 0.047900 0.048800 0.048700 0.059400 0.048300 0.070700 0.058300 0.058000 0.039100 0.059000 0.049000 0.048800 0.058400 0.048800 0.069300 0.059100 0.067900 0.057600 0.048900 0.057300 0.047900 0.068400 0.070100 0.049500 0.059800 0.059800 0.100800 0.048300 0.058300
Giraffe 0.028600 0.195000 0.057100 0.105500 0.059400 0.028600 0.059100 0.048400 0.058900 0.067500 0.029000 0.038000 0.058900 0.069200 0.059900 0.059500 0.009300 0.000000 0.080100 0.038100 0.058800 0.029000 0.057600 0.057600 0.038600 0.038500 0.069500 0.038200 0.060000 0.048000 0.067900 0.049000 0.069000 0.058900 0.038600 0.048200 0.038600 0.058700 0.048700 0.077700 0.067400 0.038700 0.067100 0.057600 0.058000 0.059400 0.059600 0.069900 0.049300 0.089700 0.038300 0.048000
TibetanAnt 0.048900 0.261400 0.079300 0.165500 0.060200 0.048900 0.081000 0.069400 0.059800 0.132200 0.049600 0.058600 0.059700 0.070100 0.082200 0.081400 0.091100 0.080100 0.000000 0.058800 0.059700 0.049600 0.121400 0.121400 0.039100 0.059300 0.070400 0.058700 0.082200 0.069200 0.110800 0.070400 0.134700 0.059700 0.039100 0.069400 0.039100 0.059500 0.080200 0.143200 0.132000 0.059600 0.131200 0.121400 0.079500 0.070400 0.081600 0.092200 0.070800 0.113000 0.058900 0.069200
Sitatunga 0.009400 0.217300 0.018200 0.149900 0.038700 0.009400 0.058600 0.028400 0.019000 0.087100 0.028700 0.018600 0.038500 0.048400 0.059400 0.038800 0.048100 0.038100 0.058800 0.000000 0.038400 0.028700 0.077000 0.077000 0.018900 0.018900 0.048600 0.000000 0.039100 0.009300 0.067300 0.048500 0.088800 0.038500 0.018900 0.027700 0.018900 0.038300 0.038300 0.097600 0.086900 0.019000 0.086500 0.077000 0.037900 0.038700 0.038900 0.069300 0.048900 0.088800 0.000000 0.009100
Oribi 0.028700 0.233000 0.058200 0.151700 0.059400 0.028700 0.080300 0.028600 0.039000 0.109500 0.049000 0.038300 0.059000 0.069500 0.060100 0.037200 0.069400 0.058800 0.059700 0.038400 0.000000 0.049000 0.099100 0.099100 0.038700 0.019000 0.070200 0.038400 0.039400 0.038500 0.088800 0.069500 0.111400 0.059000 0.038700 0.048500 0.038700 0.058800 0.038600 0.120300 0.109400 0.019100 0.108700 0.099100 0.058400 0.059400 0.039100 0.069700 0.070000 0.090500 0.038400 0.038500
BarbaryShe 0.018700 0.234500 0.048400 0.141100 0.029300 0.019100 0.029300 0.038700 0.049200 0.078400 0.000000 0.028700 0.029100 0.039100 0.047200 0.049500 0.039100 0.029000 0.049600 0.028700 0.049000 0.000000 0.068300 0.068300 0.009500 0.029000 0.039200 0.028700 0.050000 0.038700 0.058300 0.019300 0.101000 0.029100 0.009500 0.038800 0.009500 0.028200 0.049000 0.088600 0.078300 0.027900 0.077900 0.068300 0.048600 0.049400 0.049600 0.059900 0.019500 0.101500 0.028800 0.038700
Daviddeer 0.067500 0.241200 0.097400 0.173000 0.100000 0.067500 0.078600 0.088200 0.099200 0.009200 0.068300 0.077000 0.078400 0.088800 0.079600 0.079100 0.047900 0.057600 0.121400 0.077000 0.099100 0.068300 0.000000 0.000000 0.078100 0.078000 0.089200 0.077300 0.101000 0.087500 0.009300 0.068300 0.088600 0.078400 0.078100 0.087700 0.078100 0.099000 0.088700 0.028000 0.009000 0.078300 0.009200 0.000000 0.097700 0.100200 0.079300 0.089800 0.089700 0.109900 0.077400 0.087500
Reindeer 0.067500 0.241200 0.097400 0.173000 0.100000 0.067500 0.078600 0.088200 0.099200 0.009200 0.068300 0.077000 0.078400 0.088800 0.079600 0.079100 0.047900 0.057600 0.121400 0.077000 0.099100 0.068300 0.000000 0.000000 0.078100 0.078000 0.089200 0.077300 0.101000 0.087500 0.009300 0.068300 0.088600 0.078400 0.078100 0.087700 0.078100 0.099000 0.088700 0.026800 0.009200 0.078300 0.008900 0.000000 0.097700 0.100200 0.079300 0.089800 0.089700 0.109900 0.077400 0.087500
Ibex 0.009200 0.220000 0.038300 0.151900 0.019300 0.009400 0.039100 0.028700 0.038900 0.088300 0.009300 0.018900 0.019100 0.029000 0.059900 0.039100 0.048800 0.038600 0.039100 0.018900 0.038700 0.009500 0.078100 0.078100 0.000000 0.019100 0.029000 0.018900 0.039500 0.028600 0.068000 0.029000 0.089800 0.019100 0.000000 0.028700 0.000000 0.019100 0.038700 0.098600 0.088200 0.019100 0.087700 0.078100 0.038400 0.036700 0.039200 0.069900 0.029200 0.090200 0.019000 0.028600
GyrantGaze 0.009400 0.219600 0.038200 0.139500 0.039100 0.009400 0.059200 0.009400 0.038800 0.088100 0.029000 0.018800 0.038800 0.048800 0.059900 0.019300 0.048700 0.038500 0.059300 0.018900 0.019000 0.029000 0.078000 0.078000 0.019100 0.000000 0.049000 0.018900 0.019400 0.018900 0.067900 0.049000 0.089600 0.038800 0.019100 0.028600 0.019100 0.038700 0.019000 0.098000 0.088000 0.000000 0.087500 0.078000 0.038300 0.039100 0.019300 0.049100 0.049300 0.089900 0.018900 0.018900
Hartebeest 0.038700 0.234600 0.068800 0.190500 0.049600 0.037300 0.049500 0.058900 0.069900 0.099500 0.039200 0.048500 0.009500 0.039200 0.070800 0.049600 0.059400 0.069500 0.070400 0.048600 0.070200 0.039200 0.089200 0.089200 0.029000 0.049000 0.000000 0.048600 0.071000 0.058900 0.078900 0.039200 0.101300 0.009500 0.029000 0.059000 0.029000 0.049000 0.069700 0.110100 0.099400 0.049100 0.098800 0.089200 0.069000 0.070300 0.049700 0.081100 0.060000 0.123800 0.048700 0.058900
Bongo 0.009300 0.217200 0.018700 0.149800 0.038700 0.009300 0.058600 0.028400 0.019000 0.087300 0.028700 0.018700 0.038500 0.048400 0.059300 0.038800 0.048300 0.038200 0.058700 0.000000 0.038400 0.028700 0.077300 0.077300 0.018900 0.018900 0.048600 0.000000 0.039100 0.009300 0.067400 0.048500 0.088800 0.038500 0.018900 0.028400 0.018900 0.038300 0.038300 0.097900 0.087200 0.019000 0.086700 0.077300 0.038000 0.038700 0.038900 0.069300 0.048800 0.089100 0.000100 0.009300
Gerenuk 0.028400 0.237200 0.059400 0.167800 0.060600 0.029100 0.081900 0.029100 0.060300 0.111600 0.050000 0.039000 0.060200 0.070900 0.082700 0.039800 0.070700 0.060000 0.082200 0.039100 0.039400 0.050000 0.101000 0.101000 0.039500 0.019400 0.071000 0.039100 0.000000 0.039200 0.090500 0.070100 0.113700 0.060200 0.039500 0.049500 0.039500 0.060000 0.039300 0.122700 0.111500 0.018800 0.110800 0.101000 0.059600 0.060600 0.037600 0.071100 0.071400 0.102600 0.039200 0.039200
CommonElan 0.018900 0.230800 0.027800 0.138600 0.048900 0.018900 0.069100 0.028500 0.028800 0.097700 0.038700 0.028200 0.048500 0.058600 0.069900 0.038900 0.058300 0.048000 0.069200 0.009300 0.038500 0.038700 0.087500 0.087500 0.028600 0.018900 0.058900 0.009300 0.039200 0.000000 0.077700 0.058800 0.099600 0.048500 0.028600 0.038100 0.028600 0.048400 0.038400 0.108500 0.097500 0.019000 0.097000 0.087500 0.047800 0.048900 0.039000 0.069500 0.059200 0.100200 0.009400 0.000000
MuntiacusR 0.057600 0.254400 0.087600 0.185400 0.089600 0.057600 0.068400 0.078000 0.088900 0.018600 0.058300 0.067300 0.068300 0.078600 0.069400 0.068900 0.058000 0.067900 0.110800 0.067300 0.088800 0.058300 0.009300 0.009300 0.068000 0.067900 0.078900 0.067400 0.090500 0.077700 0.000000 0.058300 0.098800 0.068300 0.068000 0.077900 0.068000 0.088700 0.088600 0.037700 0.018600 0.068200 0.018500 0.009300 0.087800 0.089700 0.069000 0.079500 0.079300 0.121100 0.067400 0.077700
HarveysDui 0.038700 0.234600 0.068800 0.165500 0.049500 0.038700 0.029300 0.058800 0.069900 0.078400 0.019300 0.048500 0.029100 0.039200 0.049900 0.049500 0.039100 0.049000 0.070400 0.048500 0.069500 0.019300 0.068300 0.068300 0.029000 0.049000 0.039200 0.048500 0.070100 0.058800 0.058300 0.000000 0.101100 0.029100 0.029000 0.059000 0.029000 0.049000 0.069500 0.088700 0.078300 0.049000 0.077900 0.068300 0.069000 0.070200 0.049700 0.059900 0.039500 0.123700 0.048600 0.058800
Pronghorn 0.078800 0.232400 0.109800 0.188800 0.112500 0.078800 0.112000 0.100000 0.111400 0.098900 0.101000 0.088700 0.090100 0.100900 0.113500 0.091000 0.059000 0.069000 0.134700 0.088800 0.111400 0.101000 0.088600 0.088600 0.089800 0.089600 0.101300 0.088800 0.113700 0.099600 0.098800 0.101100 0.000000 0.090100 0.089800 0.099900 0.089800 0.111300 0.100700 0.109800 0.098700 0.090000 0.098300 0.088600 0.110100 0.112700 0.091200 0.124100 0.123900 0.122900 0.088900 0.099600
BlueWildeb 0.028700 0.220800 0.058400 0.177000 0.039200 0.028700 0.039200 0.048600 0.059300 0.088600 0.028200 0.038400 0.000000 0.029100 0.060000 0.039200 0.049000 0.058900 0.059700 0.038500 0.059000 0.029100 0.078400 0.078400 0.019100 0.038800 0.009500 0.038500 0.060200 0.048500 0.068300 0.029100 0.090100 0.000000 0.019100 0.048700 0.019100 0.038800 0.059000 0.098900 0.088400 0.038800 0.088000 0.078400 0.058600 0.059600 0.039300 0.070100 0.049400 0.112200 0.038500 0.048500
Gemsbok 0.009200 0.220000 0.038300 0.151900 0.019300 0.009200 0.039100 0.028700 0.038900 0.088300 0.009300 0.018900 0.019100 0.029000 0.059900 0.039100 0.048800 0.038600 0.039100 0.018900 0.038700 0.009500 0.078100 0.078100 0.000000 0.019100 0.029000 0.018900 0.039500 0.028600 0.068000 0.029000 0.089800 0.019100 0.000000 0.028700 0.000000 0.019100 0.038700 0.098600 0.088200 0.019100 0.087700 0.078100 0.038400 0.039000 0.039200 0.069900 0.029200 0.090200 0.019000 0.028600
Yak 0.018900 0.182200 0.047700 0.139500 0.029100 0.018900 0.069200 0.038400 0.028900 0.097900 0.038800 0.009200 0.048700 0.058800 0.049500 0.049100 0.058400 0.048200 0.069400 0.027700 0.048500 0.038800 0.087700 0.087700 0.028700 0.028600 0.059000 0.028400 0.049500 0.038100 0.077900 0.059000 0.099900 0.048700 0.028700 0.000000 0.028700 0.048500 0.048400 0.108700 0.097700 0.028800 0.097200 0.087700 0.009400 0.049000 0.049200 0.080200 0.059300 0.099900 0.028500 0.038100
BlueSheep 0.009200 0.220000 0.038300 0.151900 0.018700 0.009200 0.039100 0.028700 0.038900 0.088300 0.009500 0.018900 0.019100 0.029000 0.059900 0.039100 0.048800 0.038600 0.039100 0.018900 0.038700 0.009500 0.078100 0.078100 0.000000 0.019100 0.029000 0.018900 0.039500 0.028600 0.068000 0.029000 0.089800 0.019100 0.000000 0.028700 0.000000 0.018500 0.038700 0.098600 0.088200 0.018600 0.087700 0.078100 0.038400 0.039000 0.039200 0.069900 0.029200 0.090200 0.019000 0.028600
BohorReedb 0.028000 0.245800 0.058100 0.176300 0.018800 0.027900 0.059300 0.048400 0.059000 0.109400 0.029000 0.038300 0.038800 0.049000 0.080900 0.059500 0.069300 0.058700 0.059500 0.038300 0.058800 0.028200 0.099000 0.099000 0.019100 0.038700 0.049000 0.038300 0.060000 0.048400 0.088700 0.049000 0.111300 0.038800 0.019100 0.048500 0.018500 0.000000 0.058800 0.120100 0.109200 0.038700 0.108600 0.099000 0.058300 0.039100 0.059600 0.091100 0.049300 0.111800 0.038400 0.048400
KirksDik 0.028700 0.233400 0.058100 0.140100 0.059400 0.028700 0.080000 0.028600 0.058900 0.099000 0.049000 0.038200 0.059000 0.069200 0.081000 0.039000 0.059100 0.048700 0.080200 0.038300 0.038600 0.049000 0.088700 0.088700 0.038700 0.019000 0.069700 0.038300 0.039300 0.038400 0.088600 0.069500 0.100700 0.059000 0.038700 0.048400 0.038700 0.058800 0.000000 0.109200 0.098900 0.019100 0.098400 0.088700 0.058300 0.059500 0.039100 0.069800 0.070000 0.101000 0.038300 0.038400
RoeDeer 0.087600 0.267800 0.118600 0.197800 0.121400 0.087600 0.098800 0.108800 0.120800 0.037500 0.088600 0.097500 0.098900 0.109300 0.100500 0.099900 0.067900 0.077700 0.143200 0.097600 0.120300 0.088600 0.028000 0.026800 0.098600 0.098000 0.110100 0.097900 0.122700 0.108500 0.037700 0.088700 0.109800 0.098900 0.098600 0.108700 0.098600 0.120100 0.109200 0.000000 0.035700 0.098800 0.037000 0.028000 0.118900 0.121500 0.100000 0.110900 0.110800 0.131800 0.098100 0.108500
WhiteLippe 0.077400 0.253300 0.107500 0.184400 0.110300 0.077400 0.088700 0.098200 0.109500 0.018100 0.078300 0.086800 0.088400 0.099000 0.089800 0.089300 0.057600 0.067400 0.132000 0.086900 0.109400 0.078300 0.009000 0.009200 0.088200 0.088000 0.099400 0.087200 0.111500 0.097500 0.018600 0.078300 0.098700 0.088400 0.088200 0.097700 0.088200 0.109200 0.098900 0.035700 0.000000 0.088400 0.018300 0.009200 0.107800 0.110500 0.089400 0.100100 0.099900 0.120300 0.087400 0.097500
ThomsonGaz 0.009200 0.220500 0.038400 0.140100 0.039100 0.009400 0.059400 0.009200 0.038900 0.088500 0.029000 0.018900 0.038800 0.049000 0.060000 0.019300 0.048900 0.038700 0.059600 0.019000 0.019100 0.027900 0.078300 0.078300 0.019100 0.000000 0.049100 0.019000 0.018800 0.019000 0.068200 0.049000 0.090000 0.038800 0.019100 0.028800 0.018600 0.038700 0.019100 0.098800 0.088400 0.000000 0.087900 0.078300 0.038500 0.039100 0.019300 0.049200 0.049300 0.090300 0.019000 0.019000
MuntiacusC 0.077000 0.251400 0.106500 0.183100 0.109700 0.077000 0.088200 0.097700 0.108800 0.018400 0.077900 0.086400 0.088000 0.098500 0.089200 0.088800 0.057300 0.067100 0.131200 0.086500 0.108700 0.077900 0.009200 0.008900 0.087700 0.087500 0.098800 0.086700 0.110800 0.097000 0.018500 0.077900 0.098300 0.088000 0.087700 0.097200 0.087700 0.108600 0.098400 0.037000 0.018300 0.087900 0.000000 0.009200 0.107200 0.109900 0.088900 0.099600 0.099300 0.119600 0.086900 0.097000
WhiteTaile 0.067500 0.241200 0.097400 0.173000 0.100000 0.067500 0.078600 0.088200 0.099200 0.009200 0.068300 0.077000 0.078400 0.088800 0.079600 0.079100 0.047900 0.057600 0.121400 0.077000 0.099100 0.068300 0.000000 0.000000 0.078100 0.078000 0.089200 0.077300 0.101000 0.087500 0.009300 0.068300 0.088600 0.078400 0.078100 0.087700 0.078100 0.099000 0.088700 0.028000 0.009200 0.078300 0.009200 0.000000 0.097700 0.100200 0.079300 0.089800 0.089700 0.109900 0.077400 0.087500
Cattle 0.028500 0.193700 0.057400 0.150700 0.038900 0.028500 0.079300 0.048100 0.038600 0.108000 0.048600 0.018100 0.058600 0.068700 0.059600 0.059100 0.068400 0.058000 0.079500 0.037900 0.058400 0.048600 0.097700 0.097700 0.038400 0.038300 0.069000 0.038000 0.059600 0.047800 0.087800 0.069000 0.110100 0.058600 0.038400 0.009400 0.038400 0.058300 0.058300 0.118900 0.107800 0.038500 0.107200 0.097700 0.000000 0.059000 0.059200 0.090500 0.069400 0.110200 0.038000 0.047800
RoyalAntel 0.027900 0.248900 0.038800 0.165700 0.039600 0.028900 0.081100 0.048900 0.059700 0.110700 0.049400 0.038700 0.059600 0.070300 0.081800 0.060200 0.070100 0.059400 0.070400 0.038700 0.059400 0.049400 0.100200 0.100200 0.036700 0.039100 0.070300 0.038700 0.060600 0.048900 0.089700 0.070200 0.112700 0.059600 0.039000 0.049000 0.039000 0.039100 0.059500 0.121500 0.110500 0.039100 0.109900 0.100200 0.059000 0.000000 0.060300 0.081300 0.070600 0.113000 0.038800 0.048900
Steenbok 0.029000 0.197800 0.059000 0.142100 0.060300 0.027600 0.060200 0.029000 0.059900 0.089500 0.049600 0.038800 0.039300 0.049700 0.060800 0.019500 0.049500 0.059600 0.081600 0.038900 0.039100 0.049600 0.079300 0.079300 0.039200 0.019300 0.049700 0.038900 0.037600 0.039000 0.069000 0.049700 0.091200 0.039300 0.039200 0.049200 0.039200 0.059600 0.039100 0.100000 0.089400 0.019300 0.088900 0.079300 0.059200 0.060300 0.000000 0.049300 0.070900 0.113500 0.038900 0.039000
Impala 0.059200 0.236200 0.090200 0.154100 0.092100 0.059200 0.070600 0.059000 0.091600 0.100200 0.059900 0.069300 0.070100 0.081100 0.050300 0.049700 0.059800 0.069900 0.092200 0.069300 0.069700 0.059900 0.089800 0.089800 0.069900 0.049100 0.081100 0.069300 0.071100 0.069500 0.079500 0.059900 0.124100 0.070100 0.069900 0.080200 0.069900 0.091100 0.069800 0.110900 0.100100 0.049200 0.099600 0.089800 0.090500 0.081300 0.049300 0.000000 0.081500 0.147500 0.069400 0.069500
Klipspring 0.038900 0.236200 0.069200 0.166600 0.049800 0.038900 0.049800 0.059200 0.070300 0.100000 0.019500 0.048800 0.049400 0.059900 0.071300 0.049900 0.059800 0.049300 0.070800 0.048900 0.070000 0.019500 0.089700 0.089700 0.029200 0.049300 0.060000 0.048800 0.071400 0.059200 0.079300 0.039500 0.123900 0.049400 0.029200 0.059300 0.029200 0.049300 0.070000 0.110800 0.099900 0.049300 0.099300 0.089700 0.069400 0.070600 0.070900 0.081500 0.000000 0.124500 0.048900 0.059200
ForestMusk 0.079100 0.273000 0.109900 0.176500 0.113000 0.079100 0.134900 0.100400 0.090600 0.120400 0.101500 0.088700 0.112200 0.123300 0.114200 0.113300 0.100800 0.089700 0.113000 0.088800 0.090500 0.101500 0.109900 0.109900 0.090200 0.089900 0.123800 0.089100 0.102600 0.100200 0.121100 0.123700 0.122900 0.112200 0.090200 0.099900 0.090200 0.111800 0.101000 0.131800 0.120300 0.090300 0.119600 0.109900 0.110200 0.113000 0.113500 0.147500 0.124500 0.000000 0.089300 0.099700
Bushbuck 0.009400 0.217800 0.018800 0.150100 0.038800 0.009400 0.058700 0.028500 0.019000 0.087500 0.028800 0.018700 0.038500 0.048500 0.059400 0.038900 0.048300 0.038300 0.058900 0.000000 0.038400 0.028800 0.077400 0.077400 0.019000 0.018900 0.048700 0.000100 0.039200 0.009400 0.067400 0.048600 0.088900 0.038500 0.019000 0.028500 0.019000 0.038400 0.038300 0.098100 0.087400 0.019000 0.086900 0.077400 0.038000 0.038800 0.038900 0.069400 0.048900 0.089300 0.000000 0.009400
GreaterKud 0.018900 0.230800 0.028300 0.138600 0.048900 0.018900 0.069100 0.028500 0.028800 0.097700 0.038700 0.027500 0.048500 0.058600 0.069900 0.038900 0.058300 0.048000 0.069200 0.009100 0.038500 0.038700 0.087500 0.087500 0.028600 0.018900 0.058900 0.009300 0.039200 0.000000 0.077700 0.058800 0.099600 0.048500 0.028600 0.038100 0.028600 0.048400 0.038400 0.108500 0.097500 0.019000 0.097000 0.087500 0.047800 0.048900 0.039000 0.069500 0.059200 0.099700 0.009400 0.000000
