1
52 1
Argali 0.000000 0.079800 0.015800 0.078100 0.014000 0.001700 0.008700 0.008800 0.014000 0.035700 0.003500 0.017600 0.005200 0.010500 0.014000 0.015800 0.021700 0.021100 0.008800 0.012300 0.014000 0.003500 0.039600 0.032100 0.003500 0.010500 0.005200 0.014000 0.008700 0.015900 0.037500 0.010500 0.032000 0.003500 0.014100 0.020300 0.003500 0.007000 0.015900 0.030200 0.047700 0.012300 0.038000 0.030300 0.014000 0.012200 0.008700 0.014100 0.017500 0.021300 0.015800 0.012300
LesserMous 0.079800 0.000000 0.076700 0.076200 0.084300 0.077900 0.077800 0.082000 0.071000 0.076000 0.076000 0.078800 0.077900 0.083800 0.076400 0.086000 0.068000 0.064400 0.084100 0.072800 0.087500 0.079900 0.076200 0.074200 0.080000 0.083800 0.077900 0.073400 0.078000 0.077700 0.077900 0.087700 0.077400 0.076000 0.088000 0.082400 0.079800 0.076500 0.084500 0.072000 0.076700 0.085900 0.078400 0.076000 0.075400 0.081600 0.078500 0.076100 0.091600 0.072400 0.076700 0.072800
LesserKudu 0.015800 0.076700 0.000000 0.078900 0.027200 0.014000 0.024800 0.021200 0.005200 0.035800 0.015800 0.012300 0.017600 0.026600 0.021900 0.027100 0.023600 0.022900 0.021200 0.003500 0.026500 0.015800 0.039600 0.032200 0.015800 0.022900 0.017600 0.005200 0.017600 0.007000 0.037500 0.026500 0.033800 0.015800 0.023100 0.014000 0.015800 0.019900 0.028500 0.030300 0.047800 0.024800 0.038100 0.030300 0.008700 0.021100 0.021200 0.023100 0.030100 0.023100 0.007000 0.003500
KillerWhal 0.078100 0.076200 0.078900 0.000000 0.082200 0.076200 0.083300 0.077700 0.073800 0.078500 0.077700 0.079900 0.079600 0.088200 0.081600 0.083600 0.070700 0.066700 0.082400 0.074900 0.085000 0.078300 0.083200 0.076300 0.078400 0.077400 0.079500 0.076900 0.075600 0.080600 0.076500 0.085400 0.073700 0.077600 0.085700 0.079500 0.078200 0.079100 0.083800 0.074100 0.087600 0.079500 0.078100 0.078200 0.076200 0.079300 0.079500 0.073600 0.093200 0.070700 0.078900 0.074900
DefassaWat 0.014000 0.084300 0.027200 0.082200 0.000000 0.012300 0.019400 0.015900 0.025500 0.039900 0.010500 0.025300 0.012300 0.021200 0.020300 0.023000 0.029400 0.025100 0.019500 0.023600 0.021100 0.014100 0.043900 0.036300 0.014100 0.017600 0.012300 0.025400 0.015800 0.027200 0.041700 0.021200 0.038400 0.010500 0.021300 0.027200 0.014100 0.007000 0.023100 0.034400 0.053100 0.019400 0.042300 0.034400 0.021600 0.019400 0.015800 0.021700 0.024700 0.029000 0.027300 0.023600
Sheep 0.001700 0.077900 0.014000 0.076200 0.012300 0.000000 0.010500 0.007000 0.012300 0.033900 0.001700 0.015800 0.003500 0.012300 0.012300 0.014100 0.019800 0.019300 0.007000 0.010500 0.012200 0.001700 0.037800 0.030300 0.001700 0.008700 0.003500 0.012300 0.007000 0.014100 0.035700 0.012300 0.030200 0.001700 0.012300 0.018500 0.001700 0.005200 0.014100 0.028400 0.045800 0.010500 0.036200 0.028500 0.012300 0.010500 0.007000 0.012300 0.015800 0.019500 0.014000 0.010500
MaxwellsDu 0.008700 0.077800 0.024800 0.083300 0.019400 0.010500 0.000000 0.014100 0.023000 0.033900 0.008800 0.023000 0.010500 0.008800 0.019400 0.017600 0.019900 0.019300 0.017600 0.021200 0.019300 0.012300 0.037800 0.030300 0.012300 0.015800 0.010500 0.023000 0.014100 0.024800 0.035700 0.008700 0.035600 0.008800 0.019500 0.024800 0.012300 0.012300 0.021300 0.028400 0.045800 0.017600 0.036200 0.028500 0.019400 0.017600 0.014000 0.019500 0.022900 0.023100 0.024800 0.021200
GazellaPrz 0.008800 0.082000 0.021200 0.077700 0.015900 0.007000 0.014100 0.000000 0.019400 0.034000 0.005300 0.019400 0.007000 0.015900 0.015900 0.014100 0.023500 0.023000 0.014100 0.017600 0.012200 0.008800 0.037900 0.030400 0.008800 0.005200 0.007000 0.019400 0.007000 0.021300 0.035800 0.015800 0.035700 0.005200 0.012300 0.021200 0.008800 0.008800 0.017700 0.028500 0.045900 0.007000 0.036300 0.028600 0.015800 0.014100 0.010500 0.012400 0.019400 0.019500 0.021200 0.017600
MountainNy 0.014000 0.071000 0.005200 0.073800 0.025500 0.012300 0.023000 0.019400 0.000000 0.033900 0.014100 0.010500 0.015800 0.024800 0.020200 0.025300 0.021800 0.021100 0.019400 0.001700 0.024700 0.014000 0.037700 0.030300 0.014100 0.021100 0.015800 0.003500 0.015800 0.005200 0.035700 0.024700 0.031900 0.014000 0.021200 0.012300 0.014000 0.018200 0.026700 0.028400 0.045900 0.023000 0.036300 0.028500 0.007000 0.019300 0.019400 0.021200 0.028300 0.017700 0.005200 0.001700
MuntiacusM 0.035700 0.076000 0.035800 0.078500 0.039900 0.033900 0.033900 0.034000 0.033900 0.000000 0.032200 0.035700 0.034000 0.039500 0.039500 0.041400 0.027100 0.026600 0.041400 0.032100 0.041500 0.035800 0.012400 0.012400 0.035800 0.035800 0.033900 0.033900 0.034000 0.035800 0.001700 0.038000 0.035700 0.032100 0.039600 0.037500 0.035800 0.036200 0.045200 0.010500 0.019500 0.037600 0.003500 0.015900 0.032100 0.037500 0.035800 0.035900 0.046800 0.030400 0.035800 0.032100
goat 0.003500 0.076000 0.015800 0.077700 0.010500 0.001700 0.008800 0.005300 0.014100 0.032200 0.000000 0.014100 0.001700 0.010500 0.010500 0.012300 0.018100 0.017600 0.008800 0.012300 0.010500 0.003500 0.036000 0.028600 0.003500 0.007000 0.001700 0.014100 0.005200 0.015900 0.033900 0.010500 0.030200 0.000000 0.010600 0.015800 0.003500 0.003500 0.012300 0.026700 0.044000 0.008800 0.034400 0.026700 0.010500 0.008700 0.005200 0.010600 0.014000 0.017700 0.015800 0.012300
AfricanBuf 0.017600 0.078800 0.012300 0.079900 0.025300 0.015800 0.023000 0.019400 0.010500 0.035700 0.014100 0.000000 0.015800 0.024800 0.020000 0.025200 0.021700 0.021100 0.019400 0.008700 0.024700 0.017600 0.039600 0.032100 0.017600 0.021100 0.015800 0.010500 0.015800 0.012300 0.037500 0.024700 0.033800 0.014000 0.021200 0.012300 0.017600 0.018100 0.023100 0.030200 0.047800 0.023000 0.038100 0.030300 0.007000 0.019300 0.019400 0.021200 0.028300 0.017700 0.012300 0.008700
Topi 0.005200 0.077900 0.017600 0.079600 0.012300 0.003500 0.010500 0.007000 0.015800 0.034000 0.001700 0.015800 0.000000 0.012300 0.008800 0.014100 0.019900 0.019400 0.010500 0.014100 0.012200 0.005200 0.037800 0.030400 0.005200 0.008700 0.003500 0.015800 0.007000 0.017600 0.035700 0.012300 0.032000 0.001700 0.012300 0.017600 0.005200 0.005200 0.014100 0.028500 0.045900 0.010500 0.036300 0.028500 0.012300 0.010500 0.007000 0.012300 0.015800 0.019500 0.017600 0.014000
CommonDuik 0.010500 0.083800 0.026600 0.088200 0.021200 0.012300 0.008800 0.015900 0.024800 0.039500 0.010500 0.024800 0.012300 0.000000 0.021200 0.019400 0.025400 0.024700 0.019400 0.023000 0.021100 0.014100 0.043400 0.035900 0.014100 0.017600 0.012300 0.024800 0.015800 0.026600 0.041300 0.010500 0.041200 0.010500 0.021300 0.026600 0.014100 0.014100 0.021300 0.033900 0.051500 0.019400 0.041800 0.034000 0.021200 0.019400 0.015800 0.021300 0.024700 0.028600 0.026600 0.023000
Suni 0.014000 0.076400 0.021900 0.081600 0.020300 0.012300 0.019400 0.015900 0.020200 0.039500 0.010500 0.020000 0.008800 0.021200 0.000000 0.019400 0.025400 0.024700 0.019500 0.018200 0.021100 0.014100 0.043300 0.035800 0.014100 0.017600 0.012300 0.020100 0.015800 0.021900 0.041200 0.021200 0.037500 0.010500 0.021300 0.021900 0.014100 0.014800 0.023100 0.033900 0.051600 0.019400 0.041900 0.034000 0.016300 0.019400 0.015800 0.017700 0.025300 0.025200 0.022000 0.018300
Springbuck 0.015800 0.086000 0.027100 0.083600 0.023000 0.014100 0.017600 0.014100 0.025300 0.041400 0.012300 0.025200 0.014100 0.019400 0.019400 0.000000 0.027100 0.026600 0.021300 0.023400 0.019300 0.015900 0.045300 0.037800 0.015900 0.012300 0.014100 0.025300 0.010500 0.027100 0.043200 0.019400 0.043100 0.012300 0.023100 0.027100 0.015800 0.015900 0.024900 0.035800 0.053400 0.012300 0.043600 0.035900 0.021500 0.021200 0.017600 0.023100 0.026600 0.030400 0.027100 0.023400
Okapi 0.021700 0.068000 0.023600 0.070700 0.029400 0.019800 0.019900 0.023500 0.021800 0.027100 0.018100 0.021700 0.019900 0.025400 0.025400 0.027100 0.000000 0.008700 0.027300 0.019900 0.028800 0.021700 0.030900 0.021700 0.021700 0.025200 0.019900 0.021700 0.019900 0.023600 0.029600 0.025400 0.024700 0.018100 0.029100 0.023500 0.021700 0.022000 0.031000 0.019800 0.038700 0.027100 0.029200 0.019800 0.018100 0.023400 0.023500 0.025300 0.032900 0.018300 0.023600 0.019900
Giraffe 0.021100 0.064400 0.022900 0.066700 0.025100 0.019300 0.019300 0.023000 0.021100 0.026600 0.017600 0.021100 0.019400 0.024700 0.024700 0.026600 0.008700 0.000000 0.026600 0.019300 0.028200 0.021100 0.030300 0.021200 0.021200 0.024700 0.019300 0.021100 0.019400 0.022900 0.029100 0.024700 0.023100 0.017600 0.028400 0.022900 0.021100 0.017900 0.030300 0.019400 0.038100 0.026500 0.028700 0.019400 0.017500 0.022900 0.022900 0.024800 0.031900 0.017600 0.022900 0.019300
TibetanAnt 0.008800 0.084100 0.021200 0.082400 0.019500 0.007000 0.017600 0.014100 0.019400 0.041400 0.008800 0.019400 0.010500 0.019400 0.019500 0.021300 0.027300 0.026600 0.000000 0.017700 0.019400 0.008800 0.045400 0.037800 0.008800 0.015900 0.010500 0.019500 0.014100 0.021300 0.043200 0.019400 0.036300 0.008800 0.019500 0.024800 0.008800 0.012300 0.017700 0.035900 0.053700 0.017700 0.043900 0.035900 0.019400 0.017600 0.014100 0.019500 0.023000 0.026800 0.021200 0.017600
Sitatunga 0.012300 0.072800 0.003500 0.074900 0.023600 0.010500 0.021200 0.017600 0.001700 0.032100 0.012300 0.008700 0.014100 0.023000 0.018200 0.023400 0.019900 0.019300 0.017700 0.000000 0.022900 0.012300 0.035900 0.028500 0.012300 0.019400 0.014000 0.001700 0.014000 0.003500 0.033900 0.023000 0.030100 0.012300 0.019500 0.010500 0.012300 0.016300 0.024900 0.026600 0.044000 0.021200 0.034400 0.026700 0.005200 0.017600 0.017600 0.019500 0.026500 0.019500 0.003500 0.000000
Oribi 0.014000 0.087500 0.026500 0.085000 0.021100 0.012200 0.019300 0.012200 0.024700 0.041500 0.010500 0.024700 0.012200 0.021100 0.021100 0.019300 0.028800 0.028200 0.019400 0.022900 0.000000 0.014000 0.045400 0.037900 0.014000 0.013900 0.012200 0.024700 0.012200 0.026500 0.043200 0.017500 0.041000 0.010500 0.021200 0.026400 0.014000 0.014000 0.023000 0.035900 0.053500 0.015700 0.043700 0.036000 0.021100 0.019300 0.015800 0.021200 0.023600 0.028400 0.026500 0.022900
BarbaryShe 0.003500 0.079900 0.015800 0.078300 0.014100 0.001700 0.012300 0.008800 0.014000 0.035800 0.003500 0.017600 0.005200 0.014100 0.014100 0.015900 0.021700 0.021100 0.008800 0.012300 0.014000 0.000000 0.039600 0.032200 0.003500 0.010500 0.005200 0.014100 0.008700 0.015800 0.037600 0.014000 0.032000 0.003500 0.014100 0.019400 0.003500 0.007000 0.015900 0.030300 0.047700 0.012300 0.038100 0.030300 0.014000 0.012300 0.008700 0.014100 0.017600 0.021300 0.015800 0.012300
Daviddeer 0.039600 0.076200 0.039600 0.083200 0.043900 0.037800 0.037800 0.037900 0.037700 0.012400 0.036000 0.039600 0.037800 0.043400 0.043300 0.045300 0.030900 0.030300 0.045400 0.035900 0.045400 0.039600 0.000000 0.016000 0.039700 0.039600 0.037800 0.037800 0.037800 0.039700 0.014200 0.041900 0.043200 0.036000 0.043500 0.041400 0.039600 0.040200 0.047700 0.014200 0.014200 0.041500 0.014800 0.019600 0.035900 0.041400 0.038400 0.039800 0.050700 0.034200 0.039600 0.035900
Reindeer 0.032100 0.074200 0.032200 0.076300 0.036300 0.030300 0.030300 0.030400 0.030300 0.012400 0.028600 0.032100 0.030400 0.035900 0.035800 0.037800 0.021700 0.021200 0.037800 0.028500 0.037900 0.032200 0.016000 0.000000 0.032200 0.032200 0.030300 0.030300 0.030400 0.032200 0.014100 0.034400 0.033900 0.028500 0.036000 0.033900 0.032200 0.032700 0.041500 0.005300 0.025000 0.034000 0.014600 0.007000 0.028500 0.033900 0.032200 0.032300 0.043100 0.025000 0.032200 0.028500
Ibex 0.003500 0.080000 0.015800 0.078400 0.014100 0.001700 0.012300 0.008800 0.014100 0.035800 0.003500 0.017600 0.005200 0.014100 0.014100 0.015900 0.021700 0.021200 0.008800 0.012300 0.014000 0.003500 0.039700 0.032200 0.000000 0.010500 0.005200 0.014100 0.008800 0.015900 0.037600 0.012300 0.032000 0.003500 0.014100 0.019400 0.003500 0.007000 0.015900 0.030300 0.047700 0.012300 0.038100 0.030400 0.014000 0.012300 0.008800 0.014100 0.017600 0.021300 0.015800 0.012300
GyrantGaze 0.010500 0.083800 0.022900 0.077400 0.017600 0.008700 0.015800 0.005200 0.021100 0.035800 0.007000 0.021100 0.008700 0.017600 0.017600 0.012300 0.025200 0.024700 0.015900 0.019400 0.013900 0.010500 0.039600 0.032200 0.010500 0.000000 0.008700 0.021200 0.005200 0.023000 0.037500 0.017600 0.037400 0.007000 0.014100 0.022900 0.010500 0.010500 0.019500 0.030300 0.047600 0.005200 0.037900 0.030300 0.017600 0.015800 0.012300 0.014100 0.021100 0.021300 0.022900 0.019400
Hartebeest 0.005200 0.077900 0.017600 0.079500 0.012300 0.003500 0.010500 0.007000 0.015800 0.033900 0.001700 0.015800 0.003500 0.012300 0.012300 0.014100 0.019900 0.019300 0.010500 0.014000 0.012200 0.005200 0.037800 0.030300 0.005200 0.008700 0.000000 0.015800 0.007000 0.017600 0.035700 0.012300 0.032000 0.001700 0.012300 0.017600 0.005200 0.005200 0.014100 0.028500 0.045900 0.010500 0.036200 0.028500 0.012300 0.010500 0.007000 0.012300 0.015800 0.019500 0.017600 0.014000
Bongo 0.014000 0.073400 0.005200 0.076900 0.025400 0.012300 0.023000 0.019400 0.003500 0.033900 0.014100 0.010500 0.015800 0.024800 0.020100 0.025300 0.021700 0.021100 0.019500 0.001700 0.024700 0.014100 0.037800 0.030300 0.014100 0.021200 0.015800 0.000000 0.015800 0.005200 0.035700 0.024800 0.031900 0.014100 0.021300 0.012300 0.014000 0.018200 0.026700 0.028400 0.045900 0.023000 0.036300 0.028500 0.007000 0.019400 0.019400 0.021300 0.028300 0.021300 0.005200 0.001700
Gerenuk 0.008700 0.078000 0.017600 0.075600 0.015800 0.007000 0.014100 0.007000 0.015800 0.034000 0.005200 0.015800 0.007000 0.015800 0.015800 0.010500 0.019900 0.019400 0.014100 0.014000 0.012200 0.008700 0.037800 0.030400 0.008800 0.005200 0.007000 0.015800 0.000000 0.017600 0.035700 0.015800 0.032000 0.005200 0.015900 0.017600 0.008700 0.008800 0.017700 0.028500 0.045800 0.007000 0.036100 0.028500 0.012300 0.010500 0.010500 0.015900 0.019300 0.019500 0.017600 0.014000
CommonElan 0.015900 0.077700 0.007000 0.080600 0.027200 0.014100 0.024800 0.021300 0.005200 0.035800 0.015900 0.012300 0.017600 0.026600 0.021900 0.027100 0.023600 0.022900 0.021300 0.003500 0.026500 0.015800 0.039700 0.032200 0.015900 0.023000 0.017600 0.005200 0.017600 0.000000 0.037600 0.026600 0.033800 0.015900 0.023100 0.014500 0.015800 0.019900 0.028500 0.030300 0.047800 0.024800 0.038100 0.030400 0.008800 0.021200 0.021200 0.023100 0.030200 0.023100 0.007000 0.003500
MuntiacusR 0.037500 0.077900 0.037500 0.076500 0.041700 0.035700 0.035700 0.035800 0.035700 0.001700 0.033900 0.037500 0.035700 0.041300 0.041200 0.043200 0.029600 0.029100 0.043200 0.033900 0.043200 0.037600 0.014200 0.014100 0.037600 0.037500 0.035700 0.035700 0.035700 0.037600 0.000000 0.039800 0.037500 0.033900 0.041400 0.039300 0.037600 0.038100 0.047000 0.012300 0.021300 0.039400 0.005300 0.017700 0.033800 0.039300 0.037600 0.037700 0.048600 0.032200 0.037500 0.033900
HarveysDui 0.010500 0.087700 0.026500 0.085400 0.021200 0.012300 0.008700 0.015800 0.024700 0.038000 0.010500 0.024700 0.012300 0.010500 0.021200 0.019400 0.025400 0.024700 0.019400 0.023000 0.017500 0.014000 0.041900 0.034400 0.012300 0.017600 0.012300 0.024800 0.015800 0.026600 0.039800 0.000000 0.041100 0.010500 0.021200 0.026500 0.014000 0.015100 0.023000 0.032500 0.050100 0.019400 0.040300 0.032500 0.021100 0.019300 0.015800 0.021300 0.024700 0.028500 0.026600 0.022900
Pronghorn 0.032000 0.077400 0.033800 0.073700 0.038400 0.030200 0.035600 0.035700 0.031900 0.035700 0.030200 0.033800 0.032000 0.041200 0.037500 0.043100 0.024700 0.023100 0.036300 0.030100 0.041000 0.032000 0.043200 0.033900 0.032000 0.037400 0.032000 0.031900 0.032000 0.033800 0.037500 0.041100 0.000000 0.030200 0.041300 0.035600 0.032000 0.034700 0.043200 0.032000 0.053000 0.039300 0.039400 0.032100 0.030100 0.035600 0.035600 0.033900 0.041000 0.030300 0.033800 0.030100
BlueWildeb 0.003500 0.076000 0.015800 0.077600 0.010500 0.001700 0.008800 0.005200 0.014000 0.032100 0.000000 0.014000 0.001700 0.010500 0.010500 0.012300 0.018100 0.017600 0.008800 0.012300 0.010500 0.003500 0.036000 0.028500 0.003500 0.007000 0.001700 0.014100 0.005200 0.015900 0.033900 0.010500 0.030200 0.000000 0.010500 0.015800 0.003500 0.003500 0.012300 0.026700 0.044000 0.008700 0.034400 0.026700 0.010500 0.008700 0.005200 0.010600 0.014000 0.017700 0.015800 0.012300
Gemsbok 0.014100 0.088000 0.023100 0.085700 0.021300 0.012300 0.019500 0.012300 0.021200 0.039600 0.010600 0.021200 0.012300 0.021300 0.021300 0.023100 0.029100 0.028400 0.019500 0.019500 0.021200 0.014100 0.043500 0.036000 0.014100 0.014100 0.012300 0.021300 0.015900 0.023100 0.041400 0.021200 0.041300 0.010500 0.000000 0.023000 0.014100 0.014100 0.023100 0.034000 0.051700 0.015900 0.041900 0.034100 0.017700 0.019400 0.015900 0.017800 0.024800 0.025000 0.021300 0.019400
Yak 0.020300 0.082400 0.014000 0.079500 0.027200 0.018500 0.024800 0.021200 0.012300 0.037500 0.015800 0.012300 0.017600 0.026600 0.021900 0.027100 0.023500 0.022900 0.024800 0.010500 0.026400 0.019400 0.041400 0.033900 0.019400 0.022900 0.017600 0.012300 0.017600 0.014500 0.039300 0.026500 0.035600 0.015800 0.023000 0.000000 0.019400 0.019900 0.028500 0.032000 0.049700 0.024700 0.040000 0.032100 0.005200 0.021100 0.021200 0.021200 0.030100 0.023100 0.014000 0.010500
BlueSheep 0.003500 0.079800 0.015800 0.078200 0.014100 0.001700 0.012300 0.008800 0.014000 0.035800 0.003500 0.017600 0.005200 0.014100 0.014100 0.015800 0.021700 0.021100 0.008800 0.012300 0.014000 0.003500 0.039600 0.032200 0.003500 0.010500 0.005200 0.014000 0.008700 0.015800 0.037600 0.014000 0.032000 0.003500 0.014100 0.019400 0.000000 0.007000 0.015900 0.030300 0.047800 0.012300 0.038100 0.030300 0.014000 0.012300 0.008700 0.014100 0.017600 0.021300 0.015800 0.012300
BohorReedb 0.007000 0.076500 0.019900 0.079100 0.007000 0.005200 0.012300 0.008800 0.018200 0.036200 0.003500 0.018100 0.005200 0.014100 0.014800 0.015900 0.022000 0.017900 0.012300 0.016300 0.014000 0.007000 0.040200 0.032700 0.007000 0.010500 0.005200 0.018200 0.008800 0.019900 0.038100 0.015100 0.034700 0.003500 0.014100 0.019900 0.007000 0.000000 0.015900 0.030700 0.048300 0.012300 0.038600 0.030800 0.014400 0.012300 0.008800 0.014400 0.017600 0.021700 0.020000 0.016300
KirksDik 0.015900 0.084500 0.028500 0.083800 0.023100 0.014100 0.021300 0.017700 0.026700 0.045200 0.012300 0.023100 0.014100 0.021300 0.023100 0.024900 0.031000 0.030300 0.017700 0.024900 0.023000 0.015900 0.047700 0.041500 0.015900 0.019500 0.014100 0.026700 0.017700 0.028500 0.047000 0.023000 0.043200 0.012300 0.023100 0.028500 0.015900 0.015900 0.000000 0.039600 0.056000 0.021300 0.047600 0.039700 0.023000 0.021200 0.014100 0.023100 0.026600 0.030500 0.028500 0.024900
RoeDeer 0.030200 0.072000 0.030300 0.074100 0.034400 0.028400 0.028400 0.028500 0.028400 0.010500 0.026700 0.030200 0.028500 0.033900 0.033900 0.035800 0.019800 0.019400 0.035900 0.026600 0.035900 0.030300 0.014200 0.005300 0.030300 0.030300 0.028500 0.028400 0.028500 0.030300 0.012300 0.032500 0.032000 0.026700 0.034000 0.032000 0.030300 0.030700 0.039600 0.000000 0.023100 0.032100 0.012700 0.008800 0.026600 0.032000 0.030300 0.030400 0.041200 0.023100 0.030300 0.026600
WhiteLippe 0.047700 0.076700 0.047800 0.087600 0.053100 0.045800 0.045800 0.045900 0.045900 0.019500 0.044000 0.047800 0.045900 0.051500 0.051600 0.053400 0.038700 0.038100 0.053700 0.044000 0.053500 0.047700 0.014200 0.025000 0.047700 0.047600 0.045900 0.045900 0.045800 0.047800 0.021300 0.050100 0.053000 0.044000 0.051700 0.049700 0.047800 0.048300 0.056000 0.023100 0.000000 0.049500 0.022000 0.028600 0.044100 0.049400 0.046500 0.043900 0.058900 0.042300 0.047800 0.044000
ThomsonGaz 0.012300 0.085900 0.024800 0.079500 0.019400 0.010500 0.017600 0.007000 0.023000 0.037600 0.008800 0.023000 0.010500 0.019400 0.019400 0.012300 0.027100 0.026500 0.017700 0.021200 0.015700 0.012300 0.041500 0.034000 0.012300 0.005200 0.010500 0.023000 0.007000 0.024800 0.039400 0.019400 0.039300 0.008700 0.015900 0.024700 0.012300 0.012300 0.021300 0.032100 0.049500 0.000000 0.039800 0.032200 0.019400 0.017600 0.014100 0.015900 0.022900 0.023100 0.024800 0.021200
MuntiacusC 0.038000 0.078400 0.038100 0.078100 0.042300 0.036200 0.036200 0.036300 0.036300 0.003500 0.034400 0.038100 0.036300 0.041800 0.041900 0.043600 0.029200 0.028700 0.043900 0.034400 0.043700 0.038100 0.014800 0.014600 0.038100 0.037900 0.036200 0.036300 0.036100 0.038100 0.005300 0.040300 0.039400 0.034400 0.041900 0.040000 0.038100 0.038600 0.047600 0.012700 0.022000 0.039800 0.000000 0.018200 0.034400 0.039800 0.038100 0.038100 0.049200 0.032600 0.038100 0.034400
WhiteTaile 0.030300 0.076000 0.030300 0.078200 0.034400 0.028500 0.028500 0.028600 0.028500 0.015900 0.026700 0.030300 0.028500 0.034000 0.034000 0.035900 0.019800 0.019400 0.035900 0.026700 0.036000 0.030300 0.019600 0.007000 0.030400 0.030300 0.028500 0.028500 0.028500 0.030400 0.017700 0.032500 0.032100 0.026700 0.034100 0.032100 0.030300 0.030800 0.039700 0.008800 0.028600 0.032200 0.018200 0.000000 0.026700 0.032100 0.030300 0.030400 0.041300 0.023200 0.030300 0.026700
Cattle 0.014000 0.075400 0.008700 0.076200 0.021600 0.012300 0.019400 0.015800 0.007000 0.032100 0.010500 0.007000 0.012300 0.021200 0.016300 0.021500 0.018100 0.017500 0.019400 0.005200 0.021100 0.014000 0.035900 0.028500 0.014000 0.017600 0.012300 0.007000 0.012300 0.008800 0.033800 0.021100 0.030100 0.010500 0.017700 0.005200 0.014000 0.014400 0.023000 0.026600 0.044100 0.019400 0.034400 0.026700 0.000000 0.015800 0.015800 0.017700 0.024700 0.017700 0.008700 0.005200
RoyalAntel 0.012200 0.081600 0.021100 0.079300 0.019400 0.010500 0.017600 0.014100 0.019300 0.037500 0.008700 0.019300 0.010500 0.019400 0.019400 0.021200 0.023400 0.022900 0.017600 0.017600 0.019300 0.012300 0.041400 0.033900 0.012300 0.015800 0.010500 0.019400 0.010500 0.021200 0.039300 0.019300 0.035600 0.008700 0.019400 0.021100 0.012300 0.012300 0.021200 0.032000 0.049400 0.017600 0.039800 0.032100 0.015800 0.000000 0.010500 0.019400 0.022900 0.021300 0.021100 0.017600
Steenbok 0.008700 0.078500 0.021200 0.079500 0.015800 0.007000 0.014000 0.010500 0.019400 0.035800 0.005200 0.019400 0.007000 0.015800 0.015800 0.017600 0.023500 0.022900 0.014100 0.017600 0.015800 0.008700 0.038400 0.032200 0.008800 0.012300 0.007000 0.019400 0.010500 0.021200 0.037600 0.015800 0.035600 0.005200 0.015900 0.021200 0.008700 0.008800 0.014100 0.030300 0.046500 0.014100 0.038100 0.030300 0.015800 0.010500 0.000000 0.015900 0.019300 0.021300 0.021200 0.017600
Impala 0.014100 0.076100 0.023100 0.073600 0.021700 0.012300 0.019500 0.012400 0.021200 0.035900 0.010600 0.021200 0.012300 0.021300 0.017700 0.023100 0.025300 0.024800 0.019500 0.019500 0.021200 0.014100 0.039800 0.032300 0.014100 0.014100 0.012300 0.021300 0.015900 0.023100 0.037700 0.021300 0.033900 0.010600 0.017800 0.021200 0.014100 0.014400 0.023100 0.030400 0.043900 0.015900 0.038100 0.030400 0.017700 0.019400 0.015900 0.000000 0.024800 0.021400 0.023100 0.019400
Klipspring 0.017500 0.091600 0.030100 0.093200 0.024700 0.015800 0.022900 0.019400 0.028300 0.046800 0.014000 0.028300 0.015800 0.024700 0.025300 0.026600 0.032900 0.031900 0.023000 0.026500 0.023600 0.017600 0.050700 0.043100 0.017600 0.021100 0.015800 0.028300 0.019300 0.030200 0.048600 0.024700 0.041000 0.014000 0.024800 0.030100 0.017600 0.017600 0.026600 0.041200 0.058900 0.022900 0.049200 0.041300 0.024700 0.022900 0.019300 0.024800 0.000000 0.028500 0.030100 0.026500
ForestMusk 0.021300 0.072400 0.023100 0.070700 0.029000 0.019500 0.023100 0.019500 0.017700 0.030400 0.017700 0.017700 0.019500 0.028600 0.025200 0.030400 0.018300 0.017600 0.026800 0.019500 0.028400 0.021300 0.034200 0.025000 0.021300 0.021300 0.019500 0.021300 0.019500 0.023100 0.032200 0.028500 0.030300 0.017700 0.025000 0.023100 0.021300 0.021700 0.030500 0.023100 0.042300 0.023100 0.032600 0.023200 0.017700 0.021300 0.021300 0.021400 0.028500 0.000000 0.023100 0.019500
Bushbuck 0.015800 0.076700 0.007000 0.078900 0.027300 0.014000 0.024800 0.021200 0.005200 0.035800 0.015800 0.012300 0.017600 0.026600 0.022000 0.027100 0.023600 0.022900 0.021200 0.003500 0.026500 0.015800 0.039600 0.032200 0.015800 0.022900 0.017600 0.005200 0.017600 0.007000 0.037500 0.026600 0.033800 0.015800 0.021300 0.014000 0.015800 0.020000 0.028500 0.030300 0.047800 0.024800 0.038100 0.030300 0.008700 0.021100 0.021200 0.023100 0.030100 0.023100 0.000000 0.003500
GreaterKud 0.012300 0.072800 0.003500 0.074900 0.023600 0.010500 0.021200 0.017600 0.001700 0.032100 0.012300 0.008700 0.014000 0.023000 0.018300 0.023400 0.019900 0.019300 0.017600 0.000000 0.022900 0.012300 0.035900 0.028500 0.012300 0.019400 0.014000 0.001700 0.014000 0.003500 0.033900 0.022900 0.030100 0.012300 0.019400 0.010500 0.012300 0.016300 0.024900 0.026600 0.044000 0.021200 0.034400 0.026700 0.005200 0.017600 0.017600 0.019400 0.026500 0.019500 0.003500 0.000000
