1
52 1
Argali 0.000000 0.374000 0.073100 0.262200 0.030300 0.026400 0.035600 0.048300 0.068500 0.107100 0.013100 0.054100 0.030500 0.035400 0.035300 0.057500 0.068400 0.086500 0.030700 0.087100 0.063000 0.008700 0.088400 0.091400 0.008700 0.058400 0.021800 0.068700 0.062000 0.068800 0.112000 0.026600 0.110000 0.030800 0.039500 0.040500 0.008700 0.030500 0.077000 0.099300 0.102200 0.053600 0.106500 0.116600 0.040200 0.053700 0.044400 0.049000 0.049500 0.062100 0.078100 0.064000
LesserMous 0.374000 0.000000 0.388400 0.374300 0.402000 0.371500 0.347600 0.425300 0.388900 0.417800 0.366500 0.399200 0.365600 0.357800 0.394700 0.432600 0.363400 0.379700 0.378400 0.409500 0.430900 0.359600 0.398600 0.415400 0.359600 0.396500 0.369800 0.372000 0.420300 0.390500 0.425000 0.362300 0.443100 0.371900 0.391800 0.389200 0.359600 0.390100 0.453500 0.387200 0.394400 0.417500 0.424400 0.450300 0.378800 0.370300 0.396600 0.405400 0.397000 0.368900 0.396900 0.382900
LesserKudu 0.073100 0.388400 0.000000 0.314200 0.095400 0.082700 0.064100 0.110300 0.013400 0.143900 0.068200 0.068800 0.086300 0.073100 0.091900 0.100700 0.093400 0.111800 0.077500 0.022300 0.107300 0.063700 0.124600 0.132500 0.063600 0.102500 0.077400 0.013400 0.105500 0.013400 0.149000 0.054700 0.141600 0.087400 0.086600 0.054900 0.063600 0.086500 0.122200 0.122200 0.138700 0.097300 0.148700 0.164600 0.054500 0.082900 0.097000 0.082500 0.078300 0.100800 0.022500 0.008900
KillerWhal 0.262200 0.374300 0.314200 0.000000 0.274800 0.286300 0.287400 0.300700 0.308500 0.309700 0.280200 0.275600 0.276000 0.273800 0.285200 0.313000 0.263100 0.242200 0.280000 0.326300 0.321000 0.274400 0.290200 0.307500 0.274300 0.305900 0.277900 0.315200 0.332300 0.315900 0.315700 0.275500 0.287900 0.261700 0.289000 0.290200 0.274300 0.288600 0.332900 0.305600 0.269400 0.305500 0.315300 0.316200 0.287800 0.312600 0.280400 0.305800 0.307600 0.257600 0.321600 0.309200
DefassaWat 0.030300 0.402000 0.095400 0.274800 0.000000 0.039100 0.057500 0.060900 0.090600 0.129500 0.034700 0.066800 0.052000 0.057200 0.057000 0.065400 0.090700 0.108600 0.048000 0.109300 0.075800 0.030300 0.111100 0.108900 0.030300 0.066500 0.043400 0.091000 0.069900 0.091200 0.134600 0.048400 0.112800 0.043500 0.052100 0.062600 0.030300 0.017000 0.089700 0.118700 0.124800 0.057300 0.128900 0.134500 0.062200 0.075600 0.057100 0.070900 0.071600 0.074600 0.100500 0.086300
Sheep 0.026400 0.371500 0.082700 0.286300 0.039100 0.000000 0.044700 0.064900 0.078000 0.117000 0.021900 0.072800 0.039300 0.044400 0.044300 0.079200 0.077900 0.096000 0.030700 0.096800 0.070800 0.017500 0.098200 0.096200 0.017500 0.070800 0.030600 0.078200 0.074200 0.078300 0.122000 0.035600 0.119700 0.039800 0.039500 0.059000 0.017500 0.039400 0.085300 0.109000 0.112000 0.065900 0.116400 0.131700 0.058600 0.062900 0.051700 0.058200 0.058700 0.071300 0.087700 0.073500
MaxwellsDu 0.035600 0.347600 0.064100 0.287400 0.057500 0.044700 0.000000 0.071500 0.059200 0.117600 0.031000 0.054400 0.048700 0.026600 0.053700 0.071600 0.068800 0.087000 0.039900 0.077900 0.077600 0.026600 0.098800 0.101600 0.026600 0.063500 0.039900 0.059600 0.076300 0.059700 0.122500 0.008800 0.120500 0.049200 0.048800 0.040700 0.026600 0.048700 0.091900 0.106800 0.112700 0.068000 0.116900 0.137500 0.040400 0.044800 0.058500 0.058600 0.049800 0.071700 0.069000 0.054900
GazellaPrz 0.048300 0.425300 0.110300 0.300700 0.060900 0.064900 0.071500 0.000000 0.105400 0.145200 0.057300 0.090600 0.070300 0.071200 0.069500 0.060900 0.095700 0.123600 0.066200 0.124300 0.057200 0.052800 0.126400 0.123500 0.052800 0.061900 0.061600 0.105800 0.065300 0.106000 0.150300 0.062300 0.142900 0.066500 0.070500 0.076800 0.052800 0.065700 0.061600 0.133800 0.135300 0.057200 0.144500 0.149700 0.076300 0.090000 0.039000 0.085100 0.085900 0.098200 0.115500 0.101000
MountainNy 0.068500 0.388900 0.013400 0.308500 0.090600 0.078000 0.059200 0.105400 0.000000 0.128700 0.063600 0.064200 0.081500 0.068300 0.087100 0.095800 0.088700 0.107100 0.072700 0.017800 0.102500 0.059000 0.119800 0.127600 0.059000 0.097600 0.072600 0.009000 0.100900 0.009000 0.133800 0.049900 0.136900 0.082500 0.081800 0.050300 0.059000 0.081700 0.117200 0.127700 0.133900 0.092400 0.133500 0.159600 0.050000 0.077900 0.092100 0.087400 0.073500 0.096100 0.017900 0.004500
MuntiacusM 0.107100 0.417800 0.143900 0.309700 0.129500 0.117000 0.117600 0.145200 0.128700 0.000000 0.102000 0.122700 0.120300 0.116900 0.126500 0.145300 0.098400 0.107000 0.106000 0.148500 0.147700 0.097300 0.036200 0.081900 0.097200 0.137700 0.111200 0.139400 0.150700 0.139700 0.004400 0.107700 0.152100 0.121800 0.120700 0.113500 0.097200 0.120400 0.168900 0.058400 0.049700 0.132200 0.008700 0.106900 0.112700 0.122200 0.132000 0.132000 0.123000 0.120700 0.149600 0.134400
goat 0.013100 0.366500 0.068200 0.280200 0.034700 0.021900 0.031000 0.057300 0.063600 0.102000 0.000000 0.058600 0.026000 0.030800 0.039700 0.066500 0.063600 0.081600 0.026200 0.082100 0.062900 0.004300 0.083400 0.086500 0.004300 0.058400 0.017400 0.063800 0.062000 0.063900 0.106900 0.022100 0.114700 0.026300 0.035000 0.045000 0.004300 0.026000 0.076900 0.094200 0.097100 0.053600 0.101400 0.121400 0.044700 0.049000 0.044300 0.044400 0.044800 0.057400 0.073200 0.059200
AfricanBuf 0.054100 0.399200 0.068800 0.275600 0.066800 0.072800 0.054400 0.090600 0.064200 0.122700 0.058600 0.000000 0.076500 0.063400 0.072500 0.081200 0.064000 0.082200 0.063100 0.082900 0.097000 0.054100 0.103800 0.121700 0.054000 0.092300 0.067600 0.064300 0.095500 0.064500 0.127700 0.045100 0.100900 0.067900 0.076800 0.031600 0.054000 0.067200 0.111700 0.111700 0.117800 0.082500 0.132400 0.143000 0.031300 0.073000 0.077400 0.082200 0.073300 0.090700 0.073800 0.059700
Topi 0.030500 0.365600 0.086300 0.276000 0.052000 0.039300 0.048700 0.070300 0.081500 0.120300 0.026000 0.076500 0.000000 0.048400 0.048200 0.079600 0.081600 0.090100 0.039300 0.100100 0.076200 0.021700 0.101700 0.104500 0.021700 0.071600 0.017200 0.081900 0.075000 0.082100 0.125200 0.039600 0.132900 0.034800 0.052400 0.062900 0.021700 0.043400 0.090200 0.109500 0.105700 0.066800 0.119700 0.139900 0.062400 0.066800 0.048400 0.062100 0.062600 0.065900 0.091400 0.077200
CommonDuik 0.035400 0.357800 0.073100 0.273800 0.057200 0.044400 0.026600 0.071200 0.068300 0.116900 0.030800 0.063400 0.048400 0.000000 0.053400 0.071300 0.077800 0.086400 0.039700 0.087000 0.077200 0.026400 0.098200 0.091400 0.026400 0.072500 0.039700 0.068700 0.075900 0.068800 0.121800 0.017600 0.129700 0.048900 0.048500 0.049700 0.026400 0.048500 0.091400 0.106100 0.112100 0.067600 0.116300 0.136700 0.049400 0.053700 0.058200 0.058200 0.058700 0.062100 0.078100 0.064000
Suni 0.035300 0.394700 0.091900 0.285200 0.057000 0.044300 0.053700 0.069500 0.087100 0.126500 0.039700 0.072500 0.048200 0.053400 0.000000 0.078900 0.087200 0.095700 0.044100 0.105900 0.085000 0.035300 0.097800 0.110400 0.035200 0.080200 0.039500 0.087500 0.083200 0.087600 0.131400 0.044500 0.129300 0.057900 0.057400 0.058800 0.035200 0.057300 0.099600 0.115400 0.101900 0.075400 0.125800 0.136200 0.058400 0.071900 0.056000 0.058000 0.067900 0.066200 0.097100 0.082700
Springbuck 0.057500 0.432600 0.100700 0.313000 0.065400 0.079200 0.071600 0.060900 0.095800 0.145300 0.066500 0.081200 0.079600 0.071300 0.078900 0.000000 0.105500 0.123700 0.075500 0.114600 0.066500 0.062100 0.126400 0.138700 0.062000 0.043700 0.070800 0.096300 0.029900 0.096400 0.150300 0.062400 0.147800 0.080500 0.084400 0.067500 0.062000 0.065800 0.075600 0.133900 0.140400 0.039200 0.144600 0.149700 0.067100 0.090100 0.057100 0.080400 0.095600 0.107800 0.105900 0.091500
Okapi 0.068400 0.363400 0.093400 0.263100 0.090700 0.077900 0.068800 0.095700 0.088700 0.098400 0.063600 0.064000 0.081600 0.077800 0.087200 0.105500 0.000000 0.044600 0.072800 0.107800 0.112400 0.059000 0.079600 0.112500 0.059000 0.097600 0.072600 0.084100 0.110600 0.089100 0.103400 0.059400 0.096000 0.082600 0.081900 0.064500 0.059000 0.081700 0.117200 0.083100 0.093500 0.092400 0.107900 0.138700 0.054600 0.087600 0.082600 0.092400 0.078500 0.085900 0.098600 0.084100
Giraffe 0.086500 0.379700 0.111800 0.242200 0.108600 0.096000 0.087000 0.123600 0.107100 0.107000 0.081600 0.082200 0.090100 0.086400 0.095700 0.123700 0.044600 0.000000 0.086200 0.126300 0.130900 0.077000 0.088300 0.111100 0.077000 0.116000 0.081200 0.107400 0.128800 0.107600 0.112000 0.077500 0.104500 0.100700 0.099900 0.082700 0.077000 0.099700 0.141000 0.096300 0.092400 0.110700 0.116600 0.147100 0.082100 0.105900 0.091100 0.110600 0.096800 0.075600 0.107100 0.102500
TibetanAnt 0.030700 0.378400 0.077500 0.280000 0.048000 0.030700 0.039900 0.066200 0.072700 0.106000 0.026200 0.063100 0.039300 0.039700 0.044100 0.075500 0.072800 0.086200 0.000000 0.091300 0.062500 0.021900 0.092800 0.095700 0.021800 0.067500 0.030600 0.073000 0.070900 0.073200 0.110900 0.030900 0.119300 0.039700 0.043800 0.054000 0.021800 0.039300 0.086100 0.100700 0.101900 0.053200 0.105500 0.131000 0.053700 0.053400 0.048800 0.053300 0.053800 0.057400 0.082500 0.068400
Sitatunga 0.087100 0.409500 0.022300 0.326300 0.109300 0.096800 0.077900 0.124300 0.017800 0.148500 0.082100 0.082900 0.100100 0.087000 0.105900 0.114600 0.107800 0.126300 0.091300 0.000000 0.121700 0.077600 0.139600 0.147300 0.077500 0.116700 0.091100 0.026900 0.119700 0.017900 0.153700 0.068400 0.156500 0.101400 0.100500 0.068900 0.077500 0.100300 0.136700 0.136900 0.153800 0.111500 0.153300 0.179900 0.068400 0.096800 0.111100 0.096400 0.092300 0.114900 0.036000 0.022400
Oribi 0.063000 0.430900 0.107300 0.321000 0.075800 0.070800 0.077600 0.057200 0.102500 0.147700 0.062900 0.097000 0.076200 0.077200 0.085000 0.066500 0.112400 0.130900 0.062500 0.121700 0.000000 0.058400 0.133900 0.130700 0.058400 0.058300 0.067300 0.102800 0.061900 0.103000 0.152800 0.068100 0.155500 0.077100 0.076400 0.082900 0.058400 0.071500 0.067400 0.141300 0.151300 0.053600 0.147000 0.162600 0.082400 0.091600 0.044200 0.086500 0.092300 0.104800 0.112600 0.098000
BarbaryShe 0.008700 0.359600 0.063700 0.274400 0.030300 0.017500 0.026600 0.052800 0.059000 0.097300 0.004300 0.054100 0.021700 0.026400 0.035300 0.062100 0.059000 0.077000 0.021900 0.077600 0.058400 0.000000 0.078700 0.081900 0.000000 0.053900 0.013000 0.059200 0.057500 0.059300 0.102200 0.017600 0.110000 0.021900 0.030600 0.040500 0.000000 0.021700 0.072400 0.089600 0.092500 0.049100 0.096700 0.116700 0.040200 0.044500 0.039900 0.039900 0.040300 0.053000 0.068600 0.054600
Daviddeer 0.088400 0.398600 0.124600 0.290200 0.111100 0.098200 0.098800 0.126400 0.119800 0.036200 0.083400 0.103800 0.101700 0.098200 0.097800 0.126400 0.079600 0.088300 0.092800 0.139600 0.133900 0.078700 0.000000 0.063600 0.078700 0.118700 0.092600 0.120100 0.131700 0.120300 0.040800 0.089000 0.132800 0.103000 0.102100 0.094500 0.078700 0.101900 0.149400 0.040400 0.013300 0.113300 0.045300 0.088200 0.093800 0.108300 0.113100 0.103200 0.104100 0.102000 0.130200 0.115100
Reindeer 0.091400 0.415400 0.132500 0.307500 0.108900 0.096200 0.101600 0.123500 0.127600 0.081900 0.086500 0.121700 0.104500 0.091400 0.110400 0.138700 0.112500 0.111100 0.095700 0.147300 0.130700 0.081900 0.063600 0.000000 0.081800 0.131200 0.095600 0.127900 0.133600 0.128200 0.086700 0.092000 0.150700 0.105800 0.100100 0.107400 0.081800 0.104700 0.146000 0.076400 0.077100 0.125800 0.081600 0.058100 0.106600 0.111000 0.110100 0.115800 0.116900 0.095100 0.137900 0.123000
Ibex 0.008700 0.359600 0.063600 0.274300 0.030300 0.017500 0.026600 0.052800 0.059000 0.097200 0.004300 0.054000 0.021700 0.026400 0.035200 0.062000 0.059000 0.077000 0.021800 0.077500 0.058400 0.000000 0.078700 0.081800 0.000000 0.053800 0.013000 0.059200 0.057500 0.059300 0.102100 0.017600 0.110000 0.021900 0.030600 0.040400 0.000000 0.021700 0.072300 0.089500 0.092400 0.049100 0.096700 0.116600 0.040200 0.044500 0.039800 0.039900 0.040300 0.052900 0.068500 0.054600
GyrantGaze 0.058400 0.396500 0.102500 0.305900 0.066500 0.070800 0.063500 0.061900 0.097600 0.137700 0.058400 0.092300 0.071600 0.072500 0.080200 0.043700 0.097600 0.116000 0.067500 0.116700 0.058300 0.053900 0.118700 0.131200 0.053800 0.000000 0.062700 0.098000 0.048300 0.098200 0.142700 0.063500 0.150400 0.072400 0.076500 0.078300 0.053800 0.057700 0.072200 0.126300 0.132700 0.021900 0.137000 0.152400 0.077700 0.091700 0.048900 0.081900 0.087600 0.100000 0.107800 0.093200
Hartebeest 0.021800 0.369800 0.077400 0.277900 0.043400 0.030600 0.039900 0.061600 0.072600 0.111200 0.017400 0.067600 0.017200 0.039700 0.039500 0.070800 0.072600 0.081200 0.030600 0.091100 0.067300 0.013000 0.092600 0.095600 0.013000 0.062700 0.000000 0.072900 0.066200 0.073100 0.116100 0.030900 0.119300 0.026200 0.043700 0.054000 0.013000 0.034700 0.081300 0.100500 0.096700 0.058000 0.110600 0.130800 0.053600 0.058000 0.039600 0.053300 0.053800 0.057200 0.082300 0.068300
Bongo 0.068700 0.372000 0.013400 0.315200 0.091000 0.078200 0.059600 0.105800 0.009000 0.139400 0.063800 0.064300 0.081900 0.068700 0.087500 0.096300 0.084100 0.107400 0.073000 0.026900 0.102800 0.059200 0.120100 0.127900 0.059200 0.098000 0.072900 0.000000 0.101100 0.009000 0.144500 0.050200 0.137200 0.082900 0.082200 0.050500 0.059200 0.082000 0.117700 0.117200 0.134300 0.092900 0.144200 0.160000 0.045500 0.078400 0.092600 0.087800 0.073800 0.096400 0.018000 0.004500
Gerenuk 0.062000 0.420300 0.105500 0.332300 0.069900 0.074200 0.076300 0.065300 0.100900 0.150700 0.062000 0.095500 0.075000 0.075900 0.083200 0.029900 0.110600 0.128800 0.070900 0.119700 0.061900 0.057500 0.131700 0.133600 0.057500 0.048300 0.066200 0.101100 0.000000 0.101300 0.155800 0.067000 0.163200 0.075800 0.079800 0.081600 0.057500 0.061300 0.071000 0.139300 0.145600 0.043700 0.150000 0.165100 0.081000 0.094900 0.052600 0.075800 0.090900 0.103100 0.110700 0.096400
CommonElan 0.068800 0.390500 0.013400 0.315900 0.091200 0.078300 0.059700 0.106000 0.009000 0.139700 0.063900 0.064500 0.082100 0.068800 0.087600 0.096400 0.089100 0.107600 0.073200 0.017900 0.103000 0.059300 0.120300 0.128200 0.059300 0.098200 0.073100 0.009000 0.101300 0.000000 0.144800 0.050300 0.137400 0.083100 0.082300 0.050600 0.059300 0.082200 0.117900 0.128200 0.134500 0.093000 0.144500 0.160300 0.050200 0.078500 0.092800 0.087900 0.074000 0.096500 0.018000 0.004500
MuntiacusR 0.112000 0.425000 0.149000 0.315700 0.134600 0.122000 0.122500 0.150300 0.133800 0.004400 0.106900 0.127700 0.125200 0.121800 0.131400 0.150300 0.103400 0.112000 0.110900 0.153700 0.152800 0.102200 0.040800 0.086700 0.102100 0.142700 0.116100 0.144500 0.155800 0.144800 0.000000 0.112600 0.157200 0.126700 0.125600 0.118500 0.102100 0.125400 0.174100 0.063000 0.054300 0.137200 0.013100 0.111800 0.117600 0.127100 0.137000 0.137100 0.128000 0.125600 0.154900 0.139500
HarveysDui 0.026600 0.362300 0.054700 0.275500 0.048400 0.035600 0.008800 0.062300 0.049900 0.107700 0.022100 0.045100 0.039600 0.017600 0.044500 0.062400 0.059400 0.077500 0.030900 0.068400 0.068100 0.017600 0.089000 0.092000 0.017600 0.063500 0.030900 0.050200 0.067000 0.050300 0.112600 0.000000 0.110700 0.040100 0.039800 0.031500 0.017600 0.039700 0.082300 0.097000 0.102800 0.058700 0.107100 0.127400 0.031300 0.035700 0.049300 0.049300 0.040500 0.062400 0.059500 0.045600
Pronghorn 0.110000 0.443100 0.141600 0.287900 0.112800 0.119700 0.120500 0.142900 0.136900 0.152100 0.114700 0.100900 0.132900 0.129700 0.129300 0.147800 0.096000 0.104500 0.119300 0.156500 0.155500 0.110000 0.132800 0.150700 0.110000 0.150400 0.119300 0.137200 0.163200 0.137400 0.157200 0.110700 0.000000 0.124500 0.123500 0.106500 0.110000 0.123200 0.170900 0.140400 0.146900 0.140100 0.162100 0.167400 0.105700 0.144000 0.129600 0.144800 0.130800 0.117600 0.147200 0.132200
BlueWildeb 0.030800 0.371900 0.087400 0.261700 0.043500 0.039800 0.049200 0.066500 0.082500 0.121800 0.026300 0.067900 0.034800 0.048900 0.057900 0.080500 0.082600 0.100700 0.039700 0.101400 0.077100 0.021900 0.103000 0.105800 0.021900 0.072400 0.026200 0.082900 0.075800 0.083100 0.126700 0.040100 0.124500 0.000000 0.053000 0.063600 0.021900 0.034900 0.091300 0.110800 0.107000 0.063000 0.121200 0.141600 0.063200 0.067500 0.058100 0.062800 0.063400 0.066600 0.092400 0.078200
Gemsbok 0.039500 0.391800 0.086600 0.289000 0.052100 0.039500 0.048800 0.070500 0.081800 0.120700 0.035000 0.076800 0.052400 0.048500 0.057400 0.084400 0.081900 0.099900 0.043800 0.100500 0.076400 0.030600 0.102100 0.100100 0.030600 0.076500 0.043700 0.082200 0.079800 0.082300 0.125600 0.039800 0.123500 0.053000 0.000000 0.063100 0.030600 0.052500 0.081100 0.109900 0.115800 0.071600 0.120100 0.135400 0.062600 0.057700 0.057600 0.062200 0.062800 0.075200 0.091600 0.077500
Yak 0.040500 0.389200 0.054900 0.290200 0.062600 0.059000 0.040700 0.076800 0.050300 0.113500 0.045000 0.031600 0.062900 0.049700 0.058800 0.067500 0.064500 0.082700 0.054000 0.068900 0.082900 0.040500 0.094500 0.107400 0.040400 0.078300 0.054000 0.050500 0.081600 0.050600 0.118500 0.031500 0.106500 0.063600 0.063100 0.000000 0.040400 0.063000 0.097400 0.102600 0.108500 0.073300 0.123100 0.128300 0.008900 0.059200 0.073100 0.068300 0.059400 0.086400 0.059800 0.045800
BlueSheep 0.008700 0.359600 0.063600 0.274300 0.030300 0.017500 0.026600 0.052800 0.059000 0.097200 0.004300 0.054000 0.021700 0.026400 0.035200 0.062000 0.059000 0.077000 0.021800 0.077500 0.058400 0.000000 0.078700 0.081800 0.000000 0.053800 0.013000 0.059200 0.057500 0.059300 0.102100 0.017600 0.110000 0.021900 0.030600 0.040400 0.000000 0.021700 0.072300 0.089500 0.092400 0.049100 0.096700 0.116600 0.040200 0.044500 0.039800 0.039900 0.040300 0.052900 0.068500 0.054600
BohorReedb 0.030500 0.390100 0.086500 0.288600 0.017000 0.039400 0.048700 0.065700 0.081700 0.120400 0.026000 0.067200 0.043400 0.048500 0.057300 0.065800 0.081700 0.099700 0.039300 0.100300 0.071500 0.021700 0.101900 0.104700 0.021700 0.057700 0.034700 0.082000 0.061300 0.082200 0.125400 0.039700 0.123200 0.034900 0.052500 0.063000 0.021700 0.000000 0.085500 0.109700 0.115700 0.048500 0.119800 0.140100 0.062500 0.066800 0.052900 0.062100 0.062700 0.065900 0.091400 0.077300
KirksDik 0.077000 0.453500 0.122200 0.332900 0.089700 0.085300 0.091900 0.061600 0.117200 0.168900 0.076900 0.111700 0.090200 0.091400 0.099600 0.075600 0.117200 0.141000 0.086100 0.136700 0.067400 0.072400 0.149400 0.146000 0.072300 0.072200 0.081300 0.117700 0.071000 0.117900 0.174100 0.082300 0.170900 0.091300 0.081100 0.097400 0.072300 0.085500 0.000000 0.156700 0.163700 0.067400 0.168100 0.146900 0.096700 0.111000 0.048700 0.096100 0.097200 0.119100 0.127600 0.112700
RoeDeer 0.099300 0.387200 0.122200 0.305600 0.118700 0.109000 0.106800 0.133800 0.127700 0.058400 0.094200 0.111700 0.109500 0.106100 0.115400 0.133900 0.083100 0.096300 0.100700 0.136900 0.141300 0.089600 0.040400 0.076400 0.089500 0.126300 0.100500 0.117200 0.139300 0.128200 0.063000 0.097000 0.140400 0.110800 0.109900 0.102600 0.089500 0.109700 0.156700 0.000000 0.053800 0.121000 0.058200 0.091200 0.097100 0.116100 0.120700 0.110900 0.112000 0.109700 0.137900 0.123000
WhiteLippe 0.102200 0.394400 0.138700 0.269400 0.124800 0.112000 0.112700 0.135300 0.133900 0.049700 0.097100 0.117800 0.105700 0.112100 0.101900 0.140400 0.093500 0.092400 0.101900 0.153800 0.151300 0.092500 0.013300 0.077100 0.092400 0.132700 0.096700 0.134300 0.145600 0.134500 0.054300 0.102800 0.146900 0.107000 0.115800 0.108500 0.092400 0.115700 0.163700 0.053800 0.000000 0.127300 0.058900 0.101900 0.107700 0.122200 0.117100 0.117100 0.118100 0.106000 0.144500 0.129200
ThomsonGaz 0.053600 0.417500 0.097300 0.305500 0.057300 0.065900 0.068000 0.057200 0.092400 0.132200 0.053600 0.082500 0.066800 0.067600 0.075400 0.039200 0.092400 0.110700 0.053200 0.111500 0.053600 0.049100 0.113300 0.125800 0.049100 0.021900 0.058000 0.092900 0.043700 0.093000 0.137200 0.058700 0.140100 0.063000 0.071600 0.073300 0.049100 0.048500 0.067400 0.121000 0.127300 0.000000 0.131500 0.146900 0.072800 0.086700 0.044200 0.076900 0.082600 0.090300 0.102500 0.088100
MuntiacusC 0.106500 0.424400 0.148700 0.315300 0.128900 0.116400 0.116900 0.144500 0.133500 0.008700 0.101400 0.132400 0.119700 0.116300 0.125800 0.144600 0.107900 0.116600 0.105500 0.153300 0.147000 0.096700 0.045300 0.081600 0.096700 0.137000 0.110600 0.144200 0.150000 0.144500 0.013100 0.107100 0.162100 0.121200 0.120100 0.123100 0.096700 0.119800 0.168100 0.058200 0.058900 0.131500 0.000000 0.106500 0.122200 0.121500 0.131300 0.131400 0.132700 0.120300 0.154400 0.139200
WhiteTaile 0.116600 0.450300 0.164600 0.316200 0.134500 0.131700 0.137500 0.149700 0.159600 0.106900 0.121400 0.143000 0.139900 0.136700 0.136200 0.149700 0.138700 0.147100 0.131000 0.179900 0.162600 0.116700 0.088200 0.058100 0.116600 0.152400 0.130800 0.160000 0.165100 0.160300 0.111800 0.127400 0.167400 0.141600 0.135400 0.128300 0.116600 0.140100 0.146900 0.091200 0.101900 0.146900 0.106500 0.000000 0.127400 0.147300 0.136100 0.141400 0.143400 0.140200 0.170400 0.154900
Cattle 0.040200 0.378800 0.054500 0.287800 0.062200 0.058600 0.040400 0.076300 0.050000 0.112700 0.044700 0.031300 0.062400 0.049400 0.058400 0.067100 0.054600 0.082100 0.053700 0.068400 0.082400 0.040200 0.093800 0.106600 0.040200 0.077700 0.053600 0.045500 0.081000 0.050200 0.117600 0.031300 0.105700 0.063200 0.062600 0.008900 0.040200 0.062500 0.096700 0.097100 0.107700 0.072800 0.122200 0.127400 0.000000 0.058700 0.072600 0.067900 0.059000 0.085800 0.059400 0.045500
RoyalAntel 0.053700 0.370300 0.082900 0.312600 0.075600 0.062900 0.044800 0.090000 0.077900 0.122200 0.049000 0.073000 0.066800 0.053700 0.071900 0.090100 0.087600 0.105900 0.053400 0.096800 0.091600 0.044500 0.108300 0.111000 0.044500 0.091700 0.058000 0.078400 0.094900 0.078500 0.127100 0.035700 0.144000 0.067500 0.057700 0.059200 0.044500 0.066800 0.111000 0.116100 0.122200 0.086700 0.121500 0.147300 0.058700 0.000000 0.076900 0.077000 0.068300 0.085200 0.087800 0.073600
Steenbok 0.044400 0.396600 0.097000 0.280400 0.057100 0.051700 0.058500 0.039000 0.092100 0.132000 0.044300 0.077400 0.048400 0.058200 0.056000 0.057100 0.082600 0.091100 0.048800 0.111100 0.044200 0.039900 0.113100 0.110100 0.039800 0.048900 0.039600 0.092600 0.052600 0.092800 0.137000 0.049300 0.129600 0.058100 0.057600 0.073100 0.039800 0.052900 0.048700 0.120700 0.117100 0.044200 0.131300 0.136100 0.072600 0.076900 0.000000 0.072100 0.072700 0.075900 0.102200 0.087800
Impala 0.049000 0.405400 0.082500 0.305800 0.070900 0.058200 0.058600 0.085100 0.087400 0.132000 0.044400 0.082200 0.062100 0.058200 0.058000 0.080400 0.092400 0.110600 0.053300 0.096400 0.086500 0.039900 0.103200 0.115800 0.039900 0.081900 0.053300 0.087800 0.075800 0.087900 0.137100 0.049300 0.144800 0.062800 0.062200 0.068300 0.039900 0.062100 0.096100 0.110900 0.117100 0.076900 0.131400 0.141400 0.067900 0.077000 0.072100 0.000000 0.072900 0.088200 0.097300 0.083000
Klipspring 0.049500 0.397000 0.078300 0.307600 0.071600 0.058700 0.049800 0.085900 0.073500 0.123000 0.044800 0.073300 0.062600 0.058700 0.067900 0.095600 0.078500 0.096800 0.053800 0.092300 0.092300 0.040300 0.104100 0.116900 0.040300 0.087600 0.053800 0.073800 0.090900 0.074000 0.128000 0.040500 0.130800 0.063400 0.062800 0.059400 0.040300 0.062700 0.097200 0.112000 0.118100 0.082600 0.132700 0.143400 0.059000 0.068300 0.072700 0.072900 0.000000 0.090800 0.083400 0.069100
ForestMusk 0.062100 0.368900 0.100800 0.257600 0.074600 0.071300 0.071700 0.098200 0.096100 0.120700 0.057400 0.090700 0.065900 0.062100 0.066200 0.107800 0.085900 0.075600 0.057400 0.114900 0.104800 0.053000 0.102000 0.095100 0.052900 0.100000 0.057200 0.096400 0.103100 0.096500 0.125600 0.062400 0.117600 0.066600 0.075200 0.086400 0.052900 0.065900 0.119100 0.109700 0.106000 0.090300 0.120300 0.140200 0.085800 0.085200 0.075900 0.088200 0.090800 0.000000 0.105900 0.091600
Bushbuck 0.078100 0.396900 0.022500 0.321600 0.100500 0.087700 0.069000 0.115500 0.017900 0.149600 0.073200 0.073800 0.091400 0.078100 0.097100 0.105900 0.098600 0.107100 0.082500 0.036000 0.112600 0.068600 0.130200 0.137900 0.068500 0.107800 0.082300 0.018000 0.110700 0.018000 0.154900 0.059500 0.147200 0.092400 0.091600 0.059800 0.068500 0.091400 0.127600 0.137900 0.144500 0.102500 0.154400 0.170400 0.059400 0.087800 0.102200 0.097300 0.083400 0.105900 0.000000 0.013500
GreaterKud 0.064000 0.382900 0.008900 0.309200 0.086300 0.073500 0.054900 0.101000 0.004500 0.134400 0.059200 0.059700 0.077200 0.064000 0.082700 0.091500 0.084100 0.102500 0.068400 0.022400 0.098000 0.054600 0.115100 0.123000 0.054600 0.093200 0.068300 0.004500 0.096400 0.004500 0.139500 0.045600 0.132200 0.078200 0.077500 0.045800 0.054600 0.077300 0.112700 0.123000 0.129200 0.088100 0.139200 0.154900 0.045500 0.073600 0.087800 0.083000 0.069100 0.091600 0.013500 0.000000
