1
52 1
Argali 0.000000 0.098400 0.045700 0.166000 0.091900 0.030500 0.031300 0.112700 0.060800 0.095500 0.015100 0.015400 0.000000 0.030600 0.140000 0.046900 0.108900 0.076500 0.015100 0.047100 0.077200 0.029900 0.121300 0.075700 0.015500 0.047000 0.000000 0.030600 0.078000 0.045700 0.095500 0.046000 0.111000 0.014900 0.015000 0.046400 0.015300 0.061800 0.112600 0.060800 0.106200 0.092500 0.095500 0.060800 0.015400 0.112700 0.095900 0.047300 0.046700 0.079100 0.060600 0.030600
LesserMous 0.098400 0.000000 0.112100 0.168600 0.126900 0.133400 0.099000 0.150900 0.128000 0.097400 0.114400 0.081300 0.098400 0.097000 0.214500 0.115800 0.144700 0.110500 0.114700 0.080900 0.112600 0.130000 0.157200 0.109800 0.117200 0.081400 0.098400 0.096600 0.112900 0.112300 0.097400 0.113200 0.147600 0.114200 0.114400 0.114300 0.116000 0.130100 0.151000 0.094500 0.141700 0.128500 0.097400 0.094500 0.081300 0.114900 0.133100 0.116900 0.081000 0.114600 0.094100 0.096600
LesserKudu 0.045700 0.112100 0.000000 0.178700 0.073500 0.077300 0.045900 0.126200 0.043600 0.108800 0.060700 0.030200 0.045700 0.014700 0.153100 0.061300 0.121800 0.089700 0.060800 0.029900 0.059600 0.075500 0.133700 0.088900 0.062000 0.061300 0.045700 0.014600 0.091200 0.029400 0.108800 0.029500 0.091400 0.060600 0.060700 0.060600 0.061500 0.044400 0.126300 0.074300 0.119000 0.074300 0.108800 0.074300 0.030200 0.126400 0.109600 0.061900 0.061100 0.092800 0.043500 0.014700
KillerWhal 0.166000 0.168600 0.178700 0.000000 0.158300 0.165900 0.166800 0.221500 0.194800 0.111700 0.182300 0.148000 0.166000 0.163800 0.211300 0.184800 0.108200 0.141700 0.182300 0.147300 0.144900 0.197600 0.154800 0.107900 0.186400 0.148600 0.166000 0.163000 0.145000 0.179100 0.111700 0.180200 0.110400 0.181900 0.182300 0.181900 0.184400 0.162200 0.184800 0.092700 0.139700 0.196100 0.111700 0.092700 0.148000 0.223000 0.203000 0.186600 0.112600 0.111800 0.159300 0.163000
DefassaWat 0.091900 0.126900 0.073500 0.158300 0.000000 0.124500 0.092400 0.091800 0.119700 0.123200 0.106900 0.075900 0.091900 0.059300 0.167000 0.107900 0.072800 0.072700 0.075000 0.107800 0.074100 0.121600 0.147300 0.102800 0.109300 0.075900 0.091900 0.090200 0.105500 0.105000 0.123200 0.074200 0.105700 0.106700 0.106900 0.106800 0.108300 0.028800 0.107800 0.088400 0.132700 0.088200 0.123200 0.088400 0.075900 0.140900 0.124300 0.109100 0.075600 0.107300 0.088200 0.090200
Sheep 0.030500 0.133400 0.077300 0.165900 0.124500 0.000000 0.063400 0.147300 0.092600 0.095400 0.045500 0.046900 0.030700 0.062200 0.139900 0.079400 0.108800 0.076400 0.045700 0.079700 0.109800 0.060600 0.121200 0.075600 0.015500 0.079400 0.030500 0.062100 0.110100 0.077400 0.095400 0.077800 0.077900 0.045400 0.045500 0.078500 0.046100 0.094100 0.147300 0.060800 0.106200 0.125400 0.095400 0.060800 0.047100 0.147300 0.129900 0.080100 0.079100 0.112600 0.092300 0.062100
MaxwellsDu 0.031300 0.099000 0.045900 0.166800 0.092400 0.063400 0.000000 0.113200 0.061100 0.095900 0.046700 0.015500 0.031300 0.030800 0.140600 0.047100 0.109300 0.076800 0.046900 0.047300 0.077600 0.062200 0.121700 0.076000 0.047800 0.047100 0.031300 0.030800 0.077700 0.046000 0.095900 0.046200 0.111500 0.046400 0.046700 0.046600 0.047300 0.062100 0.113200 0.061100 0.106600 0.093000 0.095900 0.061100 0.015600 0.113200 0.096500 0.047600 0.047000 0.079500 0.060900 0.030800
GazellaPrz 0.112700 0.150900 0.126200 0.221500 0.091800 0.147300 0.113200 0.000000 0.141800 0.146400 0.128400 0.095700 0.112700 0.111000 0.155800 0.062500 0.142400 0.108700 0.111900 0.130000 0.092700 0.110400 0.137400 0.123700 0.131400 0.062500 0.112700 0.110900 0.061000 0.126400 0.146400 0.126900 0.162200 0.128100 0.128400 0.128100 0.096100 0.110200 0.128700 0.108700 0.122300 0.092500 0.146400 0.108700 0.095700 0.128700 0.111700 0.130900 0.095300 0.129400 0.108300 0.110900
MountainNy 0.060800 0.128000 0.043600 0.194800 0.119700 0.092600 0.061100 0.141800 0.000000 0.124400 0.075800 0.045200 0.060800 0.060000 0.168100 0.076500 0.137000 0.104800 0.076000 0.044900 0.074300 0.090500 0.148600 0.103700 0.077500 0.076500 0.060800 0.029400 0.106200 0.043700 0.124400 0.075000 0.139500 0.075600 0.075800 0.075700 0.076700 0.090400 0.141900 0.089200 0.133800 0.089000 0.124400 0.089200 0.045200 0.141900 0.108900 0.077200 0.076200 0.108200 0.057900 0.029400
MuntiacusM 0.095500 0.097400 0.108800 0.111700 0.123200 0.095400 0.095900 0.146400 0.124400 0.000000 0.111100 0.078800 0.095500 0.094100 0.208800 0.112300 0.108000 0.075800 0.111300 0.112100 0.109400 0.126200 0.088500 0.044200 0.113700 0.078900 0.095500 0.093700 0.077000 0.109000 0.000000 0.109900 0.061000 0.110900 0.111100 0.110900 0.112500 0.126100 0.146600 0.029600 0.073900 0.124900 0.000000 0.029600 0.078800 0.146800 0.129200 0.113600 0.062100 0.078500 0.091500 0.093700
goat 0.015100 0.114400 0.060700 0.182300 0.106900 0.045500 0.046700 0.128400 0.075800 0.111100 0.000000 0.030700 0.015000 0.045800 0.155400 0.062200 0.124200 0.091600 0.029900 0.062500 0.092500 0.044600 0.136300 0.090600 0.030500 0.062300 0.015000 0.045700 0.092600 0.029900 0.111100 0.061100 0.126500 0.029800 0.029800 0.061600 0.030200 0.076900 0.128400 0.075800 0.121300 0.108300 0.111100 0.075800 0.030700 0.111700 0.111500 0.062900 0.062100 0.094700 0.044500 0.045700
AfricanBuf 0.015400 0.081300 0.030200 0.148000 0.075900 0.046900 0.015500 0.095700 0.045200 0.078800 0.030700 0.000000 0.015500 0.015300 0.123300 0.031000 0.092500 0.060600 0.030800 0.031100 0.061300 0.046000 0.105100 0.060000 0.031400 0.031000 0.015400 0.015200 0.061400 0.030200 0.078800 0.030600 0.094300 0.030600 0.030700 0.030700 0.031100 0.045900 0.095600 0.045200 0.090200 0.076500 0.078800 0.045200 0.000000 0.095700 0.079100 0.031500 0.030900 0.062800 0.045000 0.015200
Topi 0.000000 0.098400 0.045700 0.166000 0.091900 0.030700 0.031300 0.112700 0.060800 0.095500 0.015000 0.015500 0.000000 0.030600 0.140000 0.047000 0.108900 0.076500 0.015000 0.047100 0.077200 0.029900 0.121300 0.075700 0.015500 0.046900 0.000000 0.030600 0.076900 0.045700 0.095500 0.046000 0.111000 0.015100 0.015000 0.046400 0.015200 0.061800 0.112600 0.060800 0.106200 0.092600 0.095500 0.060800 0.015400 0.112900 0.095900 0.047300 0.046700 0.079100 0.060600 0.030600
CommonDuik 0.030600 0.097000 0.014700 0.163800 0.059300 0.062200 0.030800 0.111000 0.060000 0.094100 0.045800 0.015300 0.030600 0.000000 0.138300 0.046300 0.107400 0.075400 0.045900 0.046400 0.076300 0.061000 0.119700 0.074700 0.046900 0.046300 0.030600 0.030200 0.076400 0.045100 0.094100 0.014800 0.076800 0.045600 0.045800 0.045800 0.046400 0.029900 0.111100 0.060000 0.104900 0.091400 0.094100 0.060000 0.015400 0.111200 0.094500 0.046700 0.046100 0.078100 0.059800 0.030200
Suni 0.140000 0.214500 0.153100 0.211300 0.167000 0.139900 0.140600 0.155800 0.168100 0.208800 0.155400 0.123300 0.140000 0.138300 0.000000 0.090800 0.186100 0.185100 0.155400 0.157100 0.120300 0.137400 0.197100 0.183700 0.124700 0.123000 0.140000 0.138100 0.120500 0.153300 0.208800 0.153600 0.189200 0.155100 0.155400 0.155000 0.157100 0.137400 0.156300 0.168700 0.182300 0.167600 0.208800 0.168700 0.123300 0.190900 0.173000 0.158500 0.156500 0.191800 0.168000 0.138100
Springbuck 0.046900 0.115800 0.061300 0.184800 0.107900 0.079400 0.047100 0.062500 0.076500 0.112300 0.062200 0.031000 0.047000 0.046300 0.090800 0.000000 0.125500 0.092400 0.062400 0.063200 0.061000 0.045900 0.105400 0.091500 0.063800 0.031200 0.047000 0.046200 0.030300 0.061400 0.112300 0.061700 0.128000 0.062200 0.062600 0.062300 0.063700 0.077700 0.095200 0.076600 0.090500 0.076100 0.112300 0.076600 0.031200 0.095300 0.078700 0.063600 0.062800 0.095800 0.076300 0.046200
Okapi 0.108900 0.144700 0.121800 0.108200 0.072800 0.108800 0.109300 0.142400 0.137000 0.108000 0.124200 0.092500 0.108900 0.107400 0.186100 0.125500 0.000000 0.028500 0.091200 0.125100 0.090500 0.139000 0.133200 0.088400 0.126800 0.092700 0.108900 0.106900 0.122800 0.122000 0.108000 0.122800 0.122800 0.124000 0.124200 0.123900 0.125700 0.106400 0.125500 0.073800 0.118600 0.104800 0.108000 0.073800 0.092500 0.159600 0.142300 0.126600 0.092300 0.091300 0.104600 0.106900
Giraffe 0.076500 0.110500 0.089700 0.141700 0.072700 0.076400 0.076800 0.108700 0.104800 0.075800 0.091600 0.060600 0.076500 0.075400 0.185100 0.092400 0.028500 0.000000 0.059900 0.092300 0.090200 0.106300 0.101600 0.057900 0.093600 0.060700 0.076500 0.075100 0.090300 0.089900 0.075800 0.090600 0.090300 0.091400 0.091500 0.091400 0.092700 0.106200 0.125100 0.043600 0.087200 0.073500 0.075800 0.043600 0.060600 0.125100 0.108600 0.093300 0.060500 0.091600 0.073400 0.075100
TibetanAnt 0.015100 0.114700 0.060800 0.182300 0.075000 0.045700 0.046900 0.111900 0.076000 0.111300 0.029900 0.030800 0.015000 0.045900 0.155400 0.062400 0.091200 0.059900 0.000000 0.062700 0.092600 0.044800 0.136400 0.090700 0.030600 0.062400 0.015100 0.045900 0.092800 0.060900 0.111300 0.061300 0.126700 0.029800 0.029900 0.061800 0.030500 0.077100 0.128600 0.076000 0.121300 0.075500 0.111300 0.076000 0.030800 0.128600 0.111800 0.063400 0.062200 0.094800 0.075700 0.045900
Sitatunga 0.047100 0.080900 0.029900 0.147300 0.107800 0.079700 0.047300 0.130000 0.044900 0.112100 0.062500 0.031100 0.047100 0.046400 0.157100 0.063200 0.125100 0.092300 0.062700 0.000000 0.061200 0.077700 0.137100 0.091300 0.064000 0.063200 0.047100 0.015100 0.093800 0.030200 0.112100 0.061900 0.127600 0.062400 0.062500 0.062400 0.063400 0.077600 0.130100 0.076400 0.122000 0.076400 0.112100 0.076400 0.031100 0.130200 0.112900 0.063800 0.062900 0.095600 0.044700 0.015200
Oribi 0.077200 0.112600 0.059600 0.144900 0.074100 0.109800 0.077600 0.092700 0.074300 0.109400 0.092500 0.061300 0.077200 0.076300 0.120300 0.061000 0.090500 0.090200 0.092600 0.061200 0.000000 0.107600 0.134600 0.089400 0.094400 0.030100 0.077200 0.044800 0.059700 0.059600 0.109400 0.091500 0.124800 0.092300 0.092500 0.092300 0.093600 0.075700 0.060600 0.074700 0.119900 0.043800 0.109400 0.074700 0.061300 0.093100 0.076700 0.094300 0.061100 0.093400 0.043900 0.044800
BarbaryShe 0.029900 0.130000 0.075500 0.197600 0.121600 0.060600 0.062200 0.110400 0.090500 0.126200 0.044600 0.046000 0.029900 0.061000 0.137400 0.045900 0.139000 0.106300 0.044800 0.077700 0.107600 0.000000 0.087200 0.105100 0.045600 0.077700 0.029900 0.060700 0.075900 0.075600 0.126200 0.076200 0.141600 0.044600 0.044600 0.076900 0.045300 0.091800 0.144200 0.090500 0.103900 0.122900 0.126200 0.090500 0.046000 0.144200 0.127300 0.078400 0.077400 0.109800 0.090100 0.060700
Daviddeer 0.121300 0.157200 0.133700 0.154800 0.147300 0.121200 0.121700 0.137400 0.148600 0.088500 0.136300 0.105100 0.121300 0.119700 0.197100 0.105400 0.133200 0.101600 0.136400 0.137100 0.134600 0.087200 0.000000 0.056200 0.138900 0.105400 0.121300 0.119200 0.072600 0.133900 0.088500 0.134800 0.103600 0.136100 0.136300 0.135900 0.137700 0.150400 0.171100 0.056700 0.013600 0.149400 0.088500 0.057000 0.105100 0.171300 0.154200 0.139000 0.105000 0.104900 0.116800 0.119200
Reindeer 0.075700 0.109800 0.088900 0.107900 0.102800 0.075600 0.076000 0.123700 0.103700 0.044200 0.090600 0.060000 0.075700 0.074700 0.183700 0.091500 0.088400 0.057900 0.090700 0.091300 0.089400 0.105100 0.056200 0.000000 0.092500 0.060100 0.075700 0.074300 0.058800 0.089000 0.044200 0.089600 0.059000 0.090500 0.090600 0.090500 0.091700 0.105000 0.123900 0.014200 0.042300 0.104200 0.044200 0.014200 0.060000 0.124100 0.107600 0.092500 0.059900 0.059800 0.072800 0.074300
Ibex 0.015500 0.117200 0.062000 0.186400 0.109300 0.015500 0.047800 0.131400 0.077500 0.113700 0.030500 0.031400 0.015500 0.046900 0.124700 0.063800 0.126800 0.093600 0.030600 0.064000 0.094400 0.045600 0.138900 0.092500 0.000000 0.063800 0.015300 0.046800 0.094700 0.062100 0.113700 0.062500 0.095400 0.030400 0.030500 0.063100 0.030900 0.078700 0.131300 0.077500 0.123600 0.110100 0.113700 0.077500 0.031400 0.131400 0.114100 0.064400 0.063500 0.096800 0.077100 0.046800
GyrantGaze 0.047000 0.081400 0.061300 0.148600 0.075900 0.079400 0.047100 0.062500 0.076500 0.078900 0.062300 0.031000 0.046900 0.046300 0.123000 0.031200 0.092700 0.060700 0.062400 0.063200 0.030100 0.077700 0.105400 0.060100 0.063800 0.000000 0.046700 0.046200 0.030100 0.061400 0.078900 0.061700 0.094400 0.062200 0.062600 0.062300 0.063700 0.077700 0.062500 0.045300 0.090500 0.045000 0.078900 0.045300 0.031000 0.062500 0.046500 0.063600 0.030900 0.062900 0.045100 0.046200
Hartebeest 0.000000 0.098400 0.045700 0.166000 0.091900 0.030500 0.031300 0.112700 0.060800 0.095500 0.015000 0.015400 0.000000 0.030600 0.140000 0.047000 0.108900 0.076500 0.015100 0.047100 0.077200 0.029900 0.121300 0.075700 0.015300 0.046700 0.000000 0.030600 0.077400 0.045700 0.095500 0.045900 0.111000 0.015100 0.015100 0.046400 0.015200 0.061800 0.112600 0.060800 0.106200 0.092600 0.095500 0.060800 0.015500 0.112700 0.095900 0.047300 0.046900 0.079100 0.060600 0.030600
Bongo 0.030600 0.096600 0.014600 0.163000 0.090200 0.062100 0.030800 0.110900 0.029400 0.093700 0.045700 0.015200 0.030600 0.030200 0.138100 0.046200 0.106900 0.075100 0.045900 0.015100 0.044800 0.060700 0.119200 0.074300 0.046800 0.046200 0.030600 0.000000 0.076300 0.014700 0.093700 0.045300 0.109000 0.045700 0.045700 0.045700 0.046300 0.060600 0.111000 0.059700 0.104400 0.059700 0.093700 0.059700 0.015200 0.111000 0.094400 0.046600 0.046000 0.077700 0.029100 0.000000
Gerenuk 0.078000 0.112900 0.091200 0.145000 0.105500 0.110100 0.077700 0.061000 0.106200 0.077000 0.092600 0.061400 0.076900 0.076400 0.120500 0.030300 0.122800 0.090300 0.092800 0.093800 0.059700 0.075900 0.072600 0.058800 0.094700 0.030100 0.077400 0.076300 0.000000 0.091300 0.077000 0.091600 0.092200 0.092500 0.092600 0.092500 0.093800 0.107900 0.093000 0.044200 0.058200 0.074400 0.077000 0.044200 0.061400 0.093100 0.076700 0.094500 0.061200 0.061400 0.074600 0.076300
CommonElan 0.045700 0.112300 0.029400 0.179100 0.105000 0.077400 0.046000 0.126400 0.043700 0.109000 0.029900 0.030200 0.045700 0.045100 0.153300 0.061400 0.122000 0.089900 0.060900 0.030200 0.059600 0.075600 0.133900 0.089000 0.062100 0.061400 0.045700 0.014700 0.091300 0.000000 0.109000 0.060100 0.124300 0.060700 0.060800 0.060700 0.061600 0.075500 0.126500 0.074500 0.119200 0.074400 0.109000 0.074500 0.030200 0.110100 0.109800 0.062000 0.061200 0.093000 0.014300 0.014800
MuntiacusR 0.095500 0.097400 0.108800 0.111700 0.123200 0.095400 0.095900 0.146400 0.124400 0.000000 0.111100 0.078800 0.095500 0.094100 0.208800 0.112300 0.108000 0.075800 0.111300 0.112100 0.109400 0.126200 0.088500 0.044200 0.113700 0.078900 0.095500 0.093700 0.077000 0.109000 0.000000 0.109900 0.061000 0.110900 0.111100 0.110900 0.112500 0.126100 0.146600 0.029600 0.073900 0.124900 0.000000 0.029600 0.078800 0.146800 0.129200 0.113600 0.062100 0.078500 0.091500 0.093700
HarveysDui 0.046000 0.113200 0.029500 0.180200 0.074200 0.077800 0.046200 0.126900 0.075000 0.109900 0.061100 0.030600 0.046000 0.014800 0.153600 0.061700 0.122800 0.090600 0.061300 0.061900 0.091500 0.076200 0.134800 0.089600 0.062500 0.061700 0.045900 0.045300 0.091600 0.060100 0.109900 0.000000 0.092200 0.061600 0.061100 0.061000 0.061900 0.044800 0.127000 0.075000 0.119900 0.106600 0.109900 0.075000 0.030400 0.127000 0.110300 0.062200 0.061400 0.093600 0.074700 0.045300
Pronghorn 0.111000 0.147600 0.091400 0.110400 0.105700 0.077900 0.111500 0.162200 0.139500 0.061000 0.126500 0.094300 0.111000 0.076800 0.189200 0.128000 0.122800 0.090300 0.126700 0.127600 0.124800 0.141600 0.103600 0.059000 0.095400 0.094400 0.111000 0.109000 0.092200 0.124300 0.061000 0.092200 0.000000 0.126300 0.126500 0.126300 0.128100 0.108200 0.162600 0.044400 0.089000 0.140200 0.061000 0.044400 0.094300 0.162800 0.145000 0.129200 0.061500 0.093500 0.106500 0.109000
BlueWildeb 0.014900 0.114200 0.060600 0.181900 0.106700 0.045400 0.046400 0.128100 0.075600 0.110900 0.029800 0.030600 0.015100 0.045600 0.155100 0.062200 0.124000 0.091400 0.029800 0.062400 0.092300 0.044600 0.136100 0.090500 0.030400 0.062200 0.015100 0.045700 0.092500 0.060700 0.110900 0.061600 0.126300 0.000000 0.029800 0.061500 0.030200 0.076800 0.128100 0.075700 0.121100 0.107500 0.110900 0.075700 0.030600 0.128200 0.111300 0.062800 0.062000 0.094500 0.075400 0.045700
Gemsbok 0.015000 0.114400 0.060700 0.182300 0.106900 0.045500 0.046700 0.128400 0.075800 0.111100 0.029800 0.030700 0.015000 0.045800 0.155400 0.062600 0.124200 0.091500 0.029900 0.062500 0.092500 0.044600 0.136300 0.090600 0.030500 0.062600 0.015100 0.045700 0.092600 0.060800 0.111100 0.061100 0.126500 0.029800 0.000000 0.061600 0.030700 0.076900 0.128400 0.075800 0.121200 0.107700 0.111100 0.075800 0.030600 0.127800 0.111500 0.063200 0.062100 0.094700 0.075500 0.045700
Yak 0.046400 0.114300 0.060600 0.181900 0.106800 0.078500 0.046600 0.128100 0.075700 0.110900 0.061600 0.030700 0.046400 0.045800 0.155000 0.062300 0.123900 0.091400 0.061800 0.062400 0.092300 0.076900 0.135900 0.090500 0.063100 0.062300 0.046400 0.045700 0.092500 0.060700 0.110900 0.061000 0.126300 0.061500 0.061600 0.000000 0.062500 0.076800 0.128200 0.075700 0.121000 0.107600 0.110900 0.075700 0.030700 0.128200 0.111300 0.062800 0.062000 0.094500 0.075400 0.045700
BlueSheep 0.015300 0.116000 0.061500 0.184400 0.108300 0.046100 0.047300 0.096100 0.076700 0.112500 0.030200 0.031100 0.015200 0.046400 0.157100 0.063700 0.125700 0.092700 0.030500 0.063400 0.093600 0.045300 0.137700 0.091700 0.030900 0.063700 0.015200 0.046300 0.093800 0.061600 0.112500 0.061900 0.128100 0.030200 0.030700 0.062500 0.000000 0.078000 0.130000 0.076700 0.122500 0.109100 0.112500 0.076700 0.031100 0.130000 0.113000 0.063700 0.062900 0.095800 0.076400 0.046300
BohorReedb 0.061800 0.130100 0.044400 0.162200 0.028800 0.094100 0.062100 0.110200 0.090400 0.126100 0.076900 0.045900 0.061800 0.029900 0.137400 0.077700 0.106400 0.106200 0.077100 0.077600 0.075700 0.091800 0.150400 0.105000 0.078700 0.077700 0.061800 0.060600 0.107900 0.075500 0.126100 0.044800 0.108200 0.076800 0.076900 0.076800 0.078000 0.000000 0.110300 0.090400 0.135500 0.122800 0.126100 0.090400 0.045900 0.144300 0.127100 0.078600 0.077400 0.109900 0.090100 0.060600
KirksDik 0.112600 0.151000 0.126300 0.184800 0.107800 0.147300 0.113200 0.128700 0.141900 0.146600 0.128400 0.095600 0.112600 0.111100 0.156300 0.095200 0.125500 0.125100 0.128600 0.130100 0.060600 0.144200 0.171100 0.123900 0.131300 0.062500 0.112600 0.111000 0.093000 0.126500 0.146600 0.127000 0.162600 0.128100 0.128400 0.128200 0.130000 0.110300 0.000000 0.108800 0.155800 0.108100 0.146600 0.108800 0.095600 0.129000 0.045500 0.131100 0.095400 0.129600 0.108400 0.111000
RoeDeer 0.060800 0.094500 0.074300 0.092700 0.088400 0.060800 0.061100 0.108700 0.089200 0.029600 0.075800 0.045200 0.060800 0.060000 0.168700 0.076600 0.073800 0.043600 0.076000 0.076400 0.074700 0.090500 0.056700 0.014200 0.077500 0.045300 0.060800 0.059700 0.044200 0.074500 0.029600 0.075000 0.044400 0.075700 0.075800 0.075700 0.076700 0.090400 0.108800 0.000000 0.042800 0.089600 0.029700 0.000000 0.045200 0.108900 0.092500 0.077400 0.045100 0.045000 0.058400 0.059700
WhiteLippe 0.106200 0.141700 0.119000 0.139700 0.132700 0.106200 0.106600 0.122300 0.133800 0.073900 0.121300 0.090200 0.106200 0.104900 0.182300 0.090500 0.118600 0.087200 0.121300 0.122000 0.119900 0.103900 0.013600 0.042300 0.123600 0.090500 0.106200 0.104400 0.058200 0.119200 0.073900 0.119900 0.089000 0.121100 0.121200 0.121000 0.122500 0.135500 0.155800 0.042800 0.000000 0.134700 0.074200 0.042600 0.090200 0.156000 0.138900 0.123800 0.090100 0.090100 0.102400 0.104400
ThomsonGaz 0.092500 0.128500 0.074300 0.196100 0.088200 0.125400 0.093000 0.092500 0.089000 0.124900 0.108300 0.076500 0.092600 0.091400 0.167600 0.076100 0.104800 0.073500 0.075500 0.076400 0.043800 0.122900 0.149400 0.104200 0.110100 0.045000 0.092600 0.059700 0.074400 0.074400 0.124900 0.106600 0.140200 0.107500 0.107700 0.107600 0.109100 0.122800 0.108100 0.089600 0.134700 0.000000 0.124900 0.089600 0.077200 0.108200 0.091900 0.109800 0.076300 0.108700 0.058400 0.059700
MuntiacusC 0.095500 0.097400 0.108800 0.111700 0.123200 0.095400 0.095900 0.146400 0.124400 0.000000 0.111100 0.078800 0.095500 0.094100 0.208800 0.112300 0.108000 0.075800 0.111300 0.112100 0.109400 0.126200 0.088500 0.044200 0.113700 0.078900 0.095500 0.093700 0.077000 0.109000 0.000000 0.109900 0.061000 0.110900 0.111100 0.110900 0.112500 0.126100 0.146600 0.029700 0.074200 0.124900 0.000000 0.029600 0.078800 0.146800 0.129200 0.113600 0.062100 0.078500 0.091500 0.093700
WhiteTaile 0.060800 0.094500 0.074300 0.092700 0.088400 0.060800 0.061100 0.108700 0.089200 0.029600 0.075800 0.045200 0.060800 0.060000 0.168700 0.076600 0.073800 0.043600 0.076000 0.076400 0.074700 0.090500 0.057000 0.014200 0.077500 0.045300 0.060800 0.059700 0.044200 0.074500 0.029600 0.075000 0.044400 0.075700 0.075800 0.075700 0.076700 0.090400 0.108800 0.000000 0.042600 0.089600 0.029600 0.000000 0.045200 0.108900 0.092500 0.077400 0.045100 0.045000 0.058400 0.059700
Cattle 0.015400 0.081300 0.030200 0.148000 0.075900 0.047100 0.015600 0.095700 0.045200 0.078800 0.030700 0.000000 0.015400 0.015400 0.123300 0.031200 0.092500 0.060600 0.030800 0.031100 0.061300 0.046000 0.105100 0.060000 0.031400 0.031000 0.015500 0.015200 0.061400 0.030200 0.078800 0.030400 0.094300 0.030600 0.030600 0.030700 0.031100 0.045900 0.095600 0.045200 0.090200 0.077200 0.078800 0.045200 0.000000 0.095700 0.079100 0.031300 0.030900 0.062800 0.045000 0.015200
RoyalAntel 0.112700 0.114900 0.126400 0.223000 0.140900 0.147300 0.113200 0.128700 0.141900 0.146800 0.111700 0.095700 0.112900 0.111200 0.190900 0.095300 0.159600 0.125100 0.128600 0.130200 0.093100 0.144200 0.171300 0.124100 0.131400 0.062500 0.112700 0.111000 0.093100 0.110100 0.146800 0.127000 0.162800 0.128200 0.127800 0.128200 0.130000 0.144300 0.129000 0.108900 0.156000 0.108200 0.146800 0.108900 0.095700 0.000000 0.111600 0.131200 0.095500 0.129800 0.092400 0.111000
Steenbok 0.095900 0.133100 0.109600 0.203000 0.124300 0.129900 0.096500 0.111700 0.108900 0.129200 0.111500 0.079100 0.095900 0.094500 0.173000 0.078700 0.142300 0.108600 0.111800 0.112900 0.076700 0.127300 0.154200 0.107600 0.114100 0.046500 0.095900 0.094400 0.076700 0.109800 0.129200 0.110300 0.145000 0.111300 0.111500 0.111300 0.113000 0.127100 0.045500 0.092500 0.138900 0.091900 0.129200 0.092500 0.079100 0.111600 0.000000 0.113700 0.078900 0.112400 0.092200 0.094400
Impala 0.047300 0.116900 0.061900 0.186600 0.109100 0.080100 0.047600 0.130900 0.077200 0.113600 0.062900 0.031500 0.047300 0.046700 0.158500 0.063600 0.126600 0.093300 0.063400 0.063800 0.094300 0.078400 0.139000 0.092500 0.064400 0.063600 0.047300 0.046600 0.094500 0.062000 0.113600 0.062200 0.129200 0.062800 0.063200 0.062800 0.063700 0.078600 0.131100 0.077400 0.123800 0.109800 0.113600 0.077400 0.031300 0.131200 0.113700 0.000000 0.063600 0.096700 0.077000 0.046600
Klipspring 0.046700 0.081000 0.061100 0.112600 0.075600 0.079100 0.047000 0.095300 0.076200 0.062100 0.062100 0.030900 0.046700 0.046100 0.156500 0.062800 0.092300 0.060500 0.062200 0.062900 0.061100 0.077400 0.105000 0.059900 0.063500 0.030900 0.046900 0.046000 0.061200 0.061200 0.062100 0.061400 0.061500 0.062000 0.062100 0.062000 0.062900 0.077400 0.095400 0.045100 0.090100 0.076300 0.062100 0.045100 0.030900 0.095500 0.078900 0.063600 0.000000 0.062600 0.044900 0.046000
ForestMusk 0.079100 0.114600 0.092800 0.111800 0.107300 0.112600 0.079500 0.129400 0.108200 0.078500 0.094700 0.062800 0.079100 0.078100 0.191800 0.095800 0.091300 0.091600 0.094800 0.095600 0.093400 0.109800 0.104900 0.059800 0.096800 0.062900 0.079100 0.077700 0.061400 0.093000 0.078500 0.093600 0.093500 0.094500 0.094700 0.094500 0.095800 0.109900 0.129600 0.045000 0.090100 0.108700 0.078500 0.045000 0.062800 0.129800 0.112400 0.096700 0.062600 0.000000 0.075900 0.077700
Bushbuck 0.060600 0.094100 0.043500 0.159300 0.088200 0.092300 0.060900 0.108300 0.057900 0.091500 0.044500 0.045000 0.060600 0.059800 0.168000 0.076300 0.104600 0.073400 0.075700 0.044700 0.043900 0.090100 0.116800 0.072800 0.077100 0.045100 0.060600 0.029100 0.074600 0.014300 0.091500 0.074700 0.106500 0.075400 0.075500 0.075400 0.076400 0.090100 0.108400 0.058400 0.102400 0.058400 0.091500 0.058400 0.045000 0.092400 0.092200 0.077000 0.044900 0.075900 0.000000 0.029600
GreaterKud 0.030600 0.096600 0.014700 0.163000 0.090200 0.062100 0.030800 0.110900 0.029400 0.093700 0.045700 0.015200 0.030600 0.030200 0.138100 0.046200 0.106900 0.075100 0.045900 0.015200 0.044800 0.060700 0.119200 0.074300 0.046800 0.046200 0.030600 0.000000 0.076300 0.014800 0.093700 0.045300 0.109000 0.045700 0.045700 0.045700 0.046300 0.060600 0.111000 0.059700 0.104400 0.059700 0.093700 0.059700 0.015200 0.111000 0.094400 0.046600 0.046000 0.077700 0.029600 0.000000
