1
52 1
Argali 0.000000 0.216300 0.044800 0.146600 0.033300 0.008100 0.027800 0.039000 0.036300 0.074200 0.013700 0.047600 0.045100 0.036500 0.045000 0.065500 0.053800 0.044900 0.024900 0.036100 0.056600 0.010900 0.059400 0.065500 0.013600 0.062200 0.048300 0.041900 0.065200 0.039000 0.074100 0.039300 0.071400 0.045200 0.024800 0.039100 0.019100 0.033500 0.053400 0.053700 0.074200 0.062100 0.074200 0.053600 0.036300 0.041700 0.047500 0.036200 0.022100 0.050600 0.047700 0.041800
LesserMous 0.216300 0.000000 0.223900 0.170600 0.235600 0.204800 0.230600 0.247500 0.217100 0.227400 0.221400 0.223600 0.246400 0.235000 0.252100 0.246100 0.222100 0.211400 0.210700 0.220300 0.255900 0.225800 0.215300 0.224900 0.220600 0.242400 0.256500 0.228200 0.258000 0.216500 0.225400 0.238400 0.219700 0.251700 0.224700 0.217100 0.212700 0.229100 0.227000 0.215900 0.223900 0.245900 0.225900 0.219100 0.206300 0.237900 0.227300 0.222100 0.241500 0.218500 0.217000 0.228200
LesserKudu 0.044800 0.223900 0.000000 0.143500 0.042200 0.047600 0.039500 0.062800 0.019300 0.068300 0.047900 0.053400 0.057100 0.048400 0.057100 0.071800 0.066100 0.057000 0.045100 0.024800 0.068900 0.042200 0.053600 0.062600 0.047700 0.068500 0.060500 0.024900 0.071500 0.022100 0.068200 0.051300 0.077500 0.057400 0.036300 0.039200 0.050600 0.042400 0.065500 0.047900 0.068300 0.068300 0.068300 0.059600 0.036400 0.053600 0.053600 0.047900 0.042400 0.056500 0.030500 0.024900
KillerWhal 0.146600 0.170600 0.143500 0.000000 0.153600 0.136500 0.158300 0.165000 0.140500 0.162800 0.136900 0.170400 0.169300 0.155300 0.178700 0.179500 0.142300 0.131700 0.141000 0.139900 0.175900 0.147000 0.138400 0.156800 0.136400 0.171700 0.177600 0.150500 0.189400 0.140100 0.162600 0.165300 0.152800 0.173600 0.150600 0.154100 0.136800 0.147800 0.160400 0.146400 0.155200 0.174800 0.162800 0.146300 0.144200 0.163200 0.166800 0.156900 0.156500 0.151500 0.140400 0.150600
DefassaWat 0.033300 0.235600 0.042200 0.153600 0.000000 0.036100 0.027900 0.050700 0.033600 0.065400 0.036300 0.050800 0.045400 0.036500 0.050800 0.065500 0.063200 0.054100 0.036400 0.036400 0.053700 0.033600 0.056500 0.062600 0.036200 0.062200 0.048600 0.039300 0.065200 0.033600 0.068200 0.033600 0.080500 0.045500 0.025000 0.036500 0.036200 0.011000 0.053500 0.047900 0.071300 0.062100 0.068300 0.062600 0.033700 0.047500 0.047600 0.036200 0.036400 0.053500 0.042200 0.033600
Sheep 0.008100 0.204800 0.047600 0.136500 0.036100 0.000000 0.030600 0.041800 0.039100 0.071200 0.016400 0.050400 0.047900 0.039300 0.047800 0.068400 0.050800 0.042000 0.027600 0.038900 0.059500 0.013700 0.056400 0.062500 0.016400 0.059200 0.051100 0.044800 0.068000 0.041800 0.071000 0.042100 0.068300 0.048100 0.027600 0.041900 0.016400 0.036300 0.056200 0.050700 0.071100 0.059000 0.071100 0.050600 0.039100 0.038800 0.050300 0.039000 0.024900 0.047600 0.050500 0.044700
MaxwellsDu 0.027800 0.230600 0.039500 0.158300 0.027900 0.030600 0.000000 0.045100 0.031000 0.068800 0.030800 0.048100 0.039800 0.019500 0.045400 0.059900 0.066600 0.057400 0.036700 0.033700 0.051100 0.028100 0.053900 0.060000 0.030700 0.056700 0.043000 0.036700 0.059700 0.030900 0.068600 0.022300 0.078000 0.040000 0.013800 0.033800 0.036400 0.028100 0.047900 0.048200 0.068700 0.056600 0.068700 0.060000 0.031000 0.042000 0.042100 0.030700 0.025200 0.051000 0.039600 0.036700
GazellaPrz 0.039000 0.247500 0.062800 0.165000 0.050700 0.041800 0.045100 0.000000 0.054000 0.086700 0.036200 0.071600 0.063200 0.048200 0.062700 0.053600 0.069200 0.066000 0.053900 0.050900 0.039100 0.033500 0.071500 0.071800 0.036100 0.050400 0.066600 0.059900 0.053400 0.053900 0.080400 0.051000 0.071700 0.063400 0.042100 0.048100 0.041900 0.051000 0.047800 0.065800 0.080600 0.050300 0.086600 0.065700 0.054100 0.060600 0.041900 0.047800 0.040500 0.062500 0.062800 0.060000
MountainNy 0.036300 0.217100 0.019300 0.140500 0.033600 0.039100 0.031000 0.054000 0.000000 0.065500 0.039300 0.044800 0.048400 0.039700 0.054300 0.063000 0.060300 0.054200 0.033600 0.016500 0.060100 0.036500 0.050800 0.059800 0.039200 0.065600 0.051600 0.016500 0.068700 0.013700 0.065400 0.042600 0.071600 0.048600 0.027900 0.033500 0.042000 0.033800 0.056800 0.045100 0.062600 0.065500 0.065500 0.056800 0.027900 0.044900 0.050800 0.039300 0.039600 0.050800 0.019300 0.016600
MuntiacusM 0.074200 0.227400 0.068300 0.162800 0.065400 0.071200 0.068800 0.086700 0.065500 0.000000 0.077600 0.077200 0.087500 0.078000 0.093100 0.099200 0.068800 0.053700 0.080800 0.068300 0.093100 0.074800 0.024800 0.047700 0.077400 0.092500 0.091100 0.071400 0.098800 0.062400 0.008100 0.074800 0.077000 0.087800 0.065600 0.074600 0.071300 0.071700 0.089400 0.039000 0.038900 0.092300 0.008200 0.047600 0.071700 0.083100 0.083100 0.074300 0.077700 0.070900 0.074400 0.065600
goat 0.013700 0.221400 0.047900 0.136900 0.036300 0.016400 0.030800 0.036200 0.039300 0.077600 0.000000 0.050700 0.048200 0.039500 0.048100 0.056800 0.057300 0.048300 0.027800 0.039100 0.050900 0.008200 0.056700 0.068800 0.000100 0.056500 0.051400 0.045000 0.062400 0.042100 0.077400 0.042400 0.074700 0.048400 0.027700 0.036400 0.022000 0.036500 0.056600 0.056900 0.071600 0.056400 0.077500 0.062700 0.039400 0.044700 0.050600 0.039200 0.025000 0.053700 0.045000 0.045100
AfricanBuf 0.047600 0.223600 0.053400 0.170400 0.050800 0.050400 0.048100 0.071600 0.044800 0.077200 0.050700 0.000000 0.065900 0.057100 0.065800 0.086300 0.081300 0.071900 0.047900 0.050500 0.077800 0.047900 0.074200 0.071400 0.050500 0.083400 0.063300 0.050600 0.085900 0.047600 0.077000 0.060000 0.092700 0.060100 0.044900 0.030600 0.053400 0.051000 0.068300 0.068500 0.089300 0.083200 0.077100 0.080400 0.033400 0.068200 0.068200 0.050700 0.056900 0.065200 0.050600 0.050700
Topi 0.045100 0.246400 0.057100 0.169300 0.045400 0.047900 0.039800 0.063200 0.048400 0.087500 0.048200 0.065900 0.000000 0.048700 0.063500 0.072300 0.085500 0.075900 0.054300 0.054100 0.069400 0.045400 0.071600 0.078600 0.048100 0.068900 0.025300 0.054200 0.078100 0.051200 0.087300 0.051600 0.097000 0.031000 0.036600 0.051300 0.053900 0.045600 0.066000 0.066400 0.086800 0.074900 0.087400 0.078500 0.048500 0.059800 0.059900 0.048300 0.048500 0.068400 0.060100 0.054400
CommonDuik 0.036500 0.235000 0.048400 0.155300 0.036500 0.039300 0.019500 0.048200 0.039700 0.078000 0.039500 0.057100 0.048700 0.000000 0.054200 0.063000 0.063700 0.066500 0.045500 0.042500 0.054200 0.036700 0.063000 0.069200 0.039400 0.059800 0.052000 0.045500 0.062800 0.039600 0.077800 0.019500 0.075000 0.048900 0.028000 0.042600 0.039400 0.036700 0.045100 0.057200 0.078000 0.059600 0.077900 0.069100 0.039800 0.050800 0.045000 0.039400 0.039600 0.059900 0.048400 0.045600
Suni 0.045000 0.252100 0.057100 0.178700 0.050800 0.047800 0.045400 0.062700 0.054300 0.093100 0.048100 0.065800 0.063500 0.054200 0.000000 0.084100 0.084900 0.075400 0.054000 0.051100 0.075000 0.045300 0.077800 0.072000 0.047900 0.074600 0.066900 0.060100 0.083800 0.054100 0.092900 0.057200 0.096400 0.057700 0.042300 0.057200 0.053800 0.051100 0.071500 0.072000 0.093100 0.074500 0.093000 0.077900 0.054300 0.053600 0.065500 0.047900 0.048200 0.074700 0.063100 0.060200
Springbuck 0.065500 0.246100 0.071800 0.179500 0.065500 0.068400 0.059900 0.053600 0.063000 0.099200 0.056800 0.086300 0.072300 0.063000 0.084100 0.000000 0.084900 0.089500 0.075000 0.071800 0.047900 0.059900 0.077700 0.089800 0.056700 0.024800 0.082000 0.075000 0.022000 0.068900 0.092800 0.066000 0.090200 0.078700 0.056800 0.062200 0.068600 0.065900 0.062600 0.080900 0.086800 0.030400 0.099200 0.087000 0.068400 0.075600 0.056500 0.061600 0.067600 0.077600 0.072000 0.075100
Okapi 0.053800 0.222100 0.066100 0.142300 0.063200 0.050800 0.066600 0.069200 0.060300 0.068800 0.057300 0.081300 0.085500 0.063700 0.084900 0.084900 0.000000 0.027800 0.066500 0.060100 0.081800 0.055700 0.059900 0.066100 0.057200 0.078300 0.089100 0.060200 0.087600 0.060200 0.071600 0.066600 0.060000 0.085800 0.063300 0.069500 0.045400 0.069500 0.081400 0.051100 0.068800 0.078200 0.071700 0.059600 0.069500 0.074900 0.075100 0.072200 0.063400 0.062800 0.072300 0.060400
Giraffe 0.044900 0.211400 0.057000 0.131700 0.054100 0.042000 0.057400 0.066000 0.054200 0.053700 0.048300 0.071900 0.075900 0.066500 0.075400 0.089500 0.027800 0.000000 0.057300 0.051000 0.084600 0.046800 0.045000 0.052600 0.048100 0.081100 0.079400 0.057100 0.090300 0.051100 0.056600 0.063400 0.050900 0.076200 0.054200 0.063200 0.042300 0.060300 0.084100 0.042200 0.059600 0.080900 0.056600 0.044800 0.060300 0.065600 0.071700 0.062900 0.054200 0.053700 0.063000 0.051300
TibetanAnt 0.024900 0.210700 0.045100 0.141000 0.036400 0.027600 0.036700 0.053900 0.033600 0.080800 0.027800 0.047900 0.054300 0.045500 0.054000 0.075000 0.066500 0.057300 0.000000 0.036300 0.066000 0.025100 0.065800 0.072000 0.027700 0.071600 0.057500 0.042200 0.074600 0.039300 0.080600 0.048300 0.071800 0.054400 0.033500 0.039400 0.027700 0.036600 0.062600 0.060000 0.080800 0.071400 0.080800 0.065900 0.036600 0.056600 0.056600 0.045100 0.036600 0.050900 0.042200 0.042300
Sitatunga 0.036100 0.220300 0.024800 0.139900 0.036400 0.038900 0.033700 0.050900 0.016500 0.068300 0.039100 0.050500 0.054100 0.042500 0.051100 0.071800 0.060100 0.051000 0.036300 0.000000 0.062900 0.036400 0.053600 0.062600 0.039000 0.068400 0.057400 0.022100 0.071500 0.013700 0.068100 0.045400 0.065400 0.054300 0.033500 0.036300 0.041900 0.036600 0.059600 0.047900 0.068300 0.068300 0.062300 0.053600 0.033500 0.053500 0.053600 0.042100 0.036500 0.056500 0.022100 0.022100
Oribi 0.056600 0.255900 0.068900 0.175900 0.053700 0.059500 0.051100 0.039100 0.060100 0.093100 0.050900 0.077800 0.069400 0.054200 0.075000 0.047900 0.081800 0.084600 0.066000 0.062900 0.000000 0.051100 0.077800 0.078000 0.050800 0.039000 0.072800 0.066000 0.047700 0.060000 0.086700 0.057100 0.084100 0.069600 0.048000 0.054100 0.059700 0.054000 0.047900 0.071900 0.086900 0.039000 0.093000 0.078000 0.054200 0.072700 0.053600 0.047900 0.058500 0.074600 0.066000 0.066100
BarbaryShe 0.010900 0.225800 0.042200 0.147000 0.033600 0.013700 0.028100 0.033500 0.036500 0.074800 0.008200 0.047900 0.045400 0.036700 0.045300 0.059900 0.055700 0.046800 0.025100 0.036400 0.051100 0.000000 0.059900 0.066000 0.008200 0.056700 0.048600 0.042300 0.059700 0.039300 0.074600 0.039600 0.071900 0.045600 0.025000 0.033600 0.019300 0.033800 0.053800 0.054100 0.074800 0.056600 0.074700 0.059900 0.036600 0.042000 0.047900 0.036400 0.022300 0.051000 0.048100 0.042400
Daviddeer 0.059400 0.215300 0.053600 0.138400 0.056500 0.056400 0.053900 0.071500 0.050800 0.024800 0.056700 0.074200 0.071600 0.063000 0.077800 0.077700 0.059900 0.045000 0.065800 0.053600 0.077800 0.059900 0.000000 0.036200 0.056600 0.077300 0.075000 0.056600 0.083400 0.047800 0.024700 0.065900 0.059300 0.071900 0.050800 0.059700 0.056600 0.056800 0.080300 0.027700 0.013600 0.077100 0.024700 0.033300 0.056800 0.068100 0.068100 0.058400 0.062700 0.050400 0.053700 0.056700
Reindeer 0.065500 0.224900 0.062600 0.156800 0.062600 0.062500 0.060000 0.071800 0.059800 0.047700 0.068800 0.071400 0.078600 0.069200 0.072000 0.089800 0.066100 0.052600 0.072000 0.062600 0.078000 0.066000 0.036200 0.000000 0.068600 0.077500 0.082100 0.065700 0.086800 0.056700 0.047500 0.072100 0.068400 0.078900 0.056900 0.065800 0.062600 0.062900 0.077500 0.036300 0.050600 0.077400 0.047600 0.019300 0.062900 0.068300 0.074300 0.065500 0.068900 0.062200 0.068700 0.065800
Ibex 0.013600 0.220600 0.047700 0.136400 0.036200 0.016400 0.030700 0.036100 0.039200 0.077400 0.000100 0.050500 0.048100 0.039400 0.047900 0.056700 0.057200 0.048100 0.027700 0.039000 0.050800 0.008200 0.056600 0.068600 0.000000 0.056300 0.051300 0.044900 0.062200 0.042000 0.077200 0.042200 0.074500 0.048200 0.027600 0.036300 0.021900 0.036400 0.056400 0.056700 0.071400 0.056200 0.077300 0.062500 0.039300 0.044600 0.050500 0.039100 0.025000 0.053600 0.044900 0.045000
GyrantGaze 0.062200 0.242400 0.068500 0.171700 0.062200 0.059200 0.056700 0.050400 0.065600 0.092500 0.056500 0.083400 0.068900 0.059800 0.074600 0.024800 0.078300 0.081100 0.071600 0.068400 0.039000 0.056700 0.077300 0.077500 0.056300 0.000000 0.078500 0.065600 0.030300 0.065500 0.086200 0.062600 0.083700 0.075300 0.053600 0.059700 0.059300 0.062600 0.059300 0.071500 0.086300 0.005400 0.092400 0.077400 0.065800 0.072500 0.047500 0.059300 0.064300 0.068200 0.074600 0.065700
Hartebeest 0.048300 0.256500 0.060500 0.177600 0.048600 0.051100 0.043000 0.066600 0.051600 0.091100 0.051400 0.063300 0.025300 0.052000 0.066900 0.082000 0.089100 0.079400 0.057500 0.057400 0.072800 0.048600 0.075000 0.082100 0.051300 0.078500 0.000000 0.057500 0.081600 0.054500 0.090900 0.054900 0.100800 0.016800 0.039700 0.048700 0.057200 0.048900 0.069400 0.069800 0.090400 0.078300 0.091000 0.082000 0.051700 0.063200 0.063200 0.045600 0.051700 0.071800 0.057500 0.057600
Bongo 0.041900 0.228200 0.024900 0.150500 0.039300 0.044800 0.036700 0.059900 0.016500 0.071400 0.045000 0.050600 0.054200 0.045500 0.060100 0.075000 0.060200 0.057100 0.042200 0.022100 0.066000 0.042300 0.056600 0.065700 0.044900 0.065600 0.057500 0.000000 0.074600 0.019300 0.071200 0.048400 0.080600 0.054400 0.033500 0.036400 0.047800 0.039500 0.062600 0.050900 0.071400 0.065400 0.071400 0.062600 0.033600 0.056600 0.047900 0.045100 0.045300 0.059500 0.027700 0.005500
Gerenuk 0.065200 0.258000 0.071500 0.189400 0.065200 0.068000 0.059700 0.053400 0.068700 0.098800 0.062400 0.085900 0.078100 0.062800 0.083800 0.022000 0.087600 0.090300 0.074600 0.071500 0.047700 0.059700 0.083400 0.086800 0.062200 0.030300 0.081600 0.074600 0.000000 0.068500 0.092400 0.065700 0.092900 0.078400 0.056500 0.062000 0.068200 0.065600 0.062300 0.080600 0.092500 0.030300 0.098700 0.086600 0.068100 0.081500 0.050400 0.061400 0.067300 0.077200 0.077700 0.074800
CommonElan 0.039000 0.216500 0.022100 0.140100 0.033600 0.041800 0.030900 0.053900 0.013700 0.062400 0.042100 0.047600 0.051200 0.039600 0.054100 0.068900 0.060200 0.051100 0.039300 0.013700 0.060000 0.039300 0.047800 0.056700 0.042000 0.065500 0.054500 0.019300 0.068500 0.000000 0.062300 0.042500 0.065500 0.051400 0.030600 0.033500 0.039100 0.033700 0.056700 0.042100 0.062400 0.065400 0.062400 0.053700 0.030700 0.050700 0.050700 0.033500 0.039500 0.050700 0.019300 0.019300
MuntiacusR 0.074100 0.225400 0.068200 0.162600 0.068200 0.071000 0.068600 0.080400 0.065400 0.008100 0.077400 0.077000 0.087300 0.077800 0.092900 0.092800 0.071600 0.056600 0.080600 0.068100 0.086700 0.074600 0.024700 0.047500 0.077200 0.086200 0.090900 0.071200 0.092400 0.062300 0.000000 0.077700 0.070900 0.087600 0.065400 0.074400 0.071200 0.071500 0.083100 0.038900 0.033100 0.086000 0.005400 0.047500 0.071500 0.082900 0.076900 0.068200 0.077500 0.064800 0.074200 0.068400
HarveysDui 0.039300 0.238400 0.051300 0.165300 0.033600 0.042100 0.022300 0.051000 0.042600 0.074800 0.042400 0.060000 0.051600 0.019500 0.057200 0.066000 0.066600 0.063400 0.048300 0.045400 0.057100 0.039600 0.065900 0.072100 0.042200 0.062600 0.054900 0.048400 0.065700 0.042500 0.077700 0.000000 0.084200 0.051800 0.030800 0.045500 0.042200 0.039600 0.053800 0.057100 0.080900 0.062500 0.077800 0.069000 0.042600 0.053700 0.047900 0.042200 0.042400 0.062800 0.051300 0.042600
Pronghorn 0.071400 0.219700 0.077500 0.152800 0.080500 0.068300 0.078000 0.071700 0.071600 0.077000 0.074700 0.092700 0.097000 0.075000 0.096400 0.090200 0.060000 0.050900 0.071800 0.065400 0.084100 0.071900 0.059300 0.068400 0.074500 0.083700 0.100800 0.080600 0.092900 0.065500 0.070900 0.084200 0.000000 0.097400 0.074700 0.077800 0.062500 0.080900 0.089700 0.062300 0.068100 0.083500 0.077000 0.062300 0.080900 0.092400 0.077300 0.077500 0.080900 0.062200 0.077600 0.080800
BlueWildeb 0.045200 0.251700 0.057400 0.173600 0.045500 0.048100 0.040000 0.063400 0.048600 0.087800 0.048400 0.060100 0.031000 0.048900 0.057700 0.078700 0.085800 0.076200 0.054400 0.054300 0.069600 0.045600 0.071900 0.078900 0.048200 0.075300 0.016800 0.054400 0.078400 0.051400 0.087600 0.051800 0.097400 0.000000 0.036700 0.051500 0.054100 0.045800 0.066200 0.066700 0.087100 0.075100 0.087700 0.078800 0.048700 0.054100 0.060100 0.042600 0.048700 0.068600 0.060300 0.054600
Gemsbok 0.024800 0.224700 0.036300 0.150600 0.025000 0.027600 0.013800 0.042100 0.027900 0.065600 0.027700 0.044900 0.036600 0.028000 0.042300 0.056800 0.063300 0.054200 0.033500 0.033500 0.048000 0.025000 0.050800 0.056900 0.027600 0.053600 0.039700 0.033500 0.056500 0.030600 0.065400 0.030800 0.074700 0.036700 0.000000 0.030700 0.033300 0.025100 0.044900 0.045100 0.065500 0.053500 0.065500 0.056800 0.027900 0.039000 0.039100 0.027700 0.020200 0.047800 0.039200 0.033600
Yak 0.039100 0.217100 0.039200 0.154100 0.036500 0.041900 0.033800 0.048100 0.033500 0.074600 0.036400 0.030600 0.051300 0.042600 0.057200 0.062200 0.069500 0.063200 0.039400 0.036300 0.054100 0.033600 0.059700 0.065800 0.036300 0.059700 0.048700 0.036400 0.062000 0.033500 0.074400 0.045500 0.077800 0.051500 0.030700 0.000000 0.044900 0.036700 0.059800 0.053900 0.071600 0.059600 0.074500 0.065700 0.013800 0.053700 0.053700 0.036400 0.042500 0.056700 0.036400 0.036400
BlueSheep 0.019100 0.212700 0.050600 0.136800 0.036200 0.016400 0.036400 0.041900 0.042000 0.071300 0.022000 0.053400 0.053900 0.039400 0.053800 0.068600 0.045400 0.042300 0.027700 0.041900 0.059700 0.019300 0.056600 0.062600 0.021900 0.059300 0.057200 0.047800 0.068200 0.039100 0.071200 0.042200 0.062500 0.054100 0.033300 0.044900 0.000000 0.036400 0.056400 0.050900 0.071300 0.059200 0.071300 0.056600 0.042100 0.038900 0.050500 0.039100 0.030600 0.047700 0.053600 0.047900
BohorReedb 0.033500 0.229100 0.042400 0.147800 0.011000 0.036300 0.028100 0.051000 0.033800 0.071700 0.036500 0.051000 0.045600 0.036700 0.051100 0.065900 0.069500 0.060300 0.036600 0.036600 0.054000 0.033800 0.056800 0.062900 0.036400 0.062600 0.048900 0.039500 0.065600 0.033700 0.071500 0.039600 0.080900 0.045800 0.025100 0.036700 0.036400 0.000000 0.053800 0.051100 0.071700 0.062500 0.071700 0.062900 0.033900 0.047800 0.047800 0.036400 0.036600 0.053800 0.042400 0.039600
KirksDik 0.053400 0.227000 0.065500 0.160400 0.053500 0.056200 0.047900 0.047800 0.056800 0.089400 0.056600 0.068300 0.066000 0.045100 0.071500 0.062600 0.081400 0.084100 0.062600 0.059600 0.047900 0.053800 0.080300 0.077500 0.056400 0.059300 0.069400 0.062600 0.062300 0.056700 0.083100 0.053800 0.089700 0.066200 0.044900 0.059800 0.056400 0.053800 0.000000 0.074500 0.089400 0.059200 0.089300 0.080400 0.051000 0.062000 0.049700 0.044700 0.055400 0.071200 0.065600 0.062800
RoeDeer 0.053700 0.215900 0.047900 0.146400 0.047900 0.050700 0.048200 0.065800 0.045100 0.039000 0.056900 0.068500 0.066400 0.057200 0.072000 0.080900 0.051100 0.042200 0.060000 0.047900 0.071900 0.054100 0.027700 0.036300 0.056700 0.071500 0.069800 0.050900 0.080600 0.042100 0.038900 0.057100 0.062300 0.066700 0.045100 0.053900 0.050900 0.051100 0.074500 0.000000 0.041800 0.071300 0.038900 0.033400 0.051100 0.062400 0.056500 0.050800 0.057000 0.050500 0.053800 0.048100
WhiteLippe 0.074200 0.223900 0.068300 0.155200 0.071300 0.071100 0.068700 0.080600 0.062600 0.038900 0.071600 0.089300 0.086800 0.078000 0.093100 0.086800 0.068800 0.059600 0.080800 0.068300 0.086900 0.074800 0.013600 0.050600 0.071400 0.086300 0.090400 0.071400 0.092500 0.062400 0.033100 0.080900 0.068100 0.087100 0.065500 0.071600 0.071300 0.071700 0.089400 0.041800 0.000000 0.086100 0.038800 0.047600 0.071700 0.083100 0.077100 0.067300 0.077700 0.059100 0.068400 0.071500
ThomsonGaz 0.062100 0.245900 0.068300 0.174800 0.062100 0.059000 0.056600 0.050300 0.065500 0.092300 0.056400 0.083200 0.074900 0.059600 0.074500 0.030400 0.078200 0.080900 0.071400 0.068300 0.039000 0.056600 0.077100 0.077400 0.056200 0.005400 0.078300 0.065400 0.030300 0.065400 0.086000 0.062500 0.083500 0.075100 0.053500 0.059600 0.059200 0.062500 0.059200 0.071300 0.086100 0.000000 0.092200 0.077300 0.065700 0.072300 0.047400 0.059200 0.064200 0.068100 0.074500 0.065600
MuntiacusC 0.074200 0.225900 0.068300 0.162800 0.068300 0.071100 0.068700 0.086600 0.065500 0.008200 0.077500 0.077100 0.087400 0.077900 0.093000 0.099200 0.071700 0.056600 0.080800 0.062300 0.093000 0.074700 0.024700 0.047600 0.077300 0.092400 0.091000 0.071400 0.098700 0.062400 0.005400 0.077800 0.077000 0.087700 0.065500 0.074500 0.071300 0.071700 0.089300 0.038900 0.038800 0.092200 0.000000 0.047500 0.071600 0.083000 0.083100 0.074300 0.077700 0.070800 0.074400 0.068500
WhiteTaile 0.053600 0.219100 0.059600 0.146300 0.062600 0.050600 0.060000 0.065700 0.056800 0.047600 0.062700 0.080400 0.078500 0.069100 0.077900 0.087000 0.059600 0.044800 0.065900 0.053600 0.078000 0.059900 0.033300 0.019300 0.062500 0.077400 0.082000 0.062600 0.086600 0.053700 0.047500 0.069000 0.062300 0.078800 0.056800 0.065700 0.056600 0.062900 0.080400 0.033400 0.047600 0.077300 0.047500 0.000000 0.062900 0.068300 0.074300 0.065500 0.062800 0.062200 0.065600 0.062500
Cattle 0.036300 0.206300 0.036400 0.144200 0.033700 0.039100 0.031000 0.054100 0.027900 0.071700 0.039400 0.033400 0.048500 0.039800 0.054300 0.068400 0.069500 0.060300 0.036600 0.033500 0.054200 0.036600 0.056800 0.062900 0.039300 0.065800 0.051700 0.033600 0.068100 0.030700 0.071500 0.042600 0.080900 0.048700 0.027900 0.013800 0.042100 0.033900 0.051000 0.051100 0.071700 0.065700 0.071600 0.062900 0.000000 0.050900 0.050900 0.027900 0.039600 0.053800 0.039300 0.033600
RoyalAntel 0.041700 0.237900 0.053600 0.163200 0.047500 0.038800 0.042000 0.060600 0.044900 0.083100 0.044700 0.068200 0.059800 0.050800 0.053600 0.075600 0.074900 0.065600 0.056600 0.053500 0.072700 0.042000 0.068100 0.068300 0.044600 0.072500 0.063200 0.056600 0.081500 0.050700 0.082900 0.053700 0.092400 0.054100 0.039000 0.053700 0.038900 0.047800 0.062000 0.062400 0.083100 0.072300 0.083000 0.068300 0.050900 0.000000 0.061900 0.044600 0.044800 0.065000 0.059500 0.056700
Steenbok 0.047500 0.227300 0.053600 0.166800 0.047600 0.050300 0.042100 0.041900 0.050800 0.083100 0.050600 0.068200 0.059900 0.045000 0.065500 0.056500 0.075100 0.071700 0.056600 0.053600 0.053600 0.047900 0.068100 0.074300 0.050500 0.047500 0.063200 0.047900 0.050400 0.050700 0.076900 0.047900 0.077300 0.060100 0.039100 0.053700 0.050500 0.047800 0.049700 0.056500 0.077100 0.047400 0.083100 0.074300 0.050900 0.061900 0.000000 0.044700 0.049500 0.059200 0.059600 0.048000
Impala 0.036200 0.222100 0.047900 0.156900 0.036200 0.039000 0.030700 0.047800 0.039300 0.074300 0.039200 0.050700 0.048300 0.039400 0.047900 0.061600 0.072200 0.062900 0.045100 0.042100 0.047900 0.036400 0.058400 0.065500 0.039100 0.059300 0.045600 0.045100 0.061400 0.033500 0.068200 0.042200 0.077500 0.042600 0.027700 0.036400 0.039100 0.036400 0.044700 0.050800 0.067300 0.059200 0.074300 0.065500 0.027900 0.044600 0.044700 0.000000 0.039300 0.049400 0.048000 0.045100
Klipspring 0.022100 0.241500 0.042400 0.156500 0.036400 0.024900 0.025200 0.040500 0.039600 0.077700 0.025000 0.056900 0.048500 0.039600 0.048200 0.067600 0.063400 0.054200 0.036600 0.036500 0.058500 0.022300 0.062700 0.068900 0.025000 0.064300 0.051700 0.045300 0.067300 0.039500 0.077500 0.042400 0.080900 0.048700 0.020200 0.042500 0.030600 0.036600 0.055400 0.057000 0.077700 0.064200 0.077700 0.062800 0.039600 0.044800 0.049500 0.039300 0.000000 0.059700 0.048300 0.045400
ForestMusk 0.050600 0.218500 0.056500 0.151500 0.053500 0.047600 0.051000 0.062500 0.050800 0.070900 0.053700 0.065200 0.068400 0.059900 0.074700 0.077600 0.062800 0.053700 0.050900 0.056500 0.074600 0.051000 0.050400 0.062200 0.053600 0.068200 0.071800 0.059500 0.077200 0.050700 0.064800 0.062800 0.062200 0.068600 0.047800 0.056700 0.047700 0.053800 0.071200 0.050500 0.059100 0.068100 0.070800 0.062200 0.053800 0.065000 0.059200 0.049400 0.059700 0.000000 0.056600 0.059600
Bushbuck 0.047700 0.217000 0.030500 0.140400 0.042200 0.050500 0.039600 0.062800 0.019300 0.074400 0.045000 0.050600 0.060100 0.048400 0.063100 0.072000 0.072300 0.063000 0.042200 0.022100 0.066000 0.048100 0.053700 0.068700 0.044900 0.074600 0.057500 0.027700 0.077700 0.019300 0.074200 0.051300 0.077600 0.060300 0.039200 0.036400 0.053600 0.042400 0.065600 0.053800 0.068400 0.074500 0.074400 0.065600 0.039300 0.059500 0.059600 0.048000 0.048300 0.056600 0.000000 0.027800
GreaterKud 0.041800 0.228200 0.024900 0.150600 0.033600 0.044700 0.036700 0.060000 0.016600 0.065600 0.045100 0.050700 0.054400 0.045600 0.060200 0.075100 0.060400 0.051300 0.042300 0.022100 0.066100 0.042400 0.056700 0.065800 0.045000 0.065700 0.057600 0.005500 0.074800 0.019300 0.068400 0.042600 0.080800 0.054600 0.033600 0.036400 0.047900 0.039600 0.062800 0.048100 0.071500 0.065600 0.068500 0.062500 0.033600 0.056700 0.048000 0.045100 0.045400 0.059600 0.027800 0.000000
