1
52 1
Argali 0.000000 0.229300 0.062100 0.144900 0.029700 0.000100 0.017600 0.184100 0.078300 0.073000 0.014400 0.029900 0.030200 0.018400 0.074100 0.076700 0.159200 0.175900 0.014500 0.079000 0.055000 0.014700 0.093600 0.107000 0.014500 0.110400 0.030200 0.095200 0.076200 0.078100 0.076900 0.032900 0.163900 0.029900 0.029700 0.060500 0.014500 0.044200 0.165200 0.125900 0.092200 0.077700 0.089700 0.107400 0.045000 0.029800 0.077000 0.125500 0.086500 0.110800 0.078600 0.078300
LesserMous 0.229300 0.000000 0.232200 0.174300 0.200200 0.230400 0.184900 0.308900 0.253900 0.177700 0.208800 0.187900 0.239800 0.184500 0.223600 0.212500 0.252600 0.235600 0.209600 0.256000 0.181700 0.211500 0.180300 0.196200 0.209600 0.261700 0.239800 0.267700 0.168600 0.221900 0.159800 0.203800 0.225100 0.215000 0.234800 0.213200 0.209700 0.247200 0.299600 0.179100 0.158600 0.172700 0.198000 0.196800 0.192600 0.172900 0.202000 0.326400 0.226900 0.236000 0.254700 0.236000
LesserKudu 0.062100 0.232200 0.000000 0.148200 0.030000 0.062200 0.029600 0.199100 0.015500 0.075000 0.046100 0.030300 0.064200 0.029700 0.067400 0.078300 0.162500 0.144200 0.046200 0.015600 0.054000 0.046700 0.096100 0.109600 0.046200 0.113100 0.064200 0.031500 0.077900 0.015500 0.078800 0.044700 0.168000 0.063700 0.063000 0.061800 0.046300 0.076400 0.169000 0.128800 0.094400 0.079300 0.091400 0.110000 0.045900 0.030000 0.078600 0.128300 0.084200 0.113800 0.015600 0.047600
KillerWhal 0.144900 0.174300 0.148200 0.000000 0.110200 0.145300 0.109100 0.247100 0.165700 0.162700 0.127300 0.110900 0.150700 0.108500 0.146600 0.114500 0.109300 0.124100 0.127600 0.167700 0.101500 0.128700 0.146900 0.160600 0.127600 0.165300 0.150700 0.185200 0.127000 0.147500 0.139100 0.125200 0.148600 0.131300 0.147400 0.129500 0.128200 0.158500 0.209400 0.195700 0.145300 0.104000 0.144300 0.161300 0.112200 0.095900 0.115100 0.180800 0.168100 0.167000 0.166700 0.166600
DefassaWat 0.029700 0.200200 0.030000 0.110200 0.000000 0.029800 0.000600 0.142900 0.045300 0.040600 0.014700 0.000500 0.030800 0.000500 0.037900 0.045200 0.118900 0.141600 0.014800 0.045800 0.029900 0.015000 0.061200 0.075200 0.014800 0.077500 0.030800 0.053700 0.044900 0.037300 0.049600 0.014200 0.128500 0.030500 0.030200 0.029600 0.014800 0.044000 0.129600 0.104700 0.060400 0.055900 0.057400 0.075400 0.014400 0.000500 0.036500 0.092400 0.055100 0.070100 0.045800 0.037200
Sheep 0.000100 0.230400 0.062200 0.145300 0.029800 0.000000 0.018200 0.184400 0.078400 0.073000 0.014500 0.029900 0.030200 0.019500 0.074400 0.076800 0.159200 0.176300 0.014500 0.079100 0.055600 0.014700 0.093700 0.107100 0.014500 0.110600 0.030200 0.095300 0.076300 0.078200 0.077000 0.033300 0.164300 0.029900 0.029700 0.060500 0.014600 0.044200 0.165600 0.126100 0.092200 0.077800 0.089800 0.107500 0.045100 0.029900 0.077100 0.125600 0.087400 0.110900 0.078700 0.078400
MaxwellsDu 0.017600 0.184900 0.029600 0.109100 0.000600 0.018200 0.000000 0.146200 0.045100 0.037400 0.014700 0.000500 0.030600 0.000100 0.043500 0.044700 0.123700 0.139400 0.014700 0.045500 0.018200 0.014900 0.060600 0.074400 0.014700 0.076800 0.030600 0.061600 0.044500 0.045500 0.044900 0.014500 0.127300 0.030300 0.029900 0.044500 0.014700 0.031900 0.128600 0.091900 0.060000 0.045300 0.054500 0.074700 0.014200 0.000500 0.044900 0.091700 0.060800 0.077100 0.045500 0.045700
GazellaPrz 0.184100 0.308900 0.199100 0.247100 0.142900 0.184400 0.146200 0.000000 0.218200 0.191200 0.180400 0.147600 0.187400 0.145400 0.177800 0.095600 0.247600 0.268500 0.181300 0.220500 0.149100 0.168300 0.224400 0.235600 0.181300 0.148800 0.187400 0.196000 0.128900 0.176800 0.195900 0.163300 0.219600 0.189400 0.183600 0.183300 0.166200 0.140100 0.169700 0.200400 0.220100 0.131400 0.209000 0.236600 0.165000 0.147600 0.095200 0.261600 0.148000 0.203900 0.219800 0.168200
MountainNy 0.078300 0.253900 0.015500 0.165700 0.045300 0.078400 0.045100 0.218200 0.000000 0.090400 0.061800 0.045800 0.081100 0.045100 0.082800 0.094800 0.179800 0.161400 0.062000 0.000100 0.070500 0.062700 0.113000 0.125900 0.062000 0.130400 0.081100 0.047800 0.094100 0.031200 0.095300 0.060300 0.142600 0.080300 0.079400 0.077700 0.062300 0.092300 0.188100 0.145800 0.110800 0.095900 0.107700 0.126400 0.061500 0.045400 0.095100 0.145300 0.100800 0.131300 0.000100 0.064100
MuntiacusM 0.073000 0.177700 0.075000 0.162700 0.040600 0.073000 0.037400 0.191200 0.090400 0.000000 0.055900 0.039400 0.075500 0.038000 0.052800 0.088300 0.177600 0.193700 0.056500 0.091200 0.064000 0.056700 0.076800 0.090900 0.056500 0.088300 0.075500 0.108100 0.087800 0.091200 0.014500 0.052600 0.182500 0.074700 0.073700 0.072400 0.056700 0.055700 0.179600 0.109000 0.075900 0.054400 0.014500 0.091100 0.056000 0.038000 0.088300 0.140100 0.102000 0.125400 0.091300 0.089900
goat 0.014400 0.208800 0.046100 0.127300 0.014700 0.014500 0.014700 0.180400 0.061800 0.055900 0.000000 0.014800 0.015000 0.014600 0.058800 0.060700 0.141500 0.158100 0.000100 0.062400 0.038200 0.000200 0.077200 0.090800 0.000100 0.093600 0.015000 0.078400 0.060300 0.061800 0.061000 0.029200 0.146100 0.014800 0.014600 0.044900 0.000200 0.059200 0.147400 0.109000 0.076000 0.061500 0.072800 0.091100 0.029700 0.014800 0.060900 0.108500 0.077100 0.093900 0.062100 0.061900
AfricanBuf 0.029900 0.187900 0.030300 0.110900 0.000500 0.029900 0.000500 0.147600 0.045800 0.039400 0.014800 0.000000 0.030900 0.000400 0.044000 0.045200 0.125200 0.141300 0.014800 0.046200 0.019100 0.015000 0.061500 0.075500 0.014800 0.077600 0.030900 0.062300 0.045000 0.046100 0.045600 0.014200 0.129000 0.030600 0.030300 0.029800 0.014900 0.044200 0.129500 0.093200 0.060600 0.045800 0.056700 0.075700 0.014700 0.000500 0.045400 0.093100 0.056900 0.078000 0.046200 0.046200
Topi 0.030200 0.239800 0.064200 0.150700 0.030800 0.030200 0.030600 0.187400 0.081100 0.075500 0.015000 0.030900 0.000000 0.030400 0.076700 0.079300 0.159000 0.182200 0.015000 0.081800 0.057400 0.015200 0.096800 0.110400 0.015000 0.114200 0.000000 0.092700 0.078800 0.075500 0.079400 0.045900 0.170100 0.000100 0.030700 0.062400 0.015000 0.077400 0.171100 0.130300 0.094900 0.080500 0.092600 0.110700 0.046500 0.030900 0.073800 0.129600 0.096700 0.109300 0.081400 0.074400
CommonDuik 0.018400 0.184500 0.029700 0.108500 0.000500 0.019500 0.000100 0.145400 0.045100 0.038000 0.014600 0.000400 0.030400 0.000000 0.043200 0.044500 0.123000 0.138600 0.014600 0.045500 0.019000 0.014800 0.060300 0.074000 0.014600 0.076400 0.030400 0.061300 0.044300 0.045300 0.044600 0.014400 0.126700 0.030100 0.029800 0.044300 0.014600 0.032100 0.128100 0.091400 0.059700 0.045100 0.054900 0.074300 0.014300 0.000500 0.044700 0.091300 0.060400 0.076600 0.045500 0.045400
Suni 0.074100 0.223600 0.067400 0.146600 0.037900 0.074400 0.043500 0.177800 0.082800 0.052800 0.058800 0.044000 0.076700 0.043200 0.000000 0.090100 0.156900 0.189300 0.058900 0.084000 0.075200 0.059700 0.107300 0.121100 0.058900 0.090900 0.076700 0.100400 0.089700 0.084000 0.059200 0.058200 0.177000 0.076000 0.075600 0.074500 0.059100 0.057500 0.143400 0.153900 0.106300 0.071000 0.069500 0.121600 0.059100 0.042900 0.090600 0.139600 0.075100 0.120000 0.084200 0.083300
Springbuck 0.076700 0.212500 0.078300 0.114500 0.045200 0.076800 0.044700 0.095600 0.094800 0.088300 0.060700 0.045200 0.079300 0.044500 0.090100 0.000000 0.168200 0.185200 0.060800 0.095600 0.045700 0.061600 0.110300 0.123200 0.060800 0.061400 0.079300 0.112000 0.029600 0.094600 0.093200 0.059800 0.173000 0.078600 0.077900 0.076200 0.061000 0.075100 0.111900 0.125300 0.108400 0.045800 0.105100 0.123600 0.060500 0.045200 0.030100 0.142700 0.110400 0.127700 0.095300 0.095000
Okapi 0.159200 0.252600 0.162500 0.109300 0.118900 0.159200 0.123700 0.247600 0.179800 0.177600 0.141500 0.125200 0.159000 0.123000 0.156900 0.168200 0.000000 0.139500 0.141800 0.181300 0.158100 0.143200 0.161100 0.141000 0.141800 0.216200 0.159000 0.162200 0.176100 0.126200 0.157800 0.139400 0.199300 0.144700 0.156200 0.147900 0.142200 0.173400 0.275000 0.161300 0.159900 0.143500 0.195500 0.141400 0.130600 0.097500 0.132400 0.195100 0.194000 0.152900 0.180400 0.144100
Giraffe 0.175900 0.235600 0.144200 0.124100 0.141600 0.176300 0.139400 0.268500 0.161400 0.193700 0.158100 0.141300 0.182200 0.138600 0.189300 0.185200 0.139500 0.000000 0.158500 0.162900 0.175700 0.159900 0.159700 0.191100 0.158500 0.197100 0.182200 0.180600 0.193100 0.143600 0.173900 0.155100 0.178900 0.162200 0.178800 0.163800 0.158900 0.155100 0.245000 0.215000 0.175600 0.160400 0.211300 0.191700 0.146500 0.129800 0.186000 0.250300 0.173700 0.198500 0.162000 0.199000
TibetanAnt 0.014500 0.209600 0.046200 0.127600 0.014800 0.014500 0.014700 0.181300 0.062000 0.056500 0.000100 0.014800 0.015000 0.014600 0.058900 0.060800 0.141800 0.158500 0.000000 0.062600 0.038900 0.000200 0.077300 0.090900 0.000000 0.093800 0.015000 0.078600 0.060400 0.062000 0.061100 0.029300 0.146500 0.014800 0.014700 0.045000 0.000100 0.059400 0.147800 0.109200 0.076100 0.061600 0.073400 0.091300 0.029800 0.014800 0.061100 0.108800 0.077300 0.094100 0.062300 0.062000
Sitatunga 0.079000 0.256000 0.015600 0.167700 0.045800 0.079100 0.045500 0.220500 0.000100 0.091200 0.062400 0.046200 0.081800 0.045500 0.084000 0.095600 0.181300 0.162900 0.062600 0.000000 0.070800 0.063300 0.114000 0.127000 0.062600 0.131600 0.081800 0.048200 0.095000 0.031500 0.096100 0.060900 0.151300 0.081100 0.080100 0.078400 0.062800 0.093200 0.189600 0.147100 0.111700 0.096800 0.108600 0.127400 0.062100 0.045800 0.095800 0.146600 0.101900 0.132300 0.000100 0.064600
Oribi 0.055000 0.181700 0.054000 0.101500 0.029900 0.055600 0.018200 0.149100 0.070500 0.064000 0.038200 0.019100 0.057400 0.019000 0.075200 0.045700 0.158100 0.175700 0.038900 0.070800 0.000000 0.038600 0.088700 0.102700 0.038900 0.078100 0.057400 0.088600 0.045500 0.071500 0.071300 0.034300 0.159600 0.057100 0.055900 0.053600 0.038800 0.075500 0.124500 0.121000 0.087200 0.046400 0.082500 0.103300 0.036500 0.019000 0.045900 0.122500 0.088800 0.105000 0.071600 0.070800
BarbaryShe 0.014700 0.211500 0.046700 0.128700 0.015000 0.014700 0.014900 0.168300 0.062700 0.056700 0.000200 0.015000 0.015200 0.014800 0.059700 0.061600 0.143200 0.159900 0.000200 0.063300 0.038600 0.000000 0.078200 0.091900 0.000200 0.095100 0.015200 0.079600 0.061200 0.062700 0.061600 0.029700 0.148000 0.015000 0.014800 0.061100 0.000200 0.060200 0.149400 0.110500 0.077100 0.062500 0.073700 0.092200 0.030100 0.015100 0.061900 0.110300 0.078300 0.095100 0.063000 0.062900
Daviddeer 0.093600 0.180300 0.096100 0.146900 0.061200 0.093700 0.060600 0.224400 0.113000 0.076800 0.077200 0.061500 0.096800 0.060300 0.107300 0.110300 0.161100 0.159700 0.077300 0.114000 0.088700 0.078200 0.000000 0.075300 0.077300 0.146400 0.096800 0.131100 0.109700 0.095700 0.059200 0.076000 0.166000 0.079100 0.095200 0.082800 0.077500 0.107900 0.193100 0.093500 0.060600 0.112000 0.092600 0.075800 0.066000 0.049300 0.110800 0.162000 0.126100 0.112300 0.113400 0.113200
Reindeer 0.107000 0.196200 0.109600 0.160600 0.075200 0.107100 0.074400 0.235600 0.125900 0.090900 0.090800 0.075500 0.110400 0.074000 0.121100 0.123200 0.141000 0.191100 0.090900 0.127000 0.102700 0.091900 0.075300 0.000000 0.090900 0.159200 0.110400 0.144100 0.122800 0.109100 0.073900 0.089600 0.179700 0.092800 0.108800 0.064200 0.091200 0.121100 0.206600 0.014600 0.044100 0.125200 0.106800 0.000100 0.048000 0.064400 0.123900 0.176400 0.139700 0.126800 0.126400 0.126600
Ibex 0.014500 0.209600 0.046200 0.127600 0.014800 0.014500 0.014700 0.181300 0.062000 0.056500 0.000100 0.014800 0.015000 0.014600 0.058900 0.060800 0.141800 0.158500 0.000000 0.062600 0.038900 0.000200 0.077300 0.090900 0.000000 0.093800 0.015000 0.078600 0.060400 0.062000 0.061100 0.029300 0.146500 0.014800 0.014700 0.045000 0.000100 0.059400 0.147800 0.109200 0.076100 0.061600 0.073400 0.091300 0.029800 0.014800 0.061100 0.108800 0.077300 0.094100 0.062300 0.062000
GyrantGaze 0.110400 0.261700 0.113100 0.165300 0.077500 0.110600 0.076800 0.148800 0.130400 0.088300 0.093600 0.077600 0.114200 0.076400 0.090900 0.061400 0.216200 0.197100 0.093800 0.131600 0.078100 0.095100 0.146400 0.159200 0.093800 0.000000 0.114200 0.148600 0.061000 0.130100 0.093800 0.092600 0.223400 0.113300 0.112200 0.110000 0.094100 0.091600 0.148400 0.161900 0.144000 0.046000 0.105400 0.159800 0.093600 0.077700 0.094300 0.143700 0.146400 0.165300 0.130900 0.130700
Hartebeest 0.030200 0.239800 0.064200 0.150700 0.030800 0.030200 0.030600 0.187400 0.081100 0.075500 0.015000 0.030900 0.000000 0.030400 0.076700 0.079300 0.159000 0.182200 0.015000 0.081800 0.057400 0.015200 0.096800 0.110400 0.015000 0.114200 0.000000 0.092700 0.078800 0.075500 0.079400 0.045900 0.170100 0.000100 0.030700 0.062400 0.015000 0.077400 0.171100 0.130300 0.094900 0.080500 0.092600 0.110700 0.046500 0.030900 0.073800 0.129600 0.096700 0.109300 0.081400 0.074400
Bongo 0.095200 0.267700 0.031500 0.185200 0.053700 0.095300 0.061600 0.196000 0.047800 0.108100 0.078400 0.062300 0.092700 0.061300 0.100400 0.112000 0.162200 0.180600 0.078600 0.048200 0.088600 0.079600 0.131100 0.144100 0.078600 0.148600 0.092700 0.000000 0.111300 0.015400 0.112600 0.077000 0.200000 0.097600 0.090400 0.094600 0.078900 0.109000 0.208400 0.164400 0.128600 0.113500 0.125600 0.144600 0.078200 0.062100 0.078100 0.162900 0.120400 0.113700 0.047900 0.047400
Gerenuk 0.076200 0.168600 0.077900 0.127000 0.044900 0.076300 0.044500 0.128900 0.094100 0.087800 0.060300 0.045000 0.078800 0.044300 0.089700 0.029600 0.176100 0.193100 0.060400 0.095000 0.045500 0.061200 0.109700 0.122800 0.060400 0.061000 0.078800 0.111300 0.000000 0.094000 0.092700 0.059600 0.181500 0.078000 0.077400 0.075900 0.060600 0.090500 0.111300 0.124800 0.108000 0.045500 0.104500 0.123200 0.060300 0.045000 0.060800 0.142000 0.109700 0.127200 0.094600 0.094400
CommonElan 0.078100 0.221900 0.015500 0.147500 0.037300 0.078200 0.045500 0.176800 0.031200 0.091200 0.061800 0.046100 0.075500 0.045300 0.084000 0.094600 0.126200 0.143600 0.062000 0.031500 0.071500 0.062700 0.095700 0.109100 0.062000 0.130100 0.075500 0.015400 0.094000 0.000000 0.078400 0.060700 0.167100 0.080000 0.073600 0.077600 0.062100 0.092300 0.187400 0.128300 0.094000 0.095800 0.108300 0.109500 0.061600 0.045800 0.061600 0.144700 0.102700 0.079000 0.031400 0.031000
MuntiacusR 0.076900 0.159800 0.078800 0.139100 0.049600 0.077000 0.044900 0.195900 0.095300 0.014500 0.061000 0.045600 0.079400 0.044600 0.059200 0.093200 0.157800 0.173900 0.061100 0.096100 0.071300 0.061600 0.059200 0.073900 0.061100 0.093800 0.079400 0.112600 0.092700 0.078400 0.000000 0.060000 0.163200 0.062400 0.078200 0.065400 0.061100 0.064900 0.173000 0.089500 0.056800 0.061400 0.029300 0.073600 0.048800 0.032600 0.093600 0.144700 0.107800 0.095000 0.095700 0.095400
HarveysDui 0.032900 0.203800 0.044700 0.125200 0.014200 0.033300 0.014500 0.163300 0.060300 0.052600 0.029200 0.014200 0.045900 0.014400 0.058200 0.059800 0.139400 0.155100 0.029300 0.060900 0.034300 0.029700 0.076000 0.089600 0.029300 0.092600 0.045900 0.077000 0.059600 0.060700 0.060000 0.000000 0.154600 0.045500 0.044900 0.059500 0.029400 0.047200 0.145300 0.118700 0.075200 0.069900 0.069400 0.089800 0.028800 0.014300 0.060000 0.107500 0.076200 0.092700 0.060800 0.061100
Pronghorn 0.163900 0.225100 0.168000 0.148600 0.128500 0.164300 0.127300 0.219600 0.142600 0.182500 0.146100 0.129000 0.170100 0.126700 0.177000 0.173000 0.199300 0.178900 0.146500 0.151300 0.159600 0.148000 0.166000 0.179700 0.146500 0.223400 0.170100 0.200000 0.181500 0.167100 0.163200 0.154600 0.000000 0.149900 0.167100 0.133300 0.146700 0.142500 0.233500 0.179600 0.163800 0.161500 0.163500 0.180400 0.133700 0.116700 0.173600 0.241000 0.162300 0.186200 0.150400 0.180000
BlueWildeb 0.029900 0.215000 0.063700 0.131300 0.030500 0.029900 0.030300 0.189400 0.080300 0.074700 0.014800 0.030600 0.000100 0.030100 0.076000 0.078600 0.144700 0.162200 0.014800 0.081100 0.057100 0.015000 0.079100 0.092800 0.014800 0.113300 0.000100 0.097600 0.078000 0.080000 0.062400 0.045500 0.149900 0.000000 0.030400 0.061800 0.014900 0.076700 0.169400 0.111800 0.077700 0.079700 0.091700 0.093100 0.046000 0.030600 0.078900 0.128500 0.095900 0.096200 0.080600 0.080300
Gemsbok 0.029700 0.234800 0.063000 0.147400 0.030200 0.029700 0.029900 0.183600 0.079400 0.073700 0.014600 0.030300 0.030700 0.029800 0.075600 0.077900 0.156200 0.178800 0.014700 0.080100 0.055900 0.014800 0.095200 0.108800 0.014700 0.112200 0.030700 0.090400 0.077400 0.073600 0.078200 0.044900 0.167100 0.030400 0.000000 0.061500 0.014700 0.076100 0.167900 0.128200 0.093700 0.079000 0.090800 0.109100 0.045700 0.030300 0.072000 0.110900 0.095100 0.107200 0.079700 0.072600
Yak 0.060500 0.213200 0.061800 0.129500 0.029600 0.060500 0.044500 0.183300 0.077700 0.072400 0.044900 0.029800 0.062400 0.044300 0.074500 0.076200 0.147900 0.163800 0.045000 0.078400 0.053600 0.061100 0.082800 0.064200 0.045000 0.110000 0.062400 0.094600 0.075900 0.077600 0.065400 0.059500 0.133300 0.061800 0.061500 0.000000 0.045100 0.074700 0.164900 0.080900 0.082300 0.077300 0.089300 0.063900 0.014700 0.029900 0.076500 0.126200 0.107600 0.099200 0.078100 0.078000
BlueSheep 0.014500 0.209700 0.046300 0.128200 0.014800 0.014600 0.014700 0.166200 0.062300 0.056700 0.000200 0.014900 0.015000 0.014600 0.059100 0.061000 0.142200 0.158900 0.000100 0.062800 0.038800 0.000200 0.077500 0.091200 0.000100 0.094100 0.015000 0.078900 0.060600 0.062100 0.061100 0.029400 0.146700 0.014900 0.014700 0.045100 0.000000 0.059500 0.147900 0.109600 0.076300 0.061800 0.073500 0.091500 0.029800 0.014900 0.061200 0.109100 0.077500 0.094400 0.062500 0.062300
BohorReedb 0.044200 0.247200 0.076400 0.158500 0.044000 0.044200 0.031900 0.140100 0.092300 0.055700 0.059200 0.044200 0.077400 0.032100 0.057500 0.075100 0.173400 0.155100 0.059400 0.093200 0.075500 0.060200 0.107900 0.121100 0.059400 0.091600 0.077400 0.109000 0.090500 0.092300 0.064900 0.047200 0.142500 0.076700 0.076100 0.074700 0.059500 0.000000 0.144300 0.153800 0.106400 0.071200 0.072000 0.121700 0.059300 0.044200 0.075400 0.139900 0.066100 0.125200 0.092800 0.092300
KirksDik 0.165200 0.299600 0.169000 0.209400 0.129600 0.165600 0.128600 0.169700 0.188100 0.179600 0.147400 0.129500 0.171100 0.128100 0.143400 0.111900 0.275000 0.245000 0.147800 0.189600 0.124500 0.149400 0.193100 0.206600 0.147800 0.148400 0.171100 0.208400 0.111300 0.187400 0.173000 0.145300 0.233500 0.169400 0.167900 0.164900 0.147900 0.144300 0.000000 0.209900 0.190500 0.131100 0.198100 0.207600 0.147000 0.130300 0.147400 0.222000 0.167000 0.167600 0.188700 0.188900
RoeDeer 0.125900 0.179100 0.128800 0.195700 0.104700 0.126100 0.091900 0.200400 0.145800 0.109000 0.109000 0.093200 0.130300 0.091400 0.153900 0.125300 0.161300 0.215000 0.109200 0.147100 0.121000 0.110500 0.093500 0.014600 0.109200 0.161900 0.130300 0.164400 0.124800 0.128300 0.089500 0.118700 0.179600 0.111800 0.128200 0.080900 0.109600 0.153800 0.209900 0.000000 0.060500 0.142500 0.125600 0.014600 0.064300 0.081600 0.152200 0.198700 0.159500 0.146900 0.146300 0.160300
WhiteLippe 0.092200 0.158600 0.094400 0.145300 0.060400 0.092200 0.060000 0.220100 0.110800 0.075900 0.076000 0.060600 0.094900 0.059700 0.106300 0.108400 0.159900 0.175600 0.076100 0.111700 0.087200 0.077100 0.060600 0.044100 0.076100 0.144000 0.094900 0.128600 0.108000 0.094000 0.056800 0.075200 0.163800 0.077700 0.093700 0.082300 0.076300 0.106400 0.190500 0.060500 0.000000 0.110200 0.091700 0.044200 0.065600 0.049100 0.108900 0.160600 0.106200 0.111000 0.111200 0.111200
ThomsonGaz 0.077700 0.172700 0.079300 0.104000 0.055900 0.077800 0.045300 0.131400 0.095900 0.054400 0.061500 0.045800 0.080500 0.045100 0.071000 0.045800 0.143500 0.160400 0.061600 0.096800 0.046400 0.062500 0.112000 0.125200 0.061600 0.046000 0.080500 0.113500 0.045500 0.095800 0.061400 0.069900 0.161500 0.079700 0.079000 0.077300 0.061800 0.071200 0.131100 0.142500 0.110200 0.000000 0.071600 0.125700 0.061300 0.045800 0.071700 0.145200 0.112100 0.129800 0.096400 0.108400
MuntiacusC 0.089700 0.198000 0.091400 0.144300 0.057400 0.089800 0.054500 0.209000 0.107700 0.014500 0.072800 0.056700 0.092600 0.054900 0.069500 0.105100 0.195500 0.211300 0.073400 0.108600 0.082500 0.073700 0.092600 0.106800 0.073400 0.105400 0.092600 0.125600 0.104500 0.108300 0.029300 0.069400 0.163500 0.091700 0.090800 0.089300 0.073500 0.072000 0.198100 0.125600 0.091700 0.071600 0.000000 0.107100 0.073000 0.055400 0.105200 0.157900 0.120000 0.143300 0.108600 0.107200
WhiteTaile 0.107400 0.196800 0.110000 0.161300 0.075400 0.107500 0.074700 0.236600 0.126400 0.091100 0.091100 0.075700 0.110700 0.074300 0.121600 0.123600 0.141400 0.191700 0.091300 0.127400 0.103300 0.092200 0.075800 0.000100 0.091300 0.159800 0.110700 0.144600 0.123200 0.109500 0.073600 0.089800 0.180400 0.093100 0.109100 0.063900 0.091500 0.121700 0.207600 0.014600 0.044200 0.125700 0.107100 0.000000 0.047700 0.064300 0.124300 0.177000 0.139900 0.127100 0.126800 0.127100
Cattle 0.045000 0.192600 0.045900 0.112200 0.014400 0.045100 0.014200 0.165000 0.061500 0.056000 0.029700 0.014700 0.046500 0.014300 0.059100 0.060500 0.130600 0.146500 0.029800 0.062100 0.036500 0.030100 0.066000 0.048000 0.029800 0.093600 0.046500 0.078200 0.060300 0.061600 0.048800 0.028800 0.133700 0.046000 0.045700 0.014700 0.029800 0.059300 0.147000 0.064300 0.065600 0.061300 0.073000 0.047700 0.000000 0.014800 0.060700 0.109400 0.075100 0.082200 0.061900 0.061900
RoyalAntel 0.029800 0.172900 0.030000 0.095900 0.000500 0.029900 0.000500 0.147600 0.045400 0.038000 0.014800 0.000500 0.030900 0.000500 0.042900 0.045200 0.097500 0.129800 0.014800 0.045800 0.019000 0.015100 0.049300 0.064400 0.014800 0.077700 0.030900 0.062100 0.045000 0.045800 0.032600 0.014300 0.116700 0.030600 0.030300 0.029900 0.014900 0.044200 0.130300 0.081600 0.049100 0.045800 0.055400 0.064300 0.014800 0.000000 0.045400 0.093200 0.061600 0.065900 0.045900 0.046100
Steenbok 0.077000 0.202000 0.078600 0.115100 0.036500 0.077100 0.044900 0.095200 0.095100 0.088300 0.060900 0.045400 0.073800 0.044700 0.090600 0.030100 0.132400 0.186000 0.061100 0.095800 0.045900 0.061900 0.110800 0.123900 0.061100 0.094300 0.073800 0.078100 0.060800 0.061600 0.093600 0.060000 0.173600 0.078900 0.072000 0.076500 0.061200 0.075400 0.147400 0.152200 0.108900 0.071700 0.105200 0.124300 0.060700 0.045400 0.000000 0.143000 0.110800 0.093800 0.095500 0.061800
Impala 0.125500 0.326400 0.128300 0.180800 0.092400 0.125600 0.091700 0.261600 0.145300 0.140100 0.108500 0.093100 0.129600 0.091300 0.139600 0.142700 0.195100 0.250300 0.108800 0.146600 0.122500 0.110300 0.162000 0.176400 0.108800 0.143700 0.129600 0.162900 0.142000 0.144700 0.144700 0.107500 0.241000 0.128500 0.110900 0.126200 0.109100 0.139900 0.222000 0.198700 0.160600 0.145200 0.157900 0.177000 0.109400 0.093200 0.143000 0.000000 0.162200 0.163400 0.145800 0.145400
Klipspring 0.086500 0.226900 0.084200 0.168100 0.055100 0.087400 0.060800 0.148000 0.100800 0.102000 0.077100 0.056900 0.096700 0.060400 0.075100 0.110400 0.194000 0.173700 0.077300 0.101900 0.088800 0.078300 0.126100 0.139700 0.077300 0.146400 0.096700 0.120400 0.109700 0.102700 0.107800 0.076200 0.162300 0.095900 0.095100 0.107600 0.077500 0.066100 0.167000 0.159500 0.106200 0.112100 0.120000 0.139900 0.075100 0.061600 0.110800 0.162200 0.000000 0.140000 0.102700 0.100500
ForestMusk 0.110800 0.236000 0.113800 0.167000 0.070100 0.110900 0.077100 0.203900 0.131300 0.125400 0.093900 0.078000 0.109300 0.076600 0.120000 0.127700 0.152900 0.198500 0.094100 0.132300 0.105000 0.095100 0.112300 0.126800 0.094100 0.165300 0.109300 0.113700 0.127200 0.079000 0.095000 0.092700 0.186200 0.096200 0.107200 0.099200 0.094400 0.125200 0.167600 0.146900 0.111000 0.129800 0.143300 0.127100 0.082200 0.065900 0.093800 0.163400 0.140000 0.000000 0.131600 0.078800
Bushbuck 0.078600 0.254700 0.015600 0.166700 0.045800 0.078700 0.045500 0.219800 0.000100 0.091300 0.062100 0.046200 0.081400 0.045500 0.084200 0.095300 0.180400 0.162000 0.062300 0.000100 0.071600 0.063000 0.113400 0.126400 0.062300 0.130900 0.081400 0.047900 0.094600 0.031400 0.095700 0.060800 0.150400 0.080600 0.079700 0.078100 0.062500 0.092800 0.188700 0.146300 0.111200 0.096400 0.108600 0.126800 0.061900 0.045900 0.095500 0.145800 0.102700 0.131600 0.000000 0.064200
GreaterKud 0.078300 0.236000 0.047600 0.166600 0.037200 0.078400 0.045700 0.168200 0.064100 0.089900 0.061900 0.046200 0.074400 0.045400 0.083300 0.095000 0.144100 0.199000 0.062000 0.064600 0.070800 0.062900 0.113200 0.126600 0.062000 0.130700 0.074400 0.047400 0.094400 0.031000 0.095400 0.061100 0.180000 0.080300 0.072600 0.078000 0.062300 0.092300 0.188900 0.160300 0.111200 0.108400 0.107200 0.127100 0.061900 0.046100 0.061800 0.145400 0.100500 0.078800 0.064200 0.000000
