CODONML (in paml version 4.10.7, June 2023)  /home/rachel/ruminants_paml/6406-phy-tree/ENSBTAT00000026369.fasta.phy
Model: free dN/dS Ratios for branches,  kappa = 2.000 fixed

Codon frequency model: F3x4
ns =  54  ls =  53

Codon usage in sequences
--------------------------------------------------------------------------------------------------------------------------------------
Phe TTT   5   5   5   5   5   5 | Ser TCT   1   1   1   1   1   1 | Tyr TAT   3   3   3   3   2   3 | Cys TGT   1   0   0   0   1   0
    TTC   0   0   0   0   2   1 |     TCC   1   1   1   1   1   1 |     TAC   1   1   1   1   1   1 |     TGC   0   1   1   1   0   1
Leu TTA   1   1   1   1   0   0 |     TCA   0   0   0   0   0   0 | *** TAA   0   0   0   0   0   0 | *** TGA   0   0   0   0   0   0
    TTG   1   1   1   1   2   2 |     TCG   0   0   0   0   0   0 |     TAG   0   0   0   0   0   0 | Trp TGG   2   2   2   2   2   2
--------------------------------------------------------------------------------------------------------------------------------------
Leu CTT   0   0   0   0   0   0 | Pro CCT   1   1   1   2   1   1 | His CAT   0   0   0   0   0   0 | Arg CGT   0   0   0   0   0   0
    CTC   2   2   2   3   0   1 |     CCC   1   1   1   0   1   1 |     CAC   0   0   0   0   0   1 |     CGC   0   0   0   0   0   0
    CTA   0   0   0   0   0   0 |     CCA   1   1   1   1   2   2 | Gln CAA   1   1   0   1   1   1 |     CGA   0   0   0   0   0   0
    CTG   5   5   5   4   5   5 |     CCG   1   1   1   1   0   0 |     CAG   1   1   1   1   1   0 |     CGG   0   0   0   0   0   0
--------------------------------------------------------------------------------------------------------------------------------------
Ile ATT   2   2   2   2   2   2 | Thr ACT   0   0   0   0   0   0 | Asn AAT   1   1   1   1   1   1 | Ser AGT   1   1   1   1   1   1
    ATC   0   0   0   0   0   0 |     ACC   3   3   3   3   4   2 |     AAC   0   0   0   0   1   1 |     AGC   0   0   0   0   0   0
    ATA   0   0   0   0   0   0 |     ACA   1   1   1   1   0   1 | Lys AAA   2   3   2   2   1   1 | Arg AGA   0   0   0   0   0   0
Met ATG   0   0   0   0   0   0 |     ACG   0   0   0   0   0   0 |     AAG   2   1   2   2   2   2 |     AGG   0   0   0   0   0   0
--------------------------------------------------------------------------------------------------------------------------------------
Val GTT   0   1   1   1   2   1 | Ala GCT   1   1   1   1   1   1 | Asp GAT   0   0   0   0   0   0 | Gly GGT   1   1   1   1   1   1
    GTC   2   1   1   1   1   1 |     GCC   2   2   2   2   1   3 |     GAC   2   2   2   2   2   2 |     GGC   1   1   1   1   1   1
    GTA   0   0   0   0   0   0 |     GCA   2   2   2   2   3   2 | Glu GAA   0   0   1   0   0   0 |     GGA   1   1   1   1   1   1
    GTG   0   0   0   0   0   0 |     GCG   0   0   0   0   0   0 |     GAG   0   0   0   0   0   0 |     GGG   0   0   0   0   0   0
--------------------------------------------------------------------------------------------------------------------------------------

--------------------------------------------------------------------------------------------------------------------------------------
Phe TTT   5   5   5   5   5   5 | Ser TCT   1   1   1   1   1   1 | Tyr TAT   3   3   2   3   3   3 | Cys TGT   0   0   0   0   0   1
    TTC   0   0   0   0   0   0 |     TCC   1   1   1   1   1   1 |     TAC   1   1   2   1   1   1 |     TGC   1   1   1   1   1   0
Leu TTA   1   1   1   1   1   1 |     TCA   0   0   0   0   0   0 | *** TAA   0   0   0   0   0   0 | *** TGA   0   0   0   0   0   0
    TTG   1   1   1   1   1   1 |     TCG   0   0   0   0   0   0 |     TAG   0   0   0   0   0   0 | Trp TGG   2   2   2   2   2   2
--------------------------------------------------------------------------------------------------------------------------------------
Leu CTT   0   0   0   0   0   0 | Pro CCT   1   1   1   1   1   1 | His CAT   0   0   0   0   0   0 | Arg CGT   0   0   0   0   0   0
    CTC   2   2   2   2   2   2 |     CCC   1   1   1   1   1   1 |     CAC   0   0   0   0   0   0 |     CGC   0   0   0   0   0   0
    CTA   0   0   0   0   0   0 |     CCA   1   1   1   0   1   1 | Gln CAA   1   1   1   1   0   1 |     CGA   0   0   0   0   0   0
    CTG   5   5   5   5   5   5 |     CCG   1   1   1   2   1   1 |     CAG   1   1   1   1   1   1 |     CGG   0   0   0   0   0   0
--------------------------------------------------------------------------------------------------------------------------------------
Ile ATT   2   2   2   2   2   2 | Thr ACT   0   0   0   0   0   0 | Asn AAT   1   1   1   1   1   1 | Ser AGT   0   1   1   1   1   1
    ATC   0   0   0   0   0   0 |     ACC   2   3   3   3   3   3 |     AAC   0   0   0   0   0   0 |     AGC   1   0   0   0   0   0
    ATA   0   0   0   0   0   0 |     ACA   1   1   1   1   1   1 | Lys AAA   2   2   2   2   2   2 | Arg AGA   0   0   0   0   0   0
Met ATG   0   0   0   0   0   0 |     ACG   0   0   0   0   0   0 |     AAG   2   2   2   2   2   2 |     AGG   0   0   0   0   0   0
--------------------------------------------------------------------------------------------------------------------------------------
Val GTT   0   0   1   1   1   1 | Ala GCT   1   1   1   1   1   1 | Asp GAT   0   0   0   0   0   0 | Gly GGT   1   1   1   1   1   1
    GTC   2   2   1   1   1   1 |     GCC   3   2   2   2   2   2 |     GAC   2   2   2   2   2   2 |     GGC   1   1   1   1   1   1
    GTA   0   0   0   0   0   0 |     GCA   2   2   2   2   2   2 | Glu GAA   0   0   0   0   1   0 |     GGA   1   1   1   1   1   1
    GTG   0   0   0   0   0   0 |     GCG   0   0   0   0   0   0 |     GAG   0   0   0   0   0   0 |     GGG   0   0   0   0   0   0
--------------------------------------------------------------------------------------------------------------------------------------

--------------------------------------------------------------------------------------------------------------------------------------
Phe TTT   5   5   5   5   4   5 | Ser TCT   1   1   1   1   2   1 | Tyr TAT   3   3   3   2   3   3 | Cys TGT   0   0   0   0   0   0
    TTC   0   0   0   0   0   0 |     TCC   1   1   1   1   1   1 |     TAC   1   1   1   2   1   1 |     TGC   1   1   1   1   1   1
Leu TTA   1   1   1   1   1   1 |     TCA   0   0   0   0   0   0 | *** TAA   0   0   0   0   0   0 | *** TGA   0   0   0   0   0   0
    TTG   1   1   1   1   1   1 |     TCG   0   0   0   0   0   0 |     TAG   0   0   0   0   0   0 | Trp TGG   2   2   2   2   2   2
--------------------------------------------------------------------------------------------------------------------------------------
Leu CTT   0   0   0   2   1   0 | Pro CCT   1   1   1   1   1   1 | His CAT   0   0   0   0   0   0 | Arg CGT   0   0   0   0   0   0
    CTC   2   2   2   1   2   2 |     CCC   1   1   2   1   2   1 |     CAC   0   0   0   0   0   0 |     CGC   0   0   0   0   0   0
    CTA   0   0   0   0   0   0 |     CCA   1   1   1   1   1   1 | Gln CAA   1   1   1   1   1   1 |     CGA   0   0   0   0   0   0
    CTG   5   5   5   4   5   5 |     CCG   1   1   0   1   1   1 |     CAG   1   1   1   1   1   1 |     CGG   0   0   0   0   0   0
--------------------------------------------------------------------------------------------------------------------------------------
Ile ATT   2   2   2   2   2   2 | Thr ACT   0   0   0   0   1   0 | Asn AAT   1   1   1   1   1   1 | Ser AGT   1   1   1   1   1   1
    ATC   0   0   0   0   0   0 |     ACC   3   3   3   3   2   3 |     AAC   0   0   0   0   0   0 |     AGC   0   0   0   0   0   0
    ATA   0   0   0   0   0   0 |     ACA   1   1   1   1   1   1 | Lys AAA   2   2   2   2   2   2 | Arg AGA   0   0   0   0   0   0
Met ATG   0   0   0   0   0   0 |     ACG   0   0   0   0   0   0 |     AAG   2   2   2   2   2   2 |     AGG   0   0   0   0   0   0
--------------------------------------------------------------------------------------------------------------------------------------
Val GTT   0   1   1   1   1   1 | Ala GCT   1   1   1   1   0   1 | Asp GAT   0   0   0   0   0   0 | Gly GGT   1   2   1   1   1   1
    GTC   2   1   1   1   1   1 |     GCC   2   2   2   2   1   2 |     GAC   2   2   2   2   2   2 |     GGC   1   0   1   1   1   1
    GTA   0   0   0   0   0   0 |     GCA   2   2   2   2   2   2 | Glu GAA   0   0   0   0   0   0 |     GGA   1   1   1   1   1   1
    GTG   0   0   0   0   0   0 |     GCG   0   0   0   0   0   0 |     GAG   0   0   0   0   0   0 |     GGG   0   0   0   0   0   0
--------------------------------------------------------------------------------------------------------------------------------------

--------------------------------------------------------------------------------------------------------------------------------------
Phe TTT   5   5   5   5   5   5 | Ser TCT   1   1   1   1   1   1 | Tyr TAT   3   3   3   3   3   3 | Cys TGT   0   0   0   0   0   0
    TTC   0   0   0   0   0   0 |     TCC   1   1   1   1   1   1 |     TAC   1   1   1   1   1   1 |     TGC   1   1   1   1   1   1
Leu TTA   1   1   1   1   1   1 |     TCA   0   0   0   0   0   0 | *** TAA   0   0   0   0   0   0 | *** TGA   0   0   0   0   0   0
    TTG   1   1   1   1   1   1 |     TCG   0   0   0   0   0   0 |     TAG   0   0   0   0   0   0 | Trp TGG   2   2   2   2   2   2
--------------------------------------------------------------------------------------------------------------------------------------
Leu CTT   0   0   0   0   0   0 | Pro CCT   1   1   1   1   1   1 | His CAT   0   0   0   0   0   0 | Arg CGT   0   0   0   0   0   0
    CTC   2   2   2   2   2   2 |     CCC   1   1   1   1   1   1 |     CAC   0   0   0   0   0   0 |     CGC   0   0   0   0   0   0
    CTA   0   0   0   0   0   0 |     CCA   1   2   1   1   1   1 | Gln CAA   1   1   1   0   1   1 |     CGA   0   0   0   0   0   0
    CTG   5   5   5   5   5   5 |     CCG   1   0   1   1   1   1 |     CAG   1   1   1   1   1   1 |     CGG   0   0   0   0   0   0
--------------------------------------------------------------------------------------------------------------------------------------
Ile ATT   2   2   2   2   2   2 | Thr ACT   0   0   0   0   0   0 | Asn AAT   1   1   1   1   1   1 | Ser AGT   1   1   1   1   1   1
    ATC   0   0   0   0   0   0 |     ACC   3   3   3   3   3   3 |     AAC   1   1   0   0   0   0 |     AGC   0   0   0   0   0   0
    ATA   0   0   0   0   0   0 |     ACA   1   1   1   1   1   1 | Lys AAA   2   2   2   2   2   2 | Arg AGA   0   0   0   0   0   0
Met ATG   0   0   0   0   0   0 |     ACG   0   0   0   0   0   0 |     AAG   2   2   2   2   2   2 |     AGG   0   0   0   0   0   0
--------------------------------------------------------------------------------------------------------------------------------------
Val GTT   1   1   1   1   1   0 | Ala GCT   1   1   1   1   1   1 | Asp GAT   0   0   0   0   0   0 | Gly GGT   1   1   1   1   1   1
    GTC   1   1   1   1   1   2 |     GCC   2   2   2   2   2   2 |     GAC   1   1   2   2   2   2 |     GGC   1   1   1   1   1   1
    GTA   0   0   0   0   0   0 |     GCA   2   2   2   2   2   2 | Glu GAA   0   0   0   1   0   0 |     GGA   1   1   1   1   1   1
    GTG   0   0   0   0   0   0 |     GCG   0   0   0   0   0   0 |     GAG   0   0   0   0   0   0 |     GGG   0   0   0   0   0   0
--------------------------------------------------------------------------------------------------------------------------------------

--------------------------------------------------------------------------------------------------------------------------------------
Phe TTT   5   5   5   5   5   5 | Ser TCT   1   1   1   1   1   1 | Tyr TAT   3   3   3   3   3   3 | Cys TGT   1   1   0   0   0   0
    TTC   0   0   0   0   0   0 |     TCC   1   1   1   1   1   1 |     TAC   1   1   1   1   1   1 |     TGC   0   0   1   1   1   1
Leu TTA   1   1   1   1   1   1 |     TCA   0   0   0   0   0   0 | *** TAA   0   0   0   0   0   0 | *** TGA   0   0   0   0   0   0
    TTG   1   1   1   1   1   1 |     TCG   0   0   0   0   0   0 |     TAG   0   0   0   0   0   0 | Trp TGG   2   2   2   2   2   2
--------------------------------------------------------------------------------------------------------------------------------------
Leu CTT   0   0   0   0   0   0 | Pro CCT   1   1   1   1   1   1 | His CAT   0   0   0   0   0   0 | Arg CGT   0   0   0   0   0   0
    CTC   2   2   2   2   2   2 |     CCC   1   1   1   1   1   1 |     CAC   0   0   0   0   0   0 |     CGC   0   0   0   0   0   0
    CTA   0   0   0   0   0   0 |     CCA   1   2   1   1   1   1 | Gln CAA   1   1   1   1   1   0 |     CGA   0   0   0   0   0   0
    CTG   5   5   5   5   5   5 |     CCG   1   0   1   1   1   1 |     CAG   1   1   1   1   1   1 |     CGG   0   0   0   0   0   0
--------------------------------------------------------------------------------------------------------------------------------------
Ile ATT   2   2   2   2   2   2 | Thr ACT   0   0   0   0   0   0 | Asn AAT   1   1   1   1   1   1 | Ser AGT   1   1   1   1   1   1
    ATC   0   0   0   0   0   0 |     ACC   3   3   3   3   3   3 |     AAC   0   0   0   0   0   0 |     AGC   0   0   0   0   0   0
    ATA   0   0   0   0   0   0 |     ACA   1   1   1   1   1   1 | Lys AAA   2   2   2   2   2   2 | Arg AGA   0   0   0   0   0   0
Met ATG   0   0   0   0   0   0 |     ACG   0   0   0   0   0   0 |     AAG   2   2   2   2   2   2 |     AGG   0   0   0   0   0   0
--------------------------------------------------------------------------------------------------------------------------------------
Val GTT   1   1   0   1   1   1 | Ala GCT   1   1   1   1   1   1 | Asp GAT   0   0   0   0   0   0 | Gly GGT   1   1   1   1   1   1
    GTC   1   1   2   1   1   1 |     GCC   2   2   2   2   2   2 |     GAC   2   2   2   2   2   2 |     GGC   1   1   1   1   1   1
    GTA   0   0   0   0   0   0 |     GCA   2   2   2   2   2   2 | Glu GAA   0   0   0   0   0   1 |     GGA   1   1   1   1   1   1
    GTG   0   0   0   0   0   0 |     GCG   0   0   0   0   0   0 |     GAG   0   0   0   0   0   0 |     GGG   0   0   0   0   0   0
--------------------------------------------------------------------------------------------------------------------------------------

--------------------------------------------------------------------------------------------------------------------------------------
Phe TTT   5   5   5   5   5   5 | Ser TCT   1   1   1   1   1   1 | Tyr TAT   3   3   3   2   3   3 | Cys TGT   0   0   1   0   0   0
    TTC   0   0   0   0   0   0 |     TCC   1   1   1   1   1   1 |     TAC   1   1   1   2   1   1 |     TGC   1   1   0   1   1   1
Leu TTA   1   1   1   1   1   1 |     TCA   0   0   0   0   0   0 | *** TAA   0   0   0   0   0   0 | *** TGA   0   0   0   0   0   0
    TTG   1   1   1   1   1   1 |     TCG   0   0   0   0   0   0 |     TAG   0   0   0   0   0   0 | Trp TGG   2   2   2   2   2   2
--------------------------------------------------------------------------------------------------------------------------------------
Leu CTT   0   0   0   0   0   0 | Pro CCT   1   1   1   1   1   1 | His CAT   0   0   0   0   0   0 | Arg CGT   0   0   0   0   0   0
    CTC   2   2   2   2   2   2 |     CCC   1   1   1   1   1   1 |     CAC   0   0   0   0   0   0 |     CGC   0   0   0   0   0   0
    CTA   0   0   1   0   0   0 |     CCA   1   1   2   1   1   1 | Gln CAA   1   0   1   1   1   1 |     CGA   0   0   0   0   0   0
    CTG   5   5   4   5   5   5 |     CCG   1   1   0   1   1   1 |     CAG   1   1   1   1   1   1 |     CGG   0   0   0   0   0   0
--------------------------------------------------------------------------------------------------------------------------------------
Ile ATT   2   2   2   2   2   2 | Thr ACT   0   0   0   0   0   0 | Asn AAT   1   1   1   1   1   1 | Ser AGT   1   1   1   1   1   1
    ATC   0   0   0   0   0   0 |     ACC   3   3   3   3   3   3 |     AAC   0   0   0   0   0   0 |     AGC   0   0   0   0   0   0
    ATA   0   0   0   0   0   0 |     ACA   1   1   1   1   1   1 | Lys AAA   2   2   2   2   2   2 | Arg AGA   0   0   0   0   0   0
Met ATG   0   0   0   0   0   0 |     ACG   0   0   0   0   0   0 |     AAG   2   2   2   2   2   2 |     AGG   0   0   0   0   0   0
--------------------------------------------------------------------------------------------------------------------------------------
Val GTT   1   1   1   1   1   1 | Ala GCT   1   1   1   1   1   1 | Asp GAT   0   0   0   0   0   0 | Gly GGT   1   1   1   1   1   1
    GTC   1   1   1   1   1   1 |     GCC   2   2   2   2   2   2 |     GAC   2   2   2   2   2   2 |     GGC   1   1   1   1   1   1
    GTA   0   0   0   0   0   0 |     GCA   2   2   2   2   2   2 | Glu GAA   0   1   0   0   0   0 |     GGA   1   1   1   1   1   1
    GTG   0   0   0   0   0   0 |     GCG   0   0   0   0   0   0 |     GAG   0   0   0   0   0   0 |     GGG   0   0   0   0   0   0
--------------------------------------------------------------------------------------------------------------------------------------

--------------------------------------------------------------------------------------------------------------------------------------
Phe TTT   5   5   5   5   5   5 | Ser TCT   1   1   1   1   1   1 | Tyr TAT   3   3   3   3   3   3 | Cys TGT   0   0   0   0   0   1
    TTC   0   0   0   0   0   0 |     TCC   1   1   1   1   0   1 |     TAC   1   1   1   1   1   1 |     TGC   1   1   1   1   1   0
Leu TTA   1   1   1   1   1   1 |     TCA   0   0   0   0   0   0 | *** TAA   0   0   0   0   0   0 | *** TGA   0   0   0   0   0   0
    TTG   1   1   1   1   1   1 |     TCG   0   0   0   0   0   0 |     TAG   0   0   0   0   0   0 | Trp TGG   2   2   2   2   2   2
--------------------------------------------------------------------------------------------------------------------------------------
Leu CTT   0   0   0   0   0   0 | Pro CCT   1   1   1   1   1   1 | His CAT   0   0   0   0   0   0 | Arg CGT   0   0   0   0   0   0
    CTC   2   2   2   2   2   2 |     CCC   1   1   1   1   2   1 |     CAC   0   0   0   0   0   0 |     CGC   0   0   0   0   0   0
    CTA   0   0   0   0   0   0 |     CCA   1   1   1   1   1   1 | Gln CAA   1   1   1   1   1   1 |     CGA   0   0   0   0   0   0
    CTG   5   5   5   5   5   5 |     CCG   1   1   1   1   1   1 |     CAG   1   1   1   1   1   1 |     CGG   0   0   0   0   0   0
--------------------------------------------------------------------------------------------------------------------------------------
Ile ATT   2   2   2   2   2   2 | Thr ACT   0   0   0   0   0   0 | Asn AAT   1   1   1   1   1   1 | Ser AGT   1   1   1   0   1   1
    ATC   0   0   0   0   0   0 |     ACC   3   3   3   2   3   3 |     AAC   0   0   0   0   0   0 |     AGC   0   0   0   1   0   0
    ATA   0   0   0   0   0   0 |     ACA   1   1   1   1   1   1 | Lys AAA   2   2   2   2   2   2 | Arg AGA   0   0   0   0   0   0
Met ATG   0   0   0   0   0   0 |     ACG   0   0   0   0   0   0 |     AAG   2   2   2   2   2   2 |     AGG   0   0   0   0   0   0
--------------------------------------------------------------------------------------------------------------------------------------
Val GTT   1   1   0   0   1   1 | Ala GCT   1   1   1   1   1   1 | Asp GAT   0   0   0   0   0   0 | Gly GGT   1   2   1   1   1   1
    GTC   1   1   2   2   1   1 |     GCC   2   2   2   3   2   2 |     GAC   2   2   2   2   2   2 |     GGC   1   0   1   1   1   1
    GTA   0   0   0   0   0   0 |     GCA   2   2   2   2   2   2 | Glu GAA   0   0   0   0   0   0 |     GGA   1   1   1   1   1   1
    GTG   0   0   0   0   0   0 |     GCG   0   0   0   0   0   0 |     GAG   0   0   0   0   0   0 |     GGG   0   0   0   0   0   0
--------------------------------------------------------------------------------------------------------------------------------------

--------------------------------------------------------------------------------------------------------------------------------------
Phe TTT   5   5   5   5   5   5 | Ser TCT   1   1   0   1   1   1 | Tyr TAT   3   3   3   3   3   3 | Cys TGT   1   0   1   1   0   0
    TTC   0   1   0   0   0   0 |     TCC   1   1   1   1   1   1 |     TAC   1   1   1   1   1   1 |     TGC   0   1   0   0   1   1
Leu TTA   1   1   1   1   1   1 |     TCA   0   0   0   0   0   0 | *** TAA   0   0   0   0   0   0 | *** TGA   0   0   0   0   0   0
    TTG   1   1   1   1   1   1 |     TCG   0   0   0   0   0   0 |     TAG   0   0   0   0   0   0 | Trp TGG   2   2   2   2   2   2
--------------------------------------------------------------------------------------------------------------------------------------
Leu CTT   0   0   0   0   0   0 | Pro CCT   1   1   2   1   1   1 | His CAT   0   0   0   0   0   0 | Arg CGT   0   0   0   0   0   0
    CTC   2   1   2   2   2   2 |     CCC   2   1   1   1   2   1 |     CAC   0   0   0   0   0   0 |     CGC   0   0   0   0   0   0
    CTA   0   0   0   0   0   0 |     CCA   1   1   1   2   1   2 | Gln CAA   1   1   1   1   1   1 |     CGA   0   0   0   0   0   0
    CTG   5   5   5   5   5   5 |     CCG   0   1   1   0   0   0 |     CAG   1   1   1   1   1   1 |     CGG   0   0   0   0   0   0
--------------------------------------------------------------------------------------------------------------------------------------
Ile ATT   2   2   2   2   2   1 | Thr ACT   0   0   0   0   0   0 | Asn AAT   1   1   1   1   1   1 | Ser AGT   1   1   1   1   1   1
    ATC   0   0   0   0   0   0 |     ACC   3   3   3   3   2   3 |     AAC   0   0   0   0   0   0 |     AGC   0   0   0   0   0   0
    ATA   0   0   0   0   0   0 |     ACA   1   1   1   1   1   1 | Lys AAA   2   2   2   2   2   2 | Arg AGA   0   0   0   0   0   0
Met ATG   0   0   0   0   0   1 |     ACG   0   0   0   0   1   0 |     AAG   2   2   2   2   2   2 |     AGG   0   0   0   0   0   0
--------------------------------------------------------------------------------------------------------------------------------------
Val GTT   1   1   1   1   1   0 | Ala GCT   1   1   1   1   1   1 | Asp GAT   0   0   0   0   0   0 | Gly GGT   1   2   1   1   2   1
    GTC   1   1   1   1   1   2 |     GCC   2   2   2   2   2   2 |     GAC   2   2   2   2   2   2 |     GGC   1   0   1   1   0   1
    GTA   0   0   0   0   0   0 |     GCA   2   2   2   2   2   2 | Glu GAA   0   0   0   0   0   0 |     GGA   1   1   1   1   1   1
    GTG   0   0   0   0   0   0 |     GCG   0   0   0   0   0   0 |     GAG   0   0   0   0   0   0 |     GGG   0   0   0   0   0   0
--------------------------------------------------------------------------------------------------------------------------------------

--------------------------------------------------------------------------------------------------------------------------------------
Phe TTT   5   5   4   5   5   5 | Ser TCT   1   1   1   1   1   1 | Tyr TAT   3   2   3   3   3   3 | Cys TGT   0   1   0   0   0   0
    TTC   0   0   1   0   0   0 |     TCC   1   1   1   1   1   1 |     TAC   1   2   1   1   1   1 |     TGC   1   0   1   1   1   1
Leu TTA   1   1   1   1   1   1 |     TCA   0   0   0   0   0   0 | *** TAA   0   0   0   0   0   0 | *** TGA   0   0   0   0   0   0
    TTG   1   1   1   1   1   1 |     TCG   0   0   0   0   0   0 |     TAG   0   0   0   0   0   0 | Trp TGG   2   2   2   2   2   2
--------------------------------------------------------------------------------------------------------------------------------------
Leu CTT   0   0   0   0   0   0 | Pro CCT   1   1   1   2   1   1 | His CAT   0   0   0   0   0   0 | Arg CGT   0   0   0   0   0   0
    CTC   2   2   2   3   2   2 |     CCC   1   1   1   0   1   1 |     CAC   0   0   0   0   0   0 |     CGC   0   0   0   0   0   0
    CTA   0   0   0   0   0   0 |     CCA   1   1   1   1   1   1 | Gln CAA   1   1   1   1   0   0 |     CGA   0   0   0   0   0   0
    CTG   5   5   5   4   5   5 |     CCG   1   1   1   1   1   1 |     CAG   1   1   1   1   1   1 |     CGG   0   0   0   0   0   0
--------------------------------------------------------------------------------------------------------------------------------------
Ile ATT   2   2   2   2   2   2 | Thr ACT   0   0   0   0   0   0 | Asn AAT   1   1   1   1   1   1 | Ser AGT   1   1   1   1   1   1
    ATC   0   0   0   0   0   0 |     ACC   3   3   3   3   3   3 |     AAC   0   0   0   0   0   0 |     AGC   0   0   0   0   0   0
    ATA   0   0   0   0   0   0 |     ACA   1   1   1   1   1   1 | Lys AAA   2   2   2   2   2   2 | Arg AGA   0   0   0   0   0   0
Met ATG   0   0   0   0   0   0 |     ACG   0   0   0   0   0   0 |     AAG   2   2   2   2   2   2 |     AGG   0   0   0   0   0   0
--------------------------------------------------------------------------------------------------------------------------------------
Val GTT   1   0   0   1   1   1 | Ala GCT   1   1   1   1   1   1 | Asp GAT   0   0   0   0   0   0 | Gly GGT   1   1   1   1   1   1
    GTC   1   2   2   1   1   1 |     GCC   2   2   2   2   2   2 |     GAC   2   2   2   2   2   2 |     GGC   1   1   1   1   1   1
    GTA   0   0   0   0   0   0 |     GCA   2   2   2   2   2   2 | Glu GAA   0   0   0   0   1   1 |     GGA   1   1   1   1   1   1
    GTG   0   0   0   0   0   0 |     GCG   0   0   0   0   0   0 |     GAG   0   0   0   0   0   0 |     GGG   0   0   0   0   0   0
--------------------------------------------------------------------------------------------------------------------------------------

Codon position x base (3x4) table for each sequence.

#1: Argali         
position  1:    T:0.30189    C:0.24528    A:0.22642    G:0.22642
position  2:    T:0.33962    C:0.28302    A:0.24528    G:0.13208
position  3:    T:0.32075    C:0.28302    A:0.16981    G:0.22642
Average         T:0.32075    C:0.27044    A:0.21384    G:0.19497

#2: LesserMouseDeer
position  1:    T:0.30189    C:0.24528    A:0.22642    G:0.22642
position  2:    T:0.33962    C:0.28302    A:0.24528    G:0.13208
position  3:    T:0.32075    C:0.28302    A:0.18868    G:0.20755
Average         T:0.32075    C:0.27044    A:0.22013    G:0.18868

#3: LesserKudu     
position  1:    T:0.30189    C:0.22642    A:0.22642    G:0.24528
position  2:    T:0.33962    C:0.28302    A:0.24528    G:0.13208
position  3:    T:0.32075    C:0.28302    A:0.16981    G:0.22642
Average         T:0.32075    C:0.26415    A:0.21384    G:0.20126

#4: ForestMuskDeer2
position  1:    T:0.30189    C:0.24528    A:0.22642    G:0.22642
position  2:    T:0.33962    C:0.28302    A:0.24528    G:0.13208
position  3:    T:0.33962    C:0.28302    A:0.16981    G:0.20755
Average         T:0.32704    C:0.27044    A:0.21384    G:0.18868

#5: Camel          
position  1:    T:0.32075    C:0.20755    A:0.22642    G:0.24528
position  2:    T:0.35849    C:0.28302    A:0.22642    G:0.13208
position  3:    T:0.33962    C:0.28302    A:0.15094    G:0.22642
Average         T:0.33962    C:0.25786    A:0.20126    G:0.20126

#6: KillerWhale    
position  1:    T:0.32075    C:0.22642    A:0.20755    G:0.24528
position  2:    T:0.33962    C:0.28302    A:0.24528    G:0.13208
position  3:    T:0.32075    C:0.32075    A:0.15094    G:0.20755
Average         T:0.32704    C:0.27673    A:0.20126    G:0.19497

#7: DefassaWaterbuck
position  1:    T:0.30189    C:0.24528    A:0.20755    G:0.24528
position  2:    T:0.33962    C:0.28302    A:0.24528    G:0.13208
position  3:    T:0.28302    C:0.32075    A:0.16981    G:0.22642
Average         T:0.30818    C:0.28302    A:0.20755    G:0.20126

#8: Sheep          
position  1:    T:0.30189    C:0.24528    A:0.22642    G:0.22642
position  2:    T:0.33962    C:0.28302    A:0.24528    G:0.13208
position  3:    T:0.30189    C:0.30189    A:0.16981    G:0.22642
Average         T:0.31447    C:0.27673    A:0.21384    G:0.19497

#9: MaxwellsDuiker 
position  1:    T:0.30189    C:0.24528    A:0.22642    G:0.22642
position  2:    T:0.33962    C:0.28302    A:0.24528    G:0.13208
position  3:    T:0.30189    C:0.30189    A:0.16981    G:0.22642
Average         T:0.31447    C:0.27673    A:0.21384    G:0.19497

#10: GazellaPrzewalskyi
position  1:    T:0.30189    C:0.24528    A:0.22642    G:0.22642
position  2:    T:0.33962    C:0.28302    A:0.24528    G:0.13208
position  3:    T:0.32075    C:0.28302    A:0.15094    G:0.24528
Average         T:0.32075    C:0.27044    A:0.20755    G:0.20126

#11: MountainNyala  
position  1:    T:0.30189    C:0.22642    A:0.22642    G:0.24528
position  2:    T:0.33962    C:0.28302    A:0.24528    G:0.13208
position  3:    T:0.32075    C:0.28302    A:0.16981    G:0.22642
Average         T:0.32075    C:0.26415    A:0.21384    G:0.20126

#12: MuntiacusMuntjak
position  1:    T:0.30189    C:0.24528    A:0.22642    G:0.22642
position  2:    T:0.33962    C:0.28302    A:0.24528    G:0.13208
position  3:    T:0.33962    C:0.26415    A:0.16981    G:0.22642
Average         T:0.32704    C:0.26415    A:0.21384    G:0.19497

#13: goat           
position  1:    T:0.30189    C:0.24528    A:0.22642    G:0.22642
position  2:    T:0.33962    C:0.28302    A:0.24528    G:0.13208
position  3:    T:0.30189    C:0.30189    A:0.16981    G:0.22642
Average         T:0.31447    C:0.27673    A:0.21384    G:0.19497

#14: AfricanBuffalo 
position  1:    T:0.30189    C:0.24528    A:0.22642    G:0.22642
position  2:    T:0.33962    C:0.28302    A:0.24528    G:0.13208
position  3:    T:0.33962    C:0.26415    A:0.16981    G:0.22642
Average         T:0.32704    C:0.26415    A:0.21384    G:0.19497

#15: Topi           
position  1:    T:0.30189    C:0.24528    A:0.22642    G:0.22642
position  2:    T:0.33962    C:0.28302    A:0.24528    G:0.13208
position  3:    T:0.32075    C:0.30189    A:0.16981    G:0.20755
Average         T:0.32075    C:0.27673    A:0.21384    G:0.18868

#16: CommonDuiker   
position  1:    T:0.30189    C:0.24528    A:0.22642    G:0.22642
position  2:    T:0.33962    C:0.28302    A:0.24528    G:0.13208
position  3:    T:0.33962    C:0.28302    A:0.16981    G:0.20755
Average         T:0.32704    C:0.27044    A:0.21384    G:0.18868

#17: Suni           
position  1:    T:0.30189    C:0.28302    A:0.22642    G:0.18868
position  2:    T:0.33962    C:0.28302    A:0.24528    G:0.13208
position  3:    T:0.33962    C:0.26415    A:0.16981    G:0.22642
Average         T:0.32704    C:0.27673    A:0.21384    G:0.18239

#18: Springbuck     
position  1:    T:0.30189    C:0.24528    A:0.22642    G:0.22642
position  2:    T:0.33962    C:0.28302    A:0.24528    G:0.13208
position  3:    T:0.32075    C:0.28302    A:0.16981    G:0.22642
Average         T:0.32075    C:0.27044    A:0.21384    G:0.19497

#19: Okapi          
position  1:    T:0.30189    C:0.24528    A:0.24528    G:0.20755
position  2:    T:0.33962    C:0.28302    A:0.24528    G:0.13208
position  3:    T:0.32075    C:0.28302    A:0.16981    G:0.22642
Average         T:0.32075    C:0.27044    A:0.22013    G:0.18868

#20: Giraffe        
position  1:    T:0.30189    C:0.24528    A:0.24528    G:0.20755
position  2:    T:0.33962    C:0.28302    A:0.24528    G:0.13208
position  3:    T:0.32075    C:0.28302    A:0.18868    G:0.20755
Average         T:0.32075    C:0.27044    A:0.22642    G:0.18239

#21: TibetanAntelope
position  1:    T:0.30189    C:0.24528    A:0.22642    G:0.22642
position  2:    T:0.33962    C:0.28302    A:0.24528    G:0.13208
position  3:    T:0.32075    C:0.28302    A:0.16981    G:0.22642
Average         T:0.32075    C:0.27044    A:0.21384    G:0.19497

#22: Sitatunga      
position  1:    T:0.30189    C:0.22642    A:0.22642    G:0.24528
position  2:    T:0.33962    C:0.28302    A:0.24528    G:0.13208
position  3:    T:0.32075    C:0.28302    A:0.16981    G:0.22642
Average         T:0.32075    C:0.26415    A:0.21384    G:0.20126

#23: Oribi          
position  1:    T:0.30189    C:0.24528    A:0.22642    G:0.22642
position  2:    T:0.33962    C:0.28302    A:0.24528    G:0.13208
position  3:    T:0.32075    C:0.28302    A:0.16981    G:0.22642
Average         T:0.32075    C:0.27044    A:0.21384    G:0.19497

#24: BarbarySheep   
position  1:    T:0.30189    C:0.24528    A:0.22642    G:0.22642
position  2:    T:0.33962    C:0.28302    A:0.24528    G:0.13208
position  3:    T:0.30189    C:0.30189    A:0.16981    G:0.22642
Average         T:0.31447    C:0.27673    A:0.21384    G:0.19497

#25: Daviddeer      
position  1:    T:0.30189    C:0.24528    A:0.22642    G:0.22642
position  2:    T:0.33962    C:0.28302    A:0.24528    G:0.13208
position  3:    T:0.33962    C:0.26415    A:0.16981    G:0.22642
Average         T:0.32704    C:0.26415    A:0.21384    G:0.19497

#26: Reindeer       
position  1:    T:0.30189    C:0.24528    A:0.22642    G:0.22642
position  2:    T:0.33962    C:0.28302    A:0.24528    G:0.13208
position  3:    T:0.33962    C:0.26415    A:0.18868    G:0.20755
Average         T:0.32704    C:0.26415    A:0.22013    G:0.18868

#27: Ibex           
position  1:    T:0.30189    C:0.24528    A:0.22642    G:0.22642
position  2:    T:0.33962    C:0.28302    A:0.24528    G:0.13208
position  3:    T:0.30189    C:0.30189    A:0.16981    G:0.22642
Average         T:0.31447    C:0.27673    A:0.21384    G:0.19497

#28: GyrantGazelle  
position  1:    T:0.30189    C:0.24528    A:0.22642    G:0.22642
position  2:    T:0.33962    C:0.28302    A:0.24528    G:0.13208
position  3:    T:0.32075    C:0.28302    A:0.16981    G:0.22642
Average         T:0.32075    C:0.27044    A:0.21384    G:0.19497

#29: Hartebeest     
position  1:    T:0.30189    C:0.24528    A:0.22642    G:0.22642
position  2:    T:0.33962    C:0.28302    A:0.24528    G:0.13208
position  3:    T:0.32075    C:0.28302    A:0.16981    G:0.22642
Average         T:0.32075    C:0.27044    A:0.21384    G:0.19497

#30: Bongo          
position  1:    T:0.30189    C:0.22642    A:0.22642    G:0.24528
position  2:    T:0.33962    C:0.28302    A:0.24528    G:0.13208
position  3:    T:0.32075    C:0.28302    A:0.16981    G:0.22642
Average         T:0.32075    C:0.26415    A:0.21384    G:0.20126

#31: Gerenuk        
position  1:    T:0.30189    C:0.24528    A:0.22642    G:0.22642
position  2:    T:0.33962    C:0.28302    A:0.24528    G:0.13208
position  3:    T:0.32075    C:0.28302    A:0.16981    G:0.22642
Average         T:0.32075    C:0.27044    A:0.21384    G:0.19497

#32: CommonEland    
position  1:    T:0.30189    C:0.22642    A:0.22642    G:0.24528
position  2:    T:0.33962    C:0.28302    A:0.24528    G:0.13208
position  3:    T:0.32075    C:0.28302    A:0.16981    G:0.22642
Average         T:0.32075    C:0.26415    A:0.21384    G:0.20126

#33: MuntiacusReevesi
position  1:    T:0.30189    C:0.24528    A:0.22642    G:0.22642
position  2:    T:0.33962    C:0.28302    A:0.24528    G:0.13208
position  3:    T:0.33962    C:0.26415    A:0.20755    G:0.18868
Average         T:0.32704    C:0.26415    A:0.22642    G:0.18239

#34: HarveysDuiker  
position  1:    T:0.30189    C:0.24528    A:0.22642    G:0.22642
position  2:    T:0.33962    C:0.28302    A:0.24528    G:0.13208
position  3:    T:0.30189    C:0.30189    A:0.16981    G:0.22642
Average         T:0.31447    C:0.27673    A:0.21384    G:0.19497

#35: Pronghorn      
position  1:    T:0.30189    C:0.24528    A:0.22642    G:0.22642
position  2:    T:0.33962    C:0.28302    A:0.24528    G:0.13208
position  3:    T:0.32075    C:0.28302    A:0.16981    G:0.22642
Average         T:0.32075    C:0.27044    A:0.21384    G:0.19497

#36: BlueWildebeest 
position  1:    T:0.30189    C:0.24528    A:0.22642    G:0.22642
position  2:    T:0.33962    C:0.28302    A:0.24528    G:0.13208
position  3:    T:0.32075    C:0.28302    A:0.16981    G:0.22642
Average         T:0.32075    C:0.27044    A:0.21384    G:0.19497

#37: Gemsbok        
position  1:    T:0.30189    C:0.24528    A:0.22642    G:0.22642
position  2:    T:0.33962    C:0.28302    A:0.24528    G:0.13208
position  3:    T:0.32075    C:0.28302    A:0.16981    G:0.22642
Average         T:0.32075    C:0.27044    A:0.21384    G:0.19497

#38: Yak            
position  1:    T:0.30189    C:0.24528    A:0.22642    G:0.22642
position  2:    T:0.33962    C:0.28302    A:0.24528    G:0.13208
position  3:    T:0.33962    C:0.26415    A:0.16981    G:0.22642
Average         T:0.32704    C:0.26415    A:0.21384    G:0.19497

#39: BlueSheep      
position  1:    T:0.30189    C:0.24528    A:0.22642    G:0.22642
position  2:    T:0.33962    C:0.28302    A:0.24528    G:0.13208
position  3:    T:0.30189    C:0.30189    A:0.16981    G:0.22642
Average         T:0.31447    C:0.27673    A:0.21384    G:0.19497

#40: BohorReedbuck  
position  1:    T:0.30189    C:0.24528    A:0.20755    G:0.24528
position  2:    T:0.33962    C:0.28302    A:0.24528    G:0.13208
position  3:    T:0.28302    C:0.32075    A:0.16981    G:0.22642
Average         T:0.30818    C:0.28302    A:0.20755    G:0.20126

#41: KirksDik       
position  1:    T:0.28302    C:0.26415    A:0.22642    G:0.22642
position  2:    T:0.33962    C:0.28302    A:0.24528    G:0.13208
position  3:    T:0.32075    C:0.28302    A:0.16981    G:0.22642
Average         T:0.31447    C:0.27673    A:0.21384    G:0.19497

#42: RoeDeer        
position  1:    T:0.30189    C:0.24528    A:0.22642    G:0.22642
position  2:    T:0.33962    C:0.28302    A:0.24528    G:0.13208
position  3:    T:0.33962    C:0.26415    A:0.16981    G:0.22642
Average         T:0.32704    C:0.26415    A:0.21384    G:0.19497

#43: WhiteLippedDeer
position  1:    T:0.30189    C:0.24528    A:0.22642    G:0.22642
position  2:    T:0.33962    C:0.28302    A:0.24528    G:0.13208
position  3:    T:0.33962    C:0.28302    A:0.16981    G:0.20755
Average         T:0.32704    C:0.27044    A:0.21384    G:0.18868

#44: ThomsonGazelle 
position  1:    T:0.32075    C:0.22642    A:0.22642    G:0.22642
position  2:    T:0.33962    C:0.28302    A:0.24528    G:0.13208
position  3:    T:0.33962    C:0.26415    A:0.16981    G:0.22642
Average         T:0.33333    C:0.25786    A:0.21384    G:0.19497

#45: MuntiacusCrinifrons
position  1:    T:0.28302    C:0.26415    A:0.22642    G:0.22642
position  2:    T:0.33962    C:0.28302    A:0.24528    G:0.13208
position  3:    T:0.33962    C:0.26415    A:0.16981    G:0.22642
Average         T:0.32075    C:0.27044    A:0.21384    G:0.19497

#46: WhiteTailedDeer
position  1:    T:0.30189    C:0.24528    A:0.22642    G:0.22642
position  2:    T:0.33962    C:0.28302    A:0.24528    G:0.13208
position  3:    T:0.33962    C:0.26415    A:0.18868    G:0.20755
Average         T:0.32704    C:0.26415    A:0.22013    G:0.18868

#47: Cattle         
position  1:    T:0.30189    C:0.24528    A:0.22642    G:0.22642
position  2:    T:0.33962    C:0.28302    A:0.24528    G:0.13208
position  3:    T:0.33962    C:0.26415    A:0.16981    G:0.22642
Average         T:0.32704    C:0.26415    A:0.21384    G:0.19497

#48: RoyalAntelope  
position  1:    T:0.30189    C:0.24528    A:0.22642    G:0.22642
position  2:    T:0.33962    C:0.28302    A:0.24528    G:0.13208
position  3:    T:0.28302    C:0.30189    A:0.18868    G:0.22642
Average         T:0.30818    C:0.27673    A:0.22013    G:0.19497

#49: Steenbok       
position  1:    T:0.30189    C:0.24528    A:0.22642    G:0.22642
position  2:    T:0.33962    C:0.28302    A:0.24528    G:0.13208
position  3:    T:0.32075    C:0.28302    A:0.16981    G:0.22642
Average         T:0.32075    C:0.27044    A:0.21384    G:0.19497

#50: Impala         
position  1:    T:0.30189    C:0.24528    A:0.22642    G:0.22642
position  2:    T:0.33962    C:0.28302    A:0.24528    G:0.13208
position  3:    T:0.30189    C:0.30189    A:0.16981    G:0.22642
Average         T:0.31447    C:0.27673    A:0.21384    G:0.19497

#51: Klipspringer   
position  1:    T:0.30189    C:0.24528    A:0.22642    G:0.22642
position  2:    T:0.33962    C:0.28302    A:0.24528    G:0.13208
