CODONML (in paml version 4.10.7, June 2023)  /home/rachel/ruminants_paml/6406-phy-tree/ENSBTAT00000011687.fasta.phy
Model: free dN/dS Ratios for branches,  kappa = 2.000 fixed

Codon frequency model: F3x4
ns =  54  ls =  30

Codon usage in sequences
--------------------------------------------------------------------------------------------------------------------------------------
Phe TTT   2   2   2   2   2   2 | Ser TCT   0   0   0   0   0   0 | Tyr TAT   1   0   1   1   0   0 | Cys TGT   0   0   0   0   0   0
    TTC   1   1   1   1   1   1 |     TCC   1   1   1   1   1   1 |     TAC   1   2   1   1   2   2 |     TGC   0   0   0   0   0   0
Leu TTA   0   0   0   0   0   0 |     TCA   1   1   1   1   1   1 | *** TAA   0   0   0   0   0   0 | *** TGA   0   0   0   0   0   0
    TTG   0   0   0   0   0   0 |     TCG   0   0   0   0   0   0 |     TAG   0   0   0   0   0   0 | Trp TGG   0   0   0   0   0   0
--------------------------------------------------------------------------------------------------------------------------------------
Leu CTT   1   1   1   1   0   1 | Pro CCT   0   0   0   0   0   0 | His CAT   0   0   0   0   0   0 | Arg CGT   0   0   0   0   0   0
    CTC   0   0   0   0   0   0 |     CCC   0   0   0   0   0   0 |     CAC   0   0   0   0   0   0 |     CGC   0   0   0   0   0   0
    CTA   0   1   0   0   0   0 |     CCA   0   0   0   0   0   0 | Gln CAA   1   0   1   0   1   1 |     CGA   0   0   0   0   0   0
    CTG   1   1   1   1   1   1 |     CCG   0   0   0   0   0   0 |     CAG   2   2   2   3   2   2 |     CGG   0   0   0   0   0   0
--------------------------------------------------------------------------------------------------------------------------------------
Ile ATT   0   0   0   0   1   0 | Thr ACT   1   1   1   1   1   1 | Asn AAT   1   2   1   1   1   1 | Ser AGT   1   1   1   1   0   1
    ATC   1   1   1   0   1   1 |     ACC   0   0   0   0   0   0 |     AAC   0   0   0   1   0   1 |     AGC   0   0   0   0   0   0
    ATA   0   0   0   0   0   0 |     ACA   0   0   0   0   0   0 | Lys AAA   4   2   4   3   3   3 | Arg AGA   0   0   0   1   1   0
Met ATG   1   1   1   2   1   1 |     ACG   0   0   0   0   0   0 |     AAG   3   4   4   2   4   3 |     AGG   0   0   0   0   1   0
--------------------------------------------------------------------------------------------------------------------------------------
Val GTT   0   0   0   0   0   0 | Ala GCT   0   0   0   0   0   0 | Asp GAT   0   0   0   0   0   0 | Gly GGT   0   0   0   0   0   0
    GTC   0   0   0   0   0   0 |     GCC   0   0   0   0   0   0 |     GAC   1   1   1   1   1   0 |     GGC   0   0   0   0   0   0
    GTA   0   0   0   0   0   0 |     GCA   1   1   1   1   1   1 | Glu GAA   1   2   1   1   1   2 |     GGA   0   0   0   0   0   0
    GTG   0   0   0   0   0   1 |     GCG   0   0   0   0   0   0 |     GAG   3   2   2   3   2   2 |     GGG   0   0   0   0   0   0
--------------------------------------------------------------------------------------------------------------------------------------

--------------------------------------------------------------------------------------------------------------------------------------
Phe TTT   2   2   2   2   2   2 | Ser TCT   0   0   0   0   0   0 | Tyr TAT   1   1   1   1   1   1 | Cys TGT   0   0   0   0   0   0
    TTC   1   1   1   1   1   1 |     TCC   1   1   1   1   1   1 |     TAC   1   1   1   1   1   1 |     TGC   0   0   0   0   0   0
Leu TTA   0   0   0   0   0   0 |     TCA   1   1   1   1   1   0 | *** TAA   0   0   0   0   0   0 | *** TGA   0   0   0   0   0   0
    TTG   0   0   0   0   0   0 |     TCG   0   0   0   0   0   0 |     TAG   0   0   0   0   0   0 | Trp TGG   0   0   0   0   0   0
--------------------------------------------------------------------------------------------------------------------------------------
Leu CTT   1   1   1   1   1   1 | Pro CCT   0   0   0   0   0   0 | His CAT   0   0   0   0   0   0 | Arg CGT   0   0   0   0   0   0
    CTC   0   0   0   0   0   0 |     CCC   0   0   0   0   0   0 |     CAC   0   0   0   0   0   0 |     CGC   0   0   0   0   0   0
    CTA   0   0   0   0   0   0 |     CCA   0   0   0   0   0   0 | Gln CAA   1   1   1   0   1   1 |     CGA   0   0   0   1   0   0
    CTG   1   1   1   1   1   1 |     CCG   0   0   0   0   0   0 |     CAG   2   2   2   1   2   2 |     CGG   0   0   0   1   0   0
--------------------------------------------------------------------------------------------------------------------------------------
Ile ATT   0   0   0   0   0   0 | Thr ACT   1   1   1   1   1   1 | Asn AAT   1   1   1   1   1   1 | Ser AGT   1   1   1   1   1   1
    ATC   1   1   1   1   1   1 |     ACC   0   0   0   0   0   0 |     AAC   0   0   0   0   0   0 |     AGC   0   0   0   0   0   0
    ATA   0   0   0   0   0   0 |     ACA   0   0   0   0   0   0 | Lys AAA   3   4   4   2   5   4 | Arg AGA   1   0   0   0   0   0
Met ATG   1   1   1   1   1   1 |     ACG   0   0   0   0   0   0 |     AAG   3   3   3   4   3   3 |     AGG   0   0   0   0   0   0
--------------------------------------------------------------------------------------------------------------------------------------
Val GTT   0   0   0   0   0   0 | Ala GCT   0   0   0   0   0   0 | Asp GAT   0   0   0   0   0   0 | Gly GGT   0   0   0   0   0   0
    GTC   0   0   0   0   0   0 |     GCC   0   0   0   0   0   0 |     GAC   2   1   1   1   1   1 |     GGC   0   0   0   0   0   0
    GTA   0   0   0   0   0   1 |     GCA   1   1   1   2   1   1 | Glu GAA   1   1   1   1   1   1 |     GGA   0   0   0   0   0   0
    GTG   0   0   0   0   0   0 |     GCG   0   0   0   0   0   0 |     GAG   2   3   3   3   2   3 |     GGG   0   0   0   0   0   0
--------------------------------------------------------------------------------------------------------------------------------------

--------------------------------------------------------------------------------------------------------------------------------------
Phe TTT   2   2   2   2   2   2 | Ser TCT   0   0   0   0   0   0 | Tyr TAT   1   1   1   1   0   1 | Cys TGT   0   0   0   0   0   0
    TTC   1   1   1   1   1   1 |     TCC   1   1   1   1   1   1 |     TAC   1   1   1   1   2   1 |     TGC   0   0   0   0   0   0
Leu TTA   0   0   0   0   0   0 |     TCA   1   1   1   1   1   1 | *** TAA   0   0   0   0   0   0 | *** TGA   0   0   0   0   0   0
    TTG   0   0   0   0   0   0 |     TCG   0   0   0   0   0   0 |     TAG   0   0   0   0   0   0 | Trp TGG   0   0   0   0   0   0
--------------------------------------------------------------------------------------------------------------------------------------
Leu CTT   1   1   1   1   1   1 | Pro CCT   0   0   0   0   0   0 | His CAT   0   0   0   0   0   0 | Arg CGT   0   0   0   0   0   0
    CTC   0   0   0   0   0   0 |     CCC   0   0   0   0   0   0 |     CAC   0   0   0   0   0   0 |     CGC   0   0   0   0   0   0
    CTA   0   0   0   0   0   0 |     CCA   0   0   0   0   0   0 | Gln CAA   1   1   1   1   1   0 |     CGA   0   0   0   0   0   1
    CTG   1   1   1   1   1   1 |     CCG   0   0   0   0   0   0 |     CAG   2   2   3   2   2   1 |     CGG   0   0   0   0   0   1
--------------------------------------------------------------------------------------------------------------------------------------
Ile ATT   0   0   0   0   0   0 | Thr ACT   1   1   1   1   1   1 | Asn AAT   1   1   1   1   1   1 | Ser AGT   1   1   1   1   1   1
    ATC   1   1   1   1   1   1 |     ACC   0   0   0   0   0   0 |     AAC   0   0   0   0   0   0 |     AGC   0   0   0   0   0   0
    ATA   0   0   0   0   0   0 |     ACA   0   0   0   0   0   0 | Lys AAA   4   4   4   4   4   4 | Arg AGA   0   0   0   0   0   0
Met ATG   1   1   1   1   1   1 |     ACG   0   0   0   0   0   0 |     AAG   3   3   3   3   3   3 |     AGG   0   0   0   0   0   0
--------------------------------------------------------------------------------------------------------------------------------------
Val GTT   0   0   0   0   0   0 | Ala GCT   0   0   0   0   0   0 | Asp GAT   0   0   0   0   0   0 | Gly GGT   0   0   0   0   0   0
    GTC   0   0   0   0   0   0 |     GCC   0   0   0   0   0   0 |     GAC   1   1   1   1   1   1 |     GGC   0   0   0   0   0   0
    GTA   0   0   0   0   0   0 |     GCA   1   1   1   1   1   1 | Glu GAA   1   1   1   1   1   1 |     GGA   0   0   0   0   0   0
    GTG   0   0   0   0   0   0 |     GCG   0   0   0   0   0   0 |     GAG   3   3   2   3   3   3 |     GGG   0   0   0   0   0   0
--------------------------------------------------------------------------------------------------------------------------------------

--------------------------------------------------------------------------------------------------------------------------------------
Phe TTT   2   2   2   2   2   2 | Ser TCT   0   0   0   0   0   0 | Tyr TAT   0   0   1   1   1   1 | Cys TGT   0   0   0   0   0   0
    TTC   1   1   1   1   1   1 |     TCC   1   1   1   1   1   1 |     TAC   2   2   1   1   1   1 |     TGC   0   0   0   0   0   0
Leu TTA   0   0   0   0   0   0 |     TCA   1   1   1   1   1   1 | *** TAA   0   0   0   0   0   0 | *** TGA   0   0   0   0   0   0
    TTG   0   0   0   0   0   0 |     TCG   0   0   0   0   0   0 |     TAG   0   0   0   0   0   0 | Trp TGG   0   0   0   0   0   0
--------------------------------------------------------------------------------------------------------------------------------------
Leu CTT   1   1   1   1   1   1 | Pro CCT   0   0   0   0   0   0 | His CAT   0   0   0   0   0   0 | Arg CGT   0   0   0   0   0   0
    CTC   0   0   0   0   0   0 |     CCC   0   0   0   0   0   0 |     CAC   0   0   0   0   0   0 |     CGC   0   0   0   0   0   0
    CTA   0   0   0   0   0   0 |     CCA   0   0   0   0   0   0 | Gln CAA   1   1   1   1   0   1 |     CGA   0   0   0   0   1   0
    CTG   1   1   1   1   1   1 |     CCG   0   0   0   0   0   0 |     CAG   2   2   2   2   1   2 |     CGG   0   0   0   0   0   0
--------------------------------------------------------------------------------------------------------------------------------------
Ile ATT   0   0   0   0   0   0 | Thr ACT   1   1   1   1   1   1 | Asn AAT   1   1   1   1   1   1 | Ser AGT   1   1   1   1   1   1
    ATC   1   1   1   1   1   1 |     ACC   0   0   0   0   0   0 |     AAC   0   0   0   0   0   0 |     AGC   0   0   0   0   0   0
    ATA   0   0   0   0   0   0 |     ACA   0   0   0   0   0   0 | Lys AAA   3   4   4   4   4   4 | Arg AGA   0   0   0   0   0   0
Met ATG   1   1   1   1   1   1 |     ACG   0   0   0   0   0   0 |     AAG   4   3   3   4   3   3 |     AGG   0   0   0   0   1   0
--------------------------------------------------------------------------------------------------------------------------------------
Val GTT   0   0   0   0   0   0 | Ala GCT   0   0   0   0   0   0 | Asp GAT   0   0   0   0   0   0 | Gly GGT   0   0   0   0   0   0
    GTC   0   0   0   0   0   0 |     GCC   0   0   0   0   0   0 |     GAC   1   1   1   1   1   1 |     GGC   0   0   0   0   0   0
    GTA   0   0   0   0   0   0 |     GCA   1   1   1   1   0   1 | Glu GAA   1   1   1   1   1   1 |     GGA   0   0   0   0   0   0
    GTG   0   0   0   0   0   0 |     GCG   0   0   0   0   1   0 |     GAG   3   3   3   2   3   3 |     GGG   0   0   0   0   0   0
--------------------------------------------------------------------------------------------------------------------------------------

--------------------------------------------------------------------------------------------------------------------------------------
Phe TTT   2   2   1   2   2   2 | Ser TCT   0   0   0   0   0   0 | Tyr TAT   1   1   1   1   1   1 | Cys TGT   0   0   0   0   0   0
    TTC   1   1   2   1   1   1 |     TCC   1   1   1   1   1   1 |     TAC   1   1   1   1   1   1 |     TGC   0   0   0   0   0   0
Leu TTA   0   0   0   0   0   0 |     TCA   0   0   1   1   1   1 | *** TAA   0   0   0   0   0   0 | *** TGA   0   0   0   0   0   0
    TTG   0   0   0   0   0   0 |     TCG   0   0   0   0   0   0 |     TAG   0   0   0   0   0   0 | Trp TGG   0   0   0   0   0   0
--------------------------------------------------------------------------------------------------------------------------------------
Leu CTT   1   1   1   1   1   1 | Pro CCT   0   0   0   0   0   0 | His CAT   0   0   0   0   0   0 | Arg CGT   0   0   0   0   0   0
    CTC   0   0   0   0   0   0 |     CCC   0   0   0   0   0   0 |     CAC   0   0   0   0   0   0 |     CGC   0   0   0   0   0   0
    CTA   0   0   0   1   0   0 |     CCA   0   0   0   0   0   0 | Gln CAA   1   2   1   0   1   1 |     CGA   0   0   0   0   0   0
    CTG   1   1   1   1   1   1 |     CCG   0   0   0   0   0   0 |     CAG   2   1   2   1   2   2 |     CGG   0   0   0   1   0   0
--------------------------------------------------------------------------------------------------------------------------------------
Ile ATT   0   0   0   0   0   0 | Thr ACT   1   1   1   1   1   1 | Asn AAT   1   1   1   1   1   1 | Ser AGT   1   1   1   1   1   1
    ATC   1   1   1   1   1   1 |     ACC   0   0   0   0   0   0 |     AAC   0   0   0   0   0   0 |     AGC   0   0   0   0   0   0
    ATA   0   0   0   0   0   0 |     ACA   0   0   0   0   0   0 | Lys AAA   4   4   4   4   4   4 | Arg AGA   0   0   0   0   0   0
Met ATG   1   1   1   1   1   1 |     ACG   0   0   0   0   0   0 |     AAG   3   3   3   3   3   4 |     AGG   0   0   0   0   0   0
--------------------------------------------------------------------------------------------------------------------------------------
Val GTT   0   0   0   0   0   0 | Ala GCT   0   0   0   0   0   0 | Asp GAT   0   0   0   0   0   0 | Gly GGT   0   0   0   0   0   0
    GTC   0   0   0   0   0   0 |     GCC   0   0   0   0   0   0 |     GAC   1   1   1   1   1   1 |     GGC   0   0   0   0   0   0
    GTA   0   0   0   0   0   0 |     GCA   2   2   1   1   1   1 | Glu GAA   1   1   2   1   1   1 |     GGA   0   0   0   0   0   0
    GTG   0   0   0   0   0   0 |     GCG   0   0   0   0   0   0 |     GAG   3   3   2   3   3   2 |     GGG   0   0   0   0   0   0
--------------------------------------------------------------------------------------------------------------------------------------

--------------------------------------------------------------------------------------------------------------------------------------
Phe TTT   2   2   2   2   2   2 | Ser TCT   0   1   0   0   0   0 | Tyr TAT   1   1   1   1   0   1 | Cys TGT   0   0   0   0   0   0
    TTC   1   1   1   1   1   1 |     TCC   1   0   1   1   1   1 |     TAC   1   1   1   1   2   1 |     TGC   0   0   0   0   0   0
Leu TTA   0   0   0   0   0   0 |     TCA   1   1   0   1   1   1 | *** TAA   0   0   0   0   0   0 | *** TGA   0   0   0   0   0   0
    TTG   0   0   0   0   0   0 |     TCG   0   0   0   0   0   0 |     TAG   0   0   0   0   0   0 | Trp TGG   0   0   0   0   0   0
--------------------------------------------------------------------------------------------------------------------------------------
Leu CTT   1   1   1   1   1   1 | Pro CCT   0   0   0   0   0   0 | His CAT   0   0   0   0   0   0 | Arg CGT   0   0   0   0   0   0
    CTC   0   0   0   0   0   0 |     CCC   0   0   0   0   0   0 |     CAC   0   0   0   0   0   0 |     CGC   0   0   0   0   0   0
    CTA   0   0   0   0   0   0 |     CCA   0   0   0   0   0   0 | Gln CAA   0   2   1   1   1   1 |     CGA   1   0   0   0   0   0
    CTG   1   1   1   1   1   1 |     CCG   0   0   0   0   0   0 |     CAG   1   1   2   2   3   2 |     CGG   1   0   0   0   0   0
--------------------------------------------------------------------------------------------------------------------------------------
Ile ATT   0   0   0   0   0   0 | Thr ACT   1   1   1   1   1   1 | Asn AAT   1   1   1   1   1   1 | Ser AGT   1   1   1   1   1   1
    ATC   1   1   1   1   1   1 |     ACC   0   0   0   0   0   0 |     AAC   0   0   0   0   0   0 |     AGC   0   0   0   0   0   0
    ATA   0   0   0   0   0   0 |     ACA   0   0   0   0   0   0 | Lys AAA   4   4   4   4   3   4 | Arg AGA   0   0   0   0   0   0
Met ATG   1   1   1   1   1   1 |     ACG   0   0   0   0   0   0 |     AAG   3   4   3   3   3   3 |     AGG   0   0   0   0   0   0
--------------------------------------------------------------------------------------------------------------------------------------
Val GTT   0   0   0   0   0   0 | Ala GCT   0   0   0   0   0   0 | Asp GAT   0   0   0   0   0   0 | Gly GGT   0   0   0   0   0   0
    GTC   0   0   0   0   0   0 |     GCC   0   0   0   0   0   0 |     GAC   1   1   1   1   1   1 |     GGC   0   0   0   0   0   0
    GTA   0   0   1   0   0   0 |     GCA   1   1   1   1   1   1 | Glu GAA   1   1   1   1   1   1 |     GGA   0   0   0   0   0   0
    GTG   0   0   0   0   0   0 |     GCG   0   0   0   0   0   0 |     GAG   3   2   3   3   3   3 |     GGG   0   0   0   0   0   0
--------------------------------------------------------------------------------------------------------------------------------------

--------------------------------------------------------------------------------------------------------------------------------------
Phe TTT   2   2   2   2   2   2 | Ser TCT   0   0   0   0   0   0 | Tyr TAT   1   1   1   1   1   1 | Cys TGT   0   0   0   0   0   0
    TTC   1   1   1   1   1   1 |     TCC   1   1   1   1   1   1 |     TAC   1   1   1   1   1   1 |     TGC   0   0   0   0   0   0
Leu TTA   0   0   0   0   0   0 |     TCA   1   1   1   1   1   0 | *** TAA   0   0   0   0   0   0 | *** TGA   0   0   0   0   0   0
    TTG   0   0   0   0   0   0 |     TCG   0   0   0   0   0   0 |     TAG   0   0   0   0   0   0 | Trp TGG   0   0   0   0   0   0
--------------------------------------------------------------------------------------------------------------------------------------
Leu CTT   1   1   1   1   1   1 | Pro CCT   0   0   0   0   0   0 | His CAT   0   0   0   0   0   0 | Arg CGT   0   0   0   0   0   0
    CTC   0   0   0   0   0   0 |     CCC   0   0   0   0   0   0 |     CAC   0   0   0   0   0   0 |     CGC   0   0   0   0   0   0
    CTA   0   0   0   0   0   0 |     CCA   0   0   0   0   0   0 | Gln CAA   1   2   1   1   0   2 |     CGA   0   0   0   0   1   0
    CTG   1   1   1   1   1   1 |     CCG   0   0   0   0   0   0 |     CAG   2   1   2   2   1   1 |     CGG   0   0   0   0   1   0
--------------------------------------------------------------------------------------------------------------------------------------
Ile ATT   0   0   0   0   0   0 | Thr ACT   1   0   1   1   1   1 | Asn AAT   1   1   1   1   1   1 | Ser AGT   1   1   1   1   1   1
    ATC   1   1   1   1   1   1 |     ACC   0   0   0   0   0   0 |     AAC   0   0   0   0   0   0 |     AGC   0   0   0   0   0   0
    ATA   0   0   0   0   0   0 |     ACA   0   0   0   0   0   0 | Lys AAA   4   4   4   3   4   4 | Arg AGA   0   0   0   1   0   0
Met ATG   1   1   1   1   1   1 |     ACG   0   0   0   0   0   0 |     AAG   3   3   3   3   3   3 |     AGG   0   0   0   0   0   0
--------------------------------------------------------------------------------------------------------------------------------------
Val GTT   0   0   0   0   0   0 | Ala GCT   0   1   0   0   0   0 | Asp GAT   0   0   0   0   0   0 | Gly GGT   0   0   0   0   0   0
    GTC   0   0   0   0   0   0 |     GCC   0   0   0   0   0   0 |     GAC   1   1   1   2   1   1 |     GGC   0   0   0   0   0   0
    GTA   0   0   0   0   0   0 |     GCA   1   1   1   1   1   2 | Glu GAA   1   1   1   1   1   1 |     GGA   0   0   0   0   0   0
    GTG   0   0   0   0   0   0 |     GCG   0   0   0   0   0   0 |     GAG   3   3   3   2   3   3 |     GGG   0   0   0   0   0   0
--------------------------------------------------------------------------------------------------------------------------------------

--------------------------------------------------------------------------------------------------------------------------------------
Phe TTT   2   2   2   2   2   2 | Ser TCT   0   0   0   0   0   0 | Tyr TAT   1   1   1   1   1   1 | Cys TGT   0   0   0   0   0   0
    TTC   1   1   1   1   1   1 |     TCC   1   1   1   1   1   1 |     TAC   1   1   1   1   1   1 |     TGC   0   0   0   0   0   0
Leu TTA   0   0   0   0   0   0 |     TCA   0   1   0   0   1   1 | *** TAA   0   0   0   0   0   0 | *** TGA   0   0   0   0   0   0
    TTG   0   0   0   0   0   0 |     TCG   0   0   0   0   0   0 |     TAG   0   0   0   0   0   0 | Trp TGG   0   0   0   0   0   0
--------------------------------------------------------------------------------------------------------------------------------------
Leu CTT   1   1   1   1   1   1 | Pro CCT   0   0   0   0   0   0 | His CAT   0   0   0   0   0   0 | Arg CGT   0   0   0   0   0   0
    CTC   0   0   0   0   0   0 |     CCC   0   0   0   0   0   0 |     CAC   0   0   0   0   0   0 |     CGC   0   0   0   0   0   0
    CTA   0   1   0   0   0   0 |     CCA   0   0   0   0   0   0 | Gln CAA   1   0   1   2   2   2 |     CGA   0   0   0   0   0   0
    CTG   1   1   1   1   1   1 |     CCG   0   0   0   0   0   0 |     CAG   2   1   2   1   1   1 |     CGG   0   1   0   0   0   0
--------------------------------------------------------------------------------------------------------------------------------------
Ile ATT   0   0   0   0   0   0 | Thr ACT   1   1   1   1   1   1 | Asn AAT   1   1   1   1   1   1 | Ser AGT   1   1   1   1   1   1
    ATC   1   1   1   1   1   1 |     ACC   0   0   0   0   0   0 |     AAC   0   0   0   0   0   0 |     AGC   0   0   0   0   0   0
    ATA   0   0   0   0   0   0 |     ACA   0   0   0   0   0   0 | Lys AAA   4   4   4   4   3   4 | Arg AGA   0   0   0   0   0   0
Met ATG   1   1   1   1   1   1 |     ACG   0   0   0   0   0   0 |     AAG   3   3   3   3   4   4 |     AGG   0   0   0   0   0   0
--------------------------------------------------------------------------------------------------------------------------------------
Val GTT   0   0   0   0   0   0 | Ala GCT   0   0   0   0   0   0 | Asp GAT   0   0   0   0   0   0 | Gly GGT   0   0   0   0   0   0
    GTC   0   0   0   0   0   0 |     GCC   0   0   0   0   0   0 |     GAC   1   1   1   1   1   1 |     GGC   0   0   0   0   0   0
    GTA   0   0   1   0   0   0 |     GCA   2   1   1   2   1   1 | Glu GAA   1   1   1   1   1   1 |     GGA   0   0   0   0   0   0
    GTG   0   0   0   0   0   0 |     GCG   0   0   0   0   0   0 |     GAG   3   3   3   3   3   2 |     GGG   0   0   0   0   0   0
--------------------------------------------------------------------------------------------------------------------------------------

--------------------------------------------------------------------------------------------------------------------------------------
Phe TTT   2   2   2   2   2   2 | Ser TCT   0   0   0   0   0   0 | Tyr TAT   1   1   1   1   1   1 | Cys TGT   0   0   0   0   0   0
    TTC   1   1   1   1   1   1 |     TCC   1   1   1   1   1   1 |     TAC   1   1   1   1   1   1 |     TGC   0   0   0   0   0   0
Leu TTA   0   0   0   0   0   0 |     TCA   1   1   1   1   1   1 | *** TAA   0   0   0   0   0   0 | *** TGA   0   0   0   0   0   0
    TTG   0   0   0   0   0   0 |     TCG   0   0   0   0   0   0 |     TAG   0   0   0   0   0   0 | Trp TGG   0   0   0   0   0   0
--------------------------------------------------------------------------------------------------------------------------------------
Leu CTT   1   1   1   1   1   1 | Pro CCT   0   0   0   0   0   0 | His CAT   0   0   0   0   0   0 | Arg CGT   0   0   0   0   0   0
    CTC   0   0   0   0   0   0 |     CCC   0   0   0   0   0   0 |     CAC   0   0   0   0   0   0 |     CGC   0   0   0   0   0   0
    CTA   0   0   0   0   0   0 |     CCA   0   0   0   0   0   0 | Gln CAA   0   1   1   0   1   1 |     CGA   1   0   0   0   0   0
    CTG   1   1   1   1   1   1 |     CCG   0   0   0   0   0   0 |     CAG   1   2   2   3   2   2 |     CGG   1   0   0   0   0   0
--------------------------------------------------------------------------------------------------------------------------------------
Ile ATT   0   0   0   0   0   0 | Thr ACT   1   1   1   1   1   1 | Asn AAT   1   1   1   1   1   1 | Ser AGT   1   1   1   1   1   1
    ATC   1   1   1   0   1   1 |     ACC   0   0   0   0   0   0 |     AAC   0   0   0   1   0   0 |     AGC   0   0   0   0   0   0
    ATA   0   0   0   0   0   0 |     ACA   0   0   0   0   0   0 | Lys AAA   4   4   5   3   4   4 | Arg AGA   0   0   0   1   0   0
Met ATG   1   1   1   2   1   1 |     ACG   0   0   0   0   0   0 |     AAG   3   3   2   2   4   4 |     AGG   0   0   0   0   0   0
--------------------------------------------------------------------------------------------------------------------------------------
Val GTT   0   0   0   0   0   0 | Ala GCT   0   0   0   0   0   0 | Asp GAT   0   0   0   0   0   0 | Gly GGT   0   0   0   0   0   0
    GTC   0   0   0   0   0   0 |     GCC   0   0   0   0   0   0 |     GAC   1   1   1   1   1   1 |     GGC   0   0   0   0   0   0
    GTA   0   0   0   0   0   0 |     GCA   1   1   1   1   1   1 | Glu GAA   1   1   1   1   1   1 |     GGA   0   0   0   0   0   0
    GTG   0   0   0   0   0   0 |     GCG   0   0   0   0   0   0 |     GAG   3   3   3   3   2   2 |     GGG   0   0   0   0   0   0
--------------------------------------------------------------------------------------------------------------------------------------

Codon position x base (3x4) table for each sequence.

#1: Argali         
position  1:    T:0.23333    C:0.16667    A:0.40000    G:0.20000
position  2:    T:0.23333    C:0.13333    A:0.60000    G:0.03333
position  3:    T:0.23333    C:0.16667    A:0.26667    G:0.33333
Average         T:0.23333    C:0.15556    A:0.42222    G:0.18889

#2: LesserMouseDeer
position  1:    T:0.23333    C:0.16667    A:0.40000    G:0.20000
position  2:    T:0.26667    C:0.13333    A:0.56667    G:0.03333
position  3:    T:0.23333    C:0.20000    A:0.23333    G:0.33333
Average         T:0.24444    C:0.16667    A:0.40000    G:0.18889

#3: LesserKudu     
position  1:    T:0.23333    C:0.16667    A:0.43333    G:0.16667
position  2:    T:0.23333    C:0.13333    A:0.60000    G:0.03333
position  3:    T:0.23333    C:0.16667    A:0.26667    G:0.33333
Average         T:0.23333    C:0.15556    A:0.43333    G:0.17778

#4: ForestMuskDeer2
position  1:    T:0.23333    C:0.16667    A:0.40000    G:0.20000
position  2:    T:0.23333    C:0.13333    A:0.56667    G:0.06667
position  3:    T:0.23333    C:0.16667    A:0.23333    G:0.36667
Average         T:0.23333    C:0.15556    A:0.40000    G:0.21111

#5: Camel          
position  1:    T:0.23333    C:0.13333    A:0.46667    G:0.16667
position  2:    T:0.23333    C:0.13333    A:0.56667    G:0.06667
position  3:    T:0.16667    C:0.20000    A:0.26667    G:0.36667
Average         T:0.21111    C:0.15556    A:0.43333    G:0.20000

#6: KillerWhale    
position  1:    T:0.23333    C:0.16667    A:0.40000    G:0.20000
position  2:    T:0.26667    C:0.13333    A:0.56667    G:0.03333
position  3:    T:0.20000    C:0.20000    A:0.26667    G:0.33333
Average         T:0.23333    C:0.16667    A:0.41111    G:0.18889

#7: DefassaWaterbuck
position  1:    T:0.23333    C:0.16667    A:0.40000    G:0.20000
position  2:    T:0.23333    C:0.13333    A:0.56667    G:0.06667
position  3:    T:0.23333    C:0.20000    A:0.26667    G:0.30000
Average         T:0.23333    C:0.16667    A:0.41111    G:0.18889

#8: Sheep          
position  1:    T:0.23333    C:0.16667    A:0.40000    G:0.20000
position  2:    T:0.23333    C:0.13333    A:0.60000    G:0.03333
position  3:    T:0.23333    C:0.16667    A:0.26667    G:0.33333
Average         T:0.23333    C:0.15556    A:0.42222    G:0.18889

#9: MaxwellsDuiker 
position  1:    T:0.23333    C:0.16667    A:0.40000    G:0.20000
position  2:    T:0.23333    C:0.13333    A:0.60000    G:0.03333
position  3:    T:0.23333    C:0.16667    A:0.26667    G:0.33333
Average         T:0.23333    C:0.15556    A:0.42222    G:0.18889

#10: GazellaPrzewalskyi
position  1:    T:0.23333    C:0.16667    A:0.36667    G:0.23333
position  2:    T:0.23333    C:0.16667    A:0.50000    G:0.10000
position  3:    T:0.23333    C:0.16667    A:0.23333    G:0.36667
Average         T:0.23333    C:0.16667    A:0.36667    G:0.23333

#11: MountainNyala  
position  1:    T:0.23333    C:0.16667    A:0.43333    G:0.16667
position  2:    T:0.23333    C:0.13333    A:0.60000    G:0.03333
position  3:    T:0.23333    C:0.16667    A:0.30000    G:0.30000
Average         T:0.23333    C:0.15556    A:0.44444    G:0.16667

#12: MuntiacusMuntjak
position  1:    T:0.20000    C:0.16667    A:0.40000    G:0.23333
position  2:    T:0.26667    C:0.10000    A:0.60000    G:0.03333
position  3:    T:0.23333    C:0.16667    A:0.26667    G:0.33333
Average         T:0.23333    C:0.14444    A:0.42222    G:0.20000

#13: goat           
position  1:    T:0.23333    C:0.16667    A:0.40000    G:0.20000
position  2:    T:0.23333    C:0.13333    A:0.60000    G:0.03333
position  3:    T:0.23333    C:0.16667    A:0.26667    G:0.33333
Average         T:0.23333    C:0.15556    A:0.42222    G:0.18889

#14: AfricanBuffalo 
position  1:    T:0.23333    C:0.16667    A:0.40000    G:0.20000
position  2:    T:0.23333    C:0.13333    A:0.60000    G:0.03333
position  3:    T:0.23333    C:0.16667    A:0.26667    G:0.33333
Average         T:0.23333    C:0.15556    A:0.42222    G:0.18889

#15: Topi           
position  1:    T:0.23333    C:0.20000    A:0.40000    G:0.16667
position  2:    T:0.23333    C:0.13333    A:0.60000    G:0.03333
position  3:    T:0.23333    C:0.16667    A:0.26667    G:0.33333
Average         T:0.23333    C:0.16667    A:0.42222    G:0.17778

#16: CommonDuiker   
position  1:    T:0.23333    C:0.16667    A:0.40000    G:0.20000
position  2:    T:0.23333    C:0.13333    A:0.60000    G:0.03333
position  3:    T:0.23333    C:0.16667    A:0.26667    G:0.33333
Average         T:0.23333    C:0.15556    A:0.42222    G:0.18889

#17: Suni           
position  1:    T:0.23333    C:0.16667    A:0.40000    G:0.20000
position  2:    T:0.23333    C:0.13333    A:0.60000    G:0.03333
position  3:    T:0.20000    C:0.20000    A:0.26667    G:0.33333
Average         T:0.22222    C:0.16667    A:0.42222    G:0.18889

#18: Springbuck     
position  1:    T:0.23333    C:0.16667    A:0.40000    G:0.20000
position  2:    T:0.23333    C:0.13333    A:0.53333    G:0.10000
position  3:    T:0.23333    C:0.16667    A:0.26667    G:0.33333
Average         T:0.23333    C:0.15556    A:0.40000    G:0.21111

#19: Okapi          
position  1:    T:0.23333    C:0.16667    A:0.40000    G:0.20000
position  2:    T:0.23333    C:0.13333    A:0.60000    G:0.03333
position  3:    T:0.20000    C:0.20000    A:0.23333    G:0.36667
Average         T:0.22222    C:0.16667    A:0.41111    G:0.20000

#20: Giraffe        
position  1:    T:0.23333    C:0.16667    A:0.40000    G:0.20000
position  2:    T:0.23333    C:0.13333    A:0.60000    G:0.03333
position  3:    T:0.20000    C:0.20000    A:0.26667    G:0.33333
Average         T:0.22222    C:0.16667    A:0.42222    G:0.18889

#21: TibetanAntelope
position  1:    T:0.23333    C:0.16667    A:0.40000    G:0.20000
position  2:    T:0.23333    C:0.13333    A:0.60000    G:0.03333
position  3:    T:0.23333    C:0.16667    A:0.26667    G:0.33333
Average         T:0.23333    C:0.15556    A:0.42222    G:0.18889

#22: Sitatunga      
position  1:    T:0.23333    C:0.16667    A:0.43333    G:0.16667
position  2:    T:0.23333    C:0.13333    A:0.60000    G:0.03333
position  3:    T:0.23333    C:0.16667    A:0.26667    G:0.33333
Average         T:0.23333    C:0.15556    A:0.43333    G:0.17778

#23: Oribi          
position  1:    T:0.23333    C:0.13333    A:0.43333    G:0.20000
position  2:    T:0.23333    C:0.13333    A:0.53333    G:0.10000
position  3:    T:0.23333    C:0.16667    A:0.23333    G:0.36667
Average         T:0.23333    C:0.14444    A:0.40000    G:0.22222

#24: BarbarySheep   
position  1:    T:0.23333    C:0.16667    A:0.40000    G:0.20000
position  2:    T:0.23333    C:0.13333    A:0.60000    G:0.03333
position  3:    T:0.23333    C:0.16667    A:0.26667    G:0.33333
Average         T:0.23333    C:0.15556    A:0.42222    G:0.18889

#25: Daviddeer      
position  1:    T:0.20000    C:0.16667    A:0.40000    G:0.23333
position  2:    T:0.23333    C:0.13333    A:0.60000    G:0.03333
position  3:    T:0.23333    C:0.16667    A:0.26667    G:0.33333
Average         T:0.22222    C:0.15556    A:0.42222    G:0.20000

#26: Reindeer       
position  1:    T:0.20000    C:0.16667    A:0.40000    G:0.23333
position  2:    T:0.23333    C:0.13333    A:0.60000    G:0.03333
position  3:    T:0.23333    C:0.16667    A:0.30000    G:0.30000
Average         T:0.22222    C:0.15556    A:0.43333    G:0.18889

#27: Ibex           
position  1:    T:0.23333    C:0.16667    A:0.40000    G:0.20000
position  2:    T:0.23333    C:0.13333    A:0.60000    G:0.03333
position  3:    T:0.20000    C:0.20000    A:0.30000    G:0.30000
Average         T:0.22222    C:0.16667    A:0.43333    G:0.17778

#28: GyrantGazelle  
position  1:    T:0.23333    C:0.16667    A:0.40000    G:0.20000
position  2:    T:0.26667    C:0.13333    A:0.53333    G:0.06667
position  3:    T:0.23333    C:0.16667    A:0.26667    G:0.33333
Average         T:0.24444    C:0.15556    A:0.40000    G:0.20000

#29: Hartebeest     
position  1:    T:0.23333    C:0.16667    A:0.40000    G:0.20000
position  2:    T:0.23333    C:0.13333    A:0.60000    G:0.03333
position  3:    T:0.23333    C:0.16667    A:0.26667    G:0.33333
Average         T:0.23333    C:0.15556    A:0.42222    G:0.18889

#30: Bongo          
position  1:    T:0.23333    C:0.16667    A:0.43333    G:0.16667
position  2:    T:0.23333    C:0.13333    A:0.60000    G:0.03333
position  3:    T:0.23333    C:0.16667    A:0.26667    G:0.33333
Average         T:0.23333    C:0.15556    A:0.43333    G:0.17778

#31: Gerenuk        
position  1:    T:0.23333    C:0.16667    A:0.40000    G:0.20000
position  2:    T:0.23333    C:0.13333    A:0.53333    G:0.10000
position  3:    T:0.23333    C:0.16667    A:0.26667    G:0.33333
Average         T:0.23333    C:0.15556    A:0.40000    G:0.21111

#32: CommonEland    
position  1:    T:0.23333    C:0.16667    A:0.43333    G:0.16667
position  2:    T:0.23333    C:0.13333    A:0.60000    G:0.03333
position  3:    T:0.26667    C:0.13333    A:0.30000    G:0.30000
Average         T:0.24444    C:0.14444    A:0.44444    G:0.16667

#33: MuntiacusReevesi
position  1:    T:0.20000    C:0.16667    A:0.40000    G:0.23333
position  2:    T:0.26667    C:0.10000    A:0.60000    G:0.03333
position  3:    T:0.23333    C:0.16667    A:0.26667    G:0.33333
Average         T:0.23333    C:0.14444    A:0.42222    G:0.20000

#34: HarveysDuiker  
position  1:    T:0.23333    C:0.16667    A:0.40000    G:0.20000
position  2:    T:0.23333    C:0.13333    A:0.60000    G:0.03333
position  3:    T:0.23333    C:0.16667    A:0.26667    G:0.33333
Average         T:0.23333    C:0.15556    A:0.42222    G:0.18889

#35: Pronghorn      
position  1:    T:0.23333    C:0.20000    A:0.36667    G:0.20000
position  2:    T:0.23333    C:0.13333    A:0.60000    G:0.03333
position  3:    T:0.20000    C:0.20000    A:0.23333    G:0.36667
Average         T:0.22222    C:0.17778    A:0.40000    G:0.20000

#36: BlueWildebeest 
position  1:    T:0.23333    C:0.16667    A:0.40000    G:0.20000
position  2:    T:0.23333    C:0.13333    A:0.60000    G:0.03333
position  3:    T:0.23333    C:0.16667    A:0.26667    G:0.33333
Average         T:0.23333    C:0.15556    A:0.42222    G:0.18889

#37: Gemsbok        
position  1:    T:0.23333    C:0.16667    A:0.40000    G:0.20000
position  2:    T:0.23333    C:0.13333    A:0.60000    G:0.03333
position  3:    T:0.23333    C:0.16667    A:0.26667    G:0.33333
Average         T:0.23333    C:0.15556    A:0.42222    G:0.18889

#38: Yak            
position  1:    T:0.23333    C:0.16667    A:0.36667    G:0.23333
position  2:    T:0.23333    C:0.13333    A:0.60000    G:0.03333
position  3:    T:0.23333    C:0.16667    A:0.30000    G:0.30000
Average         T:0.23333    C:0.15556    A:0.42222    G:0.18889

#39: BlueSheep      
position  1:    T:0.23333    C:0.16667    A:0.40000    G:0.20000
position  2:    T:0.23333    C:0.13333    A:0.60000    G:0.03333
position  3:    T:0.23333    C:0.16667    A:0.26667    G:0.33333
Average         T:0.23333    C:0.15556    A:0.42222    G:0.18889

#40: BohorReedbuck  
position  1:    T:0.23333    C:0.16667    A:0.40000    G:0.20000
position  2:    T:0.23333    C:0.13333    A:0.56667    G:0.06667
position  3:    T:0.23333    C:0.20000    A:0.26667    G:0.30000
Average         T:0.23333    C:0.16667    A:0.41111    G:0.18889

#41: KirksDik       
position  1:    T:0.23333    C:0.16667    A:0.40000    G:0.20000
position  2:    T:0.23333    C:0.13333    A:0.53333    G:0.10000
position  3:    T:0.23333    C:0.16667    A:0.26667    G:0.33333
Average         T:0.23333    C:0.15556    A:0.40000    G:0.21111

#42: RoeDeer        
position  1:    T:0.20000    C:0.16667    A:0.40000    G:0.23333
position  2:    T:0.23333    C:0.13333    A:0.60000    G:0.03333
position  3:    T:0.23333    C:0.16667    A:0.30000    G:0.30000
Average         T:0.22222    C:0.15556    A:0.43333    G:0.18889

#43: WhiteLippedDeer
position  1:    T:0.20000    C:0.16667    A:0.40000    G:0.23333
position  2:    T:0.23333    C:0.13333    A:0.60000    G:0.03333
position  3:    T:0.23333    C:0.16667    A:0.26667    G:0.33333
Average         T:0.22222    C:0.15556    A:0.42222    G:0.20000

#44: ThomsonGazelle 
position  1:    T:0.23333    C:0.16667    A:0.40000    G:0.20000
position  2:    T:0.26667    C:0.13333    A:0.53333    G:0.06667
position  3:    T:0.23333    C:0.16667    A:0.26667    G:0.33333
Average         T:0.24444    C:0.15556    A:0.40000    G:0.20000

#45: MuntiacusCrinifrons
position  1:    T:0.20000    C:0.16667    A:0.40000    G:0.23333
position  2:    T:0.26667    C:0.10000    A:0.60000    G:0.03333
position  3:    T:0.23333    C:0.16667    A:0.26667    G:0.33333
Average         T:0.23333    C:0.14444    A:0.42222    G:0.20000

#46: WhiteTailedDeer
position  1:    T:0.20000    C:0.16667    A:0.40000    G:0.23333
position  2:    T:0.23333    C:0.13333    A:0.60000    G:0.03333
position  3:    T:0.23333    C:0.16667    A:0.30000    G:0.30000
Average         T:0.22222    C:0.15556    A:0.43333    G:0.18889

#47: Cattle         
position  1:    T:0.23333    C:0.16667    A:0.40000    G:0.20000
position  2:    T:0.23333    C:0.13333    A:0.60000    G:0.03333
position  3:    T:0.23333    C:0.16667    A:0.26667    G:0.33333
Average         T:0.23333    C:0.15556    A:0.42222    G:0.18889

#48: RoyalAntelope  
position  1:    T:0.23333    C:0.16667    A:0.43333    G:0.16667
position  2:    T:0.23333    C:0.13333    A:0.60000    G:0.03333
position  3:    T:0.23333    C:0.16667    A:0.30000    G:0.30000
Average         T:0.23333    C:0.15556    A:0.44444    G:0.16667

#49: Steenbok       
position  1:    T:0.23333    C:0.16667    A:0.40000    G:0.20000
position  2:    T:0.23333    C:0.13333    A:0.53333    G:0.10000
position  3:    T:0.23333    C:0.16667    A:0.26667    G:0.33333
Average         T:0.23333    C:0.15556    A:0.40000    G:0.21111

#50: Impala         
position  1:    T:0.23333    C:0.16667    A:0.40000    G:0.20000
position  2:    T:0.23333    C:0.13333    A:0.60000    G:0.03333
position  3:    T:0.23333    C:0.16667    A:0.26667    G:0.33333
Average         T:0.23333    C:0.15556    A:0.42222    G:0.18889

#51: Klipspringer   
position  1:    T:0.23333    C:0.16667    A:0.40000    G:0.20000
position  2:    T:0.23333    C:0.13333    A:0.60000    G:0.03333
