1
52 1
Argali 0.000000 0.520300 0.157300 0.455600 0.160800 0.043600 0.759700 0.298300 0.173900 0.273800 0.064900 0.270100 0.108400 0.705800 0.194600 0.392400 0.244500 0.263600 0.064700 0.157300 0.282800 0.089500 0.305100 0.333700 0.064900 0.468400 0.109700 0.243200 0.264900 0.224700 0.297800 0.199200 0.592300 0.130900 0.107100 0.235600 0.064900 0.153200 0.320700 0.353400 0.223200 0.363900 0.299200 0.358100 0.235600 0.168200 0.357100 0.218700 0.152300 0.207500 0.242800 0.180900
LesserMous 0.520300 0.000000 0.524800 0.196400 0.521300 0.491800 0.934200 0.711900 0.475600 0.549200 0.454000 0.507900 0.506800 0.965600 0.586000 0.663300 0.373000 0.318200 0.512600 0.524800 0.710800 0.498700 0.636400 0.599900 0.454000 1.110900 0.511900 0.554200 0.520600 0.600400 0.574600 0.600200 0.451300 0.474000 0.497700 0.611300 0.454000 0.560600 0.776200 0.546300 0.588300 0.939800 0.503800 0.628900 0.611300 0.573000 0.794600 0.614300 0.496600 0.628400 0.553700 0.553400
LesserKudu 0.157300 0.524800 0.000000 0.444500 0.156800 0.134500 0.853600 0.293900 0.059000 0.326000 0.156000 0.123200 0.201100 0.800100 0.191700 0.327900 0.344600 0.336800 0.155400 0.000000 0.278600 0.184600 0.355000 0.326400 0.156000 0.526000 0.203500 0.078000 0.261600 0.059400 0.350400 0.250900 0.607100 0.225000 0.198500 0.085900 0.156000 0.151300 0.315900 0.345200 0.270000 0.352400 0.291800 0.349300 0.085900 0.218200 0.352500 0.269600 0.150300 0.230500 0.077900 0.019900
KillerWhal 0.455600 0.196400 0.444500 0.000000 0.430900 0.407100 0.816500 0.618500 0.406000 0.563700 0.376400 0.378100 0.424500 0.832900 0.534300 0.618800 0.357800 0.375200 0.427000 0.444500 0.648700 0.412900 0.531300 0.504000 0.376400 0.879700 0.427800 0.477800 0.485800 0.514100 0.587000 0.550000 0.649000 0.396900 0.417700 0.451800 0.376400 0.418200 0.706100 0.457300 0.441400 0.745500 0.521700 0.587500 0.451800 0.508900 0.661000 0.600400 0.366900 0.607100 0.477600 0.469700
DefassaWat 0.160800 0.521300 0.156800 0.430900 0.000000 0.114500 0.673300 0.220900 0.173800 0.251100 0.089100 0.199800 0.182100 0.622600 0.120100 0.314200 0.274100 0.294300 0.135900 0.156800 0.203100 0.115300 0.283200 0.312700 0.089100 0.511400 0.184400 0.193800 0.190300 0.224000 0.275700 0.176000 0.521700 0.157000 0.179800 0.162900 0.089100 0.042300 0.237300 0.388200 0.252000 0.401100 0.276900 0.336400 0.162900 0.145400 0.276400 0.196100 0.085700 0.238200 0.241600 0.180300
Sheep 0.043600 0.491800 0.134500 0.407100 0.114500 0.000000 0.689900 0.247600 0.151800 0.223100 0.021500 0.223800 0.064700 0.637100 0.145500 0.341100 0.198700 0.268000 0.021500 0.134500 0.230500 0.043800 0.256300 0.284000 0.021500 0.410400 0.066200 0.220200 0.215900 0.201600 0.247100 0.148900 0.557500 0.086800 0.063700 0.187800 0.021400 0.109000 0.266100 0.304200 0.177500 0.310000 0.248200 0.308400 0.187800 0.119600 0.304500 0.169400 0.108300 0.211700 0.219900 0.157900
MaxwellsDu 0.759700 0.934200 0.853600 0.816500 0.673300 0.689900 0.000000 0.835900 0.825600 0.793000 0.636700 0.739600 0.708300 0.111500 0.670400 0.935800 0.663000 0.738100 0.634700 0.853600 0.947700 0.703800 0.730600 0.925800 0.636700 1.347100 0.716000 0.791500 0.767800 0.866200 0.821000 0.562400 0.810300 0.662200 0.653900 0.801500 0.636700 0.719900 0.920000 0.869900 0.759700 1.094800 0.824000 0.902300 0.801500 0.693900 0.932500 0.812600 0.640400 0.765500 0.790700 0.895300
GazellaPrz 0.298300 0.711900 0.293900 0.618500 0.220900 0.247600 0.835900 0.000000 0.363700 0.411300 0.270500 0.336100 0.265400 0.876900 0.260900 0.290900 0.482000 0.501900 0.269200 0.293900 0.179200 0.306800 0.436400 0.471200 0.270500 0.486800 0.268700 0.384700 0.167800 0.367500 0.437600 0.329200 0.656700 0.291600 0.261600 0.246900 0.270500 0.261600 0.243900 0.489100 0.397200 0.378100 0.439700 0.434500 0.246900 0.351500 0.310700 0.228000 0.259600 0.328700 0.383900 0.320500
MountainNy 0.173900 0.475600 0.059000 0.406000 0.173800 0.151800 0.825600 0.363700 0.000000 0.397900 0.126900 0.183300 0.216700 0.771900 0.260400 0.396000 0.305400 0.298900 0.171900 0.059000 0.351100 0.153100 0.424500 0.339700 0.126900 0.536000 0.219100 0.095100 0.330000 0.077200 0.422000 0.323100 0.613700 0.192300 0.214000 0.148600 0.126900 0.168100 0.391400 0.412300 0.335900 0.425100 0.361200 0.417400 0.148600 0.288400 0.365700 0.340400 0.167200 0.297800 0.135300 0.038800
MuntiacusM 0.273800 0.549200 0.326000 0.563700 0.251100 0.223100 0.793000 0.411300 0.397900 0.000000 0.246300 0.368400 0.296400 0.738400 0.235300 0.514300 0.285000 0.305900 0.245100 0.326000 0.399100 0.281900 0.088700 0.161300 0.246300 0.706100 0.300200 0.419500 0.370700 0.401500 0.022800 0.268900 0.550200 0.323600 0.292000 0.335700 0.246300 0.292100 0.446500 0.133300 0.110700 0.567900 0.022900 0.185500 0.335700 0.261800 0.552600 0.321100 0.290400 0.303900 0.418600 0.353600
goat 0.064900 0.454000 0.156000 0.376400 0.089100 0.021500 0.636700 0.270500 0.126900 0.246300 0.000000 0.244900 0.085800 0.585100 0.168400 0.363900 0.172100 0.239400 0.042200 0.156000 0.254400 0.021300 0.278500 0.306500 0.000000 0.436000 0.086400 0.193200 0.238300 0.222800 0.270100 0.172400 0.510100 0.063500 0.084800 0.209800 0.000000 0.084200 0.290900 0.326300 0.198700 0.334100 0.271300 0.330800 0.209800 0.142600 0.270800 0.192300 0.084400 0.234000 0.240900 0.179400
AfricanBuf 0.270100 0.507900 0.123200 0.378100 0.199800 0.223800 0.739600 0.336100 0.183300 0.368400 0.244900 0.000000 0.290800 0.681400 0.183300 0.315000 0.383900 0.347100 0.195500 0.123200 0.322400 0.277100 0.288300 0.311500 0.244900 0.576700 0.294000 0.202300 0.199500 0.141200 0.392700 0.294400 0.582600 0.315500 0.286700 0.082500 0.244900 0.237900 0.361100 0.328600 0.258900 0.397800 0.333400 0.335500 0.082500 0.259000 0.456500 0.312100 0.189200 0.294700 0.158500 0.144500
Topi 0.108400 0.506800 0.201100 0.424500 0.182100 0.064700 0.708300 0.265400 0.216700 0.296400 0.085800 0.290800 0.000000 0.654400 0.216600 0.414800 0.265600 0.284400 0.085500 0.201100 0.305700 0.111000 0.327300 0.356400 0.085800 0.493600 0.020500 0.287000 0.286500 0.268400 0.320100 0.222000 0.605500 0.040700 0.040400 0.256900 0.085800 0.173800 0.344500 0.375500 0.244300 0.387600 0.321600 0.326800 0.256900 0.190500 0.379800 0.241000 0.173000 0.282300 0.286500 0.224800
CommonDuik 0.705800 0.965600 0.800100 0.832900 0.622600 0.637100 0.111500 0.876900 0.771900 0.738400 0.585100 0.681400 0.654400 0.000000 0.619300 1.097100 0.612700 0.685700 0.582700 0.800100 0.998400 0.648000 0.674200 0.760200 0.585100 1.420700 0.662100 0.778400 0.795300 0.812100 0.767500 0.632200 0.846800 0.609500 0.639800 0.748800 0.585100 0.668300 1.027600 0.801600 0.703700 1.149300 0.770600 0.939600 0.748800 0.557100 0.980200 0.850700 0.666700 0.795800 0.865100 0.840400
Suni 0.194600 0.586000 0.191700 0.534300 0.120100 0.145500 0.670400 0.260900 0.260400 0.235300 0.168400 0.183300 0.216600 0.619300 0.000000 0.358300 0.260300 0.281300 0.117300 0.191700 0.243500 0.199800 0.268400 0.356600 0.168400 0.505400 0.219400 0.281500 0.227100 0.210600 0.260700 0.214200 0.438800 0.242300 0.213600 0.197300 0.168400 0.162800 0.281500 0.377000 0.236800 0.391300 0.261900 0.381300 0.197300 0.237200 0.320000 0.234600 0.161600 0.277800 0.280900 0.216900
Springbuck 0.392400 0.663300 0.327900 0.618800 0.314200 0.341100 0.935800 0.290900 0.396000 0.514300 0.363900 0.315000 0.414800 1.097100 0.358300 0.000000 0.583000 0.602800 0.362100 0.327900 0.166100 0.370900 0.537700 0.503500 0.363900 0.413500 0.419500 0.416700 0.157300 0.399700 0.540800 0.431900 0.686800 0.443000 0.408100 0.336800 0.363900 0.352700 0.253300 0.518800 0.494100 0.318400 0.470100 0.464700 0.336800 0.454000 0.288500 0.324500 0.296600 0.392600 0.360900 0.353900
Okapi 0.244500 0.373000 0.344600 0.357800 0.274100 0.198700 0.663000 0.482000 0.305400 0.285000 0.172100 0.383900 0.265600 0.612700 0.260300 0.583000 0.000000 0.096600 0.171600 0.344600 0.473700 0.200600 0.315100 0.398100 0.172100 0.616000 0.268400 0.378100 0.443500 0.360900 0.308000 0.381100 0.347600 0.239800 0.261900 0.408700 0.172100 0.262100 0.521900 0.363000 0.235600 0.499400 0.309300 0.421900 0.408700 0.343900 0.485300 0.397600 0.260900 0.354400 0.432300 0.370200
Giraffe 0.263600 0.318200 0.336800 0.375200 0.294300 0.268000 0.738100 0.501900 0.298900 0.305900 0.239400 0.347100 0.284400 0.685700 0.281300 0.602800 0.096600 0.000000 0.238800 0.336800 0.494500 0.270800 0.335200 0.359400 0.239400 0.710300 0.287300 0.369500 0.463700 0.352900 0.328700 0.402300 0.343800 0.258700 0.280400 0.368400 0.239400 0.331500 0.543100 0.437100 0.303700 0.511800 0.330100 0.382300 0.368400 0.423200 0.569400 0.418400 0.330100 0.265300 0.421900 0.361600
TibetanAnt 0.064700 0.512600 0.155400 0.427000 0.135900 0.021500 0.634700 0.269200 0.171900 0.245100 0.042200 0.195500 0.085500 0.582700 0.117300 0.362100 0.171600 0.238800 0.000000 0.155400 0.253100 0.066200 0.226100 0.305100 0.042700 0.369200 0.086500 0.240300 0.237300 0.173900 0.268800 0.171700 0.508200 0.107600 0.084500 0.208900 0.042200 0.129500 0.289300 0.324800 0.150900 0.274500 0.270000 0.329300 0.208900 0.142000 0.326400 0.191500 0.128800 0.233000 0.239900 0.178600
Sitatunga 0.157300 0.524800 0.000000 0.444500 0.156800 0.134500 0.853600 0.293900 0.059000 0.326000 0.156000 0.123200 0.201100 0.800100 0.191700 0.327900 0.344600 0.336800 0.155400 0.000000 0.278600 0.184600 0.355000 0.326400 0.156000 0.526000 0.203500 0.077000 0.261600 0.059900 0.350400 0.250900 0.607100 0.225000 0.198500 0.085900 0.156000 0.151300 0.315900 0.345200 0.270000 0.352400 0.291800 0.349300 0.085900 0.218200 0.352500 0.269600 0.150300 0.230500 0.077900 0.020000
Oribi 0.282800 0.710800 0.278600 0.648700 0.203100 0.230500 0.947700 0.179200 0.351100 0.399100 0.254400 0.322400 0.305700 0.998400 0.243500 0.166100 0.473700 0.494500 0.253100 0.278600 0.000000 0.259400 0.425800 0.393100 0.254400 0.299400 0.309700 0.372600 0.096700 0.354800 0.426500 0.313300 0.651500 0.333700 0.300900 0.287500 0.254400 0.245600 0.078500 0.480700 0.385500 0.206400 0.428600 0.418400 0.287500 0.336700 0.123700 0.210100 0.243700 0.281900 0.371800 0.306200
BarbaryShe 0.089500 0.498700 0.184600 0.412900 0.115300 0.043800 0.703800 0.306800 0.153100 0.281900 0.021300 0.277100 0.111000 0.648000 0.199800 0.370900 0.200600 0.270800 0.066200 0.184600 0.259400 0.000000 0.313800 0.312400 0.021400 0.445300 0.112300 0.222300 0.272200 0.254100 0.306600 0.204800 0.566200 0.087500 0.109600 0.241900 0.021700 0.109800 0.264600 0.363600 0.228900 0.340900 0.308000 0.337100 0.241900 0.172700 0.276000 0.224800 0.109100 0.235500 0.272300 0.209100
Daviddeer 0.305100 0.636400 0.355000 0.531300 0.283200 0.256300 0.730600 0.436400 0.424500 0.088700 0.278500 0.288300 0.327300 0.674200 0.268400 0.537700 0.315100 0.335200 0.226100 0.355000 0.425800 0.313800 0.000000 0.196300 0.278500 0.640600 0.330900 0.446400 0.397700 0.371200 0.110400 0.301800 0.498600 0.353600 0.322400 0.307500 0.278500 0.322000 0.472400 0.168100 0.060500 0.517400 0.110800 0.219800 0.307500 0.294500 0.572700 0.351500 0.268800 0.334900 0.445400 0.381400
Reindeer 0.333700 0.599900 0.326400 0.504000 0.312700 0.284000 0.925800 0.471200 0.339700 0.161300 0.306500 0.311500 0.356400 0.760200 0.356600 0.503500 0.398100 0.359400 0.305100 0.326400 0.393100 0.312400 0.196300 0.000000 0.306500 0.759200 0.360200 0.416000 0.368000 0.397600 0.183700 0.394300 0.783400 0.383400 0.350800 0.334600 0.306500 0.351700 0.470200 0.216500 0.217900 0.542600 0.184400 0.147000 0.334600 0.322800 0.535300 0.447000 0.350400 0.330800 0.415100 0.352300
Ibex 0.064900 0.454000 0.156000 0.376400 0.089100 0.021500 0.636700 0.270500 0.126900 0.246300 0.000000 0.244900 0.085800 0.585100 0.168400 0.363900 0.172100 0.239400 0.042700 0.156000 0.254400 0.021400 0.278500 0.306500 0.000000 0.436000 0.085200 0.193200 0.238300 0.222800 0.270100 0.172400 0.510100 0.063500 0.084800 0.209800 0.000000 0.084900 0.290900 0.326300 0.198700 0.334100 0.271300 0.330800 0.209800 0.142600 0.270800 0.192300 0.084400 0.234000 0.240900 0.179400
GyrantGaze 0.468400 1.110900 0.526000 0.879700 0.511400 0.410400 1.347100 0.486800 0.536000 0.706100 0.436000 0.576700 0.493600 1.420700 0.505400 0.413500 0.616000 0.710300 0.369200 0.526000 0.299400 0.445300 0.640600 0.759200 0.436000 0.000000 0.499600 0.630500 0.404800 0.474000 0.737000 0.602800 0.881700 0.526200 0.484200 0.623800 0.436000 0.487000 0.410800 0.704700 0.516200 0.119400 0.741100 0.701900 0.623800 0.547600 0.378100 0.452800 0.483500 0.539100 0.628700 0.488900
Hartebeest 0.109700 0.511900 0.203500 0.427800 0.184400 0.066200 0.716000 0.268700 0.219100 0.300200 0.086400 0.294000 0.020500 0.662100 0.219400 0.419500 0.268400 0.287300 0.086500 0.203500 0.309700 0.112300 0.330900 0.360200 0.085200 0.499600 0.000000 0.290000 0.290100 0.271400 0.324100 0.224900 0.612800 0.020500 0.041200 0.260100 0.086200 0.175900 0.349000 0.379600 0.247000 0.392300 0.325600 0.330200 0.260100 0.192900 0.384500 0.244000 0.175000 0.285600 0.289500 0.227400
Bongo 0.243200 0.554200 0.078000 0.477800 0.193800 0.220200 0.791500 0.384700 0.095100 0.419500 0.193200 0.202300 0.287000 0.778400 0.281500 0.416700 0.378100 0.369500 0.240300 0.077000 0.372600 0.222300 0.446400 0.416000 0.193200 0.630500 0.290000 0.000000 0.350600 0.136400 0.443300 0.286700 0.638500 0.261000 0.233000 0.168200 0.193200 0.187700 0.350400 0.432900 0.356700 0.446700 0.382100 0.438500 0.168200 0.309800 0.386400 0.361800 0.186900 0.318500 0.036200 0.098000
Gerenuk 0.264900 0.520600 0.261600 0.485800 0.190300 0.215900 0.767800 0.167800 0.330000 0.370700 0.238300 0.199500 0.286500 0.795300 0.227100 0.157300 0.443500 0.463700 0.237300 0.261600 0.096700 0.272200 0.397700 0.368000 0.238300 0.404800 0.290100 0.350600 0.000000 0.333500 0.396600 0.291300 0.599100 0.312700 0.282400 0.269200 0.238300 0.230800 0.153000 0.386700 0.361200 0.306400 0.398500 0.394600 0.269200 0.253200 0.219900 0.196300 0.179200 0.293800 0.296300 0.287300
CommonElan 0.224700 0.600400 0.059400 0.514100 0.224000 0.201600 0.866200 0.367500 0.077200 0.401500 0.222800 0.141200 0.268400 0.812100 0.210600 0.399700 0.360900 0.352900 0.173900 0.059900 0.354800 0.254100 0.371200 0.397600 0.222800 0.474000 0.271400 0.136400 0.333500 0.000000 0.426000 0.326200 0.621600 0.292900 0.264800 0.150000 0.222800 0.216400 0.395500 0.415700 0.286900 0.369700 0.364700 0.420200 0.150000 0.291200 0.430200 0.343600 0.215000 0.300300 0.137500 0.039100
MuntiacusR 0.297800 0.574600 0.350400 0.587000 0.275700 0.247100 0.821000 0.437600 0.422000 0.022800 0.270100 0.392700 0.320100 0.767500 0.260700 0.540800 0.308000 0.328700 0.268800 0.350400 0.426500 0.306600 0.110400 0.183700 0.270100 0.737000 0.324100 0.443300 0.396600 0.426000 0.000000 0.294800 0.579100 0.347400 0.315200 0.361000 0.270100 0.315700 0.475100 0.155100 0.132300 0.596800 0.046000 0.207900 0.361000 0.287300 0.581100 0.346900 0.313700 0.328300 0.442400 0.378200
HarveysDui 0.199200 0.600200 0.250900 0.550000 0.176000 0.148900 0.562400 0.329200 0.323100 0.268900 0.172400 0.294400 0.222000 0.632200 0.214200 0.431900 0.381100 0.402300 0.171700 0.250900 0.313300 0.204800 0.301800 0.394300 0.172400 0.602800 0.224900 0.286700 0.291300 0.326200 0.294800 0.000000 0.703300 0.248500 0.165600 0.258500 0.173600 0.219000 0.287500 0.413400 0.298300 0.473800 0.296200 0.392500 0.258500 0.211900 0.464100 0.240600 0.215600 0.285200 0.286100 0.278000
Pronghorn 0.592300 0.451300 0.607100 0.649000 0.521700 0.557500 0.810300 0.656700 0.613700 0.550200 0.510100 0.582600 0.605500 0.846800 0.438800 0.686800 0.347600 0.343800 0.508200 0.607100 0.651500 0.566200 0.498600 0.783400 0.510100 0.881700 0.612800 0.638500 0.599100 0.621600 0.579100 0.703300 0.000000 0.564000 0.636600 0.629500 0.510100 0.562100 0.721300 0.557900 0.452500 0.713900 0.582200 0.722900 0.629500 0.619600 0.653000 0.500100 0.559600 0.562300 0.716600 0.642900
BlueWildeb 0.130900 0.474000 0.225000 0.396900 0.157000 0.086800 0.662200 0.291600 0.192300 0.323600 0.063500 0.315500 0.040700 0.609500 0.242300 0.443000 0.239800 0.258700 0.107600 0.225000 0.333700 0.087500 0.353600 0.383400 0.063500 0.526200 0.020500 0.261000 0.312700 0.292900 0.347400 0.248500 0.564000 0.000000 0.061700 0.282300 0.062200 0.150000 0.374000 0.402300 0.268500 0.417100 0.349000 0.352900 0.282300 0.215900 0.348100 0.267000 0.149300 0.308300 0.310900 0.249100
Gemsbok 0.107100 0.497700 0.198500 0.417700 0.179800 0.063700 0.653900 0.261600 0.214000 0.292000 0.084800 0.286700 0.040400 0.639800 0.213600 0.408100 0.261900 0.280400 0.084500 0.198500 0.300900 0.109600 0.322400 0.350800 0.084800 0.484200 0.041200 0.233000 0.282400 0.264800 0.315200 0.165600 0.636600 0.061700 0.000000 0.253300 0.084200 0.171700 0.278300 0.369600 0.241000 0.380900 0.316600 0.322000 0.253300 0.187900 0.373600 0.237600 0.170900 0.278200 0.232600 0.221900
Yak 0.235600 0.611300 0.085900 0.451800 0.162900 0.187800 0.801500 0.246900 0.148600 0.335700 0.209800 0.082500 0.256900 0.748800 0.197300 0.336800 0.408700 0.368400 0.208900 0.085900 0.287500 0.241900 0.307500 0.334600 0.209800 0.623800 0.260100 0.168200 0.269200 0.150000 0.361000 0.258500 0.629500 0.282300 0.253300 0.000000 0.209800 0.203300 0.326300 0.352800 0.275700 0.428400 0.300300 0.357900 0.000000 0.280700 0.425900 0.277400 0.201700 0.260700 0.168000 0.107900
BlueSheep 0.064900 0.454000 0.156000 0.376400 0.089100 0.021400 0.636700 0.270500 0.126900 0.246300 0.000000 0.244900 0.085800 0.585100 0.168400 0.363900 0.172100 0.239400 0.042200 0.156000 0.254400 0.021700 0.278500 0.306500 0.000000 0.436000 0.086200 0.193200 0.238300 0.222800 0.270100 0.173600 0.510100 0.062200 0.084200 0.209800 0.000000 0.084900 0.290900 0.326300 0.198700 0.334100 0.271300 0.330800 0.209800 0.142600 0.270800 0.192300 0.083500 0.234000 0.240900 0.179400
BohorReedb 0.153200 0.560600 0.151300 0.418200 0.042300 0.109000 0.719900 0.261600 0.168100 0.292100 0.084200 0.237900 0.173800 0.668300 0.162800 0.352700 0.262100 0.331500 0.129500 0.151300 0.245600 0.109800 0.322000 0.351700 0.084900 0.487000 0.175900 0.187700 0.230800 0.216400 0.315700 0.219000 0.562100 0.150000 0.171700 0.203300 0.084900 0.000000 0.280600 0.370000 0.240600 0.382300 0.317100 0.374700 0.203300 0.138000 0.262000 0.237700 0.081900 0.278200 0.234000 0.174000
KirksDik 0.320700 0.776200 0.315900 0.706100 0.237300 0.266100 0.920000 0.243900 0.391400 0.446500 0.290900 0.361100 0.344500 1.027600 0.281500 0.253300 0.521900 0.543100 0.289300 0.315900 0.078500 0.264600 0.472400 0.470200 0.290900 0.410800 0.349000 0.350400 0.153000 0.395500 0.475100 0.287500 0.721300 0.374000 0.278300 0.326300 0.290900 0.280600 0.000000 0.529900 0.428500 0.304300 0.477500 0.496300 0.326300 0.380500 0.211100 0.245700 0.278600 0.315500 0.349700 0.344900
RoeDeer 0.353400 0.546300 0.345200 0.457300 0.388200 0.304200 0.869900 0.489100 0.412300 0.133300 0.326300 0.328600 0.375500 0.801600 0.377000 0.518800 0.363000 0.437100 0.324800 0.345200 0.480700 0.363600 0.168100 0.216500 0.326300 0.704700 0.379600 0.432900 0.386700 0.415700 0.155100 0.413400 0.557900 0.402300 0.369600 0.352800 0.326300 0.370000 0.529900 0.000000 0.144300 0.576100 0.108200 0.291300 0.352800 0.287000 0.560800 0.403000 0.368300 0.383800 0.432100 0.370800
WhiteLippe 0.223200 0.588300 0.270000 0.441400 0.252000 0.177500 0.759700 0.397200 0.335900 0.110700 0.198700 0.258900 0.244300 0.703700 0.236800 0.494100 0.235600 0.303700 0.150900 0.270000 0.385500 0.228900 0.060500 0.217900 0.198700 0.516200 0.247000 0.356700 0.361200 0.286900 0.132300 0.298300 0.452500 0.268500 0.241000 0.275700 0.198700 0.240600 0.428500 0.144300 0.000000 0.409100 0.132900 0.192300 0.275700 0.263900 0.461100 0.315900 0.239600 0.301300 0.356000 0.294400
ThomsonGaz 0.363900 0.939800 0.352400 0.745500 0.401100 0.310000 1.094800 0.378100 0.425100 0.567900 0.334100 0.397800 0.387600 1.149300 0.391300 0.318400 0.499400 0.511800 0.274500 0.352400 0.206400 0.340900 0.517400 0.542600 0.334100 0.119400 0.392300 0.446700 0.306400 0.369700 0.596800 0.473800 0.713900 0.417100 0.380900 0.428400 0.334100 0.382300 0.304300 0.576100 0.409100 0.000000 0.600000 0.500200 0.428400 0.426600 0.280900 0.346700 0.379700 0.359100 0.445700 0.380500
MuntiacusC 0.299200 0.503800 0.291800 0.521700 0.276900 0.248200 0.824000 0.439700 0.361200 0.022900 0.271300 0.333400 0.321600 0.770600 0.261900 0.470100 0.309300 0.330100 0.270000 0.291800 0.428600 0.308000 0.110800 0.184400 0.271300 0.741100 0.325600 0.382100 0.398500 0.364700 0.046000 0.296200 0.582200 0.349000 0.316600 0.300300 0.271300 0.317100 0.477500 0.108200 0.132900 0.600000 0.000000 0.208700 0.300300 0.288600 0.584000 0.348500 0.315100 0.329800 0.381400 0.318200
WhiteTaile 0.358100 0.628900 0.349300 0.587500 0.336400 0.308400 0.902300 0.434500 0.417400 0.185500 0.330800 0.335500 0.326800 0.939600 0.381300 0.464700 0.421900 0.382300 0.329300 0.349300 0.418400 0.337100 0.219800 0.147000 0.330800 0.701900 0.330200 0.438500 0.394600 0.420200 0.207900 0.392500 0.722900 0.352900 0.322000 0.357900 0.330800 0.374700 0.496300 0.291300 0.192300 0.500200 0.208700 0.000000 0.357900 0.413400 0.560200 0.409300 0.319200 0.300300 0.382700 0.375300
Cattle 0.235600 0.611300 0.085900 0.451800 0.162900 0.187800 0.801500 0.246900 0.148600 0.335700 0.209800 0.082500 0.256900 0.748800 0.197300 0.336800 0.408700 0.368400 0.208900 0.085900 0.287500 0.241900 0.307500 0.334600 0.209800 0.623800 0.260100 0.168200 0.269200 0.150000 0.361000 0.258500 0.629500 0.282300 0.253300 0.000000 0.209800 0.203300 0.326300 0.352800 0.275700 0.428400 0.300300 0.357900 0.000000 0.280700 0.425900 0.277400 0.201700 0.260700 0.168000 0.107900
RoyalAntel 0.168200 0.573000 0.218200 0.508900 0.145400 0.119600 0.693900 0.351500 0.288400 0.261800 0.142600 0.259000 0.190500 0.557100 0.237200 0.454000 0.343900 0.423200 0.142000 0.218200 0.336700 0.172700 0.294500 0.322800 0.142600 0.547600 0.192900 0.309800 0.253200 0.291200 0.287300 0.211900 0.619600 0.215900 0.187900 0.280700 0.142600 0.138000 0.380500 0.287000 0.263900 0.426600 0.288600 0.413400 0.280700 0.000000 0.418300 0.263400 0.186700 0.307100 0.309200 0.244100
Steenbok 0.357100 0.794600 0.352500 0.661000 0.276400 0.304500 0.932500 0.310700 0.365700 0.552600 0.270800 0.456500 0.379800 0.980200 0.320000 0.288500 0.485300 0.569400 0.326400 0.352500 0.123700 0.276000 0.572700 0.535300 0.270800 0.378100 0.384500 0.386400 0.219900 0.430200 0.581100 0.464100 0.653000 0.348100 0.373600 0.425900 0.270800 0.262000 0.211100 0.560800 0.461100 0.280900 0.584000 0.560200 0.425900 0.418300 0.000000 0.346500 0.259900 0.417600 0.445500 0.381100
Impala 0.218700 0.614300 0.269600 0.600400 0.196100 0.169400 0.812600 0.228000 0.340400 0.321100 0.192300 0.312100 0.241000 0.850700 0.234600 0.324500 0.397600 0.418400 0.191500 0.269600 0.210100 0.224800 0.351500 0.447000 0.192300 0.452800 0.244000 0.361800 0.196300 0.343600 0.346900 0.240600 0.500100 0.267000 0.237600 0.277400 0.192300 0.237700 0.245700 0.403000 0.315900 0.346700 0.348500 0.409300 0.277400 0.263400 0.346500 0.000000 0.236200 0.247000 0.361100 0.296300
Klipspring 0.152300 0.496600 0.150300 0.366900 0.085700 0.108300 0.640400 0.259600 0.167200 0.290400 0.084400 0.189200 0.173000 0.666700 0.161600 0.296600 0.260900 0.330100 0.128800 0.150300 0.243700 0.109100 0.268800 0.350400 0.084400 0.483500 0.175000 0.186900 0.179200 0.215000 0.313700 0.215600 0.559600 0.149300 0.170900 0.201700 0.083500 0.081900 0.278600 0.368300 0.239600 0.379700 0.315100 0.319200 0.201700 0.186700 0.259900 0.236200 0.000000 0.276800 0.186700 0.172900
ForestMusk 0.207500 0.628400 0.230500 0.607100 0.238200 0.211700 0.765500 0.328700 0.297800 0.303900 0.234000 0.294700 0.282300 0.795800 0.277800 0.392600 0.354400 0.265300 0.233000 0.230500 0.281900 0.235500 0.334900 0.330800 0.234000 0.539100 0.285600 0.318500 0.293800 0.300300 0.328300 0.285200 0.562300 0.308300 0.278200 0.260700 0.234000 0.278200 0.315500 0.383800 0.301300 0.359100 0.329800 0.300300 0.260700 0.307100 0.417600 0.247000 0.276800 0.000000 0.317900 0.255400
Bushbuck 0.242800 0.553700 0.077900 0.477600 0.241600 0.219900 0.790700 0.383900 0.135300 0.418600 0.240900 0.158500 0.286500 0.865100 0.280900 0.360900 0.432300 0.421900 0.239900 0.077900 0.371800 0.272300 0.445400 0.415100 0.240900 0.628700 0.289500 0.036200 0.296300 0.137500 0.442400 0.286100 0.716600 0.310900 0.232600 0.168000 0.240900 0.234000 0.349700 0.432100 0.356000 0.445700 0.381400 0.382700 0.168000 0.309200 0.445500 0.361100 0.186700 0.317900 0.000000 0.097800
GreaterKud 0.180900 0.553400 0.019900 0.469700 0.180300 0.157900 0.895300 0.320500 0.038800 0.353600 0.179400 0.144500 0.224800 0.840400 0.216900 0.353900 0.370200 0.361600 0.178600 0.020000 0.306200 0.209100 0.381400 0.352300 0.179400 0.488900 0.227400 0.098000 0.287300 0.039100 0.378200 0.278000 0.642900 0.249100 0.221900 0.107900 0.179400 0.174000 0.344900 0.370800 0.294400 0.380500 0.318200 0.375300 0.107900 0.244100 0.381100 0.296300 0.172900 0.255400 0.097800 0.000000
