1
52 1
Argali 0.000000 0.342200 0.120700 0.251800 0.110600 0.000000 0.103600 0.081100 0.142800 0.103600 0.061100 0.124800 0.135300 0.094200 0.116200 0.080900 0.160200 0.158400 0.060100 0.142900 0.080500 0.084300 0.136500 0.124600 0.040900 0.081800 0.134200 0.130800 0.081000 0.132900 0.114500 0.072400 0.153100 0.123500 0.092500 0.110600 0.050800 0.092000 0.082200 0.137400 0.174100 0.071400 0.110500 0.141900 0.110000 0.070600 0.060900 0.091700 0.102700 0.137500 0.110100 0.143600
LesserMous 0.342200 0.000000 0.281300 0.251800 0.264300 0.342200 0.348500 0.272500 0.281000 0.252000 0.304100 0.345000 0.313700 0.308400 0.305600 0.311600 0.290100 0.286600 0.343100 0.281500 0.330700 0.308900 0.321100 0.262000 0.294900 0.316300 0.325600 0.266900 0.285600 0.296400 0.264200 0.308000 0.296000 0.326500 0.235500 0.290800 0.304600 0.272100 0.303200 0.260500 0.309300 0.303400 0.262300 0.248800 0.289000 0.298600 0.303100 0.330000 0.341300 0.277800 0.324500 0.309000
LesserKudu 0.120700 0.281300 0.000000 0.233100 0.062400 0.120700 0.120700 0.077300 0.018200 0.108300 0.068100 0.077600 0.129700 0.089600 0.132200 0.097300 0.163600 0.162100 0.105600 0.018200 0.098400 0.079600 0.159800 0.106600 0.058800 0.098400 0.128800 0.027300 0.097600 0.008800 0.118700 0.089500 0.166700 0.140100 0.108900 0.046200 0.068100 0.105400 0.078200 0.119000 0.172800 0.088300 0.116200 0.100200 0.046000 0.087400 0.078200 0.152300 0.118800 0.120200 0.027500 0.036800
KillerWhal 0.251800 0.251800 0.233100 0.000000 0.220700 0.251800 0.271500 0.239300 0.233300 0.197000 0.219600 0.265300 0.279200 0.233800 0.218100 0.213400 0.231200 0.228400 0.254800 0.233500 0.269600 0.224500 0.205700 0.207100 0.210100 0.216000 0.290100 0.219900 0.238600 0.222300 0.208800 0.233500 0.156200 0.290900 0.255000 0.267600 0.220300 0.227000 0.217900 0.208800 0.246900 0.229600 0.201200 0.194200 0.266200 0.227400 0.243700 0.281500 0.240300 0.244100 0.248300 0.259700
DefassaWat 0.110600 0.264300 0.062400 0.220700 0.000000 0.110600 0.108300 0.086200 0.082300 0.107000 0.107900 0.150400 0.138400 0.078000 0.141100 0.106200 0.140300 0.138900 0.108500 0.082400 0.107300 0.110000 0.160600 0.127200 0.088500 0.107300 0.159200 0.072000 0.106500 0.072900 0.117300 0.077900 0.164900 0.148800 0.117700 0.094400 0.097700 0.037400 0.087300 0.128700 0.173200 0.097300 0.113200 0.120800 0.094000 0.056600 0.087300 0.139000 0.106600 0.139600 0.093600 0.103500
Sheep 0.000000 0.342200 0.120700 0.251800 0.110600 0.000000 0.103600 0.081100 0.142800 0.103600 0.061100 0.124800 0.135300 0.094200 0.116200 0.080900 0.160200 0.158400 0.060100 0.142900 0.080500 0.084300 0.136500 0.124600 0.040900 0.081800 0.134200 0.130800 0.081000 0.132900 0.114500 0.072400 0.153100 0.123500 0.092500 0.110600 0.050800 0.092000 0.082200 0.137400 0.174100 0.071400 0.110500 0.141900 0.110000 0.070600 0.060900 0.091700 0.102700 0.137500 0.110100 0.143600
MaxwellsDu 0.103600 0.348500 0.120700 0.271500 0.108300 0.103600 0.000000 0.079600 0.142200 0.123500 0.102000 0.123500 0.133100 0.049800 0.136200 0.079300 0.157500 0.155800 0.081100 0.142400 0.059500 0.126500 0.157200 0.144500 0.080700 0.080300 0.154600 0.130900 0.079600 0.132200 0.134200 0.029600 0.184800 0.143800 0.112100 0.128900 0.091400 0.090000 0.080700 0.145800 0.170400 0.070100 0.130400 0.161600 0.129100 0.069100 0.059800 0.112100 0.079700 0.134400 0.132600 0.165100
GazellaPrz 0.081100 0.272500 0.077300 0.239300 0.086200 0.081100 0.079600 0.000000 0.097500 0.056100 0.079000 0.121200 0.130800 0.069600 0.111600 0.057700 0.132400 0.131100 0.079600 0.097600 0.058400 0.080600 0.085000 0.076500 0.059400 0.058400 0.151800 0.087000 0.057900 0.087800 0.066400 0.049200 0.135000 0.141300 0.088900 0.066500 0.068800 0.088500 0.058600 0.089100 0.097100 0.048600 0.060700 0.090600 0.066200 0.067900 0.038700 0.131700 0.058100 0.089400 0.088000 0.118700
MountainNy 0.142800 0.281000 0.018200 0.233300 0.082300 0.142800 0.142200 0.097500 0.000000 0.129900 0.088400 0.097900 0.151200 0.110600 0.132100 0.117900 0.163500 0.161900 0.126900 0.000100 0.119200 0.100500 0.159500 0.127800 0.079100 0.119200 0.150100 0.009000 0.097500 0.009100 0.140400 0.110400 0.166600 0.161800 0.108800 0.065200 0.088400 0.126400 0.098700 0.140200 0.172400 0.109000 0.138000 0.121600 0.064900 0.107900 0.098700 0.174300 0.140000 0.120200 0.027600 0.018300
MuntiacusM 0.103600 0.252000 0.108300 0.197000 0.107000 0.103600 0.123500 0.056100 0.129900 0.000000 0.090300 0.156100 0.155400 0.113000 0.112700 0.098900 0.090100 0.089100 0.113100 0.129900 0.100000 0.103600 0.040700 0.019600 0.080400 0.099700 0.177500 0.118300 0.098700 0.119800 0.009800 0.090700 0.092700 0.166500 0.111200 0.117400 0.090400 0.109700 0.078600 0.029400 0.051400 0.089200 0.000000 0.029300 0.117000 0.088500 0.078700 0.156700 0.099700 0.057700 0.120200 0.152800
goat 0.061100 0.304100 0.068100 0.219600 0.107900 0.061100 0.102000 0.079000 0.088400 0.090300 0.000000 0.090700 0.132700 0.091800 0.113200 0.078800 0.145900 0.144200 0.060000 0.088400 0.079800 0.060800 0.122000 0.088700 0.019700 0.079800 0.131800 0.077900 0.079100 0.078600 0.100800 0.070600 0.148600 0.143400 0.090200 0.077200 0.029300 0.089600 0.080100 0.101000 0.158100 0.069700 0.097700 0.105300 0.076800 0.068900 0.059400 0.133400 0.100200 0.112000 0.078900 0.109600
AfricanBuf 0.124800 0.345000 0.077600 0.265300 0.150400 0.124800 0.123500 0.121200 0.097900 0.156100 0.090700 0.000000 0.132200 0.135700 0.146800 0.120800 0.190500 0.188400 0.108100 0.098000 0.100700 0.103300 0.213100 0.153600 0.079300 0.100800 0.131300 0.107800 0.121200 0.088200 0.167100 0.113400 0.219300 0.142900 0.111300 0.105600 0.090700 0.110700 0.101200 0.166500 0.227500 0.111900 0.164800 0.170900 0.106300 0.110600 0.101200 0.155600 0.143400 0.168300 0.088500 0.098200
Topi 0.135300 0.313700 0.129700 0.279200 0.138400 0.135300 0.133100 0.130800 0.151200 0.155400 0.132700 0.132200 0.000000 0.145300 0.167800 0.130400 0.142800 0.141300 0.111500 0.151400 0.110200 0.158200 0.214400 0.176200 0.111600 0.132000 0.018800 0.139900 0.130700 0.141200 0.166300 0.123100 0.193100 0.009400 0.079000 0.137500 0.122000 0.118900 0.110900 0.188800 0.228300 0.121500 0.163500 0.194500 0.137900 0.120100 0.110800 0.165400 0.153000 0.189100 0.141700 0.174200
CommonDuik 0.094200 0.308400 0.089600 0.233800 0.078000 0.094200 0.049800 0.069600 0.110600 0.113000 0.091800 0.135700 0.145300 0.000000 0.125800 0.069400 0.170500 0.168600 0.092500 0.110700 0.070300 0.116000 0.146400 0.134100 0.071700 0.070300 0.167100 0.099700 0.069600 0.100700 0.123800 0.019700 0.174000 0.156200 0.101900 0.119800 0.081300 0.080000 0.070600 0.135500 0.135500 0.060100 0.119800 0.127800 0.119100 0.059300 0.049900 0.123700 0.049200 0.124100 0.122400 0.132700
Suni 0.116200 0.305600 0.132200 0.218100 0.141100 0.116200 0.136200 0.111600 0.132100 0.112700 0.113200 0.146800 0.167800 0.125800 0.000000 0.111300 0.147100 0.145600 0.114000 0.132200 0.112700 0.114900 0.169200 0.133500 0.093000 0.101900 0.190000 0.120800 0.090400 0.143900 0.123500 0.103500 0.149900 0.178900 0.101800 0.141300 0.102600 0.122100 0.102300 0.146300 0.182900 0.102100 0.119600 0.150500 0.140500 0.100900 0.091500 0.169100 0.112100 0.146800 0.144300 0.154800
Springbuck 0.080900 0.311600 0.097300 0.213400 0.106200 0.080900 0.079300 0.057700 0.117900 0.098900 0.078800 0.120800 0.130400 0.069400 0.111300 0.000000 0.154100 0.152600 0.079400 0.118000 0.058200 0.101700 0.130800 0.119400 0.059300 0.038300 0.151500 0.107200 0.018800 0.108200 0.109300 0.049000 0.157300 0.141000 0.088700 0.106300 0.068700 0.088200 0.058500 0.131400 0.143300 0.028600 0.105700 0.135600 0.105800 0.067700 0.038600 0.109900 0.078000 0.131600 0.108600 0.139800
Okapi 0.160200 0.290100 0.163600 0.231200 0.140300 0.160200 0.157500 0.132400 0.163500 0.090100 0.145900 0.190500 0.142800 0.170500 0.147100 0.154100 0.000000 0.018900 0.135100 0.163700 0.133500 0.160300 0.145300 0.110800 0.135200 0.156100 0.164500 0.151900 0.132500 0.175800 0.100600 0.147300 0.125700 0.153700 0.144900 0.160600 0.145900 0.144200 0.134400 0.122900 0.158300 0.145300 0.097100 0.127300 0.160600 0.111300 0.134200 0.215300 0.177800 0.112700 0.176500 0.187100
Giraffe 0.158400 0.286600 0.162100 0.228400 0.138900 0.158400 0.155800 0.131100 0.161900 0.089100 0.144200 0.188400 0.141300 0.168600 0.145600 0.152600 0.018900 0.000000 0.133500 0.162200 0.132000 0.158400 0.143600 0.109700 0.133700 0.143500 0.162700 0.150500 0.131200 0.174100 0.099600 0.145700 0.124300 0.152100 0.143400 0.159100 0.144300 0.142700 0.132900 0.121500 0.156300 0.132800 0.096100 0.125900 0.159200 0.110100 0.132800 0.213100 0.176000 0.111500 0.174700 0.185200
TibetanAnt 0.060100 0.343100 0.105600 0.254800 0.108500 0.060100 0.081100 0.079600 0.126900 0.113100 0.060000 0.108100 0.111500 0.092500 0.114000 0.079400 0.135100 0.133500 0.000000 0.127100 0.059500 0.082700 0.137900 0.133700 0.038000 0.080400 0.132700 0.115700 0.079600 0.117200 0.123700 0.071100 0.161300 0.122100 0.090800 0.113800 0.049800 0.090300 0.080700 0.145500 0.173800 0.070200 0.113200 0.144700 0.114900 0.069400 0.059900 0.134300 0.100900 0.134800 0.117700 0.150200
Sitatunga 0.142900 0.281500 0.018200 0.233500 0.082400 0.142900 0.142400 0.097600 0.000100 0.129900 0.088400 0.098000 0.151400 0.110700 0.132200 0.118000 0.163700 0.162200 0.127100 0.000000 0.119400 0.100600 0.159500 0.127900 0.079200 0.119400 0.150200 0.009000 0.097700 0.009100 0.140500 0.110600 0.166900 0.162000 0.108900 0.065300 0.088500 0.126600 0.098800 0.140400 0.172500 0.109100 0.138000 0.122400 0.065000 0.108000 0.098800 0.174600 0.140100 0.120300 0.027700 0.018300
Oribi 0.080500 0.330700 0.098400 0.269600 0.107300 0.080500 0.059500 0.058400 0.119200 0.100000 0.079800 0.100700 0.110200 0.070300 0.112700 0.058200 0.133500 0.132000 0.059500 0.119400 0.000000 0.103100 0.132200 0.120700 0.058300 0.058900 0.131200 0.108400 0.058400 0.109500 0.110500 0.049600 0.159400 0.120700 0.089800 0.106300 0.069600 0.089200 0.059200 0.133100 0.145000 0.049000 0.106600 0.137000 0.106900 0.068500 0.039000 0.132900 0.078900 0.133200 0.109900 0.141500
BarbaryShe 0.084300 0.308900 0.079600 0.224500 0.110000 0.084300 0.126500 0.080600 0.100500 0.103600 0.060800 0.103300 0.158200 0.116000 0.114900 0.101700 0.160300 0.158400 0.082700 0.100600 0.103100 0.000000 0.137100 0.101800 0.040700 0.103100 0.157200 0.089700 0.102000 0.090600 0.114300 0.093800 0.163900 0.169500 0.113900 0.088900 0.050500 0.113100 0.103500 0.114000 0.174300 0.092500 0.111800 0.119200 0.088400 0.091400 0.081800 0.159400 0.124200 0.136800 0.091000 0.101100
Daviddeer 0.136500 0.321100 0.159800 0.205700 0.160600 0.136500 0.157200 0.085000 0.159500 0.040700 0.122000 0.213100 0.214400 0.146400 0.169200 0.130800 0.145300 0.143600 0.137900 0.159500 0.132200 0.137100 0.000000 0.060900 0.111800 0.131700 0.237800 0.147100 0.130200 0.149300 0.050900 0.122800 0.125600 0.226100 0.166900 0.169700 0.122200 0.164800 0.109600 0.071200 0.031000 0.120700 0.040600 0.071000 0.169200 0.141900 0.109600 0.216600 0.131000 0.109800 0.149700 0.184300
Reindeer 0.124600 0.262000 0.106600 0.207100 0.127200 0.124600 0.144500 0.076500 0.127800 0.019600 0.088700 0.153600 0.176200 0.134100 0.133500 0.119400 0.110800 0.109700 0.133700 0.127900 0.120700 0.101800 0.060900 0.000000 0.079000 0.120400 0.174800 0.116500 0.119300 0.117900 0.029400 0.111600 0.113700 0.187400 0.131600 0.115900 0.088900 0.130400 0.099300 0.029000 0.071700 0.109900 0.019500 0.028900 0.115500 0.108600 0.099300 0.178000 0.119900 0.078000 0.118200 0.150500
Ibex 0.040900 0.294900 0.058800 0.210100 0.088500 0.040900 0.080700 0.059400 0.079100 0.080400 0.019700 0.079300 0.111600 0.071700 0.093000 0.059300 0.135200 0.133700 0.038000 0.079200 0.058300 0.040700 0.111800 0.079000 0.000000 0.060100 0.111000 0.068700 0.059500 0.069300 0.091100 0.050600 0.139200 0.122500 0.070400 0.068100 0.009800 0.070000 0.060300 0.091600 0.148100 0.050000 0.087200 0.095000 0.067700 0.049400 0.039800 0.113300 0.080500 0.113700 0.069600 0.100500
GyrantGaze 0.081800 0.316300 0.098400 0.216000 0.107300 0.081800 0.080300 0.058400 0.119200 0.099700 0.079800 0.100800 0.132000 0.070300 0.101900 0.038300 0.156100 0.143500 0.080400 0.119400 0.058900 0.103100 0.131700 0.120400 0.060100 0.000000 0.153400 0.108400 0.038400 0.109400 0.110300 0.049600 0.159100 0.142700 0.089800 0.107500 0.069600 0.089200 0.039000 0.133100 0.144500 0.009100 0.106000 0.136600 0.106900 0.068500 0.039000 0.132700 0.079000 0.133100 0.109800 0.141300
Hartebeest 0.134200 0.325600 0.128800 0.290100 0.159200 0.134200 0.154600 0.151800 0.150100 0.177500 0.131800 0.131300 0.018800 0.167100 0.190000 0.151500 0.164500 0.162700 0.132700 0.150200 0.131200 0.157200 0.237800 0.174800 0.111000 0.153400 0.000000 0.138900 0.151800 0.140200 0.188400 0.144500 0.203900 0.009300 0.099400 0.136600 0.121300 0.140200 0.131900 0.187600 0.252200 0.142700 0.185600 0.192700 0.136900 0.141100 0.131700 0.163900 0.174500 0.211300 0.118900 0.150300
Bongo 0.130800 0.266900 0.027300 0.219900 0.072000 0.130800 0.130900 0.087000 0.009000 0.118300 0.077900 0.107800 0.139900 0.099700 0.120800 0.107200 0.151900 0.150500 0.115700 0.009000 0.108400 0.089700 0.147100 0.116500 0.068700 0.108400 0.138900 0.000000 0.087100 0.018200 0.128800 0.099500 0.154700 0.150400 0.098100 0.055500 0.078000 0.115400 0.088100 0.129100 0.159800 0.098300 0.126100 0.110900 0.055200 0.097300 0.088100 0.162600 0.128800 0.109100 0.036900 0.027400
Gerenuk 0.081000 0.285600 0.097600 0.238600 0.106500 0.081000 0.079600 0.057900 0.097500 0.098700 0.079100 0.121200 0.130700 0.069600 0.090400 0.018800 0.132500 0.131200 0.079600 0.097700 0.058400 0.102000 0.130200 0.119300 0.059500 0.038400 0.151800 0.087100 0.000000 0.108500 0.109200 0.049200 0.157600 0.141200 0.068500 0.106600 0.068900 0.088400 0.058600 0.131800 0.142700 0.028700 0.104800 0.134900 0.106000 0.067900 0.038700 0.110100 0.078200 0.110500 0.108800 0.118800
CommonElan 0.132900 0.296400 0.008800 0.222300 0.072900 0.132900 0.132200 0.087800 0.009100 0.119800 0.078600 0.088200 0.141200 0.100700 0.143900 0.108200 0.175800 0.174100 0.117200 0.009100 0.109500 0.090600 0.149300 0.117900 0.069300 0.109400 0.140200 0.018200 0.108500 0.000000 0.130400 0.100600 0.156400 0.151800 0.120100 0.055900 0.078700 0.116700 0.089000 0.130400 0.162100 0.099200 0.127900 0.111700 0.055700 0.098200 0.088900 0.164200 0.130100 0.131700 0.018400 0.027600
MuntiacusR 0.114500 0.264200 0.118700 0.208800 0.117300 0.114500 0.134200 0.066400 0.140400 0.009800 0.100800 0.167100 0.166300 0.123800 0.123500 0.109300 0.100600 0.099600 0.123700 0.140500 0.110500 0.114300 0.050900 0.029400 0.091100 0.110300 0.188400 0.128800 0.109200 0.130400 0.000000 0.101300 0.103400 0.177400 0.121800 0.127800 0.101000 0.120300 0.089100 0.039300 0.061700 0.099700 0.009800 0.039200 0.127300 0.098900 0.089200 0.167600 0.110200 0.068300 0.130700 0.163600
HarveysDui 0.072400 0.308000 0.089500 0.233500 0.077900 0.072400 0.029600 0.049200 0.110400 0.090700 0.070600 0.113400 0.123100 0.019700 0.103500 0.049000 0.147300 0.145700 0.071100 0.110600 0.049600 0.093800 0.122800 0.111600 0.050600 0.049600 0.144500 0.099500 0.049200 0.100600 0.101300 0.000000 0.150300 0.133800 0.080600 0.098700 0.060300 0.059400 0.049900 0.113200 0.135600 0.039600 0.096900 0.127600 0.098200 0.039100 0.029600 0.101800 0.049300 0.102200 0.100800 0.132600
Pronghorn 0.153100 0.296000 0.166700 0.156200 0.164900 0.153100 0.184800 0.135000 0.166600 0.092700 0.148600 0.219300 0.193100 0.174000 0.149900 0.157300 0.125700 0.124300 0.161300 0.166900 0.159400 0.163900 0.125600 0.113700 0.139200 0.159100 0.203900 0.154700 0.157600 0.156400 0.103400 0.150300 0.000000 0.192700 0.170700 0.175700 0.149000 0.169700 0.137000 0.125500 0.138500 0.148100 0.099700 0.124300 0.174800 0.146300 0.114600 0.207800 0.158300 0.137500 0.145800 0.179200
BlueWildeb 0.123500 0.326500 0.140100 0.290900 0.148800 0.123500 0.143800 0.141300 0.161800 0.166500 0.143400 0.142900 0.009400 0.156200 0.178900 0.141000 0.153700 0.152100 0.122100 0.162000 0.120700 0.169500 0.226100 0.187400 0.122500 0.142700 0.009300 0.150400 0.141200 0.151800 0.177400 0.133800 0.192700 0.000000 0.089200 0.148100 0.132700 0.129700 0.121400 0.200300 0.240200 0.132100 0.174500 0.205700 0.148300 0.130600 0.121300 0.153300 0.163800 0.200200 0.130200 0.162100
Gemsbok 0.092500 0.235500 0.108900 0.255000 0.117700 0.092500 0.112100 0.088900 0.108800 0.111200 0.090200 0.111300 0.079000 0.101900 0.101800 0.088700 0.144900 0.143400 0.090800 0.108900 0.089800 0.113900 0.166900 0.131600 0.070400 0.089800 0.099400 0.098100 0.068500 0.120100 0.121800 0.080600 0.170700 0.089200 0.000000 0.117900 0.079900 0.078800 0.090100 0.144100 0.180100 0.079600 0.118400 0.148700 0.117300 0.078400 0.069300 0.121700 0.109800 0.122300 0.120400 0.130500
Yak 0.110600 0.290800 0.046200 0.267600 0.094400 0.110600 0.128900 0.066500 0.065200 0.117400 0.077200 0.105600 0.137500 0.119800 0.141300 0.106300 0.160600 0.159100 0.113800 0.065300 0.106300 0.088900 0.169700 0.115900 0.068100 0.107500 0.136600 0.055500 0.106600 0.055900 0.127800 0.098700 0.175700 0.148100 0.117900 0.000000 0.077300 0.117300 0.087300 0.128000 0.182600 0.097400 0.125300 0.131300 0.000000 0.096500 0.087300 0.161200 0.127700 0.129200 0.056100 0.085000
BlueSheep 0.050800 0.304600 0.068100 0.220300 0.097700 0.050800 0.091400 0.068800 0.088400 0.090400 0.029300 0.090700 0.122000 0.081300 0.102600 0.068700 0.145900 0.144300 0.049800 0.088500 0.069600 0.050500 0.122200 0.088900 0.009800 0.069600 0.121300 0.078000 0.068900 0.078700 0.101000 0.060300 0.149000 0.132700 0.079900 0.077300 0.000000 0.079400 0.069900 0.101100 0.158300 0.059500 0.097800 0.105400 0.076900 0.058800 0.049400 0.122800 0.089900 0.123100 0.079000 0.109800
BohorReedb 0.092000 0.272100 0.105400 0.227000 0.037400 0.092000 0.090000 0.088500 0.126400 0.109700 0.089600 0.110700 0.118900 0.080000 0.122100 0.088200 0.144200 0.142700 0.090300 0.126600 0.089200 0.113100 0.164800 0.130400 0.070000 0.089200 0.140200 0.115400 0.088400 0.116700 0.120300 0.059400 0.169700 0.129700 0.078800 0.117300 0.079400 0.000000 0.089600 0.132200 0.177900 0.079100 0.115500 0.145900 0.116700 0.038300 0.068900 0.099500 0.088500 0.143400 0.117100 0.149100
KirksDik 0.082200 0.303200 0.078200 0.217900 0.087300 0.082200 0.080700 0.058600 0.098700 0.078600 0.080100 0.101200 0.110900 0.070600 0.102300 0.058500 0.134400 0.132900 0.080700 0.098800 0.059200 0.103500 0.109600 0.099300 0.060300 0.039000 0.131900 0.088100 0.058600 0.089000 0.089100 0.049900 0.137000 0.121400 0.090100 0.087300 0.069900 0.089600 0.000000 0.111900 0.122200 0.049200 0.084300 0.114700 0.086900 0.068800 0.039200 0.133300 0.079300 0.112000 0.089200 0.120300
RoeDeer 0.137400 0.260500 0.119000 0.208800 0.128700 0.137400 0.145800 0.089100 0.140200 0.029400 0.101000 0.166500 0.188800 0.135500 0.146300 0.131400 0.122900 0.121500 0.145500 0.140400 0.133100 0.114000 0.071200 0.029000 0.091600 0.133100 0.187600 0.129100 0.131800 0.130400 0.039300 0.113200 0.125500 0.200300 0.144100 0.128000 0.101100 0.132200 0.111900 0.000000 0.082200 0.122500 0.029400 0.038800 0.127400 0.110400 0.111700 0.178900 0.121500 0.090700 0.130900 0.163000
WhiteLippe 0.174100 0.309300 0.172800 0.246900 0.173200 0.174100 0.170400 0.097100 0.172400 0.051400 0.158100 0.227500 0.228300 0.135500 0.182900 0.143300 0.158300 0.156300 0.173800 0.172500 0.145000 0.174300 0.031000 0.071700 0.148100 0.144500 0.252200 0.159800 0.142700 0.162100 0.061700 0.135600 0.138500 0.240200 0.180100 0.182600 0.158300 0.177900 0.122200 0.082200 0.000000 0.133300 0.051200 0.081900 0.182000 0.154700 0.122100 0.230700 0.120400 0.122300 0.162700 0.197700
ThomsonGaz 0.071400 0.303400 0.088300 0.229600 0.097300 0.071400 0.070100 0.048600 0.109000 0.089200 0.069700 0.111900 0.121500 0.060100 0.102100 0.028600 0.145300 0.132800 0.070200 0.109100 0.049000 0.092500 0.120700 0.109900 0.050000 0.009100 0.142700 0.098300 0.028700 0.099200 0.099700 0.039600 0.148100 0.132100 0.079600 0.097400 0.059500 0.079100 0.049200 0.122500 0.133300 0.000000 0.095200 0.125600 0.096900 0.058600 0.029200 0.122200 0.068900 0.122600 0.099500 0.130800
MuntiacusC 0.110500 0.262300 0.116200 0.201200 0.113200 0.110500 0.130400 0.060700 0.138000 0.000000 0.097700 0.164800 0.163500 0.119800 0.119600 0.105700 0.097100 0.096100 0.113200 0.138000 0.106600 0.111800 0.040600 0.019500 0.087200 0.106000 0.185600 0.126100 0.104800 0.127900 0.009800 0.096900 0.099700 0.174500 0.118400 0.125300 0.097800 0.115500 0.084300 0.029400 0.051200 0.095200 0.000000 0.029300 0.125000 0.095100 0.084400 0.164400 0.106600 0.063200 0.128300 0.161500
WhiteTaile 0.141900 0.248800 0.100200 0.194200 0.120800 0.141900 0.161600 0.090600 0.121600 0.029300 0.105300 0.170900 0.194500 0.127800 0.150500 0.135600 0.127300 0.125900 0.144700 0.122400 0.137000 0.119200 0.071000 0.028900 0.095000 0.136600 0.192700 0.110900 0.134900 0.111700 0.039200 0.127600 0.124300 0.205700 0.148700 0.131300 0.105400 0.145900 0.114700 0.038800 0.081900 0.125600 0.029300 0.000000 0.131000 0.125000 0.114700 0.195800 0.136600 0.093100 0.134200 0.144700
Cattle 0.110000 0.289000 0.046000 0.266200 0.094000 0.110000 0.129100 0.066200 0.064900 0.117000 0.076800 0.106300 0.137900 0.119100 0.140500 0.105800 0.160600 0.159200 0.114900 0.065000 0.106900 0.088400 0.169200 0.115500 0.067700 0.106900 0.136900 0.055200 0.106000 0.055700 0.127300 0.098200 0.174800 0.148300 0.117300 0.000000 0.076900 0.116700 0.086900 0.127400 0.182000 0.096900 0.125000 0.131000 0.000000 0.096000 0.086900 0.160400 0.127100 0.128500 0.055800 0.084600
RoyalAntel 0.070600 0.298600 0.087400 0.227400 0.056600 0.070600 0.069100 0.067900 0.107900 0.088500 0.068900 0.110600 0.120100 0.059300 0.100900 0.067700 0.111300 0.110100 0.069400 0.108000 0.068500 0.091400 0.141900 0.108600 0.049400 0.068500 0.141100 0.097300 0.067900 0.098200 0.098900 0.039100 0.146300 0.130600 0.078400 0.096500 0.058800 0.038300 0.068800 0.110400 0.154700 0.058600 0.095100 0.125000 0.096000 0.000000 0.048600 0.099400 0.067800 0.121200 0.098500 0.129400
Steenbok 0.060900 0.303100 0.078200 0.243700 0.087300 0.060900 0.059800 0.038700 0.098700 0.078700 0.059400 0.101200 0.110800 0.049900 0.091500 0.038600 0.134200 0.132800 0.059900 0.098800 0.039000 0.081800 0.109600 0.099300 0.039800 0.039000 0.131700 0.088100 0.038700 0.088900 0.089200 0.029600 0.114600 0.121300 0.069300 0.087300 0.049400 0.068900 0.039200 0.111700 0.122100 0.029200 0.084400 0.114700 0.086900 0.048600 0.000000 0.111500 0.058800 0.111900 0.089200 0.120200
Impala 0.091700 0.330000 0.152300 0.281500 0.139000 0.091700 0.112100 0.131700 0.174300 0.156700 0.133400 0.155600 0.165400 0.123700 0.169100 0.109900 0.215300 0.213100 0.134300 0.174600 0.132900 0.159400 0.216600 0.178000 0.113300 0.132700 0.163900 0.162600 0.110100 0.164200 0.167600 0.101800 0.207800 0.153300 0.121700 0.161200 0.122800 0.099500 0.133300 0.178900 0.230700 0.122200 0.164400 0.195800 0.160400 0.099400 0.111500 0.000000 0.131700 0.190700 0.142000 0.174500
Klipspring 0.102700 0.341300 0.118800 0.240300 0.106600 0.102700 0.079700 0.058100 0.140000 0.099700 0.100200 0.143400 0.153000 0.049200 0.112100 0.078000 0.177800 0.176000 0.100900 0.140100 0.078900 0.124200 0.131000 0.119900 0.080500 0.079000 0.174500 0.128800 0.078200 0.130100 0.110200 0.049300 0.158300 0.163800 0.109800 0.127700 0.089900 0.088500 0.079300 0.121500 0.120400 0.068900 0.106600 0.136600 0.127100 0.067800 0.058800 0.131700 0.000000 0.132500 0.130400 0.162300
ForestMusk 0.137500 0.277800 0.120200 0.244100 0.139600 0.137500 0.134400 0.089400 0.120200 0.057700 0.112000 0.168300 0.189100 0.124100 0.146800 0.131600 0.112700 0.111500 0.134800 0.120300 0.133200 0.136800 0.109800 0.078000 0.113700 0.133100 0.211300 0.109100 0.110500 0.131700 0.068300 0.102200 0.137500 0.200200 0.122300 0.129200 0.123100 0.143400 0.112000 0.090700 0.122300 0.122600 0.063200 0.093100 0.128500 0.121200 0.111900 0.190700 0.132500 0.000000 0.132000 0.142200
Bushbuck 0.110100 0.324500 0.027500 0.248300 0.093600 0.110100 0.132600 0.088000 0.027600 0.120200 0.078900 0.088500 0.141700 0.122400 0.144300 0.108600 0.176500 0.174700 0.117700 0.027700 0.109900 0.091000 0.149700 0.118200 0.069600 0.109800 0.118900 0.036900 0.108800 0.018400 0.130700 0.100800 0.145800 0.130200 0.120400 0.056100 0.079000 0.117100 0.089200 0.130900 0.162700 0.099500 0.128300 0.134200 0.055800 0.098500 0.089200 0.142000 0.130400 0.132000 0.000000 0.027600
GreaterKud 0.143600 0.309000 0.036800 0.259700 0.103500 0.143600 0.165100 0.118700 0.018300 0.152800 0.109600 0.098200 0.174200 0.132700 0.154800 0.139800 0.187100 0.185200 0.150200 0.018300 0.141500 0.101100 0.184300 0.150500 0.100500 0.141300 0.150300 0.027400 0.118800 0.027600 0.163600 0.132600 0.179200 0.162100 0.130500 0.085000 0.109800 0.149100 0.120300 0.163000 0.197700 0.130800 0.161500 0.144700 0.084600 0.129400 0.120200 0.174500 0.162300 0.142200 0.027600 0.000000
