CODONML (in paml version 4.10.7, June 2023)  /home/rachel/ruminants_paml/6406-phy-tree/ENSBTAT00000012768.fasta.phy
Model: free dN/dS Ratios for branches,  kappa = 2.000 fixed

Codon frequency model: F3x4
ns =  54  ls =  76

Codon usage in sequences
--------------------------------------------------------------------------------------------------------------------------------------
Phe TTT   2   1   2   2   2   2 | Ser TCT   1   1   1   1   1   1 | Tyr TAT   2   2   2   2   2   2 | Cys TGT   1   1   1   1   1   1
    TTC   0   1   0   0   0   0 |     TCC   2   1   2   1   1   1 |     TAC   4   4   4   4   5   5 |     TGC   0   0   0   0   0   0
Leu TTA   1   1   0   1   1   1 |     TCA   0   0   0   0   1   1 | *** TAA   0   0   0   0   0   0 | *** TGA   0   0   0   0   0   0
    TTG   1   1   2   1   1   1 |     TCG   0   1   0   0   0   0 |     TAG   0   0   0   0   0   0 | Trp TGG   2   2   2   2   2   2
--------------------------------------------------------------------------------------------------------------------------------------
Leu CTT   2   2   2   2   2   1 | Pro CCT   0   0   0   0   0   0 | His CAT   0   0   0   0   0   0 | Arg CGT   1   0   1   0   1   1
    CTC   0   0   0   0   0   1 |     CCC   1   1   1   1   1   1 |     CAC   1   1   1   1   0   0 |     CGC   0   0   0   0   0   0
    CTA   0   0   0   0   0   0 |     CCA   1   1   1   1   1   1 | Gln CAA   3   2   3   3   4   2 |     CGA   0   0   0   1   0   0
    CTG   1   1   1   1   1   1 |     CCG   0   0   0   0   0   0 |     CAG   3   4   3   3   2   4 |     CGG   1   2   1   1   1   1
--------------------------------------------------------------------------------------------------------------------------------------
Ile ATT   3   4   3   3   2   3 | Thr ACT   0   0   0   0   0   0 | Asn AAT   2   2   1   2   1   1 | Ser AGT   0   0   0   0   0   0
    ATC   1   1   1   1   2   1 |     ACC   2   2   2   3   2   2 |     AAC   0   0   1   0   1   1 |     AGC   1   1   1   1   1   1
    ATA   0   0   0   0   0   0 |     ACA   1   1   1   1   1   1 | Lys AAA   1   1   1   1   1   1 | Arg AGA   1   2   1   1   1   1
Met ATG   3   3   3   3   3   3 |     ACG   0   0   0   0   0   0 |     AAG   4   4   4   4   4   4 |     AGG   1   0   1   1   1   1
--------------------------------------------------------------------------------------------------------------------------------------
Val GTT   2   1   2   2   2   2 | Ala GCT   2   2   2   2   2   2 | Asp GAT   2   2   2   2   2   2 | Gly GGT   0   0   0   0   0   0
    GTC   0   0   0   0   0   0 |     GCC   1   2   1   1   2   2 |     GAC   1   1   1   1   1   1 |     GGC   2   2   2   2   1   2
    GTA   0   0   0   0   0   0 |     GCA   3   2   3   3   2   2 | Glu GAA   9   9   9   9   8   9 |     GGA   1   1   1   1   1   1
    GTG   0   0   0   0   0   0 |     GCG   0   0   0   0   0   0 |     GAG   3   3   3   3   4   3 |     GGG   0   0   0   0   1   0
--------------------------------------------------------------------------------------------------------------------------------------

--------------------------------------------------------------------------------------------------------------------------------------
Phe TTT   2   2   2   2   2   2 | Ser TCT   1   1   1   1   1   1 | Tyr TAT   2   2   2   2   2   2 | Cys TGT   1   1   1   1   1   1
    TTC   0   0   0   0   0   0 |     TCC   2   2   2   2   2   2 |     TAC   4   4   4   4   4   4 |     TGC   0   0   0   0   0   0
Leu TTA   1   1   1   1   0   1 |     TCA   0   0   0   0   0   0 | *** TAA   0   0   0   0   0   0 | *** TGA   0   0   0   0   0   0
    TTG   1   1   1   1   2   1 |     TCG   0   0   0   0   0   0 |     TAG   0   0   0   0   0   0 | Trp TGG   2   2   2   2   2   2
--------------------------------------------------------------------------------------------------------------------------------------
Leu CTT   2   2   2   2   2   2 | Pro CCT   0   0   0   0   0   0 | His CAT   0   0   0   0   0   0 | Arg CGT   1   1   0   1   1   0
    CTC   0   0   0   0   0   0 |     CCC   1   1   1   1   1   1 |     CAC   1   1   1   1   1   1 |     CGC   0   0   1   0   0   0
    CTA   0   0   0   0   0   0 |     CCA   1   1   1   1   1   1 | Gln CAA   3   3   3   3   3   3 |     CGA   0   0   0   0   0   1
    CTG   1   1   1   1   1   1 |     CCG   0   0   0   0   0   0 |     CAG   3   3   3   3   3   3 |     CGG   1   1   1   1   1   1
--------------------------------------------------------------------------------------------------------------------------------------
Ile ATT   3   3   2   3   3   3 | Thr ACT   0   0   0   0   0   0 | Asn AAT   2   2   2   2   2   2 | Ser AGT   0   0   0   0   0   0
    ATC   1   1   1   1   1   1 |     ACC   2   2   2   2   2   2 |     AAC   0   0   0   0   0   0 |     AGC   1   1   1   1   1   1
    ATA   0   0   0   0   0   0 |     ACA   1   1   1   1   1   1 | Lys AAA   1   1   1   1   1   1 | Arg AGA   1   1   1   1   1   1
Met ATG   3   3   3   3   3   3 |     ACG   0   0   0   0   0   0 |     AAG   4   4   4   4   4   4 |     AGG   1   1   1   1   1   1
--------------------------------------------------------------------------------------------------------------------------------------
Val GTT   2   2   3   2   2   2 | Ala GCT   2   2   2   2   2   2 | Asp GAT   2   2   2   2   2   2 | Gly GGT   0   0   0   0   0   0
    GTC   0   0   0   0   0   0 |     GCC   1   1   1   1   1   1 |     GAC   1   1   1   1   1   1 |     GGC   2   2   2   2   2   2
    GTA   0   0   0   0   0   0 |     GCA   3   3   3   3   3   3 | Glu GAA   9   9  10   9   9   9 |     GGA   1   1   1   1   1   1
    GTG   0   0   0   0   0   0 |     GCG   0   0   0   0   0   0 |     GAG   3   3   2   3   3   3 |     GGG   0   0   0   0   0   0
--------------------------------------------------------------------------------------------------------------------------------------

--------------------------------------------------------------------------------------------------------------------------------------
Phe TTT   2   2   2   2   2   2 | Ser TCT   1   1   1   2   1   1 | Tyr TAT   2   2   2   2   2   2 | Cys TGT   1   1   1   1   1   1
    TTC   0   0   0   0   0   0 |     TCC   2   2   2   1   2   2 |     TAC   4   4   4   4   4   4 |     TGC   0   0   0   0   0   0
Leu TTA   1   1   1   1   1   1 |     TCA   0   0   0   0   0   0 | *** TAA   0   0   0   0   0   0 | *** TGA   0   0   0   0   0   0
    TTG   1   1   1   1   1   1 |     TCG   0   0   0   0   0   0 |     TAG   0   0   0   0   0   0 | Trp TGG   2   2   2   2   2   2
--------------------------------------------------------------------------------------------------------------------------------------
Leu CTT   2   2   2   2   2   2 | Pro CCT   0   0   0   0   0   0 | His CAT   0   0   0   0   0   0 | Arg CGT   1   1   1   1   1   1
    CTC   0   0   0   0   0   0 |     CCC   1   1   1   1   1   1 |     CAC   1   1   1   1   1   1 |     CGC   0   0   0   0   0   0
    CTA   0   0   0   0   0   0 |     CCA   1   1   1   1   1   1 | Gln CAA   3   3   3   3   3   3 |     CGA   0   0   0   0   0   0
    CTG   1   1   1   1   1   1 |     CCG   0   0   0   0   0   0 |     CAG   3   3   3   3   3   3 |     CGG   1   1   1   1   1   1
--------------------------------------------------------------------------------------------------------------------------------------
Ile ATT   3   2   3   2   3   3 | Thr ACT   0   0   0   0   0   0 | Asn AAT   2   2   2   2   2   2 | Ser AGT   0   0   0   0   0   0
    ATC   1   1   1   1   1   1 |     ACC   2   2   2   2   2   2 |     AAC   0   0   0   0   0   0 |     AGC   1   1   1   1   1   1
    ATA   0   0   0   0   0   0 |     ACA   1   1   1   1   1   1 | Lys AAA   1   1   1   1   1   1 | Arg AGA   1   1   1   1   1   1
Met ATG   3   3   3   3   3   3 |     ACG   0   0   0   0   0   0 |     AAG   4   4   4   4   4   4 |     AGG   1   1   1   1   1   1
--------------------------------------------------------------------------------------------------------------------------------------
Val GTT   2   3   2   3   2   2 | Ala GCT   2   2   2   2   2   2 | Asp GAT   2   2   2   2   2   2 | Gly GGT   0   0   0   0   0   0
    GTC   0   0   0   0   0   0 |     GCC   1   1   1   1   1   1 |     GAC   1   1   1   1   1   1 |     GGC   2   2   2   2   2   2
    GTA   0   0   0   0   0   0 |     GCA   3   3   3   3   3   3 | Glu GAA   9   9   9   9   9   9 |     GGA   1   1   0   1   1   1
    GTG   0   0   0   0   0   0 |     GCG   0   0   0   0   0   0 |     GAG   3   3   3   3   3   3 |     GGG   0   0   1   0   0   0
--------------------------------------------------------------------------------------------------------------------------------------

--------------------------------------------------------------------------------------------------------------------------------------
Phe TTT   2   2   2   2   2   2 | Ser TCT   1   1   1   1   1   1 | Tyr TAT   2   2   2   2   2   2 | Cys TGT   1   1   1   1   1   1
    TTC   0   0   0   0   0   0 |     TCC   2   2   2   2   2   2 |     TAC   4   4   4   4   4   4 |     TGC   0   0   0   0   0   0
Leu TTA   1   1   1   1   1   1 |     TCA   0   0   0   0   0   0 | *** TAA   0   0   0   0   0   0 | *** TGA   0   0   0   0   0   0
    TTG   1   1   1   1   1   1 |     TCG   0   0   0   0   0   0 |     TAG   0   0   0   0   0   0 | Trp TGG   2   2   2   2   2   2
--------------------------------------------------------------------------------------------------------------------------------------
Leu CTT   2   2   2   2   2   2 | Pro CCT   0   0   0   0   0   0 | His CAT   0   0   0   0   0   0 | Arg CGT   1   1   1   1   1   1
    CTC   0   0   0   0   0   0 |     CCC   1   1   1   1   1   1 |     CAC   1   1   1   1   1   1 |     CGC   0   0   0   0   0   0
    CTA   0   0   0   0   0   0 |     CCA   1   1   1   1   1   1 | Gln CAA   3   2   3   3   3   3 |     CGA   0   0   0   0   0   0
    CTG   1   1   1   1   1   1 |     CCG   0   0   0   0   0   0 |     CAG   3   4   3   3   3   3 |     CGG   1   1   1   1   1   1
--------------------------------------------------------------------------------------------------------------------------------------
Ile ATT   3   3   3   3   3   3 | Thr ACT   1   1   0   0   0   0 | Asn AAT   2   2   2   2   2   2 | Ser AGT   0   0   0   0   0   0
    ATC   1   1   1   1   1   1 |     ACC   1   1   2   2   2   2 |     AAC   0   0   0   0   0   0 |     AGC   1   1   1   1   1   1
    ATA   0   0   0   0   0   0 |     ACA   1   1   1   1   1   1 | Lys AAA   1   2   1   1   1   1 | Arg AGA   1   1   1   1   1   1
Met ATG   3   3   3   3   3   3 |     ACG   0   0   0   0   0   0 |     AAG   4   3   4   4   4   4 |     AGG   1   1   1   1   1   1
--------------------------------------------------------------------------------------------------------------------------------------
Val GTT   2   2   2   2   2   2 | Ala GCT   2   2   2   2   2   3 | Asp GAT   2   2   2   2   2   2 | Gly GGT   0   0   0   0   0   0
    GTC   0   0   0   0   0   0 |     GCC   1   1   1   1   1   0 |     GAC   1   1   1   1   1   1 |     GGC   2   2   2   2   2   2
    GTA   0   0   0   0   0   0 |     GCA   3   3   3   3   3   3 | Glu GAA   9   9   9   9   9   9 |     GGA   1   1   1   1   1   1
    GTG   0   0   0   0   0   0 |     GCG   0   0   0   0   0   0 |     GAG   3   3   3   3   3   3 |     GGG   0   0   0   0   0   0
--------------------------------------------------------------------------------------------------------------------------------------

--------------------------------------------------------------------------------------------------------------------------------------
Phe TTT   2   2   2   2   2   2 | Ser TCT   1   1   1   1   1   1 | Tyr TAT   2   2   2   2   2   2 | Cys TGT   1   1   1   1   1   1
    TTC   0   0   0   0   0   0 |     TCC   2   2   2   2   2   2 |     TAC   4   4   4   4   4   4 |     TGC   0   0   0   0   0   0
Leu TTA   1   1   1   1   1   0 |     TCA   0   0   0   0   0   0 | *** TAA   0   0   0   0   0   0 | *** TGA   0   0   0   0   0   0
    TTG   1   1   1   1   1   2 |     TCG   0   0   0   0   0   0 |     TAG   0   0   0   0   0   0 | Trp TGG   2   2   2   2   2   2
--------------------------------------------------------------------------------------------------------------------------------------
Leu CTT   2   2   2   2   2   2 | Pro CCT   0   0   0   0   0   0 | His CAT   0   0   0   0   0   0 | Arg CGT   0   0   1   1   1   1
    CTC   0   0   0   0   0   0 |     CCC   1   1   1   1   1   1 |     CAC   1   1   1   1   1   1 |     CGC   0   0   0   0   0   0
    CTA   0   0   0   0   0   0 |     CCA   1   1   1   1   1   1 | Gln CAA   2   3   3   3   3   3 |     CGA   1   1   0   0   0   0
    CTG   1   1   1   1   1   1 |     CCG   0   0   0   0   0   0 |     CAG   3   3   3   3   3   3 |     CGG   1   1   1   1   1   1
--------------------------------------------------------------------------------------------------------------------------------------
Ile ATT   3   3   3   3   3   3 | Thr ACT   0   0   0   0   0   0 | Asn AAT   2   2   2   2   2   2 | Ser AGT   0   0   0   0   0   0
    ATC   1   1   1   1   1   1 |     ACC   2   2   2   2   2   2 |     AAC   0   0   0   0   0   0 |     AGC   1   1   1   1   1   1
    ATA   0   0   0   0   0   0 |     ACA   1   1   1   1   1   1 | Lys AAA   1   1   1   1   1   1 | Arg AGA   1   1   1   1   1   1
Met ATG   3   3   3   3   3   3 |     ACG   0   0   0   0   0   0 |     AAG   5   4   4   4   4   4 |     AGG   1   1   1   1   1   1
--------------------------------------------------------------------------------------------------------------------------------------
Val GTT   2   2   2   2   2   2 | Ala GCT   2   2   2   2   2   2 | Asp GAT   2   2   2   2   2   2 | Gly GGT   0   0   0   0   0   0
    GTC   0   0   0   0   0   0 |     GCC   1   1   1   1   1   1 |     GAC   1   1   1   1   1   1 |     GGC   2   2   2   2   2   2
    GTA   0   0   0   0   0   0 |     GCA   3   3   3   3   3   3 | Glu GAA   9   9   9   9   9   9 |     GGA   1   1   1   1   0   1
    GTG   0   0   0   0   0   0 |     GCG   0   0   0   0   0   0 |     GAG   3   3   3   3   3   3 |     GGG   0   0   0   0   1   0
--------------------------------------------------------------------------------------------------------------------------------------

--------------------------------------------------------------------------------------------------------------------------------------
Phe TTT   2   2   2   2   2   2 | Ser TCT   1   1   1   1   1   1 | Tyr TAT   2   2   2   2   2   2 | Cys TGT   1   1   1   1   1   1
    TTC   0   0   0   0   0   0 |     TCC   2   2   2   2   1   2 |     TAC   4   4   4   4   4   4 |     TGC   0   0   0   0   0   0
Leu TTA   1   1   1   1   1   1 |     TCA   0   0   0   0   1   0 | *** TAA   0   0   0   0   0   0 | *** TGA   0   0   0   0   0   0
    TTG   1   1   1   1   1   1 |     TCG   0   0   0   0   0   0 |     TAG   0   0   0   0   0   0 | Trp TGG   2   2   2   2   2   2
--------------------------------------------------------------------------------------------------------------------------------------
Leu CTT   2   2   2   2   2   2 | Pro CCT   0   0   0   0   0   0 | His CAT   0   0   0   0   0   0 | Arg CGT   1   1   0   0   1   1
    CTC   0   0   0   0   0   0 |     CCC   1   1   1   1   1   1 |     CAC   1   1   1   1   1   1 |     CGC   0   0   0   1   0   0
    CTA   0   0   0   0   0   0 |     CCA   1   1   1   1   1   1 | Gln CAA   3   3   3   3   3   3 |     CGA   0   0   1   0   0   0
    CTG   1   1   1   1   1   1 |     CCG   0   0   0   0   0   0 |     CAG   3   3   3   3   3   3 |     CGG   1   1   1   1   1   1
--------------------------------------------------------------------------------------------------------------------------------------
Ile ATT   3   2   3   2   3   3 | Thr ACT   0   0   0   0   0   0 | Asn AAT   2   2   2   2   2   2 | Ser AGT   0   0   0   0   0   0
    ATC   1   1   1   1   1   1 |     ACC   2   2   2   2   2   2 |     AAC   0   0   0   0   0   0 |     AGC   1   1   1   1   1   1
    ATA   0   0   0   0   0   0 |     ACA   1   1   1   1   1   1 | Lys AAA   1   1   1   1   1   1 | Arg AGA   1   1   1   1   1   1
Met ATG   3   3   3   3   3   3 |     ACG   0   0   0   0   0   0 |     AAG   4   4   4   4   4   4 |     AGG   1   1   1   1   1   1
--------------------------------------------------------------------------------------------------------------------------------------
Val GTT   2   3   2   3   1   2 | Ala GCT   2   1   2   2   2   2 | Asp GAT   2   2   2   2   2   2 | Gly GGT   0   0   0   0   0   0
    GTC   0   0   0   0   0   0 |     GCC   1   2   1   1   1   1 |     GAC   1   1   1   1   1   1 |     GGC   2   2   2   2   2   2
    GTA   0   0   0   0   0   0 |     GCA   3   3   3   3   3   3 | Glu GAA   9   9   9   9  10   9 |     GGA   1   1   1   1   1   0
    GTG   0   0   0   0   1   0 |     GCG   0   0   0   0   0   0 |     GAG   3   3   3   3   2   3 |     GGG   0   0   0   0   0   1
--------------------------------------------------------------------------------------------------------------------------------------

--------------------------------------------------------------------------------------------------------------------------------------
Phe TTT   2   2   2   2   2   2 | Ser TCT   1   1   1   1   1   1 | Tyr TAT   2   2   2   2   2   2 | Cys TGT   1   1   1   1   1   1
    TTC   0   0   0   0   0   0 |     TCC   2   2   2   2   2   2 |     TAC   4   4   4   4   4   4 |     TGC   0   0   0   0   0   0
Leu TTA   1   1   1   1   1   1 |     TCA   0   0   0   0   0   0 | *** TAA   0   0   0   0   0   0 | *** TGA   0   0   0   0   0   0
    TTG   1   1   1   1   1   1 |     TCG   0   0   0   0   0   0 |     TAG   0   0   0   0   0   0 | Trp TGG   2   2   2   2   2   2
--------------------------------------------------------------------------------------------------------------------------------------
Leu CTT   2   2   2   2   2   2 | Pro CCT   0   0   0   0   1   0 | His CAT   0   0   0   0   0   0 | Arg CGT   1   1   1   1   1   0
    CTC   0   0   0   0   0   0 |     CCC   1   1   1   1   0   1 |     CAC   1   1   1   1   1   1 |     CGC   0   0   0   0   0   0
    CTA   0   0   0   0   0   0 |     CCA   1   1   1   1   1   1 | Gln CAA   3   3   3   3   2   3 |     CGA   0   0   0   0   0   1
    CTG   1   1   1   1   1   1 |     CCG   0   0   0   0   0   0 |     CAG   3   3   3   3   4   3 |     CGG   1   1   1   1   1   1
--------------------------------------------------------------------------------------------------------------------------------------
Ile ATT   3   2   3   3   3   3 | Thr ACT   0   0   0   0   0   0 | Asn AAT   2   2   2   2   2   2 | Ser AGT   0   0   0   0   0   0
    ATC   1   1   1   1   1   1 |     ACC   2   2   2   2   2   2 |     AAC   0   0   0   0   0   0 |     AGC   1   1   1   1   1   1
    ATA   0   0   0   0   0   0 |     ACA   1   1   1   1   1   1 | Lys AAA   1   1   1   1   1   1 | Arg AGA   1   1   1   1   1   1
Met ATG   3   3   3   3   3   3 |     ACG   0   0   0   0   0   0 |     AAG   4   4   4   4   4   4 |     AGG   1   1   1   1   1   1
--------------------------------------------------------------------------------------------------------------------------------------
Val GTT   2   3   2   2   2   2 | Ala GCT   1   2   2   2   2   2 | Asp GAT   2   2   2   2   2   2 | Gly GGT   0   0   0   0   0   0
    GTC   0   0   0   0   0   0 |     GCC   2   1   1   1   1   1 |     GAC   1   1   1   1   1   1 |     GGC   1   2   2   2   2   2
    GTA   0   0   0   0   0   0 |     GCA   3   3   1   3   3   3 | Glu GAA   9   9   9   9   9   9 |     GGA   2   1   1   1   1   1
    GTG   0   0   0   0   0   0 |     GCG   0   0   2   0   0   0 |     GAG   3   3   3   3   3   3 |     GGG   0   0   0   0   0   0
--------------------------------------------------------------------------------------------------------------------------------------

--------------------------------------------------------------------------------------------------------------------------------------
Phe TTT   2   2   2   2   2   2 | Ser TCT   1   1   1   1   1   1 | Tyr TAT   2   2   2   2   2   2 | Cys TGT   1   1   1   1   1   1
    TTC   0   0   0   0   0   0 |     TCC   2   2   2   2   2   2 |     TAC   4   4   4   4   4   4 |     TGC   0   0   0   0   0   0
Leu TTA   1   1   1   1   1   1 |     TCA   0   0   0   0   0   0 | *** TAA   0   0   0   0   0   0 | *** TGA   0   0   0   0   0   0
    TTG   1   1   1   1   1   1 |     TCG   0   0   0   0   0   0 |     TAG   0   0   0   0   0   0 | Trp TGG   2   2   2   2   2   2
--------------------------------------------------------------------------------------------------------------------------------------
Leu CTT   2   2   2   2   2   2 | Pro CCT   0   0   0   0   0   0 | His CAT   0   0   0   0   0   0 | Arg CGT   0   1   0   0   1   1
    CTC   0   0   0   0   0   0 |     CCC   1   1   1   1   1   1 |     CAC   1   1   1   1   1   1 |     CGC   0   0   0   0   0   0
    CTA   0   0   0   0   0   0 |     CCA   1   1   1   1   1   1 | Gln CAA   3   3   3   3   3   3 |     CGA   1   0   1   1   0   0
    CTG   1   1   1   1   1   1 |     CCG   0   0   0   0   0   0 |     CAG   2   3   3   3   3   3 |     CGG   1   1   1   1   1   1
--------------------------------------------------------------------------------------------------------------------------------------
Ile ATT   3   3   3   3   2   3 | Thr ACT   0   0   0   0   0   0 | Asn AAT   2   2   2   2   2   2 | Ser AGT   0   0   0   0   0   0
    ATC   1   1   1   1   1   1 |     ACC   2   2   2   2   2   2 |     AAC   0   0   0   0   0   0 |     AGC   1   1   1   1   1   1
    ATA   0   0   0   0   0   0 |     ACA   1   1   1   1   1   1 | Lys AAA   1   1   1   1   1   1 | Arg AGA   1   1   1   2   1   1
Met ATG   3   3   3   3   3   3 |     ACG   0   0   0   0   0   0 |     AAG   5   4   4   4   4   4 |     AGG   1   1   1   0   1   1
--------------------------------------------------------------------------------------------------------------------------------------
Val GTT   2   2   2   2   3   2 | Ala GCT   2   2   2   2   2   2 | Asp GAT   1   2   2   2   2   2 | Gly GGT   0   0   0   0   0   0
    GTC   0   0   0   0   0   0 |     GCC   1   1   1   1   1   1 |     GAC   2   1   1   1   1   1 |     GGC   2   2   2   2   2   2
    GTA   0   0   0   0   0   0 |     GCA   3   3   3   3   3   3 | Glu GAA   8   9   9   9   9   8 |     GGA   1   1   1   1   1   1
    GTG   0   0   0   0   0   0 |     GCG   0   0   0   0   0   0 |     GAG   4   3   3   3   3   4 |     GGG   0   0   0   0   0   0
--------------------------------------------------------------------------------------------------------------------------------------

--------------------------------------------------------------------------------------------------------------------------------------
Phe TTT   2   2   2   2   2   2 | Ser TCT   1   1   1   1   1   1 | Tyr TAT   2   2   2   2   2   2 | Cys TGT   1   1   1   1   1   1
    TTC   0   0   0   0   0   0 |     TCC   2   2   2   1   2   2 |     TAC   4   4   4   4   4   4 |     TGC   0   0   0   0   0   0
Leu TTA   1   1   1   1   0   0 |     TCA   0   0   0   0   0   0 | *** TAA   0   0   0   0   0   0 | *** TGA   0   0   0   0   0   0
    TTG   1   1   1   1   2   2 |     TCG   0   0   0   0   0   0 |     TAG   0   0   0   0   0   0 | Trp TGG   2   2   2   2   2   2
--------------------------------------------------------------------------------------------------------------------------------------
Leu CTT   2   2   2   2   2   2 | Pro CCT   0   0   0   0   0   0 | His CAT   0   0   0   0   0   0 | Arg CGT   1   1   1   0   1   1
    CTC   0   0   0   0   0   0 |     CCC   1   1   1   1   1   1 |     CAC   1   1   1   1   1   1 |     CGC   0   0   0   0   0   0
    CTA   0   0   0   0   0   0 |     CCA   1   1   1   1   1   1 | Gln CAA   3   3   3   3   3   3 |     CGA   0   0   0   1   0   0
    CTG   1   1   1   1   1   1 |     CCG   0   0   0   0   0   0 |     CAG   3   3   3   3   3   3 |     CGG   1   1   1   1   1   1
--------------------------------------------------------------------------------------------------------------------------------------
Ile ATT   3   3   3   3   3   3 | Thr ACT   0   0   0   0   0   0 | Asn AAT   2   2   2   2   2   2 | Ser AGT   0   0   0   0   0   0
    ATC   1   1   1   1   1   1 |     ACC   2   2   2   3   2   2 |     AAC   0   0   0   0   0   0 |     AGC   1   1   1   1   1   1
    ATA   0   0   0   0   0   0 |     ACA   1   1   1   1   1   1 | Lys AAA   1   1   1   1   1   1 | Arg AGA   1   1   1   1   1   1
Met ATG   3   3   3   3   3   3 |     ACG   0   0   0   0   0   0 |     AAG   4   4   4   4   4   4 |     AGG   1   1   1   1   1   1
--------------------------------------------------------------------------------------------------------------------------------------
Val GTT   2   2   2   2   2   2 | Ala GCT   2   2   2   2   2   2 | Asp GAT   2   2   2   2   2   2 | Gly GGT   0   0   0   0   0   0
    GTC   0   0   0   0   0   0 |     GCC   1   1   1   1   1   1 |     GAC   1   1   1   1   1   1 |     GGC   2   2   2   2   2   2
    GTA   0   0   0   0   0   0 |     GCA   3   3   3   3   3   3 | Glu GAA   9   9   9   9   9   9 |     GGA   1   1   1   1   1   1
    GTG   0   0   0   0   0   0 |     GCG   0   0   0   0   0   0 |     GAG   3   3   3   3   3   3 |     GGG   0   0   0   0   0   0
--------------------------------------------------------------------------------------------------------------------------------------

Codon position x base (3x4) table for each sequence.

#1: Argali         
position  1:    T:0.21053    C:0.18421    A:0.26316    G:0.34211
position  2:    T:0.21053    C:0.18421    A:0.46053    G:0.14474
position  3:    T:0.26316    C:0.21053    A:0.27632    G:0.25000
Average         T:0.22807    C:0.19298    A:0.33333    G:0.24561

#2: LesserMouseDeer
position  1:    T:0.21053    C:0.18421    A:0.27632    G:0.32895
position  2:    T:0.21053    C:0.18421    A:0.46053    G:0.14474
position  3:    T:0.23684    C:0.22368    A:0.26316    G:0.27632
Average         T:0.21930    C:0.19737    A:0.33333    G:0.25000

#3: LesserKudu     
position  1:    T:0.21053    C:0.18421    A:0.26316    G:0.34211
position  2:    T:0.21053    C:0.18421    A:0.46053    G:0.14474
position  3:    T:0.25000    C:0.22368    A:0.26316    G:0.26316
Average         T:0.22368    C:0.19737    A:0.32895    G:0.25000

#4: ForestMuskDeer2
position  1:    T:0.19737    C:0.18421    A:0.27632    G:0.34211
position  2:    T:0.21053    C:0.18421    A:0.46053    G:0.14474
position  3:    T:0.25000    C:0.21053    A:0.28947    G:0.25000
Average         T:0.21930    C:0.19298    A:0.34211    G:0.24561

#5: Camel          
position  1:    T:0.22368    C:0.17105    A:0.26316    G:0.34211
position  2:    T:0.21053    C:0.18421    A:0.46053    G:0.14474
position  3:    T:0.23684    C:0.22368    A:0.27632    G:0.26316
Average         T:0.22368    C:0.19298    A:0.33333    G:0.25000

#6: KillerWhale    
position  1:    T:0.22368    C:0.17105    A:0.26316    G:0.34211
position  2:    T:0.21053    C:0.18421    A:0.46053    G:0.14474
position  3:    T:0.23684    C:0.23684    A:0.26316    G:0.26316
Average         T:0.22368    C:0.19737    A:0.32895    G:0.25000

#7: DefassaWaterbuck
position  1:    T:0.21053    C:0.18421    A:0.26316    G:0.34211
position  2:    T:0.21053    C:0.18421    A:0.46053    G:0.14474
position  3:    T:0.26316    C:0.21053    A:0.27632    G:0.25000
Average         T:0.22807    C:0.19298    A:0.33333    G:0.24561

#8: Sheep          
position  1:    T:0.21053    C:0.18421    A:0.26316    G:0.34211
position  2:    T:0.21053    C:0.18421    A:0.46053    G:0.14474
position  3:    T:0.26316    C:0.21053    A:0.27632    G:0.25000
Average         T:0.22807    C:0.19298    A:0.33333    G:0.24561

#9: MaxwellsDuiker 
position  1:    T:0.21053    C:0.18421    A:0.25000    G:0.35526
position  2:    T:0.21053    C:0.18421    A:0.46053    G:0.14474
position  3:    T:0.25000    C:0.22368    A:0.28947    G:0.23684
Average         T:0.22368    C:0.19737    A:0.33333    G:0.24561

#10: GazellaPrzewalskyi
position  1:    T:0.21053    C:0.18421    A:0.26316    G:0.34211
position  2:    T:0.21053    C:0.18421    A:0.46053    G:0.14474
position  3:    T:0.26316    C:0.21053    A:0.27632    G:0.25000
Average         T:0.22807    C:0.19298    A:0.33333    G:0.24561

#11: MountainNyala  
position  1:    T:0.21053    C:0.18421    A:0.26316    G:0.34211
position  2:    T:0.21053    C:0.18421    A:0.46053    G:0.14474
position  3:    T:0.26316    C:0.21053    A:0.26316    G:0.26316
Average         T:0.22807    C:0.19298    A:0.32895    G:0.25000

#12: MuntiacusMuntjak
position  1:    T:0.21053    C:0.18421    A:0.26316    G:0.34211
position  2:    T:0.21053    C:0.18421    A:0.46053    G:0.14474
position  3:    T:0.25000    C:0.21053    A:0.28947    G:0.25000
Average         T:0.22368    C:0.19298    A:0.33772    G:0.24561

#13: goat           
position  1:    T:0.21053    C:0.18421    A:0.26316    G:0.34211
position  2:    T:0.21053    C:0.18421    A:0.46053    G:0.14474
position  3:    T:0.26316    C:0.21053    A:0.27632    G:0.25000
Average         T:0.22807    C:0.19298    A:0.33333    G:0.24561

#14: AfricanBuffalo 
position  1:    T:0.21053    C:0.18421    A:0.25000    G:0.35526
position  2:    T:0.21053    C:0.18421    A:0.46053    G:0.14474
position  3:    T:0.26316    C:0.21053    A:0.27632    G:0.25000
Average         T:0.22807    C:0.19298    A:0.32895    G:0.25000

#15: Topi           
position  1:    T:0.21053    C:0.18421    A:0.26316    G:0.34211
position  2:    T:0.21053    C:0.18421    A:0.46053    G:0.14474
position  3:    T:0.26316    C:0.21053    A:0.26316    G:0.26316
Average         T:0.22807    C:0.19298    A:0.32895    G:0.25000

#16: CommonDuiker   
position  1:    T:0.21053    C:0.18421    A:0.25000    G:0.35526
position  2:    T:0.21053    C:0.18421    A:0.46053    G:0.14474
position  3:    T:0.27632    C:0.19737    A:0.27632    G:0.25000
Average         T:0.23246    C:0.18860    A:0.32895    G:0.25000

#17: Suni           
position  1:    T:0.21053    C:0.18421    A:0.26316    G:0.34211
position  2:    T:0.21053    C:0.18421    A:0.46053    G:0.14474
position  3:    T:0.26316    C:0.21053    A:0.27632    G:0.25000
Average         T:0.22807    C:0.19298    A:0.33333    G:0.24561

#18: Springbuck     
position  1:    T:0.21053    C:0.18421    A:0.26316    G:0.34211
position  2:    T:0.21053    C:0.18421    A:0.46053    G:0.14474
position  3:    T:0.26316    C:0.21053    A:0.27632    G:0.25000
Average         T:0.22807    C:0.19298    A:0.33333    G:0.24561

#19: Okapi          
position  1:    T:0.21053    C:0.18421    A:0.26316    G:0.34211
position  2:    T:0.21053    C:0.18421    A:0.46053    G:0.14474
position  3:    T:0.27632    C:0.19737    A:0.27632    G:0.25000
Average         T:0.23246    C:0.18860    A:0.33333    G:0.24561

#20: Giraffe        
position  1:    T:0.21053    C:0.18421    A:0.26316    G:0.34211
position  2:    T:0.21053    C:0.18421    A:0.46053    G:0.14474
position  3:    T:0.27632    C:0.19737    A:0.27632    G:0.25000
Average         T:0.23246    C:0.18860    A:0.33333    G:0.24561

#21: TibetanAntelope
position  1:    T:0.21053    C:0.18421    A:0.26316    G:0.34211
position  2:    T:0.21053    C:0.18421    A:0.46053    G:0.14474
position  3:    T:0.26316    C:0.21053    A:0.27632    G:0.25000
Average         T:0.22807    C:0.19298    A:0.33333    G:0.24561

#22: Sitatunga      
position  1:    T:0.21053    C:0.18421    A:0.26316    G:0.34211
position  2:    T:0.21053    C:0.18421    A:0.46053    G:0.14474
position  3:    T:0.26316    C:0.21053    A:0.27632    G:0.25000
Average         T:0.22807    C:0.19298    A:0.33333    G:0.24561

#23: Oribi          
position  1:    T:0.21053    C:0.18421    A:0.26316    G:0.34211
position  2:    T:0.21053    C:0.18421    A:0.46053    G:0.14474
position  3:    T:0.26316    C:0.21053    A:0.27632    G:0.25000
Average         T:0.22807    C:0.19298    A:0.33333    G:0.24561

#24: BarbarySheep   
position  1:    T:0.21053    C:0.18421    A:0.26316    G:0.34211
position  2:    T:0.21053    C:0.18421    A:0.46053    G:0.14474
position  3:    T:0.27632    C:0.19737    A:0.27632    G:0.25000
Average         T:0.23246    C:0.18860    A:0.33333    G:0.24561

#25: Daviddeer      
position  1:    T:0.21053    C:0.17105    A:0.27632    G:0.34211
position  2:    T:0.21053    C:0.18421    A:0.46053    G:0.14474
position  3:    T:0.25000    C:0.21053    A:0.27632    G:0.26316
Average         T:0.22368    C:0.18860    A:0.33772    G:0.25000

#26: Reindeer       
position  1:    T:0.21053    C:0.18421    A:0.26316    G:0.34211
position  2:    T:0.21053    C:0.18421    A:0.46053    G:0.14474
position  3:    T:0.25000    C:0.21053    A:0.28947    G:0.25000
Average         T:0.22368    C:0.19298    A:0.33772    G:0.24561

#27: Ibex           
position  1:    T:0.21053    C:0.18421    A:0.26316    G:0.34211
position  2:    T:0.21053    C:0.18421    A:0.46053    G:0.14474
position  3:    T:0.26316    C:0.21053    A:0.27632    G:0.25000
Average         T:0.22807    C:0.19298    A:0.33333    G:0.24561

#28: GyrantGazelle  
position  1:    T:0.21053    C:0.18421    A:0.26316    G:0.34211
position  2:    T:0.21053    C:0.18421    A:0.46053    G:0.14474
position  3:    T:0.26316    C:0.21053    A:0.27632    G:0.25000
Average         T:0.22807    C:0.19298    A:0.33333    G:0.24561

#29: Hartebeest     
position  1:    T:0.21053    C:0.18421    A:0.26316    G:0.34211
position  2:    T:0.21053    C:0.18421    A:0.46053    G:0.14474
position  3:    T:0.26316    C:0.21053    A:0.26316    G:0.26316
Average         T:0.22807    C:0.19298    A:0.32895    G:0.25000

#30: Bongo          
position  1:    T:0.21053    C:0.18421    A:0.26316    G:0.34211
position  2:    T:0.21053    C:0.18421    A:0.46053    G:0.14474
position  3:    T:0.26316    C:0.21053    A:0.26316    G:0.26316
Average         T:0.22807    C:0.19298    A:0.32895    G:0.25000

#31: Gerenuk        
position  1:    T:0.21053    C:0.18421    A:0.26316    G:0.34211
position  2:    T:0.21053    C:0.18421    A:0.46053    G:0.14474
position  3:    T:0.26316    C:0.21053    A:0.27632    G:0.25000
Average         T:0.22807    C:0.19298    A:0.33333    G:0.24561

#32: CommonEland    
position  1:    T:0.21053    C:0.18421    A:0.25000    G:0.35526
position  2:    T:0.21053    C:0.18421    A:0.46053    G:0.14474
position  3:    T:0.25000    C:0.22368    A:0.27632    G:0.25000
Average         T:0.22368    C:0.19737    A:0.32895    G:0.25000

#33: MuntiacusReevesi
position  1:    T:0.21053    C:0.18421    A:0.26316    G:0.34211
position  2:    T:0.21053    C:0.18421    A:0.46053    G:0.14474
position  3:    T:0.25000    C:0.21053    A:0.28947    G:0.25000
Average         T:0.22368    C:0.19298    A:0.33772    G:0.24561

#34: HarveysDuiker  
position  1:    T:0.21053    C:0.18421    A:0.25000    G:0.35526
position  2:    T:0.21053    C:0.18421    A:0.46053    G:0.14474
position  3:    T:0.25000    C:0.22368    A:0.27632    G:0.25000
Average         T:0.22368    C:0.19737    A:0.32895    G:0.25000

#35: Pronghorn      
position  1:    T:0.21053    C:0.18421    A:0.26316    G:0.34211
position  2:    T:0.21053    C:0.18421    A:0.46053    G:0.14474
position  3:    T:0.25000    C:0.19737    A:0.30263    G:0.25000
Average         T:0.22368    C:0.18860    A:0.34211    G:0.24561

#36: BlueWildebeest 
position  1:    T:0.21053    C:0.18421    A:0.26316    G:0.34211
position  2:    T:0.21053    C:0.18421    A:0.46053    G:0.14474
position  3:    T:0.26316    C:0.21053    A:0.26316    G:0.26316
Average         T:0.22807    C:0.19298    A:0.32895    G:0.25000

#37: Gemsbok        
position  1:    T:0.21053    C:0.18421    A:0.26316    G:0.34211
position  2:    T:0.21053    C:0.18421    A:0.46053    G:0.14474
position  3:    T:0.25000    C:0.21053    A:0.28947    G:0.25000
Average         T:0.22368    C:0.19298    A:0.33772    G:0.24561

#38: Yak            
position  1:    T:0.21053    C:0.18421    A:0.25000    G:0.35526
position  2:    T:0.21053    C:0.18421    A:0.46053    G:0.14474
position  3:    T:0.26316    C:0.21053    A:0.27632    G:0.25000
Average         T:0.22807    C:0.19298    A:0.32895    G:0.25000

#39: BlueSheep      
position  1:    T:0.21053    C:0.18421    A:0.26316    G:0.34211
position  2:    T:0.21053    C:0.18421    A:0.46053    G:0.14474
position  3:    T:0.26316    C:0.21053    A:0.25000    G:0.27632
Average         T:0.22807    C:0.19298    A:0.32456    G:0.25439

#40: BohorReedbuck  
position  1:    T:0.21053    C:0.18421    A:0.26316    G:0.34211
position  2:    T:0.21053    C:0.18421    A:0.46053    G:0.14474
position  3:    T:0.26316    C:0.21053    A:0.27632    G:0.25000
Average         T:0.22807    C:0.19298    A:0.33333    G:0.24561

#41: KirksDik       
position  1:    T:0.21053    C:0.18421    A:0.26316    G:0.34211
position  2:    T:0.21053    C:0.18421    A:0.46053    G:0.14474
position  3:    T:0.27632    C:0.19737    A:0.26316    G:0.26316
Average         T:0.23246    C:0.18860    A:0.32895    G:0.25000

#42: RoeDeer        
position  1:    T:0.21053    C:0.18421    A:0.26316    G:0.34211
position  2:    T:0.21053    C:0.18421    A:0.46053    G:0.14474
position  3:    T:0.25000    C:0.21053    A:0.28947    G:0.25000
Average         T:0.22368    C:0.19298    A:0.33772    G:0.24561

#43: WhiteLippedDeer
position  1:    T:0.21053    C:0.17105    A:0.27632    G:0.34211
position  2:    T:0.21053    C:0.18421    A:0.46053    G:0.14474
position  3:    T:0.23684    C:0.22368    A:0.27632    G:0.26316
Average         T:0.21930    C:0.19298    A:0.33772    G:0.25000

#44: ThomsonGazelle 
position  1:    T:0.21053    C:0.18421    A:0.26316    G:0.34211
position  2:    T:0.21053    C:0.18421    A:0.46053    G:0.14474
position  3:    T:0.26316    C:0.21053    A:0.27632    G:0.25000
Average         T:0.22807    C:0.19298    A:0.33333    G:0.24561

#45: MuntiacusCrinifrons
position  1:    T:0.21053    C:0.18421    A:0.26316    G:0.34211
position  2:    T:0.21053    C:0.18421    A:0.46053    G:0.14474
position  3:    T:0.25000    C:0.21053    A:0.28947    G:0.25000
Average         T:0.22368    C:0.19298    A:0.33772    G:0.24561

#46: WhiteTailedDeer
position  1:    T:0.21053    C:0.18421    A:0.26316    G:0.34211
position  2:    T:0.21053    C:0.18421    A:0.46053    G:0.14474
position  3:    T:0.25000    C:0.21053    A:0.30263    G:0.23684
Average         T:0.22368    C:0.19298    A:0.34211    G:0.24123

#47: Cattle         
position  1:    T:0.21053    C:0.18421    A:0.25000    G:0.35526
position  2:    T:0.21053    C:0.18421    A:0.46053    G:0.14474
position  3:    T:0.26316    C:0.21053    A:0.27632    G:0.25000
Average         T:0.22807    C:0.19298    A:0.32895    G:0.25000

#48: RoyalAntelope  
position  1:    T:0.21053    C:0.18421    A:0.26316    G:0.34211
position  2:    T:0.21053    C:0.18421    A:0.46053    G:0.14474
position  3:    T:0.26316    C:0.21053    A:0.26316    G:0.26316
Average         T:0.22807    C:0.19298    A:0.32895    G:0.25000

#49: Steenbok       
position  1:    T:0.21053    C:0.18421    A:0.26316    G:0.34211
position  2:    T:0.21053    C:0.18421    A:0.46053    G:0.14474
position  3:    T:0.26316    C:0.21053    A:0.27632    G:0.25000
Average         T:0.22807    C:0.19298    A:0.33333    G:0.24561

#50: Impala         
position  1:    T:0.21053    C:0.18421    A:0.26316    G:0.34211
position  2:    T:0.21053    C:0.18421    A:0.46053    G:0.14474
position  3:    T:0.26316    C:0.21053    A:0.27632    G:0.25000
Average         T:0.22807    C:0.19298    A:0.33333    G:0.24561

#51: Klipspringer   
position  1:    T:0.21053    C:0.18421    A:0.26316    G:0.34211
position  2:    T:0.21053    C:0.18421    A:0.46053    G:0.14474
