1
52 1
Argali 0.000000 0.306100 0.087800 0.465000 0.095700 0.000000 0.142200 0.093400 0.183600 0.267400 0.000100 0.138700 0.089000 0.094400 0.044300 0.089100 0.252700 0.252700 0.000200 0.227600 0.095800 0.043900 0.214500 0.260000 0.000100 0.045200 0.044700 0.183600 0.045200 0.233500 0.201900 0.095800 0.144800 0.044700 0.045200 0.093200 0.000100 0.095700 0.141500 0.255500 0.206900 0.095300 0.266800 0.152500 0.242600 0.095800 0.047300 0.185600 0.097500 0.255800 0.183600 0.183600
LesserMous 0.306100 0.000000 0.282500 0.901600 0.485500 0.306100 0.377600 0.466700 0.424300 0.606800 0.308600 0.364800 0.433600 0.470000 0.228400 0.285200 0.550800 0.550800 0.319200 0.476900 0.485400 0.359700 0.509400 0.583300 0.308600 0.378200 0.371500 0.424300 0.233100 0.499100 0.482800 0.485400 0.559500 0.371500 0.381200 0.304300 0.308600 0.485500 0.374400 0.761500 0.498800 0.479300 0.603200 0.413000 0.360800 0.485400 0.402300 0.581600 0.326400 0.571900 0.424300 0.424300
LesserKudu 0.087800 0.282500 0.000000 0.510600 0.089700 0.087800 0.134100 0.087200 0.082600 0.247200 0.087800 0.041300 0.178500 0.187300 0.041800 0.084800 0.236400 0.236400 0.090300 0.123800 0.190000 0.130400 0.198600 0.241300 0.087800 0.134900 0.133600 0.082600 0.042700 0.126300 0.187300 0.190000 0.239600 0.133600 0.133900 0.087100 0.087800 0.089700 0.133800 0.352700 0.191900 0.189200 0.245800 0.141500 0.227800 0.190000 0.138900 0.276700 0.192500 0.135400 0.082600 0.082600
KillerWhal 0.465000 0.901600 0.510600 0.000000 0.576700 0.465000 0.543100 0.554400 0.670600 0.577300 0.467700 0.612400 0.442200 0.641000 0.528500 0.446400 0.396500 0.396500 0.484900 0.568300 0.486100 0.378100 0.503200 0.568800 0.467700 0.540400 0.532200 0.670600 0.541600 0.760100 0.480300 0.486100 0.548000 0.532200 0.544300 0.628200 0.467700 0.576700 0.712800 0.544500 0.495800 0.651600 0.575900 0.493800 0.519900 0.486100 0.570400 0.579900 0.683400 0.481800 0.670600 0.670600
DefassaWat 0.095700 0.485500 0.089700 0.576700 0.000000 0.095700 0.145400 0.000100 0.089300 0.274800 0.096200 0.045000 0.191800 0.096400 0.143600 0.191600 0.258400 0.258400 0.098200 0.132600 0.097900 0.141700 0.221400 0.266700 0.096200 0.145600 0.144200 0.089300 0.145900 0.135900 0.207800 0.097900 0.148100 0.144200 0.146800 0.095600 0.096200 0.000000 0.144700 0.257000 0.211900 0.097400 0.274300 0.156800 0.249000 0.097900 0.048500 0.186600 0.099800 0.148100 0.089300 0.089300
Sheep 0.000000 0.306100 0.087800 0.465000 0.095700 0.000000 0.142200 0.093400 0.183600 0.267400 0.000100 0.138700 0.089000 0.094400 0.044300 0.089100 0.252700 0.252700 0.000200 0.227600 0.095800 0.043900 0.214500 0.260000 0.000100 0.045200 0.044700 0.183600 0.045200 0.233500 0.201900 0.095800 0.144800 0.044700 0.045200 0.093200 0.000100 0.095700 0.141500 0.255500 0.206900 0.095300 0.266800 0.152500 0.242600 0.095800 0.047300 0.185600 0.097500 0.255800 0.183600 0.183600
MaxwellsDu 0.142200 0.377600 0.134100 0.543100 0.145400 0.142200 0.000000 0.142500 0.133400 0.204200 0.143000 0.089200 0.136900 0.143300 0.089900 0.135300 0.192800 0.192800 0.145900 0.176800 0.046200 0.188000 0.153400 0.197800 0.143000 0.193100 0.191300 0.133400 0.091100 0.181100 0.145200 0.042400 0.195600 0.191300 0.194500 0.044800 0.143000 0.145400 0.090600 0.307200 0.147500 0.144700 0.203500 0.097000 0.089100 0.046200 0.095700 0.131300 0.147900 0.195300 0.133400 0.133400
GazellaPrz 0.093400 0.466700 0.087200 0.554400 0.000100 0.093400 0.142500 0.000000 0.086800 0.266700 0.093400 0.043700 0.187800 0.094500 0.140000 0.187800 0.252900 0.252900 0.096200 0.129100 0.095900 0.137700 0.214800 0.260500 0.093400 0.142700 0.141300 0.086800 0.142900 0.132100 0.201700 0.095900 0.145000 0.141300 0.142300 0.092900 0.093800 0.000100 0.141900 0.254900 0.207200 0.095500 0.265100 0.152600 0.241600 0.095900 0.047100 0.184600 0.097700 0.144900 0.086800 0.086800
MountainNy 0.183600 0.424300 0.082600 0.670600 0.089300 0.183600 0.133400 0.086800 0.000000 0.245300 0.183800 0.041200 0.281400 0.185900 0.131100 0.177300 0.234500 0.234500 0.189200 0.039200 0.188600 0.227500 0.197100 0.239000 0.183800 0.133600 0.233400 0.000000 0.133800 0.039200 0.186100 0.188600 0.237600 0.233400 0.234300 0.086700 0.183800 0.089300 0.042100 0.235000 0.190300 0.088900 0.243700 0.140600 0.128600 0.188600 0.137900 0.274700 0.190900 0.134600 0.000000 0.000000
MuntiacusM 0.267400 0.606800 0.247200 0.577300 0.274800 0.267400 0.204200 0.266700 0.245300 0.000000 0.268800 0.198200 0.376200 0.270100 0.200400 0.251400 0.097800 0.097800 0.277000 0.290600 0.276000 0.315700 0.051900 0.100700 0.268800 0.327500 0.323200 0.245300 0.204900 0.298500 0.048500 0.276000 0.207400 0.323200 0.330100 0.150500 0.268800 0.274800 0.203000 0.207300 0.050200 0.273700 0.000100 0.103000 0.313700 0.276000 0.216700 0.371200 0.282300 0.098800 0.245300 0.245300
goat 0.000100 0.308600 0.087800 0.467700 0.096200 0.000100 0.143000 0.093400 0.183800 0.268800 0.000000 0.138800 0.089400 0.094900 0.044500 0.089500 0.254400 0.254400 0.000100 0.227500 0.096300 0.043900 0.216000 0.262200 0.000000 0.045400 0.044900 0.183800 0.045400 0.233700 0.203000 0.096300 0.145700 0.044900 0.045200 0.093300 0.000000 0.096200 0.142400 0.256800 0.208500 0.095900 0.267100 0.153400 0.242900 0.096300 0.047300 0.185500 0.098200 0.257800 0.183800 0.183800
AfricanBuf 0.138700 0.364800 0.041300 0.612400 0.045000 0.138700 0.089200 0.043700 0.041200 0.198200 0.138800 0.000000 0.234300 0.140400 0.087700 0.132900 0.189000 0.189000 0.142900 0.082000 0.142500 0.182600 0.149300 0.193400 0.138800 0.189200 0.187300 0.040800 0.089500 0.083700 0.141000 0.142500 0.191500 0.187300 0.188300 0.043700 0.138800 0.045000 0.089000 0.302300 0.144400 0.141900 0.197000 0.094600 0.181500 0.142500 0.092900 0.229600 0.144700 0.090400 0.041200 0.041200
Topi 0.089000 0.433600 0.178500 0.442200 0.191800 0.089000 0.136900 0.187800 0.281400 0.376200 0.089400 0.234300 0.000000 0.189100 0.134300 0.180300 0.355600 0.355600 0.091200 0.327400 0.091300 0.132600 0.323500 0.364900 0.089400 0.136100 0.043100 0.281400 0.136300 0.336600 0.304100 0.091300 0.242100 0.043100 0.136400 0.187400 0.089400 0.191800 0.238300 0.354200 0.310000 0.191000 0.375400 0.255200 0.233700 0.091300 0.141400 0.175200 0.194600 0.361200 0.281400 0.281400
CommonDuik 0.094400 0.470000 0.187300 0.641000 0.096400 0.094400 0.143300 0.094500 0.185900 0.270100 0.094900 0.140400 0.189100 0.000000 0.141700 0.188900 0.254000 0.254000 0.096800 0.230100 0.096500 0.139800 0.217000 0.261900 0.094900 0.143600 0.142200 0.185900 0.143800 0.236400 0.204500 0.096500 0.145900 0.142200 0.144700 0.094300 0.094900 0.096400 0.142600 0.252800 0.208200 0.096000 0.269400 0.154200 0.245200 0.096500 0.047800 0.184000 0.098300 0.257900 0.185900 0.185900
Suni 0.044300 0.228400 0.041800 0.528500 0.143600 0.044300 0.089900 0.140000 0.131100 0.200400 0.044500 0.087700 0.134300 0.141700 0.000000 0.042400 0.190700 0.190700 0.045600 0.173800 0.143900 0.087700 0.151000 0.195700 0.044500 0.090400 0.089600 0.131100 0.000100 0.178000 0.142500 0.143900 0.193500 0.089600 0.090300 0.044100 0.044500 0.143600 0.089600 0.299900 0.145800 0.143100 0.200000 0.095500 0.183800 0.143900 0.094100 0.227800 0.146300 0.193000 0.131100 0.131100
Springbuck 0.089100 0.285200 0.084800 0.446400 0.191600 0.089100 0.135300 0.187800 0.177300 0.251400 0.089500 0.132900 0.180300 0.188900 0.042400 0.000000 0.136300 0.136300 0.091200 0.127000 0.191700 0.042400 0.201300 0.243400 0.089500 0.136200 0.135000 0.177300 0.043100 0.226500 0.190700 0.191700 0.241700 0.135000 0.136600 0.088700 0.089500 0.191600 0.134900 0.353900 0.193500 0.190800 0.250500 0.143500 0.232000 0.191700 0.141400 0.278800 0.194200 0.241300 0.177300 0.177300
Okapi 0.252700 0.550800 0.236400 0.396500 0.258400 0.252700 0.192800 0.252900 0.234500 0.097800 0.254400 0.189000 0.355600 0.254000 0.190700 0.136300 0.000000 0.000000 0.259800 0.177500 0.258800 0.189900 0.049100 0.095300 0.254400 0.307900 0.304800 0.234500 0.193500 0.286400 0.046700 0.258800 0.195800 0.304800 0.312600 0.142800 0.254400 0.258400 0.191700 0.193200 0.047300 0.256700 0.097300 0.097700 0.297200 0.258800 0.204500 0.349400 0.264700 0.093500 0.234500 0.234500
Giraffe 0.252700 0.550800 0.236400 0.396500 0.258400 0.252700 0.192800 0.252900 0.234500 0.097800 0.254400 0.189000 0.355600 0.254000 0.190700 0.136300 0.000000 0.000000 0.259800 0.177500 0.258800 0.189900 0.049100 0.095300 0.254400 0.307900 0.304800 0.234500 0.193500 0.286400 0.046700 0.258800 0.195800 0.304800 0.312600 0.142800 0.254400 0.258400 0.191700 0.193200 0.047300 0.256700 0.097300 0.097700 0.297200 0.258800 0.204500 0.349400 0.264700 0.093500 0.234500 0.234500
TibetanAnt 0.000200 0.319200 0.090300 0.484900 0.098200 0.000200 0.145900 0.096200 0.189200 0.277000 0.000100 0.142900 0.091200 0.096800 0.045600 0.091200 0.259800 0.259800 0.000000 0.234000 0.098300 0.045100 0.222600 0.268400 0.000100 0.046200 0.045800 0.189200 0.046300 0.240800 0.209200 0.098300 0.148700 0.045800 0.046500 0.096000 0.000100 0.098200 0.145200 0.258900 0.213100 0.097800 0.276300 0.157600 0.250400 0.098300 0.048700 0.187500 0.100200 0.263900 0.189200 0.189200
Sitatunga 0.227600 0.476900 0.123800 0.568300 0.132600 0.227600 0.176800 0.129100 0.039200 0.290600 0.227500 0.082000 0.327400 0.230100 0.173800 0.127000 0.177500 0.177500 0.234000 0.000000 0.233300 0.173100 0.242500 0.282600 0.227500 0.177200 0.278300 0.038900 0.177300 0.080000 0.229700 0.233300 0.282100 0.278300 0.279000 0.128900 0.227500 0.132600 0.083800 0.278600 0.234500 0.132100 0.288400 0.185100 0.170800 0.233300 0.181400 0.318800 0.235300 0.177700 0.039100 0.039500
Oribi 0.095800 0.485400 0.190000 0.486100 0.097900 0.095800 0.046200 0.095900 0.188600 0.276000 0.096300 0.142500 0.091300 0.096500 0.143900 0.191700 0.258800 0.258800 0.098300 0.233300 0.000000 0.141800 0.221600 0.267300 0.096300 0.145700 0.144300 0.188600 0.145900 0.240000 0.208500 0.000000 0.148200 0.144300 0.147000 0.095700 0.096300 0.097900 0.144700 0.258000 0.212300 0.097400 0.275200 0.156900 0.142200 0.000000 0.048500 0.085500 0.099900 0.262800 0.188600 0.188600
BarbaryShe 0.043900 0.359700 0.130400 0.378100 0.141700 0.043900 0.188000 0.137700 0.227500 0.315700 0.043900 0.182600 0.132600 0.139800 0.087700 0.042400 0.189900 0.189900 0.045100 0.173100 0.141800 0.000000 0.263300 0.307300 0.043900 0.089400 0.088600 0.227500 0.089500 0.278600 0.248500 0.141800 0.190700 0.088600 0.089600 0.137600 0.043900 0.141700 0.187200 0.301700 0.254400 0.141200 0.313300 0.200100 0.287600 0.141800 0.092600 0.228700 0.144000 0.303300 0.227500 0.227500
Daviddeer 0.214500 0.509400 0.198600 0.503200 0.221400 0.214500 0.153400 0.214800 0.197100 0.051900 0.216000 0.149300 0.323500 0.217000 0.151000 0.201300 0.049100 0.049100 0.222600 0.242500 0.221600 0.263300 0.000000 0.050900 0.216000 0.274100 0.270400 0.197100 0.154100 0.250600 0.000400 0.221600 0.156900 0.270400 0.276200 0.100600 0.216000 0.221400 0.152700 0.148300 0.000100 0.219900 0.051700 0.052000 0.261600 0.221600 0.163300 0.313700 0.227600 0.049800 0.197100 0.197100
Reindeer 0.260000 0.583300 0.241300 0.568800 0.266700 0.260000 0.197800 0.260500 0.239000 0.100700 0.262200 0.193400 0.364900 0.261900 0.195700 0.243400 0.095300 0.095300 0.268400 0.282600 0.267300 0.307300 0.050900 0.000000 0.262200 0.316900 0.313500 0.239000 0.198500 0.291600 0.048100 0.267300 0.202400 0.313500 0.323100 0.146700 0.262200 0.266700 0.196400 0.200200 0.049000 0.264800 0.100300 0.101300 0.304700 0.267300 0.211300 0.360000 0.275300 0.096500 0.239000 0.239000
Ibex 0.000100 0.308600 0.087800 0.467700 0.096200 0.000100 0.143000 0.093400 0.183800 0.268800 0.000000 0.138800 0.089400 0.094900 0.044500 0.089500 0.254400 0.254400 0.000100 0.227500 0.096300 0.043900 0.216000 0.262200 0.000000 0.045400 0.044900 0.183800 0.045400 0.233700 0.203000 0.096300 0.145700 0.044900 0.045200 0.093700 0.000000 0.096200 0.142400 0.256800 0.208500 0.095900 0.267100 0.153400 0.242900 0.096300 0.047300 0.185500 0.098200 0.257800 0.183800 0.183800
GyrantGaze 0.045200 0.378200 0.134900 0.540400 0.145600 0.045200 0.193100 0.142700 0.133600 0.327500 0.045400 0.189200 0.136100 0.143600 0.090400 0.136200 0.307900 0.307900 0.046200 0.177200 0.145700 0.089400 0.274100 0.316900 0.045400 0.000000 0.090900 0.133600 0.091800 0.181500 0.257600 0.145700 0.196000 0.090900 0.092100 0.142400 0.045400 0.145600 0.091400 0.189800 0.262000 0.045600 0.326300 0.207100 0.187100 0.145700 0.095900 0.233700 0.148100 0.312700 0.133600 0.133600
Hartebeest 0.044700 0.371500 0.133600 0.532200 0.144200 0.044700 0.191300 0.141300 0.233400 0.323200 0.044900 0.187300 0.043100 0.142200 0.089600 0.135000 0.304800 0.304800 0.045800 0.278300 0.144300 0.088600 0.270400 0.313500 0.044900 0.090900 0.000000 0.233400 0.091000 0.286000 0.254400 0.143000 0.194000 0.000000 0.091200 0.141000 0.044900 0.144200 0.190400 0.303600 0.259300 0.143600 0.322500 0.204900 0.295200 0.144300 0.094900 0.231300 0.146600 0.309500 0.233400 0.233400
Bongo 0.183600 0.424300 0.082600 0.670600 0.089300 0.183600 0.133400 0.086800 0.000000 0.245300 0.183800 0.040800 0.281400 0.185900 0.131100 0.177300 0.234500 0.234500 0.189200 0.038900 0.188600 0.227500 0.197100 0.239000 0.183800 0.133600 0.233400 0.000000 0.133800 0.039900 0.186100 0.188600 0.237600 0.233400 0.234300 0.086700 0.183800 0.089300 0.042100 0.235000 0.190300 0.088900 0.243700 0.140600 0.128600 0.188600 0.137900 0.274700 0.190900 0.134600 0.000000 0.000000
Gerenuk 0.045200 0.233100 0.042700 0.541600 0.145900 0.045200 0.091100 0.142900 0.133800 0.204900 0.045400 0.089500 0.136300 0.143800 0.000100 0.043100 0.193500 0.193500 0.046300 0.177300 0.145900 0.089500 0.154100 0.198500 0.045400 0.091800 0.091000 0.133800 0.000000 0.181700 0.145600 0.145900 0.196300 0.091000 0.092200 0.045000 0.045400 0.145600 0.090900 0.308200 0.148000 0.145200 0.204300 0.097400 0.187400 0.145900 0.096000 0.234100 0.148400 0.196000 0.133800 0.133800
CommonElan 0.233500 0.499100 0.126300 0.760100 0.135900 0.233500 0.181100 0.132100 0.039200 0.298500 0.233700 0.083700 0.336600 0.236400 0.178000 0.226500 0.286400 0.286400 0.240800 0.080000 0.240000 0.278600 0.250600 0.291600 0.233700 0.181500 0.286000 0.039900 0.181700 0.000000 0.236000 0.240000 0.290500 0.286000 0.286700 0.131900 0.233700 0.135900 0.085500 0.286500 0.241500 0.135300 0.296500 0.190500 0.174600 0.240000 0.186400 0.327500 0.242500 0.182300 0.039900 0.039900
MuntiacusR 0.201900 0.482800 0.187300 0.480300 0.207800 0.201900 0.145200 0.201700 0.186100 0.048500 0.203000 0.141000 0.304100 0.204500 0.142500 0.190700 0.046700 0.046700 0.209200 0.229700 0.208500 0.248500 0.000400 0.048100 0.203000 0.257600 0.254400 0.186100 0.145600 0.236000 0.000000 0.208500 0.148000 0.254400 0.259100 0.095200 0.203000 0.207800 0.144500 0.148700 0.000200 0.207000 0.049000 0.049000 0.246900 0.208500 0.153700 0.301500 0.213700 0.047100 0.186100 0.186100
HarveysDui 0.095800 0.485400 0.190000 0.486100 0.097900 0.095800 0.042400 0.095900 0.188600 0.276000 0.096300 0.142500 0.091300 0.096500 0.143900 0.191700 0.258800 0.258800 0.098300 0.233300 0.000000 0.141800 0.221600 0.267300 0.096300 0.145700 0.143000 0.188600 0.145900 0.240000 0.208500 0.000000 0.148200 0.144300 0.147000 0.095700 0.096300 0.097900 0.144700 0.258000 0.212300 0.097400 0.275200 0.156900 0.142200 0.000000 0.048500 0.085500 0.099900 0.262800 0.188600 0.188600
Pronghorn 0.144800 0.559500 0.239600 0.548000 0.148100 0.144800 0.195600 0.145000 0.237600 0.207400 0.145700 0.191500 0.242100 0.145900 0.193500 0.241700 0.195800 0.195800 0.148700 0.282100 0.148200 0.190700 0.156900 0.202400 0.145700 0.196000 0.194000 0.237600 0.196300 0.290500 0.148000 0.148200 0.000000 0.194000 0.198200 0.144700 0.145700 0.146800 0.194500 0.193200 0.150400 0.147300 0.206600 0.099200 0.301600 0.148200 0.097800 0.236900 0.151400 0.198500 0.237600 0.237600
BlueWildeb 0.044700 0.371500 0.133600 0.532200 0.144200 0.044700 0.191300 0.141300 0.233400 0.323200 0.044900 0.187300 0.043100 0.142200 0.089600 0.135000 0.304800 0.304800 0.045800 0.278300 0.144300 0.088600 0.270400 0.313500 0.044900 0.090900 0.000000 0.233400 0.091000 0.286000 0.254400 0.144300 0.194000 0.000000 0.091200 0.141000 0.044900 0.144200 0.190400 0.303600 0.259300 0.143600 0.322500 0.204900 0.295200 0.144300 0.094900 0.231300 0.146600 0.309500 0.233400 0.233400
Gemsbok 0.045200 0.381200 0.133900 0.544300 0.146800 0.045200 0.194500 0.142300 0.234300 0.330100 0.045200 0.188300 0.136400 0.144700 0.090300 0.136600 0.312600 0.312600 0.046500 0.279000 0.147000 0.089600 0.276200 0.323100 0.045200 0.092100 0.091200 0.234300 0.092200 0.286700 0.259100 0.147000 0.198200 0.091200 0.000000 0.142100 0.045200 0.146800 0.193500 0.316000 0.266300 0.146200 0.327600 0.208800 0.298000 0.147000 0.095800 0.236900 0.149900 0.317100 0.234300 0.234300
Yak 0.093200 0.304300 0.087100 0.628200 0.095600 0.093200 0.044800 0.092900 0.086700 0.150500 0.093300 0.043700 0.187400 0.094300 0.044100 0.088700 0.142800 0.142800 0.096000 0.128900 0.095700 0.137600 0.100600 0.146700 0.093700 0.142400 0.141000 0.086700 0.045000 0.131900 0.095200 0.095700 0.144700 0.141000 0.142100 0.000000 0.093300 0.095600 0.044700 0.254900 0.097400 0.095300 0.149500 0.047800 0.136700 0.095700 0.047000 0.184400 0.097500 0.144400 0.086700 0.086700
BlueSheep 0.000100 0.308600 0.087800 0.467700 0.096200 0.000100 0.143000 0.093800 0.183800 0.268800 0.000000 0.138800 0.089400 0.094900 0.044500 0.089500 0.254400 0.254400 0.000100 0.227500 0.096300 0.043900 0.216000 0.262200 0.000000 0.045400 0.044900 0.183800 0.045400 0.233700 0.203000 0.096300 0.145700 0.044900 0.045200 0.093300 0.000000 0.096200 0.142400 0.256800 0.208500 0.095900 0.267100 0.153400 0.242900 0.096300 0.047300 0.185500 0.098200 0.257800 0.183800 0.183800
BohorReedb 0.095700 0.485500 0.089700 0.576700 0.000000 0.095700 0.145400 0.000100 0.089300 0.274800 0.096200 0.045000 0.191800 0.096400 0.143600 0.191600 0.258400 0.258400 0.098200 0.132600 0.097900 0.141700 0.221400 0.266700 0.096200 0.145600 0.144200 0.089300 0.145600 0.135900 0.207800 0.097900 0.146800 0.144200 0.146800 0.095600 0.096200 0.000000 0.144700 0.257000 0.211900 0.097400 0.274300 0.156800 0.249000 0.097900 0.048500 0.186600 0.099800 0.148100 0.089300 0.089300
KirksDik 0.141500 0.374400 0.133800 0.712800 0.144700 0.141500 0.090600 0.141900 0.042100 0.203000 0.142400 0.089000 0.238300 0.142600 0.089600 0.134900 0.191700 0.191700 0.145200 0.083800 0.144700 0.187200 0.152700 0.196400 0.142400 0.091400 0.190400 0.042100 0.090900 0.085500 0.144500 0.144700 0.194500 0.190400 0.193500 0.044700 0.142400 0.144700 0.000000 0.188500 0.146600 0.045400 0.202200 0.096600 0.088000 0.144700 0.095300 0.232200 0.147000 0.194200 0.042100 0.042100
RoeDeer 0.255500 0.761500 0.352700 0.544500 0.257000 0.255500 0.307200 0.254900 0.235000 0.207300 0.256800 0.302300 0.354200 0.252800 0.299900 0.353900 0.193200 0.193200 0.258900 0.278600 0.258000 0.301700 0.148300 0.200200 0.256800 0.189800 0.303600 0.235000 0.308200 0.286500 0.148700 0.258000 0.193200 0.303600 0.316000 0.254900 0.256800 0.257000 0.188500 0.000000 0.145900 0.140600 0.209300 0.202100 0.299900 0.258000 0.207100 0.239000 0.264700 0.195300 0.235000 0.235000
WhiteLippe 0.206900 0.498800 0.191900 0.495800 0.211900 0.206900 0.147500 0.207200 0.190300 0.050200 0.208500 0.144400 0.310000 0.208200 0.145800 0.193500 0.047300 0.047300 0.213100 0.234500 0.212300 0.254400 0.000100 0.049000 0.208500 0.262000 0.259300 0.190300 0.148000 0.241500 0.000200 0.212300 0.150400 0.259300 0.266300 0.097400 0.208500 0.211900 0.146600 0.145900 0.000000 0.210500 0.050000 0.050100 0.252300 0.212300 0.157700 0.304900 0.217800 0.047900 0.190300 0.190300
ThomsonGaz 0.095300 0.479300 0.189200 0.651600 0.097400 0.095300 0.144700 0.095500 0.088900 0.273700 0.095900 0.141900 0.191000 0.096000 0.143100 0.190800 0.256700 0.256700 0.097800 0.132100 0.097400 0.141200 0.219900 0.264800 0.095900 0.045600 0.143600 0.088900 0.145200 0.135300 0.207000 0.097400 0.147300 0.143600 0.146200 0.095300 0.095900 0.097400 0.045400 0.140600 0.210500 0.000000 0.272700 0.155900 0.140200 0.097400 0.048300 0.185900 0.099300 0.260600 0.088900 0.088900
MuntiacusC 0.266800 0.603200 0.245800 0.575900 0.274300 0.266800 0.203500 0.265100 0.243700 0.000100 0.267100 0.197000 0.375400 0.269400 0.200000 0.250500 0.097300 0.097300 0.276300 0.288400 0.275200 0.313300 0.051700 0.100300 0.267100 0.326300 0.322500 0.243700 0.204300 0.296500 0.049000 0.275200 0.206600 0.322500 0.327600 0.149500 0.267100 0.274300 0.202200 0.209300 0.050000 0.272700 0.000000 0.102700 0.311000 0.275200 0.215200 0.368300 0.281400 0.098400 0.243700 0.243700
WhiteTaile 0.152500 0.413000 0.141500 0.493800 0.156800 0.152500 0.097000 0.152600 0.140600 0.103000 0.153400 0.094600 0.255200 0.154200 0.095500 0.143500 0.097700 0.097700 0.157600 0.185100 0.156900 0.200100 0.052000 0.101300 0.153400 0.207100 0.204900 0.140600 0.097400 0.190500 0.049000 0.156900 0.099200 0.204900 0.208800 0.047800 0.153400 0.156800 0.096600 0.202100 0.050100 0.155900 0.102700 0.000000 0.198400 0.156900 0.103100 0.246600 0.161100 0.098900 0.140600 0.140600
Cattle 0.242600 0.360800 0.227800 0.519900 0.249000 0.242600 0.089100 0.241600 0.128600 0.313700 0.242900 0.181500 0.233700 0.245200 0.183800 0.232000 0.297200 0.297200 0.250400 0.170800 0.142200 0.287600 0.261600 0.304700 0.242900 0.187100 0.295200 0.128600 0.187400 0.174600 0.246900 0.142200 0.301600 0.295200 0.298000 0.136700 0.242900 0.249000 0.088000 0.299900 0.252300 0.140200 0.311000 0.198400 0.000000 0.142200 0.194600 0.229300 0.253400 0.301100 0.128600 0.128600
RoyalAntel 0.095800 0.485400 0.190000 0.486100 0.097900 0.095800 0.046200 0.095900 0.188600 0.276000 0.096300 0.142500 0.091300 0.096500 0.143900 0.191700 0.258800 0.258800 0.098300 0.233300 0.000000 0.141800 0.221600 0.267300 0.096300 0.145700 0.144300 0.188600 0.145900 0.240000 0.208500 0.000000 0.148200 0.144300 0.147000 0.095700 0.096300 0.097900 0.144700 0.258000 0.212300 0.097400 0.275200 0.156900 0.142200 0.000000 0.048500 0.085500 0.099900 0.262800 0.188600 0.188600
Steenbok 0.047300 0.402300 0.138900 0.570400 0.048500 0.047300 0.095700 0.047100 0.137900 0.216700 0.047300 0.092900 0.141400 0.047800 0.094100 0.141400 0.204500 0.204500 0.048700 0.181400 0.048500 0.092600 0.163300 0.211300 0.047300 0.095900 0.094900 0.137900 0.096000 0.186400 0.153700 0.048500 0.097800 0.094900 0.095800 0.047000 0.047300 0.048500 0.095300 0.207100 0.157700 0.048300 0.215200 0.103100 0.194600 0.048500 0.000000 0.139600 0.049600 0.207200 0.137900 0.137900
Impala 0.185600 0.581600 0.276700 0.579900 0.186600 0.185600 0.131300 0.184600 0.274700 0.371200 0.185500 0.229600 0.175200 0.184000 0.227800 0.278800 0.349400 0.349400 0.187500 0.318800 0.085500 0.228700 0.313700 0.360000 0.185500 0.233700 0.231300 0.274700 0.234100 0.327500 0.301500 0.085500 0.236900 0.231300 0.236900 0.184400 0.185500 0.186600 0.232200 0.239000 0.304900 0.185900 0.368300 0.246600 0.229300 0.085500 0.139600 0.000000 0.189900 0.354300 0.274700 0.274700
Klipspring 0.097500 0.326400 0.192500 0.683400 0.099800 0.097500 0.147900 0.097700 0.190900 0.282300 0.098200 0.144700 0.194600 0.098300 0.146300 0.194200 0.264700 0.264700 0.100200 0.235300 0.099900 0.144000 0.227600 0.275300 0.098200 0.148100 0.146600 0.190900 0.148400 0.242500 0.213700 0.099900 0.151400 0.146600 0.149900 0.097500 0.098200 0.099800 0.147000 0.264700 0.217800 0.099300 0.281400 0.161100 0.253400 0.099900 0.049600 0.189900 0.000000 0.269000 0.190900 0.190900
ForestMusk 0.255800 0.571900 0.135400 0.481800 0.148100 0.255800 0.195300 0.144900 0.134600 0.098800 0.257800 0.090400 0.361200 0.257900 0.193000 0.241300 0.093500 0.093500 0.263900 0.177700 0.262800 0.303300 0.049800 0.096500 0.257800 0.312700 0.309500 0.134600 0.196000 0.182300 0.047100 0.262800 0.198500 0.309500 0.317100 0.144400 0.257800 0.148100 0.194200 0.195300 0.047900 0.260600 0.098400 0.098900 0.301100 0.262800 0.207200 0.354300 0.269000 0.000000 0.134600 0.134600
Bushbuck 0.183600 0.424300 0.082600 0.670600 0.089300 0.183600 0.133400 0.086800 0.000000 0.245300 0.183800 0.041200 0.281400 0.185900 0.131100 0.177300 0.234500 0.234500 0.189200 0.039100 0.188600 0.227500 0.197100 0.239000 0.183800 0.133600 0.233400 0.000000 0.133800 0.039900 0.186100 0.188600 0.237600 0.233400 0.234300 0.086700 0.183800 0.089300 0.042100 0.235000 0.190300 0.088900 0.243700 0.140600 0.128600 0.188600 0.137900 0.274700 0.190900 0.134600 0.000000 0.000000
GreaterKud 0.183600 0.424300 0.082600 0.670600 0.089300 0.183600 0.133400 0.086800 0.000000 0.245300 0.183800 0.041200 0.281400 0.185900 0.131100 0.177300 0.234500 0.234500 0.189200 0.039500 0.188600 0.227500 0.197100 0.239000 0.183800 0.133600 0.233400 0.000000 0.133800 0.039900 0.186100 0.188600 0.237600 0.233400 0.234300 0.086700 0.183800 0.089300 0.042100 0.235000 0.190300 0.088900 0.243700 0.140600 0.128600 0.188600 0.137900 0.274700 0.190900 0.134600 0.000000 0.000000
