1
52 1
Argali 0.000000 0.298200 0.095400 0.278200 0.051100 0.005000 0.041000 0.067600 0.084800 0.160500 0.025300 0.088900 0.040900 0.045900 0.089800 0.100400 0.105800 0.106000 0.045900 0.097400 0.078300 0.020000 0.129700 0.148800 0.015000 0.083200 0.040600 0.096300 0.067000 0.096100 0.147900 0.046600 0.159900 0.046100 0.061800 0.094600 0.015000 0.056100 0.078800 0.147500 0.129800 0.088400 0.149000 0.137800 0.089600 0.084400 0.072800 0.088700 0.083500 0.134600 0.118400 0.096000
LesserMous 0.298200 0.000000 0.239100 0.278500 0.298900 0.305500 0.288000 0.301400 0.254200 0.310500 0.282400 0.262000 0.278200 0.264600 0.279500 0.328200 0.241200 0.248900 0.288300 0.270100 0.285000 0.296300 0.293900 0.282000 0.289900 0.319900 0.278600 0.241700 0.306000 0.253300 0.300700 0.289300 0.300600 0.285900 0.303700 0.234900 0.291300 0.291100 0.308400 0.292600 0.279700 0.312200 0.325000 0.255800 0.257800 0.311400 0.307700 0.254400 0.297100 0.270700 0.266800 0.253000
LesserKudu 0.095400 0.239100 0.000000 0.239500 0.106900 0.101200 0.097400 0.107800 0.020600 0.174900 0.112000 0.067600 0.090300 0.084100 0.101900 0.130900 0.095300 0.101300 0.117900 0.042000 0.119100 0.095100 0.137300 0.144800 0.100800 0.124000 0.090400 0.031200 0.112700 0.041600 0.155300 0.097400 0.155600 0.096100 0.095500 0.073200 0.101200 0.101100 0.119900 0.149500 0.125500 0.129400 0.163000 0.133800 0.073800 0.131800 0.113300 0.095100 0.117900 0.118400 0.041500 0.041600
KillerWhal 0.278200 0.278500 0.239500 0.000000 0.244000 0.278500 0.260300 0.280300 0.240300 0.295400 0.269400 0.211900 0.258300 0.251800 0.266600 0.292300 0.244300 0.244500 0.278000 0.269300 0.292200 0.276800 0.252800 0.241100 0.270600 0.270800 0.258900 0.241200 0.271200 0.253700 0.301600 0.254900 0.259600 0.265700 0.270100 0.217800 0.271100 0.237200 0.287100 0.266000 0.240000 0.264000 0.281400 0.222700 0.219800 0.274200 0.272500 0.256100 0.270000 0.245500 0.266700 0.240700
DefassaWat 0.051100 0.298900 0.106900 0.244000 0.000000 0.050900 0.051700 0.067700 0.085000 0.161400 0.056200 0.067300 0.051500 0.056500 0.078300 0.078400 0.106000 0.106300 0.067100 0.108300 0.078400 0.050900 0.130400 0.149600 0.045300 0.072700 0.051200 0.096600 0.056500 0.096100 0.148800 0.057500 0.160100 0.057000 0.072700 0.083700 0.045900 0.005000 0.078900 0.142300 0.130500 0.077700 0.149800 0.138500 0.078700 0.078800 0.062200 0.078000 0.083700 0.123200 0.130400 0.085000
Sheep 0.005000 0.305500 0.101200 0.278500 0.050900 0.000000 0.045900 0.073000 0.090400 0.160200 0.030200 0.089000 0.045800 0.050800 0.089900 0.106000 0.111500 0.111700 0.045900 0.102500 0.083800 0.025100 0.129500 0.148500 0.020100 0.088600 0.046200 0.102000 0.072400 0.101700 0.147600 0.052000 0.166000 0.051200 0.067200 0.100100 0.020100 0.056300 0.084300 0.147200 0.129500 0.093900 0.148700 0.137500 0.095200 0.084400 0.072800 0.088800 0.083500 0.135400 0.124200 0.101700
MaxwellsDu 0.041000 0.288000 0.097400 0.260300 0.051700 0.045900 0.000000 0.057500 0.085900 0.156900 0.046100 0.078800 0.041000 0.035900 0.068700 0.090300 0.095700 0.095900 0.067600 0.098000 0.068300 0.040500 0.125900 0.144900 0.035700 0.067800 0.041400 0.085800 0.057000 0.097200 0.144100 0.025900 0.119900 0.046500 0.062500 0.079000 0.035600 0.057000 0.068700 0.143900 0.125900 0.073000 0.145200 0.134000 0.079500 0.074300 0.062800 0.078700 0.073500 0.124400 0.120000 0.085900
GazellaPrz 0.067600 0.301400 0.107800 0.280300 0.067700 0.073000 0.057500 0.000000 0.097100 0.156600 0.072700 0.089700 0.057200 0.062300 0.068200 0.052100 0.118000 0.118300 0.083900 0.109300 0.041400 0.067200 0.137300 0.156900 0.062000 0.035600 0.057300 0.097400 0.030700 0.108500 0.155800 0.052600 0.161800 0.062800 0.078700 0.095400 0.062500 0.073000 0.031100 0.161600 0.137400 0.041200 0.145000 0.145800 0.090500 0.090900 0.025700 0.089500 0.106600 0.135900 0.131500 0.097000
MountainNy 0.084800 0.254200 0.020600 0.240300 0.085000 0.090400 0.085900 0.097100 0.000000 0.163700 0.101300 0.057900 0.079700 0.085000 0.091200 0.119800 0.096300 0.101800 0.118600 0.031500 0.108300 0.095500 0.126400 0.139700 0.090200 0.101800 0.079400 0.020800 0.090700 0.031300 0.156400 0.086600 0.144300 0.085500 0.096000 0.062700 0.090600 0.090400 0.109000 0.144400 0.114600 0.107200 0.151800 0.128600 0.063200 0.120800 0.102500 0.084500 0.107200 0.119000 0.041800 0.031200
MuntiacusM 0.160500 0.310500 0.174900 0.295400 0.161400 0.160200 0.156900 0.156600 0.163700 0.000000 0.154300 0.148300 0.143000 0.155300 0.150500 0.180700 0.147900 0.136100 0.185300 0.177500 0.156200 0.166100 0.063400 0.109500 0.154500 0.161200 0.143100 0.152100 0.161400 0.163600 0.036200 0.145900 0.226100 0.131800 0.161000 0.160500 0.161100 0.167100 0.169800 0.131500 0.074300 0.166800 0.031200 0.098600 0.149600 0.182800 0.144100 0.154300 0.173200 0.155400 0.181900 0.163600
goat 0.025300 0.282400 0.112000 0.269400 0.056200 0.030200 0.046100 0.072700 0.101300 0.154300 0.000000 0.094100 0.046000 0.051000 0.095000 0.105600 0.099800 0.100000 0.051000 0.102100 0.072600 0.025000 0.141300 0.160700 0.009900 0.088300 0.046000 0.101600 0.072100 0.101400 0.141800 0.051800 0.165300 0.040800 0.066900 0.099800 0.020100 0.061400 0.084000 0.165400 0.141300 0.093600 0.155000 0.149600 0.094800 0.089600 0.078000 0.093900 0.077900 0.134000 0.123700 0.101300
AfricanBuf 0.088900 0.262000 0.067600 0.211900 0.067300 0.089000 0.078800 0.089700 0.057900 0.148300 0.094100 0.000000 0.072800 0.078100 0.072600 0.112000 0.099700 0.105600 0.088900 0.079500 0.100700 0.088500 0.123800 0.130900 0.083200 0.094400 0.072900 0.068200 0.083600 0.078900 0.129900 0.079500 0.159300 0.078500 0.094400 0.035500 0.083700 0.061800 0.101400 0.135700 0.101100 0.099800 0.137000 0.120100 0.035700 0.107200 0.084000 0.077700 0.088700 0.111300 0.089700 0.068000
Topi 0.040900 0.278200 0.090300 0.258300 0.051500 0.045800 0.041000 0.057200 0.079700 0.143000 0.046000 0.072800 0.000000 0.035700 0.073600 0.089900 0.089400 0.078400 0.056700 0.091500 0.067900 0.040700 0.125500 0.137800 0.035500 0.072500 0.010100 0.079900 0.067500 0.090800 0.130600 0.036300 0.142500 0.015200 0.040900 0.078400 0.035700 0.056700 0.068400 0.142600 0.119000 0.078100 0.131600 0.126900 0.073400 0.073900 0.062500 0.072700 0.067500 0.117700 0.113300 0.079600
CommonDuik 0.045900 0.264600 0.084100 0.251800 0.056500 0.050800 0.035900 0.062300 0.085000 0.155300 0.051000 0.078100 0.035700 0.000000 0.078900 0.095000 0.094800 0.095100 0.056400 0.097000 0.073000 0.045700 0.124600 0.143600 0.040600 0.077900 0.035800 0.085400 0.072700 0.096300 0.142700 0.030900 0.148200 0.041100 0.056600 0.072800 0.040700 0.061600 0.073500 0.148300 0.124700 0.083100 0.143800 0.132600 0.078700 0.068200 0.067500 0.078000 0.072800 0.123300 0.118800 0.085100
Suni 0.089800 0.279500 0.101900 0.266600 0.078300 0.089900 0.068700 0.068200 0.091200 0.150500 0.095000 0.072600 0.073600 0.078900 0.000000 0.101900 0.100800 0.095500 0.101000 0.103300 0.079500 0.089000 0.125500 0.138700 0.083800 0.095500 0.073700 0.091500 0.084500 0.102500 0.143600 0.069300 0.161800 0.079300 0.084300 0.089700 0.084400 0.084300 0.091200 0.155400 0.113900 0.100700 0.138900 0.127800 0.090400 0.091300 0.073900 0.067600 0.089600 0.112600 0.119800 0.091200
Springbuck 0.100400 0.328200 0.130900 0.292300 0.078400 0.106000 0.090300 0.052100 0.119800 0.180700 0.105600 0.112000 0.089900 0.095000 0.101900 0.000000 0.129500 0.129800 0.116900 0.144500 0.051800 0.088900 0.173100 0.180600 0.094600 0.035900 0.090000 0.132000 0.041100 0.119700 0.192400 0.074100 0.185400 0.095700 0.100400 0.117400 0.094900 0.083700 0.063000 0.184800 0.173100 0.041000 0.180700 0.169400 0.112900 0.113400 0.057300 0.111300 0.140900 0.135700 0.155000 0.119700
Okapi 0.105800 0.241200 0.095300 0.244300 0.106000 0.111500 0.095700 0.118000 0.096300 0.147900 0.099800 0.099700 0.089400 0.094800 0.100800 0.129500 0.000000 0.025200 0.128600 0.107800 0.106400 0.094300 0.123700 0.136600 0.099900 0.134200 0.089500 0.085000 0.122900 0.107000 0.129600 0.096400 0.129800 0.095200 0.089200 0.094400 0.100300 0.111500 0.130200 0.141400 0.112200 0.139700 0.142600 0.125700 0.095000 0.124600 0.123500 0.105300 0.111200 0.100500 0.129800 0.084600
Giraffe 0.106000 0.248900 0.101300 0.244500 0.106300 0.111700 0.095900 0.118300 0.101800 0.136100 0.100000 0.105600 0.078400 0.095100 0.095500 0.129800 0.025200 0.000000 0.128800 0.114000 0.106700 0.094500 0.118300 0.131100 0.100200 0.134500 0.078800 0.090900 0.123200 0.113200 0.129600 0.096700 0.124400 0.084100 0.089400 0.100200 0.100500 0.111700 0.130500 0.135900 0.118300 0.140100 0.136600 0.120200 0.089700 0.119200 0.123800 0.100000 0.122900 0.100700 0.136100 0.090600
TibetanAnt 0.045900 0.288300 0.117900 0.278000 0.067100 0.045900 0.067600 0.083900 0.118600 0.185300 0.051000 0.088900 0.056700 0.056400 0.101000 0.116900 0.128600 0.128800 0.000000 0.119500 0.094500 0.045700 0.153500 0.166700 0.040600 0.099600 0.046200 0.118900 0.094200 0.118700 0.160200 0.062500 0.183700 0.062200 0.066900 0.088700 0.040700 0.061700 0.095100 0.171500 0.153600 0.105000 0.173000 0.155700 0.100700 0.089800 0.078200 0.077600 0.083400 0.146300 0.141600 0.118600
Sitatunga 0.097400 0.270100 0.042000 0.269300 0.108300 0.102500 0.098000 0.109300 0.031500 0.177500 0.102100 0.079500 0.091500 0.097000 0.103300 0.144500 0.107800 0.114000 0.119500 0.000000 0.120800 0.096300 0.139300 0.153000 0.090800 0.119900 0.091600 0.031600 0.114200 0.042000 0.169900 0.098700 0.170100 0.097400 0.108000 0.085200 0.091300 0.113900 0.121600 0.157700 0.127300 0.125400 0.165400 0.141800 0.085900 0.133600 0.114500 0.096400 0.119400 0.131600 0.063900 0.042500
Oribi 0.078300 0.285000 0.119100 0.292200 0.078400 0.083800 0.068300 0.041400 0.108300 0.156200 0.072600 0.100700 0.067900 0.073000 0.079500 0.051800 0.106400 0.106700 0.094500 0.120800 0.000000 0.077900 0.149000 0.168300 0.072700 0.046300 0.068000 0.108700 0.041100 0.119800 0.155400 0.052300 0.185300 0.073600 0.089200 0.106100 0.073000 0.083700 0.052200 0.172900 0.149100 0.051500 0.156300 0.157100 0.101500 0.090600 0.046600 0.089100 0.117800 0.135600 0.143000 0.108300
BarbaryShe 0.020000 0.296300 0.095100 0.276800 0.050900 0.025100 0.040500 0.067200 0.095500 0.166100 0.025000 0.088500 0.040700 0.045700 0.089000 0.088900 0.094300 0.094500 0.045700 0.096300 0.077900 0.000000 0.135200 0.142400 0.014900 0.082800 0.040700 0.095800 0.066700 0.095600 0.153400 0.046400 0.147300 0.046000 0.051000 0.094100 0.015000 0.056100 0.078400 0.159100 0.135300 0.088000 0.154600 0.143400 0.089100 0.084000 0.072400 0.088300 0.083100 0.111200 0.129400 0.095500
Daviddeer 0.129700 0.293900 0.137300 0.252800 0.130400 0.129500 0.125900 0.137300 0.126400 0.063400 0.141300 0.123800 0.125500 0.124600 0.125500 0.173100 0.123700 0.118300 0.153500 0.139300 0.149000 0.135200 0.000000 0.085900 0.129700 0.153800 0.124900 0.115200 0.142200 0.138200 0.067700 0.126800 0.186000 0.130900 0.136000 0.124000 0.130200 0.136000 0.150000 0.096200 0.020500 0.159400 0.052700 0.075200 0.113100 0.162600 0.125200 0.129600 0.153500 0.142200 0.161900 0.126300
Reindeer 0.148800 0.282000 0.144800 0.241100 0.149600 0.148500 0.144900 0.156900 0.139700 0.109500 0.160700 0.130900 0.137800 0.143600 0.138700 0.180600 0.136600 0.131100 0.166700 0.153000 0.168300 0.142400 0.085900 0.000000 0.148700 0.161300 0.138000 0.128200 0.161700 0.139600 0.120500 0.133600 0.180500 0.144200 0.148800 0.130700 0.149300 0.149300 0.156400 0.108000 0.085900 0.167000 0.109400 0.042200 0.120400 0.183100 0.144300 0.142100 0.167200 0.131700 0.157500 0.139600
Ibex 0.015000 0.289900 0.100800 0.270600 0.045300 0.020100 0.035700 0.062000 0.090200 0.154500 0.009900 0.083200 0.035500 0.040600 0.083800 0.094600 0.099900 0.100200 0.040600 0.090800 0.072700 0.014900 0.129700 0.148700 0.000000 0.077500 0.035600 0.090900 0.061500 0.090200 0.142000 0.041200 0.153400 0.030500 0.056400 0.088800 0.010000 0.050800 0.073100 0.153400 0.129700 0.082800 0.143100 0.137800 0.083900 0.078700 0.067200 0.083100 0.067000 0.128400 0.112400 0.090100
GyrantGaze 0.083200 0.319900 0.124000 0.270800 0.072700 0.088600 0.067800 0.035600 0.101800 0.161200 0.088300 0.094400 0.072500 0.077900 0.095500 0.035900 0.134200 0.134500 0.099600 0.119900 0.046300 0.082800 0.153800 0.161300 0.077500 0.000000 0.072900 0.113600 0.025300 0.113100 0.172500 0.057400 0.172200 0.078500 0.094400 0.100100 0.077800 0.077700 0.046600 0.178300 0.153900 0.005000 0.161700 0.150400 0.095200 0.106900 0.041000 0.105300 0.122600 0.140400 0.136000 0.113200
Hartebeest 0.040600 0.278600 0.090400 0.258900 0.051200 0.046200 0.041400 0.057300 0.079400 0.143100 0.046000 0.072900 0.010100 0.035800 0.073700 0.090000 0.089500 0.078800 0.046200 0.091600 0.068000 0.040700 0.124900 0.138000 0.035600 0.072900 0.000000 0.080000 0.067600 0.090900 0.130900 0.036400 0.142700 0.015200 0.030500 0.078500 0.035700 0.056800 0.068400 0.142700 0.119200 0.078200 0.131700 0.127000 0.073500 0.074000 0.062500 0.062000 0.067600 0.117900 0.113400 0.079700
Bongo 0.096300 0.241700 0.031200 0.241200 0.096600 0.102000 0.085800 0.097400 0.020800 0.152100 0.101600 0.068200 0.079900 0.085400 0.091500 0.132000 0.085000 0.090900 0.118900 0.031600 0.108700 0.095800 0.115200 0.128200 0.090900 0.113600 0.080000 0.000000 0.102300 0.031400 0.144900 0.086900 0.144900 0.085800 0.096300 0.073800 0.090900 0.102000 0.109400 0.133000 0.103500 0.119000 0.140300 0.117200 0.074500 0.121300 0.102900 0.084800 0.107500 0.108000 0.052700 0.031300
Gerenuk 0.067000 0.306000 0.112700 0.271200 0.056500 0.072400 0.057000 0.030700 0.090700 0.161400 0.072100 0.083600 0.067500 0.072700 0.084500 0.041100 0.122900 0.123200 0.094200 0.114200 0.041100 0.066700 0.142200 0.161700 0.061500 0.025300 0.067600 0.102300 0.000000 0.113400 0.160600 0.062900 0.166300 0.073100 0.089000 0.089200 0.061700 0.061700 0.041400 0.166400 0.142200 0.030400 0.143900 0.150600 0.084200 0.101400 0.035800 0.094400 0.100100 0.140600 0.136300 0.101900
CommonElan 0.096100 0.253300 0.041600 0.253700 0.096100 0.101700 0.097200 0.108500 0.031300 0.163600 0.101400 0.078900 0.090800 0.096300 0.102500 0.119700 0.107000 0.113200 0.118700 0.042000 0.119800 0.095600 0.138200 0.139600 0.090200 0.113100 0.090900 0.031400 0.113400 0.000000 0.168600 0.086600 0.168700 0.096700 0.107200 0.084600 0.090600 0.101600 0.120600 0.144200 0.126300 0.118600 0.164100 0.128500 0.085300 0.132600 0.113900 0.095600 0.118500 0.119000 0.052900 0.020600
MuntiacusR 0.147900 0.300700 0.155300 0.301600 0.148800 0.147600 0.144100 0.155800 0.156400 0.036200 0.141800 0.129900 0.130600 0.142700 0.143600 0.192400 0.129600 0.129600 0.160200 0.169900 0.155400 0.153400 0.067700 0.120500 0.142000 0.172500 0.130900 0.144900 0.160600 0.168600 0.000000 0.145200 0.218500 0.119900 0.148400 0.141800 0.148400 0.142300 0.168900 0.130800 0.068400 0.178300 0.036300 0.109600 0.142800 0.169400 0.143400 0.159500 0.154000 0.172900 0.174400 0.156300
HarveysDui 0.046600 0.289300 0.097400 0.254900 0.057500 0.052000 0.025900 0.052600 0.086600 0.145900 0.051800 0.079500 0.036300 0.030900 0.069300 0.074100 0.096400 0.096700 0.062500 0.098700 0.052300 0.046400 0.126800 0.133600 0.041200 0.057400 0.036400 0.086900 0.062900 0.086600 0.145200 0.000000 0.138500 0.041800 0.057300 0.084800 0.041400 0.062800 0.063500 0.150400 0.126900 0.062700 0.145800 0.122600 0.080100 0.069300 0.057800 0.079000 0.074000 0.113800 0.109300 0.086600
Pronghorn 0.159900 0.300600 0.155600 0.259600 0.160100 0.166000 0.119900 0.161800 0.144300 0.226100 0.165300 0.159300 0.142500 0.148200 0.161800 0.185400 0.129800 0.124400 0.183700 0.170100 0.185300 0.147300 0.186000 0.180500 0.153400 0.172200 0.142700 0.144900 0.166300 0.168700 0.218500 0.138500 0.000000 0.148900 0.141700 0.141200 0.154000 0.165900 0.167600 0.191800 0.186100 0.178000 0.212900 0.169700 0.142800 0.193800 0.179600 0.164300 0.165700 0.154500 0.193200 0.156300
BlueWildeb 0.046100 0.285900 0.096100 0.265700 0.057000 0.051200 0.046500 0.062800 0.085500 0.131800 0.040800 0.078500 0.015200 0.041100 0.079300 0.095700 0.095200 0.084100 0.062200 0.097400 0.073600 0.046000 0.130900 0.144200 0.030500 0.078500 0.015200 0.085800 0.073100 0.096700 0.119900 0.041800 0.148900 0.000000 0.046300 0.084000 0.041000 0.062200 0.074100 0.148900 0.125200 0.083800 0.120400 0.133200 0.078600 0.079300 0.067600 0.078300 0.061900 0.112500 0.107700 0.085400
Gemsbok 0.061800 0.303700 0.095500 0.270100 0.072700 0.067200 0.062500 0.078700 0.096000 0.161000 0.066900 0.094400 0.040900 0.056600 0.084300 0.100400 0.089200 0.089400 0.066900 0.108000 0.089200 0.051000 0.136000 0.148800 0.056400 0.094400 0.030500 0.096300 0.089000 0.107200 0.148400 0.057300 0.141700 0.046300 0.000000 0.099700 0.056600 0.078000 0.089800 0.165400 0.130200 0.099700 0.149000 0.137800 0.095100 0.084600 0.084000 0.083000 0.089000 0.128900 0.130000 0.084800
Yak 0.094600 0.234900 0.073200 0.217800 0.083700 0.100100 0.079000 0.095400 0.062700 0.160500 0.099800 0.035500 0.078400 0.072800 0.089700 0.117400 0.094400 0.100200 0.088700 0.085200 0.106100 0.094100 0.124000 0.130700 0.088800 0.100100 0.078500 0.073800 0.089200 0.084600 0.141800 0.084800 0.141200 0.084000 0.099700 0.000000 0.089100 0.078100 0.106400 0.123900 0.112600 0.105500 0.148500 0.119900 0.030600 0.124600 0.100800 0.082900 0.094300 0.117200 0.095500 0.073600
BlueSheep 0.015000 0.291300 0.101200 0.271100 0.045900 0.020100 0.035600 0.062500 0.090600 0.161100 0.020100 0.083700 0.035700 0.040700 0.084400 0.094900 0.100300 0.100500 0.040700 0.091300 0.073000 0.015000 0.130200 0.149300 0.010000 0.077800 0.035700 0.090900 0.061700 0.090600 0.148400 0.041400 0.154000 0.041000 0.056600 0.089100 0.000000 0.051100 0.073400 0.154100 0.130300 0.083100 0.149600 0.138400 0.084200 0.079000 0.067500 0.083300 0.078100 0.128900 0.124400 0.091200
BohorReedb 0.056100 0.291100 0.101100 0.237200 0.005000 0.056300 0.057000 0.073000 0.090400 0.167100 0.061400 0.061800 0.056700 0.061600 0.084300 0.083700 0.111500 0.111700 0.061700 0.113900 0.083700 0.056100 0.136000 0.149300 0.050800 0.077700 0.056800 0.102000 0.061700 0.101600 0.142300 0.062800 0.165900 0.062200 0.078000 0.078100 0.051100 0.000000 0.084300 0.142100 0.136100 0.083000 0.155500 0.138300 0.073100 0.084100 0.067400 0.083300 0.089000 0.128800 0.124200 0.090700
KirksDik 0.078800 0.308400 0.119900 0.287100 0.078900 0.084300 0.068700 0.031100 0.109000 0.169800 0.084000 0.101400 0.068400 0.073500 0.091200 0.063000 0.130200 0.130500 0.095100 0.121600 0.052200 0.078400 0.150000 0.156400 0.073100 0.046600 0.068400 0.109400 0.041400 0.120600 0.168900 0.063500 0.167600 0.074100 0.089800 0.106400 0.073400 0.084300 0.000000 0.174100 0.150100 0.051800 0.157400 0.145300 0.102200 0.102700 0.036300 0.100800 0.118500 0.148400 0.144000 0.109000
RoeDeer 0.147500 0.292600 0.149500 0.266000 0.142300 0.147200 0.143900 0.161600 0.144400 0.131500 0.165400 0.135700 0.142600 0.148300 0.155400 0.184800 0.141400 0.135900 0.171500 0.157700 0.172900 0.159100 0.096200 0.108000 0.153400 0.178300 0.142700 0.133000 0.166400 0.144200 0.130800 0.150400 0.191800 0.148900 0.165400 0.123900 0.154100 0.142100 0.174100 0.000000 0.096200 0.184100 0.119800 0.097200 0.125200 0.175400 0.149000 0.146900 0.160000 0.160500 0.174500 0.132300
WhiteLippe 0.129800 0.279700 0.125500 0.240000 0.130500 0.129500 0.125900 0.137400 0.114600 0.074300 0.141300 0.101100 0.119000 0.124700 0.113900 0.173100 0.112200 0.118300 0.153600 0.127300 0.149100 0.135300 0.020500 0.085900 0.129700 0.153900 0.119200 0.103500 0.142200 0.126300 0.068400 0.126900 0.186100 0.125200 0.130200 0.112600 0.130300 0.136100 0.150100 0.096200 0.000000 0.159500 0.063500 0.075200 0.113400 0.162700 0.125300 0.129600 0.141600 0.142300 0.149700 0.114600
ThomsonGaz 0.088400 0.312200 0.129400 0.264000 0.077700 0.093900 0.073000 0.041200 0.107200 0.166800 0.093600 0.099800 0.078100 0.083100 0.100700 0.041000 0.139700 0.140100 0.105000 0.125400 0.051500 0.088000 0.159400 0.167000 0.082800 0.005000 0.078200 0.119000 0.030400 0.118600 0.178300 0.062700 0.178000 0.083800 0.099700 0.105500 0.083100 0.083000 0.051800 0.184100 0.159500 0.000000 0.167500 0.156000 0.100500 0.101200 0.045900 0.110700 0.128000 0.146000 0.141600 0.118600
MuntiacusC 0.149000 0.325000 0.163000 0.281400 0.149800 0.148700 0.145200 0.145000 0.151800 0.031200 0.155000 0.137000 0.131600 0.143800 0.138900 0.180700 0.142600 0.136600 0.173000 0.165400 0.156300 0.154600 0.052700 0.109400 0.143100 0.161700 0.131700 0.140300 0.143900 0.164100 0.036300 0.145800 0.212900 0.120400 0.149000 0.148500 0.149600 0.155500 0.157400 0.119800 0.063500 0.167500 0.000000 0.098500 0.138100 0.170800 0.132600 0.142300 0.143300 0.156000 0.182500 0.151800
WhiteTaile 0.137800 0.255800 0.133800 0.222700 0.138500 0.137500 0.134000 0.145800 0.128600 0.098600 0.149600 0.120100 0.126900 0.132600 0.127800 0.169400 0.125700 0.120200 0.155700 0.141800 0.157100 0.143400 0.075200 0.042200 0.137800 0.150400 0.127000 0.117200 0.150600 0.128500 0.109600 0.122600 0.169700 0.133200 0.137800 0.119900 0.138400 0.138300 0.145300 0.097200 0.075200 0.156000 0.098500 0.000000 0.109600 0.171700 0.133300 0.131300 0.156100 0.132800 0.146400 0.128500
Cattle 0.089600 0.257800 0.073800 0.219800 0.078700 0.095200 0.079500 0.090500 0.063200 0.149600 0.094800 0.035700 0.073400 0.078700 0.090400 0.112900 0.095000 0.089700 0.100700 0.085900 0.101500 0.089100 0.113100 0.120400 0.083900 0.095200 0.073500 0.074500 0.084200 0.085300 0.142800 0.080100 0.142800 0.078600 0.095100 0.030600 0.084200 0.073100 0.102200 0.125200 0.113400 0.100500 0.138100 0.109600 0.000000 0.119600 0.095800 0.083800 0.106200 0.106600 0.096300 0.074200
RoyalAntel 0.084400 0.311400 0.131800 0.274200 0.078800 0.084400 0.074300 0.090900 0.120800 0.182800 0.089600 0.107200 0.073900 0.068200 0.091300 0.113400 0.124600 0.119200 0.089800 0.133600 0.090600 0.084000 0.162600 0.183100 0.078700 0.106900 0.074000 0.121300 0.101400 0.132600 0.169400 0.069300 0.193800 0.079300 0.084600 0.124600 0.079000 0.084100 0.102700 0.175400 0.162700 0.101200 0.170800 0.171700 0.119600 0.000000 0.085000 0.095600 0.090500 0.142600 0.156200 0.120800
Steenbok 0.072800 0.307700 0.113300 0.272500 0.062200 0.072800 0.062800 0.025700 0.102500 0.144100 0.078000 0.084000 0.062500 0.067500 0.073900 0.057300 0.123500 0.123800 0.078200 0.114500 0.046600 0.072400 0.125200 0.144300 0.067200 0.041000 0.062500 0.102900 0.035800 0.113900 0.143400 0.057800 0.179600 0.067600 0.084000 0.100800 0.067500 0.067400 0.036300 0.149000 0.125300 0.045900 0.132600 0.133300 0.095800 0.085000 0.000000 0.083800 0.100700 0.129700 0.137000 0.102500
Impala 0.088700 0.254400 0.095100 0.256100 0.078000 0.088800 0.078700 0.089500 0.084500 0.154300 0.093900 0.077700 0.072700 0.078000 0.067600 0.111300 0.105300 0.100000 0.077600 0.096400 0.089100 0.088300 0.129600 0.142100 0.083100 0.105300 0.062000 0.084800 0.094400 0.095600 0.159500 0.079000 0.164300 0.078300 0.083000 0.082900 0.083300 0.083300 0.100800 0.146900 0.129600 0.110700 0.142300 0.131300 0.083800 0.095600 0.083800 0.000000 0.083100 0.105600 0.106800 0.095600
Klipspring 0.083500 0.297100 0.117900 0.270000 0.083700 0.083500 0.073500 0.106600 0.107200 0.173200 0.077900 0.088700 0.067500 0.072800 0.089600 0.140900 0.111200 0.122900 0.083400 0.119400 0.117800 0.083100 0.153500 0.167200 0.067000 0.122600 0.067600 0.107500 0.100100 0.118500 0.154000 0.074000 0.165700 0.061900 0.089000 0.094300 0.078100 0.089000 0.118500 0.160000 0.141600 0.128000 0.143300 0.156100 0.106200 0.090500 0.100700 0.083100 0.000000 0.134100 0.129700 0.107100
ForestMusk 0.134600 0.270700 0.118400 0.245500 0.123200 0.135400 0.124400 0.135900 0.119000 0.155400 0.134000 0.111300 0.117700 0.123300 0.112600 0.135700 0.100500 0.100700 0.146300 0.131600 0.135600 0.111200 0.142200 0.131700 0.128400 0.140400 0.117900 0.108000 0.140600 0.119000 0.172900 0.113800 0.154500 0.112500 0.128900 0.117200 0.128900 0.128800 0.148400 0.160500 0.142300 0.146000 0.156000 0.132800 0.106600 0.142600 0.129700 0.105600 0.134100 0.000000 0.142100 0.119000
Bushbuck 0.118400 0.266800 0.041500 0.266700 0.130400 0.124200 0.120000 0.131500 0.041800 0.181900 0.123700 0.089700 0.113300 0.118800 0.119800 0.155000 0.129800 0.136100 0.141600 0.063900 0.143000 0.129400 0.161900 0.157500 0.112400 0.136000 0.113400 0.052700 0.136300 0.052900 0.174400 0.109300 0.193200 0.107700 0.130000 0.095500 0.124400 0.124200 0.144000 0.174500 0.149700 0.141600 0.182500 0.146400 0.096300 0.156200 0.137000 0.106800 0.129700 0.142100 0.000000 0.063300
GreaterKud 0.096000 0.253000 0.041600 0.240700 0.085000 0.101700 0.085900 0.097000 0.031200 0.163600 0.101300 0.068000 0.079600 0.085100 0.091200 0.119700 0.084600 0.090600 0.118600 0.042500 0.108300 0.095500 0.126300 0.139600 0.090100 0.113200 0.079700 0.031300 0.101900 0.020600 0.156300 0.086600 0.156300 0.085400 0.084800 0.073600 0.091200 0.090700 0.109000 0.132300 0.114600 0.118600 0.151800 0.128500 0.074200 0.120800 0.102500 0.095600 0.107100 0.119000 0.063300 0.000000
