1
52 1
Argali 0.000000 0.198000 0.018100 0.097000 0.018200 0.000100 0.000100 0.018400 0.056600 0.055000 0.018300 0.036000 0.056100 0.054500 0.037000 0.018000 0.087500 0.036400 0.037200 0.055300 0.056000 0.000100 0.055300 0.018200 0.018300 0.036200 0.056200 0.018200 0.017900 0.036800 0.075100 0.018200 0.037200 0.056200 0.056400 0.135300 0.000100 0.018400 0.075100 0.018400 0.036400 0.054700 0.055700 0.037300 0.074700 0.018600 0.037600 0.056600 0.000100 0.056400 0.018200 0.018200
LesserMous 0.198000 0.000000 0.220000 0.200300 0.221800 0.198000 0.198000 0.215500 0.274600 0.262900 0.225200 0.239800 0.267200 0.265500 0.246600 0.218800 0.210800 0.186100 0.250400 0.266900 0.271700 0.196400 0.265100 0.220200 0.225200 0.241400 0.267600 0.220400 0.218500 0.244500 0.291900 0.175300 0.152300 0.267600 0.267000 0.374100 0.240900 0.225300 0.245300 0.223900 0.240700 0.241200 0.265700 0.198700 0.291400 0.203900 0.251400 0.276300 0.197400 0.266700 0.220400 0.220400
LesserKudu 0.018100 0.220000 0.000000 0.116700 0.036800 0.018100 0.018100 0.037100 0.035700 0.082900 0.037100 0.052900 0.075500 0.073700 0.056000 0.036400 0.109300 0.054800 0.056400 0.035000 0.075400 0.018100 0.074100 0.036500 0.037100 0.054900 0.075700 0.000100 0.036300 0.017500 0.094400 0.036800 0.055900 0.075700 0.075800 0.151500 0.054900 0.037200 0.095000 0.036800 0.054800 0.073900 0.083000 0.056100 0.091500 0.031200 0.057000 0.076300 0.018100 0.075500 0.000100 0.000100
KillerWhal 0.097000 0.200300 0.116700 0.000000 0.118500 0.097000 0.097000 0.119600 0.163200 0.157000 0.119200 0.115300 0.162400 0.137000 0.119400 0.096700 0.198500 0.136700 0.141500 0.159100 0.141300 0.096800 0.158900 0.116900 0.119200 0.116800 0.162800 0.117200 0.096600 0.138600 0.180800 0.077300 0.139600 0.162800 0.163100 0.228200 0.136000 0.120000 0.183100 0.118500 0.137000 0.116600 0.159100 0.140000 0.159500 0.100100 0.119900 0.164200 0.096900 0.140200 0.117200 0.117200
DefassaWat 0.018200 0.221800 0.036800 0.118500 0.000000 0.018300 0.018300 0.037400 0.076800 0.074600 0.037200 0.054800 0.076100 0.074000 0.056400 0.036600 0.110400 0.055500 0.056800 0.075000 0.076000 0.018200 0.036900 0.036900 0.037200 0.055200 0.076300 0.036900 0.036500 0.056100 0.095500 0.037100 0.056700 0.076300 0.076500 0.157400 0.018100 0.000100 0.095400 0.037300 0.018200 0.074200 0.075600 0.056800 0.095000 0.037900 0.057300 0.076900 0.018100 0.076800 0.036900 0.036900
Sheep 0.000100 0.198000 0.018100 0.097000 0.018300 0.000000 0.000000 0.018400 0.056700 0.055100 0.018400 0.036000 0.055900 0.054600 0.037000 0.018000 0.089600 0.036400 0.037100 0.055300 0.056000 0.000100 0.055400 0.018200 0.018400 0.036200 0.056200 0.018200 0.018000 0.036800 0.075100 0.018200 0.037200 0.056200 0.056400 0.135400 0.000100 0.018400 0.075100 0.018400 0.036400 0.054800 0.055800 0.037300 0.074700 0.018600 0.037600 0.056600 0.000100 0.056500 0.018200 0.018200
MaxwellsDu 0.000100 0.198000 0.018100 0.097000 0.018300 0.000000 0.000000 0.018400 0.056700 0.055100 0.018400 0.036000 0.055200 0.054600 0.037000 0.018000 0.089600 0.036400 0.037100 0.055300 0.056000 0.000100 0.055400 0.018200 0.018400 0.036200 0.056200 0.018200 0.018000 0.036800 0.075100 0.017800 0.037200 0.056200 0.056400 0.135400 0.000100 0.018400 0.075100 0.018400 0.036400 0.054800 0.055800 0.037300 0.074700 0.018600 0.037600 0.056600 0.000100 0.056500 0.018200 0.018200
GazellaPrz 0.018400 0.215500 0.037100 0.119600 0.037400 0.018400 0.018400 0.000000 0.077300 0.075200 0.028900 0.055300 0.037400 0.074400 0.056800 0.036900 0.067800 0.055900 0.057200 0.075500 0.076600 0.018400 0.075800 0.024600 0.028900 0.055600 0.037400 0.037200 0.036800 0.056500 0.096200 0.037300 0.047400 0.037400 0.037500 0.153600 0.018300 0.026300 0.096000 0.025200 0.056100 0.074800 0.076200 0.046700 0.095700 0.038200 0.057800 0.077400 0.018400 0.037700 0.037200 0.037200
MountainNy 0.056600 0.274600 0.035700 0.163200 0.076800 0.056700 0.056700 0.077300 0.000000 0.125800 0.077400 0.091600 0.076700 0.115000 0.097300 0.075700 0.153900 0.095100 0.057300 0.072400 0.076600 0.056500 0.116100 0.076100 0.077400 0.095200 0.076900 0.035700 0.075600 0.054200 0.137800 0.076600 0.097200 0.076900 0.077000 0.153400 0.095400 0.077800 0.138500 0.076900 0.095400 0.115400 0.126700 0.097600 0.133100 0.074400 0.099000 0.119700 0.056600 0.118400 0.035200 0.035700
MuntiacusM 0.055000 0.262900 0.082900 0.157000 0.074600 0.055100 0.055100 0.075200 0.125800 0.000000 0.075300 0.101200 0.114900 0.111900 0.094500 0.073600 0.149100 0.092400 0.095300 0.123500 0.114800 0.054900 0.073700 0.036200 0.075300 0.092600 0.115100 0.081900 0.073500 0.102900 0.017600 0.074500 0.094200 0.115100 0.115100 0.214200 0.091300 0.075600 0.093700 0.074700 0.054500 0.107300 0.000100 0.055600 0.164400 0.076100 0.096200 0.116100 0.055000 0.115000 0.081900 0.081900
goat 0.018300 0.225200 0.037100 0.119200 0.037200 0.018400 0.018400 0.028900 0.077400 0.075300 0.000000 0.055300 0.074700 0.074500 0.056800 0.036800 0.104800 0.055900 0.057200 0.056100 0.076400 0.018300 0.075700 0.037200 0.000000 0.055600 0.073700 0.037200 0.036800 0.056500 0.096300 0.037200 0.056900 0.073700 0.073800 0.159000 0.018300 0.037700 0.096200 0.037600 0.056000 0.074800 0.076300 0.057200 0.095900 0.038100 0.057800 0.077300 0.018300 0.071600 0.037200 0.037200
AfricanBuf 0.036000 0.239800 0.052900 0.115300 0.054800 0.036000 0.036000 0.055300 0.091600 0.101200 0.055300 0.000000 0.093800 0.054100 0.036400 0.017800 0.126100 0.072600 0.074700 0.090000 0.055200 0.035800 0.092300 0.054400 0.055300 0.035700 0.094000 0.053000 0.017800 0.071500 0.112900 0.054700 0.073900 0.094000 0.094000 0.090200 0.070100 0.055400 0.113400 0.054800 0.072700 0.054100 0.101700 0.074300 0.035000 0.055900 0.055900 0.094700 0.035900 0.093800 0.053000 0.053000
Topi 0.056100 0.267200 0.075500 0.162400 0.076100 0.055900 0.055200 0.037400 0.076700 0.114900 0.074700 0.093800 0.000000 0.113700 0.096400 0.074900 0.110700 0.094600 0.056000 0.115400 0.075900 0.056000 0.115700 0.069400 0.074700 0.094200 0.000100 0.075600 0.074800 0.095900 0.137200 0.075700 0.091500 0.000100 0.037200 0.153700 0.055800 0.072700 0.137000 0.070500 0.095100 0.114100 0.116400 0.091000 0.136400 0.077800 0.098000 0.118400 0.056000 0.076700 0.075600 0.075600
CommonDuik 0.054500 0.265500 0.073700 0.137000 0.074000 0.054600 0.054600 0.074400 0.115000 0.111900 0.074500 0.054100 0.113700 0.000000 0.055200 0.035800 0.149300 0.092500 0.094300 0.112700 0.074200 0.054500 0.092800 0.073800 0.074500 0.054100 0.114000 0.073800 0.035800 0.093500 0.133900 0.073800 0.093800 0.114000 0.114000 0.155000 0.054300 0.074900 0.092200 0.074300 0.092400 0.072800 0.113500 0.094500 0.093600 0.075600 0.095200 0.114900 0.054500 0.114400 0.073800 0.073800
Suni 0.037000 0.246600 0.056000 0.119400 0.056400 0.037000 0.037000 0.056800 0.097300 0.094500 0.056800 0.036400 0.096400 0.055200 0.000000 0.018200 0.131700 0.074800 0.076700 0.095100 0.056600 0.036900 0.095200 0.056100 0.056800 0.036600 0.096600 0.056100 0.018100 0.075800 0.116200 0.056300 0.076300 0.096600 0.096700 0.137000 0.036800 0.057100 0.116100 0.056600 0.075100 0.055300 0.095700 0.076700 0.075600 0.057600 0.077400 0.057200 0.036900 0.097000 0.056100 0.056100
Springbuck 0.018000 0.218800 0.036400 0.096700 0.036600 0.018000 0.018000 0.036900 0.075700 0.073600 0.036800 0.017800 0.074900 0.035800 0.018200 0.000000 0.108700 0.054600 0.055900 0.074100 0.036700 0.017900 0.074100 0.036400 0.036800 0.017800 0.075100 0.036400 0.000100 0.055300 0.094300 0.036500 0.055800 0.075100 0.075200 0.114400 0.017900 0.037000 0.094200 0.036700 0.054800 0.036000 0.074600 0.056000 0.055400 0.037300 0.056500 0.075600 0.017900 0.075400 0.036400 0.036400
Okapi 0.087500 0.210800 0.109300 0.198500 0.110400 0.089600 0.089600 0.067800 0.153900 0.149100 0.104800 0.126100 0.110700 0.149300 0.131700 0.108700 0.000000 0.092500 0.133300 0.150200 0.152800 0.088800 0.150300 0.102100 0.104800 0.128800 0.110500 0.109000 0.108300 0.130100 0.172400 0.110500 0.039700 0.110500 0.110800 0.236600 0.129000 0.104100 0.130000 0.103900 0.129000 0.149300 0.150500 0.080300 0.172000 0.112500 0.133100 0.154700 0.086700 0.111400 0.109000 0.109000
Giraffe 0.036400 0.186100 0.054800 0.136700 0.055500 0.036400 0.036400 0.055900 0.095100 0.092400 0.055900 0.072600 0.094600 0.092500 0.074800 0.054600 0.092500 0.000000 0.075500 0.092900 0.094600 0.036300 0.092900 0.054900 0.055900 0.073200 0.094900 0.054900 0.054500 0.074000 0.113400 0.055200 0.036500 0.094900 0.095000 0.175700 0.069000 0.056200 0.074400 0.036400 0.073400 0.092500 0.093600 0.075100 0.112800 0.056600 0.076200 0.095700 0.036400 0.094800 0.054900 0.054900
TibetanAnt 0.037200 0.250400 0.056400 0.141500 0.056800 0.037100 0.037100 0.057200 0.057300 0.095300 0.057200 0.074700 0.056000 0.094300 0.076700 0.055900 0.133300 0.075500 0.000000 0.095700 0.056600 0.037200 0.096000 0.056700 0.057200 0.075000 0.056800 0.056500 0.055900 0.076300 0.117100 0.056500 0.077100 0.056800 0.057000 0.136900 0.037000 0.057600 0.116900 0.057300 0.075700 0.094700 0.096600 0.077500 0.116000 0.058100 0.078100 0.098100 0.037200 0.097900 0.056500 0.056500
Sitatunga 0.055300 0.266900 0.035000 0.159100 0.075000 0.055300 0.055300 0.075500 0.072400 0.123500 0.056100 0.090000 0.115400 0.112700 0.095100 0.074100 0.150200 0.092900 0.095700 0.000000 0.115300 0.055200 0.113600 0.074400 0.056100 0.093200 0.115700 0.034600 0.074000 0.053100 0.135000 0.074800 0.094800 0.115700 0.115700 0.194100 0.093200 0.075900 0.135400 0.075000 0.093300 0.112900 0.124300 0.095400 0.130900 0.072300 0.096600 0.116700 0.055300 0.075400 0.034900 0.034800
Oribi 0.056000 0.271700 0.075400 0.141300 0.076000 0.056000 0.056000 0.076600 0.076600 0.114800 0.076400 0.055200 0.075900 0.074200 0.056600 0.036700 0.152800 0.094600 0.056600 0.115300 0.000000 0.055900 0.115600 0.075700 0.076400 0.055400 0.076000 0.075500 0.036700 0.095800 0.137200 0.075900 0.096600 0.076000 0.076200 0.074900 0.055700 0.076900 0.137000 0.076500 0.095000 0.074500 0.116300 0.097100 0.095500 0.077600 0.098000 0.118200 0.055900 0.117900 0.075500 0.075500
BarbaryShe 0.000100 0.196400 0.018100 0.096800 0.018200 0.000100 0.000100 0.018400 0.056500 0.054900 0.018300 0.035800 0.056000 0.054500 0.036900 0.017900 0.088800 0.036300 0.037200 0.055200 0.055900 0.000000 0.055200 0.018100 0.018300 0.036100 0.056100 0.018100 0.017900 0.036700 0.074900 0.018200 0.037100 0.056100 0.056300 0.134900 0.000100 0.018400 0.074900 0.018300 0.036300 0.054700 0.055600 0.037200 0.074500 0.018600 0.037600 0.056500 0.000200 0.056400 0.018100 0.018100
Daviddeer 0.055300 0.265100 0.074100 0.158900 0.036900 0.055400 0.055400 0.075800 0.116100 0.073700 0.075700 0.092300 0.115700 0.092800 0.095200 0.074100 0.150300 0.092900 0.096000 0.113600 0.115600 0.055200 0.000000 0.036400 0.075700 0.093200 0.116000 0.074200 0.074000 0.094200 0.094100 0.075000 0.094600 0.116000 0.116000 0.198900 0.092700 0.037400 0.094200 0.075100 0.017900 0.112700 0.074700 0.055800 0.133400 0.076700 0.096800 0.117000 0.055300 0.116000 0.074200 0.074200
Reindeer 0.018200 0.220200 0.036500 0.116900 0.036900 0.018200 0.018200 0.024600 0.076100 0.036200 0.037200 0.054400 0.069400 0.073800 0.056100 0.036400 0.102100 0.054900 0.056700 0.074400 0.075700 0.018100 0.036400 0.000000 0.037200 0.055000 0.068800 0.036600 0.036300 0.055600 0.055500 0.036900 0.055900 0.068800 0.068800 0.156000 0.049400 0.037400 0.055700 0.037000 0.018000 0.074000 0.036700 0.018300 0.093600 0.037700 0.057300 0.076600 0.018200 0.070100 0.036600 0.036600
Ibex 0.018300 0.225200 0.037100 0.119200 0.037200 0.018400 0.018400 0.028900 0.077400 0.075300 0.000000 0.055300 0.074700 0.074500 0.056800 0.036800 0.104800 0.055900 0.057200 0.056100 0.076400 0.018300 0.075700 0.037200 0.000000 0.055600 0.073700 0.037200 0.036800 0.056500 0.096300 0.037200 0.056900 0.073700 0.073800 0.159000 0.018300 0.037700 0.096200 0.037600 0.056000 0.074800 0.076300 0.057200 0.095900 0.038100 0.057800 0.077300 0.018300 0.071600 0.037200 0.037200
GyrantGaze 0.036200 0.241400 0.054900 0.116800 0.055200 0.036200 0.036200 0.055600 0.095200 0.092600 0.055600 0.035700 0.094200 0.054100 0.036600 0.017800 0.128800 0.073200 0.075000 0.093200 0.055400 0.036100 0.093200 0.055000 0.055600 0.000000 0.094400 0.054900 0.017800 0.074200 0.113800 0.055100 0.074800 0.094400 0.094600 0.134300 0.036000 0.055800 0.113700 0.055400 0.073500 0.017700 0.093800 0.075100 0.074200 0.056300 0.075800 0.095200 0.036100 0.094800 0.054900 0.054900
Hartebeest 0.056200 0.267600 0.075700 0.162800 0.076300 0.056200 0.056200 0.037400 0.076900 0.115100 0.073700 0.094000 0.000100 0.114000 0.096600 0.075100 0.110500 0.094900 0.056800 0.115700 0.076000 0.056100 0.116000 0.068800 0.073700 0.094400 0.000000 0.075700 0.074900 0.096100 0.137600 0.076100 0.091000 0.000000 0.037300 0.153600 0.055900 0.071800 0.137400 0.069900 0.095400 0.114400 0.116700 0.090600 0.136900 0.077900 0.098200 0.118500 0.056100 0.076800 0.075700 0.075700
Bongo 0.018200 0.220400 0.000100 0.117200 0.036900 0.018200 0.018200 0.037200 0.035700 0.081900 0.037200 0.053000 0.075600 0.073800 0.056100 0.036400 0.109000 0.054900 0.056500 0.034600 0.075500 0.018100 0.074200 0.036600 0.037200 0.054900 0.075700 0.000000 0.036300 0.017300 0.094500 0.036800 0.056000 0.075700 0.075900 0.151800 0.054000 0.037300 0.095100 0.036900 0.054900 0.074000 0.082200 0.056200 0.091600 0.030000 0.057100 0.076400 0.018100 0.075600 0.000000 0.000000
Gerenuk 0.017900 0.218500 0.036300 0.096600 0.036500 0.018000 0.018000 0.036800 0.075600 0.073500 0.036800 0.017800 0.074800 0.035800 0.018100 0.000100 0.108300 0.054500 0.055900 0.074000 0.036700 0.017900 0.074000 0.036300 0.036800 0.017800 0.074900 0.036300 0.000000 0.055300 0.094200 0.036500 0.055700 0.074900 0.075200 0.114300 0.017800 0.036900 0.094100 0.036600 0.054700 0.035900 0.074500 0.055900 0.055300 0.037200 0.056500 0.075500 0.017800 0.075300 0.036300 0.036300
CommonElan 0.036800 0.244500 0.017500 0.138600 0.056100 0.036800 0.036800 0.056500 0.054200 0.102900 0.056500 0.071500 0.095900 0.093500 0.075800 0.055300 0.130100 0.074000 0.076300 0.053100 0.095800 0.036700 0.094200 0.055600 0.056500 0.074200 0.096100 0.017300 0.055300 0.000000 0.115000 0.056000 0.075600 0.096100 0.096200 0.173300 0.074000 0.056800 0.115600 0.056100 0.074300 0.093700 0.103400 0.075900 0.111400 0.000400 0.077100 0.096900 0.036700 0.095900 0.017400 0.017400
MuntiacusR 0.075100 0.291900 0.094400 0.180800 0.095500 0.075100 0.075100 0.096200 0.137800 0.017600 0.096300 0.112900 0.137200 0.133900 0.116200 0.094300 0.172400 0.113400 0.117100 0.135000 0.137200 0.074900 0.094100 0.055500 0.096300 0.113800 0.137600 0.094500 0.094200 0.115000 0.000000 0.095300 0.115500 0.137600 0.137500 0.223800 0.113100 0.096700 0.115200 0.095400 0.074200 0.129700 0.017800 0.075800 0.155700 0.097500 0.118300 0.138800 0.075000 0.137300 0.094500 0.094500
HarveysDui 0.018200 0.175300 0.036800 0.077300 0.037100 0.018200 0.017800 0.037300 0.076600 0.074500 0.037200 0.054700 0.075700 0.073800 0.056300 0.036500 0.110500 0.055200 0.056500 0.074800 0.075900 0.018200 0.075000 0.036900 0.037200 0.055100 0.076100 0.036800 0.036500 0.056000 0.095300 0.000000 0.056400 0.076100 0.076300 0.157000 0.018100 0.037500 0.095200 0.037200 0.055500 0.074000 0.075500 0.056700 0.094700 0.037800 0.057200 0.076700 0.018200 0.076600 0.036800 0.036800
Pronghorn 0.037200 0.152300 0.055900 0.139600 0.056700 0.037200 0.037200 0.047400 0.097200 0.094200 0.056900 0.073900 0.091500 0.093800 0.076300 0.055800 0.039700 0.036500 0.077100 0.094800 0.096600 0.037100 0.094600 0.055900 0.056900 0.074800 0.091000 0.056000 0.055700 0.075600 0.115500 0.056400 0.000000 0.091000 0.091200 0.178400 0.072300 0.057300 0.075600 0.056600 0.074700 0.094300 0.095300 0.037200 0.114800 0.057900 0.078000 0.097800 0.037100 0.092100 0.056000 0.056000
BlueWildeb 0.056200 0.267600 0.075700 0.162800 0.076300 0.056200 0.056200 0.037400 0.076900 0.115100 0.073700 0.094000 0.000100 0.114000 0.096600 0.075100 0.110500 0.094900 0.056800 0.115700 0.076000 0.056100 0.116000 0.068800 0.073700 0.094400 0.000000 0.075700 0.074900 0.096100 0.137600 0.076100 0.091000 0.000000 0.037300 0.153600 0.055900 0.071800 0.137400 0.069900 0.095400 0.114400 0.116700 0.090600 0.136900 0.077900 0.098200 0.118500 0.056100 0.076800 0.075700 0.075700
Gemsbok 0.056400 0.267000 0.075800 0.163100 0.076500 0.056400 0.056400 0.037500 0.077000 0.115100 0.073800 0.094000 0.037200 0.114000 0.096700 0.075200 0.110800 0.095000 0.057000 0.115700 0.076200 0.056300 0.116000 0.068800 0.073800 0.094600 0.037300 0.075900 0.075200 0.096200 0.137500 0.076300 0.091200 0.037300 0.000000 0.153400 0.056100 0.072000 0.137500 0.070000 0.095400 0.114600 0.116700 0.090600 0.136700 0.078100 0.098500 0.119000 0.056300 0.077000 0.075900 0.075900
Yak 0.135300 0.374100 0.151500 0.228200 0.157400 0.135400 0.135400 0.153600 0.153400 0.214200 0.159000 0.090200 0.153700 0.155000 0.137000 0.114400 0.236600 0.175700 0.136900 0.194100 0.074900 0.134900 0.198900 0.156000 0.159000 0.134300 0.153600 0.151800 0.114300 0.173300 0.223800 0.157000 0.178400 0.153600 0.153400 0.000000 0.176800 0.159400 0.224800 0.157000 0.176000 0.155300 0.216100 0.180300 0.053500 0.161000 0.161100 0.205300 0.135300 0.199400 0.151800 0.151800
BlueSheep 0.000100 0.240900 0.054900 0.136000 0.018100 0.000100 0.000100 0.018300 0.095400 0.091300 0.018300 0.070100 0.055800 0.054300 0.036800 0.017900 0.129000 0.069000 0.037000 0.093200 0.055700 0.000100 0.092700 0.049400 0.018300 0.036000 0.055900 0.054000 0.017800 0.074000 0.113100 0.018100 0.072300 0.055900 0.056100 0.176800 0.000000 0.018300 0.074700 0.049900 0.072400 0.054500 0.091600 0.071000 0.112600 0.018500 0.037400 0.056300 0.000200 0.095200 0.054000 0.054000
BohorReedb 0.018400 0.225300 0.037200 0.120000 0.000100 0.018400 0.018400 0.026300 0.077800 0.075600 0.037700 0.055400 0.072700 0.074900 0.057100 0.037000 0.104100 0.056200 0.057600 0.075900 0.076900 0.018400 0.037400 0.037400 0.037700 0.055800 0.071800 0.037300 0.036900 0.056800 0.096700 0.037500 0.057300 0.071800 0.072000 0.159400 0.018300 0.000000 0.096600 0.037800 0.018500 0.075100 0.076600 0.057500 0.096200 0.038300 0.058100 0.077800 0.018300 0.071000 0.037300 0.037300
KirksDik 0.075100 0.245300 0.095000 0.183100 0.095400 0.075100 0.075100 0.096000 0.138500 0.093700 0.096200 0.113400 0.137000 0.092200 0.116100 0.094200 0.130000 0.074400 0.116900 0.135400 0.137000 0.074900 0.094200 0.055700 0.096200 0.113700 0.137400 0.095100 0.094100 0.115600 0.115200 0.095200 0.075600 0.137400 0.137500 0.224800 0.074700 0.096600 0.000000 0.096000 0.074400 0.134100 0.094900 0.076200 0.157300 0.097600 0.118000 0.138600 0.075000 0.137900 0.095100 0.095100
RoeDeer 0.018400 0.223900 0.036800 0.118500 0.037300 0.018400 0.018400 0.025200 0.076900 0.074700 0.037600 0.054800 0.070500 0.074300 0.056600 0.036700 0.103900 0.036400 0.057300 0.075000 0.076500 0.018300 0.075100 0.037000 0.037600 0.055400 0.069900 0.036900 0.036600 0.056100 0.095400 0.037200 0.056600 0.069900 0.070000 0.157000 0.049900 0.037800 0.096000 0.000000 0.055600 0.074600 0.075700 0.056800 0.109900 0.038100 0.057900 0.077500 0.018400 0.071200 0.036900 0.036900
WhiteLippe 0.036400 0.240700 0.054800 0.137000 0.018200 0.036400 0.036400 0.056100 0.095400 0.054500 0.056000 0.072700 0.095100 0.092400 0.075100 0.054800 0.129000 0.073400 0.075700 0.093300 0.095000 0.036300 0.017900 0.018000 0.056000 0.073500 0.095400 0.054900 0.054700 0.074300 0.074200 0.055500 0.074700 0.095400 0.095400 0.176000 0.072400 0.018500 0.074400 0.055600 0.000000 0.092600 0.055200 0.036700 0.112600 0.056700 0.076400 0.096100 0.036300 0.095300 0.054900 0.054900
ThomsonGaz 0.054700 0.241200 0.073900 0.116600 0.074200 0.054800 0.054800 0.074800 0.115400 0.107300 0.074800 0.054100 0.114100 0.072800 0.055300 0.036000 0.149300 0.092500 0.094700 0.112900 0.074500 0.054700 0.112700 0.074000 0.074800 0.017700 0.114400 0.074000 0.035900 0.093700 0.129700 0.074000 0.094300 0.114400 0.114600 0.155300 0.054500 0.075100 0.134100 0.074600 0.092600 0.000000 0.108300 0.094800 0.093700 0.075800 0.092700 0.115300 0.054700 0.114700 0.074000 0.074000
MuntiacusC 0.055700 0.265700 0.083000 0.159100 0.075600 0.055800 0.055800 0.076200 0.126700 0.000100 0.076300 0.101700 0.116400 0.113500 0.095700 0.074600 0.150500 0.093600 0.096600 0.124300 0.116300 0.055600 0.074700 0.036700 0.076300 0.093800 0.116700 0.082200 0.074500 0.103400 0.017800 0.075500 0.095300 0.116700 0.116700 0.216100 0.091600 0.076600 0.094900 0.075700 0.055200 0.108300 0.000000 0.056300 0.146000 0.077200 0.097600 0.117700 0.055700 0.116600 0.082200 0.082200
WhiteTaile 0.037300 0.198700 0.056100 0.140000 0.056800 0.037300 0.037300 0.046700 0.097600 0.055600 0.057200 0.074300 0.091000 0.094500 0.076700 0.056000 0.080300 0.075100 0.077500 0.095400 0.097100 0.037200 0.055800 0.018300 0.057200 0.075100 0.090600 0.056200 0.055900 0.075900 0.075800 0.056700 0.037200 0.090600 0.090600 0.180300 0.071000 0.057500 0.076200 0.056800 0.036700 0.094800 0.056300 0.000000 0.115200 0.058100 0.078300 0.098300 0.037200 0.091500 0.056200 0.056200
Cattle 0.074700 0.291400 0.091500 0.159500 0.095000 0.074700 0.074700 0.095700 0.133100 0.164400 0.095900 0.035000 0.136400 0.093600 0.075600 0.055400 0.172000 0.112800 0.116000 0.130900 0.095500 0.074500 0.133400 0.093600 0.095900 0.074200 0.136900 0.091600 0.055300 0.111400 0.155700 0.094700 0.114800 0.136900 0.136700 0.053500 0.112600 0.096200 0.157300 0.109900 0.112600 0.093700 0.146000 0.115200 0.000000 0.097000 0.097000 0.138100 0.074600 0.136300 0.091600 0.091600
RoyalAntel 0.018600 0.203900 0.031200 0.100100 0.037900 0.018600 0.018600 0.038200 0.074400 0.076100 0.038100 0.055900 0.077800 0.075600 0.057600 0.037300 0.112500 0.056600 0.058100 0.072300 0.077600 0.018600 0.076700 0.037700 0.038100 0.056300 0.077900 0.030000 0.037200 0.000400 0.097500 0.037800 0.057900 0.077900 0.078100 0.161000 0.018500 0.038300 0.097600 0.038100 0.056700 0.075800 0.077200 0.058100 0.097000 0.000000 0.058600 0.078500 0.018600 0.078300 0.030000 0.030000
Steenbok 0.037600 0.251400 0.057000 0.119900 0.057300 0.037600 0.037600 0.057800 0.099000 0.096200 0.057800 0.055900 0.098000 0.095200 0.077400 0.056500 0.133100 0.076200 0.078100 0.096600 0.098000 0.037600 0.096800 0.057300 0.057800 0.075800 0.098200 0.057100 0.056500 0.077100 0.118300 0.057200 0.078000 0.098200 0.098500 0.161100 0.037400 0.058100 0.118000 0.057900 0.076400 0.092700 0.097600 0.078300 0.097000 0.058600 0.000000 0.099100 0.037600 0.057800 0.057100 0.057100
Impala 0.056600 0.276300 0.076300 0.164200 0.076900 0.056600 0.056600 0.077400 0.119700 0.116100 0.077300 0.094700 0.118400 0.114900 0.057200 0.075600 0.154700 0.095700 0.098100 0.116700 0.118200 0.056500 0.117000 0.076600 0.077300 0.095200 0.118500 0.076400 0.075500 0.096900 0.138800 0.076700 0.097800 0.118500 0.119000 0.205300 0.056300 0.077800 0.138600 0.077500 0.096100 0.115300 0.117700 0.098300 0.138100 0.078500 0.099100 0.000000 0.056500 0.119300 0.076400 0.076400
Klipspring 0.000100 0.197400 0.018100 0.096900 0.018100 0.000100 0.000100 0.018400 0.056600 0.055000 0.018300 0.035900 0.056000 0.054500 0.036900 0.017900 0.086700 0.036400 0.037200 0.055300 0.055900 0.000200 0.055300 0.018200 0.018300 0.036100 0.056100 0.018100 0.017800 0.036700 0.075000 0.018200 0.037100 0.056100 0.056300 0.135300 0.000200 0.018300 0.075000 0.018400 0.036300 0.054700 0.055700 0.037200 0.074600 0.018600 0.037600 0.056500 0.000000 0.056400 0.018100 0.018100
ForestMusk 0.056400 0.266700 0.075500 0.140200 0.076800 0.056500 0.056500 0.037700 0.118400 0.115000 0.071600 0.093800 0.076700 0.114400 0.097000 0.075400 0.111400 0.094800 0.097900 0.075400 0.117900 0.056400 0.116000 0.070100 0.071600 0.094800 0.076800 0.075600 0.075300 0.095900 0.137300 0.076600 0.092100 0.076800 0.077000 0.199400 0.095200 0.071000 0.137900 0.071200 0.095300 0.114700 0.116600 0.091500 0.136300 0.078300 0.057800 0.119300 0.056400 0.000000 0.075600 0.075600
Bushbuck 0.018200 0.220400 0.000100 0.117200 0.036900 0.018200 0.018200 0.037200 0.035200 0.081900 0.037200 0.053000 0.075600 0.073800 0.056100 0.036400 0.109000 0.054900 0.056500 0.034900 0.075500 0.018100 0.074200 0.036600 0.037200 0.054900 0.075700 0.000000 0.036300 0.017400 0.094500 0.036800 0.056000 0.075700 0.075900 0.151800 0.054000 0.037300 0.095100 0.036900 0.054900 0.074000 0.082200 0.056200 0.091600 0.030000 0.057100 0.076400 0.018100 0.075600 0.000000 0.000000
GreaterKud 0.018200 0.220400 0.000100 0.117200 0.036900 0.018200 0.018200 0.037200 0.035700 0.081900 0.037200 0.053000 0.075600 0.073800 0.056100 0.036400 0.109000 0.054900 0.056500 0.034800 0.075500 0.018100 0.074200 0.036600 0.037200 0.054900 0.075700 0.000000 0.036300 0.017400 0.094500 0.036800 0.056000 0.075700 0.075900 0.151800 0.054000 0.037300 0.095100 0.036900 0.054900 0.074000 0.082200 0.056200 0.091600 0.030000 0.057100 0.076400 0.018100 0.075600 0.000000 0.000000
