1
52 1
Argali 0.000000 0.160100 0.046300 0.128200 0.030100 0.005200 0.033600 0.033700 0.046400 0.057500 0.015700 0.040800 0.024500 0.028200 0.044500 0.033600 0.053800 0.046400 0.019200 0.044600 0.024600 0.012200 0.046500 0.052200 0.017500 0.026400 0.022700 0.048300 0.033600 0.044700 0.059300 0.040800 0.057000 0.024500 0.026300 0.039000 0.013900 0.033700 0.030000 0.057400 0.054000 0.024600 0.061200 0.050200 0.039000 0.033600 0.037200 0.035500 0.026400 0.049900 0.042900 0.053900
LesserMous 0.160100 0.000000 0.159700 0.135800 0.162900 0.166600 0.162400 0.160500 0.159700 0.171200 0.157900 0.153800 0.157500 0.160100 0.166300 0.162400 0.164800 0.156200 0.159700 0.157800 0.157900 0.155500 0.163000 0.167700 0.157800 0.153600 0.155400 0.162200 0.160100 0.158000 0.173400 0.175100 0.164100 0.162000 0.159600 0.151700 0.157700 0.166900 0.162200 0.172500 0.171900 0.155800 0.175600 0.167300 0.151500 0.170600 0.162400 0.156300 0.164200 0.168400 0.156100 0.168800
LesserKudu 0.046300 0.159700 0.000000 0.121200 0.041000 0.051900 0.040900 0.044600 0.005200 0.053800 0.039000 0.029700 0.048000 0.035400 0.042600 0.040900 0.050100 0.044600 0.048100 0.001700 0.035400 0.040800 0.041000 0.052200 0.040800 0.037200 0.046200 0.005200 0.044500 0.001700 0.055600 0.048100 0.055000 0.048100 0.046200 0.027800 0.042600 0.044600 0.040800 0.053700 0.048400 0.039000 0.057500 0.053900 0.027800 0.044500 0.044500 0.039100 0.044400 0.044400 0.003500 0.010400
KillerWhal 0.128200 0.135800 0.121200 0.000000 0.119900 0.134500 0.119900 0.116200 0.121400 0.126400 0.119900 0.109300 0.125600 0.119800 0.128100 0.115800 0.115900 0.107800 0.121900 0.119400 0.115600 0.121700 0.110200 0.118700 0.121900 0.119700 0.123600 0.123700 0.113800 0.119600 0.124200 0.134300 0.115500 0.117800 0.123700 0.105300 0.123500 0.124000 0.117700 0.119500 0.118600 0.117700 0.130600 0.120400 0.105200 0.121700 0.117900 0.114100 0.125800 0.115300 0.117700 0.121800
DefassaWat 0.030100 0.162900 0.041000 0.119900 0.000000 0.035500 0.021100 0.021200 0.041000 0.052100 0.019300 0.035500 0.028200 0.019300 0.035500 0.024700 0.048400 0.041000 0.028300 0.039200 0.015800 0.021100 0.041100 0.050500 0.021100 0.021100 0.026400 0.042900 0.024700 0.039300 0.053900 0.031900 0.051500 0.028300 0.026400 0.033700 0.022900 0.007000 0.021100 0.048300 0.048100 0.019300 0.055800 0.052200 0.033600 0.024700 0.026500 0.023000 0.024700 0.048200 0.037500 0.048500
Sheep 0.005200 0.166600 0.051900 0.134500 0.035500 0.000000 0.039100 0.039200 0.051900 0.063100 0.021000 0.046300 0.029800 0.033600 0.050000 0.039100 0.059400 0.052000 0.024600 0.050200 0.030000 0.017400 0.052100 0.057800 0.022800 0.031800 0.028100 0.053900 0.039000 0.050200 0.065000 0.046300 0.058800 0.029900 0.031600 0.044500 0.019200 0.039100 0.035400 0.063000 0.059600 0.030000 0.066900 0.055700 0.044400 0.039000 0.042700 0.040900 0.031800 0.055400 0.048400 0.059500
MaxwellsDu 0.033600 0.162400 0.040900 0.119900 0.021100 0.039100 0.000000 0.024700 0.040900 0.055700 0.022900 0.039000 0.031700 0.012200 0.039000 0.024700 0.044600 0.044600 0.031800 0.039100 0.019300 0.024600 0.044700 0.054100 0.024600 0.017500 0.029900 0.042800 0.028200 0.039200 0.057500 0.021100 0.055100 0.028200 0.029900 0.037200 0.026400 0.024700 0.021000 0.051900 0.052200 0.019300 0.059400 0.055800 0.037200 0.024600 0.030000 0.026500 0.028200 0.051700 0.037400 0.048400
GazellaPrz 0.033700 0.160500 0.044600 0.116200 0.021200 0.039200 0.024700 0.000000 0.044700 0.055800 0.022900 0.039100 0.031800 0.022900 0.039100 0.021100 0.052100 0.041000 0.028300 0.042900 0.012200 0.024700 0.044800 0.054200 0.024700 0.019300 0.030000 0.046600 0.021100 0.042900 0.057600 0.035500 0.055200 0.031900 0.030000 0.037300 0.026500 0.024800 0.017500 0.052000 0.052300 0.017500 0.059600 0.055900 0.037200 0.028300 0.022900 0.026600 0.028200 0.051800 0.041200 0.048500
MountainNy 0.046400 0.159700 0.005200 0.121400 0.041000 0.051900 0.040900 0.044700 0.000000 0.053800 0.039100 0.029700 0.048100 0.035400 0.040800 0.040900 0.050200 0.044600 0.048200 0.003500 0.035400 0.040800 0.041000 0.052200 0.040900 0.037200 0.046200 0.006900 0.044500 0.003500 0.055700 0.048200 0.055000 0.048200 0.046300 0.027800 0.042700 0.044600 0.040900 0.053800 0.048500 0.039000 0.057600 0.054000 0.027800 0.044500 0.044600 0.039200 0.044500 0.044500 0.005200 0.012200
MuntiacusM 0.057500 0.171200 0.053800 0.126400 0.052100 0.063100 0.055700 0.055800 0.053800 0.000000 0.050100 0.048200 0.055400 0.050000 0.050100 0.055700 0.057600 0.050200 0.059300 0.052000 0.046300 0.051800 0.017500 0.030000 0.051900 0.051800 0.057300 0.055800 0.055600 0.052100 0.001700 0.063000 0.064600 0.059300 0.057300 0.046400 0.053700 0.055700 0.051900 0.035200 0.024600 0.050000 0.003500 0.035400 0.042600 0.055600 0.055700 0.046500 0.055300 0.053600 0.050300 0.057700
goat 0.015700 0.157900 0.039000 0.119900 0.019300 0.021000 0.022900 0.022900 0.039100 0.050100 0.000000 0.033600 0.015700 0.017500 0.033600 0.022900 0.046400 0.039100 0.013900 0.037300 0.014000 0.006900 0.039200 0.044800 0.001700 0.019200 0.013900 0.041000 0.022800 0.037300 0.051900 0.030000 0.049500 0.015700 0.017400 0.031800 0.008700 0.022900 0.019300 0.050000 0.046600 0.017500 0.053800 0.046500 0.031700 0.022800 0.026400 0.024700 0.022800 0.042500 0.035600 0.046500
AfricanBuf 0.040800 0.153800 0.029700 0.109300 0.035500 0.046300 0.039000 0.039100 0.029700 0.048200 0.033600 0.000000 0.042500 0.033500 0.037200 0.039000 0.048200 0.040900 0.042600 0.027900 0.029900 0.035300 0.033700 0.041100 0.035300 0.035300 0.040700 0.031600 0.039000 0.027900 0.046300 0.046200 0.048000 0.042600 0.040700 0.012100 0.037100 0.039100 0.035300 0.044000 0.041000 0.033500 0.051900 0.044600 0.012100 0.038900 0.039000 0.033600 0.038900 0.040700 0.026200 0.037000
Topi 0.024500 0.157500 0.048000 0.125600 0.028200 0.029800 0.031700 0.031800 0.048100 0.055400 0.015700 0.042500 0.000000 0.026300 0.042500 0.031700 0.051800 0.044400 0.022700 0.046300 0.022700 0.015600 0.044500 0.050200 0.017400 0.028100 0.001700 0.050000 0.031700 0.046300 0.057300 0.038900 0.054900 0.006900 0.019100 0.040700 0.017400 0.031800 0.028100 0.055400 0.052000 0.026300 0.059200 0.051900 0.040600 0.031700 0.035300 0.033600 0.031600 0.047900 0.044600 0.055600
CommonDuik 0.028200 0.160100 0.035400 0.119800 0.019300 0.033600 0.012200 0.022900 0.035400 0.050000 0.017500 0.033500 0.026300 0.000000 0.033600 0.022800 0.042700 0.039100 0.026400 0.033700 0.014000 0.019200 0.039100 0.048500 0.019300 0.015700 0.024500 0.037300 0.022800 0.033700 0.051900 0.012200 0.049500 0.026400 0.024500 0.031700 0.021000 0.022900 0.019300 0.050000 0.046600 0.017500 0.050100 0.050200 0.031700 0.019300 0.026400 0.024700 0.022800 0.046200 0.031900 0.042800
Suni 0.044500 0.166300 0.042600 0.128100 0.035500 0.050000 0.039000 0.039100 0.040800 0.050100 0.033600 0.037200 0.042500 0.033600 0.000000 0.039000 0.057000 0.048200 0.042600 0.040900 0.029900 0.035300 0.039200 0.051700 0.031700 0.035300 0.040700 0.044600 0.039000 0.041000 0.051900 0.046300 0.060600 0.042600 0.040700 0.035400 0.037100 0.039100 0.033500 0.053700 0.042900 0.033500 0.053800 0.053900 0.035300 0.039000 0.039000 0.033700 0.038900 0.049800 0.039200 0.050200
Springbuck 0.033600 0.162400 0.040900 0.115800 0.024700 0.039100 0.024700 0.021100 0.040900 0.055700 0.022900 0.039000 0.031700 0.022800 0.039000 0.000000 0.048300 0.042800 0.031800 0.039100 0.012200 0.024600 0.044700 0.054100 0.024600 0.015700 0.029900 0.042800 0.010500 0.039200 0.057500 0.035400 0.053300 0.028200 0.029900 0.037200 0.026400 0.028300 0.014000 0.055600 0.052200 0.014000 0.059400 0.055800 0.037200 0.028200 0.024600 0.030100 0.028200 0.051700 0.037400 0.048400
Okapi 0.053800 0.164800 0.050100 0.115900 0.048400 0.059400 0.044600 0.052100 0.050200 0.057600 0.046400 0.048200 0.051800 0.042700 0.057000 0.048300 0.000000 0.013900 0.055600 0.048400 0.042700 0.048200 0.046600 0.056000 0.048200 0.044500 0.053600 0.052100 0.051900 0.048400 0.059400 0.055600 0.049800 0.051900 0.053600 0.046400 0.050000 0.052000 0.044500 0.055700 0.054100 0.046400 0.057600 0.057700 0.046300 0.048200 0.052000 0.046500 0.051800 0.049900 0.046600 0.057800
Giraffe 0.046400 0.156200 0.044600 0.107800 0.041000 0.052000 0.044600 0.041000 0.044600 0.050200 0.039100 0.040900 0.044400 0.039100 0.048200 0.042800 0.013900 0.000000 0.048200 0.042800 0.035400 0.040800 0.039300 0.048600 0.040900 0.040800 0.046300 0.046600 0.044600 0.042900 0.052000 0.051900 0.038700 0.048200 0.046300 0.039100 0.042700 0.044700 0.040900 0.048300 0.046700 0.039000 0.050200 0.050300 0.039000 0.040900 0.044600 0.039200 0.044500 0.042600 0.041100 0.052100
TibetanAnt 0.019200 0.159700 0.048100 0.121900 0.028300 0.024600 0.031800 0.028300 0.048200 0.059300 0.013900 0.042600 0.022700 0.026400 0.042600 0.031800 0.055600 0.048200 0.000000 0.046400 0.022800 0.010400 0.048300 0.054000 0.015700 0.024600 0.020900 0.050100 0.031800 0.046500 0.061200 0.039000 0.058800 0.022700 0.024500 0.040800 0.012200 0.031800 0.028200 0.059200 0.055800 0.022800 0.063100 0.055700 0.040700 0.031700 0.035400 0.033600 0.028100 0.051700 0.044700 0.055700
Sitatunga 0.044600 0.157800 0.001700 0.119400 0.039200 0.050200 0.039100 0.042900 0.003500 0.052000 0.037300 0.027900 0.046300 0.033700 0.040900 0.039100 0.048400 0.042800 0.046400 0.000000 0.033600 0.039000 0.039300 0.050400 0.039100 0.035400 0.044500 0.003500 0.042800 0.000000 0.053900 0.046400 0.053200 0.046400 0.044500 0.026100 0.040900 0.042900 0.039100 0.052000 0.046700 0.037300 0.055800 0.052200 0.026100 0.042700 0.042800 0.037400 0.042700 0.042700 0.001700 0.008700
Oribi 0.024600 0.157900 0.035400 0.115600 0.015800 0.030000 0.019300 0.012200 0.035400 0.046300 0.014000 0.029900 0.022700 0.014000 0.029900 0.012200 0.042700 0.035400 0.022800 0.033600 0.000000 0.015700 0.035500 0.044700 0.015700 0.010200 0.021000 0.037300 0.012200 0.033700 0.048100 0.026400 0.045800 0.022800 0.021000 0.028100 0.017500 0.019300 0.008700 0.046300 0.042800 0.008700 0.050000 0.046400 0.028100 0.019200 0.015700 0.021100 0.019200 0.042500 0.031900 0.042800
BarbaryShe 0.012200 0.155500 0.040800 0.121700 0.021100 0.017400 0.024600 0.024700 0.040800 0.051800 0.006900 0.035300 0.015600 0.019200 0.035300 0.024600 0.048200 0.040800 0.010400 0.039000 0.015700 0.000000 0.040900 0.046500 0.008700 0.017400 0.013900 0.042700 0.024600 0.039100 0.053600 0.031700 0.051300 0.015700 0.017400 0.033500 0.005200 0.024600 0.021000 0.051700 0.048300 0.015700 0.055500 0.048200 0.033500 0.024600 0.028200 0.026400 0.021000 0.044300 0.037300 0.048300
Daviddeer 0.046500 0.163000 0.041000 0.110200 0.041100 0.052100 0.044700 0.044800 0.041000 0.017500 0.039200 0.033700 0.044500 0.039100 0.039200 0.044700 0.046600 0.039300 0.048300 0.039300 0.035500 0.040900 0.000000 0.019400 0.041000 0.040900 0.046400 0.043000 0.044700 0.039300 0.015700 0.052000 0.050000 0.048300 0.046400 0.031900 0.042800 0.044800 0.041000 0.021000 0.007000 0.039100 0.021000 0.021100 0.028200 0.044600 0.044700 0.035600 0.044300 0.039100 0.037500 0.044900
Reindeer 0.052200 0.167700 0.052200 0.118700 0.050500 0.057800 0.054100 0.054200 0.052200 0.030000 0.044800 0.041100 0.050200 0.048500 0.051700 0.054100 0.056000 0.048600 0.054000 0.050400 0.044700 0.046500 0.019400 0.000000 0.046600 0.050200 0.052000 0.054200 0.054000 0.050500 0.028200 0.061500 0.059600 0.054000 0.052000 0.039200 0.048400 0.054200 0.050300 0.030000 0.026600 0.048400 0.033700 0.012200 0.039200 0.054000 0.054100 0.048600 0.049900 0.048300 0.048700 0.056200
Ibex 0.017500 0.157800 0.040800 0.121900 0.021100 0.022800 0.024600 0.024700 0.040900 0.051900 0.001700 0.035300 0.017400 0.019300 0.031700 0.024600 0.048200 0.040900 0.015700 0.039100 0.015700 0.008700 0.041000 0.046600 0.000000 0.021000 0.015700 0.042800 0.024600 0.039100 0.053700 0.031700 0.051300 0.017400 0.019200 0.033500 0.010400 0.024700 0.021000 0.051800 0.048400 0.019200 0.055600 0.048300 0.033500 0.024600 0.028200 0.026400 0.024600 0.044300 0.037400 0.048300
GyrantGaze 0.026400 0.153600 0.037200 0.119700 0.021100 0.031800 0.017500 0.019300 0.037200 0.051800 0.019200 0.035300 0.028100 0.015700 0.035300 0.015700 0.044500 0.040800 0.024600 0.035400 0.010200 0.017400 0.040900 0.050200 0.021000 0.000000 0.026300 0.039100 0.015700 0.035500 0.053700 0.028100 0.051400 0.028100 0.026300 0.033500 0.019200 0.024600 0.015700 0.051800 0.048300 0.001700 0.055500 0.051900 0.033500 0.024600 0.022800 0.026400 0.021000 0.047900 0.033700 0.044600
Hartebeest 0.022700 0.155400 0.046200 0.123600 0.026400 0.028100 0.029900 0.030000 0.046200 0.057300 0.013900 0.040700 0.001700 0.024500 0.040700 0.029900 0.053600 0.046300 0.020900 0.044500 0.021000 0.013900 0.046400 0.052000 0.015700 0.026300 0.000000 0.048200 0.029900 0.044500 0.059100 0.037100 0.056800 0.005200 0.017400 0.038900 0.015600 0.030000 0.026300 0.057200 0.053800 0.024500 0.061000 0.053700 0.038800 0.029900 0.033500 0.031800 0.029900 0.049700 0.042700 0.053800
Bongo 0.048300 0.162200 0.005200 0.123700 0.042900 0.053900 0.042800 0.046600 0.006900 0.055800 0.041000 0.031600 0.050000 0.037300 0.044600 0.042800 0.052100 0.046600 0.050100 0.003500 0.037300 0.042700 0.043000 0.054200 0.042800 0.039100 0.048200 0.000000 0.046500 0.003500 0.057600 0.050100 0.057000 0.050100 0.048200 0.029700 0.044600 0.046600 0.042800 0.055700 0.050400 0.040900 0.059600 0.055900 0.029700 0.046400 0.044700 0.041100 0.046400 0.046400 0.005200 0.012200
Gerenuk 0.033600 0.160100 0.044500 0.113800 0.024700 0.039000 0.028200 0.021100 0.044500 0.055600 0.022800 0.039000 0.031700 0.022800 0.039000 0.010500 0.051900 0.044600 0.031800 0.042800 0.012200 0.024600 0.044700 0.054000 0.024600 0.015700 0.029900 0.046500 0.000000 0.042800 0.057500 0.035400 0.047700 0.031800 0.029900 0.037200 0.026400 0.028300 0.017500 0.055500 0.052100 0.014000 0.059400 0.055700 0.037100 0.028200 0.021100 0.026500 0.028200 0.051700 0.041000 0.052100
CommonElan 0.044700 0.158000 0.001700 0.119600 0.039300 0.050200 0.039200 0.042900 0.003500 0.052100 0.037300 0.027900 0.046300 0.033700 0.041000 0.039200 0.048400 0.042900 0.046500 0.000000 0.033700 0.039100 0.039300 0.050500 0.039100 0.035500 0.044500 0.003500 0.042800 0.000000 0.053900 0.046400 0.053300 0.046400 0.044500 0.026100 0.040900 0.042900 0.039100 0.052000 0.046700 0.037300 0.055800 0.052200 0.026100 0.042800 0.041000 0.037400 0.042700 0.042700 0.001700 0.008700
MuntiacusR 0.059300 0.173400 0.055600 0.124200 0.053900 0.065000 0.057500 0.057600 0.055700 0.001700 0.051900 0.046300 0.057300 0.051900 0.051900 0.057500 0.059400 0.052000 0.061200 0.053900 0.048100 0.053600 0.015700 0.028200 0.053700 0.053700 0.059100 0.057600 0.057500 0.053900 0.000000 0.064900 0.063000 0.061100 0.059200 0.044500 0.055500 0.057600 0.053700 0.033400 0.022800 0.051800 0.005200 0.033500 0.040800 0.057400 0.057500 0.048300 0.057100 0.051800 0.052200 0.059600
HarveysDui 0.040800 0.175100 0.048100 0.134300 0.031900 0.046300 0.021100 0.035500 0.048200 0.063000 0.030000 0.046200 0.038900 0.012200 0.046300 0.035400 0.055600 0.051900 0.039000 0.046400 0.026400 0.031700 0.052000 0.061500 0.031700 0.028100 0.037100 0.050100 0.035400 0.046400 0.064900 0.000000 0.062600 0.039000 0.033500 0.044400 0.033500 0.035500 0.031700 0.062900 0.059500 0.029900 0.063100 0.063200 0.044400 0.028100 0.039000 0.037300 0.035300 0.059000 0.044700 0.055700
Pronghorn 0.057000 0.164100 0.055000 0.115500 0.051500 0.058800 0.055100 0.055200 0.055000 0.064600 0.049500 0.048000 0.054900 0.049500 0.060600 0.053300 0.049800 0.038700 0.058800 0.053200 0.045800 0.051300 0.050000 0.059600 0.051300 0.051400 0.056800 0.057000 0.047700 0.053300 0.063000 0.062600 0.000000 0.058800 0.056900 0.046100 0.053100 0.055200 0.051400 0.061000 0.057600 0.049500 0.068500 0.061300 0.046000 0.051200 0.055100 0.049600 0.055000 0.057100 0.051400 0.062800
BlueWildeb 0.024500 0.162000 0.048100 0.117800 0.028300 0.029900 0.028200 0.031900 0.048200 0.059300 0.015700 0.042600 0.006900 0.026400 0.042600 0.028200 0.051900 0.048200 0.022700 0.046400 0.022800 0.015700 0.048300 0.054000 0.017400 0.028100 0.005200 0.050100 0.031800 0.046400 0.061100 0.039000 0.058800 0.000000 0.019200 0.040800 0.017400 0.031800 0.024600 0.059200 0.055800 0.026400 0.063000 0.055700 0.040700 0.031700 0.035400 0.033600 0.031700 0.051600 0.044700 0.055700
Gemsbok 0.026300 0.159600 0.046200 0.123700 0.026400 0.031600 0.029900 0.030000 0.046300 0.057300 0.017400 0.040700 0.019100 0.024500 0.040700 0.029900 0.053600 0.046300 0.024500 0.044500 0.021000 0.017400 0.046400 0.052000 0.019200 0.026300 0.017400 0.048200 0.029900 0.044500 0.059200 0.033500 0.056900 0.019200 0.000000 0.038900 0.019200 0.030000 0.026300 0.057200 0.053800 0.024500 0.061100 0.053700 0.038800 0.029900 0.033500 0.031800 0.029900 0.053400 0.042800 0.053800
Yak 0.039000 0.151700 0.027800 0.105300 0.033700 0.044500 0.037200 0.037300 0.027800 0.046400 0.031800 0.012100 0.040700 0.031700 0.035400 0.037200 0.046400 0.039100 0.040800 0.026100 0.028100 0.033500 0.031900 0.039200 0.033500 0.033500 0.038900 0.029700 0.037200 0.026100 0.044500 0.044400 0.046100 0.040800 0.038900 0.000000 0.035300 0.037300 0.033500 0.042600 0.039200 0.031700 0.050100 0.042800 0.003400 0.037100 0.037200 0.031800 0.037100 0.038900 0.024300 0.035200
BlueSheep 0.013900 0.157700 0.042600 0.123500 0.022900 0.019200 0.026400 0.026500 0.042700 0.053700 0.008700 0.037100 0.017400 0.021000 0.037100 0.026400 0.050000 0.042700 0.012200 0.040900 0.017500 0.005200 0.042800 0.048400 0.010400 0.019200 0.015600 0.044600 0.026400 0.040900 0.055500 0.033500 0.053100 0.017400 0.019200 0.035300 0.000000 0.026400 0.022800 0.053600 0.050200 0.017500 0.057400 0.050100 0.035300 0.026400 0.030000 0.028200 0.022800 0.046100 0.039200 0.046500
BohorReedb 0.033700 0.166900 0.044600 0.124000 0.007000 0.039100 0.024700 0.024800 0.044600 0.055700 0.022900 0.039100 0.031800 0.022900 0.039100 0.028300 0.052000 0.044700 0.031800 0.042900 0.019300 0.024600 0.044800 0.054200 0.024700 0.024600 0.030000 0.046600 0.028300 0.042900 0.057600 0.035500 0.055200 0.031800 0.030000 0.037300 0.026400 0.000000 0.024700 0.051900 0.051800 0.022900 0.059500 0.055900 0.037200 0.028200 0.030100 0.026500 0.028200 0.051800 0.041100 0.052200
KirksDik 0.030000 0.162200 0.040800 0.117700 0.021100 0.035400 0.021000 0.017500 0.040900 0.051900 0.019300 0.035300 0.028100 0.019300 0.033500 0.014000 0.044500 0.040900 0.028200 0.039100 0.008700 0.021000 0.041000 0.050300 0.021000 0.015700 0.026300 0.042800 0.017500 0.039100 0.053700 0.031700 0.051400 0.024600 0.026300 0.033500 0.022800 0.024700 0.000000 0.051800 0.048400 0.013900 0.055600 0.052000 0.033500 0.024600 0.021000 0.026400 0.024600 0.048000 0.037400 0.048300
RoeDeer 0.057400 0.172500 0.053700 0.119500 0.048300 0.063000 0.051900 0.052000 0.053800 0.035200 0.050000 0.044000 0.055400 0.050000 0.053700 0.055600 0.055700 0.048300 0.059200 0.052000 0.046300 0.051700 0.021000 0.030000 0.051800 0.051800 0.057200 0.055700 0.055500 0.052000 0.033400 0.062900 0.061000 0.059200 0.057200 0.042600 0.053600 0.051900 0.051800 0.000000 0.028200 0.049900 0.038900 0.031700 0.042600 0.055500 0.053700 0.042800 0.051500 0.049900 0.050300 0.057700
WhiteLippe 0.054000 0.171900 0.048400 0.118600 0.048100 0.059600 0.052200 0.052300 0.048500 0.024600 0.046600 0.041000 0.052000 0.046600 0.042900 0.052200 0.054100 0.046700 0.055800 0.046700 0.042800 0.048300 0.007000 0.026600 0.048400 0.048300 0.053800 0.050400 0.052100 0.046700 0.022800 0.059500 0.057600 0.055800 0.053800 0.039200 0.050200 0.051800 0.048400 0.028200 0.000000 0.046500 0.028200 0.028300 0.035500 0.052100 0.052200 0.043000 0.051800 0.046500 0.045000 0.052400
ThomsonGaz 0.024600 0.155800 0.039000 0.117700 0.019300 0.030000 0.019300 0.017500 0.039000 0.050000 0.017500 0.033500 0.026300 0.017500 0.033500 0.014000 0.046400 0.039000 0.022800 0.037300 0.008700 0.015700 0.039100 0.048400 0.019200 0.001700 0.024500 0.040900 0.014000 0.037300 0.051800 0.029900 0.049500 0.026400 0.024500 0.031700 0.017500 0.022900 0.013900 0.049900 0.046500 0.000000 0.053700 0.050100 0.031700 0.022800 0.021000 0.024600 0.019200 0.046100 0.035500 0.046500
MuntiacusC 0.061200 0.175600 0.057500 0.130600 0.055800 0.066900 0.059400 0.059600 0.057600 0.003500 0.053800 0.051900 0.059200 0.050100 0.053800 0.059400 0.057600 0.050200 0.063100 0.055800 0.050000 0.055500 0.021000 0.033700 0.055600 0.055500 0.061000 0.059600 0.059400 0.055800 0.005200 0.063100 0.068500 0.063000 0.061100 0.050100 0.057400 0.059500 0.055600 0.038900 0.028200 0.053700 0.000000 0.039000 0.046300 0.059300 0.059400 0.050200 0.059000 0.057400 0.054000 0.061500
WhiteTaile 0.050200 0.167300 0.053900 0.120400 0.052200 0.055700 0.055800 0.055900 0.054000 0.035400 0.046500 0.044600 0.051900 0.050200 0.053900 0.055800 0.057700 0.050300 0.055700 0.052200 0.046400 0.048200 0.021100 0.012200 0.048300 0.051900 0.053700 0.055900 0.055700 0.052200 0.033500 0.063200 0.061300 0.055700 0.053700 0.042800 0.050100 0.055900 0.052000 0.031700 0.028300 0.050100 0.039000 0.000000 0.042700 0.055700 0.055800 0.050300 0.047900 0.050100 0.050400 0.057900
Cattle 0.039000 0.151500 0.027800 0.105200 0.033600 0.044400 0.037200 0.037200 0.027800 0.042600 0.031700 0.012100 0.040600 0.031700 0.035300 0.037200 0.046300 0.039000 0.040700 0.026100 0.028100 0.033500 0.028200 0.039200 0.033500 0.033500 0.038800 0.029700 0.037100 0.026100 0.040800 0.044400 0.046000 0.040700 0.038800 0.003400 0.035300 0.037200 0.033500 0.042600 0.035500 0.031700 0.046300 0.042700 0.000000 0.037100 0.037200 0.028200 0.037100 0.038800 0.024300 0.035200
RoyalAntel 0.033600 0.170600 0.044500 0.121700 0.024700 0.039000 0.024600 0.028300 0.044500 0.055600 0.022800 0.038900 0.031700 0.019300 0.039000 0.028200 0.048200 0.040900 0.031700 0.042700 0.019200 0.024600 0.044600 0.054000 0.024600 0.024600 0.029900 0.046400 0.028200 0.042800 0.057400 0.028100 0.051200 0.031700 0.029900 0.037100 0.026400 0.028200 0.024600 0.055500 0.052100 0.022800 0.059300 0.055700 0.037100 0.000000 0.031800 0.030000 0.028100 0.051600 0.041000 0.052000
Steenbok 0.037200 0.162400 0.044500 0.117900 0.026500 0.042700 0.030000 0.022900 0.044600 0.055700 0.026400 0.039000 0.035300 0.026400 0.039000 0.024600 0.052000 0.044600 0.035400 0.042800 0.015700 0.028200 0.044700 0.054100 0.028200 0.022800 0.033500 0.044700 0.021100 0.041000 0.057500 0.039000 0.055100 0.035400 0.033500 0.037200 0.030000 0.030100 0.021000 0.053700 0.052200 0.021000 0.059400 0.055800 0.037200 0.031800 0.000000 0.024700 0.031800 0.051700 0.039200 0.050200
Impala 0.035500 0.156300 0.039100 0.114100 0.023000 0.040900 0.026500 0.026600 0.039200 0.046500 0.024700 0.033600 0.033600 0.024700 0.033700 0.030100 0.046500 0.039200 0.033600 0.037400 0.021100 0.026400 0.035600 0.048600 0.026400 0.026400 0.031800 0.041100 0.026500 0.037400 0.048300 0.037300 0.049600 0.033600 0.031800 0.031800 0.028200 0.026500 0.026400 0.042800 0.043000 0.024600 0.050200 0.050300 0.028200 0.030000 0.024700 0.000000 0.030000 0.046300 0.035700 0.046600
Klipspring 0.026400 0.164200 0.044400 0.125800 0.024700 0.031800 0.028200 0.028200 0.044500 0.055300 0.022800 0.038900 0.031600 0.022800 0.038900 0.028200 0.051800 0.044500 0.028100 0.042700 0.019200 0.021000 0.044300 0.049900 0.024600 0.021000 0.029900 0.046400 0.028200 0.042700 0.057100 0.035300 0.055000 0.031700 0.029900 0.037100 0.022800 0.028200 0.024600 0.051500 0.051800 0.019200 0.059000 0.047900 0.037100 0.028100 0.031800 0.030000 0.000000 0.051600 0.041000 0.052000
ForestMusk 0.049900 0.168400 0.044400 0.115300 0.048200 0.055400 0.051700 0.051800 0.044500 0.053600 0.042500 0.040700 0.047900 0.046200 0.049800 0.051700 0.049900 0.042600 0.051700 0.042700 0.042500 0.044300 0.039100 0.048300 0.044300 0.047900 0.049700 0.046400 0.051700 0.042700 0.051800 0.059000 0.057100 0.051600 0.053400 0.038900 0.046100 0.051800 0.048000 0.049900 0.046500 0.046100 0.057400 0.050100 0.038800 0.051600 0.051700 0.046300 0.051600 0.000000 0.039100 0.051900
Bushbuck 0.042900 0.156100 0.003500 0.117700 0.037500 0.048400 0.037400 0.041200 0.005200 0.050300 0.035600 0.026200 0.044600 0.031900 0.039200 0.037400 0.046600 0.041100 0.044700 0.001700 0.031900 0.037300 0.037500 0.048700 0.037400 0.033700 0.042700 0.005200 0.041000 0.001700 0.052200 0.044700 0.051400 0.044700 0.042800 0.024300 0.039200 0.041100 0.037400 0.050300 0.045000 0.035500 0.054000 0.050400 0.024300 0.041000 0.039200 0.035700 0.041000 0.039100 0.000000 0.010400
GreaterKud 0.053900 0.168800 0.010400 0.121800 0.048500 0.059500 0.048400 0.048500 0.012200 0.057700 0.046500 0.037000 0.055600 0.042800 0.050200 0.048400 0.057800 0.052100 0.055700 0.008700 0.042800 0.048300 0.044900 0.056200 0.048300 0.044600 0.053800 0.012200 0.052100 0.008700 0.059600 0.055700 0.062800 0.055700 0.053800 0.035200 0.046500 0.052200 0.048300 0.057700 0.052400 0.046500 0.061500 0.057900 0.035200 0.052000 0.050200 0.046600 0.052000 0.051900 0.010400 0.000000
