CODONML (in paml version 4.10.7, June 2023)  /home/rachel/ruminants_paml/6406-phy-tree/ENSBTAT00000029017.fasta.phy
Model: free dN/dS Ratios for branches,  kappa = 2.000 fixed

Codon frequency model: F3x4
ns =  54  ls =  45

Codon usage in sequences
--------------------------------------------------------------------------------------------------------------------------------------
Phe TTT   3   3   3   3   3   3 | Ser TCT   1   1   1   1   1   1 | Tyr TAT   0   0   0   0   0   0 | Cys TGT   1   1   1   1   1   1
    TTC   1   1   1   1   1   1 |     TCC   0   0   0   0   0   0 |     TAC   0   0   0   0   0   0 |     TGC   1   1   1   1   1   1
Leu TTA   1   3   0   1   2   2 |     TCA   0   0   0   0   0   0 | *** TAA   0   0   0   0   0   0 | *** TGA   0   0   0   0   0   0
    TTG   5   2   6   5   3   3 |     TCG   0   0   0   0   0   0 |     TAG   0   0   0   0   0   0 | Trp TGG   0   0   0   0   0   0
--------------------------------------------------------------------------------------------------------------------------------------
Leu CTT   1   1   1   1   1   1 | Pro CCT   0   0   0   0   0   0 | His CAT   0   0   0   0   0   0 | Arg CGT   0   0   0   0   0   0
    CTC   0   0   0   0   0   0 |     CCC   0   0   0   0   0   0 |     CAC   0   0   0   0   0   0 |     CGC   0   0   0   0   0   0
    CTA   0   0   0   0   0   0 |     CCA   1   1   1   1   1   1 | Gln CAA   0   0   0   0   0   0 |     CGA   0   0   0   0   0   0
    CTG   0   1   0   0   1   1 |     CCG   0   0   0   0   0   0 |     CAG   0   0   0   0   0   0 |     CGG   0   0   0   0   0   0
--------------------------------------------------------------------------------------------------------------------------------------
Ile ATT   1   1   1   1   1   1 | Thr ACT   3   3   3   3   3   3 | Asn AAT   2   3   2   2   3   3 | Ser AGT   1   1   1   1   1   1
    ATC   0   0   0   0   0   0 |     ACC   1   1   1   1   1   1 |     AAC   2   2   2   2   2   2 |     AGC   0   0   0   0   0   0
    ATA   0   0   0   0   0   0 |     ACA   0   0   0   1   0   0 | Lys AAA   1   1   1   1   1   1 | Arg AGA   3   3   3   3   3   3
Met ATG   1   1   1   1   1   1 |     ACG   1   0   1   0   0   0 |     AAG   1   1   1   1   1   1 |     AGG   1   1   1   1   1   1
--------------------------------------------------------------------------------------------------------------------------------------
Val GTT   0   0   1   0   0   0 | Ala GCT   2   2   2   2   2   2 | Asp GAT   2   2   2   2   2   2 | Gly GGT   0   0   0   0   0   0
    GTC   3   2   2   3   2   2 |     GCC   1   1   1   1   1   1 |     GAC   1   1   1   1   1   1 |     GGC   0   0   0   0   0   0
    GTA   0   1   0   0   1   1 |     GCA   0   0   0   0   0   0 | Glu GAA   2   2   2   2   2   2 |     GGA   1   1   1   1   1   1
    GTG   0   0   0   0   0   0 |     GCG   0   0   0   0   0   0 |     GAG   0   0   0   0   0   0 |     GGG   0   0   0   0   0   0
--------------------------------------------------------------------------------------------------------------------------------------

--------------------------------------------------------------------------------------------------------------------------------------
Phe TTT   3   3   3   3   3   3 | Ser TCT   1   1   1   1   1   1 | Tyr TAT   0   0   0   0   0   0 | Cys TGT   1   1   1   1   1   1
    TTC   1   1   1   1   1   1 |     TCC   0   0   0   0   0   0 |     TAC   0   0   0   0   0   0 |     TGC   1   1   1   1   1   1
Leu TTA   1   1   1   1   0   1 |     TCA   0   0   0   0   0   0 | *** TAA   0   0   0   0   0   0 | *** TGA   0   0   0   0   0   0
    TTG   4   5   5   5   6   5 |     TCG   0   0   0   0   0   0 |     TAG   0   0   0   0   0   0 | Trp TGG   0   0   0   0   0   0
--------------------------------------------------------------------------------------------------------------------------------------
Leu CTT   1   1   1   1   1   1 | Pro CCT   0   0   0   0   0   0 | His CAT   0   0   0   0   0   0 | Arg CGT   0   0   0   0   0   0
    CTC   0   0   0   0   0   0 |     CCC   0   0   0   0   0   0 |     CAC   0   0   0   0   0   0 |     CGC   0   0   0   0   0   0
    CTA   0   0   0   0   0   0 |     CCA   1   1   1   1   1   1 | Gln CAA   0   0   0   0   0   0 |     CGA   0   0   0   0   0   0
    CTG   1   0   0   0   0   0 |     CCG   0   0   0   0   0   0 |     CAG   0   0   0   0   0   0 |     CGG   0   0   0   0   0   0
--------------------------------------------------------------------------------------------------------------------------------------
Ile ATT   1   1   1   1   1   1 | Thr ACT   3   3   3   4   3   3 | Asn AAT   2   2   2   2   2   2 | Ser AGT   1   1   1   1   1   1
    ATC   0   0   0   0   0   0 |     ACC   1   1   1   1   1   1 |     AAC   2   2   2   2   2   2 |     AGC   0   0   0   0   0   0
    ATA   0   0   0   0   0   0 |     ACA   0   0   0   0   0   1 | Lys AAA   1   1   1   1   1   1 | Arg AGA   3   3   3   3   3   3
Met ATG   1   1   1   1   1   1 |     ACG   1   1   1   0   1   0 |     AAG   1   1   1   1   1   1 |     AGG   1   1   1   1   1   1
--------------------------------------------------------------------------------------------------------------------------------------
Val GTT   1   0   0   0   2   0 | Ala GCT   2   2   2   2   2   2 | Asp GAT   2   3   2   2   2   2 | Gly GGT   0   0   0   0   0   0
    GTC   2   3   3   3   1   3 |     GCC   1   1   1   1   1   1 |     GAC   1   0   1   1   1   1 |     GGC   0   0   0   0   0   0
    GTA   0   0   0   0   0   0 |     GCA   0   0   0   0   0   0 | Glu GAA   2   2   2   2   2   2 |     GGA   1   1   1   1   1   1
    GTG   0   0   0   0   0   0 |     GCG   0   0   0   0   0   0 |     GAG   0   0   0   0   0   0 |     GGG   0   0   0   0   0   0
--------------------------------------------------------------------------------------------------------------------------------------

--------------------------------------------------------------------------------------------------------------------------------------
Phe TTT   3   3   3   3   3   3 | Ser TCT   1   1   1   1   1   1 | Tyr TAT   0   0   0   0   0   0 | Cys TGT   1   1   1   1   1   1
    TTC   1   1   1   1   1   1 |     TCC   0   0   0   0   0   0 |     TAC   0   0   0   0   0   0 |     TGC   1   1   1   1   1   1
Leu TTA   1   0   1   1   1   1 |     TCA   0   0   0   0   0   0 | *** TAA   0   0   0   0   0   0 | *** TGA   0   0   0   0   0   0
    TTG   5   6   5   5   5   5 |     TCG   0   0   0   0   0   0 |     TAG   0   0   0   0   0   0 | Trp TGG   0   0   0   0   0   0
--------------------------------------------------------------------------------------------------------------------------------------
Leu CTT   1   1   1   1   1   1 | Pro CCT   0   0   0   0   0   0 | His CAT   0   0   0   0   0   0 | Arg CGT   0   0   0   0   0   0
    CTC   0   0   0   0   0   0 |     CCC   0   0   0   0   0   0 |     CAC   0   0   0   0   0   0 |     CGC   0   0   0   0   0   0
    CTA   0   0   0   0   0   0 |     CCA   1   1   1   1   1   1 | Gln CAA   0   0   0   0   0   0 |     CGA   0   0   0   0   0   0
    CTG   0   0   0   0   0   0 |     CCG   0   0   0   0   0   0 |     CAG   0   0   0   0   0   0 |     CGG   0   0   0   0   0   0
--------------------------------------------------------------------------------------------------------------------------------------
Ile ATT   1   1   1   1   1   1 | Thr ACT   3   3   3   3   3   4 | Asn AAT   2   2   2   2   2   2 | Ser AGT   1   1   1   1   1   1
    ATC   0   0   0   0   0   0 |     ACC   1   1   1   1   1   1 |     AAC   2   2   2   2   2   2 |     AGC   0   0   0   0   0   0
    ATA   0   0   0   0   0   0 |     ACA   0   0   0   0   0   0 | Lys AAA   1   1   1   1   1   1 | Arg AGA   3   3   3   3   3   3
Met ATG   1   1   1   1   1   1 |     ACG   1   1   1   1   1   0 |     AAG   1   1   1   1   1   1 |     AGG   1   1   1   1   1   1
--------------------------------------------------------------------------------------------------------------------------------------
Val GTT   0   0   0   0   0   0 | Ala GCT   2   2   2   2   2   2 | Asp GAT   2   2   2   2   2   2 | Gly GGT   0   0   0   0   0   0
    GTC   3   3   3   3   3   3 |     GCC   1   1   1   1   1   1 |     GAC   1   1   1   1   1   1 |     GGC   0   0   0   0   0   0
    GTA   0   0   0   0   0   0 |     GCA   0   0   0   0   0   0 | Glu GAA   1   2   2   2   2   2 |     GGA   1   1   1   1   1   1
    GTG   0   0   0   0   0   0 |     GCG   0   0   0   0   0   0 |     GAG   1   0   0   0   0   0 |     GGG   0   0   0   0   0   0
--------------------------------------------------------------------------------------------------------------------------------------

--------------------------------------------------------------------------------------------------------------------------------------
Phe TTT   3   3   3   3   3   3 | Ser TCT   1   1   1   1   1   1 | Tyr TAT   0   0   0   0   0   0 | Cys TGT   1   1   1   1   1   1
    TTC   1   1   1   1   1   1 |     TCC   0   0   0   0   0   0 |     TAC   0   0   0   0   0   0 |     TGC   1   1   1   1   1   1
Leu TTA   1   1   1   0   0   1 |     TCA   0   0   0   0   0   0 | *** TAA   0   0   0   0   0   0 | *** TGA   0   0   0   0   0   0
    TTG   5   5   5   6   5   5 |     TCG   0   0   0   0   0   0 |     TAG   0   0   0   0   0   0 | Trp TGG   0   0   0   0   0   0
--------------------------------------------------------------------------------------------------------------------------------------
Leu CTT   1   1   1   1   1   1 | Pro CCT   0   0   0   0   0   0 | His CAT   0   0   0   0   0   0 | Arg CGT   0   0   0   0   0   0
    CTC   0   0   0   0   0   0 |     CCC   0   0   0   0   0   0 |     CAC   0   0   0   0   0   0 |     CGC   0   0   0   0   0   0
    CTA   0   0   0   0   1   0 |     CCA   1   1   1   1   1   1 | Gln CAA   0   0   0   0   0   0 |     CGA   0   0   0   0   0   0
    CTG   0   0   0   0   0   0 |     CCG   0   0   0   0   0   0 |     CAG   0   0   0   0   0   0 |     CGG   0   0   0   0   0   0
--------------------------------------------------------------------------------------------------------------------------------------
Ile ATT   1   1   1   1   1   1 | Thr ACT   3   3   3   3   4   3 | Asn AAT   2   2   2   3   2   2 | Ser AGT   1   1   1   1   1   1
    ATC   0   0   0   0   0   0 |     ACC   1   1   1   1   1   1 |     AAC   2   2   2   1   2   2 |     AGC   0   0   0   0   0   0
    ATA   0   0   0   0   0   0 |     ACA   1   1   0   0   0   0 | Lys AAA   1   1   1   1   1   1 | Arg AGA   3   3   3   3   3   3
Met ATG   1   1   1   1   1   1 |     ACG   0   0   1   1   0   1 |     AAG   1   1   1   1   1   1 |     AGG   1   1   1   1   1   1
--------------------------------------------------------------------------------------------------------------------------------------
Val GTT   0   0   0   1   0   1 | Ala GCT   2   2   2   2   2   2 | Asp GAT   2   2   2   2   2   2 | Gly GGT   0   0   0   0   0   0
    GTC   3   3   3   2   3   2 |     GCC   1   1   1   1   1   1 |     GAC   1   1   1   1   1   1 |     GGC   0   0   0   0   0   0
    GTA   0   0   0   0   0   0 |     GCA   0   0   0   0   0   0 | Glu GAA   2   2   2   2   2   2 |     GGA   1   1   1   1   1   1
    GTG   0   0   0   0   0   0 |     GCG   0   0   0   0   0   0 |     GAG   0   0   0   0   0   0 |     GGG   0   0   0   0   0   0
--------------------------------------------------------------------------------------------------------------------------------------

--------------------------------------------------------------------------------------------------------------------------------------
Phe TTT   3   3   3   3   3   3 | Ser TCT   1   1   1   1   1   1 | Tyr TAT   0   0   0   0   0   0 | Cys TGT   1   1   1   1   1   1
    TTC   1   1   1   1   1   1 |     TCC   0   0   0   0   0   0 |     TAC   0   0   0   0   0   0 |     TGC   1   1   1   1   1   1
Leu TTA   1   1   1   1   1   0 |     TCA   0   0   0   0   0   0 | *** TAA   0   0   0   0   0   0 | *** TGA   0   0   0   0   0   0
    TTG   5   5   5   5   5   6 |     TCG   0   0   0   0   0   0 |     TAG   0   0   0   0   0   0 | Trp TGG   0   0   0   0   0   0
--------------------------------------------------------------------------------------------------------------------------------------
Leu CTT   1   1   1   1   1   1 | Pro CCT   0   0   0   0   0   0 | His CAT   0   0   0   0   0   0 | Arg CGT   0   0   0   0   0   0
    CTC   0   0   0   0   0   0 |     CCC   0   0   0   0   0   0 |     CAC   0   0   0   0   0   0 |     CGC   0   0   0   0   0   0
    CTA   0   0   0   0   0   0 |     CCA   1   1   1   1   1   1 | Gln CAA   0   0   0   0   0   0 |     CGA   0   0   0   0   0   0
    CTG   0   0   0   0   0   0 |     CCG   0   0   0   0   0   0 |     CAG   0   0   0   0   0   0 |     CGG   0   0   0   0   0   0
--------------------------------------------------------------------------------------------------------------------------------------
Ile ATT   1   1   1   1   1   1 | Thr ACT   3   3   3   4   3   3 | Asn AAT   2   2   2   2   2   2 | Ser AGT   1   1   1   1   1   1
    ATC   0   0   0   0   0   0 |     ACC   1   1   1   1   1   1 |     AAC   2   2   2   2   2   2 |     AGC   0   0   0   0   0   0
    ATA   0   0   0   0   0   0 |     ACA   1   1   0   0   0   0 | Lys AAA   1   1   1   1   1   1 | Arg AGA   3   3   3   3   3   3
Met ATG   1   1   1   1   1   1 |     ACG   0   0   1   0   1   1 |     AAG   1   1   1   1   1   1 |     AGG   1   1   1   1   1   1
--------------------------------------------------------------------------------------------------------------------------------------
Val GTT   0   0   0   0   0   2 | Ala GCT   2   2   2   2   2   2 | Asp GAT   2   2   2   2   2   2 | Gly GGT   0   0   0   0   0   0
    GTC   3   3   3   3   3   1 |     GCC   1   1   1   1   1   1 |     GAC   1   1   1   1   1   1 |     GGC   0   0   0   0   0   0
    GTA   0   0   0   0   0   0 |     GCA   0   0   0   0   0   0 | Glu GAA   2   2   1   2   2   2 |     GGA   1   1   1   1   1   1
    GTG   0   0   0   0   0   0 |     GCG   0   0   0   0   0   0 |     GAG   0   0   1   0   0   0 |     GGG   0   0   0   0   0   0
--------------------------------------------------------------------------------------------------------------------------------------

--------------------------------------------------------------------------------------------------------------------------------------
Phe TTT   3   3   3   3   3   3 | Ser TCT   1   1   1   1   1   1 | Tyr TAT   0   0   0   0   0   0 | Cys TGT   1   1   1   1   1   1
    TTC   1   1   1   1   1   1 |     TCC   0   0   0   0   0   0 |     TAC   0   0   0   0   0   0 |     TGC   1   1   1   1   1   1
Leu TTA   1   0   1   1   1   1 |     TCA   0   0   0   0   0   0 | *** TAA   0   0   0   0   0   0 | *** TGA   0   0   0   0   0   0
    TTG   5   6   5   5   5   4 |     TCG   0   0   0   0   0   0 |     TAG   0   0   0   0   0   0 | Trp TGG   0   0   0   0   0   0
--------------------------------------------------------------------------------------------------------------------------------------
Leu CTT   1   1   1   1   1   1 | Pro CCT   0   0   0   0   0   0 | His CAT   0   0   0   0   0   0 | Arg CGT   0   0   0   0   0   0
    CTC   0   0   0   0   0   0 |     CCC   0   0   0   0   0   0 |     CAC   0   0   0   0   0   0 |     CGC   0   0   0   0   0   0
    CTA   0   0   0   0   0   0 |     CCA   1   1   1   1   1   1 | Gln CAA   0   0   0   0   0   0 |     CGA   0   0   0   0   0   0
    CTG   0   0   0   0   0   1 |     CCG   0   0   0   0   0   0 |     CAG   0   0   0   0   0   0 |     CGG   0   0   0   0   0   0
--------------------------------------------------------------------------------------------------------------------------------------
Ile ATT   1   1   1   1   1   1 | Thr ACT   4   3   3   3   3   3 | Asn AAT   2   2   2   2   2   2 | Ser AGT   1   1   1   1   1   1
    ATC   0   0   0   0   0   0 |     ACC   1   1   1   1   1   1 |     AAC   2   2   2   2   2   2 |     AGC   0   0   0   0   0   0
    ATA   0   0   0   0   0   0 |     ACA   0   0   1   0   1   0 | Lys AAA   1   1   1   1   1   1 | Arg AGA   3   3   3   3   2   3
Met ATG   1   1   1   1   1   1 |     ACG   0   1   0   1   0   1 |     AAG   1   1   1   1   1   1 |     AGG   1   1   1   1   2   1
--------------------------------------------------------------------------------------------------------------------------------------
Val GTT   0   2   0   0   0   0 | Ala GCT   2   2   2   2   2   2 | Asp GAT   2   2   2   2   2   2 | Gly GGT   0   0   0   0   0   0
    GTC   3   1   3   3   3   3 |     GCC   1   1   1   1   1   1 |     GAC   1   1   1   1   1   1 |     GGC   0   0   0   0   0   0
    GTA   0   0   0   0   0   0 |     GCA   0   0   0   0   0   0 | Glu GAA   2   2   2   2   2   2 |     GGA   1   1   1   1   1   1
    GTG   0   0   0   0   0   0 |     GCG   0   0   0   0   0   0 |     GAG   0   0   0   0   0   0 |     GGG   0   0   0   0   0   0
--------------------------------------------------------------------------------------------------------------------------------------

--------------------------------------------------------------------------------------------------------------------------------------
Phe TTT   3   3   3   3   3   3 | Ser TCT   1   1   1   1   1   1 | Tyr TAT   0   0   0   0   0   0 | Cys TGT   1   1   1   1   1   1
    TTC   1   1   1   1   1   1 |     TCC   0   0   0   0   0   0 |     TAC   0   0   0   0   0   0 |     TGC   1   1   1   1   1   1
Leu TTA   1   0   1   1   1   1 |     TCA   0   0   0   0   0   0 | *** TAA   0   0   0   0   0   0 | *** TGA   0   0   0   0   0   0
    TTG   5   6   5   4   5   5 |     TCG   0   0   0   0   0   0 |     TAG   0   0   0   0   0   0 | Trp TGG   0   0   0   0   0   0
--------------------------------------------------------------------------------------------------------------------------------------
Leu CTT   1   1   1   1   1   1 | Pro CCT   0   0   0   0   0   0 | His CAT   0   0   0   0   0   0 | Arg CGT   0   0   0   0   0   0
    CTC   0   0   0   0   0   0 |     CCC   0   0   0   0   0   0 |     CAC   0   0   0   0   0   0 |     CGC   0   0   0   0   0   0
    CTA   0   0   0   0   0   0 |     CCA   1   1   1   1   1   1 | Gln CAA   0   0   0   0   0   0 |     CGA   0   0   0   0   0   0
    CTG   0   0   0   1   0   0 |     CCG   0   0   0   0   0   0 |     CAG   0   0   0   0   0   0 |     CGG   0   0   0   0   0   0
--------------------------------------------------------------------------------------------------------------------------------------
Ile ATT   1   1   1   1   1   1 | Thr ACT   3   3   3   3   4   3 | Asn AAT   2   2   3   2   2   2 | Ser AGT   1   1   1   1   1   1
    ATC   0   0   0   0   0   0 |     ACC   1   1   1   1   1   1 |     AAC   2   2   1   2   2   2 |     AGC   0   0   0   0   0   0
    ATA   0   0   0   0   0   0 |     ACA   0   0   0   0   0   1 | Lys AAA   1   1   1   1   1   1 | Arg AGA   3   3   3   3   3   3
Met ATG   1   1   1   1   1   1 |     ACG   1   1   1   1   0   0 |     AAG   1   1   1   1   1   1 |     AGG   1   1   1   1   1   1
--------------------------------------------------------------------------------------------------------------------------------------
Val GTT   1   0   1   0   0   0 | Ala GCT   2   2   2   2   2   2 | Asp GAT   2   2   2   2   2   2 | Gly GGT   0   0   0   0   0   0
    GTC   2   3   2   3   3   3 |     GCC   1   1   1   1   1   1 |     GAC   1   1   1   1   1   1 |     GGC   0   0   0   0   0   0
    GTA   0   0   0   0   0   0 |     GCA   0   0   0   0   0   0 | Glu GAA   2   2   2   2   2   2 |     GGA   1   1   1   1   1   1
    GTG   0   0   0   0   0   0 |     GCG   0   0   0   0   0   0 |     GAG   0   0   0   0   0   0 |     GGG   0   0   0   0   0   0
--------------------------------------------------------------------------------------------------------------------------------------

--------------------------------------------------------------------------------------------------------------------------------------
Phe TTT   3   3   3   3   3   3 | Ser TCT   1   1   1   1   1   1 | Tyr TAT   0   0   0   0   0   0 | Cys TGT   1   1   1   1   1   1
    TTC   1   1   1   1   1   1 |     TCC   0   0   0   0   0   1 |     TAC   0   0   0   0   0   0 |     TGC   1   1   1   1   1   1
Leu TTA   1   1   1   1   0   2 |     TCA   0   0   0   0   0   0 | *** TAA   0   0   0   0   0   0 | *** TGA   0   0   0   0   0   0
    TTG   5   5   5   5   6   4 |     TCG   0   0   0   0   0   0 |     TAG   0   0   0   0   0   0 | Trp TGG   0   0   0   0   0   0
--------------------------------------------------------------------------------------------------------------------------------------
Leu CTT   1   1   1   1   1   1 | Pro CCT   0   0   0   0   0   0 | His CAT   0   0   0   0   0   0 | Arg CGT   0   0   0   0   0   0
    CTC   0   0   0   0   0   0 |     CCC   0   0   0   0   0   0 |     CAC   0   0   0   0   0   0 |     CGC   0   0   0   0   0   0
    CTA   0   0   0   0   0   0 |     CCA   1   1   1   1   1   1 | Gln CAA   0   0   0   0   0   0 |     CGA   0   0   0   0   0   0
    CTG   0   0   0   0   0   0 |     CCG   0   0   0   0   0   0 |     CAG   0   0   0   0   0   0 |     CGG   0   0   0   0   0   0
--------------------------------------------------------------------------------------------------------------------------------------
Ile ATT   1   1   1   1   1   1 | Thr ACT   3   4   3   3   3   3 | Asn AAT   2   2   2   2   2   2 | Ser AGT   1   1   1   1   1   1
    ATC   0   0   0   0   0   0 |     ACC   1   1   1   1   1   1 |     AAC   2   2   2   2   2   2 |     AGC   0   0   0   0   0   0
    ATA   0   0   0   0   0   0 |     ACA   1   0   1   1   0   0 | Lys AAA   1   1   1   1   1   1 | Arg AGA   3   3   3   3   3   3
Met ATG   1   1   1   1   1   1 |     ACG   0   0   0   0   1   1 |     AAG   1   1   1   1   1   1 |     AGG   1   1   1   1   1   1
--------------------------------------------------------------------------------------------------------------------------------------
Val GTT   0   0   0   0   0   0 | Ala GCT   2   2   2   2   2   2 | Asp GAT   2   2   2   2   2   2 | Gly GGT   0   0   0   0   0   0
    GTC   3   3   3   3   3   3 |     GCC   1   1   1   1   1   0 |     GAC   1   1   1   1   1   1 |     GGC   0   0   0   0   0   0
    GTA   0   0   0   0   0   0 |     GCA   0   0   0   0   0   0 | Glu GAA   2   2   2   2   2   2 |     GGA   1   1   1   1   1   1
    GTG   0   0   0   0   0   0 |     GCG   0   0   0   0   0   0 |     GAG   0   0   0   0   0   0 |     GGG   0   0   0   0   0   0
--------------------------------------------------------------------------------------------------------------------------------------

--------------------------------------------------------------------------------------------------------------------------------------
Phe TTT   3   3   3   3   3   3 | Ser TCT   1   1   1   1   1   1 | Tyr TAT   0   0   0   0   0   0 | Cys TGT   1   1   1   1   1   0
    TTC   1   1   1   1   1   1 |     TCC   0   0   0   0   0   0 |     TAC   0   0   0   0   0   0 |     TGC   1   1   1   1   1   2
Leu TTA   1   1   1   1   0   0 |     TCA   0   0   0   0   0   0 | *** TAA   0   0   0   0   0   0 | *** TGA   0   0   0   0   0   0
    TTG   5   5   5   5   6   6 |     TCG   0   0   0   0   0   0 |     TAG   0   0   0   0   0   0 | Trp TGG   0   0   0   0   0   0
--------------------------------------------------------------------------------------------------------------------------------------
Leu CTT   1   1   1   1   1   1 | Pro CCT   0   0   0   0   0   0 | His CAT   0   0   0   0   0   0 | Arg CGT   0   0   0   0   0   0
    CTC   0   0   0   0   0   0 |     CCC   0   0   0   0   0   0 |     CAC   0   0   0   0   0   0 |     CGC   0   0   0   0   0   0
    CTA   0   0   0   0   0   0 |     CCA   1   1   1   1   1   1 | Gln CAA   0   0   0   0   0   0 |     CGA   0   0   0   0   0   0
    CTG   0   0   0   0   0   0 |     CCG   0   0   0   0   0   0 |     CAG   0   0   0   0   0   0 |     CGG   0   0   0   0   0   0
--------------------------------------------------------------------------------------------------------------------------------------
Ile ATT   1   1   1   1   1   1 | Thr ACT   4   3   3   3   3   3 | Asn AAT   2   2   2   2   2   2 | Ser AGT   1   1   1   1   1   1
    ATC   0   0   0   0   0   0 |     ACC   1   1   1   1   1   1 |     AAC   2   2   2   2   2   2 |     AGC   0   0   0   0   0   0
    ATA   0   0   0   0   0   0 |     ACA   0   0   0   1   0   0 | Lys AAA   1   1   1   1   1   1 | Arg AGA   3   3   3   3   3   3
Met ATG   1   1   1   1   1   1 |     ACG   0   1   1   0   1   1 |     AAG   1   1   1   1   1   1 |     AGG   1   1   1   1   1   1
--------------------------------------------------------------------------------------------------------------------------------------
Val GTT   0   0   0   0   1   1 | Ala GCT   2   2   2   2   2   2 | Asp GAT   2   2   2   2   2   2 | Gly GGT   0   0   0   0   0   0
    GTC   3   3   3   3   2   2 |     GCC   1   1   1   1   1   1 |     GAC   1   1   1   1   1   1 |     GGC   0   0   0   0   0   0
    GTA   0   0   0   0   0   0 |     GCA   0   0   0   0   0   0 | Glu GAA   2   2   2   2   2   2 |     GGA   1   1   1   1   1   1
    GTG   0   0   0   0   0   0 |     GCG   0   0   0   0   0   0 |     GAG   0   0   0   0   0   0 |     GGG   0   0   0   0   0   0
--------------------------------------------------------------------------------------------------------------------------------------

Codon position x base (3x4) table for each sequence.

#1: Argali         
position  1:    T:0.28889    C:0.04444    A:0.40000    G:0.26667
position  2:    T:0.35556    C:0.22222    A:0.24444    G:0.17778
position  3:    T:0.37778    C:0.22222    A:0.20000    G:0.20000
Average         T:0.34074    C:0.16296    A:0.28148    G:0.21481

#2: LesserMouseDeer
position  1:    T:0.26667    C:0.06667    A:0.40000    G:0.26667
position  2:    T:0.35556    C:0.20000    A:0.26667    G:0.17778
position  3:    T:0.40000    C:0.20000    A:0.26667    G:0.13333
Average         T:0.34074    C:0.15556    A:0.31111    G:0.19259

#3: LesserKudu     
position  1:    T:0.28889    C:0.04444    A:0.40000    G:0.26667
position  2:    T:0.35556    C:0.22222    A:0.24444    G:0.17778
position  3:    T:0.40000    C:0.20000    A:0.17778    G:0.22222
Average         T:0.34815    C:0.15556    A:0.27407    G:0.22222

#4: ForestMuskDeer2
position  1:    T:0.28889    C:0.04444    A:0.40000    G:0.26667
position  2:    T:0.35556    C:0.22222    A:0.24444    G:0.17778
position  3:    T:0.37778    C:0.22222    A:0.22222    G:0.17778
Average         T:0.34074    C:0.16296    A:0.28889    G:0.20741

#5: Camel          
position  1:    T:0.26667    C:0.06667    A:0.40000    G:0.26667
position  2:    T:0.35556    C:0.20000    A:0.26667    G:0.17778
position  3:    T:0.40000    C:0.20000    A:0.24444    G:0.15556
Average         T:0.34074    C:0.15556    A:0.30370    G:0.20000

#6: KillerWhale    
position  1:    T:0.26667    C:0.06667    A:0.40000    G:0.26667
position  2:    T:0.35556    C:0.20000    A:0.26667    G:0.17778
position  3:    T:0.40000    C:0.20000    A:0.24444    G:0.15556
Average         T:0.34074    C:0.15556    A:0.30370    G:0.20000

#7: DefassaWaterbuck
position  1:    T:0.26667    C:0.06667    A:0.40000    G:0.26667
position  2:    T:0.35556    C:0.22222    A:0.24444    G:0.17778
position  3:    T:0.40000    C:0.20000    A:0.20000    G:0.20000
Average         T:0.34074    C:0.16296    A:0.28148    G:0.21481

#8: Sheep          
position  1:    T:0.28889    C:0.04444    A:0.40000    G:0.26667
position  2:    T:0.35556    C:0.22222    A:0.24444    G:0.17778
position  3:    T:0.40000    C:0.20000    A:0.20000    G:0.20000
Average         T:0.34815    C:0.15556    A:0.28148    G:0.21481

#9: MaxwellsDuiker 
position  1:    T:0.28889    C:0.04444    A:0.40000    G:0.26667
position  2:    T:0.35556    C:0.22222    A:0.24444    G:0.17778
position  3:    T:0.37778    C:0.22222    A:0.20000    G:0.20000
Average         T:0.34074    C:0.16296    A:0.28148    G:0.21481

#10: GazellaPrzewalskyi
position  1:    T:0.28889    C:0.04444    A:0.40000    G:0.26667
position  2:    T:0.35556    C:0.22222    A:0.24444    G:0.17778
position  3:    T:0.40000    C:0.22222    A:0.20000    G:0.17778
Average         T:0.34815    C:0.16296    A:0.28148    G:0.20741

#11: MountainNyala  
position  1:    T:0.28889    C:0.04444    A:0.40000    G:0.26667
position  2:    T:0.35556    C:0.22222    A:0.24444    G:0.17778
position  3:    T:0.42222    C:0.17778    A:0.17778    G:0.22222
Average         T:0.35556    C:0.14815    A:0.27407    G:0.22222

#12: MuntiacusMuntjak
position  1:    T:0.28889    C:0.04444    A:0.40000    G:0.26667
position  2:    T:0.35556    C:0.22222    A:0.24444    G:0.17778
position  3:    T:0.37778    C:0.22222    A:0.22222    G:0.17778
Average         T:0.34074    C:0.16296    A:0.28889    G:0.20741

#13: goat           
position  1:    T:0.28889    C:0.04444    A:0.40000    G:0.26667
position  2:    T:0.35556    C:0.22222    A:0.24444    G:0.17778
position  3:    T:0.37778    C:0.22222    A:0.17778    G:0.22222
Average         T:0.34074    C:0.16296    A:0.27407    G:0.22222

#14: AfricanBuffalo 
position  1:    T:0.28889    C:0.04444    A:0.40000    G:0.26667
position  2:    T:0.35556    C:0.22222    A:0.24444    G:0.17778
position  3:    T:0.37778    C:0.22222    A:0.17778    G:0.22222
Average         T:0.34074    C:0.16296    A:0.27407    G:0.22222

#15: Topi           
position  1:    T:0.28889    C:0.04444    A:0.40000    G:0.26667
position  2:    T:0.35556    C:0.22222    A:0.24444    G:0.17778
position  3:    T:0.37778    C:0.22222    A:0.20000    G:0.20000
Average         T:0.34074    C:0.16296    A:0.28148    G:0.21481

#16: CommonDuiker   
position  1:    T:0.28889    C:0.04444    A:0.40000    G:0.26667
position  2:    T:0.35556    C:0.22222    A:0.24444    G:0.17778
position  3:    T:0.37778    C:0.22222    A:0.20000    G:0.20000
Average         T:0.34074    C:0.16296    A:0.28148    G:0.21481

#17: Suni           
position  1:    T:0.28889    C:0.04444    A:0.40000    G:0.26667
position  2:    T:0.35556    C:0.22222    A:0.24444    G:0.17778
position  3:    T:0.37778    C:0.22222    A:0.20000    G:0.20000
Average         T:0.34074    C:0.16296    A:0.28148    G:0.21481

#18: Springbuck     
position  1:    T:0.28889    C:0.04444    A:0.40000    G:0.26667
position  2:    T:0.35556    C:0.22222    A:0.24444    G:0.17778
position  3:    T:0.40000    C:0.22222    A:0.20000    G:0.17778
Average         T:0.34815    C:0.16296    A:0.28148    G:0.20741

#19: Okapi          
position  1:    T:0.28889    C:0.04444    A:0.40000    G:0.26667
position  2:    T:0.35556    C:0.22222    A:0.24444    G:0.17778
position  3:    T:0.37778    C:0.22222    A:0.22222    G:0.17778
Average         T:0.34074    C:0.16296    A:0.28889    G:0.20741

#20: Giraffe        
position  1:    T:0.28889    C:0.04444    A:0.40000    G:0.26667
position  2:    T:0.35556    C:0.22222    A:0.24444    G:0.17778
position  3:    T:0.37778    C:0.22222    A:0.22222    G:0.17778
Average         T:0.34074    C:0.16296    A:0.28889    G:0.20741

#21: TibetanAntelope
position  1:    T:0.28889    C:0.04444    A:0.40000    G:0.26667
position  2:    T:0.35556    C:0.22222    A:0.24444    G:0.17778
position  3:    T:0.37778    C:0.22222    A:0.20000    G:0.20000
Average         T:0.34074    C:0.16296    A:0.28148    G:0.21481

#22: Sitatunga      
position  1:    T:0.28889    C:0.04444    A:0.40000    G:0.26667
position  2:    T:0.35556    C:0.22222    A:0.24444    G:0.17778
position  3:    T:0.42222    C:0.17778    A:0.17778    G:0.22222
Average         T:0.35556    C:0.14815    A:0.27407    G:0.22222

#23: Oribi          
position  1:    T:0.26667    C:0.06667    A:0.40000    G:0.26667
position  2:    T:0.35556    C:0.22222    A:0.24444    G:0.17778
position  3:    T:0.40000    C:0.22222    A:0.20000    G:0.17778
Average         T:0.34074    C:0.17037    A:0.28148    G:0.20741

#24: BarbarySheep   
position  1:    T:0.28889    C:0.04444    A:0.40000    G:0.26667
position  2:    T:0.35556    C:0.22222    A:0.24444    G:0.17778
position  3:    T:0.40000    C:0.20000    A:0.20000    G:0.20000
Average         T:0.34815    C:0.15556    A:0.28148    G:0.21481

#25: Daviddeer      
position  1:    T:0.28889    C:0.04444    A:0.40000    G:0.26667
position  2:    T:0.35556    C:0.22222    A:0.24444    G:0.17778
position  3:    T:0.37778    C:0.22222    A:0.22222    G:0.17778
Average         T:0.34074    C:0.16296    A:0.28889    G:0.20741

#26: Reindeer       
position  1:    T:0.28889    C:0.04444    A:0.40000    G:0.26667
position  2:    T:0.35556    C:0.22222    A:0.24444    G:0.17778
position  3:    T:0.37778    C:0.22222    A:0.22222    G:0.17778
Average         T:0.34074    C:0.16296    A:0.28889    G:0.20741

#27: Ibex           
position  1:    T:0.28889    C:0.04444    A:0.40000    G:0.26667
position  2:    T:0.35556    C:0.22222    A:0.24444    G:0.17778
position  3:    T:0.37778    C:0.22222    A:0.17778    G:0.22222
Average         T:0.34074    C:0.16296    A:0.27407    G:0.22222

#28: GyrantGazelle  
position  1:    T:0.28889    C:0.04444    A:0.40000    G:0.26667
position  2:    T:0.35556    C:0.22222    A:0.24444    G:0.17778
position  3:    T:0.40000    C:0.22222    A:0.20000    G:0.17778
Average         T:0.34815    C:0.16296    A:0.28148    G:0.20741

#29: Hartebeest     
position  1:    T:0.28889    C:0.04444    A:0.40000    G:0.26667
position  2:    T:0.35556    C:0.22222    A:0.24444    G:0.17778
position  3:    T:0.37778    C:0.22222    A:0.20000    G:0.20000
Average         T:0.34074    C:0.16296    A:0.28148    G:0.21481

#30: Bongo          
position  1:    T:0.28889    C:0.04444    A:0.40000    G:0.26667
position  2:    T:0.35556    C:0.22222    A:0.24444    G:0.17778
position  3:    T:0.42222    C:0.17778    A:0.17778    G:0.22222
Average         T:0.35556    C:0.14815    A:0.27407    G:0.22222

#31: Gerenuk        
position  1:    T:0.28889    C:0.04444    A:0.40000    G:0.26667
position  2:    T:0.35556    C:0.22222    A:0.24444    G:0.17778
position  3:    T:0.40000    C:0.22222    A:0.20000    G:0.17778
Average         T:0.34815    C:0.16296    A:0.28148    G:0.20741

#32: CommonEland    
position  1:    T:0.28889    C:0.04444    A:0.40000    G:0.26667
position  2:    T:0.35556    C:0.22222    A:0.24444    G:0.17778
position  3:    T:0.42222    C:0.17778    A:0.17778    G:0.22222
Average         T:0.35556    C:0.14815    A:0.27407    G:0.22222

#33: MuntiacusReevesi
position  1:    T:0.28889    C:0.04444    A:0.40000    G:0.26667
position  2:    T:0.35556    C:0.22222    A:0.24444    G:0.17778
position  3:    T:0.37778    C:0.22222    A:0.22222    G:0.17778
Average         T:0.34074    C:0.16296    A:0.28889    G:0.20741

#34: HarveysDuiker  
position  1:    T:0.28889    C:0.04444    A:0.40000    G:0.26667
position  2:    T:0.35556    C:0.22222    A:0.24444    G:0.17778
position  3:    T:0.37778    C:0.22222    A:0.20000    G:0.20000
Average         T:0.34074    C:0.16296    A:0.28148    G:0.21481

#35: Pronghorn      
position  1:    T:0.28889    C:0.04444    A:0.40000    G:0.26667
position  2:    T:0.35556    C:0.22222    A:0.24444    G:0.17778
position  3:    T:0.37778    C:0.22222    A:0.20000    G:0.20000
Average         T:0.34074    C:0.16296    A:0.28148    G:0.21481

#36: BlueWildebeest 
position  1:    T:0.26667    C:0.06667    A:0.40000    G:0.26667
position  2:    T:0.35556    C:0.22222    A:0.24444    G:0.17778
position  3:    T:0.37778    C:0.22222    A:0.20000    G:0.20000
Average         T:0.33333    C:0.17037    A:0.28148    G:0.21481

#37: Gemsbok        
position  1:    T:0.28889    C:0.04444    A:0.40000    G:0.26667
position  2:    T:0.35556    C:0.22222    A:0.24444    G:0.17778
position  3:    T:0.40000    C:0.20000    A:0.20000    G:0.20000
Average         T:0.34815    C:0.15556    A:0.28148    G:0.21481

#38: Yak            
position  1:    T:0.28889    C:0.04444    A:0.40000    G:0.26667
position  2:    T:0.35556    C:0.22222    A:0.24444    G:0.17778
position  3:    T:0.37778    C:0.22222    A:0.17778    G:0.22222
Average         T:0.34074    C:0.16296    A:0.27407    G:0.22222

#39: BlueSheep      
position  1:    T:0.28889    C:0.04444    A:0.40000    G:0.26667
position  2:    T:0.35556    C:0.22222    A:0.24444    G:0.17778
position  3:    T:0.42222    C:0.17778    A:0.20000    G:0.20000
Average         T:0.35556    C:0.14815    A:0.28148    G:0.21481

#40: BohorReedbuck  
position  1:    T:0.26667    C:0.06667    A:0.40000    G:0.26667
position  2:    T:0.35556    C:0.22222    A:0.24444    G:0.17778
position  3:    T:0.37778    C:0.22222    A:0.20000    G:0.20000
Average         T:0.33333    C:0.17037    A:0.28148    G:0.21481

#41: KirksDik       
position  1:    T:0.28889    C:0.04444    A:0.40000    G:0.26667
position  2:    T:0.35556    C:0.22222    A:0.24444    G:0.17778
position  3:    T:0.40000    C:0.22222    A:0.20000    G:0.17778
Average         T:0.34815    C:0.16296    A:0.28148    G:0.20741

#42: RoeDeer        
position  1:    T:0.28889    C:0.04444    A:0.40000    G:0.26667
position  2:    T:0.35556    C:0.22222    A:0.24444    G:0.17778
position  3:    T:0.37778    C:0.22222    A:0.22222    G:0.17778
Average         T:0.34074    C:0.16296    A:0.28889    G:0.20741

#43: WhiteLippedDeer
position  1:    T:0.28889    C:0.04444    A:0.40000    G:0.26667
position  2:    T:0.35556    C:0.22222    A:0.24444    G:0.17778
position  3:    T:0.37778    C:0.22222    A:0.22222    G:0.17778
Average         T:0.34074    C:0.16296    A:0.28889    G:0.20741

#44: ThomsonGazelle 
position  1:    T:0.28889    C:0.04444    A:0.40000    G:0.26667
position  2:    T:0.35556    C:0.22222    A:0.24444    G:0.17778
position  3:    T:0.40000    C:0.22222    A:0.20000    G:0.17778
Average         T:0.34815    C:0.16296    A:0.28148    G:0.20741

#45: MuntiacusCrinifrons
position  1:    T:0.28889    C:0.04444    A:0.40000    G:0.26667
position  2:    T:0.35556    C:0.22222    A:0.24444    G:0.17778
position  3:    T:0.37778    C:0.22222    A:0.22222    G:0.17778
Average         T:0.34074    C:0.16296    A:0.28889    G:0.20741

#46: WhiteTailedDeer
position  1:    T:0.28889    C:0.04444    A:0.40000    G:0.26667
position  2:    T:0.35556    C:0.22222    A:0.24444    G:0.17778
position  3:    T:0.37778    C:0.22222    A:0.22222    G:0.17778
Average         T:0.34074    C:0.16296    A:0.28889    G:0.20741

#47: Cattle         
position  1:    T:0.28889    C:0.04444    A:0.40000    G:0.26667
position  2:    T:0.35556    C:0.22222    A:0.24444    G:0.17778
position  3:    T:0.37778    C:0.22222    A:0.17778    G:0.22222
Average         T:0.34074    C:0.16296    A:0.27407    G:0.22222

#48: RoyalAntelope  
position  1:    T:0.31111    C:0.04444    A:0.40000    G:0.24444
position  2:    T:0.35556    C:0.22222    A:0.24444    G:0.17778
position  3:    T:0.37778    C:0.22222    A:0.22222    G:0.17778
Average         T:0.34815    C:0.16296    A:0.28889    G:0.20000

#49: Steenbok       
position  1:    T:0.28889    C:0.04444    A:0.40000    G:0.26667
position  2:    T:0.35556    C:0.22222    A:0.24444    G:0.17778
position  3:    T:0.40000    C:0.22222    A:0.20000    G:0.17778
Average         T:0.34815    C:0.16296    A:0.28148    G:0.20741

#50: Impala         
position  1:    T:0.28889    C:0.04444    A:0.40000    G:0.26667
position  2:    T:0.35556    C:0.22222    A:0.24444    G:0.17778
position  3:    T:0.37778    C:0.22222    A:0.20000    G:0.20000
Average         T:0.34074    C:0.16296    A:0.28148    G:0.21481

#51: Klipspringer   
position  1:    T:0.28889    C:0.04444    A:0.40000    G:0.26667
position  2:    T:0.35556    C:0.22222    A:0.24444    G:0.17778
