1
52 1
Argali 0.000000 0.203400 0.063800 0.232800 0.035200 0.017600 0.017600 0.045000 0.063600 0.055000 0.000000 0.044200 0.026200 0.026600 0.026300 0.035100 0.072600 0.102100 0.044700 0.063400 0.026600 0.008700 0.054600 0.044900 0.000000 0.026600 0.026200 0.072700 0.053900 0.054700 0.065300 0.026300 0.102300 0.017300 0.026700 0.044600 0.000000 0.017500 0.017600 0.054300 0.054900 0.026500 0.055500 0.063000 0.044600 0.017500 0.026300 0.035900 0.034900 0.071900 0.073400 0.054600
LesserMous 0.203400 0.000000 0.193400 0.246100 0.236300 0.227600 0.203900 0.229800 0.218800 0.196600 0.203500 0.200700 0.235900 0.193600 0.213100 0.224900 0.205900 0.195200 0.264600 0.206700 0.204900 0.213100 0.231500 0.228700 0.203500 0.205400 0.212700 0.229000 0.227300 0.205700 0.235300 0.213800 0.240800 0.223700 0.215200 0.213000 0.203500 0.226200 0.180900 0.219000 0.232800 0.215700 0.222100 0.250400 0.213300 0.180100 0.213400 0.206200 0.222900 0.201900 0.228100 0.205500
LesserKudu 0.063800 0.193400 0.000000 0.248900 0.101500 0.083200 0.063900 0.084100 0.018200 0.105000 0.063900 0.072200 0.072800 0.073900 0.072800 0.082300 0.113100 0.144600 0.113000 0.009000 0.064300 0.072800 0.104400 0.093500 0.063900 0.073900 0.054000 0.027200 0.083300 0.009000 0.116800 0.073000 0.165500 0.063200 0.073300 0.072800 0.063900 0.082800 0.064000 0.103800 0.105000 0.073700 0.104000 0.112600 0.072900 0.045000 0.072900 0.064700 0.081700 0.121700 0.026900 0.008900
KillerWhal 0.232800 0.246100 0.248900 0.000000 0.265900 0.257200 0.233200 0.236400 0.276500 0.226900 0.232900 0.255500 0.265500 0.222800 0.219300 0.254800 0.223100 0.212400 0.294700 0.263800 0.234500 0.242600 0.273300 0.234800 0.232900 0.235200 0.241700 0.262100 0.257200 0.262200 0.266300 0.243100 0.244500 0.253200 0.271100 0.234000 0.232900 0.255800 0.210000 0.236100 0.274900 0.245300 0.253000 0.256200 0.234500 0.209100 0.243000 0.235900 0.216700 0.267700 0.285600 0.261600
DefassaWat 0.035200 0.236300 0.101500 0.265900 0.000000 0.053500 0.053300 0.081900 0.102300 0.083100 0.035200 0.080500 0.062000 0.062800 0.061800 0.071100 0.110300 0.131100 0.081600 0.102000 0.062700 0.043900 0.092100 0.081700 0.035200 0.043900 0.062000 0.111400 0.081400 0.092100 0.094000 0.062100 0.141100 0.052700 0.063100 0.081200 0.035200 0.017500 0.044200 0.071600 0.092600 0.062600 0.083800 0.100200 0.081300 0.053000 0.062000 0.072500 0.070600 0.109200 0.111500 0.092000
Sheep 0.017600 0.227600 0.083200 0.257200 0.053500 0.000000 0.035600 0.063900 0.083500 0.074300 0.017600 0.062800 0.044300 0.045000 0.044400 0.053400 0.092000 0.122400 0.063600 0.083200 0.044900 0.026300 0.073900 0.063700 0.017600 0.045000 0.044300 0.092600 0.072900 0.073900 0.085200 0.044500 0.122700 0.035200 0.045100 0.063300 0.017600 0.035500 0.035600 0.073500 0.074300 0.044900 0.075000 0.082100 0.063400 0.035400 0.044400 0.054600 0.053100 0.091200 0.093100 0.073800
MaxwellsDu 0.017600 0.203900 0.063900 0.233200 0.053300 0.035600 0.000000 0.045100 0.063800 0.055100 0.017600 0.044300 0.044200 0.026700 0.026300 0.035200 0.072800 0.102300 0.063400 0.063700 0.026600 0.026300 0.054700 0.052900 0.017600 0.026700 0.044200 0.072900 0.054000 0.054700 0.065400 0.026400 0.112000 0.035100 0.045000 0.044700 0.017600 0.035400 0.017600 0.062800 0.055000 0.026600 0.055600 0.071100 0.044700 0.017500 0.026300 0.035900 0.034900 0.072000 0.073500 0.062800
GazellaPrz 0.045000 0.229800 0.084100 0.236400 0.081900 0.063900 0.045100 0.000000 0.094600 0.084900 0.045000 0.072700 0.072600 0.054700 0.054000 0.044800 0.082700 0.123100 0.092900 0.084000 0.026900 0.053900 0.084400 0.082400 0.045000 0.036200 0.063200 0.103800 0.063900 0.084300 0.096100 0.054100 0.144000 0.063000 0.073900 0.073300 0.045000 0.063600 0.045000 0.092700 0.084800 0.036100 0.085700 0.101200 0.073400 0.035800 0.035600 0.064500 0.062800 0.101700 0.103900 0.093100
MountainNy 0.063600 0.218800 0.018200 0.276500 0.102300 0.083500 0.063800 0.094600 0.000000 0.105800 0.063800 0.072500 0.072800 0.074000 0.073100 0.082300 0.123900 0.156500 0.113500 0.018300 0.074300 0.073000 0.105400 0.094000 0.063800 0.074100 0.072700 0.009100 0.074200 0.009100 0.117900 0.073200 0.167000 0.063100 0.073300 0.073000 0.063800 0.083200 0.064000 0.104500 0.106000 0.073800 0.097400 0.113200 0.072900 0.063600 0.073200 0.065000 0.082000 0.122700 0.009000 0.009100
MuntiacusM 0.055000 0.196600 0.105000 0.226900 0.083100 0.074300 0.055100 0.084900 0.105800 0.000000 0.055000 0.083200 0.083000 0.065000 0.064000 0.071200 0.103600 0.114300 0.104100 0.105400 0.064900 0.064000 0.045800 0.036100 0.055000 0.055500 0.083000 0.115600 0.074200 0.095400 0.027500 0.064200 0.145200 0.073200 0.084600 0.084000 0.055000 0.073900 0.036300 0.036300 0.046000 0.064800 0.018100 0.054300 0.084100 0.054800 0.064100 0.075000 0.072900 0.102600 0.115300 0.095200
goat 0.000000 0.203500 0.063900 0.232900 0.035200 0.017600 0.017600 0.045000 0.063800 0.055000 0.000000 0.044200 0.026200 0.026600 0.026300 0.035200 0.072600 0.102100 0.044800 0.063600 0.026600 0.008700 0.054700 0.044900 0.000000 0.026600 0.026200 0.072800 0.053900 0.054700 0.065300 0.026300 0.102300 0.017400 0.026700 0.044600 0.000000 0.017500 0.017600 0.054400 0.055000 0.026600 0.055500 0.063000 0.044700 0.017500 0.026300 0.035900 0.034900 0.072000 0.073500 0.054600
AfricanBuf 0.044200 0.200700 0.072200 0.255500 0.080500 0.062800 0.044300 0.072700 0.072500 0.083200 0.044200 0.000000 0.071300 0.053700 0.053000 0.062100 0.081800 0.111500 0.091200 0.072300 0.053700 0.053000 0.082700 0.080600 0.044200 0.053800 0.071300 0.081400 0.081600 0.063100 0.094200 0.053100 0.131400 0.061900 0.053300 0.017300 0.044200 0.062400 0.044300 0.090700 0.083200 0.053600 0.084000 0.099000 0.017300 0.044100 0.053000 0.063300 0.052600 0.099900 0.081800 0.071400
Topi 0.026200 0.235900 0.072800 0.265500 0.062000 0.044300 0.044200 0.072600 0.072800 0.083000 0.026200 0.071300 0.000000 0.053600 0.052900 0.062000 0.100600 0.131100 0.072100 0.072500 0.053600 0.034900 0.082600 0.072300 0.026200 0.053700 0.017300 0.081800 0.081500 0.063600 0.092700 0.035100 0.131300 0.008600 0.053800 0.071900 0.026200 0.044200 0.044200 0.082100 0.083000 0.053500 0.082300 0.090700 0.072000 0.044000 0.053000 0.063200 0.061600 0.081000 0.082500 0.063500
CommonDuik 0.026600 0.193600 0.073900 0.222800 0.062800 0.045000 0.026700 0.054700 0.074000 0.065000 0.026600 0.053700 0.053600 0.000000 0.035400 0.044500 0.082700 0.112800 0.073200 0.073800 0.035900 0.035400 0.064600 0.062500 0.026600 0.036000 0.053600 0.083100 0.063700 0.064600 0.075700 0.017600 0.122700 0.044300 0.054600 0.054200 0.026600 0.044700 0.026700 0.072600 0.064900 0.035900 0.065600 0.081000 0.054200 0.026500 0.035500 0.045400 0.044100 0.081900 0.083600 0.072800
Suni 0.026300 0.213100 0.072800 0.219300 0.061800 0.044400 0.026300 0.054000 0.073100 0.064000 0.026300 0.053000 0.052900 0.035400 0.000000 0.043900 0.062700 0.091600 0.072200 0.072900 0.035400 0.035000 0.063700 0.035400 0.026300 0.035500 0.052900 0.082100 0.062800 0.063700 0.074600 0.035000 0.101200 0.043700 0.053800 0.053500 0.026300 0.044100 0.026300 0.044700 0.064000 0.035400 0.064700 0.053300 0.053500 0.026200 0.035000 0.044800 0.043600 0.071700 0.082500 0.063600
Springbuck 0.035100 0.224900 0.082300 0.254800 0.071100 0.053400 0.035200 0.044800 0.082300 0.071200 0.035200 0.062100 0.062000 0.044500 0.043900 0.000000 0.091000 0.121100 0.081500 0.082100 0.026400 0.043800 0.071500 0.068600 0.035200 0.026500 0.061900 0.091400 0.053600 0.073000 0.082400 0.044000 0.130900 0.052700 0.063000 0.062500 0.035200 0.053100 0.035200 0.079000 0.071500 0.026400 0.071900 0.087100 0.062600 0.035000 0.026100 0.053900 0.052500 0.090200 0.092000 0.081000
Okapi 0.072600 0.205900 0.113100 0.223100 0.110300 0.092000 0.072800 0.082700 0.123900 0.103600 0.072600 0.081800 0.100600 0.082700 0.062700 0.091000 0.000000 0.035900 0.121800 0.112900 0.072800 0.081500 0.093300 0.063600 0.072600 0.082700 0.091000 0.133200 0.111700 0.113400 0.115100 0.081700 0.092600 0.090700 0.102400 0.101700 0.072600 0.091600 0.072700 0.073400 0.093800 0.082400 0.104500 0.082000 0.101800 0.063000 0.081600 0.092900 0.090400 0.101300 0.133400 0.113200
Giraffe 0.102100 0.195200 0.144600 0.212400 0.131100 0.122400 0.102300 0.123100 0.156500 0.114300 0.102100 0.111500 0.131100 0.112800 0.091600 0.121100 0.035900 0.000000 0.153500 0.134700 0.092800 0.111100 0.124200 0.093000 0.102100 0.103100 0.121100 0.166000 0.122400 0.145000 0.126200 0.111500 0.103000 0.120700 0.133300 0.132400 0.102100 0.121800 0.082800 0.093500 0.124900 0.112600 0.115400 0.111900 0.132600 0.092100 0.111400 0.123600 0.120200 0.111700 0.165700 0.144800
TibetanAnt 0.044700 0.264600 0.113000 0.294700 0.081600 0.063600 0.063400 0.092900 0.113500 0.104100 0.044800 0.091200 0.072100 0.073200 0.072200 0.081500 0.121800 0.153500 0.000000 0.113200 0.073100 0.053600 0.103400 0.092600 0.044800 0.073000 0.072000 0.122800 0.101900 0.103400 0.095600 0.072300 0.153700 0.062600 0.073400 0.092000 0.044800 0.063300 0.063400 0.102800 0.103900 0.072700 0.105000 0.111400 0.092100 0.063000 0.072200 0.083200 0.080900 0.120700 0.123200 0.103300
Sitatunga 0.063400 0.206700 0.009000 0.263800 0.102000 0.083200 0.063700 0.084000 0.018300 0.105400 0.063600 0.072300 0.072500 0.073800 0.072900 0.082100 0.112900 0.134700 0.113200 0.000000 0.054600 0.072700 0.105100 0.093700 0.063600 0.073800 0.062900 0.027500 0.084200 0.009000 0.117500 0.073000 0.166500 0.062900 0.073100 0.072700 0.063600 0.082900 0.063800 0.104200 0.105700 0.073500 0.097100 0.112900 0.072600 0.053900 0.072900 0.064800 0.081700 0.122300 0.027300 0.009000
Oribi 0.026600 0.204900 0.064300 0.234500 0.062700 0.044900 0.026600 0.026900 0.074300 0.064900 0.026600 0.053700 0.053600 0.035900 0.035400 0.026400 0.072800 0.092800 0.073100 0.054600 0.000000 0.035400 0.064500 0.062400 0.026600 0.017800 0.044400 0.083300 0.045100 0.064500 0.075600 0.035500 0.122600 0.044300 0.054500 0.054100 0.026600 0.044700 0.026700 0.072500 0.064900 0.017800 0.065500 0.080900 0.054100 0.017600 0.017600 0.045400 0.044100 0.081800 0.083500 0.073100
BarbaryShe 0.008700 0.213100 0.072800 0.242600 0.043900 0.026300 0.026300 0.053900 0.073000 0.064000 0.008700 0.053000 0.034900 0.035400 0.035000 0.043800 0.081500 0.111100 0.053600 0.072700 0.035400 0.000000 0.063600 0.053700 0.008800 0.035400 0.034900 0.082000 0.062700 0.063600 0.074500 0.035000 0.111400 0.026000 0.035500 0.053400 0.008700 0.026300 0.026300 0.063300 0.063900 0.035300 0.064600 0.071800 0.053500 0.026100 0.035000 0.044700 0.043500 0.080800 0.082500 0.063500
Daviddeer 0.054600 0.231500 0.104400 0.273300 0.092100 0.073900 0.054700 0.084400 0.105400 0.045800 0.054700 0.082700 0.082600 0.064600 0.063700 0.071500 0.093300 0.124200 0.103400 0.105100 0.064500 0.063600 0.000000 0.026900 0.054700 0.064600 0.082600 0.115100 0.093300 0.094800 0.056000 0.063800 0.134300 0.072800 0.084000 0.083400 0.054700 0.073500 0.054800 0.036100 0.000100 0.064400 0.046200 0.044900 0.083600 0.054400 0.063700 0.074600 0.072500 0.092500 0.114600 0.094600
Reindeer 0.044900 0.228700 0.093500 0.234800 0.081700 0.063700 0.052900 0.082400 0.094000 0.036100 0.044900 0.080600 0.072300 0.062500 0.035400 0.068600 0.063600 0.093000 0.092600 0.093700 0.062400 0.053700 0.026900 0.000000 0.044900 0.062500 0.072300 0.103600 0.091300 0.084100 0.046000 0.061900 0.102700 0.062800 0.073600 0.072900 0.044900 0.063400 0.052900 0.008800 0.027000 0.062300 0.036400 0.017400 0.073000 0.052800 0.061900 0.064300 0.070600 0.072800 0.103500 0.083900
Ibex 0.000000 0.203500 0.063900 0.232900 0.035200 0.017600 0.017600 0.045000 0.063800 0.055000 0.000000 0.044200 0.026200 0.026600 0.026300 0.035200 0.072600 0.102100 0.044800 0.063600 0.026600 0.008800 0.054700 0.044900 0.000000 0.026600 0.026200 0.072800 0.053900 0.054700 0.065300 0.026300 0.102300 0.017400 0.026700 0.044600 0.000000 0.017500 0.017600 0.054400 0.055000 0.026600 0.055500 0.063000 0.044700 0.017500 0.026300 0.035900 0.034900 0.072000 0.073500 0.054600
GyrantGaze 0.026600 0.205400 0.073900 0.235200 0.043900 0.045000 0.026700 0.036200 0.074100 0.055500 0.026600 0.053800 0.053700 0.036000 0.035500 0.026500 0.082700 0.103100 0.073000 0.073800 0.017800 0.035400 0.064600 0.062500 0.026600 0.000000 0.053700 0.083200 0.036000 0.064600 0.066000 0.035600 0.122800 0.044400 0.054600 0.054200 0.026600 0.044800 0.017700 0.052700 0.065000 0.017700 0.056000 0.080900 0.054300 0.026500 0.017600 0.045400 0.044200 0.082000 0.083700 0.072800
Hartebeest 0.026200 0.212700 0.054000 0.241700 0.062000 0.044300 0.044200 0.063200 0.072700 0.083000 0.026200 0.071300 0.017300 0.053600 0.052900 0.061900 0.091000 0.121100 0.072000 0.062900 0.044400 0.034900 0.082600 0.072300 0.026200 0.053700 0.000000 0.081700 0.081400 0.063600 0.094000 0.035100 0.130300 0.008600 0.053700 0.071800 0.026200 0.044100 0.044200 0.082100 0.083000 0.053500 0.083800 0.090700 0.071900 0.026100 0.052900 0.063200 0.061500 0.080900 0.082400 0.063500
Bongo 0.072700 0.229000 0.027200 0.262100 0.111400 0.092600 0.072900 0.103800 0.009100 0.115600 0.072800 0.081400 0.081800 0.083100 0.082100 0.091400 0.133200 0.166000 0.122800 0.027500 0.083300 0.082000 0.115100 0.103600 0.072800 0.083200 0.081700 0.000000 0.083200 0.018100 0.127800 0.082200 0.176600 0.072000 0.082400 0.082000 0.072800 0.092300 0.073100 0.114200 0.115800 0.082900 0.107300 0.122900 0.081900 0.072600 0.082200 0.074100 0.071700 0.131900 0.018000 0.018100
Gerenuk 0.053900 0.227300 0.083300 0.257200 0.081400 0.072900 0.054000 0.063900 0.074200 0.074200 0.053900 0.081600 0.081500 0.063700 0.062800 0.053600 0.111700 0.122400 0.101900 0.084200 0.045100 0.062700 0.093300 0.091300 0.053900 0.036000 0.081400 0.083200 0.000000 0.073900 0.085100 0.063000 0.153100 0.071800 0.082900 0.082300 0.053900 0.072400 0.035500 0.091900 0.093800 0.045000 0.072100 0.110000 0.082400 0.053700 0.044400 0.073500 0.071500 0.110600 0.082800 0.082400
CommonElan 0.054700 0.205700 0.009000 0.262200 0.092100 0.073900 0.054700 0.084300 0.009100 0.095400 0.054700 0.063100 0.063600 0.064600 0.063700 0.073000 0.113400 0.145000 0.103400 0.009000 0.064500 0.063600 0.094800 0.084100 0.054700 0.064600 0.063600 0.018100 0.073900 0.000000 0.106900 0.063800 0.155500 0.054100 0.064100 0.063600 0.054700 0.073500 0.054700 0.094200 0.095300 0.064400 0.094000 0.103000 0.063700 0.054400 0.063700 0.055400 0.072500 0.112200 0.018000 0.000100
MuntiacusR 0.065300 0.235300 0.116800 0.266300 0.094000 0.085200 0.065400 0.096100 0.117900 0.027500 0.065300 0.094200 0.092700 0.075700 0.074600 0.082400 0.115100 0.126200 0.095600 0.117500 0.075600 0.074500 0.056000 0.046000 0.065300 0.066000 0.094000 0.127800 0.085100 0.106900 0.000000 0.074700 0.157900 0.083900 0.095700 0.095000 0.065300 0.084700 0.046200 0.046200 0.056300 0.075400 0.009200 0.064500 0.095200 0.065100 0.074600 0.086000 0.083600 0.114000 0.127300 0.106700
HarveysDui 0.026300 0.213800 0.073000 0.243100 0.062100 0.044500 0.026400 0.054100 0.073200 0.064200 0.026300 0.053100 0.035100 0.017600 0.035000 0.044000 0.081700 0.111500 0.072300 0.073000 0.035500 0.035000 0.063800 0.061900 0.026300 0.035600 0.035100 0.082200 0.063000 0.063800 0.074700 0.000000 0.121300 0.026100 0.053900 0.053500 0.026300 0.044200 0.026400 0.071900 0.064100 0.035500 0.064800 0.080200 0.053600 0.026200 0.035100 0.044900 0.043700 0.062500 0.082600 0.072100
Pronghorn 0.102300 0.240800 0.165500 0.244500 0.141100 0.122700 0.112000 0.144000 0.167000 0.145200 0.102300 0.131400 0.131300 0.122700 0.101200 0.130900 0.092600 0.103000 0.153700 0.166500 0.122600 0.111400 0.134300 0.102700 0.102300 0.122800 0.130300 0.176600 0.153100 0.155500 0.157900 0.121300 0.000000 0.120900 0.133600 0.132300 0.102300 0.121900 0.112000 0.113100 0.135100 0.122400 0.146600 0.121700 0.132500 0.111400 0.121100 0.133600 0.109300 0.121400 0.176400 0.155200
BlueWildeb 0.017300 0.223700 0.063200 0.253200 0.052700 0.035200 0.035100 0.063000 0.063100 0.073200 0.017400 0.061900 0.008600 0.044300 0.043700 0.052700 0.090700 0.120700 0.062600 0.062900 0.044300 0.026000 0.072800 0.062800 0.017400 0.044400 0.008600 0.072000 0.071800 0.054100 0.083900 0.026100 0.120900 0.000000 0.044400 0.062400 0.017400 0.035000 0.035100 0.072400 0.073200 0.044200 0.073900 0.080900 0.062400 0.034900 0.043800 0.053700 0.052300 0.071400 0.072700 0.054000
Gemsbok 0.026700 0.215200 0.073300 0.271100 0.063100 0.045100 0.045000 0.073900 0.073300 0.084600 0.026700 0.053300 0.053800 0.054600 0.053800 0.063000 0.102400 0.133300 0.073400 0.073100 0.054500 0.035500 0.084000 0.073600 0.026700 0.054600 0.053700 0.082400 0.082900 0.064100 0.095700 0.053900 0.133600 0.044400 0.000000 0.053800 0.026700 0.044900 0.045000 0.083600 0.084500 0.035900 0.085300 0.092300 0.053800 0.044700 0.053800 0.064300 0.062600 0.101400 0.083000 0.064000
Yak 0.044600 0.213000 0.072800 0.234000 0.081200 0.063300 0.044700 0.073300 0.073000 0.084000 0.044600 0.017300 0.071900 0.054200 0.053500 0.062500 0.101700 0.132400 0.092000 0.072700 0.054100 0.053400 0.083400 0.072900 0.044600 0.054200 0.071800 0.082000 0.082300 0.063600 0.095000 0.053500 0.132300 0.062400 0.053800 0.000000 0.044600 0.063000 0.044700 0.082800 0.083900 0.054000 0.084800 0.091400 0.000000 0.044400 0.053500 0.063900 0.053100 0.100700 0.082500 0.063500
BlueSheep 0.000000 0.203500 0.063900 0.232900 0.035200 0.017600 0.017600 0.045000 0.063800 0.055000 0.000000 0.044200 0.026200 0.026600 0.026300 0.035200 0.072600 0.102100 0.044800 0.063600 0.026600 0.008700 0.054700 0.044900 0.000000 0.026600 0.026200 0.072800 0.053900 0.054700 0.065300 0.026300 0.102300 0.017400 0.026700 0.044600 0.000000 0.017500 0.017600 0.054400 0.055000 0.026600 0.055500 0.063000 0.044700 0.017500 0.026300 0.035900 0.034900 0.072000 0.073500 0.054600
BohorReedb 0.017500 0.226200 0.082800 0.255800 0.017500 0.035500 0.035400 0.063600 0.083200 0.073900 0.017500 0.062400 0.044200 0.044700 0.044100 0.053100 0.091600 0.121800 0.063300 0.082900 0.044700 0.026300 0.073500 0.063400 0.017500 0.044800 0.044100 0.092300 0.072400 0.073500 0.084700 0.044200 0.121900 0.035000 0.044900 0.063000 0.017500 0.000000 0.035400 0.073100 0.073900 0.044600 0.074600 0.081700 0.063000 0.035200 0.044200 0.054200 0.052800 0.090700 0.092600 0.073400
KirksDik 0.017600 0.180900 0.064000 0.210000 0.044200 0.035600 0.017600 0.045000 0.064000 0.036300 0.017600 0.044300 0.044200 0.026700 0.026300 0.035200 0.072700 0.082800 0.063400 0.063800 0.026700 0.026300 0.054800 0.052900 0.017600 0.017700 0.044200 0.073100 0.035500 0.054700 0.046200 0.026400 0.112000 0.035100 0.045000 0.044700 0.017600 0.035400 0.000000 0.053400 0.055100 0.026600 0.036700 0.071200 0.044700 0.017500 0.026400 0.035900 0.035000 0.072100 0.073600 0.063000
RoeDeer 0.054300 0.219000 0.103800 0.236100 0.071600 0.073500 0.062800 0.092700 0.104500 0.036300 0.054400 0.090700 0.082100 0.072600 0.044700 0.079000 0.073400 0.093500 0.102800 0.104200 0.072500 0.063300 0.036100 0.008800 0.054400 0.052700 0.082100 0.114200 0.091900 0.094200 0.046200 0.071900 0.113100 0.072400 0.083600 0.082800 0.054400 0.073100 0.053400 0.000000 0.036300 0.072400 0.036600 0.026400 0.082900 0.062600 0.071800 0.074100 0.080600 0.082600 0.113900 0.094100
WhiteLippe 0.054900 0.232800 0.105000 0.274900 0.092600 0.074300 0.055000 0.084800 0.106000 0.046000 0.055000 0.083200 0.083000 0.064900 0.064000 0.071500 0.093800 0.124900 0.103900 0.105700 0.064900 0.063900 0.000100 0.027000 0.055000 0.065000 0.083000 0.115800 0.093800 0.095300 0.056300 0.064100 0.135100 0.073200 0.084500 0.083900 0.055000 0.073900 0.055100 0.036300 0.000000 0.064800 0.046500 0.045100 0.084000 0.054700 0.064100 0.075000 0.072900 0.093000 0.115200 0.095100
ThomsonGaz 0.026500 0.215700 0.073700 0.245300 0.062600 0.044900 0.026600 0.036100 0.073800 0.064800 0.026600 0.053600 0.053500 0.035900 0.035400 0.026400 0.082400 0.112600 0.072700 0.073500 0.017800 0.035300 0.064400 0.062300 0.026600 0.017700 0.053500 0.082900 0.045000 0.064400 0.075400 0.035500 0.122400 0.044200 0.035900 0.054000 0.026600 0.044600 0.026600 0.072400 0.064800 0.000000 0.065400 0.080600 0.054100 0.026500 0.017600 0.045300 0.044100 0.081700 0.083400 0.072600
MuntiacusC 0.055500 0.222100 0.104000 0.253000 0.083800 0.075000 0.055600 0.085700 0.097400 0.018100 0.055500 0.084000 0.082300 0.065600 0.064700 0.071900 0.104500 0.115400 0.105000 0.097100 0.065500 0.064600 0.046200 0.036400 0.055500 0.056000 0.083800 0.107300 0.072100 0.094000 0.009200 0.064800 0.146600 0.073900 0.085300 0.084800 0.055500 0.074600 0.036700 0.036600 0.046500 0.065400 0.000000 0.054800 0.084800 0.055300 0.064700 0.075800 0.073600 0.103600 0.114500 0.093200
WhiteTaile 0.063000 0.250400 0.112600 0.256200 0.100200 0.082100 0.071100 0.101200 0.113200 0.054300 0.063000 0.099000 0.090700 0.081000 0.053300 0.087100 0.082000 0.111900 0.111400 0.112900 0.080900 0.071800 0.044900 0.017400 0.063000 0.080900 0.090700 0.122900 0.110000 0.103000 0.064500 0.080200 0.121700 0.080900 0.092300 0.091400 0.063000 0.081700 0.071200 0.026400 0.045100 0.080600 0.054800 0.000000 0.091500 0.070900 0.080100 0.082900 0.088800 0.091300 0.122700 0.102800
Cattle 0.044600 0.213300 0.072900 0.234500 0.081300 0.063400 0.044700 0.073400 0.072900 0.084100 0.044700 0.017300 0.072000 0.054200 0.053500 0.062600 0.101800 0.132600 0.092100 0.072600 0.054100 0.053500 0.083600 0.073000 0.044700 0.054300 0.071900 0.081900 0.082400 0.063700 0.095200 0.053600 0.132500 0.062400 0.053800 0.000000 0.044700 0.063000 0.044700 0.082900 0.084000 0.054100 0.084800 0.091500 0.000000 0.044500 0.053500 0.063900 0.053100 0.100800 0.082600 0.063600
RoyalAntel 0.017500 0.180100 0.045000 0.209100 0.053000 0.035400 0.017500 0.035800 0.063600 0.054800 0.017500 0.044100 0.044000 0.026500 0.026200 0.035000 0.063000 0.092100 0.063000 0.053900 0.017600 0.026100 0.054400 0.052800 0.017500 0.026500 0.026100 0.072600 0.053700 0.054400 0.065100 0.026200 0.111400 0.034900 0.044700 0.044400 0.017500 0.035200 0.017500 0.062600 0.054700 0.026500 0.055300 0.070900 0.044500 0.000000 0.026200 0.035700 0.034700 0.071600 0.073100 0.062600
Steenbok 0.026300 0.213400 0.072900 0.243000 0.062000 0.044400 0.026300 0.035600 0.073200 0.064100 0.026300 0.053000 0.053000 0.035500 0.035000 0.026100 0.081600 0.111400 0.072200 0.072900 0.017600 0.035000 0.063700 0.061900 0.026300 0.017600 0.052900 0.082200 0.044400 0.063700 0.074600 0.035100 0.121100 0.043800 0.053800 0.053500 0.026300 0.044200 0.026400 0.071800 0.064100 0.017600 0.064700 0.080100 0.053500 0.026200 0.000000 0.044800 0.043600 0.080900 0.082600 0.072000
Impala 0.035900 0.206200 0.064700 0.235900 0.072500 0.054600 0.035900 0.064500 0.065000 0.075000 0.035900 0.063300 0.063200 0.045400 0.044800 0.053900 0.092900 0.123600 0.083200 0.064800 0.045400 0.044700 0.074600 0.064300 0.035900 0.045400 0.063200 0.074100 0.073500 0.055400 0.086000 0.044900 0.133600 0.053700 0.064300 0.063900 0.035900 0.054200 0.035900 0.074100 0.075000 0.045300 0.075800 0.082900 0.063900 0.035700 0.044800 0.000000 0.053500 0.091900 0.074400 0.055300
Klipspring 0.034900 0.222900 0.081700 0.216700 0.070600 0.053100 0.034900 0.062800 0.082000 0.072900 0.034900 0.052600 0.061600 0.044100 0.043600 0.052500 0.090400 0.120200 0.080900 0.081700 0.044100 0.043500 0.072500 0.070600 0.034900 0.044200 0.061500 0.071700 0.071500 0.072500 0.083600 0.043700 0.109300 0.052300 0.062600 0.053100 0.034900 0.052800 0.035000 0.080600 0.072900 0.044100 0.073600 0.088800 0.053100 0.034700 0.043600 0.053500 0.000000 0.089500 0.091300 0.080700
ForestMusk 0.071900 0.201900 0.121700 0.267700 0.109200 0.091200 0.072000 0.101700 0.122700 0.102600 0.072000 0.099900 0.081000 0.081900 0.071700 0.090200 0.101300 0.111700 0.120700 0.122300 0.081800 0.080800 0.092500 0.072800 0.072000 0.082000 0.080900 0.131900 0.110600 0.112200 0.114000 0.062500 0.121400 0.071400 0.101400 0.100700 0.072000 0.090700 0.072100 0.082600 0.093000 0.081700 0.103600 0.091300 0.100800 0.071600 0.080900 0.091900 0.089500 0.000000 0.131900 0.112000
Bushbuck 0.073400 0.228100 0.026900 0.285600 0.111500 0.093100 0.073500 0.103900 0.009000 0.115300 0.073500 0.081800 0.082500 0.083600 0.082500 0.092000 0.133400 0.165700 0.123200 0.027300 0.083500 0.082500 0.114600 0.103500 0.073500 0.083700 0.082400 0.018000 0.082800 0.018000 0.127300 0.082600 0.176400 0.072700 0.083000 0.082500 0.073500 0.092600 0.073600 0.113900 0.115200 0.083400 0.114500 0.122700 0.082600 0.073100 0.082600 0.074400 0.091300 0.131900 0.000000 0.018000
GreaterKud 0.054600 0.205500 0.008900 0.261600 0.092000 0.073800 0.062800 0.093100 0.009100 0.095200 0.054600 0.071400 0.063500 0.072800 0.063600 0.081000 0.113200 0.144800 0.103300 0.009000 0.073100 0.063500 0.094600 0.083900 0.054600 0.072800 0.063500 0.018100 0.082400 0.000100 0.106700 0.072100 0.155200 0.054000 0.064000 0.063500 0.054600 0.073400 0.063000 0.094100 0.095100 0.072600 0.093200 0.102800 0.063600 0.062600 0.072000 0.055300 0.080700 0.112000 0.018000 0.000000
