1
52 1
Argali 0.000000 0.157900 0.063600 0.064400 0.020800 0.000000 0.027700 0.077400 0.049400 0.092900 0.013800 0.062500 0.020700 0.034800 0.056600 0.076900 0.064300 0.085700 0.027700 0.078400 0.091000 0.000000 0.077600 0.177000 0.013800 0.077800 0.020700 0.086100 0.069700 0.085600 0.100200 0.034600 0.101300 0.020700 0.034600 0.034500 0.013800 0.027900 0.064000 0.070000 0.084800 0.085200 0.092900 0.086500 0.034500 0.099400 0.085400 0.034600 0.020700 0.057200 0.071500 0.056400
LesserMous 0.157900 0.000000 0.199200 0.140100 0.149800 0.157900 0.156900 0.147000 0.183300 0.177900 0.157600 0.179000 0.148100 0.165500 0.174700 0.162400 0.180600 0.203400 0.157600 0.199400 0.177700 0.158100 0.169300 0.262100 0.157400 0.180900 0.149000 0.208400 0.154600 0.207500 0.185600 0.164300 0.163700 0.149000 0.164400 0.164200 0.157400 0.158100 0.183600 0.160700 0.177000 0.180300 0.169700 0.180600 0.164200 0.171200 0.172800 0.164000 0.149000 0.156600 0.209600 0.190900
LesserKudu 0.063600 0.199200 0.000000 0.086600 0.056400 0.063600 0.063300 0.099400 0.013700 0.115400 0.049000 0.069200 0.041800 0.056200 0.078500 0.098600 0.078900 0.100500 0.063500 0.027500 0.113000 0.063700 0.099700 0.201300 0.049000 0.099900 0.041800 0.034400 0.091300 0.034400 0.122700 0.055700 0.124100 0.041800 0.055800 0.041300 0.049000 0.063700 0.071000 0.091800 0.106900 0.107400 0.115400 0.109100 0.041300 0.137100 0.107700 0.055700 0.041800 0.079300 0.034600 0.006800
KillerWhal 0.064400 0.140100 0.086600 0.000000 0.063500 0.064400 0.064100 0.106600 0.087100 0.099800 0.049600 0.091300 0.042100 0.056900 0.079500 0.106400 0.063800 0.077600 0.064300 0.102000 0.121500 0.064500 0.084400 0.191700 0.049600 0.108000 0.042300 0.109900 0.099000 0.109400 0.107000 0.062300 0.108100 0.042300 0.062400 0.062100 0.049600 0.071000 0.087100 0.076800 0.091600 0.115500 0.092200 0.093400 0.062100 0.138900 0.109000 0.062400 0.042300 0.056800 0.110400 0.079200
DefassaWat 0.020800 0.149800 0.056400 0.063500 0.000000 0.020800 0.020700 0.070200 0.042200 0.085600 0.020800 0.055500 0.013800 0.027800 0.049400 0.069700 0.057000 0.078400 0.020800 0.071100 0.083700 0.020900 0.070400 0.168800 0.020800 0.070600 0.013800 0.078700 0.062500 0.078300 0.092800 0.027600 0.093700 0.013800 0.027600 0.027600 0.020800 0.006900 0.056700 0.062900 0.077500 0.077900 0.085600 0.079000 0.027600 0.091900 0.078000 0.027600 0.013800 0.050000 0.064200 0.049200
Sheep 0.000000 0.157900 0.063600 0.064400 0.020800 0.000000 0.027700 0.077400 0.049400 0.092900 0.013800 0.062500 0.020700 0.034800 0.056600 0.076900 0.064300 0.085700 0.027500 0.078400 0.091000 0.000000 0.077600 0.177000 0.013800 0.077800 0.020700 0.086100 0.069700 0.085600 0.100200 0.034600 0.101300 0.020700 0.034600 0.034500 0.013800 0.027900 0.064000 0.070000 0.084800 0.085200 0.092900 0.086500 0.034500 0.099400 0.085400 0.034600 0.020700 0.057200 0.071500 0.056400
MaxwellsDu 0.027700 0.156900 0.063300 0.064100 0.020700 0.027700 0.000000 0.077000 0.049100 0.092500 0.027600 0.062200 0.020600 0.020500 0.056300 0.076400 0.064000 0.085300 0.027700 0.078000 0.090600 0.027700 0.077200 0.176200 0.027600 0.077400 0.020600 0.085600 0.069300 0.085100 0.099700 0.020500 0.100700 0.020600 0.034400 0.034400 0.027600 0.027800 0.063600 0.069700 0.084400 0.084700 0.092500 0.086000 0.034400 0.098900 0.084700 0.034400 0.020500 0.056900 0.071100 0.056100
GazellaPrz 0.077400 0.147000 0.099400 0.106600 0.070200 0.077400 0.077000 0.000000 0.099800 0.084200 0.062800 0.083200 0.055400 0.069900 0.077700 0.068600 0.100400 0.106900 0.077300 0.099400 0.082600 0.077500 0.069300 0.151800 0.062700 0.069400 0.055500 0.107100 0.047500 0.106600 0.091400 0.069400 0.114800 0.055500 0.069500 0.069400 0.062700 0.077500 0.085000 0.061900 0.076300 0.076500 0.084200 0.063200 0.069400 0.098200 0.062400 0.069400 0.055500 0.093300 0.123000 0.092000
MountainNy 0.049400 0.183300 0.013700 0.087100 0.042200 0.049400 0.049100 0.099800 0.000000 0.115900 0.049300 0.069600 0.042000 0.056400 0.078900 0.099100 0.079300 0.100900 0.049300 0.027600 0.113500 0.049400 0.100100 0.201900 0.049200 0.100400 0.042000 0.034600 0.091800 0.034500 0.123200 0.056000 0.124600 0.042000 0.056100 0.041500 0.049200 0.049500 0.071300 0.092200 0.107400 0.107900 0.115900 0.109500 0.041500 0.122300 0.108200 0.056000 0.042000 0.079700 0.020800 0.006800
MuntiacusM 0.092900 0.177900 0.115400 0.099800 0.085600 0.092900 0.092500 0.084200 0.115900 0.000000 0.077900 0.098500 0.070000 0.085200 0.108400 0.098200 0.084500 0.083500 0.092800 0.131000 0.097800 0.093000 0.026600 0.133500 0.077800 0.099400 0.070500 0.139100 0.090900 0.138500 0.006600 0.084600 0.114000 0.070500 0.084700 0.084600 0.077800 0.093100 0.116000 0.019900 0.033400 0.091600 0.006600 0.047900 0.084600 0.129100 0.092000 0.084600 0.070500 0.092400 0.139600 0.107800
goat 0.013800 0.157600 0.049000 0.049600 0.020800 0.013800 0.027600 0.062800 0.049300 0.077900 0.000000 0.048200 0.006800 0.020700 0.042100 0.062300 0.049600 0.070800 0.027800 0.063600 0.076300 0.013800 0.062900 0.160700 0.000000 0.063100 0.006900 0.071000 0.055200 0.070700 0.085100 0.020600 0.086000 0.006900 0.020600 0.020500 0.000000 0.027800 0.049300 0.055500 0.070000 0.070300 0.077900 0.071400 0.020500 0.099200 0.070500 0.020600 0.006900 0.042500 0.071300 0.041900
AfricanBuf 0.062500 0.179000 0.069200 0.091300 0.055500 0.062500 0.062200 0.083200 0.069600 0.098500 0.048200 0.000000 0.041100 0.055200 0.077200 0.068300 0.070300 0.091400 0.062400 0.083800 0.082200 0.062600 0.083400 0.181900 0.048100 0.069200 0.041100 0.076300 0.061300 0.075900 0.105700 0.054800 0.106900 0.041100 0.054900 0.040600 0.048100 0.062600 0.084500 0.075900 0.090500 0.076300 0.098600 0.092200 0.040600 0.089800 0.090600 0.054800 0.041100 0.077900 0.091700 0.062100
Topi 0.020700 0.148100 0.041800 0.042100 0.013800 0.020700 0.020600 0.055400 0.042000 0.070000 0.006800 0.041100 0.000000 0.013700 0.034900 0.055000 0.042000 0.063000 0.020700 0.056100 0.068900 0.020700 0.055300 0.151500 0.006800 0.055700 0.000000 0.063500 0.048000 0.063200 0.077100 0.013600 0.077900 0.000000 0.013600 0.013600 0.006800 0.020800 0.042000 0.048100 0.062300 0.062900 0.070000 0.063500 0.013600 0.091500 0.063000 0.013600 0.000000 0.035000 0.063800 0.034700
CommonDuik 0.034800 0.165500 0.056200 0.056900 0.027800 0.034800 0.020500 0.069900 0.056400 0.085200 0.020700 0.055200 0.013700 0.000000 0.049200 0.069400 0.056800 0.078100 0.034800 0.070800 0.083500 0.034900 0.055700 0.168400 0.020700 0.070300 0.013700 0.078300 0.062300 0.077900 0.092400 0.013600 0.093400 0.013700 0.027500 0.027500 0.020700 0.034900 0.056500 0.062600 0.062700 0.077600 0.085200 0.078700 0.027500 0.106500 0.077500 0.027500 0.013700 0.049700 0.078700 0.049000
Suni 0.056600 0.174700 0.078500 0.079500 0.049400 0.056600 0.056300 0.077700 0.078900 0.108400 0.042100 0.077200 0.034900 0.049200 0.000000 0.091800 0.079400 0.101100 0.056600 0.093600 0.106200 0.056700 0.092800 0.176800 0.042100 0.092900 0.034900 0.101400 0.069900 0.100900 0.115800 0.048900 0.117000 0.034900 0.048900 0.048800 0.042100 0.056700 0.063800 0.085000 0.100100 0.100400 0.108500 0.102000 0.048800 0.114900 0.085700 0.048900 0.034900 0.072200 0.101800 0.071200
Springbuck 0.076900 0.162400 0.098600 0.106400 0.069700 0.076900 0.076400 0.068600 0.099100 0.098200 0.062300 0.068300 0.055000 0.069400 0.091800 0.000000 0.099700 0.121200 0.069400 0.098900 0.040000 0.076900 0.083100 0.165900 0.062200 0.026800 0.055100 0.121700 0.019800 0.106100 0.105300 0.068900 0.076900 0.055100 0.069000 0.068900 0.062200 0.077000 0.084400 0.075600 0.090100 0.033600 0.098200 0.077200 0.068900 0.075700 0.090800 0.068800 0.055100 0.092600 0.122100 0.091300
Okapi 0.064300 0.180600 0.078900 0.063800 0.057000 0.064300 0.064000 0.100400 0.079300 0.084500 0.049600 0.070300 0.042000 0.056800 0.079400 0.099700 0.000000 0.041300 0.064200 0.094100 0.099200 0.064400 0.084200 0.183500 0.049500 0.101000 0.042300 0.094300 0.092300 0.093800 0.091600 0.056300 0.115700 0.042300 0.056400 0.049100 0.049500 0.064400 0.087000 0.076600 0.091300 0.093100 0.092000 0.093200 0.049100 0.130800 0.101200 0.056400 0.042300 0.064000 0.102400 0.071500
Giraffe 0.085700 0.203400 0.100500 0.077600 0.078400 0.085700 0.085300 0.106900 0.100900 0.083500 0.070800 0.091400 0.063000 0.078100 0.101100 0.121200 0.041300 0.000000 0.085600 0.115800 0.135900 0.085800 0.083300 0.198300 0.070700 0.122700 0.063400 0.116100 0.113700 0.115500 0.090600 0.077400 0.137600 0.063400 0.077600 0.070100 0.070700 0.085800 0.108700 0.075800 0.090400 0.114600 0.091000 0.092100 0.070100 0.153000 0.107600 0.077500 0.063400 0.085200 0.124300 0.093000
TibetanAnt 0.027700 0.157600 0.063500 0.064300 0.020800 0.027500 0.027700 0.077300 0.049300 0.092800 0.027800 0.062400 0.020700 0.034800 0.056600 0.069400 0.064200 0.085600 0.000000 0.078300 0.090900 0.027800 0.077500 0.176900 0.027700 0.077700 0.020700 0.085900 0.062300 0.085500 0.100000 0.034500 0.101100 0.020700 0.034600 0.034500 0.027700 0.027900 0.063900 0.069900 0.084700 0.085000 0.092800 0.086400 0.034500 0.084000 0.085300 0.034500 0.020700 0.057100 0.071400 0.056300
Sitatunga 0.078400 0.199400 0.027500 0.102000 0.071100 0.078400 0.078000 0.099400 0.027600 0.131000 0.063600 0.083800 0.056100 0.070800 0.093600 0.098900 0.094100 0.115800 0.078300 0.000000 0.113200 0.078500 0.114900 0.219100 0.063500 0.100100 0.056200 0.020500 0.091600 0.006800 0.138500 0.070300 0.116600 0.056200 0.070300 0.055600 0.063500 0.078600 0.086000 0.106900 0.122300 0.107600 0.131100 0.124800 0.055500 0.106500 0.107800 0.070200 0.056200 0.094600 0.034700 0.020600
Oribi 0.091000 0.177700 0.113000 0.121500 0.083700 0.091000 0.090600 0.082600 0.113500 0.097800 0.076300 0.082200 0.068900 0.083500 0.106200 0.040000 0.099200 0.135900 0.090900 0.113200 0.000000 0.091100 0.082800 0.165500 0.076200 0.040500 0.069000 0.136300 0.047000 0.120400 0.105000 0.082600 0.091200 0.069000 0.068400 0.082800 0.076200 0.091100 0.098700 0.075400 0.089900 0.047300 0.097800 0.091500 0.082800 0.111900 0.105100 0.082600 0.069000 0.107000 0.136700 0.105600
BarbaryShe 0.000000 0.158100 0.063700 0.064500 0.020900 0.000000 0.027700 0.077500 0.049400 0.093000 0.013800 0.062600 0.020700 0.034900 0.056700 0.076900 0.064400 0.085800 0.027800 0.078500 0.091100 0.000000 0.077700 0.177200 0.013800 0.077900 0.020800 0.086100 0.069700 0.085700 0.100300 0.034600 0.101200 0.020800 0.034700 0.034600 0.013800 0.027900 0.064100 0.070100 0.084900 0.085300 0.093000 0.086600 0.034600 0.099500 0.085500 0.034600 0.020800 0.057300 0.071600 0.056400
Daviddeer 0.077600 0.169300 0.099700 0.084400 0.070400 0.077600 0.077200 0.069300 0.100100 0.026600 0.062900 0.083400 0.055300 0.055700 0.092800 0.083100 0.084200 0.083300 0.077500 0.114900 0.082800 0.077700 0.000000 0.118000 0.062900 0.084100 0.055700 0.122800 0.075900 0.122300 0.033400 0.069600 0.098400 0.055700 0.069700 0.069600 0.062900 0.077700 0.100200 0.006500 0.006600 0.091300 0.033500 0.033800 0.069600 0.113200 0.076800 0.069600 0.055700 0.077200 0.123300 0.092200
Reindeer 0.177000 0.262100 0.201300 0.191700 0.168800 0.177000 0.176200 0.151800 0.201900 0.133500 0.160700 0.181900 0.151500 0.168400 0.176800 0.165900 0.183500 0.198300 0.176900 0.219100 0.165500 0.177200 0.118000 0.000000 0.160500 0.159400 0.152400 0.228000 0.158200 0.227300 0.141000 0.167400 0.199500 0.152400 0.167300 0.167200 0.160500 0.177000 0.186000 0.110400 0.125300 0.166800 0.141400 0.127500 0.167200 0.217000 0.176500 0.167000 0.152400 0.175800 0.227800 0.193200
Ibex 0.013800 0.157400 0.049000 0.049600 0.020800 0.013800 0.027600 0.062700 0.049200 0.077800 0.000000 0.048100 0.006800 0.020700 0.042100 0.062200 0.049500 0.070700 0.027700 0.063500 0.076200 0.013800 0.062900 0.160500 0.000000 0.063000 0.006800 0.070900 0.055200 0.070600 0.085000 0.020500 0.085900 0.006800 0.020600 0.020500 0.000000 0.027800 0.049200 0.055500 0.069900 0.070200 0.077800 0.071300 0.020500 0.099100 0.070400 0.020500 0.006800 0.042500 0.071200 0.041800
GyrantGaze 0.077800 0.180900 0.099900 0.108000 0.070600 0.077800 0.077400 0.069400 0.100400 0.099400 0.063100 0.069200 0.055700 0.070300 0.092900 0.026800 0.101000 0.122700 0.077700 0.100100 0.040500 0.077900 0.084100 0.159400 0.063000 0.000000 0.055800 0.123200 0.033600 0.107400 0.106600 0.069800 0.092400 0.055800 0.069900 0.069700 0.063000 0.078000 0.085500 0.076500 0.091200 0.006700 0.099400 0.078100 0.069700 0.098700 0.091900 0.069700 0.055800 0.093800 0.123700 0.092500
Hartebeest 0.020700 0.149000 0.041800 0.042300 0.013800 0.020700 0.020600 0.055500 0.042000 0.070500 0.006900 0.041100 0.000000 0.013700 0.034900 0.055100 0.042300 0.063400 0.020700 0.056200 0.069000 0.020800 0.055700 0.152400 0.006800 0.055800 0.000000 0.063600 0.048100 0.063300 0.077600 0.013600 0.078400 0.000000 0.013700 0.013600 0.006800 0.020800 0.042000 0.048300 0.062700 0.063000 0.070500 0.063900 0.013600 0.091600 0.062800 0.013600 0.000000 0.035200 0.063800 0.034700
Bongo 0.086100 0.208400 0.034400 0.109900 0.078700 0.086100 0.085600 0.107100 0.034600 0.139100 0.071000 0.076300 0.063500 0.078300 0.101400 0.121700 0.094300 0.116100 0.085900 0.020500 0.136300 0.086100 0.122800 0.228000 0.070900 0.123200 0.063600 0.000000 0.114200 0.013500 0.146600 0.077700 0.140400 0.063600 0.077800 0.062800 0.070900 0.086200 0.093700 0.114700 0.130300 0.130900 0.139200 0.132900 0.062800 0.113600 0.099800 0.077700 0.063600 0.102500 0.041700 0.027500
Gerenuk 0.069700 0.154600 0.091300 0.099000 0.062500 0.069700 0.069300 0.047500 0.091800 0.090900 0.055200 0.061300 0.048000 0.062300 0.069900 0.019800 0.092300 0.113700 0.062300 0.091600 0.047000 0.069700 0.075900 0.158200 0.055200 0.033600 0.048100 0.114200 0.000000 0.098700 0.098000 0.061800 0.084300 0.048100 0.061900 0.061800 0.055200 0.069800 0.077200 0.068500 0.083000 0.040600 0.090900 0.069900 0.061800 0.068700 0.069200 0.061800 0.048100 0.085300 0.114600 0.084100
CommonElan 0.085600 0.207500 0.034400 0.109400 0.078300 0.085600 0.085100 0.106600 0.034500 0.138500 0.070700 0.075900 0.063200 0.077900 0.100900 0.106100 0.093800 0.115500 0.085500 0.006800 0.120400 0.085700 0.122300 0.227300 0.070600 0.107400 0.063300 0.013500 0.098700 0.000000 0.146000 0.077400 0.124000 0.063300 0.077400 0.062500 0.070600 0.085700 0.093300 0.114200 0.129700 0.114900 0.138500 0.132300 0.062500 0.098300 0.099400 0.077300 0.063300 0.101900 0.041600 0.027400
MuntiacusR 0.100200 0.185600 0.122700 0.107000 0.092800 0.100200 0.099700 0.091400 0.123200 0.006600 0.085100 0.105700 0.077100 0.092400 0.115800 0.105300 0.091600 0.090600 0.100000 0.138500 0.105000 0.100300 0.033400 0.141000 0.085000 0.106600 0.077600 0.146600 0.098000 0.146000 0.000000 0.091700 0.121300 0.077600 0.091800 0.091700 0.085000 0.100300 0.123400 0.026500 0.040100 0.098800 0.013300 0.054800 0.091700 0.136500 0.099200 0.091700 0.077600 0.099600 0.147100 0.115100
HarveysDui 0.034600 0.164300 0.055700 0.062300 0.027600 0.034600 0.020500 0.069400 0.056000 0.084600 0.020600 0.054800 0.013600 0.013600 0.048900 0.068900 0.056300 0.077400 0.034500 0.070300 0.082600 0.034600 0.069600 0.167400 0.020500 0.069800 0.013600 0.077700 0.061800 0.077400 0.091700 0.000000 0.092700 0.013600 0.027200 0.027200 0.020500 0.034600 0.056000 0.062200 0.076600 0.077000 0.084600 0.078100 0.027200 0.105800 0.077200 0.027200 0.013600 0.049300 0.078000 0.048600
Pronghorn 0.101300 0.163700 0.124100 0.108100 0.093700 0.101300 0.100700 0.114800 0.124600 0.114000 0.086000 0.106900 0.077900 0.093400 0.117000 0.076900 0.115700 0.137600 0.101100 0.116600 0.091200 0.101200 0.098400 0.199500 0.085900 0.092400 0.078400 0.140400 0.084300 0.124000 0.121300 0.092700 0.000000 0.078400 0.092000 0.092600 0.085900 0.101400 0.124800 0.090800 0.105700 0.099800 0.106400 0.123000 0.092600 0.115000 0.131200 0.092700 0.078400 0.108000 0.148800 0.116400
BlueWildeb 0.020700 0.149000 0.041800 0.042300 0.013800 0.020700 0.020600 0.055500 0.042000 0.070500 0.006900 0.041100 0.000000 0.013700 0.034900 0.055100 0.042300 0.063400 0.020700 0.056200 0.069000 0.020800 0.055700 0.152400 0.006800 0.055800 0.000000 0.063600 0.048100 0.063300 0.077600 0.013600 0.078400 0.000000 0.013700 0.013600 0.006800 0.020800 0.042000 0.048300 0.062700 0.063000 0.070500 0.063900 0.013600 0.091600 0.062900 0.013600 0.000000 0.035200 0.063800 0.034700
Gemsbok 0.034600 0.164400 0.055800 0.062400 0.027600 0.034600 0.034400 0.069500 0.056100 0.084700 0.020600 0.054900 0.013600 0.027500 0.048900 0.069000 0.056400 0.077600 0.034600 0.070300 0.068400 0.034700 0.069700 0.167300 0.020600 0.069900 0.013700 0.077800 0.061900 0.077400 0.091800 0.027200 0.092000 0.013700 0.000000 0.027300 0.020600 0.034700 0.056100 0.062200 0.076700 0.077100 0.084700 0.078200 0.027300 0.105800 0.077200 0.027200 0.013700 0.035000 0.078200 0.048700
Yak 0.034500 0.164200 0.041300 0.062100 0.027600 0.034500 0.034400 0.069400 0.041500 0.084600 0.020500 0.040600 0.013600 0.027500 0.048800 0.068900 0.049100 0.070100 0.034500 0.055600 0.082800 0.034600 0.069600 0.167200 0.020500 0.069700 0.013600 0.062800 0.061800 0.062500 0.091700 0.027200 0.092600 0.013600 0.027300 0.000000 0.020500 0.034600 0.056000 0.062100 0.076600 0.076900 0.084600 0.078100 0.000000 0.105700 0.077100 0.027300 0.013600 0.049300 0.063100 0.034300
BlueSheep 0.013800 0.157400 0.049000 0.049600 0.020800 0.013800 0.027600 0.062700 0.049200 0.077800 0.000000 0.048100 0.006800 0.020700 0.042100 0.062200 0.049500 0.070700 0.027700 0.063500 0.076200 0.013800 0.062900 0.160500 0.000000 0.063000 0.006800 0.070900 0.055200 0.070600 0.085000 0.020500 0.085900 0.006800 0.020600 0.020500 0.000000 0.027800 0.049200 0.055500 0.069900 0.070200 0.077800 0.071300 0.020500 0.099100 0.070400 0.020500 0.006800 0.042500 0.071200 0.041800
BohorReedb 0.027900 0.158100 0.063700 0.071000 0.006900 0.027900 0.027800 0.077500 0.049500 0.093100 0.027800 0.062600 0.020800 0.034900 0.056700 0.077000 0.064400 0.085800 0.027900 0.078600 0.091100 0.027900 0.077700 0.177000 0.027800 0.078000 0.020800 0.086200 0.069800 0.085700 0.100300 0.034600 0.101400 0.020800 0.034700 0.034600 0.027800 0.000000 0.064100 0.070100 0.084900 0.085300 0.093100 0.086600 0.034600 0.099400 0.085500 0.034600 0.020800 0.057300 0.071600 0.056500
KirksDik 0.064000 0.183600 0.071000 0.087100 0.056700 0.064000 0.063600 0.085000 0.071300 0.116000 0.049300 0.084500 0.042000 0.056500 0.063800 0.084400 0.087000 0.108700 0.063900 0.086000 0.098700 0.064100 0.100200 0.186000 0.049200 0.085500 0.042000 0.093700 0.077200 0.093300 0.123400 0.056000 0.124800 0.042000 0.056100 0.056000 0.049200 0.064100 0.000000 0.092300 0.107500 0.092900 0.116100 0.094300 0.056000 0.138100 0.093200 0.056000 0.042000 0.079800 0.094100 0.063700
RoeDeer 0.070000 0.160700 0.091800 0.076800 0.062900 0.070000 0.069700 0.061900 0.092200 0.019900 0.055500 0.075900 0.048100 0.062600 0.085000 0.075600 0.076600 0.075800 0.069900 0.106900 0.075400 0.070100 0.006500 0.110400 0.055500 0.076500 0.048300 0.114700 0.068500 0.114200 0.026500 0.062200 0.090800 0.048300 0.062200 0.062100 0.055500 0.070100 0.092300 0.000000 0.013100 0.083700 0.026600 0.026900 0.062100 0.105400 0.069400 0.062200 0.048300 0.069600 0.115100 0.084500
WhiteLippe 0.084800 0.177000 0.106900 0.091600 0.077500 0.084800 0.084400 0.076300 0.107400 0.033400 0.070000 0.090500 0.062300 0.062700 0.100100 0.090100 0.091300 0.090400 0.084700 0.122300 0.089900 0.084900 0.006600 0.125300 0.069900 0.091200 0.062700 0.130300 0.083000 0.129700 0.040100 0.076600 0.105700 0.062700 0.076700 0.076600 0.069900 0.084900 0.107500 0.013100 0.000000 0.098500 0.040200 0.040600 0.076600 0.120600 0.084000 0.076700 0.062700 0.084300 0.130700 0.099500
ThomsonGaz 0.085200 0.180300 0.107400 0.115500 0.077900 0.085200 0.084700 0.076500 0.107900 0.091600 0.070300 0.076300 0.062900 0.077600 0.100400 0.033600 0.093100 0.114600 0.085000 0.107600 0.047300 0.085300 0.091300 0.166800 0.070200 0.006700 0.063000 0.130900 0.040600 0.114900 0.098800 0.077000 0.099800 0.063000 0.077100 0.076900 0.070200 0.085300 0.092900 0.083700 0.098500 0.000000 0.091600 0.085400 0.076900 0.106000 0.099300 0.076900 0.063000 0.101400 0.131400 0.099900
MuntiacusC 0.092900 0.169700 0.115400 0.092200 0.085600 0.092900 0.092500 0.084200 0.115900 0.006600 0.077900 0.098600 0.070000 0.085200 0.108500 0.098200 0.092000 0.091000 0.092800 0.131100 0.097800 0.093000 0.033500 0.141400 0.077800 0.099400 0.070500 0.139200 0.090900 0.138500 0.013300 0.084600 0.106400 0.070500 0.084700 0.084600 0.077800 0.093100 0.116100 0.026600 0.040200 0.091600 0.000000 0.055000 0.084600 0.129100 0.092000 0.084600 0.070500 0.100100 0.139700 0.107800
WhiteTaile 0.086500 0.180600 0.109100 0.093400 0.079000 0.086500 0.086000 0.063200 0.109500 0.047900 0.071400 0.092200 0.063500 0.078700 0.102000 0.077200 0.093200 0.092100 0.086400 0.124800 0.091500 0.086600 0.033800 0.127500 0.071300 0.078100 0.063900 0.132900 0.069900 0.132300 0.054800 0.078100 0.123000 0.063900 0.078200 0.078100 0.071300 0.086600 0.094300 0.026900 0.040600 0.085400 0.055000 0.000000 0.078100 0.122900 0.070800 0.078100 0.063900 0.086000 0.133400 0.101500
Cattle 0.034500 0.164200 0.041300 0.062100 0.027600 0.034500 0.034400 0.069400 0.041500 0.084600 0.020500 0.040600 0.013600 0.027500 0.048800 0.068900 0.049100 0.070100 0.034500 0.055500 0.082800 0.034600 0.069600 0.167200 0.020500 0.069700 0.013600 0.062800 0.061800 0.062500 0.091700 0.027200 0.092600 0.013600 0.027300 0.000000 0.020500 0.034600 0.056000 0.062100 0.076600 0.076900 0.084600 0.078100 0.000000 0.105700 0.077100 0.027300 0.013600 0.049300 0.063100 0.034300
RoyalAntel 0.099400 0.171200 0.137100 0.138900 0.091900 0.099400 0.098900 0.098200 0.122300 0.129100 0.099200 0.089800 0.091500 0.106500 0.114900 0.075700 0.130800 0.153000 0.084000 0.106500 0.111900 0.099500 0.113200 0.217000 0.099100 0.098700 0.091600 0.113600 0.068700 0.098300 0.136500 0.105800 0.115000 0.091600 0.105800 0.105700 0.099100 0.099400 0.138100 0.105400 0.120600 0.106000 0.129100 0.122900 0.105700 0.000000 0.090800 0.105600 0.091600 0.131300 0.130200 0.129500
Steenbok 0.085400 0.172800 0.107700 0.109000 0.078000 0.085400 0.084700 0.062400 0.108200 0.092000 0.070500 0.090600 0.063000 0.077500 0.085700 0.090800 0.101200 0.107600 0.085300 0.107800 0.105100 0.085500 0.076800 0.176500 0.070400 0.091900 0.062800 0.099800 0.069200 0.099400 0.099200 0.077200 0.131200 0.062900 0.077200 0.077100 0.070400 0.085500 0.093200 0.069400 0.084000 0.099300 0.092000 0.070800 0.077100 0.090800 0.000000 0.077100 0.062900 0.101600 0.116000 0.100200
Impala 0.034600 0.164000 0.055700 0.062400 0.027600 0.034600 0.034400 0.069400 0.056000 0.084600 0.020600 0.054800 0.013600 0.027500 0.048900 0.068800 0.056400 0.077500 0.034500 0.070200 0.082600 0.034600 0.069600 0.167000 0.020500 0.069700 0.013600 0.077700 0.061800 0.077300 0.091700 0.027200 0.092700 0.013600 0.027200 0.027300 0.020500 0.034600 0.056000 0.062200 0.076700 0.076900 0.084600 0.078100 0.027300 0.105600 0.077100 0.000000 0.013600 0.049300 0.078000 0.048600
Klipspring 0.020700 0.149000 0.041800 0.042300 0.013800 0.020700 0.020500 0.055500 0.042000 0.070500 0.006900 0.041100 0.000000 0.013700 0.034900 0.055100 0.042300 0.063400 0.020700 0.056200 0.069000 0.020800 0.055700 0.152400 0.006800 0.055800 0.000000 0.063600 0.048100 0.063300 0.077600 0.013600 0.078400 0.000000 0.013700 0.013600 0.006800 0.020800 0.042000 0.048300 0.062700 0.063000 0.070500 0.063900 0.013600 0.091600 0.062900 0.013600 0.000000 0.035200 0.063800 0.034700
ForestMusk 0.057200 0.156600 0.079300 0.056800 0.050000 0.057200 0.056900 0.093300 0.079700 0.092400 0.042500 0.077900 0.035000 0.049700 0.072200 0.092600 0.064000 0.085200 0.057100 0.094600 0.107000 0.057300 0.077200 0.175800 0.042500 0.093800 0.035200 0.102500 0.085300 0.101900 0.099600 0.049300 0.108000 0.035200 0.035000 0.049300 0.042500 0.057300 0.079800 0.069600 0.084300 0.101400 0.100100 0.086000 0.049300 0.131300 0.101600 0.049300 0.035200 0.000000 0.102900 0.071900
Bushbuck 0.071500 0.209600 0.034600 0.110400 0.064200 0.071500 0.071100 0.123000 0.020800 0.139600 0.071300 0.091700 0.063800 0.078700 0.101800 0.122100 0.102400 0.124300 0.071400 0.034700 0.136700 0.071600 0.123300 0.227800 0.071200 0.123700 0.063800 0.041700 0.114600 0.041600 0.147100 0.078000 0.148800 0.063800 0.078200 0.063100 0.071200 0.071600 0.094100 0.115100 0.130700 0.131400 0.139700 0.133400 0.063100 0.130200 0.116000 0.078000 0.063800 0.102900 0.000000 0.027600
GreaterKud 0.056400 0.190900 0.006800 0.079200 0.049200 0.056400 0.056100 0.092000 0.006800 0.107800 0.041900 0.062100 0.034700 0.049000 0.071200 0.091300 0.071500 0.093000 0.056300 0.020600 0.105600 0.056400 0.092200 0.193200 0.041800 0.092500 0.034700 0.027500 0.084100 0.027400 0.115100 0.048600 0.116400 0.034700 0.048700 0.034300 0.041800 0.056500 0.063700 0.084500 0.099500 0.099900 0.107800 0.101500 0.034300 0.129500 0.100200 0.048600 0.034700 0.071900 0.027600 0.000000
