1
52 1
Argali 0.000000 0.089500 0.031400 0.182900 0.031400 0.007600 0.054800 0.039300 0.031300 0.112700 0.007600 0.031500 0.031600 0.039300 0.047400 0.039400 0.039600 0.039500 0.015500 0.031300 0.031400 0.015400 0.129400 0.095800 0.007600 0.039100 0.031500 0.039300 0.031300 0.039200 0.112900 0.047500 0.072200 0.015600 0.015500 0.039500 0.007600 0.023400 0.063200 0.131200 0.104300 0.039200 0.121000 0.096800 0.039600 0.031700 0.047100 0.080800 0.039400 0.055400 0.031200 0.023600
LesserMous 0.089500 0.000000 0.089700 0.127100 0.072600 0.081300 0.133300 0.098100 0.089400 0.175700 0.081300 0.090000 0.089900 0.098000 0.106400 0.081100 0.098500 0.098700 0.072500 0.089400 0.089800 0.090200 0.193400 0.157600 0.081300 0.097400 0.089900 0.098000 0.089400 0.097700 0.175300 0.107100 0.133500 0.072600 0.072500 0.098700 0.081300 0.080800 0.123200 0.195300 0.166700 0.097400 0.184500 0.158900 0.098600 0.090400 0.105600 0.142600 0.098100 0.115000 0.089200 0.081400
LesserKudu 0.031400 0.089700 0.000000 0.164000 0.031400 0.023500 0.072100 0.023400 0.015500 0.112500 0.023500 0.015600 0.031600 0.039300 0.047500 0.039400 0.039600 0.023500 0.015500 0.015500 0.015600 0.031600 0.129200 0.095700 0.023500 0.039100 0.031600 0.023400 0.031300 0.023300 0.112700 0.047600 0.072400 0.015600 0.015500 0.023600 0.023500 0.023400 0.063200 0.131000 0.104100 0.039200 0.120800 0.096700 0.023600 0.031700 0.047100 0.080900 0.023400 0.055500 0.015500 0.007800
KillerWhal 0.182900 0.127100 0.164000 0.000000 0.163900 0.173900 0.212300 0.173000 0.163700 0.227700 0.173900 0.184000 0.183900 0.192200 0.182600 0.173500 0.183700 0.174200 0.163700 0.163700 0.164100 0.184400 0.246500 0.227600 0.173900 0.191100 0.183900 0.173200 0.182500 0.172700 0.246900 0.183600 0.174300 0.163900 0.163700 0.174800 0.173900 0.172900 0.200500 0.279800 0.237600 0.191000 0.237000 0.229700 0.173900 0.184900 0.199700 0.223100 0.172900 0.211300 0.182400 0.174300
DefassaWat 0.031400 0.072600 0.031400 0.163900 0.000000 0.023500 0.072200 0.039400 0.031300 0.112700 0.023500 0.031500 0.031600 0.039300 0.047500 0.023500 0.039700 0.039600 0.015500 0.031300 0.031500 0.031600 0.129400 0.095800 0.023500 0.039100 0.031600 0.039400 0.031300 0.039200 0.113000 0.047600 0.072300 0.015600 0.015500 0.039600 0.023500 0.023400 0.063200 0.131200 0.104400 0.039200 0.121000 0.096900 0.039700 0.031800 0.047100 0.080900 0.039500 0.055500 0.031300 0.023600
Sheep 0.007600 0.081300 0.023500 0.173900 0.023500 0.000000 0.046900 0.031400 0.023400 0.104400 0.000000 0.023600 0.023600 0.031400 0.039400 0.031500 0.031700 0.031600 0.007700 0.023400 0.023500 0.007700 0.121000 0.087600 0.000000 0.031200 0.023600 0.031400 0.023400 0.031300 0.104600 0.039600 0.064100 0.007800 0.007700 0.031600 0.000000 0.015600 0.055200 0.122700 0.096100 0.031300 0.112700 0.088500 0.031600 0.023800 0.039200 0.072600 0.031500 0.047400 0.023400 0.015700
MaxwellsDu 0.054800 0.133300 0.072100 0.212300 0.072200 0.046900 0.000000 0.046900 0.071900 0.156700 0.046900 0.072400 0.055400 0.030900 0.088800 0.046900 0.081000 0.080800 0.055500 0.071900 0.055200 0.055100 0.174200 0.139100 0.046900 0.046600 0.055400 0.063500 0.038800 0.080100 0.157200 0.038900 0.114900 0.055700 0.055500 0.080800 0.046900 0.063800 0.070600 0.176600 0.148600 0.046700 0.165400 0.140500 0.081000 0.064000 0.054600 0.106600 0.063800 0.097200 0.071800 0.064200
GazellaPrz 0.039300 0.098100 0.023400 0.173000 0.039400 0.031400 0.046900 0.000000 0.039200 0.121200 0.031400 0.039500 0.023300 0.015300 0.055500 0.015400 0.047700 0.031400 0.023400 0.039200 0.007700 0.039600 0.138100 0.104200 0.031400 0.015300 0.023300 0.047300 0.007600 0.047200 0.121500 0.023200 0.080600 0.023500 0.023400 0.047600 0.031400 0.031300 0.038500 0.140000 0.112800 0.015300 0.129600 0.105300 0.047700 0.031400 0.023000 0.089300 0.015500 0.063600 0.039200 0.031500
MountainNy 0.031300 0.089400 0.015500 0.163700 0.031300 0.023400 0.071900 0.039200 0.000000 0.095400 0.023400 0.015600 0.031500 0.039200 0.047300 0.039300 0.039500 0.039500 0.015500 0.000000 0.031400 0.031500 0.111900 0.078900 0.023400 0.039000 0.031500 0.007700 0.031200 0.007700 0.095600 0.047400 0.072100 0.015500 0.015500 0.023500 0.023400 0.023400 0.063000 0.113400 0.087200 0.039100 0.103600 0.079700 0.023500 0.031700 0.047000 0.080600 0.039300 0.055300 0.015500 0.007800
MuntiacusM 0.112700 0.175700 0.112500 0.227700 0.112700 0.104400 0.156700 0.121200 0.095400 0.000000 0.104400 0.113000 0.113400 0.121200 0.112600 0.121500 0.122100 0.121700 0.095400 0.095400 0.112900 0.113300 0.030000 0.030100 0.104400 0.120600 0.113300 0.104000 0.112500 0.103700 0.014900 0.130300 0.121400 0.095900 0.095400 0.104500 0.104400 0.104100 0.128900 0.078000 0.022500 0.120900 0.007400 0.030300 0.104900 0.113900 0.129200 0.166400 0.121400 0.138400 0.112100 0.104700
goat 0.007600 0.081300 0.023500 0.173900 0.023500 0.000000 0.046900 0.031400 0.023400 0.104400 0.000000 0.023600 0.023600 0.031400 0.039400 0.031500 0.031700 0.031600 0.007700 0.023400 0.023500 0.007700 0.121000 0.087600 0.000000 0.031200 0.023600 0.031400 0.023400 0.031300 0.104600 0.039600 0.064100 0.007800 0.007700 0.031600 0.000000 0.015600 0.055200 0.122700 0.096100 0.031300 0.112700 0.088500 0.031600 0.023800 0.039200 0.072600 0.031500 0.047400 0.023400 0.015700
AfricanBuf 0.031500 0.090000 0.015600 0.184000 0.031500 0.023600 0.072400 0.039500 0.015600 0.113000 0.023600 0.000000 0.031700 0.039400 0.047600 0.039600 0.039800 0.039700 0.015600 0.015600 0.031600 0.031700 0.129800 0.096100 0.023600 0.039200 0.031700 0.023500 0.031400 0.023400 0.113200 0.047700 0.072600 0.015600 0.015600 0.007800 0.023600 0.023500 0.063400 0.131600 0.104600 0.039300 0.121300 0.097100 0.007800 0.031900 0.047200 0.081100 0.039600 0.055700 0.015500 0.007800
Topi 0.031600 0.089900 0.031600 0.183900 0.031600 0.023600 0.055400 0.023300 0.031500 0.113400 0.023600 0.031700 0.000000 0.023300 0.047600 0.023400 0.039800 0.039800 0.015600 0.031500 0.015500 0.031800 0.130200 0.096400 0.023600 0.023200 0.000000 0.039600 0.015500 0.039400 0.112800 0.031300 0.072600 0.015600 0.015600 0.039800 0.023600 0.023500 0.046800 0.131500 0.104900 0.023200 0.121700 0.097100 0.039800 0.023600 0.030900 0.081100 0.039400 0.055600 0.031400 0.023700
CommonDuik 0.039300 0.098000 0.039300 0.192200 0.039300 0.031400 0.030900 0.015300 0.039200 0.121200 0.031400 0.039400 0.023300 0.000000 0.055400 0.015400 0.047700 0.047600 0.023300 0.039200 0.023200 0.039500 0.138100 0.104200 0.031400 0.015200 0.023300 0.031200 0.007600 0.047100 0.121500 0.007600 0.080500 0.023400 0.023300 0.047600 0.031400 0.031300 0.038500 0.140000 0.112800 0.015300 0.129600 0.105200 0.047700 0.031400 0.022900 0.089100 0.031300 0.063500 0.039100 0.031500
Suni 0.047400 0.106400 0.047500 0.182600 0.047500 0.039400 0.088800 0.055500 0.047300 0.112600 0.039400 0.047600 0.047600 0.055400 0.000000 0.055600 0.055700 0.055800 0.031300 0.047300 0.047500 0.047700 0.129300 0.112600 0.039400 0.055200 0.047600 0.055400 0.047300 0.055300 0.129600 0.063900 0.072100 0.031300 0.031300 0.039600 0.039400 0.039200 0.063200 0.148200 0.121200 0.055100 0.120900 0.113500 0.039500 0.047800 0.063100 0.080400 0.055500 0.071700 0.047200 0.039500
Springbuck 0.039400 0.081100 0.039400 0.173500 0.023500 0.031500 0.046900 0.015400 0.039300 0.121500 0.031500 0.039600 0.023400 0.015400 0.055600 0.000000 0.047800 0.047700 0.023400 0.039300 0.023300 0.039700 0.138400 0.104400 0.031500 0.015300 0.023400 0.047400 0.007600 0.047300 0.121800 0.023200 0.080800 0.023500 0.023400 0.047700 0.031500 0.031400 0.038600 0.140300 0.113000 0.015300 0.129900 0.105500 0.047800 0.031500 0.023000 0.089500 0.031400 0.063700 0.039200 0.031600
Okapi 0.039600 0.098500 0.039600 0.183700 0.039700 0.031700 0.081000 0.047700 0.039500 0.122100 0.031700 0.039800 0.039800 0.047700 0.055700 0.047800 0.000000 0.015600 0.023500 0.039500 0.039700 0.023700 0.130300 0.105000 0.031700 0.047400 0.039700 0.047700 0.039500 0.047500 0.122000 0.056100 0.080900 0.023600 0.023500 0.048000 0.031700 0.031500 0.071800 0.140500 0.113600 0.047400 0.130500 0.105700 0.047900 0.040000 0.055400 0.089600 0.047700 0.063900 0.039400 0.031700
Giraffe 0.039500 0.098700 0.023500 0.174200 0.039600 0.031600 0.080800 0.031400 0.039500 0.121700 0.031600 0.039700 0.039800 0.047600 0.055800 0.047700 0.015600 0.000000 0.023500 0.039500 0.023500 0.023700 0.129800 0.104600 0.031600 0.047300 0.039800 0.047600 0.039400 0.047400 0.121900 0.056000 0.081100 0.023600 0.023500 0.047900 0.031600 0.031500 0.071700 0.140500 0.113200 0.047400 0.130100 0.105700 0.048000 0.040000 0.055400 0.089800 0.031500 0.064000 0.039400 0.031700
TibetanAnt 0.015500 0.072500 0.015500 0.163700 0.015500 0.007700 0.055500 0.023400 0.015500 0.095400 0.007700 0.015600 0.015600 0.023300 0.031300 0.023400 0.023500 0.023500 0.000000 0.015500 0.015600 0.015600 0.111900 0.078900 0.007700 0.023200 0.015600 0.023300 0.015500 0.023300 0.095600 0.031400 0.055600 0.000000 0.000000 0.023500 0.007700 0.007700 0.046900 0.113400 0.087200 0.023300 0.103600 0.079700 0.023500 0.015700 0.031100 0.064000 0.023400 0.039200 0.015500 0.007800
Sitatunga 0.031300 0.089400 0.015500 0.163700 0.031300 0.023400 0.071900 0.039200 0.000000 0.095400 0.023400 0.015600 0.031500 0.039200 0.047300 0.039300 0.039500 0.039500 0.015500 0.000000 0.031400 0.031500 0.111900 0.078900 0.023400 0.039000 0.031500 0.007700 0.031200 0.007700 0.095600 0.047400 0.072100 0.015500 0.015500 0.023500 0.023400 0.023400 0.063000 0.113400 0.087200 0.039100 0.103600 0.079700 0.023500 0.031700 0.047000 0.080600 0.039300 0.055300 0.015500 0.007800
Oribi 0.031400 0.089800 0.015600 0.164100 0.031500 0.023500 0.055200 0.007700 0.031400 0.112900 0.023500 0.031600 0.015500 0.023200 0.047500 0.023300 0.039700 0.023500 0.015600 0.031400 0.000000 0.031600 0.129600 0.096000 0.023500 0.023100 0.015500 0.039400 0.015400 0.039300 0.113100 0.031200 0.072500 0.015600 0.015600 0.039700 0.023500 0.023500 0.046600 0.131400 0.104500 0.023100 0.121200 0.097000 0.039700 0.023600 0.030900 0.081000 0.023500 0.055600 0.031300 0.023600
BarbaryShe 0.015400 0.090200 0.031600 0.184400 0.031600 0.007700 0.055100 0.039600 0.031500 0.113300 0.007700 0.031700 0.031800 0.039500 0.047700 0.039700 0.023700 0.023700 0.015600 0.031500 0.031600 0.000000 0.130100 0.096300 0.007700 0.039300 0.031800 0.039600 0.031500 0.039400 0.113500 0.047900 0.072700 0.015700 0.015600 0.039800 0.007700 0.023600 0.063500 0.131900 0.104900 0.039400 0.121600 0.097400 0.039900 0.031900 0.047400 0.081300 0.039700 0.055800 0.031400 0.023700
Daviddeer 0.129400 0.193400 0.129200 0.246500 0.129400 0.121000 0.174200 0.138100 0.111900 0.030000 0.121000 0.129800 0.130200 0.138100 0.129300 0.138400 0.130300 0.129800 0.111900 0.111900 0.129600 0.130100 0.000000 0.030000 0.121000 0.137400 0.130200 0.120500 0.129200 0.120200 0.030000 0.147300 0.138200 0.112300 0.111900 0.121200 0.121000 0.120700 0.145800 0.077700 0.022400 0.137800 0.022300 0.045800 0.121600 0.130800 0.146200 0.184000 0.138300 0.155600 0.128700 0.121400
Reindeer 0.095800 0.157600 0.095700 0.227600 0.095800 0.087600 0.139100 0.104200 0.078900 0.030100 0.087600 0.096100 0.096400 0.104200 0.112600 0.104400 0.105000 0.104600 0.078900 0.078900 0.096000 0.096300 0.030000 0.000000 0.087600 0.103600 0.096300 0.087300 0.095600 0.087000 0.014900 0.113100 0.121400 0.079200 0.078900 0.104500 0.087600 0.087400 0.128900 0.046000 0.007400 0.104000 0.022400 0.015100 0.104900 0.096800 0.112100 0.148400 0.104400 0.121100 0.095300 0.087900
Ibex 0.007600 0.081300 0.023500 0.173900 0.023500 0.000000 0.046900 0.031400 0.023400 0.104400 0.000000 0.023600 0.023600 0.031400 0.039400 0.031500 0.031700 0.031600 0.007700 0.023400 0.023500 0.007700 0.121000 0.087600 0.000000 0.031200 0.023600 0.031400 0.023400 0.031300 0.104600 0.039600 0.064100 0.007800 0.007700 0.031600 0.000000 0.015600 0.055200 0.122700 0.096100 0.031300 0.112700 0.088500 0.031600 0.023800 0.039200 0.072600 0.031500 0.047400 0.023400 0.015700
GyrantGaze 0.039100 0.097400 0.039100 0.191100 0.039100 0.031200 0.046600 0.015300 0.039000 0.120600 0.031200 0.039200 0.023200 0.015200 0.055200 0.015300 0.047400 0.047300 0.023200 0.039000 0.023100 0.039300 0.137400 0.103600 0.031200 0.000000 0.023200 0.047000 0.007600 0.046900 0.120900 0.023000 0.080100 0.023300 0.023200 0.047300 0.031200 0.031100 0.038300 0.139300 0.112200 0.000000 0.128900 0.104700 0.047400 0.031200 0.022800 0.088700 0.031100 0.063200 0.038900 0.031300
Hartebeest 0.031500 0.089900 0.031600 0.183900 0.031600 0.023600 0.055400 0.023300 0.031500 0.113300 0.023600 0.031700 0.000000 0.023300 0.047600 0.023400 0.039700 0.039800 0.015600 0.031500 0.015500 0.031800 0.130200 0.096300 0.023600 0.023200 0.000000 0.039500 0.015400 0.039400 0.113200 0.031300 0.072500 0.015600 0.015600 0.039800 0.023600 0.023500 0.046800 0.131500 0.104900 0.023200 0.121700 0.097000 0.039800 0.023600 0.030900 0.081100 0.039600 0.055600 0.031400 0.023600
Bongo 0.039300 0.098000 0.023400 0.173200 0.039400 0.031400 0.063500 0.047300 0.007700 0.104000 0.031400 0.023500 0.039600 0.031200 0.055400 0.047400 0.047700 0.047600 0.023300 0.007700 0.039400 0.039600 0.120500 0.087300 0.031400 0.047000 0.039500 0.000000 0.039200 0.015500 0.104200 0.039300 0.080500 0.023400 0.023300 0.031500 0.031400 0.031300 0.071200 0.122200 0.095700 0.047200 0.112200 0.088200 0.031500 0.039800 0.055100 0.089100 0.047400 0.063500 0.023300 0.015600
Gerenuk 0.031300 0.089400 0.031300 0.182500 0.031300 0.023400 0.038800 0.007600 0.031200 0.112500 0.023400 0.031400 0.015500 0.007600 0.047300 0.007600 0.039500 0.039400 0.015500 0.031200 0.015400 0.031500 0.129200 0.095600 0.023400 0.007600 0.015400 0.039200 0.000000 0.039100 0.112700 0.015400 0.072100 0.015500 0.015500 0.039400 0.023400 0.023400 0.030600 0.131000 0.104100 0.007600 0.120800 0.096600 0.039500 0.023400 0.015200 0.080600 0.023400 0.055300 0.031100 0.023500
CommonElan 0.039200 0.097700 0.023300 0.172700 0.039200 0.031300 0.080100 0.047200 0.007700 0.103700 0.031300 0.023400 0.039400 0.047100 0.055300 0.047300 0.047500 0.047400 0.023300 0.007700 0.039300 0.039400 0.120200 0.087000 0.031300 0.046900 0.039400 0.015500 0.039100 0.000000 0.103900 0.055500 0.080300 0.023400 0.023300 0.031400 0.031300 0.015500 0.071100 0.121900 0.095400 0.047000 0.111900 0.087900 0.031400 0.039600 0.054900 0.088900 0.047300 0.063400 0.023200 0.015600
MuntiacusR 0.112900 0.175300 0.112700 0.246900 0.113000 0.104600 0.157200 0.121500 0.095600 0.014900 0.104600 0.113200 0.112800 0.121500 0.129600 0.121800 0.122000 0.121900 0.095600 0.095600 0.113100 0.113500 0.030000 0.014900 0.104600 0.120900 0.113200 0.104200 0.112700 0.103900 0.000000 0.130600 0.138500 0.095400 0.095600 0.121900 0.104600 0.103900 0.146500 0.061800 0.007400 0.120800 0.007400 0.030300 0.121900 0.113800 0.129200 0.166200 0.120800 0.138200 0.112300 0.104600
HarveysDui 0.047500 0.107100 0.047600 0.183600 0.047600 0.039600 0.038900 0.023200 0.047400 0.130300 0.039600 0.047700 0.031300 0.007600 0.063900 0.023200 0.056100 0.056000 0.031400 0.047400 0.031200 0.047900 0.147300 0.113100 0.039600 0.023000 0.031300 0.039300 0.015400 0.055500 0.130600 0.000000 0.072400 0.031500 0.031400 0.056000 0.039600 0.039400 0.046500 0.149400 0.121800 0.023100 0.138700 0.114300 0.056100 0.039600 0.030800 0.098100 0.039400 0.072100 0.047300 0.039700
Pronghorn 0.072200 0.133500 0.072400 0.174300 0.072300 0.064100 0.114900 0.080600 0.072100 0.121400 0.064100 0.072600 0.072600 0.080500 0.072100 0.080800 0.080900 0.081100 0.055600 0.072100 0.072500 0.072700 0.138200 0.121400 0.064100 0.080100 0.072500 0.080500 0.072100 0.080300 0.138500 0.072400 0.000000 0.055700 0.055600 0.064400 0.064100 0.063800 0.071700 0.157400 0.130100 0.080000 0.129800 0.122400 0.064300 0.072900 0.088100 0.124000 0.080600 0.097200 0.072000 0.064200
BlueWildeb 0.015600 0.072600 0.015600 0.163900 0.015600 0.007800 0.055700 0.023500 0.015500 0.095900 0.007800 0.015600 0.015600 0.023400 0.031300 0.023500 0.023600 0.023600 0.000000 0.015500 0.015600 0.015700 0.112300 0.079200 0.007800 0.023300 0.015600 0.023400 0.015500 0.023400 0.095400 0.031500 0.055700 0.000000 0.000000 0.023600 0.007800 0.007700 0.047100 0.113500 0.087600 0.023300 0.104000 0.079800 0.023600 0.015700 0.031100 0.064000 0.023400 0.039200 0.015500 0.007800
Gemsbok 0.015500 0.072500 0.015500 0.163700 0.015500 0.007700 0.055500 0.023400 0.015500 0.095400 0.007700 0.015600 0.015600 0.023300 0.031300 0.023400 0.023500 0.023500 0.000000 0.015500 0.015600 0.015600 0.111900 0.078900 0.007700 0.023200 0.015600 0.023300 0.015500 0.023300 0.095600 0.031400 0.055600 0.000000 0.000000 0.023500 0.007700 0.007700 0.046900 0.113400 0.087200 0.023300 0.103600 0.079700 0.023500 0.015700 0.031100 0.064000 0.023400 0.039200 0.015500 0.007800
Yak 0.039500 0.098700 0.023600 0.174800 0.039600 0.031600 0.080800 0.047600 0.023500 0.104500 0.031600 0.007800 0.039800 0.047600 0.039600 0.047700 0.048000 0.047900 0.023500 0.023500 0.039700 0.039800 0.121200 0.104500 0.031600 0.047300 0.039800 0.031500 0.039400 0.031400 0.121900 0.056000 0.064400 0.023600 0.023500 0.000000 0.031600 0.031500 0.055300 0.140400 0.113100 0.047500 0.112800 0.105700 0.000000 0.040000 0.055400 0.089700 0.047800 0.063900 0.023400 0.015700
BlueSheep 0.007600 0.081300 0.023500 0.173900 0.023500 0.000000 0.046900 0.031400 0.023400 0.104400 0.000000 0.023600 0.023600 0.031400 0.039400 0.031500 0.031700 0.031600 0.007700 0.023400 0.023500 0.007700 0.121000 0.087600 0.000000 0.031200 0.023600 0.031400 0.023400 0.031300 0.104600 0.039600 0.064100 0.007800 0.007700 0.031600 0.000000 0.015600 0.055200 0.122700 0.096100 0.031300 0.112700 0.088500 0.031600 0.023800 0.039200 0.072600 0.031500 0.047400 0.023400 0.015700
BohorReedb 0.023400 0.080800 0.023400 0.172900 0.023400 0.015600 0.063800 0.031300 0.023400 0.104100 0.015600 0.023500 0.023500 0.031300 0.039200 0.031400 0.031500 0.031500 0.007700 0.023400 0.023500 0.023600 0.120700 0.087400 0.015600 0.031100 0.023500 0.031300 0.023400 0.015500 0.103900 0.039400 0.063800 0.007700 0.007700 0.031500 0.015600 0.000000 0.055000 0.121900 0.095800 0.031100 0.112300 0.088000 0.031500 0.023600 0.038900 0.072200 0.031300 0.047200 0.023300 0.015600
KirksDik 0.063200 0.123200 0.063200 0.200500 0.063200 0.055200 0.070600 0.038500 0.063000 0.128900 0.055200 0.063400 0.046800 0.038500 0.063200 0.038600 0.071800 0.071700 0.046900 0.063000 0.046600 0.063500 0.145800 0.128900 0.055200 0.038300 0.046800 0.071200 0.030600 0.071100 0.146500 0.046500 0.071700 0.047100 0.046900 0.055300 0.055200 0.055000 0.000000 0.165600 0.137600 0.038400 0.137300 0.130200 0.055500 0.055200 0.030500 0.114100 0.055100 0.087900 0.062900 0.055400
RoeDeer 0.131200 0.195300 0.131000 0.279800 0.131200 0.122700 0.176600 0.140000 0.113400 0.078000 0.122700 0.131600 0.131500 0.140000 0.148200 0.140300 0.140500 0.140500 0.113400 0.113400 0.131400 0.131900 0.077700 0.046000 0.122700 0.139300 0.131500 0.122200 0.131000 0.121900 0.061800 0.149400 0.157400 0.113500 0.113400 0.140400 0.122700 0.121900 0.165600 0.000000 0.053900 0.139300 0.069700 0.062300 0.140500 0.132200 0.147800 0.185900 0.139700 0.157200 0.130500 0.122700
WhiteLippe 0.104300 0.166700 0.104100 0.237600 0.104400 0.096100 0.148600 0.112800 0.087200 0.022500 0.096100 0.104600 0.104900 0.112800 0.121200 0.113000 0.113600 0.113200 0.087200 0.087200 0.104500 0.104900 0.022400 0.007400 0.096100 0.112200 0.104900 0.095700 0.104100 0.095400 0.007400 0.121800 0.130100 0.087600 0.087200 0.113100 0.096100 0.095800 0.137600 0.053900 0.000000 0.112500 0.014900 0.022700 0.113600 0.105500 0.120800 0.157500 0.112900 0.129800 0.103700 0.096300
ThomsonGaz 0.039200 0.097400 0.039200 0.191000 0.039200 0.031300 0.046700 0.015300 0.039100 0.120900 0.031300 0.039300 0.023200 0.015300 0.055100 0.015300 0.047400 0.047400 0.023300 0.039100 0.023100 0.039400 0.137800 0.104000 0.031300 0.000000 0.023200 0.047200 0.007600 0.047000 0.120800 0.023100 0.080000 0.023300 0.023300 0.047500 0.031300 0.031100 0.038400 0.139300 0.112500 0.000000 0.129300 0.104700 0.047400 0.031200 0.022800 0.088600 0.031100 0.063200 0.039000 0.031300
MuntiacusC 0.121000 0.184500 0.120800 0.237000 0.121000 0.112700 0.165400 0.129600 0.103600 0.007400 0.112700 0.121300 0.121700 0.129600 0.120900 0.129900 0.130500 0.130100 0.103600 0.103600 0.121200 0.121600 0.022300 0.022400 0.112700 0.128900 0.121700 0.112200 0.120800 0.111900 0.007400 0.138700 0.129800 0.104000 0.103600 0.112800 0.112700 0.112300 0.137300 0.069700 0.014900 0.129300 0.000000 0.038000 0.113200 0.122300 0.137700 0.175100 0.129800 0.146900 0.120400 0.113000
WhiteTaile 0.096800 0.158900 0.096700 0.229700 0.096900 0.088500 0.140500 0.105300 0.079700 0.030300 0.088500 0.097100 0.097100 0.105200 0.113500 0.105500 0.105700 0.105700 0.079700 0.079700 0.097000 0.097400 0.045800 0.015100 0.088500 0.104700 0.097000 0.088200 0.096600 0.087900 0.030300 0.114300 0.122400 0.079800 0.079700 0.105700 0.088500 0.088000 0.130200 0.062300 0.022700 0.104700 0.038000 0.000000 0.105700 0.097600 0.112900 0.149000 0.105100 0.122000 0.096300 0.088200
Cattle 0.039600 0.098600 0.023600 0.173900 0.039700 0.031600 0.081000 0.047700 0.023500 0.104900 0.031600 0.007800 0.039800 0.047700 0.039500 0.047800 0.047900 0.048000 0.023500 0.023500 0.039700 0.039900 0.121600 0.104900 0.031600 0.047400 0.039800 0.031500 0.039500 0.031400 0.121900 0.056100 0.064300 0.023600 0.023500 0.000000 0.031600 0.031500 0.055500 0.140500 0.113600 0.047400 0.113200 0.105700 0.000000 0.040000 0.055300 0.089600 0.047700 0.063900 0.023500 0.015700
RoyalAntel 0.031700 0.090400 0.031700 0.184900 0.031800 0.023800 0.064000 0.031400 0.031700 0.113900 0.023800 0.031900 0.023600 0.031400 0.047800 0.031500 0.040000 0.040000 0.015700 0.031700 0.023600 0.031900 0.130800 0.096800 0.023800 0.031200 0.023600 0.039800 0.023400 0.039600 0.113800 0.039600 0.072900 0.015700 0.015700 0.040000 0.023800 0.023600 0.055200 0.132200 0.105500 0.031200 0.122300 0.097600 0.040000 0.000000 0.038900 0.081500 0.039800 0.055900 0.031600 0.023800
Steenbok 0.047100 0.105600 0.047100 0.199700 0.047100 0.039200 0.054600 0.023000 0.047000 0.129200 0.039200 0.047200 0.030900 0.022900 0.063100 0.023000 0.055400 0.055400 0.031100 0.047000 0.030900 0.047400 0.146200 0.112100 0.039200 0.022800 0.030900 0.055100 0.015200 0.054900 0.129200 0.030800 0.088100 0.031100 0.031100 0.055400 0.039200 0.038900 0.030500 0.147800 0.120800 0.022800 0.137700 0.112900 0.055300 0.038900 0.000000 0.096800 0.038900 0.071200 0.046900 0.039200
Impala 0.080800 0.142600 0.080900 0.223100 0.080900 0.072600 0.106600 0.089300 0.080600 0.166400 0.072600 0.081100 0.081100 0.089100 0.080400 0.089500 0.089600 0.089800 0.064000 0.080600 0.081000 0.081300 0.184000 0.148400 0.072600 0.088700 0.081100 0.089100 0.080600 0.088900 0.166200 0.098100 0.124000 0.064000 0.064000 0.089700 0.072600 0.072200 0.114100 0.185900 0.157500 0.088600 0.175100 0.149000 0.089600 0.081500 0.096800 0.000000 0.089200 0.080000 0.080500 0.072400
Klipspring 0.039400 0.098100 0.023400 0.172900 0.039500 0.031500 0.063800 0.015500 0.039300 0.121400 0.031500 0.039600 0.039400 0.031300 0.055500 0.031400 0.047700 0.031500 0.023400 0.039300 0.023500 0.039700 0.138300 0.104400 0.031500 0.031100 0.039600 0.047400 0.023400 0.047300 0.120800 0.039400 0.080600 0.023400 0.023400 0.047800 0.031500 0.031300 0.055100 0.139700 0.112900 0.031100 0.129800 0.105100 0.047700 0.039800 0.038900 0.089200 0.000000 0.063600 0.039300 0.031500
ForestMusk 0.055400 0.115000 0.055500 0.211300 0.055500 0.047400 0.097200 0.063600 0.055300 0.138400 0.047400 0.055700 0.055600 0.063500 0.071700 0.063700 0.063900 0.064000 0.039200 0.055300 0.055600 0.055800 0.155600 0.121100 0.047400 0.063200 0.055600 0.063500 0.055300 0.063400 0.138200 0.072100 0.097200 0.039200 0.039200 0.063900 0.047400 0.047200 0.087900 0.157200 0.129800 0.063200 0.146900 0.122000 0.063900 0.055900 0.071200 0.080000 0.063600 0.000000 0.055200 0.047500
Bushbuck 0.031200 0.089200 0.015500 0.182400 0.031300 0.023400 0.071800 0.039200 0.015500 0.112100 0.023400 0.015500 0.031400 0.039100 0.047200 0.039200 0.039400 0.039400 0.015500 0.015500 0.031300 0.031400 0.128700 0.095300 0.023400 0.038900 0.031400 0.023300 0.031100 0.023200 0.112300 0.047300 0.072000 0.015500 0.015500 0.023400 0.023400 0.023300 0.062900 0.130500 0.103700 0.039000 0.120400 0.096300 0.023500 0.031600 0.046900 0.080500 0.039300 0.055200 0.000000 0.007800
GreaterKud 0.023600 0.081400 0.007800 0.174300 0.023600 0.015700 0.064200 0.031500 0.007800 0.104700 0.015700 0.007800 0.023700 0.031500 0.039500 0.031600 0.031700 0.031700 0.007800 0.007800 0.023600 0.023700 0.121400 0.087900 0.015700 0.031300 0.023600 0.015600 0.023500 0.015600 0.104600 0.039700 0.064200 0.007800 0.007800 0.015700 0.015700 0.015600 0.055400 0.122700 0.096300 0.031300 0.113000 0.088200 0.015700 0.023800 0.039200 0.072400 0.031500 0.047500 0.007800 0.000000
