1
52 1
Argali 0.000000 0.103700 0.399600 0.512000 0.092400 0.098100 0.089200 0.000200 0.299300 0.200000 0.000000 0.277700 0.000100 0.278100 0.092800 0.085700 0.260900 0.422000 0.234300 0.380500 0.092200 0.096000 0.198600 0.367800 0.000000 0.199900 0.000100 0.176400 0.000100 0.267800 0.201100 0.172100 0.341000 0.179600 0.105000 0.284000 0.000000 0.091200 0.000000 0.197700 0.198600 0.100000 0.200800 0.284400 0.284000 0.087400 0.252700 0.181600 0.000000 0.762300 0.299300 0.375800
LesserMous 0.103700 0.000000 0.312100 0.423400 0.206900 0.218700 0.201800 0.104000 0.209500 0.104300 0.103700 0.192000 0.106600 0.423200 0.210800 0.193300 0.394300 0.576600 0.348900 0.296000 0.209500 0.218700 0.103500 0.528400 0.103700 0.345100 0.106600 0.299300 0.104500 0.406300 0.104900 0.291400 0.483800 0.305800 0.000100 0.196500 0.103700 0.206900 0.103700 0.103500 0.103500 0.229200 0.104700 0.205800 0.196500 0.197000 0.381600 0.310200 0.106800 0.807000 0.208200 0.294000
LesserKudu 0.399600 0.312100 0.000000 0.734500 0.273000 0.527100 0.490600 0.401700 0.084500 0.402900 0.399600 0.254900 0.411900 0.735300 0.513000 0.469000 0.434300 0.593900 0.598000 0.160800 0.510100 0.527100 0.400000 0.833500 0.399600 0.543400 0.411900 0.162700 0.403100 0.246300 0.403900 0.570300 0.764600 0.600300 0.320400 0.260300 0.399600 0.273000 0.399600 0.398500 0.400000 0.430300 0.404500 0.479000 0.260300 0.260900 0.666500 0.608400 0.399600 1.192400 0.086000 0.159900
KillerWhal 0.512000 0.423400 0.734500 0.000000 0.621400 0.651300 0.600200 0.507200 0.620900 0.508500 0.512000 0.573800 0.519600 0.869100 0.501000 0.572000 0.805600 0.863600 0.487000 0.693700 0.498100 0.651300 0.503400 0.682800 0.512000 0.659000 0.519600 0.704100 0.509200 0.668900 0.508500 0.681100 0.898600 0.588000 0.424300 0.587100 0.512000 0.621400 0.512000 0.276900 0.503400 0.676100 0.502100 0.360300 0.587100 0.590700 0.625900 0.596100 0.512000 1.462400 0.620900 0.689700
DefassaWat 0.092400 0.206900 0.273000 0.621400 0.000000 0.191100 0.178000 0.091300 0.399600 0.300100 0.091200 0.370100 0.093600 0.373000 0.185300 0.170700 0.159900 0.309500 0.311600 0.476900 0.184100 0.191100 0.297800 0.460800 0.091200 0.300300 0.093600 0.264000 0.091700 0.357900 0.301300 0.257800 0.428500 0.269500 0.212100 0.378700 0.091200 0.000000 0.092300 0.297100 0.297800 0.199500 0.301100 0.380400 0.378700 0.174000 0.339400 0.273100 0.091200 0.904200 0.399600 0.473600
Sheep 0.098100 0.218700 0.527100 0.651300 0.191100 0.000000 0.187300 0.096300 0.420700 0.317000 0.098000 0.389300 0.098700 0.391600 0.194600 0.178800 0.364300 0.530700 0.325300 0.500500 0.193500 0.000000 0.314900 0.483600 0.096000 0.315800 0.098700 0.277100 0.096700 0.375200 0.318700 0.270600 0.447900 0.283000 0.221800 0.397800 0.096000 0.191100 0.096000 0.313500 0.314900 0.210600 0.318200 0.399500 0.397800 0.182700 0.354900 0.285700 0.098200 0.953100 0.420700 0.495900
MaxwellsDu 0.089200 0.201800 0.490600 0.600200 0.178000 0.187300 0.000000 0.088200 0.390700 0.290100 0.089200 0.363800 0.090500 0.161800 0.181600 0.165700 0.343000 0.306100 0.308200 0.466900 0.177700 0.187300 0.287700 0.453900 0.089200 0.289300 0.090500 0.259100 0.088700 0.350700 0.292300 0.075200 0.418600 0.080000 0.201500 0.372800 0.089200 0.178000 0.089200 0.291400 0.287700 0.192500 0.291200 0.371800 0.372800 0.171000 0.327600 0.269300 0.089200 0.884200 0.390700 0.464600
GazellaPrz 0.000200 0.104000 0.401700 0.507200 0.091300 0.096300 0.088200 0.000000 0.301000 0.198300 0.000200 0.279300 0.000300 0.275200 0.091800 0.085000 0.261500 0.423100 0.234700 0.381100 0.091300 0.096300 0.196600 0.369400 0.000200 0.198400 0.000300 0.177200 0.000100 0.269000 0.200600 0.170100 0.340700 0.177900 0.103800 0.285800 0.000200 0.091300 0.000200 0.198900 0.196600 0.099400 0.199100 0.285100 0.285800 0.087800 0.250000 0.179600 0.000200 0.767800 0.301000 0.380000
MountainNy 0.299300 0.209500 0.084500 0.620900 0.399600 0.420700 0.390700 0.301000 0.000000 0.301500 0.299300 0.170500 0.308300 0.620600 0.407900 0.374100 0.575900 0.754300 0.510800 0.080700 0.405700 0.420700 0.299600 0.721300 0.299300 0.431400 0.308300 0.081400 0.301900 0.164200 0.302600 0.472400 0.659900 0.496200 0.211100 0.174500 0.299300 0.399600 0.299300 0.298500 0.299600 0.322000 0.302800 0.381300 0.174100 0.174400 0.562100 0.501600 0.299300 1.040200 0.000000 0.080300
MuntiacusM 0.200000 0.104300 0.402900 0.508500 0.300100 0.317000 0.290100 0.198300 0.301500 0.000000 0.200000 0.086700 0.202600 0.509100 0.301200 0.278000 0.265200 0.429800 0.238000 0.383300 0.299400 0.317000 0.000300 0.374100 0.200000 0.438700 0.202600 0.387500 0.199000 0.495300 0.000200 0.374300 0.345000 0.390700 0.104100 0.288900 0.200000 0.300100 0.200000 0.199500 0.000300 0.326900 0.000100 0.088800 0.288900 0.286600 0.254100 0.395900 0.200000 0.922100 0.301500 0.380800
goat 0.000000 0.103700 0.399600 0.512000 0.091200 0.098000 0.089200 0.000200 0.299300 0.200000 0.000000 0.277700 0.000100 0.278100 0.092800 0.085700 0.260900 0.422000 0.234300 0.380500 0.092200 0.096000 0.198600 0.367800 0.000000 0.199900 0.000100 0.176400 0.000100 0.267800 0.201100 0.172100 0.341000 0.179600 0.105000 0.284000 0.000000 0.091200 0.000000 0.199400 0.198600 0.100000 0.200800 0.284400 0.284000 0.087400 0.252700 0.181600 0.000000 0.762300 0.299300 0.378000
AfricanBuf 0.277700 0.192000 0.254900 0.573800 0.370100 0.389300 0.363800 0.279300 0.170500 0.086700 0.277700 0.000000 0.285000 0.574000 0.376700 0.349500 0.330600 0.484100 0.299400 0.244800 0.375300 0.389300 0.086200 0.435800 0.277700 0.511900 0.285000 0.247100 0.280000 0.334100 0.087200 0.442100 0.404000 0.460400 0.194100 0.163100 0.277700 0.370100 0.277700 0.277000 0.086200 0.406900 0.087100 0.165000 0.163100 0.163400 0.320800 0.463300 0.277700 0.954900 0.170500 0.243500
Topi 0.000100 0.106600 0.411900 0.519600 0.093600 0.098700 0.090500 0.000300 0.308300 0.202600 0.000100 0.285000 0.000000 0.282000 0.094100 0.086700 0.267500 0.432500 0.239400 0.391500 0.093500 0.098700 0.198800 0.378100 0.000100 0.203100 0.000000 0.181300 0.000200 0.275400 0.203700 0.174400 0.350100 0.180000 0.106500 0.291700 0.000100 0.093600 0.000100 0.203500 0.198800 0.101700 0.203300 0.291800 0.291700 0.089600 0.255800 0.184300 0.000100 0.793700 0.308300 0.387900
CommonDuik 0.278100 0.423200 0.735300 0.869100 0.373000 0.391600 0.161800 0.275200 0.620600 0.509100 0.278100 0.574000 0.282000 0.000000 0.382600 0.345000 0.539900 0.483600 0.482200 0.691800 0.372200 0.391600 0.503300 0.675000 0.278100 0.511200 0.282000 0.452600 0.276500 0.558200 0.529600 0.235500 0.515400 0.250100 0.423500 0.588700 0.278100 0.373000 0.278100 0.510800 0.503300 0.404000 0.510800 0.589100 0.588700 0.356200 0.429000 0.477300 0.278100 1.072300 0.620600 0.689300
Suni 0.092800 0.210800 0.513000 0.501000 0.185300 0.194600 0.181600 0.091800 0.407900 0.301200 0.092800 0.376700 0.094100 0.382600 0.000000 0.171100 0.353600 0.317200 0.316000 0.486400 0.000200 0.194600 0.298700 0.469700 0.092800 0.092400 0.094100 0.269100 0.092200 0.265800 0.302900 0.263800 0.436100 0.083800 0.210400 0.385800 0.092800 0.185300 0.092800 0.302400 0.298700 0.200900 0.302300 0.386800 0.385800 0.177100 0.248000 0.084900 0.092800 0.941500 0.407900 0.481800
Springbuck 0.085700 0.193300 0.469000 0.572000 0.170700 0.178800 0.165700 0.085000 0.374100 0.278000 0.085700 0.349500 0.086700 0.345000 0.171100 0.000000 0.328800 0.481400 0.296600 0.448300 0.171000 0.178800 0.275500 0.433900 0.085700 0.277300 0.086700 0.248700 0.085400 0.336500 0.280200 0.241200 0.401100 0.250100 0.192400 0.357600 0.085700 0.170700 0.085700 0.278900 0.275500 0.184800 0.279300 0.357100 0.357600 0.164300 0.315100 0.251200 0.085700 0.831200 0.374100 0.247800
Okapi 0.260900 0.394300 0.434300 0.805600 0.159900 0.364300 0.343000 0.261500 0.575900 0.265200 0.260900 0.330600 0.267500 0.539900 0.353600 0.328800 0.000000 0.132200 0.284500 0.646900 0.351600 0.364300 0.263400 0.410200 0.260900 0.477000 0.267500 0.422800 0.262500 0.518100 0.266200 0.417300 0.382900 0.432500 0.404600 0.451600 0.260900 0.159900 0.260900 0.476400 0.263400 0.379600 0.266000 0.336600 0.451600 0.334700 0.305000 0.435100 0.260900 1.127900 0.575900 0.642400
Giraffe 0.422000 0.576600 0.593900 0.863600 0.309500 0.530700 0.306100 0.423100 0.754300 0.429800 0.422000 0.484100 0.432500 0.483600 0.317200 0.481400 0.132200 0.000000 0.417900 0.821300 0.312700 0.530700 0.426200 0.562600 0.422000 0.421900 0.432500 0.578400 0.424700 0.574700 0.430700 0.374000 0.525400 0.214500 0.592400 0.620600 0.422000 0.309500 0.422000 0.653900 0.426200 0.554000 0.431000 0.492800 0.620600 0.489500 0.364300 0.391700 0.422000 1.391000 0.754300 0.815200
TibetanAnt 0.234300 0.348900 0.598000 0.487000 0.311600 0.325300 0.308200 0.234700 0.510800 0.238000 0.234300 0.299400 0.239400 0.482200 0.316000 0.296600 0.284500 0.417900 0.000000 0.576200 0.315300 0.325300 0.236400 0.371700 0.234300 0.423400 0.239400 0.380900 0.235600 0.465400 0.239500 0.376500 0.347100 0.387800 0.351900 0.492100 0.234300 0.311600 0.234300 0.423500 0.236400 0.337900 0.239300 0.303000 0.492100 0.302300 0.276700 0.387600 0.234300 0.963700 0.510800 0.572800
Sitatunga 0.380500 0.296000 0.160800 0.693700 0.476900 0.500500 0.466900 0.381100 0.080700 0.383300 0.380500 0.244800 0.391500 0.691800 0.486400 0.448300 0.646900 0.821300 0.576200 0.000000 0.483400 0.500500 0.380700 0.793500 0.380500 0.512600 0.391500 0.155600 0.383000 0.235900 0.384600 0.544400 0.724600 0.570800 0.300500 0.249700 0.380500 0.476900 0.380500 0.379500 0.380700 0.407400 0.384400 0.455500 0.249700 0.250200 0.631700 0.574900 0.380500 1.117700 0.080700 0.153500
Oribi 0.092200 0.209500 0.510100 0.498100 0.184100 0.193500 0.177700 0.091300 0.405700 0.299400 0.092200 0.375300 0.093500 0.372200 0.000200 0.171000 0.351600 0.312700 0.315300 0.483400 0.000000 0.193500 0.296800 0.467600 0.092200 0.092000 0.093500 0.267700 0.091800 0.264200 0.301400 0.257500 0.431300 0.082600 0.209200 0.385200 0.092200 0.184100 0.092200 0.300700 0.296800 0.200100 0.300500 0.384100 0.385200 0.176500 0.245800 0.084200 0.092200 0.934800 0.405700 0.480900
BarbaryShe 0.096000 0.218700 0.527100 0.651300 0.191100 0.000000 0.187300 0.096300 0.420700 0.317000 0.096000 0.389300 0.098700 0.391600 0.194600 0.178800 0.364300 0.530700 0.325300 0.500500 0.193500 0.000000 0.314900 0.483600 0.095500 0.315800 0.098700 0.277100 0.096700 0.375200 0.318700 0.270600 0.447900 0.283000 0.221800 0.397800 0.097700 0.192500 0.097800 0.313500 0.314900 0.210600 0.318200 0.399500 0.397800 0.182700 0.354900 0.285700 0.096000 0.953100 0.420700 0.495900
Daviddeer 0.198600 0.103500 0.400000 0.503400 0.297800 0.314900 0.287700 0.196600 0.299600 0.000300 0.198600 0.086200 0.198800 0.503300 0.298700 0.275500 0.263400 0.426200 0.236400 0.380700 0.296800 0.314900 0.000000 0.371500 0.198600 0.434400 0.199400 0.385400 0.197500 0.492000 0.000300 0.371200 0.344400 0.382800 0.103300 0.283900 0.198600 0.297800 0.198600 0.197900 0.000000 0.324200 0.000200 0.088100 0.283900 0.285000 0.252100 0.392700 0.198600 0.911800 0.299600 0.377400
Reindeer 0.367800 0.528400 0.833500 0.682800 0.460800 0.483600 0.453900 0.369400 0.721300 0.374100 0.367800 0.435800 0.378100 0.675000 0.469700 0.433900 0.410200 0.562600 0.371700 0.793500 0.467600 0.483600 0.371500 0.000000 0.367800 0.613200 0.378100 0.536900 0.370700 0.643900 0.375600 0.530300 0.483200 0.551900 0.537000 0.688700 0.367800 0.460800 0.367800 0.613100 0.371500 0.506500 0.375800 0.248400 0.688700 0.441900 0.402300 0.555100 0.367800 0.958500 0.721300 0.787300
Ibex 0.000000 0.103700 0.399600 0.512000 0.091200 0.096000 0.089200 0.000200 0.299300 0.200000 0.000000 0.277700 0.000100 0.278100 0.092800 0.085700 0.260900 0.422000 0.234300 0.380500 0.092200 0.095500 0.198600 0.367800 0.000000 0.199900 0.000100 0.176400 0.000100 0.267800 0.201100 0.172100 0.341000 0.179600 0.105000 0.284000 0.000000 0.091200 0.000000 0.198300 0.198600 0.100000 0.200800 0.284400 0.284800 0.087400 0.252700 0.181600 0.000000 0.762300 0.299300 0.378000
GyrantGaze 0.199900 0.345100 0.543400 0.659000 0.300300 0.315800 0.289300 0.198400 0.431400 0.438700 0.199900 0.511900 0.203100 0.511200 0.092400 0.277300 0.477000 0.421900 0.423400 0.512600 0.092000 0.315800 0.434400 0.613200 0.199900 0.000000 0.203100 0.282500 0.196600 0.278800 0.440900 0.372100 0.565300 0.178400 0.345200 0.525300 0.199900 0.300300 0.199900 0.439900 0.434400 0.099400 0.440500 0.527600 0.525300 0.285800 0.357000 0.181400 0.199900 1.209400 0.431400 0.509800
Hartebeest 0.000100 0.106600 0.411900 0.519600 0.093600 0.098700 0.090500 0.000300 0.308300 0.202600 0.000100 0.285000 0.000000 0.282000 0.094100 0.086700 0.267500 0.432500 0.239400 0.391500 0.093500 0.098700 0.199400 0.378100 0.000100 0.203100 0.000000 0.181300 0.000200 0.275400 0.203700 0.174400 0.350100 0.180000 0.106500 0.291700 0.000100 0.093600 0.000100 0.203500 0.198600 0.101700 0.203300 0.291800 0.291700 0.089600 0.255800 0.184300 0.000100 0.793700 0.308300 0.387900
Bongo 0.176400 0.299300 0.162700 0.704100 0.264000 0.277100 0.259100 0.177200 0.081400 0.387500 0.176400 0.247100 0.181300 0.452600 0.269100 0.248700 0.422800 0.578400 0.380900 0.155600 0.267700 0.277100 0.385400 0.536900 0.176400 0.282500 0.181300 0.000000 0.177600 0.074200 0.389200 0.334600 0.497900 0.349300 0.303400 0.252100 0.176400 0.264000 0.176400 0.383600 0.385400 0.188300 0.389800 0.460200 0.252100 0.078400 0.412800 0.351900 0.176400 0.987200 0.081400 0.154800
Gerenuk 0.000100 0.104500 0.403100 0.509200 0.091700 0.096700 0.088700 0.000100 0.301900 0.199000 0.000100 0.280000 0.000200 0.276500 0.092200 0.085400 0.262500 0.424700 0.235600 0.383000 0.091800 0.096700 0.197500 0.370700 0.000100 0.196600 0.000200 0.177600 0.000000 0.269800 0.200600 0.171000 0.342500 0.178600 0.104300 0.286500 0.000100 0.091700 0.000100 0.199700 0.197500 0.098500 0.199800 0.286300 0.286500 0.088000 0.251200 0.180400 0.000100 0.772900 0.301900 0.381200
CommonElan 0.267800 0.406300 0.246300 0.668900 0.357900 0.375200 0.350700 0.269000 0.164200 0.495300 0.267800 0.334100 0.275400 0.558200 0.265800 0.336500 0.518100 0.574700 0.465400 0.235900 0.264200 0.375200 0.492000 0.643900 0.267800 0.278800 0.275400 0.074200 0.269800 0.000000 0.497200 0.425800 0.596400 0.345500 0.412500 0.341000 0.267800 0.357900 0.267800 0.489600 0.492000 0.286400 0.498300 0.565800 0.341000 0.158200 0.297500 0.348500 0.267800 1.179900 0.164200 0.234600
MuntiacusR 0.201100 0.104900 0.403900 0.508500 0.301300 0.318700 0.292300 0.200600 0.302600 0.000200 0.201100 0.087200 0.203700 0.529600 0.302900 0.280200 0.266200 0.430700 0.239500 0.384600 0.301400 0.318700 0.000300 0.375600 0.201100 0.440900 0.203700 0.389200 0.200600 0.497200 0.000000 0.376300 0.350700 0.392300 0.104900 0.286500 0.201100 0.301300 0.201100 0.200300 0.000300 0.328800 0.000100 0.089100 0.286500 0.287900 0.255300 0.398500 0.201100 0.952400 0.302600 0.381900
HarveysDui 0.172100 0.291400 0.570300 0.681100 0.257800 0.270600 0.075200 0.170100 0.472400 0.374300 0.172100 0.442100 0.174400 0.235500 0.263800 0.241200 0.417300 0.374000 0.376500 0.544400 0.257500 0.270600 0.371200 0.530300 0.172100 0.372100 0.174400 0.334600 0.171000 0.425800 0.376300 0.000000 0.487600 0.154900 0.291200 0.452800 0.172100 0.257800 0.172100 0.375900 0.371200 0.278100 0.375300 0.450400 0.452800 0.248400 0.398700 0.348400 0.172100 0.981800 0.472400 0.541800
Pronghorn 0.341000 0.483800 0.764600 0.898600 0.428500 0.447900 0.418600 0.340700 0.659900 0.345000 0.341000 0.404000 0.350100 0.515400 0.436100 0.401100 0.382900 0.525400 0.347100 0.724600 0.431300 0.447900 0.344400 0.483200 0.341000 0.565300 0.350100 0.497900 0.342500 0.596400 0.350700 0.487600 0.000000 0.511000 0.491100 0.627400 0.341000 0.428500 0.341000 0.559800 0.344400 0.466000 0.346900 0.415000 0.627400 0.409200 0.379800 0.519700 0.341000 0.581400 0.659900 0.719400
BlueWildeb 0.179600 0.305800 0.600300 0.588000 0.269500 0.283000 0.080000 0.177900 0.496200 0.390700 0.179600 0.460400 0.180000 0.250100 0.083800 0.250100 0.432500 0.214500 0.387800 0.570800 0.082600 0.283000 0.382800 0.551900 0.179600 0.178400 0.180000 0.349300 0.178600 0.345500 0.392300 0.154900 0.511000 0.000000 0.305300 0.471300 0.179600 0.269500 0.179600 0.392200 0.382800 0.291600 0.392100 0.471200 0.471300 0.258500 0.323100 0.164900 0.179600 1.043900 0.496200 0.565400
Gemsbok 0.105000 0.000100 0.320400 0.424300 0.212100 0.221800 0.201500 0.103800 0.211100 0.104100 0.105000 0.194100 0.106500 0.423500 0.210400 0.192400 0.404600 0.592400 0.351900 0.300500 0.209200 0.221800 0.103300 0.537000 0.105000 0.345200 0.106500 0.303400 0.104300 0.412500 0.104900 0.291200 0.491100 0.305300 0.000000 0.199000 0.105000 0.212100 0.105000 0.104700 0.103300 0.229300 0.104500 0.200000 0.199000 0.199300 0.381300 0.309600 0.105000 0.827000 0.211100 0.297300
Yak 0.284000 0.196500 0.260300 0.587100 0.378700 0.397800 0.372800 0.285800 0.174500 0.288900 0.284000 0.163100 0.291700 0.588700 0.385800 0.357600 0.451600 0.620600 0.492100 0.249700 0.385200 0.397800 0.283900 0.688700 0.284000 0.525300 0.291700 0.252100 0.286500 0.341000 0.286500 0.452800 0.627400 0.471300 0.199000 0.000000 0.284000 0.378700 0.284000 0.283300 0.283900 0.417200 0.286800 0.362000 0.000000 0.165500 0.533400 0.473300 0.284000 0.984600 0.173900 0.248400
BlueSheep 0.000000 0.103700 0.399600 0.512000 0.091200 0.096000 0.089200 0.000200 0.299300 0.200000 0.000000 0.277700 0.000100 0.278100 0.092800 0.085700 0.260900 0.422000 0.234300 0.380500 0.092200 0.097700 0.198600 0.367800 0.000000 0.199900 0.000100 0.176400 0.000100 0.267800 0.201100 0.172100 0.341000 0.179600 0.105000 0.284000 0.000000 0.091200 0.000000 0.198300 0.198600 0.100000 0.200800 0.284400 0.284000 0.087400 0.252700 0.181600 0.000000 0.762300 0.299300 0.378000
BohorReedb 0.091200 0.206900 0.273000 0.621400 0.000000 0.191100 0.178000 0.091300 0.399600 0.300100 0.091200 0.370100 0.093600 0.373000 0.185300 0.170700 0.159900 0.309500 0.311600 0.476900 0.184100 0.192500 0.297800 0.460800 0.091200 0.300300 0.093600 0.264000 0.091700 0.357900 0.301300 0.257800 0.428500 0.269500 0.212100 0.378700 0.091200 0.000000 0.091200 0.297100 0.297800 0.199500 0.301100 0.380400 0.378700 0.174000 0.339400 0.273100 0.091200 0.904200 0.399600 0.473600
KirksDik 0.000000 0.103700 0.399600 0.512000 0.092300 0.096000 0.089200 0.000200 0.299300 0.200000 0.000000 0.277700 0.000100 0.278100 0.092800 0.085700 0.260900 0.422000 0.234300 0.380500 0.092200 0.097800 0.198600 0.367800 0.000000 0.199900 0.000100 0.176400 0.000100 0.267800 0.201100 0.172100 0.341000 0.179600 0.105000 0.284000 0.000000 0.091200 0.000000 0.199100 0.198600 0.100000 0.200800 0.284400 0.281100 0.087400 0.252700 0.181600 0.000000 0.762300 0.299300 0.378000
RoeDeer 0.197700 0.103500 0.398500 0.276900 0.297100 0.313500 0.291400 0.198900 0.298500 0.199500 0.199400 0.277000 0.203500 0.510800 0.302400 0.278900 0.476400 0.653900 0.423500 0.379500 0.300700 0.313500 0.197900 0.613100 0.198300 0.439900 0.203500 0.383600 0.199700 0.489600 0.200300 0.375900 0.559800 0.392200 0.104700 0.283300 0.198300 0.297100 0.199100 0.000000 0.197900 0.328000 0.200100 0.283700 0.283300 0.284000 0.461200 0.396700 0.198300 0.903600 0.298500 0.377000
WhiteLippe 0.198600 0.103500 0.400000 0.503400 0.297800 0.314900 0.287700 0.196600 0.299600 0.000300 0.198600 0.086200 0.198800 0.503300 0.298700 0.275500 0.263400 0.426200 0.236400 0.380700 0.296800 0.314900 0.000000 0.371500 0.198600 0.434400 0.198600 0.385400 0.197500 0.492000 0.000300 0.371200 0.344400 0.382800 0.103300 0.283900 0.198600 0.297800 0.198600 0.197900 0.000000 0.324200 0.000200 0.088100 0.283900 0.285000 0.252100 0.392700 0.198600 0.911800 0.299600 0.377400
ThomsonGaz 0.100000 0.229200 0.430300 0.676100 0.199500 0.210600 0.192500 0.099400 0.322000 0.326900 0.100000 0.406900 0.101700 0.404000 0.200900 0.184800 0.379600 0.554000 0.337900 0.407400 0.200100 0.210600 0.324200 0.506500 0.100000 0.099400 0.101700 0.188300 0.098500 0.286400 0.328800 0.278100 0.466000 0.291600 0.229300 0.417200 0.100000 0.199500 0.100000 0.328000 0.324200 0.000000 0.328100 0.417800 0.417200 0.190500 0.364800 0.295100 0.100000 1.023900 0.322000 0.405300
MuntiacusC 0.200800 0.104700 0.404500 0.502100 0.301100 0.318200 0.291200 0.199100 0.302800 0.000100 0.200800 0.087100 0.203300 0.510800 0.302300 0.279300 0.266000 0.431000 0.239300 0.384400 0.300500 0.318200 0.000200 0.375800 0.200800 0.440500 0.203300 0.389800 0.199800 0.498300 0.000100 0.375300 0.346900 0.392100 0.104500 0.286800 0.200800 0.301100 0.200800 0.200100 0.000200 0.328100 0.000000 0.088900 0.286800 0.288200 0.255200 0.398000 0.200800 0.929200 0.302800 0.382500
WhiteTaile 0.284400 0.205800 0.479000 0.360300 0.380400 0.399500 0.371800 0.285100 0.381300 0.088800 0.284400 0.165000 0.291800 0.589100 0.386800 0.357100 0.336600 0.492800 0.303000 0.455500 0.384100 0.399500 0.088100 0.248400 0.284400 0.527600 0.291800 0.460200 0.286300 0.565800 0.089100 0.450400 0.415000 0.471200 0.200000 0.362000 0.284400 0.380400 0.284400 0.283700 0.088100 0.417800 0.088900 0.000000 0.362000 0.362900 0.329200 0.478400 0.284400 0.988300 0.381300 0.452600
Cattle 0.284000 0.196500 0.260300 0.587100 0.378700 0.397800 0.372800 0.285800 0.174100 0.288900 0.284000 0.163100 0.291700 0.588700 0.385800 0.357600 0.451600 0.620600 0.492100 0.249700 0.385200 0.397800 0.283900 0.688700 0.284800 0.525300 0.291700 0.252100 0.286500 0.341000 0.286500 0.452800 0.627400 0.471300 0.199000 0.000000 0.284000 0.378700 0.281100 0.283300 0.283900 0.417200 0.286800 0.362000 0.000000 0.166600 0.533400 0.473300 0.284000 0.984600 0.173200 0.248400
RoyalAntel 0.087400 0.197000 0.260900 0.590700 0.174000 0.182700 0.171000 0.087800 0.174400 0.286600 0.087400 0.163400 0.089600 0.356200 0.177100 0.164300 0.334700 0.489500 0.302300 0.250200 0.176500 0.182700 0.285000 0.441900 0.087400 0.285800 0.089600 0.078400 0.088000 0.158200 0.287900 0.248400 0.409200 0.258500 0.199300 0.165500 0.087400 0.174000 0.087400 0.284000 0.285000 0.190500 0.288200 0.362900 0.166600 0.000000 0.324500 0.259800 0.087400 0.846400 0.174400 0.248900
Steenbok 0.252700 0.381600 0.666500 0.625900 0.339400 0.354900 0.327600 0.250000 0.562100 0.254100 0.252700 0.320800 0.255800 0.429000 0.248000 0.315100 0.305000 0.364300 0.276700 0.631700 0.245800 0.354900 0.252100 0.402300 0.252700 0.357000 0.255800 0.412800 0.251200 0.297500 0.255300 0.398700 0.379800 0.323100 0.381300 0.533400 0.252700 0.339400 0.252700 0.461200 0.252100 0.364800 0.255200 0.329200 0.533400 0.324500 0.000000 0.328300 0.252700 1.131900 0.562100 0.627300
Impala 0.181600 0.310200 0.608400 0.596100 0.273100 0.285700 0.269300 0.179600 0.501600 0.395900 0.181600 0.463300 0.184300 0.477300 0.084900 0.251200 0.435100 0.391700 0.387600 0.574900 0.084200 0.285700 0.392700 0.555100 0.181600 0.181400 0.184300 0.351900 0.180400 0.348500 0.398500 0.348400 0.519700 0.164900 0.309600 0.473300 0.181600 0.273100 0.181600 0.396700 0.392700 0.295100 0.398000 0.478400 0.473300 0.259800 0.328300 0.000000 0.181600 0.699800 0.501600 0.569400
Klipspring 0.000000 0.106800 0.399600 0.512000 0.091200 0.098200 0.089200 0.000200 0.299300 0.200000 0.000000 0.277700 0.000100 0.278100 0.092800 0.085700 0.260900 0.422000 0.234300 0.380500 0.092200 0.096000 0.198600 0.367800 0.000000 0.199900 0.000100 0.176400 0.000100 0.267800 0.201100 0.172100 0.341000 0.179600 0.105000 0.284000 0.000000 0.091200 0.000000 0.198300 0.198600 0.100000 0.200800 0.284400 0.284000 0.087400 0.252700 0.181600 0.000000 0.762300 0.299300 0.378000
ForestMusk 0.762300 0.807000 1.192400 1.462400 0.904200 0.953100 0.884200 0.767800 1.040200 0.922100 0.762300 0.954900 0.793700 1.072300 0.941500 0.831200 1.127900 1.391000 0.963700 1.117700 0.934800 0.953100 0.911800 0.958500 0.762300 1.209400 0.793700 0.987200 0.772900 1.179900 0.952400 0.981800 0.581400 1.043900 0.827000 0.984600 0.762300 0.904200 0.762300 0.903600 0.911800 1.023900 0.929200 0.988300 0.984600 0.846400 1.131900 0.699800 0.762300 0.000000 1.040200 1.106800
Bushbuck 0.299300 0.208200 0.086000 0.620900 0.399600 0.420700 0.390700 0.301000 0.000000 0.301500 0.299300 0.170500 0.308300 0.620600 0.407900 0.374100 0.575900 0.754300 0.510800 0.080700 0.405700 0.420700 0.299600 0.721300 0.299300 0.431400 0.308300 0.081400 0.301900 0.164200 0.302600 0.472400 0.659900 0.496200 0.211100 0.173900 0.299300 0.399600 0.299300 0.298500 0.299600 0.322000 0.302800 0.381300 0.173200 0.174400 0.562100 0.501600 0.299300 1.040200 0.000000 0.080100
GreaterKud 0.375800 0.294000 0.159900 0.689700 0.473600 0.495900 0.464600 0.380000 0.080300 0.380800 0.378000 0.243500 0.387900 0.689300 0.481800 0.247800 0.642400 0.815200 0.572800 0.153500 0.480900 0.495900 0.377400 0.787300 0.378000 0.509800 0.387900 0.154800 0.381200 0.234600 0.381900 0.541800 0.719400 0.565400 0.297300 0.248400 0.378000 0.473600 0.378000 0.377000 0.377400 0.405300 0.382500 0.452600 0.248400 0.248900 0.627300 0.569400 0.378000 1.106800 0.080100 0.000000
