1
52 1
Argali 0.000000 0.229600 0.083400 0.180600 0.040100 0.019300 0.075100 0.074600 0.076300 0.110700 0.012900 0.047500 0.033300 0.067700 0.074600 0.080700 0.087400 0.081400 0.026200 0.083400 0.080700 0.019500 0.110500 0.118000 0.012900 0.060200 0.033300 0.090400 0.060600 0.090400 0.117500 0.061000 0.097100 0.033300 0.046900 0.061200 0.019400 0.047100 0.060000 0.147600 0.111500 0.060200 0.103900 0.140700 0.061200 0.054500 0.067800 0.053800 0.026000 0.075000 0.083400 0.083300
LesserMous 0.229600 0.000000 0.224900 0.253100 0.188300 0.238500 0.221500 0.230600 0.216700 0.203900 0.228400 0.190300 0.196800 0.203200 0.201900 0.208700 0.193100 0.187400 0.203000 0.224900 0.210500 0.218500 0.203400 0.212200 0.227700 0.201900 0.196800 0.232700 0.186800 0.232700 0.203100 0.205100 0.207400 0.196800 0.213400 0.204900 0.219600 0.181200 0.235400 0.245500 0.205200 0.201900 0.196700 0.237800 0.214200 0.213600 0.230300 0.204800 0.212800 0.196600 0.224900 0.224800
LesserKudu 0.083400 0.224900 0.000000 0.175400 0.040800 0.090600 0.076300 0.076300 0.006700 0.083000 0.082800 0.048200 0.047900 0.075800 0.076000 0.103700 0.088900 0.082900 0.054300 0.000000 0.096800 0.082600 0.097500 0.090200 0.082600 0.068100 0.047900 0.006600 0.068700 0.006700 0.089800 0.062000 0.076900 0.047900 0.062100 0.054700 0.075400 0.048000 0.089800 0.119400 0.098400 0.068100 0.076200 0.112500 0.033800 0.069800 0.069100 0.054800 0.068900 0.061900 0.000000 0.000000
KillerWhal 0.180600 0.253100 0.175400 0.000000 0.141400 0.188600 0.180800 0.180700 0.167700 0.172200 0.179600 0.150800 0.149500 0.163500 0.170800 0.176900 0.130800 0.140400 0.155600 0.175400 0.202200 0.170500 0.171700 0.180000 0.179000 0.170200 0.149500 0.182900 0.155800 0.182900 0.163600 0.165000 0.158400 0.149500 0.165200 0.149600 0.171200 0.149900 0.178600 0.211700 0.173300 0.170200 0.165100 0.188400 0.157900 0.157600 0.172800 0.157000 0.164600 0.133300 0.175400 0.175300
DefassaWat 0.040100 0.188300 0.040800 0.141400 0.000000 0.046800 0.033400 0.033200 0.033900 0.067700 0.039800 0.020100 0.006600 0.033200 0.033200 0.059900 0.059800 0.053600 0.013100 0.040800 0.053400 0.039800 0.067500 0.074700 0.039800 0.039700 0.006600 0.047600 0.040000 0.047600 0.074300 0.019900 0.061600 0.006600 0.019900 0.040400 0.032600 0.006600 0.046500 0.103000 0.068100 0.039700 0.061000 0.096300 0.033600 0.026900 0.040200 0.013100 0.026200 0.033400 0.040800 0.040800
Sheep 0.019300 0.238500 0.090600 0.188600 0.046800 0.000000 0.082100 0.081900 0.083400 0.118100 0.019400 0.054400 0.040100 0.074700 0.081600 0.087800 0.094500 0.088500 0.032800 0.090600 0.087800 0.026100 0.117800 0.125500 0.019400 0.067100 0.040100 0.097600 0.067500 0.097600 0.124900 0.068000 0.104300 0.040100 0.053800 0.068100 0.025900 0.054000 0.066900 0.155300 0.118800 0.067100 0.111200 0.148400 0.068200 0.061400 0.074400 0.060700 0.032900 0.082000 0.090600 0.090500
MaxwellsDu 0.075100 0.221500 0.076300 0.180800 0.033400 0.082100 0.000000 0.054000 0.069200 0.096200 0.074600 0.054600 0.040300 0.013000 0.053800 0.080800 0.094800 0.081600 0.046700 0.076300 0.074000 0.074400 0.096000 0.103400 0.074400 0.060200 0.040300 0.083300 0.060600 0.083300 0.103000 0.013000 0.097700 0.040300 0.054200 0.075500 0.067400 0.040400 0.081500 0.117600 0.096900 0.060200 0.089400 0.125700 0.068500 0.061700 0.061100 0.033400 0.047000 0.068000 0.076300 0.076200
GazellaPrz 0.074600 0.230600 0.076300 0.180700 0.033200 0.081900 0.054000 0.000000 0.069200 0.095700 0.074400 0.054600 0.040200 0.053700 0.067700 0.066900 0.094800 0.088800 0.045900 0.076300 0.046300 0.074400 0.095500 0.103000 0.074300 0.046600 0.040200 0.083200 0.046800 0.083200 0.102500 0.040200 0.097700 0.040200 0.054000 0.075400 0.067200 0.040300 0.067200 0.132100 0.096400 0.046600 0.089000 0.125200 0.068400 0.061600 0.047000 0.047000 0.046800 0.068000 0.076300 0.076200
MountainNy 0.076300 0.216700 0.006700 0.167700 0.033900 0.083400 0.069200 0.069200 0.000000 0.075900 0.075800 0.041200 0.041000 0.068800 0.069000 0.096600 0.081900 0.075800 0.047500 0.006700 0.089700 0.075500 0.090300 0.083100 0.075500 0.061200 0.041000 0.013300 0.061700 0.013400 0.082700 0.055000 0.069800 0.041000 0.055100 0.047800 0.068400 0.041100 0.082800 0.112100 0.091200 0.061200 0.069100 0.105200 0.027000 0.062800 0.062100 0.047900 0.061900 0.054900 0.006700 0.006700
MuntiacusM 0.110700 0.203900 0.083000 0.172200 0.067700 0.118100 0.096200 0.095700 0.075900 0.000000 0.110100 0.075600 0.074900 0.095700 0.095900 0.131000 0.087400 0.067000 0.081200 0.083000 0.124100 0.109700 0.026000 0.032600 0.109700 0.109600 0.074900 0.090000 0.095700 0.090000 0.019400 0.081900 0.090100 0.074900 0.089200 0.096700 0.102500 0.075100 0.117100 0.059500 0.026200 0.109600 0.006500 0.052800 0.089600 0.097200 0.103800 0.074700 0.096100 0.074800 0.083000 0.082900
goat 0.012900 0.228400 0.082800 0.179600 0.039800 0.019400 0.074600 0.074400 0.075800 0.110100 0.000000 0.047200 0.032700 0.067300 0.074200 0.080300 0.087000 0.080900 0.026100 0.082800 0.080300 0.019400 0.109800 0.117400 0.000000 0.059800 0.032800 0.089800 0.060200 0.089800 0.116800 0.060700 0.096500 0.033100 0.046700 0.060800 0.006400 0.046800 0.059700 0.146800 0.110800 0.059800 0.103300 0.140000 0.060800 0.054100 0.067400 0.053500 0.026000 0.074500 0.082800 0.082800
AfricanBuf 0.047500 0.190300 0.048200 0.150800 0.020100 0.054400 0.054600 0.054600 0.041200 0.075600 0.047200 0.000000 0.027000 0.054300 0.054400 0.074600 0.053400 0.047200 0.019900 0.048200 0.074900 0.047000 0.075400 0.082700 0.047000 0.060900 0.027000 0.055100 0.047300 0.055100 0.082300 0.040700 0.069500 0.027000 0.040800 0.033800 0.040200 0.027000 0.054000 0.111600 0.076100 0.060900 0.068800 0.104800 0.026900 0.048100 0.061700 0.033800 0.033600 0.040600 0.048200 0.048100
Topi 0.033300 0.196800 0.047900 0.149500 0.006600 0.040100 0.040300 0.040200 0.041000 0.074900 0.032700 0.027000 0.000000 0.040100 0.040100 0.053100 0.066800 0.060700 0.019700 0.047900 0.046000 0.033100 0.074700 0.082000 0.033100 0.033000 0.000000 0.054800 0.033200 0.054800 0.081600 0.026700 0.068900 0.000000 0.013200 0.047400 0.039800 0.013300 0.039800 0.110600 0.075400 0.033000 0.068200 0.103800 0.040600 0.020100 0.033400 0.019800 0.019700 0.040300 0.047900 0.047900
CommonDuik 0.067700 0.203200 0.075800 0.163500 0.033200 0.074700 0.013000 0.053700 0.068800 0.095700 0.067300 0.054300 0.040100 0.000000 0.053500 0.066300 0.094300 0.081100 0.046500 0.075800 0.073600 0.059900 0.095400 0.102800 0.067000 0.046200 0.040100 0.082800 0.046400 0.082800 0.102400 0.013000 0.090000 0.040100 0.053900 0.060800 0.060100 0.040200 0.081000 0.116900 0.096300 0.046200 0.088900 0.125100 0.068100 0.061300 0.060700 0.033200 0.039900 0.067600 0.075800 0.075800
Suni 0.074600 0.201900 0.076000 0.170800 0.033200 0.081600 0.053800 0.067700 0.069000 0.095900 0.074200 0.054400 0.040100 0.053500 0.000000 0.094800 0.080200 0.081300 0.046500 0.076000 0.087900 0.074100 0.095600 0.088400 0.074100 0.074000 0.040100 0.083000 0.074500 0.083000 0.102600 0.040100 0.097400 0.039700 0.040000 0.075200 0.067000 0.040200 0.066800 0.117100 0.096500 0.074000 0.089100 0.110300 0.068200 0.054000 0.074800 0.032800 0.060900 0.067800 0.076000 0.075900
Springbuck 0.080700 0.208700 0.103700 0.176900 0.059900 0.087800 0.080800 0.066900 0.096600 0.131000 0.080300 0.074600 0.053100 0.066300 0.094800 0.000000 0.107300 0.101400 0.073300 0.103700 0.059100 0.072900 0.130700 0.138400 0.080000 0.032300 0.053100 0.110700 0.032400 0.110700 0.137800 0.066900 0.118100 0.053100 0.066900 0.088100 0.087200 0.067100 0.080000 0.168400 0.131800 0.032300 0.124200 0.161500 0.095600 0.074400 0.060000 0.073900 0.052900 0.095000 0.103700 0.103600
Okapi 0.087400 0.193100 0.088900 0.130800 0.059800 0.094500 0.094800 0.094800 0.081900 0.087400 0.087000 0.053400 0.066800 0.094300 0.080200 0.107300 0.000000 0.019400 0.059200 0.088900 0.100700 0.086600 0.087300 0.080200 0.086700 0.100800 0.066800 0.095900 0.087200 0.095900 0.094100 0.080700 0.081400 0.066800 0.066700 0.073900 0.079800 0.066900 0.079500 0.108300 0.088000 0.100800 0.080800 0.101600 0.067000 0.088500 0.102100 0.073600 0.073400 0.066500 0.088900 0.088900
Giraffe 0.081400 0.187400 0.082900 0.140400 0.053600 0.088500 0.081600 0.088800 0.075800 0.067000 0.080900 0.047200 0.060700 0.081100 0.081300 0.101400 0.019400 0.000000 0.053100 0.082900 0.094800 0.080600 0.066900 0.074000 0.080700 0.094900 0.060700 0.089800 0.081200 0.089800 0.073600 0.067600 0.075400 0.060700 0.074700 0.067700 0.073700 0.060800 0.087700 0.102100 0.067400 0.094900 0.060400 0.095400 0.060800 0.082500 0.096200 0.060500 0.067300 0.060600 0.082900 0.082800
TibetanAnt 0.026200 0.203000 0.054300 0.155600 0.013100 0.032800 0.046700 0.045900 0.047500 0.081200 0.026100 0.019900 0.019700 0.046500 0.046500 0.073300 0.059200 0.053100 0.000000 0.054300 0.066300 0.026000 0.081000 0.088300 0.026000 0.053000 0.019600 0.061200 0.053300 0.061200 0.087900 0.033200 0.075300 0.019700 0.033100 0.040000 0.019400 0.019600 0.045600 0.116800 0.081700 0.053000 0.074500 0.110100 0.033300 0.040300 0.053500 0.026100 0.026200 0.046700 0.054300 0.054300
Sitatunga 0.083400 0.224900 0.000000 0.175400 0.040800 0.090600 0.076300 0.076300 0.006700 0.083000 0.082800 0.048200 0.047900 0.075800 0.076000 0.103700 0.088900 0.082900 0.054300 0.000000 0.096800 0.082600 0.097500 0.090200 0.082600 0.068100 0.047900 0.006600 0.068700 0.006600 0.089800 0.062000 0.076900 0.047900 0.062100 0.054700 0.075400 0.048000 0.089800 0.119400 0.098400 0.068100 0.076200 0.112500 0.033800 0.069800 0.069100 0.054800 0.068900 0.061900 0.000000 0.000000
Oribi 0.080700 0.210500 0.096800 0.202200 0.053400 0.087800 0.074000 0.046300 0.089700 0.124100 0.080300 0.074900 0.046000 0.073600 0.087900 0.059100 0.100700 0.094800 0.066300 0.096800 0.000000 0.080200 0.123800 0.131500 0.080200 0.039100 0.046400 0.103800 0.039300 0.103800 0.116100 0.060200 0.118400 0.046400 0.060100 0.095800 0.087200 0.060200 0.073100 0.161300 0.124900 0.039100 0.117300 0.154400 0.088700 0.067700 0.053200 0.067000 0.052900 0.088200 0.096800 0.096700
BarbaryShe 0.019500 0.218500 0.082600 0.170500 0.039800 0.026100 0.074400 0.074400 0.075500 0.109700 0.019400 0.047000 0.033100 0.059900 0.074100 0.072900 0.086600 0.080600 0.026000 0.082600 0.080200 0.000000 0.109500 0.116900 0.019400 0.052700 0.033100 0.089500 0.053000 0.089500 0.116400 0.060500 0.096800 0.033100 0.046700 0.053500 0.026000 0.046800 0.059600 0.146300 0.110400 0.052700 0.102900 0.139400 0.060600 0.054000 0.067400 0.053500 0.032900 0.074300 0.082600 0.082500
Daviddeer 0.110500 0.203400 0.097500 0.171700 0.067500 0.117800 0.096000 0.095500 0.090300 0.026000 0.109800 0.075400 0.074700 0.095400 0.095600 0.130700 0.087300 0.066900 0.081000 0.097500 0.123800 0.109500 0.000000 0.032600 0.109500 0.115800 0.074700 0.104500 0.095500 0.104500 0.037700 0.081700 0.075500 0.074700 0.089000 0.096500 0.102300 0.074900 0.116800 0.059400 0.013000 0.115800 0.019500 0.052800 0.089400 0.097000 0.103500 0.074500 0.095800 0.074600 0.097500 0.097400
Reindeer 0.118000 0.212200 0.090200 0.180000 0.074700 0.125500 0.103400 0.103000 0.083100 0.032600 0.117400 0.082700 0.082000 0.102800 0.088400 0.138400 0.080200 0.074000 0.088300 0.090200 0.131500 0.116900 0.032600 0.000000 0.117000 0.102200 0.082000 0.097200 0.102900 0.097200 0.039200 0.089100 0.082700 0.082000 0.081800 0.103900 0.109700 0.082200 0.109400 0.039100 0.019600 0.102200 0.025900 0.019400 0.082200 0.104500 0.096300 0.081800 0.103300 0.081800 0.090200 0.090100
Ibex 0.012900 0.227700 0.082600 0.179000 0.039800 0.019400 0.074400 0.074300 0.075500 0.109700 0.000000 0.047000 0.033100 0.067000 0.074100 0.080000 0.086700 0.080700 0.026000 0.082600 0.080200 0.019400 0.109500 0.117000 0.000000 0.059600 0.033100 0.089500 0.060000 0.089500 0.116400 0.060500 0.096200 0.033100 0.046700 0.060600 0.006400 0.046800 0.059600 0.146300 0.110400 0.059600 0.102900 0.139500 0.060600 0.054000 0.067300 0.053500 0.026000 0.074300 0.082600 0.082500
GyrantGaze 0.060200 0.201900 0.068100 0.170200 0.039700 0.067100 0.060200 0.046600 0.061200 0.109600 0.059800 0.060900 0.033000 0.046200 0.074000 0.032300 0.100800 0.094900 0.053000 0.068100 0.039100 0.052700 0.115800 0.102200 0.059600 0.000000 0.033000 0.075000 0.012900 0.075000 0.116400 0.046600 0.082100 0.033000 0.046600 0.067400 0.066700 0.046800 0.059600 0.131100 0.110300 0.000000 0.102900 0.124300 0.060500 0.053900 0.026300 0.053400 0.032900 0.074200 0.068100 0.068100
Hartebeest 0.033300 0.196800 0.047900 0.149500 0.006600 0.040100 0.040300 0.040200 0.041000 0.074900 0.032800 0.027000 0.000000 0.040100 0.040100 0.053100 0.066800 0.060700 0.019600 0.047900 0.046400 0.033100 0.074700 0.082000 0.033100 0.033000 0.000000 0.054800 0.033200 0.054800 0.081600 0.026700 0.068900 0.000000 0.013200 0.047400 0.039800 0.013300 0.039800 0.110600 0.075400 0.033000 0.068200 0.103800 0.040600 0.020100 0.033400 0.019900 0.019700 0.040300 0.047900 0.047900
Bongo 0.090400 0.232700 0.006600 0.182900 0.047600 0.097600 0.083300 0.083200 0.013300 0.090000 0.089800 0.055100 0.054800 0.082800 0.083000 0.110700 0.095900 0.089800 0.061200 0.006600 0.103800 0.089500 0.104500 0.097200 0.089500 0.075000 0.054800 0.000000 0.075600 0.013300 0.096800 0.068900 0.084000 0.054800 0.069000 0.061500 0.082400 0.054900 0.096800 0.126500 0.105500 0.075000 0.083200 0.119600 0.040600 0.076900 0.076000 0.061700 0.075800 0.068800 0.006600 0.006700
Gerenuk 0.060600 0.186800 0.068700 0.155800 0.040000 0.067500 0.060600 0.046800 0.061700 0.095700 0.060200 0.047300 0.033200 0.046400 0.074500 0.032400 0.087200 0.081200 0.053300 0.068700 0.039300 0.053000 0.095500 0.102900 0.060000 0.012900 0.033200 0.075600 0.000000 0.075600 0.102500 0.046800 0.082700 0.033200 0.046900 0.053900 0.067000 0.047000 0.060000 0.132000 0.096400 0.012900 0.089000 0.125200 0.061000 0.054200 0.040000 0.053700 0.033100 0.060600 0.068700 0.068600
CommonElan 0.090400 0.232700 0.006700 0.182900 0.047600 0.097600 0.083300 0.083200 0.013400 0.090000 0.089800 0.055100 0.054800 0.082800 0.083000 0.110700 0.095900 0.089800 0.061200 0.006600 0.103800 0.089500 0.104500 0.097200 0.089500 0.075000 0.054800 0.013300 0.075600 0.000000 0.096800 0.068900 0.076700 0.054800 0.069000 0.061500 0.082400 0.054900 0.096800 0.126500 0.105500 0.075000 0.083200 0.119600 0.040100 0.076900 0.076000 0.061700 0.075800 0.068800 0.006600 0.006700
MuntiacusR 0.117500 0.203100 0.089800 0.163600 0.074300 0.124900 0.103000 0.102500 0.082700 0.019400 0.116800 0.082300 0.081600 0.102400 0.102600 0.137800 0.094100 0.073600 0.087900 0.089800 0.116100 0.116400 0.037700 0.039200 0.116400 0.116400 0.081600 0.096800 0.102500 0.096800 0.000000 0.088700 0.096900 0.081600 0.096000 0.103500 0.109300 0.081800 0.123800 0.066100 0.032700 0.116400 0.012900 0.059500 0.096300 0.104000 0.110600 0.081400 0.102800 0.081500 0.089800 0.089800
HarveysDui 0.061000 0.205100 0.062000 0.165000 0.019900 0.068000 0.013000 0.040200 0.055000 0.081900 0.060700 0.040700 0.026700 0.013000 0.040100 0.066900 0.080700 0.067600 0.033200 0.062000 0.060200 0.060500 0.081700 0.089100 0.060500 0.046600 0.026700 0.068900 0.046800 0.068900 0.088700 0.000000 0.083200 0.026700 0.040400 0.061400 0.053600 0.026800 0.067400 0.117900 0.082500 0.046600 0.075200 0.111000 0.054400 0.047700 0.047200 0.019900 0.033300 0.054100 0.062000 0.062000
Pronghorn 0.097100 0.207400 0.076900 0.158400 0.061600 0.104300 0.097700 0.097700 0.069800 0.090100 0.096500 0.069500 0.068900 0.090000 0.097400 0.118100 0.081400 0.075400 0.075300 0.076900 0.118400 0.096800 0.075500 0.082700 0.096200 0.082100 0.068900 0.084000 0.082700 0.076700 0.096900 0.083200 0.000000 0.068900 0.083300 0.083600 0.089000 0.069000 0.111400 0.111500 0.076200 0.082100 0.083200 0.104700 0.069100 0.091400 0.090400 0.075900 0.082500 0.068500 0.076900 0.076800
BlueWildeb 0.033300 0.196800 0.047900 0.149500 0.006600 0.040100 0.040300 0.040200 0.041000 0.074900 0.033100 0.027000 0.000000 0.040100 0.039700 0.053100 0.066800 0.060700 0.019700 0.047900 0.046400 0.033100 0.074700 0.082000 0.033100 0.033000 0.000000 0.054800 0.033200 0.054800 0.081600 0.026700 0.068900 0.000000 0.013100 0.047400 0.039800 0.013200 0.039800 0.110600 0.075400 0.033000 0.068200 0.103800 0.040600 0.020100 0.033400 0.019900 0.019800 0.040300 0.047900 0.047900
Gemsbok 0.046900 0.213400 0.062100 0.165200 0.019900 0.053800 0.054200 0.054000 0.055100 0.089200 0.046700 0.040800 0.013200 0.053900 0.040000 0.066900 0.066700 0.074700 0.033100 0.062100 0.060100 0.046700 0.089000 0.081800 0.046700 0.046600 0.013200 0.069000 0.046900 0.069000 0.096000 0.040400 0.083300 0.013100 0.000000 0.061500 0.053500 0.026700 0.039800 0.110300 0.089900 0.046600 0.082500 0.103600 0.054500 0.033800 0.047100 0.033100 0.033200 0.054100 0.062100 0.062000
Yak 0.061200 0.204900 0.054700 0.149600 0.040400 0.068100 0.075500 0.075400 0.047800 0.096700 0.060800 0.033800 0.047400 0.060800 0.075200 0.088100 0.073900 0.067700 0.040000 0.054700 0.095800 0.053500 0.096500 0.103900 0.060600 0.067400 0.047400 0.061500 0.053900 0.061500 0.103500 0.061400 0.083600 0.047400 0.061500 0.000000 0.053700 0.047500 0.074600 0.133200 0.097400 0.067400 0.089900 0.126400 0.019700 0.069100 0.082700 0.054300 0.047200 0.061300 0.054700 0.054800
BlueSheep 0.019400 0.219600 0.075400 0.171200 0.032600 0.025900 0.067400 0.067200 0.068400 0.102500 0.006400 0.040200 0.039800 0.060100 0.067000 0.087200 0.079800 0.073700 0.019400 0.075400 0.087200 0.026000 0.102300 0.109700 0.006400 0.066700 0.039800 0.082400 0.067000 0.082400 0.109300 0.053600 0.089000 0.039800 0.053500 0.053700 0.000000 0.039900 0.066400 0.138900 0.103200 0.066700 0.095800 0.132100 0.053700 0.061000 0.074300 0.046500 0.032300 0.067300 0.075400 0.075400
BohorReedb 0.047100 0.181200 0.048000 0.149900 0.006600 0.054000 0.040400 0.040300 0.041100 0.075100 0.046800 0.027000 0.013300 0.040200 0.040200 0.067100 0.066900 0.060800 0.019600 0.048000 0.060200 0.046800 0.074900 0.082200 0.046800 0.046800 0.013300 0.054900 0.047000 0.054900 0.081800 0.026800 0.069000 0.013200 0.026700 0.047500 0.039900 0.000000 0.053500 0.110800 0.075600 0.046800 0.068300 0.104000 0.040600 0.033900 0.046600 0.019800 0.033400 0.040400 0.048000 0.048000
KirksDik 0.060000 0.235400 0.089800 0.178600 0.046500 0.066900 0.081500 0.067200 0.082800 0.117100 0.059700 0.054000 0.039800 0.081000 0.066800 0.080000 0.079500 0.087700 0.045600 0.089800 0.073100 0.059600 0.116800 0.109400 0.059600 0.059600 0.039800 0.096800 0.060000 0.096800 0.123800 0.067400 0.111400 0.039800 0.039800 0.074600 0.066400 0.053500 0.000000 0.138500 0.117800 0.059600 0.110300 0.131700 0.067600 0.061000 0.046500 0.060200 0.045900 0.081400 0.089800 0.089800
RoeDeer 0.147600 0.245500 0.119400 0.211700 0.103000 0.155300 0.117600 0.132100 0.112100 0.059500 0.146800 0.111600 0.110600 0.116900 0.117100 0.168400 0.108300 0.102100 0.116800 0.119400 0.161300 0.146300 0.059400 0.039100 0.146300 0.131100 0.110600 0.126500 0.132000 0.126500 0.066100 0.117900 0.111500 0.110600 0.110300 0.133200 0.138900 0.110800 0.138500 0.000000 0.059700 0.131100 0.052900 0.059400 0.110900 0.133900 0.125400 0.110300 0.132400 0.110400 0.119400 0.119300
WhiteLippe 0.111500 0.205200 0.098400 0.173300 0.068100 0.118800 0.096900 0.096400 0.091200 0.026200 0.110800 0.076100 0.075400 0.096300 0.096500 0.131800 0.088000 0.067400 0.081700 0.098400 0.124900 0.110400 0.013000 0.019600 0.110400 0.110300 0.075400 0.105500 0.096400 0.105500 0.032700 0.082500 0.076200 0.075400 0.089900 0.097400 0.103200 0.075600 0.117800 0.059700 0.000000 0.110300 0.019700 0.039700 0.090200 0.098000 0.104500 0.075200 0.096700 0.075300 0.098400 0.098300
ThomsonGaz 0.060200 0.201900 0.068100 0.170200 0.039700 0.067100 0.060200 0.046600 0.061200 0.109600 0.059800 0.060900 0.033000 0.046200 0.074000 0.032300 0.100800 0.094900 0.053000 0.068100 0.039100 0.052700 0.115800 0.102200 0.059600 0.000000 0.033000 0.075000 0.012900 0.075000 0.116400 0.046600 0.082100 0.033000 0.046600 0.067400 0.066700 0.046800 0.059600 0.131100 0.110300 0.000000 0.102900 0.124300 0.060500 0.053900 0.026300 0.053400 0.032900 0.074200 0.068100 0.068100
MuntiacusC 0.103900 0.196700 0.076200 0.165100 0.061000 0.111200 0.089400 0.089000 0.069100 0.006500 0.103300 0.068800 0.068200 0.088900 0.089100 0.124200 0.080800 0.060400 0.074500 0.076200 0.117300 0.102900 0.019500 0.025900 0.102900 0.102900 0.068200 0.083200 0.089000 0.083200 0.012900 0.075200 0.083200 0.068200 0.082500 0.089900 0.095800 0.068300 0.110300 0.052900 0.019700 0.102900 0.000000 0.046300 0.082800 0.090400 0.097000 0.068000 0.089300 0.068100 0.076200 0.076100
WhiteTaile 0.140700 0.237800 0.112500 0.188400 0.096300 0.148400 0.125700 0.125200 0.105200 0.052800 0.140000 0.104800 0.103800 0.125100 0.110300 0.161500 0.101600 0.095400 0.110100 0.112500 0.154400 0.139400 0.052800 0.019400 0.139500 0.124300 0.103800 0.119600 0.125200 0.119600 0.059500 0.111000 0.104700 0.103800 0.103600 0.126400 0.132100 0.104000 0.131700 0.059400 0.039700 0.124300 0.046300 0.000000 0.104100 0.127000 0.118500 0.103500 0.125600 0.103600 0.112500 0.112400
Cattle 0.061200 0.214200 0.033800 0.157900 0.033600 0.068200 0.068500 0.068400 0.027000 0.089600 0.060800 0.026900 0.040600 0.068100 0.068200 0.095600 0.067000 0.060800 0.033300 0.033800 0.088700 0.060600 0.089400 0.082200 0.060600 0.060500 0.040600 0.040600 0.061000 0.040100 0.096300 0.054400 0.069100 0.040600 0.054500 0.019700 0.053700 0.040600 0.067600 0.110900 0.090200 0.060500 0.082800 0.104100 0.000000 0.062000 0.061400 0.047400 0.047200 0.054300 0.033300 0.033900
RoyalAntel 0.054500 0.213600 0.069800 0.157600 0.026900 0.061400 0.061700 0.061600 0.062800 0.097200 0.054100 0.048100 0.020100 0.061300 0.054000 0.074400 0.088500 0.082500 0.040300 0.069800 0.067700 0.054000 0.097000 0.104500 0.054000 0.053900 0.020100 0.076900 0.054200 0.076900 0.104000 0.047700 0.091400 0.020100 0.033800 0.069100 0.061000 0.033900 0.061000 0.133900 0.098000 0.053900 0.090400 0.127000 0.062000 0.000000 0.054600 0.040700 0.040500 0.061700 0.069800 0.069800
Steenbok 0.067800 0.230300 0.069100 0.172800 0.040200 0.074400 0.061100 0.047000 0.062100 0.103800 0.067400 0.061700 0.033400 0.060700 0.074800 0.060000 0.102100 0.096200 0.053500 0.069100 0.053200 0.067400 0.103500 0.096300 0.067300 0.026300 0.033400 0.076000 0.040000 0.076000 0.110600 0.047200 0.090400 0.033400 0.047100 0.082700 0.074300 0.046600 0.046500 0.125400 0.104500 0.026300 0.097000 0.118500 0.061400 0.054600 0.000000 0.053100 0.040000 0.075200 0.069100 0.069000
Impala 0.053800 0.204800 0.054800 0.157000 0.013100 0.060700 0.033400 0.047000 0.047900 0.074700 0.053500 0.033800 0.019800 0.033200 0.032800 0.073900 0.073600 0.060500 0.026100 0.054800 0.067000 0.053500 0.074500 0.081800 0.053500 0.053400 0.019900 0.061700 0.053700 0.061700 0.081400 0.019900 0.075900 0.019900 0.033100 0.054300 0.046500 0.019800 0.060200 0.110300 0.075200 0.053400 0.068000 0.103500 0.047400 0.040700 0.053100 0.000000 0.039600 0.040200 0.054800 0.054800
Klipspring 0.026000 0.212800 0.068900 0.164600 0.026200 0.032900 0.047000 0.046800 0.061900 0.096100 0.026000 0.033600 0.019700 0.039900 0.060900 0.052900 0.073400 0.067300 0.026200 0.068900 0.052900 0.032900 0.095800 0.103300 0.026000 0.032900 0.019700 0.075800 0.033100 0.075800 0.102800 0.033300 0.082500 0.019800 0.033200 0.047200 0.032300 0.033400 0.045900 0.132400 0.096700 0.032900 0.089300 0.125600 0.047200 0.040500 0.040000 0.039600 0.000000 0.060800 0.068900 0.068800
ForestMusk 0.075000 0.196600 0.061900 0.133300 0.033400 0.082000 0.068000 0.068000 0.054900 0.074800 0.074500 0.040600 0.040300 0.067600 0.067800 0.095000 0.066500 0.060600 0.046700 0.061900 0.088200 0.074300 0.074600 0.081800 0.074300 0.074200 0.040300 0.068800 0.060600 0.068800 0.081500 0.054100 0.068500 0.040300 0.054100 0.061300 0.067300 0.040400 0.081400 0.110400 0.075300 0.074200 0.068100 0.103600 0.054300 0.061700 0.075200 0.040200 0.060800 0.000000 0.061900 0.061900
Bushbuck 0.083400 0.224900 0.000000 0.175400 0.040800 0.090600 0.076300 0.076300 0.006700 0.083000 0.082800 0.048200 0.047900 0.075800 0.076000 0.103700 0.088900 0.082900 0.054300 0.000000 0.096800 0.082600 0.097500 0.090200 0.082600 0.068100 0.047900 0.006600 0.068700 0.006600 0.089800 0.062000 0.076900 0.047900 0.062100 0.054700 0.075400 0.048000 0.089800 0.119400 0.098400 0.068100 0.076200 0.112500 0.033300 0.069800 0.069100 0.054800 0.068900 0.061900 0.000000 0.000000
GreaterKud 0.083300 0.224800 0.000000 0.175300 0.040800 0.090500 0.076200 0.076200 0.006700 0.082900 0.082800 0.048100 0.047900 0.075800 0.075900 0.103600 0.088900 0.082800 0.054300 0.000000 0.096700 0.082500 0.097400 0.090100 0.082500 0.068100 0.047900 0.006700 0.068600 0.006700 0.089800 0.062000 0.076800 0.047900 0.062000 0.054800 0.075400 0.048000 0.089800 0.119300 0.098300 0.068100 0.076100 0.112400 0.033900 0.069800 0.069000 0.054800 0.068800 0.061900 0.000000 0.000000
