1
52 1
Argali 0.000000 0.160600 0.077700 0.140300 0.048500 0.005900 0.050800 0.030200 0.087100 0.083200 0.011900 0.045400 0.039100 0.058000 0.044500 0.061100 0.058500 0.052100 0.026800 0.083500 0.042400 0.017800 0.089700 0.073900 0.008900 0.042500 0.033000 0.090400 0.042400 0.083400 0.086300 0.057200 0.072900 0.042200 0.042100 0.051700 0.014900 0.036100 0.058000 0.079900 0.086900 0.045600 0.083300 0.080300 0.054800 0.033100 0.042400 0.058400 0.048700 0.077600 0.087300 0.086800
LesserMous 0.160600 0.000000 0.175400 0.149800 0.156900 0.160900 0.174800 0.143600 0.184300 0.166200 0.154100 0.153300 0.159900 0.174900 0.166800 0.163900 0.141200 0.133900 0.166500 0.180000 0.150000 0.153000 0.145200 0.164700 0.150100 0.157600 0.159900 0.184200 0.157000 0.183400 0.162400 0.174700 0.146500 0.163800 0.163000 0.153300 0.153900 0.146100 0.167300 0.148400 0.156300 0.160900 0.166200 0.164200 0.156700 0.153200 0.157200 0.175600 0.157300 0.154700 0.188400 0.187300
LesserKudu 0.077700 0.175400 0.000000 0.143800 0.067800 0.077800 0.080300 0.058500 0.021200 0.093200 0.071400 0.048800 0.074000 0.087400 0.074000 0.077400 0.075100 0.074900 0.073800 0.018100 0.071100 0.077300 0.093600 0.084200 0.067900 0.064900 0.074000 0.024300 0.071100 0.018100 0.089800 0.087300 0.080600 0.070900 0.070700 0.055100 0.068000 0.058100 0.087300 0.090200 0.097300 0.068000 0.093200 0.090600 0.051900 0.061400 0.058400 0.084600 0.077700 0.087900 0.021300 0.015000
KillerWhal 0.140300 0.149800 0.143800 0.000000 0.133000 0.140600 0.143500 0.120200 0.147000 0.150200 0.133800 0.122900 0.143100 0.150500 0.132800 0.133100 0.121000 0.117300 0.142700 0.150700 0.129900 0.132800 0.143200 0.144100 0.129900 0.123600 0.143100 0.147300 0.123100 0.150500 0.153300 0.143500 0.126300 0.139900 0.135900 0.136500 0.130100 0.126000 0.143600 0.143100 0.147300 0.126200 0.150200 0.143700 0.139900 0.122800 0.130000 0.151300 0.143800 0.134400 0.151300 0.154300
DefassaWat 0.048500 0.156900 0.067800 0.133000 0.000000 0.048600 0.051100 0.030100 0.077600 0.076600 0.042400 0.039100 0.045200 0.057800 0.045200 0.054600 0.058400 0.051900 0.045100 0.074100 0.042300 0.042100 0.076600 0.073800 0.039200 0.042400 0.045200 0.080900 0.042300 0.074100 0.079700 0.057800 0.051500 0.042200 0.048200 0.045300 0.039300 0.017800 0.057800 0.073300 0.080200 0.045500 0.076600 0.073700 0.048400 0.033000 0.042300 0.051900 0.054800 0.077400 0.077800 0.077400
Sheep 0.005900 0.160900 0.077800 0.140600 0.048600 0.000000 0.050900 0.030200 0.087200 0.083400 0.011900 0.045500 0.039100 0.058100 0.044500 0.061200 0.058600 0.052200 0.026900 0.083600 0.042500 0.017800 0.089900 0.074000 0.008900 0.042600 0.033000 0.090500 0.042400 0.083500 0.086500 0.057200 0.073000 0.042300 0.042200 0.051700 0.014900 0.036100 0.058100 0.080000 0.087000 0.045700 0.083400 0.080400 0.054800 0.033100 0.042500 0.058500 0.048800 0.077700 0.087400 0.086100
MaxwellsDu 0.050800 0.174800 0.080300 0.143500 0.051100 0.050900 0.000000 0.032300 0.090500 0.085900 0.044600 0.041200 0.047600 0.011900 0.045400 0.057100 0.067500 0.060700 0.047400 0.086900 0.044400 0.050600 0.092500 0.083200 0.041400 0.038200 0.047600 0.093800 0.038300 0.086800 0.089000 0.017900 0.069900 0.050800 0.050600 0.054000 0.041400 0.038300 0.053900 0.082400 0.089600 0.041300 0.085900 0.082900 0.057100 0.028800 0.031700 0.052200 0.057500 0.086700 0.090800 0.090200
GazellaPrz 0.030200 0.143600 0.058500 0.120200 0.030100 0.030200 0.032300 0.000000 0.065100 0.064200 0.024100 0.027000 0.027000 0.039400 0.027000 0.036200 0.046000 0.039600 0.026900 0.064900 0.018000 0.030000 0.070600 0.061400 0.021000 0.018000 0.027000 0.071600 0.017900 0.064800 0.067200 0.039300 0.051700 0.030000 0.030000 0.033100 0.021000 0.017900 0.033200 0.054700 0.067700 0.021000 0.064200 0.061200 0.036200 0.014900 0.018000 0.039600 0.036400 0.058500 0.068500 0.068100
MountainNy 0.087100 0.184300 0.021200 0.147000 0.077600 0.087200 0.090500 0.065100 0.000000 0.103400 0.081400 0.058500 0.084000 0.097500 0.080700 0.084100 0.081900 0.084900 0.083800 0.015000 0.081000 0.087300 0.103800 0.097700 0.077800 0.074800 0.084000 0.009000 0.081000 0.021100 0.099900 0.097500 0.090700 0.080800 0.083800 0.064800 0.077900 0.067900 0.094200 0.097000 0.107600 0.077900 0.103500 0.097500 0.061600 0.071100 0.068100 0.098100 0.087700 0.094600 0.006000 0.018100
MuntiacusM 0.083200 0.166200 0.093200 0.150200 0.076600 0.083400 0.085900 0.064200 0.103400 0.000000 0.077000 0.066700 0.066500 0.092900 0.073200 0.082500 0.074300 0.060900 0.079400 0.093100 0.070300 0.082500 0.041900 0.045100 0.073500 0.070500 0.066500 0.106800 0.076700 0.093000 0.014700 0.086300 0.067000 0.069700 0.075900 0.073100 0.073600 0.063400 0.079800 0.051100 0.039000 0.073100 0.000000 0.045000 0.069800 0.067000 0.069800 0.093100 0.085700 0.080400 0.103700 0.096500
goat 0.011900 0.154100 0.071400 0.133800 0.042400 0.011900 0.044600 0.024100 0.081400 0.077000 0.000000 0.039300 0.033000 0.051900 0.038300 0.054900 0.052300 0.045900 0.020800 0.077800 0.036300 0.011900 0.083500 0.067700 0.003000 0.036400 0.026900 0.084600 0.036300 0.077800 0.080100 0.051800 0.066800 0.036200 0.036000 0.045500 0.008900 0.030000 0.051900 0.073700 0.080600 0.039500 0.077000 0.074100 0.048600 0.027000 0.036300 0.052200 0.042600 0.071300 0.081600 0.081100
AfricanBuf 0.045400 0.153300 0.048800 0.122900 0.039100 0.045500 0.041200 0.027000 0.058500 0.066700 0.039300 0.000000 0.042100 0.048400 0.042100 0.045300 0.048900 0.042600 0.042000 0.055100 0.039200 0.045200 0.073400 0.064300 0.036100 0.033100 0.042100 0.061600 0.033000 0.055000 0.069700 0.048400 0.051400 0.039100 0.045100 0.023900 0.036200 0.026800 0.054700 0.063800 0.070500 0.036200 0.066700 0.064100 0.026900 0.023800 0.033000 0.048800 0.051700 0.067700 0.058600 0.058300
Topi 0.039100 0.159900 0.074000 0.143100 0.045200 0.039100 0.047600 0.027000 0.084000 0.066500 0.033000 0.042100 0.000000 0.054600 0.041300 0.051400 0.061400 0.048700 0.029700 0.080400 0.033000 0.038900 0.079600 0.064000 0.029900 0.033100 0.005800 0.087200 0.033000 0.080400 0.075900 0.048400 0.069400 0.014800 0.032700 0.048300 0.029900 0.032900 0.042200 0.069900 0.076700 0.036100 0.066500 0.070300 0.048300 0.029800 0.039100 0.054900 0.045400 0.080400 0.084200 0.083700
CommonDuik 0.058000 0.174900 0.087400 0.150500 0.057800 0.058100 0.011900 0.039400 0.097500 0.092900 0.051900 0.048400 0.054600 0.000000 0.053900 0.064100 0.074500 0.067900 0.054400 0.093800 0.051700 0.057700 0.099400 0.090100 0.048600 0.045600 0.054600 0.100800 0.045400 0.093800 0.096000 0.023800 0.076800 0.057800 0.057600 0.054700 0.048600 0.045300 0.061000 0.089500 0.096600 0.048600 0.092900 0.089900 0.057800 0.036100 0.039200 0.060700 0.064400 0.093800 0.097800 0.097200
Suni 0.044500 0.166800 0.074000 0.132800 0.045200 0.044500 0.045400 0.027000 0.080700 0.073200 0.038300 0.042100 0.041300 0.053900 0.000000 0.051300 0.055000 0.054900 0.041100 0.080400 0.039100 0.044300 0.079600 0.063400 0.035200 0.039200 0.041300 0.083900 0.039100 0.080300 0.076200 0.053800 0.067000 0.044500 0.031900 0.048300 0.035200 0.032800 0.036000 0.076300 0.076700 0.042300 0.073200 0.063900 0.051300 0.029800 0.039100 0.054900 0.051500 0.080400 0.080900 0.083700
Springbuck 0.061100 0.163900 0.077400 0.133100 0.054600 0.061200 0.057100 0.036200 0.084100 0.082500 0.054900 0.045300 0.051400 0.064100 0.051300 0.000000 0.064700 0.064600 0.051300 0.083800 0.042300 0.060800 0.089400 0.080200 0.051600 0.024000 0.051400 0.080900 0.030000 0.083700 0.085600 0.057800 0.073500 0.048400 0.054400 0.057700 0.051700 0.042100 0.051500 0.086100 0.086600 0.027000 0.082500 0.080000 0.051500 0.039100 0.036100 0.064500 0.054800 0.083800 0.084400 0.087100
Okapi 0.058500 0.141200 0.075100 0.121000 0.058400 0.058600 0.067500 0.046000 0.081900 0.074300 0.052300 0.048900 0.061400 0.074500 0.055000 0.064700 0.000000 0.036800 0.061200 0.081500 0.058500 0.058300 0.080800 0.058600 0.049000 0.058700 0.061400 0.085200 0.058500 0.081500 0.077400 0.068000 0.061500 0.058300 0.051800 0.055200 0.049100 0.045700 0.058400 0.070900 0.071200 0.061300 0.074300 0.058500 0.058400 0.048900 0.058500 0.075000 0.065000 0.075000 0.082100 0.084900
Giraffe 0.052100 0.133900 0.074900 0.117300 0.051900 0.052200 0.060700 0.039600 0.084900 0.060900 0.045900 0.042600 0.048700 0.067900 0.054900 0.064600 0.036800 0.000000 0.054800 0.081300 0.045700 0.051800 0.067700 0.058500 0.042600 0.052200 0.048700 0.088200 0.052000 0.081300 0.063900 0.061500 0.055000 0.051900 0.051700 0.048800 0.042700 0.039400 0.055100 0.058000 0.064800 0.054600 0.060900 0.058300 0.051900 0.042500 0.052000 0.068300 0.058400 0.068300 0.085200 0.084700
TibetanAnt 0.026800 0.166500 0.073800 0.142700 0.045100 0.026900 0.047400 0.026900 0.083800 0.079400 0.020800 0.042000 0.029700 0.054400 0.041100 0.051300 0.061200 0.054800 0.000000 0.080200 0.039000 0.026700 0.085800 0.070100 0.017800 0.039100 0.023700 0.087000 0.039000 0.080100 0.082500 0.054400 0.069300 0.032800 0.032700 0.048100 0.017800 0.032800 0.054400 0.076100 0.083000 0.042200 0.079400 0.076500 0.051200 0.029800 0.039000 0.054800 0.051400 0.080200 0.084000 0.083500
Sitatunga 0.083500 0.180000 0.018100 0.150700 0.074100 0.083600 0.086900 0.064900 0.015000 0.093100 0.077800 0.055100 0.080400 0.093800 0.080400 0.083800 0.081500 0.081300 0.080200 0.000000 0.077500 0.083700 0.100100 0.097300 0.074300 0.071300 0.080400 0.018100 0.077500 0.012000 0.089700 0.093800 0.080500 0.077300 0.083500 0.061400 0.074400 0.058100 0.093800 0.096600 0.103800 0.074400 0.093100 0.097100 0.058200 0.067700 0.064700 0.094400 0.084100 0.087600 0.015100 0.009000
Oribi 0.042400 0.150000 0.071100 0.129900 0.042300 0.042500 0.044400 0.018000 0.081000 0.070300 0.036300 0.039200 0.033000 0.051700 0.039100 0.042300 0.058500 0.045700 0.039000 0.077500 0.000000 0.042200 0.076700 0.067500 0.033100 0.024000 0.033000 0.077800 0.023900 0.077400 0.073400 0.051600 0.064100 0.042200 0.042100 0.045400 0.033200 0.029900 0.039200 0.067000 0.073800 0.027000 0.070300 0.067400 0.048400 0.026900 0.030000 0.052000 0.048600 0.077500 0.081300 0.080800
BarbaryShe 0.017800 0.153000 0.077300 0.132800 0.042100 0.017800 0.050600 0.030000 0.087300 0.082500 0.011900 0.045200 0.038900 0.057700 0.044300 0.060800 0.058300 0.051800 0.026700 0.083700 0.042200 0.000000 0.082900 0.073500 0.008900 0.042300 0.032800 0.090500 0.042200 0.083600 0.085500 0.057700 0.066200 0.042000 0.041900 0.051400 0.014800 0.035900 0.057700 0.079500 0.086500 0.045400 0.082500 0.079900 0.054500 0.032900 0.042200 0.058100 0.048400 0.077200 0.087500 0.087000
Daviddeer 0.089700 0.145200 0.093600 0.143200 0.076600 0.089900 0.092500 0.070600 0.103800 0.041900 0.083500 0.073400 0.079600 0.099400 0.079600 0.089400 0.080800 0.067700 0.085800 0.100100 0.076700 0.082900 0.000000 0.039200 0.080000 0.077000 0.079600 0.107100 0.083100 0.100000 0.038800 0.092800 0.067100 0.083000 0.082700 0.079800 0.080100 0.070100 0.086300 0.045000 0.014800 0.079600 0.042000 0.039100 0.076500 0.073300 0.070400 0.093500 0.092200 0.086900 0.104100 0.103500
Reindeer 0.073900 0.164700 0.084200 0.144100 0.073800 0.074000 0.083200 0.061400 0.097700 0.045100 0.067700 0.064300 0.064000 0.090100 0.063400 0.080200 0.058600 0.058500 0.070100 0.097300 0.067500 0.073500 0.039200 0.000000 0.064300 0.074200 0.064000 0.101100 0.073900 0.097300 0.048200 0.083600 0.077000 0.067300 0.054400 0.070700 0.064400 0.061000 0.070600 0.029900 0.036300 0.076800 0.045200 0.011900 0.073800 0.064200 0.074000 0.080700 0.089400 0.097400 0.098000 0.094100
Ibex 0.008900 0.150100 0.067900 0.129900 0.039200 0.008900 0.041400 0.021000 0.077800 0.073500 0.003000 0.036100 0.029900 0.048600 0.035200 0.051600 0.049000 0.042600 0.017800 0.074300 0.033100 0.008900 0.080000 0.064300 0.000000 0.033200 0.023800 0.081100 0.033100 0.074300 0.076600 0.048500 0.063400 0.033000 0.032900 0.042300 0.005900 0.026900 0.048600 0.070300 0.077100 0.036300 0.073600 0.070600 0.045400 0.023900 0.033100 0.048900 0.039300 0.067800 0.078100 0.077600
GyrantGaze 0.042500 0.157600 0.064900 0.123600 0.042400 0.042600 0.038200 0.018000 0.074800 0.070500 0.036400 0.033100 0.033100 0.045600 0.039200 0.024000 0.058700 0.052200 0.039100 0.071300 0.024000 0.042300 0.077000 0.074200 0.033200 0.000000 0.033100 0.071500 0.011900 0.071200 0.073600 0.039400 0.061200 0.036200 0.042300 0.045500 0.033300 0.030000 0.039400 0.073700 0.074100 0.009000 0.070600 0.074000 0.039300 0.020900 0.018000 0.045900 0.036400 0.071300 0.075000 0.074600
Hartebeest 0.033000 0.159900 0.074000 0.143100 0.045200 0.033000 0.047600 0.027000 0.084000 0.066500 0.026900 0.042100 0.005800 0.054600 0.041300 0.051400 0.061400 0.048700 0.023700 0.080400 0.033000 0.032800 0.079600 0.064000 0.023800 0.033100 0.000000 0.087200 0.033000 0.080400 0.075900 0.048400 0.069400 0.014800 0.032700 0.048300 0.023900 0.032900 0.042200 0.069900 0.076700 0.036100 0.066500 0.070300 0.048300 0.029800 0.039100 0.054900 0.045400 0.080400 0.084200 0.083700
Bongo 0.090400 0.184200 0.024300 0.147300 0.080900 0.090500 0.093800 0.071600 0.009000 0.106800 0.084600 0.061600 0.087200 0.100800 0.083900 0.080900 0.085200 0.088200 0.087000 0.018100 0.077800 0.090500 0.107100 0.101100 0.081100 0.071500 0.087200 0.000000 0.077800 0.024200 0.103300 0.100800 0.094000 0.084100 0.087100 0.068000 0.081200 0.071100 0.097500 0.103600 0.110900 0.074700 0.106800 0.100800 0.064800 0.074400 0.071300 0.101400 0.091000 0.101200 0.009000 0.021200
Gerenuk 0.042400 0.157000 0.071100 0.123100 0.042300 0.042400 0.038300 0.017900 0.081000 0.076700 0.036300 0.033000 0.033000 0.045400 0.039100 0.030000 0.058500 0.052000 0.039000 0.077500 0.023900 0.042200 0.083100 0.073900 0.033100 0.011900 0.033000 0.077800 0.000000 0.077400 0.079800 0.039200 0.060900 0.036100 0.045100 0.045300 0.033100 0.029900 0.039200 0.072800 0.080300 0.014900 0.076700 0.073700 0.045300 0.020900 0.023900 0.045700 0.044800 0.077500 0.081300 0.080800
CommonElan 0.083400 0.183400 0.018100 0.150500 0.074100 0.083500 0.086800 0.064800 0.021100 0.093000 0.077800 0.055000 0.080400 0.093800 0.080300 0.083700 0.081500 0.081300 0.080100 0.012000 0.077400 0.083600 0.100000 0.097300 0.074300 0.071200 0.080400 0.024200 0.077400 0.000000 0.089600 0.093700 0.080500 0.077200 0.083400 0.061400 0.074400 0.064400 0.093700 0.096600 0.103800 0.074400 0.093100 0.097000 0.058100 0.067600 0.064600 0.094300 0.084100 0.084500 0.021200 0.015000
MuntiacusR 0.086300 0.162400 0.089800 0.153300 0.079700 0.086500 0.089000 0.067200 0.099900 0.014700 0.080100 0.069700 0.075900 0.096000 0.076200 0.085600 0.077400 0.063900 0.082500 0.089700 0.073400 0.085500 0.038800 0.048200 0.076600 0.073600 0.075900 0.103300 0.079800 0.089600 0.000000 0.089400 0.063800 0.079200 0.078900 0.076100 0.076700 0.066400 0.082900 0.054100 0.042000 0.076100 0.014700 0.048000 0.072800 0.070000 0.066500 0.096200 0.088700 0.083500 0.100200 0.093000
HarveysDui 0.057200 0.174700 0.087300 0.143500 0.057800 0.057200 0.017900 0.039300 0.097500 0.086300 0.051800 0.048400 0.048400 0.023800 0.053800 0.057800 0.068000 0.061500 0.054400 0.093800 0.051600 0.057700 0.092800 0.083600 0.048500 0.039400 0.048400 0.100800 0.039200 0.093700 0.089400 0.000000 0.064100 0.051500 0.051300 0.061000 0.048600 0.045200 0.048500 0.083000 0.090000 0.042400 0.086300 0.083400 0.061000 0.036000 0.045400 0.060600 0.058100 0.093800 0.097700 0.097200
Pronghorn 0.072900 0.146500 0.080600 0.126300 0.051500 0.073000 0.069900 0.051700 0.090700 0.067000 0.066800 0.051400 0.069400 0.076800 0.067000 0.073500 0.061500 0.055000 0.069300 0.080500 0.064100 0.066200 0.067100 0.077000 0.063400 0.061200 0.069400 0.094000 0.060900 0.080500 0.063800 0.064100 0.000000 0.066400 0.059800 0.054600 0.063500 0.051400 0.073600 0.076500 0.076900 0.063600 0.067000 0.076800 0.063900 0.051400 0.054700 0.070900 0.076900 0.074100 0.090900 0.083800
BlueWildeb 0.042200 0.163800 0.070900 0.139900 0.042200 0.042300 0.050800 0.030000 0.080800 0.069700 0.036200 0.039100 0.014800 0.057800 0.044500 0.048400 0.058300 0.051900 0.032800 0.077300 0.042200 0.042000 0.083000 0.067300 0.033000 0.036200 0.014800 0.084100 0.036100 0.077200 0.079200 0.051500 0.066400 0.000000 0.035800 0.045200 0.033000 0.029900 0.051500 0.073200 0.080100 0.039300 0.069700 0.073600 0.045200 0.032900 0.042200 0.058100 0.048500 0.077300 0.081000 0.080600
Gemsbok 0.042100 0.163000 0.070700 0.135900 0.048200 0.042200 0.050600 0.030000 0.083800 0.075900 0.036000 0.045100 0.032700 0.057600 0.031900 0.054400 0.051800 0.051700 0.032700 0.083500 0.042100 0.041900 0.082700 0.054400 0.032900 0.042300 0.032700 0.087100 0.045100 0.083400 0.078900 0.051300 0.059800 0.035800 0.000000 0.051300 0.032900 0.035800 0.039000 0.073000 0.079800 0.045300 0.075900 0.067000 0.054400 0.032800 0.042100 0.058000 0.057000 0.083500 0.084100 0.080300
Yak 0.051700 0.153300 0.055100 0.136500 0.045300 0.051700 0.054000 0.033100 0.064800 0.073100 0.045500 0.023900 0.048300 0.054700 0.048300 0.057700 0.055200 0.048800 0.048100 0.061400 0.045400 0.051400 0.079800 0.070700 0.042300 0.045500 0.048300 0.068000 0.045300 0.061400 0.076100 0.061000 0.054600 0.045200 0.051300 0.000000 0.042300 0.032900 0.061000 0.070100 0.077000 0.048600 0.073100 0.070500 0.008900 0.036000 0.045400 0.055100 0.058000 0.074100 0.065000 0.064700
BlueSheep 0.014900 0.153900 0.068000 0.130100 0.039300 0.014900 0.041400 0.021000 0.077900 0.073600 0.008900 0.036200 0.029900 0.048600 0.035200 0.051700 0.049100 0.042700 0.017800 0.074400 0.033200 0.014800 0.080100 0.064400 0.005900 0.033300 0.023900 0.081200 0.033100 0.074400 0.076700 0.048600 0.063500 0.033000 0.032900 0.042300 0.000000 0.026900 0.048600 0.070300 0.077200 0.036300 0.073700 0.070700 0.045400 0.023900 0.033200 0.048900 0.036200 0.067900 0.078200 0.077700
BohorReedb 0.036100 0.146100 0.058100 0.126000 0.017800 0.036100 0.038300 0.017900 0.067900 0.063400 0.030000 0.026800 0.032900 0.045300 0.032800 0.042100 0.045700 0.039400 0.032800 0.058100 0.029900 0.035900 0.070100 0.061000 0.026900 0.030000 0.032900 0.071100 0.029900 0.064400 0.066400 0.045200 0.051400 0.029900 0.035800 0.032900 0.026900 0.000000 0.045200 0.060500 0.067200 0.033100 0.063400 0.060800 0.036000 0.020800 0.029900 0.045500 0.042300 0.064400 0.068000 0.067700
KirksDik 0.058000 0.167300 0.087300 0.143600 0.057800 0.058100 0.053900 0.033200 0.094200 0.079800 0.051900 0.054700 0.042200 0.061000 0.036000 0.051500 0.058400 0.055100 0.054400 0.093800 0.039200 0.057700 0.086300 0.070600 0.048600 0.039400 0.042200 0.097500 0.039200 0.093700 0.082900 0.048500 0.073600 0.051500 0.039000 0.061000 0.048600 0.045200 0.000000 0.076500 0.080200 0.042400 0.079800 0.070500 0.061000 0.042200 0.045400 0.070000 0.058100 0.093800 0.094500 0.097200
RoeDeer 0.079900 0.148400 0.090200 0.143100 0.073300 0.080000 0.082400 0.054700 0.097000 0.051100 0.073700 0.063800 0.069900 0.089500 0.076300 0.086100 0.070900 0.058000 0.076100 0.096600 0.067000 0.079500 0.045000 0.029900 0.070300 0.073700 0.069900 0.103600 0.072800 0.096600 0.054100 0.083000 0.076500 0.073200 0.073000 0.070100 0.070300 0.060500 0.076500 0.000000 0.042100 0.076200 0.051200 0.029800 0.073300 0.063700 0.073400 0.080100 0.088700 0.083600 0.100600 0.100000
WhiteLippe 0.086900 0.156300 0.097300 0.147300 0.080200 0.087000 0.089600 0.067700 0.107600 0.039000 0.080600 0.070500 0.076700 0.096600 0.076700 0.086600 0.071200 0.064800 0.083000 0.103800 0.073800 0.086500 0.014800 0.036300 0.077100 0.074100 0.076700 0.110900 0.080300 0.103800 0.042000 0.090000 0.076900 0.080100 0.079800 0.077000 0.077200 0.067200 0.080200 0.042100 0.000000 0.076600 0.039100 0.036200 0.073700 0.070500 0.073900 0.090700 0.089300 0.083400 0.107900 0.107300
ThomsonGaz 0.045600 0.160900 0.068000 0.126200 0.045500 0.045700 0.041300 0.021000 0.077900 0.073100 0.039500 0.036200 0.036100 0.048600 0.042300 0.027000 0.061300 0.054600 0.042200 0.074400 0.027000 0.045400 0.079600 0.076800 0.036300 0.009000 0.036100 0.074700 0.014900 0.074400 0.076100 0.042400 0.063600 0.039300 0.045300 0.048600 0.036300 0.033100 0.042400 0.076200 0.076600 0.000000 0.073100 0.076600 0.042300 0.023900 0.021000 0.048900 0.039400 0.073800 0.078200 0.077700
MuntiacusC 0.083300 0.166200 0.093200 0.150200 0.076600 0.083400 0.085900 0.064200 0.103500 0.000000 0.077000 0.066700 0.066500 0.092900 0.073200 0.082500 0.074300 0.060900 0.079400 0.093100 0.070300 0.082500 0.042000 0.045200 0.073600 0.070600 0.066500 0.106800 0.076700 0.093100 0.014700 0.086300 0.067000 0.069700 0.075900 0.073100 0.073700 0.063400 0.079800 0.051200 0.039100 0.073100 0.000000 0.045000 0.069800 0.067000 0.069900 0.093100 0.085700 0.080400 0.103700 0.096500
WhiteTaile 0.080300 0.164200 0.090600 0.143700 0.073700 0.080400 0.082900 0.061200 0.097500 0.045000 0.074100 0.064100 0.070300 0.089900 0.063900 0.080000 0.058500 0.058300 0.076500 0.097100 0.067400 0.079900 0.039100 0.011900 0.070600 0.074000 0.070300 0.100800 0.073700 0.097000 0.048000 0.083400 0.076800 0.073600 0.067000 0.070500 0.070700 0.060800 0.070500 0.029800 0.036200 0.076600 0.045000 0.000000 0.073600 0.064100 0.073800 0.080500 0.089200 0.097100 0.097700 0.100500
Cattle 0.054800 0.156700 0.051900 0.139900 0.048400 0.054800 0.057100 0.036200 0.061600 0.069800 0.048600 0.026900 0.048300 0.057800 0.051300 0.051500 0.058400 0.051900 0.051200 0.058200 0.048400 0.054500 0.076500 0.073800 0.045400 0.039300 0.048300 0.064800 0.045300 0.058100 0.072800 0.061000 0.063900 0.045200 0.054400 0.008900 0.045400 0.036000 0.061000 0.073300 0.073700 0.042300 0.069800 0.073600 0.000000 0.039100 0.042200 0.058200 0.051700 0.070900 0.061800 0.061400
RoyalAntel 0.033100 0.153200 0.061400 0.122800 0.033000 0.033100 0.028800 0.014900 0.071100 0.067000 0.027000 0.023800 0.029800 0.036100 0.029800 0.039100 0.048900 0.042500 0.029800 0.067700 0.026900 0.032900 0.073300 0.064200 0.023900 0.020900 0.029800 0.074400 0.020900 0.067600 0.070000 0.036000 0.051400 0.032900 0.032800 0.036000 0.023900 0.020800 0.042200 0.063700 0.070500 0.023900 0.067000 0.064100 0.039100 0.000000 0.020900 0.036300 0.033100 0.067700 0.071400 0.071000
Steenbok 0.042400 0.157200 0.058400 0.130000 0.042300 0.042500 0.031700 0.018000 0.068100 0.069800 0.036300 0.033000 0.039100 0.039200 0.039100 0.036100 0.058500 0.052000 0.039000 0.064700 0.030000 0.042200 0.070400 0.074000 0.033100 0.018000 0.039100 0.071300 0.023900 0.064600 0.066500 0.045400 0.054700 0.042200 0.042100 0.045400 0.033200 0.029900 0.045400 0.073400 0.073900 0.021000 0.069900 0.073800 0.042200 0.020900 0.000000 0.045700 0.042400 0.071000 0.068300 0.068000
Impala 0.058400 0.175600 0.084600 0.151300 0.051900 0.058500 0.052200 0.039600 0.098100 0.093100 0.052200 0.048800 0.054900 0.060700 0.054900 0.064500 0.075000 0.068300 0.054800 0.094400 0.052000 0.058100 0.093500 0.080700 0.048900 0.045900 0.054900 0.101400 0.045700 0.094300 0.096200 0.060600 0.070900 0.058100 0.058000 0.055100 0.048900 0.045500 0.070000 0.080100 0.090700 0.048900 0.093100 0.080500 0.058200 0.036300 0.045700 0.000000 0.064800 0.094400 0.098400 0.097800
Klipspring 0.048700 0.157300 0.077700 0.143800 0.054800 0.048800 0.057500 0.036400 0.087700 0.085700 0.042600 0.051700 0.045400 0.064400 0.051500 0.054800 0.065000 0.058400 0.051400 0.084100 0.048600 0.048400 0.092200 0.089400 0.039300 0.036400 0.045400 0.091000 0.044800 0.084100 0.088700 0.058100 0.076900 0.048500 0.057000 0.058000 0.036200 0.042300 0.058100 0.088700 0.089300 0.039400 0.085700 0.089200 0.051700 0.033100 0.042400 0.064800 0.000000 0.077600 0.088000 0.087500
ForestMusk 0.077600 0.154700 0.087900 0.134400 0.077400 0.077700 0.086700 0.058500 0.094600 0.080400 0.071300 0.067700 0.080400 0.093800 0.080400 0.083800 0.075000 0.068300 0.080200 0.087600 0.077500 0.077200 0.086900 0.097400 0.067800 0.071300 0.080400 0.101200 0.077500 0.084500 0.083500 0.093800 0.074100 0.077300 0.083500 0.074100 0.067900 0.064400 0.093800 0.083600 0.083400 0.073800 0.080400 0.097100 0.070900 0.067700 0.071000 0.094400 0.077600 0.000000 0.098100 0.090800
Bushbuck 0.087300 0.188400 0.021300 0.151300 0.077800 0.087400 0.090800 0.068500 0.006000 0.103700 0.081600 0.058600 0.084200 0.097800 0.080900 0.084400 0.082100 0.085200 0.084000 0.015100 0.081300 0.087500 0.104100 0.098000 0.078100 0.075000 0.084200 0.009000 0.081300 0.021200 0.100200 0.097700 0.090900 0.081000 0.084100 0.065000 0.078200 0.068000 0.094500 0.100600 0.107900 0.078200 0.103700 0.097700 0.061800 0.071400 0.068300 0.098400 0.088000 0.098100 0.000000 0.018200
GreaterKud 0.086800 0.187300 0.015000 0.154300 0.077400 0.086100 0.090200 0.068100 0.018100 0.096500 0.081100 0.058300 0.083700 0.097200 0.083700 0.087100 0.084900 0.084700 0.083500 0.009000 0.080800 0.087000 0.103500 0.094100 0.077600 0.074600 0.083700 0.021200 0.080800 0.015000 0.093000 0.097200 0.083800 0.080600 0.080300 0.064700 0.077700 0.067700 0.097200 0.100000 0.107300 0.077700 0.096500 0.100500 0.061400 0.071000 0.068000 0.097800 0.087500 0.090800 0.018200 0.000000
