1
52 1
Argali 0.000000 0.291200 0.054200 0.250800 0.017300 0.000000 0.017600 0.052600 0.052700 0.035500 0.000100 0.035100 0.034900 0.017500 0.017100 0.035800 0.073700 0.035100 0.052900 0.071600 0.017300 0.017500 0.017300 0.017500 0.000000 0.017100 0.034900 0.052700 0.110600 0.089300 0.054200 0.017500 0.075400 0.034900 0.017200 0.034900 0.000000 0.035000 0.017400 0.035300 0.034900 0.035900 0.035900 0.035900 0.034900 0.053200 0.054200 0.017200 0.052900 0.034900 0.070900 0.034900
LesserMous 0.291200 0.000000 0.321900 0.337800 0.265800 0.291200 0.317700 0.314800 0.314100 0.294200 0.289300 0.239300 0.289400 0.267500 0.263700 0.295300 0.349000 0.290800 0.261500 0.345400 0.265800 0.265200 0.265800 0.268600 0.291200 0.261000 0.289400 0.314100 0.296900 0.311800 0.325000 0.267500 0.328800 0.289400 0.264000 0.290400 0.291200 0.288800 0.315600 0.295500 0.289400 0.299400 0.295900 0.301000 0.290400 0.315700 0.327400 0.263300 0.242000 0.238400 0.340000 0.289400
LesserKudu 0.054200 0.321900 0.000000 0.277000 0.035600 0.054200 0.073200 0.035000 0.035000 0.054700 0.053900 0.053900 0.053800 0.035800 0.035100 0.093500 0.074500 0.053900 0.035200 0.053500 0.035600 0.073100 0.035600 0.035900 0.054200 0.035000 0.053800 0.035000 0.132500 0.071200 0.074200 0.035800 0.137800 0.053700 0.035300 0.053700 0.054200 0.053700 0.072600 0.054400 0.017400 0.055300 0.055100 0.055300 0.053700 0.072800 0.074200 0.035300 0.072200 0.053800 0.053000 0.017400
KillerWhal 0.250800 0.337800 0.277000 0.000000 0.275400 0.250800 0.251800 0.272000 0.272100 0.306300 0.249400 0.249900 0.301200 0.276800 0.273500 0.306700 0.306500 0.301400 0.222900 0.300800 0.275400 0.277300 0.275400 0.278700 0.250800 0.270800 0.301200 0.272100 0.428500 0.270900 0.336500 0.276800 0.311700 0.275100 0.273600 0.275200 0.250800 0.274600 0.275200 0.304600 0.248300 0.280100 0.307900 0.310600 0.275200 0.301900 0.335400 0.272900 0.300300 0.248300 0.298600 0.248300
DefassaWat 0.017300 0.265800 0.035600 0.275400 0.000000 0.017300 0.035200 0.034600 0.034600 0.017500 0.017300 0.017300 0.017200 0.000100 0.000100 0.053900 0.054300 0.017300 0.034700 0.052800 0.000000 0.035100 0.000000 0.000100 0.017300 0.000100 0.017200 0.034600 0.090700 0.070400 0.035600 0.000100 0.094300 0.017200 0.000100 0.017200 0.017300 0.017200 0.034800 0.017400 0.017200 0.017700 0.017700 0.017700 0.017200 0.034900 0.035600 0.000100 0.034700 0.017200 0.052400 0.017200
Sheep 0.000000 0.291200 0.054200 0.250800 0.017300 0.000000 0.017600 0.052600 0.052700 0.035500 0.000100 0.035100 0.034900 0.017500 0.017100 0.035800 0.073700 0.035100 0.052900 0.071600 0.017300 0.017500 0.017300 0.017500 0.000000 0.017100 0.034900 0.052700 0.110600 0.089300 0.054200 0.017500 0.075400 0.034900 0.017200 0.034900 0.000000 0.035000 0.017400 0.035300 0.034900 0.035900 0.035900 0.035900 0.034900 0.053200 0.054200 0.017200 0.052900 0.034900 0.070900 0.034900
MaxwellsDu 0.017600 0.317700 0.073200 0.251800 0.035200 0.017600 0.000000 0.071300 0.071500 0.054200 0.017500 0.053500 0.053300 0.035400 0.034800 0.054500 0.093500 0.053300 0.071900 0.091100 0.035200 0.035500 0.035200 0.035600 0.017600 0.034600 0.053300 0.071500 0.131200 0.109400 0.073500 0.035400 0.095700 0.017300 0.035000 0.053200 0.017600 0.017200 0.035300 0.053800 0.053300 0.054600 0.054700 0.054600 0.053200 0.035100 0.073300 0.035000 0.071300 0.053300 0.090400 0.053300
GazellaPrz 0.052600 0.314800 0.035000 0.272000 0.034600 0.052600 0.071300 0.000000 0.034100 0.053100 0.052400 0.052700 0.052300 0.034800 0.034200 0.090900 0.072400 0.052500 0.034300 0.052100 0.034600 0.070900 0.034600 0.035000 0.052600 0.034100 0.052300 0.034100 0.129400 0.069500 0.053700 0.034800 0.133200 0.052300 0.034400 0.052300 0.052600 0.052400 0.070500 0.035100 0.017000 0.053600 0.053700 0.035600 0.052300 0.070800 0.053600 0.034400 0.070400 0.052300 0.051700 0.017000
MountainNy 0.052700 0.314100 0.035000 0.272100 0.034600 0.052700 0.071500 0.034100 0.000000 0.053200 0.052500 0.052700 0.052400 0.034800 0.034200 0.091200 0.072700 0.052500 0.034300 0.017100 0.034600 0.071000 0.034600 0.017300 0.052700 0.034100 0.052400 0.000000 0.129500 0.034100 0.072200 0.034800 0.134000 0.052400 0.034400 0.052300 0.052700 0.052400 0.070700 0.052800 0.017000 0.053700 0.053800 0.035300 0.052300 0.070900 0.072000 0.034400 0.070300 0.052400 0.016900 0.017000
MuntiacusM 0.035500 0.294200 0.054700 0.306300 0.017500 0.035500 0.054200 0.053100 0.053200 0.000000 0.035400 0.035500 0.017400 0.017600 0.017300 0.073700 0.074400 0.035400 0.053500 0.072300 0.017500 0.053800 0.017500 0.017700 0.035500 0.017200 0.017400 0.053200 0.111900 0.090400 0.017500 0.017600 0.116100 0.035300 0.017400 0.035200 0.035500 0.035300 0.053600 0.035600 0.035300 0.036200 0.000100 0.036200 0.035200 0.053800 0.054600 0.017400 0.053300 0.035300 0.071800 0.035300
goat 0.000100 0.289300 0.053900 0.249400 0.017300 0.000100 0.017500 0.052400 0.052500 0.035400 0.000000 0.034900 0.034800 0.017300 0.017000 0.035600 0.073300 0.034900 0.052700 0.071300 0.017300 0.017400 0.017300 0.017400 0.000100 0.017000 0.034800 0.052500 0.109900 0.089000 0.054000 0.017300 0.075100 0.034800 0.017100 0.034800 0.000100 0.034700 0.017300 0.035200 0.034800 0.035800 0.035700 0.035700 0.034800 0.053000 0.053900 0.017100 0.052500 0.034800 0.070700 0.034800
AfricanBuf 0.035100 0.239300 0.053900 0.249900 0.017300 0.035100 0.053500 0.052700 0.052700 0.035500 0.034900 0.000000 0.034900 0.017400 0.017100 0.088900 0.073300 0.034900 0.017200 0.071600 0.017300 0.053200 0.017300 0.017500 0.035100 0.017000 0.034900 0.052700 0.127100 0.052200 0.054200 0.017400 0.114500 0.034900 0.017200 0.034900 0.035100 0.034900 0.053000 0.035200 0.034900 0.035700 0.035800 0.035800 0.034900 0.053200 0.053900 0.017200 0.052600 0.000100 0.071100 0.034900
Topi 0.034900 0.289400 0.053800 0.301200 0.017200 0.034900 0.053300 0.052300 0.052400 0.017400 0.034800 0.034900 0.000000 0.017300 0.017000 0.072500 0.073100 0.034800 0.052700 0.071200 0.017200 0.053000 0.017200 0.017400 0.034900 0.017000 0.000000 0.052400 0.110100 0.089000 0.035500 0.017300 0.114100 0.034700 0.017100 0.034700 0.034900 0.034800 0.052700 0.035100 0.034700 0.035600 0.017600 0.035700 0.034700 0.052900 0.053700 0.017100 0.052400 0.034700 0.070700 0.034700
CommonDuik 0.017500 0.267500 0.035800 0.276800 0.000100 0.017500 0.035400 0.034800 0.034800 0.017600 0.017300 0.017400 0.017300 0.000000 0.000200 0.054200 0.054600 0.017400 0.035000 0.053300 0.000100 0.035300 0.000100 0.000200 0.017500 0.000200 0.017300 0.034800 0.091200 0.070900 0.035900 0.000000 0.095100 0.017300 0.000200 0.017300 0.017500 0.017300 0.035100 0.017600 0.017300 0.017800 0.017800 0.017800 0.017300 0.035200 0.035900 0.000200 0.034900 0.017300 0.052800 0.017300
Suni 0.017100 0.263700 0.035100 0.273500 0.000100 0.017100 0.034800 0.034200 0.034200 0.017300 0.017000 0.017100 0.017000 0.000200 0.000000 0.053200 0.053600 0.017000 0.034400 0.052300 0.000100 0.034700 0.000100 0.000200 0.017100 0.000200 0.017000 0.034200 0.089600 0.069700 0.035200 0.000200 0.093300 0.017000 0.000200 0.017000 0.017100 0.017000 0.034400 0.017200 0.017000 0.017500 0.017500 0.017500 0.017000 0.034600 0.035200 0.000200 0.034300 0.017000 0.051800 0.017000
Springbuck 0.035800 0.295300 0.093500 0.306700 0.053900 0.035800 0.054500 0.090900 0.091200 0.073700 0.035600 0.088900 0.072500 0.054200 0.053200 0.000000 0.114800 0.072600 0.091600 0.111700 0.053900 0.054300 0.053900 0.054500 0.035800 0.053000 0.072500 0.091200 0.071100 0.130200 0.093800 0.054200 0.117500 0.072500 0.053500 0.072400 0.035800 0.072400 0.054000 0.073200 0.072500 0.074500 0.074400 0.074300 0.072400 0.092200 0.093700 0.053500 0.091100 0.072500 0.110700 0.072500
Okapi 0.073700 0.349000 0.074500 0.306500 0.054300 0.073700 0.093500 0.072400 0.072700 0.074400 0.073300 0.073300 0.073100 0.054600 0.053600 0.114800 0.000000 0.035700 0.073000 0.092600 0.054300 0.093100 0.054300 0.054900 0.073700 0.069500 0.073100 0.072700 0.154400 0.111000 0.094500 0.054600 0.117900 0.073100 0.053900 0.073000 0.073700 0.073000 0.092700 0.073700 0.054200 0.075100 0.075000 0.074900 0.073000 0.054700 0.094200 0.067500 0.106600 0.073100 0.091900 0.054200
Giraffe 0.035100 0.290800 0.053900 0.301400 0.017300 0.035100 0.053300 0.052500 0.052500 0.035400 0.034900 0.034900 0.034800 0.017400 0.017000 0.072600 0.035700 0.000000 0.052700 0.071300 0.017300 0.053200 0.017300 0.017400 0.035100 0.030200 0.034800 0.052500 0.110100 0.089100 0.054100 0.017400 0.114700 0.034800 0.017100 0.034800 0.035100 0.034800 0.052900 0.035200 0.034800 0.035800 0.035700 0.035700 0.034800 0.017300 0.054000 0.025700 0.064900 0.034800 0.070700 0.034800
TibetanAnt 0.052900 0.261500 0.035200 0.222900 0.034700 0.052900 0.071900 0.034300 0.034300 0.053500 0.052700 0.017200 0.052700 0.035000 0.034400 0.091600 0.073000 0.052700 0.000000 0.052400 0.034700 0.071300 0.034700 0.035200 0.052900 0.034200 0.052700 0.034300 0.130100 0.034000 0.072600 0.035000 0.134400 0.052700 0.034600 0.052600 0.052900 0.052700 0.071100 0.053000 0.017100 0.053800 0.054100 0.054000 0.052600 0.071300 0.072100 0.034600 0.070500 0.017100 0.052200 0.017100
Sitatunga 0.071600 0.345400 0.053500 0.300800 0.052800 0.071600 0.091100 0.052100 0.017100 0.072300 0.071300 0.071600 0.071200 0.053300 0.052300 0.111700 0.092600 0.071300 0.052400 0.000000 0.052800 0.090500 0.052800 0.035100 0.071600 0.052100 0.071200 0.017100 0.151100 0.052000 0.092000 0.053300 0.156400 0.071200 0.052600 0.071100 0.071600 0.071200 0.090100 0.071800 0.034600 0.072900 0.073100 0.054000 0.071100 0.090400 0.091800 0.052600 0.089500 0.071200 0.034500 0.034600
Oribi 0.017300 0.265800 0.035600 0.275400 0.000000 0.017300 0.035200 0.034600 0.034600 0.017500 0.017300 0.017300 0.017200 0.000100 0.000100 0.053900 0.054300 0.017300 0.034700 0.052800 0.000000 0.035100 0.000000 0.000100 0.017300 0.000100 0.017200 0.034600 0.090700 0.070400 0.035600 0.000100 0.094300 0.017200 0.000100 0.017200 0.017300 0.017200 0.034800 0.017400 0.017200 0.017700 0.017700 0.017700 0.017200 0.034900 0.035600 0.000100 0.034700 0.017200 0.052400 0.017200
BarbaryShe 0.017500 0.265200 0.073100 0.277300 0.035100 0.017500 0.035500 0.070900 0.071000 0.053800 0.017400 0.053200 0.053000 0.035300 0.034700 0.054300 0.093100 0.053200 0.071300 0.090500 0.035100 0.000000 0.035100 0.035500 0.017500 0.034500 0.053000 0.071000 0.130900 0.108500 0.073100 0.035300 0.095300 0.053000 0.034900 0.052900 0.017500 0.053000 0.035100 0.053600 0.053000 0.054500 0.054500 0.054600 0.052900 0.071800 0.073200 0.034900 0.071400 0.053000 0.089700 0.053000
Daviddeer 0.017300 0.265800 0.035600 0.275400 0.000000 0.017300 0.035200 0.034600 0.034600 0.017500 0.017300 0.017300 0.017200 0.000100 0.000100 0.053900 0.054300 0.017300 0.034700 0.052800 0.000000 0.035100 0.000000 0.000100 0.017300 0.000100 0.017200 0.034600 0.090700 0.070400 0.035600 0.000100 0.094300 0.017200 0.000100 0.017200 0.017300 0.017200 0.034800 0.017400 0.017200 0.017700 0.017700 0.017700 0.017200 0.034900 0.035600 0.000100 0.034700 0.017200 0.052400 0.017200
Reindeer 0.017500 0.268600 0.035900 0.278700 0.000100 0.017500 0.035600 0.035000 0.017300 0.017700 0.017400 0.017500 0.017400 0.000200 0.000200 0.054500 0.054900 0.017400 0.035200 0.035100 0.000100 0.035500 0.000100 0.000000 0.017500 0.000200 0.017400 0.017300 0.091700 0.052600 0.036100 0.000200 0.095600 0.017400 0.000200 0.017400 0.017500 0.017400 0.035200 0.017600 0.017400 0.017900 0.017900 0.017700 0.017400 0.035400 0.036000 0.000200 0.035100 0.017400 0.034900 0.017400
Ibex 0.000000 0.291200 0.054200 0.250800 0.017300 0.000000 0.017600 0.052600 0.052700 0.035500 0.000100 0.035100 0.034900 0.017500 0.017100 0.035800 0.073700 0.035100 0.052900 0.071600 0.017300 0.017500 0.017300 0.017500 0.000000 0.017100 0.034900 0.052700 0.110600 0.089300 0.054200 0.017500 0.075400 0.034900 0.017200 0.034900 0.000000 0.035000 0.017400 0.035300 0.034900 0.035900 0.035900 0.035900 0.034900 0.053200 0.054200 0.017200 0.052900 0.034900 0.070900 0.034900
GyrantGaze 0.017100 0.261000 0.035000 0.270800 0.000100 0.017100 0.034600 0.034100 0.034100 0.017200 0.017000 0.017000 0.017000 0.000200 0.000200 0.053000 0.069500 0.030200 0.034200 0.052100 0.000100 0.034500 0.000100 0.000200 0.017100 0.000000 0.017000 0.034100 0.089200 0.069300 0.035100 0.000200 0.093000 0.017000 0.000200 0.016900 0.017100 0.016900 0.034300 0.017200 0.017000 0.017400 0.017400 0.017400 0.016900 0.034400 0.035100 0.000100 0.034200 0.017000 0.051600 0.017000
Hartebeest 0.034900 0.289400 0.053800 0.301200 0.017200 0.034900 0.053300 0.052300 0.052400 0.017400 0.034800 0.034900 0.000000 0.017300 0.017000 0.072500 0.073100 0.034800 0.052700 0.071200 0.017200 0.053000 0.017200 0.017400 0.034900 0.017000 0.000000 0.052400 0.110100 0.089000 0.035500 0.017300 0.114100 0.034700 0.017100 0.034700 0.034900 0.034800 0.052700 0.035100 0.034700 0.035600 0.017600 0.035700 0.034700 0.052900 0.053700 0.017100 0.052400 0.034700 0.070700 0.034700
Bongo 0.052700 0.314100 0.035000 0.272100 0.034600 0.052700 0.071500 0.034100 0.000000 0.053200 0.052500 0.052700 0.052400 0.034800 0.034200 0.091200 0.072700 0.052500 0.034300 0.017100 0.034600 0.071000 0.034600 0.017300 0.052700 0.034100 0.052400 0.000000 0.129500 0.034100 0.072200 0.034800 0.134000 0.052400 0.034400 0.052300 0.052700 0.052400 0.070700 0.052800 0.017000 0.053700 0.053800 0.035300 0.052300 0.070900 0.072000 0.034400 0.070300 0.052400 0.016900 0.017000
Gerenuk 0.110600 0.296900 0.132500 0.428500 0.090700 0.110600 0.131200 0.129400 0.129500 0.111900 0.109900 0.127100 0.110100 0.091200 0.089600 0.071100 0.154400 0.110100 0.130100 0.151100 0.090700 0.130900 0.090700 0.091700 0.110600 0.089200 0.110100 0.129500 0.000000 0.170700 0.133300 0.091200 0.201200 0.110100 0.090100 0.110000 0.110600 0.109900 0.130000 0.111300 0.110100 0.112900 0.112800 0.113100 0.110000 0.130500 0.132900 0.090000 0.129400 0.110100 0.150000 0.110100
CommonElan 0.089300 0.311800 0.071200 0.270900 0.070400 0.089300 0.109400 0.069500 0.034100 0.090400 0.089000 0.052200 0.089000 0.070900 0.069700 0.130200 0.111000 0.089100 0.034000 0.052000 0.070400 0.108500 0.070400 0.052600 0.089300 0.069300 0.089000 0.034100 0.170700 0.000000 0.110500 0.070900 0.175200 0.089000 0.070100 0.088900 0.089300 0.089100 0.108100 0.089700 0.051800 0.091000 0.091400 0.071900 0.088900 0.108500 0.109800 0.070000 0.107300 0.051800 0.051800 0.051900
MuntiacusR 0.054200 0.325000 0.074200 0.336500 0.035600 0.054200 0.073500 0.053700 0.072200 0.017500 0.054000 0.054200 0.035500 0.035900 0.035200 0.093800 0.094500 0.054100 0.072600 0.092000 0.035600 0.073100 0.035600 0.036100 0.054200 0.035100 0.035500 0.072200 0.133300 0.110500 0.000000 0.035900 0.137700 0.053900 0.035500 0.053800 0.054200 0.053900 0.072600 0.017400 0.053800 0.055300 0.017700 0.017700 0.053800 0.072900 0.035600 0.035400 0.072500 0.053800 0.091300 0.053900
HarveysDui 0.017500 0.267500 0.035800 0.276800 0.000100 0.017500 0.035400 0.034800 0.034800 0.017600 0.017300 0.017400 0.017300 0.000000 0.000200 0.054200 0.054600 0.017400 0.035000 0.053300 0.000100 0.035300 0.000100 0.000200 0.017500 0.000200 0.017300 0.034800 0.091200 0.070900 0.035900 0.000000 0.095100 0.017300 0.000200 0.017300 0.017500 0.017300 0.035100 0.017600 0.017300 0.017800 0.017800 0.017800 0.017300 0.035200 0.035900 0.000200 0.034900 0.017300 0.052800 0.017300
Pronghorn 0.075400 0.328800 0.137800 0.311700 0.094300 0.075400 0.095700 0.133200 0.134000 0.116100 0.075100 0.114500 0.114100 0.095100 0.093300 0.117500 0.117900 0.114700 0.134400 0.156400 0.094300 0.095300 0.094300 0.095600 0.075400 0.093000 0.114100 0.134000 0.201200 0.175200 0.137700 0.095100 0.000000 0.114100 0.093900 0.114100 0.075400 0.114200 0.094600 0.115300 0.114100 0.117500 0.117400 0.117500 0.114100 0.135700 0.137800 0.093900 0.093300 0.114100 0.154700 0.114100
BlueWildeb 0.034900 0.289400 0.053700 0.275100 0.017200 0.034900 0.017300 0.052300 0.052400 0.035300 0.034800 0.034900 0.034700 0.017300 0.017000 0.072500 0.073100 0.034800 0.052700 0.071200 0.017200 0.053000 0.017200 0.017400 0.034900 0.017000 0.034700 0.052400 0.110100 0.089000 0.053900 0.017300 0.114100 0.000000 0.017100 0.034700 0.034900 0.000100 0.052700 0.035100 0.034700 0.035600 0.035700 0.035700 0.034700 0.017100 0.053700 0.017100 0.052400 0.034700 0.070700 0.034700
Gemsbok 0.017200 0.264000 0.035300 0.273600 0.000100 0.017200 0.035000 0.034400 0.034400 0.017400 0.017100 0.017200 0.017100 0.000200 0.000200 0.053500 0.053900 0.017100 0.034600 0.052600 0.000100 0.034900 0.000100 0.000200 0.017200 0.000200 0.017100 0.034400 0.090100 0.070100 0.035500 0.000200 0.093900 0.017100 0.000000 0.017100 0.017200 0.017100 0.034600 0.017300 0.017100 0.017600 0.017600 0.017600 0.017100 0.034800 0.035400 0.000200 0.034500 0.017100 0.052200 0.017100
Yak 0.034900 0.290400 0.053700 0.275200 0.017200 0.034900 0.053200 0.052300 0.052300 0.035200 0.034800 0.034900 0.034700 0.017300 0.017000 0.072400 0.073000 0.034800 0.052600 0.071100 0.017200 0.052900 0.017200 0.017400 0.034900 0.016900 0.034700 0.052300 0.110000 0.088900 0.053800 0.017300 0.114100 0.034700 0.017100 0.000000 0.034900 0.034700 0.052600 0.035000 0.034700 0.035600 0.035600 0.035600 0.000000 0.052800 0.053700 0.017100 0.052400 0.034700 0.070500 0.034700
BlueSheep 0.000000 0.291200 0.054200 0.250800 0.017300 0.000000 0.017600 0.052600 0.052700 0.035500 0.000100 0.035100 0.034900 0.017500 0.017100 0.035800 0.073700 0.035100 0.052900 0.071600 0.017300 0.017500 0.017300 0.017500 0.000000 0.017100 0.034900 0.052700 0.110600 0.089300 0.054200 0.017500 0.075400 0.034900 0.017200 0.034900 0.000000 0.035000 0.017400 0.035300 0.034900 0.035900 0.035900 0.035900 0.034900 0.053200 0.054200 0.017200 0.052900 0.034900 0.070900 0.034900
BohorReedb 0.035000 0.288800 0.053700 0.274600 0.017200 0.035000 0.017200 0.052400 0.052400 0.035300 0.034700 0.034900 0.034800 0.017300 0.017000 0.072400 0.073000 0.034800 0.052700 0.071200 0.017200 0.053000 0.017200 0.017400 0.035000 0.016900 0.034800 0.052400 0.109900 0.089100 0.053900 0.017300 0.114200 0.000100 0.017100 0.034700 0.035000 0.000000 0.052700 0.035100 0.034800 0.035600 0.035600 0.035600 0.034700 0.017200 0.053700 0.017100 0.052400 0.034800 0.070700 0.034800
KirksDik 0.017400 0.315600 0.072600 0.275200 0.034800 0.017400 0.035300 0.070500 0.070700 0.053600 0.017300 0.053000 0.052700 0.035100 0.034400 0.054000 0.092700 0.052900 0.071100 0.090100 0.034800 0.035100 0.034800 0.035200 0.017400 0.034300 0.052700 0.070700 0.130000 0.108100 0.072600 0.035100 0.094600 0.052700 0.034600 0.052600 0.017400 0.052700 0.000000 0.053200 0.052700 0.054000 0.054100 0.054100 0.052600 0.071400 0.072400 0.034600 0.070700 0.052700 0.089400 0.052700
RoeDeer 0.035300 0.295500 0.054400 0.304600 0.017400 0.035300 0.053800 0.035100 0.052800 0.035600 0.035200 0.035200 0.035100 0.017600 0.017200 0.073200 0.073700 0.035200 0.053000 0.071800 0.017400 0.053600 0.017400 0.017600 0.035300 0.017200 0.035100 0.052800 0.111300 0.089700 0.017400 0.017600 0.115300 0.035100 0.017300 0.035000 0.035300 0.035100 0.053200 0.000000 0.035100 0.036000 0.036000 0.000100 0.035000 0.053300 0.017400 0.017300 0.053200 0.035100 0.071100 0.035100
WhiteLippe 0.034900 0.289400 0.017400 0.248300 0.017200 0.034900 0.053300 0.017000 0.017000 0.035300 0.034800 0.034900 0.034700 0.017300 0.017000 0.072500 0.054200 0.034800 0.017100 0.034600 0.017200 0.053000 0.017200 0.017400 0.034900 0.017000 0.034700 0.017000 0.110100 0.051800 0.053800 0.017300 0.114100 0.034700 0.017100 0.034700 0.034900 0.034800 0.052700 0.035100 0.000000 0.035600 0.035700 0.035700 0.034700 0.052900 0.053700 0.017100 0.052400 0.034700 0.034300 0.000000
ThomsonGaz 0.035900 0.299400 0.055300 0.280100 0.017700 0.035900 0.054600 0.053600 0.053700 0.036200 0.035800 0.035700 0.035600 0.017800 0.017500 0.074500 0.075100 0.035800 0.053800 0.072900 0.017700 0.054500 0.017700 0.017900 0.035900 0.017400 0.035600 0.053700 0.112900 0.091000 0.055300 0.017800 0.117500 0.035600 0.017600 0.035600 0.035900 0.035600 0.054000 0.036000 0.035600 0.000000 0.036600 0.036700 0.035600 0.054200 0.055400 0.017600 0.054000 0.035600 0.072200 0.035600
MuntiacusC 0.035900 0.295900 0.055100 0.307900 0.017700 0.035900 0.054700 0.053700 0.053800 0.000100 0.035700 0.035800 0.017600 0.017800 0.017500 0.074400 0.075000 0.035700 0.054100 0.073100 0.017700 0.054500 0.017700 0.017900 0.035900 0.017400 0.017600 0.053800 0.112800 0.091400 0.017700 0.017800 0.117400 0.035700 0.017600 0.035600 0.035900 0.035600 0.054100 0.036000 0.035700 0.036600 0.000000 0.036600 0.035600 0.054300 0.055200 0.017600 0.053800 0.035700 0.072500 0.035700
WhiteTaile 0.035900 0.301000 0.055300 0.310600 0.017700 0.035900 0.054600 0.035600 0.035300 0.036200 0.035700 0.035800 0.035700 0.017800 0.017500 0.074300 0.074900 0.035700 0.054000 0.054000 0.017700 0.054600 0.017700 0.017700 0.035900 0.017400 0.035700 0.035300 0.113100 0.071900 0.017700 0.017800 0.117500 0.035700 0.017600 0.035600 0.035900 0.035600 0.054100 0.000100 0.035700 0.036700 0.036600 0.000000 0.035600 0.054300 0.017700 0.017600 0.054000 0.035700 0.053500 0.035700
Cattle 0.034900 0.290400 0.053700 0.275200 0.017200 0.034900 0.053200 0.052300 0.052300 0.035200 0.034800 0.034900 0.034700 0.017300 0.017000 0.072400 0.073000 0.034800 0.052600 0.071100 0.017200 0.052900 0.017200 0.017400 0.034900 0.016900 0.034700 0.052300 0.110000 0.088900 0.053800 0.017300 0.114100 0.034700 0.017100 0.000000 0.034900 0.034700 0.052600 0.035000 0.034700 0.035600 0.035600 0.035600 0.000000 0.052800 0.053700 0.017100 0.052400 0.034700 0.070500 0.034700
RoyalAntel 0.053200 0.315700 0.072800 0.301900 0.034900 0.053200 0.035100 0.070800 0.070900 0.053800 0.053000 0.053200 0.052900 0.035200 0.034600 0.092200 0.054700 0.017300 0.071300 0.090400 0.034900 0.071800 0.034900 0.035400 0.053200 0.034400 0.052900 0.070900 0.130500 0.108500 0.072900 0.035200 0.135700 0.017100 0.034800 0.052800 0.053200 0.017200 0.071400 0.053300 0.052900 0.054200 0.054300 0.054300 0.052800 0.000000 0.072600 0.034800 0.070900 0.052900 0.089700 0.052900
Steenbok 0.054200 0.327400 0.074200 0.335400 0.035600 0.054200 0.073300 0.053600 0.072000 0.054600 0.053900 0.053900 0.053700 0.035900 0.035200 0.093700 0.094200 0.054000 0.072100 0.091800 0.035600 0.073200 0.035600 0.036000 0.054200 0.035100 0.053700 0.072000 0.132900 0.109800 0.035600 0.035900 0.137800 0.053700 0.035400 0.053700 0.054200 0.053700 0.072400 0.017400 0.053700 0.055400 0.055200 0.017700 0.053700 0.072600 0.000000 0.035400 0.072700 0.053700 0.090700 0.053700
Impala 0.017200 0.263300 0.035300 0.272900 0.000100 0.017200 0.035000 0.034400 0.034400 0.017400 0.017100 0.017200 0.017100 0.000200 0.000200 0.053500 0.067500 0.025700 0.034600 0.052600 0.000100 0.034900 0.000100 0.000200 0.017200 0.000100 0.017100 0.034400 0.090000 0.070000 0.035400 0.000200 0.093900 0.017100 0.000200 0.017100 0.017200 0.017100 0.034600 0.017300 0.017100 0.017600 0.017600 0.017600 0.017100 0.034800 0.035400 0.000000 0.034600 0.017100 0.052100 0.017100
Klipspring 0.052900 0.242000 0.072200 0.300300 0.034700 0.052900 0.071300 0.070400 0.070300 0.053300 0.052500 0.052600 0.052400 0.034900 0.034300 0.091100 0.106600 0.064900 0.070500 0.089500 0.034700 0.071400 0.034700 0.035100 0.052900 0.034200 0.052400 0.070300 0.129400 0.107300 0.072500 0.034900 0.093300 0.052400 0.034500 0.052400 0.052900 0.052400 0.070700 0.053200 0.052400 0.054000 0.053800 0.054000 0.052400 0.070900 0.072700 0.034600 0.000000 0.052400 0.088600 0.052400
ForestMusk 0.034900 0.238400 0.053800 0.248300 0.017200 0.034900 0.053300 0.052300 0.052400 0.035300 0.034800 0.000100 0.034700 0.017300 0.017000 0.072500 0.073100 0.034800 0.017100 0.071200 0.017200 0.053000 0.017200 0.017400 0.034900 0.017000 0.034700 0.052400 0.110100 0.051800 0.053800 0.017300 0.114100 0.034700 0.017100 0.034700 0.034900 0.034800 0.052700 0.035100 0.034700 0.035600 0.035700 0.035700 0.034700 0.052900 0.053700 0.017100 0.052400 0.000000 0.070700 0.034700
Bushbuck 0.070900 0.340000 0.053000 0.298600 0.052400 0.070900 0.090400 0.051700 0.016900 0.071800 0.070700 0.071100 0.070700 0.052800 0.051800 0.110700 0.091900 0.070700 0.052200 0.034500 0.052400 0.089700 0.052400 0.034900 0.070900 0.051600 0.070700 0.016900 0.150000 0.051800 0.091300 0.052800 0.154700 0.070700 0.052200 0.070500 0.070900 0.070700 0.089400 0.071100 0.034300 0.072200 0.072500 0.053500 0.070500 0.089700 0.090700 0.052100 0.088600 0.070700 0.000000 0.034300
GreaterKud 0.034900 0.289400 0.017400 0.248300 0.017200 0.034900 0.053300 0.017000 0.017000 0.035300 0.034800 0.034900 0.034700 0.017300 0.017000 0.072500 0.054200 0.034800 0.017100 0.034600 0.017200 0.053000 0.017200 0.017400 0.034900 0.017000 0.034700 0.017000 0.110100 0.051900 0.053900 0.017300 0.114100 0.034700 0.017100 0.034700 0.034900 0.034800 0.052700 0.035100 0.000000 0.035600 0.035700 0.035700 0.034700 0.052900 0.053700 0.017100 0.052400 0.034700 0.034300 0.000000
