CODONML (in paml version 4.10.7, June 2023)  /home/rachel/ruminants_paml/6406-phy-tree/ENSBTAT00000011016.fasta.phy
Model: free dN/dS Ratios for branches,  kappa = 2.000 fixed

Codon frequency model: F3x4
ns =  54  ls = 103

Codon usage in sequences
--------------------------------------------------------------------------------------------------------------------------------------
Phe TTT   3   3   3   3   3   3 | Ser TCT   0   0   0   0   0   0 | Tyr TAT   4   4   4   4   4   4 | Cys TGT   1   1   1   1   1   1
    TTC   0   0   0   0   0   0 |     TCC   0   0   0   0   0   0 |     TAC   1   1   1   1   1   1 |     TGC   0   0   0   0   0   0
Leu TTA   0   0   0   0   0   0 |     TCA   0   0   0   0   0   0 | *** TAA   0   0   0   0   0   0 | *** TGA   0   0   0   0   0   0
    TTG   1   1   1   1   1   1 |     TCG   0   0   0   0   0   0 |     TAG   0   0   0   0   0   0 | Trp TGG   2   2   2   2   2   2
--------------------------------------------------------------------------------------------------------------------------------------
Leu CTT   0   0   0   0   0   0 | Pro CCT   0   0   0   0   0   0 | His CAT   2   2   3   2   3   1 | Arg CGT   2   1   2   2   1   2
    CTC   3   2   3   3   3   3 |     CCC   0   0   0   0   0   0 |     CAC   1   1   0   1   0   2 |     CGC   2   3   2   2   2   3
    CTA   2   2   2   2   1   2 |     CCA   3   3   3   3   3   2 | Gln CAA   0   0   0   0   0   1 |     CGA   0   2   1   1   3   0
    CTG   1   2   1   1   2   1 |     CCG   0   0   0   0   0   1 |     CAG   2   2   2   2   2   1 |     CGG   3   1   2   2   1   2
--------------------------------------------------------------------------------------------------------------------------------------
Ile ATT   1   1   1   1   1   1 | Thr ACT   2   2   3   2   2   2 | Asn AAT   3   3   3   3   1   1 | Ser AGT   1   1   1   1   1   1
    ATC   3   3   3   3   3   3 |     ACC   0   0   0   0   0   0 |     AAC   0   0   0   0   2   2 |     AGC   2   2   2   2   2   2
    ATA   1   1   1   1   1   1 |     ACA   3   2   2   2   2   2 | Lys AAA   2   1   2   2   2   2 | Arg AGA   4   3   4   4   2   3
Met ATG   2   2   2   2   2   2 |     ACG   0   1   0   1   1   1 |     AAG   4   5   4   4   4   4 |     AGG   2   3   2   2   4   3
--------------------------------------------------------------------------------------------------------------------------------------
Val GTT   3   3   3   2   3   4 | Ala GCT   2   2   2   2   2   2 | Asp GAT   2   3   2   2   2   2 | Gly GGT   4   3   4   4   3   2
    GTC   2   1   2   2   2   1 |     GCC   2   2   2   2   2   2 |     GAC   4   3   4   4   4   4 |     GGC   2   3   2   2   3   4
    GTA   0   1   0   1   0   1 |     GCA   1   1   1   1   1   1 | Glu GAA   6   7   7   6   6   7 |     GGA   5   6   5   5   4   5
    GTG   1   1   1   1   1   0 |     GCG   0   0   0   0   0   0 |     GAG   5   4   4   5   5   4 |     GGG   1   0   1   1   2   1
--------------------------------------------------------------------------------------------------------------------------------------

--------------------------------------------------------------------------------------------------------------------------------------
Phe TTT   3   3   3   3   3   3 | Ser TCT   0   0   0   0   0   0 | Tyr TAT   4   4   4   4   4   4 | Cys TGT   1   1   1   1   1   1
    TTC   0   0   0   0   0   0 |     TCC   0   0   0   0   0   0 |     TAC   1   1   1   1   1   1 |     TGC   0   0   0   0   0   0
Leu TTA   0   0   0   0   0   0 |     TCA   0   0   0   0   0   0 | *** TAA   0   0   0   0   0   0 | *** TGA   0   0   0   0   0   0
    TTG   1   1   1   2   1   1 |     TCG   0   0   0   0   0   0 |     TAG   0   0   0   0   0   0 | Trp TGG   2   2   2   2   2   2
--------------------------------------------------------------------------------------------------------------------------------------
Leu CTT   0   0   0   0   0   0 | Pro CCT   0   0   0   0   0   0 | His CAT   2   2   2   2   3   2 | Arg CGT   2   2   2   2   2   2
    CTC   3   3   3   3   3   3 |     CCC   0   0   0   0   0   0 |     CAC   1   1   1   1   0   1 |     CGC   2   2   2   2   2   2
    CTA   2   2   2   2   2   2 |     CCA   2   3   3   3   3   2 | Gln CAA   0   0   0   0   0   0 |     CGA   1   0   1   2   1   1
    CTG   1   1   1   0   1   1 |     CCG   1   0   0   0   0   1 |     CAG   2   2   2   2   2   2 |     CGG   2   3   2   1   2   2
--------------------------------------------------------------------------------------------------------------------------------------
Ile ATT   1   1   1   1   1   1 | Thr ACT   2   2   2   2   3   2 | Asn AAT   3   3   3   3   3   3 | Ser AGT   2   1   2   1   1   2
    ATC   3   3   3   3   3   3 |     ACC   0   0   0   0   0   0 |     AAC   0   0   0   0   0   0 |     AGC   1   2   1   2   2   1
    ATA   1   1   1   1   1   1 |     ACA   2   3   2   2   2   2 | Lys AAA   2   2   2   1   2   2 | Arg AGA   4   4   4   4   4   4
Met ATG   2   2   2   2   2   2 |     ACG   1   0   1   1   0   1 |     AAG   4   4   4   5   4   4 |     AGG   2   2   2   2   2   2
--------------------------------------------------------------------------------------------------------------------------------------
Val GTT   3   3   3   3   3   3 | Ala GCT   2   2   2   2   2   2 | Asp GAT   2   2   2   2   2   3 | Gly GGT   4   4   4   4   4   3
    GTC   2   2   2   2   2   2 |     GCC   2   2   2   2   2   2 |     GAC   4   4   4   4   4   3 |     GGC   2   2   2   2   2   3
    GTA   0   0   0   0   0   0 |     GCA   1   1   1   1   1   1 | Glu GAA   6   6   6   6   7   6 |     GGA   4   5   5   5   5   5
    GTG   1   1   1   1   1   1 |     GCG   0   0   0   0   0   0 |     GAG   5   5   5   5   4   5 |     GGG   2   1   1   1   1   1
--------------------------------------------------------------------------------------------------------------------------------------

--------------------------------------------------------------------------------------------------------------------------------------
Phe TTT   3   3   3   3   3   3 | Ser TCT   0   0   0   0   0   0 | Tyr TAT   4   4   4   4   3   4 | Cys TGT   1   1   1   1   1   1
    TTC   0   0   0   0   0   0 |     TCC   0   0   0   0   0   0 |     TAC   1   1   1   1   2   1 |     TGC   0   0   0   0   0   0
Leu TTA   0   0   0   0   0   0 |     TCA   0   0   0   0   0   0 | *** TAA   0   0   0   0   0   0 | *** TGA   0   0   0   0   0   0
    TTG   1   1   1   1   1   1 |     TCG   0   0   0   0   0   0 |     TAG   0   0   0   0   0   0 | Trp TGG   2   2   2   2   2   2
--------------------------------------------------------------------------------------------------------------------------------------
Leu CTT   0   0   0   0   0   0 | Pro CCT   0   0   0   0   0   0 | His CAT   2   3   2   3   2   2 | Arg CGT   2   2   2   2   2   2
    CTC   3   3   3   3   3   3 |     CCC   0   0   0   0   0   0 |     CAC   1   0   1   0   1   1 |     CGC   2   2   2   2   2   2
    CTA   2   2   2   2   2   2 |     CCA   3   3   3   3   3   3 | Gln CAA   0   0   0   0   0   0 |     CGA   0   1   0   1   1   2
    CTG   1   1   1   1   1   1 |     CCG   0   0   0   0   0   0 |     CAG   2   2   2   2   2   2 |     CGG   3   2   3   2   2   1
--------------------------------------------------------------------------------------------------------------------------------------
Ile ATT   1   1   1   1   1   1 | Thr ACT   2   2   2   2   2   2 | Asn AAT   3   3   3   3   3   3 | Ser AGT   2   1   1   1   1   1
    ATC   3   3   3   3   3   3 |     ACC   0   0   0   0   0   0 |     AAC   0   0   0   0   0   0 |     AGC   1   2   2   2   2   2
    ATA   1   1   1   1   1   1 |     ACA   2   2   2   2   2   2 | Lys AAA   2   2   2   2   2   2 | Arg AGA   4   4   4   4   4   4
Met ATG   2   2   2   2   2   2 |     ACG   1   1   1   1   1   1 |     AAG   4   4   4   4   4   4 |     AGG   2   2   2   2   2   2
--------------------------------------------------------------------------------------------------------------------------------------
Val GTT   3   3   3   3   4   3 | Ala GCT   2   2   2   2   2   2 | Asp GAT   2   2   2   2   2   2 | Gly GGT   4   4   5   4   4   5
    GTC   2   2   2   2   1   2 |     GCC   2   2   2   2   2   2 |     GAC   4   4   4   4   4   4 |     GGC   2   2   1   2   2   2
    GTA   0   0   0   0   0   0 |     GCA   1   1   1   1   1   1 | Glu GAA   6   6   8   6   6   5 |     GGA   5   5   5   5   5   4
    GTG   1   1   1   1   1   1 |     GCG   0   0   0   0   0   0 |     GAG   5   5   3   5   5   6 |     GGG   1   1   1   1   1   1
--------------------------------------------------------------------------------------------------------------------------------------

--------------------------------------------------------------------------------------------------------------------------------------
Phe TTT   3   3   3   3   3   3 | Ser TCT   0   0   0   0   0   0 | Tyr TAT   4   4   4   4   4   4 | Cys TGT   1   1   1   1   1   1
    TTC   0   0   0   0   0   0 |     TCC   0   0   0   0   0   0 |     TAC   1   1   1   1   1   1 |     TGC   0   0   0   0   0   0
Leu TTA   0   0   0   0   0   0 |     TCA   0   0   0   0   0   0 | *** TAA   0   0   0   0   0   0 | *** TGA   0   0   0   0   0   0
    TTG   1   1   1   1   1   1 |     TCG   0   0   0   0   0   0 |     TAG   0   0   0   0   0   0 | Trp TGG   2   2   2   2   2   2
--------------------------------------------------------------------------------------------------------------------------------------
Leu CTT   1   0   0   0   0   0 | Pro CCT   0   0   0   0   0   0 | His CAT   2   2   2   3   2   2 | Arg CGT   3   3   2   2   2   2
    CTC   2   3   3   3   3   3 |     CCC   0   0   0   0   1   0 |     CAC   1   1   1   0   1   1 |     CGC   2   2   2   2   2   2
    CTA   2   2   2   2   2   2 |     CCA   3   3   3   3   2   3 | Gln CAA   0   0   0   0   0   0 |     CGA   1   1   0   1   2   0
    CTG   1   1   1   1   1   1 |     CCG   0   0   0   0   0   0 |     CAG   2   2   2   2   2   2 |     CGG   1   1   3   2   1   3
--------------------------------------------------------------------------------------------------------------------------------------
Ile ATT   1   1   1   1   1   1 | Thr ACT   2   2   2   3   2   2 | Asn AAT   2   2   3   3   3   3 | Ser AGT   1   1   1   1   1   2
    ATC   3   3   3   3   3   3 |     ACC   0   0   0   0   0   0 |     AAC   1   1   0   0   0   0 |     AGC   2   2   2   2   2   1
    ATA   1   1   1   1   1   1 |     ACA   2   2   2   2   2   2 | Lys AAA   2   2   2   2   2   2 | Arg AGA   4   4   5   4   4   4
Met ATG   2   2   2   2   2   2 |     ACG   1   1   1   0   1   1 |     AAG   4   4   4   4   4   4 |     AGG   2   2   1   2   2   2
--------------------------------------------------------------------------------------------------------------------------------------
Val GTT   3   3   3   3   3   3 | Ala GCT   2   2   2   2   2   2 | Asp GAT   2   2   2   2   2   2 | Gly GGT   3   3   4   4   4   4
    GTC   2   2   2   2   2   2 |     GCC   2   2   2   2   2   2 |     GAC   4   4   4   4   4   4 |     GGC   3   3   2   2   2   2
    GTA   0   0   0   0   0   0 |     GCA   1   1   1   1   1   1 | Glu GAA   6   6   6   7   6   6 |     GGA   5   5   5   5   5   5
    GTG   1   1   1   1   1   1 |     GCG   0   0   0   0   0   0 |     GAG   5   5   5   4   5   5 |     GGG   1   1   1   1   1   1
--------------------------------------------------------------------------------------------------------------------------------------

--------------------------------------------------------------------------------------------------------------------------------------
Phe TTT   3   3   3   2   3   3 | Ser TCT   0   0   0   0   0   0 | Tyr TAT   4   4   4   5   3   4 | Cys TGT   1   1   1   1   1   1
    TTC   0   0   0   1   0   0 |     TCC   0   0   0   0   0   0 |     TAC   1   1   1   0   2   1 |     TGC   0   0   0   0   0   0
Leu TTA   0   0   0   0   0   0 |     TCA   0   0   0   0   0   0 | *** TAA   0   0   0   0   0   0 | *** TGA   0   0   0   0   0   0
    TTG   1   1   1   1   1   1 |     TCG   0   0   0   0   0   0 |     TAG   0   0   0   0   0   0 | Trp TGG   2   2   2   2   2   2
--------------------------------------------------------------------------------------------------------------------------------------
Leu CTT   0   0   0   0   0   0 | Pro CCT   0   0   0   0   0   0 | His CAT   2   2   2   2   2   3 | Arg CGT   2   2   2   2   2   2
    CTC   3   3   3   3   3   3 |     CCC   0   0   0   0   0   0 |     CAC   1   1   1   1   1   0 |     CGC   2   2   2   2   2   2
    CTA   2   2   2   2   2   2 |     CCA   3   3   3   3   3   3 | Gln CAA   0   0   0   0   0   0 |     CGA   1   1   0   2   0   1
    CTG   1   1   1   1   1   1 |     CCG   0   0   0   0   0   0 |     CAG   2   2   2   2   2   2 |     CGG   2   2   3   1   3   2
--------------------------------------------------------------------------------------------------------------------------------------
Ile ATT   1   1   1   1   1   1 | Thr ACT   2   2   2   2   2   3 | Asn AAT   3   3   3   3   3   3 | Ser AGT   2   2   2   1   1   1
    ATC   3   3   3   3   3   3 |     ACC   0   0   0   0   0   0 |     AAC   0   0   0   0   0   0 |     AGC   1   1   1   2   2   2
    ATA   1   1   1   1   1   1 |     ACA   2   2   2   2   2   2 | Lys AAA   2   2   2   2   2   2 | Arg AGA   4   4   4   4   4   4
Met ATG   2   2   2   2   2   2 |     ACG   1   1   1   1   1   0 |     AAG   4   4   4   4   4   4 |     AGG   2   2   2   2   2   2
--------------------------------------------------------------------------------------------------------------------------------------
Val GTT   3   3   3   3   3   3 | Ala GCT   2   2   2   2   2   2 | Asp GAT   3   3   2   2   2   2 | Gly GGT   3   3   4   4   5   4
    GTC   2   2   2   2   2   2 |     GCC   2   2   2   2   2   2 |     GAC   3   3   4   4   4   4 |     GGC   3   3   2   2   1   2
    GTA   0   0   0   0   0   0 |     GCA   1   1   1   1   1   1 | Glu GAA   6   6   7   6   8   7 |     GGA   5   5   5   5   5   5
    GTG   1   1   1   1   1   1 |     GCG   0   0   0   0   0   0 |     GAG   5   5   4   5   3   4 |     GGG   1   1   1   1   1   1
--------------------------------------------------------------------------------------------------------------------------------------

--------------------------------------------------------------------------------------------------------------------------------------
Phe TTT   3   3   3   3   3   3 | Ser TCT   0   0   0   0   0   0 | Tyr TAT   4   4   4   4   4   4 | Cys TGT   1   1   1   1   1   1
    TTC   0   0   0   0   0   0 |     TCC   0   0   0   0   0   0 |     TAC   1   1   1   1   1   1 |     TGC   0   0   0   0   0   0
Leu TTA   0   0   0   0   0   0 |     TCA   0   0   0   0   0   0 | *** TAA   0   0   0   0   0   0 | *** TGA   0   0   0   0   0   0
    TTG   1   1   1   1   1   1 |     TCG   0   0   0   0   0   0 |     TAG   0   0   0   0   0   0 | Trp TGG   2   2   2   2   2   2
--------------------------------------------------------------------------------------------------------------------------------------
Leu CTT   0   0   0   0   0   0 | Pro CCT   0   0   0   0   0   0 | His CAT   2   3   2   2   2   2 | Arg CGT   2   2   2   2   2   2
    CTC   3   3   3   3   3   3 |     CCC   0   0   0   0   0   0 |     CAC   1   0   1   1   1   1 |     CGC   2   2   2   2   2   2
    CTA   2   2   2   2   2   2 |     CCA   3   3   2   3   3   3 | Gln CAA   0   0   0   0   0   0 |     CGA   2   1   1   1   1   0
    CTG   1   1   1   1   1   1 |     CCG   0   0   1   0   0   0 |     CAG   2   2   2   2   2   2 |     CGG   1   2   2   2   2   3
--------------------------------------------------------------------------------------------------------------------------------------
Ile ATT   1   1   1   1   1   1 | Thr ACT   2   3   2   2   2   2 | Asn AAT   3   3   3   3   2   2 | Ser AGT   1   1   2   1   2   1
    ATC   3   3   3   3   3   3 |     ACC   0   0   0   0   0   0 |     AAC   0   0   0   0   1   1 |     AGC   2   2   1   2   1   2
    ATA   1   1   1   1   1   1 |     ACA   2   2   2   2   2   1 | Lys AAA   2   2   2   3   2   2 | Arg AGA   4   4   4   4   4   4
Met ATG   2   2   2   2   2   2 |     ACG   1   0   1   1   1   2 |     AAG   4   4   4   3   4   4 |     AGG   2   2   2   2   2   2
--------------------------------------------------------------------------------------------------------------------------------------
Val GTT   3   3   3   3   3   3 | Ala GCT   2   2   2   2   2   2 | Asp GAT   2   2   3   2   2   2 | Gly GGT   4   4   3   4   3   5
    GTC   2   2   2   2   2   2 |     GCC   2   2   2   2   2   2 |     GAC   4   4   3   4   4   4 |     GGC   2   2   3   2   2   1
    GTA   0   0   0   0   0   0 |     GCA   1   1   1   1   1   1 | Glu GAA   6   7   6   6   7   6 |     GGA   5   5   5   5   6   5
    GTG   1   1   1   1   1   1 |     GCG   0   0   0   0   0   0 |     GAG   5   4   5   5   4   5 |     GGG   1   1   1   1   1   1
--------------------------------------------------------------------------------------------------------------------------------------

--------------------------------------------------------------------------------------------------------------------------------------
Phe TTT   3   3   3   3   3   3 | Ser TCT   0   0   0   0   0   0 | Tyr TAT   4   4   4   4   4   4 | Cys TGT   1   1   1   1   1   1
    TTC   0   0   0   0   0   0 |     TCC   0   0   0   0   0   0 |     TAC   1   1   1   1   1   1 |     TGC   0   0   0   0   0   0
Leu TTA   0   0   0   0   0   0 |     TCA   0   0   0   0   0   0 | *** TAA   0   0   0   0   0   0 | *** TGA   0   0   0   0   0   0
    TTG   1   1   1   1   1   1 |     TCG   0   0   0   0   0   0 |     TAG   0   0   0   0   0   0 | Trp TGG   2   2   2   2   2   2
--------------------------------------------------------------------------------------------------------------------------------------
Leu CTT   0   0   0   0   0   0 | Pro CCT   0   0   0   0   0   0 | His CAT   2   3   2   2   2   2 | Arg CGT   2   2   2   2   2   2
    CTC   3   3   3   3   3   3 |     CCC   0   0   0   0   0   0 |     CAC   1   0   1   1   1   1 |     CGC   2   2   2   2   2   2
    CTA   2   2   2   2   2   2 |     CCA   3   3   3   2   3   3 | Gln CAA   0   0   0   0   0   0 |     CGA   0   1   0   1   2   1
    CTG   1   1   1   1   1   1 |     CCG   0   0   0   1   0   0 |     CAG   2   2   2   2   2   2 |     CGG   3   2   3   2   0   2
--------------------------------------------------------------------------------------------------------------------------------------
Ile ATT   1   1   1   1   1   1 | Thr ACT   2   2   2   2   2   2 | Asn AAT   3   3   3   3   3   3 | Ser AGT   1   1   1   1   1   2
    ATC   3   3   3   3   3   3 |     ACC   0   0   0   0   0   0 |     AAC   0   0   0   0   0   0 |     AGC   2   2   2   2   2   1
    ATA   1   1   1   1   1   1 |     ACA   1   2   2   2   2   2 | Lys AAA   2   2   2   2   2   2 | Arg AGA   4   4   4   4   4   4
Met ATG   2   2   2   2   2   2 |     ACG   2   1   1   1   1   1 |     AAG   4   4   4   4   4   4 |     AGG   2   2   2   2   3   2
--------------------------------------------------------------------------------------------------------------------------------------
Val GTT   3   3   3   3   3   3 | Ala GCT   2   2   2   2   2   2 | Asp GAT   2   2   2   2   2   3 | Gly GGT   5   4   4   4   4   3
    GTC   2   2   2   2   2   2 |     GCC   2   2   2   2   2   2 |     GAC   4   4   4   4   4   3 |     GGC   1   2   2   2   3   3
    GTA   0   0   0   0   0   0 |     GCA   1   1   1   1   1   1 | Glu GAA   6   6   6   6   7   6 |     GGA   5   5   5   4   5   5
    GTG   1   1   1   1   1   1 |     GCG   0   0   0   0   0   0 |     GAG   5   5   5   5   4   5 |     GGG   1   1   1   2   0   1
--------------------------------------------------------------------------------------------------------------------------------------

--------------------------------------------------------------------------------------------------------------------------------------
Phe TTT   3   2   3   3   3   3 | Ser TCT   0   0   0   0   0   0 | Tyr TAT   4   4   4   4   4   4 | Cys TGT   1   1   1   1   1   1
    TTC   0   1   0   0   0   0 |     TCC   0   0   0   0   0   0 |     TAC   1   1   1   1   1   1 |     TGC   0   0   0   0   0   0
Leu TTA   0   0   0   0   0   1 |     TCA   0   0   0   0   0   0 | *** TAA   0   0   0   0   0   0 | *** TGA   0   0   0   0   0   0
    TTG   1   1   1   1   1   1 |     TCG   0   0   0   0   0   0 |     TAG   0   0   0   0   0   0 | Trp TGG   2   2   2   2   2   2
--------------------------------------------------------------------------------------------------------------------------------------
Leu CTT   0   0   0   0   0   1 | Pro CCT   0   0   0   0   0   0 | His CAT   2   2   2   2   3   2 | Arg CGT   2   2   2   2   2   2
    CTC   3   3   3   3   3   2 |     CCC   0   0   0   0   0   0 |     CAC   1   1   1   1   0   1 |     CGC   2   2   2   2   2   2
    CTA   2   2   2   1   2   1 |     CCA   3   3   2   3   3   3 | Gln CAA   0   0   0   0   0   0 |     CGA   1   2   1   1   1   1
    CTG   1   1   1   2   1   1 |     CCG   0   0   1   0   0   0 |     CAG   2   2   2   2   2   2 |     CGG   2   1   2   2   2   2
--------------------------------------------------------------------------------------------------------------------------------------
Ile ATT   1   1   1   1   1   1 | Thr ACT   2   2   2   2   2   2 | Asn AAT   3   3   3   3   3   3 | Ser AGT   2   1   2   2   1   1
    ATC   3   3   3   3   3   3 |     ACC   0   0   0   0   0   0 |     AAC   0   0   0   0   0   0 |     AGC   1   2   1   1   2   2
    ATA   1   1   1   1   1   1 |     ACA   2   2   2   2   2   2 | Lys AAA   2   2   2   2   2   2 | Arg AGA   4   4   4   4   4   4
Met ATG   2   2   2   2   2   2 |     ACG   1   1   1   1   1   1 |     AAG   4   4   4   4   4   4 |     AGG   2   2   2   2   2   2
--------------------------------------------------------------------------------------------------------------------------------------
Val GTT   3   3   3   3   3   3 | Ala GCT   2   2   2   2   2   2 | Asp GAT   3   2   3   3   2   2 | Gly GGT   3   4   3   3   4   4
    GTC   2   2   2   2   2   2 |     GCC   2   2   2   2   2   2 |     GAC   3   4   3   3   4   4 |     GGC   3   2   3   3   2   2
    GTA   0   0   0   0   0   0 |     GCA   1   1   1   1   1   1 | Glu GAA   6   7   6   6   6   6 |     GGA   5   5   5   5   5   5
    GTG   1   1   1   1   1   1 |     GCG   0   0   0   0   0   0 |     GAG   5   4   5   5   5   5 |     GGG   1   1   1   1   1   1
--------------------------------------------------------------------------------------------------------------------------------------

--------------------------------------------------------------------------------------------------------------------------------------
Phe TTT   3   3   3   3   3   3 | Ser TCT   0   0   0   0   0   0 | Tyr TAT   4   4   4   4   4   4 | Cys TGT   1   1   1   1   1   1
    TTC   0   0   0   0   0   0 |     TCC   0   0   0   0   0   0 |     TAC   1   1   1   1   1   1 |     TGC   0   0   0   0   0   0
Leu TTA   0   0   0   0   0   0 |     TCA   0   0   0   0   0   0 | *** TAA   0   0   0   0   0   0 | *** TGA   0   0   0   0   0   0
    TTG   1   1   1   1   1   1 |     TCG   0   0   0   0   0   0 |     TAG   0   0   0   0   0   0 | Trp TGG   2   2   2   2   2   2
--------------------------------------------------------------------------------------------------------------------------------------
Leu CTT   0   0   0   0   0   0 | Pro CCT   0   0   0   0   0   0 | His CAT   2   2   1   2   3   3 | Arg CGT   2   2   2   2   2   2
    CTC   3   3   3   3   3   3 |     CCC   0   0   0   0   0   0 |     CAC   1   1   2   1   0   0 |     CGC   2   2   2   2   2   2
    CTA   2   2   2   2   2   2 |     CCA   3   3   3   3   3   3 | Gln CAA   0   0   0   0   0   0 |     CGA   2   1   1   1   1   1
    CTG   1   1   1   1   1   1 |     CCG   0   0   0   0   0   0 |     CAG   2   2   2   2   2   2 |     CGG   1   2   2   2   2   2
--------------------------------------------------------------------------------------------------------------------------------------
Ile ATT   1   1   1   1   1   1 | Thr ACT   2   2   2   2   3   3 | Asn AAT   3   3   3   3   3   3 | Ser AGT   1   1   1   1   1   1
    ATC   3   3   3   3   3   3 |     ACC   0   0   0   0   0   0 |     AAC   0   0   0   0   0   0 |     AGC   2   2   2   2   2   2
    ATA   1   1   1   1   1   1 |     ACA   2   2   2   2   2   2 | Lys AAA   2   2   2   2   2   2 | Arg AGA   4   4   4   4   4   4
Met ATG   2   2   2   2   2   2 |     ACG   1   1   1   1   0   0 |     AAG   4   4   4   4   4   4 |     AGG   2   2   2   2   2   2
--------------------------------------------------------------------------------------------------------------------------------------
Val GTT   3   3   3   2   3   3 | Ala GCT   2   2   3   2   2   2 | Asp GAT   2   2   2   2   2   2 | Gly GGT   4   4   4   4   4   4
    GTC   2   2   2   2   2   2 |     GCC   2   2   1   2   2   2 |     GAC   4   4   4   4   4   4 |     GGC   2   2   2   2   2   2
    GTA   0   0   0   1   0   0 |     GCA   1   1   1   1   1   1 | Glu GAA   6   6   6   6   7   7 |     GGA   5   5   5   5   5   5
    GTG   1   1   1   1   1   1 |     GCG   0   0   0   0   0   0 |     GAG   5   5   5   5   4   4 |     GGG   1   1   1   1   1   1
--------------------------------------------------------------------------------------------------------------------------------------

Codon position x base (3x4) table for each sequence.

#1: Argali         
position  1:    T:0.11650    C:0.20388    A:0.29126    G:0.38835
position  2:    T:0.22330    C:0.12621    A:0.34951    G:0.30097
position  3:    T:0.29126    C:0.21359    A:0.26214    G:0.23301
Average         T:0.21036    C:0.18123    A:0.30097    G:0.30744

#2: LesserMouseDeer
position  1:    T:0.11650    C:0.20388    A:0.29126    G:0.38835
position  2:    T:0.22330    C:0.12621    A:0.34951    G:0.30097
position  3:    T:0.28155    C:0.20388    A:0.28155    G:0.23301
Average         T:0.20712    C:0.17799    A:0.30744    G:0.30744

#3: LesserKudu     
position  1:    T:0.11650    C:0.20388    A:0.29126    G:0.38835
position  2:    T:0.22330    C:0.12621    A:0.34951    G:0.30097
position  3:    T:0.31068    C:0.20388    A:0.27184    G:0.21359
Average         T:0.21683    C:0.17799    A:0.30421    G:0.30097

#4: ForestMuskDeer2
position  1:    T:0.11650    C:0.20388    A:0.29126    G:0.38835
position  2:    T:0.22330    C:0.12621    A:0.34951    G:0.30097
position  3:    T:0.28155    C:0.21359    A:0.27184    G:0.23301
Average         T:0.20712    C:0.18123    A:0.30421    G:0.30744

#5: Camel          
position  1:    T:0.11650    C:0.20388    A:0.29126    G:0.38835
position  2:    T:0.22330    C:0.12621    A:0.34951    G:0.30097
position  3:    T:0.26214    C:0.23301    A:0.24272    G:0.26214
Average         T:0.20065    C:0.18770    A:0.29450    G:0.31715

#6: KillerWhale    
position  1:    T:0.11650    C:0.20388    A:0.29126    G:0.38835
position  2:    T:0.22330    C:0.12621    A:0.34951    G:0.30097
position  3:    T:0.25243    C:0.26214    A:0.26214    G:0.22330
Average         T:0.19741    C:0.19741    A:0.30097    G:0.30421

#7: DefassaWaterbuck
position  1:    T:0.11650    C:0.20388    A:0.29126    G:0.38835
position  2:    T:0.22330    C:0.12621    A:0.34951    G:0.30097
position  3:    T:0.30097    C:0.20388    A:0.24272    G:0.25243
Average         T:0.21359    C:0.17799    A:0.29450    G:0.31392

#8: Sheep          
position  1:    T:0.11650    C:0.20388    A:0.29126    G:0.38835
position  2:    T:0.22330    C:0.12621    A:0.34951    G:0.30097
position  3:    T:0.29126    C:0.21359    A:0.26214    G:0.23301
Average         T:0.21036    C:0.18123    A:0.30097    G:0.30744

#9: MaxwellsDuiker 
position  1:    T:0.11650    C:0.20388    A:0.29126    G:0.38835
position  2:    T:0.22330    C:0.12621    A:0.34951    G:0.30097
position  3:    T:0.30097    C:0.20388    A:0.26214    G:0.23301
Average         T:0.21359    C:0.17799    A:0.30097    G:0.30744

#10: GazellaPrzewalskyi
position  1:    T:0.12621    C:0.19417    A:0.29126    G:0.38835
position  2:    T:0.22330    C:0.12621    A:0.34951    G:0.30097
position  3:    T:0.29126    C:0.21359    A:0.26214    G:0.23301
Average         T:0.21359    C:0.17799    A:0.30097    G:0.30744

#11: MountainNyala  
position  1:    T:0.11650    C:0.20388    A:0.29126    G:0.38835
position  2:    T:0.22330    C:0.12621    A:0.34951    G:0.30097
position  3:    T:0.31068    C:0.20388    A:0.27184    G:0.21359
Average         T:0.21683    C:0.17799    A:0.30421    G:0.30097

#12: MuntiacusMuntjak
position  1:    T:0.11650    C:0.20388    A:0.29126    G:0.38835
position  2:    T:0.22330    C:0.12621    A:0.34951    G:0.30097
position  3:    T:0.30097    C:0.20388    A:0.25243    G:0.24272
Average         T:0.21359    C:0.17799    A:0.29773    G:0.31068

#13: goat           
position  1:    T:0.11650    C:0.20388    A:0.29126    G:0.38835
position  2:    T:0.22330    C:0.12621    A:0.34951    G:0.30097
position  3:    T:0.30097    C:0.20388    A:0.25243    G:0.24272
Average         T:0.21359    C:0.17799    A:0.29773    G:0.31068

#14: AfricanBuffalo 
position  1:    T:0.11650    C:0.20388    A:0.29126    G:0.38835
position  2:    T:0.22330    C:0.12621    A:0.34951    G:0.30097
position  3:    T:0.30097    C:0.20388    A:0.26214    G:0.23301
Average         T:0.21359    C:0.17799    A:0.30097    G:0.30744

#15: Topi           
position  1:    T:0.11650    C:0.20388    A:0.29126    G:0.38835
position  2:    T:0.22330    C:0.12621    A:0.34951    G:0.30097
position  3:    T:0.30097    C:0.20388    A:0.27184    G:0.22330
Average         T:0.21359    C:0.17799    A:0.30421    G:0.30421

#16: CommonDuiker   
position  1:    T:0.11650    C:0.20388    A:0.29126    G:0.38835
position  2:    T:0.22330    C:0.12621    A:0.34951    G:0.30097
position  3:    T:0.30097    C:0.20388    A:0.26214    G:0.23301
Average         T:0.21359    C:0.17799    A:0.30097    G:0.30744

#17: Suni           
position  1:    T:0.11650    C:0.20388    A:0.29126    G:0.38835
position  2:    T:0.22330    C:0.12621    A:0.34951    G:0.30097
position  3:    T:0.29126    C:0.21359    A:0.26214    G:0.23301
Average         T:0.21036    C:0.18123    A:0.30097    G:0.30744

#18: Springbuck     
position  1:    T:0.11650    C:0.20388    A:0.29126    G:0.38835
position  2:    T:0.22330    C:0.12621    A:0.34951    G:0.30097
position  3:    T:0.30097    C:0.21359    A:0.25243    G:0.23301
Average         T:0.21359    C:0.18123    A:0.29773    G:0.30744

#19: Okapi          
position  1:    T:0.11650    C:0.20388    A:0.29126    G:0.38835
position  2:    T:0.22330    C:0.12621    A:0.34951    G:0.30097
position  3:    T:0.29126    C:0.22330    A:0.26214    G:0.22330
Average         T:0.21036    C:0.18447    A:0.30097    G:0.30421

#20: Giraffe        
position  1:    T:0.11650    C:0.20388    A:0.29126    G:0.38835
position  2:    T:0.22330    C:0.12621    A:0.34951    G:0.30097
position  3:    T:0.28155    C:0.23301    A:0.26214    G:0.22330
Average         T:0.20712    C:0.18770    A:0.30097    G:0.30421

#21: TibetanAntelope
position  1:    T:0.11650    C:0.20388    A:0.29126    G:0.38835
position  2:    T:0.22330    C:0.12621    A:0.34951    G:0.30097
position  3:    T:0.29126    C:0.21359    A:0.26214    G:0.23301
Average         T:0.21036    C:0.18123    A:0.30097    G:0.30744

#22: Sitatunga      
position  1:    T:0.11650    C:0.20388    A:0.29126    G:0.38835
position  2:    T:0.22330    C:0.12621    A:0.34951    G:0.30097
position  3:    T:0.31068    C:0.20388    A:0.27184    G:0.21359
Average         T:0.21683    C:0.17799    A:0.30421    G:0.30097

#23: Oribi          
position  1:    T:0.11650    C:0.20388    A:0.29126    G:0.38835
position  2:    T:0.22330    C:0.12621    A:0.34951    G:0.30097
position  3:    T:0.29126    C:0.22330    A:0.26214    G:0.22330
Average         T:0.21036    C:0.18447    A:0.30097    G:0.30421

#24: BarbarySheep   
position  1:    T:0.11650    C:0.20388    A:0.29126    G:0.38835
position  2:    T:0.22330    C:0.12621    A:0.34951    G:0.30097
position  3:    T:0.30097    C:0.20388    A:0.25243    G:0.24272
Average         T:0.21359    C:0.17799    A:0.29773    G:0.31068

#25: Daviddeer      
position  1:    T:0.11650    C:0.20388    A:0.29126    G:0.38835
position  2:    T:0.22330    C:0.12621    A:0.34951    G:0.30097
position  3:    T:0.30097    C:0.20388    A:0.26214    G:0.23301
Average         T:0.21359    C:0.17799    A:0.30097    G:0.30744

#26: Reindeer       
position  1:    T:0.11650    C:0.20388    A:0.29126    G:0.38835
position  2:    T:0.22330    C:0.12621    A:0.34951    G:0.30097
position  3:    T:0.30097    C:0.20388    A:0.26214    G:0.23301
Average         T:0.21359    C:0.17799    A:0.30097    G:0.30744

#27: Ibex           
position  1:    T:0.11650    C:0.20388    A:0.29126    G:0.38835
position  2:    T:0.22330    C:0.12621    A:0.34951    G:0.30097
position  3:    T:0.30097    C:0.20388    A:0.26214    G:0.23301
Average         T:0.21359    C:0.17799    A:0.30097    G:0.30744

#28: GyrantGazelle  
position  1:    T:0.11650    C:0.20388    A:0.29126    G:0.38835
position  2:    T:0.22330    C:0.12621    A:0.34951    G:0.30097
position  3:    T:0.29126    C:0.21359    A:0.27184    G:0.22330
Average         T:0.21036    C:0.18123    A:0.30421    G:0.30421

#29: Hartebeest     
position  1:    T:0.11650    C:0.20388    A:0.29126    G:0.38835
position  2:    T:0.22330    C:0.12621    A:0.34951    G:0.30097
position  3:    T:0.29126    C:0.21359    A:0.27184    G:0.22330
Average         T:0.21036    C:0.18123    A:0.30421    G:0.30421

#30: Bongo          
position  1:    T:0.11650    C:0.20388    A:0.29126    G:0.38835
position  2:    T:0.22330    C:0.12621    A:0.34951    G:0.30097
position  3:    T:0.31068    C:0.20388    A:0.27184    G:0.21359
Average         T:0.21683    C:0.17799    A:0.30421    G:0.30097

#31: Gerenuk        
position  1:    T:0.11650    C:0.20388    A:0.29126    G:0.38835
position  2:    T:0.22330    C:0.12621    A:0.34951    G:0.30097
position  3:    T:0.29126    C:0.21359    A:0.27184    G:0.22330
Average         T:0.21036    C:0.18123    A:0.30421    G:0.30421

#32: CommonEland    
position  1:    T:0.11650    C:0.20388    A:0.29126    G:0.38835
position  2:    T:0.22330    C:0.12621    A:0.34951    G:0.30097
position  3:    T:0.31068    C:0.20388    A:0.27184    G:0.21359
Average         T:0.21683    C:0.17799    A:0.30421    G:0.30097

#33: MuntiacusReevesi
position  1:    T:0.11650    C:0.20388    A:0.29126    G:0.38835
position  2:    T:0.22330    C:0.12621    A:0.34951    G:0.30097
position  3:    T:0.30097    C:0.20388    A:0.25243    G:0.24272
Average         T:0.21359    C:0.17799    A:0.29773    G:0.31068

#34: HarveysDuiker  
position  1:    T:0.11650    C:0.20388    A:0.29126    G:0.38835
position  2:    T:0.22330    C:0.12621    A:0.34951    G:0.30097
position  3:    T:0.29126    C:0.21359    A:0.27184    G:0.22330
Average         T:0.21036    C:0.18123    A:0.30421    G:0.30421

#35: Pronghorn      
position  1:    T:0.11650    C:0.20388    A:0.29126    G:0.38835
position  2:    T:0.22330    C:0.12621    A:0.34951    G:0.30097
position  3:    T:0.28155    C:0.21359    A:0.28155    G:0.22330
Average         T:0.20712    C:0.18123    A:0.30744    G:0.30421

#36: BlueWildebeest 
position  1:    T:0.11650    C:0.20388    A:0.29126    G:0.38835
position  2:    T:0.22330    C:0.12621    A:0.34951    G:0.30097
position  3:    T:0.29126    C:0.21359    A:0.24272    G:0.25243
Average         T:0.21036    C:0.18123    A:0.29450    G:0.31392

#37: Gemsbok        
position  1:    T:0.11650    C:0.20388    A:0.29126    G:0.38835
position  2:    T:0.22330    C:0.12621    A:0.34951    G:0.30097
position  3:    T:0.30097    C:0.20388    A:0.24272    G:0.25243
Average         T:0.21359    C:0.17799    A:0.29450    G:0.31392

#38: Yak            
position  1:    T:0.11650    C:0.20388    A:0.29126    G:0.38835
position  2:    T:0.22330    C:0.12621    A:0.34951    G:0.30097
position  3:    T:0.30097    C:0.20388    A:0.26214    G:0.23301
Average         T:0.21359    C:0.17799    A:0.30097    G:0.30744

#39: BlueSheep      
position  1:    T:0.11650    C:0.20388    A:0.29126    G:0.38835
position  2:    T:0.22330    C:0.12621    A:0.34951    G:0.30097
position  3:    T:0.29126    C:0.21359    A:0.25243    G:0.24272
Average         T:0.21036    C:0.18123    A:0.29773    G:0.31068

#40: BohorReedbuck  
position  1:    T:0.11650    C:0.20388    A:0.29126    G:0.38835
position  2:    T:0.22330    C:0.12621    A:0.34951    G:0.30097
position  3:    T:0.29126    C:0.21359    A:0.24272    G:0.25243
Average         T:0.21036    C:0.18123    A:0.29450    G:0.31392

#41: KirksDik       
position  1:    T:0.11650    C:0.19417    A:0.30097    G:0.38835
position  2:    T:0.22330    C:0.12621    A:0.34951    G:0.30097
position  3:    T:0.29126    C:0.22330    A:0.28155    G:0.20388
Average         T:0.21036    C:0.18123    A:0.31068    G:0.29773

#42: RoeDeer        
position  1:    T:0.11650    C:0.20388    A:0.29126    G:0.38835
position  2:    T:0.22330    C:0.12621    A:0.34951    G:0.30097
position  3:    T:0.30097    C:0.20388    A:0.26214    G:0.23301
Average         T:0.21359    C:0.17799    A:0.30097    G:0.30744

#43: WhiteLippedDeer
position  1:    T:0.11650    C:0.20388    A:0.29126    G:0.38835
position  2:    T:0.22330    C:0.12621    A:0.34951    G:0.30097
position  3:    T:0.30097    C:0.20388    A:0.26214    G:0.23301
Average         T:0.21359    C:0.17799    A:0.30097    G:0.30744

#44: ThomsonGazelle 
position  1:    T:0.11650    C:0.20388    A:0.29126    G:0.38835
position  2:    T:0.22330    C:0.12621    A:0.34951    G:0.30097
position  3:    T:0.28155    C:0.22330    A:0.28155    G:0.21359
Average         T:0.20712    C:0.18447    A:0.30744    G:0.30097

#45: MuntiacusCrinifrons
position  1:    T:0.11650    C:0.20388    A:0.29126    G:0.38835
position  2:    T:0.22330    C:0.12621    A:0.34951    G:0.30097
position  3:    T:0.30097    C:0.20388    A:0.25243    G:0.24272
Average         T:0.21359    C:0.17799    A:0.29773    G:0.31068

#46: WhiteTailedDeer
position  1:    T:0.11650    C:0.20388    A:0.29126    G:0.38835
position  2:    T:0.22330    C:0.12621    A:0.34951    G:0.30097
position  3:    T:0.30097    C:0.20388    A:0.25243    G:0.24272
Average         T:0.21359    C:0.17799    A:0.29773    G:0.31068

#47: Cattle         
position  1:    T:0.11650    C:0.20388    A:0.29126    G:0.38835
position  2:    T:0.22330    C:0.12621    A:0.34951    G:0.30097
position  3:    T:0.30097    C:0.20388    A:0.26214    G:0.23301
Average         T:0.21359    C:0.17799    A:0.30097    G:0.30744

#48: RoyalAntelope  
position  1:    T:0.12621    C:0.19417    A:0.29126    G:0.38835
position  2:    T:0.22330    C:0.12621    A:0.34951    G:0.30097
position  3:    T:0.30097    C:0.20388    A:0.26214    G:0.23301
Average         T:0.21683    C:0.17476    A:0.30097    G:0.30744

#49: Steenbok       
position  1:    T:0.11650    C:0.20388    A:0.29126    G:0.38835
position  2:    T:0.22330    C:0.12621    A:0.34951    G:0.30097
position  3:    T:0.29126    C:0.21359    A:0.27184    G:0.22330
Average         T:0.21036    C:0.18123    A:0.30421    G:0.30421

#50: Impala         
position  1:    T:0.11650    C:0.20388    A:0.29126    G:0.38835
position  2:    T:0.22330    C:0.12621    A:0.34951    G:0.30097
position  3:    T:0.29126    C:0.21359    A:0.26214    G:0.23301
Average         T:0.21036    C:0.18123    A:0.30097    G:0.30744

#51: Klipspringer   
position  1:    T:0.11650    C:0.20388    A:0.29126    G:0.38835
position  2:    T:0.22330    C:0.12621    A:0.34951    G:0.30097
