1
52 1
Argali 0.000000 0.525300 0.116600 0.372100 0.068700 0.000000 0.079500 0.093700 0.166100 0.163900 0.056400 0.121000 0.113300 0.090600 0.090200 0.092500 0.117200 0.094000 0.044300 0.116800 0.093100 0.045100 0.128400 0.164800 0.056200 0.081300 0.091300 0.167200 0.067800 0.154600 0.142100 0.091000 0.190000 0.102600 0.079900 0.119100 0.033800 0.081200 0.103500 0.141700 0.140300 0.055500 0.139700 0.165300 0.131300 0.106200 0.105800 0.170100 0.071100 0.214300 0.154000 0.140400
LesserMous 0.525300 0.000000 0.551800 0.558000 0.502400 0.525300 0.544200 0.529800 0.538400 0.539200 0.454100 0.484400 0.538700 0.562800 0.532700 0.542200 0.538800 0.504500 0.514200 0.485200 0.603200 0.460100 0.503900 0.534100 0.450700 0.583000 0.509600 0.540600 0.515400 0.500800 0.484100 0.541200 0.565000 0.528600 0.516100 0.472800 0.460400 0.532500 0.556100 0.528600 0.523800 0.531200 0.521300 0.514200 0.470300 0.558300 0.637700 0.654100 0.503300 0.575700 0.517600 0.568600
LesserKudu 0.116600 0.551800 0.000000 0.363800 0.092400 0.116600 0.103100 0.104800 0.088900 0.135600 0.129900 0.069300 0.125000 0.114300 0.126700 0.115400 0.090700 0.068500 0.115400 0.066900 0.142100 0.118000 0.101600 0.136400 0.129500 0.104700 0.103000 0.089200 0.114700 0.077700 0.115000 0.114600 0.106200 0.114400 0.091600 0.068000 0.105800 0.105400 0.126700 0.114100 0.113000 0.101300 0.112600 0.136800 0.068900 0.130400 0.129600 0.181400 0.121600 0.211200 0.077700 0.089500
KillerWhal 0.372100 0.558000 0.363800 0.000000 0.336800 0.372100 0.348300 0.357600 0.341600 0.336900 0.282800 0.343500 0.393600 0.362500 0.344100 0.330900 0.279700 0.267300 0.366700 0.329800 0.371800 0.338600 0.292800 0.284100 0.316100 0.318800 0.367200 0.343800 0.294800 0.343400 0.312600 0.346700 0.373700 0.382600 0.411200 0.319700 0.321600 0.321000 0.345500 0.311100 0.274200 0.378900 0.306400 0.269700 0.335400 0.319200 0.355000 0.431400 0.277600 0.337000 0.325700 0.396500
DefassaWat 0.068700 0.502400 0.092400 0.336800 0.000000 0.068700 0.033300 0.045800 0.115400 0.113900 0.081000 0.070800 0.101600 0.044300 0.067200 0.045200 0.068600 0.045900 0.044700 0.092700 0.069100 0.069400 0.079600 0.114500 0.080800 0.034000 0.079700 0.116200 0.044900 0.104200 0.092300 0.044400 0.135400 0.090900 0.056700 0.069700 0.057900 0.011200 0.079800 0.092000 0.091100 0.055900 0.090800 0.114900 0.081400 0.057500 0.081600 0.118200 0.071900 0.187600 0.103800 0.116100
Sheep 0.000000 0.525300 0.116600 0.372100 0.068700 0.000000 0.079500 0.093700 0.166100 0.163900 0.056400 0.121000 0.113300 0.090600 0.090200 0.092500 0.117200 0.094000 0.044300 0.116800 0.093100 0.045100 0.128400 0.164800 0.056200 0.081300 0.091300 0.167200 0.067800 0.154600 0.142100 0.091000 0.190000 0.102600 0.079900 0.119100 0.033800 0.081200 0.103500 0.141700 0.140300 0.055500 0.139700 0.165300 0.131300 0.106200 0.105800 0.170100 0.071100 0.214300 0.154000 0.140400
MaxwellsDu 0.079500 0.544200 0.103100 0.348300 0.033300 0.079500 0.000000 0.056700 0.126100 0.124500 0.091800 0.081800 0.112100 0.010700 0.077700 0.056000 0.079400 0.056800 0.055400 0.103400 0.080100 0.080300 0.090300 0.125200 0.091600 0.045000 0.090300 0.127000 0.055600 0.114900 0.103000 0.010700 0.146400 0.101500 0.091200 0.080600 0.068800 0.044900 0.090500 0.102700 0.101800 0.066600 0.101400 0.125600 0.092300 0.068500 0.092500 0.128900 0.083000 0.227300 0.114500 0.126500
GazellaPrz 0.093700 0.529800 0.104800 0.357600 0.045800 0.093700 0.056700 0.000000 0.128500 0.101700 0.106600 0.083600 0.102300 0.067900 0.067600 0.068600 0.080600 0.058000 0.068500 0.105500 0.093700 0.069900 0.091700 0.127000 0.106300 0.057600 0.080200 0.128900 0.068100 0.091900 0.105100 0.068100 0.149600 0.091600 0.081000 0.081900 0.082500 0.057900 0.104300 0.104300 0.103300 0.079200 0.102900 0.127400 0.069200 0.057700 0.106700 0.116600 0.097700 0.216200 0.116700 0.129100
MountainNy 0.166100 0.538400 0.088900 0.341600 0.115400 0.166100 0.126100 0.128500 0.000000 0.110600 0.128000 0.068300 0.111300 0.137200 0.124900 0.139200 0.089800 0.091200 0.138400 0.043400 0.166000 0.141500 0.077200 0.111200 0.103000 0.128100 0.113500 0.021300 0.113600 0.032200 0.089500 0.137700 0.117000 0.100500 0.139500 0.090900 0.129200 0.128600 0.125100 0.089300 0.088400 0.124800 0.088100 0.111600 0.102400 0.154200 0.153200 0.152100 0.145800 0.208800 0.010600 0.088100
MuntiacusM 0.163900 0.539200 0.135600 0.336900 0.113900 0.163900 0.124500 0.101700 0.110600 0.000000 0.126300 0.115600 0.158700 0.111300 0.123300 0.136900 0.088300 0.089900 0.136600 0.112200 0.164000 0.114400 0.031700 0.063800 0.125900 0.126400 0.136800 0.110900 0.111700 0.099100 0.042900 0.136000 0.168600 0.148200 0.163500 0.113500 0.127400 0.126900 0.148500 0.042700 0.042300 0.147000 0.020800 0.064000 0.100800 0.126600 0.177900 0.176800 0.143700 0.233800 0.099400 0.134900
goat 0.056400 0.454100 0.129900 0.282800 0.081000 0.056400 0.091800 0.106600 0.128000 0.126300 0.000000 0.108500 0.113500 0.103000 0.078700 0.080600 0.105100 0.081900 0.056000 0.080300 0.105900 0.033700 0.091600 0.127000 0.022100 0.069400 0.091500 0.128900 0.033300 0.116700 0.104600 0.103400 0.176500 0.102900 0.117000 0.106800 0.022500 0.093800 0.067800 0.104300 0.079200 0.091100 0.102900 0.127400 0.118800 0.119300 0.118900 0.157200 0.059100 0.173000 0.116200 0.128200
AfricanBuf 0.121000 0.484400 0.069300 0.343500 0.070800 0.121000 0.081800 0.083600 0.068300 0.115600 0.108500 0.000000 0.092000 0.093300 0.105600 0.094600 0.069700 0.046600 0.094200 0.069500 0.120900 0.096400 0.080900 0.116300 0.083000 0.083200 0.094000 0.068800 0.094000 0.057100 0.093800 0.093600 0.084500 0.105600 0.095000 0.046500 0.084000 0.083700 0.105700 0.093500 0.092500 0.080900 0.092200 0.116600 0.058200 0.108900 0.108200 0.160500 0.099500 0.191000 0.056900 0.092700
Topi 0.113300 0.538700 0.125000 0.393600 0.101600 0.113300 0.112100 0.102300 0.111300 0.158700 0.113500 0.092000 0.000000 0.123000 0.098900 0.125500 0.138000 0.115200 0.100000 0.113000 0.151600 0.126600 0.124200 0.159500 0.089400 0.114500 0.020900 0.112100 0.100600 0.100400 0.137500 0.123400 0.182600 0.031200 0.054100 0.114700 0.115100 0.114300 0.111800 0.137100 0.135800 0.099800 0.135300 0.160000 0.126500 0.139700 0.139100 0.177300 0.130900 0.222700 0.100100 0.160800
CommonDuik 0.090600 0.562800 0.114300 0.362500 0.044300 0.090600 0.010700 0.067900 0.137200 0.111300 0.103000 0.093300 0.123000 0.000000 0.088600 0.067000 0.090500 0.068000 0.066300 0.114600 0.091200 0.091500 0.101400 0.136300 0.102700 0.056100 0.101300 0.138200 0.066600 0.126100 0.114200 0.021400 0.158300 0.112500 0.102300 0.091900 0.080000 0.056000 0.101600 0.113900 0.112800 0.077500 0.088700 0.136700 0.103600 0.079700 0.103800 0.140400 0.094600 0.239500 0.125700 0.113200
Suni 0.090200 0.532700 0.126700 0.344100 0.067200 0.090200 0.077700 0.067600 0.124900 0.123300 0.078700 0.105600 0.098900 0.088600 0.000000 0.090400 0.102500 0.079900 0.066000 0.078400 0.115400 0.091100 0.089500 0.124100 0.078500 0.079400 0.077500 0.125800 0.043600 0.113900 0.102100 0.088900 0.171700 0.075700 0.101900 0.104100 0.079800 0.079300 0.077600 0.101800 0.100800 0.077200 0.100500 0.124400 0.115900 0.103700 0.091600 0.140300 0.119700 0.224100 0.113400 0.125300
Springbuck 0.092500 0.542200 0.115400 0.330900 0.045200 0.092500 0.056000 0.068600 0.139200 0.136900 0.080600 0.094600 0.125500 0.067000 0.090400 0.000000 0.091400 0.069000 0.067600 0.116200 0.068500 0.093400 0.102400 0.137600 0.104900 0.033700 0.103400 0.139600 0.044300 0.127400 0.115800 0.067300 0.133900 0.114800 0.104400 0.068700 0.081300 0.057100 0.079100 0.115000 0.089900 0.055300 0.113500 0.138100 0.080300 0.081000 0.105300 0.129700 0.096200 0.213600 0.127500 0.139600
Okapi 0.117200 0.538800 0.090700 0.279700 0.068600 0.117200 0.079400 0.080600 0.089800 0.088300 0.105100 0.069700 0.138000 0.090500 0.102500 0.091400 0.000000 0.022300 0.091300 0.091300 0.117200 0.093300 0.055100 0.088800 0.104800 0.080600 0.115800 0.090100 0.090800 0.102300 0.067400 0.090800 0.095100 0.127300 0.117000 0.068400 0.081300 0.081000 0.127600 0.066900 0.066200 0.101900 0.066000 0.089100 0.079900 0.080900 0.130500 0.155600 0.096200 0.212600 0.078500 0.114300
Giraffe 0.094000 0.504500 0.068500 0.267300 0.045900 0.094000 0.056800 0.058000 0.091200 0.089900 0.081900 0.046600 0.115200 0.068000 0.079900 0.069000 0.022300 0.000000 0.068700 0.068700 0.093900 0.070200 0.056200 0.090500 0.081700 0.057700 0.092900 0.091800 0.068500 0.080000 0.068400 0.068200 0.083700 0.104400 0.093900 0.045900 0.058300 0.058100 0.104500 0.068200 0.067500 0.079700 0.067300 0.090700 0.057500 0.057900 0.107000 0.132000 0.072400 0.187900 0.079700 0.091800
TibetanAnt 0.044300 0.514200 0.115400 0.366700 0.044700 0.044300 0.055400 0.068500 0.138400 0.136600 0.056000 0.094200 0.100000 0.066300 0.066000 0.067600 0.091300 0.068700 0.000000 0.091000 0.092000 0.044800 0.102200 0.137400 0.055800 0.056600 0.078300 0.139300 0.044100 0.127200 0.115200 0.066500 0.159700 0.089400 0.079100 0.092700 0.033600 0.056500 0.078400 0.114900 0.113800 0.055000 0.113300 0.137800 0.104500 0.080400 0.080100 0.141600 0.070500 0.241700 0.126700 0.114000
Sitatunga 0.116800 0.485200 0.066900 0.329800 0.092700 0.116800 0.103400 0.105500 0.043400 0.112200 0.080300 0.069500 0.113000 0.114600 0.078400 0.116200 0.091300 0.068700 0.091000 0.000000 0.142500 0.093000 0.078400 0.112900 0.080100 0.105000 0.091000 0.043700 0.067200 0.032700 0.090900 0.114900 0.106500 0.102400 0.116600 0.068400 0.081100 0.105600 0.078400 0.090700 0.089700 0.101900 0.089400 0.113100 0.079900 0.130800 0.104500 0.155200 0.122000 0.212400 0.032500 0.043500
Oribi 0.093100 0.603200 0.142100 0.371800 0.069100 0.093100 0.080100 0.093700 0.166000 0.164000 0.105900 0.120900 0.151600 0.091200 0.115400 0.068500 0.117200 0.093900 0.092000 0.142500 0.000000 0.119300 0.128400 0.164800 0.131000 0.057300 0.129200 0.167200 0.068000 0.154600 0.142100 0.091600 0.161200 0.140800 0.130400 0.119000 0.106900 0.081600 0.103800 0.141600 0.115300 0.103200 0.139700 0.165400 0.131300 0.106400 0.131700 0.156800 0.123000 0.245000 0.154000 0.166400
BarbaryShe 0.045100 0.460100 0.118000 0.338600 0.069400 0.045100 0.080300 0.069900 0.141500 0.114400 0.033700 0.096400 0.126600 0.091500 0.091100 0.093400 0.093300 0.070200 0.044800 0.093000 0.119300 0.000000 0.104500 0.140400 0.033600 0.082100 0.104300 0.142500 0.068400 0.104700 0.117800 0.091800 0.163700 0.115900 0.105400 0.094800 0.011200 0.082000 0.104400 0.117500 0.116300 0.079600 0.115800 0.140800 0.081800 0.082000 0.106800 0.171800 0.047300 0.216900 0.129500 0.116500
Daviddeer 0.128400 0.503900 0.101600 0.292800 0.079600 0.128400 0.090300 0.091700 0.077200 0.031700 0.091600 0.080900 0.124200 0.101400 0.089500 0.102400 0.055100 0.056200 0.102200 0.078400 0.128400 0.104500 0.000000 0.031800 0.091400 0.091700 0.102300 0.077500 0.078000 0.089300 0.010700 0.101700 0.132200 0.113600 0.128100 0.079400 0.092500 0.092100 0.113900 0.010700 0.010600 0.112700 0.010500 0.032000 0.090800 0.116700 0.141700 0.140900 0.107600 0.196000 0.066200 0.125200
Reindeer 0.164800 0.534100 0.136400 0.284100 0.114500 0.164800 0.125200 0.127000 0.111200 0.063800 0.127000 0.116300 0.159500 0.136300 0.124100 0.137600 0.088800 0.090500 0.137400 0.112900 0.164800 0.140400 0.031800 0.000000 0.126600 0.127100 0.137600 0.111600 0.112300 0.123700 0.043200 0.136700 0.169600 0.149000 0.164400 0.114100 0.128200 0.127600 0.149300 0.042900 0.042500 0.147800 0.042400 0.020600 0.125800 0.153000 0.152300 0.177900 0.144500 0.206500 0.100000 0.160700
Ibex 0.056200 0.450700 0.129500 0.316100 0.080800 0.056200 0.091600 0.106300 0.103000 0.125900 0.022100 0.083000 0.089400 0.102700 0.078500 0.104900 0.104800 0.081700 0.055800 0.080100 0.131000 0.033600 0.091400 0.126600 0.000000 0.093600 0.091300 0.103800 0.056200 0.091800 0.104300 0.103100 0.175900 0.102600 0.116900 0.106400 0.022400 0.093500 0.091400 0.104000 0.103000 0.067300 0.102600 0.127000 0.118500 0.118900 0.118500 0.156700 0.058900 0.172700 0.091500 0.127800
GyrantGaze 0.081300 0.583000 0.104700 0.318800 0.034000 0.081300 0.045000 0.057600 0.128100 0.126400 0.069400 0.083200 0.114500 0.056100 0.079400 0.033700 0.080600 0.057700 0.056600 0.105000 0.057300 0.082100 0.091700 0.127100 0.093600 0.000000 0.092300 0.129000 0.033400 0.116700 0.104700 0.056300 0.148900 0.103700 0.093200 0.081900 0.070000 0.045900 0.068000 0.104400 0.079300 0.067600 0.102900 0.127500 0.093800 0.069700 0.094000 0.118400 0.084600 0.202000 0.116300 0.128500
Hartebeest 0.091300 0.509600 0.103000 0.367200 0.079700 0.091300 0.090300 0.080200 0.113500 0.136800 0.091500 0.094000 0.020900 0.101300 0.077500 0.103400 0.115800 0.092900 0.078300 0.091000 0.129200 0.104300 0.102300 0.137600 0.091300 0.092300 0.000000 0.114300 0.078800 0.102400 0.115400 0.101700 0.159500 0.010500 0.032700 0.092500 0.092800 0.092200 0.090100 0.115000 0.113900 0.101800 0.113500 0.138000 0.104300 0.117200 0.116800 0.154600 0.108000 0.227700 0.102000 0.138800
Bongo 0.167200 0.540600 0.089200 0.343800 0.116200 0.167200 0.127000 0.128900 0.021300 0.110900 0.128900 0.068800 0.112100 0.138200 0.125800 0.139600 0.090100 0.091800 0.139300 0.043700 0.167200 0.142500 0.077500 0.111600 0.103800 0.129000 0.114300 0.000000 0.114000 0.032300 0.090100 0.138700 0.118400 0.125600 0.140400 0.091200 0.130100 0.129500 0.125900 0.089500 0.088700 0.125200 0.088400 0.111900 0.102700 0.155200 0.154300 0.179900 0.146800 0.210300 0.010700 0.088700
Gerenuk 0.067800 0.515400 0.114700 0.294800 0.044900 0.067800 0.055600 0.068100 0.113600 0.111700 0.033300 0.094000 0.100600 0.066600 0.043600 0.044300 0.090800 0.068500 0.044100 0.067200 0.068000 0.068400 0.078000 0.112300 0.056200 0.033400 0.078800 0.114000 0.000000 0.102100 0.090800 0.066900 0.159500 0.090000 0.103700 0.092200 0.056800 0.056700 0.032700 0.090200 0.066100 0.054700 0.089000 0.112700 0.103900 0.080500 0.080000 0.104000 0.095600 0.184300 0.102200 0.113800
CommonElan 0.154600 0.500800 0.077700 0.343400 0.104200 0.154600 0.114900 0.091900 0.032200 0.099100 0.116700 0.057100 0.100400 0.126100 0.113900 0.127400 0.102300 0.080000 0.127200 0.032700 0.154600 0.104700 0.089300 0.123700 0.091800 0.116700 0.102400 0.032300 0.102100 0.000000 0.102300 0.126600 0.118300 0.113700 0.128200 0.079500 0.117700 0.117200 0.114000 0.101600 0.100600 0.113300 0.100200 0.124100 0.067200 0.116900 0.141900 0.167100 0.134000 0.197000 0.021500 0.077300
MuntiacusR 0.142100 0.484100 0.115000 0.312600 0.092300 0.142100 0.103000 0.105100 0.089500 0.042900 0.104600 0.093800 0.137500 0.114200 0.102100 0.115800 0.067400 0.068400 0.115200 0.090900 0.142100 0.117800 0.010700 0.043200 0.104300 0.104700 0.115400 0.090100 0.090800 0.102300 0.000000 0.114600 0.146400 0.126800 0.141900 0.092400 0.105600 0.105200 0.127000 0.021700 0.021500 0.126200 0.021400 0.043300 0.104100 0.130300 0.155800 0.155000 0.121400 0.211400 0.078200 0.138600
HarveysDui 0.091000 0.541200 0.114600 0.346700 0.044400 0.091000 0.010700 0.068100 0.137700 0.136000 0.103400 0.093600 0.123400 0.021400 0.088900 0.067300 0.090800 0.068200 0.066500 0.114900 0.091600 0.091800 0.101700 0.136700 0.103100 0.056300 0.101700 0.138700 0.066900 0.126600 0.114600 0.000000 0.158800 0.112900 0.102600 0.092200 0.080300 0.056200 0.102000 0.114300 0.113200 0.077800 0.112700 0.112400 0.103900 0.079900 0.104200 0.140800 0.094900 0.240200 0.126200 0.138100
Pronghorn 0.190000 0.565000 0.106200 0.373700 0.135400 0.190000 0.146400 0.149600 0.117000 0.168600 0.176500 0.084500 0.182600 0.158300 0.171700 0.133900 0.095100 0.083700 0.159700 0.106500 0.161200 0.163700 0.132200 0.169600 0.175900 0.148900 0.159500 0.118400 0.159500 0.118300 0.146400 0.158800 0.000000 0.171700 0.161100 0.083500 0.150400 0.149700 0.171800 0.145900 0.144400 0.144700 0.143800 0.170000 0.095600 0.149300 0.176100 0.232900 0.169100 0.299500 0.105700 0.130400
BlueWildeb 0.102600 0.528600 0.114400 0.382600 0.090900 0.102600 0.101500 0.091600 0.100500 0.148200 0.102900 0.105600 0.031200 0.112500 0.075700 0.114800 0.127300 0.104400 0.089400 0.102400 0.140800 0.115900 0.113600 0.149000 0.102600 0.103700 0.010500 0.125600 0.090000 0.113700 0.126800 0.112900 0.171700 0.000000 0.043600 0.104000 0.104300 0.103600 0.101300 0.126500 0.125200 0.113000 0.124800 0.149400 0.115700 0.128900 0.128300 0.140200 0.119900 0.240500 0.113300 0.150400
Gemsbok 0.079900 0.516100 0.091600 0.411200 0.056700 0.079900 0.091200 0.081000 0.139500 0.163500 0.117000 0.095000 0.054100 0.102300 0.101900 0.104400 0.117000 0.093900 0.079100 0.116600 0.130400 0.105400 0.128100 0.164400 0.116900 0.093200 0.032700 0.140400 0.103700 0.128200 0.141900 0.102600 0.161100 0.043600 0.000000 0.093500 0.093800 0.068900 0.115300 0.141400 0.140000 0.090500 0.139500 0.164800 0.105300 0.118400 0.117900 0.183200 0.109200 0.214600 0.127600 0.140300
Yak 0.119100 0.472800 0.068000 0.319700 0.069700 0.119100 0.080600 0.081900 0.090900 0.113500 0.106800 0.046500 0.114700 0.091900 0.104100 0.068700 0.068400 0.045900 0.092700 0.068400 0.119000 0.094800 0.079400 0.114100 0.106400 0.081900 0.092500 0.091200 0.092200 0.079500 0.092400 0.092200 0.083500 0.104000 0.093500 0.000000 0.082600 0.082300 0.104200 0.091700 0.090800 0.079400 0.090500 0.114500 0.011100 0.107200 0.106600 0.158100 0.097800 0.186600 0.079500 0.091400
BlueSheep 0.033800 0.460400 0.105800 0.321600 0.057900 0.033800 0.068800 0.082500 0.129200 0.127400 0.022500 0.084000 0.115100 0.080000 0.079800 0.081300 0.081300 0.058300 0.033600 0.081100 0.106900 0.011200 0.092500 0.128200 0.022400 0.070000 0.092800 0.130100 0.056800 0.117700 0.105600 0.080300 0.150400 0.104300 0.093800 0.082600 0.000000 0.070300 0.092400 0.105300 0.104200 0.068000 0.103800 0.128500 0.094600 0.094900 0.094500 0.158900 0.035300 0.203100 0.117200 0.104600
BohorReedb 0.081200 0.532500 0.105400 0.321000 0.011200 0.081200 0.044900 0.057900 0.128600 0.126900 0.093800 0.083700 0.114300 0.056000 0.079300 0.057100 0.081000 0.058100 0.056500 0.105600 0.081600 0.082000 0.092100 0.127600 0.093500 0.045900 0.092200 0.129500 0.056700 0.117200 0.105200 0.056200 0.149700 0.103600 0.068900 0.082300 0.070300 0.000000 0.092300 0.104900 0.103800 0.067900 0.103400 0.127900 0.094200 0.069900 0.094400 0.131800 0.085000 0.203000 0.116700 0.129400
KirksDik 0.103500 0.556100 0.126700 0.345500 0.079800 0.103500 0.090500 0.104300 0.125100 0.148500 0.067800 0.105700 0.111800 0.101600 0.077600 0.079100 0.127600 0.104500 0.078400 0.078400 0.103800 0.104400 0.113900 0.149300 0.091400 0.068000 0.090100 0.125900 0.032700 0.114000 0.127000 0.102000 0.171800 0.101300 0.115300 0.104200 0.092400 0.092300 0.000000 0.126700 0.101200 0.089300 0.125000 0.149900 0.116000 0.117000 0.091500 0.115600 0.133800 0.225800 0.113600 0.125100
RoeDeer 0.141700 0.528600 0.114100 0.311100 0.092000 0.141700 0.102700 0.104300 0.089300 0.042700 0.104300 0.093500 0.137100 0.113900 0.101800 0.115000 0.066900 0.068200 0.114900 0.090700 0.141600 0.117500 0.010700 0.042900 0.104000 0.104400 0.115000 0.089500 0.090200 0.101600 0.021700 0.114300 0.145900 0.126500 0.141400 0.091700 0.105300 0.104900 0.126700 0.000000 0.021300 0.125400 0.021400 0.043100 0.103300 0.129900 0.155300 0.154600 0.121000 0.210800 0.078000 0.126200
WhiteLippe 0.140300 0.523800 0.113000 0.274200 0.091100 0.140300 0.101800 0.103300 0.088400 0.042300 0.079200 0.092500 0.135800 0.112800 0.100800 0.089900 0.066200 0.067500 0.113800 0.089700 0.115300 0.116300 0.010600 0.042500 0.103000 0.079300 0.113900 0.088700 0.066100 0.100600 0.021500 0.113200 0.144400 0.125200 0.140000 0.090800 0.104200 0.103800 0.101200 0.021300 0.000000 0.124300 0.021100 0.042700 0.102300 0.128600 0.153900 0.153000 0.119700 0.181200 0.077300 0.136700
ThomsonGaz 0.055500 0.531200 0.101300 0.378900 0.055900 0.055500 0.066600 0.079200 0.124800 0.147000 0.091100 0.080900 0.099800 0.077500 0.077200 0.055300 0.101900 0.079700 0.055000 0.101900 0.103200 0.079600 0.112700 0.147800 0.067300 0.067600 0.101800 0.125200 0.054700 0.113300 0.126200 0.077800 0.144700 0.113000 0.090500 0.079400 0.068000 0.067900 0.089300 0.125400 0.124300 0.000000 0.123700 0.148300 0.091000 0.091700 0.091300 0.140200 0.107100 0.195900 0.113400 0.124600
MuntiacusC 0.139700 0.521300 0.112600 0.306400 0.090800 0.139700 0.101400 0.102900 0.088100 0.020800 0.102900 0.092200 0.135300 0.088700 0.100500 0.113500 0.066000 0.067300 0.113300 0.089400 0.139700 0.115800 0.010500 0.042400 0.102600 0.102900 0.113500 0.088400 0.089000 0.100200 0.021400 0.112700 0.143800 0.124800 0.139500 0.090500 0.103800 0.103400 0.125000 0.021400 0.021100 0.123700 0.000000 0.042500 0.101900 0.128100 0.153200 0.152400 0.119300 0.207900 0.077000 0.112000
WhiteTaile 0.165300 0.514200 0.136800 0.269700 0.114900 0.165300 0.125600 0.127400 0.111600 0.064000 0.127400 0.116600 0.160000 0.136700 0.124400 0.138100 0.089100 0.090700 0.137800 0.113100 0.165400 0.140800 0.032000 0.020600 0.127000 0.127500 0.138000 0.111900 0.112700 0.124100 0.043300 0.112400 0.170000 0.149400 0.164800 0.114500 0.128500 0.127900 0.149900 0.043100 0.042700 0.148300 0.042500 0.000000 0.126200 0.153400 0.152800 0.178300 0.144900 0.207000 0.100400 0.160900
Cattle 0.131300 0.470300 0.068900 0.335400 0.081400 0.131300 0.092300 0.069200 0.102400 0.100800 0.118800 0.058200 0.126500 0.103600 0.115900 0.080300 0.079900 0.057500 0.104500 0.079900 0.131300 0.081800 0.090800 0.125800 0.118500 0.093800 0.104300 0.102700 0.103900 0.067200 0.104100 0.103900 0.095600 0.115700 0.105300 0.011100 0.094600 0.094200 0.116000 0.103300 0.102300 0.091000 0.101900 0.126200 0.000000 0.093900 0.118700 0.170600 0.110200 0.199500 0.091000 0.102900
RoyalAntel 0.106200 0.558300 0.130400 0.319200 0.057500 0.106200 0.068500 0.057700 0.154200 0.126600 0.119300 0.108900 0.139700 0.079700 0.103700 0.081000 0.080900 0.057900 0.080400 0.130800 0.106400 0.082000 0.116700 0.153000 0.118900 0.069700 0.117200 0.155200 0.080500 0.116900 0.130300 0.079900 0.149300 0.128900 0.118400 0.107200 0.094900 0.069900 0.117000 0.129900 0.128600 0.091700 0.128100 0.153400 0.093900 0.000000 0.119700 0.157900 0.110600 0.231500 0.142100 0.154900
Steenbok 0.105800 0.637700 0.129600 0.355000 0.081600 0.105800 0.092500 0.106700 0.153200 0.177900 0.118900 0.108200 0.139100 0.103800 0.091600 0.105300 0.130500 0.107000 0.080100 0.104500 0.131700 0.106800 0.141700 0.152300 0.118500 0.094000 0.116800 0.154300 0.080000 0.141900 0.155800 0.104200 0.176100 0.128300 0.117900 0.106600 0.094500 0.094400 0.091500 0.155300 0.153900 0.091300 0.153200 0.152800 0.118700 0.119700 0.000000 0.171200 0.110500 0.230900 0.141300 0.127900
Impala 0.170100 0.654100 0.181400 0.431400 0.118200 0.170100 0.128900 0.116600 0.152100 0.176800 0.157200 0.160500 0.177300 0.140400 0.140300 0.129700 0.155600 0.132000 0.141600 0.155200 0.156800 0.171800 0.140900 0.177900 0.156700 0.118400 0.154600 0.179900 0.104000 0.167100 0.155000 0.140800 0.232900 0.140200 0.183200 0.158100 0.158900 0.131800 0.115600 0.154600 0.153000 0.140200 0.152400 0.178300 0.170600 0.157900 0.171200 0.000000 0.177100 0.274200 0.166400 0.207100
Klipspring 0.071100 0.503300 0.121600 0.277600 0.071900 0.071100 0.083000 0.097700 0.145800 0.143700 0.059100 0.099500 0.130900 0.094600 0.119700 0.096200 0.096200 0.072400 0.070500 0.122000 0.123000 0.047300 0.107600 0.144500 0.058900 0.084600 0.108000 0.146800 0.095600 0.134000 0.121400 0.094900 0.169100 0.119900 0.109200 0.097800 0.035300 0.085000 0.133800 0.121000 0.119700 0.107100 0.119300 0.144900 0.110200 0.110600 0.110500 0.177100 0.000000 0.224100 0.133400 0.146600
ForestMusk 0.214300 0.575700 0.211200 0.337000 0.187600 0.214300 0.227300 0.216200 0.208800 0.233800 0.173000 0.191000 0.222700 0.239500 0.224100 0.213600 0.212600 0.187900 0.241700 0.212400 0.245000 0.216900 0.196000 0.206500 0.172700 0.202000 0.227700 0.210300 0.184300 0.197000 0.211400 0.240200 0.299500 0.240500 0.214600 0.186600 0.203100 0.203000 0.225800 0.210800 0.181200 0.195900 0.207900 0.207000 0.199500 0.231500 0.230900 0.274200 0.224100 0.000000 0.196100 0.267400
Bushbuck 0.154000 0.517600 0.077700 0.325700 0.103800 0.154000 0.114500 0.116700 0.010600 0.099400 0.116200 0.056900 0.100100 0.125700 0.113400 0.127500 0.078500 0.079700 0.126700 0.032500 0.154000 0.129500 0.066200 0.100000 0.091500 0.116300 0.102000 0.010700 0.102200 0.021500 0.078200 0.126200 0.105700 0.113300 0.127600 0.079500 0.117200 0.116700 0.113600 0.078000 0.077300 0.113400 0.077000 0.100400 0.091000 0.142100 0.141300 0.166400 0.133400 0.196100 0.000000 0.077000
GreaterKud 0.140400 0.568600 0.089500 0.396500 0.116100 0.140400 0.126500 0.129100 0.088100 0.134900 0.128200 0.092700 0.160800 0.113200 0.125300 0.139600 0.114300 0.091800 0.114000 0.043500 0.166400 0.116500 0.125200 0.160700 0.127800 0.128500 0.138800 0.088700 0.113800 0.077300 0.138600 0.138100 0.130400 0.150400 0.140300 0.091400 0.104600 0.129400 0.125100 0.126200 0.136700 0.124600 0.112000 0.160900 0.102900 0.154900 0.127900 0.207100 0.146600 0.267400 0.077000 0.000000
