1
52 1
Argali 0.000000 0.243400 0.076400 0.214400 0.070100 0.006100 0.090200 0.102900 0.076800 0.082500 0.037100 0.069800 0.062900 0.070200 0.083300 0.117100 0.116500 0.138200 0.056700 0.082600 0.103400 0.024600 0.082800 0.096300 0.037100 0.096600 0.043400 0.090600 0.096300 0.083300 0.076000 0.069800 0.138500 0.043400 0.043700 0.083000 0.031200 0.083600 0.103500 0.082900 0.102700 0.110600 0.082800 0.088900 0.076900 0.070300 0.095800 0.076900 0.069600 0.118100 0.089000 0.090000
LesserMous 0.243400 0.000000 0.203600 0.301500 0.197100 0.235100 0.236700 0.178600 0.204900 0.201900 0.241400 0.187400 0.242000 0.221100 0.219100 0.226700 0.226300 0.252600 0.235700 0.217800 0.211500 0.225800 0.210800 0.226200 0.241400 0.187800 0.217300 0.206000 0.203200 0.196400 0.210300 0.203600 0.261300 0.217300 0.210500 0.171900 0.243400 0.213400 0.212600 0.227100 0.241700 0.203700 0.202800 0.232100 0.188500 0.198000 0.202600 0.196700 0.211500 0.213100 0.201700 0.212300
LesserKudu 0.076400 0.203600 0.000000 0.192200 0.031100 0.069800 0.063400 0.076000 0.012300 0.056400 0.062600 0.018500 0.062800 0.044000 0.037500 0.076100 0.075900 0.096400 0.069800 0.024400 0.063200 0.062800 0.056600 0.069600 0.062600 0.056700 0.056300 0.024800 0.056500 0.018400 0.050000 0.043800 0.083000 0.056300 0.056700 0.056600 0.056800 0.037600 0.063300 0.056600 0.089100 0.070000 0.056600 0.062700 0.050500 0.057200 0.056200 0.037600 0.043700 0.063500 0.024400 0.024700
KillerWhal 0.214400 0.301500 0.192200 0.000000 0.201000 0.206500 0.207900 0.222100 0.193300 0.190900 0.206500 0.169100 0.238700 0.200900 0.199400 0.239100 0.206500 0.231600 0.200300 0.199000 0.231400 0.206700 0.184200 0.207100 0.206500 0.200100 0.214000 0.194800 0.215000 0.200700 0.183600 0.199800 0.200600 0.214000 0.215500 0.176800 0.216400 0.209300 0.216500 0.192100 0.207000 0.216300 0.191700 0.190600 0.192800 0.201800 0.220800 0.193300 0.215300 0.225300 0.206200 0.193300
DefassaWat 0.070100 0.197100 0.031100 0.201000 0.000000 0.063500 0.070400 0.056700 0.044200 0.056700 0.056400 0.024800 0.056600 0.050800 0.044100 0.083300 0.076000 0.096400 0.076800 0.056600 0.050400 0.056600 0.063400 0.076600 0.056400 0.057100 0.050100 0.057500 0.050400 0.044100 0.056800 0.044000 0.103900 0.050100 0.050400 0.063500 0.050600 0.012000 0.050400 0.063500 0.096400 0.070400 0.056900 0.069500 0.057400 0.031200 0.049400 0.037900 0.037200 0.070200 0.050000 0.057100
Sheep 0.006100 0.235100 0.069800 0.206500 0.063500 0.000000 0.083300 0.096000 0.070100 0.075800 0.030800 0.063200 0.056300 0.063500 0.076500 0.123800 0.109500 0.131000 0.050200 0.075900 0.096500 0.018400 0.076200 0.089500 0.030800 0.089700 0.037000 0.083800 0.089500 0.076500 0.069400 0.063200 0.131300 0.037000 0.037300 0.076300 0.024900 0.076900 0.096600 0.076200 0.095900 0.103600 0.076100 0.082200 0.070200 0.063700 0.089000 0.070200 0.063000 0.111100 0.082300 0.083200
MaxwellsDu 0.090200 0.236700 0.063400 0.207900 0.070400 0.083300 0.000000 0.089700 0.063700 0.082900 0.089400 0.056900 0.089700 0.031300 0.070200 0.110400 0.103000 0.124400 0.076700 0.076100 0.104000 0.076200 0.083300 0.096800 0.089400 0.083600 0.069500 0.063700 0.083200 0.070200 0.076400 0.031100 0.124700 0.069500 0.070000 0.076700 0.083800 0.077300 0.090300 0.083300 0.116700 0.083900 0.083200 0.089400 0.077100 0.070700 0.082700 0.063900 0.056800 0.104700 0.075900 0.056800
GazellaPrz 0.102900 0.178600 0.076000 0.222100 0.056700 0.096000 0.089700 0.000000 0.076400 0.082100 0.102000 0.056400 0.102300 0.069800 0.082800 0.062500 0.109000 0.130400 0.109800 0.088700 0.056400 0.088800 0.089200 0.095900 0.102000 0.043500 0.082000 0.083400 0.030700 0.069500 0.089000 0.056300 0.137700 0.082000 0.082600 0.082600 0.096500 0.069900 0.056300 0.082500 0.122600 0.056400 0.082400 0.102000 0.076600 0.063500 0.043100 0.063300 0.075900 0.110700 0.075200 0.089500
MountainNy 0.076800 0.204900 0.012300 0.193300 0.044200 0.070100 0.063700 0.076400 0.000000 0.056600 0.076100 0.031200 0.076300 0.044200 0.044000 0.076500 0.076300 0.096900 0.056500 0.024500 0.076800 0.063100 0.056800 0.070000 0.076100 0.057000 0.056500 0.012300 0.056800 0.006000 0.050200 0.044000 0.083500 0.056500 0.056900 0.056900 0.070400 0.050800 0.063600 0.056900 0.089500 0.070300 0.056800 0.062900 0.050800 0.057500 0.056500 0.031300 0.043900 0.063800 0.024500 0.011900
MuntiacusM 0.082500 0.201900 0.056400 0.190900 0.056700 0.075800 0.082900 0.082100 0.056600 0.000000 0.081900 0.049900 0.082100 0.063200 0.062900 0.095600 0.075500 0.095900 0.075900 0.068900 0.096000 0.068900 0.012100 0.037000 0.081900 0.062800 0.062300 0.070000 0.062600 0.050000 0.006000 0.049900 0.102900 0.062300 0.062700 0.062700 0.076200 0.063300 0.062900 0.037000 0.043100 0.076100 0.000000 0.030500 0.056700 0.070100 0.062300 0.043700 0.069400 0.089900 0.055800 0.069500
goat 0.037100 0.241400 0.062600 0.206500 0.056400 0.030800 0.089400 0.102000 0.076100 0.081900 0.000000 0.056200 0.049500 0.069600 0.076000 0.129900 0.115600 0.137100 0.056100 0.088500 0.088900 0.024400 0.082200 0.095400 0.000000 0.095800 0.043000 0.089900 0.095500 0.082600 0.075400 0.069200 0.123400 0.043000 0.043300 0.082300 0.018400 0.069600 0.102700 0.082300 0.102000 0.109700 0.082200 0.088200 0.076200 0.069800 0.081800 0.076300 0.069100 0.117000 0.088300 0.089300
AfricanBuf 0.069800 0.187400 0.018500 0.169100 0.024800 0.063200 0.056900 0.056400 0.031200 0.049900 0.056200 0.000000 0.056300 0.037600 0.031100 0.082800 0.069200 0.089400 0.063200 0.043400 0.050200 0.056300 0.043700 0.062900 0.056200 0.037400 0.049800 0.037700 0.050000 0.037400 0.043600 0.037400 0.089700 0.049800 0.050200 0.037300 0.050300 0.031200 0.056700 0.050100 0.075900 0.050300 0.050100 0.056100 0.031300 0.050700 0.049800 0.031200 0.050100 0.070300 0.043300 0.043800
Topi 0.062900 0.242000 0.062800 0.238700 0.056600 0.056300 0.089700 0.102300 0.076300 0.082100 0.049500 0.056300 0.000000 0.069800 0.062900 0.130300 0.095100 0.116000 0.069400 0.082200 0.082600 0.043300 0.082500 0.095700 0.049500 0.096100 0.018100 0.090100 0.095800 0.082800 0.075700 0.069400 0.123500 0.018100 0.030800 0.082500 0.043600 0.069800 0.103000 0.082600 0.102100 0.110000 0.082500 0.088600 0.076500 0.070000 0.095200 0.076500 0.062800 0.103400 0.068700 0.089500
CommonDuik 0.070200 0.221100 0.044000 0.200900 0.050800 0.063500 0.031300 0.069800 0.044200 0.063200 0.069600 0.037600 0.069800 0.000000 0.050600 0.096900 0.083000 0.103900 0.063500 0.056600 0.083700 0.056600 0.063400 0.076800 0.069600 0.063700 0.050100 0.057500 0.063500 0.050600 0.056800 0.012400 0.097300 0.050100 0.050400 0.063600 0.063800 0.057400 0.070300 0.063500 0.096300 0.063800 0.063500 0.069600 0.057400 0.051000 0.063100 0.044300 0.050400 0.084200 0.056500 0.057100
Suni 0.083300 0.219100 0.037500 0.199400 0.044100 0.076500 0.070200 0.082800 0.044000 0.062900 0.076000 0.031100 0.062900 0.050600 0.000000 0.096400 0.076000 0.096300 0.076500 0.056300 0.076700 0.069500 0.063100 0.076100 0.076000 0.063400 0.049800 0.057200 0.063100 0.050400 0.056500 0.050300 0.089500 0.049800 0.050200 0.063300 0.063500 0.050700 0.063200 0.063200 0.082400 0.076800 0.063100 0.069200 0.057100 0.063900 0.062800 0.044100 0.063200 0.070200 0.043300 0.056800
Springbuck 0.117100 0.226700 0.076100 0.239100 0.083300 0.123800 0.110400 0.062500 0.076500 0.095600 0.129900 0.082800 0.130300 0.096900 0.096400 0.000000 0.123300 0.145200 0.109900 0.088800 0.089500 0.116200 0.109700 0.109800 0.129900 0.069500 0.109100 0.083500 0.030800 0.069700 0.102600 0.082800 0.138200 0.109100 0.109900 0.096200 0.124300 0.090200 0.069500 0.096100 0.144100 0.082900 0.096000 0.115900 0.103800 0.090400 0.056000 0.076600 0.089500 0.110700 0.075400 0.082900
Okapi 0.116500 0.226300 0.075900 0.206500 0.076000 0.109500 0.103000 0.109000 0.076300 0.075500 0.115600 0.069200 0.095100 0.083000 0.076000 0.123300 0.000000 0.018100 0.109600 0.082000 0.109700 0.095400 0.082300 0.095900 0.115600 0.089300 0.075000 0.090000 0.089000 0.076200 0.075600 0.076000 0.103200 0.075000 0.089200 0.095900 0.109900 0.082800 0.089600 0.082400 0.102200 0.103100 0.075800 0.088500 0.089800 0.089500 0.094600 0.069800 0.082100 0.102900 0.068800 0.089400
Giraffe 0.138200 0.252600 0.096400 0.231600 0.096400 0.131000 0.124400 0.130400 0.096900 0.095900 0.137100 0.089400 0.116000 0.103900 0.096300 0.145200 0.018100 0.000000 0.117300 0.102700 0.131000 0.116400 0.103100 0.117000 0.137100 0.110300 0.095300 0.111200 0.110000 0.096800 0.096000 0.096500 0.124800 0.095300 0.110100 0.117100 0.131400 0.103400 0.110700 0.103200 0.123500 0.124500 0.096300 0.109200 0.110900 0.110600 0.115700 0.090200 0.102700 0.124200 0.089100 0.110500
TibetanAnt 0.056700 0.235700 0.069800 0.200300 0.076800 0.050200 0.076700 0.109800 0.056500 0.075900 0.056100 0.063200 0.069400 0.063500 0.076500 0.109900 0.109600 0.117300 0.000000 0.082500 0.110300 0.043500 0.076200 0.089500 0.056100 0.089900 0.049800 0.063300 0.089500 0.062900 0.069400 0.063200 0.131400 0.049800 0.050100 0.063000 0.050400 0.083700 0.096700 0.076200 0.095900 0.103800 0.076200 0.082200 0.070100 0.077100 0.089000 0.063500 0.076300 0.111000 0.082300 0.062900
Sitatunga 0.082600 0.217800 0.024400 0.199000 0.056600 0.075900 0.076100 0.088700 0.024500 0.068900 0.088500 0.043400 0.082200 0.056600 0.056300 0.088800 0.082000 0.102700 0.082500 0.000000 0.075900 0.062400 0.069200 0.082400 0.088500 0.069300 0.062300 0.037200 0.069100 0.030600 0.062500 0.056300 0.096000 0.062300 0.069200 0.069200 0.082800 0.063200 0.075900 0.069200 0.102000 0.082700 0.069200 0.075200 0.063100 0.069900 0.068700 0.050100 0.043400 0.076200 0.024200 0.036100
Oribi 0.103400 0.211500 0.063200 0.231400 0.050400 0.096500 0.104000 0.056400 0.076800 0.096000 0.088900 0.050200 0.082600 0.083700 0.076700 0.089500 0.109700 0.131000 0.110300 0.075900 0.000000 0.075900 0.089500 0.096300 0.088900 0.063300 0.075900 0.077000 0.056500 0.083400 0.089500 0.083200 0.138500 0.075900 0.083100 0.089600 0.083300 0.063500 0.069800 0.096500 0.109200 0.076700 0.096500 0.102600 0.083600 0.070400 0.056200 0.077000 0.069700 0.118200 0.075700 0.090000
BarbaryShe 0.024600 0.225800 0.062800 0.206700 0.056600 0.018400 0.076200 0.088800 0.063100 0.068900 0.024400 0.056300 0.043300 0.056600 0.069500 0.116200 0.095400 0.116400 0.043500 0.062400 0.075900 0.000000 0.069200 0.082300 0.024400 0.082600 0.024400 0.076600 0.082400 0.069500 0.062500 0.056300 0.123600 0.024400 0.030800 0.069200 0.018500 0.069800 0.089300 0.069200 0.088700 0.096300 0.069200 0.075200 0.063200 0.056800 0.081900 0.063200 0.043400 0.103500 0.062200 0.076100
Daviddeer 0.082800 0.210800 0.056600 0.184200 0.063400 0.076200 0.083300 0.089200 0.056800 0.012100 0.082200 0.043700 0.082500 0.063400 0.063100 0.109700 0.082300 0.103100 0.076200 0.069200 0.089500 0.069200 0.000000 0.037100 0.082200 0.069700 0.062600 0.063500 0.076000 0.063200 0.006100 0.063100 0.103300 0.062600 0.063000 0.056500 0.076500 0.070100 0.076300 0.037100 0.030600 0.083100 0.012200 0.030600 0.050400 0.077000 0.075600 0.056900 0.076200 0.097100 0.069000 0.069800
Reindeer 0.096300 0.226200 0.069600 0.207100 0.076600 0.089500 0.096800 0.095900 0.070000 0.037000 0.095400 0.062900 0.095700 0.076800 0.076100 0.109800 0.095900 0.117000 0.089500 0.082400 0.096300 0.082300 0.037100 0.000000 0.095400 0.076400 0.075600 0.083700 0.076200 0.076500 0.030800 0.076300 0.117200 0.075600 0.076100 0.076100 0.089700 0.083400 0.063200 0.049900 0.069000 0.090000 0.037200 0.018300 0.070100 0.090600 0.075700 0.070100 0.089600 0.110900 0.082200 0.083100
Ibex 0.037100 0.241400 0.062600 0.206500 0.056400 0.030800 0.089400 0.102000 0.076100 0.081900 0.000000 0.056200 0.049500 0.069600 0.076000 0.129900 0.115600 0.137100 0.056100 0.088500 0.088900 0.024400 0.082200 0.095400 0.000000 0.095800 0.043000 0.089900 0.095500 0.082600 0.075400 0.069200 0.123400 0.043000 0.043300 0.082300 0.018400 0.069600 0.102700 0.082300 0.102000 0.109700 0.082200 0.088200 0.076200 0.069800 0.081800 0.076300 0.069100 0.117000 0.088300 0.089300
GyrantGaze 0.096600 0.187800 0.056700 0.200100 0.057100 0.089700 0.083600 0.043500 0.057000 0.062800 0.095800 0.037400 0.096100 0.063700 0.063400 0.069500 0.089300 0.110300 0.089900 0.069300 0.063300 0.082600 0.069700 0.076400 0.095800 0.000000 0.075800 0.063900 0.037300 0.050300 0.069600 0.050300 0.117500 0.075800 0.076400 0.063200 0.090200 0.063700 0.043800 0.076400 0.102800 0.012200 0.063100 0.082500 0.057100 0.070500 0.037100 0.044100 0.069800 0.090600 0.056100 0.070000
Hartebeest 0.043400 0.217300 0.056300 0.214000 0.050100 0.037000 0.069500 0.082000 0.056500 0.062300 0.043000 0.049800 0.018100 0.050100 0.049800 0.109100 0.075000 0.095300 0.049800 0.062300 0.075900 0.024400 0.062600 0.075600 0.043000 0.075800 0.000000 0.069800 0.075600 0.062900 0.056000 0.049700 0.102500 0.000000 0.012000 0.062600 0.037200 0.063100 0.082500 0.062600 0.081700 0.089300 0.062500 0.068600 0.056600 0.050200 0.075100 0.056600 0.043400 0.082900 0.049300 0.069400
Bongo 0.090600 0.206000 0.024800 0.194800 0.057500 0.083800 0.063700 0.083400 0.012300 0.070000 0.089900 0.037700 0.090100 0.057500 0.057200 0.083500 0.090000 0.111200 0.063300 0.037200 0.077000 0.076600 0.063500 0.083700 0.089900 0.063900 0.069800 0.000000 0.070200 0.018500 0.063500 0.057200 0.097400 0.069800 0.070300 0.057200 0.084100 0.064200 0.077200 0.070300 0.096500 0.077500 0.070200 0.076400 0.057600 0.071100 0.069800 0.044400 0.057100 0.077500 0.037100 0.012200
Gerenuk 0.096300 0.203200 0.056500 0.215000 0.050400 0.089500 0.083200 0.030700 0.056800 0.062600 0.095500 0.050000 0.095800 0.063500 0.063100 0.030800 0.089000 0.110000 0.089500 0.069100 0.056500 0.082400 0.076000 0.076200 0.095500 0.037300 0.075600 0.070200 0.000000 0.050200 0.069300 0.050100 0.117100 0.075600 0.076200 0.076100 0.089900 0.057000 0.037300 0.062900 0.109100 0.050100 0.062900 0.082100 0.070100 0.057100 0.024500 0.043900 0.069600 0.090300 0.055900 0.069700
CommonElan 0.083300 0.196400 0.018400 0.200700 0.044100 0.076500 0.070200 0.069500 0.006000 0.050000 0.082600 0.037400 0.082800 0.050600 0.050400 0.069700 0.076200 0.096800 0.062900 0.030600 0.083400 0.069500 0.063200 0.076500 0.082600 0.050300 0.062900 0.018500 0.050200 0.000000 0.056600 0.037500 0.090100 0.062900 0.063300 0.063300 0.076900 0.050700 0.056900 0.063300 0.096100 0.063500 0.050200 0.069400 0.057200 0.057400 0.049900 0.024900 0.043800 0.063700 0.018300 0.018100
MuntiacusR 0.076000 0.210300 0.050000 0.183600 0.056800 0.069400 0.076400 0.089000 0.050200 0.006000 0.075400 0.043600 0.075700 0.056800 0.056500 0.102600 0.075600 0.096000 0.069400 0.062500 0.089500 0.062500 0.006100 0.030800 0.075400 0.069600 0.056000 0.063500 0.069300 0.056600 0.000000 0.056500 0.096200 0.056000 0.056400 0.056300 0.069700 0.063400 0.069600 0.030800 0.036800 0.083000 0.006100 0.024400 0.050300 0.070200 0.068900 0.050300 0.069400 0.090100 0.062400 0.063100
HarveysDui 0.069800 0.203600 0.043800 0.199800 0.044000 0.063200 0.031100 0.056300 0.044000 0.049900 0.069200 0.037400 0.069400 0.012400 0.050300 0.082800 0.076000 0.096500 0.063200 0.056300 0.083200 0.056300 0.063100 0.076300 0.069200 0.050300 0.049700 0.057200 0.050100 0.037500 0.056500 0.000000 0.103500 0.049300 0.050000 0.063200 0.063400 0.050600 0.056700 0.063100 0.095800 0.050400 0.050100 0.069200 0.057100 0.044200 0.049800 0.031200 0.043700 0.077100 0.043300 0.056800
Pronghorn 0.138500 0.261300 0.083000 0.200600 0.103900 0.131300 0.124700 0.137700 0.083500 0.102900 0.123400 0.089700 0.123500 0.097300 0.089500 0.138200 0.103200 0.124800 0.131400 0.096000 0.138500 0.123600 0.103300 0.117200 0.123400 0.117500 0.102500 0.097400 0.117100 0.090100 0.096200 0.103500 0.000000 0.102500 0.088800 0.110100 0.131600 0.111000 0.124700 0.117200 0.123400 0.131800 0.103300 0.095900 0.104000 0.118500 0.116500 0.097200 0.103400 0.110700 0.082300 0.096800
BlueWildeb 0.043400 0.217300 0.056300 0.214000 0.050100 0.037000 0.069500 0.082000 0.056500 0.062300 0.043000 0.049800 0.018100 0.050100 0.049800 0.109100 0.075000 0.095300 0.049800 0.062300 0.075900 0.024400 0.062600 0.075600 0.043000 0.075800 0.000000 0.069800 0.075600 0.062900 0.056000 0.049300 0.102500 0.000000 0.012100 0.062600 0.037200 0.063100 0.082500 0.062600 0.081700 0.089300 0.062500 0.068600 0.056600 0.050200 0.075100 0.056600 0.043400 0.082900 0.049300 0.069400
Gemsbok 0.043700 0.210500 0.056700 0.215500 0.050400 0.037300 0.070000 0.082600 0.056900 0.062700 0.043300 0.050200 0.030800 0.050400 0.050200 0.109900 0.089200 0.110100 0.050100 0.069200 0.083100 0.030800 0.063000 0.076100 0.043300 0.076400 0.012000 0.070300 0.076200 0.063300 0.056400 0.050000 0.088800 0.012100 0.000000 0.056400 0.037500 0.063600 0.083100 0.063000 0.082200 0.090000 0.063000 0.069100 0.050400 0.050600 0.075700 0.057000 0.050100 0.083500 0.056000 0.069800
Yak 0.083000 0.171900 0.056600 0.176800 0.063500 0.076300 0.076700 0.082600 0.056900 0.062700 0.082300 0.037300 0.082500 0.063600 0.063300 0.096200 0.095900 0.117100 0.063000 0.069200 0.089600 0.069200 0.056500 0.076100 0.082300 0.063200 0.062600 0.057200 0.076100 0.063300 0.056300 0.063200 0.110100 0.062600 0.056400 0.000000 0.076600 0.070200 0.083100 0.063000 0.089000 0.076600 0.063000 0.069000 0.018500 0.077100 0.075700 0.057000 0.076300 0.083600 0.069100 0.063300
BlueSheep 0.031200 0.243400 0.056800 0.216400 0.050600 0.024900 0.083800 0.096500 0.070400 0.076200 0.018400 0.050300 0.043600 0.063800 0.063500 0.124300 0.109900 0.131400 0.050400 0.082800 0.083300 0.018500 0.076500 0.089700 0.018400 0.090200 0.037200 0.084100 0.089900 0.076900 0.069700 0.063400 0.131600 0.037200 0.037500 0.076600 0.000000 0.063800 0.089400 0.076500 0.096300 0.104200 0.076500 0.082600 0.070500 0.064000 0.089400 0.070500 0.063300 0.111500 0.082600 0.083600
BohorReedb 0.083600 0.213400 0.037600 0.209300 0.012000 0.076900 0.077300 0.069900 0.050800 0.063300 0.069600 0.031200 0.069800 0.057400 0.050700 0.090200 0.082800 0.103400 0.083700 0.063200 0.063500 0.069800 0.070100 0.083400 0.069600 0.063700 0.063100 0.064200 0.057000 0.050700 0.063400 0.050600 0.111000 0.063100 0.063600 0.070200 0.063800 0.000000 0.057000 0.070200 0.103400 0.077200 0.063600 0.076300 0.064100 0.044100 0.056100 0.044400 0.050100 0.077000 0.056500 0.063800
KirksDik 0.103500 0.212600 0.063300 0.216500 0.050400 0.096600 0.090300 0.056300 0.063600 0.062900 0.102700 0.056700 0.103000 0.070300 0.063200 0.069500 0.089600 0.110700 0.096700 0.075900 0.069800 0.089300 0.076300 0.063200 0.102700 0.043800 0.082500 0.077200 0.037300 0.056900 0.069600 0.056700 0.124700 0.082500 0.083100 0.083100 0.089400 0.057000 0.000000 0.076300 0.109700 0.056800 0.063200 0.069200 0.077000 0.070600 0.036400 0.050500 0.076500 0.097500 0.062600 0.076600
RoeDeer 0.082900 0.227100 0.056600 0.192100 0.063500 0.076200 0.083300 0.082500 0.056900 0.037000 0.082300 0.050100 0.082600 0.063500 0.063200 0.096100 0.082400 0.103200 0.076200 0.069200 0.096500 0.069200 0.037100 0.049900 0.082300 0.076400 0.062600 0.070300 0.062900 0.063300 0.030800 0.063100 0.117200 0.062600 0.063000 0.063000 0.076500 0.070200 0.076300 0.000000 0.069100 0.089900 0.037200 0.043200 0.056900 0.077000 0.075600 0.057000 0.076300 0.082700 0.069100 0.069800
WhiteLippe 0.102700 0.241700 0.089100 0.207000 0.096400 0.095900 0.116700 0.122600 0.089500 0.043100 0.102000 0.075900 0.102100 0.096300 0.082400 0.144100 0.102200 0.123500 0.095900 0.102000 0.109200 0.088700 0.030600 0.069000 0.102000 0.102800 0.081700 0.096500 0.109100 0.096100 0.036800 0.095800 0.123400 0.081700 0.082200 0.089000 0.096300 0.103400 0.109700 0.069100 0.000000 0.116800 0.043200 0.062100 0.082900 0.110500 0.108600 0.089700 0.109500 0.116700 0.088300 0.102900
ThomsonGaz 0.110600 0.203700 0.070000 0.216300 0.070400 0.103600 0.083900 0.056400 0.070300 0.076100 0.109700 0.050300 0.110000 0.063800 0.076800 0.082900 0.103100 0.124500 0.103800 0.082700 0.076700 0.096300 0.083100 0.090000 0.109700 0.012200 0.089300 0.077500 0.050100 0.063500 0.083000 0.050400 0.131800 0.089300 0.090000 0.076600 0.104200 0.077200 0.056800 0.089900 0.116800 0.000000 0.076400 0.096000 0.070500 0.084200 0.049900 0.057200 0.083300 0.104700 0.069200 0.083600
MuntiacusC 0.082800 0.202800 0.056600 0.191700 0.056900 0.076100 0.083200 0.082400 0.056800 0.000000 0.082200 0.050100 0.082500 0.063500 0.063100 0.096000 0.075800 0.096300 0.076200 0.069200 0.096500 0.069200 0.012200 0.037200 0.082200 0.063100 0.062500 0.070200 0.062900 0.050200 0.006100 0.050100 0.103300 0.062500 0.063000 0.063000 0.076500 0.063600 0.063200 0.037200 0.043200 0.076400 0.000000 0.030600 0.056900 0.070400 0.062500 0.043900 0.069600 0.090300 0.056000 0.069800
WhiteTaile 0.088900 0.232100 0.062700 0.190600 0.069500 0.082200 0.089400 0.102000 0.062900 0.030500 0.088200 0.056100 0.088600 0.069600 0.069200 0.115900 0.088500 0.109200 0.082200 0.075200 0.102600 0.075200 0.030600 0.018300 0.088200 0.082500 0.068600 0.076400 0.082100 0.069400 0.024400 0.069200 0.095900 0.068600 0.069100 0.069000 0.082600 0.076300 0.069200 0.043200 0.062100 0.096000 0.030600 0.000000 0.063000 0.083100 0.081700 0.063100 0.082300 0.103200 0.075100 0.075900
Cattle 0.076900 0.188500 0.050500 0.192800 0.057400 0.070200 0.077100 0.076600 0.050800 0.056700 0.076200 0.031300 0.076500 0.057400 0.057100 0.103800 0.089800 0.110900 0.070100 0.063100 0.083600 0.063200 0.050400 0.070100 0.076200 0.057100 0.056600 0.057600 0.070100 0.057200 0.050300 0.057100 0.104000 0.056600 0.050400 0.018500 0.070500 0.064100 0.077000 0.056900 0.082900 0.070500 0.056900 0.063000 0.000000 0.071000 0.069700 0.050900 0.070200 0.076700 0.063000 0.063700
RoyalAntel 0.070300 0.198000 0.057200 0.201800 0.031200 0.063700 0.070700 0.063500 0.057500 0.070100 0.069800 0.050700 0.070000 0.051000 0.063900 0.090400 0.089500 0.110600 0.077100 0.069900 0.070400 0.056800 0.077000 0.090600 0.069800 0.070500 0.050200 0.071100 0.057100 0.057400 0.070200 0.044200 0.118500 0.050200 0.050600 0.077100 0.064000 0.044100 0.070600 0.077000 0.110500 0.084200 0.070400 0.083100 0.071000 0.000000 0.056800 0.051100 0.037300 0.070500 0.063200 0.070600
Steenbok 0.095800 0.202600 0.056200 0.220800 0.049400 0.089000 0.082700 0.043100 0.056500 0.062300 0.081800 0.049800 0.095200 0.063100 0.062800 0.056000 0.094600 0.115700 0.089000 0.068700 0.056200 0.081900 0.075600 0.075700 0.081800 0.037100 0.075100 0.069800 0.024500 0.049900 0.068900 0.049800 0.116500 0.075100 0.075700 0.075700 0.089400 0.056100 0.036400 0.075600 0.108600 0.049900 0.062500 0.081700 0.069700 0.056800 0.000000 0.043600 0.069200 0.089700 0.055600 0.069300
Impala 0.076900 0.196700 0.037600 0.193300 0.037900 0.070200 0.063900 0.063300 0.031300 0.043700 0.076300 0.031200 0.076500 0.044300 0.044100 0.076600 0.069800 0.090200 0.063500 0.050100 0.077000 0.063200 0.056900 0.070100 0.076300 0.044100 0.056600 0.044400 0.043900 0.024900 0.050300 0.031200 0.097200 0.056600 0.057000 0.057000 0.070500 0.044400 0.050500 0.057000 0.089700 0.057200 0.043900 0.063100 0.050900 0.051100 0.043600 0.000000 0.050500 0.070800 0.037200 0.044100
Klipspring 0.069600 0.211500 0.043700 0.215300 0.037200 0.063000 0.056800 0.075900 0.043900 0.069400 0.069100 0.050100 0.062800 0.050400 0.063200 0.089500 0.082100 0.102700 0.076300 0.043400 0.069700 0.043400 0.076200 0.089600 0.069100 0.069800 0.043400 0.057100 0.069600 0.043800 0.069400 0.043700 0.103400 0.043400 0.050100 0.076300 0.063300 0.050100 0.076500 0.076300 0.109500 0.083300 0.069600 0.082300 0.070200 0.037300 0.069200 0.050500 0.000000 0.069600 0.037000 0.056700
ForestMusk 0.118100 0.213100 0.063500 0.225300 0.070200 0.111100 0.104700 0.110700 0.063800 0.089900 0.117000 0.070300 0.103400 0.084200 0.070200 0.110700 0.102900 0.124200 0.111000 0.076200 0.118200 0.103500 0.097100 0.110900 0.117000 0.090600 0.082900 0.077500 0.090300 0.063700 0.090100 0.077100 0.110700 0.082900 0.083500 0.083600 0.111500 0.077000 0.097500 0.082700 0.116700 0.104700 0.090300 0.103200 0.076700 0.070500 0.089700 0.070800 0.069600 0.000000 0.056400 0.076900
Bushbuck 0.089000 0.201700 0.024400 0.206200 0.050000 0.082300 0.075900 0.075200 0.024500 0.055800 0.088300 0.043300 0.068700 0.056500 0.043300 0.075400 0.068800 0.089100 0.082300 0.024200 0.075700 0.062200 0.069000 0.082200 0.088300 0.056100 0.049300 0.037100 0.055900 0.018300 0.062400 0.043300 0.082300 0.049300 0.056000 0.069100 0.082600 0.056500 0.062600 0.069100 0.088300 0.069200 0.056000 0.075100 0.063000 0.063200 0.055600 0.037200 0.037000 0.056400 0.000000 0.036900
GreaterKud 0.090000 0.212300 0.024700 0.193300 0.057100 0.083200 0.056800 0.089500 0.011900 0.069500 0.089300 0.043800 0.089500 0.057100 0.056800 0.082900 0.089400 0.110500 0.062900 0.036100 0.090000 0.076100 0.069800 0.083100 0.089300 0.070000 0.069400 0.012200 0.069700 0.018100 0.063100 0.056800 0.096800 0.069400 0.069800 0.063300 0.083600 0.063800 0.076600 0.069800 0.102900 0.083600 0.069800 0.075900 0.063700 0.070600 0.069300 0.044100 0.056700 0.076900 0.036900 0.000000
