1
52 1
Argali 0.000000 0.379000 0.105800 0.331500 0.075500 0.024900 0.075700 0.049500 0.159700 0.153500 0.024600 0.049800 0.050400 0.050800 0.050200 0.076600 0.049700 0.049700 0.024600 0.104600 0.075700 0.024800 0.098900 0.103400 0.024600 0.075800 0.049500 0.104600 0.077100 0.104600 0.153500 0.050400 0.074600 0.049800 0.076300 0.169900 0.024600 0.075500 0.049600 0.151700 0.098900 0.102500 0.155400 0.100100 0.169900 0.049800 0.158100 0.049500 0.049900 0.049800 0.104600 0.102600
LesserMous 0.379000 0.000000 0.476400 0.383700 0.347300 0.348500 0.518700 0.383800 0.465400 0.452300 0.348300 0.379500 0.387400 0.487800 0.387700 0.426000 0.379400 0.379400 0.348300 0.473600 0.423000 0.348600 0.368000 0.384100 0.345500 0.420700 0.383800 0.473600 0.427200 0.473600 0.452300 0.483500 0.339100 0.384100 0.432100 0.581000 0.348300 0.347300 0.383800 0.531700 0.368000 0.381600 0.449500 0.373200 0.581000 0.384500 0.462600 0.383800 0.387700 0.379300 0.473600 0.383800
LesserKudu 0.105800 0.476400 0.000000 0.306800 0.078200 0.079900 0.078300 0.051400 0.050200 0.158100 0.079700 0.051500 0.052100 0.052600 0.051800 0.079400 0.051500 0.051500 0.079700 0.000100 0.078800 0.080000 0.102000 0.107100 0.079100 0.078600 0.051400 0.000100 0.079900 0.000100 0.158100 0.052300 0.077100 0.051600 0.079200 0.054400 0.079700 0.078200 0.051400 0.217000 0.102000 0.106200 0.160500 0.103500 0.054400 0.051500 0.163200 0.051400 0.051600 0.051500 0.000100 0.050200
KillerWhal 0.331500 0.383700 0.306800 0.000000 0.293400 0.303800 0.296500 0.261400 0.373400 0.337700 0.301400 0.257800 0.265200 0.234800 0.264100 0.231800 0.257600 0.257600 0.301400 0.304400 0.230600 0.301400 0.267500 0.280800 0.300000 0.230500 0.261400 0.304400 0.233400 0.304400 0.337700 0.232000 0.221300 0.261900 0.300200 0.389500 0.301400 0.293400 0.261200 0.303900 0.267500 0.261200 0.338900 0.271500 0.389500 0.261800 0.333900 0.261400 0.262900 0.277700 0.304400 0.335300
DefassaWat 0.075500 0.347300 0.078200 0.293400 0.000000 0.051100 0.049900 0.024500 0.131200 0.126200 0.050500 0.024600 0.024800 0.024900 0.024700 0.050300 0.024500 0.024500 0.050500 0.077300 0.049800 0.050800 0.073200 0.076400 0.050300 0.049800 0.024500 0.077300 0.050600 0.077300 0.126200 0.024800 0.049200 0.024600 0.050300 0.139600 0.050500 0.000000 0.024500 0.180300 0.073200 0.024400 0.127800 0.074100 0.139600 0.024600 0.129500 0.024500 0.024700 0.024600 0.077300 0.076000
Sheep 0.024900 0.348500 0.079900 0.303800 0.051100 0.000000 0.051000 0.025100 0.134700 0.128800 0.000100 0.025200 0.025500 0.025700 0.025300 0.051600 0.025200 0.025200 0.000100 0.079700 0.051200 0.000100 0.074800 0.078400 0.000100 0.051100 0.025100 0.079700 0.051900 0.079700 0.128800 0.025500 0.050300 0.025200 0.051600 0.143500 0.000100 0.051100 0.025100 0.184700 0.074800 0.077700 0.130700 0.075800 0.143500 0.025200 0.132400 0.025100 0.025200 0.025200 0.079700 0.077400
MaxwellsDu 0.075700 0.518700 0.078300 0.296500 0.049900 0.051000 0.000000 0.024500 0.132000 0.119400 0.050600 0.024600 0.024900 0.025000 0.024800 0.050300 0.024500 0.024500 0.050600 0.077700 0.050000 0.050800 0.073200 0.076400 0.050300 0.049800 0.024500 0.077700 0.050600 0.077700 0.119400 0.024900 0.049100 0.024600 0.050500 0.139700 0.050600 0.049900 0.024500 0.180900 0.073200 0.075900 0.121500 0.074100 0.139700 0.024600 0.129700 0.024500 0.024700 0.024600 0.077700 0.076300
GazellaPrz 0.049500 0.383800 0.051400 0.261400 0.024500 0.025100 0.024500 0.000000 0.103300 0.099200 0.024800 0.000100 0.000100 0.000200 0.000100 0.024800 0.000100 0.000100 0.024800 0.050800 0.024500 0.025000 0.048100 0.050100 0.024700 0.024500 0.000000 0.050800 0.024900 0.050800 0.099200 0.000100 0.024200 0.000100 0.024700 0.109800 0.024800 0.024500 0.000100 0.152400 0.048100 0.049800 0.100600 0.048600 0.109800 0.000100 0.102000 0.000000 0.000100 0.000100 0.050800 0.049800
MountainNy 0.159700 0.465400 0.050200 0.373400 0.131200 0.134700 0.132000 0.103300 0.000000 0.214400 0.133400 0.104000 0.104000 0.106300 0.104800 0.133500 0.104000 0.104000 0.133400 0.050700 0.131800 0.134400 0.154900 0.162400 0.133000 0.132100 0.103300 0.050700 0.133600 0.050700 0.214400 0.105500 0.130000 0.104000 0.132900 0.109600 0.133400 0.131200 0.103700 0.276200 0.154900 0.160800 0.217100 0.157100 0.109600 0.104000 0.221300 0.103300 0.104200 0.104000 0.050700 0.049300
MuntiacusM 0.153500 0.452300 0.158100 0.337700 0.126200 0.128800 0.119400 0.099200 0.214400 0.000000 0.127900 0.098100 0.100400 0.075500 0.100200 0.127000 0.098000 0.098000 0.127900 0.157000 0.126300 0.127900 0.045900 0.085300 0.127300 0.126200 0.099200 0.157000 0.127900 0.157000 0.000000 0.100800 0.071400 0.099500 0.098400 0.222100 0.127900 0.126200 0.099000 0.119900 0.045900 0.153900 0.046000 0.070700 0.222100 0.099300 0.211700 0.099200 0.074300 0.097900 0.157000 0.154600
goat 0.024600 0.348300 0.079700 0.301400 0.050500 0.000100 0.050600 0.024800 0.133400 0.127900 0.000000 0.025000 0.025300 0.025500 0.025200 0.051200 0.025000 0.025000 0.000000 0.078800 0.050700 0.000100 0.074300 0.077700 0.000100 0.050700 0.024800 0.078800 0.051600 0.078800 0.127900 0.025300 0.049900 0.025000 0.051000 0.142400 0.000000 0.050500 0.024900 0.183400 0.074300 0.077200 0.129800 0.075200 0.142400 0.025000 0.131800 0.024800 0.025000 0.025000 0.078800 0.077100
AfricanBuf 0.049800 0.379500 0.051500 0.257800 0.024600 0.025200 0.024600 0.000100 0.104000 0.098100 0.025000 0.000000 0.000100 0.000300 0.000200 0.024800 0.000100 0.000100 0.025000 0.051200 0.024700 0.025100 0.047600 0.049600 0.024800 0.024500 0.000100 0.051200 0.025000 0.051200 0.098100 0.000200 0.023900 0.000100 0.024900 0.108300 0.025000 0.024600 0.000100 0.150700 0.047600 0.049900 0.099400 0.048100 0.108300 0.000100 0.102300 0.000100 0.000100 0.000100 0.051200 0.050200
Topi 0.050400 0.387400 0.052100 0.265200 0.024800 0.025500 0.024900 0.000100 0.104000 0.100400 0.025300 0.000100 0.000000 0.000400 0.000300 0.025000 0.000200 0.000200 0.025300 0.051700 0.024900 0.025400 0.048600 0.050900 0.025100 0.024700 0.000100 0.051700 0.025200 0.051700 0.100400 0.000300 0.024500 0.000200 0.025200 0.109200 0.025300 0.024800 0.000200 0.154400 0.048600 0.050300 0.101800 0.049300 0.109200 0.000200 0.103500 0.000100 0.000200 0.000200 0.051700 0.048400
CommonDuik 0.050800 0.487800 0.052600 0.234800 0.024900 0.025700 0.025000 0.000200 0.106300 0.075500 0.025500 0.000300 0.000400 0.000000 0.000400 0.025200 0.000400 0.000400 0.025500 0.052200 0.025100 0.025500 0.024200 0.051100 0.025300 0.024800 0.000200 0.052200 0.025300 0.052200 0.075500 0.000100 0.024600 0.000300 0.025400 0.112500 0.025500 0.024900 0.000300 0.100900 0.024200 0.050700 0.076500 0.049700 0.112500 0.000300 0.104800 0.000200 0.024500 0.000400 0.052200 0.051200
Suni 0.050200 0.387700 0.051800 0.264100 0.024700 0.025300 0.024800 0.000100 0.104800 0.100200 0.025200 0.000200 0.000300 0.000400 0.000000 0.024900 0.000300 0.000300 0.025200 0.051500 0.024800 0.025300 0.048400 0.050600 0.025000 0.024500 0.000100 0.051500 0.025000 0.051500 0.100200 0.000300 0.024300 0.000200 0.025100 0.110900 0.025200 0.024700 0.000200 0.153900 0.048400 0.050100 0.101500 0.049000 0.110900 0.000200 0.103100 0.000100 0.000200 0.000300 0.051500 0.050500
Springbuck 0.076600 0.426000 0.079400 0.231800 0.050300 0.051600 0.050300 0.024800 0.133500 0.127000 0.051200 0.024800 0.025000 0.025200 0.024900 0.000000 0.024700 0.024700 0.051200 0.078900 0.000100 0.051400 0.073900 0.077300 0.050900 0.000200 0.024800 0.078900 0.000100 0.078900 0.127000 0.025100 0.049600 0.024800 0.050900 0.141700 0.051200 0.050300 0.024800 0.183200 0.073900 0.024600 0.128900 0.074900 0.141700 0.024800 0.131500 0.024800 0.024900 0.024700 0.078900 0.077100
Okapi 0.049700 0.379400 0.051500 0.257600 0.024500 0.025200 0.024500 0.000100 0.104000 0.098000 0.025000 0.000100 0.000200 0.000400 0.000300 0.024700 0.000000 0.000000 0.025000 0.051100 0.024600 0.025000 0.047500 0.049800 0.024800 0.024400 0.000100 0.051100 0.024900 0.051100 0.098000 0.000300 0.023900 0.000200 0.024900 0.108200 0.025000 0.024500 0.000100 0.150600 0.047500 0.049700 0.099300 0.048100 0.108200 0.000200 0.102200 0.000100 0.000200 0.000100 0.051100 0.050100
Giraffe 0.049700 0.379400 0.051500 0.257600 0.024500 0.025200 0.024500 0.000100 0.104000 0.098000 0.025000 0.000100 0.000200 0.000400 0.000300 0.024700 0.000000 0.000000 0.025000 0.051100 0.024600 0.025000 0.047500 0.049800 0.024800 0.024400 0.000100 0.051100 0.024900 0.051100 0.098000 0.000300 0.023900 0.000200 0.024900 0.108200 0.025000 0.024500 0.000100 0.150600 0.047500 0.049700 0.099300 0.048100 0.108200 0.000200 0.102200 0.000100 0.000200 0.000100 0.051100 0.050100
TibetanAnt 0.024600 0.348300 0.079700 0.301400 0.050500 0.000100 0.050600 0.024800 0.133400 0.127900 0.000000 0.025000 0.025300 0.025500 0.025200 0.051200 0.025000 0.025000 0.000000 0.078800 0.050700 0.000100 0.074300 0.077700 0.000100 0.050700 0.024800 0.078800 0.051600 0.078800 0.127900 0.025300 0.049900 0.025000 0.051000 0.142400 0.000000 0.050500 0.024900 0.183400 0.074300 0.077200 0.129800 0.075200 0.142400 0.025000 0.131800 0.024800 0.025000 0.025000 0.078800 0.077100
Sitatunga 0.104600 0.473600 0.000100 0.304400 0.077300 0.079700 0.077700 0.050800 0.050700 0.157000 0.078800 0.051200 0.051700 0.052200 0.051500 0.078900 0.051100 0.051100 0.078800 0.000000 0.078000 0.079400 0.101300 0.106200 0.078500 0.078100 0.050800 0.000000 0.079400 0.000000 0.157000 0.051900 0.076600 0.051200 0.078300 0.054000 0.078800 0.077300 0.051000 0.215500 0.101300 0.105400 0.159400 0.102800 0.054000 0.051100 0.162600 0.050800 0.051200 0.051100 0.000000 0.050600
Oribi 0.075700 0.423000 0.078800 0.230600 0.049800 0.051200 0.050000 0.024500 0.131800 0.126300 0.050700 0.024700 0.024900 0.025100 0.024800 0.000100 0.024600 0.024600 0.050700 0.078000 0.000000 0.051000 0.073500 0.076700 0.050500 0.000100 0.024500 0.078000 0.000100 0.078000 0.126300 0.025000 0.049300 0.024700 0.050400 0.140500 0.050700 0.049800 0.024600 0.182100 0.073500 0.024500 0.128200 0.074400 0.140500 0.024700 0.130600 0.024500 0.024700 0.024600 0.078000 0.076200
BarbaryShe 0.024800 0.348600 0.080000 0.301400 0.050800 0.000100 0.050800 0.025000 0.134400 0.127900 0.000100 0.025100 0.025400 0.025500 0.025300 0.051400 0.025000 0.025000 0.000100 0.079400 0.051000 0.000000 0.074400 0.091800 0.000100 0.050900 0.025000 0.079400 0.051700 0.079400 0.127900 0.025400 0.050000 0.025100 0.051400 0.142900 0.000100 0.050800 0.025000 0.183600 0.074400 0.077400 0.129900 0.075500 0.142900 0.025100 0.132100 0.025000 0.025100 0.025100 0.079400 0.077700
Daviddeer 0.098900 0.368000 0.102000 0.267500 0.073200 0.074800 0.073200 0.048100 0.154900 0.045900 0.074300 0.047600 0.048600 0.024200 0.048400 0.073900 0.047500 0.047500 0.074300 0.101300 0.073500 0.074400 0.000000 0.047800 0.073800 0.073300 0.048100 0.101300 0.074300 0.101300 0.045900 0.048700 0.023100 0.048200 0.074000 0.160600 0.074300 0.073200 0.048000 0.094100 0.000000 0.099100 0.046400 0.046500 0.160600 0.048100 0.152900 0.048100 0.023900 0.047400 0.101300 0.099600
Reindeer 0.103400 0.384100 0.107100 0.280800 0.076400 0.078400 0.076400 0.050100 0.162400 0.085300 0.077700 0.049600 0.050900 0.051100 0.050600 0.077300 0.049800 0.049800 0.077700 0.106200 0.076700 0.091800 0.047800 0.000000 0.077200 0.076500 0.050100 0.106200 0.077900 0.106200 0.085300 0.050800 0.024000 0.050200 0.077400 0.169100 0.077700 0.076400 0.050300 0.096900 0.047800 0.103500 0.054100 0.000100 0.169100 0.050300 0.160000 0.050100 0.050400 0.049700 0.106200 0.104200
Ibex 0.024600 0.345500 0.079100 0.300000 0.050300 0.000100 0.050300 0.024700 0.133000 0.127300 0.000100 0.024800 0.025100 0.025300 0.025000 0.050900 0.024800 0.024800 0.000100 0.078500 0.050500 0.000100 0.073800 0.077200 0.000000 0.050300 0.024700 0.078500 0.051200 0.078500 0.127300 0.025100 0.049500 0.024800 0.050900 0.141400 0.000100 0.050300 0.024700 0.182400 0.073800 0.076600 0.129100 0.074700 0.141400 0.024800 0.131000 0.024700 0.024900 0.024800 0.078500 0.076900
GyrantGaze 0.075800 0.420700 0.078600 0.230500 0.049800 0.051100 0.049800 0.024500 0.132100 0.126200 0.050700 0.024500 0.024700 0.024800 0.024500 0.000200 0.024400 0.024400 0.050700 0.078100 0.000100 0.050900 0.073300 0.076500 0.050300 0.000000 0.024500 0.078100 0.000300 0.078100 0.126200 0.024700 0.049100 0.024500 0.050400 0.140100 0.050700 0.049800 0.024400 0.182000 0.073300 0.024400 0.128100 0.074300 0.140100 0.024500 0.130300 0.024500 0.024600 0.024400 0.078100 0.076400
Hartebeest 0.049500 0.383800 0.051400 0.261400 0.024500 0.025100 0.024500 0.000000 0.103300 0.099200 0.024800 0.000100 0.000100 0.000200 0.000100 0.024800 0.000100 0.000100 0.024800 0.050800 0.024500 0.025000 0.048100 0.050100 0.024700 0.024500 0.000000 0.050800 0.024900 0.050800 0.099200 0.000100 0.024200 0.000100 0.024700 0.109800 0.024800 0.024500 0.000100 0.152400 0.048100 0.049800 0.100600 0.048600 0.109800 0.000100 0.102000 0.000000 0.000100 0.000100 0.050800 0.049800
Bongo 0.104600 0.473600 0.000100 0.304400 0.077300 0.079700 0.077700 0.050800 0.050700 0.157000 0.078800 0.051200 0.051700 0.052200 0.051500 0.078900 0.051100 0.051100 0.078800 0.000000 0.078000 0.079400 0.101300 0.106200 0.078500 0.078100 0.050800 0.000000 0.079400 0.000000 0.157000 0.051900 0.076600 0.051200 0.078300 0.054000 0.078800 0.077300 0.051000 0.215500 0.101300 0.105400 0.159400 0.102800 0.054000 0.051100 0.162600 0.045700 0.051200 0.051100 0.000000 0.050600
Gerenuk 0.077100 0.427200 0.079900 0.233400 0.050600 0.051900 0.050600 0.024900 0.133600 0.127900 0.051600 0.025000 0.025200 0.025300 0.025000 0.000100 0.024900 0.024900 0.051600 0.079400 0.000100 0.051700 0.074300 0.077900 0.051200 0.000300 0.024900 0.079400 0.000000 0.079400 0.127900 0.025200 0.049900 0.025000 0.051300 0.142700 0.051600 0.050600 0.024900 0.184400 0.074300 0.024700 0.129700 0.075400 0.142700 0.024900 0.132500 0.024900 0.025000 0.024900 0.079400 0.076100
CommonElan 0.104600 0.473600 0.000100 0.304400 0.077300 0.079700 0.077700 0.050800 0.050700 0.157000 0.078800 0.051200 0.051700 0.052200 0.051500 0.078900 0.051100 0.051100 0.078800 0.000000 0.078000 0.079400 0.101300 0.106200 0.078500 0.078100 0.050800 0.000000 0.079400 0.000000 0.157000 0.051900 0.076600 0.051200 0.078300 0.054000 0.078800 0.077300 0.051000 0.215500 0.101300 0.105400 0.159400 0.102800 0.054000 0.051100 0.162600 0.050800 0.051200 0.051100 0.000000 0.050600
MuntiacusR 0.153500 0.452300 0.158100 0.337700 0.126200 0.128800 0.119400 0.099200 0.214400 0.000000 0.127900 0.098100 0.100400 0.075500 0.100200 0.127000 0.098000 0.098000 0.127900 0.157000 0.126300 0.127900 0.045900 0.085300 0.127300 0.126200 0.099200 0.157000 0.127900 0.157000 0.000000 0.100800 0.071400 0.099500 0.098400 0.222100 0.127900 0.126200 0.099000 0.119900 0.045900 0.153900 0.046000 0.070700 0.222100 0.099300 0.211700 0.099200 0.074300 0.097900 0.157000 0.154600
HarveysDui 0.050400 0.483500 0.052300 0.232000 0.024800 0.025500 0.024900 0.000100 0.105500 0.100800 0.025300 0.000200 0.000300 0.000100 0.000300 0.025100 0.000300 0.000300 0.025300 0.051900 0.025000 0.025400 0.048700 0.050800 0.025100 0.024700 0.000100 0.051900 0.025200 0.051900 0.100800 0.000000 0.024400 0.000200 0.025200 0.111900 0.025300 0.024800 0.000200 0.126200 0.048700 0.050400 0.102200 0.049300 0.111900 0.000200 0.103800 0.000100 0.000200 0.000300 0.051900 0.050800
Pronghorn 0.074600 0.339100 0.077100 0.221300 0.049200 0.050300 0.049100 0.024200 0.130000 0.071400 0.049900 0.023900 0.024500 0.024600 0.024300 0.049600 0.023900 0.023900 0.049900 0.076600 0.049300 0.050000 0.023100 0.024000 0.049500 0.049100 0.024200 0.076600 0.049900 0.076600 0.071400 0.024400 0.000000 0.024200 0.049700 0.135200 0.049900 0.049200 0.024100 0.121800 0.023100 0.074700 0.072200 0.023300 0.135200 0.024200 0.128000 0.024200 0.024300 0.023900 0.076600 0.075200
BlueWildeb 0.049800 0.384100 0.051600 0.261900 0.024600 0.025200 0.024600 0.000100 0.104000 0.099500 0.025000 0.000100 0.000200 0.000300 0.000200 0.024800 0.000200 0.000200 0.025000 0.051200 0.024700 0.025100 0.048200 0.050200 0.024800 0.024500 0.000100 0.051200 0.025000 0.051200 0.099500 0.000200 0.024200 0.000000 0.024900 0.110200 0.025000 0.024600 0.000100 0.152900 0.048200 0.049900 0.100900 0.048800 0.110200 0.000100 0.102200 0.000100 0.000100 0.000200 0.051200 0.050200
Gemsbok 0.076300 0.432100 0.079200 0.300200 0.050300 0.051600 0.050500 0.024700 0.132900 0.098400 0.051000 0.024900 0.025200 0.025400 0.025100 0.050900 0.024900 0.024900 0.051000 0.078300 0.050400 0.051400 0.074000 0.077400 0.050900 0.050400 0.024700 0.078300 0.051300 0.078300 0.098400 0.025200 0.049700 0.024900 0.000000 0.141700 0.051000 0.050300 0.024800 0.182900 0.074000 0.076800 0.129400 0.074900 0.141700 0.024900 0.131400 0.024700 0.024900 0.024900 0.078300 0.076800
Yak 0.169900 0.581000 0.054400 0.389500 0.139600 0.143500 0.139700 0.109800 0.109600 0.222100 0.142400 0.108300 0.109200 0.112500 0.110900 0.141700 0.108200 0.108200 0.142400 0.054000 0.140500 0.142900 0.160600 0.169100 0.141400 0.140100 0.109800 0.054000 0.142700 0.054000 0.222100 0.111900 0.135200 0.110200 0.141700 0.000000 0.142400 0.139600 0.109700 0.285000 0.160600 0.170600 0.225300 0.163100 0.000000 0.110100 0.234400 0.109800 0.110200 0.108300 0.054000 0.109400
BlueSheep 0.024600 0.348300 0.079700 0.301400 0.050500 0.000100 0.050600 0.024800 0.133400 0.127900 0.000000 0.025000 0.025300 0.025500 0.025200 0.051200 0.025000 0.025000 0.000000 0.078800 0.050700 0.000100 0.074300 0.077700 0.000100 0.050700 0.024800 0.078800 0.051600 0.078800 0.127900 0.025300 0.049900 0.025000 0.051000 0.142400 0.000000 0.050500 0.024900 0.183400 0.074300 0.077200 0.129800 0.075200 0.142400 0.025000 0.131800 0.024800 0.025000 0.025000 0.078800 0.077100
BohorReedb 0.075500 0.347300 0.078200 0.293400 0.000000 0.051100 0.049900 0.024500 0.131200 0.126200 0.050500 0.024600 0.024800 0.024900 0.024700 0.050300 0.024500 0.024500 0.050500 0.077300 0.049800 0.050800 0.073200 0.076400 0.050300 0.049800 0.024500 0.077300 0.050600 0.077300 0.126200 0.024800 0.049200 0.024600 0.050300 0.139600 0.050500 0.000000 0.024500 0.180300 0.073200 0.024400 0.127800 0.074100 0.139600 0.024600 0.129500 0.024500 0.024700 0.024600 0.077300 0.076000
KirksDik 0.049600 0.383800 0.051400 0.261200 0.024500 0.025100 0.024500 0.000100 0.103700 0.099000 0.024900 0.000100 0.000200 0.000300 0.000200 0.024800 0.000100 0.000100 0.024900 0.051000 0.024600 0.025000 0.048000 0.050300 0.024700 0.024400 0.000100 0.051000 0.024900 0.051000 0.099000 0.000200 0.024100 0.000100 0.024800 0.109700 0.024900 0.024500 0.000000 0.152300 0.048000 0.049700 0.100500 0.048600 0.109700 0.000100 0.101900 0.000100 0.000100 0.000200 0.051000 0.050000
RoeDeer 0.151700 0.531700 0.217000 0.303900 0.180300 0.184700 0.180900 0.152400 0.276200 0.119900 0.183400 0.150700 0.154400 0.100900 0.153900 0.183200 0.150600 0.150600 0.183400 0.215500 0.182100 0.183600 0.094100 0.096900 0.182400 0.182000 0.152400 0.215500 0.184400 0.215500 0.119900 0.126200 0.121800 0.152900 0.182900 0.285000 0.183400 0.180300 0.152300 0.000000 0.094100 0.210300 0.121000 0.094300 0.285000 0.152700 0.274300 0.152400 0.126700 0.150400 0.215500 0.211900
WhiteLippe 0.098900 0.368000 0.102000 0.267500 0.073200 0.074800 0.073200 0.048100 0.154900 0.045900 0.074300 0.047600 0.048600 0.024200 0.048400 0.073900 0.047500 0.047500 0.074300 0.101300 0.073500 0.074400 0.000000 0.047800 0.073800 0.073300 0.048100 0.101300 0.074300 0.101300 0.045900 0.048700 0.023100 0.048200 0.074000 0.160600 0.074300 0.073200 0.048000 0.094100 0.000000 0.099100 0.046400 0.046500 0.160600 0.048100 0.152900 0.048100 0.023900 0.047400 0.101300 0.099600
ThomsonGaz 0.102500 0.381600 0.106200 0.261200 0.024400 0.077700 0.075900 0.049800 0.160800 0.153900 0.077200 0.049900 0.050300 0.050700 0.050100 0.024600 0.049700 0.049700 0.077200 0.105400 0.024500 0.077400 0.099100 0.103500 0.076600 0.024400 0.049800 0.105400 0.024700 0.105400 0.153900 0.050400 0.074700 0.049900 0.076800 0.170600 0.077200 0.024400 0.049700 0.210300 0.099100 0.000000 0.155900 0.100300 0.170600 0.049900 0.158500 0.049800 0.050000 0.049800 0.105400 0.103300
MuntiacusC 0.155400 0.449500 0.160500 0.338900 0.127800 0.130700 0.121500 0.100600 0.217100 0.046000 0.129800 0.099400 0.101800 0.076500 0.101500 0.128900 0.099300 0.099300 0.129800 0.159400 0.128200 0.129900 0.046400 0.054100 0.129100 0.128100 0.100600 0.159400 0.129700 0.159400 0.046000 0.102200 0.072200 0.100900 0.129400 0.225300 0.129800 0.127800 0.100500 0.121000 0.046400 0.155900 0.000000 0.071600 0.225300 0.100700 0.214000 0.100600 0.075300 0.099300 0.159400 0.156700
WhiteTaile 0.100100 0.373200 0.103500 0.271500 0.074100 0.075800 0.074100 0.048600 0.157100 0.070700 0.075200 0.048100 0.049300 0.049700 0.049000 0.074900 0.048100 0.048100 0.075200 0.102800 0.074400 0.075500 0.046500 0.000100 0.074700 0.074300 0.048600 0.102800 0.075400 0.102800 0.070700 0.049300 0.023300 0.048800 0.074900 0.163100 0.075200 0.074100 0.048600 0.094300 0.046500 0.100300 0.071600 0.000000 0.163100 0.048700 0.155100 0.048600 0.048900 0.048200 0.102800 0.100900
Cattle 0.169900 0.581000 0.054400 0.389500 0.139600 0.143500 0.139700 0.109800 0.109600 0.222100 0.142400 0.108300 0.109200 0.112500 0.110900 0.141700 0.108200 0.108200 0.142400 0.054000 0.140500 0.142900 0.160600 0.169100 0.141400 0.140100 0.109800 0.054000 0.142700 0.054000 0.222100 0.111900 0.135200 0.110200 0.141700 0.000000 0.142400 0.139600 0.109700 0.285000 0.160600 0.170600 0.225300 0.163100 0.000000 0.110100 0.234400 0.109800 0.110200 0.108300 0.054000 0.109400
RoyalAntel 0.049800 0.384500 0.051500 0.261800 0.024600 0.025200 0.024600 0.000100 0.104000 0.099300 0.025000 0.000100 0.000200 0.000300 0.000200 0.024800 0.000200 0.000200 0.025000 0.051100 0.024700 0.025100 0.048100 0.050300 0.024800 0.024500 0.000100 0.051100 0.024900 0.051100 0.099300 0.000200 0.024200 0.000100 0.024900 0.110100 0.025000 0.024600 0.000100 0.152700 0.048100 0.049900 0.100700 0.048700 0.110100 0.000000 0.102300 0.000100 0.000100 0.000200 0.051100 0.050100
Steenbok 0.158100 0.462600 0.163200 0.333900 0.129500 0.132400 0.129700 0.102000 0.221300 0.211700 0.131800 0.102300 0.103500 0.104800 0.103100 0.131500 0.102200 0.102200 0.131800 0.162600 0.130600 0.132100 0.152900 0.160000 0.131000 0.130300 0.102000 0.162600 0.132500 0.162600 0.211700 0.103800 0.128000 0.102200 0.131400 0.234400 0.131800 0.129500 0.101900 0.274300 0.152900 0.158500 0.214000 0.155100 0.234400 0.102300 0.000000 0.102000 0.102700 0.102200 0.162600 0.158900
Impala 0.049500 0.383800 0.051400 0.261400 0.024500 0.025100 0.024500 0.000000 0.103300 0.099200 0.024800 0.000100 0.000100 0.000200 0.000100 0.024800 0.000100 0.000100 0.024800 0.050800 0.024500 0.025000 0.048100 0.050100 0.024700 0.024500 0.000000 0.045700 0.024900 0.050800 0.099200 0.000100 0.024200 0.000100 0.024700 0.109800 0.024800 0.024500 0.000100 0.152400 0.048100 0.049800 0.100600 0.048600 0.109800 0.000100 0.102000 0.000000 0.000100 0.000100 0.050800 0.049800
Klipspring 0.049900 0.387700 0.051600 0.262900 0.024700 0.025200 0.024700 0.000100 0.104200 0.074300 0.025000 0.000100 0.000200 0.024500 0.000200 0.024900 0.000200 0.000200 0.025000 0.051200 0.024700 0.025100 0.023900 0.050400 0.024900 0.024600 0.000100 0.051200 0.025000 0.051200 0.074300 0.000200 0.024300 0.000100 0.024900 0.110200 0.025000 0.024700 0.000100 0.126700 0.023900 0.050000 0.075300 0.048900 0.110200 0.000100 0.102700 0.000100 0.000000 0.000200 0.051200 0.050300
ForestMusk 0.049800 0.379300 0.051500 0.277700 0.024600 0.025200 0.024600 0.000100 0.104000 0.097900 0.025000 0.000100 0.000200 0.000400 0.000300 0.024700 0.000100 0.000100 0.025000 0.051100 0.024600 0.025100 0.047400 0.049700 0.024800 0.024400 0.000100 0.051100 0.024900 0.051100 0.097900 0.000300 0.023900 0.000200 0.024900 0.108300 0.025000 0.024600 0.000200 0.150400 0.047400 0.049800 0.099300 0.048200 0.108300 0.000200 0.102200 0.000100 0.000200 0.000000 0.051100 0.050200
Bushbuck 0.104600 0.473600 0.000100 0.304400 0.077300 0.079700 0.077700 0.050800 0.050700 0.157000 0.078800 0.051200 0.051700 0.052200 0.051500 0.078900 0.051100 0.051100 0.078800 0.000000 0.078000 0.079400 0.101300 0.106200 0.078500 0.078100 0.050800 0.000000 0.079400 0.000000 0.157000 0.051900 0.076600 0.051200 0.078300 0.054000 0.078800 0.077300 0.051000 0.215500 0.101300 0.105400 0.159400 0.102800 0.054000 0.051100 0.162600 0.050800 0.051200 0.051100 0.000000 0.050600
GreaterKud 0.102600 0.383800 0.050200 0.335300 0.076000 0.077400 0.076300 0.049800 0.049300 0.154600 0.077100 0.050200 0.048400 0.051200 0.050500 0.077100 0.050100 0.050100 0.077100 0.050600 0.076200 0.077700 0.099600 0.104200 0.076900 0.076400 0.049800 0.050600 0.076100 0.050600 0.154600 0.050800 0.075200 0.050200 0.076800 0.109400 0.077100 0.076000 0.050000 0.211900 0.099600 0.103300 0.156700 0.100900 0.109400 0.050100 0.158900 0.049800 0.050300 0.050200 0.050600 0.000000
