1
52 1
Argali 0.000000 0.311200 0.074400 0.343400 0.057400 0.000000 0.049600 0.074800 0.083400 0.075500 0.015800 0.084000 0.023800 0.073900 0.130200 0.065800 0.074400 0.090800 0.040800 0.075100 0.057700 0.024100 0.099600 0.090400 0.023700 0.066500 0.023600 0.075100 0.065900 0.082800 0.083900 0.074100 0.099200 0.024300 0.065400 0.058000 0.007900 0.066800 0.091400 0.090800 0.083100 0.057500 0.075500 0.074600 0.049300 0.058700 0.082400 0.066700 0.114400 0.066600 0.066200 0.066200
LesserMous 0.311200 0.000000 0.274100 0.319400 0.297500 0.311200 0.276800 0.275200 0.307900 0.300200 0.299900 0.344700 0.298700 0.294200 0.334200 0.306300 0.284000 0.292400 0.298300 0.298500 0.297300 0.309500 0.292500 0.315800 0.309700 0.310300 0.298700 0.298500 0.307100 0.295300 0.288100 0.295100 0.324400 0.298700 0.328700 0.321700 0.300500 0.300200 0.338900 0.314400 0.284600 0.296300 0.300200 0.296500 0.309300 0.314500 0.326400 0.299100 0.296800 0.254800 0.286400 0.286400
LesserKudu 0.074400 0.274100 0.000000 0.326900 0.065000 0.074400 0.074400 0.065400 0.023800 0.083000 0.065800 0.057000 0.065600 0.098600 0.137600 0.073400 0.099300 0.064200 0.082600 0.015900 0.065300 0.082600 0.089600 0.098400 0.074000 0.074200 0.065600 0.015500 0.073500 0.023700 0.091300 0.098900 0.106700 0.065600 0.107600 0.032200 0.065900 0.074500 0.064600 0.098000 0.090400 0.048500 0.083000 0.082000 0.023200 0.083900 0.072900 0.091900 0.087400 0.074300 0.007900 0.007700
KillerWhal 0.343400 0.319400 0.326900 0.000000 0.304100 0.343400 0.343700 0.354900 0.317200 0.308400 0.331200 0.352400 0.329200 0.397200 0.420700 0.328200 0.302800 0.321500 0.328900 0.307400 0.353700 0.353100 0.335000 0.324400 0.317000 0.355000 0.329200 0.307400 0.339100 0.337400 0.317700 0.398200 0.368000 0.329200 0.335800 0.354000 0.332000 0.332000 0.371600 0.299300 0.315300 0.352400 0.308400 0.304400 0.340400 0.384600 0.383900 0.319500 0.314400 0.341900 0.316700 0.316700
DefassaWat 0.057400 0.297500 0.065000 0.304100 0.000000 0.057400 0.074600 0.065500 0.073700 0.083200 0.048900 0.091700 0.048800 0.098900 0.138000 0.073500 0.099600 0.098300 0.065500 0.065600 0.065500 0.065500 0.107200 0.098600 0.057100 0.074300 0.048800 0.065600 0.073700 0.073300 0.091500 0.099200 0.124500 0.048800 0.073100 0.065800 0.049000 0.040700 0.081600 0.081100 0.090600 0.065300 0.083200 0.082200 0.057100 0.084200 0.090100 0.092000 0.121700 0.091900 0.056900 0.056900
Sheep 0.000000 0.311200 0.074400 0.343400 0.057400 0.000000 0.049600 0.074800 0.083400 0.075500 0.016100 0.084000 0.023500 0.073900 0.130200 0.065800 0.074400 0.090900 0.040800 0.075100 0.057700 0.024100 0.099700 0.091100 0.024200 0.066500 0.023900 0.075100 0.065900 0.082800 0.083900 0.074100 0.099200 0.024300 0.065400 0.058000 0.008000 0.066800 0.091400 0.090800 0.083100 0.057500 0.075500 0.074600 0.049300 0.058700 0.082400 0.066700 0.112900 0.066600 0.066200 0.066200
MaxwellsDu 0.049600 0.276800 0.074400 0.343700 0.074600 0.049600 0.000000 0.074900 0.083400 0.075600 0.041100 0.084000 0.041000 0.040300 0.130200 0.065800 0.057200 0.090900 0.057800 0.075100 0.057700 0.057700 0.099700 0.091200 0.049300 0.066600 0.038800 0.075100 0.065900 0.082900 0.083900 0.040400 0.099300 0.041000 0.082700 0.057900 0.041200 0.066900 0.091400 0.090800 0.083100 0.057600 0.075600 0.074600 0.049300 0.058700 0.082500 0.066700 0.114400 0.066600 0.066200 0.066200
GazellaPrz 0.074800 0.275200 0.065400 0.354900 0.065500 0.074800 0.074900 0.000000 0.074200 0.101400 0.066200 0.109900 0.066000 0.081300 0.138600 0.038900 0.099900 0.098800 0.083100 0.066000 0.015500 0.065900 0.090100 0.099200 0.074400 0.040700 0.066000 0.066000 0.038900 0.073600 0.109800 0.099400 0.107200 0.066000 0.090700 0.083400 0.066300 0.057800 0.065100 0.081500 0.091000 0.032200 0.101400 0.100200 0.074400 0.084400 0.056500 0.110400 0.105000 0.092200 0.057200 0.057200
MountainNy 0.083400 0.307900 0.023800 0.317200 0.073700 0.083400 0.083400 0.074200 0.000000 0.092000 0.074600 0.065700 0.074400 0.107700 0.147500 0.082200 0.108500 0.072800 0.091600 0.007900 0.074100 0.091600 0.098500 0.107500 0.082900 0.083100 0.074400 0.007900 0.082400 0.031500 0.100400 0.108000 0.115800 0.074400 0.116800 0.040500 0.074800 0.083500 0.073200 0.107000 0.099400 0.057000 0.092000 0.090900 0.032100 0.093100 0.081700 0.119200 0.096100 0.100800 0.015500 0.015600
MuntiacusM 0.075500 0.300200 0.083000 0.308400 0.083200 0.075500 0.075600 0.101400 0.092000 0.000000 0.066800 0.092800 0.066600 0.100100 0.158700 0.091800 0.065900 0.065100 0.066500 0.083700 0.083200 0.083800 0.040100 0.048500 0.075100 0.092900 0.066700 0.083700 0.092000 0.091400 0.007900 0.100400 0.090600 0.066600 0.082800 0.066600 0.066900 0.093300 0.100100 0.048300 0.023400 0.083400 0.000000 0.032400 0.057800 0.085200 0.108800 0.111400 0.088500 0.075400 0.074700 0.074700
goat 0.015800 0.299900 0.065800 0.331200 0.048900 0.016100 0.041100 0.066200 0.074600 0.066800 0.000000 0.075200 0.016100 0.065400 0.120800 0.057300 0.065800 0.082200 0.032500 0.066400 0.049200 0.023200 0.090900 0.082400 0.007800 0.057900 0.016100 0.066400 0.057400 0.074200 0.075400 0.065600 0.090500 0.015600 0.056900 0.049500 0.008000 0.058200 0.082700 0.082100 0.074400 0.049100 0.066800 0.066000 0.040900 0.050100 0.073800 0.058000 0.105700 0.058000 0.057600 0.057600
AfricanBuf 0.084000 0.344700 0.057000 0.352400 0.091700 0.084000 0.084000 0.109900 0.065700 0.092800 0.075200 0.000000 0.075100 0.108600 0.167900 0.100300 0.091400 0.090500 0.092400 0.057500 0.092100 0.092300 0.099300 0.108300 0.066100 0.101400 0.075100 0.057500 0.082800 0.065300 0.101200 0.108300 0.116700 0.075100 0.099800 0.040800 0.075400 0.066400 0.091000 0.089500 0.100200 0.074500 0.092800 0.091600 0.032400 0.093900 0.099700 0.101700 0.096600 0.101700 0.048900 0.048900
Topi 0.023800 0.298700 0.065600 0.329200 0.048800 0.023500 0.041000 0.066000 0.074400 0.066600 0.016100 0.075100 0.000000 0.065200 0.120400 0.057100 0.065700 0.082200 0.032400 0.066200 0.049000 0.032400 0.090700 0.082200 0.024200 0.057700 0.000000 0.066200 0.057200 0.074000 0.075000 0.065400 0.090300 0.000000 0.039000 0.049400 0.015700 0.058000 0.082500 0.081900 0.074200 0.048800 0.066600 0.065800 0.040800 0.050000 0.073600 0.057900 0.105400 0.057900 0.057500 0.057500
CommonDuik 0.073900 0.294200 0.098600 0.397200 0.098900 0.073900 0.040300 0.081300 0.107700 0.100100 0.065400 0.108600 0.065200 0.000000 0.155200 0.089900 0.098700 0.115100 0.082100 0.099500 0.064900 0.065000 0.106400 0.097900 0.073500 0.090900 0.065200 0.099500 0.090100 0.107100 0.090900 0.031500 0.105900 0.065000 0.107000 0.082400 0.065500 0.091300 0.115700 0.097600 0.107400 0.081700 0.100100 0.098900 0.073600 0.083400 0.106600 0.108900 0.120900 0.091100 0.090400 0.090400
Suni 0.130200 0.334200 0.137600 0.420700 0.138000 0.130200 0.130200 0.138600 0.147500 0.158700 0.120800 0.167900 0.120400 0.155200 0.000000 0.146800 0.137600 0.173300 0.138700 0.138900 0.138400 0.138700 0.183500 0.174200 0.129400 0.129800 0.120400 0.138900 0.147100 0.146500 0.167500 0.155700 0.182400 0.120400 0.165000 0.139300 0.121100 0.130500 0.174600 0.173500 0.146900 0.138100 0.158700 0.156800 0.129400 0.141000 0.164500 0.149300 0.197500 0.148700 0.129000 0.129000
Springbuck 0.065800 0.306300 0.073400 0.328200 0.073500 0.065800 0.065800 0.038900 0.082200 0.091800 0.057300 0.100300 0.057100 0.089900 0.146800 0.000000 0.090600 0.089600 0.073900 0.074100 0.023400 0.073900 0.115800 0.107300 0.065400 0.032200 0.057100 0.074100 0.030600 0.081700 0.100300 0.090200 0.114100 0.057100 0.081500 0.074300 0.057400 0.065900 0.056300 0.089600 0.099300 0.023900 0.091800 0.090800 0.065400 0.075100 0.047900 0.100800 0.113000 0.082800 0.065200 0.065200
Okapi 0.074400 0.284000 0.099300 0.302800 0.099600 0.074400 0.057200 0.099900 0.108500 0.065900 0.065800 0.091400 0.065700 0.098700 0.137600 0.090600 0.000000 0.064400 0.065500 0.100200 0.082500 0.082600 0.089800 0.081400 0.056700 0.074200 0.065700 0.100200 0.073400 0.107800 0.074200 0.099000 0.089400 0.065700 0.073000 0.083000 0.066000 0.074400 0.098900 0.064200 0.056600 0.082300 0.065900 0.063000 0.074000 0.084000 0.107300 0.074200 0.087400 0.074300 0.091000 0.091000
Giraffe 0.090800 0.292400 0.064200 0.321500 0.098300 0.090900 0.090900 0.098800 0.072800 0.065100 0.082200 0.090500 0.082200 0.115100 0.173300 0.089600 0.064400 0.000000 0.081800 0.064800 0.081600 0.099000 0.072000 0.081200 0.090400 0.090500 0.082000 0.064800 0.089700 0.072400 0.073300 0.115400 0.088600 0.082000 0.106600 0.065000 0.082400 0.108500 0.064000 0.080100 0.072600 0.064500 0.065100 0.064400 0.056400 0.100700 0.089100 0.126400 0.070200 0.090700 0.056200 0.056200
TibetanAnt 0.040800 0.298300 0.082600 0.328900 0.065500 0.040800 0.057800 0.083100 0.091600 0.066500 0.032500 0.092400 0.032400 0.082100 0.138700 0.073900 0.065500 0.081800 0.000000 0.083400 0.065800 0.048900 0.090500 0.082000 0.040600 0.074800 0.032400 0.083400 0.074100 0.091100 0.074800 0.082400 0.090100 0.032400 0.056700 0.066300 0.031600 0.075100 0.099600 0.081700 0.074000 0.065700 0.066500 0.065700 0.057500 0.067100 0.090600 0.074900 0.105200 0.074900 0.074400 0.074400
Sitatunga 0.075100 0.298500 0.015900 0.307400 0.065600 0.075100 0.075100 0.066000 0.007900 0.083700 0.066400 0.057500 0.066200 0.099500 0.138900 0.074100 0.100200 0.064800 0.083400 0.000000 0.065900 0.083300 0.090400 0.099200 0.074700 0.074900 0.066200 0.000000 0.074200 0.023900 0.092100 0.099800 0.107600 0.066200 0.108500 0.032500 0.066600 0.075200 0.064400 0.098800 0.091200 0.047600 0.083700 0.082700 0.024100 0.084700 0.073600 0.110700 0.088100 0.092500 0.007800 0.007800
Oribi 0.057700 0.297300 0.065300 0.353700 0.065500 0.057700 0.057700 0.015500 0.074100 0.083200 0.049200 0.092100 0.049000 0.064900 0.138400 0.023400 0.082500 0.081600 0.065800 0.065900 0.000000 0.048900 0.090200 0.081800 0.057400 0.024200 0.047200 0.065900 0.023100 0.073600 0.092000 0.082100 0.089800 0.049000 0.073500 0.066100 0.049300 0.057700 0.048400 0.064600 0.090300 0.016000 0.083600 0.082700 0.057400 0.066900 0.040000 0.092500 0.088000 0.074700 0.057200 0.057200
BarbaryShe 0.024100 0.309500 0.082600 0.353100 0.065500 0.024100 0.057700 0.065900 0.091600 0.083800 0.023200 0.092300 0.032400 0.065000 0.138700 0.073900 0.082600 0.099000 0.048900 0.083300 0.048900 0.000000 0.073100 0.082000 0.032200 0.074700 0.032200 0.083300 0.074000 0.073600 0.092200 0.082300 0.090000 0.030900 0.073500 0.066200 0.015600 0.075100 0.099600 0.081600 0.091300 0.065700 0.083800 0.082800 0.057500 0.049700 0.090600 0.074900 0.105200 0.057600 0.074300 0.074300
Daviddeer 0.099600 0.292500 0.089600 0.335000 0.107200 0.099700 0.099700 0.090100 0.098500 0.040100 0.090900 0.099300 0.090700 0.106400 0.183500 0.115800 0.089800 0.072000 0.090500 0.090400 0.090200 0.073100 0.000000 0.054500 0.099200 0.117100 0.090700 0.090400 0.116000 0.080700 0.048100 0.124400 0.080200 0.090700 0.107400 0.073500 0.091100 0.117600 0.106500 0.055400 0.031500 0.090100 0.040100 0.056100 0.064800 0.091700 0.115100 0.135800 0.078500 0.082000 0.081500 0.081500
Reindeer 0.090400 0.315800 0.098400 0.324400 0.098600 0.091100 0.091200 0.099200 0.107500 0.048500 0.082400 0.108300 0.082200 0.097900 0.174200 0.107300 0.081400 0.081200 0.082000 0.099200 0.081800 0.082000 0.054500 0.000000 0.090700 0.108500 0.082200 0.099200 0.107500 0.106800 0.056600 0.115700 0.088800 0.082200 0.106900 0.082200 0.082600 0.108900 0.115400 0.030500 0.056100 0.098900 0.048500 0.015400 0.073300 0.100900 0.124100 0.127000 0.086900 0.091000 0.090200 0.090200
Ibex 0.023700 0.309700 0.074000 0.317000 0.057100 0.024200 0.049300 0.074400 0.082900 0.075100 0.007800 0.066100 0.024200 0.073500 0.129400 0.065400 0.056700 0.090400 0.040600 0.074700 0.057400 0.032200 0.099200 0.090700 0.000000 0.066200 0.023800 0.074700 0.048600 0.082400 0.083500 0.073700 0.098700 0.023100 0.048200 0.057700 0.015600 0.049300 0.090900 0.073000 0.082700 0.057200 0.075100 0.074200 0.049100 0.058400 0.082000 0.049200 0.096500 0.066300 0.065800 0.065800
GyrantGaze 0.066500 0.310300 0.074200 0.355000 0.074300 0.066500 0.066600 0.040700 0.083100 0.092900 0.057900 0.101400 0.057700 0.090900 0.129800 0.032200 0.074200 0.090500 0.074800 0.074900 0.024200 0.074700 0.117100 0.108500 0.066200 0.000000 0.057700 0.074900 0.032300 0.082600 0.101300 0.091100 0.116500 0.057700 0.082400 0.074100 0.058000 0.066600 0.056900 0.090500 0.082800 0.024200 0.092900 0.091800 0.066100 0.075900 0.048400 0.101900 0.114200 0.083800 0.066000 0.066000
Hartebeest 0.023600 0.298700 0.065600 0.329200 0.048800 0.023900 0.038800 0.066000 0.074400 0.066700 0.016100 0.075100 0.000000 0.065200 0.120400 0.057100 0.065700 0.082000 0.032400 0.066200 0.047200 0.032200 0.090700 0.082200 0.023800 0.057700 0.000000 0.066200 0.057200 0.074000 0.075000 0.065400 0.090300 0.000000 0.040200 0.049400 0.016200 0.058000 0.082500 0.081900 0.074200 0.047300 0.066600 0.065800 0.039400 0.050000 0.073600 0.057900 0.105400 0.057900 0.057500 0.057500
Bongo 0.075100 0.298500 0.015500 0.307400 0.065600 0.075100 0.075100 0.066000 0.007900 0.083700 0.066400 0.057500 0.066200 0.099500 0.138900 0.074100 0.100200 0.064800 0.083400 0.000000 0.065900 0.083300 0.090400 0.099200 0.074700 0.074900 0.066200 0.000000 0.074200 0.023900 0.092100 0.099800 0.107600 0.066200 0.108500 0.032500 0.066600 0.075200 0.065200 0.098800 0.091200 0.048900 0.083700 0.082700 0.023200 0.084700 0.073600 0.110700 0.088100 0.092500 0.008000 0.008000
Gerenuk 0.065900 0.307100 0.073500 0.339100 0.073700 0.065900 0.065900 0.038900 0.082400 0.092000 0.057400 0.082800 0.057200 0.090100 0.147100 0.030600 0.073400 0.089700 0.074100 0.074200 0.023100 0.074000 0.116000 0.107500 0.048600 0.032300 0.057200 0.074200 0.000000 0.081800 0.100300 0.089400 0.115500 0.057200 0.064600 0.074400 0.057500 0.048900 0.056400 0.072600 0.099400 0.023900 0.092000 0.090900 0.065500 0.075200 0.045400 0.083100 0.095900 0.083000 0.065300 0.065300
CommonElan 0.082800 0.295300 0.023700 0.337400 0.073300 0.082800 0.082900 0.073600 0.031500 0.091400 0.074200 0.065300 0.074000 0.107100 0.146500 0.081700 0.107800 0.072400 0.091100 0.023900 0.073600 0.073600 0.080700 0.106800 0.082400 0.082600 0.074000 0.023900 0.081800 0.000000 0.099800 0.107400 0.115100 0.074000 0.116100 0.040300 0.073200 0.083000 0.072800 0.106300 0.098800 0.056600 0.091400 0.090400 0.032000 0.074800 0.081200 0.118400 0.095600 0.082500 0.015400 0.015400
MuntiacusR 0.083900 0.288100 0.091300 0.317700 0.091500 0.083900 0.083900 0.109800 0.100400 0.007900 0.075400 0.101200 0.075000 0.090900 0.167500 0.100300 0.074200 0.073300 0.074800 0.092100 0.092000 0.092200 0.048100 0.056600 0.083500 0.101300 0.075000 0.092100 0.100300 0.099800 0.000000 0.091200 0.097800 0.075000 0.091100 0.074900 0.075300 0.101800 0.108400 0.056400 0.032100 0.091800 0.008000 0.040500 0.066000 0.093800 0.117200 0.119900 0.095300 0.083800 0.083000 0.083000
HarveysDui 0.074100 0.295100 0.098900 0.398200 0.099200 0.074100 0.040400 0.099400 0.108000 0.100400 0.065600 0.108300 0.065400 0.031500 0.155700 0.090200 0.099000 0.115400 0.082400 0.099800 0.082100 0.082300 0.124400 0.115700 0.073700 0.091100 0.065400 0.099800 0.089400 0.107400 0.091200 0.000000 0.123800 0.065400 0.107300 0.082700 0.065700 0.091600 0.098500 0.115500 0.107700 0.081900 0.100400 0.099200 0.073800 0.083700 0.106900 0.109200 0.138800 0.091400 0.090700 0.090700
Pronghorn 0.099200 0.324400 0.106700 0.368000 0.124500 0.099200 0.099300 0.107200 0.115800 0.090600 0.090500 0.116700 0.090300 0.105900 0.182400 0.114100 0.089400 0.088600 0.090100 0.107600 0.089800 0.090000 0.080200 0.088800 0.098700 0.116500 0.090300 0.107600 0.115500 0.115100 0.097800 0.123800 0.000000 0.090300 0.115000 0.090400 0.090700 0.117100 0.123700 0.088400 0.098000 0.089700 0.090600 0.089600 0.081500 0.109200 0.114600 0.135100 0.094900 0.099100 0.098400 0.098400
BlueWildeb 0.024300 0.298700 0.065600 0.329200 0.048800 0.024300 0.041000 0.066000 0.074400 0.066600 0.015600 0.075100 0.000000 0.065000 0.120400 0.057100 0.065700 0.082000 0.032400 0.066200 0.049000 0.030900 0.090700 0.082200 0.023100 0.057700 0.000000 0.066200 0.057200 0.074000 0.075000 0.065400 0.090300 0.000000 0.040200 0.049400 0.016200 0.058000 0.082500 0.081900 0.074200 0.048900 0.066600 0.063700 0.039000 0.050000 0.073600 0.057900 0.105400 0.057900 0.057500 0.057500
Gemsbok 0.065400 0.328700 0.107600 0.335800 0.073100 0.065400 0.082700 0.090700 0.116800 0.082800 0.056900 0.099800 0.039000 0.107000 0.165000 0.081500 0.073000 0.106600 0.056700 0.108500 0.073500 0.073500 0.107400 0.106900 0.048200 0.082400 0.040200 0.108500 0.064600 0.116100 0.091100 0.107300 0.115000 0.040200 0.000000 0.091300 0.057000 0.065500 0.107100 0.072200 0.090200 0.073300 0.082800 0.090400 0.082300 0.092400 0.098100 0.082400 0.112500 0.100000 0.099100 0.099300
Yak 0.058000 0.321700 0.032200 0.354000 0.065800 0.058000 0.057900 0.083400 0.040500 0.066600 0.049500 0.040800 0.049400 0.082400 0.139300 0.074300 0.083000 0.065000 0.066300 0.032500 0.066100 0.066200 0.073500 0.082200 0.057700 0.074100 0.049400 0.032500 0.074400 0.040300 0.074900 0.082700 0.090400 0.049400 0.091300 0.000000 0.049600 0.075500 0.065300 0.081800 0.074200 0.049000 0.066600 0.065800 0.007800 0.067400 0.073800 0.093100 0.088300 0.075200 0.024100 0.024100
BlueSheep 0.007900 0.300500 0.065900 0.332000 0.049000 0.008000 0.041200 0.066300 0.074800 0.066900 0.008000 0.075400 0.015700 0.065500 0.121100 0.057400 0.066000 0.082400 0.031600 0.066600 0.049300 0.015600 0.091100 0.082600 0.015600 0.058000 0.016200 0.066600 0.057500 0.073200 0.075300 0.065700 0.090700 0.016200 0.057000 0.049600 0.000000 0.058300 0.082800 0.082300 0.074600 0.049200 0.066900 0.066100 0.038800 0.050200 0.074000 0.058200 0.105900 0.058100 0.057700 0.057700
BohorReedb 0.066800 0.300200 0.074500 0.332000 0.040700 0.066800 0.066900 0.057800 0.083500 0.093300 0.058200 0.066400 0.058000 0.091300 0.130500 0.065900 0.074400 0.108500 0.075100 0.075200 0.057700 0.075100 0.117600 0.108900 0.049300 0.066600 0.058000 0.075200 0.048900 0.083000 0.101800 0.091600 0.117100 0.058000 0.065500 0.075500 0.058300 0.000000 0.091500 0.073500 0.100800 0.057600 0.093500 0.092200 0.066500 0.076300 0.082500 0.084300 0.114300 0.084200 0.066300 0.066100
KirksDik 0.091400 0.338900 0.064600 0.371600 0.081600 0.091400 0.091400 0.065100 0.073200 0.100100 0.082700 0.091000 0.082500 0.115700 0.174600 0.056300 0.098900 0.064000 0.099600 0.064400 0.048400 0.099600 0.106500 0.115400 0.090900 0.056900 0.082500 0.065200 0.056400 0.072800 0.108400 0.098500 0.123700 0.082500 0.107100 0.065300 0.082800 0.091500 0.000000 0.097600 0.107400 0.031900 0.100100 0.098900 0.056700 0.101300 0.056000 0.127200 0.103900 0.108900 0.056500 0.055200
RoeDeer 0.090800 0.314400 0.098000 0.299300 0.081100 0.090800 0.090800 0.081500 0.107000 0.048300 0.082100 0.089500 0.081900 0.097600 0.173500 0.089600 0.064200 0.080100 0.081700 0.098800 0.064600 0.081600 0.055400 0.030500 0.073000 0.090500 0.081900 0.098800 0.072600 0.106300 0.056400 0.115500 0.088400 0.081900 0.072200 0.081800 0.082300 0.073500 0.097600 0.000000 0.055900 0.081300 0.048300 0.031600 0.073000 0.100500 0.106100 0.108300 0.070100 0.090600 0.089800 0.089800
WhiteLippe 0.083100 0.284600 0.090400 0.315300 0.090600 0.083100 0.083100 0.091000 0.099400 0.023400 0.074400 0.100200 0.074200 0.107400 0.146900 0.099300 0.056600 0.072600 0.074000 0.091200 0.090300 0.091300 0.031500 0.056100 0.082700 0.082800 0.074200 0.091200 0.099400 0.098800 0.032100 0.107700 0.098000 0.074200 0.090200 0.074200 0.074600 0.100800 0.107400 0.055900 0.000000 0.090900 0.023200 0.040100 0.065400 0.092800 0.116100 0.118800 0.095800 0.082900 0.082200 0.082200
ThomsonGaz 0.057500 0.296300 0.048500 0.352400 0.065300 0.057500 0.057600 0.032200 0.057000 0.083400 0.049100 0.074500 0.048800 0.081700 0.138100 0.023900 0.082300 0.064500 0.065700 0.047600 0.016000 0.065700 0.090100 0.098900 0.057200 0.024200 0.047300 0.048900 0.023900 0.056600 0.091800 0.081900 0.089700 0.048900 0.073300 0.049000 0.049200 0.057600 0.031900 0.081300 0.090900 0.000000 0.083400 0.082500 0.039700 0.066700 0.023100 0.092300 0.087900 0.074500 0.040400 0.040400
MuntiacusC 0.075500 0.300200 0.083000 0.308400 0.083200 0.075500 0.075600 0.101400 0.092000 0.000000 0.066800 0.092800 0.066600 0.100100 0.158700 0.091800 0.065900 0.065100 0.066500 0.083700 0.083600 0.083800 0.040100 0.048500 0.075100 0.092900 0.066600 0.083700 0.092000 0.091400 0.008000 0.100400 0.090600 0.066600 0.082800 0.066600 0.066900 0.093500 0.100100 0.048300 0.023200 0.083400 0.000000 0.032400 0.057800 0.085200 0.108800 0.111400 0.088500 0.075400 0.074700 0.074700
WhiteTaile 0.074600 0.296500 0.082000 0.304400 0.082200 0.074600 0.074600 0.100200 0.090900 0.032400 0.066000 0.091600 0.065800 0.098900 0.156800 0.090800 0.063000 0.064400 0.065700 0.082700 0.082700 0.082800 0.056100 0.015400 0.074200 0.091800 0.065800 0.082700 0.090900 0.090400 0.040500 0.099200 0.089600 0.063700 0.090400 0.065800 0.066100 0.092200 0.098900 0.031600 0.040100 0.082500 0.032400 0.000000 0.056600 0.084200 0.107500 0.110000 0.087600 0.074500 0.073800 0.073800
Cattle 0.049300 0.309300 0.023200 0.340400 0.057100 0.049300 0.049300 0.074400 0.032100 0.057800 0.040900 0.032400 0.040800 0.073600 0.129400 0.065400 0.074000 0.056400 0.057500 0.024100 0.057400 0.057500 0.064800 0.073300 0.049100 0.066100 0.039400 0.023200 0.065500 0.032000 0.066000 0.073800 0.081500 0.039000 0.082300 0.007800 0.038800 0.066500 0.056700 0.073000 0.065400 0.039700 0.057800 0.056600 0.000000 0.058500 0.065000 0.083800 0.079700 0.066300 0.016000 0.016000
RoyalAntel 0.058700 0.314500 0.083900 0.384600 0.084200 0.058700 0.058700 0.084400 0.093100 0.085200 0.050100 0.093900 0.050000 0.083400 0.141000 0.075100 0.084000 0.100700 0.067100 0.084700 0.066900 0.049700 0.091700 0.100900 0.058400 0.075900 0.050000 0.084700 0.075200 0.074800 0.093800 0.083700 0.109200 0.050000 0.092400 0.067400 0.050200 0.076300 0.101300 0.100500 0.092800 0.066700 0.085200 0.084200 0.058500 0.000000 0.083300 0.094100 0.124400 0.058500 0.075600 0.075600
Steenbok 0.082400 0.326400 0.072900 0.383900 0.090100 0.082400 0.082500 0.056500 0.081700 0.108800 0.073800 0.099700 0.073600 0.106600 0.164500 0.047900 0.107300 0.089100 0.090600 0.073600 0.040000 0.090600 0.115100 0.124100 0.082000 0.048400 0.073600 0.073600 0.045400 0.081200 0.117200 0.106900 0.114600 0.073600 0.098100 0.073800 0.074000 0.082500 0.056000 0.106100 0.116100 0.023100 0.108800 0.107500 0.065000 0.083300 0.000000 0.117800 0.112400 0.099200 0.064800 0.064800
Impala 0.066700 0.299100 0.091900 0.319500 0.092000 0.066700 0.066700 0.110400 0.119200 0.111400 0.058000 0.101700 0.057900 0.108900 0.149300 0.100800 0.074200 0.126400 0.074900 0.110700 0.092500 0.074900 0.135800 0.127000 0.049200 0.101900 0.057900 0.110700 0.083100 0.118400 0.119900 0.109200 0.135100 0.057900 0.082400 0.093100 0.058200 0.084300 0.127200 0.108300 0.118800 0.092300 0.111400 0.110000 0.083800 0.094100 0.117800 0.000000 0.131900 0.084100 0.101300 0.101300
Klipspring 0.114400 0.296800 0.087400 0.314400 0.121700 0.112900 0.114400 0.105000 0.096100 0.088500 0.105700 0.096600 0.105400 0.120900 0.197500 0.113000 0.087400 0.070200 0.105200 0.088100 0.088000 0.105200 0.078500 0.086900 0.096500 0.114200 0.105400 0.088100 0.095900 0.095600 0.095300 0.138800 0.094900 0.105400 0.112500 0.088300 0.105900 0.114300 0.103900 0.070100 0.095800 0.087900 0.088500 0.087600 0.079700 0.124400 0.112400 0.131900 0.000000 0.114200 0.079400 0.079400
ForestMusk 0.066600 0.254800 0.074300 0.341900 0.091900 0.066600 0.066600 0.092200 0.100800 0.075400 0.058000 0.101700 0.057900 0.091100 0.148700 0.082800 0.074300 0.090700 0.074900 0.092500 0.074700 0.057600 0.082000 0.091000 0.066300 0.083800 0.057900 0.092500 0.083000 0.082500 0.083800 0.091400 0.099100 0.057900 0.100000 0.075200 0.058100 0.084200 0.108900 0.090600 0.082900 0.074500 0.075400 0.074500 0.066300 0.058500 0.099200 0.084100 0.114200 0.000000 0.083300 0.083300
Bushbuck 0.066200 0.286400 0.007900 0.316700 0.056900 0.066200 0.066200 0.057200 0.015500 0.074700 0.057600 0.048900 0.057500 0.090400 0.129000 0.065200 0.091000 0.056200 0.074400 0.007800 0.057200 0.074300 0.081500 0.090200 0.065800 0.066000 0.057500 0.008000 0.065300 0.015400 0.083000 0.090700 0.098400 0.057500 0.099100 0.024100 0.057700 0.066300 0.056500 0.089800 0.082200 0.040400 0.074700 0.073800 0.016000 0.075600 0.064800 0.101300 0.079400 0.083300 0.000000 0.000000
GreaterKud 0.066200 0.286400 0.007700 0.316700 0.056900 0.066200 0.066200 0.057200 0.015600 0.074700 0.057600 0.048900 0.057500 0.090400 0.129000 0.065200 0.091000 0.056200 0.074400 0.007800 0.057200 0.074300 0.081500 0.090200 0.065800 0.066000 0.057500 0.008000 0.065300 0.015400 0.083000 0.090700 0.098400 0.057500 0.099300 0.024100 0.057700 0.066100 0.055200 0.089800 0.082200 0.040400 0.074700 0.073800 0.016000 0.075600 0.064800 0.101300 0.079400 0.083300 0.000000 0.000000
