CODONML (in paml version 4.10.7, June 2023)  /home/rachel/ruminants_paml/6406-phy-tree/ENSBTAT00000011036.fasta.phy
Model: free dN/dS Ratios for branches,  kappa = 2.000 fixed

Codon frequency model: F3x4
ns =  54  ls =  51

Codon usage in sequences
--------------------------------------------------------------------------------------------------------------------------------------
Phe TTT   0   0   0   0   0   0 | Ser TCT   0   0   0   0   1   0 | Tyr TAT   0   1   1   0   0   1 | Cys TGT   0   0   0   0   0   0
    TTC   1   1   1   1   1   1 |     TCC   5   5   5   5   4   4 |     TAC   3   2   2   3   3   2 |     TGC   0   0   0   0   0   0
Leu TTA   0   0   0   0   0   0 |     TCA   0   1   0   0   0   0 | *** TAA   0   0   0   0   0   0 | *** TGA   0   0   0   0   0   0
    TTG   0   0   0   0   0   2 |     TCG   1   0   1   1   1   2 |     TAG   0   0   0   0   0   0 | Trp TGG   1   1   1   1   1   1
--------------------------------------------------------------------------------------------------------------------------------------
Leu CTT   0   0   0   0   1   0 | Pro CCT   0   0   0   0   0   0 | His CAT   0   0   0   0   0   0 | Arg CGT   1   0   1   0   0   0
    CTC   1   1   1   1   1   1 |     CCC   0   0   0   0   0   0 |     CAC   0   0   0   0   0   0 |     CGC   1   2   1   2   2   2
    CTA   0   0   0   0   0   0 |     CCA   1   1   1   1   1   1 | Gln CAA   0   0   0   0   0   0 |     CGA   1   0   1   0   0   0
    CTG   3   3   3   3   2   1 |     CCG   0   0   0   0   0   0 |     CAG   1   1   1   1   1   1 |     CGG   0   1   0   1   1   1
--------------------------------------------------------------------------------------------------------------------------------------
Ile ATT   0   0   0   0   1   0 | Thr ACT   0   1   1   0   1   0 | Asn AAT   0   0   1   1   1   2 | Ser AGT   0   0   0   0   1   1
    ATC   1   1   1   1   0   1 |     ACC   2   1   1   2   1   2 |     AAC   3   4   2   2   2   1 |     AGC   1   1   1   1   0   0
    ATA   0   0   0   0   0   0 |     ACA   0   0   0   0   0   0 | Lys AAA   0   0   0   0   0   0 | Arg AGA   0   0   0   0   0   0
Met ATG   2   1   2   2   2   2 |     ACG   0   0   0   0   0   0 |     AAG   1   2   1   1   1   1 |     AGG   0   0   0   0   0   0
--------------------------------------------------------------------------------------------------------------------------------------
Val GTT   0   0   0   0   2   0 | Ala GCT   0   1   0   1   3   1 | Asp GAT   1   1   1   1   1   1 | Gly GGT   0   0   0   0   0   0
    GTC   1   1   1   1   0   1 |     GCC   3   3   4   3   2   4 |     GAC   2   1   2   2   2   2 |     GGC   3   3   3   3   3   3
    GTA   2   1   2   3   0   1 |     GCA   0   0   0   0   0   0 | Glu GAA   0   0   0   0   1   2 |     GGA   1   0   1   1   1   1
    GTG   3   4   3   2   4   4 |     GCG   2   1   1   1   0   0 |     GAG   3   3   3   3   2   1 |     GGG   0   1   0   0   0   0
--------------------------------------------------------------------------------------------------------------------------------------

--------------------------------------------------------------------------------------------------------------------------------------
Phe TTT   0   0   0   0   0   0 | Ser TCT   0   0   0   0   0   0 | Tyr TAT   0   0   0   1   1   0 | Cys TGT   0   0   0   0   0   0
    TTC   1   1   1   1   1   1 |     TCC   5   5   5   5   5   5 |     TAC   3   3   3   2   2   3 |     TGC   0   0   0   0   0   0
Leu TTA   0   0   0   0   0   0 |     TCA   0   0   0   0   1   0 | *** TAA   0   0   0   0   0   0 | *** TGA   0   0   0   0   0   0
    TTG   0   0   0   0   0   0 |     TCG   1   1   1   1   0   1 |     TAG   0   0   0   0   0   0 | Trp TGG   1   1   1   1   1   1
--------------------------------------------------------------------------------------------------------------------------------------
Leu CTT   0   0   0   0   0   0 | Pro CCT   0   0   0   0   0   0 | His CAT   0   0   0   0   0   0 | Arg CGT   1   1   1   1   1   0
    CTC   1   1   1   1   1   1 |     CCC   0   0   0   0   0   0 |     CAC   0   0   0   0   0   0 |     CGC   1   1   1   1   1   2
    CTA   0   0   0   0   0   0 |     CCA   1   1   1   1   1   1 | Gln CAA   0   0   0   0   0   0 |     CGA   1   1   1   1   1   1
    CTG   3   3   3   3   3   3 |     CCG   0   0   0   0   0   0 |     CAG   1   1   1   1   1   1 |     CGG   0   0   0   0   0   0
--------------------------------------------------------------------------------------------------------------------------------------
Ile ATT   0   0   0   0   0   0 | Thr ACT   0   0   0   1   1   0 | Asn AAT   1   0   2   1   0   0 | Ser AGT   0   0   0   0   0   0
    ATC   1   1   1   1   1   1 |     ACC   2   2   2   1   1   2 |     AAC   2   3   1   2   3   3 |     AGC   1   1   1   1   1   1
    ATA   0   0   0   0   0   0 |     ACA   0   0   0   0   0   0 | Lys AAA   0   0   0   0   0   0 | Arg AGA   0   0   0   0   0   0
Met ATG   2   2   2   2   2   2 |     ACG   0   0   0   0   0   0 |     AAG   1   1   1   1   1   1 |     AGG   0   0   0   0   0   0
--------------------------------------------------------------------------------------------------------------------------------------
Val GTT   0   0   1   1   0   0 | Ala GCT   0   0   0   0   0   0 | Asp GAT   1   1   1   1   1   1 | Gly GGT   0   0   0   0   0   0
    GTC   1   1   0   0   1   1 |     GCC   4   3   4   4   4   4 |     GAC   2   2   2   2   2   2 |     GGC   3   3   3   3   3   4
    GTA   2   2   2   2   2   0 |     GCA   1   0   0   0   0   1 | Glu GAA   0   0   0   0   0   1 |     GGA   1   1   1   1   1   0
    GTG   3   3   3   3   3   5 |     GCG   0   2   1   1   1   0 |     GAG   3   3   3   3   3   2 |     GGG   0   0   0   0   0   0
--------------------------------------------------------------------------------------------------------------------------------------

--------------------------------------------------------------------------------------------------------------------------------------
Phe TTT   0   0   0   0   0   0 | Ser TCT   0   0   0   0   0   0 | Tyr TAT   0   1   0   0   0   1 | Cys TGT   0   0   0   0   0   0
    TTC   1   1   1   1   1   1 |     TCC   5   5   5   5   5   5 |     TAC   3   2   3   3   3   2 |     TGC   0   0   0   0   0   0
Leu TTA   0   0   0   0   0   0 |     TCA   0   1   0   0   0   0 | *** TAA   0   0   0   0   0   0 | *** TGA   0   0   0   0   0   0
    TTG   0   0   0   0   0   0 |     TCG   1   0   1   1   1   1 |     TAG   0   0   0   0   0   0 | Trp TGG   1   1   1   1   1   1
--------------------------------------------------------------------------------------------------------------------------------------
Leu CTT   0   0   0   0   0   0 | Pro CCT   0   0   0   0   0   0 | His CAT   0   0   0   0   0   0 | Arg CGT   1   1   1   1   1   1
    CTC   1   1   1   1   1   1 |     CCC   0   0   0   0   0   0 |     CAC   0   0   0   0   0   0 |     CGC   1   1   1   1   1   1
    CTA   0   0   0   0   0   0 |     CCA   1   1   1   1   1   1 | Gln CAA   0   0   0   0   0   0 |     CGA   1   1   1   1   1   1
    CTG   3   3   3   3   3   3 |     CCG   0   0   0   0   0   0 |     CAG   1   1   1   1   1   1 |     CGG   0   0   0   0   0   0
--------------------------------------------------------------------------------------------------------------------------------------
Ile ATT   0   1   0   0   0   0 | Thr ACT   0   0   1   1   0   0 | Asn AAT   0   1   2   2   1   1 | Ser AGT   0   0   0   0   0   0
    ATC   1   0   1   1   1   1 |     ACC   2   2   1   1   2   2 |     AAC   3   2   1   1   2   2 |     AGC   1   1   1   1   1   1
    ATA   0   0   0   0   0   0 |     ACA   0   0   0   0   0   0 | Lys AAA   0   0   0   0   0   0 | Arg AGA   0   0   0   0   0   0
Met ATG   2   2   2   2   2   2 |     ACG   0   0   0   0   0   0 |     AAG   1   1   1   1   1   1 |     AGG   0   0   0   0   0   0
--------------------------------------------------------------------------------------------------------------------------------------
Val GTT   0   0   1   1   1   0 | Ala GCT   0   0   0   1   2   0 | Asp GAT   1   1   1   1   1   1 | Gly GGT   0   0   0   0   0   0
    GTC   1   1   0   1   0   0 |     GCC   4   4   4   3   2   4 |     GAC   2   2   2   2   2   2 |     GGC   3   3   3   3   3   3
    GTA   2   2   2   2   2   2 |     GCA   1   0   0   0   0   0 | Glu GAA   0   0   0   0   0   0 |     GGA   1   1   1   1   1   1
    GTG   3   3   3   2   3   4 |     GCG   0   1   1   1   1   1 |     GAG   3   3   3   3   3   3 |     GGG   0   0   0   0   0   0
--------------------------------------------------------------------------------------------------------------------------------------

--------------------------------------------------------------------------------------------------------------------------------------
Phe TTT   0   0   0   0   0   0 | Ser TCT   0   0   0   0   0   0 | Tyr TAT   0   0   0   1   1   0 | Cys TGT   0   0   0   0   0   0
    TTC   1   1   1   1   1   1 |     TCC   5   5   5   5   5   5 |     TAC   3   3   3   2   2   3 |     TGC   0   0   0   0   0   0
Leu TTA   0   0   0   0   0   0 |     TCA   0   0   0   0   0   1 | *** TAA   0   0   0   0   0   0 | *** TGA   0   0   0   0   0   0
    TTG   0   0   0   0   0   0 |     TCG   1   1   1   1   1   0 |     TAG   0   0   0   0   0   0 | Trp TGG   1   1   1   1   1   1
--------------------------------------------------------------------------------------------------------------------------------------
Leu CTT   0   0   0   0   0   0 | Pro CCT   0   0   0   0   0   0 | His CAT   0   0   0   0   0   0 | Arg CGT   0   0   1   1   1   1
    CTC   1   1   1   1   1   1 |     CCC   0   0   0   0   0   0 |     CAC   0   0   0   0   0   0 |     CGC   2   2   1   1   1   1
    CTA   0   0   0   0   1   0 |     CCA   1   1   1   1   1   1 | Gln CAA   0   0   0   0   0   0 |     CGA   1   1   1   1   1   1
    CTG   3   3   3   3   2   3 |     CCG   0   0   0   0   0   0 |     CAG   1   1   1   1   1   1 |     CGG   0   0   0   0   0   0
--------------------------------------------------------------------------------------------------------------------------------------
Ile ATT   0   0   1   0   0   0 | Thr ACT   1   1   0   1   0   0 | Asn AAT   1   1   0   1   1   0 | Ser AGT   0   0   0   0   0   0
    ATC   1   1   0   1   1   1 |     ACC   1   0   2   1   2   2 |     AAC   2   2   3   2   2   3 |     AGC   1   1   1   1   1   1
    ATA   0   0   0   0   0   0 |     ACA   0   0   0   0   0   0 | Lys AAA   0   0   0   0   0   0 | Arg AGA   0   0   0   0   0   0
Met ATG   2   2   2   2   2   2 |     ACG   0   1   0   0   0   0 |     AAG   1   1   1   1   1   1 |     AGG   0   0   0   0   0   0
--------------------------------------------------------------------------------------------------------------------------------------
Val GTT   0   0   0   0   0   0 | Ala GCT   0   1   0   0   1   0 | Asp GAT   1   1   1   1   1   1 | Gly GGT   0   0   0   0   0   0
    GTC   1   1   1   1   0   1 |     GCC   4   3   4   4   3   4 |     GAC   2   2   2   2   2   2 |     GGC   3   3   3   3   3   3
    GTA   3   3   2   2   2   2 |     GCA   1   1   0   0   0   1 | Glu GAA   0   0   0   0   0   0 |     GGA   1   1   1   1   1   1
    GTG   2   2   3   3   4   3 |     GCG   0   0   1   1   1   0 |     GAG   3   3   3   3   3   3 |     GGG   0   0   0   0   0   0
--------------------------------------------------------------------------------------------------------------------------------------

--------------------------------------------------------------------------------------------------------------------------------------
Phe TTT   0   0   0   0   0   0 | Ser TCT   0   2   0   0   0   0 | Tyr TAT   0   0   0   1   0   1 | Cys TGT   0   0   0   0   0   0
    TTC   1   1   1   1   1   1 |     TCC   5   3   5   5   5   5 |     TAC   3   3   3   2   3   2 |     TGC   0   0   0   0   0   0
Leu TTA   0   0   0   0   0   0 |     TCA   0   0   0   0   0   0 | *** TAA   0   0   0   0   0   0 | *** TGA   0   0   0   0   0   0
    TTG   0   0   0   0   0   0 |     TCG   1   1   1   1   1   1 |     TAG   0   0   0   0   0   0 | Trp TGG   1   1   1   1   1   1
--------------------------------------------------------------------------------------------------------------------------------------
Leu CTT   0   0   0   0   0   0 | Pro CCT   0   0   0   0   0   0 | His CAT   0   0   0   0   0   0 | Arg CGT   0   0   1   1   1   1
    CTC   1   1   1   1   1   1 |     CCC   0   0   0   0   0   0 |     CAC   0   0   0   0   0   0 |     CGC   2   2   1   1   1   1
    CTA   0   0   0   0   0   0 |     CCA   1   1   1   1   1   1 | Gln CAA   0   0   0   0   0   0 |     CGA   1   1   1   1   1   1
    CTG   3   3   3   3   3   3 |     CCG   0   0   0   0   0   0 |     CAG   1   1   1   1   1   1 |     CGG   0   0   0   0   0   0
--------------------------------------------------------------------------------------------------------------------------------------
Ile ATT   0   0   0   0   0   0 | Thr ACT   0   0   0   0   0   1 | Asn AAT   0   1   0   1   1   1 | Ser AGT   0   0   0   0   0   0
    ATC   1   1   1   1   1   1 |     ACC   2   2   2   2   2   1 |     AAC   3   2   3   2   2   2 |     AGC   1   1   1   1   1   1
    ATA   0   0   0   0   0   0 |     ACA   0   0   0   0   0   0 | Lys AAA   0   0   0   0   0   0 | Arg AGA   0   0   0   0   0   0
Met ATG   2   2   2   2   2   2 |     ACG   0   0   0   0   0   0 |     AAG   1   1   1   1   1   1 |     AGG   0   0   0   0   0   0
--------------------------------------------------------------------------------------------------------------------------------------
Val GTT   0   0   0   0   1   1 | Ala GCT   0   0   0   1   0   0 | Asp GAT   1   1   1   1   1   1 | Gly GGT   1   0   0   1   0   0
    GTC   1   1   1   0   0   0 |     GCC   4   4   4   3   4   4 |     GAC   2   2   2   2   2   2 |     GGC   3   4   3   2   3   3
    GTA   0   0   2   2   2   2 |     GCA   1   1   1   0   0   0 | Glu GAA   0   0   0   0   0   0 |     GGA   0   0   1   1   1   1
    GTG   5   5   3   4   3   3 |     GCG   0   0   0   1   1   1 |     GAG   3   3   3   3   3   3 |     GGG   0   0   0   0   0   0
--------------------------------------------------------------------------------------------------------------------------------------

--------------------------------------------------------------------------------------------------------------------------------------
Phe TTT   0   0   0   0   0   0 | Ser TCT   0   0   0   0   0   0 | Tyr TAT   1   1   0   0   0   0 | Cys TGT   0   0   0   0   0   0
    TTC   1   1   1   1   1   1 |     TCC   5   5   5   5   5   5 |     TAC   2   2   3   3   3   3 |     TGC   0   0   0   0   0   0
Leu TTA   0   0   0   0   0   0 |     TCA   0   0   0   0   0   0 | *** TAA   0   0   0   0   0   0 | *** TGA   0   0   0   0   0   0
    TTG   0   0   0   0   0   0 |     TCG   1   1   1   1   1   1 |     TAG   0   0   0   0   0   0 | Trp TGG   1   1   1   1   1   1
--------------------------------------------------------------------------------------------------------------------------------------
Leu CTT   0   0   0   0   0   0 | Pro CCT   0   0   0   0   0   0 | His CAT   0   0   0   0   0   0 | Arg CGT   1   1   0   1   0   1
    CTC   1   1   1   1   1   1 |     CCC   0   0   0   0   0   0 |     CAC   0   0   0   0   0   0 |     CGC   1   1   2   1   2   1
    CTA   0   0   0   0   0   0 |     CCA   1   1   1   1   1   1 | Gln CAA   0   0   0   0   0   0 |     CGA   1   1   1   1   1   1
    CTG   3   3   3   3   3   3 |     CCG   0   0   0   0   0   0 |     CAG   1   1   1   1   1   1 |     CGG   0   0   0   0   0   0
--------------------------------------------------------------------------------------------------------------------------------------
Ile ATT   0   0   0   0   0   0 | Thr ACT   0   1   0   1   0   0 | Asn AAT   2   1   0   2   1   1 | Ser AGT   0   0   0   0   0   0
    ATC   1   1   1   1   1   1 |     ACC   2   1   2   1   2   2 |     AAC   1   2   3   1   2   2 |     AGC   1   1   1   1   1   1
    ATA   0   0   0   0   0   0 |     ACA   0   0   0   0   0   0 | Lys AAA   0   0   0   0   0   0 | Arg AGA   0   0   0   0   0   0
Met ATG   2   2   2   2   2   2 |     ACG   0   0   0   0   0   0 |     AAG   1   1   1   1   1   1 |     AGG   0   0   0   0   0   0
--------------------------------------------------------------------------------------------------------------------------------------
Val GTT   0   0   0   0   0   1 | Ala GCT   0   0   0   0   0   0 | Asp GAT   1   1   1   1   1   1 | Gly GGT   0   0   0   0   1   0
    GTC   0   1   1   1   1   0 |     GCC   4   4   4   4   4   4 |     GAC   2   2   2   2   2   2 |     GGC   3   3   4   3   2   3
    GTA   2   2   0   2   2   2 |     GCA   1   0   1   0   1   0 | Glu GAA   0   0   1   0   0   0 |     GGA   1   1   0   1   1   1
    GTG   4   3   5   3   3   3 |     GCG   0   1   0   1   0   1 |     GAG   3   3   2   3   3   3 |     GGG   0   0   0   0   0   0
--------------------------------------------------------------------------------------------------------------------------------------

--------------------------------------------------------------------------------------------------------------------------------------
Phe TTT   0   0   0   0   0   0 | Ser TCT   0   0   0   0   0   0 | Tyr TAT   0   1   0   0   1   0 | Cys TGT   0   0   0   0   0   0
    TTC   1   1   1   1   1   1 |     TCC   5   5   5   5   5   5 |     TAC   3   2   3   3   2   3 |     TGC   0   0   0   0   0   0
Leu TTA   0   0   0   0   0   0 |     TCA   1   0   0   1   0   0 | *** TAA   0   0   0   0   0   0 | *** TGA   0   0   0   0   0   0
    TTG   0   0   0   0   0   0 |     TCG   0   1   1   0   1   1 |     TAG   0   0   0   0   0   0 | Trp TGG   1   1   1   1   1   1
--------------------------------------------------------------------------------------------------------------------------------------
Leu CTT   0   0   0   0   0   0 | Pro CCT   0   0   0   0   0   0 | His CAT   0   0   0   0   0   0 | Arg CGT   1   1   1   1   1   0
    CTC   1   1   1   1   1   1 |     CCC   0   0   0   0   0   0 |     CAC   0   0   0   0   0   0 |     CGC   1   1   1   1   1   2
    CTA   0   0   0   0   1   0 |     CCA   1   1   1   1   1   1 | Gln CAA   0   0   0   0   0   0 |     CGA   1   1   1   1   1   1
    CTG   3   3   3   3   2   3 |     CCG   0   0   0   0   0   0 |     CAG   1   1   1   1   1   1 |     CGG   0   0   0   0   0   0
--------------------------------------------------------------------------------------------------------------------------------------
Ile ATT   0   0   0   0   0   1 | Thr ACT   0   0   0   0   0   0 | Asn AAT   1   1   1   1   1   0 | Ser AGT   0   0   0   0   0   0
    ATC   1   1   1   1   1   0 |     ACC   2   2   2   2   2   2 |     AAC   2   2   2   2   2   3 |     AGC   1   1   1   1   1   1
    ATA   0   0   0   0   0   0 |     ACA   0   0   0   0   0   0 | Lys AAA   0   0   0   0   0   0 | Arg AGA   0   0   0   0   0   0
Met ATG   2   2   2   2   2   2 |     ACG   0   0   0   0   0   0 |     AAG   1   1   1   1   1   1 |     AGG   0   0   0   0   0   0
--------------------------------------------------------------------------------------------------------------------------------------
Val GTT   0   0   0   0   0   0 | Ala GCT   0   0   1   0   0   0 | Asp GAT   1   1   1   1   1   1 | Gly GGT   0   0   0   0   0   1
    GTC   1   1   1   1   0   1 |     GCC   4   4   3   4   5   3 |     GAC   2   2   2   2   2   2 |     GGC   3   3   3   3   3   3
    GTA   2   2   2   2   2   0 |     GCA   0   1   1   1   0   1 | Glu GAA   0   0   0   0   0   0 |     GGA   1   1   1   1   1   0
    GTG   3   3   3   3   4   5 |     GCG   1   0   0   0   0   1 |     GAG   3   3   3   3   3   3 |     GGG   0   0   0   0   0   0
--------------------------------------------------------------------------------------------------------------------------------------

--------------------------------------------------------------------------------------------------------------------------------------
Phe TTT   0   0   0   0   0   0 | Ser TCT   0   0   0   2   0   1 | Tyr TAT   1   1   0   0   1   0 | Cys TGT   0   0   0   0   0   0
    TTC   1   1   1   1   1   1 |     TCC   5   5   5   3   5   4 |     TAC   2   2   3   3   2   3 |     TGC   0   0   0   0   0   0
Leu TTA   0   0   0   0   0   0 |     TCA   1   0   0   0   0   0 | *** TAA   0   0   0   0   0   0 | *** TGA   0   0   0   0   0   0
    TTG   0   0   0   0   0   0 |     TCG   0   1   1   1   1   1 |     TAG   0   0   0   0   0   0 | Trp TGG   1   1   1   1   1   1
--------------------------------------------------------------------------------------------------------------------------------------
Leu CTT   0   0   0   0   0   0 | Pro CCT   0   0   0   0   0   0 | His CAT   0   0   0   0   0   0 | Arg CGT   0   1   0   0   1   1
    CTC   1   1   1   1   1   1 |     CCC   0   0   0   0   0   0 |     CAC   0   0   0   0   0   0 |     CGC   2   1   2   2   1   1
    CTA   0   0   0   0   0   0 |     CCA   1   1   1   1   1   1 | Gln CAA   0   0   0   0   0   0 |     CGA   1   1   1   1   1   1
    CTG   3   3   3   3   3   3 |     CCG   0   0   0   0   0   0 |     CAG   1   1   1   1   1   1 |     CGG   0   0   0   0   0   0
--------------------------------------------------------------------------------------------------------------------------------------
Ile ATT   0   0   0   0   0   0 | Thr ACT   0   0   0   0   0   0 | Asn AAT   0   1   0   1   1   1 | Ser AGT   0   0   0   0   0   0
    ATC   1   1   1   1   1   1 |     ACC   2   2   2   2   2   2 |     AAC   3   2   3   2   2   2 |     AGC   1   1   1   1   1   1
    ATA   0   0   0   0   0   0 |     ACA   0   0   0   0   0   0 | Lys AAA   0   0   0   0   0   0 | Arg AGA   0   0   0   0   0   0
Met ATG   2   2   2   2   2   2 |     ACG   0   0   0   0   0   0 |     AAG   1   1   1   1   1   1 |     AGG   0   0   0   0   0   0
--------------------------------------------------------------------------------------------------------------------------------------
Val GTT   0   0   0   0   0   0 | Ala GCT   0   1   0   0   0   1 | Asp GAT   1   1   1   1   1   1 | Gly GGT   0   1   0   0   1   0
    GTC   1   0   1   1   1   1 |     GCC   4   3   4   4   4   3 |     GAC   2   2   2   2   2   2 |     GGC   4   2   4   4   2   3
    GTA   0   2   0   0   2   2 |     GCA   1   0   1   1   1   0 | Glu GAA   0   0   1   0   0   0 |     GGA   0   1   0   0   1   1
    GTG   5   4   5   5   3   3 |     GCG   0   1   0   0   0   1 |     GAG   3   3   2   3   3   3 |     GGG   0   0   0   0   0   0
--------------------------------------------------------------------------------------------------------------------------------------

--------------------------------------------------------------------------------------------------------------------------------------
Phe TTT   0   0   0   0   0   0 | Ser TCT   0   0   0   0   0   0 | Tyr TAT   1   1   0   0   1   1 | Cys TGT   0   0   0   0   0   0
    TTC   1   1   1   1   1   1 |     TCC   5   5   5   5   5   5 |     TAC   2   2   3   3   2   2 |     TGC   0   0   0   0   0   0
Leu TTA   0   0   0   0   0   0 |     TCA   1   0   0   0   1   0 | *** TAA   0   0   0   0   0   0 | *** TGA   0   0   0   0   0   0
    TTG   0   0   0   0   0   0 |     TCG   0   1   1   1   0   1 |     TAG   0   0   0   0   0   0 | Trp TGG   1   1   1   1   1   1
--------------------------------------------------------------------------------------------------------------------------------------
Leu CTT   0   0   0   0   0   0 | Pro CCT   0   0   0   0   0   0 | His CAT   0   0   0   0   0   0 | Arg CGT   1   1   1   0   1   1
    CTC   1   1   1   1   1   1 |     CCC   0   0   0   0   0   0 |     CAC   0   0   0   0   0   0 |     CGC   1   1   1   2   1   1
    CTA   0   0   0   0   0   0 |     CCA   1   1   1   1   1   1 | Gln CAA   0   0   0   0   0   0 |     CGA   1   1   1   0   1   1
    CTG   3   3   3   3   3   3 |     CCG   0   0   0   0   0   0 |     CAG   1   1   1   1   1   1 |     CGG   0   0   0   1   0   0
--------------------------------------------------------------------------------------------------------------------------------------
Ile ATT   0   0   0   0   0   0 | Thr ACT   0   0   0   0   1   1 | Asn AAT   1   2   2   1   1   1 | Ser AGT   0   0   0   0   0   0
    ATC   1   1   1   1   1   1 |     ACC   2   2   2   2   1   1 |     AAC   2   1   1   2   2   2 |     AGC   1   1   1   1   1   1
    ATA   0   0   0   0   0   0 |     ACA   0   0   0   0   0   0 | Lys AAA   0   0   0   0   0   0 | Arg AGA   0   0   0   0   0   0
Met ATG   2   2   2   2   2   2 |     ACG   0   0   0   0   0   0 |     AAG   1   1   1   1   1   1 |     AGG   0   0   0   0   0   0
--------------------------------------------------------------------------------------------------------------------------------------
Val GTT   0   0   0   0   0   0 | Ala GCT   0   1   0   1   0   0 | Asp GAT   2   1   1   1   1   1 | Gly GGT   0   0   1   0   0   0
    GTC   0   1   1   1   1   1 |     GCC   4   3   4   3   4   4 |     GAC   1   2   2   2   2   2 |     GGC   3   3   2   3   3   3
    GTA   2   2   2   3   2   2 |     GCA   0   0   0   0   0   1 | Glu GAA   0   0   0   0   0   0 |     GGA   1   1   1   1   1   1
    GTG   4   3   3   2   3   3 |     GCG   1   1   1   1   1   0 |     GAG   3   3   3   3   3   3 |     GGG   0   0   0   0   0   0
--------------------------------------------------------------------------------------------------------------------------------------

Codon position x base (3x4) table for each sequence.

#1: Argali         
position  1:    T:0.21569    C:0.17647    A:0.19608    G:0.41176
position  2:    T:0.27451    C:0.27451    A:0.27451    G:0.17647
position  3:    T:0.03922    C:0.52941    A:0.09804    G:0.33333
Average         T:0.17647    C:0.32680    A:0.18954    G:0.30719

#2: LesserMouseDeer
position  1:    T:0.21569    C:0.17647    A:0.21569    G:0.39216
position  2:    T:0.25490    C:0.27451    A:0.29412    G:0.17647
position  3:    T:0.07843    C:0.50980    A:0.05882    G:0.35294
Average         T:0.18301    C:0.32026    A:0.18954    G:0.30719

#3: LesserKudu     
position  1:    T:0.21569    C:0.17647    A:0.19608    G:0.41176
position  2:    T:0.27451    C:0.27451    A:0.27451    G:0.17647
position  3:    T:0.09804    C:0.49020    A:0.09804    G:0.31373
Average         T:0.19608    C:0.31373    A:0.18954    G:0.30065

#4: ForestMuskDeer2
position  1:    T:0.21569    C:0.17647    A:0.19608    G:0.41176
position  2:    T:0.27451    C:0.27451    A:0.27451    G:0.17647
position  3:    T:0.05882    C:0.52941    A:0.09804    G:0.31373
Average         T:0.18301    C:0.32680    A:0.18954    G:0.30065

#5: Camel          
position  1:    T:0.21569    C:0.17647    A:0.19608    G:0.41176
position  2:    T:0.27451    C:0.27451    A:0.27451    G:0.17647
position  3:    T:0.23529    C:0.41176    A:0.05882    G:0.29412
Average         T:0.24183    C:0.28758    A:0.17647    G:0.29412

#6: KillerWhale    
position  1:    T:0.25490    C:0.13725    A:0.19608    G:0.41176
position  2:    T:0.27451    C:0.27451    A:0.27451    G:0.17647
position  3:    T:0.11765    C:0.47059    A:0.09804    G:0.31373
Average         T:0.21569    C:0.29412    A:0.18954    G:0.30065

#7: DefassaWaterbuck
position  1:    T:0.21569    C:0.17647    A:0.19608    G:0.41176
position  2:    T:0.27451    C:0.27451    A:0.27451    G:0.17647
position  3:    T:0.05882    C:0.52941    A:0.11765    G:0.29412
Average         T:0.18301    C:0.32680    A:0.19608    G:0.29412

#8: Sheep          
position  1:    T:0.21569    C:0.17647    A:0.19608    G:0.41176
position  2:    T:0.27451    C:0.27451    A:0.27451    G:0.17647
position  3:    T:0.03922    C:0.52941    A:0.09804    G:0.33333
Average         T:0.17647    C:0.32680    A:0.18954    G:0.30719

#9: MaxwellsDuiker 
position  1:    T:0.21569    C:0.17647    A:0.19608    G:0.41176
position  2:    T:0.27451    C:0.27451    A:0.27451    G:0.17647
position  3:    T:0.09804    C:0.49020    A:0.09804    G:0.31373
Average         T:0.19608    C:0.31373    A:0.18954    G:0.30065

#10: GazellaPrzewalskyi
position  1:    T:0.21569    C:0.17647    A:0.19608    G:0.41176
position  2:    T:0.27451    C:0.27451    A:0.27451    G:0.17647
position  3:    T:0.11765    C:0.47059    A:0.09804    G:0.31373
Average         T:0.20261    C:0.30719    A:0.18954    G:0.30065

#11: MountainNyala  
position  1:    T:0.21569    C:0.17647    A:0.19608    G:0.41176
position  2:    T:0.27451    C:0.27451    A:0.27451    G:0.17647
position  3:    T:0.07843    C:0.50980    A:0.11765    G:0.29412
Average         T:0.18954    C:0.32026    A:0.19608    G:0.29412

#12: MuntiacusMuntjak
position  1:    T:0.21569    C:0.17647    A:0.19608    G:0.41176
position  2:    T:0.27451    C:0.27451    A:0.27451    G:0.17647
position  3:    T:0.01961    C:0.58824    A:0.07843    G:0.31373
Average         T:0.16993    C:0.34641    A:0.18301    G:0.30065

#13: goat           
position  1:    T:0.21569    C:0.17647    A:0.19608    G:0.41176
position  2:    T:0.27451    C:0.27451    A:0.27451    G:0.17647
position  3:    T:0.03922    C:0.54902    A:0.11765    G:0.29412
Average         T:0.17647    C:0.33333    A:0.19608    G:0.29412

#14: AfricanBuffalo 
position  1:    T:0.21569    C:0.17647    A:0.19608    G:0.41176
position  2:    T:0.27451    C:0.27451    A:0.27451    G:0.17647
position  3:    T:0.09804    C:0.49020    A:0.11765    G:0.29412
Average         T:0.19608    C:0.31373    A:0.19608    G:0.29412

#15: Topi           
position  1:    T:0.21569    C:0.17647    A:0.19608    G:0.41176
position  2:    T:0.27451    C:0.27451    A:0.27451    G:0.17647
position  3:    T:0.11765    C:0.47059    A:0.09804    G:0.31373
Average         T:0.20261    C:0.30719    A:0.18954    G:0.30065

#16: CommonDuiker   
position  1:    T:0.21569    C:0.17647    A:0.19608    G:0.41176
position  2:    T:0.27451    C:0.27451    A:0.27451    G:0.17647
position  3:    T:0.13725    C:0.47059    A:0.09804    G:0.29412
Average         T:0.20915    C:0.30719    A:0.18954    G:0.29412

#17: Suni           
position  1:    T:0.21569    C:0.17647    A:0.19608    G:0.41176
position  2:    T:0.27451    C:0.27451    A:0.27451    G:0.17647
position  3:    T:0.11765    C:0.47059    A:0.09804    G:0.31373
Average         T:0.20261    C:0.30719    A:0.18954    G:0.30065

#18: Springbuck     
position  1:    T:0.21569    C:0.17647    A:0.19608    G:0.41176
position  2:    T:0.27451    C:0.27451    A:0.27451    G:0.17647
position  3:    T:0.07843    C:0.49020    A:0.09804    G:0.33333
Average         T:0.18954    C:0.31373    A:0.18954    G:0.30719

#19: Okapi          
position  1:    T:0.21569    C:0.17647    A:0.19608    G:0.41176
position  2:    T:0.27451    C:0.27451    A:0.27451    G:0.17647
position  3:    T:0.05882    C:0.52941    A:0.13725    G:0.27451
Average         T:0.18301    C:0.32680    A:0.20261    G:0.28758

#20: Giraffe        
position  1:    T:0.21569    C:0.17647    A:0.19608    G:0.41176
position  2:    T:0.27451    C:0.27451    A:0.27451    G:0.17647
position  3:    T:0.07843    C:0.49020    A:0.13725    G:0.29412
Average         T:0.18954    C:0.31373    A:0.20261    G:0.29412

#21: TibetanAntelope
position  1:    T:0.21569    C:0.17647    A:0.19608    G:0.41176
position  2:    T:0.27451    C:0.27451    A:0.27451    G:0.17647
position  3:    T:0.05882    C:0.52941    A:0.09804    G:0.31373
Average         T:0.18301    C:0.32680    A:0.18954    G:0.30065

#22: Sitatunga      
position  1:    T:0.21569    C:0.17647    A:0.19608    G:0.41176
position  2:    T:0.27451    C:0.27451    A:0.27451    G:0.17647
position  3:    T:0.09804    C:0.49020    A:0.09804    G:0.31373
Average         T:0.19608    C:0.31373    A:0.18954    G:0.30065

#23: Oribi          
position  1:    T:0.21569    C:0.17647    A:0.19608    G:0.41176
position  2:    T:0.27451    C:0.27451    A:0.27451    G:0.17647
position  3:    T:0.09804    C:0.47059    A:0.11765    G:0.31373
Average         T:0.19608    C:0.30719    A:0.19608    G:0.30065

#24: BarbarySheep   
position  1:    T:0.21569    C:0.17647    A:0.19608    G:0.41176
position  2:    T:0.27451    C:0.27451    A:0.27451    G:0.17647
position  3:    T:0.03922    C:0.54902    A:0.13725    G:0.27451
Average         T:0.17647    C:0.33333    A:0.20261    G:0.28758

#25: Daviddeer      
position  1:    T:0.21569    C:0.17647    A:0.19608    G:0.41176
position  2:    T:0.27451    C:0.27451    A:0.27451    G:0.17647
position  3:    T:0.03922    C:0.56863    A:0.05882    G:0.33333
Average         T:0.17647    C:0.33987    A:0.17647    G:0.30719

#26: Reindeer       
position  1:    T:0.21569    C:0.17647    A:0.19608    G:0.41176
position  2:    T:0.27451    C:0.27451    A:0.27451    G:0.17647
position  3:    T:0.07843    C:0.52941    A:0.05882    G:0.33333
Average         T:0.18954    C:0.32680    A:0.17647    G:0.30719

#27: Ibex           
position  1:    T:0.21569    C:0.17647    A:0.19608    G:0.41176
position  2:    T:0.27451    C:0.27451    A:0.27451    G:0.17647
position  3:    T:0.03922    C:0.54902    A:0.11765    G:0.29412
Average         T:0.17647    C:0.33333    A:0.19608    G:0.29412

#28: GyrantGazelle  
position  1:    T:0.21569    C:0.17647    A:0.19608    G:0.41176
position  2:    T:0.27451    C:0.27451    A:0.27451    G:0.17647
position  3:    T:0.11765    C:0.45098    A:0.09804    G:0.33333
Average         T:0.20261    C:0.30065    A:0.18954    G:0.30719

#29: Hartebeest     
position  1:    T:0.21569    C:0.17647    A:0.19608    G:0.41176
position  2:    T:0.27451    C:0.27451    A:0.27451    G:0.17647
position  3:    T:0.07843    C:0.50980    A:0.09804    G:0.31373
Average         T:0.18954    C:0.32026    A:0.18954    G:0.30065

#30: Bongo          
position  1:    T:0.21569    C:0.17647    A:0.19608    G:0.41176
position  2:    T:0.27451    C:0.27451    A:0.27451    G:0.17647
position  3:    T:0.11765    C:0.47059    A:0.09804    G:0.31373
Average         T:0.20261    C:0.30719    A:0.18954    G:0.30065

#31: Gerenuk        
position  1:    T:0.21569    C:0.17647    A:0.19608    G:0.41176
position  2:    T:0.27451    C:0.27451    A:0.27451    G:0.17647
position  3:    T:0.09804    C:0.47059    A:0.11765    G:0.31373
Average         T:0.19608    C:0.30719    A:0.19608    G:0.30065

#32: CommonEland    
position  1:    T:0.21569    C:0.17647    A:0.19608    G:0.41176
position  2:    T:0.27451    C:0.27451    A:0.27451    G:0.17647
position  3:    T:0.09804    C:0.49020    A:0.09804    G:0.31373
Average         T:0.19608    C:0.31373    A:0.18954    G:0.30065

#33: MuntiacusReevesi
position  1:    T:0.21569    C:0.17647    A:0.19608    G:0.41176
position  2:    T:0.27451    C:0.27451    A:0.27451    G:0.17647
position  3:    T:0.01961    C:0.58824    A:0.07843    G:0.31373
Average         T:0.16993    C:0.34641    A:0.18301    G:0.30065

#34: HarveysDuiker  
position  1:    T:0.21569    C:0.17647    A:0.19608    G:0.41176
position  2:    T:0.27451    C:0.27451    A:0.27451    G:0.17647
position  3:    T:0.09804    C:0.49020    A:0.09804    G:0.31373
Average         T:0.19608    C:0.31373    A:0.18954    G:0.30065

#35: Pronghorn      
position  1:    T:0.21569    C:0.17647    A:0.19608    G:0.41176
position  2:    T:0.27451    C:0.27451    A:0.27451    G:0.17647
position  3:    T:0.05882    C:0.52941    A:0.11765    G:0.29412
Average         T:0.18301    C:0.32680    A:0.19608    G:0.29412

#36: BlueWildebeest 
position  1:    T:0.21569    C:0.17647    A:0.19608    G:0.41176
position  2:    T:0.27451    C:0.27451    A:0.27451    G:0.17647
position  3:    T:0.07843    C:0.50980    A:0.09804    G:0.31373
Average         T:0.18954    C:0.32026    A:0.18954    G:0.30065

#37: Gemsbok        
position  1:    T:0.21569    C:0.17647    A:0.19608    G:0.41176
position  2:    T:0.27451    C:0.27451    A:0.27451    G:0.17647
position  3:    T:0.05882    C:0.52941    A:0.11765    G:0.29412
Average         T:0.18301    C:0.32680    A:0.19608    G:0.29412

#38: Yak            
position  1:    T:0.21569    C:0.17647    A:0.19608    G:0.41176
position  2:    T:0.27451    C:0.27451    A:0.27451    G:0.17647
position  3:    T:0.07843    C:0.50980    A:0.11765    G:0.29412
Average         T:0.18954    C:0.32026    A:0.19608    G:0.29412

#39: BlueSheep      
position  1:    T:0.21569    C:0.17647    A:0.19608    G:0.41176
position  2:    T:0.27451    C:0.27451    A:0.27451    G:0.17647
position  3:    T:0.07843    C:0.50980    A:0.11765    G:0.29412
Average         T:0.18954    C:0.32026    A:0.19608    G:0.29412

#40: BohorReedbuck  
position  1:    T:0.21569    C:0.17647    A:0.19608    G:0.41176
position  2:    T:0.27451    C:0.27451    A:0.27451    G:0.17647
position  3:    T:0.05882    C:0.52941    A:0.13725    G:0.27451
Average         T:0.18301    C:0.32680    A:0.20261    G:0.28758

#41: KirksDik       
position  1:    T:0.21569    C:0.17647    A:0.19608    G:0.41176
position  2:    T:0.27451    C:0.27451    A:0.27451    G:0.17647
position  3:    T:0.07843    C:0.50980    A:0.11765    G:0.29412
Average         T:0.18954    C:0.32026    A:0.19608    G:0.29412

#42: RoeDeer        
position  1:    T:0.21569    C:0.17647    A:0.19608    G:0.41176
position  2:    T:0.27451    C:0.27451    A:0.27451    G:0.17647
position  3:    T:0.05882    C:0.52941    A:0.05882    G:0.35294
Average         T:0.18301    C:0.32680    A:0.17647    G:0.31373

#43: WhiteLippedDeer
position  1:    T:0.21569    C:0.17647    A:0.19608    G:0.41176
position  2:    T:0.27451    C:0.27451    A:0.27451    G:0.17647
position  3:    T:0.03922    C:0.56863    A:0.07843    G:0.31373
Average         T:0.17647    C:0.33987    A:0.18301    G:0.30065

#44: ThomsonGazelle 
position  1:    T:0.21569    C:0.17647    A:0.19608    G:0.41176
position  2:    T:0.27451    C:0.27451    A:0.27451    G:0.17647
position  3:    T:0.11765    C:0.45098    A:0.09804    G:0.33333
Average         T:0.20261    C:0.30065    A:0.18954    G:0.30719

#45: MuntiacusCrinifrons
position  1:    T:0.21569    C:0.17647    A:0.19608    G:0.41176
position  2:    T:0.27451    C:0.27451    A:0.27451    G:0.17647
position  3:    T:0.01961    C:0.58824    A:0.07843    G:0.31373
Average         T:0.16993    C:0.34641    A:0.18301    G:0.30065

#46: WhiteTailedDeer
position  1:    T:0.21569    C:0.17647    A:0.19608    G:0.41176
position  2:    T:0.27451    C:0.27451    A:0.27451    G:0.17647
position  3:    T:0.07843    C:0.52941    A:0.05882    G:0.33333
Average         T:0.18954    C:0.32680    A:0.17647    G:0.30719

#47: Cattle         
position  1:    T:0.21569    C:0.17647    A:0.19608    G:0.41176
position  2:    T:0.27451    C:0.27451    A:0.27451    G:0.17647
position  3:    T:0.09804    C:0.49020    A:0.11765    G:0.29412
Average         T:0.19608    C:0.31373    A:0.19608    G:0.29412

#48: RoyalAntelope  
position  1:    T:0.21569    C:0.17647    A:0.19608    G:0.41176
position  2:    T:0.27451    C:0.27451    A:0.27451    G:0.17647
position  3:    T:0.09804    C:0.49020    A:0.09804    G:0.31373
Average         T:0.19608    C:0.31373    A:0.18954    G:0.30065

#49: Steenbok       
position  1:    T:0.21569    C:0.17647    A:0.19608    G:0.41176
position  2:    T:0.27451    C:0.27451    A:0.27451    G:0.17647
position  3:    T:0.09804    C:0.47059    A:0.11765    G:0.31373
Average         T:0.19608    C:0.30719    A:0.19608    G:0.30065

#50: Impala         
position  1:    T:0.21569    C:0.17647    A:0.19608    G:0.41176
position  2:    T:0.27451    C:0.27451    A:0.27451    G:0.17647
position  3:    T:0.11765    C:0.47059    A:0.09804    G:0.31373
Average         T:0.20261    C:0.30719    A:0.18954    G:0.30065

#51: Klipspringer   
position  1:    T:0.21569    C:0.17647    A:0.19608    G:0.41176
position  2:    T:0.27451    C:0.27451    A:0.27451    G:0.17647
