1
52 1
Argali 0.000000 0.127900 0.108400 0.100000 0.043200 0.000000 0.043400 0.061700 0.098100 0.117900 0.008400 0.052100 0.070900 0.052400 0.061500 0.061800 0.128500 0.109000 0.025800 0.089100 0.043500 0.008500 0.127900 0.097800 0.008500 0.052300 0.061300 0.080000 0.043400 0.079600 0.117900 0.043300 0.089200 0.052200 0.043300 0.079400 0.008500 0.043200 0.071100 0.097800 0.128100 0.052900 0.117900 0.088700 0.070100 0.052700 0.061600 0.079900 0.052700 0.137300 0.108000 0.089100
LesserMous 0.127900 0.000000 0.138900 0.147400 0.108600 0.128000 0.108800 0.109000 0.157700 0.148300 0.118300 0.117800 0.119100 0.099100 0.099300 0.109300 0.180400 0.159700 0.099100 0.148300 0.089600 0.118500 0.179500 0.147200 0.118500 0.098800 0.108500 0.138600 0.089400 0.137900 0.148300 0.108500 0.138300 0.118000 0.108500 0.127600 0.118500 0.108600 0.119100 0.147200 0.179700 0.099900 0.148300 0.137400 0.137200 0.099700 0.089600 0.128500 0.099900 0.190900 0.168500 0.148300
LesserKudu 0.108400 0.138900 0.000000 0.101100 0.080100 0.108500 0.080300 0.099700 0.043000 0.128700 0.099000 0.052500 0.109500 0.089800 0.089600 0.100000 0.128400 0.108900 0.099300 0.034400 0.080500 0.099200 0.149100 0.117900 0.099200 0.089600 0.099100 0.043300 0.080300 0.025600 0.128700 0.080100 0.109100 0.089300 0.080200 0.070800 0.099200 0.080100 0.109700 0.117900 0.129300 0.090700 0.128700 0.108500 0.070600 0.090500 0.099500 0.118900 0.090400 0.170000 0.052000 0.034400
KillerWhal 0.100000 0.147400 0.101100 0.000000 0.081000 0.100000 0.081200 0.100900 0.119500 0.120400 0.090500 0.071500 0.110800 0.090900 0.081500 0.101200 0.111200 0.091600 0.090700 0.110200 0.081400 0.090700 0.130500 0.099900 0.090700 0.090700 0.100200 0.100900 0.081200 0.100200 0.120400 0.071700 0.071900 0.090400 0.081100 0.100200 0.090700 0.081000 0.111200 0.119300 0.130900 0.091700 0.120400 0.090500 0.090300 0.091400 0.100700 0.081700 0.081800 0.130400 0.128900 0.110200
DefassaWat 0.043200 0.108600 0.080100 0.081000 0.000000 0.043300 0.017100 0.034700 0.070300 0.089300 0.034500 0.025700 0.043700 0.025800 0.034700 0.034800 0.099400 0.080500 0.034600 0.061400 0.017200 0.034600 0.098900 0.061100 0.034600 0.025800 0.034500 0.052500 0.017100 0.052300 0.089300 0.017100 0.061600 0.025700 0.017100 0.052200 0.034600 0.000000 0.043800 0.070100 0.099100 0.026100 0.089300 0.061200 0.043100 0.026000 0.034700 0.052500 0.026000 0.107900 0.079700 0.061400
Sheep 0.000000 0.128000 0.108500 0.100000 0.043300 0.000000 0.043400 0.061700 0.098200 0.118000 0.008400 0.052100 0.071000 0.052200 0.061600 0.061900 0.128700 0.109100 0.025700 0.089200 0.043500 0.008500 0.128100 0.097800 0.008500 0.052400 0.061300 0.080000 0.043400 0.079700 0.118000 0.043400 0.089300 0.052200 0.043300 0.079400 0.008500 0.043300 0.071100 0.097900 0.128200 0.052900 0.118000 0.088800 0.070100 0.052700 0.061600 0.080200 0.052800 0.137300 0.108000 0.089200
MaxwellsDu 0.043400 0.108800 0.080300 0.081200 0.017100 0.043400 0.000000 0.034800 0.070400 0.089500 0.034600 0.025700 0.042400 0.025900 0.034700 0.034800 0.099700 0.080700 0.034600 0.061500 0.017100 0.034600 0.099200 0.070300 0.034600 0.025800 0.034600 0.052600 0.017100 0.052400 0.089500 0.017100 0.061700 0.025800 0.017100 0.052200 0.034600 0.017100 0.043700 0.070200 0.099400 0.026100 0.089500 0.061300 0.043200 0.026000 0.034300 0.052600 0.026000 0.118900 0.079900 0.061500
GazellaPrz 0.061700 0.109000 0.099700 0.100900 0.034700 0.061700 0.034800 0.000000 0.089500 0.099600 0.052700 0.043500 0.042600 0.043800 0.052900 0.035000 0.100400 0.081200 0.052700 0.080400 0.017200 0.052800 0.109500 0.089400 0.052800 0.025900 0.034800 0.071300 0.017200 0.070900 0.099600 0.034700 0.080600 0.025900 0.034800 0.070800 0.052800 0.034700 0.035000 0.070600 0.109700 0.026200 0.099600 0.061700 0.061500 0.044000 0.034800 0.071300 0.044100 0.109400 0.099300 0.080400
MountainNy 0.098100 0.157700 0.043000 0.119500 0.070300 0.098200 0.070400 0.089500 0.000000 0.117900 0.088800 0.043200 0.099000 0.079700 0.079500 0.070900 0.117800 0.098600 0.088900 0.008400 0.070600 0.089000 0.118100 0.107400 0.089000 0.079700 0.088800 0.016900 0.070400 0.016900 0.117900 0.070300 0.098700 0.079400 0.070300 0.043200 0.089000 0.070300 0.099200 0.107300 0.118200 0.080500 0.117900 0.098100 0.043100 0.080200 0.089300 0.108200 0.080200 0.158700 0.025400 0.008400
MuntiacusM 0.117900 0.148300 0.128700 0.120400 0.089300 0.118000 0.089500 0.099600 0.117900 0.000000 0.108400 0.079800 0.090000 0.080200 0.080300 0.109600 0.109700 0.090400 0.089400 0.108700 0.089800 0.108600 0.043300 0.061400 0.108600 0.099000 0.080000 0.099400 0.089500 0.098800 0.000000 0.089400 0.080400 0.089200 0.089500 0.089300 0.108600 0.089300 0.109200 0.061400 0.043400 0.100100 0.000000 0.052500 0.098500 0.062200 0.089800 0.109000 0.080800 0.128900 0.118300 0.108700
goat 0.008400 0.118300 0.099000 0.090500 0.034500 0.008400 0.034600 0.052700 0.088800 0.108400 0.000000 0.043200 0.061800 0.043500 0.052600 0.052800 0.118800 0.099500 0.017100 0.079900 0.034700 0.000000 0.118300 0.088500 0.000000 0.043400 0.052300 0.070800 0.034600 0.070500 0.108400 0.034500 0.080000 0.043300 0.034500 0.070200 0.000000 0.034500 0.061900 0.088600 0.118400 0.043900 0.108400 0.079500 0.061000 0.043700 0.052600 0.070800 0.043800 0.127400 0.098500 0.079900
AfricanBuf 0.052100 0.117800 0.052500 0.071500 0.025700 0.052100 0.025700 0.043500 0.043200 0.079800 0.043200 0.000000 0.052500 0.034500 0.043400 0.043600 0.089800 0.071100 0.043300 0.034500 0.025800 0.043300 0.089400 0.060900 0.043300 0.034400 0.043200 0.025800 0.025700 0.025700 0.079800 0.025700 0.052400 0.034300 0.025700 0.025700 0.043300 0.025700 0.052600 0.060900 0.089500 0.034800 0.079800 0.052100 0.017000 0.034700 0.043400 0.061400 0.034700 0.108700 0.052200 0.034500
Topi 0.070900 0.119100 0.109500 0.110800 0.043700 0.071000 0.042400 0.042600 0.099000 0.090000 0.061800 0.052500 0.000000 0.034900 0.043900 0.061300 0.071700 0.053200 0.043800 0.089900 0.042500 0.061900 0.099700 0.079900 0.061900 0.051500 0.008600 0.080700 0.041900 0.080300 0.090000 0.043700 0.052100 0.017100 0.043700 0.080100 0.061900 0.043700 0.061300 0.061500 0.099900 0.051600 0.090000 0.052600 0.070700 0.035100 0.042500 0.062100 0.033400 0.109600 0.108900 0.089900
CommonDuik 0.052400 0.099100 0.089800 0.090900 0.025800 0.052200 0.025900 0.043800 0.079700 0.080200 0.043500 0.034500 0.034900 0.000000 0.025900 0.043900 0.090200 0.071400 0.025800 0.070800 0.025900 0.043400 0.089700 0.061200 0.043400 0.034700 0.025800 0.061800 0.025900 0.061500 0.080200 0.025700 0.052600 0.034600 0.025800 0.061400 0.043400 0.025800 0.053000 0.061200 0.089900 0.035000 0.080200 0.052300 0.052200 0.017300 0.025900 0.043600 0.017300 0.109000 0.089300 0.070800
Suni 0.061500 0.099300 0.089600 0.081500 0.034700 0.061600 0.034700 0.052900 0.079500 0.080300 0.052600 0.043400 0.043900 0.025900 0.000000 0.053100 0.080800 0.062200 0.034700 0.070600 0.034800 0.052700 0.099400 0.070400 0.052700 0.043600 0.034700 0.061700 0.034700 0.061300 0.080300 0.034700 0.043700 0.043500 0.034700 0.061500 0.052700 0.034700 0.062300 0.070400 0.099600 0.044100 0.080300 0.061500 0.061300 0.026100 0.034800 0.034800 0.017300 0.099400 0.089100 0.070600
Springbuck 0.061800 0.109300 0.100000 0.101200 0.034800 0.061900 0.034800 0.035000 0.070900 0.109600 0.052800 0.043600 0.061300 0.043900 0.053100 0.000000 0.120100 0.100500 0.052900 0.062000 0.017100 0.052900 0.099900 0.089500 0.052900 0.025700 0.052800 0.053000 0.017200 0.071100 0.109600 0.034800 0.080800 0.043700 0.034900 0.052600 0.052900 0.034800 0.044000 0.089500 0.100100 0.026300 0.109600 0.080400 0.043500 0.044200 0.034800 0.071600 0.043400 0.139700 0.080400 0.062000
Okapi 0.128500 0.180400 0.128400 0.111200 0.099400 0.128700 0.099700 0.100400 0.117800 0.109700 0.118800 0.089800 0.071700 0.090200 0.080800 0.120100 0.000000 0.017100 0.099500 0.108600 0.100000 0.119000 0.100500 0.099100 0.119000 0.109400 0.062000 0.099400 0.099700 0.098700 0.109700 0.099500 0.053100 0.071100 0.099700 0.118900 0.119000 0.099400 0.120300 0.099100 0.100700 0.110600 0.109700 0.071200 0.109000 0.090700 0.100000 0.099900 0.081200 0.110100 0.127900 0.108600
Giraffe 0.109000 0.159700 0.108900 0.091600 0.080500 0.109100 0.080700 0.081200 0.098600 0.090400 0.099500 0.071100 0.053200 0.071400 0.062200 0.100500 0.017100 0.000000 0.080600 0.089500 0.080900 0.099700 0.100200 0.080200 0.099700 0.090200 0.043800 0.080400 0.080700 0.079900 0.090400 0.080600 0.035000 0.052800 0.080700 0.099500 0.099700 0.080500 0.100600 0.080200 0.100400 0.091200 0.090400 0.052800 0.089800 0.071800 0.080900 0.080900 0.062500 0.090700 0.108400 0.089500
TibetanAnt 0.025800 0.099100 0.099300 0.090700 0.034600 0.025700 0.034600 0.052700 0.088900 0.089400 0.017100 0.043300 0.043800 0.025800 0.034700 0.052900 0.099500 0.080600 0.000000 0.080000 0.034700 0.017100 0.099100 0.070300 0.017100 0.043500 0.034600 0.070900 0.034600 0.070600 0.089400 0.034500 0.061600 0.043400 0.034500 0.070400 0.017100 0.034600 0.062000 0.070300 0.099200 0.044000 0.089400 0.061300 0.061100 0.026000 0.034700 0.052500 0.026000 0.118600 0.098600 0.080000
Sitatunga 0.089100 0.148300 0.034400 0.110200 0.061400 0.089200 0.061500 0.080400 0.008400 0.108700 0.079900 0.034500 0.089900 0.070800 0.070600 0.062000 0.108600 0.089500 0.080000 0.000000 0.061700 0.080000 0.108900 0.098300 0.080000 0.070700 0.079900 0.008500 0.061600 0.008400 0.108700 0.061400 0.089700 0.070500 0.061500 0.034500 0.080000 0.061400 0.090100 0.098300 0.109000 0.071500 0.108700 0.089100 0.034500 0.071300 0.080300 0.099100 0.071300 0.149000 0.016900 0.000000
Oribi 0.043500 0.089600 0.080500 0.081400 0.017200 0.043500 0.017100 0.017200 0.070600 0.089800 0.034700 0.025800 0.042500 0.025900 0.034800 0.017100 0.100000 0.080900 0.034700 0.061700 0.000000 0.034700 0.099500 0.070500 0.034700 0.008500 0.034700 0.052800 0.000000 0.052500 0.089800 0.017200 0.061800 0.025800 0.017200 0.052400 0.034700 0.017200 0.026000 0.070400 0.099600 0.008600 0.089800 0.061500 0.043300 0.026100 0.017100 0.052800 0.026000 0.119200 0.080100 0.061700
BarbaryShe 0.008500 0.118500 0.099200 0.090700 0.034600 0.008500 0.034600 0.052800 0.089000 0.108600 0.000000 0.043300 0.061900 0.043400 0.052700 0.052900 0.119000 0.099700 0.017100 0.080000 0.034700 0.000000 0.118500 0.088700 0.000000 0.043500 0.052400 0.070900 0.034700 0.070600 0.108600 0.034500 0.080200 0.043400 0.034500 0.070400 0.000000 0.034600 0.062100 0.088800 0.118600 0.044000 0.108600 0.079700 0.061100 0.043800 0.052700 0.070700 0.043900 0.127700 0.098700 0.080000
Daviddeer 0.127900 0.179500 0.149100 0.130500 0.098900 0.128100 0.099200 0.109500 0.118100 0.043300 0.118300 0.089400 0.099700 0.089700 0.099400 0.099900 0.100500 0.100200 0.099100 0.108900 0.099500 0.118500 0.000000 0.070700 0.118500 0.108900 0.089500 0.099600 0.099200 0.118400 0.043300 0.099000 0.090000 0.098900 0.099200 0.098900 0.118500 0.098900 0.119300 0.070600 0.017100 0.110100 0.043300 0.061700 0.089200 0.071500 0.099500 0.119000 0.090400 0.139300 0.118600 0.108900
Reindeer 0.097800 0.147200 0.117900 0.099900 0.061100 0.097800 0.070300 0.089400 0.107400 0.061400 0.088500 0.060900 0.079900 0.061200 0.070400 0.089500 0.099100 0.080200 0.070300 0.098300 0.070500 0.088700 0.070700 0.000000 0.088700 0.079500 0.070200 0.089200 0.070300 0.088700 0.061400 0.070200 0.043400 0.079200 0.070200 0.088500 0.088700 0.061100 0.099100 0.043100 0.070800 0.080300 0.061400 0.025700 0.079100 0.043600 0.070500 0.089100 0.061600 0.108300 0.117400 0.098300
Ibex 0.008500 0.118500 0.099200 0.090700 0.034600 0.008500 0.034600 0.052800 0.089000 0.108600 0.000000 0.043300 0.061900 0.043400 0.052700 0.052900 0.119000 0.099700 0.017100 0.080000 0.034700 0.000000 0.118500 0.088700 0.000000 0.043500 0.052400 0.070900 0.034700 0.070600 0.108600 0.034300 0.080200 0.043400 0.034500 0.070400 0.000000 0.034600 0.062100 0.088800 0.118600 0.044000 0.108600 0.079700 0.061100 0.043800 0.052700 0.070700 0.043900 0.127700 0.098700 0.080000
GyrantGaze 0.052300 0.098800 0.089600 0.090700 0.025800 0.052400 0.025800 0.025900 0.079700 0.099000 0.043400 0.034400 0.051500 0.034700 0.043600 0.025700 0.109400 0.090200 0.043500 0.070700 0.008500 0.043500 0.108900 0.079500 0.043500 0.000000 0.043400 0.061700 0.008500 0.061400 0.099000 0.025800 0.070900 0.034500 0.025800 0.061300 0.043500 0.025800 0.034300 0.079400 0.109000 0.017300 0.099000 0.070500 0.052100 0.034800 0.025700 0.061700 0.034800 0.128900 0.089300 0.070700
Hartebeest 0.061300 0.108500 0.099100 0.100200 0.034500 0.061300 0.034600 0.034800 0.088800 0.080000 0.052300 0.043200 0.008600 0.025800 0.034700 0.052800 0.062000 0.043800 0.034600 0.079900 0.034700 0.052400 0.089500 0.070200 0.052400 0.043400 0.000000 0.070900 0.034600 0.070500 0.080000 0.034500 0.043500 0.008500 0.034600 0.070300 0.052400 0.034500 0.052800 0.052000 0.089700 0.043900 0.080000 0.043300 0.061100 0.026000 0.034700 0.052600 0.026000 0.099200 0.098500 0.079900
Bongo 0.080000 0.138600 0.043300 0.100900 0.052500 0.080000 0.052600 0.071300 0.016900 0.099400 0.070800 0.025800 0.080700 0.061800 0.061700 0.053000 0.099400 0.080400 0.070900 0.008500 0.052800 0.070900 0.099600 0.089200 0.070900 0.061700 0.070900 0.000000 0.052700 0.016900 0.099400 0.052500 0.080500 0.061500 0.052600 0.025800 0.070900 0.052500 0.080900 0.089200 0.099800 0.062400 0.099400 0.080100 0.025800 0.062200 0.071200 0.089900 0.062200 0.139400 0.025500 0.008500
Gerenuk 0.043400 0.089400 0.080300 0.081200 0.017100 0.043400 0.017100 0.017200 0.070400 0.089500 0.034600 0.025700 0.041900 0.025900 0.034700 0.017200 0.099700 0.080700 0.034600 0.061600 0.000000 0.034700 0.099200 0.070300 0.034700 0.008500 0.034600 0.052700 0.000000 0.052400 0.089500 0.017100 0.061700 0.025800 0.017100 0.052300 0.034700 0.017100 0.026000 0.070200 0.099400 0.008600 0.089500 0.061300 0.043200 0.026000 0.017200 0.052700 0.026000 0.118900 0.079900 0.061600
CommonElan 0.079600 0.137900 0.025600 0.100200 0.052300 0.079700 0.052400 0.070900 0.016900 0.098800 0.070500 0.025700 0.080300 0.061500 0.061300 0.071100 0.098700 0.079900 0.070600 0.008400 0.052500 0.070600 0.118400 0.088700 0.070600 0.061400 0.070500 0.016900 0.052400 0.000000 0.098800 0.052300 0.080000 0.061200 0.052300 0.043300 0.070600 0.052300 0.080400 0.088700 0.118500 0.062100 0.098800 0.079500 0.043200 0.061900 0.070800 0.089400 0.061900 0.138600 0.025500 0.008500
MuntiacusR 0.117900 0.148300 0.128700 0.120400 0.089300 0.118000 0.089500 0.099600 0.117900 0.000000 0.108400 0.079800 0.090000 0.080200 0.080300 0.109600 0.109700 0.090400 0.089400 0.108700 0.089800 0.108600 0.043300 0.061400 0.108600 0.099000 0.080000 0.099400 0.089500 0.098800 0.000000 0.089400 0.080400 0.089200 0.089500 0.089300 0.108600 0.089300 0.109200 0.061400 0.043400 0.100100 0.000000 0.052500 0.098500 0.062200 0.089800 0.109000 0.080800 0.128900 0.118300 0.108700
HarveysDui 0.043300 0.108500 0.080100 0.071700 0.017100 0.043400 0.017100 0.034700 0.070300 0.089400 0.034500 0.025700 0.043700 0.025700 0.034700 0.034800 0.099500 0.080600 0.034500 0.061400 0.017200 0.034500 0.099000 0.070200 0.034300 0.025800 0.034500 0.052500 0.017100 0.052300 0.089400 0.000000 0.061600 0.025700 0.017000 0.052200 0.034500 0.017100 0.043800 0.070100 0.099200 0.026100 0.089400 0.061200 0.043200 0.026000 0.034700 0.052400 0.026000 0.118600 0.079700 0.061400
Pronghorn 0.089200 0.138300 0.109100 0.071900 0.061600 0.089300 0.061700 0.080600 0.098700 0.080400 0.080000 0.052400 0.052100 0.052600 0.043700 0.080800 0.053100 0.035000 0.061600 0.089700 0.061800 0.080200 0.090000 0.043400 0.080200 0.070900 0.043500 0.080500 0.061700 0.080000 0.080400 0.061600 0.000000 0.052400 0.061700 0.080000 0.080200 0.061600 0.090300 0.061400 0.090200 0.071600 0.080400 0.034600 0.070600 0.052900 0.061900 0.061800 0.043900 0.090100 0.108600 0.089700
BlueWildeb 0.052200 0.118000 0.089300 0.090400 0.025700 0.052200 0.025800 0.025900 0.079400 0.089200 0.043300 0.034300 0.017100 0.034600 0.043500 0.043700 0.071100 0.052800 0.043400 0.070500 0.025800 0.043400 0.098900 0.079200 0.043400 0.034500 0.008500 0.061500 0.025800 0.061200 0.089200 0.025700 0.052400 0.000000 0.025700 0.061100 0.043400 0.025700 0.043700 0.060900 0.099000 0.034900 0.089200 0.052100 0.052000 0.034700 0.043500 0.061500 0.034800 0.108800 0.088900 0.070500
Gemsbok 0.043300 0.108500 0.080200 0.081100 0.017100 0.043300 0.017100 0.034800 0.070300 0.089500 0.034500 0.025700 0.043700 0.025800 0.034700 0.034900 0.099700 0.080700 0.034500 0.061500 0.017200 0.034500 0.099200 0.070200 0.034500 0.025800 0.034600 0.052600 0.017100 0.052300 0.089500 0.017000 0.061700 0.025700 0.000000 0.052200 0.034300 0.017100 0.043800 0.070200 0.099300 0.026100 0.089500 0.061300 0.043200 0.026000 0.034700 0.052500 0.026000 0.118700 0.079800 0.061500
Yak 0.079400 0.127600 0.070800 0.100200 0.052200 0.079400 0.052200 0.070800 0.043200 0.089300 0.070200 0.025700 0.080100 0.061400 0.061500 0.052600 0.118900 0.099500 0.070400 0.034500 0.052400 0.070400 0.098900 0.088500 0.070400 0.061300 0.070300 0.025800 0.052300 0.043300 0.089300 0.052200 0.080000 0.061100 0.052200 0.000000 0.070400 0.052200 0.080300 0.088500 0.099100 0.061900 0.089300 0.079500 0.008500 0.061800 0.070600 0.070600 0.061800 0.118400 0.052200 0.034500
BlueSheep 0.008500 0.118500 0.099200 0.090700 0.034600 0.008500 0.034600 0.052800 0.089000 0.108600 0.000000 0.043300 0.061900 0.043400 0.052700 0.052900 0.119000 0.099700 0.017100 0.080000 0.034700 0.000000 0.118500 0.088700 0.000000 0.043500 0.052400 0.070900 0.034700 0.070600 0.108600 0.034500 0.080200 0.043400 0.034300 0.070400 0.000000 0.034600 0.062100 0.088800 0.118600 0.044000 0.108600 0.079700 0.061100 0.043800 0.052700 0.070400 0.043900 0.127700 0.098700 0.080000
BohorReedb 0.043200 0.108600 0.080100 0.081000 0.000000 0.043300 0.017100 0.034700 0.070300 0.089300 0.034500 0.025700 0.043700 0.025800 0.034700 0.034800 0.099400 0.080500 0.034600 0.061400 0.017200 0.034600 0.098900 0.061100 0.034600 0.025800 0.034500 0.052500 0.017100 0.052300 0.089300 0.017100 0.061600 0.025700 0.017100 0.052200 0.034600 0.000000 0.043800 0.070100 0.099100 0.026100 0.089300 0.061200 0.043100 0.026000 0.034700 0.052500 0.026000 0.107900 0.079700 0.061400
KirksDik 0.071100 0.119100 0.109700 0.111200 0.043800 0.071100 0.043700 0.035000 0.099200 0.109200 0.061900 0.052600 0.061300 0.053000 0.062300 0.044000 0.120300 0.100600 0.062000 0.090100 0.026000 0.062100 0.119300 0.099100 0.062100 0.034300 0.052800 0.080900 0.026000 0.080400 0.109200 0.043800 0.090300 0.043700 0.043800 0.080300 0.062100 0.043800 0.000000 0.089500 0.119400 0.035200 0.109200 0.080400 0.070900 0.053300 0.043700 0.080900 0.053200 0.140000 0.109200 0.090100
RoeDeer 0.097800 0.147200 0.117900 0.119300 0.070100 0.097900 0.070200 0.070600 0.107300 0.061400 0.088600 0.060900 0.061500 0.061200 0.070400 0.089500 0.099100 0.080200 0.070300 0.098300 0.070400 0.088800 0.070600 0.043100 0.088800 0.079400 0.052000 0.089200 0.070200 0.088700 0.061400 0.070100 0.061400 0.060900 0.070200 0.088500 0.088800 0.070100 0.089500 0.000000 0.070800 0.080300 0.061400 0.025700 0.079000 0.043600 0.070400 0.089000 0.061600 0.117900 0.117200 0.098300
WhiteLippe 0.128100 0.179700 0.129300 0.130900 0.099100 0.128200 0.099400 0.109700 0.118200 0.043400 0.118400 0.089500 0.099900 0.089900 0.099600 0.100100 0.100700 0.100400 0.099200 0.109000 0.099600 0.118600 0.017100 0.070800 0.118600 0.109000 0.089700 0.099800 0.099400 0.118500 0.043400 0.099200 0.090200 0.099000 0.099300 0.099100 0.118600 0.099100 0.119400 0.070800 0.000000 0.110200 0.043400 0.061300 0.089400 0.071700 0.099700 0.119200 0.090500 0.139500 0.118700 0.109000
ThomsonGaz 0.052900 0.099900 0.090700 0.091700 0.026100 0.052900 0.026100 0.026200 0.080500 0.100100 0.043900 0.034800 0.051600 0.035000 0.044100 0.026300 0.110600 0.091200 0.044000 0.071500 0.008600 0.044000 0.110100 0.080300 0.044000 0.017300 0.043900 0.062400 0.008600 0.062100 0.100100 0.026100 0.071600 0.034900 0.026100 0.061900 0.044000 0.026100 0.035200 0.080300 0.110200 0.000000 0.100100 0.071200 0.052700 0.035200 0.026100 0.062400 0.035300 0.130100 0.090200 0.071500
MuntiacusC 0.117900 0.148300 0.128700 0.120400 0.089300 0.118000 0.089500 0.099600 0.117900 0.000000 0.108400 0.079800 0.090000 0.080200 0.080300 0.109600 0.109700 0.090400 0.089400 0.108700 0.089800 0.108600 0.043300 0.061400 0.108600 0.099000 0.080000 0.099400 0.089500 0.098800 0.000000 0.089400 0.080400 0.089200 0.089500 0.089300 0.108600 0.089300 0.109200 0.061400 0.043400 0.100100 0.000000 0.052500 0.098500 0.062200 0.089800 0.109000 0.080800 0.128900 0.118300 0.108700
WhiteTaile 0.088700 0.137400 0.108500 0.090500 0.061200 0.088800 0.061300 0.061700 0.098100 0.052500 0.079500 0.052100 0.052600 0.052300 0.061500 0.080400 0.071200 0.052800 0.061300 0.089100 0.061500 0.079700 0.061700 0.025700 0.079700 0.070500 0.043300 0.080100 0.061300 0.079500 0.052500 0.061200 0.034600 0.052100 0.061300 0.079500 0.079700 0.061200 0.080400 0.025700 0.061300 0.071200 0.052500 0.000000 0.070100 0.034800 0.061500 0.080000 0.052700 0.089500 0.107900 0.089100
Cattle 0.070100 0.137200 0.070600 0.090300 0.043100 0.070100 0.043200 0.061500 0.043100 0.098500 0.061000 0.017000 0.070700 0.052200 0.061300 0.043500 0.109000 0.089800 0.061100 0.034500 0.043300 0.061100 0.089200 0.079100 0.061100 0.052100 0.061100 0.025800 0.043200 0.043200 0.098500 0.043200 0.070600 0.052000 0.043200 0.008500 0.061100 0.043100 0.070900 0.079000 0.089400 0.052700 0.098500 0.070100 0.000000 0.052500 0.061400 0.061300 0.052600 0.108500 0.052200 0.034500
RoyalAntel 0.052700 0.099700 0.090500 0.091400 0.026000 0.052700 0.026000 0.044000 0.080200 0.062200 0.043700 0.034700 0.035100 0.017300 0.026100 0.044200 0.090700 0.071800 0.026000 0.071300 0.026100 0.043800 0.071500 0.043600 0.043800 0.034800 0.026000 0.062200 0.026000 0.061900 0.062200 0.026000 0.052900 0.034700 0.026000 0.061800 0.043800 0.026000 0.053300 0.043600 0.071700 0.035200 0.062200 0.034800 0.052500 0.000000 0.026100 0.043900 0.017400 0.109600 0.089900 0.071300
Steenbok 0.061600 0.089600 0.099500 0.100700 0.034700 0.061600 0.034300 0.034800 0.089300 0.089800 0.052600 0.043400 0.042500 0.025900 0.034800 0.034800 0.100000 0.080900 0.034700 0.080300 0.017100 0.052700 0.099500 0.070500 0.052700 0.025700 0.034700 0.071200 0.017200 0.070800 0.089800 0.034700 0.061900 0.043500 0.034700 0.070600 0.052700 0.034700 0.043700 0.070400 0.099700 0.026100 0.089800 0.061500 0.061400 0.026100 0.000000 0.052800 0.026000 0.119200 0.099000 0.080300
Impala 0.079900 0.128500 0.118900 0.081700 0.052500 0.080200 0.052600 0.071300 0.108200 0.109000 0.070800 0.061400 0.062100 0.043600 0.034800 0.071600 0.099900 0.080900 0.052500 0.099100 0.052800 0.070700 0.119000 0.089100 0.070700 0.061700 0.052600 0.089900 0.052700 0.089400 0.109000 0.052400 0.061800 0.061500 0.052500 0.070600 0.070400 0.052500 0.080900 0.089000 0.119200 0.062400 0.109000 0.080000 0.061300 0.043900 0.052800 0.000000 0.035000 0.099400 0.118200 0.099100
Klipspring 0.052700 0.099900 0.090400 0.081800 0.026000 0.052800 0.026000 0.044100 0.080200 0.080800 0.043800 0.034700 0.033400 0.017300 0.017300 0.043400 0.081200 0.062500 0.026000 0.071300 0.026000 0.043900 0.090400 0.061600 0.043900 0.034800 0.026000 0.062200 0.026000 0.061900 0.080800 0.026000 0.043900 0.034800 0.026000 0.061800 0.043900 0.026000 0.053200 0.061600 0.090500 0.035300 0.080800 0.052700 0.052600 0.017400 0.026000 0.035000 0.000000 0.100000 0.089900 0.071300
ForestMusk 0.137300 0.190900 0.170000 0.130400 0.107900 0.137300 0.118900 0.109400 0.158700 0.128900 0.127400 0.108700 0.109600 0.109000 0.099400 0.139700 0.110100 0.090700 0.118600 0.149000 0.119200 0.127700 0.139300 0.108300 0.127700 0.128900 0.099200 0.139400 0.118900 0.138600 0.128900 0.118600 0.090100 0.108800 0.118700 0.118400 0.127700 0.107900 0.140000 0.117900 0.139500 0.130100 0.128900 0.089500 0.108500 0.109600 0.119200 0.099400 0.100000 0.000000 0.169700 0.149000
Bushbuck 0.108000 0.168500 0.052000 0.128900 0.079700 0.108000 0.079900 0.099300 0.025400 0.118300 0.098500 0.052200 0.108900 0.089300 0.089100 0.080400 0.127900 0.108400 0.098600 0.016900 0.080100 0.098700 0.118600 0.117400 0.098700 0.089300 0.098500 0.025500 0.079900 0.025500 0.118300 0.079700 0.108600 0.088900 0.079800 0.052200 0.098700 0.079700 0.109200 0.117200 0.118700 0.090200 0.118300 0.107900 0.052200 0.089900 0.099000 0.118200 0.089900 0.169700 0.000000 0.016900
GreaterKud 0.089100 0.148300 0.034400 0.110200 0.061400 0.089200 0.061500 0.080400 0.008400 0.108700 0.079900 0.034500 0.089900 0.070800 0.070600 0.062000 0.108600 0.089500 0.080000 0.000000 0.061700 0.080000 0.108900 0.098300 0.080000 0.070700 0.079900 0.008500 0.061600 0.008500 0.108700 0.061400 0.089700 0.070500 0.061500 0.034500 0.080000 0.061400 0.090100 0.098300 0.109000 0.071500 0.108700 0.089100 0.034500 0.071300 0.080300 0.099100 0.071300 0.149000 0.016900 0.000000
