CODONML (in paml version 4.10.7, June 2023)  /home/rachel/ruminants_paml/6406-phy-tree/ENSBTAT00000065940.fasta.phy
Model: free dN/dS Ratios for branches,  kappa = 2.000 fixed

Codon frequency model: F3x4
ns =  54  ls = 250

Codon usage in sequences
--------------------------------------------------------------------------------------------------------------------------------------
Phe TTT  13  12  12  13  13  13 | Ser TCT   4   4   3   4   4   3 | Tyr TAT   3   3   3   3   2   3 | Cys TGT   2   2   2   2   2   2
    TTC   0   1   1   0   0   0 |     TCC   2   2   3   2   2   3 |     TAC   3   3   3   3   4   3 |     TGC   3   3   3   3   3   3
Leu TTA   1   1   1   1   1   1 |     TCA   2   2   2   1   3   2 | *** TAA   0   0   0   0   0   0 | *** TGA   0   0   0   0   0   0
    TTG   0   0   0   0   0   0 |     TCG   1   1   1   2   0   1 |     TAG   0   0   0   0   0   0 | Trp TGG   2   2   2   2   2   2
--------------------------------------------------------------------------------------------------------------------------------------
Leu CTT   2   4   3   2   3   3 | Pro CCT   4   5   4   4   5   5 | His CAT   0   0   0   0   0   0 | Arg CGT   2   3   2   2   3   3
    CTC   2   1   1   2   1   1 |     CCC   1   0   1   1   0   0 |     CAC   1   1   1   1   1   1 |     CGC   1   0   1   1   0   0
    CTA   2   2   3   3   3   3 |     CCA  10   9  10  10  10   9 | Gln CAA   3   2   3   3   3   3 |     CGA   1   1   1   1   2   1
    CTG   7   6   6   6   6   6 |     CCG   0   1   0   0   0   1 |     CAG  11  12  11  11  11  11 |     CGG   1   1   1   1   1   1
--------------------------------------------------------------------------------------------------------------------------------------
Ile ATT   5   6   5   5   6   5 | Thr ACT   3   3   3   3   3   3 | Asn AAT   7   8   7   8   8   9 | Ser AGT   2   2   2   2   2   2
    ATC   6   5   6   6   5   6 |     ACC   7   7   7   7   7   6 |     AAC  16  15  16  15  15  14 |     AGC   4   4   4   4   4   4
    ATA   6   6   6   6   6   6 |     ACA   9   8   9   9   9  10 | Lys AAA   7   8   7   8   8   7 | Arg AGA   3   3   3   3   2   2
Met ATG   7   7   7   7   7   7 |     ACG   1   2   1   1   1   1 |     AAG   8   7   8   7   7   8 |     AGG   3   3   3   3   3   4
--------------------------------------------------------------------------------------------------------------------------------------
Val GTT   1   1   1   1   1   0 | Ala GCT   8   7   8   8   7   8 | Asp GAT   4   2   4   4   3   3 | Gly GGT   5   5   5   4   5   5
    GTC   4   4   4   4   4   4 |     GCC   6   7   6   6   7   6 |     GAC   6   8   6   6   7   7 |     GGC   2   2   2   3   2   2
    GTA   5   5   6   5   5   5 |     GCA   3   4   3   3   3   3 | Glu GAA   5   4   4   4   4   4 |     GGA   6   6   6   6   5   6
    GTG   3   3   2   3   3   4 |     GCG   1   0   1   1   1   1 |     GAG   7   8   8   8   8   8 |     GGG   6   6   6   6   7   6
--------------------------------------------------------------------------------------------------------------------------------------

--------------------------------------------------------------------------------------------------------------------------------------
Phe TTT  13  13  13  13  13  11 | Ser TCT   4   4   3   4   3   3 | Tyr TAT   3   3   3   3   3   3 | Cys TGT   2   2   2   2   2   2
    TTC   0   0   0   0   0   2 |     TCC   2   2   3   2   3   3 |     TAC   3   3   3   3   3   3 |     TGC   3   3   3   3   3   3
Leu TTA   1   1   1   1   1   1 |     TCA   2   2   2   2   2   2 | *** TAA   0   0   0   0   0   0 | *** TGA   0   0   0   0   0   0
    TTG   0   0   0   0   0   0 |     TCG   1   1   1   1   1   1 |     TAG   0   0   0   0   0   0 | Trp TGG   2   2   2   2   2   2
--------------------------------------------------------------------------------------------------------------------------------------
Leu CTT   3   2   3   3   3   3 | Pro CCT   5   4   4   5   4   5 | His CAT   0   0   0   0   0   0 | Arg CGT   2   2   2   2   2   2
    CTC   1   2   1   1   1   2 |     CCC   0   1   1   0   1   0 |     CAC   1   1   1   1   1   1 |     CGC   1   1   1   1   1   1
    CTA   2   2   2   2   3   2 |     CCA   9  10  10   9  10   9 | Gln CAA   3   3   3   3   3   3 |     CGA   1   1   1   1   1   1
    CTG   7   7   7   7   6   6 |     CCG   1   0   0   1   0   1 |     CAG  11  11  11  11  11  11 |     CGG   1   1   1   1   1   1
--------------------------------------------------------------------------------------------------------------------------------------
Ile ATT   5   5   5   6   5   7 | Thr ACT   3   3   3   3   3   3 | Asn AAT   8   7   7   8   7   9 | Ser AGT   2   2   2   2   2   2
    ATC   6   6   6   5   6   5 |     ACC   7   7   7   7   6   7 |     AAC  15  16  16  15  16  14 |     AGC   4   4   4   4   4   4
    ATA   6   6   6   6   6   5 |     ACA   9   9   9   9   9   9 | Lys AAA   7   7   7   7   7   8 | Arg AGA   3   3   3   3   3   3
Met ATG   7   7   7   7   7   7 |     ACG   1   1   1   1   2   1 |     AAG   8   8   8   8   8   7 |     AGG   3   3   3   3   3   3
--------------------------------------------------------------------------------------------------------------------------------------
Val GTT   1   1   1   2   1   1 | Ala GCT   8   8   8   7   8   8 | Asp GAT   4   4   4   4   4   4 | Gly GGT   5   5   5   5   5   4
    GTC   4   4   4   4   4   4 |     GCC   6   6   6   7   6   6 |     GAC   6   6   6   6   6   6 |     GGC   2   2   2   2   2   3
    GTA   5   5   5   4   5   3 |     GCA   3   3   3   3   3   3 | Glu GAA   4   5   4   4   4   4 |     GGA   6   6   6   7   7   6
    GTG   3   3   3   3   3   5 |     GCG   1   1   1   1   1   1 |     GAG   8   7   8   8   8   8 |     GGG   6   6   6   5   5   6
--------------------------------------------------------------------------------------------------------------------------------------

--------------------------------------------------------------------------------------------------------------------------------------
Phe TTT  13  13  13  13  13  13 | Ser TCT   3   3   3   3   4   4 | Tyr TAT   3   2   2   3   3   3 | Cys TGT   2   2   2   2   2   2
    TTC   0   0   0   0   0   0 |     TCC   3   3   3   3   2   2 |     TAC   3   4   4   3   3   3 |     TGC   3   3   3   3   3   3
Leu TTA   1   1   1   1   1   1 |     TCA   2   2   2   1   1   2 | *** TAA   0   0   0   0   0   0 | *** TGA   0   0   0   0   0   0
    TTG   0   0   0   0   0   0 |     TCG   1   1   1   2   2   1 |     TAG   0   0   0   0   0   0 | Trp TGG   2   2   2   2   2   2
--------------------------------------------------------------------------------------------------------------------------------------
Leu CTT   2   3   3   3   3   3 | Pro CCT   4   4   4   4   4   5 | His CAT   0   0   0   0   0   0 | Arg CGT   2   2   2   2   2   2
    CTC   2   1   1   1   1   1 |     CCC   1   1   1   1   1   0 |     CAC   1   1   1   1   1   1 |     CGC   1   1   1   1   1   1
    CTA   2   3   2   2   2   2 |     CCA  10  10  10  10  10  10 | Gln CAA   3   4   3   3   2   3 |     CGA   1   1   1   1   1   1
    CTG   7   6   7   7   7   7 |     CCG   0   0   0   0   0   0 |     CAG  11  10  11  11  12  11 |     CGG   1   1   1   1   1   1
--------------------------------------------------------------------------------------------------------------------------------------
Ile ATT   5   5   5   5   5   5 | Thr ACT   3   3   3   3   3   3 | Asn AAT   7   7   7   7   7   7 | Ser AGT   2   2   2   2   2   2
    ATC   6   6   6   6   6   6 |     ACC   7   7   6   7   6   7 |     AAC  16  16  14  16  15  16 |     AGC   4   4   6   4   5   4
    ATA   6   6   6   6   6   6 |     ACA   9   9   9   9   9   9 | Lys AAA   7   7   7   7   7   7 | Arg AGA   3   3   3   3   3   3
Met ATG   7   7   7   7   7   7 |     ACG   1   1   1   1   1   1 |     AAG   8   8   8   8   8   8 |     AGG   3   3   3   3   3   3
--------------------------------------------------------------------------------------------------------------------------------------
Val GTT   1   1   1   1   0   1 | Ala GCT   8   7   8   8   8   8 | Asp GAT   4   4   4   4   4   4 | Gly GGT   5   5   5   5   5   5
    GTC   4   4   4   4   5   4 |     GCC   6   6   7   6   7   6 |     GAC   6   6   6   6   6   6 |     GGC   2   2   2   2   2   2
    GTA   5   5   5   5   4   4 |     GCA   3   3   3   3   3   3 | Glu GAA   4   4   3   4   4   4 |     GGA   6   6   6   6   6   7
    GTG   3   3   3   3   4   4 |     GCG   1   2   1   1   1   1 |     GAG   8   8   9   8   8   8 |     GGG   6   6   6   6   6   5
--------------------------------------------------------------------------------------------------------------------------------------

--------------------------------------------------------------------------------------------------------------------------------------
Phe TTT  13  13  13  13  13  13 | Ser TCT   3   3   3   3   4   3 | Tyr TAT   3   4   3   3   3   3 | Cys TGT   2   2   2   2   2   2
    TTC   0   0   0   0   0   0 |     TCC   3   3   3   3   2   3 |     TAC   3   2   3   3   3   3 |     TGC   3   3   3   3   3   3
Leu TTA   1   1   0   1   1   1 |     TCA   3   3   2   3   2   2 | *** TAA   0   0   0   0   0   0 | *** TGA   0   0   0   0   0   0
    TTG   0   0   0   0   1   0 |     TCG   0   0   1   0   1   1 |     TAG   0   0   0   0   0   0 | Trp TGG   2   2   2   2   2   2
--------------------------------------------------------------------------------------------------------------------------------------
Leu CTT   3   4   3   3   3   2 | Pro CCT   5   5   4   4   5   4 | His CAT   0   0   0   0   0   0 | Arg CGT   2   2   2   2   2   2
    CTC   1   1   1   1   1   2 |     CCC   0   0   1   1   0   1 |     CAC   1   1   1   1   1   1 |     CGC   1   1   1   1   1   1
    CTA   3   2   3   3   2   2 |     CCA  10  10  10  10  10  10 | Gln CAA   3   3   3   3   3   3 |     CGA   1   1   1   1   1   1
    CTG   6   6   7   6   6   7 |     CCG   0   0   0   0   0   0 |     CAG  11  11  11  11  11  11 |     CGG   1   1   1   1   1   1
--------------------------------------------------------------------------------------------------------------------------------------
Ile ATT   5   5   5   5   5   5 | Thr ACT   4   4   3   3   3   3 | Asn AAT   9   8   7   7   7   7 | Ser AGT   2   2   2   2   2   2
    ATC   6   6   6   6   6   6 |     ACC   7   7   7   8   7   7 |     AAC  14  15  16  16  16  16 |     AGC   4   4   4   4   4   4
    ATA   6   6   6   6   6   6 |     ACA   8   8   9   8   9   9 | Lys AAA   9   8   7   7   7   7 | Arg AGA   3   3   3   3   3   3
Met ATG   7   7   7   7   7   7 |     ACG   1   1   1   1   1   1 |     AAG   6   7   8   8   8   8 |     AGG   3   3   3   3   3   3
--------------------------------------------------------------------------------------------------------------------------------------
Val GTT   1   1   1   1   1   1 | Ala GCT   7   7   8   8   8   8 | Asp GAT   4   4   4   4   4   4 | Gly GGT   5   5   5   5   5   5
    GTC   4   4   4   4   4   4 |     GCC   7   7   6   6   6   6 |     GAC   6   6   6   6   6   6 |     GGC   2   2   2   2   2   2
    GTA   5   5   5   5   4   5 |     GCA   3   3   3   3   3   3 | Glu GAA   4   4   4   4   4   4 |     GGA   6   7   6   6   7   6
    GTG   3   3   3   3   4   3 |     GCG   1   1   1   1   1   1 |     GAG   8   8   8   8   8   8 |     GGG   6   5   6   6   5   6
--------------------------------------------------------------------------------------------------------------------------------------

--------------------------------------------------------------------------------------------------------------------------------------
Phe TTT  11  12  13  13  13  13 | Ser TCT   3   3   3   4   3   3 | Tyr TAT   1   2   3   3   2   3 | Cys TGT   2   2   2   2   2   2
    TTC   2   1   0   0   0   0 |     TCC   3   3   3   2   3   3 |     TAC   5   4   3   3   4   3 |     TGC   3   3   3   3   3   3
Leu TTA   1   1   1   1   1   1 |     TCA   2   2   2   2   2   2 | *** TAA   0   0   0   0   0   0 | *** TGA   0   0   0   0   0   0
    TTG   0   0   0   0   0   0 |     TCG   1   1   1   1   1   1 |     TAG   0   0   0   0   0   0 | Trp TGG   2   2   2   2   2   2
--------------------------------------------------------------------------------------------------------------------------------------
Leu CTT   3   3   2   3   3   3 | Pro CCT   5   5   4   5   4   4 | His CAT   0   0   0   0   0   0 | Arg CGT   2   2   2   2   2   2
    CTC   1   1   2   1   1   1 |     CCC   0   0   1   0   1   1 |     CAC   1   1   1   1   1   1 |     CGC   1   1   1   1   1   1
    CTA   2   3   2   2   2   3 |     CCA   9   9  10   9  10  10 | Gln CAA   3   4   3   3   3   3 |     CGA   1   1   1   1   1   1
    CTG   7   6   7   7   7   6 |     CCG   1   1   0   1   0   0 |     CAG  11  10  11  11  11  11 |     CGG   1   1   1   1   1   1
--------------------------------------------------------------------------------------------------------------------------------------
Ile ATT   6   5   5   5   5   5 | Thr ACT   3   4   3   3   3   3 | Asn AAT   9   9   7   7   7   7 | Ser AGT   2   2   2   2   2   2
    ATC   7   6   6   6   6   6 |     ACC   8   6   7   7   6   7 |     AAC  14  14  16  16  14  16 |     AGC   4   4   4   4   6   4
    ATA   4   6   6   6   6   6 |     ACA   9   9   9   9   9   9 | Lys AAA   8   8   7   7   7   7 | Arg AGA   3   3   3   3   3   3
Met ATG   7   7   7   7   7   7 |     ACG   1   1   1   1   1   1 |     AAG   7   7   8   8   8   8 |     AGG   3   3   3   3   3   3
--------------------------------------------------------------------------------------------------------------------------------------
Val GTT   1   1   1   1   1   1 | Ala GCT   8   7   8   8   8   8 | Asp GAT   3   4   4   3   4   4 | Gly GGT   4   5   5   5   5   5
    GTC   4   4   4   4   4   4 |     GCC   5   7   6   6   7   6 |     GAC   7   6   6   7   6   6 |     GGC   3   3   2   2   2   2
    GTA   3   4   5   4   5   5 |     GCA   3   2   3   3   3   3 | Glu GAA   4   4   4   4   3   4 |     GGA   5   4   6   7   6   6
    GTG   5   4   3   4   3   3 |     GCG   1   2   1   1   1   1 |     GAG   8   8   8   8   9   8 |     GGG   7   7   6   5   6   6
--------------------------------------------------------------------------------------------------------------------------------------

--------------------------------------------------------------------------------------------------------------------------------------
Phe TTT  13  13  11  13  13  13 | Ser TCT   4   3   4   3   3   3 | Tyr TAT   3   3   3   3   3   2 | Cys TGT   2   2   2   2   2   2
    TTC   0   0   2   0   0   0 |     TCC   2   3   2   3   3   3 |     TAC   3   3   3   3   3   4 |     TGC   3   3   3   3   3   3
Leu TTA   1   1   1   1   0   1 |     TCA   2   2   2   2   2   2 | *** TAA   0   0   0   0   0   0 | *** TGA   0   0   0   0   0   0
    TTG   0   0   0   0   1   0 |     TCG   1   1   1   1   1   1 |     TAG   0   0   0   0   0   0 | Trp TGG   2   2   2   2   2   2
--------------------------------------------------------------------------------------------------------------------------------------
Leu CTT   3   3   4   3   3   3 | Pro CCT   5   4   5   4   4   4 | His CAT   0   0   0   0   0   0 | Arg CGT   2   2   2   2   2   2
    CTC   1   1   1   1   1   1 |     CCC   0   1   0   1   1   1 |     CAC   1   1   1   1   1   1 |     CGC   1   1   1   1   1   1
    CTA   2   3   2   2   2   2 |     CCA  10  10   9  10  10  10 | Gln CAA   3   3   3   3   3   3 |     CGA   1   1   1   1   1   1
    CTG   7   6   6   7   7   7 |     CCG   0   0   1   0   0   0 |     CAG  11  11  11  11  11  11 |     CGG   1   1   1   1   1   1
--------------------------------------------------------------------------------------------------------------------------------------
Ile ATT   5   5   5   5   5   5 | Thr ACT   3   3   3   3   3   3 | Asn AAT   7   8   9   7   8   7 | Ser AGT   2   2   2   2   2   2
    ATC   6   6   7   6   6   6 |     ACC   7   7   7   7   7   6 |     AAC  16  15  14  16  15  14 |     AGC   4   4   4   4   4   6
    ATA   6   6   5   6   6   6 |     ACA   9   9   9   9   9   9 | Lys AAA   7   7   9   7   8   7 | Arg AGA   3   3   3   3   3   3
Met ATG   7   7   7   7   7   7 |     ACG   1   1   1   1   1   1 |     AAG   8   8   6   8   7   8 |     AGG   3   3   3   3   3   3
--------------------------------------------------------------------------------------------------------------------------------------
Val GTT   1   1   1   1   1   1 | Ala GCT   8   8   8   8   7   8 | Asp GAT   4   4   4   4   4   4 | Gly GGT   5   5   4   5   5   5
    GTC   4   4   4   4   4   4 |     GCC   6   6   6   6   7   7 |     GAC   6   6   6   6   6   6 |     GGC   2   2   3   2   2   2
    GTA   4   5   3   5   5   5 |     GCA   3   3   3   3   3   3 | Glu GAA   4   4   4   4   4   3 |     GGA   7   6   6   6   6   6
    GTG   4   3   5   3   3   3 |     GCG   1   1   1   1   1   1 |     GAG   8   8   8   8   8   9 |     GGG   5   6   6   6   6   6
--------------------------------------------------------------------------------------------------------------------------------------

--------------------------------------------------------------------------------------------------------------------------------------
Phe TTT  13  13  13  13  13  12 | Ser TCT   3   3   3   3   4   3 | Tyr TAT   3   2   3   3   3   2 | Cys TGT   2   2   2   2   2   2
    TTC   0   0   0   0   0   1 |     TCC   3   3   3   3   2   3 |     TAC   3   4   3   3   3   4 |     TGC   3   3   3   3   3   3
Leu TTA   1   1   1   1   1   1 |     TCA   2   2   2   2   2   2 | *** TAA   0   0   0   0   0   0 | *** TGA   0   0   0   0   0   0
    TTG   0   0   0   0   1   0 |     TCG   1   1   1   1   1   1 |     TAG   0   0   0   0   0   0 | Trp TGG   2   2   2   2   2   2
--------------------------------------------------------------------------------------------------------------------------------------
Leu CTT   3   3   2   3   3   3 | Pro CCT   4   5   4   5   5   5 | His CAT   0   0   0   0   0   0 | Arg CGT   2   2   2   2   2   2
    CTC   1   1   2   1   1   2 |     CCC   1   0   1   0   0   1 |     CAC   1   1   1   1   1   1 |     CGC   1   1   1   1   1   1
    CTA   2   3   2   2   2   2 |     CCA  10  10  10   9  10   7 | Gln CAA   3   3   3   3   3   2 |     CGA   1   1   1   1   1   1
    CTG   7   6   7   7   6   6 |     CCG   0   0   0   1   0   2 |     CAG  11  11  11  11  11  12 |     CGG   1   1   1   1   1   1
--------------------------------------------------------------------------------------------------------------------------------------
Ile ATT   5   5   5   5   5   6 | Thr ACT   3   3   3   3   3   4 | Asn AAT   7   8   7   8   8   9 | Ser AGT   2   2   2   2   2   2
    ATC   6   6   6   6   6   6 |     ACC   7   7   7   7   7   6 |     AAC  16  15  16  15  15  14 |     AGC   4   4   4   4   4   4
    ATA   6   6   6   6   6   6 |     ACA   9   9   9   9   9   8 | Lys AAA   7   7   7   7   7   8 | Arg AGA   3   3   3   3   3   3
Met ATG   7   7   7   7   7   7 |     ACG   1   1   1   1   1   2 |     AAG   8   8   8   8   8   7 |     AGG   3   3   3   3   3   3
--------------------------------------------------------------------------------------------------------------------------------------
Val GTT   1   1   1   1   1   0 | Ala GCT   8   8   8   8   8   7 | Asp GAT   3   4   4   4   4   4 | Gly GGT   5   5   5   5   5   5
    GTC   4   4   4   4   4   4 |     GCC   6   6   6   6   6   7 |     GAC   7   6   6   6   6   6 |     GGC   2   2   2   2   2   3
    GTA   5   5   5   5   5   4 |     GCA   3   3   3   3   3   3 | Glu GAA   4   4   4   4   5   4 |     GGA   6   6   6   6   7   4
    GTG   3   3   3   3   3   4 |     GCG   1   1   1   1   1   1 |     GAG   8   8   8   8   7   8 |     GGG   6   6   6   6   5   7
--------------------------------------------------------------------------------------------------------------------------------------

--------------------------------------------------------------------------------------------------------------------------------------
Phe TTT  11  13  11  11  13  13 | Ser TCT   3   4   3   3   3   3 | Tyr TAT   1   3   2   1   2   3 | Cys TGT   2   2   2   2   2   2
    TTC   2   0   2   2   0   0 |     TCC   3   2   3   3   3   3 |     TAC   5   3   4   5   4   3 |     TGC   3   3   3   3   3   3
Leu TTA   1   1   0   1   1   1 |     TCA   2   2   2   2   2   2 | *** TAA   0   0   0   0   0   0 | *** TGA   0   0   0   0   0   0
    TTG   0   0   0   0   0   0 |     TCG   1   1   1   1   1   1 |     TAG   0   0   0   0   0   0 | Trp TGG   2   2   2   2   2   2
--------------------------------------------------------------------------------------------------------------------------------------
Leu CTT   3   3   3   2   3   3 | Pro CCT   5   5   5   5   4   4 | His CAT   0   0   0   0   0   0 | Arg CGT   2   2   2   2   2   2
    CTC   1   1   2   2   1   1 |     CCC   0   0   0   0   1   1 |     CAC   1   1   1   1   1   1 |     CGC   1   1   1   1   1   1
    CTA   2   2   3   2   3   3 |     CCA   9  10   9   9  10  10 | Gln CAA   3   3   3   3   3   3 |     CGA   1   1   1   1   1   1
    CTG   7   7   6   7   6   6 |     CCG   1   0   1   1   0   0 |     CAG  11  11  11  11  11  11 |     CGG   1   1   1   1   1   1
--------------------------------------------------------------------------------------------------------------------------------------
Ile ATT   6   5   5   5   5   5 | Thr ACT   3   3   3   3   3   3 | Asn AAT   9   7  10   9   7   7 | Ser AGT   2   2   2   2   2   2
    ATC   7   6   7   7   6   6 |     ACC   8   7   7   8   7   7 |     AAC  14  16  13  14  16  16 |     AGC   4   4   4   4   4   4
    ATA   4   6   5   5   6   6 |     ACA   9   9   9   8   9   9 | Lys AAA   8   7   8   8   7   7 | Arg AGA   3   3   3   3   3   3
Met ATG   7   7   7   7   7   7 |     ACG   1   1   1   1   1   1 |     AAG   7   8   7   7   8   8 |     AGG   3   3   3   3   3   3
--------------------------------------------------------------------------------------------------------------------------------------
Val GTT   1   1   1   1   1   1 | Ala GCT   8   8   8   7   8   8 | Asp GAT   4   3   4   4   4   4 | Gly GGT   4   5   4   5   5   4
    GTC   4   4   4   4   4   4 |     GCC   5   6   6   7   6   6 |     GAC   6   7   6   6   6   6 |     GGC   3   2   3   3   2   2
    GTA   3   4   3   4   5   5 |     GCA   3   3   3   2   3   3 | Glu GAA   5   5   4   3   4   4 |     GGA   5   7   6   4   6   6
    GTG   5   4   5   4   3   3 |     GCG   1   1   1   2   1   1 |     GAG   7   7   8   9   8   8 |     GGG   7   5   6   7   6   7
--------------------------------------------------------------------------------------------------------------------------------------

--------------------------------------------------------------------------------------------------------------------------------------
Phe TTT  13  13  13  13  13  13 | Ser TCT   5   3   3   4   3   3 | Tyr TAT   3   3   3   3   3   3 | Cys TGT   2   2   2   2   2   2
    TTC   0   0   0   0   0   0 |     TCC   1   3   3   2   3   3 |     TAC   3   3   3   3   3   3 |     TGC   3   3   3   3   3   3
Leu TTA   1   0   1   1   1   1 |     TCA   2   2   2   1   2   2 | *** TAA   0   0   0   0   0   0 | *** TGA   0   0   0   0   0   0
    TTG   0   1   0   0   0   0 |     TCG   1   1   1   2   1   1 |     TAG   0   0   0   0   0   0 | Trp TGG   2   2   2   2   2   2
--------------------------------------------------------------------------------------------------------------------------------------
Leu CTT   3   3   3   2   3   3 | Pro CCT   5   4   4   5   4   4 | His CAT   0   0   0   0   0   0 | Arg CGT   2   2   2   2   2   2
    CTC   1   2   1   2   1   1 |     CCC   0   1   1   0   1   1 |     CAC   1   1   1   1   1   1 |     CGC   1   1   1   1   1   1
    CTA   2   2   3   3   3   3 |     CCA  10  10  10  10  10  10 | Gln CAA   3   3   3   3   3   3 |     CGA   1   1   1   1   1   1
    CTG   7   6   6   6   6   6 |     CCG   0   0   0   0   0   0 |     CAG  11  11  11  11  11  11 |     CGG   1   1   1   1   1   1
--------------------------------------------------------------------------------------------------------------------------------------
Ile ATT   5   5   5   5   5   5 | Thr ACT   3   3   4   3   3   3 | Asn AAT   8   8   7   8   7   7 | Ser AGT   3   2   2   2   2   2
    ATC   6   6   6   6   6   6 |     ACC   7   7   7   7   7   7 |     AAC  15  15  16  15  16  16 |     AGC   3   4   4   4   4   4
    ATA   6   6   6   6   6   6 |     ACA   9   9   8   9   9   9 | Lys AAA   7   8   7   8   7   7 | Arg AGA   3   3   3   3   3   3
Met ATG   7   7   7   7   7   7 |     ACG   1   1   1   1   1   1 |     AAG   8   7   8   7   8   8 |     AGG   3   3   3   3   3   3
--------------------------------------------------------------------------------------------------------------------------------------
Val GTT   1   1   1   1   1   1 | Ala GCT   8   8   8   8   8   8 | Asp GAT   4   4   4   4   4   4 | Gly GGT   5   4   5   4   5   5
    GTC   4   4   4   4   4   4 |     GCC   6   6   6   6   6   6 |     GAC   6   6   6   6   6   6 |     GGC   2   2   2   3   2   2
    GTA   5   5   5   5   5   5 |     GCA   3   3   3   3   3   3 | Glu GAA   4   4   4   4   4   4 |     GGA   7   7   6   6   6   6
    GTG   3   3   3   3   3   3 |     GCG   1   1   1   1   1   1 |     GAG   8   8   8   8   8   8 |     GGG   5   6   6   6   6   6
--------------------------------------------------------------------------------------------------------------------------------------

Codon position x base (3x4) table for each sequence.

#1: Argali         
position  1:    T:0.14400    C:0.19200    A:0.37600    G:0.28800
position  2:    T:0.25600    C:0.24800    A:0.32400    G:0.17200
position  3:    T:0.26000    C:0.25600    A:0.25200    G:0.23200
Average         T:0.22000    C:0.23200    A:0.31733    G:0.23067

#2: LesserMouseDeer
position  1:    T:0.14400    C:0.19200    A:0.37600    G:0.28800
position  2:    T:0.25600    C:0.24800    A:0.32400    G:0.17200
position  3:    T:0.26800    C:0.25200    A:0.24400    G:0.23600
Average         T:0.22267    C:0.23067    A:0.31467    G:0.23200

#3: LesserKudu     
position  1:    T:0.14400    C:0.19200    A:0.37600    G:0.28800
position  2:    T:0.25600    C:0.24800    A:0.32400    G:0.17200
position  3:    T:0.25600    C:0.26000    A:0.25600    G:0.22800
Average         T:0.21867    C:0.23333    A:0.31867    G:0.22933

#4: ForestMuskDeer2
position  1:    T:0.14400    C:0.19200    A:0.37600    G:0.28800
position  2:    T:0.25600    C:0.24800    A:0.32400    G:0.17200
position  3:    T:0.26000    C:0.25600    A:0.25200    G:0.23200
Average         T:0.22000    C:0.23200    A:0.31733    G:0.23067

#5: Camel          
position  1:    T:0.14400    C:0.19600    A:0.37200    G:0.28800
position  2:    T:0.25600    C:0.24800    A:0.32400    G:0.17200
position  3:    T:0.26800    C:0.24800    A:0.25600    G:0.22800
Average         T:0.22267    C:0.23067    A:0.31733    G:0.22933

#6: KillerWhale    
position  1:    T:0.14400    C:0.19200    A:0.37600    G:0.28800
position  2:    T:0.25600    C:0.24800    A:0.32400    G:0.17200
position  3:    T:0.26800    C:0.24000    A:0.24800    G:0.24400
Average         T:0.22267    C:0.22667    A:0.31600    G:0.23467

#7: DefassaWaterbuck
position  1:    T:0.14400    C:0.19200    A:0.37600    G:0.28800
position  2:    T:0.25600    C:0.24800    A:0.32400    G:0.17200
position  3:    T:0.27200    C:0.24400    A:0.24400    G:0.24000
Average         T:0.22400    C:0.22800    A:0.31467    G:0.23333

#8: Sheep          
position  1:    T:0.14400    C:0.19200    A:0.37600    G:0.28800
position  2:    T:0.25600    C:0.24800    A:0.32400    G:0.17200
position  3:    T:0.26000    C:0.25600    A:0.25200    G:0.23200
Average         T:0.22000    C:0.23200    A:0.31733    G:0.23067

#9: MaxwellsDuiker 
position  1:    T:0.14400    C:0.19200    A:0.37600    G:0.28800
position  2:    T:0.25600    C:0.24800    A:0.32400    G:0.17200
position  3:    T:0.26000    C:0.25600    A:0.24800    G:0.23600
Average         T:0.22000    C:0.23200    A:0.31600    G:0.23200

#10: GazellaPrzewalskyi
position  1:    T:0.14400    C:0.19200    A:0.37600    G:0.28800
position  2:    T:0.25600    C:0.24800    A:0.32400    G:0.17200
position  3:    T:0.27600    C:0.24400    A:0.24400    G:0.23600
Average         T:0.22533    C:0.22800    A:0.31467    G:0.23200

#11: MountainNyala  
position  1:    T:0.14400    C:0.19200    A:0.37600    G:0.28800
position  2:    T:0.25600    C:0.24800    A:0.32400    G:0.17200
position  3:    T:0.26000    C:0.25200    A:0.25600    G:0.23200
Average         T:0.22000    C:0.23067    A:0.31867    G:0.23067

#12: MuntiacusMuntjak
position  1:    T:0.14400    C:0.19200    A:0.37600    G:0.28800
position  2:    T:0.25600    C:0.24800    A:0.32400    G:0.17200
position  3:    T:0.26800    C:0.25600    A:0.23600    G:0.24000
Average         T:0.22267    C:0.23200    A:0.31200    G:0.23333

#13: goat           
position  1:    T:0.14400    C:0.19200    A:0.37600    G:0.28800
position  2:    T:0.25600    C:0.24800    A:0.32400    G:0.17200
position  3:    T:0.25600    C:0.26000    A:0.24800    G:0.23600
Average         T:0.21867    C:0.23333    A:0.31600    G:0.23200

#14: AfricanBuffalo 
position  1:    T:0.14400    C:0.19200    A:0.37600    G:0.28800
position  2:    T:0.25600    C:0.24800    A:0.32400    G:0.17200
position  3:    T:0.25200    C:0.26000    A:0.25600    G:0.23200
Average         T:0.21733    C:0.23333    A:0.31867    G:0.23067

#15: Topi           
position  1:    T:0.14400    C:0.19200    A:0.37200    G:0.29200
position  2:    T:0.25600    C:0.24800    A:0.31600    G:0.18000
position  3:    T:0.25600    C:0.26000    A:0.24400    G:0.24000
Average         T:0.21867    C:0.23333    A:0.31067    G:0.23733

#16: CommonDuiker   
position  1:    T:0.14400    C:0.19200    A:0.37600    G:0.28800
position  2:    T:0.25600    C:0.24800    A:0.32400    G:0.17200
position  3:    T:0.26000    C:0.25600    A:0.24400    G:0.24000
Average         T:0.22000    C:0.23200    A:0.31467    G:0.23333

#17: Suni           
position  1:    T:0.14400    C:0.19200    A:0.37200    G:0.29200
position  2:    T:0.25600    C:0.24800    A:0.32000    G:0.17600
position  3:    T:0.26000    C:0.25600    A:0.23600    G:0.24800
Average         T:0.22000    C:0.23200    A:0.30933    G:0.23867

#18: Springbuck     
position  1:    T:0.14400    C:0.19200    A:0.37600    G:0.28800
position  2:    T:0.25600    C:0.24800    A:0.32400    G:0.17200
position  3:    T:0.26800    C:0.24800    A:0.24800    G:0.23600
Average         T:0.22267    C:0.22933    A:0.31600    G:0.23200

#19: Okapi          
position  1:    T:0.14400    C:0.19200    A:0.37600    G:0.28800
position  2:    T:0.25600    C:0.24800    A:0.32400    G:0.17200
position  3:    T:0.27200    C:0.24800    A:0.26000    G:0.22000
Average         T:0.22400    C:0.22933    A:0.32000    G:0.22667

#20: Giraffe        
position  1:    T:0.14400    C:0.19200    A:0.37600    G:0.28800
position  2:    T:0.25600    C:0.24800    A:0.32400    G:0.17200
position  3:    T:0.27600    C:0.24800    A:0.25600    G:0.22000
Average         T:0.22533    C:0.22933    A:0.31867    G:0.22667

#21: TibetanAntelope
position  1:    T:0.14000    C:0.19600    A:0.37600    G:0.28800
position  2:    T:0.25600    C:0.24800    A:0.32400    G:0.17200
position  3:    T:0.26000    C:0.25600    A:0.24800    G:0.23600
Average         T:0.21867    C:0.23333    A:0.31600    G:0.23200

#22: Sitatunga      
position  1:    T:0.14400    C:0.19200    A:0.37600    G:0.28800
position  2:    T:0.25600    C:0.24800    A:0.32400    G:0.17200
position  3:    T:0.26000    C:0.26000    A:0.25200    G:0.22800
Average         T:0.22000    C:0.23333    A:0.31733    G:0.22933

#23: Oribi          
position  1:    T:0.14800    C:0.18800    A:0.37600    G:0.28800
position  2:    T:0.25600    C:0.24800    A:0.32400    G:0.17200
position  3:    T:0.26800    C:0.24800    A:0.24800    G:0.23600
Average         T:0.22400    C:0.22800    A:0.31600    G:0.23200

#24: BarbarySheep   
position  1:    T:0.14400    C:0.19200    A:0.37600    G:0.28800
position  2:    T:0.25600    C:0.24800    A:0.32400    G:0.17200
position  3:    T:0.25600    C:0.26000    A:0.24800    G:0.23600
Average         T:0.21867    C:0.23333    A:0.31600    G:0.23200

#25: Daviddeer      
position  1:    T:0.14400    C:0.19200    A:0.38000    G:0.28400
position  2:    T:0.25600    C:0.24800    A:0.32400    G:0.17200
position  3:    T:0.25200    C:0.27200    A:0.22800    G:0.24800
Average         T:0.21733    C:0.23733    A:0.31067    G:0.23467

#26: Reindeer       
position  1:    T:0.14400    C:0.19200    A:0.37600    G:0.28800
position  2:    T:0.25600    C:0.24800    A:0.32400    G:0.17200
position  3:    T:0.26400    C:0.25600    A:0.24000    G:0.24000
Average         T:0.22133    C:0.23200    A:0.31333    G:0.23333

#27: Ibex           
position  1:    T:0.14400    C:0.19200    A:0.37600    G:0.28800
position  2:    T:0.25600    C:0.24800    A:0.32400    G:0.17200
position  3:    T:0.25600    C:0.26000    A:0.24800    G:0.23600
Average         T:0.21867    C:0.23333    A:0.31600    G:0.23200

#28: GyrantGazelle  
position  1:    T:0.14400    C:0.19200    A:0.37600    G:0.28800
position  2:    T:0.25600    C:0.24800    A:0.32400    G:0.17200
position  3:    T:0.26400    C:0.25200    A:0.24400    G:0.24000
Average         T:0.22133    C:0.23067    A:0.31467    G:0.23333

#29: Hartebeest     
position  1:    T:0.14400    C:0.19200    A:0.37200    G:0.29200
position  2:    T:0.25600    C:0.24800    A:0.31600    G:0.18000
position  3:    T:0.25600    C:0.26000    A:0.24400    G:0.24000
Average         T:0.21867    C:0.23333    A:0.31067    G:0.23733

#30: Bongo          
position  1:    T:0.14400    C:0.19200    A:0.37600    G:0.28800
position  2:    T:0.25600    C:0.24800    A:0.32400    G:0.17200
position  3:    T:0.26000    C:0.25600    A:0.25200    G:0.23200
Average         T:0.22000    C:0.23200    A:0.31733    G:0.23067

#31: Gerenuk        
position  1:    T:0.14400    C:0.19200    A:0.37600    G:0.28800
position  2:    T:0.25600    C:0.24800    A:0.32400    G:0.17200
position  3:    T:0.26800    C:0.24800    A:0.24800    G:0.23600
Average         T:0.22267    C:0.22933    A:0.31600    G:0.23200

#32: CommonEland    
position  1:    T:0.14400    C:0.19200    A:0.37600    G:0.28800
position  2:    T:0.25600    C:0.24800    A:0.32400    G:0.17200
position  3:    T:0.26400    C:0.25200    A:0.25200    G:0.23200
Average         T:0.22133    C:0.23067    A:0.31733    G:0.23067

#33: MuntiacusReevesi
position  1:    T:0.14400    C:0.19200    A:0.37600    G:0.28800
position  2:    T:0.25600    C:0.24800    A:0.32400    G:0.17200
position  3:    T:0.26800    C:0.25600    A:0.24000    G:0.23600
Average         T:0.22267    C:0.23200    A:0.31333    G:0.23200

#34: HarveysDuiker  
position  1:    T:0.14400    C:0.19200    A:0.37600    G:0.28800
position  2:    T:0.25600    C:0.24800    A:0.32400    G:0.17200
position  3:    T:0.26000    C:0.25600    A:0.24800    G:0.23600
Average         T:0.22000    C:0.23200    A:0.31600    G:0.23200

#35: Pronghorn      
position  1:    T:0.14400    C:0.19200    A:0.37600    G:0.28800
position  2:    T:0.25600    C:0.24800    A:0.32400    G:0.17200
position  3:    T:0.26000    C:0.25600    A:0.24800    G:0.23600
Average         T:0.22000    C:0.23200    A:0.31600    G:0.23200

#36: BlueWildebeest 
position  1:    T:0.14400    C:0.19200    A:0.37200    G:0.29200
position  2:    T:0.25600    C:0.24800    A:0.31600    G:0.18000
position  3:    T:0.25600    C:0.26000    A:0.24400    G:0.24000
Average         T:0.21867    C:0.23333    A:0.31067    G:0.23733

#37: Gemsbok        
position  1:    T:0.14400    C:0.19200    A:0.37600    G:0.28800
position  2:    T:0.25600    C:0.24800    A:0.32400    G:0.17200
position  3:    T:0.25600    C:0.26000    A:0.24800    G:0.23600
Average         T:0.21867    C:0.23333    A:0.31600    G:0.23200

#38: Yak            
position  1:    T:0.14400    C:0.19200    A:0.37600    G:0.28800
position  2:    T:0.25600    C:0.24800    A:0.32400    G:0.17200
position  3:    T:0.26400    C:0.25200    A:0.25200    G:0.23200
Average         T:0.22133    C:0.23067    A:0.31733    G:0.23067

#39: BlueSheep      
position  1:    T:0.14400    C:0.19200    A:0.37600    G:0.28800
position  2:    T:0.25600    C:0.24800    A:0.32400    G:0.17200
position  3:    T:0.25600    C:0.26000    A:0.24800    G:0.23600
Average         T:0.21867    C:0.23333    A:0.31600    G:0.23200

#40: BohorReedbuck  
position  1:    T:0.14400    C:0.19200    A:0.37600    G:0.28800
position  2:    T:0.25600    C:0.24800    A:0.32400    G:0.17200
position  3:    T:0.26800    C:0.24800    A:0.24400    G:0.24000
Average         T:0.22267    C:0.22933    A:0.31467    G:0.23333

#41: KirksDik       
position  1:    T:0.14800    C:0.18800    A:0.37600    G:0.28800
position  2:    T:0.25600    C:0.24800    A:0.32400    G:0.17200
position  3:    T:0.27200    C:0.24400    A:0.25600    G:0.22800
Average         T:0.22533    C:0.22667    A:0.31867    G:0.22933

#42: RoeDeer        
position  1:    T:0.14400    C:0.19200    A:0.38000    G:0.28400
position  2:    T:0.25600    C:0.24800    A:0.32400    G:0.17200
position  3:    T:0.26400    C:0.26400    A:0.22000    G:0.25200
Average         T:0.22133    C:0.23467    A:0.30800    G:0.23600

#43: WhiteLippedDeer
position  1:    T:0.14400    C:0.19200    A:0.38000    G:0.28400
position  2:    T:0.25600    C:0.24800    A:0.32400    G:0.17200
position  3:    T:0.25600    C:0.26800    A:0.23200    G:0.24400
Average         T:0.21867    C:0.23600    A:0.31200    G:0.23333

#44: ThomsonGazelle 
position  1:    T:0.14400    C:0.19200    A:0.37600    G:0.28800
position  2:    T:0.25600    C:0.24800    A:0.32400    G:0.17200
position  3:    T:0.26400    C:0.25200    A:0.25200    G:0.23200
Average         T:0.22133    C:0.23067    A:0.31733    G:0.23067

#45: MuntiacusCrinifrons
position  1:    T:0.14000    C:0.19600    A:0.37600    G:0.28800
position  2:    T:0.25600    C:0.24800    A:0.32400    G:0.17200
position  3:    T:0.26000    C:0.26400    A:0.23600    G:0.24000
Average         T:0.21867    C:0.23600    A:0.31200    G:0.23333

#46: WhiteTailedDeer
position  1:    T:0.14400    C:0.19200    A:0.37600    G:0.28800
position  2:    T:0.25600    C:0.24800    A:0.32400    G:0.17200
position  3:    T:0.24800    C:0.28000    A:0.22000    G:0.25200
Average         T:0.21600    C:0.24000    A:0.30667    G:0.23733

#47: Cattle         
position  1:    T:0.14400    C:0.19200    A:0.37600    G:0.28800
position  2:    T:0.25600    C:0.24800    A:0.32400    G:0.17200
position  3:    T:0.25600    C:0.26000    A:0.25200    G:0.23200
Average         T:0.21867    C:0.23333    A:0.31733    G:0.23067

#48: RoyalAntelope  
position  1:    T:0.14400    C:0.19200    A:0.37600    G:0.28800
position  2:    T:0.25600    C:0.24800    A:0.32400    G:0.17200
position  3:    T:0.25600    C:0.25600    A:0.25200    G:0.23600
Average         T:0.21867    C:0.23200    A:0.31733    G:0.23200

#49: Steenbok       
position  1:    T:0.14400    C:0.19200    A:0.37600    G:0.28800
position  2:    T:0.25600    C:0.24800    A:0.32400    G:0.17200
position  3:    T:0.28000    C:0.23600    A:0.25200    G:0.23200
Average         T:0.22667    C:0.22533    A:0.31733    G:0.23067

#50: Impala         
position  1:    T:0.14400    C:0.19200    A:0.37600    G:0.28800
position  2:    T:0.25600    C:0.24800    A:0.32400    G:0.17200
position  3:    T:0.26000    C:0.25600    A:0.25200    G:0.23200
Average         T:0.22000    C:0.23200    A:0.31733    G:0.23067

#51: Klipspringer   
position  1:    T:0.14400    C:0.19200    A:0.37600    G:0.28800
position  2:    T:0.25600    C:0.24800    A:0.32400    G:0.17200
