1
52 1
Argali 0.000000 0.239200 0.093200 0.292900 0.070200 0.014600 0.054900 0.096700 0.076600 0.097000 0.029700 0.097000 0.060100 0.086100 0.094600 0.074600 0.074900 0.075400 0.039400 0.093300 0.055600 0.014800 0.118900 0.097000 0.034700 0.080100 0.039700 0.112100 0.091400 0.097700 0.086400 0.065100 0.122500 0.039900 0.040200 0.102300 0.024500 0.080700 0.085800 0.114800 0.097800 0.070300 0.097000 0.081100 0.100900 0.065400 0.113500 0.093900 0.070500 0.075800 0.118000 0.108200
LesserMous 0.239200 0.000000 0.274400 0.303300 0.302500 0.255400 0.255800 0.314100 0.276300 0.265900 0.250400 0.263200 0.276500 0.302200 0.322900 0.279100 0.245700 0.248000 0.273700 0.295300 0.271300 0.230900 0.296200 0.275500 0.256700 0.271200 0.263200 0.307000 0.294700 0.271100 0.266200 0.282300 0.309300 0.244800 0.234300 0.295600 0.255100 0.302600 0.267200 0.313400 0.270000 0.260700 0.266100 0.275400 0.287800 0.276100 0.333600 0.300500 0.304400 0.286600 0.308300 0.297600
LesserKudu 0.093200 0.274400 0.000000 0.354800 0.135200 0.097200 0.119000 0.147100 0.029700 0.129400 0.108800 0.086300 0.152700 0.146900 0.160300 0.123600 0.122900 0.123700 0.123600 0.030000 0.104200 0.098000 0.129500 0.129500 0.103100 0.107000 0.130400 0.062800 0.129900 0.055100 0.118500 0.129800 0.170900 0.125500 0.115400 0.107300 0.118800 0.146600 0.135400 0.159100 0.108300 0.108100 0.140700 0.118900 0.107000 0.113500 0.153600 0.158900 0.142400 0.129900 0.054400 0.044700
KillerWhal 0.292900 0.303300 0.354800 0.000000 0.313500 0.308200 0.301700 0.354100 0.331600 0.333000 0.303700 0.329800 0.329500 0.350200 0.341000 0.291700 0.311200 0.290000 0.320100 0.341500 0.311600 0.284400 0.332300 0.299300 0.309800 0.310600 0.302700 0.345700 0.340900 0.315600 0.333300 0.327800 0.360500 0.297700 0.281000 0.356300 0.281300 0.340700 0.334800 0.327700 0.321900 0.314300 0.347400 0.299500 0.355100 0.330500 0.371200 0.305300 0.354700 0.323300 0.340100 0.329800
DefassaWat 0.070200 0.302500 0.135200 0.313500 0.000000 0.084700 0.095300 0.138400 0.107000 0.138500 0.090500 0.149600 0.122100 0.127300 0.082800 0.104400 0.104800 0.116200 0.084400 0.113300 0.096600 0.085400 0.161200 0.116700 0.085100 0.099200 0.100800 0.131700 0.122000 0.106800 0.127700 0.105700 0.141400 0.101200 0.102200 0.132700 0.074300 0.019300 0.127200 0.139700 0.139600 0.100300 0.149800 0.100700 0.131300 0.095500 0.155800 0.097700 0.122700 0.116300 0.137600 0.128000
Sheep 0.014600 0.255400 0.097200 0.308200 0.084700 0.000000 0.069400 0.111400 0.091300 0.111600 0.044200 0.111600 0.074600 0.095400 0.108900 0.089200 0.089400 0.090000 0.053800 0.108200 0.070300 0.029300 0.122800 0.100900 0.039200 0.094500 0.054300 0.126700 0.106000 0.112400 0.101100 0.079600 0.136500 0.054500 0.055000 0.116900 0.039000 0.084800 0.100400 0.129600 0.101700 0.084900 0.111700 0.095700 0.115800 0.080000 0.128200 0.108200 0.085300 0.090400 0.132600 0.122900
MaxwellsDu 0.054900 0.255800 0.119000 0.301700 0.095300 0.069400 0.000000 0.111500 0.102000 0.122500 0.064700 0.111700 0.106300 0.059300 0.109000 0.089100 0.099900 0.100500 0.074300 0.119200 0.080800 0.070100 0.144600 0.122400 0.069700 0.094700 0.085300 0.137700 0.106000 0.112500 0.111800 0.039100 0.136600 0.085600 0.065400 0.127800 0.069400 0.106000 0.111200 0.140100 0.123400 0.074700 0.122500 0.106300 0.126500 0.090400 0.139400 0.108200 0.096000 0.080100 0.132800 0.123000
GazellaPrz 0.096700 0.314100 0.147100 0.354100 0.138400 0.111400 0.111500 0.000000 0.145900 0.167000 0.117300 0.155800 0.138800 0.144200 0.151800 0.079300 0.132000 0.132800 0.126900 0.152900 0.049600 0.112300 0.178800 0.155600 0.122600 0.089000 0.117100 0.171100 0.089900 0.156900 0.155900 0.116700 0.179400 0.117600 0.118700 0.161300 0.122000 0.149600 0.094800 0.186600 0.157000 0.074300 0.161500 0.139100 0.160200 0.128000 0.117000 0.150700 0.143800 0.144500 0.177400 0.167700
MountainNy 0.076600 0.276300 0.029700 0.331600 0.107000 0.091300 0.102000 0.145900 0.000000 0.117400 0.091900 0.075100 0.134900 0.134800 0.131800 0.122600 0.106100 0.106700 0.096100 0.019700 0.103400 0.081400 0.128400 0.128400 0.086400 0.106200 0.113100 0.043800 0.134100 0.034400 0.106700 0.112600 0.143000 0.108200 0.098300 0.085200 0.101900 0.129000 0.134300 0.146400 0.107400 0.107300 0.128500 0.102000 0.090100 0.096600 0.152400 0.141500 0.124500 0.112700 0.043900 0.034300
MuntiacusM 0.097000 0.265900 0.129400 0.333000 0.138500 0.111600 0.122500 0.167000 0.117400 0.000000 0.117600 0.144300 0.133500 0.143800 0.162600 0.142800 0.115800 0.116500 0.127300 0.129600 0.124100 0.112600 0.089500 0.079100 0.122900 0.137500 0.122000 0.126300 0.138600 0.122800 0.009300 0.133100 0.157500 0.106400 0.097300 0.154800 0.122300 0.161100 0.155300 0.106000 0.064300 0.138900 0.018600 0.079300 0.154500 0.111800 0.185200 0.156300 0.145200 0.133100 0.143000 0.133300
goat 0.029700 0.250400 0.108800 0.303700 0.090500 0.044200 0.064700 0.117300 0.091900 0.117600 0.000000 0.112400 0.080200 0.095900 0.114700 0.084600 0.095100 0.095700 0.059100 0.109000 0.075900 0.044400 0.139900 0.117600 0.014600 0.089800 0.059700 0.116800 0.095700 0.102400 0.106900 0.074900 0.131900 0.059900 0.060400 0.122900 0.044000 0.101200 0.095600 0.135900 0.118500 0.080100 0.117700 0.085800 0.121900 0.085600 0.134400 0.113900 0.080600 0.075300 0.133500 0.123700
AfricanBuf 0.097000 0.263200 0.086300 0.329800 0.149600 0.111600 0.111700 0.155800 0.075100 0.144300 0.112400 0.000000 0.155900 0.144500 0.152200 0.132400 0.115800 0.105800 0.127200 0.086500 0.124000 0.096600 0.166900 0.133200 0.117600 0.137500 0.133900 0.099800 0.138500 0.090800 0.133400 0.122100 0.163300 0.128900 0.119000 0.100400 0.122300 0.160900 0.143900 0.151200 0.145400 0.127800 0.133200 0.122700 0.100200 0.106400 0.162000 0.140300 0.145500 0.139300 0.110700 0.101100
Topi 0.060100 0.276500 0.152700 0.329500 0.122100 0.074600 0.106300 0.138800 0.134900 0.133500 0.080200 0.155900 0.000000 0.133100 0.135600 0.105100 0.121100 0.122000 0.089800 0.152900 0.096800 0.075300 0.167500 0.133500 0.085300 0.121200 0.029200 0.171200 0.111400 0.145500 0.133600 0.116800 0.168500 0.019500 0.070700 0.138700 0.084900 0.133100 0.105800 0.163700 0.140400 0.111500 0.133600 0.128100 0.137400 0.106600 0.156200 0.134600 0.123300 0.133600 0.177600 0.167800
CommonDuik 0.086100 0.302200 0.146900 0.350200 0.127300 0.095400 0.059300 0.144200 0.134800 0.143800 0.095900 0.144500 0.133100 0.000000 0.124700 0.121100 0.130500 0.132500 0.105600 0.152700 0.112800 0.101600 0.155600 0.133400 0.095900 0.126500 0.111600 0.159800 0.138500 0.145500 0.132900 0.049100 0.146700 0.112000 0.107800 0.149700 0.100700 0.133000 0.143800 0.145800 0.145600 0.106100 0.143900 0.122500 0.148600 0.111800 0.161700 0.129300 0.117400 0.101000 0.166000 0.156300
Suni 0.094600 0.322900 0.160300 0.341000 0.082800 0.108900 0.109000 0.151800 0.131800 0.162600 0.114700 0.152200 0.135600 0.124700 0.000000 0.129100 0.118500 0.124600 0.098100 0.138300 0.110400 0.109900 0.191100 0.146200 0.109200 0.133900 0.114500 0.145500 0.146200 0.142300 0.151800 0.119300 0.154400 0.114900 0.116000 0.141100 0.108800 0.093100 0.151400 0.164200 0.169600 0.113900 0.162700 0.130100 0.139800 0.098700 0.169300 0.075900 0.130700 0.130600 0.151500 0.131200
Springbuck 0.074600 0.279100 0.123600 0.291700 0.104400 0.089200 0.089100 0.079300 0.122600 0.142800 0.084600 0.132400 0.105100 0.121100 0.129100 0.000000 0.108700 0.110000 0.099500 0.129200 0.039400 0.079600 0.154000 0.131500 0.089600 0.058200 0.084200 0.147700 0.053800 0.111300 0.131800 0.099600 0.156700 0.095100 0.096100 0.126700 0.078800 0.115600 0.063500 0.161400 0.132700 0.043800 0.142800 0.115300 0.125400 0.110500 0.095400 0.123000 0.131400 0.121300 0.153800 0.144000
Okapi 0.074900 0.245700 0.122900 0.311200 0.104800 0.089400 0.099900 0.132000 0.106100 0.115800 0.095100 0.115800 0.121100 0.130500 0.118500 0.108700 0.000000 0.053200 0.104600 0.112300 0.090300 0.084800 0.137600 0.099800 0.100200 0.109300 0.110700 0.120000 0.126500 0.105800 0.105300 0.109600 0.134200 0.105900 0.096100 0.110300 0.089300 0.105000 0.126000 0.138300 0.121900 0.099800 0.115800 0.094600 0.108900 0.089200 0.143900 0.107400 0.116500 0.110300 0.125800 0.116200
Giraffe 0.075400 0.248000 0.123700 0.290000 0.116200 0.090000 0.100500 0.132800 0.106700 0.116500 0.095700 0.105800 0.122000 0.132500 0.124600 0.110000 0.053200 0.000000 0.105300 0.113000 0.091200 0.080300 0.144000 0.089800 0.100800 0.110000 0.111400 0.120800 0.127300 0.106600 0.106000 0.110800 0.130500 0.106600 0.096800 0.111000 0.100500 0.127100 0.116100 0.139400 0.122700 0.100400 0.116600 0.095200 0.109800 0.100400 0.139000 0.118500 0.128400 0.116500 0.126600 0.116900
TibetanAnt 0.039400 0.273700 0.123600 0.320100 0.084400 0.053800 0.074300 0.126900 0.096100 0.127300 0.059100 0.127200 0.089800 0.105600 0.098100 0.099500 0.104600 0.105300 0.000000 0.112900 0.085600 0.049300 0.149500 0.127200 0.054000 0.109800 0.064300 0.131400 0.121500 0.117200 0.116600 0.084500 0.130500 0.069500 0.070100 0.132600 0.058900 0.094900 0.115700 0.134400 0.128200 0.089700 0.127300 0.111100 0.131600 0.095200 0.144000 0.102200 0.100900 0.094800 0.126400 0.116700
Sitatunga 0.093300 0.295300 0.030000 0.341500 0.113300 0.108200 0.119200 0.152900 0.019700 0.129600 0.109000 0.086500 0.152900 0.152700 0.138300 0.129200 0.112300 0.113000 0.112900 0.000000 0.109700 0.098200 0.140800 0.129800 0.103300 0.112400 0.130600 0.034200 0.135500 0.034800 0.118700 0.130000 0.149600 0.125700 0.115600 0.096800 0.119000 0.135700 0.141000 0.159400 0.119400 0.113600 0.141000 0.108200 0.096200 0.113700 0.159400 0.148200 0.142600 0.130100 0.024300 0.014700
Oribi 0.055600 0.271300 0.104200 0.311600 0.096600 0.070300 0.080800 0.049600 0.103400 0.124100 0.075900 0.124000 0.096800 0.112800 0.110400 0.039400 0.090300 0.091200 0.085600 0.109700 0.000000 0.071000 0.135600 0.113100 0.081100 0.049100 0.075800 0.128400 0.054600 0.114100 0.113300 0.080700 0.138200 0.076100 0.076800 0.107700 0.080700 0.107400 0.054500 0.142700 0.114100 0.034400 0.124100 0.097000 0.106400 0.091600 0.075700 0.109600 0.111600 0.102300 0.134400 0.124600
BarbaryShe 0.014800 0.230900 0.098000 0.284400 0.085400 0.029300 0.070100 0.112300 0.081400 0.112600 0.044400 0.096600 0.075300 0.101600 0.109900 0.079600 0.084800 0.080300 0.049300 0.098200 0.071000 0.000000 0.134800 0.107400 0.049600 0.084800 0.044600 0.116900 0.106900 0.102500 0.102000 0.080300 0.127000 0.055000 0.055500 0.107000 0.028900 0.096000 0.085400 0.130800 0.113500 0.075100 0.112700 0.096600 0.105900 0.075300 0.124100 0.104000 0.086200 0.080600 0.122700 0.113000
Daviddeer 0.118900 0.296200 0.129500 0.332300 0.161200 0.122800 0.144600 0.178800 0.128400 0.089500 0.139900 0.166900 0.167500 0.155600 0.191100 0.154000 0.137600 0.144000 0.149500 0.140800 0.135600 0.134800 0.000000 0.100000 0.134100 0.148700 0.155700 0.137200 0.161300 0.145200 0.089500 0.144200 0.178900 0.139700 0.130400 0.177800 0.133400 0.172700 0.178400 0.127800 0.039200 0.150300 0.100100 0.100300 0.177800 0.133800 0.197200 0.167300 0.174900 0.150000 0.154100 0.144400
Reindeer 0.097000 0.275500 0.129500 0.299300 0.116700 0.100900 0.122400 0.155600 0.128400 0.079100 0.117600 0.133200 0.133500 0.133400 0.146200 0.131500 0.099800 0.089800 0.127200 0.129800 0.113100 0.107400 0.100000 0.000000 0.111900 0.126600 0.122700 0.137200 0.127600 0.123000 0.079100 0.122300 0.146900 0.107100 0.097200 0.143700 0.111500 0.127700 0.133000 0.095400 0.074600 0.127900 0.089500 0.058900 0.143300 0.111900 0.162000 0.134500 0.140100 0.127800 0.143200 0.133500
Ibex 0.034700 0.256700 0.103100 0.309800 0.085100 0.039200 0.069700 0.122600 0.086400 0.122900 0.014600 0.117600 0.085300 0.095900 0.109200 0.089600 0.100200 0.100800 0.054000 0.103300 0.081100 0.049600 0.134100 0.111900 0.000000 0.094900 0.064700 0.121900 0.100800 0.096800 0.112200 0.080000 0.136800 0.064900 0.065500 0.128200 0.049200 0.085200 0.100800 0.141300 0.112900 0.085200 0.122900 0.101500 0.127200 0.090700 0.139700 0.119000 0.085800 0.090800 0.127800 0.118000
GyrantGaze 0.080100 0.271200 0.107000 0.310600 0.099200 0.094500 0.094700 0.089000 0.106200 0.137500 0.089800 0.137500 0.121200 0.126500 0.133900 0.058200 0.109300 0.110000 0.109800 0.112400 0.049100 0.084800 0.148700 0.126600 0.094900 0.000000 0.100100 0.130800 0.073600 0.106000 0.126700 0.105000 0.151000 0.100500 0.101400 0.130400 0.094500 0.120600 0.058200 0.155900 0.127600 0.023400 0.148700 0.110200 0.129000 0.110000 0.105100 0.132900 0.125600 0.115900 0.136600 0.127000
Hartebeest 0.039700 0.263200 0.130400 0.302700 0.100800 0.054300 0.085300 0.117100 0.113100 0.122000 0.059700 0.133900 0.029200 0.111600 0.114500 0.084200 0.110700 0.111400 0.064300 0.130600 0.075800 0.044600 0.155700 0.122700 0.064700 0.100100 0.000000 0.148500 0.101000 0.134700 0.111300 0.095700 0.147400 0.009700 0.060300 0.128000 0.054200 0.111600 0.095400 0.152400 0.128800 0.090500 0.122100 0.117400 0.126800 0.096100 0.134200 0.108600 0.101700 0.112000 0.155200 0.145400
Bongo 0.112100 0.307000 0.062800 0.345700 0.131700 0.126700 0.137700 0.171100 0.043800 0.126300 0.116800 0.099800 0.171200 0.159800 0.145500 0.147700 0.120000 0.120800 0.131400 0.034200 0.128400 0.116900 0.137200 0.137200 0.121900 0.130800 0.148500 0.000000 0.153900 0.048700 0.115700 0.148300 0.146000 0.143600 0.134400 0.120500 0.137400 0.153900 0.159300 0.155100 0.116300 0.132100 0.137300 0.105400 0.120300 0.121300 0.177800 0.155200 0.161200 0.137600 0.048100 0.038700
Gerenuk 0.091400 0.294700 0.129900 0.340900 0.122000 0.106000 0.106000 0.089900 0.134100 0.138600 0.095700 0.138500 0.111400 0.138500 0.146200 0.053800 0.126500 0.127300 0.121500 0.135500 0.054600 0.106900 0.161300 0.127600 0.100800 0.073600 0.101000 0.153900 0.000000 0.117700 0.127800 0.105800 0.162900 0.101300 0.102300 0.138100 0.106000 0.133000 0.068900 0.168700 0.134400 0.059000 0.127600 0.128100 0.137500 0.116900 0.111500 0.145200 0.149100 0.138800 0.160000 0.150300
CommonElan 0.097700 0.271100 0.055100 0.315600 0.106800 0.112400 0.112500 0.156900 0.034400 0.122800 0.102400 0.090800 0.145500 0.145500 0.142300 0.111300 0.105800 0.106600 0.117200 0.034800 0.114100 0.102500 0.145200 0.123000 0.096800 0.106000 0.134700 0.048700 0.117700 0.000000 0.112100 0.123200 0.147000 0.129800 0.119900 0.090400 0.112400 0.128700 0.123000 0.146100 0.123700 0.107100 0.133900 0.101700 0.089500 0.117900 0.163400 0.152100 0.146500 0.134200 0.048900 0.039300
MuntiacusR 0.086400 0.266200 0.118500 0.333300 0.127700 0.101100 0.111800 0.155900 0.106700 0.009300 0.106900 0.133400 0.133600 0.132900 0.151800 0.131800 0.105300 0.106000 0.116600 0.118700 0.113300 0.102000 0.089500 0.079100 0.112200 0.126700 0.111300 0.115700 0.127800 0.112100 0.000000 0.122400 0.147100 0.106400 0.097300 0.143900 0.111700 0.150000 0.144200 0.106100 0.064300 0.128100 0.018600 0.079300 0.143400 0.111900 0.173800 0.145500 0.134200 0.122300 0.132200 0.122600
HarveysDui 0.065100 0.282300 0.129800 0.327800 0.105700 0.079600 0.039100 0.116700 0.112600 0.133100 0.074900 0.122100 0.116800 0.049100 0.119300 0.099600 0.109600 0.110800 0.084500 0.130000 0.080700 0.080300 0.144200 0.122300 0.080000 0.105000 0.095700 0.148300 0.105800 0.123200 0.122400 0.000000 0.136000 0.096000 0.086200 0.127600 0.079600 0.116500 0.121800 0.139900 0.134200 0.084900 0.122200 0.106200 0.126500 0.090200 0.150200 0.118500 0.106800 0.090400 0.143400 0.133700
Pronghorn 0.122500 0.309300 0.170900 0.360500 0.141400 0.136500 0.136600 0.179400 0.143000 0.157500 0.131900 0.163300 0.168500 0.146700 0.154400 0.156700 0.134200 0.130500 0.130500 0.149600 0.138200 0.127000 0.178900 0.146900 0.136800 0.151000 0.147400 0.146000 0.162900 0.147000 0.147100 0.136000 0.000000 0.142700 0.133200 0.147000 0.146800 0.152100 0.157100 0.164200 0.164200 0.141700 0.157600 0.131400 0.146000 0.152400 0.185700 0.163800 0.175800 0.136100 0.151800 0.153000
BlueWildeb 0.039900 0.244800 0.125500 0.297700 0.101200 0.054500 0.085600 0.117600 0.108200 0.106400 0.059900 0.128900 0.019500 0.112000 0.114900 0.095100 0.105900 0.106600 0.069500 0.125700 0.076100 0.055000 0.139700 0.107100 0.064900 0.100500 0.009700 0.143600 0.101300 0.129800 0.106400 0.096000 0.142700 0.000000 0.050300 0.123200 0.064700 0.112000 0.095800 0.136300 0.112900 0.090800 0.106400 0.101900 0.121900 0.085900 0.134700 0.114100 0.102200 0.107200 0.150300 0.140500
Gemsbok 0.040200 0.234300 0.115400 0.281000 0.102200 0.055000 0.065400 0.118700 0.098300 0.097300 0.060400 0.119000 0.070700 0.107800 0.116000 0.096100 0.096100 0.096800 0.070100 0.115600 0.076800 0.055500 0.130400 0.097200 0.065500 0.101400 0.060300 0.134400 0.102300 0.119900 0.097300 0.086200 0.133200 0.050300 0.000000 0.124400 0.065200 0.113100 0.096700 0.126300 0.103700 0.091600 0.097300 0.092000 0.123200 0.076000 0.136000 0.115200 0.091900 0.097300 0.140400 0.130600
Yak 0.102300 0.295600 0.107300 0.356300 0.132700 0.116900 0.127800 0.161300 0.085200 0.154800 0.122900 0.100400 0.138700 0.149700 0.141100 0.126700 0.110300 0.111000 0.132600 0.096800 0.107700 0.107000 0.177800 0.143700 0.128200 0.130400 0.128000 0.120500 0.138100 0.090400 0.143900 0.127600 0.147000 0.123200 0.124400 0.000000 0.127600 0.138700 0.138300 0.173300 0.156000 0.120700 0.154900 0.122700 0.019100 0.122700 0.156300 0.124200 0.149400 0.143700 0.121000 0.111300
BlueSheep 0.024500 0.255100 0.118800 0.281300 0.074300 0.039000 0.069400 0.122000 0.101900 0.122300 0.044000 0.122300 0.084900 0.100700 0.108800 0.078800 0.089300 0.100500 0.058900 0.119000 0.080700 0.028900 0.133400 0.111500 0.049200 0.094500 0.054200 0.137400 0.106000 0.112400 0.111700 0.079600 0.146800 0.064700 0.065200 0.127600 0.000000 0.084700 0.100300 0.140600 0.123300 0.084900 0.122400 0.106200 0.126700 0.079900 0.139100 0.092600 0.085400 0.100900 0.143400 0.133700
BohorReedb 0.080700 0.302600 0.146600 0.340700 0.019300 0.084800 0.106000 0.149600 0.129000 0.161100 0.101200 0.160900 0.133100 0.133000 0.093100 0.115600 0.105000 0.127100 0.094900 0.135700 0.107400 0.096000 0.172700 0.127700 0.085200 0.120600 0.111600 0.153900 0.133000 0.128700 0.150000 0.116500 0.152100 0.112000 0.113100 0.138700 0.084700 0.000000 0.138300 0.162500 0.151000 0.110900 0.161100 0.122400 0.137600 0.106200 0.161800 0.108100 0.133800 0.138200 0.160100 0.150400
KirksDik 0.085800 0.267200 0.135400 0.334800 0.127200 0.100400 0.111200 0.094800 0.134300 0.155300 0.095600 0.143900 0.105800 0.143800 0.151400 0.063500 0.126000 0.116100 0.115700 0.141000 0.054500 0.085400 0.178400 0.133000 0.100800 0.058200 0.095400 0.159300 0.068900 0.123000 0.144200 0.121800 0.157100 0.095800 0.096700 0.138300 0.100300 0.138300 0.000000 0.186300 0.151200 0.053800 0.155300 0.138700 0.137200 0.127500 0.111200 0.150300 0.143300 0.138900 0.165400 0.155700
RoeDeer 0.114800 0.313400 0.159100 0.327700 0.139700 0.129600 0.140100 0.186600 0.146400 0.106000 0.135900 0.151200 0.163700 0.145800 0.164200 0.161400 0.138300 0.139400 0.134400 0.159400 0.142700 0.130800 0.127800 0.095400 0.141300 0.155900 0.152400 0.155100 0.168700 0.146100 0.106100 0.139900 0.164200 0.136300 0.126300 0.173300 0.140600 0.162500 0.186300 0.000000 0.106900 0.157600 0.116900 0.074900 0.173000 0.130000 0.205400 0.141100 0.171000 0.144600 0.150100 0.151600
WhiteLippe 0.097800 0.270000 0.108300 0.321900 0.139600 0.101700 0.123400 0.157000 0.107400 0.064300 0.118500 0.145400 0.140400 0.145600 0.169600 0.132700 0.121900 0.122700 0.128200 0.119400 0.114100 0.113500 0.039200 0.074600 0.112900 0.127600 0.128800 0.116300 0.134400 0.123700 0.064300 0.134200 0.164200 0.112900 0.103700 0.156000 0.123300 0.151000 0.151200 0.106900 0.000000 0.129000 0.074700 0.079900 0.155800 0.112700 0.175000 0.157400 0.152800 0.134100 0.133000 0.123200
ThomsonGaz 0.070300 0.260700 0.108100 0.314300 0.100300 0.084900 0.074700 0.074300 0.107300 0.138900 0.080100 0.127800 0.111500 0.106100 0.113900 0.043800 0.099800 0.100400 0.089700 0.113600 0.034400 0.075100 0.150300 0.127900 0.085200 0.023400 0.090500 0.132100 0.059000 0.107100 0.128100 0.084900 0.141700 0.090800 0.091600 0.120700 0.084900 0.110900 0.053800 0.157600 0.129000 0.000000 0.139000 0.111400 0.119100 0.100300 0.090300 0.113000 0.115700 0.106400 0.127200 0.117500
MuntiacusC 0.097000 0.266100 0.140700 0.347400 0.149800 0.111700 0.122500 0.161500 0.128500 0.018600 0.117700 0.133200 0.133600 0.143900 0.162700 0.142800 0.115800 0.116600 0.127300 0.141000 0.124100 0.112700 0.100100 0.089500 0.122900 0.148700 0.122100 0.137300 0.127600 0.133900 0.018600 0.122200 0.157600 0.106400 0.097300 0.154900 0.122400 0.161100 0.155300 0.116900 0.074700 0.139000 0.000000 0.089800 0.154600 0.101100 0.185300 0.156300 0.145300 0.144300 0.154300 0.144600
WhiteTaile 0.081100 0.275400 0.118900 0.299500 0.100700 0.095700 0.106300 0.139100 0.102000 0.079300 0.085800 0.122700 0.128100 0.122500 0.130100 0.115300 0.094600 0.095200 0.111100 0.108200 0.097000 0.096600 0.100300 0.058900 0.101500 0.110200 0.117400 0.105400 0.128100 0.101700 0.079300 0.106200 0.131400 0.101900 0.092000 0.122700 0.106200 0.122400 0.138700 0.074900 0.079900 0.111400 0.089800 0.000000 0.115700 0.095900 0.156600 0.118700 0.134300 0.106200 0.111100 0.112200
Cattle 0.100900 0.287800 0.107000 0.355100 0.131300 0.115800 0.126500 0.160200 0.090100 0.154500 0.121900 0.100200 0.137400 0.148600 0.139800 0.125400 0.108900 0.109800 0.131600 0.096200 0.106400 0.105900 0.177800 0.143300 0.127200 0.129000 0.126800 0.120300 0.137500 0.089500 0.143400 0.126500 0.146000 0.121900 0.123200 0.019100 0.126700 0.137600 0.137200 0.173000 0.155800 0.119100 0.154600 0.115700 0.000000 0.122200 0.155200 0.123700 0.148000 0.141700 0.120700 0.111000
RoyalAntel 0.065400 0.276100 0.113500 0.330500 0.095500 0.080000 0.090400 0.128000 0.096600 0.111800 0.085600 0.106400 0.106600 0.111800 0.098700 0.110500 0.089200 0.100400 0.095200 0.113700 0.091600 0.075300 0.133800 0.111900 0.090700 0.110000 0.096100 0.121300 0.116900 0.117900 0.111900 0.090200 0.152400 0.085900 0.076000 0.122700 0.079900 0.106200 0.127500 0.130000 0.112700 0.100300 0.101100 0.095900 0.122200 0.000000 0.150800 0.087800 0.106700 0.112000 0.138000 0.128300
Steenbok 0.113500 0.333600 0.153600 0.371200 0.155800 0.128200 0.139400 0.117000 0.152400 0.185200 0.134400 0.162000 0.156200 0.161700 0.169300 0.095400 0.143900 0.139000 0.144000 0.159400 0.075700 0.124100 0.197200 0.162000 0.139700 0.105100 0.134200 0.177800 0.111500 0.163400 0.173800 0.150200 0.185700 0.134700 0.136000 0.156300 0.139100 0.161800 0.111200 0.205400 0.175000 0.090300 0.185300 0.156600 0.155200 0.150800 0.000000 0.168000 0.149600 0.145500 0.184200 0.174300
Impala 0.093900 0.300500 0.158900 0.305300 0.097700 0.108200 0.108200 0.150700 0.141500 0.156300 0.113900 0.140300 0.134600 0.129300 0.075900 0.123000 0.107400 0.118500 0.102200 0.148200 0.109600 0.104000 0.167300 0.134500 0.119000 0.132900 0.108600 0.155200 0.145200 0.152100 0.145500 0.118500 0.163800 0.114100 0.115200 0.124200 0.092600 0.108100 0.150300 0.141100 0.157400 0.113000 0.156300 0.118700 0.123700 0.087800 0.168000 0.000000 0.135400 0.129600 0.161200 0.140900
Klipspring 0.070500 0.304400 0.142400 0.354700 0.122700 0.085300 0.096000 0.143800 0.124500 0.145200 0.080600 0.145500 0.123300 0.117400 0.130700 0.131400 0.116500 0.128400 0.100900 0.142600 0.111600 0.086200 0.174900 0.140100 0.085800 0.125600 0.101700 0.161200 0.149100 0.146500 0.134200 0.106800 0.175800 0.102200 0.091900 0.149400 0.085400 0.133800 0.143300 0.171000 0.152800 0.115700 0.145300 0.134300 0.148000 0.106700 0.149600 0.135400 0.000000 0.112200 0.167500 0.157600
ForestMusk 0.075800 0.286600 0.129900 0.323300 0.116300 0.090400 0.080100 0.144500 0.112700 0.133100 0.075300 0.139300 0.133600 0.101000 0.130600 0.121300 0.110300 0.116500 0.094800 0.130100 0.102300 0.080600 0.150000 0.127800 0.090800 0.115900 0.112000 0.137600 0.138800 0.134200 0.122300 0.090400 0.136100 0.107200 0.097300 0.143700 0.100900 0.138200 0.138900 0.144600 0.134100 0.106400 0.144300 0.106200 0.141700 0.112000 0.145500 0.129600 0.112200 0.000000 0.143600 0.133900
Bushbuck 0.118000 0.308300 0.054400 0.340100 0.137600 0.132600 0.132800 0.177400 0.043900 0.143000 0.133500 0.110700 0.177600 0.166000 0.151500 0.153800 0.125800 0.126600 0.126400 0.024300 0.134400 0.122700 0.154100 0.143200 0.127800 0.136600 0.155200 0.048100 0.160000 0.048900 0.132200 0.143400 0.151800 0.150300 0.140400 0.121000 0.143400 0.160100 0.165400 0.150100 0.133000 0.127200 0.154300 0.111100 0.120700 0.138000 0.184200 0.161200 0.167500 0.143600 0.000000 0.018700
GreaterKud 0.108200 0.297600 0.044700 0.329800 0.128000 0.122900 0.123000 0.167700 0.034300 0.133300 0.123700 0.101100 0.167800 0.156300 0.131200 0.144000 0.116200 0.116900 0.116700 0.014700 0.124600 0.113000 0.144400 0.133500 0.118000 0.127000 0.145400 0.038700 0.150300 0.039300 0.122600 0.133700 0.153000 0.140500 0.130600 0.111300 0.133700 0.150400 0.155700 0.151600 0.123200 0.117500 0.144600 0.112200 0.111000 0.128300 0.174300 0.140900 0.157600 0.133900 0.018700 0.000000
