1
52 1
Argali 0.000000 0.241800 0.043800 0.345500 0.079600 0.000000 0.079700 0.043000 0.062300 0.090700 0.034700 0.053500 0.052200 0.052900 0.071100 0.034100 0.062800 0.062100 0.052800 0.053100 0.043200 0.069100 0.100700 0.081200 0.043600 0.043300 0.052000 0.035000 0.043000 0.061800 0.090300 0.052800 0.101100 0.052100 0.052700 0.044000 0.043500 0.088800 0.061200 0.109900 0.130800 0.034600 0.090700 0.090600 0.044000 0.052600 0.061700 0.061100 0.079000 0.061900 0.043800 0.052800
LesserMous 0.241800 0.000000 0.208000 0.387400 0.277600 0.241800 0.263000 0.217200 0.231800 0.268000 0.220700 0.220400 0.218300 0.245700 0.210400 0.216300 0.222000 0.231300 0.244900 0.220200 0.206900 0.218000 0.281700 0.256400 0.232500 0.218500 0.217500 0.197600 0.228700 0.207800 0.267000 0.245300 0.199500 0.217700 0.244300 0.208700 0.231500 0.289400 0.228100 0.268400 0.308500 0.207800 0.268100 0.268200 0.208700 0.220900 0.243800 0.276300 0.239400 0.230400 0.208000 0.197100
LesserKudu 0.043800 0.208000 0.000000 0.283500 0.052900 0.043800 0.053000 0.034700 0.017400 0.062500 0.008600 0.026300 0.026000 0.044500 0.044300 0.025800 0.053600 0.035000 0.026300 0.008600 0.034900 0.025900 0.072200 0.035200 0.017400 0.026000 0.025900 0.008600 0.034700 0.017200 0.062300 0.044400 0.072400 0.026000 0.026200 0.000100 0.017300 0.080700 0.052900 0.062400 0.081800 0.017300 0.062600 0.044100 0.000100 0.026200 0.026200 0.071000 0.052400 0.017300 0.000000 0.008600
KillerWhal 0.345500 0.387400 0.283500 0.000000 0.342300 0.345500 0.321400 0.329200 0.308500 0.383900 0.297400 0.311300 0.319300 0.338200 0.321400 0.292100 0.336600 0.307600 0.324500 0.273000 0.305900 0.281100 0.401400 0.343700 0.298200 0.319200 0.318600 0.296700 0.305300 0.260000 0.382600 0.337600 0.326300 0.318900 0.323500 0.284400 0.296700 0.378300 0.308200 0.330500 0.375600 0.306800 0.383200 0.356000 0.284400 0.297700 0.321900 0.358200 0.304700 0.295900 0.283500 0.295300
DefassaWat 0.079600 0.277600 0.052900 0.342300 0.000000 0.079600 0.074700 0.069900 0.071700 0.120000 0.043600 0.085500 0.051900 0.076300 0.080600 0.060700 0.110500 0.090100 0.052500 0.062400 0.070200 0.060900 0.130500 0.090800 0.047700 0.070400 0.051700 0.062300 0.069900 0.071100 0.119500 0.076600 0.130900 0.051800 0.052300 0.053000 0.052500 0.043200 0.070300 0.119900 0.141000 0.061400 0.120100 0.100200 0.053000 0.061800 0.071000 0.107600 0.088300 0.056100 0.052900 0.062000
Sheep 0.000000 0.241800 0.043800 0.345500 0.079600 0.000000 0.079700 0.043000 0.062300 0.090700 0.034700 0.053500 0.052200 0.052900 0.071100 0.034100 0.062800 0.062100 0.052800 0.053100 0.043200 0.069100 0.100700 0.081200 0.043600 0.043300 0.052000 0.035000 0.043000 0.061800 0.090300 0.052800 0.101100 0.052100 0.052700 0.044000 0.043500 0.088800 0.061200 0.109900 0.130800 0.034600 0.090700 0.090600 0.044000 0.052600 0.061700 0.061100 0.079000 0.061900 0.043800 0.052800
MaxwellsDu 0.079700 0.263000 0.053000 0.321400 0.074700 0.079700 0.000000 0.070100 0.065900 0.120300 0.037600 0.086900 0.052300 0.044100 0.080700 0.060800 0.101100 0.080900 0.047300 0.062500 0.070400 0.061000 0.121000 0.084900 0.034900 0.070500 0.052100 0.056500 0.070100 0.071200 0.119800 0.044000 0.121200 0.052200 0.052800 0.044100 0.052600 0.108400 0.089100 0.115000 0.141400 0.061600 0.120400 0.094100 0.044100 0.061900 0.071100 0.107800 0.088500 0.035000 0.053000 0.062100
GazellaPrz 0.043000 0.217200 0.034700 0.329200 0.069900 0.043000 0.070100 0.000000 0.052800 0.062200 0.025700 0.062300 0.043100 0.043600 0.061500 0.025300 0.071600 0.070900 0.043500 0.043800 0.034200 0.042800 0.090300 0.071300 0.034500 0.034200 0.042900 0.026000 0.034100 0.052500 0.061900 0.043500 0.072000 0.043000 0.043400 0.034800 0.034400 0.079000 0.051800 0.099400 0.120000 0.025600 0.062200 0.080500 0.034800 0.043300 0.052300 0.051900 0.051600 0.052500 0.034700 0.043500
MountainNy 0.062300 0.231800 0.017400 0.308500 0.071700 0.062300 0.065900 0.052800 0.000000 0.081700 0.026300 0.044600 0.044000 0.057700 0.063100 0.043700 0.072500 0.053200 0.044600 0.026400 0.053100 0.043700 0.091700 0.053600 0.029700 0.044000 0.043800 0.026300 0.052900 0.035000 0.081400 0.057900 0.092000 0.043900 0.044400 0.017400 0.035200 0.100300 0.071600 0.081600 0.101500 0.035200 0.081700 0.062800 0.017400 0.044400 0.044400 0.090200 0.071000 0.028400 0.017400 0.026200
MuntiacusM 0.090700 0.268000 0.062500 0.383900 0.120000 0.090700 0.120300 0.062200 0.081700 0.000000 0.072300 0.086200 0.090700 0.092100 0.111300 0.071000 0.101700 0.100600 0.091800 0.072200 0.081000 0.108100 0.035300 0.026300 0.081900 0.071600 0.090300 0.053500 0.080700 0.081100 0.000000 0.091900 0.102300 0.090400 0.091600 0.062800 0.081600 0.129900 0.100200 0.053300 0.053800 0.062500 0.000100 0.035100 0.062800 0.091400 0.091300 0.100300 0.099800 0.081300 0.062500 0.071800
goat 0.034700 0.220700 0.008600 0.297400 0.043600 0.034700 0.037600 0.025700 0.026300 0.072300 0.000000 0.035500 0.017200 0.029400 0.035100 0.017000 0.063200 0.044200 0.016900 0.017500 0.025900 0.017100 0.082100 0.044500 0.000100 0.025900 0.017100 0.017400 0.025700 0.026100 0.072000 0.029900 0.082400 0.017100 0.017300 0.008700 0.008600 0.071000 0.043600 0.072200 0.092000 0.017300 0.072400 0.053600 0.008700 0.017300 0.026100 0.061600 0.043300 0.019400 0.008600 0.017400
AfricanBuf 0.053500 0.220400 0.026300 0.311300 0.085500 0.053500 0.086900 0.062300 0.044600 0.086200 0.035500 0.000000 0.053400 0.073200 0.072900 0.052900 0.063600 0.044400 0.054100 0.035500 0.062600 0.053000 0.096500 0.051700 0.044600 0.053400 0.053200 0.035400 0.062300 0.044200 0.086500 0.073000 0.093800 0.053300 0.053900 0.026100 0.044500 0.116600 0.081600 0.086100 0.107500 0.045500 0.084900 0.062000 0.026100 0.053900 0.053700 0.081200 0.080700 0.044300 0.026300 0.017500
Topi 0.052200 0.218300 0.026000 0.319300 0.051900 0.052200 0.052300 0.043100 0.044000 0.090700 0.017200 0.053400 0.000000 0.053000 0.043800 0.034200 0.081500 0.062000 0.017100 0.035100 0.043300 0.034300 0.100700 0.062500 0.025900 0.043400 0.000000 0.035000 0.043100 0.043700 0.090300 0.052900 0.101000 0.000200 0.017100 0.026100 0.025800 0.079000 0.061300 0.090600 0.110800 0.034600 0.090700 0.071700 0.026100 0.034700 0.043700 0.079400 0.060800 0.034800 0.026000 0.034800
CommonDuik 0.052900 0.245700 0.044500 0.338200 0.076300 0.052900 0.044100 0.043600 0.057700 0.092100 0.029400 0.073200 0.053000 0.000000 0.072300 0.034500 0.073200 0.072500 0.048800 0.053900 0.043800 0.052600 0.092600 0.076600 0.026400 0.043900 0.052800 0.029000 0.043600 0.062800 0.091700 0.017500 0.092800 0.052800 0.053400 0.035600 0.044100 0.090300 0.062100 0.107000 0.132800 0.035100 0.092100 0.085800 0.035600 0.053400 0.062700 0.080400 0.080100 0.044500 0.044500 0.053600
Suni 0.071100 0.210400 0.044300 0.321400 0.080600 0.071100 0.080700 0.061500 0.063100 0.111300 0.035100 0.072900 0.043800 0.072300 0.000000 0.052300 0.101900 0.081500 0.053400 0.053800 0.061800 0.052500 0.121900 0.082200 0.044100 0.061900 0.043600 0.053700 0.061600 0.044300 0.110900 0.072100 0.122200 0.043700 0.053300 0.044500 0.044000 0.109300 0.080500 0.091900 0.132300 0.053000 0.111400 0.072700 0.044500 0.035200 0.062400 0.099200 0.079800 0.062700 0.044300 0.053500
Springbuck 0.034100 0.216300 0.025800 0.292100 0.060700 0.034100 0.060800 0.025300 0.043700 0.071000 0.017000 0.052900 0.034200 0.034500 0.052300 0.000000 0.062100 0.061500 0.034500 0.034800 0.025400 0.045400 0.080700 0.061900 0.025600 0.025500 0.034000 0.017100 0.025300 0.043300 0.070800 0.034500 0.081000 0.034100 0.034500 0.025900 0.025600 0.069700 0.042800 0.089700 0.109700 0.016900 0.071100 0.070900 0.025900 0.034400 0.043300 0.060500 0.060100 0.043400 0.025800 0.034500
Okapi 0.062800 0.222000 0.053600 0.336600 0.110500 0.062800 0.101100 0.071600 0.072500 0.101700 0.063200 0.063600 0.081500 0.073200 0.101900 0.062100 0.000000 0.017600 0.082400 0.063200 0.072100 0.081100 0.112100 0.092000 0.063300 0.062700 0.081100 0.044500 0.071700 0.072000 0.101300 0.073100 0.112600 0.081200 0.082200 0.053700 0.072400 0.120400 0.097500 0.121400 0.143100 0.053500 0.101800 0.101600 0.053700 0.082100 0.082100 0.090800 0.109700 0.062900 0.053600 0.062800
Giraffe 0.062100 0.231300 0.035000 0.307600 0.090100 0.062100 0.080900 0.070900 0.053200 0.100600 0.044200 0.044400 0.062000 0.072500 0.081500 0.061500 0.017600 0.000000 0.062700 0.044200 0.071300 0.061700 0.110900 0.072000 0.044300 0.062000 0.061800 0.044100 0.070900 0.052800 0.100200 0.072300 0.111300 0.061900 0.062500 0.035100 0.053200 0.119200 0.090000 0.100400 0.121100 0.053100 0.100700 0.081300 0.035100 0.062500 0.062500 0.090000 0.089400 0.044000 0.035000 0.043900
TibetanAnt 0.052800 0.244900 0.026300 0.324500 0.052500 0.052800 0.047300 0.043500 0.044600 0.091800 0.016900 0.054100 0.017100 0.048800 0.053400 0.034500 0.082400 0.062700 0.000000 0.035500 0.043700 0.034600 0.102000 0.063200 0.022500 0.043800 0.017000 0.035400 0.043500 0.044200 0.091400 0.049400 0.102200 0.017100 0.017300 0.026400 0.026100 0.080100 0.061900 0.091700 0.112200 0.035000 0.091800 0.072600 0.026400 0.035100 0.044100 0.080400 0.061500 0.029100 0.026300 0.035300
Sitatunga 0.053100 0.220200 0.008600 0.273000 0.062400 0.053100 0.062500 0.043800 0.026400 0.072200 0.017500 0.035500 0.035100 0.053900 0.053800 0.034800 0.063200 0.044200 0.035500 0.000000 0.044100 0.034800 0.082100 0.044400 0.026400 0.035100 0.034900 0.017400 0.043900 0.026100 0.071900 0.053800 0.082300 0.035000 0.035300 0.008700 0.026300 0.090700 0.062400 0.072200 0.091800 0.026300 0.072200 0.053400 0.008700 0.035300 0.035300 0.080700 0.061800 0.026200 0.008600 0.017400
Oribi 0.043200 0.206900 0.034900 0.305900 0.070200 0.043200 0.070400 0.034200 0.053100 0.081000 0.025900 0.062600 0.043300 0.043800 0.061800 0.025400 0.072100 0.071300 0.043700 0.044100 0.000000 0.043000 0.090900 0.071700 0.034700 0.034400 0.043100 0.026100 0.034200 0.052700 0.080700 0.043800 0.081500 0.043200 0.043600 0.035000 0.034600 0.079400 0.052100 0.100000 0.120600 0.025800 0.081100 0.080900 0.035000 0.043500 0.052600 0.070000 0.051600 0.052800 0.034900 0.043800
BarbaryShe 0.069100 0.218000 0.025900 0.281100 0.060900 0.069100 0.061000 0.042800 0.043700 0.108100 0.017100 0.053000 0.034300 0.052600 0.052500 0.045400 0.081100 0.061700 0.034600 0.034800 0.043000 0.000000 0.118200 0.062100 0.025800 0.057400 0.034100 0.034800 0.056300 0.043400 0.107900 0.052500 0.118700 0.034200 0.025800 0.026000 0.025700 0.088500 0.060900 0.090000 0.118900 0.042400 0.107600 0.071200 0.026000 0.034500 0.043400 0.079000 0.060500 0.043500 0.025900 0.034600
Daviddeer 0.100700 0.281700 0.072200 0.401400 0.130500 0.100700 0.121000 0.090300 0.091700 0.035300 0.082100 0.096500 0.100700 0.092600 0.121900 0.080700 0.112100 0.110900 0.102000 0.082100 0.090900 0.118200 0.000000 0.044400 0.082300 0.081300 0.100300 0.063000 0.081000 0.091000 0.035200 0.092400 0.132800 0.100500 0.101700 0.072500 0.091500 0.140600 0.110400 0.072000 0.044300 0.072100 0.035300 0.053500 0.072500 0.101600 0.101400 0.130000 0.129400 0.081800 0.072200 0.081600
Reindeer 0.081200 0.256400 0.035200 0.343700 0.090800 0.081200 0.084900 0.071300 0.053600 0.026300 0.044500 0.051700 0.062500 0.076600 0.082200 0.061900 0.092000 0.072000 0.063200 0.044400 0.071700 0.062100 0.044400 0.000000 0.047800 0.062400 0.062200 0.044400 0.071300 0.053200 0.026200 0.076600 0.112000 0.062300 0.063000 0.035300 0.053500 0.120200 0.090700 0.026200 0.044500 0.053400 0.026300 0.008600 0.035300 0.063000 0.062900 0.109900 0.090000 0.046600 0.035200 0.044200
Ibex 0.043600 0.232500 0.017400 0.298200 0.047700 0.043600 0.034900 0.034500 0.029700 0.081900 0.000100 0.044600 0.025900 0.026400 0.044100 0.025600 0.063300 0.044300 0.022500 0.026400 0.034700 0.025800 0.082300 0.047800 0.000000 0.034700 0.025800 0.020500 0.034500 0.035100 0.081500 0.026300 0.082600 0.025800 0.026100 0.008700 0.017200 0.080300 0.052600 0.077600 0.101900 0.026000 0.081900 0.056600 0.008700 0.026100 0.035000 0.070800 0.052200 0.017400 0.017400 0.026200
GyrantGaze 0.043300 0.218500 0.026000 0.319200 0.070400 0.043300 0.070500 0.034200 0.044000 0.071600 0.025900 0.053400 0.043400 0.043900 0.061900 0.025500 0.062700 0.062000 0.043800 0.035100 0.034400 0.057400 0.081300 0.062400 0.034700 0.000000 0.043200 0.017300 0.034300 0.043700 0.071400 0.043800 0.062400 0.043300 0.043700 0.026100 0.034600 0.079600 0.052200 0.090400 0.110700 0.008500 0.071700 0.071500 0.026100 0.043600 0.034700 0.061100 0.060800 0.043800 0.026000 0.034800
Hartebeest 0.052000 0.217500 0.025900 0.318600 0.051700 0.052000 0.052100 0.042900 0.043800 0.090300 0.017100 0.053200 0.000000 0.052800 0.043600 0.034000 0.081100 0.061800 0.017000 0.034900 0.043100 0.034100 0.100300 0.062200 0.025800 0.043200 0.000000 0.034900 0.042900 0.043500 0.089900 0.052600 0.100600 0.000100 0.017000 0.026000 0.025700 0.078800 0.061100 0.090200 0.110300 0.034500 0.090400 0.071400 0.026000 0.034600 0.043500 0.079100 0.060500 0.034600 0.025900 0.034700
Bongo 0.035000 0.197600 0.008600 0.296700 0.062300 0.035000 0.056500 0.026000 0.026300 0.053500 0.017400 0.035400 0.035000 0.029000 0.053700 0.017100 0.044500 0.044100 0.035400 0.017400 0.026100 0.034800 0.063000 0.044400 0.020500 0.017300 0.034900 0.000000 0.026000 0.026100 0.053300 0.029300 0.063200 0.034900 0.035300 0.008700 0.026200 0.071600 0.044000 0.072000 0.091700 0.008700 0.053500 0.053400 0.008700 0.035300 0.035300 0.062000 0.061700 0.019200 0.008600 0.017300
Gerenuk 0.043000 0.228700 0.034700 0.305300 0.069900 0.043000 0.070100 0.034100 0.052900 0.080700 0.025700 0.062300 0.043100 0.043600 0.061600 0.025300 0.071700 0.070900 0.043500 0.043900 0.034200 0.056300 0.081000 0.071300 0.034500 0.034300 0.042900 0.026000 0.000000 0.052500 0.080400 0.043600 0.090900 0.043000 0.043400 0.034800 0.034400 0.079100 0.051900 0.099500 0.090900 0.025700 0.080700 0.080500 0.034800 0.043400 0.052400 0.069700 0.069400 0.052600 0.034700 0.043600
CommonElan 0.061800 0.207800 0.017200 0.260000 0.071100 0.061800 0.071200 0.052500 0.035000 0.081100 0.026100 0.044200 0.043700 0.062800 0.044300 0.043300 0.072000 0.052800 0.044200 0.026100 0.052700 0.043400 0.091000 0.053200 0.035100 0.043700 0.043500 0.026100 0.052500 0.000000 0.080800 0.062600 0.091300 0.043600 0.044100 0.017300 0.034900 0.099500 0.052900 0.062400 0.100800 0.034900 0.081100 0.062300 0.017300 0.026200 0.044000 0.089500 0.070500 0.034800 0.016700 0.026000
MuntiacusR 0.090300 0.267000 0.062300 0.382600 0.119500 0.090300 0.119800 0.061900 0.081400 0.000000 0.072000 0.086500 0.090300 0.091700 0.110900 0.070800 0.101300 0.100200 0.091400 0.071900 0.080700 0.107900 0.035200 0.026200 0.081500 0.071400 0.089900 0.053300 0.080400 0.080800 0.000000 0.091500 0.101900 0.090100 0.091200 0.062500 0.081300 0.129400 0.099800 0.053100 0.053600 0.062300 0.000100 0.035000 0.062500 0.091000 0.091000 0.099900 0.099400 0.081000 0.062300 0.071500
HarveysDui 0.052800 0.245300 0.044400 0.337600 0.076600 0.052800 0.044000 0.043500 0.057900 0.091900 0.029900 0.073000 0.052900 0.017500 0.072100 0.034500 0.073100 0.072300 0.049400 0.053800 0.043800 0.052500 0.092400 0.076600 0.026300 0.043800 0.052600 0.029300 0.043600 0.062600 0.091500 0.000000 0.092600 0.052700 0.053300 0.035500 0.044100 0.090100 0.062000 0.107000 0.132700 0.035000 0.091900 0.084000 0.035500 0.053300 0.062500 0.080300 0.080000 0.044400 0.044400 0.053500
Pronghorn 0.101100 0.199500 0.072400 0.326300 0.130900 0.101100 0.121200 0.072000 0.092000 0.102300 0.082400 0.093800 0.101000 0.092800 0.122200 0.081000 0.112600 0.111300 0.102200 0.082300 0.081500 0.118700 0.132800 0.112000 0.082600 0.062400 0.100600 0.063200 0.090900 0.091300 0.101900 0.092600 0.000000 0.100700 0.102000 0.063300 0.091800 0.141100 0.090700 0.142200 0.164700 0.072400 0.102400 0.121800 0.063300 0.101800 0.101700 0.101000 0.090700 0.081900 0.072400 0.081900
BlueWildeb 0.052100 0.217700 0.026000 0.318900 0.051800 0.052100 0.052200 0.043000 0.043900 0.090400 0.017100 0.053300 0.000200 0.052800 0.043700 0.034100 0.081200 0.061900 0.017100 0.035000 0.043200 0.034200 0.100500 0.062300 0.025800 0.043300 0.000100 0.034900 0.043000 0.043600 0.090100 0.052700 0.100700 0.000000 0.017000 0.026000 0.025800 0.078900 0.061200 0.090400 0.110500 0.034600 0.090500 0.071500 0.026000 0.034600 0.043600 0.079200 0.060600 0.034700 0.026000 0.034800
Gemsbok 0.052700 0.244300 0.026200 0.323500 0.052300 0.052700 0.052800 0.043400 0.044400 0.091600 0.017300 0.053900 0.017100 0.053400 0.053300 0.034500 0.082200 0.062500 0.017300 0.035300 0.043600 0.025800 0.101700 0.063000 0.026100 0.043700 0.017000 0.035300 0.043400 0.044100 0.091200 0.053300 0.102000 0.017000 0.000000 0.026300 0.026000 0.079800 0.061700 0.091400 0.111900 0.034900 0.091600 0.072300 0.026300 0.035000 0.044000 0.080200 0.061300 0.035100 0.026200 0.035100
Yak 0.044000 0.208700 0.000100 0.284400 0.053000 0.044000 0.044100 0.034800 0.017400 0.062800 0.008700 0.026100 0.026100 0.035600 0.044500 0.025900 0.053700 0.035100 0.026400 0.008700 0.035000 0.026000 0.072500 0.035300 0.008700 0.026100 0.026000 0.008700 0.034800 0.017300 0.062500 0.035500 0.063300 0.026000 0.026300 0.000000 0.017400 0.081000 0.053100 0.062700 0.082100 0.017400 0.062800 0.044200 0.000000 0.026300 0.026300 0.071200 0.052600 0.008600 0.000100 0.008600
BlueSheep 0.043500 0.231500 0.017300 0.296700 0.052500 0.043500 0.052600 0.034400 0.035200 0.081600 0.008600 0.044500 0.025800 0.044100 0.044000 0.025600 0.072400 0.053200 0.026100 0.026300 0.034600 0.025700 0.091500 0.053500 0.017200 0.034600 0.025700 0.026200 0.034400 0.034900 0.081300 0.044100 0.091800 0.025800 0.026000 0.017400 0.000000 0.080000 0.052400 0.081400 0.101500 0.025900 0.081600 0.062700 0.017400 0.026000 0.034900 0.070600 0.052100 0.035000 0.017300 0.026100
BohorReedb 0.088800 0.289400 0.080700 0.378300 0.043200 0.088800 0.108400 0.079000 0.100300 0.129900 0.071000 0.116600 0.079000 0.090300 0.109300 0.069700 0.120400 0.119200 0.080100 0.090700 0.079400 0.088500 0.140600 0.120200 0.080300 0.079600 0.078800 0.071600 0.079100 0.099500 0.129400 0.090100 0.141100 0.078900 0.079800 0.081000 0.080000 0.000000 0.079600 0.150300 0.172400 0.070500 0.130000 0.129900 0.081000 0.089800 0.099300 0.097900 0.116700 0.090100 0.080700 0.090100
KirksDik 0.061200 0.228100 0.052900 0.308200 0.070300 0.061200 0.089100 0.051800 0.071600 0.100200 0.043600 0.081600 0.061300 0.062100 0.080500 0.042800 0.097500 0.090000 0.061900 0.062400 0.052100 0.060900 0.110400 0.090700 0.052600 0.052200 0.061100 0.044000 0.051900 0.052900 0.099800 0.062000 0.090700 0.061200 0.061700 0.053100 0.052400 0.079600 0.000000 0.119700 0.140900 0.043400 0.100300 0.100200 0.053100 0.061700 0.070900 0.076100 0.070000 0.071300 0.052900 0.062000
RoeDeer 0.109900 0.268400 0.062400 0.330500 0.119900 0.109900 0.115000 0.099400 0.081600 0.053300 0.072200 0.086100 0.090600 0.107000 0.091900 0.089700 0.121400 0.100400 0.091700 0.072200 0.100000 0.090000 0.072000 0.026200 0.077600 0.090400 0.090200 0.072000 0.099500 0.062400 0.053100 0.107000 0.142200 0.090400 0.091400 0.062700 0.081400 0.150300 0.119700 0.000000 0.072200 0.081200 0.053300 0.035100 0.062700 0.072400 0.091100 0.139500 0.118800 0.075700 0.062400 0.071700
WhiteLippe 0.130800 0.308500 0.081800 0.375600 0.141000 0.130800 0.141400 0.120000 0.101500 0.053800 0.092000 0.107500 0.110800 0.132800 0.132300 0.109700 0.143100 0.121100 0.112200 0.091800 0.120600 0.118900 0.044300 0.044500 0.101900 0.110700 0.110300 0.091700 0.090900 0.100800 0.053600 0.132700 0.164700 0.110500 0.111900 0.082100 0.101500 0.172400 0.140900 0.072200 0.000000 0.101100 0.053800 0.053600 0.082100 0.111700 0.111600 0.161400 0.139900 0.101200 0.081800 0.091200
ThomsonGaz 0.034600 0.207800 0.017300 0.306800 0.061400 0.034600 0.061600 0.025600 0.035200 0.062500 0.017300 0.045500 0.034600 0.035100 0.053000 0.016900 0.053500 0.053100 0.035000 0.026300 0.025800 0.042400 0.072100 0.053400 0.026000 0.008500 0.034500 0.008700 0.025700 0.034900 0.062300 0.035000 0.072400 0.034600 0.034900 0.017400 0.025900 0.070500 0.043400 0.081200 0.101100 0.000000 0.062600 0.062400 0.017400 0.034900 0.026000 0.052200 0.060900 0.034900 0.017300 0.026000
MuntiacusC 0.090700 0.268100 0.062600 0.383200 0.120100 0.090700 0.120400 0.062200 0.081700 0.000100 0.072400 0.084900 0.090700 0.092100 0.111400 0.071100 0.101800 0.100700 0.091800 0.072200 0.081100 0.107600 0.035300 0.026300 0.081900 0.071700 0.090400 0.053500 0.080700 0.081100 0.000100 0.091900 0.102400 0.090500 0.091600 0.062800 0.081600 0.130000 0.100300 0.053300 0.053800 0.062600 0.000000 0.035100 0.062800 0.091500 0.091400 0.100400 0.099900 0.081300 0.062600 0.071800
WhiteTaile 0.090600 0.268200 0.044100 0.356000 0.100200 0.090600 0.094100 0.080500 0.062800 0.035100 0.053600 0.062000 0.071700 0.085800 0.072700 0.070900 0.101600 0.081300 0.072600 0.053400 0.080900 0.071200 0.053500 0.008600 0.056600 0.071500 0.071400 0.053400 0.080500 0.062300 0.035000 0.084000 0.121800 0.071500 0.072300 0.044200 0.062700 0.129900 0.100200 0.035100 0.053600 0.062400 0.035100 0.000000 0.044200 0.072300 0.072100 0.119400 0.099400 0.055500 0.044100 0.053100
Cattle 0.044000 0.208700 0.000100 0.284400 0.053000 0.044000 0.044100 0.034800 0.017400 0.062800 0.008700 0.026100 0.026100 0.035600 0.044500 0.025900 0.053700 0.035100 0.026400 0.008700 0.035000 0.026000 0.072500 0.035300 0.008700 0.026100 0.026000 0.008700 0.034800 0.017300 0.062500 0.035500 0.063300 0.026000 0.026300 0.000000 0.017400 0.081000 0.053100 0.062700 0.082100 0.017400 0.062800 0.044200 0.000000 0.026300 0.026300 0.071200 0.052600 0.008600 0.000100 0.008600
RoyalAntel 0.052600 0.220900 0.026200 0.297700 0.061800 0.052600 0.061900 0.043300 0.044400 0.091400 0.017300 0.053900 0.034700 0.053400 0.035200 0.034400 0.082100 0.062500 0.035100 0.035300 0.043500 0.034500 0.101600 0.063000 0.026100 0.043600 0.034600 0.035300 0.043400 0.026200 0.091000 0.053300 0.101800 0.034600 0.035000 0.026300 0.026000 0.089800 0.061700 0.072400 0.111700 0.034900 0.091500 0.072300 0.026300 0.000000 0.043900 0.080000 0.061200 0.044100 0.026200 0.035100
Steenbok 0.061700 0.243800 0.026200 0.321900 0.071000 0.061700 0.071100 0.052300 0.044400 0.091300 0.026100 0.053700 0.043700 0.062700 0.062400 0.043300 0.082100 0.062500 0.044100 0.035300 0.052600 0.043400 0.101400 0.062900 0.035000 0.034700 0.043500 0.035300 0.052400 0.044000 0.091000 0.062500 0.101700 0.043600 0.044000 0.026300 0.034900 0.099300 0.070900 0.091100 0.111600 0.026000 0.091400 0.072100 0.026300 0.043900 0.000000 0.089500 0.070400 0.044100 0.026200 0.035100
Impala 0.061100 0.276300 0.071000 0.358200 0.107600 0.061100 0.107800 0.051900 0.090200 0.100300 0.061600 0.081200 0.079400 0.080400 0.099200 0.060500 0.090800 0.090000 0.080400 0.080700 0.070000 0.079000 0.130000 0.109900 0.070800 0.061100 0.079100 0.062000 0.069700 0.089500 0.099900 0.080300 0.101000 0.079200 0.080200 0.071200 0.070600 0.097900 0.076100 0.139500 0.161400 0.052200 0.100400 0.119400 0.071200 0.080000 0.089500 0.000000 0.052000 0.089800 0.071000 0.080200
Klipspring 0.079000 0.239400 0.052400 0.304700 0.088300 0.079000 0.088500 0.051600 0.071000 0.099800 0.043300 0.080700 0.060800 0.080100 0.079800 0.060100 0.109700 0.089400 0.061500 0.061800 0.051600 0.060500 0.129400 0.090000 0.052200 0.060800 0.060500 0.061700 0.069400 0.070500 0.099400 0.080000 0.090700 0.060600 0.061300 0.052600 0.052100 0.116700 0.070000 0.118800 0.139900 0.060900 0.099900 0.099400 0.052600 0.061200 0.070400 0.052000 0.000000 0.070600 0.052400 0.061400
ForestMusk 0.061900 0.230400 0.017300 0.295900 0.056100 0.061900 0.035000 0.052500 0.028400 0.081300 0.019400 0.044300 0.034800 0.044500 0.062700 0.043400 0.062900 0.044000 0.029100 0.026200 0.052800 0.043500 0.081800 0.046600 0.017400 0.043800 0.034600 0.019200 0.052600 0.034800 0.081000 0.044400 0.081900 0.034700 0.035100 0.008600 0.035000 0.090100 0.071300 0.075700 0.101200 0.034900 0.081300 0.055500 0.008600 0.044100 0.044100 0.089800 0.070600 0.000000 0.017300 0.026000
Bushbuck 0.043800 0.208000 0.000000 0.283500 0.052900 0.043800 0.053000 0.034700 0.017400 0.062500 0.008600 0.026300 0.026000 0.044500 0.044300 0.025800 0.053600 0.035000 0.026300 0.008600 0.034900 0.025900 0.072200 0.035200 0.017400 0.026000 0.025900 0.008600 0.034700 0.016700 0.062300 0.044400 0.072400 0.026000 0.026200 0.000100 0.017300 0.080700 0.052900 0.062400 0.081800 0.017300 0.062600 0.044100 0.000100 0.026200 0.026200 0.071000 0.052400 0.017300 0.000000 0.008600
GreaterKud 0.052800 0.197100 0.008600 0.295300 0.062000 0.052800 0.062100 0.043500 0.026200 0.071800 0.017400 0.017500 0.034800 0.053600 0.053500 0.034500 0.062800 0.043900 0.035300 0.017400 0.043800 0.034600 0.081600 0.044200 0.026200 0.034800 0.034700 0.017300 0.043600 0.026000 0.071500 0.053500 0.081900 0.034800 0.035100 0.008600 0.026100 0.090100 0.062000 0.071700 0.091200 0.026000 0.071800 0.053100 0.008600 0.035100 0.035100 0.080200 0.061400 0.026000 0.008600 0.000000
