1
52 1
Argali 0.000000 0.204100 0.138400 0.067700 0.068100 0.068100 0.068100 0.069300 0.069300 0.071600 0.069500 0.131100 0.068100 0.068100 0.069200 0.069300 0.068100 0.069000 0.068100 0.068100 0.069300 0.069100 0.068100 0.147100 0.143800 0.069300 0.068100 0.068100 0.069300 0.068100 0.071600 0.068100 0.068100 0.068100 0.068700 0.068100 0.068100 0.069600 0.069100 0.142500 0.068100 0.069300 0.071600 0.068100 0.068100 0.068100 0.141000 0.068100 0.135500 0.248400 0.069300 0.068100
LesserMous 0.204100 0.000000 0.208400 0.137500 0.138400 0.138400 0.138400 0.140800 0.140800 0.146000 0.138400 0.200000 0.138400 0.138400 0.138400 0.140800 0.138400 0.138400 0.138400 0.138400 0.140800 0.138400 0.138400 0.225000 0.219700 0.140800 0.138400 0.138400 0.140800 0.138400 0.146000 0.138400 0.138400 0.138400 0.140200 0.138400 0.138400 0.141500 0.140700 0.217900 0.138400 0.140800 0.146000 0.138400 0.138400 0.138400 0.214700 0.138400 0.206800 0.340800 0.138400 0.138400
LesserKudu 0.138400 0.208400 0.000000 0.070200 0.070600 0.070600 0.070600 0.071900 0.071900 0.074200 0.070300 0.135700 0.070600 0.070600 0.070600 0.071900 0.070600 0.070600 0.070600 0.070100 0.071900 0.070600 0.070600 0.153600 0.149800 0.071900 0.070600 0.070600 0.071900 0.070600 0.074200 0.070600 0.070600 0.070600 0.071200 0.070600 0.070400 0.072200 0.071900 0.148800 0.070600 0.071900 0.074200 0.070600 0.069800 0.070400 0.146400 0.070500 0.141000 0.263100 0.070600 0.070600
KillerWhal 0.067700 0.137500 0.070200 0.000000 0.000200 0.000200 0.000200 0.000400 0.000400 0.000400 0.000200 0.066400 0.000200 0.000200 0.000200 0.000400 0.000200 0.000200 0.000200 0.000200 0.000400 0.000200 0.000200 0.074200 0.072700 0.000400 0.000200 0.000200 0.000400 0.000200 0.000400 0.000200 0.000200 0.000200 0.000400 0.000200 0.000200 0.000400 0.000400 0.071800 0.000200 0.000400 0.000400 0.000200 0.000200 0.000200 0.071300 0.000200 0.068500 0.167500 0.000200 0.000200
DefassaWat 0.068100 0.138400 0.070600 0.000200 0.000000 0.000000 0.000000 0.000200 0.000200 0.000200 0.000000 0.066700 0.000000 0.000000 0.000000 0.000200 0.000000 0.000000 0.000000 0.000000 0.000200 0.000000 0.000000 0.075500 0.073500 0.000200 0.000000 0.000000 0.000200 0.000000 0.000200 0.000000 0.000000 0.000000 0.000200 0.000000 0.000000 0.000200 0.000200 0.073200 0.000000 0.000200 0.000200 0.000000 0.000000 0.000000 0.071900 0.000000 0.069100 0.170200 0.000000 0.000000
Sheep 0.068100 0.138400 0.070600 0.000200 0.000000 0.000000 0.000000 0.000200 0.000200 0.000200 0.000000 0.066700 0.000000 0.000000 0.000000 0.000200 0.000000 0.000000 0.000000 0.000000 0.000200 0.000000 0.000000 0.075500 0.073500 0.000200 0.000000 0.000000 0.000200 0.000000 0.000200 0.000000 0.000000 0.000000 0.000200 0.000000 0.000000 0.000200 0.000200 0.073200 0.000000 0.000200 0.000200 0.000000 0.000000 0.000000 0.071900 0.000000 0.069100 0.170200 0.000000 0.000000
MaxwellsDu 0.068100 0.138400 0.070600 0.000200 0.000000 0.000000 0.000000 0.000200 0.000200 0.000200 0.000000 0.066700 0.000000 0.000000 0.000000 0.000200 0.000000 0.000000 0.000000 0.000000 0.000200 0.000000 0.000000 0.075500 0.073500 0.000200 0.000000 0.000000 0.000200 0.000000 0.000200 0.000000 0.000000 0.000000 0.000200 0.000000 0.000000 0.000200 0.000200 0.073200 0.000000 0.000200 0.000200 0.000000 0.000000 0.000000 0.071900 0.000000 0.069100 0.170200 0.000000 0.000000
GazellaPrz 0.069300 0.140800 0.071900 0.000400 0.000200 0.000200 0.000200 0.000000 0.000000 0.000400 0.000200 0.067800 0.000200 0.000200 0.000200 0.000000 0.000200 0.000200 0.000200 0.000200 0.000000 0.000200 0.000200 0.076600 0.074900 0.000000 0.000200 0.000200 0.000000 0.000200 0.000400 0.000200 0.000200 0.000200 0.000400 0.000200 0.000200 0.000400 0.000200 0.074400 0.000200 0.000000 0.000400 0.000200 0.000200 0.000200 0.072400 0.000200 0.070500 0.170700 0.000200 0.000200
MountainNy 0.069300 0.140800 0.071900 0.000400 0.000200 0.000200 0.000200 0.000000 0.000000 0.000400 0.000200 0.067800 0.000200 0.000200 0.000200 0.000000 0.000200 0.000200 0.000200 0.000200 0.000000 0.000200 0.000200 0.076600 0.074900 0.000000 0.000200 0.000200 0.000000 0.000200 0.000400 0.000200 0.000200 0.000200 0.000400 0.000200 0.000200 0.000400 0.000200 0.074400 0.000200 0.000000 0.000400 0.000200 0.000200 0.000200 0.073100 0.000200 0.070500 0.170700 0.000200 0.000200
MuntiacusM 0.071600 0.146000 0.074200 0.000400 0.000200 0.000200 0.000200 0.000400 0.000400 0.000000 0.000200 0.070100 0.000200 0.000200 0.000200 0.000400 0.000200 0.000200 0.000200 0.000200 0.000400 0.000200 0.000200 0.079600 0.077900 0.000400 0.000200 0.000200 0.000400 0.000200 0.000000 0.000200 0.000200 0.000200 0.000200 0.000200 0.000200 0.000400 0.000400 0.076900 0.000200 0.000400 0.000000 0.000200 0.000200 0.000200 0.075400 0.000200 0.073100 0.180600 0.000200 0.000200
goat 0.069500 0.138400 0.070300 0.000200 0.000000 0.000000 0.000000 0.000200 0.000200 0.000200 0.000000 0.066700 0.000000 0.000000 0.000000 0.000200 0.000000 0.000000 0.000000 0.000000 0.000200 0.000000 0.000000 0.075500 0.073500 0.000200 0.000000 0.000000 0.000200 0.000000 0.000200 0.000000 0.000000 0.000000 0.000200 0.000000 0.000000 0.000200 0.000200 0.073200 0.000000 0.000200 0.000200 0.000000 0.000000 0.000000 0.071900 0.000000 0.069100 0.170200 0.000000 0.000000
AfricanBuf 0.131100 0.200000 0.135700 0.066400 0.066700 0.066700 0.066700 0.067800 0.067800 0.070100 0.066700 0.000000 0.066700 0.066700 0.066700 0.067800 0.066700 0.066700 0.066700 0.066700 0.067800 0.066700 0.066700 0.143800 0.140600 0.067800 0.066700 0.066700 0.067800 0.066700 0.070100 0.066700 0.066700 0.066700 0.067300 0.066700 0.066700 0.068100 0.067600 0.139300 0.066700 0.067800 0.070100 0.066700 0.066700 0.066700 0.138000 0.066700 0.132700 0.241200 0.066700 0.066700
Topi 0.068100 0.138400 0.070600 0.000200 0.000000 0.000000 0.000000 0.000200 0.000200 0.000200 0.000000 0.066700 0.000000 0.000000 0.000000 0.000200 0.000000 0.000000 0.000000 0.000000 0.000200 0.000000 0.000000 0.075500 0.073500 0.000200 0.000000 0.000000 0.000200 0.000000 0.000200 0.000000 0.000000 0.000000 0.000200 0.000000 0.000000 0.000200 0.000200 0.073200 0.000000 0.000200 0.000200 0.000000 0.000000 0.000000 0.071900 0.000000 0.069100 0.170200 0.000000 0.000000
CommonDuik 0.068100 0.138400 0.070600 0.000200 0.000000 0.000000 0.000000 0.000200 0.000200 0.000200 0.000000 0.066700 0.000000 0.000000 0.000000 0.000200 0.000000 0.000000 0.000000 0.000000 0.000200 0.000000 0.000000 0.075500 0.073500 0.000200 0.000000 0.000000 0.000200 0.000000 0.000200 0.000000 0.000000 0.000000 0.000200 0.000000 0.000000 0.000200 0.000200 0.073200 0.000000 0.000200 0.000200 0.000000 0.000000 0.000000 0.071900 0.000000 0.069100 0.170200 0.000000 0.000000
Suni 0.069200 0.138400 0.070600 0.000200 0.000000 0.000000 0.000000 0.000200 0.000200 0.000200 0.000000 0.066700 0.000000 0.000000 0.000000 0.000200 0.000000 0.000000 0.000000 0.000000 0.000200 0.000000 0.000000 0.075500 0.073500 0.000200 0.000000 0.000000 0.000200 0.000000 0.000200 0.000000 0.000000 0.000000 0.000200 0.000000 0.000000 0.000200 0.000200 0.073200 0.000000 0.000200 0.000200 0.000000 0.000000 0.000000 0.071900 0.000000 0.069100 0.170200 0.000000 0.000000
Springbuck 0.069300 0.140800 0.071900 0.000400 0.000200 0.000200 0.000200 0.000000 0.000000 0.000400 0.000200 0.067800 0.000200 0.000200 0.000200 0.000000 0.000200 0.000200 0.000200 0.000200 0.000000 0.000200 0.000200 0.076600 0.074900 0.000000 0.000200 0.000200 0.000000 0.000200 0.000400 0.000200 0.000200 0.000200 0.000400 0.000200 0.000200 0.000400 0.000200 0.074400 0.000200 0.000000 0.000400 0.000200 0.000200 0.000200 0.072400 0.000200 0.070500 0.170700 0.000200 0.000200
Okapi 0.068100 0.138400 0.070600 0.000200 0.000000 0.000000 0.000000 0.000200 0.000200 0.000200 0.000000 0.066700 0.000000 0.000000 0.000000 0.000200 0.000000 0.000000 0.000000 0.000000 0.000200 0.000000 0.000000 0.075500 0.073500 0.000200 0.000000 0.000000 0.000200 0.000000 0.000200 0.000000 0.000000 0.000000 0.000200 0.000000 0.000000 0.000200 0.000200 0.073200 0.000000 0.000200 0.000200 0.000000 0.000000 0.000000 0.071900 0.000000 0.069100 0.170200 0.000000 0.000000
Giraffe 0.069000 0.138400 0.070600 0.000200 0.000000 0.000000 0.000000 0.000200 0.000200 0.000200 0.000000 0.066700 0.000000 0.000000 0.000000 0.000200 0.000000 0.000000 0.000000 0.000000 0.000200 0.000000 0.000000 0.075500 0.076000 0.000200 0.000000 0.000000 0.000200 0.000000 0.000200 0.000000 0.000000 0.000000 0.000200 0.000000 0.000000 0.000200 0.000200 0.073200 0.000000 0.000200 0.000200 0.000000 0.000000 0.000000 0.071900 0.000000 0.069100 0.170200 0.000000 0.000000
TibetanAnt 0.068100 0.138400 0.070600 0.000200 0.000000 0.000000 0.000000 0.000200 0.000200 0.000200 0.000000 0.066700 0.000000 0.000000 0.000000 0.000200 0.000000 0.000000 0.000000 0.000000 0.000200 0.000000 0.000000 0.075500 0.073500 0.000200 0.000000 0.000000 0.000200 0.000000 0.000200 0.000000 0.000000 0.000000 0.000200 0.000000 0.000000 0.000200 0.000200 0.073200 0.000000 0.000200 0.000200 0.000000 0.000000 0.000000 0.071900 0.000000 0.069100 0.170200 0.000000 0.000000
Sitatunga 0.068100 0.138400 0.070100 0.000200 0.000000 0.000000 0.000000 0.000200 0.000200 0.000200 0.000000 0.066700 0.000000 0.000000 0.000000 0.000200 0.000000 0.000000 0.000000 0.000000 0.000200 0.000000 0.000000 0.075500 0.075600 0.000200 0.000000 0.000000 0.000200 0.000000 0.000200 0.000000 0.000000 0.000000 0.000200 0.000000 0.000000 0.000200 0.000200 0.073200 0.000000 0.000200 0.000200 0.000000 0.000000 0.000000 0.071900 0.000000 0.069100 0.170200 0.000000 0.000000
Oribi 0.069300 0.140800 0.071900 0.000400 0.000200 0.000200 0.000200 0.000000 0.000000 0.000400 0.000200 0.067800 0.000200 0.000200 0.000200 0.000000 0.000200 0.000200 0.000200 0.000200 0.000000 0.000200 0.000200 0.076600 0.074900 0.000000 0.000200 0.000200 0.000000 0.000200 0.000400 0.000200 0.000200 0.000200 0.000400 0.000200 0.000200 0.000400 0.000200 0.074400 0.000200 0.000000 0.000400 0.000200 0.000200 0.000200 0.072400 0.000200 0.070500 0.170700 0.000200 0.000200
BarbaryShe 0.069100 0.138400 0.070600 0.000200 0.000000 0.000000 0.000000 0.000200 0.000200 0.000200 0.000000 0.066700 0.000000 0.000000 0.000000 0.000200 0.000000 0.000000 0.000000 0.000000 0.000200 0.000000 0.000000 0.075500 0.073500 0.000200 0.000000 0.000000 0.000200 0.000000 0.000200 0.000000 0.000000 0.000000 0.000200 0.000000 0.000000 0.000200 0.000200 0.073200 0.000000 0.000200 0.000200 0.000000 0.000000 0.000000 0.071900 0.000000 0.069100 0.170200 0.000000 0.000000
Daviddeer 0.068100 0.138400 0.070600 0.000200 0.000000 0.000000 0.000000 0.000200 0.000200 0.000200 0.000000 0.066700 0.000000 0.000000 0.000000 0.000200 0.000000 0.000000 0.000000 0.000000 0.000200 0.000000 0.000000 0.075500 0.073500 0.000200 0.000000 0.000000 0.000200 0.000000 0.000200 0.000000 0.000000 0.000000 0.000200 0.000000 0.000000 0.000200 0.000200 0.073200 0.000000 0.000200 0.000200 0.000000 0.000000 0.000000 0.071900 0.000000 0.069100 0.170200 0.000000 0.000000
Reindeer 0.147100 0.225000 0.153600 0.074200 0.075500 0.075500 0.075500 0.076600 0.076600 0.079600 0.075500 0.143800 0.075500 0.075500 0.075500 0.076600 0.075500 0.075500 0.075500 0.075500 0.076600 0.075500 0.075500 0.000000 0.160700 0.076600 0.075500 0.075500 0.076600 0.075500 0.079600 0.075500 0.075500 0.075500 0.075900 0.075500 0.075500 0.077100 0.076400 0.159700 0.075500 0.076600 0.079600 0.075500 0.075500 0.075500 0.155200 0.075500 0.150200 0.165100 0.075500 0.075500
Ibex 0.143800 0.219700 0.149800 0.072700 0.073500 0.073500 0.073500 0.074900 0.074900 0.077900 0.073500 0.140600 0.073500 0.073500 0.073500 0.074900 0.073500 0.076000 0.073500 0.075600 0.074900 0.073500 0.073500 0.160700 0.000000 0.074900 0.073500 0.073500 0.074900 0.073500 0.077900 0.073500 0.073500 0.076000 0.074300 0.073500 0.073500 0.075400 0.074800 0.154900 0.073500 0.074900 0.077900 0.073500 0.073500 0.073500 0.151400 0.073500 0.146000 0.270600 0.073500 0.073500
GyrantGaze 0.069300 0.140800 0.071900 0.000400 0.000200 0.000200 0.000200 0.000000 0.000000 0.000400 0.000200 0.067800 0.000200 0.000200 0.000200 0.000000 0.000200 0.000200 0.000200 0.000200 0.000000 0.000200 0.000200 0.076600 0.074900 0.000000 0.000200 0.000200 0.000000 0.000200 0.000400 0.000200 0.000200 0.000200 0.000400 0.000200 0.000200 0.000400 0.000200 0.074400 0.000200 0.000000 0.000400 0.000200 0.000200 0.000200 0.072100 0.000200 0.070500 0.170700 0.000200 0.000200
Hartebeest 0.068100 0.138400 0.070600 0.000200 0.000000 0.000000 0.000000 0.000200 0.000200 0.000200 0.000000 0.066700 0.000000 0.000000 0.000000 0.000200 0.000000 0.000000 0.000000 0.000000 0.000200 0.000000 0.000000 0.075500 0.073500 0.000200 0.000000 0.000000 0.000200 0.000000 0.000200 0.000000 0.000000 0.000000 0.000200 0.000000 0.000000 0.000200 0.000200 0.073200 0.000000 0.000200 0.000200 0.000000 0.000000 0.000000 0.071900 0.000000 0.069100 0.170200 0.000000 0.000000
Bongo 0.068100 0.138400 0.070600 0.000200 0.000000 0.000000 0.000000 0.000200 0.000200 0.000200 0.000000 0.066700 0.000000 0.000000 0.000000 0.000200 0.000000 0.000000 0.000000 0.000000 0.000200 0.000000 0.000000 0.075500 0.073500 0.000200 0.000000 0.000000 0.000200 0.000000 0.000200 0.000000 0.000000 0.000000 0.000200 0.000000 0.000000 0.000200 0.000200 0.073200 0.000000 0.000200 0.000200 0.000000 0.000000 0.000000 0.071900 0.000000 0.069100 0.170200 0.000000 0.000000
Gerenuk 0.069300 0.140800 0.071900 0.000400 0.000200 0.000200 0.000200 0.000000 0.000000 0.000400 0.000200 0.067800 0.000200 0.000200 0.000200 0.000000 0.000200 0.000200 0.000200 0.000200 0.000000 0.000200 0.000200 0.076600 0.074900 0.000000 0.000200 0.000200 0.000000 0.000200 0.000400 0.000200 0.000200 0.000200 0.000400 0.000200 0.000200 0.000400 0.000200 0.074400 0.000200 0.000000 0.000400 0.000200 0.000200 0.000200 0.072400 0.000200 0.070500 0.170700 0.000200 0.000200
CommonElan 0.068100 0.138400 0.070600 0.000200 0.000000 0.000000 0.000000 0.000200 0.000200 0.000200 0.000000 0.066700 0.000000 0.000000 0.000000 0.000200 0.000000 0.000000 0.000000 0.000000 0.000200 0.000000 0.000000 0.075500 0.073500 0.000200 0.000000 0.000000 0.000200 0.000000 0.000200 0.000000 0.000000 0.000000 0.000200 0.000000 0.000000 0.000200 0.000200 0.073200 0.000000 0.000200 0.000200 0.000000 0.000000 0.000000 0.071900 0.000000 0.069100 0.170200 0.000000 0.000000
MuntiacusR 0.071600 0.146000 0.074200 0.000400 0.000200 0.000200 0.000200 0.000400 0.000400 0.000000 0.000200 0.070100 0.000200 0.000200 0.000200 0.000400 0.000200 0.000200 0.000200 0.000200 0.000400 0.000200 0.000200 0.079600 0.077900 0.000400 0.000200 0.000200 0.000400 0.000200 0.000000 0.000200 0.000200 0.000200 0.000200 0.000200 0.000200 0.000400 0.000400 0.076900 0.000200 0.000400 0.000000 0.000200 0.000200 0.000200 0.075400 0.000200 0.073100 0.180600 0.000200 0.000200
HarveysDui 0.068100 0.138400 0.070600 0.000200 0.000000 0.000000 0.000000 0.000200 0.000200 0.000200 0.000000 0.066700 0.000000 0.000000 0.000000 0.000200 0.000000 0.000000 0.000000 0.000000 0.000200 0.000000 0.000000 0.075500 0.073500 0.000200 0.000000 0.000000 0.000200 0.000000 0.000200 0.000000 0.000000 0.000000 0.000200 0.000000 0.000000 0.000200 0.000200 0.073200 0.000000 0.000200 0.000200 0.000000 0.000000 0.000000 0.071900 0.000000 0.069100 0.170200 0.000000 0.000000
Pronghorn 0.068100 0.138400 0.070600 0.000200 0.000000 0.000000 0.000000 0.000200 0.000200 0.000200 0.000000 0.066700 0.000000 0.000000 0.000000 0.000200 0.000000 0.000000 0.000000 0.000000 0.000200 0.000000 0.000000 0.075500 0.073500 0.000200 0.000000 0.000000 0.000200 0.000000 0.000200 0.000000 0.000000 0.000000 0.000200 0.000000 0.000000 0.000200 0.000200 0.073200 0.000000 0.000200 0.000200 0.000000 0.000000 0.000000 0.071900 0.000000 0.069100 0.170200 0.000000 0.000000
BlueWildeb 0.068100 0.138400 0.070600 0.000200 0.000000 0.000000 0.000000 0.000200 0.000200 0.000200 0.000000 0.066700 0.000000 0.000000 0.000000 0.000200 0.000000 0.000000 0.000000 0.000000 0.000200 0.000000 0.000000 0.075500 0.076000 0.000200 0.000000 0.000000 0.000200 0.000000 0.000200 0.000000 0.000000 0.000000 0.000200 0.000000 0.000000 0.000200 0.000200 0.073200 0.000000 0.000200 0.000200 0.000000 0.000000 0.000000 0.071900 0.000000 0.069100 0.170200 0.000000 0.000000
Gemsbok 0.068700 0.140200 0.071200 0.000400 0.000200 0.000200 0.000200 0.000400 0.000400 0.000200 0.000200 0.067300 0.000200 0.000200 0.000200 0.000400 0.000200 0.000200 0.000200 0.000200 0.000400 0.000200 0.000200 0.075900 0.074300 0.000400 0.000200 0.000200 0.000400 0.000200 0.000200 0.000200 0.000200 0.000200 0.000000 0.000200 0.000200 0.000400 0.000400 0.073400 0.000200 0.000400 0.000200 0.000200 0.000200 0.000200 0.072500 0.000200 0.070000 0.172900 0.000200 0.000200
Yak 0.068100 0.138400 0.070600 0.000200 0.000000 0.000000 0.000000 0.000200 0.000200 0.000200 0.000000 0.066700 0.000000 0.000000 0.000000 0.000200 0.000000 0.000000 0.000000 0.000000 0.000200 0.000000 0.000000 0.075500 0.073500 0.000200 0.000000 0.000000 0.000200 0.000000 0.000200 0.000000 0.000000 0.000000 0.000200 0.000000 0.000000 0.000200 0.000200 0.073200 0.000000 0.000200 0.000200 0.000000 0.000000 0.000000 0.071900 0.000000 0.069100 0.170200 0.000000 0.000000
BlueSheep 0.068100 0.138400 0.070400 0.000200 0.000000 0.000000 0.000000 0.000200 0.000200 0.000200 0.000000 0.066700 0.000000 0.000000 0.000000 0.000200 0.000000 0.000000 0.000000 0.000000 0.000200 0.000000 0.000000 0.075500 0.073500 0.000200 0.000000 0.000000 0.000200 0.000000 0.000200 0.000000 0.000000 0.000000 0.000200 0.000000 0.000000 0.000200 0.000200 0.073200 0.000000 0.000200 0.000200 0.000000 0.000000 0.000000 0.071900 0.000000 0.069100 0.170200 0.000000 0.000000
BohorReedb 0.069600 0.141500 0.072200 0.000400 0.000200 0.000200 0.000200 0.000400 0.000400 0.000400 0.000200 0.068100 0.000200 0.000200 0.000200 0.000400 0.000200 0.000200 0.000200 0.000200 0.000400 0.000200 0.000200 0.077100 0.075400 0.000400 0.000200 0.000200 0.000400 0.000200 0.000400 0.000200 0.000200 0.000200 0.000400 0.000200 0.000200 0.000000 0.000400 0.074700 0.000200 0.000400 0.000400 0.000200 0.000200 0.000200 0.073000 0.000200 0.070700 0.173300 0.000200 0.000200
KirksDik 0.069100 0.140700 0.071900 0.000400 0.000200 0.000200 0.000200 0.000200 0.000200 0.000400 0.000200 0.067600 0.000200 0.000200 0.000200 0.000200 0.000200 0.000200 0.000200 0.000200 0.000200 0.000200 0.000200 0.076400 0.074800 0.000200 0.000200 0.000200 0.000200 0.000200 0.000400 0.000200 0.000200 0.000200 0.000400 0.000200 0.000200 0.000400 0.000000 0.074300 0.000200 0.000200 0.000400 0.000200 0.000200 0.000200 0.072600 0.000200 0.070400 0.170800 0.000200 0.000200
RoeDeer 0.142500 0.217900 0.148800 0.071800 0.073200 0.073200 0.073200 0.074400 0.074400 0.076900 0.073200 0.139300 0.073200 0.073200 0.073200 0.074400 0.073200 0.073200 0.073200 0.073200 0.074400 0.073200 0.073200 0.159700 0.154900 0.074400 0.073200 0.073200 0.074400 0.073200 0.076900 0.073200 0.073200 0.073200 0.073400 0.073200 0.073200 0.074700 0.074300 0.000000 0.073200 0.074400 0.076900 0.073200 0.073200 0.073200 0.149800 0.073200 0.145500 0.274200 0.073200 0.073200
WhiteLippe 0.068100 0.138400 0.070600 0.000200 0.000000 0.000000 0.000000 0.000200 0.000200 0.000200 0.000000 0.066700 0.000000 0.000000 0.000000 0.000200 0.000000 0.000000 0.000000 0.000000 0.000200 0.000000 0.000000 0.075500 0.073500 0.000200 0.000000 0.000000 0.000200 0.000000 0.000200 0.000000 0.000000 0.000000 0.000200 0.000000 0.000000 0.000200 0.000200 0.073200 0.000000 0.000200 0.000200 0.000000 0.000000 0.000000 0.071900 0.000000 0.069100 0.170200 0.000000 0.000000
ThomsonGaz 0.069300 0.140800 0.071900 0.000400 0.000200 0.000200 0.000200 0.000000 0.000000 0.000400 0.000200 0.067800 0.000200 0.000200 0.000200 0.000000 0.000200 0.000200 0.000200 0.000200 0.000000 0.000200 0.000200 0.076600 0.074900 0.000000 0.000200 0.000200 0.000000 0.000200 0.000400 0.000200 0.000200 0.000200 0.000400 0.000200 0.000200 0.000400 0.000200 0.074400 0.000200 0.000000 0.000400 0.000200 0.000200 0.000200 0.072400 0.000200 0.070500 0.170700 0.000200 0.000200
MuntiacusC 0.071600 0.146000 0.074200 0.000400 0.000200 0.000200 0.000200 0.000400 0.000400 0.000000 0.000200 0.070100 0.000200 0.000200 0.000200 0.000400 0.000200 0.000200 0.000200 0.000200 0.000400 0.000200 0.000200 0.079600 0.077900 0.000400 0.000200 0.000200 0.000400 0.000200 0.000000 0.000200 0.000200 0.000200 0.000200 0.000200 0.000200 0.000400 0.000400 0.076900 0.000200 0.000400 0.000000 0.000200 0.000200 0.000200 0.075400 0.000200 0.073100 0.180600 0.000200 0.000200
WhiteTaile 0.068100 0.138400 0.070600 0.000200 0.000000 0.000000 0.000000 0.000200 0.000200 0.000200 0.000000 0.066700 0.000000 0.000000 0.000000 0.000200 0.000000 0.000000 0.000000 0.000000 0.000200 0.000000 0.000000 0.075500 0.073500 0.000200 0.000000 0.000000 0.000200 0.000000 0.000200 0.000000 0.000000 0.000000 0.000200 0.000000 0.000000 0.000200 0.000200 0.073200 0.000000 0.000200 0.000200 0.000000 0.000000 0.000000 0.071900 0.000000 0.069100 0.170200 0.000000 0.000000
Cattle 0.068100 0.138400 0.069800 0.000200 0.000000 0.000000 0.000000 0.000200 0.000200 0.000200 0.000000 0.066700 0.000000 0.000000 0.000000 0.000200 0.000000 0.000000 0.000000 0.000000 0.000200 0.000000 0.000000 0.075500 0.073500 0.000200 0.000000 0.000000 0.000200 0.000000 0.000200 0.000000 0.000000 0.000000 0.000200 0.000000 0.000000 0.000200 0.000200 0.073200 0.000000 0.000200 0.000200 0.000000 0.000000 0.000000 0.071900 0.000000 0.069100 0.170200 0.000000 0.000000
RoyalAntel 0.068100 0.138400 0.070400 0.000200 0.000000 0.000000 0.000000 0.000200 0.000200 0.000200 0.000000 0.066700 0.000000 0.000000 0.000000 0.000200 0.000000 0.000000 0.000000 0.000000 0.000200 0.000000 0.000000 0.075500 0.073500 0.000200 0.000000 0.000000 0.000200 0.000000 0.000200 0.000000 0.000000 0.000000 0.000200 0.000000 0.000000 0.000200 0.000200 0.073200 0.000000 0.000200 0.000200 0.000000 0.000000 0.000000 0.071900 0.000000 0.069100 0.170200 0.000000 0.000000
Steenbok 0.141000 0.214700 0.146400 0.071300 0.071900 0.071900 0.071900 0.072400 0.073100 0.075400 0.071900 0.138000 0.071900 0.071900 0.071900 0.072400 0.071900 0.071900 0.071900 0.071900 0.072400 0.071900 0.071900 0.155200 0.151400 0.072100 0.071900 0.071900 0.072400 0.071900 0.075400 0.071900 0.071900 0.071900 0.072500 0.071900 0.071900 0.073000 0.072600 0.149800 0.071900 0.072400 0.075400 0.071900 0.071900 0.071900 0.000000 0.071900 0.142700 0.259900 0.071900 0.071900
Impala 0.068100 0.138400 0.070500 0.000200 0.000000 0.000000 0.000000 0.000200 0.000200 0.000200 0.000000 0.066700 0.000000 0.000000 0.000000 0.000200 0.000000 0.000000 0.000000 0.000000 0.000200 0.000000 0.000000 0.075500 0.073500 0.000200 0.000000 0.000000 0.000200 0.000000 0.000200 0.000000 0.000000 0.000000 0.000200 0.000000 0.000000 0.000200 0.000200 0.073200 0.000000 0.000200 0.000200 0.000000 0.000000 0.000000 0.071900 0.000000 0.069100 0.170200 0.000000 0.000000
Klipspring 0.135500 0.206800 0.141000 0.068500 0.069100 0.069100 0.069100 0.070500 0.070500 0.073100 0.069100 0.132700 0.069100 0.069100 0.069100 0.070500 0.069100 0.069100 0.069100 0.069100 0.070500 0.069100 0.069100 0.150200 0.146000 0.070500 0.069100 0.069100 0.070500 0.069100 0.073100 0.069100 0.069100 0.069100 0.070000 0.069100 0.069100 0.070700 0.070400 0.145500 0.069100 0.070500 0.073100 0.069100 0.069100 0.069100 0.142700 0.069100 0.000000 0.255500 0.069100 0.069100
ForestMusk 0.248400 0.340800 0.263100 0.167500 0.170200 0.170200 0.170200 0.170700 0.170700 0.180600 0.170200 0.241200 0.170200 0.170200 0.170200 0.170700 0.170200 0.170200 0.170200 0.170200 0.170700 0.170200 0.170200 0.165100 0.270600 0.170700 0.170200 0.170200 0.170700 0.170200 0.180600 0.170200 0.170200 0.170200 0.172900 0.170200 0.170200 0.173300 0.170800 0.274200 0.170200 0.170700 0.180600 0.170200 0.170200 0.170200 0.259900 0.170200 0.255500 0.000000 0.170200 0.170200
Bushbuck 0.069300 0.138400 0.070600 0.000200 0.000000 0.000000 0.000000 0.000200 0.000200 0.000200 0.000000 0.066700 0.000000 0.000000 0.000000 0.000200 0.000000 0.000000 0.000000 0.000000 0.000200 0.000000 0.000000 0.075500 0.073500 0.000200 0.000000 0.000000 0.000200 0.000000 0.000200 0.000000 0.000000 0.000000 0.000200 0.000000 0.000000 0.000200 0.000200 0.073200 0.000000 0.000200 0.000200 0.000000 0.000000 0.000000 0.071900 0.000000 0.069100 0.170200 0.000000 0.000000
GreaterKud 0.068100 0.138400 0.070600 0.000200 0.000000 0.000000 0.000000 0.000200 0.000200 0.000200 0.000000 0.066700 0.000000 0.000000 0.000000 0.000200 0.000000 0.000000 0.000000 0.000000 0.000200 0.000000 0.000000 0.075500 0.073500 0.000200 0.000000 0.000000 0.000200 0.000000 0.000200 0.000000 0.000000 0.000000 0.000200 0.000000 0.000000 0.000200 0.000200 0.073200 0.000000 0.000200 0.000200 0.000000 0.000000 0.000000 0.071900 0.000000 0.069100 0.170200 0.000000 0.000000
