1
52 1
Argali 0.000000 0.206800 0.060700 0.170800 0.043000 0.013600 0.051900 0.069800 0.057600 0.094300 0.019800 0.063200 0.066800 0.031400 0.048700 0.060900 0.064300 0.082400 0.025600 0.057600 0.075900 0.019800 0.085700 0.094900 0.025600 0.048900 0.048800 0.060700 0.055100 0.057700 0.100700 0.040100 0.132600 0.048900 0.034200 0.057700 0.016900 0.078700 0.051400 0.091100 0.079200 0.066900 0.097200 0.088700 0.057600 0.063900 0.075500 0.066800 0.070300 0.061500 0.060600 0.060700
LesserMous 0.206800 0.000000 0.220600 0.242900 0.203600 0.217400 0.186100 0.217100 0.224200 0.181500 0.210600 0.212200 0.220800 0.196600 0.206000 0.236200 0.193100 0.203000 0.217900 0.223500 0.213300 0.199500 0.195900 0.199200 0.217700 0.199800 0.206200 0.224200 0.225400 0.217100 0.181000 0.200000 0.239300 0.206200 0.191600 0.203100 0.199800 0.199500 0.219400 0.209100 0.188500 0.228800 0.184600 0.196000 0.202900 0.196800 0.242000 0.207200 0.229800 0.215300 0.227600 0.220900
LesserKudu 0.060700 0.220600 0.000000 0.184400 0.057800 0.057700 0.057800 0.078900 0.014100 0.116100 0.063800 0.075200 0.075900 0.040100 0.069600 0.069800 0.082600 0.101000 0.064000 0.014000 0.085000 0.063700 0.104200 0.107200 0.069900 0.057700 0.069700 0.016900 0.070100 0.019700 0.116100 0.048900 0.142400 0.069900 0.057500 0.075800 0.054800 0.078700 0.069200 0.097100 0.097600 0.063800 0.112700 0.101000 0.075800 0.076000 0.084400 0.075800 0.079400 0.076700 0.016900 0.022600
KillerWhal 0.170800 0.242900 0.184400 0.000000 0.153400 0.167200 0.157000 0.169400 0.194800 0.190200 0.173700 0.162100 0.195200 0.160500 0.180500 0.192000 0.159500 0.180700 0.153900 0.194100 0.187500 0.169800 0.169400 0.177000 0.177400 0.181100 0.184300 0.194900 0.188700 0.184100 0.196900 0.163800 0.234300 0.184700 0.166100 0.173500 0.163700 0.162900 0.172700 0.183600 0.162400 0.188000 0.186300 0.177400 0.173400 0.195400 0.212300 0.187900 0.196500 0.164900 0.198200 0.180900
DefassaWat 0.043000 0.203600 0.057800 0.153400 0.000000 0.040100 0.043100 0.060900 0.054800 0.079000 0.046100 0.063000 0.058000 0.028500 0.040000 0.051900 0.064100 0.073400 0.034400 0.054800 0.054900 0.040100 0.082700 0.085700 0.052000 0.040100 0.040100 0.057800 0.045700 0.048900 0.085200 0.031400 0.120000 0.040200 0.025600 0.048900 0.031400 0.034100 0.060400 0.082000 0.070200 0.052000 0.075800 0.073400 0.048800 0.064100 0.066600 0.057900 0.061300 0.055600 0.057700 0.057900
Sheep 0.013600 0.217400 0.057700 0.167200 0.040100 0.000000 0.054800 0.072900 0.060600 0.103600 0.022700 0.066200 0.069900 0.034300 0.051700 0.057800 0.073400 0.091600 0.028500 0.060600 0.079000 0.022600 0.095000 0.104300 0.028500 0.051800 0.051800 0.063700 0.058000 0.060700 0.110100 0.043000 0.135900 0.051900 0.037100 0.060700 0.019800 0.075600 0.054400 0.100400 0.088400 0.063900 0.100300 0.098000 0.060600 0.070000 0.072500 0.063700 0.067200 0.058400 0.063600 0.063700
MaxwellsDu 0.051900 0.186100 0.057800 0.157000 0.043100 0.054800 0.000000 0.063900 0.054800 0.100700 0.054900 0.051500 0.054900 0.025600 0.048800 0.067000 0.055300 0.073300 0.049100 0.054700 0.069900 0.043000 0.092000 0.088800 0.061000 0.048900 0.048900 0.057800 0.055100 0.054800 0.107100 0.028500 0.116700 0.049000 0.034300 0.043100 0.040100 0.066700 0.054500 0.091200 0.079300 0.067000 0.097400 0.085700 0.043000 0.067100 0.066600 0.057900 0.061200 0.061600 0.057700 0.051900
GazellaPrz 0.069800 0.217100 0.078900 0.169400 0.060900 0.072900 0.063900 0.000000 0.069700 0.100300 0.073000 0.081400 0.069900 0.049000 0.060700 0.076100 0.088600 0.100900 0.067100 0.069700 0.069700 0.066800 0.104100 0.107200 0.079100 0.054800 0.060800 0.072800 0.064200 0.063700 0.106700 0.052000 0.142800 0.061000 0.051900 0.075900 0.057900 0.097300 0.066300 0.103600 0.091300 0.073100 0.097100 0.101000 0.075800 0.085400 0.087900 0.085200 0.085800 0.089000 0.072700 0.066800
MountainNy 0.057600 0.224200 0.014100 0.194800 0.054800 0.060600 0.054800 0.069700 0.000000 0.106500 0.060800 0.072100 0.072800 0.037100 0.060500 0.072800 0.079400 0.097800 0.060900 0.005600 0.081900 0.054700 0.100900 0.104000 0.066800 0.054700 0.060700 0.002800 0.067000 0.011200 0.112900 0.045900 0.135800 0.060800 0.045900 0.066700 0.045900 0.081700 0.066200 0.087800 0.088100 0.066700 0.103200 0.097800 0.066600 0.079000 0.075300 0.078800 0.076300 0.079800 0.002800 0.014100
MuntiacusM 0.094300 0.181500 0.116100 0.190200 0.079000 0.103600 0.100700 0.100300 0.106500 0.000000 0.103800 0.099800 0.116600 0.085200 0.097100 0.116600 0.094600 0.119700 0.100900 0.106300 0.112800 0.097300 0.054700 0.063600 0.110200 0.085100 0.103700 0.106500 0.110600 0.100200 0.011200 0.091300 0.131800 0.104000 0.088100 0.106900 0.088100 0.109700 0.105900 0.066300 0.042700 0.091500 0.008200 0.051700 0.106800 0.110500 0.131900 0.110200 0.107400 0.107900 0.109500 0.103500
goat 0.019800 0.210600 0.063800 0.173700 0.046100 0.022700 0.054900 0.073000 0.060800 0.103800 0.000000 0.066300 0.070000 0.034300 0.051800 0.064000 0.067100 0.085300 0.028600 0.060700 0.079100 0.011300 0.088800 0.104500 0.017000 0.051900 0.051900 0.063800 0.057800 0.060800 0.110200 0.043100 0.136200 0.051700 0.031300 0.060800 0.019800 0.081900 0.054500 0.100500 0.088500 0.070000 0.100500 0.098200 0.060800 0.070100 0.078700 0.069900 0.073400 0.070700 0.063700 0.063900
AfricanBuf 0.063200 0.212200 0.075200 0.162100 0.063000 0.066200 0.051500 0.081400 0.072100 0.099800 0.066300 0.000000 0.072300 0.042700 0.060100 0.084500 0.057800 0.094000 0.069100 0.072100 0.093700 0.060200 0.103500 0.106600 0.072300 0.066200 0.060200 0.075200 0.078700 0.072100 0.106100 0.051500 0.118500 0.066400 0.051400 0.045500 0.051400 0.084200 0.068800 0.102700 0.090800 0.084600 0.096500 0.100400 0.045400 0.072500 0.081000 0.066300 0.081900 0.076200 0.075100 0.069200
Topi 0.066800 0.220800 0.075900 0.195200 0.058000 0.069900 0.054900 0.069900 0.072800 0.116600 0.070000 0.072300 0.000000 0.040200 0.057700 0.076100 0.079600 0.088700 0.064100 0.066700 0.079100 0.063800 0.120600 0.123800 0.076100 0.057900 0.022600 0.075800 0.064200 0.072800 0.123100 0.043100 0.153000 0.028500 0.042900 0.072800 0.054900 0.094200 0.078400 0.119500 0.107400 0.076200 0.113200 0.117400 0.072800 0.070100 0.078700 0.082200 0.088900 0.080000 0.075700 0.069900
CommonDuik 0.031400 0.196600 0.040100 0.160500 0.028500 0.034300 0.025600 0.049000 0.037100 0.085200 0.034300 0.042700 0.040200 0.000000 0.034200 0.040100 0.049400 0.067300 0.034400 0.037100 0.055000 0.028400 0.082700 0.085800 0.040100 0.028500 0.034300 0.040100 0.034300 0.037200 0.091500 0.008400 0.116900 0.034400 0.019800 0.043000 0.019800 0.063800 0.042700 0.082000 0.070200 0.046100 0.082000 0.079600 0.043000 0.045900 0.054700 0.046000 0.052300 0.049600 0.040000 0.034300
Suni 0.048700 0.206000 0.069600 0.180500 0.040000 0.051700 0.048800 0.060700 0.060500 0.097100 0.051800 0.060100 0.057700 0.034200 0.000000 0.069800 0.067100 0.085200 0.046000 0.054600 0.066700 0.045800 0.094700 0.097800 0.057700 0.045800 0.034100 0.063500 0.057900 0.054600 0.103500 0.037100 0.132400 0.040000 0.033800 0.054600 0.037000 0.075500 0.066100 0.093900 0.082000 0.063700 0.093900 0.091600 0.054500 0.063800 0.063400 0.057600 0.067100 0.067500 0.063500 0.057600
Springbuck 0.060900 0.236200 0.069800 0.192000 0.051900 0.057800 0.067000 0.076100 0.072800 0.116600 0.064000 0.084500 0.076100 0.040100 0.069800 0.000000 0.092100 0.110900 0.064100 0.072800 0.066800 0.057900 0.114300 0.107800 0.070100 0.034200 0.063900 0.075900 0.022700 0.072800 0.116700 0.043000 0.146300 0.064100 0.054900 0.079100 0.049000 0.081800 0.066400 0.116500 0.107500 0.046000 0.113300 0.101400 0.079000 0.082400 0.091100 0.082200 0.082700 0.080000 0.069700 0.076000
Okapi 0.064300 0.193100 0.082600 0.159500 0.064100 0.073400 0.055300 0.088600 0.079400 0.094600 0.067100 0.057800 0.079600 0.049400 0.067100 0.092100 0.000000 0.058000 0.073700 0.079000 0.094900 0.064200 0.085900 0.082700 0.079700 0.073400 0.067300 0.082500 0.086200 0.079400 0.100600 0.058400 0.103700 0.073500 0.058200 0.070000 0.058200 0.085600 0.082000 0.091800 0.073400 0.095000 0.097600 0.082800 0.069900 0.073600 0.088500 0.076400 0.089400 0.064800 0.082400 0.076500
Giraffe 0.082400 0.203000 0.101000 0.180700 0.073400 0.091600 0.073300 0.100900 0.097800 0.119700 0.085300 0.094000 0.088700 0.067300 0.085200 0.110900 0.058000 0.000000 0.085800 0.097500 0.088400 0.082300 0.104200 0.107500 0.098100 0.091700 0.079300 0.101000 0.098500 0.097800 0.126000 0.070300 0.139200 0.085600 0.070100 0.082200 0.076200 0.091500 0.106600 0.116700 0.097600 0.110900 0.122700 0.107400 0.082100 0.098200 0.110100 0.101100 0.108200 0.083000 0.100800 0.094800
TibetanAnt 0.025600 0.217900 0.064000 0.153900 0.034400 0.028500 0.049100 0.067100 0.060900 0.100900 0.028600 0.069100 0.064100 0.034400 0.046000 0.064100 0.073700 0.085800 0.000000 0.060900 0.067100 0.028500 0.089100 0.095200 0.034400 0.052100 0.046100 0.057900 0.051700 0.054900 0.107300 0.031500 0.136400 0.046200 0.033800 0.054900 0.025700 0.069900 0.054600 0.097600 0.082500 0.067200 0.097600 0.095300 0.054800 0.067300 0.072800 0.070100 0.073700 0.058700 0.063900 0.064100
Sitatunga 0.057600 0.223500 0.014000 0.194100 0.054800 0.060600 0.054700 0.069700 0.005600 0.106300 0.060700 0.072100 0.066700 0.037100 0.054600 0.072800 0.079000 0.097500 0.060900 0.000000 0.081900 0.054600 0.100800 0.103700 0.066700 0.054600 0.054700 0.008400 0.066900 0.011200 0.112800 0.045900 0.135300 0.054800 0.045800 0.066600 0.045800 0.081600 0.066100 0.087700 0.088100 0.066700 0.103100 0.097700 0.066600 0.079000 0.075200 0.078700 0.076200 0.073400 0.008400 0.019700
Oribi 0.075900 0.213300 0.085000 0.187500 0.054900 0.079000 0.069900 0.069700 0.081900 0.112800 0.079100 0.093700 0.079100 0.055000 0.066700 0.066800 0.094900 0.088400 0.067100 0.081900 0.000000 0.072900 0.110500 0.113600 0.079100 0.043000 0.066800 0.085000 0.054700 0.069700 0.112900 0.057900 0.152300 0.067000 0.057800 0.076000 0.063800 0.072700 0.087500 0.122700 0.103800 0.060900 0.109500 0.100900 0.075900 0.085400 0.094000 0.091400 0.092000 0.089000 0.084900 0.079000
BarbaryShe 0.019800 0.199500 0.063700 0.169800 0.040100 0.022600 0.043000 0.066800 0.054700 0.097300 0.011300 0.060200 0.063800 0.028400 0.045800 0.057900 0.064200 0.082300 0.028500 0.054600 0.072900 0.000000 0.088600 0.094800 0.016900 0.045900 0.045900 0.057700 0.051800 0.054700 0.103600 0.037200 0.126200 0.045700 0.025500 0.054700 0.014100 0.075700 0.054400 0.094100 0.082200 0.063900 0.094100 0.091700 0.054700 0.063700 0.072500 0.057800 0.067200 0.061400 0.057600 0.057800
Daviddeer 0.085700 0.195900 0.104200 0.169400 0.082700 0.095000 0.092000 0.104100 0.100900 0.054700 0.088800 0.103500 0.120600 0.082700 0.094700 0.114300 0.085900 0.104200 0.089100 0.100800 0.110500 0.088600 0.000000 0.046100 0.095200 0.088800 0.101200 0.100900 0.114400 0.094600 0.060700 0.088800 0.142800 0.101300 0.079400 0.098100 0.085600 0.107300 0.097300 0.057700 0.016900 0.094900 0.057500 0.048900 0.098100 0.110800 0.126300 0.114000 0.098700 0.102200 0.103900 0.098000
Reindeer 0.094900 0.199200 0.107200 0.177000 0.085700 0.104300 0.088800 0.107200 0.104000 0.063600 0.104500 0.106600 0.123800 0.085800 0.097800 0.107800 0.082700 0.107500 0.095200 0.103700 0.113600 0.094800 0.046100 0.000000 0.110900 0.082500 0.104400 0.104000 0.108100 0.097800 0.063200 0.091900 0.142700 0.104600 0.088700 0.094700 0.088700 0.104100 0.106600 0.054600 0.040000 0.091900 0.066500 0.022700 0.094600 0.107800 0.126000 0.107600 0.105000 0.095600 0.107100 0.101100
Ibex 0.025600 0.217700 0.069900 0.177400 0.052000 0.028500 0.061000 0.079100 0.066800 0.110200 0.017000 0.072300 0.076100 0.040100 0.057700 0.070100 0.079700 0.098100 0.034400 0.066700 0.079100 0.016900 0.095200 0.110900 0.000000 0.057900 0.057900 0.069800 0.064000 0.066800 0.116700 0.049100 0.142900 0.057800 0.037200 0.060800 0.019800 0.088100 0.060400 0.106900 0.094800 0.076200 0.106800 0.104600 0.060800 0.076000 0.084900 0.076000 0.079600 0.076900 0.069700 0.069900
GyrantGaze 0.048900 0.199800 0.057700 0.181100 0.040100 0.051800 0.048900 0.054800 0.054700 0.085100 0.051900 0.066200 0.057900 0.028500 0.045800 0.034200 0.073400 0.091700 0.052100 0.054600 0.043000 0.045900 0.088800 0.082500 0.057900 0.000000 0.045900 0.057700 0.028500 0.048800 0.085100 0.037200 0.129600 0.046000 0.037100 0.060800 0.037100 0.069600 0.060300 0.085000 0.076200 0.022700 0.081900 0.070200 0.060700 0.058000 0.072500 0.063800 0.064200 0.073800 0.057600 0.051800
Hartebeest 0.048800 0.206200 0.069700 0.184300 0.040100 0.051800 0.048900 0.060800 0.060700 0.103700 0.051900 0.060200 0.022600 0.034300 0.034100 0.063900 0.067300 0.079300 0.046100 0.054700 0.066800 0.045900 0.101200 0.104400 0.057900 0.045900 0.000000 0.063700 0.052100 0.060700 0.110100 0.037200 0.132900 0.011300 0.025500 0.054700 0.037100 0.075700 0.066300 0.100400 0.088400 0.063900 0.100400 0.098100 0.054700 0.064000 0.069500 0.063800 0.073300 0.067600 0.063600 0.063800
Bongo 0.060700 0.224200 0.016900 0.194900 0.057800 0.063700 0.057800 0.072800 0.002800 0.106500 0.063800 0.075200 0.075800 0.040100 0.063500 0.075900 0.082500 0.101000 0.057900 0.008400 0.085000 0.057700 0.100900 0.104000 0.069800 0.057700 0.063700 0.000000 0.070100 0.013700 0.112900 0.043000 0.139200 0.063800 0.048800 0.069700 0.048800 0.084800 0.069200 0.087800 0.088200 0.069800 0.103200 0.097800 0.069700 0.082100 0.078300 0.081900 0.079400 0.082900 0.005600 0.016900
Gerenuk 0.055100 0.225400 0.070100 0.188700 0.045700 0.058000 0.055100 0.064200 0.067000 0.110600 0.057800 0.078700 0.064200 0.034300 0.057900 0.022700 0.086200 0.098500 0.051700 0.066900 0.054700 0.051800 0.114400 0.108100 0.064000 0.028500 0.052100 0.070100 0.000000 0.066700 0.110700 0.037200 0.140100 0.052200 0.042700 0.067100 0.043200 0.075700 0.060600 0.110500 0.101500 0.040300 0.107300 0.095400 0.067000 0.076500 0.079000 0.076300 0.083000 0.080000 0.063900 0.070200
CommonElan 0.057700 0.217100 0.019700 0.184100 0.048900 0.060700 0.054800 0.063700 0.011200 0.100200 0.060800 0.072100 0.072800 0.037200 0.054600 0.072800 0.079400 0.097800 0.054900 0.011200 0.069700 0.054700 0.094600 0.097800 0.066800 0.048800 0.060700 0.013700 0.066700 0.000000 0.106600 0.045900 0.135900 0.060800 0.045900 0.066700 0.045900 0.075600 0.066200 0.081700 0.082000 0.060700 0.097000 0.091600 0.066700 0.072900 0.075300 0.072700 0.070200 0.073600 0.014000 0.014100
MuntiacusR 0.100700 0.181000 0.116100 0.196900 0.085200 0.110100 0.107100 0.106700 0.112900 0.011200 0.110200 0.106100 0.123100 0.091500 0.103500 0.116700 0.100600 0.126000 0.107300 0.112800 0.112900 0.103600 0.060700 0.063200 0.116700 0.085100 0.110100 0.112900 0.110700 0.106600 0.000000 0.097700 0.134700 0.110400 0.094400 0.113300 0.094400 0.109700 0.112300 0.066400 0.048700 0.091500 0.008300 0.051700 0.113300 0.110500 0.138500 0.116600 0.110700 0.114100 0.115900 0.110000
HarveysDui 0.040100 0.200000 0.048900 0.163800 0.031400 0.043000 0.028500 0.052000 0.045900 0.091300 0.043100 0.051500 0.043100 0.008400 0.037100 0.043000 0.058400 0.070300 0.031500 0.045900 0.057900 0.037200 0.088800 0.091900 0.049100 0.037200 0.037200 0.043000 0.037200 0.045900 0.097700 0.000000 0.126500 0.037300 0.025200 0.045900 0.028500 0.066800 0.051500 0.088100 0.076200 0.055000 0.088100 0.085700 0.045900 0.055100 0.057600 0.054900 0.061300 0.058600 0.048800 0.043100
Pronghorn 0.132600 0.239300 0.142400 0.234300 0.120000 0.135900 0.116700 0.142800 0.135800 0.131800 0.136200 0.118500 0.153000 0.116900 0.132400 0.146300 0.103700 0.139200 0.136400 0.135300 0.152300 0.126200 0.142800 0.142700 0.142900 0.129600 0.132900 0.139200 0.140100 0.135900 0.134700 0.126500 0.000000 0.136500 0.119800 0.119400 0.119800 0.135800 0.138100 0.152400 0.129400 0.146200 0.128400 0.139700 0.119300 0.153000 0.154900 0.142700 0.146800 0.140100 0.139000 0.139300
BlueWildeb 0.048900 0.206200 0.069900 0.184700 0.040200 0.051900 0.049000 0.061000 0.060800 0.104000 0.051700 0.066400 0.028500 0.034400 0.040000 0.064100 0.073500 0.085600 0.046200 0.054800 0.067000 0.045700 0.101300 0.104600 0.057800 0.046000 0.011300 0.063800 0.052200 0.060800 0.110400 0.037300 0.136500 0.000000 0.024900 0.054800 0.037200 0.075800 0.066400 0.100600 0.088600 0.064100 0.100700 0.098300 0.054800 0.070200 0.069700 0.069900 0.073500 0.067800 0.063700 0.063900
Gemsbok 0.034200 0.191600 0.057500 0.166100 0.025600 0.037100 0.034300 0.051900 0.045900 0.088100 0.031300 0.051400 0.042900 0.019800 0.033800 0.054900 0.058200 0.070100 0.033800 0.045800 0.057800 0.025500 0.079400 0.088700 0.037200 0.037100 0.025500 0.048800 0.042700 0.045900 0.094400 0.025200 0.119800 0.024900 0.000000 0.039900 0.022700 0.054700 0.051400 0.084900 0.073100 0.054900 0.084900 0.082500 0.039900 0.055000 0.057500 0.057500 0.058200 0.058500 0.048800 0.051600
Yak 0.057700 0.203100 0.075800 0.173500 0.048900 0.060700 0.043100 0.075900 0.066700 0.106900 0.060800 0.045500 0.072800 0.043000 0.054600 0.079100 0.070000 0.082200 0.054900 0.066600 0.076000 0.054700 0.098100 0.094700 0.060800 0.060800 0.054700 0.069700 0.067100 0.066700 0.113300 0.045900 0.119400 0.054800 0.039900 0.000000 0.045900 0.066700 0.069400 0.097400 0.085400 0.079100 0.103600 0.088800 0.000000 0.079200 0.078600 0.072700 0.073300 0.076600 0.069600 0.069800
BlueSheep 0.016900 0.199800 0.054800 0.163700 0.031400 0.019800 0.040100 0.057900 0.045900 0.088100 0.019800 0.051400 0.054900 0.019800 0.037000 0.049000 0.058200 0.076200 0.025700 0.045800 0.063800 0.014100 0.085600 0.088700 0.019800 0.037100 0.037100 0.048800 0.043200 0.045900 0.094400 0.028500 0.119800 0.037200 0.022700 0.045900 0.000000 0.066600 0.045600 0.084900 0.073100 0.054900 0.084900 0.082500 0.045800 0.055000 0.063500 0.054800 0.058200 0.058500 0.048800 0.048900
BohorReedb 0.078700 0.199500 0.078700 0.162900 0.034100 0.075600 0.066700 0.097300 0.081700 0.109700 0.081900 0.084200 0.094200 0.063800 0.075500 0.081800 0.085600 0.091500 0.069900 0.081600 0.072700 0.075700 0.107300 0.104100 0.088100 0.069600 0.075700 0.084800 0.075700 0.075600 0.109700 0.066800 0.135800 0.075800 0.054700 0.066700 0.066600 0.000000 0.090400 0.100200 0.094400 0.081900 0.106400 0.091500 0.066700 0.094400 0.099900 0.094100 0.091600 0.085900 0.084700 0.084900
KirksDik 0.051400 0.219400 0.069200 0.172700 0.060400 0.054400 0.054500 0.066300 0.066200 0.105900 0.054500 0.068800 0.078400 0.042700 0.066100 0.066400 0.082000 0.106600 0.054600 0.066100 0.087500 0.054400 0.097300 0.106600 0.060400 0.060300 0.066300 0.069200 0.060600 0.066200 0.112300 0.051500 0.138100 0.066400 0.051400 0.069400 0.045600 0.090400 0.000000 0.099600 0.090800 0.078400 0.102700 0.100400 0.069300 0.084600 0.075000 0.084400 0.078900 0.082300 0.063100 0.069200
RoeDeer 0.091100 0.209100 0.097100 0.183600 0.082000 0.100400 0.091200 0.103600 0.087800 0.066300 0.100500 0.102700 0.119500 0.082000 0.093900 0.116500 0.091800 0.116700 0.097600 0.087700 0.122700 0.094100 0.057700 0.054600 0.106900 0.085000 0.100400 0.087800 0.110500 0.081700 0.066400 0.088100 0.152400 0.100600 0.084900 0.097400 0.084900 0.100200 0.099600 0.000000 0.045700 0.097500 0.063200 0.045600 0.097300 0.113400 0.125200 0.113100 0.104100 0.111300 0.090800 0.084800
WhiteLippe 0.079200 0.188500 0.097600 0.162400 0.070200 0.088400 0.079300 0.091300 0.088100 0.042700 0.088500 0.090800 0.107400 0.070200 0.082000 0.107500 0.073400 0.097600 0.082500 0.088100 0.103800 0.082200 0.016900 0.040000 0.094800 0.076200 0.088400 0.088200 0.101500 0.082000 0.048700 0.076200 0.129400 0.088600 0.073100 0.085400 0.073100 0.094400 0.090800 0.045700 0.000000 0.082200 0.045600 0.037000 0.085300 0.097800 0.113100 0.101000 0.085800 0.089200 0.091100 0.085200
ThomsonGaz 0.066900 0.228800 0.063800 0.188000 0.052000 0.063900 0.067000 0.073100 0.066700 0.091500 0.070000 0.084600 0.076200 0.046100 0.063700 0.046000 0.095000 0.110900 0.067200 0.066700 0.060900 0.063900 0.094900 0.091900 0.076200 0.022700 0.063900 0.069800 0.040300 0.060700 0.091500 0.055000 0.146200 0.064100 0.054900 0.079100 0.054900 0.081900 0.078400 0.097500 0.082200 0.000000 0.088200 0.082600 0.079000 0.073000 0.091100 0.070000 0.070400 0.077000 0.069700 0.063900
MuntiacusC 0.097200 0.184600 0.112700 0.186300 0.075800 0.100300 0.097400 0.097100 0.103200 0.008200 0.100500 0.096500 0.113200 0.082000 0.093900 0.113300 0.097600 0.122700 0.097600 0.103100 0.109500 0.094100 0.057500 0.066500 0.106800 0.081900 0.100400 0.103200 0.107300 0.097000 0.008300 0.088100 0.128400 0.100700 0.084900 0.103600 0.084900 0.106400 0.102700 0.063200 0.045600 0.088200 0.000000 0.054600 0.103500 0.107100 0.128500 0.106800 0.104100 0.110800 0.106200 0.100200
WhiteTaile 0.088700 0.196000 0.101000 0.177400 0.073400 0.098000 0.085700 0.101000 0.097800 0.051700 0.098200 0.100400 0.117400 0.079600 0.091600 0.101400 0.082800 0.107400 0.095300 0.097700 0.100900 0.091700 0.048900 0.022700 0.104600 0.070200 0.098100 0.097800 0.095400 0.091600 0.051700 0.085700 0.139700 0.098300 0.082500 0.088800 0.082500 0.091500 0.100400 0.045600 0.037000 0.082600 0.054600 0.000000 0.088700 0.104700 0.123100 0.104500 0.098700 0.102200 0.100800 0.094800
Cattle 0.057600 0.202900 0.075800 0.173400 0.048800 0.060600 0.043000 0.075800 0.066600 0.106800 0.060800 0.045400 0.072800 0.043000 0.054500 0.079000 0.069900 0.082100 0.054800 0.066600 0.075900 0.054700 0.098100 0.094600 0.060800 0.060700 0.054700 0.069700 0.067000 0.066700 0.113300 0.045900 0.119300 0.054800 0.039900 0.000000 0.045800 0.066700 0.069300 0.097300 0.085300 0.079000 0.103500 0.088700 0.000000 0.079100 0.078500 0.072700 0.073200 0.076500 0.069600 0.069800
RoyalAntel 0.063900 0.196800 0.076000 0.195400 0.064100 0.070000 0.067100 0.085400 0.079000 0.110500 0.070100 0.072500 0.070100 0.045900 0.063800 0.082400 0.073600 0.098200 0.067300 0.079000 0.085400 0.063700 0.110800 0.107800 0.076000 0.058000 0.064000 0.082100 0.076500 0.072900 0.110500 0.055100 0.153000 0.070200 0.055000 0.079200 0.055000 0.094400 0.084600 0.113400 0.097800 0.073000 0.107100 0.104700 0.079100 0.000000 0.091200 0.064100 0.085900 0.077000 0.082000 0.070000
Steenbok 0.075500 0.242000 0.084400 0.212300 0.066600 0.072500 0.066600 0.087900 0.075300 0.131900 0.078700 0.081000 0.078700 0.054700 0.063400 0.091100 0.088500 0.110100 0.072800 0.075200 0.094000 0.072500 0.126300 0.126000 0.084900 0.072500 0.069500 0.078300 0.079000 0.075300 0.138500 0.057600 0.154900 0.069700 0.057500 0.078600 0.063500 0.099900 0.075000 0.125200 0.113100 0.091100 0.128500 0.123100 0.078500 0.091200 0.000000 0.094000 0.082300 0.091900 0.078200 0.078400
Impala 0.066800 0.207200 0.075800 0.187900 0.057900 0.063700 0.057900 0.085200 0.078800 0.110200 0.069900 0.066300 0.082200 0.046000 0.057600 0.082200 0.076400 0.101100 0.070100 0.078700 0.091400 0.057800 0.114000 0.107600 0.076000 0.063800 0.063800 0.081900 0.076300 0.072700 0.116600 0.054900 0.142700 0.069900 0.057500 0.072700 0.054800 0.094100 0.084400 0.113100 0.101000 0.070000 0.106800 0.104500 0.072700 0.064100 0.094000 0.000000 0.076400 0.076800 0.081800 0.069800
Klipspring 0.070300 0.229800 0.079400 0.196500 0.061300 0.067200 0.061200 0.085800 0.076300 0.107400 0.073400 0.081900 0.088900 0.052300 0.067100 0.082700 0.089400 0.108200 0.073700 0.076200 0.092000 0.067200 0.098700 0.105000 0.079600 0.064200 0.073300 0.079400 0.083000 0.070200 0.110700 0.061300 0.146800 0.073500 0.058200 0.073300 0.058200 0.091600 0.078900 0.104100 0.085800 0.070400 0.104100 0.098700 0.073200 0.085900 0.082300 0.076400 0.000000 0.083600 0.079200 0.073300
ForestMusk 0.061500 0.215300 0.076700 0.164900 0.055600 0.058400 0.061600 0.089000 0.079800 0.107900 0.070700 0.076200 0.080000 0.049600 0.067500 0.080000 0.064800 0.083000 0.058700 0.073400 0.089000 0.061400 0.102200 0.095600 0.076900 0.073800 0.067600 0.082900 0.080000 0.073600 0.114100 0.058600 0.140100 0.067800 0.058500 0.076600 0.058500 0.085900 0.082300 0.111300 0.089200 0.077000 0.110800 0.102200 0.076500 0.077000 0.091900 0.076800 0.083600 0.000000 0.076600 0.076800
Bushbuck 0.060600 0.227600 0.016900 0.198200 0.057700 0.063600 0.057700 0.072700 0.002800 0.109500 0.063700 0.075100 0.075700 0.040000 0.063500 0.069700 0.082400 0.100800 0.063900 0.008400 0.084900 0.057600 0.103900 0.107100 0.069700 0.057600 0.063600 0.005600 0.063900 0.014000 0.115900 0.048800 0.139000 0.063700 0.048800 0.069600 0.048800 0.084700 0.063100 0.090800 0.091100 0.069700 0.106200 0.100800 0.069600 0.082000 0.078200 0.081800 0.079200 0.076600 0.000000 0.016900
GreaterKud 0.060700 0.220900 0.022600 0.180900 0.057900 0.063700 0.051900 0.066800 0.014100 0.103500 0.063900 0.069200 0.069900 0.034300 0.057600 0.076000 0.076500 0.094800 0.064100 0.019700 0.079000 0.057800 0.098000 0.101100 0.069900 0.051800 0.063800 0.016900 0.070200 0.014100 0.110000 0.043100 0.139300 0.063900 0.051600 0.069800 0.048900 0.084900 0.069200 0.084800 0.085200 0.063900 0.100200 0.094800 0.069800 0.070000 0.078400 0.069800 0.073300 0.076800 0.016900 0.000000
