1
52 1
Argali 0.000000 0.176700 0.022900 0.117100 0.092500 0.022900 0.022900 0.022800 0.022400 0.173800 0.022900 0.046100 0.022500 0.045800 0.070900 0.046100 0.022800 0.022900 0.022900 0.023000 0.047300 0.047100 0.119100 0.092300 0.022500 0.045600 0.022900 0.022900 0.022500 0.022300 0.147300 0.022400 0.046000 0.022500 0.022500 0.022900 0.022400 0.094400 0.022500 0.092500 0.119100 0.022900 0.173800 0.092300 0.022400 0.022900 0.022900 0.022900 0.045800 0.070000 0.022400 0.022500
LesserMous 0.176700 0.000000 0.150400 0.200900 0.228800 0.150400 0.150400 0.149300 0.150400 0.327100 0.150400 0.123000 0.150400 0.175700 0.210700 0.179000 0.150400 0.150400 0.150400 0.149900 0.183100 0.180900 0.262300 0.227100 0.150400 0.175100 0.150400 0.150400 0.150400 0.150400 0.297400 0.150400 0.176600 0.150400 0.150400 0.150400 0.150400 0.235000 0.150400 0.228300 0.262300 0.150400 0.327100 0.227100 0.150400 0.150400 0.150400 0.150400 0.175500 0.205200 0.150400 0.150400
LesserKudu 0.022900 0.150400 0.000000 0.093200 0.068900 0.000000 0.000000 0.000100 0.000000 0.148200 0.000000 0.022700 0.000000 0.022800 0.047000 0.022900 0.000000 0.000000 0.000000 0.000100 0.023700 0.023500 0.094800 0.068900 0.000000 0.022400 0.000000 0.000000 0.000000 0.000000 0.122100 0.000000 0.022800 0.000000 0.000000 0.000000 0.000000 0.070500 0.000000 0.069000 0.094800 0.000000 0.148200 0.068900 0.000000 0.000000 0.000000 0.000000 0.022400 0.046400 0.000000 0.000000
KillerWhal 0.117100 0.200900 0.093200 0.000000 0.164800 0.093200 0.093200 0.092800 0.093200 0.253000 0.093200 0.067300 0.093200 0.116500 0.144300 0.118400 0.093200 0.093200 0.093200 0.093600 0.121000 0.070200 0.193900 0.164600 0.093200 0.068200 0.093200 0.093200 0.093200 0.093200 0.225100 0.093200 0.117000 0.092800 0.093200 0.093200 0.093200 0.168700 0.093200 0.164700 0.193900 0.092800 0.253000 0.164600 0.093200 0.093500 0.093200 0.093200 0.116400 0.093000 0.093200 0.093200
DefassaWat 0.092500 0.228800 0.068900 0.164800 0.000000 0.068900 0.068900 0.068500 0.068900 0.170500 0.068900 0.092400 0.067800 0.092000 0.118400 0.094000 0.068900 0.068900 0.068900 0.069200 0.094700 0.094200 0.116900 0.090900 0.068900 0.091700 0.068900 0.068900 0.068900 0.068900 0.144500 0.068900 0.091700 0.068900 0.068900 0.069100 0.068900 0.044000 0.068900 0.091000 0.116900 0.068900 0.170500 0.090900 0.068900 0.068900 0.068900 0.068900 0.091900 0.117400 0.068900 0.068900
Sheep 0.022900 0.150400 0.000000 0.093200 0.068900 0.000000 0.000000 0.000100 0.000000 0.148200 0.000000 0.023000 0.000000 0.022500 0.047000 0.023200 0.000000 0.000000 0.000000 0.000100 0.023700 0.023500 0.094800 0.068900 0.000000 0.022700 0.000000 0.000000 0.000000 0.000000 0.122100 0.000000 0.022600 0.000000 0.000000 0.000000 0.000000 0.070500 0.000000 0.069000 0.094800 0.000000 0.148200 0.068900 0.000000 0.000000 0.000000 0.000000 0.022800 0.046400 0.000000 0.000000
MaxwellsDu 0.022900 0.150400 0.000000 0.093200 0.068900 0.000000 0.000000 0.000100 0.000000 0.148200 0.000000 0.023000 0.000000 0.022800 0.047000 0.023200 0.000000 0.000000 0.000000 0.000100 0.023700 0.023500 0.094800 0.068900 0.000000 0.022700 0.000000 0.000000 0.000000 0.000000 0.122100 0.000000 0.022900 0.000000 0.000000 0.000000 0.000000 0.070500 0.000000 0.068800 0.093700 0.000000 0.148200 0.068900 0.000000 0.000000 0.000000 0.000000 0.022800 0.046400 0.000000 0.000000
GazellaPrz 0.022800 0.149300 0.000100 0.092800 0.068500 0.000100 0.000100 0.000000 0.000100 0.147000 0.000100 0.022800 0.000100 0.022700 0.046800 0.023100 0.000100 0.000100 0.000100 0.000100 0.023600 0.023400 0.094400 0.068300 0.000100 0.022600 0.000100 0.000100 0.000100 0.000100 0.121200 0.000100 0.022800 0.000100 0.000100 0.000100 0.000100 0.070200 0.000100 0.068700 0.094400 0.000100 0.147000 0.068300 0.000100 0.000100 0.000100 0.000100 0.022700 0.046200 0.000100 0.000100
MountainNy 0.022400 0.150400 0.000000 0.093200 0.068900 0.000000 0.000000 0.000100 0.000000 0.148200 0.000000 0.022600 0.000000 0.022800 0.047000 0.023200 0.000000 0.000000 0.000000 0.000100 0.023300 0.023500 0.094800 0.068900 0.000000 0.022700 0.000000 0.000000 0.000000 0.000000 0.122100 0.000000 0.022600 0.000000 0.000000 0.000000 0.000000 0.070500 0.000000 0.069000 0.094800 0.000000 0.148200 0.068900 0.000000 0.000000 0.000000 0.000000 0.022400 0.046400 0.000000 0.000000
MuntiacusM 0.173800 0.327100 0.148200 0.253000 0.170500 0.148200 0.148200 0.147000 0.148200 0.000000 0.148200 0.174000 0.148200 0.172800 0.207200 0.176000 0.148200 0.148200 0.148200 0.147500 0.179900 0.177900 0.046200 0.068800 0.148200 0.172100 0.148200 0.148200 0.148200 0.148200 0.023100 0.148200 0.173700 0.148200 0.148200 0.148200 0.148200 0.230200 0.148200 0.069200 0.046200 0.148200 0.000000 0.068800 0.148200 0.148200 0.148200 0.148200 0.172600 0.174200 0.148200 0.148200
goat 0.022900 0.150400 0.000000 0.093200 0.068900 0.000000 0.000000 0.000100 0.000000 0.148200 0.000000 0.023000 0.000000 0.022200 0.047000 0.023000 0.000000 0.000000 0.000000 0.000100 0.023700 0.023500 0.094800 0.068900 0.000000 0.022700 0.000000 0.000000 0.000000 0.000000 0.122100 0.000000 0.022900 0.000000 0.000000 0.000000 0.000000 0.070500 0.000000 0.068200 0.094800 0.000000 0.148200 0.068900 0.000000 0.000000 0.000000 0.000000 0.022400 0.046400 0.000000 0.000000
AfricanBuf 0.046100 0.123000 0.022700 0.067300 0.092400 0.023000 0.023000 0.022800 0.022600 0.174000 0.023000 0.000000 0.023000 0.045100 0.071000 0.046100 0.023000 0.023000 0.023000 0.023000 0.047600 0.047200 0.119300 0.092500 0.023000 0.045200 0.023000 0.023000 0.022700 0.023000 0.147500 0.023000 0.046100 0.023000 0.023000 0.022700 0.022600 0.094600 0.022600 0.092700 0.119300 0.023000 0.174000 0.092500 0.023000 0.023000 0.022600 0.023000 0.045800 0.070100 0.022800 0.022600
Topi 0.022500 0.150400 0.000000 0.093200 0.067800 0.000000 0.000000 0.000100 0.000000 0.148200 0.000000 0.023000 0.000000 0.022800 0.047000 0.023200 0.000000 0.000000 0.000000 0.000100 0.023700 0.023200 0.094800 0.068900 0.000000 0.022400 0.000000 0.000000 0.000000 0.000000 0.122100 0.000000 0.022900 0.000000 0.000000 0.000000 0.000000 0.070500 0.000000 0.069000 0.094800 0.000000 0.148200 0.068900 0.000000 0.000000 0.000000 0.000000 0.022800 0.046400 0.000000 0.000000
CommonDuik 0.045800 0.175700 0.022800 0.116500 0.092000 0.022500 0.022800 0.022700 0.022800 0.172800 0.022200 0.045100 0.022800 0.000000 0.070400 0.046300 0.022800 0.022800 0.022800 0.022900 0.047100 0.046800 0.118300 0.091900 0.022800 0.045400 0.022800 0.022800 0.022500 0.022500 0.146400 0.022800 0.045800 0.022800 0.022800 0.022700 0.022800 0.094100 0.022800 0.092000 0.118300 0.022500 0.172800 0.091900 0.022500 0.022400 0.022800 0.022500 0.045500 0.069600 0.022800 0.022400
Suni 0.070900 0.210700 0.047000 0.144300 0.118400 0.047000 0.047000 0.046800 0.047000 0.207200 0.047000 0.071000 0.047000 0.070400 0.000000 0.072000 0.047100 0.046200 0.047000 0.042100 0.073300 0.072600 0.147200 0.119300 0.047000 0.070200 0.047000 0.046100 0.047000 0.047000 0.177200 0.047000 0.070900 0.047000 0.047000 0.047000 0.047000 0.120700 0.047000 0.118800 0.147200 0.047000 0.207200 0.119300 0.047000 0.047000 0.047000 0.047000 0.070400 0.095700 0.047000 0.047000
Springbuck 0.046100 0.179000 0.022900 0.118400 0.094000 0.023200 0.023200 0.023100 0.023200 0.176000 0.023000 0.046100 0.023200 0.046300 0.072000 0.000000 0.023000 0.023200 0.023200 0.023300 0.048200 0.047700 0.120500 0.093300 0.023200 0.046200 0.023200 0.023200 0.023200 0.022900 0.149100 0.023000 0.046300 0.023200 0.022900 0.023200 0.023200 0.095600 0.023200 0.093500 0.120400 0.023000 0.176000 0.093300 0.023200 0.023200 0.023200 0.023000 0.046300 0.070700 0.023200 0.023200
Okapi 0.022800 0.150400 0.000000 0.093200 0.068900 0.000000 0.000000 0.000100 0.000000 0.148200 0.000000 0.023000 0.000000 0.022800 0.047100 0.023000 0.000000 0.000000 0.000000 0.000100 0.023700 0.023500 0.094800 0.068900 0.000000 0.022700 0.000000 0.000000 0.000000 0.000000 0.122100 0.000000 0.022900 0.000000 0.000000 0.000000 0.000000 0.070500 0.000000 0.069000 0.094800 0.000000 0.148200 0.068900 0.000000 0.000000 0.000000 0.000000 0.022800 0.046400 0.000000 0.000000
Giraffe 0.022900 0.150400 0.000000 0.093200 0.068900 0.000000 0.000000 0.000100 0.000000 0.148200 0.000000 0.023000 0.000000 0.022800 0.046200 0.023200 0.000000 0.000000 0.000000 0.000100 0.023700 0.023500 0.094800 0.068900 0.000000 0.022700 0.000000 0.000000 0.000000 0.000000 0.122100 0.000000 0.022600 0.000000 0.000000 0.000000 0.000000 0.070500 0.000000 0.069000 0.094800 0.000000 0.148200 0.068900 0.000000 0.000000 0.000000 0.000000 0.022300 0.046400 0.000000 0.000000
TibetanAnt 0.022900 0.150400 0.000000 0.093200 0.068900 0.000000 0.000000 0.000100 0.000000 0.148200 0.000000 0.023000 0.000000 0.022800 0.047000 0.023200 0.000000 0.000000 0.000000 0.000100 0.023700 0.023600 0.094800 0.068900 0.000000 0.022700 0.000000 0.000000 0.000000 0.000000 0.122100 0.000000 0.022600 0.000000 0.000000 0.000000 0.000000 0.070500 0.000000 0.068400 0.094800 0.000000 0.148200 0.068900 0.000000 0.000000 0.000000 0.000000 0.022800 0.046400 0.000000 0.000000
Sitatunga 0.023000 0.149900 0.000100 0.093600 0.069200 0.000100 0.000100 0.000100 0.000100 0.147500 0.000100 0.023000 0.000100 0.022900 0.042100 0.023300 0.000100 0.000100 0.000100 0.000000 0.023800 0.023500 0.095200 0.068900 0.000100 0.022800 0.000100 0.000100 0.000100 0.000100 0.122000 0.000100 0.023000 0.000100 0.000100 0.000100 0.000100 0.070800 0.000100 0.069300 0.095200 0.000100 0.147500 0.068900 0.000100 0.000100 0.000100 0.000100 0.022900 0.046600 0.000100 0.000100
Oribi 0.047300 0.183100 0.023700 0.121000 0.094700 0.023700 0.023700 0.023600 0.023300 0.179900 0.023700 0.047600 0.023700 0.047100 0.073300 0.048200 0.023700 0.023700 0.023700 0.023800 0.000000 0.048700 0.123000 0.095200 0.023400 0.046100 0.023200 0.023000 0.023700 0.023700 0.152400 0.023700 0.047600 0.023300 0.023000 0.023300 0.023000 0.097600 0.023700 0.095400 0.123000 0.023000 0.179900 0.095200 0.023700 0.023300 0.023700 0.023700 0.047300 0.072300 0.023700 0.023700
BarbaryShe 0.047100 0.180900 0.023500 0.070200 0.094200 0.023500 0.023500 0.023400 0.023500 0.177900 0.023500 0.047200 0.023200 0.046800 0.072600 0.047700 0.023500 0.023500 0.023600 0.023500 0.048700 0.000000 0.121900 0.094300 0.023500 0.046600 0.023500 0.023200 0.023500 0.023500 0.150800 0.023500 0.047100 0.023500 0.023500 0.023500 0.023500 0.096600 0.023500 0.094400 0.121900 0.023500 0.177900 0.094300 0.023500 0.023500 0.023100 0.023500 0.046800 0.071500 0.023200 0.023500
Daviddeer 0.119100 0.262300 0.094800 0.193900 0.116900 0.094800 0.094800 0.094400 0.094800 0.046200 0.094800 0.119300 0.094800 0.118300 0.147200 0.120500 0.094800 0.094800 0.094800 0.095200 0.123000 0.121900 0.000000 0.022100 0.094800 0.118500 0.094800 0.094800 0.094800 0.094800 0.022800 0.094800 0.119000 0.094800 0.094800 0.094800 0.094800 0.171400 0.094800 0.022200 0.000000 0.094800 0.046200 0.022100 0.094800 0.094200 0.095300 0.094800 0.118200 0.119300 0.094800 0.094800
Reindeer 0.092300 0.227100 0.068900 0.164600 0.090900 0.068900 0.068900 0.068300 0.068900 0.068800 0.068900 0.092500 0.068900 0.091900 0.119300 0.093300 0.068900 0.068900 0.068900 0.068900 0.095200 0.094300 0.022100 0.000000 0.068900 0.091600 0.068900 0.068900 0.068900 0.068900 0.045200 0.068900 0.092200 0.068900 0.068900 0.068900 0.068900 0.142500 0.068900 0.000100 0.022100 0.068900 0.068800 0.000000 0.068900 0.068900 0.068900 0.068900 0.091800 0.092700 0.068900 0.068900
Ibex 0.022500 0.150400 0.000000 0.093200 0.068900 0.000000 0.000000 0.000100 0.000000 0.148200 0.000000 0.023000 0.000000 0.022800 0.047000 0.023200 0.000000 0.000000 0.000000 0.000100 0.023400 0.023500 0.094800 0.068900 0.000000 0.022700 0.000000 0.000000 0.000000 0.000000 0.122100 0.000000 0.022600 0.000000 0.000000 0.000000 0.000000 0.070500 0.000000 0.069000 0.094800 0.000000 0.148200 0.068900 0.000000 0.000000 0.000000 0.000000 0.022800 0.046400 0.000000 0.000000
GyrantGaze 0.045600 0.175100 0.022400 0.068200 0.091700 0.022700 0.022700 0.022600 0.022700 0.172100 0.022700 0.045200 0.022400 0.045400 0.070200 0.046200 0.022700 0.022700 0.022700 0.022800 0.046100 0.046600 0.118500 0.091600 0.022700 0.000000 0.022400 0.022400 0.022700 0.022500 0.145900 0.022600 0.045600 0.022700 0.022700 0.022700 0.022700 0.093700 0.022700 0.091700 0.117900 0.022700 0.172100 0.091600 0.022400 0.022800 0.022700 0.022500 0.044900 0.022600 0.022500 0.022500
Hartebeest 0.022900 0.150400 0.000000 0.093200 0.068900 0.000000 0.000000 0.000100 0.000000 0.148200 0.000000 0.023000 0.000000 0.022800 0.047000 0.023200 0.000000 0.000000 0.000000 0.000100 0.023200 0.023500 0.094800 0.068900 0.000000 0.022400 0.000000 0.000000 0.000000 0.000000 0.122100 0.000000 0.022900 0.000000 0.000000 0.000000 0.000000 0.070500 0.000000 0.069000 0.094800 0.000000 0.148200 0.068900 0.000000 0.000000 0.000000 0.000000 0.022400 0.046400 0.000000 0.000000
Bongo 0.022900 0.150400 0.000000 0.093200 0.068900 0.000000 0.000000 0.000100 0.000000 0.148200 0.000000 0.023000 0.000000 0.022800 0.046100 0.023200 0.000000 0.000000 0.000000 0.000100 0.023000 0.023200 0.094800 0.068900 0.000000 0.022400 0.000000 0.000000 0.000000 0.000000 0.122100 0.000000 0.022600 0.000000 0.000000 0.000000 0.000000 0.070500 0.000000 0.069000 0.094900 0.000000 0.148200 0.068900 0.000000 0.000000 0.000000 0.000000 0.022300 0.046400 0.000000 0.000000
Gerenuk 0.022500 0.150400 0.000000 0.093200 0.068900 0.000000 0.000000 0.000100 0.000000 0.148200 0.000000 0.022700 0.000000 0.022500 0.047000 0.023200 0.000000 0.000000 0.000000 0.000100 0.023700 0.023500 0.094800 0.068900 0.000000 0.022700 0.000000 0.000000 0.000000 0.000000 0.122100 0.000000 0.022900 0.000000 0.000000 0.000000 0.000000 0.070500 0.000000 0.069000 0.094800 0.000000 0.148200 0.068900 0.000000 0.000000 0.000000 0.000000 0.022800 0.046400 0.000000 0.000000
CommonElan 0.022300 0.150400 0.000000 0.093200 0.068900 0.000000 0.000000 0.000100 0.000000 0.148200 0.000000 0.023000 0.000000 0.022500 0.047000 0.022900 0.000000 0.000000 0.000000 0.000100 0.023700 0.023500 0.094800 0.068900 0.000000 0.022500 0.000000 0.000000 0.000000 0.000000 0.122100 0.000000 0.022900 0.000000 0.000000 0.000000 0.000000 0.070500 0.000000 0.069000 0.094800 0.000000 0.148200 0.068900 0.000000 0.000000 0.000000 0.000000 0.022400 0.046200 0.000000 0.000000
MuntiacusR 0.147300 0.297400 0.122100 0.225100 0.144500 0.122100 0.122100 0.121200 0.122100 0.023100 0.122100 0.147500 0.122100 0.146400 0.177200 0.149100 0.122100 0.122100 0.122100 0.122000 0.152400 0.150800 0.022800 0.045200 0.122100 0.145900 0.122100 0.122100 0.122100 0.122100 0.000000 0.122100 0.147300 0.122100 0.122100 0.122100 0.122100 0.202200 0.122100 0.045500 0.022800 0.122100 0.023100 0.045200 0.122100 0.122100 0.122100 0.122100 0.146300 0.147600 0.122100 0.122100
HarveysDui 0.022400 0.150400 0.000000 0.093200 0.068900 0.000000 0.000000 0.000100 0.000000 0.148200 0.000000 0.023000 0.000000 0.022800 0.047000 0.023000 0.000000 0.000000 0.000000 0.000100 0.023700 0.023500 0.094800 0.068900 0.000000 0.022600 0.000000 0.000000 0.000000 0.000000 0.122100 0.000000 0.022900 0.000000 0.000000 0.000000 0.000000 0.070500 0.000000 0.069300 0.094800 0.000000 0.148200 0.068900 0.000000 0.000000 0.000000 0.000000 0.022200 0.046400 0.000000 0.000000
Pronghorn 0.046000 0.176600 0.022800 0.117000 0.091700 0.022600 0.022900 0.022800 0.022600 0.173700 0.022900 0.046100 0.022900 0.045800 0.070900 0.046300 0.022900 0.022600 0.022600 0.023000 0.047600 0.047100 0.119000 0.092200 0.022600 0.045600 0.022900 0.022600 0.022900 0.022900 0.147300 0.022900 0.000000 0.022900 0.022900 0.022900 0.022600 0.094400 0.022900 0.092300 0.119000 0.022900 0.173700 0.092200 0.022900 0.022900 0.022700 0.022900 0.045300 0.069900 0.022800 0.022900
BlueWildeb 0.022500 0.150400 0.000000 0.092800 0.068900 0.000000 0.000000 0.000100 0.000000 0.148200 0.000000 0.023000 0.000000 0.022800 0.047000 0.023200 0.000000 0.000000 0.000000 0.000100 0.023300 0.023500 0.094800 0.068900 0.000000 0.022700 0.000000 0.000000 0.000000 0.000000 0.122100 0.000000 0.022900 0.000000 0.000000 0.000000 0.000000 0.070500 0.000000 0.069000 0.094800 0.000000 0.148200 0.068900 0.000000 0.000000 0.000000 0.000000 0.022800 0.046400 0.000000 0.000000
Gemsbok 0.022500 0.150400 0.000000 0.093200 0.068900 0.000000 0.000000 0.000100 0.000000 0.148200 0.000000 0.023000 0.000000 0.022800 0.047000 0.022900 0.000000 0.000000 0.000000 0.000100 0.023000 0.023500 0.094800 0.068900 0.000000 0.022700 0.000000 0.000000 0.000000 0.000000 0.122100 0.000000 0.022900 0.000000 0.000000 0.000000 0.000000 0.070500 0.000000 0.069000 0.094800 0.000000 0.148200 0.068900 0.000000 0.000000 0.000000 0.000000 0.022800 0.046400 0.000000 0.000000
Yak 0.022900 0.150400 0.000000 0.093200 0.069100 0.000000 0.000000 0.000100 0.000000 0.148200 0.000000 0.022700 0.000000 0.022700 0.047000 0.023200 0.000000 0.000000 0.000000 0.000100 0.023300 0.023500 0.094800 0.068900 0.000000 0.022700 0.000000 0.000000 0.000000 0.000000 0.122100 0.000000 0.022900 0.000000 0.000000 0.000000 0.000000 0.070500 0.000000 0.069000 0.094800 0.000000 0.148200 0.068900 0.000000 0.000000 0.000000 0.000000 0.022300 0.046400 0.000000 0.000000
BlueSheep 0.022400 0.150400 0.000000 0.093200 0.068900 0.000000 0.000000 0.000100 0.000000 0.148200 0.000000 0.022600 0.000000 0.022800 0.047000 0.023200 0.000000 0.000000 0.000000 0.000100 0.023000 0.023500 0.094800 0.068900 0.000000 0.022700 0.000000 0.000000 0.000000 0.000000 0.122100 0.000000 0.022600 0.000000 0.000000 0.000000 0.000000 0.070500 0.000000 0.069000 0.094800 0.000000 0.148200 0.068900 0.000000 0.000000 0.000000 0.000000 0.022800 0.046400 0.000000 0.000000
BohorReedb 0.094400 0.235000 0.070500 0.168700 0.044000 0.070500 0.070500 0.070200 0.070500 0.230200 0.070500 0.094600 0.070500 0.094100 0.120700 0.095600 0.070500 0.070500 0.070500 0.070800 0.097600 0.096600 0.171400 0.142500 0.070500 0.093700 0.070500 0.070500 0.070500 0.070500 0.202200 0.070500 0.094400 0.070500 0.070500 0.070500 0.070500 0.000000 0.070500 0.142600 0.171400 0.070500 0.230200 0.142500 0.070500 0.070500 0.070500 0.070500 0.094300 0.118800 0.070600 0.070500
KirksDik 0.022500 0.150400 0.000000 0.093200 0.068900 0.000000 0.000000 0.000100 0.000000 0.148200 0.000000 0.022600 0.000000 0.022800 0.047000 0.023200 0.000000 0.000000 0.000000 0.000100 0.023700 0.023500 0.094800 0.068900 0.000000 0.022700 0.000000 0.000000 0.000000 0.000000 0.122100 0.000000 0.022900 0.000000 0.000000 0.000000 0.000000 0.070500 0.000000 0.069000 0.094800 0.000000 0.148200 0.068900 0.000000 0.000000 0.000000 0.000000 0.022800 0.046400 0.000000 0.000000
RoeDeer 0.092500 0.228300 0.069000 0.164700 0.091000 0.069000 0.068800 0.068700 0.069000 0.069200 0.068200 0.092700 0.069000 0.092000 0.118800 0.093500 0.069000 0.069000 0.068400 0.069300 0.095400 0.094400 0.022200 0.000100 0.069000 0.091700 0.069000 0.069000 0.069000 0.069000 0.045500 0.069300 0.092300 0.069000 0.069000 0.069000 0.069000 0.142600 0.069000 0.000000 0.022200 0.069000 0.069200 0.000100 0.069000 0.069000 0.069000 0.069000 0.091900 0.092800 0.069000 0.069000
WhiteLippe 0.119100 0.262300 0.094800 0.193900 0.116900 0.094800 0.093700 0.094400 0.094800 0.046200 0.094800 0.119300 0.094800 0.118300 0.147200 0.120400 0.094800 0.094800 0.094800 0.095200 0.123000 0.121900 0.000000 0.022100 0.094800 0.117900 0.094800 0.094900 0.094800 0.094800 0.022800 0.094800 0.119000 0.094800 0.094800 0.094800 0.094800 0.171400 0.094800 0.022200 0.000000 0.094800 0.046200 0.022100 0.094800 0.094800 0.094800 0.094800 0.119000 0.119300 0.094800 0.094800
ThomsonGaz 0.022900 0.150400 0.000000 0.092800 0.068900 0.000000 0.000000 0.000100 0.000000 0.148200 0.000000 0.023000 0.000000 0.022500 0.047000 0.023000 0.000000 0.000000 0.000000 0.000100 0.023000 0.023500 0.094800 0.068900 0.000000 0.022700 0.000000 0.000000 0.000000 0.000000 0.122100 0.000000 0.022900 0.000000 0.000000 0.000000 0.000000 0.070500 0.000000 0.069000 0.094800 0.000000 0.148200 0.068900 0.000000 0.000000 0.000000 0.000000 0.022300 0.046400 0.000000 0.000000
MuntiacusC 0.173800 0.327100 0.148200 0.253000 0.170500 0.148200 0.148200 0.147000 0.148200 0.000000 0.148200 0.174000 0.148200 0.172800 0.207200 0.176000 0.148200 0.148200 0.148200 0.147500 0.179900 0.177900 0.046200 0.068800 0.148200 0.172100 0.148200 0.148200 0.148200 0.148200 0.023100 0.148200 0.173700 0.148200 0.148200 0.148200 0.148200 0.230200 0.148200 0.069200 0.046200 0.148200 0.000000 0.068800 0.148200 0.148200 0.148200 0.148200 0.172600 0.174200 0.148200 0.148200
WhiteTaile 0.092300 0.227100 0.068900 0.164600 0.090900 0.068900 0.068900 0.068300 0.068900 0.068800 0.068900 0.092500 0.068900 0.091900 0.119300 0.093300 0.068900 0.068900 0.068900 0.068900 0.095200 0.094300 0.022100 0.000000 0.068900 0.091600 0.068900 0.068900 0.068900 0.068900 0.045200 0.068900 0.092200 0.068900 0.068900 0.068900 0.068900 0.142500 0.068900 0.000100 0.022100 0.068900 0.068800 0.000000 0.068900 0.068900 0.068900 0.068900 0.091800 0.092700 0.068900 0.068900
Cattle 0.022400 0.150400 0.000000 0.093200 0.068900 0.000000 0.000000 0.000100 0.000000 0.148200 0.000000 0.023000 0.000000 0.022500 0.047000 0.023200 0.000000 0.000000 0.000000 0.000100 0.023700 0.023500 0.094800 0.068900 0.000000 0.022400 0.000000 0.000000 0.000000 0.000000 0.122100 0.000000 0.022900 0.000000 0.000000 0.000000 0.000000 0.070500 0.000000 0.069000 0.094800 0.000000 0.148200 0.068900 0.000000 0.000000 0.000000 0.000000 0.022800 0.046400 0.000000 0.000000
RoyalAntel 0.022900 0.150400 0.000000 0.093500 0.068900 0.000000 0.000000 0.000100 0.000000 0.148200 0.000000 0.023000 0.000000 0.022400 0.047000 0.023200 0.000000 0.000000 0.000000 0.000100 0.023300 0.023500 0.094200 0.068900 0.000000 0.022800 0.000000 0.000000 0.000000 0.000000 0.122100 0.000000 0.022900 0.000000 0.000000 0.000000 0.000000 0.070500 0.000000 0.069000 0.094800 0.000000 0.148200 0.068900 0.000000 0.000000 0.000000 0.000000 0.022800 0.046400 0.000000 0.000000
Steenbok 0.022900 0.150400 0.000000 0.093200 0.068900 0.000000 0.000000 0.000100 0.000000 0.148200 0.000000 0.022600 0.000000 0.022800 0.047000 0.023200 0.000000 0.000000 0.000000 0.000100 0.023700 0.023100 0.095300 0.068900 0.000000 0.022700 0.000000 0.000000 0.000000 0.000000 0.122100 0.000000 0.022700 0.000000 0.000000 0.000000 0.000000 0.070500 0.000000 0.069000 0.094800 0.000000 0.148200 0.068900 0.000000 0.000000 0.000000 0.000000 0.022800 0.046400 0.000000 0.000000
Impala 0.022900 0.150400 0.000000 0.093200 0.068900 0.000000 0.000000 0.000100 0.000000 0.148200 0.000000 0.023000 0.000000 0.022500 0.047000 0.023000 0.000000 0.000000 0.000000 0.000100 0.023700 0.023500 0.094800 0.068900 0.000000 0.022500 0.000000 0.000000 0.000000 0.000000 0.122100 0.000000 0.022900 0.000000 0.000000 0.000000 0.000000 0.070500 0.000000 0.069000 0.094800 0.000000 0.148200 0.068900 0.000000 0.000000 0.000000 0.000000 0.022400 0.046400 0.000000 0.000000
Klipspring 0.045800 0.175500 0.022400 0.116400 0.091900 0.022800 0.022800 0.022700 0.022400 0.172600 0.022400 0.045800 0.022800 0.045500 0.070400 0.046300 0.022800 0.022300 0.022800 0.022900 0.047300 0.046800 0.118200 0.091800 0.022800 0.044900 0.022400 0.022300 0.022800 0.022400 0.146300 0.022200 0.045300 0.022800 0.022800 0.022300 0.022800 0.094300 0.022800 0.091900 0.119000 0.022300 0.172600 0.091800 0.022800 0.022800 0.022800 0.022400 0.000000 0.069600 0.022800 0.022300
ForestMusk 0.070000 0.205200 0.046400 0.093000 0.117400 0.046400 0.046400 0.046200 0.046400 0.174200 0.046400 0.070100 0.046400 0.069600 0.095700 0.070700 0.046400 0.046400 0.046400 0.046600 0.072300 0.071500 0.119300 0.092700 0.046400 0.022600 0.046400 0.046400 0.046400 0.046200 0.147600 0.046400 0.069900 0.046400 0.046400 0.046400 0.046400 0.118800 0.046400 0.092800 0.119300 0.046400 0.174200 0.092700 0.046400 0.046400 0.046400 0.046400 0.069600 0.000000 0.046400 0.046400
Bushbuck 0.022400 0.150400 0.000000 0.093200 0.068900 0.000000 0.000000 0.000100 0.000000 0.148200 0.000000 0.022800 0.000000 0.022800 0.047000 0.023200 0.000000 0.000000 0.000000 0.000100 0.023700 0.023200 0.094800 0.068900 0.000000 0.022500 0.000000 0.000000 0.000000 0.000000 0.122100 0.000000 0.022800 0.000000 0.000000 0.000000 0.000000 0.070600 0.000000 0.069000 0.094800 0.000000 0.148200 0.068900 0.000000 0.000000 0.000000 0.000000 0.022800 0.046400 0.000000 0.000000
GreaterKud 0.022500 0.150400 0.000000 0.093200 0.068900 0.000000 0.000000 0.000100 0.000000 0.148200 0.000000 0.022600 0.000000 0.022400 0.047000 0.023200 0.000000 0.000000 0.000000 0.000100 0.023700 0.023500 0.094800 0.068900 0.000000 0.022500 0.000000 0.000000 0.000000 0.000000 0.122100 0.000000 0.022900 0.000000 0.000000 0.000000 0.000000 0.070500 0.000000 0.069000 0.094800 0.000000 0.148200 0.068900 0.000000 0.000000 0.000000 0.000000 0.022300 0.046400 0.000000 0.000000
