CODONML (in paml version 4.10.7, June 2023)  /home/rachel/ruminants_paml/6406-phy-tree/ENSBTAT00000034419.fasta.phy
Model: free dN/dS Ratios for branches,  kappa = 2.000 fixed

Codon frequency model: F3x4
ns =  54  ls =  43

Codon usage in sequences
--------------------------------------------------------------------------------------------------------------------------------------
Phe TTT   1   1   1   1   1   0 | Ser TCT   0   0   0   0   0   0 | Tyr TAT   1   1   1   1   1   0 | Cys TGT   0   0   0   0   0   0
    TTC   0   0   0   0   0   1 |     TCC   1   1   1   2   1   1 |     TAC   2   2   2   2   2   3 |     TGC   0   0   0   0   0   0
Leu TTA   0   0   0   0   0   0 |     TCA   1   0   0   0   1   0 | *** TAA   0   0   0   0   0   0 | *** TGA   0   0   0   0   0   0
    TTG   1   1   1   1   1   1 |     TCG   0   1   1   0   0   1 |     TAG   0   0   0   0   0   0 | Trp TGG   0   0   0   0   0   0
--------------------------------------------------------------------------------------------------------------------------------------
Leu CTT   2   1   2   2   0   1 | Pro CCT   0   0   0   0   0   0 | His CAT   0   0   0   0   0   0 | Arg CGT   0   0   0   0   0   0
    CTC   0   1   0   0   2   1 |     CCC   1   1   1   0   0   0 |     CAC   0   0   0   0   0   0 |     CGC   0   0   0   0   0   0
    CTA   0   0   0   0   0   0 |     CCA   0   0   0   0   1   1 | Gln CAA   0   0   0   0   0   0 |     CGA   0   0   0   0   0   0
    CTG   0   0   0   0   0   0 |     CCG   0   0   0   1   0   0 |     CAG   2   2   2   2   2   2 |     CGG   0   0   0   0   0   0
--------------------------------------------------------------------------------------------------------------------------------------
Ile ATT   1   2   2   2   2   2 | Thr ACT   1   1   1   1   0   1 | Asn AAT   1   1   1   1   0   1 | Ser AGT   0   0   0   0   0   0
    ATC   4   3   3   3   3   3 |     ACC   1   1   1   1   2   1 |     AAC   2   2   2   2   3   2 |     AGC   0   0   0   0   0   0
    ATA   1   0   1   1   0   0 |     ACA   3   4   3   3   2   3 | Lys AAA   1   1   1   1   1   1 | Arg AGA   1   1   1   1   1   1
Met ATG   1   1   1   1   1   1 |     ACG   1   0   1   1   1   0 |     AAG   2   2   2   2   2   2 |     AGG   0   0   0   0   0   0
--------------------------------------------------------------------------------------------------------------------------------------
Val GTT   1   1   1   1   1   1 | Ala GCT   0   0   0   0   0   0 | Asp GAT   2   2   1   2   2   2 | Gly GGT   1   1   1   1   1   1
    GTC   0   0   0   0   0   0 |     GCC   1   1   1   1   1   1 |     GAC   1   1   2   1   1   1 |     GGC   0   0   0   0   0   0
    GTA   0   0   0   0   0   1 |     GCA   0   2   2   2   3   2 | Glu GAA   0   1   0   0   1   1 |     GGA   1   1   1   1   1   1
    GTG   1   2   1   1   2   1 |     GCG   2   0   0   0   0   1 |     GAG   1   0   1   1   0   0 |     GGG   0   0   0   0   0   0
--------------------------------------------------------------------------------------------------------------------------------------

--------------------------------------------------------------------------------------------------------------------------------------
Phe TTT   0   1   1   1   1   1 | Ser TCT   0   0   1   0   0   0 | Tyr TAT   1   1   2   1   1   1 | Cys TGT   0   0   0   0   0   0
    TTC   1   0   0   0   0   0 |     TCC   1   1   0   1   1   1 |     TAC   2   2   1   2   2   2 |     TGC   0   0   0   0   0   0
Leu TTA   0   0   0   0   0   0 |     TCA   0   1   0   0   0   0 | *** TAA   0   0   0   0   0   0 | *** TGA   0   0   0   0   0   0
    TTG   1   1   1   1   1   1 |     TCG   1   0   1   1   1   1 |     TAG   0   0   0   0   0   0 | Trp TGG   0   0   0   0   0   0
--------------------------------------------------------------------------------------------------------------------------------------
Leu CTT   2   2   1   2   2   2 | Pro CCT   0   0   0   0   0   0 | His CAT   0   0   0   0   0   0 | Arg CGT   0   0   0   0   0   0
    CTC   0   0   0   0   0   0 |     CCC   1   1   1   1   1   1 |     CAC   0   0   0   0   0   0 |     CGC   0   0   0   0   0   0
    CTA   0   0   0   0   0   0 |     CCA   0   0   0   0   0   0 | Gln CAA   0   0   0   0   0   0 |     CGA   0   0   0   0   0   0
    CTG   0   0   1   0   0   0 |     CCG   0   0   0   0   0   0 |     CAG   2   2   2   2   2   2 |     CGG   0   0   0   0   0   0
--------------------------------------------------------------------------------------------------------------------------------------
Ile ATT   1   1   1   1   2   2 | Thr ACT   1   1   1   1   1   1 | Asn AAT   1   1   0   1   1   1 | Ser AGT   0   0   0   0   0   0
    ATC   4   4   4   4   3   3 |     ACC   1   1   1   1   1   1 |     AAC   2   2   3   2   2   2 |     AGC   0   0   0   0   0   0
    ATA   1   1   1   0   1   0 |     ACA   3   3   2   3   3   3 | Lys AAA   1   1   1   1   1   1 | Arg AGA   1   1   1   1   1   1
Met ATG   1   1   1   1   1   2 |     ACG   1   1   1   2   1   1 |     AAG   2   2   2   2   2   2 |     AGG   0   0   0   0   0   0
--------------------------------------------------------------------------------------------------------------------------------------
Val GTT   1   1   1   1   1   1 | Ala GCT   0   0   0   0   0   0 | Asp GAT   2   2   2   2   1   2 | Gly GGT   1   1   1   1   1   1
    GTC   0   0   0   0   0   0 |     GCC   1   1   1   1   1   1 |     GAC   1   1   1   1   2   1 |     GGC   0   0   0   0   0   0
    GTA   0   0   0   0   0   0 |     GCA   2   0   1   1   2   2 | Glu GAA   1   0   0   0   0   0 |     GGA   1   1   1   1   1   1
    GTG   1   1   1   1   1   1 |     GCG   0   2   2   1   0   0 |     GAG   0   1   1   1   1   1 |     GGG   0   0   0   0   0   0
--------------------------------------------------------------------------------------------------------------------------------------

--------------------------------------------------------------------------------------------------------------------------------------
Phe TTT   1   1   1   1   1   1 | Ser TCT   0   0   0   0   0   0 | Tyr TAT   1   1   1   1   1   1 | Cys TGT   0   0   0   0   0   0
    TTC   0   0   0   0   0   0 |     TCC   1   1   1   1   1   1 |     TAC   2   2   2   2   2   2 |     TGC   0   0   0   0   0   0
Leu TTA   0   0   0   0   0   0 |     TCA   1   2   1   0   0   0 | *** TAA   0   0   0   0   0   0 | *** TGA   0   0   0   0   0   0
    TTG   1   1   1   1   1   1 |     TCG   0   0   0   1   1   1 |     TAG   0   0   0   0   0   0 | Trp TGG   0   0   0   0   0   0
--------------------------------------------------------------------------------------------------------------------------------------
Leu CTT   2   2   2   2   2   1 | Pro CCT   0   0   0   0   0   0 | His CAT   0   0   0   0   0   0 | Arg CGT   0   0   0   0   0   0
    CTC   0   0   0   0   0   1 |     CCC   1   1   1   1   1   1 |     CAC   0   0   0   0   0   0 |     CGC   0   0   0   0   0   0
    CTA   0   0   0   0   0   0 |     CCA   0   0   0   0   0   0 | Gln CAA   0   0   0   0   0   0 |     CGA   0   0   0   0   0   0
    CTG   0   0   0   0   0   0 |     CCG   0   0   0   0   0   0 |     CAG   2   2   2   2   2   2 |     CGG   0   0   0   0   0   0
--------------------------------------------------------------------------------------------------------------------------------------
Ile ATT   1   2   1   1   2   1 | Thr ACT   1   1   1   1   0   1 | Asn AAT   1   1   0   0   1   1 | Ser AGT   0   0   0   0   0   0
    ATC   4   3   3   4   3   4 |     ACC   1   1   1   1   1   0 |     AAC   2   2   3   3   2   2 |     AGC   0   0   0   0   0   0
    ATA   1   1   1   1   1   0 |     ACA   3   2   3   3   3   4 | Lys AAA   1   0   1   1   1   1 | Arg AGA   1   1   0   1   1   1
Met ATG   1   1   1   1   1   1 |     ACG   1   2   1   1   2   1 |     AAG   2   3   2   2   2   2 |     AGG   0   0   1   0   0   0
--------------------------------------------------------------------------------------------------------------------------------------
Val GTT   1   1   2   1   1   1 | Ala GCT   0   0   0   0   1   0 | Asp GAT   2   2   2   2   2   2 | Gly GGT   1   1   1   1   1   1
    GTC   0   0   0   0   0   0 |     GCC   1   1   1   1   1   2 |     GAC   1   1   1   1   1   1 |     GGC   0   0   0   0   0   0
    GTA   0   0   1   0   0   0 |     GCA   0   1   1   1   1   1 | Glu GAA   0   0   0   0   0   0 |     GGA   1   1   1   1   1   1
    GTG   1   1   1   1   1   1 |     GCG   2   0   0   1   0   1 |     GAG   1   1   1   1   1   1 |     GGG   0   0   0   0   0   0
--------------------------------------------------------------------------------------------------------------------------------------

--------------------------------------------------------------------------------------------------------------------------------------
Phe TTT   1   1   1   1   1   1 | Ser TCT   0   0   0   0   0   0 | Tyr TAT   1   1   1   1   1   1 | Cys TGT   0   0   0   0   0   0
    TTC   0   0   0   0   0   0 |     TCC   1   1   1   1   1   1 |     TAC   2   2   2   2   2   2 |     TGC   0   0   0   0   0   0
Leu TTA   0   0   0   0   0   0 |     TCA   0   0   1   0   0   1 | *** TAA   0   0   0   0   0   0 | *** TGA   0   0   0   0   0   0
    TTG   0   1   1   1   1   1 |     TCG   1   1   0   1   1   0 |     TAG   0   0   0   0   0   0 | Trp TGG   0   0   0   0   0   0
--------------------------------------------------------------------------------------------------------------------------------------
Leu CTT   2   1   2   2   2   2 | Pro CCT   0   0   0   0   0   0 | His CAT   0   0   0   0   0   0 | Arg CGT   0   0   0   0   0   0
    CTC   0   1   0   0   0   0 |     CCC   1   1   1   1   1   1 |     CAC   0   0   0   0   0   0 |     CGC   0   0   0   0   0   0
    CTA   0   0   0   0   0   0 |     CCA   0   0   0   0   0   0 | Gln CAA   0   0   0   0   0   0 |     CGA   0   0   0   0   0   0
    CTG   1   0   0   0   0   0 |     CCG   0   0   0   0   0   0 |     CAG   2   2   2   2   2   2 |     CGG   0   0   0   0   0   0
--------------------------------------------------------------------------------------------------------------------------------------
Ile ATT   1   1   2   2   1   1 | Thr ACT   1   1   1   1   1   1 | Asn AAT   1   1   2   1   1   2 | Ser AGT   0   0   0   0   0   0
    ATC   3   3   3   3   4   4 |     ACC   1   1   1   1   1   1 |     AAC   2   2   1   2   2   1 |     AGC   0   0   0   0   0   0
    ATA   1   1   1   1   0   1 |     ACA   2   3   3   4   4   3 | Lys AAA   1   1   1   1   1   1 | Arg AGA   1   1   1   1   1   1
Met ATG   2   2   1   1   1   1 |     ACG   2   1   1   0   1   1 |     AAG   2   2   2   2   2   2 |     AGG   0   0   0   0   0   0
--------------------------------------------------------------------------------------------------------------------------------------
Val GTT   1   1   1   1   1   1 | Ala GCT   0   0   0   0   0   0 | Asp GAT   1   2   2   1   2   2 | Gly GGT   1   1   1   1   1   1
    GTC   0   0   0   0   0   0 |     GCC   1   1   1   1   1   1 |     GAC   2   1   1   2   1   1 |     GGC   0   0   0   0   0   0
    GTA   0   0   0   0   0   0 |     GCA   2   2   0   2   1   0 | Glu GAA   0   0   0   0   0   0 |     GGA   1   1   1   1   1   1
    GTG   1   1   1   1   1   1 |     GCG   0   0   2   0   1   2 |     GAG   1   1   1   1   1   1 |     GGG   0   0   0   0   0   0
--------------------------------------------------------------------------------------------------------------------------------------

--------------------------------------------------------------------------------------------------------------------------------------
Phe TTT   1   1   1   1   1   1 | Ser TCT   0   0   0   0   0   0 | Tyr TAT   1   1   1   1   1   1 | Cys TGT   0   0   0   0   0   0
    TTC   0   0   0   0   0   0 |     TCC   1   1   1   1   1   1 |     TAC   2   2   2   2   2   2 |     TGC   0   0   0   0   0   0
Leu TTA   0   0   0   0   0   0 |     TCA   1   1   1   0   1   1 | *** TAA   0   0   0   0   0   0 | *** TGA   0   0   0   0   0   0
    TTG   1   1   1   1   1   1 |     TCG   0   0   0   1   0   0 |     TAG   0   0   0   0   0   0 | Trp TGG   0   0   0   0   0   0
--------------------------------------------------------------------------------------------------------------------------------------
Leu CTT   2   1   2   2   2   2 | Pro CCT   0   0   0   0   0   0 | His CAT   0   0   0   0   0   0 | Arg CGT   0   0   0   0   0   0
    CTC   0   1   0   0   0   0 |     CCC   1   1   1   1   1   1 |     CAC   0   0   0   0   0   0 |     CGC   0   0   0   0   0   0
    CTA   0   0   0   0   0   0 |     CCA   0   0   0   0   0   0 | Gln CAA   0   0   0   0   0   0 |     CGA   0   0   0   0   0   0
    CTG   0   0   0   0   0   0 |     CCG   0   0   0   0   0   0 |     CAG   2   2   2   2   2   2 |     CGG   0   0   0   0   0   0
--------------------------------------------------------------------------------------------------------------------------------------
Ile ATT   2   2   1   1   2   2 | Thr ACT   1   1   1   1   1   1 | Asn AAT   1   1   1   1   1   1 | Ser AGT   0   0   0   0   0   0
    ATC   3   3   4   4   3   3 |     ACC   1   1   1   1   1   1 |     AAC   2   2   2   2   2   2 |     AGC   0   0   0   0   0   0
    ATA   0   0   1   0   1   1 |     ACA   3   3   3   4   3   3 | Lys AAA   1   2   1   1   1   1 | Arg AGA   1   1   1   1   0   1
Met ATG   2   2   1   1   1   1 |     ACG   1   1   1   1   1   1 |     AAG   2   1   2   2   2   2 |     AGG   0   0   0   0   1   0
--------------------------------------------------------------------------------------------------------------------------------------
Val GTT   1   1   1   1   1   1 | Ala GCT   0   0   0   0   0   0 | Asp GAT   2   2   2   2   2   1 | Gly GGT   1   1   1   1   1   1
    GTC   0   0   0   0   0   0 |     GCC   1   1   1   1   1   1 |     GAC   1   1   1   1   1   2 |     GGC   0   0   0   0   0   0
    GTA   0   0   0   0   0   0 |     GCA   2   2   0   1   2   2 | Glu GAA   0   0   0   0   0   0 |     GGA   1   1   1   1   1   1
    GTG   1   1   1   1   1   1 |     GCG   0   0   2   1   0   0 |     GAG   1   1   1   1   1   1 |     GGG   0   0   0   0   0   0
--------------------------------------------------------------------------------------------------------------------------------------

--------------------------------------------------------------------------------------------------------------------------------------
Phe TTT   1   1   1   1   1   1 | Ser TCT   1   0   0   0   0   0 | Tyr TAT   1   1   1   1   1   1 | Cys TGT   0   0   0   0   0   0
    TTC   0   0   0   0   0   0 |     TCC   0   1   1   1   1   1 |     TAC   2   2   2   2   2   2 |     TGC   0   0   0   0   0   0
Leu TTA   0   0   0   0   0   1 |     TCA   0   0   0   0   0   1 | *** TAA   0   0   0   0   0   0 | *** TGA   0   0   0   0   0   0
    TTG   1   1   1   1   1   0 |     TCG   1   1   1   1   1   0 |     TAG   0   0   0   0   0   0 | Trp TGG   0   0   0   0   0   0
--------------------------------------------------------------------------------------------------------------------------------------
Leu CTT   2   2   2   2   1   2 | Pro CCT   0   0   0   0   0   0 | His CAT   0   0   0   0   0   0 | Arg CGT   0   0   0   0   0   0
    CTC   0   0   0   0   1   0 |     CCC   1   1   1   1   1   1 |     CAC   0   0   0   0   0   0 |     CGC   0   0   0   0   0   0
    CTA   0   0   0   0   0   0 |     CCA   0   0   0   0   0   0 | Gln CAA   0   0   0   0   0   0 |     CGA   0   0   0   0   0   0
    CTG   0   0   0   0   0   0 |     CCG   0   0   0   0   0   0 |     CAG   2   2   2   2   2   2 |     CGG   0   0   0   0   0   0
--------------------------------------------------------------------------------------------------------------------------------------
Ile ATT   1   2   2   1   2   2 | Thr ACT   1   1   1   1   1   1 | Asn AAT   1   1   1   0   1   2 | Ser AGT   0   0   0   0   0   0
    ATC   4   3   3   4   3   3 |     ACC   1   1   1   1   1   1 |     AAC   2   2   2   3   2   1 |     AGC   0   0   0   0   0   0
    ATA   0   1   0   1   0   1 |     ACA   4   3   3   3   3   3 | Lys AAA   1   1   1   1   1   1 | Arg AGA   1   1   1   1   1   1
Met ATG   1   1   2   1   1   1 |     ACG   1   1   1   1   1   1 |     AAG   2   2   2   2   2   2 |     AGG   0   0   0   0   0   0
--------------------------------------------------------------------------------------------------------------------------------------
Val GTT   1   1   1   1   1   1 | Ala GCT   0   0   0   0   0   0 | Asp GAT   2   1   2   2   2   2 | Gly GGT   1   1   0   1   0   1
    GTC   0   0   0   0   0   0 |     GCC   1   1   1   1   1   1 |     GAC   1   2   1   1   1   1 |     GGC   0   0   1   0   1   0
    GTA   0   0   0   0   0   0 |     GCA   1   2   2   1   2   1 | Glu GAA   0   0   0   0   0   0 |     GGA   1   1   1   1   1   1
    GTG   1   1   1   1   2   1 |     GCG   1   0   0   1   0   1 |     GAG   1   1   1   1   1   1 |     GGG   0   0   0   0   0   0
--------------------------------------------------------------------------------------------------------------------------------------

--------------------------------------------------------------------------------------------------------------------------------------
Phe TTT   1   1   1   0   1   1 | Ser TCT   0   0   0   0   0   0 | Tyr TAT   1   1   1   1   1   1 | Cys TGT   0   0   0   0   0   0
    TTC   0   0   0   1   0   0 |     TCC   1   1   1   1   1   1 |     TAC   2   2   2   2   2   2 |     TGC   0   0   0   0   0   0
Leu TTA   0   0   0   0   0   0 |     TCA   1   2   1   0   0   0 | *** TAA   0   0   0   0   0   0 | *** TGA   0   0   0   0   0   0
    TTG   1   1   1   1   1   1 |     TCG   0   0   0   1   1   1 |     TAG   0   0   0   0   0   0 | Trp TGG   0   0   0   0   0   0
--------------------------------------------------------------------------------------------------------------------------------------
Leu CTT   2   2   2   2   1   2 | Pro CCT   0   0   0   0   0   0 | His CAT   0   0   0   0   0   0 | Arg CGT   0   0   0   0   0   0
    CTC   0   0   0   0   0   0 |     CCC   1   1   1   1   1   1 |     CAC   0   0   0   0   0   0 |     CGC   0   0   0   0   0   0
    CTA   0   0   0   0   0   0 |     CCA   0   0   0   0   0   0 | Gln CAA   0   0   0   0   0   0 |     CGA   0   0   0   0   0   0
    CTG   0   0   0   0   1   0 |     CCG   0   0   0   0   0   0 |     CAG   2   2   2   2   2   2 |     CGG   0   0   0   0   0   0
--------------------------------------------------------------------------------------------------------------------------------------
Ile ATT   2   2   1   1   1   2 | Thr ACT   1   1   1   1   0   1 | Asn AAT   1   1   1   1   1   0 | Ser AGT   0   0   0   0   0   0
    ATC   3   3   4   4   4   3 |     ACC   1   1   1   1   1   2 |     AAC   2   2   2   2   2   3 |     AGC   0   0   0   0   0   0
    ATA   1   1   1   1   1   0 |     ACA   3   3   3   3   2   2 | Lys AAA   1   0   1   1   0   1 | Arg AGA   1   1   1   1   1   1
Met ATG   1   1   1   1   0   2 |     ACG   1   1   1   1   2   1 |     AAG   2   3   2   2   3   2 |     AGG   0   0   0   0   0   0
--------------------------------------------------------------------------------------------------------------------------------------
Val GTT   1   1   1   1   1   1 | Ala GCT   0   0   0   0   1   0 | Asp GAT   2   2   2   2   2   2 | Gly GGT   1   1   1   1   0   1
    GTC   0   0   0   0   0   0 |     GCC   1   1   1   1   1   1 |     GAC   1   1   1   1   1   1 |     GGC   0   0   0   0   1   0
    GTA   0   0   0   0   0   0 |     GCA   1   1   0   2   1   2 | Glu GAA   0   0   0   1   0   0 |     GGA   1   1   0   1   1   1
    GTG   1   1   1   1   2   1 |     GCG   1   0   2   0   1   0 |     GAG   1   1   1   0   1   1 |     GGG   0   0   1   0   0   0
--------------------------------------------------------------------------------------------------------------------------------------

--------------------------------------------------------------------------------------------------------------------------------------
Phe TTT   1   1   1   1   1   1 | Ser TCT   0   0   0   0   0   0 | Tyr TAT   1   1   1   1   1   1 | Cys TGT   0   0   0   0   0   0
    TTC   0   0   0   0   0   0 |     TCC   1   1   1   1   1   1 |     TAC   2   2   2   2   2   2 |     TGC   0   0   0   0   0   0
Leu TTA   0   0   0   0   0   0 |     TCA   0   0   0   1   2   0 | *** TAA   0   0   0   0   0   0 | *** TGA   0   0   0   0   0   0
    TTG   1   1   1   1   1   1 |     TCG   1   1   1   0   0   1 |     TAG   0   0   0   0   0   0 | Trp TGG   0   0   0   0   0   0
--------------------------------------------------------------------------------------------------------------------------------------
Leu CTT   2   2   2   1   2   2 | Pro CCT   0   0   0   0   0   0 | His CAT   0   0   0   0   0   0 | Arg CGT   0   0   0   0   0   0
    CTC   0   0   0   1   0   0 |     CCC   1   1   1   1   1   1 |     CAC   0   0   0   0   0   0 |     CGC   0   0   0   0   0   0
    CTA   0   0   0   0   0   0 |     CCA   0   0   0   0   0   0 | Gln CAA   0   0   0   0   0   0 |     CGA   0   0   0   0   0   0
    CTG   0   0   0   0   0   0 |     CCG   0   0   0   0   0   0 |     CAG   2   2   2   2   2   2 |     CGG   0   0   0   0   0   0
--------------------------------------------------------------------------------------------------------------------------------------
Ile ATT   2   1   2   2   2   1 | Thr ACT   1   1   1   1   1   1 | Asn AAT   1   1   1   1   0   1 | Ser AGT   0   0   0   0   0   0
    ATC   3   4   3   3   3   4 |     ACC   1   1   1   1   1   1 |     AAC   2   2   2   2   3   2 |     AGC   0   0   0   0   0   0
    ATA   0   0   0   0   1   1 |     ACA   3   4   3   3   3   2 | Lys AAA   2   1   1   2   0   1 | Arg AGA   1   1   1   1   1   1
Met ATG   2   1   2   2   1   1 |     ACG   1   1   1   1   1   2 |     AAG   1   2   2   1   3   2 |     AGG   0   0   0   0   0   0
--------------------------------------------------------------------------------------------------------------------------------------
Val GTT   1   1   1   1   1   1 | Ala GCT   0   0   0   0   0   0 | Asp GAT   2   2   2   2   2   2 | Gly GGT   1   1   1   1   1   1
    GTC   0   0   0   0   0   0 |     GCC   1   1   1   1   1   1 |     GAC   1   1   1   1   1   1 |     GGC   0   0   0   0   0   0
    GTA   0   0   0   0   0   0 |     GCA   2   1   2   2   1   1 | Glu GAA   0   0   0   0   0   0 |     GGA   1   1   1   1   1   1
    GTG   1   1   1   1   1   1 |     GCG   0   1   0   0   0   1 |     GAG   1   1   1   1   1   1 |     GGG   0   0   0   0   0   0
--------------------------------------------------------------------------------------------------------------------------------------

--------------------------------------------------------------------------------------------------------------------------------------
Phe TTT   1   1   1   1   1   1 | Ser TCT   0   0   0   0   0   0 | Tyr TAT   2   2   1   1   1   1 | Cys TGT   0   0   0   0   0   0
    TTC   0   0   0   0   0   0 |     TCC   1   1   1   2   1   1 |     TAC   1   1   2   2   2   2 |     TGC   0   0   0   0   0   0
Leu TTA   0   0   0   0   0   0 |     TCA   0   1   0   0   0   0 | *** TAA   0   0   0   0   0   0 | *** TGA   0   0   0   0   0   0
    TTG   1   1   1   1   1   1 |     TCG   1   0   1   0   1   1 |     TAG   0   0   0   0   0   0 | Trp TGG   0   0   0   0   0   0
--------------------------------------------------------------------------------------------------------------------------------------
Leu CTT   2   2   2   2   2   2 | Pro CCT   0   0   0   0   0   0 | His CAT   0   0   0   0   0   0 | Arg CGT   0   0   0   0   0   0
    CTC   0   0   0   0   0   0 |     CCC   1   1   1   0   1   1 |     CAC   0   0   0   0   0   0 |     CGC   0   0   0   0   0   0
    CTA   0   0   0   0   0   0 |     CCA   0   0   0   0   0   0 | Gln CAA   0   0   0   0   0   0 |     CGA   0   1   0   0   0   0
    CTG   0   0   0   0   0   0 |     CCG   0   0   0   1   0   0 |     CAG   2   2   2   2   2   2 |     CGG   0   0   0   0   0   0
--------------------------------------------------------------------------------------------------------------------------------------
Ile ATT   1   2   2   2   2   2 | Thr ACT   1   1   1   1   1   1 | Asn AAT   1   1   1   1   1   1 | Ser AGT   0   0   0   0   0   0
    ATC   4   3   3   3   3   3 |     ACC   1   1   1   1   1   1 |     AAC   2   2   2   2   2   2 |     AGC   0   0   0   0   0   0
    ATA   1   1   1   1   1   1 |     ACA   3   3   3   3   3   3 | Lys AAA   1   1   1   1   1   1 | Arg AGA   1   0   1   1   1   1
Met ATG   1   1   1   1   1   1 |     ACG   1   1   1   1   1   1 |     AAG   2   2   2   2   2   2 |     AGG   0   0   0   0   0   0
--------------------------------------------------------------------------------------------------------------------------------------
Val GTT   1   1   1   1   1   1 | Ala GCT   0   0   0   0   0   0 | Asp GAT   2   2   2   2   1   1 | Gly GGT   1   0   1   1   1   1
    GTC   0   0   0   0   0   0 |     GCC   1   1   1   1   1   1 |     GAC   1   1   1   1   2   2 |     GGC   0   1   0   0   0   0
    GTA   0   0   0   0   0   0 |     GCA   1   1   1   2   2   2 | Glu GAA   0   0   0   0   0   0 |     GGA   1   1   1   1   1   1
    GTG   1   1   0   1   1   1 |     GCG   1   1   2   0   0   0 |     GAG   1   1   1   1   1   1 |     GGG   0   0   0   0   0   0
--------------------------------------------------------------------------------------------------------------------------------------

Codon position x base (3x4) table for each sequence.

#1: Argali         
position  1:    T:0.16279    C:0.11628    A:0.46512    G:0.25581
position  2:    T:0.30233    C:0.27907    A:0.34884    G:0.06977
position  3:    T:0.25581    C:0.30233    A:0.18605    G:0.25581
Average         T:0.24031    C:0.23256    A:0.33333    G:0.19380

#2: LesserMouseDeer
position  1:    T:0.16279    C:0.11628    A:0.44186    G:0.27907
position  2:    T:0.30233    C:0.27907    A:0.34884    G:0.06977
position  3:    T:0.25581    C:0.30233    A:0.23256    G:0.20930
Average         T:0.24031    C:0.23256    A:0.34109    G:0.18605

#3: LesserKudu     
position  1:    T:0.16279    C:0.11628    A:0.46512    G:0.25581
position  2:    T:0.30233    C:0.27907    A:0.34884    G:0.06977
position  3:    T:0.25581    C:0.30233    A:0.20930    G:0.23256
Average         T:0.24031    C:0.23256    A:0.34109    G:0.18605

#4: ForestMuskDeer2
position  1:    T:0.16279    C:0.11628    A:0.46512    G:0.25581
position  2:    T:0.30233    C:0.27907    A:0.34884    G:0.06977
position  3:    T:0.27907    C:0.27907    A:0.20930    G:0.23256
Average         T:0.24806    C:0.22481    A:0.34109    G:0.18605

#5: Camel          
position  1:    T:0.16279    C:0.11628    A:0.41860    G:0.30233
position  2:    T:0.30233    C:0.27907    A:0.34884    G:0.06977
position  3:    T:0.18605    C:0.34884    A:0.25581    G:0.20930
Average         T:0.21705    C:0.24806    A:0.34109    G:0.19380

#6: KillerWhale    
position  1:    T:0.16279    C:0.11628    A:0.41860    G:0.30233
position  2:    T:0.30233    C:0.27907    A:0.34884    G:0.06977
position  3:    T:0.20930    C:0.32558    A:0.25581    G:0.20930
Average         T:0.22481    C:0.24031    A:0.34109    G:0.19380

#7: DefassaWaterbuck
position  1:    T:0.16279    C:0.11628    A:0.46512    G:0.25581
position  2:    T:0.30233    C:0.27907    A:0.34884    G:0.06977
position  3:    T:0.23256    C:0.32558    A:0.23256    G:0.20930
Average         T:0.23256    C:0.24031    A:0.34884    G:0.17829

#8: Sheep          
position  1:    T:0.16279    C:0.11628    A:0.46512    G:0.25581
position  2:    T:0.30233    C:0.27907    A:0.34884    G:0.06977
position  3:    T:0.25581    C:0.30233    A:0.18605    G:0.25581
Average         T:0.24031    C:0.23256    A:0.33333    G:0.19380

#9: MaxwellsDuiker 
position  1:    T:0.16279    C:0.11628    A:0.44186    G:0.27907
position  2:    T:0.30233    C:0.27907    A:0.34884    G:0.06977
position  3:    T:0.25581    C:0.27907    A:0.16279    G:0.30233
Average         T:0.24031    C:0.22481    A:0.31783    G:0.21705

#10: GazellaPrzewalskyi
position  1:    T:0.16279    C:0.11628    A:0.46512    G:0.25581
position  2:    T:0.27907    C:0.30233    A:0.34884    G:0.06977
position  3:    T:0.25581    C:0.30233    A:0.16279    G:0.27907
Average         T:0.23256    C:0.24031    A:0.32558    G:0.20155

#11: MountainNyala  
position  1:    T:0.16279    C:0.11628    A:0.46512    G:0.25581
position  2:    T:0.30233    C:0.27907    A:0.34884    G:0.06977
position  3:    T:0.25581    C:0.30233    A:0.20930    G:0.23256
Average         T:0.24031    C:0.23256    A:0.34109    G:0.18605

#12: MuntiacusMuntjak
position  1:    T:0.16279    C:0.11628    A:0.46512    G:0.25581
position  2:    T:0.30233    C:0.27907    A:0.34884    G:0.06977
position  3:    T:0.27907    C:0.27907    A:0.18605    G:0.25581
Average         T:0.24806    C:0.22481    A:0.33333    G:0.19380

#13: goat           
position  1:    T:0.16279    C:0.11628    A:0.46512    G:0.25581
position  2:    T:0.30233    C:0.27907    A:0.34884    G:0.06977
position  3:    T:0.25581    C:0.30233    A:0.18605    G:0.25581
Average         T:0.24031    C:0.23256    A:0.33333    G:0.19380

#14: AfricanBuffalo 
position  1:    T:0.18605    C:0.11628    A:0.46512    G:0.23256
position  2:    T:0.30233    C:0.27907    A:0.34884    G:0.06977
position  3:    T:0.27907    C:0.27907    A:0.18605    G:0.25581
Average         T:0.25581    C:0.22481    A:0.33333    G:0.18605

#15: Topi           
position  1:    T:0.16279    C:0.11628    A:0.44186    G:0.27907
position  2:    T:0.32558    C:0.25581    A:0.34884    G:0.06977
position  3:    T:0.25581    C:0.30233    A:0.20930    G:0.23256
Average         T:0.24806    C:0.22481    A:0.33333    G:0.19380

#16: CommonDuiker   
position  1:    T:0.16279    C:0.11628    A:0.46512    G:0.25581
position  2:    T:0.30233    C:0.27907    A:0.34884    G:0.06977
position  3:    T:0.23256    C:0.32558    A:0.18605    G:0.25581
Average         T:0.23256    C:0.24031    A:0.33333    G:0.19380

#17: Suni           
position  1:    T:0.16279    C:0.11628    A:0.46512    G:0.25581
position  2:    T:0.30233    C:0.27907    A:0.34884    G:0.06977
position  3:    T:0.27907    C:0.27907    A:0.18605    G:0.25581
Average         T:0.24806    C:0.22481    A:0.33333    G:0.19380

#18: Springbuck     
position  1:    T:0.16279    C:0.11628    A:0.44186    G:0.27907
position  2:    T:0.27907    C:0.30233    A:0.34884    G:0.06977
position  3:    T:0.23256    C:0.32558    A:0.18605    G:0.25581
Average         T:0.22481    C:0.24806    A:0.32558    G:0.20155

#19: Okapi          
position  1:    T:0.13953    C:0.13953    A:0.46512    G:0.25581
position  2:    T:0.30233    C:0.27907    A:0.34884    G:0.06977
position  3:    T:0.23256    C:0.30233    A:0.18605    G:0.27907
Average         T:0.22481    C:0.24031    A:0.33333    G:0.20155

#20: Giraffe        
position  1:    T:0.16279    C:0.11628    A:0.46512    G:0.25581
position  2:    T:0.30233    C:0.27907    A:0.34884    G:0.06977
position  3:    T:0.23256    C:0.30233    A:0.20930    G:0.25581
Average         T:0.23256    C:0.23256    A:0.34109    G:0.19380

#21: TibetanAntelope
position  1:    T:0.16279    C:0.11628    A:0.46512    G:0.25581
position  2:    T:0.30233    C:0.27907    A:0.34884    G:0.06977
position  3:    T:0.30233    C:0.25581    A:0.18605    G:0.25581
Average         T:0.25581    C:0.21705    A:0.33333    G:0.19380

#22: Sitatunga      
position  1:    T:0.16279    C:0.11628    A:0.46512    G:0.25581
position  2:    T:0.30233    C:0.27907    A:0.34884    G:0.06977
position  3:    T:0.25581    C:0.30233    A:0.23256    G:0.20930
Average         T:0.24031    C:0.23256    A:0.34884    G:0.17829

#23: Oribi          
position  1:    T:0.16279    C:0.11628    A:0.46512    G:0.25581
position  2:    T:0.27907    C:0.30233    A:0.34884    G:0.06977
position  3:    T:0.25581    C:0.30233    A:0.18605    G:0.25581
Average         T:0.23256    C:0.24031    A:0.33333    G:0.19380

#24: BarbarySheep   
position  1:    T:0.16279    C:0.11628    A:0.46512    G:0.25581
position  2:    T:0.30233    C:0.27907    A:0.34884    G:0.06977
position  3:    T:0.27907    C:0.27907    A:0.18605    G:0.25581
Average         T:0.24806    C:0.22481    A:0.33333    G:0.19380

#25: Daviddeer      
position  1:    T:0.16279    C:0.11628    A:0.46512    G:0.25581
position  2:    T:0.30233    C:0.27907    A:0.34884    G:0.06977
position  3:    T:0.27907    C:0.27907    A:0.20930    G:0.23256
Average         T:0.24806    C:0.22481    A:0.34109    G:0.18605

#26: Reindeer       
position  1:    T:0.16279    C:0.11628    A:0.46512    G:0.25581
position  2:    T:0.30233    C:0.27907    A:0.34884    G:0.06977
position  3:    T:0.25581    C:0.30233    A:0.23256    G:0.20930
Average         T:0.24031    C:0.23256    A:0.34884    G:0.17829

#27: Ibex           
position  1:    T:0.16279    C:0.11628    A:0.46512    G:0.25581
position  2:    T:0.30233    C:0.27907    A:0.34884    G:0.06977
position  3:    T:0.25581    C:0.30233    A:0.18605    G:0.25581
Average         T:0.24031    C:0.23256    A:0.33333    G:0.19380

#28: GyrantGazelle  
position  1:    T:0.16279    C:0.11628    A:0.46512    G:0.25581
position  2:    T:0.27907    C:0.30233    A:0.34884    G:0.06977
position  3:    T:0.25581    C:0.30233    A:0.18605    G:0.25581
Average         T:0.23256    C:0.24031    A:0.33333    G:0.19380

#29: Hartebeest     
position  1:    T:0.16279    C:0.11628    A:0.46512    G:0.25581
position  2:    T:0.30233    C:0.27907    A:0.34884    G:0.06977
position  3:    T:0.27907    C:0.27907    A:0.20930    G:0.23256
Average         T:0.24806    C:0.22481    A:0.34109    G:0.18605

#30: Bongo          
position  1:    T:0.16279    C:0.11628    A:0.46512    G:0.25581
position  2:    T:0.30233    C:0.27907    A:0.34884    G:0.06977
position  3:    T:0.25581    C:0.30233    A:0.23256    G:0.20930
Average         T:0.24031    C:0.23256    A:0.34884    G:0.17829

#31: Gerenuk        
position  1:    T:0.16279    C:0.11628    A:0.46512    G:0.25581
position  2:    T:0.27907    C:0.30233    A:0.34884    G:0.06977
position  3:    T:0.27907    C:0.27907    A:0.18605    G:0.25581
Average         T:0.24031    C:0.23256    A:0.33333    G:0.19380

#32: CommonEland    
position  1:    T:0.16279    C:0.11628    A:0.46512    G:0.25581
position  2:    T:0.30233    C:0.27907    A:0.34884    G:0.06977
position  3:    T:0.25581    C:0.30233    A:0.20930    G:0.23256
Average         T:0.24031    C:0.23256    A:0.34109    G:0.18605

#33: MuntiacusReevesi
position  1:    T:0.16279    C:0.11628    A:0.46512    G:0.25581
position  2:    T:0.30233    C:0.27907    A:0.34884    G:0.06977
position  3:    T:0.25581    C:0.30233    A:0.18605    G:0.25581
Average         T:0.24031    C:0.23256    A:0.33333    G:0.19380

#34: HarveysDuiker  
position  1:    T:0.16279    C:0.11628    A:0.46512    G:0.25581
position  2:    T:0.30233    C:0.27907    A:0.34884    G:0.06977
position  3:    T:0.23256    C:0.32558    A:0.18605    G:0.25581
Average         T:0.23256    C:0.24031    A:0.33333    G:0.19380

#35: Pronghorn      
position  1:    T:0.16279    C:0.11628    A:0.44186    G:0.27907
position  2:    T:0.30233    C:0.27907    A:0.34884    G:0.06977
position  3:    T:0.23256    C:0.32558    A:0.18605    G:0.25581
Average         T:0.23256    C:0.24031    A:0.32558    G:0.20155

#36: BlueWildebeest 
position  1:    T:0.16279    C:0.11628    A:0.46512    G:0.25581
position  2:    T:0.30233    C:0.27907    A:0.34884    G:0.06977
position  3:    T:0.30233    C:0.25581    A:0.23256    G:0.20930
Average         T:0.25581    C:0.21705    A:0.34884    G:0.17829

#37: Gemsbok        
position  1:    T:0.16279    C:0.11628    A:0.46512    G:0.25581
position  2:    T:0.30233    C:0.27907    A:0.34884    G:0.06977
position  3:    T:0.27907    C:0.27907    A:0.20930    G:0.23256
Average         T:0.24806    C:0.22481    A:0.34109    G:0.18605

#38: Yak            
position  1:    T:0.18605    C:0.11628    A:0.46512    G:0.23256
position  2:    T:0.30233    C:0.27907    A:0.34884    G:0.06977
position  3:    T:0.27907    C:0.27907    A:0.20930    G:0.23256
Average         T:0.25581    C:0.22481    A:0.34109    G:0.17829

#39: BlueSheep      
position  1:    T:0.16279    C:0.11628    A:0.46512    G:0.25581
position  2:    T:0.30233    C:0.27907    A:0.34884    G:0.06977
position  3:    T:0.25581    C:0.30233    A:0.16279    G:0.27907
Average         T:0.24031    C:0.23256    A:0.32558    G:0.20155

#40: BohorReedbuck  
position  1:    T:0.16279    C:0.11628    A:0.46512    G:0.25581
position  2:    T:0.30233    C:0.27907    A:0.34884    G:0.06977
position  3:    T:0.23256    C:0.32558    A:0.23256    G:0.20930
Average         T:0.23256    C:0.24031    A:0.34884    G:0.17829

#41: KirksDik       
position  1:    T:0.16279    C:0.11628    A:0.41860    G:0.30233
position  2:    T:0.30233    C:0.27907    A:0.34884    G:0.06977
position  3:    T:0.20930    C:0.32558    A:0.13953    G:0.32558
Average         T:0.22481    C:0.24031    A:0.30233    G:0.23256

#42: RoeDeer        
position  1:    T:0.16279    C:0.11628    A:0.46512    G:0.25581
position  2:    T:0.30233    C:0.27907    A:0.34884    G:0.06977
position  3:    T:0.25581    C:0.32558    A:0.16279    G:0.25581
Average         T:0.24031    C:0.24031    A:0.32558    G:0.19380

#43: WhiteLippedDeer
position  1:    T:0.16279    C:0.11628    A:0.46512    G:0.25581
position  2:    T:0.30233    C:0.27907    A:0.34884    G:0.06977
position  3:    T:0.27907    C:0.27907    A:0.20930    G:0.23256
Average         T:0.24806    C:0.22481    A:0.34109    G:0.18605

#44: ThomsonGazelle 
position  1:    T:0.16279    C:0.11628    A:0.46512    G:0.25581
position  2:    T:0.27907    C:0.30233    A:0.34884    G:0.06977
position  3:    T:0.25581    C:0.30233    A:0.18605    G:0.25581
Average         T:0.23256    C:0.24031    A:0.33333    G:0.19380

#45: MuntiacusCrinifrons
position  1:    T:0.16279    C:0.11628    A:0.46512    G:0.25581
position  2:    T:0.30233    C:0.27907    A:0.34884    G:0.06977
position  3:    T:0.27907    C:0.27907    A:0.18605    G:0.25581
Average         T:0.24806    C:0.22481    A:0.33333    G:0.19380

#46: WhiteTailedDeer
position  1:    T:0.16279    C:0.11628    A:0.46512    G:0.25581
position  2:    T:0.30233    C:0.27907    A:0.34884    G:0.06977
position  3:    T:0.25581    C:0.30233    A:0.23256    G:0.20930
Average         T:0.24031    C:0.23256    A:0.34884    G:0.17829

#47: Cattle         
position  1:    T:0.18605    C:0.11628    A:0.46512    G:0.23256
position  2:    T:0.30233    C:0.27907    A:0.34884    G:0.06977
position  3:    T:0.25581    C:0.30233    A:0.20930    G:0.23256
Average         T:0.24806    C:0.23256    A:0.34109    G:0.17829

#48: RoyalAntelope  
position  1:    T:0.16279    C:0.11628    A:0.46512    G:0.25581
position  2:    T:0.30233    C:0.27907    A:0.34884    G:0.06977
position  3:    T:0.25581    C:0.30233    A:0.16279    G:0.27907
Average         T:0.24031    C:0.23256    A:0.32558    G:0.20155

#49: Steenbok       
position  1:    T:0.16279    C:0.11628    A:0.46512    G:0.25581
position  2:    T:0.30233    C:0.27907    A:0.34884    G:0.06977
position  3:    T:0.27907    C:0.27907    A:0.18605    G:0.25581
Average         T:0.24806    C:0.22481    A:0.33333    G:0.19380

#50: Impala         
position  1:    T:0.16279    C:0.13953    A:0.44186    G:0.25581
position  2:    T:0.30233    C:0.27907    A:0.34884    G:0.06977
position  3:    T:0.27907    C:0.27907    A:0.20930    G:0.23256
Average         T:0.24806    C:0.23256    A:0.33333    G:0.18605

#51: Klipspringer   
position  1:    T:0.16279    C:0.11628    A:0.46512    G:0.25581
position  2:    T:0.27907    C:0.30233    A:0.34884    G:0.06977
