1
52 1
Argali 0.000000 0.157600 0.069100 0.165600 0.040300 0.049700 0.049800 0.039400 0.069500 0.059400 0.029400 0.029600 0.039600 0.030200 0.059500 0.039300 0.049400 0.050600 0.039800 0.069500 0.029600 0.028000 0.049300 0.070600 0.029400 0.039200 0.039400 0.069500 0.039400 0.069500 0.098600 0.061500 0.079300 0.039300 0.049400 0.061200 0.039300 0.059700 0.029600 0.090500 0.069800 0.048900 0.059000 0.081500 0.061200 0.060000 0.039400 0.068600 0.039900 0.070700 0.059100 0.059400
LesserMous 0.157600 0.000000 0.189200 0.214600 0.137900 0.192000 0.113200 0.156800 0.189400 0.178100 0.146300 0.147200 0.157500 0.136000 0.156500 0.145600 0.168000 0.160300 0.158500 0.189600 0.146400 0.145900 0.166800 0.192300 0.146300 0.156300 0.156800 0.189400 0.134800 0.189400 0.208700 0.138300 0.178200 0.156600 0.167900 0.138000 0.157000 0.146800 0.146600 0.201800 0.190100 0.165800 0.176800 0.205000 0.138000 0.180500 0.134800 0.164400 0.124200 0.193500 0.178500 0.178800
LesserKudu 0.069100 0.189200 0.000000 0.222800 0.070600 0.100700 0.079700 0.048800 0.000000 0.048500 0.058900 0.039200 0.069400 0.060500 0.079200 0.048700 0.069100 0.070700 0.069800 0.000100 0.039000 0.058900 0.038600 0.059200 0.058900 0.048600 0.069000 0.000000 0.048800 0.000000 0.087000 0.071200 0.088400 0.068900 0.058700 0.070800 0.048700 0.069000 0.039100 0.078700 0.058600 0.058100 0.048100 0.069700 0.070800 0.069400 0.048800 0.077700 0.069800 0.069700 0.009500 0.009500
KillerWhal 0.165600 0.214600 0.222800 0.000000 0.193000 0.201200 0.177100 0.188100 0.223000 0.209400 0.177400 0.178600 0.189400 0.180400 0.187700 0.163400 0.198900 0.204200 0.192400 0.222400 0.176900 0.176900 0.196700 0.225000 0.177400 0.162900 0.188100 0.223000 0.164600 0.223000 0.253900 0.219700 0.196700 0.187800 0.198800 0.167300 0.188800 0.189900 0.176800 0.223600 0.222000 0.173000 0.207900 0.238300 0.167300 0.213000 0.164000 0.171600 0.151200 0.213600 0.211600 0.211400
DefassaWat 0.040300 0.137900 0.070600 0.193000 0.000000 0.071500 0.050800 0.040200 0.070700 0.060600 0.030100 0.030300 0.040300 0.030800 0.060700 0.040000 0.050400 0.051600 0.040600 0.070800 0.030200 0.030100 0.050300 0.071900 0.030100 0.040000 0.040100 0.070700 0.040200 0.070700 0.100500 0.062800 0.080800 0.040100 0.050300 0.041200 0.040200 0.020000 0.030200 0.092300 0.071200 0.049800 0.060100 0.083000 0.041200 0.061100 0.040200 0.069900 0.040600 0.051000 0.060500 0.060500
Sheep 0.049700 0.192000 0.100700 0.201200 0.071500 0.000000 0.080800 0.070000 0.100800 0.090200 0.059900 0.060400 0.070200 0.060900 0.090800 0.069700 0.080000 0.082000 0.070700 0.100800 0.060000 0.059800 0.079400 0.102100 0.059900 0.069600 0.069900 0.100800 0.070000 0.100800 0.119900 0.093800 0.110700 0.069600 0.080100 0.093300 0.070100 0.091500 0.059900 0.122200 0.101000 0.079300 0.089600 0.113400 0.093300 0.091300 0.069900 0.099600 0.070200 0.102600 0.090500 0.090500
MaxwellsDu 0.049800 0.113200 0.079700 0.177100 0.050800 0.080800 0.000000 0.049600 0.079800 0.069700 0.039600 0.039900 0.049800 0.020100 0.069900 0.029400 0.059700 0.050600 0.050100 0.079900 0.039700 0.039600 0.059600 0.081200 0.039600 0.049400 0.049500 0.079800 0.049600 0.079800 0.109100 0.030200 0.069300 0.049400 0.059600 0.071900 0.049600 0.049900 0.039700 0.101100 0.080300 0.059000 0.069300 0.092200 0.071900 0.070400 0.049600 0.078800 0.050200 0.081400 0.069700 0.069700
GazellaPrz 0.039400 0.156800 0.048800 0.188100 0.040200 0.070000 0.049600 0.000000 0.048900 0.039100 0.029400 0.029600 0.039400 0.030100 0.049200 0.019400 0.039300 0.040200 0.039600 0.048900 0.028300 0.029400 0.029200 0.049700 0.029400 0.019300 0.039200 0.048900 0.019300 0.048900 0.077800 0.061200 0.079100 0.039100 0.049200 0.060900 0.039300 0.039400 0.009700 0.069300 0.049100 0.028900 0.038800 0.060200 0.060900 0.037900 0.019400 0.068300 0.039700 0.060200 0.039000 0.039000
MountainNy 0.069500 0.189400 0.000000 0.223000 0.070700 0.100800 0.079800 0.048900 0.000000 0.048600 0.059200 0.039400 0.069500 0.060600 0.079300 0.048700 0.069200 0.070800 0.069900 0.000100 0.039100 0.059100 0.038600 0.059300 0.059200 0.048700 0.069100 0.000000 0.048900 0.000000 0.087100 0.071300 0.088600 0.069000 0.058800 0.070900 0.048900 0.069400 0.039100 0.078800 0.058600 0.058200 0.048200 0.069800 0.070900 0.069400 0.048800 0.077800 0.069900 0.069800 0.009500 0.009600
MuntiacusM 0.059400 0.178100 0.048500 0.209400 0.060600 0.090200 0.069700 0.039100 0.048600 0.000000 0.049300 0.049600 0.059400 0.050400 0.069300 0.039000 0.059200 0.060600 0.059800 0.048600 0.029300 0.049200 0.009500 0.029200 0.049300 0.038900 0.059200 0.048600 0.039000 0.048600 0.037800 0.082100 0.078600 0.059100 0.048900 0.081700 0.059300 0.059400 0.029300 0.048500 0.028900 0.038600 0.000100 0.039300 0.081700 0.059400 0.039000 0.067900 0.059800 0.059800 0.058800 0.058800
goat 0.029400 0.146300 0.058900 0.177400 0.030100 0.059900 0.039600 0.029400 0.059200 0.049300 0.000000 0.019700 0.009700 0.020100 0.049300 0.029300 0.039400 0.040300 0.029700 0.059300 0.019600 0.019500 0.039300 0.060200 0.000000 0.029300 0.009700 0.059200 0.029400 0.059200 0.088300 0.051000 0.048800 0.009700 0.019400 0.050700 0.009400 0.049500 0.019600 0.080000 0.059600 0.038900 0.048900 0.070900 0.050700 0.049700 0.029400 0.058500 0.029800 0.060300 0.046200 0.049200
AfricanBuf 0.029600 0.147200 0.039200 0.178600 0.030300 0.060400 0.039900 0.029600 0.039400 0.049600 0.019700 0.000000 0.029700 0.020200 0.049700 0.029500 0.039600 0.040600 0.029900 0.039500 0.019800 0.019000 0.039500 0.060600 0.019700 0.029500 0.029600 0.039400 0.029600 0.039400 0.088900 0.030600 0.069600 0.029500 0.039600 0.030400 0.029500 0.049900 0.019800 0.080500 0.060000 0.039200 0.049300 0.071400 0.030400 0.050100 0.029600 0.058900 0.029900 0.060800 0.029400 0.029500
Topi 0.039600 0.157500 0.069400 0.189400 0.040300 0.070200 0.049800 0.039400 0.069500 0.059400 0.009700 0.029700 0.000000 0.030200 0.059500 0.039300 0.049500 0.050600 0.039800 0.069600 0.029600 0.029500 0.049300 0.070600 0.009700 0.039200 0.000000 0.069500 0.039400 0.069500 0.098700 0.061500 0.058800 0.000100 0.029300 0.061100 0.019500 0.059900 0.029600 0.090500 0.069900 0.048900 0.059000 0.081500 0.061100 0.060000 0.039400 0.068600 0.039900 0.070700 0.059300 0.059400
CommonDuik 0.030200 0.136000 0.060500 0.180400 0.030800 0.060900 0.020100 0.030100 0.060600 0.050400 0.020100 0.020200 0.030200 0.000000 0.050500 0.030000 0.040300 0.041300 0.030400 0.060600 0.020100 0.020000 0.040200 0.061600 0.020100 0.029900 0.030100 0.060600 0.030100 0.060600 0.090200 0.031000 0.070700 0.030000 0.040300 0.051900 0.030100 0.050900 0.020100 0.087500 0.061000 0.039800 0.050100 0.072600 0.051900 0.050900 0.030100 0.059800 0.030500 0.061700 0.050300 0.050300
Suni 0.059500 0.156500 0.079200 0.187700 0.060700 0.090800 0.069900 0.049200 0.079300 0.069300 0.049300 0.049700 0.059500 0.050500 0.000000 0.049100 0.059000 0.060300 0.059900 0.079400 0.049400 0.049300 0.059200 0.080600 0.049300 0.049000 0.059200 0.079300 0.049200 0.079300 0.108700 0.082300 0.099600 0.059100 0.069400 0.060700 0.059300 0.069900 0.039400 0.100600 0.079800 0.058600 0.068800 0.091600 0.060700 0.069900 0.049200 0.068100 0.039500 0.080300 0.069200 0.069300
Springbuck 0.039300 0.145600 0.048700 0.163400 0.040000 0.069700 0.029400 0.019400 0.048700 0.039000 0.029300 0.029500 0.039300 0.030000 0.049100 0.000000 0.039100 0.040000 0.039500 0.048800 0.029400 0.029300 0.029100 0.049500 0.029300 0.019300 0.039100 0.048700 0.019400 0.048700 0.077700 0.061000 0.058600 0.039000 0.049100 0.060700 0.039100 0.019500 0.009700 0.069100 0.049000 0.028800 0.038700 0.060000 0.060700 0.037300 0.019300 0.068100 0.039600 0.059900 0.038900 0.038900
Okapi 0.049400 0.168000 0.069100 0.198900 0.050400 0.080000 0.059700 0.039300 0.069200 0.059200 0.039400 0.039600 0.049500 0.040300 0.059000 0.039100 0.000000 0.039800 0.049800 0.069300 0.039400 0.039300 0.049200 0.070300 0.039400 0.039100 0.049200 0.069200 0.039300 0.069200 0.098400 0.071700 0.089300 0.049100 0.059300 0.071300 0.049300 0.059700 0.029500 0.090000 0.069600 0.048700 0.058800 0.081100 0.071300 0.059700 0.039200 0.078400 0.049800 0.059700 0.059100 0.059200
Giraffe 0.050600 0.160300 0.070700 0.204200 0.051600 0.082000 0.050600 0.040200 0.070800 0.060600 0.040300 0.040600 0.050600 0.041300 0.060300 0.040000 0.039800 0.000000 0.050900 0.070800 0.040400 0.040200 0.044600 0.072000 0.040300 0.040000 0.050400 0.070800 0.040200 0.070800 0.100600 0.062500 0.091300 0.050300 0.060700 0.073100 0.050400 0.061100 0.030200 0.087600 0.071200 0.049800 0.060200 0.083100 0.073100 0.061100 0.040200 0.080200 0.044700 0.061000 0.060500 0.060500
TibetanAnt 0.039800 0.158500 0.069800 0.192400 0.040600 0.070700 0.050100 0.039600 0.069900 0.059800 0.029700 0.029900 0.039800 0.030400 0.059900 0.039500 0.049800 0.050900 0.000000 0.070000 0.029800 0.029700 0.049700 0.060400 0.029700 0.039500 0.039700 0.069900 0.039600 0.069900 0.099100 0.061900 0.079900 0.039600 0.049800 0.061600 0.039700 0.060300 0.029800 0.091200 0.070300 0.049200 0.059400 0.071100 0.061600 0.060300 0.039600 0.048700 0.040100 0.050200 0.059700 0.059700
Sitatunga 0.069500 0.189600 0.000100 0.222400 0.070800 0.100800 0.079900 0.048900 0.000100 0.048600 0.059300 0.039500 0.069600 0.060600 0.079400 0.048800 0.069300 0.070800 0.070000 0.000000 0.039100 0.059200 0.038600 0.059300 0.059300 0.048700 0.069200 0.000100 0.048900 0.000100 0.087200 0.071400 0.088700 0.069100 0.058900 0.071000 0.049000 0.069400 0.039200 0.078800 0.058700 0.058300 0.048200 0.069900 0.071000 0.069500 0.048900 0.077900 0.070000 0.069900 0.009600 0.009600
Oribi 0.029600 0.146400 0.039000 0.176900 0.030200 0.060000 0.039700 0.028300 0.039100 0.029300 0.019600 0.019800 0.029600 0.020100 0.049400 0.029400 0.039400 0.040400 0.029800 0.039100 0.000000 0.019600 0.019400 0.039700 0.019600 0.029300 0.029400 0.039100 0.029400 0.039100 0.068000 0.051100 0.048800 0.029400 0.019500 0.050800 0.029500 0.049800 0.019700 0.059400 0.039300 0.039000 0.029100 0.050100 0.050800 0.048600 0.029400 0.038600 0.029800 0.039800 0.049300 0.049300
BarbaryShe 0.028000 0.145900 0.058900 0.176900 0.030100 0.059800 0.039600 0.029400 0.059100 0.049200 0.019500 0.019000 0.029500 0.020000 0.049300 0.029300 0.039300 0.040200 0.029700 0.059200 0.019600 0.000000 0.039200 0.060100 0.019500 0.029200 0.029300 0.059100 0.029400 0.059100 0.088100 0.050900 0.069000 0.029300 0.039300 0.050600 0.029300 0.049400 0.019600 0.079900 0.059500 0.038800 0.048900 0.070800 0.050600 0.049600 0.029300 0.058400 0.029700 0.060200 0.049000 0.049200
Daviddeer 0.049300 0.166800 0.038600 0.196700 0.050300 0.079400 0.059600 0.029200 0.038600 0.009500 0.039300 0.039500 0.049300 0.040200 0.059200 0.029100 0.049200 0.044600 0.049700 0.038600 0.019400 0.039200 0.000000 0.019400 0.039300 0.029100 0.049100 0.038600 0.029200 0.038600 0.047500 0.071500 0.068500 0.049000 0.039000 0.071200 0.049200 0.049300 0.019500 0.038700 0.019200 0.038600 0.009500 0.029400 0.071200 0.049300 0.029100 0.058000 0.049600 0.049600 0.048800 0.048800
Reindeer 0.070600 0.192300 0.059200 0.225000 0.071900 0.102100 0.081200 0.049700 0.059300 0.029200 0.060200 0.060600 0.070600 0.061600 0.080600 0.049500 0.070300 0.072000 0.060400 0.059300 0.039700 0.060100 0.019400 0.000000 0.060200 0.049500 0.070300 0.059300 0.049700 0.059300 0.067800 0.094100 0.090000 0.070200 0.049600 0.093500 0.070400 0.070500 0.039800 0.049200 0.039200 0.059100 0.029000 0.009700 0.093500 0.070600 0.049700 0.079000 0.071000 0.071000 0.069800 0.069800
Ibex 0.029400 0.146300 0.058900 0.177400 0.030100 0.059900 0.039600 0.029400 0.059200 0.049300 0.000000 0.019700 0.009700 0.020100 0.049300 0.029300 0.039400 0.040300 0.029700 0.059300 0.019600 0.019500 0.039300 0.060200 0.000000 0.029300 0.009700 0.059200 0.029400 0.059200 0.088300 0.051000 0.048800 0.009700 0.019400 0.050700 0.009700 0.049500 0.019600 0.080000 0.059600 0.038900 0.048900 0.070900 0.050700 0.049700 0.029400 0.058500 0.029800 0.060300 0.049000 0.049200
GyrantGaze 0.039200 0.156300 0.048600 0.162900 0.040000 0.069600 0.049400 0.019300 0.048700 0.038900 0.029300 0.029500 0.039200 0.029900 0.049000 0.019300 0.039100 0.040000 0.039500 0.048700 0.029300 0.029200 0.029100 0.049500 0.029300 0.000000 0.039000 0.048700 0.019300 0.048700 0.077500 0.061000 0.078700 0.039000 0.049000 0.060700 0.039100 0.039200 0.009700 0.069000 0.048900 0.009500 0.038600 0.059900 0.060700 0.037300 0.019300 0.048100 0.039500 0.059900 0.038800 0.038800
Hartebeest 0.039400 0.156800 0.069000 0.188100 0.040100 0.069900 0.049500 0.039200 0.069100 0.059200 0.009700 0.029600 0.000000 0.030100 0.059200 0.039100 0.049200 0.050400 0.039700 0.069200 0.029400 0.029300 0.049100 0.070300 0.009700 0.039000 0.000000 0.069100 0.039200 0.069100 0.098200 0.061200 0.058500 0.000100 0.029200 0.060900 0.019400 0.059600 0.029400 0.090000 0.069500 0.048600 0.058700 0.081100 0.060900 0.059700 0.039200 0.068300 0.039700 0.070400 0.059100 0.059100
Bongo 0.069500 0.189400 0.000000 0.223000 0.070700 0.100800 0.079800 0.048900 0.000000 0.048600 0.059200 0.039400 0.069500 0.060600 0.079300 0.048700 0.069200 0.070800 0.069900 0.000100 0.039100 0.059100 0.038600 0.059300 0.059200 0.048700 0.069100 0.000000 0.048900 0.000000 0.087100 0.071300 0.088600 0.069000 0.058800 0.070900 0.048900 0.069400 0.039100 0.078800 0.058600 0.058200 0.048200 0.069800 0.070900 0.069400 0.048800 0.077800 0.069900 0.069800 0.009500 0.009600
Gerenuk 0.039400 0.134800 0.048800 0.164600 0.040200 0.070000 0.049600 0.019300 0.048900 0.039000 0.029400 0.029600 0.039400 0.030100 0.049200 0.019400 0.039300 0.040200 0.039600 0.048900 0.029400 0.029400 0.029200 0.049700 0.029400 0.019300 0.039200 0.048900 0.000000 0.048900 0.077800 0.061300 0.079000 0.039100 0.049200 0.060900 0.039300 0.039400 0.009700 0.069300 0.049100 0.028900 0.038800 0.060200 0.060900 0.037900 0.000000 0.068300 0.039700 0.060200 0.039000 0.039000
CommonElan 0.069500 0.189400 0.000000 0.223000 0.070700 0.100800 0.079800 0.048900 0.000000 0.048600 0.059200 0.039400 0.069500 0.060600 0.079300 0.048700 0.069200 0.070800 0.069900 0.000100 0.039100 0.059100 0.038600 0.059300 0.059200 0.048700 0.069100 0.000000 0.048900 0.000000 0.087100 0.071300 0.088600 0.069000 0.058800 0.070900 0.048900 0.069400 0.039100 0.078800 0.058600 0.058200 0.048200 0.069800 0.070900 0.069400 0.048800 0.077800 0.069900 0.069800 0.009500 0.009600
MuntiacusR 0.098600 0.208700 0.087000 0.253900 0.100500 0.119900 0.109100 0.077800 0.087100 0.037800 0.088300 0.088900 0.098700 0.090200 0.108700 0.077700 0.098400 0.100600 0.099100 0.087200 0.068000 0.088100 0.047500 0.067800 0.088300 0.077500 0.098200 0.087100 0.077800 0.087100 0.000000 0.122500 0.096900 0.098000 0.087700 0.122000 0.098300 0.098700 0.068200 0.087100 0.067200 0.086900 0.037500 0.078200 0.122000 0.098800 0.077800 0.106500 0.099200 0.099100 0.097700 0.097800
HarveysDui 0.061500 0.138300 0.071200 0.219700 0.062800 0.093800 0.030200 0.061200 0.071300 0.082100 0.051000 0.030600 0.061500 0.031000 0.082300 0.061000 0.071700 0.062500 0.061900 0.071400 0.051100 0.050900 0.071500 0.094100 0.051000 0.061000 0.061200 0.071300 0.061300 0.071300 0.122500 0.000000 0.102800 0.061100 0.071600 0.062900 0.061300 0.082900 0.051100 0.114600 0.093100 0.070800 0.081500 0.105600 0.062900 0.082800 0.061200 0.091300 0.062000 0.094300 0.060900 0.061000
Pronghorn 0.079300 0.178200 0.088400 0.196700 0.080800 0.110700 0.069300 0.079100 0.088600 0.078600 0.048800 0.069600 0.058800 0.070700 0.099600 0.058600 0.089300 0.091300 0.079900 0.088700 0.048800 0.069000 0.068500 0.090000 0.048800 0.078700 0.058500 0.088600 0.079000 0.088600 0.096900 0.102800 0.000000 0.058500 0.048400 0.102200 0.058600 0.079500 0.069300 0.105700 0.089000 0.088300 0.078100 0.100900 0.102200 0.100300 0.079000 0.087500 0.075200 0.090100 0.099300 0.099400
BlueWildeb 0.039300 0.156600 0.068900 0.187800 0.040100 0.069600 0.049400 0.039100 0.069000 0.059100 0.009700 0.029500 0.000100 0.030000 0.059100 0.039000 0.049100 0.050300 0.039600 0.069100 0.029400 0.029300 0.049000 0.070200 0.009700 0.039000 0.000100 0.069000 0.039100 0.069000 0.098000 0.061100 0.058500 0.000000 0.029100 0.060800 0.019400 0.059500 0.029400 0.089900 0.069400 0.048500 0.058600 0.081000 0.060800 0.059600 0.039100 0.068200 0.039600 0.070300 0.059000 0.059000
Gemsbok 0.049400 0.167900 0.058700 0.198800 0.050300 0.080100 0.059600 0.049200 0.058800 0.048900 0.019400 0.039600 0.029300 0.040300 0.069400 0.049100 0.059300 0.060700 0.049800 0.058900 0.019500 0.039300 0.039000 0.049600 0.019400 0.049000 0.029200 0.058800 0.049200 0.058800 0.087700 0.071600 0.048400 0.029100 0.000000 0.071300 0.029200 0.069800 0.039400 0.058900 0.059100 0.058600 0.048600 0.060100 0.071300 0.069900 0.049200 0.058100 0.049800 0.059900 0.069200 0.069200
Yak 0.061200 0.138000 0.070800 0.167300 0.041200 0.093300 0.071900 0.060900 0.070900 0.081700 0.050700 0.030400 0.061100 0.051900 0.060700 0.060700 0.071300 0.073100 0.061600 0.071000 0.050800 0.050600 0.071200 0.093500 0.050700 0.060700 0.060900 0.070900 0.060900 0.070900 0.122000 0.062900 0.102200 0.060800 0.071300 0.000000 0.061000 0.061200 0.050800 0.114100 0.092600 0.070500 0.081100 0.105000 0.000000 0.082400 0.060900 0.069900 0.040600 0.093700 0.060600 0.060600
BlueSheep 0.039300 0.157000 0.048700 0.188800 0.040200 0.070100 0.049600 0.039300 0.048900 0.059300 0.009400 0.029500 0.019500 0.030100 0.059300 0.039100 0.049300 0.050400 0.039700 0.049000 0.029500 0.029300 0.049200 0.070400 0.009700 0.039100 0.019400 0.048900 0.039300 0.048900 0.098300 0.061300 0.058600 0.019400 0.029200 0.061000 0.000000 0.059500 0.029500 0.090100 0.069600 0.048700 0.058800 0.081200 0.061000 0.059800 0.039300 0.068400 0.039700 0.070600 0.038900 0.039000
BohorReedb 0.059700 0.146800 0.069000 0.189900 0.020000 0.091500 0.049900 0.039400 0.069400 0.059400 0.049500 0.049900 0.059900 0.050900 0.069900 0.019500 0.059700 0.061100 0.060300 0.069400 0.049800 0.049400 0.049300 0.070500 0.049500 0.039200 0.059600 0.069400 0.039400 0.069400 0.098700 0.082900 0.079500 0.059500 0.069800 0.061200 0.059500 0.000000 0.029600 0.090400 0.069800 0.048800 0.059000 0.081300 0.061200 0.059900 0.039400 0.089100 0.060400 0.060400 0.059100 0.059300
KirksDik 0.029600 0.146600 0.039100 0.176800 0.030200 0.059900 0.039700 0.009700 0.039100 0.029300 0.019600 0.019800 0.029600 0.020100 0.039400 0.009700 0.029500 0.030200 0.029800 0.039200 0.019700 0.019600 0.019500 0.039800 0.019600 0.009700 0.029400 0.039100 0.009700 0.039100 0.068200 0.051100 0.069300 0.029400 0.039400 0.050800 0.029500 0.029600 0.000000 0.053700 0.039400 0.019300 0.029100 0.050200 0.050800 0.028200 0.009700 0.058600 0.022700 0.050200 0.029300 0.029300
RoeDeer 0.090500 0.201800 0.078700 0.223600 0.092300 0.122200 0.101100 0.069300 0.078800 0.048500 0.080000 0.080500 0.090500 0.087500 0.100600 0.069100 0.090000 0.087600 0.091200 0.078800 0.059400 0.079900 0.038700 0.049200 0.080000 0.069000 0.090000 0.078800 0.069300 0.078800 0.087100 0.114600 0.105700 0.089900 0.058900 0.114100 0.090100 0.090400 0.053700 0.000000 0.058600 0.078600 0.048200 0.059600 0.114100 0.085900 0.069300 0.098400 0.069200 0.091000 0.089500 0.089500
WhiteLippe 0.069800 0.190100 0.058600 0.222000 0.071200 0.101000 0.080300 0.049100 0.058600 0.028900 0.059600 0.060000 0.069900 0.061000 0.079800 0.049000 0.069600 0.071200 0.070300 0.058700 0.039300 0.059500 0.019200 0.039200 0.059600 0.048900 0.069500 0.058600 0.049100 0.058600 0.067200 0.093100 0.089000 0.069400 0.059100 0.092600 0.069600 0.069800 0.039400 0.058600 0.000000 0.058500 0.028700 0.049500 0.092600 0.069800 0.049100 0.078100 0.070200 0.070200 0.069100 0.069100
ThomsonGaz 0.048900 0.165800 0.058100 0.173000 0.049800 0.079300 0.059000 0.028900 0.058200 0.038600 0.038900 0.039200 0.048900 0.039800 0.058600 0.028800 0.048700 0.049800 0.049200 0.058300 0.039000 0.038800 0.038600 0.059100 0.038900 0.009500 0.048600 0.058200 0.028900 0.058200 0.086900 0.070800 0.088300 0.048500 0.058600 0.070500 0.048700 0.048800 0.019300 0.078600 0.058500 0.000000 0.048100 0.069600 0.070500 0.047300 0.028900 0.057500 0.049200 0.069600 0.048400 0.048400
MuntiacusC 0.059000 0.176800 0.048100 0.207900 0.060100 0.089600 0.069300 0.038800 0.048200 0.000100 0.048900 0.049300 0.059000 0.050100 0.068800 0.038700 0.058800 0.060200 0.059400 0.048200 0.029100 0.048900 0.009500 0.029000 0.048900 0.038600 0.058700 0.048200 0.038800 0.048200 0.037500 0.081500 0.078100 0.058600 0.048600 0.081100 0.058800 0.059000 0.029100 0.048200 0.028700 0.048100 0.000000 0.039000 0.081100 0.059000 0.038800 0.067500 0.059300 0.059300 0.058400 0.058400
WhiteTaile 0.081500 0.205000 0.069700 0.238300 0.083000 0.113400 0.092200 0.060200 0.069800 0.039300 0.070900 0.071400 0.081500 0.072600 0.091600 0.060000 0.081100 0.083100 0.071100 0.069900 0.050100 0.070800 0.029400 0.009700 0.070900 0.059900 0.081100 0.069800 0.060200 0.069800 0.078200 0.105600 0.100900 0.081000 0.060100 0.105000 0.081200 0.081300 0.050200 0.059600 0.049500 0.069600 0.039000 0.000000 0.105000 0.081400 0.060200 0.089700 0.081900 0.082000 0.080500 0.080600
Cattle 0.061200 0.138000 0.070800 0.167300 0.041200 0.093300 0.071900 0.060900 0.070900 0.081700 0.050700 0.030400 0.061100 0.051900 0.060700 0.060700 0.071300 0.073100 0.061600 0.071000 0.050800 0.050600 0.071200 0.093500 0.050700 0.060700 0.060900 0.070900 0.060900 0.070900 0.122000 0.062900 0.102200 0.060800 0.071300 0.000000 0.061000 0.061200 0.050800 0.114100 0.092600 0.070500 0.081100 0.105000 0.000000 0.082400 0.060900 0.069900 0.040600 0.093700 0.060600 0.060600
RoyalAntel 0.060000 0.180500 0.069400 0.213000 0.061100 0.091300 0.070400 0.037900 0.069400 0.059400 0.049700 0.050100 0.060000 0.050900 0.069900 0.037300 0.059700 0.061100 0.060300 0.069500 0.048600 0.049600 0.049300 0.070600 0.049700 0.037300 0.059700 0.069400 0.037900 0.069400 0.098800 0.082800 0.100300 0.059600 0.069900 0.082400 0.059800 0.059900 0.028200 0.085900 0.069800 0.047300 0.059000 0.081400 0.082400 0.000000 0.037500 0.089200 0.056200 0.081400 0.059300 0.059400
Steenbok 0.039400 0.134800 0.048800 0.164000 0.040200 0.069900 0.049600 0.019400 0.048800 0.039000 0.029400 0.029600 0.039400 0.030100 0.049200 0.019300 0.039200 0.040200 0.039600 0.048900 0.029400 0.029300 0.029100 0.049700 0.029400 0.019300 0.039200 0.048800 0.000000 0.048800 0.077800 0.061200 0.079000 0.039100 0.049200 0.060900 0.039300 0.039400 0.009700 0.069300 0.049100 0.028900 0.038800 0.060200 0.060900 0.037500 0.000000 0.068300 0.039700 0.060100 0.039000 0.039000
Impala 0.068600 0.164400 0.077700 0.171600 0.069900 0.099600 0.078800 0.068300 0.077800 0.067900 0.058500 0.058900 0.068600 0.059800 0.068100 0.068100 0.078400 0.080200 0.048700 0.077900 0.038600 0.058400 0.058000 0.079000 0.058500 0.048100 0.068300 0.077800 0.068300 0.077800 0.106500 0.091300 0.087500 0.068200 0.058100 0.069900 0.068400 0.089100 0.058600 0.098400 0.078100 0.057500 0.067500 0.089700 0.069900 0.089200 0.068300 0.000000 0.048800 0.058600 0.088300 0.088300
Klipspring 0.039900 0.124200 0.069800 0.151200 0.040600 0.070200 0.050200 0.039700 0.069900 0.059800 0.029800 0.029900 0.039900 0.030500 0.039500 0.039600 0.049800 0.044700 0.040100 0.070000 0.029800 0.029700 0.049600 0.071000 0.029800 0.039500 0.039700 0.069900 0.039700 0.069900 0.099200 0.062000 0.075200 0.039600 0.049800 0.040600 0.039700 0.060400 0.022700 0.069200 0.070200 0.049200 0.059300 0.081900 0.040600 0.056200 0.039700 0.048800 0.000000 0.071300 0.059800 0.059800
ForestMusk 0.070700 0.193500 0.069700 0.213600 0.051000 0.102600 0.081400 0.060200 0.069800 0.059800 0.060300 0.060800 0.070700 0.061700 0.080300 0.059900 0.059700 0.061000 0.050200 0.069900 0.039800 0.060200 0.049600 0.071000 0.060300 0.059900 0.070400 0.069800 0.060200 0.069800 0.099100 0.094300 0.090100 0.070300 0.059900 0.093700 0.070600 0.060400 0.050200 0.091000 0.070200 0.069600 0.059300 0.082000 0.093700 0.081400 0.060100 0.058600 0.071300 0.000000 0.080500 0.080600
Bushbuck 0.059100 0.178500 0.009500 0.211600 0.060500 0.090500 0.069700 0.039000 0.009500 0.058800 0.046200 0.029400 0.059300 0.050300 0.069200 0.038900 0.059100 0.060500 0.059700 0.009600 0.049300 0.049000 0.048800 0.069800 0.049000 0.038800 0.059100 0.009500 0.039000 0.009500 0.097700 0.060900 0.099300 0.059000 0.069200 0.060600 0.038900 0.059100 0.029300 0.089500 0.069100 0.048400 0.058400 0.080500 0.060600 0.059300 0.039000 0.088300 0.059800 0.080500 0.000000 0.000000
GreaterKud 0.059400 0.178800 0.009500 0.211400 0.060500 0.090500 0.069700 0.039000 0.009600 0.058800 0.049200 0.029500 0.059400 0.050300 0.069300 0.038900 0.059200 0.060500 0.059700 0.009600 0.049300 0.049200 0.048800 0.069800 0.049200 0.038800 0.059100 0.009600 0.039000 0.009600 0.097800 0.061000 0.099400 0.059000 0.069200 0.060600 0.039000 0.059300 0.029300 0.089500 0.069100 0.048400 0.058400 0.080600 0.060600 0.059400 0.039000 0.088300 0.059800 0.080600 0.000000 0.000000
