CODONML (in paml version 4.10.7, June 2023)  /home/rachel/ruminants_paml/6406-phy-tree/ENSBTAT00000000472.fasta.phy
Model: free dN/dS Ratios for branches,  kappa = 2.000 fixed

Codon frequency model: F3x4
ns =  54  ls =  43

Codon usage in sequences
--------------------------------------------------------------------------------------------------------------------------------------
Phe TTT   1   1   1   1   1   1 | Ser TCT   0   1   0   0   0   0 | Tyr TAT   0   1   0   0   0   0 | Cys TGT   1   0   1   1   1   1
    TTC   0   0   0   0   0   0 |     TCC   0   0   0   0   0   1 |     TAC   0   0   0   0   0   0 |     TGC   1   1   1   1   1   1
Leu TTA   2   2   2   2   2   3 |     TCA   0   0   0   0   0   0 | *** TAA   0   0   0   0   0   0 | *** TGA   0   0   0   0   0   0
    TTG   3   4   3   3   4   4 |     TCG   0   0   0   0   0   0 |     TAG   0   0   0   0   0   0 | Trp TGG   2   2   2   2   2   2
--------------------------------------------------------------------------------------------------------------------------------------
Leu CTT   2   2   1   2   2   2 | Pro CCT   0   0   0   0   0   1 | His CAT   0   0   0   0   0   0 | Arg CGT   0   0   0   0   0   0
    CTC   0   0   0   0   1   1 |     CCC   1   1   2   2   1   1 |     CAC   1   1   1   1   1   1 |     CGC   0   0   0   0   0   0
    CTA   0   0   1   0   0   0 |     CCA   0   0   0   0   0   0 | Gln CAA   0   0   0   0   0   0 |     CGA   0   0   0   0   0   0
    CTG   4   3   4   4   2   2 |     CCG   0   0   0   0   1   0 |     CAG   0   0   0   0   0   0 |     CGG   0   0   0   0   0   0
--------------------------------------------------------------------------------------------------------------------------------------
Ile ATT   1   1   1   1   1   0 | Thr ACT   0   0   0   0   0   1 | Asn AAT   1   0   0   0   0   0 | Ser AGT   1   1   1   1   1   1
    ATC   0   0   0   0   0   0 |     ACC   1   2   1   1   2   1 |     AAC   2   1   3   3   2   1 |     AGC   0   1   0   0   0   1
    ATA   1   0   1   1   1   1 |     ACA   0   1   0   0   0   0 | Lys AAA   2   2   2   2   2   2 | Arg AGA   1   1   1   1   1   1
Met ATG   0   0   0   0   0   0 |     ACG   0   0   0   0   0   0 |     AAG   0   0   0   0   0   0 |     AGG   0   0   0   0   0   0
--------------------------------------------------------------------------------------------------------------------------------------
Val GTT   1   1   1   1   2   1 | Ala GCT   1   0   0   0   0   0 | Asp GAT   4   3   3   3   3   3 | Gly GGT   3   3   4   4   4   4
    GTC   1   1   1   1   0   1 |     GCC   0   0   0   0   0   0 |     GAC   1   2   2   2   2   2 |     GGC   0   0   0   0   0   0
    GTA   1   0   1   1   0   0 |     GCA   0   0   0   0   0   0 | Glu GAA   1   1   1   1   1   1 |     GGA   0   0   0   0   0   0
    GTG   0   1   0   0   1   0 |     GCG   0   0   0   0   0   0 |     GAG   1   0   0   0   0   0 |     GGG   1   2   1   1   1   1
--------------------------------------------------------------------------------------------------------------------------------------

--------------------------------------------------------------------------------------------------------------------------------------
Phe TTT   1   1   1   1   1   1 | Ser TCT   0   0   0   0   0   0 | Tyr TAT   0   0   0   0   0   0 | Cys TGT   1   1   1   1   1   1
    TTC   0   0   0   0   0   0 |     TCC   0   0   0   0   0   0 |     TAC   0   1   0   0   0   0 |     TGC   1   1   1   1   1   1
Leu TTA   3   2   2   2   2   2 |     TCA   0   0   0   0   0   0 | *** TAA   0   0   0   0   0   0 | *** TGA   0   0   0   0   0   0
    TTG   2   3   3   3   3   3 |     TCG   0   0   0   0   0   0 |     TAG   0   0   0   0   0   0 | Trp TGG   2   2   2   2   2   2
--------------------------------------------------------------------------------------------------------------------------------------
Leu CTT   2   2   2   2   1   2 | Pro CCT   0   0   0   0   0   0 | His CAT   0   0   0   0   0   0 | Arg CGT   0   0   0   0   0   0
    CTC   0   0   0   0   0   0 |     CCC   2   2   2   2   2   2 |     CAC   1   0   1   1   1   1 |     CGC   0   0   0   0   0   0
    CTA   0   0   0   0   1   0 |     CCA   0   0   0   0   0   0 | Gln CAA   0   0   0   0   0   0 |     CGA   0   0   0   0   0   0
    CTG   4   4   4   4   4   4 |     CCG   0   0   0   0   0   0 |     CAG   0   0   0   0   0   0 |     CGG   0   0   0   0   0   0
--------------------------------------------------------------------------------------------------------------------------------------
Ile ATT   1   1   1   1   1   1 | Thr ACT   0   0   0   0   0   0 | Asn AAT   0   0   0   0   0   0 | Ser AGT   1   1   1   1   1   1
    ATC   0   0   0   0   0   0 |     ACC   1   1   1   1   1   1 |     AAC   3   3   2   3   3   3 |     AGC   0   0   1   0   0   0
    ATA   2   2   2   2   1   1 |     ACA   0   0   0   0   0   0 | Lys AAA   2   2   2   2   2   2 | Arg AGA   1   1   1   1   1   1
Met ATG   0   0   0   0   0   0 |     ACG   0   0   0   0   0   0 |     AAG   0   0   0   0   0   0 |     AGG   0   0   0   0   0   0
--------------------------------------------------------------------------------------------------------------------------------------
Val GTT   1   1   1   1   1   1 | Ala GCT   0   0   0   0   0   0 | Asp GAT   4   4   3   3   3   3 | Gly GGT   4   4   4   4   4   4
    GTC   1   1   1   1   1   1 |     GCC   0   0   0   0   0   0 |     GAC   1   1   2   2   2   2 |     GGC   0   0   0   0   0   0
    GTA   0   0   0   0   1   1 |     GCA   0   0   0   0   0   0 | Glu GAA   1   1   1   1   1   1 |     GGA   0   0   0   0   0   0
    GTG   0   0   0   0   0   0 |     GCG   0   0   0   0   0   0 |     GAG   0   0   0   0   0   0 |     GGG   1   1   1   1   1   1
--------------------------------------------------------------------------------------------------------------------------------------

--------------------------------------------------------------------------------------------------------------------------------------
Phe TTT   1   1   1   1   1   1 | Ser TCT   0   0   0   0   0   0 | Tyr TAT   0   0   0   0   0   0 | Cys TGT   1   1   1   1   1   1
    TTC   0   0   0   0   0   0 |     TCC   0   0   0   0   0   0 |     TAC   0   0   0   0   0   0 |     TGC   1   1   1   1   1   1
Leu TTA   2   2   1   2   2   2 |     TCA   0   0   0   0   0   0 | *** TAA   0   0   0   0   0   0 | *** TGA   0   0   0   0   0   0
    TTG   3   3   3   3   3   3 |     TCG   0   0   0   0   0   0 |     TAG   0   0   0   0   0   0 | Trp TGG   2   2   2   2   2   2
--------------------------------------------------------------------------------------------------------------------------------------
Leu CTT   2   2   2   2   2   2 | Pro CCT   0   0   0   0   0   1 | His CAT   0   0   0   0   0   0 | Arg CGT   0   0   0   0   0   0
    CTC   0   0   0   0   0   0 |     CCC   2   2   2   2   2   1 |     CAC   1   1   1   1   1   1 |     CGC   0   0   0   0   0   0
    CTA   0   1   1   0   0   0 |     CCA   0   0   0   0   0   0 | Gln CAA   0   0   0   0   0   0 |     CGA   0   0   0   0   0   0
    CTG   4   3   4   4   4   4 |     CCG   0   0   0   0   0   0 |     CAG   0   0   0   0   0   0 |     CGG   0   0   0   0   0   0
--------------------------------------------------------------------------------------------------------------------------------------
Ile ATT   1   1   1   1   1   1 | Thr ACT   0   0   0   0   0   0 | Asn AAT   0   0   0   0   0   0 | Ser AGT   1   1   1   1   1   1
    ATC   0   0   0   0   0   0 |     ACC   1   1   1   1   1   2 |     AAC   3   3   3   2   2   2 |     AGC   0   0   0   1   0   0
    ATA   2   1   2   2   2   2 |     ACA   0   0   0   0   0   0 | Lys AAA   2   2   2   2   2   2 | Arg AGA   1   1   1   1   1   1
Met ATG   0   0   0   0   0   0 |     ACG   0   0   0   0   0   0 |     AAG   0   0   0   0   0   0 |     AGG   0   0   0   0   0   0
--------------------------------------------------------------------------------------------------------------------------------------
Val GTT   1   1   1   1   1   1 | Ala GCT   0   0   0   0   0   0 | Asp GAT   3   3   3   4   3   3 | Gly GGT   4   4   4   4   4   2
    GTC   1   1   1   1   1   1 |     GCC   0   0   0   0   0   0 |     GAC   2   2   2   1   3   2 |     GGC   0   0   0   0   0   0
    GTA   0   1   0   0   0   0 |     GCA   0   0   0   0   0   0 | Glu GAA   1   1   1   1   1   1 |     GGA   0   0   0   0   0   1
    GTG   0   0   0   0   0   0 |     GCG   0   0   0   0   0   0 |     GAG   0   0   0   0   0   0 |     GGG   1   1   1   1   1   2
--------------------------------------------------------------------------------------------------------------------------------------

--------------------------------------------------------------------------------------------------------------------------------------
Phe TTT   1   1   1   1   1   1 | Ser TCT   0   0   0   0   0   0 | Tyr TAT   0   0   0   0   0   0 | Cys TGT   1   2   1   1   1   1
    TTC   0   0   0   0   0   0 |     TCC   0   0   0   0   0   0 |     TAC   0   0   0   0   0   0 |     TGC   1   0   1   1   1   1
Leu TTA   2   2   2   2   2   2 |     TCA   0   0   0   0   0   0 | *** TAA   0   0   0   0   0   0 | *** TGA   0   0   0   0   0   0
    TTG   3   3   3   3   3   3 |     TCG   0   0   0   0   0   0 |     TAG   0   0   0   0   0   0 | Trp TGG   2   2   2   2   2   2
--------------------------------------------------------------------------------------------------------------------------------------
Leu CTT   2   2   2   1   2   2 | Pro CCT   0   0   0   0   0   0 | His CAT   0   0   0   0   0   0 | Arg CGT   0   0   0   0   0   0
    CTC   0   0   0   0   0   0 |     CCC   2   2   2   2   2   2 |     CAC   1   1   1   1   1   1 |     CGC   0   0   0   0   0   0
    CTA   0   0   0   1   0   0 |     CCA   0   0   0   0   0   0 | Gln CAA   0   0   0   0   0   0 |     CGA   0   0   0   0   0   0
    CTG   4   4   4   4   4   4 |     CCG   0   0   0   0   0   0 |     CAG   0   0   0   0   0   0 |     CGG   0   0   0   0   0   0
--------------------------------------------------------------------------------------------------------------------------------------
Ile ATT   1   1   1   1   1   1 | Thr ACT   0   0   0   0   0   0 | Asn AAT   0   0   0   0   0   0 | Ser AGT   1   1   1   1   1   1
    ATC   0   0   0   0   0   0 |     ACC   1   1   1   1   1   1 |     AAC   3   3   3   3   3   3 |     AGC   0   0   0   0   0   0
    ATA   1   1   2   1   2   2 |     ACA   0   0   0   0   0   0 | Lys AAA   2   2   2   2   2   2 | Arg AGA   1   1   1   1   1   1
Met ATG   0   0   0   0   0   0 |     ACG   0   0   0   0   0   0 |     AAG   0   0   0   0   0   0 |     AGG   0   0   0   0   0   0
--------------------------------------------------------------------------------------------------------------------------------------
Val GTT   1   1   1   1   1   1 | Ala GCT   0   0   0   0   0   0 | Asp GAT   3   3   3   3   3   3 | Gly GGT   4   4   4   4   3   4
    GTC   1   1   1   1   1   1 |     GCC   0   0   0   0   0   0 |     GAC   2   2   2   2   2   2 |     GGC   0   0   0   0   0   0
    GTA   1   1   0   1   0   0 |     GCA   0   0   0   0   0   0 | Glu GAA   1   1   1   1   1   1 |     GGA   0   0   0   0   1   0
    GTG   0   0   0   0   0   0 |     GCG   0   0   0   0   0   0 |     GAG   0   0   0   0   0   0 |     GGG   1   1   1   1   1   1
--------------------------------------------------------------------------------------------------------------------------------------

--------------------------------------------------------------------------------------------------------------------------------------
Phe TTT   1   1   1   1   1   1 | Ser TCT   0   0   0   0   0   0 | Tyr TAT   0   0   0   0   0   0 | Cys TGT   1   1   1   1   1   1
    TTC   0   0   0   0   0   0 |     TCC   0   0   0   0   0   0 |     TAC   0   0   0   0   0   0 |     TGC   1   1   1   1   1   1
Leu TTA   2   2   2   2   2   2 |     TCA   0   0   0   0   0   0 | *** TAA   0   0   0   0   0   0 | *** TGA   0   0   0   0   0   0
    TTG   3   3   3   3   3   3 |     TCG   0   0   0   0   0   0 |     TAG   0   0   0   0   0   0 | Trp TGG   2   2   2   2   2   2
--------------------------------------------------------------------------------------------------------------------------------------
Leu CTT   2   2   2   2   2   1 | Pro CCT   0   0   0   0   0   0 | His CAT   0   0   0   0   0   0 | Arg CGT   0   0   0   0   0   0
    CTC   0   0   0   0   0   0 |     CCC   2   2   2   2   2   2 |     CAC   1   1   1   1   1   1 |     CGC   0   0   0   0   0   0
    CTA   0   0   0   0   0   1 |     CCA   0   0   0   0   0   0 | Gln CAA   0   0   0   0   0   0 |     CGA   0   0   0   0   0   0
    CTG   4   4   4   4   4   4 |     CCG   0   0   0   0   0   0 |     CAG   0   0   0   0   0   0 |     CGG   0   0   0   0   0   0
--------------------------------------------------------------------------------------------------------------------------------------
Ile ATT   1   1   1   1   1   1 | Thr ACT   0   0   0   0   0   0 | Asn AAT   1   0   0   0   0   0 | Ser AGT   1   1   1   1   1   1
    ATC   0   0   0   0   0   0 |     ACC   1   1   1   1   1   1 |     AAC   3   3   3   3   3   3 |     AGC   0   0   0   0   0   0
    ATA   1   1   2   2   2   1 |     ACA   0   0   0   0   0   0 | Lys AAA   2   2   2   2   2   2 | Arg AGA   1   1   1   1   1   1
Met ATG   0   0   0   0   0   0 |     ACG   0   0   0   0   0   0 |     AAG   0   0   0   0   0   0 |     AGG   0   0   0   0   0   0
--------------------------------------------------------------------------------------------------------------------------------------
Val GTT   1   1   1   1   1   1 | Ala GCT   0   0   0   0   0   0 | Asp GAT   3   3   3   3   3   3 | Gly GGT   4   4   4   3   4   4
    GTC   1   1   1   1   1   1 |     GCC   0   0   0   0   0   0 |     GAC   1   2   2   2   2   2 |     GGC   0   0   0   0   0   0
    GTA   1   1   0   0   0   1 |     GCA   0   0   0   0   0   0 | Glu GAA   1   1   1   1   1   1 |     GGA   0   0   0   1   0   0
    GTG   0   0   0   0   0   0 |     GCG   0   0   0   0   0   0 |     GAG   0   0   0   0   0   0 |     GGG   1   1   1   1   1   1
--------------------------------------------------------------------------------------------------------------------------------------

--------------------------------------------------------------------------------------------------------------------------------------
Phe TTT   1   1   1   1   1   1 | Ser TCT   0   0   0   0   0   0 | Tyr TAT   0   0   0   0   0   0 | Cys TGT   1   1   1   1   1   1
    TTC   0   0   0   0   0   0 |     TCC   0   0   0   0   0   0 |     TAC   0   0   0   0   0   0 |     TGC   1   1   1   1   1   1
Leu TTA   2   2   2   2   2   2 |     TCA   0   0   0   0   0   0 | *** TAA   0   0   0   0   0   0 | *** TGA   0   0   0   0   0   0
    TTG   2   3   3   3   3   3 |     TCG   0   0   0   0   0   0 |     TAG   0   0   0   0   0   0 | Trp TGG   2   2   2   2   2   2
--------------------------------------------------------------------------------------------------------------------------------------
Leu CTT   2   1   2   2   2   2 | Pro CCT   0   0   0   0   0   0 | His CAT   0   0   0   0   0   0 | Arg CGT   0   0   0   0   0   0
    CTC   0   0   0   0   0   0 |     CCC   2   2   2   2   1   2 |     CAC   1   1   1   1   1   1 |     CGC   0   0   0   0   0   0
    CTA   0   1   0   0   0   0 |     CCA   0   0   0   0   0   0 | Gln CAA   0   0   0   0   0   0 |     CGA   0   0   0   0   0   0
    CTG   4   4   4   4   4   4 |     CCG   0   0   0   0   0   0 |     CAG   0   0   0   0   0   0 |     CGG   0   0   0   0   0   0
--------------------------------------------------------------------------------------------------------------------------------------
Ile ATT   1   1   1   1   1   1 | Thr ACT   0   0   0   0   0   0 | Asn AAT   0   0   0   0   0   0 | Ser AGT   1   1   1   1   1   1
    ATC   0   0   0   0   0   0 |     ACC   1   1   1   1   1   1 |     AAC   3   3   3   3   3   3 |     AGC   0   0   0   0   0   0
    ATA   2   1   1   2   1   2 |     ACA   0   0   0   0   0   0 | Lys AAA   2   2   2   2   2   2 | Arg AGA   1   1   1   1   1   1
Met ATG   1   0   0   0   0   0 |     ACG   0   0   0   0   0   0 |     AAG   0   0   0   0   0   0 |     AGG   0   0   0   0   0   0
--------------------------------------------------------------------------------------------------------------------------------------
Val GTT   1   1   1   1   1   1 | Ala GCT   0   0   0   0   0   0 | Asp GAT   3   3   3   4   3   3 | Gly GGT   3   4   4   4   4   4
    GTC   1   1   1   1   1   1 |     GCC   0   0   0   0   1   0 |     GAC   2   2   2   1   2   2 |     GGC   0   0   0   0   0   0
    GTA   0   1   1   0   1   0 |     GCA   0   0   0   0   0   0 | Glu GAA   1   1   1   1   1   1 |     GGA   1   0   0   0   0   0
    GTG   0   0   0   0   0   0 |     GCG   0   0   0   0   0   0 |     GAG   0   0   0   0   0   0 |     GGG   1   1   1   1   1   1
--------------------------------------------------------------------------------------------------------------------------------------

--------------------------------------------------------------------------------------------------------------------------------------
Phe TTT   1   1   1   1   1   1 | Ser TCT   0   0   0   0   0   0 | Tyr TAT   0   0   0   0   0   0 | Cys TGT   1   1   1   1   1   1
    TTC   0   0   0   0   0   0 |     TCC   0   0   0   0   0   0 |     TAC   0   0   0   0   0   0 |     TGC   1   1   1   1   1   1
Leu TTA   2   2   2   3   2   2 |     TCA   0   0   0   0   0   0 | *** TAA   0   0   0   0   0   0 | *** TGA   0   0   0   0   0   0
    TTG   3   3   3   2   3   3 |     TCG   0   0   0   0   0   0 |     TAG   0   0   0   0   0   0 | Trp TGG   2   2   2   2   2   2
--------------------------------------------------------------------------------------------------------------------------------------
Leu CTT   2   2   2   2   2   2 | Pro CCT   0   0   0   0   0   0 | His CAT   0   0   0   0   0   0 | Arg CGT   0   0   0   0   0   0
    CTC   0   0   0   0   0   0 |     CCC   2   2   2   2   2   2 |     CAC   1   1   1   1   1   1 |     CGC   0   0   0   0   0   0
    CTA   0   0   0   0   0   0 |     CCA   0   0   0   0   0   0 | Gln CAA   0   0   0   0   0   0 |     CGA   0   0   0   0   0   0
    CTG   4   4   4   4   4   4 |     CCG   0   0   0   0   0   0 |     CAG   0   0   0   0   0   0 |     CGG   0   0   0   0   0   0
--------------------------------------------------------------------------------------------------------------------------------------
Ile ATT   1   1   1   1   1   1 | Thr ACT   0   0   0   0   0   0 | Asn AAT   0   0   0   0   0   0 | Ser AGT   1   1   1   1   1   0
    ATC   0   0   0   0   0   0 |     ACC   1   2   1   1   1   1 |     AAC   3   2   3   3   3   3 |     AGC   0   0   0   0   0   1
    ATA   2   1   2   2   2   1 |     ACA   0   0   0   0   0   0 | Lys AAA   2   2   2   2   2   2 | Arg AGA   1   1   1   1   1   1
Met ATG   0   0   0   0   0   0 |     ACG   0   0   0   0   0   0 |     AAG   0   0   0   0   0   0 |     AGG   0   0   0   0   0   0
--------------------------------------------------------------------------------------------------------------------------------------
Val GTT   1   1   1   1   1   1 | Ala GCT   0   0   0   0   0   0 | Asp GAT   3   3   3   4   3   3 | Gly GGT   4   4   4   4   3   4
    GTC   1   1   1   1   1   1 |     GCC   0   0   0   0   0   0 |     GAC   2   2   2   1   2   2 |     GGC   0   0   0   0   0   0
    GTA   0   1   0   0   0   1 |     GCA   0   0   0   0   0   0 | Glu GAA   1   1   1   1   1   1 |     GGA   0   0   0   0   1   0
    GTG   0   0   0   0   0   0 |     GCG   0   0   0   0   0   0 |     GAG   0   0   0   0   0   0 |     GGG   1   1   1   1   1   1
--------------------------------------------------------------------------------------------------------------------------------------

--------------------------------------------------------------------------------------------------------------------------------------
Phe TTT   1   1   1   1   1   1 | Ser TCT   0   0   0   0   0   0 | Tyr TAT   0   0   0   0   0   0 | Cys TGT   1   1   1   1   1   1
    TTC   0   0   0   0   0   0 |     TCC   0   0   0   0   0   0 |     TAC   0   0   0   0   0   0 |     TGC   1   1   1   1   1   1
Leu TTA   2   2   2   2   2   2 |     TCA   0   0   0   0   0   0 | *** TAA   0   0   0   0   0   0 | *** TGA   0   0   0   0   0   0
    TTG   3   3   3   3   3   3 |     TCG   0   0   0   0   0   0 |     TAG   0   0   0   0   0   0 | Trp TGG   2   2   2   2   2   2
--------------------------------------------------------------------------------------------------------------------------------------
Leu CTT   2   2   2   2   2   2 | Pro CCT   0   0   0   0   0   0 | His CAT   0   0   0   0   0   0 | Arg CGT   0   0   0   0   0   0
    CTC   0   0   0   0   0   0 |     CCC   2   2   2   2   2   2 |     CAC   1   1   1   1   1   1 |     CGC   0   0   0   0   0   0
    CTA   1   0   0   0   0   0 |     CCA   0   0   0   0   0   0 | Gln CAA   0   0   0   0   0   0 |     CGA   0   0   0   0   0   0
    CTG   3   4   4   4   4   4 |     CCG   0   0   0   0   0   0 |     CAG   0   0   0   0   0   0 |     CGG   0   0   0   0   0   0
--------------------------------------------------------------------------------------------------------------------------------------
Ile ATT   1   1   1   1   1   1 | Thr ACT   0   0   0   0   0   0 | Asn AAT   0   0   0   0   0   0 | Ser AGT   1   1   1   1   1   1
    ATC   0   0   0   0   0   0 |     ACC   1   1   1   1   2   1 |     AAC   3   3   3   3   2   3 |     AGC   0   0   0   0   0   0
    ATA   1   2   1   1   1   2 |     ACA   0   0   0   0   0   0 | Lys AAA   2   2   2   2   2   2 | Arg AGA   1   1   1   1   1   1
Met ATG   0   0   0   0   0   0 |     ACG   0   0   0   0   0   0 |     AAG   0   0   0   0   0   0 |     AGG   0   0   0   0   0   0
--------------------------------------------------------------------------------------------------------------------------------------
Val GTT   1   1   1   1   1   1 | Ala GCT   0   0   0   0   0   0 | Asp GAT   3   3   3   3   3   3 | Gly GGT   4   3   4   4   4   4
    GTC   1   1   1   1   1   1 |     GCC   0   0   0   0   0   0 |     GAC   2   2   2   2   2   2 |     GGC   0   0   0   0   0   0
    GTA   1   0   1   1   1   0 |     GCA   0   0   0   0   0   0 | Glu GAA   1   1   1   1   1   1 |     GGA   0   1   0   0   0   0
    GTG   0   0   0   0   0   0 |     GCG   0   0   0   0   0   0 |     GAG   0   0   0   0   0   0 |     GGG   1   1   1   1   1   1
--------------------------------------------------------------------------------------------------------------------------------------

--------------------------------------------------------------------------------------------------------------------------------------
Phe TTT   1   1   1   1   1   1 | Ser TCT   0   0   0   0   0   0 | Tyr TAT   0   0   0   0   0   0 | Cys TGT   1   1   1   1   1   1
    TTC   0   0   0   0   0   0 |     TCC   0   0   0   0   0   0 |     TAC   0   0   0   0   0   0 |     TGC   1   1   1   1   1   1
Leu TTA   2   2   2   2   2   2 |     TCA   0   0   0   0   0   0 | *** TAA   0   0   0   0   0   0 | *** TGA   0   0   0   0   0   0
    TTG   3   3   3   3   3   3 |     TCG   0   0   0   0   0   0 |     TAG   0   0   0   0   0   0 | Trp TGG   2   2   2   2   2   2
--------------------------------------------------------------------------------------------------------------------------------------
Leu CTT   3   2   2   2   1   1 | Pro CCT   0   0   0   0   0   0 | His CAT   0   0   0   0   0   0 | Arg CGT   0   0   0   0   0   0
    CTC   0   0   0   0   0   0 |     CCC   2   2   2   2   2   2 |     CAC   1   1   1   1   1   1 |     CGC   0   0   0   0   0   0
    CTA   0   0   0   0   1   1 |     CCA   0   0   0   0   0   0 | Gln CAA   0   0   0   0   0   0 |     CGA   0   0   0   0   0   0
    CTG   3   4   4   4   4   4 |     CCG   0   0   0   0   0   0 |     CAG   0   0   0   0   0   0 |     CGG   0   0   0   0   0   0
--------------------------------------------------------------------------------------------------------------------------------------
Ile ATT   1   1   1   1   1   1 | Thr ACT   0   0   0   0   0   0 | Asn AAT   0   0   0   0   0   0 | Ser AGT   1   1   1   1   1   1
    ATC   0   0   0   0   0   0 |     ACC   1   1   1   1   1   1 |     AAC   3   3   3   2   3   3 |     AGC   0   0   0   1   0   0
    ATA   2   2   2   1   1   1 |     ACA   0   0   0   0   0   0 | Lys AAA   2   2   1   2   2   2 | Arg AGA   1   1   1   1   1   1
Met ATG   0   0   0   0   0   0 |     ACG   0   0   0   0   0   0 |     AAG   0   0   0   0   0   0 |     AGG   0   0   0   0   0   0
--------------------------------------------------------------------------------------------------------------------------------------
Val GTT   1   1   1   1   1   1 | Ala GCT   0   0   0   0   0   0 | Asp GAT   3   4   3   3   3   3 | Gly GGT   3   3   3   4   4   4
    GTC   1   1   1   1   1   1 |     GCC   0   0   0   0   0   0 |     GAC   2   1   2   2   2   2 |     GGC   0   0   1   0   0   0
    GTA   0   0   0   1   1   1 |     GCA   0   0   0   0   0   0 | Glu GAA   1   1   2   1   1   1 |     GGA   1   0   0   0   0   0
    GTG   0   0   0   0   0   0 |     GCG   0   0   0   0   0   0 |     GAG   0   0   0   0   0   0 |     GGG   1   2   1   1   1   1
--------------------------------------------------------------------------------------------------------------------------------------

Codon position x base (3x4) table for each sequence.

#1: Argali         
position  1:    T:0.23256    C:0.18605    A:0.23256    G:0.34884
position  2:    T:0.39535    C:0.06977    A:0.30233    G:0.23256
position  3:    T:0.37209    C:0.18605    A:0.18605    G:0.25581
Average         T:0.33333    C:0.14729    A:0.24031    G:0.27907

#2: LesserMouseDeer
position  1:    T:0.27907    C:0.16279    A:0.23256    G:0.32558
position  2:    T:0.37209    C:0.11628    A:0.25581    G:0.25581
position  3:    T:0.32558    C:0.23256    A:0.16279    G:0.27907
Average         T:0.32558    C:0.17054    A:0.21705    G:0.28682

#3: LesserKudu     
position  1:    T:0.23256    C:0.20930    A:0.23256    G:0.32558
position  2:    T:0.39535    C:0.06977    A:0.27907    G:0.25581
position  3:    T:0.30233    C:0.25581    A:0.20930    G:0.23256
Average         T:0.31008    C:0.17829    A:0.24031    G:0.27132

#4: ForestMuskDeer2
position  1:    T:0.23256    C:0.20930    A:0.23256    G:0.32558
position  2:    T:0.39535    C:0.06977    A:0.27907    G:0.25581
position  3:    T:0.32558    C:0.25581    A:0.18605    G:0.23256
Average         T:0.31783    C:0.17829    A:0.23256    G:0.27132

#5: Camel          
position  1:    T:0.25581    C:0.18605    A:0.23256    G:0.32558
position  2:    T:0.39535    C:0.09302    A:0.25581    G:0.25581
position  3:    T:0.34884    C:0.23256    A:0.16279    G:0.25581
Average         T:0.33333    C:0.17054    A:0.21705    G:0.27907

#6: KillerWhale    
position  1:    T:0.30233    C:0.18605    A:0.20930    G:0.30233
position  2:    T:0.37209    C:0.11628    A:0.23256    G:0.27907
position  3:    T:0.34884    C:0.25581    A:0.18605    G:0.20930
Average         T:0.34109    C:0.18605    A:0.20930    G:0.26357

#7: DefassaWaterbuck
position  1:    T:0.23256    C:0.20930    A:0.25581    G:0.30233
position  2:    T:0.39535    C:0.06977    A:0.27907    G:0.25581
position  3:    T:0.34884    C:0.23256    A:0.20930    G:0.20930
Average         T:0.32558    C:0.17054    A:0.24806    G:0.25581

#8: Sheep          
position  1:    T:0.25581    C:0.18605    A:0.25581    G:0.30233
position  2:    T:0.39535    C:0.06977    A:0.27907    G:0.25581
position  3:    T:0.34884    C:0.23256    A:0.18605    G:0.23256
Average         T:0.33333    C:0.16279    A:0.24031    G:0.26357

#9: MaxwellsDuiker 
position  1:    T:0.23256    C:0.20930    A:0.25581    G:0.30233
position  2:    T:0.39535    C:0.06977    A:0.25581    G:0.27907
position  3:    T:0.32558    C:0.25581    A:0.18605    G:0.23256
Average         T:0.31783    C:0.17829    A:0.23256    G:0.27132

#10: GazellaPrzewalskyi
position  1:    T:0.23256    C:0.20930    A:0.25581    G:0.30233
position  2:    T:0.39535    C:0.06977    A:0.27907    G:0.25581
position  3:    T:0.32558    C:0.25581    A:0.18605    G:0.23256
Average         T:0.31783    C:0.17829    A:0.24031    G:0.26357

#11: MountainNyala  
position  1:    T:0.23256    C:0.20930    A:0.23256    G:0.32558
position  2:    T:0.39535    C:0.06977    A:0.27907    G:0.25581
position  3:    T:0.30233    C:0.25581    A:0.20930    G:0.23256
Average         T:0.31008    C:0.17829    A:0.24031    G:0.27132

#12: MuntiacusMuntjak
position  1:    T:0.23256    C:0.20930    A:0.23256    G:0.32558
position  2:    T:0.39535    C:0.06977    A:0.27907    G:0.25581
position  3:    T:0.32558    C:0.25581    A:0.18605    G:0.23256
Average         T:0.31783    C:0.17829    A:0.23256    G:0.27132

#13: goat           
position  1:    T:0.23256    C:0.20930    A:0.25581    G:0.30233
position  2:    T:0.39535    C:0.06977    A:0.27907    G:0.25581
position  3:    T:0.32558    C:0.25581    A:0.18605    G:0.23256
Average         T:0.31783    C:0.17829    A:0.24031    G:0.26357

#14: AfricanBuffalo 
position  1:    T:0.23256    C:0.20930    A:0.23256    G:0.32558
position  2:    T:0.39535    C:0.06977    A:0.27907    G:0.25581
position  3:    T:0.32558    C:0.25581    A:0.20930    G:0.20930
Average         T:0.31783    C:0.17829    A:0.24031    G:0.26357

#15: Topi           
position  1:    T:0.20930    C:0.23256    A:0.25581    G:0.30233
position  2:    T:0.39535    C:0.06977    A:0.27907    G:0.25581
position  3:    T:0.32558    C:0.25581    A:0.18605    G:0.23256
Average         T:0.31008    C:0.18605    A:0.24031    G:0.26357

#16: CommonDuiker   
position  1:    T:0.23256    C:0.20930    A:0.25581    G:0.30233
position  2:    T:0.39535    C:0.06977    A:0.25581    G:0.27907
position  3:    T:0.34884    C:0.23256    A:0.18605    G:0.23256
Average         T:0.32558    C:0.17054    A:0.23256    G:0.27132

#17: Suni           
position  1:    T:0.23256    C:0.20930    A:0.23256    G:0.32558
position  2:    T:0.39535    C:0.06977    A:0.27907    G:0.25581
position  3:    T:0.32558    C:0.25581    A:0.18605    G:0.23256
Average         T:0.31783    C:0.17829    A:0.23256    G:0.27132

#18: Springbuck     
position  1:    T:0.23256    C:0.20930    A:0.25581    G:0.30233
position  2:    T:0.39535    C:0.09302    A:0.25581    G:0.25581
position  3:    T:0.30233    C:0.23256    A:0.20930    G:0.25581
Average         T:0.31008    C:0.17829    A:0.24031    G:0.27132

#19: Okapi          
position  1:    T:0.23256    C:0.20930    A:0.23256    G:0.32558
position  2:    T:0.39535    C:0.06977    A:0.27907    G:0.25581
position  3:    T:0.32558    C:0.25581    A:0.18605    G:0.23256
Average         T:0.31783    C:0.17829    A:0.23256    G:0.27132

#20: Giraffe        
position  1:    T:0.23256    C:0.20930    A:0.23256    G:0.32558
position  2:    T:0.39535    C:0.06977    A:0.27907    G:0.25581
position  3:    T:0.34884    C:0.23256    A:0.18605    G:0.23256
Average         T:0.32558    C:0.17054    A:0.23256    G:0.27132

#21: TibetanAntelope
position  1:    T:0.23256    C:0.20930    A:0.25581    G:0.30233
position  2:    T:0.39535    C:0.06977    A:0.27907    G:0.25581
position  3:    T:0.32558    C:0.25581    A:0.18605    G:0.23256
Average         T:0.31783    C:0.17829    A:0.24031    G:0.26357

#22: Sitatunga      
position  1:    T:0.23256    C:0.20930    A:0.23256    G:0.32558
position  2:    T:0.39535    C:0.06977    A:0.27907    G:0.25581
position  3:    T:0.30233    C:0.25581    A:0.20930    G:0.23256
Average         T:0.31008    C:0.17829    A:0.24031    G:0.27132

#23: Oribi          
position  1:    T:0.23256    C:0.20930    A:0.25581    G:0.30233
position  2:    T:0.39535    C:0.06977    A:0.27907    G:0.25581
position  3:    T:0.30233    C:0.25581    A:0.20930    G:0.23256
Average         T:0.31008    C:0.17829    A:0.24806    G:0.26357

#24: BarbarySheep   
position  1:    T:0.23256    C:0.20930    A:0.25581    G:0.30233
position  2:    T:0.39535    C:0.06977    A:0.27907    G:0.25581
position  3:    T:0.32558    C:0.25581    A:0.18605    G:0.23256
Average         T:0.31783    C:0.17829    A:0.24031    G:0.26357

#25: Daviddeer      
position  1:    T:0.23256    C:0.20930    A:0.25581    G:0.30233
position  2:    T:0.39535    C:0.06977    A:0.27907    G:0.25581
position  3:    T:0.34884    C:0.23256    A:0.18605    G:0.23256
Average         T:0.32558    C:0.17054    A:0.24031    G:0.26357

#26: Reindeer       
position  1:    T:0.23256    C:0.20930    A:0.23256    G:0.32558
position  2:    T:0.39535    C:0.06977    A:0.27907    G:0.25581
position  3:    T:0.32558    C:0.25581    A:0.18605    G:0.23256
Average         T:0.31783    C:0.17829    A:0.23256    G:0.27132

#27: Ibex           
position  1:    T:0.23256    C:0.20930    A:0.25581    G:0.30233
position  2:    T:0.39535    C:0.06977    A:0.27907    G:0.25581
position  3:    T:0.32558    C:0.25581    A:0.18605    G:0.23256
Average         T:0.31783    C:0.17829    A:0.24031    G:0.26357

#28: GyrantGazelle  
position  1:    T:0.23256    C:0.20930    A:0.25581    G:0.30233
position  2:    T:0.39535    C:0.06977    A:0.27907    G:0.25581
position  3:    T:0.30233    C:0.25581    A:0.20930    G:0.23256
Average         T:0.31008    C:0.17829    A:0.24806    G:0.26357

#29: Hartebeest     
position  1:    T:0.23256    C:0.20930    A:0.25581    G:0.30233
position  2:    T:0.39535    C:0.06977    A:0.27907    G:0.25581
position  3:    T:0.32558    C:0.25581    A:0.18605    G:0.23256
Average         T:0.31783    C:0.17829    A:0.24031    G:0.26357

#30: Bongo          
position  1:    T:0.23256    C:0.20930    A:0.23256    G:0.32558
position  2:    T:0.39535    C:0.06977    A:0.27907    G:0.25581
position  3:    T:0.30233    C:0.25581    A:0.20930    G:0.23256
Average         T:0.31008    C:0.17829    A:0.24031    G:0.27132

#31: Gerenuk        
position  1:    T:0.20930    C:0.20930    A:0.27907    G:0.30233
position  2:    T:0.39535    C:0.06977    A:0.27907    G:0.25581
position  3:    T:0.30233    C:0.25581    A:0.20930    G:0.23256
Average         T:0.30233    C:0.17829    A:0.25581    G:0.26357

#32: CommonEland    
position  1:    T:0.23256    C:0.20930    A:0.23256    G:0.32558
position  2:    T:0.39535    C:0.06977    A:0.27907    G:0.25581
position  3:    T:0.30233    C:0.25581    A:0.20930    G:0.23256
Average         T:0.31008    C:0.17829    A:0.24031    G:0.27132

#33: MuntiacusReevesi
position  1:    T:0.23256    C:0.20930    A:0.23256    G:0.32558
position  2:    T:0.39535    C:0.06977    A:0.27907    G:0.25581
position  3:    T:0.32558    C:0.25581    A:0.18605    G:0.23256
Average         T:0.31783    C:0.17829    A:0.23256    G:0.27132

#34: HarveysDuiker  
position  1:    T:0.23256    C:0.20930    A:0.25581    G:0.30233
position  2:    T:0.39535    C:0.06977    A:0.27907    G:0.25581
position  3:    T:0.34884    C:0.23256    A:0.18605    G:0.23256
Average         T:0.32558    C:0.17054    A:0.24031    G:0.26357

#35: Pronghorn      
position  1:    T:0.23256    C:0.18605    A:0.23256    G:0.34884
position  2:    T:0.39535    C:0.06977    A:0.27907    G:0.25581
position  3:    T:0.32558    C:0.25581    A:0.18605    G:0.23256
Average         T:0.31783    C:0.17054    A:0.23256    G:0.27907

#36: BlueWildebeest 
position  1:    T:0.23256    C:0.20930    A:0.25581    G:0.30233
position  2:    T:0.39535    C:0.06977    A:0.27907    G:0.25581
position  3:    T:0.32558    C:0.25581    A:0.18605    G:0.23256
Average         T:0.31783    C:0.17829    A:0.24031    G:0.26357

#37: Gemsbok        
position  1:    T:0.23256    C:0.20930    A:0.25581    G:0.30233
position  2:    T:0.39535    C:0.06977    A:0.27907    G:0.25581
position  3:    T:0.32558    C:0.25581    A:0.18605    G:0.23256
Average         T:0.31783    C:0.17829    A:0.24031    G:0.26357

#38: Yak            
position  1:    T:0.23256    C:0.20930    A:0.23256    G:0.32558
position  2:    T:0.39535    C:0.09302    A:0.25581    G:0.25581
position  3:    T:0.32558    C:0.25581    A:0.18605    G:0.23256
Average         T:0.31783    C:0.18605    A:0.22481    G:0.27132

#39: BlueSheep      
position  1:    T:0.23256    C:0.20930    A:0.25581    G:0.30233
position  2:    T:0.39535    C:0.06977    A:0.27907    G:0.25581
position  3:    T:0.32558    C:0.25581    A:0.18605    G:0.23256
Average         T:0.31783    C:0.17829    A:0.24031    G:0.26357

#40: BohorReedbuck  
position  1:    T:0.23256    C:0.20930    A:0.25581    G:0.30233
position  2:    T:0.39535    C:0.06977    A:0.27907    G:0.25581
position  3:    T:0.34884    C:0.23256    A:0.20930    G:0.20930
Average         T:0.32558    C:0.17054    A:0.24806    G:0.25581

#41: KirksDik       
position  1:    T:0.23256    C:0.20930    A:0.25581    G:0.30233
position  2:    T:0.39535    C:0.06977    A:0.27907    G:0.25581
position  3:    T:0.30233    C:0.25581    A:0.20930    G:0.23256
Average         T:0.31008    C:0.17829    A:0.24806    G:0.26357

#42: RoeDeer        
position  1:    T:0.23256    C:0.20930    A:0.23256    G:0.32558
position  2:    T:0.39535    C:0.06977    A:0.27907    G:0.25581
position  3:    T:0.30233    C:0.27907    A:0.18605    G:0.23256
Average         T:0.31008    C:0.18605    A:0.23256    G:0.27132

#43: WhiteLippedDeer
position  1:    T:0.23256    C:0.20930    A:0.23256    G:0.32558
position  2:    T:0.39535    C:0.06977    A:0.27907    G:0.25581
position  3:    T:0.32558    C:0.25581    A:0.20930    G:0.20930
Average         T:0.31783    C:0.17829    A:0.24031    G:0.26357

#44: ThomsonGazelle 
position  1:    T:0.23256    C:0.20930    A:0.25581    G:0.30233
position  2:    T:0.39535    C:0.06977    A:0.27907    G:0.25581
position  3:    T:0.30233    C:0.25581    A:0.20930    G:0.23256
Average         T:0.31008    C:0.17829    A:0.24806    G:0.26357

#45: MuntiacusCrinifrons
position  1:    T:0.23256    C:0.20930    A:0.23256    G:0.32558
position  2:    T:0.39535    C:0.06977    A:0.27907    G:0.25581
position  3:    T:0.32558    C:0.25581    A:0.18605    G:0.23256
Average         T:0.31783    C:0.17829    A:0.23256    G:0.27132

#46: WhiteTailedDeer
position  1:    T:0.23256    C:0.20930    A:0.23256    G:0.32558
position  2:    T:0.39535    C:0.06977    A:0.27907    G:0.25581
position  3:    T:0.32558    C:0.25581    A:0.18605    G:0.23256
Average         T:0.31783    C:0.17829    A:0.23256    G:0.27132

#47: Cattle         
position  1:    T:0.23256    C:0.20930    A:0.23256    G:0.32558
position  2:    T:0.39535    C:0.09302    A:0.25581    G:0.25581
position  3:    T:0.32558    C:0.25581    A:0.18605    G:0.23256
Average         T:0.31783    C:0.18605    A:0.22481    G:0.27132

#48: RoyalAntelope  
position  1:    T:0.23256    C:0.20930    A:0.25581    G:0.30233
position  2:    T:0.39535    C:0.06977    A:0.27907    G:0.25581
position  3:    T:0.32558    C:0.25581    A:0.18605    G:0.23256
Average         T:0.31783    C:0.17829    A:0.24031    G:0.26357

#49: Steenbok       
position  1:    T:0.23256    C:0.20930    A:0.25581    G:0.30233
position  2:    T:0.39535    C:0.06977    A:0.27907    G:0.25581
position  3:    T:0.32558    C:0.25581    A:0.20930    G:0.20930
Average         T:0.31783    C:0.17829    A:0.24806    G:0.25581

#50: Impala         
position  1:    T:0.23256    C:0.20930    A:0.25581    G:0.30233
position  2:    T:0.39535    C:0.06977    A:0.27907    G:0.25581
position  3:    T:0.32558    C:0.23256    A:0.18605    G:0.25581
Average         T:0.31783    C:0.17054    A:0.24031    G:0.27132

#51: Klipspringer   
position  1:    T:0.23256    C:0.20930    A:0.23256    G:0.32558
position  2:    T:0.39535    C:0.06977    A:0.27907    G:0.25581
