1
52 1
Argali 0.000000 0.361400 0.132400 0.225600 0.073400 0.017700 0.135300 0.093900 0.132400 0.054300 0.035900 0.131400 0.054600 0.115200 0.073500 0.094100 0.150500 0.092700 0.035900 0.132400 0.113100 0.033900 0.072700 0.073700 0.035800 0.094100 0.054600 0.132400 0.132700 0.174500 0.054300 0.116400 0.172800 0.054600 0.072500 0.131300 0.017200 0.111800 0.133700 0.111900 0.091800 0.115200 0.054300 0.092700 0.131300 0.138600 0.094100 0.153800 0.074500 0.054600 0.174500 0.131900
LesserMous 0.361400 0.000000 0.412400 0.306700 0.255200 0.331400 0.455000 0.396100 0.412400 0.280000 0.363500 0.468200 0.394200 0.369000 0.361400 0.339200 0.273100 0.332400 0.308200 0.412400 0.361800 0.310500 0.252300 0.308700 0.308900 0.339200 0.394300 0.412400 0.331900 0.412300 0.280000 0.373600 0.413100 0.394200 0.333400 0.437200 0.339100 0.253500 0.390600 0.331900 0.276600 0.368800 0.280000 0.333000 0.437200 0.409400 0.339200 0.281200 0.312500 0.334600 0.412300 0.411600
LesserKudu 0.132400 0.412400 0.000000 0.272800 0.131900 0.152100 0.199800 0.155900 0.000000 0.111100 0.092500 0.090900 0.154700 0.177800 0.093000 0.155500 0.212500 0.151800 0.132600 0.000000 0.175500 0.132800 0.130200 0.131900 0.132400 0.155500 0.154500 0.000000 0.196200 0.035300 0.111100 0.179600 0.236900 0.154700 0.173000 0.072100 0.113300 0.172500 0.196900 0.171900 0.150800 0.178500 0.111100 0.151700 0.072100 0.203900 0.155500 0.196300 0.134200 0.111900 0.035300 0.000100
KillerWhal 0.225600 0.306700 0.272800 0.000000 0.135600 0.248600 0.276600 0.227900 0.272800 0.201600 0.226600 0.224000 0.226600 0.205000 0.225800 0.181400 0.156200 0.201900 0.180100 0.272800 0.158500 0.225700 0.178400 0.226100 0.180400 0.181400 0.250800 0.272800 0.180200 0.248300 0.201600 0.206800 0.224500 0.226600 0.202400 0.200800 0.203900 0.177900 0.226100 0.248900 0.178200 0.183800 0.201600 0.249400 0.200800 0.231900 0.181400 0.226800 0.181600 0.202400 0.248300 0.272000
DefassaWat 0.073400 0.255200 0.131900 0.135600 0.000000 0.092100 0.134800 0.093600 0.131900 0.054200 0.073600 0.151500 0.093200 0.074800 0.073300 0.055000 0.071800 0.054300 0.035900 0.131900 0.073500 0.073600 0.035500 0.073500 0.073400 0.055000 0.093100 0.131900 0.092300 0.132000 0.054200 0.075600 0.131000 0.093200 0.111500 0.130900 0.054900 0.035500 0.093000 0.111700 0.053700 0.074900 0.054200 0.092400 0.130900 0.096300 0.055000 0.112400 0.036400 0.054500 0.132000 0.131500
Sheep 0.017700 0.331400 0.152100 0.248600 0.092100 0.000000 0.155400 0.113200 0.152100 0.035700 0.054100 0.151000 0.073100 0.135000 0.092200 0.113400 0.129900 0.111800 0.054000 0.152100 0.132700 0.054100 0.053700 0.054400 0.053900 0.113400 0.073000 0.152100 0.111900 0.195200 0.035700 0.136400 0.193400 0.073100 0.090800 0.151000 0.035900 0.130800 0.153700 0.091900 0.072400 0.135100 0.035700 0.073000 0.151000 0.159000 0.113400 0.174100 0.093500 0.073100 0.195200 0.151700
MaxwellsDu 0.135300 0.455000 0.199800 0.276600 0.134800 0.155400 0.000000 0.095800 0.199800 0.113900 0.135900 0.175600 0.075500 0.055700 0.115100 0.095600 0.217500 0.114000 0.135500 0.199800 0.114900 0.135900 0.133400 0.135300 0.135300 0.095600 0.116000 0.199800 0.134700 0.199800 0.113900 0.075800 0.242800 0.075500 0.134500 0.154400 0.115900 0.176300 0.094300 0.133600 0.112900 0.117000 0.113900 0.113900 0.154400 0.140300 0.095600 0.223900 0.116200 0.114800 0.199800 0.199300
GazellaPrz 0.093900 0.396100 0.155900 0.227900 0.093600 0.113200 0.095800 0.000000 0.155900 0.074100 0.094000 0.133200 0.075000 0.075900 0.094300 0.036400 0.131300 0.074200 0.094100 0.155900 0.054700 0.094400 0.092900 0.094200 0.093900 0.036400 0.075100 0.155900 0.073100 0.155800 0.074100 0.056200 0.153600 0.075000 0.133400 0.113100 0.075100 0.092900 0.073600 0.133300 0.073400 0.055600 0.074100 0.113700 0.113100 0.076600 0.036400 0.134700 0.055300 0.036500 0.155800 0.155400
MountainNy 0.132400 0.412400 0.000000 0.272800 0.131900 0.152100 0.199800 0.155900 0.000000 0.111100 0.092500 0.090900 0.154700 0.177800 0.093000 0.155500 0.212500 0.151800 0.132600 0.000000 0.175500 0.132800 0.130200 0.131900 0.132400 0.155500 0.154500 0.000000 0.196200 0.035300 0.111100 0.179600 0.236900 0.154700 0.173000 0.072100 0.113300 0.172500 0.196900 0.171900 0.150800 0.178500 0.111100 0.151700 0.072100 0.203900 0.155500 0.196300 0.134200 0.111900 0.035300 0.000100
MuntiacusM 0.054300 0.280000 0.111100 0.201600 0.054200 0.035700 0.113900 0.074100 0.111100 0.000000 0.054500 0.130200 0.073700 0.094200 0.054300 0.074200 0.090200 0.072500 0.054400 0.111100 0.092900 0.054500 0.017500 0.017700 0.054300 0.074200 0.073700 0.111100 0.073100 0.151800 0.000000 0.095200 0.150300 0.073700 0.091800 0.110300 0.036200 0.091600 0.112400 0.053700 0.035300 0.094600 0.000000 0.035600 0.111000 0.116600 0.074200 0.132600 0.055100 0.035700 0.151800 0.111100
goat 0.035900 0.363500 0.092500 0.226600 0.073600 0.054100 0.135900 0.094000 0.092500 0.054500 0.000000 0.091900 0.050100 0.115700 0.073800 0.094500 0.151100 0.093000 0.036000 0.092500 0.113600 0.036100 0.073000 0.074000 0.035900 0.094500 0.054800 0.092500 0.133200 0.132700 0.054500 0.116900 0.173600 0.054800 0.072800 0.091800 0.018000 0.112000 0.134200 0.112300 0.092100 0.115700 0.054500 0.093000 0.091800 0.139200 0.094500 0.154500 0.074800 0.054800 0.132700 0.092200
AfricanBuf 0.131400 0.468200 0.090900 0.224000 0.151500 0.151000 0.175600 0.133200 0.090900 0.130200 0.091900 0.000000 0.112100 0.154500 0.152400 0.133000 0.190400 0.171600 0.131600 0.090900 0.112100 0.131800 0.149600 0.151400 0.131400 0.133000 0.153200 0.090900 0.131500 0.090900 0.130200 0.155900 0.213700 0.112100 0.171800 0.017300 0.112400 0.192600 0.173200 0.192100 0.129300 0.155200 0.130200 0.171600 0.017300 0.179000 0.133000 0.239900 0.154000 0.131000 0.090900 0.090900
Topi 0.054600 0.394200 0.154700 0.226600 0.093200 0.073100 0.075500 0.075000 0.154700 0.073700 0.050100 0.112100 0.000000 0.095500 0.093400 0.075000 0.172100 0.113300 0.054700 0.154700 0.093800 0.054900 0.092400 0.093800 0.054600 0.075000 0.036400 0.154700 0.113000 0.154600 0.073700 0.096500 0.195800 0.000000 0.054300 0.112200 0.036400 0.132500 0.113900 0.132700 0.073000 0.095500 0.073700 0.113200 0.112200 0.118400 0.075000 0.176600 0.094900 0.074300 0.154600 0.154300
CommonDuik 0.115200 0.369000 0.177800 0.205000 0.074800 0.135000 0.055700 0.075900 0.177800 0.094200 0.115700 0.154500 0.095500 0.000000 0.115300 0.037200 0.152700 0.094300 0.115400 0.177800 0.055800 0.115800 0.113400 0.115200 0.115200 0.037200 0.137100 0.177800 0.074600 0.134800 0.094200 0.018400 0.220400 0.095500 0.155700 0.133600 0.096000 0.113800 0.074900 0.155300 0.093200 0.056800 0.094200 0.135200 0.133600 0.077900 0.037200 0.157300 0.056500 0.094900 0.134800 0.177300
Suni 0.073500 0.361400 0.093000 0.225800 0.073300 0.092200 0.115100 0.094300 0.093000 0.054300 0.073800 0.152400 0.093400 0.115300 0.000000 0.094200 0.150500 0.073400 0.073600 0.093000 0.113200 0.073800 0.072700 0.073700 0.073500 0.094200 0.093600 0.093000 0.132700 0.133400 0.054300 0.116400 0.173000 0.093700 0.111800 0.131900 0.055100 0.111600 0.113400 0.092100 0.091900 0.115300 0.054300 0.073300 0.131900 0.138800 0.094200 0.154000 0.074500 0.054700 0.133400 0.092700
Springbuck 0.094100 0.339200 0.155500 0.181400 0.055000 0.113400 0.095600 0.036400 0.155500 0.074200 0.094500 0.133000 0.075000 0.037200 0.094200 0.000000 0.131400 0.074300 0.094300 0.155500 0.017900 0.094600 0.093000 0.094400 0.094100 0.000000 0.115200 0.155500 0.035800 0.113800 0.074200 0.018400 0.197000 0.075000 0.133500 0.112700 0.075300 0.093000 0.036100 0.133600 0.073400 0.018200 0.074200 0.113900 0.112700 0.037500 0.000000 0.134800 0.018100 0.074700 0.113800 0.155100
Okapi 0.150500 0.273100 0.212500 0.156200 0.071800 0.129900 0.217500 0.131300 0.212500 0.090200 0.151100 0.190400 0.172100 0.152700 0.150500 0.131400 0.000000 0.090100 0.110500 0.212500 0.111000 0.150600 0.071100 0.110000 0.150500 0.131400 0.130500 0.212500 0.091300 0.212700 0.090200 0.154100 0.089300 0.172100 0.149000 0.169300 0.131100 0.071200 0.171700 0.108900 0.089700 0.153700 0.090200 0.129400 0.169300 0.176400 0.131400 0.150300 0.111500 0.090300 0.212700 0.212700
Giraffe 0.092700 0.332400 0.151800 0.201900 0.054300 0.111800 0.114000 0.074200 0.151800 0.072500 0.093000 0.171600 0.113300 0.094300 0.073400 0.074300 0.090100 0.000000 0.092800 0.151800 0.093000 0.093000 0.090200 0.092300 0.092700 0.074300 0.073700 0.151800 0.112100 0.152000 0.072500 0.095300 0.150500 0.113300 0.131600 0.150700 0.074100 0.053800 0.073300 0.080500 0.110500 0.094700 0.072500 0.072600 0.150700 0.116700 0.074300 0.092600 0.055100 0.035700 0.152000 0.151900
TibetanAnt 0.035900 0.308200 0.132600 0.180100 0.035900 0.054000 0.135500 0.094100 0.132600 0.054400 0.036000 0.131600 0.054700 0.115400 0.073600 0.094300 0.110500 0.092800 0.000000 0.132600 0.113300 0.036000 0.035600 0.073900 0.035900 0.094300 0.054700 0.132600 0.132900 0.174900 0.054400 0.116600 0.131500 0.054700 0.072600 0.131600 0.017900 0.072800 0.133900 0.112100 0.054000 0.115400 0.054400 0.092800 0.131600 0.138800 0.094300 0.154100 0.074700 0.054700 0.174900 0.132200
Sitatunga 0.132400 0.412400 0.000000 0.272800 0.131900 0.152100 0.199800 0.155900 0.000000 0.111100 0.092500 0.090900 0.154700 0.177800 0.093000 0.155500 0.212500 0.151800 0.132600 0.000000 0.175500 0.132800 0.130200 0.132500 0.132400 0.155500 0.154500 0.000000 0.196200 0.035300 0.111100 0.179600 0.236900 0.154700 0.173000 0.072100 0.113300 0.172500 0.196900 0.171900 0.150800 0.178500 0.111100 0.151700 0.072100 0.203900 0.155500 0.196300 0.134200 0.111900 0.035300 0.000100
Oribi 0.113100 0.361800 0.175500 0.158500 0.073500 0.132700 0.114900 0.054700 0.175500 0.092900 0.113600 0.112100 0.093800 0.055800 0.113200 0.017900 0.111000 0.093000 0.113300 0.175500 0.000000 0.113600 0.111900 0.113500 0.113100 0.017900 0.134600 0.175500 0.017600 0.133100 0.092900 0.036700 0.174200 0.093800 0.153100 0.092400 0.094200 0.111900 0.054200 0.153300 0.092000 0.036400 0.092900 0.133300 0.092400 0.056200 0.017900 0.154400 0.036200 0.093500 0.133100 0.175000
BarbaryShe 0.033900 0.310500 0.132800 0.225700 0.073600 0.054100 0.135900 0.094400 0.132800 0.054500 0.036100 0.131800 0.054900 0.115800 0.073800 0.094600 0.150600 0.093000 0.036000 0.132800 0.113600 0.000000 0.072900 0.074000 0.035900 0.094600 0.054800 0.132800 0.133100 0.175200 0.054500 0.117000 0.173300 0.054900 0.072700 0.131700 0.018000 0.073200 0.134200 0.112200 0.092100 0.115700 0.054500 0.093000 0.131700 0.139500 0.094600 0.154400 0.074900 0.054900 0.175200 0.132400
Daviddeer 0.072700 0.252300 0.130200 0.178400 0.035500 0.053700 0.133400 0.092900 0.130200 0.017500 0.073000 0.149600 0.092400 0.113400 0.072700 0.093000 0.071100 0.090200 0.035600 0.130200 0.111900 0.072900 0.000000 0.035500 0.072700 0.093000 0.092400 0.130200 0.091800 0.171600 0.017500 0.114500 0.129200 0.092400 0.110700 0.129400 0.054400 0.071900 0.131800 0.071900 0.017400 0.113900 0.017500 0.053600 0.129400 0.136200 0.093000 0.152200 0.073600 0.053700 0.172200 0.130200
Reindeer 0.073700 0.308700 0.131900 0.226100 0.073500 0.054400 0.135300 0.094200 0.131900 0.017700 0.074000 0.151400 0.093800 0.115200 0.073700 0.094400 0.110000 0.092300 0.073900 0.132500 0.113500 0.074000 0.035500 0.000000 0.073700 0.094400 0.093700 0.131900 0.093000 0.173900 0.017700 0.116400 0.172200 0.093800 0.112100 0.130800 0.055300 0.111900 0.133600 0.035400 0.053800 0.115600 0.017700 0.017600 0.130800 0.138700 0.094400 0.154400 0.074700 0.054400 0.173900 0.131900
Ibex 0.035800 0.308900 0.132400 0.180400 0.073400 0.053900 0.135300 0.093900 0.132400 0.054300 0.035900 0.131400 0.054600 0.115200 0.073500 0.094100 0.150500 0.092700 0.035900 0.132400 0.113100 0.035900 0.072700 0.073700 0.000000 0.094100 0.054600 0.132400 0.132700 0.174500 0.054300 0.116400 0.172800 0.054600 0.035600 0.131300 0.017900 0.111500 0.133700 0.111900 0.091800 0.115200 0.054300 0.092700 0.131300 0.138600 0.094100 0.113000 0.074500 0.054600 0.174500 0.131900
GyrantGaze 0.094100 0.339200 0.155500 0.181400 0.055000 0.113400 0.095600 0.036400 0.155500 0.074200 0.094500 0.133000 0.075000 0.037200 0.094200 0.000000 0.131400 0.074300 0.094300 0.155500 0.017900 0.094600 0.093000 0.094400 0.094100 0.000000 0.115200 0.155500 0.035800 0.113800 0.074200 0.018400 0.197000 0.075000 0.133500 0.112700 0.075300 0.093000 0.036100 0.133600 0.073400 0.017300 0.074200 0.113900 0.112700 0.037500 0.000000 0.134800 0.018100 0.074700 0.113800 0.155100
Hartebeest 0.054600 0.394300 0.154500 0.250800 0.093100 0.073000 0.116000 0.075100 0.154500 0.073700 0.054800 0.153200 0.036400 0.137100 0.093600 0.115200 0.130500 0.073700 0.054700 0.154500 0.134600 0.054800 0.092400 0.093700 0.054600 0.115200 0.000000 0.154500 0.154500 0.198400 0.073700 0.138600 0.152600 0.036400 0.054200 0.153300 0.036400 0.092400 0.155800 0.132600 0.112100 0.137000 0.073700 0.113100 0.153300 0.162100 0.115200 0.133900 0.094900 0.036300 0.198400 0.154100
Bongo 0.132400 0.412400 0.000000 0.272800 0.131900 0.152100 0.199800 0.155900 0.000000 0.111100 0.092500 0.090900 0.154700 0.177800 0.093000 0.155500 0.212500 0.151800 0.132600 0.000000 0.175500 0.132800 0.130200 0.131900 0.132400 0.155500 0.154500 0.000000 0.196200 0.035300 0.111100 0.179600 0.236900 0.154700 0.173000 0.072100 0.113300 0.172500 0.196900 0.171900 0.150800 0.178500 0.111100 0.151700 0.072100 0.203900 0.155500 0.196300 0.134200 0.111900 0.035300 0.000100
Gerenuk 0.132700 0.331900 0.196200 0.180200 0.092300 0.111900 0.134700 0.073100 0.196200 0.073100 0.133200 0.131500 0.113000 0.074600 0.132700 0.035800 0.091300 0.112100 0.132900 0.196200 0.017600 0.133100 0.091800 0.093000 0.132700 0.035800 0.154500 0.196200 0.000000 0.152900 0.073100 0.055200 0.194900 0.113000 0.173300 0.111500 0.113500 0.131200 0.072500 0.132000 0.072500 0.054800 0.073100 0.112400 0.111500 0.075000 0.035800 0.174700 0.054400 0.112700 0.152900 0.195700
CommonElan 0.174500 0.412300 0.035300 0.248300 0.132000 0.195200 0.199800 0.155800 0.035300 0.151800 0.132700 0.090900 0.154600 0.134800 0.133400 0.113800 0.212700 0.152000 0.174900 0.035300 0.133100 0.175200 0.171600 0.173900 0.174500 0.113800 0.198400 0.035300 0.152900 0.000000 0.151800 0.136100 0.284400 0.154600 0.217100 0.072000 0.154800 0.172600 0.153400 0.215700 0.150700 0.135400 0.151800 0.194700 0.072000 0.158800 0.113800 0.196500 0.134400 0.152900 0.000000 0.035300
MuntiacusR 0.054300 0.280000 0.111100 0.201600 0.054200 0.035700 0.113900 0.074100 0.111100 0.000000 0.054500 0.130200 0.073700 0.094200 0.054300 0.074200 0.090200 0.072500 0.054400 0.111100 0.092900 0.054500 0.017500 0.017700 0.054300 0.074200 0.073700 0.111100 0.073100 0.151800 0.000000 0.095200 0.150300 0.073700 0.091800 0.110300 0.036200 0.091600 0.112400 0.053700 0.035300 0.094600 0.000000 0.035600 0.110300 0.116600 0.074200 0.132600 0.055100 0.035700 0.151800 0.111100
HarveysDui 0.116400 0.373600 0.179600 0.206800 0.075600 0.136400 0.075800 0.056200 0.179600 0.095200 0.116900 0.155900 0.096500 0.018400 0.116400 0.018400 0.154100 0.095300 0.116600 0.179600 0.036700 0.117000 0.114500 0.116400 0.116400 0.018400 0.138600 0.179600 0.055200 0.136100 0.095200 0.000000 0.222600 0.096500 0.157200 0.134800 0.097000 0.114900 0.055500 0.156800 0.094100 0.037400 0.095200 0.136600 0.134800 0.057700 0.018400 0.158800 0.037200 0.095800 0.136100 0.179100
Pronghorn 0.172800 0.413100 0.236900 0.224500 0.131000 0.193400 0.242800 0.153600 0.236900 0.150300 0.173600 0.213700 0.195800 0.220400 0.173000 0.197000 0.089300 0.150500 0.131500 0.236900 0.174200 0.173300 0.129200 0.172200 0.172800 0.197000 0.152600 0.236900 0.194900 0.284400 0.150300 0.222600 0.000000 0.195800 0.170800 0.191900 0.153200 0.129900 0.240300 0.170000 0.149400 0.221500 0.150300 0.192900 0.191900 0.248300 0.197000 0.216500 0.175100 0.110700 0.284400 0.237200
BlueWildeb 0.054600 0.394200 0.154700 0.226600 0.093200 0.073100 0.075500 0.075000 0.154700 0.073700 0.054800 0.112100 0.000000 0.095500 0.093700 0.075000 0.172100 0.113300 0.054700 0.154700 0.093800 0.054900 0.092400 0.093800 0.054600 0.075000 0.036400 0.154700 0.113000 0.154600 0.073700 0.096500 0.195800 0.000000 0.054300 0.112200 0.036400 0.132500 0.113900 0.132700 0.073000 0.095500 0.073700 0.113200 0.112200 0.118400 0.075000 0.176600 0.094900 0.074300 0.154600 0.154300
Gemsbok 0.072500 0.333400 0.173000 0.202400 0.111500 0.090800 0.134500 0.133400 0.173000 0.091800 0.072800 0.171800 0.054300 0.155700 0.111800 0.133500 0.149000 0.131600 0.072600 0.173000 0.153100 0.072700 0.110700 0.112100 0.035600 0.133500 0.054200 0.173000 0.173300 0.217100 0.091800 0.157200 0.170800 0.054300 0.000000 0.171800 0.054300 0.150900 0.174600 0.110500 0.130500 0.155800 0.091800 0.131600 0.171800 0.180500 0.133500 0.153000 0.113200 0.092200 0.217100 0.172500
Yak 0.131300 0.437200 0.072100 0.200800 0.130900 0.151000 0.154400 0.113100 0.072100 0.110300 0.091800 0.017300 0.112200 0.133600 0.131900 0.112700 0.169300 0.150700 0.131600 0.072100 0.092400 0.131700 0.129400 0.130800 0.131300 0.112700 0.153300 0.072100 0.111500 0.072000 0.110300 0.134800 0.191900 0.112200 0.171800 0.000000 0.112300 0.171300 0.152100 0.170700 0.109600 0.134200 0.110300 0.150600 0.000000 0.157200 0.112700 0.217100 0.133100 0.111100 0.072000 0.072100
BlueSheep 0.017200 0.339100 0.113300 0.203900 0.054900 0.035900 0.115900 0.075100 0.113300 0.036200 0.018000 0.112400 0.036400 0.096000 0.055100 0.075300 0.131100 0.074100 0.017900 0.113300 0.094200 0.018000 0.054400 0.055300 0.017900 0.075300 0.036400 0.113300 0.113500 0.154800 0.036200 0.097000 0.153200 0.036400 0.054300 0.112300 0.000000 0.092800 0.114400 0.093000 0.073300 0.095900 0.036200 0.074000 0.112300 0.119000 0.075300 0.134400 0.055900 0.036400 0.154800 0.112900
BohorReedb 0.111800 0.253500 0.172500 0.177900 0.035500 0.130800 0.176300 0.092900 0.172500 0.091600 0.112000 0.192600 0.132500 0.113800 0.111600 0.093000 0.071200 0.053800 0.072800 0.172500 0.111900 0.073200 0.071900 0.111900 0.111500 0.093000 0.092400 0.172500 0.131200 0.172600 0.091600 0.114900 0.129900 0.132500 0.150900 0.171300 0.092800 0.000000 0.132200 0.151100 0.090900 0.113900 0.091600 0.131300 0.171300 0.136900 0.093000 0.111400 0.073700 0.054100 0.172600 0.172000
KirksDik 0.133700 0.390600 0.196900 0.226100 0.093000 0.153700 0.094300 0.073600 0.196900 0.112400 0.134200 0.173200 0.113900 0.074900 0.113400 0.036100 0.171700 0.073300 0.133900 0.196900 0.054200 0.134200 0.131800 0.133600 0.133700 0.036100 0.155800 0.196900 0.072500 0.153400 0.112400 0.055500 0.240300 0.113900 0.174600 0.152100 0.114400 0.132200 0.000000 0.132100 0.111400 0.055100 0.112400 0.112500 0.152100 0.075400 0.036100 0.176100 0.054800 0.113100 0.153400 0.196300
RoeDeer 0.111900 0.331900 0.171900 0.248900 0.111700 0.091900 0.133600 0.133300 0.171900 0.053700 0.112300 0.192100 0.132700 0.155300 0.092100 0.133600 0.108900 0.080500 0.112100 0.171900 0.153300 0.112200 0.071900 0.035400 0.111900 0.133600 0.132600 0.171900 0.132000 0.215700 0.053700 0.156800 0.170000 0.132700 0.110500 0.170700 0.093000 0.151100 0.132100 0.000000 0.090800 0.156000 0.053700 0.017400 0.170700 0.179900 0.133600 0.195600 0.113300 0.091600 0.215700 0.171900
WhiteLippe 0.091800 0.276600 0.150800 0.178200 0.053700 0.072400 0.112900 0.073400 0.150800 0.035300 0.092100 0.129300 0.073000 0.093200 0.091900 0.073400 0.089700 0.110500 0.054000 0.150800 0.092000 0.092100 0.017400 0.053800 0.091800 0.073400 0.112100 0.150800 0.072500 0.150700 0.035300 0.094100 0.149400 0.073000 0.130500 0.109600 0.073300 0.090900 0.111400 0.090800 0.000000 0.093700 0.035300 0.072100 0.109600 0.115100 0.073400 0.173300 0.093000 0.072300 0.150700 0.150800
ThomsonGaz 0.115200 0.368800 0.178500 0.183800 0.074900 0.135100 0.117000 0.055600 0.178500 0.094600 0.115700 0.155200 0.095500 0.056800 0.115300 0.018200 0.153700 0.094700 0.115400 0.178500 0.036400 0.115700 0.113900 0.115600 0.115200 0.017300 0.137000 0.178500 0.054800 0.135400 0.094600 0.037400 0.221500 0.095500 0.155800 0.134200 0.095900 0.113900 0.055100 0.156000 0.093700 0.000000 0.094600 0.135700 0.134200 0.057200 0.018200 0.157200 0.036800 0.095200 0.135400 0.178000
MuntiacusC 0.054300 0.280000 0.111100 0.201600 0.054200 0.035700 0.113900 0.074100 0.111100 0.000000 0.054500 0.130200 0.073700 0.094200 0.054300 0.074200 0.090200 0.072500 0.054400 0.111100 0.092900 0.054500 0.017500 0.017700 0.054300 0.074200 0.073700 0.111100 0.073100 0.151800 0.000000 0.095200 0.150300 0.073700 0.091800 0.110300 0.036200 0.091600 0.112400 0.053700 0.035300 0.094600 0.000000 0.035600 0.110300 0.116600 0.074200 0.132600 0.055100 0.035700 0.151800 0.111100
WhiteTaile 0.092700 0.333000 0.151700 0.249400 0.092400 0.073000 0.113900 0.113700 0.151700 0.035600 0.093000 0.171600 0.113200 0.135200 0.073300 0.113900 0.129400 0.072600 0.092800 0.151700 0.133300 0.093000 0.053600 0.017600 0.092700 0.113900 0.113100 0.151700 0.112400 0.194700 0.035600 0.136600 0.192900 0.113200 0.131600 0.150600 0.074000 0.131300 0.112500 0.017400 0.072100 0.135700 0.035600 0.000000 0.150600 0.159300 0.113900 0.174900 0.093900 0.072900 0.194700 0.151800
Cattle 0.131300 0.437200 0.072100 0.200800 0.130900 0.151000 0.154400 0.113100 0.072100 0.111000 0.091800 0.017300 0.112200 0.133600 0.131900 0.112700 0.169300 0.150700 0.131600 0.072100 0.092400 0.131700 0.129400 0.130800 0.131300 0.112700 0.153300 0.072100 0.111500 0.072000 0.110300 0.134800 0.191900 0.112200 0.171800 0.000000 0.112300 0.171300 0.152100 0.170700 0.109600 0.134200 0.110300 0.150600 0.000000 0.157200 0.112700 0.217100 0.133100 0.111100 0.072000 0.072100
RoyalAntel 0.138600 0.409400 0.203900 0.231900 0.096300 0.159000 0.140300 0.076600 0.203900 0.116600 0.139200 0.179000 0.118400 0.077900 0.138800 0.037500 0.176400 0.116700 0.138800 0.203900 0.056200 0.139500 0.136200 0.138700 0.138600 0.037500 0.162100 0.203900 0.075000 0.158800 0.116600 0.057700 0.248300 0.118400 0.180500 0.157200 0.119000 0.136900 0.075400 0.179900 0.115100 0.057200 0.116600 0.159300 0.157200 0.000000 0.037500 0.182700 0.057000 0.117600 0.158800 0.203400
Steenbok 0.094100 0.339200 0.155500 0.181400 0.055000 0.113400 0.095600 0.036400 0.155500 0.074200 0.094500 0.133000 0.075000 0.037200 0.094200 0.000000 0.131400 0.074300 0.094300 0.155500 0.017900 0.094600 0.093000 0.094400 0.094100 0.000000 0.115200 0.155500 0.035800 0.113800 0.074200 0.018400 0.197000 0.075000 0.133500 0.112700 0.075300 0.093000 0.036100 0.133600 0.073400 0.018200 0.074200 0.113900 0.112700 0.037500 0.000000 0.134800 0.018100 0.074700 0.113800 0.155100
Impala 0.153800 0.281200 0.196300 0.226800 0.112400 0.174100 0.223900 0.134700 0.196300 0.132600 0.154500 0.239900 0.176600 0.157300 0.154000 0.134800 0.150300 0.092600 0.154100 0.196300 0.154400 0.154400 0.152200 0.154400 0.113000 0.134800 0.133900 0.196300 0.174700 0.196500 0.132600 0.158800 0.216500 0.176600 0.153000 0.217100 0.134400 0.111400 0.176100 0.195600 0.173300 0.157200 0.132600 0.174900 0.217100 0.182700 0.134800 0.000000 0.114200 0.093100 0.196500 0.195700
Klipspring 0.074500 0.312500 0.134200 0.181600 0.036400 0.093500 0.116200 0.055300 0.134200 0.055100 0.074800 0.154000 0.094900 0.056500 0.074500 0.018100 0.111500 0.055100 0.074700 0.134200 0.036200 0.074900 0.073600 0.074700 0.074500 0.018100 0.094900 0.134200 0.054400 0.134400 0.055100 0.037200 0.175100 0.094900 0.113200 0.133100 0.055900 0.073700 0.054800 0.113300 0.093000 0.036800 0.055100 0.093900 0.133100 0.057000 0.018100 0.114200 0.000000 0.055400 0.134400 0.133800
ForestMusk 0.054600 0.334600 0.111900 0.202400 0.054500 0.073100 0.114800 0.036500 0.111900 0.035700 0.054800 0.131000 0.074300 0.094900 0.054700 0.074700 0.090300 0.035700 0.054700 0.111900 0.093500 0.054900 0.053700 0.054400 0.054600 0.074700 0.036300 0.111900 0.112700 0.152900 0.035700 0.095800 0.110700 0.074300 0.092200 0.111100 0.036400 0.054100 0.113100 0.091600 0.072300 0.095200 0.035700 0.072900 0.111100 0.117600 0.074700 0.093100 0.055400 0.000000 0.152900 0.111900
Bushbuck 0.174500 0.412300 0.035300 0.248300 0.132000 0.195200 0.199800 0.155800 0.035300 0.151800 0.132700 0.090900 0.154600 0.134800 0.133400 0.113800 0.212700 0.152000 0.174900 0.035300 0.133100 0.175200 0.172200 0.173900 0.174500 0.113800 0.198400 0.035300 0.152900 0.000000 0.151800 0.136100 0.284400 0.154600 0.217100 0.072000 0.154800 0.172600 0.153400 0.215700 0.150700 0.135400 0.151800 0.194700 0.072000 0.158800 0.113800 0.196500 0.134400 0.152900 0.000000 0.035300
GreaterKud 0.131900 0.411600 0.000100 0.272000 0.131500 0.151700 0.199300 0.155400 0.000100 0.111100 0.092200 0.090900 0.154300 0.177300 0.092700 0.155100 0.212700 0.151900 0.132200 0.000100 0.175000 0.132400 0.130200 0.131900 0.131900 0.155100 0.154100 0.000100 0.195700 0.035300 0.111100 0.179100 0.237200 0.154300 0.172500 0.072100 0.112900 0.172000 0.196300 0.171900 0.150800 0.178000 0.111100 0.151800 0.072100 0.203400 0.155100 0.195700 0.133800 0.111900 0.035300 0.000000
