1
52 1
Argali 0.000000 0.302600 0.032400 0.142100 0.101600 0.016100 0.049100 0.049500 0.032600 0.049100 0.032600 0.084500 0.065500 0.049100 0.066100 0.032600 0.086200 0.068200 0.067100 0.049800 0.032600 0.032600 0.084000 0.049400 0.032600 0.016000 0.065500 0.032900 0.049700 0.050100 0.065600 0.083200 0.032600 0.065500 0.050400 0.067400 0.032600 0.083700 0.050300 0.084100 0.066600 0.049200 0.049100 0.066700 0.067400 0.066600 0.122200 0.050000 0.066900 0.032300 0.049600 0.049300
LesserMous 0.302600 0.000000 0.261100 0.243400 0.357300 0.281400 0.281700 0.282500 0.261100 0.281900 0.261100 0.330300 0.302600 0.281700 0.259600 0.261100 0.311900 0.287000 0.308500 0.285500 0.259600 0.261100 0.305900 0.239500 0.261100 0.281900 0.302600 0.262400 0.260800 0.286400 0.257500 0.326600 0.261100 0.302600 0.239900 0.309300 0.261100 0.331000 0.241700 0.284400 0.283000 0.282100 0.281900 0.261100 0.309300 0.283300 0.355600 0.285300 0.306800 0.261100 0.285100 0.283700
LesserKudu 0.032400 0.261100 0.000000 0.105200 0.066900 0.016200 0.016000 0.016300 0.000000 0.015800 0.000000 0.050100 0.032400 0.016100 0.032700 0.000000 0.051200 0.033800 0.033200 0.016400 0.000100 0.000000 0.049800 0.016100 0.000000 0.016100 0.032400 0.000100 0.016400 0.016600 0.031300 0.049300 0.000000 0.032400 0.016600 0.033300 0.000000 0.049700 0.016600 0.049900 0.032600 0.016000 0.016200 0.032700 0.033300 0.033000 0.086100 0.016200 0.033100 0.000000 0.016300 0.016100
KillerWhal 0.142100 0.243400 0.105200 0.000000 0.163400 0.123000 0.123200 0.124100 0.105200 0.086000 0.105200 0.163800 0.141300 0.123200 0.142300 0.105200 0.146500 0.125800 0.144500 0.125000 0.104800 0.105200 0.143000 0.124200 0.105200 0.124000 0.141300 0.105800 0.124500 0.125500 0.067500 0.161500 0.105200 0.141300 0.087000 0.144800 0.105200 0.143200 0.125800 0.124200 0.123900 0.123400 0.086000 0.105200 0.144800 0.143200 0.185400 0.125300 0.144000 0.105200 0.124700 0.123800
DefassaWat 0.101600 0.357300 0.066900 0.163400 0.000000 0.083800 0.083900 0.084500 0.066900 0.066500 0.066900 0.084800 0.101000 0.083900 0.101700 0.066900 0.123800 0.105000 0.103300 0.067300 0.066900 0.066900 0.120900 0.084500 0.066900 0.084500 0.101000 0.067500 0.084800 0.085800 0.083400 0.119600 0.066900 0.101000 0.086300 0.067700 0.066900 0.015800 0.085900 0.121100 0.102600 0.084000 0.066500 0.102600 0.067700 0.102600 0.161100 0.085400 0.102900 0.066900 0.084900 0.084300
Sheep 0.016100 0.281400 0.016200 0.123000 0.083800 0.000000 0.032400 0.032600 0.015900 0.031400 0.015900 0.066800 0.048700 0.032400 0.048100 0.015900 0.068200 0.050600 0.049700 0.032900 0.016100 0.015900 0.066500 0.032600 0.016200 0.032200 0.048700 0.016300 0.032700 0.033100 0.048400 0.065800 0.016200 0.048700 0.033300 0.050000 0.015900 0.066200 0.033200 0.066600 0.048500 0.032500 0.032200 0.049500 0.050000 0.049500 0.103400 0.032800 0.049700 0.015900 0.032800 0.032600
MaxwellsDu 0.049100 0.281700 0.016000 0.123200 0.083900 0.032400 0.000000 0.032700 0.015900 0.032400 0.015900 0.066500 0.047900 0.000000 0.049100 0.016200 0.068700 0.050700 0.049800 0.031900 0.016200 0.015900 0.031900 0.032000 0.015900 0.032100 0.048800 0.016300 0.032800 0.033100 0.048700 0.032300 0.016200 0.048800 0.033300 0.050000 0.015900 0.066300 0.033200 0.066700 0.016200 0.032500 0.031700 0.048900 0.050000 0.049500 0.104000 0.033000 0.049700 0.015900 0.032100 0.032600
GazellaPrz 0.049500 0.282500 0.016300 0.124100 0.084500 0.032600 0.032700 0.000000 0.016300 0.032700 0.016300 0.067500 0.048300 0.032700 0.049500 0.016100 0.069000 0.051200 0.050300 0.033200 0.016300 0.016100 0.067100 0.032900 0.016300 0.033000 0.049100 0.016400 0.033100 0.033400 0.049100 0.066400 0.016300 0.049100 0.033600 0.050500 0.016100 0.066900 0.033500 0.067200 0.049900 0.032800 0.032700 0.050000 0.050500 0.049900 0.104600 0.033300 0.050200 0.016300 0.033100 0.032800
MountainNy 0.032600 0.261100 0.000000 0.105200 0.066900 0.015900 0.015900 0.016300 0.000000 0.015900 0.000000 0.050100 0.032400 0.015900 0.032700 0.000000 0.051200 0.033800 0.032500 0.016200 0.000100 0.000000 0.049800 0.016300 0.000000 0.016300 0.032400 0.000100 0.016400 0.016600 0.032400 0.047800 0.000000 0.031900 0.016600 0.033300 0.000000 0.049600 0.016600 0.049900 0.032900 0.016200 0.016000 0.033000 0.033300 0.033000 0.086100 0.016500 0.033100 0.000000 0.016400 0.015900
MuntiacusM 0.049100 0.281900 0.015800 0.086000 0.066500 0.031400 0.032400 0.032700 0.015900 0.000000 0.016200 0.066900 0.048800 0.032400 0.049100 0.015900 0.068300 0.050700 0.048700 0.032900 0.016200 0.015900 0.066600 0.032700 0.016200 0.032700 0.048800 0.016300 0.032800 0.033100 0.015900 0.065900 0.016100 0.048800 0.033300 0.050000 0.016200 0.046900 0.033200 0.066700 0.049500 0.032500 0.000000 0.049500 0.050000 0.049500 0.103500 0.033000 0.049700 0.016000 0.032800 0.032600
goat 0.032600 0.261100 0.000000 0.105200 0.066900 0.015900 0.015900 0.016300 0.000000 0.016200 0.000000 0.050100 0.031900 0.015900 0.032700 0.000000 0.051200 0.033800 0.033200 0.016400 0.000100 0.000000 0.049800 0.016300 0.000000 0.016300 0.032400 0.000100 0.016400 0.016600 0.032400 0.049300 0.000000 0.032400 0.016600 0.033300 0.000000 0.049600 0.016600 0.049400 0.032900 0.015900 0.016200 0.032600 0.033300 0.033000 0.086100 0.016200 0.032400 0.000000 0.016100 0.016000
AfricanBuf 0.084500 0.330300 0.050100 0.163800 0.084800 0.066800 0.066500 0.067500 0.050100 0.066900 0.050100 0.000000 0.082900 0.065300 0.049500 0.049700 0.106100 0.087400 0.085900 0.068000 0.050100 0.050100 0.103200 0.067400 0.050100 0.067500 0.083800 0.050500 0.067800 0.068500 0.083800 0.102100 0.050100 0.083800 0.068900 0.016500 0.050100 0.067100 0.068700 0.103400 0.085300 0.067100 0.066900 0.085300 0.016500 0.085300 0.143200 0.068200 0.085700 0.050100 0.067800 0.067300
Topi 0.065500 0.302600 0.032400 0.141300 0.101000 0.048700 0.047900 0.048300 0.032400 0.048800 0.031900 0.082900 0.000000 0.048800 0.064500 0.032400 0.085500 0.067700 0.066600 0.048800 0.032400 0.032200 0.083400 0.049100 0.032000 0.049100 0.000000 0.032700 0.049300 0.049800 0.065200 0.082500 0.032400 0.000000 0.050100 0.066900 0.032400 0.083100 0.049900 0.083600 0.066200 0.048400 0.048800 0.066200 0.066900 0.066200 0.120900 0.049600 0.066500 0.032400 0.049300 0.048900
CommonDuik 0.049100 0.281700 0.016100 0.123200 0.083900 0.032400 0.000000 0.032700 0.015900 0.032400 0.015900 0.065300 0.048800 0.000000 0.049100 0.015900 0.068300 0.050700 0.049800 0.032900 0.016200 0.016200 0.032600 0.032000 0.015900 0.032700 0.048800 0.016300 0.032800 0.033100 0.048700 0.032300 0.016200 0.048800 0.033300 0.050000 0.016200 0.066300 0.033200 0.066700 0.015900 0.032500 0.032400 0.049500 0.050000 0.049500 0.103500 0.033000 0.049700 0.015900 0.032800 0.032600
Suni 0.066100 0.259600 0.032700 0.142300 0.101700 0.048100 0.049100 0.049500 0.032700 0.049100 0.032700 0.049500 0.064500 0.049100 0.000000 0.032700 0.086200 0.068200 0.067100 0.049800 0.032700 0.032300 0.084100 0.049400 0.032700 0.048800 0.065600 0.032900 0.049700 0.050200 0.065600 0.083300 0.032700 0.065600 0.050500 0.032900 0.032700 0.083800 0.050300 0.084200 0.066700 0.048900 0.049100 0.066700 0.032900 0.066700 0.122200 0.050000 0.067000 0.032400 0.049700 0.049300
Springbuck 0.032600 0.261100 0.000000 0.105200 0.066900 0.015900 0.016200 0.016100 0.000000 0.015900 0.000000 0.049700 0.032400 0.015900 0.032700 0.000000 0.051200 0.033800 0.033200 0.016400 0.000100 0.000000 0.049800 0.016300 0.000000 0.016300 0.032400 0.000100 0.016100 0.016600 0.032400 0.049300 0.000000 0.032400 0.016600 0.033300 0.000000 0.049600 0.016600 0.049900 0.032900 0.016000 0.016100 0.033000 0.033300 0.033000 0.086100 0.016500 0.032700 0.000000 0.016100 0.016300
Okapi 0.086200 0.311900 0.051200 0.146500 0.123800 0.068200 0.068700 0.069000 0.051200 0.068300 0.051200 0.106100 0.085500 0.068300 0.086200 0.051200 0.000000 0.017200 0.051800 0.069400 0.051200 0.050200 0.068700 0.068900 0.051200 0.069000 0.085500 0.051600 0.069400 0.070100 0.085400 0.104000 0.051200 0.085500 0.052100 0.088000 0.051200 0.105000 0.070300 0.105800 0.051200 0.068600 0.068300 0.087200 0.088000 0.087200 0.107300 0.068700 0.087800 0.051200 0.034000 0.068800
Giraffe 0.068200 0.287000 0.033800 0.125800 0.105000 0.050600 0.050700 0.051200 0.033800 0.050700 0.033800 0.087400 0.067700 0.050700 0.068200 0.033800 0.017200 0.000000 0.034200 0.051600 0.033600 0.033800 0.051000 0.051200 0.033800 0.051200 0.067700 0.033900 0.051300 0.051800 0.067600 0.085700 0.033800 0.067700 0.034300 0.069400 0.033800 0.086500 0.052000 0.087200 0.033800 0.050900 0.050700 0.069000 0.069400 0.068700 0.088500 0.051900 0.069500 0.033800 0.051400 0.051100
TibetanAnt 0.067100 0.308500 0.033200 0.144500 0.103300 0.049700 0.049800 0.050300 0.032500 0.048700 0.033200 0.085900 0.066600 0.049800 0.067100 0.033200 0.051800 0.034200 0.000000 0.049900 0.033200 0.033200 0.067400 0.049200 0.033200 0.050300 0.066600 0.033500 0.050400 0.051100 0.066500 0.084400 0.033200 0.066600 0.051300 0.068400 0.033200 0.085100 0.051200 0.085600 0.067800 0.050000 0.049800 0.067800 0.068400 0.067800 0.124200 0.050900 0.068200 0.033200 0.050500 0.050200
Sitatunga 0.049800 0.285500 0.016400 0.125000 0.067300 0.032900 0.031900 0.033200 0.016200 0.032900 0.016400 0.068000 0.048800 0.032900 0.049800 0.016400 0.069400 0.051600 0.049900 0.000000 0.016400 0.016200 0.067600 0.033200 0.016400 0.033000 0.049500 0.016600 0.033200 0.033700 0.049400 0.066800 0.016400 0.049500 0.033900 0.050800 0.016400 0.049900 0.033800 0.067800 0.050300 0.032700 0.032900 0.050300 0.050800 0.050300 0.105400 0.033100 0.049700 0.016100 0.033300 0.033100
Oribi 0.032600 0.259600 0.000100 0.104800 0.066900 0.016100 0.016200 0.016300 0.000100 0.016200 0.000100 0.050100 0.032400 0.016200 0.032700 0.000100 0.051200 0.033600 0.033200 0.016400 0.000000 0.000100 0.049800 0.016300 0.000100 0.016300 0.032400 0.000100 0.016400 0.016500 0.032400 0.049200 0.000100 0.032400 0.016600 0.033200 0.000100 0.049600 0.016500 0.049900 0.032900 0.016200 0.016200 0.033000 0.033200 0.032800 0.086100 0.016500 0.033100 0.000100 0.016400 0.016300
BarbaryShe 0.032600 0.261100 0.000000 0.105200 0.066900 0.015900 0.015900 0.016100 0.000000 0.015900 0.000000 0.050100 0.032200 0.016200 0.032300 0.000000 0.050200 0.033800 0.033200 0.016200 0.000100 0.000000 0.049800 0.016000 0.000000 0.016300 0.032400 0.000100 0.016100 0.016600 0.031300 0.049500 0.000000 0.032400 0.016600 0.033300 0.000000 0.049600 0.016600 0.049900 0.032900 0.016200 0.015900 0.033000 0.033300 0.033000 0.086100 0.016100 0.033000 0.000000 0.016400 0.016300
Daviddeer 0.084000 0.305900 0.049800 0.143000 0.120900 0.066500 0.031900 0.067100 0.049800 0.066600 0.049800 0.103200 0.083400 0.032600 0.084100 0.049800 0.068700 0.051000 0.067400 0.067600 0.049800 0.049800 0.000000 0.067100 0.049800 0.067100 0.083400 0.050200 0.066700 0.068100 0.083400 0.066300 0.049800 0.084000 0.050700 0.085700 0.049800 0.101500 0.068200 0.102900 0.016000 0.066700 0.066600 0.084800 0.085700 0.084800 0.104200 0.067800 0.085200 0.049800 0.067400 0.066900
Reindeer 0.049400 0.239500 0.016100 0.124200 0.084500 0.032600 0.032000 0.032900 0.016300 0.032700 0.016300 0.067400 0.049100 0.032000 0.049400 0.016300 0.068900 0.051200 0.049200 0.033200 0.016300 0.016000 0.067100 0.000000 0.016000 0.032900 0.049100 0.016400 0.033000 0.033400 0.049100 0.066300 0.016100 0.049100 0.033600 0.050400 0.016300 0.066800 0.033500 0.032900 0.049900 0.032700 0.032100 0.016300 0.050400 0.033000 0.104300 0.033300 0.050200 0.016300 0.033100 0.032900
Ibex 0.032600 0.261100 0.000000 0.105200 0.066900 0.016200 0.015900 0.016300 0.000000 0.016200 0.000000 0.050100 0.032000 0.015900 0.032700 0.000000 0.051200 0.033800 0.033200 0.016400 0.000100 0.000000 0.049800 0.016000 0.000000 0.016300 0.032400 0.000100 0.016400 0.016600 0.031400 0.049300 0.000000 0.032400 0.016600 0.033300 0.000000 0.049600 0.016600 0.049900 0.032900 0.016000 0.016200 0.032800 0.033300 0.033000 0.086100 0.016500 0.033100 0.000000 0.016400 0.016000
GyrantGaze 0.016000 0.281900 0.016100 0.124000 0.084500 0.032200 0.032100 0.033000 0.016300 0.032700 0.016300 0.067500 0.049100 0.032700 0.048800 0.016300 0.069000 0.051200 0.050300 0.033000 0.016300 0.016300 0.067100 0.032900 0.016300 0.000000 0.049100 0.016400 0.033100 0.033400 0.049100 0.066400 0.016100 0.049100 0.033600 0.050500 0.016100 0.066900 0.033500 0.067200 0.049900 0.032800 0.032700 0.050000 0.050500 0.049900 0.104700 0.033300 0.050200 0.016100 0.033100 0.032700
Hartebeest 0.065500 0.302600 0.032400 0.141300 0.101000 0.048700 0.048800 0.049100 0.032400 0.048800 0.032400 0.083800 0.000000 0.048800 0.065600 0.032400 0.085500 0.067700 0.066600 0.049500 0.032400 0.032400 0.083400 0.049100 0.032400 0.049100 0.000000 0.032700 0.049300 0.049800 0.065200 0.082500 0.032400 0.000000 0.050100 0.066900 0.032400 0.082800 0.049900 0.083600 0.066200 0.048900 0.048800 0.066200 0.066900 0.066200 0.120900 0.049600 0.066500 0.032400 0.049300 0.049000
Bongo 0.032900 0.262400 0.000100 0.105800 0.067500 0.016300 0.016300 0.016400 0.000100 0.016300 0.000100 0.050500 0.032700 0.016300 0.032900 0.000100 0.051600 0.033900 0.033500 0.016600 0.000100 0.000100 0.050200 0.016400 0.000100 0.016400 0.032700 0.000000 0.016500 0.016600 0.032700 0.049600 0.000100 0.032700 0.016700 0.033500 0.000100 0.050000 0.016700 0.050400 0.033200 0.016400 0.016300 0.033200 0.033500 0.033100 0.086800 0.016600 0.033400 0.000100 0.016500 0.016400
Gerenuk 0.049700 0.260800 0.016400 0.124500 0.084800 0.032700 0.032800 0.033100 0.016400 0.032800 0.016400 0.067800 0.049300 0.032800 0.049700 0.016100 0.069400 0.051300 0.050400 0.033200 0.016400 0.016100 0.066700 0.033000 0.016400 0.033100 0.049300 0.016500 0.000000 0.033500 0.049200 0.066600 0.016000 0.049300 0.033700 0.050600 0.016400 0.067100 0.033600 0.067500 0.050100 0.032900 0.032800 0.050100 0.050600 0.050100 0.105000 0.032700 0.050400 0.016100 0.032600 0.032900
CommonElan 0.050100 0.286400 0.016600 0.125500 0.085800 0.033100 0.033100 0.033400 0.016600 0.033100 0.016600 0.068500 0.049800 0.033100 0.050200 0.016600 0.070100 0.051800 0.051100 0.033700 0.016500 0.016600 0.068100 0.033400 0.016600 0.033400 0.049800 0.016600 0.033500 0.000000 0.049800 0.067300 0.016600 0.049800 0.034000 0.051000 0.016600 0.067800 0.033900 0.068300 0.050700 0.033200 0.033100 0.050700 0.051000 0.050600 0.106200 0.033800 0.051000 0.016600 0.033500 0.033300
MuntiacusR 0.065600 0.257500 0.031300 0.067500 0.083400 0.048400 0.048700 0.049100 0.032400 0.015900 0.032400 0.083800 0.065200 0.048700 0.065600 0.032400 0.085400 0.067600 0.066500 0.049400 0.032400 0.031300 0.083400 0.049100 0.031400 0.049100 0.065200 0.032700 0.049200 0.049800 0.000000 0.082600 0.032400 0.065200 0.050000 0.066900 0.032100 0.065900 0.049900 0.083500 0.066100 0.048800 0.015900 0.066100 0.066900 0.066100 0.120900 0.049500 0.066400 0.031900 0.048900 0.049000
HarveysDui 0.083200 0.326600 0.049300 0.161500 0.119600 0.065800 0.032300 0.066400 0.047800 0.065900 0.049300 0.102100 0.082500 0.032300 0.083300 0.049300 0.104000 0.085700 0.084400 0.066800 0.049200 0.049500 0.066300 0.066300 0.049300 0.066400 0.082500 0.049600 0.066600 0.067300 0.082600 0.000000 0.049300 0.082500 0.067700 0.084900 0.049300 0.101200 0.067400 0.101700 0.049300 0.066000 0.065900 0.083200 0.084900 0.083900 0.066600 0.067000 0.084400 0.049300 0.066600 0.066200
Pronghorn 0.032600 0.261100 0.000000 0.105200 0.066900 0.016200 0.016200 0.016300 0.000000 0.016100 0.000000 0.050100 0.032400 0.016200 0.032700 0.000000 0.051200 0.033800 0.033200 0.016400 0.000100 0.000000 0.049800 0.016100 0.000000 0.016100 0.032400 0.000100 0.016000 0.016600 0.032400 0.049300 0.000000 0.032400 0.016600 0.033300 0.000000 0.049600 0.016600 0.049900 0.032900 0.016000 0.015900 0.032600 0.033300 0.033000 0.086100 0.016500 0.033100 0.000000 0.016400 0.016300
BlueWildeb 0.065500 0.302600 0.032400 0.141300 0.101000 0.048700 0.048800 0.049100 0.031900 0.048800 0.032400 0.083800 0.000000 0.048800 0.065600 0.032400 0.085500 0.067700 0.066600 0.049500 0.032400 0.032400 0.084000 0.049100 0.032400 0.049100 0.000000 0.032700 0.049300 0.049800 0.065200 0.082500 0.032400 0.000000 0.050100 0.066900 0.031800 0.082300 0.049900 0.083600 0.066200 0.048900 0.048800 0.066200 0.066900 0.066200 0.120700 0.049600 0.066500 0.031900 0.049300 0.049000
Gemsbok 0.050400 0.239900 0.016600 0.087000 0.086300 0.033300 0.033300 0.033600 0.016600 0.033300 0.016600 0.068900 0.050100 0.033300 0.050500 0.016600 0.052100 0.034300 0.051300 0.033900 0.016600 0.016600 0.050700 0.033600 0.016600 0.033600 0.050100 0.016700 0.033700 0.034000 0.050000 0.067700 0.016600 0.050100 0.000000 0.051300 0.016600 0.068200 0.034100 0.068700 0.033500 0.033400 0.033300 0.051000 0.051300 0.050800 0.087700 0.034000 0.051300 0.016600 0.033700 0.033500
Yak 0.067400 0.309300 0.033300 0.144800 0.067700 0.050000 0.050000 0.050500 0.033300 0.050000 0.033300 0.016500 0.066900 0.050000 0.032900 0.033300 0.088000 0.069400 0.068400 0.050800 0.033200 0.033300 0.085700 0.050400 0.033300 0.050500 0.066900 0.033500 0.050600 0.051000 0.066900 0.084900 0.033300 0.066900 0.051300 0.000000 0.033300 0.050200 0.051100 0.085900 0.068000 0.050200 0.050000 0.068000 0.000000 0.067800 0.124800 0.051000 0.068300 0.033300 0.050700 0.050300
BlueSheep 0.032600 0.261100 0.000000 0.105200 0.066900 0.015900 0.015900 0.016100 0.000000 0.016200 0.000000 0.050100 0.032400 0.016200 0.032700 0.000000 0.051200 0.033800 0.033200 0.016400 0.000100 0.000000 0.049800 0.016300 0.000000 0.016100 0.032400 0.000100 0.016400 0.016600 0.032100 0.049300 0.000000 0.031800 0.016600 0.033300 0.000000 0.049500 0.016600 0.049900 0.031900 0.016000 0.016200 0.033000 0.033300 0.033000 0.086100 0.016500 0.033100 0.000000 0.016100 0.016300
BohorReedb 0.083700 0.331000 0.049700 0.143200 0.015800 0.066200 0.066300 0.066900 0.049600 0.046900 0.049600 0.067100 0.083100 0.066300 0.083800 0.049600 0.105000 0.086500 0.085100 0.049900 0.049600 0.049600 0.101500 0.066800 0.049600 0.066900 0.082800 0.050000 0.067100 0.067800 0.065900 0.101200 0.049600 0.082300 0.068200 0.050200 0.049500 0.000000 0.068000 0.102500 0.084500 0.066500 0.049300 0.084600 0.050200 0.084500 0.141600 0.067500 0.084800 0.049600 0.067100 0.066700
KirksDik 0.050300 0.241700 0.016600 0.125800 0.085900 0.033200 0.033200 0.033500 0.016600 0.033200 0.016600 0.068700 0.049900 0.033200 0.050300 0.016600 0.070300 0.052000 0.051200 0.033800 0.016500 0.016600 0.068200 0.033500 0.016600 0.033500 0.049900 0.016700 0.033600 0.033900 0.049900 0.067400 0.016600 0.049900 0.034100 0.051100 0.016600 0.068000 0.000000 0.068400 0.050800 0.033300 0.033200 0.050800 0.051100 0.050700 0.106400 0.033900 0.051100 0.016600 0.033600 0.033400
RoeDeer 0.084100 0.284400 0.049900 0.124200 0.121100 0.066600 0.066700 0.067200 0.049900 0.066700 0.049400 0.103400 0.083600 0.066700 0.084200 0.049900 0.105800 0.087200 0.085600 0.067800 0.049900 0.049900 0.102900 0.032900 0.049900 0.067200 0.083600 0.050400 0.067500 0.068300 0.083500 0.101700 0.049900 0.083600 0.068700 0.085900 0.049900 0.102500 0.068400 0.000000 0.085000 0.066900 0.066700 0.016100 0.085900 0.067300 0.142400 0.068000 0.085500 0.048900 0.067500 0.067100
WhiteLippe 0.066600 0.283000 0.032600 0.123900 0.102600 0.048500 0.016200 0.049900 0.032900 0.049500 0.032900 0.085300 0.066200 0.015900 0.066700 0.032900 0.051200 0.033800 0.067800 0.050300 0.032900 0.032900 0.016000 0.049900 0.032900 0.049900 0.066200 0.033200 0.050100 0.050700 0.066100 0.049300 0.032900 0.066200 0.033500 0.068000 0.031900 0.084500 0.050800 0.085000 0.000000 0.049700 0.049500 0.067300 0.068000 0.067300 0.086100 0.050500 0.067600 0.032200 0.050500 0.049400
ThomsonGaz 0.049200 0.282100 0.016000 0.123400 0.084000 0.032500 0.032500 0.032800 0.016200 0.032500 0.015900 0.067100 0.048400 0.032500 0.048900 0.016000 0.068600 0.050900 0.050000 0.032700 0.016200 0.016200 0.066700 0.032700 0.016000 0.032800 0.048900 0.016400 0.032900 0.033200 0.048800 0.066000 0.016000 0.048900 0.033400 0.050200 0.016000 0.066500 0.033300 0.066900 0.049700 0.000000 0.032500 0.049700 0.050200 0.049700 0.103900 0.033100 0.049900 0.016200 0.032900 0.032700
MuntiacusC 0.049100 0.281900 0.016200 0.086000 0.066500 0.032200 0.031700 0.032700 0.016000 0.000000 0.016200 0.066900 0.048800 0.032400 0.049100 0.016100 0.068300 0.050700 0.049800 0.032900 0.016200 0.015900 0.066600 0.032100 0.016200 0.032700 0.048800 0.016300 0.032800 0.033100 0.015900 0.065900 0.015900 0.048800 0.033300 0.050000 0.016200 0.049300 0.033200 0.066700 0.049500 0.032500 0.000000 0.049500 0.050000 0.049500 0.103500 0.032300 0.049700 0.016000 0.032800 0.032600
WhiteTaile 0.066700 0.261100 0.032700 0.105200 0.102600 0.049500 0.048900 0.050000 0.033000 0.049500 0.032600 0.085300 0.066200 0.049500 0.066700 0.033000 0.087200 0.069000 0.067800 0.050300 0.033000 0.033000 0.084800 0.016300 0.032800 0.050000 0.066200 0.033200 0.050100 0.050700 0.066100 0.083200 0.032600 0.066200 0.051000 0.068000 0.033000 0.084600 0.050800 0.016100 0.067300 0.049700 0.049500 0.000000 0.068000 0.050000 0.123400 0.049600 0.067700 0.032300 0.050100 0.049800
Cattle 0.067400 0.309300 0.033300 0.144800 0.067700 0.050000 0.050000 0.050500 0.033300 0.050000 0.033300 0.016500 0.066900 0.050000 0.032900 0.033300 0.088000 0.069400 0.068400 0.050800 0.033200 0.033300 0.085700 0.050400 0.033300 0.050500 0.066900 0.033500 0.050600 0.051000 0.066900 0.084900 0.033300 0.066900 0.051300 0.000000 0.033300 0.050200 0.051100 0.085900 0.068000 0.050200 0.050000 0.068000 0.000000 0.067800 0.124800 0.051000 0.068300 0.033300 0.050700 0.050300
RoyalAntel 0.066600 0.283300 0.033000 0.143200 0.102600 0.049500 0.049500 0.049900 0.033000 0.049500 0.033000 0.085300 0.066200 0.049500 0.066700 0.033000 0.087200 0.068700 0.067800 0.050300 0.032800 0.033000 0.084800 0.033000 0.033000 0.049900 0.066200 0.033100 0.050100 0.050600 0.066100 0.083900 0.033000 0.066200 0.050800 0.067800 0.033000 0.084500 0.050700 0.067300 0.067300 0.049700 0.049500 0.050000 0.067800 0.000000 0.123400 0.050500 0.033300 0.033000 0.050100 0.049900
Steenbok 0.122200 0.355600 0.086100 0.185400 0.161100 0.103400 0.104000 0.104600 0.086100 0.103500 0.086100 0.143200 0.120900 0.103500 0.122200 0.086100 0.107300 0.088500 0.124200 0.105400 0.086100 0.086100 0.104200 0.104300 0.086100 0.104700 0.120900 0.086800 0.105000 0.106200 0.120900 0.066600 0.086100 0.120700 0.087700 0.124800 0.086100 0.141600 0.106400 0.142400 0.086100 0.103900 0.103500 0.123400 0.124800 0.123400 0.000000 0.105700 0.124000 0.086100 0.104900 0.103900
Impala 0.050000 0.285300 0.016200 0.125300 0.085400 0.032800 0.033000 0.033300 0.016500 0.033000 0.016200 0.068200 0.049600 0.033000 0.050000 0.016500 0.068700 0.051900 0.050900 0.033100 0.016500 0.016100 0.067800 0.033300 0.016500 0.033300 0.049600 0.016600 0.032700 0.033800 0.049500 0.067000 0.016500 0.049600 0.034000 0.051000 0.016500 0.067500 0.033900 0.068000 0.050500 0.033100 0.032300 0.049600 0.051000 0.050500 0.105700 0.000000 0.016700 0.016200 0.033400 0.032600
Klipspring 0.066900 0.306800 0.033100 0.144000 0.102900 0.049700 0.049700 0.050200 0.033100 0.049700 0.032400 0.085700 0.066500 0.049700 0.067000 0.032700 0.087800 0.069500 0.068200 0.049700 0.033100 0.033000 0.085200 0.050200 0.033100 0.050200 0.066500 0.033400 0.050400 0.051000 0.066400 0.084400 0.033100 0.066500 0.051300 0.068300 0.033100 0.084800 0.051100 0.085500 0.067600 0.049900 0.049700 0.067700 0.068300 0.033300 0.124000 0.016700 0.000000 0.032600 0.049800 0.050100
ForestMusk 0.032300 0.261100 0.000000 0.105200 0.066900 0.015900 0.015900 0.016300 0.000000 0.016000 0.000000 0.050100 0.032400 0.015900 0.032400 0.000000 0.051200 0.033800 0.033200 0.016100 0.000100 0.000000 0.049800 0.016300 0.000000 0.016100 0.032400 0.000100 0.016100 0.016600 0.031900 0.049300 0.000000 0.031900 0.016600 0.033300 0.000000 0.049600 0.016600 0.048900 0.032200 0.016200 0.016000 0.032300 0.033300 0.033000 0.086100 0.016200 0.032600 0.000000 0.016100 0.015900
Bushbuck 0.049600 0.285100 0.016300 0.124700 0.084900 0.032800 0.032100 0.033100 0.016400 0.032800 0.016100 0.067800 0.049300 0.032800 0.049700 0.016100 0.034000 0.051400 0.050500 0.033300 0.016400 0.016400 0.067400 0.033100 0.016400 0.033100 0.049300 0.016500 0.032600 0.033500 0.048900 0.066600 0.016400 0.049300 0.033700 0.050700 0.016100 0.067100 0.033600 0.067500 0.050500 0.032900 0.032800 0.050100 0.050700 0.050100 0.104900 0.033400 0.049800 0.016100 0.000000 0.033000
GreaterKud 0.049300 0.283700 0.016100 0.123800 0.084300 0.032600 0.032600 0.032800 0.015900 0.032600 0.016000 0.067300 0.048900 0.032600 0.049300 0.016300 0.068800 0.051100 0.050200 0.033100 0.016300 0.016300 0.066900 0.032900 0.016000 0.032700 0.049000 0.016400 0.032900 0.033300 0.049000 0.066200 0.016300 0.049000 0.033500 0.050300 0.016300 0.066700 0.033400 0.067100 0.049400 0.032700 0.032600 0.049800 0.050300 0.049900 0.103900 0.032600 0.050100 0.015900 0.033000 0.000000
