1
52 1
Argali 0.000000 0.219600 0.076400 0.216700 0.059000 0.005400 0.064500 0.064700 0.079700 0.103600 0.030600 0.073500 0.043700 0.064700 0.073900 0.061800 0.106500 0.086000 0.035900 0.082400 0.064600 0.024800 0.079000 0.073400 0.030400 0.065200 0.049300 0.073800 0.087100 0.073900 0.106400 0.064800 0.092100 0.041800 0.041600 0.076700 0.019300 0.065000 0.073300 0.099800 0.084900 0.067700 0.109500 0.100900 0.073900 0.094100 0.067200 0.067300 0.076100 0.102500 0.073900 0.067900
LesserMous 0.219600 0.000000 0.201400 0.222900 0.203700 0.219300 0.206200 0.210000 0.205500 0.229800 0.224100 0.209800 0.219300 0.212900 0.208100 0.199700 0.219800 0.204100 0.222800 0.208400 0.199500 0.218500 0.198100 0.182200 0.213200 0.204500 0.229100 0.205700 0.219300 0.199300 0.229300 0.211000 0.210700 0.213200 0.201800 0.206800 0.209900 0.218300 0.209300 0.202000 0.208200 0.213700 0.225900 0.206500 0.210800 0.234600 0.198900 0.221600 0.216400 0.228200 0.209600 0.195800
LesserKudu 0.076400 0.201400 0.000000 0.212000 0.061800 0.082200 0.058600 0.058900 0.024700 0.085100 0.068000 0.047100 0.062500 0.053000 0.065000 0.056000 0.084900 0.064800 0.067500 0.027400 0.061700 0.073600 0.061200 0.064300 0.061800 0.059300 0.068100 0.019200 0.072400 0.024800 0.087800 0.053100 0.085600 0.056100 0.061600 0.050100 0.067900 0.067900 0.064500 0.090400 0.066900 0.061900 0.090900 0.091500 0.047300 0.093800 0.058300 0.070100 0.070200 0.080900 0.019200 0.019200
KillerWhal 0.216700 0.222900 0.212000 0.000000 0.206500 0.223200 0.193000 0.220400 0.216100 0.243300 0.207000 0.215700 0.226700 0.206800 0.213900 0.209400 0.204800 0.198300 0.216200 0.218900 0.216300 0.210200 0.221300 0.201000 0.203400 0.218000 0.226000 0.209600 0.233500 0.209800 0.249700 0.213600 0.202300 0.217300 0.219500 0.212700 0.203600 0.221100 0.208400 0.233100 0.231600 0.220500 0.235900 0.226700 0.216800 0.212800 0.217300 0.232600 0.225800 0.235300 0.206500 0.206100
DefassaWat 0.059000 0.203700 0.061800 0.206500 0.000000 0.064700 0.050100 0.050300 0.064900 0.088600 0.062400 0.059000 0.046600 0.050300 0.059300 0.041700 0.091400 0.071100 0.058900 0.067700 0.050200 0.056200 0.064400 0.064700 0.056200 0.050600 0.052300 0.059200 0.061600 0.059200 0.091400 0.050400 0.074200 0.044700 0.050200 0.062000 0.050500 0.022000 0.053000 0.085000 0.070200 0.053200 0.094400 0.080000 0.059300 0.085800 0.049700 0.052800 0.067300 0.084400 0.056300 0.059200
Sheep 0.005400 0.219300 0.082200 0.223200 0.064700 0.000000 0.070200 0.064600 0.085400 0.109500 0.035300 0.079300 0.049300 0.070400 0.073700 0.067500 0.112400 0.091800 0.041500 0.088200 0.070300 0.030300 0.084700 0.073300 0.036000 0.070900 0.055000 0.079600 0.092900 0.079700 0.112300 0.070600 0.098000 0.047400 0.047200 0.082500 0.024800 0.070800 0.079100 0.105700 0.090600 0.073400 0.115400 0.106800 0.079700 0.099900 0.072900 0.073000 0.081800 0.108400 0.079600 0.073600
MaxwellsDu 0.064500 0.206200 0.058600 0.193000 0.050100 0.070200 0.000000 0.050000 0.061700 0.088200 0.061100 0.055700 0.058100 0.027400 0.053200 0.041400 0.088100 0.073800 0.064400 0.064400 0.050000 0.056000 0.064100 0.067300 0.055800 0.050300 0.063800 0.055900 0.063400 0.056000 0.090900 0.033100 0.082800 0.055900 0.061400 0.058800 0.056100 0.061800 0.058500 0.087600 0.069900 0.052900 0.094000 0.088600 0.056000 0.073000 0.053100 0.064100 0.066900 0.090100 0.053100 0.055900
GazellaPrz 0.064700 0.210000 0.058900 0.220400 0.050300 0.064600 0.050000 0.000000 0.062000 0.079600 0.067300 0.050300 0.052400 0.044500 0.053400 0.024700 0.085500 0.065300 0.058900 0.064800 0.038700 0.062000 0.061500 0.061800 0.061900 0.022100 0.058100 0.056300 0.041300 0.056300 0.082400 0.038900 0.083100 0.050400 0.055800 0.059100 0.056300 0.053400 0.038700 0.087900 0.067300 0.024700 0.085400 0.085700 0.056400 0.079600 0.024800 0.052800 0.061400 0.084300 0.056300 0.056300
MountainNy 0.079700 0.205500 0.024700 0.216100 0.064900 0.085400 0.061700 0.062000 0.000000 0.076500 0.071200 0.050100 0.065700 0.056100 0.068200 0.059100 0.088200 0.068000 0.064900 0.019200 0.059000 0.071000 0.052800 0.055900 0.070800 0.062500 0.071400 0.011000 0.081500 0.016500 0.085200 0.056200 0.088900 0.059200 0.058900 0.053100 0.071100 0.071100 0.067700 0.081900 0.058500 0.065000 0.088200 0.082900 0.050400 0.091200 0.061500 0.073300 0.079200 0.078300 0.022100 0.016500
MuntiacusM 0.103600 0.229800 0.085100 0.243300 0.088600 0.109500 0.088200 0.079600 0.076500 0.000000 0.104400 0.082200 0.084900 0.082600 0.095100 0.076600 0.099900 0.082600 0.094500 0.085200 0.082500 0.100700 0.044100 0.050000 0.097700 0.077100 0.087500 0.082500 0.100200 0.076700 0.027300 0.082700 0.109700 0.085800 0.088300 0.085400 0.094900 0.095000 0.094300 0.075800 0.052600 0.088700 0.010800 0.078800 0.076600 0.119400 0.088200 0.097000 0.103200 0.099200 0.082500 0.076600
goat 0.030600 0.224100 0.068000 0.207000 0.062400 0.035300 0.061100 0.067300 0.071200 0.104400 0.000000 0.070300 0.047000 0.061300 0.077400 0.065200 0.109600 0.089700 0.039000 0.074000 0.068100 0.027800 0.078600 0.082900 0.011000 0.068600 0.051600 0.065400 0.090100 0.065500 0.107200 0.061500 0.098900 0.043800 0.050500 0.070600 0.022200 0.068500 0.068000 0.109800 0.084600 0.071200 0.098100 0.110100 0.070600 0.103300 0.070700 0.070800 0.079700 0.106400 0.065400 0.065400
AfricanBuf 0.073500 0.209800 0.047100 0.215700 0.059000 0.079300 0.055700 0.050300 0.050100 0.082200 0.070300 0.000000 0.061300 0.047300 0.068000 0.047400 0.076100 0.056100 0.064700 0.052800 0.058800 0.070700 0.058300 0.061500 0.064700 0.050600 0.066900 0.044400 0.069600 0.038800 0.084900 0.047400 0.076800 0.059100 0.058800 0.035800 0.065000 0.065000 0.058800 0.081600 0.061200 0.053200 0.088000 0.082500 0.033100 0.091700 0.052600 0.067300 0.073200 0.078100 0.044500 0.044400
Topi 0.043700 0.219300 0.062500 0.226700 0.046600 0.049300 0.058100 0.052400 0.065700 0.084900 0.047000 0.061300 0.000000 0.052400 0.060800 0.049500 0.093800 0.072500 0.043600 0.068500 0.052200 0.040900 0.066400 0.066700 0.046700 0.052600 0.013700 0.059900 0.074700 0.060000 0.093800 0.052500 0.088500 0.008300 0.029300 0.064300 0.035200 0.052600 0.061100 0.093600 0.072300 0.055200 0.090900 0.094200 0.061500 0.091100 0.054600 0.054900 0.063700 0.089600 0.059900 0.059900
CommonDuik 0.064700 0.212900 0.053000 0.206800 0.050300 0.070400 0.027400 0.044500 0.056100 0.082600 0.061300 0.047300 0.052400 0.000000 0.059200 0.041600 0.085400 0.065200 0.058800 0.058900 0.050200 0.061900 0.058600 0.061800 0.056000 0.044800 0.058100 0.050400 0.065600 0.050500 0.085300 0.016400 0.080100 0.050300 0.055800 0.050300 0.056200 0.056300 0.053000 0.087900 0.061300 0.047400 0.088400 0.089000 0.047600 0.076500 0.047600 0.058600 0.061400 0.075400 0.050400 0.050400
Suni 0.073900 0.208100 0.065000 0.213900 0.059300 0.073700 0.053200 0.053400 0.068200 0.095100 0.077400 0.068000 0.060800 0.059200 0.000000 0.052700 0.092000 0.076500 0.070900 0.070900 0.053400 0.065200 0.073500 0.070700 0.071000 0.059600 0.064300 0.062400 0.075900 0.068300 0.097900 0.059300 0.092600 0.053500 0.053200 0.071200 0.065300 0.065300 0.067800 0.103200 0.079400 0.062200 0.101000 0.098200 0.068400 0.083100 0.061700 0.061700 0.070500 0.097000 0.068300 0.068200
Springbuck 0.061800 0.199700 0.056000 0.209400 0.041700 0.067500 0.041400 0.024700 0.059100 0.076600 0.065200 0.047400 0.049500 0.041600 0.052700 0.000000 0.082400 0.061600 0.055900 0.061800 0.035700 0.059000 0.058600 0.058800 0.059000 0.019200 0.049300 0.053300 0.027200 0.053400 0.079400 0.041700 0.074100 0.047500 0.052900 0.056200 0.053300 0.050500 0.035800 0.079000 0.064400 0.021800 0.082400 0.076700 0.053400 0.076600 0.027600 0.049900 0.058500 0.082700 0.050500 0.053300
Okapi 0.106500 0.219800 0.084900 0.204800 0.091400 0.112400 0.088100 0.085500 0.088200 0.099900 0.109600 0.076100 0.093800 0.085400 0.092000 0.082400 0.000000 0.038800 0.085300 0.084900 0.076400 0.097600 0.087300 0.070000 0.103600 0.086000 0.087400 0.082300 0.106100 0.082400 0.099500 0.085600 0.091400 0.091600 0.097100 0.085300 0.091700 0.088400 0.088200 0.096100 0.093100 0.088500 0.105700 0.091400 0.073600 0.106800 0.087900 0.096900 0.094000 0.095700 0.082400 0.082300
Giraffe 0.086000 0.204100 0.064800 0.198300 0.071100 0.091800 0.073800 0.065300 0.068000 0.082600 0.089700 0.056100 0.072500 0.065200 0.076500 0.061600 0.038800 0.000000 0.074000 0.067800 0.068100 0.083200 0.067300 0.056000 0.083100 0.065700 0.072900 0.062200 0.085100 0.062300 0.088300 0.065300 0.074100 0.071200 0.073800 0.065100 0.077400 0.065200 0.076200 0.087900 0.073100 0.068300 0.088400 0.071200 0.053500 0.101500 0.067400 0.076600 0.085600 0.081300 0.062200 0.062200
TibetanAnt 0.035900 0.222800 0.067500 0.216200 0.058900 0.041500 0.064400 0.058900 0.064900 0.094500 0.039000 0.064700 0.043600 0.058800 0.070900 0.055900 0.085300 0.074000 0.000000 0.067600 0.058800 0.033200 0.070200 0.070500 0.038800 0.059300 0.043500 0.064900 0.081100 0.065000 0.103300 0.059000 0.091600 0.041800 0.041600 0.073700 0.022000 0.065000 0.061600 0.090800 0.076000 0.061900 0.106400 0.098000 0.070900 0.088300 0.061300 0.066500 0.070200 0.093400 0.065000 0.064900
Sitatunga 0.082400 0.208400 0.027400 0.218900 0.067700 0.088200 0.064400 0.064800 0.019200 0.085200 0.074000 0.052800 0.068500 0.058900 0.070900 0.061800 0.084900 0.067800 0.067600 0.000000 0.067600 0.079600 0.061200 0.064400 0.073500 0.065200 0.068200 0.019200 0.084300 0.019200 0.087900 0.059000 0.091700 0.061900 0.061600 0.055800 0.067900 0.067900 0.064600 0.084500 0.067000 0.067800 0.091000 0.091600 0.053100 0.087900 0.064200 0.076000 0.082000 0.087000 0.024800 0.019200
Oribi 0.064600 0.199500 0.061700 0.216300 0.050200 0.070300 0.050000 0.038700 0.059000 0.082500 0.068100 0.058800 0.052200 0.050200 0.053400 0.035700 0.076400 0.068100 0.058800 0.067600 0.000000 0.056100 0.058500 0.058800 0.061800 0.038800 0.057800 0.059000 0.058200 0.059100 0.091200 0.050200 0.082500 0.050300 0.050000 0.061900 0.056200 0.053300 0.050000 0.081900 0.064300 0.041400 0.094300 0.082600 0.059100 0.079500 0.041700 0.052700 0.061400 0.076500 0.059100 0.059000
BarbaryShe 0.024800 0.218500 0.073600 0.210200 0.056200 0.030300 0.056000 0.062000 0.071000 0.100700 0.027800 0.070700 0.040900 0.061900 0.065200 0.059000 0.097600 0.083200 0.033200 0.079600 0.056100 0.000000 0.076200 0.076500 0.027600 0.062400 0.046600 0.071000 0.084300 0.071100 0.103500 0.062100 0.092300 0.039000 0.044500 0.073900 0.016500 0.062200 0.070600 0.103000 0.082000 0.064900 0.106700 0.104200 0.071100 0.085100 0.064400 0.064500 0.073300 0.099700 0.071100 0.071000
Daviddeer 0.079000 0.198100 0.061200 0.221300 0.064400 0.084700 0.064100 0.061500 0.052800 0.044100 0.078600 0.058300 0.066400 0.058600 0.073500 0.058600 0.087300 0.067300 0.070200 0.061200 0.058500 0.076200 0.000000 0.038400 0.073200 0.056100 0.072100 0.058500 0.075800 0.052900 0.055300 0.058700 0.087900 0.064500 0.064200 0.061400 0.070500 0.070500 0.070100 0.063700 0.008000 0.058700 0.055300 0.064400 0.058600 0.097200 0.063700 0.072700 0.072800 0.080400 0.058600 0.052800
Reindeer 0.073400 0.182200 0.064300 0.201000 0.064700 0.073300 0.067300 0.061800 0.055900 0.050000 0.082900 0.061500 0.066700 0.061800 0.070700 0.058800 0.070000 0.056000 0.070500 0.064400 0.058800 0.076500 0.038400 0.000000 0.076500 0.056300 0.072300 0.061700 0.082000 0.056000 0.055500 0.061900 0.079400 0.064800 0.058700 0.064600 0.070800 0.070800 0.070400 0.041100 0.046800 0.064800 0.061400 0.030300 0.056000 0.088600 0.063900 0.073000 0.078900 0.074900 0.061700 0.055900
Ibex 0.030400 0.213200 0.061800 0.203400 0.056200 0.036000 0.055800 0.061900 0.070800 0.097700 0.011000 0.064700 0.046700 0.056000 0.071000 0.059000 0.103600 0.083100 0.038800 0.073500 0.061800 0.027600 0.073200 0.076500 0.000000 0.062300 0.052400 0.065000 0.077700 0.065000 0.100400 0.056100 0.092200 0.044700 0.050200 0.067900 0.022100 0.062200 0.064700 0.103000 0.079100 0.064900 0.091500 0.104200 0.065100 0.097200 0.064400 0.064500 0.067500 0.099600 0.065000 0.065000
GyrantGaze 0.065200 0.204500 0.059300 0.218000 0.050600 0.070900 0.050300 0.022100 0.062500 0.077100 0.068600 0.050600 0.052600 0.044800 0.059600 0.019200 0.086000 0.065700 0.059300 0.065200 0.038800 0.062400 0.056100 0.056300 0.062300 0.000000 0.058300 0.056700 0.035800 0.056700 0.079900 0.039100 0.083300 0.050700 0.056200 0.059500 0.056600 0.053700 0.038900 0.082500 0.061900 0.013700 0.083000 0.080300 0.056800 0.074200 0.025000 0.053200 0.061800 0.086100 0.056700 0.056600
Hartebeest 0.049300 0.229100 0.068100 0.226000 0.052300 0.055000 0.063800 0.058100 0.071400 0.087500 0.051600 0.066900 0.013700 0.058100 0.064300 0.049300 0.087400 0.072900 0.043500 0.068200 0.057800 0.046600 0.072100 0.072300 0.052400 0.058300 0.000000 0.065600 0.074300 0.065600 0.093400 0.058200 0.094200 0.011000 0.035000 0.070000 0.035100 0.058300 0.060800 0.093100 0.078000 0.060900 0.093500 0.093900 0.067200 0.090700 0.060400 0.060500 0.069300 0.095300 0.065600 0.065500
Bongo 0.073800 0.205700 0.019200 0.209600 0.059200 0.079600 0.055900 0.056300 0.011000 0.082500 0.065400 0.044400 0.059900 0.050400 0.062400 0.053300 0.082300 0.062200 0.064900 0.019200 0.059000 0.071000 0.058500 0.061700 0.065000 0.056700 0.065600 0.000000 0.075700 0.016500 0.085200 0.050500 0.083000 0.053400 0.058900 0.047400 0.065200 0.065200 0.061900 0.087800 0.064300 0.059200 0.088200 0.088900 0.044700 0.085300 0.055700 0.067500 0.073400 0.078400 0.016500 0.016500
Gerenuk 0.087100 0.219300 0.072400 0.233500 0.061600 0.092900 0.063400 0.041300 0.081500 0.100200 0.090100 0.069600 0.074700 0.065600 0.075900 0.027200 0.106100 0.085100 0.081100 0.084300 0.058200 0.084300 0.075800 0.082000 0.077700 0.035800 0.074300 0.075700 0.000000 0.075800 0.103000 0.052100 0.088800 0.072400 0.078100 0.072700 0.078500 0.067700 0.058400 0.102500 0.081700 0.038400 0.106100 0.100400 0.069900 0.102200 0.044400 0.072800 0.069900 0.100500 0.072700 0.075700
CommonElan 0.073900 0.199300 0.024800 0.209800 0.059200 0.079700 0.056000 0.056300 0.016500 0.076700 0.065500 0.038800 0.060000 0.050500 0.068300 0.053400 0.082400 0.062300 0.065000 0.019200 0.059100 0.071100 0.052900 0.056000 0.065000 0.056700 0.065600 0.016500 0.075800 0.000000 0.079400 0.050500 0.083100 0.059300 0.059000 0.041800 0.065300 0.065300 0.062000 0.082000 0.058600 0.059300 0.082400 0.083000 0.039000 0.085400 0.055700 0.067600 0.073500 0.078500 0.016500 0.011000
MuntiacusR 0.106400 0.229300 0.087800 0.249700 0.091400 0.112300 0.090900 0.082400 0.085200 0.027300 0.107200 0.084900 0.093800 0.085300 0.097900 0.079400 0.099500 0.088300 0.103300 0.087900 0.091200 0.103500 0.055300 0.055500 0.100400 0.079900 0.093400 0.085200 0.103000 0.079400 0.000000 0.085500 0.109400 0.091500 0.097000 0.088100 0.097700 0.097700 0.097100 0.081300 0.058100 0.091500 0.032800 0.082300 0.079400 0.122200 0.091000 0.099800 0.105900 0.108100 0.085300 0.079300
HarveysDui 0.064800 0.211000 0.053100 0.213600 0.050400 0.070600 0.033100 0.038900 0.056200 0.082700 0.061500 0.047400 0.052500 0.016400 0.059300 0.041700 0.085600 0.065300 0.059000 0.059000 0.050200 0.062100 0.058700 0.061900 0.056100 0.039100 0.058200 0.050500 0.052100 0.050500 0.085500 0.000000 0.080200 0.050500 0.056000 0.050400 0.056400 0.056400 0.053000 0.088100 0.061400 0.041800 0.088500 0.089100 0.047700 0.079700 0.041900 0.052900 0.061500 0.075500 0.050500 0.050500
Pronghorn 0.092100 0.210700 0.085600 0.202300 0.074200 0.098000 0.082800 0.083100 0.088900 0.109700 0.098900 0.076800 0.088500 0.080100 0.092600 0.074100 0.091400 0.074100 0.091600 0.091700 0.082500 0.092300 0.087900 0.079400 0.092200 0.083300 0.094200 0.083000 0.088800 0.083100 0.109400 0.080200 0.000000 0.086300 0.088800 0.074000 0.080400 0.092500 0.091900 0.105500 0.087800 0.085800 0.115700 0.101100 0.074100 0.113600 0.085700 0.094600 0.091700 0.093500 0.080100 0.080000
BlueWildeb 0.041800 0.213200 0.056100 0.217300 0.044700 0.047400 0.055900 0.050400 0.059200 0.085800 0.043800 0.059100 0.008300 0.050300 0.053500 0.047500 0.091600 0.071200 0.041800 0.061900 0.050300 0.039000 0.064500 0.064800 0.044700 0.050700 0.011000 0.053400 0.072400 0.059300 0.091500 0.050500 0.086300 0.000000 0.022000 0.062200 0.033400 0.050600 0.058900 0.091000 0.070300 0.053300 0.091600 0.092100 0.059400 0.088700 0.052700 0.053000 0.061700 0.087400 0.059300 0.059300
Gemsbok 0.041600 0.201800 0.061600 0.219500 0.050200 0.047200 0.061400 0.055800 0.058900 0.088300 0.050500 0.058800 0.029300 0.055800 0.053200 0.052900 0.097100 0.073800 0.041600 0.061600 0.050000 0.044500 0.064200 0.058700 0.050200 0.056200 0.035000 0.058900 0.078100 0.059000 0.097000 0.056000 0.088800 0.022000 0.000000 0.061800 0.038900 0.050300 0.064400 0.090600 0.070000 0.058800 0.100100 0.085600 0.059100 0.094200 0.058300 0.058400 0.067100 0.087200 0.064800 0.058900
Yak 0.076700 0.206800 0.050100 0.212700 0.062000 0.082500 0.058800 0.059100 0.053100 0.085400 0.070600 0.035800 0.064300 0.050300 0.071200 0.056200 0.085300 0.065100 0.073700 0.055800 0.061900 0.073900 0.061400 0.064600 0.067900 0.059500 0.070000 0.047400 0.072700 0.041800 0.088100 0.050400 0.074000 0.062200 0.061800 0.000000 0.062300 0.062300 0.067700 0.090700 0.064200 0.062100 0.091200 0.085800 0.013700 0.095000 0.061500 0.070400 0.070400 0.072300 0.047400 0.047400
BlueSheep 0.019300 0.209900 0.067900 0.203600 0.050500 0.024800 0.056100 0.056300 0.071100 0.094900 0.022200 0.065000 0.035200 0.056200 0.065300 0.053300 0.091700 0.077400 0.022000 0.067900 0.056200 0.016500 0.070500 0.070800 0.022100 0.056600 0.035100 0.065200 0.078500 0.065300 0.097700 0.056400 0.080400 0.033400 0.038900 0.062300 0.000000 0.056500 0.059000 0.091200 0.076300 0.059200 0.100800 0.098300 0.065400 0.085300 0.058600 0.058900 0.061700 0.093800 0.065300 0.065200
BohorReedb 0.065000 0.218300 0.067900 0.221100 0.022000 0.070800 0.061800 0.053400 0.071100 0.095000 0.068500 0.065000 0.052600 0.056300 0.065300 0.050500 0.088400 0.065200 0.065000 0.067900 0.053300 0.062200 0.070500 0.070800 0.062200 0.053700 0.058300 0.065200 0.067700 0.065300 0.097700 0.056400 0.092500 0.050600 0.050300 0.062300 0.056500 0.000000 0.056100 0.097300 0.076400 0.056300 0.100900 0.092300 0.056600 0.092100 0.052800 0.055900 0.073400 0.084700 0.065300 0.065200
KirksDik 0.073300 0.209300 0.064500 0.208400 0.053000 0.079100 0.058500 0.038700 0.067700 0.094300 0.068000 0.058800 0.061100 0.053000 0.067800 0.035800 0.088200 0.076200 0.061600 0.064600 0.050000 0.070600 0.070100 0.070400 0.064700 0.038900 0.060800 0.061900 0.058400 0.062000 0.097100 0.053000 0.091900 0.058900 0.064400 0.067700 0.059000 0.056100 0.000000 0.090600 0.075900 0.041600 0.094100 0.088700 0.065000 0.082300 0.038900 0.055500 0.069900 0.090200 0.062000 0.061900
RoeDeer 0.099800 0.202000 0.090400 0.233100 0.085000 0.105700 0.087600 0.087900 0.081900 0.075800 0.109800 0.081600 0.093600 0.087900 0.103200 0.079000 0.096100 0.087900 0.090800 0.084500 0.081900 0.103000 0.063700 0.041100 0.103000 0.082500 0.093100 0.087800 0.102500 0.082000 0.081300 0.088100 0.105500 0.091000 0.090600 0.090700 0.091200 0.097300 0.090600 0.000000 0.072300 0.091000 0.087400 0.061400 0.082000 0.109200 0.084500 0.093400 0.099200 0.095300 0.084900 0.083800
WhiteLippe 0.084900 0.208200 0.066900 0.231600 0.070200 0.090600 0.069900 0.067300 0.058500 0.052600 0.084600 0.061200 0.072300 0.061300 0.079400 0.064400 0.093100 0.073100 0.076000 0.067000 0.064300 0.082000 0.008000 0.046800 0.079100 0.061900 0.078000 0.064300 0.081700 0.058600 0.058100 0.061400 0.087800 0.070300 0.070000 0.064200 0.076300 0.076400 0.075900 0.072300 0.000000 0.064500 0.063900 0.073100 0.061500 0.103300 0.069600 0.078500 0.078600 0.083300 0.064300 0.058500
ThomsonGaz 0.067700 0.213700 0.061900 0.220500 0.053200 0.073400 0.052900 0.024700 0.065000 0.088700 0.071200 0.053200 0.055200 0.047400 0.062200 0.021800 0.088500 0.068300 0.061900 0.067800 0.041400 0.064900 0.058700 0.064800 0.064900 0.013700 0.060900 0.059200 0.038400 0.059300 0.091500 0.041800 0.085800 0.053300 0.058800 0.062100 0.059200 0.056300 0.041600 0.091000 0.064500 0.000000 0.094600 0.088800 0.059300 0.076700 0.027600 0.050100 0.058600 0.082600 0.059300 0.059200
MuntiacusC 0.109500 0.225900 0.090900 0.235900 0.094400 0.115400 0.094000 0.085400 0.088200 0.010800 0.098100 0.088000 0.090900 0.088400 0.101000 0.082400 0.105700 0.088400 0.106400 0.091000 0.094300 0.106700 0.055300 0.061400 0.091500 0.083000 0.093500 0.088200 0.106100 0.082400 0.032800 0.088500 0.115700 0.091600 0.100100 0.091200 0.100800 0.100900 0.094100 0.087400 0.063900 0.094600 0.000000 0.090700 0.082400 0.125400 0.094100 0.096800 0.102900 0.111200 0.088300 0.082300
WhiteTaile 0.100900 0.206500 0.091500 0.226700 0.080000 0.106800 0.088600 0.085700 0.082900 0.078800 0.110100 0.082500 0.094200 0.089000 0.098200 0.076700 0.091400 0.071200 0.098000 0.091600 0.082600 0.104200 0.064400 0.030300 0.104200 0.080300 0.093900 0.088900 0.100400 0.083000 0.082300 0.089100 0.101100 0.092100 0.085600 0.085800 0.098300 0.092300 0.088700 0.061400 0.073100 0.088800 0.090700 0.000000 0.077000 0.116900 0.085000 0.094400 0.100500 0.099300 0.085900 0.082900
Cattle 0.073900 0.210800 0.047300 0.216800 0.059300 0.079700 0.056000 0.056400 0.050400 0.076600 0.070600 0.033100 0.061500 0.047600 0.068400 0.053400 0.073600 0.053500 0.070900 0.053100 0.059100 0.071100 0.058600 0.056000 0.065100 0.056800 0.067200 0.044700 0.069900 0.039000 0.079400 0.047700 0.074100 0.059400 0.059100 0.013700 0.065400 0.056600 0.065000 0.082000 0.061500 0.059300 0.082400 0.077000 0.000000 0.089200 0.058700 0.067600 0.073600 0.066600 0.044700 0.044700
RoyalAntel 0.094100 0.234600 0.093800 0.212800 0.085800 0.099900 0.073000 0.079600 0.091200 0.119400 0.103300 0.091700 0.091100 0.076500 0.083100 0.076600 0.106800 0.101500 0.088300 0.087900 0.079500 0.085100 0.097200 0.088600 0.097200 0.074200 0.090700 0.085300 0.102200 0.085400 0.122200 0.079700 0.113600 0.088700 0.094200 0.095000 0.085300 0.092100 0.082300 0.109200 0.103300 0.076700 0.125400 0.116900 0.089200 0.000000 0.082600 0.082200 0.088100 0.118200 0.085300 0.085200
Steenbok 0.067200 0.198900 0.058300 0.217300 0.049700 0.072900 0.053100 0.024800 0.061500 0.088200 0.070700 0.052600 0.054600 0.047600 0.061700 0.027600 0.087900 0.067400 0.061300 0.064200 0.041700 0.064400 0.063700 0.063900 0.064400 0.025000 0.060400 0.055700 0.044400 0.055700 0.091000 0.041900 0.085700 0.052700 0.058300 0.061500 0.058600 0.052800 0.038900 0.084500 0.069600 0.027600 0.094100 0.085000 0.058700 0.082600 0.000000 0.052100 0.064600 0.074500 0.055700 0.055600
Impala 0.067300 0.221600 0.070100 0.232600 0.052800 0.073000 0.064100 0.052800 0.073300 0.097000 0.070800 0.067300 0.054900 0.058600 0.061700 0.049900 0.096900 0.076600 0.066500 0.076000 0.052700 0.064500 0.072700 0.073000 0.064500 0.053200 0.060500 0.067500 0.072800 0.067600 0.099800 0.052900 0.094600 0.053000 0.058400 0.070400 0.058900 0.055900 0.055500 0.093400 0.078500 0.050100 0.096800 0.094400 0.067600 0.082200 0.052100 0.000000 0.058300 0.086700 0.067600 0.067500
Klipspring 0.076100 0.216400 0.070200 0.225800 0.067300 0.081800 0.066900 0.061400 0.079200 0.103200 0.079700 0.073200 0.063700 0.061400 0.070500 0.058500 0.094000 0.085600 0.070200 0.082000 0.061400 0.073300 0.072800 0.078900 0.067500 0.061800 0.069300 0.073400 0.069900 0.073500 0.105900 0.061500 0.091700 0.061700 0.067100 0.070400 0.061700 0.073400 0.069900 0.099200 0.078600 0.058600 0.102900 0.100500 0.073600 0.088100 0.064600 0.058300 0.000000 0.095900 0.073500 0.073400
ForestMusk 0.102500 0.228200 0.080900 0.235300 0.084400 0.108400 0.090100 0.084300 0.078300 0.099200 0.106400 0.078100 0.089600 0.075400 0.097000 0.082700 0.095700 0.081300 0.093400 0.087000 0.076500 0.099700 0.080400 0.074900 0.099600 0.086100 0.095300 0.078400 0.100500 0.078500 0.108100 0.075500 0.093500 0.087400 0.087200 0.072300 0.093800 0.084700 0.090200 0.095300 0.083300 0.082600 0.111200 0.099300 0.066600 0.118200 0.074500 0.086700 0.095900 0.000000 0.078400 0.078300
Bushbuck 0.073900 0.209600 0.019200 0.206500 0.056300 0.079600 0.053100 0.056300 0.022100 0.082500 0.065400 0.044500 0.059900 0.050400 0.068300 0.050500 0.082400 0.062200 0.065000 0.024800 0.059100 0.071100 0.058600 0.061700 0.065000 0.056700 0.065600 0.016500 0.072700 0.016500 0.085300 0.050500 0.080100 0.059300 0.064800 0.047400 0.065300 0.065300 0.062000 0.084900 0.064300 0.059300 0.088300 0.085900 0.044700 0.085300 0.055700 0.067600 0.073500 0.078400 0.000000 0.011000
GreaterKud 0.067900 0.195800 0.019200 0.206100 0.059200 0.073600 0.055900 0.056300 0.016500 0.076600 0.065400 0.044400 0.059900 0.050400 0.068200 0.053300 0.082300 0.062200 0.064900 0.019200 0.059000 0.071000 0.052800 0.055900 0.065000 0.056600 0.065500 0.016500 0.075700 0.011000 0.079300 0.050500 0.080000 0.059300 0.058900 0.047400 0.065200 0.065200 0.061900 0.083800 0.058500 0.059200 0.082300 0.082900 0.044700 0.085200 0.055600 0.067500 0.073400 0.078300 0.011000 0.000000
