1
52 1
Argali 0.000000 0.399000 0.056500 0.125900 0.084600 0.000100 0.027300 0.027300 0.088100 0.057100 0.027300 0.027100 0.056000 0.027100 0.057900 0.027300 0.058300 0.058300 0.027300 0.027300 0.085900 0.026900 0.027300 0.027300 0.027300 0.056700 0.027000 0.085700 0.027300 0.055200 0.057100 0.027100 0.087700 0.056000 0.089400 0.055700 0.027300 0.055700 0.027300 0.026300 0.027300 0.027800 0.057100 0.027300 0.056200 0.057800 0.056800 0.122900 0.056800 0.057600 0.027300 0.084700
LesserMous 0.399000 0.000000 0.404500 0.189100 0.319700 0.395300 0.349200 0.349200 0.409300 0.352600 0.349200 0.345900 0.418400 0.340700 0.359300 0.349200 0.474200 0.474200 0.349200 0.349200 0.494600 0.349000 0.349200 0.349200 0.349200 0.431100 0.345800 0.386400 0.349200 0.395300 0.352600 0.340700 0.351100 0.418400 0.424700 0.417800 0.349200 0.277300 0.349200 0.341600 0.349200 0.369500 0.352600 0.349200 0.411400 0.437400 0.344100 0.415000 0.281900 0.293000 0.348100 0.468000
LesserKudu 0.056500 0.404500 0.000000 0.124200 0.086300 0.056200 0.027800 0.027800 0.022800 0.058400 0.027800 0.027600 0.057000 0.027700 0.058500 0.027800 0.058800 0.058800 0.027800 0.027800 0.087600 0.027400 0.027800 0.027800 0.027800 0.057800 0.027500 0.027400 0.027800 0.000100 0.058400 0.027700 0.082300 0.057000 0.091500 0.056800 0.027800 0.056800 0.027800 0.026800 0.027800 0.028400 0.058400 0.027800 0.057300 0.059100 0.058100 0.127200 0.058000 0.052800 0.027800 0.027100
KillerWhal 0.125900 0.189100 0.124200 0.000000 0.163500 0.127700 0.095700 0.095700 0.131200 0.097100 0.095700 0.095300 0.130800 0.095100 0.098400 0.095700 0.138400 0.138400 0.095700 0.095700 0.166600 0.094200 0.095700 0.095700 0.095700 0.133900 0.095200 0.166600 0.095700 0.127700 0.097100 0.095100 0.095100 0.131000 0.135200 0.130400 0.095700 0.130200 0.095700 0.092900 0.095700 0.098200 0.097100 0.095700 0.131100 0.135800 0.096500 0.134800 0.134700 0.062900 0.095700 0.163700
DefassaWat 0.084600 0.319700 0.086300 0.163500 0.000000 0.083900 0.055200 0.055200 0.119200 0.086800 0.055200 0.055100 0.085500 0.055100 0.088300 0.055200 0.089100 0.089100 0.055200 0.055200 0.116900 0.054600 0.055200 0.055200 0.055200 0.086100 0.055100 0.116200 0.055200 0.083900 0.086800 0.055100 0.119000 0.085500 0.121300 0.084800 0.055200 0.026500 0.055200 0.053800 0.055200 0.056700 0.088700 0.055200 0.085800 0.088000 0.086400 0.157300 0.086400 0.088000 0.055400 0.114900
Sheep 0.000100 0.395300 0.056200 0.127700 0.083900 0.000000 0.027100 0.027100 0.087400 0.056700 0.027100 0.027000 0.055700 0.027000 0.057700 0.027100 0.058000 0.058000 0.027100 0.027100 0.085400 0.026800 0.027100 0.027100 0.027100 0.056200 0.027000 0.084900 0.027100 0.054700 0.056700 0.027000 0.087100 0.055700 0.089000 0.055200 0.027100 0.055200 0.027100 0.026300 0.027100 0.027700 0.056700 0.027100 0.055900 0.057600 0.056500 0.123000 0.056500 0.057100 0.027200 0.083900
MaxwellsDu 0.027300 0.349200 0.027800 0.095700 0.055200 0.027100 0.000000 0.000000 0.057800 0.028700 0.000000 0.000100 0.027600 0.000100 0.028700 0.000000 0.028700 0.028700 0.000000 0.000000 0.056300 0.000100 0.000000 0.000000 0.000000 0.027900 0.000200 0.056000 0.000000 0.027100 0.028200 0.000100 0.057600 0.027600 0.059000 0.027300 0.000000 0.027300 0.000000 0.000200 0.000000 0.000100 0.028200 0.000000 0.027700 0.028700 0.028200 0.091900 0.028100 0.029300 0.000100 0.055200
GazellaPrz 0.027300 0.349200 0.027800 0.095700 0.055200 0.027100 0.000000 0.000000 0.057800 0.028200 0.000000 0.000100 0.027600 0.000100 0.028700 0.000000 0.028700 0.028700 0.000000 0.000000 0.056300 0.000100 0.000000 0.000000 0.000000 0.027900 0.000200 0.056000 0.000000 0.027100 0.028200 0.000100 0.057600 0.027600 0.059000 0.027300 0.000000 0.027300 0.000000 0.000200 0.000000 0.000100 0.028200 0.000000 0.027700 0.028700 0.028200 0.091900 0.028100 0.028400 0.000100 0.055200
MountainNy 0.088100 0.409300 0.022800 0.131200 0.119200 0.087400 0.057800 0.057800 0.000000 0.091200 0.057800 0.057800 0.089200 0.057700 0.092200 0.057800 0.092700 0.092700 0.057800 0.057800 0.121800 0.057200 0.057800 0.058600 0.057800 0.090300 0.057700 0.056900 0.057800 0.027400 0.091200 0.057700 0.089100 0.089300 0.127600 0.088500 0.057800 0.088500 0.057800 0.056300 0.057800 0.059400 0.091200 0.057800 0.089400 0.092700 0.091000 0.166400 0.090900 0.058400 0.058000 0.056100
MuntiacusM 0.057100 0.352600 0.058400 0.097100 0.086800 0.056700 0.028700 0.028200 0.091200 0.000000 0.029500 0.028200 0.057800 0.028200 0.000100 0.028200 0.060600 0.060600 0.028400 0.028200 0.088800 0.027900 0.028200 0.028300 0.028200 0.058600 0.028200 0.088100 0.028200 0.056700 0.000000 0.028200 0.091200 0.057900 0.028900 0.057400 0.028300 0.057400 0.028200 0.027400 0.028200 0.028900 0.000000 0.028200 0.058100 0.060500 0.000100 0.093200 0.059200 0.059900 0.028300 0.086800
goat 0.027300 0.349200 0.027800 0.095700 0.055200 0.027100 0.000000 0.000000 0.057800 0.029500 0.000000 0.000100 0.027600 0.000100 0.028700 0.000000 0.028700 0.028700 0.000000 0.000000 0.056300 0.000100 0.000000 0.000000 0.000000 0.027900 0.000200 0.056000 0.000000 0.027100 0.028100 0.000100 0.057600 0.027600 0.059000 0.027300 0.000000 0.027300 0.000000 0.000200 0.000000 0.000100 0.028200 0.000000 0.027700 0.028700 0.028200 0.091900 0.028100 0.028400 0.000100 0.055200
AfricanBuf 0.027100 0.345900 0.027600 0.095300 0.055100 0.027000 0.000100 0.000100 0.057800 0.028200 0.000100 0.000000 0.027400 0.000200 0.028600 0.000100 0.028600 0.028600 0.000100 0.000100 0.056000 0.000200 0.000100 0.000100 0.000100 0.027800 0.000300 0.055900 0.000100 0.027000 0.028200 0.000200 0.057400 0.027400 0.058700 0.027300 0.000100 0.027300 0.000100 0.000300 0.000100 0.000200 0.028200 0.000100 0.027500 0.028500 0.028000 0.091700 0.028000 0.028400 0.000200 0.055100
Topi 0.056000 0.418400 0.057000 0.130800 0.085500 0.055700 0.027600 0.027600 0.089200 0.057800 0.027600 0.027400 0.000000 0.027400 0.058700 0.027600 0.058900 0.058900 0.027600 0.027600 0.086900 0.027200 0.027600 0.027600 0.027600 0.057300 0.027500 0.086700 0.027600 0.055700 0.057800 0.027400 0.088600 0.056400 0.090600 0.056200 0.027600 0.056200 0.027600 0.026700 0.027600 0.028100 0.057800 0.027600 0.056700 0.058600 0.057500 0.126100 0.057500 0.058200 0.027600 0.085500
CommonDuik 0.027100 0.340700 0.027700 0.095100 0.055100 0.027000 0.000100 0.000100 0.057700 0.028200 0.000100 0.000200 0.027400 0.000000 0.028600 0.000100 0.028600 0.028600 0.000100 0.000100 0.055900 0.000200 0.000100 0.000100 0.000100 0.027800 0.000300 0.055800 0.000100 0.027000 0.028200 0.000000 0.057100 0.027400 0.058600 0.027300 0.000100 0.027300 0.000100 0.000300 0.000100 0.000200 0.028200 0.000100 0.027500 0.028500 0.028500 0.091500 0.027800 0.028400 0.000200 0.055100
Suni 0.057900 0.359300 0.058500 0.098400 0.088300 0.057700 0.028700 0.028700 0.092200 0.000100 0.028700 0.028600 0.058700 0.028600 0.000000 0.028700 0.061100 0.061200 0.028700 0.028700 0.090000 0.028400 0.028700 0.028700 0.028700 0.059700 0.028600 0.089700 0.028700 0.057700 0.000100 0.028600 0.092300 0.058700 0.029400 0.058400 0.028700 0.058400 0.028700 0.027900 0.028700 0.029300 0.000100 0.028700 0.058900 0.061500 0.000200 0.095000 0.060200 0.060800 0.028700 0.088300
Springbuck 0.027300 0.349200 0.027800 0.095700 0.055200 0.027100 0.000000 0.000000 0.057800 0.028200 0.000000 0.000100 0.027600 0.000100 0.028700 0.000000 0.028700 0.028700 0.000000 0.000000 0.056300 0.000100 0.000000 0.000000 0.000000 0.027900 0.000200 0.056000 0.000000 0.027100 0.028200 0.000100 0.057600 0.027600 0.059000 0.027300 0.000000 0.027300 0.000000 0.000200 0.000000 0.000100 0.028100 0.000000 0.027700 0.028700 0.028200 0.091900 0.028100 0.028400 0.000100 0.055200
Okapi 0.058300 0.474200 0.058800 0.138400 0.089100 0.058000 0.028700 0.028700 0.092700 0.060600 0.028700 0.028600 0.058900 0.028600 0.061100 0.028700 0.000000 0.000000 0.028700 0.028700 0.090400 0.028400 0.028700 0.028700 0.028700 0.060000 0.028600 0.090400 0.028700 0.058000 0.060600 0.028600 0.092700 0.058900 0.095100 0.058600 0.028700 0.058600 0.028700 0.027900 0.028700 0.029400 0.060600 0.028700 0.059100 0.061400 0.060300 0.133100 0.060200 0.060800 0.028700 0.089100
Giraffe 0.058300 0.474200 0.058800 0.138400 0.089100 0.058000 0.028700 0.028700 0.092700 0.060600 0.028700 0.028600 0.058900 0.028600 0.061200 0.028700 0.000000 0.000000 0.028700 0.028700 0.090400 0.028400 0.028700 0.028700 0.028700 0.060000 0.028600 0.090400 0.028700 0.058000 0.060600 0.028600 0.092700 0.058900 0.095100 0.058600 0.028700 0.058600 0.028700 0.027900 0.028700 0.029400 0.060600 0.028700 0.059100 0.061400 0.060300 0.133100 0.060200 0.060800 0.028700 0.089100
TibetanAnt 0.027300 0.349200 0.027800 0.095700 0.055200 0.027100 0.000000 0.000000 0.057800 0.028400 0.000000 0.000100 0.027600 0.000100 0.028700 0.000000 0.028700 0.028700 0.000000 0.000000 0.056300 0.000100 0.000000 0.000000 0.000000 0.028000 0.000200 0.056000 0.000000 0.027100 0.028800 0.000100 0.057600 0.027600 0.059000 0.027300 0.000000 0.027900 0.000000 0.000200 0.000000 0.000100 0.028200 0.000000 0.027700 0.028700 0.028200 0.091900 0.028100 0.028400 0.000100 0.055200
Sitatunga 0.027300 0.349200 0.027800 0.095700 0.055200 0.027100 0.000000 0.000000 0.057800 0.028200 0.000000 0.000100 0.027600 0.000100 0.028700 0.000000 0.028700 0.028700 0.000000 0.000000 0.056300 0.000100 0.000000 0.000000 0.000000 0.027900 0.000200 0.056000 0.000000 0.027100 0.028200 0.000100 0.057600 0.027600 0.059000 0.027300 0.000000 0.027300 0.000000 0.000200 0.000000 0.000100 0.028200 0.000000 0.027700 0.028700 0.028200 0.091900 0.028100 0.028900 0.000100 0.055200
Oribi 0.085900 0.494600 0.087600 0.166600 0.116900 0.085400 0.056300 0.056300 0.121800 0.088800 0.056300 0.056000 0.086900 0.055900 0.090000 0.056300 0.090400 0.090400 0.056300 0.056300 0.000000 0.055500 0.056300 0.056300 0.056300 0.087800 0.056000 0.118400 0.056300 0.085400 0.088800 0.055900 0.121300 0.086900 0.124700 0.086400 0.056300 0.086400 0.056300 0.054600 0.056300 0.057500 0.088800 0.056300 0.087000 0.089700 0.088200 0.161500 0.088100 0.089300 0.056300 0.116900
BarbaryShe 0.026900 0.349000 0.027400 0.094200 0.054600 0.026800 0.000100 0.000100 0.057200 0.027900 0.000100 0.000200 0.027200 0.000200 0.028400 0.000100 0.028400 0.028400 0.000100 0.000100 0.055500 0.000000 0.000100 0.000100 0.000100 0.027500 0.000300 0.055400 0.000100 0.026800 0.027900 0.000200 0.056800 0.027200 0.058100 0.027100 0.000100 0.027000 0.000100 0.000300 0.000100 0.000200 0.027900 0.000100 0.027300 0.028300 0.027800 0.090800 0.027700 0.028100 0.000200 0.054700
Daviddeer 0.027300 0.349200 0.027800 0.095700 0.055200 0.027100 0.000000 0.000000 0.057800 0.028200 0.000000 0.000100 0.027600 0.000100 0.028700 0.000000 0.028700 0.028700 0.000000 0.000000 0.056300 0.000100 0.000000 0.000000 0.000000 0.027900 0.000200 0.056000 0.000000 0.027100 0.028300 0.000100 0.057600 0.027600 0.059000 0.027400 0.000000 0.027300 0.000000 0.000200 0.000000 0.000100 0.028200 0.000000 0.027700 0.028700 0.028200 0.091900 0.028100 0.028400 0.000100 0.055200
Reindeer 0.027300 0.349200 0.027800 0.095700 0.055200 0.027100 0.000000 0.000000 0.058600 0.028300 0.000000 0.000100 0.027600 0.000100 0.028700 0.000000 0.028700 0.028700 0.000000 0.000000 0.056300 0.000100 0.000000 0.000000 0.000000 0.027900 0.000200 0.056000 0.000000 0.027100 0.028200 0.000100 0.057600 0.027600 0.059000 0.027900 0.000000 0.027300 0.000000 0.000200 0.000000 0.000100 0.028200 0.000000 0.027700 0.028700 0.028200 0.091900 0.028100 0.028400 0.000100 0.055200
Ibex 0.027300 0.349200 0.027800 0.095700 0.055200 0.027100 0.000000 0.000000 0.057800 0.028200 0.000000 0.000100 0.027600 0.000100 0.028700 0.000000 0.028700 0.028700 0.000000 0.000000 0.056300 0.000100 0.000000 0.000000 0.000000 0.027900 0.000200 0.056000 0.000000 0.027100 0.028200 0.000100 0.057600 0.027600 0.059000 0.027300 0.000000 0.027300 0.000000 0.000200 0.000000 0.000100 0.028200 0.000000 0.027700 0.028700 0.028200 0.091900 0.028100 0.028400 0.000100 0.055200
GyrantGaze 0.056700 0.431100 0.057800 0.133900 0.086100 0.056200 0.027900 0.027900 0.090300 0.058600 0.027900 0.027800 0.057300 0.027800 0.059700 0.027900 0.060000 0.060000 0.028000 0.027900 0.087800 0.027500 0.027900 0.027900 0.027900 0.000000 0.027600 0.087400 0.027900 0.056200 0.058600 0.027800 0.090100 0.057300 0.091900 0.056800 0.027900 0.056800 0.027900 0.026900 0.027900 0.000100 0.058600 0.027900 0.057500 0.059700 0.058400 0.128200 0.058400 0.059100 0.027900 0.086100
Hartebeest 0.027000 0.345800 0.027500 0.095200 0.055100 0.027000 0.000200 0.000200 0.057700 0.028200 0.000200 0.000300 0.027500 0.000300 0.028600 0.000200 0.028600 0.028600 0.000200 0.000200 0.056000 0.000300 0.000200 0.000200 0.000200 0.027600 0.000000 0.055900 0.000200 0.027000 0.028200 0.000300 0.057300 0.027500 0.058700 0.027300 0.000200 0.027300 0.000200 0.000400 0.000200 0.000300 0.028200 0.000200 0.027500 0.028400 0.028100 0.091800 0.028000 0.028400 0.000200 0.055100
Bongo 0.085700 0.386400 0.027400 0.166600 0.116200 0.084900 0.056000 0.056000 0.056900 0.088100 0.056000 0.055900 0.086700 0.055800 0.089700 0.056000 0.090400 0.090400 0.056000 0.056000 0.118400 0.055400 0.056000 0.056000 0.056000 0.087400 0.055900 0.000000 0.056000 0.026700 0.088100 0.055800 0.120700 0.086700 0.123300 0.085900 0.056000 0.085900 0.056000 0.054500 0.056000 0.057600 0.088100 0.056000 0.086900 0.089400 0.087800 0.160100 0.087700 0.088600 0.056200 0.054700
Gerenuk 0.027300 0.349200 0.027800 0.095700 0.055200 0.027100 0.000000 0.000000 0.057800 0.028200 0.000000 0.000100 0.027600 0.000100 0.028700 0.000000 0.028700 0.028700 0.000000 0.000000 0.056300 0.000100 0.000000 0.000000 0.000000 0.027900 0.000200 0.056000 0.000000 0.027100 0.028800 0.000100 0.057600 0.027600 0.059000 0.027300 0.000000 0.027300 0.000000 0.000200 0.000000 0.000100 0.028200 0.000000 0.027700 0.028700 0.028200 0.091900 0.028100 0.028400 0.000100 0.055200
CommonElan 0.055200 0.395300 0.000100 0.127700 0.083900 0.054700 0.027100 0.027100 0.027400 0.056700 0.027100 0.027000 0.055700 0.027000 0.057700 0.027100 0.058000 0.058000 0.027100 0.027100 0.085400 0.026800 0.027100 0.027100 0.027100 0.056200 0.027000 0.026700 0.027100 0.000000 0.056700 0.027000 0.087100 0.055700 0.089000 0.055200 0.027100 0.055200 0.027100 0.026300 0.027100 0.027700 0.056700 0.027100 0.055900 0.057600 0.056500 0.123000 0.056500 0.057100 0.027200 0.026400
MuntiacusR 0.057100 0.352600 0.058400 0.097100 0.086800 0.056700 0.028200 0.028200 0.091200 0.000000 0.028100 0.028200 0.057800 0.028200 0.000100 0.028200 0.060600 0.060600 0.028800 0.028200 0.088800 0.027900 0.028300 0.028200 0.028200 0.058600 0.028200 0.088100 0.028800 0.056700 0.000000 0.028200 0.091200 0.057900 0.028900 0.057400 0.029100 0.057400 0.028200 0.027400 0.028400 0.028900 0.000000 0.028200 0.058100 0.060500 0.000100 0.093200 0.059200 0.059900 0.028300 0.086800
HarveysDui 0.027100 0.340700 0.027700 0.095100 0.055100 0.027000 0.000100 0.000100 0.057700 0.028200 0.000100 0.000200 0.027400 0.000000 0.028600 0.000100 0.028600 0.028600 0.000100 0.000100 0.055900 0.000200 0.000100 0.000100 0.000100 0.027800 0.000300 0.055800 0.000100 0.027000 0.028200 0.000000 0.057100 0.027400 0.058600 0.027300 0.000100 0.027300 0.000100 0.000300 0.000100 0.000200 0.028200 0.000100 0.027500 0.028500 0.028600 0.091500 0.027900 0.028400 0.000200 0.055100
Pronghorn 0.087700 0.351100 0.082300 0.095100 0.119000 0.087100 0.057600 0.057600 0.089100 0.091200 0.057600 0.057400 0.088600 0.057100 0.092300 0.057600 0.092700 0.092700 0.057600 0.057600 0.121300 0.056800 0.057600 0.057600 0.057600 0.090100 0.057300 0.120700 0.057600 0.087100 0.091200 0.057100 0.000000 0.088700 0.127100 0.088300 0.057600 0.088200 0.057600 0.056000 0.057600 0.059000 0.091200 0.057600 0.089000 0.092600 0.090100 0.167100 0.090000 0.028300 0.057600 0.119100
BlueWildeb 0.056000 0.418400 0.057000 0.131000 0.085500 0.055700 0.027600 0.027600 0.089300 0.057900 0.027600 0.027400 0.056400 0.027400 0.058700 0.027600 0.058900 0.058900 0.027600 0.027600 0.086900 0.027200 0.027600 0.027600 0.027600 0.057300 0.027500 0.086700 0.027600 0.055700 0.057900 0.027400 0.088700 0.000000 0.090700 0.056300 0.027600 0.056200 0.027600 0.026700 0.027600 0.028100 0.057900 0.027600 0.056700 0.058600 0.057500 0.126100 0.057500 0.058200 0.027600 0.085500
Gemsbok 0.089400 0.424700 0.091500 0.135200 0.121300 0.089000 0.059000 0.059000 0.127600 0.028900 0.059000 0.058700 0.090600 0.058600 0.029400 0.059000 0.095100 0.095100 0.059000 0.059000 0.124700 0.058100 0.059000 0.059000 0.059000 0.091900 0.058700 0.123300 0.059000 0.089000 0.028900 0.058600 0.127100 0.090700 0.000000 0.090200 0.059000 0.090100 0.059000 0.057400 0.059000 0.060300 0.028900 0.059000 0.090900 0.094600 0.028800 0.094000 0.092500 0.094000 0.059000 0.121500
Yak 0.055700 0.417800 0.056800 0.130400 0.084800 0.055200 0.027300 0.027300 0.088500 0.057400 0.027300 0.027300 0.056200 0.027300 0.058400 0.027300 0.058600 0.058600 0.027300 0.027300 0.086400 0.027100 0.027400 0.027900 0.027300 0.056800 0.027300 0.085900 0.027300 0.055200 0.057400 0.027300 0.088300 0.056300 0.090200 0.000000 0.027300 0.055800 0.027300 0.026600 0.027300 0.028000 0.057400 0.027300 0.000100 0.058400 0.057200 0.125100 0.057200 0.057800 0.027400 0.084800
BlueSheep 0.027300 0.349200 0.027800 0.095700 0.055200 0.027100 0.000000 0.000000 0.057800 0.028300 0.000000 0.000100 0.027600 0.000100 0.028700 0.000000 0.028700 0.028700 0.000000 0.000000 0.056300 0.000100 0.000000 0.000000 0.000000 0.027900 0.000200 0.056000 0.000000 0.027100 0.029100 0.000100 0.057600 0.027600 0.059000 0.027300 0.000000 0.027300 0.000000 0.000200 0.000000 0.000100 0.028200 0.000000 0.027700 0.028700 0.028200 0.091900 0.028100 0.028400 0.000100 0.055200
BohorReedb 0.055700 0.277300 0.056800 0.130200 0.026500 0.055200 0.027300 0.027300 0.088500 0.057400 0.027300 0.027300 0.056200 0.027300 0.058400 0.027300 0.058600 0.058600 0.027900 0.027300 0.086400 0.027000 0.027300 0.027300 0.027300 0.056800 0.027300 0.085900 0.027300 0.055200 0.057400 0.027300 0.088200 0.056200 0.090100 0.055800 0.027300 0.000000 0.027300 0.026600 0.027500 0.028000 0.057400 0.027300 0.056400 0.058300 0.057200 0.125000 0.057100 0.057700 0.027400 0.084800
KirksDik 0.027300 0.349200 0.027800 0.095700 0.055200 0.027100 0.000000 0.000000 0.057800 0.028200 0.000000 0.000100 0.027600 0.000100 0.028700 0.000000 0.028700 0.028700 0.000000 0.000000 0.056300 0.000100 0.000000 0.000000 0.000000 0.027900 0.000200 0.056000 0.000000 0.027100 0.028200 0.000100 0.057600 0.027600 0.059000 0.027300 0.000000 0.027300 0.000000 0.000200 0.000000 0.000100 0.028300 0.000000 0.027700 0.028700 0.028200 0.091900 0.028100 0.028400 0.000100 0.055200
RoeDeer 0.026300 0.341600 0.026800 0.092900 0.053800 0.026300 0.000200 0.000200 0.056300 0.027400 0.000200 0.000300 0.026700 0.000300 0.027900 0.000200 0.027900 0.027900 0.000200 0.000200 0.054600 0.000300 0.000200 0.000200 0.000200 0.026900 0.000400 0.054500 0.000200 0.026300 0.027400 0.000300 0.056000 0.026700 0.057400 0.026600 0.000200 0.026600 0.000200 0.000000 0.000200 0.000300 0.027400 0.000200 0.026800 0.027700 0.027300 0.089700 0.027300 0.027600 0.000300 0.053500
WhiteLippe 0.027300 0.349200 0.027800 0.095700 0.055200 0.027100 0.000000 0.000000 0.057800 0.028200 0.000000 0.000100 0.027600 0.000100 0.028700 0.000000 0.028700 0.028700 0.000000 0.000000 0.056300 0.000100 0.000000 0.000000 0.000000 0.027900 0.000200 0.056000 0.000000 0.027100 0.028400 0.000100 0.057600 0.027600 0.059000 0.027300 0.000000 0.027500 0.000000 0.000200 0.000000 0.000100 0.028200 0.000000 0.027700 0.028700 0.028200 0.091900 0.028100 0.028400 0.000100 0.055200
ThomsonGaz 0.027800 0.369500 0.028400 0.098200 0.056700 0.027700 0.000100 0.000100 0.059400 0.028900 0.000100 0.000200 0.028100 0.000200 0.029300 0.000100 0.029400 0.029400 0.000100 0.000100 0.057500 0.000200 0.000100 0.000100 0.000100 0.000100 0.000300 0.057600 0.000100 0.027700 0.028900 0.000200 0.059000 0.028100 0.060300 0.028000 0.000100 0.028000 0.000100 0.000300 0.000100 0.000000 0.028900 0.000100 0.028300 0.029200 0.028700 0.094600 0.028700 0.029100 0.000200 0.056700
MuntiacusC 0.057100 0.352600 0.058400 0.097100 0.088700 0.056700 0.028200 0.028200 0.091200 0.000000 0.028200 0.028200 0.057800 0.028200 0.000100 0.028100 0.060600 0.060600 0.028200 0.028200 0.088800 0.027900 0.028200 0.028200 0.028200 0.058600 0.028200 0.088100 0.028200 0.056700 0.000000 0.028200 0.091200 0.057900 0.028900 0.057400 0.028200 0.057400 0.028300 0.027400 0.028200 0.028900 0.000000 0.028400 0.058100 0.060500 0.000100 0.093200 0.059200 0.059900 0.028300 0.086800
WhiteTaile 0.027300 0.349200 0.027800 0.095700 0.055200 0.027100 0.000000 0.000000 0.057800 0.028200 0.000000 0.000100 0.027600 0.000100 0.028700 0.000000 0.028700 0.028700 0.000000 0.000000 0.056300 0.000100 0.000000 0.000000 0.000000 0.027900 0.000200 0.056000 0.000000 0.027100 0.028200 0.000100 0.057600 0.027600 0.059000 0.027300 0.000000 0.027300 0.000000 0.000200 0.000000 0.000100 0.028400 0.000000 0.027700 0.028700 0.028200 0.091900 0.028100 0.028400 0.000100 0.055200
Cattle 0.056200 0.411400 0.057300 0.131100 0.085800 0.055900 0.027700 0.027700 0.089400 0.058100 0.027700 0.027500 0.056700 0.027500 0.058900 0.027700 0.059100 0.059100 0.027700 0.027700 0.087000 0.027300 0.027700 0.027700 0.027700 0.057500 0.027500 0.086900 0.027700 0.055900 0.058100 0.027500 0.089000 0.056700 0.090900 0.000100 0.027700 0.056400 0.027700 0.026800 0.027700 0.028300 0.058100 0.027700 0.000000 0.058800 0.057700 0.126200 0.057600 0.058400 0.027700 0.085700
RoyalAntel 0.057800 0.437400 0.059100 0.135800 0.088000 0.057600 0.028700 0.028700 0.092700 0.060500 0.028700 0.028500 0.058600 0.028500 0.061500 0.028700 0.061400 0.061400 0.028700 0.028700 0.089700 0.028300 0.028700 0.028700 0.028700 0.059700 0.028400 0.089400 0.028700 0.057600 0.060500 0.028500 0.092600 0.058600 0.094600 0.058400 0.028700 0.058300 0.028700 0.027700 0.028700 0.029200 0.060500 0.028700 0.058800 0.000000 0.060200 0.059300 0.060200 0.061100 0.028700 0.088000
Steenbok 0.056800 0.344100 0.058100 0.096500 0.086400 0.056500 0.028200 0.028200 0.091000 0.000100 0.028200 0.028000 0.057500 0.028500 0.000200 0.028200 0.060300 0.060300 0.028200 0.028200 0.088200 0.027800 0.028200 0.028200 0.028200 0.058400 0.028100 0.087800 0.028200 0.056500 0.000100 0.028600 0.090100 0.057500 0.028800 0.057200 0.028200 0.057200 0.028200 0.027300 0.028200 0.028700 0.000100 0.028200 0.057700 0.060200 0.000000 0.092800 0.058600 0.059800 0.028200 0.086500
Impala 0.122900 0.415000 0.127200 0.134800 0.157300 0.123000 0.091900 0.091900 0.166400 0.093200 0.091900 0.091700 0.126100 0.091500 0.095000 0.091900 0.133100 0.133100 0.091900 0.091900 0.161500 0.090800 0.091900 0.091900 0.091900 0.128200 0.091800 0.160100 0.091900 0.123000 0.093200 0.091500 0.167100 0.126100 0.094000 0.125100 0.091900 0.125000 0.091900 0.089700 0.091900 0.094600 0.093200 0.091900 0.126200 0.059300 0.092800 0.000000 0.129100 0.131100 0.092200 0.157400
Klipspring 0.056800 0.281900 0.058000 0.134700 0.086400 0.056500 0.028100 0.028100 0.090900 0.059200 0.028100 0.028000 0.057500 0.027800 0.060200 0.028100 0.060200 0.060200 0.028100 0.028100 0.088100 0.027700 0.028100 0.028100 0.028100 0.058400 0.028000 0.087700 0.028100 0.056500 0.059200 0.027900 0.090000 0.057500 0.092500 0.057200 0.028100 0.057100 0.028100 0.027300 0.028100 0.028700 0.059200 0.028100 0.057600 0.060200 0.058600 0.129100 0.000000 0.059700 0.028100 0.086400
ForestMusk 0.057600 0.293000 0.052800 0.062900 0.088000 0.057100 0.029300 0.028400 0.058400 0.059900 0.028400 0.028400 0.058200 0.028400 0.060800 0.028400 0.060800 0.060800 0.028400 0.028900 0.089300 0.028100 0.028400 0.028400 0.028400 0.059100 0.028400 0.088600 0.028400 0.057100 0.059900 0.028400 0.028300 0.058200 0.094000 0.057800 0.028400 0.057700 0.028400 0.027600 0.028400 0.029100 0.059900 0.028400 0.058400 0.061100 0.059800 0.131100 0.059700 0.000000 0.028500 0.087300
Bushbuck 0.027300 0.348100 0.027800 0.095700 0.055400 0.027200 0.000100 0.000100 0.058000 0.028300 0.000100 0.000200 0.027600 0.000200 0.028700 0.000100 0.028700 0.028700 0.000100 0.000100 0.056300 0.000200 0.000100 0.000100 0.000100 0.027900 0.000200 0.056200 0.000100 0.027200 0.028300 0.000200 0.057600 0.027600 0.059000 0.027400 0.000100 0.027400 0.000100 0.000300 0.000100 0.000200 0.028300 0.000100 0.027700 0.028700 0.028200 0.092200 0.028100 0.028500 0.000000 0.055400
GreaterKud 0.084700 0.468000 0.027100 0.163700 0.114900 0.083900 0.055200 0.055200 0.056100 0.086800 0.055200 0.055100 0.085500 0.055100 0.088300 0.055200 0.089100 0.089100 0.055200 0.055200 0.116900 0.054700 0.055200 0.055200 0.055200 0.086100 0.055100 0.054700 0.055200 0.026400 0.086800 0.055100 0.119100 0.085500 0.121500 0.084800 0.055200 0.084800 0.055200 0.053500 0.055200 0.056700 0.086800 0.055200 0.085700 0.088000 0.086500 0.157400 0.086400 0.087300 0.055400 0.000000
