CODONML (in paml version 4.10.7, June 2023)  /home/rachel/ruminants_paml/6406-phy-tree/ENSBTAT00000029254.fasta.phy
Model: free dN/dS Ratios for branches,  kappa = 2.000 fixed

Codon frequency model: F3x4
ns =  54  ls = 112

Codon usage in sequences
--------------------------------------------------------------------------------------------------------------------------------------
Phe TTT   3   3   3   3   3   3 | Ser TCT   0   0   0   0   0   0 | Tyr TAT   0   0   1   1   1   1 | Cys TGT   0   0   0   0   0   0
    TTC   3   3   3   3   3   3 |     TCC   0   0   0   0   0   0 |     TAC   1   1   0   0   0   0 |     TGC   0   0   0   0   0   0
Leu TTA   1   1   1   1   1   1 |     TCA   1   1   1   1   1   1 | *** TAA   0   0   0   0   0   0 | *** TGA   0   0   0   0   0   0
    TTG   0   0   0   0   0   0 |     TCG   0   0   0   0   0   0 |     TAG   0   0   0   0   0   0 | Trp TGG   0   0   0   0   0   0
--------------------------------------------------------------------------------------------------------------------------------------
Leu CTT   1   1   1   1   1   1 | Pro CCT   1   1   1   1   2   1 | His CAT   0   0   0   0   0   0 | Arg CGT   2   2   2   2   2   2
    CTC   2   2   2   2   2   2 |     CCC   0   0   0   0   0   0 |     CAC   0   0   0   0   0   0 |     CGC   1   1   1   1   1   1
    CTA   0   1   0   0   0   0 |     CCA   3   4   4   3   3   4 | Gln CAA   5   3   4   5   3   2 |     CGA   1   1   1   1   1   1
    CTG   5   4   5   5   5   5 |     CCG   1   0   0   1   0   0 |     CAG  16  18  17  16  18  19 |     CGG   0   0   0   0   0   0
--------------------------------------------------------------------------------------------------------------------------------------
Ile ATT   4   5   3   5   5   5 | Thr ACT   1   0   0   0   0   0 | Asn AAT   3   2   3   3   3   3 | Ser AGT   0   0   0   0   0   0
    ATC   5   4   6   4   4   4 |     ACC   2   3   2   2   2   2 |     AAC   0   1   0   0   0   0 |     AGC   1   1   1   1   1   1
    ATA   0   0   0   0   0   0 |     ACA   2   3   3   3   3   3 | Lys AAA   4   4   4   4   4   4 | Arg AGA   2   1   2   2   1   1
Met ATG   2   2   2   2   2   2 |     ACG   2   2   2   2   2   2 |     AAG   4   4   4   4   4   4 |     AGG   0   1   0   0   1   1
--------------------------------------------------------------------------------------------------------------------------------------
Val GTT   1   2   1   1   2   2 | Ala GCT   2   2   2   3   3   2 | Asp GAT   8   8   8   7   8   8 | Gly GGT   0   0   0   0   0   0
    GTC   2   1   2   2   1   1 |     GCC   4   3   4   3   3   4 |     GAC   1   1   1   2   1   1 |     GGC   2   2   2   2   2   2
    GTA   3   2   3   2   2   2 |     GCA   0   1   0   0   1   1 | Glu GAA   2   2   2   2   3   2 |     GGA   3   3   3   3   3   3
    GTG   2   3   2   3   3   3 |     GCG   1   0   1   1   0   0 |     GAG   2   2   2   2   1   2 |     GGG   0   0   0   0   0   0
--------------------------------------------------------------------------------------------------------------------------------------

--------------------------------------------------------------------------------------------------------------------------------------
Phe TTT   3   3   3   3   3   3 | Ser TCT   0   0   0   0   0   0 | Tyr TAT   1   0   1   1   1   1 | Cys TGT   0   0   0   0   0   0
    TTC   3   3   3   3   3   3 |     TCC   0   0   0   0   0   0 |     TAC   0   1   0   0   0   0 |     TGC   0   0   0   0   0   0
Leu TTA   1   1   1   1   1   1 |     TCA   1   1   1   1   1   1 | *** TAA   0   0   0   0   0   0 | *** TGA   0   0   0   0   0   0
    TTG   0   0   0   0   0   0 |     TCG   0   0   0   0   0   0 |     TAG   0   0   0   0   0   0 | Trp TGG   0   0   0   0   0   0
--------------------------------------------------------------------------------------------------------------------------------------
Leu CTT   1   1   1   1   1   1 | Pro CCT   1   1   1   1   1   1 | His CAT   0   0   0   0   0   0 | Arg CGT   2   2   2   2   2   2
    CTC   2   2   2   2   2   2 |     CCC   0   0   0   0   0   0 |     CAC   0   0   0   0   0   0 |     CGC   1   1   1   1   1   1
    CTA   0   0   0   0   0   0 |     CCA   3   3   3   3   4   3 | Gln CAA   5   5   4   4   4   3 |     CGA   1   1   1   1   1   1
    CTG   5   5   5   5   5   5 |     CCG   1   1   1   1   0   1 |     CAG  16  16  17  17  17  18 |     CGG   0   0   0   0   0   0
--------------------------------------------------------------------------------------------------------------------------------------
Ile ATT   4   4   4   4   3   4 | Thr ACT   1   1   1   1   0   0 | Asn AAT   3   3   2   2   3   3 | Ser AGT   0   0   1   0   0   0
    ATC   5   5   5   5   6   5 |     ACC   2   2   2   2   2   2 |     AAC   0   0   0   1   0   0 |     AGC   1   1   1   1   1   1
    ATA   0   0   0   0   0   0 |     ACA   2   2   2   2   3   3 | Lys AAA   3   4   3   4   4   4 | Arg AGA   2   2   2   2   2   2
Met ATG   2   2   2   2   2   2 |     ACG   2   2   2   2   2   2 |     AAG   5   4   5   4   4   4 |     AGG   0   0   0   0   0   0
--------------------------------------------------------------------------------------------------------------------------------------
Val GTT   1   1   1   1   1   1 | Ala GCT   2   2   2   2   2   2 | Asp GAT   8   8   8   8   8   8 | Gly GGT   0   0   0   0   0   0
    GTC   2   2   2   2   2   3 |     GCC   4   4   4   3   4   4 |     GAC   1   1   1   1   1   1 |     GGC   2   2   2   2   2   2
    GTA   3   3   3   3   3   2 |     GCA   0   0   1   0   0   0 | Glu GAA   2   2   2   2   2   2 |     GGA   3   3   3   3   3   3
    GTG   2   2   2   2   2   2 |     GCG   1   1   0   2   1   1 |     GAG   2   2   2   2   2   2 |     GGG   0   0   0   0   0   0
--------------------------------------------------------------------------------------------------------------------------------------

--------------------------------------------------------------------------------------------------------------------------------------
Phe TTT   3   3   3   3   3   3 | Ser TCT   0   0   0   0   0   0 | Tyr TAT   1   1   1   1   1   1 | Cys TGT   0   0   0   0   0   0
    TTC   3   3   3   3   3   3 |     TCC   0   0   0   0   0   0 |     TAC   0   0   0   0   0   0 |     TGC   0   0   0   0   0   0
Leu TTA   1   1   1   1   1   1 |     TCA   1   1   1   1   1   1 | *** TAA   0   0   0   0   0   0 | *** TGA   0   0   0   0   0   0
    TTG   0   0   0   0   0   0 |     TCG   0   0   0   0   0   0 |     TAG   0   0   0   0   0   0 | Trp TGG   0   0   0   0   0   0
--------------------------------------------------------------------------------------------------------------------------------------
Leu CTT   1   1   1   1   0   1 | Pro CCT   1   1   1   1   1   1 | His CAT   0   0   0   0   0   0 | Arg CGT   2   2   2   2   2   2
    CTC   2   2   2   2   3   2 |     CCC   0   0   0   0   0   0 |     CAC   0   0   0   0   0   0 |     CGC   1   1   1   1   1   1
    CTA   0   0   0   0   0   0 |     CCA   3   3   3   3   3   3 | Gln CAA   5   5   5   5   5   3 |     CGA   1   1   1   1   1   1
    CTG   5   5   5   5   5   5 |     CCG   1   1   1   1   1   1 |     CAG  16  16  16  16  16  18 |     CGG   0   0   0   0   0   0
--------------------------------------------------------------------------------------------------------------------------------------
Ile ATT   4   3   4   5   4   4 | Thr ACT   1   0   1   1   1   1 | Asn AAT   2   3   3   2   3   2 | Ser AGT   0   0   0   1   0   0
    ATC   5   6   5   4   5   5 |     ACC   2   2   2   2   2   2 |     AAC   1   0   0   0   0   1 |     AGC   1   1   1   1   1   1
    ATA   0   0   0   0   0   0 |     ACA   2   3   2   2   2   2 | Lys AAA   4   4   4   3   4   4 | Arg AGA   2   2   2   2   2   2
Met ATG   2   2   2   2   2   2 |     ACG   2   2   2   2   2   2 |     AAG   4   4   4   5   4   4 |     AGG   0   0   0   0   0   0
--------------------------------------------------------------------------------------------------------------------------------------
Val GTT   1   1   1   2   1   2 | Ala GCT   2   2   3   2   3   3 | Asp GAT   8   8   8   8   8   8 | Gly GGT   0   0   0   0   0   0
    GTC   2   2   2   1   2   1 |     GCC   4   4   3   4   3   3 |     GAC   1   1   1   1   1   1 |     GGC   2   2   2   2   2   2
    GTA   3   3   3   3   3   3 |     GCA   0   0   0   0   0   0 | Glu GAA   2   2   2   2   2   2 |     GGA   3   3   3   3   3   3
    GTG   2   2   2   2   2   2 |     GCG   1   1   1   1   1   1 |     GAG   2   2   2   2   2   2 |     GGG   0   0   0   0   0   0
--------------------------------------------------------------------------------------------------------------------------------------

--------------------------------------------------------------------------------------------------------------------------------------
Phe TTT   3   3   3   3   3   3 | Ser TCT   0   0   0   0   0   0 | Tyr TAT   1   1   1   1   1   1 | Cys TGT   0   0   0   0   0   0
    TTC   3   3   3   3   3   3 |     TCC   0   0   0   0   0   0 |     TAC   0   0   0   0   0   0 |     TGC   0   0   0   0   0   0
Leu TTA   1   1   1   1   1   1 |     TCA   1   1   1   1   1   1 | *** TAA   0   0   0   0   0   0 | *** TGA   0   0   0   0   0   0
    TTG   0   0   0   0   0   0 |     TCG   0   0   0   0   0   0 |     TAG   0   0   0   0   0   0 | Trp TGG   0   0   0   0   0   0
--------------------------------------------------------------------------------------------------------------------------------------
Leu CTT   1   1   1   1   1   1 | Pro CCT   1   1   1   1   1   1 | His CAT   0   0   0   0   0   0 | Arg CGT   3   3   2   2   2   2
    CTC   2   2   2   2   2   2 |     CCC   0   0   0   0   0   0 |     CAC   0   0   0   0   0   0 |     CGC   0   0   1   1   1   1
    CTA   0   0   0   0   0   0 |     CCA   3   4   3   4   3   3 | Gln CAA   5   5   5   4   4   5 |     CGA   1   1   1   1   1   1
    CTG   5   5   5   5   5   5 |     CCG   1   0   1   0   1   1 |     CAG  16  16  16  17  17  16 |     CGG   0   0   0   0   0   0
--------------------------------------------------------------------------------------------------------------------------------------
Ile ATT   4   4   4   3   4   4 | Thr ACT   0   0   1   0   1   1 | Asn AAT   3   3   3   3   2   3 | Ser AGT   0   0   0   0   0   0
    ATC   5   5   5   6   5   5 |     ACC   2   2   2   2   2   2 |     AAC   0   0   0   0   1   0 |     AGC   1   1   1   1   1   1
    ATA   0   0   0   0   0   0 |     ACA   4   4   2   3   2   2 | Lys AAA   3   3   4   4   4   4 | Arg AGA   2   2   2   2   2   2
Met ATG   2   2   2   2   2   2 |     ACG   1   1   2   2   2   2 |     AAG   5   5   4   4   4   4 |     AGG   0   0   0   0   0   0
--------------------------------------------------------------------------------------------------------------------------------------
Val GTT   1   1   1   1   1   1 | Ala GCT   2   2   2   2   2   2 | Asp GAT   8   8   8   8   8   8 | Gly GGT   0   0   0   0   0   0
    GTC   2   2   2   2   2   2 |     GCC   4   4   4   4   4   4 |     GAC   1   1   1   1   1   1 |     GGC   2   2   2   2   2   2
    GTA   3   3   3   3   3   3 |     GCA   0   0   0   0   0   0 | Glu GAA   2   2   2   2   2   2 |     GGA   3   3   3   3   3   3
    GTG   2   2   2   2   2   2 |     GCG   1   1   1   1   1   1 |     GAG   2   2   2   2   2   2 |     GGG   0   0   0   0   0   0
--------------------------------------------------------------------------------------------------------------------------------------

--------------------------------------------------------------------------------------------------------------------------------------
Phe TTT   3   3   3   3   3   3 | Ser TCT   0   0   0   0   0   0 | Tyr TAT   1   1   1   1   1   1 | Cys TGT   0   0   0   0   0   0
    TTC   3   3   3   3   3   3 |     TCC   0   0   0   0   0   0 |     TAC   0   0   0   0   0   0 |     TGC   0   0   0   0   0   0
Leu TTA   1   1   1   1   1   1 |     TCA   1   1   1   1   1   1 | *** TAA   0   0   0   0   0   0 | *** TGA   0   0   0   0   0   0
    TTG   1   0   0   0   0   0 |     TCG   0   0   0   0   0   0 |     TAG   0   0   0   0   0   0 | Trp TGG   0   0   0   0   0   0
--------------------------------------------------------------------------------------------------------------------------------------
Leu CTT   1   1   1   1   1   1 | Pro CCT   1   1   1   1   1   1 | His CAT   0   0   0   0   0   0 | Arg CGT   2   2   2   2   2   2
    CTC   2   2   2   2   2   2 |     CCC   0   0   0   0   0   0 |     CAC   0   0   0   0   0   0 |     CGC   1   1   1   1   1   1
    CTA   0   0   0   0   0   0 |     CCA   3   3   3   3   3   4 | Gln CAA   3   3   5   4   5   4 |     CGA   1   1   1   1   1   1
    CTG   4   5   5   5   5   5 |     CCG   1   1   1   1   1   0 |     CAG  18  18  16  17  16  17 |     CGG   0   0   0   0   0   0
--------------------------------------------------------------------------------------------------------------------------------------
Ile ATT   4   4   4   4   4   4 | Thr ACT   0   0   1   1   1   0 | Asn AAT   3   3   3   2   3   3 | Ser AGT   0   0   0   0   0   0
    ATC   5   5   5   5   5   5 |     ACC   2   2   2   2   2   2 |     AAC   0   0   0   1   0   0 |     AGC   1   1   1   1   1   1
    ATA   0   0   0   0   0   0 |     ACA   3   3   2   2   2   3 | Lys AAA   4   4   4   4   4   4 | Arg AGA   2   2   2   2   2   2
Met ATG   2   2   2   2   2   2 |     ACG   2   2   2   2   2   2 |     AAG   4   4   4   4   4   4 |     AGG   0   0   0   0   0   0
--------------------------------------------------------------------------------------------------------------------------------------
Val GTT   1   2   1   1   1   1 | Ala GCT   2   2   2   3   3   2 | Asp GAT   8   8   8   8   8   8 | Gly GGT   0   0   0   0   0   0
    GTC   3   2   2   2   2   2 |     GCC   4   4   4   3   3   4 |     GAC   1   1   1   1   1   1 |     GGC   2   2   2   2   2   2
    GTA   2   2   3   3   3   3 |     GCA   0   0   0   0   0   0 | Glu GAA   2   2   2   2   2   2 |     GGA   3   3   3   3   3   3
    GTG   2   2   2   2   2   2 |     GCG   1   1   1   1   1   1 |     GAG   2   2   2   2   2   2 |     GGG   0   0   0   0   0   0
--------------------------------------------------------------------------------------------------------------------------------------

--------------------------------------------------------------------------------------------------------------------------------------
Phe TTT   3   3   3   3   3   3 | Ser TCT   0   0   0   0   0   0 | Tyr TAT   1   1   1   1   1   1 | Cys TGT   0   0   0   0   0   0
    TTC   3   3   3   3   3   3 |     TCC   0   0   0   0   0   0 |     TAC   0   0   0   0   0   0 |     TGC   0   0   0   0   0   0
Leu TTA   1   1   1   1   1   1 |     TCA   1   1   1   1   1   1 | *** TAA   0   0   0   0   0   0 | *** TGA   0   0   0   0   0   0
    TTG   0   0   0   0   0   0 |     TCG   0   0   0   0   0   0 |     TAG   0   0   0   0   0   0 | Trp TGG   0   0   0   0   0   0
--------------------------------------------------------------------------------------------------------------------------------------
Leu CTT   1   1   1   1   1   1 | Pro CCT   1   1   1   1   1   1 | His CAT   0   0   0   0   0   0 | Arg CGT   2   2   2   2   2   2
    CTC   2   2   2   2   2   2 |     CCC   0   0   0   0   0   0 |     CAC   0   0   0   0   0   0 |     CGC   1   1   1   1   1   1
    CTA   0   0   0   0   0   0 |     CCA   4   4   3   3   3   3 | Gln CAA   4   4   3   5   3   5 |     CGA   1   1   1   1   1   1
    CTG   5   5   5   5   5   5 |     CCG   0   0   1   1   1   1 |     CAG  17  17  18  16  18  16 |     CGG   0   0   0   0   0   0
--------------------------------------------------------------------------------------------------------------------------------------
Ile ATT   4   3   4   4   4   4 | Thr ACT   1   0   0   1   0   1 | Asn AAT   2   3   3   2   3   3 | Ser AGT   0   0   0   1   0   0
    ATC   5   6   5   5   5   5 |     ACC   2   2   2   2   2   2 |     AAC   1   0   0   0   0   0 |     AGC   1   1   1   1   1   1
    ATA   0   0   0   0   0   0 |     ACA   2   3   3   2   3   2 | Lys AAA   3   4   4   3   4   4 | Arg AGA   2   2   2   2   2   2
Met ATG   2   2   2   2   2   2 |     ACG   2   2   2   2   2   2 |     AAG   5   4   4   5   4   4 |     AGG   0   0   0   0   0   0
--------------------------------------------------------------------------------------------------------------------------------------
Val GTT   2   1   1   1   1   1 | Ala GCT   3   2   2   2   2   3 | Asp GAT   8   8   8   8   8   8 | Gly GGT   0   0   0   0   0   0
    GTC   1   2   3   2   2   2 |     GCC   3   4   4   4   4   3 |     GAC   1   1   1   1   1   1 |     GGC   2   2   2   2   2   2
    GTA   3   3   2   3   2   3 |     GCA   0   0   0   0   1   0 | Glu GAA   2   2   2   2   3   2 |     GGA   3   3   3   3   3   3
    GTG   2   2   2   2   3   2 |     GCG   1   1   1   1   0   1 |     GAG   2   2   2   2   1   2 |     GGG   0   0   0   0   0   0
--------------------------------------------------------------------------------------------------------------------------------------

--------------------------------------------------------------------------------------------------------------------------------------
Phe TTT   3   3   3   3   3   3 | Ser TCT   0   0   0   0   0   0 | Tyr TAT   1   1   1   1   1   1 | Cys TGT   0   0   0   0   0   0
    TTC   3   3   3   3   3   3 |     TCC   0   0   0   0   0   0 |     TAC   0   0   0   0   0   0 |     TGC   0   0   0   0   0   0
Leu TTA   1   1   1   1   1   1 |     TCA   1   1   1   1   1   1 | *** TAA   0   0   0   0   0   0 | *** TGA   0   0   0   0   0   0
    TTG   0   0   0   0   0   0 |     TCG   0   0   0   0   0   0 |     TAG   0   0   0   0   0   0 | Trp TGG   0   0   0   0   0   0
--------------------------------------------------------------------------------------------------------------------------------------
Leu CTT   1   1   1   1   1   1 | Pro CCT   1   1   1   1   1   1 | His CAT   0   0   0   0   0   0 | Arg CGT   2   2   2   2   2   2
    CTC   2   2   2   2   2   2 |     CCC   0   0   0   0   0   0 |     CAC   0   0   0   0   0   0 |     CGC   1   1   1   0   1   1
    CTA   0   0   0   0   0   0 |     CCA   3   3   3   3   3   3 | Gln CAA   5   4   6   5   4   3 |     CGA   1   1   1   2   1   1
    CTG   5   5   5   5   5   5 |     CCG   1   1   1   1   1   1 |     CAG  16  17  15  16  17  18 |     CGG   0   0   0   0   0   0
--------------------------------------------------------------------------------------------------------------------------------------
Ile ATT   4   3   4   4   4   4 | Thr ACT   1   0   1   1   1   0 | Asn AAT   3   3   3   2   2   2 | Ser AGT   0   0   0   0   0   0
    ATC   5   6   5   5   5   5 |     ACC   2   2   2   2   2   2 |     AAC   0   0   0   1   1   1 |     AGC   1   1   1   1   1   1
    ATA   0   0   0   0   0   0 |     ACA   3   3   2   2   2   3 | Lys AAA   4   4   4   3   4   4 | Arg AGA   2   2   2   2   2   2
Met ATG   2   2   2   2   2   2 |     ACG   1   2   2   2   2   2 |     AAG   4   4   4   5   4   4 |     AGG   0   0   0   0   0   0
--------------------------------------------------------------------------------------------------------------------------------------
Val GTT   1   1   1   1   1   1 | Ala GCT   1   2   2   3   1   1 | Asp GAT   8   8   8   8   8   8 | Gly GGT   0   0   0   0   0   0
    GTC   2   2   2   2   2   3 |     GCC   5   4   4   3   4   5 |     GAC   1   1   1   1   1   1 |     GGC   2   2   2   2   2   2
    GTA   3   3   3   3   3   2 |     GCA   0   1   0   0   0   1 | Glu GAA   2   2   2   2   2   2 |     GGA   3   3   3   3   3   3
    GTG   2   2   2   2   2   2 |     GCG   1   0   1   1   2   0 |     GAG   2   2   2   2   2   2 |     GGG   0   0   0   0   0   0
--------------------------------------------------------------------------------------------------------------------------------------

--------------------------------------------------------------------------------------------------------------------------------------
Phe TTT   3   3   3   3   3   3 | Ser TCT   0   0   0   0   0   0 | Tyr TAT   1   1   1   1   1   1 | Cys TGT   0   0   0   0   0   0
    TTC   3   3   3   3   3   3 |     TCC   0   0   0   0   0   0 |     TAC   0   0   0   0   0   0 |     TGC   0   0   0   0   0   0
Leu TTA   1   1   1   1   1   1 |     TCA   1   1   1   1   1   1 | *** TAA   0   0   0   0   0   0 | *** TGA   0   0   0   0   0   0
    TTG   0   0   0   0   0   0 |     TCG   0   0   0   0   0   0 |     TAG   0   0   0   0   0   0 | Trp TGG   0   0   0   0   0   0
--------------------------------------------------------------------------------------------------------------------------------------
Leu CTT   1   1   1   1   1   1 | Pro CCT   1   1   1   1   1   1 | His CAT   0   0   0   0   0   0 | Arg CGT   2   2   2   2   2   2
    CTC   2   2   2   2   2   2 |     CCC   0   0   0   0   0   0 |     CAC   0   0   0   0   0   0 |     CGC   1   1   1   1   1   1
    CTA   0   0   0   0   0   0 |     CCA   3   3   3   3   3   3 | Gln CAA   3   4   3   3   4   5 |     CGA   1   1   1   1   1   1
    CTG   5   5   5   5   5   5 |     CCG   1   1   1   1   1   1 |     CAG  18  17  18  18  17  16 |     CGG   0   0   0   0   0   0
--------------------------------------------------------------------------------------------------------------------------------------
Ile ATT   4   4   4   4   3   4 | Thr ACT   0   1   0   0   0   1 | Asn AAT   3   2   3   3   3   3 | Ser AGT   0   0   0   0   0   0
    ATC   5   5   5   5   6   5 |     ACC   2   2   2   2   2   2 |     AAC   0   1   0   0   0   0 |     AGC   1   1   1   1   1   1
    ATA   0   0   0   0   0   0 |     ACA   3   2   3   3   3   2 | Lys AAA   4   4   4   4   4   4 | Arg AGA   2   2   2   2   2   2
Met ATG   2   2   2   2   2   2 |     ACG   2   2   2   2   2   2 |     AAG   4   4   4   4   4   4 |     AGG   0   0   0   0   0   0
--------------------------------------------------------------------------------------------------------------------------------------
Val GTT   1   1   1   2   1   2 | Ala GCT   2   3   2   2   2   2 | Asp GAT   8   8   8   8   8   8 | Gly GGT   0   0   0   0   0   0
    GTC   3   2   3   2   2   1 |     GCC   4   3   4   4   4   4 |     GAC   1   1   1   1   1   1 |     GGC   2   2   2   2   2   2
    GTA   2   3   2   3   3   3 |     GCA   0   0   0   0   1   0 | Glu GAA   2   2   2   2   2   2 |     GGA   3   3   3   3   3   3
    GTG   2   2   2   1   2   2 |     GCG   1   1   1   1   0   1 |     GAG   2   2   2   2   2   2 |     GGG   0   0   0   0   0   0
--------------------------------------------------------------------------------------------------------------------------------------

--------------------------------------------------------------------------------------------------------------------------------------
Phe TTT   3   3   3   3   3   3 | Ser TCT   0   0   0   0   0   0 | Tyr TAT   1   1   1   1   1   1 | Cys TGT   0   0   0   0   0   0
    TTC   3   3   3   3   3   3 |     TCC   0   0   0   0   0   0 |     TAC   0   0   0   0   0   0 |     TGC   0   0   0   0   0   0
Leu TTA   1   1   1   1   1   1 |     TCA   1   1   1   1   1   1 | *** TAA   0   0   0   0   0   0 | *** TGA   0   0   0   0   0   0
    TTG   1   0   0   0   0   0 |     TCG   0   0   0   0   0   0 |     TAG   0   0   0   0   0   0 | Trp TGG   0   0   0   0   0   0
--------------------------------------------------------------------------------------------------------------------------------------
Leu CTT   1   1   1   1   1   1 | Pro CCT   1   1   1   1   1   1 | His CAT   0   0   0   0   0   0 | Arg CGT   1   2   2   2   2   2
    CTC   2   2   2   2   2   2 |     CCC   0   0   0   0   0   0 |     CAC   0   0   0   0   0   0 |     CGC   2   1   1   1   1   1
    CTA   0   0   0   0   0   0 |     CCA   3   3   3   3   4   4 | Gln CAA   4   5   4   5   4   4 |     CGA   1   1   1   1   1   1
    CTG   4   5   5   5   5   5 |     CCG   1   1   1   1   0   0 |     CAG  17  16  17  16  17  17 |     CGG   0   0   0   0   0   0
--------------------------------------------------------------------------------------------------------------------------------------
Ile ATT   4   5   4   4   3   3 | Thr ACT   2   1   1   0   0   0 | Asn AAT   2   2   3   3   3   3 | Ser AGT   0   1   0   0   0   0
    ATC   5   4   5   5   6   6 |     ACC   1   2   2   2   2   2 |     AAC   1   0   0   0   0   0 |     AGC   1   1   1   1   1   1
    ATA   0   0   0   0   0   0 |     ACA   2   3   2   3   3   3 | Lys AAA   4   4   4   4   4   4 | Arg AGA   2   2   2   2   2   2
Met ATG   2   2   2   2   2   2 |     ACG   2   1   2   2   2   2 |     AAG   4   4   4   4   4   4 |     AGG   0   0   0   0   0   0
--------------------------------------------------------------------------------------------------------------------------------------
Val GTT   1   1   1   1   1   1 | Ala GCT   2   2   2   3   2   2 | Asp GAT   8   8   8   7   8   8 | Gly GGT   0   0   0   0   0   0
    GTC   2   2   2   2   2   2 |     GCC   4   4   4   3   4   4 |     GAC   1   1   1   2   1   1 |     GGC   2   2   2   2   2   2
    GTA   3   3   3   2   3   3 |     GCA   1   1   0   0   0   0 | Glu GAA   2   2   2   2   2   2 |     GGA   3   3   3   3   3   3
    GTG   2   2   2   3   2   2 |     GCG   0   0   1   1   1   1 |     GAG   2   2   2   2   2   2 |     GGG   0   0   0   0   0   0
--------------------------------------------------------------------------------------------------------------------------------------

Codon position x base (3x4) table for each sequence.

#1: Argali         
position  1:    T:0.08036    C:0.33929    A:0.28571    G:0.29464
position  2:    T:0.30357    C:0.17857    A:0.41071    G:0.10714
position  3:    T:0.23214    C:0.21429    A:0.24107    G:0.31250
Average         T:0.20536    C:0.24405    A:0.31250    G:0.23810

#2: LesserMouseDeer
position  1:    T:0.08036    C:0.33929    A:0.29464    G:0.28571
position  2:    T:0.30357    C:0.17857    A:0.41071    G:0.10714
position  3:    T:0.23214    C:0.20536    A:0.24107    G:0.32143
Average         T:0.20536    C:0.24107    A:0.31548    G:0.23810

#3: LesserKudu     
position  1:    T:0.08036    C:0.33929    A:0.28571    G:0.29464
position  2:    T:0.30357    C:0.17857    A:0.41071    G:0.10714
position  3:    T:0.22321    C:0.21429    A:0.25000    G:0.31250
Average         T:0.20238    C:0.24405    A:0.31548    G:0.23810

#4: ForestMuskDeer2
position  1:    T:0.08036    C:0.33929    A:0.28571    G:0.29464
position  2:    T:0.30357    C:0.17857    A:0.41071    G:0.10714
position  3:    T:0.24107    C:0.19643    A:0.24107    G:0.32143
Average         T:0.20833    C:0.23810    A:0.31250    G:0.24107

#5: Camel          
position  1:    T:0.08036    C:0.33929    A:0.28571    G:0.29464
position  2:    T:0.30357    C:0.17857    A:0.41071    G:0.10714
position  3:    T:0.26786    C:0.17857    A:0.23214    G:0.32143
Average         T:0.21726    C:0.23214    A:0.30952    G:0.24107

#6: KillerWhale    
position  1:    T:0.08036    C:0.33929    A:0.28571    G:0.29464
position  2:    T:0.30357    C:0.17857    A:0.41071    G:0.10714
position  3:    T:0.25000    C:0.18750    A:0.22321    G:0.33929
Average         T:0.21131    C:0.23512    A:0.30655    G:0.24702

#7: DefassaWaterbuck
position  1:    T:0.08036    C:0.33929    A:0.28571    G:0.29464
position  2:    T:0.30357    C:0.17857    A:0.41071    G:0.10714
position  3:    T:0.24107    C:0.20536    A:0.23214    G:0.32143
Average         T:0.20833    C:0.24107    A:0.30952    G:0.24107

#8: Sheep          
position  1:    T:0.08036    C:0.33929    A:0.28571    G:0.29464
position  2:    T:0.30357    C:0.17857    A:0.41071    G:0.10714
position  3:    T:0.23214    C:0.21429    A:0.24107    G:0.31250
Average         T:0.20536    C:0.24405    A:0.31250    G:0.23810

#9: MaxwellsDuiker 
position  1:    T:0.08036    C:0.33929    A:0.28571    G:0.29464
position  2:    T:0.30357    C:0.17857    A:0.40179    G:0.11607
position  3:    T:0.24107    C:0.20536    A:0.23214    G:0.32143
Average         T:0.20833    C:0.24107    A:0.30655    G:0.24405

#10: GazellaPrzewalskyi
position  1:    T:0.08036    C:0.33929    A:0.28571    G:0.29464
position  2:    T:0.30357    C:0.17857    A:0.41071    G:0.10714
position  3:    T:0.23214    C:0.20536    A:0.23214    G:0.33036
Average         T:0.20536    C:0.24107    A:0.30952    G:0.24405

#11: MountainNyala  
position  1:    T:0.08036    C:0.33929    A:0.28571    G:0.29464
position  2:    T:0.30357    C:0.17857    A:0.41071    G:0.10714
position  3:    T:0.22321    C:0.21429    A:0.25000    G:0.31250
Average         T:0.20238    C:0.24405    A:0.31548    G:0.23810

#12: MuntiacusMuntjak
position  1:    T:0.08036    C:0.33929    A:0.28571    G:0.29464
position  2:    T:0.30357    C:0.17857    A:0.41071    G:0.10714
position  3:    T:0.23214    C:0.21429    A:0.22321    G:0.33036
Average         T:0.20536    C:0.24405    A:0.30655    G:0.24405

#13: goat           
position  1:    T:0.08036    C:0.33929    A:0.28571    G:0.29464
position  2:    T:0.30357    C:0.17857    A:0.41071    G:0.10714
position  3:    T:0.23214    C:0.21429    A:0.24107    G:0.31250
Average         T:0.20536    C:0.24405    A:0.31250    G:0.23810

#14: AfricanBuffalo 
position  1:    T:0.08036    C:0.33929    A:0.28571    G:0.29464
position  2:    T:0.30357    C:0.17857    A:0.41071    G:0.10714
position  3:    T:0.22321    C:0.21429    A:0.25000    G:0.31250
Average         T:0.20238    C:0.24405    A:0.31548    G:0.23810

#15: Topi           
position  1:    T:0.08036    C:0.33929    A:0.28571    G:0.29464
position  2:    T:0.30357    C:0.17857    A:0.41071    G:0.10714
position  3:    T:0.25000    C:0.19643    A:0.24107    G:0.31250
Average         T:0.21131    C:0.23810    A:0.31250    G:0.23810

#16: CommonDuiker   
position  1:    T:0.08036    C:0.33929    A:0.28571    G:0.29464
position  2:    T:0.30357    C:0.17857    A:0.40179    G:0.11607
position  3:    T:0.25893    C:0.18750    A:0.23214    G:0.32143
Average         T:0.21429    C:0.23512    A:0.30655    G:0.24405

#17: Suni           
position  1:    T:0.08036    C:0.33929    A:0.28571    G:0.29464
position  2:    T:0.30357    C:0.17857    A:0.41071    G:0.10714
position  3:    T:0.24107    C:0.20536    A:0.24107    G:0.31250
Average         T:0.20833    C:0.24107    A:0.31250    G:0.23810

#18: Springbuck     
position  1:    T:0.08036    C:0.33929    A:0.28571    G:0.29464
position  2:    T:0.30357    C:0.17857    A:0.41071    G:0.10714
position  3:    T:0.25000    C:0.19643    A:0.22321    G:0.33036
Average         T:0.21131    C:0.23810    A:0.30655    G:0.24405

#19: Okapi          
position  1:    T:0.08036    C:0.33929    A:0.28571    G:0.29464
position  2:    T:0.30357    C:0.17857    A:0.41071    G:0.10714
position  3:    T:0.24107    C:0.19643    A:0.25000    G:0.31250
Average         T:0.20833    C:0.23810    A:0.31548    G:0.23810

#20: Giraffe        
position  1:    T:0.08036    C:0.33929    A:0.28571    G:0.29464
position  2:    T:0.30357    C:0.17857    A:0.41071    G:0.10714
position  3:    T:0.24107    C:0.19643    A:0.25893    G:0.30357
Average         T:0.20833    C:0.23810    A:0.31845    G:0.23512

#21: TibetanAntelope
position  1:    T:0.08036    C:0.33929    A:0.28571    G:0.29464
position  2:    T:0.30357    C:0.17857    A:0.41071    G:0.10714
position  3:    T:0.24107    C:0.20536    A:0.24107    G:0.31250
Average         T:0.20833    C:0.24107    A:0.31250    G:0.23810

#22: Sitatunga      
position  1:    T:0.08036    C:0.33929    A:0.28571    G:0.29464
position  2:    T:0.30357    C:0.17857    A:0.41071    G:0.10714
position  3:    T:0.22321    C:0.21429    A:0.25000    G:0.31250
Average         T:0.20238    C:0.24405    A:0.31548    G:0.23810

#23: Oribi          
position  1:    T:0.08036    C:0.33929    A:0.28571    G:0.29464
position  2:    T:0.30357    C:0.17857    A:0.41071    G:0.10714
position  3:    T:0.23214    C:0.21429    A:0.23214    G:0.32143
Average         T:0.20536    C:0.24405    A:0.30952    G:0.24107

#24: BarbarySheep   
position  1:    T:0.08036    C:0.33929    A:0.28571    G:0.29464
position  2:    T:0.30357    C:0.17857    A:0.41071    G:0.10714
position  3:    T:0.24107    C:0.20536    A:0.24107    G:0.31250
Average         T:0.20833    C:0.24107    A:0.31250    G:0.23810

#25: Daviddeer      
position  1:    T:0.08929    C:0.33036    A:0.28571    G:0.29464
position  2:    T:0.30357    C:0.17857    A:0.41071    G:0.10714
position  3:    T:0.23214    C:0.21429    A:0.22321    G:0.33036
Average         T:0.20833    C:0.24107    A:0.30655    G:0.24405

#26: Reindeer       
position  1:    T:0.08036    C:0.33929    A:0.28571    G:0.29464
position  2:    T:0.30357    C:0.17857    A:0.41071    G:0.10714
position  3:    T:0.24107    C:0.20536    A:0.22321    G:0.33036
Average         T:0.20833    C:0.24107    A:0.30655    G:0.24405

#27: Ibex           
position  1:    T:0.08036    C:0.33929    A:0.28571    G:0.29464
position  2:    T:0.30357    C:0.17857    A:0.41071    G:0.10714
position  3:    T:0.24107    C:0.20536    A:0.24107    G:0.31250
Average         T:0.20833    C:0.24107    A:0.31250    G:0.23810

#28: GyrantGazelle  
position  1:    T:0.08036    C:0.33929    A:0.28571    G:0.29464
position  2:    T:0.30357    C:0.17857    A:0.41071    G:0.10714
position  3:    T:0.24107    C:0.20536    A:0.23214    G:0.32143
Average         T:0.20833    C:0.24107    A:0.30952    G:0.24107

#29: Hartebeest     
position  1:    T:0.08036    C:0.33929    A:0.28571    G:0.29464
position  2:    T:0.30357    C:0.17857    A:0.41071    G:0.10714
position  3:    T:0.25000    C:0.19643    A:0.24107    G:0.31250
Average         T:0.21131    C:0.23810    A:0.31250    G:0.23810

#30: Bongo          
position  1:    T:0.08036    C:0.33929    A:0.28571    G:0.29464
position  2:    T:0.30357    C:0.17857    A:0.41071    G:0.10714
position  3:    T:0.23214    C:0.20536    A:0.25000    G:0.31250
Average         T:0.20536    C:0.24107    A:0.31548    G:0.23810

#31: Gerenuk        
position  1:    T:0.08036    C:0.33929    A:0.28571    G:0.29464
position  2:    T:0.30357    C:0.17857    A:0.41071    G:0.10714
position  3:    T:0.25000    C:0.19643    A:0.23214    G:0.32143
Average         T:0.21131    C:0.23810    A:0.30952    G:0.24107

#32: CommonEland    
position  1:    T:0.08036    C:0.33929    A:0.28571    G:0.29464
position  2:    T:0.30357    C:0.17857    A:0.41071    G:0.10714
position  3:    T:0.22321    C:0.21429    A:0.25000    G:0.31250
Average         T:0.20238    C:0.24405    A:0.31548    G:0.23810

#33: MuntiacusReevesi
position  1:    T:0.08036    C:0.33929    A:0.28571    G:0.29464
position  2:    T:0.30357    C:0.17857    A:0.41071    G:0.10714
position  3:    T:0.23214    C:0.21429    A:0.22321    G:0.33036
Average         T:0.20536    C:0.24405    A:0.30655    G:0.24405

#34: HarveysDuiker  
position  1:    T:0.08036    C:0.33929    A:0.28571    G:0.29464
position  2:    T:0.30357    C:0.17857    A:0.40179    G:0.11607
position  3:    T:0.24107    C:0.20536    A:0.23214    G:0.32143
Average         T:0.20833    C:0.24107    A:0.30655    G:0.24405

#35: Pronghorn      
position  1:    T:0.08036    C:0.33929    A:0.28571    G:0.29464
position  2:    T:0.30357    C:0.17857    A:0.41071    G:0.10714
position  3:    T:0.23214    C:0.20536    A:0.24107    G:0.32143
Average         T:0.20536    C:0.24107    A:0.31250    G:0.24107

#36: BlueWildebeest 
position  1:    T:0.08036    C:0.33929    A:0.28571    G:0.29464
position  2:    T:0.30357    C:0.17857    A:0.41071    G:0.10714
position  3:    T:0.25000    C:0.19643    A:0.24107    G:0.31250
Average         T:0.21131    C:0.23810    A:0.31250    G:0.23810

#37: Gemsbok        
position  1:    T:0.08036    C:0.33929    A:0.28571    G:0.29464
position  2:    T:0.30357    C:0.17857    A:0.41071    G:0.10714
position  3:    T:0.23214    C:0.21429    A:0.25000    G:0.30357
Average         T:0.20536    C:0.24405    A:0.31548    G:0.23512

#38: Yak            
position  1:    T:0.08036    C:0.33929    A:0.28571    G:0.29464
position  2:    T:0.30357    C:0.17857    A:0.41071    G:0.10714
position  3:    T:0.22321    C:0.21429    A:0.25000    G:0.31250
Average         T:0.20238    C:0.24405    A:0.31548    G:0.23810

#39: BlueSheep      
position  1:    T:0.08036    C:0.33929    A:0.28571    G:0.29464
position  2:    T:0.30357    C:0.17857    A:0.41071    G:0.10714
position  3:    T:0.24107    C:0.20536    A:0.25000    G:0.30357
Average         T:0.20833    C:0.24107    A:0.31548    G:0.23512

#40: BohorReedbuck  
position  1:    T:0.08036    C:0.33929    A:0.28571    G:0.29464
position  2:    T:0.30357    C:0.17857    A:0.41071    G:0.10714
position  3:    T:0.24107    C:0.19643    A:0.24107    G:0.32143
Average         T:0.20833    C:0.23810    A:0.31250    G:0.24107

#41: KirksDik       
position  1:    T:0.08036    C:0.33929    A:0.28571    G:0.29464
position  2:    T:0.30357    C:0.17857    A:0.41071    G:0.10714
position  3:    T:0.22321    C:0.21429    A:0.23214    G:0.33036
Average         T:0.20238    C:0.24405    A:0.30952    G:0.24405

#42: RoeDeer        
position  1:    T:0.08036    C:0.33929    A:0.28571    G:0.29464
position  2:    T:0.30357    C:0.17857    A:0.41071    G:0.10714
position  3:    T:0.21429    C:0.23214    A:0.23214    G:0.32143
Average         T:0.19940    C:0.25000    A:0.30952    G:0.24107

#43: WhiteLippedDeer
position  1:    T:0.08036    C:0.33929    A:0.28571    G:0.29464
position  2:    T:0.30357    C:0.17857    A:0.41071    G:0.10714
position  3:    T:0.23214    C:0.21429    A:0.22321    G:0.33036
Average         T:0.20536    C:0.24405    A:0.30655    G:0.24405

#44: ThomsonGazelle 
position  1:    T:0.08036    C:0.33929    A:0.28571    G:0.29464
position  2:    T:0.30357    C:0.17857    A:0.41071    G:0.10714
position  3:    T:0.24107    C:0.20536    A:0.23214    G:0.32143
Average         T:0.20833    C:0.24107    A:0.30952    G:0.24107

#45: MuntiacusCrinifrons
position  1:    T:0.08036    C:0.33929    A:0.28571    G:0.29464
position  2:    T:0.30357    C:0.17857    A:0.41071    G:0.10714
position  3:    T:0.23214    C:0.21429    A:0.22321    G:0.33036
Average         T:0.20536    C:0.24405    A:0.30655    G:0.24405

#46: WhiteTailedDeer
position  1:    T:0.08036    C:0.33929    A:0.28571    G:0.29464
position  2:    T:0.30357    C:0.17857    A:0.41071    G:0.10714
position  3:    T:0.24107    C:0.20536    A:0.23214    G:0.32143
Average         T:0.20833    C:0.24107    A:0.30952    G:0.24107

#47: Cattle         
position  1:    T:0.08036    C:0.33929    A:0.28571    G:0.29464
position  2:    T:0.30357    C:0.17857    A:0.41071    G:0.10714
position  3:    T:0.22321    C:0.21429    A:0.25000    G:0.31250
Average         T:0.20238    C:0.24405    A:0.31548    G:0.23810

#48: RoyalAntelope  
position  1:    T:0.08036    C:0.33929    A:0.28571    G:0.29464
position  2:    T:0.30357    C:0.17857    A:0.41071    G:0.10714
position  3:    T:0.25000    C:0.19643    A:0.24107    G:0.31250
Average         T:0.21131    C:0.23810    A:0.31250    G:0.23810

#49: Steenbok       
position  1:    T:0.08929    C:0.33036    A:0.28571    G:0.29464
position  2:    T:0.30357    C:0.17857    A:0.41071    G:0.10714
position  3:    T:0.23214    C:0.21429    A:0.24107    G:0.31250
Average         T:0.20833    C:0.24107    A:0.31250    G:0.23810

#50: Impala         
position  1:    T:0.08036    C:0.33929    A:0.28571    G:0.29464
position  2:    T:0.30357    C:0.17857    A:0.40179    G:0.11607
position  3:    T:0.25000    C:0.19643    A:0.25893    G:0.29464
Average         T:0.21131    C:0.23810    A:0.31548    G:0.23512

#51: Klipspringer   
position  1:    T:0.08036    C:0.33929    A:0.28571    G:0.29464
position  2:    T:0.30357    C:0.17857    A:0.41071    G:0.10714
