CODONML (in paml version 4.10.7, June 2023)  /home/rachel/ruminants_paml/6406-phy-tree/ENSBTAT00000061131.fasta.phy
Model: free dN/dS Ratios for branches,  kappa = 2.000 fixed

Codon frequency model: F3x4
ns =  54  ls =  27

Codon usage in sequences
--------------------------------------------------------------------------------------------------------------------------------------
Phe TTT   2   2   2   2   2   2 | Ser TCT   0   0   0   0   0   0 | Tyr TAT   0   0   0   0   1   1 | Cys TGT   0   0   0   0   0   0
    TTC   0   0   0   0   0   0 |     TCC   1   1   1   1   0   1 |     TAC   3   3   3   3   2   2 |     TGC   0   0   0   0   0   0
Leu TTA   0   0   0   0   0   0 |     TCA   0   0   0   0   1   0 | *** TAA   0   0   0   0   0   0 | *** TGA   0   0   0   0   0   0
    TTG   0   0   0   0   0   0 |     TCG   0   0   0   0   0   0 |     TAG   0   0   0   0   0   0 | Trp TGG   0   0   0   0   0   0
--------------------------------------------------------------------------------------------------------------------------------------
Leu CTT   0   0   0   0   0   0 | Pro CCT   0   0   0   0   0   0 | His CAT   0   0   0   0   0   0 | Arg CGT   0   0   0   0   0   0
    CTC   0   0   0   0   0   0 |     CCC   0   0   0   0   0   0 |     CAC   0   0   0   0   0   0 |     CGC   0   0   0   0   0   0
    CTA   0   0   0   0   0   0 |     CCA   0   0   0   0   0   0 | Gln CAA   0   0   0   0   0   0 |     CGA   0   0   0   0   0   0
    CTG   0   0   0   0   0   0 |     CCG   0   0   0   0   0   0 |     CAG   0   0   0   0   0   0 |     CGG   0   0   0   0   0   0
--------------------------------------------------------------------------------------------------------------------------------------
Ile ATT   1   1   0   1   1   1 | Thr ACT   0   0   0   0   0   0 | Asn AAT   2   3   2   1   2   2 | Ser AGT   1   1   1   1   1   1
    ATC   0   0   1   0   0   0 |     ACC   1   1   1   1   1   1 |     AAC   1   1   1   2   1   1 |     AGC   0   0   0   0   0   0
    ATA   0   0   0   0   0   0 |     ACA   0   0   0   0   0   0 | Lys AAA   0   0   0   0   0   0 | Arg AGA   0   0   0   0   0   0
Met ATG   1   1   1   1   1   1 |     ACG   0   0   0   0   0   0 |     AAG   0   0   0   0   0   0 |     AGG   0   0   0   0   0   0
--------------------------------------------------------------------------------------------------------------------------------------
Val GTT   0   0   0   0   0   0 | Ala GCT   0   0   0   0   0   0 | Asp GAT   4   4   4   4   5   5 | Gly GGT   1   1   1   1   1   1
    GTC   0   0   0   0   0   0 |     GCC   0   0   0   0   0   0 |     GAC   4   4   4   4   3   3 |     GGC   0   0   0   0   0   0
    GTA   0   0   0   0   0   0 |     GCA   1   1   1   1   1   1 | Glu GAA   3   2   3   3   3   3 |     GGA   1   1   1   1   1   1
    GTG   0   0   0   0   0   0 |     GCG   0   0   0   0   0   0 |     GAG   0   0   0   0   0   0 |     GGG   0   0   0   0   0   0
--------------------------------------------------------------------------------------------------------------------------------------

--------------------------------------------------------------------------------------------------------------------------------------
Phe TTT   2   2   2   2   2   2 | Ser TCT   0   0   0   0   0   0 | Tyr TAT   0   0   0   0   0   0 | Cys TGT   0   0   0   0   0   0
    TTC   0   0   0   0   0   0 |     TCC   1   1   1   1   1   1 |     TAC   3   3   3   3   3   3 |     TGC   0   0   0   0   0   0
Leu TTA   0   0   0   0   0   0 |     TCA   0   0   0   0   0   0 | *** TAA   0   0   0   0   0   0 | *** TGA   0   0   0   0   0   0
    TTG   0   0   0   0   0   0 |     TCG   0   0   0   0   0   0 |     TAG   0   0   0   0   0   0 | Trp TGG   0   0   0   0   0   0
--------------------------------------------------------------------------------------------------------------------------------------
Leu CTT   0   0   0   0   0   0 | Pro CCT   0   0   0   0   0   0 | His CAT   0   0   0   0   0   0 | Arg CGT   0   0   0   0   0   0
    CTC   0   0   0   0   0   0 |     CCC   0   0   0   0   0   0 |     CAC   0   0   0   0   0   0 |     CGC   0   0   0   0   0   0
    CTA   0   0   0   0   0   0 |     CCA   0   0   0   0   0   0 | Gln CAA   0   0   0   0   0   0 |     CGA   0   0   0   0   0   0
    CTG   0   0   0   0   0   0 |     CCG   0   0   0   0   0   0 |     CAG   0   0   0   0   0   0 |     CGG   0   0   0   0   0   0
--------------------------------------------------------------------------------------------------------------------------------------
Ile ATT   1   1   1   1   0   1 | Thr ACT   0   0   0   0   0   0 | Asn AAT   2   2   2   2   2   2 | Ser AGT   1   1   1   1   1   1
    ATC   0   0   0   0   1   0 |     ACC   1   1   1   1   1   1 |     AAC   1   1   1   1   1   1 |     AGC   0   0   0   0   0   0
    ATA   0   0   0   0   0   0 |     ACA   0   0   0   0   0   0 | Lys AAA   0   0   0   0   0   0 | Arg AGA   0   0   0   0   0   0
Met ATG   1   1   1   1   1   1 |     ACG   0   0   0   0   0   0 |     AAG   0   0   0   0   0   0 |     AGG   0   0   0   0   0   0
--------------------------------------------------------------------------------------------------------------------------------------
Val GTT   0   0   0   0   0   0 | Ala GCT   0   0   0   0   0   0 | Asp GAT   5   4   4   4   5   4 | Gly GGT   1   1   0   1   1   1
    GTC   0   0   0   0   0   0 |     GCC   0   0   0   0   0   0 |     GAC   3   4   4   4   3   4 |     GGC   0   0   0   0   0   0
    GTA   0   0   0   0   0   0 |     GCA   1   1   1   1   1   1 | Glu GAA   3   3   3   3   3   3 |     GGA   1   1   1   1   1   1
    GTG   0   0   0   0   0   0 |     GCG   0   0   0   0   0   0 |     GAG   0   0   0   0   0   0 |     GGG   0   0   1   0   0   0
--------------------------------------------------------------------------------------------------------------------------------------

--------------------------------------------------------------------------------------------------------------------------------------
Phe TTT   2   2   2   2   2   2 | Ser TCT   0   0   0   0   0   0 | Tyr TAT   0   0   0   0   0   0 | Cys TGT   0   0   0   0   0   0
    TTC   0   0   0   0   0   0 |     TCC   1   1   1   1   1   1 |     TAC   3   3   3   3   3   3 |     TGC   0   0   0   0   0   0
Leu TTA   0   0   0   0   0   0 |     TCA   0   0   0   0   0   0 | *** TAA   0   0   0   0   0   0 | *** TGA   0   0   0   0   0   0
    TTG   0   0   0   0   0   0 |     TCG   0   0   0   0   0   0 |     TAG   0   0   0   0   0   0 | Trp TGG   0   0   0   0   0   0
--------------------------------------------------------------------------------------------------------------------------------------
Leu CTT   0   0   0   0   0   0 | Pro CCT   0   0   0   0   0   0 | His CAT   0   0   0   0   0   0 | Arg CGT   0   0   0   0   0   0
    CTC   0   0   0   0   0   0 |     CCC   0   0   0   0   0   0 |     CAC   0   0   0   0   0   0 |     CGC   0   0   0   0   0   0
    CTA   0   0   0   0   0   0 |     CCA   0   0   0   0   0   0 | Gln CAA   0   0   0   0   0   0 |     CGA   0   0   0   0   0   0
    CTG   0   0   0   0   0   0 |     CCG   0   0   0   0   0   0 |     CAG   0   0   0   0   0   0 |     CGG   0   0   0   0   0   0
--------------------------------------------------------------------------------------------------------------------------------------
Ile ATT   1   0   1   1   1   1 | Thr ACT   0   0   0   0   0   0 | Asn AAT   2   2   2   2   2   2 | Ser AGT   1   1   1   1   1   1
    ATC   0   1   0   0   0   0 |     ACC   1   1   1   1   1   1 |     AAC   1   1   1   1   1   1 |     AGC   0   0   0   0   0   0
    ATA   0   0   0   0   0   0 |     ACA   0   0   0   0   0   0 | Lys AAA   0   0   0   0   0   0 | Arg AGA   0   0   0   0   0   0
Met ATG   1   1   1   1   1   1 |     ACG   0   0   0   0   0   0 |     AAG   0   0   0   0   0   0 |     AGG   0   0   0   0   0   0
--------------------------------------------------------------------------------------------------------------------------------------
Val GTT   0   0   0   0   0   0 | Ala GCT   0   0   0   0   0   0 | Asp GAT   4   4   4   4   5   4 | Gly GGT   1   1   1   1   1   1
    GTC   0   0   0   0   0   0 |     GCC   0   0   0   0   0   0 |     GAC   4   4   4   4   3   4 |     GGC   0   0   0   0   0   0
    GTA   0   0   0   0   0   0 |     GCA   1   1   1   1   1   1 | Glu GAA   3   3   2   3   3   3 |     GGA   1   1   1   1   1   1
    GTG   0   0   0   0   0   0 |     GCG   0   0   0   0   0   0 |     GAG   0   0   1   0   0   0 |     GGG   0   0   0   0   0   0
--------------------------------------------------------------------------------------------------------------------------------------

--------------------------------------------------------------------------------------------------------------------------------------
Phe TTT   2   2   2   2   2   2 | Ser TCT   0   0   0   0   0   0 | Tyr TAT   0   0   0   0   0   0 | Cys TGT   0   0   0   0   0   0
    TTC   0   0   0   0   0   0 |     TCC   1   1   1   1   1   1 |     TAC   3   3   3   3   3   3 |     TGC   0   0   0   0   0   0
Leu TTA   0   0   0   0   0   0 |     TCA   0   0   0   0   0   0 | *** TAA   0   0   0   0   0   0 | *** TGA   0   0   0   0   0   0
    TTG   0   0   0   0   0   0 |     TCG   0   0   0   0   0   0 |     TAG   0   0   0   0   0   0 | Trp TGG   0   0   0   0   0   0
--------------------------------------------------------------------------------------------------------------------------------------
Leu CTT   0   0   0   0   0   0 | Pro CCT   0   0   0   0   0   0 | His CAT   0   0   0   0   0   0 | Arg CGT   0   0   0   0   0   0
    CTC   0   0   0   0   0   0 |     CCC   0   0   0   0   0   0 |     CAC   0   0   0   0   0   0 |     CGC   0   0   0   0   0   0
    CTA   0   0   0   0   0   0 |     CCA   0   0   0   0   0   0 | Gln CAA   0   0   0   0   0   0 |     CGA   0   0   0   0   0   0
    CTG   0   0   0   0   0   0 |     CCG   0   0   0   0   0   0 |     CAG   0   0   0   0   0   0 |     CGG   0   0   0   0   0   0
--------------------------------------------------------------------------------------------------------------------------------------
Ile ATT   1   1   1   0   1   1 | Thr ACT   0   0   0   0   0   0 | Asn AAT   2   2   2   2   2   2 | Ser AGT   1   1   1   1   1   1
    ATC   0   0   0   1   0   0 |     ACC   1   1   1   1   1   1 |     AAC   1   1   1   1   1   1 |     AGC   0   0   0   0   0   0
    ATA   0   0   0   0   0   0 |     ACA   0   0   0   0   0   0 | Lys AAA   0   0   0   0   0   0 | Arg AGA   0   0   0   0   0   0
Met ATG   1   1   1   1   1   1 |     ACG   0   0   0   0   0   0 |     AAG   0   0   0   0   0   0 |     AGG   0   0   0   0   0   0
--------------------------------------------------------------------------------------------------------------------------------------
Val GTT   0   0   0   0   0   0 | Ala GCT   0   0   0   0   0   0 | Asp GAT   5   4   4   4   5   4 | Gly GGT   1   1   1   1   1   1
    GTC   0   0   0   0   0   0 |     GCC   0   0   0   0   0   0 |     GAC   3   4   4   4   3   4 |     GGC   0   0   0   0   0   0
    GTA   0   0   0   0   0   0 |     GCA   1   1   1   1   1   1 | Glu GAA   3   3   3   3   3   3 |     GGA   1   1   1   1   1   1
    GTG   0   0   0   0   0   0 |     GCG   0   0   0   0   0   0 |     GAG   0   0   0   0   0   0 |     GGG   0   0   0   0   0   0
--------------------------------------------------------------------------------------------------------------------------------------

--------------------------------------------------------------------------------------------------------------------------------------
Phe TTT   2   2   2   2   2   2 | Ser TCT   0   0   0   0   0   0 | Tyr TAT   0   0   0   0   0   0 | Cys TGT   0   0   0   0   0   0
    TTC   0   0   0   0   0   0 |     TCC   1   1   1   1   1   1 |     TAC   3   3   3   3   3   3 |     TGC   0   0   0   0   0   0
Leu TTA   0   0   0   0   0   0 |     TCA   0   0   0   0   0   0 | *** TAA   0   0   0   0   0   0 | *** TGA   0   0   0   0   0   0
    TTG   0   0   0   0   0   0 |     TCG   0   0   0   0   0   0 |     TAG   0   0   0   0   0   0 | Trp TGG   0   0   0   0   0   0
--------------------------------------------------------------------------------------------------------------------------------------
Leu CTT   0   0   0   0   0   0 | Pro CCT   0   0   0   0   0   0 | His CAT   0   0   0   0   0   0 | Arg CGT   0   0   0   0   0   0
    CTC   0   0   0   0   0   0 |     CCC   0   0   0   0   0   0 |     CAC   0   0   0   0   0   0 |     CGC   0   0   0   0   0   0
    CTA   0   0   0   0   0   0 |     CCA   0   0   0   0   0   0 | Gln CAA   0   0   0   0   0   0 |     CGA   0   0   0   0   0   0
    CTG   0   0   0   0   0   0 |     CCG   0   0   0   0   0   0 |     CAG   0   0   0   0   0   0 |     CGG   0   0   0   0   0   0
--------------------------------------------------------------------------------------------------------------------------------------
Ile ATT   1   1   1   1   1   0 | Thr ACT   0   0   0   0   0   0 | Asn AAT   2   2   2   2   2   2 | Ser AGT   1   1   1   1   1   1
    ATC   0   0   0   0   0   1 |     ACC   1   1   1   1   1   1 |     AAC   1   1   1   1   1   1 |     AGC   0   0   0   0   0   0
    ATA   0   0   0   0   0   0 |     ACA   0   0   0   0   0   0 | Lys AAA   0   0   0   0   0   0 | Arg AGA   0   0   0   0   0   0
Met ATG   1   1   1   1   1   1 |     ACG   0   0   0   0   0   0 |     AAG   0   0   0   0   0   0 |     AGG   0   0   0   0   0   0
--------------------------------------------------------------------------------------------------------------------------------------
Val GTT   0   0   0   0   0   0 | Ala GCT   0   0   0   0   0   0 | Asp GAT   4   4   4   4   4   4 | Gly GGT   1   1   1   1   1   1
    GTC   0   0   0   0   0   0 |     GCC   0   0   0   0   0   0 |     GAC   4   4   4   4   4   4 |     GGC   0   0   0   0   0   0
    GTA   0   0   0   0   0   0 |     GCA   1   1   1   1   1   1 | Glu GAA   3   3   3   3   2   3 |     GGA   1   1   1   1   1   1
    GTG   0   0   0   0   0   0 |     GCG   0   0   0   0   0   0 |     GAG   0   0   0   0   1   0 |     GGG   0   0   0   0   0   0
--------------------------------------------------------------------------------------------------------------------------------------

--------------------------------------------------------------------------------------------------------------------------------------
Phe TTT   2   2   2   2   2   2 | Ser TCT   0   0   0   0   0   0 | Tyr TAT   0   0   0   0   0   0 | Cys TGT   0   0   0   0   0   0
    TTC   0   0   0   0   0   0 |     TCC   1   1   1   1   1   1 |     TAC   3   3   3   3   3   3 |     TGC   0   0   0   0   0   0
Leu TTA   0   0   0   0   0   0 |     TCA   0   0   0   0   0   0 | *** TAA   0   0   0   0   0   0 | *** TGA   0   0   0   0   0   0
    TTG   0   0   0   0   0   0 |     TCG   0   0   0   0   0   0 |     TAG   0   0   0   0   0   0 | Trp TGG   0   0   0   0   0   0
--------------------------------------------------------------------------------------------------------------------------------------
Leu CTT   0   0   0   0   0   0 | Pro CCT   0   0   0   0   0   0 | His CAT   0   0   0   0   0   0 | Arg CGT   0   0   0   0   0   0
    CTC   0   0   0   0   0   0 |     CCC   0   0   0   0   0   0 |     CAC   0   0   0   0   0   0 |     CGC   0   0   0   0   0   0
    CTA   0   0   0   0   0   0 |     CCA   0   0   0   0   0   0 | Gln CAA   0   0   0   0   0   0 |     CGA   0   0   0   0   0   0
    CTG   0   0   0   0   0   0 |     CCG   0   0   0   0   0   0 |     CAG   0   0   0   0   0   0 |     CGG   0   0   0   0   0   0
--------------------------------------------------------------------------------------------------------------------------------------
Ile ATT   1   0   1   1   1   1 | Thr ACT   0   0   0   0   0   0 | Asn AAT   2   2   2   2   2   2 | Ser AGT   1   1   1   1   1   1
    ATC   0   1   0   0   0   0 |     ACC   1   1   1   1   1   1 |     AAC   1   1   1   1   1   1 |     AGC   0   0   0   0   0   0
    ATA   0   0   0   0   0   0 |     ACA   0   0   0   0   0   0 | Lys AAA   0   0   0   0   0   0 | Arg AGA   0   0   0   0   0   0
Met ATG   1   1   1   1   1   1 |     ACG   0   0   0   0   0   0 |     AAG   0   0   0   0   0   0 |     AGG   0   0   0   0   0   0
--------------------------------------------------------------------------------------------------------------------------------------
Val GTT   0   0   0   0   0   0 | Ala GCT   0   0   0   0   0   0 | Asp GAT   4   5   4   4   4   4 | Gly GGT   1   1   1   1   1   1
    GTC   0   0   0   0   0   0 |     GCC   0   0   0   0   0   0 |     GAC   4   3   4   4   4   4 |     GGC   0   0   0   0   0   0
    GTA   0   0   0   0   0   0 |     GCA   1   1   1   1   1   1 | Glu GAA   3   3   3   3   3   2 |     GGA   1   1   1   1   1   1
    GTG   0   0   0   0   0   0 |     GCG   0   0   0   0   0   0 |     GAG   0   0   0   0   0   1 |     GGG   0   0   0   0   0   0
--------------------------------------------------------------------------------------------------------------------------------------

--------------------------------------------------------------------------------------------------------------------------------------
Phe TTT   2   2   2   2   2   2 | Ser TCT   0   0   0   0   0   0 | Tyr TAT   0   0   0   0   0   0 | Cys TGT   0   0   0   0   0   0
    TTC   0   0   0   0   0   0 |     TCC   1   1   1   1   1   1 |     TAC   3   3   3   3   3   3 |     TGC   0   0   0   0   0   0
Leu TTA   0   0   0   0   0   0 |     TCA   0   0   0   0   0   0 | *** TAA   0   0   0   0   0   0 | *** TGA   0   0   0   0   0   0
    TTG   0   0   0   0   0   0 |     TCG   0   0   0   0   0   0 |     TAG   0   0   0   0   0   0 | Trp TGG   0   0   0   0   0   0
--------------------------------------------------------------------------------------------------------------------------------------
Leu CTT   0   0   0   0   0   0 | Pro CCT   0   0   0   0   0   0 | His CAT   0   0   0   0   0   0 | Arg CGT   0   0   0   0   0   0
    CTC   0   0   0   0   0   0 |     CCC   0   0   0   0   0   0 |     CAC   0   0   0   0   0   0 |     CGC   0   0   0   0   0   0
    CTA   0   0   0   0   0   0 |     CCA   0   0   0   0   0   0 | Gln CAA   0   0   0   0   0   0 |     CGA   0   0   0   0   0   0
    CTG   0   0   0   0   0   0 |     CCG   0   0   0   0   0   0 |     CAG   0   0   0   0   0   0 |     CGG   0   0   0   0   0   0
--------------------------------------------------------------------------------------------------------------------------------------
Ile ATT   1   0   1   1   1   1 | Thr ACT   0   0   0   0   0   0 | Asn AAT   2   2   2   2   2   2 | Ser AGT   1   1   1   1   1   1
    ATC   0   1   0   0   0   0 |     ACC   1   1   1   1   1   1 |     AAC   1   1   1   1   1   1 |     AGC   0   0   0   0   0   0
    ATA   0   0   0   0   0   0 |     ACA   0   0   0   0   0   0 | Lys AAA   0   0   0   0   0   0 | Arg AGA   0   0   0   0   0   0
Met ATG   1   1   1   1   1   1 |     ACG   0   0   0   0   0   0 |     AAG   0   0   0   0   0   0 |     AGG   0   0   0   0   0   0
--------------------------------------------------------------------------------------------------------------------------------------
Val GTT   0   0   0   0   0   0 | Ala GCT   0   0   0   0   0   0 | Asp GAT   4   4   4   4   4   5 | Gly GGT   1   1   1   1   1   1
    GTC   0   0   0   0   0   0 |     GCC   0   0   0   0   0   0 |     GAC   4   4   4   4   4   3 |     GGC   0   0   0   0   0   0
    GTA   0   0   0   0   0   0 |     GCA   1   1   1   1   1   1 | Glu GAA   3   3   3   3   3   3 |     GGA   1   1   1   1   1   1
    GTG   0   0   0   0   0   0 |     GCG   0   0   0   0   0   0 |     GAG   0   0   0   0   0   0 |     GGG   0   0   0   0   0   0
--------------------------------------------------------------------------------------------------------------------------------------

--------------------------------------------------------------------------------------------------------------------------------------
Phe TTT   2   2   2   2   2   1 | Ser TCT   0   0   0   0   0   0 | Tyr TAT   0   0   0   0   0   0 | Cys TGT   0   0   0   0   0   0
    TTC   0   0   0   0   0   1 |     TCC   1   1   1   1   1   1 |     TAC   3   3   3   3   3   3 |     TGC   0   0   0   0   0   0
Leu TTA   0   0   0   0   0   0 |     TCA   0   0   0   0   0   0 | *** TAA   0   0   0   0   0   0 | *** TGA   0   0   0   0   0   0
    TTG   0   0   0   0   0   0 |     TCG   0   0   0   0   0   0 |     TAG   0   0   0   0   0   0 | Trp TGG   0   0   0   0   0   0
--------------------------------------------------------------------------------------------------------------------------------------
Leu CTT   0   0   0   0   0   0 | Pro CCT   0   0   0   0   0   0 | His CAT   0   0   0   0   0   0 | Arg CGT   0   0   0   0   0   0
    CTC   0   0   0   0   0   0 |     CCC   0   0   0   0   0   0 |     CAC   0   0   0   0   0   0 |     CGC   0   0   0   0   0   0
    CTA   0   0   0   0   0   0 |     CCA   0   0   0   0   0   0 | Gln CAA   0   0   0   0   0   0 |     CGA   0   0   0   0   0   0
    CTG   0   0   0   0   0   0 |     CCG   0   0   0   0   0   0 |     CAG   0   0   0   0   0   0 |     CGG   0   0   0   0   0   0
--------------------------------------------------------------------------------------------------------------------------------------
Ile ATT   1   1   1   1   0   1 | Thr ACT   0   0   0   0   0   0 | Asn AAT   2   2   2   2   2   2 | Ser AGT   1   1   1   1   1   1
    ATC   0   0   0   0   1   0 |     ACC   1   1   1   1   1   1 |     AAC   1   1   1   1   1   1 |     AGC   0   0   0   0   0   0
    ATA   0   0   0   0   0   0 |     ACA   0   0   0   0   0   0 | Lys AAA   0   0   0   0   0   0 | Arg AGA   0   0   0   0   0   0
Met ATG   1   1   1   1   1   1 |     ACG   0   0   0   0   0   0 |     AAG   0   0   0   0   0   0 |     AGG   0   0   0   0   0   0
--------------------------------------------------------------------------------------------------------------------------------------
Val GTT   0   0   0   0   0   0 | Ala GCT   0   0   0   0   0   0 | Asp GAT   4   3   4   4   4   4 | Gly GGT   1   1   1   1   1   1
    GTC   0   0   0   0   0   0 |     GCC   0   0   0   0   0   0 |     GAC   4   5   4   4   4   4 |     GGC   0   0   0   0   0   0
    GTA   0   0   0   0   0   0 |     GCA   1   0   1   1   1   1 | Glu GAA   3   2   3   3   3   3 |     GGA   1   1   1   1   1   1
    GTG   0   0   0   0   0   0 |     GCG   0   1   0   0   0   0 |     GAG   0   1   0   0   0   0 |     GGG   0   0   0   0   0   0
--------------------------------------------------------------------------------------------------------------------------------------

--------------------------------------------------------------------------------------------------------------------------------------
Phe TTT   2   2   2   2   2   2 | Ser TCT   0   0   0   0   0   0 | Tyr TAT   0   0   0   0   0   0 | Cys TGT   0   0   0   0   0   0
    TTC   0   0   0   0   0   0 |     TCC   1   1   1   1   1   1 |     TAC   3   3   3   3   3   3 |     TGC   0   0   0   0   0   0
Leu TTA   0   0   0   0   0   0 |     TCA   0   0   0   0   0   0 | *** TAA   0   0   0   0   0   0 | *** TGA   0   0   0   0   0   0
    TTG   0   0   0   0   0   0 |     TCG   0   0   0   0   0   0 |     TAG   0   0   0   0   0   0 | Trp TGG   0   0   0   0   0   0
--------------------------------------------------------------------------------------------------------------------------------------
Leu CTT   0   0   0   0   0   0 | Pro CCT   0   0   0   0   0   0 | His CAT   0   0   0   0   0   0 | Arg CGT   0   0   0   0   0   0
    CTC   0   0   0   0   0   0 |     CCC   0   0   0   0   0   0 |     CAC   0   0   0   0   0   0 |     CGC   0   0   0   0   0   0
    CTA   0   0   0   0   0   0 |     CCA   0   0   0   0   0   0 | Gln CAA   0   0   0   0   0   0 |     CGA   0   0   0   0   0   0
    CTG   0   0   0   0   0   0 |     CCG   0   0   0   0   0   0 |     CAG   0   0   0   0   0   0 |     CGG   0   0   0   0   0   0
--------------------------------------------------------------------------------------------------------------------------------------
Ile ATT   1   1   1   1   0   0 | Thr ACT   1   0   0   0   0   0 | Asn AAT   2   2   2   1   2   2 | Ser AGT   1   1   1   1   1   1
    ATC   0   0   0   0   1   1 |     ACC   0   1   1   1   1   1 |     AAC   2   1   1   2   1   1 |     AGC   0   0   0   0   0   0
    ATA   0   0   0   0   0   0 |     ACA   0   0   0   0   0   0 | Lys AAA   0   0   0   0   0   0 | Arg AGA   0   0   0   0   0   0
Met ATG   1   1   1   1   1   1 |     ACG   0   0   0   0   0   0 |     AAG   0   0   0   0   0   0 |     AGG   0   0   0   0   0   0
--------------------------------------------------------------------------------------------------------------------------------------
Val GTT   0   0   0   0   0   0 | Ala GCT   0   0   0   0   0   0 | Asp GAT   4   4   4   4   4   4 | Gly GGT   1   1   1   1   1   1
    GTC   0   0   0   0   0   0 |     GCC   0   0   0   0   0   0 |     GAC   3   4   4   4   4   4 |     GGC   0   0   0   0   0   0
    GTA   0   0   0   0   0   0 |     GCA   1   1   1   1   1   1 | Glu GAA   3   3   3   3   3   3 |     GGA   1   1   1   1   1   1
    GTG   0   0   0   0   0   0 |     GCG   0   0   0   0   0   0 |     GAG   0   0   0   0   0   0 |     GGG   0   0   0   0   0   0
--------------------------------------------------------------------------------------------------------------------------------------

Codon position x base (3x4) table for each sequence.

#1: Argali         
position  1:    T:0.22222    C:0.00000    A:0.25926    G:0.51852
position  2:    T:0.14815    C:0.11111    A:0.62963    G:0.11111
position  3:    T:0.40741    C:0.37037    A:0.18519    G:0.03704
Average         T:0.25926    C:0.16049    A:0.35802    G:0.22222

#2: LesserMouseDeer
position  1:    T:0.22222    C:0.00000    A:0.29630    G:0.48148
position  2:    T:0.14815    C:0.11111    A:0.62963    G:0.11111
position  3:    T:0.44444    C:0.37037    A:0.14815    G:0.03704
Average         T:0.27160    C:0.16049    A:0.35802    G:0.20988

#3: LesserKudu     
position  1:    T:0.22222    C:0.00000    A:0.25926    G:0.51852
position  2:    T:0.14815    C:0.11111    A:0.62963    G:0.11111
position  3:    T:0.37037    C:0.40741    A:0.18519    G:0.03704
Average         T:0.24691    C:0.17284    A:0.35802    G:0.22222

#4: ForestMuskDeer2
position  1:    T:0.22222    C:0.00000    A:0.25926    G:0.51852
position  2:    T:0.14815    C:0.11111    A:0.62963    G:0.11111
position  3:    T:0.37037    C:0.40741    A:0.18519    G:0.03704
Average         T:0.24691    C:0.17284    A:0.35802    G:0.22222

#5: Camel          
position  1:    T:0.22222    C:0.00000    A:0.25926    G:0.51852
position  2:    T:0.14815    C:0.11111    A:0.62963    G:0.11111
position  3:    T:0.48148    C:0.25926    A:0.22222    G:0.03704
Average         T:0.28395    C:0.12346    A:0.37037    G:0.22222

#6: KillerWhale    
position  1:    T:0.22222    C:0.00000    A:0.25926    G:0.51852
position  2:    T:0.14815    C:0.11111    A:0.62963    G:0.11111
position  3:    T:0.48148    C:0.29630    A:0.18519    G:0.03704
Average         T:0.28395    C:0.13580    A:0.35802    G:0.22222

#7: DefassaWaterbuck
position  1:    T:0.22222    C:0.00000    A:0.25926    G:0.51852
position  2:    T:0.14815    C:0.11111    A:0.62963    G:0.11111
position  3:    T:0.44444    C:0.33333    A:0.18519    G:0.03704
Average         T:0.27160    C:0.14815    A:0.35802    G:0.22222

#8: Sheep          
position  1:    T:0.22222    C:0.00000    A:0.25926    G:0.51852
position  2:    T:0.14815    C:0.11111    A:0.62963    G:0.11111
position  3:    T:0.40741    C:0.37037    A:0.18519    G:0.03704
Average         T:0.25926    C:0.16049    A:0.35802    G:0.22222

#9: MaxwellsDuiker 
position  1:    T:0.22222    C:0.00000    A:0.25926    G:0.51852
position  2:    T:0.14815    C:0.11111    A:0.62963    G:0.11111
position  3:    T:0.37037    C:0.37037    A:0.18519    G:0.07407
Average         T:0.24691    C:0.16049    A:0.35802    G:0.23457

#10: GazellaPrzewalskyi
position  1:    T:0.22222    C:0.00000    A:0.25926    G:0.51852
position  2:    T:0.14815    C:0.11111    A:0.62963    G:0.11111
position  3:    T:0.40741    C:0.37037    A:0.18519    G:0.03704
Average         T:0.25926    C:0.16049    A:0.35802    G:0.22222

#11: MountainNyala  
position  1:    T:0.22222    C:0.00000    A:0.25926    G:0.51852
position  2:    T:0.14815    C:0.11111    A:0.62963    G:0.11111
position  3:    T:0.40741    C:0.37037    A:0.18519    G:0.03704
Average         T:0.25926    C:0.16049    A:0.35802    G:0.22222

#12: MuntiacusMuntjak
position  1:    T:0.22222    C:0.00000    A:0.25926    G:0.51852
position  2:    T:0.14815    C:0.11111    A:0.62963    G:0.11111
position  3:    T:0.40741    C:0.37037    A:0.18519    G:0.03704
Average         T:0.25926    C:0.16049    A:0.35802    G:0.22222

#13: goat           
position  1:    T:0.22222    C:0.00000    A:0.25926    G:0.51852
position  2:    T:0.14815    C:0.11111    A:0.62963    G:0.11111
position  3:    T:0.40741    C:0.37037    A:0.18519    G:0.03704
Average         T:0.25926    C:0.16049    A:0.35802    G:0.22222

#14: AfricanBuffalo 
position  1:    T:0.22222    C:0.00000    A:0.25926    G:0.51852
position  2:    T:0.14815    C:0.11111    A:0.62963    G:0.11111
position  3:    T:0.37037    C:0.40741    A:0.18519    G:0.03704
Average         T:0.24691    C:0.17284    A:0.35802    G:0.22222

#15: Topi           
position  1:    T:0.22222    C:0.00000    A:0.25926    G:0.51852
position  2:    T:0.14815    C:0.11111    A:0.62963    G:0.11111
position  3:    T:0.40741    C:0.37037    A:0.14815    G:0.07407
Average         T:0.25926    C:0.16049    A:0.34568    G:0.23457

#16: CommonDuiker   
position  1:    T:0.22222    C:0.00000    A:0.25926    G:0.51852
position  2:    T:0.14815    C:0.11111    A:0.62963    G:0.11111
position  3:    T:0.40741    C:0.37037    A:0.18519    G:0.03704
Average         T:0.25926    C:0.16049    A:0.35802    G:0.22222

#17: Suni           
position  1:    T:0.22222    C:0.00000    A:0.25926    G:0.51852
position  2:    T:0.14815    C:0.11111    A:0.62963    G:0.11111
position  3:    T:0.44444    C:0.33333    A:0.18519    G:0.03704
Average         T:0.27160    C:0.14815    A:0.35802    G:0.22222

#18: Springbuck     
position  1:    T:0.22222    C:0.00000    A:0.25926    G:0.51852
position  2:    T:0.14815    C:0.11111    A:0.62963    G:0.11111
position  3:    T:0.40741    C:0.37037    A:0.18519    G:0.03704
Average         T:0.25926    C:0.16049    A:0.35802    G:0.22222

#19: Okapi          
position  1:    T:0.22222    C:0.00000    A:0.25926    G:0.51852
position  2:    T:0.14815    C:0.11111    A:0.62963    G:0.11111
position  3:    T:0.44444    C:0.33333    A:0.18519    G:0.03704
Average         T:0.27160    C:0.14815    A:0.35802    G:0.22222

#20: Giraffe        
position  1:    T:0.22222    C:0.00000    A:0.25926    G:0.51852
position  2:    T:0.14815    C:0.11111    A:0.62963    G:0.11111
position  3:    T:0.40741    C:0.37037    A:0.18519    G:0.03704
Average         T:0.25926    C:0.16049    A:0.35802    G:0.22222

#21: TibetanAntelope
position  1:    T:0.22222    C:0.00000    A:0.25926    G:0.51852
position  2:    T:0.14815    C:0.11111    A:0.62963    G:0.11111
position  3:    T:0.40741    C:0.37037    A:0.18519    G:0.03704
Average         T:0.25926    C:0.16049    A:0.35802    G:0.22222

#22: Sitatunga      
position  1:    T:0.22222    C:0.00000    A:0.25926    G:0.51852
position  2:    T:0.14815    C:0.11111    A:0.62963    G:0.11111
position  3:    T:0.37037    C:0.40741    A:0.18519    G:0.03704
Average         T:0.24691    C:0.17284    A:0.35802    G:0.22222

#23: Oribi          
position  1:    T:0.22222    C:0.00000    A:0.25926    G:0.51852
position  2:    T:0.14815    C:0.11111    A:0.62963    G:0.11111
position  3:    T:0.44444    C:0.33333    A:0.18519    G:0.03704
Average         T:0.27160    C:0.14815    A:0.35802    G:0.22222

#24: BarbarySheep   
position  1:    T:0.22222    C:0.00000    A:0.25926    G:0.51852
position  2:    T:0.14815    C:0.11111    A:0.62963    G:0.11111
position  3:    T:0.40741    C:0.37037    A:0.18519    G:0.03704
Average         T:0.25926    C:0.16049    A:0.35802    G:0.22222

#25: Daviddeer      
position  1:    T:0.22222    C:0.00000    A:0.25926    G:0.51852
position  2:    T:0.14815    C:0.11111    A:0.62963    G:0.11111
position  3:    T:0.40741    C:0.37037    A:0.18519    G:0.03704
Average         T:0.25926    C:0.16049    A:0.35802    G:0.22222

#26: Reindeer       
position  1:    T:0.22222    C:0.00000    A:0.25926    G:0.51852
position  2:    T:0.14815    C:0.11111    A:0.62963    G:0.11111
position  3:    T:0.40741    C:0.37037    A:0.18519    G:0.03704
Average         T:0.25926    C:0.16049    A:0.35802    G:0.22222

#27: Ibex           
position  1:    T:0.22222    C:0.00000    A:0.25926    G:0.51852
position  2:    T:0.14815    C:0.11111    A:0.62963    G:0.11111
position  3:    T:0.40741    C:0.37037    A:0.18519    G:0.03704
Average         T:0.25926    C:0.16049    A:0.35802    G:0.22222

#28: GyrantGazelle  
position  1:    T:0.22222    C:0.00000    A:0.25926    G:0.51852
position  2:    T:0.14815    C:0.11111    A:0.62963    G:0.11111
position  3:    T:0.40741    C:0.37037    A:0.18519    G:0.03704
Average         T:0.25926    C:0.16049    A:0.35802    G:0.22222

#29: Hartebeest     
position  1:    T:0.22222    C:0.00000    A:0.25926    G:0.51852
position  2:    T:0.14815    C:0.11111    A:0.62963    G:0.11111
position  3:    T:0.40741    C:0.37037    A:0.14815    G:0.07407
Average         T:0.25926    C:0.16049    A:0.34568    G:0.23457

#30: Bongo          
position  1:    T:0.22222    C:0.00000    A:0.25926    G:0.51852
position  2:    T:0.14815    C:0.11111    A:0.62963    G:0.11111
position  3:    T:0.37037    C:0.40741    A:0.18519    G:0.03704
Average         T:0.24691    C:0.17284    A:0.35802    G:0.22222

#31: Gerenuk        
position  1:    T:0.22222    C:0.00000    A:0.25926    G:0.51852
position  2:    T:0.14815    C:0.11111    A:0.62963    G:0.11111
position  3:    T:0.40741    C:0.37037    A:0.18519    G:0.03704
Average         T:0.25926    C:0.16049    A:0.35802    G:0.22222

#32: CommonEland    
position  1:    T:0.22222    C:0.00000    A:0.25926    G:0.51852
position  2:    T:0.14815    C:0.11111    A:0.62963    G:0.11111
position  3:    T:0.40741    C:0.37037    A:0.18519    G:0.03704
Average         T:0.25926    C:0.16049    A:0.35802    G:0.22222

#33: MuntiacusReevesi
position  1:    T:0.22222    C:0.00000    A:0.25926    G:0.51852
position  2:    T:0.14815    C:0.11111    A:0.62963    G:0.11111
position  3:    T:0.40741    C:0.37037    A:0.18519    G:0.03704
Average         T:0.25926    C:0.16049    A:0.35802    G:0.22222

#34: HarveysDuiker  
position  1:    T:0.22222    C:0.00000    A:0.25926    G:0.51852
position  2:    T:0.14815    C:0.11111    A:0.62963    G:0.11111
position  3:    T:0.40741    C:0.37037    A:0.18519    G:0.03704
Average         T:0.25926    C:0.16049    A:0.35802    G:0.22222

#35: Pronghorn      
position  1:    T:0.22222    C:0.00000    A:0.25926    G:0.51852
position  2:    T:0.14815    C:0.11111    A:0.62963    G:0.11111
position  3:    T:0.40741    C:0.37037    A:0.18519    G:0.03704
Average         T:0.25926    C:0.16049    A:0.35802    G:0.22222

#36: BlueWildebeest 
position  1:    T:0.22222    C:0.00000    A:0.25926    G:0.51852
position  2:    T:0.14815    C:0.11111    A:0.62963    G:0.11111
position  3:    T:0.40741    C:0.37037    A:0.14815    G:0.07407
Average         T:0.25926    C:0.16049    A:0.34568    G:0.23457

#37: Gemsbok        
position  1:    T:0.22222    C:0.00000    A:0.25926    G:0.51852
position  2:    T:0.14815    C:0.11111    A:0.62963    G:0.11111
position  3:    T:0.40741    C:0.37037    A:0.18519    G:0.03704
Average         T:0.25926    C:0.16049    A:0.35802    G:0.22222

#38: Yak            
position  1:    T:0.22222    C:0.00000    A:0.25926    G:0.51852
position  2:    T:0.14815    C:0.11111    A:0.62963    G:0.11111
position  3:    T:0.37037    C:0.40741    A:0.18519    G:0.03704
Average         T:0.24691    C:0.17284    A:0.35802    G:0.22222

#39: BlueSheep      
position  1:    T:0.22222    C:0.00000    A:0.25926    G:0.51852
position  2:    T:0.14815    C:0.11111    A:0.62963    G:0.11111
position  3:    T:0.40741    C:0.37037    A:0.18519    G:0.03704
Average         T:0.25926    C:0.16049    A:0.35802    G:0.22222

#40: BohorReedbuck  
position  1:    T:0.22222    C:0.00000    A:0.25926    G:0.51852
position  2:    T:0.14815    C:0.11111    A:0.62963    G:0.11111
position  3:    T:0.40741    C:0.37037    A:0.18519    G:0.03704
Average         T:0.25926    C:0.16049    A:0.35802    G:0.22222

#41: KirksDik       
position  1:    T:0.22222    C:0.00000    A:0.25926    G:0.51852
position  2:    T:0.14815    C:0.11111    A:0.62963    G:0.11111
position  3:    T:0.40741    C:0.37037    A:0.18519    G:0.03704
Average         T:0.25926    C:0.16049    A:0.35802    G:0.22222

#42: RoeDeer        
position  1:    T:0.22222    C:0.00000    A:0.25926    G:0.51852
position  2:    T:0.14815    C:0.11111    A:0.62963    G:0.11111
position  3:    T:0.44444    C:0.33333    A:0.18519    G:0.03704
Average         T:0.27160    C:0.14815    A:0.35802    G:0.22222

#43: WhiteLippedDeer
position  1:    T:0.22222    C:0.00000    A:0.25926    G:0.51852
position  2:    T:0.14815    C:0.11111    A:0.62963    G:0.11111
position  3:    T:0.40741    C:0.37037    A:0.18519    G:0.03704
Average         T:0.25926    C:0.16049    A:0.35802    G:0.22222

#44: ThomsonGazelle 
position  1:    T:0.22222    C:0.00000    A:0.25926    G:0.51852
position  2:    T:0.14815    C:0.11111    A:0.62963    G:0.11111
position  3:    T:0.37037    C:0.40741    A:0.11111    G:0.11111
Average         T:0.24691    C:0.17284    A:0.33333    G:0.24691

#45: MuntiacusCrinifrons
position  1:    T:0.22222    C:0.00000    A:0.25926    G:0.51852
position  2:    T:0.14815    C:0.11111    A:0.62963    G:0.11111
position  3:    T:0.40741    C:0.37037    A:0.18519    G:0.03704
Average         T:0.25926    C:0.16049    A:0.35802    G:0.22222

#46: WhiteTailedDeer
position  1:    T:0.22222    C:0.00000    A:0.25926    G:0.51852
position  2:    T:0.14815    C:0.11111    A:0.62963    G:0.11111
position  3:    T:0.40741    C:0.37037    A:0.18519    G:0.03704
Average         T:0.25926    C:0.16049    A:0.35802    G:0.22222

#47: Cattle         
position  1:    T:0.22222    C:0.00000    A:0.25926    G:0.51852
position  2:    T:0.14815    C:0.11111    A:0.62963    G:0.11111
position  3:    T:0.37037    C:0.40741    A:0.18519    G:0.03704
Average         T:0.24691    C:0.17284    A:0.35802    G:0.22222

#48: RoyalAntelope  
position  1:    T:0.22222    C:0.00000    A:0.25926    G:0.51852
position  2:    T:0.14815    C:0.11111    A:0.62963    G:0.11111
position  3:    T:0.37037    C:0.40741    A:0.18519    G:0.03704
Average         T:0.24691    C:0.17284    A:0.35802    G:0.22222

#49: Steenbok       
position  1:    T:0.22222    C:0.00000    A:0.29630    G:0.48148
position  2:    T:0.14815    C:0.11111    A:0.62963    G:0.11111
position  3:    T:0.44444    C:0.33333    A:0.18519    G:0.03704
Average         T:0.27160    C:0.14815    A:0.37037    G:0.20988

#50: Impala         
position  1:    T:0.22222    C:0.00000    A:0.25926    G:0.51852
position  2:    T:0.14815    C:0.11111    A:0.62963    G:0.11111
position  3:    T:0.40741    C:0.37037    A:0.18519    G:0.03704
Average         T:0.25926    C:0.16049    A:0.35802    G:0.22222

#51: Klipspringer   
position  1:    T:0.22222    C:0.00000    A:0.25926    G:0.51852
position  2:    T:0.14815    C:0.11111    A:0.62963    G:0.11111
