1
52 1
Argali 0.000000 0.162400 0.051500 0.142500 0.035100 0.000000 0.047000 0.039800 0.054100 0.081300 0.016200 0.064400 0.044400 0.046900 0.039700 0.049700 0.049600 0.059400 0.032400 0.056800 0.044800 0.018400 0.062100 0.079700 0.016100 0.039900 0.044500 0.056600 0.047300 0.051700 0.086300 0.047000 0.072400 0.039700 0.032600 0.049700 0.013800 0.040000 0.052000 0.074400 0.067100 0.044800 0.079000 0.079400 0.056900 0.049400 0.042300 0.044800 0.059200 0.051900 0.059200 0.054200
LesserMous 0.162400 0.000000 0.156400 0.149200 0.157100 0.162400 0.168100 0.167900 0.153900 0.172000 0.171500 0.165100 0.175900 0.167700 0.173100 0.180400 0.142100 0.153200 0.167300 0.157500 0.174500 0.171200 0.145500 0.159600 0.171200 0.174000 0.176100 0.156700 0.171500 0.151200 0.180100 0.168000 0.165700 0.170400 0.162500 0.159500 0.168300 0.157500 0.171100 0.161800 0.151300 0.174300 0.167200 0.166700 0.164800 0.175700 0.164800 0.162800 0.173000 0.155600 0.160000 0.160000
LesserKudu 0.051500 0.156400 0.000000 0.139300 0.041800 0.051500 0.056400 0.051400 0.011500 0.081000 0.049300 0.049100 0.058700 0.056300 0.051200 0.056700 0.053800 0.063400 0.056400 0.013900 0.051700 0.051600 0.061500 0.079200 0.049200 0.051600 0.058700 0.013800 0.054100 0.009200 0.091100 0.056300 0.072000 0.053900 0.046600 0.029700 0.048500 0.042000 0.058600 0.074000 0.066600 0.051600 0.078600 0.079000 0.036900 0.056400 0.050800 0.046800 0.061200 0.051300 0.016200 0.016200
KillerWhal 0.142500 0.149200 0.139300 0.000000 0.137400 0.142500 0.147700 0.148100 0.137400 0.147100 0.145800 0.148800 0.150400 0.141800 0.153200 0.160200 0.118200 0.131600 0.144700 0.140900 0.151500 0.148300 0.121100 0.134200 0.145500 0.148300 0.156000 0.140200 0.157100 0.134800 0.147000 0.147500 0.140900 0.150500 0.142600 0.137700 0.142700 0.137800 0.156800 0.140000 0.126700 0.148700 0.143800 0.136800 0.145700 0.147900 0.146200 0.142400 0.153300 0.126400 0.143400 0.143300
DefassaWat 0.035100 0.157100 0.041800 0.137400 0.000000 0.035100 0.039800 0.032700 0.039500 0.071500 0.032800 0.049700 0.042200 0.039700 0.037400 0.037700 0.040000 0.049600 0.039800 0.042000 0.035200 0.030400 0.052300 0.069700 0.037500 0.032800 0.042200 0.041900 0.040100 0.037000 0.081200 0.039800 0.062500 0.037400 0.030300 0.035200 0.030400 0.009300 0.044800 0.064500 0.057200 0.032800 0.069100 0.069500 0.042400 0.042200 0.030400 0.023300 0.047100 0.047100 0.044500 0.039500
Sheep 0.000000 0.162400 0.051500 0.142500 0.035100 0.000000 0.047000 0.039800 0.054100 0.081300 0.016200 0.064400 0.044400 0.046900 0.039700 0.049700 0.049600 0.059400 0.032400 0.056800 0.044800 0.018400 0.062000 0.079600 0.016100 0.039900 0.044400 0.056600 0.047300 0.051700 0.086300 0.046900 0.072400 0.039700 0.032600 0.049600 0.013800 0.040000 0.052000 0.074300 0.067000 0.044800 0.079000 0.079400 0.056900 0.049400 0.042300 0.044800 0.059100 0.051900 0.059200 0.054200
MaxwellsDu 0.047000 0.168100 0.056400 0.147700 0.039800 0.047000 0.000000 0.044500 0.059100 0.088800 0.039900 0.064300 0.049300 0.013700 0.054100 0.049700 0.064300 0.074200 0.042100 0.061800 0.047200 0.042200 0.069400 0.087100 0.044600 0.044700 0.049300 0.061500 0.052100 0.056600 0.098900 0.013800 0.079800 0.044500 0.037400 0.054500 0.037400 0.039900 0.056800 0.081800 0.074500 0.044700 0.086000 0.081800 0.061700 0.049300 0.042300 0.044300 0.049300 0.056700 0.064200 0.064100
GazellaPrz 0.039800 0.167900 0.051400 0.148100 0.032700 0.039800 0.044500 0.000000 0.054000 0.081300 0.037600 0.064300 0.044500 0.044400 0.046900 0.023300 0.056900 0.066700 0.044500 0.049300 0.020900 0.039800 0.062000 0.079500 0.042300 0.018500 0.044500 0.056500 0.025600 0.051600 0.091300 0.044500 0.072300 0.039700 0.035000 0.049600 0.035100 0.032800 0.042100 0.074300 0.067000 0.018500 0.078900 0.079200 0.056800 0.047000 0.025500 0.037500 0.051800 0.051900 0.054200 0.059100
MountainNy 0.054100 0.153900 0.011500 0.137400 0.039500 0.054100 0.059100 0.054000 0.000000 0.078600 0.051900 0.046800 0.061400 0.058900 0.053900 0.059300 0.051400 0.061100 0.059000 0.006900 0.054300 0.054200 0.059200 0.076800 0.051800 0.054200 0.061300 0.002300 0.056800 0.002300 0.088700 0.058900 0.069700 0.056500 0.049300 0.027400 0.051200 0.039600 0.061300 0.071600 0.064200 0.054200 0.076200 0.076600 0.034600 0.059000 0.053500 0.044300 0.068900 0.053900 0.009200 0.009200
MuntiacusM 0.081300 0.172000 0.081000 0.147100 0.071500 0.081300 0.088800 0.081300 0.078600 0.000000 0.084100 0.083800 0.083500 0.088600 0.086100 0.091900 0.061200 0.066000 0.081100 0.081500 0.081600 0.086500 0.032500 0.044500 0.084000 0.086500 0.083600 0.081100 0.089300 0.076200 0.013600 0.086200 0.081600 0.078600 0.073800 0.073800 0.081400 0.071700 0.094100 0.034800 0.037300 0.086600 0.002300 0.044300 0.081100 0.088800 0.086000 0.076500 0.093800 0.065900 0.083900 0.083800
goat 0.016200 0.171500 0.049300 0.145800 0.032800 0.016200 0.039900 0.037600 0.051900 0.084100 0.000000 0.061500 0.037400 0.039800 0.037500 0.042600 0.057200 0.067000 0.025500 0.054500 0.040100 0.011500 0.064800 0.082500 0.009200 0.032800 0.037400 0.054300 0.045000 0.049400 0.089100 0.039900 0.075200 0.032600 0.025600 0.047400 0.006900 0.032900 0.049800 0.077100 0.069800 0.037700 0.081800 0.082200 0.054600 0.042300 0.035200 0.037700 0.052000 0.054500 0.057000 0.056900
AfricanBuf 0.064400 0.165100 0.049100 0.148800 0.049700 0.064400 0.064300 0.064300 0.046800 0.083800 0.061500 0.000000 0.069100 0.064100 0.064200 0.069700 0.059400 0.069200 0.066800 0.049400 0.064600 0.064400 0.064500 0.077100 0.061400 0.064500 0.064300 0.049200 0.067200 0.044300 0.093800 0.064200 0.077400 0.064200 0.057000 0.037500 0.059500 0.049900 0.072000 0.076800 0.069500 0.064600 0.081400 0.081800 0.044700 0.069300 0.063800 0.052200 0.071700 0.066600 0.051800 0.051700
Topi 0.044400 0.175900 0.058700 0.150400 0.042200 0.044400 0.049300 0.044500 0.061400 0.083500 0.037400 0.069100 0.000000 0.049100 0.056400 0.049600 0.061700 0.071600 0.039500 0.064100 0.047100 0.039600 0.069300 0.087000 0.042100 0.044600 0.004500 0.063800 0.052000 0.058900 0.093600 0.049200 0.084800 0.004500 0.020700 0.056800 0.034900 0.042300 0.056700 0.076600 0.074300 0.044600 0.081200 0.086700 0.064100 0.046800 0.042200 0.047000 0.056500 0.059100 0.066500 0.066400
CommonDuik 0.046900 0.167700 0.056300 0.141800 0.039700 0.046900 0.013700 0.044400 0.058900 0.088600 0.039800 0.064100 0.049100 0.000000 0.053900 0.049500 0.059200 0.074000 0.042000 0.061600 0.047000 0.042100 0.069200 0.086900 0.044500 0.044500 0.049200 0.061400 0.051900 0.056400 0.098700 0.013700 0.079600 0.044400 0.037300 0.054300 0.037300 0.039800 0.056700 0.081600 0.074300 0.044600 0.085800 0.081500 0.061500 0.049200 0.042100 0.044600 0.049200 0.056600 0.064000 0.064000
Suni 0.039700 0.173100 0.051200 0.153200 0.037400 0.039700 0.054100 0.046900 0.053900 0.086100 0.037500 0.064200 0.056400 0.053900 0.000000 0.052000 0.061700 0.071600 0.044400 0.056600 0.047100 0.039700 0.066800 0.084400 0.037400 0.047000 0.056500 0.056400 0.049600 0.051500 0.096200 0.054000 0.072100 0.051600 0.044500 0.049500 0.035000 0.037500 0.054300 0.079100 0.071800 0.047100 0.083700 0.084200 0.051800 0.056500 0.044600 0.042200 0.061400 0.056600 0.059000 0.059000
Springbuck 0.049700 0.180400 0.056700 0.160200 0.037700 0.049700 0.049700 0.023300 0.059300 0.091900 0.042600 0.069700 0.049600 0.049500 0.052000 0.000000 0.067200 0.077200 0.049700 0.057100 0.025700 0.044900 0.072400 0.090200 0.047400 0.018600 0.049600 0.061800 0.021000 0.056900 0.102100 0.049600 0.082900 0.044800 0.040000 0.054800 0.040100 0.037800 0.042400 0.084800 0.077500 0.018600 0.089500 0.089900 0.062100 0.052100 0.030400 0.042600 0.057000 0.062000 0.059500 0.064400
Okapi 0.049600 0.142100 0.053800 0.118200 0.040000 0.049600 0.064300 0.056900 0.051400 0.061200 0.057200 0.059400 0.061700 0.059200 0.061700 0.067200 0.000000 0.027800 0.056800 0.054100 0.062100 0.059500 0.042300 0.059300 0.057000 0.062000 0.061700 0.053900 0.064600 0.049000 0.070900 0.064200 0.057100 0.056800 0.049600 0.049600 0.054600 0.045000 0.064400 0.054200 0.047100 0.062000 0.058800 0.059100 0.056800 0.064200 0.056200 0.052200 0.061700 0.051600 0.056500 0.051500
Giraffe 0.059400 0.153200 0.063400 0.131600 0.049600 0.059400 0.074200 0.066700 0.061100 0.066000 0.067000 0.069200 0.071600 0.074000 0.071600 0.077200 0.027800 0.000000 0.061700 0.063800 0.067000 0.069400 0.047100 0.064200 0.066900 0.071900 0.071600 0.063500 0.074600 0.058600 0.075900 0.074200 0.062000 0.066700 0.059400 0.059300 0.064400 0.054800 0.079400 0.059100 0.051900 0.072000 0.063700 0.064000 0.066600 0.074200 0.071200 0.062000 0.079200 0.056500 0.066200 0.061200
TibetanAnt 0.032400 0.167300 0.056400 0.144700 0.039800 0.032400 0.042100 0.044500 0.059000 0.081100 0.025500 0.066800 0.039500 0.042000 0.044400 0.049700 0.056800 0.061700 0.000000 0.061700 0.042300 0.027700 0.061900 0.079400 0.030100 0.044600 0.039600 0.061400 0.052100 0.056500 0.091200 0.042100 0.082400 0.034800 0.027800 0.054500 0.023100 0.039900 0.056800 0.074200 0.066900 0.044700 0.078800 0.074100 0.061700 0.044500 0.042200 0.044700 0.054100 0.056700 0.064100 0.064100
Sitatunga 0.056800 0.157500 0.013900 0.140900 0.042000 0.056800 0.061800 0.049300 0.006900 0.081500 0.054500 0.049400 0.064100 0.061600 0.056600 0.057100 0.054100 0.063800 0.061700 0.000000 0.052000 0.056900 0.061900 0.079700 0.054500 0.051900 0.064100 0.009300 0.054500 0.004600 0.091600 0.059200 0.072500 0.059200 0.051900 0.029800 0.053700 0.042200 0.064000 0.074400 0.067000 0.052000 0.079000 0.079400 0.037100 0.061800 0.056100 0.047000 0.071700 0.056500 0.006900 0.011600
Oribi 0.044800 0.174500 0.051700 0.151500 0.035200 0.044800 0.047200 0.020900 0.054300 0.081600 0.040100 0.064600 0.047100 0.047000 0.047100 0.025700 0.062100 0.067000 0.042300 0.052000 0.000000 0.042400 0.062200 0.079800 0.042500 0.020900 0.047200 0.056800 0.025700 0.051900 0.091700 0.047100 0.077700 0.042300 0.037600 0.045000 0.037600 0.035400 0.040000 0.074600 0.067300 0.021000 0.079200 0.079500 0.052200 0.049600 0.028000 0.040100 0.054500 0.052100 0.054500 0.059400
BarbaryShe 0.018400 0.171200 0.051600 0.148300 0.030400 0.018400 0.042200 0.039800 0.054200 0.086500 0.011500 0.064400 0.039600 0.042100 0.039700 0.044900 0.059500 0.069400 0.027700 0.056900 0.042400 0.000000 0.067100 0.084800 0.016100 0.035100 0.039700 0.056700 0.047300 0.051800 0.088900 0.042200 0.077500 0.034900 0.023200 0.049700 0.009200 0.030500 0.052100 0.079500 0.072100 0.040000 0.084100 0.084500 0.056900 0.044600 0.037500 0.040000 0.054300 0.056800 0.059400 0.059300
Daviddeer 0.062100 0.145500 0.061500 0.121100 0.052300 0.062000 0.069400 0.062000 0.059200 0.032500 0.064800 0.064500 0.069300 0.069200 0.066800 0.072400 0.042300 0.047100 0.061900 0.061900 0.062200 0.067100 0.000000 0.030400 0.064600 0.067100 0.069300 0.059200 0.069800 0.056700 0.042000 0.069400 0.062200 0.064400 0.057100 0.054600 0.062100 0.052400 0.074600 0.025600 0.009100 0.067200 0.030200 0.030300 0.061900 0.069400 0.066400 0.057200 0.071900 0.051800 0.064300 0.064300
Reindeer 0.079700 0.159600 0.079200 0.134200 0.069700 0.079600 0.087100 0.079500 0.076800 0.044500 0.082500 0.077100 0.087000 0.086900 0.084400 0.090200 0.059300 0.064200 0.079400 0.079700 0.079800 0.084800 0.030400 0.000000 0.082300 0.084800 0.087000 0.079300 0.087500 0.074300 0.054100 0.087100 0.079900 0.082000 0.074600 0.072000 0.079800 0.069900 0.092500 0.023300 0.030500 0.084900 0.042200 0.023200 0.079400 0.087200 0.084300 0.074800 0.092300 0.069000 0.082100 0.082100
Ibex 0.016100 0.171200 0.049200 0.145500 0.037500 0.016100 0.044600 0.042300 0.051800 0.084000 0.009200 0.061400 0.042100 0.044500 0.037400 0.047400 0.057000 0.066900 0.030100 0.054500 0.042500 0.016100 0.064600 0.082300 0.000000 0.037500 0.042100 0.054300 0.044900 0.049400 0.088900 0.044600 0.075000 0.037300 0.030300 0.047300 0.011500 0.037700 0.044800 0.077000 0.069600 0.042400 0.081600 0.082000 0.054500 0.047100 0.035200 0.042400 0.056800 0.054400 0.056900 0.056800
GyrantGaze 0.039900 0.174000 0.051600 0.148300 0.032800 0.039900 0.044700 0.018500 0.054200 0.086500 0.032800 0.064500 0.044600 0.044500 0.047000 0.018600 0.062000 0.071900 0.044600 0.051900 0.020900 0.035100 0.067100 0.084800 0.037500 0.000000 0.044600 0.056700 0.020900 0.051700 0.091500 0.044600 0.077500 0.039800 0.035100 0.049700 0.030400 0.032900 0.039900 0.079500 0.072200 0.004600 0.084100 0.084500 0.057000 0.047100 0.025600 0.037600 0.051900 0.056900 0.054300 0.059300
Hartebeest 0.044500 0.176100 0.058700 0.156000 0.042200 0.044400 0.049300 0.044500 0.061300 0.083600 0.037400 0.064300 0.004500 0.049200 0.056500 0.049600 0.061700 0.071600 0.039600 0.064100 0.047200 0.039700 0.069300 0.087000 0.042100 0.044600 0.000000 0.063800 0.052100 0.058900 0.093700 0.049300 0.084800 0.004500 0.020700 0.056900 0.034900 0.042300 0.056800 0.076600 0.074400 0.044700 0.081300 0.086800 0.064100 0.046900 0.042200 0.047100 0.056600 0.064000 0.066500 0.066400
Bongo 0.056600 0.156700 0.013800 0.140200 0.041900 0.056600 0.061500 0.056500 0.002300 0.081100 0.054300 0.049200 0.063800 0.061400 0.056400 0.061800 0.053900 0.063500 0.061400 0.009300 0.056800 0.056700 0.059200 0.079300 0.054300 0.056700 0.063800 0.000000 0.059200 0.004600 0.091300 0.061400 0.072200 0.058900 0.051800 0.029800 0.053600 0.042100 0.063700 0.074100 0.064200 0.056700 0.078700 0.079100 0.037000 0.061500 0.055900 0.046800 0.071400 0.056300 0.011600 0.011600
Gerenuk 0.047300 0.171500 0.054100 0.157100 0.040100 0.047300 0.052100 0.025600 0.056800 0.089300 0.045000 0.067200 0.052000 0.051900 0.049600 0.021000 0.064600 0.074600 0.052100 0.054500 0.025700 0.047300 0.069800 0.087500 0.044900 0.020900 0.052100 0.059200 0.000000 0.054300 0.099500 0.052000 0.080200 0.047200 0.042400 0.052300 0.042500 0.040200 0.042400 0.079700 0.074900 0.020900 0.086900 0.087200 0.059600 0.054500 0.032800 0.045000 0.059400 0.059500 0.056900 0.061900
CommonElan 0.051700 0.151200 0.009200 0.134800 0.037000 0.051700 0.056600 0.051600 0.002300 0.076200 0.049400 0.044300 0.058900 0.056400 0.051500 0.056900 0.049000 0.058600 0.056500 0.004600 0.051900 0.051800 0.056700 0.074300 0.049400 0.051700 0.058900 0.004600 0.054300 0.000000 0.086200 0.056500 0.067200 0.054000 0.046900 0.025000 0.048700 0.037200 0.058800 0.069100 0.061700 0.051800 0.073700 0.074100 0.032200 0.056600 0.051000 0.041900 0.066400 0.051400 0.006900 0.006900
MuntiacusR 0.086300 0.180100 0.091100 0.147000 0.081200 0.086300 0.098900 0.091300 0.088700 0.013600 0.089100 0.093800 0.093600 0.098700 0.096200 0.102100 0.070900 0.075900 0.091200 0.091600 0.091700 0.088900 0.042000 0.054100 0.088900 0.091500 0.093700 0.091300 0.099500 0.086200 0.000000 0.096300 0.091600 0.088600 0.083800 0.083700 0.086400 0.081500 0.104300 0.044300 0.046800 0.096700 0.011400 0.054000 0.091100 0.098900 0.096200 0.086400 0.104000 0.075700 0.094100 0.094000
HarveysDui 0.047000 0.168000 0.056300 0.147500 0.039800 0.046900 0.013800 0.044500 0.058900 0.086200 0.039900 0.064200 0.049200 0.013700 0.054000 0.049600 0.064200 0.074200 0.042100 0.059200 0.047100 0.042200 0.069400 0.087100 0.044600 0.044600 0.049300 0.061400 0.052000 0.056500 0.096300 0.000000 0.079800 0.044500 0.032600 0.054400 0.037400 0.039900 0.056800 0.081700 0.074400 0.044700 0.083300 0.081700 0.061700 0.049300 0.042200 0.044700 0.049300 0.051800 0.061600 0.064000
Pronghorn 0.072400 0.165700 0.072000 0.140900 0.062500 0.072400 0.079800 0.072300 0.069700 0.081600 0.075200 0.077400 0.084800 0.079600 0.072100 0.082900 0.057100 0.062000 0.082400 0.072500 0.077700 0.077500 0.062200 0.079900 0.075000 0.077500 0.084800 0.072200 0.080200 0.067200 0.091600 0.079800 0.000000 0.079800 0.072400 0.064800 0.072500 0.062700 0.080000 0.074600 0.067300 0.077700 0.079200 0.079600 0.072200 0.077400 0.077000 0.067600 0.082400 0.066800 0.074900 0.074900
BlueWildeb 0.039700 0.170400 0.053900 0.150500 0.037400 0.039700 0.044500 0.039700 0.056500 0.078600 0.032600 0.064200 0.004500 0.044400 0.051600 0.044800 0.056800 0.066700 0.034800 0.059200 0.042300 0.034900 0.064400 0.082000 0.037300 0.039800 0.004500 0.058900 0.047200 0.054000 0.088600 0.044500 0.079800 0.000000 0.016100 0.052000 0.030200 0.037500 0.051900 0.071600 0.069400 0.039900 0.076300 0.081700 0.059200 0.042100 0.037400 0.042300 0.051700 0.059100 0.061600 0.061500
Gemsbok 0.032600 0.162500 0.046600 0.142600 0.030300 0.032600 0.037400 0.035000 0.049300 0.073800 0.025600 0.057000 0.020700 0.037300 0.044500 0.040000 0.049600 0.059400 0.027800 0.051900 0.037600 0.023200 0.057100 0.074600 0.030300 0.035100 0.020700 0.051800 0.042400 0.046900 0.083800 0.032600 0.072400 0.016100 0.000000 0.044800 0.023200 0.030400 0.047200 0.069400 0.062100 0.035200 0.071500 0.074400 0.052000 0.035000 0.032700 0.035200 0.044600 0.047100 0.054400 0.054300
Yak 0.049700 0.159500 0.029700 0.137700 0.035200 0.049600 0.054500 0.049600 0.027400 0.073800 0.047400 0.037500 0.056800 0.054300 0.049500 0.054800 0.049600 0.059300 0.054500 0.029800 0.045000 0.049700 0.054600 0.072000 0.047300 0.049700 0.056900 0.029800 0.052300 0.025000 0.083700 0.054400 0.064800 0.052000 0.044800 0.000000 0.044900 0.035300 0.057100 0.066800 0.059600 0.049800 0.071400 0.071800 0.006900 0.056900 0.049000 0.040100 0.064300 0.054300 0.032300 0.032200
BlueSheep 0.013800 0.168300 0.048500 0.142700 0.030400 0.013800 0.037400 0.035100 0.051200 0.081400 0.006900 0.059500 0.034900 0.037300 0.035000 0.040100 0.054600 0.064400 0.023100 0.053700 0.037600 0.009200 0.062100 0.079800 0.011500 0.030400 0.034900 0.053600 0.042500 0.048700 0.086400 0.037400 0.072500 0.030200 0.023200 0.044900 0.000000 0.030500 0.047200 0.074400 0.067100 0.035200 0.079100 0.079500 0.052100 0.039800 0.032800 0.035200 0.049500 0.052000 0.056200 0.056200
BohorReedb 0.040000 0.157500 0.042000 0.137800 0.009300 0.040000 0.039900 0.032800 0.039600 0.071700 0.032900 0.049900 0.042300 0.039800 0.037500 0.037800 0.045000 0.054800 0.039900 0.042200 0.035400 0.030500 0.052400 0.069900 0.037700 0.032900 0.042300 0.042100 0.040200 0.037200 0.081500 0.039900 0.062700 0.037500 0.030400 0.035300 0.030500 0.000000 0.044900 0.064700 0.057400 0.032900 0.069300 0.069700 0.042500 0.042400 0.030500 0.023400 0.047200 0.047300 0.044600 0.044600
KirksDik 0.052000 0.171100 0.058600 0.156800 0.044800 0.052000 0.056800 0.042100 0.061300 0.094100 0.049800 0.072000 0.056700 0.056700 0.054300 0.042400 0.064400 0.079400 0.056800 0.064000 0.040000 0.052100 0.074600 0.092500 0.044800 0.039900 0.056800 0.063700 0.042400 0.058800 0.104300 0.056800 0.080000 0.051900 0.047200 0.057100 0.047200 0.044900 0.000000 0.087100 0.079700 0.040000 0.091700 0.092200 0.064400 0.059300 0.037500 0.049700 0.059300 0.064300 0.066400 0.066400
RoeDeer 0.074400 0.161800 0.074000 0.140000 0.064500 0.074300 0.081800 0.074300 0.071600 0.034800 0.077100 0.076800 0.076600 0.081600 0.079100 0.084800 0.054200 0.059100 0.074200 0.074400 0.074600 0.079500 0.025600 0.023300 0.077000 0.079500 0.076600 0.074100 0.079700 0.069100 0.044300 0.081700 0.074600 0.071600 0.069400 0.066800 0.074400 0.064700 0.087100 0.000000 0.025600 0.079600 0.032500 0.027900 0.074100 0.081800 0.078900 0.069600 0.086800 0.063900 0.076900 0.076800
WhiteLippe 0.067100 0.151300 0.066600 0.126700 0.057200 0.067000 0.074500 0.067000 0.064200 0.037300 0.069800 0.069500 0.074300 0.074300 0.071800 0.077500 0.047100 0.051900 0.066900 0.067000 0.067300 0.072100 0.009100 0.030500 0.069600 0.072200 0.074400 0.064200 0.074900 0.061700 0.046800 0.074400 0.067300 0.069400 0.062100 0.059600 0.067100 0.057400 0.079700 0.025600 0.000000 0.072300 0.035000 0.030400 0.066900 0.074500 0.071500 0.062100 0.076900 0.056700 0.069400 0.069400
ThomsonGaz 0.044800 0.174300 0.051600 0.148700 0.032800 0.044800 0.044700 0.018500 0.054200 0.086600 0.037700 0.064600 0.044600 0.044600 0.047100 0.018600 0.062000 0.072000 0.044700 0.052000 0.021000 0.040000 0.067200 0.084900 0.042400 0.004600 0.044700 0.056700 0.020900 0.051800 0.096700 0.044700 0.077700 0.039900 0.035200 0.049800 0.035200 0.032900 0.040000 0.079600 0.072300 0.000000 0.084200 0.084600 0.057100 0.047200 0.025600 0.037700 0.052000 0.057000 0.054400 0.059300
MuntiacusC 0.079000 0.167200 0.078600 0.143800 0.069100 0.079000 0.086000 0.078900 0.076200 0.002300 0.081800 0.081400 0.081200 0.085800 0.083700 0.089500 0.058800 0.063700 0.078800 0.079000 0.079200 0.084100 0.030200 0.042200 0.081600 0.084100 0.081300 0.078700 0.086900 0.073700 0.011400 0.083300 0.079200 0.076300 0.071500 0.071400 0.079100 0.069300 0.091700 0.032500 0.035000 0.084200 0.000000 0.042000 0.078700 0.086400 0.083500 0.074200 0.091500 0.063600 0.081400 0.081400
WhiteTaile 0.079400 0.166700 0.079000 0.136800 0.069500 0.079400 0.081800 0.079200 0.076600 0.044300 0.082200 0.081800 0.086700 0.081500 0.084200 0.089900 0.059100 0.064000 0.074100 0.079400 0.079500 0.084500 0.030300 0.023200 0.082000 0.084500 0.086800 0.079100 0.087200 0.074100 0.054000 0.081700 0.079600 0.081700 0.074400 0.071800 0.079500 0.069700 0.092200 0.027900 0.030400 0.084600 0.042000 0.000000 0.079100 0.086600 0.084000 0.074600 0.091900 0.068800 0.081900 0.081800
Cattle 0.056900 0.164800 0.036900 0.145700 0.042400 0.056900 0.061700 0.056800 0.034600 0.081100 0.054600 0.044700 0.064100 0.061500 0.051800 0.062100 0.056800 0.066600 0.061700 0.037100 0.052200 0.056900 0.061900 0.079400 0.054500 0.057000 0.064100 0.037000 0.059600 0.032200 0.091100 0.061700 0.072200 0.059200 0.052000 0.006900 0.052100 0.042500 0.064400 0.074100 0.066900 0.057100 0.078700 0.079100 0.000000 0.064100 0.053800 0.042400 0.071600 0.061500 0.039500 0.039500
RoyalAntel 0.049400 0.175700 0.056400 0.147900 0.042200 0.049400 0.049300 0.047000 0.059000 0.088800 0.042300 0.069300 0.046800 0.049200 0.056500 0.052100 0.064200 0.074200 0.044500 0.061800 0.049600 0.044600 0.069400 0.087200 0.047100 0.047100 0.046900 0.061500 0.054500 0.056600 0.098900 0.049300 0.077400 0.042100 0.035000 0.056900 0.039800 0.042400 0.059300 0.081800 0.074500 0.047200 0.086400 0.086600 0.064100 0.000000 0.044700 0.047100 0.051800 0.064100 0.064200 0.064100
Steenbok 0.042300 0.164800 0.050800 0.146200 0.030400 0.042300 0.042300 0.025500 0.053500 0.086000 0.035200 0.063800 0.042200 0.042100 0.044600 0.030400 0.056200 0.071200 0.042200 0.056100 0.028000 0.037500 0.066400 0.084300 0.035200 0.025600 0.042200 0.055900 0.032800 0.051000 0.096200 0.042200 0.077000 0.037400 0.032700 0.049000 0.032800 0.030500 0.037500 0.078900 0.071500 0.025600 0.083500 0.084000 0.053800 0.044700 0.000000 0.035200 0.049500 0.056100 0.058600 0.058500
Impala 0.044800 0.162800 0.046800 0.142400 0.023300 0.044800 0.044300 0.037500 0.044300 0.076500 0.037700 0.052200 0.047000 0.044600 0.042200 0.042600 0.052200 0.062000 0.044700 0.047000 0.040100 0.040000 0.057200 0.074800 0.042400 0.037600 0.047100 0.046800 0.045000 0.041900 0.086400 0.044700 0.067600 0.042300 0.035200 0.040100 0.035200 0.023400 0.049700 0.069600 0.062100 0.037700 0.074200 0.074600 0.042400 0.047100 0.035200 0.000000 0.052000 0.052100 0.049400 0.049300
Klipspring 0.059200 0.173000 0.061200 0.153300 0.047100 0.059100 0.049300 0.051800 0.068900 0.093800 0.052000 0.071700 0.056500 0.049200 0.061400 0.057000 0.061700 0.079200 0.054100 0.071700 0.054500 0.054300 0.071900 0.092300 0.056800 0.051900 0.056600 0.071400 0.059400 0.066400 0.104000 0.049300 0.082400 0.051700 0.044600 0.064300 0.049500 0.047200 0.059300 0.086800 0.076900 0.052000 0.091500 0.091900 0.071600 0.051800 0.049500 0.052000 0.000000 0.066500 0.074100 0.074000
ForestMusk 0.051900 0.155600 0.051300 0.126400 0.047100 0.051900 0.056700 0.051900 0.053900 0.065900 0.054500 0.066600 0.059100 0.056600 0.056600 0.062000 0.051600 0.056500 0.056700 0.056500 0.052100 0.056800 0.051800 0.069000 0.054400 0.056900 0.064000 0.056300 0.059500 0.051400 0.075700 0.051800 0.066800 0.059100 0.047100 0.054300 0.052000 0.047300 0.064300 0.063900 0.056700 0.057000 0.063600 0.068800 0.061500 0.064100 0.056100 0.052100 0.066500 0.000000 0.058900 0.058900
Bushbuck 0.059200 0.160000 0.016200 0.143400 0.044500 0.059200 0.064200 0.054200 0.009200 0.083900 0.057000 0.051800 0.066500 0.064000 0.059000 0.059500 0.056500 0.066200 0.064100 0.006900 0.054500 0.059400 0.064300 0.082100 0.056900 0.054300 0.066500 0.011600 0.056900 0.006900 0.094100 0.061600 0.074900 0.061600 0.054400 0.032300 0.056200 0.044600 0.066400 0.076900 0.069400 0.054400 0.081400 0.081900 0.039500 0.064200 0.058600 0.049400 0.074100 0.058900 0.000000 0.013900
GreaterKud 0.054200 0.160000 0.016200 0.143300 0.039500 0.054200 0.064100 0.059100 0.009200 0.083800 0.056900 0.051700 0.066400 0.064000 0.059000 0.064400 0.051500 0.061200 0.064100 0.011600 0.059400 0.059300 0.064300 0.082100 0.056800 0.059300 0.066400 0.011600 0.061900 0.006900 0.094000 0.064000 0.074900 0.061500 0.054300 0.032200 0.056200 0.044600 0.066400 0.076800 0.069400 0.059300 0.081400 0.081800 0.039500 0.064100 0.058500 0.049300 0.074000 0.058900 0.013900 0.000000
