CODONML (in paml version 4.10.7, June 2023)  /home/rachel/ruminants_paml/6406-phy-tree/ENSBTAT00000008706.fasta.phy
Model: free dN/dS Ratios for branches,  kappa = 2.000 fixed

Codon frequency model: F3x4
ns =  54  ls =  44

Codon usage in sequences
--------------------------------------------------------------------------------------------------------------------------------------
Phe TTT   1   1   1   1   1   2 | Ser TCT   1   1   1   2   2   2 | Tyr TAT   0   0   0   1   0   0 | Cys TGT   1   1   1   0   1   1
    TTC   2   2   2   2   2   1 |     TCC   2   2   2   1   1   1 |     TAC   1   1   1   0   1   1 |     TGC   0   0   0   0   0   1
Leu TTA   0   0   0   0   0   0 |     TCA   0   0   0   0   0   0 | *** TAA   0   0   0   0   0   0 | *** TGA   0   0   0   0   0   0
    TTG   1   0   1   1   1   1 |     TCG   0   0   0   0   0   0 |     TAG   0   0   0   0   0   0 | Trp TGG   0   0   0   0   0   0
--------------------------------------------------------------------------------------------------------------------------------------
Leu CTT   0   1   0   0   0   0 | Pro CCT   0   0   0   0   0   0 | His CAT   0   0   0   0   0   1 | Arg CGT   0   0   0   0   0   0
    CTC   3   2   3   3   3   3 |     CCC   0   0   0   1   0   0 |     CAC   2   2   2   3   2   1 |     CGC   1   1   1   0   1   0
    CTA   0   0   0   0   0   0 |     CCA   2   2   2   1   0   2 | Gln CAA   0   0   0   0   0   1 |     CGA   0   0   0   0   0   0
    CTG   0   1   0   0   0   0 |     CCG   0   0   0   0   2   0 |     CAG   3   3   3   3   3   2 |     CGG   1   0   1   0   0   0
--------------------------------------------------------------------------------------------------------------------------------------
Ile ATT   1   1   1   0   0   1 | Thr ACT   0   0   0   0   0   0 | Asn AAT   1   0   1   1   1   2 | Ser AGT   0   0   0   1   0   0
    ATC   2   2   2   3   3   2 |     ACC   2   2   2   2   2   2 |     AAC   0   1   0   0   1   0 |     AGC   0   0   0   0   0   0
    ATA   0   0   0   0   0   0 |     ACA   0   0   0   0   0   0 | Lys AAA   0   0   0   0   0   0 | Arg AGA   0   0   0   0   0   0
Met ATG   1   1   1   1   1   1 |     ACG   0   0   0   0   0   0 |     AAG   2   2   2   3   2   2 |     AGG   2   3   2   3   3   3
--------------------------------------------------------------------------------------------------------------------------------------
Val GTT   0   0   0   0   0   0 | Ala GCT   0   0   0   0   0   0 | Asp GAT   1   1   2   1   0   0 | Gly GGT   0   0   0   0   0   0
    GTC   1   1   1   1   0   1 |     GCC   1   1   1   1   1   1 |     GAC   2   2   1   2   2   2 |     GGC   0   0   0   0   0   0
    GTA   0   0   0   0   1   0 |     GCA   0   0   0   0   0   0 | Glu GAA   2   2   2   1   2   2 |     GGA   0   0   0   1   0   0
    GTG   3   3   3   3   3   3 |     GCG   0   0   0   0   0   0 |     GAG   2   2   2   1   2   2 |     GGG   0   0   0   0   0   0
--------------------------------------------------------------------------------------------------------------------------------------

--------------------------------------------------------------------------------------------------------------------------------------
Phe TTT   1   1   1   1   1   1 | Ser TCT   1   1   1   1   1   1 | Tyr TAT   0   0   0   0   0   0 | Cys TGT   1   1   1   1   1   1
    TTC   2   2   2   2   2   2 |     TCC   2   2   2   2   2   2 |     TAC   1   1   1   1   1   1 |     TGC   0   0   0   0   0   0
Leu TTA   0   0   0   0   0   0 |     TCA   0   0   0   0   0   0 | *** TAA   0   0   0   0   0   0 | *** TGA   0   0   0   0   0   0
    TTG   1   1   1   1   1   1 |     TCG   0   0   0   0   0   0 |     TAG   0   0   0   0   0   0 | Trp TGG   0   0   0   0   0   0
--------------------------------------------------------------------------------------------------------------------------------------
Leu CTT   0   0   0   0   0   0 | Pro CCT   0   0   0   0   0   0 | His CAT   0   0   0   1   0   0 | Arg CGT   0   0   0   0   0   0
    CTC   3   3   3   3   3   3 |     CCC   0   0   0   0   0   0 |     CAC   2   2   2   1   2   2 |     CGC   1   1   1   1   1   1
    CTA   0   0   0   0   0   0 |     CCA   2   2   2   2   2   2 | Gln CAA   0   0   0   0   0   0 |     CGA   0   0   0   0   0   0
    CTG   0   0   0   0   0   0 |     CCG   0   0   0   0   0   0 |     CAG   3   3   3   3   3   3 |     CGG   1   1   1   1   1   0
--------------------------------------------------------------------------------------------------------------------------------------
Ile ATT   1   1   1   1   1   0 | Thr ACT   0   0   0   0   0   0 | Asn AAT   1   1   1   1   1   1 | Ser AGT   0   0   0   0   0   0
    ATC   2   2   2   2   2   3 |     ACC   2   2   2   2   2   2 |     AAC   0   0   0   0   0   0 |     AGC   0   0   0   0   0   0
    ATA   0   0   0   0   0   0 |     ACA   0   0   0   0   0   0 | Lys AAA   0   0   0   0   0   0 | Arg AGA   0   0   0   0   0   0
Met ATG   1   1   1   1   1   1 |     ACG   0   0   0   0   0   0 |     AAG   2   2   2   2   2   2 |     AGG   2   2   2   2   2   3
--------------------------------------------------------------------------------------------------------------------------------------
Val GTT   0   0   0   0   0   0 | Ala GCT   0   0   0   0   0   0 | Asp GAT   2   1   1   1   2   1 | Gly GGT   0   0   0   0   0   0
    GTC   1   1   1   1   1   1 |     GCC   1   1   1   1   1   1 |     GAC   1   2   2   2   1   2 |     GGC   0   0   0   0   0   0
    GTA   0   0   0   0   0   0 |     GCA   0   0   0   0   0   0 | Glu GAA   2   2   2   2   2   2 |     GGA   0   0   0   0   0   0
    GTG   3   3   3   3   3   3 |     GCG   0   0   0   0   0   0 |     GAG   2   2   2   2   2   2 |     GGG   0   0   0   0   0   0
--------------------------------------------------------------------------------------------------------------------------------------

--------------------------------------------------------------------------------------------------------------------------------------
Phe TTT   1   1   1   1   1   1 | Ser TCT   1   1   1   1   1   1 | Tyr TAT   0   0   0   0   0   0 | Cys TGT   1   1   1   1   1   1
    TTC   2   2   2   2   2   2 |     TCC   2   2   2   2   2   2 |     TAC   1   1   1   1   1   1 |     TGC   0   0   0   0   0   0
Leu TTA   0   1   0   0   0   0 |     TCA   0   0   0   0   0   0 | *** TAA   0   0   0   0   0   0 | *** TGA   0   0   0   0   0   0
    TTG   1   0   1   1   1   1 |     TCG   0   0   0   0   0   0 |     TAG   0   0   0   0   0   0 | Trp TGG   0   0   0   0   0   0
--------------------------------------------------------------------------------------------------------------------------------------
Leu CTT   0   0   0   0   0   0 | Pro CCT   0   0   0   0   0   0 | His CAT   0   0   0   0   0   1 | Arg CGT   0   0   0   0   0   0
    CTC   3   3   3   3   3   3 |     CCC   0   0   0   0   0   0 |     CAC   2   2   2   2   2   1 |     CGC   1   1   1   1   1   1
    CTA   0   0   0   0   0   0 |     CCA   2   2   2   2   2   2 | Gln CAA   0   0   0   0   0   0 |     CGA   0   0   0   0   0   0
    CTG   0   0   0   0   0   0 |     CCG   0   0   0   0   0   0 |     CAG   3   3   3   3   3   3 |     CGG   1   1   1   1   1   1
--------------------------------------------------------------------------------------------------------------------------------------
Ile ATT   1   1   1   1   1   1 | Thr ACT   0   0   0   0   0   0 | Asn AAT   1   1   1   1   0   1 | Ser AGT   0   0   0   0   0   0
    ATC   2   2   2   2   2   2 |     ACC   2   2   2   2   2   2 |     AAC   0   0   0   0   1   0 |     AGC   0   0   0   0   0   0
    ATA   0   0   0   0   0   0 |     ACA   0   0   0   0   0   0 | Lys AAA   0   0   0   0   0   0 | Arg AGA   0   0   0   1   0   0
Met ATG   1   1   1   1   1   1 |     ACG   0   0   0   0   0   0 |     AAG   2   2   2   2   2   2 |     AGG   2   2   2   1   2   2
--------------------------------------------------------------------------------------------------------------------------------------
Val GTT   0   0   0   0   0   0 | Ala GCT   0   0   0   0   0   0 | Asp GAT   1   1   1   1   1   1 | Gly GGT   0   0   0   0   0   0
    GTC   1   1   1   1   2   1 |     GCC   1   1   1   1   1   1 |     GAC   2   2   2   2   2   2 |     GGC   0   0   0   0   0   0
    GTA   0   0   1   0   0   0 |     GCA   0   0   0   0   0   0 | Glu GAA   2   2   2   2   2   2 |     GGA   0   0   0   0   0   0
    GTG   3   3   2   3   2   3 |     GCG   0   0   0   0   0   0 |     GAG   2   2   2   2   2   2 |     GGG   0   0   0   0   0   0
--------------------------------------------------------------------------------------------------------------------------------------

--------------------------------------------------------------------------------------------------------------------------------------
Phe TTT   1   2   1   1   1   1 | Ser TCT   1   1   1   1   2   1 | Tyr TAT   0   0   0   0   0   0 | Cys TGT   0   0   1   1   1   1
    TTC   2   1   2   2   2   2 |     TCC   2   2   2   2   1   2 |     TAC   1   1   1   1   1   1 |     TGC   1   1   0   0   0   0
Leu TTA   0   0   0   0   0   0 |     TCA   0   0   0   0   0   0 | *** TAA   0   0   0   0   0   0 | *** TGA   0   0   0   0   0   0
    TTG   1   1   1   1   1   1 |     TCG   0   0   0   0   0   0 |     TAG   0   0   0   0   0   0 | Trp TGG   0   0   0   0   0   0
--------------------------------------------------------------------------------------------------------------------------------------
Leu CTT   0   0   0   0   0   0 | Pro CCT   0   0   0   0   0   0 | His CAT   0   0   0   0   1   0 | Arg CGT   0   0   0   0   0   0
    CTC   3   3   3   3   3   3 |     CCC   0   0   0   0   0   0 |     CAC   2   2   2   2   1   2 |     CGC   1   1   1   2   1   1
    CTA   0   0   0   0   0   0 |     CCA   2   2   2   2   2   2 | Gln CAA   0   0   0   0   0   0 |     CGA   0   0   0   0   0   0
    CTG   0   0   0   0   0   0 |     CCG   0   0   0   0   0   0 |     CAG   3   3   3   3   3   3 |     CGG   0   0   1   0   1   1
--------------------------------------------------------------------------------------------------------------------------------------
Ile ATT   0   0   1   1   0   1 | Thr ACT   0   0   0   0   0   0 | Asn AAT   1   1   1   1   1   1 | Ser AGT   0   0   0   0   0   0
    ATC   3   3   2   2   3   2 |     ACC   2   2   2   2   2   2 |     AAC   0   0   0   0   0   0 |     AGC   0   0   0   0   0   0
    ATA   0   0   0   0   0   0 |     ACA   0   0   0   0   0   0 | Lys AAA   0   0   0   0   0   0 | Arg AGA   0   0   0   0   0   0
Met ATG   1   1   1   1   1   1 |     ACG   0   0   0   0   0   0 |     AAG   2   2   2   3   2   2 |     AGG   3   3   2   2   2   2
--------------------------------------------------------------------------------------------------------------------------------------
Val GTT   0   0   0   0   0   0 | Ala GCT   0   0   0   0   0   0 | Asp GAT   1   1   1   2   1   1 | Gly GGT   0   0   0   0   0   0
    GTC   1   1   1   1   1   1 |     GCC   1   1   1   1   1   1 |     GAC   2   2   2   1   2   2 |     GGC   0   0   0   0   0   0
    GTA   0   0   0   0   0   0 |     GCA   0   0   0   0   0   0 | Glu GAA   2   2   3   2   2   2 |     GGA   0   0   0   0   0   0
    GTG   3   3   3   3   3   3 |     GCG   0   0   0   0   0   0 |     GAG   2   2   1   1   2   2 |     GGG   0   0   0   0   0   0
--------------------------------------------------------------------------------------------------------------------------------------

--------------------------------------------------------------------------------------------------------------------------------------
Phe TTT   1   1   1   1   1   1 | Ser TCT   1   1   1   1   1   1 | Tyr TAT   0   0   0   0   0   0 | Cys TGT   1   1   1   1   1   1
    TTC   2   2   2   2   2   2 |     TCC   1   2   2   2   2   2 |     TAC   1   1   1   1   1   1 |     TGC   0   0   0   0   0   0
Leu TTA   0   0   0   0   0   0 |     TCA   0   0   0   0   0   0 | *** TAA   0   0   0   0   0   0 | *** TGA   0   0   0   0   0   0
    TTG   1   1   1   1   1   1 |     TCG   0   0   0   0   0   0 |     TAG   0   0   0   0   0   0 | Trp TGG   0   0   0   0   0   0
--------------------------------------------------------------------------------------------------------------------------------------
Leu CTT   0   0   0   0   0   0 | Pro CCT   0   0   0   0   0   0 | His CAT   0   0   0   1   0   0 | Arg CGT   0   0   0   0   0   0
    CTC   3   3   3   3   3   3 |     CCC   0   0   0   0   0   0 |     CAC   2   2   2   1   2   2 |     CGC   1   1   1   1   1   1
    CTA   0   0   0   0   0   0 |     CCA   1   2   2   2   2   2 | Gln CAA   0   0   0   0   0   0 |     CGA   0   0   0   0   0   0
    CTG   0   0   0   0   0   0 |     CCG   1   0   0   0   0   0 |     CAG   3   3   3   3   3   3 |     CGG   0   0   1   1   1   1
--------------------------------------------------------------------------------------------------------------------------------------
Ile ATT   0   0   0   1   1   1 | Thr ACT   0   0   0   0   0   0 | Asn AAT   1   1   1   1   1   1 | Ser AGT   0   0   0   0   0   0
    ATC   3   3   3   2   2   2 |     ACC   3   2   2   2   2   2 |     AAC   0   0   0   0   0   0 |     AGC   0   0   0   0   0   0
    ATA   0   0   0   0   0   0 |     ACA   0   0   0   0   0   0 | Lys AAA   0   0   0   0   0   0 | Arg AGA   0   0   0   0   0   0
Met ATG   1   1   1   1   1   1 |     ACG   0   0   0   0   0   0 |     AAG   2   2   2   2   2   2 |     AGG   3   3   2   2   2   2
--------------------------------------------------------------------------------------------------------------------------------------
Val GTT   0   0   0   0   0   0 | Ala GCT   0   0   0   0   0   0 | Asp GAT   1   1   1   1   1   2 | Gly GGT   0   0   0   0   0   0
    GTC   1   1   1   1   1   1 |     GCC   1   1   1   1   1   1 |     GAC   2   2   2   2   2   1 |     GGC   0   0   0   0   0   0
    GTA   0   0   0   0   1   0 |     GCA   0   0   0   0   0   0 | Glu GAA   2   2   2   2   2   2 |     GGA   0   0   0   0   0   0
    GTG   3   3   3   3   2   3 |     GCG   0   0   0   0   0   0 |     GAG   2   2   2   2   2   2 |     GGG   0   0   0   0   0   0
--------------------------------------------------------------------------------------------------------------------------------------

--------------------------------------------------------------------------------------------------------------------------------------
Phe TTT   1   1   1   1   0   1 | Ser TCT   1   1   1   1   1   1 | Tyr TAT   0   0   0   0   0   0 | Cys TGT   1   1   1   1   1   1
    TTC   2   2   2   2   3   2 |     TCC   2   2   2   2   2   2 |     TAC   1   1   1   1   1   1 |     TGC   0   0   0   0   0   0
Leu TTA   0   0   0   0   0   0 |     TCA   0   0   0   0   0   0 | *** TAA   0   0   0   0   0   0 | *** TGA   0   0   0   0   0   0
    TTG   1   1   1   1   1   1 |     TCG   0   0   0   0   0   0 |     TAG   0   0   0   0   0   0 | Trp TGG   0   0   0   0   0   0
--------------------------------------------------------------------------------------------------------------------------------------
Leu CTT   0   0   0   0   0   0 | Pro CCT   0   0   0   0   0   0 | His CAT   1   0   0   0   1   0 | Arg CGT   0   0   0   0   0   0
    CTC   3   3   3   3   3   3 |     CCC   0   0   0   0   0   1 |     CAC   1   2   2   2   1   2 |     CGC   1   2   1   1   1   1
    CTA   0   0   0   0   0   0 |     CCA   2   2   2   2   1   1 | Gln CAA   0   0   0   0   0   0 |     CGA   0   0   0   0   0   0
    CTG   0   0   0   0   0   0 |     CCG   0   0   0   0   1   0 |     CAG   3   3   3   3   3   3 |     CGG   1   0   0   1   0   1
--------------------------------------------------------------------------------------------------------------------------------------
Ile ATT   1   1   0   1   1   1 | Thr ACT   0   0   0   0   0   0 | Asn AAT   1   1   1   1   1   1 | Ser AGT   0   0   0   0   0   0
    ATC   2   2   3   2   2   2 |     ACC   2   2   2   2   2   2 |     AAC   0   0   0   0   0   1 |     AGC   0   0   0   0   0   0
    ATA   0   0   0   0   0   0 |     ACA   0   0   0   0   0   0 | Lys AAA   0   0   0   0   0   0 | Arg AGA   0   0   0   0   1   0
Met ATG   1   1   1   1   1   1 |     ACG   0   0   0   0   0   0 |     AAG   2   2   2   2   2   2 |     AGG   2   2   3   2   2   2
--------------------------------------------------------------------------------------------------------------------------------------
Val GTT   0   0   0   0   0   0 | Ala GCT   0   0   0   0   0   0 | Asp GAT   1   2   1   1   1   1 | Gly GGT   0   0   0   0   0   0
    GTC   1   1   1   1   1   1 |     GCC   1   1   1   1   1   1 |     GAC   2   1   2   2   2   1 |     GGC   0   0   0   0   0   0
    GTA   0   0   0   0   0   1 |     GCA   0   0   0   0   0   0 | Glu GAA   2   2   2   2   1   2 |     GGA   0   0   0   0   0   0
    GTG   3   3   3   3   3   2 |     GCG   0   0   0   0   0   0 |     GAG   2   2   2   2   3   2 |     GGG   0   0   0   0   0   0
--------------------------------------------------------------------------------------------------------------------------------------

--------------------------------------------------------------------------------------------------------------------------------------
Phe TTT   1   1   1   1   1   1 | Ser TCT   1   1   1   1   1   1 | Tyr TAT   0   0   0   0   0   0 | Cys TGT   1   1   1   1   0   1
    TTC   2   2   2   2   2   2 |     TCC   2   2   2   2   2   2 |     TAC   1   1   1   1   1   1 |     TGC   0   0   0   0   1   0
Leu TTA   0   0   0   0   0   0 |     TCA   0   0   0   0   0   0 | *** TAA   0   0   0   0   0   0 | *** TGA   0   0   0   0   0   0
    TTG   1   1   1   1   1   1 |     TCG   0   0   0   0   0   0 |     TAG   0   0   0   0   0   0 | Trp TGG   0   0   0   0   0   0
--------------------------------------------------------------------------------------------------------------------------------------
Leu CTT   0   0   0   0   0   0 | Pro CCT   0   0   0   0   0   0 | His CAT   0   0   1   0   0   0 | Arg CGT   0   0   0   0   0   0
    CTC   3   3   3   3   3   3 |     CCC   0   0   0   0   0   0 |     CAC   2   2   1   2   2   2 |     CGC   1   1   1   1   1   1
    CTA   0   0   0   0   0   0 |     CCA   2   2   2   2   2   2 | Gln CAA   0   0   0   0   0   1 |     CGA   0   0   0   0   0   0
    CTG   0   0   0   0   0   0 |     CCG   0   0   0   0   0   0 |     CAG   3   3   3   3   3   2 |     CGG   1   1   1   1   1   0
--------------------------------------------------------------------------------------------------------------------------------------
Ile ATT   1   1   1   1   1   0 | Thr ACT   0   0   0   0   0   0 | Asn AAT   1   1   1   1   1   1 | Ser AGT   0   0   0   0   0   0
    ATC   2   2   2   2   2   3 |     ACC   2   2   2   2   2   2 |     AAC   0   0   0   0   0   0 |     AGC   0   0   0   0   0   0
    ATA   0   0   0   0   0   0 |     ACA   0   0   0   0   0   0 | Lys AAA   0   0   0   0   0   0 | Arg AGA   0   0   0   0   0   0
Met ATG   1   1   1   1   1   1 |     ACG   0   0   0   0   0   0 |     AAG   2   2   2   2   2   2 |     AGG   2   2   2   2   2   3
--------------------------------------------------------------------------------------------------------------------------------------
Val GTT   0   0   0   0   0   0 | Ala GCT   0   0   0   0   0   0 | Asp GAT   1   1   1   2   1   1 | Gly GGT   0   0   0   0   0   0
    GTC   1   1   1   1   1   1 |     GCC   1   1   1   1   1   1 |     GAC   2   2   2   1   2   2 |     GGC   0   0   0   0   0   0
    GTA   0   0   0   0   0   0 |     GCA   0   0   0   0   0   0 | Glu GAA   2   2   3   2   1   2 |     GGA   0   0   0   0   0   0
    GTG   3   3   3   3   3   3 |     GCG   0   0   0   0   0   0 |     GAG   2   2   1   2   3   2 |     GGG   0   0   0   0   0   0
--------------------------------------------------------------------------------------------------------------------------------------

--------------------------------------------------------------------------------------------------------------------------------------
Phe TTT   1   1   1   1   1   1 | Ser TCT   1   1   1   1   1   1 | Tyr TAT   0   0   0   0   0   0 | Cys TGT   1   1   1   1   1   1
    TTC   2   2   2   2   2   2 |     TCC   1   2   2   2   2   2 |     TAC   1   1   1   1   1   1 |     TGC   0   0   0   0   0   0
Leu TTA   0   0   0   0   0   0 |     TCA   0   0   0   0   0   0 | *** TAA   0   0   0   0   0   0 | *** TGA   0   0   0   0   0   0
    TTG   1   1   0   1   1   1 |     TCG   0   0   0   0   0   0 |     TAG   0   0   0   0   0   0 | Trp TGG   0   0   0   0   0   0
--------------------------------------------------------------------------------------------------------------------------------------
Leu CTT   0   0   0   0   0   0 | Pro CCT   0   0   0   0   0   0 | His CAT   0   1   0   0   0   0 | Arg CGT   0   0   0   0   0   0
    CTC   3   3   3   3   3   3 |     CCC   0   0   0   0   0   0 |     CAC   2   1   2   2   2   2 |     CGC   1   1   1   1   1   1
    CTA   0   0   0   0   0   0 |     CCA   2   2   2   2   2   2 | Gln CAA   0   0   0   1   0   0 |     CGA   0   0   0   0   0   0
    CTG   0   0   0   0   0   0 |     CCG   0   0   0   0   0   0 |     CAG   3   3   3   2   3   3 |     CGG   0   1   0   0   1   1
--------------------------------------------------------------------------------------------------------------------------------------
Ile ATT   0   1   0   0   1   1 | Thr ACT   0   0   0   0   0   0 | Asn AAT   1   1   1   1   1   1 | Ser AGT   0   0   0   0   0   0
    ATC   3   2   3   3   2   2 |     ACC   3   2   2   2   2   2 |     AAC   0   0   0   0   0   0 |     AGC   0   0   0   0   0   0
    ATA   0   0   0   0   0   0 |     ACA   0   0   0   0   0   0 | Lys AAA   0   0   0   0   0   0 | Arg AGA   0   0   0   0   0   0
Met ATG   1   1   2   1   1   1 |     ACG   0   0   0   0   0   0 |     AAG   2   2   2   2   2   2 |     AGG   3   2   3   3   2   2
--------------------------------------------------------------------------------------------------------------------------------------
Val GTT   0   0   0   0   0   0 | Ala GCT   0   0   0   0   0   0 | Asp GAT   1   1   1   1   1   1 | Gly GGT   0   0   0   0   0   0
    GTC   1   1   1   1   1   0 |     GCC   1   1   1   1   1   1 |     GAC   2   2   2   2   2   2 |     GGC   0   0   0   0   0   0
    GTA   0   0   0   0   0   0 |     GCA   0   0   0   0   0   0 | Glu GAA   2   2   2   2   2   2 |     GGA   0   0   0   0   0   0
    GTG   3   3   3   3   3   4 |     GCG   0   0   0   0   0   0 |     GAG   2   2   2   2   2   2 |     GGG   0   0   0   0   0   0
--------------------------------------------------------------------------------------------------------------------------------------

--------------------------------------------------------------------------------------------------------------------------------------
Phe TTT   1   1   1   1   1   1 | Ser TCT   1   1   1   1   1   1 | Tyr TAT   0   0   0   0   0   0 | Cys TGT   1   1   1   1   1   1
    TTC   2   2   2   2   2   2 |     TCC   2   2   2   2   2   2 |     TAC   1   1   1   1   1   1 |     TGC   0   0   0   0   0   0
Leu TTA   0   0   0   0   0   0 |     TCA   0   0   0   0   0   0 | *** TAA   0   0   0   0   0   0 | *** TGA   0   0   0   0   0   0
    TTG   1   1   1   1   1   1 |     TCG   0   0   0   0   0   0 |     TAG   0   0   0   0   0   0 | Trp TGG   0   0   0   0   0   0
--------------------------------------------------------------------------------------------------------------------------------------
Leu CTT   0   0   0   0   0   0 | Pro CCT   0   0   0   0   0   0 | His CAT   1   0   1   0   0   0 | Arg CGT   0   0   0   0   0   0
    CTC   3   3   3   3   3   3 |     CCC   0   0   0   0   0   0 |     CAC   1   2   1   2   2   2 |     CGC   1   1   1   1   2   1
    CTA   0   0   0   0   0   0 |     CCA   2   2   2   2   2   2 | Gln CAA   0   0   0   0   0   0 |     CGA   0   0   0   0   0   0
    CTG   0   0   0   0   0   0 |     CCG   0   0   0   0   0   0 |     CAG   3   3   3   3   3   3 |     CGG   1   1   1   0   0   1
--------------------------------------------------------------------------------------------------------------------------------------
Ile ATT   0   1   1   0   1   1 | Thr ACT   0   0   0   0   0   0 | Asn AAT   1   1   1   1   1   1 | Ser AGT   0   0   0   0   0   0
    ATC   3   2   2   3   2   2 |     ACC   2   2   2   2   2   2 |     AAC   0   0   0   0   0   0 |     AGC   0   0   0   0   0   0
    ATA   0   0   0   0   0   0 |     ACA   0   0   0   0   0   0 | Lys AAA   0   0   0   0   0   0 | Arg AGA   0   0   0   0   0   0
Met ATG   1   1   1   1   1   1 |     ACG   0   0   0   0   0   0 |     AAG   2   2   2   2   2   2 |     AGG   2   2   2   3   2   2
--------------------------------------------------------------------------------------------------------------------------------------
Val GTT   0   0   0   0   0   0 | Ala GCT   0   0   0   0   0   0 | Asp GAT   1   1   1   2   2   2 | Gly GGT   0   0   0   0   0   0
    GTC   1   1   1   1   1   1 |     GCC   1   1   1   1   1   1 |     GAC   2   2   2   1   1   1 |     GGC   0   0   0   0   0   0
    GTA   0   0   0   0   0   0 |     GCA   0   0   0   0   0   0 | Glu GAA   2   2   2   2   2   2 |     GGA   0   0   0   0   0   0
    GTG   3   3   3   3   3   3 |     GCG   0   0   0   0   0   0 |     GAG   2   2   2   2   2   2 |     GGG   0   0   0   0   0   0
--------------------------------------------------------------------------------------------------------------------------------------

Codon position x base (3x4) table for each sequence.

#1: Argali         
position  1:    T:0.20455    C:0.27273    A:0.25000    G:0.27273
position  2:    T:0.34091    C:0.18182    A:0.36364    G:0.11364
position  3:    T:0.13636    C:0.43182    A:0.09091    G:0.34091
Average         T:0.22727    C:0.29545    A:0.23485    G:0.24242

#2: LesserMouseDeer
position  1:    T:0.18182    C:0.27273    A:0.27273    G:0.27273
position  2:    T:0.34091    C:0.18182    A:0.36364    G:0.11364
position  3:    T:0.13636    C:0.43182    A:0.09091    G:0.34091
Average         T:0.21970    C:0.29545    A:0.24242    G:0.24242

#3: LesserKudu     
position  1:    T:0.20455    C:0.27273    A:0.25000    G:0.27273
position  2:    T:0.34091    C:0.18182    A:0.36364    G:0.11364
position  3:    T:0.15909    C:0.40909    A:0.09091    G:0.34091
Average         T:0.23485    C:0.28788    A:0.23485    G:0.24242

#4: ForestMuskDeer2
position  1:    T:0.18182    C:0.25000    A:0.31818    G:0.25000
position  2:    T:0.34091    C:0.18182    A:0.36364    G:0.11364
position  3:    T:0.15909    C:0.43182    A:0.06818    G:0.34091
Average         T:0.22727    C:0.28788    A:0.25000    G:0.23485

#5: Camel          
position  1:    T:0.20455    C:0.25000    A:0.29545    G:0.25000
position  2:    T:0.34091    C:0.18182    A:0.36364    G:0.11364
position  3:    T:0.11364    C:0.43182    A:0.06818    G:0.38636
Average         T:0.21970    C:0.28788    A:0.24242    G:0.25000

#6: KillerWhale    
position  1:    T:0.22727    C:0.22727    A:0.29545    G:0.25000
position  2:    T:0.34091    C:0.18182    A:0.36364    G:0.11364
position  3:    T:0.20455    C:0.36364    A:0.11364    G:0.31818
Average         T:0.25758    C:0.25758    A:0.25758    G:0.22727

#7: DefassaWaterbuck
position  1:    T:0.20455    C:0.27273    A:0.25000    G:0.27273
position  2:    T:0.34091    C:0.18182    A:0.36364    G:0.11364
position  3:    T:0.15909    C:0.40909    A:0.09091    G:0.34091
Average         T:0.23485    C:0.28788    A:0.23485    G:0.24242

#8: Sheep          
position  1:    T:0.20455    C:0.27273    A:0.25000    G:0.27273
position  2:    T:0.34091    C:0.18182    A:0.36364    G:0.11364
position  3:    T:0.13636    C:0.43182    A:0.09091    G:0.34091
Average         T:0.22727    C:0.29545    A:0.23485    G:0.24242

#9: MaxwellsDuiker 
position  1:    T:0.20455    C:0.27273    A:0.25000    G:0.27273
position  2:    T:0.34091    C:0.18182    A:0.36364    G:0.11364
position  3:    T:0.13636    C:0.43182    A:0.09091    G:0.34091
Average         T:0.22727    C:0.29545    A:0.23485    G:0.24242

#10: GazellaPrzewalskyi
position  1:    T:0.20455    C:0.27273    A:0.25000    G:0.27273
position  2:    T:0.34091    C:0.18182    A:0.36364    G:0.11364
position  3:    T:0.15909    C:0.40909    A:0.09091    G:0.34091
Average         T:0.23485    C:0.28788    A:0.23485    G:0.24242

#11: MountainNyala  
position  1:    T:0.20455    C:0.27273    A:0.25000    G:0.27273
position  2:    T:0.34091    C:0.18182    A:0.36364    G:0.11364
position  3:    T:0.15909    C:0.40909    A:0.09091    G:0.34091
Average         T:0.23485    C:0.28788    A:0.23485    G:0.24242

#12: MuntiacusMuntjak
position  1:    T:0.20455    C:0.25000    A:0.27273    G:0.27273
position  2:    T:0.34091    C:0.18182    A:0.36364    G:0.11364
position  3:    T:0.11364    C:0.45455    A:0.09091    G:0.34091
Average         T:0.21970    C:0.29545    A:0.24242    G:0.24242

#13: goat           
position  1:    T:0.20455    C:0.27273    A:0.25000    G:0.27273
position  2:    T:0.34091    C:0.18182    A:0.36364    G:0.11364
position  3:    T:0.13636    C:0.43182    A:0.09091    G:0.34091
Average         T:0.22727    C:0.29545    A:0.23485    G:0.24242

#14: AfricanBuffalo 
position  1:    T:0.20455    C:0.27273    A:0.25000    G:0.27273
position  2:    T:0.34091    C:0.18182    A:0.36364    G:0.11364
position  3:    T:0.13636    C:0.43182    A:0.11364    G:0.31818
Average         T:0.22727    C:0.29545    A:0.24242    G:0.23485

#15: Topi           
position  1:    T:0.20455    C:0.27273    A:0.25000    G:0.27273
position  2:    T:0.34091    C:0.18182    A:0.36364    G:0.11364
position  3:    T:0.13636    C:0.43182    A:0.11364    G:0.31818
Average         T:0.22727    C:0.29545    A:0.24242    G:0.23485

#16: CommonDuiker   
position  1:    T:0.20455    C:0.27273    A:0.25000    G:0.27273
position  2:    T:0.34091    C:0.18182    A:0.36364    G:0.11364
position  3:    T:0.13636    C:0.43182    A:0.11364    G:0.31818
Average         T:0.22727    C:0.29545    A:0.24242    G:0.23485

#17: Suni           
position  1:    T:0.20455    C:0.27273    A:0.25000    G:0.27273
position  2:    T:0.34091    C:0.18182    A:0.36364    G:0.11364
position  3:    T:0.11364    C:0.47727    A:0.09091    G:0.31818
Average         T:0.21970    C:0.31061    A:0.23485    G:0.23485

#18: Springbuck     
position  1:    T:0.20455    C:0.27273    A:0.25000    G:0.27273
position  2:    T:0.34091    C:0.18182    A:0.36364    G:0.11364
position  3:    T:0.15909    C:0.40909    A:0.09091    G:0.34091
Average         T:0.23485    C:0.28788    A:0.23485    G:0.24242

#19: Okapi          
position  1:    T:0.20455    C:0.25000    A:0.27273    G:0.27273
position  2:    T:0.34091    C:0.18182    A:0.36364    G:0.11364
position  3:    T:0.09091    C:0.47727    A:0.09091    G:0.34091
Average         T:0.21212    C:0.30303    A:0.24242    G:0.24242

#20: Giraffe        
position  1:    T:0.20455    C:0.25000    A:0.27273    G:0.27273
position  2:    T:0.34091    C:0.18182    A:0.36364    G:0.11364
position  3:    T:0.11364    C:0.45455    A:0.09091    G:0.34091
Average         T:0.21970    C:0.29545    A:0.24242    G:0.24242

#21: TibetanAntelope
position  1:    T:0.20455    C:0.27273    A:0.25000    G:0.27273
position  2:    T:0.34091    C:0.18182    A:0.36364    G:0.11364
position  3:    T:0.13636    C:0.43182    A:0.11364    G:0.31818
Average         T:0.22727    C:0.29545    A:0.24242    G:0.23485

#22: Sitatunga      
position  1:    T:0.20455    C:0.27273    A:0.27273    G:0.25000
position  2:    T:0.34091    C:0.18182    A:0.36364    G:0.11364
position  3:    T:0.15909    C:0.43182    A:0.09091    G:0.31818
Average         T:0.23485    C:0.29545    A:0.24242    G:0.22727

#23: Oribi          
position  1:    T:0.20455    C:0.27273    A:0.25000    G:0.27273
position  2:    T:0.34091    C:0.18182    A:0.36364    G:0.11364
position  3:    T:0.15909    C:0.40909    A:0.09091    G:0.34091
Average         T:0.23485    C:0.28788    A:0.23485    G:0.24242

#24: BarbarySheep   
position  1:    T:0.20455    C:0.27273    A:0.25000    G:0.27273
position  2:    T:0.34091    C:0.18182    A:0.36364    G:0.11364
position  3:    T:0.13636    C:0.43182    A:0.09091    G:0.34091
Average         T:0.22727    C:0.29545    A:0.23485    G:0.24242

#25: Daviddeer      
position  1:    T:0.18182    C:0.25000    A:0.29545    G:0.27273
position  2:    T:0.34091    C:0.18182    A:0.36364    G:0.11364
position  3:    T:0.11364    C:0.45455    A:0.06818    G:0.36364
Average         T:0.21212    C:0.29545    A:0.24242    G:0.25000

#26: Reindeer       
position  1:    T:0.20455    C:0.25000    A:0.27273    G:0.27273
position  2:    T:0.34091    C:0.18182    A:0.36364    G:0.11364
position  3:    T:0.11364    C:0.45455    A:0.09091    G:0.34091
Average         T:0.21970    C:0.29545    A:0.24242    G:0.24242

#27: Ibex           
position  1:    T:0.20455    C:0.27273    A:0.25000    G:0.27273
position  2:    T:0.34091    C:0.18182    A:0.36364    G:0.11364
position  3:    T:0.11364    C:0.45455    A:0.09091    G:0.34091
Average         T:0.21970    C:0.30303    A:0.23485    G:0.24242

#28: GyrantGazelle  
position  1:    T:0.20455    C:0.27273    A:0.25000    G:0.27273
position  2:    T:0.34091    C:0.18182    A:0.36364    G:0.11364
position  3:    T:0.15909    C:0.40909    A:0.09091    G:0.34091
Average         T:0.23485    C:0.28788    A:0.23485    G:0.24242

#29: Hartebeest     
position  1:    T:0.20455    C:0.27273    A:0.25000    G:0.27273
position  2:    T:0.34091    C:0.18182    A:0.36364    G:0.11364
position  3:    T:0.13636    C:0.43182    A:0.11364    G:0.31818
Average         T:0.22727    C:0.29545    A:0.24242    G:0.23485

#30: Bongo          
position  1:    T:0.20455    C:0.27273    A:0.25000    G:0.27273
position  2:    T:0.34091    C:0.18182    A:0.36364    G:0.11364
position  3:    T:0.15909    C:0.40909    A:0.09091    G:0.34091
Average         T:0.23485    C:0.28788    A:0.23485    G:0.24242

#31: Gerenuk        
position  1:    T:0.20455    C:0.27273    A:0.25000    G:0.27273
position  2:    T:0.34091    C:0.18182    A:0.36364    G:0.11364
position  3:    T:0.15909    C:0.40909    A:0.09091    G:0.34091
Average         T:0.23485    C:0.28788    A:0.23485    G:0.24242

#32: CommonEland    
position  1:    T:0.20455    C:0.27273    A:0.25000    G:0.27273
position  2:    T:0.34091    C:0.18182    A:0.36364    G:0.11364
position  3:    T:0.15909    C:0.43182    A:0.09091    G:0.31818
Average         T:0.23485    C:0.29545    A:0.23485    G:0.23485

#33: MuntiacusReevesi
position  1:    T:0.20455    C:0.25000    A:0.27273    G:0.27273
position  2:    T:0.34091    C:0.18182    A:0.36364    G:0.11364
position  3:    T:0.11364    C:0.45455    A:0.09091    G:0.34091
Average         T:0.21970    C:0.29545    A:0.24242    G:0.24242

#34: HarveysDuiker  
position  1:    T:0.20455    C:0.27273    A:0.25000    G:0.27273
position  2:    T:0.34091    C:0.18182    A:0.36364    G:0.11364
position  3:    T:0.13636    C:0.43182    A:0.09091    G:0.34091
Average         T:0.22727    C:0.29545    A:0.23485    G:0.24242

#35: Pronghorn      
position  1:    T:0.20455    C:0.25000    A:0.27273    G:0.27273
position  2:    T:0.34091    C:0.18182    A:0.36364    G:0.11364
position  3:    T:0.13636    C:0.43182    A:0.06818    G:0.36364
Average         T:0.22727    C:0.28788    A:0.23485    G:0.25000

#36: BlueWildebeest 
position  1:    T:0.20455    C:0.27273    A:0.27273    G:0.25000
position  2:    T:0.34091    C:0.18182    A:0.36364    G:0.11364
position  3:    T:0.13636    C:0.45455    A:0.09091    G:0.31818
Average         T:0.22727    C:0.30303    A:0.24242    G:0.22727

#37: Gemsbok        
position  1:    T:0.20455    C:0.27273    A:0.25000    G:0.27273
position  2:    T:0.34091    C:0.18182    A:0.36364    G:0.11364
position  3:    T:0.13636    C:0.43182    A:0.09091    G:0.34091
Average         T:0.22727    C:0.29545    A:0.23485    G:0.24242

#38: Yak            
position  1:    T:0.20455    C:0.27273    A:0.25000    G:0.27273
position  2:    T:0.34091    C:0.18182    A:0.36364    G:0.11364
position  3:    T:0.13636    C:0.43182    A:0.09091    G:0.34091
Average         T:0.22727    C:0.29545    A:0.23485    G:0.24242

#39: BlueSheep      
position  1:    T:0.20455    C:0.27273    A:0.25000    G:0.27273
position  2:    T:0.34091    C:0.18182    A:0.36364    G:0.11364
position  3:    T:0.15909    C:0.40909    A:0.11364    G:0.31818
Average         T:0.23485    C:0.28788    A:0.24242    G:0.23485

#40: BohorReedbuck  
position  1:    T:0.20455    C:0.27273    A:0.25000    G:0.27273
position  2:    T:0.34091    C:0.18182    A:0.36364    G:0.11364
position  3:    T:0.15909    C:0.40909    A:0.09091    G:0.34091
Average         T:0.23485    C:0.28788    A:0.23485    G:0.24242

#41: KirksDik       
position  1:    T:0.20455    C:0.27273    A:0.25000    G:0.27273
position  2:    T:0.34091    C:0.18182    A:0.36364    G:0.11364
position  3:    T:0.11364    C:0.45455    A:0.06818    G:0.36364
Average         T:0.21970    C:0.30303    A:0.22727    G:0.25000

#42: RoeDeer        
position  1:    T:0.20455    C:0.25000    A:0.27273    G:0.27273
position  2:    T:0.34091    C:0.18182    A:0.36364    G:0.11364
position  3:    T:0.11364    C:0.45455    A:0.11364    G:0.31818
Average         T:0.21970    C:0.29545    A:0.25000    G:0.23485

#43: WhiteLippedDeer
position  1:    T:0.18182    C:0.25000    A:0.29545    G:0.27273
position  2:    T:0.34091    C:0.18182    A:0.36364    G:0.11364
position  3:    T:0.11364    C:0.45455    A:0.09091    G:0.34091
Average         T:0.21212    C:0.29545    A:0.25000    G:0.24242

#44: ThomsonGazelle 
position  1:    T:0.20455    C:0.27273    A:0.25000    G:0.27273
position  2:    T:0.34091    C:0.18182    A:0.36364    G:0.11364
position  3:    T:0.15909    C:0.40909    A:0.09091    G:0.34091
Average         T:0.23485    C:0.28788    A:0.23485    G:0.24242

#45: MuntiacusCrinifrons
position  1:    T:0.18182    C:0.25000    A:0.29545    G:0.27273
position  2:    T:0.34091    C:0.18182    A:0.36364    G:0.11364
position  3:    T:0.11364    C:0.45455    A:0.09091    G:0.34091
Average         T:0.21212    C:0.29545    A:0.25000    G:0.24242

#46: WhiteTailedDeer
position  1:    T:0.20455    C:0.25000    A:0.27273    G:0.27273
position  2:    T:0.34091    C:0.18182    A:0.36364    G:0.11364
position  3:    T:0.11364    C:0.45455    A:0.11364    G:0.31818
Average         T:0.21970    C:0.29545    A:0.25000    G:0.23485

#47: Cattle         
position  1:    T:0.20455    C:0.27273    A:0.25000    G:0.27273
position  2:    T:0.34091    C:0.18182    A:0.36364    G:0.11364
position  3:    T:0.13636    C:0.43182    A:0.09091    G:0.34091
Average         T:0.22727    C:0.29545    A:0.23485    G:0.24242

#48: RoyalAntelope  
position  1:    T:0.20455    C:0.27273    A:0.25000    G:0.27273
position  2:    T:0.34091    C:0.18182    A:0.36364    G:0.11364
position  3:    T:0.13636    C:0.40909    A:0.09091    G:0.36364
Average         T:0.22727    C:0.28788    A:0.23485    G:0.25000

#49: Steenbok       
position  1:    T:0.20455    C:0.27273    A:0.25000    G:0.27273
position  2:    T:0.34091    C:0.18182    A:0.36364    G:0.11364
position  3:    T:0.13636    C:0.43182    A:0.09091    G:0.34091
Average         T:0.22727    C:0.29545    A:0.23485    G:0.24242

#50: Impala         
position  1:    T:0.20455    C:0.27273    A:0.25000    G:0.27273
position  2:    T:0.34091    C:0.18182    A:0.36364    G:0.11364
position  3:    T:0.13636    C:0.43182    A:0.09091    G:0.34091
Average         T:0.22727    C:0.29545    A:0.23485    G:0.24242

#51: Klipspringer   
position  1:    T:0.20455    C:0.27273    A:0.25000    G:0.27273
position  2:    T:0.34091    C:0.18182    A:0.36364    G:0.11364
