CODONML (in paml version 4.10.7, June 2023)  /home/rachel/ruminants_paml/6406-phy-tree/ENSBTAT00000006026.fasta.phy
Model: free dN/dS Ratios for branches,  kappa = 2.000 fixed

Codon frequency model: F3x4
ns =  54  ls = 123

Codon usage in sequences
--------------------------------------------------------------------------------------------------------------------------------------
Phe TTT   6   6   6   6   6   7 | Ser TCT   1   1   1   1   1   1 | Tyr TAT   0   0   0   0   0   0 | Cys TGT   1   1   1   1   1   1
    TTC   6   6   6   6   6   5 |     TCC   0   0   0   0   0   0 |     TAC   1   1   1   1   1   1 |     TGC   3   3   3   3   3   3
Leu TTA   0   0   0   0   0   0 |     TCA   2   2   2   2   2   2 | *** TAA   0   0   0   0   0   0 | *** TGA   0   0   0   0   0   0
    TTG   0   0   0   0   0   0 |     TCG   0   0   0   0   0   0 |     TAG   0   0   0   0   0   0 | Trp TGG   0   0   0   0   0   0
--------------------------------------------------------------------------------------------------------------------------------------
Leu CTT   0   0   0   0   0   0 | Pro CCT   3   3   3   3   3   3 | His CAT   0   0   0   1   0   0 | Arg CGT   1   0   1   1   0   0
    CTC   1   1   1   1   1   1 |     CCC   4   4   4   4   4   4 |     CAC   2   2   2   1   2   2 |     CGC   0   1   0   0   0   1
    CTA   1   1   1   1   1   1 |     CCA   0   1   0   0   1   1 | Gln CAA   0   1   0   0   1   0 |     CGA   0   0   0   0   0   0
    CTG   1   1   1   1   1   1 |     CCG   1   0   1   1   0   0 |     CAG   5   4   5   5   4   5 |     CGG   0   0   0   0   1   0
--------------------------------------------------------------------------------------------------------------------------------------
Ile ATT   3   3   3   3   2   2 | Thr ACT   0   0   0   0   1   1 | Asn AAT   6   6   6   6   5   6 | Ser AGT   0   1   0   0   1   1
    ATC   2   2   2   2   3   3 |     ACC   2   2   2   2   2   3 |     AAC   2   2   2   2   3   2 |     AGC   4   3   4   4   3   3
    ATA   2   2   2   2   2   2 |     ACA   2   2   2   2   1   0 | Lys AAA   3   3   3   3   3   4 | Arg AGA   1   1   1   1   1   1
Met ATG   4   4   4   4   4   4 |     ACG   1   1   1   1   1   1 |     AAG   6   6   6   6   6   5 |     AGG   2   2   2   2   2   2
--------------------------------------------------------------------------------------------------------------------------------------
Val GTT   4   3   4   4   4   4 | Ala GCT   0   0   0   0   1   0 | Asp GAT   6   6   6   5   6   5 | Gly GGT   2   2   2   2   2   1
    GTC   3   4   3   3   3   3 |     GCC   0   1   0   0   0   1 |     GAC   1   1   1   2   1   2 |     GGC   4   4   4   5   4   5
    GTA   1   1   2   1   0   0 |     GCA   2   2   2   2   2   2 | Glu GAA   1   2   2   2   2   2 |     GGA   3   4   3   2   2   4
    GTG   7   7   6   7   8   8 |     GCG   2   1   2   2   1   1 |     GAG   4   3   3   3   3   3 |     GGG   4   3   4   4   5   3
--------------------------------------------------------------------------------------------------------------------------------------

--------------------------------------------------------------------------------------------------------------------------------------
Phe TTT   6   6   6   6   5   6 | Ser TCT   1   1   1   1   1   1 | Tyr TAT   0   0   0   0   0   0 | Cys TGT   1   1   1   1   1   1
    TTC   6   6   6   6   7   6 |     TCC   0   0   0   0   0   0 |     TAC   1   1   1   1   1   1 |     TGC   3   3   3   3   3   3
Leu TTA   0   0   0   0   0   0 |     TCA   2   2   2   2   2   2 | *** TAA   0   0   0   0   0   0 | *** TGA   0   0   0   0   0   0
    TTG   0   0   0   0   0   0 |     TCG   0   0   0   0   0   0 |     TAG   0   0   0   0   0   0 | Trp TGG   0   0   0   0   0   0
--------------------------------------------------------------------------------------------------------------------------------------
Leu CTT   0   0   0   0   0   0 | Pro CCT   3   3   3   3   3   4 | His CAT   0   0   0   0   0   0 | Arg CGT   1   1   1   1   1   1
    CTC   1   1   1   1   1   1 |     CCC   4   4   4   5   4   3 |     CAC   2   2   2   2   2   2 |     CGC   0   0   0   0   0   0
    CTA   1   1   1   1   1   1 |     CCA   0   0   0   0   0   0 | Gln CAA   0   0   0   0   0   0 |     CGA   0   0   0   0   0   0
    CTG   1   1   1   1   1   1 |     CCG   1   1   1   0   1   1 |     CAG   5   5   5   5   5   5 |     CGG   0   0   0   0   0   0
--------------------------------------------------------------------------------------------------------------------------------------
Ile ATT   3   3   3   3   3   3 | Thr ACT   0   0   0   0   0   0 | Asn AAT   6   6   6   6   6   6 | Ser AGT   0   0   0   0   0   0
    ATC   2   2   2   2   2   2 |     ACC   2   2   2   2   2   2 |     AAC   2   2   2   2   2   2 |     AGC   4   4   4   4   4   4
    ATA   2   2   2   2   2   2 |     ACA   2   2   2   2   2   2 | Lys AAA   3   3   3   3   3   3 | Arg AGA   1   1   1   1   1   1
Met ATG   4   4   4   4   4   4 |     ACG   1   1   1   1   1   1 |     AAG   6   6   6   6   6   6 |     AGG   2   2   2   2   2   2
--------------------------------------------------------------------------------------------------------------------------------------
Val GTT   4   4   4   4   4   4 | Ala GCT   0   0   0   0   0   0 | Asp GAT   6   6   6   6   6   6 | Gly GGT   2   2   2   2   2   2
    GTC   3   3   3   3   3   3 |     GCC   0   0   0   0   0   0 |     GAC   1   1   1   1   1   1 |     GGC   4   4   4   4   4   4
    GTA   1   1   1   1   1   1 |     GCA   2   2   2   2   2   2 | Glu GAA   2   1   2   2   2   3 |     GGA   3   3   4   3   3   3
    GTG   7   7   7   7   7   7 |     GCG   2   2   2   2   2   2 |     GAG   3   4   3   3   3   2 |     GGG   4   4   3   4   4   4
--------------------------------------------------------------------------------------------------------------------------------------

--------------------------------------------------------------------------------------------------------------------------------------
Phe TTT   6   6   6   6   6   6 | Ser TCT   1   1   1   1   1   1 | Tyr TAT   0   0   0   0   0   0 | Cys TGT   1   1   1   1   1   1
    TTC   6   6   6   6   6   6 |     TCC   0   0   0   0   1   0 |     TAC   1   1   1   1   1   1 |     TGC   3   3   3   3   3   3
Leu TTA   0   0   0   0   0   0 |     TCA   2   2   2   2   2   2 | *** TAA   0   0   0   0   0   0 | *** TGA   0   0   0   0   0   0
    TTG   0   0   0   0   0   0 |     TCG   0   0   0   0   0   0 |     TAG   0   0   0   0   0   0 | Trp TGG   0   0   0   0   0   0
--------------------------------------------------------------------------------------------------------------------------------------
Leu CTT   0   0   0   0   0   0 | Pro CCT   3   4   3   3   2   3 | His CAT   0   0   0   0   1   0 | Arg CGT   1   1   1   1   1   1
    CTC   1   1   1   1   1   1 |     CCC   4   3   4   4   4   5 |     CAC   2   2   2   2   1   2 |     CGC   0   0   0   0   0   0
    CTA   1   1   1   1   1   1 |     CCA   0   0   0   0   0   0 | Gln CAA   0   0   0   0   0   0 |     CGA   0   0   0   0   0   0
    CTG   1   1   1   1   1   1 |     CCG   1   1   1   1   1   0 |     CAG   5   5   5   5   5   5 |     CGG   0   0   0   0   0   0
--------------------------------------------------------------------------------------------------------------------------------------
Ile ATT   3   3   3   3   3   3 | Thr ACT   0   0   0   0   0   0 | Asn AAT   6   6   6   6   5   5 | Ser AGT   0   0   0   0   0   0
    ATC   2   2   2   2   3   2 |     ACC   2   2   2   2   2   2 |     AAC   2   2   2   2   2   3 |     AGC   4   4   4   4   5   4
    ATA   2   2   2   2   2   2 |     ACA   2   2   2   2   2   2 | Lys AAA   3   3   3   3   3   3 | Arg AGA   1   1   1   1   1   1
Met ATG   4   4   4   4   5   4 |     ACG   1   1   1   1   1   1 |     AAG   6   6   6   6   7   6 |     AGG   2   2   2   2   2   2
--------------------------------------------------------------------------------------------------------------------------------------
Val GTT   4   4   4   4   4   4 | Ala GCT   0   0   0   0   0   0 | Asp GAT   6   6   6   6   6   5 | Gly GGT   2   2   2   2   2   2
    GTC   3   3   3   3   1   3 |     GCC   0   0   0   0   0   0 |     GAC   1   1   1   1   2   2 |     GGC   4   4   4   4   4   4
    GTA   1   1   1   1   2   1 |     GCA   2   2   2   2   3   2 | Glu GAA   1   2   2   2   2   2 |     GGA   3   3   3   4   2   3
    GTG   7   7   7   7   5   7 |     GCG   2   2   2   2   1   2 |     GAG   4   3   3   3   3   3 |     GGG   4   4   4   3   4   4
--------------------------------------------------------------------------------------------------------------------------------------

--------------------------------------------------------------------------------------------------------------------------------------
Phe TTT   6   6   6   5   6   6 | Ser TCT   1   1   1   1   1   1 | Tyr TAT   0   0   0   0   0   0 | Cys TGT   1   1   1   1   1   1
    TTC   6   6   6   7   6   6 |     TCC   0   0   0   0   0   0 |     TAC   1   1   1   1   1   1 |     TGC   3   3   3   3   3   3
Leu TTA   0   0   0   0   0   0 |     TCA   2   2   2   2   2   2 | *** TAA   0   0   0   0   0   0 | *** TGA   0   0   0   0   0   0
    TTG   0   0   0   0   0   0 |     TCG   0   0   0   0   0   0 |     TAG   0   0   0   0   0   0 | Trp TGG   0   0   0   0   0   0
--------------------------------------------------------------------------------------------------------------------------------------
Leu CTT   0   0   0   0   0   0 | Pro CCT   3   3   3   3   3   3 | His CAT   0   0   0   0   0   0 | Arg CGT   1   1   1   1   1   1
    CTC   1   1   1   1   1   1 |     CCC   4   4   4   4   5   4 |     CAC   2   2   2   2   2   2 |     CGC   0   0   0   0   0   0
    CTA   1   1   1   1   1   1 |     CCA   0   0   0   0   0   0 | Gln CAA   0   0   0   0   0   0 |     CGA   0   0   0   0   0   0
    CTG   1   1   1   1   1   1 |     CCG   1   1   1   1   0   1 |     CAG   5   5   5   5   5   5 |     CGG   0   0   0   0   0   0
--------------------------------------------------------------------------------------------------------------------------------------
Ile ATT   3   3   2   3   3   3 | Thr ACT   0   0   0   0   0   0 | Asn AAT   6   6   6   6   6   5 | Ser AGT   0   0   0   0   0   0
    ATC   2   2   3   2   2   2 |     ACC   2   2   2   2   2   2 |     AAC   2   2   2   2   2   3 |     AGC   4   4   4   4   4   4
    ATA   2   2   2   2   2   2 |     ACA   2   2   1   2   2   2 | Lys AAA   3   3   3   3   3   3 | Arg AGA   1   1   1   1   1   1
Met ATG   4   4   4   4   4   4 |     ACG   1   1   2   1   1   1 |     AAG   6   6   6   6   6   6 |     AGG   2   2   2   2   2   2
--------------------------------------------------------------------------------------------------------------------------------------
Val GTT   4   4   4   4   4   4 | Ala GCT   0   0   0   0   0   0 | Asp GAT   6   6   5   6   6   6 | Gly GGT   3   3   2   2   2   2
    GTC   3   3   3   3   3   3 |     GCC   0   0   0   0   0   0 |     GAC   1   1   2   1   1   1 |     GGC   3   3   4   4   4   4
    GTA   1   1   1   1   1   1 |     GCA   2   2   2   2   2   2 | Glu GAA   2   2   1   2   2   1 |     GGA   3   3   3   3   3   3
    GTG   7   7   7   7   7   7 |     GCG   2   2   2   2   2   2 |     GAG   3   3   4   3   3   4 |     GGG   4   4   4   4   4   4
--------------------------------------------------------------------------------------------------------------------------------------

--------------------------------------------------------------------------------------------------------------------------------------
Phe TTT   6   6   6   6   6   6 | Ser TCT   1   1   1   1   1   1 | Tyr TAT   0   1   0   0   0   0 | Cys TGT   1   1   1   1   1   1
    TTC   6   6   6   6   6   6 |     TCC   0   0   0   0   0   0 |     TAC   1   0   1   1   1   1 |     TGC   3   3   3   3   3   3
Leu TTA   0   0   0   0   0   0 |     TCA   2   2   2   2   2   2 | *** TAA   0   0   0   0   0   0 | *** TGA   0   0   0   0   0   0
    TTG   0   0   0   0   0   0 |     TCG   0   0   0   0   0   0 |     TAG   0   0   0   0   0   0 | Trp TGG   0   0   0   0   0   0
--------------------------------------------------------------------------------------------------------------------------------------
Leu CTT   0   0   0   0   0   0 | Pro CCT   3   3   3   4   3   3 | His CAT   0   0   0   0   0   0 | Arg CGT   1   1   1   1   1   1
    CTC   1   1   1   1   1   1 |     CCC   4   4   4   3   4   4 |     CAC   2   2   2   2   2   2 |     CGC   0   0   0   0   0   0
    CTA   1   1   1   1   1   1 |     CCA   0   0   0   0   0   0 | Gln CAA   0   1   0   0   0   0 |     CGA   0   0   0   0   0   0
    CTG   1   1   1   1   1   1 |     CCG   1   1   1   1   1   1 |     CAG   5   4   5   5   5   5 |     CGG   0   0   0   0   0   0
--------------------------------------------------------------------------------------------------------------------------------------
Ile ATT   3   3   3   3   3   3 | Thr ACT   0   0   0   0   0   0 | Asn AAT   6   6   6   6   6   6 | Ser AGT   0   0   0   0   0   0
    ATC   2   2   2   2   2   2 |     ACC   2   2   2   3   2   2 |     AAC   2   2   2   2   2   2 |     AGC   4   4   4   4   4   4
    ATA   2   2   2   2   2   2 |     ACA   2   2   2   1   2   2 | Lys AAA   3   3   3   3   3   3 | Arg AGA   1   1   1   2   1   1
Met ATG   4   4   4   4   4   4 |     ACG   1   1   1   1   1   1 |     AAG   6   6   6   6   6   6 |     AGG   2   2   2   1   2   2
--------------------------------------------------------------------------------------------------------------------------------------
Val GTT   4   4   4   4   4   4 | Ala GCT   0   0   0   0   0   0 | Asp GAT   6   6   6   6   6   6 | Gly GGT   2   2   2   2   2   2
    GTC   3   2   3   3   3   3 |     GCC   0   0   0   0   0   0 |     GAC   1   1   1   1   1   1 |     GGC   4   4   4   4   4   4
    GTA   1   2   1   1   1   1 |     GCA   2   2   2   2   2   2 | Glu GAA   2   2   1   2   2   2 |     GGA   3   3   3   3   3   3
    GTG   7   7   7   7   7   7 |     GCG   2   2   2   2   2   2 |     GAG   3   3   4   3   3   3 |     GGG   4   4   4   4   4   4
--------------------------------------------------------------------------------------------------------------------------------------

--------------------------------------------------------------------------------------------------------------------------------------
Phe TTT   6   6   6   6   5   6 | Ser TCT   1   1   1   1   1   1 | Tyr TAT   0   0   0   0   0   0 | Cys TGT   1   1   1   1   2   1
    TTC   6   6   6   6   7   6 |     TCC   0   0   0   0   0   0 |     TAC   1   1   1   1   1   1 |     TGC   3   3   3   3   2   3
Leu TTA   0   0   0   0   0   0 |     TCA   2   2   2   2   2   2 | *** TAA   0   0   0   0   0   0 | *** TGA   0   0   0   0   0   0
    TTG   0   0   0   0   0   0 |     TCG   0   0   0   0   0   0 |     TAG   0   0   0   0   0   0 | Trp TGG   0   0   0   0   0   0
--------------------------------------------------------------------------------------------------------------------------------------
Leu CTT   0   0   0   0   0   0 | Pro CCT   3   3   3   3   3   3 | His CAT   0   0   0   0   0   0 | Arg CGT   1   1   1   1   1   1
    CTC   1   1   1   1   1   1 |     CCC   5   4   4   4   4   4 |     CAC   2   2   2   2   2   2 |     CGC   0   0   0   0   0   0
    CTA   2   1   1   1   1   1 |     CCA   0   0   0   0   0   0 | Gln CAA   0   0   0   0   0   0 |     CGA   0   0   0   0   0   0
    CTG   0   1   1   1   1   1 |     CCG   0   1   1   1   1   1 |     CAG   5   5   5   5   5   5 |     CGG   0   0   0   0   0   0
--------------------------------------------------------------------------------------------------------------------------------------
Ile ATT   3   3   3   3   3   3 | Thr ACT   0   0   0   0   0   0 | Asn AAT   6   6   7   6   5   6 | Ser AGT   0   0   0   0   0   0
    ATC   2   2   2   2   2   2 |     ACC   2   2   2   2   2   2 |     AAC   2   2   1   2   3   2 |     AGC   4   4   4   4   4   4
    ATA   2   2   2   2   2   2 |     ACA   2   2   2   2   2   2 | Lys AAA   3   3   3   3   3   3 | Arg AGA   1   1   1   1   1   1
Met ATG   4   4   4   4   4   4 |     ACG   1   1   1   1   1   1 |     AAG   6   6   6   6   6   6 |     AGG   2   2   2   2   2   2
--------------------------------------------------------------------------------------------------------------------------------------
Val GTT   4   4   4   4   4   4 | Ala GCT   0   0   0   0   0   0 | Asp GAT   6   6   6   6   6   6 | Gly GGT   2   2   2   2   1   2
    GTC   3   3   3   3   3   3 |     GCC   0   0   0   0   0   0 |     GAC   1   1   1   1   1   1 |     GGC   4   4   4   4   4   4
    GTA   1   1   1   1   1   1 |     GCA   2   2   2   2   2   2 | Glu GAA   2   2   2   2   2   2 |     GGA   3   3   3   4   4   3
    GTG   7   7   7   7   7   7 |     GCG   2   2   2   2   2   2 |     GAG   3   3   3   3   3   3 |     GGG   4   4   4   3   4   4
--------------------------------------------------------------------------------------------------------------------------------------

--------------------------------------------------------------------------------------------------------------------------------------
Phe TTT   6   5   6   6   6   6 | Ser TCT   1   1   1   1   1   1 | Tyr TAT   0   0   0   0   0   0 | Cys TGT   1   1   1   1   1   1
    TTC   6   7   6   6   6   6 |     TCC   0   0   0   0   0   0 |     TAC   1   1   1   1   1   1 |     TGC   3   3   3   3   3   3
Leu TTA   0   0   0   0   0   0 |     TCA   2   2   2   2   2   2 | *** TAA   0   0   0   0   0   0 | *** TGA   0   0   0   0   0   0
    TTG   0   0   0   0   0   0 |     TCG   0   0   0   0   0   0 |     TAG   0   0   0   0   0   0 | Trp TGG   0   0   0   0   0   0
--------------------------------------------------------------------------------------------------------------------------------------
Leu CTT   0   0   0   0   0   0 | Pro CCT   3   4   3   3   3   3 | His CAT   0   0   0   0   0   0 | Arg CGT   1   1   1   1   1   1
    CTC   1   1   1   1   1   1 |     CCC   4   3   4   4   4   4 |     CAC   2   2   2   2   2   2 |     CGC   0   0   0   0   0   0
    CTA   1   1   1   1   1   1 |     CCA   0   0   0   0   0   0 | Gln CAA   0   0   0   0   0   0 |     CGA   0   0   0   0   0   0
    CTG   1   1   1   1   1   1 |     CCG   1   1   1   1   1   1 |     CAG   5   5   5   5   5   5 |     CGG   0   0   0   0   0   0
--------------------------------------------------------------------------------------------------------------------------------------
Ile ATT   3   3   3   3   3   3 | Thr ACT   0   0   0   0   0   0 | Asn AAT   6   6   6   6   6   6 | Ser AGT   0   0   0   0   0   0
    ATC   2   2   2   2   2   2 |     ACC   2   2   2   2   2   2 |     AAC   2   2   2   2   2   2 |     AGC   4   4   4   4   4   4
    ATA   2   2   2   2   2   2 |     ACA   2   2   2   2   2   2 | Lys AAA   3   3   3   3   3   3 | Arg AGA   1   1   1   1   1   1
Met ATG   4   4   4   4   4   4 |     ACG   1   1   1   1   1   1 |     AAG   6   6   6   6   6   6 |     AGG   2   2   2   2   2   2
--------------------------------------------------------------------------------------------------------------------------------------
Val GTT   4   4   4   4   4   4 | Ala GCT   0   0   0   0   0   0 | Asp GAT   6   6   6   6   6   6 | Gly GGT   2   2   2   2   2   2
    GTC   3   3   3   3   3   4 |     GCC   0   0   0   0   0   0 |     GAC   1   1   1   1   1   1 |     GGC   4   4   4   4   4   4
    GTA   1   1   1   1   1   1 |     GCA   2   2   2   2   2   2 | Glu GAA   2   2   1   2   2   2 |     GGA   3   3   3   3   4   3
    GTG   7   7   7   7   7   6 |     GCG   2   2   2   2   2   2 |     GAG   3   3   4   3   3   3 |     GGG   4   4   4   4   3   4
--------------------------------------------------------------------------------------------------------------------------------------

--------------------------------------------------------------------------------------------------------------------------------------
Phe TTT   6   6   6   6   5   6 | Ser TCT   1   1   1   1   1   1 | Tyr TAT   0   0   0   0   0   0 | Cys TGT   1   1   1   1   1   1
    TTC   6   6   6   6   7   6 |     TCC   0   0   0   0   0   0 |     TAC   1   1   1   1   1   1 |     TGC   3   3   3   3   3   3
Leu TTA   0   0   0   0   0   0 |     TCA   2   2   2   2   2   2 | *** TAA   0   0   0   0   0   0 | *** TGA   0   0   0   0   0   0
    TTG   0   0   0   0   0   0 |     TCG   0   0   0   0   0   0 |     TAG   0   0   0   0   0   0 | Trp TGG   0   0   0   0   0   0
--------------------------------------------------------------------------------------------------------------------------------------
Leu CTT   0   0   0   0   0   0 | Pro CCT   3   3   3   3   4   3 | His CAT   0   0   0   0   0   0 | Arg CGT   1   1   1   1   1   1
    CTC   1   1   1   1   1   1 |     CCC   4   4   4   4   3   4 |     CAC   2   2   2   2   2   2 |     CGC   0   0   0   0   0   0
    CTA   1   1   1   1   1   0 |     CCA   0   0   0   0   0   0 | Gln CAA   0   0   0   0   0   0 |     CGA   0   0   0   0   0   0
    CTG   1   1   1   1   1   2 |     CCG   1   1   1   1   1   1 |     CAG   5   5   5   5   5   5 |     CGG   0   0   0   0   0   0
--------------------------------------------------------------------------------------------------------------------------------------
Ile ATT   3   3   3   3   3   3 | Thr ACT   0   0   0   0   0   0 | Asn AAT   6   6   6   6   6   6 | Ser AGT   0   0   0   0   0   0
    ATC   2   2   2   2   2   2 |     ACC   2   3   2   2   2   2 |     AAC   2   2   2   2   2   2 |     AGC   4   4   4   4   4   4
    ATA   2   2   2   2   2   2 |     ACA   2   1   2   2   2   1 | Lys AAA   3   3   3   3   3   3 | Arg AGA   1   1   1   1   1   1
Met ATG   4   4   4   4   4   4 |     ACG   1   1   1   1   1   2 |     AAG   6   6   6   6   6   6 |     AGG   2   2   2   2   2   2
--------------------------------------------------------------------------------------------------------------------------------------
Val GTT   4   4   4   4   4   4 | Ala GCT   0   0   0   0   0   0 | Asp GAT   6   6   6   6   6   6 | Gly GGT   2   2   2   2   2   2
    GTC   3   3   3   3   3   3 |     GCC   0   0   0   0   0   0 |     GAC   1   1   1   1   1   1 |     GGC   4   4   4   4   4   4
    GTA   1   1   1   1   1   1 |     GCA   2   2   2   2   2   2 | Glu GAA   2   2   2   2   2   2 |     GGA   3   3   3   3   3   3
    GTG   7   7   7   7   7   7 |     GCG   2   2   2   2   2   2 |     GAG   3   3   3   3   3   3 |     GGG   4   4   4   4   4   4
--------------------------------------------------------------------------------------------------------------------------------------

--------------------------------------------------------------------------------------------------------------------------------------
Phe TTT   6   6   6   6   6   6 | Ser TCT   1   0   1   1   1   1 | Tyr TAT   0   0   0   0   0   0 | Cys TGT   1   1   1   1   1   1
    TTC   6   6   6   6   6   6 |     TCC   1   1   0   0   0   0 |     TAC   1   1   1   1   1   1 |     TGC   2   3   3   3   3   3
Leu TTA   0   0   0   0   0   0 |     TCA   2   2   2   2   2   2 | *** TAA   0   0   0   0   0   0 | *** TGA   0   0   0   0   0   0
    TTG   0   0   0   0   0   0 |     TCG   0   0   0   0   0   0 |     TAG   0   0   0   0   0   0 | Trp TGG   0   0   0   0   0   0
--------------------------------------------------------------------------------------------------------------------------------------
Leu CTT   0   0   0   0   0   0 | Pro CCT   3   3   3   3   3   3 | His CAT   1   0   0   1   1   0 | Arg CGT   1   1   1   1   1   1
    CTC   1   1   1   1   1   1 |     CCC   4   4   4   4   4   4 |     CAC   1   2   2   1   1   2 |     CGC   0   0   0   0   0   0
    CTA   0   1   1   1   1   1 |     CCA   0   0   0   0   0   0 | Gln CAA   1   1   0   0   0   0 |     CGA   0   0   0   0   0   0
    CTG   1   1   1   1   1   1 |     CCG   0   1   1   1   1   1 |     CAG   4   4   5   5   5   5 |     CGG   0   0   0   0   0   0
--------------------------------------------------------------------------------------------------------------------------------------
Ile ATT   3   4   3   3   3   3 | Thr ACT   0   0   0   0   0   0 | Asn AAT   6   6   6   6   6   6 | Ser AGT   1   0   0   0   0   0
    ATC   2   1   2   2   2   2 |     ACC   2   2   2   2   2   2 |     AAC   2   2   2   2   2   2 |     AGC   4   4   4   4   4   4
    ATA   2   2   2   2   2   2 |     ACA   2   2   2   2   2   2 | Lys AAA   3   3   3   3   3   3 | Arg AGA   1   1   1   1   1   1
Met ATG   5   4   4   4   4   4 |     ACG   1   1   1   1   1   1 |     AAG   6   6   6   6   6   6 |     AGG   3   2   2   2   2   2
--------------------------------------------------------------------------------------------------------------------------------------
Val GTT   4   4   4   4   4   4 | Ala GCT   0   0   0   0   0   0 | Asp GAT   6   6   5   5   6   6 | Gly GGT   2   2   2   2   2   2
    GTC   3   3   3   3   3   3 |     GCC   0   0   0   0   0   0 |     GAC   1   1   2   2   1   1 |     GGC   4   4   4   5   4   4
    GTA   3   1   1   1   1   1 |     GCA   2   2   2   2   2   2 | Glu GAA   2   3   2   2   2   2 |     GGA   3   3   3   2   3   3
    GTG   5   7   7   7   7   7 |     GCG   2   2   2   2   2   2 |     GAG   3   2   3   3   3   3 |     GGG   3   4   4   4   4   4
--------------------------------------------------------------------------------------------------------------------------------------

Codon position x base (3x4) table for each sequence.

#1: Argali         
position  1:    T:0.16260    C:0.15447    A:0.32520    G:0.35772
position  2:    T:0.33333    C:0.16260    A:0.30081    G:0.20325
position  3:    T:0.26829    C:0.28455    A:0.14634    G:0.30081
Average         T:0.25474    C:0.20054    A:0.25745    G:0.28726

#2: LesserMouseDeer
position  1:    T:0.16260    C:0.15447    A:0.32520    G:0.35772
position  2:    T:0.33333    C:0.16260    A:0.30081    G:0.20325
position  3:    T:0.26016    C:0.30081    A:0.17886    G:0.26016
Average         T:0.25203    C:0.20596    A:0.26829    G:0.27371

#3: LesserKudu     
position  1:    T:0.16260    C:0.15447    A:0.32520    G:0.35772
position  2:    T:0.33333    C:0.16260    A:0.30081    G:0.20325
position  3:    T:0.26829    C:0.28455    A:0.16260    G:0.28455
Average         T:0.25474    C:0.20054    A:0.26287    G:0.28184

#4: ForestMuskDeer2
position  1:    T:0.16260    C:0.15447    A:0.32520    G:0.35772
position  2:    T:0.33333    C:0.16260    A:0.30081    G:0.20325
position  3:    T:0.26829    C:0.29268    A:0.14634    G:0.29268
Average         T:0.25474    C:0.20325    A:0.25745    G:0.28455

#5: Camel          
position  1:    T:0.16260    C:0.15447    A:0.32520    G:0.35772
position  2:    T:0.33333    C:0.16260    A:0.30081    G:0.20325
position  3:    T:0.26829    C:0.29268    A:0.14634    G:0.29268
Average         T:0.25474    C:0.20325    A:0.25745    G:0.28455

#6: KillerWhale    
position  1:    T:0.16260    C:0.15447    A:0.32520    G:0.35772
position  2:    T:0.33333    C:0.16260    A:0.30081    G:0.20325
position  3:    T:0.26016    C:0.31707    A:0.15447    G:0.26829
Average         T:0.25203    C:0.21138    A:0.26016    G:0.27642

#7: DefassaWaterbuck
position  1:    T:0.16260    C:0.15447    A:0.32520    G:0.35772
position  2:    T:0.33333    C:0.16260    A:0.30081    G:0.20325
position  3:    T:0.26829    C:0.28455    A:0.15447    G:0.29268
Average         T:0.25474    C:0.20054    A:0.26016    G:0.28455

#8: Sheep          
position  1:    T:0.16260    C:0.15447    A:0.32520    G:0.35772
position  2:    T:0.33333    C:0.16260    A:0.30081    G:0.20325
position  3:    T:0.26829    C:0.28455    A:0.14634    G:0.30081
Average         T:0.25474    C:0.20054    A:0.25745    G:0.28726

#9: MaxwellsDuiker 
position  1:    T:0.16260    C:0.15447    A:0.32520    G:0.35772
position  2:    T:0.33333    C:0.16260    A:0.30081    G:0.20325
position  3:    T:0.26829    C:0.28455    A:0.16260    G:0.28455
Average         T:0.25474    C:0.20054    A:0.26287    G:0.28184

#10: GazellaPrzewalskyi
position  1:    T:0.16260    C:0.15447    A:0.32520    G:0.35772
position  2:    T:0.33333    C:0.16260    A:0.30081    G:0.20325
position  3:    T:0.26829    C:0.29268    A:0.15447    G:0.28455
Average         T:0.25474    C:0.20325    A:0.26016    G:0.28184

#11: MountainNyala  
position  1:    T:0.16260    C:0.15447    A:0.32520    G:0.35772
position  2:    T:0.33333    C:0.16260    A:0.30081    G:0.20325
position  3:    T:0.26016    C:0.29268    A:0.15447    G:0.29268
Average         T:0.25203    C:0.20325    A:0.26016    G:0.28455

#12: MuntiacusMuntjak
position  1:    T:0.16260    C:0.15447    A:0.32520    G:0.35772
position  2:    T:0.33333    C:0.16260    A:0.30081    G:0.20325
position  3:    T:0.27642    C:0.27642    A:0.16260    G:0.28455
Average         T:0.25745    C:0.19783    A:0.26287    G:0.28184

#13: goat           
position  1:    T:0.16260    C:0.15447    A:0.32520    G:0.35772
position  2:    T:0.33333    C:0.16260    A:0.30081    G:0.20325
position  3:    T:0.26829    C:0.28455    A:0.14634    G:0.30081
Average         T:0.25474    C:0.20054    A:0.25745    G:0.28726

#14: AfricanBuffalo 
position  1:    T:0.16260    C:0.15447    A:0.32520    G:0.35772
position  2:    T:0.33333    C:0.16260    A:0.30081    G:0.20325
position  3:    T:0.27642    C:0.27642    A:0.15447    G:0.29268
Average         T:0.25745    C:0.19783    A:0.26016    G:0.28455

#15: Topi           
position  1:    T:0.16260    C:0.15447    A:0.32520    G:0.35772
position  2:    T:0.33333    C:0.16260    A:0.30081    G:0.20325
position  3:    T:0.26829    C:0.28455    A:0.15447    G:0.29268
Average         T:0.25474    C:0.20054    A:0.26016    G:0.28455

#16: CommonDuiker   
position  1:    T:0.16260    C:0.15447    A:0.32520    G:0.35772
position  2:    T:0.33333    C:0.16260    A:0.30081    G:0.20325
position  3:    T:0.26829    C:0.28455    A:0.16260    G:0.28455
Average         T:0.25474    C:0.20054    A:0.26287    G:0.28184

#17: Suni           
position  1:    T:0.17073    C:0.14634    A:0.34959    G:0.33333
position  2:    T:0.32520    C:0.16260    A:0.30894    G:0.20325
position  3:    T:0.26016    C:0.29268    A:0.16260    G:0.28455
Average         T:0.25203    C:0.20054    A:0.27371    G:0.27371

#18: Springbuck     
position  1:    T:0.16260    C:0.15447    A:0.32520    G:0.35772
position  2:    T:0.33333    C:0.16260    A:0.30081    G:0.20325
position  3:    T:0.25203    C:0.30894    A:0.15447    G:0.28455
Average         T:0.24932    C:0.20867    A:0.26016    G:0.28184

#19: Okapi          
position  1:    T:0.16260    C:0.15447    A:0.32520    G:0.35772
position  2:    T:0.33333    C:0.16260    A:0.30081    G:0.20325
position  3:    T:0.27642    C:0.27642    A:0.15447    G:0.29268
Average         T:0.25745    C:0.19783    A:0.26016    G:0.28455

#20: Giraffe        
position  1:    T:0.16260    C:0.15447    A:0.32520    G:0.35772
position  2:    T:0.33333    C:0.16260    A:0.30081    G:0.20325
position  3:    T:0.27642    C:0.27642    A:0.15447    G:0.29268
Average         T:0.25745    C:0.19783    A:0.26016    G:0.28455

#21: TibetanAntelope
position  1:    T:0.16260    C:0.15447    A:0.32520    G:0.35772
position  2:    T:0.33333    C:0.16260    A:0.30081    G:0.20325
position  3:    T:0.25203    C:0.30081    A:0.13821    G:0.30894
Average         T:0.24932    C:0.20596    A:0.25474    G:0.28997

#22: Sitatunga      
position  1:    T:0.16260    C:0.15447    A:0.32520    G:0.35772
position  2:    T:0.33333    C:0.16260    A:0.30081    G:0.20325
position  3:    T:0.26016    C:0.29268    A:0.15447    G:0.29268
Average         T:0.25203    C:0.20325    A:0.26016    G:0.28455

#23: Oribi          
position  1:    T:0.16260    C:0.15447    A:0.32520    G:0.35772
position  2:    T:0.33333    C:0.16260    A:0.30081    G:0.20325
position  3:    T:0.26829    C:0.29268    A:0.15447    G:0.28455
Average         T:0.25474    C:0.20325    A:0.26016    G:0.28184

#24: BarbarySheep   
position  1:    T:0.16260    C:0.15447    A:0.32520    G:0.35772
position  2:    T:0.33333    C:0.16260    A:0.30081    G:0.20325
position  3:    T:0.26016    C:0.29268    A:0.14634    G:0.30081
Average         T:0.25203    C:0.20325    A:0.25745    G:0.28726

#25: Daviddeer      
position  1:    T:0.16260    C:0.15447    A:0.32520    G:0.35772
position  2:    T:0.33333    C:0.16260    A:0.30081    G:0.20325
position  3:    T:0.26829    C:0.28455    A:0.15447    G:0.29268
Average         T:0.25474    C:0.20054    A:0.26016    G:0.28455

#26: Reindeer       
position  1:    T:0.16260    C:0.15447    A:0.32520    G:0.35772
position  2:    T:0.33333    C:0.16260    A:0.30081    G:0.20325
position  3:    T:0.27642    C:0.26829    A:0.17073    G:0.28455
Average         T:0.25745    C:0.19512    A:0.26558    G:0.28184

#27: Ibex           
position  1:    T:0.16260    C:0.15447    A:0.32520    G:0.35772
position  2:    T:0.33333    C:0.16260    A:0.30081    G:0.20325
position  3:    T:0.26829    C:0.28455    A:0.14634    G:0.30081
Average         T:0.25474    C:0.20054    A:0.25745    G:0.28726

#28: GyrantGazelle  
position  1:    T:0.16260    C:0.15447    A:0.32520    G:0.35772
position  2:    T:0.33333    C:0.16260    A:0.30081    G:0.20325
position  3:    T:0.27642    C:0.28455    A:0.15447    G:0.28455
Average         T:0.25745    C:0.20054    A:0.26016    G:0.28184

#29: Hartebeest     
position  1:    T:0.16260    C:0.15447    A:0.32520    G:0.35772
position  2:    T:0.33333    C:0.16260    A:0.30081    G:0.20325
position  3:    T:0.26829    C:0.28455    A:0.15447    G:0.29268
Average         T:0.25474    C:0.20054    A:0.26016    G:0.28455

#30: Bongo          
position  1:    T:0.16260    C:0.15447    A:0.32520    G:0.35772
position  2:    T:0.33333    C:0.16260    A:0.30081    G:0.20325
position  3:    T:0.26829    C:0.28455    A:0.15447    G:0.29268
Average         T:0.25474    C:0.20054    A:0.26016    G:0.28455

#31: Gerenuk        
position  1:    T:0.16260    C:0.15447    A:0.32520    G:0.35772
position  2:    T:0.33333    C:0.16260    A:0.30081    G:0.20325
position  3:    T:0.26829    C:0.29268    A:0.16260    G:0.27642
Average         T:0.25474    C:0.20325    A:0.26287    G:0.27913

#32: CommonEland    
position  1:    T:0.16260    C:0.15447    A:0.32520    G:0.35772
position  2:    T:0.33333    C:0.16260    A:0.30081    G:0.20325
position  3:    T:0.26829    C:0.28455    A:0.15447    G:0.29268
Average         T:0.25474    C:0.20054    A:0.26016    G:0.28455

#33: MuntiacusReevesi
position  1:    T:0.16260    C:0.15447    A:0.32520    G:0.35772
position  2:    T:0.33333    C:0.16260    A:0.30081    G:0.20325
position  3:    T:0.27642    C:0.27642    A:0.15447    G:0.29268
Average         T:0.25745    C:0.19783    A:0.26016    G:0.28455

#34: HarveysDuiker  
position  1:    T:0.16260    C:0.15447    A:0.32520    G:0.35772
position  2:    T:0.33333    C:0.16260    A:0.30081    G:0.20325
position  3:    T:0.26829    C:0.28455    A:0.16260    G:0.28455
Average         T:0.25474    C:0.20054    A:0.26287    G:0.28184

#35: Pronghorn      
position  1:    T:0.16260    C:0.15447    A:0.32520    G:0.35772
position  2:    T:0.33333    C:0.16260    A:0.30081    G:0.20325
position  3:    T:0.25203    C:0.29268    A:0.16260    G:0.29268
Average         T:0.24932    C:0.20325    A:0.26287    G:0.28455

#36: BlueWildebeest 
position  1:    T:0.16260    C:0.15447    A:0.32520    G:0.35772
position  2:    T:0.33333    C:0.16260    A:0.30081    G:0.20325
position  3:    T:0.26829    C:0.28455    A:0.15447    G:0.29268
Average         T:0.25474    C:0.20054    A:0.26016    G:0.28455

#37: Gemsbok        
position  1:    T:0.16260    C:0.15447    A:0.32520    G:0.35772
position  2:    T:0.33333    C:0.16260    A:0.30081    G:0.20325
position  3:    T:0.26829    C:0.28455    A:0.15447    G:0.29268
Average         T:0.25474    C:0.20054    A:0.26016    G:0.28455

#38: Yak            
position  1:    T:0.16260    C:0.15447    A:0.32520    G:0.35772
position  2:    T:0.33333    C:0.16260    A:0.30081    G:0.20325
position  3:    T:0.26829    C:0.28455    A:0.15447    G:0.29268
Average         T:0.25474    C:0.20054    A:0.26016    G:0.28455

#39: BlueSheep      
position  1:    T:0.16260    C:0.15447    A:0.32520    G:0.35772
position  2:    T:0.33333    C:0.16260    A:0.30081    G:0.20325
position  3:    T:0.26829    C:0.28455    A:0.14634    G:0.30081
Average         T:0.25474    C:0.20054    A:0.25745    G:0.28726

#40: BohorReedbuck  
position  1:    T:0.16260    C:0.15447    A:0.32520    G:0.35772
position  2:    T:0.33333    C:0.16260    A:0.30081    G:0.20325
position  3:    T:0.26829    C:0.28455    A:0.15447    G:0.29268
Average         T:0.25474    C:0.20054    A:0.26016    G:0.28455

#41: KirksDik       
position  1:    T:0.16260    C:0.15447    A:0.32520    G:0.35772
position  2:    T:0.33333    C:0.16260    A:0.30081    G:0.20325
position  3:    T:0.26829    C:0.28455    A:0.16260    G:0.28455
Average         T:0.25474    C:0.20054    A:0.26287    G:0.28184

#42: RoeDeer        
position  1:    T:0.16260    C:0.15447    A:0.32520    G:0.35772
position  2:    T:0.33333    C:0.16260    A:0.30081    G:0.20325
position  3:    T:0.26829    C:0.29268    A:0.15447    G:0.28455
Average         T:0.25474    C:0.20325    A:0.26016    G:0.28184

#43: WhiteLippedDeer
position  1:    T:0.16260    C:0.15447    A:0.32520    G:0.35772
position  2:    T:0.33333    C:0.16260    A:0.30081    G:0.20325
position  3:    T:0.26829    C:0.28455    A:0.15447    G:0.29268
Average         T:0.25474    C:0.20054    A:0.26016    G:0.28455

#44: ThomsonGazelle 
position  1:    T:0.16260    C:0.15447    A:0.32520    G:0.35772
position  2:    T:0.33333    C:0.16260    A:0.30081    G:0.20325
position  3:    T:0.26829    C:0.29268    A:0.14634    G:0.29268
Average         T:0.25474    C:0.20325    A:0.25745    G:0.28455

#45: MuntiacusCrinifrons
position  1:    T:0.16260    C:0.15447    A:0.32520    G:0.35772
position  2:    T:0.33333    C:0.16260    A:0.30081    G:0.20325
position  3:    T:0.26829    C:0.28455    A:0.15447    G:0.29268
Average         T:0.25474    C:0.20054    A:0.26016    G:0.28455

#46: WhiteTailedDeer
position  1:    T:0.16260    C:0.15447    A:0.32520    G:0.35772
position  2:    T:0.33333    C:0.16260    A:0.30081    G:0.20325
position  3:    T:0.26829    C:0.28455    A:0.15447    G:0.29268
Average         T:0.25474    C:0.20054    A:0.26016    G:0.28455

#47: Cattle         
position  1:    T:0.16260    C:0.15447    A:0.32520    G:0.35772
position  2:    T:0.33333    C:0.16260    A:0.30081    G:0.20325
position  3:    T:0.26829    C:0.28455    A:0.15447    G:0.29268
Average         T:0.25474    C:0.20054    A:0.26016    G:0.28455

#48: RoyalAntelope  
position  1:    T:0.16260    C:0.15447    A:0.32520    G:0.35772
position  2:    T:0.33333    C:0.16260    A:0.30081    G:0.20325
position  3:    T:0.26829    C:0.28455    A:0.13821    G:0.30894
Average         T:0.25474    C:0.20054    A:0.25474    G:0.28997

#49: Steenbok       
position  1:    T:0.16260    C:0.13821    A:0.34959    G:0.34959
position  2:    T:0.33333    C:0.16260    A:0.30081    G:0.20325
position  3:    T:0.28455    C:0.27642    A:0.17073    G:0.26829
Average         T:0.26016    C:0.19241    A:0.27371    G:0.27371

#50: Impala         
position  1:    T:0.16260    C:0.15447    A:0.32520    G:0.35772
position  2:    T:0.33333    C:0.16260    A:0.30081    G:0.20325
position  3:    T:0.26829    C:0.28455    A:0.17073    G:0.27642
Average         T:0.25474    C:0.20054    A:0.26558    G:0.27913

#51: Klipspringer   
position  1:    T:0.16260    C:0.15447    A:0.32520    G:0.35772
position  2:    T:0.33333    C:0.16260    A:0.30081    G:0.20325
