CODONML (in paml version 4.10.7, June 2023)  /home/rachel/ruminants_paml/6406-phy-tree/ENSBTAT00000039415.fasta.phy
Model: free dN/dS Ratios for branches,  kappa = 2.000 fixed

Codon frequency model: F3x4
ns =  54  ls = 158

Codon usage in sequences
--------------------------------------------------------------------------------------------------------------------------------------
Phe TTT   5   5   5   5   3   5 | Ser TCT   2   2   1   1   2   2 | Tyr TAT   2   2   3   2   1   2 | Cys TGT   0   0   0   0   0   0
    TTC   4   4   4   4   6   4 |     TCC   2   2   2   3   1   2 |     TAC   3   3   2   3   4   3 |     TGC   0   0   0   0   0   0
Leu TTA   1   1   1   1   0   1 |     TCA   0   1   0   1   1   0 | *** TAA   0   0   0   0   0   0 | *** TGA   0   0   0   0   0   0
    TTG   4   5   4   4   5   5 |     TCG   1   0   2   0   1   1 |     TAG   0   0   0   0   0   0 | Trp TGG   1   1   1   1   1   1
--------------------------------------------------------------------------------------------------------------------------------------
Leu CTT   5   5   5   6   4   4 | Pro CCT   3   3   3   3   3   2 | His CAT   1   2   1   1   1   1 | Arg CGT   1   1   1   1   2   0
    CTC   3   4   3   3   5   6 |     CCC   2   2   2   2   1   4 |     CAC   2   2   2   2   2   2 |     CGC   1   1   1   1   0   2
    CTA   3   3   3   3   2   2 |     CCA   4   2   3   3   5   2 | Gln CAA   0   0   0   0   0   1 |     CGA   1   2   1   1   1   1
    CTG  11   9  11  10  11   9 |     CCG   1   3   2   2   1   2 |     CAG   9   9   9   9   9   8 |     CGG   0   0   0   0   0   0
--------------------------------------------------------------------------------------------------------------------------------------
Ile ATT   1   3   1   1   2   3 | Thr ACT   4   3   4   4   3   4 | Asn AAT   6   5   6   6   6   5 | Ser AGT   2   1   2   2   1   1
    ATC   6   4   6   6   5   4 |     ACC   4   4   4   4   5   4 |     AAC  11  11  11  11  11  12 |     AGC   2   3   2   2   3   3
    ATA   3   2   3   3   3   3 |     ACA   4   4   4   3   1   2 | Lys AAA   3   3   3   3   2   3 | Arg AGA   1   0   1   1   1   1
Met ATG   1   1   1   1   1   1 |     ACG   0   1   0   1   3   2 |     AAG   4   4   4   4   5   4 |     AGG   0   0   0   0   0   0
--------------------------------------------------------------------------------------------------------------------------------------
Val GTT   2   1   2   2   2   2 | Ala GCT   2   2   2   2   2   2 | Asp GAT   4   4   4   4   4   4 | Gly GGT   1   1   1   1   1   2
    GTC   2   2   2   2   2   2 |     GCC   0   0   0   0   0   0 |     GAC   2   2   2   2   2   2 |     GGC   1   2   1   1   2   0
    GTA   0   1   0   0   0   0 |     GCA   3   3   3   3   3   3 | Glu GAA   5   5   5   5   5   5 |     GGA   3   2   3   3   2   3
    GTG   3   4   3   3   3   3 |     GCG   0   0   0   0   0   0 |     GAG   5   5   5   5   5   5 |     GGG   1   1   1   1   1   1
--------------------------------------------------------------------------------------------------------------------------------------

--------------------------------------------------------------------------------------------------------------------------------------
Phe TTT   5   5   5   5   5   5 | Ser TCT   1   2   1   2   2   1 | Tyr TAT   2   2   2   1   3   2 | Cys TGT   0   0   0   0   0   0
    TTC   4   4   4   4   4   4 |     TCC   3   2   3   1   1   3 |     TAC   3   3   3   4   2   3 |     TGC   0   0   0   0   0   0
Leu TTA   1   1   1   1   1   1 |     TCA   0   0   0   0   0   0 | *** TAA   0   0   0   0   0   0 | *** TGA   0   0   0   0   0   0
    TTG   4   4   4   4   4   5 |     TCG   1   1   1   2   2   1 |     TAG   0   0   0   0   0   0 | Trp TGG   1   1   1   1   1   1
--------------------------------------------------------------------------------------------------------------------------------------
Leu CTT   5   5   5   5   5   6 | Pro CCT   3   3   3   3   3   3 | His CAT   1   1   1   1   1   1 | Arg CGT   1   1   1   1   1   1
    CTC   3   3   3   3   3   3 |     CCC   2   2   2   2   2   2 |     CAC   2   2   2   2   2   2 |     CGC   1   1   1   1   1   1
    CTA   3   3   3   3   3   3 |     CCA   3   4   4   4   3   4 | Gln CAA   0   0   0   0   0   0 |     CGA   1   1   1   1   1   1
    CTG  11  11  11  11  11   9 |     CCG   2   1   1   1   2   1 |     CAG   9   9   9   9   9   9 |     CGG   0   0   0   0   0   0
--------------------------------------------------------------------------------------------------------------------------------------
Ile ATT   1   1   1   2   1   1 | Thr ACT   4   4   4   4   4   4 | Asn AAT   6   6   6   6   6   6 | Ser AGT   2   2   2   1   2   2
    ATC   6   6   6   5   6   6 |     ACC   4   4   4   4   4   4 |     AAC  11  11  11  11  11  11 |     AGC   2   2   2   3   2   2
    ATA   3   3   3   3   3   3 |     ACA   3   4   3   4   3   2 | Lys AAA   3   3   3   3   3   3 | Arg AGA   1   1   1   1   1   1
Met ATG   1   1   1   1   1   1 |     ACG   1   0   1   0   1   2 |     AAG   4   4   4   4   4   4 |     AGG   0   0   0   0   0   0
--------------------------------------------------------------------------------------------------------------------------------------
Val GTT   1   2   2   2   2   2 | Ala GCT   2   2   2   2   2   2 | Asp GAT   4   4   4   4   4   3 | Gly GGT   1   1   1   1   1   1
    GTC   3   2   2   2   2   2 |     GCC   0   0   0   0   0   0 |     GAC   2   2   2   2   2   3 |     GGC   1   1   1   1   1   1
    GTA   0   0   0   0   0   0 |     GCA   3   3   3   3   3   3 | Glu GAA   5   5   5   5   5   5 |     GGA   3   3   3   3   3   3
    GTG   3   3   3   3   3   3 |     GCG   0   0   0   0   0   0 |     GAG   5   5   5   5   5   5 |     GGG   1   1   1   1   1   1
--------------------------------------------------------------------------------------------------------------------------------------

--------------------------------------------------------------------------------------------------------------------------------------
Phe TTT   5   5   5   5   5   5 | Ser TCT   2   1   1   1   1   2 | Tyr TAT   2   3   2   2   1   2 | Cys TGT   0   0   0   0   0   0
    TTC   4   4   4   4   4   4 |     TCC   2   3   3   3   3   1 |     TAC   3   2   3   3   4   3 |     TGC   0   0   0   0   0   0
Leu TTA   1   2   1   2   1   2 |     TCA   0   1   1   0   0   0 | *** TAA   0   0   0   0   0   0 | *** TGA   0   0   0   0   0   0
    TTG   4   3   4   3   4   4 |     TCG   1   0   0   1   1   2 |     TAG   0   0   0   0   0   0 | Trp TGG   1   1   1   1   1   1
--------------------------------------------------------------------------------------------------------------------------------------
Leu CTT   5   5   5   5   5   5 | Pro CCT   3   3   3   3   3   3 | His CAT   1   1   1   1   2   1 | Arg CGT   1   1   1   1   1   1
    CTC   3   3   3   3   4   3 |     CCC   2   2   2   2   2   2 |     CAC   2   2   2   2   1   2 |     CGC   1   1   1   1   1   1
    CTA   3   3   3   3   3   2 |     CCA   4   3   4   4   3   4 | Gln CAA   0   0   0   0   0   0 |     CGA   1   1   1   1   1   1
    CTG  11  11  11  11  10  11 |     CCG   1   2   1   1   2   1 |     CAG   9   9   9   9   9   9 |     CGG   0   0   0   0   0   0
--------------------------------------------------------------------------------------------------------------------------------------
Ile ATT   1   1   1   1   2   1 | Thr ACT   4   4   4   4   4   4 | Asn AAT   6   6   6   6   7   6 | Ser AGT   2   2   2   2   2   1
    ATC   6   6   6   6   5   6 |     ACC   4   4   4   4   4   4 |     AAC  11  11  11  11  10  11 |     AGC   2   2   2   2   2   3
    ATA   3   3   3   3   3   3 |     ACA   3   3   3   3   3   4 | Lys AAA   3   3   3   3   3   3 | Arg AGA   1   1   1   1   1   1
Met ATG   1   1   1   1   1   1 |     ACG   1   1   1   1   1   0 |     AAG   4   4   4   4   4   4 |     AGG   0   0   0   0   0   0
--------------------------------------------------------------------------------------------------------------------------------------
Val GTT   2   2   2   2   2   2 | Ala GCT   2   2   2   2   2   2 | Asp GAT   4   4   4   4   4   4 | Gly GGT   1   1   1   1   2   2
    GTC   2   2   2   2   2   2 |     GCC   0   0   0   0   0   0 |     GAC   2   2   2   2   2   2 |     GGC   1   1   1   1   0   0
    GTA   0   0   0   0   0   0 |     GCA   3   3   3   3   2   3 | Glu GAA   5   5   5   5   5   5 |     GGA   3   3   3   3   3   3
    GTG   3   3   3   3   3   3 |     GCG   0   0   0   0   1   0 |     GAG   5   5   5   5   5   5 |     GGG   1   1   1   1   1   1
--------------------------------------------------------------------------------------------------------------------------------------

--------------------------------------------------------------------------------------------------------------------------------------
Phe TTT   5   5   5   5   5   5 | Ser TCT   2   2   2   2   2   2 | Tyr TAT   2   2   2   3   2   2 | Cys TGT   0   0   0   0   0   0
    TTC   4   4   4   4   4   4 |     TCC   2   2   2   1   1   2 |     TAC   3   3   3   2   3   3 |     TGC   0   0   0   0   0   0
Leu TTA   1   1   1   1   1   1 |     TCA   0   0   0   0   0   0 | *** TAA   0   0   0   0   0   0 | *** TGA   0   0   0   0   0   0
    TTG   4   4   4   4   4   5 |     TCG   1   1   1   2   2   1 |     TAG   0   0   0   0   0   0 | Trp TGG   1   1   1   1   1   1
--------------------------------------------------------------------------------------------------------------------------------------
Leu CTT   6   6   5   5   5   5 | Pro CCT   3   3   3   3   3   3 | His CAT   1   1   1   1   1   1 | Arg CGT   1   1   1   1   1   1
    CTC   3   3   3   3   3   3 |     CCC   2   2   2   2   2   2 |     CAC   2   2   2   2   2   2 |     CGC   1   1   1   1   1   1
    CTA   3   4   3   3   3   3 |     CCA   3   3   4   3   4   4 | Gln CAA   0   0   0   0   0   0 |     CGA   1   1   1   1   1   1
    CTG  10   9  11  11  11  10 |     CCG   2   2   1   2   1   1 |     CAG   9   9   9   9   9   9 |     CGG   0   0   0   0   0   0
--------------------------------------------------------------------------------------------------------------------------------------
Ile ATT   2   1   1   1   1   1 | Thr ACT   4   4   4   4   3   4 | Asn AAT   6   6   6   7   6   6 | Ser AGT   2   2   3   2   2   2
    ATC   5   6   6   6   6   6 |     ACC   4   4   4   4   4   4 |     AAC  11  11  11  10  11  11 |     AGC   2   2   1   2   3   2
    ATA   3   3   3   3   3   3 |     ACA   3   3   4   3   4   3 | Lys AAA   3   3   3   3   3   3 | Arg AGA   1   1   1   1   1   1
Met ATG   1   1   1   1   1   1 |     ACG   1   1   0   1   0   1 |     AAG   4   4   4   4   4   4 |     AGG   0   0   0   0   0   0
--------------------------------------------------------------------------------------------------------------------------------------
Val GTT   2   2   2   2   2   2 | Ala GCT   2   2   2   2   2   2 | Asp GAT   4   4   4   4   4   4 | Gly GGT   1   1   1   1   1   1
    GTC   2   2   2   2   2   2 |     GCC   0   0   0   0   0   0 |     GAC   2   2   2   2   2   2 |     GGC   1   1   1   1   1   1
    GTA   0   0   1   0   0   0 |     GCA   3   3   3   3   3   3 | Glu GAA   5   5   5   5   5   5 |     GGA   3   3   3   3   3   3
    GTG   3   3   2   3   3   3 |     GCG   0   0   0   0   0   0 |     GAG   5   5   5   5   5   5 |     GGG   1   1   1   1   1   1
--------------------------------------------------------------------------------------------------------------------------------------

--------------------------------------------------------------------------------------------------------------------------------------
Phe TTT   5   5   5   5   5   5 | Ser TCT   1   1   2   2   1   1 | Tyr TAT   2   2   2   1   2   3 | Cys TGT   0   0   0   0   0   0
    TTC   4   4   4   4   4   4 |     TCC   3   3   2   1   3   2 |     TAC   3   3   3   4   3   2 |     TGC   0   0   0   0   0   0
Leu TTA   1   1   1   1   1   1 |     TCA   1   0   0   0   1   0 | *** TAA   0   0   0   0   0   0 | *** TGA   0   0   0   0   0   0
    TTG   4   5   4   4   4   4 |     TCG   0   1   1   2   0   2 |     TAG   0   0   0   0   0   0 | Trp TGG   1   1   1   1   1   1
--------------------------------------------------------------------------------------------------------------------------------------
Leu CTT   6   6   5   5   5   5 | Pro CCT   3   3   3   3   3   3 | His CAT   1   1   1   1   1   1 | Arg CGT   1   1   1   1   1   1
    CTC   3   3   3   3   3   3 |     CCC   2   2   2   2   2   2 |     CAC   2   2   2   2   2   2 |     CGC   1   1   1   1   1   1
    CTA   3   3   3   3   3   3 |     CCA   4   4   4   4   4   3 | Gln CAA   0   0   0   0   0   0 |     CGA   1   1   1   1   1   1
    CTG  10   9  11  11  11  11 |     CCG   1   1   1   1   1   2 |     CAG   9   9   9   9   9   9 |     CGG   0   0   0   0   0   0
--------------------------------------------------------------------------------------------------------------------------------------
Ile ATT   1   1   1   1   1   2 | Thr ACT   4   4   4   4   4   4 | Asn AAT   7   6   6   6   6   6 | Ser AGT   2   2   2   1   2   2
    ATC   6   6   6   6   6   5 |     ACC   4   4   4   4   4   4 |     AAC  10  11  11  11  11  11 |     AGC   2   2   2   3   2   2
    ATA   3   3   3   3   3   3 |     ACA   3   2   3   4   3   3 | Lys AAA   3   3   3   3   3   3 | Arg AGA   1   1   1   1   1   1
Met ATG   1   1   1   1   1   1 |     ACG   1   2   1   0   1   1 |     AAG   4   4   4   4   4   4 |     AGG   0   0   0   0   0   0
--------------------------------------------------------------------------------------------------------------------------------------
Val GTT   2   2   2   2   2   2 | Ala GCT   2   2   2   2   2   2 | Asp GAT   4   4   4   4   4   4 | Gly GGT   1   1   1   1   1   1
    GTC   2   2   2   2   2   2 |     GCC   0   0   0   0   0   0 |     GAC   2   2   2   2   2   2 |     GGC   1   1   1   1   1   1
    GTA   0   0   0   0   0   0 |     GCA   3   3   3   3   3   3 | Glu GAA   5   5   5   5   5   5 |     GGA   3   3   3   3   3   3
    GTG   3   3   3   3   3   3 |     GCG   0   0   0   0   0   0 |     GAG   5   5   5   5   5   5 |     GGG   1   1   1   1   1   1
--------------------------------------------------------------------------------------------------------------------------------------

--------------------------------------------------------------------------------------------------------------------------------------
Phe TTT   5   5   5   5   5   5 | Ser TCT   2   1   1   1   1   1 | Tyr TAT   2   3   2   2   2   2 | Cys TGT   0   0   0   0   0   0
    TTC   4   4   4   4   4   4 |     TCC   1   2   3   3   3   3 |     TAC   3   2   3   3   3   3 |     TGC   0   0   0   0   0   0
Leu TTA   2   1   1   2   1   1 |     TCA   0   0   0   0   0   1 | *** TAA   0   0   0   0   0   0 | *** TGA   0   0   0   0   0   0
    TTG   4   4   4   3   4   4 |     TCG   2   2   1   1   1   0 |     TAG   0   0   0   0   0   0 | Trp TGG   1   1   1   1   1   1
--------------------------------------------------------------------------------------------------------------------------------------
Leu CTT   5   5   6   5   6   5 | Pro CCT   3   3   3   2   3   3 | His CAT   1   0   1   1   1   1 | Arg CGT   1   1   1   1   1   1
    CTC   3   3   3   3   3   3 |     CCC   2   2   2   3   2   2 |     CAC   2   3   2   2   2   2 |     CGC   1   1   1   1   1   1
    CTA   2   3   3   3   2   3 |     CCA   4   3   4   4   3   4 | Gln CAA   0   1   0   0   1   1 |     CGA   1   1   1   1   1   1
    CTG  11  11  10  11  11  11 |     CCG   1   2   1   1   2   1 |     CAG   9   8   9   9   8   8 |     CGG   0   0   0   0   0   0
--------------------------------------------------------------------------------------------------------------------------------------
Ile ATT   1   1   1   3   2   1 | Thr ACT   4   4   4   4   4   4 | Asn AAT   6   6   6   6   5   6 | Ser AGT   1   2   2   2   3   2
    ATC   6   6   6   4   5   6 |     ACC   4   4   4   4   5   4 |     AAC  11  11  11  11  11  11 |     AGC   3   2   2   2   2   2
    ATA   3   3   3   3   3   3 |     ACA   4   3   2   3   3   3 | Lys AAA   3   3   3   3   3   3 | Arg AGA   1   1   1   1   1   1
Met ATG   1   1   1   1   1   1 |     ACG   0   1   2   1   0   1 |     AAG   4   4   4   4   4   4 |     AGG   0   0   0   0   0   0
--------------------------------------------------------------------------------------------------------------------------------------
Val GTT   2   2   2   2   2   2 | Ala GCT   2   2   2   2   2   2 | Asp GAT   4   4   3   4   4   4 | Gly GGT   1   1   1   1   1   1
    GTC   2   2   2   2   2   2 |     GCC   0   0   0   0   0   0 |     GAC   2   2   3   2   2   2 |     GGC   1   1   1   1   1   1
    GTA   0   0   0   0   0   0 |     GCA   3   3   3   3   3   3 | Glu GAA   5   5   5   5   5   5 |     GGA   3   3   3   3   3   3
    GTG   3   3   3   3   3   3 |     GCG   0   0   0   0   0   0 |     GAG   5   5   5   5   5   5 |     GGG   1   1   1   1   1   1
--------------------------------------------------------------------------------------------------------------------------------------

--------------------------------------------------------------------------------------------------------------------------------------
Phe TTT   5   5   5   5   5   5 | Ser TCT   1   1   2   1   2   2 | Tyr TAT   1   3   2   2   2   2 | Cys TGT   0   0   0   0   0   0
    TTC   4   4   4   4   4   4 |     TCC   3   3   2   3   1   2 |     TAC   4   2   3   3   3   3 |     TGC   0   0   0   0   0   0
Leu TTA   1   2   1   1   1   1 |     TCA   0   0   0   0   0   0 | *** TAA   0   0   0   0   0   0 | *** TGA   0   0   0   0   0   0
    TTG   4   3   4   4   5   4 |     TCG   1   1   1   1   2   1 |     TAG   0   0   0   0   0   0 | Trp TGG   1   1   1   1   1   1
--------------------------------------------------------------------------------------------------------------------------------------
Leu CTT   5   5   5   5   5   6 | Pro CCT   3   3   3   3   3   2 | His CAT   1   1   1   1   1   1 | Arg CGT   1   1   1   1   1   0
    CTC   3   3   3   3   3   3 |     CCC   2   2   2   2   2   3 |     CAC   2   2   2   2   2   2 |     CGC   1   1   1   1   1   2
    CTA   3   3   3   3   3   3 |     CCA   4   3   4   3   4   3 | Gln CAA   0   0   0   0   0   0 |     CGA   1   1   1   1   1   1
    CTG  11  11  11  11  10  10 |     CCG   1   2   1   2   1   2 |     CAG   9   9   9   9   9   9 |     CGG   0   0   0   0   0   0
--------------------------------------------------------------------------------------------------------------------------------------
Ile ATT   1   1   1   1   1   1 | Thr ACT   4   4   4   4   4   4 | Asn AAT   6   6   6   6   5   6 | Ser AGT   2   2   2   2   3   2
    ATC   6   6   6   6   6   5 |     ACC   4   4   4   4   4   4 |     AAC  11  11  11  11  11  11 |     AGC   2   2   2   2   2   2
    ATA   3   3   3   3   3   3 |     ACA   3   3   3   3   4   3 | Lys AAA   3   3   3   3   3   3 | Arg AGA   1   1   1   1   1   1
Met ATG   1   1   1   1   1   1 |     ACG   1   1   1   1   0   1 |     AAG   4   4   4   4   4   4 |     AGG   0   0   0   0   0   0
--------------------------------------------------------------------------------------------------------------------------------------
Val GTT   2   2   2   2   2   2 | Ala GCT   2   2   2   2   2   2 | Asp GAT   4   4   4   4   4   4 | Gly GGT   1   1   1   2   1   1
    GTC   2   2   2   2   2   3 |     GCC   0   0   0   0   0   0 |     GAC   2   2   2   2   2   2 |     GGC   1   1   1   0   1   1
    GTA   0   1   0   0   0   0 |     GCA   3   3   3   3   3   2 | Glu GAA   4   5   5   5   5   5 |     GGA   3   3   3   3   3   3
    GTG   3   2   3   3   3   3 |     GCG   0   0   0   0   0   1 |     GAG   6   5   5   5   5   5 |     GGG   1   1   1   1   1   1
--------------------------------------------------------------------------------------------------------------------------------------

--------------------------------------------------------------------------------------------------------------------------------------
Phe TTT   5   4   5   5   5   5 | Ser TCT   1   2   2   2   1   1 | Tyr TAT   2   2   2   2   3   1 | Cys TGT   0   0   0   0   0   0
    TTC   4   5   4   4   4   4 |     TCC   3   1   2   2   3   3 |     TAC   3   3   3   3   2   4 |     TGC   0   0   0   0   0   0
Leu TTA   1   1   1   1   2   1 |     TCA   1   0   0   0   0   0 | *** TAA   0   0   0   0   0   0 | *** TGA   0   0   0   0   0   0
    TTG   4   4   4   4   3   4 |     TCG   0   2   1   1   1   1 |     TAG   0   0   0   0   0   0 | Trp TGG   1   1   1   1   1   1
--------------------------------------------------------------------------------------------------------------------------------------
Leu CTT   6   5   6   6   5   5 | Pro CCT   3   3   3   3   3   3 | His CAT   1   1   1   1   1   1 | Arg CGT   1   1   1   1   1   1
    CTC   3   4   3   3   3   3 |     CCC   2   2   2   2   2   2 |     CAC   2   2   2   2   2   2 |     CGC   1   1   1   1   1   1
    CTA   3   3   3   3   3   3 |     CCA   4   4   4   4   2   4 | Gln CAA   0   0   0   0   0   0 |     CGA   1   1   1   1   1   1
    CTG  10  10  10  10  11  11 |     CCG   1   1   1   1   3   1 |     CAG   9   9   9   9   9   9 |     CGG   0   0   0   0   0   0
--------------------------------------------------------------------------------------------------------------------------------------
Ile ATT   1   1   1   1   1   2 | Thr ACT   4   4   4   4   4   5 | Asn AAT   6   6   6   6   6   7 | Ser AGT   2   1   2   2   2   2
    ATC   6   6   6   6   6   5 |     ACC   4   4   4   4   4   3 |     AAC  11  11  11  11  11  10 |     AGC   2   3   2   2   2   2
    ATA   3   3   3   3   3   3 |     ACA   3   4   2   3   3   3 | Lys AAA   3   3   3   3   3   3 | Arg AGA   1   1   1   1   1   1
Met ATG   1   1   1   1   1   1 |     ACG   1   0   2   1   1   1 |     AAG   4   4   4   4   4   4 |     AGG   0   0   0   0   0   0
--------------------------------------------------------------------------------------------------------------------------------------
Val GTT   2   2   2   2   2   2 | Ala GCT   2   2   2   2   2   2 | Asp GAT   4   4   3   4   4   4 | Gly GGT   1   1   1   1   1   1
    GTC   2   2   2   2   2   2 |     GCC   0   0   0   0   0   0 |     GAC   2   2   3   2   2   2 |     GGC   1   1   1   1   1   1
    GTA   0   0   0   0   1   0 |     GCA   3   3   3   3   3   3 | Glu GAA   5   5   6   5   4   5 |     GGA   3   3   3   3   3   3
    GTG   3   3   3   3   2   3 |     GCG   0   0   0   0   0   0 |     GAG   5   5   4   5   6   5 |     GGG   1   1   1   1   1   1
--------------------------------------------------------------------------------------------------------------------------------------

--------------------------------------------------------------------------------------------------------------------------------------
Phe TTT   5   5   5   5   5   5 | Ser TCT   2   2   2   1   1   1 | Tyr TAT   2   2   1   2   3   3 | Cys TGT   0   0   0   0   0   0
    TTC   4   4   4   4   4   4 |     TCC   1   2   2   3   2   2 |     TAC   3   3   4   3   2   2 |     TGC   0   0   0   0   0   0
Leu TTA   1   1   1   1   1   1 |     TCA   0   0   0   1   0   0 | *** TAA   0   0   0   0   0   0 | *** TGA   0   0   0   0   0   0
    TTG   4   4   4   4   4   4 |     TCG   2   1   1   0   2   2 |     TAG   0   0   0   0   0   0 | Trp TGG   1   1   1   1   1   1
--------------------------------------------------------------------------------------------------------------------------------------
Leu CTT   5   5   5   6   5   5 | Pro CCT   3   3   3   3   3   3 | His CAT   1   1   1   1   1   1 | Arg CGT   1   1   1   1   1   1
    CTC   3   3   3   3   3   3 |     CCC   2   2   2   2   2   2 |     CAC   2   2   2   2   2   2 |     CGC   1   1   1   1   1   1
    CTA   3   3   3   3   3   3 |     CCA   4   3   4   3   3   3 | Gln CAA   0   0   0   0   1   1 |     CGA   1   1   1   1   1   1
    CTG  11  11  11  10  11  11 |     CCG   1   2   1   2   2   2 |     CAG   9   9   9   9   8   8 |     CGG   0   0   0   0   0   0
--------------------------------------------------------------------------------------------------------------------------------------
Ile ATT   1   2   2   1   2   1 | Thr ACT   4   4   4   4   5   4 | Asn AAT   7   6   7   6   6   6 | Ser AGT   1   2   2   2   2   2
    ATC   6   5   5   6   5   6 |     ACC   4   4   4   4   3   4 |     AAC  10  11  10  11  11  11 |     AGC   3   2   2   2   2   2
    ATA   3   3   3   3   3   3 |     ACA   4   3   3   3   3   4 | Lys AAA   3   3   3   3   3   3 | Arg AGA   1   1   1   1   1   1
Met ATG   1   1   1   1   1   1 |     ACG   0   1   1   1   1   0 |     AAG   4   4   4   4   4   4 |     AGG   0   0   0   0   0   0
--------------------------------------------------------------------------------------------------------------------------------------
Val GTT   2   2   2   2   2   2 | Ala GCT   2   2   2   2   2   2 | Asp GAT   4   4   4   4   4   4 | Gly GGT   1   1   1   1   2   1
    GTC   2   2   2   2   2   2 |     GCC   1   0   0   0   0   0 |     GAC   2   2   2   2   2   2 |     GGC   1   1   1   1   0   1
    GTA   0   0   0   0   0   0 |     GCA   2   3   3   3   3   3 | Glu GAA   5   5   5   5   5   5 |     GGA   3   3   3   3   3   3
    GTG   3   3   3   3   3   3 |     GCG   0   0   0   0   0   0 |     GAG   5   5   5   5   5   5 |     GGG   1   1   1   1   1   1
--------------------------------------------------------------------------------------------------------------------------------------

Codon position x base (3x4) table for each sequence.

#1: Argali         
position  1:    T:0.15823    C:0.29747    A:0.32911    G:0.21519
position  2:    T:0.34177    C:0.20253    A:0.36076    G:0.09494
position  3:    T:0.25949    C:0.28481    A:0.19620    G:0.25949
Average         T:0.25316    C:0.26160    A:0.29536    G:0.18987

#2: LesserMouseDeer
position  1:    T:0.16456    C:0.30380    A:0.31013    G:0.22152
position  2:    T:0.34177    C:0.20253    A:0.36076    G:0.09494
position  3:    T:0.25316    C:0.29114    A:0.18354    G:0.27215
Average         T:0.25316    C:0.26582    A:0.28481    G:0.19620

#3: LesserKudu     
position  1:    T:0.15823    C:0.29747    A:0.32911    G:0.21519
position  2:    T:0.34177    C:0.20253    A:0.36076    G:0.09494
position  3:    T:0.25949    C:0.27848    A:0.18987    G:0.27215
Average         T:0.25316    C:0.25949    A:0.29325    G:0.19409

#4: ForestMuskDeer2
position  1:    T:0.15823    C:0.29747    A:0.32911    G:0.21519
position  2:    T:0.34177    C:0.20253    A:0.36076    G:0.09494
position  3:    T:0.25949    C:0.29114    A:0.18987    G:0.25949
Average         T:0.25316    C:0.26371    A:0.29325    G:0.18987

#5: Camel          
position  1:    T:0.15823    C:0.29747    A:0.32911    G:0.21519
position  2:    T:0.34177    C:0.20253    A:0.36076    G:0.09494
position  3:    T:0.23418    C:0.31013    A:0.16456    G:0.29114
Average         T:0.24473    C:0.27004    A:0.28481    G:0.20042

#6: KillerWhale    
position  1:    T:0.16456    C:0.29114    A:0.32911    G:0.21519
position  2:    T:0.34177    C:0.20253    A:0.36076    G:0.09494
position  3:    T:0.24684    C:0.31646    A:0.17089    G:0.26582
Average         T:0.25105    C:0.27004    A:0.28692    G:0.19198

#7: DefassaWaterbuck
position  1:    T:0.15823    C:0.29747    A:0.32911    G:0.21519
position  2:    T:0.34177    C:0.20253    A:0.36076    G:0.09494
position  3:    T:0.24684    C:0.29747    A:0.18354    G:0.27215
Average         T:0.24895    C:0.26582    A:0.29114    G:0.19409

#8: Sheep          
position  1:    T:0.15823    C:0.29747    A:0.32911    G:0.21519
position  2:    T:0.34177    C:0.20253    A:0.36076    G:0.09494
position  3:    T:0.25949    C:0.28481    A:0.19620    G:0.25949
Average         T:0.25316    C:0.26160    A:0.29536    G:0.18987

#9: MaxwellsDuiker 
position  1:    T:0.15823    C:0.29747    A:0.32911    G:0.21519
position  2:    T:0.34177    C:0.20253    A:0.36076    G:0.09494
position  3:    T:0.25316    C:0.29114    A:0.18987    G:0.26582
Average         T:0.25105    C:0.26371    A:0.29325    G:0.19198

#10: GazellaPrzewalskyi
position  1:    T:0.15823    C:0.29747    A:0.32911    G:0.21519
position  2:    T:0.34177    C:0.20253    A:0.36076    G:0.09494
position  3:    T:0.25316    C:0.28481    A:0.19620    G:0.26582
Average         T:0.25105    C:0.26160    A:0.29536    G:0.19198

#11: MountainNyala  
position  1:    T:0.15823    C:0.29747    A:0.32911    G:0.21519
position  2:    T:0.34177    C:0.20253    A:0.36076    G:0.09494
position  3:    T:0.26582    C:0.27215    A:0.18354    G:0.27848
Average         T:0.25527    C:0.25738    A:0.29114    G:0.19620

#12: MuntiacusMuntjak
position  1:    T:0.16456    C:0.29114    A:0.32911    G:0.21519
position  2:    T:0.34177    C:0.20253    A:0.36076    G:0.09494
position  3:    T:0.25316    C:0.29747    A:0.18354    G:0.26582
Average         T:0.25316    C:0.26371    A:0.29114    G:0.19198

#13: goat           
position  1:    T:0.15823    C:0.29747    A:0.32911    G:0.21519
position  2:    T:0.34177    C:0.20253    A:0.36076    G:0.09494
position  3:    T:0.25949    C:0.28481    A:0.18987    G:0.26582
Average         T:0.25316    C:0.26160    A:0.29325    G:0.19198

#14: AfricanBuffalo 
position  1:    T:0.15823    C:0.29747    A:0.32911    G:0.21519
position  2:    T:0.34177    C:0.20253    A:0.36076    G:0.09494
position  3:    T:0.25949    C:0.28481    A:0.19620    G:0.25949
Average         T:0.25316    C:0.26160    A:0.29536    G:0.18987

#15: Topi           
position  1:    T:0.15823    C:0.29747    A:0.32911    G:0.21519
position  2:    T:0.34177    C:0.20253    A:0.36076    G:0.09494
position  3:    T:0.25316    C:0.29114    A:0.19620    G:0.25949
Average         T:0.25105    C:0.26371    A:0.29536    G:0.18987

#16: CommonDuiker   
position  1:    T:0.15823    C:0.29747    A:0.32911    G:0.21519
position  2:    T:0.34177    C:0.20253    A:0.36076    G:0.09494
position  3:    T:0.25316    C:0.29114    A:0.19620    G:0.25949
Average         T:0.25105    C:0.26371    A:0.29536    G:0.18987

#17: Suni           
position  1:    T:0.15823    C:0.29747    A:0.32911    G:0.21519
position  2:    T:0.34177    C:0.20253    A:0.36076    G:0.09494
position  3:    T:0.27215    C:0.27848    A:0.17722    G:0.27215
Average         T:0.25738    C:0.25949    A:0.28903    G:0.19409

#18: Springbuck     
position  1:    T:0.16456    C:0.29114    A:0.32911    G:0.21519
position  2:    T:0.34177    C:0.20253    A:0.36076    G:0.09494
position  3:    T:0.25949    C:0.27848    A:0.19620    G:0.26582
Average         T:0.25527    C:0.25738    A:0.29536    G:0.19198

#19: Okapi          
position  1:    T:0.15823    C:0.29747    A:0.32911    G:0.21519
position  2:    T:0.34177    C:0.20253    A:0.36076    G:0.09494
position  3:    T:0.27215    C:0.27848    A:0.18354    G:0.26582
Average         T:0.25738    C:0.25949    A:0.29114    G:0.19198

#20: Giraffe        
position  1:    T:0.15823    C:0.29747    A:0.32911    G:0.21519
position  2:    T:0.34177    C:0.20253    A:0.36076    G:0.09494
position  3:    T:0.26582    C:0.28481    A:0.18987    G:0.25949
Average         T:0.25527    C:0.26160    A:0.29325    G:0.18987

#21: TibetanAntelope
position  1:    T:0.15823    C:0.29747    A:0.32911    G:0.21519
position  2:    T:0.34177    C:0.20253    A:0.36076    G:0.09494
position  3:    T:0.26582    C:0.27848    A:0.20253    G:0.25316
Average         T:0.25527    C:0.25949    A:0.29747    G:0.18776

#22: Sitatunga      
position  1:    T:0.15823    C:0.29747    A:0.32911    G:0.21519
position  2:    T:0.34177    C:0.20253    A:0.36076    G:0.09494
position  3:    T:0.27215    C:0.26582    A:0.18354    G:0.27848
Average         T:0.25738    C:0.25527    A:0.29114    G:0.19620

#23: Oribi          
position  1:    T:0.15823    C:0.29747    A:0.32911    G:0.21519
position  2:    T:0.34177    C:0.19620    A:0.36076    G:0.10127
position  3:    T:0.25316    C:0.28481    A:0.19620    G:0.26582
Average         T:0.25105    C:0.25949    A:0.29536    G:0.19409

#24: BarbarySheep   
position  1:    T:0.16456    C:0.29114    A:0.32911    G:0.21519
position  2:    T:0.34177    C:0.20253    A:0.36076    G:0.09494
position  3:    T:0.25949    C:0.28481    A:0.18987    G:0.26582
Average         T:0.25527    C:0.25949    A:0.29325    G:0.19198

#25: Daviddeer      
position  1:    T:0.15823    C:0.29747    A:0.32911    G:0.21519
position  2:    T:0.34177    C:0.20253    A:0.36076    G:0.09494
position  3:    T:0.26582    C:0.28481    A:0.19620    G:0.25316
Average         T:0.25527    C:0.26160    A:0.29536    G:0.18776

#26: Reindeer       
position  1:    T:0.16456    C:0.29114    A:0.32911    G:0.21519
position  2:    T:0.34177    C:0.20253    A:0.36076    G:0.09494
position  3:    T:0.25949    C:0.29114    A:0.18354    G:0.26582
Average         T:0.25527    C:0.26160    A:0.29114    G:0.19198

#27: Ibex           
position  1:    T:0.15823    C:0.29747    A:0.32911    G:0.21519
position  2:    T:0.34177    C:0.20253    A:0.36076    G:0.09494
position  3:    T:0.25949    C:0.28481    A:0.18987    G:0.26582
Average         T:0.25316    C:0.26160    A:0.29325    G:0.19198

#28: GyrantGazelle  
position  1:    T:0.15823    C:0.29747    A:0.32911    G:0.21519
position  2:    T:0.34177    C:0.20253    A:0.36076    G:0.09494
position  3:    T:0.24684    C:0.29114    A:0.19620    G:0.26582
Average         T:0.24895    C:0.26371    A:0.29536    G:0.19198

#29: Hartebeest     
position  1:    T:0.15823    C:0.29747    A:0.32911    G:0.21519
position  2:    T:0.34177    C:0.20253    A:0.36076    G:0.09494
position  3:    T:0.25316    C:0.29114    A:0.19620    G:0.25949
Average         T:0.25105    C:0.26371    A:0.29536    G:0.18987

#30: Bongo          
position  1:    T:0.15823    C:0.29747    A:0.32911    G:0.21519
position  2:    T:0.34177    C:0.20253    A:0.36076    G:0.09494
position  3:    T:0.26582    C:0.27215    A:0.18354    G:0.27848
Average         T:0.25527    C:0.25738    A:0.29114    G:0.19620

#31: Gerenuk        
position  1:    T:0.16456    C:0.29114    A:0.32911    G:0.21519
position  2:    T:0.34177    C:0.20253    A:0.36076    G:0.09494
position  3:    T:0.25316    C:0.28481    A:0.19620    G:0.26582
Average         T:0.25316    C:0.25949    A:0.29536    G:0.19198

#32: CommonEland    
position  1:    T:0.15823    C:0.29747    A:0.32911    G:0.21519
position  2:    T:0.34177    C:0.20253    A:0.36076    G:0.09494
position  3:    T:0.25316    C:0.28481    A:0.18987    G:0.27215
Average         T:0.25105    C:0.26160    A:0.29325    G:0.19409

#33: MuntiacusReevesi
position  1:    T:0.15823    C:0.29747    A:0.32911    G:0.21519
position  2:    T:0.34177    C:0.20253    A:0.36076    G:0.09494
position  3:    T:0.25316    C:0.29747    A:0.18354    G:0.26582
Average         T:0.25105    C:0.26582    A:0.29114    G:0.19198

#34: HarveysDuiker  
position  1:    T:0.15823    C:0.29747    A:0.32911    G:0.21519
position  2:    T:0.34177    C:0.20253    A:0.36076    G:0.09494
position  3:    T:0.25949    C:0.28481    A:0.19620    G:0.25949
Average         T:0.25316    C:0.26160    A:0.29536    G:0.18987

#35: Pronghorn      
position  1:    T:0.15823    C:0.29747    A:0.32911    G:0.21519
position  2:    T:0.34177    C:0.20253    A:0.35443    G:0.10127
position  3:    T:0.26582    C:0.29114    A:0.18354    G:0.25949
Average         T:0.25527    C:0.26371    A:0.28903    G:0.19198

#36: BlueWildebeest 
position  1:    T:0.15823    C:0.29747    A:0.32911    G:0.21519
position  2:    T:0.34177    C:0.20253    A:0.36076    G:0.09494
position  3:    T:0.25316    C:0.29114    A:0.20253    G:0.25316
Average         T:0.25105    C:0.26371    A:0.29747    G:0.18776

#37: Gemsbok        
position  1:    T:0.15823    C:0.29747    A:0.32911    G:0.21519
position  2:    T:0.34177    C:0.20253    A:0.36076    G:0.09494
position  3:    T:0.24684    C:0.29747    A:0.18354    G:0.27215
Average         T:0.24895    C:0.26582    A:0.29114    G:0.19409

#38: Yak            
position  1:    T:0.15823    C:0.29747    A:0.32911    G:0.21519
position  2:    T:0.34177    C:0.20253    A:0.36076    G:0.09494
position  3:    T:0.25949    C:0.28481    A:0.19620    G:0.25949
Average         T:0.25316    C:0.26160    A:0.29536    G:0.18987

#39: BlueSheep      
position  1:    T:0.15823    C:0.29747    A:0.32911    G:0.21519
position  2:    T:0.34177    C:0.20253    A:0.36076    G:0.09494
position  3:    T:0.25949    C:0.28481    A:0.18987    G:0.26582
Average         T:0.25316    C:0.26160    A:0.29325    G:0.19198

#40: BohorReedbuck  
position  1:    T:0.15823    C:0.29747    A:0.32911    G:0.21519
position  2:    T:0.34177    C:0.20253    A:0.36076    G:0.09494
position  3:    T:0.25949    C:0.28481    A:0.18354    G:0.27215
Average         T:0.25316    C:0.26160    A:0.29114    G:0.19409

#41: KirksDik       
position  1:    T:0.16456    C:0.29114    A:0.32911    G:0.21519
position  2:    T:0.34177    C:0.20253    A:0.35443    G:0.10127
position  3:    T:0.25949    C:0.27848    A:0.19620    G:0.26582
Average         T:0.25527    C:0.25738    A:0.29325    G:0.19409

#42: RoeDeer        
position  1:    T:0.15823    C:0.29747    A:0.32278    G:0.22152
position  2:    T:0.34177    C:0.20253    A:0.36076    G:0.09494
position  3:    T:0.25316    C:0.29747    A:0.17722    G:0.27215
Average         T:0.25105    C:0.26582    A:0.28692    G:0.19620

#43: WhiteLippedDeer
position  1:    T:0.15823    C:0.29747    A:0.32911    G:0.21519
position  2:    T:0.34177    C:0.20253    A:0.36076    G:0.09494
position  3:    T:0.25949    C:0.29114    A:0.19620    G:0.25316
Average         T:0.25316    C:0.26371    A:0.29536    G:0.18776

#44: ThomsonGazelle 
position  1:    T:0.15823    C:0.29747    A:0.32911    G:0.21519
position  2:    T:0.34177    C:0.20253    A:0.36076    G:0.09494
position  3:    T:0.24684    C:0.29747    A:0.19620    G:0.25949
Average         T:0.24895    C:0.26582    A:0.29536    G:0.18987

#45: MuntiacusCrinifrons
position  1:    T:0.15823    C:0.29747    A:0.32911    G:0.21519
position  2:    T:0.34177    C:0.20253    A:0.36076    G:0.09494
position  3:    T:0.25949    C:0.29114    A:0.18987    G:0.25949
Average         T:0.25316    C:0.26371    A:0.29325    G:0.18987

#46: WhiteTailedDeer
position  1:    T:0.15823    C:0.29747    A:0.32911    G:0.21519
position  2:    T:0.34177    C:0.20253    A:0.36076    G:0.09494
position  3:    T:0.26582    C:0.28481    A:0.18987    G:0.25949
Average         T:0.25527    C:0.26160    A:0.29325    G:0.18987

#47: Cattle         
position  1:    T:0.15823    C:0.29747    A:0.32911    G:0.21519
position  2:    T:0.34177    C:0.20253    A:0.36076    G:0.09494
position  3:    T:0.25949    C:0.28481    A:0.18354    G:0.27215
Average         T:0.25316    C:0.26160    A:0.29114    G:0.19409

#48: RoyalAntelope  
position  1:    T:0.15823    C:0.29747    A:0.32911    G:0.21519
position  2:    T:0.34177    C:0.20253    A:0.36076    G:0.09494
position  3:    T:0.26582    C:0.27848    A:0.18987    G:0.26582
Average         T:0.25527    C:0.25949    A:0.29325    G:0.19198

#49: Steenbok       
position  1:    T:0.15823    C:0.29747    A:0.32911    G:0.21519
position  2:    T:0.34177    C:0.20253    A:0.36076    G:0.09494
position  3:    T:0.25949    C:0.28481    A:0.18987    G:0.26582
Average         T:0.25316    C:0.26160    A:0.29325    G:0.19198

#50: Impala         
position  1:    T:0.15823    C:0.29747    A:0.32911    G:0.21519
position  2:    T:0.34177    C:0.20253    A:0.36076    G:0.09494
position  3:    T:0.26582    C:0.27848    A:0.18354    G:0.27215
Average         T:0.25527    C:0.25949    A:0.29114    G:0.19409

#51: Klipspringer   
position  1:    T:0.15823    C:0.29747    A:0.32911    G:0.21519
position  2:    T:0.34177    C:0.20253    A:0.36076    G:0.09494
