CODONML (in paml version 4.10.7, June 2023)  /home/rachel/ruminants_paml/6406-phy-tree/ENSBTAT00000026895.fasta.phy
Model: free dN/dS Ratios for branches,  kappa = 2.000 fixed

Codon frequency model: F3x4
ns =  54  ls =  37

Codon usage in sequences
--------------------------------------------------------------------------------------------------------------------------------------
Phe TTT   3   2   3   3   3   3 | Ser TCT   0   0   0   0   0   0 | Tyr TAT   0   0   0   0   0   0 | Cys TGT   0   0   0   0   0   0
    TTC   0   1   0   0   0   0 |     TCC   2   2   2   2   2   2 |     TAC   0   0   0   0   0   0 |     TGC   0   0   0   0   0   0
Leu TTA   2   1   2   2   2   2 |     TCA   0   0   0   0   0   0 | *** TAA   0   0   0   0   0   0 | *** TGA   0   0   0   0   0   0
    TTG   0   0   0   0   0   0 |     TCG   0   0   0   0   0   0 |     TAG   0   0   0   0   0   0 | Trp TGG   1   1   1   1   1   1
--------------------------------------------------------------------------------------------------------------------------------------
Leu CTT   0   0   0   0   0   0 | Pro CCT   2   1   2   2   2   3 | His CAT   0   0   0   0   0   0 | Arg CGT   0   0   0   0   0   0
    CTC   0   0   0   0   1   0 |     CCC   1   2   2   1   0   0 |     CAC   1   1   1   1   1   1 |     CGC   0   1   0   0   0   0
    CTA   0   1   0   0   0   0 |     CCA   3   1   2   3   4   3 | Gln CAA   0   0   0   0   0   0 |     CGA   1   0   1   1   1   1
    CTG   1   1   1   1   0   1 |     CCG   0   2   0   0   0   0 |     CAG   1   1   1   1   1   1 |     CGG   0   0   0   0   0   0
--------------------------------------------------------------------------------------------------------------------------------------
Ile ATT   0   0   0   0   0   0 | Thr ACT   0   0   0   0   0   0 | Asn AAT   0   0   0   0   0   0 | Ser AGT   0   0   0   0   0   0
    ATC   0   0   0   0   0   0 |     ACC   0   0   0   0   0   0 |     AAC   2   2   2   2   2   2 |     AGC   0   0   0   0   0   0
    ATA   0   0   0   0   0   0 |     ACA   0   0   0   0   0   1 | Lys AAA   0   0   0   0   0   0 | Arg AGA   0   0   0   0   0   0
Met ATG   1   1   1   1   1   1 |     ACG   3   3   3   3   3   2 |     AAG   0   0   0   0   0   0 |     AGG   0   0   0   0   0   0
--------------------------------------------------------------------------------------------------------------------------------------
Val GTT   1   0   1   1   1   1 | Ala GCT   0   0   0   0   0   0 | Asp GAT   1   0   0   0   0   0 | Gly GGT   0   0   0   0   0   0
    GTC   0   0   0   0   0   0 |     GCC   1   1   1   1   1   1 |     GAC   1   2   2   2   2   2 |     GGC   0   0   0   0   0   0
    GTA   0   0   0   0   0   0 |     GCA   3   3   3   3   3   3 | Glu GAA   3   1   3   3   3   3 |     GGA   1   1   1   1   1   1
    GTG   0   1   0   0   0   0 |     GCG   0   0   0   0   0   0 |     GAG   2   4   2   2   2   2 |     GGG   0   0   0   0   0   0
--------------------------------------------------------------------------------------------------------------------------------------

--------------------------------------------------------------------------------------------------------------------------------------
Phe TTT   3   3   3   3   3   3 | Ser TCT   0   0   0   0   0   0 | Tyr TAT   0   0   0   0   0   0 | Cys TGT   0   0   0   0   0   0
    TTC   0   0   0   0   0   0 |     TCC   2   2   2   2   2   2 |     TAC   0   0   0   0   0   0 |     TGC   0   0   0   0   0   0
Leu TTA   2   2   2   2   2   2 |     TCA   0   0   0   0   0   0 | *** TAA   0   0   0   0   0   0 | *** TGA   0   0   0   0   0   0
    TTG   0   0   0   0   0   0 |     TCG   0   0   0   0   0   0 |     TAG   0   0   0   0   0   0 | Trp TGG   1   1   1   1   1   1
--------------------------------------------------------------------------------------------------------------------------------------
Leu CTT   0   0   0   0   0   0 | Pro CCT   2   2   2   2   2   2 | His CAT   0   0   0   0   0   0 | Arg CGT   0   0   0   0   0   0
    CTC   0   0   0   0   0   0 |     CCC   1   1   1   1   2   1 |     CAC   1   1   1   1   1   1 |     CGC   0   0   0   0   0   0
    CTA   0   0   0   0   0   0 |     CCA   3   3   3   3   2   3 | Gln CAA   0   0   0   0   0   0 |     CGA   1   1   1   1   1   1
    CTG   1   1   1   1   1   1 |     CCG   0   0   0   0   0   0 |     CAG   1   1   1   1   1   1 |     CGG   0   0   0   0   0   0
--------------------------------------------------------------------------------------------------------------------------------------
Ile ATT   0   0   0   0   0   0 | Thr ACT   0   0   0   0   0   0 | Asn AAT   0   0   0   0   0   0 | Ser AGT   0   0   0   0   0   0
    ATC   0   0   0   0   0   0 |     ACC   0   0   0   0   0   0 |     AAC   2   2   2   2   2   2 |     AGC   0   0   0   0   0   0
    ATA   0   0   0   0   0   0 |     ACA   0   0   1   0   0   0 | Lys AAA   0   0   0   0   0   0 | Arg AGA   0   0   0   0   0   0
Met ATG   1   1   1   1   1   1 |     ACG   3   3   2   3   3   3 |     AAG   0   0   0   0   0   0 |     AGG   0   0   0   0   0   0
--------------------------------------------------------------------------------------------------------------------------------------
Val GTT   1   1   1   1   1   1 | Ala GCT   0   0   0   1   0   0 | Asp GAT   1   1   1   1   0   0 | Gly GGT   0   0   0   0   0   0
    GTC   0   0   0   0   0   0 |     GCC   1   1   1   0   1   1 |     GAC   1   1   1   1   2   2 |     GGC   0   0   0   0   0   0
    GTA   0   0   0   0   0   0 |     GCA   3   3   3   3   3   2 | Glu GAA   3   3   3   3   3   3 |     GGA   1   1   1   1   1   1
    GTG   0   0   0   0   0   0 |     GCG   0   0   0   0   0   1 |     GAG   2   2   2   2   2   2 |     GGG   0   0   0   0   0   0
--------------------------------------------------------------------------------------------------------------------------------------

--------------------------------------------------------------------------------------------------------------------------------------
Phe TTT   3   3   3   3   3   3 | Ser TCT   0   0   0   0   0   0 | Tyr TAT   0   0   0   0   0   0 | Cys TGT   0   0   0   0   0   0
    TTC   0   0   0   0   0   0 |     TCC   2   2   2   2   2   2 |     TAC   0   0   0   0   0   0 |     TGC   0   0   0   0   0   0
Leu TTA   2   2   2   2   2   2 |     TCA   0   0   0   0   0   0 | *** TAA   0   0   0   0   0   0 | *** TGA   0   0   0   0   0   0
    TTG   0   0   0   0   0   0 |     TCG   0   0   0   0   0   0 |     TAG   0   0   0   0   0   0 | Trp TGG   1   1   1   1   1   1
--------------------------------------------------------------------------------------------------------------------------------------
Leu CTT   0   0   0   0   0   0 | Pro CCT   2   2   2   2   2   2 | His CAT   0   0   0   0   0   0 | Arg CGT   0   0   0   0   0   0
    CTC   0   0   0   0   0   0 |     CCC   1   1   1   1   1   1 |     CAC   1   1   1   1   1   1 |     CGC   0   0   0   0   0   0
    CTA   0   0   0   0   0   0 |     CCA   3   3   3   3   3   3 | Gln CAA   0   0   0   0   0   0 |     CGA   1   1   1   1   1   1
    CTG   1   1   1   1   1   1 |     CCG   0   0   0   0   0   0 |     CAG   1   1   1   1   1   1 |     CGG   0   0   0   0   0   0
--------------------------------------------------------------------------------------------------------------------------------------
Ile ATT   0   0   0   0   0   0 | Thr ACT   0   0   0   0   0   0 | Asn AAT   0   0   0   0   0   0 | Ser AGT   0   0   0   0   0   0
    ATC   0   0   0   0   0   0 |     ACC   0   0   0   0   0   0 |     AAC   2   2   2   2   2   2 |     AGC   0   0   0   0   0   0
    ATA   0   0   0   0   0   0 |     ACA   0   0   0   0   0   0 | Lys AAA   0   0   0   0   0   0 | Arg AGA   0   0   0   0   0   0
Met ATG   1   1   1   1   1   1 |     ACG   3   3   3   3   3   3 |     AAG   0   0   0   0   0   0 |     AGG   0   0   0   0   0   0
--------------------------------------------------------------------------------------------------------------------------------------
Val GTT   1   1   1   1   1   1 | Ala GCT   0   0   0   0   0   0 | Asp GAT   1   0   1   1   0   1 | Gly GGT   0   0   0   0   0   0
    GTC   0   0   0   0   0   0 |     GCC   1   1   1   1   1   1 |     GAC   1   2   1   1   2   1 |     GGC   0   0   0   0   0   0
    GTA   0   0   0   0   0   0 |     GCA   3   3   3   3   3   3 | Glu GAA   3   3   3   3   3   3 |     GGA   1   1   1   1   1   1
    GTG   0   0   0   0   0   0 |     GCG   0   0   0   0   0   0 |     GAG   2   2   2   2   2   2 |     GGG   0   0   0   0   0   0
--------------------------------------------------------------------------------------------------------------------------------------

--------------------------------------------------------------------------------------------------------------------------------------
Phe TTT   3   3   3   3   3   3 | Ser TCT   0   0   0   0   0   0 | Tyr TAT   0   0   0   0   0   0 | Cys TGT   0   0   0   0   0   0
    TTC   0   0   0   0   0   0 |     TCC   2   2   2   2   2   2 |     TAC   0   0   0   0   0   0 |     TGC   0   0   0   0   0   0
Leu TTA   2   2   1   2   2   2 |     TCA   0   0   0   0   0   0 | *** TAA   0   0   0   0   0   0 | *** TGA   0   0   0   0   0   0
    TTG   0   0   1   0   0   0 |     TCG   0   0   0   0   0   0 |     TAG   0   0   0   0   0   0 | Trp TGG   1   1   1   1   1   1
--------------------------------------------------------------------------------------------------------------------------------------
Leu CTT   0   0   0   0   0   0 | Pro CCT   2   2   2   2   2   2 | His CAT   0   0   0   0   0   0 | Arg CGT   0   0   0   0   0   0
    CTC   0   0   0   0   0   0 |     CCC   1   1   1   2   1   1 |     CAC   1   1   1   1   1   1 |     CGC   0   0   0   0   0   0
    CTA   0   0   0   0   0   0 |     CCA   3   3   3   2   3   3 | Gln CAA   0   0   0   0   0   0 |     CGA   1   1   1   1   1   1
    CTG   1   1   1   1   1   1 |     CCG   0   0   0   0   0   0 |     CAG   1   1   1   1   1   1 |     CGG   0   0   0   0   0   0
--------------------------------------------------------------------------------------------------------------------------------------
Ile ATT   0   0   0   0   0   0 | Thr ACT   0   0   0   0   0   0 | Asn AAT   0   0   0   0   0   0 | Ser AGT   0   0   0   0   0   0
    ATC   0   0   0   0   0   0 |     ACC   0   0   0   0   0   0 |     AAC   2   2   2   2   2   2 |     AGC   0   0   0   0   0   0
    ATA   0   0   0   0   0   0 |     ACA   0   0   0   0   0   0 | Lys AAA   0   0   0   0   0   0 | Arg AGA   0   0   0   0   0   0
Met ATG   1   1   1   1   1   1 |     ACG   3   3   3   3   3   3 |     AAG   0   0   0   0   0   0 |     AGG   0   0   0   0   0   0
--------------------------------------------------------------------------------------------------------------------------------------
Val GTT   1   1   1   1   1   1 | Ala GCT   0   0   0   0   0   0 | Asp GAT   1   0   1   0   1   1 | Gly GGT   0   0   0   0   0   0
    GTC   0   0   0   0   0   0 |     GCC   1   1   1   1   1   1 |     GAC   1   2   1   2   1   1 |     GGC   0   0   0   0   0   0
    GTA   0   0   0   0   0   0 |     GCA   3   3   3   3   3   3 | Glu GAA   3   3   3   3   3   3 |     GGA   1   1   1   1   1   1
    GTG   0   0   0   0   0   0 |     GCG   0   0   0   0   0   0 |     GAG   2   2   2   2   2   2 |     GGG   0   0   0   0   0   0
--------------------------------------------------------------------------------------------------------------------------------------

--------------------------------------------------------------------------------------------------------------------------------------
Phe TTT   3   3   3   3   3   3 | Ser TCT   0   0   0   0   0   0 | Tyr TAT   0   0   0   0   0   0 | Cys TGT   0   0   0   0   0   0
    TTC   0   0   0   0   0   0 |     TCC   2   2   2   2   2   2 |     TAC   0   0   0   0   0   0 |     TGC   0   0   0   0   0   0
Leu TTA   2   2   2   2   2   2 |     TCA   0   0   0   0   0   0 | *** TAA   0   0   0   0   0   0 | *** TGA   0   0   0   0   0   0
    TTG   0   0   0   0   0   0 |     TCG   0   0   0   0   0   0 |     TAG   0   0   0   0   0   0 | Trp TGG   1   1   1   1   1   1
--------------------------------------------------------------------------------------------------------------------------------------
Leu CTT   0   0   0   0   0   0 | Pro CCT   2   2   2   2   2   2 | His CAT   0   0   0   0   0   0 | Arg CGT   0   0   0   0   0   0
    CTC   0   0   0   0   0   0 |     CCC   1   1   1   1   1   2 |     CAC   1   1   1   1   1   1 |     CGC   0   0   0   0   0   0
    CTA   0   0   0   0   0   0 |     CCA   3   3   3   3   3   2 | Gln CAA   0   0   0   0   0   0 |     CGA   1   1   1   1   1   1
    CTG   1   1   1   1   1   1 |     CCG   0   0   0   0   0   0 |     CAG   1   1   1   1   1   1 |     CGG   0   0   0   0   0   0
--------------------------------------------------------------------------------------------------------------------------------------
Ile ATT   0   0   0   0   0   0 | Thr ACT   0   0   0   0   0   0 | Asn AAT   0   0   0   0   0   0 | Ser AGT   0   0   0   0   0   0
    ATC   0   0   0   0   0   0 |     ACC   0   0   0   0   0   0 |     AAC   2   2   2   2   2   2 |     AGC   0   0   0   0   0   0
    ATA   0   0   0   0   0   0 |     ACA   0   0   0   0   0   0 | Lys AAA   0   0   0   0   0   0 | Arg AGA   0   0   0   0   0   0
Met ATG   1   1   1   1   1   1 |     ACG   3   3   3   3   3   3 |     AAG   0   0   0   0   0   0 |     AGG   0   0   0   0   0   0
--------------------------------------------------------------------------------------------------------------------------------------
Val GTT   1   1   1   1   1   1 | Ala GCT   0   0   0   0   0   0 | Asp GAT   0   0   1   1   1   0 | Gly GGT   0   0   0   0   0   0
    GTC   0   0   0   0   0   0 |     GCC   1   1   1   1   1   1 |     GAC   2   2   1   1   1   2 |     GGC   0   0   0   0   0   0
    GTA   0   0   0   0   0   0 |     GCA   2   2   3   3   3   3 | Glu GAA   3   3   3   3   3   3 |     GGA   1   1   1   1   1   1
    GTG   0   0   0   0   0   0 |     GCG   1   1   0   0   0   0 |     GAG   2   2   2   2   2   2 |     GGG   0   0   0   0   0   0
--------------------------------------------------------------------------------------------------------------------------------------

--------------------------------------------------------------------------------------------------------------------------------------
Phe TTT   3   3   3   3   3   3 | Ser TCT   0   0   0   0   0   0 | Tyr TAT   0   0   0   0   0   0 | Cys TGT   0   0   0   0   0   0
    TTC   0   0   0   0   0   0 |     TCC   2   2   2   2   2   2 |     TAC   0   0   0   0   0   0 |     TGC   0   0   0   0   0   0
Leu TTA   2   2   2   2   0   2 |     TCA   0   0   0   0   0   0 | *** TAA   0   0   0   0   0   0 | *** TGA   0   0   0   0   0   0
    TTG   0   0   0   0   1   0 |     TCG   0   0   0   0   0   0 |     TAG   0   0   0   0   0   0 | Trp TGG   1   1   1   1   1   1
--------------------------------------------------------------------------------------------------------------------------------------
Leu CTT   0   0   0   0   0   0 | Pro CCT   2   2   2   2   2   2 | His CAT   0   0   0   0   0   0 | Arg CGT   0   0   0   0   0   0
    CTC   0   0   0   0   0   0 |     CCC   1   2   1   1   1   1 |     CAC   1   1   1   1   1   1 |     CGC   0   0   0   0   0   0
    CTA   0   0   0   0   1   0 |     CCA   3   2   3   3   0   3 | Gln CAA   0   0   0   0   0   0 |     CGA   1   1   1   1   0   1
    CTG   1   1   1   1   1   1 |     CCG   0   0   0   0   3   0 |     CAG   1   1   1   1   1   1 |     CGG   0   0   0   0   1   0
--------------------------------------------------------------------------------------------------------------------------------------
Ile ATT   0   0   0   0   0   0 | Thr ACT   0   0   0   0   0   0 | Asn AAT   0   0   0   0   0   0 | Ser AGT   0   0   0   0   0   0
    ATC   0   0   0   0   0   0 |     ACC   0   0   0   0   0   0 |     AAC   2   2   2   2   2   2 |     AGC   0   0   0   0   0   0
    ATA   0   0   0   0   0   0 |     ACA   0   0   0   0   1   0 | Lys AAA   0   0   0   0   0   0 | Arg AGA   0   0   0   0   0   0
Met ATG   1   1   1   1   1   1 |     ACG   3   3   3   3   2   3 |     AAG   0   0   0   0   0   0 |     AGG   0   0   0   0   0   0
--------------------------------------------------------------------------------------------------------------------------------------
Val GTT   1   1   1   1   1   1 | Ala GCT   0   0   0   0   0   0 | Asp GAT   1   0   0   1   0   1 | Gly GGT   0   0   0   0   0   0
    GTC   0   0   0   0   0   0 |     GCC   1   1   1   1   1   1 |     GAC   1   2   2   1   2   1 |     GGC   0   0   0   0   0   0
    GTA   0   0   0   0   0   0 |     GCA   3   3   3   3   3   3 | Glu GAA   4   3   3   3   3   3 |     GGA   1   1   1   1   1   1
    GTG   0   0   0   0   0   0 |     GCG   0   0   0   0   0   0 |     GAG   1   2   2   2   2   2 |     GGG   0   0   0   0   0   0
--------------------------------------------------------------------------------------------------------------------------------------

--------------------------------------------------------------------------------------------------------------------------------------
Phe TTT   3   3   3   3   3   3 | Ser TCT   0   0   0   0   0   0 | Tyr TAT   0   0   0   0   0   0 | Cys TGT   0   0   0   0   0   0
    TTC   0   0   0   0   0   0 |     TCC   2   2   2   1   2   2 |     TAC   0   0   0   0   0   0 |     TGC   0   0   0   0   0   0
Leu TTA   2   2   2   2   2   2 |     TCA   0   0   0   1   0   0 | *** TAA   0   0   0   0   0   0 | *** TGA   0   0   0   0   0   0
    TTG   0   0   0   0   0   0 |     TCG   0   0   0   0   0   0 |     TAG   0   0   0   0   0   0 | Trp TGG   1   1   1   1   1   1
--------------------------------------------------------------------------------------------------------------------------------------
Leu CTT   0   0   0   0   0   0 | Pro CCT   2   2   2   2   2   2 | His CAT   0   0   0   0   0   0 | Arg CGT   0   0   0   0   0   0
    CTC   0   0   0   0   0   0 |     CCC   1   1   1   1   2   1 |     CAC   1   1   1   1   1   1 |     CGC   0   0   0   0   0   0
    CTA   0   0   0   0   0   0 |     CCA   3   3   3   3   1   3 | Gln CAA   0   0   0   0   0   0 |     CGA   1   1   1   1   1   1
    CTG   1   1   1   1   1   1 |     CCG   0   0   0   0   1   0 |     CAG   1   1   1   1   1   1 |     CGG   0   0   0   0   0   0
--------------------------------------------------------------------------------------------------------------------------------------
Ile ATT   0   0   0   0   0   0 | Thr ACT   0   0   0   1   0   0 | Asn AAT   0   0   0   0   0   0 | Ser AGT   0   0   0   0   0   0
    ATC   0   0   0   0   0   0 |     ACC   0   0   0   0   0   0 |     AAC   2   2   2   2   2   2 |     AGC   0   0   0   0   0   0
    ATA   0   0   0   0   0   0 |     ACA   0   0   0   0   0   0 | Lys AAA   0   0   0   0   0   0 | Arg AGA   0   0   0   0   0   0
Met ATG   1   1   1   1   1   1 |     ACG   3   3   3   2   3   3 |     AAG   0   0   0   0   0   0 |     AGG   0   0   0   0   0   0
--------------------------------------------------------------------------------------------------------------------------------------
Val GTT   1   1   1   1   1   1 | Ala GCT   0   0   0   0   0   0 | Asp GAT   1   0   1   1   1   0 | Gly GGT   0   0   0   0   0   0
    GTC   0   0   0   0   0   0 |     GCC   1   1   1   1   1   1 |     GAC   1   2   1   1   1   2 |     GGC   0   0   0   0   0   0
    GTA   0   0   0   0   0   0 |     GCA   3   3   3   3   3   2 | Glu GAA   3   3   3   3   3   3 |     GGA   1   1   1   1   1   1
    GTG   0   0   0   0   0   0 |     GCG   0   0   0   0   0   1 |     GAG   2   2   2   2   2   2 |     GGG   0   0   0   0   0   0
--------------------------------------------------------------------------------------------------------------------------------------

--------------------------------------------------------------------------------------------------------------------------------------
Phe TTT   3   3   3   3   3   3 | Ser TCT   0   0   0   0   0   0 | Tyr TAT   0   0   0   0   0   0 | Cys TGT   0   0   0   0   0   0
    TTC   0   0   0   0   0   0 |     TCC   2   2   2   2   2   2 |     TAC   0   0   0   0   0   0 |     TGC   0   0   0   0   0   0
Leu TTA   2   2   2   2   2   2 |     TCA   0   0   0   0   0   0 | *** TAA   0   0   0   0   0   0 | *** TGA   0   0   0   0   0   0
    TTG   0   0   0   0   0   0 |     TCG   0   0   0   0   0   0 |     TAG   0   0   0   0   0   0 | Trp TGG   1   1   1   1   1   1
--------------------------------------------------------------------------------------------------------------------------------------
Leu CTT   0   0   0   0   0   0 | Pro CCT   2   2   2   2   2   2 | His CAT   0   0   0   0   0   0 | Arg CGT   0   0   0   0   0   0
    CTC   0   0   0   0   0   0 |     CCC   1   1   1   1   1   1 |     CAC   1   1   1   1   1   1 |     CGC   0   0   0   0   0   0
    CTA   0   0   0   0   0   0 |     CCA   3   3   3   3   3   2 | Gln CAA   0   0   0   0   0   0 |     CGA   1   1   1   1   1   1
    CTG   1   1   1   1   1   1 |     CCG   0   0   0   0   0   1 |     CAG   1   1   1   1   1   1 |     CGG   0   0   0   0   0   0
--------------------------------------------------------------------------------------------------------------------------------------
Ile ATT   0   0   0   0   0   0 | Thr ACT   0   0   0   0   0   0 | Asn AAT   0   0   0   0   0   0 | Ser AGT   0   0   0   0   0   0
    ATC   0   0   0   0   0   0 |     ACC   0   0   0   0   0   0 |     AAC   2   2   2   2   2   2 |     AGC   0   0   0   0   0   0
    ATA   0   0   0   0   0   0 |     ACA   0   0   0   0   0   0 | Lys AAA   0   0   0   0   0   0 | Arg AGA   0   0   0   0   0   0
Met ATG   1   1   1   1   1   1 |     ACG   3   3   3   3   3   3 |     AAG   0   0   0   0   0   0 |     AGG   0   0   0   0   0   0
--------------------------------------------------------------------------------------------------------------------------------------
Val GTT   1   1   1   1   1   1 | Ala GCT   0   0   0   0   0   0 | Asp GAT   0   1   0   0   0   1 | Gly GGT   0   0   0   0   0   0
    GTC   0   0   0   0   0   0 |     GCC   1   1   1   1   1   1 |     GAC   2   1   2   2   2   1 |     GGC   0   0   0   0   0   0
    GTA   0   0   0   0   0   0 |     GCA   2   3   2   2   3   3 | Glu GAA   3   3   3   3   3   3 |     GGA   1   1   1   1   1   1
    GTG   0   0   0   0   0   0 |     GCG   1   0   1   1   0   0 |     GAG   2   2   2   2   2   2 |     GGG   0   0   0   0   0   0
--------------------------------------------------------------------------------------------------------------------------------------

--------------------------------------------------------------------------------------------------------------------------------------
Phe TTT   3   3   3   3   3   3 | Ser TCT   0   0   0   0   0   0 | Tyr TAT   0   0   0   0   0   0 | Cys TGT   0   0   0   0   0   0
    TTC   0   0   0   0   0   0 |     TCC   2   2   2   2   2   2 |     TAC   0   0   0   0   0   0 |     TGC   0   0   0   0   0   0
Leu TTA   2   2   2   2   2   2 |     TCA   0   0   0   0   0   0 | *** TAA   0   0   0   0   0   0 | *** TGA   0   0   0   0   0   0
    TTG   0   0   0   0   0   0 |     TCG   0   0   0   0   0   0 |     TAG   0   0   0   0   0   0 | Trp TGG   1   1   1   1   1   1
--------------------------------------------------------------------------------------------------------------------------------------
Leu CTT   0   0   0   0   0   0 | Pro CCT   2   2   2   2   2   2 | His CAT   0   0   0   0   0   0 | Arg CGT   0   0   0   0   0   0
    CTC   0   0   0   0   0   0 |     CCC   1   1   1   1   2   2 |     CAC   1   1   1   1   1   1 |     CGC   0   0   0   0   0   0
    CTA   0   0   0   0   0   0 |     CCA   2   3   1   3   2   2 | Gln CAA   0   0   0   0   0   0 |     CGA   1   1   1   1   1   1
    CTG   1   1   1   1   1   1 |     CCG   1   0   2   0   0   0 |     CAG   1   1   1   1   1   1 |     CGG   0   0   0   0   0   0
--------------------------------------------------------------------------------------------------------------------------------------
Ile ATT   0   0   0   0   0   0 | Thr ACT   0   0   0   0   0   0 | Asn AAT   0   0   0   0   0   0 | Ser AGT   0   0   0   0   0   0
    ATC   0   0   0   0   0   0 |     ACC   0   0   0   0   0   0 |     AAC   2   2   2   2   2   2 |     AGC   0   0   0   0   0   0
    ATA   0   0   0   0   0   0 |     ACA   0   0   0   0   0   0 | Lys AAA   0   0   0   0   0   0 | Arg AGA   0   0   0   0   0   0
Met ATG   1   1   1   1   1   1 |     ACG   3   3   3   3   3   3 |     AAG   0   0   0   0   0   0 |     AGG   0   0   0   0   0   0
--------------------------------------------------------------------------------------------------------------------------------------
Val GTT   1   1   1   1   1   1 | Ala GCT   0   0   0   0   0   0 | Asp GAT   1   0   0   0   0   0 | Gly GGT   0   0   0   0   0   0
    GTC   0   0   0   0   0   0 |     GCC   1   1   1   1   1   1 |     GAC   1   2   2   2   2   2 |     GGC   0   0   0   0   0   0
    GTA   0   0   0   0   0   0 |     GCA   3   3   2   3   3   3 | Glu GAA   3   3   3   3   3   3 |     GGA   1   1   1   1   1   1
    GTG   0   0   0   0   0   0 |     GCG   0   0   1   0   0   0 |     GAG   2   2   2   2   2   2 |     GGG   0   0   0   0   0   0
--------------------------------------------------------------------------------------------------------------------------------------

Codon position x base (3x4) table for each sequence.

#1: Argali         
position  1:    T:0.21622    C:0.27027    A:0.16216    G:0.35135
position  2:    T:0.21622    C:0.40541    A:0.29730    G:0.08108
position  3:    T:0.18919    C:0.21622    A:0.35135    G:0.24324
Average         T:0.20721    C:0.29730    A:0.27027    G:0.22523

#2: LesserMouseDeer
position  1:    T:0.18919    C:0.29730    A:0.16216    G:0.35135
position  2:    T:0.21622    C:0.40541    A:0.29730    G:0.08108
position  3:    T:0.08108    C:0.32432    A:0.21622    G:0.37838
Average         T:0.16216    C:0.34234    A:0.22523    G:0.27027

#3: LesserKudu     
position  1:    T:0.21622    C:0.27027    A:0.16216    G:0.35135
position  2:    T:0.21622    C:0.40541    A:0.29730    G:0.08108
position  3:    T:0.16216    C:0.27027    A:0.32432    G:0.24324
Average         T:0.19820    C:0.31532    A:0.26126    G:0.22523

#4: ForestMuskDeer2
position  1:    T:0.21622    C:0.27027    A:0.16216    G:0.35135
position  2:    T:0.21622    C:0.40541    A:0.29730    G:0.08108
position  3:    T:0.16216    C:0.24324    A:0.35135    G:0.24324
Average         T:0.19820    C:0.30631    A:0.27027    G:0.22523

#5: Camel          
position  1:    T:0.21622    C:0.27027    A:0.16216    G:0.35135
position  2:    T:0.21622    C:0.40541    A:0.29730    G:0.08108
position  3:    T:0.16216    C:0.24324    A:0.37838    G:0.21622
Average         T:0.19820    C:0.30631    A:0.27928    G:0.21622

#6: KillerWhale    
position  1:    T:0.21622    C:0.27027    A:0.16216    G:0.35135
position  2:    T:0.21622    C:0.40541    A:0.29730    G:0.08108
position  3:    T:0.18919    C:0.21622    A:0.37838    G:0.21622
Average         T:0.20721    C:0.29730    A:0.27928    G:0.21622

#7: DefassaWaterbuck
position  1:    T:0.21622    C:0.27027    A:0.16216    G:0.35135
position  2:    T:0.21622    C:0.40541    A:0.29730    G:0.08108
position  3:    T:0.18919    C:0.21622    A:0.35135    G:0.24324
Average         T:0.20721    C:0.29730    A:0.27027    G:0.22523

#8: Sheep          
position  1:    T:0.21622    C:0.27027    A:0.16216    G:0.35135
position  2:    T:0.21622    C:0.40541    A:0.29730    G:0.08108
position  3:    T:0.18919    C:0.21622    A:0.35135    G:0.24324
Average         T:0.20721    C:0.29730    A:0.27027    G:0.22523

#9: MaxwellsDuiker 
position  1:    T:0.21622    C:0.27027    A:0.16216    G:0.35135
position  2:    T:0.21622    C:0.40541    A:0.29730    G:0.08108
position  3:    T:0.18919    C:0.21622    A:0.37838    G:0.21622
Average         T:0.20721    C:0.29730    A:0.27928    G:0.21622

#10: GazellaPrzewalskyi
position  1:    T:0.21622    C:0.27027    A:0.16216    G:0.35135
position  2:    T:0.21622    C:0.40541    A:0.29730    G:0.08108
position  3:    T:0.21622    C:0.18919    A:0.35135    G:0.24324
Average         T:0.21622    C:0.28829    A:0.27027    G:0.22523

#11: MountainNyala  
position  1:    T:0.21622    C:0.27027    A:0.16216    G:0.35135
position  2:    T:0.21622    C:0.40541    A:0.29730    G:0.08108
position  3:    T:0.16216    C:0.27027    A:0.32432    G:0.24324
Average         T:0.19820    C:0.31532    A:0.26126    G:0.22523

#12: MuntiacusMuntjak
position  1:    T:0.21622    C:0.27027    A:0.16216    G:0.35135
position  2:    T:0.21622    C:0.40541    A:0.29730    G:0.08108
position  3:    T:0.16216    C:0.24324    A:0.32432    G:0.27027
Average         T:0.19820    C:0.30631    A:0.26126    G:0.23423

#13: goat           
position  1:    T:0.21622    C:0.27027    A:0.16216    G:0.35135
position  2:    T:0.21622    C:0.40541    A:0.29730    G:0.08108
position  3:    T:0.18919    C:0.21622    A:0.35135    G:0.24324
Average         T:0.20721    C:0.29730    A:0.27027    G:0.22523

#14: AfricanBuffalo 
position  1:    T:0.21622    C:0.27027    A:0.16216    G:0.35135
position  2:    T:0.21622    C:0.40541    A:0.29730    G:0.08108
position  3:    T:0.16216    C:0.24324    A:0.35135    G:0.24324
Average         T:0.19820    C:0.30631    A:0.27027    G:0.22523

#15: Topi           
position  1:    T:0.21622    C:0.27027    A:0.16216    G:0.35135
position  2:    T:0.21622    C:0.40541    A:0.29730    G:0.08108
position  3:    T:0.18919    C:0.21622    A:0.35135    G:0.24324
Average         T:0.20721    C:0.29730    A:0.27027    G:0.22523

#16: CommonDuiker   
position  1:    T:0.21622    C:0.27027    A:0.16216    G:0.35135
position  2:    T:0.21622    C:0.40541    A:0.29730    G:0.08108
position  3:    T:0.18919    C:0.21622    A:0.35135    G:0.24324
Average         T:0.20721    C:0.29730    A:0.27027    G:0.22523

#17: Suni           
position  1:    T:0.21622    C:0.27027    A:0.16216    G:0.35135
position  2:    T:0.21622    C:0.40541    A:0.29730    G:0.08108
position  3:    T:0.16216    C:0.24324    A:0.35135    G:0.24324
Average         T:0.19820    C:0.30631    A:0.27027    G:0.22523

#18: Springbuck     
position  1:    T:0.21622    C:0.27027    A:0.16216    G:0.35135
position  2:    T:0.21622    C:0.40541    A:0.29730    G:0.08108
position  3:    T:0.18919    C:0.21622    A:0.35135    G:0.24324
Average         T:0.20721    C:0.29730    A:0.27027    G:0.22523

#19: Okapi          
position  1:    T:0.21622    C:0.27027    A:0.16216    G:0.35135
position  2:    T:0.21622    C:0.40541    A:0.29730    G:0.08108
position  3:    T:0.18919    C:0.21622    A:0.35135    G:0.24324
Average         T:0.20721    C:0.29730    A:0.27027    G:0.22523

#20: Giraffe        
position  1:    T:0.21622    C:0.27027    A:0.16216    G:0.35135
position  2:    T:0.21622    C:0.40541    A:0.29730    G:0.08108
position  3:    T:0.16216    C:0.24324    A:0.35135    G:0.24324
Average         T:0.19820    C:0.30631    A:0.27027    G:0.22523

#21: TibetanAntelope
position  1:    T:0.21622    C:0.27027    A:0.16216    G:0.35135
position  2:    T:0.21622    C:0.40541    A:0.29730    G:0.08108
position  3:    T:0.18919    C:0.21622    A:0.32432    G:0.27027
Average         T:0.20721    C:0.29730    A:0.26126    G:0.23423

#22: Sitatunga      
position  1:    T:0.21622    C:0.27027    A:0.16216    G:0.35135
position  2:    T:0.21622    C:0.40541    A:0.29730    G:0.08108
position  3:    T:0.16216    C:0.27027    A:0.32432    G:0.24324
Average         T:0.19820    C:0.31532    A:0.26126    G:0.22523

#23: Oribi          
position  1:    T:0.21622    C:0.27027    A:0.16216    G:0.35135
position  2:    T:0.21622    C:0.40541    A:0.29730    G:0.08108
position  3:    T:0.18919    C:0.21622    A:0.35135    G:0.24324
Average         T:0.20721    C:0.29730    A:0.27027    G:0.22523

#24: BarbarySheep   
position  1:    T:0.21622    C:0.27027    A:0.16216    G:0.35135
position  2:    T:0.21622    C:0.40541    A:0.29730    G:0.08108
position  3:    T:0.18919    C:0.21622    A:0.35135    G:0.24324
Average         T:0.20721    C:0.29730    A:0.27027    G:0.22523

#25: Daviddeer      
position  1:    T:0.21622    C:0.27027    A:0.16216    G:0.35135
position  2:    T:0.21622    C:0.40541    A:0.29730    G:0.08108
position  3:    T:0.16216    C:0.24324    A:0.32432    G:0.27027
Average         T:0.19820    C:0.30631    A:0.26126    G:0.23423

#26: Reindeer       
position  1:    T:0.21622    C:0.27027    A:0.16216    G:0.35135
position  2:    T:0.21622    C:0.40541    A:0.29730    G:0.08108
position  3:    T:0.16216    C:0.24324    A:0.32432    G:0.27027
Average         T:0.19820    C:0.30631    A:0.26126    G:0.23423

#27: Ibex           
position  1:    T:0.21622    C:0.27027    A:0.16216    G:0.35135
position  2:    T:0.21622    C:0.40541    A:0.29730    G:0.08108
position  3:    T:0.18919    C:0.21622    A:0.35135    G:0.24324
Average         T:0.20721    C:0.29730    A:0.27027    G:0.22523

#28: GyrantGazelle  
position  1:    T:0.21622    C:0.27027    A:0.16216    G:0.35135
position  2:    T:0.21622    C:0.40541    A:0.29730    G:0.08108
position  3:    T:0.18919    C:0.21622    A:0.35135    G:0.24324
Average         T:0.20721    C:0.29730    A:0.27027    G:0.22523

#29: Hartebeest     
position  1:    T:0.21622    C:0.27027    A:0.16216    G:0.35135
position  2:    T:0.21622    C:0.40541    A:0.29730    G:0.08108
position  3:    T:0.18919    C:0.21622    A:0.35135    G:0.24324
Average         T:0.20721    C:0.29730    A:0.27027    G:0.22523

#30: Bongo          
position  1:    T:0.21622    C:0.27027    A:0.16216    G:0.35135
position  2:    T:0.21622    C:0.40541    A:0.29730    G:0.08108
position  3:    T:0.16216    C:0.27027    A:0.32432    G:0.24324
Average         T:0.19820    C:0.31532    A:0.26126    G:0.22523

#31: Gerenuk        
position  1:    T:0.21622    C:0.27027    A:0.16216    G:0.35135
position  2:    T:0.21622    C:0.40541    A:0.29730    G:0.08108
position  3:    T:0.18919    C:0.21622    A:0.37838    G:0.21622
Average         T:0.20721    C:0.29730    A:0.27928    G:0.21622

#32: CommonEland    
position  1:    T:0.21622    C:0.27027    A:0.16216    G:0.35135
position  2:    T:0.21622    C:0.40541    A:0.29730    G:0.08108
position  3:    T:0.16216    C:0.27027    A:0.32432    G:0.24324
Average         T:0.19820    C:0.31532    A:0.26126    G:0.22523

#33: MuntiacusReevesi
position  1:    T:0.21622    C:0.27027    A:0.16216    G:0.35135
position  2:    T:0.21622    C:0.40541    A:0.29730    G:0.08108
position  3:    T:0.16216    C:0.24324    A:0.35135    G:0.24324
Average         T:0.19820    C:0.30631    A:0.27027    G:0.22523

#34: HarveysDuiker  
position  1:    T:0.21622    C:0.27027    A:0.16216    G:0.35135
position  2:    T:0.21622    C:0.40541    A:0.29730    G:0.08108
position  3:    T:0.18919    C:0.21622    A:0.35135    G:0.24324
Average         T:0.20721    C:0.29730    A:0.27027    G:0.22523

#35: Pronghorn      
position  1:    T:0.18919    C:0.29730    A:0.16216    G:0.35135
position  2:    T:0.21622    C:0.40541    A:0.29730    G:0.08108
position  3:    T:0.16216    C:0.24324    A:0.24324    G:0.35135
Average         T:0.18919    C:0.31532    A:0.23423    G:0.26126

#36: BlueWildebeest 
position  1:    T:0.21622    C:0.27027    A:0.16216    G:0.35135
position  2:    T:0.21622    C:0.40541    A:0.29730    G:0.08108
position  3:    T:0.18919    C:0.21622    A:0.35135    G:0.24324
Average         T:0.20721    C:0.29730    A:0.27027    G:0.22523

#37: Gemsbok        
position  1:    T:0.21622    C:0.27027    A:0.16216    G:0.35135
position  2:    T:0.21622    C:0.40541    A:0.29730    G:0.08108
position  3:    T:0.18919    C:0.21622    A:0.35135    G:0.24324
Average         T:0.20721    C:0.29730    A:0.27027    G:0.22523

#38: Yak            
position  1:    T:0.21622    C:0.27027    A:0.16216    G:0.35135
position  2:    T:0.21622    C:0.40541    A:0.29730    G:0.08108
position  3:    T:0.16216    C:0.24324    A:0.35135    G:0.24324
Average         T:0.19820    C:0.30631    A:0.27027    G:0.22523

#39: BlueSheep      
position  1:    T:0.21622    C:0.27027    A:0.16216    G:0.35135
position  2:    T:0.21622    C:0.40541    A:0.29730    G:0.08108
position  3:    T:0.18919    C:0.21622    A:0.35135    G:0.24324
Average         T:0.20721    C:0.29730    A:0.27027    G:0.22523

#40: BohorReedbuck  
position  1:    T:0.21622    C:0.27027    A:0.16216    G:0.35135
position  2:    T:0.21622    C:0.40541    A:0.29730    G:0.08108
position  3:    T:0.21622    C:0.18919    A:0.37838    G:0.21622
Average         T:0.21622    C:0.28829    A:0.27928    G:0.21622

#41: KirksDik       
position  1:    T:0.21622    C:0.27027    A:0.16216    G:0.35135
position  2:    T:0.21622    C:0.40541    A:0.29730    G:0.08108
position  3:    T:0.18919    C:0.24324    A:0.29730    G:0.27027
Average         T:0.20721    C:0.30631    A:0.25225    G:0.23423

#42: RoeDeer        
position  1:    T:0.21622    C:0.27027    A:0.16216    G:0.35135
position  2:    T:0.21622    C:0.40541    A:0.29730    G:0.08108
position  3:    T:0.16216    C:0.24324    A:0.32432    G:0.27027
Average         T:0.19820    C:0.30631    A:0.26126    G:0.23423

#43: WhiteLippedDeer
position  1:    T:0.21622    C:0.27027    A:0.16216    G:0.35135
position  2:    T:0.21622    C:0.40541    A:0.29730    G:0.08108
position  3:    T:0.16216    C:0.24324    A:0.32432    G:0.27027
Average         T:0.19820    C:0.30631    A:0.26126    G:0.23423

#44: ThomsonGazelle 
position  1:    T:0.21622    C:0.27027    A:0.16216    G:0.35135
position  2:    T:0.21622    C:0.40541    A:0.29730    G:0.08108
position  3:    T:0.18919    C:0.21622    A:0.35135    G:0.24324
Average         T:0.20721    C:0.29730    A:0.27027    G:0.22523

#45: MuntiacusCrinifrons
position  1:    T:0.21622    C:0.27027    A:0.16216    G:0.35135
position  2:    T:0.21622    C:0.40541    A:0.29730    G:0.08108
position  3:    T:0.16216    C:0.24324    A:0.32432    G:0.27027
Average         T:0.19820    C:0.30631    A:0.26126    G:0.23423

#46: WhiteTailedDeer
position  1:    T:0.21622    C:0.27027    A:0.16216    G:0.35135
position  2:    T:0.21622    C:0.40541    A:0.29730    G:0.08108
position  3:    T:0.16216    C:0.24324    A:0.32432    G:0.27027
Average         T:0.19820    C:0.30631    A:0.26126    G:0.23423

#47: Cattle         
position  1:    T:0.21622    C:0.27027    A:0.16216    G:0.35135
position  2:    T:0.21622    C:0.40541    A:0.29730    G:0.08108
position  3:    T:0.16216    C:0.24324    A:0.35135    G:0.24324
Average         T:0.19820    C:0.30631    A:0.27027    G:0.22523

#48: RoyalAntelope  
position  1:    T:0.21622    C:0.27027    A:0.16216    G:0.35135
position  2:    T:0.21622    C:0.40541    A:0.29730    G:0.08108
position  3:    T:0.18919    C:0.21622    A:0.32432    G:0.27027
Average         T:0.20721    C:0.29730    A:0.26126    G:0.23423

#49: Steenbok       
position  1:    T:0.21622    C:0.27027    A:0.16216    G:0.35135
position  2:    T:0.21622    C:0.40541    A:0.29730    G:0.08108
position  3:    T:0.18919    C:0.21622    A:0.32432    G:0.27027
Average         T:0.20721    C:0.29730    A:0.26126    G:0.23423

#50: Impala         
position  1:    T:0.21622    C:0.27027    A:0.16216    G:0.35135
position  2:    T:0.21622    C:0.40541    A:0.29730    G:0.08108
position  3:    T:0.16216    C:0.24324    A:0.35135    G:0.24324
Average         T:0.19820    C:0.30631    A:0.27027    G:0.22523

#51: Klipspringer   
position  1:    T:0.21622    C:0.27027    A:0.16216    G:0.35135
position  2:    T:0.21622    C:0.40541    A:0.29730    G:0.08108
