1
52 1
Argali 0.000000 0.167200 0.043300 0.151900 0.032900 0.003200 0.039700 0.019600 0.039800 0.082600 0.013000 0.053400 0.046300 0.039600 0.033100 0.033000 0.067500 0.070900 0.033000 0.050200 0.053000 0.009700 0.056100 0.068700 0.013000 0.033000 0.049900 0.046600 0.029600 0.043200 0.082700 0.043200 0.066900 0.049900 0.039600 0.033100 0.009700 0.029600 0.036200 0.073900 0.059900 0.029700 0.086300 0.072600 0.033100 0.029700 0.033100 0.038000 0.043100 0.056900 0.043200 0.053500
LesserMous 0.167200 0.000000 0.173900 0.206200 0.172000 0.171200 0.163500 0.155700 0.172400 0.165400 0.167400 0.185700 0.167900 0.180200 0.166300 0.159600 0.158700 0.167300 0.178000 0.182300 0.169800 0.170600 0.149900 0.156000 0.168500 0.166900 0.171100 0.177500 0.163500 0.173900 0.165400 0.172400 0.171000 0.164300 0.163600 0.169700 0.162900 0.175400 0.177800 0.157900 0.154100 0.164000 0.168600 0.148700 0.169900 0.164200 0.163900 0.157900 0.158800 0.167200 0.173700 0.186100
LesserKudu 0.043300 0.173900 0.000000 0.172600 0.057300 0.046700 0.057200 0.036600 0.003300 0.079700 0.050200 0.060700 0.057000 0.057100 0.053900 0.050200 0.078500 0.074900 0.057200 0.006600 0.063700 0.046500 0.060200 0.058600 0.050200 0.050300 0.060600 0.003300 0.046700 0.000000 0.079800 0.053800 0.077900 0.060600 0.050100 0.040100 0.039800 0.053900 0.053600 0.071000 0.063700 0.046900 0.083500 0.062400 0.040100 0.047000 0.050400 0.055900 0.053800 0.060700 0.000000 0.009900
KillerWhal 0.151900 0.206200 0.172600 0.000000 0.156600 0.155700 0.159400 0.152100 0.168300 0.186100 0.156200 0.192300 0.183300 0.167900 0.163700 0.168000 0.160600 0.168200 0.160300 0.180800 0.186400 0.151500 0.158400 0.158300 0.160200 0.168100 0.186800 0.179300 0.163700 0.172500 0.186200 0.168500 0.179600 0.183700 0.175500 0.164700 0.155500 0.164700 0.171500 0.175400 0.162500 0.160400 0.189600 0.171000 0.165000 0.160600 0.168400 0.161500 0.179900 0.164600 0.172400 0.180300
DefassaWat 0.032900 0.172000 0.057300 0.156600 0.000000 0.036200 0.053600 0.033100 0.053700 0.097600 0.039700 0.074600 0.060300 0.053500 0.049000 0.046700 0.081900 0.078300 0.053500 0.064300 0.067000 0.036100 0.070500 0.076200 0.039700 0.046800 0.063900 0.060600 0.043200 0.057200 0.097700 0.057100 0.088400 0.063900 0.056100 0.050300 0.029500 0.016100 0.049900 0.081500 0.074000 0.039900 0.101400 0.087300 0.050400 0.043400 0.040000 0.054500 0.057000 0.071100 0.057200 0.060700
Sheep 0.003200 0.171200 0.046700 0.155700 0.036200 0.000000 0.036300 0.022900 0.043200 0.086100 0.016300 0.056800 0.049700 0.036200 0.036400 0.036300 0.070900 0.074300 0.036300 0.053600 0.056300 0.012900 0.059500 0.072200 0.016300 0.036300 0.053300 0.049900 0.032900 0.046600 0.086200 0.039700 0.070400 0.053300 0.042900 0.036400 0.012900 0.032900 0.039600 0.077300 0.063300 0.033000 0.089800 0.076100 0.036500 0.033000 0.036400 0.041400 0.046500 0.060300 0.046600 0.056900
MaxwellsDu 0.039700 0.163500 0.057200 0.159400 0.053600 0.036300 0.000000 0.033000 0.053600 0.086700 0.046600 0.074500 0.060200 0.026300 0.050200 0.046600 0.081800 0.078200 0.053500 0.064200 0.066900 0.042900 0.059900 0.072500 0.046600 0.046700 0.060300 0.060500 0.043100 0.057200 0.086800 0.029700 0.074200 0.063900 0.053300 0.053700 0.036300 0.050200 0.043100 0.077800 0.063500 0.043300 0.090400 0.076400 0.053800 0.043300 0.046800 0.052100 0.056900 0.067400 0.057100 0.067600
GazellaPrz 0.019600 0.155700 0.036600 0.152100 0.033100 0.022900 0.033000 0.000000 0.033100 0.075900 0.026300 0.053500 0.039600 0.033000 0.029800 0.019700 0.067600 0.064000 0.033000 0.043400 0.039500 0.022800 0.049600 0.061900 0.026300 0.019700 0.043100 0.039800 0.016300 0.036500 0.076000 0.036500 0.067100 0.043100 0.032900 0.033100 0.016300 0.029700 0.022900 0.067200 0.053100 0.016400 0.079600 0.065700 0.033200 0.016400 0.019700 0.031200 0.029700 0.050100 0.036500 0.046700
MountainNy 0.039800 0.172400 0.003300 0.168300 0.053700 0.043200 0.053600 0.033100 0.000000 0.076000 0.046700 0.057100 0.053400 0.053500 0.050400 0.046700 0.074800 0.071200 0.053600 0.009900 0.060100 0.043000 0.056600 0.055100 0.046700 0.046800 0.057000 0.006500 0.043200 0.003300 0.076100 0.050300 0.074200 0.057000 0.046600 0.036600 0.036400 0.050300 0.050000 0.067400 0.060100 0.043400 0.079700 0.058800 0.036600 0.043500 0.046900 0.052300 0.050200 0.057100 0.003300 0.013100
MuntiacusM 0.082600 0.165400 0.079700 0.186100 0.097600 0.086100 0.086700 0.075900 0.076000 0.000000 0.083000 0.097400 0.089900 0.090000 0.086300 0.068700 0.088200 0.091700 0.090200 0.087000 0.096400 0.086000 0.029200 0.038500 0.082700 0.090300 0.093700 0.083000 0.079300 0.079700 0.000000 0.086800 0.087500 0.086500 0.082500 0.076100 0.079000 0.094000 0.079100 0.052400 0.032500 0.086700 0.003200 0.042300 0.076200 0.072600 0.079700 0.066700 0.082900 0.076100 0.079700 0.090400
goat 0.013000 0.167400 0.050200 0.156200 0.039700 0.016300 0.046600 0.026300 0.046700 0.083000 0.000000 0.060400 0.053200 0.039700 0.039900 0.039800 0.067600 0.078100 0.039800 0.057200 0.059900 0.016200 0.063400 0.076000 0.013000 0.039800 0.056900 0.053500 0.036300 0.050200 0.083100 0.043300 0.074100 0.050000 0.039700 0.039900 0.016200 0.029600 0.043100 0.074200 0.066900 0.036500 0.086700 0.079900 0.040000 0.029800 0.039900 0.038100 0.050000 0.057000 0.050200 0.060500
AfricanBuf 0.053400 0.185700 0.060700 0.192300 0.074600 0.056800 0.074500 0.053500 0.057100 0.097400 0.060400 0.000000 0.067300 0.060400 0.064200 0.067400 0.092500 0.088900 0.074500 0.067700 0.081000 0.059500 0.077400 0.090200 0.060400 0.060600 0.071000 0.064000 0.063800 0.060600 0.097500 0.071100 0.084600 0.070900 0.060300 0.026300 0.049900 0.071100 0.056800 0.095700 0.081000 0.057100 0.101200 0.087000 0.026300 0.057200 0.053600 0.062500 0.078000 0.067500 0.060600 0.071100
Topi 0.046300 0.167900 0.057000 0.183300 0.060300 0.049700 0.060200 0.039600 0.053400 0.089900 0.053200 0.067300 0.000000 0.060100 0.056900 0.046400 0.088600 0.085000 0.060200 0.064000 0.066600 0.049500 0.063200 0.082300 0.053300 0.046500 0.009700 0.060300 0.042900 0.056900 0.090000 0.056800 0.080800 0.016200 0.032100 0.053400 0.042900 0.056800 0.049700 0.087500 0.066700 0.049900 0.093600 0.079000 0.053500 0.050000 0.053400 0.058900 0.063700 0.070800 0.056900 0.067300
CommonDuik 0.039600 0.180200 0.057100 0.167900 0.053500 0.036200 0.026300 0.033000 0.053500 0.090000 0.039700 0.060400 0.060100 0.000000 0.050100 0.046500 0.088800 0.085100 0.053400 0.064100 0.066700 0.042800 0.070000 0.083100 0.046500 0.046600 0.063700 0.060400 0.043000 0.057000 0.090100 0.023000 0.081100 0.063700 0.046400 0.046700 0.036200 0.043200 0.043000 0.088200 0.073800 0.043200 0.093800 0.080000 0.046800 0.036500 0.039900 0.045100 0.056800 0.063900 0.057000 0.067400
Suni 0.033100 0.166300 0.053900 0.163700 0.049000 0.036400 0.050200 0.029800 0.050400 0.086300 0.039900 0.064200 0.056900 0.050100 0.000000 0.043400 0.074900 0.071300 0.052400 0.061000 0.056800 0.036300 0.059700 0.072400 0.039900 0.036600 0.060600 0.057200 0.039900 0.053900 0.086400 0.053800 0.070700 0.060600 0.050100 0.043500 0.029600 0.045600 0.048700 0.077700 0.063600 0.033200 0.090100 0.076300 0.043600 0.040100 0.043500 0.041500 0.050200 0.067800 0.053900 0.064300
Springbuck 0.033000 0.159600 0.050200 0.168000 0.046700 0.036300 0.046600 0.019700 0.046700 0.068700 0.039800 0.067400 0.046400 0.046500 0.043400 0.000000 0.081800 0.078100 0.039800 0.057200 0.046300 0.036200 0.049700 0.061800 0.033000 0.033100 0.056900 0.053500 0.022400 0.050200 0.068800 0.050100 0.081100 0.056800 0.046500 0.046700 0.029500 0.043300 0.036300 0.067300 0.053200 0.029700 0.072300 0.065600 0.046800 0.029800 0.029800 0.045100 0.036400 0.064000 0.050200 0.060500
Okapi 0.067500 0.158700 0.078500 0.160600 0.081900 0.070900 0.081800 0.067600 0.074800 0.088200 0.067600 0.092500 0.088600 0.088800 0.074900 0.081800 0.000000 0.022900 0.071200 0.085700 0.099100 0.070700 0.063700 0.074100 0.074700 0.080900 0.092500 0.081800 0.078100 0.078400 0.088300 0.085500 0.074400 0.085200 0.071000 0.071300 0.070800 0.078400 0.085100 0.067500 0.067200 0.078300 0.092100 0.078000 0.071400 0.071300 0.074900 0.065800 0.089000 0.071300 0.078400 0.089100
Giraffe 0.070900 0.167300 0.074900 0.168200 0.078300 0.074300 0.078200 0.064000 0.071200 0.091700 0.078100 0.088900 0.085000 0.085100 0.071300 0.078100 0.022900 0.000000 0.078100 0.082100 0.099000 0.074100 0.060200 0.070500 0.078100 0.078300 0.088800 0.078200 0.074400 0.074800 0.091800 0.089000 0.077800 0.088800 0.077900 0.067700 0.067300 0.074800 0.081500 0.071000 0.063600 0.074700 0.095600 0.074400 0.067800 0.074800 0.071200 0.069200 0.085300 0.074800 0.074800 0.085500
TibetanAnt 0.033000 0.178000 0.057200 0.160300 0.053500 0.036300 0.053500 0.033000 0.053600 0.090200 0.039800 0.074500 0.060200 0.053400 0.052400 0.039800 0.071200 0.078100 0.000000 0.064200 0.053100 0.036200 0.070400 0.083100 0.033100 0.046700 0.063800 0.060500 0.036300 0.057100 0.090300 0.057000 0.081200 0.063800 0.049100 0.053700 0.036300 0.050100 0.049900 0.088500 0.074000 0.043300 0.094000 0.087100 0.053800 0.043300 0.043300 0.054000 0.050000 0.071100 0.057100 0.067600
Sitatunga 0.050200 0.182300 0.006600 0.180800 0.064300 0.053600 0.064200 0.043400 0.009900 0.087000 0.057200 0.067700 0.064000 0.064100 0.061000 0.057200 0.085700 0.082100 0.064200 0.000000 0.070700 0.053400 0.067100 0.065700 0.057200 0.057300 0.067700 0.009800 0.053600 0.006500 0.087100 0.060800 0.085100 0.067700 0.057000 0.046900 0.046600 0.060900 0.060500 0.078100 0.070700 0.053800 0.090800 0.069600 0.047000 0.053900 0.057400 0.063000 0.060700 0.067800 0.006600 0.016300
Oribi 0.053000 0.169800 0.063700 0.186400 0.067000 0.056300 0.066900 0.039500 0.060100 0.096400 0.059900 0.081000 0.066600 0.066700 0.056800 0.046300 0.099100 0.099000 0.053100 0.070700 0.000000 0.056100 0.076700 0.088800 0.053100 0.046400 0.070300 0.067100 0.042800 0.063700 0.096500 0.070500 0.086900 0.070200 0.052900 0.060200 0.049500 0.063600 0.042700 0.101500 0.080300 0.043000 0.100200 0.092900 0.060300 0.049900 0.049800 0.065400 0.049700 0.084600 0.063600 0.074100
BarbaryShe 0.009700 0.170600 0.046500 0.151500 0.036100 0.012900 0.042900 0.022800 0.043000 0.086000 0.016200 0.059500 0.049500 0.042800 0.036300 0.036200 0.070700 0.074100 0.036200 0.053400 0.056100 0.000000 0.059600 0.071900 0.016200 0.036200 0.053100 0.046400 0.032800 0.046500 0.086100 0.046400 0.070200 0.053100 0.042800 0.036300 0.012900 0.032800 0.039400 0.077300 0.063100 0.032900 0.089700 0.075800 0.036400 0.032900 0.036300 0.041200 0.046300 0.053200 0.046400 0.056700
Daviddeer 0.056100 0.149900 0.060200 0.158400 0.070500 0.059500 0.059900 0.049600 0.056600 0.029200 0.063400 0.077400 0.063200 0.070000 0.059700 0.049700 0.063700 0.060200 0.070400 0.067100 0.076700 0.059600 0.000000 0.021500 0.063100 0.063500 0.066800 0.063400 0.059800 0.060100 0.029200 0.074000 0.063100 0.066800 0.056300 0.056600 0.052900 0.067000 0.059700 0.035400 0.003200 0.060000 0.032600 0.031900 0.056700 0.060100 0.063600 0.061600 0.070400 0.056700 0.060100 0.070500
Reindeer 0.068700 0.156000 0.058600 0.158300 0.076200 0.072200 0.072500 0.061900 0.055100 0.038500 0.076000 0.090200 0.082300 0.083100 0.072400 0.061800 0.074100 0.070500 0.083100 0.065700 0.088800 0.071900 0.021500 0.000000 0.075800 0.076100 0.086100 0.062000 0.072400 0.058600 0.038500 0.086900 0.079900 0.086000 0.074700 0.065600 0.065000 0.072700 0.078600 0.039400 0.025000 0.069000 0.041900 0.022700 0.065700 0.072700 0.076200 0.067000 0.075900 0.069000 0.058600 0.069200
Ibex 0.013000 0.168500 0.050200 0.160200 0.039700 0.016300 0.046600 0.026300 0.046700 0.082700 0.013000 0.060400 0.053300 0.046500 0.039900 0.033000 0.074700 0.078100 0.033100 0.057200 0.053100 0.016200 0.063100 0.075800 0.000000 0.039800 0.056900 0.053500 0.029600 0.050200 0.082800 0.050100 0.074100 0.056900 0.046500 0.039900 0.016200 0.036300 0.043100 0.081100 0.066900 0.036500 0.086400 0.079800 0.040000 0.036500 0.036500 0.044900 0.043200 0.064000 0.050200 0.060500
GyrantGaze 0.033000 0.166900 0.050300 0.168100 0.046800 0.036300 0.046700 0.019700 0.046800 0.090300 0.039800 0.060600 0.046500 0.046600 0.036600 0.033100 0.080900 0.078300 0.046700 0.057300 0.046400 0.036200 0.063500 0.076100 0.039800 0.000000 0.050100 0.053600 0.023000 0.050300 0.090400 0.050200 0.074200 0.050100 0.045500 0.040000 0.029600 0.043400 0.036400 0.081500 0.067000 0.023100 0.094100 0.080000 0.040100 0.029800 0.033200 0.045100 0.043300 0.064100 0.050300 0.060700
Hartebeest 0.049900 0.171100 0.060600 0.186800 0.063900 0.053300 0.060300 0.043100 0.057000 0.093700 0.056900 0.071000 0.009700 0.063700 0.060600 0.056900 0.092500 0.088800 0.063800 0.067700 0.070300 0.053100 0.066800 0.086100 0.056900 0.050100 0.000000 0.063900 0.046500 0.060600 0.093800 0.060400 0.084600 0.019600 0.035600 0.057100 0.046400 0.060500 0.053300 0.091400 0.070400 0.053500 0.097500 0.082800 0.057200 0.053600 0.057000 0.062600 0.067300 0.074500 0.060600 0.071000
Bongo 0.046600 0.177500 0.003300 0.179300 0.060600 0.049900 0.060500 0.039800 0.006500 0.083000 0.053500 0.064000 0.060300 0.060400 0.057200 0.053500 0.081800 0.078200 0.060500 0.009800 0.067100 0.046400 0.063400 0.062000 0.053500 0.053600 0.063900 0.000000 0.050000 0.003300 0.083100 0.057100 0.081200 0.063900 0.053400 0.043300 0.043100 0.057200 0.056900 0.074300 0.067000 0.050200 0.086800 0.065800 0.043400 0.050300 0.053700 0.059200 0.057100 0.060600 0.003300 0.013100
Gerenuk 0.029600 0.163500 0.046700 0.163700 0.043200 0.032900 0.043100 0.016300 0.043200 0.079300 0.036300 0.063800 0.042900 0.043000 0.039900 0.022400 0.078100 0.074400 0.036300 0.053600 0.042800 0.032800 0.059800 0.072400 0.029600 0.023000 0.046500 0.050000 0.000000 0.046700 0.079400 0.046600 0.077400 0.046500 0.043000 0.043200 0.026200 0.039800 0.032900 0.077700 0.063300 0.026300 0.083000 0.076300 0.043300 0.026400 0.026400 0.041500 0.026300 0.060400 0.046700 0.056900
CommonElan 0.043200 0.173900 0.000000 0.172500 0.057200 0.046600 0.057200 0.036500 0.003300 0.079700 0.050200 0.060600 0.056900 0.057000 0.053900 0.050200 0.078400 0.074800 0.057100 0.006500 0.063700 0.046500 0.060100 0.058600 0.050200 0.050300 0.060600 0.003300 0.046700 0.000000 0.079800 0.053800 0.077900 0.060600 0.050100 0.040000 0.039800 0.053800 0.053500 0.070900 0.063600 0.046900 0.083400 0.062400 0.040100 0.046900 0.050400 0.055900 0.053700 0.060700 0.000000 0.009700
MuntiacusR 0.082700 0.165400 0.079800 0.186200 0.097700 0.086200 0.086800 0.076000 0.076100 0.000000 0.083100 0.097500 0.090000 0.090100 0.086400 0.068800 0.088300 0.091800 0.090300 0.087100 0.096500 0.086100 0.029200 0.038500 0.082800 0.090400 0.093800 0.083100 0.079400 0.079800 0.000000 0.086900 0.087500 0.086600 0.082600 0.076200 0.079100 0.094100 0.079200 0.052400 0.032500 0.086800 0.003200 0.042200 0.076300 0.072700 0.079800 0.066800 0.083000 0.076200 0.079700 0.090500
HarveysDui 0.043200 0.172400 0.053800 0.168500 0.057100 0.039700 0.029700 0.036500 0.050300 0.086800 0.043300 0.071100 0.056800 0.023000 0.053800 0.050100 0.085500 0.089000 0.057000 0.060800 0.070500 0.046400 0.074000 0.086900 0.050100 0.050200 0.060400 0.057100 0.046600 0.053800 0.086900 0.000000 0.092000 0.053500 0.056600 0.050300 0.039700 0.053700 0.046600 0.085100 0.077600 0.046800 0.090600 0.083800 0.050400 0.033200 0.043400 0.041700 0.060500 0.060700 0.053800 0.064200
Pronghorn 0.066900 0.171000 0.077900 0.179600 0.088400 0.070400 0.074200 0.067100 0.074200 0.087500 0.074100 0.084600 0.080800 0.081100 0.070700 0.081100 0.074400 0.077800 0.081200 0.085100 0.086900 0.070200 0.063100 0.079900 0.074100 0.074200 0.084600 0.081200 0.077400 0.077900 0.087500 0.092000 0.000000 0.084600 0.073800 0.067300 0.070300 0.084900 0.065900 0.087500 0.066600 0.070700 0.091300 0.083900 0.067400 0.070800 0.077600 0.079500 0.088300 0.070600 0.077800 0.088500
BlueWildeb 0.049900 0.164300 0.060600 0.183700 0.063900 0.053300 0.063900 0.043100 0.057000 0.086500 0.050000 0.070900 0.016200 0.063700 0.060600 0.056800 0.085200 0.088800 0.063800 0.067700 0.070200 0.053100 0.066800 0.086000 0.056900 0.050100 0.019600 0.063900 0.046500 0.060600 0.086600 0.053500 0.084600 0.000000 0.035600 0.057100 0.046400 0.060500 0.053300 0.084100 0.070400 0.053500 0.090200 0.090000 0.057200 0.046700 0.057000 0.055500 0.067300 0.067400 0.060600 0.071000
Gemsbok 0.039600 0.163600 0.050100 0.175500 0.056100 0.042900 0.053300 0.032900 0.046600 0.082500 0.039700 0.060300 0.032100 0.046400 0.050100 0.046500 0.071000 0.077900 0.049100 0.057000 0.052900 0.042800 0.056300 0.074700 0.046500 0.045500 0.035600 0.053400 0.043000 0.050100 0.082600 0.056600 0.073800 0.035600 0.000000 0.046600 0.036200 0.045800 0.045200 0.080300 0.059800 0.043100 0.086300 0.078600 0.046700 0.043200 0.046600 0.044700 0.056800 0.063800 0.050000 0.060400
Yak 0.033100 0.169700 0.040100 0.164700 0.050300 0.036400 0.053700 0.033100 0.036600 0.076100 0.039900 0.026300 0.053400 0.046700 0.043500 0.046700 0.071300 0.067700 0.053700 0.046900 0.060200 0.036300 0.056600 0.065600 0.039900 0.040000 0.057100 0.043300 0.043200 0.040000 0.076200 0.050300 0.067300 0.057100 0.046600 0.000000 0.029600 0.046900 0.043200 0.074500 0.060200 0.039800 0.079800 0.065900 0.000000 0.036700 0.040100 0.041800 0.057100 0.050300 0.040000 0.050300
BlueSheep 0.009700 0.162900 0.039800 0.155500 0.029500 0.012900 0.036300 0.016300 0.036400 0.079000 0.016200 0.049900 0.042900 0.036200 0.029600 0.029500 0.070800 0.067300 0.036300 0.046600 0.049500 0.012900 0.052900 0.065000 0.016200 0.029600 0.046400 0.043100 0.026200 0.039800 0.079100 0.039700 0.070300 0.046400 0.036200 0.029600 0.000000 0.026200 0.032800 0.070500 0.056300 0.026300 0.082700 0.068900 0.029700 0.026300 0.029600 0.034400 0.039600 0.053400 0.039800 0.050000
BohorReedb 0.029600 0.175400 0.053900 0.164700 0.016100 0.032900 0.050200 0.029700 0.050300 0.094000 0.029600 0.071100 0.056800 0.043200 0.045600 0.043300 0.078400 0.074800 0.050100 0.060900 0.063600 0.032800 0.067000 0.072700 0.036300 0.043400 0.060500 0.057200 0.039800 0.053800 0.094100 0.053700 0.084900 0.060500 0.045800 0.046900 0.026200 0.000000 0.046500 0.078000 0.070600 0.036600 0.097900 0.083700 0.047000 0.040000 0.036600 0.051000 0.053600 0.067700 0.053800 0.064200
KirksDik 0.036200 0.177800 0.053600 0.171500 0.049900 0.039600 0.043100 0.022900 0.050000 0.079100 0.043100 0.056800 0.049700 0.043000 0.048700 0.036300 0.085100 0.081500 0.049900 0.060500 0.042700 0.039400 0.059700 0.078600 0.043100 0.036400 0.053300 0.056900 0.032900 0.053500 0.079200 0.046600 0.065900 0.053300 0.045200 0.043200 0.032800 0.046500 0.000000 0.084000 0.063300 0.033000 0.082800 0.075400 0.043300 0.026400 0.023000 0.043400 0.043100 0.056800 0.053500 0.063900
RoeDeer 0.073900 0.157900 0.071000 0.175400 0.081500 0.077300 0.077800 0.067200 0.067400 0.052400 0.074200 0.095700 0.087500 0.088200 0.077700 0.067300 0.067500 0.071000 0.088500 0.078100 0.101500 0.077300 0.035400 0.039400 0.081100 0.081500 0.091400 0.074300 0.077700 0.070900 0.052400 0.085100 0.087500 0.084100 0.080300 0.074500 0.070500 0.078000 0.084000 0.000000 0.038800 0.070900 0.055900 0.043000 0.074600 0.071000 0.074500 0.072500 0.088500 0.067400 0.070900 0.081500
WhiteLippe 0.059900 0.154100 0.063700 0.162500 0.074000 0.063300 0.063500 0.053100 0.060100 0.032500 0.066900 0.081000 0.066700 0.073800 0.063600 0.053200 0.067200 0.063600 0.074000 0.070700 0.080300 0.063100 0.003200 0.025000 0.066900 0.067000 0.070400 0.067000 0.063300 0.063600 0.032500 0.077600 0.066600 0.070400 0.059800 0.060200 0.056300 0.070600 0.063300 0.038800 0.000000 0.063600 0.035900 0.035400 0.060300 0.063600 0.067100 0.065200 0.074000 0.060200 0.063600 0.074100
ThomsonGaz 0.029700 0.164000 0.046900 0.160400 0.039900 0.033000 0.043300 0.016400 0.043400 0.086700 0.036500 0.057100 0.049900 0.043200 0.033200 0.029700 0.078300 0.074700 0.043300 0.053800 0.043000 0.032900 0.060000 0.069000 0.036500 0.023100 0.053500 0.050200 0.026300 0.046900 0.086800 0.046800 0.070700 0.053500 0.043100 0.039800 0.026300 0.036600 0.033000 0.070900 0.063600 0.000000 0.090500 0.076400 0.039900 0.026500 0.029800 0.041600 0.039900 0.060600 0.046800 0.057200
MuntiacusC 0.086300 0.168600 0.083500 0.189600 0.101400 0.089800 0.090400 0.079600 0.079700 0.003200 0.086700 0.101200 0.093600 0.093800 0.090100 0.072300 0.092100 0.095600 0.094000 0.090800 0.100200 0.089700 0.032600 0.041900 0.086400 0.094100 0.097500 0.086800 0.083000 0.083400 0.003200 0.090600 0.091300 0.090200 0.086300 0.079800 0.082700 0.097900 0.082800 0.055900 0.035900 0.090500 0.000000 0.045700 0.079900 0.076300 0.083400 0.070300 0.086700 0.079800 0.083400 0.094200
WhiteTaile 0.072600 0.148700 0.062400 0.171000 0.087300 0.076100 0.076400 0.065700 0.058800 0.042300 0.079900 0.087000 0.079000 0.080000 0.076300 0.065600 0.078000 0.074400 0.087100 0.069600 0.092900 0.075800 0.031900 0.022700 0.079800 0.080000 0.082800 0.065800 0.076300 0.062400 0.042200 0.083800 0.083900 0.090000 0.078600 0.065900 0.068900 0.083700 0.075400 0.043000 0.035400 0.076400 0.045700 0.000000 0.066000 0.069500 0.073000 0.063800 0.079900 0.065900 0.062400 0.073000
Cattle 0.033100 0.169900 0.040100 0.165000 0.050400 0.036500 0.053800 0.033200 0.036600 0.076200 0.040000 0.026300 0.053500 0.046800 0.043600 0.046800 0.071400 0.067800 0.053800 0.047000 0.060300 0.036400 0.056700 0.065700 0.040000 0.040100 0.057200 0.043400 0.043300 0.040100 0.076300 0.050400 0.067400 0.057200 0.046700 0.000000 0.029700 0.047000 0.043300 0.074600 0.060300 0.039900 0.079900 0.066000 0.000000 0.036700 0.040100 0.041800 0.057200 0.050400 0.040100 0.050400
RoyalAntel 0.029700 0.164200 0.047000 0.160600 0.043400 0.033000 0.043300 0.016400 0.043500 0.072600 0.029800 0.057200 0.050000 0.036500 0.040100 0.029800 0.071300 0.074800 0.043300 0.053900 0.049900 0.032900 0.060100 0.072700 0.036500 0.029800 0.053600 0.050300 0.026400 0.046900 0.072700 0.033200 0.070800 0.046700 0.043200 0.036700 0.026300 0.040000 0.026400 0.071000 0.063600 0.026500 0.076300 0.069500 0.036700 0.000000 0.023200 0.027900 0.039900 0.046900 0.046900 0.057300
Steenbok 0.033100 0.163900 0.050400 0.168400 0.040000 0.036400 0.046800 0.019700 0.046900 0.079700 0.039900 0.053600 0.053400 0.039900 0.043500 0.029800 0.074900 0.071200 0.043300 0.057400 0.049800 0.036300 0.063600 0.076200 0.036500 0.033200 0.057000 0.053700 0.026400 0.050400 0.079800 0.043400 0.077600 0.057000 0.046600 0.040100 0.029600 0.036600 0.023000 0.074500 0.067100 0.029800 0.083400 0.073000 0.040100 0.023200 0.000000 0.038100 0.039900 0.053700 0.050400 0.060700
Impala 0.038000 0.157900 0.055900 0.161500 0.054500 0.041400 0.052100 0.031200 0.052300 0.066700 0.038100 0.062500 0.058900 0.045100 0.041500 0.045100 0.065800 0.069200 0.054000 0.063000 0.065400 0.041200 0.061600 0.067000 0.044900 0.045100 0.062600 0.059200 0.041500 0.055900 0.066800 0.041700 0.079500 0.055500 0.044700 0.041800 0.034400 0.051000 0.043400 0.072500 0.065200 0.041600 0.070300 0.063800 0.041800 0.027900 0.038100 0.000000 0.050600 0.055300 0.055800 0.066400
Klipspring 0.043100 0.158800 0.053800 0.179900 0.057000 0.046500 0.056900 0.029700 0.050200 0.082900 0.050000 0.078000 0.063700 0.056800 0.050200 0.036400 0.089000 0.085300 0.050000 0.060700 0.049700 0.046300 0.070400 0.075900 0.043200 0.043300 0.067300 0.057100 0.026300 0.053700 0.083000 0.060500 0.088300 0.067300 0.056800 0.057100 0.039600 0.053600 0.043100 0.088500 0.074000 0.039900 0.086700 0.079900 0.057200 0.039900 0.039900 0.050600 0.000000 0.074600 0.053700 0.064100
ForestMusk 0.056900 0.167200 0.060700 0.164600 0.071100 0.060300 0.067400 0.050100 0.057100 0.076100 0.057000 0.067500 0.070800 0.063900 0.067800 0.064000 0.071300 0.074800 0.071100 0.067800 0.084600 0.053200 0.056700 0.069000 0.064000 0.064100 0.074500 0.060600 0.060400 0.060700 0.076200 0.060700 0.070600 0.067400 0.063800 0.050300 0.053400 0.067700 0.056800 0.067400 0.060200 0.060600 0.079800 0.065900 0.050400 0.046900 0.053700 0.055300 0.074600 0.000000 0.060600 0.071100
Bushbuck 0.043200 0.173700 0.000000 0.172400 0.057200 0.046600 0.057100 0.036500 0.003300 0.079700 0.050200 0.060600 0.056900 0.057000 0.053900 0.050200 0.078400 0.074800 0.057100 0.006600 0.063600 0.046400 0.060100 0.058600 0.050200 0.050300 0.060600 0.003300 0.046700 0.000000 0.079700 0.053800 0.077800 0.060600 0.050000 0.040000 0.039800 0.053800 0.053500 0.070900 0.063600 0.046800 0.083400 0.062400 0.040100 0.046900 0.050400 0.055800 0.053700 0.060600 0.000000 0.009800
GreaterKud 0.053500 0.186100 0.009900 0.180300 0.060700 0.056900 0.067600 0.046700 0.013100 0.090400 0.060500 0.071100 0.067300 0.067400 0.064300 0.060500 0.089100 0.085500 0.067600 0.016300 0.074100 0.056700 0.070500 0.069200 0.060500 0.060700 0.071000 0.013100 0.056900 0.009700 0.090500 0.064200 0.088500 0.071000 0.060400 0.050300 0.050000 0.064200 0.063900 0.081500 0.074100 0.057200 0.094200 0.073000 0.050400 0.057300 0.060700 0.066400 0.064100 0.071100 0.009800 0.000000
