1
52 1
Argali 0.000000 0.208200 0.058500 0.164200 0.044100 0.014400 0.014400 0.091600 0.058700 0.140800 0.059300 0.059800 0.029400 0.059100 0.029200 0.108800 0.059700 0.075900 0.058800 0.059300 0.109000 0.014400 0.124100 0.145000 0.044000 0.075500 0.028500 0.044400 0.060100 0.029100 0.107400 0.014400 0.075800 0.029200 0.044400 0.059500 0.028900 0.044100 0.075900 0.125800 0.106700 0.107600 0.123800 0.093200 0.059400 0.014200 0.075800 0.029300 0.059600 0.059900 0.043900 0.029100
LesserMous 0.208200 0.000000 0.183700 0.184800 0.209500 0.229200 0.189300 0.275300 0.183900 0.269400 0.229000 0.205600 0.210500 0.228400 0.168200 0.276500 0.207100 0.229400 0.290100 0.186600 0.302300 0.229200 0.248400 0.243700 0.208900 0.252400 0.209800 0.209200 0.254700 0.187600 0.227600 0.189300 0.228300 0.209800 0.190800 0.185000 0.228400 0.209500 0.191600 0.229800 0.250500 0.273900 0.247900 0.252100 0.184500 0.189300 0.254700 0.168000 0.150700 0.168300 0.167400 0.187600
LesserKudu 0.058500 0.183700 0.000000 0.173600 0.043500 0.074000 0.043600 0.090400 0.028300 0.122800 0.089700 0.074400 0.059000 0.058400 0.043800 0.107000 0.074300 0.090900 0.121400 0.028600 0.107600 0.074000 0.139900 0.160200 0.074000 0.074300 0.058800 0.043700 0.090900 0.028700 0.122900 0.043600 0.090700 0.058800 0.074600 0.074100 0.058400 0.043500 0.107000 0.141400 0.105600 0.106200 0.139500 0.108500 0.073900 0.043600 0.074800 0.043800 0.058700 0.074500 0.014100 0.028700
KillerWhal 0.164200 0.184800 0.173600 0.000000 0.165100 0.183400 0.146600 0.224600 0.160800 0.257500 0.222700 0.163100 0.165800 0.182700 0.127700 0.225600 0.163300 0.184200 0.239800 0.163500 0.247900 0.183400 0.238500 0.294100 0.202900 0.204100 0.165400 0.165700 0.205900 0.146000 0.219200 0.146600 0.182100 0.165400 0.185200 0.144400 0.182800 0.165100 0.224500 0.241500 0.240700 0.224300 0.237400 0.203600 0.143800 0.146600 0.205600 0.127700 0.182500 0.163000 0.145500 0.146000
DefassaWat 0.044100 0.209500 0.043500 0.165100 0.000000 0.043700 0.029200 0.075700 0.043600 0.141300 0.058800 0.060000 0.029100 0.044000 0.028400 0.076100 0.059900 0.076300 0.089500 0.044100 0.092600 0.043700 0.124500 0.145500 0.043600 0.044400 0.029000 0.029400 0.060200 0.014400 0.107800 0.028300 0.076200 0.028500 0.044100 0.059800 0.028700 0.000000 0.092500 0.126300 0.090700 0.075400 0.124200 0.093500 0.059700 0.029200 0.060200 0.029500 0.044300 0.060100 0.029100 0.014400
Sheep 0.014400 0.229200 0.074000 0.183400 0.043700 0.000000 0.028500 0.108300 0.074200 0.158500 0.042700 0.075600 0.014400 0.074800 0.044300 0.108900 0.075500 0.092300 0.042500 0.075000 0.126300 0.000000 0.141300 0.163200 0.028700 0.075500 0.014100 0.059900 0.060100 0.044200 0.124300 0.029200 0.092100 0.014100 0.028500 0.075300 0.014100 0.043700 0.092300 0.143400 0.123500 0.107700 0.141000 0.110000 0.075100 0.029200 0.092100 0.044500 0.075300 0.075700 0.059300 0.044200
MaxwellsDu 0.014400 0.189300 0.043600 0.146600 0.029200 0.028500 0.000000 0.075800 0.043700 0.124200 0.075200 0.044600 0.014600 0.044100 0.014200 0.092600 0.044500 0.060300 0.074600 0.044200 0.092800 0.029200 0.107800 0.127800 0.059500 0.060000 0.014500 0.029400 0.044700 0.014500 0.091400 0.000000 0.060300 0.014200 0.029400 0.044400 0.044000 0.028700 0.060400 0.109300 0.090100 0.091600 0.107500 0.077200 0.044300 0.000000 0.060300 0.014600 0.044400 0.044600 0.029100 0.014500
GazellaPrz 0.091600 0.275300 0.090400 0.224600 0.075700 0.108300 0.075800 0.000000 0.090700 0.160000 0.125200 0.076200 0.092700 0.059600 0.076100 0.075200 0.109000 0.127000 0.158800 0.091600 0.044200 0.108300 0.142700 0.164800 0.108200 0.043900 0.092100 0.076300 0.059500 0.059900 0.125400 0.075800 0.126800 0.092100 0.109200 0.108700 0.091400 0.075700 0.075100 0.144700 0.107600 0.074400 0.142300 0.111000 0.108500 0.075800 0.014200 0.076400 0.092100 0.109400 0.075400 0.059900
MountainNy 0.058700 0.183900 0.028300 0.160800 0.043600 0.074200 0.043700 0.090700 0.000000 0.157000 0.090000 0.074600 0.059100 0.058600 0.043900 0.107300 0.074500 0.091300 0.121700 0.000100 0.107800 0.074200 0.140000 0.160400 0.074200 0.074500 0.059000 0.043800 0.091200 0.028700 0.123100 0.043700 0.090900 0.059000 0.074800 0.074300 0.058500 0.043600 0.107300 0.141500 0.105700 0.106400 0.139700 0.108600 0.074100 0.043700 0.075000 0.043900 0.058800 0.074700 0.014200 0.028700
MuntiacusM 0.140800 0.269400 0.122800 0.257500 0.141300 0.158500 0.124200 0.160000 0.157000 0.000000 0.195000 0.106800 0.142500 0.123600 0.106600 0.217800 0.140500 0.158300 0.211800 0.158800 0.161200 0.158500 0.042800 0.060800 0.176700 0.178400 0.141500 0.142500 0.178800 0.124400 0.028800 0.124200 0.158900 0.141500 0.159800 0.139900 0.158100 0.141300 0.161200 0.044300 0.043900 0.214700 0.014100 0.044500 0.139500 0.124200 0.142800 0.107100 0.125100 0.107300 0.141000 0.124400
goat 0.059300 0.229000 0.089700 0.222700 0.058800 0.042700 0.075200 0.125200 0.090000 0.195000 0.000000 0.108400 0.059300 0.090700 0.075500 0.125900 0.108200 0.126200 0.089200 0.090900 0.143800 0.043500 0.177000 0.163200 0.014200 0.091600 0.059000 0.075700 0.108800 0.059500 0.159100 0.075200 0.125800 0.058300 0.043900 0.107900 0.028600 0.058800 0.109000 0.161100 0.140400 0.124600 0.176700 0.144900 0.107700 0.075200 0.108700 0.075900 0.091300 0.108600 0.074900 0.059500
AfricanBuf 0.059800 0.205600 0.074400 0.163100 0.060000 0.075600 0.044600 0.076200 0.074600 0.106800 0.108400 0.000000 0.060300 0.044300 0.029200 0.126700 0.059500 0.075900 0.124000 0.075200 0.093300 0.075600 0.090800 0.126100 0.091800 0.092300 0.060100 0.060100 0.093000 0.044300 0.074900 0.044600 0.075600 0.060100 0.076300 0.059300 0.075400 0.060000 0.109400 0.091800 0.091300 0.125700 0.090600 0.060500 0.059200 0.044600 0.060600 0.029200 0.075700 0.059600 0.059400 0.044300
Topi 0.029400 0.210500 0.059000 0.165800 0.029100 0.014400 0.014600 0.092700 0.059100 0.142500 0.059300 0.060300 0.000000 0.059900 0.029600 0.092900 0.060200 0.076900 0.058800 0.059800 0.110400 0.014400 0.125500 0.146100 0.044000 0.060200 0.000100 0.044800 0.045100 0.029400 0.108700 0.014600 0.076500 0.000100 0.014500 0.060100 0.028900 0.029100 0.076700 0.126500 0.108000 0.092300 0.125200 0.093700 0.059900 0.014600 0.076800 0.029600 0.060100 0.060400 0.044300 0.029400
CommonDuik 0.059100 0.228400 0.058400 0.182700 0.044000 0.074800 0.044100 0.059600 0.058600 0.123600 0.090700 0.044300 0.059900 0.000000 0.044200 0.108600 0.075400 0.092000 0.122700 0.059200 0.075900 0.074200 0.107300 0.127200 0.074800 0.075300 0.059500 0.044300 0.092000 0.029100 0.091000 0.044100 0.092000 0.059500 0.075500 0.075200 0.059000 0.044000 0.108500 0.108800 0.074400 0.107400 0.107000 0.076700 0.075000 0.044100 0.044400 0.044500 0.059500 0.075600 0.043900 0.029100
Suni 0.029200 0.168200 0.043800 0.127700 0.028400 0.044300 0.014200 0.076100 0.043900 0.106600 0.075500 0.029200 0.029600 0.044200 0.000000 0.092900 0.029100 0.044500 0.090800 0.044300 0.093100 0.044300 0.090600 0.126900 0.059800 0.060200 0.029400 0.029500 0.060500 0.014500 0.074700 0.014300 0.044400 0.029400 0.044700 0.029100 0.044200 0.028400 0.076400 0.091900 0.091100 0.091900 0.090400 0.060500 0.029000 0.014500 0.060500 0.000100 0.044500 0.029200 0.029200 0.014500
Springbuck 0.108800 0.276500 0.107000 0.225600 0.076100 0.108900 0.092600 0.075200 0.107300 0.217800 0.125900 0.126700 0.092900 0.108600 0.092900 0.000000 0.126500 0.145600 0.159800 0.108500 0.091900 0.108900 0.199100 0.224000 0.108800 0.029000 0.092600 0.092900 0.044300 0.076000 0.180200 0.092600 0.144900 0.092600 0.109800 0.092600 0.091900 0.076100 0.091500 0.201200 0.160500 0.029000 0.198500 0.165300 0.092400 0.092600 0.059700 0.093000 0.108900 0.126900 0.091800 0.076000
Okapi 0.059700 0.207100 0.074300 0.163300 0.059900 0.075500 0.044500 0.109000 0.074500 0.140500 0.108200 0.059500 0.060200 0.075400 0.029100 0.126500 0.000000 0.044600 0.123800 0.075300 0.127300 0.075500 0.123800 0.162300 0.091700 0.092100 0.060000 0.060200 0.092800 0.044400 0.107100 0.044500 0.044500 0.060000 0.076200 0.059200 0.075200 0.059900 0.109200 0.125200 0.124500 0.125500 0.123500 0.092700 0.059100 0.044500 0.092800 0.029200 0.075700 0.059600 0.059500 0.044400
Giraffe 0.075900 0.229400 0.090900 0.184200 0.076300 0.092300 0.060300 0.127000 0.091300 0.158300 0.126200 0.075900 0.076900 0.092000 0.044500 0.145600 0.044600 0.000000 0.142000 0.092300 0.146000 0.092300 0.141100 0.181800 0.109000 0.110000 0.076400 0.076900 0.110500 0.060400 0.124300 0.060300 0.060400 0.076400 0.093200 0.075500 0.092000 0.076300 0.127600 0.143400 0.142200 0.144200 0.141100 0.110100 0.075400 0.060300 0.110400 0.044700 0.092400 0.076000 0.076000 0.060400
TibetanAnt 0.058800 0.290100 0.121400 0.239800 0.089500 0.042500 0.074600 0.158800 0.121700 0.211800 0.089200 0.124000 0.058800 0.122700 0.090800 0.159800 0.123800 0.142000 0.000000 0.123000 0.178400 0.043200 0.193600 0.218300 0.073600 0.124000 0.058500 0.107600 0.107900 0.090500 0.175400 0.074600 0.141600 0.058500 0.074100 0.123500 0.058100 0.089500 0.142100 0.196400 0.174400 0.158000 0.193200 0.161300 0.123200 0.074600 0.141800 0.091200 0.123500 0.124300 0.106400 0.090500
Sitatunga 0.059300 0.186600 0.028600 0.163500 0.044100 0.075000 0.044200 0.091600 0.000100 0.158800 0.090900 0.075200 0.059800 0.059200 0.044300 0.108500 0.075300 0.092300 0.123000 0.000000 0.109000 0.075000 0.141600 0.162200 0.074900 0.075300 0.059600 0.044100 0.092200 0.028900 0.124500 0.044200 0.091900 0.059600 0.075600 0.075100 0.059100 0.044100 0.108500 0.143200 0.106800 0.107600 0.141300 0.109800 0.074900 0.044200 0.075800 0.044400 0.059400 0.075500 0.014000 0.028300
Oribi 0.109000 0.302300 0.107600 0.247900 0.092600 0.126300 0.092800 0.044200 0.107800 0.161200 0.143800 0.093300 0.110400 0.075900 0.093100 0.091900 0.127300 0.146000 0.178400 0.109000 0.000000 0.126300 0.143800 0.166000 0.126200 0.059500 0.109700 0.093400 0.075800 0.076400 0.126300 0.092800 0.128100 0.109700 0.127500 0.126800 0.108700 0.092600 0.091900 0.145900 0.108400 0.091000 0.143300 0.112000 0.126600 0.092800 0.029300 0.093600 0.109500 0.127600 0.092300 0.076400
BarbaryShe 0.014400 0.229200 0.074000 0.183400 0.043700 0.000000 0.029200 0.108300 0.074200 0.158500 0.043500 0.075600 0.014400 0.074200 0.044300 0.108900 0.075500 0.092300 0.043200 0.075000 0.126300 0.000000 0.141300 0.163200 0.028700 0.075500 0.014300 0.059900 0.060100 0.044200 0.124300 0.028200 0.092100 0.014100 0.028500 0.075300 0.014100 0.043700 0.092300 0.143400 0.123500 0.107700 0.141200 0.110000 0.075100 0.028600 0.092100 0.044500 0.075300 0.075700 0.059300 0.044200
Daviddeer 0.124100 0.248400 0.139900 0.238500 0.124500 0.141300 0.107800 0.142700 0.140000 0.042800 0.177000 0.090800 0.125500 0.107300 0.090600 0.199100 0.123800 0.141100 0.193600 0.141600 0.143800 0.141300 0.000000 0.060600 0.159100 0.160300 0.124700 0.125600 0.161000 0.107900 0.014300 0.107800 0.141800 0.124700 0.142600 0.123200 0.141000 0.124500 0.143800 0.029300 0.029100 0.196200 0.028800 0.029500 0.123000 0.107800 0.125900 0.091100 0.108600 0.091200 0.124300 0.107900
Reindeer 0.145000 0.243700 0.160200 0.294100 0.145500 0.163200 0.127800 0.164800 0.160400 0.060800 0.163200 0.126100 0.146100 0.127200 0.126900 0.224000 0.162300 0.181800 0.218300 0.162200 0.166000 0.163200 0.060600 0.000000 0.145200 0.196200 0.145600 0.145500 0.184400 0.127000 0.044900 0.127800 0.181800 0.145600 0.128400 0.160800 0.162800 0.145500 0.129200 0.045400 0.045100 0.221500 0.045100 0.061300 0.160400 0.127800 0.147000 0.127100 0.128300 0.127300 0.144100 0.127000
Ibex 0.044000 0.208900 0.074000 0.202900 0.043600 0.028700 0.059500 0.108200 0.074200 0.176700 0.014200 0.091800 0.044000 0.074800 0.059800 0.108800 0.091700 0.109000 0.073600 0.074900 0.126200 0.028700 0.159100 0.145200 0.000000 0.075500 0.043700 0.059900 0.092200 0.044100 0.141600 0.059500 0.108800 0.043700 0.029100 0.091400 0.014100 0.043700 0.092300 0.143400 0.123400 0.107700 0.158800 0.127400 0.091200 0.059500 0.092100 0.060000 0.075300 0.092000 0.059300 0.044100
GyrantGaze 0.075500 0.252400 0.074300 0.204100 0.044400 0.075500 0.060000 0.043900 0.074500 0.178400 0.091600 0.092300 0.060200 0.075300 0.060200 0.029000 0.092100 0.110000 0.124000 0.075300 0.059500 0.075500 0.160300 0.196200 0.075500 0.000000 0.060000 0.060200 0.014400 0.044300 0.142700 0.060000 0.109300 0.060000 0.076200 0.091800 0.059500 0.044400 0.059300 0.162100 0.124300 0.028800 0.160300 0.127900 0.091600 0.060000 0.029100 0.060300 0.075600 0.092400 0.059500 0.044300
Hartebeest 0.028500 0.209800 0.058800 0.165400 0.029000 0.014100 0.014500 0.092100 0.059000 0.141500 0.059000 0.060100 0.000100 0.059500 0.029400 0.092600 0.060000 0.076400 0.058500 0.059600 0.109700 0.014300 0.124700 0.145600 0.043700 0.060000 0.000000 0.044700 0.044800 0.029300 0.107500 0.014500 0.076300 0.000000 0.014400 0.059900 0.028300 0.029000 0.076400 0.126500 0.107200 0.091700 0.124400 0.093700 0.059700 0.014300 0.076300 0.029500 0.059900 0.060200 0.044200 0.029300
Bongo 0.044400 0.209200 0.043700 0.165700 0.029400 0.059900 0.029400 0.076300 0.043800 0.142500 0.075700 0.060100 0.044800 0.044300 0.029500 0.092900 0.060200 0.076900 0.107600 0.044100 0.093400 0.059900 0.125600 0.145500 0.059900 0.060200 0.044700 0.000000 0.076800 0.014100 0.108700 0.029400 0.076600 0.044700 0.060500 0.060000 0.044300 0.029400 0.092900 0.127000 0.091400 0.092200 0.125300 0.094000 0.059900 0.029400 0.060600 0.029600 0.044500 0.060400 0.029100 0.014500
Gerenuk 0.060100 0.254700 0.090900 0.205900 0.060200 0.060100 0.044700 0.059500 0.091200 0.178800 0.108800 0.093000 0.045100 0.092000 0.060500 0.044300 0.092800 0.110500 0.107900 0.092200 0.075800 0.060100 0.161000 0.184400 0.092200 0.014400 0.044800 0.076800 0.000000 0.060300 0.143300 0.044800 0.110200 0.044800 0.060700 0.092600 0.075600 0.060200 0.044400 0.163500 0.142400 0.043900 0.160700 0.129000 0.092400 0.044800 0.044300 0.060800 0.092500 0.093200 0.075900 0.060300
CommonElan 0.029100 0.187600 0.028700 0.146000 0.014400 0.044200 0.014500 0.059900 0.028700 0.124400 0.059500 0.044300 0.029400 0.029100 0.014500 0.076000 0.044400 0.060400 0.090500 0.028900 0.076400 0.044200 0.107900 0.127000 0.044100 0.044300 0.029300 0.014100 0.060300 0.000000 0.091500 0.014500 0.060200 0.029300 0.044600 0.044200 0.029000 0.014400 0.076000 0.109100 0.074800 0.075400 0.107600 0.076900 0.044200 0.014500 0.044700 0.014500 0.029200 0.044500 0.014300 0.000000
MuntiacusR 0.107400 0.227600 0.122900 0.219200 0.107800 0.124300 0.091400 0.125400 0.123100 0.028800 0.159100 0.074900 0.108700 0.091000 0.074700 0.180200 0.107100 0.124300 0.175400 0.124500 0.126300 0.124300 0.014300 0.044900 0.141600 0.142700 0.107500 0.108700 0.143300 0.091500 0.000000 0.091400 0.124600 0.107900 0.125000 0.106700 0.123900 0.107800 0.126400 0.014500 0.014400 0.177800 0.014300 0.014600 0.106500 0.091400 0.108900 0.075100 0.092000 0.075200 0.107500 0.091500
HarveysDui 0.014400 0.189300 0.043600 0.146600 0.028300 0.029200 0.000000 0.075800 0.043700 0.124200 0.075200 0.044600 0.014600 0.044100 0.014300 0.092600 0.044500 0.060300 0.074600 0.044200 0.092800 0.028200 0.107800 0.127800 0.059500 0.060000 0.014500 0.029400 0.044800 0.014500 0.091400 0.000000 0.060300 0.014200 0.029400 0.044400 0.044000 0.028400 0.060400 0.109300 0.090800 0.091600 0.107500 0.077200 0.044300 0.000000 0.060300 0.014600 0.044400 0.044600 0.029100 0.014500
Pronghorn 0.075800 0.228300 0.090700 0.182100 0.076200 0.092100 0.060300 0.126800 0.090900 0.158900 0.125800 0.075600 0.076500 0.092000 0.044400 0.144900 0.044500 0.060400 0.141600 0.091900 0.128100 0.092100 0.141800 0.181800 0.108800 0.109300 0.076300 0.076600 0.110200 0.060200 0.124600 0.060300 0.000000 0.076300 0.093100 0.075100 0.091800 0.076200 0.127000 0.143300 0.142600 0.143700 0.141300 0.093500 0.075000 0.060300 0.110200 0.044500 0.092200 0.075700 0.075700 0.060200
BlueWildeb 0.029200 0.209800 0.058800 0.165400 0.028500 0.014100 0.014200 0.092100 0.059000 0.141500 0.058300 0.060100 0.000100 0.059500 0.029400 0.092600 0.060000 0.076400 0.058500 0.059600 0.109700 0.014100 0.124700 0.145600 0.043700 0.060000 0.000000 0.044700 0.044800 0.029300 0.107900 0.014200 0.076300 0.000000 0.014200 0.059900 0.028700 0.029000 0.076400 0.126500 0.107200 0.091700 0.124400 0.093700 0.059700 0.014500 0.076300 0.029500 0.059900 0.060200 0.044200 0.029300
Gemsbok 0.044400 0.190800 0.074600 0.185200 0.044100 0.028500 0.029400 0.109200 0.074800 0.159800 0.043900 0.076300 0.014500 0.075500 0.044700 0.109800 0.076200 0.093200 0.074100 0.075600 0.127500 0.028500 0.142600 0.128400 0.029100 0.076200 0.014400 0.060500 0.060700 0.044600 0.125000 0.029400 0.093100 0.014200 0.000000 0.076000 0.043700 0.044100 0.060800 0.126900 0.124500 0.108700 0.142200 0.111100 0.075800 0.029400 0.093000 0.044900 0.075900 0.076400 0.059800 0.044600
Yak 0.059500 0.185000 0.074100 0.144400 0.059800 0.075300 0.044400 0.108700 0.074300 0.139900 0.107900 0.059300 0.060100 0.075200 0.029100 0.092600 0.059200 0.075500 0.123500 0.075100 0.126800 0.075300 0.123200 0.160800 0.091400 0.091800 0.059900 0.060000 0.092600 0.044200 0.106700 0.044400 0.075100 0.059900 0.076000 0.000000 0.075100 0.059800 0.108900 0.124600 0.124000 0.091900 0.123000 0.091900 0.000100 0.044400 0.092500 0.029100 0.075400 0.059300 0.059400 0.044200
BlueSheep 0.028900 0.228400 0.058400 0.182800 0.028700 0.014100 0.044000 0.091400 0.058500 0.158100 0.028600 0.075400 0.028900 0.059000 0.044200 0.091900 0.075200 0.092000 0.058100 0.059100 0.108700 0.014100 0.141000 0.162800 0.014100 0.059500 0.028300 0.044300 0.075600 0.029000 0.123900 0.044000 0.091800 0.028700 0.043700 0.075100 0.000000 0.028700 0.108500 0.142900 0.106400 0.090900 0.140700 0.109700 0.074900 0.043500 0.075600 0.044400 0.059400 0.075500 0.043800 0.029000
BohorReedb 0.044100 0.209500 0.043500 0.165100 0.000000 0.043700 0.028700 0.075700 0.043600 0.141300 0.058800 0.060000 0.029100 0.044000 0.028400 0.076100 0.059900 0.076300 0.089500 0.044100 0.092600 0.043700 0.124500 0.145500 0.043700 0.044400 0.029000 0.029400 0.060200 0.014400 0.107800 0.028400 0.076200 0.029000 0.044100 0.059800 0.028700 0.000000 0.092500 0.126300 0.090700 0.075400 0.124200 0.093500 0.059700 0.028400 0.060200 0.029500 0.044300 0.060100 0.029100 0.014400
KirksDik 0.075900 0.191600 0.107000 0.224500 0.092500 0.092300 0.060400 0.075100 0.107300 0.161200 0.109000 0.109400 0.076700 0.108500 0.076400 0.091500 0.109200 0.127600 0.142100 0.108500 0.091900 0.092300 0.143800 0.129200 0.092300 0.059300 0.076400 0.092900 0.044400 0.076000 0.126400 0.060400 0.127000 0.076400 0.060800 0.108900 0.108500 0.092500 0.000000 0.127500 0.125600 0.090800 0.143400 0.146500 0.108700 0.060400 0.059700 0.076600 0.076300 0.076700 0.091800 0.076000
RoeDeer 0.125800 0.229800 0.141400 0.241500 0.126300 0.143400 0.109300 0.144700 0.141500 0.044300 0.161100 0.091800 0.126500 0.108800 0.091900 0.201200 0.125200 0.143400 0.196400 0.143200 0.145900 0.143400 0.029300 0.045400 0.143400 0.162100 0.126500 0.127000 0.163500 0.109100 0.014500 0.109300 0.143300 0.126500 0.126900 0.124600 0.142900 0.126300 0.127500 0.000000 0.029400 0.199100 0.029200 0.029700 0.124300 0.109300 0.127700 0.092100 0.109700 0.092200 0.125600 0.109100
WhiteLippe 0.106700 0.250500 0.105600 0.240700 0.090700 0.123500 0.090100 0.107600 0.105700 0.043900 0.140400 0.091300 0.108000 0.074400 0.091100 0.160500 0.124500 0.142200 0.174400 0.106800 0.108400 0.123500 0.029100 0.045100 0.123400 0.124300 0.107200 0.091400 0.142400 0.074800 0.014400 0.090800 0.142600 0.107200 0.124500 0.124000 0.106400 0.090700 0.125600 0.029400 0.000000 0.158400 0.029000 0.029600 0.123800 0.090800 0.091600 0.091600 0.075300 0.091700 0.090500 0.074800
ThomsonGaz 0.107600 0.273900 0.106200 0.224300 0.075400 0.107700 0.091600 0.074400 0.106400 0.214700 0.124600 0.125700 0.092300 0.107400 0.091900 0.029000 0.125500 0.144200 0.158000 0.107600 0.091000 0.107700 0.196200 0.221500 0.107700 0.028800 0.091700 0.092200 0.043900 0.075400 0.177800 0.091600 0.143700 0.091700 0.108700 0.091900 0.090900 0.075400 0.090800 0.199100 0.158400 0.000000 0.195800 0.163700 0.091700 0.091600 0.059100 0.092300 0.108000 0.092500 0.091100 0.075400
MuntiacusC 0.123800 0.247900 0.139500 0.237400 0.124200 0.141000 0.107500 0.142300 0.139700 0.014100 0.176700 0.090600 0.125200 0.107000 0.090400 0.198500 0.123500 0.141100 0.193200 0.141300 0.143300 0.141200 0.028800 0.045100 0.158800 0.160300 0.124400 0.125300 0.160700 0.107600 0.014300 0.107500 0.141300 0.124400 0.142200 0.123000 0.140700 0.124200 0.143400 0.029200 0.029000 0.195800 0.000000 0.029400 0.122700 0.107500 0.125500 0.090900 0.108200 0.091000 0.124000 0.107600
WhiteTaile 0.093200 0.252100 0.108500 0.203600 0.093500 0.110000 0.077200 0.111000 0.108600 0.044500 0.144900 0.060500 0.093700 0.076700 0.060500 0.165300 0.092700 0.110100 0.161300 0.109800 0.112000 0.110000 0.029500 0.061300 0.127400 0.127900 0.093700 0.094000 0.129000 0.076900 0.014600 0.077200 0.093500 0.093700 0.111100 0.091900 0.109700 0.093500 0.146500 0.029700 0.029600 0.163700 0.029400 0.000000 0.091700 0.077200 0.094500 0.060600 0.110000 0.092800 0.092900 0.076900
Cattle 0.059400 0.184500 0.073900 0.143800 0.059700 0.075100 0.044300 0.108500 0.074100 0.139500 0.107700 0.059200 0.059900 0.075000 0.029000 0.092400 0.059100 0.075400 0.123200 0.074900 0.126600 0.075100 0.123000 0.160400 0.091200 0.091600 0.059700 0.059900 0.092400 0.044200 0.106500 0.044300 0.075000 0.059700 0.075800 0.000100 0.074900 0.059700 0.108700 0.124300 0.123800 0.091700 0.122700 0.091700 0.000000 0.044300 0.092300 0.029000 0.075300 0.059200 0.059300 0.044200
RoyalAntel 0.014200 0.189300 0.043600 0.146600 0.029200 0.029200 0.000000 0.075800 0.043700 0.124200 0.075200 0.044600 0.014600 0.044100 0.014500 0.092600 0.044500 0.060300 0.074600 0.044200 0.092800 0.028600 0.107800 0.127800 0.059500 0.060000 0.014300 0.029400 0.044800 0.014500 0.091400 0.000000 0.060300 0.014500 0.029400 0.044400 0.043500 0.028400 0.060400 0.109300 0.090800 0.091600 0.107500 0.077200 0.044300 0.000000 0.060300 0.014600 0.044400 0.044600 0.029100 0.014500
Steenbok 0.075800 0.254700 0.074800 0.205600 0.060200 0.092100 0.060300 0.014200 0.075000 0.142800 0.108700 0.060600 0.076800 0.044400 0.060500 0.059700 0.092800 0.110400 0.141800 0.075800 0.029300 0.092100 0.125900 0.147000 0.092100 0.029100 0.076300 0.060600 0.044300 0.044700 0.108900 0.060300 0.110200 0.076300 0.093000 0.092500 0.075600 0.060200 0.059700 0.127700 0.091600 0.059100 0.125500 0.094500 0.092300 0.060300 0.000000 0.060800 0.076200 0.093100 0.059900 0.044700
Impala 0.029300 0.168000 0.043800 0.127700 0.029500 0.044500 0.014600 0.076400 0.043900 0.107100 0.075900 0.029200 0.029600 0.044500 0.000100 0.093000 0.029200 0.044700 0.091200 0.044400 0.093600 0.044500 0.091100 0.127100 0.060000 0.060300 0.029500 0.029600 0.060800 0.014500 0.075100 0.014600 0.044500 0.029500 0.044900 0.029100 0.044400 0.029500 0.076600 0.092100 0.091600 0.092300 0.090900 0.060600 0.029000 0.014600 0.060800 0.000000 0.044500 0.029300 0.029300 0.014500
Klipspring 0.059600 0.150700 0.058700 0.182500 0.044300 0.075300 0.044400 0.092100 0.058800 0.125100 0.091300 0.075700 0.060100 0.059500 0.044500 0.108900 0.075700 0.092400 0.123500 0.059400 0.109500 0.075300 0.108600 0.128300 0.075300 0.075600 0.059900 0.044500 0.092500 0.029200 0.092000 0.044400 0.092200 0.059900 0.075900 0.075400 0.059400 0.044300 0.076300 0.109700 0.075300 0.108000 0.108200 0.110000 0.075300 0.044400 0.076200 0.044500 0.000000 0.044700 0.044100 0.029200
ForestMusk 0.059900 0.168300 0.074500 0.163000 0.060100 0.075700 0.044600 0.109400 0.074700 0.107300 0.108600 0.059600 0.060400 0.075600 0.029200 0.126900 0.059600 0.076000 0.124300 0.075500 0.127600 0.075700 0.091200 0.127300 0.092000 0.092400 0.060200 0.060400 0.093200 0.044500 0.075200 0.044600 0.075700 0.060200 0.076400 0.059300 0.075500 0.060100 0.076700 0.092200 0.091700 0.092500 0.091000 0.092800 0.059200 0.044600 0.093100 0.029300 0.044700 0.000000 0.059700 0.044500
Bushbuck 0.043900 0.167400 0.014100 0.145500 0.029100 0.059300 0.029100 0.075400 0.014200 0.141000 0.074900 0.059400 0.044300 0.043900 0.029200 0.091800 0.059500 0.076000 0.106400 0.014000 0.092300 0.059300 0.124300 0.144100 0.059300 0.059500 0.044200 0.029100 0.075900 0.014300 0.107500 0.029100 0.075700 0.044200 0.059800 0.059400 0.043800 0.029100 0.091800 0.125600 0.090500 0.091100 0.124000 0.092900 0.059300 0.029100 0.059900 0.029300 0.044100 0.059700 0.000000 0.014200
GreaterKud 0.029100 0.187600 0.028700 0.146000 0.014400 0.044200 0.014500 0.059900 0.028700 0.124400 0.059500 0.044300 0.029400 0.029100 0.014500 0.076000 0.044400 0.060400 0.090500 0.028300 0.076400 0.044200 0.107900 0.127000 0.044100 0.044300 0.029300 0.014500 0.060300 0.000000 0.091500 0.014500 0.060200 0.029300 0.044600 0.044200 0.029000 0.014400 0.076000 0.109100 0.074800 0.075400 0.107600 0.076900 0.044200 0.014500 0.044700 0.014500 0.029200 0.044500 0.014200 0.000000
