1
52 1
Argali 0.000000 0.421900 0.145200 0.582100 0.120700 0.003900 0.100300 0.110900 0.137400 0.178700 0.043200 0.112400 0.084100 0.118000 0.114100 0.114500 0.171000 0.164800 0.066100 0.147700 0.106400 0.035500 0.168200 0.168200 0.039400 0.098900 0.077600 0.147000 0.129200 0.140800 0.180400 0.111800 0.183400 0.079600 0.071200 0.107300 0.041500 0.110500 0.109200 0.180200 0.171000 0.111000 0.185000 0.171700 0.115300 0.115800 0.121200 0.112800 0.099400 0.138200 0.145200 0.154100
LesserMous 0.421900 0.000000 0.380200 0.620500 0.425900 0.419700 0.400800 0.395000 0.380400 0.418700 0.412900 0.371700 0.430300 0.404900 0.453400 0.412300 0.401800 0.387700 0.441700 0.376500 0.422700 0.419300 0.432200 0.414300 0.419700 0.422400 0.417000 0.374200 0.419100 0.364900 0.411000 0.406100 0.445900 0.416500 0.386100 0.380700 0.409000 0.410200 0.420500 0.427400 0.420900 0.422900 0.419800 0.412800 0.384500 0.435300 0.406200 0.397600 0.423800 0.406900 0.375600 0.381700
LesserKudu 0.145200 0.380200 0.000000 0.545600 0.126100 0.145300 0.124900 0.142500 0.063600 0.155300 0.148100 0.078300 0.137700 0.138800 0.150100 0.146200 0.143600 0.126500 0.165400 0.036700 0.134300 0.154000 0.170200 0.154300 0.144800 0.145400 0.135200 0.036600 0.143200 0.030800 0.154600 0.130300 0.180600 0.130600 0.110900 0.096600 0.140300 0.120400 0.149800 0.168500 0.161400 0.153400 0.163600 0.153100 0.098500 0.146200 0.142300 0.124300 0.137200 0.123000 0.034700 0.034700
KillerWhal 0.582100 0.620500 0.545600 0.000000 0.596400 0.575500 0.571200 0.595500 0.561000 0.562300 0.569000 0.526700 0.572500 0.592300 0.567500 0.599900 0.553300 0.544100 0.604000 0.556400 0.598600 0.564500 0.546300 0.528300 0.578000 0.593100 0.571900 0.546500 0.613300 0.538700 0.559900 0.582200 0.560000 0.585300 0.565600 0.532000 0.577300 0.548400 0.610100 0.573700 0.566200 0.603300 0.559800 0.525800 0.549200 0.584100 0.543400 0.562700 0.590400 0.521600 0.551100 0.551200
DefassaWat 0.120700 0.425900 0.126100 0.596400 0.000000 0.116400 0.109600 0.124900 0.131500 0.188800 0.115100 0.124100 0.102300 0.114600 0.141000 0.130600 0.171200 0.167400 0.138200 0.135000 0.125200 0.125000 0.195100 0.190300 0.120400 0.123500 0.095700 0.130100 0.136600 0.128300 0.190500 0.112700 0.190800 0.099800 0.093500 0.138900 0.122500 0.048900 0.131700 0.221000 0.193100 0.135800 0.195000 0.198400 0.140700 0.131500 0.135600 0.133200 0.125900 0.163400 0.128200 0.132500
Sheep 0.003900 0.419700 0.145300 0.575500 0.116400 0.000000 0.100400 0.113300 0.137400 0.176600 0.039200 0.112400 0.079900 0.118100 0.109800 0.116900 0.166600 0.160200 0.062300 0.147700 0.108700 0.031500 0.166200 0.170900 0.035400 0.101200 0.073400 0.147100 0.131700 0.140800 0.178300 0.111800 0.179200 0.077500 0.067000 0.107400 0.037500 0.106300 0.111500 0.178100 0.168900 0.113400 0.182900 0.174300 0.115400 0.115800 0.123600 0.108500 0.099500 0.138200 0.145200 0.154100
MaxwellsDu 0.100300 0.400800 0.124900 0.571200 0.109600 0.100400 0.000000 0.115500 0.126200 0.178700 0.105800 0.123100 0.084000 0.055000 0.127300 0.112400 0.180100 0.155200 0.113400 0.131700 0.106900 0.106700 0.173400 0.177900 0.102200 0.109700 0.086000 0.126600 0.122900 0.124500 0.180500 0.047000 0.190300 0.085900 0.071100 0.124300 0.100100 0.106000 0.116100 0.206900 0.171400 0.122000 0.183000 0.188400 0.121800 0.117900 0.115400 0.130500 0.097500 0.140300 0.124800 0.129100
GazellaPrz 0.110900 0.395000 0.142500 0.595500 0.124900 0.113300 0.115500 0.000000 0.145800 0.187200 0.116500 0.136600 0.105700 0.118100 0.133400 0.070600 0.188300 0.189200 0.126400 0.149300 0.054900 0.121800 0.179100 0.181300 0.113100 0.064100 0.103400 0.157400 0.076400 0.146900 0.186700 0.116300 0.189700 0.096900 0.094900 0.140000 0.115100 0.119200 0.080100 0.195500 0.181800 0.075800 0.193400 0.187200 0.146300 0.130600 0.083800 0.134500 0.120800 0.160200 0.149200 0.164500
MountainNy 0.137400 0.380400 0.063600 0.561000 0.131500 0.137400 0.126200 0.145800 0.000000 0.190400 0.131600 0.103300 0.132200 0.133500 0.153600 0.125500 0.172700 0.145700 0.157800 0.053400 0.137600 0.146300 0.196400 0.170300 0.132600 0.144600 0.125200 0.053200 0.144500 0.055200 0.187300 0.133700 0.198900 0.129500 0.112000 0.117800 0.139300 0.119000 0.139900 0.191800 0.189700 0.148200 0.199100 0.171300 0.119600 0.143300 0.130500 0.125600 0.138500 0.142300 0.051300 0.059400
MuntiacusM 0.178700 0.418700 0.155300 0.562300 0.188800 0.176600 0.178700 0.187200 0.190400 0.000000 0.167600 0.144300 0.185500 0.185900 0.191200 0.201300 0.160700 0.138200 0.181600 0.173800 0.185600 0.173900 0.049400 0.092500 0.164200 0.200300 0.177900 0.172900 0.195000 0.162000 0.014100 0.188800 0.177700 0.170400 0.151800 0.155000 0.166400 0.178100 0.212100 0.114200 0.058000 0.213600 0.014100 0.089500 0.161200 0.206300 0.198500 0.166000 0.177200 0.170800 0.171000 0.166500
goat 0.043200 0.412900 0.148100 0.569000 0.115100 0.039200 0.105800 0.116500 0.131600 0.167600 0.000000 0.124200 0.091700 0.119100 0.112900 0.107200 0.164900 0.154100 0.063700 0.155100 0.112000 0.043100 0.159800 0.159800 0.019400 0.117200 0.085200 0.154300 0.126100 0.139300 0.167100 0.112800 0.179600 0.089300 0.070400 0.114800 0.041000 0.105100 0.114800 0.185500 0.162500 0.129400 0.171600 0.168000 0.127200 0.123000 0.120600 0.115900 0.111100 0.149900 0.148000 0.152500
AfricanBuf 0.112400 0.371700 0.078300 0.526700 0.124100 0.112400 0.123100 0.136600 0.103300 0.144300 0.124200 0.000000 0.118100 0.137000 0.128200 0.144800 0.148600 0.135800 0.132400 0.086900 0.128200 0.125500 0.143200 0.139000 0.120800 0.139800 0.111300 0.086500 0.150700 0.084300 0.146100 0.128400 0.174700 0.115500 0.102200 0.060600 0.116400 0.116100 0.148400 0.162700 0.148500 0.147900 0.150500 0.147200 0.066600 0.145000 0.145200 0.104900 0.117700 0.101600 0.084600 0.088800
Topi 0.084100 0.430300 0.137700 0.572500 0.102300 0.079900 0.084000 0.105700 0.132200 0.185500 0.091700 0.118100 0.000000 0.095400 0.117400 0.100500 0.184400 0.163800 0.099200 0.135700 0.101300 0.079700 0.173100 0.186900 0.083900 0.097800 0.017900 0.139500 0.115100 0.133000 0.187200 0.097800 0.187900 0.024000 0.057100 0.121700 0.086000 0.105100 0.110600 0.206100 0.166300 0.110100 0.191900 0.190300 0.123500 0.119000 0.103500 0.114000 0.106900 0.137600 0.133200 0.142100
CommonDuik 0.118000 0.404900 0.138800 0.592300 0.114600 0.118100 0.055000 0.118100 0.133500 0.185900 0.119100 0.137000 0.095400 0.000000 0.138300 0.117200 0.182400 0.162600 0.120300 0.141200 0.111700 0.122200 0.184900 0.182600 0.113400 0.118800 0.097300 0.136100 0.123300 0.134400 0.178300 0.024900 0.206200 0.097200 0.086700 0.140400 0.115500 0.113200 0.127300 0.196900 0.187700 0.131000 0.192200 0.188300 0.137800 0.128800 0.115900 0.137100 0.110600 0.149400 0.130100 0.143100
Suni 0.114100 0.453400 0.150100 0.567500 0.141000 0.109800 0.127300 0.133400 0.153600 0.191200 0.112900 0.128200 0.117400 0.138300 0.000000 0.132800 0.187100 0.178700 0.120500 0.154700 0.123000 0.113900 0.180800 0.192400 0.105200 0.134200 0.110700 0.154000 0.138800 0.147800 0.188100 0.138600 0.190700 0.110500 0.097700 0.121000 0.103000 0.134600 0.144900 0.206700 0.188200 0.142200 0.192700 0.198300 0.127100 0.131300 0.146300 0.096200 0.125900 0.154400 0.147700 0.156500
Springbuck 0.114500 0.412300 0.146200 0.599900 0.130600 0.116900 0.112400 0.070600 0.125500 0.201300 0.107200 0.144800 0.100500 0.117200 0.132800 0.000000 0.199500 0.183800 0.127800 0.148700 0.065700 0.116700 0.193200 0.190700 0.099400 0.048500 0.104600 0.147900 0.044600 0.141600 0.200800 0.113300 0.203100 0.102300 0.091700 0.148200 0.110000 0.129300 0.093600 0.212000 0.186300 0.062200 0.207700 0.191800 0.150000 0.121300 0.080700 0.127200 0.122300 0.173100 0.144000 0.155000
Okapi 0.171000 0.401800 0.143600 0.553300 0.171200 0.166600 0.180100 0.188300 0.172700 0.160700 0.164900 0.148600 0.184400 0.182400 0.187100 0.199500 0.000000 0.069600 0.178200 0.152700 0.175100 0.175600 0.176100 0.173800 0.161600 0.194000 0.172300 0.158700 0.207900 0.148200 0.158000 0.175800 0.172400 0.172000 0.147200 0.147800 0.161500 0.153500 0.198300 0.183200 0.162500 0.206800 0.164600 0.170400 0.149500 0.189700 0.199400 0.178400 0.178200 0.167700 0.150300 0.152400
Giraffe 0.164800 0.387700 0.126500 0.544100 0.167400 0.160200 0.155200 0.189200 0.145700 0.138200 0.154100 0.135800 0.163800 0.162600 0.178700 0.183800 0.069600 0.000000 0.169700 0.137600 0.171300 0.167100 0.148900 0.160600 0.153100 0.190100 0.156600 0.132600 0.194500 0.130900 0.131200 0.156100 0.164200 0.161000 0.136400 0.139300 0.164300 0.158700 0.189700 0.165600 0.140000 0.203000 0.144400 0.157200 0.145700 0.176900 0.177100 0.165700 0.172400 0.143700 0.128700 0.130700
TibetanAnt 0.066100 0.441700 0.165400 0.604000 0.138200 0.062300 0.113400 0.126400 0.157800 0.181600 0.063700 0.132400 0.099200 0.120300 0.120500 0.127800 0.178200 0.169700 0.000000 0.172600 0.117700 0.066300 0.175900 0.182800 0.053800 0.133600 0.096900 0.171700 0.142800 0.161000 0.178700 0.118300 0.183600 0.092400 0.077100 0.124900 0.064100 0.130300 0.135600 0.204300 0.173800 0.146100 0.188000 0.188200 0.137400 0.134700 0.139300 0.132400 0.118800 0.153800 0.160900 0.169900
Sitatunga 0.147700 0.376500 0.036700 0.556400 0.135000 0.147700 0.131700 0.149300 0.053400 0.173800 0.155100 0.086900 0.135700 0.141200 0.154700 0.148700 0.152700 0.137600 0.172600 0.000000 0.141100 0.161100 0.179800 0.163800 0.151800 0.152500 0.133200 0.019100 0.150000 0.021100 0.170900 0.137000 0.187300 0.133000 0.117700 0.103200 0.147300 0.129200 0.152100 0.184900 0.173300 0.160500 0.182400 0.164800 0.105000 0.157600 0.140400 0.128700 0.144100 0.134000 0.017200 0.025000
Oribi 0.106400 0.422700 0.134300 0.598600 0.125200 0.108700 0.106900 0.054900 0.137600 0.185600 0.112000 0.128200 0.101300 0.111700 0.123000 0.065700 0.175100 0.171300 0.117700 0.141100 0.000000 0.117400 0.179900 0.177400 0.108500 0.059200 0.099000 0.145000 0.069500 0.138700 0.185100 0.109800 0.198000 0.096700 0.086000 0.131700 0.110600 0.121600 0.079600 0.189200 0.182600 0.071000 0.191900 0.178600 0.133500 0.124000 0.075100 0.130500 0.116700 0.158800 0.136600 0.147500
BarbaryShe 0.035500 0.419300 0.154000 0.564500 0.125000 0.031500 0.106700 0.121800 0.146300 0.173900 0.043100 0.125500 0.079700 0.122200 0.113900 0.116700 0.175600 0.167100 0.066300 0.161100 0.117400 0.000000 0.165900 0.168300 0.031400 0.114000 0.073200 0.155800 0.136000 0.149500 0.178100 0.120300 0.174300 0.077300 0.066900 0.111500 0.041400 0.114800 0.124500 0.187200 0.168700 0.126200 0.182600 0.171700 0.119600 0.124200 0.125900 0.110400 0.095100 0.137900 0.153900 0.162900
Daviddeer 0.168200 0.432200 0.170200 0.546300 0.195100 0.166200 0.173400 0.179100 0.196400 0.049400 0.159800 0.143200 0.173100 0.184900 0.180800 0.193200 0.176100 0.148900 0.175900 0.179800 0.179900 0.165900 0.000000 0.081200 0.151800 0.187600 0.170400 0.178900 0.201900 0.168000 0.051400 0.187800 0.181600 0.167800 0.155900 0.151800 0.160800 0.184300 0.201400 0.104900 0.036800 0.200700 0.053400 0.082700 0.158000 0.198000 0.188100 0.162800 0.174100 0.156200 0.172400 0.177100
Reindeer 0.168200 0.414300 0.154300 0.528300 0.190300 0.170900 0.177900 0.181300 0.170300 0.092500 0.159800 0.139000 0.186900 0.182600 0.192400 0.190700 0.173800 0.160600 0.182800 0.163800 0.177400 0.168300 0.081200 0.000000 0.158700 0.189800 0.184100 0.163000 0.208900 0.152100 0.094400 0.178500 0.202300 0.179500 0.165300 0.142500 0.167700 0.179500 0.191700 0.092000 0.092200 0.198100 0.094300 0.034300 0.153100 0.190200 0.185600 0.169600 0.181000 0.167400 0.161100 0.156500
Ibex 0.039400 0.419700 0.144800 0.578000 0.120400 0.035400 0.102200 0.113100 0.132600 0.164200 0.019400 0.120800 0.083900 0.113400 0.105200 0.099400 0.161600 0.153100 0.053800 0.151800 0.108500 0.031400 0.151800 0.158700 0.000000 0.113800 0.077300 0.151000 0.127100 0.136000 0.163700 0.111500 0.169500 0.081400 0.066700 0.107000 0.037300 0.110200 0.115700 0.182300 0.154500 0.126000 0.168200 0.162200 0.119300 0.119600 0.121500 0.108100 0.099100 0.142100 0.144700 0.149200
GyrantGaze 0.098900 0.422400 0.145400 0.593100 0.123500 0.101200 0.109700 0.064100 0.144600 0.200300 0.117200 0.139800 0.097800 0.118800 0.134200 0.048500 0.194000 0.190100 0.133600 0.152500 0.059200 0.114000 0.187600 0.189800 0.113800 0.000000 0.097600 0.151800 0.054300 0.145600 0.199800 0.116900 0.198000 0.095300 0.093300 0.143100 0.115900 0.122200 0.086800 0.191900 0.190200 0.017000 0.206600 0.186200 0.144900 0.122800 0.082300 0.135300 0.123800 0.165700 0.147900 0.158800
Hartebeest 0.077600 0.417000 0.135200 0.571900 0.095700 0.073400 0.086000 0.103400 0.125200 0.177900 0.085200 0.111300 0.017900 0.097300 0.110700 0.104600 0.172300 0.156600 0.096900 0.133200 0.099000 0.073200 0.170400 0.184100 0.077300 0.097600 0.000000 0.137000 0.114800 0.130500 0.179600 0.099700 0.185200 0.019900 0.050700 0.117000 0.079500 0.094200 0.108200 0.198400 0.163600 0.105500 0.179400 0.187500 0.118900 0.116600 0.105400 0.098600 0.104600 0.137200 0.130700 0.139600
Bongo 0.147000 0.374200 0.036600 0.546500 0.130100 0.147100 0.126600 0.157400 0.053200 0.172900 0.154300 0.086500 0.139500 0.136100 0.154000 0.147900 0.158700 0.132600 0.171700 0.019100 0.145000 0.155800 0.178900 0.163000 0.151000 0.151800 0.137000 0.000000 0.149300 0.021000 0.170000 0.132000 0.186600 0.136800 0.121500 0.098500 0.146600 0.124300 0.156000 0.188700 0.172400 0.159800 0.181400 0.163900 0.104500 0.152500 0.139700 0.128100 0.139000 0.129000 0.017100 0.024900
Gerenuk 0.129200 0.419100 0.143200 0.613300 0.136600 0.131700 0.122900 0.076400 0.144500 0.195000 0.126100 0.150700 0.115100 0.123300 0.138800 0.044600 0.207900 0.194500 0.142800 0.150000 0.069500 0.136000 0.201900 0.208900 0.127100 0.054300 0.114800 0.149300 0.000000 0.147500 0.194500 0.127900 0.211800 0.108200 0.101700 0.154100 0.124700 0.135400 0.103700 0.211000 0.204600 0.068000 0.206100 0.210000 0.155900 0.135700 0.086500 0.137700 0.137100 0.176800 0.145400 0.151900
CommonElan 0.140800 0.364900 0.030800 0.538700 0.128300 0.140800 0.124500 0.146900 0.055200 0.162000 0.139300 0.084300 0.133000 0.134400 0.147800 0.141600 0.148200 0.130900 0.161000 0.021100 0.138700 0.149500 0.168000 0.152100 0.136000 0.145600 0.130500 0.021000 0.147500 0.000000 0.159100 0.130200 0.176000 0.130300 0.115300 0.096700 0.136000 0.122000 0.149800 0.182400 0.161500 0.153600 0.170400 0.153200 0.102700 0.150300 0.133600 0.117700 0.137200 0.127100 0.019100 0.023000
MuntiacusR 0.180400 0.411000 0.154600 0.559900 0.190500 0.178300 0.180500 0.186700 0.187300 0.014100 0.167100 0.146100 0.187200 0.178300 0.188100 0.200800 0.158000 0.131200 0.178700 0.170900 0.185100 0.178100 0.051400 0.094400 0.163700 0.199800 0.179600 0.170000 0.194500 0.159100 0.000000 0.185800 0.177200 0.172200 0.153600 0.156700 0.168100 0.179800 0.211600 0.107400 0.055800 0.213000 0.016100 0.091500 0.162900 0.208000 0.193300 0.167700 0.178900 0.172500 0.163600 0.163600
HarveysDui 0.111800 0.406100 0.130300 0.582200 0.112700 0.111800 0.047000 0.116300 0.133700 0.188800 0.112800 0.128400 0.097800 0.024900 0.138600 0.113300 0.175800 0.156100 0.118300 0.137000 0.109800 0.120300 0.187800 0.178500 0.111500 0.116900 0.099700 0.132000 0.127900 0.130200 0.185800 0.000000 0.204300 0.099600 0.084800 0.136300 0.115800 0.111300 0.116800 0.204500 0.185700 0.129100 0.195100 0.188900 0.133800 0.135600 0.122500 0.137400 0.110900 0.147500 0.125900 0.138900
Pronghorn 0.183400 0.445900 0.180600 0.560000 0.190800 0.179200 0.190300 0.189700 0.198900 0.177700 0.179600 0.174700 0.187900 0.206200 0.190700 0.203100 0.172400 0.164200 0.183600 0.187300 0.198000 0.174300 0.181600 0.202300 0.169500 0.198000 0.185200 0.186600 0.211800 0.176000 0.177200 0.204300 0.000000 0.180400 0.162100 0.169400 0.183100 0.184500 0.204400 0.216500 0.188600 0.201500 0.179300 0.191600 0.175700 0.204100 0.200500 0.186700 0.181600 0.166900 0.184600 0.180200
BlueWildeb 0.079600 0.416500 0.130600 0.585300 0.099800 0.077500 0.085900 0.096900 0.129500 0.170400 0.089300 0.115500 0.024000 0.097200 0.110500 0.102300 0.172000 0.161000 0.092400 0.133000 0.096700 0.077300 0.167800 0.179500 0.081400 0.095300 0.019900 0.136800 0.108200 0.130300 0.172200 0.099600 0.180400 0.000000 0.050600 0.119000 0.083600 0.098300 0.110200 0.193800 0.156300 0.107600 0.176800 0.183000 0.120900 0.110000 0.107400 0.098500 0.104400 0.137000 0.130600 0.135000
Gemsbok 0.071200 0.386100 0.110900 0.565600 0.093500 0.067000 0.071100 0.094900 0.112000 0.151800 0.070400 0.102200 0.057100 0.086700 0.097700 0.091700 0.147200 0.136400 0.077100 0.117700 0.086000 0.066900 0.155900 0.165300 0.066700 0.093300 0.050700 0.121500 0.101700 0.115300 0.153600 0.084800 0.162100 0.050600 0.000000 0.105400 0.056300 0.083400 0.108200 0.186700 0.149200 0.105500 0.158200 0.168700 0.107300 0.101400 0.105400 0.096300 0.089300 0.132600 0.115300 0.119500
Yak 0.107300 0.380700 0.096600 0.532000 0.138900 0.107400 0.124300 0.140000 0.117800 0.155000 0.114800 0.060600 0.121700 0.140400 0.121000 0.148200 0.147800 0.139300 0.124900 0.103200 0.131700 0.111500 0.151800 0.142500 0.107000 0.143100 0.117000 0.098500 0.154100 0.096700 0.156700 0.136300 0.169400 0.119000 0.105400 0.000000 0.106900 0.128500 0.147300 0.170800 0.159000 0.155700 0.161200 0.150600 0.025300 0.154800 0.148500 0.110600 0.121300 0.100900 0.096600 0.100800
BlueSheep 0.041500 0.409000 0.140300 0.577300 0.122500 0.037500 0.100100 0.115100 0.139300 0.166400 0.041000 0.116400 0.086000 0.115500 0.103000 0.110000 0.161500 0.164300 0.064100 0.147300 0.110600 0.041400 0.160800 0.167700 0.037300 0.115900 0.079500 0.146600 0.124700 0.136000 0.168100 0.115800 0.183100 0.083600 0.056300 0.106900 0.000000 0.112300 0.123900 0.182000 0.154200 0.128100 0.172600 0.171200 0.114900 0.111000 0.127900 0.101600 0.096900 0.137800 0.140300 0.144700
BohorReedb 0.110500 0.410200 0.120400 0.548400 0.048900 0.106300 0.106000 0.119200 0.119000 0.178100 0.105100 0.116100 0.105100 0.113200 0.134600 0.129300 0.153500 0.158700 0.130300 0.129200 0.121600 0.114800 0.184300 0.179500 0.110200 0.122200 0.094200 0.124300 0.135400 0.122000 0.179800 0.111300 0.184500 0.098300 0.083400 0.128500 0.112300 0.000000 0.134700 0.215100 0.182300 0.134500 0.184400 0.187700 0.130400 0.134600 0.138600 0.123000 0.116000 0.159500 0.122500 0.126700
KirksDik 0.109200 0.420500 0.149800 0.610100 0.131700 0.111500 0.116100 0.080100 0.139900 0.212100 0.114800 0.148400 0.110600 0.127300 0.144900 0.093600 0.198300 0.189700 0.135600 0.152100 0.079600 0.124500 0.201400 0.191700 0.115700 0.086800 0.108200 0.156000 0.103700 0.149800 0.211600 0.116800 0.204400 0.110200 0.108200 0.147300 0.123900 0.134700 0.000000 0.210300 0.204200 0.098700 0.218500 0.200100 0.149200 0.144200 0.070000 0.150500 0.136600 0.160800 0.143300 0.158700
RoeDeer 0.180200 0.427400 0.168500 0.573700 0.221000 0.178100 0.206900 0.195500 0.191800 0.114200 0.185500 0.162700 0.206100 0.196900 0.206700 0.212000 0.183200 0.165600 0.204300 0.184900 0.189200 0.187200 0.104900 0.092000 0.182300 0.191900 0.198400 0.188700 0.211000 0.182400 0.107400 0.204500 0.216500 0.193800 0.186700 0.170800 0.182000 0.215100 0.210300 0.000000 0.105100 0.199700 0.116000 0.085000 0.176900 0.199700 0.197200 0.198100 0.204700 0.161700 0.177700 0.189000
WhiteLippe 0.171000 0.420900 0.161400 0.566200 0.193100 0.168900 0.171400 0.181800 0.189700 0.058000 0.162500 0.148500 0.166300 0.187700 0.188200 0.186300 0.162500 0.140000 0.173800 0.173300 0.182600 0.168700 0.036800 0.092200 0.154500 0.190200 0.163600 0.172400 0.204600 0.161500 0.055800 0.185700 0.188600 0.156300 0.149200 0.159000 0.154200 0.182300 0.204200 0.105100 0.000000 0.203300 0.062000 0.089300 0.165300 0.193500 0.195600 0.170200 0.181600 0.172600 0.165900 0.165800
ThomsonGaz 0.111000 0.422900 0.153400 0.603300 0.135800 0.113400 0.122000 0.075800 0.148200 0.213600 0.129400 0.147900 0.110100 0.131000 0.142200 0.062200 0.206800 0.203000 0.146100 0.160500 0.071000 0.126200 0.200700 0.198100 0.126000 0.017000 0.105500 0.159800 0.068000 0.153600 0.213000 0.129100 0.201500 0.107600 0.105500 0.155700 0.128100 0.134500 0.098700 0.199700 0.203300 0.000000 0.215000 0.194400 0.157400 0.130700 0.094100 0.139000 0.136100 0.178200 0.155900 0.166800
MuntiacusC 0.185000 0.419800 0.163600 0.559800 0.195000 0.182900 0.183000 0.193400 0.199100 0.014100 0.171600 0.150500 0.191900 0.192200 0.192700 0.207700 0.164600 0.144400 0.188000 0.182400 0.191900 0.182600 0.053400 0.094300 0.168200 0.206600 0.179400 0.181400 0.206100 0.170400 0.016100 0.195100 0.179300 0.176800 0.158200 0.161200 0.172600 0.184400 0.218500 0.116000 0.062000 0.215000 0.000000 0.097900 0.167500 0.212600 0.204800 0.167600 0.183500 0.177000 0.179500 0.175000
WhiteTaile 0.171700 0.412800 0.153100 0.525800 0.198400 0.174300 0.188400 0.187200 0.171300 0.089500 0.168000 0.147200 0.190300 0.188300 0.198300 0.191800 0.170400 0.157200 0.188200 0.164800 0.178600 0.171700 0.082700 0.034300 0.162200 0.186200 0.187500 0.163900 0.210000 0.153200 0.091500 0.188900 0.191600 0.183000 0.168700 0.150600 0.171200 0.187700 0.200100 0.085000 0.089300 0.194400 0.097900 0.000000 0.161200 0.193600 0.189200 0.177700 0.184600 0.166300 0.157600 0.152900
Cattle 0.115300 0.384500 0.098500 0.549200 0.140700 0.115400 0.121800 0.146300 0.119600 0.161200 0.127200 0.066600 0.123500 0.137800 0.127100 0.150000 0.149500 0.145700 0.137400 0.105000 0.133500 0.119600 0.158000 0.153100 0.119300 0.144900 0.118900 0.104500 0.155900 0.102700 0.162900 0.133800 0.175700 0.120900 0.107300 0.025300 0.114900 0.130400 0.149200 0.176900 0.165300 0.157400 0.167500 0.161200 0.000000 0.156700 0.154800 0.112500 0.127200 0.111300 0.098400 0.106900
RoyalAntel 0.115800 0.435300 0.146200 0.584100 0.131500 0.115800 0.117900 0.130600 0.143300 0.206300 0.123000 0.145000 0.119000 0.128800 0.131300 0.121300 0.189700 0.176900 0.134700 0.157600 0.124000 0.124200 0.198000 0.190200 0.119600 0.122800 0.116600 0.152500 0.135700 0.150300 0.208000 0.135600 0.204100 0.110000 0.101400 0.154800 0.111000 0.134600 0.144200 0.199700 0.193500 0.130700 0.212600 0.193600 0.156700 0.000000 0.128300 0.145600 0.125300 0.170700 0.150600 0.150500
Steenbok 0.121200 0.406200 0.142300 0.543400 0.135600 0.123600 0.115400 0.083800 0.130500 0.198500 0.120600 0.145200 0.103500 0.115900 0.146300 0.080700 0.199400 0.177100 0.139300 0.140400 0.075100 0.125900 0.188100 0.185600 0.121500 0.082300 0.105400 0.139700 0.086500 0.133600 0.193300 0.122500 0.200500 0.107400 0.105400 0.148500 0.127900 0.138600 0.070000 0.197200 0.195600 0.094100 0.204800 0.189200 0.154800 0.128300 0.000000 0.145200 0.131500 0.159800 0.135900 0.151000
Impala 0.112800 0.397600 0.124300 0.562700 0.133200 0.108500 0.130500 0.134500 0.125600 0.166000 0.115900 0.104900 0.114000 0.137100 0.096200 0.127200 0.178400 0.165700 0.132400 0.128700 0.130500 0.110400 0.162800 0.169600 0.108100 0.135300 0.098600 0.128100 0.137700 0.117700 0.167700 0.137400 0.186700 0.098500 0.096300 0.110600 0.101600 0.123000 0.150500 0.198100 0.170200 0.139000 0.167600 0.177700 0.112500 0.145600 0.145200 0.000000 0.122400 0.132900 0.122000 0.126300
Klipspring 0.099400 0.423800 0.137200 0.590400 0.125900 0.099500 0.097500 0.120800 0.138500 0.177200 0.111100 0.117700 0.106900 0.110600 0.125900 0.122300 0.178200 0.172400 0.118800 0.144100 0.116700 0.095100 0.174100 0.181000 0.099100 0.123800 0.104600 0.139000 0.137100 0.137200 0.178900 0.110900 0.181600 0.104400 0.089300 0.121300 0.096900 0.116000 0.136600 0.204700 0.181600 0.136100 0.183500 0.184600 0.127200 0.125300 0.131500 0.122400 0.000000 0.152300 0.137200 0.145900
ForestMusk 0.138200 0.406900 0.123000 0.521600 0.163400 0.138200 0.140300 0.160200 0.142300 0.170800 0.149900 0.101600 0.137600 0.149400 0.154400 0.173100 0.167700 0.143700 0.153800 0.134000 0.158800 0.137900 0.156200 0.167400 0.142100 0.165700 0.137200 0.129000 0.176800 0.127100 0.172500 0.147500 0.166900 0.137000 0.132600 0.100900 0.137800 0.159500 0.160800 0.161700 0.172600 0.178200 0.177000 0.166300 0.111300 0.170700 0.159800 0.132900 0.152300 0.000000 0.127200 0.135800
Bushbuck 0.145200 0.375600 0.034700 0.551100 0.128200 0.145200 0.124800 0.149200 0.051300 0.171000 0.148000 0.084600 0.133200 0.130100 0.147700 0.144000 0.150300 0.128700 0.160900 0.017200 0.136600 0.153900 0.172400 0.161100 0.144700 0.147900 0.130700 0.017100 0.145400 0.019100 0.163600 0.125900 0.184600 0.130600 0.115300 0.096600 0.140300 0.122500 0.143300 0.177700 0.165900 0.155900 0.179500 0.157600 0.098400 0.150600 0.135900 0.122000 0.137200 0.127200 0.000000 0.023000
GreaterKud 0.154100 0.381700 0.034700 0.551200 0.132500 0.154100 0.129100 0.164500 0.059400 0.166500 0.152500 0.088800 0.142100 0.143100 0.156500 0.155000 0.152400 0.130700 0.169900 0.025000 0.147500 0.162900 0.177100 0.156500 0.149200 0.158800 0.139600 0.024900 0.151900 0.023000 0.163600 0.138900 0.180200 0.135000 0.119500 0.100800 0.144700 0.126700 0.158700 0.189000 0.165800 0.166800 0.175000 0.152900 0.106900 0.150500 0.151000 0.126300 0.145900 0.135800 0.023000 0.000000
