CODONML (in paml version 4.10.7, June 2023)  /home/rachel/ruminants_paml/6406-phy-tree/ENSBTAT00000028368.fasta.phy
Model: free dN/dS Ratios for branches,  kappa = 2.000 fixed

Codon frequency model: F3x4
ns =  54  ls =  51

Codon usage in sequences
--------------------------------------------------------------------------------------------------------------------------------------
Phe TTT   1   1   1   1   1   1 | Ser TCT   1   0   1   1   1   1 | Tyr TAT   1   1   1   0   1   1 | Cys TGT   0   0   0   0   0   0
    TTC   1   1   1   1   1   1 |     TCC   0   0   0   0   0   0 |     TAC   1   1   1   2   1   1 |     TGC   1   1   1   1   1   1
Leu TTA   1   1   1   1   1   1 |     TCA   1   1   1   1   1   1 | *** TAA   0   0   0   0   0   0 | *** TGA   0   0   0   0   0   0
    TTG   2   2   2   2   1   1 |     TCG   0   0   0   0   0   0 |     TAG   0   0   0   0   0   0 | Trp TGG   0   0   0   0   0   0
--------------------------------------------------------------------------------------------------------------------------------------
Leu CTT   1   1   1   1   0   1 | Pro CCT   2   2   1   2   1   2 | His CAT   0   0   0   0   0   0 | Arg CGT   0   0   0   0   0   0
    CTC   0   0   0   0   0   0 |     CCC   0   0   1   0   0   0 |     CAC   0   0   0   0   0   0 |     CGC   0   0   0   0   0   0
    CTA   0   0   0   0   1   0 |     CCA   0   0   0   0   0   0 | Gln CAA   1   1   1   1   2   2 |     CGA   0   0   0   0   0   0
    CTG   1   1   1   1   2   2 |     CCG   0   0   0   0   1   0 |     CAG   1   1   1   1   0   0 |     CGG   0   0   0   0   0   0
--------------------------------------------------------------------------------------------------------------------------------------
Ile ATT   2   1   2   2   2   2 | Thr ACT   2   2   2   2   1   1 | Asn AAT   0   0   0   0   0   0 | Ser AGT   1   1   1   1   0   1
    ATC   2   3   2   2   2   2 |     ACC   0   0   0   0   0   0 |     AAC   0   0   0   0   0   0 |     AGC   1   1   1   1   2   1
    ATA   0   0   0   0   0   0 |     ACA   1   1   1   1   2   2 | Lys AAA   2   2   2   2   2   1 | Arg AGA   0   0   0   0   0   0
Met ATG   2   2   2   2   2   2 |     ACG   0   0   0   0   0   0 |     AAG   4   4   4   4   4   5 |     AGG   3   3   3   3   3   3
--------------------------------------------------------------------------------------------------------------------------------------
Val GTT   0   0   0   0   0   0 | Ala GCT   1   2   1   1   2   1 | Asp GAT   1   1   1   1   1   1 | Gly GGT   1   1   0   1   1   1
    GTC   3   2   2   2   2   2 |     GCC   0   2   1   1   2   2 |     GAC   0   0   0   0   0   0 |     GGC   1   1   2   1   1   1
    GTA   0   0   0   0   0   0 |     GCA   2   2   2   3   1   2 | Glu GAA   3   3   3   2   3   3 |     GGA   2   2   2   2   1   2
    GTG   0   0   0   0   0   0 |     GCG   1   0   1   0   0   0 |     GAG   0   0   0   1   0   0 |     GGG   0   0   0   0   1   0
--------------------------------------------------------------------------------------------------------------------------------------

--------------------------------------------------------------------------------------------------------------------------------------
Phe TTT   1   1   1   1   1   1 | Ser TCT   1   1   1   1   1   1 | Tyr TAT   1   1   1   1   1   1 | Cys TGT   0   0   0   0   0   0
    TTC   1   1   1   1   1   1 |     TCC   0   0   0   0   0   0 |     TAC   1   1   1   1   1   1 |     TGC   1   1   1   1   1   1
Leu TTA   1   1   1   1   2   1 |     TCA   1   1   1   1   1   1 | *** TAA   0   0   0   0   0   0 | *** TGA   0   0   0   0   0   0
    TTG   2   2   2   2   1   2 |     TCG   0   0   0   0   0   0 |     TAG   0   0   0   0   0   0 | Trp TGG   0   0   0   0   0   0
--------------------------------------------------------------------------------------------------------------------------------------
Leu CTT   1   1   1   1   1   1 | Pro CCT   2   2   2   2   1   2 | His CAT   0   0   0   0   0   0 | Arg CGT   0   0   0   0   0   0
    CTC   0   0   0   0   0   0 |     CCC   0   0   0   0   1   0 |     CAC   0   0   0   0   0   0 |     CGC   0   0   0   0   0   0
    CTA   0   0   0   0   0   0 |     CCA   0   0   0   0   0   0 | Gln CAA   1   1   1   1   1   1 |     CGA   0   0   0   0   0   0
    CTG   1   1   1   1   1   1 |     CCG   0   0   0   0   0   0 |     CAG   1   1   1   1   1   1 |     CGG   0   0   0   0   0   0
--------------------------------------------------------------------------------------------------------------------------------------
Ile ATT   2   2   2   2   1   2 | Thr ACT   2   2   2   2   2   2 | Asn AAT   0   0   0   0   0   0 | Ser AGT   1   1   1   1   1   1
    ATC   2   2   2   2   3   2 |     ACC   0   0   0   0   0   0 |     AAC   0   0   0   0   0   0 |     AGC   1   1   1   1   1   1
    ATA   0   0   0   0   0   0 |     ACA   1   1   1   1   1   1 | Lys AAA   2   2   1   1   2   2 | Arg AGA   0   0   0   0   0   0
Met ATG   2   2   2   2   2   2 |     ACG   0   0   0   0   0   0 |     AAG   4   4   5   5   4   4 |     AGG   3   3   3   3   3   3
--------------------------------------------------------------------------------------------------------------------------------------
Val GTT   0   0   0   0   0   0 | Ala GCT   1   1   1   1   1   1 | Asp GAT   1   1   1   1   1   1 | Gly GGT   1   1   1   1   0   1
    GTC   2   3   2   2   2   2 |     GCC   1   0   1   1   1   1 |     GAC   0   0   0   0   0   0 |     GGC   1   1   1   1   2   1
    GTA   0   0   0   0   0   0 |     GCA   2   2   2   2   2   2 | Glu GAA   3   3   3   3   3   3 |     GGA   2   2   2   2   2   2
    GTG   0   0   0   0   0   0 |     GCG   1   1   1   1   1   1 |     GAG   0   0   0   0   0   0 |     GGG   0   0   0   0   0   0
--------------------------------------------------------------------------------------------------------------------------------------

--------------------------------------------------------------------------------------------------------------------------------------
Phe TTT   1   1   1   1   2   1 | Ser TCT   1   1   1   1   1   1 | Tyr TAT   1   1   1   1   1   1 | Cys TGT   0   0   0   0   0   0
    TTC   1   1   1   1   0   1 |     TCC   0   0   0   0   0   0 |     TAC   1   1   1   1   1   1 |     TGC   1   1   1   1   1   1
Leu TTA   1   1   1   1   1   1 |     TCA   1   1   1   1   1   1 | *** TAA   0   0   0   0   0   0 | *** TGA   0   0   0   0   0   0
    TTG   2   2   2   2   2   2 |     TCG   0   0   0   0   0   0 |     TAG   0   0   0   0   0   0 | Trp TGG   0   0   0   0   0   0
--------------------------------------------------------------------------------------------------------------------------------------
Leu CTT   1   1   1   1   1   1 | Pro CCT   2   2   2   2   2   2 | His CAT   0   0   0   0   0   0 | Arg CGT   0   0   0   0   0   0
    CTC   0   0   0   0   0   0 |     CCC   0   0   0   0   0   0 |     CAC   0   0   0   0   0   0 |     CGC   0   0   0   0   0   0
    CTA   0   0   0   0   0   0 |     CCA   0   0   0   0   0   0 | Gln CAA   1   1   1   1   2   1 |     CGA   0   0   0   0   0   0
    CTG   1   1   1   1   1   1 |     CCG   0   0   0   0   0   0 |     CAG   1   1   1   1   0   1 |     CGG   0   0   1   0   0   0
--------------------------------------------------------------------------------------------------------------------------------------
Ile ATT   2   2   2   2   2   2 | Thr ACT   2   2   2   2   2   2 | Asn AAT   0   0   0   0   0   0 | Ser AGT   1   1   1   1   1   1
    ATC   2   2   2   2   2   2 |     ACC   0   0   0   0   0   0 |     AAC   0   0   0   0   0   0 |     AGC   1   1   1   1   1   1
    ATA   0   0   0   0   0   0 |     ACA   1   1   1   1   1   1 | Lys AAA   2   2   2   1   1   1 | Arg AGA   0   0   0   0   0   0
Met ATG   2   2   2   2   2   2 |     ACG   0   0   0   0   0   0 |     AAG   4   4   4   5   5   5 |     AGG   3   3   2   3   3   3
--------------------------------------------------------------------------------------------------------------------------------------
Val GTT   0   0   0   0   0   0 | Ala GCT   1   1   1   1   1   1 | Asp GAT   1   1   1   1   1   1 | Gly GGT   1   1   1   1   1   1
    GTC   2   2   2   2   2   2 |     GCC   1   1   1   1   1   3 |     GAC   0   0   0   0   0   0 |     GGC   1   1   1   1   1   1
    GTA   0   0   0   0   0   0 |     GCA   2   2   2   1   2   1 | Glu GAA   3   3   3   3   3   3 |     GGA   2   2   2   2   2   2
    GTG   0   0   0   0   0   0 |     GCG   1   1   1   2   1   0 |     GAG   0   0   0   0   0   0 |     GGG   0   0   0   0   0   0
--------------------------------------------------------------------------------------------------------------------------------------

--------------------------------------------------------------------------------------------------------------------------------------
Phe TTT   1   1   1   1   1   1 | Ser TCT   1   1   1   1   1   1 | Tyr TAT   1   1   1   1   1   1 | Cys TGT   0   0   0   0   0   0
    TTC   1   1   1   1   1   1 |     TCC   0   0   0   0   0   0 |     TAC   1   1   1   1   1   1 |     TGC   1   1   1   1   1   1
Leu TTA   1   1   1   1   1   1 |     TCA   1   1   1   1   1   1 | *** TAA   0   0   0   0   0   0 | *** TGA   0   0   0   0   0   0
    TTG   2   2   2   3   2   2 |     TCG   0   0   0   0   0   0 |     TAG   0   0   0   0   0   0 | Trp TGG   0   0   0   0   0   0
--------------------------------------------------------------------------------------------------------------------------------------
Leu CTT   1   1   1   1   1   1 | Pro CCT   2   2   2   1   2   2 | His CAT   0   0   0   0   0   0 | Arg CGT   0   0   0   0   0   0
    CTC   0   0   0   0   0   0 |     CCC   0   0   0   1   0   0 |     CAC   0   0   0   0   0   0 |     CGC   0   0   0   0   0   0
    CTA   0   0   0   0   0   0 |     CCA   0   0   0   0   0   0 | Gln CAA   1   1   1   1   1   1 |     CGA   0   0   0   0   0   0
    CTG   1   1   1   0   1   1 |     CCG   0   0   0   0   0   0 |     CAG   1   1   1   1   1   1 |     CGG   0   0   0   0   0   0
--------------------------------------------------------------------------------------------------------------------------------------
Ile ATT   2   2   2   2   2   2 | Thr ACT   2   2   2   2   2   2 | Asn AAT   0   0   0   0   0   0 | Ser AGT   1   1   1   1   1   1
    ATC   2   2   2   2   2   2 |     ACC   0   0   0   0   0   0 |     AAC   0   0   0   0   0   0 |     AGC   1   1   1   1   1   1
    ATA   0   0   0   0   0   0 |     ACA   1   1   1   1   1   1 | Lys AAA   2   2   2   2   1   2 | Arg AGA   0   0   1   0   0   0
Met ATG   2   2   2   2   2   2 |     ACG   0   0   0   0   0   0 |     AAG   4   4   4   4   5   4 |     AGG   3   3   2   3   3   3
--------------------------------------------------------------------------------------------------------------------------------------
Val GTT   0   0   0   0   0   0 | Ala GCT   1   1   1   1   1   1 | Asp GAT   1   1   1   1   1   1 | Gly GGT   1   1   1   0   1   1
    GTC   2   2   2   2   2   2 |     GCC   1   1   1   1   1   1 |     GAC   0   0   0   0   0   0 |     GGC   1   1   1   2   1   1
    GTA   0   0   0   0   0   0 |     GCA   2   2   2   2   2   2 | Glu GAA   3   3   3   3   3   3 |     GGA   2   2   2   2   2   2
    GTG   0   0   0   0   0   0 |     GCG   1   1   1   1   1   1 |     GAG   0   0   0   0   0   0 |     GGG   0   0   0   0   0   0
--------------------------------------------------------------------------------------------------------------------------------------

--------------------------------------------------------------------------------------------------------------------------------------
Phe TTT   1   1   1   1   1   1 | Ser TCT   1   1   1   1   1   1 | Tyr TAT   1   1   1   1   1   1 | Cys TGT   0   0   0   0   0   0
    TTC   1   1   1   1   1   1 |     TCC   0   0   0   0   0   0 |     TAC   1   1   1   1   1   1 |     TGC   1   1   1   1   1   1
Leu TTA   1   1   1   1   1   2 |     TCA   1   1   1   1   1   1 | *** TAA   0   0   0   0   0   0 | *** TGA   0   0   0   0   0   0
    TTG   2   2   2   2   2   1 |     TCG   0   0   0   0   0   0 |     TAG   0   0   0   0   0   0 | Trp TGG   0   0   0   0   0   0
--------------------------------------------------------------------------------------------------------------------------------------
Leu CTT   2   1   1   1   1   1 | Pro CCT   2   2   2   2   2   1 | His CAT   0   0   0   0   0   0 | Arg CGT   0   0   0   0   0   0
    CTC   0   0   0   0   0   0 |     CCC   0   0   0   0   0   1 |     CAC   0   0   0   0   0   0 |     CGC   0   0   0   0   0   0
    CTA   0   0   0   0   0   0 |     CCA   0   0   0   0   0   0 | Gln CAA   1   1   1   2   1   1 |     CGA   0   0   0   0   0   0
    CTG   0   1   1   1   1   1 |     CCG   0   0   0   0   0   0 |     CAG   1   1   1   0   1   1 |     CGG   0   0   0   0   1   0
--------------------------------------------------------------------------------------------------------------------------------------
Ile ATT   2   2   2   2   2   1 | Thr ACT   2   2   2   2   2   2 | Asn AAT   0   0   0   0   0   0 | Ser AGT   1   1   1   1   1   1
    ATC   2   2   2   2   2   3 |     ACC   0   0   0   0   0   0 |     AAC   0   0   0   0   0   0 |     AGC   1   1   1   1   1   1
    ATA   0   0   0   0   0   0 |     ACA   1   1   1   1   1   1 | Lys AAA   2   2   2   1   2   2 | Arg AGA   0   0   0   0   0   0
Met ATG   2   2   2   2   2   2 |     ACG   0   0   0   0   0   0 |     AAG   4   4   4   5   4   4 |     AGG   3   3   3   3   2   3
--------------------------------------------------------------------------------------------------------------------------------------
Val GTT   0   0   0   0   0   0 | Ala GCT   1   1   1   1   1   1 | Asp GAT   1   1   1   1   1   1 | Gly GGT   1   1   1   1   1   0
    GTC   2   2   2   2   2   2 |     GCC   1   1   1   1   1   1 |     GAC   0   0   0   0   0   0 |     GGC   1   2   1   1   1   2
    GTA   0   0   0   0   0   0 |     GCA   2   2   2   2   2   2 | Glu GAA   3   3   3   3   3   3 |     GGA   2   1   2   2   2   2
    GTG   0   0   0   0   0   0 |     GCG   1   1   1   1   1   1 |     GAG   0   0   0   0   0   0 |     GGG   0   0   0   0   0   0
--------------------------------------------------------------------------------------------------------------------------------------

--------------------------------------------------------------------------------------------------------------------------------------
Phe TTT   1   1   1   1   1   1 | Ser TCT   1   1   1   1   1   1 | Tyr TAT   1   1   1   1   1   1 | Cys TGT   0   0   0   0   0   0
    TTC   1   1   1   1   1   1 |     TCC   0   0   0   0   0   0 |     TAC   1   1   1   1   1   1 |     TGC   1   1   1   1   1   1
Leu TTA   1   2   1   1   1   1 |     TCA   1   1   1   1   1   1 | *** TAA   0   0   0   0   0   0 | *** TGA   0   0   0   0   0   0
    TTG   2   1   2   2   2   2 |     TCG   0   0   0   0   0   0 |     TAG   0   0   0   0   0   0 | Trp TGG   0   0   0   0   0   0
--------------------------------------------------------------------------------------------------------------------------------------
Leu CTT   1   1   1   1   2   1 | Pro CCT   2   1   2   2   2   2 | His CAT   0   0   0   0   0   0 | Arg CGT   0   0   0   0   0   0
    CTC   0   0   0   0   0   0 |     CCC   0   1   0   0   0   0 |     CAC   0   0   0   0   0   0 |     CGC   0   0   0   0   0   0
    CTA   0   0   0   0   0   0 |     CCA   0   0   0   0   0   0 | Gln CAA   1   1   1   1   1   1 |     CGA   0   0   0   0   0   0
    CTG   1   1   1   1   0   1 |     CCG   0   0   0   0   0   0 |     CAG   1   1   1   1   1   1 |     CGG   0   0   0   0   0   1
--------------------------------------------------------------------------------------------------------------------------------------
Ile ATT   2   1   2   1   2   2 | Thr ACT   2   2   2   2   2   2 | Asn AAT   0   0   0   0   0   0 | Ser AGT   1   1   1   1   1   1
    ATC   2   3   2   3   2   2 |     ACC   0   0   0   0   0   0 |     AAC   0   0   0   0   0   0 |     AGC   1   1   1   1   1   1
    ATA   0   0   0   0   0   0 |     ACA   1   1   1   1   1   1 | Lys AAA   1   2   2   1   2   2 | Arg AGA   0   0   0   0   0   0
Met ATG   2   2   2   2   2   2 |     ACG   0   0   0   0   0   0 |     AAG   5   4   4   5   4   4 |     AGG   3   3   3   3   3   2
--------------------------------------------------------------------------------------------------------------------------------------
Val GTT   1   0   0   0   0   0 | Ala GCT   1   1   1   1   1   1 | Asp GAT   1   1   1   1   1   1 | Gly GGT   1   0   1   1   1   1
    GTC   1   2   2   2   2   2 |     GCC   1   1   1   1   2   1 |     GAC   0   0   0   0   0   0 |     GGC   1   2   1   1   1   1
    GTA   0   0   0   0   0   0 |     GCA   2   2   2   1   2   2 | Glu GAA   3   3   3   3   3   3 |     GGA   2   2   2   2   2   2
    GTG   0   0   0   0   0   0 |     GCG   1   1   1   2   0   1 |     GAG   0   0   0   0   0   0 |     GGG   0   0   0   0   0   0
--------------------------------------------------------------------------------------------------------------------------------------

--------------------------------------------------------------------------------------------------------------------------------------
Phe TTT   1   1   1   1   1   1 | Ser TCT   1   1   1   1   1   1 | Tyr TAT   1   1   1   1   2   1 | Cys TGT   0   0   0   0   0   0
    TTC   1   1   1   1   1   1 |     TCC   0   0   0   0   0   0 |     TAC   1   1   1   1   0   1 |     TGC   1   1   1   1   1   1
Leu TTA   1   1   1   1   1   1 |     TCA   1   1   1   1   1   1 | *** TAA   0   0   0   0   0   0 | *** TGA   0   0   0   0   0   0
    TTG   2   2   2   2   2   2 |     TCG   0   0   0   0   0   0 |     TAG   0   0   0   0   0   0 | Trp TGG   0   0   0   0   0   0
--------------------------------------------------------------------------------------------------------------------------------------
Leu CTT   1   1   1   1   1   1 | Pro CCT   2   2   2   2   2   2 | His CAT   0   0   0   0   0   0 | Arg CGT   0   0   0   0   0   0
    CTC   0   0   0   0   0   0 |     CCC   0   0   0   0   0   0 |     CAC   0   0   0   0   0   0 |     CGC   0   0   0   0   0   0
    CTA   0   0   0   0   0   0 |     CCA   0   0   0   0   0   0 | Gln CAA   1   1   1   1   1   1 |     CGA   0   0   0   0   0   0
    CTG   1   1   1   1   1   1 |     CCG   0   0   0   0   0   0 |     CAG   1   1   1   1   1   1 |     CGG   0   0   0   0   0   0
--------------------------------------------------------------------------------------------------------------------------------------
Ile ATT   2   2   2   2   2   2 | Thr ACT   2   2   2   2   2   2 | Asn AAT   0   0   0   0   0   0 | Ser AGT   1   1   1   1   1   1
    ATC   2   2   2   2   2   2 |     ACC   0   0   0   0   0   0 |     AAC   0   0   0   0   0   0 |     AGC   1   1   1   1   1   1
    ATA   0   0   0   0   0   0 |     ACA   1   1   1   1   1   1 | Lys AAA   2   1   2   2   1   2 | Arg AGA   0   0   0   0   0   0
Met ATG   2   2   2   2   2   2 |     ACG   0   0   0   0   0   0 |     AAG   4   5   4   4   5   4 |     AGG   3   3   3   3   3   3
--------------------------------------------------------------------------------------------------------------------------------------
Val GTT   0   0   0   0   0   0 | Ala GCT   1   1   1   1   1   1 | Asp GAT   1   1   1   1   1   1 | Gly GGT   1   0   1   1   1   1
    GTC   2   2   2   2   2   2 |     GCC   1   1   1   1   1   1 |     GAC   0   0   0   0   0   0 |     GGC   1   2   1   1   1   1
    GTA   0   0   0   0   0   0 |     GCA   2   2   3   2   2   3 | Glu GAA   3   3   3   3   3   3 |     GGA   2   2   2   2   2   2
    GTG   0   0   0   0   0   0 |     GCG   1   1   0   1   1   0 |     GAG   0   0   0   0   0   0 |     GGG   0   0   0   0   0   0
--------------------------------------------------------------------------------------------------------------------------------------

--------------------------------------------------------------------------------------------------------------------------------------
Phe TTT   1   1   1   1   1   1 | Ser TCT   1   1   1   1   1   1 | Tyr TAT   1   1   1   1   1   1 | Cys TGT   0   0   0   0   0   0
    TTC   1   1   1   1   1   1 |     TCC   0   0   0   0   0   0 |     TAC   1   1   1   1   1   1 |     TGC   1   1   1   1   1   1
Leu TTA   1   1   1   1   1   1 |     TCA   1   1   1   1   1   1 | *** TAA   0   0   0   0   0   0 | *** TGA   0   0   0   0   0   0
    TTG   2   2   2   2   2   2 |     TCG   0   0   0   0   0   0 |     TAG   0   0   0   0   0   0 | Trp TGG   0   0   0   0   0   0
--------------------------------------------------------------------------------------------------------------------------------------
Leu CTT   1   1   1   1   1   1 | Pro CCT   2   2   2   2   2   2 | His CAT   0   0   0   0   0   0 | Arg CGT   0   0   0   0   0   0
    CTC   0   0   0   0   0   0 |     CCC   0   0   0   0   0   0 |     CAC   0   0   0   0   0   0 |     CGC   0   0   0   0   0   0
    CTA   0   0   0   0   0   0 |     CCA   0   0   0   0   0   0 | Gln CAA   1   1   1   1   1   1 |     CGA   0   0   0   0   0   0
    CTG   1   1   1   1   1   1 |     CCG   0   0   0   0   0   0 |     CAG   1   1   1   1   1   1 |     CGG   0   0   0   0   0   0
--------------------------------------------------------------------------------------------------------------------------------------
Ile ATT   2   2   2   2   2   2 | Thr ACT   2   2   2   2   2   2 | Asn AAT   0   0   0   0   0   0 | Ser AGT   1   1   1   1   1   1
    ATC   2   2   2   2   2   2 |     ACC   0   0   0   0   0   0 |     AAC   0   0   0   0   0   0 |     AGC   1   1   1   1   1   1
    ATA   0   0   0   0   0   0 |     ACA   1   1   1   1   1   1 | Lys AAA   2   1   2   2   1   2 | Arg AGA   0   0   0   0   0   0
Met ATG   2   2   2   2   2   2 |     ACG   0   0   0   0   0   0 |     AAG   4   5   4   4   5   4 |     AGG   3   3   3   3   3   3
--------------------------------------------------------------------------------------------------------------------------------------
Val GTT   0   0   0   0   0   0 | Ala GCT   1   1   1   1   1   1 | Asp GAT   1   1   1   1   1   1 | Gly GGT   1   1   1   1   0   1
    GTC   2   2   2   2   2   2 |     GCC   1   1   1   1   1   1 |     GAC   0   0   0   0   0   0 |     GGC   1   1   1   2   2   1
    GTA   0   0   0   0   0   0 |     GCA   2   2   2   2   2   2 | Glu GAA   3   3   3   3   3   3 |     GGA   2   2   2   1   2   2
    GTG   0   0   0   0   0   0 |     GCG   1   1   1   1   1   1 |     GAG   0   0   0   0   0   0 |     GGG   0   0   0   0   0   0
--------------------------------------------------------------------------------------------------------------------------------------

--------------------------------------------------------------------------------------------------------------------------------------
Phe TTT   1   1   1   1   1   1 | Ser TCT   1   1   1   1   1   1 | Tyr TAT   1   1   1   0   1   1 | Cys TGT   0   0   0   0   0   0
    TTC   1   1   1   1   1   1 |     TCC   0   0   0   0   0   0 |     TAC   1   1   1   2   1   1 |     TGC   1   1   1   1   1   1
Leu TTA   1   1   1   1   2   1 |     TCA   1   1   1   1   1   1 | *** TAA   0   0   0   0   0   0 | *** TGA   0   0   0   0   0   0
    TTG   2   2   2   2   1   2 |     TCG   0   0   0   0   0   0 |     TAG   0   0   0   0   0   0 | Trp TGG   0   0   0   0   0   0
--------------------------------------------------------------------------------------------------------------------------------------
Leu CTT   1   1   1   1   1   1 | Pro CCT   2   2   2   2   1   1 | His CAT   0   0   0   0   0   0 | Arg CGT   0   0   0   0   0   0
    CTC   0   0   0   0   0   0 |     CCC   0   0   0   0   1   1 |     CAC   0   0   0   0   0   0 |     CGC   0   0   0   0   0   0
    CTA   0   0   0   0   0   0 |     CCA   0   0   0   0   0   0 | Gln CAA   1   1   1   1   1   1 |     CGA   0   0   0   0   0   0
    CTG   1   1   1   1   1   1 |     CCG   0   0   0   0   0   0 |     CAG   1   1   1   1   1   1 |     CGG   0   0   0   0   0   0
--------------------------------------------------------------------------------------------------------------------------------------
Ile ATT   2   2   2   2   2   2 | Thr ACT   2   2   2   2   2   2 | Asn AAT   0   0   0   0   0   0 | Ser AGT   1   1   1   1   1   1
    ATC   2   2   2   2   2   2 |     ACC   0   0   0   0   0   0 |     AAC   0   0   0   0   0   0 |     AGC   1   1   1   1   1   1
    ATA   0   0   0   0   0   0 |     ACA   1   1   1   1   1   1 | Lys AAA   1   1   2   2   2   2 | Arg AGA   0   0   0   0   0   0
Met ATG   2   2   2   2   2   2 |     ACG   0   0   0   0   0   0 |     AAG   5   5   4   4   4   4 |     AGG   3   3   3   3   3   3
--------------------------------------------------------------------------------------------------------------------------------------
Val GTT   0   0   0   0   0   0 | Ala GCT   1   1   1   1   1   1 | Asp GAT   1   1   1   1   1   1 | Gly GGT   1   1   1   1   0   0
    GTC   2   2   2   2   2   2 |     GCC   1   1   1   1   1   1 |     GAC   0   0   0   0   0   0 |     GGC   1   1   1   1   2   2
    GTA   0   0   0   0   0   0 |     GCA   2   2   2   3   2   2 | Glu GAA   3   3   3   3   3   3 |     GGA   2   2   2   2   2   2
    GTG   0   0   0   0   0   0 |     GCG   1   1   1   0   1   1 |     GAG   0   0   0   0   0   0 |     GGG   0   0   0   0   0   0
--------------------------------------------------------------------------------------------------------------------------------------

Codon position x base (3x4) table for each sequence.

#1: Argali         
position  1:    T:0.19608    C:0.11765    A:0.39216    G:0.29412
position  2:    T:0.31373    C:0.21569    A:0.27451    G:0.19608
position  3:    T:0.27451    C:0.19608    A:0.25490    G:0.27451
Average         T:0.26144    C:0.17647    A:0.30719    G:0.25490

#2: LesserMouseDeer
position  1:    T:0.17647    C:0.11765    A:0.39216    G:0.31373
position  2:    T:0.29412    C:0.23529    A:0.27451    G:0.19608
position  3:    T:0.25490    C:0.23529    A:0.25490    G:0.25490
Average         T:0.24183    C:0.19608    A:0.30719    G:0.25490

#3: LesserKudu     
position  1:    T:0.19608    C:0.11765    A:0.39216    G:0.29412
position  2:    T:0.29412    C:0.23529    A:0.27451    G:0.19608
position  3:    T:0.23529    C:0.23529    A:0.25490    G:0.27451
Average         T:0.24183    C:0.19608    A:0.30719    G:0.25490

#4: ForestMuskDeer2
position  1:    T:0.19608    C:0.11765    A:0.39216    G:0.29412
position  2:    T:0.29412    C:0.23529    A:0.27451    G:0.19608
position  3:    T:0.25490    C:0.21569    A:0.25490    G:0.27451
Average         T:0.24837    C:0.18954    A:0.30719    G:0.25490

#5: Camel          
position  1:    T:0.17647    C:0.13725    A:0.39216    G:0.29412
position  2:    T:0.29412    C:0.23529    A:0.27451    G:0.19608
position  3:    T:0.21569    C:0.23529    A:0.27451    G:0.27451
Average         T:0.22876    C:0.20261    A:0.31373    G:0.25490

#6: KillerWhale    
position  1:    T:0.17647    C:0.13725    A:0.39216    G:0.29412
position  2:    T:0.29412    C:0.23529    A:0.27451    G:0.19608
position  3:    T:0.25490    C:0.21569    A:0.27451    G:0.25490
Average         T:0.24183    C:0.19608    A:0.31373    G:0.24837

#7: DefassaWaterbuck
position  1:    T:0.19608    C:0.11765    A:0.39216    G:0.29412
position  2:    T:0.29412    C:0.23529    A:0.27451    G:0.19608
position  3:    T:0.27451    C:0.19608    A:0.25490    G:0.27451
Average         T:0.25490    C:0.18301    A:0.30719    G:0.25490

#8: Sheep          
position  1:    T:0.19608    C:0.11765    A:0.39216    G:0.29412
position  2:    T:0.31373    C:0.21569    A:0.27451    G:0.19608
position  3:    T:0.27451    C:0.19608    A:0.25490    G:0.27451
Average         T:0.26144    C:0.17647    A:0.30719    G:0.25490

#9: MaxwellsDuiker 
position  1:    T:0.19608    C:0.11765    A:0.39216    G:0.29412
position  2:    T:0.29412    C:0.23529    A:0.27451    G:0.19608
position  3:    T:0.27451    C:0.19608    A:0.23529    G:0.29412
Average         T:0.25490    C:0.18301    A:0.30065    G:0.26144

#10: GazellaPrzewalskyi
position  1:    T:0.19608    C:0.11765    A:0.39216    G:0.29412
position  2:    T:0.29412    C:0.23529    A:0.27451    G:0.19608
position  3:    T:0.27451    C:0.19608    A:0.23529    G:0.29412
Average         T:0.25490    C:0.18301    A:0.30065    G:0.26144

#11: MountainNyala  
position  1:    T:0.19608    C:0.11765    A:0.39216    G:0.29412
position  2:    T:0.29412    C:0.23529    A:0.27451    G:0.19608
position  3:    T:0.21569    C:0.25490    A:0.27451    G:0.25490
Average         T:0.23529    C:0.20261    A:0.31373    G:0.24837

#12: MuntiacusMuntjak
position  1:    T:0.19608    C:0.11765    A:0.39216    G:0.29412
position  2:    T:0.29412    C:0.23529    A:0.27451    G:0.19608
position  3:    T:0.27451    C:0.19608    A:0.25490    G:0.27451
Average         T:0.25490    C:0.18301    A:0.30719    G:0.25490

#13: goat           
position  1:    T:0.19608    C:0.11765    A:0.39216    G:0.29412
position  2:    T:0.29412    C:0.23529    A:0.27451    G:0.19608
position  3:    T:0.27451    C:0.19608    A:0.25490    G:0.27451
Average         T:0.25490    C:0.18301    A:0.30719    G:0.25490

#14: AfricanBuffalo 
position  1:    T:0.19608    C:0.11765    A:0.39216    G:0.29412
position  2:    T:0.29412    C:0.23529    A:0.27451    G:0.19608
position  3:    T:0.27451    C:0.19608    A:0.25490    G:0.27451
Average         T:0.25490    C:0.18301    A:0.30719    G:0.25490

#15: Topi           
position  1:    T:0.19608    C:0.13725    A:0.37255    G:0.29412
position  2:    T:0.29412    C:0.23529    A:0.27451    G:0.19608
position  3:    T:0.27451    C:0.19608    A:0.25490    G:0.27451
Average         T:0.25490    C:0.18954    A:0.30065    G:0.25490

#16: CommonDuiker   
position  1:    T:0.19608    C:0.11765    A:0.39216    G:0.29412
position  2:    T:0.29412    C:0.23529    A:0.27451    G:0.19608
position  3:    T:0.27451    C:0.19608    A:0.21569    G:0.31373
Average         T:0.25490    C:0.18301    A:0.29412    G:0.26797

#17: Suni           
position  1:    T:0.19608    C:0.11765    A:0.39216    G:0.29412
position  2:    T:0.29412    C:0.23529    A:0.27451    G:0.19608
position  3:    T:0.29412    C:0.17647    A:0.25490    G:0.27451
Average         T:0.26144    C:0.17647    A:0.30719    G:0.25490

#18: Springbuck     
position  1:    T:0.19608    C:0.11765    A:0.39216    G:0.29412
position  2:    T:0.29412    C:0.23529    A:0.27451    G:0.19608
position  3:    T:0.27451    C:0.23529    A:0.21569    G:0.27451
Average         T:0.25490    C:0.19608    A:0.29412    G:0.25490

#19: Okapi          
position  1:    T:0.19608    C:0.11765    A:0.39216    G:0.29412
position  2:    T:0.29412    C:0.23529    A:0.27451    G:0.19608
position  3:    T:0.27451    C:0.19608    A:0.25490    G:0.27451
Average         T:0.25490    C:0.18301    A:0.30719    G:0.25490

#20: Giraffe        
position  1:    T:0.19608    C:0.11765    A:0.39216    G:0.29412
position  2:    T:0.29412    C:0.23529    A:0.27451    G:0.19608
position  3:    T:0.27451    C:0.19608    A:0.25490    G:0.27451
Average         T:0.25490    C:0.18301    A:0.30719    G:0.25490

#21: TibetanAntelope
position  1:    T:0.19608    C:0.11765    A:0.39216    G:0.29412
position  2:    T:0.29412    C:0.23529    A:0.27451    G:0.19608
position  3:    T:0.27451    C:0.19608    A:0.27451    G:0.25490
Average         T:0.25490    C:0.18301    A:0.31373    G:0.24837

#22: Sitatunga      
position  1:    T:0.21569    C:0.09804    A:0.39216    G:0.29412
position  2:    T:0.29412    C:0.23529    A:0.27451    G:0.19608
position  3:    T:0.23529    C:0.23529    A:0.25490    G:0.27451
Average         T:0.24837    C:0.18954    A:0.30719    G:0.25490

#23: Oribi          
position  1:    T:0.19608    C:0.11765    A:0.39216    G:0.29412
position  2:    T:0.29412    C:0.23529    A:0.27451    G:0.19608
position  3:    T:0.27451    C:0.19608    A:0.23529    G:0.29412
Average         T:0.25490    C:0.18301    A:0.30065    G:0.26144

#24: BarbarySheep   
position  1:    T:0.19608    C:0.11765    A:0.39216    G:0.29412
position  2:    T:0.29412    C:0.23529    A:0.27451    G:0.19608
position  3:    T:0.27451    C:0.19608    A:0.25490    G:0.27451
Average         T:0.25490    C:0.18301    A:0.30719    G:0.25490

#25: Daviddeer      
position  1:    T:0.19608    C:0.11765    A:0.39216    G:0.29412
position  2:    T:0.29412    C:0.23529    A:0.27451    G:0.19608
position  3:    T:0.29412    C:0.19608    A:0.25490    G:0.25490
Average         T:0.26144    C:0.18301    A:0.30719    G:0.24837

#26: Reindeer       
position  1:    T:0.19608    C:0.11765    A:0.39216    G:0.29412
position  2:    T:0.29412    C:0.23529    A:0.27451    G:0.19608
position  3:    T:0.27451    C:0.21569    A:0.23529    G:0.27451
Average         T:0.25490    C:0.18954    A:0.30065    G:0.25490

#27: Ibex           
position  1:    T:0.19608    C:0.11765    A:0.39216    G:0.29412
position  2:    T:0.29412    C:0.23529    A:0.27451    G:0.19608
position  3:    T:0.27451    C:0.19608    A:0.25490    G:0.27451
Average         T:0.25490    C:0.18301    A:0.30719    G:0.25490

#28: GyrantGazelle  
position  1:    T:0.19608    C:0.11765    A:0.39216    G:0.29412
position  2:    T:0.29412    C:0.23529    A:0.27451    G:0.19608
position  3:    T:0.27451    C:0.19608    A:0.25490    G:0.27451
Average         T:0.25490    C:0.18301    A:0.30719    G:0.25490

#29: Hartebeest     
position  1:    T:0.19608    C:0.13725    A:0.37255    G:0.29412
position  2:    T:0.29412    C:0.23529    A:0.27451    G:0.19608
position  3:    T:0.27451    C:0.19608    A:0.25490    G:0.27451
Average         T:0.25490    C:0.18954    A:0.30065    G:0.25490

#30: Bongo          
position  1:    T:0.19608    C:0.11765    A:0.39216    G:0.29412
position  2:    T:0.29412    C:0.23529    A:0.27451    G:0.19608
position  3:    T:0.21569    C:0.25490    A:0.27451    G:0.25490
Average         T:0.23529    C:0.20261    A:0.31373    G:0.24837

#31: Gerenuk        
position  1:    T:0.19608    C:0.11765    A:0.39216    G:0.29412
position  2:    T:0.29412    C:0.23529    A:0.27451    G:0.19608
position  3:    T:0.29412    C:0.17647    A:0.23529    G:0.29412
Average         T:0.26144    C:0.17647    A:0.30065    G:0.26144

#32: CommonEland    
position  1:    T:0.19608    C:0.11765    A:0.39216    G:0.29412
position  2:    T:0.29412    C:0.23529    A:0.27451    G:0.19608
position  3:    T:0.21569    C:0.25490    A:0.27451    G:0.25490
Average         T:0.23529    C:0.20261    A:0.31373    G:0.24837

#33: MuntiacusReevesi
position  1:    T:0.19608    C:0.11765    A:0.39216    G:0.29412
position  2:    T:0.29412    C:0.23529    A:0.27451    G:0.19608
position  3:    T:0.27451    C:0.19608    A:0.25490    G:0.27451
Average         T:0.25490    C:0.18301    A:0.30719    G:0.25490

#34: HarveysDuiker  
position  1:    T:0.19608    C:0.11765    A:0.39216    G:0.29412
position  2:    T:0.29412    C:0.23529    A:0.27451    G:0.19608
position  3:    T:0.25490    C:0.21569    A:0.21569    G:0.31373
Average         T:0.24837    C:0.18954    A:0.29412    G:0.26797

#35: Pronghorn      
position  1:    T:0.19608    C:0.11765    A:0.39216    G:0.29412
position  2:    T:0.29412    C:0.23529    A:0.27451    G:0.19608
position  3:    T:0.29412    C:0.21569    A:0.25490    G:0.23529
Average         T:0.26144    C:0.18954    A:0.30719    G:0.24183

#36: BlueWildebeest 
position  1:    T:0.19608    C:0.13725    A:0.37255    G:0.29412
position  2:    T:0.29412    C:0.23529    A:0.27451    G:0.19608
position  3:    T:0.27451    C:0.19608    A:0.25490    G:0.27451
Average         T:0.25490    C:0.18954    A:0.30065    G:0.25490

#37: Gemsbok        
position  1:    T:0.19608    C:0.11765    A:0.39216    G:0.29412
position  2:    T:0.29412    C:0.23529    A:0.27451    G:0.19608
position  3:    T:0.27451    C:0.19608    A:0.25490    G:0.27451
Average         T:0.25490    C:0.18301    A:0.30719    G:0.25490

#38: Yak            
position  1:    T:0.19608    C:0.11765    A:0.39216    G:0.29412
position  2:    T:0.29412    C:0.23529    A:0.27451    G:0.19608
position  3:    T:0.25490    C:0.21569    A:0.23529    G:0.29412
Average         T:0.24837    C:0.18954    A:0.30065    G:0.26144

#39: BlueSheep      
position  1:    T:0.19608    C:0.11765    A:0.39216    G:0.29412
position  2:    T:0.29412    C:0.23529    A:0.27451    G:0.19608
position  3:    T:0.27451    C:0.19608    A:0.27451    G:0.25490
Average         T:0.25490    C:0.18301    A:0.31373    G:0.24837

#40: BohorReedbuck  
position  1:    T:0.19608    C:0.11765    A:0.39216    G:0.29412
position  2:    T:0.29412    C:0.23529    A:0.27451    G:0.19608
position  3:    T:0.27451    C:0.19608    A:0.25490    G:0.27451
Average         T:0.25490    C:0.18301    A:0.30719    G:0.25490

#41: KirksDik       
position  1:    T:0.19608    C:0.11765    A:0.39216    G:0.29412
position  2:    T:0.29412    C:0.23529    A:0.27451    G:0.19608
position  3:    T:0.29412    C:0.17647    A:0.23529    G:0.29412
Average         T:0.26144    C:0.17647    A:0.30065    G:0.26144

#42: RoeDeer        
position  1:    T:0.19608    C:0.11765    A:0.39216    G:0.29412
position  2:    T:0.29412    C:0.23529    A:0.27451    G:0.19608
position  3:    T:0.27451    C:0.19608    A:0.27451    G:0.25490
Average         T:0.25490    C:0.18301    A:0.31373    G:0.24837

#43: WhiteLippedDeer
position  1:    T:0.19608    C:0.11765    A:0.39216    G:0.29412
position  2:    T:0.29412    C:0.23529    A:0.27451    G:0.19608
position  3:    T:0.27451    C:0.19608    A:0.25490    G:0.27451
Average         T:0.25490    C:0.18301    A:0.30719    G:0.25490

#44: ThomsonGazelle 
position  1:    T:0.19608    C:0.11765    A:0.39216    G:0.29412
position  2:    T:0.29412    C:0.23529    A:0.27451    G:0.19608
position  3:    T:0.27451    C:0.19608    A:0.23529    G:0.29412
Average         T:0.25490    C:0.18301    A:0.30065    G:0.26144

#45: MuntiacusCrinifrons
position  1:    T:0.19608    C:0.11765    A:0.39216    G:0.29412
position  2:    T:0.29412    C:0.23529    A:0.27451    G:0.19608
position  3:    T:0.27451    C:0.19608    A:0.25490    G:0.27451
Average         T:0.25490    C:0.18301    A:0.30719    G:0.25490

#46: WhiteTailedDeer
position  1:    T:0.19608    C:0.11765    A:0.39216    G:0.29412
position  2:    T:0.29412    C:0.23529    A:0.27451    G:0.19608
position  3:    T:0.27451    C:0.21569    A:0.23529    G:0.27451
Average         T:0.25490    C:0.18954    A:0.30065    G:0.25490

#47: Cattle         
position  1:    T:0.19608    C:0.11765    A:0.39216    G:0.29412
position  2:    T:0.29412    C:0.23529    A:0.27451    G:0.19608
position  3:    T:0.25490    C:0.21569    A:0.23529    G:0.29412
Average         T:0.24837    C:0.18954    A:0.30065    G:0.26144

#48: RoyalAntelope  
position  1:    T:0.19608    C:0.11765    A:0.39216    G:0.29412
position  2:    T:0.29412    C:0.23529    A:0.27451    G:0.19608
position  3:    T:0.27451    C:0.19608    A:0.25490    G:0.27451
Average         T:0.25490    C:0.18301    A:0.30719    G:0.25490

#49: Steenbok       
position  1:    T:0.19608    C:0.11765    A:0.39216    G:0.29412
position  2:    T:0.29412    C:0.23529    A:0.27451    G:0.19608
position  3:    T:0.27451    C:0.19608    A:0.23529    G:0.29412
Average         T:0.25490    C:0.18301    A:0.30065    G:0.26144

#50: Impala         
position  1:    T:0.19608    C:0.11765    A:0.39216    G:0.29412
position  2:    T:0.29412    C:0.23529    A:0.27451    G:0.19608
position  3:    T:0.27451    C:0.19608    A:0.23529    G:0.29412
Average         T:0.25490    C:0.18301    A:0.30065    G:0.26144

#51: Klipspringer   
position  1:    T:0.19608    C:0.11765    A:0.39216    G:0.29412
position  2:    T:0.29412    C:0.23529    A:0.27451    G:0.19608
