1
52 1
Argali 0.000000 0.197400 0.072600 0.137300 0.061500 0.000000 0.039900 0.050100 0.072300 0.050200 0.009600 0.092700 0.050000 0.051200 0.039400 0.030000 0.148000 0.104900 0.009700 0.072400 0.009800 0.009700 0.060600 0.040200 0.009700 0.020200 0.049700 0.072300 0.060500 0.072300 0.040200 0.050800 0.094200 0.039600 0.040000 0.070600 0.019400 0.039700 0.040000 0.050200 0.071800 0.009800 0.050300 0.040200 0.081200 0.030100 0.029900 0.049500 0.092200 0.072600 0.083200 0.072300
LesserMous 0.197400 0.000000 0.225800 0.267900 0.212100 0.197400 0.223000 0.248600 0.224500 0.221300 0.183600 0.249800 0.247200 0.240600 0.261600 0.181100 0.288100 0.242400 0.183300 0.218600 0.195500 0.210600 0.208000 0.238100 0.184300 0.214800 0.245700 0.224500 0.217600 0.224500 0.209400 0.238000 0.242400 0.233500 0.236500 0.276000 0.225900 0.182200 0.223700 0.208500 0.223500 0.195600 0.221700 0.237300 0.260900 0.196500 0.195800 0.246300 0.283800 0.199900 0.210500 0.224500
LesserKudu 0.072600 0.225800 0.000000 0.151900 0.084900 0.072600 0.088300 0.105500 0.020300 0.105700 0.061700 0.062200 0.105100 0.102100 0.098800 0.061900 0.155300 0.142800 0.061700 0.020400 0.061800 0.083500 0.116900 0.073000 0.061900 0.065700 0.082300 0.020300 0.093900 0.020300 0.095100 0.101700 0.131200 0.093700 0.094600 0.083300 0.095100 0.072700 0.094200 0.105700 0.129700 0.061700 0.105800 0.073000 0.094300 0.062100 0.083800 0.104500 0.146000 0.104600 0.030700 0.020300
KillerWhal 0.137300 0.267900 0.151900 0.000000 0.139200 0.137300 0.137200 0.147600 0.127400 0.124900 0.125600 0.148700 0.147200 0.151300 0.136000 0.148700 0.162900 0.126800 0.125600 0.127800 0.125500 0.148800 0.136100 0.114800 0.126400 0.133000 0.123500 0.127400 0.158800 0.127400 0.114400 0.174300 0.127200 0.135400 0.136900 0.170800 0.137800 0.137000 0.137400 0.124900 0.148900 0.125600 0.125000 0.114700 0.182800 0.126500 0.126000 0.124000 0.166700 0.127700 0.139200 0.127400
DefassaWat 0.061500 0.212100 0.084900 0.139200 0.000000 0.061500 0.061500 0.094000 0.062400 0.072100 0.050800 0.093800 0.071800 0.073500 0.082000 0.072300 0.138500 0.095300 0.050900 0.062500 0.050900 0.072500 0.061300 0.061900 0.051000 0.062800 0.071400 0.062400 0.104400 0.062400 0.061800 0.095100 0.095600 0.061100 0.061600 0.092800 0.061800 0.020000 0.050600 0.072100 0.072600 0.050700 0.072200 0.061900 0.081800 0.051100 0.029600 0.070900 0.111100 0.073800 0.051500 0.062400
Sheep 0.000000 0.197400 0.072600 0.137300 0.061500 0.000000 0.039900 0.050100 0.072300 0.050200 0.009600 0.092700 0.050000 0.051200 0.039400 0.030000 0.148000 0.104900 0.009700 0.072400 0.009800 0.009700 0.060600 0.040200 0.009700 0.020200 0.049700 0.072300 0.060500 0.072300 0.040200 0.050800 0.094200 0.039600 0.040000 0.070600 0.019400 0.039700 0.040000 0.050200 0.071800 0.009800 0.050300 0.040200 0.081200 0.030100 0.029900 0.049500 0.092200 0.072600 0.083200 0.072300
MaxwellsDu 0.039900 0.223000 0.088300 0.137200 0.061500 0.039900 0.000000 0.080500 0.065300 0.053800 0.029600 0.092600 0.029500 0.009700 0.060100 0.060000 0.124600 0.104800 0.029500 0.065300 0.029600 0.050200 0.060600 0.040000 0.029600 0.050500 0.029300 0.065300 0.091000 0.065300 0.043300 0.029300 0.094100 0.019500 0.019700 0.049800 0.040000 0.060600 0.029300 0.050000 0.071800 0.039200 0.054000 0.040000 0.060200 0.030000 0.042400 0.049400 0.092600 0.051100 0.076600 0.065300
GazellaPrz 0.050100 0.248600 0.105500 0.147600 0.094000 0.050100 0.080500 0.000000 0.104900 0.081400 0.039800 0.125700 0.081300 0.092900 0.070500 0.060000 0.159300 0.138500 0.039800 0.105200 0.040000 0.060600 0.092300 0.071500 0.039900 0.050700 0.080800 0.104900 0.069600 0.104900 0.071300 0.092200 0.127600 0.070500 0.071300 0.102400 0.071400 0.071000 0.070600 0.060100 0.104200 0.039500 0.081500 0.071400 0.113500 0.061100 0.060100 0.080500 0.128300 0.105300 0.116400 0.104900
MountainNy 0.072300 0.224500 0.020300 0.127400 0.062400 0.072300 0.065300 0.104900 0.000000 0.082900 0.061400 0.061700 0.082400 0.078300 0.075800 0.061600 0.130300 0.118200 0.061400 0.000000 0.061500 0.083100 0.093800 0.051200 0.061700 0.065900 0.060400 0.000000 0.093400 0.000000 0.072500 0.101300 0.107000 0.071500 0.072100 0.082700 0.072500 0.072300 0.072300 0.082900 0.105900 0.061400 0.083000 0.051100 0.093600 0.040500 0.061600 0.082000 0.119100 0.081000 0.010000 0.000000
MuntiacusM 0.050200 0.221300 0.105700 0.124900 0.072100 0.050200 0.053800 0.081400 0.082900 0.000000 0.039800 0.103400 0.060100 0.065900 0.070400 0.060700 0.127600 0.071700 0.039900 0.083100 0.039900 0.060700 0.029600 0.030000 0.042400 0.051100 0.059700 0.082900 0.070600 0.082900 0.009800 0.087900 0.082700 0.049700 0.050100 0.060200 0.030000 0.071000 0.050200 0.039700 0.040100 0.039800 0.000000 0.029900 0.070600 0.040100 0.040000 0.059700 0.080400 0.061500 0.094000 0.082900
goat 0.009600 0.183600 0.061700 0.125600 0.050800 0.009600 0.029600 0.039800 0.061400 0.039800 0.000000 0.081700 0.039700 0.040500 0.049700 0.019800 0.135700 0.093500 0.000100 0.061500 0.000600 0.019500 0.050100 0.029900 0.000100 0.010000 0.039500 0.061400 0.050000 0.061400 0.029900 0.040200 0.083000 0.029500 0.029700 0.059900 0.029300 0.029400 0.029700 0.039800 0.061000 0.000600 0.039900 0.029900 0.070400 0.019900 0.019800 0.039200 0.080600 0.061700 0.072200 0.061400
AfricanBuf 0.092700 0.249800 0.062200 0.148700 0.093800 0.092700 0.092600 0.125700 0.061700 0.103400 0.081700 0.000000 0.102800 0.105000 0.091900 0.104000 0.176300 0.139600 0.081700 0.061900 0.081900 0.103700 0.114400 0.071500 0.082000 0.087300 0.080600 0.061700 0.136700 0.061700 0.093000 0.127400 0.128300 0.091800 0.092700 0.060500 0.093000 0.092500 0.092800 0.103500 0.126700 0.081600 0.103500 0.071400 0.071000 0.082400 0.081900 0.080800 0.122300 0.105600 0.072600 0.061700
Topi 0.050000 0.247200 0.105100 0.147200 0.071800 0.050000 0.029500 0.081300 0.082400 0.060100 0.039700 0.102800 0.000000 0.040400 0.070000 0.060400 0.135700 0.115000 0.039700 0.082600 0.039600 0.060400 0.070500 0.050200 0.039800 0.050900 0.019500 0.082400 0.091500 0.082400 0.050100 0.060900 0.104500 0.009700 0.009800 0.059700 0.050200 0.070800 0.029600 0.060000 0.081900 0.039500 0.060100 0.050200 0.070200 0.039800 0.039500 0.059300 0.103500 0.082700 0.093500 0.082400
CommonDuik 0.051200 0.240600 0.102100 0.151300 0.073500 0.051200 0.009700 0.092900 0.078300 0.065900 0.040500 0.105000 0.040400 0.000000 0.071600 0.071800 0.138500 0.117900 0.040500 0.078300 0.040700 0.061800 0.072300 0.051300 0.040700 0.062200 0.040100 0.078300 0.103600 0.078300 0.055300 0.019600 0.107200 0.030000 0.030400 0.061200 0.051300 0.072400 0.040300 0.061500 0.083900 0.050400 0.066200 0.051300 0.071900 0.041000 0.054500 0.060800 0.106600 0.062700 0.089900 0.078300
Suni 0.039400 0.261600 0.098800 0.136000 0.082000 0.039400 0.060100 0.070500 0.075800 0.070400 0.049700 0.091900 0.070000 0.071600 0.000000 0.070900 0.162100 0.126200 0.049600 0.075800 0.049600 0.049600 0.080900 0.060400 0.049900 0.061300 0.069600 0.075800 0.102500 0.075800 0.060300 0.093100 0.115500 0.059400 0.059900 0.070100 0.039500 0.081000 0.060200 0.070400 0.092400 0.049700 0.070500 0.060300 0.080700 0.050100 0.049700 0.069600 0.114800 0.093300 0.086900 0.075800
Springbuck 0.030000 0.181100 0.061900 0.148700 0.072300 0.030000 0.060000 0.060000 0.061600 0.060700 0.019800 0.104000 0.060400 0.071800 0.070900 0.000000 0.160800 0.116400 0.019800 0.061700 0.019900 0.040100 0.071300 0.050700 0.019600 0.030200 0.060000 0.061600 0.028900 0.061600 0.050600 0.071300 0.105600 0.049900 0.050400 0.081400 0.050700 0.050100 0.050100 0.060700 0.082700 0.019600 0.060800 0.050600 0.092200 0.020000 0.039800 0.060000 0.104700 0.083700 0.072500 0.061600
Okapi 0.148000 0.288100 0.155300 0.162900 0.138500 0.148000 0.124600 0.159300 0.130300 0.127600 0.135700 0.176300 0.135700 0.138500 0.162100 0.160800 0.000000 0.051200 0.136300 0.130600 0.136300 0.160700 0.149000 0.140700 0.135900 0.151600 0.134900 0.130300 0.195700 0.130300 0.116900 0.153400 0.118600 0.124200 0.124900 0.150900 0.148800 0.148600 0.125500 0.127500 0.152300 0.135900 0.127700 0.140600 0.162700 0.137900 0.136300 0.149500 0.212100 0.130700 0.142300 0.130300
Giraffe 0.104900 0.242400 0.142800 0.126800 0.095300 0.104900 0.104800 0.138500 0.118200 0.071700 0.093500 0.139600 0.115000 0.117900 0.126200 0.116400 0.051200 0.000000 0.093600 0.118500 0.093700 0.116200 0.082300 0.089500 0.094000 0.106800 0.114300 0.118200 0.149500 0.118200 0.061400 0.140400 0.084100 0.103700 0.104800 0.138100 0.083200 0.093700 0.104800 0.093200 0.094200 0.093500 0.071800 0.083300 0.149700 0.094400 0.093800 0.114400 0.168600 0.095400 0.130100 0.118200
TibetanAnt 0.009700 0.183300 0.061700 0.125600 0.050900 0.009700 0.029500 0.039800 0.061400 0.039900 0.000100 0.081700 0.039700 0.040500 0.049600 0.019800 0.136300 0.093600 0.000000 0.061500 0.000500 0.019500 0.050100 0.029900 0.000200 0.010000 0.039500 0.061400 0.050000 0.061400 0.029900 0.040200 0.083000 0.029500 0.029800 0.059900 0.029600 0.029500 0.029700 0.039800 0.061000 0.000600 0.039900 0.029900 0.070500 0.019900 0.019800 0.039200 0.080400 0.061700 0.072200 0.061400
Sitatunga 0.072400 0.218600 0.020400 0.127800 0.062500 0.072400 0.065300 0.105200 0.000000 0.083100 0.061500 0.061900 0.082600 0.078300 0.075800 0.061700 0.130600 0.118500 0.061500 0.000000 0.061600 0.083300 0.094000 0.051300 0.061800 0.065900 0.060500 0.000000 0.093600 0.000000 0.072700 0.101400 0.107300 0.071600 0.072300 0.082900 0.072600 0.072500 0.072400 0.083100 0.106100 0.061500 0.083200 0.051200 0.093900 0.040500 0.061700 0.082200 0.118300 0.080900 0.010100 0.000000
Oribi 0.009800 0.195500 0.061800 0.125500 0.050900 0.009800 0.029600 0.040000 0.061500 0.039900 0.000600 0.081900 0.039600 0.040700 0.049600 0.019900 0.136300 0.093700 0.000500 0.061600 0.000000 0.019700 0.050200 0.030000 0.000700 0.010100 0.039400 0.061500 0.050100 0.061500 0.029900 0.040300 0.083100 0.029500 0.029700 0.060100 0.029900 0.029300 0.029900 0.039900 0.061200 0.000300 0.039900 0.029900 0.070600 0.019900 0.019900 0.039300 0.081200 0.061900 0.072400 0.061500
BarbaryShe 0.009700 0.210600 0.083500 0.148800 0.072500 0.009700 0.050200 0.060600 0.083100 0.060700 0.019500 0.103700 0.060400 0.061800 0.049600 0.040100 0.160700 0.116200 0.019500 0.083300 0.019700 0.000000 0.071200 0.050600 0.019600 0.030400 0.060100 0.083100 0.070900 0.083100 0.050600 0.061300 0.105400 0.050000 0.050400 0.081200 0.029600 0.050200 0.050400 0.060600 0.082700 0.019700 0.060700 0.050600 0.092000 0.040300 0.040100 0.059800 0.104200 0.083600 0.094300 0.083100
Daviddeer 0.060600 0.208000 0.116900 0.136100 0.061300 0.060600 0.060600 0.092300 0.093800 0.029600 0.050100 0.114400 0.070500 0.072300 0.080900 0.071300 0.149000 0.082300 0.050100 0.094000 0.050200 0.071200 0.000000 0.040100 0.050400 0.061900 0.070200 0.093800 0.102700 0.093800 0.019700 0.093600 0.093600 0.060000 0.060600 0.091700 0.040100 0.060400 0.050300 0.049800 0.009700 0.050100 0.029600 0.040100 0.080900 0.050500 0.029800 0.069900 0.116300 0.072100 0.082800 0.093800
Reindeer 0.040200 0.238100 0.073000 0.114800 0.061900 0.040200 0.040000 0.071500 0.051200 0.030000 0.029900 0.071500 0.050200 0.051300 0.060400 0.050700 0.140700 0.089500 0.029900 0.051300 0.030000 0.050600 0.040100 0.000000 0.030000 0.032600 0.029400 0.051200 0.081800 0.051200 0.020000 0.072300 0.094800 0.039800 0.040100 0.071000 0.020000 0.061100 0.040200 0.050500 0.051000 0.029900 0.030000 0.000100 0.081700 0.030100 0.030000 0.049800 0.092800 0.072900 0.061900 0.051200
Ibex 0.009700 0.184300 0.061900 0.126400 0.051000 0.009700 0.029600 0.039900 0.061700 0.042400 0.000100 0.082000 0.039800 0.040700 0.049900 0.019600 0.135900 0.094000 0.000200 0.061800 0.000700 0.019600 0.050400 0.030000 0.000000 0.010100 0.039600 0.061700 0.050100 0.061700 0.030000 0.040400 0.083400 0.029500 0.029800 0.060200 0.029500 0.029400 0.029700 0.040000 0.061300 0.000700 0.040100 0.030000 0.070800 0.020000 0.019900 0.039400 0.080200 0.061900 0.072500 0.061700
GyrantGaze 0.020200 0.214800 0.065700 0.133000 0.062800 0.020200 0.050500 0.050700 0.065900 0.051100 0.010000 0.087300 0.050900 0.062200 0.061300 0.030200 0.151600 0.106800 0.010000 0.065900 0.010100 0.030400 0.061900 0.032600 0.010100 0.000000 0.042500 0.065900 0.060900 0.065900 0.040900 0.061600 0.096000 0.040300 0.040700 0.071800 0.041000 0.040400 0.040400 0.051100 0.073200 0.009900 0.051200 0.032600 0.082700 0.030700 0.030200 0.050400 0.094800 0.074000 0.077200 0.065900
Hartebeest 0.049700 0.245700 0.082300 0.123500 0.071400 0.049700 0.029300 0.080800 0.060400 0.059700 0.039500 0.080600 0.019500 0.040100 0.069600 0.060000 0.134900 0.114300 0.039500 0.060500 0.039400 0.060100 0.070200 0.029400 0.039600 0.042500 0.000000 0.060400 0.091000 0.060400 0.049800 0.060600 0.103800 0.009700 0.009800 0.059400 0.049900 0.070400 0.029500 0.059700 0.081400 0.039300 0.059800 0.029400 0.069800 0.039500 0.039200 0.058900 0.102600 0.082300 0.071200 0.060400
Bongo 0.072300 0.224500 0.020300 0.127400 0.062400 0.072300 0.065300 0.104900 0.000000 0.082900 0.061400 0.061700 0.082400 0.078300 0.075800 0.061600 0.130300 0.118200 0.061400 0.000000 0.061500 0.083100 0.093800 0.051200 0.061700 0.065900 0.060400 0.000000 0.093400 0.000000 0.072500 0.101300 0.107000 0.071500 0.072100 0.082700 0.072500 0.072300 0.072300 0.082900 0.105900 0.061400 0.083000 0.051100 0.093600 0.040500 0.061600 0.082000 0.119100 0.081000 0.010000 0.000000
Gerenuk 0.060500 0.217600 0.093900 0.158800 0.104400 0.060500 0.091000 0.069600 0.093400 0.070600 0.050000 0.136700 0.091500 0.103600 0.102500 0.028900 0.195700 0.149500 0.050000 0.093600 0.050100 0.070900 0.102700 0.081800 0.050100 0.060900 0.091000 0.093400 0.000000 0.093400 0.081500 0.102900 0.138700 0.080600 0.081600 0.091300 0.081900 0.081100 0.080900 0.070200 0.114700 0.049400 0.070700 0.081700 0.102200 0.050400 0.070200 0.091100 0.115500 0.116000 0.104700 0.093400
CommonElan 0.072300 0.224500 0.020300 0.127400 0.062400 0.072300 0.065300 0.104900 0.000000 0.082900 0.061400 0.061700 0.082400 0.078300 0.075800 0.061600 0.130300 0.118200 0.061400 0.000000 0.061500 0.083100 0.093800 0.051200 0.061700 0.065900 0.060400 0.000000 0.093400 0.000000 0.072500 0.101300 0.107000 0.071500 0.072100 0.082700 0.072500 0.072300 0.072300 0.082900 0.105900 0.061400 0.083000 0.051100 0.093600 0.040500 0.061600 0.082000 0.119100 0.081000 0.010000 0.000000
MuntiacusR 0.040200 0.209400 0.095100 0.114400 0.061800 0.040200 0.043300 0.071300 0.072500 0.009800 0.029900 0.093000 0.050100 0.055300 0.060300 0.050600 0.116900 0.061400 0.029900 0.072700 0.029900 0.050600 0.019700 0.020000 0.030000 0.040900 0.049800 0.072500 0.081500 0.072500 0.000000 0.077300 0.072400 0.039700 0.040100 0.071000 0.020000 0.060900 0.040100 0.029800 0.030100 0.029800 0.009800 0.020000 0.081600 0.030100 0.030000 0.049700 0.092800 0.051300 0.083500 0.072500
HarveysDui 0.050800 0.238000 0.101700 0.174300 0.095100 0.050800 0.029300 0.092200 0.101300 0.087900 0.040200 0.127400 0.060900 0.019600 0.093100 0.071300 0.153400 0.140400 0.040200 0.101400 0.040300 0.061300 0.093600 0.072300 0.040400 0.061600 0.060600 0.101300 0.102900 0.101300 0.077300 0.000000 0.129600 0.050400 0.051100 0.082300 0.072400 0.071800 0.060800 0.082500 0.105600 0.050000 0.088200 0.072300 0.093200 0.062000 0.075600 0.081800 0.129400 0.084100 0.113100 0.101300
Pronghorn 0.094200 0.242400 0.131200 0.127200 0.095600 0.094200 0.094100 0.127600 0.107000 0.082700 0.083000 0.128300 0.104500 0.107200 0.115500 0.105600 0.118600 0.084100 0.083000 0.107300 0.083100 0.105400 0.093600 0.094800 0.083400 0.096000 0.103800 0.107000 0.138700 0.107000 0.072400 0.129600 0.000000 0.093400 0.094200 0.127000 0.094600 0.094300 0.094100 0.082700 0.105700 0.082900 0.082800 0.094600 0.138500 0.083800 0.083100 0.103800 0.136000 0.084600 0.118700 0.107000
BlueWildeb 0.039600 0.233500 0.093700 0.135400 0.061100 0.039600 0.019500 0.070500 0.071500 0.049700 0.029500 0.091800 0.009700 0.030000 0.059400 0.049900 0.124200 0.103700 0.029500 0.071600 0.029500 0.050000 0.060000 0.039800 0.029500 0.040300 0.009700 0.071500 0.080600 0.071500 0.039700 0.050400 0.093400 0.000000 0.000200 0.049400 0.039800 0.060200 0.019500 0.049700 0.071100 0.029300 0.049700 0.039800 0.059700 0.029600 0.029300 0.049000 0.092000 0.071800 0.082400 0.071500
Gemsbok 0.040000 0.236500 0.094600 0.136900 0.061600 0.040000 0.019700 0.071300 0.072100 0.050100 0.029700 0.092700 0.009800 0.030400 0.059900 0.050400 0.124900 0.104800 0.029800 0.072300 0.029700 0.050400 0.060600 0.040100 0.029800 0.040700 0.009800 0.072100 0.081600 0.072100 0.040100 0.051100 0.094200 0.000200 0.000000 0.049800 0.040100 0.060800 0.019600 0.050100 0.071800 0.029700 0.050200 0.040100 0.060200 0.029700 0.029600 0.049400 0.091800 0.072600 0.083200 0.072100
Yak 0.070600 0.276000 0.083300 0.170800 0.092800 0.070600 0.049800 0.102400 0.082700 0.060200 0.059900 0.060500 0.059700 0.061200 0.070100 0.081400 0.150900 0.138100 0.059900 0.082900 0.060100 0.081200 0.091700 0.071000 0.060200 0.071800 0.059400 0.082700 0.091300 0.082700 0.071000 0.082300 0.127000 0.049400 0.049800 0.000000 0.070800 0.091400 0.049800 0.081100 0.103500 0.059800 0.060200 0.071000 0.009700 0.060400 0.060100 0.080200 0.102100 0.104800 0.093700 0.082700
BlueSheep 0.019400 0.225900 0.095100 0.137800 0.061800 0.019400 0.040000 0.071400 0.072500 0.030000 0.029300 0.093000 0.050200 0.051300 0.039500 0.050700 0.148800 0.083200 0.029600 0.072600 0.029900 0.029600 0.040100 0.020000 0.029500 0.041000 0.049900 0.072500 0.081900 0.072500 0.020000 0.072400 0.094600 0.039800 0.040100 0.070800 0.000000 0.060800 0.040000 0.050400 0.050900 0.029900 0.030000 0.020000 0.081500 0.030100 0.029900 0.049600 0.092600 0.072900 0.083500 0.072500
BohorReedb 0.039700 0.182200 0.072700 0.137000 0.020000 0.039700 0.060600 0.071000 0.072300 0.071000 0.029400 0.092500 0.070800 0.072400 0.081000 0.050100 0.148600 0.093700 0.029500 0.072500 0.029300 0.050200 0.060400 0.061100 0.029400 0.040400 0.070400 0.072300 0.081100 0.072300 0.060900 0.071800 0.094300 0.060200 0.060800 0.091400 0.060800 0.000000 0.049900 0.071100 0.071600 0.029100 0.071100 0.061000 0.080600 0.050500 0.029100 0.070000 0.107500 0.072600 0.061500 0.072300
KirksDik 0.040000 0.223700 0.094200 0.137400 0.050600 0.040000 0.029300 0.070600 0.072300 0.050200 0.029700 0.092800 0.029600 0.040300 0.060200 0.050100 0.125500 0.104800 0.029700 0.072400 0.029900 0.050400 0.050300 0.040200 0.029700 0.040400 0.029500 0.072300 0.080900 0.072300 0.040100 0.060800 0.094100 0.019500 0.019600 0.049800 0.040000 0.049900 0.000000 0.050100 0.061200 0.029500 0.050200 0.040100 0.049800 0.030000 0.019500 0.049500 0.092700 0.072700 0.072300 0.072300
RoeDeer 0.050200 0.208500 0.105700 0.124900 0.072100 0.050200 0.050000 0.060100 0.082900 0.039700 0.039800 0.103500 0.060000 0.061500 0.070400 0.060700 0.127500 0.093200 0.039800 0.083100 0.039900 0.060600 0.049800 0.050500 0.040000 0.051100 0.059700 0.082900 0.070200 0.082900 0.029800 0.082500 0.082700 0.049700 0.050100 0.081100 0.050400 0.071100 0.050100 0.000000 0.060700 0.039800 0.039700 0.050400 0.091800 0.040100 0.039900 0.059700 0.103700 0.061400 0.094000 0.082900
WhiteLippe 0.071800 0.223500 0.129700 0.148900 0.072600 0.071800 0.071800 0.104200 0.105900 0.040100 0.061000 0.126700 0.081900 0.083900 0.092400 0.082700 0.152300 0.094200 0.061000 0.106100 0.061200 0.082700 0.009700 0.051000 0.061300 0.073200 0.081400 0.105900 0.114700 0.105900 0.030100 0.105600 0.105700 0.071100 0.071800 0.103500 0.050900 0.071600 0.061200 0.060700 0.000000 0.061100 0.040100 0.050900 0.092400 0.061500 0.040300 0.081100 0.129200 0.083800 0.094600 0.105900
ThomsonGaz 0.009800 0.195600 0.061700 0.125600 0.050700 0.009800 0.039200 0.039500 0.061400 0.039800 0.000600 0.081600 0.039500 0.050400 0.049700 0.019600 0.135900 0.093500 0.000600 0.061500 0.000300 0.019700 0.050100 0.029900 0.000700 0.009900 0.039300 0.061400 0.049400 0.061400 0.029800 0.050000 0.082900 0.029300 0.029700 0.059800 0.029900 0.029100 0.029500 0.039800 0.061100 0.000000 0.039900 0.029900 0.070400 0.019900 0.019600 0.039200 0.081000 0.061700 0.072200 0.061400
MuntiacusC 0.050300 0.221700 0.105800 0.125000 0.072200 0.050300 0.054000 0.081500 0.083000 0.000000 0.039900 0.103500 0.060100 0.066200 0.070500 0.060800 0.127700 0.071800 0.039900 0.083200 0.039900 0.060700 0.029600 0.030000 0.040100 0.051200 0.059800 0.083000 0.070700 0.083000 0.009800 0.088200 0.082800 0.049700 0.050200 0.060200 0.030000 0.071100 0.050200 0.039700 0.040100 0.039900 0.000000 0.029900 0.070700 0.040200 0.040000 0.059700 0.080700 0.061500 0.094100 0.083000
WhiteTaile 0.040200 0.237300 0.073000 0.114700 0.061900 0.040200 0.040000 0.071400 0.051100 0.029900 0.029900 0.071400 0.050200 0.051300 0.060300 0.050600 0.140600 0.083300 0.029900 0.051200 0.029900 0.050600 0.040100 0.000100 0.030000 0.032600 0.029400 0.051100 0.081700 0.051100 0.020000 0.072300 0.094600 0.039800 0.040100 0.071000 0.020000 0.061000 0.040100 0.050400 0.050900 0.029900 0.029900 0.000000 0.081600 0.030100 0.030000 0.049700 0.092900 0.072900 0.061800 0.051100
Cattle 0.081200 0.260900 0.094300 0.182800 0.081800 0.081200 0.060200 0.113500 0.093600 0.070600 0.070400 0.071000 0.070200 0.071900 0.080700 0.092200 0.162700 0.149700 0.070500 0.093900 0.070600 0.092000 0.080900 0.081700 0.070800 0.082700 0.069800 0.093600 0.102200 0.093600 0.081600 0.093200 0.138500 0.059700 0.060200 0.009700 0.081500 0.080600 0.049800 0.091800 0.092400 0.070400 0.070700 0.081600 0.000000 0.071000 0.049600 0.090700 0.113900 0.115900 0.082700 0.093600
RoyalAntel 0.030100 0.196500 0.062100 0.126500 0.051100 0.030100 0.030000 0.061100 0.040500 0.040100 0.019900 0.082400 0.039800 0.041000 0.050100 0.020000 0.137900 0.094400 0.019900 0.040500 0.019900 0.040300 0.050500 0.030100 0.020000 0.030700 0.039500 0.040500 0.050400 0.040500 0.030100 0.062000 0.083800 0.029600 0.029700 0.060400 0.030100 0.050500 0.030000 0.040100 0.061500 0.019900 0.040200 0.030100 0.071000 0.000000 0.020000 0.039600 0.081400 0.062200 0.051100 0.040500
Steenbok 0.029900 0.195800 0.083800 0.126000 0.029600 0.029900 0.042400 0.060100 0.061600 0.040000 0.019800 0.081900 0.039500 0.054500 0.049700 0.039800 0.136300 0.093800 0.019800 0.061700 0.019900 0.040100 0.029800 0.030000 0.019900 0.030200 0.039200 0.061600 0.070200 0.061600 0.030000 0.075600 0.083100 0.029300 0.029600 0.060100 0.029900 0.029100 0.019500 0.039900 0.040300 0.019600 0.040000 0.030000 0.049600 0.020000 0.000000 0.039300 0.080800 0.062000 0.050900 0.061600
Impala 0.049500 0.246300 0.104500 0.124000 0.070900 0.049500 0.049400 0.080500 0.082000 0.059700 0.039200 0.080800 0.059300 0.060800 0.069600 0.060000 0.149500 0.114400 0.039200 0.082200 0.039300 0.059800 0.069900 0.049800 0.039400 0.050400 0.058900 0.082000 0.091100 0.082000 0.049700 0.081800 0.103800 0.049000 0.049400 0.080200 0.049600 0.070000 0.049500 0.059700 0.081100 0.039200 0.059700 0.049700 0.090700 0.039600 0.039300 0.000000 0.102100 0.082000 0.092900 0.082000
Klipspring 0.092200 0.283800 0.146000 0.166700 0.111100 0.092200 0.092600 0.128300 0.119100 0.080400 0.080600 0.122300 0.103500 0.106600 0.114800 0.104700 0.212100 0.168600 0.080400 0.118300 0.081200 0.104200 0.116300 0.092800 0.080200 0.094800 0.102600 0.119100 0.115500 0.119100 0.092800 0.129400 0.136000 0.092000 0.091800 0.102100 0.092600 0.107500 0.092700 0.103700 0.129200 0.081000 0.080700 0.092900 0.113900 0.081400 0.080800 0.102100 0.000000 0.125500 0.131600 0.119100
ForestMusk 0.072600 0.199900 0.104600 0.127700 0.073800 0.072600 0.051100 0.105300 0.081000 0.061500 0.061700 0.105600 0.082700 0.062700 0.093300 0.083700 0.130700 0.095400 0.061700 0.080900 0.061900 0.083600 0.072100 0.072900 0.061900 0.074000 0.082300 0.081000 0.116000 0.081000 0.051300 0.084100 0.084600 0.071800 0.072600 0.104800 0.072900 0.072600 0.072700 0.061400 0.083800 0.061700 0.061500 0.072900 0.115900 0.062200 0.062000 0.082000 0.125500 0.000000 0.092400 0.081000
Bushbuck 0.083200 0.210500 0.030700 0.139200 0.051500 0.083200 0.076600 0.116400 0.010000 0.094000 0.072200 0.072600 0.093500 0.089900 0.086900 0.072500 0.142300 0.130100 0.072200 0.010100 0.072400 0.094300 0.082800 0.061900 0.072500 0.077200 0.071200 0.010000 0.104700 0.010000 0.083500 0.113100 0.118700 0.082400 0.083200 0.093700 0.083500 0.061500 0.072300 0.094000 0.094600 0.072200 0.094100 0.061800 0.082700 0.051100 0.050900 0.092900 0.131600 0.092400 0.000000 0.010000
GreaterKud 0.072300 0.224500 0.020300 0.127400 0.062400 0.072300 0.065300 0.104900 0.000000 0.082900 0.061400 0.061700 0.082400 0.078300 0.075800 0.061600 0.130300 0.118200 0.061400 0.000000 0.061500 0.083100 0.093800 0.051200 0.061700 0.065900 0.060400 0.000000 0.093400 0.000000 0.072500 0.101300 0.107000 0.071500 0.072100 0.082700 0.072500 0.072300 0.072300 0.082900 0.105900 0.061400 0.083000 0.051100 0.093600 0.040500 0.061600 0.082000 0.119100 0.081000 0.010000 0.000000
