1
52 1
Argali 0.000000 0.359000 0.059100 0.248700 0.039400 0.000000 0.079800 0.039500 0.059100 0.121900 0.000000 0.144600 0.039200 0.100800 0.061100 0.040000 0.059300 0.059300 0.000000 0.059100 0.060200 0.019900 0.059600 0.059100 0.000000 0.058400 0.019400 0.059100 0.060300 0.039500 0.079700 0.059500 0.129400 0.039200 0.040200 0.101900 0.019800 0.039400 0.082600 0.080500 0.059800 0.079400 0.079700 0.059300 0.101900 0.117100 0.040200 0.080400 0.060200 0.120300 0.059100 0.038700
LesserMous 0.359000 0.000000 0.325800 0.365800 0.354400 0.359000 0.380300 0.357300 0.325800 0.352800 0.359000 0.301500 0.354700 0.296300 0.359400 0.354700 0.325400 0.325400 0.359000 0.325800 0.356900 0.360700 0.301100 0.325800 0.359000 0.375600 0.329800 0.325800 0.329900 0.301500 0.327900 0.296700 0.291400 0.354700 0.360300 0.328600 0.386200 0.354400 0.391800 0.303100 0.303400 0.378100 0.327900 0.324300 0.328600 0.369000 0.332000 0.406900 0.356900 0.375600 0.325800 0.301600
LesserKudu 0.059100 0.325800 0.000000 0.242100 0.018600 0.059100 0.057500 0.019000 0.000000 0.057400 0.059100 0.077700 0.057700 0.119200 0.039100 0.058800 0.000100 0.000100 0.059100 0.000000 0.038500 0.080400 0.038200 0.000000 0.059100 0.037700 0.078600 0.000000 0.078800 0.019000 0.018800 0.078000 0.103500 0.057700 0.059000 0.038300 0.079200 0.018900 0.059400 0.018500 0.038300 0.057600 0.018800 0.038000 0.038300 0.094300 0.059000 0.057800 0.038500 0.056800 0.000000 0.018600
KillerWhal 0.248700 0.365800 0.242100 0.000000 0.270100 0.248700 0.320700 0.269600 0.242100 0.267300 0.248700 0.217100 0.294600 0.294800 0.271100 0.271500 0.241700 0.241700 0.248700 0.242100 0.272000 0.277900 0.218200 0.242100 0.248700 0.291700 0.270900 0.242100 0.247000 0.219000 0.243100 0.294700 0.205700 0.294600 0.248800 0.243400 0.273500 0.270100 0.305300 0.219600 0.220200 0.293600 0.243100 0.241900 0.243400 0.361000 0.248500 0.321900 0.272000 0.285000 0.242100 0.219300
DefassaWat 0.039400 0.354400 0.018600 0.270100 0.000000 0.039400 0.038300 0.000100 0.018900 0.077900 0.039400 0.099000 0.038400 0.099100 0.019500 0.039100 0.019000 0.019000 0.038600 0.018500 0.019200 0.060300 0.058400 0.018900 0.039400 0.018900 0.058900 0.018900 0.059000 0.038800 0.037800 0.058400 0.126800 0.038200 0.039300 0.058600 0.059400 0.000000 0.039600 0.038600 0.058600 0.037800 0.037400 0.058100 0.058600 0.075200 0.039300 0.038500 0.019200 0.077100 0.018900 0.037700
Sheep 0.000000 0.359000 0.059100 0.248700 0.039400 0.000000 0.079800 0.039500 0.059100 0.121500 0.000000 0.143100 0.039200 0.101000 0.061100 0.040000 0.059300 0.059300 0.000000 0.059100 0.060200 0.020200 0.059600 0.059100 0.000000 0.057700 0.019500 0.059100 0.060300 0.039500 0.079700 0.059500 0.129400 0.039200 0.040200 0.101900 0.019600 0.038800 0.082600 0.080500 0.059800 0.079700 0.079700 0.059300 0.101900 0.117100 0.039600 0.080400 0.060200 0.120300 0.059100 0.039400
MaxwellsDu 0.079800 0.380300 0.057500 0.320700 0.038300 0.079800 0.000000 0.038200 0.057500 0.118700 0.079800 0.141000 0.077800 0.098300 0.059100 0.079000 0.057500 0.057500 0.079800 0.057500 0.058500 0.101700 0.098400 0.057500 0.079800 0.057300 0.099400 0.057500 0.099700 0.078200 0.077600 0.057700 0.171700 0.077800 0.079700 0.098800 0.100200 0.038300 0.079900 0.078300 0.099000 0.077700 0.077600 0.098200 0.098800 0.074800 0.079700 0.077800 0.058500 0.117100 0.057500 0.078300
GazellaPrz 0.039500 0.357300 0.019000 0.269600 0.000100 0.039500 0.038200 0.000000 0.019000 0.078100 0.039500 0.099200 0.038500 0.099300 0.019500 0.039100 0.018900 0.018900 0.039500 0.019000 0.019300 0.060400 0.058300 0.019000 0.039500 0.018900 0.059000 0.019000 0.059200 0.038700 0.038300 0.056000 0.127000 0.038500 0.039400 0.058500 0.059500 0.000100 0.039500 0.038700 0.058700 0.038400 0.038300 0.058200 0.058500 0.075300 0.039400 0.038400 0.019300 0.076900 0.019000 0.038700
MountainNy 0.059100 0.325800 0.000000 0.242100 0.018900 0.059100 0.057500 0.019000 0.000000 0.057400 0.059100 0.077700 0.057700 0.119200 0.039100 0.058800 0.000100 0.000100 0.059100 0.000000 0.038500 0.080400 0.038200 0.000000 0.059100 0.037700 0.078600 0.000000 0.078800 0.019000 0.018300 0.078000 0.103500 0.057700 0.059000 0.038300 0.079200 0.018500 0.059400 0.018500 0.038300 0.057600 0.018500 0.038000 0.038300 0.094300 0.059000 0.057800 0.038500 0.056800 0.000000 0.019000
MuntiacusM 0.121900 0.352800 0.057400 0.267300 0.077900 0.121500 0.118700 0.078100 0.057400 0.000000 0.121900 0.077800 0.119000 0.185000 0.100800 0.121100 0.057500 0.057500 0.121900 0.057400 0.058300 0.145300 0.077300 0.057100 0.121900 0.097200 0.141900 0.057400 0.142200 0.078300 0.037300 0.140900 0.125500 0.119000 0.121800 0.098900 0.143100 0.077900 0.080000 0.078200 0.057700 0.077500 0.037700 0.097900 0.098900 0.155700 0.079400 0.119200 0.058300 0.117400 0.057400 0.078100
goat 0.000000 0.359000 0.059100 0.248700 0.039400 0.000000 0.079800 0.039500 0.059100 0.121900 0.000000 0.144600 0.038700 0.101200 0.061100 0.040000 0.059300 0.059300 0.000000 0.059100 0.060200 0.020200 0.059600 0.059100 0.000000 0.058900 0.019600 0.059100 0.060300 0.039500 0.079700 0.059500 0.129400 0.038900 0.040200 0.101900 0.019800 0.039400 0.082600 0.080500 0.059800 0.080000 0.079700 0.059300 0.101900 0.117100 0.040200 0.080400 0.060200 0.120300 0.057800 0.039400
AfricanBuf 0.144600 0.301500 0.077700 0.217100 0.099000 0.143100 0.141000 0.099200 0.077700 0.077800 0.144600 0.000000 0.141200 0.163000 0.100900 0.143600 0.078000 0.078000 0.144600 0.077700 0.079000 0.168900 0.099200 0.077700 0.144600 0.118500 0.165000 0.077700 0.165400 0.099500 0.078000 0.163900 0.104000 0.141200 0.100800 0.038400 0.166400 0.099000 0.101900 0.058200 0.099600 0.098400 0.078000 0.119300 0.038400 0.178300 0.100400 0.141500 0.078200 0.117600 0.077700 0.099200
Topi 0.039200 0.354700 0.057700 0.294600 0.038400 0.039200 0.077800 0.038500 0.057700 0.119000 0.038700 0.141200 0.000000 0.141200 0.059500 0.079600 0.057800 0.057800 0.039200 0.057700 0.058700 0.060000 0.099000 0.057700 0.039200 0.057500 0.019200 0.057700 0.100000 0.078800 0.077800 0.099000 0.172300 0.000000 0.038500 0.099400 0.058000 0.038400 0.080500 0.078600 0.099100 0.078000 0.077800 0.098500 0.099400 0.075100 0.080000 0.078300 0.058700 0.117700 0.057700 0.078600
CommonDuik 0.100800 0.296300 0.119200 0.294800 0.099100 0.101000 0.098300 0.099300 0.119200 0.185000 0.101200 0.163000 0.141200 0.000000 0.100900 0.100400 0.119500 0.119500 0.101000 0.119200 0.121200 0.123800 0.120000 0.119200 0.101000 0.118600 0.120900 0.119200 0.121200 0.099400 0.140800 0.037900 0.148500 0.141200 0.100800 0.120400 0.121900 0.099100 0.145800 0.099100 0.120400 0.141000 0.140800 0.119300 0.120400 0.135200 0.100900 0.120200 0.121200 0.159900 0.119200 0.099100
Suni 0.061100 0.359400 0.039100 0.271100 0.019500 0.061100 0.059100 0.019500 0.039100 0.100800 0.061100 0.100900 0.059500 0.100900 0.000000 0.060400 0.039100 0.039100 0.061100 0.039100 0.039800 0.083200 0.080300 0.039100 0.061100 0.038900 0.081200 0.039100 0.081400 0.059900 0.059300 0.080200 0.129300 0.059500 0.040100 0.059500 0.081900 0.019500 0.061300 0.039300 0.080800 0.059500 0.059300 0.080100 0.059500 0.097000 0.061000 0.059400 0.039800 0.077400 0.039100 0.059900
Springbuck 0.040000 0.354700 0.058800 0.271500 0.039100 0.040000 0.079000 0.039100 0.058800 0.121100 0.040000 0.143600 0.079600 0.100400 0.060400 0.000000 0.058700 0.058700 0.040000 0.058800 0.059700 0.061300 0.059000 0.058800 0.040000 0.019200 0.059700 0.058800 0.019600 0.039100 0.079200 0.058900 0.128000 0.079600 0.081500 0.100800 0.060300 0.039100 0.081500 0.079900 0.059400 0.039000 0.079200 0.059000 0.100800 0.116600 0.039900 0.059400 0.059700 0.119000 0.058800 0.039200
Okapi 0.059300 0.325400 0.000100 0.241700 0.019000 0.059300 0.057500 0.018900 0.000100 0.057500 0.059300 0.078000 0.057800 0.119500 0.039100 0.058700 0.000000 0.000000 0.059300 0.000100 0.038600 0.080700 0.038200 0.000100 0.059300 0.037800 0.078800 0.000100 0.079000 0.019000 0.018800 0.077900 0.103900 0.057800 0.059200 0.038300 0.079400 0.019000 0.059400 0.019000 0.038500 0.057800 0.018800 0.038100 0.038300 0.094500 0.059200 0.057800 0.038600 0.056800 0.000100 0.019000
Giraffe 0.059300 0.325400 0.000100 0.241700 0.019000 0.059300 0.057500 0.018900 0.000100 0.057500 0.059300 0.078000 0.057800 0.119500 0.039100 0.058700 0.000000 0.000000 0.059300 0.000100 0.038600 0.080700 0.038200 0.000100 0.059300 0.037800 0.078800 0.000100 0.079000 0.019000 0.018800 0.077900 0.103900 0.057800 0.059200 0.038300 0.079400 0.019000 0.059400 0.019000 0.038500 0.057800 0.018800 0.038100 0.038300 0.094500 0.059200 0.057800 0.038600 0.056800 0.000100 0.019000
TibetanAnt 0.000000 0.359000 0.059100 0.248700 0.038600 0.000000 0.079800 0.039500 0.059100 0.121900 0.000000 0.144600 0.039200 0.101000 0.061100 0.040000 0.059300 0.059300 0.000000 0.059100 0.060200 0.020200 0.059600 0.059100 0.000000 0.058000 0.019500 0.059100 0.060300 0.039500 0.079700 0.059500 0.129400 0.039200 0.040200 0.101900 0.019800 0.039400 0.082600 0.080500 0.059800 0.080000 0.079700 0.059300 0.101900 0.117100 0.040200 0.080400 0.060200 0.120300 0.059100 0.039400
Sitatunga 0.059100 0.325800 0.000000 0.242100 0.018500 0.059100 0.057500 0.019000 0.000000 0.057400 0.059100 0.077700 0.057700 0.119200 0.039100 0.058800 0.000100 0.000100 0.059100 0.000000 0.038500 0.080400 0.038200 0.000000 0.059100 0.037700 0.078600 0.000000 0.078800 0.019000 0.018400 0.078000 0.103500 0.057600 0.059000 0.038300 0.079200 0.018900 0.059400 0.018400 0.038300 0.057600 0.018300 0.038000 0.038300 0.094300 0.059000 0.057800 0.038700 0.056800 0.000000 0.019000
Oribi 0.060200 0.356900 0.038500 0.272000 0.019200 0.060200 0.058500 0.019300 0.038500 0.058300 0.060200 0.079000 0.058700 0.121200 0.039800 0.059700 0.038600 0.038600 0.060200 0.038500 0.000000 0.081900 0.079300 0.038000 0.059300 0.038000 0.080000 0.037600 0.080200 0.059200 0.058400 0.079300 0.105500 0.058700 0.060100 0.079600 0.080600 0.018900 0.019700 0.059000 0.079600 0.019100 0.058400 0.079200 0.079600 0.095600 0.019300 0.058800 0.000000 0.098200 0.038500 0.059000
BarbaryShe 0.019900 0.360700 0.080400 0.277900 0.060300 0.020200 0.101700 0.060400 0.080400 0.145300 0.020200 0.168900 0.060000 0.123800 0.083200 0.061300 0.080700 0.080700 0.020200 0.080400 0.081900 0.000000 0.081100 0.080400 0.020200 0.080200 0.040100 0.081200 0.082100 0.060500 0.101700 0.081000 0.154300 0.060000 0.061600 0.124900 0.040300 0.060300 0.105400 0.102700 0.081300 0.102100 0.101700 0.080700 0.124900 0.139400 0.061500 0.102700 0.081900 0.143200 0.080400 0.060400
Daviddeer 0.059600 0.301100 0.038200 0.218200 0.058400 0.059600 0.098400 0.058300 0.038200 0.077300 0.059600 0.099200 0.099000 0.120000 0.080300 0.059000 0.038200 0.038200 0.059600 0.038200 0.079300 0.081100 0.000000 0.038200 0.059600 0.077700 0.079100 0.038200 0.079300 0.019000 0.037900 0.078200 0.104300 0.099000 0.101400 0.078600 0.079800 0.058400 0.101700 0.058500 0.018900 0.098900 0.037900 0.038300 0.078600 0.135800 0.059500 0.098900 0.079300 0.097100 0.038200 0.019100
Reindeer 0.059100 0.325800 0.000000 0.242100 0.018900 0.059100 0.057500 0.019000 0.000000 0.057100 0.059100 0.077700 0.057700 0.119200 0.039100 0.058800 0.000100 0.000100 0.059100 0.000000 0.038000 0.080400 0.038200 0.000000 0.059100 0.037700 0.078600 0.000000 0.078800 0.019000 0.018800 0.078000 0.103500 0.057700 0.059000 0.038300 0.079200 0.018900 0.059400 0.018400 0.038300 0.057600 0.018800 0.038000 0.038300 0.093300 0.059000 0.057800 0.037800 0.056800 0.000000 0.018600
Ibex 0.000000 0.359000 0.059100 0.248700 0.039400 0.000000 0.079800 0.039500 0.059100 0.121900 0.000000 0.144600 0.039200 0.101000 0.061100 0.040000 0.059300 0.059300 0.000000 0.059100 0.059300 0.020200 0.059600 0.059100 0.000000 0.058900 0.019400 0.059100 0.060300 0.039500 0.079700 0.059500 0.128800 0.039200 0.040200 0.101900 0.019800 0.038700 0.082600 0.080500 0.059800 0.078300 0.079700 0.059300 0.101900 0.117100 0.040200 0.080400 0.060200 0.120300 0.059100 0.039500
GyrantGaze 0.058400 0.375600 0.037700 0.291700 0.018900 0.057700 0.057300 0.018900 0.037700 0.097200 0.058900 0.118500 0.057500 0.118600 0.038900 0.019200 0.037800 0.037800 0.058000 0.037700 0.038000 0.080200 0.077700 0.037700 0.058900 0.000000 0.078300 0.037700 0.038500 0.058000 0.056900 0.077600 0.147200 0.057500 0.057600 0.077900 0.079000 0.018900 0.059100 0.057800 0.077900 0.018700 0.057200 0.077300 0.077900 0.093800 0.058800 0.057700 0.038400 0.096100 0.037700 0.057800
Hartebeest 0.019400 0.329800 0.078600 0.270900 0.058900 0.019500 0.099400 0.059000 0.078600 0.141900 0.019600 0.165000 0.019200 0.120900 0.081200 0.059700 0.078800 0.078800 0.019500 0.078600 0.080000 0.040100 0.079100 0.078600 0.019400 0.078300 0.000000 0.078600 0.080000 0.059100 0.099300 0.079100 0.150500 0.019200 0.060100 0.122000 0.039400 0.058900 0.102900 0.100400 0.079400 0.100200 0.099300 0.078700 0.122000 0.095700 0.059600 0.100100 0.080000 0.140200 0.078600 0.058900
Bongo 0.059100 0.325800 0.000000 0.242100 0.018900 0.059100 0.057500 0.019000 0.000000 0.057400 0.059100 0.077700 0.057700 0.119200 0.039100 0.058800 0.000100 0.000100 0.059100 0.000000 0.037600 0.081200 0.038200 0.000000 0.059100 0.037700 0.078600 0.000000 0.078800 0.019000 0.018800 0.078000 0.103500 0.057200 0.059000 0.038300 0.079200 0.018500 0.059400 0.019000 0.038300 0.057600 0.018800 0.038000 0.038300 0.094300 0.057700 0.057800 0.038500 0.056800 0.000000 0.019000
Gerenuk 0.060300 0.329900 0.078800 0.247000 0.059000 0.060300 0.099700 0.059200 0.078800 0.142200 0.060300 0.165400 0.100000 0.121200 0.081400 0.019600 0.079000 0.079000 0.060300 0.078800 0.080200 0.082100 0.079300 0.078800 0.060300 0.038500 0.080000 0.078800 0.000000 0.059200 0.099600 0.079300 0.105600 0.100000 0.102600 0.122200 0.080700 0.059200 0.103200 0.100600 0.079600 0.058800 0.099600 0.078900 0.122200 0.136800 0.059100 0.100400 0.080200 0.140400 0.078800 0.059100
CommonElan 0.039500 0.301500 0.019000 0.219000 0.038800 0.039500 0.078200 0.038700 0.019000 0.078300 0.039500 0.099500 0.078800 0.099400 0.059900 0.039100 0.019000 0.019000 0.039500 0.019000 0.059200 0.060500 0.019000 0.019000 0.039500 0.058000 0.059100 0.019000 0.059200 0.000000 0.038500 0.058400 0.083000 0.078800 0.080800 0.058700 0.059600 0.038800 0.080900 0.038800 0.019200 0.078700 0.038500 0.019000 0.058700 0.115600 0.039500 0.078700 0.059200 0.077200 0.019000 0.000100
MuntiacusR 0.079700 0.327900 0.018800 0.243100 0.037800 0.079700 0.077600 0.038300 0.018300 0.037300 0.079700 0.078000 0.077800 0.140800 0.059300 0.079200 0.018800 0.018800 0.079700 0.018400 0.058400 0.101700 0.037900 0.018800 0.079700 0.056900 0.099300 0.018800 0.099600 0.038500 0.000000 0.098700 0.125900 0.077800 0.079600 0.058200 0.099400 0.038300 0.080200 0.038000 0.018900 0.077700 0.000000 0.057600 0.058200 0.114500 0.079600 0.078000 0.058400 0.076700 0.018400 0.038300
HarveysDui 0.059500 0.296700 0.078000 0.294700 0.058400 0.059500 0.057700 0.056000 0.078000 0.140900 0.059500 0.163900 0.099000 0.037900 0.080200 0.058900 0.077900 0.077900 0.059500 0.078000 0.079300 0.081000 0.078200 0.078000 0.059500 0.077600 0.079100 0.078000 0.079300 0.058400 0.098700 0.000000 0.149300 0.099000 0.101400 0.120500 0.079800 0.058400 0.101600 0.099600 0.078800 0.098800 0.098700 0.078100 0.120500 0.094900 0.059400 0.098900 0.079300 0.138800 0.078000 0.058400
Pronghorn 0.129400 0.291400 0.103500 0.205700 0.126800 0.129400 0.171700 0.127000 0.103500 0.125500 0.129400 0.104000 0.172300 0.148500 0.129300 0.128000 0.103900 0.103900 0.129400 0.103500 0.105500 0.154300 0.104300 0.103500 0.128800 0.147200 0.150500 0.103500 0.105600 0.083000 0.125900 0.149300 0.000000 0.172300 0.129400 0.104800 0.151800 0.126800 0.131100 0.082800 0.104700 0.125900 0.125900 0.103400 0.104800 0.210200 0.084300 0.172400 0.105500 0.145900 0.103500 0.082700
BlueWildeb 0.039200 0.354700 0.057700 0.294600 0.038200 0.039200 0.077800 0.038500 0.057700 0.119000 0.038900 0.141200 0.000000 0.141200 0.059500 0.079600 0.057800 0.057800 0.039200 0.057600 0.058700 0.060000 0.099000 0.057700 0.039200 0.057500 0.019200 0.057200 0.100000 0.078800 0.077800 0.099000 0.172300 0.000000 0.039200 0.099400 0.059100 0.038400 0.080500 0.078600 0.099300 0.078000 0.077800 0.098500 0.099400 0.075100 0.080000 0.078300 0.058700 0.117700 0.057700 0.078700
Gemsbok 0.040200 0.360300 0.059000 0.248800 0.039300 0.040200 0.079700 0.039400 0.059000 0.121800 0.040200 0.100800 0.038500 0.100800 0.040100 0.081500 0.059200 0.059200 0.040200 0.059000 0.060100 0.061600 0.101400 0.059000 0.040200 0.057600 0.060100 0.059000 0.102600 0.080800 0.079600 0.101400 0.129400 0.039200 0.000000 0.059700 0.059100 0.039300 0.082600 0.038400 0.101800 0.079200 0.079600 0.100800 0.059700 0.117100 0.082000 0.080200 0.060100 0.098800 0.059000 0.080500
Yak 0.101900 0.328600 0.038300 0.243400 0.058600 0.101900 0.098800 0.058500 0.038300 0.098900 0.101900 0.038400 0.099400 0.120400 0.059500 0.100800 0.038300 0.038300 0.101900 0.038300 0.079600 0.124900 0.078600 0.038300 0.101900 0.077900 0.122000 0.038300 0.122200 0.058700 0.058200 0.120500 0.104800 0.099400 0.059700 0.000000 0.123000 0.058600 0.102200 0.019100 0.079200 0.099200 0.058200 0.078500 0.000000 0.136400 0.101800 0.099300 0.079600 0.076800 0.038300 0.058700
BlueSheep 0.019800 0.386200 0.079200 0.273500 0.059400 0.019600 0.100200 0.059500 0.079200 0.143100 0.019800 0.166400 0.058000 0.121900 0.081900 0.060300 0.079400 0.079400 0.019800 0.079200 0.080600 0.040300 0.079800 0.079200 0.019800 0.079000 0.039400 0.079200 0.080700 0.059600 0.099400 0.079800 0.151800 0.059100 0.059100 0.123000 0.000000 0.059400 0.103700 0.101200 0.080100 0.100500 0.100200 0.079400 0.123000 0.137600 0.060500 0.101000 0.080600 0.141200 0.079200 0.059400
BohorReedb 0.039400 0.354400 0.018900 0.270100 0.000000 0.038800 0.038300 0.000100 0.018500 0.077900 0.039400 0.099000 0.038400 0.099100 0.019500 0.039100 0.019000 0.019000 0.039400 0.018900 0.018900 0.060300 0.058400 0.018900 0.038700 0.018900 0.058900 0.018500 0.059200 0.038800 0.038300 0.058400 0.126800 0.038400 0.039300 0.058600 0.059400 0.000000 0.039600 0.038600 0.058600 0.038400 0.038300 0.058100 0.058600 0.075200 0.039000 0.038500 0.019200 0.077100 0.018900 0.038600
KirksDik 0.082600 0.391800 0.059400 0.305300 0.039600 0.082600 0.079900 0.039500 0.059400 0.080000 0.082600 0.101900 0.080500 0.145800 0.061300 0.081500 0.059400 0.059400 0.082600 0.059400 0.019700 0.105400 0.101700 0.059400 0.082600 0.059100 0.102900 0.059400 0.103200 0.080900 0.080200 0.101600 0.131100 0.080500 0.082600 0.102200 0.103700 0.039600 0.000000 0.081100 0.102500 0.039300 0.080200 0.101400 0.102200 0.118000 0.040400 0.080200 0.019700 0.121600 0.059400 0.081000
RoeDeer 0.080500 0.303100 0.018500 0.219600 0.038600 0.080500 0.078300 0.038700 0.018500 0.078200 0.080500 0.058200 0.078600 0.099100 0.039300 0.079900 0.019000 0.019000 0.080500 0.018400 0.059000 0.102700 0.058500 0.018400 0.080500 0.057800 0.100400 0.019000 0.100600 0.038800 0.038000 0.099600 0.082800 0.078600 0.038400 0.019100 0.101200 0.038600 0.081100 0.000000 0.058700 0.078400 0.038400 0.058200 0.019100 0.115500 0.080500 0.078700 0.059000 0.057200 0.019000 0.038700
WhiteLippe 0.059800 0.303400 0.038300 0.220200 0.058600 0.059800 0.099000 0.058700 0.038300 0.057700 0.059800 0.099600 0.099100 0.120400 0.080800 0.059400 0.038500 0.038500 0.059800 0.038300 0.079600 0.081300 0.018900 0.038300 0.059800 0.077900 0.079400 0.038300 0.079600 0.019200 0.018900 0.078800 0.104700 0.099300 0.101800 0.079200 0.080100 0.058600 0.102500 0.058700 0.000000 0.099200 0.018500 0.038400 0.079200 0.136200 0.059700 0.099600 0.079600 0.097800 0.038300 0.018700
ThomsonGaz 0.079400 0.378100 0.057600 0.293600 0.037800 0.079700 0.077700 0.038400 0.057600 0.077500 0.080000 0.098400 0.078000 0.141000 0.059500 0.039000 0.057800 0.057800 0.080000 0.057600 0.019100 0.102100 0.098900 0.057600 0.078300 0.018700 0.100200 0.057600 0.058800 0.078700 0.077700 0.098800 0.125900 0.078000 0.079200 0.099200 0.100500 0.038400 0.039300 0.078400 0.099200 0.000000 0.077700 0.098400 0.099200 0.114500 0.038400 0.078200 0.019100 0.117500 0.057600 0.078500
MuntiacusC 0.079700 0.327900 0.018800 0.243100 0.037400 0.079700 0.077600 0.038300 0.018500 0.037700 0.079700 0.078000 0.077800 0.140800 0.059300 0.079200 0.018800 0.018800 0.079700 0.018300 0.058400 0.101700 0.037900 0.018800 0.079700 0.057200 0.099300 0.018800 0.099600 0.038500 0.000000 0.098700 0.125900 0.077800 0.079600 0.058200 0.100200 0.038300 0.080200 0.038400 0.018500 0.077700 0.000000 0.057600 0.058200 0.114500 0.079600 0.078000 0.058400 0.076700 0.018800 0.038300
WhiteTaile 0.059300 0.324300 0.038000 0.241900 0.058100 0.059300 0.098200 0.058200 0.038000 0.097900 0.059300 0.119300 0.098500 0.119300 0.080100 0.059000 0.038100 0.038100 0.059300 0.038000 0.079200 0.080700 0.038300 0.038000 0.059300 0.077300 0.078700 0.038000 0.078900 0.019000 0.057600 0.078100 0.103400 0.098500 0.100800 0.078500 0.079400 0.058100 0.101400 0.058200 0.038400 0.098400 0.057600 0.000000 0.078500 0.135000 0.059100 0.098900 0.078900 0.096800 0.038000 0.019000
Cattle 0.101900 0.328600 0.038300 0.243400 0.058600 0.101900 0.098800 0.058500 0.038300 0.098900 0.101900 0.038400 0.099400 0.120400 0.059500 0.100800 0.038300 0.038300 0.101900 0.038300 0.079600 0.124900 0.078600 0.038300 0.101900 0.077900 0.122000 0.038300 0.122200 0.058700 0.058200 0.120500 0.104800 0.099400 0.059700 0.000000 0.123000 0.058600 0.102200 0.019100 0.079200 0.099200 0.058200 0.078500 0.000000 0.136400 0.101800 0.099300 0.079600 0.076800 0.038300 0.058700
RoyalAntel 0.117100 0.369000 0.094300 0.361000 0.075200 0.117100 0.074800 0.075300 0.094300 0.155700 0.117100 0.178300 0.075100 0.135200 0.097000 0.116600 0.094500 0.094500 0.117100 0.094300 0.095600 0.139400 0.135800 0.093300 0.117100 0.093800 0.095700 0.094300 0.136800 0.115600 0.114500 0.094900 0.210200 0.075100 0.117100 0.136400 0.137600 0.075200 0.118000 0.115500 0.136200 0.114500 0.114500 0.135000 0.136400 0.000000 0.117100 0.115000 0.095600 0.154600 0.094300 0.115300
Steenbok 0.040200 0.332000 0.059000 0.248500 0.039300 0.039600 0.079700 0.039400 0.059000 0.079400 0.040200 0.100400 0.080000 0.100900 0.061000 0.039900 0.059200 0.059200 0.040200 0.059000 0.019300 0.061500 0.059500 0.059000 0.040200 0.058800 0.059600 0.057700 0.059100 0.039500 0.079600 0.059400 0.084300 0.080000 0.082000 0.101800 0.060500 0.039000 0.040400 0.080500 0.059700 0.038400 0.079600 0.059100 0.101800 0.117100 0.000000 0.080200 0.019200 0.120400 0.059000 0.039400
Impala 0.080400 0.406900 0.057800 0.321900 0.038500 0.080400 0.077800 0.038400 0.057800 0.119200 0.080400 0.141500 0.078300 0.120200 0.059400 0.059400 0.057800 0.057800 0.080400 0.057800 0.058800 0.102700 0.098900 0.057800 0.080400 0.057700 0.100100 0.057800 0.100400 0.078700 0.078000 0.098900 0.172400 0.078300 0.080200 0.099300 0.101000 0.038500 0.080200 0.078700 0.099600 0.078200 0.078000 0.098900 0.099300 0.115000 0.080200 0.000000 0.058800 0.117400 0.057800 0.078800
Klipspring 0.060200 0.356900 0.038500 0.272000 0.019200 0.060200 0.058500 0.019300 0.038500 0.058300 0.060200 0.078200 0.058700 0.121200 0.039800 0.059700 0.038600 0.038600 0.060200 0.038700 0.000000 0.081900 0.079300 0.037800 0.060200 0.038400 0.080000 0.038500 0.080200 0.059200 0.058400 0.079300 0.105500 0.058700 0.060100 0.079600 0.080600 0.019200 0.019700 0.059000 0.079600 0.019100 0.058400 0.078900 0.079600 0.095600 0.019200 0.058800 0.000000 0.098200 0.038500 0.059000
ForestMusk 0.120300 0.375600 0.056800 0.285000 0.077100 0.120300 0.117100 0.076900 0.056800 0.117400 0.120300 0.117600 0.117700 0.159900 0.077400 0.119000 0.056800 0.056800 0.120300 0.056800 0.098200 0.143200 0.097100 0.056800 0.120300 0.096100 0.140200 0.056800 0.140400 0.077200 0.076700 0.138800 0.145900 0.117700 0.098800 0.076800 0.141200 0.077100 0.121600 0.057200 0.097800 0.117500 0.076700 0.096800 0.076800 0.154600 0.120400 0.117400 0.098200 0.000000 0.056800 0.077300
Bushbuck 0.059100 0.325800 0.000000 0.242100 0.018900 0.059100 0.057500 0.019000 0.000000 0.057400 0.057800 0.077700 0.057700 0.119200 0.039100 0.058800 0.000100 0.000100 0.059100 0.000000 0.038500 0.080400 0.038200 0.000000 0.059100 0.037700 0.078600 0.000000 0.078800 0.019000 0.018400 0.078000 0.103500 0.057700 0.059000 0.038300 0.079200 0.018900 0.059400 0.019000 0.038300 0.057600 0.018800 0.038000 0.038300 0.094300 0.059000 0.057800 0.038500 0.056800 0.000000 0.018500
GreaterKud 0.038700 0.301600 0.018600 0.219300 0.037700 0.039400 0.078300 0.038700 0.019000 0.078100 0.039400 0.099200 0.078600 0.099100 0.059900 0.039200 0.019000 0.019000 0.039400 0.019000 0.059000 0.060400 0.019100 0.018600 0.039500 0.057800 0.058900 0.019000 0.059100 0.000100 0.038300 0.058400 0.082700 0.078700 0.080500 0.058700 0.059400 0.038600 0.081000 0.038700 0.018700 0.078500 0.038300 0.019000 0.058700 0.115300 0.039400 0.078800 0.059000 0.077300 0.018500 0.000000
