1
52 1
Argali 0.000000 0.191900 0.060900 0.186100 0.054100 0.003000 0.054400 0.041000 0.067800 0.082000 0.034400 0.074100 0.054200 0.041100 0.073600 0.044600 0.064100 0.070000 0.034700 0.078100 0.061000 0.037500 0.075000 0.078700 0.043900 0.048000 0.051000 0.067700 0.047700 0.060900 0.077900 0.051100 0.100700 0.057500 0.053800 0.081000 0.031400 0.054000 0.057800 0.089200 0.068200 0.038000 0.079000 0.071800 0.074300 0.070800 0.070900 0.057100 0.064100 0.073900 0.077700 0.067600
LesserMous 0.191900 0.000000 0.177200 0.181900 0.174000 0.195900 0.182900 0.165800 0.193600 0.187700 0.195900 0.188200 0.170500 0.170400 0.194300 0.179100 0.174500 0.173000 0.174000 0.198100 0.182000 0.190900 0.187400 0.175900 0.191400 0.175700 0.169800 0.185400 0.174600 0.180900 0.180100 0.167200 0.204600 0.174500 0.173600 0.200600 0.178900 0.173100 0.182600 0.204600 0.187400 0.170700 0.180700 0.176000 0.192600 0.185100 0.186400 0.192400 0.181800 0.193600 0.196900 0.192900
LesserKudu 0.060900 0.177200 0.000000 0.160600 0.051400 0.064300 0.051700 0.038200 0.012500 0.065700 0.064300 0.038100 0.051600 0.038300 0.063200 0.041800 0.047800 0.060400 0.051500 0.025300 0.058100 0.067300 0.058700 0.061800 0.074100 0.045200 0.048300 0.012500 0.045000 0.015600 0.061500 0.041800 0.087800 0.054900 0.044300 0.044600 0.054700 0.051200 0.051800 0.072200 0.051900 0.035100 0.062600 0.055000 0.038100 0.070800 0.061600 0.061100 0.061500 0.057800 0.022000 0.015600
KillerWhal 0.186100 0.181900 0.160600 0.000000 0.160400 0.190100 0.173300 0.159900 0.176700 0.186000 0.186400 0.167700 0.161000 0.157000 0.181900 0.165200 0.164200 0.178100 0.168300 0.181100 0.168800 0.185100 0.177700 0.174500 0.190700 0.169700 0.160400 0.168700 0.160800 0.180000 0.178300 0.146100 0.209100 0.157300 0.159900 0.191300 0.171700 0.160100 0.176500 0.186700 0.169600 0.153100 0.179100 0.170600 0.183400 0.184200 0.164800 0.182500 0.168400 0.194800 0.180100 0.176100
DefassaWat 0.054100 0.174000 0.051400 0.160400 0.000000 0.057400 0.044900 0.031600 0.054900 0.079300 0.057500 0.064600 0.038300 0.031700 0.064100 0.038000 0.054300 0.066900 0.044800 0.068500 0.051400 0.060400 0.072200 0.076000 0.067100 0.038500 0.035100 0.058200 0.038300 0.058100 0.074900 0.041600 0.084300 0.041600 0.037400 0.071400 0.054400 0.000100 0.048300 0.086600 0.065300 0.028500 0.076300 0.069100 0.064700 0.054800 0.061400 0.054200 0.048000 0.060600 0.068200 0.051400
Sheep 0.003000 0.195900 0.064300 0.190100 0.057400 0.000000 0.057800 0.044200 0.071200 0.085500 0.037700 0.077600 0.057600 0.044400 0.077000 0.047900 0.067500 0.073500 0.037900 0.081600 0.064300 0.040700 0.078500 0.082200 0.047100 0.051300 0.054300 0.071100 0.051000 0.064200 0.081400 0.054400 0.104200 0.060900 0.057100 0.084500 0.034600 0.057300 0.061200 0.092800 0.071600 0.041200 0.082500 0.075300 0.077700 0.074300 0.074300 0.060400 0.067400 0.077300 0.081200 0.071000
MaxwellsDu 0.054400 0.182900 0.051700 0.173300 0.044900 0.057800 0.000000 0.031800 0.058600 0.076200 0.057800 0.065000 0.045000 0.019000 0.050900 0.035300 0.051500 0.064100 0.045000 0.068900 0.051700 0.060800 0.069200 0.072900 0.067500 0.035400 0.041800 0.058500 0.038500 0.058400 0.072100 0.022300 0.088200 0.048400 0.044600 0.071800 0.054800 0.044800 0.048600 0.083600 0.062300 0.028700 0.073200 0.066100 0.065100 0.061700 0.061700 0.047800 0.048100 0.064700 0.068500 0.058400
GazellaPrz 0.041000 0.165800 0.038200 0.159900 0.031600 0.044200 0.031800 0.000000 0.044900 0.065400 0.044200 0.044600 0.031700 0.018800 0.050800 0.015700 0.040900 0.053300 0.031700 0.054900 0.031700 0.047300 0.058500 0.062100 0.053800 0.019000 0.028500 0.044800 0.018900 0.044700 0.061000 0.028500 0.077300 0.034900 0.030800 0.051300 0.041200 0.031500 0.028500 0.072500 0.051700 0.009400 0.062300 0.055300 0.044700 0.048000 0.041400 0.041100 0.041300 0.048100 0.054600 0.044700
MountainNy 0.067800 0.193600 0.012500 0.176700 0.054900 0.071200 0.058600 0.044900 0.000000 0.079700 0.071300 0.051300 0.058400 0.045000 0.076900 0.048600 0.054600 0.067300 0.058400 0.018900 0.065100 0.074300 0.072600 0.075700 0.081100 0.052100 0.055100 0.018900 0.051800 0.022000 0.075400 0.055200 0.095000 0.061800 0.051100 0.051200 0.068300 0.058000 0.062100 0.086400 0.065600 0.041800 0.076700 0.068800 0.044600 0.078000 0.068700 0.068000 0.068400 0.058000 0.015700 0.022000
MuntiacusM 0.082000 0.187700 0.065700 0.186000 0.079300 0.085500 0.076200 0.065400 0.079700 0.000000 0.078600 0.072300 0.072600 0.062200 0.085600 0.069400 0.061800 0.067700 0.065600 0.083400 0.079600 0.088500 0.032200 0.029000 0.088600 0.073100 0.069200 0.065800 0.065800 0.075900 0.006400 0.059100 0.102800 0.076000 0.064900 0.086200 0.075600 0.079100 0.079800 0.039000 0.025600 0.062300 0.009600 0.025800 0.079300 0.097000 0.083000 0.085700 0.086200 0.089300 0.082900 0.079400
goat 0.034400 0.195900 0.064300 0.186400 0.057500 0.037700 0.057800 0.044200 0.071300 0.078600 0.000000 0.077600 0.057600 0.044400 0.077000 0.044700 0.067600 0.073500 0.038000 0.081600 0.064300 0.028000 0.078500 0.075400 0.015400 0.051300 0.054400 0.071200 0.047800 0.064300 0.074500 0.054400 0.104200 0.060900 0.057100 0.084500 0.025100 0.057300 0.054500 0.085900 0.071600 0.041200 0.075600 0.068500 0.077700 0.074300 0.074400 0.060500 0.067400 0.077300 0.081200 0.071000
AfricanBuf 0.074100 0.188200 0.038100 0.167700 0.064600 0.077600 0.065000 0.044600 0.051300 0.072300 0.077600 0.000000 0.058100 0.051400 0.069000 0.055000 0.054200 0.066800 0.058100 0.054700 0.064700 0.080600 0.065400 0.069100 0.087400 0.058500 0.054800 0.044600 0.051500 0.054400 0.068000 0.048300 0.094400 0.061500 0.050600 0.057700 0.067900 0.064300 0.061700 0.072700 0.058500 0.048100 0.069300 0.062200 0.051100 0.084200 0.068200 0.074300 0.074800 0.074000 0.054400 0.051100
Topi 0.054200 0.170500 0.051600 0.161000 0.038300 0.057600 0.045000 0.031700 0.058400 0.072600 0.057600 0.058100 0.000000 0.031800 0.064300 0.035200 0.047900 0.060500 0.038300 0.061900 0.045000 0.060600 0.065600 0.069300 0.067300 0.038600 0.003100 0.051700 0.031900 0.058200 0.068300 0.035200 0.080900 0.009400 0.025400 0.071600 0.054600 0.038200 0.048400 0.079800 0.058700 0.028600 0.069500 0.062400 0.064900 0.054900 0.054900 0.054400 0.048100 0.064500 0.061600 0.058200
CommonDuik 0.041100 0.170400 0.038300 0.157000 0.031700 0.044400 0.019000 0.018800 0.045000 0.062200 0.044400 0.051400 0.031800 0.000000 0.044300 0.022200 0.037900 0.050400 0.031800 0.055100 0.038400 0.047400 0.055300 0.059000 0.054000 0.025500 0.028600 0.045000 0.025400 0.044900 0.058100 0.015800 0.067500 0.035000 0.031400 0.058100 0.041400 0.031600 0.035200 0.069300 0.048600 0.015800 0.059200 0.052200 0.051400 0.048200 0.048200 0.034700 0.034900 0.051100 0.054800 0.044900
Suni 0.073600 0.194300 0.063200 0.181900 0.064100 0.077000 0.050900 0.050800 0.076900 0.085600 0.077000 0.069000 0.064300 0.044300 0.000000 0.054500 0.069800 0.073300 0.064200 0.080700 0.072800 0.079900 0.078500 0.082200 0.086700 0.058000 0.061000 0.076800 0.057700 0.076800 0.081200 0.047700 0.100800 0.067600 0.063500 0.083600 0.067300 0.066300 0.061200 0.092900 0.071600 0.047800 0.082600 0.075400 0.076800 0.081100 0.074400 0.060300 0.067300 0.073800 0.087100 0.076800
Springbuck 0.044600 0.179100 0.041800 0.165200 0.038000 0.047900 0.035300 0.015700 0.048600 0.069400 0.044700 0.055000 0.035200 0.022200 0.054500 0.000000 0.044500 0.057100 0.035200 0.058800 0.035200 0.051000 0.062400 0.066100 0.057600 0.019100 0.032000 0.048600 0.015800 0.048400 0.064900 0.032100 0.074700 0.038500 0.034300 0.058400 0.038300 0.035100 0.032100 0.076700 0.055600 0.012600 0.066400 0.059300 0.051700 0.051800 0.044600 0.044700 0.045000 0.051900 0.058500 0.048400
Okapi 0.064100 0.174500 0.047800 0.164200 0.054300 0.067500 0.051500 0.040900 0.054600 0.061800 0.067600 0.054200 0.047900 0.037900 0.069800 0.044500 0.000000 0.025600 0.047800 0.058200 0.054500 0.070500 0.048200 0.051800 0.077400 0.041400 0.044500 0.047900 0.041100 0.057900 0.057300 0.041300 0.070800 0.051200 0.040000 0.061200 0.064400 0.054300 0.057100 0.069000 0.048100 0.037800 0.058800 0.045000 0.054400 0.064700 0.064800 0.060700 0.061100 0.064000 0.057900 0.054500
Giraffe 0.070000 0.173000 0.060400 0.178100 0.066900 0.073500 0.064100 0.053300 0.067300 0.067700 0.073500 0.066800 0.060500 0.050400 0.073300 0.057100 0.025600 0.000000 0.053500 0.064200 0.067200 0.076300 0.060900 0.057600 0.076500 0.053900 0.057000 0.060600 0.053600 0.063700 0.063200 0.053900 0.084600 0.063900 0.052700 0.073900 0.063500 0.066900 0.069900 0.074900 0.060800 0.050200 0.064700 0.050800 0.067100 0.077500 0.077600 0.073400 0.073800 0.071100 0.070700 0.067200
TibetanAnt 0.034700 0.174000 0.051500 0.168300 0.044800 0.037900 0.045000 0.031700 0.058400 0.065600 0.038000 0.058100 0.038300 0.031800 0.064200 0.035200 0.047800 0.053500 0.000000 0.061900 0.044900 0.041000 0.065500 0.062400 0.047500 0.038600 0.035100 0.051600 0.031800 0.051500 0.061400 0.035200 0.084400 0.041600 0.037600 0.071600 0.034900 0.044700 0.048400 0.072800 0.058600 0.028600 0.062600 0.055600 0.064800 0.061500 0.054500 0.054400 0.054700 0.064400 0.061600 0.058200
Sitatunga 0.078100 0.198100 0.025300 0.181100 0.068500 0.081600 0.068900 0.054900 0.018900 0.083400 0.081600 0.054700 0.061900 0.055100 0.080700 0.058800 0.058200 0.064200 0.061900 0.000000 0.068600 0.084600 0.076200 0.079500 0.091500 0.062300 0.058600 0.025300 0.055200 0.034900 0.079200 0.058700 0.098700 0.065300 0.054600 0.061300 0.078600 0.068100 0.072400 0.090300 0.069200 0.051900 0.080300 0.072600 0.054600 0.088600 0.072200 0.078300 0.078800 0.068300 0.015700 0.035000
Oribi 0.061000 0.182000 0.058100 0.168800 0.051400 0.064300 0.051700 0.031700 0.065100 0.079600 0.064300 0.064700 0.045000 0.038400 0.072800 0.035200 0.054500 0.067200 0.044900 0.068600 0.000000 0.067300 0.072500 0.076200 0.074100 0.038600 0.041700 0.058200 0.031800 0.064800 0.075200 0.041800 0.084700 0.048300 0.044200 0.074900 0.061300 0.051200 0.041800 0.086900 0.065600 0.028600 0.076600 0.069400 0.068200 0.070900 0.054900 0.054500 0.054900 0.068100 0.068200 0.064800
BarbaryShe 0.037500 0.190900 0.067300 0.185100 0.060400 0.040700 0.060800 0.047300 0.074300 0.088500 0.028000 0.080600 0.060600 0.047400 0.079900 0.051000 0.070500 0.076300 0.041000 0.084600 0.067300 0.000000 0.088300 0.085200 0.037300 0.054400 0.057300 0.074200 0.054100 0.067300 0.084300 0.057400 0.107200 0.063900 0.060100 0.080600 0.031300 0.060300 0.057600 0.095800 0.081400 0.044300 0.085500 0.078300 0.073900 0.077300 0.077300 0.063400 0.070400 0.080200 0.084200 0.074000
Daviddeer 0.075000 0.187400 0.058700 0.177700 0.072200 0.078500 0.069200 0.058500 0.072600 0.032200 0.078500 0.065400 0.065600 0.055300 0.078500 0.062400 0.048200 0.060900 0.065500 0.076200 0.072500 0.088300 0.000000 0.022400 0.088400 0.059200 0.062200 0.058900 0.058800 0.075800 0.028200 0.052200 0.095600 0.069000 0.058100 0.072200 0.075500 0.072100 0.072700 0.038900 0.006300 0.055400 0.029100 0.019200 0.065400 0.082800 0.075900 0.078600 0.079100 0.082200 0.075800 0.072300
Reindeer 0.078700 0.175900 0.061800 0.174500 0.076000 0.082200 0.072900 0.062100 0.075700 0.029000 0.075400 0.069100 0.069300 0.059000 0.082200 0.066100 0.051800 0.057600 0.062400 0.079500 0.076200 0.085200 0.022400 0.000000 0.085300 0.062900 0.065900 0.061800 0.062500 0.072000 0.024400 0.055800 0.099500 0.065900 0.061700 0.082900 0.072300 0.075800 0.076400 0.035700 0.022400 0.059000 0.025900 0.016000 0.076000 0.086700 0.079700 0.082400 0.082600 0.086100 0.079000 0.075400
Ibex 0.043900 0.191400 0.074100 0.190700 0.067100 0.047100 0.067500 0.053800 0.081100 0.088600 0.015400 0.087400 0.067300 0.054000 0.086700 0.057600 0.077400 0.076500 0.047500 0.091500 0.074100 0.037300 0.088400 0.085300 0.000000 0.061000 0.064000 0.081000 0.060700 0.074000 0.084500 0.064100 0.114100 0.070600 0.066800 0.094300 0.031300 0.067000 0.064200 0.095900 0.081400 0.050800 0.085600 0.078100 0.087500 0.084100 0.084200 0.070100 0.077200 0.087200 0.091100 0.080800
GyrantGaze 0.048000 0.175700 0.045200 0.169700 0.038500 0.051300 0.035400 0.019000 0.052100 0.073100 0.051300 0.058500 0.038600 0.025500 0.058000 0.019100 0.041400 0.053900 0.038600 0.062300 0.038600 0.054400 0.059200 0.062900 0.061000 0.000000 0.035400 0.052000 0.025500 0.051900 0.068700 0.035400 0.081600 0.041900 0.037900 0.061900 0.048300 0.038400 0.035400 0.080400 0.059100 0.015800 0.070100 0.056000 0.055200 0.041900 0.048500 0.048100 0.048400 0.055400 0.062000 0.051900
Hartebeest 0.051000 0.169800 0.048300 0.160400 0.035100 0.054300 0.041800 0.028500 0.055100 0.069200 0.054400 0.054800 0.003100 0.028600 0.061000 0.032000 0.044500 0.057000 0.035100 0.058600 0.041700 0.057300 0.062200 0.065900 0.064000 0.035400 0.000000 0.048400 0.028600 0.054900 0.064900 0.031900 0.077600 0.006300 0.022200 0.068300 0.051300 0.035000 0.045100 0.076400 0.055400 0.025400 0.066200 0.059100 0.061600 0.051600 0.051600 0.051100 0.044900 0.061100 0.058300 0.054900
Bongo 0.067700 0.185400 0.012500 0.168700 0.058200 0.071100 0.058500 0.044800 0.018900 0.065800 0.071200 0.044600 0.051700 0.045000 0.076800 0.048600 0.047900 0.060600 0.051600 0.025300 0.058200 0.074200 0.058900 0.061800 0.081000 0.052000 0.048400 0.000000 0.045100 0.022000 0.061600 0.048500 0.088000 0.055000 0.044200 0.057900 0.068200 0.057900 0.061300 0.072300 0.052000 0.041800 0.062800 0.055000 0.051300 0.077700 0.068500 0.064600 0.068300 0.064600 0.022000 0.022000
Gerenuk 0.047700 0.174600 0.045000 0.160800 0.038300 0.051000 0.038500 0.018900 0.051800 0.065800 0.047800 0.051500 0.031900 0.025400 0.057700 0.015800 0.041100 0.053600 0.031800 0.055200 0.031800 0.054100 0.058800 0.062500 0.060700 0.025500 0.028600 0.045100 0.000000 0.051600 0.061400 0.028700 0.074400 0.035100 0.031000 0.061600 0.041400 0.038200 0.035200 0.072900 0.052000 0.015800 0.062700 0.055700 0.054900 0.054900 0.041200 0.047900 0.048100 0.055000 0.055000 0.051600
CommonElan 0.060900 0.180900 0.015600 0.180000 0.058100 0.064200 0.058400 0.044700 0.022000 0.075900 0.064300 0.054400 0.058200 0.044900 0.076800 0.048400 0.057900 0.063700 0.051500 0.034900 0.064800 0.067300 0.075800 0.072000 0.074000 0.051900 0.054900 0.022000 0.051600 0.000000 0.071700 0.055000 0.091300 0.061600 0.051000 0.061100 0.061300 0.057800 0.061800 0.082600 0.068800 0.041700 0.072900 0.065200 0.054500 0.077700 0.075200 0.067700 0.068200 0.061200 0.031500 0.025100
MuntiacusR 0.077900 0.180100 0.061500 0.178300 0.074900 0.081400 0.072100 0.061000 0.075400 0.006400 0.074500 0.068000 0.068300 0.058100 0.081200 0.064900 0.057300 0.063200 0.061400 0.079200 0.075200 0.084300 0.028200 0.024400 0.084500 0.068700 0.064900 0.061600 0.061400 0.071700 0.000000 0.054800 0.098500 0.071800 0.060600 0.082000 0.071400 0.074900 0.075600 0.034400 0.021400 0.057900 0.009600 0.021100 0.075100 0.092700 0.078800 0.081300 0.081900 0.085100 0.078800 0.075200
HarveysDui 0.051100 0.167200 0.041800 0.146100 0.041600 0.054400 0.022300 0.028500 0.055200 0.059100 0.054400 0.048300 0.035200 0.015800 0.047700 0.032100 0.041300 0.053900 0.035200 0.058700 0.041800 0.057400 0.052200 0.055800 0.064100 0.035400 0.031900 0.048500 0.028700 0.055000 0.054800 0.000000 0.077900 0.038400 0.034700 0.061700 0.044800 0.041500 0.041900 0.062700 0.045400 0.025400 0.056000 0.049100 0.055000 0.058400 0.038500 0.044500 0.044800 0.061300 0.058400 0.055000
Pronghorn 0.100700 0.204600 0.087800 0.209100 0.084300 0.104200 0.088200 0.077300 0.095000 0.102800 0.104200 0.094400 0.080900 0.067500 0.100800 0.074700 0.070800 0.084600 0.084400 0.098700 0.084700 0.107200 0.095600 0.099500 0.114100 0.081600 0.077600 0.088000 0.074400 0.091300 0.098500 0.077900 0.000000 0.084300 0.077000 0.101600 0.097900 0.084100 0.094300 0.110300 0.088500 0.074300 0.099800 0.092500 0.094700 0.108700 0.101700 0.097500 0.098000 0.097700 0.098200 0.094700
BlueWildeb 0.057500 0.174500 0.054900 0.157300 0.041600 0.060900 0.048400 0.034900 0.061800 0.076000 0.060900 0.061500 0.009400 0.035000 0.067600 0.038500 0.051200 0.063900 0.041600 0.065300 0.048300 0.063900 0.069000 0.065900 0.070600 0.041900 0.006300 0.055000 0.035100 0.061600 0.071800 0.038400 0.084300 0.000000 0.028600 0.075000 0.057900 0.041500 0.051700 0.083300 0.062100 0.031900 0.073000 0.065900 0.068200 0.058300 0.058200 0.057700 0.051400 0.068000 0.065000 0.061600
Gemsbok 0.053800 0.173600 0.044300 0.159900 0.037400 0.057100 0.044600 0.030800 0.051100 0.064900 0.057100 0.050600 0.025400 0.031400 0.063500 0.034300 0.040000 0.052700 0.037600 0.054600 0.044200 0.060100 0.058100 0.061700 0.066800 0.037900 0.022200 0.044200 0.031000 0.051000 0.060600 0.034700 0.077000 0.028600 0.000000 0.064300 0.054000 0.037400 0.047700 0.072100 0.051200 0.027400 0.061900 0.054900 0.057600 0.054300 0.054300 0.053600 0.047400 0.057100 0.054400 0.051000
Yak 0.081000 0.200600 0.044600 0.191300 0.071400 0.084500 0.071800 0.051300 0.051200 0.086200 0.084500 0.057700 0.071600 0.058100 0.083600 0.058400 0.061200 0.073900 0.071600 0.061300 0.074900 0.080600 0.072200 0.082900 0.094300 0.061900 0.068300 0.057900 0.061600 0.061100 0.082000 0.061700 0.101600 0.075000 0.064300 0.000000 0.074700 0.071000 0.071900 0.093600 0.065300 0.051500 0.083200 0.076000 0.006200 0.091400 0.081900 0.081200 0.081700 0.081400 0.061000 0.057800
BlueSheep 0.031400 0.178900 0.054700 0.171700 0.054400 0.034600 0.054800 0.041200 0.068300 0.075600 0.025100 0.067900 0.054600 0.041400 0.067300 0.038300 0.064400 0.063500 0.034900 0.078600 0.061300 0.031300 0.075500 0.072300 0.031300 0.048300 0.051300 0.068200 0.041400 0.061300 0.071400 0.044800 0.097900 0.057900 0.054000 0.074700 0.000000 0.054300 0.054800 0.082900 0.068600 0.038200 0.072600 0.065500 0.068000 0.071300 0.064700 0.057500 0.064500 0.074200 0.078200 0.068000
BohorReedb 0.054000 0.173100 0.051200 0.160100 0.000100 0.057300 0.044800 0.031500 0.058000 0.079100 0.057300 0.064300 0.038200 0.031600 0.066300 0.035100 0.054300 0.066900 0.044700 0.068100 0.051200 0.060300 0.072100 0.075800 0.067000 0.038400 0.035000 0.057900 0.038200 0.057800 0.074900 0.041500 0.084100 0.041500 0.037400 0.071000 0.054300 0.000000 0.048200 0.086400 0.065200 0.028500 0.076100 0.069000 0.064300 0.056900 0.061300 0.054100 0.047900 0.060400 0.067800 0.051200
KirksDik 0.057800 0.182600 0.051800 0.176500 0.048300 0.061200 0.048600 0.028500 0.062100 0.079800 0.054500 0.061700 0.048400 0.035200 0.061200 0.032100 0.057100 0.069900 0.048400 0.072400 0.041800 0.057600 0.072700 0.076400 0.064200 0.035400 0.045100 0.061300 0.035200 0.061800 0.075600 0.041900 0.094300 0.051700 0.047700 0.071900 0.054800 0.048200 0.000000 0.087200 0.065800 0.024100 0.076800 0.069600 0.065200 0.058500 0.055100 0.057100 0.058300 0.065300 0.072100 0.061800
RoeDeer 0.089200 0.204600 0.072200 0.186700 0.086600 0.092800 0.083600 0.072500 0.086400 0.039000 0.085900 0.072700 0.079800 0.069300 0.092900 0.076700 0.069000 0.074900 0.072800 0.090300 0.086900 0.095800 0.038900 0.035700 0.095900 0.080400 0.076400 0.072300 0.072900 0.082600 0.034400 0.062700 0.110300 0.083300 0.072100 0.093600 0.082900 0.086400 0.087200 0.000000 0.032200 0.069400 0.035900 0.032400 0.086600 0.104600 0.086800 0.093000 0.090100 0.096900 0.089700 0.086000
WhiteLippe 0.068200 0.187400 0.051900 0.169600 0.065300 0.071600 0.062300 0.051700 0.065600 0.025600 0.071600 0.058500 0.058700 0.048600 0.071600 0.055600 0.048100 0.060800 0.058600 0.069200 0.065600 0.081400 0.006300 0.022400 0.081400 0.059100 0.055400 0.052000 0.052000 0.068800 0.021400 0.045400 0.088500 0.062100 0.051200 0.065300 0.068600 0.065200 0.065800 0.032200 0.000000 0.048600 0.022500 0.019200 0.058500 0.082700 0.068900 0.071700 0.072100 0.075100 0.068800 0.065400
ThomsonGaz 0.038000 0.170700 0.035100 0.153100 0.028500 0.041200 0.028700 0.009400 0.041800 0.062300 0.041200 0.048100 0.028600 0.015800 0.047800 0.012600 0.037800 0.050200 0.028600 0.051900 0.028600 0.044300 0.055400 0.059000 0.050800 0.015800 0.025400 0.041800 0.015800 0.041700 0.057900 0.025400 0.074300 0.031900 0.027400 0.051500 0.038200 0.028500 0.024100 0.069400 0.048600 0.000000 0.059300 0.052300 0.044900 0.044900 0.038300 0.038000 0.038300 0.045000 0.051600 0.041700
MuntiacusC 0.079000 0.180700 0.062600 0.179100 0.076300 0.082500 0.073200 0.062300 0.076700 0.009600 0.075600 0.069300 0.069500 0.059200 0.082600 0.066400 0.058800 0.064700 0.062600 0.080300 0.076600 0.085500 0.029100 0.025900 0.085600 0.070100 0.066200 0.062800 0.062700 0.072900 0.009600 0.056000 0.099800 0.073000 0.061900 0.083200 0.072600 0.076100 0.076800 0.035900 0.022500 0.059300 0.000000 0.022600 0.076300 0.094100 0.080000 0.082700 0.083300 0.086300 0.079900 0.076400
WhiteTaile 0.071800 0.176000 0.055000 0.170600 0.069100 0.075300 0.066100 0.055300 0.068800 0.025800 0.068500 0.062200 0.062400 0.052200 0.075400 0.059300 0.045000 0.050800 0.055600 0.072600 0.069400 0.078300 0.019200 0.016000 0.078100 0.056000 0.059100 0.055000 0.055700 0.065200 0.021100 0.049100 0.092500 0.065900 0.054900 0.076000 0.065500 0.069000 0.069600 0.032400 0.019200 0.052300 0.022600 0.000000 0.069100 0.079700 0.072800 0.075500 0.076000 0.079100 0.072100 0.068500
Cattle 0.074300 0.192600 0.038100 0.183400 0.064700 0.077700 0.065100 0.044700 0.044600 0.079300 0.077700 0.051100 0.064900 0.051400 0.076800 0.051700 0.054400 0.067100 0.064800 0.054600 0.068200 0.073900 0.065400 0.076000 0.087500 0.055200 0.061600 0.051300 0.054900 0.054500 0.075100 0.055000 0.094700 0.068200 0.057600 0.006200 0.068000 0.064300 0.065200 0.086600 0.058500 0.044900 0.076300 0.069100 0.000000 0.084500 0.075100 0.074400 0.074900 0.074600 0.054300 0.051200
RoyalAntel 0.070800 0.185100 0.070800 0.184200 0.054800 0.074300 0.061700 0.048000 0.078000 0.097000 0.074300 0.084200 0.054900 0.048200 0.081100 0.051800 0.064700 0.077500 0.061500 0.088600 0.070900 0.077300 0.082800 0.086700 0.084100 0.041900 0.051600 0.077700 0.054900 0.077700 0.092700 0.058400 0.108700 0.058300 0.054300 0.091400 0.071300 0.056900 0.058500 0.104600 0.082700 0.044900 0.094100 0.079700 0.084500 0.000000 0.078500 0.057800 0.044900 0.074700 0.088200 0.070800
Steenbok 0.070900 0.186400 0.061600 0.164800 0.061400 0.074300 0.061700 0.041400 0.068700 0.083000 0.074400 0.068200 0.054900 0.048200 0.074400 0.044600 0.064800 0.077600 0.054500 0.072200 0.054900 0.077300 0.075900 0.079700 0.084200 0.048500 0.051600 0.068500 0.041200 0.075200 0.078800 0.038500 0.101700 0.058200 0.054300 0.081900 0.064700 0.061300 0.055100 0.086800 0.068900 0.038300 0.080000 0.072800 0.075100 0.078500 0.000000 0.070700 0.071600 0.071900 0.071800 0.075200
Impala 0.057100 0.192400 0.061100 0.182500 0.054200 0.060400 0.047800 0.041100 0.068000 0.085700 0.060500 0.074300 0.054400 0.034700 0.060300 0.044700 0.060700 0.073400 0.054400 0.078300 0.054500 0.063400 0.078600 0.082400 0.070100 0.048100 0.051100 0.064600 0.047900 0.067700 0.081300 0.044500 0.097500 0.057700 0.053600 0.081200 0.057500 0.054100 0.057100 0.093000 0.071700 0.038000 0.082700 0.075500 0.074400 0.057800 0.070700 0.000000 0.050900 0.067100 0.077900 0.067800
Klipspring 0.064100 0.181800 0.061500 0.168400 0.048000 0.067400 0.048100 0.041300 0.068400 0.086200 0.067400 0.074800 0.048100 0.034900 0.067300 0.045000 0.061100 0.073800 0.054700 0.078800 0.054900 0.070400 0.079100 0.082600 0.077200 0.048400 0.044900 0.068300 0.048100 0.068200 0.081900 0.044800 0.098000 0.051400 0.047400 0.081700 0.064500 0.047900 0.058300 0.090100 0.072100 0.038300 0.083300 0.076000 0.074900 0.044900 0.071600 0.050900 0.000000 0.067700 0.078400 0.068200
ForestMusk 0.073900 0.193600 0.057800 0.194800 0.060600 0.077300 0.064700 0.048100 0.058000 0.089300 0.077300 0.074000 0.064500 0.051100 0.073800 0.051900 0.064000 0.071100 0.064400 0.068300 0.068100 0.080200 0.082200 0.086100 0.087200 0.055400 0.061100 0.064600 0.055000 0.061200 0.085100 0.061300 0.097700 0.068000 0.057100 0.081400 0.074200 0.060400 0.065300 0.096900 0.075100 0.045000 0.086300 0.079100 0.074600 0.074700 0.071900 0.067100 0.067700 0.000000 0.068100 0.064600
Bushbuck 0.077700 0.196900 0.022000 0.180100 0.068200 0.081200 0.068500 0.054600 0.015700 0.082900 0.081200 0.054400 0.061600 0.054800 0.087100 0.058500 0.057900 0.070700 0.061600 0.015700 0.068200 0.084200 0.075800 0.079000 0.091100 0.062000 0.058300 0.022000 0.055000 0.031500 0.078800 0.058400 0.098200 0.065000 0.054400 0.061000 0.078200 0.067800 0.072100 0.089700 0.068800 0.051600 0.079900 0.072100 0.054300 0.088200 0.071800 0.077900 0.078400 0.068100 0.000000 0.024800
GreaterKud 0.067600 0.192900 0.015600 0.176100 0.051400 0.071000 0.058400 0.044700 0.022000 0.079400 0.071000 0.051100 0.058200 0.044900 0.076800 0.048400 0.054500 0.067200 0.058200 0.035000 0.064800 0.074000 0.072300 0.075400 0.080800 0.051900 0.054900 0.022000 0.051600 0.025100 0.075200 0.055000 0.094700 0.061600 0.051000 0.057800 0.068000 0.051200 0.061800 0.086000 0.065400 0.041700 0.076400 0.068500 0.051200 0.070800 0.075200 0.067800 0.068200 0.064600 0.024800 0.000000
