1
52 1
Argali 0.000000 0.180700 0.097000 0.217400 0.062000 0.021300 0.073500 0.077200 0.109100 0.124700 0.054600 0.081200 0.054100 0.085000 0.081800 0.073500 0.116500 0.112500 0.054200 0.105000 0.073300 0.047100 0.132900 0.119600 0.054600 0.081400 0.046800 0.109100 0.062100 0.100900 0.124500 0.073400 0.141300 0.050700 0.043200 0.083400 0.047100 0.065800 0.077800 0.121000 0.128800 0.089300 0.124900 0.124100 0.091300 0.073000 0.093600 0.081600 0.085300 0.113200 0.105000 0.109200
LesserMous 0.180700 0.000000 0.111000 0.188900 0.142100 0.163900 0.155300 0.160000 0.123400 0.110300 0.155100 0.119000 0.185300 0.176400 0.134800 0.172300 0.095200 0.095100 0.172200 0.127300 0.159000 0.142300 0.126500 0.122100 0.155100 0.176300 0.167600 0.123400 0.150900 0.107000 0.110200 0.163500 0.139700 0.163900 0.130000 0.130900 0.150600 0.146500 0.160400 0.115300 0.122500 0.168500 0.118500 0.121400 0.139300 0.171800 0.186500 0.147000 0.155400 0.119500 0.127300 0.115300
LesserKudu 0.097000 0.111000 0.000000 0.146000 0.054300 0.081600 0.066100 0.074000 0.018000 0.043500 0.054700 0.021500 0.100800 0.077600 0.047000 0.081400 0.043800 0.036300 0.081500 0.014300 0.081100 0.054600 0.058500 0.058000 0.054700 0.081500 0.077300 0.018000 0.069800 0.003600 0.043400 0.081300 0.070400 0.081400 0.058300 0.039700 0.054500 0.065800 0.070200 0.058600 0.054700 0.081900 0.043600 0.054500 0.047200 0.088900 0.101600 0.066100 0.062300 0.051200 0.014300 0.018000
KillerWhal 0.217400 0.188900 0.146000 0.000000 0.179000 0.199900 0.188300 0.198400 0.162500 0.164600 0.192000 0.162800 0.218300 0.210300 0.174700 0.179600 0.153600 0.153500 0.199700 0.163100 0.205200 0.178200 0.173400 0.181200 0.192000 0.206400 0.199800 0.162500 0.183600 0.150100 0.164400 0.196900 0.184500 0.196100 0.169600 0.157100 0.186900 0.183100 0.187500 0.170200 0.169200 0.207200 0.169000 0.181000 0.170000 0.195300 0.229600 0.197300 0.197300 0.171900 0.163100 0.167600
DefassaWat 0.062000 0.142100 0.054300 0.179000 0.000000 0.047200 0.039600 0.039900 0.065900 0.072800 0.028700 0.046600 0.065700 0.050700 0.039900 0.054500 0.069300 0.065600 0.054600 0.062000 0.046900 0.021400 0.088500 0.076000 0.028700 0.054300 0.043200 0.065900 0.035900 0.050600 0.072600 0.047000 0.093000 0.047000 0.032300 0.073100 0.021400 0.010600 0.043600 0.084800 0.084600 0.054800 0.072900 0.080200 0.080900 0.054300 0.066300 0.054700 0.034800 0.077300 0.062000 0.058300
Sheep 0.021300 0.163900 0.081600 0.199900 0.047200 0.000000 0.058500 0.062000 0.093500 0.108900 0.039900 0.073800 0.047100 0.069900 0.066600 0.058500 0.100800 0.096800 0.047100 0.089500 0.058400 0.032500 0.117000 0.104000 0.039900 0.066200 0.032300 0.093500 0.047200 0.085500 0.108700 0.058500 0.125300 0.036000 0.028700 0.084300 0.032400 0.051000 0.062700 0.105200 0.113000 0.074100 0.109100 0.108400 0.092200 0.058100 0.078200 0.066400 0.070100 0.097500 0.089500 0.093600
MaxwellsDu 0.073500 0.155300 0.066100 0.188300 0.039600 0.058500 0.000000 0.032600 0.077700 0.077300 0.039800 0.050900 0.077200 0.017800 0.040000 0.050800 0.085500 0.070000 0.073600 0.073700 0.046900 0.039700 0.085100 0.065100 0.039800 0.050900 0.054300 0.077700 0.036000 0.062300 0.077100 0.014200 0.097500 0.054500 0.036000 0.077200 0.039700 0.050800 0.043700 0.081400 0.081200 0.051100 0.077400 0.076900 0.077300 0.054400 0.066300 0.047300 0.050900 0.077800 0.073700 0.070100
GazellaPrz 0.077200 0.160000 0.074000 0.198400 0.039900 0.062000 0.032600 0.000000 0.085800 0.085200 0.040100 0.058400 0.077700 0.043700 0.051400 0.039800 0.093400 0.077700 0.074100 0.081800 0.032300 0.040000 0.093200 0.072700 0.040100 0.032400 0.054700 0.085800 0.025100 0.070100 0.085000 0.039900 0.109700 0.062300 0.036200 0.081300 0.040000 0.051100 0.032600 0.089400 0.089200 0.032600 0.085300 0.084700 0.081400 0.058400 0.055000 0.058800 0.054900 0.085600 0.081800 0.078100
MountainNy 0.109100 0.123400 0.018000 0.162500 0.065900 0.093500 0.077700 0.085800 0.000000 0.058600 0.066300 0.032500 0.104900 0.089300 0.062500 0.093200 0.055200 0.047600 0.101300 0.003400 0.092900 0.066100 0.073800 0.058100 0.066300 0.093400 0.089000 0.000000 0.081400 0.021500 0.058500 0.093100 0.082200 0.093200 0.077500 0.050900 0.066100 0.077500 0.089900 0.073900 0.070000 0.101700 0.058700 0.062100 0.058500 0.100800 0.105700 0.070000 0.073900 0.070300 0.003600 0.021600
MuntiacusM 0.124700 0.110300 0.043500 0.164600 0.072800 0.108900 0.077300 0.085200 0.058600 0.000000 0.085000 0.050900 0.128600 0.096700 0.061600 0.100700 0.047200 0.039800 0.100500 0.058500 0.080700 0.080900 0.014200 0.032100 0.085000 0.096800 0.104300 0.058600 0.084900 0.039800 0.000000 0.092700 0.066300 0.104600 0.077000 0.069700 0.081100 0.084600 0.085200 0.025100 0.010600 0.089300 0.007000 0.038900 0.077300 0.096500 0.117500 0.081100 0.081100 0.051200 0.058500 0.054900
goat 0.054600 0.155100 0.054700 0.192000 0.028700 0.039900 0.039800 0.040100 0.066300 0.085000 0.000000 0.047000 0.066000 0.051000 0.047500 0.054700 0.081500 0.069900 0.047200 0.062400 0.054500 0.014300 0.092900 0.076500 0.000000 0.054800 0.043400 0.066300 0.043400 0.058600 0.084800 0.047200 0.097500 0.047200 0.039800 0.073000 0.007100 0.039800 0.051300 0.093100 0.089000 0.062600 0.085200 0.088500 0.073100 0.062100 0.074200 0.062500 0.043600 0.085600 0.062400 0.066300
AfricanBuf 0.081200 0.119000 0.021500 0.162800 0.046600 0.073800 0.050900 0.058400 0.032500 0.050900 0.047000 0.000000 0.092800 0.069800 0.043100 0.073600 0.051200 0.036300 0.081400 0.028800 0.065700 0.047000 0.058400 0.050600 0.047000 0.073700 0.069600 0.032500 0.054500 0.017900 0.050900 0.065900 0.070400 0.073600 0.050800 0.025100 0.046900 0.058100 0.062400 0.058600 0.054700 0.074000 0.051000 0.054500 0.032400 0.073400 0.085700 0.058400 0.054600 0.051200 0.028800 0.025200
Topi 0.054100 0.185300 0.100800 0.218300 0.065700 0.047100 0.077200 0.077700 0.104900 0.128600 0.066000 0.092800 0.000000 0.088700 0.085500 0.077300 0.109000 0.113000 0.069200 0.100800 0.077100 0.058300 0.136800 0.123500 0.066000 0.085200 0.021200 0.104900 0.065800 0.104800 0.128400 0.077100 0.141900 0.028500 0.046800 0.095500 0.058300 0.069500 0.073900 0.124900 0.132700 0.093100 0.128800 0.128000 0.103400 0.076700 0.101300 0.085300 0.089000 0.117100 0.100800 0.113000
CommonDuik 0.085000 0.176400 0.077600 0.210300 0.050700 0.069900 0.017800 0.043700 0.089300 0.096700 0.051000 0.069800 0.088700 0.000000 0.058700 0.062000 0.105200 0.089300 0.085100 0.085300 0.058100 0.050800 0.104600 0.084300 0.051000 0.062200 0.065600 0.089300 0.047000 0.073700 0.096500 0.010600 0.117500 0.065800 0.047000 0.096500 0.050800 0.062000 0.054900 0.100900 0.100700 0.062400 0.096900 0.096200 0.096600 0.065600 0.077800 0.066100 0.062200 0.097300 0.085300 0.081600
Suni 0.081800 0.134800 0.047000 0.174700 0.039900 0.066600 0.040000 0.051400 0.062500 0.061600 0.047500 0.043100 0.085500 0.058700 0.000000 0.062500 0.065900 0.050500 0.070300 0.058600 0.058400 0.040000 0.069500 0.061000 0.047500 0.062600 0.062300 0.062500 0.047200 0.043300 0.061400 0.054900 0.082000 0.069900 0.039900 0.062100 0.040000 0.051100 0.051400 0.065800 0.065600 0.059000 0.061800 0.061200 0.069800 0.066000 0.078200 0.043700 0.054900 0.054600 0.058600 0.054800
Springbuck 0.073500 0.172300 0.081400 0.179600 0.054500 0.058500 0.050800 0.039800 0.093200 0.100700 0.054700 0.073600 0.077300 0.062000 0.062500 0.000000 0.093300 0.085400 0.066000 0.089200 0.046800 0.047100 0.108600 0.096000 0.054700 0.036000 0.061900 0.093200 0.021400 0.085300 0.100500 0.050800 0.113400 0.054600 0.043300 0.096500 0.047100 0.058200 0.043600 0.097000 0.104700 0.043500 0.100800 0.100200 0.104500 0.054400 0.066100 0.069900 0.066000 0.085400 0.089200 0.093300
Okapi 0.116500 0.095200 0.043800 0.153600 0.069300 0.100800 0.085500 0.093400 0.055200 0.047200 0.081500 0.051200 0.109000 0.105200 0.065900 0.093300 0.000000 0.021600 0.097200 0.058900 0.100800 0.077500 0.062200 0.065800 0.081500 0.101200 0.100800 0.055200 0.081300 0.040000 0.047200 0.093300 0.058700 0.097200 0.069700 0.070000 0.077400 0.081100 0.089800 0.051300 0.058500 0.093700 0.054800 0.065200 0.077800 0.093000 0.122000 0.085400 0.085500 0.055200 0.058900 0.055200
Giraffe 0.112500 0.095100 0.036300 0.153500 0.065600 0.096800 0.070000 0.077700 0.047600 0.039800 0.069900 0.036300 0.113000 0.089300 0.050500 0.085400 0.021600 0.000000 0.085400 0.051200 0.085000 0.066000 0.047200 0.050700 0.069900 0.085400 0.089000 0.047600 0.065900 0.032600 0.039700 0.085400 0.047400 0.093200 0.062100 0.054700 0.065900 0.077400 0.074000 0.043800 0.043500 0.078000 0.047200 0.050000 0.062400 0.077400 0.105700 0.069800 0.077700 0.040100 0.051200 0.047600
TibetanAnt 0.054200 0.172200 0.081500 0.199700 0.054600 0.047100 0.073600 0.074100 0.101300 0.100500 0.047200 0.081400 0.069200 0.085100 0.070300 0.066000 0.097200 0.085400 0.000000 0.097300 0.081100 0.039700 0.108500 0.103600 0.047200 0.073800 0.054300 0.101300 0.062100 0.085400 0.100300 0.081200 0.113600 0.065700 0.050600 0.092000 0.039800 0.058300 0.070300 0.104700 0.104500 0.074000 0.100700 0.100000 0.099800 0.058000 0.101600 0.089400 0.077700 0.089400 0.097300 0.101400
Sitatunga 0.105000 0.127300 0.014300 0.163100 0.062000 0.089500 0.073700 0.081800 0.003400 0.058500 0.062400 0.028800 0.100800 0.085300 0.058600 0.089200 0.058900 0.051200 0.097300 0.000000 0.088900 0.062300 0.073700 0.058000 0.062400 0.089400 0.085000 0.003600 0.077500 0.017900 0.058400 0.089100 0.086000 0.089200 0.073600 0.047100 0.062200 0.073500 0.085800 0.073800 0.069900 0.097600 0.058600 0.062000 0.054700 0.096700 0.101600 0.066100 0.070000 0.066400 0.000000 0.018000
Oribi 0.073300 0.159000 0.081100 0.205200 0.046900 0.058400 0.046900 0.032300 0.092900 0.080700 0.054500 0.065700 0.077100 0.058100 0.058400 0.046800 0.100800 0.085000 0.081100 0.088900 0.000000 0.047000 0.088600 0.076200 0.054500 0.043200 0.054300 0.092900 0.024900 0.077300 0.080600 0.054300 0.117100 0.061700 0.035900 0.080800 0.047000 0.050600 0.039700 0.084900 0.084700 0.043400 0.080900 0.080300 0.088600 0.065300 0.062100 0.058200 0.061900 0.081100 0.088900 0.085200
BarbaryShe 0.047100 0.142300 0.054600 0.178200 0.021400 0.032500 0.039700 0.040000 0.066100 0.080900 0.014300 0.047000 0.058300 0.050800 0.040000 0.047100 0.077500 0.066000 0.039700 0.062300 0.047000 0.000000 0.088800 0.076400 0.014300 0.047200 0.035900 0.066100 0.036000 0.058400 0.080800 0.047100 0.093400 0.039700 0.032300 0.072900 0.007100 0.032300 0.043700 0.085100 0.084900 0.054900 0.081100 0.080500 0.080700 0.054500 0.066400 0.054800 0.043500 0.077600 0.062300 0.066200
Daviddeer 0.132900 0.126500 0.058500 0.173400 0.088500 0.117000 0.085100 0.093200 0.073800 0.014200 0.092900 0.058400 0.136800 0.104600 0.069500 0.108600 0.062200 0.047200 0.108500 0.073700 0.088600 0.088800 0.000000 0.039400 0.092900 0.104800 0.112300 0.073800 0.092700 0.054700 0.014200 0.100600 0.073900 0.112600 0.084800 0.077300 0.088900 0.100400 0.093200 0.032400 0.003500 0.097200 0.021400 0.046400 0.085000 0.104400 0.125400 0.089000 0.096800 0.058800 0.073700 0.070100
Reindeer 0.119600 0.122100 0.058000 0.181200 0.076000 0.104000 0.065100 0.072700 0.058100 0.032100 0.076500 0.050600 0.123500 0.084300 0.061000 0.096000 0.065800 0.050700 0.103600 0.058000 0.076200 0.076400 0.039400 0.000000 0.076500 0.092000 0.099600 0.058100 0.080300 0.054300 0.032000 0.080400 0.077600 0.099800 0.080200 0.069100 0.076500 0.087800 0.088500 0.035800 0.035700 0.092500 0.032100 0.024800 0.069200 0.091800 0.104500 0.068700 0.088100 0.062100 0.058000 0.054500
Ibex 0.054600 0.155100 0.054700 0.192000 0.028700 0.039900 0.039800 0.040100 0.066300 0.085000 0.000000 0.047000 0.066000 0.051000 0.047500 0.054700 0.081500 0.069900 0.047200 0.062400 0.054500 0.014300 0.092900 0.076500 0.000000 0.054800 0.043400 0.066300 0.043400 0.058600 0.084800 0.047200 0.097500 0.047200 0.039800 0.073000 0.007100 0.039800 0.051300 0.093100 0.089000 0.062600 0.085200 0.088500 0.073100 0.062100 0.074200 0.062500 0.043600 0.085600 0.062400 0.066300
GyrantGaze 0.081400 0.176300 0.081500 0.206400 0.054300 0.066200 0.050900 0.032400 0.093400 0.096800 0.054800 0.073700 0.085200 0.062200 0.062600 0.036000 0.101200 0.085400 0.073800 0.089400 0.043200 0.047200 0.104800 0.092000 0.054800 0.000000 0.062100 0.093400 0.028600 0.085400 0.096600 0.058400 0.109500 0.062200 0.050800 0.096700 0.047200 0.065700 0.043700 0.101100 0.100800 0.028700 0.097000 0.096300 0.104700 0.062000 0.066400 0.070100 0.066200 0.089400 0.089400 0.093500
Hartebeest 0.046800 0.167600 0.077300 0.199800 0.043200 0.032300 0.054300 0.054700 0.089000 0.104300 0.043400 0.069600 0.021200 0.065600 0.062300 0.061900 0.100800 0.089000 0.054300 0.085000 0.054300 0.035900 0.112300 0.099600 0.043400 0.062100 0.000000 0.089000 0.043200 0.081100 0.104200 0.061800 0.117100 0.014100 0.032100 0.080400 0.035900 0.046900 0.051000 0.108600 0.108300 0.069700 0.104500 0.103800 0.088200 0.054000 0.077600 0.062100 0.065800 0.093100 0.085000 0.089100
Bongo 0.109100 0.123400 0.018000 0.162500 0.065900 0.093500 0.077700 0.085800 0.000000 0.058600 0.066300 0.032500 0.104900 0.089300 0.062500 0.093200 0.055200 0.047600 0.101300 0.003600 0.092900 0.066100 0.073800 0.058100 0.066300 0.093400 0.089000 0.000000 0.081400 0.021500 0.058500 0.093100 0.082200 0.093200 0.077500 0.050900 0.066100 0.077500 0.089900 0.073900 0.070000 0.101700 0.058700 0.062100 0.058500 0.100800 0.105700 0.070000 0.073900 0.070300 0.003400 0.021600
Gerenuk 0.062100 0.150900 0.069800 0.183600 0.035900 0.047200 0.036000 0.025100 0.081400 0.084900 0.043400 0.054500 0.065800 0.047000 0.047200 0.021400 0.081300 0.065900 0.062100 0.077500 0.024900 0.036000 0.092700 0.080300 0.043400 0.028600 0.043200 0.081400 0.000000 0.066000 0.084700 0.043300 0.097300 0.050600 0.025000 0.069500 0.036000 0.039600 0.028700 0.089000 0.088800 0.028700 0.085000 0.084400 0.077200 0.046800 0.050900 0.047100 0.050700 0.069800 0.077500 0.073800
CommonElan 0.100900 0.107000 0.003600 0.150100 0.050600 0.085500 0.062300 0.070100 0.021500 0.039800 0.058600 0.017900 0.104800 0.073700 0.043300 0.085300 0.040000 0.032600 0.085400 0.017900 0.077300 0.058400 0.054700 0.054300 0.058600 0.085400 0.081100 0.021500 0.066000 0.000000 0.039700 0.077500 0.066600 0.085300 0.054600 0.036000 0.058400 0.062000 0.066400 0.054800 0.051000 0.078000 0.039900 0.050800 0.043500 0.085000 0.097700 0.062300 0.058500 0.047500 0.017900 0.014400
MuntiacusR 0.124500 0.110200 0.043400 0.164400 0.072600 0.108700 0.077100 0.085000 0.058500 0.000000 0.084800 0.050900 0.128400 0.096500 0.061400 0.100500 0.047200 0.039700 0.100300 0.058400 0.080600 0.080800 0.014200 0.032000 0.084800 0.096600 0.104200 0.058500 0.084700 0.039700 0.000000 0.092600 0.066200 0.104500 0.076800 0.069600 0.080900 0.084400 0.085100 0.025100 0.010600 0.089100 0.007100 0.038700 0.077200 0.096300 0.117300 0.081000 0.081000 0.051100 0.058400 0.054800
HarveysDui 0.073400 0.163500 0.081300 0.196900 0.047000 0.058500 0.014200 0.039900 0.093100 0.092700 0.047200 0.065900 0.077100 0.010600 0.054900 0.050800 0.093300 0.085400 0.081200 0.089100 0.054300 0.047100 0.100600 0.080400 0.047200 0.058400 0.061800 0.093100 0.043300 0.077500 0.092600 0.000000 0.113400 0.054500 0.035900 0.092500 0.047000 0.058200 0.051100 0.089100 0.096700 0.058500 0.092900 0.092300 0.092700 0.061800 0.073900 0.062200 0.058400 0.093300 0.089100 0.085400
Pronghorn 0.141300 0.139700 0.070400 0.184500 0.093000 0.125300 0.097500 0.109700 0.082200 0.066300 0.097500 0.070400 0.141900 0.117500 0.082000 0.113400 0.058700 0.047400 0.113600 0.086000 0.117100 0.093400 0.073900 0.077600 0.097500 0.109500 0.117100 0.082200 0.097300 0.066600 0.066200 0.113400 0.000000 0.117400 0.097200 0.081700 0.093400 0.105100 0.106000 0.062900 0.070100 0.101900 0.074000 0.077100 0.097400 0.109100 0.138800 0.101600 0.109600 0.070700 0.086000 0.082300
BlueWildeb 0.050700 0.163900 0.081400 0.196100 0.047000 0.036000 0.054500 0.062300 0.093200 0.104600 0.047200 0.073600 0.028500 0.065800 0.069900 0.054600 0.097200 0.093200 0.065700 0.089200 0.061700 0.039700 0.112600 0.099800 0.047200 0.062200 0.014100 0.093200 0.050600 0.085300 0.104500 0.054500 0.117400 0.000000 0.028500 0.084500 0.039700 0.050800 0.058500 0.101000 0.108600 0.070000 0.104800 0.104100 0.092300 0.068900 0.085300 0.069700 0.073400 0.100900 0.089200 0.093300
Gemsbok 0.043200 0.130000 0.058300 0.169600 0.032300 0.028700 0.036000 0.036200 0.077500 0.077000 0.039800 0.050800 0.046800 0.047000 0.039900 0.043300 0.069700 0.062100 0.050600 0.073600 0.035900 0.032300 0.084800 0.080200 0.039800 0.050800 0.032100 0.077500 0.025000 0.054600 0.076800 0.035900 0.097200 0.028500 0.000000 0.061600 0.032300 0.036000 0.032500 0.073400 0.080900 0.043500 0.077100 0.076600 0.069200 0.043000 0.062400 0.043500 0.047100 0.066000 0.073600 0.069900
Yak 0.083400 0.130900 0.039700 0.157100 0.073100 0.084300 0.077200 0.081300 0.050900 0.069700 0.073000 0.025100 0.095500 0.096500 0.062100 0.096500 0.070000 0.054700 0.092000 0.047100 0.080800 0.072900 0.077300 0.069100 0.073000 0.096700 0.080400 0.050900 0.069500 0.036000 0.069600 0.092500 0.081700 0.084500 0.061600 0.000000 0.073000 0.077000 0.085400 0.077400 0.073500 0.097000 0.069800 0.073200 0.014100 0.092000 0.109100 0.069600 0.081100 0.062300 0.047100 0.043500
BlueSheep 0.047100 0.150600 0.054500 0.186900 0.021400 0.032400 0.039700 0.040000 0.066100 0.081100 0.007100 0.046900 0.058300 0.050800 0.040000 0.047100 0.077400 0.065900 0.039800 0.062200 0.047000 0.007100 0.088900 0.076500 0.007100 0.047200 0.035900 0.066100 0.036000 0.058400 0.080900 0.047000 0.093400 0.039700 0.032300 0.073000 0.000000 0.032300 0.043700 0.085200 0.085000 0.054800 0.081200 0.080600 0.080600 0.054400 0.066300 0.054800 0.043500 0.077700 0.062200 0.066100
BohorReedb 0.065800 0.146500 0.065800 0.183100 0.010600 0.051000 0.050800 0.051100 0.077500 0.084600 0.039800 0.058100 0.069500 0.062000 0.051100 0.058200 0.081100 0.077400 0.058300 0.073500 0.050600 0.032300 0.100400 0.087800 0.039800 0.065700 0.046900 0.077500 0.039600 0.062000 0.084400 0.058200 0.105100 0.050800 0.036000 0.077000 0.032300 0.000000 0.054900 0.096700 0.096500 0.066200 0.084800 0.092000 0.084800 0.058100 0.077800 0.058500 0.046200 0.073500 0.073500 0.069900
KirksDik 0.077800 0.160400 0.070200 0.187500 0.043600 0.062700 0.043700 0.032600 0.089900 0.085200 0.051300 0.062400 0.073900 0.054900 0.051400 0.043600 0.089800 0.074000 0.070300 0.085800 0.039700 0.043700 0.093200 0.088500 0.051300 0.043700 0.051000 0.089900 0.028700 0.066400 0.085100 0.051100 0.106000 0.058500 0.032500 0.085400 0.043700 0.054900 0.000000 0.089500 0.089200 0.036400 0.085400 0.084900 0.093300 0.062200 0.055100 0.062600 0.058700 0.085800 0.085800 0.082100
RoeDeer 0.121000 0.115300 0.058600 0.170200 0.084800 0.105200 0.081400 0.089400 0.073900 0.025100 0.093100 0.058600 0.124900 0.100900 0.065800 0.097000 0.051300 0.043800 0.104700 0.073800 0.084900 0.085100 0.032400 0.035800 0.093100 0.101100 0.108600 0.073900 0.089000 0.054800 0.025100 0.089100 0.062900 0.101000 0.073400 0.077400 0.085200 0.096700 0.089500 0.000000 0.028800 0.093500 0.032400 0.039500 0.085100 0.100700 0.121900 0.085300 0.097100 0.051000 0.073800 0.070200
WhiteLippe 0.128800 0.122500 0.054700 0.169200 0.084600 0.113000 0.081200 0.089200 0.070000 0.010600 0.089000 0.054700 0.132700 0.100700 0.065600 0.104700 0.058500 0.043500 0.104500 0.069900 0.084700 0.084900 0.003500 0.035700 0.089000 0.100800 0.108300 0.070000 0.088800 0.051000 0.010600 0.096700 0.070100 0.108600 0.080900 0.073500 0.085000 0.096500 0.089200 0.028800 0.000000 0.093300 0.017800 0.042700 0.081200 0.100500 0.121400 0.085100 0.092900 0.055000 0.069900 0.066300
ThomsonGaz 0.089300 0.168500 0.081900 0.207200 0.054800 0.074100 0.051100 0.032600 0.101700 0.089300 0.062600 0.074000 0.093100 0.062400 0.059000 0.043500 0.093700 0.078000 0.074000 0.097600 0.043400 0.054900 0.097200 0.092500 0.062600 0.028700 0.069700 0.101700 0.028700 0.078000 0.089100 0.058500 0.101900 0.070000 0.043500 0.097000 0.054800 0.066200 0.036400 0.093500 0.093300 0.000000 0.089500 0.088900 0.105100 0.062200 0.066500 0.070300 0.066400 0.082000 0.097600 0.093900
MuntiacusC 0.124900 0.118500 0.043600 0.169000 0.072900 0.109100 0.077400 0.085300 0.058700 0.007000 0.085200 0.051000 0.128800 0.096900 0.061800 0.100800 0.054800 0.047200 0.100700 0.058600 0.080900 0.081100 0.021400 0.032100 0.085200 0.097000 0.104500 0.058700 0.085000 0.039900 0.007100 0.092900 0.074000 0.104800 0.077100 0.069800 0.081200 0.084800 0.085400 0.032400 0.017800 0.089500 0.000000 0.038900 0.077400 0.096700 0.117700 0.081300 0.081200 0.058800 0.058600 0.055000
WhiteTaile 0.124100 0.121400 0.054500 0.181000 0.080200 0.108400 0.076900 0.084700 0.062100 0.038900 0.088500 0.054500 0.128000 0.096200 0.061200 0.100200 0.065200 0.050000 0.100000 0.062000 0.080300 0.080500 0.046400 0.024800 0.088500 0.096300 0.103800 0.062100 0.084400 0.050800 0.038700 0.092300 0.077100 0.104100 0.076600 0.073200 0.080600 0.092000 0.084900 0.039500 0.042700 0.088900 0.038900 0.000000 0.080800 0.096000 0.108900 0.072800 0.092400 0.058500 0.062000 0.058400
Cattle 0.091300 0.139300 0.047200 0.170000 0.080900 0.092200 0.077300 0.081400 0.058500 0.077300 0.073100 0.032400 0.103400 0.096600 0.069800 0.104500 0.077800 0.062400 0.099800 0.054700 0.088600 0.080700 0.085000 0.069200 0.073100 0.104700 0.088200 0.058500 0.077200 0.043500 0.077200 0.092700 0.097400 0.092300 0.069200 0.014100 0.080600 0.084800 0.093300 0.085100 0.081200 0.105100 0.077400 0.080800 0.000000 0.099800 0.117300 0.069700 0.089000 0.070000 0.054700 0.051000
RoyalAntel 0.073000 0.171800 0.088900 0.195300 0.054300 0.058100 0.054400 0.058400 0.100800 0.096500 0.062100 0.073400 0.076700 0.065600 0.066000 0.054400 0.093000 0.077400 0.058000 0.096700 0.065300 0.054500 0.104400 0.091800 0.062100 0.062000 0.054000 0.100800 0.046800 0.085000 0.096300 0.061800 0.109100 0.068900 0.043000 0.092000 0.054400 0.058100 0.062200 0.100700 0.100500 0.062200 0.096700 0.096000 0.099800 0.000000 0.077500 0.073400 0.069400 0.088800 0.096700 0.093100
Steenbok 0.093600 0.186500 0.101600 0.229600 0.066300 0.078200 0.066300 0.055000 0.105700 0.117500 0.074200 0.085700 0.101300 0.077800 0.078200 0.066100 0.122000 0.105700 0.101600 0.101600 0.062100 0.066400 0.125400 0.104500 0.074200 0.066400 0.077600 0.105700 0.050900 0.097700 0.117300 0.073900 0.138800 0.085300 0.062400 0.109100 0.066300 0.077800 0.055100 0.121900 0.121400 0.066500 0.117700 0.108900 0.117300 0.077500 0.000000 0.077900 0.081700 0.117700 0.101600 0.097900
Impala 0.081600 0.147000 0.066100 0.197300 0.054700 0.066400 0.047300 0.058800 0.070000 0.081100 0.062500 0.058400 0.085300 0.066100 0.043700 0.069900 0.085400 0.069800 0.089400 0.066100 0.058200 0.054800 0.089000 0.068700 0.062500 0.070100 0.062100 0.070000 0.047100 0.062300 0.081000 0.062200 0.101600 0.069700 0.043500 0.069600 0.054800 0.058500 0.062600 0.085300 0.085100 0.070300 0.081300 0.072800 0.069700 0.073400 0.077900 0.000000 0.066100 0.073800 0.066100 0.062500
Klipspring 0.085300 0.155400 0.062300 0.197300 0.034800 0.070100 0.050900 0.054900 0.073900 0.081100 0.043600 0.054600 0.089000 0.062200 0.054900 0.066000 0.085500 0.077700 0.077700 0.070000 0.061900 0.043500 0.096800 0.088100 0.043600 0.066200 0.065800 0.073900 0.050700 0.058500 0.081000 0.058400 0.109600 0.073400 0.047100 0.081100 0.043500 0.046200 0.058700 0.097100 0.092900 0.066400 0.081200 0.092400 0.089000 0.069400 0.081700 0.066100 0.000000 0.093300 0.070000 0.066300
ForestMusk 0.113200 0.119500 0.051200 0.171900 0.077300 0.097500 0.077800 0.085600 0.070300 0.051200 0.085600 0.051200 0.117100 0.097300 0.054600 0.085400 0.055200 0.040100 0.089400 0.066400 0.081100 0.077600 0.058800 0.062100 0.085600 0.089400 0.093100 0.070300 0.069800 0.047500 0.051100 0.093300 0.070700 0.100900 0.066000 0.062300 0.077700 0.073500 0.085800 0.051000 0.055000 0.082000 0.058800 0.058500 0.070000 0.088800 0.117700 0.073800 0.093300 0.000000 0.066400 0.062800
Bushbuck 0.105000 0.127300 0.014300 0.163100 0.062000 0.089500 0.073700 0.081800 0.003600 0.058500 0.062400 0.028800 0.100800 0.085300 0.058600 0.089200 0.058900 0.051200 0.097300 0.000000 0.088900 0.062300 0.073700 0.058000 0.062400 0.089400 0.085000 0.003400 0.077500 0.017900 0.058400 0.089100 0.086000 0.089200 0.073600 0.047100 0.062200 0.073500 0.085800 0.073800 0.069900 0.097600 0.058600 0.062000 0.054700 0.096700 0.101600 0.066100 0.070000 0.066400 0.000000 0.018000
GreaterKud 0.109200 0.115300 0.018000 0.167600 0.058300 0.093600 0.070100 0.078100 0.021600 0.054900 0.066300 0.025200 0.113000 0.081600 0.054800 0.093300 0.055200 0.047600 0.101400 0.018000 0.085200 0.066200 0.070100 0.054500 0.066300 0.093500 0.089100 0.021600 0.073800 0.014400 0.054800 0.085400 0.082300 0.093300 0.069900 0.043500 0.066100 0.069900 0.082100 0.070200 0.066300 0.093900 0.055000 0.058400 0.051000 0.093100 0.097900 0.062500 0.066300 0.062800 0.018000 0.000000
