1
52 1
Argali 0.000000 0.106400 0.050700 0.165000 0.038300 0.025800 0.050800 0.012700 0.038100 0.051300 0.012700 0.038800 0.025400 0.012700 0.051200 0.050500 0.050500 0.050600 0.050800 0.038100 0.050400 0.012700 0.051300 0.076200 0.012700 0.038200 0.025400 0.038100 0.038000 0.050700 0.076700 0.037900 0.066100 0.037900 0.039100 0.051500 0.012700 0.037900 0.038700 0.076000 0.051300 0.050700 0.051300 0.076800 0.051500 0.051400 0.025400 0.051000 0.038600 0.025200 0.038100 0.050700
LesserMous 0.106400 0.000000 0.132800 0.177700 0.120500 0.108200 0.104900 0.093200 0.119800 0.134700 0.093200 0.121900 0.106200 0.093200 0.134500 0.132200 0.104300 0.132500 0.133400 0.119800 0.104000 0.093200 0.134700 0.160200 0.093200 0.120200 0.106200 0.119800 0.119600 0.133000 0.161100 0.119100 0.153000 0.119200 0.123000 0.106500 0.093200 0.119200 0.122200 0.159600 0.147700 0.133000 0.134700 0.161600 0.106500 0.106200 0.106300 0.133700 0.121600 0.105700 0.119800 0.132900
LesserKudu 0.050700 0.132800 0.000000 0.134500 0.063700 0.051500 0.050000 0.038000 0.012300 0.050500 0.038100 0.038000 0.050600 0.038100 0.076700 0.049700 0.049800 0.049800 0.050100 0.012700 0.075500 0.038100 0.050500 0.075200 0.038100 0.037600 0.050600 0.012300 0.037400 0.025200 0.075500 0.037400 0.065100 0.063100 0.065000 0.050600 0.038100 0.037400 0.064400 0.074900 0.062400 0.050000 0.050500 0.075700 0.050600 0.076900 0.050600 0.050200 0.064200 0.050400 0.012600 0.024500
KillerWhal 0.165000 0.177700 0.134500 0.000000 0.180700 0.168200 0.163100 0.151500 0.150500 0.165000 0.151500 0.182600 0.165100 0.151500 0.165200 0.161500 0.132200 0.162000 0.163300 0.150500 0.191700 0.151500 0.165000 0.190900 0.151500 0.149200 0.165100 0.150500 0.148200 0.164000 0.192300 0.148300 0.183900 0.178700 0.184300 0.196500 0.151500 0.148400 0.182500 0.190200 0.151400 0.162400 0.165000 0.193700 0.196500 0.195800 0.165200 0.163400 0.182300 0.165500 0.150500 0.164000
DefassaWat 0.038300 0.120500 0.063700 0.180700 0.000000 0.038800 0.063700 0.025600 0.051100 0.064600 0.025500 0.052000 0.038100 0.025500 0.064200 0.037700 0.063600 0.063600 0.063700 0.051100 0.063400 0.025900 0.064600 0.089500 0.025500 0.051200 0.038100 0.051100 0.051000 0.063800 0.090000 0.050700 0.079900 0.025600 0.052500 0.064600 0.025500 0.025100 0.052000 0.089100 0.064600 0.063800 0.064600 0.090300 0.064600 0.064600 0.038300 0.064100 0.051600 0.038100 0.051100 0.063700
Sheep 0.025800 0.108200 0.051500 0.168200 0.038800 0.000000 0.051400 0.012900 0.038700 0.052200 0.012900 0.039400 0.026100 0.013200 0.051900 0.051200 0.051300 0.051400 0.051500 0.038700 0.051100 0.013200 0.052200 0.077500 0.012900 0.038800 0.026100 0.038700 0.025700 0.051600 0.078000 0.038400 0.067300 0.038900 0.039700 0.052200 0.012900 0.038400 0.039400 0.077300 0.052200 0.051500 0.052200 0.078200 0.052200 0.052200 0.025800 0.051800 0.039100 0.025700 0.038700 0.051500
MaxwellsDu 0.050800 0.104900 0.050000 0.163100 0.063700 0.051400 0.000000 0.038100 0.063600 0.050700 0.038000 0.064600 0.050600 0.038000 0.076600 0.049800 0.049900 0.049900 0.076000 0.063600 0.075700 0.038800 0.050700 0.075300 0.038000 0.037700 0.051700 0.063600 0.037500 0.076100 0.075700 0.037300 0.065300 0.063000 0.065200 0.077100 0.038800 0.037300 0.064600 0.075100 0.050700 0.050100 0.050700 0.075900 0.077100 0.077100 0.050800 0.050300 0.064200 0.050500 0.063600 0.076100
GazellaPrz 0.012700 0.093200 0.038000 0.151500 0.025600 0.012900 0.038100 0.000000 0.025400 0.038400 0.000000 0.025900 0.012700 0.000000 0.038500 0.037900 0.037900 0.038000 0.038200 0.025400 0.037800 0.000000 0.038400 0.063600 0.000000 0.025500 0.012700 0.025400 0.025400 0.038100 0.063700 0.025300 0.053000 0.025300 0.026100 0.038700 0.000000 0.025300 0.025900 0.063200 0.038600 0.038100 0.038400 0.064100 0.038700 0.038600 0.012900 0.038200 0.025800 0.012600 0.025400 0.038000
MountainNy 0.038100 0.119800 0.012300 0.150500 0.051100 0.038700 0.063600 0.025400 0.000000 0.064200 0.025500 0.025400 0.038100 0.025500 0.064100 0.063100 0.063200 0.063300 0.037700 0.000000 0.063000 0.025500 0.064200 0.089100 0.025500 0.051000 0.038100 0.000000 0.050700 0.012700 0.089600 0.050600 0.079400 0.050600 0.052100 0.038000 0.025500 0.050600 0.051700 0.088800 0.076500 0.063400 0.064200 0.089800 0.038000 0.064300 0.038100 0.063800 0.051600 0.037900 0.000000 0.012300
MuntiacusM 0.051300 0.134700 0.050500 0.165000 0.064600 0.052200 0.050700 0.038400 0.064200 0.000000 0.038600 0.065400 0.051300 0.038600 0.077800 0.050400 0.024800 0.024900 0.077100 0.064200 0.076400 0.038600 0.000000 0.050000 0.038600 0.038100 0.051300 0.064200 0.038000 0.076900 0.024800 0.037800 0.066100 0.063900 0.065900 0.078100 0.038600 0.037800 0.065400 0.049700 0.000000 0.050600 0.000000 0.050400 0.078100 0.078000 0.051100 0.050800 0.038500 0.051000 0.064200 0.076900
goat 0.012700 0.093200 0.038100 0.151500 0.025500 0.012900 0.038000 0.000000 0.025500 0.038600 0.000000 0.025900 0.012900 0.000000 0.038200 0.037900 0.038000 0.038000 0.038700 0.025500 0.037800 0.000000 0.038600 0.063600 0.000000 0.025500 0.012700 0.025500 0.025400 0.038100 0.064000 0.025300 0.053000 0.025300 0.026100 0.038600 0.000000 0.025200 0.025900 0.063400 0.038600 0.038100 0.038600 0.064200 0.038600 0.038600 0.012700 0.038300 0.025700 0.012600 0.025500 0.038100
AfricanBuf 0.038800 0.121900 0.038000 0.182600 0.052000 0.039400 0.064600 0.025900 0.025400 0.065400 0.025900 0.000000 0.038700 0.025900 0.065200 0.064200 0.064400 0.064400 0.064700 0.025400 0.064100 0.025900 0.065400 0.090700 0.025900 0.051800 0.038700 0.025400 0.051600 0.038100 0.091200 0.051400 0.080800 0.051400 0.053000 0.012700 0.025900 0.051400 0.052600 0.090400 0.065400 0.064500 0.065400 0.091400 0.012700 0.065400 0.038700 0.064800 0.052500 0.038500 0.025400 0.038000
Topi 0.025400 0.106200 0.050600 0.165100 0.038100 0.026100 0.050600 0.012700 0.038100 0.051300 0.012900 0.038700 0.000000 0.012700 0.051700 0.050400 0.050500 0.050500 0.050600 0.038100 0.050300 0.013000 0.051300 0.076100 0.012700 0.038100 0.000000 0.038100 0.038000 0.050600 0.076600 0.037700 0.066000 0.012400 0.039000 0.051300 0.013000 0.037700 0.038700 0.075900 0.051300 0.050600 0.051300 0.076800 0.052000 0.051300 0.025300 0.050900 0.039200 0.025200 0.038100 0.050600
CommonDuik 0.012700 0.093200 0.038100 0.151500 0.025500 0.013200 0.038000 0.000000 0.025500 0.038600 0.000000 0.025900 0.012700 0.000000 0.038400 0.037900 0.038000 0.038000 0.038100 0.025500 0.037800 0.000000 0.038600 0.063600 0.000000 0.025500 0.012700 0.025500 0.025400 0.038100 0.064000 0.025200 0.053000 0.025200 0.026100 0.038600 0.000000 0.025200 0.025900 0.063400 0.038600 0.038100 0.038600 0.064200 0.038600 0.038600 0.012700 0.038300 0.026300 0.012600 0.025500 0.038100
Suni 0.051200 0.134500 0.076700 0.165200 0.064200 0.051900 0.076600 0.038500 0.064100 0.077800 0.038200 0.065200 0.051700 0.038400 0.000000 0.076300 0.076500 0.076500 0.076800 0.064100 0.076200 0.038400 0.077800 0.102800 0.038500 0.064200 0.051000 0.064100 0.064000 0.076800 0.103300 0.063500 0.093500 0.063500 0.065800 0.077700 0.039100 0.063500 0.065300 0.102400 0.077800 0.076800 0.077800 0.103600 0.077700 0.077800 0.051200 0.077100 0.064800 0.051000 0.064100 0.076800
Springbuck 0.050500 0.132200 0.049700 0.161500 0.037700 0.051200 0.049800 0.037900 0.063100 0.050400 0.037900 0.064200 0.050400 0.037900 0.076300 0.000000 0.049700 0.049700 0.075700 0.063100 0.075200 0.037900 0.050400 0.074900 0.037900 0.037400 0.050400 0.063100 0.037300 0.075600 0.075300 0.037200 0.064800 0.037300 0.064700 0.076800 0.037900 0.012300 0.064200 0.074600 0.050400 0.049700 0.050400 0.075500 0.076800 0.076600 0.050400 0.050000 0.064000 0.050200 0.063100 0.075500
Okapi 0.050500 0.104300 0.049800 0.132200 0.063600 0.051300 0.049900 0.037900 0.063200 0.024800 0.038000 0.064400 0.050500 0.038000 0.076500 0.049700 0.000000 0.025000 0.075900 0.063200 0.075300 0.038000 0.024800 0.049200 0.038000 0.037500 0.050500 0.063200 0.037400 0.075700 0.049500 0.037300 0.065000 0.062900 0.064800 0.076900 0.038000 0.037300 0.064300 0.049100 0.024800 0.049800 0.024800 0.049600 0.076900 0.076700 0.050500 0.050100 0.037900 0.050200 0.063200 0.075700
Giraffe 0.050600 0.132500 0.049800 0.162000 0.063600 0.051400 0.049900 0.038000 0.063300 0.024900 0.038000 0.064400 0.050500 0.038000 0.076500 0.049700 0.025000 0.000000 0.075900 0.063300 0.075300 0.038000 0.024900 0.049200 0.038000 0.037500 0.050500 0.063300 0.037400 0.075800 0.049500 0.037300 0.065100 0.063000 0.064900 0.077000 0.038000 0.037300 0.064400 0.049100 0.024900 0.049900 0.024900 0.049600 0.077000 0.076700 0.050500 0.050200 0.037900 0.050300 0.063300 0.075700
TibetanAnt 0.050800 0.133400 0.050100 0.163300 0.063700 0.051500 0.076000 0.038200 0.037700 0.077100 0.038700 0.064700 0.050600 0.038100 0.076800 0.075700 0.075900 0.075900 0.000000 0.037700 0.075600 0.038100 0.077100 0.049600 0.038100 0.063700 0.050600 0.037700 0.063400 0.050100 0.102500 0.063000 0.092800 0.063000 0.065200 0.077100 0.038100 0.063000 0.064700 0.075100 0.077200 0.076100 0.077100 0.076000 0.077100 0.077200 0.050800 0.076500 0.064300 0.050600 0.037700 0.050100
Sitatunga 0.038100 0.119800 0.012700 0.150500 0.051100 0.038700 0.063600 0.025400 0.000000 0.064200 0.025500 0.025400 0.038100 0.025500 0.064100 0.063100 0.063200 0.063300 0.037700 0.000000 0.063000 0.025500 0.064200 0.089100 0.025500 0.051000 0.038100 0.000000 0.050700 0.012300 0.089600 0.050600 0.079400 0.050600 0.052100 0.038000 0.025500 0.050600 0.051700 0.088800 0.076500 0.063400 0.064200 0.089800 0.038000 0.064300 0.038100 0.063800 0.051600 0.037900 0.000000 0.012300
Oribi 0.050400 0.104000 0.075500 0.191700 0.063400 0.051100 0.075700 0.037800 0.063000 0.076400 0.037800 0.064100 0.050300 0.037800 0.076200 0.075200 0.075300 0.075300 0.075600 0.063000 0.000000 0.037800 0.076400 0.100900 0.037800 0.063100 0.050300 0.063000 0.062800 0.075500 0.101500 0.062700 0.091800 0.062700 0.064600 0.050400 0.037800 0.062700 0.064100 0.100500 0.076400 0.075500 0.076400 0.101700 0.050400 0.076400 0.050300 0.075900 0.063800 0.050100 0.063000 0.075400
BarbaryShe 0.012700 0.093200 0.038100 0.151500 0.025900 0.013200 0.038800 0.000000 0.025500 0.038600 0.000000 0.025900 0.013000 0.000000 0.038400 0.037900 0.038000 0.038000 0.038100 0.025500 0.037800 0.000000 0.038600 0.063600 0.000000 0.025500 0.012800 0.025500 0.025400 0.038100 0.064000 0.025200 0.053000 0.025200 0.026100 0.039200 0.000000 0.025800 0.025900 0.063400 0.038600 0.038100 0.038600 0.064200 0.039500 0.038600 0.012700 0.038300 0.025700 0.012600 0.025500 0.038100
Daviddeer 0.051300 0.134700 0.050500 0.165000 0.064600 0.052200 0.050700 0.038400 0.064200 0.000000 0.038600 0.065400 0.051300 0.038600 0.077800 0.050400 0.024800 0.024900 0.077100 0.064200 0.076400 0.038600 0.000000 0.050000 0.038600 0.038100 0.051300 0.064200 0.038000 0.076900 0.024800 0.037800 0.066100 0.063900 0.065900 0.078100 0.038600 0.037800 0.065400 0.049700 0.000000 0.050600 0.000000 0.050400 0.078100 0.078000 0.051100 0.050800 0.038500 0.051000 0.064200 0.076900
Reindeer 0.076200 0.160200 0.075200 0.190900 0.089500 0.077500 0.075300 0.063600 0.089100 0.050000 0.063600 0.090700 0.076100 0.063600 0.102800 0.074900 0.049200 0.049200 0.049600 0.089100 0.100900 0.063600 0.050000 0.000000 0.063600 0.062900 0.076100 0.089100 0.062700 0.101700 0.074700 0.062400 0.091600 0.088500 0.091300 0.103200 0.063600 0.062400 0.090700 0.024100 0.050000 0.075200 0.050000 0.024400 0.103200 0.103000 0.076200 0.075500 0.063500 0.075900 0.089100 0.101600
Ibex 0.012700 0.093200 0.038100 0.151500 0.025500 0.012900 0.038000 0.000000 0.025500 0.038600 0.000000 0.025900 0.012700 0.000000 0.038500 0.037900 0.038000 0.038000 0.038100 0.025500 0.037800 0.000000 0.038600 0.063600 0.000000 0.025500 0.012900 0.025500 0.025400 0.038100 0.064000 0.025800 0.053000 0.025800 0.026100 0.038600 0.000000 0.025800 0.025900 0.063400 0.038600 0.038100 0.038600 0.064200 0.038600 0.038600 0.012700 0.038300 0.026300 0.012600 0.025500 0.038100
GyrantGaze 0.038200 0.120200 0.037600 0.149200 0.051200 0.038800 0.037700 0.025500 0.051000 0.038100 0.025500 0.051800 0.038100 0.025500 0.064200 0.037400 0.037500 0.037500 0.063700 0.051000 0.063100 0.025500 0.038100 0.062900 0.025500 0.000000 0.038100 0.051000 0.025100 0.063600 0.063300 0.025000 0.052400 0.050700 0.052300 0.064600 0.025500 0.025000 0.051900 0.062700 0.038100 0.012300 0.038100 0.063400 0.064600 0.064400 0.038200 0.037800 0.051600 0.038000 0.051000 0.063500
Hartebeest 0.025400 0.106200 0.050600 0.165100 0.038100 0.026100 0.051700 0.012700 0.038100 0.051300 0.012700 0.038700 0.000000 0.012700 0.051000 0.050400 0.050500 0.050500 0.050600 0.038100 0.050300 0.012800 0.051300 0.076100 0.012900 0.038100 0.000000 0.038100 0.038000 0.050600 0.076600 0.037700 0.066000 0.012700 0.039000 0.051300 0.012700 0.038700 0.038700 0.075900 0.051300 0.050600 0.051300 0.076800 0.051300 0.051300 0.025300 0.050900 0.038400 0.025200 0.038100 0.050600
Bongo 0.038100 0.119800 0.012300 0.150500 0.051100 0.038700 0.063600 0.025400 0.000000 0.064200 0.025500 0.025400 0.038100 0.025500 0.064100 0.063100 0.063200 0.063300 0.037700 0.000000 0.063000 0.025500 0.064200 0.089100 0.025500 0.051000 0.038100 0.000000 0.050700 0.012600 0.089600 0.050600 0.079400 0.050600 0.052100 0.038000 0.025500 0.050600 0.051700 0.088800 0.076500 0.063400 0.064200 0.089800 0.038000 0.064300 0.038100 0.063800 0.051600 0.037900 0.000000 0.012600
Gerenuk 0.038000 0.119600 0.037400 0.148200 0.051000 0.025700 0.037500 0.025400 0.050700 0.038000 0.025400 0.051600 0.038000 0.025400 0.064000 0.037300 0.037400 0.037400 0.063400 0.050700 0.062800 0.025400 0.038000 0.062700 0.025400 0.025100 0.038000 0.050700 0.000000 0.063300 0.063100 0.024900 0.052100 0.050500 0.052000 0.064300 0.025400 0.024900 0.051600 0.062500 0.038000 0.037500 0.038000 0.063200 0.064300 0.064100 0.038000 0.037700 0.051500 0.037800 0.050700 0.063200
CommonElan 0.050700 0.133000 0.025200 0.164000 0.063800 0.051600 0.076100 0.038100 0.012700 0.076900 0.038100 0.038100 0.050600 0.038100 0.076800 0.075600 0.075700 0.075800 0.050100 0.012300 0.075500 0.038100 0.076900 0.101700 0.038100 0.063600 0.050600 0.012600 0.063300 0.000000 0.102200 0.063100 0.092500 0.063100 0.065100 0.050600 0.038100 0.063100 0.064500 0.101400 0.089300 0.076000 0.076900 0.102500 0.050600 0.077000 0.050700 0.076400 0.064300 0.050400 0.012300 0.024500
MuntiacusR 0.076700 0.161100 0.075500 0.192300 0.090000 0.078000 0.075700 0.063700 0.089600 0.024800 0.064000 0.091200 0.076600 0.064000 0.103300 0.075300 0.049500 0.049500 0.102500 0.089600 0.101500 0.064000 0.024800 0.074700 0.064000 0.063300 0.076600 0.089600 0.063100 0.102200 0.000000 0.062800 0.092200 0.089100 0.091800 0.103800 0.064000 0.062800 0.091200 0.074200 0.024900 0.075600 0.024800 0.075300 0.103800 0.076500 0.076400 0.075900 0.063900 0.076300 0.089600 0.102100
HarveysDui 0.037900 0.119100 0.037400 0.148300 0.050700 0.038400 0.037300 0.025300 0.050600 0.037800 0.025300 0.051400 0.037700 0.025200 0.063500 0.037200 0.037300 0.037300 0.063000 0.050600 0.062700 0.025200 0.037800 0.062400 0.025800 0.025000 0.037700 0.050600 0.024900 0.063100 0.062800 0.000000 0.051900 0.050200 0.051900 0.064900 0.025200 0.024800 0.051400 0.062200 0.037800 0.037400 0.037800 0.062900 0.063900 0.063900 0.037900 0.037600 0.051100 0.037700 0.050600 0.063100
Pronghorn 0.066100 0.153000 0.065100 0.183900 0.079900 0.067300 0.065300 0.053000 0.079400 0.066100 0.053000 0.080800 0.066000 0.053000 0.093500 0.064800 0.065000 0.065100 0.092800 0.079400 0.091800 0.053000 0.066100 0.091600 0.053000 0.052400 0.066000 0.079400 0.052100 0.092500 0.092200 0.051900 0.000000 0.079000 0.081500 0.094000 0.053000 0.051900 0.080900 0.091300 0.066100 0.065200 0.066100 0.092400 0.094000 0.093800 0.066100 0.065500 0.053200 0.065700 0.079400 0.092400
BlueWildeb 0.037900 0.119200 0.063100 0.178700 0.025600 0.038900 0.063000 0.025300 0.050600 0.063900 0.025300 0.051400 0.012400 0.025200 0.063500 0.037300 0.062900 0.063000 0.063000 0.050600 0.062700 0.025200 0.063900 0.088500 0.025800 0.050700 0.012700 0.050600 0.050500 0.063100 0.089100 0.050200 0.079000 0.000000 0.051900 0.063900 0.025200 0.025000 0.051400 0.088300 0.063900 0.063100 0.063900 0.089300 0.063900 0.063900 0.037900 0.063500 0.051100 0.037700 0.050600 0.063100
Gemsbok 0.039100 0.123000 0.065000 0.184300 0.052500 0.039700 0.065200 0.026100 0.052100 0.065900 0.026100 0.053000 0.039000 0.026100 0.065800 0.064700 0.064800 0.064900 0.065200 0.052100 0.064600 0.026100 0.065900 0.091300 0.026100 0.052300 0.039000 0.052100 0.052000 0.065100 0.091800 0.051900 0.081500 0.051900 0.000000 0.066100 0.026100 0.051900 0.053000 0.091000 0.065900 0.065100 0.065900 0.092000 0.066100 0.066000 0.039000 0.065400 0.052900 0.038900 0.052100 0.065000
Yak 0.051500 0.106500 0.050600 0.196500 0.064600 0.052200 0.077100 0.038700 0.038000 0.078100 0.038600 0.012700 0.051300 0.038600 0.077700 0.076800 0.076900 0.077000 0.077100 0.038000 0.050400 0.039200 0.078100 0.103200 0.038600 0.064600 0.051300 0.038000 0.064300 0.050600 0.103800 0.064900 0.094000 0.063900 0.066100 0.000000 0.038600 0.063900 0.065500 0.102800 0.078200 0.077200 0.078100 0.104100 0.000000 0.078200 0.051500 0.077600 0.066600 0.051300 0.038000 0.050600
BlueSheep 0.012700 0.093200 0.038100 0.151500 0.025500 0.012900 0.038800 0.000000 0.025500 0.038600 0.000000 0.025900 0.013000 0.000000 0.039100 0.037900 0.038000 0.038000 0.038100 0.025500 0.037800 0.000000 0.038600 0.063600 0.000000 0.025500 0.012700 0.025500 0.025400 0.038100 0.064000 0.025200 0.053000 0.025200 0.026100 0.038600 0.000000 0.025200 0.025900 0.063400 0.038600 0.038100 0.038600 0.064200 0.038600 0.038600 0.012700 0.038300 0.025700 0.012600 0.025500 0.038100
BohorReedb 0.037900 0.119200 0.037400 0.148400 0.025100 0.038400 0.037300 0.025300 0.050600 0.037800 0.025200 0.051400 0.037700 0.025200 0.063500 0.012300 0.037300 0.037300 0.063000 0.050600 0.062700 0.025800 0.037800 0.062400 0.025800 0.025000 0.038700 0.050600 0.024900 0.063100 0.062800 0.024800 0.051900 0.025000 0.051900 0.063900 0.025200 0.000000 0.051400 0.062200 0.037800 0.037400 0.037800 0.062900 0.063900 0.063900 0.037900 0.037600 0.051100 0.037700 0.050600 0.063100
KirksDik 0.038700 0.122200 0.064400 0.182500 0.052000 0.039400 0.064600 0.025900 0.051700 0.065400 0.025900 0.052600 0.038700 0.025900 0.065300 0.064200 0.064300 0.064400 0.064700 0.051700 0.064100 0.025900 0.065400 0.090700 0.025900 0.051900 0.038700 0.051700 0.051600 0.064500 0.091200 0.051400 0.080900 0.051400 0.053000 0.065500 0.025900 0.051400 0.000000 0.090400 0.065400 0.064600 0.065400 0.091500 0.065500 0.065400 0.038800 0.064800 0.052500 0.038600 0.051700 0.064500
RoeDeer 0.076000 0.159600 0.074900 0.190200 0.089100 0.077300 0.075100 0.063200 0.088800 0.049700 0.063400 0.090400 0.075900 0.063400 0.102400 0.074600 0.049100 0.049100 0.075100 0.088800 0.100500 0.063400 0.049700 0.024100 0.063400 0.062700 0.075900 0.088800 0.062500 0.101400 0.074200 0.062200 0.091300 0.088300 0.091000 0.102800 0.063400 0.062200 0.090400 0.000000 0.049800 0.074900 0.049700 0.024300 0.102800 0.102600 0.075700 0.075200 0.063300 0.075600 0.088800 0.101300
WhiteLippe 0.051300 0.147700 0.062400 0.151400 0.064600 0.052200 0.050700 0.038600 0.076500 0.000000 0.038600 0.065400 0.051300 0.038600 0.077800 0.050400 0.024800 0.024900 0.077200 0.076500 0.076400 0.038600 0.000000 0.050000 0.038600 0.038100 0.051300 0.076500 0.038000 0.089300 0.024900 0.037800 0.066100 0.063900 0.065900 0.078200 0.038600 0.037800 0.065400 0.049800 0.000000 0.050600 0.000000 0.062700 0.078200 0.078000 0.051300 0.050800 0.038500 0.063000 0.076500 0.089200
ThomsonGaz 0.050700 0.133000 0.050000 0.162400 0.063800 0.051500 0.050100 0.038100 0.063400 0.050600 0.038100 0.064500 0.050600 0.038100 0.076800 0.049700 0.049800 0.049900 0.076100 0.063400 0.075500 0.038100 0.050600 0.075200 0.038100 0.012300 0.050600 0.063400 0.037500 0.076000 0.075600 0.037400 0.065200 0.063100 0.065100 0.077200 0.038100 0.037400 0.064600 0.074900 0.050600 0.000000 0.050600 0.075800 0.077200 0.077000 0.050700 0.050200 0.064300 0.050500 0.063400 0.075900
MuntiacusC 0.051300 0.134700 0.050500 0.165000 0.064600 0.052200 0.050700 0.038400 0.064200 0.000000 0.038600 0.065400 0.051300 0.038600 0.077800 0.050400 0.024800 0.024900 0.077100 0.064200 0.076400 0.038600 0.000000 0.050000 0.038600 0.038100 0.051300 0.064200 0.038000 0.076900 0.024800 0.037800 0.066100 0.063900 0.065900 0.078100 0.038600 0.037800 0.065400 0.049700 0.000000 0.050600 0.000000 0.050400 0.078100 0.078000 0.051100 0.050800 0.038500 0.051000 0.064200 0.076900
WhiteTaile 0.076800 0.161600 0.075700 0.193700 0.090300 0.078200 0.075900 0.064100 0.089800 0.050400 0.064200 0.091400 0.076800 0.064200 0.103600 0.075500 0.049600 0.049600 0.076000 0.089800 0.101700 0.064200 0.050400 0.024400 0.064200 0.063400 0.076800 0.089800 0.063200 0.102500 0.075300 0.062900 0.092400 0.089300 0.092000 0.104100 0.064200 0.062900 0.091500 0.024300 0.062700 0.075800 0.050400 0.000000 0.104100 0.103800 0.076800 0.076100 0.064100 0.076400 0.089800 0.102500
Cattle 0.051500 0.106500 0.050600 0.196500 0.064600 0.052200 0.077100 0.038700 0.038000 0.078100 0.038600 0.012700 0.052000 0.038600 0.077700 0.076800 0.076900 0.077000 0.077100 0.038000 0.050400 0.039500 0.078100 0.103200 0.038600 0.064600 0.051300 0.038000 0.064300 0.050600 0.103800 0.063900 0.094000 0.063900 0.066100 0.000000 0.038600 0.063900 0.065500 0.102800 0.078200 0.077200 0.078100 0.104100 0.000000 0.078200 0.051500 0.077600 0.065100 0.051300 0.038000 0.050600
RoyalAntel 0.051400 0.106200 0.076900 0.195800 0.064600 0.052200 0.077100 0.038600 0.064300 0.078000 0.038600 0.065400 0.051300 0.038600 0.077800 0.076600 0.076700 0.076700 0.077200 0.064300 0.076400 0.038600 0.078000 0.103000 0.038600 0.064400 0.051300 0.064300 0.064100 0.077000 0.076500 0.063900 0.093800 0.063900 0.066000 0.078200 0.038600 0.063900 0.065400 0.102600 0.078000 0.077000 0.078000 0.103800 0.078200 0.000000 0.051300 0.077300 0.065200 0.051100 0.064300 0.076900
Steenbok 0.025400 0.106300 0.050600 0.165200 0.038300 0.025800 0.050800 0.012900 0.038100 0.051100 0.012700 0.038700 0.025300 0.012700 0.051200 0.050400 0.050500 0.050500 0.050800 0.038100 0.050300 0.012700 0.051100 0.076200 0.012700 0.038200 0.025300 0.038100 0.038000 0.050700 0.076400 0.037900 0.066100 0.037900 0.039000 0.051500 0.012700 0.037900 0.038800 0.075700 0.051300 0.050700 0.051100 0.076800 0.051500 0.051300 0.000000 0.050900 0.038600 0.025200 0.038100 0.050600
Impala 0.051000 0.133700 0.050200 0.163400 0.064100 0.051800 0.050300 0.038200 0.063800 0.050800 0.038300 0.064800 0.050900 0.038300 0.077100 0.050000 0.050100 0.050200 0.076500 0.063800 0.075900 0.038300 0.050800 0.075500 0.038300 0.037800 0.050900 0.063800 0.037700 0.076400 0.075900 0.037600 0.065500 0.063500 0.065400 0.077600 0.038300 0.037600 0.064800 0.075200 0.050800 0.050200 0.050800 0.076100 0.077600 0.077300 0.050900 0.000000 0.064600 0.050700 0.063800 0.076300
Klipspring 0.038600 0.121600 0.064200 0.182300 0.051600 0.039100 0.064200 0.025800 0.051600 0.038500 0.025700 0.052500 0.039200 0.026300 0.064800 0.064000 0.037900 0.037900 0.064300 0.051600 0.063800 0.025700 0.038500 0.063500 0.026300 0.051600 0.038400 0.051600 0.051500 0.064300 0.063900 0.051100 0.053200 0.051100 0.052900 0.066600 0.025700 0.051100 0.052500 0.063300 0.038500 0.064300 0.038500 0.064100 0.065100 0.065200 0.038600 0.064600 0.000000 0.038400 0.051600 0.064300
ForestMusk 0.025200 0.105700 0.050400 0.165500 0.038100 0.025700 0.050500 0.012600 0.037900 0.051000 0.012600 0.038500 0.025200 0.012600 0.051000 0.050200 0.050200 0.050300 0.050600 0.037900 0.050100 0.012600 0.051000 0.075900 0.012600 0.038000 0.025200 0.037900 0.037800 0.050400 0.076300 0.037700 0.065700 0.037700 0.038900 0.051300 0.012600 0.037700 0.038600 0.075600 0.063000 0.050500 0.051000 0.076400 0.051300 0.051100 0.025200 0.050700 0.038400 0.000000 0.037900 0.050400
Bushbuck 0.038100 0.119800 0.012600 0.150500 0.051100 0.038700 0.063600 0.025400 0.000000 0.064200 0.025500 0.025400 0.038100 0.025500 0.064100 0.063100 0.063200 0.063300 0.037700 0.000000 0.063000 0.025500 0.064200 0.089100 0.025500 0.051000 0.038100 0.000000 0.050700 0.012300 0.089600 0.050600 0.079400 0.050600 0.052100 0.038000 0.025500 0.050600 0.051700 0.088800 0.076500 0.063400 0.064200 0.089800 0.038000 0.064300 0.038100 0.063800 0.051600 0.037900 0.000000 0.012300
GreaterKud 0.050700 0.132900 0.024500 0.164000 0.063700 0.051500 0.076100 0.038000 0.012300 0.076900 0.038100 0.038000 0.050600 0.038100 0.076800 0.075500 0.075700 0.075700 0.050100 0.012300 0.075400 0.038100 0.076900 0.101600 0.038100 0.063500 0.050600 0.012600 0.063200 0.024500 0.102100 0.063100 0.092400 0.063100 0.065000 0.050600 0.038100 0.063100 0.064500 0.101300 0.089200 0.075900 0.076900 0.102500 0.050600 0.076900 0.050600 0.076300 0.064300 0.050400 0.012300 0.000000
