CODONML (in paml version 4.10.7, June 2023)  /home/rachel/ruminants_paml/6406-phy-tree/ENSBTAT00000054202.fasta.phy
Model: free dN/dS Ratios for branches,  kappa = 2.000 fixed

Codon frequency model: F3x4
ns =  54  ls =  70

Codon usage in sequences
--------------------------------------------------------------------------------------------------------------------------------------
Phe TTT   2   2   2   2   2   1 | Ser TCT   0   0   0   0   0   0 | Tyr TAT   0   0   0   0   0   0 | Cys TGT   0   0   0   0   0   0
    TTC   0   0   0   0   0   1 |     TCC   0   0   0   0   0   0 |     TAC   2   2   2   2   2   2 |     TGC   0   0   0   0   0   0
Leu TTA   0   0   0   0   0   0 |     TCA   1   1   1   1   1   1 | *** TAA   0   0   0   0   0   0 | *** TGA   0   0   0   0   0   0
    TTG   0   0   0   0   1   0 |     TCG   0   0   0   0   0   0 |     TAG   0   0   0   0   0   0 | Trp TGG   0   0   0   0   0   0
--------------------------------------------------------------------------------------------------------------------------------------
Leu CTT   2   2   2   2   2   2 | Pro CCT   2   2   2   2   2   2 | His CAT   1   1   1   1   1   1 | Arg CGT   1   1   1   1   1   1
    CTC   1   1   1   1   1   1 |     CCC   0   0   0   0   0   0 |     CAC   1   1   1   1   1   1 |     CGC   0   0   0   0   0   0
    CTA   0   0   0   0   0   0 |     CCA   0   0   0   0   0   0 | Gln CAA   1   1   1   1   1   1 |     CGA   2   3   2   2   2   2
    CTG   2   2   2   2   1   2 |     CCG   0   0   0   0   0   0 |     CAG   1   1   1   1   1   1 |     CGG   0   0   0   0   0   0
--------------------------------------------------------------------------------------------------------------------------------------
Ile ATT   3   3   3   3   3   3 | Thr ACT   1   1   1   1   1   1 | Asn AAT   1   1   1   2   1   2 | Ser AGT   0   0   0   0   0   0
    ATC   1   1   1   1   1   1 |     ACC   3   3   3   3   3   3 |     AAC   3   3   3   2   3   2 |     AGC   1   1   1   1   1   1
    ATA   0   0   0   0   0   0 |     ACA   0   0   0   0   0   0 | Lys AAA   2   2   2   2   2   2 | Arg AGA   3   2   3   3   3   3
Met ATG   3   3   3   3   3   3 |     ACG   0   0   0   0   0   0 |     AAG   2   2   2   2   2   2 |     AGG   2   2   2   2   2   2
--------------------------------------------------------------------------------------------------------------------------------------
Val GTT   2   2   2   2   2   2 | Ala GCT   1   1   1   1   1   1 | Asp GAT   2   2   2   2   2   2 | Gly GGT   0   0   0   0   0   0
    GTC   1   1   1   1   1   1 |     GCC   3   3   3   3   3   3 |     GAC   2   2   2   2   2   2 |     GGC   2   2   2   2   2   2
    GTA   0   0   0   0   0   0 |     GCA   2   2   2   2   3   1 | Glu GAA   1   1   1   1   1   1 |     GGA   3   3   3   3   3   3
    GTG   2   2   2   2   2   2 |     GCG   2   2   2   2   1   3 |     GAG   2   2   2   2   2   2 |     GGG   1   1   1   1   1   1
--------------------------------------------------------------------------------------------------------------------------------------

--------------------------------------------------------------------------------------------------------------------------------------
Phe TTT   2   2   2   2   2   2 | Ser TCT   0   0   0   0   0   0 | Tyr TAT   0   0   0   0   0   0 | Cys TGT   0   0   0   0   0   0
    TTC   0   0   0   0   0   0 |     TCC   0   0   0   0   0   0 |     TAC   2   2   2   2   2   2 |     TGC   0   0   0   0   0   0
Leu TTA   0   0   0   0   0   0 |     TCA   1   1   1   1   1   1 | *** TAA   0   0   0   0   0   0 | *** TGA   0   0   0   0   0   0
    TTG   0   0   0   0   0   0 |     TCG   0   0   0   0   0   0 |     TAG   0   0   0   0   0   0 | Trp TGG   0   0   0   0   0   0
--------------------------------------------------------------------------------------------------------------------------------------
Leu CTT   2   2   2   2   2   2 | Pro CCT   2   2   2   2   2   2 | His CAT   1   1   1   1   1   1 | Arg CGT   1   1   1   1   1   1
    CTC   1   1   1   1   1   1 |     CCC   0   0   0   0   0   0 |     CAC   1   1   1   1   1   1 |     CGC   0   0   0   0   0   0
    CTA   0   0   0   0   0   0 |     CCA   0   0   0   0   0   0 | Gln CAA   1   1   1   1   1   1 |     CGA   2   2   2   2   2   2
    CTG   2   2   2   2   2   2 |     CCG   0   0   0   0   0   0 |     CAG   1   1   1   1   1   1 |     CGG   0   0   0   0   0   0
--------------------------------------------------------------------------------------------------------------------------------------
Ile ATT   3   3   3   3   3   3 | Thr ACT   1   1   1   1   1   1 | Asn AAT   1   1   1   1   1   1 | Ser AGT   0   0   0   0   0   0
    ATC   1   1   1   1   1   1 |     ACC   3   3   3   3   3   3 |     AAC   3   3   3   3   3   3 |     AGC   1   1   1   1   1   1
    ATA   0   0   0   0   0   0 |     ACA   0   0   0   0   0   0 | Lys AAA   2   2   2   2   2   2 | Arg AGA   3   3   3   3   3   3
Met ATG   3   3   3   3   3   3 |     ACG   0   0   0   0   0   0 |     AAG   2   2   2   2   2   2 |     AGG   2   2   2   2   2   2
--------------------------------------------------------------------------------------------------------------------------------------
Val GTT   2   2   2   2   2   2 | Ala GCT   1   1   1   1   1   1 | Asp GAT   2   2   2   2   2   2 | Gly GGT   0   0   0   0   0   0
    GTC   1   1   1   1   1   1 |     GCC   3   3   3   3   3   3 |     GAC   2   2   2   2   2   2 |     GGC   2   2   2   2   2   2
    GTA   0   0   0   0   0   0 |     GCA   2   2   2   2   2   2 | Glu GAA   1   1   1   1   1   1 |     GGA   3   3   3   3   3   3
    GTG   2   2   2   2   2   2 |     GCG   2   2   2   2   2   2 |     GAG   2   2   2   2   2   2 |     GGG   1   1   1   1   1   1
--------------------------------------------------------------------------------------------------------------------------------------

--------------------------------------------------------------------------------------------------------------------------------------
Phe TTT   2   2   2   2   2   2 | Ser TCT   0   0   0   0   0   0 | Tyr TAT   0   0   0   0   0   0 | Cys TGT   0   0   0   0   0   0
    TTC   0   0   0   0   0   0 |     TCC   0   0   0   0   0   0 |     TAC   2   2   2   2   2   2 |     TGC   0   0   0   0   0   0
Leu TTA   0   0   0   0   0   0 |     TCA   1   1   1   1   1   1 | *** TAA   0   0   0   0   0   0 | *** TGA   0   0   0   0   0   0
    TTG   0   0   0   0   0   0 |     TCG   0   0   0   0   0   0 |     TAG   0   0   0   0   0   0 | Trp TGG   0   0   0   0   0   0
--------------------------------------------------------------------------------------------------------------------------------------
Leu CTT   2   2   2   2   2   2 | Pro CCT   2   2   2   2   2   2 | His CAT   1   1   1   1   1   1 | Arg CGT   1   1   1   1   1   1
    CTC   1   1   1   1   1   1 |     CCC   0   0   0   0   0   0 |     CAC   1   1   1   1   1   1 |     CGC   0   0   0   0   0   0
    CTA   0   0   0   0   0   0 |     CCA   0   0   0   0   0   0 | Gln CAA   1   1   1   1   1   1 |     CGA   2   2   2   2   2   2
    CTG   2   2   2   2   2   2 |     CCG   0   0   0   0   0   0 |     CAG   1   1   1   1   1   1 |     CGG   0   0   0   0   0   0
--------------------------------------------------------------------------------------------------------------------------------------
Ile ATT   3   3   3   3   3   3 | Thr ACT   1   1   1   1   1   2 | Asn AAT   1   1   1   1   1   1 | Ser AGT   0   0   0   0   0   0
    ATC   1   1   1   1   1   1 |     ACC   3   3   3   3   3   2 |     AAC   3   3   3   3   3   3 |     AGC   1   1   1   1   1   1
    ATA   0   0   0   0   0   0 |     ACA   0   0   0   0   0   0 | Lys AAA   2   2   2   2   2   2 | Arg AGA   3   3   3   3   3   3
Met ATG   3   3   3   3   3   3 |     ACG   0   0   0   0   0   0 |     AAG   2   2   2   2   2   2 |     AGG   2   2   2   2   2   2
--------------------------------------------------------------------------------------------------------------------------------------
Val GTT   2   2   2   2   2   2 | Ala GCT   1   1   1   1   1   1 | Asp GAT   2   2   2   2   2   2 | Gly GGT   0   0   0   0   0   0
    GTC   1   1   1   1   1   1 |     GCC   3   3   3   4   3   3 |     GAC   2   2   2   2   2   2 |     GGC   2   2   2   2   2   2
    GTA   0   0   0   0   0   0 |     GCA   2   2   2   1   2   2 | Glu GAA   1   1   1   1   1   1 |     GGA   3   3   3   3   3   3
    GTG   2   2   2   2   2   2 |     GCG   2   2   2   2   2   2 |     GAG   2   2   2   2   2   2 |     GGG   1   1   1   1   1   1
--------------------------------------------------------------------------------------------------------------------------------------

--------------------------------------------------------------------------------------------------------------------------------------
Phe TTT   2   2   2   2   2   2 | Ser TCT   0   0   0   0   0   0 | Tyr TAT   0   0   0   0   0   0 | Cys TGT   0   0   0   0   0   0
    TTC   0   0   0   0   0   0 |     TCC   0   0   0   0   0   0 |     TAC   2   2   2   2   2   2 |     TGC   0   0   0   0   0   0
Leu TTA   0   0   0   0   0   0 |     TCA   1   1   1   1   1   1 | *** TAA   0   0   0   0   0   0 | *** TGA   0   0   0   0   0   0
    TTG   0   1   0   0   0   0 |     TCG   0   0   0   0   0   0 |     TAG   0   0   0   0   0   0 | Trp TGG   0   0   0   0   0   0
--------------------------------------------------------------------------------------------------------------------------------------
Leu CTT   2   2   2   2   2   2 | Pro CCT   2   2   2   2   2   2 | His CAT   1   1   1   1   1   1 | Arg CGT   1   1   1   1   1   1
    CTC   1   1   1   1   1   1 |     CCC   0   0   0   0   0   0 |     CAC   1   1   1   1   1   1 |     CGC   0   0   0   0   0   0
    CTA   0   0   0   0   0   0 |     CCA   0   0   0   0   0   0 | Gln CAA   1   1   1   1   1   1 |     CGA   2   2   2   2   2   2
    CTG   2   1   2   2   2   2 |     CCG   0   0   0   0   0   0 |     CAG   1   1   1   1   1   1 |     CGG   0   0   0   0   0   0
--------------------------------------------------------------------------------------------------------------------------------------
Ile ATT   3   3   3   3   3   3 | Thr ACT   1   1   1   1   1   1 | Asn AAT   1   1   1   1   1   1 | Ser AGT   0   0   0   0   0   0
    ATC   1   1   1   1   1   1 |     ACC   3   3   3   3   3   3 |     AAC   3   3   3   3   3   3 |     AGC   1   1   1   1   1   1
    ATA   0   0   0   0   0   0 |     ACA   0   0   0   0   0   0 | Lys AAA   2   2   2   2   2   2 | Arg AGA   3   3   3   3   3   3
Met ATG   3   3   3   3   3   3 |     ACG   0   0   0   0   0   0 |     AAG   2   2   2   2   2   2 |     AGG   2   2   2   2   2   2
--------------------------------------------------------------------------------------------------------------------------------------
Val GTT   2   2   2   2   2   2 | Ala GCT   1   1   1   1   1   1 | Asp GAT   2   1   2   2   2   2 | Gly GGT   0   0   0   0   0   0
    GTC   1   1   1   1   1   1 |     GCC   3   3   3   3   3   3 |     GAC   2   3   2   2   2   2 |     GGC   2   2   2   2   2   2
    GTA   0   0   0   0   0   0 |     GCA   2   2   2   2   2   2 | Glu GAA   1   0   1   1   1   1 |     GGA   3   3   3   3   3   3
    GTG   2   2   2   2   2   2 |     GCG   2   2   2   2   2   2 |     GAG   2   3   2   2   2   2 |     GGG   1   1   1   1   1   1
--------------------------------------------------------------------------------------------------------------------------------------

--------------------------------------------------------------------------------------------------------------------------------------
Phe TTT   2   2   2   2   2   2 | Ser TCT   0   0   0   0   0   0 | Tyr TAT   0   0   0   0   0   0 | Cys TGT   0   0   0   0   0   0
    TTC   0   0   0   0   0   0 |     TCC   0   0   0   0   0   0 |     TAC   2   2   2   2   2   2 |     TGC   0   0   0   0   0   0
Leu TTA   0   0   0   0   0   0 |     TCA   1   1   1   1   1   1 | *** TAA   0   0   0   0   0   0 | *** TGA   0   0   0   0   0   0
    TTG   0   0   0   0   0   0 |     TCG   0   0   0   0   0   0 |     TAG   0   0   0   0   0   0 | Trp TGG   0   0   0   0   0   0
--------------------------------------------------------------------------------------------------------------------------------------
Leu CTT   2   2   2   2   2   2 | Pro CCT   2   2   2   2   2   2 | His CAT   1   1   1   1   1   1 | Arg CGT   1   1   1   1   1   1
    CTC   1   1   1   1   1   1 |     CCC   0   0   0   0   0   0 |     CAC   1   1   1   1   1   1 |     CGC   0   0   0   0   0   0
    CTA   0   0   0   0   0   0 |     CCA   0   0   0   0   0   0 | Gln CAA   1   1   1   1   1   1 |     CGA   2   2   2   2   2   2
    CTG   2   2   2   2   2   2 |     CCG   0   0   0   0   0   0 |     CAG   1   1   1   1   1   1 |     CGG   0   0   0   0   0   0
--------------------------------------------------------------------------------------------------------------------------------------
Ile ATT   3   3   3   3   3   3 | Thr ACT   1   1   1   1   1   1 | Asn AAT   1   1   1   1   1   1 | Ser AGT   1   0   0   0   0   0
    ATC   1   1   1   1   1   1 |     ACC   3   3   3   3   3   3 |     AAC   3   3   3   3   3   3 |     AGC   0   1   1   1   1   1
    ATA   0   0   0   0   0   0 |     ACA   0   0   0   0   0   0 | Lys AAA   2   2   2   2   2   2 | Arg AGA   3   3   3   3   3   3
Met ATG   3   3   3   3   3   3 |     ACG   0   0   0   0   0   0 |     AAG   2   2   2   2   2   2 |     AGG   2   2   2   2   2   2
--------------------------------------------------------------------------------------------------------------------------------------
Val GTT   2   2   2   2   2   2 | Ala GCT   1   1   1   1   1   1 | Asp GAT   2   2   2   2   2   2 | Gly GGT   0   0   0   0   0   0
    GTC   1   1   1   1   1   1 |     GCC   3   3   3   3   3   3 |     GAC   2   2   2   2   2   2 |     GGC   2   2   2   2   2   2
    GTA   0   0   0   0   0   0 |     GCA   2   2   2   2   2   2 | Glu GAA   1   1   1   1   1   1 |     GGA   3   3   3   3   3   3
    GTG   2   2   2   2   2   2 |     GCG   2   2   2   2   2   2 |     GAG   2   2   2   2   2   2 |     GGG   1   1   1   1   1   1
--------------------------------------------------------------------------------------------------------------------------------------

--------------------------------------------------------------------------------------------------------------------------------------
Phe TTT   2   2   2   2   2   2 | Ser TCT   0   0   0   0   0   0 | Tyr TAT   0   0   0   0   0   0 | Cys TGT   0   0   0   0   0   0
    TTC   0   0   0   0   0   0 |     TCC   0   0   0   0   0   0 |     TAC   2   2   2   2   2   2 |     TGC   0   0   0   0   0   0
Leu TTA   0   0   0   0   0   0 |     TCA   1   1   1   1   1   1 | *** TAA   0   0   0   0   0   0 | *** TGA   0   0   0   0   0   0
    TTG   0   0   0   0   0   0 |     TCG   0   0   0   0   0   0 |     TAG   0   0   0   0   0   0 | Trp TGG   0   0   0   0   0   0
--------------------------------------------------------------------------------------------------------------------------------------
Leu CTT   2   2   2   2   2   2 | Pro CCT   2   2   2   2   2   2 | His CAT   1   1   1   1   1   1 | Arg CGT   1   1   1   1   1   1
    CTC   1   1   1   1   1   1 |     CCC   0   0   0   0   0   0 |     CAC   1   1   1   1   1   1 |     CGC   0   0   0   0   0   0
    CTA   0   0   0   0   0   0 |     CCA   0   0   0   0   0   0 | Gln CAA   1   1   1   1   1   1 |     CGA   2   2   2   2   2   2
    CTG   2   2   2   2   2   2 |     CCG   0   0   0   0   0   0 |     CAG   1   1   1   1   1   1 |     CGG   0   0   0   0   0   0
--------------------------------------------------------------------------------------------------------------------------------------
Ile ATT   3   3   3   3   3   3 | Thr ACT   2   1   1   1   1   1 | Asn AAT   1   1   1   1   1   1 | Ser AGT   0   0   0   0   0   0
    ATC   1   1   1   1   1   1 |     ACC   2   3   3   3   3   3 |     AAC   3   3   3   3   3   3 |     AGC   1   1   1   1   1   1
    ATA   0   0   0   0   0   0 |     ACA   0   0   0   0   0   0 | Lys AAA   2   2   2   2   2   2 | Arg AGA   3   3   3   3   3   3
Met ATG   3   3   3   3   3   3 |     ACG   0   0   0   0   0   0 |     AAG   2   2   2   2   2   2 |     AGG   2   2   2   2   2   2
--------------------------------------------------------------------------------------------------------------------------------------
Val GTT   2   2   2   2   2   2 | Ala GCT   1   1   1   1   1   1 | Asp GAT   2   2   2   2   2   2 | Gly GGT   0   0   0   0   0   0
    GTC   1   1   1   1   1   1 |     GCC   3   3   3   4   3   3 |     GAC   2   2   2   2   2   2 |     GGC   2   2   2   2   2   2
    GTA   0   0   0   0   0   0 |     GCA   2   2   2   1   2   2 | Glu GAA   1   1   1   1   2   1 |     GGA   3   3   3   3   3   3
    GTG   2   2   2   2   2   2 |     GCG   2   2   2   2   2   2 |     GAG   2   2   2   2   1   2 |     GGG   1   1   1   1   1   1
--------------------------------------------------------------------------------------------------------------------------------------

--------------------------------------------------------------------------------------------------------------------------------------
Phe TTT   2   2   2   2   2   2 | Ser TCT   0   0   0   0   0   0 | Tyr TAT   0   0   0   0   0   0 | Cys TGT   0   0   0   0   0   0
    TTC   0   0   0   0   0   0 |     TCC   0   0   0   0   0   0 |     TAC   2   2   2   2   2   2 |     TGC   0   0   0   0   0   0
Leu TTA   0   0   0   0   0   0 |     TCA   1   1   1   1   1   1 | *** TAA   0   0   0   0   0   0 | *** TGA   0   0   0   0   0   0
    TTG   0   0   0   0   0   0 |     TCG   0   0   0   0   0   0 |     TAG   0   0   0   0   0   0 | Trp TGG   0   0   0   0   0   0
--------------------------------------------------------------------------------------------------------------------------------------
Leu CTT   2   2   2   2   2   2 | Pro CCT   2   2   2   2   2   2 | His CAT   1   1   1   1   1   1 | Arg CGT   1   1   1   1   1   1
    CTC   1   1   1   1   1   1 |     CCC   0   0   0   0   0   0 |     CAC   1   1   1   1   1   1 |     CGC   0   0   0   0   0   0
    CTA   0   0   0   0   0   0 |     CCA   0   0   0   0   0   0 | Gln CAA   2   1   1   1   1   1 |     CGA   2   2   2   2   2   2
    CTG   2   2   2   2   2   2 |     CCG   0   0   0   0   0   0 |     CAG   0   1   1   1   1   1 |     CGG   0   0   0   0   0   0
--------------------------------------------------------------------------------------------------------------------------------------
Ile ATT   3   3   3   3   3   3 | Thr ACT   1   1   1   1   1   1 | Asn AAT   1   1   1   1   1   1 | Ser AGT   0   0   0   0   0   0
    ATC   1   1   1   1   1   1 |     ACC   3   3   3   3   3   3 |     AAC   3   3   3   3   3   3 |     AGC   1   1   1   1   1   1
    ATA   0   0   0   0   0   0 |     ACA   0   0   0   0   0   0 | Lys AAA   2   2   2   2   2   2 | Arg AGA   3   3   3   3   3   3
Met ATG   3   3   3   3   3   3 |     ACG   0   0   0   0   0   0 |     AAG   2   2   2   2   2   2 |     AGG   2   2   2   2   2   2
--------------------------------------------------------------------------------------------------------------------------------------
Val GTT   2   2   2   2   2   2 | Ala GCT   1   1   1   1   1   1 | Asp GAT   2   2   2   2   2   2 | Gly GGT   0   0   0   0   0   0
    GTC   1   1   1   1   1   1 |     GCC   3   3   3   3   3   3 |     GAC   2   2   2   2   2   2 |     GGC   2   2   2   2   2   2
    GTA   0   0   0   0   0   0 |     GCA   2   2   2   2   2   2 | Glu GAA   1   1   1   1   1   1 |     GGA   3   3   3   3   3   3
    GTG   2   2   2   2   2   2 |     GCG   2   2   2   2   2   2 |     GAG   2   2   2   2   2   2 |     GGG   1   1   1   1   1   1
--------------------------------------------------------------------------------------------------------------------------------------

--------------------------------------------------------------------------------------------------------------------------------------
Phe TTT   2   2   2   2   2   2 | Ser TCT   0   0   0   0   0   0 | Tyr TAT   0   0   0   0   0   0 | Cys TGT   0   0   0   0   0   0
    TTC   0   0   0   0   0   0 |     TCC   0   0   0   0   0   0 |     TAC   2   2   2   2   2   2 |     TGC   0   0   0   0   0   0
Leu TTA   0   0   0   0   0   0 |     TCA   1   1   1   1   1   1 | *** TAA   0   0   0   0   0   0 | *** TGA   0   0   0   0   0   0
    TTG   0   0   0   0   0   0 |     TCG   0   0   0   0   0   0 |     TAG   0   0   0   0   0   0 | Trp TGG   0   0   0   0   0   0
--------------------------------------------------------------------------------------------------------------------------------------
Leu CTT   2   2   2   2   2   2 | Pro CCT   2   2   2   2   2   1 | His CAT   1   1   1   1   1   1 | Arg CGT   1   1   1   1   1   1
    CTC   1   1   1   1   1   1 |     CCC   0   0   0   0   0   0 |     CAC   1   1   1   1   1   1 |     CGC   0   0   0   0   0   0
    CTA   0   0   0   0   0   0 |     CCA   0   0   0   0   0   0 | Gln CAA   1   1   1   1   1   1 |     CGA   2   2   2   2   2   2
    CTG   2   2   2   2   2   2 |     CCG   0   0   0   0   0   1 |     CAG   1   1   1   1   1   1 |     CGG   0   0   0   0   0   0
--------------------------------------------------------------------------------------------------------------------------------------
Ile ATT   3   3   3   3   3   3 | Thr ACT   1   1   1   1   1   1 | Asn AAT   1   1   1   1   1   1 | Ser AGT   1   0   0   0   0   0
    ATC   1   1   1   1   1   1 |     ACC   3   3   3   3   3   3 |     AAC   3   3   3   3   3   3 |     AGC   0   1   1   1   1   1
    ATA   0   0   0   0   0   0 |     ACA   0   0   0   0   0   0 | Lys AAA   2   2   2   2   2   2 | Arg AGA   3   3   3   3   3   3
Met ATG   3   3   3   3   3   3 |     ACG   0   0   0   0   0   0 |     AAG   2   2   2   2   2   2 |     AGG   2   2   2   2   2   2
--------------------------------------------------------------------------------------------------------------------------------------
Val GTT   2   2   2   2   2   2 | Ala GCT   1   1   1   1   1   1 | Asp GAT   2   2   2   2   2   2 | Gly GGT   0   0   0   0   0   0
    GTC   1   1   1   1   1   1 |     GCC   3   3   3   3   3   3 |     GAC   2   2   2   2   2   2 |     GGC   2   2   2   2   2   2
    GTA   0   0   0   0   0   0 |     GCA   2   2   2   2   2   2 | Glu GAA   1   1   1   1   1   1 |     GGA   3   3   3   3   3   3
    GTG   2   2   2   2   2   2 |     GCG   2   2   2   2   2   2 |     GAG   2   2   2   2   2   2 |     GGG   1   1   1   1   1   1
--------------------------------------------------------------------------------------------------------------------------------------

--------------------------------------------------------------------------------------------------------------------------------------
Phe TTT   2   2   2   2   2   2 | Ser TCT   0   0   0   0   0   0 | Tyr TAT   0   0   0   0   0   0 | Cys TGT   0   0   0   0   0   0
    TTC   0   0   0   0   0   0 |     TCC   0   0   0   0   0   0 |     TAC   2   2   2   2   2   2 |     TGC   0   0   0   0   0   0
Leu TTA   0   0   0   0   0   0 |     TCA   1   1   1   1   1   1 | *** TAA   0   0   0   0   0   0 | *** TGA   0   0   0   0   0   0
    TTG   0   0   0   0   0   0 |     TCG   0   0   0   0   0   0 |     TAG   0   0   0   0   0   0 | Trp TGG   0   0   0   0   0   0
--------------------------------------------------------------------------------------------------------------------------------------
Leu CTT   2   2   2   2   2   2 | Pro CCT   2   2   1   2   2   2 | His CAT   1   1   1   1   1   1 | Arg CGT   1   1   1   1   1   1
    CTC   1   1   1   1   1   1 |     CCC   0   0   1   0   0   0 |     CAC   1   1   1   1   1   1 |     CGC   0   0   0   0   0   0
    CTA   0   0   0   0   0   0 |     CCA   0   0   0   0   0   0 | Gln CAA   1   1   1   1   1   1 |     CGA   2   2   2   2   2   2
    CTG   2   2   2   2   2   2 |     CCG   0   0   0   0   0   0 |     CAG   1   1   1   1   1   1 |     CGG   0   0   0   0   0   0
--------------------------------------------------------------------------------------------------------------------------------------
Ile ATT   3   3   3   3   3   3 | Thr ACT   1   1   1   1   1   1 | Asn AAT   1   1   1   2   1   1 | Ser AGT   0   0   0   0   0   0
    ATC   1   1   1   1   1   1 |     ACC   3   3   3   3   3   3 |     AAC   3   3   3   2   3   3 |     AGC   1   1   1   1   1   1
    ATA   0   0   0   0   0   0 |     ACA   0   0   0   0   0   0 | Lys AAA   2   2   2   2   2   2 | Arg AGA   3   3   3   3   3   3
Met ATG   3   3   3   3   3   3 |     ACG   0   0   0   0   0   0 |     AAG   2   2   2   2   2   2 |     AGG   2   2   2   2   2   2
--------------------------------------------------------------------------------------------------------------------------------------
Val GTT   2   2   2   2   2   2 | Ala GCT   1   1   1   1   1   1 | Asp GAT   2   2   2   2   2   2 | Gly GGT   0   0   0   0   0   0
    GTC   1   1   1   1   1   1 |     GCC   3   3   3   3   3   3 |     GAC   2   2   2   2   2   2 |     GGC   2   2   2   2   2   2
    GTA   0   0   0   0   0   0 |     GCA   2   2   2   2   2   2 | Glu GAA   1   1   1   1   1   1 |     GGA   3   3   3   3   3   3
    GTG   2   2   2   2   2   2 |     GCG   2   2   2   2   2   2 |     GAG   2   2   2   2   2   2 |     GGG   1   1   1   1   1   1
--------------------------------------------------------------------------------------------------------------------------------------

Codon position x base (3x4) table for each sequence.

#1: Argali         
position  1:    T:0.07143    C:0.20000    A:0.35714    G:0.37143
position  2:    T:0.27143    C:0.21429    A:0.30000    G:0.21429
position  3:    T:0.25714    C:0.28571    A:0.21429    G:0.24286
Average         T:0.20000    C:0.23333    A:0.29048    G:0.27619

#2: LesserMouseDeer
position  1:    T:0.07143    C:0.21429    A:0.34286    G:0.37143
position  2:    T:0.27143    C:0.21429    A:0.30000    G:0.21429
position  3:    T:0.25714    C:0.28571    A:0.21429    G:0.24286
Average         T:0.20000    C:0.23810    A:0.28571    G:0.27619

#3: LesserKudu     
position  1:    T:0.07143    C:0.20000    A:0.35714    G:0.37143
position  2:    T:0.27143    C:0.21429    A:0.30000    G:0.21429
position  3:    T:0.25714    C:0.28571    A:0.21429    G:0.24286
Average         T:0.20000    C:0.23333    A:0.29048    G:0.27619

#4: ForestMuskDeer2
position  1:    T:0.07143    C:0.20000    A:0.35714    G:0.37143
position  2:    T:0.27143    C:0.21429    A:0.30000    G:0.21429
position  3:    T:0.27143    C:0.27143    A:0.21429    G:0.24286
Average         T:0.20476    C:0.22857    A:0.29048    G:0.27619

#5: Camel          
position  1:    T:0.08571    C:0.18571    A:0.35714    G:0.37143
position  2:    T:0.27143    C:0.21429    A:0.30000    G:0.21429
position  3:    T:0.25714    C:0.28571    A:0.22857    G:0.22857
Average         T:0.20476    C:0.22857    A:0.29524    G:0.27143

#6: KillerWhale    
position  1:    T:0.07143    C:0.20000    A:0.35714    G:0.37143
position  2:    T:0.27143    C:0.21429    A:0.30000    G:0.21429
position  3:    T:0.25714    C:0.28571    A:0.20000    G:0.25714
Average         T:0.20000    C:0.23333    A:0.28571    G:0.28095

#7: DefassaWaterbuck
position  1:    T:0.07143    C:0.20000    A:0.35714    G:0.37143
position  2:    T:0.27143    C:0.21429    A:0.30000    G:0.21429
position  3:    T:0.25714    C:0.28571    A:0.21429    G:0.24286
Average         T:0.20000    C:0.23333    A:0.29048    G:0.27619

#8: Sheep          
position  1:    T:0.07143    C:0.20000    A:0.35714    G:0.37143
position  2:    T:0.27143    C:0.21429    A:0.30000    G:0.21429
position  3:    T:0.25714    C:0.28571    A:0.21429    G:0.24286
Average         T:0.20000    C:0.23333    A:0.29048    G:0.27619

#9: MaxwellsDuiker 
position  1:    T:0.07143    C:0.20000    A:0.35714    G:0.37143
position  2:    T:0.27143    C:0.21429    A:0.30000    G:0.21429
position  3:    T:0.25714    C:0.28571    A:0.21429    G:0.24286
Average         T:0.20000    C:0.23333    A:0.29048    G:0.27619

#10: GazellaPrzewalskyi
position  1:    T:0.07143    C:0.20000    A:0.35714    G:0.37143
position  2:    T:0.27143    C:0.21429    A:0.30000    G:0.21429
position  3:    T:0.25714    C:0.28571    A:0.21429    G:0.24286
Average         T:0.20000    C:0.23333    A:0.29048    G:0.27619

#11: MountainNyala  
position  1:    T:0.07143    C:0.20000    A:0.35714    G:0.37143
position  2:    T:0.27143    C:0.21429    A:0.30000    G:0.21429
position  3:    T:0.25714    C:0.28571    A:0.21429    G:0.24286
Average         T:0.20000    C:0.23333    A:0.29048    G:0.27619

#12: MuntiacusMuntjak
position  1:    T:0.07143    C:0.20000    A:0.35714    G:0.37143
position  2:    T:0.27143    C:0.21429    A:0.30000    G:0.21429
position  3:    T:0.25714    C:0.28571    A:0.21429    G:0.24286
Average         T:0.20000    C:0.23333    A:0.29048    G:0.27619

#13: goat           
position  1:    T:0.07143    C:0.20000    A:0.35714    G:0.37143
position  2:    T:0.27143    C:0.21429    A:0.30000    G:0.21429
position  3:    T:0.25714    C:0.28571    A:0.21429    G:0.24286
Average         T:0.20000    C:0.23333    A:0.29048    G:0.27619

#14: AfricanBuffalo 
position  1:    T:0.07143    C:0.20000    A:0.35714    G:0.37143
position  2:    T:0.27143    C:0.21429    A:0.30000    G:0.21429
position  3:    T:0.25714    C:0.28571    A:0.21429    G:0.24286
Average         T:0.20000    C:0.23333    A:0.29048    G:0.27619

#15: Topi           
position  1:    T:0.07143    C:0.20000    A:0.35714    G:0.37143
position  2:    T:0.27143    C:0.21429    A:0.30000    G:0.21429
position  3:    T:0.25714    C:0.28571    A:0.21429    G:0.24286
Average         T:0.20000    C:0.23333    A:0.29048    G:0.27619

#16: CommonDuiker   
position  1:    T:0.07143    C:0.20000    A:0.35714    G:0.37143
position  2:    T:0.27143    C:0.21429    A:0.30000    G:0.21429
position  3:    T:0.25714    C:0.30000    A:0.20000    G:0.24286
Average         T:0.20000    C:0.23810    A:0.28571    G:0.27619

#17: Suni           
position  1:    T:0.07143    C:0.20000    A:0.35714    G:0.37143
position  2:    T:0.27143    C:0.21429    A:0.30000    G:0.21429
position  3:    T:0.25714    C:0.28571    A:0.21429    G:0.24286
Average         T:0.20000    C:0.23333    A:0.29048    G:0.27619

#18: Springbuck     
position  1:    T:0.07143    C:0.20000    A:0.35714    G:0.37143
position  2:    T:0.27143    C:0.21429    A:0.30000    G:0.21429
position  3:    T:0.27143    C:0.27143    A:0.21429    G:0.24286
Average         T:0.20476    C:0.22857    A:0.29048    G:0.27619

#19: Okapi          
position  1:    T:0.07143    C:0.20000    A:0.35714    G:0.37143
position  2:    T:0.27143    C:0.21429    A:0.30000    G:0.21429
position  3:    T:0.25714    C:0.28571    A:0.21429    G:0.24286
Average         T:0.20000    C:0.23333    A:0.29048    G:0.27619

#20: Giraffe        
position  1:    T:0.08571    C:0.18571    A:0.35714    G:0.37143
position  2:    T:0.27143    C:0.21429    A:0.30000    G:0.21429
position  3:    T:0.24286    C:0.30000    A:0.20000    G:0.25714
Average         T:0.20000    C:0.23333    A:0.28571    G:0.28095

#21: TibetanAntelope
position  1:    T:0.07143    C:0.20000    A:0.35714    G:0.37143
position  2:    T:0.27143    C:0.21429    A:0.30000    G:0.21429
position  3:    T:0.25714    C:0.28571    A:0.21429    G:0.24286
Average         T:0.20000    C:0.23333    A:0.29048    G:0.27619

#22: Sitatunga      
position  1:    T:0.07143    C:0.20000    A:0.35714    G:0.37143
position  2:    T:0.27143    C:0.21429    A:0.30000    G:0.21429
position  3:    T:0.25714    C:0.28571    A:0.21429    G:0.24286
Average         T:0.20000    C:0.23333    A:0.29048    G:0.27619

#23: Oribi          
position  1:    T:0.07143    C:0.20000    A:0.35714    G:0.37143
position  2:    T:0.27143    C:0.21429    A:0.30000    G:0.21429
position  3:    T:0.25714    C:0.28571    A:0.21429    G:0.24286
Average         T:0.20000    C:0.23333    A:0.29048    G:0.27619

#24: BarbarySheep   
position  1:    T:0.07143    C:0.20000    A:0.35714    G:0.37143
position  2:    T:0.27143    C:0.21429    A:0.30000    G:0.21429
position  3:    T:0.25714    C:0.28571    A:0.21429    G:0.24286
Average         T:0.20000    C:0.23333    A:0.29048    G:0.27619

#25: Daviddeer      
position  1:    T:0.07143    C:0.20000    A:0.35714    G:0.37143
position  2:    T:0.27143    C:0.21429    A:0.30000    G:0.21429
position  3:    T:0.27143    C:0.27143    A:0.21429    G:0.24286
Average         T:0.20476    C:0.22857    A:0.29048    G:0.27619

#26: Reindeer       
position  1:    T:0.07143    C:0.20000    A:0.35714    G:0.37143
position  2:    T:0.27143    C:0.21429    A:0.30000    G:0.21429
position  3:    T:0.25714    C:0.28571    A:0.21429    G:0.24286
Average         T:0.20000    C:0.23333    A:0.29048    G:0.27619

#27: Ibex           
position  1:    T:0.07143    C:0.20000    A:0.35714    G:0.37143
position  2:    T:0.27143    C:0.21429    A:0.30000    G:0.21429
position  3:    T:0.25714    C:0.28571    A:0.21429    G:0.24286
Average         T:0.20000    C:0.23333    A:0.29048    G:0.27619

#28: GyrantGazelle  
position  1:    T:0.07143    C:0.20000    A:0.35714    G:0.37143
position  2:    T:0.27143    C:0.21429    A:0.30000    G:0.21429
position  3:    T:0.25714    C:0.28571    A:0.21429    G:0.24286
Average         T:0.20000    C:0.23333    A:0.29048    G:0.27619

#29: Hartebeest     
position  1:    T:0.07143    C:0.20000    A:0.35714    G:0.37143
position  2:    T:0.27143    C:0.21429    A:0.30000    G:0.21429
position  3:    T:0.25714    C:0.28571    A:0.21429    G:0.24286
Average         T:0.20000    C:0.23333    A:0.29048    G:0.27619

#30: Bongo          
position  1:    T:0.07143    C:0.20000    A:0.35714    G:0.37143
position  2:    T:0.27143    C:0.21429    A:0.30000    G:0.21429
position  3:    T:0.25714    C:0.28571    A:0.21429    G:0.24286
Average         T:0.20000    C:0.23333    A:0.29048    G:0.27619

#31: Gerenuk        
position  1:    T:0.07143    C:0.20000    A:0.35714    G:0.37143
position  2:    T:0.27143    C:0.21429    A:0.30000    G:0.21429
position  3:    T:0.27143    C:0.27143    A:0.21429    G:0.24286
Average         T:0.20476    C:0.22857    A:0.29048    G:0.27619

#32: CommonEland    
position  1:    T:0.07143    C:0.20000    A:0.35714    G:0.37143
position  2:    T:0.27143    C:0.21429    A:0.30000    G:0.21429
position  3:    T:0.25714    C:0.28571    A:0.21429    G:0.24286
Average         T:0.20000    C:0.23333    A:0.29048    G:0.27619

#33: MuntiacusReevesi
position  1:    T:0.07143    C:0.20000    A:0.35714    G:0.37143
position  2:    T:0.27143    C:0.21429    A:0.30000    G:0.21429
position  3:    T:0.25714    C:0.28571    A:0.21429    G:0.24286
Average         T:0.20000    C:0.23333    A:0.29048    G:0.27619

#34: HarveysDuiker  
position  1:    T:0.07143    C:0.20000    A:0.35714    G:0.37143
position  2:    T:0.27143    C:0.21429    A:0.30000    G:0.21429
position  3:    T:0.25714    C:0.30000    A:0.20000    G:0.24286
Average         T:0.20000    C:0.23810    A:0.28571    G:0.27619

#35: Pronghorn      
position  1:    T:0.07143    C:0.20000    A:0.35714    G:0.37143
position  2:    T:0.27143    C:0.21429    A:0.30000    G:0.21429
position  3:    T:0.25714    C:0.28571    A:0.22857    G:0.22857
Average         T:0.20000    C:0.23333    A:0.29524    G:0.27143

#36: BlueWildebeest 
position  1:    T:0.07143    C:0.20000    A:0.35714    G:0.37143
position  2:    T:0.27143    C:0.21429    A:0.30000    G:0.21429
position  3:    T:0.25714    C:0.28571    A:0.21429    G:0.24286
Average         T:0.20000    C:0.23333    A:0.29048    G:0.27619

#37: Gemsbok        
position  1:    T:0.07143    C:0.20000    A:0.35714    G:0.37143
position  2:    T:0.27143    C:0.21429    A:0.30000    G:0.21429
position  3:    T:0.25714    C:0.28571    A:0.22857    G:0.22857
Average         T:0.20000    C:0.23333    A:0.29524    G:0.27143

#38: Yak            
position  1:    T:0.07143    C:0.20000    A:0.35714    G:0.37143
position  2:    T:0.27143    C:0.21429    A:0.30000    G:0.21429
position  3:    T:0.25714    C:0.28571    A:0.21429    G:0.24286
Average         T:0.20000    C:0.23333    A:0.29048    G:0.27619

#39: BlueSheep      
position  1:    T:0.07143    C:0.20000    A:0.35714    G:0.37143
position  2:    T:0.27143    C:0.21429    A:0.30000    G:0.21429
position  3:    T:0.25714    C:0.28571    A:0.21429    G:0.24286
Average         T:0.20000    C:0.23333    A:0.29048    G:0.27619

#40: BohorReedbuck  
position  1:    T:0.07143    C:0.20000    A:0.35714    G:0.37143
position  2:    T:0.27143    C:0.21429    A:0.30000    G:0.21429
position  3:    T:0.25714    C:0.28571    A:0.21429    G:0.24286
Average         T:0.20000    C:0.23333    A:0.29048    G:0.27619

#41: KirksDik       
position  1:    T:0.07143    C:0.20000    A:0.35714    G:0.37143
position  2:    T:0.27143    C:0.21429    A:0.30000    G:0.21429
position  3:    T:0.25714    C:0.28571    A:0.21429    G:0.24286
Average         T:0.20000    C:0.23333    A:0.29048    G:0.27619

#42: RoeDeer        
position  1:    T:0.07143    C:0.20000    A:0.35714    G:0.37143
position  2:    T:0.27143    C:0.21429    A:0.30000    G:0.21429
position  3:    T:0.25714    C:0.28571    A:0.21429    G:0.24286
Average         T:0.20000    C:0.23333    A:0.29048    G:0.27619

#43: WhiteLippedDeer
position  1:    T:0.07143    C:0.20000    A:0.35714    G:0.37143
position  2:    T:0.27143    C:0.21429    A:0.30000    G:0.21429
position  3:    T:0.27143    C:0.27143    A:0.21429    G:0.24286
Average         T:0.20476    C:0.22857    A:0.29048    G:0.27619

#44: ThomsonGazelle 
position  1:    T:0.07143    C:0.20000    A:0.35714    G:0.37143
position  2:    T:0.27143    C:0.21429    A:0.30000    G:0.21429
position  3:    T:0.25714    C:0.28571    A:0.21429    G:0.24286
Average         T:0.20000    C:0.23333    A:0.29048    G:0.27619

#45: MuntiacusCrinifrons
position  1:    T:0.07143    C:0.20000    A:0.35714    G:0.37143
position  2:    T:0.27143    C:0.21429    A:0.30000    G:0.21429
position  3:    T:0.25714    C:0.28571    A:0.21429    G:0.24286
Average         T:0.20000    C:0.23333    A:0.29048    G:0.27619

#46: WhiteTailedDeer
position  1:    T:0.07143    C:0.20000    A:0.35714    G:0.37143
position  2:    T:0.27143    C:0.21429    A:0.30000    G:0.21429
position  3:    T:0.25714    C:0.28571    A:0.21429    G:0.24286
Average         T:0.20000    C:0.23333    A:0.29048    G:0.27619

#47: Cattle         
position  1:    T:0.07143    C:0.20000    A:0.35714    G:0.37143
position  2:    T:0.27143    C:0.21429    A:0.30000    G:0.21429
position  3:    T:0.25714    C:0.28571    A:0.21429    G:0.24286
Average         T:0.20000    C:0.23333    A:0.29048    G:0.27619

#48: RoyalAntelope  
position  1:    T:0.07143    C:0.20000    A:0.35714    G:0.37143
position  2:    T:0.27143    C:0.21429    A:0.30000    G:0.21429
position  3:    T:0.24286    C:0.28571    A:0.21429    G:0.25714
Average         T:0.19524    C:0.23333    A:0.29048    G:0.28095

#49: Steenbok       
position  1:    T:0.07143    C:0.20000    A:0.35714    G:0.37143
position  2:    T:0.27143    C:0.21429    A:0.30000    G:0.21429
position  3:    T:0.25714    C:0.28571    A:0.21429    G:0.24286
Average         T:0.20000    C:0.23333    A:0.29048    G:0.27619

#50: Impala         
position  1:    T:0.07143    C:0.20000    A:0.35714    G:0.37143
position  2:    T:0.27143    C:0.21429    A:0.30000    G:0.21429
position  3:    T:0.25714    C:0.28571    A:0.21429    G:0.24286
Average         T:0.20000    C:0.23333    A:0.29048    G:0.27619

#51: Klipspringer   
position  1:    T:0.07143    C:0.20000    A:0.35714    G:0.37143
position  2:    T:0.27143    C:0.21429    A:0.30000    G:0.21429
