CODONML (in paml version 4.10.7, June 2023)  /home/rachel/ruminants_paml/6406-phy-tree/ENSBTAT00000022119.fasta.phy
Model: free dN/dS Ratios for branches,  kappa = 2.000 fixed

Codon frequency model: F3x4
ns =  54  ls =  60

Codon usage in sequences
--------------------------------------------------------------------------------------------------------------------------------------
Phe TTT   0   0   0   0   0   1 | Ser TCT   0   0   0   0   0   0 | Tyr TAT   0   0   0   0   0   0 | Cys TGT   0   0   0   0   1   1
    TTC   2   2   2   2   2   1 |     TCC   0   0   0   0   0   0 |     TAC   1   1   1   1   1   1 |     TGC   5   5   5   5   4   4
Leu TTA   0   0   0   0   0   0 |     TCA   0   0   0   0   0   0 | *** TAA   0   0   0   0   0   0 | *** TGA   0   0   0   0   0   0
    TTG   0   0   0   0   0   0 |     TCG   0   0   0   0   0   0 |     TAG   0   0   0   0   0   0 | Trp TGG   0   0   0   0   0   0
--------------------------------------------------------------------------------------------------------------------------------------
Leu CTT   0   0   0   0   0   0 | Pro CCT   0   0   0   0   2   1 | His CAT   1   0   0   0   0   0 | Arg CGT   0   0   0   0   1   0
    CTC   1   1   1   1   1   1 |     CCC   3   2   3   3   2   2 |     CAC   1   2   2   2   2   2 |     CGC   4   3   4   4   3   4
    CTA   0   0   0   0   0   0 |     CCA   0   0   0   0   0   0 | Gln CAA   0   0   0   0   1   0 |     CGA   0   0   0   0   0   0
    CTG   0   0   0   0   0   0 |     CCG   2   3   2   2   1   2 |     CAG   3   3   3   3   2   3 |     CGG   0   1   0   0   0   0
--------------------------------------------------------------------------------------------------------------------------------------
Ile ATT   0   1   0   0   0   0 | Thr ACT   0   0   0   0   1   0 | Asn AAT   0   0   0   0   0   0 | Ser AGT   0   0   0   0   0   1
    ATC   4   2   3   4   4   4 |     ACC   1   2   1   1   1   1 |     AAC   1   1   1   1   1   1 |     AGC   2   2   2   2   2   1
    ATA   0   1   1   0   0   0 |     ACA   1   0   1   0   0   0 | Lys AAA   0   0   1   0   0   0 | Arg AGA   0   0   0   0   0   0
Met ATG   1   1   1   1   1   1 |     ACG   3   3   3   4   3   4 |     AAG   4   4   3   4   4   4 |     AGG   0   0   0   0   0   0
--------------------------------------------------------------------------------------------------------------------------------------
Val GTT   0   0   0   0   0   0 | Ala GCT   1   0   1   0   0   0 | Asp GAT   0   0   0   0   0   0 | Gly GGT   0   0   0   0   0   0
    GTC   1   1   1   1   1   1 |     GCC   1   2   1   2   2   2 |     GAC   1   2   1   1   1   1 |     GGC   1   1   1   1   1   1
    GTA   0   0   0   0   1   0 |     GCA   0   0   0   0   0   0 | Glu GAA   0   0   0   0   0   1 |     GGA   0   0   0   0   0   0
    GTG   6   6   6   6   5   6 |     GCG   1   1   1   1   1   1 |     GAG   6   5   6   6   6   5 |     GGG   2   2   2   2   2   2
--------------------------------------------------------------------------------------------------------------------------------------

--------------------------------------------------------------------------------------------------------------------------------------
Phe TTT   0   1   0   0   0   0 | Ser TCT   0   0   0   0   0   0 | Tyr TAT   0   0   0   0   0   0 | Cys TGT   0   0   0   1   0   0
    TTC   2   1   2   2   2   2 |     TCC   0   0   0   0   0   0 |     TAC   1   1   1   1   1   1 |     TGC   5   5   5   4   5   5
Leu TTA   0   0   0   0   0   0 |     TCA   0   0   0   0   0   0 | *** TAA   0   0   0   0   0   0 | *** TGA   0   0   0   0   0   0
    TTG   0   0   0   0   0   0 |     TCG   0   0   0   0   0   0 |     TAG   0   0   0   0   0   0 | Trp TGG   0   0   0   0   0   0
--------------------------------------------------------------------------------------------------------------------------------------
Leu CTT   0   0   0   0   0   0 | Pro CCT   0   1   0   0   0   0 | His CAT   1   1   1   1   0   0 | Arg CGT   0   1   0   0   0   0
    CTC   1   1   1   1   1   1 |     CCC   3   2   3   3   3   3 |     CAC   1   1   1   1   2   2 |     CGC   4   3   4   4   4   4
    CTA   0   0   0   0   0   0 |     CCA   0   0   0   0   0   0 | Gln CAA   0   1   0   0   0   0 |     CGA   0   0   0   0   0   0
    CTG   0   0   0   0   0   0 |     CCG   2   2   2   2   2   2 |     CAG   3   1   3   3   3   3 |     CGG   0   1   0   0   0   0
--------------------------------------------------------------------------------------------------------------------------------------
Ile ATT   0   0   0   0   0   0 | Thr ACT   0   0   0   0   0   0 | Asn AAT   0   0   0   0   0   0 | Ser AGT   0   0   0   0   0   0
    ATC   4   4   4   4   3   4 |     ACC   1   1   1   1   1   1 |     AAC   1   1   1   1   1   1 |     AGC   2   1   2   2   2   2
    ATA   0   0   0   0   1   0 |     ACA   1   1   1   1   1   0 | Lys AAA   0   0   0   0   1   0 | Arg AGA   0   0   0   0   0   0
Met ATG   1   1   1   1   1   1 |     ACG   3   3   3   3   3   4 |     AAG   4   4   4   4   3   4 |     AGG   0   0   0   0   0   0
--------------------------------------------------------------------------------------------------------------------------------------
Val GTT   0   0   0   0   0   0 | Ala GCT   1   1   1   1   1   1 | Asp GAT   0   0   0   0   0   0 | Gly GGT   0   0   0   0   0   0
    GTC   1   1   1   1   1   1 |     GCC   1   2   1   1   1   1 |     GAC   1   1   1   1   1   1 |     GGC   1   1   1   1   1   1
    GTA   0   0   0   0   0   0 |     GCA   0   0   0   0   0   0 | Glu GAA   0   0   0   0   0   0 |     GGA   0   0   0   0   0   0
    GTG   6   6   6   6   6   6 |     GCG   1   1   1   1   1   1 |     GAG   6   5   6   6   6   6 |     GGG   2   3   2   2   2   2
--------------------------------------------------------------------------------------------------------------------------------------

--------------------------------------------------------------------------------------------------------------------------------------
Phe TTT   0   0   0   0   0   0 | Ser TCT   0   0   0   0   0   0 | Tyr TAT   0   0   0   0   0   0 | Cys TGT   0   0   0   0   0   0
    TTC   2   2   2   2   2   2 |     TCC   0   0   0   0   0   0 |     TAC   1   1   1   1   1   1 |     TGC   5   5   5   5   5   5
Leu TTA   0   0   0   0   0   0 |     TCA   0   0   0   0   0   0 | *** TAA   0   0   0   0   0   0 | *** TGA   0   0   0   0   0   0
    TTG   0   0   0   0   0   0 |     TCG   0   0   0   0   0   0 |     TAG   0   0   0   0   0   0 | Trp TGG   0   0   0   0   0   0
--------------------------------------------------------------------------------------------------------------------------------------
Leu CTT   0   0   0   0   0   0 | Pro CCT   1   0   0   0   0   0 | His CAT   1   0   1   1   1   1 | Arg CGT   0   0   0   0   0   0
    CTC   1   1   1   1   1   1 |     CCC   2   3   3   3   3   3 |     CAC   1   2   1   1   1   1 |     CGC   4   4   4   4   4   4
    CTA   0   0   0   0   0   0 |     CCA   0   0   0   0   0   1 | Gln CAA   0   0   0   0   0   0 |     CGA   0   0   0   0   0   0
    CTG   0   0   0   0   0   0 |     CCG   2   2   2   2   2   1 |     CAG   3   3   3   3   3   3 |     CGG   0   0   0   0   0   0
--------------------------------------------------------------------------------------------------------------------------------------
Ile ATT   0   0   0   0   0   0 | Thr ACT   0   0   0   0   0   0 | Asn AAT   0   0   0   0   0   0 | Ser AGT   0   0   0   0   0   0
    ATC   4   4   4   4   4   4 |     ACC   1   1   1   1   1   1 |     AAC   1   1   1   1   1   1 |     AGC   2   2   2   2   2   2
    ATA   0   0   0   0   0   0 |     ACA   1   1   1   1   1   1 | Lys AAA   0   1   1   0   0   0 | Arg AGA   0   0   0   0   0   0
Met ATG   1   1   1   1   1   1 |     ACG   3   3   3   3   3   3 |     AAG   4   3   3   4   4   4 |     AGG   0   0   0   0   0   0
--------------------------------------------------------------------------------------------------------------------------------------
Val GTT   0   0   0   0   0   0 | Ala GCT   1   1   1   1   1   1 | Asp GAT   0   0   0   0   0   0 | Gly GGT   0   0   0   0   0   0
    GTC   1   1   1   1   1   1 |     GCC   1   1   1   1   1   1 |     GAC   1   1   1   1   1   1 |     GGC   1   1   1   1   1   1
    GTA   0   0   0   0   0   0 |     GCA   0   0   0   0   0   0 | Glu GAA   0   0   0   0   0   0 |     GGA   0   0   0   0   0   0
    GTG   6   6   6   6   6   6 |     GCG   1   1   1   1   1   1 |     GAG   6   6   6   6   6   6 |     GGG   2   2   2   2   2   2
--------------------------------------------------------------------------------------------------------------------------------------

--------------------------------------------------------------------------------------------------------------------------------------
Phe TTT   0   0   0   0   0   0 | Ser TCT   0   0   0   0   0   0 | Tyr TAT   0   0   0   0   0   0 | Cys TGT   0   0   0   0   0   0
    TTC   2   2   2   2   2   2 |     TCC   0   0   0   0   0   0 |     TAC   1   1   1   1   1   1 |     TGC   5   5   5   5   5   5
Leu TTA   0   0   0   0   0   0 |     TCA   0   0   0   0   0   0 | *** TAA   0   0   0   0   0   0 | *** TGA   0   0   0   0   0   0
    TTG   0   0   0   0   0   0 |     TCG   0   0   0   0   0   0 |     TAG   0   0   0   0   0   0 | Trp TGG   0   0   0   0   0   0
--------------------------------------------------------------------------------------------------------------------------------------
Leu CTT   0   0   0   0   0   0 | Pro CCT   0   0   0   0   0   1 | His CAT   0   0   1   0   1   1 | Arg CGT   0   0   0   0   0   0
    CTC   1   0   1   1   1   1 |     CCC   3   3   3   3   3   3 |     CAC   2   2   1   2   1   1 |     CGC   4   4   4   4   4   4
    CTA   0   1   0   0   0   0 |     CCA   0   0   0   0   0   0 | Gln CAA   0   0   0   0   0   0 |     CGA   0   0   0   0   0   0
    CTG   0   0   0   0   0   0 |     CCG   2   2   2   2   2   1 |     CAG   3   3   3   3   3   3 |     CGG   0   0   0   0   0   0
--------------------------------------------------------------------------------------------------------------------------------------
Ile ATT   0   0   0   0   0   0 | Thr ACT   1   1   0   0   0   0 | Asn AAT   0   0   0   0   0   0 | Ser AGT   0   0   0   0   0   0
    ATC   4   4   4   3   4   4 |     ACC   1   1   2   1   1   1 |     AAC   1   1   1   1   1   1 |     AGC   2   2   2   2   2   2
    ATA   0   0   0   1   0   0 |     ACA   0   0   1   1   1   1 | Lys AAA   0   0   0   1   0   0 | Arg AGA   0   0   0   0   0   0
Met ATG   1   1   1   1   1   1 |     ACG   3   3   2   3   3   3 |     AAG   4   4   4   3   4   4 |     AGG   0   0   0   0   0   0
--------------------------------------------------------------------------------------------------------------------------------------
Val GTT   0   0   0   0   0   0 | Ala GCT   0   0   1   1   1   1 | Asp GAT   0   0   0   0   0   0 | Gly GGT   0   0   0   0   0   0
    GTC   1   1   1   1   1   1 |     GCC   2   2   1   1   1   1 |     GAC   1   1   1   1   1   1 |     GGC   1   1   1   1   1   1
    GTA   0   0   0   0   0   0 |     GCA   0   0   0   0   0   0 | Glu GAA   0   0   0   0   0   0 |     GGA   0   0   0   0   0   0
    GTG   6   6   6   6   6   6 |     GCG   1   1   1   1   1   1 |     GAG   6   6   6   6   6   6 |     GGG   2   2   2   2   2   2
--------------------------------------------------------------------------------------------------------------------------------------

--------------------------------------------------------------------------------------------------------------------------------------
Phe TTT   0   0   0   0   0   0 | Ser TCT   0   0   0   0   0   0 | Tyr TAT   0   0   0   0   0   0 | Cys TGT   0   0   0   0   0   0
    TTC   1   2   2   2   2   2 |     TCC   0   0   0   0   0   0 |     TAC   1   1   1   1   1   1 |     TGC   5   5   5   5   5   5
Leu TTA   0   0   0   0   0   0 |     TCA   0   0   0   0   0   0 | *** TAA   0   0   0   0   0   0 | *** TGA   0   0   0   0   0   0
    TTG   0   0   0   0   0   0 |     TCG   0   0   0   0   0   0 |     TAG   0   0   0   0   0   0 | Trp TGG   0   0   0   0   0   0
--------------------------------------------------------------------------------------------------------------------------------------
Leu CTT   0   0   0   0   0   0 | Pro CCT   0   0   1   0   0   0 | His CAT   0   0   1   1   1   0 | Arg CGT   0   0   0   0   0   0
    CTC   1   1   1   1   1   1 |     CCC   3   3   2   3   3   3 |     CAC   2   2   1   1   1   2 |     CGC   4   4   4   4   4   4
    CTA   0   0   0   0   0   0 |     CCA   0   0   0   0   0   0 | Gln CAA   0   0   0   0   0   0 |     CGA   0   0   0   0   0   0
    CTG   0   0   0   0   0   0 |     CCG   2   2   2   2   2   2 |     CAG   3   3   3   3   3   3 |     CGG   0   0   0   0   0   0
--------------------------------------------------------------------------------------------------------------------------------------
Ile ATT   0   0   0   0   0   0 | Thr ACT   0   0   0   0   0   0 | Asn AAT   0   0   0   0   0   0 | Ser AGT   0   0   0   0   0   0
    ATC   4   4   4   4   4   3 |     ACC   1   1   1   1   1   1 |     AAC   1   1   1   1   1   1 |     AGC   2   2   2   2   2   2
    ATA   0   0   0   0   0   1 |     ACA   0   0   1   2   1   2 | Lys AAA   0   0   0   0   0   1 | Arg AGA   0   0   0   0   0   0
Met ATG   1   1   1   1   1   1 |     ACG   4   4   3   2   3   2 |     AAG   4   4   4   4   4   3 |     AGG   0   0   0   0   0   0
--------------------------------------------------------------------------------------------------------------------------------------
Val GTT   0   0   0   0   0   0 | Ala GCT   1   1   1   1   1   1 | Asp GAT   0   0   0   0   0   0 | Gly GGT   0   0   0   0   0   0
    GTC   2   1   1   1   1   1 |     GCC   1   1   1   1   1   1 |     GAC   1   1   1   1   1   1 |     GGC   1   1   1   1   1   1
    GTA   0   0   0   0   0   0 |     GCA   0   0   0   0   0   0 | Glu GAA   0   0   0   0   0   0 |     GGA   0   0   0   0   0   0
    GTG   6   6   6   6   6   6 |     GCG   1   1   1   1   1   1 |     GAG   6   6   6   6   6   6 |     GGG   2   2   2   2   2   2
--------------------------------------------------------------------------------------------------------------------------------------

--------------------------------------------------------------------------------------------------------------------------------------
Phe TTT   0   0   0   0   0   0 | Ser TCT   0   0   0   0   0   0 | Tyr TAT   0   0   0   0   1   0 | Cys TGT   0   0   1   0   0   0
    TTC   2   2   2   2   2   2 |     TCC   0   0   0   0   0   0 |     TAC   1   1   1   1   0   1 |     TGC   5   5   4   5   5   5
Leu TTA   0   0   0   0   0   0 |     TCA   0   0   0   0   0   0 | *** TAA   0   0   0   0   0   0 | *** TGA   0   0   0   0   0   0
    TTG   0   0   0   0   0   0 |     TCG   0   0   0   0   0   0 |     TAG   0   0   0   0   0   0 | Trp TGG   0   0   0   0   0   0
--------------------------------------------------------------------------------------------------------------------------------------
Leu CTT   0   0   0   0   0   0 | Pro CCT   0   0   0   0   0   0 | His CAT   1   0   0   1   0   1 | Arg CGT   0   0   0   0   0   0
    CTC   1   1   1   1   1   1 |     CCC   3   3   2   3   2   3 |     CAC   1   2   2   1   2   1 |     CGC   4   4   4   4   4   4
    CTA   0   0   0   0   0   0 |     CCA   0   0   1   0   0   0 | Gln CAA   1   0   0   0   0   0 |     CGA   0   0   0   0   0   0
    CTG   0   0   0   0   0   0 |     CCG   2   2   2   2   3   2 |     CAG   2   3   3   3   3   3 |     CGG   0   0   0   0   0   0
--------------------------------------------------------------------------------------------------------------------------------------
Ile ATT   0   0   0   0   0   0 | Thr ACT   0   0   0   0   0   0 | Asn AAT   0   0   0   0   0   0 | Ser AGT   0   0   0   0   0   0
    ATC   4   3   4   4   4   4 |     ACC   1   1   0   1   1   1 |     AAC   1   1   1   1   1   1 |     AGC   2   2   2   2   2   2
    ATA   0   1   0   0   0   0 |     ACA   1   1   0   1   0   1 | Lys AAA   0   1   0   0   0   0 | Arg AGA   0   0   0   0   0   0
Met ATG   1   1   1   1   1   1 |     ACG   3   3   5   3   4   3 |     AAG   4   3   4   4   4   4 |     AGG   0   0   0   0   0   0
--------------------------------------------------------------------------------------------------------------------------------------
Val GTT   0   0   0   0   0   0 | Ala GCT   1   1   1   1   0   1 | Asp GAT   0   0   0   0   1   0 | Gly GGT   0   0   0   0   0   0
    GTC   1   1   1   1   1   1 |     GCC   1   1   1   1   2   1 |     GAC   1   1   1   1   0   1 |     GGC   1   1   1   1   1   1
    GTA   0   0   0   0   0   0 |     GCA   0   1   0   0   0   0 | Glu GAA   0   0   0   0   0   0 |     GGA   0   0   0   0   0   0
    GTG   6   6   6   6   6   6 |     GCG   1   0   1   1   1   1 |     GAG   6   6   6   6   6   6 |     GGG   2   2   2   2   2   2
--------------------------------------------------------------------------------------------------------------------------------------

--------------------------------------------------------------------------------------------------------------------------------------
Phe TTT   0   0   0   0   0   0 | Ser TCT   0   0   0   0   0   0 | Tyr TAT   0   0   0   0   0   0 | Cys TGT   0   0   0   0   1   0
    TTC   2   2   2   2   2   2 |     TCC   0   0   0   0   0   0 |     TAC   1   1   1   1   1   1 |     TGC   5   5   5   5   4   5
Leu TTA   0   0   0   0   0   0 |     TCA   0   0   0   0   0   0 | *** TAA   0   0   0   0   0   0 | *** TGA   0   0   0   0   0   0
    TTG   0   0   0   0   0   0 |     TCG   0   0   0   0   0   0 |     TAG   0   0   0   0   0   0 | Trp TGG   0   0   0   0   0   0
--------------------------------------------------------------------------------------------------------------------------------------
Leu CTT   0   0   0   0   0   0 | Pro CCT   0   0   0   0   0   0 | His CAT   1   0   1   1   1   0 | Arg CGT   0   0   0   0   0   0
    CTC   1   1   1   1   1   1 |     CCC   3   3   3   3   3   3 |     CAC   1   2   1   1   1   2 |     CGC   4   4   4   4   4   4
    CTA   0   0   0   0   0   0 |     CCA   0   0   0   0   0   0 | Gln CAA   0   0   0   0   0   0 |     CGA   0   0   0   0   0   0
    CTG   0   0   0   0   0   0 |     CCG   2   2   2   2   2   2 |     CAG   3   3   3   3   3   3 |     CGG   0   0   0   0   0   0
--------------------------------------------------------------------------------------------------------------------------------------
Ile ATT   0   0   0   0   0   0 | Thr ACT   0   0   0   0   0   0 | Asn AAT   0   0   0   0   0   0 | Ser AGT   0   0   0   0   0   0
    ATC   4   4   4   4   4   4 |     ACC   1   1   1   1   1   1 |     AAC   1   1   1   1   1   1 |     AGC   2   2   2   2   2   2
    ATA   0   0   0   0   0   0 |     ACA   1   1   1   1   1   0 | Lys AAA   0   1   0   0   0   0 | Arg AGA   0   0   0   0   0   0
Met ATG   1   1   1   1   1   1 |     ACG   3   3   3   3   3   4 |     AAG   4   3   4   4   4   4 |     AGG   0   0   0   0   0   0
--------------------------------------------------------------------------------------------------------------------------------------
Val GTT   0   0   0   0   0   0 | Ala GCT   1   1   1   1   1   1 | Asp GAT   0   0   0   0   0   0 | Gly GGT   0   0   0   0   0   0
    GTC   1   1   1   1   1   1 |     GCC   1   1   1   1   1   1 |     GAC   1   1   1   1   1   1 |     GGC   1   1   1   1   1   1
    GTA   0   0   0   0   0   0 |     GCA   0   0   0   0   0   0 | Glu GAA   0   0   0   0   0   0 |     GGA   0   0   0   0   0   0
    GTG   6   6   6   6   6   6 |     GCG   1   1   1   1   1   1 |     GAG   6   6   6   6   6   6 |     GGG   2   2   2   2   2   2
--------------------------------------------------------------------------------------------------------------------------------------

--------------------------------------------------------------------------------------------------------------------------------------
Phe TTT   0   0   0   0   0   0 | Ser TCT   0   0   0   0   0   0 | Tyr TAT   0   0   0   0   0   0 | Cys TGT   0   0   0   0   0   1
    TTC   2   2   2   2   2   2 |     TCC   0   0   0   0   0   0 |     TAC   1   1   1   1   1   1 |     TGC   5   5   5   5   5   4
Leu TTA   0   0   0   0   0   0 |     TCA   0   0   0   0   0   0 | *** TAA   0   0   0   0   0   0 | *** TGA   0   0   0   0   0   0
    TTG   0   0   0   0   0   0 |     TCG   0   0   0   0   0   0 |     TAG   0   0   0   0   0   0 | Trp TGG   0   0   0   0   0   0
--------------------------------------------------------------------------------------------------------------------------------------
Leu CTT   0   0   0   0   0   0 | Pro CCT   0   0   0   0   0   0 | His CAT   0   1   0   1   0   1 | Arg CGT   1   0   0   0   0   0
    CTC   1   1   1   1   1   1 |     CCC   3   3   3   3   3   3 |     CAC   2   1   2   1   2   1 |     CGC   3   4   4   4   4   4
    CTA   0   0   0   0   0   0 |     CCA   0   0   0   0   0   1 | Gln CAA   0   0   0   0   0   0 |     CGA   0   0   0   0   0   0
    CTG   0   0   0   0   0   0 |     CCG   2   2   2   2   2   1 |     CAG   3   3   3   3   3   3 |     CGG   0   0   0   0   0   0
--------------------------------------------------------------------------------------------------------------------------------------
Ile ATT   0   0   0   0   0   0 | Thr ACT   0   0   0   0   0   1 | Asn AAT   0   0   0   0   0   0 | Ser AGT   0   0   0   0   0   0
    ATC   4   4   4   4   4   4 |     ACC   1   1   0   1   1   1 |     AAC   1   1   1   1   1   1 |     AGC   2   2   2   2   2   2
    ATA   0   0   0   0   0   0 |     ACA   0   1   0   0   1   1 | Lys AAA   0   0   0   1   1   0 | Arg AGA   0   0   0   0   0   0
Met ATG   1   1   1   1   1   1 |     ACG   4   3   5   4   3   2 |     AAG   4   4   4   3   3   4 |     AGG   0   0   0   0   0   0
--------------------------------------------------------------------------------------------------------------------------------------
Val GTT   0   0   0   0   0   0 | Ala GCT   1   1   1   1   1   1 | Asp GAT   0   0   0   0   0   0 | Gly GGT   0   0   0   0   0   1
    GTC   1   1   1   1   1   1 |     GCC   1   1   1   1   1   1 |     GAC   1   1   1   1   1   1 |     GGC   1   1   1   1   1   0
    GTA   0   0   0   0   0   0 |     GCA   0   0   0   0   0   0 | Glu GAA   0   0   0   0   0   0 |     GGA   0   0   0   0   0   0
    GTG   6   6   6   6   6   6 |     GCG   1   1   1   1   1   1 |     GAG   6   6   6   6   6   6 |     GGG   2   2   2   2   2   2
--------------------------------------------------------------------------------------------------------------------------------------

--------------------------------------------------------------------------------------------------------------------------------------
Phe TTT   0   0   0   0   0   0 | Ser TCT   0   0   0   0   0   0 | Tyr TAT   1   0   0   0   0   0 | Cys TGT   0   0   0   0   0   0
    TTC   2   2   2   2   2   2 |     TCC   0   0   0   0   0   0 |     TAC   0   1   1   1   1   1 |     TGC   5   5   5   5   5   5
Leu TTA   0   0   0   0   0   0 |     TCA   0   0   0   0   0   0 | *** TAA   0   0   0   0   0   0 | *** TGA   0   0   0   0   0   0
    TTG   0   0   0   0   0   0 |     TCG   0   0   0   0   0   0 |     TAG   0   0   0   0   0   0 | Trp TGG   0   0   0   0   0   0
--------------------------------------------------------------------------------------------------------------------------------------
Leu CTT   0   0   0   0   0   0 | Pro CCT   0   1   0   0   0   0 | His CAT   1   1   1   0   0   0 | Arg CGT   0   0   0   0   0   0
    CTC   1   1   1   1   1   1 |     CCC   3   2   3   3   3   3 |     CAC   1   1   1   2   2   2 |     CGC   4   4   4   4   4   4
    CTA   0   0   0   0   0   0 |     CCA   0   0   0   0   0   0 | Gln CAA   0   0   0   0   0   0 |     CGA   0   0   0   0   0   0
    CTG   0   0   0   0   0   0 |     CCG   2   2   2   2   2   2 |     CAG   3   3   3   3   3   3 |     CGG   0   0   0   0   0   0
--------------------------------------------------------------------------------------------------------------------------------------
Ile ATT   0   0   0   0   0   0 | Thr ACT   0   0   0   0   0   0 | Asn AAT   0   0   0   0   0   0 | Ser AGT   0   0   0   0   0   0
    ATC   4   4   4   4   3   3 |     ACC   1   1   1   1   1   1 |     AAC   1   1   1   1   1   1 |     AGC   2   2   2   2   2   2
    ATA   0   0   0   0   1   1 |     ACA   1   1   1   0   1   1 | Lys AAA   0   0   0   0   1   1 | Arg AGA   0   0   0   0   0   0
Met ATG   1   1   1   1   1   1 |     ACG   3   3   3   4   3   3 |     AAG   4   4   4   4   3   3 |     AGG   0   0   0   0   0   0
--------------------------------------------------------------------------------------------------------------------------------------
Val GTT   0   0   0   0   0   0 | Ala GCT   1   1   1   0   0   1 | Asp GAT   0   0   0   0   0   0 | Gly GGT   0   0   0   0   0   0
    GTC   1   1   1   1   1   1 |     GCC   1   1   1   2   1   1 |     GAC   1   1   1   1   1   1 |     GGC   1   1   1   1   1   1
    GTA   0   0   0   0   0   0 |     GCA   0   0   0   0   1   0 | Glu GAA   0   0   0   0   0   0 |     GGA   0   0   0   0   0   0
    GTG   6   6   6   6   6   6 |     GCG   1   1   1   1   1   1 |     GAG   6   6   6   6   6   6 |     GGG   2   2   2   2   2   2
--------------------------------------------------------------------------------------------------------------------------------------

Codon position x base (3x4) table for each sequence.

#1: Argali         
position  1:    T:0.13333    C:0.25000    A:0.28333    G:0.33333
position  2:    T:0.25000    C:0.21667    A:0.30000    G:0.23333
position  3:    T:0.03333    C:0.48333    A:0.01667    G:0.46667
Average         T:0.13889    C:0.31667    A:0.20000    G:0.34444

#2: LesserMouseDeer
position  1:    T:0.13333    C:0.25000    A:0.28333    G:0.33333
position  2:    T:0.25000    C:0.21667    A:0.30000    G:0.23333
position  3:    T:0.01667    C:0.48333    A:0.01667    G:0.48333
Average         T:0.13333    C:0.31667    A:0.20000    G:0.35000

#3: LesserKudu     
position  1:    T:0.13333    C:0.25000    A:0.28333    G:0.33333
position  2:    T:0.25000    C:0.21667    A:0.30000    G:0.23333
position  3:    T:0.01667    C:0.48333    A:0.05000    G:0.45000
Average         T:0.13333    C:0.31667    A:0.21111    G:0.33889

#4: ForestMuskDeer2
position  1:    T:0.13333    C:0.25000    A:0.28333    G:0.33333
position  2:    T:0.25000    C:0.21667    A:0.30000    G:0.23333
position  3:    T:0.00000    C:0.51667    A:0.00000    G:0.48333
Average         T:0.12778    C:0.32778    A:0.19444    G:0.35000

#5: Camel          
position  1:    T:0.13333    C:0.25000    A:0.28333    G:0.33333
position  2:    T:0.25000    C:0.21667    A:0.30000    G:0.23333
position  3:    T:0.08333    C:0.46667    A:0.03333    G:0.41667
Average         T:0.15556    C:0.31111    A:0.20556    G:0.32778

#6: KillerWhale    
position  1:    T:0.13333    C:0.25000    A:0.28333    G:0.33333
position  2:    T:0.25000    C:0.21667    A:0.30000    G:0.23333
position  3:    T:0.06667    C:0.45000    A:0.01667    G:0.46667
Average         T:0.15000    C:0.30556    A:0.20000    G:0.34444

#7: DefassaWaterbuck
position  1:    T:0.13333    C:0.25000    A:0.28333    G:0.33333
position  2:    T:0.25000    C:0.21667    A:0.30000    G:0.23333
position  3:    T:0.03333    C:0.48333    A:0.01667    G:0.46667
Average         T:0.13889    C:0.31667    A:0.20000    G:0.34444

#8: Sheep          
position  1:    T:0.13333    C:0.25000    A:0.26667    G:0.35000
position  2:    T:0.25000    C:0.23333    A:0.26667    G:0.25000
position  3:    T:0.08333    C:0.43333    A:0.03333    G:0.45000
Average         T:0.15556    C:0.30556    A:0.18889    G:0.35000

#9: MaxwellsDuiker 
position  1:    T:0.13333    C:0.25000    A:0.28333    G:0.33333
position  2:    T:0.25000    C:0.21667    A:0.30000    G:0.23333
position  3:    T:0.03333    C:0.48333    A:0.01667    G:0.46667
Average         T:0.13889    C:0.31667    A:0.20000    G:0.34444

#10: GazellaPrzewalskyi
position  1:    T:0.13333    C:0.25000    A:0.28333    G:0.33333
position  2:    T:0.25000    C:0.21667    A:0.30000    G:0.23333
position  3:    T:0.05000    C:0.46667    A:0.01667    G:0.46667
Average         T:0.14444    C:0.31111    A:0.20000    G:0.34444

#11: MountainNyala  
position  1:    T:0.13333    C:0.25000    A:0.28333    G:0.33333
position  2:    T:0.25000    C:0.21667    A:0.30000    G:0.23333
position  3:    T:0.01667    C:0.48333    A:0.05000    G:0.45000
Average         T:0.13333    C:0.31667    A:0.21111    G:0.33889

#12: MuntiacusMuntjak
position  1:    T:0.13333    C:0.25000    A:0.28333    G:0.33333
position  2:    T:0.25000    C:0.21667    A:0.30000    G:0.23333
position  3:    T:0.01667    C:0.50000    A:0.00000    G:0.48333
Average         T:0.13333    C:0.32222    A:0.19444    G:0.35000

#13: goat           
position  1:    T:0.13333    C:0.25000    A:0.28333    G:0.33333
position  2:    T:0.25000    C:0.21667    A:0.30000    G:0.23333
position  3:    T:0.05000    C:0.46667    A:0.01667    G:0.46667
Average         T:0.14444    C:0.31111    A:0.20000    G:0.34444

#14: AfricanBuffalo 
position  1:    T:0.13333    C:0.25000    A:0.28333    G:0.33333
position  2:    T:0.25000    C:0.21667    A:0.30000    G:0.23333
position  3:    T:0.01667    C:0.50000    A:0.03333    G:0.45000
Average         T:0.13333    C:0.32222    A:0.20556    G:0.33889

#15: Topi           
position  1:    T:0.13333    C:0.25000    A:0.28333    G:0.33333
position  2:    T:0.25000    C:0.21667    A:0.30000    G:0.23333
position  3:    T:0.03333    C:0.48333    A:0.03333    G:0.45000
Average         T:0.13889    C:0.31667    A:0.20556    G:0.33889

#16: CommonDuiker   
position  1:    T:0.13333    C:0.25000    A:0.28333    G:0.33333
position  2:    T:0.25000    C:0.21667    A:0.30000    G:0.23333
position  3:    T:0.03333    C:0.48333    A:0.01667    G:0.46667
Average         T:0.13889    C:0.31667    A:0.20000    G:0.34444

#17: Suni           
position  1:    T:0.13333    C:0.25000    A:0.28333    G:0.33333
position  2:    T:0.25000    C:0.21667    A:0.30000    G:0.23333
position  3:    T:0.03333    C:0.48333    A:0.01667    G:0.46667
Average         T:0.13889    C:0.31667    A:0.20000    G:0.34444

#18: Springbuck     
position  1:    T:0.13333    C:0.25000    A:0.28333    G:0.33333
position  2:    T:0.25000    C:0.21667    A:0.30000    G:0.23333
position  3:    T:0.03333    C:0.48333    A:0.03333    G:0.45000
Average         T:0.13889    C:0.31667    A:0.20556    G:0.33889

#19: Okapi          
position  1:    T:0.13333    C:0.25000    A:0.28333    G:0.33333
position  2:    T:0.25000    C:0.21667    A:0.30000    G:0.23333
position  3:    T:0.01667    C:0.51667    A:0.00000    G:0.46667
Average         T:0.13333    C:0.32778    A:0.19444    G:0.34444

#20: Giraffe        
position  1:    T:0.13333    C:0.25000    A:0.28333    G:0.33333
position  2:    T:0.25000    C:0.21667    A:0.30000    G:0.23333
position  3:    T:0.01667    C:0.50000    A:0.01667    G:0.46667
Average         T:0.13333    C:0.32222    A:0.20000    G:0.34444

#21: TibetanAntelope
position  1:    T:0.13333    C:0.25000    A:0.28333    G:0.33333
position  2:    T:0.25000    C:0.21667    A:0.30000    G:0.23333
position  3:    T:0.03333    C:0.50000    A:0.01667    G:0.45000
Average         T:0.13889    C:0.32222    A:0.20000    G:0.33889

#22: Sitatunga      
position  1:    T:0.13333    C:0.25000    A:0.28333    G:0.33333
position  2:    T:0.25000    C:0.21667    A:0.30000    G:0.23333
position  3:    T:0.01667    C:0.48333    A:0.05000    G:0.45000
Average         T:0.13333    C:0.31667    A:0.21111    G:0.33889

#23: Oribi          
position  1:    T:0.13333    C:0.25000    A:0.28333    G:0.33333
position  2:    T:0.25000    C:0.21667    A:0.30000    G:0.23333
position  3:    T:0.03333    C:0.48333    A:0.01667    G:0.46667
Average         T:0.13889    C:0.31667    A:0.20000    G:0.34444

#24: BarbarySheep   
position  1:    T:0.13333    C:0.25000    A:0.28333    G:0.33333
position  2:    T:0.25000    C:0.21667    A:0.30000    G:0.23333
position  3:    T:0.05000    C:0.48333    A:0.01667    G:0.45000
Average         T:0.14444    C:0.31667    A:0.20000    G:0.33889

#25: Daviddeer      
position  1:    T:0.11667    C:0.25000    A:0.28333    G:0.35000
position  2:    T:0.25000    C:0.21667    A:0.30000    G:0.23333
position  3:    T:0.01667    C:0.50000    A:0.00000    G:0.48333
Average         T:0.12778    C:0.32222    A:0.19444    G:0.35556

#26: Reindeer       
position  1:    T:0.13333    C:0.25000    A:0.28333    G:0.33333
position  2:    T:0.25000    C:0.21667    A:0.30000    G:0.23333
position  3:    T:0.01667    C:0.50000    A:0.00000    G:0.48333
Average         T:0.13333    C:0.32222    A:0.19444    G:0.35000

#27: Ibex           
position  1:    T:0.13333    C:0.25000    A:0.28333    G:0.33333
position  2:    T:0.25000    C:0.21667    A:0.30000    G:0.23333
position  3:    T:0.05000    C:0.46667    A:0.01667    G:0.46667
Average         T:0.14444    C:0.31111    A:0.20000    G:0.34444

#28: GyrantGazelle  
position  1:    T:0.13333    C:0.25000    A:0.28333    G:0.33333
position  2:    T:0.25000    C:0.21667    A:0.30000    G:0.23333
position  3:    T:0.03333    C:0.48333    A:0.03333    G:0.45000
Average         T:0.13889    C:0.31667    A:0.20556    G:0.33889

#29: Hartebeest     
position  1:    T:0.13333    C:0.25000    A:0.28333    G:0.33333
position  2:    T:0.25000    C:0.21667    A:0.30000    G:0.23333
position  3:    T:0.03333    C:0.48333    A:0.01667    G:0.46667
Average         T:0.13889    C:0.31667    A:0.20000    G:0.34444

#30: Bongo          
position  1:    T:0.13333    C:0.25000    A:0.28333    G:0.33333
position  2:    T:0.25000    C:0.21667    A:0.30000    G:0.23333
position  3:    T:0.01667    C:0.48333    A:0.06667    G:0.43333
Average         T:0.13333    C:0.31667    A:0.21667    G:0.33333

#31: Gerenuk        
position  1:    T:0.13333    C:0.25000    A:0.28333    G:0.33333
position  2:    T:0.25000    C:0.21667    A:0.30000    G:0.23333
position  3:    T:0.03333    C:0.48333    A:0.03333    G:0.45000
Average         T:0.13889    C:0.31667    A:0.20556    G:0.33889

#32: CommonEland    
position  1:    T:0.13333    C:0.25000    A:0.28333    G:0.33333
position  2:    T:0.25000    C:0.21667    A:0.30000    G:0.23333
position  3:    T:0.01667    C:0.48333    A:0.06667    G:0.43333
Average         T:0.13333    C:0.31667    A:0.21667    G:0.33333

#33: MuntiacusReevesi
position  1:    T:0.13333    C:0.25000    A:0.28333    G:0.33333
position  2:    T:0.25000    C:0.21667    A:0.30000    G:0.23333
position  3:    T:0.03333    C:0.45000    A:0.01667    G:0.50000
Average         T:0.13889    C:0.30556    A:0.20000    G:0.35556

#34: HarveysDuiker  
position  1:    T:0.13333    C:0.25000    A:0.28333    G:0.33333
position  2:    T:0.25000    C:0.21667    A:0.30000    G:0.23333
position  3:    T:0.03333    C:0.48333    A:0.01667    G:0.46667
Average         T:0.13889    C:0.31667    A:0.20000    G:0.34444

#35: Pronghorn      
position  1:    T:0.13333    C:0.25000    A:0.28333    G:0.33333
position  2:    T:0.25000    C:0.21667    A:0.30000    G:0.23333
position  3:    T:0.03333    C:0.46667    A:0.00000    G:0.50000
Average         T:0.13889    C:0.31111    A:0.19444    G:0.35556

#36: BlueWildebeest 
position  1:    T:0.13333    C:0.25000    A:0.28333    G:0.33333
position  2:    T:0.25000    C:0.21667    A:0.30000    G:0.23333
position  3:    T:0.03333    C:0.48333    A:0.01667    G:0.46667
Average         T:0.13889    C:0.31667    A:0.20000    G:0.34444

#37: Gemsbok        
position  1:    T:0.13333    C:0.25000    A:0.28333    G:0.33333
position  2:    T:0.25000    C:0.21667    A:0.30000    G:0.23333
position  3:    T:0.03333    C:0.48333    A:0.01667    G:0.46667
Average         T:0.13889    C:0.31667    A:0.20000    G:0.34444

#38: Yak            
position  1:    T:0.13333    C:0.25000    A:0.28333    G:0.33333
position  2:    T:0.25000    C:0.21667    A:0.30000    G:0.23333
position  3:    T:0.01667    C:0.50000    A:0.03333    G:0.45000
Average         T:0.13333    C:0.32222    A:0.20556    G:0.33889

#39: BlueSheep      
position  1:    T:0.13333    C:0.25000    A:0.28333    G:0.33333
position  2:    T:0.25000    C:0.21667    A:0.30000    G:0.23333
position  3:    T:0.03333    C:0.48333    A:0.01667    G:0.46667
Average         T:0.13889    C:0.31667    A:0.20000    G:0.34444

#40: BohorReedbuck  
position  1:    T:0.13333    C:0.25000    A:0.28333    G:0.33333
position  2:    T:0.25000    C:0.21667    A:0.30000    G:0.23333
position  3:    T:0.03333    C:0.48333    A:0.01667    G:0.46667
Average         T:0.13889    C:0.31667    A:0.20000    G:0.34444

#41: KirksDik       
position  1:    T:0.13333    C:0.25000    A:0.28333    G:0.33333
position  2:    T:0.25000    C:0.21667    A:0.30000    G:0.23333
position  3:    T:0.05000    C:0.46667    A:0.01667    G:0.46667
Average         T:0.14444    C:0.31111    A:0.20000    G:0.34444

#42: RoeDeer        
position  1:    T:0.13333    C:0.25000    A:0.28333    G:0.33333
position  2:    T:0.25000    C:0.21667    A:0.30000    G:0.23333
position  3:    T:0.01667    C:0.50000    A:0.00000    G:0.48333
Average         T:0.13333    C:0.32222    A:0.19444    G:0.35000

#43: WhiteLippedDeer
position  1:    T:0.13333    C:0.25000    A:0.28333    G:0.33333
position  2:    T:0.25000    C:0.21667    A:0.30000    G:0.23333
position  3:    T:0.03333    C:0.48333    A:0.00000    G:0.48333
Average         T:0.13889    C:0.31667    A:0.19444    G:0.35000

#44: ThomsonGazelle 
position  1:    T:0.13333    C:0.25000    A:0.28333    G:0.33333
position  2:    T:0.25000    C:0.21667    A:0.30000    G:0.23333
position  3:    T:0.03333    C:0.48333    A:0.01667    G:0.46667
Average         T:0.13889    C:0.31667    A:0.20000    G:0.34444

#45: MuntiacusCrinifrons
position  1:    T:0.13333    C:0.25000    A:0.28333    G:0.33333
position  2:    T:0.25000    C:0.21667    A:0.30000    G:0.23333
position  3:    T:0.01667    C:0.48333    A:0.00000    G:0.50000
Average         T:0.13333    C:0.31667    A:0.19444    G:0.35556

#46: WhiteTailedDeer
position  1:    T:0.13333    C:0.25000    A:0.28333    G:0.33333
position  2:    T:0.25000    C:0.21667    A:0.30000    G:0.23333
position  3:    T:0.03333    C:0.48333    A:0.01667    G:0.46667
Average         T:0.13889    C:0.31667    A:0.20000    G:0.34444

#47: Cattle         
position  1:    T:0.13333    C:0.25000    A:0.28333    G:0.33333
position  2:    T:0.25000    C:0.21667    A:0.30000    G:0.23333
position  3:    T:0.01667    C:0.50000    A:0.03333    G:0.45000
Average         T:0.13333    C:0.32222    A:0.20556    G:0.33889

#48: RoyalAntelope  
position  1:    T:0.13333    C:0.25000    A:0.28333    G:0.33333
position  2:    T:0.25000    C:0.21667    A:0.30000    G:0.23333
position  3:    T:0.08333    C:0.45000    A:0.03333    G:0.43333
Average         T:0.15556    C:0.30556    A:0.20556    G:0.33333

#49: Steenbok       
position  1:    T:0.13333    C:0.25000    A:0.28333    G:0.33333
position  2:    T:0.25000    C:0.21667    A:0.30000    G:0.23333
position  3:    T:0.05000    C:0.46667    A:0.01667    G:0.46667
Average         T:0.14444    C:0.31111    A:0.20000    G:0.34444

#50: Impala         
position  1:    T:0.13333    C:0.25000    A:0.28333    G:0.33333
position  2:    T:0.25000    C:0.21667    A:0.30000    G:0.23333
position  3:    T:0.05000    C:0.46667    A:0.01667    G:0.46667
Average         T:0.14444    C:0.31111    A:0.20000    G:0.34444

#51: Klipspringer   
position  1:    T:0.13333    C:0.25000    A:0.28333    G:0.33333
position  2:    T:0.25000    C:0.21667    A:0.30000    G:0.23333
