1
52 1
Argali 0.000000 0.319900 0.097100 0.305000 0.069600 0.000000 0.077100 0.084200 0.104000 0.156900 0.024600 0.125100 0.063300 0.084000 0.090500 0.105200 0.139900 0.132000 0.024700 0.097200 0.070600 0.018400 0.140500 0.133200 0.030900 0.097900 0.050200 0.104100 0.112400 0.104000 0.162900 0.070500 0.132300 0.050200 0.056800 0.111000 0.031000 0.056500 0.105500 0.154800 0.126000 0.098000 0.155400 0.155600 0.104300 0.126800 0.098200 0.104300 0.083600 0.125300 0.104100 0.090300
LesserMous 0.319900 0.000000 0.322700 0.365600 0.277900 0.319900 0.343800 0.347100 0.296900 0.309900 0.338700 0.378400 0.286300 0.344000 0.334900 0.337300 0.333500 0.350200 0.294700 0.305000 0.327000 0.329000 0.305000 0.295900 0.348100 0.365200 0.294900 0.305100 0.387200 0.296900 0.306300 0.344600 0.334500 0.294900 0.323600 0.340700 0.330100 0.277200 0.378500 0.295500 0.305500 0.365300 0.297200 0.323800 0.371000 0.357200 0.338400 0.372800 0.361400 0.343000 0.305100 0.314200
LesserKudu 0.097100 0.322700 0.000000 0.288100 0.077000 0.097100 0.057700 0.091600 0.018600 0.071700 0.097100 0.077200 0.084000 0.051000 0.070600 0.112800 0.118500 0.125000 0.070200 0.024900 0.077800 0.076700 0.077400 0.070800 0.104000 0.105500 0.070500 0.031300 0.120400 0.018600 0.071100 0.051100 0.104800 0.070500 0.090900 0.050600 0.104500 0.063700 0.106200 0.077500 0.064000 0.091500 0.077700 0.077800 0.057300 0.106300 0.091900 0.084400 0.050800 0.077200 0.031300 0.018600
KillerWhal 0.305000 0.365600 0.288100 0.000000 0.287600 0.305000 0.318600 0.329700 0.296200 0.310600 0.288000 0.271600 0.255000 0.291600 0.318000 0.321100 0.290000 0.278500 0.280900 0.271100 0.310300 0.278800 0.292200 0.282200 0.279400 0.330500 0.263100 0.262800 0.333000 0.296200 0.308700 0.291000 0.287900 0.263100 0.307800 0.289100 0.271900 0.287100 0.352900 0.272700 0.291600 0.311700 0.299900 0.299600 0.298600 0.331200 0.293100 0.289000 0.307400 0.281200 0.262800 0.279700
DefassaWat 0.069600 0.277900 0.077000 0.287600 0.000000 0.069600 0.070500 0.077500 0.083800 0.142500 0.082900 0.104000 0.056800 0.077400 0.083700 0.098200 0.118500 0.110800 0.043700 0.077000 0.064000 0.076200 0.147600 0.126300 0.089600 0.091000 0.043800 0.070300 0.105500 0.083800 0.141100 0.063900 0.111300 0.043800 0.063400 0.104200 0.089900 0.012300 0.098600 0.133000 0.133100 0.091100 0.133800 0.148300 0.097500 0.105300 0.077700 0.097500 0.077000 0.104300 0.070300 0.070300
Sheep 0.000000 0.319900 0.097100 0.305000 0.069600 0.000000 0.077100 0.084200 0.104000 0.156900 0.024600 0.125100 0.063300 0.084000 0.090500 0.105200 0.139900 0.132000 0.024700 0.097200 0.070600 0.018400 0.140500 0.133200 0.030900 0.097900 0.050200 0.104100 0.112400 0.104000 0.162900 0.070500 0.132300 0.050200 0.056800 0.111000 0.031000 0.056500 0.105500 0.154800 0.126000 0.098000 0.155400 0.155600 0.104300 0.126800 0.098200 0.104300 0.083600 0.125300 0.104100 0.090300
MaxwellsDu 0.077100 0.343800 0.057700 0.318600 0.070500 0.077100 0.000000 0.057700 0.064300 0.107200 0.090700 0.070900 0.064100 0.031500 0.050700 0.064500 0.112300 0.118800 0.050700 0.071000 0.044500 0.083900 0.098800 0.092000 0.097600 0.057700 0.050800 0.077800 0.057900 0.064300 0.106300 0.018800 0.112600 0.050800 0.070800 0.071000 0.097900 0.057200 0.078200 0.098800 0.085000 0.057700 0.113200 0.099200 0.064400 0.071500 0.071300 0.050800 0.031400 0.091500 0.077800 0.051000
GazellaPrz 0.084200 0.347100 0.091600 0.329700 0.077500 0.084200 0.057700 0.000000 0.098500 0.159300 0.098000 0.119700 0.071100 0.064400 0.070800 0.051000 0.134600 0.112400 0.057400 0.091600 0.012400 0.091100 0.149700 0.127900 0.104900 0.044200 0.057600 0.098700 0.071100 0.098500 0.157800 0.051100 0.134600 0.057600 0.077900 0.105500 0.105300 0.064100 0.044400 0.149800 0.134900 0.044200 0.150200 0.150300 0.098700 0.106400 0.051000 0.084400 0.057500 0.112800 0.098700 0.084700
MountainNy 0.104000 0.296900 0.018600 0.296200 0.083800 0.104000 0.064300 0.098500 0.000000 0.065000 0.103900 0.083600 0.090800 0.057600 0.077300 0.119800 0.125600 0.132100 0.076900 0.018600 0.084600 0.083300 0.070600 0.064200 0.110800 0.112400 0.077100 0.024900 0.127400 0.000000 0.064400 0.057700 0.111900 0.077100 0.097700 0.056900 0.111200 0.070300 0.113100 0.070800 0.057400 0.098300 0.071000 0.071000 0.063700 0.113300 0.098800 0.091200 0.057400 0.083900 0.024900 0.012400
MuntiacusM 0.156900 0.309900 0.071700 0.310600 0.142500 0.156900 0.107200 0.159300 0.065000 0.000000 0.156700 0.127800 0.150300 0.114400 0.135700 0.182600 0.143100 0.165000 0.134700 0.071700 0.143900 0.134400 0.058000 0.051600 0.149200 0.158700 0.135200 0.078600 0.174800 0.065000 0.012500 0.114600 0.128900 0.135200 0.157900 0.113400 0.164800 0.127800 0.175300 0.058200 0.044900 0.158700 0.018800 0.058400 0.121100 0.175800 0.159600 0.136100 0.114000 0.128200 0.078600 0.065000
goat 0.024600 0.338700 0.097100 0.288000 0.082900 0.024600 0.090700 0.098000 0.103900 0.156700 0.000000 0.139500 0.076600 0.097800 0.104300 0.105100 0.139800 0.131900 0.037300 0.097100 0.084100 0.018300 0.140400 0.133200 0.006000 0.111900 0.063200 0.104100 0.112500 0.103900 0.162700 0.070500 0.132200 0.063200 0.069900 0.125100 0.006100 0.069600 0.112500 0.154800 0.126000 0.098000 0.155300 0.155400 0.118300 0.126800 0.098200 0.118400 0.097200 0.111100 0.104100 0.090300
AfricanBuf 0.125100 0.378400 0.077200 0.271600 0.104000 0.125100 0.070900 0.119700 0.083600 0.127800 0.139500 0.000000 0.111700 0.064300 0.097900 0.141800 0.147400 0.139300 0.097300 0.090400 0.105400 0.118000 0.119200 0.112200 0.146800 0.134100 0.097500 0.083600 0.134800 0.083600 0.126700 0.077800 0.147700 0.097500 0.118800 0.050400 0.147400 0.090300 0.142400 0.104900 0.105100 0.119700 0.133800 0.119500 0.043000 0.113400 0.105700 0.112200 0.077400 0.118700 0.083600 0.070500
Topi 0.063300 0.286300 0.084000 0.255000 0.056800 0.063300 0.064100 0.071100 0.090800 0.150300 0.076600 0.111700 0.000000 0.070900 0.077300 0.078000 0.118900 0.111200 0.037500 0.084100 0.057600 0.069900 0.126500 0.119700 0.083300 0.084600 0.012300 0.091000 0.099000 0.090800 0.148900 0.057500 0.118700 0.012300 0.057100 0.084000 0.070100 0.043800 0.092100 0.141100 0.126500 0.084700 0.141600 0.141600 0.091000 0.113100 0.071300 0.077500 0.070600 0.104900 0.091000 0.077200
CommonDuik 0.084000 0.344000 0.051000 0.291600 0.077400 0.084000 0.031500 0.064400 0.057600 0.114400 0.097800 0.064300 0.070900 0.000000 0.057400 0.084900 0.119500 0.111800 0.057300 0.064200 0.051100 0.090900 0.105800 0.099000 0.104800 0.077900 0.057500 0.071000 0.092100 0.057600 0.113400 0.025100 0.105500 0.057500 0.077700 0.051000 0.105100 0.063900 0.085200 0.105900 0.091900 0.077900 0.120400 0.106300 0.044600 0.078400 0.078200 0.057500 0.037900 0.084600 0.071000 0.044400
Suni 0.090500 0.334900 0.070600 0.318000 0.083700 0.090500 0.050700 0.070800 0.077300 0.135700 0.104300 0.097900 0.077300 0.057400 0.000000 0.091500 0.140900 0.132900 0.063700 0.084100 0.057400 0.083600 0.126800 0.119800 0.111300 0.084300 0.063800 0.091000 0.098600 0.077300 0.134500 0.044300 0.126500 0.063800 0.070600 0.084100 0.111700 0.070200 0.091800 0.126800 0.112500 0.070800 0.141700 0.127300 0.077500 0.098700 0.084700 0.077200 0.044000 0.119100 0.091000 0.064000
Springbuck 0.105200 0.337300 0.112800 0.321100 0.098200 0.105200 0.064500 0.051000 0.119800 0.182600 0.105100 0.141800 0.078000 0.084900 0.091500 0.000000 0.134900 0.134100 0.077700 0.112800 0.037900 0.112200 0.157500 0.150300 0.112200 0.044400 0.077800 0.120100 0.057900 0.119800 0.181000 0.057800 0.142000 0.077800 0.098700 0.112800 0.112500 0.084400 0.071300 0.172900 0.157500 0.031500 0.173300 0.173400 0.120200 0.113800 0.064400 0.105400 0.084400 0.127300 0.120100 0.105700
Okapi 0.139900 0.333500 0.118500 0.290000 0.118500 0.139900 0.112300 0.134600 0.125600 0.143100 0.139800 0.147400 0.118900 0.119500 0.140900 0.134900 0.000000 0.044000 0.111400 0.118600 0.119900 0.147200 0.148400 0.126800 0.147100 0.149100 0.111700 0.125800 0.135000 0.125600 0.156500 0.105500 0.090800 0.111700 0.133400 0.132900 0.140300 0.118300 0.157600 0.148400 0.133800 0.134500 0.149000 0.141800 0.140600 0.165000 0.149700 0.155800 0.133400 0.133400 0.125800 0.125800
Giraffe 0.132000 0.350200 0.125000 0.278500 0.110800 0.132000 0.118800 0.112400 0.132100 0.165000 0.131900 0.139300 0.111200 0.111800 0.132900 0.134100 0.044000 0.000000 0.103900 0.125100 0.112100 0.139100 0.170200 0.148100 0.139100 0.140800 0.104100 0.132300 0.141600 0.132100 0.178500 0.097900 0.097300 0.104100 0.125500 0.139500 0.139500 0.110700 0.149200 0.170200 0.155200 0.126500 0.170900 0.171100 0.132600 0.156600 0.141400 0.147600 0.118400 0.140000 0.132300 0.118000
TibetanAnt 0.024700 0.294700 0.070200 0.280900 0.043700 0.024700 0.050700 0.057400 0.076900 0.134700 0.037300 0.097300 0.037500 0.057300 0.063700 0.077700 0.111400 0.103900 0.000000 0.070200 0.044300 0.031000 0.112000 0.105000 0.043700 0.070800 0.024300 0.077000 0.084800 0.076900 0.133500 0.044200 0.104100 0.024300 0.043700 0.083600 0.043900 0.030900 0.078000 0.126000 0.098000 0.070800 0.126400 0.126400 0.077000 0.098500 0.071000 0.077100 0.057000 0.097500 0.077000 0.063600
Sitatunga 0.097200 0.305000 0.024900 0.271100 0.077000 0.097200 0.071000 0.091600 0.018600 0.071700 0.097100 0.090400 0.084100 0.064200 0.084100 0.112800 0.118600 0.125100 0.070200 0.000000 0.077800 0.076700 0.077400 0.057500 0.104000 0.105600 0.070500 0.006100 0.106100 0.018300 0.071000 0.064300 0.118800 0.070500 0.077300 0.062600 0.104400 0.063700 0.106200 0.077500 0.064000 0.091500 0.064300 0.077700 0.070300 0.120500 0.091900 0.098100 0.064000 0.063800 0.006100 0.018600
Oribi 0.070600 0.327000 0.077800 0.310300 0.064000 0.070600 0.044500 0.012400 0.084600 0.143900 0.084100 0.105400 0.057600 0.051100 0.057400 0.037900 0.119900 0.112100 0.044300 0.077800 0.000000 0.077400 0.134700 0.113300 0.091000 0.031400 0.044400 0.084800 0.057700 0.084600 0.142600 0.038000 0.120000 0.044400 0.064300 0.091500 0.091300 0.050800 0.031600 0.134800 0.120200 0.031400 0.135200 0.135300 0.084800 0.092200 0.037900 0.070800 0.050800 0.098600 0.084800 0.071000
BarbaryShe 0.018400 0.329000 0.076700 0.278800 0.076200 0.018400 0.083900 0.091100 0.083300 0.134400 0.018300 0.118000 0.069900 0.090900 0.083600 0.112200 0.147200 0.139100 0.031000 0.076700 0.077400 0.000000 0.118700 0.111700 0.024600 0.104900 0.056700 0.083500 0.119700 0.083300 0.140400 0.077200 0.139400 0.056700 0.063300 0.104000 0.024700 0.063000 0.105500 0.132700 0.104700 0.091100 0.133200 0.133300 0.097300 0.134000 0.091300 0.111300 0.076800 0.118200 0.083500 0.070000
Daviddeer 0.140500 0.305000 0.077400 0.292200 0.147600 0.140500 0.098800 0.149700 0.070600 0.058000 0.140400 0.119200 0.126500 0.105800 0.126800 0.157500 0.148400 0.170200 0.112000 0.077400 0.134700 0.118700 0.000000 0.044400 0.133200 0.149600 0.126200 0.084300 0.165400 0.070600 0.057600 0.106000 0.133800 0.126200 0.148500 0.091100 0.148400 0.133000 0.165700 0.050800 0.012400 0.149600 0.064200 0.051000 0.112300 0.165900 0.135200 0.127100 0.105400 0.112300 0.084300 0.070800
Reindeer 0.133200 0.295900 0.070800 0.282200 0.126300 0.133200 0.092000 0.127900 0.064200 0.051600 0.133200 0.112200 0.119700 0.099000 0.119800 0.150300 0.126800 0.148100 0.105000 0.057500 0.113300 0.111700 0.044400 0.000000 0.126000 0.113600 0.105300 0.064300 0.143100 0.064200 0.051100 0.099100 0.112500 0.105300 0.126900 0.098200 0.141000 0.112000 0.143400 0.031400 0.031500 0.113500 0.044500 0.031500 0.105500 0.158500 0.128200 0.120100 0.098600 0.098600 0.064300 0.064200
Ibex 0.030900 0.348100 0.104000 0.279400 0.089600 0.030900 0.097600 0.104900 0.110800 0.149200 0.006000 0.146800 0.083300 0.104800 0.111300 0.112200 0.147100 0.139100 0.043700 0.104000 0.091000 0.024600 0.133200 0.126000 0.000000 0.104900 0.069800 0.111100 0.119700 0.110800 0.155200 0.077200 0.125000 0.069800 0.076600 0.132300 0.012300 0.076200 0.119700 0.147400 0.118800 0.105000 0.147900 0.148000 0.125400 0.134000 0.105200 0.111300 0.104100 0.118200 0.111100 0.097100
GyrantGaze 0.097900 0.365200 0.105500 0.330500 0.091000 0.097900 0.057700 0.044200 0.112400 0.158700 0.111900 0.134100 0.084600 0.077900 0.084300 0.044400 0.149100 0.140800 0.070800 0.105600 0.031400 0.104900 0.149600 0.113600 0.104900 0.000000 0.070900 0.112800 0.064500 0.112400 0.157400 0.064300 0.134200 0.070900 0.091500 0.119600 0.119500 0.077400 0.064300 0.149600 0.134800 0.024500 0.150000 0.150000 0.112700 0.120600 0.070900 0.084400 0.077400 0.127100 0.112800 0.098500
Hartebeest 0.050200 0.294900 0.070500 0.263100 0.043800 0.050200 0.050800 0.057600 0.077100 0.135200 0.063200 0.097500 0.012300 0.057500 0.063800 0.077800 0.111700 0.104100 0.024300 0.070500 0.044400 0.056700 0.126200 0.105300 0.069800 0.070900 0.000000 0.077300 0.084900 0.077100 0.134000 0.044300 0.104500 0.000000 0.043800 0.083800 0.056800 0.031000 0.078200 0.126400 0.112100 0.070900 0.126800 0.126800 0.077200 0.098800 0.071200 0.063900 0.057200 0.097800 0.077300 0.063800
Bongo 0.104100 0.305100 0.031300 0.262800 0.070300 0.104100 0.077800 0.098700 0.024900 0.078600 0.104100 0.083600 0.091000 0.071000 0.091000 0.120100 0.125800 0.132300 0.077000 0.006100 0.084800 0.083500 0.084300 0.064300 0.111100 0.112800 0.077300 0.000000 0.113400 0.024200 0.077900 0.071100 0.126000 0.077300 0.084100 0.070200 0.111500 0.057100 0.113500 0.070700 0.070800 0.098600 0.071100 0.084600 0.077100 0.113300 0.085000 0.105200 0.070700 0.057200 0.000000 0.025000
Gerenuk 0.112400 0.387200 0.120400 0.333000 0.105500 0.112400 0.057900 0.071100 0.127400 0.174800 0.112500 0.134800 0.099000 0.092100 0.098600 0.057900 0.135000 0.141600 0.084800 0.106100 0.057700 0.119700 0.165400 0.143100 0.119700 0.064500 0.084900 0.113400 0.000000 0.127400 0.173400 0.064600 0.149700 0.084900 0.092000 0.134800 0.120100 0.091500 0.092300 0.165400 0.150200 0.051200 0.165800 0.165800 0.127800 0.121200 0.098900 0.112800 0.091500 0.127800 0.113400 0.113200
CommonElan 0.104000 0.296900 0.018600 0.296200 0.083800 0.104000 0.064300 0.098500 0.000000 0.065000 0.103900 0.083600 0.090800 0.057600 0.077300 0.119800 0.125600 0.132100 0.076900 0.018300 0.084600 0.083300 0.070600 0.064200 0.110800 0.112400 0.077100 0.024200 0.127400 0.000000 0.064400 0.057700 0.111900 0.077100 0.097700 0.056900 0.111200 0.070300 0.113100 0.070800 0.057400 0.098300 0.071000 0.071000 0.063700 0.113300 0.098800 0.091200 0.057400 0.083900 0.024900 0.012400
MuntiacusR 0.162900 0.306300 0.071100 0.308700 0.141100 0.162900 0.106300 0.157800 0.064400 0.012500 0.162700 0.126700 0.148900 0.113400 0.134500 0.181000 0.156500 0.178500 0.133500 0.071000 0.142600 0.140400 0.057600 0.051100 0.155200 0.157400 0.134000 0.077900 0.173400 0.064400 0.000000 0.113600 0.142100 0.134000 0.156400 0.112400 0.170800 0.126500 0.173800 0.057600 0.044500 0.157400 0.006200 0.057900 0.119900 0.174200 0.158100 0.134800 0.112900 0.127100 0.077900 0.064400
HarveysDui 0.070500 0.344600 0.051100 0.291000 0.063900 0.070500 0.018800 0.051100 0.057700 0.114600 0.070500 0.077800 0.057500 0.025100 0.044300 0.057800 0.105500 0.097900 0.044200 0.064300 0.038000 0.077200 0.106000 0.099100 0.077200 0.064300 0.044300 0.071100 0.064600 0.057700 0.113600 0.000000 0.091700 0.044300 0.064200 0.064300 0.077400 0.050700 0.071500 0.106200 0.092000 0.051000 0.120600 0.106400 0.057800 0.051500 0.064600 0.044400 0.025000 0.084700 0.071100 0.044500
Pronghorn 0.132300 0.334500 0.104800 0.287900 0.111300 0.132300 0.112600 0.134600 0.111900 0.128900 0.132200 0.147700 0.118700 0.105500 0.126500 0.142000 0.090800 0.097300 0.104100 0.118800 0.120000 0.139400 0.133800 0.112500 0.125000 0.134200 0.104500 0.126000 0.149700 0.111900 0.142100 0.091700 0.000000 0.104500 0.125900 0.118800 0.139800 0.111200 0.157500 0.119500 0.119600 0.134300 0.149300 0.120100 0.118400 0.150100 0.149800 0.126700 0.119400 0.133500 0.126000 0.111900
BlueWildeb 0.050200 0.294900 0.070500 0.263100 0.043800 0.050200 0.050800 0.057600 0.077100 0.135200 0.063200 0.097500 0.012300 0.057500 0.063800 0.077800 0.111700 0.104100 0.024300 0.070500 0.044400 0.056700 0.126200 0.105300 0.069800 0.070900 0.000000 0.077300 0.084900 0.077100 0.134000 0.044300 0.104500 0.000000 0.043800 0.083800 0.056800 0.031000 0.078200 0.126400 0.112100 0.070900 0.126800 0.126800 0.077200 0.098800 0.071200 0.063900 0.057200 0.097800 0.077300 0.063800
Gemsbok 0.056800 0.323600 0.090900 0.307800 0.063400 0.056800 0.070800 0.077900 0.097700 0.157900 0.069900 0.118800 0.057100 0.077700 0.070600 0.098700 0.133400 0.125500 0.043700 0.077300 0.064300 0.063300 0.148500 0.126900 0.076600 0.091500 0.043800 0.084100 0.092000 0.097700 0.156400 0.064200 0.125900 0.043800 0.000000 0.104700 0.076900 0.050300 0.099100 0.148500 0.133800 0.091600 0.149000 0.149100 0.097900 0.120300 0.091900 0.098000 0.077300 0.104900 0.084100 0.084000
Yak 0.111000 0.340700 0.050600 0.289100 0.104200 0.111000 0.071000 0.105500 0.056900 0.113400 0.125100 0.050400 0.084000 0.051000 0.084100 0.112800 0.132900 0.139500 0.083600 0.062600 0.091500 0.104000 0.091100 0.098200 0.132300 0.119600 0.083800 0.070200 0.134800 0.056900 0.112400 0.064300 0.118800 0.083800 0.104700 0.000000 0.132800 0.090400 0.127700 0.105000 0.091100 0.105400 0.119400 0.105400 0.018300 0.120500 0.091800 0.098200 0.064000 0.097700 0.070500 0.057200
BlueSheep 0.031000 0.330100 0.104500 0.271900 0.089900 0.031000 0.097900 0.105300 0.111200 0.164800 0.006100 0.147400 0.070100 0.105100 0.111700 0.112500 0.140300 0.139500 0.043900 0.104400 0.091300 0.024700 0.148400 0.141000 0.012300 0.119500 0.056800 0.111500 0.120100 0.111200 0.170800 0.077400 0.139800 0.056800 0.076900 0.132800 0.000000 0.076500 0.120200 0.162800 0.133700 0.105400 0.163300 0.169700 0.125900 0.134500 0.105600 0.125900 0.104500 0.118600 0.111500 0.097500
BohorReedb 0.056500 0.277200 0.063700 0.287100 0.012300 0.056500 0.057200 0.064100 0.070300 0.127800 0.069600 0.090300 0.043800 0.063900 0.070200 0.084400 0.118300 0.110700 0.030900 0.063700 0.050800 0.063000 0.133000 0.112000 0.076200 0.077400 0.031000 0.057100 0.091500 0.070300 0.126500 0.050700 0.111200 0.031000 0.050300 0.090400 0.076500 0.000000 0.084700 0.118700 0.118700 0.077400 0.119400 0.133600 0.083800 0.091400 0.064200 0.083800 0.063600 0.090500 0.057100 0.057000
KirksDik 0.105500 0.378500 0.106200 0.352900 0.098600 0.105500 0.078200 0.044400 0.113100 0.175300 0.112500 0.142400 0.092100 0.085200 0.091800 0.071300 0.157600 0.149200 0.078000 0.106200 0.031600 0.105500 0.165700 0.143400 0.119700 0.064300 0.078200 0.113500 0.092300 0.113100 0.173800 0.071500 0.157500 0.078200 0.099100 0.127700 0.120200 0.084700 0.000000 0.165800 0.150600 0.064300 0.166200 0.166200 0.120700 0.128700 0.064600 0.105800 0.084800 0.127900 0.113500 0.099100
RoeDeer 0.154800 0.295500 0.077500 0.272700 0.133000 0.154800 0.098800 0.149800 0.070800 0.058200 0.154800 0.104900 0.141100 0.105900 0.126800 0.172900 0.148400 0.170200 0.126000 0.077500 0.134800 0.132700 0.050800 0.031400 0.147400 0.149600 0.126400 0.070700 0.165400 0.070800 0.057600 0.106200 0.119500 0.126400 0.148500 0.105000 0.162800 0.118700 0.165800 0.000000 0.037900 0.149600 0.064200 0.037900 0.112400 0.135800 0.135100 0.112900 0.105500 0.105200 0.070700 0.070800
WhiteLippe 0.126000 0.305500 0.064000 0.291600 0.133100 0.126000 0.085000 0.134900 0.057400 0.044900 0.126000 0.105100 0.126500 0.091900 0.112500 0.157500 0.133800 0.155200 0.098000 0.064000 0.120200 0.104700 0.012400 0.031500 0.118800 0.134800 0.112100 0.070800 0.150200 0.057400 0.044500 0.092000 0.119600 0.112100 0.133800 0.091100 0.133700 0.118700 0.150600 0.037900 0.000000 0.134800 0.051000 0.038000 0.098300 0.150800 0.135200 0.112800 0.091500 0.105300 0.070800 0.057500
ThomsonGaz 0.098000 0.365300 0.091500 0.311700 0.091100 0.098000 0.057700 0.044200 0.098300 0.158700 0.098000 0.119700 0.084700 0.077900 0.070800 0.031500 0.134500 0.126500 0.070800 0.091500 0.031400 0.091100 0.149600 0.113500 0.105000 0.024500 0.070900 0.098600 0.051200 0.098300 0.157400 0.051000 0.134300 0.070900 0.091600 0.105400 0.105400 0.077400 0.064300 0.149600 0.134800 0.000000 0.150000 0.150100 0.098600 0.106300 0.071000 0.098200 0.064000 0.127100 0.098600 0.084600
MuntiacusC 0.155400 0.297200 0.077700 0.299900 0.133800 0.155400 0.113200 0.150200 0.071000 0.018800 0.155300 0.133800 0.141600 0.120400 0.141700 0.173300 0.149000 0.170900 0.126400 0.064300 0.135200 0.133200 0.064200 0.044500 0.147900 0.150000 0.126800 0.071100 0.165800 0.071000 0.006200 0.120600 0.149300 0.126800 0.149000 0.119400 0.163300 0.119400 0.166200 0.064200 0.051000 0.150000 0.000000 0.064500 0.127000 0.181800 0.150500 0.142100 0.119900 0.119900 0.071100 0.071100
WhiteTaile 0.155600 0.323800 0.077800 0.299600 0.148300 0.155600 0.099200 0.150300 0.071000 0.058400 0.155400 0.119500 0.141600 0.106300 0.127300 0.173400 0.141800 0.171100 0.126400 0.077700 0.135300 0.133300 0.051000 0.031500 0.148000 0.150000 0.126800 0.084600 0.165800 0.071000 0.057900 0.106400 0.120100 0.126800 0.149100 0.105400 0.169700 0.133600 0.166200 0.037900 0.038000 0.150100 0.064500 0.000000 0.112800 0.166600 0.150500 0.127600 0.105800 0.119900 0.084600 0.071100
Cattle 0.104300 0.371000 0.057300 0.298600 0.097500 0.104300 0.064400 0.098700 0.063700 0.121100 0.118300 0.043000 0.091000 0.044600 0.077500 0.120200 0.140600 0.132600 0.077000 0.070300 0.084800 0.097300 0.112300 0.105500 0.125400 0.112700 0.077200 0.077100 0.127800 0.063700 0.119900 0.057800 0.118400 0.077200 0.097900 0.018300 0.125900 0.083800 0.120700 0.112400 0.098300 0.098600 0.127000 0.112800 0.000000 0.113600 0.099000 0.091400 0.057500 0.112000 0.077100 0.050700
RoyalAntel 0.126800 0.357200 0.106300 0.331200 0.105300 0.126800 0.071500 0.106400 0.113300 0.175800 0.126800 0.113400 0.113100 0.078400 0.098700 0.113800 0.165000 0.156600 0.098500 0.120500 0.092200 0.134000 0.165900 0.158500 0.134000 0.120600 0.098800 0.113300 0.121200 0.113300 0.174200 0.051500 0.150100 0.098800 0.120300 0.120500 0.134500 0.091400 0.128700 0.135800 0.150800 0.106300 0.181800 0.166600 0.113600 0.000000 0.106600 0.085100 0.078000 0.127800 0.113300 0.099200
Steenbok 0.098200 0.338400 0.091900 0.293100 0.077700 0.098200 0.071300 0.051000 0.098800 0.159600 0.098200 0.105700 0.071300 0.078200 0.084700 0.064400 0.149700 0.141400 0.071000 0.091900 0.037900 0.091300 0.135200 0.128200 0.105200 0.070900 0.071200 0.085000 0.098900 0.098800 0.158100 0.064600 0.149800 0.071200 0.091900 0.091800 0.105600 0.064200 0.064600 0.135100 0.135200 0.071000 0.150500 0.150500 0.099000 0.106600 0.000000 0.098500 0.077800 0.091900 0.085000 0.085000
Impala 0.104300 0.372800 0.084400 0.289000 0.097500 0.104300 0.050800 0.084400 0.091200 0.136100 0.118400 0.112200 0.077500 0.057500 0.077200 0.105400 0.155800 0.147600 0.077100 0.098100 0.070800 0.111300 0.127100 0.120100 0.111300 0.084400 0.063900 0.105200 0.112800 0.091200 0.134800 0.044400 0.126700 0.063900 0.098000 0.098200 0.125900 0.083800 0.105800 0.112900 0.112800 0.098200 0.142100 0.127600 0.091400 0.085100 0.098500 0.000000 0.057200 0.119400 0.105200 0.077600
Klipspring 0.083600 0.361400 0.050800 0.307400 0.077000 0.083600 0.031400 0.057500 0.057400 0.114000 0.097200 0.077400 0.070600 0.037900 0.044000 0.084400 0.133400 0.118400 0.057000 0.064000 0.050800 0.076800 0.105400 0.098600 0.104100 0.077400 0.057200 0.070700 0.091500 0.057400 0.112900 0.025000 0.119400 0.057200 0.077300 0.064000 0.104500 0.063600 0.084800 0.105500 0.091500 0.064000 0.119900 0.105800 0.057500 0.078000 0.077800 0.057200 0.000000 0.098100 0.070700 0.044300
ForestMusk 0.125300 0.343000 0.077200 0.281200 0.104300 0.125300 0.091500 0.112800 0.083900 0.128200 0.111100 0.118700 0.104900 0.084600 0.119100 0.127300 0.133400 0.140000 0.097500 0.063800 0.098600 0.118200 0.112300 0.098600 0.118200 0.127100 0.097800 0.057200 0.127800 0.083900 0.127100 0.084700 0.133500 0.097800 0.104900 0.097700 0.118600 0.090500 0.127900 0.105200 0.105300 0.127100 0.119900 0.119900 0.112000 0.127800 0.091900 0.119400 0.098100 0.000000 0.057200 0.084100
Bushbuck 0.104100 0.305100 0.031300 0.262800 0.070300 0.104100 0.077800 0.098700 0.024900 0.078600 0.104100 0.083600 0.091000 0.071000 0.091000 0.120100 0.125800 0.132300 0.077000 0.006100 0.084800 0.083500 0.084300 0.064300 0.111100 0.112800 0.077300 0.000000 0.113400 0.024900 0.077900 0.071100 0.126000 0.077300 0.084100 0.070500 0.111500 0.057100 0.113500 0.070700 0.070800 0.098600 0.071100 0.084600 0.077100 0.113300 0.085000 0.105200 0.070700 0.057200 0.000000 0.025000
GreaterKud 0.090300 0.314200 0.018600 0.279700 0.070300 0.090300 0.051000 0.084700 0.012400 0.065000 0.090300 0.070500 0.077200 0.044400 0.064000 0.105700 0.125800 0.118000 0.063600 0.018600 0.071000 0.070000 0.070800 0.064200 0.097100 0.098500 0.063800 0.025000 0.113200 0.012400 0.064400 0.044500 0.111900 0.063800 0.084000 0.057200 0.097500 0.057000 0.099100 0.070800 0.057500 0.084600 0.071100 0.071100 0.050700 0.099200 0.085000 0.077600 0.044300 0.084100 0.025000 0.000000
