CODONML (in paml version 4.10.7, June 2023)  /home/rachel/ruminants_paml/6406-phy-tree/ENSBTAT00000016423.fasta.phy
Model: free dN/dS Ratios for branches,  kappa = 2.000 fixed

Codon frequency model: F3x4
ns =  54  ls =  61

Codon usage in sequences
--------------------------------------------------------------------------------------------------------------------------------------
Phe TTT   1   0   1   1   1   1 | Ser TCT   1   0   0   0   0   0 | Tyr TAT   0   0   1   0   0   0 | Cys TGT   1   2   1   3   1   2
    TTC   1   2   1   1   1   1 |     TCC   2   3   3   3   3   3 |     TAC   0   0   0   0   0   0 |     TGC   2   1   0   0   2   1
Leu TTA   0   0   0   0   0   0 |     TCA   0   0   0   0   0   0 | *** TAA   0   0   0   0   0   0 | *** TGA   0   0   0   0   0   0
    TTG   1   2   1   1   2   1 |     TCG   0   0   0   0   0   0 |     TAG   0   0   0   0   0   0 | Trp TGG   0   0   0   0   0   0
--------------------------------------------------------------------------------------------------------------------------------------
Leu CTT   0   0   0   0   0   0 | Pro CCT   0   1   0   1   0   0 | His CAT   0   0   0   0   0   0 | Arg CGT   0   0   0   0   0   0
    CTC   1   1   1   1   1   1 |     CCC   3   2   2   1   2   2 |     CAC   0   0   0   0   0   0 |     CGC   0   0   0   0   0   0
    CTA   0   0   0   0   0   0 |     CCA   0   1   1   1   0   0 | Gln CAA   0   0   0   0   0   0 |     CGA   0   0   0   0   0   0
    CTG   3   2   3   3   1   3 |     CCG   2   1   2   2   3   3 |     CAG   0   0   0   0   0   0 |     CGG   0   0   0   0   0   0
--------------------------------------------------------------------------------------------------------------------------------------
Ile ATT   1   1   1   2   1   1 | Thr ACT   1   1   0   0   0   1 | Asn AAT   0   0   1   1   0   0 | Ser AGT   1   1   1   1   1   1
    ATC   2   2   2   1   2   3 |     ACC   1   1   2   2   2   1 |     AAC   2   2   1   1   2   2 |     AGC   1   1   2   1   1   1
    ATA   1   0   1   1   0   0 |     ACA   1   0   0   0   0   0 | Lys AAA   0   0   0   0   0   0 | Arg AGA   2   2   2   2   2   2
Met ATG   3   3   3   4   4   4 |     ACG   0   1   1   0   1   0 |     AAG   2   2   2   2   2   2 |     AGG   0   0   0   0   0   0
--------------------------------------------------------------------------------------------------------------------------------------
Val GTT   1   1   1   1   1   1 | Ala GCT   1   0   1   2   1   1 | Asp GAT   0   0   0   0   0   0 | Gly GGT   0   1   0   0   0   0
    GTC   2   3   2   2   3   2 |     GCC   5   6   5   4   5   6 |     GAC   2   2   2   2   2   2 |     GGC   2   1   2   2   2   2
    GTA   0   0   0   0   0   0 |     GCA   4   1   4   4   1   0 | Glu GAA   0   0   0   0   0   0 |     GGA   0   0   1   1   0   0
    GTG   5   5   5   5   5   5 |     GCG   0   3   0   0   2   2 |     GAG   0   0   0   0   0   0 |     GGG   3   3   2   2   4   4
--------------------------------------------------------------------------------------------------------------------------------------

--------------------------------------------------------------------------------------------------------------------------------------
Phe TTT   1   1   1   1   1   1 | Ser TCT   1   1   1   1   0   0 | Tyr TAT   0   0   0   0   0   0 | Cys TGT   2   1   2   2   3   3
    TTC   1   1   1   1   1   1 |     TCC   2   2   2   2   3   3 |     TAC   0   0   0   0   0   0 |     TGC   1   2   1   1   0   0
Leu TTA   0   0   0   0   0   0 |     TCA   0   0   0   0   0   0 | *** TAA   0   0   0   0   0   0 | *** TGA   0   0   0   0   0   0
    TTG   1   1   1   1   1   1 |     TCG   0   0   0   0   0   0 |     TAG   0   0   0   0   0   0 | Trp TGG   0   0   0   0   0   0
--------------------------------------------------------------------------------------------------------------------------------------
Leu CTT   0   0   0   0   0   0 | Pro CCT   1   0   0   1   0   0 | His CAT   0   0   0   0   0   0 | Arg CGT   0   0   0   0   0   0
    CTC   1   1   1   1   1   1 |     CCC   1   3   2   1   2   2 |     CAC   0   0   0   0   0   0 |     CGC   0   0   0   0   0   0
    CTA   0   0   0   0   0   0 |     CCA   1   0   1   1   1   1 | Gln CAA   0   0   0   0   0   0 |     CGA   0   0   0   0   0   0
    CTG   3   3   3   3   3   3 |     CCG   2   2   2   2   2   2 |     CAG   0   0   0   0   0   0 |     CGG   0   0   0   0   0   0
--------------------------------------------------------------------------------------------------------------------------------------
Ile ATT   1   1   1   1   1   0 | Thr ACT   1   1   1   1   0   1 | Asn AAT   1   0   1   1   1   0 | Ser AGT   1   1   1   1   0   2
    ATC   2   2   2   1   3   2 |     ACC   1   1   1   1   1   2 |     AAC   1   2   1   1   1   1 |     AGC   1   1   1   1   2   2
    ATA   1   1   1   1   1   0 |     ACA   1   1   1   0   0   1 | Lys AAA   0   0   0   0   0   0 | Arg AGA   2   2   2   2   2   2
Met ATG   3   3   3   3   3   3 |     ACG   1   0   0   1   1   1 |     AAG   2   2   2   2   2   1 |     AGG   0   0   0   0   0   0
--------------------------------------------------------------------------------------------------------------------------------------
Val GTT   1   1   1   1   1   1 | Ala GCT   2   1   1   1   1   1 | Asp GAT   0   0   0   0   0   0 | Gly GGT   0   0   0   0   0   1
    GTC   2   2   2   2   2   2 |     GCC   4   5   5   5   5   5 |     GAC   2   2   2   2   2   2 |     GGC   2   2   2   2   2   1
    GTA   0   0   0   0   0   0 |     GCA   3   4   4   4   4   3 | Glu GAA   0   0   0   0   0   0 |     GGA   0   0   0   0   0   0
    GTG   5   5   5   6   5   4 |     GCG   0   0   0   0   0   2 |     GAG   0   0   0   0   0   0 |     GGG   3   3   3   3   3   3
--------------------------------------------------------------------------------------------------------------------------------------

--------------------------------------------------------------------------------------------------------------------------------------
Phe TTT   1   1   1   1   1   1 | Ser TCT   1   0   1   1   1   0 | Tyr TAT   0   0   0   0   0   0 | Cys TGT   1   3   2   2   3   2
    TTC   1   1   1   1   1   1 |     TCC   2   3   2   2   2   3 |     TAC   0   0   0   0   0   0 |     TGC   2   0   1   1   0   1
Leu TTA   0   0   0   0   0   0 |     TCA   0   0   0   0   0   0 | *** TAA   0   0   0   0   0   0 | *** TGA   0   0   0   0   0   0
    TTG   1   1   0   1   1   1 |     TCG   0   0   0   0   0   0 |     TAG   0   0   0   0   0   0 | Trp TGG   0   0   0   0   0   0
--------------------------------------------------------------------------------------------------------------------------------------
Leu CTT   0   0   0   0   0   0 | Pro CCT   0   0   0   0   1   0 | His CAT   0   0   0   0   0   0 | Arg CGT   0   0   0   0   0   0
    CTC   1   1   1   1   1   1 |     CCC   3   2   2   2   1   2 |     CAC   0   0   0   0   0   0 |     CGC   0   0   0   0   0   0
    CTA   0   0   0   0   0   0 |     CCA   0   1   1   1   1   1 | Gln CAA   0   0   0   0   0   0 |     CGA   0   0   0   0   0   0
    CTG   3   3   4   3   3   3 |     CCG   2   2   2   2   2   2 |     CAG   0   0   0   0   0   0 |     CGG   0   0   0   0   0   0
--------------------------------------------------------------------------------------------------------------------------------------
Ile ATT   1   1   1   1   0   1 | Thr ACT   1   0   1   1   0   1 | Asn AAT   1   1   1   1   1   1 | Ser AGT   1   1   1   1   1   1
    ATC   2   2   2   2   3   1 |     ACC   1   2   1   1   2   1 |     AAC   1   1   1   1   1   1 |     AGC   1   1   1   1   1   1
    ATA   1   1   1   1   1   1 |     ACA   1   0   1   1   0   0 | Lys AAA   0   0   0   0   0   0 | Arg AGA   2   2   2   2   2   2
Met ATG   3   3   3   3   3   3 |     ACG   0   1   0   0   1   1 |     AAG   2   2   2   2   2   2 |     AGG   0   0   0   0   0   0
--------------------------------------------------------------------------------------------------------------------------------------
Val GTT   1   1   1   1   1   1 | Ala GCT   1   1   3   1   2   1 | Asp GAT   0   0   0   0   0   0 | Gly GGT   0   0   0   0   0   0
    GTC   2   2   2   2   2   2 |     GCC   5   5   4   5   4   5 |     GAC   2   2   2   2   2   2 |     GGC   2   2   2   2   2   2
    GTA   0   0   0   0   0   0 |     GCA   4   4   3   4   4   4 | Glu GAA   0   0   0   0   0   0 |     GGA   0   0   0   0   0   0
    GTG   5   5   5   5   5   6 |     GCG   0   0   0   0   0   0 |     GAG   0   0   0   0   0   0 |     GGG   3   3   3   3   3   3
--------------------------------------------------------------------------------------------------------------------------------------

--------------------------------------------------------------------------------------------------------------------------------------
Phe TTT   1   1   1   1   1   1 | Ser TCT   0   0   1   0   0   1 | Tyr TAT   0   0   0   0   0   0 | Cys TGT   3   3   2   3   2   1
    TTC   1   1   1   1   1   1 |     TCC   3   3   2   3   3   2 |     TAC   0   0   0   0   0   0 |     TGC   0   0   1   0   1   2
Leu TTA   0   0   0   0   0   0 |     TCA   0   0   0   0   0   0 | *** TAA   0   0   0   0   0   0 | *** TGA   0   0   0   0   0   0
    TTG   1   1   1   1   1   1 |     TCG   0   0   0   0   0   0 |     TAG   0   0   0   0   0   0 | Trp TGG   0   0   0   0   0   0
--------------------------------------------------------------------------------------------------------------------------------------
Leu CTT   0   0   0   0   0   0 | Pro CCT   0   1   0   0   0   0 | His CAT   0   0   0   0   0   0 | Arg CGT   0   0   0   0   0   0
    CTC   1   1   1   1   1   1 |     CCC   2   1   2   2   2   3 |     CAC   0   0   0   0   0   0 |     CGC   0   0   0   0   0   0
    CTA   0   0   0   0   0   0 |     CCA   2   2   2   2   1   0 | Gln CAA   0   0   0   0   0   0 |     CGA   0   0   0   0   0   0
    CTG   3   3   3   3   3   3 |     CCG   1   1   1   1   2   2 |     CAG   0   0   0   0   0   0 |     CGG   0   0   0   0   0   0
--------------------------------------------------------------------------------------------------------------------------------------
Ile ATT   1   1   1   1   1   1 | Thr ACT   0   0   1   0   1   1 | Asn AAT   1   1   1   1   1   1 | Ser AGT   1   1   1   0   1   1
    ATC   2   2   2   2   2   2 |     ACC   1   1   1   2   1   1 |     AAC   1   1   1   1   1   1 |     AGC   1   1   1   2   1   1
    ATA   1   1   1   1   1   1 |     ACA   0   1   1   0   0   1 | Lys AAA   0   0   0   0   0   0 | Arg AGA   2   2   2   2   2   2
Met ATG   3   3   3   3   3   3 |     ACG   2   1   0   1   1   0 |     AAG   2   2   2   2   2   2 |     AGG   0   0   0   0   0   0
--------------------------------------------------------------------------------------------------------------------------------------
Val GTT   1   1   1   1   1   1 | Ala GCT   1   1   1   1   1   1 | Asp GAT   0   0   0   0   0   0 | Gly GGT   0   0   0   0   0   0
    GTC   2   2   2   2   1   2 |     GCC   5   5   5   5   5   5 |     GAC   2   2   2   2   2   2 |     GGC   2   2   2   2   2   2
    GTA   0   0   0   0   0   0 |     GCA   4   4   4   4   4   4 | Glu GAA   0   0   0   0   0   0 |     GGA   0   0   0   0   0   0
    GTG   5   5   5   5   6   5 |     GCG   0   0   0   0   0   0 |     GAG   0   0   0   0   0   0 |     GGG   3   3   3   3   3   3
--------------------------------------------------------------------------------------------------------------------------------------

--------------------------------------------------------------------------------------------------------------------------------------
Phe TTT   1   1   1   1   1   1 | Ser TCT   0   0   1   0   1   0 | Tyr TAT   0   0   0   0   0   0 | Cys TGT   2   3   1   2   2   3
    TTC   1   1   1   1   1   1 |     TCC   3   3   2   3   2   3 |     TAC   0   0   0   0   0   0 |     TGC   0   0   2   1   1   0
Leu TTA   0   0   0   0   0   0 |     TCA   1   0   0   0   0   0 | *** TAA   0   0   0   0   0   0 | *** TGA   0   0   0   0   0   0
    TTG   1   1   1   1   1   1 |     TCG   0   0   0   0   0   0 |     TAG   0   0   0   0   0   0 | Trp TGG   0   0   0   0   0   0
--------------------------------------------------------------------------------------------------------------------------------------
Leu CTT   0   0   0   0   0   0 | Pro CCT   0   0   0   0   0   0 | His CAT   0   0   0   0   0   0 | Arg CGT   1   0   0   0   0   0
    CTC   1   1   1   1   1   1 |     CCC   3   2   3   2   2   2 |     CAC   0   0   0   0   0   0 |     CGC   0   0   0   0   0   0
    CTA   0   0   0   0   0   0 |     CCA   1   2   0   1   1   1 | Gln CAA   0   0   0   0   0   0 |     CGA   0   0   0   0   0   0
    CTG   3   3   3   3   3   3 |     CCG   1   1   2   2   2   2 |     CAG   0   0   0   0   0   0 |     CGG   0   0   0   0   0   0
--------------------------------------------------------------------------------------------------------------------------------------
Ile ATT   0   1   1   1   1   1 | Thr ACT   1   0   1   1   1   0 | Asn AAT   1   1   1   1   1   1 | Ser AGT   1   1   1   1   1   0
    ATC   2   2   2   1   2   2 |     ACC   2   2   1   1   1   2 |     AAC   1   1   1   1   1   1 |     AGC   1   1   1   1   1   2
    ATA   0   0   1   1   1   1 |     ACA   0   0   1   0   1   0 | Lys AAA   0   0   0   0   0   0 | Arg AGA   3   3   2   2   2   2
Met ATG   3   4   3   3   3   3 |     ACG   1   1   0   1   0   1 |     AAG   1   1   2   2   2   2 |     AGG   1   0   0   0   0   0
--------------------------------------------------------------------------------------------------------------------------------------
Val GTT   1   1   1   1   1   1 | Ala GCT   1   1   1   1   3   1 | Asp GAT   0   0   0   0   0   0 | Gly GGT   1   1   0   0   0   0
    GTC   2   2   2   2   2   2 |     GCC   5   5   5   5   4   5 |     GAC   2   2   2   2   2   2 |     GGC   1   1   2   2   2   2
    GTA   0   0   0   0   0   0 |     GCA   2   2   4   4   3   4 | Glu GAA   0   0   0   0   0   0 |     GGA   0   0   0   0   0   0
    GTG   4   4   5   6   5   5 |     GCG   2   3   0   0   0   0 |     GAG   0   0   0   0   0   0 |     GGG   3   3   3   3   3   3
--------------------------------------------------------------------------------------------------------------------------------------

--------------------------------------------------------------------------------------------------------------------------------------
Phe TTT   1   1   1   1   1   1 | Ser TCT   0   0   0   1   0   1 | Tyr TAT   0   0   0   0   0   0 | Cys TGT   2   3   3   2   3   2
    TTC   1   1   1   1   1   1 |     TCC   3   3   3   2   3   2 |     TAC   0   0   0   0   0   0 |     TGC   1   0   0   1   0   1
Leu TTA   0   0   0   0   0   0 |     TCA   0   0   0   0   0   0 | *** TAA   0   0   0   0   0   0 | *** TGA   0   0   0   0   0   0
    TTG   1   1   1   1   1   1 |     TCG   0   0   0   0   0   0 |     TAG   0   0   0   0   0   0 | Trp TGG   0   0   0   0   0   0
--------------------------------------------------------------------------------------------------------------------------------------
Leu CTT   0   0   0   0   0   0 | Pro CCT   1   0   0   0   1   0 | His CAT   0   0   0   0   0   0 | Arg CGT   0   0   0   0   0   0
    CTC   1   1   1   1   1   1 |     CCC   1   2   2   2   1   2 |     CAC   0   0   0   0   0   0 |     CGC   0   0   0   0   0   0
    CTA   0   0   0   0   0   0 |     CCA   1   1   1   1   2   1 | Gln CAA   0   0   0   0   0   0 |     CGA   0   0   1   0   0   0
    CTG   3   3   2   3   3   3 |     CCG   2   2   2   2   1   2 |     CAG   0   0   0   0   0   0 |     CGG   0   0   0   0   0   0
--------------------------------------------------------------------------------------------------------------------------------------
Ile ATT   1   1   0   2   1   1 | Thr ACT   1   0   1   1   0   1 | Asn AAT   1   1   0   1   2   1 | Ser AGT   1   0   2   1   1   1
    ATC   1   2   2   1   2   2 |     ACC   1   2   2   1   1   1 |     AAC   1   1   1   1   0   1 |     AGC   1   2   3   1   1   1
    ATA   1   1   0   1   1   1 |     ACA   0   0   0   1   0   1 | Lys AAA   0   0   0   0   0   0 | Arg AGA   2   2   1   2   2   2
Met ATG   3   3   4   3   3   3 |     ACG   1   1   2   0   2   0 |     AAG   2   2   1   2   2   2 |     AGG   0   0   0   0   0   0
--------------------------------------------------------------------------------------------------------------------------------------
Val GTT   1   1   1   1   1   1 | Ala GCT   1   1   1   1   3   3 | Asp GAT   0   0   0   0   0   0 | Gly GGT   0   0   1   0   0   0
    GTC   2   2   2   2   2   2 |     GCC   5   5   5   5   3   4 |     GAC   2   2   2   2   2   2 |     GGC   2   2   1   2   2   2
    GTA   0   0   0   0   0   0 |     GCA   4   4   2   4   4   3 | Glu GAA   0   0   0   0   0   0 |     GGA   0   0   0   0   0   0
    GTG   6   5   4   5   5   5 |     GCG   0   0   2   0   0   0 |     GAG   0   0   0   0   0   0 |     GGG   3   3   3   3   3   3
--------------------------------------------------------------------------------------------------------------------------------------

--------------------------------------------------------------------------------------------------------------------------------------
Phe TTT   1   1   1   1   1   1 | Ser TCT   1   0   1   1   1   0 | Tyr TAT   0   0   0   0   0   0 | Cys TGT   2   3   1   1   2   3
    TTC   1   1   1   1   1   1 |     TCC   2   3   2   2   2   3 |     TAC   0   0   0   0   0   0 |     TGC   1   0   2   2   1   0
Leu TTA   0   0   0   0   0   0 |     TCA   0   0   0   0   0   0 | *** TAA   0   0   0   0   0   0 | *** TGA   0   0   0   0   0   0
    TTG   1   1   1   0   1   1 |     TCG   0   0   0   0   0   0 |     TAG   0   0   0   0   0   0 | Trp TGG   0   0   0   0   0   0
--------------------------------------------------------------------------------------------------------------------------------------
Leu CTT   0   0   0   0   0   0 | Pro CCT   1   0   0   1   1   0 | His CAT   0   0   0   0   0   0 | Arg CGT   0   0   0   0   0   0
    CTC   1   0   1   1   1   1 |     CCC   1   2   3   1   1   2 |     CAC   0   0   0   0   0   0 |     CGC   0   0   0   0   0   0
    CTA   0   0   0   0   0   0 |     CCA   1   2   1   1   1   1 | Gln CAA   0   0   0   0   0   0 |     CGA   0   0   0   0   0   0
    CTG   3   3   3   3   3   3 |     CCG   2   1   1   3   2   2 |     CAG   0   0   0   0   0   0 |     CGG   0   0   0   0   0   0
--------------------------------------------------------------------------------------------------------------------------------------
Ile ATT   1   1   1   1   1   0 | Thr ACT   1   0   1   1   1   1 | Asn AAT   1   1   1   1   1   1 | Ser AGT   1   1   1   1   1   1
    ATC   2   2   2   1   1   2 |     ACC   1   2   1   1   1   2 |     AAC   1   1   1   1   1   1 |     AGC   1   1   1   1   1   1
    ATA   1   1   1   1   1   0 |     ACA   1   0   1   1   1   0 | Lys AAA   0   0   0   0   0   0 | Arg AGA   2   2   2   2   2   3
Met ATG   3   3   3   3   3   5 |     ACG   0   1   0   1   0   0 |     AAG   2   2   2   2   2   1 |     AGG   0   0   0   0   0   1
--------------------------------------------------------------------------------------------------------------------------------------
Val GTT   2   1   1   1   1   1 | Ala GCT   2   1   1   1   1   1 | Asp GAT   0   0   0   0   0   0 | Gly GGT   1   0   0   1   0   1
    GTC   1   3   2   3   2   2 |     GCC   4   5   5   5   5   5 |     GAC   2   2   2   2   2   2 |     GGC   1   2   2   2   2   1
    GTA   0   0   0   0   0   0 |     GCA   4   4   4   2   4   3 | Glu GAA   0   0   0   0   0   0 |     GGA   0   0   0   0   0   0
    GTG   5   5   5   5   6   3 |     GCG   0   0   0   1   0   2 |     GAG   0   0   0   0   0   0 |     GGG   3   3   3   2   3   3
--------------------------------------------------------------------------------------------------------------------------------------

--------------------------------------------------------------------------------------------------------------------------------------
Phe TTT   1   1   1   1   1   1 | Ser TCT   0   0   0   0   0   0 | Tyr TAT   0   0   0   1   0   0 | Cys TGT   2   2   3   2   3   3
    TTC   1   1   1   1   1   1 |     TCC   3   3   3   3   3   3 |     TAC   0   0   0   0   0   0 |     TGC   0   1   0   0   0   0
Leu TTA   0   0   0   0   0   0 |     TCA   0   0   0   0   0   0 | *** TAA   0   0   0   0   0   0 | *** TGA   0   0   0   0   0   0
    TTG   1   1   1   1   1   1 |     TCG   0   0   0   0   0   0 |     TAG   0   0   0   0   0   0 | Trp TGG   0   0   0   0   0   0
--------------------------------------------------------------------------------------------------------------------------------------
Leu CTT   0   0   0   0   0   0 | Pro CCT   0   0   0   0   0   1 | His CAT   0   0   0   0   0   0 | Arg CGT   1   0   0   0   0   0
    CTC   1   1   1   1   0   1 |     CCC   3   2   2   2   2   1 |     CAC   0   0   0   0   0   0 |     CGC   0   0   0   0   0   0
    CTA   0   0   0   0   0   0 |     CCA   1   1   1   2   1   1 | Gln CAA   0   0   0   0   0   0 |     CGA   0   0   0   0   0   0
    CTG   3   3   3   3   3   3 |     CCG   1   2   2   1   2   2 |     CAG   0   0   0   0   0   0 |     CGG   0   0   0   0   0   0
--------------------------------------------------------------------------------------------------------------------------------------
Ile ATT   0   1   0   1   1   1 | Thr ACT   1   1   1   0   0   1 | Asn AAT   1   1   0   1   1   1 | Ser AGT   1   1   2   1   1   1
    ATC   2   1   2   3   2   2 |     ACC   1   1   2   1   2   1 |     AAC   1   1   1   1   1   1 |     AGC   1   1   2   1   1   1
    ATA   0   1   0   0   1   1 |     ACA   0   0   0   0   0   1 | Lys AAA   0   0   0   0   0   0 | Arg AGA   3   2   2   3   2   2
Met ATG   3   3   3   3   4   3 |     ACG   1   1   2   2   0   0 |     AAG   1   2   1   1   2   2 |     AGG   1   0   0   0   0   0
--------------------------------------------------------------------------------------------------------------------------------------
Val GTT   1   1   1   1   1   1 | Ala GCT   1   1   1   1   1   2 | Asp GAT   0   0   0   0   0   0 | Gly GGT   1   0   1   1   0   0
    GTC   1   2   2   2   3   2 |     GCC   6   5   5   5   5   4 |     GAC   2   2   2   2   2   2 |     GGC   1   2   1   1   2   2
    GTA   0   0   0   0   0   0 |     GCA   3   4   3   2   4   4 | Glu GAA   0   0   0   0   0   0 |     GGA   0   0   0   0   0   0
    GTG   5   6   4   4   5   5 |     GCG   2   0   2   3   0   0 |     GAG   0   0   0   0   0   0 |     GGG   3   3   3   3   3   3
--------------------------------------------------------------------------------------------------------------------------------------

--------------------------------------------------------------------------------------------------------------------------------------
Phe TTT   1   1   1   1   1   1 | Ser TCT   0   0   0   0   0   0 | Tyr TAT   0   0   0   0   0   0 | Cys TGT   2   2   3   3   3   3
    TTC   1   1   1   1   1   1 |     TCC   3   3   3   3   3   3 |     TAC   0   0   0   0   0   0 |     TGC   1   1   0   0   0   0
Leu TTA   0   0   0   0   0   0 |     TCA   0   0   0   0   0   0 | *** TAA   0   0   0   0   0   0 | *** TGA   0   0   0   0   0   0
    TTG   1   1   1   1   1   1 |     TCG   0   0   0   0   0   0 |     TAG   0   0   0   0   0   0 | Trp TGG   0   0   0   0   0   0
--------------------------------------------------------------------------------------------------------------------------------------
Leu CTT   0   0   0   0   0   0 | Pro CCT   1   0   0   1   0   0 | His CAT   0   0   0   0   0   0 | Arg CGT   0   0   0   0   0   0
    CTC   1   1   1   1   1   1 |     CCC   1   2   2   1   2   2 |     CAC   0   0   0   0   0   0 |     CGC   0   0   0   0   0   0
    CTA   0   0   0   0   0   0 |     CCA   1   1   2   1   1   1 | Gln CAA   0   0   0   0   0   0 |     CGA   0   0   0   0   0   0
    CTG   3   3   3   3   3   3 |     CCG   2   2   1   2   2   2 |     CAG   0   0   0   0   0   0 |     CGG   0   0   0   0   0   0
--------------------------------------------------------------------------------------------------------------------------------------
Ile ATT   1   0   1   2   2   1 | Thr ACT   1   0   1   0   0   0 | Asn AAT   1   1   1   1   1   1 | Ser AGT   1   1   1   1   0   0
    ATC   1   3   2   1   2   2 |     ACC   1   2   1   2   2   2 |     AAC   1   1   1   1   1   1 |     AGC   1   1   1   1   2   2
    ATA   1   1   1   1   1   1 |     ACA   0   0   0   0   0   0 | Lys AAA   0   0   0   0   0   0 | Arg AGA   2   1   2   2   2   2
Met ATG   3   3   3   4   3   3 |     ACG   1   1   1   0   1   1 |     AAG   2   2   2   2   2   2 |     AGG   0   1   0   0   0   0
--------------------------------------------------------------------------------------------------------------------------------------
Val GTT   1   1   1   1   0   1 | Ala GCT   2   1   1   2   2   1 | Asp GAT   0   0   0   0   0   0 | Gly GGT   0   0   0   0   0   0
    GTC   2   2   2   2   2   2 |     GCC   4   5   5   4   4   5 |     GAC   2   2   2   2   2   2 |     GGC   2   2   2   2   2   2
    GTA   0   0   0   0   0   0 |     GCA   4   4   4   4   4   4 | Glu GAA   0   0   0   0   0   0 |     GGA   0   0   0   1   0   0
    GTG   6   5   5   5   5   5 |     GCG   0   0   0   0   0   0 |     GAG   0   0   0   0   0   0 |     GGG   3   3   3   2   3   3
--------------------------------------------------------------------------------------------------------------------------------------

Codon position x base (3x4) table for each sequence.

#1: Argali         
position  1:    T:0.14754    C:0.14754    A:0.29508    G:0.40984
position  2:    T:0.36066    C:0.34426    A:0.09836    G:0.19672
position  3:    T:0.13115    C:0.42623    A:0.13115    G:0.31148
Average         T:0.21311    C:0.30601    A:0.17486    G:0.30601

#2: LesserMouseDeer
position  1:    T:0.16393    C:0.13115    A:0.27869    G:0.42623
position  2:    T:0.36066    C:0.34426    A:0.09836    G:0.19672
position  3:    T:0.13115    C:0.44262    A:0.06557    G:0.36066
Average         T:0.21858    C:0.30601    A:0.14754    G:0.32787

#3: LesserKudu     
position  1:    T:0.13115    C:0.14754    A:0.31148    G:0.40984
position  2:    T:0.36066    C:0.34426    A:0.11475    G:0.18033
position  3:    T:0.13115    C:0.40984    A:0.14754    G:0.31148
Average         T:0.20765    C:0.30055    A:0.19126    G:0.30055

#4: ForestMuskDeer2
position  1:    T:0.14754    C:0.14754    A:0.29508    G:0.40984
position  2:    T:0.37705    C:0.32787    A:0.09836    G:0.19672
position  3:    T:0.19672    C:0.34426    A:0.14754    G:0.31148
Average         T:0.24044    C:0.27322    A:0.18033    G:0.30601

#5: Camel          
position  1:    T:0.16393    C:0.11475    A:0.29508    G:0.42623
position  2:    T:0.36066    C:0.32787    A:0.09836    G:0.21311
position  3:    T:0.09836    C:0.45902    A:0.04918    G:0.39344
Average         T:0.20765    C:0.30055    A:0.14754    G:0.34426

#6: KillerWhale    
position  1:    T:0.14754    C:0.14754    A:0.29508    G:0.40984
position  2:    T:0.37705    C:0.31148    A:0.09836    G:0.21311
position  3:    T:0.13115    C:0.44262    A:0.03279    G:0.39344
Average         T:0.21858    C:0.30055    A:0.14208    G:0.33880

#7: DefassaWaterbuck
position  1:    T:0.14754    C:0.14754    A:0.31148    G:0.39344
position  2:    T:0.36066    C:0.34426    A:0.09836    G:0.19672
position  3:    T:0.19672    C:0.34426    A:0.13115    G:0.32787
Average         T:0.23497    C:0.27869    A:0.18033    G:0.30601

#8: Sheep          
position  1:    T:0.14754    C:0.14754    A:0.29508    G:0.40984
position  2:    T:0.36066    C:0.34426    A:0.09836    G:0.19672
position  3:    T:0.13115    C:0.42623    A:0.13115    G:0.31148
Average         T:0.21311    C:0.30601    A:0.17486    G:0.30601

#9: MaxwellsDuiker 
position  1:    T:0.14754    C:0.14754    A:0.29508    G:0.40984
position  2:    T:0.36066    C:0.34426    A:0.09836    G:0.19672
position  3:    T:0.16393    C:0.37705    A:0.14754    G:0.31148
Average         T:0.22404    C:0.28962    A:0.18033    G:0.30601

#10: GazellaPrzewalskyi
position  1:    T:0.14754    C:0.14754    A:0.27869    G:0.42623
position  2:    T:0.36066    C:0.34426    A:0.09836    G:0.19672
position  3:    T:0.18033    C:0.34426    A:0.13115    G:0.34426
Average         T:0.22951    C:0.27869    A:0.16940    G:0.32240

#11: MountainNyala  
position  1:    T:0.14754    C:0.14754    A:0.29508    G:0.40984
position  2:    T:0.37705    C:0.32787    A:0.09836    G:0.19672
position  3:    T:0.13115    C:0.40984    A:0.13115    G:0.32787
Average         T:0.21858    C:0.29508    A:0.17486    G:0.31148

#12: MuntiacusMuntjak
position  1:    T:0.14754    C:0.14754    A:0.29508    G:0.40984
position  2:    T:0.31148    C:0.39344    A:0.06557    G:0.22951
position  3:    T:0.16393    C:0.39344    A:0.11475    G:0.32787
Average         T:0.20765    C:0.31148    A:0.15847    G:0.32240

#13: goat           
position  1:    T:0.14754    C:0.14754    A:0.29508    G:0.40984
position  2:    T:0.36066    C:0.34426    A:0.09836    G:0.19672
position  3:    T:0.14754    C:0.40984    A:0.13115    G:0.31148
Average         T:0.21858    C:0.30055    A:0.17486    G:0.30601

#14: AfricanBuffalo 
position  1:    T:0.14754    C:0.14754    A:0.29508    G:0.40984
position  2:    T:0.36066    C:0.34426    A:0.09836    G:0.19672
position  3:    T:0.14754    C:0.39344    A:0.13115    G:0.32787
Average         T:0.21858    C:0.29508    A:0.17486    G:0.31148

#15: Topi           
position  1:    T:0.13115    C:0.16393    A:0.29508    G:0.40984
position  2:    T:0.36066    C:0.34426    A:0.09836    G:0.19672
position  3:    T:0.19672    C:0.36066    A:0.13115    G:0.31148
Average         T:0.22951    C:0.28962    A:0.17486    G:0.30601

#16: CommonDuiker   
position  1:    T:0.14754    C:0.14754    A:0.29508    G:0.40984
position  2:    T:0.36066    C:0.34426    A:0.09836    G:0.19672
position  3:    T:0.16393    C:0.37705    A:0.14754    G:0.31148
Average         T:0.22404    C:0.28962    A:0.18033    G:0.30601

#17: Suni           
position  1:    T:0.14754    C:0.14754    A:0.29508    G:0.40984
position  2:    T:0.36066    C:0.34426    A:0.09836    G:0.19672
position  3:    T:0.18033    C:0.36066    A:0.13115    G:0.32787
Average         T:0.22951    C:0.28415    A:0.17486    G:0.31148

#18: Springbuck     
position  1:    T:0.14754    C:0.14754    A:0.27869    G:0.42623
position  2:    T:0.36066    C:0.34426    A:0.09836    G:0.19672
position  3:    T:0.14754    C:0.37705    A:0.13115    G:0.34426
Average         T:0.21858    C:0.28962    A:0.16940    G:0.32240

#19: Okapi          
position  1:    T:0.14754    C:0.14754    A:0.29508    G:0.40984
position  2:    T:0.36066    C:0.34426    A:0.09836    G:0.19672
position  3:    T:0.14754    C:0.37705    A:0.14754    G:0.32787
Average         T:0.21858    C:0.28962    A:0.18033    G:0.31148

#20: Giraffe        
position  1:    T:0.14754    C:0.14754    A:0.29508    G:0.40984
position  2:    T:0.36066    C:0.34426    A:0.09836    G:0.19672
position  3:    T:0.16393    C:0.36066    A:0.16393    G:0.31148
Average         T:0.22404    C:0.28415    A:0.18579    G:0.30601

#21: TibetanAntelope
position  1:    T:0.14754    C:0.14754    A:0.29508    G:0.40984
position  2:    T:0.36066    C:0.34426    A:0.09836    G:0.19672
position  3:    T:0.16393    C:0.37705    A:0.16393    G:0.29508
Average         T:0.22404    C:0.28962    A:0.18579    G:0.30055

#22: Sitatunga      
position  1:    T:0.14754    C:0.14754    A:0.29508    G:0.40984
position  2:    T:0.36066    C:0.34426    A:0.09836    G:0.19672
position  3:    T:0.13115    C:0.40984    A:0.14754    G:0.31148
Average         T:0.21311    C:0.30055    A:0.18033    G:0.30601

#23: Oribi          
position  1:    T:0.14754    C:0.14754    A:0.29508    G:0.40984
position  2:    T:0.36066    C:0.34426    A:0.09836    G:0.19672
position  3:    T:0.14754    C:0.37705    A:0.13115    G:0.34426
Average         T:0.21858    C:0.28962    A:0.17486    G:0.31694

#24: BarbarySheep   
position  1:    T:0.14754    C:0.14754    A:0.29508    G:0.40984
position  2:    T:0.36066    C:0.34426    A:0.09836    G:0.19672
position  3:    T:0.14754    C:0.40984    A:0.13115    G:0.31148
Average         T:0.21858    C:0.30055    A:0.17486    G:0.30601

#25: Daviddeer      
position  1:    T:0.14754    C:0.16393    A:0.29508    G:0.39344
position  2:    T:0.31148    C:0.37705    A:0.08197    G:0.22951
position  3:    T:0.16393    C:0.39344    A:0.11475    G:0.32787
Average         T:0.20765    C:0.31148    A:0.16393    G:0.31694

#26: Reindeer       
position  1:    T:0.14754    C:0.14754    A:0.29508    G:0.40984
position  2:    T:0.34426    C:0.36066    A:0.08197    G:0.21311
position  3:    T:0.16393    C:0.37705    A:0.11475    G:0.34426
Average         T:0.21858    C:0.29508    A:0.16393    G:0.32240

#27: Ibex           
position  1:    T:0.14754    C:0.14754    A:0.29508    G:0.40984
position  2:    T:0.36066    C:0.34426    A:0.09836    G:0.19672
position  3:    T:0.14754    C:0.40984    A:0.13115    G:0.31148
Average         T:0.21858    C:0.30055    A:0.17486    G:0.30601

#28: GyrantGazelle  
position  1:    T:0.14754    C:0.14754    A:0.27869    G:0.42623
position  2:    T:0.36066    C:0.34426    A:0.09836    G:0.19672
position  3:    T:0.14754    C:0.37705    A:0.13115    G:0.34426
Average         T:0.21858    C:0.28962    A:0.16940    G:0.32240

#29: Hartebeest     
position  1:    T:0.14754    C:0.14754    A:0.29508    G:0.40984
position  2:    T:0.36066    C:0.34426    A:0.09836    G:0.19672
position  3:    T:0.19672    C:0.36066    A:0.13115    G:0.31148
Average         T:0.23497    C:0.28415    A:0.17486    G:0.30601

#30: Bongo          
position  1:    T:0.14754    C:0.14754    A:0.29508    G:0.40984
position  2:    T:0.36066    C:0.34426    A:0.09836    G:0.19672
position  3:    T:0.13115    C:0.40984    A:0.13115    G:0.32787
Average         T:0.21311    C:0.30055    A:0.17486    G:0.31148

#31: Gerenuk        
position  1:    T:0.14754    C:0.14754    A:0.27869    G:0.42623
position  2:    T:0.36066    C:0.34426    A:0.09836    G:0.19672
position  3:    T:0.16393    C:0.36066    A:0.13115    G:0.34426
Average         T:0.22404    C:0.28415    A:0.16940    G:0.32240

#32: CommonEland    
position  1:    T:0.14754    C:0.14754    A:0.29508    G:0.40984
position  2:    T:0.36066    C:0.34426    A:0.09836    G:0.19672
position  3:    T:0.13115    C:0.40984    A:0.13115    G:0.32787
Average         T:0.21311    C:0.30055    A:0.17486    G:0.31148

#33: MuntiacusReevesi
position  1:    T:0.14754    C:0.14754    A:0.31148    G:0.39344
position  2:    T:0.31148    C:0.37705    A:0.06557    G:0.24590
position  3:    T:0.16393    C:0.40984    A:0.08197    G:0.34426
Average         T:0.20765    C:0.31148    A:0.15301    G:0.32787

#34: HarveysDuiker  
position  1:    T:0.14754    C:0.14754    A:0.29508    G:0.40984
position  2:    T:0.36066    C:0.34426    A:0.09836    G:0.19672
position  3:    T:0.18033    C:0.36066    A:0.14754    G:0.31148
Average         T:0.22951    C:0.28415    A:0.18033    G:0.30601

#35: Pronghorn      
position  1:    T:0.14754    C:0.14754    A:0.29508    G:0.40984
position  2:    T:0.36066    C:0.34426    A:0.09836    G:0.19672
position  3:    T:0.21311    C:0.31148    A:0.14754    G:0.32787
Average         T:0.24044    C:0.26776    A:0.18033    G:0.31148

#36: BlueWildebeest 
position  1:    T:0.14754    C:0.14754    A:0.29508    G:0.40984
position  2:    T:0.36066    C:0.34426    A:0.09836    G:0.19672
position  3:    T:0.19672    C:0.36066    A:0.13115    G:0.31148
Average         T:0.23497    C:0.28415    A:0.17486    G:0.30601

#37: Gemsbok        
position  1:    T:0.14754    C:0.14754    A:0.29508    G:0.40984
position  2:    T:0.36066    C:0.34426    A:0.09836    G:0.19672
position  3:    T:0.22951    C:0.31148    A:0.14754    G:0.31148
Average         T:0.24590    C:0.26776    A:0.18033    G:0.30601

#38: Yak            
position  1:    T:0.14754    C:0.13115    A:0.29508    G:0.42623
position  2:    T:0.36066    C:0.34426    A:0.09836    G:0.19672
position  3:    T:0.14754    C:0.39344    A:0.14754    G:0.31148
Average         T:0.21858    C:0.28962    A:0.18033    G:0.31148

#39: BlueSheep      
position  1:    T:0.14754    C:0.14754    A:0.29508    G:0.40984
position  2:    T:0.36066    C:0.34426    A:0.09836    G:0.19672
position  3:    T:0.14754    C:0.40984    A:0.14754    G:0.29508
Average         T:0.21858    C:0.30055    A:0.18033    G:0.30055

#40: BohorReedbuck  
position  1:    T:0.13115    C:0.16393    A:0.29508    G:0.40984
position  2:    T:0.34426    C:0.36066    A:0.09836    G:0.19672
position  3:    T:0.18033    C:0.37705    A:0.11475    G:0.32787
Average         T:0.21858    C:0.30055    A:0.16940    G:0.31148

#41: KirksDik       
position  1:    T:0.14754    C:0.14754    A:0.27869    G:0.42623
position  2:    T:0.36066    C:0.34426    A:0.09836    G:0.19672
position  3:    T:0.18033    C:0.34426    A:0.14754    G:0.32787
Average         T:0.22951    C:0.27869    A:0.17486    G:0.31694

#42: RoeDeer        
position  1:    T:0.14754    C:0.14754    A:0.31148    G:0.39344
position  2:    T:0.32787    C:0.36066    A:0.08197    G:0.22951
position  3:    T:0.16393    C:0.37705    A:0.11475    G:0.34426
Average         T:0.21311    C:0.29508    A:0.16940    G:0.32240

#43: WhiteLippedDeer
position  1:    T:0.13115    C:0.16393    A:0.27869    G:0.42623
position  2:    T:0.31148    C:0.37705    A:0.08197    G:0.22951
position  3:    T:0.16393    C:0.37705    A:0.11475    G:0.34426
Average         T:0.20219    C:0.30601    A:0.15847    G:0.33333

#44: ThomsonGazelle 
position  1:    T:0.14754    C:0.14754    A:0.27869    G:0.42623
position  2:    T:0.36066    C:0.34426    A:0.09836    G:0.19672
position  3:    T:0.14754    C:0.37705    A:0.13115    G:0.34426
Average         T:0.21858    C:0.28962    A:0.16940    G:0.32240

#45: MuntiacusCrinifrons
position  1:    T:0.14754    C:0.14754    A:0.29508    G:0.40984
position  2:    T:0.31148    C:0.39344    A:0.06557    G:0.22951
position  3:    T:0.16393    C:0.39344    A:0.09836    G:0.34426
Average         T:0.20765    C:0.31148    A:0.15301    G:0.32787

#46: WhiteTailedDeer
position  1:    T:0.14754    C:0.14754    A:0.29508    G:0.40984
position  2:    T:0.34426    C:0.36066    A:0.09836    G:0.19672
position  3:    T:0.16393    C:0.37705    A:0.11475    G:0.34426
Average         T:0.21858    C:0.29508    A:0.16940    G:0.31694

#47: Cattle         
position  1:    T:0.14754    C:0.13115    A:0.29508    G:0.42623
position  2:    T:0.37705    C:0.32787    A:0.09836    G:0.19672
position  3:    T:0.14754    C:0.39344    A:0.13115    G:0.32787
Average         T:0.22404    C:0.28415    A:0.17486    G:0.31694

#48: RoyalAntelope  
position  1:    T:0.14754    C:0.14754    A:0.29508    G:0.40984
position  2:    T:0.36066    C:0.34426    A:0.09836    G:0.19672
position  3:    T:0.19672    C:0.34426    A:0.14754    G:0.31148
Average         T:0.23497    C:0.27869    A:0.18033    G:0.30601

#49: Steenbok       
position  1:    T:0.14754    C:0.14754    A:0.27869    G:0.42623
position  2:    T:0.36066    C:0.34426    A:0.09836    G:0.19672
position  3:    T:0.18033    C:0.34426    A:0.13115    G:0.34426
Average         T:0.22951    C:0.27869    A:0.16940    G:0.32240

#50: Impala         
position  1:    T:0.14754    C:0.14754    A:0.29508    G:0.40984
position  2:    T:0.36066    C:0.34426    A:0.09836    G:0.19672
position  3:    T:0.11475    C:0.42623    A:0.11475    G:0.34426
Average         T:0.20765    C:0.30601    A:0.16940    G:0.31694

#51: Klipspringer   
position  1:    T:0.14754    C:0.14754    A:0.29508    G:0.40984
position  2:    T:0.36066    C:0.34426    A:0.09836    G:0.19672
