CODONML (in paml version 4.10.7, June 2023)  /home/rachel/ruminants_paml/6406-phy-tree/ENSBTAT00000064004.fasta.phy
Model: free dN/dS Ratios for branches,  kappa = 2.000 fixed

Codon frequency model: F3x4
ns =  54  ls =  25

Codon usage in sequences
--------------------------------------------------------------------------------------------------------------------------------------
Phe TTT   0   0   0   0   0   0 | Ser TCT   0   0   0   0   0   0 | Tyr TAT   0   0   0   0   0   0 | Cys TGT   0   0   0   0   1   0
    TTC   0   0   0   0   0   0 |     TCC   1   0   1   1   1   1 |     TAC   0   0   0   0   0   0 |     TGC   2   2   2   2   1   2
Leu TTA   0   0   0   0   0   0 |     TCA   0   0   0   0   0   0 | *** TAA   0   0   0   0   0   0 | *** TGA   0   0   0   0   0   0
    TTG   0   0   0   0   0   0 |     TCG   0   1   0   0   0   0 |     TAG   0   0   0   0   0   0 | Trp TGG   0   0   0   0   0   0
--------------------------------------------------------------------------------------------------------------------------------------
Leu CTT   0   0   0   0   0   0 | Pro CCT   0   0   0   0   0   0 | His CAT   0   0   0   0   0   0 | Arg CGT   0   0   0   0   0   0
    CTC   1   2   1   1   1   1 |     CCC   2   1   2   2   2   2 |     CAC   0   0   0   0   0   0 |     CGC   2   1   2   2   2   2
    CTA   0   0   0   0   0   0 |     CCA   0   0   0   0   0   0 | Gln CAA   0   0   0   0   0   0 |     CGA   0   0   0   1   0   0
    CTG   2   1   2   2   2   2 |     CCG   0   1   0   0   0   0 |     CAG   0   0   0   0   0   0 |     CGG   1   3   1   0   1   1
--------------------------------------------------------------------------------------------------------------------------------------
Ile ATT   0   0   0   0   0   0 | Thr ACT   0   0   0   0   0   0 | Asn AAT   0   0   0   0   0   0 | Ser AGT   0   0   0   0   0   0
    ATC   2   2   2   2   2   2 |     ACC   0   0   0   0   0   0 |     AAC   2   2   2   2   2   2 |     AGC   0   0   0   0   0   0
    ATA   0   0   0   0   0   0 |     ACA   0   0   0   0   0   0 | Lys AAA   0   0   0   0   0   0 | Arg AGA   1   0   0   0   0   0
Met ATG   0   0   0   0   0   0 |     ACG   0   0   0   0   0   0 |     AAG   3   3   3   3   3   3 |     AGG   0   0   1   1   1   1
--------------------------------------------------------------------------------------------------------------------------------------
Val GTT   0   0   0   0   0   0 | Ala GCT   0   0   0   0   0   0 | Asp GAT   0   0   0   0   0   0 | Gly GGT   0   0   0   0   0   0
    GTC   0   2   0   0   0   0 |     GCC   0   0   0   0   0   0 |     GAC   1   2   1   1   1   1 |     GGC   0   1   0   0   1   1
    GTA   0   0   0   0   0   0 |     GCA   0   0   0   0   0   0 | Glu GAA   0   0   0   0   0   0 |     GGA   0   0   0   0   0   0
    GTG   2   0   2   2   2   2 |     GCG   0   0   0   0   0   0 |     GAG   2   1   2   2   2   2 |     GGG   1   0   1   1   0   0
--------------------------------------------------------------------------------------------------------------------------------------

--------------------------------------------------------------------------------------------------------------------------------------
Phe TTT   0   0   0   0   0   0 | Ser TCT   0   0   0   0   0   0 | Tyr TAT   0   0   0   0   0   0 | Cys TGT   0   0   0   0   0   2
    TTC   0   0   0   0   0   0 |     TCC   1   1   1   1   1   1 |     TAC   0   0   0   0   0   0 |     TGC   2   2   2   2   2   0
Leu TTA   0   0   0   0   0   0 |     TCA   0   0   0   0   0   0 | *** TAA   0   0   0   0   0   0 | *** TGA   0   0   0   0   0   0
    TTG   0   0   0   0   0   0 |     TCG   0   0   0   0   0   0 |     TAG   0   0   0   0   0   0 | Trp TGG   0   0   0   0   0   0
--------------------------------------------------------------------------------------------------------------------------------------
Leu CTT   1   0   0   0   0   0 | Pro CCT   0   0   0   0   0   0 | His CAT   0   0   0   0   0   0 | Arg CGT   0   0   0   1   0   0
    CTC   1   1   1   1   1   1 |     CCC   2   2   2   2   2   2 |     CAC   0   0   0   0   0   0 |     CGC   2   2   2   1   2   2
    CTA   0   0   0   0   0   0 |     CCA   0   0   0   0   0   0 | Gln CAA   0   0   0   0   0   0 |     CGA   0   0   0   0   0   0
    CTG   1   2   2   2   2   2 |     CCG   0   0   0   0   0   0 |     CAG   0   0   0   0   0   0 |     CGG   1   1   1   1   1   1
--------------------------------------------------------------------------------------------------------------------------------------
Ile ATT   0   0   0   0   0   0 | Thr ACT   0   0   0   0   0   0 | Asn AAT   0   0   0   0   0   0 | Ser AGT   0   0   0   0   0   0
    ATC   2   2   2   2   2   2 |     ACC   0   0   0   0   0   0 |     AAC   1   2   2   2   2   2 |     AGC   1   0   0   0   0   0
    ATA   0   0   0   0   0   0 |     ACA   0   0   0   0   0   0 | Lys AAA   0   0   0   0   0   0 | Arg AGA   0   1   1   1   0   0
Met ATG   0   0   0   0   0   0 |     ACG   0   0   0   0   0   0 |     AAG   3   3   3   3   3   3 |     AGG   1   0   0   0   1   1
--------------------------------------------------------------------------------------------------------------------------------------
Val GTT   0   0   0   0   0   0 | Ala GCT   0   0   0   0   0   0 | Asp GAT   0   0   0   0   0   0 | Gly GGT   0   0   0   0   0   0
    GTC   0   0   0   0   0   0 |     GCC   0   0   0   0   0   0 |     GAC   1   1   1   1   1   1 |     GGC   0   0   0   0   0   0
    GTA   0   0   0   0   0   0 |     GCA   0   0   0   0   0   0 | Glu GAA   0   0   0   0   0   0 |     GGA   0   0   0   0   0   0
    GTG   2   2   2   2   2   2 |     GCG   0   0   0   0   0   0 |     GAG   2   2   2   2   2   2 |     GGG   1   1   1   1   1   1
--------------------------------------------------------------------------------------------------------------------------------------

--------------------------------------------------------------------------------------------------------------------------------------
Phe TTT   0   0   0   0   0   0 | Ser TCT   0   0   1   0   0   0 | Tyr TAT   0   0   0   0   0   0 | Cys TGT   0   0   0   0   0   0
    TTC   0   0   0   0   0   0 |     TCC   1   1   0   1   1   1 |     TAC   0   0   0   0   0   0 |     TGC   2   2   2   2   2   2
Leu TTA   0   0   0   0   0   0 |     TCA   0   0   0   0   0   0 | *** TAA   0   0   0   0   0   0 | *** TGA   0   0   0   0   0   0
    TTG   0   0   0   0   0   0 |     TCG   0   0   0   0   0   0 |     TAG   0   0   0   0   0   0 | Trp TGG   0   0   0   0   0   0
--------------------------------------------------------------------------------------------------------------------------------------
Leu CTT   0   0   0   0   0   0 | Pro CCT   0   0   0   0   0   0 | His CAT   0   0   0   0   0   0 | Arg CGT   0   0   0   0   0   0
    CTC   1   1   1   1   1   1 |     CCC   2   2   2   2   2   2 |     CAC   0   0   0   0   0   0 |     CGC   2   2   2   2   2   2
    CTA   0   0   0   0   0   0 |     CCA   0   0   0   0   0   0 | Gln CAA   0   0   0   0   0   0 |     CGA   0   0   0   0   0   0
    CTG   2   2   2   2   2   2 |     CCG   0   0   0   0   0   0 |     CAG   0   0   0   0   0   0 |     CGG   1   1   1   1   1   1
--------------------------------------------------------------------------------------------------------------------------------------
Ile ATT   0   0   0   0   1   0 | Thr ACT   0   0   0   0   0   0 | Asn AAT   0   0   0   0   0   0 | Ser AGT   0   0   0   0   0   0
    ATC   2   2   2   2   0   2 |     ACC   0   0   0   0   0   0 |     AAC   2   2   2   2   1   2 |     AGC   0   0   0   0   1   0
    ATA   0   0   0   0   0   0 |     ACA   0   0   0   0   0   0 | Lys AAA   0   0   0   0   0   0 | Arg AGA   0   0   0   1   0   1
Met ATG   0   0   0   0   0   0 |     ACG   0   0   0   0   0   0 |     AAG   3   3   3   3   3   3 |     AGG   1   1   1   0   1   0
--------------------------------------------------------------------------------------------------------------------------------------
Val GTT   0   0   0   0   0   0 | Ala GCT   0   0   0   0   0   0 | Asp GAT   0   0   0   0   0   0 | Gly GGT   0   0   0   0   0   0
    GTC   0   0   0   0   1   0 |     GCC   0   0   0   0   0   0 |     GAC   1   1   1   1   1   1 |     GGC   0   0   0   0   0   0
    GTA   0   0   0   0   0   0 |     GCA   0   0   0   0   0   0 | Glu GAA   0   0   0   0   0   0 |     GGA   0   0   0   0   0   1
    GTG   2   2   2   2   2   2 |     GCG   0   0   0   0   0   0 |     GAG   2   2   2   2   2   2 |     GGG   1   1   1   1   1   0
--------------------------------------------------------------------------------------------------------------------------------------

--------------------------------------------------------------------------------------------------------------------------------------
Phe TTT   0   0   0   0   0   0 | Ser TCT   0   0   0   0   1   0 | Tyr TAT   0   0   0   0   0   0 | Cys TGT   0   0   0   0   0   0
    TTC   0   0   0   0   0   0 |     TCC   1   1   1   1   0   1 |     TAC   0   0   0   0   0   0 |     TGC   2   2   2   2   2   2
Leu TTA   0   0   0   0   0   0 |     TCA   0   0   0   0   0   0 | *** TAA   0   0   0   0   0   0 | *** TGA   0   0   0   0   0   0
    TTG   0   0   0   0   0   0 |     TCG   0   0   0   0   0   0 |     TAG   0   0   0   0   0   0 | Trp TGG   0   0   0   0   0   0
--------------------------------------------------------------------------------------------------------------------------------------
Leu CTT   0   0   0   0   0   0 | Pro CCT   0   0   0   0   0   0 | His CAT   0   0   0   0   0   0 | Arg CGT   0   0   0   0   0   0
    CTC   2   1   1   1   1   1 |     CCC   1   2   2   2   2   2 |     CAC   0   0   0   0   0   0 |     CGC   2   2   2   2   2   2
    CTA   0   0   0   0   0   0 |     CCA   1   0   0   0   0   0 | Gln CAA   0   0   0   0   0   0 |     CGA   0   0   0   0   0   0
    CTG   1   2   2   2   2   2 |     CCG   0   0   0   0   0   0 |     CAG   0   0   0   0   0   0 |     CGG   2   1   1   1   1   1
--------------------------------------------------------------------------------------------------------------------------------------
Ile ATT   0   0   0   0   0   0 | Thr ACT   0   0   0   0   0   0 | Asn AAT   0   0   0   0   0   0 | Ser AGT   0   0   0   0   0   0
    ATC   2   2   2   2   2   2 |     ACC   0   0   0   0   0   0 |     AAC   2   2   2   2   2   2 |     AGC   0   0   0   0   0   0
    ATA   0   0   0   0   0   0 |     ACA   0   0   0   0   0   0 | Lys AAA   0   0   0   0   0   0 | Arg AGA   0   0   1   0   0   0
Met ATG   0   0   0   0   0   0 |     ACG   0   0   0   0   0   0 |     AAG   3   3   3   3   3   3 |     AGG   0   1   0   1   1   1
--------------------------------------------------------------------------------------------------------------------------------------
Val GTT   0   0   0   0   0   0 | Ala GCT   0   0   0   0   0   0 | Asp GAT   0   0   0   0   0   0 | Gly GGT   0   0   0   0   0   0
    GTC   2   0   0   0   0   0 |     GCC   0   0   0   0   0   0 |     GAC   2   1   1   1   1   1 |     GGC   0   1   0   0   0   0
    GTA   0   0   0   0   0   0 |     GCA   0   0   0   0   0   0 | Glu GAA   0   0   0   0   0   0 |     GGA   0   0   0   0   0   0
    GTG   0   2   2   2   2   2 |     GCG   0   0   0   0   0   0 |     GAG   1   2   2   2   2   2 |     GGG   1   0   1   1   1   1
--------------------------------------------------------------------------------------------------------------------------------------

--------------------------------------------------------------------------------------------------------------------------------------
Phe TTT   0   0   0   0   0   0 | Ser TCT   0   0   0   0   0   0 | Tyr TAT   0   0   0   0   0   0 | Cys TGT   0   0   0   0   0   0
    TTC   0   0   0   0   0   0 |     TCC   1   1   1   1   1   1 |     TAC   0   0   0   0   0   0 |     TGC   2   2   2   2   2   2
Leu TTA   0   0   0   0   0   0 |     TCA   0   0   0   0   0   0 | *** TAA   0   0   0   0   0   0 | *** TGA   0   0   0   0   0   0
    TTG   0   0   0   0   0   0 |     TCG   0   0   0   0   0   0 |     TAG   0   0   0   0   0   0 | Trp TGG   0   0   0   0   0   0
--------------------------------------------------------------------------------------------------------------------------------------
Leu CTT   0   0   0   0   0   0 | Pro CCT   0   0   0   1   0   0 | His CAT   0   0   0   0   0   0 | Arg CGT   0   0   0   0   0   0
    CTC   1   1   1   1   1   1 |     CCC   2   2   2   1   2   2 |     CAC   0   0   0   0   0   0 |     CGC   2   2   2   2   2   2
    CTA   0   0   0   0   0   0 |     CCA   0   0   0   0   0   0 | Gln CAA   0   0   0   0   0   0 |     CGA   0   0   0   0   0   0
    CTG   2   2   2   2   2   2 |     CCG   0   0   0   0   0   0 |     CAG   0   0   0   0   0   0 |     CGG   1   1   1   1   1   1
--------------------------------------------------------------------------------------------------------------------------------------
Ile ATT   0   0   0   0   0   0 | Thr ACT   0   0   0   0   0   0 | Asn AAT   0   0   0   0   0   0 | Ser AGT   0   0   0   0   0   0
    ATC   2   2   2   2   2   2 |     ACC   0   0   0   0   0   0 |     AAC   2   2   2   2   2   2 |     AGC   0   0   0   0   0   0
    ATA   0   0   0   0   0   0 |     ACA   0   0   0   0   0   0 | Lys AAA   0   0   0   0   0   0 | Arg AGA   0   0   0   1   0   0
Met ATG   0   0   0   0   0   0 |     ACG   0   0   0   0   0   0 |     AAG   3   3   3   3   3   3 |     AGG   1   1   1   0   1   1
--------------------------------------------------------------------------------------------------------------------------------------
Val GTT   0   0   0   0   0   0 | Ala GCT   0   0   0   0   0   0 | Asp GAT   1   0   0   0   0   0 | Gly GGT   0   0   0   0   0   0
    GTC   0   0   0   0   0   0 |     GCC   0   0   0   0   0   0 |     GAC   0   1   1   1   1   1 |     GGC   0   0   0   0   0   0
    GTA   0   0   0   0   0   0 |     GCA   0   0   0   0   0   0 | Glu GAA   0   0   0   0   0   0 |     GGA   0   0   0   0   0   0
    GTG   2   2   2   2   2   2 |     GCG   0   0   0   0   0   0 |     GAG   2   2   2   2   2   2 |     GGG   1   1   1   1   1   1
--------------------------------------------------------------------------------------------------------------------------------------

--------------------------------------------------------------------------------------------------------------------------------------
Phe TTT   0   0   0   0   0   0 | Ser TCT   0   0   0   0   0   0 | Tyr TAT   0   0   0   0   0   0 | Cys TGT   0   1   1   0   0   0
    TTC   0   0   0   0   0   0 |     TCC   1   1   1   1   1   1 |     TAC   0   0   0   0   0   0 |     TGC   2   1   1   2   2   2
Leu TTA   0   0   0   0   0   0 |     TCA   0   0   0   0   0   0 | *** TAA   0   0   0   0   0   0 | *** TGA   0   0   0   0   0   0
    TTG   0   0   0   0   0   0 |     TCG   0   0   0   0   0   0 |     TAG   0   0   0   0   0   0 | Trp TGG   0   0   0   0   0   0
--------------------------------------------------------------------------------------------------------------------------------------
Leu CTT   0   0   0   0   0   0 | Pro CCT   0   0   0   0   0   0 | His CAT   0   0   0   0   0   0 | Arg CGT   0   0   0   0   0   0
    CTC   2   1   1   1   1   2 |     CCC   0   2   2   2   2   0 |     CAC   0   0   0   0   0   0 |     CGC   2   2   2   2   2   2
    CTA   0   0   0   0   0   0 |     CCA   0   0   0   0   0   0 | Gln CAA   0   0   0   0   0   0 |     CGA   0   0   0   0   0   0
    CTG   1   2   2   2   2   1 |     CCG   2   0   0   0   0   2 |     CAG   0   0   0   0   0   0 |     CGG   2   1   1   1   1   2
--------------------------------------------------------------------------------------------------------------------------------------
Ile ATT   0   0   0   0   0   0 | Thr ACT   0   0   0   0   0   0 | Asn AAT   0   0   0   0   0   0 | Ser AGT   0   0   0   0   0   0
    ATC   2   2   2   2   2   2 |     ACC   0   0   0   0   0   0 |     AAC   2   2   2   2   2   2 |     AGC   0   0   0   0   0   0
    ATA   0   0   0   0   0   0 |     ACA   0   0   0   0   0   0 | Lys AAA   0   0   0   0   0   0 | Arg AGA   0   0   0   1   0   0
Met ATG   0   0   0   0   0   0 |     ACG   0   0   0   0   0   0 |     AAG   3   3   3   3   3   3 |     AGG   0   1   1   0   1   0
--------------------------------------------------------------------------------------------------------------------------------------
Val GTT   0   0   0   0   0   0 | Ala GCT   0   0   0   0   0   0 | Asp GAT   0   0   0   0   0   0 | Gly GGT   0   0   0   0   0   0
    GTC   2   0   0   0   0   2 |     GCC   0   0   0   0   0   0 |     GAC   2   1   1   1   1   2 |     GGC   1   0   0   0   0   1
    GTA   0   0   0   0   0   0 |     GCA   0   0   0   0   0   0 | Glu GAA   0   0   0   0   0   0 |     GGA   0   0   0   0   0   0
    GTG   0   2   2   2   2   0 |     GCG   0   0   0   0   0   0 |     GAG   1   2   2   2   2   1 |     GGG   0   1   1   1   1   0
--------------------------------------------------------------------------------------------------------------------------------------

--------------------------------------------------------------------------------------------------------------------------------------
Phe TTT   0   0   0   0   0   0 | Ser TCT   0   0   0   0   0   0 | Tyr TAT   0   0   0   0   0   0 | Cys TGT   0   0   0   0   0   0
    TTC   0   0   0   0   0   0 |     TCC   1   1   1   1   1   1 |     TAC   0   0   0   0   0   0 |     TGC   2   2   2   2   2   2
Leu TTA   0   0   0   0   0   0 |     TCA   0   0   0   0   0   0 | *** TAA   0   0   0   0   0   0 | *** TGA   0   0   0   0   0   0
    TTG   0   0   0   0   0   0 |     TCG   0   0   0   0   0   0 |     TAG   0   0   0   0   0   0 | Trp TGG   0   0   0   0   0   0
--------------------------------------------------------------------------------------------------------------------------------------
Leu CTT   0   0   0   1   0   0 | Pro CCT   0   0   0   0   0   0 | His CAT   0   0   0   0   0   0 | Arg CGT   0   1   0   0   0   1
    CTC   1   1   1   1   1   1 |     CCC   2   2   2   2   2   2 |     CAC   0   0   0   0   0   0 |     CGC   2   1   2   2   2   1
    CTA   0   0   0   0   0   0 |     CCA   0   0   0   0   0   0 | Gln CAA   0   0   0   0   0   0 |     CGA   0   0   0   0   0   0
    CTG   2   2   2   1   2   2 |     CCG   0   0   0   0   0   0 |     CAG   0   0   0   0   0   0 |     CGG   1   1   1   1   1   1
--------------------------------------------------------------------------------------------------------------------------------------
Ile ATT   0   0   0   0   0   0 | Thr ACT   0   0   0   0   0   0 | Asn AAT   0   0   0   0   0   0 | Ser AGT   0   0   0   0   0   0
    ATC   2   2   2   2   2   2 |     ACC   0   0   0   0   0   0 |     AAC   2   2   2   1   2   1 |     AGC   0   0   0   1   0   1
    ATA   0   0   0   0   0   0 |     ACA   0   0   0   0   0   0 | Lys AAA   0   0   0   0   0   0 | Arg AGA   1   0   0   0   1   0
Met ATG   0   0   0   0   0   0 |     ACG   0   0   0   0   0   0 |     AAG   3   3   3   3   3   3 |     AGG   0   1   1   1   0   1
--------------------------------------------------------------------------------------------------------------------------------------
Val GTT   0   0   0   0   0   0 | Ala GCT   0   0   0   0   0   0 | Asp GAT   0   0   0   0   0   0 | Gly GGT   0   0   0   0   0   0
    GTC   0   0   0   0   0   0 |     GCC   0   0   0   0   0   0 |     GAC   1   1   1   1   1   1 |     GGC   0   0   0   0   0   0
    GTA   0   0   0   0   0   0 |     GCA   0   0   0   0   0   0 | Glu GAA   0   0   0   0   0   0 |     GGA   0   0   0   0   0   0
    GTG   2   2   2   2   2   2 |     GCG   0   0   0   0   0   0 |     GAG   2   2   2   2   2   2 |     GGG   1   1   1   1   1   1
--------------------------------------------------------------------------------------------------------------------------------------

--------------------------------------------------------------------------------------------------------------------------------------
Phe TTT   0   0   0   0   0   0 | Ser TCT   0   0   0   0   0   0 | Tyr TAT   0   0   0   0   0   0 | Cys TGT   0   0   0   0   0   0
    TTC   0   0   0   0   0   0 |     TCC   1   1   1   1   1   1 |     TAC   0   0   0   0   0   0 |     TGC   2   2   2   2   2   2
Leu TTA   0   0   0   0   0   0 |     TCA   0   0   0   0   0   0 | *** TAA   0   0   0   0   0   0 | *** TGA   0   0   0   0   0   0
    TTG   0   0   0   0   0   0 |     TCG   0   0   0   0   0   0 |     TAG   0   0   0   0   0   0 | Trp TGG   0   0   0   0   0   0
--------------------------------------------------------------------------------------------------------------------------------------
Leu CTT   0   0   0   0   0   0 | Pro CCT   0   0   0   0   0   0 | His CAT   0   0   0   0   0   0 | Arg CGT   0   0   0   0   0   0
    CTC   1   1   1   1   1   1 |     CCC   2   2   2   2   2   2 |     CAC   0   0   0   0   0   0 |     CGC   2   2   2   2   2   2
    CTA   0   0   0   0   0   0 |     CCA   0   0   0   0   0   0 | Gln CAA   0   0   0   0   0   0 |     CGA   0   0   0   0   0   0
    CTG   2   2   2   2   2   2 |     CCG   0   0   0   0   0   0 |     CAG   0   0   0   0   0   0 |     CGG   1   1   1   1   1   1
--------------------------------------------------------------------------------------------------------------------------------------
Ile ATT   0   0   0   0   0   0 | Thr ACT   0   0   0   0   0   0 | Asn AAT   0   0   0   0   0   0 | Ser AGT   0   0   0   0   0   0
    ATC   2   2   2   2   2   2 |     ACC   0   0   0   0   0   0 |     AAC   2   2   2   2   2   2 |     AGC   0   0   0   0   0   0
    ATA   0   0   0   0   0   0 |     ACA   0   0   0   0   0   0 | Lys AAA   0   0   0   0   0   0 | Arg AGA   0   1   0   0   0   1
Met ATG   0   0   0   0   0   0 |     ACG   0   0   0   0   0   0 |     AAG   3   3   3   3   3   3 |     AGG   1   0   1   1   1   0
--------------------------------------------------------------------------------------------------------------------------------------
Val GTT   0   0   0   0   0   0 | Ala GCT   0   0   0   0   0   0 | Asp GAT   1   0   0   0   0   0 | Gly GGT   0   0   0   0   0   0
    GTC   0   0   0   0   0   0 |     GCC   0   0   0   0   0   0 |     GAC   0   1   1   1   1   1 |     GGC   0   0   0   0   0   0
    GTA   0   0   0   0   0   0 |     GCA   0   0   0   0   0   0 | Glu GAA   0   0   0   0   0   0 |     GGA   0   0   0   0   0   0
    GTG   2   2   2   2   2   2 |     GCG   0   0   0   0   0   0 |     GAG   2   2   2   2   2   2 |     GGG   1   1   1   1   1   1
--------------------------------------------------------------------------------------------------------------------------------------

--------------------------------------------------------------------------------------------------------------------------------------
Phe TTT   0   0   0   0   0   0 | Ser TCT   0   0   0   0   0   0 | Tyr TAT   0   0   0   0   0   0 | Cys TGT   0   0   0   0   0   0
    TTC   0   0   0   0   0   0 |     TCC   1   1   1   1   1   1 |     TAC   0   0   0   0   0   0 |     TGC   2   2   2   2   2   2
Leu TTA   0   0   0   0   0   0 |     TCA   0   0   0   0   0   0 | *** TAA   0   0   0   0   0   0 | *** TGA   0   0   0   0   0   0
    TTG   0   0   0   0   0   0 |     TCG   0   0   0   0   0   0 |     TAG   0   0   0   0   0   0 | Trp TGG   0   0   0   0   0   0
--------------------------------------------------------------------------------------------------------------------------------------
Leu CTT   0   0   0   0   0   0 | Pro CCT   0   0   0   0   0   0 | His CAT   0   0   0   0   0   0 | Arg CGT   0   0   0   0   0   0
    CTC   1   1   2   1   1   1 |     CCC   2   2   0   2   2   2 |     CAC   0   0   0   0   0   0 |     CGC   2   2   2   2   2   2
    CTA   0   0   0   0   0   0 |     CCA   0   0   0   0   0   0 | Gln CAA   0   0   0   0   0   0 |     CGA   0   0   0   1   0   0
    CTG   2   2   1   2   2   2 |     CCG   0   0   2   0   0   0 |     CAG   0   0   0   0   0   0 |     CGG   1   1   2   0   1   1
--------------------------------------------------------------------------------------------------------------------------------------
Ile ATT   0   0   0   0   0   0 | Thr ACT   0   0   0   0   0   0 | Asn AAT   0   0   0   0   0   0 | Ser AGT   0   0   0   0   0   0
    ATC   2   2   2   2   2   2 |     ACC   0   0   0   0   0   0 |     AAC   2   2   2   2   2   2 |     AGC   0   0   0   0   0   0
    ATA   0   0   0   0   0   0 |     ACA   0   0   0   0   0   0 | Lys AAA   0   0   0   0   0   0 | Arg AGA   1   1   0   0   0   0
Met ATG   0   0   0   0   0   0 |     ACG   0   0   0   0   0   0 |     AAG   3   3   3   3   3   3 |     AGG   0   0   0   1   1   1
--------------------------------------------------------------------------------------------------------------------------------------
Val GTT   0   0   0   0   0   0 | Ala GCT   0   0   0   0   0   0 | Asp GAT   0   0   0   0   0   0 | Gly GGT   0   0   0   0   0   0
    GTC   0   0   2   0   0   0 |     GCC   0   0   0   0   0   0 |     GAC   1   1   2   1   1   1 |     GGC   0   0   1   0   0   0
    GTA   0   0   0   0   0   0 |     GCA   0   0   0   0   0   0 | Glu GAA   0   0   0   0   0   0 |     GGA   0   0   0   0   0   0
    GTG   2   2   0   2   2   2 |     GCG   0   0   0   0   0   0 |     GAG   2   2   1   2   2   2 |     GGG   1   1   0   1   1   1
--------------------------------------------------------------------------------------------------------------------------------------

Codon position x base (3x4) table for each sequence.

#1: Argali         
position  1:    T:0.12000    C:0.32000    A:0.32000    G:0.24000
position  2:    T:0.28000    C:0.12000    A:0.32000    G:0.28000
position  3:    T:0.00000    C:0.52000    A:0.04000    G:0.44000
Average         T:0.13333    C:0.32000    A:0.22667    G:0.32000

#2: LesserMouseDeer
position  1:    T:0.12000    C:0.36000    A:0.28000    G:0.24000
position  2:    T:0.28000    C:0.12000    A:0.32000    G:0.28000
position  3:    T:0.00000    C:0.60000    A:0.00000    G:0.40000
Average         T:0.13333    C:0.36000    A:0.20000    G:0.30667

#3: LesserKudu     
position  1:    T:0.12000    C:0.32000    A:0.32000    G:0.24000
position  2:    T:0.28000    C:0.12000    A:0.32000    G:0.28000
position  3:    T:0.00000    C:0.52000    A:0.00000    G:0.48000
Average         T:0.13333    C:0.32000    A:0.21333    G:0.33333

#4: ForestMuskDeer2
position  1:    T:0.12000    C:0.32000    A:0.32000    G:0.24000
position  2:    T:0.28000    C:0.12000    A:0.32000    G:0.28000
position  3:    T:0.00000    C:0.52000    A:0.04000    G:0.44000
Average         T:0.13333    C:0.32000    A:0.22667    G:0.32000

#5: Camel          
position  1:    T:0.12000    C:0.32000    A:0.32000    G:0.24000
position  2:    T:0.28000    C:0.12000    A:0.32000    G:0.28000
position  3:    T:0.04000    C:0.52000    A:0.00000    G:0.44000
Average         T:0.14667    C:0.32000    A:0.21333    G:0.32000

#6: KillerWhale    
position  1:    T:0.12000    C:0.32000    A:0.32000    G:0.24000
position  2:    T:0.28000    C:0.12000    A:0.32000    G:0.28000
position  3:    T:0.00000    C:0.56000    A:0.00000    G:0.44000
Average         T:0.13333    C:0.33333    A:0.21333    G:0.32000

#7: DefassaWaterbuck
position  1:    T:0.12000    C:0.32000    A:0.32000    G:0.24000
position  2:    T:0.28000    C:0.12000    A:0.28000    G:0.32000
position  3:    T:0.04000    C:0.52000    A:0.00000    G:0.44000
Average         T:0.14667    C:0.32000    A:0.20000    G:0.33333

#8: Sheep          
position  1:    T:0.12000    C:0.32000    A:0.32000    G:0.24000
position  2:    T:0.28000    C:0.12000    A:0.32000    G:0.28000
position  3:    T:0.00000    C:0.52000    A:0.04000    G:0.44000
Average         T:0.13333    C:0.32000    A:0.22667    G:0.32000

#9: MaxwellsDuiker 
position  1:    T:0.12000    C:0.32000    A:0.32000    G:0.24000
position  2:    T:0.28000    C:0.12000    A:0.32000    G:0.28000
position  3:    T:0.00000    C:0.52000    A:0.04000    G:0.44000
Average         T:0.13333    C:0.32000    A:0.22667    G:0.32000

#10: GazellaPrzewalskyi
position  1:    T:0.12000    C:0.32000    A:0.32000    G:0.24000
position  2:    T:0.28000    C:0.12000    A:0.32000    G:0.28000
position  3:    T:0.04000    C:0.48000    A:0.04000    G:0.44000
Average         T:0.14667    C:0.30667    A:0.22667    G:0.32000

#11: MountainNyala  
position  1:    T:0.12000    C:0.32000    A:0.32000    G:0.24000
position  2:    T:0.28000    C:0.12000    A:0.32000    G:0.28000
position  3:    T:0.00000    C:0.52000    A:0.00000    G:0.48000
Average         T:0.13333    C:0.32000    A:0.21333    G:0.33333

#12: MuntiacusMuntjak
position  1:    T:0.12000    C:0.32000    A:0.32000    G:0.24000
position  2:    T:0.28000    C:0.12000    A:0.32000    G:0.28000
position  3:    T:0.08000    C:0.44000    A:0.00000    G:0.48000
Average         T:0.16000    C:0.29333    A:0.21333    G:0.33333

#13: goat           
position  1:    T:0.12000    C:0.32000    A:0.32000    G:0.24000
position  2:    T:0.28000    C:0.12000    A:0.32000    G:0.28000
position  3:    T:0.00000    C:0.52000    A:0.00000    G:0.48000
Average         T:0.13333    C:0.32000    A:0.21333    G:0.33333

#14: AfricanBuffalo 
position  1:    T:0.12000    C:0.32000    A:0.32000    G:0.24000
position  2:    T:0.28000    C:0.12000    A:0.32000    G:0.28000
position  3:    T:0.00000    C:0.52000    A:0.00000    G:0.48000
Average         T:0.13333    C:0.32000    A:0.21333    G:0.33333

#15: Topi           
position  1:    T:0.12000    C:0.32000    A:0.32000    G:0.24000
position  2:    T:0.28000    C:0.12000    A:0.32000    G:0.28000
position  3:    T:0.04000    C:0.48000    A:0.00000    G:0.48000
Average         T:0.14667    C:0.30667    A:0.21333    G:0.33333

#16: CommonDuiker   
position  1:    T:0.12000    C:0.32000    A:0.32000    G:0.24000
position  2:    T:0.28000    C:0.12000    A:0.32000    G:0.28000
position  3:    T:0.00000    C:0.52000    A:0.04000    G:0.44000
Average         T:0.13333    C:0.32000    A:0.22667    G:0.32000

#17: Suni           
position  1:    T:0.12000    C:0.32000    A:0.28000    G:0.28000
position  2:    T:0.28000    C:0.12000    A:0.28000    G:0.32000
position  3:    T:0.04000    C:0.48000    A:0.00000    G:0.48000
Average         T:0.14667    C:0.30667    A:0.18667    G:0.36000

#18: Springbuck     
position  1:    T:0.12000    C:0.32000    A:0.32000    G:0.24000
position  2:    T:0.28000    C:0.12000    A:0.32000    G:0.28000
position  3:    T:0.00000    C:0.52000    A:0.08000    G:0.40000
Average         T:0.13333    C:0.32000    A:0.24000    G:0.30667

#19: Okapi          
position  1:    T:0.12000    C:0.36000    A:0.28000    G:0.24000
position  2:    T:0.28000    C:0.12000    A:0.32000    G:0.28000
position  3:    T:0.00000    C:0.64000    A:0.04000    G:0.32000
Average         T:0.13333    C:0.37333    A:0.21333    G:0.28000

#20: Giraffe        
position  1:    T:0.12000    C:0.32000    A:0.32000    G:0.24000
position  2:    T:0.28000    C:0.12000    A:0.32000    G:0.28000
position  3:    T:0.00000    C:0.56000    A:0.00000    G:0.44000
Average         T:0.13333    C:0.33333    A:0.21333    G:0.32000

#21: TibetanAntelope
position  1:    T:0.12000    C:0.32000    A:0.32000    G:0.24000
position  2:    T:0.28000    C:0.12000    A:0.32000    G:0.28000
position  3:    T:0.00000    C:0.52000    A:0.04000    G:0.44000
Average         T:0.13333    C:0.32000    A:0.22667    G:0.32000

#22: Sitatunga      
position  1:    T:0.12000    C:0.32000    A:0.32000    G:0.24000
position  2:    T:0.28000    C:0.12000    A:0.32000    G:0.28000
position  3:    T:0.00000    C:0.52000    A:0.00000    G:0.48000
Average         T:0.13333    C:0.32000    A:0.21333    G:0.33333

#23: Oribi          
position  1:    T:0.12000    C:0.32000    A:0.32000    G:0.24000
position  2:    T:0.28000    C:0.12000    A:0.32000    G:0.28000
position  3:    T:0.04000    C:0.48000    A:0.00000    G:0.48000
Average         T:0.14667    C:0.30667    A:0.21333    G:0.33333

#24: BarbarySheep   
position  1:    T:0.12000    C:0.32000    A:0.32000    G:0.24000
position  2:    T:0.28000    C:0.12000    A:0.32000    G:0.28000
position  3:    T:0.00000    C:0.52000    A:0.00000    G:0.48000
Average         T:0.13333    C:0.32000    A:0.21333    G:0.33333

#25: Daviddeer      
position  1:    T:0.12000    C:0.32000    A:0.32000    G:0.24000
position  2:    T:0.28000    C:0.12000    A:0.32000    G:0.28000
position  3:    T:0.04000    C:0.48000    A:0.00000    G:0.48000
Average         T:0.14667    C:0.30667    A:0.21333    G:0.33333

#26: Reindeer       
position  1:    T:0.12000    C:0.32000    A:0.32000    G:0.24000
position  2:    T:0.28000    C:0.12000    A:0.32000    G:0.28000
position  3:    T:0.00000    C:0.52000    A:0.00000    G:0.48000
Average         T:0.13333    C:0.32000    A:0.21333    G:0.33333

#27: Ibex           
position  1:    T:0.12000    C:0.32000    A:0.32000    G:0.24000
position  2:    T:0.28000    C:0.12000    A:0.32000    G:0.28000
position  3:    T:0.00000    C:0.52000    A:0.00000    G:0.48000
Average         T:0.13333    C:0.32000    A:0.21333    G:0.33333

#28: GyrantGazelle  
position  1:    T:0.12000    C:0.32000    A:0.32000    G:0.24000
position  2:    T:0.28000    C:0.12000    A:0.32000    G:0.28000
position  3:    T:0.04000    C:0.48000    A:0.04000    G:0.44000
Average         T:0.14667    C:0.30667    A:0.22667    G:0.32000

#29: Hartebeest     
position  1:    T:0.12000    C:0.32000    A:0.32000    G:0.24000
position  2:    T:0.28000    C:0.12000    A:0.32000    G:0.28000
position  3:    T:0.00000    C:0.52000    A:0.00000    G:0.48000
Average         T:0.13333    C:0.32000    A:0.21333    G:0.33333

#30: Bongo          
position  1:    T:0.12000    C:0.32000    A:0.32000    G:0.24000
position  2:    T:0.28000    C:0.12000    A:0.32000    G:0.28000
position  3:    T:0.00000    C:0.52000    A:0.00000    G:0.48000
Average         T:0.13333    C:0.32000    A:0.21333    G:0.33333

#31: Gerenuk        
position  1:    T:0.12000    C:0.36000    A:0.28000    G:0.24000
position  2:    T:0.28000    C:0.12000    A:0.32000    G:0.28000
position  3:    T:0.00000    C:0.64000    A:0.00000    G:0.36000
Average         T:0.13333    C:0.37333    A:0.20000    G:0.29333

#32: CommonEland    
position  1:    T:0.12000    C:0.32000    A:0.32000    G:0.24000
position  2:    T:0.28000    C:0.12000    A:0.32000    G:0.28000
position  3:    T:0.04000    C:0.48000    A:0.00000    G:0.48000
Average         T:0.14667    C:0.30667    A:0.21333    G:0.33333

#33: MuntiacusReevesi
position  1:    T:0.12000    C:0.32000    A:0.32000    G:0.24000
position  2:    T:0.28000    C:0.12000    A:0.32000    G:0.28000
position  3:    T:0.04000    C:0.48000    A:0.00000    G:0.48000
Average         T:0.14667    C:0.30667    A:0.21333    G:0.33333

#34: HarveysDuiker  
position  1:    T:0.12000    C:0.32000    A:0.32000    G:0.24000
position  2:    T:0.28000    C:0.12000    A:0.32000    G:0.28000
position  3:    T:0.00000    C:0.52000    A:0.04000    G:0.44000
Average         T:0.13333    C:0.32000    A:0.22667    G:0.32000

#35: Pronghorn      
position  1:    T:0.12000    C:0.32000    A:0.32000    G:0.24000
position  2:    T:0.28000    C:0.12000    A:0.32000    G:0.28000
position  3:    T:0.00000    C:0.52000    A:0.00000    G:0.48000
Average         T:0.13333    C:0.32000    A:0.21333    G:0.33333

#36: BlueWildebeest 
position  1:    T:0.12000    C:0.36000    A:0.28000    G:0.24000
position  2:    T:0.28000    C:0.12000    A:0.32000    G:0.28000
position  3:    T:0.00000    C:0.64000    A:0.00000    G:0.36000
Average         T:0.13333    C:0.37333    A:0.20000    G:0.29333

#37: Gemsbok        
position  1:    T:0.12000    C:0.32000    A:0.32000    G:0.24000
position  2:    T:0.28000    C:0.12000    A:0.32000    G:0.28000
position  3:    T:0.00000    C:0.52000    A:0.04000    G:0.44000
Average         T:0.13333    C:0.32000    A:0.22667    G:0.32000

#38: Yak            
position  1:    T:0.12000    C:0.32000    A:0.32000    G:0.24000
position  2:    T:0.28000    C:0.12000    A:0.32000    G:0.28000
position  3:    T:0.04000    C:0.48000    A:0.00000    G:0.48000
Average         T:0.14667    C:0.30667    A:0.21333    G:0.33333

#39: BlueSheep      
position  1:    T:0.12000    C:0.32000    A:0.32000    G:0.24000
position  2:    T:0.28000    C:0.12000    A:0.32000    G:0.28000
position  3:    T:0.00000    C:0.52000    A:0.00000    G:0.48000
Average         T:0.13333    C:0.32000    A:0.21333    G:0.33333

#40: BohorReedbuck  
position  1:    T:0.12000    C:0.32000    A:0.32000    G:0.24000
position  2:    T:0.28000    C:0.12000    A:0.28000    G:0.32000
position  3:    T:0.04000    C:0.52000    A:0.00000    G:0.44000
Average         T:0.14667    C:0.32000    A:0.20000    G:0.33333

#41: KirksDik       
position  1:    T:0.12000    C:0.32000    A:0.32000    G:0.24000
position  2:    T:0.28000    C:0.12000    A:0.32000    G:0.28000
position  3:    T:0.00000    C:0.52000    A:0.04000    G:0.44000
Average         T:0.13333    C:0.32000    A:0.22667    G:0.32000

#42: RoeDeer        
position  1:    T:0.12000    C:0.32000    A:0.32000    G:0.24000
position  2:    T:0.28000    C:0.12000    A:0.28000    G:0.32000
position  3:    T:0.04000    C:0.48000    A:0.00000    G:0.48000
Average         T:0.14667    C:0.30667    A:0.20000    G:0.34667

#43: WhiteLippedDeer
position  1:    T:0.12000    C:0.32000    A:0.32000    G:0.24000
position  2:    T:0.28000    C:0.12000    A:0.32000    G:0.28000
position  3:    T:0.04000    C:0.48000    A:0.00000    G:0.48000
Average         T:0.14667    C:0.30667    A:0.21333    G:0.33333

#44: ThomsonGazelle 
position  1:    T:0.12000    C:0.32000    A:0.32000    G:0.24000
position  2:    T:0.28000    C:0.12000    A:0.32000    G:0.28000
position  3:    T:0.00000    C:0.52000    A:0.04000    G:0.44000
Average         T:0.13333    C:0.32000    A:0.22667    G:0.32000

#45: MuntiacusCrinifrons
position  1:    T:0.12000    C:0.32000    A:0.32000    G:0.24000
position  2:    T:0.28000    C:0.12000    A:0.32000    G:0.28000
position  3:    T:0.00000    C:0.52000    A:0.00000    G:0.48000
Average         T:0.13333    C:0.32000    A:0.21333    G:0.33333

#46: WhiteTailedDeer
position  1:    T:0.12000    C:0.32000    A:0.32000    G:0.24000
position  2:    T:0.28000    C:0.12000    A:0.32000    G:0.28000
position  3:    T:0.00000    C:0.52000    A:0.00000    G:0.48000
Average         T:0.13333    C:0.32000    A:0.21333    G:0.33333

#47: Cattle         
position  1:    T:0.12000    C:0.32000    A:0.32000    G:0.24000
position  2:    T:0.28000    C:0.12000    A:0.32000    G:0.28000
position  3:    T:0.00000    C:0.52000    A:0.00000    G:0.48000
Average         T:0.13333    C:0.32000    A:0.21333    G:0.33333

#48: RoyalAntelope  
position  1:    T:0.12000    C:0.32000    A:0.32000    G:0.24000
position  2:    T:0.28000    C:0.12000    A:0.32000    G:0.28000
position  3:    T:0.00000    C:0.52000    A:0.04000    G:0.44000
Average         T:0.13333    C:0.32000    A:0.22667    G:0.32000

#49: Steenbok       
position  1:    T:0.12000    C:0.32000    A:0.32000    G:0.24000
position  2:    T:0.28000    C:0.12000    A:0.32000    G:0.28000
position  3:    T:0.00000    C:0.52000    A:0.04000    G:0.44000
Average         T:0.13333    C:0.32000    A:0.22667    G:0.32000

#50: Impala         
position  1:    T:0.12000    C:0.32000    A:0.32000    G:0.24000
position  2:    T:0.28000    C:0.12000    A:0.32000    G:0.28000
position  3:    T:0.00000    C:0.52000    A:0.04000    G:0.44000
Average         T:0.13333    C:0.32000    A:0.22667    G:0.32000

#51: Klipspringer   
position  1:    T:0.12000    C:0.36000    A:0.28000    G:0.24000
position  2:    T:0.28000    C:0.12000    A:0.32000    G:0.28000
