CODONML (in paml version 4.10.7, June 2023)  /home/rachel/ruminants_paml/6406-phy-tree/ENSBTAT00000035270.fasta.phy
Model: free dN/dS Ratios for branches,  kappa = 2.000 fixed

Codon frequency model: F3x4
ns =  54  ls =  88

Codon usage in sequences
--------------------------------------------------------------------------------------------------------------------------------------
Phe TTT   3   2   3   3   3   2 | Ser TCT   2   1   2   2   1   1 | Tyr TAT   0   0   0   0   0   0 | Cys TGT   4   3   4   4   3   3
    TTC   1   2   1   1   1   2 |     TCC   1   2   1   1   2   2 |     TAC   1   1   1   1   1   1 |     TGC   0   1   0   0   1   1
Leu TTA   0   0   0   0   0   0 |     TCA   1   1   1   1   1   1 | *** TAA   0   0   0   0   0   0 | *** TGA   0   0   0   0   0   0
    TTG   0   0   0   0   0   0 |     TCG   0   0   0   0   0   0 |     TAG   0   0   0   0   0   0 | Trp TGG   2   2   2   2   2   2
--------------------------------------------------------------------------------------------------------------------------------------
Leu CTT   1   1   1   1   2   1 | Pro CCT   0   0   0   0   0   0 | His CAT   2   3   2   2   2   3 | Arg CGT   0   0   0   0   0   0
    CTC   1   1   1   1   0   1 |     CCC   0   0   0   0   0   0 |     CAC   1   0   1   1   1   0 |     CGC   0   0   0   0   0   0
    CTA   0   0   0   0   0   0 |     CCA   0   0   0   0   0   0 | Gln CAA   0   0   0   0   0   0 |     CGA   0   0   0   0   0   0
    CTG   3   3   3   3   3   3 |     CCG   0   0   0   0   0   0 |     CAG   0   0   0   0   0   0 |     CGG   0   0   0   0   0   0
--------------------------------------------------------------------------------------------------------------------------------------
Ile ATT   2   1   2   1   1   1 | Thr ACT   1   1   1   1   1   1 | Asn AAT   3   3   3   3   5   3 | Ser AGT   1   1   1   1   1   1
    ATC   3   4   3   4   4   4 |     ACC   3   2   3   2   3   3 |     AAC   4   4   4   4   2   4 |     AGC   3   3   3   3   3   3
    ATA   0   0   0   0   0   0 |     ACA   1   2   1   2   1   1 | Lys AAA   4   3   4   3   3   3 | Arg AGA   2   0   2   1   1   1
Met ATG   3   2   3   3   3   3 |     ACG   0   0   0   0   0   0 |     AAG   2   3   2   3   3   3 |     AGG   2   4   2   3   3   3
--------------------------------------------------------------------------------------------------------------------------------------
Val GTT   1   0   1   1   0   0 | Ala GCT   2   2   2   2   2   2 | Asp GAT   2   3   2   2   3   2 | Gly GGT   3   0   3   3   0   0
    GTC   1   1   1   1   1   1 |     GCC   2   2   2   2   2   2 |     GAC   3   3   3   3   2   3 |     GGC   4   6   4   4   6   6
    GTA   0   0   0   0   1   1 |     GCA   1   2   1   1   1   1 | Glu GAA   3   2   3   3   4   2 |     GGA   3   5   3   3   5   4
    GTG   1   2   1   1   1   1 |     GCG   0   1   0   0   0   0 |     GAG   3   2   3   3   2   4 |     GGG   2   1   2   2   1   2
--------------------------------------------------------------------------------------------------------------------------------------

--------------------------------------------------------------------------------------------------------------------------------------
Phe TTT   3   3   3   3   3   3 | Ser TCT   2   2   1   2   2   2 | Tyr TAT   0   0   0   1   0   0 | Cys TGT   4   4   4   4   4   4
    TTC   1   1   1   1   1   1 |     TCC   1   1   2   0   1   1 |     TAC   1   1   1   0   1   1 |     TGC   0   0   0   0   0   0
Leu TTA   0   0   0   0   0   0 |     TCA   1   1   1   2   1   1 | *** TAA   0   0   0   0   0   0 | *** TGA   0   0   0   0   0   0
    TTG   0   0   0   0   0   0 |     TCG   0   0   0   0   0   0 |     TAG   0   0   0   0   0   0 | Trp TGG   2   2   2   2   2   2
--------------------------------------------------------------------------------------------------------------------------------------
Leu CTT   1   1   1   1   1   1 | Pro CCT   0   0   0   0   0   0 | His CAT   2   2   2   2   2   2 | Arg CGT   0   0   0   0   0   0
    CTC   1   1   1   1   1   1 |     CCC   0   0   0   0   0   0 |     CAC   1   1   1   1   1   1 |     CGC   0   0   0   0   0   0
    CTA   0   0   0   0   0   0 |     CCA   0   0   0   0   0   0 | Gln CAA   0   0   0   0   0   0 |     CGA   0   0   0   0   0   0
    CTG   3   3   3   3   3   3 |     CCG   0   0   0   0   0   0 |     CAG   0   0   0   0   0   0 |     CGG   0   0   0   0   0   0
--------------------------------------------------------------------------------------------------------------------------------------
Ile ATT   2   2   2   2   2   1 | Thr ACT   1   1   1   1   1   1 | Asn AAT   3   3   3   3   3   2 | Ser AGT   1   1   1   1   1   1
    ATC   3   3   3   3   3   4 |     ACC   3   3   3   3   3   2 |     AAC   4   4   4   4   4   5 |     AGC   3   3   3   3   3   3
    ATA   0   0   0   0   0   0 |     ACA   1   1   1   1   1   1 | Lys AAA   4   4   4   4   4   3 | Arg AGA   2   2   2   2   2   1
Met ATG   3   3   3   3   3   3 |     ACG   0   0   0   0   0   0 |     AAG   2   2   2   2   2   3 |     AGG   2   2   2   2   2   3
--------------------------------------------------------------------------------------------------------------------------------------
Val GTT   1   0   1   0   1   1 | Ala GCT   2   3   2   3   2   2 | Asp GAT   2   2   2   2   2   2 | Gly GGT   3   3   3   3   3   3
    GTC   1   1   1   1   1   1 |     GCC   2   2   2   2   2   3 |     GAC   3   3   3   3   3   3 |     GGC   4   4   4   4   4   4
    GTA   0   0   0   0   0   0 |     GCA   1   1   1   1   1   1 | Glu GAA   3   3   3   3   3   3 |     GGA   3   3   3   3   3   3
    GTG   1   1   1   1   1   1 |     GCG   0   0   0   0   0   0 |     GAG   3   3   3   3   3   3 |     GGG   2   2   2   2   2   2
--------------------------------------------------------------------------------------------------------------------------------------

--------------------------------------------------------------------------------------------------------------------------------------
Phe TTT   3   3   3   3   3   3 | Ser TCT   2   2   2   1   2   2 | Tyr TAT   0   0   0   0   0   1 | Cys TGT   4   4   4   4   4   4
    TTC   1   1   1   1   1   1 |     TCC   1   1   1   2   1   1 |     TAC   1   1   0   1   1   0 |     TGC   0   0   0   0   0   0
Leu TTA   0   0   0   0   0   0 |     TCA   1   1   1   1   1   1 | *** TAA   0   0   0   0   0   0 | *** TGA   0   0   0   0   0   0
    TTG   0   0   0   0   0   0 |     TCG   0   0   0   0   0   0 |     TAG   0   0   0   0   0   0 | Trp TGG   2   2   2   2   2   2
--------------------------------------------------------------------------------------------------------------------------------------
Leu CTT   1   1   1   1   1   1 | Pro CCT   0   0   0   0   0   0 | His CAT   2   2   2   2   2   2 | Arg CGT   0   0   0   0   0   0
    CTC   1   1   1   1   1   1 |     CCC   0   0   0   0   0   0 |     CAC   1   1   2   1   1   1 |     CGC   0   0   0   0   0   0
    CTA   0   0   0   0   0   0 |     CCA   0   0   0   0   0   0 | Gln CAA   0   0   0   0   0   0 |     CGA   0   0   0   0   0   0
    CTG   3   3   3   3   3   3 |     CCG   0   0   0   0   0   0 |     CAG   0   0   0   0   0   0 |     CGG   0   0   0   0   0   0
--------------------------------------------------------------------------------------------------------------------------------------
Ile ATT   2   2   2   2   2   3 | Thr ACT   1   1   1   1   1   1 | Asn AAT   3   3   3   3   3   3 | Ser AGT   1   1   1   1   1   1
    ATC   3   4   3   3   3   2 |     ACC   3   2   3   3   3   3 |     AAC   4   4   4   4   4   4 |     AGC   3   3   3   3   3   3
    ATA   0   0   0   0   0   0 |     ACA   1   1   1   0   1   1 | Lys AAA   4   4   4   5   4   4 | Arg AGA   2   2   2   2   2   2
Met ATG   3   3   3   3   3   3 |     ACG   0   0   0   1   0   0 |     AAG   2   2   2   1   2   2 |     AGG   2   2   2   2   2   2
--------------------------------------------------------------------------------------------------------------------------------------
Val GTT   1   1   1   2   1   1 | Ala GCT   2   2   2   2   2   2 | Asp GAT   2   2   2   2   2   2 | Gly GGT   3   3   3   3   3   3
    GTC   1   1   1   0   1   1 |     GCC   2   2   2   2   2   2 |     GAC   3   3   3   3   3   3 |     GGC   4   4   4   4   4   4
    GTA   0   0   0   0   0   0 |     GCA   1   1   1   1   1   1 | Glu GAA   3   3   3   3   3   3 |     GGA   3   3   3   3   3   3
    GTG   1   1   1   1   1   1 |     GCG   0   0   0   0   0   0 |     GAG   3   3   3   3   3   3 |     GGG   2   2   2   2   2   2
--------------------------------------------------------------------------------------------------------------------------------------

--------------------------------------------------------------------------------------------------------------------------------------
Phe TTT   3   3   3   3   3   3 | Ser TCT   2   2   2   2   2   2 | Tyr TAT   0   0   0   0   1   0 | Cys TGT   4   4   4   4   4   4
    TTC   1   1   1   1   1   1 |     TCC   1   1   1   1   1   1 |     TAC   1   1   1   1   0   1 |     TGC   0   0   0   0   0   0
Leu TTA   0   0   0   0   0   0 |     TCA   1   1   1   1   1   1 | *** TAA   0   0   0   0   0   0 | *** TGA   0   0   0   0   0   0
    TTG   0   0   0   0   0   0 |     TCG   0   0   0   0   0   0 |     TAG   0   0   0   0   0   0 | Trp TGG   2   2   2   2   2   2
--------------------------------------------------------------------------------------------------------------------------------------
Leu CTT   1   1   1   1   1   1 | Pro CCT   0   0   0   0   0   0 | His CAT   2   3   2   2   1   2 | Arg CGT   0   0   0   0   0   0
    CTC   1   1   1   1   1   1 |     CCC   0   0   0   0   0   0 |     CAC   1   0   1   1   2   1 |     CGC   0   0   0   0   0   0
    CTA   0   0   0   0   0   0 |     CCA   0   0   0   0   0   0 | Gln CAA   0   0   0   0   0   0 |     CGA   0   0   0   0   0   0
    CTG   3   3   3   3   3   3 |     CCG   0   0   0   0   0   0 |     CAG   0   0   0   0   0   0 |     CGG   0   0   0   0   0   0
--------------------------------------------------------------------------------------------------------------------------------------
Ile ATT   1   1   2   2   2   2 | Thr ACT   1   1   1   1   1   1 | Asn AAT   3   3   3   3   3   3 | Ser AGT   1   1   1   1   1   1
    ATC   4   4   3   3   3   3 |     ACC   3   3   3   3   3   3 |     AAC   4   4   4   4   4   4 |     AGC   3   3   3   3   3   3
    ATA   0   0   0   0   0   0 |     ACA   1   1   1   1   1   1 | Lys AAA   3   3   4   4   4   4 | Arg AGA   1   1   2   2   2   2
Met ATG   3   3   3   3   3   3 |     ACG   0   0   0   0   0   0 |     AAG   3   3   2   2   2   2 |     AGG   3   3   2   2   2   2
--------------------------------------------------------------------------------------------------------------------------------------
Val GTT   1   1   1   1   1   1 | Ala GCT   2   2   2   2   2   2 | Asp GAT   2   2   2   2   2   2 | Gly GGT   3   3   3   3   2   3
    GTC   1   1   1   1   1   1 |     GCC   2   2   2   2   2   2 |     GAC   3   3   3   3   3   3 |     GGC   3   4   4   4   5   4
    GTA   0   0   0   0   0   0 |     GCA   1   1   1   1   1   1 | Glu GAA   3   3   3   3   3   3 |     GGA   5   4   3   3   3   3
    GTG   1   1   1   1   1   1 |     GCG   0   0   0   0   0   0 |     GAG   3   3   3   3   3   3 |     GGG   1   1   2   2   2   2
--------------------------------------------------------------------------------------------------------------------------------------

--------------------------------------------------------------------------------------------------------------------------------------
Phe TTT   3   3   3   2   3   3 | Ser TCT   2   2   2   2   2   2 | Tyr TAT   0   0   0   1   0   0 | Cys TGT   4   4   4   4   4   4
    TTC   1   1   1   2   1   1 |     TCC   1   1   1   1   1   1 |     TAC   1   1   1   0   0   1 |     TGC   0   0   0   0   0   0
Leu TTA   0   0   0   0   0   0 |     TCA   1   1   1   1   1   1 | *** TAA   0   0   0   0   0   0 | *** TGA   0   0   0   0   0   0
    TTG   0   0   0   0   0   0 |     TCG   0   0   0   0   0   0 |     TAG   0   0   0   0   0   0 | Trp TGG   2   2   2   2   2   2
--------------------------------------------------------------------------------------------------------------------------------------
Leu CTT   1   1   1   1   1   1 | Pro CCT   0   0   0   0   0   0 | His CAT   2   2   2   2   2   2 | Arg CGT   0   0   0   0   0   0
    CTC   1   1   1   1   1   1 |     CCC   0   0   0   0   0   0 |     CAC   1   1   1   1   2   1 |     CGC   0   0   0   0   0   0
    CTA   0   0   0   0   0   0 |     CCA   0   0   0   0   0   0 | Gln CAA   0   0   0   0   0   0 |     CGA   0   0   0   0   0   0
    CTG   3   3   3   3   3   3 |     CCG   0   0   0   0   0   0 |     CAG   0   0   0   0   0   0 |     CGG   0   0   0   0   0   0
--------------------------------------------------------------------------------------------------------------------------------------
Ile ATT   1   1   2   3   2   2 | Thr ACT   1   1   1   0   1   1 | Asn AAT   2   3   3   3   3   3 | Ser AGT   1   1   1   1   1   1
    ATC   4   4   3   2   3   3 |     ACC   3   3   3   3   3   3 |     AAC   5   4   4   4   4   4 |     AGC   3   3   3   3   3   3
    ATA   0   0   0   0   0   0 |     ACA   1   1   1   1   1   1 | Lys AAA   3   3   4   4   4   4 | Arg AGA   2   1   2   2   2   2
Met ATG   3   3   3   3   3   3 |     ACG   0   0   0   1   0   0 |     AAG   3   3   2   2   2   2 |     AGG   2   3   2   2   2   2
--------------------------------------------------------------------------------------------------------------------------------------
Val GTT   1   1   1   1   1   1 | Ala GCT   2   2   2   2   2   2 | Asp GAT   2   2   2   2   2   2 | Gly GGT   3   3   2   3   3   3
    GTC   1   1   1   1   1   1 |     GCC   2   2   2   2   2   2 |     GAC   3   3   3   3   3   3 |     GGC   4   4   5   4   4   4
    GTA   0   0   0   0   0   0 |     GCA   1   1   1   1   1   1 | Glu GAA   3   3   3   3   3   3 |     GGA   3   3   3   3   3   3
    GTG   1   1   1   1   1   1 |     GCG   0   0   0   0   0   0 |     GAG   3   3   3   3   3   3 |     GGG   2   2   2   2   2   2
--------------------------------------------------------------------------------------------------------------------------------------

--------------------------------------------------------------------------------------------------------------------------------------
Phe TTT   3   3   3   3   3   3 | Ser TCT   2   2   2   1   2   2 | Tyr TAT   1   0   0   0   0   0 | Cys TGT   4   4   4   4   4   4
    TTC   1   1   1   1   1   1 |     TCC   1   1   1   2   1   1 |     TAC   0   1   1   1   1   0 |     TGC   0   0   0   0   0   0
Leu TTA   0   0   0   0   0   0 |     TCA   1   1   1   1   1   1 | *** TAA   0   0   0   0   0   0 | *** TGA   0   0   0   0   0   0
    TTG   0   0   0   0   0   0 |     TCG   0   0   0   0   0   0 |     TAG   0   0   0   0   0   0 | Trp TGG   2   2   2   2   2   2
--------------------------------------------------------------------------------------------------------------------------------------
Leu CTT   1   1   1   1   1   1 | Pro CCT   0   0   0   0   0   0 | His CAT   2   2   2   2   2   3 | Arg CGT   0   0   0   0   0   0
    CTC   1   1   1   1   1   1 |     CCC   0   0   0   0   0   0 |     CAC   1   1   1   1   1   1 |     CGC   0   0   0   0   0   0
    CTA   0   0   0   0   0   0 |     CCA   0   0   0   0   0   0 | Gln CAA   0   0   0   0   0   0 |     CGA   0   0   0   0   0   0
    CTG   3   3   3   3   3   3 |     CCG   0   0   0   0   0   0 |     CAG   0   0   0   0   0   0 |     CGG   0   0   0   0   0   0
--------------------------------------------------------------------------------------------------------------------------------------
Ile ATT   3   2   1   2   1   2 | Thr ACT   1   1   1   1   0   1 | Asn AAT   3   3   2   3   3   3 | Ser AGT   1   1   1   1   1   1
    ATC   2   3   4   3   4   3 |     ACC   3   3   3   3   4   3 |     AAC   4   4   5   4   4   4 |     AGC   3   3   3   3   3   3
    ATA   0   0   0   0   0   0 |     ACA   1   1   1   0   1   1 | Lys AAA   4   4   3   4   3   4 | Arg AGA   2   2   1   2   1   2
Met ATG   3   3   3   3   3   3 |     ACG   0   0   0   1   0   0 |     AAG   2   2   3   2   3   2 |     AGG   2   2   3   2   3   2
--------------------------------------------------------------------------------------------------------------------------------------
Val GTT   1   1   1   1   1   1 | Ala GCT   2   2   2   2   2   2 | Asp GAT   2   2   2   2   2   2 | Gly GGT   3   3   3   3   3   3
    GTC   1   1   1   1   1   1 |     GCC   2   2   2   2   2   2 |     GAC   3   3   3   3   3   3 |     GGC   4   4   4   4   5   4
    GTA   0   0   0   0   0   0 |     GCA   1   1   1   1   1   1 | Glu GAA   3   3   3   3   3   3 |     GGA   3   3   3   3   3   3
    GTG   1   1   1   1   1   1 |     GCG   0   0   0   0   0   0 |     GAG   3   3   3   3   3   3 |     GGG   2   2   2   2   1   2
--------------------------------------------------------------------------------------------------------------------------------------

--------------------------------------------------------------------------------------------------------------------------------------
Phe TTT   3   3   3   3   3   3 | Ser TCT   2   2   2   2   2   2 | Tyr TAT   0   0   0   0   1   0 | Cys TGT   4   4   4   4   4   4
    TTC   1   1   1   1   1   1 |     TCC   1   1   1   1   1   1 |     TAC   1   1   1   1   0   1 |     TGC   0   0   0   0   0   0
Leu TTA   0   0   0   0   0   0 |     TCA   1   1   1   1   1   1 | *** TAA   0   0   0   0   0   0 | *** TGA   0   0   0   0   0   0
    TTG   0   0   0   0   0   0 |     TCG   0   0   0   0   0   0 |     TAG   0   0   0   0   0   0 | Trp TGG   2   2   2   2   2   2
--------------------------------------------------------------------------------------------------------------------------------------
Leu CTT   1   1   1   1   1   1 | Pro CCT   0   0   0   0   0   0 | His CAT   3   2   2   2   2   2 | Arg CGT   0   0   0   0   0   0
    CTC   1   1   1   1   1   1 |     CCC   0   0   0   0   0   0 |     CAC   0   1   1   1   1   1 |     CGC   0   0   0   0   0   0
    CTA   0   0   0   0   0   0 |     CCA   0   0   0   0   0   0 | Gln CAA   0   0   0   0   0   0 |     CGA   0   0   0   0   0   0
    CTG   3   3   3   3   3   3 |     CCG   0   0   0   0   0   0 |     CAG   0   0   0   0   0   0 |     CGG   0   0   0   0   0   0
--------------------------------------------------------------------------------------------------------------------------------------
Ile ATT   1   2   2   2   2   1 | Thr ACT   1   1   1   1   1   1 | Asn AAT   3   3   3   3   3   3 | Ser AGT   1   1   1   1   1   1
    ATC   3   4   3   3   3   4 |     ACC   3   3   3   3   3   2 |     AAC   4   4   4   4   4   4 |     AGC   3   3   3   3   3   3
    ATA   1   0   0   0   0   0 |     ACA   1   1   1   1   1   1 | Lys AAA   4   4   4   4   3   3 | Arg AGA   2   2   2   2   3   1
Met ATG   3   3   3   3   3   3 |     ACG   0   0   0   0   0   1 |     AAG   2   2   2   2   2   3 |     AGG   2   2   2   2   2   3
--------------------------------------------------------------------------------------------------------------------------------------
Val GTT   1   1   1   1   1   1 | Ala GCT   2   2   2   2   2   2 | Asp GAT   2   2   2   2   2   2 | Gly GGT   3   3   3   3   3   3
    GTC   1   0   1   1   1   1 |     GCC   2   2   2   2   2   2 |     GAC   3   3   3   3   3   3 |     GGC   4   4   4   4   4   3
    GTA   0   0   0   0   0   0 |     GCA   1   1   1   1   1   1 | Glu GAA   3   3   3   3   3   3 |     GGA   3   3   3   3   3   4
    GTG   1   1   1   1   1   1 |     GCG   0   0   1   0   0   0 |     GAG   3   3   3   3   3   3 |     GGG   2   2   1   2   2   2
--------------------------------------------------------------------------------------------------------------------------------------

--------------------------------------------------------------------------------------------------------------------------------------
Phe TTT   3   3   3   3   3   3 | Ser TCT   2   2   2   2   2   2 | Tyr TAT   0   1   0   0   0   0 | Cys TGT   4   4   4   4   4   4
    TTC   1   1   1   1   1   1 |     TCC   1   1   1   1   1   1 |     TAC   1   0   1   1   1   1 |     TGC   0   0   0   0   0   0
Leu TTA   0   0   0   0   0   0 |     TCA   1   1   1   1   1   1 | *** TAA   0   0   0   0   0   0 | *** TGA   0   0   0   0   0   0
    TTG   0   0   0   0   0   0 |     TCG   0   0   0   0   0   0 |     TAG   0   0   0   0   0   0 | Trp TGG   2   2   2   2   2   2
--------------------------------------------------------------------------------------------------------------------------------------
Leu CTT   1   1   1   1   1   1 | Pro CCT   0   0   0   0   0   0 | His CAT   2   2   3   2   2   2 | Arg CGT   0   0   0   0   0   0
    CTC   1   1   1   1   1   1 |     CCC   0   0   0   0   0   0 |     CAC   1   1   0   1   1   1 |     CGC   0   0   0   0   0   0
    CTA   0   0   0   0   0   0 |     CCA   0   0   0   0   0   0 | Gln CAA   0   0   0   0   0   0 |     CGA   0   0   0   0   0   0
    CTG   3   3   3   3   3   3 |     CCG   0   0   0   0   0   0 |     CAG   0   0   0   0   0   0 |     CGG   0   0   0   0   0   0
--------------------------------------------------------------------------------------------------------------------------------------
Ile ATT   1   3   1   1   2   2 | Thr ACT   1   0   1   1   1   1 | Asn AAT   2   3   2   3   3   3 | Ser AGT   1   1   1   1   1   1
    ATC   4   2   4   4   3   3 |     ACC   2   3   3   3   3   3 |     AAC   5   4   5   4   4   4 |     AGC   3   3   3   3   3   3
    ATA   0   0   0   0   0   0 |     ACA   2   1   1   1   1   1 | Lys AAA   3   4   3   3   4   4 | Arg AGA   2   2   1   1   2   2
Met ATG   3   3   3   3   3   3 |     ACG   0   1   0   0   0   0 |     AAG   3   2   3   3   2   2 |     AGG   2   2   3   3   2   2
--------------------------------------------------------------------------------------------------------------------------------------
Val GTT   1   1   1   1   1   1 | Ala GCT   2   2   2   2   2   2 | Asp GAT   2   2   2   2   2   2 | Gly GGT   3   3   3   3   3   3
    GTC   1   1   1   1   1   1 |     GCC   2   2   2   2   2   2 |     GAC   3   3   3   3   3   3 |     GGC   4   4   4   4   4   4
    GTA   0   0   0   0   0   0 |     GCA   1   1   1   1   1   1 | Glu GAA   3   3   3   3   3   3 |     GGA   3   3   3   3   3   3
    GTG   1   1   1   1   1   1 |     GCG   0   0   0   0   0   0 |     GAG   3   3   3   3   3   3 |     GGG   2   2   2   2   2   2
--------------------------------------------------------------------------------------------------------------------------------------

--------------------------------------------------------------------------------------------------------------------------------------
Phe TTT   3   3   3   3   3   3 | Ser TCT   2   2   2   2   2   2 | Tyr TAT   1   0   0   0   0   0 | Cys TGT   3   4   4   4   4   4
    TTC   1   1   1   1   1   1 |     TCC   1   1   1   1   1   1 |     TAC   0   1   1   1   1   1 |     TGC   1   0   0   0   0   0
Leu TTA   0   0   0   0   0   0 |     TCA   1   1   1   1   1   1 | *** TAA   0   0   0   0   0   0 | *** TGA   0   0   0   0   0   0
    TTG   0   0   0   0   0   0 |     TCG   0   0   0   0   0   0 |     TAG   0   0   0   0   0   0 | Trp TGG   2   2   2   2   2   2
--------------------------------------------------------------------------------------------------------------------------------------
Leu CTT   1   1   1   1   1   1 | Pro CCT   0   0   0   0   0   0 | His CAT   2   2   2   2   2   2 | Arg CGT   0   0   0   0   0   0
    CTC   1   1   1   1   1   1 |     CCC   0   0   0   0   0   0 |     CAC   1   1   1   1   1   1 |     CGC   0   0   0   0   0   0
    CTA   0   0   0   0   0   0 |     CCA   0   0   0   0   0   0 | Gln CAA   0   0   0   0   0   0 |     CGA   0   0   0   0   0   0
    CTG   3   3   3   3   3   3 |     CCG   0   0   0   0   0   0 |     CAG   0   0   0   0   0   0 |     CGG   0   0   0   0   0   0
--------------------------------------------------------------------------------------------------------------------------------------
Ile ATT   2   2   2   1   2   2 | Thr ACT   0   1   1   1   1   1 | Asn AAT   3   3   3   3   3   3 | Ser AGT   1   1   1   1   1   1
    ATC   2   3   3   4   3   3 |     ACC   3   3   3   2   3   3 |     AAC   4   4   4   4   4   4 |     AGC   3   3   3   3   3   3
    ATA   0   0   0   0   0   0 |     ACA   1   1   1   2   1   1 | Lys AAA   4   4   4   3   4   4 | Arg AGA   2   2   2   1   2   2
Met ATG   3   3   2   3   3   3 |     ACG   1   0   0   0   0   0 |     AAG   2   2   2   3   2   2 |     AGG   2   2   2   3   2   2
--------------------------------------------------------------------------------------------------------------------------------------
Val GTT   1   1   1   1   1   1 | Ala GCT   2   2   2   2   2   2 | Asp GAT   2   2   2   2   2   2 | Gly GGT   3   3   3   3   3   3
    GTC   2   1   1   1   1   1 |     GCC   2   2   2   2   2   2 |     GAC   3   3   3   3   3   3 |     GGC   4   4   4   4   4   4
    GTA   0   0   0   0   0   0 |     GCA   1   1   1   1   1   1 | Glu GAA   3   3   3   3   3   3 |     GGA   3   3   3   3   3   3
    GTG   1   1   2   1   1   1 |     GCG   0   0   0   0   0   0 |     GAG   3   3   3   3   3   3 |     GGG   2   2   2   2   2   2
--------------------------------------------------------------------------------------------------------------------------------------

Codon position x base (3x4) table for each sequence.

#1: Argali         
position  1:    T:0.17045    C:0.09091    A:0.38636    G:0.35227
position  2:    T:0.22727    C:0.15909    A:0.31818    G:0.29545
position  3:    T:0.30682    C:0.31818    A:0.17045    G:0.20455
Average         T:0.23485    C:0.18939    A:0.29167    G:0.28409

#2: LesserMouseDeer
position  1:    T:0.17045    C:0.09091    A:0.37500    G:0.36364
position  2:    T:0.21591    C:0.18182    A:0.30682    G:0.29545
position  3:    T:0.23864    C:0.36364    A:0.17045    G:0.22727
Average         T:0.20833    C:0.21212    A:0.28409    G:0.29545

#3: LesserKudu     
position  1:    T:0.17045    C:0.09091    A:0.38636    G:0.35227
position  2:    T:0.22727    C:0.15909    A:0.31818    G:0.29545
position  3:    T:0.30682    C:0.31818    A:0.17045    G:0.20455
Average         T:0.23485    C:0.18939    A:0.29167    G:0.28409

#4: ForestMuskDeer2
position  1:    T:0.17045    C:0.09091    A:0.38636    G:0.35227
position  2:    T:0.22727    C:0.15909    A:0.31818    G:0.29545
position  3:    T:0.29545    C:0.31818    A:0.15909    G:0.22727
Average         T:0.23106    C:0.18939    A:0.28788    G:0.29167

#5: Camel          
position  1:    T:0.17045    C:0.09091    A:0.38636    G:0.35227
position  2:    T:0.22727    C:0.15909    A:0.31818    G:0.29545
position  3:    T:0.27273    C:0.32955    A:0.19318    G:0.20455
Average         T:0.22348    C:0.19318    A:0.29924    G:0.28409

#6: KillerWhale    
position  1:    T:0.17045    C:0.09091    A:0.38636    G:0.35227
position  2:    T:0.22727    C:0.15909    A:0.31818    G:0.29545
position  3:    T:0.22727    C:0.37500    A:0.15909    G:0.23864
Average         T:0.20833    C:0.20833    A:0.28788    G:0.29545

#7: DefassaWaterbuck
position  1:    T:0.17045    C:0.09091    A:0.38636    G:0.35227
position  2:    T:0.22727    C:0.15909    A:0.31818    G:0.29545
position  3:    T:0.30682    C:0.31818    A:0.17045    G:0.20455
Average         T:0.23485    C:0.18939    A:0.29167    G:0.28409

#8: Sheep          
position  1:    T:0.17045    C:0.09091    A:0.38636    G:0.35227
position  2:    T:0.21591    C:0.17045    A:0.31818    G:0.29545
position  3:    T:0.30682    C:0.31818    A:0.17045    G:0.20455
Average         T:0.23106    C:0.19318    A:0.29167    G:0.28409

#9: MaxwellsDuiker 
position  1:    T:0.17045    C:0.09091    A:0.38636    G:0.35227
position  2:    T:0.22727    C:0.15909    A:0.31818    G:0.29545
position  3:    T:0.29545    C:0.32955    A:0.17045    G:0.20455
Average         T:0.23106    C:0.19318    A:0.29167    G:0.28409

#10: GazellaPrzewalskyi
position  1:    T:0.17045    C:0.09091    A:0.38636    G:0.35227
position  2:    T:0.21591    C:0.17045    A:0.31818    G:0.29545
position  3:    T:0.31818    C:0.29545    A:0.18182    G:0.20455
Average         T:0.23485    C:0.18561    A:0.29545    G:0.28409

#11: MountainNyala  
position  1:    T:0.17045    C:0.09091    A:0.38636    G:0.35227
position  2:    T:0.22727    C:0.15909    A:0.31818    G:0.29545
position  3:    T:0.30682    C:0.31818    A:0.17045    G:0.20455
Average         T:0.23485    C:0.18939    A:0.29167    G:0.28409

#12: MuntiacusMuntjak
position  1:    T:0.17045    C:0.09091    A:0.37500    G:0.36364
position  2:    T:0.22727    C:0.15909    A:0.31818    G:0.29545
position  3:    T:0.28409    C:0.34091    A:0.14773    G:0.22727
Average         T:0.22727    C:0.19697    A:0.28030    G:0.29545

#13: goat           
position  1:    T:0.17045    C:0.09091    A:0.38636    G:0.35227
position  2:    T:0.22727    C:0.15909    A:0.31818    G:0.29545
position  3:    T:0.30682    C:0.31818    A:0.17045    G:0.20455
Average         T:0.23485    C:0.18939    A:0.29167    G:0.28409

#14: AfricanBuffalo 
position  1:    T:0.17045    C:0.09091    A:0.38636    G:0.35227
position  2:    T:0.23864    C:0.14773    A:0.31818    G:0.29545
position  3:    T:0.30682    C:0.31818    A:0.17045    G:0.20455
Average         T:0.23864    C:0.18561    A:0.29167    G:0.28409

#15: Topi           
position  1:    T:0.15909    C:0.10227    A:0.38636    G:0.35227
position  2:    T:0.22727    C:0.15909    A:0.31818    G:0.29545
position  3:    T:0.30682    C:0.31818    A:0.17045    G:0.20455
Average         T:0.23106    C:0.19318    A:0.29167    G:0.28409

#16: CommonDuiker   
position  1:    T:0.17045    C:0.09091    A:0.38636    G:0.35227
position  2:    T:0.22727    C:0.15909    A:0.31818    G:0.29545
position  3:    T:0.30682    C:0.31818    A:0.17045    G:0.20455
Average         T:0.23485    C:0.18939    A:0.29167    G:0.28409

#17: Suni           
position  1:    T:0.17045    C:0.09091    A:0.38636    G:0.35227
position  2:    T:0.22727    C:0.15909    A:0.31818    G:0.29545
position  3:    T:0.30682    C:0.31818    A:0.17045    G:0.20455
Average         T:0.23485    C:0.18939    A:0.29167    G:0.28409

#18: Springbuck     
position  1:    T:0.17045    C:0.09091    A:0.38636    G:0.35227
position  2:    T:0.22727    C:0.15909    A:0.31818    G:0.29545
position  3:    T:0.32955    C:0.29545    A:0.17045    G:0.20455
Average         T:0.24242    C:0.18182    A:0.29167    G:0.28409

#19: Okapi          
position  1:    T:0.17045    C:0.09091    A:0.38636    G:0.35227
position  2:    T:0.22727    C:0.15909    A:0.31818    G:0.29545
position  3:    T:0.29545    C:0.31818    A:0.17045    G:0.21591
Average         T:0.23106    C:0.18939    A:0.29167    G:0.28788

#20: Giraffe        
position  1:    T:0.17045    C:0.09091    A:0.38636    G:0.35227
position  2:    T:0.22727    C:0.15909    A:0.31818    G:0.29545
position  3:    T:0.30682    C:0.31818    A:0.15909    G:0.21591
Average         T:0.23485    C:0.18939    A:0.28788    G:0.28788

#21: TibetanAntelope
position  1:    T:0.17045    C:0.09091    A:0.38636    G:0.35227
position  2:    T:0.22727    C:0.15909    A:0.31818    G:0.29545
position  3:    T:0.30682    C:0.31818    A:0.17045    G:0.20455
Average         T:0.23485    C:0.18939    A:0.29167    G:0.28409

#22: Sitatunga      
position  1:    T:0.17045    C:0.09091    A:0.38636    G:0.35227
position  2:    T:0.22727    C:0.15909    A:0.31818    G:0.29545
position  3:    T:0.30682    C:0.31818    A:0.17045    G:0.20455
Average         T:0.23485    C:0.18939    A:0.29167    G:0.28409

#23: Oribi          
position  1:    T:0.17045    C:0.09091    A:0.38636    G:0.35227
position  2:    T:0.22727    C:0.15909    A:0.31818    G:0.29545
position  3:    T:0.29545    C:0.32955    A:0.17045    G:0.20455
Average         T:0.23106    C:0.19318    A:0.29167    G:0.28409

#24: BarbarySheep   
position  1:    T:0.17045    C:0.09091    A:0.38636    G:0.35227
position  2:    T:0.22727    C:0.15909    A:0.31818    G:0.29545
position  3:    T:0.30682    C:0.31818    A:0.17045    G:0.20455
Average         T:0.23485    C:0.18939    A:0.29167    G:0.28409

#25: Daviddeer      
position  1:    T:0.17045    C:0.09091    A:0.38636    G:0.35227
position  2:    T:0.22727    C:0.15909    A:0.31818    G:0.29545
position  3:    T:0.28409    C:0.34091    A:0.15909    G:0.21591
Average         T:0.22727    C:0.19697    A:0.28788    G:0.28788

#26: Reindeer       
position  1:    T:0.17045    C:0.09091    A:0.38636    G:0.35227
position  2:    T:0.22727    C:0.15909    A:0.31818    G:0.29545
position  3:    T:0.29545    C:0.32955    A:0.14773    G:0.22727
Average         T:0.23106    C:0.19318    A:0.28409    G:0.29167

#27: Ibex           
position  1:    T:0.17045    C:0.09091    A:0.38636    G:0.35227
position  2:    T:0.22727    C:0.15909    A:0.31818    G:0.29545
position  3:    T:0.29545    C:0.32955    A:0.17045    G:0.20455
Average         T:0.23106    C:0.19318    A:0.29167    G:0.28409

#28: GyrantGazelle  
position  1:    T:0.17045    C:0.09091    A:0.38636    G:0.35227
position  2:    T:0.22727    C:0.15909    A:0.31818    G:0.29545
position  3:    T:0.30682    C:0.30682    A:0.17045    G:0.21591
Average         T:0.23485    C:0.18561    A:0.29167    G:0.28788

#29: Hartebeest     
position  1:    T:0.15909    C:0.10227    A:0.38636    G:0.35227
position  2:    T:0.22727    C:0.15909    A:0.31818    G:0.29545
position  3:    T:0.30682    C:0.31818    A:0.17045    G:0.20455
Average         T:0.23106    C:0.19318    A:0.29167    G:0.28409

#30: Bongo          
position  1:    T:0.17045    C:0.09091    A:0.38636    G:0.35227
position  2:    T:0.22727    C:0.15909    A:0.31818    G:0.29545
position  3:    T:0.30682    C:0.31818    A:0.17045    G:0.20455
Average         T:0.23485    C:0.18939    A:0.29167    G:0.28409

#31: Gerenuk        
position  1:    T:0.17045    C:0.09091    A:0.38636    G:0.35227
position  2:    T:0.22727    C:0.15909    A:0.31818    G:0.29545
position  3:    T:0.32955    C:0.29545    A:0.17045    G:0.20455
Average         T:0.24242    C:0.18182    A:0.29167    G:0.28409

#32: CommonEland    
position  1:    T:0.17045    C:0.09091    A:0.38636    G:0.35227
position  2:    T:0.22727    C:0.15909    A:0.31818    G:0.29545
position  3:    T:0.30682    C:0.31818    A:0.17045    G:0.20455
Average         T:0.23485    C:0.18939    A:0.29167    G:0.28409

#33: MuntiacusReevesi
position  1:    T:0.17045    C:0.09091    A:0.38636    G:0.35227
position  2:    T:0.22727    C:0.15909    A:0.31818    G:0.29545
position  3:    T:0.28409    C:0.34091    A:0.14773    G:0.22727
Average         T:0.22727    C:0.19697    A:0.28409    G:0.29167

#34: HarveysDuiker  
position  1:    T:0.17045    C:0.09091    A:0.38636    G:0.35227
position  2:    T:0.22727    C:0.15909    A:0.31818    G:0.29545
position  3:    T:0.29545    C:0.32955    A:0.15909    G:0.21591
Average         T:0.23106    C:0.19318    A:0.28788    G:0.28788

#35: Pronghorn      
position  1:    T:0.17045    C:0.09091    A:0.38636    G:0.35227
position  2:    T:0.22727    C:0.15909    A:0.31818    G:0.29545
position  3:    T:0.28409    C:0.35227    A:0.14773    G:0.21591
Average         T:0.22727    C:0.20076    A:0.28409    G:0.28788

#36: BlueWildebeest 
position  1:    T:0.15909    C:0.10227    A:0.38636    G:0.35227
position  2:    T:0.22727    C:0.15909    A:0.31818    G:0.29545
position  3:    T:0.31818    C:0.30682    A:0.17045    G:0.20455
Average         T:0.23485    C:0.18939    A:0.29167    G:0.28409

#37: Gemsbok        
position  1:    T:0.17045    C:0.09091    A:0.38636    G:0.35227
position  2:    T:0.22727    C:0.15909    A:0.31818    G:0.29545
position  3:    T:0.30682    C:0.30682    A:0.18182    G:0.20455
Average         T:0.23485    C:0.18561    A:0.29545    G:0.28409

#38: Yak            
position  1:    T:0.17045    C:0.09091    A:0.39773    G:0.34091
position  2:    T:0.22727    C:0.15909    A:0.31818    G:0.29545
position  3:    T:0.30682    C:0.31818    A:0.17045    G:0.20455
Average         T:0.23485    C:0.18939    A:0.29545    G:0.28030

#39: BlueSheep      
position  1:    T:0.17045    C:0.09091    A:0.38636    G:0.35227
position  2:    T:0.22727    C:0.17045    A:0.31818    G:0.28409
position  3:    T:0.30682    C:0.31818    A:0.17045    G:0.20455
Average         T:0.23485    C:0.19318    A:0.29167    G:0.28030

#40: BohorReedbuck  
position  1:    T:0.17045    C:0.09091    A:0.38636    G:0.35227
position  2:    T:0.22727    C:0.15909    A:0.31818    G:0.29545
position  3:    T:0.30682    C:0.31818    A:0.17045    G:0.20455
Average         T:0.23485    C:0.18939    A:0.29167    G:0.28409

#41: KirksDik       
position  1:    T:0.17045    C:0.09091    A:0.38636    G:0.35227
position  2:    T:0.22727    C:0.15909    A:0.30682    G:0.30682
position  3:    T:0.31818    C:0.30682    A:0.17045    G:0.20455
Average         T:0.23864    C:0.18561    A:0.28788    G:0.28788

#42: RoeDeer        
position  1:    T:0.17045    C:0.09091    A:0.38636    G:0.35227
position  2:    T:0.22727    C:0.15909    A:0.31818    G:0.29545
position  3:    T:0.29545    C:0.30682    A:0.15909    G:0.23864
Average         T:0.23106    C:0.18561    A:0.28788    G:0.29545

#43: WhiteLippedDeer
position  1:    T:0.17045    C:0.09091    A:0.38636    G:0.35227
position  2:    T:0.22727    C:0.15909    A:0.31818    G:0.29545
position  3:    T:0.28409    C:0.32955    A:0.17045    G:0.21591
Average         T:0.22727    C:0.19318    A:0.29167    G:0.28788

#44: ThomsonGazelle 
position  1:    T:0.17045    C:0.09091    A:0.38636    G:0.35227
position  2:    T:0.22727    C:0.15909    A:0.31818    G:0.29545
position  3:    T:0.31818    C:0.29545    A:0.17045    G:0.21591
Average         T:0.23864    C:0.18182    A:0.29167    G:0.28788

#45: MuntiacusCrinifrons
position  1:    T:0.17045    C:0.09091    A:0.38636    G:0.35227
position  2:    T:0.22727    C:0.15909    A:0.31818    G:0.29545
position  3:    T:0.29545    C:0.32955    A:0.14773    G:0.22727
Average         T:0.23106    C:0.19318    A:0.28409    G:0.29167

#46: WhiteTailedDeer
position  1:    T:0.17045    C:0.09091    A:0.38636    G:0.35227
position  2:    T:0.22727    C:0.15909    A:0.31818    G:0.29545
position  3:    T:0.29545    C:0.32955    A:0.14773    G:0.22727
Average         T:0.23106    C:0.19318    A:0.28409    G:0.29167

#47: Cattle         
position  1:    T:0.17045    C:0.09091    A:0.38636    G:0.35227
position  2:    T:0.22727    C:0.15909    A:0.31818    G:0.29545
position  3:    T:0.30682    C:0.31818    A:0.17045    G:0.20455
Average         T:0.23485    C:0.18939    A:0.29167    G:0.28409

#48: RoyalAntelope  
position  1:    T:0.17045    C:0.09091    A:0.38636    G:0.35227
position  2:    T:0.22727    C:0.15909    A:0.31818    G:0.29545
position  3:    T:0.30682    C:0.31818    A:0.17045    G:0.20455
Average         T:0.23485    C:0.18939    A:0.29167    G:0.28409

#49: Steenbok       
position  1:    T:0.17045    C:0.09091    A:0.37500    G:0.36364
position  2:    T:0.22727    C:0.15909    A:0.31818    G:0.29545
position  3:    T:0.29545    C:0.31818    A:0.17045    G:0.21591
Average         T:0.23106    C:0.18939    A:0.28788    G:0.29167

#50: Impala         
position  1:    T:0.17045    C:0.09091    A:0.38636    G:0.35227
position  2:    T:0.22727    C:0.15909    A:0.31818    G:0.29545
position  3:    T:0.30682    C:0.31818    A:0.17045    G:0.20455
Average         T:0.23485    C:0.18939    A:0.29167    G:0.28409

#51: Klipspringer   
position  1:    T:0.17045    C:0.09091    A:0.37500    G:0.36364
position  2:    T:0.22727    C:0.15909    A:0.31818    G:0.29545
