CODONML (in paml version 4.10.7, June 2023)  /home/rachel/ruminants_paml/6406-phy-tree/ENSBTAT00000007094.fasta.phy
Model: free dN/dS Ratios for branches,  kappa = 2.000 fixed

Codon frequency model: F3x4
ns =  54  ls =  29

Codon usage in sequences
--------------------------------------------------------------------------------------------------------------------------------------
Phe TTT   1   1   1   1   1   1 | Ser TCT   1   1   1   1   1   1 | Tyr TAT   0   0   0   0   1   1 | Cys TGT   0   0   0   0   0   0
    TTC   1   1   1   1   1   1 |     TCC   0   0   0   0   0   0 |     TAC   1   1   1   1   0   0 |     TGC   0   0   0   0   0   0
Leu TTA   0   0   0   0   0   0 |     TCA   1   1   1   1   1   1 | *** TAA   0   0   0   0   0   0 | *** TGA   0   0   0   0   0   0
    TTG   0   0   0   0   0   0 |     TCG   0   0   0   0   0   0 |     TAG   0   0   0   0   0   0 | Trp TGG   2   2   2   2   2   2
--------------------------------------------------------------------------------------------------------------------------------------
Leu CTT   1   1   1   1   1   1 | Pro CCT   0   0   0   0   0   0 | His CAT   1   1   1   1   1   1 | Arg CGT   0   0   0   0   0   0
    CTC   2   2   2   2   1   2 |     CCC   0   0   0   0   0   0 |     CAC   0   0   0   0   0   0 |     CGC   0   0   0   0   0   0
    CTA   1   0   1   1   1   1 |     CCA   1   1   1   1   1   1 | Gln CAA   0   0   0   0   0   0 |     CGA   1   1   1   1   0   0
    CTG   0   1   0   0   0   0 |     CCG   0   0   0   0   0   0 |     CAG   1   1   1   1   1   1 |     CGG   0   0   0   0   1   1
--------------------------------------------------------------------------------------------------------------------------------------
Ile ATT   1   1   1   1   1   1 | Thr ACT   1   0   1   1   1   1 | Asn AAT   1   1   1   1   1   1 | Ser AGT   0   0   0   0   0   0
    ATC   1   1   1   1   2   0 |     ACC   0   0   0   0   0   0 |     AAC   0   0   0   0   0   0 |     AGC   1   1   1   1   1   1
    ATA   0   0   0   0   0   1 |     ACA   1   2   1   1   1   2 | Lys AAA   0   0   0   0   0   0 | Arg AGA   0   0   0   0   0   0
Met ATG   2   2   2   2   2   1 |     ACG   0   0   0   0   0   0 |     AAG   0   0   0   0   0   0 |     AGG   0   0   0   0   0   0
--------------------------------------------------------------------------------------------------------------------------------------
Val GTT   0   0   0   0   0   0 | Ala GCT   1   1   1   1   1   1 | Asp GAT   0   0   0   0   0   0 | Gly GGT   0   0   0   0   0   0
    GTC   1   1   1   1   1   1 |     GCC   0   0   0   0   0   0 |     GAC   0   0   0   0   0   0 |     GGC   0   0   0   0   0   0
    GTA   0   0   0   0   0   0 |     GCA   2   2   2   2   2   1 | Glu GAA   1   1   1   1   1   1 |     GGA   0   0   0   0   0   0
    GTG   0   0   0   0   0   1 |     GCG   0   0   0   0   0   0 |     GAG   0   0   0   0   0   0 |     GGG   1   1   1   1   1   1
--------------------------------------------------------------------------------------------------------------------------------------

--------------------------------------------------------------------------------------------------------------------------------------
Phe TTT   1   1   1   1   1   1 | Ser TCT   1   1   1   1   1   1 | Tyr TAT   0   0   0   0   0   0 | Cys TGT   0   0   0   0   0   0
    TTC   1   1   1   1   1   1 |     TCC   0   0   0   0   0   0 |     TAC   1   1   1   1   1   1 |     TGC   0   0   0   0   0   0
Leu TTA   0   0   0   0   0   0 |     TCA   1   1   1   1   1   1 | *** TAA   0   0   0   0   0   0 | *** TGA   0   0   0   0   0   0
    TTG   0   0   0   0   0   0 |     TCG   0   0   0   0   0   0 |     TAG   0   0   0   0   0   0 | Trp TGG   2   2   2   2   2   2
--------------------------------------------------------------------------------------------------------------------------------------
Leu CTT   1   1   1   1   1   1 | Pro CCT   0   0   0   0   0   0 | His CAT   1   1   1   1   1   1 | Arg CGT   0   0   0   0   0   0
    CTC   2   2   2   2   2   2 |     CCC   0   0   0   0   0   0 |     CAC   0   0   0   0   0   0 |     CGC   0   0   0   0   0   0
    CTA   1   1   1   1   1   1 |     CCA   1   1   1   1   1   1 | Gln CAA   0   0   0   0   0   0 |     CGA   1   1   1   1   1   1
    CTG   0   0   0   0   0   0 |     CCG   0   0   0   0   0   0 |     CAG   1   1   1   1   1   1 |     CGG   0   0   0   0   0   0
--------------------------------------------------------------------------------------------------------------------------------------
Ile ATT   1   1   1   1   1   1 | Thr ACT   1   1   1   1   1   1 | Asn AAT   1   1   1   1   1   1 | Ser AGT   0   0   0   0   0   0
    ATC   1   1   1   1   1   1 |     ACC   0   0   0   0   0   0 |     AAC   0   0   0   0   0   0 |     AGC   1   1   1   1   1   1
    ATA   0   0   0   0   0   0 |     ACA   1   1   1   1   1   1 | Lys AAA   0   0   0   0   0   0 | Arg AGA   0   0   0   0   0   0
Met ATG   2   2   2   2   2   2 |     ACG   0   0   0   0   0   0 |     AAG   0   0   0   0   0   0 |     AGG   0   0   0   0   0   0
--------------------------------------------------------------------------------------------------------------------------------------
Val GTT   0   0   0   0   0   0 | Ala GCT   1   1   1   1   1   1 | Asp GAT   0   0   0   0   0   0 | Gly GGT   0   0   0   0   0   0
    GTC   1   1   1   1   1   1 |     GCC   0   0   0   0   0   0 |     GAC   0   0   0   0   0   0 |     GGC   0   0   0   0   0   0
    GTA   0   0   0   0   0   0 |     GCA   2   2   2   2   2   2 | Glu GAA   1   1   1   1   1   1 |     GGA   0   0   0   0   0   0
    GTG   0   0   0   0   0   0 |     GCG   0   0   0   0   0   0 |     GAG   0   0   0   0   0   0 |     GGG   1   1   1   1   1   1
--------------------------------------------------------------------------------------------------------------------------------------

--------------------------------------------------------------------------------------------------------------------------------------
Phe TTT   1   1   1   1   1   1 | Ser TCT   1   1   1   1   1   1 | Tyr TAT   0   0   0   0   0   0 | Cys TGT   0   0   0   0   0   0
    TTC   1   1   1   1   1   1 |     TCC   0   0   0   0   0   0 |     TAC   1   1   1   1   1   1 |     TGC   0   0   0   0   0   0
Leu TTA   0   0   0   0   0   0 |     TCA   1   1   1   1   1   1 | *** TAA   0   0   0   0   0   0 | *** TGA   0   0   0   0   0   0
    TTG   0   0   0   0   1   0 |     TCG   0   0   0   0   0   0 |     TAG   0   0   0   0   0   0 | Trp TGG   2   2   2   2   2   2
--------------------------------------------------------------------------------------------------------------------------------------
Leu CTT   1   1   1   1   1   1 | Pro CCT   0   0   0   0   0   0 | His CAT   1   1   1   1   1   0 | Arg CGT   0   0   0   0   0   0
    CTC   2   2   2   2   2   2 |     CCC   0   0   0   0   0   0 |     CAC   0   0   0   0   0   1 |     CGC   0   0   0   0   0   0
    CTA   1   1   1   1   1   1 |     CCA   1   1   1   1   1   1 | Gln CAA   0   0   0   0   0   0 |     CGA   1   1   1   1   1   1
    CTG   0   0   0   0   0   0 |     CCG   0   0   0   0   0   0 |     CAG   1   1   1   1   1   1 |     CGG   0   0   0   0   0   0
--------------------------------------------------------------------------------------------------------------------------------------
Ile ATT   1   1   1   1   1   1 | Thr ACT   1   1   1   1   1   1 | Asn AAT   1   1   1   1   1   1 | Ser AGT   0   0   0   0   0   0
    ATC   1   1   1   1   1   1 |     ACC   0   0   0   0   0   0 |     AAC   0   0   0   0   0   0 |     AGC   1   1   1   1   1   1
    ATA   0   0   0   0   0   0 |     ACA   1   2   1   1   1   1 | Lys AAA   0   0   0   0   0   0 | Arg AGA   0   0   0   0   0   0
Met ATG   2   2   2   2   1   2 |     ACG   0   0   0   0   0   0 |     AAG   0   0   0   0   0   0 |     AGG   0   0   0   0   0   0
--------------------------------------------------------------------------------------------------------------------------------------
Val GTT   0   0   0   0   0   0 | Ala GCT   1   1   1   1   1   1 | Asp GAT   0   0   0   0   0   0 | Gly GGT   0   0   0   0   0   0
    GTC   1   1   1   1   1   1 |     GCC   0   0   0   0   0   0 |     GAC   0   0   0   0   0   0 |     GGC   0   0   0   0   0   0
    GTA   0   0   0   0   0   0 |     GCA   2   1   2   2   2   2 | Glu GAA   1   1   1   1   1   1 |     GGA   0   0   0   0   0   0
    GTG   0   0   0   0   0   0 |     GCG   0   0   0   0   0   0 |     GAG   0   0   0   0   0   0 |     GGG   1   1   1   1   1   1
--------------------------------------------------------------------------------------------------------------------------------------

--------------------------------------------------------------------------------------------------------------------------------------
Phe TTT   1   1   1   1   1   1 | Ser TCT   1   1   1   1   1   1 | Tyr TAT   0   0   0   0   0   0 | Cys TGT   0   0   0   0   0   0
    TTC   1   1   1   1   1   1 |     TCC   0   0   0   0   0   0 |     TAC   1   1   1   1   1   1 |     TGC   0   0   0   0   0   0
Leu TTA   0   0   0   0   0   0 |     TCA   1   1   1   1   1   1 | *** TAA   0   0   0   0   0   0 | *** TGA   0   0   0   0   0   0
    TTG   0   0   0   0   0   0 |     TCG   0   0   0   0   0   0 |     TAG   0   0   0   0   0   0 | Trp TGG   2   2   2   2   2   2
--------------------------------------------------------------------------------------------------------------------------------------
Leu CTT   1   1   1   1   1   1 | Pro CCT   0   0   0   0   0   0 | His CAT   1   1   1   1   1   1 | Arg CGT   0   0   0   0   0   0
    CTC   2   2   2   2   2   2 |     CCC   0   0   0   0   0   0 |     CAC   0   0   0   0   0   0 |     CGC   0   0   0   0   0   0
    CTA   1   1   1   1   1   1 |     CCA   1   1   1   1   1   1 | Gln CAA   0   0   0   0   0   0 |     CGA   1   1   1   1   1   1
    CTG   0   0   0   0   0   0 |     CCG   0   0   0   0   0   0 |     CAG   1   1   1   1   1   1 |     CGG   0   0   0   0   0   0
--------------------------------------------------------------------------------------------------------------------------------------
Ile ATT   1   1   1   1   1   1 | Thr ACT   1   1   1   1   1   1 | Asn AAT   1   1   1   1   1   1 | Ser AGT   0   0   0   0   0   0
    ATC   1   1   1   1   1   1 |     ACC   0   0   0   0   0   0 |     AAC   0   0   0   0   0   0 |     AGC   1   1   1   1   1   1
    ATA   0   0   0   0   0   0 |     ACA   2   2   1   1   1   1 | Lys AAA   0   0   0   0   0   0 | Arg AGA   0   0   0   0   0   0
Met ATG   2   2   2   2   2   2 |     ACG   0   0   0   0   0   0 |     AAG   0   0   0   0   0   0 |     AGG   0   0   0   0   0   0
--------------------------------------------------------------------------------------------------------------------------------------
Val GTT   0   0   0   0   0   0 | Ala GCT   1   1   1   1   1   1 | Asp GAT   0   0   0   0   0   0 | Gly GGT   0   0   0   0   0   0
    GTC   1   1   1   1   1   1 |     GCC   0   0   0   0   0   0 |     GAC   0   0   0   0   0   0 |     GGC   0   0   0   0   0   0
    GTA   0   0   0   0   0   0 |     GCA   1   1   2   2   2   2 | Glu GAA   1   1   1   1   1   1 |     GGA   0   0   0   0   0   0
    GTG   0   0   0   0   0   0 |     GCG   0   0   0   0   0   0 |     GAG   0   0   0   0   0   0 |     GGG   1   1   1   1   1   1
--------------------------------------------------------------------------------------------------------------------------------------

--------------------------------------------------------------------------------------------------------------------------------------
Phe TTT   1   1   1   1   1   1 | Ser TCT   1   1   1   1   1   1 | Tyr TAT   0   0   0   0   0   0 | Cys TGT   0   0   0   0   0   0
    TTC   1   1   1   1   1   1 |     TCC   0   0   0   0   0   0 |     TAC   1   1   1   1   1   1 |     TGC   0   0   0   0   0   0
Leu TTA   0   0   0   0   0   0 |     TCA   1   1   1   1   1   1 | *** TAA   0   0   0   0   0   0 | *** TGA   0   0   0   0   0   0
    TTG   0   0   0   0   0   0 |     TCG   0   0   0   0   0   0 |     TAG   0   0   0   0   0   0 | Trp TGG   2   2   2   2   2   2
--------------------------------------------------------------------------------------------------------------------------------------
Leu CTT   1   1   1   1   1   1 | Pro CCT   0   0   0   0   0   0 | His CAT   1   0   1   1   1   1 | Arg CGT   0   0   0   0   0   0
    CTC   2   2   2   2   2   2 |     CCC   0   0   0   0   0   0 |     CAC   0   1   0   0   0   0 |     CGC   0   0   0   0   0   0
    CTA   1   1   1   1   1   1 |     CCA   1   1   1   1   1   1 | Gln CAA   0   0   0   0   0   0 |     CGA   1   1   1   1   1   1
    CTG   0   0   0   0   0   0 |     CCG   0   0   0   0   0   0 |     CAG   1   1   1   1   1   1 |     CGG   0   0   0   0   0   0
--------------------------------------------------------------------------------------------------------------------------------------
Ile ATT   1   1   1   1   1   1 | Thr ACT   1   1   1   1   1   1 | Asn AAT   1   1   1   1   1   1 | Ser AGT   0   0   0   0   0   0
    ATC   1   0   1   1   1   1 |     ACC   0   0   0   0   0   0 |     AAC   0   0   0   0   0   0 |     AGC   1   1   1   1   1   1
    ATA   0   0   0   0   0   0 |     ACA   1   0   1   1   1   1 | Lys AAA   0   0   0   0   0   0 | Arg AGA   0   0   0   0   0   0
Met ATG   2   2   2   2   2   2 |     ACG   0   0   0   0   0   0 |     AAG   0   0   0   0   0   0 |     AGG   0   0   0   0   0   0
--------------------------------------------------------------------------------------------------------------------------------------
Val GTT   0   0   0   0   0   0 | Ala GCT   1   1   1   1   1   1 | Asp GAT   0   0   0   0   0   0 | Gly GGT   0   0   0   0   0   0
    GTC   1   2   1   1   1   1 |     GCC   0   0   0   0   0   0 |     GAC   0   0   0   0   0   0 |     GGC   0   0   0   0   0   0
    GTA   0   0   0   0   0   0 |     GCA   2   3   2   2   2   2 | Glu GAA   1   1   1   1   1   1 |     GGA   0   0   0   0   0   0
    GTG   0   0   0   0   0   0 |     GCG   0   0   0   0   0   0 |     GAG   0   0   0   0   0   0 |     GGG   1   1   1   1   1   1
--------------------------------------------------------------------------------------------------------------------------------------

--------------------------------------------------------------------------------------------------------------------------------------
Phe TTT   1   1   1   1   1   1 | Ser TCT   1   1   1   1   1   1 | Tyr TAT   0   0   0   0   0   0 | Cys TGT   0   0   0   0   0   0
    TTC   1   1   1   1   1   1 |     TCC   0   0   0   0   0   0 |     TAC   1   1   1   1   1   1 |     TGC   0   0   0   0   0   0
Leu TTA   0   0   0   0   0   0 |     TCA   1   1   1   1   1   1 | *** TAA   0   0   0   0   0   0 | *** TGA   0   0   0   0   0   0
    TTG   0   0   0   0   1   0 |     TCG   0   0   0   0   0   0 |     TAG   0   0   0   0   0   0 | Trp TGG   2   2   2   2   2   2
--------------------------------------------------------------------------------------------------------------------------------------
Leu CTT   1   1   1   1   0   1 | Pro CCT   0   0   0   0   0   0 | His CAT   0   1   1   1   1   1 | Arg CGT   0   0   0   0   0   0
    CTC   2   2   2   2   2   2 |     CCC   0   0   0   0   0   0 |     CAC   1   0   0   0   0   0 |     CGC   0   0   0   0   0   0
    CTA   1   1   1   1   0   1 |     CCA   1   1   1   1   1   1 | Gln CAA   0   0   0   0   0   0 |     CGA   1   1   1   1   1   1
    CTG   0   0   0   0   1   0 |     CCG   0   0   0   0   0   0 |     CAG   1   1   1   1   1   1 |     CGG   0   0   0   0   0   0
--------------------------------------------------------------------------------------------------------------------------------------
Ile ATT   1   1   1   1   1   1 | Thr ACT   1   1   1   1   1   1 | Asn AAT   1   1   1   1   1   1 | Ser AGT   0   0   0   0   0   0
    ATC   1   1   1   1   1   1 |     ACC   0   0   0   0   0   0 |     AAC   0   0   0   0   0   0 |     AGC   1   1   1   1   1   1
    ATA   0   0   0   0   0   0 |     ACA   1   1   1   1   1   1 | Lys AAA   0   0   0   0   0   0 | Arg AGA   0   0   0   0   0   0
Met ATG   2   2   2   2   2   2 |     ACG   0   0   0   0   0   0 |     AAG   0   0   0   0   0   0 |     AGG   0   0   0   0   0   0
--------------------------------------------------------------------------------------------------------------------------------------
Val GTT   0   0   0   0   0   0 | Ala GCT   1   1   1   1   1   1 | Asp GAT   0   0   0   0   0   0 | Gly GGT   0   0   0   0   0   0
    GTC   1   1   1   1   1   1 |     GCC   0   0   0   0   0   0 |     GAC   0   0   0   0   0   0 |     GGC   0   0   0   0   0   0
    GTA   0   0   0   0   0   0 |     GCA   2   2   2   2   2   2 | Glu GAA   1   1   1   1   1   1 |     GGA   0   0   0   0   0   0
    GTG   0   0   0   0   0   0 |     GCG   0   0   0   0   0   0 |     GAG   0   0   0   0   0   0 |     GGG   1   1   1   1   1   1
--------------------------------------------------------------------------------------------------------------------------------------

--------------------------------------------------------------------------------------------------------------------------------------
Phe TTT   1   1   1   1   1   1 | Ser TCT   1   1   1   1   1   1 | Tyr TAT   0   0   0   0   0   0 | Cys TGT   0   0   0   0   0   0
    TTC   1   1   1   1   1   1 |     TCC   0   0   0   0   0   0 |     TAC   1   1   1   1   1   1 |     TGC   0   0   0   0   0   0
Leu TTA   0   0   0   0   0   0 |     TCA   1   1   1   1   1   1 | *** TAA   0   0   0   0   0   0 | *** TGA   0   0   0   0   0   0
    TTG   0   0   0   0   0   0 |     TCG   0   0   0   0   0   0 |     TAG   0   0   0   0   0   0 | Trp TGG   2   2   2   2   2   2
--------------------------------------------------------------------------------------------------------------------------------------
Leu CTT   1   1   1   1   1   1 | Pro CCT   0   0   0   0   0   0 | His CAT   1   1   1   1   1   1 | Arg CGT   0   0   0   0   0   0
    CTC   2   2   2   2   2   2 |     CCC   0   0   0   0   0   0 |     CAC   0   0   0   0   0   0 |     CGC   0   0   0   0   0   0
    CTA   1   1   1   1   1   1 |     CCA   1   1   1   1   1   1 | Gln CAA   0   0   0   0   0   0 |     CGA   1   1   1   1   1   1
    CTG   0   0   0   0   0   0 |     CCG   0   0   0   0   0   0 |     CAG   1   1   1   1   1   1 |     CGG   0   0   0   0   0   0
--------------------------------------------------------------------------------------------------------------------------------------
Ile ATT   1   1   1   1   1   1 | Thr ACT   1   1   1   1   1   1 | Asn AAT   1   0   1   1   1   1 | Ser AGT   0   0   0   0   0   0
    ATC   1   1   1   1   1   1 |     ACC   0   0   0   0   0   0 |     AAC   0   1   0   0   0   0 |     AGC   1   1   1   1   1   1
    ATA   0   0   0   0   0   0 |     ACA   1   1   1   1   1   1 | Lys AAA   0   0   0   0   0   0 | Arg AGA   0   0   0   0   0   0
Met ATG   2   2   2   2   2   2 |     ACG   0   0   0   0   0   0 |     AAG   0   0   0   0   0   0 |     AGG   0   0   0   0   0   0
--------------------------------------------------------------------------------------------------------------------------------------
Val GTT   0   0   0   0   0   0 | Ala GCT   1   1   1   1   1   0 | Asp GAT   0   0   0   0   0   0 | Gly GGT   0   0   0   0   0   0
    GTC   1   1   1   1   1   1 |     GCC   0   0   0   0   0   0 |     GAC   0   0   0   0   0   0 |     GGC   0   0   0   0   0   0
    GTA   0   0   0   0   0   0 |     GCA   2   2   2   2   2   3 | Glu GAA   1   1   1   1   1   1 |     GGA   0   0   0   0   0   0
    GTG   0   0   0   0   0   0 |     GCG   0   0   0   0   0   0 |     GAG   0   0   0   0   0   0 |     GGG   1   1   1   1   1   1
--------------------------------------------------------------------------------------------------------------------------------------

--------------------------------------------------------------------------------------------------------------------------------------
Phe TTT   1   0   1   1   1   1 | Ser TCT   1   1   1   1   1   1 | Tyr TAT   0   0   0   0   0   0 | Cys TGT   0   0   0   0   0   0
    TTC   1   2   1   1   1   1 |     TCC   0   0   0   0   0   0 |     TAC   1   1   1   1   1   1 |     TGC   0   0   0   0   0   0
Leu TTA   0   0   0   0   0   0 |     TCA   1   1   1   1   1   1 | *** TAA   0   0   0   0   0   0 | *** TGA   0   0   0   0   0   0
    TTG   0   0   0   0   0   0 |     TCG   0   0   0   0   0   0 |     TAG   0   0   0   0   0   0 | Trp TGG   2   2   2   2   2   2
--------------------------------------------------------------------------------------------------------------------------------------
Leu CTT   1   1   1   1   1   1 | Pro CCT   0   0   0   0   0   0 | His CAT   1   1   1   0   1   1 | Arg CGT   0   0   0   0   0   0
    CTC   2   2   2   2   2   2 |     CCC   0   0   0   0   0   0 |     CAC   0   0   0   1   0   0 |     CGC   0   0   0   0   0   0
    CTA   1   1   1   1   1   1 |     CCA   1   1   1   1   1   1 | Gln CAA   0   0   0   0   0   0 |     CGA   1   1   1   1   1   1
    CTG   0   0   0   0   0   0 |     CCG   0   0   0   0   0   0 |     CAG   1   1   1   1   1   1 |     CGG   0   0   0   0   0   0
--------------------------------------------------------------------------------------------------------------------------------------
Ile ATT   1   1   1   1   1   1 | Thr ACT   1   1   1   1   1   1 | Asn AAT   1   1   1   1   0   1 | Ser AGT   0   0   0   0   0   0
    ATC   1   1   1   1   1   1 |     ACC   0   0   0   0   0   0 |     AAC   0   0   0   0   1   0 |     AGC   1   1   1   1   1   1
    ATA   0   0   0   0   0   0 |     ACA   1   1   1   1   1   1 | Lys AAA   0   0   0   0   0   0 | Arg AGA   0   0   0   0   0   0
Met ATG   2   2   2   2   2   2 |     ACG   0   0   0   0   0   0 |     AAG   0   0   0   0   0   0 |     AGG   0   0   0   0   0   0
--------------------------------------------------------------------------------------------------------------------------------------
Val GTT   0   0   0   0   0   0 | Ala GCT   1   1   1   1   1   1 | Asp GAT   0   0   0   0   0   0 | Gly GGT   0   0   0   0   0   0
    GTC   1   1   1   1   1   1 |     GCC   0   0   0   0   0   0 |     GAC   0   0   0   0   0   0 |     GGC   0   0   0   0   0   0
    GTA   0   0   0   0   0   0 |     GCA   1   2   2   2   2   2 | Glu GAA   1   1   1   1   1   1 |     GGA   0   0   0   0   0   0
    GTG   0   0   0   0   0   0 |     GCG   1   0   0   0   0   0 |     GAG   0   0   0   0   0   0 |     GGG   1   1   1   1   1   1
--------------------------------------------------------------------------------------------------------------------------------------

--------------------------------------------------------------------------------------------------------------------------------------
Phe TTT   1   1   1   1   1   1 | Ser TCT   1   1   1   1   1   1 | Tyr TAT   0   0   0   0   0   0 | Cys TGT   0   0   0   0   0   0
    TTC   1   1   1   1   1   1 |     TCC   0   0   0   0   0   0 |     TAC   1   1   1   1   1   1 |     TGC   0   0   0   0   0   0
Leu TTA   0   0   0   0   0   0 |     TCA   1   1   1   1   1   1 | *** TAA   0   0   0   0   0   0 | *** TGA   0   0   0   0   0   0
    TTG   0   0   0   0   0   0 |     TCG   0   0   0   0   0   0 |     TAG   0   0   0   0   0   0 | Trp TGG   2   2   2   2   2   2
--------------------------------------------------------------------------------------------------------------------------------------
Leu CTT   1   1   1   1   1   1 | Pro CCT   0   0   0   0   0   0 | His CAT   1   1   1   1   1   1 | Arg CGT   0   0   0   0   0   0
    CTC   2   2   2   2   2   2 |     CCC   0   0   0   0   0   0 |     CAC   0   0   0   0   0   0 |     CGC   0   0   0   0   0   0
    CTA   1   1   1   1   1   1 |     CCA   1   1   1   1   1   1 | Gln CAA   0   0   0   0   0   0 |     CGA   1   1   1   1   1   1
    CTG   0   0   0   0   0   0 |     CCG   0   0   0   0   0   0 |     CAG   1   1   1   1   1   1 |     CGG   0   0   0   0   0   0
--------------------------------------------------------------------------------------------------------------------------------------
Ile ATT   1   1   1   1   1   1 | Thr ACT   1   1   1   1   1   1 | Asn AAT   1   1   1   1   1   1 | Ser AGT   0   0   0   0   0   0
    ATC   1   1   1   1   1   1 |     ACC   0   0   0   0   0   0 |     AAC   0   0   0   0   0   0 |     AGC   1   1   1   1   1   1
    ATA   0   0   0   0   0   0 |     ACA   1   1   1   1   1   1 | Lys AAA   0   0   0   0   0   0 | Arg AGA   0   0   0   0   0   0
Met ATG   2   2   2   2   2   2 |     ACG   0   0   0   0   0   0 |     AAG   0   0   0   0   0   0 |     AGG   0   0   0   0   0   0
--------------------------------------------------------------------------------------------------------------------------------------
Val GTT   0   0   0   0   0   0 | Ala GCT   1   1   1   1   1   1 | Asp GAT   0   0   0   0   0   0 | Gly GGT   0   0   0   0   0   0
    GTC   1   1   1   1   1   1 |     GCC   0   0   0   0   0   0 |     GAC   0   0   0   0   0   0 |     GGC   0   0   0   0   0   0
    GTA   0   0   0   0   0   0 |     GCA   2   2   2   2   2   2 | Glu GAA   1   1   1   1   1   1 |     GGA   0   0   0   0   0   0
    GTG   0   0   0   0   0   0 |     GCG   0   0   0   0   0   0 |     GAG   0   0   0   0   0   0 |     GGG   1   1   1   1   1   1
--------------------------------------------------------------------------------------------------------------------------------------

Codon position x base (3x4) table for each sequence.

#1: Argali         
position  1:    T:0.24138    C:0.27586    A:0.27586    G:0.20690
position  2:    T:0.37931    C:0.27586    A:0.17241    G:0.17241
position  3:    T:0.27586    C:0.24138    A:0.27586    G:0.20690
Average         T:0.29885    C:0.26437    A:0.24138    G:0.19540

#2: LesserMouseDeer
position  1:    T:0.24138    C:0.27586    A:0.27586    G:0.20690
position  2:    T:0.37931    C:0.27586    A:0.17241    G:0.17241
position  3:    T:0.24138    C:0.24138    A:0.27586    G:0.24138
Average         T:0.28736    C:0.26437    A:0.24138    G:0.20690

#3: LesserKudu     
position  1:    T:0.24138    C:0.27586    A:0.27586    G:0.20690
position  2:    T:0.37931    C:0.27586    A:0.17241    G:0.17241
position  3:    T:0.27586    C:0.24138    A:0.27586    G:0.20690
Average         T:0.29885    C:0.26437    A:0.24138    G:0.19540

#4: ForestMuskDeer2
position  1:    T:0.24138    C:0.27586    A:0.27586    G:0.20690
position  2:    T:0.37931    C:0.27586    A:0.17241    G:0.17241
position  3:    T:0.27586    C:0.24138    A:0.27586    G:0.20690
Average         T:0.29885    C:0.26437    A:0.24138    G:0.19540

#5: Camel          
position  1:    T:0.24138    C:0.24138    A:0.31034    G:0.20690
position  2:    T:0.37931    C:0.27586    A:0.17241    G:0.17241
position  3:    T:0.31034    C:0.20690    A:0.24138    G:0.24138
Average         T:0.31034    C:0.24138    A:0.24138    G:0.20690

#6: KillerWhale    
position  1:    T:0.24138    C:0.27586    A:0.27586    G:0.20690
position  2:    T:0.37931    C:0.27586    A:0.17241    G:0.17241
position  3:    T:0.31034    C:0.17241    A:0.27586    G:0.24138
Average         T:0.31034    C:0.24138    A:0.24138    G:0.20690

#7: DefassaWaterbuck
position  1:    T:0.24138    C:0.27586    A:0.27586    G:0.20690
position  2:    T:0.37931    C:0.27586    A:0.17241    G:0.17241
position  3:    T:0.27586    C:0.24138    A:0.27586    G:0.20690
Average         T:0.29885    C:0.26437    A:0.24138    G:0.19540

#8: Sheep          
position  1:    T:0.24138    C:0.27586    A:0.27586    G:0.20690
position  2:    T:0.37931    C:0.27586    A:0.17241    G:0.17241
position  3:    T:0.27586    C:0.24138    A:0.27586    G:0.20690
Average         T:0.29885    C:0.26437    A:0.24138    G:0.19540

#9: MaxwellsDuiker 
position  1:    T:0.24138    C:0.27586    A:0.27586    G:0.20690
position  2:    T:0.37931    C:0.27586    A:0.17241    G:0.17241
position  3:    T:0.27586    C:0.24138    A:0.27586    G:0.20690
Average         T:0.29885    C:0.26437    A:0.24138    G:0.19540

#10: GazellaPrzewalskyi
position  1:    T:0.24138    C:0.27586    A:0.27586    G:0.20690
position  2:    T:0.37931    C:0.27586    A:0.17241    G:0.17241
position  3:    T:0.27586    C:0.24138    A:0.27586    G:0.20690
Average         T:0.29885    C:0.26437    A:0.24138    G:0.19540

#11: MountainNyala  
position  1:    T:0.24138    C:0.27586    A:0.27586    G:0.20690
position  2:    T:0.37931    C:0.27586    A:0.17241    G:0.17241
position  3:    T:0.27586    C:0.24138    A:0.27586    G:0.20690
Average         T:0.29885    C:0.26437    A:0.24138    G:0.19540

#12: MuntiacusMuntjak
position  1:    T:0.24138    C:0.27586    A:0.27586    G:0.20690
position  2:    T:0.37931    C:0.27586    A:0.17241    G:0.17241
position  3:    T:0.27586    C:0.24138    A:0.27586    G:0.20690
Average         T:0.29885    C:0.26437    A:0.24138    G:0.19540

#13: goat           
position  1:    T:0.24138    C:0.27586    A:0.27586    G:0.20690
position  2:    T:0.37931    C:0.27586    A:0.17241    G:0.17241
position  3:    T:0.27586    C:0.24138    A:0.27586    G:0.20690
Average         T:0.29885    C:0.26437    A:0.24138    G:0.19540

#14: AfricanBuffalo 
position  1:    T:0.24138    C:0.27586    A:0.31034    G:0.17241
position  2:    T:0.37931    C:0.27586    A:0.17241    G:0.17241
position  3:    T:0.27586    C:0.24138    A:0.27586    G:0.20690
Average         T:0.29885    C:0.26437    A:0.25287    G:0.18391

#15: Topi           
position  1:    T:0.24138    C:0.27586    A:0.27586    G:0.20690
position  2:    T:0.37931    C:0.27586    A:0.17241    G:0.17241
position  3:    T:0.27586    C:0.24138    A:0.27586    G:0.20690
Average         T:0.29885    C:0.26437    A:0.24138    G:0.19540

#16: CommonDuiker   
position  1:    T:0.24138    C:0.27586    A:0.27586    G:0.20690
position  2:    T:0.37931    C:0.27586    A:0.17241    G:0.17241
position  3:    T:0.27586    C:0.24138    A:0.27586    G:0.20690
Average         T:0.29885    C:0.26437    A:0.24138    G:0.19540

#17: Suni           
position  1:    T:0.27586    C:0.27586    A:0.24138    G:0.20690
position  2:    T:0.37931    C:0.27586    A:0.17241    G:0.17241
position  3:    T:0.27586    C:0.24138    A:0.27586    G:0.20690
Average         T:0.31034    C:0.26437    A:0.22989    G:0.19540

#18: Springbuck     
position  1:    T:0.24138    C:0.27586    A:0.27586    G:0.20690
position  2:    T:0.37931    C:0.27586    A:0.17241    G:0.17241
position  3:    T:0.24138    C:0.27586    A:0.27586    G:0.20690
Average         T:0.28736    C:0.27586    A:0.24138    G:0.19540

#19: Okapi          
position  1:    T:0.24138    C:0.27586    A:0.31034    G:0.17241
position  2:    T:0.37931    C:0.27586    A:0.17241    G:0.17241
position  3:    T:0.27586    C:0.24138    A:0.27586    G:0.20690
Average         T:0.29885    C:0.26437    A:0.25287    G:0.18391

#20: Giraffe        
position  1:    T:0.24138    C:0.27586    A:0.31034    G:0.17241
position  2:    T:0.37931    C:0.27586    A:0.17241    G:0.17241
position  3:    T:0.27586    C:0.24138    A:0.27586    G:0.20690
Average         T:0.29885    C:0.26437    A:0.25287    G:0.18391

#21: TibetanAntelope
position  1:    T:0.24138    C:0.27586    A:0.27586    G:0.20690
position  2:    T:0.37931    C:0.27586    A:0.17241    G:0.17241
position  3:    T:0.27586    C:0.24138    A:0.27586    G:0.20690
Average         T:0.29885    C:0.26437    A:0.24138    G:0.19540

#22: Sitatunga      
position  1:    T:0.24138    C:0.27586    A:0.27586    G:0.20690
position  2:    T:0.37931    C:0.27586    A:0.17241    G:0.17241
position  3:    T:0.27586    C:0.24138    A:0.27586    G:0.20690
Average         T:0.29885    C:0.26437    A:0.24138    G:0.19540

#23: Oribi          
position  1:    T:0.24138    C:0.27586    A:0.27586    G:0.20690
position  2:    T:0.37931    C:0.27586    A:0.17241    G:0.17241
position  3:    T:0.27586    C:0.24138    A:0.27586    G:0.20690
Average         T:0.29885    C:0.26437    A:0.24138    G:0.19540

#24: BarbarySheep   
position  1:    T:0.24138    C:0.27586    A:0.27586    G:0.20690
position  2:    T:0.37931    C:0.27586    A:0.17241    G:0.17241
position  3:    T:0.27586    C:0.24138    A:0.27586    G:0.20690
Average         T:0.29885    C:0.26437    A:0.24138    G:0.19540

#25: Daviddeer      
position  1:    T:0.24138    C:0.27586    A:0.27586    G:0.20690
position  2:    T:0.37931    C:0.27586    A:0.17241    G:0.17241
position  3:    T:0.27586    C:0.24138    A:0.27586    G:0.20690
Average         T:0.29885    C:0.26437    A:0.24138    G:0.19540

#26: Reindeer       
position  1:    T:0.24138    C:0.27586    A:0.20690    G:0.27586
position  2:    T:0.37931    C:0.27586    A:0.17241    G:0.17241
position  3:    T:0.24138    C:0.27586    A:0.27586    G:0.20690
Average         T:0.28736    C:0.27586    A:0.21839    G:0.21839

#27: Ibex           
position  1:    T:0.24138    C:0.27586    A:0.27586    G:0.20690
position  2:    T:0.37931    C:0.27586    A:0.17241    G:0.17241
position  3:    T:0.27586    C:0.24138    A:0.27586    G:0.20690
Average         T:0.29885    C:0.26437    A:0.24138    G:0.19540

#28: GyrantGazelle  
position  1:    T:0.24138    C:0.27586    A:0.27586    G:0.20690
position  2:    T:0.37931    C:0.27586    A:0.17241    G:0.17241
position  3:    T:0.27586    C:0.24138    A:0.27586    G:0.20690
Average         T:0.29885    C:0.26437    A:0.24138    G:0.19540

#29: Hartebeest     
position  1:    T:0.24138    C:0.27586    A:0.27586    G:0.20690
position  2:    T:0.37931    C:0.27586    A:0.17241    G:0.17241
position  3:    T:0.27586    C:0.24138    A:0.27586    G:0.20690
Average         T:0.29885    C:0.26437    A:0.24138    G:0.19540

#30: Bongo          
position  1:    T:0.24138    C:0.27586    A:0.27586    G:0.20690
position  2:    T:0.37931    C:0.27586    A:0.17241    G:0.17241
position  3:    T:0.27586    C:0.24138    A:0.27586    G:0.20690
Average         T:0.29885    C:0.26437    A:0.24138    G:0.19540

#31: Gerenuk        
position  1:    T:0.24138    C:0.27586    A:0.27586    G:0.20690
position  2:    T:0.37931    C:0.27586    A:0.17241    G:0.17241
position  3:    T:0.24138    C:0.27586    A:0.27586    G:0.20690
Average         T:0.28736    C:0.27586    A:0.24138    G:0.19540

#32: CommonEland    
position  1:    T:0.24138    C:0.27586    A:0.27586    G:0.20690
position  2:    T:0.37931    C:0.27586    A:0.17241    G:0.17241
position  3:    T:0.27586    C:0.24138    A:0.27586    G:0.20690
Average         T:0.29885    C:0.26437    A:0.24138    G:0.19540

#33: MuntiacusReevesi
position  1:    T:0.24138    C:0.27586    A:0.27586    G:0.20690
position  2:    T:0.37931    C:0.27586    A:0.17241    G:0.17241
position  3:    T:0.27586    C:0.24138    A:0.27586    G:0.20690
Average         T:0.29885    C:0.26437    A:0.24138    G:0.19540

#34: HarveysDuiker  
position  1:    T:0.24138    C:0.27586    A:0.27586    G:0.20690
position  2:    T:0.37931    C:0.27586    A:0.17241    G:0.17241
position  3:    T:0.27586    C:0.24138    A:0.27586    G:0.20690
Average         T:0.29885    C:0.26437    A:0.24138    G:0.19540

#35: Pronghorn      
position  1:    T:0.27586    C:0.24138    A:0.27586    G:0.20690
position  2:    T:0.37931    C:0.27586    A:0.17241    G:0.17241
position  3:    T:0.24138    C:0.24138    A:0.24138    G:0.27586
Average         T:0.29885    C:0.25287    A:0.22989    G:0.21839

#36: BlueWildebeest 
position  1:    T:0.24138    C:0.27586    A:0.27586    G:0.20690
position  2:    T:0.37931    C:0.27586    A:0.17241    G:0.17241
position  3:    T:0.27586    C:0.24138    A:0.27586    G:0.20690
Average         T:0.29885    C:0.26437    A:0.24138    G:0.19540

#37: Gemsbok        
position  1:    T:0.24138    C:0.27586    A:0.27586    G:0.20690
position  2:    T:0.37931    C:0.27586    A:0.17241    G:0.17241
position  3:    T:0.27586    C:0.24138    A:0.27586    G:0.20690
Average         T:0.29885    C:0.26437    A:0.24138    G:0.19540

#38: Yak            
position  1:    T:0.24138    C:0.27586    A:0.27586    G:0.20690
position  2:    T:0.37931    C:0.27586    A:0.17241    G:0.17241
position  3:    T:0.24138    C:0.27586    A:0.27586    G:0.20690
Average         T:0.28736    C:0.27586    A:0.24138    G:0.19540

#39: BlueSheep      
position  1:    T:0.24138    C:0.27586    A:0.27586    G:0.20690
position  2:    T:0.37931    C:0.27586    A:0.17241    G:0.17241
position  3:    T:0.27586    C:0.24138    A:0.27586    G:0.20690
Average         T:0.29885    C:0.26437    A:0.24138    G:0.19540

#40: BohorReedbuck  
position  1:    T:0.24138    C:0.27586    A:0.27586    G:0.20690
position  2:    T:0.37931    C:0.27586    A:0.17241    G:0.17241
position  3:    T:0.27586    C:0.24138    A:0.27586    G:0.20690
Average         T:0.29885    C:0.26437    A:0.24138    G:0.19540

#41: KirksDik       
position  1:    T:0.24138    C:0.27586    A:0.27586    G:0.20690
position  2:    T:0.37931    C:0.27586    A:0.17241    G:0.17241
position  3:    T:0.27586    C:0.24138    A:0.27586    G:0.20690
Average         T:0.29885    C:0.26437    A:0.24138    G:0.19540

#42: RoeDeer        
position  1:    T:0.24138    C:0.27586    A:0.27586    G:0.20690
position  2:    T:0.37931    C:0.27586    A:0.17241    G:0.17241
position  3:    T:0.24138    C:0.24138    A:0.31034    G:0.20690
Average         T:0.28736    C:0.26437    A:0.25287    G:0.19540

#43: WhiteLippedDeer
position  1:    T:0.24138    C:0.27586    A:0.27586    G:0.20690
position  2:    T:0.37931    C:0.27586    A:0.17241    G:0.17241
position  3:    T:0.27586    C:0.24138    A:0.24138    G:0.24138
Average         T:0.29885    C:0.26437    A:0.22989    G:0.20690

#44: ThomsonGazelle 
position  1:    T:0.24138    C:0.27586    A:0.27586    G:0.20690
position  2:    T:0.37931    C:0.27586    A:0.17241    G:0.17241
position  3:    T:0.24138    C:0.27586    A:0.27586    G:0.20690
Average         T:0.28736    C:0.27586    A:0.24138    G:0.19540

#45: MuntiacusCrinifrons
position  1:    T:0.24138    C:0.27586    A:0.27586    G:0.20690
position  2:    T:0.37931    C:0.27586    A:0.17241    G:0.17241
position  3:    T:0.27586    C:0.24138    A:0.27586    G:0.20690
Average         T:0.29885    C:0.26437    A:0.24138    G:0.19540

#46: WhiteTailedDeer
position  1:    T:0.24138    C:0.27586    A:0.27586    G:0.20690
position  2:    T:0.37931    C:0.27586    A:0.17241    G:0.17241
position  3:    T:0.24138    C:0.27586    A:0.27586    G:0.20690
Average         T:0.28736    C:0.27586    A:0.24138    G:0.19540

#47: Cattle         
position  1:    T:0.24138    C:0.27586    A:0.27586    G:0.20690
position  2:    T:0.37931    C:0.27586    A:0.17241    G:0.17241
position  3:    T:0.24138    C:0.27586    A:0.27586    G:0.20690
Average         T:0.28736    C:0.27586    A:0.24138    G:0.19540

#48: RoyalAntelope  
position  1:    T:0.24138    C:0.27586    A:0.27586    G:0.20690
position  2:    T:0.37931    C:0.27586    A:0.17241    G:0.17241
position  3:    T:0.27586    C:0.24138    A:0.27586    G:0.20690
Average         T:0.29885    C:0.26437    A:0.24138    G:0.19540

#49: Steenbok       
position  1:    T:0.24138    C:0.27586    A:0.27586    G:0.20690
position  2:    T:0.37931    C:0.27586    A:0.17241    G:0.17241
position  3:    T:0.27586    C:0.24138    A:0.27586    G:0.20690
Average         T:0.29885    C:0.26437    A:0.24138    G:0.19540

#50: Impala         
position  1:    T:0.24138    C:0.27586    A:0.27586    G:0.20690
position  2:    T:0.37931    C:0.27586    A:0.17241    G:0.17241
position  3:    T:0.27586    C:0.24138    A:0.27586    G:0.20690
Average         T:0.29885    C:0.26437    A:0.24138    G:0.19540

#51: Klipspringer   
position  1:    T:0.24138    C:0.27586    A:0.27586    G:0.20690
position  2:    T:0.37931    C:0.27586    A:0.17241    G:0.17241
