CODONML (in paml version 4.10.7, June 2023)  /home/rachel/ruminants_paml/6406-phy-tree/ENSBTAT00000012411.fasta.phy
Model: free dN/dS Ratios for branches,  kappa = 2.000 fixed

Codon frequency model: F3x4
ns =  54  ls =  17

Codon usage in sequences
--------------------------------------------------------------------------------------------------------------------------------------
Phe TTT   0   0   0   0   0   1 | Ser TCT   0   0   0   0   0   0 | Tyr TAT   0   0   0   0   0   0 | Cys TGT   0   0   0   0   0   0
    TTC   0   0   0   0   1   0 |     TCC   0   0   0   0   0   0 |     TAC   1   1   1   1   1   1 |     TGC   0   0   0   0   0   1
Leu TTA   0   0   0   0   0   0 |     TCA   0   0   0   0   0   0 | *** TAA   0   0   0   0   0   0 | *** TGA   0   0   0   0   0   0
    TTG   1   1   1   1   0   0 |     TCG   0   0   0   0   0   0 |     TAG   0   0   0   0   0   0 | Trp TGG   0   0   0   0   0   0
--------------------------------------------------------------------------------------------------------------------------------------
Leu CTT   0   0   0   0   0   0 | Pro CCT   0   0   0   0   1   1 | His CAT   0   0   0   0   0   0 | Arg CGT   0   2   0   0   0   0
    CTC   0   0   0   0   0   0 |     CCC   2   2   2   3   1   1 |     CAC   0   0   0   1   0   0 |     CGC   2   0   2   2   2   1
    CTA   0   0   0   0   0   0 |     CCA   0   0   0   0   0   1 | Gln CAA   0   1   0   0   0   0 |     CGA   0   0   0   0   0   0
    CTG   2   2   2   2   3   2 |     CCG   1   1   1   0   1   0 |     CAG   1   0   1   0   1   1 |     CGG   0   0   0   0   0   0
--------------------------------------------------------------------------------------------------------------------------------------
Ile ATT   0   0   0   0   0   0 | Thr ACT   0   0   0   0   0   0 | Asn AAT   0   0   0   0   0   0 | Ser AGT   1   0   1   1   1   2
    ATC   1   1   0   1   1   1 |     ACC   0   1   0   0   1   0 |     AAC   0   0   0   0   0   0 |     AGC   1   2   1   1   1   0
    ATA   0   0   0   0   0   0 |     ACA   0   0   0   0   0   0 | Lys AAA   0   0   0   0   0   0 | Arg AGA   0   0   0   0   0   0
Met ATG   1   0   1   1   0   0 |     ACG   0   0   0   0   0   0 |     AAG   0   0   0   0   0   0 |     AGG   0   0   0   0   0   0
--------------------------------------------------------------------------------------------------------------------------------------
Val GTT   0   0   0   0   0   0 | Ala GCT   0   0   0   0   0   1 | Asp GAT   0   0   0   0   0   0 | Gly GGT   0   0   0   0   0   0
    GTC   0   0   1   0   0   0 |     GCC   1   1   1   1   0   0 |     GAC   0   0   0   0   0   0 |     GGC   0   0   0   0   0   0
    GTA   0   0   0   0   0   0 |     GCA   0   0   0   0   0   0 | Glu GAA   0   0   0   0   0   0 |     GGA   0   0   0   0   0   0
    GTG   0   0   1   0   1   2 |     GCG   1   0   0   1   0   0 |     GAG   0   0   0   0   0   0 |     GGG   1   2   1   1   1   1
--------------------------------------------------------------------------------------------------------------------------------------

--------------------------------------------------------------------------------------------------------------------------------------
Phe TTT   0   0   0   0   0   0 | Ser TCT   0   0   0   0   0   0 | Tyr TAT   0   0   0   0   0   0 | Cys TGT   0   0   0   0   0   0
    TTC   0   0   0   0   0   0 |     TCC   0   0   0   0   0   0 |     TAC   1   1   1   1   1   1 |     TGC   1   0   1   1   0   0
Leu TTA   0   0   0   0   0   0 |     TCA   0   0   0   0   0   0 | *** TAA   0   0   0   0   0   0 | *** TGA   0   0   0   0   0   0
    TTG   0   1   1   0   1   2 |     TCG   0   0   0   0   0   0 |     TAG   0   0   0   0   0   0 | Trp TGG   0   0   0   0   0   0
--------------------------------------------------------------------------------------------------------------------------------------
Leu CTT   0   0   0   0   0   0 | Pro CCT   0   0   0   1   0   0 | His CAT   0   0   0   0   0   0 | Arg CGT   0   0   0   0   0   0
    CTC   0   0   0   0   0   0 |     CCC   2   2   2   1   2   2 |     CAC   0   0   0   0   0   0 |     CGC   1   2   1   1   2   2
    CTA   0   0   0   0   0   0 |     CCA   1   0   0   0   0   0 | Gln CAA   0   0   0   0   0   0 |     CGA   0   0   0   0   0   0
    CTG   3   2   2   3   2   1 |     CCG   0   1   1   1   1   1 |     CAG   1   1   1   1   1   1 |     CGG   0   0   0   0   0   0
--------------------------------------------------------------------------------------------------------------------------------------
Ile ATT   0   0   0   0   0   0 | Thr ACT   0   0   0   0   0   0 | Asn AAT   0   0   0   0   0   0 | Ser AGT   1   1   1   1   1   1
    ATC   1   1   1   1   0   1 |     ACC   0   0   0   0   0   0 |     AAC   0   0   0   0   0   0 |     AGC   1   1   1   1   1   1
    ATA   0   0   0   0   0   0 |     ACA   0   0   0   0   0   0 | Lys AAA   0   0   0   0   0   0 | Arg AGA   0   0   0   0   0   0
Met ATG   1   1   1   1   1   1 |     ACG   0   0   0   0   0   0 |     AAG   0   0   0   0   0   0 |     AGG   0   0   0   0   0   0
--------------------------------------------------------------------------------------------------------------------------------------
Val GTT   0   0   0   0   0   0 | Ala GCT   0   0   0   0   0   0 | Asp GAT   0   0   0   0   0   0 | Gly GGT   0   0   0   0   0   0
    GTC   0   0   0   0   1   0 |     GCC   1   1   1   1   1   1 |     GAC   0   0   0   0   0   0 |     GGC   0   0   0   0   0   0
    GTA   0   0   0   0   0   0 |     GCA   0   0   0   0   0   0 | Glu GAA   0   0   0   0   0   0 |     GGA   0   0   0   0   0   0
    GTG   0   0   0   0   0   0 |     GCG   1   1   1   1   1   1 |     GAG   0   0   0   0   0   0 |     GGG   1   1   1   1   1   1
--------------------------------------------------------------------------------------------------------------------------------------

--------------------------------------------------------------------------------------------------------------------------------------
Phe TTT   0   0   0   0   0   0 | Ser TCT   0   0   0   0   0   0 | Tyr TAT   0   0   0   0   0   0 | Cys TGT   0   0   0   0   0   0
    TTC   0   0   0   0   0   0 |     TCC   0   0   0   0   0   1 |     TAC   1   1   1   1   1   1 |     TGC   0   0   0   1   0   1
Leu TTA   0   0   0   0   0   0 |     TCA   0   0   0   0   0   0 | *** TAA   0   0   0   0   0   0 | *** TGA   0   0   0   0   0   0
    TTG   1   1   1   1   1   0 |     TCG   0   0   0   0   0   0 |     TAG   0   0   0   0   0   0 | Trp TGG   0   0   0   0   0   0
--------------------------------------------------------------------------------------------------------------------------------------
Leu CTT   0   0   0   0   0   0 | Pro CCT   0   0   0   0   0   0 | His CAT   0   0   0   0   0   0 | Arg CGT   0   0   0   0   0   0
    CTC   0   0   0   0   0   0 |     CCC   2   2   2   2   2   2 |     CAC   0   0   0   0   0   0 |     CGC   2   2   2   1   2   1
    CTA   0   0   0   0   0   0 |     CCA   0   0   0   0   0   1 | Gln CAA   0   0   0   0   0   0 |     CGA   0   0   0   0   0   0
    CTG   2   2   2   2   2   3 |     CCG   1   1   1   1   1   0 |     CAG   1   1   1   1   1   1 |     CGG   0   0   0   0   0   0
--------------------------------------------------------------------------------------------------------------------------------------
Ile ATT   0   0   0   0   0   0 | Thr ACT   0   0   0   0   0   0 | Asn AAT   0   0   0   0   0   0 | Ser AGT   1   1   2   2   2   1
    ATC   1   1   1   1   1   1 |     ACC   0   0   0   0   0   0 |     AAC   0   0   0   0   0   0 |     AGC   1   1   0   0   0   1
    ATA   0   0   0   0   0   0 |     ACA   0   0   0   0   0   0 | Lys AAA   0   0   0   0   0   0 | Arg AGA   0   0   0   0   0   0
Met ATG   1   1   1   1   1   1 |     ACG   0   0   0   0   0   0 |     AAG   0   0   0   0   0   0 |     AGG   0   0   0   0   0   0
--------------------------------------------------------------------------------------------------------------------------------------
Val GTT   0   0   0   0   0   0 | Ala GCT   0   0   0   0   0   0 | Asp GAT   0   0   0   0   0   0 | Gly GGT   0   0   0   0   0   0
    GTC   0   0   0   0   0   0 |     GCC   1   1   1   1   1   0 |     GAC   0   0   0   0   0   0 |     GGC   0   0   0   0   0   0
    GTA   0   0   0   0   0   0 |     GCA   0   0   0   0   0   1 | Glu GAA   0   0   0   0   0   0 |     GGA   0   0   0   0   1   0
    GTG   0   0   0   0   0   0 |     GCG   1   1   1   1   1   0 |     GAG   0   0   0   0   0   0 |     GGG   1   1   1   1   0   1
--------------------------------------------------------------------------------------------------------------------------------------

--------------------------------------------------------------------------------------------------------------------------------------
Phe TTT   0   0   0   0   0   0 | Ser TCT   0   0   0   0   0   0 | Tyr TAT   0   0   0   0   0   0 | Cys TGT   0   0   0   0   0   0
    TTC   0   0   0   0   0   0 |     TCC   0   0   0   0   0   0 |     TAC   1   1   1   1   1   1 |     TGC   0   0   0   0   1   0
Leu TTA   1   1   0   0   0   0 |     TCA   0   0   0   0   0   0 | *** TAA   0   0   0   0   0   0 | *** TGA   0   0   0   0   0   0
    TTG   0   0   1   1   0   1 |     TCG   0   0   0   0   0   0 |     TAG   0   0   0   0   0   0 | Trp TGG   0   0   0   0   0   0
--------------------------------------------------------------------------------------------------------------------------------------
Leu CTT   0   0   0   0   0   0 | Pro CCT   0   0   0   0   0   0 | His CAT   0   0   0   0   0   0 | Arg CGT   0   0   0   0   0   0
    CTC   0   0   0   0   0   0 |     CCC   2   2   2   2   2   2 |     CAC   0   0   0   0   0   0 |     CGC   2   2   2   2   1   2
    CTA   0   0   0   0   0   0 |     CCA   0   0   0   0   0   0 | Gln CAA   0   0   0   0   0   0 |     CGA   0   0   0   0   0   0
    CTG   2   2   2   2   3   2 |     CCG   1   1   1   1   1   1 |     CAG   1   1   1   1   1   1 |     CGG   0   0   0   0   0   0
--------------------------------------------------------------------------------------------------------------------------------------
Ile ATT   0   0   0   0   0   0 | Thr ACT   0   0   0   0   0   0 | Asn AAT   0   0   0   0   0   0 | Ser AGT   1   1   1   1   1   1
    ATC   1   1   1   0   1   1 |     ACC   0   0   0   0   0   0 |     AAC   0   0   0   0   0   0 |     AGC   1   1   1   1   1   1
    ATA   0   0   0   0   0   0 |     ACA   0   0   0   0   0   0 | Lys AAA   0   0   0   0   0   0 | Arg AGA   0   0   0   0   0   0
Met ATG   1   1   1   1   1   1 |     ACG   0   0   0   0   0   0 |     AAG   0   0   0   0   0   0 |     AGG   0   0   0   0   0   0
--------------------------------------------------------------------------------------------------------------------------------------
Val GTT   0   0   0   0   0   0 | Ala GCT   0   0   0   0   0   0 | Asp GAT   0   0   0   0   0   0 | Gly GGT   0   0   0   0   0   0
    GTC   0   0   0   1   0   0 |     GCC   1   1   1   1   1   1 |     GAC   0   0   0   0   0   0 |     GGC   0   0   0   0   0   0
    GTA   0   0   0   0   0   0 |     GCA   0   0   0   0   0   0 | Glu GAA   0   0   0   0   0   0 |     GGA   0   0   0   0   0   0
    GTG   0   0   0   0   0   0 |     GCG   1   1   1   1   1   1 |     GAG   0   0   0   0   0   0 |     GGG   1   1   1   1   1   1
--------------------------------------------------------------------------------------------------------------------------------------

--------------------------------------------------------------------------------------------------------------------------------------
Phe TTT   0   0   0   0   0   0 | Ser TCT   0   0   0   0   0   0 | Tyr TAT   0   0   0   0   0   0 | Cys TGT   0   0   0   0   0   0
    TTC   0   0   0   0   0   0 |     TCC   0   0   0   0   0   0 |     TAC   1   1   1   1   1   1 |     TGC   0   0   0   1   0   0
Leu TTA   0   0   0   0   0   0 |     TCA   0   0   0   0   0   0 | *** TAA   0   0   0   0   0   0 | *** TGA   0   0   0   0   0   0
    TTG   2   1   1   0   1   1 |     TCG   0   1   0   0   0   0 |     TAG   0   0   0   0   0   0 | Trp TGG   0   0   0   0   0   0
--------------------------------------------------------------------------------------------------------------------------------------
Leu CTT   0   0   0   0   0   0 | Pro CCT   0   0   0   0   0   0 | His CAT   0   0   0   0   0   0 | Arg CGT   0   0   0   0   0   0
    CTC   0   0   0   0   0   0 |     CCC   2   2   2   2   2   2 |     CAC   0   0   0   0   0   0 |     CGC   2   2   2   1   2   2
    CTA   0   0   0   0   0   0 |     CCA   0   0   0   1   0   0 | Gln CAA   0   0   0   0   0   0 |     CGA   0   0   0   0   0   0
    CTG   1   1   2   3   2   2 |     CCG   1   1   1   0   1   1 |     CAG   1   1   1   1   1   1 |     CGG   0   0   0   0   0   0
--------------------------------------------------------------------------------------------------------------------------------------
Ile ATT   0   0   0   0   0   0 | Thr ACT   0   0   0   0   0   0 | Asn AAT   0   0   0   0   0   0 | Ser AGT   1   0   1   1   1   1
    ATC   1   0   1   1   1   0 |     ACC   0   0   0   0   0   0 |     AAC   0   0   0   0   0   0 |     AGC   1   2   1   1   1   1
    ATA   0   0   0   0   0   0 |     ACA   0   0   0   0   0   0 | Lys AAA   0   0   0   0   0   0 | Arg AGA   0   0   0   0   0   0
Met ATG   1   0   1   1   1   1 |     ACG   0   0   0   0   0   0 |     AAG   0   0   0   0   0   0 |     AGG   0   0   0   0   0   0
--------------------------------------------------------------------------------------------------------------------------------------
Val GTT   0   0   0   0   0   0 | Ala GCT   0   0   0   0   0   0 | Asp GAT   0   0   0   0   0   0 | Gly GGT   0   0   0   0   0   0
    GTC   0   1   0   0   0   1 |     GCC   1   1   1   1   1   1 |     GAC   0   0   0   0   0   0 |     GGC   0   0   0   0   0   0
    GTA   0   0   0   0   0   0 |     GCA   0   0   0   0   0   0 | Glu GAA   0   0   0   0   0   0 |     GGA   0   0   0   0   0   0
    GTG   0   1   0   0   0   0 |     GCG   1   1   1   1   1   1 |     GAG   0   0   0   0   0   0 |     GGG   1   1   1   1   1   1
--------------------------------------------------------------------------------------------------------------------------------------

--------------------------------------------------------------------------------------------------------------------------------------
Phe TTT   0   0   0   0   0   0 | Ser TCT   0   0   0   0   0   0 | Tyr TAT   1   0   0   0   0   0 | Cys TGT   0   0   0   0   0   0
    TTC   0   0   0   0   0   0 |     TCC   0   0   0   0   0   0 |     TAC   0   1   1   1   1   1 |     TGC   1   0   0   1   1   1
Leu TTA   0   0   0   0   0   0 |     TCA   0   0   0   0   0   0 | *** TAA   0   0   0   0   0   0 | *** TGA   0   0   0   0   0   0
    TTG   0   1   2   1   1   1 |     TCG   0   0   0   0   0   0 |     TAG   0   0   0   0   0   0 | Trp TGG   0   0   0   0   0   0
--------------------------------------------------------------------------------------------------------------------------------------
Leu CTT   0   0   0   0   0   0 | Pro CCT   0   0   0   0   1   0 | His CAT   0   0   0   0   0   0 | Arg CGT   0   0   0   0   0   0
    CTC   0   0   0   0   0   1 |     CCC   2   2   2   3   2   2 |     CAC   0   0   0   0   0   0 |     CGC   1   2   2   1   1   1
    CTA   0   0   0   0   0   0 |     CCA   1   0   0   0   0   0 | Gln CAA   0   0   0   0   0   0 |     CGA   0   0   0   0   0   0
    CTG   3   2   1   2   2   1 |     CCG   0   1   1   0   0   1 |     CAG   1   1   1   1   1   1 |     CGG   0   0   0   0   0   0
--------------------------------------------------------------------------------------------------------------------------------------
Ile ATT   0   0   0   0   0   0 | Thr ACT   0   0   0   0   0   0 | Asn AAT   0   0   0   0   0   0 | Ser AGT   1   1   1   1   2   2
    ATC   1   0   1   1   1   1 |     ACC   0   0   0   0   0   0 |     AAC   0   0   0   0   0   0 |     AGC   1   1   1   1   0   0
    ATA   1   0   0   0   0   0 |     ACA   0   0   0   0   0   0 | Lys AAA   0   0   0   0   0   0 | Arg AGA   0   0   0   0   0   0
Met ATG   0   1   1   1   1   1 |     ACG   0   0   0   0   0   0 |     AAG   0   0   0   0   0   0 |     AGG   0   0   0   0   0   0
--------------------------------------------------------------------------------------------------------------------------------------
Val GTT   0   0   0   0   0   0 | Ala GCT   0   0   0   0   0   0 | Asp GAT   0   0   0   0   0   0 | Gly GGT   0   0   0   0   0   0
    GTC   0   1   0   0   0   0 |     GCC   1   1   1   1   1   1 |     GAC   0   0   0   0   0   0 |     GGC   0   0   0   0   0   0
    GTA   0   0   0   0   0   0 |     GCA   0   0   0   0   0   1 | Glu GAA   0   0   0   0   0   0 |     GGA   0   0   0   0   0   0
    GTG   1   0   0   0   0   0 |     GCG   0   1   1   1   1   0 |     GAG   0   0   0   0   0   0 |     GGG   1   1   1   1   1   1
--------------------------------------------------------------------------------------------------------------------------------------

--------------------------------------------------------------------------------------------------------------------------------------
Phe TTT   0   0   0   0   0   0 | Ser TCT   0   0   0   0   0   0 | Tyr TAT   1   0   0   0   0   0 | Cys TGT   0   0   0   0   0   0
    TTC   0   0   0   0   0   0 |     TCC   0   0   0   0   0   0 |     TAC   0   1   1   1   1   1 |     TGC   0   0   0   1   1   0
Leu TTA   0   0   0   0   0   0 |     TCA   0   0   0   0   0   0 | *** TAA   0   0   0   0   0   0 | *** TGA   0   0   0   0   0   0
    TTG   1   1   1   0   0   1 |     TCG   0   0   0   0   0   0 |     TAG   0   0   0   0   0   0 | Trp TGG   0   0   0   0   0   0
--------------------------------------------------------------------------------------------------------------------------------------
Leu CTT   0   0   0   0   0   0 | Pro CCT   0   0   0   0   0   0 | His CAT   0   0   0   0   0   0 | Arg CGT   0   0   0   0   0   0
    CTC   0   0   0   0   0   0 |     CCC   2   2   2   2   2   2 |     CAC   0   0   0   0   0   0 |     CGC   2   2   2   1   1   2
    CTA   0   0   0   0   0   0 |     CCA   0   0   0   1   0   1 | Gln CAA   0   0   0   0   0   0 |     CGA   0   0   0   0   0   0
    CTG   2   2   2   3   3   3 |     CCG   1   1   1   0   1   0 |     CAG   1   1   1   1   1   1 |     CGG   0   0   0   0   0   0
--------------------------------------------------------------------------------------------------------------------------------------
Ile ATT   0   0   0   0   0   0 | Thr ACT   0   0   0   0   0   0 | Asn AAT   0   0   0   0   0   0 | Ser AGT   1   1   1   1   1   0
    ATC   1   1   1   1   1   1 |     ACC   0   0   0   0   0   0 |     AAC   0   0   0   0   0   0 |     AGC   1   1   1   1   1   2
    ATA   0   0   0   0   0   0 |     ACA   0   0   0   0   0   0 | Lys AAA   0   0   0   0   0   0 | Arg AGA   0   0   0   0   0   0
Met ATG   1   1   1   1   1   0 |     ACG   0   0   0   0   0   0 |     AAG   0   0   0   0   0   0 |     AGG   0   0   0   0   0   0
--------------------------------------------------------------------------------------------------------------------------------------
Val GTT   0   0   0   0   0   0 | Ala GCT   0   0   0   0   0   0 | Asp GAT   0   0   0   0   0   0 | Gly GGT   0   0   0   0   0   0
    GTC   0   0   0   0   0   0 |     GCC   1   1   1   1   1   1 |     GAC   0   0   0   0   0   0 |     GGC   0   0   0   0   0   0
    GTA   0   0   0   0   0   0 |     GCA   0   0   0   0   0   0 | Glu GAA   0   0   0   0   0   0 |     GGA   0   0   0   0   0   0
    GTG   0   0   0   1   0   0 |     GCG   1   1   1   0   1   1 |     GAG   0   0   0   0   0   0 |     GGG   1   1   1   1   1   1
--------------------------------------------------------------------------------------------------------------------------------------

--------------------------------------------------------------------------------------------------------------------------------------
Phe TTT   0   0   0   0   0   0 | Ser TCT   0   0   0   0   0   0 | Tyr TAT   0   0   0   0   0   0 | Cys TGT   0   0   0   0   0   0
    TTC   0   0   0   0   0   0 |     TCC   0   0   0   0   0   0 |     TAC   1   1   1   1   1   1 |     TGC   0   1   0   0   0   1
Leu TTA   0   0   0   0   0   0 |     TCA   0   0   0   0   0   0 | *** TAA   0   0   0   0   0   0 | *** TGA   0   0   0   0   0   0
    TTG   2   0   2   2   1   1 |     TCG   0   0   0   0   0   0 |     TAG   0   0   0   0   0   0 | Trp TGG   0   0   0   0   0   0
--------------------------------------------------------------------------------------------------------------------------------------
Leu CTT   0   0   0   0   0   0 | Pro CCT   0   0   0   0   0   0 | His CAT   0   0   0   0   0   0 | Arg CGT   0   0   0   0   0   0
    CTC   0   0   0   0   0   0 |     CCC   2   2   2   2   2   2 |     CAC   0   0   0   0   0   0 |     CGC   2   1   2   2   2   1
    CTA   0   0   0   0   0   0 |     CCA   0   1   0   0   0   0 | Gln CAA   0   0   0   0   0   0 |     CGA   0   0   0   0   0   0
    CTG   1   3   1   1   2   2 |     CCG   1   0   1   1   1   1 |     CAG   1   1   1   1   1   1 |     CGG   0   0   0   0   0   0
--------------------------------------------------------------------------------------------------------------------------------------
Ile ATT   0   0   0   0   0   0 | Thr ACT   0   0   0   0   0   0 | Asn AAT   0   0   0   0   0   0 | Ser AGT   1   1   1   0   1   1
    ATC   1   1   1   1   1   1 |     ACC   0   0   0   0   0   0 |     AAC   0   0   0   0   0   0 |     AGC   1   1   1   2   1   1
    ATA   0   0   0   0   0   0 |     ACA   0   0   0   0   0   0 | Lys AAA   0   0   0   0   0   0 | Arg AGA   0   0   0   0   0   0
Met ATG   1   1   1   1   1   0 |     ACG   0   0   0   0   0   0 |     AAG   0   0   0   0   0   0 |     AGG   0   0   0   0   0   0
--------------------------------------------------------------------------------------------------------------------------------------
Val GTT   0   0   0   0   0   0 | Ala GCT   0   0   0   0   0   0 | Asp GAT   0   0   0   0   0   0 | Gly GGT   0   0   0   0   0   0
    GTC   0   0   0   0   0   0 |     GCC   1   1   1   1   1   1 |     GAC   0   0   0   0   0   0 |     GGC   0   0   0   0   0   0
    GTA   0   0   0   0   0   0 |     GCA   0   0   0   0   0   0 | Glu GAA   0   0   0   0   0   0 |     GGA   0   0   0   0   0   0
    GTG   0   0   0   0   0   1 |     GCG   1   1   1   1   1   1 |     GAG   0   0   0   0   0   0 |     GGG   1   1   1   1   1   1
--------------------------------------------------------------------------------------------------------------------------------------

--------------------------------------------------------------------------------------------------------------------------------------
Phe TTT   0   0   0   0   0   0 | Ser TCT   0   0   0   0   0   0 | Tyr TAT   0   0   0   0   0   0 | Cys TGT   0   0   0   0   0   0
    TTC   0   0   0   0   0   0 |     TCC   0   0   0   0   0   0 |     TAC   1   1   1   1   1   1 |     TGC   1   0   1   0   0   0
Leu TTA   0   0   0   0   0   0 |     TCA   0   0   0   0   0   0 | *** TAA   0   0   0   0   0   0 | *** TGA   0   0   0   0   0   0
    TTG   0   0   1   1   1   1 |     TCG   0   0   0   0   0   0 |     TAG   0   0   0   0   0   0 | Trp TGG   0   0   0   0   0   0
--------------------------------------------------------------------------------------------------------------------------------------
Leu CTT   0   0   0   0   0   0 | Pro CCT   0   0   0   0   0   0 | His CAT   0   0   0   0   0   0 | Arg CGT   0   0   0   0   0   0
    CTC   0   0   0   0   0   0 |     CCC   2   2   2   3   2   2 |     CAC   0   1   0   0   0   0 |     CGC   1   2   1   2   2   2
    CTA   1   0   0   0   0   0 |     CCA   0   0   0   0   0   0 | Gln CAA   0   0   0   0   0   0 |     CGA   0   0   0   0   0   0
    CTG   2   3   2   2   2   2 |     CCG   1   1   1   0   1   1 |     CAG   1   0   1   1   1   1 |     CGG   0   0   0   0   0   0
--------------------------------------------------------------------------------------------------------------------------------------
Ile ATT   1   0   0   0   0   0 | Thr ACT   0   0   0   0   0   0 | Asn AAT   0   0   0   0   0   0 | Ser AGT   1   1   1   1   1   1
    ATC   0   1   1   1   0   0 |     ACC   0   1   0   0   0   0 |     AAC   0   0   0   0   0   0 |     AGC   1   1   1   1   1   1
    ATA   0   0   0   0   0   0 |     ACA   0   0   0   0   0   0 | Lys AAA   0   0   0   0   0   0 | Arg AGA   0   0   0   0   0   0
Met ATG   1   1   1   1   1   1 |     ACG   0   0   0   0   0   0 |     AAG   0   0   0   0   0   0 |     AGG   0   0   0   0   0   0
--------------------------------------------------------------------------------------------------------------------------------------
Val GTT   0   0   0   0   0   0 | Ala GCT   0   0   0   0   0   0 | Asp GAT   0   0   0   0   0   0 | Gly GGT   0   0   0   0   0   0
    GTC   0   0   0   0   1   1 |     GCC   1   0   1   1   1   1 |     GAC   0   0   0   0   0   0 |     GGC   0   0   0   0   0   0
    GTA   0   0   0   0   0   0 |     GCA   0   0   0   0   0   0 | Glu GAA   0   0   0   0   0   0 |     GGA   0   0   0   0   0   0
    GTG   0   0   0   0   0   0 |     GCG   1   1   1   1   1   1 |     GAG   0   0   0   0   0   0 |     GGG   1   1   1   1   1   1
--------------------------------------------------------------------------------------------------------------------------------------

Codon position x base (3x4) table for each sequence.

#1: Argali         
position  1:    T:0.11765    C:0.47059    A:0.23529    G:0.17647
position  2:    T:0.29412    C:0.29412    A:0.11765    G:0.29412
position  3:    T:0.05882    C:0.47059    A:0.00000    G:0.47059
Average         T:0.15686    C:0.41176    A:0.11765    G:0.31373

#2: LesserMouseDeer
position  1:    T:0.11765    C:0.47059    A:0.23529    G:0.17647
position  2:    T:0.23529    C:0.29412    A:0.11765    G:0.35294
position  3:    T:0.11765    C:0.47059    A:0.05882    G:0.35294
Average         T:0.15686    C:0.41176    A:0.13725    G:0.29412

#3: LesserKudu     
position  1:    T:0.11765    C:0.47059    A:0.17647    G:0.23529
position  2:    T:0.35294    C:0.23529    A:0.11765    G:0.29412
position  3:    T:0.05882    C:0.47059    A:0.00000    G:0.47059
Average         T:0.17647    C:0.39216    A:0.09804    G:0.33333

#4: ForestMuskDeer2
position  1:    T:0.11765    C:0.47059    A:0.23529    G:0.17647
position  2:    T:0.29412    C:0.29412    A:0.11765    G:0.29412
position  3:    T:0.05882    C:0.58824    A:0.00000    G:0.35294
Average         T:0.15686    C:0.45098    A:0.11765    G:0.27451

#5: Camel          
position  1:    T:0.11765    C:0.52941    A:0.23529    G:0.11765
position  2:    T:0.35294    C:0.23529    A:0.11765    G:0.29412
position  3:    T:0.11765    C:0.47059    A:0.00000    G:0.41176
Average         T:0.19608    C:0.41176    A:0.11765    G:0.27451

#6: KillerWhale    
position  1:    T:0.17647    C:0.41176    A:0.17647    G:0.23529
position  2:    T:0.35294    C:0.23529    A:0.11765    G:0.29412
position  3:    T:0.29412    C:0.29412    A:0.05882    G:0.35294
Average         T:0.27451    C:0.31373    A:0.11765    G:0.29412

#7: DefassaWaterbuck
position  1:    T:0.11765    C:0.47059    A:0.23529    G:0.17647
position  2:    T:0.29412    C:0.29412    A:0.11765    G:0.29412
position  3:    T:0.05882    C:0.47059    A:0.05882    G:0.41176
Average         T:0.15686    C:0.41176    A:0.13725    G:0.29412

#8: Sheep          
position  1:    T:0.11765    C:0.47059    A:0.23529    G:0.17647
position  2:    T:0.29412    C:0.29412    A:0.11765    G:0.29412
position  3:    T:0.05882    C:0.47059    A:0.00000    G:0.47059
Average         T:0.15686    C:0.41176    A:0.11765    G:0.31373

#9: MaxwellsDuiker 
position  1:    T:0.17647    C:0.41176    A:0.23529    G:0.17647
position  2:    T:0.29412    C:0.29412    A:0.11765    G:0.29412
position  3:    T:0.05882    C:0.47059    A:0.00000    G:0.47059
Average         T:0.17647    C:0.39216    A:0.11765    G:0.31373

#10: GazellaPrzewalskyi
position  1:    T:0.11765    C:0.47059    A:0.23529    G:0.17647
position  2:    T:0.29412    C:0.29412    A:0.11765    G:0.29412
position  3:    T:0.11765    C:0.41176    A:0.00000    G:0.47059
Average         T:0.17647    C:0.39216    A:0.11765    G:0.31373

#11: MountainNyala  
position  1:    T:0.11765    C:0.47059    A:0.17647    G:0.23529
position  2:    T:0.29412    C:0.29412    A:0.11765    G:0.29412
position  3:    T:0.05882    C:0.47059    A:0.00000    G:0.47059
Average         T:0.15686    C:0.41176    A:0.09804    G:0.33333

#12: MuntiacusMuntjak
position  1:    T:0.17647    C:0.41176    A:0.23529    G:0.17647
position  2:    T:0.29412    C:0.29412    A:0.11765    G:0.29412
position  3:    T:0.05882    C:0.47059    A:0.00000    G:0.47059
Average         T:0.17647    C:0.39216    A:0.11765    G:0.31373

#13: goat           
position  1:    T:0.11765    C:0.47059    A:0.23529    G:0.17647
position  2:    T:0.29412    C:0.29412    A:0.11765    G:0.29412
position  3:    T:0.05882    C:0.47059    A:0.00000    G:0.47059
Average         T:0.15686    C:0.41176    A:0.11765    G:0.31373

#14: AfricanBuffalo 
position  1:    T:0.11765    C:0.47059    A:0.23529    G:0.17647
position  2:    T:0.29412    C:0.29412    A:0.11765    G:0.29412
position  3:    T:0.05882    C:0.47059    A:0.00000    G:0.47059
Average         T:0.15686    C:0.41176    A:0.11765    G:0.31373

#15: Topi           
position  1:    T:0.11765    C:0.47059    A:0.23529    G:0.17647
position  2:    T:0.29412    C:0.29412    A:0.11765    G:0.29412
position  3:    T:0.11765    C:0.41176    A:0.00000    G:0.47059
Average         T:0.17647    C:0.39216    A:0.11765    G:0.31373

#16: CommonDuiker   
position  1:    T:0.17647    C:0.41176    A:0.23529    G:0.17647
position  2:    T:0.29412    C:0.29412    A:0.11765    G:0.29412
position  3:    T:0.11765    C:0.41176    A:0.00000    G:0.47059
Average         T:0.19608    C:0.37255    A:0.11765    G:0.31373

#17: Suni           
position  1:    T:0.11765    C:0.47059    A:0.23529    G:0.17647
position  2:    T:0.29412    C:0.29412    A:0.11765    G:0.29412
position  3:    T:0.11765    C:0.41176    A:0.05882    G:0.41176
Average         T:0.17647    C:0.39216    A:0.13725    G:0.29412

#18: Springbuck     
position  1:    T:0.17647    C:0.47059    A:0.23529    G:0.11765
position  2:    T:0.29412    C:0.29412    A:0.11765    G:0.29412
position  3:    T:0.05882    C:0.47059    A:0.11765    G:0.35294
Average         T:0.17647    C:0.41176    A:0.15686    G:0.25490

#19: Okapi          
position  1:    T:0.11765    C:0.47059    A:0.23529    G:0.17647
position  2:    T:0.29412    C:0.29412    A:0.11765    G:0.29412
position  3:    T:0.05882    C:0.47059    A:0.05882    G:0.41176
Average         T:0.15686    C:0.41176    A:0.13725    G:0.29412

#20: Giraffe        
position  1:    T:0.11765    C:0.47059    A:0.23529    G:0.17647
position  2:    T:0.29412    C:0.29412    A:0.11765    G:0.29412
position  3:    T:0.05882    C:0.47059    A:0.05882    G:0.41176
Average         T:0.15686    C:0.41176    A:0.13725    G:0.29412

#21: TibetanAntelope
position  1:    T:0.11765    C:0.47059    A:0.23529    G:0.17647
position  2:    T:0.29412    C:0.29412    A:0.11765    G:0.29412
position  3:    T:0.05882    C:0.47059    A:0.00000    G:0.47059
Average         T:0.15686    C:0.41176    A:0.11765    G:0.31373

#22: Sitatunga      
position  1:    T:0.11765    C:0.47059    A:0.17647    G:0.23529
position  2:    T:0.29412    C:0.29412    A:0.11765    G:0.29412
position  3:    T:0.05882    C:0.47059    A:0.00000    G:0.47059
Average         T:0.15686    C:0.41176    A:0.09804    G:0.33333

#23: Oribi          
position  1:    T:0.11765    C:0.47059    A:0.23529    G:0.17647
position  2:    T:0.29412    C:0.29412    A:0.11765    G:0.29412
position  3:    T:0.05882    C:0.47059    A:0.00000    G:0.47059
Average         T:0.15686    C:0.41176    A:0.11765    G:0.31373

#24: BarbarySheep   
position  1:    T:0.11765    C:0.47059    A:0.23529    G:0.17647
position  2:    T:0.29412    C:0.29412    A:0.11765    G:0.29412
position  3:    T:0.05882    C:0.47059    A:0.00000    G:0.47059
Average         T:0.15686    C:0.41176    A:0.11765    G:0.31373

#25: Daviddeer      
position  1:    T:0.17647    C:0.41176    A:0.23529    G:0.17647
position  2:    T:0.29412    C:0.29412    A:0.11765    G:0.29412
position  3:    T:0.05882    C:0.47059    A:0.00000    G:0.47059
Average         T:0.17647    C:0.39216    A:0.11765    G:0.31373

#26: Reindeer       
position  1:    T:0.17647    C:0.41176    A:0.11765    G:0.29412
position  2:    T:0.23529    C:0.35294    A:0.11765    G:0.29412
position  3:    T:0.00000    C:0.52941    A:0.00000    G:0.47059
Average         T:0.13725    C:0.43137    A:0.07843    G:0.35294

#27: Ibex           
position  1:    T:0.11765    C:0.47059    A:0.23529    G:0.17647
position  2:    T:0.29412    C:0.29412    A:0.11765    G:0.29412
position  3:    T:0.05882    C:0.47059    A:0.00000    G:0.47059
Average         T:0.15686    C:0.41176    A:0.11765    G:0.31373

#28: GyrantGazelle  
position  1:    T:0.11765    C:0.47059    A:0.23529    G:0.17647
position  2:    T:0.29412    C:0.29412    A:0.11765    G:0.29412
position  3:    T:0.05882    C:0.47059    A:0.05882    G:0.41176
Average         T:0.15686    C:0.41176    A:0.13725    G:0.29412

#29: Hartebeest     
position  1:    T:0.11765    C:0.47059    A:0.23529    G:0.17647
position  2:    T:0.29412    C:0.29412    A:0.11765    G:0.29412
position  3:    T:0.05882    C:0.47059    A:0.00000    G:0.47059
Average         T:0.15686    C:0.41176    A:0.11765    G:0.31373

#30: Bongo          
position  1:    T:0.11765    C:0.47059    A:0.17647    G:0.23529
position  2:    T:0.29412    C:0.29412    A:0.11765    G:0.29412
position  3:    T:0.05882    C:0.47059    A:0.00000    G:0.47059
Average         T:0.15686    C:0.41176    A:0.09804    G:0.33333

#31: Gerenuk        
position  1:    T:0.11765    C:0.47059    A:0.23529    G:0.17647
position  2:    T:0.35294    C:0.23529    A:0.11765    G:0.29412
position  3:    T:0.11765    C:0.41176    A:0.11765    G:0.35294
Average         T:0.19608    C:0.37255    A:0.15686    G:0.27451

#32: CommonEland    
position  1:    T:0.11765    C:0.47059    A:0.17647    G:0.23529
position  2:    T:0.29412    C:0.29412    A:0.11765    G:0.29412
position  3:    T:0.05882    C:0.47059    A:0.00000    G:0.47059
Average         T:0.15686    C:0.41176    A:0.09804    G:0.33333

#33: MuntiacusReevesi
position  1:    T:0.17647    C:0.41176    A:0.23529    G:0.17647
position  2:    T:0.29412    C:0.29412    A:0.11765    G:0.29412
position  3:    T:0.05882    C:0.47059    A:0.00000    G:0.47059
Average         T:0.17647    C:0.39216    A:0.11765    G:0.31373

#34: HarveysDuiker  
position  1:    T:0.17647    C:0.41176    A:0.23529    G:0.17647
position  2:    T:0.29412    C:0.29412    A:0.11765    G:0.29412
position  3:    T:0.05882    C:0.52941    A:0.00000    G:0.41176
Average         T:0.17647    C:0.41176    A:0.11765    G:0.29412

#35: Pronghorn      
position  1:    T:0.17647    C:0.41176    A:0.23529    G:0.17647
position  2:    T:0.29412    C:0.29412    A:0.11765    G:0.29412
position  3:    T:0.17647    C:0.41176    A:0.00000    G:0.41176
Average         T:0.21569    C:0.37255    A:0.11765    G:0.29412

#36: BlueWildebeest 
position  1:    T:0.17647    C:0.41176    A:0.23529    G:0.17647
position  2:    T:0.29412    C:0.29412    A:0.11765    G:0.29412
position  3:    T:0.11765    C:0.47059    A:0.05882    G:0.35294
Average         T:0.19608    C:0.39216    A:0.13725    G:0.27451

#37: Gemsbok        
position  1:    T:0.11765    C:0.47059    A:0.23529    G:0.17647
position  2:    T:0.29412    C:0.29412    A:0.11765    G:0.29412
position  3:    T:0.11765    C:0.41176    A:0.00000    G:0.47059
Average         T:0.17647    C:0.39216    A:0.11765    G:0.31373

#38: Yak            
position  1:    T:0.11765    C:0.47059    A:0.23529    G:0.17647
position  2:    T:0.29412    C:0.29412    A:0.11765    G:0.29412
position  3:    T:0.05882    C:0.47059    A:0.00000    G:0.47059
Average         T:0.15686    C:0.41176    A:0.11765    G:0.31373

#39: BlueSheep      
position  1:    T:0.11765    C:0.47059    A:0.23529    G:0.17647
position  2:    T:0.29412    C:0.29412    A:0.11765    G:0.29412
position  3:    T:0.05882    C:0.47059    A:0.00000    G:0.47059
Average         T:0.15686    C:0.41176    A:0.11765    G:0.31373

#40: BohorReedbuck  
position  1:    T:0.11765    C:0.47059    A:0.23529    G:0.17647
position  2:    T:0.35294    C:0.23529    A:0.11765    G:0.29412
position  3:    T:0.05882    C:0.47059    A:0.05882    G:0.41176
Average         T:0.17647    C:0.39216    A:0.13725    G:0.29412

#41: KirksDik       
position  1:    T:0.11765    C:0.47059    A:0.23529    G:0.17647
position  2:    T:0.29412    C:0.29412    A:0.11765    G:0.29412
position  3:    T:0.05882    C:0.47059    A:0.00000    G:0.47059
Average         T:0.15686    C:0.41176    A:0.11765    G:0.31373

#42: RoeDeer        
position  1:    T:0.11765    C:0.52941    A:0.17647    G:0.17647
position  2:    T:0.29412    C:0.29412    A:0.11765    G:0.29412
position  3:    T:0.00000    C:0.52941    A:0.05882    G:0.41176
Average         T:0.13725    C:0.45098    A:0.11765    G:0.29412

#43: WhiteLippedDeer
position  1:    T:0.17647    C:0.41176    A:0.23529    G:0.17647
position  2:    T:0.29412    C:0.29412    A:0.11765    G:0.29412
position  3:    T:0.05882    C:0.47059    A:0.00000    G:0.47059
Average         T:0.17647    C:0.39216    A:0.11765    G:0.31373

#44: ThomsonGazelle 
position  1:    T:0.11765    C:0.47059    A:0.23529    G:0.17647
position  2:    T:0.29412    C:0.29412    A:0.11765    G:0.29412
position  3:    T:0.05882    C:0.47059    A:0.05882    G:0.41176
Average         T:0.15686    C:0.41176    A:0.13725    G:0.29412

#45: MuntiacusCrinifrons
position  1:    T:0.17647    C:0.41176    A:0.23529    G:0.17647
position  2:    T:0.29412    C:0.29412    A:0.11765    G:0.29412
position  3:    T:0.05882    C:0.47059    A:0.00000    G:0.47059
Average         T:0.17647    C:0.39216    A:0.11765    G:0.31373

#46: WhiteTailedDeer
position  1:    T:0.17647    C:0.41176    A:0.23529    G:0.17647
position  2:    T:0.29412    C:0.29412    A:0.11765    G:0.29412
position  3:    T:0.00000    C:0.52941    A:0.00000    G:0.47059
Average         T:0.15686    C:0.41176    A:0.11765    G:0.31373

#47: Cattle         
position  1:    T:0.11765    C:0.47059    A:0.23529    G:0.17647
position  2:    T:0.29412    C:0.29412    A:0.11765    G:0.29412
position  3:    T:0.05882    C:0.47059    A:0.00000    G:0.47059
Average         T:0.15686    C:0.41176    A:0.11765    G:0.31373

#48: RoyalAntelope  
position  1:    T:0.17647    C:0.41176    A:0.17647    G:0.23529
position  2:    T:0.29412    C:0.29412    A:0.11765    G:0.29412
position  3:    T:0.05882    C:0.47059    A:0.00000    G:0.47059
Average         T:0.17647    C:0.39216    A:0.09804    G:0.33333

#49: Steenbok       
position  1:    T:0.11765    C:0.47059    A:0.23529    G:0.17647
position  2:    T:0.29412    C:0.29412    A:0.11765    G:0.29412
position  3:    T:0.11765    C:0.41176    A:0.05882    G:0.41176
Average         T:0.17647    C:0.39216    A:0.13725    G:0.29412

#50: Impala         
position  1:    T:0.05882    C:0.52941    A:0.29412    G:0.11765
position  2:    T:0.29412    C:0.29412    A:0.11765    G:0.29412
position  3:    T:0.05882    C:0.52941    A:0.00000    G:0.41176
Average         T:0.13725    C:0.45098    A:0.13725    G:0.27451

#51: Klipspringer   
position  1:    T:0.17647    C:0.41176    A:0.23529    G:0.17647
position  2:    T:0.29412    C:0.29412    A:0.11765    G:0.29412
