1
52 1
Argali 0.000000 0.050900 0.045000 0.047900 0.013100 0.003300 0.009800 0.012200 0.042000 0.016100 0.002800 0.034000 0.007900 0.012200 0.014100 0.011300 0.019700 0.017300 0.007000 0.045400 0.012700 0.005100 0.017600 0.016500 0.002800 0.011300 0.007900 0.042900 0.012900 0.044800 0.017500 0.009900 0.022200 0.009300 0.007900 0.038000 0.004200 0.012200 0.013700 0.016900 0.015100 0.012200 0.016100 0.015000 0.038000 0.015500 0.013600 0.012700 0.010300 0.016500 0.045000 0.043900
LesserMous 0.050900 0.000000 0.080500 0.063700 0.052900 0.054300 0.051400 0.054000 0.079500 0.047800 0.049900 0.068700 0.051200 0.053800 0.052800 0.051900 0.048000 0.045600 0.050300 0.083400 0.053500 0.052000 0.051400 0.048200 0.049900 0.050900 0.050600 0.080800 0.053600 0.082200 0.050300 0.050900 0.052700 0.051600 0.050200 0.074400 0.050300 0.051800 0.055600 0.051200 0.048900 0.051000 0.047800 0.048700 0.075500 0.053900 0.053300 0.050400 0.050800 0.048800 0.081900 0.081900
LesserKudu 0.045000 0.080500 0.000000 0.073200 0.045100 0.048500 0.042500 0.043400 0.008900 0.047700 0.045000 0.029800 0.044300 0.047100 0.045600 0.045100 0.046800 0.045800 0.043500 0.007500 0.043500 0.047500 0.050400 0.047000 0.045000 0.044000 0.045300 0.006000 0.046100 0.006500 0.049100 0.044600 0.050900 0.046800 0.043500 0.034000 0.046200 0.045100 0.046600 0.047400 0.046800 0.042500 0.047700 0.047400 0.034000 0.049200 0.046400 0.043600 0.043500 0.045700 0.007900 0.007000
KillerWhal 0.047900 0.063700 0.073200 0.000000 0.048200 0.051400 0.048100 0.048000 0.072000 0.047900 0.046400 0.065700 0.046000 0.050100 0.049800 0.048100 0.046200 0.046800 0.049000 0.075500 0.047600 0.048400 0.050000 0.047400 0.046400 0.047100 0.047000 0.072300 0.048800 0.075200 0.048900 0.048100 0.052800 0.048500 0.046900 0.070000 0.047800 0.047500 0.049600 0.048800 0.048000 0.047100 0.047900 0.047800 0.071100 0.049300 0.049000 0.046700 0.047000 0.049000 0.075000 0.074400
DefassaWat 0.013100 0.052900 0.045100 0.048200 0.000000 0.016500 0.010800 0.014100 0.042100 0.019000 0.011200 0.036100 0.010700 0.015100 0.014200 0.014100 0.019800 0.019300 0.011700 0.044500 0.012700 0.013600 0.020500 0.019300 0.011200 0.013200 0.011700 0.043000 0.014800 0.044900 0.020400 0.011800 0.024200 0.013100 0.009800 0.039200 0.011700 0.001900 0.016500 0.020800 0.018000 0.014100 0.019000 0.017900 0.038200 0.015600 0.015500 0.012700 0.011300 0.018400 0.044100 0.044100
Sheep 0.003300 0.054300 0.048500 0.051400 0.016500 0.000000 0.013200 0.015500 0.045500 0.019400 0.006100 0.037400 0.011200 0.015500 0.017500 0.014600 0.023000 0.020700 0.010300 0.048900 0.016000 0.008400 0.020900 0.019800 0.006100 0.014600 0.011200 0.046400 0.016200 0.048300 0.020800 0.013200 0.025600 0.012600 0.011200 0.041500 0.007500 0.015500 0.017000 0.020300 0.018500 0.015600 0.019400 0.018300 0.041500 0.018900 0.016000 0.016000 0.013600 0.019800 0.048500 0.047400
MaxwellsDu 0.009800 0.051400 0.042500 0.048100 0.010800 0.013200 0.000000 0.009900 0.039500 0.015600 0.008000 0.032500 0.007500 0.008500 0.013700 0.008000 0.019300 0.016900 0.008400 0.042000 0.009400 0.010300 0.017100 0.017000 0.008000 0.008000 0.008400 0.040500 0.009600 0.042300 0.017000 0.005200 0.019900 0.009800 0.005600 0.035500 0.009400 0.010800 0.011300 0.016900 0.014700 0.008900 0.015600 0.015500 0.035600 0.015100 0.010300 0.011300 0.008000 0.014100 0.041500 0.041500
GazellaPrz 0.012200 0.054000 0.043400 0.048000 0.014100 0.015500 0.009900 0.000000 0.039400 0.020000 0.011300 0.031500 0.010800 0.013200 0.015100 0.008400 0.022600 0.019300 0.011700 0.042900 0.008000 0.013600 0.021500 0.020300 0.011300 0.007500 0.011700 0.041400 0.009100 0.043200 0.021400 0.010800 0.025200 0.013100 0.009400 0.036500 0.012700 0.013200 0.009900 0.020800 0.019000 0.007500 0.020000 0.018900 0.036500 0.015600 0.008900 0.014600 0.010300 0.017500 0.042400 0.042400
MountainNy 0.042000 0.079500 0.008900 0.072000 0.042100 0.045500 0.039500 0.039400 0.000000 0.045900 0.042000 0.027600 0.041300 0.044000 0.041600 0.042000 0.046000 0.045000 0.042400 0.007000 0.040500 0.044300 0.047200 0.046200 0.042000 0.041900 0.042300 0.005600 0.043000 0.005100 0.047300 0.041500 0.049100 0.043800 0.040400 0.031500 0.043400 0.042000 0.043600 0.045700 0.043900 0.041000 0.045900 0.044700 0.031500 0.046700 0.043400 0.041500 0.040400 0.042700 0.006500 0.004700
MuntiacusM 0.016100 0.047800 0.047700 0.047900 0.019000 0.019400 0.015600 0.020000 0.045900 0.000000 0.015100 0.038100 0.016500 0.019900 0.015800 0.017100 0.019200 0.017800 0.015600 0.049700 0.017600 0.017000 0.005100 0.005100 0.015200 0.018000 0.017500 0.047100 0.018700 0.048900 0.002300 0.016600 0.022800 0.018900 0.016600 0.040100 0.015600 0.017000 0.020500 0.007500 0.002800 0.018000 0.000000 0.004700 0.040200 0.023100 0.020400 0.016200 0.017000 0.016500 0.049200 0.048100
goat 0.002800 0.049900 0.045000 0.046400 0.011200 0.006100 0.008000 0.011300 0.042000 0.015100 0.000000 0.034000 0.006000 0.011300 0.012200 0.009400 0.018700 0.016400 0.005100 0.044400 0.010800 0.003300 0.016600 0.015500 0.000000 0.009400 0.006000 0.042900 0.011000 0.044700 0.016500 0.008000 0.021300 0.007400 0.006100 0.037000 0.001400 0.010300 0.010800 0.016000 0.014200 0.010300 0.015100 0.014100 0.037000 0.013600 0.010800 0.010800 0.008400 0.014600 0.044000 0.043900
AfricanBuf 0.034000 0.068700 0.029800 0.065700 0.036100 0.037400 0.032500 0.031500 0.027600 0.038100 0.034000 0.000000 0.033400 0.035000 0.033600 0.036000 0.036800 0.035300 0.033500 0.030000 0.032500 0.036400 0.039700 0.037400 0.034000 0.034000 0.033900 0.028500 0.036000 0.028600 0.039500 0.033600 0.042300 0.035800 0.033400 0.013200 0.034900 0.036100 0.036600 0.037900 0.036200 0.033000 0.038100 0.036900 0.013200 0.037600 0.034400 0.032600 0.033000 0.035000 0.029500 0.028500
Topi 0.007900 0.051200 0.044300 0.046000 0.010700 0.011200 0.007500 0.010800 0.041300 0.016500 0.006000 0.033400 0.000000 0.010800 0.013600 0.009800 0.017300 0.016800 0.006500 0.043800 0.010300 0.007400 0.018000 0.016900 0.006000 0.008900 0.001800 0.042300 0.010500 0.044100 0.017900 0.007500 0.020700 0.003200 0.004600 0.036400 0.007400 0.009800 0.012200 0.017300 0.015600 0.009800 0.016500 0.015400 0.036400 0.014100 0.011200 0.011200 0.007900 0.014100 0.043300 0.043300
CommonDuik 0.012200 0.053800 0.047100 0.050100 0.015100 0.015500 0.008500 0.013200 0.044000 0.019900 0.011300 0.035000 0.010800 0.000000 0.017100 0.012200 0.022600 0.019300 0.011800 0.046500 0.012700 0.013700 0.021500 0.020300 0.011300 0.011300 0.011700 0.045000 0.012900 0.046800 0.021400 0.006100 0.022300 0.012200 0.010800 0.040000 0.012700 0.014100 0.014700 0.020800 0.019000 0.012300 0.020000 0.017900 0.040100 0.018400 0.013700 0.014600 0.010300 0.016500 0.046000 0.046000
Suni 0.014100 0.052800 0.045600 0.049800 0.014200 0.017500 0.013700 0.015100 0.041600 0.015800 0.012200 0.033600 0.013600 0.017100 0.000000 0.015100 0.022400 0.020000 0.013700 0.045100 0.014700 0.014300 0.017100 0.016200 0.012200 0.015100 0.014600 0.043600 0.016800 0.044900 0.016300 0.013700 0.024900 0.016000 0.012700 0.037700 0.012700 0.013200 0.017600 0.016200 0.014800 0.015200 0.015800 0.014700 0.036700 0.016600 0.017500 0.012300 0.012300 0.017200 0.044600 0.043600
Springbuck 0.011300 0.051900 0.045100 0.048100 0.014100 0.014600 0.008000 0.008400 0.042000 0.017100 0.009400 0.036000 0.009800 0.012200 0.015100 0.000000 0.021700 0.019300 0.009900 0.044500 0.006100 0.011800 0.018600 0.018400 0.009400 0.005600 0.010800 0.043000 0.005200 0.044800 0.018500 0.008900 0.021300 0.011200 0.007500 0.037100 0.010800 0.012200 0.008000 0.018900 0.016100 0.006600 0.017100 0.016000 0.037100 0.016500 0.008000 0.012700 0.009400 0.016500 0.044100 0.044000
Okapi 0.019700 0.048000 0.046800 0.046200 0.019800 0.023000 0.019300 0.022600 0.046000 0.019200 0.018700 0.036800 0.017300 0.022600 0.022400 0.021700 0.000000 0.007900 0.019200 0.049800 0.020700 0.020700 0.020700 0.018800 0.018700 0.020700 0.018200 0.047200 0.022300 0.048600 0.020600 0.019300 0.017300 0.019600 0.018300 0.040800 0.019200 0.019700 0.024100 0.021600 0.018300 0.020700 0.019200 0.018300 0.040900 0.023300 0.022600 0.020200 0.019700 0.018300 0.049300 0.048300
Giraffe 0.017300 0.045600 0.045800 0.046800 0.019300 0.020700 0.016900 0.019300 0.045000 0.017800 0.016400 0.035300 0.016800 0.019300 0.020000 0.019300 0.007900 0.000000 0.016900 0.048800 0.018800 0.018300 0.019300 0.017400 0.016400 0.018300 0.017800 0.046200 0.019000 0.047300 0.019200 0.016900 0.018800 0.019200 0.016900 0.040300 0.016800 0.018300 0.021700 0.018800 0.016900 0.018400 0.017800 0.016900 0.040400 0.022300 0.020700 0.018800 0.017400 0.015900 0.048300 0.047300
TibetanAnt 0.007000 0.050300 0.043500 0.049000 0.011700 0.010300 0.008400 0.011700 0.042400 0.015600 0.005100 0.033500 0.006500 0.011800 0.013700 0.009900 0.019200 0.016900 0.000000 0.043900 0.011300 0.007500 0.018000 0.016900 0.005200 0.008900 0.007500 0.042400 0.011400 0.043200 0.018000 0.008400 0.021700 0.008900 0.006500 0.036500 0.006500 0.010800 0.013200 0.017400 0.015600 0.009400 0.015600 0.015500 0.036500 0.015100 0.012200 0.011300 0.008900 0.015100 0.043400 0.043400
Sitatunga 0.045400 0.083400 0.007500 0.075500 0.044500 0.048900 0.042000 0.042900 0.007000 0.049700 0.044400 0.030000 0.043800 0.046500 0.045100 0.044500 0.049800 0.048800 0.043900 0.000000 0.043000 0.046900 0.051300 0.050000 0.044400 0.043400 0.044800 0.005100 0.045500 0.006500 0.051200 0.044000 0.052900 0.046300 0.042900 0.033000 0.045900 0.044500 0.046100 0.049400 0.047700 0.042500 0.049700 0.048400 0.033000 0.049600 0.045900 0.044000 0.042900 0.045400 0.005100 0.006100
Oribi 0.012700 0.053500 0.043500 0.047600 0.012700 0.016000 0.009400 0.008000 0.040500 0.017600 0.010800 0.032500 0.010300 0.012700 0.014700 0.006100 0.020700 0.018800 0.011300 0.043000 0.000000 0.013200 0.019100 0.019000 0.010800 0.006100 0.011200 0.041000 0.005700 0.043300 0.019000 0.009400 0.021800 0.011700 0.008900 0.035600 0.012200 0.010800 0.009400 0.019400 0.016700 0.007000 0.017600 0.016600 0.035600 0.015100 0.008400 0.013200 0.009900 0.016500 0.042500 0.042500
BarbaryShe 0.005100 0.052000 0.047500 0.048400 0.013600 0.008400 0.010300 0.013600 0.044300 0.017000 0.003300 0.036400 0.007400 0.013700 0.014300 0.011800 0.020700 0.018300 0.007500 0.046900 0.013200 0.000000 0.018500 0.017400 0.003300 0.011800 0.008400 0.045400 0.013400 0.047300 0.018400 0.010300 0.023200 0.009800 0.008400 0.039500 0.004700 0.012700 0.014100 0.017900 0.016100 0.012700 0.017000 0.016000 0.039500 0.015700 0.014100 0.013200 0.010800 0.016500 0.046500 0.046500
Daviddeer 0.017600 0.051400 0.050400 0.050000 0.020500 0.020900 0.017100 0.021500 0.047200 0.005100 0.016600 0.039700 0.018000 0.021500 0.017100 0.018600 0.020700 0.019300 0.018000 0.051300 0.019100 0.018500 0.000000 0.007500 0.016600 0.019000 0.019000 0.048800 0.020200 0.050600 0.006600 0.018100 0.024300 0.020400 0.018000 0.041800 0.017100 0.018500 0.022000 0.009800 0.003300 0.019500 0.005100 0.006100 0.041800 0.024400 0.021900 0.017700 0.018500 0.017500 0.050800 0.049800
Reindeer 0.016500 0.048200 0.047000 0.047400 0.019300 0.019800 0.017000 0.020300 0.046200 0.005100 0.015500 0.037400 0.016900 0.020300 0.016200 0.018400 0.018800 0.017400 0.016900 0.050000 0.019000 0.017400 0.007500 0.000000 0.015500 0.018400 0.017800 0.047400 0.019100 0.048500 0.006500 0.017000 0.023300 0.019300 0.016900 0.040500 0.016000 0.018400 0.020800 0.007500 0.005100 0.018400 0.005100 0.003300 0.040500 0.021500 0.020800 0.015600 0.017400 0.017000 0.049500 0.047500
Ibex 0.002800 0.049900 0.045000 0.046400 0.011200 0.006100 0.008000 0.011300 0.042000 0.015200 0.000000 0.034000 0.006000 0.011300 0.012200 0.009400 0.018700 0.016400 0.005200 0.044400 0.010800 0.003300 0.016600 0.015500 0.000000 0.009400 0.006000 0.042900 0.011000 0.044800 0.016500 0.008000 0.021200 0.007400 0.006100 0.037000 0.001400 0.010300 0.010800 0.015900 0.014200 0.010300 0.015200 0.014100 0.037100 0.013600 0.010800 0.010800 0.008400 0.014600 0.044000 0.043900
GyrantGaze 0.011300 0.050900 0.044000 0.047100 0.013200 0.014600 0.008000 0.007500 0.041900 0.018000 0.009400 0.034000 0.008900 0.011300 0.015100 0.005600 0.020700 0.018300 0.008900 0.043400 0.006100 0.011800 0.019000 0.018400 0.009400 0.000000 0.009800 0.041900 0.006300 0.043700 0.019500 0.008000 0.022300 0.010300 0.007500 0.037000 0.010800 0.012200 0.008000 0.018900 0.017100 0.002800 0.018000 0.016000 0.037000 0.015600 0.008000 0.012700 0.008400 0.015600 0.043000 0.042900
Hartebeest 0.007900 0.050600 0.045300 0.047000 0.011700 0.011200 0.008400 0.011700 0.042300 0.017500 0.006000 0.033900 0.001800 0.011700 0.014600 0.010800 0.018200 0.017800 0.007500 0.044800 0.011200 0.008400 0.019000 0.017800 0.006000 0.009800 0.000000 0.043300 0.011400 0.045100 0.018900 0.008400 0.021700 0.003200 0.005600 0.037400 0.007400 0.010700 0.013200 0.018300 0.016500 0.010800 0.017500 0.016400 0.037400 0.015000 0.012200 0.012200 0.008900 0.015000 0.044300 0.044300
Bongo 0.042900 0.080800 0.006000 0.072300 0.043000 0.046400 0.040500 0.041400 0.005600 0.047100 0.042900 0.028500 0.042300 0.045000 0.043600 0.043000 0.047200 0.046200 0.042400 0.005100 0.041000 0.045400 0.048800 0.047400 0.042900 0.041900 0.043300 0.000000 0.044000 0.005100 0.048600 0.042500 0.050300 0.044700 0.041400 0.031500 0.044400 0.043000 0.044600 0.046900 0.045200 0.041000 0.047100 0.045900 0.031500 0.048600 0.044400 0.042500 0.041400 0.043900 0.004700 0.004600
Gerenuk 0.012900 0.053600 0.046100 0.048800 0.014800 0.016200 0.009600 0.009100 0.043000 0.018700 0.011000 0.036000 0.010500 0.012900 0.016800 0.005200 0.022300 0.019000 0.011400 0.045500 0.005700 0.013400 0.020200 0.019100 0.011000 0.006300 0.011400 0.044000 0.000000 0.045800 0.019100 0.009500 0.023000 0.011900 0.009100 0.038100 0.012400 0.012900 0.008000 0.020500 0.017700 0.007200 0.018700 0.017600 0.038100 0.016200 0.008600 0.014300 0.010000 0.017200 0.045100 0.044000
CommonElan 0.044800 0.082200 0.006500 0.075200 0.044900 0.048300 0.042300 0.043200 0.005100 0.048900 0.044700 0.028600 0.044100 0.046800 0.044900 0.044800 0.048600 0.047300 0.043200 0.006500 0.043300 0.047300 0.050600 0.048500 0.044800 0.043700 0.045100 0.005100 0.045800 0.000000 0.050400 0.044300 0.052200 0.046600 0.043200 0.031500 0.046200 0.044800 0.046400 0.048000 0.047000 0.042300 0.049000 0.047000 0.031600 0.050500 0.046200 0.044300 0.043200 0.045200 0.006100 0.003300
MuntiacusR 0.017500 0.050300 0.049100 0.048900 0.020400 0.020800 0.017000 0.021400 0.047300 0.002300 0.016500 0.039500 0.017900 0.021400 0.016300 0.018500 0.020600 0.019200 0.018000 0.051200 0.019000 0.018400 0.006600 0.006500 0.016500 0.019500 0.018900 0.048600 0.019100 0.050400 0.000000 0.018000 0.024200 0.020300 0.018000 0.041600 0.017000 0.018500 0.021900 0.008900 0.004200 0.019500 0.002300 0.006100 0.041600 0.024500 0.021800 0.016700 0.018500 0.017900 0.050600 0.049600
HarveysDui 0.009900 0.050900 0.044600 0.048100 0.011800 0.013200 0.005200 0.010800 0.041500 0.016600 0.008000 0.033600 0.007500 0.006100 0.013700 0.008900 0.019300 0.016900 0.008400 0.044000 0.009400 0.010300 0.018100 0.017000 0.008000 0.008000 0.008400 0.042500 0.009500 0.044300 0.018000 0.000000 0.018900 0.008900 0.007500 0.035600 0.009400 0.010800 0.011300 0.017500 0.015700 0.008900 0.016600 0.014600 0.036600 0.015100 0.010300 0.011300 0.007000 0.014200 0.043500 0.043500
Pronghorn 0.022200 0.052700 0.050900 0.052800 0.024200 0.025600 0.019900 0.025200 0.049100 0.022800 0.021300 0.042300 0.020700 0.022300 0.024900 0.021300 0.017300 0.018800 0.021700 0.052900 0.021800 0.023200 0.024300 0.023300 0.021200 0.022300 0.021700 0.050300 0.023000 0.052200 0.024200 0.018900 0.000000 0.022200 0.019800 0.043400 0.021700 0.023200 0.024700 0.024300 0.021900 0.022300 0.022800 0.020900 0.043800 0.026300 0.023700 0.021800 0.020300 0.021300 0.051900 0.050400
BlueWildeb 0.009300 0.051600 0.046800 0.048500 0.013100 0.012600 0.009800 0.013100 0.043800 0.018900 0.007400 0.035800 0.003200 0.012200 0.016000 0.011200 0.019600 0.019200 0.008900 0.046300 0.011700 0.009800 0.020400 0.019300 0.007400 0.010300 0.003200 0.044700 0.011900 0.046600 0.020300 0.008900 0.022200 0.000000 0.007000 0.038800 0.008800 0.012100 0.013600 0.019700 0.018000 0.011200 0.018900 0.016900 0.038900 0.016400 0.012600 0.013600 0.009300 0.016500 0.045300 0.045800
Gemsbok 0.007900 0.050200 0.043500 0.046900 0.009800 0.011200 0.005600 0.009400 0.040400 0.016600 0.006100 0.033400 0.004600 0.010800 0.012700 0.007500 0.018300 0.016900 0.006500 0.042900 0.008900 0.008400 0.018000 0.016900 0.006100 0.007500 0.005600 0.041400 0.009100 0.043200 0.018000 0.007500 0.019800 0.007000 0.000000 0.036500 0.006500 0.008900 0.010800 0.017400 0.015600 0.008400 0.016600 0.015500 0.035500 0.014100 0.009800 0.010300 0.007000 0.014100 0.042400 0.042400
Yak 0.038000 0.074400 0.034000 0.070000 0.039200 0.041500 0.035500 0.036500 0.031500 0.040100 0.037000 0.013200 0.036400 0.040000 0.037700 0.037100 0.040800 0.040300 0.036500 0.033000 0.035600 0.039500 0.041800 0.040500 0.037000 0.037000 0.037400 0.031500 0.038100 0.031500 0.041600 0.035600 0.043400 0.038800 0.036500 0.000000 0.038400 0.039100 0.038700 0.040000 0.038200 0.036100 0.040200 0.039000 0.002800 0.041700 0.036500 0.036100 0.036000 0.038000 0.032500 0.031500
BlueSheep 0.004200 0.050300 0.046200 0.047800 0.011700 0.007500 0.009400 0.012700 0.043400 0.015600 0.001400 0.034900 0.007400 0.012700 0.012700 0.010800 0.019200 0.016800 0.006500 0.045900 0.012200 0.004700 0.017100 0.016000 0.001400 0.010800 0.007400 0.044400 0.012400 0.046200 0.017000 0.009400 0.021700 0.008800 0.006500 0.038400 0.000000 0.010800 0.012200 0.016400 0.014600 0.011700 0.015600 0.014500 0.037500 0.015000 0.012200 0.011300 0.008900 0.015000 0.045400 0.045400
BohorReedb 0.012200 0.051800 0.045100 0.047500 0.001900 0.015500 0.010800 0.013200 0.042000 0.017000 0.010300 0.036100 0.009800 0.014100 0.013200 0.012200 0.019700 0.018300 0.010800 0.044500 0.010800 0.012700 0.018500 0.018400 0.010300 0.012200 0.010700 0.043000 0.012900 0.044800 0.018500 0.010800 0.023200 0.012100 0.008900 0.039100 0.010800 0.000000 0.015600 0.019800 0.016100 0.013200 0.017000 0.016900 0.038200 0.014600 0.014600 0.011800 0.010300 0.017400 0.044100 0.044000
KirksDik 0.013700 0.055600 0.046600 0.049600 0.016500 0.017000 0.011300 0.009900 0.043600 0.020500 0.010800 0.036600 0.012200 0.014700 0.017600 0.008000 0.024100 0.021700 0.013200 0.046100 0.009400 0.014100 0.022000 0.020800 0.010800 0.008000 0.013200 0.044600 0.008000 0.046400 0.021900 0.011300 0.024700 0.013600 0.010800 0.038700 0.012200 0.015600 0.000000 0.020300 0.019500 0.007100 0.020500 0.018400 0.038700 0.018000 0.008500 0.016100 0.010800 0.019000 0.045600 0.045600
RoeDeer 0.016900 0.051200 0.047400 0.048800 0.020800 0.020300 0.016900 0.020800 0.045700 0.007500 0.016000 0.037900 0.017300 0.020800 0.016200 0.018900 0.021600 0.018800 0.017400 0.049400 0.019400 0.017900 0.009800 0.007500 0.015900 0.018900 0.018300 0.046900 0.020500 0.048000 0.008900 0.017500 0.024300 0.019700 0.017400 0.040000 0.016400 0.019800 0.020300 0.000000 0.007500 0.018900 0.007500 0.007000 0.040000 0.023800 0.021200 0.018000 0.017900 0.017900 0.048900 0.047900
WhiteLippe 0.015100 0.048900 0.046800 0.048000 0.018000 0.018500 0.014700 0.019000 0.043900 0.002800 0.014200 0.036200 0.015600 0.019000 0.014800 0.016100 0.018300 0.016900 0.015600 0.047700 0.016700 0.016100 0.003300 0.005100 0.014200 0.017100 0.016500 0.045200 0.017700 0.047000 0.004200 0.015700 0.021900 0.018000 0.015600 0.038200 0.014600 0.016100 0.019500 0.007500 0.000000 0.017100 0.002800 0.003700 0.038300 0.022200 0.019500 0.015200 0.016100 0.015100 0.047200 0.046200
ThomsonGaz 0.012200 0.051000 0.042500 0.047100 0.014100 0.015600 0.008900 0.007500 0.041000 0.018000 0.010300 0.033000 0.009800 0.012300 0.015200 0.006600 0.020700 0.018400 0.009400 0.042500 0.007000 0.012700 0.019500 0.018400 0.010300 0.002800 0.010800 0.041000 0.007200 0.042300 0.019500 0.008900 0.022300 0.011200 0.008400 0.036100 0.011700 0.013200 0.007100 0.018900 0.017100 0.000000 0.018000 0.016000 0.036100 0.016500 0.008000 0.012700 0.008400 0.015600 0.042000 0.042000
MuntiacusC 0.016100 0.047800 0.047700 0.047900 0.019000 0.019400 0.015600 0.020000 0.045900 0.000000 0.015100 0.038100 0.016500 0.020000 0.015800 0.017100 0.019200 0.017800 0.015600 0.049700 0.017600 0.017000 0.005100 0.005100 0.015200 0.018000 0.017500 0.047100 0.018700 0.049000 0.002300 0.016600 0.022800 0.018900 0.016600 0.040200 0.015600 0.017000 0.020500 0.007500 0.002800 0.018000 0.000000 0.004700 0.040200 0.023100 0.020400 0.016200 0.017000 0.016500 0.049200 0.048200
WhiteTaile 0.015000 0.048700 0.047400 0.047800 0.017900 0.018300 0.015500 0.018900 0.044700 0.004700 0.014100 0.036900 0.015400 0.017900 0.014700 0.016000 0.018300 0.016900 0.015500 0.048400 0.016600 0.016000 0.006100 0.003300 0.014100 0.016000 0.016400 0.045900 0.017600 0.047000 0.006100 0.014600 0.020900 0.016900 0.015500 0.039000 0.014500 0.016900 0.018400 0.007000 0.003700 0.016000 0.004700 0.000000 0.039000 0.022000 0.018400 0.015100 0.015000 0.015600 0.047900 0.046900
Cattle 0.038000 0.075500 0.034000 0.071100 0.038200 0.041500 0.035600 0.036500 0.031500 0.040200 0.037000 0.013200 0.036400 0.040100 0.036700 0.037100 0.040900 0.040400 0.036500 0.033000 0.035600 0.039500 0.041800 0.040500 0.037100 0.037000 0.037400 0.031500 0.038100 0.031600 0.041600 0.036600 0.043800 0.038900 0.035500 0.002800 0.037500 0.038200 0.038700 0.040000 0.038300 0.036100 0.040200 0.039000 0.000000 0.041700 0.036500 0.035100 0.035100 0.038000 0.032600 0.031600
RoyalAntel 0.015500 0.053900 0.049200 0.049300 0.015600 0.018900 0.015100 0.015600 0.046700 0.023100 0.013600 0.037600 0.014100 0.018400 0.016600 0.016500 0.023300 0.022300 0.015100 0.049600 0.015100 0.015700 0.024400 0.021500 0.013600 0.015600 0.015000 0.048600 0.016200 0.050500 0.024500 0.015100 0.026300 0.016400 0.014100 0.041700 0.015000 0.014600 0.018000 0.023800 0.022200 0.016500 0.023100 0.022000 0.041700 0.000000 0.017000 0.018100 0.014600 0.021500 0.048700 0.047600
Steenbok 0.013600 0.053300 0.046400 0.049000 0.015500 0.016000 0.010300 0.008900 0.043400 0.020400 0.010800 0.034400 0.011200 0.013700 0.017500 0.008000 0.022600 0.020700 0.012200 0.045900 0.008400 0.014100 0.021900 0.020800 0.010800 0.008000 0.012200 0.044400 0.008600 0.046200 0.021800 0.010300 0.023700 0.012600 0.009800 0.036500 0.012200 0.014600 0.008500 0.021200 0.019500 0.008000 0.020400 0.018400 0.036500 0.017000 0.000000 0.015100 0.009800 0.018000 0.045400 0.045400
Impala 0.012700 0.050400 0.043600 0.046700 0.012700 0.016000 0.011300 0.014600 0.041500 0.016200 0.010800 0.032600 0.011200 0.014600 0.012300 0.012700 0.020200 0.018800 0.011300 0.044000 0.013200 0.013200 0.017700 0.015600 0.010800 0.012700 0.012200 0.042500 0.014300 0.044300 0.016700 0.011300 0.021800 0.013600 0.010300 0.036100 0.011300 0.011800 0.016100 0.018000 0.015200 0.012700 0.016200 0.015100 0.035100 0.018100 0.015100 0.000000 0.010800 0.016500 0.043600 0.043500
Klipspring 0.010300 0.050800 0.043500 0.047000 0.011300 0.013600 0.008000 0.010300 0.040400 0.017000 0.008400 0.033000 0.007900 0.010300 0.012300 0.009400 0.019700 0.017400 0.008900 0.042900 0.009900 0.010800 0.018500 0.017400 0.008400 0.008400 0.008900 0.041400 0.010000 0.043200 0.018500 0.007000 0.020300 0.009300 0.007000 0.036000 0.008900 0.010300 0.010800 0.017900 0.016100 0.008400 0.017000 0.015000 0.035100 0.014600 0.009800 0.010800 0.000000 0.014600 0.042500 0.041400
ForestMusk 0.016500 0.048800 0.045700 0.049000 0.018400 0.019800 0.014100 0.017500 0.042700 0.016500 0.014600 0.035000 0.014100 0.016500 0.017200 0.016500 0.018300 0.015900 0.015100 0.045400 0.016500 0.016500 0.017500 0.017000 0.014600 0.015600 0.015000 0.043900 0.017200 0.045200 0.017900 0.014200 0.021300 0.016500 0.014100 0.038000 0.015000 0.017400 0.019000 0.017900 0.015100 0.015600 0.016500 0.015600 0.038000 0.021500 0.018000 0.016500 0.014600 0.000000 0.045000 0.044900
Bushbuck 0.045000 0.081900 0.007900 0.075000 0.044100 0.048500 0.041500 0.042400 0.006500 0.049200 0.044000 0.029500 0.043300 0.046000 0.044600 0.044100 0.049300 0.048300 0.043400 0.005100 0.042500 0.046500 0.050800 0.049500 0.044000 0.043000 0.044300 0.004700 0.045100 0.006100 0.050600 0.043500 0.051900 0.045300 0.042400 0.032500 0.045400 0.044100 0.045600 0.048900 0.047200 0.042000 0.049200 0.047900 0.032600 0.048700 0.045400 0.043600 0.042500 0.045000 0.000000 0.005600
GreaterKud 0.043900 0.081900 0.007000 0.074400 0.044100 0.047400 0.041500 0.042400 0.004700 0.048100 0.043900 0.028500 0.043300 0.046000 0.043600 0.044000 0.048300 0.047300 0.043400 0.006100 0.042500 0.046500 0.049800 0.047500 0.043900 0.042900 0.044300 0.004600 0.044000 0.003300 0.049600 0.043500 0.050400 0.045800 0.042400 0.031500 0.045400 0.044000 0.045600 0.047900 0.046200 0.042000 0.048200 0.046900 0.031600 0.047600 0.045400 0.043500 0.041400 0.044900 0.005600 0.000000
