1
52 1
Argali 0.000000 0.548700 0.212600 0.543300 0.150200 0.015000 0.140000 0.149400 0.194200 0.210200 0.046500 0.162500 0.094700 0.140000 0.167800 0.137800 0.250500 0.218500 0.095800 0.202800 0.157200 0.030500 0.223500 0.181200 0.054700 0.194100 0.071200 0.177900 0.153500 0.214000 0.218600 0.136400 0.236800 0.087800 0.128900 0.169200 0.069400 0.151100 0.124500 0.190300 0.206200 0.202100 0.210200 0.181700 0.182200 0.098900 0.157300 0.142400 0.153800 0.191900 0.189200 0.195500
LesserMous 0.548700 0.000000 0.499600 0.594400 0.457700 0.525900 0.540000 0.513400 0.516600 0.455000 0.548300 0.438200 0.562300 0.550400 0.605700 0.509400 0.431900 0.412800 0.506300 0.528100 0.487200 0.546900 0.470000 0.412300 0.566600 0.486200 0.540500 0.526700 0.540600 0.516200 0.465100 0.567400 0.487800 0.530200 0.541900 0.458200 0.548700 0.469000 0.498300 0.425800 0.457800 0.477900 0.455000 0.415300 0.497300 0.479900 0.518800 0.549100 0.546100 0.465300 0.516300 0.490900
LesserKudu 0.212600 0.499600 0.000000 0.535400 0.195500 0.227600 0.223300 0.185000 0.086400 0.179800 0.211200 0.124700 0.229000 0.193500 0.213800 0.200500 0.190200 0.177800 0.212200 0.094200 0.202500 0.192800 0.222200 0.170200 0.223100 0.158300 0.202600 0.070900 0.198000 0.086000 0.188000 0.217800 0.244800 0.203600 0.191100 0.131600 0.235900 0.196700 0.169800 0.179100 0.205000 0.173800 0.179800 0.189900 0.162900 0.161000 0.165600 0.197600 0.180100 0.181400 0.062900 0.054200
KillerWhal 0.543300 0.594400 0.535400 0.000000 0.443600 0.551000 0.573800 0.577400 0.551300 0.497900 0.542300 0.566100 0.523700 0.521500 0.632100 0.538300 0.479100 0.477400 0.530500 0.532800 0.509700 0.573000 0.518800 0.525900 0.560300 0.554200 0.532400 0.531100 0.588900 0.552500 0.508100 0.552000 0.558700 0.510500 0.551100 0.538500 0.514800 0.507300 0.523800 0.543100 0.533100 0.564000 0.497900 0.531900 0.564300 0.518600 0.603700 0.590000 0.591100 0.539000 0.552400 0.498100
DefassaWat 0.150200 0.457700 0.195500 0.443600 0.000000 0.166600 0.132300 0.114800 0.206000 0.213100 0.132400 0.145800 0.148500 0.132300 0.188800 0.139700 0.203100 0.201200 0.150400 0.195300 0.104900 0.131900 0.204800 0.183500 0.141800 0.152300 0.124000 0.189500 0.156000 0.186900 0.221500 0.145800 0.211900 0.105700 0.148400 0.134500 0.121000 0.031900 0.107700 0.193000 0.209100 0.176300 0.213100 0.164800 0.166500 0.100200 0.141100 0.125900 0.155000 0.185600 0.181600 0.150500
Sheep 0.015000 0.525900 0.227600 0.551000 0.166600 0.000000 0.156300 0.165800 0.192000 0.227300 0.061600 0.179300 0.110300 0.156200 0.184000 0.153800 0.267100 0.235300 0.078100 0.219400 0.173500 0.045800 0.241000 0.178900 0.070200 0.183800 0.085700 0.194500 0.169400 0.229300 0.235700 0.152300 0.233500 0.103600 0.144800 0.185800 0.084300 0.167600 0.140900 0.207000 0.223700 0.199700 0.227300 0.198700 0.198400 0.115200 0.173700 0.158900 0.169700 0.189800 0.204800 0.212200
MaxwellsDu 0.140000 0.540000 0.223300 0.573800 0.132300 0.156300 0.000000 0.114200 0.224600 0.221400 0.122500 0.173000 0.120800 0.062900 0.177800 0.165600 0.271500 0.229600 0.122400 0.233400 0.148800 0.122100 0.224000 0.191500 0.123100 0.195800 0.096900 0.208000 0.200500 0.205100 0.229900 0.093900 0.238600 0.071400 0.120700 0.179700 0.146200 0.142600 0.125000 0.221100 0.217600 0.203300 0.221400 0.172900 0.211900 0.082200 0.167400 0.115900 0.163600 0.202600 0.200000 0.206100
GazellaPrz 0.149400 0.513400 0.185000 0.577400 0.114800 0.165800 0.114200 0.000000 0.194900 0.221700 0.140400 0.135700 0.138600 0.131900 0.168900 0.112400 0.224500 0.202500 0.158500 0.223200 0.096300 0.139900 0.224300 0.144500 0.149900 0.125400 0.132000 0.197900 0.128200 0.205400 0.230200 0.146200 0.219600 0.122600 0.138500 0.142600 0.137700 0.124800 0.072700 0.221400 0.217900 0.149700 0.221700 0.173200 0.174500 0.108300 0.113700 0.116000 0.146100 0.184200 0.189900 0.196200
MountainNy 0.194200 0.516600 0.086400 0.551300 0.206000 0.192000 0.224600 0.194900 0.000000 0.170900 0.194300 0.134200 0.191500 0.194200 0.224500 0.210400 0.239200 0.217000 0.194500 0.037500 0.212600 0.174800 0.212700 0.161500 0.204700 0.167500 0.185700 0.015100 0.207800 0.062300 0.179200 0.218700 0.235700 0.185500 0.192000 0.141200 0.199800 0.207200 0.179600 0.189800 0.195600 0.220100 0.170900 0.181000 0.172700 0.181200 0.212800 0.208200 0.199500 0.173400 0.039200 0.062400
MuntiacusM 0.210200 0.455000 0.179800 0.497900 0.213100 0.227300 0.221400 0.221700 0.170900 0.000000 0.210300 0.167100 0.227400 0.210200 0.211700 0.217200 0.157900 0.135300 0.210100 0.179500 0.240400 0.189900 0.073500 0.107900 0.211500 0.209700 0.201500 0.154300 0.214300 0.190500 0.007500 0.235400 0.232700 0.201200 0.227600 0.174000 0.235900 0.214300 0.217100 0.081800 0.057400 0.246000 0.000000 0.090700 0.206600 0.187500 0.261800 0.225200 0.234900 0.178400 0.165300 0.181700
goat 0.046500 0.548300 0.211200 0.542300 0.132400 0.061600 0.122500 0.140400 0.194300 0.210300 0.000000 0.162800 0.078300 0.140200 0.167900 0.120600 0.250400 0.218600 0.079300 0.203000 0.139400 0.015200 0.223700 0.181100 0.007600 0.185900 0.054700 0.178100 0.153900 0.212800 0.218700 0.136600 0.237300 0.071300 0.094800 0.169600 0.053300 0.133200 0.124900 0.190300 0.206300 0.202000 0.210300 0.162800 0.182600 0.081800 0.139600 0.124600 0.136400 0.192300 0.188200 0.195600
AfricanBuf 0.162500 0.438200 0.124700 0.566100 0.145800 0.179300 0.173000 0.135700 0.134200 0.167100 0.162800 0.000000 0.179600 0.162500 0.202900 0.169900 0.190300 0.148700 0.181900 0.142700 0.171800 0.143600 0.159600 0.157600 0.172900 0.182100 0.154200 0.117900 0.186300 0.134500 0.175500 0.187100 0.195500 0.154000 0.179500 0.040500 0.187600 0.146800 0.157100 0.166900 0.142300 0.217400 0.167100 0.139200 0.072200 0.129800 0.172200 0.137600 0.168000 0.150900 0.109900 0.116900
Topi 0.094700 0.562300 0.229000 0.523700 0.148500 0.110300 0.120800 0.138600 0.191500 0.227400 0.078300 0.179600 0.000000 0.120700 0.165800 0.136200 0.267300 0.235800 0.111800 0.200100 0.155400 0.078100 0.241200 0.197800 0.086800 0.183400 0.022800 0.175500 0.151900 0.230800 0.235700 0.134800 0.196200 0.054100 0.093600 0.186200 0.101200 0.149500 0.141100 0.207300 0.223700 0.217800 0.227400 0.179700 0.199100 0.097800 0.155700 0.105400 0.143700 0.189600 0.206100 0.212100
CommonDuik 0.140000 0.550400 0.193500 0.521500 0.132300 0.156200 0.062900 0.131900 0.194200 0.210200 0.140200 0.162500 0.120700 0.000000 0.196900 0.165900 0.220300 0.218200 0.140100 0.202800 0.131100 0.122000 0.212600 0.181200 0.141000 0.159900 0.114100 0.177900 0.181900 0.194500 0.218600 0.045700 0.208400 0.088100 0.138200 0.169300 0.164300 0.161200 0.125200 0.210100 0.206200 0.185300 0.210200 0.181900 0.201400 0.099600 0.167700 0.133900 0.163900 0.164900 0.189200 0.195600
Suni 0.167800 0.605700 0.213800 0.632100 0.188800 0.184000 0.177800 0.168900 0.224500 0.211700 0.167900 0.202900 0.165800 0.196900 0.000000 0.194000 0.282300 0.240300 0.167800 0.213500 0.195700 0.167600 0.246000 0.162600 0.168800 0.223900 0.159500 0.208000 0.229600 0.245400 0.220100 0.210900 0.268000 0.159200 0.165500 0.200200 0.173500 0.190000 0.181600 0.191300 0.228300 0.221300 0.211700 0.182900 0.213100 0.145200 0.215500 0.143400 0.210200 0.232700 0.220100 0.226200
Springbuck 0.137800 0.509400 0.200500 0.538300 0.139700 0.153800 0.165600 0.112400 0.210400 0.217200 0.120600 0.169900 0.136200 0.165900 0.194000 0.000000 0.218100 0.205700 0.155900 0.238800 0.111700 0.120200 0.230500 0.150700 0.129600 0.123400 0.112400 0.213700 0.060800 0.221000 0.225500 0.161600 0.224500 0.129700 0.171900 0.158300 0.109900 0.140600 0.097200 0.188200 0.213400 0.138800 0.217200 0.169800 0.171300 0.124300 0.111900 0.149800 0.143600 0.162700 0.205900 0.193000
Okapi 0.250500 0.431900 0.190200 0.479100 0.203100 0.267100 0.271500 0.224500 0.239200 0.157900 0.250400 0.190300 0.267300 0.220300 0.282300 0.218100 0.000000 0.085600 0.230100 0.227900 0.190900 0.229900 0.207300 0.166900 0.261500 0.219600 0.241700 0.222700 0.215100 0.219600 0.165900 0.225000 0.241500 0.251000 0.277100 0.196900 0.255100 0.223900 0.227000 0.157300 0.190600 0.235500 0.157900 0.167300 0.219500 0.227400 0.249400 0.255000 0.215600 0.171400 0.214600 0.201300
Giraffe 0.218500 0.412800 0.177800 0.477400 0.201200 0.235300 0.229600 0.202500 0.217000 0.135300 0.218600 0.148700 0.235800 0.218200 0.240300 0.205700 0.085600 0.000000 0.198500 0.226000 0.207800 0.198300 0.165500 0.144400 0.229500 0.217000 0.209800 0.200400 0.221900 0.217400 0.143500 0.223000 0.201500 0.209500 0.226200 0.155700 0.243900 0.202400 0.213700 0.135000 0.148500 0.233300 0.135300 0.126600 0.188200 0.185400 0.239100 0.213000 0.203200 0.167300 0.192300 0.189400
TibetanAnt 0.095800 0.506300 0.212200 0.530500 0.150400 0.078100 0.122400 0.158500 0.194500 0.210100 0.079300 0.181900 0.111800 0.140100 0.167800 0.155900 0.230100 0.198500 0.000000 0.222400 0.139300 0.079000 0.223500 0.162200 0.079600 0.168000 0.088100 0.197200 0.190200 0.233900 0.218400 0.136500 0.236900 0.105000 0.129100 0.188500 0.119500 0.151400 0.143000 0.209900 0.206100 0.184000 0.210100 0.143900 0.201300 0.073300 0.176300 0.142600 0.136300 0.192200 0.208900 0.215000
Sitatunga 0.202800 0.528100 0.094200 0.532800 0.195300 0.219400 0.233400 0.223200 0.037500 0.179500 0.203000 0.142700 0.200100 0.202800 0.213500 0.238800 0.227900 0.226000 0.222400 0.000000 0.221300 0.183300 0.221800 0.208600 0.213400 0.193300 0.194400 0.021700 0.235700 0.070000 0.187700 0.227200 0.244400 0.194200 0.200600 0.149600 0.208300 0.196400 0.208000 0.179100 0.204600 0.247100 0.179500 0.189800 0.162800 0.190000 0.221600 0.217100 0.189100 0.200200 0.047000 0.054100
Oribi 0.157200 0.487200 0.202500 0.509700 0.104900 0.173500 0.148800 0.096300 0.212600 0.240400 0.139400 0.171800 0.155400 0.131100 0.195700 0.111700 0.190900 0.207800 0.139300 0.221300 0.000000 0.139000 0.254600 0.171200 0.148900 0.141400 0.131100 0.215900 0.144700 0.203700 0.248900 0.127100 0.257600 0.131000 0.137500 0.178500 0.127800 0.123800 0.080900 0.240000 0.237000 0.139200 0.240400 0.171700 0.210400 0.107600 0.095800 0.133100 0.126700 0.192500 0.207900 0.194500
BarbaryShe 0.030500 0.546900 0.192800 0.573000 0.131900 0.045800 0.122100 0.139900 0.174800 0.189900 0.015200 0.143600 0.078100 0.122000 0.167600 0.120200 0.229900 0.198300 0.079000 0.183300 0.139000 0.000000 0.202600 0.180800 0.023000 0.175700 0.054800 0.158800 0.135800 0.194100 0.198200 0.118900 0.217100 0.071100 0.094500 0.150400 0.053400 0.132800 0.124500 0.170700 0.185500 0.183500 0.189900 0.162300 0.163700 0.081500 0.139200 0.124200 0.136000 0.173000 0.169700 0.176000
Daviddeer 0.223500 0.470000 0.222200 0.518800 0.204800 0.241000 0.224000 0.224300 0.212700 0.073500 0.223700 0.159600 0.241200 0.212600 0.246000 0.230500 0.207300 0.165500 0.223500 0.221800 0.254600 0.202600 0.000000 0.118400 0.225000 0.242000 0.214700 0.195600 0.247500 0.233800 0.081500 0.238000 0.236600 0.193000 0.241300 0.166600 0.249700 0.228000 0.217800 0.109100 0.032500 0.270000 0.073500 0.100800 0.199600 0.200600 0.276400 0.218000 0.248700 0.190400 0.207800 0.225300
Reindeer 0.181200 0.412300 0.170200 0.525900 0.183500 0.178900 0.191500 0.144500 0.161500 0.107900 0.181100 0.157600 0.197800 0.181200 0.162600 0.150700 0.166900 0.144400 0.162200 0.208600 0.171200 0.180800 0.118400 0.000000 0.182100 0.163800 0.172400 0.183000 0.185100 0.220100 0.116000 0.206200 0.223300 0.172200 0.197900 0.164600 0.167900 0.184500 0.156700 0.090300 0.101900 0.179900 0.107900 0.065100 0.196900 0.158000 0.190700 0.194800 0.186600 0.150900 0.194700 0.211200
Ibex 0.054700 0.566600 0.223100 0.560300 0.141800 0.070200 0.123100 0.149900 0.204700 0.211500 0.007600 0.172900 0.086800 0.141000 0.168800 0.129600 0.261500 0.229500 0.079600 0.213400 0.148900 0.023000 0.225000 0.182100 0.000000 0.195700 0.063300 0.188300 0.163300 0.224800 0.219900 0.137400 0.248000 0.079800 0.103500 0.179600 0.061700 0.142700 0.134400 0.191400 0.207500 0.212000 0.211500 0.163700 0.192600 0.081800 0.149000 0.134000 0.145600 0.202400 0.199900 0.206100
GyrantGaze 0.194100 0.486200 0.158300 0.554200 0.152300 0.183800 0.195800 0.125400 0.167500 0.209700 0.185900 0.182100 0.183400 0.159900 0.223900 0.123400 0.219600 0.217000 0.168000 0.193300 0.141400 0.175700 0.242000 0.163800 0.195700 0.000000 0.177700 0.187800 0.122100 0.213700 0.217800 0.173500 0.235000 0.177500 0.201700 0.170600 0.173700 0.153200 0.110400 0.190700 0.225300 0.042500 0.209700 0.201100 0.183200 0.137100 0.124600 0.153300 0.173300 0.174900 0.198700 0.186600
Hartebeest 0.071200 0.540500 0.202600 0.532400 0.124000 0.085700 0.096900 0.132000 0.185700 0.201500 0.054700 0.154200 0.022800 0.114100 0.159500 0.112400 0.241700 0.209800 0.088100 0.194400 0.131100 0.054800 0.214700 0.172400 0.063300 0.177700 0.000000 0.169500 0.145700 0.204200 0.209900 0.128500 0.209300 0.031000 0.086900 0.161000 0.077700 0.124800 0.116500 0.181500 0.197300 0.193800 0.201500 0.154100 0.174300 0.073600 0.131300 0.098500 0.120000 0.165200 0.179600 0.187000
Bongo 0.177900 0.526700 0.070900 0.531100 0.189500 0.194500 0.208000 0.197900 0.015100 0.154300 0.178100 0.117900 0.175500 0.177900 0.208000 0.213700 0.222700 0.200400 0.197200 0.021700 0.215900 0.158800 0.195600 0.183000 0.188300 0.187800 0.169500 0.000000 0.210900 0.046900 0.162600 0.202400 0.219500 0.169200 0.175900 0.125000 0.202800 0.190700 0.182400 0.173100 0.178400 0.242100 0.154300 0.164300 0.156800 0.164600 0.216200 0.191500 0.183500 0.175600 0.023600 0.047000
Gerenuk 0.153500 0.540600 0.198000 0.588900 0.156000 0.169400 0.200500 0.128200 0.207800 0.214300 0.153900 0.186300 0.151900 0.181900 0.229600 0.060800 0.215100 0.221900 0.190200 0.235700 0.144700 0.135800 0.247500 0.185100 0.163300 0.122100 0.145700 0.210900 0.000000 0.218200 0.222500 0.177300 0.221200 0.163400 0.187800 0.174400 0.142300 0.157000 0.130600 0.185800 0.230300 0.137300 0.214300 0.205500 0.186800 0.158700 0.144900 0.166100 0.177000 0.178200 0.203200 0.190500
CommonElan 0.214000 0.516200 0.086000 0.552500 0.186900 0.229300 0.205100 0.205400 0.062300 0.190500 0.212800 0.134500 0.230800 0.194500 0.245400 0.221000 0.219600 0.217400 0.233900 0.070000 0.203700 0.194100 0.233800 0.220100 0.224800 0.213700 0.204200 0.046900 0.218200 0.000000 0.198800 0.218900 0.256100 0.205200 0.211600 0.141400 0.237600 0.207600 0.190100 0.209700 0.216500 0.249200 0.190500 0.200800 0.172900 0.181600 0.223700 0.208600 0.199800 0.164700 0.039000 0.062500
MuntiacusR 0.218600 0.465100 0.188000 0.508100 0.221500 0.235700 0.229900 0.230200 0.179200 0.007500 0.218700 0.175500 0.235700 0.218600 0.220100 0.225500 0.165900 0.143500 0.218400 0.187700 0.248900 0.198200 0.081500 0.116000 0.219900 0.217800 0.209900 0.162600 0.222500 0.198800 0.000000 0.243800 0.241000 0.209600 0.235900 0.182300 0.244200 0.222800 0.225700 0.089800 0.065500 0.254100 0.007700 0.098700 0.214800 0.196000 0.270300 0.233800 0.243200 0.186600 0.173700 0.190100
HarveysDui 0.136400 0.567400 0.217800 0.552000 0.145800 0.152300 0.093900 0.146200 0.218700 0.235400 0.136600 0.187100 0.134800 0.045700 0.210900 0.161600 0.225000 0.223000 0.136500 0.227200 0.127100 0.118900 0.238000 0.206200 0.137400 0.173500 0.128500 0.202400 0.177300 0.218900 0.243800 0.000000 0.232000 0.102600 0.170200 0.193700 0.160100 0.175400 0.139700 0.215100 0.232000 0.197500 0.235400 0.187300 0.225300 0.114400 0.163300 0.166600 0.158900 0.207500 0.214000 0.220100
Pronghorn 0.236800 0.487800 0.244800 0.558700 0.211900 0.233500 0.238600 0.219600 0.235700 0.232700 0.237300 0.195500 0.196200 0.208400 0.268000 0.224500 0.241500 0.201500 0.236900 0.244400 0.257600 0.217100 0.236600 0.223300 0.248000 0.235000 0.209300 0.219500 0.221200 0.256100 0.241000 0.232000 0.000000 0.199900 0.225400 0.193000 0.261800 0.222500 0.243600 0.212900 0.229200 0.261600 0.232700 0.204800 0.224800 0.225000 0.267000 0.212500 0.260800 0.205000 0.231500 0.237300
BlueWildeb 0.087800 0.530200 0.203600 0.510500 0.105700 0.103600 0.071400 0.122600 0.185500 0.201200 0.071300 0.154000 0.054100 0.088100 0.159200 0.129700 0.251000 0.209500 0.105000 0.194200 0.131000 0.071100 0.193000 0.172200 0.079800 0.177500 0.031000 0.169200 0.163400 0.205200 0.209600 0.102600 0.199900 0.000000 0.086800 0.160800 0.094500 0.124600 0.098200 0.181300 0.197000 0.184900 0.201200 0.153900 0.192800 0.073400 0.131100 0.098400 0.137300 0.183600 0.180500 0.186800
Gemsbok 0.128900 0.541900 0.191100 0.551100 0.148400 0.144800 0.120700 0.138500 0.192000 0.227600 0.094800 0.179500 0.093600 0.138200 0.165500 0.171900 0.277100 0.226200 0.129100 0.200600 0.137500 0.094500 0.241300 0.197900 0.103500 0.201700 0.086900 0.175900 0.187800 0.211600 0.235900 0.170200 0.225400 0.086800 0.000000 0.186100 0.117900 0.149300 0.141100 0.227200 0.223900 0.199500 0.227600 0.179400 0.217800 0.097700 0.155700 0.105300 0.169800 0.208500 0.187100 0.174700
Yak 0.169200 0.458200 0.131600 0.538500 0.134500 0.185800 0.179700 0.142600 0.141200 0.174000 0.169600 0.040500 0.186200 0.169300 0.200200 0.158300 0.196900 0.155700 0.188500 0.149600 0.178500 0.150400 0.166600 0.164600 0.179600 0.170600 0.161000 0.125000 0.174400 0.141400 0.182300 0.193700 0.193000 0.160800 0.186100 0.000000 0.175500 0.135300 0.164000 0.173800 0.149500 0.205100 0.174000 0.146300 0.030800 0.137000 0.178800 0.144600 0.174600 0.157100 0.117100 0.106400
BlueSheep 0.069400 0.548700 0.235900 0.514800 0.121000 0.084300 0.146200 0.137700 0.199800 0.235900 0.053300 0.187600 0.101200 0.164300 0.173500 0.109900 0.255100 0.243900 0.119500 0.208300 0.127800 0.053400 0.249700 0.167900 0.061700 0.173700 0.077700 0.202800 0.142300 0.237600 0.244200 0.160100 0.261800 0.094500 0.117900 0.175500 0.000000 0.121800 0.131200 0.215400 0.232500 0.189500 0.235900 0.187700 0.188300 0.105700 0.128000 0.148700 0.159700 0.216600 0.213100 0.182500
BohorReedb 0.151100 0.469000 0.196700 0.507300 0.031900 0.167600 0.142600 0.124800 0.207200 0.214300 0.133200 0.146800 0.149500 0.161200 0.190000 0.140600 0.223900 0.202400 0.151400 0.196400 0.123800 0.132800 0.228000 0.184500 0.142700 0.153200 0.124800 0.190700 0.157000 0.207600 0.222800 0.175400 0.222500 0.124600 0.149300 0.135300 0.121800 0.000000 0.127000 0.194200 0.210300 0.187100 0.214300 0.165900 0.167500 0.100900 0.142000 0.126700 0.156900 0.186700 0.182700 0.151400
KirksDik 0.124500 0.498300 0.169800 0.523800 0.107700 0.140900 0.125000 0.072700 0.179600 0.217100 0.124900 0.157100 0.141100 0.125200 0.181600 0.097200 0.227000 0.213700 0.143000 0.208000 0.080900 0.124500 0.217800 0.156700 0.134400 0.110400 0.116500 0.182400 0.130600 0.190100 0.225700 0.139700 0.243600 0.098200 0.141100 0.164000 0.131200 0.127000 0.000000 0.225800 0.222600 0.117800 0.217100 0.176600 0.196500 0.092500 0.080900 0.100200 0.131000 0.187500 0.174300 0.180900
RoeDeer 0.190300 0.425800 0.179100 0.543100 0.193000 0.207000 0.221100 0.221400 0.189800 0.081800 0.190300 0.166900 0.207300 0.210100 0.191300 0.188200 0.157300 0.135000 0.209900 0.179100 0.240000 0.170700 0.109100 0.090300 0.191400 0.190700 0.181500 0.173100 0.185800 0.209700 0.089800 0.215100 0.212900 0.181300 0.227200 0.173800 0.215400 0.194200 0.225800 0.000000 0.092700 0.206700 0.081800 0.090600 0.187100 0.187200 0.240100 0.225000 0.214600 0.178100 0.184400 0.200600
WhiteLippe 0.206200 0.457800 0.205000 0.533100 0.209100 0.223700 0.217600 0.217900 0.195600 0.057400 0.206300 0.142300 0.223700 0.206200 0.228300 0.213400 0.190600 0.148500 0.206100 0.204600 0.237000 0.185500 0.032500 0.101900 0.207500 0.225300 0.197300 0.178400 0.230300 0.216500 0.065500 0.232000 0.229200 0.197000 0.223900 0.149500 0.232500 0.210300 0.222600 0.092700 0.000000 0.263000 0.057400 0.084300 0.182700 0.182800 0.258500 0.200300 0.231500 0.173600 0.190300 0.207800
ThomsonGaz 0.202100 0.477900 0.173800 0.564000 0.176300 0.199700 0.203300 0.149700 0.220100 0.246000 0.202000 0.217400 0.217800 0.185300 0.221300 0.138800 0.235500 0.233300 0.184000 0.247100 0.139200 0.183500 0.270000 0.179900 0.212000 0.042500 0.193800 0.242100 0.137300 0.249200 0.254100 0.197500 0.261600 0.184900 0.199500 0.205100 0.189500 0.187100 0.117800 0.206700 0.263000 0.000000 0.246000 0.236900 0.217000 0.153200 0.140100 0.169400 0.205500 0.208700 0.234300 0.221400
MuntiacusC 0.210200 0.455000 0.179800 0.497900 0.213100 0.227300 0.221400 0.221700 0.170900 0.000000 0.210300 0.167100 0.227400 0.210200 0.211700 0.217200 0.157900 0.135300 0.210100 0.179500 0.240400 0.189900 0.073500 0.107900 0.211500 0.209700 0.201500 0.154300 0.214300 0.190500 0.007700 0.235400 0.232700 0.201200 0.227600 0.174000 0.235900 0.214300 0.217100 0.081800 0.057400 0.246000 0.000000 0.090700 0.206600 0.187500 0.261800 0.225200 0.234900 0.178400 0.165300 0.181700
WhiteTaile 0.181700 0.415300 0.189900 0.531900 0.164800 0.198700 0.172900 0.173200 0.181000 0.090700 0.162800 0.139200 0.179700 0.181900 0.182900 0.169800 0.167300 0.126600 0.143900 0.189800 0.171700 0.162300 0.100800 0.065100 0.163700 0.201100 0.154100 0.164300 0.205500 0.200800 0.098700 0.187300 0.204800 0.153900 0.179400 0.146300 0.187700 0.165900 0.176600 0.090600 0.084300 0.236900 0.090700 0.000000 0.178900 0.139500 0.211200 0.175900 0.168100 0.169600 0.175500 0.192100
Cattle 0.182200 0.497300 0.162900 0.564300 0.166500 0.198400 0.211900 0.174500 0.172700 0.206600 0.182600 0.072200 0.199100 0.201400 0.213100 0.171300 0.219500 0.188200 0.201300 0.162800 0.210400 0.163700 0.199600 0.196900 0.192600 0.183200 0.174300 0.156800 0.186800 0.172900 0.214800 0.225300 0.224800 0.192800 0.217800 0.030800 0.188300 0.167500 0.196500 0.187100 0.182700 0.217000 0.206600 0.178900 0.000000 0.169500 0.210900 0.176900 0.169200 0.170200 0.149000 0.137700
RoyalAntel 0.098900 0.479900 0.161000 0.518600 0.100200 0.115200 0.082200 0.108300 0.181200 0.187500 0.081800 0.129800 0.097800 0.099600 0.145200 0.124300 0.227400 0.185400 0.073300 0.190000 0.107600 0.081500 0.200600 0.158000 0.081800 0.137100 0.073600 0.164600 0.158700 0.181600 0.196000 0.114400 0.225000 0.073400 0.097700 0.137000 0.105700 0.100900 0.092500 0.187200 0.182800 0.153200 0.187500 0.139500 0.169500 0.000000 0.125700 0.092200 0.104800 0.179300 0.156500 0.163100
Steenbok 0.157300 0.518800 0.165600 0.603700 0.141100 0.173700 0.167400 0.113700 0.212800 0.261800 0.139600 0.172200 0.155700 0.167700 0.215500 0.111900 0.249400 0.239100 0.176300 0.221600 0.095800 0.139200 0.276400 0.190700 0.149000 0.124600 0.131300 0.216200 0.144900 0.223700 0.270300 0.163300 0.267000 0.131100 0.155700 0.178800 0.128000 0.142000 0.080900 0.240100 0.258500 0.140100 0.261800 0.211200 0.210900 0.125700 0.000000 0.133200 0.181200 0.221100 0.208200 0.176100
Impala 0.142400 0.549100 0.197600 0.590000 0.125900 0.158900 0.115900 0.116000 0.208200 0.225200 0.124600 0.137600 0.105400 0.133900 0.143400 0.149800 0.255000 0.213000 0.142600 0.217100 0.133100 0.124200 0.218000 0.194800 0.134000 0.153300 0.098500 0.191500 0.166100 0.208600 0.233800 0.166600 0.212500 0.098400 0.105300 0.144600 0.148700 0.126700 0.100200 0.225000 0.200300 0.169400 0.225200 0.175900 0.176900 0.092200 0.133200 0.000000 0.166200 0.168000 0.183500 0.189800
Klipspring 0.153800 0.546100 0.180100 0.591100 0.155000 0.169700 0.163600 0.146100 0.199500 0.234900 0.136400 0.168000 0.143700 0.163900 0.210200 0.143600 0.215600 0.203200 0.136300 0.189100 0.126700 0.136000 0.248700 0.186600 0.145600 0.173300 0.120000 0.183500 0.177000 0.199800 0.243200 0.158900 0.260800 0.137300 0.169800 0.174600 0.159700 0.156900 0.131000 0.214600 0.231500 0.205500 0.234900 0.168100 0.169200 0.104800 0.181200 0.166200 0.000000 0.179000 0.175700 0.181900
ForestMusk 0.191900 0.465300 0.181400 0.539000 0.185600 0.189800 0.202600 0.184200 0.173400 0.178400 0.192300 0.150900 0.189600 0.164900 0.232700 0.162700 0.171400 0.167300 0.192200 0.200200 0.192500 0.173000 0.190400 0.150900 0.202400 0.174900 0.165200 0.175600 0.178200 0.164700 0.186600 0.207500 0.205000 0.183600 0.208500 0.157100 0.216600 0.186700 0.187500 0.178100 0.173600 0.208700 0.178400 0.169600 0.170200 0.179300 0.221100 0.168000 0.179000 0.000000 0.167700 0.192400
Bushbuck 0.189200 0.516300 0.062900 0.552400 0.181600 0.204800 0.200000 0.189900 0.039200 0.165300 0.188200 0.109900 0.206100 0.189200 0.220100 0.205900 0.214600 0.192300 0.208900 0.047000 0.207900 0.169700 0.207800 0.194700 0.199900 0.198700 0.179600 0.023600 0.203200 0.039000 0.173700 0.214000 0.231500 0.180500 0.187100 0.117100 0.213100 0.182700 0.174300 0.184400 0.190300 0.234300 0.165300 0.175500 0.149000 0.156500 0.208200 0.183500 0.175700 0.167700 0.000000 0.039300
GreaterKud 0.195500 0.490900 0.054200 0.498100 0.150500 0.212200 0.206100 0.196200 0.062400 0.181700 0.195600 0.116900 0.212100 0.195600 0.226200 0.193000 0.201300 0.189400 0.215000 0.054100 0.194500 0.176000 0.225300 0.211200 0.206100 0.186600 0.187000 0.047000 0.190500 0.062500 0.190100 0.220100 0.237300 0.186800 0.174700 0.106400 0.182500 0.151400 0.180900 0.200600 0.207800 0.221400 0.181700 0.192100 0.137700 0.163100 0.176100 0.189800 0.181900 0.192400 0.039300 0.000000
