CODONML (in paml version 4.10.7, June 2023)  /home/rachel/ruminants_paml/6406-phy-tree/ENSBTAT00000053185.fasta.phy
Model: free dN/dS Ratios for branches,  kappa = 2.000 fixed

Codon frequency model: F3x4
ns =  54  ls =  22

Codon usage in sequences
--------------------------------------------------------------------------------------------------------------------------------------
Phe TTT   0   1   0   0   0   1 | Ser TCT   0   0   0   0   0   0 | Tyr TAT   0   0   0   0   0   0 | Cys TGT   1   1   0   1   1   0
    TTC   1   0   1   1   1   0 |     TCC   1   1   1   1   1   1 |     TAC   0   0   0   0   0   0 |     TGC   0   0   1   0   0   1
Leu TTA   1   1   1   1   1   1 |     TCA   0   0   0   0   0   0 | *** TAA   0   0   0   0   0   0 | *** TGA   0   0   0   0   0   0
    TTG   0   0   0   0   0   0 |     TCG   0   0   0   0   0   0 |     TAG   0   0   0   0   0   0 | Trp TGG   0   0   0   0   0   0
--------------------------------------------------------------------------------------------------------------------------------------
Leu CTT   0   0   0   0   0   0 | Pro CCT   0   0   0   0   0   0 | His CAT   0   0   0   0   0   0 | Arg CGT   0   0   0   0   0   0
    CTC   0   0   0   0   0   0 |     CCC   0   0   1   0   0   0 |     CAC   1   1   1   1   1   1 |     CGC   0   0   0   0   0   0
    CTA   0   0   0   0   0   0 |     CCA   1   0   0   0   0   1 | Gln CAA   0   0   0   0   0   0 |     CGA   0   0   0   0   0   0
    CTG   0   0   0   0   0   0 |     CCG   0   1   0   1   1   0 |     CAG   0   0   0   0   0   0 |     CGG   0   0   0   0   0   0
--------------------------------------------------------------------------------------------------------------------------------------
Ile ATT   2   1   1   2   1   1 | Thr ACT   0   0   1   0   0   0 | Asn AAT   2   2   1   1   1   2 | Ser AGT   1   0   1   1   1   0
    ATC   2   3   3   2   3   2 |     ACC   0   0   0   0   0   1 |     AAC   0   0   1   1   1   0 |     AGC   0   1   0   0   0   1
    ATA   0   0   0   0   0   1 |     ACA   0   1   0   0   0   1 | Lys AAA   0   0   0   0   0   0 | Arg AGA   0   0   0   0   0   0
Met ATG   1   1   1   1   1   1 |     ACG   2   1   1   2   2   0 |     AAG   0   0   0   0   0   0 |     AGG   1   1   1   1   1   1
--------------------------------------------------------------------------------------------------------------------------------------
Val GTT   1   1   1   1   1   1 | Ala GCT   0   0   0   0   0   0 | Asp GAT   0   0   0   0   0   0 | Gly GGT   0   0   0   0   0   0
    GTC   0   0   0   0   0   0 |     GCC   0   0   0   0   0   0 |     GAC   1   1   1   1   1   1 |     GGC   0   0   0   0   0   0
    GTA   0   0   0   0   0   0 |     GCA   1   0   1   1   0   1 | Glu GAA   1   1   1   1   0   1 |     GGA   1   1   1   1   1   1
    GTG   0   0   0   0   0   0 |     GCG   0   1   0   0   1   0 |     GAG   0   0   0   0   1   0 |     GGG   0   0   0   0   0   0
--------------------------------------------------------------------------------------------------------------------------------------

--------------------------------------------------------------------------------------------------------------------------------------
Phe TTT   0   0   0   0   0   0 | Ser TCT   0   0   0   0   0   0 | Tyr TAT   0   0   0   0   0   0 | Cys TGT   1   1   1   1   0   1
    TTC   1   1   1   1   1   1 |     TCC   1   1   1   1   1   1 |     TAC   0   0   0   0   0   0 |     TGC   0   0   0   0   1   0
Leu TTA   1   1   1   1   1   1 |     TCA   0   0   0   0   0   0 | *** TAA   0   0   0   0   0   0 | *** TGA   0   0   0   0   0   0
    TTG   0   0   0   0   0   0 |     TCG   0   0   0   0   0   0 |     TAG   0   0   0   0   0   0 | Trp TGG   0   0   0   0   0   0
--------------------------------------------------------------------------------------------------------------------------------------
Leu CTT   0   0   0   0   0   0 | Pro CCT   0   0   0   0   0   0 | His CAT   0   0   0   0   0   0 | Arg CGT   0   0   0   0   0   0
    CTC   0   0   0   0   0   0 |     CCC   0   0   0   0   1   0 |     CAC   1   1   1   1   1   1 |     CGC   0   0   0   0   0   0
    CTA   0   0   0   0   0   0 |     CCA   0   1   0   0   0   1 | Gln CAA   0   0   0   0   0   0 |     CGA   0   0   0   0   0   0
    CTG   0   0   0   0   0   0 |     CCG   1   0   1   1   0   0 |     CAG   0   0   0   0   0   0 |     CGG   0   0   0   1   0   0
--------------------------------------------------------------------------------------------------------------------------------------
Ile ATT   2   2   2   2   2   2 | Thr ACT   0   0   0   0   1   0 | Asn AAT   1   2   2   1   1   2 | Ser AGT   1   1   1   1   1   1
    ATC   2   2   2   2   2   2 |     ACC   0   0   0   0   0   0 |     AAC   1   0   0   1   1   0 |     AGC   0   0   0   0   0   0
    ATA   0   0   0   0   0   0 |     ACA   0   0   0   0   0   0 | Lys AAA   0   0   0   0   0   0 | Arg AGA   0   0   1   0   0   0
Met ATG   1   1   1   1   1   1 |     ACG   2   2   2   2   1   2 |     AAG   0   0   0   0   0   0 |     AGG   1   1   0   0   1   1
--------------------------------------------------------------------------------------------------------------------------------------
Val GTT   1   1   1   1   1   1 | Ala GCT   0   0   0   0   0   0 | Asp GAT   0   0   0   0   0   0 | Gly GGT   0   0   0   0   0   0
    GTC   0   0   0   0   0   0 |     GCC   0   0   0   0   0   0 |     GAC   1   1   1   1   1   1 |     GGC   0   0   0   0   0   0
    GTA   0   0   0   0   0   0 |     GCA   1   1   1   1   1   1 | Glu GAA   1   1   1   1   1   1 |     GGA   1   1   1   1   1   1
    GTG   0   0   0   0   0   0 |     GCG   0   0   0   0   0   0 |     GAG   0   0   0   0   0   0 |     GGG   0   0   0   0   0   0
--------------------------------------------------------------------------------------------------------------------------------------

--------------------------------------------------------------------------------------------------------------------------------------
Phe TTT   0   0   0   0   0   0 | Ser TCT   0   0   0   0   0   0 | Tyr TAT   0   0   0   0   0   0 | Cys TGT   1   0   1   1   1   1
    TTC   1   1   1   1   1   1 |     TCC   1   1   1   1   1   1 |     TAC   0   0   0   0   0   0 |     TGC   0   1   0   0   0   0
Leu TTA   1   1   1   1   1   1 |     TCA   0   0   0   0   0   0 | *** TAA   0   0   0   0   0   0 | *** TGA   0   0   0   0   0   0
    TTG   0   0   0   0   0   0 |     TCG   0   0   0   0   0   0 |     TAG   0   0   0   0   0   0 | Trp TGG   0   0   0   0   0   0
--------------------------------------------------------------------------------------------------------------------------------------
Leu CTT   0   0   0   0   0   0 | Pro CCT   0   0   0   0   0   0 | His CAT   0   0   0   0   0   0 | Arg CGT   0   0   0   0   0   0
    CTC   0   0   0   0   0   0 |     CCC   0   0   0   0   0   0 |     CAC   1   1   1   1   1   1 |     CGC   0   0   0   0   0   0
    CTA   0   0   0   0   0   0 |     CCA   0   0   1   0   0   1 | Gln CAA   0   0   0   0   0   0 |     CGA   0   0   0   0   0   0
    CTG   0   0   0   0   0   0 |     CCG   1   1   0   1   1   0 |     CAG   0   0   0   0   0   0 |     CGG   0   0   0   0   1   0
--------------------------------------------------------------------------------------------------------------------------------------
Ile ATT   2   2   2   2   2   2 | Thr ACT   0   0   0   0   0   0 | Asn AAT   2   2   2   2   2   2 | Ser AGT   1   1   0   1   1   1
    ATC   2   2   2   2   2   2 |     ACC   0   0   0   0   0   0 |     AAC   0   0   0   0   0   0 |     AGC   0   0   1   0   0   0
    ATA   0   0   0   0   0   0 |     ACA   0   0   0   0   0   0 | Lys AAA   0   0   0   0   0   0 | Arg AGA   0   0   0   1   0   0
Met ATG   1   1   1   1   1   1 |     ACG   2   2   2   2   2   2 |     AAG   0   0   0   0   0   0 |     AGG   1   1   1   0   0   1
--------------------------------------------------------------------------------------------------------------------------------------
Val GTT   1   1   1   1   1   1 | Ala GCT   0   0   0   0   0   0 | Asp GAT   0   0   0   0   0   0 | Gly GGT   0   0   0   0   0   0
    GTC   0   0   0   0   0   0 |     GCC   0   0   0   0   0   0 |     GAC   1   1   1   1   1   1 |     GGC   0   0   0   0   0   0
    GTA   0   0   0   0   0   0 |     GCA   1   1   1   1   1   1 | Glu GAA   1   1   1   1   1   1 |     GGA   1   1   1   1   1   1
    GTG   0   0   0   0   0   0 |     GCG   0   0   0   0   0   0 |     GAG   0   0   0   0   0   0 |     GGG   0   0   0   0   0   0
--------------------------------------------------------------------------------------------------------------------------------------

--------------------------------------------------------------------------------------------------------------------------------------
Phe TTT   0   0   0   0   0   0 | Ser TCT   0   0   0   0   0   0 | Tyr TAT   0   0   0   0   0   0 | Cys TGT   1   1   1   0   1   1
    TTC   1   1   1   1   1   1 |     TCC   1   1   1   1   1   1 |     TAC   0   0   0   0   0   0 |     TGC   0   0   0   1   0   0
Leu TTA   1   1   1   1   1   1 |     TCA   0   0   0   0   0   0 | *** TAA   0   0   0   0   0   0 | *** TGA   0   0   0   0   0   0
    TTG   0   0   0   0   0   0 |     TCG   0   0   0   0   0   0 |     TAG   0   0   0   0   0   0 | Trp TGG   0   0   0   0   0   0
--------------------------------------------------------------------------------------------------------------------------------------
Leu CTT   0   0   0   0   0   0 | Pro CCT   0   0   0   0   0   0 | His CAT   0   0   0   0   0   0 | Arg CGT   0   0   0   0   0   0
    CTC   0   0   0   0   0   0 |     CCC   1   0   1   1   0   0 |     CAC   1   1   1   1   1   1 |     CGC   0   0   0   0   0   0
    CTA   0   0   0   0   0   0 |     CCA   0   0   0   0   0   0 | Gln CAA   0   0   0   0   0   0 |     CGA   0   0   0   0   0   0
    CTG   0   0   0   0   0   0 |     CCG   0   1   0   0   1   1 |     CAG   0   0   0   0   0   0 |     CGG   0   0   0   0   0   0
--------------------------------------------------------------------------------------------------------------------------------------
Ile ATT   0   1   2   2   2   2 | Thr ACT   0   0   0   1   0   0 | Asn AAT   1   2   2   1   2   2 | Ser AGT   1   1   1   1   1   1
    ATC   3   3   2   2   2   2 |     ACC   0   0   0   0   0   0 |     AAC   1   0   0   1   0   0 |     AGC   0   0   0   0   0   0
    ATA   0   0   0   0   0   0 |     ACA   0   0   0   0   1   0 | Lys AAA   0   0   0   0   0   0 | Arg AGA   0   0   0   0   0   0
Met ATG   1   1   1   1   1   1 |     ACG   2   2   2   1   1   2 |     AAG   0   0   0   0   0   0 |     AGG   1   1   1   1   1   1
--------------------------------------------------------------------------------------------------------------------------------------
Val GTT   2   1   1   1   1   1 | Ala GCT   0   0   0   0   0   0 | Asp GAT   0   0   0   0   0   0 | Gly GGT   0   0   0   0   0   0
    GTC   0   0   0   0   0   0 |     GCC   0   0   0   0   0   0 |     GAC   1   1   1   1   1   1 |     GGC   0   0   0   0   0   0
    GTA   0   0   0   0   0   0 |     GCA   0   1   1   1   1   1 | Glu GAA   1   1   1   1   1   1 |     GGA   1   1   1   1   1   1
    GTG   0   0   0   0   0   0 |     GCG   1   0   0   0   0   0 |     GAG   0   0   0   0   0   0 |     GGG   0   0   0   0   0   0
--------------------------------------------------------------------------------------------------------------------------------------

--------------------------------------------------------------------------------------------------------------------------------------
Phe TTT   0   0   0   0   0   0 | Ser TCT   0   0   0   0   0   0 | Tyr TAT   0   0   0   0   0   0 | Cys TGT   1   1   1   1   1   0
    TTC   1   1   1   1   1   1 |     TCC   1   1   1   1   1   1 |     TAC   0   0   0   0   0   0 |     TGC   0   0   0   0   0   1
Leu TTA   1   1   1   1   1   1 |     TCA   0   0   0   0   0   0 | *** TAA   0   0   0   0   0   0 | *** TGA   0   0   0   0   0   0
    TTG   0   0   0   0   0   0 |     TCG   0   0   0   0   0   0 |     TAG   0   0   0   0   0   0 | Trp TGG   0   0   0   0   0   0
--------------------------------------------------------------------------------------------------------------------------------------
Leu CTT   0   0   0   0   0   0 | Pro CCT   0   0   0   0   0   0 | His CAT   0   0   0   0   0   0 | Arg CGT   0   0   0   0   0   0
    CTC   0   0   0   0   0   0 |     CCC   0   0   0   0   0   1 |     CAC   1   1   1   1   1   1 |     CGC   0   0   0   0   0   0
    CTA   0   0   0   0   0   0 |     CCA   1   1   0   0   1   0 | Gln CAA   0   0   0   0   0   0 |     CGA   0   0   0   0   0   0
    CTG   0   0   0   0   0   0 |     CCG   0   0   1   1   0   0 |     CAG   0   0   0   0   0   0 |     CGG   0   0   0   0   0   0
--------------------------------------------------------------------------------------------------------------------------------------
Ile ATT   2   2   2   2   2   2 | Thr ACT   0   0   0   0   0   1 | Asn AAT   2   2   2   2   2   1 | Ser AGT   1   1   1   1   1   1
    ATC   2   2   2   2   2   2 |     ACC   0   0   0   0   0   0 |     AAC   0   0   0   0   0   1 |     AGC   0   0   0   0   0   0
    ATA   0   0   0   0   0   0 |     ACA   0   1   0   0   0   0 | Lys AAA   0   0   0   0   0   0 | Arg AGA   0   0   0   0   0   0
Met ATG   1   1   1   1   1   1 |     ACG   2   1   2   2   2   1 |     AAG   0   0   0   0   0   0 |     AGG   1   1   1   1   1   1
--------------------------------------------------------------------------------------------------------------------------------------
Val GTT   1   1   1   1   1   1 | Ala GCT   0   0   0   0   0   0 | Asp GAT   0   0   0   0   0   0 | Gly GGT   0   0   0   0   0   0
    GTC   0   0   0   0   0   0 |     GCC   0   0   0   0   0   0 |     GAC   1   1   1   1   1   1 |     GGC   0   0   0   0   0   0
    GTA   0   0   0   0   0   0 |     GCA   1   1   1   0   1   1 | Glu GAA   1   1   1   1   1   1 |     GGA   1   1   1   1   1   1
    GTG   0   0   0   0   0   0 |     GCG   0   0   0   1   0   0 |     GAG   0   0   0   0   0   0 |     GGG   0   0   0   0   0   0
--------------------------------------------------------------------------------------------------------------------------------------

--------------------------------------------------------------------------------------------------------------------------------------
Phe TTT   0   0   0   0   0   0 | Ser TCT   0   0   0   0   0   0 | Tyr TAT   0   0   0   0   0   0 | Cys TGT   1   0   1   1   1   1
    TTC   1   1   1   1   1   1 |     TCC   1   1   1   1   1   1 |     TAC   0   0   0   0   0   0 |     TGC   0   1   0   0   0   0
Leu TTA   1   1   1   1   1   1 |     TCA   0   0   0   0   0   0 | *** TAA   0   0   0   0   0   0 | *** TGA   0   0   0   0   0   0
    TTG   0   0   0   0   0   0 |     TCG   0   0   0   0   0   0 |     TAG   0   0   0   0   0   0 | Trp TGG   0   0   0   0   0   0
--------------------------------------------------------------------------------------------------------------------------------------
Leu CTT   0   0   0   0   0   0 | Pro CCT   0   0   0   0   0   0 | His CAT   0   0   0   0   0   0 | Arg CGT   0   0   0   0   0   0
    CTC   0   0   0   0   0   0 |     CCC   0   1   0   0   0   0 |     CAC   1   1   1   1   1   1 |     CGC   0   0   0   0   0   0
    CTA   0   0   0   0   0   0 |     CCA   0   0   1   0   0   1 | Gln CAA   0   0   0   0   0   0 |     CGA   0   0   0   0   0   0
    CTG   0   0   0   0   0   0 |     CCG   1   0   0   1   1   0 |     CAG   0   0   0   0   0   0 |     CGG   0   0   0   0   0   0
--------------------------------------------------------------------------------------------------------------------------------------
Ile ATT   2   2   2   2   3   2 | Thr ACT   0   1   0   0   0   0 | Asn AAT   2   1   2   2   2   2 | Ser AGT   1   1   1   1   0   1
    ATC   2   2   2   2   1   2 |     ACC   0   0   0   0   0   0 |     AAC   0   1   0   0   1   0 |     AGC   0   0   0   0   0   0
    ATA   0   0   0   0   0   0 |     ACA   0   0   0   1   0   0 | Lys AAA   0   0   0   0   0   0 | Arg AGA   0   0   0   1   0   0
Met ATG   1   1   1   1   1   1 |     ACG   2   1   2   1   2   2 |     AAG   0   0   0   0   0   0 |     AGG   1   1   1   0   1   1
--------------------------------------------------------------------------------------------------------------------------------------
Val GTT   1   1   1   1   0   1 | Ala GCT   0   0   0   0   0   0 | Asp GAT   0   0   0   0   0   0 | Gly GGT   0   0   0   0   0   0
    GTC   0   0   0   0   1   0 |     GCC   0   0   0   0   0   0 |     GAC   1   1   1   1   1   1 |     GGC   0   0   0   0   0   0
    GTA   0   0   0   0   0   0 |     GCA   1   1   1   1   0   1 | Glu GAA   1   1   1   1   1   1 |     GGA   1   1   1   1   1   1
    GTG   0   0   0   0   0   0 |     GCG   0   0   0   0   1   0 |     GAG   0   0   0   0   0   0 |     GGG   0   0   0   0   0   0
--------------------------------------------------------------------------------------------------------------------------------------

--------------------------------------------------------------------------------------------------------------------------------------
Phe TTT   0   0   0   0   0   0 | Ser TCT   0   0   0   0   0   0 | Tyr TAT   0   0   0   0   0   0 | Cys TGT   1   0   1   1   1   1
    TTC   1   1   1   1   1   1 |     TCC   1   1   1   1   1   1 |     TAC   0   0   0   0   0   0 |     TGC   0   1   0   0   0   0
Leu TTA   1   1   1   1   1   1 |     TCA   0   0   0   0   0   0 | *** TAA   0   0   0   0   0   0 | *** TGA   0   0   0   0   0   0
    TTG   0   0   0   0   0   0 |     TCG   0   0   0   0   0   0 |     TAG   0   0   0   0   0   0 | Trp TGG   0   0   0   0   0   0
--------------------------------------------------------------------------------------------------------------------------------------
Leu CTT   0   0   0   0   0   0 | Pro CCT   0   0   0   0   0   0 | His CAT   0   0   0   0   0   0 | Arg CGT   0   0   0   0   0   0
    CTC   0   0   0   0   0   0 |     CCC   0   0   0   0   0   0 |     CAC   1   1   1   1   1   1 |     CGC   0   0   0   0   0   0
    CTA   0   0   0   0   0   0 |     CCA   0   0   0   0   0   1 | Gln CAA   0   0   0   0   0   0 |     CGA   0   0   0   0   0   0
    CTG   0   0   0   0   0   0 |     CCG   1   1   1   1   1   0 |     CAG   0   0   0   0   0   0 |     CGG   0   0   0   0   1   0
--------------------------------------------------------------------------------------------------------------------------------------
Ile ATT   2   2   2   1   2   2 | Thr ACT   0   0   0   0   0   0 | Asn AAT   2   2   2   1   1   2 | Ser AGT   1   1   1   0   1   1
    ATC   2   2   2   2   2   2 |     ACC   0   0   0   0   0   0 |     AAC   0   0   0   1   1   0 |     AGC   0   0   0   1   0   0
    ATA   0   0   0   0   0   0 |     ACA   0   0   0   0   0   0 | Lys AAA   0   0   0   0   0   0 | Arg AGA   0   0   0   0   0   0
Met ATG   1   1   1   1   1   1 |     ACG   2   2   2   2   2   2 |     AAG   0   0   0   0   0   0 |     AGG   1   1   1   1   0   1
--------------------------------------------------------------------------------------------------------------------------------------
Val GTT   1   1   1   2   0   0 | Ala GCT   0   0   0   0   0   0 | Asp GAT   0   0   0   0   0   0 | Gly GGT   0   0   0   0   0   0
    GTC   0   0   0   0   1   1 |     GCC   0   0   0   0   0   0 |     GAC   1   1   1   1   1   1 |     GGC   0   0   0   0   0   0
    GTA   0   0   0   0   0   0 |     GCA   1   1   1   1   1   1 | Glu GAA   1   1   1   1   1   1 |     GGA   1   1   1   1   1   1
    GTG   0   0   0   0   0   0 |     GCG   0   0   0   0   0   0 |     GAG   0   0   0   0   0   0 |     GGG   0   0   0   0   0   0
--------------------------------------------------------------------------------------------------------------------------------------

--------------------------------------------------------------------------------------------------------------------------------------
Phe TTT   0   0   0   0   0   0 | Ser TCT   0   0   0   0   0   0 | Tyr TAT   0   0   0   0   0   0 | Cys TGT   1   1   1   1   0   1
    TTC   1   1   1   1   1   1 |     TCC   1   1   1   1   1   1 |     TAC   0   0   0   0   0   0 |     TGC   0   0   0   0   1   0
Leu TTA   1   1   1   1   1   1 |     TCA   0   0   0   0   0   0 | *** TAA   0   0   0   0   0   0 | *** TGA   0   0   0   0   0   0
    TTG   0   0   0   0   0   0 |     TCG   0   0   0   0   0   0 |     TAG   0   0   0   0   0   0 | Trp TGG   0   0   0   0   0   0
--------------------------------------------------------------------------------------------------------------------------------------
Leu CTT   0   0   0   0   0   0 | Pro CCT   0   0   0   0   1   0 | His CAT   0   0   0   0   0   0 | Arg CGT   0   0   0   0   0   0
    CTC   0   0   0   0   0   0 |     CCC   0   0   0   0   0   0 |     CAC   1   1   1   1   1   1 |     CGC   0   0   0   0   0   0
    CTA   0   0   0   0   0   0 |     CCA   1   0   1   1   0   0 | Gln CAA   0   0   0   0   0   0 |     CGA   0   0   0   0   0   0
    CTG   0   0   0   0   0   0 |     CCG   0   1   0   0   0   1 |     CAG   0   0   0   0   0   0 |     CGG   0   0   0   0   0   1
--------------------------------------------------------------------------------------------------------------------------------------
Ile ATT   2   2   2   2   2   2 | Thr ACT   0   0   0   0   0   0 | Asn AAT   2   2   2   3   2   1 | Ser AGT   1   1   1   0   1   0
    ATC   2   2   2   2   2   2 |     ACC   0   0   0   0   0   0 |     AAC   0   0   0   0   0   1 |     AGC   0   0   0   0   0   1
    ATA   0   0   0   0   0   0 |     ACA   0   0   0   0   0   0 | Lys AAA   0   0   0   0   0   0 | Arg AGA   0   0   0   0   0   0
Met ATG   1   1   1   1   1   1 |     ACG   2   2   2   2   2   2 |     AAG   0   0   0   0   0   0 |     AGG   1   1   1   1   1   0
--------------------------------------------------------------------------------------------------------------------------------------
Val GTT   1   1   1   1   1   1 | Ala GCT   0   0   0   0   0   0 | Asp GAT   0   0   0   0   0   0 | Gly GGT   0   0   0   0   0   0
    GTC   0   0   0   0   0   0 |     GCC   0   0   0   0   0   0 |     GAC   1   1   1   1   1   1 |     GGC   0   0   0   0   0   0
    GTA   0   0   0   0   0   0 |     GCA   1   1   1   1   1   1 | Glu GAA   1   1   1   1   1   1 |     GGA   1   1   1   1   1   1
    GTG   0   0   0   0   0   0 |     GCG   0   0   0   0   0   0 |     GAG   0   0   0   0   0   0 |     GGG   0   0   0   0   0   0
--------------------------------------------------------------------------------------------------------------------------------------

--------------------------------------------------------------------------------------------------------------------------------------
Phe TTT   0   0   0   0   0   0 | Ser TCT   0   0   0   0   0   0 | Tyr TAT   0   0   0   0   0   0 | Cys TGT   1   1   1   1   0   0
    TTC   1   1   1   1   1   1 |     TCC   1   1   1   1   1   1 |     TAC   0   0   0   0   0   0 |     TGC   0   0   0   0   1   1
Leu TTA   1   0   1   1   1   1 |     TCA   0   0   0   0   0   0 | *** TAA   0   0   0   0   0   0 | *** TGA   0   0   0   0   0   0
    TTG   0   1   0   0   0   0 |     TCG   0   0   0   0   0   0 |     TAG   0   0   0   0   0   0 | Trp TGG   0   0   0   0   0   0
--------------------------------------------------------------------------------------------------------------------------------------
Leu CTT   0   0   0   0   0   0 | Pro CCT   0   0   0   0   0   0 | His CAT   0   0   0   0   0   0 | Arg CGT   0   0   0   0   0   0
    CTC   0   0   0   0   0   0 |     CCC   0   0   0   0   1   1 |     CAC   1   1   1   1   1   1 |     CGC   0   0   0   0   0   0
    CTA   0   0   0   0   0   0 |     CCA   0   0   0   0   0   0 | Gln CAA   0   0   0   0   0   0 |     CGA   0   0   0   0   0   0
    CTG   0   0   0   0   0   0 |     CCG   1   1   1   1   0   0 |     CAG   0   0   0   0   0   0 |     CGG   1   0   0   0   0   0
--------------------------------------------------------------------------------------------------------------------------------------
Ile ATT   2   2   2   2   2   2 | Thr ACT   0   0   0   0   1   1 | Asn AAT   2   1   2   1   1   1 | Ser AGT   1   1   1   1   1   1
    ATC   2   2   2   2   2   2 |     ACC   0   0   0   0   0   0 |     AAC   0   1   0   1   1   1 |     AGC   0   0   0   0   0   0
    ATA   0   0   0   0   0   0 |     ACA   0   0   0   0   0   1 | Lys AAA   0   0   0   0   0   0 | Arg AGA   0   0   1   0   0   0
Met ATG   1   1   1   1   1   1 |     ACG   2   2   2   2   1   0 |     AAG   0   0   0   0   0   0 |     AGG   0   1   0   1   1   1
--------------------------------------------------------------------------------------------------------------------------------------
Val GTT   1   1   1   1   1   1 | Ala GCT   0   0   0   0   0   0 | Asp GAT   0   0   0   0   0   0 | Gly GGT   0   0   0   0   0   0
    GTC   0   0   0   0   0   0 |     GCC   0   0   0   0   0   0 |     GAC   1   1   1   1   1   1 |     GGC   0   0   0   0   0   0
    GTA   0   0   0   0   0   0 |     GCA   1   1   1   1   1   1 | Glu GAA   1   1   1   1   1   1 |     GGA   1   0   1   1   1   1
    GTG   0   0   0   0   0   0 |     GCG   0   0   0   0   0   0 |     GAG   0   0   0   0   0   0 |     GGG   0   1   0   0   0   0
--------------------------------------------------------------------------------------------------------------------------------------

Codon position x base (3x4) table for each sequence.

#1: Argali         
position  1:    T:0.18182    C:0.09091    A:0.50000    G:0.22727
position  2:    T:0.36364    C:0.22727    A:0.22727    G:0.18182
position  3:    T:0.31818    C:0.27273    A:0.22727    G:0.18182
Average         T:0.28788    C:0.19697    A:0.31818    G:0.19697

#2: LesserMouseDeer
position  1:    T:0.18182    C:0.09091    A:0.50000    G:0.22727
position  2:    T:0.36364    C:0.22727    A:0.22727    G:0.18182
position  3:    T:0.27273    C:0.31818    A:0.18182    G:0.22727
Average         T:0.27273    C:0.21212    A:0.30303    G:0.21212

#3: LesserKudu     
position  1:    T:0.18182    C:0.09091    A:0.50000    G:0.22727
position  2:    T:0.36364    C:0.22727    A:0.22727    G:0.18182
position  3:    T:0.22727    C:0.45455    A:0.18182    G:0.13636
Average         T:0.25758    C:0.25758    A:0.30303    G:0.18182

#4: ForestMuskDeer2
position  1:    T:0.18182    C:0.09091    A:0.50000    G:0.22727
position  2:    T:0.36364    C:0.22727    A:0.22727    G:0.18182
position  3:    T:0.27273    C:0.31818    A:0.18182    G:0.22727
Average         T:0.27273    C:0.21212    A:0.30303    G:0.21212

#5: Camel          
position  1:    T:0.18182    C:0.09091    A:0.50000    G:0.22727
position  2:    T:0.36364    C:0.22727    A:0.22727    G:0.18182
position  3:    T:0.22727    C:0.36364    A:0.09091    G:0.31818
Average         T:0.25758    C:0.22727    A:0.27273    G:0.24242

#6: KillerWhale    
position  1:    T:0.18182    C:0.09091    A:0.50000    G:0.22727
position  2:    T:0.36364    C:0.22727    A:0.22727    G:0.18182
position  3:    T:0.22727    C:0.36364    A:0.31818    G:0.09091
Average         T:0.25758    C:0.22727    A:0.34848    G:0.16667

#7: DefassaWaterbuck
position  1:    T:0.18182    C:0.09091    A:0.50000    G:0.22727
position  2:    T:0.36364    C:0.22727    A:0.22727    G:0.18182
position  3:    T:0.27273    C:0.31818    A:0.18182    G:0.22727
Average         T:0.27273    C:0.21212    A:0.30303    G:0.21212

#8: Sheep          
position  1:    T:0.18182    C:0.09091    A:0.50000    G:0.22727
position  2:    T:0.36364    C:0.22727    A:0.22727    G:0.18182
position  3:    T:0.31818    C:0.27273    A:0.22727    G:0.18182
Average         T:0.28788    C:0.19697    A:0.31818    G:0.19697

#9: MaxwellsDuiker 
position  1:    T:0.18182    C:0.09091    A:0.50000    G:0.22727
position  2:    T:0.36364    C:0.22727    A:0.22727    G:0.18182
position  3:    T:0.31818    C:0.27273    A:0.22727    G:0.18182
Average         T:0.28788    C:0.19697    A:0.31818    G:0.19697

#10: GazellaPrzewalskyi
position  1:    T:0.18182    C:0.13636    A:0.45455    G:0.22727
position  2:    T:0.36364    C:0.22727    A:0.22727    G:0.18182
position  3:    T:0.27273    C:0.31818    A:0.18182    G:0.22727
Average         T:0.27273    C:0.22727    A:0.28788    G:0.21212

#11: MountainNyala  
position  1:    T:0.18182    C:0.09091    A:0.50000    G:0.22727
position  2:    T:0.36364    C:0.22727    A:0.22727    G:0.18182
position  3:    T:0.27273    C:0.40909    A:0.18182    G:0.13636
Average         T:0.27273    C:0.24242    A:0.30303    G:0.18182

#12: MuntiacusMuntjak
position  1:    T:0.18182    C:0.09091    A:0.50000    G:0.22727
position  2:    T:0.36364    C:0.22727    A:0.22727    G:0.18182
position  3:    T:0.31818    C:0.27273    A:0.22727    G:0.18182
Average         T:0.28788    C:0.19697    A:0.31818    G:0.19697

#13: goat           
position  1:    T:0.18182    C:0.09091    A:0.50000    G:0.22727
position  2:    T:0.36364    C:0.22727    A:0.22727    G:0.18182
position  3:    T:0.31818    C:0.27273    A:0.18182    G:0.22727
Average         T:0.28788    C:0.19697    A:0.30303    G:0.21212

#14: AfricanBuffalo 
position  1:    T:0.18182    C:0.09091    A:0.50000    G:0.22727
position  2:    T:0.36364    C:0.22727    A:0.22727    G:0.18182
position  3:    T:0.27273    C:0.31818    A:0.18182    G:0.22727
Average         T:0.27273    C:0.21212    A:0.30303    G:0.21212

#15: Topi           
position  1:    T:0.18182    C:0.09091    A:0.50000    G:0.22727
position  2:    T:0.36364    C:0.22727    A:0.22727    G:0.18182
position  3:    T:0.27273    C:0.31818    A:0.22727    G:0.18182
Average         T:0.27273    C:0.21212    A:0.31818    G:0.19697

#16: CommonDuiker   
position  1:    T:0.18182    C:0.09091    A:0.50000    G:0.22727
position  2:    T:0.36364    C:0.22727    A:0.22727    G:0.18182
position  3:    T:0.31818    C:0.27273    A:0.22727    G:0.18182
Average         T:0.28788    C:0.19697    A:0.31818    G:0.19697

#17: Suni           
position  1:    T:0.18182    C:0.13636    A:0.45455    G:0.22727
position  2:    T:0.36364    C:0.22727    A:0.22727    G:0.18182
position  3:    T:0.31818    C:0.27273    A:0.18182    G:0.22727
Average         T:0.28788    C:0.21212    A:0.28788    G:0.21212

#18: Springbuck     
position  1:    T:0.18182    C:0.09091    A:0.50000    G:0.22727
position  2:    T:0.36364    C:0.22727    A:0.22727    G:0.18182
position  3:    T:0.31818    C:0.27273    A:0.22727    G:0.18182
Average         T:0.28788    C:0.19697    A:0.31818    G:0.19697

#19: Okapi          
position  1:    T:0.18182    C:0.09091    A:0.45455    G:0.27273
position  2:    T:0.36364    C:0.22727    A:0.22727    G:0.18182
position  3:    T:0.22727    C:0.40909    A:0.13636    G:0.22727
Average         T:0.25758    C:0.24242    A:0.27273    G:0.22727

#20: Giraffe        
position  1:    T:0.18182    C:0.09091    A:0.50000    G:0.22727
position  2:    T:0.36364    C:0.22727    A:0.22727    G:0.18182
position  3:    T:0.27273    C:0.31818    A:0.18182    G:0.22727
Average         T:0.27273    C:0.21212    A:0.30303    G:0.21212

#21: TibetanAntelope
position  1:    T:0.18182    C:0.09091    A:0.50000    G:0.22727
position  2:    T:0.36364    C:0.22727    A:0.22727    G:0.18182
position  3:    T:0.31818    C:0.31818    A:0.18182    G:0.18182
Average         T:0.28788    C:0.21212    A:0.30303    G:0.19697

#22: Sitatunga      
position  1:    T:0.18182    C:0.09091    A:0.50000    G:0.22727
position  2:    T:0.36364    C:0.22727    A:0.22727    G:0.18182
position  3:    T:0.27273    C:0.40909    A:0.18182    G:0.13636
Average         T:0.27273    C:0.24242    A:0.30303    G:0.18182

#23: Oribi          
position  1:    T:0.18182    C:0.09091    A:0.50000    G:0.22727
position  2:    T:0.36364    C:0.22727    A:0.22727    G:0.18182
position  3:    T:0.31818    C:0.27273    A:0.22727    G:0.18182
Average         T:0.28788    C:0.19697    A:0.31818    G:0.19697

#24: BarbarySheep   
position  1:    T:0.18182    C:0.09091    A:0.50000    G:0.22727
position  2:    T:0.36364    C:0.22727    A:0.22727    G:0.18182
position  3:    T:0.31818    C:0.27273    A:0.18182    G:0.22727
Average         T:0.28788    C:0.19697    A:0.30303    G:0.21212

#25: Daviddeer      
position  1:    T:0.18182    C:0.09091    A:0.50000    G:0.22727
position  2:    T:0.36364    C:0.22727    A:0.22727    G:0.18182
position  3:    T:0.31818    C:0.27273    A:0.22727    G:0.18182
Average         T:0.28788    C:0.19697    A:0.31818    G:0.19697

#26: Reindeer       
position  1:    T:0.18182    C:0.09091    A:0.50000    G:0.22727
position  2:    T:0.36364    C:0.22727    A:0.22727    G:0.18182
position  3:    T:0.31818    C:0.27273    A:0.27273    G:0.13636
Average         T:0.28788    C:0.19697    A:0.33333    G:0.18182

#27: Ibex           
position  1:    T:0.18182    C:0.09091    A:0.50000    G:0.22727
position  2:    T:0.36364    C:0.22727    A:0.22727    G:0.18182
position  3:    T:0.31818    C:0.27273    A:0.18182    G:0.22727
Average         T:0.28788    C:0.19697    A:0.30303    G:0.21212

#28: GyrantGazelle  
position  1:    T:0.18182    C:0.09091    A:0.50000    G:0.22727
position  2:    T:0.36364    C:0.22727    A:0.22727    G:0.18182
position  3:    T:0.31818    C:0.27273    A:0.13636    G:0.27273
Average         T:0.28788    C:0.19697    A:0.28788    G:0.22727

#29: Hartebeest     
position  1:    T:0.18182    C:0.09091    A:0.50000    G:0.22727
position  2:    T:0.36364    C:0.22727    A:0.22727    G:0.18182
position  3:    T:0.31818    C:0.27273    A:0.22727    G:0.18182
Average         T:0.28788    C:0.19697    A:0.31818    G:0.19697

#30: Bongo          
position  1:    T:0.18182    C:0.09091    A:0.50000    G:0.22727
position  2:    T:0.36364    C:0.22727    A:0.22727    G:0.18182
position  3:    T:0.27273    C:0.40909    A:0.18182    G:0.13636
Average         T:0.27273    C:0.24242    A:0.30303    G:0.18182

#31: Gerenuk        
position  1:    T:0.18182    C:0.09091    A:0.50000    G:0.22727
position  2:    T:0.36364    C:0.22727    A:0.22727    G:0.18182
position  3:    T:0.31818    C:0.27273    A:0.18182    G:0.22727
Average         T:0.28788    C:0.19697    A:0.30303    G:0.21212

#32: CommonEland    
position  1:    T:0.18182    C:0.09091    A:0.50000    G:0.22727
position  2:    T:0.36364    C:0.22727    A:0.22727    G:0.18182
position  3:    T:0.27273    C:0.40909    A:0.18182    G:0.13636
Average         T:0.27273    C:0.24242    A:0.30303    G:0.18182

#33: MuntiacusReevesi
position  1:    T:0.18182    C:0.09091    A:0.50000    G:0.22727
position  2:    T:0.36364    C:0.22727    A:0.22727    G:0.18182
position  3:    T:0.31818    C:0.27273    A:0.22727    G:0.18182
Average         T:0.28788    C:0.19697    A:0.31818    G:0.19697

#34: HarveysDuiker  
position  1:    T:0.18182    C:0.09091    A:0.50000    G:0.22727
position  2:    T:0.36364    C:0.22727    A:0.22727    G:0.18182
position  3:    T:0.31818    C:0.27273    A:0.27273    G:0.13636
Average         T:0.28788    C:0.19697    A:0.33333    G:0.18182

#35: Pronghorn      
position  1:    T:0.18182    C:0.09091    A:0.50000    G:0.22727
position  2:    T:0.36364    C:0.22727    A:0.27273    G:0.13636
position  3:    T:0.27273    C:0.31818    A:0.13636    G:0.27273
Average         T:0.27273    C:0.21212    A:0.30303    G:0.21212

#36: BlueWildebeest 
position  1:    T:0.18182    C:0.09091    A:0.50000    G:0.22727
position  2:    T:0.36364    C:0.22727    A:0.22727    G:0.18182
position  3:    T:0.31818    C:0.27273    A:0.22727    G:0.18182
Average         T:0.28788    C:0.19697    A:0.31818    G:0.19697

#37: Gemsbok        
position  1:    T:0.18182    C:0.09091    A:0.50000    G:0.22727
position  2:    T:0.36364    C:0.22727    A:0.22727    G:0.18182
position  3:    T:0.31818    C:0.27273    A:0.18182    G:0.22727
Average         T:0.28788    C:0.19697    A:0.30303    G:0.21212

#38: Yak            
position  1:    T:0.18182    C:0.09091    A:0.50000    G:0.22727
position  2:    T:0.36364    C:0.22727    A:0.22727    G:0.18182
position  3:    T:0.27273    C:0.31818    A:0.18182    G:0.22727
Average         T:0.27273    C:0.21212    A:0.30303    G:0.21212

#39: BlueSheep      
position  1:    T:0.18182    C:0.09091    A:0.50000    G:0.22727
position  2:    T:0.36364    C:0.22727    A:0.22727    G:0.18182
position  3:    T:0.31818    C:0.27273    A:0.18182    G:0.22727
Average         T:0.28788    C:0.19697    A:0.30303    G:0.21212

#40: BohorReedbuck  
position  1:    T:0.18182    C:0.09091    A:0.45455    G:0.27273
position  2:    T:0.36364    C:0.22727    A:0.22727    G:0.18182
position  3:    T:0.22727    C:0.36364    A:0.18182    G:0.22727
Average         T:0.25758    C:0.22727    A:0.28788    G:0.22727

#41: KirksDik       
position  1:    T:0.18182    C:0.13636    A:0.45455    G:0.22727
position  2:    T:0.36364    C:0.22727    A:0.22727    G:0.18182
position  3:    T:0.22727    C:0.36364    A:0.18182    G:0.22727
Average         T:0.25758    C:0.24242    A:0.28788    G:0.21212

#42: RoeDeer        
position  1:    T:0.18182    C:0.09091    A:0.50000    G:0.22727
position  2:    T:0.36364    C:0.22727    A:0.22727    G:0.18182
position  3:    T:0.27273    C:0.31818    A:0.22727    G:0.18182
Average         T:0.27273    C:0.21212    A:0.31818    G:0.19697

#43: WhiteLippedDeer
position  1:    T:0.18182    C:0.09091    A:0.50000    G:0.22727
position  2:    T:0.36364    C:0.22727    A:0.22727    G:0.18182
position  3:    T:0.31818    C:0.27273    A:0.22727    G:0.18182
Average         T:0.28788    C:0.19697    A:0.31818    G:0.19697

#44: ThomsonGazelle 
position  1:    T:0.18182    C:0.09091    A:0.50000    G:0.22727
position  2:    T:0.36364    C:0.22727    A:0.22727    G:0.18182
position  3:    T:0.31818    C:0.27273    A:0.18182    G:0.22727
Average         T:0.28788    C:0.19697    A:0.30303    G:0.21212

#45: MuntiacusCrinifrons
position  1:    T:0.18182    C:0.09091    A:0.50000    G:0.22727
position  2:    T:0.36364    C:0.22727    A:0.22727    G:0.18182
position  3:    T:0.31818    C:0.27273    A:0.22727    G:0.18182
Average         T:0.28788    C:0.19697    A:0.31818    G:0.19697

#46: WhiteTailedDeer
position  1:    T:0.18182    C:0.09091    A:0.50000    G:0.22727
position  2:    T:0.36364    C:0.22727    A:0.27273    G:0.13636
position  3:    T:0.31818    C:0.27273    A:0.22727    G:0.18182
Average         T:0.28788    C:0.19697    A:0.33333    G:0.18182

#47: Cattle         
position  1:    T:0.18182    C:0.09091    A:0.50000    G:0.22727
position  2:    T:0.36364    C:0.22727    A:0.22727    G:0.18182
position  3:    T:0.31818    C:0.31818    A:0.18182    G:0.18182
Average         T:0.28788    C:0.21212    A:0.30303    G:0.19697

#48: RoyalAntelope  
position  1:    T:0.18182    C:0.13636    A:0.45455    G:0.22727
position  2:    T:0.36364    C:0.22727    A:0.22727    G:0.18182
position  3:    T:0.22727    C:0.36364    A:0.18182    G:0.22727
Average         T:0.25758    C:0.24242    A:0.28788    G:0.21212

#49: Steenbok       
position  1:    T:0.18182    C:0.13636    A:0.45455    G:0.22727
position  2:    T:0.36364    C:0.22727    A:0.22727    G:0.18182
position  3:    T:0.31818    C:0.27273    A:0.18182    G:0.22727
Average         T:0.28788    C:0.21212    A:0.28788    G:0.21212

#50: Impala         
position  1:    T:0.18182    C:0.09091    A:0.50000    G:0.22727
position  2:    T:0.36364    C:0.22727    A:0.22727    G:0.18182
position  3:    T:0.27273    C:0.31818    A:0.09091    G:0.31818
Average         T:0.27273    C:0.21212    A:0.27273    G:0.24242

#51: Klipspringer   
position  1:    T:0.18182    C:0.09091    A:0.50000    G:0.22727
position  2:    T:0.36364    C:0.22727    A:0.22727    G:0.18182
