1
52 1
Argali 0.000000 0.233100 0.029500 0.149700 0.030300 0.000000 0.059800 0.029300 0.030100 0.081600 0.010100 0.039500 0.051200 0.049900 0.041400 0.061300 0.072700 0.051000 0.030500 0.030100 0.030300 0.009900 0.051200 0.051800 0.009900 0.030300 0.040700 0.029500 0.041200 0.029700 0.081600 0.049900 0.073700 0.040600 0.030600 0.061800 0.009800 0.029200 0.041000 0.082900 0.051200 0.020400 0.081600 0.062000 0.072900 0.073900 0.050500 0.020300 0.061500 0.051300 0.029100 0.039400
LesserMous 0.233100 0.000000 0.218700 0.157100 0.219700 0.233100 0.250500 0.218800 0.218700 0.228200 0.222000 0.231700 0.196200 0.239400 0.236300 0.231700 0.221700 0.220000 0.246800 0.218700 0.219800 0.222000 0.246300 0.223900 0.222000 0.221400 0.184100 0.218700 0.236200 0.218700 0.228200 0.239400 0.250400 0.183800 0.221900 0.259000 0.245000 0.219700 0.234500 0.232700 0.246300 0.236000 0.228200 0.234500 0.247800 0.263800 0.242800 0.208500 0.231500 0.197600 0.218700 0.207800
LesserKudu 0.029500 0.218700 0.000000 0.137000 0.019900 0.030100 0.049200 0.019800 0.000000 0.048300 0.020100 0.009700 0.040300 0.039400 0.029500 0.050300 0.040400 0.019900 0.039300 0.000000 0.019500 0.019700 0.040300 0.039700 0.019700 0.020000 0.030100 0.000000 0.030500 0.000000 0.048400 0.039400 0.062300 0.030000 0.020100 0.030100 0.040200 0.019900 0.029600 0.050400 0.040300 0.029800 0.049600 0.050900 0.039800 0.062300 0.039000 0.010000 0.050500 0.019600 0.000000 0.009700
KillerWhal 0.149700 0.157100 0.137000 0.000000 0.137700 0.149700 0.167800 0.137000 0.137000 0.146600 0.139100 0.148800 0.138300 0.157300 0.151900 0.171800 0.161700 0.137600 0.162000 0.137000 0.137600 0.139100 0.161700 0.140200 0.139100 0.138600 0.126900 0.137000 0.151600 0.137000 0.146600 0.157300 0.164100 0.104300 0.139000 0.173400 0.160800 0.137700 0.150500 0.172600 0.161700 0.151500 0.146600 0.150600 0.162600 0.188600 0.159400 0.127000 0.172200 0.116300 0.137000 0.126500
DefassaWat 0.030300 0.219700 0.019900 0.137700 0.000000 0.029000 0.049400 0.019300 0.019300 0.070700 0.020200 0.030100 0.038800 0.038600 0.029900 0.050600 0.061700 0.040400 0.040700 0.019400 0.020000 0.020200 0.060800 0.041000 0.019700 0.020100 0.029200 0.019200 0.030600 0.019900 0.070700 0.038600 0.062600 0.030100 0.020200 0.049500 0.040400 0.000000 0.029600 0.071800 0.061600 0.030600 0.070700 0.051200 0.061800 0.062700 0.039200 0.010000 0.050700 0.039600 0.019400 0.030100
Sheep 0.000000 0.233100 0.030100 0.149700 0.029000 0.000000 0.059800 0.030100 0.029500 0.081600 0.010100 0.038700 0.051200 0.049900 0.041400 0.061300 0.072700 0.051000 0.030500 0.030100 0.030300 0.010100 0.049600 0.050300 0.009800 0.030500 0.040700 0.029600 0.041200 0.029000 0.081600 0.049900 0.073700 0.039500 0.030600 0.061800 0.009700 0.030300 0.041000 0.082900 0.051200 0.020400 0.081600 0.062000 0.072900 0.073900 0.050500 0.020300 0.061500 0.051300 0.030100 0.040600
MaxwellsDu 0.059800 0.250500 0.049200 0.167800 0.049400 0.059800 0.000000 0.048300 0.049200 0.099900 0.049900 0.059500 0.070100 0.009400 0.060600 0.080000 0.091500 0.070000 0.070400 0.049200 0.049400 0.049900 0.091300 0.071000 0.049900 0.048800 0.059700 0.049200 0.060500 0.049200 0.099900 0.009400 0.092800 0.059600 0.049900 0.080700 0.069900 0.049400 0.060100 0.101400 0.091300 0.060500 0.099900 0.080100 0.091700 0.092800 0.069300 0.039700 0.080200 0.070400 0.049200 0.059600
GazellaPrz 0.029300 0.218800 0.019800 0.137000 0.019300 0.030100 0.048300 0.000000 0.019800 0.070300 0.020100 0.029900 0.040300 0.039400 0.030500 0.050300 0.061400 0.040200 0.039600 0.019800 0.019900 0.020100 0.061300 0.040800 0.020100 0.020000 0.029700 0.019800 0.030500 0.019800 0.070300 0.039400 0.062300 0.029500 0.019600 0.050700 0.040200 0.019400 0.030300 0.071500 0.061300 0.030500 0.070300 0.050900 0.061900 0.062300 0.039900 0.010000 0.050500 0.040500 0.019400 0.029500
MountainNy 0.030100 0.218700 0.000000 0.137000 0.019300 0.029500 0.049200 0.019800 0.000000 0.048600 0.020100 0.009700 0.038800 0.039400 0.030500 0.050300 0.040400 0.019900 0.040500 0.000000 0.019900 0.019700 0.039900 0.040800 0.019600 0.019500 0.030100 0.000000 0.030500 0.000000 0.049600 0.038600 0.062300 0.029700 0.020100 0.030100 0.040200 0.019900 0.029800 0.050400 0.040300 0.030400 0.049600 0.050900 0.040500 0.062300 0.039900 0.010000 0.050500 0.019700 0.000000 0.009700
MuntiacusM 0.081600 0.228200 0.048300 0.146600 0.070700 0.081600 0.099900 0.070300 0.048600 0.000000 0.071400 0.060100 0.092200 0.090000 0.083000 0.102300 0.071100 0.050000 0.092800 0.049600 0.070700 0.071400 0.029000 0.049600 0.071400 0.071100 0.081400 0.049600 0.082500 0.049600 0.000000 0.090000 0.094000 0.081200 0.071400 0.081400 0.092000 0.070700 0.082000 0.039200 0.029800 0.082500 0.000000 0.040100 0.092600 0.116200 0.091100 0.060800 0.102600 0.050300 0.049600 0.060100
goat 0.010100 0.222000 0.020100 0.139100 0.020200 0.010100 0.049900 0.020100 0.020100 0.071400 0.000000 0.029600 0.041000 0.040000 0.029900 0.051100 0.062400 0.040800 0.019800 0.019600 0.019700 0.000000 0.041000 0.041400 0.000000 0.020300 0.029500 0.019600 0.031000 0.020100 0.071400 0.040000 0.063300 0.030500 0.019800 0.051500 0.020200 0.020200 0.030700 0.072600 0.041000 0.010000 0.071400 0.051700 0.062500 0.063400 0.040500 0.010100 0.051300 0.041100 0.019800 0.030400
AfricanBuf 0.039500 0.231700 0.009700 0.148800 0.030100 0.038700 0.059500 0.029900 0.009700 0.060100 0.029600 0.000000 0.050800 0.049600 0.040300 0.060900 0.050900 0.030000 0.051100 0.009700 0.030100 0.030400 0.050800 0.051500 0.030400 0.029600 0.039500 0.009700 0.041000 0.009900 0.060100 0.049600 0.073300 0.040300 0.029700 0.019500 0.050700 0.030100 0.040700 0.061000 0.050800 0.040900 0.060100 0.061400 0.030100 0.073400 0.050200 0.020100 0.050700 0.030200 0.009700 0.019900
Topi 0.051200 0.196200 0.040300 0.138300 0.038800 0.051200 0.070100 0.040300 0.038800 0.092200 0.041000 0.050800 0.000000 0.060200 0.051900 0.071800 0.083500 0.061500 0.062000 0.039400 0.040500 0.041000 0.083300 0.062500 0.041000 0.040800 0.010000 0.040300 0.051800 0.040300 0.092200 0.060200 0.084700 0.029600 0.041000 0.072400 0.061500 0.040500 0.051400 0.093700 0.083300 0.051800 0.092200 0.072700 0.062100 0.084800 0.060900 0.030500 0.072000 0.040900 0.040300 0.030300
CommonDuik 0.049900 0.239400 0.039400 0.157300 0.038600 0.049900 0.009400 0.039400 0.039400 0.090000 0.040000 0.049600 0.060200 0.000000 0.050600 0.070100 0.081400 0.060000 0.060400 0.039400 0.039500 0.040000 0.081200 0.060900 0.040000 0.039000 0.049800 0.039400 0.050500 0.038500 0.090000 0.000000 0.082500 0.049700 0.039900 0.070600 0.060100 0.039600 0.048800 0.091400 0.081200 0.050400 0.089600 0.070900 0.081600 0.082600 0.059500 0.029800 0.070300 0.060400 0.039400 0.049700
Suni 0.041400 0.236300 0.029500 0.151900 0.029900 0.041400 0.060600 0.030500 0.030500 0.083000 0.029900 0.040300 0.051900 0.050600 0.000000 0.062200 0.073800 0.051800 0.052200 0.030500 0.029700 0.030600 0.073200 0.052600 0.031100 0.030300 0.041300 0.029500 0.041900 0.030200 0.082700 0.050600 0.074900 0.041200 0.031100 0.062700 0.051800 0.030700 0.041600 0.084300 0.073600 0.040600 0.082700 0.063000 0.073900 0.075100 0.050600 0.020600 0.060700 0.052100 0.030500 0.041100
Springbuck 0.061300 0.231700 0.050300 0.171800 0.050600 0.061300 0.080000 0.050300 0.050300 0.102300 0.051100 0.060900 0.071800 0.070100 0.062200 0.000000 0.093700 0.071600 0.072200 0.050300 0.049100 0.051100 0.093500 0.072700 0.051100 0.030300 0.061200 0.050300 0.040900 0.050300 0.102300 0.070100 0.073200 0.061000 0.051100 0.082600 0.071700 0.050600 0.061600 0.103900 0.093500 0.040900 0.101300 0.082900 0.093900 0.095200 0.050200 0.040600 0.082200 0.072100 0.050300 0.061200
Okapi 0.072700 0.221700 0.040400 0.161700 0.061700 0.072700 0.091500 0.061400 0.040400 0.071100 0.062400 0.050900 0.083500 0.081400 0.073800 0.093700 0.000000 0.020000 0.083800 0.040400 0.061700 0.062400 0.062000 0.062800 0.062400 0.062100 0.072600 0.040400 0.073600 0.040400 0.071100 0.081400 0.084500 0.072400 0.062400 0.072600 0.083200 0.061700 0.073100 0.051100 0.062000 0.073600 0.071100 0.073100 0.083900 0.107600 0.082500 0.051400 0.094000 0.041000 0.040400 0.051100
Giraffe 0.051000 0.220000 0.019900 0.137600 0.040400 0.051000 0.070000 0.040200 0.019900 0.050000 0.040800 0.030000 0.061500 0.060000 0.051800 0.071600 0.020000 0.000000 0.061800 0.019900 0.040400 0.040800 0.040600 0.041100 0.040800 0.040700 0.051000 0.019900 0.051600 0.019900 0.050000 0.060000 0.062300 0.050800 0.040800 0.051000 0.061300 0.040400 0.051300 0.050700 0.040600 0.051600 0.050000 0.051300 0.061800 0.084500 0.060800 0.030300 0.071900 0.020100 0.019900 0.030100
TibetanAnt 0.030500 0.246800 0.039300 0.162000 0.040700 0.030500 0.070400 0.039600 0.040500 0.092800 0.019800 0.051100 0.062000 0.060400 0.052200 0.072200 0.083800 0.061800 0.000000 0.038800 0.040200 0.020300 0.061900 0.062200 0.019700 0.041000 0.051300 0.040500 0.052000 0.040500 0.092600 0.060400 0.085100 0.051200 0.041100 0.072800 0.040700 0.040700 0.051600 0.094200 0.061900 0.030800 0.092600 0.073000 0.084000 0.085300 0.061200 0.030700 0.072400 0.062200 0.040500 0.051100
Sitatunga 0.030100 0.218700 0.000000 0.137000 0.019400 0.030100 0.049200 0.019800 0.000000 0.049600 0.019600 0.009700 0.039400 0.039400 0.030500 0.050300 0.040400 0.019900 0.038800 0.000000 0.019200 0.020100 0.039300 0.040800 0.020100 0.020000 0.030100 0.000000 0.030500 0.000000 0.049600 0.039400 0.062300 0.029400 0.020100 0.030100 0.039400 0.019500 0.029300 0.050400 0.039300 0.029400 0.048600 0.050900 0.040500 0.062300 0.039900 0.010000 0.050500 0.020000 0.000000 0.009700
Oribi 0.030300 0.219800 0.019500 0.137600 0.020000 0.030300 0.049400 0.019900 0.019900 0.070700 0.019700 0.030100 0.040500 0.039500 0.029700 0.049100 0.061700 0.040400 0.040200 0.019200 0.000000 0.020200 0.061500 0.041000 0.020200 0.019800 0.029200 0.019400 0.030600 0.019500 0.070700 0.039500 0.062600 0.030100 0.019700 0.049300 0.040400 0.020000 0.029600 0.071800 0.061500 0.030600 0.070700 0.051200 0.061800 0.062700 0.040000 0.010000 0.050700 0.040700 0.019900 0.030100
BarbaryShe 0.009900 0.222000 0.019700 0.139100 0.020200 0.010100 0.049900 0.020100 0.019700 0.071400 0.000000 0.030400 0.041000 0.040000 0.030600 0.051100 0.062400 0.040800 0.020300 0.020100 0.020200 0.000000 0.039200 0.041500 0.000000 0.020300 0.030500 0.019900 0.029900 0.020100 0.071400 0.040000 0.063300 0.029800 0.019700 0.051500 0.019600 0.019600 0.030700 0.072600 0.039700 0.010200 0.069000 0.051700 0.062500 0.063400 0.039600 0.010100 0.050900 0.041100 0.019800 0.030400
Daviddeer 0.051200 0.246300 0.040300 0.161700 0.060800 0.049600 0.091300 0.061300 0.039900 0.029000 0.041000 0.050800 0.083300 0.081200 0.073200 0.093500 0.062000 0.040600 0.061900 0.039300 0.061500 0.039200 0.000000 0.041200 0.041000 0.062000 0.072400 0.040300 0.073400 0.040300 0.029800 0.081200 0.084900 0.072200 0.062200 0.072400 0.061500 0.061600 0.072900 0.030200 0.000000 0.051700 0.029800 0.030500 0.083600 0.107500 0.082200 0.051500 0.093800 0.040400 0.040300 0.050900
Reindeer 0.051800 0.223900 0.039700 0.140200 0.041000 0.050300 0.071000 0.040800 0.040800 0.049600 0.041400 0.051500 0.062500 0.060900 0.052600 0.072700 0.062800 0.041100 0.062200 0.040800 0.041000 0.041500 0.041200 0.000000 0.041500 0.040700 0.051700 0.040800 0.052500 0.040800 0.050700 0.060900 0.063700 0.051600 0.041500 0.073400 0.062300 0.041000 0.052100 0.051500 0.041200 0.052400 0.050700 0.010200 0.084800 0.085900 0.061700 0.030900 0.072900 0.040400 0.040800 0.051600
Ibex 0.009900 0.222000 0.019700 0.139100 0.019700 0.009800 0.049900 0.020100 0.019600 0.071400 0.000000 0.030400 0.041000 0.040000 0.031100 0.051100 0.062400 0.040800 0.019700 0.020100 0.020200 0.000000 0.041000 0.041500 0.000000 0.019900 0.030500 0.019700 0.030800 0.020100 0.071400 0.040000 0.063300 0.030500 0.019900 0.051500 0.019700 0.020200 0.030700 0.072600 0.040100 0.010000 0.071400 0.051700 0.062500 0.063400 0.040500 0.010100 0.051300 0.041100 0.020100 0.030400
GyrantGaze 0.030300 0.221400 0.020000 0.138600 0.020100 0.030500 0.048800 0.020000 0.019500 0.071100 0.020300 0.029600 0.040800 0.039000 0.030300 0.030300 0.062100 0.040700 0.041000 0.020000 0.019800 0.020300 0.062000 0.040700 0.019900 0.000000 0.029800 0.020000 0.010200 0.019600 0.071100 0.039800 0.041600 0.030200 0.020300 0.051300 0.040700 0.020100 0.030000 0.072300 0.062000 0.010000 0.071100 0.051100 0.062300 0.063100 0.019500 0.010100 0.051100 0.041000 0.020000 0.030300
Hartebeest 0.040700 0.184100 0.030100 0.126900 0.029200 0.040700 0.059700 0.029700 0.030100 0.081400 0.029500 0.039500 0.010000 0.049800 0.041300 0.061200 0.072600 0.051000 0.051300 0.030100 0.029200 0.030500 0.072400 0.051700 0.030500 0.029800 0.000000 0.030100 0.041200 0.030100 0.081400 0.049800 0.073700 0.020100 0.030500 0.061700 0.050900 0.029400 0.040900 0.082800 0.072400 0.041100 0.081400 0.062400 0.051500 0.073700 0.050500 0.020200 0.061400 0.030500 0.029700 0.020100
Bongo 0.029500 0.218700 0.000000 0.137000 0.019200 0.029600 0.049200 0.019800 0.000000 0.049600 0.019600 0.009700 0.040300 0.039400 0.029500 0.050300 0.040400 0.019900 0.040500 0.000000 0.019400 0.019900 0.040300 0.040800 0.019700 0.020000 0.030100 0.000000 0.030500 0.000000 0.049600 0.039400 0.062300 0.029100 0.020100 0.030100 0.040200 0.019900 0.029500 0.050400 0.040300 0.029700 0.048600 0.050900 0.040500 0.062300 0.039600 0.010000 0.050500 0.020000 0.000000 0.009900
Gerenuk 0.041200 0.236200 0.030500 0.151600 0.030600 0.041200 0.060500 0.030500 0.030500 0.082500 0.031000 0.041000 0.051800 0.050500 0.041900 0.040900 0.073600 0.051600 0.052000 0.030500 0.030600 0.029900 0.073400 0.052500 0.030800 0.010200 0.041200 0.030500 0.000000 0.029800 0.082500 0.049600 0.052800 0.041000 0.031000 0.062500 0.051600 0.029800 0.039700 0.083900 0.073400 0.020700 0.082500 0.062800 0.073800 0.063400 0.030400 0.020500 0.062200 0.052000 0.030500 0.041000
CommonElan 0.029700 0.218700 0.000000 0.137000 0.019900 0.029000 0.049200 0.019800 0.000000 0.049600 0.020100 0.009900 0.040300 0.038500 0.030200 0.050300 0.040400 0.019900 0.040500 0.000000 0.019500 0.020100 0.040300 0.040800 0.020100 0.019600 0.030100 0.000000 0.029800 0.000000 0.049600 0.039400 0.062300 0.029400 0.020100 0.030100 0.040200 0.019500 0.029700 0.050400 0.040300 0.029400 0.049600 0.050300 0.040500 0.062300 0.039800 0.010000 0.050500 0.019700 0.000000 0.009700
MuntiacusR 0.081600 0.228200 0.048400 0.146600 0.070700 0.081600 0.099900 0.070300 0.049600 0.000000 0.071400 0.060100 0.092200 0.090000 0.082700 0.102300 0.071100 0.050000 0.092600 0.049600 0.070700 0.071400 0.029800 0.050700 0.071400 0.071100 0.081400 0.049600 0.082500 0.049600 0.000000 0.090000 0.094000 0.081200 0.071400 0.081400 0.092000 0.070700 0.082000 0.039700 0.029800 0.082500 0.000000 0.040100 0.092600 0.116200 0.091100 0.060800 0.102600 0.050300 0.049600 0.060100
HarveysDui 0.049900 0.239400 0.039400 0.157300 0.038600 0.049900 0.009400 0.039400 0.038600 0.090000 0.040000 0.049600 0.060200 0.000000 0.050600 0.070100 0.081400 0.060000 0.060400 0.039400 0.039500 0.040000 0.081200 0.060900 0.040000 0.039800 0.049800 0.039400 0.049600 0.039400 0.090000 0.000000 0.082500 0.049700 0.039900 0.070600 0.058300 0.039600 0.050100 0.091400 0.081200 0.050400 0.090000 0.070900 0.081600 0.082600 0.059500 0.029800 0.070300 0.060400 0.039400 0.049700
Pronghorn 0.073700 0.250400 0.062300 0.164100 0.062600 0.073700 0.092800 0.062300 0.062300 0.094000 0.063300 0.073300 0.084700 0.082500 0.074900 0.073200 0.084500 0.062300 0.085100 0.062300 0.062600 0.063300 0.084900 0.063700 0.063300 0.041600 0.073700 0.062300 0.052800 0.062300 0.094000 0.082500 0.000000 0.073500 0.063300 0.095900 0.084400 0.062600 0.074100 0.095500 0.084900 0.052800 0.094000 0.074100 0.107800 0.109200 0.062100 0.052100 0.095400 0.063200 0.062300 0.073400
BlueWildeb 0.040600 0.183800 0.030000 0.104300 0.030100 0.039500 0.059600 0.029500 0.029700 0.081200 0.030500 0.040300 0.029600 0.049700 0.041200 0.061000 0.072400 0.050800 0.051200 0.029400 0.030100 0.029800 0.072200 0.051600 0.030500 0.030200 0.020100 0.029100 0.041000 0.029400 0.081200 0.049700 0.073500 0.000000 0.030500 0.061600 0.050800 0.030100 0.040800 0.082500 0.072200 0.041000 0.081200 0.061800 0.051300 0.073500 0.050300 0.020200 0.061200 0.029500 0.030000 0.019600
Gemsbok 0.030600 0.221900 0.020100 0.139000 0.020200 0.030600 0.049900 0.019600 0.020100 0.071400 0.019800 0.029700 0.041000 0.039900 0.031100 0.051100 0.062400 0.040800 0.041100 0.020100 0.019700 0.019700 0.062200 0.041500 0.019900 0.020300 0.030500 0.020100 0.031000 0.020100 0.071400 0.039900 0.063300 0.030500 0.000000 0.051500 0.040900 0.020200 0.029700 0.072600 0.062200 0.030900 0.071400 0.051200 0.062500 0.041800 0.040500 0.010100 0.050600 0.041100 0.020100 0.030400
Yak 0.061800 0.259000 0.030100 0.173400 0.049500 0.061800 0.080700 0.050700 0.030100 0.081400 0.051500 0.019500 0.072400 0.070600 0.062700 0.082600 0.072600 0.051000 0.072800 0.030100 0.049300 0.051500 0.072400 0.073400 0.051500 0.051300 0.061700 0.030100 0.062500 0.030100 0.081400 0.070600 0.095900 0.061600 0.051500 0.000000 0.072200 0.051000 0.062100 0.082700 0.072400 0.062500 0.081400 0.083600 0.010000 0.096000 0.071600 0.041000 0.072200 0.051300 0.030100 0.040500
BlueSheep 0.009800 0.245000 0.040200 0.160800 0.040400 0.009700 0.069900 0.040200 0.040200 0.092000 0.020200 0.050700 0.061500 0.060100 0.051800 0.071700 0.083200 0.061300 0.040700 0.039400 0.040400 0.019600 0.061500 0.062300 0.019700 0.040700 0.050900 0.040200 0.051600 0.040200 0.092000 0.058300 0.084400 0.050800 0.040900 0.072200 0.000000 0.040400 0.051300 0.093500 0.061500 0.029700 0.092000 0.072500 0.083400 0.084700 0.060400 0.030400 0.071300 0.061700 0.040200 0.049700
BohorReedb 0.029200 0.219700 0.019900 0.137700 0.000000 0.030300 0.049400 0.019400 0.019900 0.070700 0.020200 0.030100 0.040500 0.039600 0.030700 0.050600 0.061700 0.040400 0.040700 0.019500 0.020000 0.019600 0.061600 0.041000 0.020200 0.020100 0.029400 0.019900 0.029800 0.019500 0.070700 0.039600 0.062600 0.030100 0.020200 0.051000 0.040400 0.000000 0.029600 0.071800 0.061600 0.029900 0.070700 0.051200 0.061800 0.062700 0.040100 0.010000 0.050700 0.040700 0.019400 0.029900
KirksDik 0.041000 0.234500 0.029600 0.150500 0.029600 0.041000 0.060100 0.030300 0.029800 0.082000 0.030700 0.040700 0.051400 0.048800 0.041600 0.061600 0.073100 0.051300 0.051600 0.029300 0.029600 0.030700 0.072900 0.052100 0.030700 0.030000 0.040900 0.029500 0.039700 0.029700 0.082000 0.050100 0.074100 0.040800 0.029700 0.062100 0.051300 0.029600 0.000000 0.083300 0.072900 0.041400 0.082100 0.062300 0.073200 0.074200 0.050300 0.020400 0.061800 0.051600 0.029300 0.040800
RoeDeer 0.082900 0.232700 0.050400 0.172600 0.071800 0.082900 0.101400 0.071500 0.050400 0.039200 0.072600 0.061000 0.093700 0.091400 0.084300 0.103900 0.051100 0.050700 0.094200 0.050400 0.071800 0.072600 0.030200 0.051500 0.072600 0.072300 0.082800 0.050400 0.083900 0.050400 0.039700 0.091400 0.095500 0.082500 0.072600 0.082700 0.093500 0.071800 0.083300 0.000000 0.029700 0.083900 0.039700 0.040700 0.094100 0.118300 0.092500 0.061800 0.104200 0.051000 0.050400 0.061100
WhiteLippe 0.051200 0.246300 0.040300 0.161700 0.061600 0.051200 0.091300 0.061300 0.040300 0.029800 0.041000 0.050800 0.083300 0.081200 0.073600 0.093500 0.062000 0.040600 0.061900 0.039300 0.061500 0.039700 0.000000 0.041200 0.040100 0.062000 0.072400 0.040300 0.073400 0.040300 0.029800 0.081200 0.084900 0.072200 0.062200 0.072400 0.061500 0.061600 0.072900 0.029700 0.000000 0.051700 0.029800 0.030500 0.083600 0.107500 0.082200 0.051500 0.093800 0.040800 0.040300 0.050900
ThomsonGaz 0.020400 0.236000 0.029800 0.151500 0.030600 0.020400 0.060500 0.030500 0.030400 0.082500 0.010000 0.040900 0.051800 0.050400 0.040600 0.040900 0.073600 0.051600 0.030800 0.029400 0.030600 0.010200 0.051700 0.052400 0.010000 0.010000 0.041100 0.029700 0.020700 0.029400 0.082500 0.050400 0.052800 0.041000 0.030900 0.062500 0.029700 0.029900 0.041400 0.083900 0.051700 0.000000 0.082500 0.062800 0.073700 0.074800 0.030400 0.020500 0.062200 0.051900 0.030400 0.041000
MuntiacusC 0.081600 0.228200 0.049600 0.146600 0.070700 0.081600 0.099900 0.070300 0.049600 0.000000 0.071400 0.060100 0.092200 0.089600 0.082700 0.101300 0.071100 0.050000 0.092600 0.048600 0.070700 0.069000 0.029800 0.050700 0.071400 0.071100 0.081400 0.048600 0.082500 0.049600 0.000000 0.090000 0.094000 0.081200 0.071400 0.081400 0.092000 0.070700 0.082100 0.039700 0.029800 0.082500 0.000000 0.040100 0.092600 0.116200 0.091100 0.060800 0.102600 0.050300 0.048600 0.060100
WhiteTaile 0.062000 0.234500 0.050900 0.150600 0.051200 0.062000 0.080100 0.050900 0.050900 0.040100 0.051700 0.061400 0.072700 0.070900 0.063000 0.082900 0.073100 0.051300 0.073000 0.050900 0.051200 0.051700 0.030500 0.010200 0.051700 0.051100 0.062400 0.050900 0.062800 0.050300 0.040100 0.070900 0.074100 0.061800 0.051200 0.083600 0.072500 0.051200 0.062300 0.040700 0.030500 0.062800 0.040100 0.000000 0.095100 0.096400 0.071800 0.041100 0.083200 0.051600 0.050900 0.061700
Cattle 0.072900 0.247800 0.039800 0.162600 0.061800 0.072900 0.091700 0.061900 0.040500 0.092600 0.062500 0.030100 0.062100 0.081600 0.073900 0.093900 0.083900 0.061800 0.084000 0.040500 0.061800 0.062500 0.083600 0.084800 0.062500 0.062300 0.051500 0.040500 0.073800 0.040500 0.092600 0.081600 0.107800 0.051300 0.062500 0.010000 0.083400 0.061800 0.073200 0.094100 0.083600 0.073700 0.092600 0.095100 0.000000 0.107900 0.082700 0.051700 0.083800 0.040700 0.040500 0.030400
RoyalAntel 0.073900 0.263800 0.062300 0.188600 0.062700 0.073900 0.092800 0.062300 0.062300 0.116200 0.063400 0.073400 0.084800 0.082600 0.075100 0.095200 0.107600 0.084500 0.085300 0.062300 0.062700 0.063400 0.107500 0.085900 0.063400 0.063100 0.073700 0.062300 0.063400 0.062300 0.116200 0.082600 0.109200 0.073500 0.041800 0.096000 0.084700 0.062700 0.074200 0.118300 0.107500 0.074800 0.116200 0.096400 0.107900 0.000000 0.083700 0.052400 0.095500 0.085000 0.062300 0.073500
Steenbok 0.050500 0.242800 0.039000 0.159400 0.039200 0.050500 0.069300 0.039900 0.039900 0.091100 0.040500 0.050200 0.060900 0.059500 0.050600 0.050200 0.082500 0.060800 0.061200 0.039900 0.040000 0.039600 0.082200 0.061700 0.040500 0.019500 0.050500 0.039600 0.030400 0.039800 0.091100 0.059500 0.062100 0.050300 0.040500 0.071600 0.060400 0.040100 0.050300 0.092500 0.082200 0.030400 0.091100 0.071800 0.082700 0.083700 0.000000 0.030200 0.071200 0.061200 0.039900 0.050300
Impala 0.020300 0.208500 0.010000 0.127000 0.010000 0.020300 0.039700 0.010000 0.010000 0.060800 0.010100 0.020100 0.030500 0.029800 0.020600 0.040600 0.051400 0.030300 0.030700 0.010000 0.010000 0.010100 0.051500 0.030900 0.010100 0.010100 0.020200 0.010000 0.020500 0.010000 0.060800 0.029800 0.052100 0.020200 0.010100 0.041000 0.030400 0.010000 0.020400 0.061800 0.051500 0.020500 0.060800 0.041100 0.051700 0.052400 0.030200 0.000000 0.040700 0.030600 0.010000 0.020200
Klipspring 0.061500 0.231500 0.050500 0.172200 0.050700 0.061500 0.080200 0.050500 0.050500 0.102600 0.051300 0.050700 0.072000 0.070300 0.060700 0.082200 0.094000 0.071900 0.072400 0.050500 0.050700 0.050900 0.093800 0.072900 0.051300 0.051100 0.061400 0.050500 0.062200 0.050500 0.102600 0.070300 0.095400 0.061200 0.050600 0.072200 0.071300 0.050700 0.061800 0.104200 0.093800 0.062200 0.102600 0.083200 0.083800 0.095500 0.071200 0.040700 0.000000 0.072300 0.050500 0.061200
ForestMusk 0.051300 0.197600 0.019600 0.116300 0.039600 0.051300 0.070400 0.040500 0.019700 0.050300 0.041100 0.030200 0.040900 0.060400 0.052100 0.072100 0.041000 0.020100 0.062200 0.020000 0.040700 0.041100 0.040400 0.040400 0.041100 0.041000 0.030500 0.020000 0.052000 0.019700 0.050300 0.060400 0.063200 0.029500 0.041100 0.051300 0.061700 0.040700 0.051600 0.051000 0.040800 0.051900 0.050300 0.051600 0.040700 0.085000 0.061200 0.030600 0.072300 0.000000 0.019600 0.009900
Bushbuck 0.029100 0.218700 0.000000 0.137000 0.019400 0.030100 0.049200 0.019400 0.000000 0.049600 0.019800 0.009700 0.040300 0.039400 0.030500 0.050300 0.040400 0.019900 0.040500 0.000000 0.019900 0.019800 0.040300 0.040800 0.020100 0.020000 0.029700 0.000000 0.030500 0.000000 0.049600 0.039400 0.062300 0.030000 0.020100 0.030100 0.040200 0.019400 0.029300 0.050400 0.040300 0.030400 0.048600 0.050900 0.040500 0.062300 0.039900 0.010000 0.050500 0.019600 0.000000 0.009900
GreaterKud 0.039400 0.207800 0.009700 0.126500 0.030100 0.040600 0.059600 0.029500 0.009700 0.060100 0.030400 0.019900 0.030300 0.049700 0.041100 0.061200 0.051100 0.030100 0.051100 0.009700 0.030100 0.030400 0.050900 0.051600 0.030400 0.030300 0.020100 0.009900 0.041000 0.009700 0.060100 0.049700 0.073400 0.019600 0.030400 0.040500 0.049700 0.029900 0.040800 0.061100 0.050900 0.041000 0.060100 0.061700 0.030400 0.073500 0.050300 0.020200 0.061200 0.009900 0.009900 0.000000
