1
52 1
Argali 0.000000 0.295800 0.052200 0.154600 0.024700 0.000000 0.065300 0.039000 0.032100 0.093100 0.012300 0.032200 0.025600 0.051800 0.052200 0.032100 0.051700 0.038700 0.019100 0.038800 0.038800 0.025200 0.107600 0.114000 0.012700 0.032100 0.032200 0.032200 0.036500 0.045500 0.086100 0.065300 0.094600 0.032200 0.030800 0.038900 0.012700 0.025600 0.058700 0.121700 0.121900 0.036700 0.093100 0.328600 0.045600 0.079800 0.045500 0.065900 0.045500 0.059100 0.038800 0.032200
LesserMous 0.295800 0.000000 0.296000 0.288400 0.279300 0.295800 0.279300 0.297300 0.270300 0.314100 0.279300 0.270600 0.297200 0.279000 0.297000 0.287300 0.278500 0.279000 0.287700 0.278700 0.296700 0.296700 0.325500 0.322200 0.279300 0.296100 0.306500 0.270500 0.297500 0.287000 0.305200 0.278900 0.325500 0.306500 0.288300 0.279300 0.279300 0.279300 0.314600 0.349900 0.343900 0.278400 0.314100 0.541300 0.288200 0.272900 0.305200 0.290100 0.269600 0.279100 0.279000 0.270500
LesserKudu 0.052200 0.296000 0.000000 0.155700 0.039000 0.052200 0.079400 0.052700 0.045500 0.093600 0.038900 0.031300 0.052400 0.065600 0.052400 0.045500 0.052000 0.039000 0.045500 0.025800 0.052200 0.052400 0.108100 0.107300 0.038900 0.052300 0.059200 0.019300 0.052500 0.032500 0.086600 0.079500 0.095200 0.059200 0.059100 0.039100 0.038900 0.039000 0.072700 0.115100 0.122500 0.038900 0.093600 0.312500 0.045900 0.080200 0.045800 0.066200 0.059200 0.059500 0.025800 0.018900
KillerWhal 0.154600 0.288400 0.155700 0.000000 0.139900 0.154600 0.169900 0.155700 0.146500 0.185200 0.139500 0.132500 0.155200 0.154000 0.155900 0.147000 0.153800 0.124400 0.147100 0.140100 0.140100 0.155100 0.201700 0.209300 0.139500 0.154900 0.163000 0.132600 0.155800 0.148000 0.177300 0.169900 0.149100 0.163000 0.162800 0.140400 0.139500 0.139900 0.178300 0.201700 0.201800 0.139400 0.185200 0.406500 0.148300 0.171800 0.163900 0.163700 0.147100 0.125500 0.140000 0.132600
DefassaWat 0.024700 0.279300 0.039000 0.139900 0.000000 0.025600 0.052100 0.025900 0.019200 0.079500 0.012800 0.019300 0.024600 0.038700 0.039000 0.019200 0.038600 0.025200 0.019200 0.025800 0.024400 0.025700 0.093700 0.100100 0.012400 0.024900 0.032300 0.019300 0.025800 0.031500 0.072600 0.052100 0.080800 0.031600 0.019200 0.025800 0.012800 0.000000 0.045500 0.107700 0.107900 0.025700 0.079500 0.302200 0.032400 0.066200 0.032400 0.052500 0.032400 0.032500 0.025800 0.019300
Sheep 0.000000 0.295800 0.052200 0.154600 0.025600 0.000000 0.065300 0.039000 0.032100 0.093100 0.012700 0.031200 0.025600 0.051400 0.052200 0.032100 0.051700 0.038700 0.019100 0.038800 0.038800 0.025600 0.107600 0.114000 0.012400 0.032100 0.032200 0.032200 0.038900 0.045500 0.086100 0.065300 0.094600 0.032200 0.032100 0.038900 0.012400 0.025600 0.058700 0.121700 0.121900 0.038600 0.093100 0.328600 0.043100 0.079800 0.045500 0.065900 0.045500 0.059100 0.038800 0.032200
MaxwellsDu 0.065300 0.279300 0.079400 0.169900 0.052100 0.065300 0.000000 0.066000 0.058700 0.107300 0.052000 0.058900 0.065600 0.038600 0.065700 0.058600 0.078800 0.052100 0.058700 0.065600 0.065600 0.065600 0.122100 0.128400 0.052000 0.065400 0.072500 0.058900 0.065800 0.072600 0.100200 0.065400 0.108900 0.072500 0.072400 0.065700 0.049000 0.052100 0.072300 0.136300 0.122100 0.065400 0.107300 0.346800 0.072700 0.073000 0.072800 0.072800 0.072600 0.072800 0.065600 0.058900
GazellaPrz 0.039000 0.297300 0.052700 0.155700 0.025900 0.039000 0.066000 0.000000 0.032300 0.093700 0.025800 0.032500 0.039100 0.052300 0.052800 0.019300 0.052200 0.039100 0.032400 0.026000 0.026000 0.039100 0.108200 0.114500 0.025800 0.025900 0.045800 0.032500 0.026000 0.032600 0.086700 0.066000 0.095600 0.045800 0.045800 0.039200 0.025800 0.025900 0.045800 0.122500 0.122700 0.025800 0.093700 0.330900 0.046000 0.080600 0.032700 0.059600 0.045600 0.059700 0.039200 0.032500
MountainNy 0.032100 0.270300 0.045500 0.146500 0.019200 0.032100 0.058700 0.032300 0.000000 0.086000 0.019200 0.025700 0.032200 0.045200 0.045600 0.012700 0.045200 0.032200 0.025600 0.032200 0.032300 0.032200 0.100300 0.106500 0.019200 0.032200 0.038800 0.025700 0.032300 0.038900 0.079100 0.058700 0.087500 0.038800 0.038800 0.032300 0.019200 0.019200 0.052100 0.114200 0.114600 0.032100 0.086000 0.318400 0.038900 0.072900 0.038900 0.059200 0.038800 0.052400 0.032200 0.025700
MuntiacusM 0.093100 0.314100 0.093600 0.185200 0.079500 0.093100 0.107300 0.093700 0.086000 0.000000 0.079400 0.072600 0.093500 0.093000 0.108000 0.086200 0.092800 0.079400 0.086300 0.079500 0.093600 0.093400 0.025500 0.031900 0.079400 0.093300 0.100600 0.072700 0.093800 0.086600 0.006300 0.107300 0.138700 0.100600 0.100500 0.079700 0.079400 0.079500 0.114700 0.038400 0.051700 0.079200 0.000000 0.229700 0.086800 0.122900 0.100800 0.108300 0.093400 0.101000 0.079500 0.072700
goat 0.012300 0.279300 0.038900 0.139500 0.012800 0.012700 0.052000 0.025800 0.019200 0.079400 0.000000 0.019200 0.012700 0.038600 0.038900 0.019100 0.038600 0.024700 0.006300 0.025000 0.025400 0.012700 0.093600 0.099900 0.000000 0.025600 0.019200 0.019200 0.025800 0.032300 0.072500 0.052000 0.080600 0.019200 0.019200 0.025800 0.000000 0.012400 0.045400 0.107500 0.107800 0.025600 0.079400 0.310700 0.032400 0.065700 0.032300 0.052400 0.032300 0.045700 0.025700 0.019200
AfricanBuf 0.032200 0.270600 0.031300 0.132500 0.019300 0.031200 0.058900 0.032500 0.025700 0.072600 0.019200 0.000000 0.032300 0.042800 0.045800 0.025700 0.032100 0.018600 0.025000 0.019300 0.032400 0.032300 0.086700 0.093100 0.019200 0.032300 0.039000 0.012400 0.032400 0.025100 0.065800 0.058900 0.059600 0.039000 0.038900 0.006200 0.019200 0.018800 0.052200 0.100700 0.100800 0.018700 0.072600 0.302600 0.012400 0.066300 0.039100 0.052600 0.039000 0.039200 0.018700 0.012500
Topi 0.025600 0.297200 0.052400 0.155200 0.024600 0.025600 0.065600 0.039100 0.032200 0.093500 0.012700 0.032300 0.000000 0.052000 0.052400 0.032200 0.051900 0.038900 0.019200 0.038900 0.038900 0.025700 0.108000 0.114400 0.012700 0.038800 0.006200 0.032300 0.039000 0.045700 0.086500 0.065600 0.087800 0.006200 0.018600 0.025800 0.012700 0.025700 0.045500 0.122200 0.108000 0.038800 0.093500 0.329900 0.032400 0.080100 0.032400 0.066100 0.045700 0.059300 0.038900 0.032300
CommonDuik 0.051800 0.279000 0.065600 0.154000 0.038700 0.051400 0.038600 0.052300 0.045200 0.093000 0.038600 0.042800 0.052000 0.000000 0.065600 0.045200 0.065100 0.038700 0.043600 0.052000 0.052000 0.052000 0.107500 0.113800 0.038600 0.051900 0.058600 0.045400 0.052100 0.058800 0.086000 0.038600 0.108700 0.058700 0.058700 0.052100 0.038600 0.038700 0.058700 0.121500 0.107500 0.048800 0.093000 0.327700 0.058900 0.086600 0.058900 0.072700 0.058900 0.072600 0.052000 0.045400
Suni 0.052200 0.297000 0.052400 0.155900 0.039000 0.052200 0.065700 0.052800 0.045600 0.108000 0.038900 0.045800 0.052400 0.065600 0.000000 0.045600 0.065600 0.052400 0.032400 0.052500 0.052500 0.052400 0.122800 0.122000 0.038900 0.052300 0.059200 0.045800 0.052600 0.059400 0.100800 0.079600 0.095300 0.059200 0.059200 0.052600 0.038900 0.039000 0.072800 0.129900 0.137500 0.052300 0.108000 0.341100 0.059500 0.080300 0.059500 0.059400 0.059300 0.059600 0.052500 0.045800
Springbuck 0.032100 0.287300 0.045500 0.147000 0.019200 0.032100 0.058600 0.019300 0.012700 0.086200 0.019100 0.025700 0.032200 0.045200 0.045600 0.000000 0.044000 0.032200 0.025600 0.019200 0.018400 0.032200 0.100500 0.106900 0.018500 0.019200 0.038800 0.025700 0.019300 0.025800 0.079200 0.058600 0.087500 0.038800 0.038800 0.032300 0.018600 0.019200 0.038800 0.114600 0.114800 0.019200 0.086200 0.319600 0.038900 0.072900 0.025800 0.059100 0.038900 0.052400 0.032200 0.025700
Okapi 0.051700 0.278500 0.052000 0.153800 0.038600 0.051700 0.078800 0.052200 0.045200 0.092800 0.038600 0.032100 0.051900 0.065100 0.065600 0.044000 0.000000 0.037400 0.045200 0.036800 0.052000 0.051900 0.107300 0.113600 0.038600 0.051800 0.058600 0.032100 0.038800 0.045300 0.085900 0.078800 0.094200 0.058600 0.058600 0.038700 0.038600 0.038600 0.072200 0.121200 0.121600 0.037900 0.092800 0.326800 0.045000 0.086400 0.058800 0.072500 0.058800 0.054900 0.038700 0.031400
Giraffe 0.038700 0.279000 0.039000 0.124400 0.025200 0.038700 0.052100 0.039100 0.032200 0.079400 0.024700 0.018600 0.038900 0.038700 0.052400 0.032200 0.037400 0.000000 0.032200 0.025800 0.038600 0.038900 0.093700 0.100000 0.025700 0.038800 0.045600 0.019300 0.039000 0.032400 0.072500 0.052100 0.080700 0.045600 0.045500 0.025800 0.025700 0.024900 0.058900 0.107700 0.107800 0.025700 0.079400 0.311200 0.032400 0.073100 0.045700 0.059300 0.045600 0.045800 0.025800 0.018800
TibetanAnt 0.019100 0.287700 0.045500 0.147100 0.019200 0.019100 0.058700 0.032400 0.025600 0.086300 0.006300 0.025000 0.019200 0.043600 0.032400 0.025600 0.045200 0.032200 0.000000 0.032300 0.032300 0.018700 0.100600 0.107000 0.006300 0.032200 0.025700 0.025700 0.032300 0.038900 0.079300 0.058700 0.087600 0.025700 0.024900 0.032000 0.006200 0.018700 0.052100 0.114600 0.114900 0.032100 0.086300 0.319900 0.039000 0.072900 0.038900 0.059200 0.038900 0.052400 0.032200 0.025700
Sitatunga 0.038800 0.278700 0.025800 0.140100 0.025800 0.038800 0.065600 0.026000 0.032200 0.079500 0.025000 0.019300 0.038900 0.052000 0.052500 0.019200 0.036800 0.025800 0.032300 0.000000 0.024700 0.038900 0.093700 0.100100 0.024700 0.025800 0.045600 0.006400 0.025900 0.006300 0.072600 0.065700 0.080800 0.045600 0.045600 0.025300 0.025700 0.025800 0.045600 0.107800 0.107900 0.012400 0.079500 0.311700 0.032500 0.066200 0.018800 0.059300 0.045700 0.045900 0.012500 0.006200
Oribi 0.038800 0.296700 0.052200 0.140100 0.024400 0.038800 0.065600 0.026000 0.032300 0.093600 0.025400 0.032400 0.038900 0.052000 0.052500 0.018400 0.052000 0.038600 0.032300 0.024700 0.000000 0.038900 0.108100 0.114500 0.025700 0.025800 0.045600 0.032400 0.025900 0.032500 0.086500 0.065700 0.080800 0.045600 0.045600 0.039100 0.025700 0.025800 0.045600 0.122300 0.122500 0.025700 0.093600 0.330700 0.039100 0.080200 0.032500 0.066200 0.045700 0.059500 0.039000 0.032300
BarbaryShe 0.025200 0.296700 0.052400 0.155100 0.025700 0.025600 0.065600 0.039100 0.032200 0.093400 0.012700 0.032300 0.025700 0.052000 0.052400 0.032200 0.051900 0.038900 0.018700 0.038900 0.038900 0.000000 0.100800 0.114400 0.012700 0.038800 0.032300 0.032300 0.039000 0.045700 0.086400 0.065600 0.094900 0.032300 0.032300 0.039000 0.012400 0.025700 0.058900 0.122100 0.115000 0.038800 0.093400 0.329400 0.045700 0.080100 0.045700 0.066100 0.045700 0.059300 0.038900 0.032300
Daviddeer 0.107600 0.325500 0.108100 0.201700 0.093700 0.107600 0.122100 0.108200 0.100300 0.025500 0.093600 0.086700 0.108000 0.107500 0.122800 0.100500 0.107300 0.093700 0.100600 0.093700 0.108100 0.100800 0.000000 0.045100 0.093600 0.107800 0.115300 0.086700 0.108300 0.100900 0.019100 0.122100 0.154300 0.115300 0.115200 0.093900 0.093600 0.093700 0.129700 0.051800 0.025300 0.093400 0.025500 0.247100 0.101100 0.138100 0.115500 0.123200 0.108000 0.115600 0.093800 0.086700
Reindeer 0.114000 0.322200 0.107300 0.209300 0.100100 0.114000 0.128400 0.114500 0.106500 0.031900 0.099900 0.093100 0.114400 0.113800 0.122000 0.106900 0.113600 0.100000 0.107000 0.100100 0.114500 0.114400 0.045100 0.000000 0.099900 0.114200 0.121700 0.093100 0.114800 0.107400 0.025400 0.128500 0.161000 0.121700 0.121600 0.100300 0.099900 0.100100 0.136100 0.031900 0.071900 0.099800 0.031900 0.238200 0.107600 0.144600 0.122000 0.115000 0.114200 0.122200 0.100100 0.093100
Ibex 0.012700 0.279300 0.038900 0.139500 0.012400 0.012400 0.052000 0.025800 0.019200 0.079400 0.000000 0.019200 0.012700 0.038600 0.038900 0.018500 0.038600 0.025700 0.006300 0.024700 0.025700 0.012700 0.093600 0.099900 0.000000 0.025600 0.019200 0.019200 0.025800 0.032300 0.072500 0.052000 0.080600 0.019200 0.019200 0.025800 0.000000 0.012800 0.045400 0.107500 0.107800 0.024800 0.079400 0.310700 0.032400 0.066100 0.032300 0.052400 0.032300 0.045700 0.025700 0.019200
GyrantGaze 0.032100 0.296100 0.052300 0.154900 0.024900 0.032100 0.065400 0.025900 0.032200 0.093300 0.025600 0.032300 0.038800 0.051900 0.052300 0.019200 0.051800 0.038800 0.032200 0.025800 0.025800 0.038800 0.107800 0.114200 0.025600 0.000000 0.045500 0.032300 0.025800 0.032400 0.086300 0.065500 0.094800 0.045500 0.045400 0.038900 0.025600 0.025700 0.045500 0.121900 0.122200 0.012700 0.093300 0.329300 0.045700 0.079900 0.032400 0.066000 0.045600 0.059300 0.038900 0.032300
Hartebeest 0.032200 0.306500 0.059200 0.163000 0.032300 0.032200 0.072500 0.045800 0.038800 0.100600 0.019200 0.039000 0.006200 0.058600 0.059200 0.038800 0.058600 0.045600 0.025700 0.045600 0.045600 0.032300 0.115300 0.121700 0.019200 0.045500 0.000000 0.039000 0.045700 0.052400 0.093600 0.072500 0.094600 0.000000 0.025700 0.032400 0.019200 0.032300 0.052200 0.129600 0.115300 0.045400 0.100600 0.339500 0.037000 0.087200 0.038600 0.073100 0.052400 0.066200 0.045600 0.039000
Bongo 0.032200 0.270500 0.019300 0.132600 0.019300 0.032200 0.058900 0.032500 0.025700 0.072700 0.019200 0.012400 0.032300 0.045400 0.045800 0.025700 0.032100 0.019300 0.025700 0.006400 0.032400 0.032300 0.086700 0.093100 0.019200 0.032300 0.039000 0.000000 0.032500 0.012800 0.065800 0.058900 0.073800 0.039000 0.038900 0.018900 0.019200 0.019300 0.050800 0.100700 0.100800 0.019200 0.072700 0.302700 0.025900 0.059400 0.025900 0.052600 0.039000 0.039200 0.006200 0.000000
Gerenuk 0.036500 0.297500 0.052500 0.155800 0.025800 0.038900 0.065800 0.026000 0.032300 0.093800 0.025800 0.032400 0.039000 0.052100 0.052600 0.019300 0.038800 0.039000 0.032300 0.025900 0.025900 0.039000 0.108300 0.114800 0.025800 0.025800 0.045700 0.032500 0.000000 0.032500 0.086700 0.065800 0.095200 0.045700 0.045700 0.039100 0.025800 0.025800 0.045700 0.122500 0.122800 0.025800 0.093800 0.331400 0.045900 0.080300 0.032600 0.066300 0.045800 0.059600 0.039100 0.032500
CommonElan 0.045500 0.287000 0.032500 0.148000 0.031500 0.045500 0.072600 0.032600 0.038900 0.086600 0.032300 0.025100 0.045700 0.058800 0.059400 0.025800 0.045300 0.032400 0.038900 0.006300 0.032500 0.045700 0.100900 0.107400 0.032300 0.032400 0.052400 0.012800 0.032500 0.000000 0.079600 0.072600 0.088100 0.052400 0.052300 0.031400 0.032300 0.032400 0.052400 0.115100 0.115200 0.018600 0.086600 0.321100 0.039200 0.073300 0.026000 0.066300 0.052500 0.052700 0.019300 0.012800
MuntiacusR 0.086100 0.305200 0.086600 0.177300 0.072600 0.086100 0.100200 0.086700 0.079100 0.006300 0.072500 0.065800 0.086500 0.086000 0.100800 0.079200 0.085900 0.072500 0.079300 0.072600 0.086500 0.086400 0.019100 0.025400 0.072500 0.086300 0.093600 0.065800 0.086700 0.079600 0.000000 0.100200 0.131200 0.093600 0.093500 0.072700 0.072500 0.072600 0.107500 0.031900 0.045100 0.072300 0.006200 0.221400 0.079800 0.115600 0.093700 0.101100 0.086400 0.093900 0.072600 0.065800
HarveysDui 0.065300 0.278900 0.079500 0.169900 0.052100 0.065300 0.065400 0.066000 0.058700 0.107300 0.052000 0.058900 0.065600 0.038600 0.079600 0.058600 0.078800 0.052100 0.058700 0.065700 0.065700 0.065600 0.122100 0.128500 0.052000 0.065500 0.072500 0.058900 0.065800 0.072600 0.100200 0.000000 0.123600 0.072500 0.072400 0.065800 0.052000 0.052100 0.086100 0.136300 0.136700 0.065400 0.107300 0.347600 0.072700 0.101000 0.072700 0.086700 0.058900 0.086700 0.065600 0.058900
Pronghorn 0.094600 0.325500 0.095200 0.149100 0.080800 0.094600 0.108900 0.095600 0.087500 0.138700 0.080600 0.059600 0.087800 0.108700 0.095300 0.087500 0.094200 0.080700 0.087600 0.080800 0.080800 0.094900 0.154300 0.161000 0.080600 0.094800 0.094600 0.073800 0.095200 0.088100 0.131200 0.123600 0.000000 0.095000 0.094800 0.066600 0.080600 0.080800 0.116500 0.169500 0.169600 0.080500 0.138700 0.335600 0.073600 0.110200 0.102600 0.102600 0.102400 0.088400 0.080800 0.073800
BlueWildeb 0.032200 0.306500 0.059200 0.163000 0.031600 0.032200 0.072500 0.045800 0.038800 0.100600 0.019200 0.039000 0.006200 0.058700 0.059200 0.038800 0.058600 0.045600 0.025700 0.045600 0.045600 0.032300 0.115300 0.121700 0.019200 0.045500 0.000000 0.039000 0.045700 0.052400 0.093600 0.072500 0.095000 0.000000 0.025700 0.032400 0.019200 0.032300 0.051500 0.129600 0.115300 0.045400 0.100600 0.339500 0.038100 0.087200 0.039100 0.073100 0.052400 0.066200 0.043100 0.039000
Gemsbok 0.030800 0.288300 0.059100 0.162800 0.019200 0.032100 0.072400 0.045800 0.038800 0.100500 0.019200 0.038900 0.018600 0.058700 0.059200 0.038800 0.058600 0.045500 0.024900 0.045600 0.045600 0.032300 0.115200 0.121600 0.019200 0.045400 0.025700 0.038900 0.045700 0.052300 0.093500 0.072400 0.094800 0.025700 0.000000 0.045600 0.018700 0.019200 0.065700 0.129500 0.129800 0.045400 0.100500 0.329500 0.052400 0.087100 0.052400 0.073000 0.052400 0.052400 0.045600 0.038900
Yak 0.038900 0.279300 0.039100 0.140400 0.025800 0.038900 0.065700 0.039200 0.032300 0.079700 0.025800 0.006200 0.025800 0.052100 0.052600 0.032300 0.038700 0.025800 0.032000 0.025300 0.039100 0.039000 0.093900 0.100300 0.025800 0.038900 0.032400 0.018900 0.039100 0.031400 0.072700 0.065800 0.066600 0.032400 0.045600 0.000000 0.025800 0.025800 0.045600 0.108000 0.093800 0.025000 0.079700 0.312400 0.006200 0.073400 0.032500 0.059400 0.045800 0.046000 0.025800 0.019300
BlueSheep 0.012700 0.279300 0.038900 0.139500 0.012800 0.012400 0.049000 0.025800 0.019200 0.079400 0.000000 0.019200 0.012700 0.038600 0.038900 0.018600 0.038600 0.025700 0.006200 0.025700 0.025700 0.012400 0.093600 0.099900 0.000000 0.025600 0.019200 0.019200 0.025800 0.032300 0.072500 0.052000 0.080600 0.019200 0.018700 0.025800 0.000000 0.012400 0.045400 0.107500 0.107800 0.025600 0.079400 0.310700 0.032400 0.066100 0.032300 0.052400 0.032300 0.043000 0.025700 0.019200
BohorReedb 0.025600 0.279300 0.039000 0.139900 0.000000 0.025600 0.052100 0.025900 0.019200 0.079500 0.012400 0.018800 0.025700 0.038700 0.039000 0.019200 0.038600 0.024900 0.018700 0.025800 0.025800 0.025700 0.093700 0.100100 0.012800 0.025700 0.032300 0.019300 0.025800 0.032400 0.072600 0.052100 0.080800 0.032300 0.019200 0.025800 0.012400 0.000000 0.045500 0.107700 0.107900 0.025700 0.079500 0.302200 0.032400 0.066200 0.032400 0.052500 0.032400 0.032500 0.025800 0.018700
KirksDik 0.058700 0.314600 0.072700 0.178300 0.045500 0.058700 0.072300 0.045800 0.052100 0.114700 0.045400 0.052200 0.045500 0.058700 0.072800 0.038800 0.072200 0.058900 0.052100 0.045600 0.045600 0.058900 0.129700 0.136100 0.045400 0.045500 0.052200 0.050800 0.045700 0.052400 0.107500 0.086100 0.116500 0.051500 0.065700 0.045600 0.045400 0.045500 0.000000 0.144000 0.115100 0.044000 0.114700 0.357700 0.052400 0.101100 0.039000 0.078700 0.065900 0.079900 0.059000 0.052300
RoeDeer 0.121700 0.349900 0.115100 0.201700 0.107700 0.121700 0.136300 0.122500 0.114200 0.038400 0.107500 0.100700 0.122200 0.121500 0.129900 0.114600 0.121200 0.107700 0.114600 0.107800 0.122300 0.122100 0.051800 0.031900 0.107500 0.121900 0.129600 0.100700 0.122500 0.115100 0.031900 0.136300 0.169500 0.129600 0.129500 0.108000 0.107500 0.107700 0.144000 0.000000 0.065200 0.107400 0.038400 0.246800 0.115400 0.152900 0.129900 0.122800 0.122100 0.130200 0.107800 0.100700
WhiteLippe 0.121900 0.343900 0.122500 0.201800 0.107900 0.121900 0.122100 0.122700 0.114600 0.051700 0.107800 0.100800 0.108000 0.107500 0.137500 0.114800 0.121600 0.107800 0.114900 0.107900 0.122500 0.115000 0.025300 0.071900 0.107800 0.122200 0.115300 0.100800 0.122800 0.115200 0.045100 0.136700 0.169600 0.115300 0.129800 0.093800 0.107800 0.107900 0.115100 0.065200 0.000000 0.107600 0.051700 0.280800 0.101100 0.153100 0.115400 0.137900 0.122400 0.130200 0.108000 0.100800
ThomsonGaz 0.036700 0.278400 0.038900 0.139400 0.025700 0.038600 0.065400 0.025800 0.032100 0.079200 0.025600 0.018700 0.038800 0.048800 0.052300 0.019200 0.037900 0.025700 0.032100 0.012400 0.025700 0.038800 0.093400 0.099800 0.024800 0.012700 0.045400 0.019200 0.025800 0.018600 0.072300 0.065400 0.080500 0.045400 0.045400 0.025000 0.025600 0.025700 0.044000 0.107400 0.107600 0.000000 0.079200 0.310400 0.032300 0.072900 0.032400 0.059100 0.045500 0.045700 0.025700 0.019200
MuntiacusC 0.093100 0.314100 0.093600 0.185200 0.079500 0.093100 0.107300 0.093700 0.086000 0.000000 0.079400 0.072600 0.093500 0.093000 0.108000 0.086200 0.092800 0.079400 0.086300 0.079500 0.093600 0.093400 0.025500 0.031900 0.079400 0.093300 0.100600 0.072700 0.093800 0.086600 0.006200 0.107300 0.138700 0.100600 0.100500 0.079700 0.079400 0.079500 0.114700 0.038400 0.051700 0.079200 0.000000 0.229700 0.086800 0.122900 0.100800 0.108300 0.093400 0.101000 0.079500 0.072700
WhiteTaile 0.328600 0.541300 0.312500 0.406500 0.302200 0.328600 0.346800 0.330900 0.318400 0.229700 0.310700 0.302600 0.329900 0.327700 0.341100 0.319600 0.326800 0.311200 0.319900 0.311700 0.330700 0.329400 0.247100 0.238200 0.310700 0.329300 0.339500 0.302700 0.331400 0.321100 0.221400 0.347600 0.335600 0.339500 0.329500 0.312400 0.310700 0.302200 0.357700 0.246800 0.280800 0.310400 0.229700 0.000000 0.322200 0.351900 0.340700 0.351100 0.311400 0.313500 0.311500 0.302700
Cattle 0.045600 0.288200 0.045900 0.148300 0.032400 0.043100 0.072700 0.046000 0.038900 0.086800 0.032400 0.012400 0.032400 0.058900 0.059500 0.038900 0.045000 0.032400 0.039000 0.032500 0.039100 0.045700 0.101100 0.107600 0.032400 0.045700 0.037000 0.025900 0.045900 0.039200 0.079800 0.072700 0.073600 0.038100 0.052400 0.006200 0.032400 0.032400 0.052400 0.115400 0.101100 0.032300 0.086800 0.322200 0.000000 0.080500 0.039300 0.066400 0.052600 0.052800 0.032500 0.025900
RoyalAntel 0.079800 0.272900 0.080200 0.171800 0.066200 0.079800 0.073000 0.080600 0.072900 0.122900 0.065700 0.066300 0.080100 0.086600 0.080300 0.072900 0.086400 0.073100 0.072900 0.066200 0.080200 0.080100 0.138100 0.144600 0.066100 0.079900 0.087200 0.059400 0.080300 0.073300 0.115600 0.101000 0.110200 0.087200 0.087100 0.073400 0.066100 0.066200 0.101100 0.152900 0.153100 0.072900 0.122900 0.351900 0.080500 0.000000 0.080400 0.072800 0.087300 0.080500 0.066300 0.059400
Steenbok 0.045500 0.305200 0.045800 0.163900 0.032400 0.045500 0.072800 0.032700 0.038900 0.100800 0.032300 0.039100 0.032400 0.058900 0.059500 0.025800 0.058800 0.045700 0.038900 0.018800 0.032500 0.045700 0.115500 0.122000 0.032300 0.032400 0.038600 0.025900 0.032600 0.026000 0.093700 0.072700 0.102600 0.039100 0.052400 0.032500 0.032300 0.032400 0.039000 0.129900 0.115400 0.032400 0.100800 0.340700 0.039300 0.080400 0.000000 0.073300 0.052500 0.066500 0.032400 0.025900
Impala 0.065900 0.290100 0.066200 0.163700 0.052500 0.065900 0.072800 0.059600 0.059200 0.108300 0.052400 0.052600 0.066100 0.072700 0.059400 0.059100 0.072500 0.059300 0.059200 0.059300 0.066200 0.066100 0.123200 0.115000 0.052400 0.066000 0.073100 0.052600 0.066300 0.066300 0.101100 0.086700 0.102600 0.073100 0.073000 0.059400 0.052400 0.052500 0.078700 0.122800 0.137900 0.059100 0.108300 0.351100 0.066400 0.072800 0.073300 0.000000 0.073200 0.066500 0.059300 0.052600
Klipspring 0.045500 0.269600 0.059200 0.147100 0.032400 0.045500 0.072600 0.045600 0.038800 0.093400 0.032300 0.039000 0.045700 0.058900 0.059300 0.038900 0.058800 0.045600 0.038900 0.045700 0.045700 0.045700 0.108000 0.114200 0.032300 0.045600 0.052400 0.039000 0.045800 0.052500 0.086400 0.058900 0.102400 0.052400 0.052400 0.045800 0.032300 0.032400 0.065900 0.122100 0.122400 0.045500 0.093400 0.311400 0.052600 0.087300 0.052500 0.073200 0.000000 0.066300 0.045700 0.039000
ForestMusk 0.059100 0.279100 0.059500 0.125500 0.032500 0.059100 0.072800 0.059700 0.052400 0.101000 0.045700 0.039200 0.059300 0.072600 0.059600 0.052400 0.054900 0.045800 0.052400 0.045900 0.059500 0.059300 0.115600 0.122200 0.045700 0.059300 0.066200 0.039200 0.059600 0.052700 0.093900 0.086700 0.088400 0.066200 0.052400 0.046000 0.043000 0.032500 0.079900 0.130200 0.130200 0.045700 0.101000 0.313500 0.052800 0.080500 0.066500 0.066500 0.066300 0.000000 0.045900 0.039200
Bushbuck 0.038800 0.279000 0.025800 0.140000 0.025800 0.038800 0.065600 0.039200 0.032200 0.079500 0.025700 0.018700 0.038900 0.052000 0.052500 0.032200 0.038700 0.025800 0.032200 0.012500 0.039000 0.038900 0.093800 0.100100 0.025700 0.038900 0.045600 0.006200 0.039100 0.019300 0.072600 0.065600 0.080800 0.043100 0.045600 0.025800 0.025700 0.025800 0.059000 0.107800 0.108000 0.025700 0.079500 0.311500 0.032500 0.066300 0.032400 0.059300 0.045700 0.045900 0.000000 0.006200
GreaterKud 0.032200 0.270500 0.018900 0.132600 0.019300 0.032200 0.058900 0.032500 0.025700 0.072700 0.019200 0.012500 0.032300 0.045400 0.045800 0.025700 0.031400 0.018800 0.025700 0.006200 0.032300 0.032300 0.086700 0.093100 0.019200 0.032300 0.039000 0.000000 0.032500 0.012800 0.065800 0.058900 0.073800 0.039000 0.038900 0.019300 0.019200 0.018700 0.052300 0.100700 0.100800 0.019200 0.072700 0.302700 0.025900 0.059400 0.025900 0.052600 0.039000 0.039200 0.006200 0.000000
