CODONML (in paml version 4.10.7, June 2023)  /home/rachel/ruminants_paml/6406-phy-tree/ENSBTAT00000025026.fasta.phy
Model: free dN/dS Ratios for branches,  kappa = 2.000 fixed

Codon frequency model: F3x4
ns =  54  ls =  21

Codon usage in sequences
--------------------------------------------------------------------------------------------------------------------------------------
Phe TTT   2   2   2   2   2   2 | Ser TCT   0   0   0   0   0   0 | Tyr TAT   0   0   0   0   0   0 | Cys TGT   0   0   0   0   0   0
    TTC   0   0   0   0   0   0 |     TCC   0   0   0   0   0   0 |     TAC   0   0   0   0   0   0 |     TGC   0   0   0   0   0   0
Leu TTA   0   0   0   0   0   0 |     TCA   0   0   0   0   0   0 | *** TAA   0   0   0   0   0   0 | *** TGA   0   0   0   0   0   0
    TTG   1   1   1   1   0   1 |     TCG   0   0   0   0   0   0 |     TAG   0   0   0   0   0   0 | Trp TGG   0   0   0   0   0   0
--------------------------------------------------------------------------------------------------------------------------------------
Leu CTT   0   0   0   0   0   0 | Pro CCT   1   1   1   1   0   1 | His CAT   0   0   0   0   0   0 | Arg CGT   1   1   1   1   1   1
    CTC   1   1   1   1   1   1 |     CCC   1   1   1   1   1   1 |     CAC   0   0   0   0   0   0 |     CGC   0   0   0   0   0   0
    CTA   0   0   0   0   0   0 |     CCA   1   1   1   1   1   1 | Gln CAA   1   0   1   1   0   0 |     CGA   0   0   0   0   0   0
    CTG   0   0   0   0   1   0 |     CCG   0   0   0   0   1   0 |     CAG   0   1   0   0   1   1 |     CGG   0   0   0   0   0   0
--------------------------------------------------------------------------------------------------------------------------------------
Ile ATT   0   0   0   0   0   0 | Thr ACT   0   0   0   0   0   0 | Asn AAT   0   0   0   0   0   0 | Ser AGT   0   0   0   0   0   0
    ATC   0   0   0   0   0   0 |     ACC   0   0   0   0   0   0 |     AAC   0   0   0   0   0   0 |     AGC   0   0   0   0   0   0
    ATA   1   1   1   1   1   1 |     ACA   0   0   0   0   0   0 | Lys AAA   0   0   0   0   1   1 | Arg AGA   1   1   1   1   1   1
Met ATG   0   0   0   0   0   0 |     ACG   0   0   0   0   0   0 |     AAG   1   1   1   1   0   0 |     AGG   0   0   0   0   0   0
--------------------------------------------------------------------------------------------------------------------------------------
Val GTT   1   1   1   1   2   1 | Ala GCT   0   0   0   0   0   0 | Asp GAT   2   2   2   2   2   2 | Gly GGT   0   0   0   0   0   0
    GTC   1   1   1   1   0   1 |     GCC   0   0   0   0   0   0 |     GAC   0   0   0   0   0   0 |     GGC   1   0   1   0   0   0
    GTA   1   1   1   1   1   1 |     GCA   1   1   1   1   1   0 | Glu GAA   0   0   0   0   0   0 |     GGA   1   2   1   2   2   2
    GTG   0   0   0   0   0   0 |     GCG   0   0   0   0   0   1 |     GAG   0   0   0   0   0   0 |     GGG   1   1   1   1   1   1
--------------------------------------------------------------------------------------------------------------------------------------

--------------------------------------------------------------------------------------------------------------------------------------
Phe TTT   2   2   2   2   2   2 | Ser TCT   0   0   0   0   0   0 | Tyr TAT   0   0   0   0   0   0 | Cys TGT   0   0   0   0   0   0
    TTC   0   0   0   0   0   0 |     TCC   0   0   0   0   0   0 |     TAC   0   0   0   0   0   0 |     TGC   0   0   0   0   0   0
Leu TTA   0   0   0   0   0   0 |     TCA   0   0   0   0   0   0 | *** TAA   0   0   0   0   0   0 | *** TGA   0   0   0   0   0   0
    TTG   1   1   1   1   1   1 |     TCG   0   0   0   0   0   0 |     TAG   0   0   0   0   0   0 | Trp TGG   0   0   0   0   0   0
--------------------------------------------------------------------------------------------------------------------------------------
Leu CTT   0   0   0   0   1   0 | Pro CCT   1   1   1   1   2   1 | His CAT   0   0   0   0   0   0 | Arg CGT   1   1   1   1   1   1
    CTC   1   1   1   1   0   1 |     CCC   1   1   1   1   0   1 |     CAC   0   0   0   0   0   0 |     CGC   0   0   0   0   0   0
    CTA   0   0   0   0   0   0 |     CCA   1   1   1   1   1   1 | Gln CAA   1   1   1   1   1   1 |     CGA   0   0   0   0   0   0
    CTG   0   0   0   0   0   0 |     CCG   0   0   0   0   0   0 |     CAG   0   0   0   0   0   0 |     CGG   0   0   0   0   0   0
--------------------------------------------------------------------------------------------------------------------------------------
Ile ATT   0   0   0   0   0   0 | Thr ACT   0   0   0   0   0   0 | Asn AAT   0   0   0   0   0   0 | Ser AGT   0   0   0   0   0   0
    ATC   0   0   0   0   0   0 |     ACC   0   0   0   0   0   0 |     AAC   0   0   0   0   0   0 |     AGC   0   0   0   0   0   0
    ATA   1   1   1   1   1   1 |     ACA   0   0   0   0   0   0 | Lys AAA   0   0   0   0   0   1 | Arg AGA   1   1   1   1   1   1
Met ATG   0   0   0   0   0   0 |     ACG   0   0   0   0   0   0 |     AAG   1   1   1   1   1   0 |     AGG   0   0   0   0   0   0
--------------------------------------------------------------------------------------------------------------------------------------
Val GTT   1   1   1   1   1   1 | Ala GCT   0   0   0   0   0   0 | Asp GAT   2   2   2   2   2   2 | Gly GGT   0   0   0   0   0   0
    GTC   1   1   1   1   1   1 |     GCC   0   0   0   0   0   0 |     GAC   0   0   0   0   0   0 |     GGC   1   1   1   1   1   0
    GTA   1   1   1   1   1   1 |     GCA   1   1   1   1   1   1 | Glu GAA   0   0   0   0   0   0 |     GGA   1   1   1   1   1   2
    GTG   0   0   0   0   0   0 |     GCG   0   0   0   0   0   0 |     GAG   0   0   0   0   0   0 |     GGG   1   1   1   1   1   1
--------------------------------------------------------------------------------------------------------------------------------------

--------------------------------------------------------------------------------------------------------------------------------------
Phe TTT   2   2   2   2   2   2 | Ser TCT   0   0   0   0   0   0 | Tyr TAT   0   0   0   0   0   0 | Cys TGT   0   0   0   0   0   0
    TTC   0   0   0   0   0   0 |     TCC   0   0   0   0   0   0 |     TAC   0   0   0   0   0   0 |     TGC   0   0   0   0   0   0
Leu TTA   0   0   0   0   0   0 |     TCA   0   0   0   0   0   0 | *** TAA   0   0   0   0   0   0 | *** TGA   0   0   0   0   0   0
    TTG   1   1   1   1   1   1 |     TCG   0   0   0   0   0   0 |     TAG   0   0   0   0   0   0 | Trp TGG   0   0   0   0   0   0
--------------------------------------------------------------------------------------------------------------------------------------
Leu CTT   0   0   0   0   0   0 | Pro CCT   1   1   1   1   1   1 | His CAT   0   0   0   0   0   0 | Arg CGT   1   1   1   1   1   1
    CTC   1   1   1   1   1   1 |     CCC   1   1   1   1   1   1 |     CAC   0   0   0   0   0   0 |     CGC   0   0   0   0   0   0
    CTA   0   0   0   0   0   0 |     CCA   1   1   1   1   1   1 | Gln CAA   1   1   1   1   0   1 |     CGA   0   0   0   0   0   0
    CTG   0   0   0   0   0   0 |     CCG   0   0   0   0   0   0 |     CAG   0   0   0   0   1   0 |     CGG   0   0   0   0   0   0
--------------------------------------------------------------------------------------------------------------------------------------
Ile ATT   0   0   0   0   0   0 | Thr ACT   0   0   0   0   0   0 | Asn AAT   0   0   0   0   0   0 | Ser AGT   0   0   0   0   0   0
    ATC   0   0   0   0   0   0 |     ACC   0   0   0   0   0   0 |     AAC   0   0   0   0   0   0 |     AGC   0   0   0   0   0   0
    ATA   1   1   1   1   1   1 |     ACA   0   0   0   0   0   0 | Lys AAA   0   0   0   0   0   0 | Arg AGA   1   1   1   1   1   1
Met ATG   0   0   0   0   0   0 |     ACG   0   0   0   0   0   0 |     AAG   1   1   1   1   1   1 |     AGG   0   0   0   0   0   0
--------------------------------------------------------------------------------------------------------------------------------------
Val GTT   1   1   1   1   1   1 | Ala GCT   0   0   0   0   0   0 | Asp GAT   2   2   2   2   2   2 | Gly GGT   0   0   0   0   0   0
    GTC   1   1   1   1   1   1 |     GCC   0   0   0   0   0   0 |     GAC   0   0   0   0   0   0 |     GGC   1   1   1   1   1   1
    GTA   1   1   1   1   1   1 |     GCA   1   1   1   1   1   1 | Glu GAA   0   0   0   0   0   0 |     GGA   1   1   1   1   1   1
    GTG   0   0   0   0   0   0 |     GCG   0   0   0   0   0   0 |     GAG   0   0   0   0   0   0 |     GGG   1   1   1   1   1   1
--------------------------------------------------------------------------------------------------------------------------------------

--------------------------------------------------------------------------------------------------------------------------------------
Phe TTT   2   2   2   2   2   2 | Ser TCT   0   0   0   0   0   0 | Tyr TAT   0   0   0   0   0   0 | Cys TGT   0   0   0   0   0   0
    TTC   0   0   0   0   0   0 |     TCC   0   0   0   0   0   0 |     TAC   0   0   0   0   0   0 |     TGC   0   0   0   0   0   0
Leu TTA   0   0   0   0   0   0 |     TCA   0   0   0   0   0   0 | *** TAA   0   0   0   0   0   0 | *** TGA   0   0   0   0   0   0
    TTG   1   1   1   1   1   1 |     TCG   0   0   0   0   0   0 |     TAG   0   0   0   0   0   0 | Trp TGG   0   0   0   0   0   0
--------------------------------------------------------------------------------------------------------------------------------------
Leu CTT   0   0   0   0   0   0 | Pro CCT   1   1   1   1   1   1 | His CAT   0   0   0   0   0   0 | Arg CGT   1   1   1   1   1   1
    CTC   1   1   1   1   1   1 |     CCC   1   1   1   1   1   1 |     CAC   0   0   0   0   0   0 |     CGC   0   0   0   0   0   0
    CTA   0   0   0   0   0   0 |     CCA   1   1   1   1   1   1 | Gln CAA   1   1   1   1   1   1 |     CGA   0   0   0   0   0   0
    CTG   0   0   0   0   0   0 |     CCG   0   0   0   0   0   0 |     CAG   0   0   0   0   0   0 |     CGG   0   0   0   0   0   0
--------------------------------------------------------------------------------------------------------------------------------------
Ile ATT   0   0   0   0   0   0 | Thr ACT   0   0   0   0   0   0 | Asn AAT   0   0   0   0   0   0 | Ser AGT   0   0   0   0   0   0
    ATC   0   0   0   0   0   0 |     ACC   0   0   0   0   0   0 |     AAC   0   0   0   0   0   0 |     AGC   0   0   0   0   0   0
    ATA   1   1   1   1   1   1 |     ACA   0   0   0   0   0   0 | Lys AAA   0   0   0   0   0   0 | Arg AGA   1   1   1   1   1   1
Met ATG   0   0   0   0   0   0 |     ACG   0   0   0   0   0   0 |     AAG   1   1   1   1   1   1 |     AGG   0   0   0   0   0   0
--------------------------------------------------------------------------------------------------------------------------------------
Val GTT   1   1   1   1   1   1 | Ala GCT   0   0   0   0   0   0 | Asp GAT   2   2   2   2   2   2 | Gly GGT   0   0   0   0   0   0
    GTC   1   1   1   1   1   1 |     GCC   0   0   0   0   0   0 |     GAC   0   0   0   0   0   0 |     GGC   0   0   1   1   1   1
    GTA   1   1   1   1   1   1 |     GCA   1   1   1   1   1   1 | Glu GAA   0   0   0   0   0   0 |     GGA   2   2   1   1   1   1
    GTG   0   0   0   0   0   0 |     GCG   0   0   0   0   0   0 |     GAG   0   0   0   0   0   0 |     GGG   1   1   1   1   1   1
--------------------------------------------------------------------------------------------------------------------------------------

--------------------------------------------------------------------------------------------------------------------------------------
Phe TTT   2   2   2   2   2   2 | Ser TCT   0   0   0   0   0   0 | Tyr TAT   0   0   0   0   0   0 | Cys TGT   0   0   0   0   0   0
    TTC   0   0   0   0   0   0 |     TCC   0   0   0   0   0   0 |     TAC   0   0   0   0   0   0 |     TGC   0   0   0   0   0   0
Leu TTA   0   0   0   0   0   0 |     TCA   0   0   0   0   0   0 | *** TAA   0   0   0   0   0   0 | *** TGA   0   0   0   0   0   0
    TTG   1   1   1   1   1   1 |     TCG   0   0   0   0   0   0 |     TAG   0   0   0   0   0   0 | Trp TGG   0   0   0   0   0   0
--------------------------------------------------------------------------------------------------------------------------------------
Leu CTT   0   0   0   0   0   0 | Pro CCT   1   1   1   1   1   1 | His CAT   0   0   0   0   0   0 | Arg CGT   1   1   1   1   1   1
    CTC   1   1   1   1   1   1 |     CCC   1   1   1   1   1   1 |     CAC   0   0   0   0   0   0 |     CGC   0   0   0   0   0   0
    CTA   0   0   0   0   0   0 |     CCA   1   1   1   1   1   1 | Gln CAA   1   1   1   0   1   1 |     CGA   0   0   0   0   0   0
    CTG   0   0   0   0   0   0 |     CCG   0   0   0   0   0   0 |     CAG   0   0   0   1   0   0 |     CGG   0   0   0   0   0   0
--------------------------------------------------------------------------------------------------------------------------------------
Ile ATT   0   0   0   0   0   0 | Thr ACT   0   0   0   0   0   0 | Asn AAT   0   0   0   0   0   0 | Ser AGT   0   0   0   0   0   0
    ATC   0   0   0   0   0   0 |     ACC   0   0   0   0   0   0 |     AAC   0   0   0   0   0   0 |     AGC   0   0   0   0   0   0
    ATA   1   1   1   1   1   1 |     ACA   0   0   0   0   0   0 | Lys AAA   1   1   0   0   0   0 | Arg AGA   1   1   1   1   1   1
Met ATG   0   0   0   0   0   0 |     ACG   0   0   0   0   0   0 |     AAG   0   0   1   1   1   1 |     AGG   0   0   0   0   0   0
--------------------------------------------------------------------------------------------------------------------------------------
Val GTT   1   1   1   1   1   1 | Ala GCT   0   0   0   0   0   0 | Asp GAT   2   2   2   2   2   2 | Gly GGT   0   0   0   0   0   0
    GTC   1   1   1   1   1   1 |     GCC   0   0   0   0   0   0 |     GAC   0   0   0   0   0   0 |     GGC   0   0   1   1   1   1
    GTA   1   1   1   1   1   1 |     GCA   1   1   1   1   1   1 | Glu GAA   0   0   0   0   0   0 |     GGA   2   2   1   1   1   1
    GTG   0   0   0   0   0   0 |     GCG   0   0   0   0   0   0 |     GAG   0   0   0   0   0   0 |     GGG   1   1   1   1   1   1
--------------------------------------------------------------------------------------------------------------------------------------

--------------------------------------------------------------------------------------------------------------------------------------
Phe TTT   2   2   2   2   2   2 | Ser TCT   0   0   0   0   0   0 | Tyr TAT   0   0   0   0   0   0 | Cys TGT   0   0   0   0   0   0
    TTC   0   0   0   0   0   0 |     TCC   0   0   0   0   0   0 |     TAC   0   0   0   0   0   0 |     TGC   0   0   0   0   0   0
Leu TTA   0   0   0   0   0   0 |     TCA   0   0   0   0   0   0 | *** TAA   0   0   0   0   0   0 | *** TGA   0   0   0   0   0   0
    TTG   1   1   1   1   1   1 |     TCG   0   0   0   0   0   0 |     TAG   0   0   0   0   0   0 | Trp TGG   0   0   0   0   0   0
--------------------------------------------------------------------------------------------------------------------------------------
Leu CTT   0   0   0   0   1   0 | Pro CCT   1   1   1   1   1   1 | His CAT   0   0   0   0   0   0 | Arg CGT   1   1   1   1   1   1
    CTC   1   1   1   1   0   1 |     CCC   1   1   1   1   1   1 |     CAC   0   0   0   0   0   0 |     CGC   0   0   0   0   0   0
    CTA   0   0   0   0   0   0 |     CCA   1   1   1   1   1   1 | Gln CAA   1   1   1   1   1   1 |     CGA   0   0   0   0   0   0
    CTG   0   0   0   0   0   0 |     CCG   0   0   0   0   0   0 |     CAG   0   0   0   0   0   0 |     CGG   0   0   0   0   0   0
--------------------------------------------------------------------------------------------------------------------------------------
Ile ATT   0   0   0   0   0   0 | Thr ACT   0   0   0   0   0   0 | Asn AAT   0   0   0   0   0   0 | Ser AGT   0   0   0   0   0   0
    ATC   0   0   0   0   0   0 |     ACC   0   0   0   0   0   0 |     AAC   0   0   0   0   0   0 |     AGC   0   0   0   0   0   0
    ATA   1   1   1   1   1   1 |     ACA   0   0   0   0   0   0 | Lys AAA   0   0   1   0   0   0 | Arg AGA   1   1   1   1   1   1
Met ATG   0   0   0   0   0   0 |     ACG   0   0   0   0   0   0 |     AAG   1   1   0   1   1   1 |     AGG   0   0   0   0   0   0
--------------------------------------------------------------------------------------------------------------------------------------
Val GTT   1   1   1   1   1   1 | Ala GCT   0   0   0   0   0   0 | Asp GAT   2   2   2   2   2   2 | Gly GGT   0   0   0   0   0   0
    GTC   1   1   1   1   0   1 |     GCC   0   0   0   0   0   0 |     GAC   0   0   0   0   0   0 |     GGC   1   1   0   1   0   1
    GTA   1   1   1   1   1   1 |     GCA   1   1   1   1   1   1 | Glu GAA   0   0   0   0   0   0 |     GGA   1   1   2   1   2   1
    GTG   0   0   0   0   1   0 |     GCG   0   0   0   0   0   0 |     GAG   0   0   0   0   0   0 |     GGG   1   1   1   1   1   1
--------------------------------------------------------------------------------------------------------------------------------------

--------------------------------------------------------------------------------------------------------------------------------------
Phe TTT   2   2   2   2   2   2 | Ser TCT   0   0   0   0   0   0 | Tyr TAT   0   0   0   0   0   0 | Cys TGT   0   0   0   0   0   0
    TTC   0   0   0   0   0   0 |     TCC   0   0   0   0   0   0 |     TAC   0   0   0   0   0   0 |     TGC   0   0   0   0   0   0
Leu TTA   0   0   0   0   0   0 |     TCA   0   0   0   0   0   0 | *** TAA   0   0   0   0   0   0 | *** TGA   0   0   0   0   0   0
    TTG   1   1   1   1   1   1 |     TCG   0   0   0   0   0   0 |     TAG   0   0   0   0   0   0 | Trp TGG   0   0   0   0   0   0
--------------------------------------------------------------------------------------------------------------------------------------
Leu CTT   0   0   0   0   0   0 | Pro CCT   1   1   1   1   1   1 | His CAT   0   0   0   0   0   0 | Arg CGT   1   1   1   1   1   1
    CTC   1   1   1   1   1   1 |     CCC   1   1   1   1   1   1 |     CAC   0   0   0   0   0   0 |     CGC   0   0   0   0   0   0
    CTA   0   0   0   0   0   0 |     CCA   1   1   1   1   1   1 | Gln CAA   1   1   1   1   1   1 |     CGA   0   0   0   0   0   0
    CTG   0   0   0   0   0   0 |     CCG   0   0   0   0   0   0 |     CAG   0   0   0   0   0   0 |     CGG   0   0   0   0   0   0
--------------------------------------------------------------------------------------------------------------------------------------
Ile ATT   0   0   0   0   0   0 | Thr ACT   0   0   0   0   0   0 | Asn AAT   0   0   0   0   0   0 | Ser AGT   0   0   0   0   0   0
    ATC   0   0   0   0   0   0 |     ACC   0   0   0   0   0   0 |     AAC   0   0   0   0   0   0 |     AGC   0   0   0   0   0   0
    ATA   1   1   1   1   1   1 |     ACA   0   0   0   0   0   0 | Lys AAA   0   0   0   0   0   1 | Arg AGA   1   1   1   1   1   1
Met ATG   0   0   0   0   0   0 |     ACG   0   0   0   0   0   0 |     AAG   1   1   1   1   1   0 |     AGG   0   0   0   0   0   0
--------------------------------------------------------------------------------------------------------------------------------------
Val GTT   1   1   1   1   1   1 | Ala GCT   0   0   0   0   0   0 | Asp GAT   2   2   2   2   2   2 | Gly GGT   0   0   0   0   0   0
    GTC   1   1   1   1   1   1 |     GCC   0   0   0   0   0   0 |     GAC   0   0   0   0   0   0 |     GGC   1   1   1   1   1   0
    GTA   1   1   1   1   1   1 |     GCA   1   1   1   1   1   1 | Glu GAA   0   0   0   0   0   0 |     GGA   1   0   1   1   1   2
    GTG   0   0   0   0   0   0 |     GCG   0   0   0   0   0   0 |     GAG   0   0   0   0   0   0 |     GGG   1   2   1   1   1   1
--------------------------------------------------------------------------------------------------------------------------------------

--------------------------------------------------------------------------------------------------------------------------------------
Phe TTT   2   2   2   2   2   2 | Ser TCT   0   0   0   0   0   0 | Tyr TAT   0   0   0   0   0   0 | Cys TGT   0   0   0   0   0   0
    TTC   0   0   0   0   0   0 |     TCC   0   0   0   0   0   0 |     TAC   0   0   0   0   0   0 |     TGC   0   0   0   0   0   0
Leu TTA   0   0   0   0   0   0 |     TCA   0   0   0   0   0   0 | *** TAA   0   0   0   0   0   0 | *** TGA   0   0   0   0   0   0
    TTG   1   1   1   1   1   1 |     TCG   0   0   0   0   0   0 |     TAG   0   0   0   0   0   0 | Trp TGG   0   0   0   0   0   0
--------------------------------------------------------------------------------------------------------------------------------------
Leu CTT   0   0   0   0   0   0 | Pro CCT   1   1   1   1   1   1 | His CAT   0   0   0   0   0   0 | Arg CGT   1   1   1   1   1   1
    CTC   1   1   1   1   1   1 |     CCC   1   1   1   1   1   1 |     CAC   0   0   0   0   0   0 |     CGC   0   0   0   0   0   0
    CTA   0   0   0   0   0   0 |     CCA   1   1   1   1   1   1 | Gln CAA   1   0   1   1   1   1 |     CGA   0   0   0   0   0   0
    CTG   0   0   0   0   0   0 |     CCG   0   0   0   0   0   0 |     CAG   0   1   0   0   0   0 |     CGG   0   0   0   0   0   0
--------------------------------------------------------------------------------------------------------------------------------------
Ile ATT   0   0   0   0   0   0 | Thr ACT   0   0   0   0   0   0 | Asn AAT   0   0   0   0   0   0 | Ser AGT   0   0   0   0   0   0
    ATC   0   0   0   0   0   0 |     ACC   0   0   0   0   0   0 |     AAC   0   0   0   0   0   0 |     AGC   0   0   0   0   0   0
    ATA   1   1   1   1   1   1 |     ACA   0   0   0   0   0   0 | Lys AAA   1   0   1   1   0   0 | Arg AGA   1   1   1   1   1   1
Met ATG   0   0   0   0   0   0 |     ACG   0   0   0   0   0   0 |     AAG   0   1   0   0   1   1 |     AGG   0   0   0   0   0   0
--------------------------------------------------------------------------------------------------------------------------------------
Val GTT   1   1   1   1   1   1 | Ala GCT   0   0   0   0   0   0 | Asp GAT   2   2   2   2   2   2 | Gly GGT   0   0   0   0   0   0
    GTC   1   1   1   1   1   1 |     GCC   0   0   0   0   0   0 |     GAC   0   0   0   0   0   0 |     GGC   0   1   0   0   1   1
    GTA   1   1   1   1   1   1 |     GCA   1   1   1   1   1   1 | Glu GAA   0   0   0   0   0   0 |     GGA   2   1   2   2   1   1
    GTG   0   0   0   0   0   0 |     GCG   0   0   0   0   0   0 |     GAG   0   0   0   0   0   0 |     GGG   1   1   1   1   1   1
--------------------------------------------------------------------------------------------------------------------------------------

--------------------------------------------------------------------------------------------------------------------------------------
Phe TTT   2   2   2   2   2   2 | Ser TCT   0   0   0   0   0   0 | Tyr TAT   0   0   0   0   0   0 | Cys TGT   0   0   0   0   0   0
    TTC   0   0   0   0   0   0 |     TCC   0   0   0   0   0   0 |     TAC   0   0   0   0   0   0 |     TGC   0   0   0   0   0   0
Leu TTA   0   0   1   0   0   0 |     TCA   0   0   0   0   0   0 | *** TAA   0   0   0   0   0   0 | *** TGA   0   0   0   0   0   0
    TTG   1   1   0   1   1   1 |     TCG   0   0   0   0   0   0 |     TAG   0   0   0   0   0   0 | Trp TGG   0   0   0   0   0   0
--------------------------------------------------------------------------------------------------------------------------------------
Leu CTT   0   0   0   0   0   1 | Pro CCT   1   1   1   1   2   1 | His CAT   0   0   0   0   0   0 | Arg CGT   1   1   1   1   1   1
    CTC   1   1   1   1   1   0 |     CCC   1   1   1   1   0   1 |     CAC   0   0   0   0   0   0 |     CGC   0   0   0   0   0   0
    CTA   0   0   0   0   0   0 |     CCA   1   1   1   1   1   1 | Gln CAA   1   1   1   1   1   1 |     CGA   0   0   0   0   0   0
    CTG   0   0   0   0   0   0 |     CCG   0   0   0   0   0   0 |     CAG   0   0   0   0   0   0 |     CGG   0   0   0   0   0   0
--------------------------------------------------------------------------------------------------------------------------------------
Ile ATT   0   0   0   0   0   0 | Thr ACT   0   0   0   0   0   0 | Asn AAT   0   0   0   0   0   0 | Ser AGT   0   0   0   0   0   0
    ATC   0   0   0   0   0   0 |     ACC   0   0   0   0   0   0 |     AAC   0   0   0   0   0   0 |     AGC   0   0   0   0   0   0
    ATA   1   1   1   1   1   1 |     ACA   0   0   0   0   0   0 | Lys AAA   0   0   0   0   0   0 | Arg AGA   1   1   1   1   1   1
Met ATG   0   0   0   0   0   0 |     ACG   0   0   0   0   0   0 |     AAG   1   1   1   1   1   1 |     AGG   0   0   0   0   0   0
--------------------------------------------------------------------------------------------------------------------------------------
Val GTT   1   1   1   1   1   1 | Ala GCT   0   0   0   0   0   0 | Asp GAT   2   2   2   2   2   2 | Gly GGT   0   0   0   0   0   0
    GTC   1   1   1   1   1   1 |     GCC   0   0   0   0   0   0 |     GAC   0   0   0   0   0   0 |     GGC   1   1   1   0   1   1
    GTA   1   1   1   1   1   1 |     GCA   0   1   1   1   1   1 | Glu GAA   0   0   0   0   0   0 |     GGA   1   1   1   2   1   1
    GTG   0   0   0   0   0   0 |     GCG   1   0   0   0   0   0 |     GAG   0   0   0   0   0   0 |     GGG   1   1   1   1   1   1
--------------------------------------------------------------------------------------------------------------------------------------

Codon position x base (3x4) table for each sequence.

#1: Argali         
position  1:    T:0.14286    C:0.28571    A:0.14286    G:0.42857
position  2:    T:0.38095    C:0.19048    A:0.19048    G:0.23810
position  3:    T:0.33333    C:0.19048    A:0.33333    G:0.14286
Average         T:0.28571    C:0.22222    A:0.22222    G:0.26984

#2: LesserMouseDeer
position  1:    T:0.14286    C:0.28571    A:0.14286    G:0.42857
position  2:    T:0.38095    C:0.19048    A:0.19048    G:0.23810
position  3:    T:0.33333    C:0.14286    A:0.33333    G:0.19048
Average         T:0.28571    C:0.20635    A:0.22222    G:0.28571

#3: LesserKudu     
position  1:    T:0.14286    C:0.28571    A:0.14286    G:0.42857
position  2:    T:0.38095    C:0.19048    A:0.19048    G:0.23810
position  3:    T:0.33333    C:0.19048    A:0.33333    G:0.14286
Average         T:0.28571    C:0.22222    A:0.22222    G:0.26984

#4: ForestMuskDeer2
position  1:    T:0.14286    C:0.28571    A:0.14286    G:0.42857
position  2:    T:0.38095    C:0.19048    A:0.19048    G:0.23810
position  3:    T:0.33333    C:0.14286    A:0.38095    G:0.14286
Average         T:0.28571    C:0.20635    A:0.23810    G:0.26984

#5: Camel          
position  1:    T:0.09524    C:0.33333    A:0.14286    G:0.42857
position  2:    T:0.38095    C:0.19048    A:0.19048    G:0.23810
position  3:    T:0.33333    C:0.09524    A:0.38095    G:0.19048
Average         T:0.26984    C:0.20635    A:0.23810    G:0.28571

#6: KillerWhale    
position  1:    T:0.14286    C:0.28571    A:0.14286    G:0.42857
position  2:    T:0.38095    C:0.19048    A:0.19048    G:0.23810
position  3:    T:0.33333    C:0.14286    A:0.33333    G:0.19048
Average         T:0.28571    C:0.20635    A:0.22222    G:0.28571

#7: DefassaWaterbuck
position  1:    T:0.14286    C:0.28571    A:0.14286    G:0.42857
position  2:    T:0.38095    C:0.19048    A:0.19048    G:0.23810
position  3:    T:0.33333    C:0.19048    A:0.33333    G:0.14286
Average         T:0.28571    C:0.22222    A:0.22222    G:0.26984

#8: Sheep          
position  1:    T:0.14286    C:0.28571    A:0.14286    G:0.42857
position  2:    T:0.38095    C:0.19048    A:0.19048    G:0.23810
position  3:    T:0.33333    C:0.19048    A:0.33333    G:0.14286
Average         T:0.28571    C:0.22222    A:0.22222    G:0.26984

#9: MaxwellsDuiker 
position  1:    T:0.14286    C:0.28571    A:0.14286    G:0.42857
position  2:    T:0.38095    C:0.19048    A:0.19048    G:0.23810
position  3:    T:0.33333    C:0.19048    A:0.33333    G:0.14286
Average         T:0.28571    C:0.22222    A:0.22222    G:0.26984

#10: GazellaPrzewalskyi
position  1:    T:0.14286    C:0.28571    A:0.14286    G:0.42857
position  2:    T:0.38095    C:0.19048    A:0.19048    G:0.23810
position  3:    T:0.33333    C:0.19048    A:0.33333    G:0.14286
Average         T:0.28571    C:0.22222    A:0.22222    G:0.26984

#11: MountainNyala  
position  1:    T:0.14286    C:0.28571    A:0.14286    G:0.42857
position  2:    T:0.38095    C:0.19048    A:0.19048    G:0.23810
position  3:    T:0.42857    C:0.09524    A:0.33333    G:0.14286
Average         T:0.31746    C:0.19048    A:0.22222    G:0.26984

#12: MuntiacusMuntjak
position  1:    T:0.14286    C:0.28571    A:0.14286    G:0.42857
position  2:    T:0.38095    C:0.19048    A:0.19048    G:0.23810
position  3:    T:0.33333    C:0.14286    A:0.42857    G:0.09524
Average         T:0.28571    C:0.20635    A:0.25397    G:0.25397

#13: goat           
position  1:    T:0.14286    C:0.28571    A:0.14286    G:0.42857
position  2:    T:0.38095    C:0.19048    A:0.19048    G:0.23810
position  3:    T:0.33333    C:0.19048    A:0.33333    G:0.14286
Average         T:0.28571    C:0.22222    A:0.22222    G:0.26984

#14: AfricanBuffalo 
position  1:    T:0.14286    C:0.28571    A:0.14286    G:0.42857
position  2:    T:0.38095    C:0.19048    A:0.19048    G:0.23810
position  3:    T:0.33333    C:0.19048    A:0.33333    G:0.14286
Average         T:0.28571    C:0.22222    A:0.22222    G:0.26984

#15: Topi           
position  1:    T:0.14286    C:0.28571    A:0.14286    G:0.42857
position  2:    T:0.38095    C:0.19048    A:0.19048    G:0.23810
position  3:    T:0.33333    C:0.19048    A:0.33333    G:0.14286
Average         T:0.28571    C:0.22222    A:0.22222    G:0.26984

#16: CommonDuiker   
position  1:    T:0.14286    C:0.28571    A:0.14286    G:0.42857
position  2:    T:0.38095    C:0.19048    A:0.19048    G:0.23810
position  3:    T:0.33333    C:0.19048    A:0.33333    G:0.14286
Average         T:0.28571    C:0.22222    A:0.22222    G:0.26984

#17: Suni           
position  1:    T:0.14286    C:0.28571    A:0.14286    G:0.42857
position  2:    T:0.38095    C:0.19048    A:0.19048    G:0.23810
position  3:    T:0.33333    C:0.19048    A:0.28571    G:0.19048
Average         T:0.28571    C:0.22222    A:0.20635    G:0.28571

#18: Springbuck     
position  1:    T:0.14286    C:0.28571    A:0.14286    G:0.42857
position  2:    T:0.38095    C:0.19048    A:0.19048    G:0.23810
position  3:    T:0.33333    C:0.19048    A:0.33333    G:0.14286
Average         T:0.28571    C:0.22222    A:0.22222    G:0.26984

#19: Okapi          
position  1:    T:0.14286    C:0.28571    A:0.14286    G:0.42857
position  2:    T:0.38095    C:0.19048    A:0.19048    G:0.23810
position  3:    T:0.33333    C:0.14286    A:0.38095    G:0.14286
Average         T:0.28571    C:0.20635    A:0.23810    G:0.26984

#20: Giraffe        
position  1:    T:0.14286    C:0.28571    A:0.14286    G:0.42857
position  2:    T:0.38095    C:0.19048    A:0.19048    G:0.23810
position  3:    T:0.33333    C:0.14286    A:0.38095    G:0.14286
Average         T:0.28571    C:0.20635    A:0.23810    G:0.26984

#21: TibetanAntelope
position  1:    T:0.14286    C:0.28571    A:0.14286    G:0.42857
position  2:    T:0.38095    C:0.19048    A:0.19048    G:0.23810
position  3:    T:0.33333    C:0.19048    A:0.33333    G:0.14286
Average         T:0.28571    C:0.22222    A:0.22222    G:0.26984

#22: Sitatunga      
position  1:    T:0.14286    C:0.28571    A:0.14286    G:0.42857
position  2:    T:0.38095    C:0.19048    A:0.19048    G:0.23810
position  3:    T:0.33333    C:0.19048    A:0.33333    G:0.14286
Average         T:0.28571    C:0.22222    A:0.22222    G:0.26984

#23: Oribi          
position  1:    T:0.14286    C:0.28571    A:0.14286    G:0.42857
position  2:    T:0.38095    C:0.19048    A:0.19048    G:0.23810
position  3:    T:0.33333    C:0.19048    A:0.33333    G:0.14286
Average         T:0.28571    C:0.22222    A:0.22222    G:0.26984

#24: BarbarySheep   
position  1:    T:0.14286    C:0.28571    A:0.14286    G:0.42857
position  2:    T:0.38095    C:0.19048    A:0.19048    G:0.23810
position  3:    T:0.33333    C:0.19048    A:0.33333    G:0.14286
Average         T:0.28571    C:0.22222    A:0.22222    G:0.26984

#25: Daviddeer      
position  1:    T:0.14286    C:0.28571    A:0.14286    G:0.42857
position  2:    T:0.38095    C:0.19048    A:0.19048    G:0.23810
position  3:    T:0.33333    C:0.14286    A:0.42857    G:0.09524
Average         T:0.28571    C:0.20635    A:0.25397    G:0.25397

#26: Reindeer       
position  1:    T:0.14286    C:0.28571    A:0.14286    G:0.42857
position  2:    T:0.38095    C:0.19048    A:0.19048    G:0.23810
position  3:    T:0.33333    C:0.14286    A:0.42857    G:0.09524
Average         T:0.28571    C:0.20635    A:0.25397    G:0.25397

#27: Ibex           
position  1:    T:0.14286    C:0.28571    A:0.14286    G:0.42857
position  2:    T:0.38095    C:0.19048    A:0.19048    G:0.23810
position  3:    T:0.33333    C:0.19048    A:0.33333    G:0.14286
Average         T:0.28571    C:0.22222    A:0.22222    G:0.26984

#28: GyrantGazelle  
position  1:    T:0.14286    C:0.28571    A:0.14286    G:0.42857
position  2:    T:0.38095    C:0.19048    A:0.19048    G:0.23810
position  3:    T:0.33333    C:0.19048    A:0.28571    G:0.19048
Average         T:0.28571    C:0.22222    A:0.20635    G:0.28571

#29: Hartebeest     
position  1:    T:0.14286    C:0.28571    A:0.14286    G:0.42857
position  2:    T:0.38095    C:0.19048    A:0.19048    G:0.23810
position  3:    T:0.33333    C:0.19048    A:0.33333    G:0.14286
Average         T:0.28571    C:0.22222    A:0.22222    G:0.26984

#30: Bongo          
position  1:    T:0.14286    C:0.28571    A:0.14286    G:0.42857
position  2:    T:0.38095    C:0.19048    A:0.19048    G:0.23810
position  3:    T:0.33333    C:0.19048    A:0.33333    G:0.14286
Average         T:0.28571    C:0.22222    A:0.22222    G:0.26984

#31: Gerenuk        
position  1:    T:0.14286    C:0.28571    A:0.14286    G:0.42857
position  2:    T:0.38095    C:0.19048    A:0.19048    G:0.23810
position  3:    T:0.33333    C:0.19048    A:0.33333    G:0.14286
Average         T:0.28571    C:0.22222    A:0.22222    G:0.26984

#32: CommonEland    
position  1:    T:0.14286    C:0.28571    A:0.14286    G:0.42857
position  2:    T:0.38095    C:0.19048    A:0.19048    G:0.23810
position  3:    T:0.33333    C:0.19048    A:0.33333    G:0.14286
Average         T:0.28571    C:0.22222    A:0.22222    G:0.26984

#33: MuntiacusReevesi
position  1:    T:0.14286    C:0.28571    A:0.14286    G:0.42857
position  2:    T:0.38095    C:0.19048    A:0.19048    G:0.23810
position  3:    T:0.33333    C:0.14286    A:0.42857    G:0.09524
Average         T:0.28571    C:0.20635    A:0.25397    G:0.25397

#34: HarveysDuiker  
position  1:    T:0.14286    C:0.28571    A:0.14286    G:0.42857
position  2:    T:0.38095    C:0.19048    A:0.19048    G:0.23810
position  3:    T:0.33333    C:0.19048    A:0.33333    G:0.14286
Average         T:0.28571    C:0.22222    A:0.22222    G:0.26984

#35: Pronghorn      
position  1:    T:0.14286    C:0.28571    A:0.14286    G:0.42857
position  2:    T:0.38095    C:0.19048    A:0.19048    G:0.23810
position  3:    T:0.38095    C:0.04762    A:0.38095    G:0.19048
Average         T:0.30159    C:0.17460    A:0.23810    G:0.28571

#36: BlueWildebeest 
position  1:    T:0.14286    C:0.28571    A:0.14286    G:0.42857
position  2:    T:0.38095    C:0.19048    A:0.19048    G:0.23810
position  3:    T:0.33333    C:0.19048    A:0.33333    G:0.14286
Average         T:0.28571    C:0.22222    A:0.22222    G:0.26984

#37: Gemsbok        
position  1:    T:0.14286    C:0.28571    A:0.14286    G:0.42857
position  2:    T:0.38095    C:0.19048    A:0.19048    G:0.23810
position  3:    T:0.33333    C:0.19048    A:0.33333    G:0.14286
Average         T:0.28571    C:0.22222    A:0.22222    G:0.26984

#38: Yak            
position  1:    T:0.14286    C:0.28571    A:0.14286    G:0.42857
position  2:    T:0.38095    C:0.19048    A:0.19048    G:0.23810
position  3:    T:0.33333    C:0.19048    A:0.28571    G:0.19048
Average         T:0.28571    C:0.22222    A:0.20635    G:0.28571

#39: BlueSheep      
position  1:    T:0.14286    C:0.28571    A:0.14286    G:0.42857
position  2:    T:0.38095    C:0.19048    A:0.19048    G:0.23810
position  3:    T:0.33333    C:0.19048    A:0.33333    G:0.14286
Average         T:0.28571    C:0.22222    A:0.22222    G:0.26984

#40: BohorReedbuck  
position  1:    T:0.14286    C:0.28571    A:0.14286    G:0.42857
position  2:    T:0.38095    C:0.19048    A:0.19048    G:0.23810
position  3:    T:0.33333    C:0.19048    A:0.33333    G:0.14286
Average         T:0.28571    C:0.22222    A:0.22222    G:0.26984

#41: KirksDik       
position  1:    T:0.14286    C:0.28571    A:0.14286    G:0.42857
position  2:    T:0.38095    C:0.19048    A:0.19048    G:0.23810
position  3:    T:0.33333    C:0.19048    A:0.33333    G:0.14286
Average         T:0.28571    C:0.22222    A:0.22222    G:0.26984

#42: RoeDeer        
position  1:    T:0.14286    C:0.28571    A:0.14286    G:0.42857
position  2:    T:0.38095    C:0.19048    A:0.19048    G:0.23810
position  3:    T:0.33333    C:0.14286    A:0.42857    G:0.09524
Average         T:0.28571    C:0.20635    A:0.25397    G:0.25397

#43: WhiteLippedDeer
position  1:    T:0.14286    C:0.28571    A:0.14286    G:0.42857
position  2:    T:0.38095    C:0.19048    A:0.19048    G:0.23810
position  3:    T:0.33333    C:0.14286    A:0.42857    G:0.09524
Average         T:0.28571    C:0.20635    A:0.25397    G:0.25397

#44: ThomsonGazelle 
position  1:    T:0.14286    C:0.28571    A:0.14286    G:0.42857
position  2:    T:0.38095    C:0.19048    A:0.19048    G:0.23810
position  3:    T:0.33333    C:0.19048    A:0.28571    G:0.19048
Average         T:0.28571    C:0.22222    A:0.20635    G:0.28571

#45: MuntiacusCrinifrons
position  1:    T:0.14286    C:0.28571    A:0.14286    G:0.42857
position  2:    T:0.38095    C:0.19048    A:0.19048    G:0.23810
position  3:    T:0.33333    C:0.14286    A:0.42857    G:0.09524
Average         T:0.28571    C:0.20635    A:0.25397    G:0.25397

#46: WhiteTailedDeer
position  1:    T:0.14286    C:0.28571    A:0.14286    G:0.42857
position  2:    T:0.38095    C:0.19048    A:0.19048    G:0.23810
position  3:    T:0.33333    C:0.14286    A:0.42857    G:0.09524
Average         T:0.28571    C:0.20635    A:0.25397    G:0.25397

#47: Cattle         
position  1:    T:0.14286    C:0.28571    A:0.14286    G:0.42857
position  2:    T:0.38095    C:0.19048    A:0.19048    G:0.23810
position  3:    T:0.33333    C:0.19048    A:0.33333    G:0.14286
Average         T:0.28571    C:0.22222    A:0.22222    G:0.26984

#48: RoyalAntelope  
position  1:    T:0.14286    C:0.28571    A:0.14286    G:0.42857
position  2:    T:0.38095    C:0.19048    A:0.19048    G:0.23810
position  3:    T:0.33333    C:0.19048    A:0.33333    G:0.14286
Average         T:0.28571    C:0.22222    A:0.22222    G:0.26984

#49: Steenbok       
position  1:    T:0.14286    C:0.28571    A:0.14286    G:0.42857
position  2:    T:0.38095    C:0.19048    A:0.19048    G:0.23810
position  3:    T:0.33333    C:0.19048    A:0.28571    G:0.19048
Average         T:0.28571    C:0.22222    A:0.20635    G:0.28571

#50: Impala         
position  1:    T:0.14286    C:0.28571    A:0.14286    G:0.42857
position  2:    T:0.38095    C:0.19048    A:0.19048    G:0.23810
position  3:    T:0.33333    C:0.19048    A:0.33333    G:0.14286
Average         T:0.28571    C:0.22222    A:0.22222    G:0.26984

#51: Klipspringer   
position  1:    T:0.14286    C:0.28571    A:0.14286    G:0.42857
position  2:    T:0.38095    C:0.19048    A:0.19048    G:0.23810
