1
52 1
Argali 0.000000 0.487300 0.105800 0.476200 0.121000 0.000000 0.091700 0.090700 0.093600 0.149100 0.050200 0.140800 0.080000 0.080700 0.112100 0.090300 0.146500 0.134600 0.092700 0.117500 0.060200 0.050300 0.169300 0.147100 0.081500 0.070800 0.079200 0.105700 0.110900 0.115800 0.158900 0.080700 0.225000 0.069300 0.090100 0.137400 0.060400 0.098800 0.088900 0.149600 0.171300 0.100900 0.148400 0.148500 0.147200 0.135000 0.093700 0.095700 0.081700 0.113500 0.105900 0.116200
LesserMous 0.487300 0.000000 0.585000 0.540000 0.561800 0.487300 0.537400 0.510500 0.597000 0.555100 0.552300 0.502700 0.448200 0.572400 0.606100 0.544600 0.518900 0.517700 0.526100 0.610400 0.540800 0.552900 0.561800 0.510900 0.610000 0.517600 0.475800 0.584600 0.519400 0.593500 0.530900 0.572400 0.639100 0.461600 0.435600 0.528200 0.506500 0.561200 0.571100 0.576400 0.530500 0.559200 0.554200 0.573600 0.504300 0.595600 0.602900 0.514400 0.546100 0.622400 0.583200 0.560400
LesserKudu 0.105800 0.585000 0.000000 0.431100 0.146400 0.105800 0.072000 0.115000 0.010100 0.153300 0.095900 0.074900 0.126000 0.104800 0.114900 0.114600 0.149900 0.115100 0.117700 0.010200 0.083400 0.118700 0.149900 0.127500 0.130000 0.072500 0.124600 0.000100 0.091600 0.010000 0.163300 0.104800 0.181800 0.114200 0.136700 0.094800 0.083700 0.123100 0.134800 0.129800 0.128100 0.103300 0.152600 0.128800 0.104800 0.162200 0.119400 0.146100 0.106100 0.093800 0.000000 0.010100
KillerWhal 0.476200 0.540000 0.431100 0.000000 0.568100 0.476200 0.462500 0.519000 0.454100 0.517200 0.468700 0.466300 0.472900 0.477600 0.486600 0.458200 0.521400 0.488700 0.499100 0.449400 0.480000 0.501200 0.538600 0.509700 0.483600 0.464000 0.453100 0.431300 0.481700 0.440400 0.525200 0.477600 0.531600 0.454700 0.520800 0.451500 0.478000 0.534700 0.477300 0.517200 0.524800 0.500900 0.514500 0.517100 0.461100 0.529300 0.505600 0.555000 0.451900 0.529600 0.430300 0.413000
DefassaWat 0.121000 0.561800 0.146400 0.568100 0.000000 0.121000 0.109000 0.085500 0.135500 0.154700 0.111100 0.182900 0.118000 0.097700 0.106300 0.106100 0.174500 0.139700 0.088400 0.158200 0.075500 0.111300 0.198100 0.177900 0.133300 0.085900 0.116800 0.145600 0.126700 0.155900 0.142200 0.097700 0.218400 0.106200 0.105700 0.201100 0.120800 0.018800 0.126000 0.178200 0.200400 0.116700 0.153300 0.176700 0.186900 0.108200 0.087100 0.109200 0.098200 0.152600 0.146000 0.156400
Sheep 0.000000 0.487300 0.105800 0.476200 0.121000 0.000000 0.091700 0.090700 0.093600 0.149100 0.050200 0.140800 0.080000 0.080700 0.112100 0.090300 0.146500 0.134600 0.092700 0.117500 0.060200 0.050300 0.169300 0.147100 0.081500 0.070800 0.079200 0.105700 0.110900 0.115800 0.158900 0.080700 0.225000 0.069300 0.090100 0.137400 0.060400 0.098800 0.088900 0.149600 0.171300 0.100900 0.148400 0.148500 0.147200 0.135000 0.093700 0.095700 0.081700 0.113500 0.105900 0.116200
MaxwellsDu 0.091700 0.537400 0.072000 0.462500 0.109000 0.091700 0.000000 0.079600 0.082100 0.159300 0.081800 0.105200 0.089900 0.029200 0.100700 0.079300 0.133900 0.100700 0.081300 0.083000 0.029400 0.082000 0.155900 0.134300 0.103300 0.039400 0.089000 0.071900 0.058200 0.081900 0.169100 0.029200 0.164500 0.079100 0.099900 0.124700 0.049800 0.087000 0.098600 0.136400 0.134700 0.048500 0.158600 0.135600 0.134400 0.123200 0.082300 0.106100 0.070600 0.101400 0.072100 0.082200
GazellaPrz 0.090700 0.510500 0.115000 0.519000 0.085500 0.090700 0.079600 0.000000 0.102900 0.157400 0.080900 0.126800 0.088900 0.069000 0.078800 0.078200 0.132700 0.121200 0.059700 0.126600 0.048800 0.081000 0.177200 0.144500 0.112900 0.059000 0.088000 0.114900 0.098000 0.124800 0.144600 0.069000 0.208700 0.078200 0.058000 0.169000 0.090900 0.064600 0.097200 0.157800 0.179200 0.088300 0.156600 0.156800 0.155900 0.121700 0.081000 0.104700 0.069800 0.121900 0.115100 0.125300
MountainNy 0.093600 0.597000 0.010100 0.454100 0.135500 0.093600 0.082100 0.102900 0.000000 0.139900 0.083800 0.085300 0.113600 0.092800 0.102800 0.102500 0.146900 0.112400 0.105200 0.020300 0.071800 0.106100 0.136800 0.121900 0.117100 0.082700 0.112400 0.010100 0.101600 0.020000 0.149800 0.092800 0.168100 0.102200 0.124100 0.105100 0.094000 0.113100 0.122400 0.116900 0.138500 0.113400 0.139200 0.116100 0.115000 0.148900 0.106700 0.132500 0.094000 0.082000 0.010100 0.020100
MuntiacusM 0.149100 0.555100 0.153300 0.517200 0.154700 0.149100 0.159300 0.157400 0.139900 0.000000 0.139000 0.175700 0.145900 0.147000 0.180700 0.156600 0.147000 0.135000 0.160600 0.166000 0.125300 0.162400 0.069200 0.049100 0.161400 0.137000 0.144300 0.153100 0.155900 0.163400 0.009600 0.147000 0.202000 0.133900 0.156400 0.183900 0.172800 0.154400 0.154400 0.049900 0.070000 0.123400 0.000100 0.049600 0.193900 0.182200 0.161400 0.141100 0.148900 0.114100 0.153300 0.164000
goat 0.050200 0.552300 0.095900 0.468700 0.111100 0.050200 0.081800 0.080900 0.083800 0.139000 0.000000 0.130900 0.091300 0.070900 0.102300 0.080600 0.136500 0.124600 0.082700 0.107500 0.050400 0.020000 0.159200 0.137100 0.030000 0.060900 0.090400 0.095800 0.101200 0.106000 0.148900 0.070900 0.167900 0.080300 0.101500 0.150800 0.030000 0.088900 0.079300 0.139400 0.161100 0.091100 0.138300 0.138400 0.160700 0.125100 0.083600 0.108100 0.071800 0.081900 0.095900 0.106400
AfricanBuf 0.140800 0.502700 0.074900 0.466300 0.182900 0.140800 0.105200 0.126800 0.085300 0.175700 0.130900 0.000000 0.138000 0.139300 0.173400 0.149200 0.162300 0.149900 0.153300 0.086400 0.117200 0.154700 0.171700 0.138200 0.166400 0.105900 0.159300 0.074700 0.124800 0.085100 0.185500 0.139300 0.219000 0.148700 0.148700 0.071000 0.117800 0.158700 0.169700 0.151800 0.149800 0.137400 0.174800 0.150800 0.081000 0.199100 0.153900 0.154100 0.141200 0.128100 0.074900 0.085400
Topi 0.080000 0.448200 0.126000 0.472900 0.118000 0.080000 0.089900 0.088900 0.113600 0.145900 0.091300 0.138000 0.000000 0.079100 0.109900 0.068200 0.143600 0.131800 0.090800 0.137900 0.059000 0.091500 0.165700 0.144100 0.123700 0.069400 0.018000 0.125900 0.108700 0.135900 0.155500 0.079100 0.208700 0.009400 0.067900 0.134700 0.101400 0.096200 0.087200 0.146300 0.167600 0.098900 0.145200 0.145400 0.144400 0.132300 0.091800 0.072000 0.080000 0.132700 0.126100 0.114100
CommonDuik 0.080700 0.572400 0.104800 0.477600 0.097700 0.080700 0.029200 0.069000 0.092800 0.147000 0.070900 0.139300 0.079100 0.000000 0.089700 0.068700 0.144700 0.111200 0.070500 0.116300 0.019400 0.071000 0.166900 0.145100 0.092000 0.049400 0.078300 0.104600 0.088700 0.114600 0.156700 0.000000 0.175400 0.068500 0.089000 0.158800 0.080900 0.076000 0.087900 0.147400 0.168800 0.058400 0.146400 0.146600 0.168500 0.111700 0.071200 0.094400 0.059900 0.111900 0.104800 0.115000
Suni 0.112100 0.606100 0.114900 0.486600 0.106300 0.112100 0.100700 0.078800 0.102800 0.180700 0.102300 0.173400 0.109900 0.089700 0.000000 0.099200 0.176700 0.141900 0.101700 0.122300 0.069400 0.102500 0.200700 0.178400 0.135100 0.080000 0.108800 0.114900 0.119600 0.124800 0.190400 0.089700 0.208500 0.098900 0.120000 0.192700 0.112500 0.106100 0.118500 0.181200 0.203100 0.109700 0.180100 0.180100 0.202500 0.132800 0.102800 0.104800 0.090800 0.144000 0.115000 0.125300
Springbuck 0.090300 0.544600 0.114600 0.458200 0.106100 0.090300 0.079300 0.078200 0.102500 0.156600 0.080600 0.149200 0.068200 0.068700 0.099200 0.000000 0.154600 0.120800 0.058900 0.126200 0.048600 0.080700 0.176500 0.154600 0.112500 0.058800 0.067500 0.114500 0.057400 0.124400 0.166200 0.068700 0.208300 0.057900 0.098500 0.168600 0.090600 0.085000 0.056900 0.155200 0.178500 0.088000 0.155900 0.153000 0.178200 0.120800 0.080600 0.104300 0.069500 0.121500 0.114700 0.102900
Okapi 0.146500 0.518900 0.149900 0.521400 0.174500 0.146500 0.133900 0.132700 0.146900 0.147000 0.136500 0.162300 0.143600 0.144700 0.176700 0.154600 0.000000 0.067400 0.158200 0.172800 0.123400 0.136600 0.144000 0.112000 0.170900 0.134700 0.142200 0.160000 0.153200 0.170200 0.156600 0.144700 0.131700 0.131900 0.141700 0.189000 0.124100 0.162500 0.130500 0.124500 0.145600 0.143400 0.156700 0.123600 0.198600 0.213500 0.160100 0.168900 0.146500 0.133900 0.160300 0.170800
Giraffe 0.134600 0.517700 0.115100 0.488700 0.139700 0.134600 0.100700 0.121200 0.112400 0.135000 0.124600 0.149900 0.131800 0.111200 0.141900 0.120800 0.067400 0.000000 0.123800 0.136800 0.090400 0.124700 0.132300 0.111200 0.158500 0.101200 0.130500 0.124700 0.119800 0.134800 0.144700 0.111200 0.120300 0.120400 0.152000 0.169400 0.112500 0.128100 0.140500 0.112900 0.133800 0.110100 0.144700 0.112100 0.179100 0.177200 0.125100 0.150800 0.112500 0.100700 0.124900 0.135300
TibetanAnt 0.092700 0.526100 0.117700 0.499100 0.088400 0.092700 0.081300 0.059700 0.105200 0.160600 0.082700 0.153300 0.090800 0.070500 0.101700 0.058900 0.158200 0.123800 0.000000 0.129600 0.050100 0.082900 0.180700 0.158500 0.115400 0.060600 0.089800 0.117600 0.100500 0.127700 0.147500 0.070500 0.213200 0.079900 0.079800 0.173000 0.093000 0.066500 0.099600 0.159700 0.182900 0.090600 0.159800 0.157600 0.159500 0.124000 0.083100 0.107200 0.071400 0.124600 0.117700 0.128100
Sitatunga 0.117500 0.610400 0.010200 0.449400 0.158200 0.117500 0.083000 0.126600 0.020300 0.166000 0.107500 0.086400 0.137900 0.116300 0.122300 0.126200 0.172800 0.136800 0.129600 0.000000 0.094600 0.130700 0.162200 0.139500 0.142200 0.083600 0.136300 0.010200 0.102700 0.019000 0.176100 0.116300 0.194500 0.125700 0.148700 0.106400 0.095000 0.134500 0.146600 0.142000 0.140100 0.114700 0.165200 0.140900 0.116300 0.174700 0.131400 0.159000 0.117800 0.105200 0.010200 0.020300
Oribi 0.060200 0.540800 0.083400 0.480000 0.075500 0.060200 0.029400 0.048800 0.071800 0.125300 0.050400 0.117200 0.059000 0.019400 0.069400 0.048600 0.123400 0.090400 0.050100 0.094600 0.000000 0.050500 0.145100 0.123600 0.071200 0.029400 0.058400 0.083200 0.068300 0.093200 0.135000 0.019400 0.176300 0.048700 0.068800 0.136800 0.060400 0.054400 0.067700 0.125600 0.146800 0.038600 0.124700 0.124800 0.146500 0.091000 0.050500 0.073100 0.039800 0.091000 0.083400 0.093600
BarbaryShe 0.050300 0.552900 0.118700 0.501200 0.111300 0.050300 0.082000 0.081000 0.106100 0.162400 0.020000 0.154700 0.091500 0.071000 0.102500 0.080700 0.136600 0.124700 0.082900 0.130700 0.050500 0.000000 0.182700 0.160200 0.050700 0.061000 0.090500 0.118500 0.101300 0.128700 0.172300 0.071000 0.191400 0.080500 0.101600 0.174600 0.030100 0.089000 0.079400 0.163000 0.185000 0.091200 0.161600 0.161800 0.184500 0.125300 0.083800 0.108200 0.071900 0.103600 0.118800 0.129300
Daviddeer 0.169300 0.561800 0.149900 0.538600 0.198100 0.169300 0.155900 0.177200 0.136800 0.069200 0.159200 0.171700 0.165700 0.166900 0.200700 0.176500 0.144000 0.132300 0.180700 0.162200 0.145100 0.182700 0.000000 0.019000 0.169900 0.157000 0.141800 0.149700 0.130900 0.159800 0.078800 0.166900 0.175000 0.153600 0.176200 0.179900 0.169100 0.174300 0.174100 0.038900 0.019000 0.143200 0.068900 0.038700 0.189700 0.202200 0.181400 0.185400 0.168900 0.111800 0.149900 0.160400
Reindeer 0.147100 0.510900 0.127500 0.509700 0.177900 0.147100 0.134300 0.144500 0.121900 0.049100 0.137100 0.138200 0.144100 0.145100 0.178400 0.154600 0.112000 0.111200 0.158500 0.139500 0.123600 0.160200 0.019000 0.000000 0.147700 0.135100 0.142600 0.127400 0.110000 0.137500 0.058700 0.145100 0.153300 0.132300 0.143700 0.157300 0.147000 0.155100 0.152500 0.019300 0.019200 0.121800 0.048900 0.019200 0.167100 0.179800 0.159000 0.158900 0.146900 0.090800 0.127600 0.138000
Ibex 0.081500 0.610000 0.130000 0.483600 0.133300 0.081500 0.103300 0.112900 0.117100 0.161400 0.030000 0.166400 0.123700 0.092000 0.135100 0.112500 0.170900 0.158500 0.115400 0.142200 0.071200 0.050700 0.169900 0.147700 0.000000 0.092800 0.122400 0.129800 0.133600 0.140000 0.171300 0.092000 0.203000 0.112200 0.134100 0.186300 0.060900 0.110700 0.110700 0.150200 0.172000 0.112500 0.160600 0.149100 0.196300 0.147600 0.116800 0.142800 0.104100 0.114400 0.130000 0.140600
GyrantGaze 0.070800 0.517600 0.072500 0.464000 0.085900 0.070800 0.039400 0.059000 0.082700 0.137000 0.060900 0.105900 0.069400 0.049400 0.080000 0.058800 0.134700 0.101200 0.060600 0.083600 0.029400 0.061000 0.157000 0.135100 0.092800 0.000000 0.068700 0.072400 0.058300 0.082400 0.146800 0.049400 0.188800 0.058800 0.079300 0.103300 0.050100 0.064700 0.078000 0.137500 0.135600 0.028900 0.136400 0.136400 0.113000 0.101800 0.061000 0.084200 0.050100 0.102000 0.072600 0.082700
Hartebeest 0.079200 0.475800 0.124600 0.453100 0.116800 0.079200 0.089000 0.088000 0.112400 0.144300 0.090400 0.159300 0.018000 0.078300 0.108800 0.067500 0.142200 0.130500 0.089800 0.136300 0.058400 0.090500 0.141800 0.142600 0.122400 0.068700 0.000000 0.124500 0.107700 0.134300 0.153900 0.078300 0.206500 0.009300 0.067300 0.155600 0.100300 0.095200 0.086400 0.144800 0.165800 0.097900 0.143600 0.143800 0.165200 0.130900 0.090800 0.092500 0.079200 0.131300 0.124600 0.112800
Bongo 0.105700 0.584600 0.000100 0.431300 0.145600 0.105700 0.071900 0.114900 0.010100 0.153100 0.095800 0.074700 0.125900 0.104600 0.114900 0.114500 0.160000 0.124700 0.117600 0.010200 0.083200 0.118500 0.149700 0.127400 0.129800 0.072400 0.124500 0.000000 0.091500 0.010000 0.163100 0.104600 0.181700 0.114100 0.136600 0.094700 0.083600 0.122200 0.134700 0.129600 0.127900 0.103200 0.152400 0.128600 0.104600 0.162100 0.119200 0.145900 0.106000 0.093600 0.000100 0.010100
Gerenuk 0.110900 0.519400 0.091600 0.481700 0.126700 0.110900 0.058200 0.098000 0.101600 0.155900 0.101200 0.124800 0.108700 0.088700 0.119600 0.057400 0.153200 0.119800 0.100500 0.102700 0.068300 0.101300 0.130900 0.110000 0.133600 0.058300 0.107700 0.091500 0.000000 0.101300 0.165500 0.088700 0.183600 0.097800 0.118700 0.143900 0.068900 0.105300 0.076100 0.133500 0.110400 0.067100 0.155200 0.132700 0.153500 0.142100 0.101100 0.125800 0.089800 0.099300 0.091600 0.101600
CommonElan 0.115800 0.593500 0.010000 0.440400 0.155900 0.115800 0.081900 0.124800 0.020000 0.163400 0.106000 0.085100 0.135900 0.114600 0.124800 0.124400 0.170200 0.134800 0.127700 0.019000 0.093200 0.128700 0.159800 0.137500 0.140000 0.082400 0.134300 0.010000 0.101300 0.000000 0.173300 0.114600 0.191600 0.123900 0.146500 0.104800 0.093700 0.132500 0.144500 0.139900 0.138100 0.113100 0.162600 0.138800 0.114700 0.172100 0.129400 0.156500 0.116100 0.103700 0.010000 0.020100
MuntiacusR 0.158900 0.530900 0.163300 0.525200 0.142200 0.158900 0.169100 0.144600 0.149800 0.009600 0.148900 0.185500 0.155500 0.156700 0.190400 0.166200 0.156600 0.144700 0.147500 0.176100 0.135000 0.172300 0.078800 0.058700 0.171300 0.146800 0.153900 0.163100 0.165500 0.173300 0.000000 0.156700 0.211600 0.143600 0.143800 0.193500 0.182600 0.141800 0.164000 0.059600 0.079600 0.133000 0.009600 0.059200 0.179800 0.191800 0.171100 0.151100 0.158600 0.123900 0.163300 0.173900
HarveysDui 0.080700 0.572400 0.104800 0.477600 0.097700 0.080700 0.029200 0.069000 0.092800 0.147000 0.070900 0.139300 0.079100 0.000000 0.089700 0.068700 0.144700 0.111200 0.070500 0.116300 0.019400 0.071000 0.166900 0.145100 0.092000 0.049400 0.078300 0.104600 0.088700 0.114600 0.156700 0.000000 0.175400 0.068500 0.089000 0.158800 0.080900 0.076000 0.087900 0.147400 0.168800 0.058400 0.146400 0.146600 0.168500 0.111700 0.071200 0.094400 0.059900 0.111900 0.104800 0.115000
Pronghorn 0.225000 0.639100 0.181800 0.531600 0.218400 0.225000 0.164500 0.208700 0.168100 0.202000 0.167900 0.219000 0.208700 0.175400 0.208500 0.208300 0.131700 0.120300 0.213200 0.194500 0.176300 0.191400 0.175000 0.153300 0.203000 0.188800 0.206500 0.181700 0.183600 0.191600 0.211600 0.175400 0.000000 0.196000 0.231200 0.213500 0.177700 0.218500 0.205300 0.178500 0.177000 0.196700 0.201400 0.177200 0.223200 0.258700 0.215500 0.245700 0.200000 0.165000 0.181800 0.192300
BlueWildeb 0.069300 0.461600 0.114200 0.454700 0.106200 0.069300 0.079100 0.078200 0.102200 0.133900 0.080300 0.148700 0.009400 0.068500 0.098900 0.057900 0.131900 0.120400 0.079900 0.125700 0.048700 0.080500 0.153600 0.132300 0.112200 0.058800 0.009300 0.114100 0.097800 0.123900 0.143600 0.068500 0.196000 0.000000 0.057700 0.145300 0.090300 0.084600 0.076800 0.134400 0.155300 0.088100 0.133300 0.133400 0.154900 0.120900 0.080700 0.082300 0.069300 0.121100 0.114300 0.102600
Gemsbok 0.090100 0.435600 0.136700 0.520800 0.105700 0.090100 0.099900 0.058000 0.124100 0.156400 0.101500 0.148700 0.067900 0.089000 0.120000 0.098500 0.141700 0.152000 0.079800 0.148700 0.068800 0.101600 0.176200 0.143700 0.134100 0.079300 0.067300 0.136600 0.118700 0.146500 0.143800 0.089000 0.231200 0.057700 0.000000 0.167800 0.111600 0.084000 0.097000 0.156800 0.178100 0.108900 0.164900 0.155900 0.155000 0.142500 0.080600 0.104000 0.090100 0.121200 0.136700 0.147000
Yak 0.137400 0.528200 0.094800 0.451500 0.201100 0.137400 0.124700 0.169000 0.105100 0.183900 0.150800 0.071000 0.134700 0.158800 0.192700 0.168600 0.189000 0.169400 0.173000 0.106400 0.136800 0.174600 0.179900 0.157300 0.186300 0.103300 0.155600 0.094700 0.143900 0.104800 0.193500 0.158800 0.213500 0.145300 0.167800 0.000000 0.137400 0.176900 0.143100 0.159900 0.158000 0.134100 0.182900 0.158600 0.009600 0.218600 0.161300 0.165700 0.137400 0.147600 0.094800 0.105200
BlueSheep 0.060400 0.506500 0.083700 0.478000 0.120800 0.060400 0.049800 0.090900 0.094000 0.172800 0.030000 0.117800 0.101400 0.080900 0.112500 0.090600 0.124100 0.112500 0.093000 0.095000 0.060400 0.030100 0.169100 0.147000 0.060900 0.050100 0.100300 0.083600 0.068900 0.093700 0.182600 0.080900 0.177700 0.090300 0.111600 0.137400 0.000000 0.098500 0.089100 0.149400 0.147500 0.079900 0.172000 0.148400 0.147200 0.135400 0.094000 0.118700 0.082000 0.091800 0.083800 0.094000
BohorReedb 0.098800 0.561200 0.123100 0.534700 0.018800 0.098800 0.087000 0.064600 0.113100 0.154400 0.088900 0.158700 0.096200 0.076000 0.106100 0.085000 0.162500 0.128100 0.066500 0.134500 0.054400 0.089000 0.174300 0.155100 0.110700 0.064700 0.095200 0.122200 0.105300 0.132500 0.141800 0.076000 0.218500 0.084600 0.084000 0.176900 0.098500 0.000000 0.104900 0.154500 0.176400 0.095400 0.153000 0.153200 0.163200 0.086400 0.065500 0.108400 0.076200 0.129900 0.122700 0.133000
KirksDik 0.088900 0.571100 0.134800 0.477300 0.126000 0.088900 0.098600 0.097200 0.122400 0.154400 0.079300 0.169700 0.087200 0.087900 0.118500 0.056900 0.130500 0.140500 0.099600 0.146600 0.067700 0.079400 0.174100 0.152500 0.110700 0.078000 0.086400 0.134700 0.076100 0.144500 0.164000 0.087900 0.205300 0.076800 0.097000 0.143100 0.089100 0.104900 0.000000 0.154900 0.176000 0.107000 0.153800 0.153900 0.152600 0.140700 0.079100 0.102600 0.068300 0.141200 0.134800 0.145000
RoeDeer 0.149600 0.576400 0.129800 0.517200 0.178200 0.149600 0.136400 0.157800 0.116900 0.049900 0.139400 0.151800 0.146300 0.147400 0.181200 0.155200 0.124500 0.112900 0.159700 0.142000 0.125600 0.163000 0.038900 0.019300 0.150200 0.137500 0.144800 0.129600 0.133500 0.139900 0.059600 0.147400 0.178500 0.134400 0.156800 0.159900 0.149400 0.154500 0.154900 0.000000 0.039300 0.123700 0.049600 0.019500 0.169900 0.182700 0.161800 0.165400 0.149300 0.092300 0.129800 0.140400
WhiteLippe 0.171300 0.530500 0.128100 0.524800 0.200400 0.171300 0.134700 0.179200 0.138500 0.070000 0.161100 0.149800 0.167600 0.168800 0.203100 0.178500 0.145600 0.133800 0.182900 0.140100 0.146800 0.185000 0.019000 0.019200 0.172000 0.135600 0.165800 0.127900 0.110400 0.138100 0.079600 0.168800 0.177000 0.155300 0.178100 0.158000 0.147500 0.176400 0.176000 0.039300 0.000000 0.122300 0.069600 0.039100 0.167800 0.204600 0.183600 0.187800 0.170900 0.113100 0.128100 0.138600
ThomsonGaz 0.100900 0.559200 0.103300 0.500900 0.116700 0.100900 0.048500 0.088300 0.113400 0.123400 0.091100 0.137400 0.098900 0.058400 0.109700 0.088000 0.143400 0.110100 0.090600 0.114700 0.038600 0.091200 0.143200 0.121800 0.112500 0.028900 0.097900 0.103200 0.067100 0.113100 0.133000 0.058400 0.196700 0.088100 0.108900 0.134100 0.079900 0.095400 0.107000 0.123700 0.122300 0.000000 0.122800 0.122900 0.143700 0.132000 0.091200 0.115500 0.079900 0.089600 0.103400 0.113500
MuntiacusC 0.148400 0.554200 0.152600 0.514500 0.153300 0.148400 0.158600 0.156600 0.139200 0.000100 0.138300 0.174800 0.145200 0.146400 0.180100 0.155900 0.156700 0.144700 0.159800 0.165200 0.124700 0.161600 0.068900 0.048900 0.160600 0.136400 0.143600 0.152400 0.155200 0.162600 0.009600 0.146400 0.201400 0.133300 0.164900 0.182900 0.172000 0.153000 0.153800 0.049600 0.069600 0.122800 0.000000 0.049400 0.192800 0.191600 0.160600 0.140500 0.148200 0.113600 0.152600 0.163200
WhiteTaile 0.148500 0.573600 0.128800 0.517100 0.176700 0.148500 0.135600 0.156800 0.116100 0.049600 0.138400 0.150800 0.145400 0.146600 0.180100 0.153000 0.123600 0.112100 0.157600 0.140900 0.124800 0.161800 0.038700 0.019200 0.149100 0.136400 0.143800 0.128600 0.132700 0.138800 0.059200 0.146600 0.177200 0.133400 0.155900 0.158600 0.148400 0.153200 0.153900 0.019500 0.039100 0.122900 0.049400 0.000000 0.168700 0.182300 0.160600 0.164200 0.148400 0.091600 0.128900 0.139300
Cattle 0.147200 0.504300 0.104800 0.461100 0.186900 0.147200 0.134400 0.155900 0.115000 0.193900 0.160700 0.081000 0.144400 0.168500 0.202500 0.178200 0.198600 0.179100 0.159500 0.116300 0.146500 0.184500 0.189700 0.167100 0.196300 0.113000 0.165200 0.104600 0.153500 0.114700 0.179800 0.168500 0.223200 0.154900 0.155000 0.009600 0.147200 0.163200 0.152600 0.169900 0.167800 0.143700 0.192800 0.168700 0.000000 0.228200 0.171100 0.175700 0.147200 0.157400 0.104800 0.115100
RoyalAntel 0.135000 0.595600 0.162200 0.529300 0.108200 0.135000 0.123200 0.121700 0.148900 0.182200 0.125100 0.199100 0.132300 0.111700 0.132800 0.120800 0.213500 0.177200 0.124000 0.174700 0.091000 0.125300 0.202200 0.179800 0.147600 0.101800 0.130900 0.162100 0.142100 0.172100 0.191800 0.111700 0.258700 0.120900 0.142500 0.218600 0.135400 0.086400 0.140700 0.182700 0.204600 0.132000 0.191600 0.182300 0.228200 0.000000 0.125900 0.151500 0.091600 0.167800 0.162300 0.172700
Steenbok 0.093700 0.602900 0.119400 0.505600 0.087100 0.093700 0.082300 0.081000 0.106700 0.161400 0.083600 0.153900 0.091800 0.071200 0.102800 0.080600 0.160100 0.125100 0.083100 0.131400 0.050500 0.083800 0.181400 0.159000 0.116800 0.061000 0.090800 0.119200 0.101100 0.129400 0.171100 0.071200 0.215500 0.080700 0.080600 0.161300 0.094000 0.065500 0.079100 0.161800 0.183600 0.091200 0.160600 0.160600 0.171100 0.125900 0.000000 0.107600 0.050800 0.103700 0.119500 0.130000
Impala 0.095700 0.514400 0.146100 0.555000 0.109200 0.095700 0.106100 0.104700 0.132500 0.141100 0.108100 0.154100 0.072000 0.094400 0.104800 0.104300 0.168900 0.150800 0.107200 0.159000 0.073100 0.108200 0.185400 0.158900 0.142800 0.084200 0.092500 0.145900 0.125800 0.156500 0.151100 0.094400 0.245700 0.082300 0.104000 0.165700 0.118700 0.108400 0.102600 0.165400 0.187800 0.115500 0.140500 0.164200 0.175700 0.151500 0.107600 0.000000 0.095700 0.148300 0.146200 0.157000
Klipspring 0.081700 0.546100 0.106100 0.451900 0.098200 0.081700 0.070600 0.069800 0.094000 0.148900 0.071800 0.141200 0.080000 0.059900 0.090800 0.069500 0.146500 0.112500 0.071400 0.117800 0.039800 0.071900 0.168900 0.146900 0.104100 0.050100 0.079200 0.106000 0.089800 0.116100 0.158600 0.059900 0.200000 0.069300 0.090100 0.137400 0.082000 0.076200 0.068300 0.149300 0.170900 0.079900 0.148200 0.148400 0.147200 0.091600 0.050800 0.095700 0.000000 0.113300 0.106200 0.116500
ForestMusk 0.113500 0.622400 0.093800 0.529600 0.152600 0.113500 0.101400 0.121900 0.082000 0.114100 0.081900 0.128100 0.132700 0.111900 0.144000 0.121500 0.133900 0.100700 0.124600 0.105200 0.091000 0.103600 0.111800 0.090800 0.114400 0.102000 0.131300 0.093600 0.099300 0.103700 0.123900 0.111900 0.165000 0.121100 0.121200 0.147600 0.091800 0.129900 0.141200 0.092300 0.113100 0.089600 0.113600 0.091600 0.157400 0.167800 0.103700 0.148300 0.113300 0.000000 0.093800 0.104000
Bushbuck 0.105900 0.583200 0.000000 0.430300 0.146000 0.105900 0.072100 0.115100 0.010100 0.153300 0.095900 0.074900 0.126100 0.104800 0.115000 0.114700 0.160300 0.124900 0.117700 0.010200 0.083400 0.118800 0.149900 0.127600 0.130000 0.072600 0.124600 0.000100 0.091600 0.010000 0.163300 0.104800 0.181800 0.114300 0.136700 0.094800 0.083800 0.122700 0.134800 0.129800 0.128100 0.103400 0.152600 0.128900 0.104800 0.162300 0.119500 0.146200 0.106200 0.093800 0.000000 0.010100
GreaterKud 0.116200 0.560400 0.010100 0.413000 0.156400 0.116200 0.082200 0.125300 0.020100 0.164000 0.106400 0.085400 0.114100 0.115000 0.125300 0.102900 0.170800 0.135300 0.128100 0.020300 0.093600 0.129300 0.160400 0.138000 0.140600 0.082700 0.112800 0.010100 0.101600 0.020100 0.173900 0.115000 0.192300 0.102600 0.147000 0.105200 0.094000 0.133000 0.145000 0.140400 0.138600 0.113500 0.163200 0.139300 0.115100 0.172700 0.130000 0.157000 0.116500 0.104000 0.010100 0.000000
