CODONML (in paml version 4.10.7, June 2023)  /home/rachel/ruminants_paml/6406-phy-tree/ENSBTAT00000018301.fasta.phy
Model: free dN/dS Ratios for branches,  kappa = 2.000 fixed

Codon frequency model: F3x4
ns =  54  ls =  42

Codon usage in sequences
--------------------------------------------------------------------------------------------------------------------------------------
Phe TTT   1   1   1   1   1   1 | Ser TCT   1   1   1   1   1   1 | Tyr TAT   1   1   1   1   2   1 | Cys TGT   0   0   0   0   0   0
    TTC   1   1   1   1   1   1 |     TCC   2   2   2   2   2   2 |     TAC   1   1   1   1   0   1 |     TGC   0   0   0   0   0   0
Leu TTA   0   0   0   0   0   0 |     TCA   0   0   0   0   0   0 | *** TAA   0   0   0   0   0   0 | *** TGA   0   0   0   0   0   0
    TTG   1   1   1   1   1   1 |     TCG   0   0   0   0   0   0 |     TAG   0   0   0   0   0   0 | Trp TGG   0   0   0   0   0   0
--------------------------------------------------------------------------------------------------------------------------------------
Leu CTT   1   1   1   1   1   1 | Pro CCT   1   1   1   1   1   1 | His CAT   0   0   0   0   0   0 | Arg CGT   0   0   0   0   0   0
    CTC   0   0   0   0   0   0 |     CCC   1   2   1   1   1   1 |     CAC   1   0   1   1   1   1 |     CGC   1   1   1   1   1   1
    CTA   0   0   0   0   0   0 |     CCA   0   0   0   0   0   0 | Gln CAA   1   1   1   1   1   1 |     CGA   0   0   0   0   0   0
    CTG   2   2   2   2   2   2 |     CCG   0   0   0   0   0   0 |     CAG   0   0   0   0   0   1 |     CGG   1   1   1   1   1   0
--------------------------------------------------------------------------------------------------------------------------------------
Ile ATT   1   1   1   1   0   0 | Thr ACT   1   1   1   1   1   1 | Asn AAT   0   0   0   0   0   0 | Ser AGT   0   0   0   1   1   0
    ATC   0   0   0   0   2   1 |     ACC   1   1   1   1   0   1 |     AAC   0   0   0   0   0   1 |     AGC   2   1   2   1   1   0
    ATA   0   0   0   0   0   0 |     ACA   0   0   0   0   0   0 | Lys AAA   0   0   0   0   0   0 | Arg AGA   0   0   0   0   0   0
Met ATG   1   1   1   1   1   1 |     ACG   0   0   0   0   0   0 |     AAG   2   2   2   2   2   2 |     AGG   0   0   0   0   1   0
--------------------------------------------------------------------------------------------------------------------------------------
Val GTT   0   0   0   0   0   0 | Ala GCT   1   1   1   1   1   2 | Asp GAT   1   1   1   1   1   1 | Gly GGT   1   0   1   0   0   1
    GTC   1   0   1   0   0   0 |     GCC   1   2   2   2   2   1 |     GAC   1   1   1   1   1   1 |     GGC   1   3   0   2   3   3
    GTA   0   0   0   0   0   0 |     GCA   1   1   1   1   1   1 | Glu GAA   1   1   1   1   1   1 |     GGA   2   2   2   2   1   2
    GTG   0   0   0   0   0   0 |     GCG   0   0   0   0   0   0 |     GAG   4   4   4   4   4   4 |     GGG   2   2   2   2   1   1
--------------------------------------------------------------------------------------------------------------------------------------

--------------------------------------------------------------------------------------------------------------------------------------
Phe TTT   1   1   1   1   1   1 | Ser TCT   1   1   1   1   1   2 | Tyr TAT   1   1   1   1   1   1 | Cys TGT   0   0   0   0   0   0
    TTC   1   1   1   1   1   1 |     TCC   2   2   2   2   2   1 |     TAC   1   1   1   1   1   1 |     TGC   0   0   0   0   0   0
Leu TTA   0   0   0   0   0   0 |     TCA   0   0   0   0   0   0 | *** TAA   0   0   0   0   0   0 | *** TGA   0   0   0   0   0   0
    TTG   1   1   1   1   1   1 |     TCG   0   0   0   0   0   0 |     TAG   0   0   0   0   0   0 | Trp TGG   0   0   0   0   0   0
--------------------------------------------------------------------------------------------------------------------------------------
Leu CTT   1   1   1   1   1   1 | Pro CCT   1   1   1   1   1   1 | His CAT   0   0   0   0   0   0 | Arg CGT   0   0   0   0   0   0
    CTC   0   0   0   0   0   0 |     CCC   1   1   1   1   1   1 |     CAC   1   1   1   1   1   1 |     CGC   1   1   1   1   1   1
    CTA   0   0   0   0   0   0 |     CCA   0   0   0   0   0   0 | Gln CAA   1   1   1   1   1   1 |     CGA   0   0   0   0   0   0
    CTG   2   2   2   2   2   2 |     CCG   0   0   0   0   0   0 |     CAG   0   0   0   0   0   0 |     CGG   1   1   1   1   1   1
--------------------------------------------------------------------------------------------------------------------------------------
Ile ATT   1   1   1   1   1   1 | Thr ACT   1   1   1   1   1   1 | Asn AAT   0   0   0   0   0   0 | Ser AGT   0   0   0   1   0   0
    ATC   0   0   0   0   0   0 |     ACC   1   1   1   1   1   1 |     AAC   0   0   0   0   0   0 |     AGC   2   2   2   2   2   2
    ATA   0   0   0   0   0   0 |     ACA   0   0   0   0   0   0 | Lys AAA   0   0   0   0   0   0 | Arg AGA   0   0   0   0   0   0
Met ATG   1   1   1   1   1   1 |     ACG   0   0   0   0   0   0 |     AAG   2   2   2   2   2   2 |     AGG   0   0   0   0   0   0
--------------------------------------------------------------------------------------------------------------------------------------
Val GTT   0   0   0   0   1   0 | Ala GCT   1   1   1   1   1   1 | Asp GAT   1   1   1   1   1   1 | Gly GGT   1   1   1   0   1   1
    GTC   1   1   1   1   0   0 |     GCC   1   1   1   1   2   2 |     GAC   1   1   1   1   1   1 |     GGC   1   1   1   1   0   1
    GTA   0   0   0   0   0   0 |     GCA   1   1   1   1   1   1 | Glu GAA   1   1   1   1   1   1 |     GGA   2   2   2   2   2   2
    GTG   0   0   0   0   0   0 |     GCG   0   0   0   0   0   0 |     GAG   4   4   4   4   4   4 |     GGG   2   2   2   2   2   2
--------------------------------------------------------------------------------------------------------------------------------------

--------------------------------------------------------------------------------------------------------------------------------------
Phe TTT   1   1   1   1   1   1 | Ser TCT   1   1   1   1   1   1 | Tyr TAT   1   1   1   1   1   1 | Cys TGT   0   0   0   0   0   0
    TTC   1   1   1   1   1   1 |     TCC   2   1   2   2   2   2 |     TAC   1   1   1   1   1   1 |     TGC   0   0   0   0   0   0
Leu TTA   0   0   0   0   0   0 |     TCA   0   0   0   0   0   0 | *** TAA   0   0   0   0   0   0 | *** TGA   0   0   0   0   0   0
    TTG   1   1   1   1   1   1 |     TCG   0   0   0   0   0   0 |     TAG   0   0   0   0   0   0 | Trp TGG   0   0   0   0   0   0
--------------------------------------------------------------------------------------------------------------------------------------
Leu CTT   1   1   0   1   1   1 | Pro CCT   1   2   1   1   1   1 | His CAT   0   0   0   0   0   0 | Arg CGT   0   0   1   0   0   0
    CTC   0   0   0   0   0   0 |     CCC   1   1   1   1   1   1 |     CAC   1   1   1   1   1   1 |     CGC   1   1   1   1   1   1
    CTA   0   0   0   0   0   0 |     CCA   0   0   0   0   0   0 | Gln CAA   1   1   1   1   1   1 |     CGA   0   0   0   0   0   0
    CTG   2   2   2   2   2   2 |     CCG   0   0   0   0   0   0 |     CAG   0   0   0   0   0   0 |     CGG   1   1   1   1   1   1
--------------------------------------------------------------------------------------------------------------------------------------
Ile ATT   1   1   1   1   1   1 | Thr ACT   1   1   1   1   1   1 | Asn AAT   0   0   0   0   0   0 | Ser AGT   0   0   0   0   0   2
    ATC   0   0   0   0   0   0 |     ACC   1   1   1   1   1   1 |     AAC   0   0   0   0   0   0 |     AGC   2   2   2   2   2   1
    ATA   0   0   0   0   0   0 |     ACA   0   0   0   0   0   0 | Lys AAA   0   0   0   0   0   0 | Arg AGA   0   0   0   0   0   0
Met ATG   1   1   1   1   1   1 |     ACG   0   0   0   0   0   0 |     AAG   2   2   2   2   2   2 |     AGG   0   0   0   0   0   0
--------------------------------------------------------------------------------------------------------------------------------------
Val GTT   0   0   0   0   0   0 | Ala GCT   1   1   1   1   1   1 | Asp GAT   1   1   1   1   1   1 | Gly GGT   1   1   2   1   1   0
    GTC   1   1   1   1   1   1 |     GCC   1   1   1   1   1   1 |     GAC   1   1   1   1   1   1 |     GGC   1   1   0   1   1   1
    GTA   0   0   0   0   0   0 |     GCA   1   1   1   1   1   1 | Glu GAA   1   1   1   1   1   1 |     GGA   2   2   2   2   2   2
    GTG   0   0   0   0   0   0 |     GCG   0   0   0   0   0   0 |     GAG   4   4   4   4   4   4 |     GGG   2   2   2   2   2   2
--------------------------------------------------------------------------------------------------------------------------------------

--------------------------------------------------------------------------------------------------------------------------------------
Phe TTT   1   1   1   1   1   1 | Ser TCT   2   2   1   1   1   1 | Tyr TAT   1   1   1   1   1   1 | Cys TGT   0   0   0   0   0   0
    TTC   1   1   1   1   1   1 |     TCC   1   1   2   2   2   2 |     TAC   1   1   1   1   1   1 |     TGC   1   1   0   0   0   0
Leu TTA   0   0   0   0   0   0 |     TCA   1   1   0   0   0   0 | *** TAA   0   0   0   0   0   0 | *** TGA   0   0   0   0   0   0
    TTG   1   1   1   1   1   1 |     TCG   0   0   0   0   0   0 |     TAG   0   0   0   0   0   0 | Trp TGG   0   0   0   0   0   0
--------------------------------------------------------------------------------------------------------------------------------------
Leu CTT   0   1   1   1   1   1 | Pro CCT   0   0   1   1   1   1 | His CAT   0   0   0   0   0   0 | Arg CGT   1   0   0   0   0   0
    CTC   0   0   0   0   0   0 |     CCC   1   1   1   1   1   1 |     CAC   0   0   1   1   1   1 |     CGC   1   1   1   1   1   1
    CTA   0   0   0   0   0   0 |     CCA   0   0   0   0   0   0 | Gln CAA   1   1   1   1   1   1 |     CGA   0   0   0   0   0   0
    CTG   2   2   2   2   2   2 |     CCG   0   0   0   0   0   0 |     CAG   0   0   0   0   0   0 |     CGG   1   1   1   1   1   1
--------------------------------------------------------------------------------------------------------------------------------------
Ile ATT   1   1   1   1   1   1 | Thr ACT   1   1   1   1   1   1 | Asn AAT   0   0   0   0   0   0 | Ser AGT   0   0   0   0   1   1
    ATC   0   0   0   0   0   0 |     ACC   1   1   1   1   1   1 |     AAC   0   0   0   0   0   0 |     AGC   1   1   2   2   2   2
    ATA   0   0   0   0   0   0 |     ACA   0   0   0   0   0   0 | Lys AAA   1   1   0   0   0   0 | Arg AGA   0   0   0   0   0   0
Met ATG   1   1   1   1   1   1 |     ACG   0   0   0   0   0   0 |     AAG   2   2   2   2   2   2 |     AGG   0   0   0   0   0   0
--------------------------------------------------------------------------------------------------------------------------------------
Val GTT   0   0   0   0   0   0 | Ala GCT   2   1   1   1   1   1 | Asp GAT   1   1   1   1   1   1 | Gly GGT   1   1   1   1   0   0
    GTC   0   0   1   1   1   1 |     GCC   1   2   1   2   1   1 |     GAC   1   1   1   1   2   1 |     GGC   2   2   1   0   1   1
    GTA   0   0   0   0   0   0 |     GCA   1   1   1   1   1   1 | Glu GAA   0   0   1   1   1   1 |     GGA   2   2   2   2   2   2
    GTG   0   0   0   0   0   0 |     GCG   0   0   0   0   0   0 |     GAG   4   4   4   4   3   4 |     GGG   2   2   2   2   2   2
--------------------------------------------------------------------------------------------------------------------------------------

--------------------------------------------------------------------------------------------------------------------------------------
Phe TTT   1   1   1   1   1   1 | Ser TCT   2   2   1   1   1   1 | Tyr TAT   1   1   1   1   1   1 | Cys TGT   0   0   0   0   0   0
    TTC   1   1   1   1   1   1 |     TCC   1   1   2   2   2   2 |     TAC   1   1   1   1   1   1 |     TGC   0   0   0   0   0   0
Leu TTA   0   0   0   0   0   0 |     TCA   0   0   0   0   0   0 | *** TAA   0   0   0   0   0   0 | *** TGA   0   0   0   0   0   0
    TTG   1   1   1   1   1   1 |     TCG   0   0   0   0   0   0 |     TAG   0   0   0   0   0   0 | Trp TGG   0   0   0   0   0   0
--------------------------------------------------------------------------------------------------------------------------------------
Leu CTT   1   1   1   1   0   1 | Pro CCT   1   1   1   1   1   1 | His CAT   0   0   0   0   0   0 | Arg CGT   0   0   0   0   1   0
    CTC   0   0   0   0   0   0 |     CCC   1   1   1   1   1   1 |     CAC   1   1   1   1   1   1 |     CGC   1   1   1   1   1   1
    CTA   0   0   0   0   0   0 |     CCA   0   0   0   0   0   0 | Gln CAA   1   1   1   1   1   1 |     CGA   1   0   0   0   0   0
    CTG   2   2   2   2   2   2 |     CCG   0   0   0   0   0   0 |     CAG   0   1   0   0   0   0 |     CGG   0   1   1   1   1   1
--------------------------------------------------------------------------------------------------------------------------------------
Ile ATT   1   1   1   1   1   1 | Thr ACT   1   1   1   1   1   1 | Asn AAT   0   1   0   0   0   0 | Ser AGT   0   0   0   2   0   0
    ATC   0   0   0   0   0   0 |     ACC   1   1   1   1   1   1 |     AAC   0   0   0   0   0   0 |     AGC   2   2   2   1   2   2
    ATA   0   0   0   0   0   0 |     ACA   0   0   0   0   0   0 | Lys AAA   0   0   0   0   0   0 | Arg AGA   0   0   0   0   0   0
Met ATG   1   1   1   1   1   1 |     ACG   0   0   0   0   0   0 |     AAG   2   2   2   2   2   2 |     AGG   0   0   0   0   0   0
--------------------------------------------------------------------------------------------------------------------------------------
Val GTT   0   0   0   0   0   1 | Ala GCT   1   1   1   1   1   1 | Asp GAT   1   0   1   1   1   1 | Gly GGT   1   1   1   0   2   1
    GTC   0   0   1   1   1   0 |     GCC   2   2   1   1   1   2 |     GAC   1   1   1   1   1   1 |     GGC   1   1   1   1   0   0
    GTA   0   0   0   0   0   0 |     GCA   1   1   1   1   1   1 | Glu GAA   1   1   1   1   1   1 |     GGA   2   2   2   2   2   2
    GTG   0   0   0   1   0   0 |     GCG   0   0   0   0   0   0 |     GAG   4   3   4   4   4   4 |     GGG   2   2   2   1   2   2
--------------------------------------------------------------------------------------------------------------------------------------

--------------------------------------------------------------------------------------------------------------------------------------
Phe TTT   1   1   1   1   1   1 | Ser TCT   1   1   2   1   2   1 | Tyr TAT   1   1   1   1   1   1 | Cys TGT   0   0   0   0   0   0
    TTC   1   1   1   1   1   1 |     TCC   2   2   1   2   1   2 |     TAC   1   1   1   1   1   1 |     TGC   0   0   0   0   0   0
Leu TTA   0   0   0   0   0   0 |     TCA   0   0   0   0   0   0 | *** TAA   0   0   0   0   0   0 | *** TGA   0   0   0   0   0   0
    TTG   1   1   1   1   1   1 |     TCG   0   0   0   0   0   0 |     TAG   0   0   0   0   0   0 | Trp TGG   0   0   0   0   0   0
--------------------------------------------------------------------------------------------------------------------------------------
Leu CTT   1   1   1   1   1   0 | Pro CCT   1   1   1   1   1   1 | His CAT   0   0   0   0   0   0 | Arg CGT   0   0   0   0   0   1
    CTC   0   0   0   0   0   0 |     CCC   1   1   1   1   1   1 |     CAC   1   1   1   1   1   1 |     CGC   1   1   1   1   1   1
    CTA   0   0   0   0   0   0 |     CCA   0   0   0   0   0   0 | Gln CAA   1   1   1   1   1   1 |     CGA   0   0   0   0   0   0
    CTG   2   2   2   2   2   2 |     CCG   0   0   0   0   0   0 |     CAG   0   0   0   0   0   0 |     CGG   1   1   1   1   1   1
--------------------------------------------------------------------------------------------------------------------------------------
Ile ATT   1   1   1   1   1   1 | Thr ACT   1   1   1   1   1   1 | Asn AAT   0   0   0   0   0   0 | Ser AGT   2   0   0   0   0   0
    ATC   0   0   0   0   0   0 |     ACC   1   1   1   1   1   1 |     AAC   0   0   0   0   0   0 |     AGC   1   2   2   2   1   2
    ATA   0   0   0   0   0   0 |     ACA   0   0   0   0   0   0 | Lys AAA   0   0   0   0   0   0 | Arg AGA   0   0   0   0   0   0
Met ATG   1   1   1   1   1   1 |     ACG   0   0   0   0   0   0 |     AAG   2   2   2   2   2   2 |     AGG   0   0   0   0   0   0
--------------------------------------------------------------------------------------------------------------------------------------
Val GTT   0   0   0   0   0   0 | Ala GCT   1   1   1   1   1   1 | Asp GAT   1   1   1   1   1   1 | Gly GGT   0   1   1   1   1   2
    GTC   1   1   0   1   0   1 |     GCC   1   2   2   1   2   1 |     GAC   1   1   1   1   1   1 |     GGC   1   0   1   1   2   0
    GTA   0   0   0   0   0   0 |     GCA   1   1   1   1   1   1 | Glu GAA   1   1   1   1   1   1 |     GGA   2   2   2   2   2   2
    GTG   0   0   0   0   0   0 |     GCG   0   0   0   0   0   0 |     GAG   4   4   4   4   4   4 |     GGG   2   2   2   2   2   2
--------------------------------------------------------------------------------------------------------------------------------------

--------------------------------------------------------------------------------------------------------------------------------------
Phe TTT   1   1   1   1   1   1 | Ser TCT   2   0   1   1   1   2 | Tyr TAT   1   2   1   1   1   1 | Cys TGT   0   0   0   0   0   0
    TTC   1   1   1   1   1   1 |     TCC   1   2   2   2   2   1 |     TAC   1   0   1   1   1   1 |     TGC   0   0   0   0   0   0
Leu TTA   0   0   0   0   0   0 |     TCA   0   0   0   0   0   0 | *** TAA   0   0   0   0   0   0 | *** TGA   0   0   0   0   0   0
    TTG   1   1   1   1   1   1 |     TCG   0   0   0   0   0   0 |     TAG   0   0   0   0   0   0 | Trp TGG   0   0   0   0   0   0
--------------------------------------------------------------------------------------------------------------------------------------
Leu CTT   1   1   1   1   1   1 | Pro CCT   1   2   1   1   1   1 | His CAT   0   0   0   0   0   0 | Arg CGT   0   0   0   0   0   0
    CTC   0   0   0   0   0   0 |     CCC   1   1   1   1   1   1 |     CAC   1   1   1   1   1   1 |     CGC   1   1   1   1   1   1
    CTA   0   0   0   0   0   0 |     CCA   0   0   0   0   0   0 | Gln CAA   1   1   1   1   1   1 |     CGA   0   0   0   0   0   0
    CTG   2   2   2   2   2   2 |     CCG   0   0   0   0   0   0 |     CAG   0   0   0   0   0   0 |     CGG   1   1   1   1   1   1
--------------------------------------------------------------------------------------------------------------------------------------
Ile ATT   1   1   1   2   1   1 | Thr ACT   1   1   1   1   1   1 | Asn AAT   0   0   0   0   0   1 | Ser AGT   0   0   1   0   1   0
    ATC   0   0   0   0   0   0 |     ACC   1   1   1   1   1   1 |     AAC   0   0   0   0   0   0 |     AGC   2   3   2   2   2   2
    ATA   0   0   0   0   0   0 |     ACA   0   0   0   0   0   0 | Lys AAA   0   0   0   0   0   0 | Arg AGA   0   0   0   0   0   0
Met ATG   1   1   1   1   1   1 |     ACG   0   0   0   0   0   0 |     AAG   2   2   2   2   2   2 |     AGG   0   0   0   0   0   0
--------------------------------------------------------------------------------------------------------------------------------------
Val GTT   0   0   0   0   0   0 | Ala GCT   1   1   1   1   1   1 | Asp GAT   1   1   1   1   1   0 | Gly GGT   1   1   0   1   0   1
    GTC   1   1   1   0   1   0 |     GCC   1   1   1   1   1   2 |     GAC   1   1   1   1   1   1 |     GGC   1   0   1   1   1   1
    GTA   0   0   0   0   0   0 |     GCA   1   1   1   1   1   1 | Glu GAA   1   1   1   1   2   1 |     GGA   2   2   2   2   1   2
    GTG   0   0   0   0   0   0 |     GCG   0   1   0   0   0   0 |     GAG   4   3   4   4   4   4 |     GGG   2   2   2   2   2   2
--------------------------------------------------------------------------------------------------------------------------------------

--------------------------------------------------------------------------------------------------------------------------------------
Phe TTT   1   1   1   1   1   1 | Ser TCT   2   1   2   2   0   1 | Tyr TAT   1   1   1   1   2   1 | Cys TGT   0   0   0   0   0   0
    TTC   1   1   1   1   1   1 |     TCC   1   2   1   1   2   2 |     TAC   1   1   1   1   0   1 |     TGC   0   0   0   0   0   0
Leu TTA   0   0   0   0   0   0 |     TCA   0   0   0   0   0   0 | *** TAA   0   0   0   0   0   0 | *** TGA   0   0   0   0   0   0
    TTG   1   1   1   1   1   1 |     TCG   0   0   0   0   0   0 |     TAG   0   0   0   0   0   0 | Trp TGG   0   0   0   0   0   0
--------------------------------------------------------------------------------------------------------------------------------------
Leu CTT   1   1   1   1   1   1 | Pro CCT   1   1   1   1   2   1 | His CAT   0   0   0   0   0   1 | Arg CGT   0   0   0   0   0   0
    CTC   0   0   0   0   0   0 |     CCC   1   1   1   1   1   1 |     CAC   1   1   1   1   1   0 |     CGC   1   1   1   1   1   1
    CTA   0   0   0   0   0   0 |     CCA   0   0   0   0   0   0 | Gln CAA   1   1   1   2   1   1 |     CGA   0   0   0   0   0   0
    CTG   2   2   2   2   2   2 |     CCG   0   0   0   0   0   0 |     CAG   0   0   0   0   0   0 |     CGG   1   1   1   1   1   1
--------------------------------------------------------------------------------------------------------------------------------------
Ile ATT   1   1   1   1   1   1 | Thr ACT   1   1   1   1   1   1 | Asn AAT   0   0   0   1   0   0 | Ser AGT   0   2   0   0   0   0
    ATC   0   0   0   0   0   0 |     ACC   1   1   1   1   1   1 |     AAC   0   0   0   0   0   0 |     AGC   2   1   2   2   3   2
    ATA   0   0   0   0   0   0 |     ACA   0   0   0   0   0   0 | Lys AAA   0   0   0   0   0   0 | Arg AGA   0   0   0   0   0   0
Met ATG   1   1   1   1   1   1 |     ACG   0   0   0   0   0   0 |     AAG   2   2   2   2   2   2 |     AGG   0   0   0   0   0   0
--------------------------------------------------------------------------------------------------------------------------------------
Val GTT   0   0   0   0   0   0 | Ala GCT   1   1   1   1   1   1 | Asp GAT   1   1   1   0   1   1 | Gly GGT   1   0   1   1   1   1
    GTC   0   1   0   0   1   1 |     GCC   2   1   2   2   1   1 |     GAC   1   1   1   1   1   1 |     GGC   1   1   1   1   0   1
    GTA   0   0   0   0   0   0 |     GCA   1   1   1   1   1   1 | Glu GAA   2   1   1   1   1   2 |     GGA   2   2   2   2   2   2
    GTG   0   0   0   0   0   0 |     GCG   0   1   0   0   1   0 |     GAG   3   4   4   3   3   3 |     GGG   2   1   2   2   2   2
--------------------------------------------------------------------------------------------------------------------------------------

--------------------------------------------------------------------------------------------------------------------------------------
Phe TTT   1   1   1   1   1   1 | Ser TCT   1   1   1   1   1   1 | Tyr TAT   1   1   1   1   1   1 | Cys TGT   0   0   0   0   0   0
    TTC   1   1   1   1   1   1 |     TCC   2   2   2   2   2   2 |     TAC   1   1   1   1   1   1 |     TGC   0   0   1   0   0   0
Leu TTA   0   0   0   0   0   0 |     TCA   0   0   0   0   0   0 | *** TAA   0   0   0   0   0   0 | *** TGA   0   0   0   0   0   0
    TTG   1   1   1   1   1   1 |     TCG   0   0   0   0   0   0 |     TAG   0   0   0   0   0   0 | Trp TGG   0   0   0   0   0   0
--------------------------------------------------------------------------------------------------------------------------------------
Leu CTT   1   1   1   1   1   1 | Pro CCT   1   1   1   1   1   1 | His CAT   0   0   0   0   0   0 | Arg CGT   0   0   0   0   0   0
    CTC   0   0   0   0   0   0 |     CCC   1   1   1   1   1   1 |     CAC   1   1   1   1   1   1 |     CGC   1   1   1   1   1   1
    CTA   0   0   0   0   0   0 |     CCA   0   0   0   0   0   0 | Gln CAA   1   1   1   1   1   1 |     CGA   0   0   0   0   0   0
    CTG   2   2   2   2   2   2 |     CCG   0   0   0   0   0   0 |     CAG   0   0   0   0   0   0 |     CGG   1   1   1   1   1   1
--------------------------------------------------------------------------------------------------------------------------------------
Ile ATT   1   1   1   1   1   1 | Thr ACT   1   1   1   1   1   1 | Asn AAT   0   0   0   0   0   0 | Ser AGT   1   0   0   1   0   0
    ATC   0   0   0   0   0   0 |     ACC   1   1   1   1   1   1 |     AAC   0   0   0   0   0   0 |     AGC   2   2   2   1   2   2
    ATA   0   0   0   0   0   0 |     ACA   0   0   0   0   0   0 | Lys AAA   0   0   0   0   0   0 | Arg AGA   0   0   0   0   0   0
Met ATG   1   1   1   1   1   1 |     ACG   0   0   0   0   0   0 |     AAG   2   2   2   2   2   2 |     AGG   0   0   0   0   0   0
--------------------------------------------------------------------------------------------------------------------------------------
Val GTT   0   0   0   0   0   0 | Ala GCT   1   1   1   1   1   1 | Asp GAT   1   1   1   1   1   1 | Gly GGT   0   1   1   0   1   1
    GTC   1   1   1   0   1   1 |     GCC   1   1   1   2   2   2 |     GAC   1   1   1   1   1   1 |     GGC   1   1   0   2   0   0
    GTA   0   0   0   0   0   0 |     GCA   1   1   0   1   1   1 | Glu GAA   1   1   1   1   1   2 |     GGA   2   2   2   2   2   2
    GTG   0   0   0   0   0   0 |     GCG   0   0   1   0   0   0 |     GAG   4   4   4   4   4   3 |     GGG   2   2   2   2   2   2
--------------------------------------------------------------------------------------------------------------------------------------

Codon position x base (3x4) table for each sequence.

#1: Argali         
position  1:    T:0.19048    C:0.21429    A:0.19048    G:0.40476
position  2:    T:0.21429    C:0.23810    A:0.30952    G:0.23810
position  3:    T:0.23810    C:0.33333    A:0.11905    G:0.30952
Average         T:0.21429    C:0.26190    A:0.20635    G:0.31746

#2: LesserMouseDeer
position  1:    T:0.19048    C:0.21429    A:0.16667    G:0.42857
position  2:    T:0.19048    C:0.28571    A:0.28571    G:0.23810
position  3:    T:0.21429    C:0.35714    A:0.11905    G:0.30952
Average         T:0.19841    C:0.28571    A:0.19048    G:0.32540

#3: LesserKudu     
position  1:    T:0.19048    C:0.21429    A:0.19048    G:0.40476
position  2:    T:0.21429    C:0.26190    A:0.30952    G:0.21429
position  3:    T:0.23810    C:0.33333    A:0.11905    G:0.30952
Average         T:0.21429    C:0.26984    A:0.20635    G:0.30952

#4: ForestMuskDeer2
position  1:    T:0.19048    C:0.21429    A:0.19048    G:0.40476
position  2:    T:0.19048    C:0.26190    A:0.30952    G:0.23810
position  3:    T:0.23810    C:0.33333    A:0.11905    G:0.30952
Average         T:0.20635    C:0.26984    A:0.20635    G:0.31746

#5: Camel          
position  1:    T:0.19048    C:0.21429    A:0.21429    G:0.38095
position  2:    T:0.21429    C:0.23810    A:0.30952    G:0.23810
position  3:    T:0.23810    C:0.35714    A:0.09524    G:0.30952
Average         T:0.21429    C:0.26984    A:0.20635    G:0.30952

#6: KillerWhale    
position  1:    T:0.19048    C:0.21429    A:0.16667    G:0.42857
position  2:    T:0.19048    C:0.26190    A:0.35714    G:0.19048
position  3:    T:0.23810    C:0.35714    A:0.11905    G:0.28571
Average         T:0.20635    C:0.27778    A:0.21429    G:0.30159

#7: DefassaWaterbuck
position  1:    T:0.19048    C:0.21429    A:0.19048    G:0.40476
position  2:    T:0.21429    C:0.23810    A:0.30952    G:0.23810
position  3:    T:0.23810    C:0.33333    A:0.11905    G:0.30952
Average         T:0.21429    C:0.26190    A:0.20635    G:0.31746

#8: Sheep          
position  1:    T:0.19048    C:0.21429    A:0.19048    G:0.40476
position  2:    T:0.21429    C:0.23810    A:0.30952    G:0.23810
position  3:    T:0.23810    C:0.33333    A:0.11905    G:0.30952
Average         T:0.21429    C:0.26190    A:0.20635    G:0.31746

#9: MaxwellsDuiker 
position  1:    T:0.19048    C:0.21429    A:0.19048    G:0.40476
position  2:    T:0.21429    C:0.23810    A:0.30952    G:0.23810
position  3:    T:0.23810    C:0.33333    A:0.11905    G:0.30952
Average         T:0.21429    C:0.26190    A:0.20635    G:0.31746

#10: GazellaPrzewalskyi
position  1:    T:0.19048    C:0.21429    A:0.21429    G:0.38095
position  2:    T:0.21429    C:0.23810    A:0.30952    G:0.23810
position  3:    T:0.23810    C:0.33333    A:0.11905    G:0.30952
Average         T:0.21429    C:0.26190    A:0.21429    G:0.30952

#11: MountainNyala  
position  1:    T:0.19048    C:0.21429    A:0.19048    G:0.40476
position  2:    T:0.21429    C:0.26190    A:0.30952    G:0.21429
position  3:    T:0.26190    C:0.30952    A:0.11905    G:0.30952
Average         T:0.22222    C:0.26190    A:0.20635    G:0.30952

#12: MuntiacusMuntjak
position  1:    T:0.19048    C:0.21429    A:0.19048    G:0.40476
position  2:    T:0.19048    C:0.26190    A:0.30952    G:0.23810
position  3:    T:0.26190    C:0.30952    A:0.11905    G:0.30952
Average         T:0.21429    C:0.26190    A:0.20635    G:0.31746

#13: goat           
position  1:    T:0.19048    C:0.21429    A:0.19048    G:0.40476
position  2:    T:0.21429    C:0.23810    A:0.30952    G:0.23810
position  3:    T:0.23810    C:0.33333    A:0.11905    G:0.30952
Average         T:0.21429    C:0.26190    A:0.20635    G:0.31746

#14: AfricanBuffalo 
position  1:    T:0.16667    C:0.23810    A:0.19048    G:0.40476
position  2:    T:0.21429    C:0.23810    A:0.30952    G:0.23810
position  3:    T:0.26190    C:0.30952    A:0.11905    G:0.30952
Average         T:0.21429    C:0.26190    A:0.20635    G:0.31746

#15: Topi           
position  1:    T:0.19048    C:0.21429    A:0.19048    G:0.40476
position  2:    T:0.19048    C:0.23810    A:0.30952    G:0.26190
position  3:    T:0.26190    C:0.30952    A:0.11905    G:0.30952
Average         T:0.21429    C:0.25397    A:0.20635    G:0.32540

#16: CommonDuiker   
position  1:    T:0.19048    C:0.21429    A:0.19048    G:0.40476
position  2:    T:0.21429    C:0.23810    A:0.30952    G:0.23810
position  3:    T:0.23810    C:0.33333    A:0.11905    G:0.30952
Average         T:0.21429    C:0.26190    A:0.20635    G:0.31746

#17: Suni           
position  1:    T:0.19048    C:0.21429    A:0.19048    G:0.40476
position  2:    T:0.21429    C:0.23810    A:0.30952    G:0.23810
position  3:    T:0.23810    C:0.33333    A:0.11905    G:0.30952
Average         T:0.21429    C:0.26190    A:0.20635    G:0.31746

#18: Springbuck     
position  1:    T:0.19048    C:0.21429    A:0.21429    G:0.38095
position  2:    T:0.21429    C:0.23810    A:0.30952    G:0.23810
position  3:    T:0.26190    C:0.30952    A:0.11905    G:0.30952
Average         T:0.22222    C:0.25397    A:0.21429    G:0.30952

#19: Okapi          
position  1:    T:0.23810    C:0.16667    A:0.19048    G:0.40476
position  2:    T:0.16667    C:0.26190    A:0.28571    G:0.28571
position  3:    T:0.26190    C:0.28571    A:0.14286    G:0.30952
Average         T:0.22222    C:0.23810    A:0.20635    G:0.33333

#20: Giraffe        
position  1:    T:0.23810    C:0.16667    A:0.19048    G:0.40476
position  2:    T:0.19048    C:0.26190    A:0.28571    G:0.26190
position  3:    T:0.23810    C:0.30952    A:0.14286    G:0.30952
Average         T:0.22222    C:0.24603    A:0.20635    G:0.32540

#21: TibetanAntelope
position  1:    T:0.19048    C:0.21429    A:0.19048    G:0.40476
position  2:    T:0.21429    C:0.23810    A:0.30952    G:0.23810
position  3:    T:0.23810    C:0.33333    A:0.11905    G:0.30952
Average         T:0.21429    C:0.26190    A:0.20635    G:0.31746

#22: Sitatunga      
position  1:    T:0.19048    C:0.21429    A:0.19048    G:0.40476
position  2:    T:0.21429    C:0.26190    A:0.30952    G:0.21429
position  3:    T:0.23810    C:0.33333    A:0.11905    G:0.30952
Average         T:0.21429    C:0.26984    A:0.20635    G:0.30952

#23: Oribi          
position  1:    T:0.19048    C:0.21429    A:0.21429    G:0.38095
position  2:    T:0.21429    C:0.23810    A:0.30952    G:0.23810
position  3:    T:0.23810    C:0.35714    A:0.11905    G:0.28571
Average         T:0.21429    C:0.26984    A:0.21429    G:0.30159

#24: BarbarySheep   
position  1:    T:0.19048    C:0.21429    A:0.21429    G:0.38095
position  2:    T:0.21429    C:0.23810    A:0.30952    G:0.23810
position  3:    T:0.23810    C:0.33333    A:0.11905    G:0.30952
Average         T:0.21429    C:0.26190    A:0.21429    G:0.30952

#25: Daviddeer      
position  1:    T:0.19048    C:0.21429    A:0.19048    G:0.40476
position  2:    T:0.19048    C:0.26190    A:0.30952    G:0.23810
position  3:    T:0.26190    C:0.30952    A:0.14286    G:0.28571
Average         T:0.21429    C:0.26190    A:0.21429    G:0.30952

#26: Reindeer       
position  1:    T:0.19048    C:0.23810    A:0.21429    G:0.35714
position  2:    T:0.19048    C:0.26190    A:0.30952    G:0.23810
position  3:    T:0.26190    C:0.30952    A:0.11905    G:0.30952
Average         T:0.21429    C:0.26984    A:0.21429    G:0.30159

#27: Ibex           
position  1:    T:0.19048    C:0.21429    A:0.19048    G:0.40476
position  2:    T:0.21429    C:0.23810    A:0.30952    G:0.23810
position  3:    T:0.23810    C:0.33333    A:0.11905    G:0.30952
Average         T:0.21429    C:0.26190    A:0.20635    G:0.31746

#28: GyrantGazelle  
position  1:    T:0.19048    C:0.21429    A:0.21429    G:0.38095
position  2:    T:0.23810    C:0.23810    A:0.30952    G:0.21429
position  3:    T:0.26190    C:0.30952    A:0.11905    G:0.30952
Average         T:0.23016    C:0.25397    A:0.21429    G:0.30159

#29: Hartebeest     
position  1:    T:0.19048    C:0.21429    A:0.19048    G:0.40476
position  2:    T:0.19048    C:0.23810    A:0.30952    G:0.26190
position  3:    T:0.26190    C:0.30952    A:0.11905    G:0.30952
Average         T:0.21429    C:0.25397    A:0.20635    G:0.32540

#30: Bongo          
position  1:    T:0.19048    C:0.21429    A:0.19048    G:0.40476
position  2:    T:0.21429    C:0.26190    A:0.30952    G:0.21429
position  3:    T:0.26190    C:0.30952    A:0.11905    G:0.30952
Average         T:0.22222    C:0.26190    A:0.20635    G:0.30952

#31: Gerenuk        
position  1:    T:0.19048    C:0.21429    A:0.21429    G:0.38095
position  2:    T:0.21429    C:0.23810    A:0.30952    G:0.23810
position  3:    T:0.26190    C:0.30952    A:0.11905    G:0.30952
Average         T:0.22222    C:0.25397    A:0.21429    G:0.30952

#32: CommonEland    
position  1:    T:0.19048    C:0.21429    A:0.19048    G:0.40476
position  2:    T:0.21429    C:0.26190    A:0.30952    G:0.21429
position  3:    T:0.23810    C:0.33333    A:0.11905    G:0.30952
Average         T:0.21429    C:0.26984    A:0.20635    G:0.30952

#33: MuntiacusReevesi
position  1:    T:0.19048    C:0.21429    A:0.19048    G:0.40476
position  2:    T:0.19048    C:0.26190    A:0.30952    G:0.23810
position  3:    T:0.26190    C:0.30952    A:0.11905    G:0.30952
Average         T:0.21429    C:0.26190    A:0.20635    G:0.31746

#34: HarveysDuiker  
position  1:    T:0.19048    C:0.21429    A:0.19048    G:0.40476
position  2:    T:0.21429    C:0.23810    A:0.30952    G:0.23810
position  3:    T:0.23810    C:0.33333    A:0.11905    G:0.30952
Average         T:0.21429    C:0.26190    A:0.20635    G:0.31746

#35: Pronghorn      
position  1:    T:0.19048    C:0.21429    A:0.16667    G:0.42857
position  2:    T:0.19048    C:0.26190    A:0.30952    G:0.23810
position  3:    T:0.26190    C:0.30952    A:0.11905    G:0.30952
Average         T:0.21429    C:0.26190    A:0.19841    G:0.32540

#36: BlueWildebeest 
position  1:    T:0.19048    C:0.21429    A:0.19048    G:0.40476
position  2:    T:0.19048    C:0.23810    A:0.30952    G:0.26190
position  3:    T:0.26190    C:0.30952    A:0.11905    G:0.30952
Average         T:0.21429    C:0.25397    A:0.20635    G:0.32540

#37: Gemsbok        
position  1:    T:0.19048    C:0.21429    A:0.19048    G:0.40476
position  2:    T:0.21429    C:0.23810    A:0.30952    G:0.23810
position  3:    T:0.26190    C:0.30952    A:0.11905    G:0.30952
Average         T:0.22222    C:0.25397    A:0.20635    G:0.31746

#38: Yak            
position  1:    T:0.16667    C:0.23810    A:0.21429    G:0.38095
position  2:    T:0.21429    C:0.26190    A:0.28571    G:0.23810
position  3:    T:0.26190    C:0.30952    A:0.11905    G:0.30952
Average         T:0.21429    C:0.26984    A:0.20635    G:0.30952

#39: BlueSheep      
position  1:    T:0.19048    C:0.21429    A:0.21429    G:0.38095
position  2:    T:0.21429    C:0.23810    A:0.30952    G:0.23810
position  3:    T:0.23810    C:0.33333    A:0.11905    G:0.30952
Average         T:0.21429    C:0.26190    A:0.21429    G:0.30952

#40: BohorReedbuck  
position  1:    T:0.19048    C:0.21429    A:0.21429    G:0.38095
position  2:    T:0.21429    C:0.23810    A:0.30952    G:0.23810
position  3:    T:0.26190    C:0.30952    A:0.11905    G:0.30952
Average         T:0.22222    C:0.25397    A:0.21429    G:0.30952

#41: KirksDik       
position  1:    T:0.19048    C:0.21429    A:0.21429    G:0.38095
position  2:    T:0.21429    C:0.23810    A:0.33333    G:0.21429
position  3:    T:0.23810    C:0.33333    A:0.11905    G:0.30952
Average         T:0.21429    C:0.26190    A:0.22222    G:0.30159

#42: RoeDeer        
position  1:    T:0.19048    C:0.21429    A:0.21429    G:0.38095
position  2:    T:0.19048    C:0.26190    A:0.30952    G:0.23810
position  3:    T:0.26190    C:0.30952    A:0.11905    G:0.30952
Average         T:0.21429    C:0.26190    A:0.21429    G:0.30952

#43: WhiteLippedDeer
position  1:    T:0.19048    C:0.21429    A:0.19048    G:0.40476
position  2:    T:0.19048    C:0.26190    A:0.30952    G:0.23810
position  3:    T:0.26190    C:0.30952    A:0.14286    G:0.28571
Average         T:0.21429    C:0.26190    A:0.21429    G:0.30952

#44: ThomsonGazelle 
position  1:    T:0.19048    C:0.21429    A:0.21429    G:0.38095
position  2:    T:0.21429    C:0.26190    A:0.30952    G:0.21429
position  3:    T:0.26190    C:0.30952    A:0.11905    G:0.30952
Average         T:0.22222    C:0.26190    A:0.21429    G:0.30159

#45: MuntiacusCrinifrons
position  1:    T:0.19048    C:0.21429    A:0.19048    G:0.40476
position  2:    T:0.19048    C:0.26190    A:0.30952    G:0.23810
position  3:    T:0.26190    C:0.30952    A:0.11905    G:0.30952
Average         T:0.21429    C:0.26190    A:0.20635    G:0.31746

#46: WhiteTailedDeer
position  1:    T:0.19048    C:0.23810    A:0.21429    G:0.35714
position  2:    T:0.19048    C:0.26190    A:0.30952    G:0.23810
position  3:    T:0.26190    C:0.30952    A:0.14286    G:0.28571
Average         T:0.21429    C:0.26984    A:0.22222    G:0.29365

#47: Cattle         
position  1:    T:0.16667    C:0.23810    A:0.21429    G:0.38095
position  2:    T:0.21429    C:0.26190    A:0.28571    G:0.23810
position  3:    T:0.26190    C:0.30952    A:0.11905    G:0.30952
Average         T:0.21429    C:0.26984    A:0.20635    G:0.30952

#48: RoyalAntelope  
position  1:    T:0.19048    C:0.21429    A:0.19048    G:0.40476
position  2:    T:0.21429    C:0.23810    A:0.30952    G:0.23810
position  3:    T:0.26190    C:0.30952    A:0.14286    G:0.28571
Average         T:0.22222    C:0.25397    A:0.21429    G:0.30952

#49: Steenbok       
position  1:    T:0.19048    C:0.21429    A:0.21429    G:0.38095
position  2:    T:0.21429    C:0.23810    A:0.30952    G:0.23810
position  3:    T:0.23810    C:0.33333    A:0.11905    G:0.30952
Average         T:0.21429    C:0.26190    A:0.21429    G:0.30952

#50: Impala         
position  1:    T:0.19048    C:0.21429    A:0.19048    G:0.40476
position  2:    T:0.21429    C:0.23810    A:0.30952    G:0.23810
position  3:    T:0.23810    C:0.33333    A:0.11905    G:0.30952
Average         T:0.21429    C:0.26190    A:0.20635    G:0.31746

#51: Klipspringer   
position  1:    T:0.21429    C:0.21429    A:0.19048    G:0.38095
position  2:    T:0.21429    C:0.23810    A:0.30952    G:0.23810
