CODONML (in paml version 4.10.7, June 2023)  /home/rachel/ruminants_paml/6406-phy-tree/ENSBTAT00000011042.fasta.phy
Model: free dN/dS Ratios for branches,  kappa = 2.000 fixed

Codon frequency model: F3x4
ns =  54  ls = 122

Codon usage in sequences
--------------------------------------------------------------------------------------------------------------------------------------
Phe TTT   1   1   1   1   1   1 | Ser TCT   1   0   1   2   3   1 | Tyr TAT   2   1   2   2   2   2 | Cys TGT   0   0   0   0   0   0
    TTC   1   1   1   1   1   1 |     TCC   4   8   4   3   4   6 |     TAC   0   1   0   0   0   0 |     TGC   0   0   0   0   0   0
Leu TTA   1   0   1   1   1   1 |     TCA   1   0   1   1   0   1 | *** TAA   0   0   0   0   0   0 | *** TGA   0   0   0   0   0   0
    TTG   0   0   1   0   0   0 |     TCG   1   0   1   1   1   0 |     TAG   0   0   0   0   0   0 | Trp TGG   0   0   0   0   0   0
--------------------------------------------------------------------------------------------------------------------------------------
Leu CTT   0   0   0   0   0   0 | Pro CCT   0   0   0   0   0   0 | His CAT   1   1   1   1   0   0 | Arg CGT   0   0   1   0   0   0
    CTC   2   2   2   2   3   1 |     CCC   2   0   2   2   1   1 |     CAC   0   0   0   0   1   1 |     CGC   1   1   0   1   1   1
    CTA   1   1   1   1   1   1 |     CCA   2   1   2   3   2   2 | Gln CAA   1   1   1   1   1   1 |     CGA   2   2   2   2   2   2
    CTG   3   4   2   3   2   4 |     CCG   1   3   1   0   1   1 |     CAG   1   1   1   1   1   1 |     CGG   1   0   1   1   0   0
--------------------------------------------------------------------------------------------------------------------------------------
Ile ATT   8   6   8   7   7  10 | Thr ACT   0   0   1   0   0   0 | Asn AAT   2   2   2   2   4   3 | Ser AGT   0   1   0   0   0   0
    ATC   6   8   8   8   8   6 |     ACC   3   3   2   3   3   3 |     AAC   6   5   6   6   4   5 |     AGC   2   2   2   2   2   2
    ATA   1   0   0   1   1   0 |     ACA   3   4   1   4   3   3 | Lys AAA   4   4   4   4   4   4 | Arg AGA   0   0   0   0   0   0
Met ATG   4   4   4   4   4   4 |     ACG   1   0   3   0   1   1 |     AAG   8   8   8   8   8   8 |     AGG   0   1   0   0   1   1
--------------------------------------------------------------------------------------------------------------------------------------
Val GTT   1   0   1   1   1   1 | Ala GCT   1   2   1   1   1   1 | Asp GAT   3   4   3   4   3   3 | Gly GGT   1   2   1   1   2   3
    GTC   6   8   5   5   5   5 |     GCC   3   2   3   3   3   3 |     GAC   5   4   5   4   5   5 |     GGC   4   4   5   4   4   4
    GTA   1   2   1   1   1   1 |     GCA   1   1   1   1   0   1 | Glu GAA   7   5   7   7   7   7 |     GGA   5   3   4   5   5   4
    GTG   4   3   4   4   4   4 |     GCG   0   0   0   0   1   0 |     GAG   0   2   0   0   0   0 |     GGG   2   3   2   2   1   1
--------------------------------------------------------------------------------------------------------------------------------------

--------------------------------------------------------------------------------------------------------------------------------------
Phe TTT   1   1   2   1   1   0 | Ser TCT   1   1   2   1   2   1 | Tyr TAT   2   2   2   2   2   2 | Cys TGT   0   0   0   0   0   0
    TTC   1   1   0   1   1   2 |     TCC   4   4   3   4   3   4 |     TAC   0   0   0   0   0   0 |     TGC   0   0   0   0   0   0
Leu TTA   1   1   1   1   1   1 |     TCA   1   1   1   1   1   1 | *** TAA   0   0   0   0   0   0 | *** TGA   0   0   0   0   0   0
    TTG   0   0   0   0   0   0 |     TCG   1   1   1   1   1   1 |     TAG   0   0   0   0   0   0 | Trp TGG   0   0   0   0   0   0
--------------------------------------------------------------------------------------------------------------------------------------
Leu CTT   0   0   0   0   0   0 | Pro CCT   0   0   0   0   0   0 | His CAT   1   1   1   1   1   0 | Arg CGT   0   0   0   0   0   0
    CTC   2   2   2   2   2   2 |     CCC   2   2   2   1   2   2 |     CAC   0   0   0   0   0   1 |     CGC   2   1   1   1   1   1
    CTA   1   1   1   1   1   1 |     CCA   2   2   2   4   2   2 | Gln CAA   1   1   1   1   1   1 |     CGA   1   2   2   2   2   2
    CTG   3   3   3   3   3   3 |     CCG   1   1   1   0   1   1 |     CAG   1   1   1   1   1   1 |     CGG   1   1   1   1   1   1
--------------------------------------------------------------------------------------------------------------------------------------
Ile ATT   8   8   9   8   8   8 | Thr ACT   0   0   0   0   0   0 | Asn AAT   2   2   2   2   2   2 | Ser AGT   0   0   0   1   0   0
    ATC   8   6   7   8   8   8 |     ACC   3   3   3   3   2   3 |     AAC   6   6   6   6   6   6 |     AGC   2   2   2   1   2   2
    ATA   0   1   0   0   0   0 |     ACA   3   3   3   3   3   3 | Lys AAA   4   4   4   4   4   4 | Arg AGA   0   0   0   0   0   0
Met ATG   4   4   4   4   4   4 |     ACG   1   1   1   1   2   1 |     AAG   8   8   8   8   8   8 |     AGG   0   0   0   0   0   0
--------------------------------------------------------------------------------------------------------------------------------------
Val GTT   1   1   1   3   1   1 | Ala GCT   1   1   2   1   1   1 | Asp GAT   3   3   4   3   3   3 | Gly GGT   1   1   1   2   1   2
    GTC   5   6   5   4   5   5 |     GCC   3   3   2   3   3   3 |     GAC   5   5   4   5   5   5 |     GGC   4   4   4   3   5   3
    GTA   1   1   1   0   1   1 |     GCA   1   1   1   1   1   1 | Glu GAA   7   7   7   7   7   7 |     GGA   5   5   5   5   4   5
    GTG   4   4   4   4   4   4 |     GCG   0   0   0   0   0   0 |     GAG   0   0   0   0   0   0 |     GGG   2   2   2   2   2   2
--------------------------------------------------------------------------------------------------------------------------------------

--------------------------------------------------------------------------------------------------------------------------------------
Phe TTT   1   1   1   1   1   1 | Ser TCT   1   1   1   2   1   2 | Tyr TAT   2   2   2   2   2   2 | Cys TGT   0   0   0   0   0   0
    TTC   1   1   1   1   1   1 |     TCC   4   4   3   3   4   3 |     TAC   0   0   0   0   0   0 |     TGC   0   0   0   0   0   0
Leu TTA   1   1   1   1   1   1 |     TCA   1   1   2   1   1   1 | *** TAA   0   0   0   0   0   0 | *** TGA   0   0   0   0   0   0
    TTG   0   0   0   0   0   0 |     TCG   1   1   1   1   1   1 |     TAG   0   0   0   0   0   0 | Trp TGG   0   0   0   0   0   0
--------------------------------------------------------------------------------------------------------------------------------------
Leu CTT   0   0   0   0   0   0 | Pro CCT   0   0   0   0   0   0 | His CAT   1   1   1   1   1   1 | Arg CGT   0   0   0   0   0   0
    CTC   2   2   2   2   2   2 |     CCC   2   2   2   2   2   2 |     CAC   0   0   0   0   0   0 |     CGC   1   1   1   1   1   1
    CTA   1   1   1   1   1   0 |     CCA   3   2   2   2   2   3 | Gln CAA   1   1   1   1   1   1 |     CGA   2   2   2   2   2   2
    CTG   3   3   3   3   3   4 |     CCG   0   1   1   1   1   0 |     CAG   1   1   1   1   1   1 |     CGG   1   1   1   1   1   1
--------------------------------------------------------------------------------------------------------------------------------------
Ile ATT   8   8   9   9   8   8 | Thr ACT   0   0   0   0   0   0 | Asn AAT   2   1   2   5   3   2 | Ser AGT   0   0   0   0   0   0
    ATC   6   8   7   7   8   8 |     ACC   3   3   3   3   3   3 |     AAC   6   7   6   3   5   6 |     AGC   2   2   2   2   2   2
    ATA   1   0   0   0   0   0 |     ACA   3   3   3   3   4   3 | Lys AAA   4   4   4   4   4   4 | Arg AGA   0   0   0   0   0   0
Met ATG   4   4   4   4   4   4 |     ACG   1   1   1   1   0   1 |     AAG   8   8   8   8   8   8 |     AGG   0   0   0   0   0   0
--------------------------------------------------------------------------------------------------------------------------------------
Val GTT   1   1   1   1   1   2 | Ala GCT   1   1   1   1   1   1 | Asp GAT   3   2   3   4   2   3 | Gly GGT   1   0   1   1   1   1
    GTC   6   5   5   5   5   5 |     GCC   3   3   3   3   3   4 |     GAC   5   6   5   4   6   5 |     GGC   4   4   4   4   4   4
    GTA   1   1   1   1   1   0 |     GCA   1   1   1   1   1   0 | Glu GAA   7   7   7   7   7   7 |     GGA   5   6   5   5   5   5
    GTG   4   4   4   4   4   4 |     GCG   0   0   0   0   0   0 |     GAG   0   0   0   0   0   0 |     GGG   2   2   2   2   2   2
--------------------------------------------------------------------------------------------------------------------------------------

--------------------------------------------------------------------------------------------------------------------------------------
Phe TTT   0   0   1   1   1   1 | Ser TCT   2   2   1   1   1   1 | Tyr TAT   2   2   2   2   2   2 | Cys TGT   0   0   0   0   0   0
    TTC   2   2   1   1   1   1 |     TCC   3   3   4   4   4   4 |     TAC   0   0   0   0   0   0 |     TGC   0   0   0   0   0   0
Leu TTA   1   1   1   1   1   1 |     TCA   1   1   2   1   1   1 | *** TAA   0   0   0   0   0   0 | *** TGA   0   0   0   0   0   0
    TTG   0   0   0   0   0   0 |     TCG   1   1   0   1   1   1 |     TAG   0   0   0   0   0   0 | Trp TGG   0   0   0   0   0   0
--------------------------------------------------------------------------------------------------------------------------------------
Leu CTT   0   0   0   0   0   0 | Pro CCT   0   1   0   0   0   0 | His CAT   1   1   1   1   1   1 | Arg CGT   0   0   0   0   0   0
    CTC   2   2   2   2   2   2 |     CCC   2   1   2   2   2   2 |     CAC   0   0   0   0   0   0 |     CGC   1   1   1   1   1   1
    CTA   1   1   1   1   1   1 |     CCA   2   2   2   2   3   2 | Gln CAA   1   1   1   1   1   1 |     CGA   2   2   2   1   2   2
    CTG   3   3   3   3   3   3 |     CCG   1   1   1   1   0   1 |     CAG   1   1   1   1   1   1 |     CGG   1   1   1   1   1   1
--------------------------------------------------------------------------------------------------------------------------------------
Ile ATT   8   8   8   8   8   8 | Thr ACT   1   1   0   0   0   0 | Asn AAT   2   2   3   2   1   2 | Ser AGT   0   0   0   0   0   0
    ATC   8   8   7   8   8   6 |     ACC   2   2   3   2   3   3 |     AAC   5   6   5   6   7   6 |     AGC   3   2   2   2   2   2
    ATA   0   0   1   0   0   1 |     ACA   3   3   3   3   3   3 | Lys AAA   4   4   4   4   4   4 | Arg AGA   0   0   0   1   0   0
Met ATG   4   4   4   4   4   4 |     ACG   1   1   1   2   1   1 |     AAG   8   8   8   8   8   8 |     AGG   0   0   0   0   0   0
--------------------------------------------------------------------------------------------------------------------------------------
Val GTT   1   1   1   1   2   1 | Ala GCT   1   1   1   1   1   1 | Asp GAT   4   3   3   3   3   3 | Gly GGT   1   1   1   1   1   1
    GTC   5   5   5   5   5   6 |     GCC   3   3   3   3   3   3 |     GAC   4   5   5   5   5   5 |     GGC   4   4   4   5   4   4
    GTA   1   1   2   1   0   1 |     GCA   1   1   1   1   1   1 | Glu GAA   7   7   7   7   7   7 |     GGA   5   5   5   4   5   5
    GTG   4   4   3   4   4   4 |     GCG   0   0   0   0   0   0 |     GAG   0   0   0   0   0   0 |     GGG   2   2   2   2   2   2
--------------------------------------------------------------------------------------------------------------------------------------

--------------------------------------------------------------------------------------------------------------------------------------
Phe TTT   0   1   1   1   1   1 | Ser TCT   1   1   1   1   1   1 | Tyr TAT   2   2   2   2   2   2 | Cys TGT   0   0   0   0   0   0
    TTC   2   1   1   1   1   1 |     TCC   4   4   4   4   3   4 |     TAC   0   0   0   0   0   0 |     TGC   0   0   0   0   0   0
Leu TTA   1   1   1   1   1   1 |     TCA   1   1   1   1   1   1 | *** TAA   0   0   0   0   0   0 | *** TGA   0   0   0   0   0   0
    TTG   0   0   0   0   0   0 |     TCG   1   1   1   1   2   1 |     TAG   0   0   0   0   0   0 | Trp TGG   0   0   0   0   0   0
--------------------------------------------------------------------------------------------------------------------------------------
Leu CTT   0   0   0   0   0   0 | Pro CCT   1   0   0   0   0   0 | His CAT   0   1   1   1   1   0 | Arg CGT   0   0   0   0   0   0
    CTC   2   3   2   2   2   2 |     CCC   2   2   2   2   2   2 |     CAC   1   0   0   0   0   1 |     CGC   1   1   1   1   1   1
    CTA   1   1   1   1   1   1 |     CCA   1   2   2   3   2   2 | Gln CAA   1   1   1   1   1   1 |     CGA   2   2   2   2   2   2
    CTG   3   2   3   3   3   3 |     CCG   1   1   1   0   1   1 |     CAG   1   1   1   1   1   1 |     CGG   1   1   1   1   1   1
--------------------------------------------------------------------------------------------------------------------------------------
Ile ATT   8   8   8   9   9   8 | Thr ACT   0   0   0   0   0   0 | Asn AAT   3   3   2   2   2   2 | Ser AGT   0   0   0   0   0   0
    ATC   8   8   6   7   7   8 |     ACC   3   3   3   3   3   2 |     AAC   5   5   6   6   6   6 |     AGC   2   2   2   2   2   2
    ATA   0   0   1   0   0   0 |     ACA   3   3   3   3   3   3 | Lys AAA   4   4   4   4   4   4 | Arg AGA   0   0   0   0   0   0
Met ATG   4   4   4   4   4   4 |     ACG   1   1   1   1   1   2 |     AAG   8   8   8   8   8   8 |     AGG   0   0   0   0   0   0
--------------------------------------------------------------------------------------------------------------------------------------
Val GTT   1   1   1   2   1   1 | Ala GCT   1   1   1   1   1   1 | Asp GAT   5   4   3   3   3   3 | Gly GGT   1   2   1   1   1   1
    GTC   5   5   6   5   5   5 |     GCC   3   4   3   3   3   3 |     GAC   3   4   5   5   5   5 |     GGC   4   3   4   4   4   5
    GTA   1   1   1   0   1   1 |     GCA   1   0   1   1   1   1 | Glu GAA   7   7   7   7   7   7 |     GGA   5   5   5   5   5   4
    GTG   4   4   4   4   4   4 |     GCG   0   0   0   0   0   0 |     GAG   0   0   0   0   0   0 |     GGG   2   2   2   2   2   2
--------------------------------------------------------------------------------------------------------------------------------------

--------------------------------------------------------------------------------------------------------------------------------------
Phe TTT   1   1   0   1   1   1 | Ser TCT   2   1   1   2   1   1 | Tyr TAT   2   2   2   2   2   2 | Cys TGT   0   0   0   0   0   0
    TTC   1   1   2   1   1   1 |     TCC   3   4   4   3   4   3 |     TAC   0   0   0   0   0   0 |     TGC   0   0   0   0   0   0
Leu TTA   1   1   1   1   1   1 |     TCA   1   1   1   1   1   1 | *** TAA   0   0   0   0   0   0 | *** TGA   0   0   0   0   0   0
    TTG   0   0   0   0   0   0 |     TCG   1   1   1   1   1   2 |     TAG   0   0   0   0   0   0 | Trp TGG   0   0   0   0   0   0
--------------------------------------------------------------------------------------------------------------------------------------
Leu CTT   0   0   0   0   0   0 | Pro CCT   0   0   0   0   2   0 | His CAT   1   1   0   1   1   1 | Arg CGT   0   0   0   0   0   0
    CTC   2   2   2   2   2   2 |     CCC   2   2   2   2   1   2 |     CAC   0   0   1   0   0   0 |     CGC   1   1   1   1   1   1
    CTA   1   1   1   1   1   1 |     CCA   2   2   2   2   2   2 | Gln CAA   1   1   1   1   2   1 |     CGA   2   2   2   2   1   2
    CTG   3   3   3   3   3   3 |     CCG   1   1   1   1   0   1 |     CAG   1   1   1   1   0   1 |     CGG   1   1   1   1   2   1
--------------------------------------------------------------------------------------------------------------------------------------
Ile ATT   8   8   8   9   8   9 | Thr ACT   0   0   0   0   0   0 | Asn AAT   2   2   1   4   2   2 | Ser AGT   0   0   0   0   0   0
    ATC   8   8   8   7   8   7 |     ACC   3   2   3   3   3   3 |     AAC   6   6   7   4   6   6 |     AGC   2   2   2   2   2   2
    ATA   0   0   0   0   0   0 |     ACA   3   2   3   3   3   3 | Lys AAA   4   4   4   4   4   4 | Arg AGA   0   0   0   0   0   0
Met ATG   4   4   4   4   4   4 |     ACG   1   3   1   1   1   1 |     AAG   8   8   8   8   8   8 |     AGG   0   0   0   0   0   0
--------------------------------------------------------------------------------------------------------------------------------------
Val GTT   2   1   1   1   1   1 | Ala GCT   1   1   1   1   0   1 | Asp GAT   3   3   3   4   2   3 | Gly GGT   1   1   2   1   1   1
    GTC   5   5   5   5   5   5 |     GCC   4   3   3   3   3   3 |     GAC   5   5   5   4   6   5 |     GGC   4   5   3   4   4   4
    GTA   0   1   1   1   1   1 |     GCA   0   1   1   1   1   1 | Glu GAA   6   7   7   7   7   7 |     GGA   5   4   5   5   5   5
    GTG   4   4   4   4   4   4 |     GCG   0   0   0   0   1   0 |     GAG   1   0   0   0   0   0 |     GGG   2   2   2   2   2   2
--------------------------------------------------------------------------------------------------------------------------------------

--------------------------------------------------------------------------------------------------------------------------------------
Phe TTT   1   1   1   1   1   1 | Ser TCT   1   1   1   1   1   1 | Tyr TAT   2   2   2   2   2   2 | Cys TGT   0   0   0   0   0   0
    TTC   1   1   1   1   1   1 |     TCC   4   4   4   4   4   4 |     TAC   0   0   0   0   0   0 |     TGC   0   0   0   0   0   0
Leu TTA   1   1   1   1   1   1 |     TCA   1   1   1   1   1   1 | *** TAA   0   0   0   0   0   0 | *** TGA   0   0   0   0   0   0
    TTG   0   0   0   0   0   0 |     TCG   1   1   1   1   1   1 |     TAG   0   0   0   0   0   0 | Trp TGG   0   0   0   0   0   0
--------------------------------------------------------------------------------------------------------------------------------------
Leu CTT   0   0   0   0   0   0 | Pro CCT   0   0   0   0   0   0 | His CAT   1   1   1   1   1   1 | Arg CGT   0   0   0   0   0   0
    CTC   2   2   2   2   2   3 |     CCC   2   2   2   2   2   2 |     CAC   0   0   0   0   0   0 |     CGC   1   1   1   2   1   1
    CTA   1   1   1   1   1   1 |     CCA   2   3   2   3   2   2 | Gln CAA   1   1   1   1   1   1 |     CGA   2   2   2   1   2   2
    CTG   3   3   3   3   3   2 |     CCG   1   0   1   0   1   1 |     CAG   1   1   1   1   1   1 |     CGG   1   1   1   1   1   1
--------------------------------------------------------------------------------------------------------------------------------------
Ile ATT   9   8   8   8   8   8 | Thr ACT   0   0   0   0   0   0 | Asn AAT   2   2   2   2   2   2 | Ser AGT   0   0   0   0   0   0
    ATC   7   8   6   8   8   8 |     ACC   3   3   3   3   3   3 |     AAC   6   6   6   6   6   6 |     AGC   2   2   2   2   2   2
    ATA   0   0   1   0   0   0 |     ACA   3   3   3   3   3   3 | Lys AAA   4   4   4   4   4   4 | Arg AGA   0   0   0   0   0   0
Met ATG   4   4   4   4   4   4 |     ACG   1   1   1   1   1   1 |     AAG   8   8   8   8   8   8 |     AGG   0   0   0   0   0   0
--------------------------------------------------------------------------------------------------------------------------------------
Val GTT   1   1   1   1   2   2 | Ala GCT   1   1   1   1   1   1 | Asp GAT   3   4   3   3   3   4 | Gly GGT   1   1   1   1   1   3
    GTC   5   5   6   5   5   5 |     GCC   3   3   3   3   3   3 |     GAC   5   4   5   5   5   4 |     GGC   4   4   4   4   4   3
    GTA   1   1   1   1   0   1 |     GCA   1   1   1   1   1   1 | Glu GAA   7   7   7   7   7   7 |     GGA   5   5   5   5   4   5
    GTG   4   4   4   4   4   3 |     GCG   0   0   0   0   0   0 |     GAG   0   0   0   0   0   0 |     GGG   2   2   2   2   3   1
--------------------------------------------------------------------------------------------------------------------------------------

--------------------------------------------------------------------------------------------------------------------------------------
Phe TTT   0   1   0   1   1   1 | Ser TCT   2   1   1   1   1   2 | Tyr TAT   2   2   2   2   2   2 | Cys TGT   0   0   0   0   0   0
    TTC   2   1   2   1   1   1 |     TCC   3   4   4   4   4   3 |     TAC   0   0   0   0   0   0 |     TGC   0   0   0   0   0   0
Leu TTA   1   1   1   1   1   1 |     TCA   1   1   1   1   1   1 | *** TAA   0   0   0   0   0   0 | *** TGA   0   0   0   0   0   0
    TTG   0   0   0   0   0   0 |     TCG   1   1   1   1   1   1 |     TAG   0   0   0   0   0   0 | Trp TGG   0   0   0   0   0   0
--------------------------------------------------------------------------------------------------------------------------------------
Leu CTT   0   0   0   0   0   0 | Pro CCT   1   0   0   0   0   0 | His CAT   0   1   0   1   1   1 | Arg CGT   0   0   0   0   0   0
    CTC   2   2   2   3   2   3 |     CCC   2   2   2   2   2   2 |     CAC   1   0   1   0   0   0 |     CGC   1   1   1   1   1   1
    CTA   1   1   1   1   1   1 |     CCA   1   3   2   2   3   2 | Gln CAA   1   1   1   1   1   1 |     CGA   2   2   2   2   2   2
    CTG   3   3   3   2   3   3 |     CCG   1   0   1   1   0   1 |     CAG   1   1   1   1   1   1 |     CGG   1   1   1   1   1   1
--------------------------------------------------------------------------------------------------------------------------------------
Ile ATT   8   9   8   8   8   8 | Thr ACT   0   0   0   0   0   0 | Asn AAT   3   2   2   2   2   2 | Ser AGT   0   0   0   0   0   0
    ATC   8   7   8   8   8   7 |     ACC   3   3   4   3   3   3 |     AAC   5   6   6   6   6   6 |     AGC   2   2   2   2   2   2
    ATA   0   0   0   0   0   0 |     ACA   3   3   2   3   3   3 | Lys AAA   4   4   4   4   4   4 | Arg AGA   0   0   0   0   0   0
Met ATG   4   4   4   4   4   4 |     ACG   1   1   1   1   1   1 |     AAG   8   8   8   8   8   8 |     AGG   0   0   0   0   0   0
--------------------------------------------------------------------------------------------------------------------------------------
Val GTT   1   2   1   1   1   1 | Ala GCT   1   1   1   1   1   1 | Asp GAT   5   3   3   4   3   4 | Gly GGT   1   1   2   2   1   1
    GTC   5   5   5   5   5   5 |     GCC   3   3   3   3   3   3 |     GAC   3   5   5   4   5   4 |     GGC   4   4   3   3   4   5
    GTA   1   0   1   1   1   1 |     GCA   1   1   1   1   1   1 | Glu GAA   7   7   7   7   7   6 |     GGA   5   5   5   5   5   4
    GTG   4   4   4   4   4   4 |     GCG   0   0   0   0   0   0 |     GAG   0   0   0   0   0   1 |     GGG   2   2   2   2   2   2
--------------------------------------------------------------------------------------------------------------------------------------

--------------------------------------------------------------------------------------------------------------------------------------
Phe TTT   1   1   1   1   1   1 | Ser TCT   2   1   1   2   1   1 | Tyr TAT   2   2   2   2   2   2 | Cys TGT   0   0   0   0   0   0
    TTC   1   1   1   1   1   1 |     TCC   3   4   4   3   4   4 |     TAC   0   0   0   0   0   0 |     TGC   0   0   0   0   0   0
Leu TTA   1   1   1   1   1   1 |     TCA   1   2   1   1   1   1 | *** TAA   0   0   0   0   0   0 | *** TGA   0   0   0   0   0   0
    TTG   0   0   0   0   0   0 |     TCG   1   0   1   1   1   1 |     TAG   0   0   0   0   0   0 | Trp TGG   0   0   0   0   0   0
--------------------------------------------------------------------------------------------------------------------------------------
Leu CTT   0   0   0   0   0   0 | Pro CCT   0   0   0   0   0   0 | His CAT   1   1   1   1   1   1 | Arg CGT   0   0   0   0   0   0
    CTC   2   2   2   2   2   2 |     CCC   2   2   2   2   2   3 |     CAC   0   0   0   0   0   0 |     CGC   1   1   1   1   1   1
    CTA   1   1   1   1   1   1 |     CCA   2   2   3   3   2   2 | Gln CAA   1   1   1   1   1   1 |     CGA   2   2   2   2   2   2
    CTG   3   3   3   3   3   3 |     CCG   1   1   0   0   1   0 |     CAG   1   1   1   1   1   1 |     CGG   1   1   1   1   1   1
--------------------------------------------------------------------------------------------------------------------------------------
Ile ATT   8   9   9   7   8   8 | Thr ACT   0   0   0   1   0   0 | Asn AAT   4   2   3   2   3   2 | Ser AGT   0   0   0   0   0   0
    ATC   8   7   7   8   8   8 |     ACC   3   3   3   2   2   2 |     AAC   4   6   5   6   5   6 |     AGC   2   2   2   2   2   2
    ATA   0   0   0   1   0   0 |     ACA   3   3   3   4   3   3 | Lys AAA   4   4   4   4   4   4 | Arg AGA   0   0   0   0   0   0
Met ATG   4   4   4   4   4   4 |     ACG   1   1   1   0   2   2 |     AAG   8   8   8   8   8   8 |     AGG   0   0   0   0   0   0
--------------------------------------------------------------------------------------------------------------------------------------
Val GTT   2   1   1   1   1   1 | Ala GCT   1   1   2   1   1   1 | Asp GAT   3   3   3   4   3   3 | Gly GGT   1   1   1   1   1   1
    GTC   5   5   5   5   5   5 |     GCC   3   3   2   3   3   3 |     GAC   5   5   5   4   5   5 |     GGC   4   4   4   4   5   5
    GTA   0   1   1   1   1   1 |     GCA   1   1   1   1   1   1 | Glu GAA   7   7   7   7   7   7 |     GGA   5   6   5   5   4   4
    GTG   4   4   4   4   4   4 |     GCG   0   0   0   0   0   0 |     GAG   0   0   0   0   0   0 |     GGG   2   1   2   2   2   2
--------------------------------------------------------------------------------------------------------------------------------------

Codon position x base (3x4) table for each sequence.

#1: Argali         
position  1:    T:0.09836    C:0.14754    A:0.39344    G:0.36066
position  2:    T:0.32787    C:0.19672    A:0.32787    G:0.14754
position  3:    T:0.17213    C:0.36885    A:0.24590    G:0.21311
Average         T:0.19945    C:0.23770    A:0.32240    G:0.24044

#2: LesserMouseDeer
position  1:    T:0.09836    C:0.13934    A:0.39344    G:0.36885
position  2:    T:0.32787    C:0.19672    A:0.31967    G:0.15574
position  3:    T:0.16393    C:0.40164    A:0.19672    G:0.23770
Average         T:0.19672    C:0.24590    A:0.30328    G:0.25410

#3: LesserKudu     
position  1:    T:0.10656    C:0.13934    A:0.40164    G:0.35246
position  2:    T:0.32787    C:0.19672    A:0.32787    G:0.14754
position  3:    T:0.18852    C:0.36885    A:0.21311    G:0.22951
Average         T:0.20765    C:0.23497    A:0.31421    G:0.24317

#4: ForestMuskDeer2
position  1:    T:0.09836    C:0.14754    A:0.40164    G:0.35246
position  2:    T:0.32787    C:0.19672    A:0.32787    G:0.14754
position  3:    T:0.18033    C:0.36066    A:0.26230    G:0.19672
Average         T:0.20219    C:0.23497    A:0.33060    G:0.23224

#5: Camel          
position  1:    T:0.10656    C:0.13115    A:0.40984    G:0.35246
position  2:    T:0.32787    C:0.19672    A:0.32787    G:0.14754
position  3:    T:0.19672    C:0.36885    A:0.22951    G:0.20492
Average         T:0.21038    C:0.23224    A:0.32240    G:0.23497

#6: KillerWhale    
position  1:    T:0.10656    C:0.13115    A:0.40984    G:0.35246
position  2:    T:0.32787    C:0.19672    A:0.32787    G:0.14754
position  3:    T:0.20492    C:0.36066    A:0.22951    G:0.20492
Average         T:0.21311    C:0.22951    A:0.32240    G:0.23497

#7: DefassaWaterbuck
position  1:    T:0.09836    C:0.14754    A:0.40164    G:0.35246
position  2:    T:0.32787    C:0.19672    A:0.32787    G:0.14754
position  3:    T:0.17213    C:0.38525    A:0.22951    G:0.21311
Average         T:0.19945    C:0.24317    A:0.31967    G:0.23770

#8: Sheep          
position  1:    T:0.09836    C:0.14754    A:0.39344    G:0.36066
position  2:    T:0.32787    C:0.19672    A:0.32787    G:0.14754
position  3:    T:0.17213    C:0.36885    A:0.24590    G:0.21311
Average         T:0.19945    C:0.23770    A:0.32240    G:0.24044

#9: MaxwellsDuiker 
position  1:    T:0.09836    C:0.14754    A:0.40164    G:0.35246
position  2:    T:0.32787    C:0.19672    A:0.32787    G:0.14754
position  3:    T:0.21311    C:0.33607    A:0.23770    G:0.21311
Average         T:0.21311    C:0.22678    A:0.32240    G:0.23770

#10: GazellaPrzewalskyi
position  1:    T:0.09836    C:0.14754    A:0.40164    G:0.35246
position  2:    T:0.32787    C:0.19672    A:0.32787    G:0.14754
position  3:    T:0.20492    C:0.34426    A:0.24590    G:0.20492
Average         T:0.21038    C:0.22951    A:0.32514    G:0.23497

#11: MountainNyala  
position  1:    T:0.09836    C:0.14754    A:0.40164    G:0.35246
position  2:    T:0.32787    C:0.19672    A:0.32787    G:0.14754
position  3:    T:0.18033    C:0.36885    A:0.22951    G:0.22131
Average         T:0.20219    C:0.23770    A:0.31967    G:0.24044

#12: MuntiacusMuntjak
position  1:    T:0.09836    C:0.14754    A:0.40164    G:0.35246
position  2:    T:0.32787    C:0.19672    A:0.32787    G:0.14754
position  3:    T:0.16393    C:0.38525    A:0.23770    G:0.21311
Average         T:0.19672    C:0.24317    A:0.32240    G:0.23770

#13: goat           
position  1:    T:0.09836    C:0.14754    A:0.39344    G:0.36066
position  2:    T:0.32787    C:0.19672    A:0.32787    G:0.14754
position  3:    T:0.17213    C:0.36885    A:0.25410    G:0.20492
Average         T:0.19945    C:0.23770    A:0.32514    G:0.23770

#14: AfricanBuffalo 
position  1:    T:0.09836    C:0.14754    A:0.40164    G:0.35246
position  2:    T:0.32787    C:0.19672    A:0.32787    G:0.14754
position  3:    T:0.14754    C:0.39344    A:0.24590    G:0.21311
Average         T:0.19126    C:0.24590    A:0.32514    G:0.23770

#15: Topi           
position  1:    T:0.09836    C:0.14754    A:0.40164    G:0.35246
position  2:    T:0.32787    C:0.19672    A:0.32787    G:0.14754
position  3:    T:0.18033    C:0.36066    A:0.24590    G:0.21311
Average         T:0.20219    C:0.23497    A:0.32514    G:0.23770

#16: CommonDuiker   
position  1:    T:0.09836    C:0.14754    A:0.40164    G:0.35246
position  2:    T:0.32787    C:0.19672    A:0.32787    G:0.14754
position  3:    T:0.22131    C:0.32787    A:0.23770    G:0.21311
Average         T:0.21585    C:0.22404    A:0.32240    G:0.23770

#17: Suni           
position  1:    T:0.09836    C:0.14754    A:0.40164    G:0.35246
position  2:    T:0.32787    C:0.19672    A:0.32787    G:0.14754
position  3:    T:0.17213    C:0.37705    A:0.24590    G:0.20492
Average         T:0.19945    C:0.24044    A:0.32514    G:0.23497

#18: Springbuck     
position  1:    T:0.09836    C:0.14754    A:0.40164    G:0.35246
position  2:    T:0.32787    C:0.19672    A:0.32787    G:0.14754
position  3:    T:0.18852    C:0.37705    A:0.22131    G:0.21311
Average         T:0.20492    C:0.24044    A:0.31694    G:0.23770

#19: Okapi          
position  1:    T:0.09836    C:0.14754    A:0.40164    G:0.35246
position  2:    T:0.32787    C:0.19672    A:0.31967    G:0.15574
position  3:    T:0.18852    C:0.36066    A:0.23770    G:0.21311
Average         T:0.20492    C:0.23497    A:0.31967    G:0.24044

#20: Giraffe        
position  1:    T:0.09836    C:0.14754    A:0.40164    G:0.35246
position  2:    T:0.32787    C:0.19672    A:0.32787    G:0.14754
position  3:    T:0.18852    C:0.36066    A:0.23770    G:0.21311
Average         T:0.20492    C:0.23497    A:0.32240    G:0.23770

#21: TibetanAntelope
position  1:    T:0.09836    C:0.14754    A:0.40164    G:0.35246
position  2:    T:0.32787    C:0.19672    A:0.32787    G:0.14754
position  3:    T:0.18033    C:0.36066    A:0.26230    G:0.19672
Average         T:0.20219    C:0.23497    A:0.33060    G:0.23224

#22: Sitatunga      
position  1:    T:0.09836    C:0.13934    A:0.40984    G:0.35246
position  2:    T:0.32787    C:0.19672    A:0.32787    G:0.14754
position  3:    T:0.17213    C:0.37705    A:0.22951    G:0.22131
Average         T:0.19945    C:0.23770    A:0.32240    G:0.24044

#23: Oribi          
position  1:    T:0.09836    C:0.14754    A:0.40164    G:0.35246
position  2:    T:0.32787    C:0.19672    A:0.32787    G:0.14754
position  3:    T:0.17213    C:0.38525    A:0.23770    G:0.20492
Average         T:0.19945    C:0.24317    A:0.32240    G:0.23497

#24: BarbarySheep   
position  1:    T:0.09836    C:0.14754    A:0.39344    G:0.36066
position  2:    T:0.32787    C:0.19672    A:0.32787    G:0.14754
position  3:    T:0.17213    C:0.36885    A:0.24590    G:0.21311
Average         T:0.19945    C:0.23770    A:0.32240    G:0.24044

#25: Daviddeer      
position  1:    T:0.09836    C:0.14754    A:0.40164    G:0.35246
position  2:    T:0.32787    C:0.19672    A:0.32787    G:0.14754
position  3:    T:0.18852    C:0.36885    A:0.22951    G:0.21311
Average         T:0.20492    C:0.23770    A:0.31967    G:0.23770

#26: Reindeer       
position  1:    T:0.09836    C:0.14754    A:0.40164    G:0.35246
position  2:    T:0.32787    C:0.19672    A:0.32787    G:0.14754
position  3:    T:0.19672    C:0.36885    A:0.22951    G:0.20492
Average         T:0.20765    C:0.23770    A:0.31967    G:0.23497

#27: Ibex           
position  1:    T:0.09836    C:0.14754    A:0.39344    G:0.36066
position  2:    T:0.32787    C:0.19672    A:0.32787    G:0.14754
position  3:    T:0.17213    C:0.36885    A:0.24590    G:0.21311
Average         T:0.19945    C:0.23770    A:0.32240    G:0.24044

#28: GyrantGazelle  
position  1:    T:0.09836    C:0.14754    A:0.40164    G:0.35246
position  2:    T:0.32787    C:0.19672    A:0.32787    G:0.14754
position  3:    T:0.18852    C:0.36885    A:0.23770    G:0.20492
Average         T:0.20492    C:0.23770    A:0.32240    G:0.23497

#29: Hartebeest     
position  1:    T:0.09836    C:0.14754    A:0.40164    G:0.35246
position  2:    T:0.32787    C:0.19672    A:0.32787    G:0.14754
position  3:    T:0.18033    C:0.36066    A:0.23770    G:0.22131
Average         T:0.20219    C:0.23497    A:0.32240    G:0.24044

#30: Bongo          
position  1:    T:0.09836    C:0.14754    A:0.40164    G:0.35246
position  2:    T:0.32787    C:0.19672    A:0.32787    G:0.14754
position  3:    T:0.16393    C:0.38525    A:0.22951    G:0.22131
Average         T:0.19672    C:0.24317    A:0.31967    G:0.24044

#31: Gerenuk        
position  1:    T:0.09836    C:0.14754    A:0.40164    G:0.35246
position  2:    T:0.32787    C:0.19672    A:0.32787    G:0.14754
position  3:    T:0.18852    C:0.37705    A:0.21311    G:0.22131
Average         T:0.20492    C:0.24044    A:0.31421    G:0.24044

#32: CommonEland    
position  1:    T:0.09836    C:0.14754    A:0.40164    G:0.35246
position  2:    T:0.32787    C:0.19672    A:0.32787    G:0.14754
position  3:    T:0.17213    C:0.37705    A:0.22131    G:0.22951
Average         T:0.19945    C:0.24044    A:0.31694    G:0.24317

#33: MuntiacusReevesi
position  1:    T:0.09836    C:0.14754    A:0.40164    G:0.35246
position  2:    T:0.32787    C:0.19672    A:0.32787    G:0.14754
position  3:    T:0.15574    C:0.39344    A:0.23770    G:0.21311
Average         T:0.19399    C:0.24590    A:0.32240    G:0.23770

#34: HarveysDuiker  
position  1:    T:0.09836    C:0.14754    A:0.40164    G:0.35246
position  2:    T:0.32787    C:0.19672    A:0.32787    G:0.14754
position  3:    T:0.21311    C:0.33607    A:0.23770    G:0.21311
Average         T:0.21311    C:0.22678    A:0.32240    G:0.23770

#35: Pronghorn      
position  1:    T:0.09836    C:0.14754    A:0.40164    G:0.35246
position  2:    T:0.32787    C:0.19672    A:0.32787    G:0.14754
position  3:    T:0.17213    C:0.37705    A:0.23770    G:0.21311
Average         T:0.19945    C:0.24044    A:0.32240    G:0.23770

#36: BlueWildebeest 
position  1:    T:0.09836    C:0.14754    A:0.40164    G:0.35246
position  2:    T:0.32787    C:0.19672    A:0.32787    G:0.14754
position  3:    T:0.18033    C:0.36066    A:0.23770    G:0.22131
Average         T:0.20219    C:0.23497    A:0.32240    G:0.24044

#37: Gemsbok        
position  1:    T:0.09836    C:0.14754    A:0.40164    G:0.35246
position  2:    T:0.32787    C:0.19672    A:0.32787    G:0.14754
position  3:    T:0.18033    C:0.36885    A:0.23770    G:0.21311
Average         T:0.20219    C:0.23770    A:0.32240    G:0.23770

#38: Yak            
position  1:    T:0.09836    C:0.14754    A:0.40164    G:0.35246
position  2:    T:0.32787    C:0.19672    A:0.32787    G:0.14754
position  3:    T:0.18033    C:0.36885    A:0.24590    G:0.20492
Average         T:0.20219    C:0.23770    A:0.32514    G:0.23497

#39: BlueSheep      
position  1:    T:0.09836    C:0.14754    A:0.39344    G:0.36066
position  2:    T:0.32787    C:0.19672    A:0.32787    G:0.14754
position  3:    T:0.17213    C:0.36885    A:0.24590    G:0.21311
Average         T:0.19945    C:0.23770    A:0.32240    G:0.24044

#40: BohorReedbuck  
position  1:    T:0.09836    C:0.14754    A:0.40164    G:0.35246
position  2:    T:0.32787    C:0.19672    A:0.32787    G:0.14754
position  3:    T:0.17213    C:0.38525    A:0.23770    G:0.20492
Average         T:0.19945    C:0.24317    A:0.32240    G:0.23497

#41: KirksDik       
position  1:    T:0.09836    C:0.14754    A:0.40164    G:0.35246
position  2:    T:0.32787    C:0.19672    A:0.32787    G:0.14754
position  3:    T:0.18033    C:0.37705    A:0.22131    G:0.22131
Average         T:0.20219    C:0.24044    A:0.31694    G:0.24044

#42: RoeDeer        
position  1:    T:0.09836    C:0.14754    A:0.40164    G:0.35246
position  2:    T:0.32787    C:0.19672    A:0.32787    G:0.14754
position  3:    T:0.20492    C:0.36885    A:0.23770    G:0.18852
Average         T:0.21038    C:0.23770    A:0.32240    G:0.22951

#43: WhiteLippedDeer
position  1:    T:0.09836    C:0.14754    A:0.40164    G:0.35246
position  2:    T:0.32787    C:0.19672    A:0.32787    G:0.14754
position  3:    T:0.19672    C:0.36066    A:0.22951    G:0.21311
Average         T:0.20765    C:0.23497    A:0.31967    G:0.23770

#44: ThomsonGazelle 
position  1:    T:0.09836    C:0.14754    A:0.40164    G:0.35246
position  2:    T:0.32787    C:0.19672    A:0.32787    G:0.14754
position  3:    T:0.18852    C:0.36885    A:0.23770    G:0.20492
Average         T:0.20492    C:0.23770    A:0.32240    G:0.23497

#45: MuntiacusCrinifrons
position  1:    T:0.09836    C:0.14754    A:0.40164    G:0.35246
position  2:    T:0.32787    C:0.19672    A:0.32787    G:0.14754
position  3:    T:0.16393    C:0.39344    A:0.22951    G:0.21311
Average         T:0.19672    C:0.24590    A:0.31967    G:0.23770

#46: WhiteTailedDeer
position  1:    T:0.09836    C:0.14754    A:0.40164    G:0.35246
position  2:    T:0.32787    C:0.19672    A:0.32787    G:0.14754
position  3:    T:0.18852    C:0.36885    A:0.23770    G:0.20492
Average         T:0.20492    C:0.23770    A:0.32240    G:0.23497

#47: Cattle         
position  1:    T:0.09836    C:0.14754    A:0.40164    G:0.35246
position  2:    T:0.32787    C:0.19672    A:0.32787    G:0.14754
position  3:    T:0.17213    C:0.37705    A:0.24590    G:0.20492
Average         T:0.19945    C:0.24044    A:0.32514    G:0.23497

#48: RoyalAntelope  
position  1:    T:0.09836    C:0.15574    A:0.39344    G:0.35246
position  2:    T:0.32787    C:0.19672    A:0.32787    G:0.14754
position  3:    T:0.18852    C:0.36885    A:0.22131    G:0.22131
Average         T:0.20492    C:0.24044    A:0.31421    G:0.24044

#49: Steenbok       
position  1:    T:0.09836    C:0.14754    A:0.40164    G:0.35246
position  2:    T:0.32787    C:0.19672    A:0.32787    G:0.14754
position  3:    T:0.20492    C:0.35246    A:0.22951    G:0.21311
Average         T:0.21038    C:0.23224    A:0.31967    G:0.23770

#50: Impala         
position  1:    T:0.09836    C:0.14754    A:0.40164    G:0.35246
position  2:    T:0.32787    C:0.19672    A:0.32787    G:0.14754
position  3:    T:0.18033    C:0.36885    A:0.25410    G:0.19672
Average         T:0.20219    C:0.23770    A:0.32787    G:0.23224

#51: Klipspringer   
position  1:    T:0.09836    C:0.14754    A:0.40164    G:0.35246
position  2:    T:0.32787    C:0.19672    A:0.32787    G:0.14754
