CODONML (in paml version 4.10.7, June 2023)  /home/rachel/ruminants_paml/6406-phy-tree/ENSBTAT00000015794.fasta.phy
Model: free dN/dS Ratios for branches,  kappa = 2.000 fixed

Codon frequency model: F3x4
ns =  54  ls =  64

Codon usage in sequences
--------------------------------------------------------------------------------------------------------------------------------------
Phe TTT   4   4   4   4   4   4 | Ser TCT   1   0   1   1   0   0 | Tyr TAT   3   3   3   3   3   3 | Cys TGT   0   0   1   1   0   0
    TTC   0   0   0   0   0   0 |     TCC   1   2   1   1   2   2 |     TAC   1   1   1   1   2   1 |     TGC   1   1   0   0   0   1
Leu TTA   1   1   1   1   1   1 |     TCA   0   0   0   0   0   0 | *** TAA   0   0   0   0   0   0 | *** TGA   0   0   0   0   0   0
    TTG   0   0   0   0   0   0 |     TCG   0   0   0   0   0   0 |     TAG   0   0   0   0   0   0 | Trp TGG   0   0   0   0   0   0
--------------------------------------------------------------------------------------------------------------------------------------
Leu CTT   0   0   0   0   0   0 | Pro CCT   0   0   0   0   0   0 | His CAT   1   1   1   1   1   1 | Arg CGT   2   1   1   2   1   1
    CTC   1   1   1   1   1   1 |     CCC   0   0   0   0   0   0 |     CAC   0   0   0   0   0   0 |     CGC   0   0   0   0   0   0
    CTA   1   1   1   1   1   1 |     CCA   2   2   2   2   2   2 | Gln CAA   1   1   1   1   2   1 |     CGA   0   1   0   0   0   0
    CTG   1   1   1   1   1   1 |     CCG   0   0   0   0   0   0 |     CAG   4   4   4   4   3   4 |     CGG   1   1   2   1   2   2
--------------------------------------------------------------------------------------------------------------------------------------
Ile ATT   3   3   3   3   5   4 | Thr ACT   0   0   0   0   0   0 | Asn AAT   1   1   1   1   1   1 | Ser AGT   0   0   0   0   0   0
    ATC   2   2   2   2   1   1 |     ACC   1   1   1   1   1   1 |     AAC   0   0   0   0   0   0 |     AGC   0   0   0   0   0   0
    ATA   1   1   1   1   0   1 |     ACA   1   1   1   1   1   1 | Lys AAA   1   2   1   1   1   1 | Arg AGA   3   3   3   3   3   3
Met ATG   1   1   1   1   1   1 |     ACG   1   1   1   1   1   1 |     AAG   3   2   3   3   3   3 |     AGG   0   0   0   0   0   0
--------------------------------------------------------------------------------------------------------------------------------------
Val GTT   0   0   0   0   0   0 | Ala GCT   0   0   0   0   0   0 | Asp GAT   8   8   8   8   7   8 | Gly GGT   1   1   1   1   1   1
    GTC   0   0   0   0   0   0 |     GCC   1   1   1   1   1   1 |     GAC   1   1   1   1   2   1 |     GGC   0   0   0   0   0   0
    GTA   2   2   2   3   2   2 |     GCA   1   1   2   2   2   2 | Glu GAA   2   2   2   2   2   2 |     GGA   0   0   0   0   0   0
    GTG   1   1   1   0   1   1 |     GCG   1   1   0   0   0   0 |     GAG   2   2   2   2   2   2 |     GGG   0   0   0   0   0   0
--------------------------------------------------------------------------------------------------------------------------------------

--------------------------------------------------------------------------------------------------------------------------------------
Phe TTT   4   4   4   4   4   4 | Ser TCT   1   1   1   1   1   1 | Tyr TAT   3   3   3   3   3   3 | Cys TGT   0   0   0   0   1   0
    TTC   0   0   0   0   0   0 |     TCC   1   1   1   1   1   1 |     TAC   1   1   1   1   1   1 |     TGC   1   1   1   1   0   1
Leu TTA   1   1   1   1   1   1 |     TCA   0   0   0   0   0   0 | *** TAA   0   0   0   0   0   0 | *** TGA   0   0   0   0   0   0
    TTG   0   0   0   0   0   0 |     TCG   0   0   0   0   0   0 |     TAG   0   0   0   0   0   0 | Trp TGG   0   0   0   0   0   0
--------------------------------------------------------------------------------------------------------------------------------------
Leu CTT   0   0   0   0   0   0 | Pro CCT   0   0   0   0   0   0 | His CAT   1   1   1   1   1   1 | Arg CGT   1   2   1   1   1   1
    CTC   1   1   1   1   1   1 |     CCC   0   0   0   0   0   0 |     CAC   0   0   0   0   0   0 |     CGC   0   0   0   0   0   0
    CTA   1   1   1   1   1   1 |     CCA   2   2   2   2   2   2 | Gln CAA   1   1   2   1   1   1 |     CGA   0   0   0   0   0   0
    CTG   1   1   1   1   1   1 |     CCG   0   0   0   0   0   0 |     CAG   4   4   3   4   4   4 |     CGG   2   1   2   2   2   2
--------------------------------------------------------------------------------------------------------------------------------------
Ile ATT   3   3   3   3   4   3 | Thr ACT   0   0   0   0   0   0 | Asn AAT   1   1   1   1   1   1 | Ser AGT   0   0   0   0   0   0
    ATC   2   2   2   2   1   2 |     ACC   1   1   1   1   1   1 |     AAC   0   0   0   0   0   0 |     AGC   0   0   0   0   0   0
    ATA   1   1   1   1   1   1 |     ACA   1   1   1   1   1   1 | Lys AAA   1   1   1   1   1   2 | Arg AGA   3   3   3   3   3   3
Met ATG   1   1   1   1   1   1 |     ACG   1   1   1   1   1   1 |     AAG   3   3   3   3   3   2 |     AGG   0   0   0   0   0   0
--------------------------------------------------------------------------------------------------------------------------------------
Val GTT   0   0   0   0   0   0 | Ala GCT   0   0   0   0   0   0 | Asp GAT   8   8   8   8   8   8 | Gly GGT   1   1   1   1   1   1
    GTC   0   0   0   0   0   0 |     GCC   1   1   1   1   1   1 |     GAC   1   1   1   1   1   1 |     GGC   0   0   0   0   0   0
    GTA   2   2   2   2   2   3 |     GCA   1   1   1   2   2   1 | Glu GAA   2   2   2   2   2   2 |     GGA   0   0   0   0   0   0
    GTG   1   1   1   1   1   0 |     GCG   1   1   1   0   0   1 |     GAG   2   2   2   2   2   2 |     GGG   0   0   0   0   0   0
--------------------------------------------------------------------------------------------------------------------------------------

--------------------------------------------------------------------------------------------------------------------------------------
Phe TTT   4   4   4   4   4   4 | Ser TCT   1   1   1   1   1   1 | Tyr TAT   3   3   3   3   3   3 | Cys TGT   0   1   0   0   0   0
    TTC   0   0   0   0   0   0 |     TCC   1   1   1   1   1   1 |     TAC   1   1   1   1   1   1 |     TGC   1   0   1   1   1   1
Leu TTA   1   1   1   1   1   1 |     TCA   0   0   0   0   0   0 | *** TAA   0   0   0   0   0   0 | *** TGA   0   0   0   0   0   0
    TTG   0   0   0   0   0   0 |     TCG   0   0   0   0   0   0 |     TAG   0   0   0   0   0   0 | Trp TGG   0   0   0   0   0   0
--------------------------------------------------------------------------------------------------------------------------------------
Leu CTT   0   0   0   0   0   0 | Pro CCT   0   0   0   0   0   0 | His CAT   1   1   1   1   1   1 | Arg CGT   2   1   1   1   1   1
    CTC   1   1   1   1   1   1 |     CCC   0   0   0   0   0   0 |     CAC   0   0   0   0   0   0 |     CGC   0   0   0   0   0   0
    CTA   1   1   1   1   1   1 |     CCA   2   2   1   2   2   2 | Gln CAA   1   1   1   1   1   1 |     CGA   0   0   0   0   0   0
    CTG   1   1   1   1   1   1 |     CCG   0   0   1   0   0   0 |     CAG   4   4   4   4   4   4 |     CGG   1   2   2   2   2   2
--------------------------------------------------------------------------------------------------------------------------------------
Ile ATT   3   3   3   3   3   4 | Thr ACT   0   0   0   0   0   0 | Asn AAT   1   1   1   1   1   1 | Ser AGT   0   0   0   0   0   0
    ATC   2   2   2   2   2   1 |     ACC   1   1   1   1   1   1 |     AAC   0   0   0   0   0   0 |     AGC   0   0   0   0   0   0
    ATA   1   1   1   1   1   1 |     ACA   1   1   1   1   1   1 | Lys AAA   1   1   1   1   2   1 | Arg AGA   3   3   3   3   3   3
Met ATG   1   1   1   1   1   1 |     ACG   1   1   1   1   1   1 |     AAG   3   3   3   3   2   3 |     AGG   0   0   0   0   0   0
--------------------------------------------------------------------------------------------------------------------------------------
Val GTT   0   0   0   0   0   0 | Ala GCT   0   0   0   0   0   0 | Asp GAT   8   8   8   8   8   8 | Gly GGT   1   1   1   1   1   1
    GTC   0   0   0   0   0   0 |     GCC   1   1   1   1   1   1 |     GAC   1   1   1   1   1   1 |     GGC   0   0   0   0   0   0
    GTA   2   2   2   2   2   2 |     GCA   1   1   1   1   1   1 | Glu GAA   2   2   2   2   2   2 |     GGA   0   0   0   0   0   0
    GTG   1   1   1   1   1   1 |     GCG   1   1   1   1   1   1 |     GAG   2   2   2   2   2   2 |     GGG   0   0   0   0   0   0
--------------------------------------------------------------------------------------------------------------------------------------

--------------------------------------------------------------------------------------------------------------------------------------
Phe TTT   4   4   4   4   4   4 | Ser TCT   1   1   1   1   1   1 | Tyr TAT   3   3   3   3   3   3 | Cys TGT   0   0   0   1   0   0
    TTC   0   0   0   0   0   0 |     TCC   1   1   1   1   1   1 |     TAC   1   1   1   1   1   1 |     TGC   1   1   1   0   1   1
Leu TTA   1   1   1   1   1   1 |     TCA   0   0   0   0   0   0 | *** TAA   0   0   0   0   0   0 | *** TGA   0   0   0   0   0   0
    TTG   0   0   0   0   0   0 |     TCG   0   0   0   0   0   0 |     TAG   0   0   0   0   0   0 | Trp TGG   0   0   0   0   0   0
--------------------------------------------------------------------------------------------------------------------------------------
Leu CTT   0   0   0   0   0   0 | Pro CCT   0   0   0   0   0   0 | His CAT   1   1   1   1   1   1 | Arg CGT   1   1   2   1   0   2
    CTC   1   1   1   1   1   1 |     CCC   0   0   0   0   0   0 |     CAC   0   0   0   0   0   0 |     CGC   0   0   0   0   1   0
    CTA   1   1   1   1   1   1 |     CCA   2   2   2   2   2   2 | Gln CAA   1   1   1   1   1   1 |     CGA   0   0   0   0   0   0
    CTG   1   1   1   1   1   1 |     CCG   0   0   0   0   0   0 |     CAG   4   4   4   4   4   4 |     CGG   2   2   1   2   2   1
--------------------------------------------------------------------------------------------------------------------------------------
Ile ATT   3   3   4   3   3   3 | Thr ACT   0   0   0   0   0   0 | Asn AAT   1   1   1   1   1   1 | Ser AGT   0   0   0   0   0   0
    ATC   2   2   1   2   2   2 |     ACC   1   1   1   1   1   1 |     AAC   0   0   0   0   0   0 |     AGC   0   0   0   0   0   0
    ATA   1   1   1   1   1   1 |     ACA   1   1   1   1   1   1 | Lys AAA   1   1   1   1   1   1 | Arg AGA   3   3   3   3   3   3
Met ATG   1   1   1   1   1   1 |     ACG   1   1   1   1   1   1 |     AAG   3   3   3   3   3   3 |     AGG   0   0   0   0   0   0
--------------------------------------------------------------------------------------------------------------------------------------
Val GTT   0   0   0   0   0   0 | Ala GCT   0   0   0   0   0   0 | Asp GAT   8   8   8   8   8   8 | Gly GGT   1   1   1   1   1   1
    GTC   0   0   0   0   0   0 |     GCC   1   1   1   1   1   1 |     GAC   1   1   1   1   1   1 |     GGC   0   0   0   0   0   0
    GTA   2   2   2   2   2   2 |     GCA   1   1   1   2   1   1 | Glu GAA   2   3   2   2   2   2 |     GGA   0   0   0   0   0   0
    GTG   1   1   1   1   1   1 |     GCG   1   1   1   0   1   1 |     GAG   2   1   2   2   2   2 |     GGG   0   0   0   0   0   0
--------------------------------------------------------------------------------------------------------------------------------------

--------------------------------------------------------------------------------------------------------------------------------------
Phe TTT   4   4   4   4   4   4 | Ser TCT   1   1   1   1   1   1 | Tyr TAT   4   3   3   3   3   3 | Cys TGT   0   1   0   0   0   1
    TTC   0   0   0   0   0   0 |     TCC   1   1   1   1   1   1 |     TAC   0   1   1   1   1   1 |     TGC   1   0   1   1   1   0
Leu TTA   1   1   1   1   1   1 |     TCA   0   0   0   0   0   0 | *** TAA   0   0   0   0   0   0 | *** TGA   0   0   0   0   0   0
    TTG   0   0   0   0   0   0 |     TCG   0   0   0   0   0   0 |     TAG   0   0   0   0   0   0 | Trp TGG   0   0   0   0   0   0
--------------------------------------------------------------------------------------------------------------------------------------
Leu CTT   0   0   0   0   0   0 | Pro CCT   0   0   0   0   0   0 | His CAT   1   1   1   1   1   1 | Arg CGT   1   1   2   1   1   1
    CTC   1   1   1   1   1   1 |     CCC   0   0   0   0   0   0 |     CAC   0   0   0   0   0   0 |     CGC   0   0   0   0   0   0
    CTA   1   1   1   1   1   1 |     CCA   2   2   2   2   1   2 | Gln CAA   1   1   1   1   1   1 |     CGA   0   0   0   0   0   0
    CTG   1   1   1   1   1   1 |     CCG   0   0   0   0   1   0 |     CAG   4   4   4   4   4   4 |     CGG   2   2   1   2   2   2
--------------------------------------------------------------------------------------------------------------------------------------
Ile ATT   3   3   3   3   3   3 | Thr ACT   0   0   0   0   0   0 | Asn AAT   1   1   1   1   1   1 | Ser AGT   0   0   0   0   0   0
    ATC   2   2   2   2   2   2 |     ACC   1   1   1   1   1   1 |     AAC   0   0   0   0   0   0 |     AGC   0   0   0   0   0   0
    ATA   1   1   1   1   1   1 |     ACA   1   1   1   1   1   1 | Lys AAA   2   2   1   1   1   1 | Arg AGA   3   3   3   3   3   3
Met ATG   1   1   1   1   1   1 |     ACG   1   1   1   1   1   1 |     AAG   2   2   3   3   3   3 |     AGG   0   0   0   0   0   0
--------------------------------------------------------------------------------------------------------------------------------------
Val GTT   0   0   0   0   0   0 | Ala GCT   0   0   0   0   0   0 | Asp GAT   8   7   8   8   8   8 | Gly GGT   1   1   1   1   1   1
    GTC   0   0   0   0   0   0 |     GCC   1   1   1   1   1   1 |     GAC   1   2   1   1   1   1 |     GGC   0   0   0   0   0   0
    GTA   2   2   2   2   2   2 |     GCA   1   2   1   1   1   2 | Glu GAA   2   2   2   2   2   2 |     GGA   0   0   0   0   0   0
    GTG   1   1   1   1   1   1 |     GCG   1   0   1   1   1   0 |     GAG   2   2   2   2   2   2 |     GGG   0   0   0   0   0   0
--------------------------------------------------------------------------------------------------------------------------------------

--------------------------------------------------------------------------------------------------------------------------------------
Phe TTT   4   4   4   4   4   4 | Ser TCT   1   1   1   1   1   1 | Tyr TAT   3   3   3   3   3   3 | Cys TGT   0   1   0   0   0   0
    TTC   0   0   0   0   0   0 |     TCC   1   1   1   1   1   1 |     TAC   1   1   1   1   1   1 |     TGC   1   0   1   1   1   1
Leu TTA   1   1   1   1   1   1 |     TCA   0   0   0   0   0   0 | *** TAA   0   0   0   0   0   0 | *** TGA   0   0   0   0   0   0
    TTG   0   0   0   0   0   0 |     TCG   0   0   0   0   0   0 |     TAG   0   0   0   0   0   0 | Trp TGG   0   0   0   0   0   0
--------------------------------------------------------------------------------------------------------------------------------------
Leu CTT   0   0   0   0   0   0 | Pro CCT   0   0   0   0   0   0 | His CAT   1   1   1   1   1   1 | Arg CGT   1   1   1   1   1   1
    CTC   1   1   1   1   1   1 |     CCC   0   0   0   0   0   0 |     CAC   0   0   0   0   0   0 |     CGC   0   0   0   0   0   0
    CTA   1   1   1   1   1   1 |     CCA   2   2   2   2   2   1 | Gln CAA   1   1   1   1   1   1 |     CGA   0   0   0   0   0   0
    CTG   1   1   1   1   1   1 |     CCG   0   0   0   0   0   1 |     CAG   4   4   4   4   4   4 |     CGG   2   2   2   2   2   2
--------------------------------------------------------------------------------------------------------------------------------------
Ile ATT   3   3   3   4   3   3 | Thr ACT   0   0   0   0   0   0 | Asn AAT   1   1   1   1   1   1 | Ser AGT   0   0   0   0   0   0
    ATC   2   2   2   1   2   2 |     ACC   1   1   1   1   1   1 |     AAC   0   0   0   0   0   0 |     AGC   0   0   0   0   0   0
    ATA   1   1   1   1   1   1 |     ACA   1   1   1   1   1   1 | Lys AAA   1   1   2   1   1   1 | Arg AGA   3   3   3   3   3   3
Met ATG   1   1   1   1   1   1 |     ACG   1   1   1   1   1   1 |     AAG   3   3   2   3   3   3 |     AGG   0   0   0   0   0   0
--------------------------------------------------------------------------------------------------------------------------------------
Val GTT   0   0   0   0   0   0 | Ala GCT   0   0   0   0   0   0 | Asp GAT   8   8   8   8   8   8 | Gly GGT   1   1   1   1   1   1
    GTC   0   0   0   0   0   0 |     GCC   1   1   1   1   1   1 |     GAC   1   1   1   1   1   1 |     GGC   0   0   0   0   0   0
    GTA   2   2   2   2   2   2 |     GCA   1   2   1   1   1   1 | Glu GAA   2   2   2   2   2   2 |     GGA   0   0   0   0   0   0
    GTG   1   1   1   1   1   1 |     GCG   1   0   1   1   1   1 |     GAG   2   2   2   2   2   2 |     GGG   0   0   0   0   0   0
--------------------------------------------------------------------------------------------------------------------------------------

--------------------------------------------------------------------------------------------------------------------------------------
Phe TTT   4   4   4   4   4   4 | Ser TCT   1   1   1   1   1   1 | Tyr TAT   3   3   3   3   3   3 | Cys TGT   0   1   0   0   0   1
    TTC   0   0   0   0   0   0 |     TCC   1   1   1   1   1   1 |     TAC   1   1   1   1   1   1 |     TGC   1   0   1   1   1   0
Leu TTA   1   1   1   1   1   1 |     TCA   0   0   0   0   0   0 | *** TAA   0   0   0   0   0   0 | *** TGA   0   0   0   0   0   0
    TTG   0   0   0   0   0   0 |     TCG   0   0   0   0   0   0 |     TAG   0   0   0   0   0   0 | Trp TGG   0   0   0   0   0   0
--------------------------------------------------------------------------------------------------------------------------------------
Leu CTT   0   0   0   0   0   0 | Pro CCT   0   0   0   0   0   0 | His CAT   1   1   1   1   1   1 | Arg CGT   1   1   2   1   1   1
    CTC   1   1   1   1   1   1 |     CCC   0   0   0   0   0   0 |     CAC   0   0   0   0   0   0 |     CGC   0   0   0   0   0   0
    CTA   1   1   1   1   1   1 |     CCA   2   2   2   2   2   2 | Gln CAA   1   1   1   1   1   1 |     CGA   0   0   0   0   0   0
    CTG   1   1   1   1   1   1 |     CCG   0   0   0   0   0   0 |     CAG   4   4   4   4   4   4 |     CGG   2   2   1   2   2   2
--------------------------------------------------------------------------------------------------------------------------------------
Ile ATT   3   3   3   3   3   3 | Thr ACT   0   0   0   0   0   0 | Asn AAT   1   1   1   1   1   1 | Ser AGT   0   0   0   0   0   0
    ATC   2   2   2   2   2   2 |     ACC   1   1   1   1   1   1 |     AAC   0   0   0   0   0   0 |     AGC   0   0   0   0   0   0
    ATA   1   1   1   1   1   1 |     ACA   1   1   1   1   1   1 | Lys AAA   1   1   1   1   1   2 | Arg AGA   3   3   3   3   3   3
Met ATG   1   1   1   1   1   1 |     ACG   1   1   1   1   1   1 |     AAG   3   3   3   3   3   2 |     AGG   0   0   0   0   0   0
--------------------------------------------------------------------------------------------------------------------------------------
Val GTT   0   0   0   0   0   0 | Ala GCT   1   0   0   0   0   0 | Asp GAT   8   8   8   8   8   8 | Gly GGT   1   1   1   1   1   1
    GTC   0   0   0   0   0   0 |     GCC   0   1   1   1   1   1 |     GAC   1   1   1   1   1   1 |     GGC   0   0   0   0   0   0
    GTA   2   2   2   2   2   2 |     GCA   1   2   1   1   1   1 | Glu GAA   2   2   2   2   2   2 |     GGA   0   0   0   0   0   0
    GTG   1   1   1   1   1   1 |     GCG   1   0   1   1   1   1 |     GAG   2   2   2   2   2   2 |     GGG   0   0   0   0   0   0
--------------------------------------------------------------------------------------------------------------------------------------

--------------------------------------------------------------------------------------------------------------------------------------
Phe TTT   4   4   4   4   4   4 | Ser TCT   1   1   1   1   1   1 | Tyr TAT   3   3   3   3   3   3 | Cys TGT   0   0   0   1   1   1
    TTC   0   0   0   0   0   0 |     TCC   1   1   1   1   1   1 |     TAC   1   1   1   1   1   1 |     TGC   1   1   1   0   0   0
Leu TTA   1   1   1   1   1   1 |     TCA   0   0   0   0   0   0 | *** TAA   0   0   0   0   0   0 | *** TGA   0   0   0   0   0   0
    TTG   0   0   0   0   0   0 |     TCG   0   0   0   0   0   0 |     TAG   0   0   0   0   0   0 | Trp TGG   0   0   0   0   0   0
--------------------------------------------------------------------------------------------------------------------------------------
Leu CTT   0   0   0   0   0   0 | Pro CCT   0   0   0   0   0   0 | His CAT   1   1   1   1   1   1 | Arg CGT   1   1   1   1   1   1
    CTC   1   1   1   1   1   1 |     CCC   0   0   0   0   0   1 |     CAC   0   0   0   0   0   0 |     CGC   0   0   0   0   0   0
    CTA   1   1   1   1   1   1 |     CCA   2   2   2   2   2   1 | Gln CAA   1   1   1   1   1   1 |     CGA   0   0   0   0   0   0
    CTG   1   1   1   1   1   1 |     CCG   0   0   0   0   0   0 |     CAG   4   4   4   4   4   4 |     CGG   2   2   2   2   2   2
--------------------------------------------------------------------------------------------------------------------------------------
Ile ATT   3   3   3   3   3   3 | Thr ACT   0   0   0   0   0   0 | Asn AAT   1   1   1   1   1   1 | Ser AGT   0   0   0   0   0   0
    ATC   2   2   2   2   2   2 |     ACC   1   1   1   1   1   1 |     AAC   0   0   0   0   0   0 |     AGC   0   0   0   0   0   0
    ATA   1   1   1   1   1   1 |     ACA   1   1   1   1   1   1 | Lys AAA   2   1   2   2   1   1 | Arg AGA   3   3   3   3   3   3
Met ATG   1   1   1   1   1   1 |     ACG   1   1   1   1   1   1 |     AAG   2   3   2   2   3   3 |     AGG   0   0   0   0   0   0
--------------------------------------------------------------------------------------------------------------------------------------
Val GTT   0   0   0   0   0   0 | Ala GCT   0   0   0   0   0   0 | Asp GAT   8   8   8   7   8   8 | Gly GGT   1   1   1   1   1   1
    GTC   0   0   0   0   0   0 |     GCC   1   1   1   1   1   1 |     GAC   1   1   1   2   1   1 |     GGC   0   0   0   0   0   0
    GTA   2   2   2   2   2   2 |     GCA   1   1   2   2   2   1 | Glu GAA   2   2   2   2   2   2 |     GGA   0   0   0   0   0   0
    GTG   1   1   1   1   1   1 |     GCG   1   1   0   0   0   1 |     GAG   2   2   2   2   2   2 |     GGG   0   0   0   0   0   0
--------------------------------------------------------------------------------------------------------------------------------------

--------------------------------------------------------------------------------------------------------------------------------------
Phe TTT   4   4   4   4   4   4 | Ser TCT   1   1   1   1   1   1 | Tyr TAT   3   3   3   3   3   3 | Cys TGT   1   0   1   1   1   1
    TTC   0   0   0   0   0   0 |     TCC   1   1   1   1   1   1 |     TAC   1   1   1   1   1   1 |     TGC   0   1   0   0   0   0
Leu TTA   1   1   1   1   1   1 |     TCA   0   0   0   0   0   0 | *** TAA   0   0   0   0   0   0 | *** TGA   0   0   0   0   0   0
    TTG   0   0   0   0   0   0 |     TCG   0   0   0   0   0   0 |     TAG   0   0   0   0   0   0 | Trp TGG   0   0   0   0   0   0
--------------------------------------------------------------------------------------------------------------------------------------
Leu CTT   0   0   0   0   0   0 | Pro CCT   0   0   0   0   0   0 | His CAT   1   1   1   1   1   1 | Arg CGT   1   1   1   2   1   1
    CTC   1   1   1   1   1   1 |     CCC   0   0   0   0   0   0 |     CAC   0   0   0   0   0   0 |     CGC   0   0   0   0   0   0
    CTA   1   1   1   1   1   1 |     CCA   2   2   2   2   2   2 | Gln CAA   1   1   1   1   1   1 |     CGA   0   0   0   0   0   0
    CTG   1   1   1   1   1   1 |     CCG   0   0   0   0   0   0 |     CAG   4   4   4   4   4   4 |     CGG   2   2   2   1   2   2
--------------------------------------------------------------------------------------------------------------------------------------
Ile ATT   3   3   3   3   2   3 | Thr ACT   0   0   0   0   0   0 | Asn AAT   1   1   1   1   1   1 | Ser AGT   0   0   0   0   0   0
    ATC   2   2   2   2   2   2 |     ACC   1   1   1   1   1   1 |     AAC   0   0   0   0   0   0 |     AGC   0   0   0   0   0   0
    ATA   1   1   1   1   1   1 |     ACA   1   1   1   1   1   1 | Lys AAA   1   1   1   1   1   1 | Arg AGA   3   3   3   3   3   3
Met ATG   1   1   1   1   1   1 |     ACG   1   1   1   1   1   1 |     AAG   3   3   3   3   3   3 |     AGG   0   0   0   0   0   0
--------------------------------------------------------------------------------------------------------------------------------------
Val GTT   1   0   0   0   1   0 | Ala GCT   0   0   0   0   0   0 | Asp GAT   8   8   8   8   8   8 | Gly GGT   1   1   1   1   1   1
    GTC   0   0   0   0   0   0 |     GCC   1   1   1   1   1   1 |     GAC   1   0   1   1   1   1 |     GGC   0   0   0   0   0   0
    GTA   1   2   2   3   2   2 |     GCA   1   1   1   2   2   2 | Glu GAA   2   2   2   2   2   2 |     GGA   0   0   0   0   0   0
    GTG   1   1   1   0   1   1 |     GCG   1   1   1   0   0   0 |     GAG   2   3   2   2   2   2 |     GGG   0   0   0   0   0   0
--------------------------------------------------------------------------------------------------------------------------------------

Codon position x base (3x4) table for each sequence.

#1: Argali         
position  1:    T:0.18750    C:0.21875    A:0.28125    G:0.31250
position  2:    T:0.28125    C:0.15625    A:0.43750    G:0.12500
position  3:    T:0.37500    C:0.14062    A:0.25000    G:0.23438
Average         T:0.28125    C:0.17188    A:0.32292    G:0.22396

#2: LesserMouseDeer
position  1:    T:0.18750    C:0.21875    A:0.28125    G:0.31250
position  2:    T:0.28125    C:0.15625    A:0.43750    G:0.12500
position  3:    T:0.34375    C:0.15625    A:0.28125    G:0.21875
Average         T:0.27083    C:0.17708    A:0.33333    G:0.21875

#3: LesserKudu     
position  1:    T:0.18750    C:0.21875    A:0.28125    G:0.31250
position  2:    T:0.28125    C:0.15625    A:0.43750    G:0.12500
position  3:    T:0.37500    C:0.12500    A:0.26562    G:0.23438
Average         T:0.28125    C:0.16667    A:0.32812    G:0.22396

#4: ForestMuskDeer2
position  1:    T:0.18750    C:0.21875    A:0.28125    G:0.31250
position  2:    T:0.28125    C:0.15625    A:0.43750    G:0.12500
position  3:    T:0.39062    C:0.12500    A:0.28125    G:0.20312
Average         T:0.28646    C:0.16667    A:0.33333    G:0.21354

#5: Camel          
position  1:    T:0.18750    C:0.21875    A:0.28125    G:0.31250
position  2:    T:0.28125    C:0.15625    A:0.45312    G:0.10938
position  3:    T:0.35938    C:0.15625    A:0.26562    G:0.21875
Average         T:0.27604    C:0.17708    A:0.33333    G:0.21354

#6: KillerWhale    
position  1:    T:0.18750    C:0.21875    A:0.28125    G:0.31250
position  2:    T:0.28125    C:0.15625    A:0.43750    G:0.12500
position  3:    T:0.35938    C:0.14062    A:0.26562    G:0.23438
Average         T:0.27604    C:0.17188    A:0.32812    G:0.22396

#7: DefassaWaterbuck
position  1:    T:0.18750    C:0.21875    A:0.28125    G:0.31250
position  2:    T:0.28125    C:0.15625    A:0.43750    G:0.12500
position  3:    T:0.35938    C:0.14062    A:0.25000    G:0.25000
Average         T:0.27604    C:0.17188    A:0.32292    G:0.22917

#8: Sheep          
position  1:    T:0.18750    C:0.21875    A:0.28125    G:0.31250
position  2:    T:0.28125    C:0.15625    A:0.43750    G:0.12500
position  3:    T:0.37500    C:0.14062    A:0.25000    G:0.23438
Average         T:0.28125    C:0.17188    A:0.32292    G:0.22396

#9: MaxwellsDuiker 
position  1:    T:0.18750    C:0.21875    A:0.28125    G:0.31250
position  2:    T:0.28125    C:0.15625    A:0.43750    G:0.12500
position  3:    T:0.35938    C:0.14062    A:0.26562    G:0.23438
Average         T:0.27604    C:0.17188    A:0.32812    G:0.22396

#10: GazellaPrzewalskyi
position  1:    T:0.18750    C:0.21875    A:0.28125    G:0.31250
position  2:    T:0.28125    C:0.15625    A:0.43750    G:0.12500
position  3:    T:0.35938    C:0.14062    A:0.26562    G:0.23438
Average         T:0.27604    C:0.17188    A:0.32812    G:0.22396

#11: MountainNyala  
position  1:    T:0.18750    C:0.21875    A:0.28125    G:0.31250
position  2:    T:0.28125    C:0.15625    A:0.43750    G:0.12500
position  3:    T:0.39062    C:0.10938    A:0.26562    G:0.23438
Average         T:0.28646    C:0.16146    A:0.32812    G:0.22396

#12: MuntiacusMuntjak
position  1:    T:0.18750    C:0.21875    A:0.28125    G:0.31250
position  2:    T:0.28125    C:0.15625    A:0.43750    G:0.12500
position  3:    T:0.35938    C:0.14062    A:0.28125    G:0.21875
Average         T:0.27604    C:0.17188    A:0.33333    G:0.21875

#13: goat           
position  1:    T:0.18750    C:0.21875    A:0.28125    G:0.31250
position  2:    T:0.28125    C:0.15625    A:0.43750    G:0.12500
position  3:    T:0.37500    C:0.14062    A:0.25000    G:0.23438
Average         T:0.28125    C:0.17188    A:0.32292    G:0.22396

#14: AfricanBuffalo 
position  1:    T:0.18750    C:0.21875    A:0.28125    G:0.31250
position  2:    T:0.28125    C:0.15625    A:0.43750    G:0.12500
position  3:    T:0.37500    C:0.12500    A:0.25000    G:0.25000
Average         T:0.28125    C:0.16667    A:0.32292    G:0.22917

#15: Topi           
position  1:    T:0.18750    C:0.21875    A:0.28125    G:0.31250
position  2:    T:0.28125    C:0.15625    A:0.43750    G:0.12500
position  3:    T:0.35938    C:0.14062    A:0.23438    G:0.26562
Average         T:0.27604    C:0.17188    A:0.31771    G:0.23438

#16: CommonDuiker   
position  1:    T:0.18750    C:0.21875    A:0.28125    G:0.31250
position  2:    T:0.28125    C:0.15625    A:0.43750    G:0.12500
position  3:    T:0.35938    C:0.14062    A:0.25000    G:0.25000
Average         T:0.27604    C:0.17188    A:0.32292    G:0.22917

#17: Suni           
position  1:    T:0.18750    C:0.21875    A:0.28125    G:0.31250
position  2:    T:0.28125    C:0.15625    A:0.43750    G:0.12500
position  3:    T:0.35938    C:0.14062    A:0.26562    G:0.23438
Average         T:0.27604    C:0.17188    A:0.32812    G:0.22396

#18: Springbuck     
position  1:    T:0.18750    C:0.21875    A:0.28125    G:0.31250
position  2:    T:0.28125    C:0.15625    A:0.43750    G:0.12500
position  3:    T:0.37500    C:0.12500    A:0.25000    G:0.25000
Average         T:0.28125    C:0.16667    A:0.32292    G:0.22917

#19: Okapi          
position  1:    T:0.18750    C:0.21875    A:0.28125    G:0.31250
position  2:    T:0.28125    C:0.15625    A:0.43750    G:0.12500
position  3:    T:0.35938    C:0.14062    A:0.25000    G:0.25000
Average         T:0.27604    C:0.17188    A:0.32292    G:0.22917

#20: Giraffe        
position  1:    T:0.18750    C:0.21875    A:0.28125    G:0.31250
position  2:    T:0.28125    C:0.15625    A:0.43750    G:0.12500
position  3:    T:0.35938    C:0.14062    A:0.26562    G:0.23438
Average         T:0.27604    C:0.17188    A:0.32812    G:0.22396

#21: TibetanAntelope
position  1:    T:0.18750    C:0.21875    A:0.28125    G:0.31250
position  2:    T:0.28125    C:0.15625    A:0.43750    G:0.12500
position  3:    T:0.39062    C:0.12500    A:0.25000    G:0.23438
Average         T:0.28646    C:0.16667    A:0.32292    G:0.22396

#22: Sitatunga      
position  1:    T:0.18750    C:0.21875    A:0.28125    G:0.31250
position  2:    T:0.28125    C:0.15625    A:0.43750    G:0.12500
position  3:    T:0.37500    C:0.12500    A:0.26562    G:0.23438
Average         T:0.28125    C:0.16667    A:0.32812    G:0.22396

#23: Oribi          
position  1:    T:0.18750    C:0.21875    A:0.28125    G:0.31250
position  2:    T:0.28125    C:0.15625    A:0.43750    G:0.12500
position  3:    T:0.34375    C:0.15625    A:0.25000    G:0.25000
Average         T:0.27083    C:0.17708    A:0.32292    G:0.22917

#24: BarbarySheep   
position  1:    T:0.18750    C:0.21875    A:0.28125    G:0.31250
position  2:    T:0.28125    C:0.15625    A:0.43750    G:0.12500
position  3:    T:0.37500    C:0.14062    A:0.25000    G:0.23438
Average         T:0.28125    C:0.17188    A:0.32292    G:0.22396

#25: Daviddeer      
position  1:    T:0.18750    C:0.21875    A:0.28125    G:0.31250
position  2:    T:0.28125    C:0.15625    A:0.43750    G:0.12500
position  3:    T:0.37500    C:0.12500    A:0.26562    G:0.23438
Average         T:0.28125    C:0.16667    A:0.32812    G:0.22396

#26: Reindeer       
position  1:    T:0.18750    C:0.21875    A:0.28125    G:0.31250
position  2:    T:0.28125    C:0.15625    A:0.43750    G:0.12500
position  3:    T:0.35938    C:0.14062    A:0.28125    G:0.21875
Average         T:0.27604    C:0.17188    A:0.33333    G:0.21875

#27: Ibex           
position  1:    T:0.18750    C:0.21875    A:0.28125    G:0.31250
position  2:    T:0.28125    C:0.15625    A:0.43750    G:0.12500
position  3:    T:0.37500    C:0.14062    A:0.25000    G:0.23438
Average         T:0.28125    C:0.17188    A:0.32292    G:0.22396

#28: GyrantGazelle  
position  1:    T:0.18750    C:0.21875    A:0.28125    G:0.31250
position  2:    T:0.28125    C:0.15625    A:0.43750    G:0.12500
position  3:    T:0.35938    C:0.14062    A:0.25000    G:0.25000
Average         T:0.27604    C:0.17188    A:0.32292    G:0.22917

#29: Hartebeest     
position  1:    T:0.18750    C:0.21875    A:0.28125    G:0.31250
position  2:    T:0.28125    C:0.15625    A:0.43750    G:0.12500
position  3:    T:0.35938    C:0.14062    A:0.23438    G:0.26562
Average         T:0.27604    C:0.17188    A:0.31771    G:0.23438

#30: Bongo          
position  1:    T:0.18750    C:0.21875    A:0.28125    G:0.31250
position  2:    T:0.28125    C:0.15625    A:0.43750    G:0.12500
position  3:    T:0.37500    C:0.12500    A:0.26562    G:0.23438
Average         T:0.28125    C:0.16667    A:0.32812    G:0.22396

#31: Gerenuk        
position  1:    T:0.18750    C:0.21875    A:0.28125    G:0.31250
position  2:    T:0.28125    C:0.15625    A:0.43750    G:0.12500
position  3:    T:0.35938    C:0.14062    A:0.25000    G:0.25000
Average         T:0.27604    C:0.17188    A:0.32292    G:0.22917

#32: CommonEland    
position  1:    T:0.18750    C:0.21875    A:0.28125    G:0.31250
position  2:    T:0.28125    C:0.15625    A:0.43750    G:0.12500
position  3:    T:0.37500    C:0.12500    A:0.26562    G:0.23438
Average         T:0.28125    C:0.16667    A:0.32812    G:0.22396

#33: MuntiacusReevesi
position  1:    T:0.18750    C:0.21875    A:0.28125    G:0.31250
position  2:    T:0.28125    C:0.15625    A:0.43750    G:0.12500
position  3:    T:0.35938    C:0.14062    A:0.26562    G:0.23438
Average         T:0.27604    C:0.17188    A:0.32812    G:0.22396

#34: HarveysDuiker  
position  1:    T:0.18750    C:0.21875    A:0.28125    G:0.31250
position  2:    T:0.28125    C:0.15625    A:0.43750    G:0.12500
position  3:    T:0.37500    C:0.12500    A:0.25000    G:0.25000
Average         T:0.28125    C:0.16667    A:0.32292    G:0.22917

#35: Pronghorn      
position  1:    T:0.18750    C:0.21875    A:0.28125    G:0.31250
position  2:    T:0.28125    C:0.15625    A:0.43750    G:0.12500
position  3:    T:0.35938    C:0.14062    A:0.25000    G:0.25000
Average         T:0.27604    C:0.17188    A:0.32292    G:0.22917

#36: BlueWildebeest 
position  1:    T:0.18750    C:0.21875    A:0.28125    G:0.31250
position  2:    T:0.28125    C:0.15625    A:0.43750    G:0.12500
position  3:    T:0.35938    C:0.14062    A:0.23438    G:0.26562
Average         T:0.27604    C:0.17188    A:0.31771    G:0.23438

#37: Gemsbok        
position  1:    T:0.18750    C:0.21875    A:0.28125    G:0.31250
position  2:    T:0.28125    C:0.15625    A:0.43750    G:0.12500
position  3:    T:0.37500    C:0.12500    A:0.25000    G:0.25000
Average         T:0.28125    C:0.16667    A:0.32292    G:0.22917

#38: Yak            
position  1:    T:0.18750    C:0.21875    A:0.28125    G:0.31250
position  2:    T:0.28125    C:0.15625    A:0.43750    G:0.12500
position  3:    T:0.37500    C:0.12500    A:0.26562    G:0.23438
Average         T:0.28125    C:0.16667    A:0.32812    G:0.22396

#39: BlueSheep      
position  1:    T:0.18750    C:0.21875    A:0.28125    G:0.31250
position  2:    T:0.28125    C:0.15625    A:0.43750    G:0.12500
position  3:    T:0.37500    C:0.14062    A:0.25000    G:0.23438
Average         T:0.28125    C:0.17188    A:0.32292    G:0.22396

#40: BohorReedbuck  
position  1:    T:0.18750    C:0.21875    A:0.28125    G:0.31250
position  2:    T:0.28125    C:0.15625    A:0.43750    G:0.12500
position  3:    T:0.35938    C:0.14062    A:0.25000    G:0.25000
Average         T:0.27604    C:0.17188    A:0.32292    G:0.22917

#41: KirksDik       
position  1:    T:0.18750    C:0.21875    A:0.28125    G:0.31250
position  2:    T:0.28125    C:0.15625    A:0.43750    G:0.12500
position  3:    T:0.35938    C:0.14062    A:0.25000    G:0.25000
Average         T:0.27604    C:0.17188    A:0.32292    G:0.22917

#42: RoeDeer        
position  1:    T:0.18750    C:0.21875    A:0.28125    G:0.31250
position  2:    T:0.28125    C:0.15625    A:0.43750    G:0.12500
position  3:    T:0.37500    C:0.12500    A:0.26562    G:0.23438
Average         T:0.28125    C:0.16667    A:0.32812    G:0.22396

#43: WhiteLippedDeer
position  1:    T:0.18750    C:0.21875    A:0.28125    G:0.31250
position  2:    T:0.28125    C:0.15625    A:0.43750    G:0.12500
position  3:    T:0.35938    C:0.14062    A:0.26562    G:0.23438
Average         T:0.27604    C:0.17188    A:0.32812    G:0.22396

#44: ThomsonGazelle 
position  1:    T:0.18750    C:0.21875    A:0.28125    G:0.31250
position  2:    T:0.28125    C:0.15625    A:0.43750    G:0.12500
position  3:    T:0.35938    C:0.14062    A:0.25000    G:0.25000
Average         T:0.27604    C:0.17188    A:0.32292    G:0.22917

#45: MuntiacusCrinifrons
position  1:    T:0.18750    C:0.21875    A:0.28125    G:0.31250
position  2:    T:0.28125    C:0.15625    A:0.43750    G:0.12500
position  3:    T:0.35938    C:0.14062    A:0.28125    G:0.21875
Average         T:0.27604    C:0.17188    A:0.33333    G:0.21875

#46: WhiteTailedDeer
position  1:    T:0.18750    C:0.21875    A:0.28125    G:0.31250
position  2:    T:0.28125    C:0.15625    A:0.43750    G:0.12500
position  3:    T:0.35938    C:0.14062    A:0.28125    G:0.21875
Average         T:0.27604    C:0.17188    A:0.33333    G:0.21875

#47: Cattle         
position  1:    T:0.18750    C:0.21875    A:0.28125    G:0.31250
position  2:    T:0.28125    C:0.15625    A:0.43750    G:0.12500
position  3:    T:0.37500    C:0.12500    A:0.26562    G:0.23438
Average         T:0.28125    C:0.16667    A:0.32812    G:0.22396

#48: RoyalAntelope  
position  1:    T:0.18750    C:0.21875    A:0.28125    G:0.31250
position  2:    T:0.28125    C:0.15625    A:0.43750    G:0.12500
position  3:    T:0.37500    C:0.14062    A:0.23438    G:0.25000
Average         T:0.28125    C:0.17188    A:0.31771    G:0.22917

#49: Steenbok       
position  1:    T:0.18750    C:0.21875    A:0.28125    G:0.31250
position  2:    T:0.28125    C:0.15625    A:0.43750    G:0.12500
position  3:    T:0.39062    C:0.12500    A:0.23438    G:0.25000
Average         T:0.28646    C:0.16667    A:0.31771    G:0.22917

#50: Impala         
position  1:    T:0.18750    C:0.21875    A:0.28125    G:0.31250
position  2:    T:0.28125    C:0.15625    A:0.43750    G:0.12500
position  3:    T:0.35938    C:0.12500    A:0.25000    G:0.26562
Average         T:0.27604    C:0.16667    A:0.32292    G:0.23438

#51: Klipspringer   
position  1:    T:0.18750    C:0.21875    A:0.28125    G:0.31250
position  2:    T:0.28125    C:0.15625    A:0.43750    G:0.12500
