1
52 1
Argali 0.000000 0.259500 0.078500 0.241300 0.071300 0.004000 0.062500 0.068500 0.075800 0.101000 0.021700 0.071500 0.049600 0.051100 0.065200 0.056700 0.090900 0.082700 0.045500 0.073100 0.071300 0.024500 0.090600 0.092200 0.023000 0.079900 0.049600 0.074200 0.065200 0.071700 0.102600 0.059600 0.103200 0.046700 0.047000 0.080300 0.020300 0.074400 0.066800 0.103900 0.087300 0.068200 0.104200 0.098300 0.085100 0.069800 0.068000 0.074400 0.060100 0.064200 0.077100 0.078800
LesserMous 0.259500 0.000000 0.269200 0.294200 0.267100 0.259600 0.262500 0.265100 0.267700 0.269200 0.264400 0.268500 0.265900 0.251700 0.276600 0.247400 0.242000 0.247100 0.267700 0.265300 0.257300 0.256400 0.243200 0.257400 0.263500 0.265300 0.271400 0.264100 0.256100 0.265300 0.270500 0.255100 0.249800 0.267300 0.254800 0.280500 0.263500 0.271300 0.256500 0.270200 0.242300 0.264700 0.275600 0.258600 0.278300 0.249300 0.255900 0.265700 0.251100 0.246600 0.273000 0.276300
LesserKudu 0.078500 0.269200 0.000000 0.237800 0.093200 0.080000 0.078400 0.090400 0.027200 0.107400 0.085800 0.070100 0.091900 0.069900 0.093200 0.074100 0.093900 0.093100 0.095200 0.021800 0.084500 0.078800 0.101500 0.100000 0.087200 0.100700 0.088800 0.025800 0.076900 0.028700 0.110400 0.076900 0.106300 0.093100 0.086000 0.077300 0.086100 0.099600 0.085600 0.110300 0.101200 0.093300 0.106000 0.107700 0.079100 0.086100 0.075100 0.096100 0.083600 0.081900 0.023100 0.032800
KillerWhal 0.241300 0.294200 0.237800 0.000000 0.243400 0.237800 0.237600 0.246300 0.243900 0.253200 0.244200 0.236900 0.250300 0.229600 0.237600 0.225200 0.227600 0.237500 0.249500 0.237500 0.247800 0.245000 0.235500 0.242200 0.245200 0.242200 0.251700 0.239900 0.240600 0.244800 0.259200 0.230400 0.244500 0.249700 0.239300 0.253000 0.245200 0.246000 0.237100 0.246800 0.231000 0.247500 0.253800 0.237100 0.255700 0.231900 0.236400 0.234200 0.230600 0.213200 0.241400 0.246000
DefassaWat 0.071300 0.267100 0.093200 0.243400 0.000000 0.072800 0.075300 0.080400 0.093500 0.120000 0.075700 0.089400 0.072900 0.064200 0.076900 0.067000 0.109300 0.100700 0.082000 0.087700 0.081700 0.071600 0.103200 0.100100 0.077100 0.090400 0.075700 0.085900 0.084400 0.092400 0.124800 0.077200 0.114300 0.074100 0.077400 0.093800 0.078900 0.021700 0.080200 0.115000 0.102800 0.083000 0.123300 0.104900 0.095700 0.075800 0.078400 0.080300 0.061700 0.076100 0.091700 0.093600
Sheep 0.004000 0.259600 0.080000 0.237800 0.072800 0.000000 0.061100 0.067000 0.077300 0.102600 0.023000 0.070100 0.048200 0.049700 0.062200 0.055200 0.089400 0.081200 0.044100 0.074600 0.069800 0.023100 0.089100 0.090700 0.024400 0.078400 0.048200 0.075700 0.063800 0.073200 0.104200 0.058200 0.101700 0.045200 0.045600 0.075900 0.019000 0.075900 0.065300 0.102400 0.085800 0.069700 0.105800 0.096800 0.080600 0.068400 0.066600 0.073000 0.058600 0.062800 0.078600 0.080300
MaxwellsDu 0.062500 0.262500 0.078400 0.237600 0.075300 0.061100 0.000000 0.064200 0.075600 0.101500 0.071200 0.068700 0.064100 0.026000 0.066600 0.052600 0.089400 0.084200 0.073000 0.072900 0.064100 0.059900 0.082100 0.089500 0.072600 0.072600 0.064000 0.077000 0.061000 0.074500 0.106100 0.037100 0.092800 0.065300 0.068600 0.077300 0.070000 0.078300 0.056800 0.090700 0.081800 0.068300 0.101700 0.088200 0.079100 0.059700 0.058100 0.072800 0.053000 0.068700 0.076900 0.084600
GazellaPrz 0.068500 0.265100 0.090400 0.246300 0.080400 0.067000 0.064200 0.000000 0.083200 0.103200 0.077300 0.077700 0.068500 0.055600 0.078500 0.038500 0.097200 0.093300 0.082000 0.081900 0.049900 0.065800 0.089700 0.089600 0.078600 0.052600 0.068500 0.083100 0.046900 0.082000 0.110800 0.062800 0.102000 0.072700 0.078600 0.086500 0.070100 0.079000 0.042700 0.099800 0.090400 0.046900 0.109500 0.094200 0.088300 0.070100 0.043900 0.081900 0.065900 0.077600 0.082900 0.087800
MountainNy 0.075800 0.267700 0.027200 0.243900 0.093500 0.077300 0.075600 0.083200 0.000000 0.101400 0.086100 0.070300 0.086100 0.070100 0.093400 0.077300 0.100300 0.093400 0.092400 0.013600 0.081700 0.079000 0.092600 0.097100 0.087400 0.094900 0.083000 0.016300 0.083000 0.013600 0.104500 0.080000 0.103500 0.087400 0.086200 0.079000 0.084800 0.095400 0.085800 0.107400 0.092300 0.087500 0.100100 0.101800 0.080800 0.089300 0.078200 0.099400 0.083900 0.082000 0.017600 0.027300
MuntiacusM 0.101000 0.269200 0.107400 0.253200 0.120000 0.102600 0.101500 0.103200 0.101400 0.000000 0.111900 0.108100 0.104500 0.091100 0.111900 0.096800 0.108400 0.102800 0.112400 0.098800 0.110600 0.097200 0.051500 0.058500 0.113300 0.111700 0.104300 0.101500 0.104200 0.101900 0.017700 0.097000 0.105600 0.105700 0.106200 0.117100 0.107600 0.121700 0.104400 0.062700 0.052700 0.108900 0.016300 0.058600 0.119200 0.101600 0.104100 0.121100 0.102300 0.082400 0.102900 0.110900
goat 0.021700 0.264400 0.085800 0.244200 0.075700 0.023000 0.071200 0.077300 0.086100 0.111900 0.000000 0.075900 0.058200 0.059800 0.065100 0.065400 0.103100 0.094700 0.048300 0.080400 0.080000 0.030000 0.099900 0.101400 0.004000 0.085700 0.058100 0.081600 0.071000 0.082000 0.112000 0.068400 0.110500 0.052400 0.055500 0.080300 0.017600 0.080200 0.072600 0.113200 0.096500 0.078400 0.113700 0.104600 0.085000 0.069800 0.070900 0.074300 0.066000 0.075900 0.084400 0.086200
AfricanBuf 0.071500 0.268500 0.070100 0.236900 0.089400 0.070100 0.068700 0.077700 0.070300 0.108100 0.075900 0.000000 0.080500 0.064400 0.083100 0.075900 0.102100 0.096600 0.089600 0.061800 0.084900 0.071800 0.094400 0.094400 0.077300 0.093600 0.077400 0.068800 0.083200 0.072100 0.115900 0.073100 0.105400 0.081700 0.082100 0.048600 0.076100 0.094100 0.083300 0.101400 0.091100 0.089200 0.111300 0.097600 0.050200 0.074600 0.078600 0.084700 0.076600 0.077800 0.068700 0.076300
Topi 0.049600 0.265900 0.091900 0.250300 0.072900 0.048200 0.064100 0.068500 0.086100 0.104500 0.058200 0.080500 0.000000 0.051200 0.069700 0.059700 0.095500 0.087200 0.062800 0.083400 0.075700 0.047000 0.089400 0.090900 0.059500 0.082800 0.013500 0.084600 0.074000 0.085000 0.110700 0.059700 0.100100 0.016200 0.044100 0.087600 0.054000 0.075900 0.068300 0.102700 0.086200 0.077000 0.109200 0.097100 0.092400 0.069700 0.069600 0.080200 0.061600 0.070000 0.084500 0.089200
CommonDuik 0.051100 0.251700 0.069900 0.229600 0.064200 0.049700 0.026000 0.055600 0.070100 0.091100 0.059800 0.064400 0.051200 0.000000 0.061000 0.042700 0.082000 0.077000 0.061500 0.064500 0.057000 0.045700 0.074800 0.076100 0.061100 0.064000 0.054000 0.068700 0.051100 0.069000 0.094200 0.024500 0.084900 0.055400 0.058400 0.071700 0.058500 0.067200 0.049800 0.084900 0.074600 0.058300 0.094300 0.079400 0.073400 0.055400 0.051000 0.068500 0.040200 0.060000 0.068500 0.076100
Suni 0.065200 0.276600 0.093200 0.237600 0.076900 0.062200 0.066600 0.078500 0.093400 0.111900 0.065100 0.083100 0.069700 0.061000 0.000000 0.066500 0.101300 0.098900 0.080000 0.087700 0.074000 0.068400 0.095200 0.092100 0.066500 0.082700 0.072500 0.088800 0.073800 0.092300 0.112000 0.066600 0.101400 0.068000 0.072700 0.083500 0.069700 0.081500 0.070800 0.109000 0.091900 0.082700 0.113300 0.098300 0.085300 0.069500 0.069300 0.077300 0.068600 0.078300 0.091700 0.093500
Springbuck 0.056700 0.247400 0.074100 0.225200 0.067000 0.055200 0.052600 0.038500 0.077300 0.096800 0.065400 0.075900 0.059700 0.042700 0.066500 0.000000 0.088900 0.081200 0.070000 0.071600 0.038400 0.051200 0.082000 0.080400 0.066700 0.039700 0.062500 0.072800 0.029900 0.073200 0.101400 0.045400 0.095600 0.063800 0.067000 0.084700 0.064100 0.068500 0.037000 0.093600 0.081700 0.034200 0.100100 0.085000 0.086500 0.062600 0.032700 0.072800 0.055800 0.062800 0.075600 0.083300
Okapi 0.090900 0.242000 0.093900 0.227600 0.109300 0.089400 0.089400 0.097200 0.100300 0.108400 0.103100 0.102100 0.095500 0.082000 0.101300 0.088900 0.000000 0.040000 0.098800 0.097500 0.098500 0.091300 0.090100 0.092900 0.104500 0.107400 0.098400 0.098700 0.089100 0.090100 0.113100 0.093900 0.081500 0.096800 0.091200 0.114200 0.098700 0.112600 0.093800 0.101800 0.086800 0.101400 0.111600 0.097700 0.116200 0.093900 0.092100 0.107500 0.093200 0.079400 0.098500 0.097300
Giraffe 0.082700 0.247100 0.093100 0.237500 0.100700 0.081200 0.084200 0.093300 0.093400 0.102800 0.094700 0.096600 0.087200 0.077000 0.098900 0.081200 0.040000 0.000000 0.093400 0.090600 0.093200 0.083100 0.087800 0.087600 0.096000 0.098900 0.090100 0.091800 0.089900 0.083300 0.107400 0.085700 0.086600 0.088500 0.084400 0.108600 0.090300 0.103900 0.092600 0.096300 0.087500 0.096000 0.106000 0.092200 0.110500 0.090200 0.089800 0.108000 0.090900 0.072800 0.091600 0.096500
TibetanAnt 0.045500 0.267700 0.095200 0.249500 0.082000 0.044100 0.073000 0.082000 0.092400 0.112400 0.048300 0.089600 0.062800 0.061500 0.080000 0.070000 0.098800 0.093400 0.000000 0.086700 0.084800 0.042800 0.097200 0.100300 0.049600 0.093500 0.062700 0.087900 0.075700 0.088400 0.114100 0.067200 0.105200 0.059700 0.054200 0.095600 0.046700 0.088000 0.080300 0.115200 0.093900 0.087600 0.115700 0.106500 0.103500 0.077500 0.078600 0.079000 0.066200 0.076200 0.090700 0.092600
Sitatunga 0.073100 0.265300 0.021800 0.237500 0.087700 0.074600 0.072900 0.081900 0.013600 0.098800 0.080400 0.061800 0.083400 0.064500 0.087700 0.071600 0.097500 0.090600 0.086700 0.000000 0.079100 0.073300 0.093000 0.094500 0.081800 0.092200 0.080400 0.017700 0.077300 0.017800 0.101900 0.074300 0.100800 0.084700 0.080500 0.074800 0.080600 0.094100 0.080200 0.104800 0.092700 0.084800 0.097500 0.099200 0.076600 0.083600 0.075500 0.093700 0.078200 0.076400 0.017700 0.024600
Oribi 0.071300 0.257300 0.084500 0.247800 0.081700 0.069800 0.064100 0.049900 0.081700 0.110600 0.080000 0.084900 0.075700 0.057000 0.074000 0.038400 0.098500 0.093200 0.084800 0.079100 0.000000 0.068300 0.091100 0.089500 0.081400 0.053900 0.075600 0.080200 0.049600 0.080700 0.115300 0.059800 0.103300 0.074000 0.080300 0.090800 0.078800 0.086300 0.051100 0.105800 0.090700 0.051100 0.113900 0.097100 0.092600 0.071400 0.043900 0.084700 0.067500 0.074600 0.080100 0.087800
BarbaryShe 0.024500 0.256400 0.078800 0.245000 0.071600 0.023100 0.059900 0.065800 0.079000 0.097200 0.030000 0.071800 0.047000 0.045700 0.068400 0.051200 0.091300 0.083100 0.042800 0.073300 0.068300 0.000000 0.088200 0.086700 0.031300 0.074200 0.046900 0.077500 0.059700 0.075000 0.101800 0.054200 0.100300 0.046900 0.044300 0.077600 0.028700 0.074700 0.064200 0.101400 0.084900 0.068500 0.103400 0.095900 0.082400 0.064300 0.062500 0.071600 0.054600 0.064500 0.077400 0.082100
Daviddeer 0.090600 0.243200 0.101500 0.235500 0.103200 0.089100 0.082100 0.089700 0.092600 0.051500 0.099900 0.094400 0.089400 0.074800 0.095200 0.082000 0.090100 0.087800 0.097200 0.093000 0.091100 0.088200 0.000000 0.051500 0.101200 0.092100 0.089400 0.095700 0.090800 0.096100 0.055900 0.080600 0.088800 0.090700 0.095700 0.101900 0.094100 0.101800 0.089400 0.055600 0.014900 0.095400 0.054400 0.051600 0.103800 0.092600 0.081800 0.105900 0.088800 0.067700 0.094000 0.105000
Reindeer 0.092200 0.257400 0.100000 0.242200 0.100100 0.090700 0.089500 0.089600 0.097100 0.058500 0.101400 0.094400 0.090900 0.076100 0.092100 0.080400 0.092900 0.087600 0.100300 0.094500 0.089500 0.086700 0.051500 0.000000 0.102800 0.098100 0.090900 0.097200 0.089200 0.097600 0.061300 0.083300 0.096400 0.095200 0.098500 0.098900 0.095600 0.104800 0.090900 0.042400 0.047000 0.098300 0.061400 0.021800 0.100800 0.097100 0.086100 0.108700 0.091700 0.077800 0.098500 0.100400
Ibex 0.023000 0.263500 0.087200 0.245200 0.077100 0.024400 0.072600 0.078600 0.087400 0.113300 0.004000 0.077300 0.059500 0.061100 0.066500 0.066700 0.104500 0.096000 0.049600 0.081800 0.081400 0.031300 0.101200 0.102800 0.000000 0.087000 0.059500 0.082900 0.072400 0.083400 0.113400 0.069700 0.111900 0.053700 0.056800 0.081600 0.018900 0.081600 0.073900 0.114500 0.097900 0.079800 0.114800 0.105900 0.086400 0.071100 0.072300 0.075600 0.067300 0.077000 0.085800 0.087600
GyrantGaze 0.079900 0.265300 0.100700 0.242200 0.090400 0.078400 0.072600 0.052600 0.094900 0.111700 0.085700 0.093600 0.082800 0.064000 0.082700 0.039700 0.107400 0.098900 0.093500 0.092200 0.053900 0.074200 0.092100 0.098100 0.087000 0.000000 0.082700 0.093500 0.050900 0.093900 0.119500 0.072600 0.110700 0.087000 0.087400 0.105600 0.087400 0.087500 0.055200 0.108200 0.091800 0.024400 0.118100 0.096700 0.107500 0.078500 0.050900 0.094900 0.071700 0.083200 0.093200 0.101100
Hartebeest 0.049600 0.271400 0.088800 0.251700 0.075700 0.048200 0.064000 0.068500 0.083000 0.104300 0.058100 0.077400 0.013500 0.054000 0.072500 0.062500 0.098400 0.090100 0.062700 0.080400 0.075600 0.046900 0.089400 0.090900 0.059500 0.082700 0.000000 0.084500 0.071000 0.082000 0.110500 0.062500 0.099900 0.016200 0.044100 0.084600 0.054000 0.078700 0.068300 0.102600 0.086100 0.076900 0.109100 0.097000 0.089300 0.072600 0.069500 0.083100 0.061600 0.069900 0.081400 0.089100
Bongo 0.074200 0.264100 0.025800 0.239900 0.085900 0.075700 0.077000 0.083100 0.016300 0.101500 0.081600 0.068800 0.084600 0.068700 0.088800 0.072800 0.098700 0.091800 0.087900 0.017700 0.080200 0.077500 0.095700 0.097200 0.082900 0.093500 0.084500 0.000000 0.081500 0.020400 0.104600 0.078500 0.108200 0.082900 0.084700 0.076000 0.078900 0.089300 0.084200 0.107500 0.095400 0.086100 0.103100 0.101900 0.077800 0.084700 0.079700 0.094800 0.082400 0.080500 0.021700 0.020400
Gerenuk 0.065200 0.256100 0.076900 0.240600 0.084400 0.063800 0.061000 0.046900 0.083000 0.104200 0.071000 0.083200 0.074000 0.051100 0.073800 0.029900 0.089100 0.089900 0.075700 0.077300 0.049600 0.059700 0.090800 0.089200 0.072400 0.050900 0.071000 0.081500 0.000000 0.078900 0.108800 0.062500 0.098500 0.072400 0.069800 0.090400 0.069800 0.086000 0.041100 0.102400 0.090400 0.045300 0.107400 0.090900 0.089300 0.068300 0.038200 0.080000 0.064400 0.074300 0.081400 0.081600
CommonElan 0.071700 0.265300 0.028700 0.244800 0.092400 0.073200 0.074500 0.082000 0.013600 0.101900 0.082000 0.072100 0.085000 0.069000 0.092300 0.073200 0.090100 0.083300 0.088400 0.017800 0.080700 0.075000 0.096100 0.097600 0.083400 0.093900 0.082000 0.020400 0.078900 0.000000 0.105000 0.078900 0.108200 0.086300 0.082100 0.080900 0.080800 0.097300 0.084600 0.107900 0.094200 0.086500 0.103600 0.102300 0.082700 0.085200 0.080100 0.098300 0.082800 0.077900 0.027400 0.026000
MuntiacusR 0.102600 0.270500 0.110400 0.259200 0.124800 0.104200 0.106100 0.110800 0.104500 0.017700 0.112000 0.115900 0.110700 0.094200 0.112000 0.101400 0.113100 0.107400 0.114100 0.101900 0.115300 0.101800 0.055900 0.061300 0.113400 0.119500 0.110500 0.104600 0.108800 0.105000 0.000000 0.098500 0.114900 0.111900 0.112500 0.120400 0.109300 0.126500 0.107500 0.070000 0.057100 0.116600 0.012200 0.062900 0.122400 0.112400 0.108700 0.127500 0.107000 0.088400 0.105900 0.114000
HarveysDui 0.059600 0.255100 0.076900 0.230400 0.077200 0.058200 0.037100 0.062800 0.080000 0.097000 0.068400 0.073100 0.059700 0.024500 0.066600 0.045400 0.093900 0.085700 0.067200 0.074300 0.059800 0.054200 0.080600 0.083300 0.069700 0.072600 0.062500 0.078500 0.062500 0.078900 0.098500 0.000000 0.094300 0.063800 0.067000 0.080400 0.067100 0.080300 0.058300 0.095200 0.080300 0.066900 0.098600 0.086700 0.082200 0.064100 0.056700 0.074200 0.051600 0.067100 0.075400 0.086000
Pronghorn 0.103200 0.249800 0.106300 0.244500 0.114300 0.101700 0.092800 0.102000 0.103500 0.105600 0.110500 0.105400 0.100100 0.084900 0.101400 0.095600 0.081500 0.086600 0.105200 0.100800 0.103300 0.100300 0.088800 0.096400 0.111900 0.110700 0.099900 0.108200 0.098500 0.108200 0.114900 0.094300 0.000000 0.101300 0.098500 0.109800 0.105000 0.111300 0.097200 0.100700 0.087100 0.104700 0.113500 0.098100 0.114900 0.098800 0.092300 0.107700 0.090000 0.084100 0.104900 0.112900
BlueWildeb 0.046700 0.267300 0.093100 0.249700 0.074100 0.045200 0.065300 0.072700 0.087400 0.105700 0.052400 0.081700 0.016200 0.055400 0.068000 0.063800 0.096800 0.088500 0.059700 0.084700 0.074000 0.046900 0.090700 0.095200 0.053700 0.087000 0.016200 0.082900 0.072400 0.086300 0.111900 0.063800 0.101300 0.000000 0.041200 0.087400 0.048200 0.080100 0.069600 0.104000 0.087400 0.081200 0.110500 0.098300 0.092200 0.068100 0.073700 0.081500 0.062900 0.071300 0.085700 0.090500
Gemsbok 0.047000 0.254800 0.086000 0.239300 0.077400 0.045600 0.068600 0.078600 0.086200 0.106200 0.055500 0.082100 0.044100 0.058400 0.072700 0.067000 0.091200 0.084400 0.054200 0.080500 0.080300 0.044300 0.095700 0.098500 0.056800 0.087400 0.044100 0.084700 0.069800 0.082100 0.112500 0.067000 0.098500 0.041200 0.000000 0.089500 0.054200 0.083400 0.075800 0.110500 0.092300 0.081600 0.112500 0.101900 0.094300 0.070000 0.077000 0.084600 0.066200 0.073100 0.087500 0.089400
Yak 0.080300 0.280500 0.077300 0.253000 0.093800 0.075900 0.077300 0.086500 0.079000 0.117100 0.080300 0.048600 0.087600 0.071700 0.083500 0.084700 0.114200 0.108600 0.095600 0.074800 0.090800 0.077600 0.101900 0.098900 0.081600 0.105600 0.084600 0.076000 0.090400 0.080900 0.120400 0.080400 0.109800 0.087400 0.089500 0.000000 0.080500 0.098500 0.083200 0.112200 0.098500 0.101100 0.118600 0.109700 0.006800 0.089500 0.084400 0.090300 0.083900 0.086200 0.078900 0.086600
BlueSheep 0.020300 0.263500 0.086100 0.245200 0.078900 0.019000 0.070000 0.070100 0.084800 0.107600 0.017600 0.076100 0.054000 0.058500 0.069700 0.064100 0.098700 0.090300 0.046700 0.080600 0.078800 0.028700 0.094100 0.095600 0.018900 0.087400 0.054000 0.078900 0.069800 0.080800 0.109300 0.067100 0.105000 0.048200 0.054200 0.080500 0.000000 0.078900 0.071300 0.107400 0.090800 0.080100 0.110900 0.098800 0.085200 0.071500 0.066800 0.078900 0.063200 0.071700 0.084600 0.086500
BohorReedb 0.074400 0.271300 0.099600 0.246000 0.021700 0.075900 0.078300 0.079000 0.095400 0.121700 0.080200 0.094100 0.075900 0.067200 0.081500 0.068500 0.112600 0.103900 0.088000 0.094100 0.086300 0.074700 0.101800 0.104800 0.081600 0.087500 0.078700 0.089300 0.086000 0.097300 0.126500 0.080300 0.111300 0.080100 0.083400 0.098500 0.078900 0.000000 0.081700 0.116700 0.101400 0.078700 0.125100 0.103500 0.100400 0.080300 0.077000 0.086300 0.064700 0.074800 0.095100 0.100000
KirksDik 0.066800 0.256500 0.085600 0.237100 0.080200 0.065300 0.056800 0.042700 0.085800 0.104400 0.072600 0.083300 0.068300 0.049800 0.070800 0.037000 0.093800 0.092600 0.080300 0.080200 0.051100 0.064200 0.089400 0.090900 0.073900 0.055200 0.068300 0.084200 0.041100 0.084600 0.107500 0.058300 0.097200 0.069600 0.075800 0.083200 0.071300 0.081700 0.000000 0.098100 0.089100 0.049600 0.106100 0.092500 0.083500 0.066900 0.042400 0.074300 0.060200 0.070100 0.084100 0.087200
RoeDeer 0.103900 0.270200 0.110300 0.246800 0.115000 0.102400 0.090700 0.099800 0.107400 0.062700 0.113200 0.101400 0.102700 0.084900 0.109000 0.093600 0.101800 0.096300 0.115200 0.104800 0.105800 0.101400 0.055600 0.042400 0.114500 0.108200 0.102600 0.107500 0.102400 0.107900 0.070000 0.095200 0.100700 0.104000 0.110500 0.112200 0.107400 0.116700 0.098100 0.000000 0.054000 0.108500 0.065400 0.039600 0.114000 0.101400 0.099300 0.114600 0.102000 0.083300 0.108800 0.116900
WhiteLippe 0.087300 0.242300 0.101200 0.231000 0.102800 0.085800 0.081800 0.090400 0.092300 0.052700 0.096500 0.091100 0.086200 0.074600 0.091900 0.081700 0.086800 0.087500 0.093900 0.092700 0.090700 0.084900 0.014900 0.047000 0.097900 0.091800 0.086100 0.095400 0.090400 0.094200 0.057100 0.080300 0.087100 0.087400 0.092300 0.098500 0.090800 0.101400 0.089100 0.054000 0.000000 0.095000 0.052800 0.047100 0.103500 0.089500 0.081500 0.105500 0.088500 0.070300 0.093700 0.104600
ThomsonGaz 0.068200 0.264700 0.093300 0.247500 0.083000 0.069700 0.068300 0.046900 0.087500 0.108900 0.078400 0.089200 0.077000 0.058300 0.082700 0.034200 0.101400 0.096000 0.087600 0.084800 0.051100 0.068500 0.095400 0.098300 0.079800 0.024400 0.076900 0.086100 0.045300 0.086500 0.116600 0.066900 0.104700 0.081200 0.081600 0.101100 0.080100 0.078700 0.049600 0.108500 0.095000 0.000000 0.115200 0.097000 0.103000 0.072800 0.045300 0.086000 0.065900 0.077400 0.085900 0.090700
MuntiacusC 0.104200 0.275600 0.106000 0.253800 0.123300 0.105800 0.101700 0.109500 0.100100 0.016300 0.113700 0.111300 0.109200 0.094300 0.113300 0.100100 0.111600 0.106000 0.115700 0.097500 0.113900 0.103400 0.054400 0.061400 0.114800 0.118100 0.109100 0.103100 0.107400 0.103600 0.012200 0.098600 0.113500 0.110500 0.112500 0.118600 0.110900 0.125100 0.106100 0.065400 0.052800 0.115200 0.000000 0.058700 0.120700 0.107900 0.107300 0.127500 0.108600 0.082600 0.101500 0.112500
WhiteTaile 0.098300 0.258600 0.107700 0.237100 0.104900 0.096800 0.088200 0.094200 0.101800 0.058600 0.104600 0.097600 0.097100 0.079400 0.098300 0.085000 0.097700 0.092200 0.106500 0.099200 0.097100 0.095900 0.051600 0.021800 0.105900 0.096700 0.097000 0.101900 0.090900 0.102300 0.062900 0.086700 0.098100 0.098300 0.101900 0.109700 0.098800 0.103500 0.092500 0.039600 0.047100 0.097000 0.058700 0.000000 0.111600 0.095700 0.090800 0.109100 0.090400 0.078000 0.103200 0.108200
Cattle 0.085100 0.278300 0.079100 0.255700 0.095700 0.080600 0.079100 0.088300 0.080800 0.119200 0.085000 0.050200 0.092400 0.073400 0.085300 0.086500 0.116200 0.110500 0.103500 0.076600 0.092600 0.082400 0.103800 0.100800 0.086400 0.107500 0.089300 0.077800 0.089300 0.082700 0.122400 0.082200 0.114900 0.092200 0.094300 0.006800 0.085200 0.100400 0.083500 0.114000 0.103500 0.103000 0.120700 0.111600 0.000000 0.091400 0.086200 0.092200 0.085800 0.088000 0.080600 0.086900
RoyalAntel 0.069800 0.249300 0.086100 0.231900 0.075800 0.068400 0.059700 0.070100 0.089300 0.101600 0.069800 0.074600 0.069700 0.055400 0.069500 0.062600 0.093900 0.090200 0.077500 0.083600 0.071400 0.064300 0.092600 0.097100 0.071100 0.078500 0.072600 0.084700 0.068300 0.085200 0.112400 0.064100 0.098800 0.068100 0.070000 0.089500 0.071500 0.080300 0.066900 0.101400 0.089500 0.072800 0.107900 0.095700 0.091400 0.000000 0.068200 0.070000 0.059700 0.076000 0.087600 0.092400
Steenbok 0.068000 0.255900 0.075100 0.236400 0.078400 0.066600 0.058100 0.043900 0.078200 0.104100 0.070900 0.078600 0.069600 0.051000 0.069300 0.032700 0.092100 0.089800 0.078600 0.075500 0.043900 0.062500 0.081800 0.086100 0.072300 0.050900 0.069500 0.079700 0.038200 0.080100 0.108700 0.056700 0.092300 0.073700 0.077000 0.084400 0.066800 0.077000 0.042400 0.099300 0.081500 0.045300 0.107300 0.090800 0.086200 0.068200 0.000000 0.078400 0.061400 0.071300 0.076600 0.084200
Impala 0.074400 0.265700 0.096100 0.234200 0.080300 0.073000 0.072800 0.081900 0.099400 0.121100 0.074300 0.084700 0.080200 0.068500 0.077300 0.072800 0.107500 0.108000 0.079000 0.093700 0.084700 0.071600 0.105900 0.108700 0.075600 0.094900 0.083100 0.094800 0.080000 0.098300 0.127500 0.074200 0.107700 0.081500 0.084600 0.090300 0.078900 0.086300 0.074300 0.114600 0.105500 0.086000 0.127500 0.109100 0.092200 0.070000 0.078400 0.000000 0.069000 0.079700 0.097700 0.099500
Klipspring 0.060100 0.251100 0.083600 0.230600 0.061700 0.058600 0.053000 0.065900 0.083900 0.102300 0.066000 0.076600 0.061600 0.040200 0.068600 0.055800 0.093200 0.090900 0.066200 0.078200 0.067500 0.054600 0.088800 0.091700 0.067300 0.071700 0.061600 0.082400 0.064400 0.082800 0.107000 0.051600 0.090000 0.062900 0.066200 0.083900 0.063200 0.064700 0.060200 0.102000 0.088500 0.065900 0.108600 0.090400 0.085800 0.059700 0.061400 0.069000 0.000000 0.066300 0.082200 0.090000
ForestMusk 0.064200 0.246600 0.081900 0.213200 0.076100 0.062800 0.068700 0.077600 0.082000 0.082400 0.075900 0.077800 0.070000 0.060000 0.078300 0.062800 0.079400 0.072800 0.076200 0.076400 0.074600 0.064500 0.067700 0.077800 0.077000 0.083200 0.069900 0.080500 0.074300 0.077900 0.088400 0.067100 0.084100 0.071300 0.073100 0.086200 0.071700 0.074800 0.070100 0.083300 0.070300 0.077400 0.082600 0.078000 0.088000 0.076000 0.071300 0.079700 0.066300 0.000000 0.080400 0.085100
Bushbuck 0.077100 0.273000 0.023100 0.241400 0.091700 0.078600 0.076900 0.082900 0.017600 0.102900 0.084400 0.068700 0.084500 0.068500 0.091700 0.075600 0.098500 0.091600 0.090700 0.017700 0.080100 0.077400 0.094000 0.098500 0.085800 0.093200 0.081400 0.021700 0.081400 0.027400 0.105900 0.075400 0.104900 0.085700 0.087500 0.078900 0.084600 0.095100 0.084100 0.108800 0.093700 0.085900 0.101500 0.103200 0.080600 0.087600 0.076600 0.097700 0.082200 0.080400 0.000000 0.031400
GreaterKud 0.078800 0.276300 0.032800 0.246000 0.093600 0.080300 0.084600 0.087800 0.027300 0.110900 0.086200 0.076300 0.089200 0.076100 0.093500 0.083300 0.097300 0.096500 0.092600 0.024600 0.087800 0.082100 0.105000 0.100400 0.087600 0.101100 0.089100 0.020400 0.081600 0.026000 0.114000 0.086000 0.112900 0.090500 0.089400 0.086600 0.086500 0.100000 0.087200 0.116900 0.104600 0.090700 0.112500 0.108200 0.086900 0.092400 0.084200 0.099500 0.090000 0.085100 0.031400 0.000000
