1
52 1
Argali 0.000000 0.153900 0.041600 0.109000 0.041800 0.010900 0.035900 0.041600 0.041600 0.047000 0.024700 0.035900 0.036000 0.035900 0.047200 0.038500 0.060900 0.058100 0.038800 0.044400 0.050100 0.030400 0.064400 0.049700 0.022000 0.049600 0.036000 0.050100 0.061300 0.047300 0.052600 0.033100 0.087300 0.033200 0.024800 0.027500 0.019200 0.038800 0.052700 0.069900 0.061300 0.047000 0.049800 0.046900 0.033100 0.030300 0.041500 0.035700 0.041500 0.050200 0.050200 0.044400
LesserMous 0.153900 0.000000 0.128500 0.111100 0.151800 0.138600 0.150900 0.157900 0.125600 0.154800 0.148100 0.141000 0.148700 0.147700 0.156300 0.144000 0.157200 0.153800 0.161700 0.128700 0.160700 0.145500 0.171100 0.148000 0.145200 0.162700 0.148500 0.132000 0.166200 0.132100 0.154600 0.147700 0.180100 0.145700 0.148800 0.135200 0.141800 0.148300 0.159400 0.147900 0.170800 0.160200 0.154600 0.147700 0.141300 0.141900 0.154700 0.153000 0.154700 0.150700 0.135200 0.135100
LesserKudu 0.041600 0.128500 0.000000 0.096600 0.044800 0.030400 0.038800 0.044600 0.005400 0.041200 0.033200 0.016400 0.039000 0.030400 0.033100 0.041400 0.052300 0.049400 0.044700 0.008200 0.047400 0.033300 0.055700 0.041100 0.030500 0.047000 0.044700 0.013700 0.052900 0.010900 0.046800 0.036000 0.072600 0.041900 0.027700 0.013700 0.027600 0.041800 0.050000 0.061200 0.052600 0.044300 0.044000 0.044000 0.019200 0.027600 0.041700 0.027400 0.044500 0.036000 0.013700 0.013700
KillerWhal 0.109000 0.111100 0.096600 0.000000 0.119300 0.094500 0.116000 0.109900 0.094100 0.103900 0.106800 0.099800 0.107200 0.110200 0.108800 0.102800 0.112700 0.116000 0.119800 0.097200 0.116100 0.104100 0.116400 0.106800 0.104000 0.121000 0.100800 0.103500 0.124900 0.100600 0.110000 0.110100 0.150900 0.110400 0.107300 0.094200 0.100700 0.116300 0.127400 0.109800 0.113100 0.118500 0.106800 0.103500 0.100300 0.106800 0.116100 0.111500 0.113000 0.110300 0.103600 0.103500
DefassaWat 0.041800 0.151800 0.044800 0.119300 0.000000 0.036200 0.044700 0.044800 0.044800 0.050000 0.027700 0.038700 0.039200 0.039000 0.044800 0.036000 0.064200 0.064200 0.042000 0.047600 0.047700 0.027800 0.067700 0.049800 0.030600 0.047200 0.039200 0.053400 0.058900 0.050600 0.046900 0.036200 0.085100 0.030700 0.033500 0.036200 0.027700 0.019300 0.044600 0.070500 0.064600 0.044500 0.047000 0.046900 0.041900 0.033400 0.041900 0.038900 0.044800 0.053500 0.053500 0.047600
Sheep 0.010900 0.138600 0.030400 0.094500 0.036200 0.000000 0.035900 0.036000 0.030400 0.039000 0.019200 0.024800 0.030500 0.030300 0.041700 0.033000 0.053000 0.050100 0.033300 0.033200 0.044500 0.024800 0.056200 0.041700 0.016500 0.044100 0.030400 0.038800 0.055700 0.036000 0.044600 0.027500 0.073300 0.027700 0.019200 0.022000 0.013700 0.033200 0.047100 0.056100 0.053200 0.041400 0.041700 0.038800 0.027500 0.024800 0.036000 0.030200 0.036000 0.044600 0.038900 0.033200
MaxwellsDu 0.035900 0.150900 0.038800 0.116000 0.044700 0.035900 0.000000 0.036000 0.038800 0.052800 0.033100 0.033100 0.038900 0.021900 0.044500 0.035700 0.064000 0.061200 0.047400 0.041600 0.041600 0.033200 0.067400 0.052600 0.030400 0.041200 0.044600 0.047300 0.052800 0.044500 0.058500 0.024700 0.084600 0.041800 0.027600 0.024800 0.027500 0.041700 0.044200 0.078900 0.064300 0.038600 0.055600 0.055600 0.030300 0.022000 0.035900 0.033000 0.038800 0.053100 0.047400 0.041600
GazellaPrz 0.041600 0.157900 0.044600 0.109900 0.044800 0.036000 0.036000 0.000000 0.044500 0.050400 0.033200 0.038600 0.039000 0.033200 0.044500 0.024600 0.056000 0.058800 0.047500 0.047400 0.024800 0.033300 0.064900 0.050300 0.036100 0.024600 0.044700 0.053100 0.035900 0.050300 0.050400 0.036000 0.088200 0.041900 0.033300 0.036000 0.033200 0.047400 0.027500 0.076600 0.061900 0.021900 0.047500 0.053100 0.041600 0.027600 0.013700 0.033000 0.033200 0.058800 0.053200 0.047400
MountainNy 0.041600 0.125600 0.005400 0.094100 0.044800 0.030400 0.038800 0.044500 0.000000 0.038900 0.033200 0.016400 0.039000 0.030300 0.033100 0.041400 0.050100 0.047200 0.044700 0.002700 0.047400 0.033300 0.053200 0.038800 0.030400 0.046900 0.044600 0.008200 0.052800 0.005400 0.044500 0.036000 0.070200 0.041900 0.027700 0.013700 0.027600 0.041700 0.050000 0.053100 0.050200 0.044300 0.041700 0.041600 0.019100 0.027600 0.041700 0.027400 0.044500 0.036000 0.008200 0.008200
MuntiacusM 0.047000 0.154800 0.041200 0.103900 0.050000 0.039000 0.052800 0.050400 0.038900 0.000000 0.041800 0.033200 0.050600 0.044000 0.052400 0.050100 0.053000 0.050200 0.053500 0.041700 0.059100 0.041900 0.036100 0.027600 0.039000 0.058500 0.053400 0.047400 0.070400 0.044600 0.010900 0.047000 0.082200 0.050700 0.039100 0.030400 0.036200 0.050500 0.058300 0.050400 0.033200 0.055800 0.002700 0.027600 0.036000 0.039000 0.053300 0.040900 0.050400 0.041800 0.047500 0.047400
goat 0.024700 0.148100 0.033200 0.106800 0.027700 0.019200 0.033100 0.033200 0.033200 0.041800 0.000000 0.027300 0.022100 0.027500 0.033200 0.024600 0.050200 0.053000 0.019300 0.036000 0.036000 0.011000 0.053300 0.044600 0.008200 0.035700 0.022000 0.041700 0.041500 0.038900 0.041800 0.024700 0.064600 0.019300 0.016500 0.024800 0.005500 0.030400 0.038700 0.064800 0.050300 0.033000 0.038900 0.041700 0.030300 0.022000 0.027600 0.027400 0.027600 0.041700 0.041700 0.030400
AfricanBuf 0.035900 0.141000 0.016400 0.099800 0.038700 0.024800 0.033100 0.038600 0.016400 0.033200 0.027300 0.000000 0.033100 0.024700 0.032700 0.035500 0.049700 0.047200 0.038800 0.019200 0.041500 0.027400 0.041700 0.033200 0.024800 0.041000 0.038700 0.024700 0.052600 0.022000 0.038500 0.030300 0.064100 0.036000 0.022100 0.008200 0.022000 0.036000 0.044100 0.053100 0.038800 0.038400 0.035700 0.035900 0.013600 0.022000 0.035800 0.021800 0.038600 0.030300 0.024700 0.024700
Topi 0.036000 0.148700 0.039000 0.107200 0.039200 0.030500 0.038900 0.039000 0.039000 0.050600 0.022100 0.033100 0.000000 0.033200 0.033300 0.030300 0.062000 0.064800 0.036200 0.041800 0.036200 0.027800 0.065100 0.050500 0.024900 0.041400 0.005300 0.047600 0.047300 0.044700 0.050600 0.036100 0.076600 0.007900 0.016500 0.030500 0.022100 0.041900 0.044500 0.071000 0.062100 0.038700 0.047600 0.053300 0.036100 0.024900 0.033300 0.033100 0.039000 0.053400 0.047600 0.041800
CommonDuik 0.035900 0.147700 0.030400 0.110200 0.039000 0.030300 0.021900 0.033200 0.030300 0.044000 0.027500 0.024700 0.033200 0.000000 0.036000 0.030100 0.055200 0.052300 0.036100 0.033100 0.036000 0.024800 0.058500 0.043800 0.024800 0.035600 0.038900 0.038800 0.047100 0.036000 0.049600 0.019100 0.081500 0.036100 0.022000 0.022000 0.022000 0.036000 0.038600 0.070000 0.055400 0.032900 0.046800 0.046800 0.027500 0.016400 0.030300 0.024600 0.033100 0.044500 0.038800 0.033100
Suni 0.047200 0.156300 0.033100 0.108800 0.044800 0.041700 0.044500 0.044500 0.033100 0.052400 0.033200 0.032700 0.033300 0.036000 0.000000 0.035800 0.057800 0.060700 0.044700 0.035900 0.041700 0.033300 0.061200 0.052300 0.036100 0.046900 0.038900 0.041600 0.047100 0.038800 0.052600 0.041600 0.081200 0.041900 0.033300 0.030300 0.033200 0.047400 0.050000 0.072700 0.058100 0.044300 0.049500 0.055300 0.035900 0.035000 0.041700 0.032900 0.044500 0.053100 0.041600 0.035900
Springbuck 0.038500 0.144000 0.041400 0.102800 0.036000 0.033000 0.035700 0.024600 0.041400 0.050100 0.024600 0.035500 0.030300 0.030100 0.035800 0.000000 0.052700 0.055500 0.038700 0.044200 0.010800 0.024700 0.067400 0.052800 0.027400 0.016200 0.030300 0.049900 0.021700 0.047100 0.050100 0.027400 0.084600 0.033100 0.030300 0.033000 0.024600 0.038600 0.030000 0.067300 0.064400 0.013500 0.047200 0.049900 0.038500 0.024600 0.021800 0.030000 0.035800 0.055700 0.050000 0.044200
Okapi 0.060900 0.157200 0.052300 0.112700 0.064200 0.053000 0.064000 0.056000 0.050100 0.053000 0.050200 0.049700 0.062000 0.055200 0.057800 0.052700 0.000000 0.035700 0.061900 0.052900 0.064700 0.050400 0.070500 0.055900 0.053100 0.064000 0.061900 0.058700 0.070200 0.055900 0.053100 0.055200 0.081800 0.059100 0.056100 0.047300 0.050200 0.064700 0.069500 0.076200 0.067400 0.061400 0.050100 0.052900 0.052900 0.050200 0.058900 0.057700 0.056000 0.064600 0.058700 0.058700
Giraffe 0.058100 0.153800 0.049400 0.116000 0.064200 0.050100 0.061200 0.058800 0.047200 0.050200 0.053000 0.047200 0.064800 0.052300 0.060700 0.055500 0.035700 0.000000 0.064800 0.050000 0.067500 0.053200 0.067500 0.052900 0.050200 0.066800 0.064700 0.055800 0.073000 0.052900 0.055900 0.052400 0.084700 0.061900 0.053200 0.044400 0.047300 0.061700 0.072400 0.073200 0.064500 0.064200 0.052900 0.050000 0.050000 0.047300 0.061700 0.054800 0.053000 0.061700 0.055800 0.055700
TibetanAnt 0.038800 0.161700 0.044700 0.119800 0.042000 0.033300 0.047400 0.047500 0.044700 0.053500 0.019300 0.038800 0.036200 0.036100 0.044700 0.038700 0.061900 0.064800 0.000000 0.047500 0.050400 0.024900 0.065100 0.056300 0.027700 0.049900 0.036200 0.053300 0.055900 0.050500 0.053500 0.038900 0.076600 0.033400 0.030600 0.036200 0.024900 0.044700 0.053000 0.076800 0.062100 0.047200 0.050500 0.053300 0.041800 0.036100 0.041800 0.038800 0.041800 0.053400 0.053400 0.041800
Sitatunga 0.044400 0.128700 0.008200 0.097200 0.047600 0.033200 0.041600 0.047400 0.002700 0.041700 0.036000 0.019200 0.041800 0.033100 0.035900 0.044200 0.052900 0.050000 0.047500 0.000000 0.050200 0.036100 0.056000 0.041700 0.033200 0.049700 0.047500 0.005300 0.055700 0.008200 0.047400 0.038800 0.073100 0.044700 0.030500 0.016400 0.030400 0.044600 0.052800 0.056000 0.053100 0.047100 0.044500 0.044400 0.021900 0.030400 0.044500 0.030100 0.047300 0.038800 0.005300 0.010900
Oribi 0.050100 0.160700 0.047400 0.116100 0.047700 0.044500 0.041600 0.024800 0.047400 0.059100 0.036000 0.041500 0.036200 0.036000 0.041700 0.010800 0.064700 0.067500 0.050400 0.050200 0.000000 0.036100 0.073700 0.059000 0.038900 0.016300 0.041800 0.056000 0.021900 0.050300 0.059100 0.038800 0.091300 0.044800 0.036100 0.038900 0.036000 0.050300 0.024700 0.079600 0.070700 0.013600 0.056100 0.061800 0.044500 0.032300 0.022000 0.035800 0.041700 0.061900 0.056100 0.050300
BarbaryShe 0.030400 0.145500 0.033300 0.104100 0.027800 0.024800 0.033200 0.033300 0.033300 0.041900 0.011000 0.027400 0.027800 0.024800 0.033300 0.024700 0.050400 0.053200 0.024900 0.036100 0.036100 0.000000 0.053400 0.044700 0.019300 0.035800 0.027700 0.041800 0.041600 0.039000 0.041900 0.024800 0.070600 0.025000 0.022100 0.024900 0.016500 0.030500 0.038800 0.065000 0.050500 0.033100 0.039100 0.041800 0.030400 0.022100 0.030500 0.027500 0.027600 0.041900 0.041900 0.030500
Daviddeer 0.064400 0.171100 0.055700 0.116400 0.067700 0.056200 0.067400 0.064900 0.053200 0.036100 0.053300 0.041700 0.065100 0.058500 0.061200 0.067400 0.070500 0.067500 0.065100 0.056000 0.073700 0.053400 0.000000 0.041800 0.056300 0.067200 0.071000 0.061900 0.079200 0.059000 0.041800 0.064500 0.091200 0.068200 0.053500 0.044600 0.053300 0.067900 0.072900 0.064900 0.002700 0.064500 0.038900 0.044500 0.050200 0.053300 0.067800 0.055300 0.059000 0.050400 0.061900 0.056000
Reindeer 0.049700 0.148000 0.041100 0.106800 0.049800 0.041700 0.052600 0.050300 0.038800 0.027600 0.044600 0.033200 0.050500 0.043800 0.052300 0.052800 0.055900 0.052900 0.056300 0.041700 0.059000 0.044700 0.041800 0.000000 0.041800 0.058400 0.056300 0.047400 0.064500 0.044600 0.027600 0.049800 0.076200 0.053500 0.039100 0.030400 0.038900 0.050400 0.058200 0.036100 0.038900 0.055800 0.030400 0.013700 0.036000 0.038900 0.047400 0.040700 0.053000 0.036100 0.047400 0.047400
Ibex 0.022000 0.145200 0.030500 0.104000 0.030600 0.016500 0.030400 0.036100 0.030400 0.039000 0.008200 0.024800 0.024900 0.024800 0.036100 0.027400 0.053100 0.050200 0.027700 0.033200 0.038900 0.019300 0.056300 0.041800 0.000000 0.038500 0.024900 0.038900 0.050100 0.036100 0.044700 0.022000 0.073500 0.022100 0.013800 0.022100 0.002700 0.027600 0.041500 0.062000 0.053300 0.035900 0.041800 0.038900 0.027600 0.019300 0.030400 0.024700 0.036100 0.044700 0.039000 0.033200
GyrantGaze 0.049600 0.162700 0.047000 0.121000 0.047200 0.044100 0.041200 0.024600 0.046900 0.058500 0.035700 0.041000 0.041400 0.035600 0.046900 0.016200 0.064000 0.066800 0.049900 0.049700 0.016300 0.035800 0.067200 0.058400 0.038500 0.000000 0.047000 0.055500 0.027200 0.052700 0.058500 0.038400 0.090300 0.044300 0.035800 0.038500 0.035700 0.049800 0.030000 0.084600 0.064200 0.008100 0.057900 0.061200 0.044000 0.030100 0.021800 0.035500 0.041300 0.061300 0.055500 0.049700
Hartebeest 0.036000 0.148500 0.044700 0.100800 0.039200 0.030400 0.044600 0.044700 0.044600 0.053400 0.022000 0.038700 0.005300 0.038900 0.038900 0.030300 0.061900 0.064700 0.036200 0.047500 0.041800 0.027700 0.071000 0.056300 0.024900 0.047000 0.000000 0.053300 0.053000 0.050400 0.053400 0.036100 0.082400 0.007900 0.022100 0.036100 0.022100 0.041800 0.050100 0.070900 0.067900 0.044400 0.050500 0.053300 0.041700 0.030500 0.038900 0.038700 0.044600 0.059200 0.053300 0.047500
Bongo 0.050100 0.132000 0.013700 0.103500 0.053400 0.038800 0.047300 0.053100 0.008200 0.047400 0.041700 0.024700 0.047600 0.038800 0.041600 0.049900 0.058700 0.055800 0.053300 0.005300 0.056000 0.041800 0.061900 0.047400 0.038900 0.055500 0.053300 0.000000 0.061500 0.013700 0.053200 0.044500 0.073200 0.050500 0.036200 0.022000 0.036100 0.050300 0.058600 0.061800 0.058900 0.052800 0.050200 0.050200 0.027500 0.036000 0.050200 0.035800 0.053100 0.044500 0.010700 0.016400
Gerenuk 0.061300 0.166200 0.052900 0.124900 0.058900 0.055700 0.052800 0.035900 0.052800 0.070400 0.041500 0.052600 0.047300 0.047100 0.047100 0.021700 0.070200 0.073000 0.055900 0.055700 0.021900 0.041600 0.079200 0.064500 0.050100 0.027200 0.053000 0.061500 0.000000 0.058700 0.070400 0.050000 0.096700 0.056000 0.047300 0.050000 0.047200 0.061500 0.041300 0.085100 0.076200 0.024500 0.067400 0.073100 0.055700 0.043400 0.033000 0.046900 0.047100 0.067400 0.061500 0.050000
CommonElan 0.047300 0.132100 0.010900 0.100600 0.050600 0.036000 0.044500 0.050300 0.005400 0.044600 0.038900 0.022000 0.044700 0.036000 0.038800 0.047100 0.055900 0.052900 0.050500 0.008200 0.050300 0.039000 0.059000 0.044600 0.036100 0.052700 0.050400 0.013700 0.058700 0.000000 0.050300 0.041700 0.076200 0.047700 0.033400 0.019200 0.033300 0.047500 0.052900 0.059000 0.056100 0.050000 0.047400 0.047400 0.024700 0.033200 0.047400 0.033000 0.050300 0.041700 0.013700 0.013700
MuntiacusR 0.052600 0.154600 0.046800 0.110000 0.046900 0.044600 0.058500 0.050400 0.044500 0.010900 0.041800 0.038500 0.050600 0.049600 0.052600 0.050100 0.053100 0.055900 0.053500 0.047400 0.059100 0.041900 0.041800 0.027600 0.044700 0.058500 0.053400 0.053200 0.070400 0.050300 0.000000 0.052700 0.082200 0.050700 0.044800 0.036100 0.041800 0.053300 0.058200 0.050300 0.038900 0.055800 0.008200 0.027600 0.041700 0.044700 0.053200 0.046500 0.050400 0.047500 0.053200 0.053100
HarveysDui 0.033100 0.147700 0.036000 0.110100 0.036200 0.027500 0.024700 0.036000 0.036000 0.047000 0.024700 0.030300 0.036100 0.019100 0.041600 0.027400 0.055200 0.052400 0.038900 0.038800 0.038800 0.024800 0.064500 0.049800 0.022000 0.038400 0.036100 0.044500 0.050000 0.041700 0.052700 0.000000 0.087500 0.033300 0.024800 0.027600 0.019200 0.033200 0.041400 0.070100 0.061400 0.035800 0.049800 0.046900 0.033100 0.019200 0.033200 0.030200 0.036000 0.044600 0.044500 0.033200
Pronghorn 0.087300 0.180100 0.072600 0.150900 0.085100 0.073300 0.084600 0.088200 0.070200 0.082200 0.064600 0.064100 0.076600 0.081500 0.081200 0.084600 0.081800 0.084700 0.076600 0.073100 0.091300 0.070600 0.091200 0.076200 0.073500 0.090300 0.082400 0.073200 0.096700 0.076200 0.082200 0.087500 0.000000 0.073800 0.070700 0.061600 0.070500 0.091300 0.090300 0.103100 0.088100 0.087700 0.079100 0.084900 0.067300 0.076300 0.076200 0.077900 0.082200 0.067500 0.079100 0.073100
BlueWildeb 0.033200 0.145700 0.041900 0.110400 0.030700 0.027700 0.041800 0.041900 0.041900 0.050700 0.019300 0.036000 0.007900 0.036100 0.041900 0.033100 0.059100 0.061900 0.033400 0.044700 0.044800 0.025000 0.068200 0.053500 0.022100 0.044300 0.007900 0.050500 0.056000 0.047700 0.050700 0.033300 0.073800 0.000000 0.019300 0.033400 0.019300 0.039100 0.047400 0.074000 0.065200 0.041600 0.047700 0.050500 0.039000 0.027700 0.036200 0.036000 0.041900 0.056400 0.050600 0.044700
Gemsbok 0.024800 0.148800 0.027700 0.107300 0.033500 0.019200 0.027600 0.033300 0.027700 0.039100 0.016500 0.022100 0.016500 0.022000 0.033300 0.030300 0.056100 0.053200 0.030600 0.030500 0.036100 0.022100 0.053500 0.039100 0.013800 0.035800 0.022100 0.036200 0.047300 0.033400 0.044800 0.024800 0.070700 0.019300 0.000000 0.019300 0.011000 0.030500 0.038800 0.065100 0.050500 0.033100 0.041900 0.041800 0.024800 0.016500 0.027600 0.022000 0.033300 0.041900 0.036200 0.030500
Yak 0.027500 0.135200 0.013700 0.094200 0.036200 0.022000 0.024800 0.036000 0.013700 0.030400 0.024800 0.008200 0.030500 0.022000 0.030300 0.033000 0.047300 0.044400 0.036200 0.016400 0.038900 0.024900 0.044600 0.030400 0.022100 0.038500 0.036100 0.022000 0.050000 0.019200 0.036100 0.027600 0.061600 0.033400 0.019300 0.000000 0.019200 0.033300 0.041500 0.050300 0.041700 0.035800 0.033200 0.033200 0.005400 0.019200 0.033200 0.019100 0.036000 0.027600 0.022000 0.022000
BlueSheep 0.019200 0.141800 0.027600 0.100700 0.027700 0.013700 0.027500 0.033200 0.027600 0.036200 0.005500 0.022000 0.022100 0.022000 0.033200 0.024600 0.050200 0.047300 0.024900 0.030400 0.036000 0.016500 0.053300 0.038900 0.002700 0.035700 0.022100 0.036100 0.047200 0.033300 0.041800 0.019200 0.070500 0.019300 0.011000 0.019200 0.000000 0.024800 0.038700 0.059100 0.050400 0.033000 0.038900 0.036000 0.024800 0.016500 0.027600 0.021900 0.033200 0.041800 0.036100 0.030400
BohorReedb 0.038800 0.148300 0.041800 0.116300 0.019300 0.033200 0.041700 0.047400 0.041700 0.050500 0.030400 0.036000 0.041900 0.036000 0.047400 0.038600 0.064700 0.061700 0.044700 0.044600 0.050300 0.030500 0.067900 0.050400 0.027600 0.049800 0.041800 0.050300 0.061500 0.047500 0.053300 0.033200 0.091300 0.039100 0.030500 0.033300 0.024800 0.000000 0.052900 0.070700 0.064900 0.047100 0.050400 0.047400 0.038800 0.030400 0.044500 0.035900 0.047400 0.056200 0.050400 0.044600
KirksDik 0.052700 0.159400 0.050000 0.127400 0.044600 0.047100 0.044200 0.027500 0.050000 0.058300 0.038700 0.044100 0.044500 0.038600 0.050000 0.030000 0.069500 0.072400 0.053000 0.052800 0.024700 0.038800 0.072900 0.058200 0.041500 0.030000 0.050100 0.058600 0.041300 0.052900 0.058200 0.041400 0.090300 0.047400 0.038800 0.041500 0.038700 0.052900 0.000000 0.084500 0.069800 0.027300 0.055300 0.061000 0.047100 0.033000 0.024700 0.038500 0.044300 0.058700 0.058700 0.052800
RoeDeer 0.069900 0.147900 0.061200 0.109800 0.070500 0.056100 0.078900 0.076600 0.053100 0.050400 0.064800 0.053100 0.071000 0.070000 0.072700 0.067300 0.076200 0.073200 0.076800 0.056000 0.079600 0.065000 0.064900 0.036100 0.062000 0.084600 0.070900 0.061800 0.085100 0.059000 0.050300 0.070100 0.103100 0.074000 0.065100 0.050300 0.059100 0.070700 0.084500 0.000000 0.064800 0.082000 0.053100 0.033200 0.055900 0.064900 0.079500 0.066600 0.076600 0.061900 0.061900 0.061800
WhiteLippe 0.061300 0.170800 0.052600 0.113100 0.064600 0.053200 0.064300 0.061900 0.050200 0.033200 0.050300 0.038800 0.062100 0.055400 0.058100 0.064400 0.067400 0.064500 0.062100 0.053100 0.070700 0.050500 0.002700 0.038900 0.053300 0.064200 0.067900 0.058900 0.076200 0.056100 0.038900 0.061400 0.088100 0.065200 0.050500 0.041700 0.050400 0.064900 0.069800 0.064800 0.000000 0.061600 0.036000 0.041600 0.047300 0.050400 0.064800 0.052200 0.056100 0.047500 0.059000 0.053100
ThomsonGaz 0.047000 0.160200 0.044300 0.118500 0.044500 0.041400 0.038600 0.021900 0.044300 0.055800 0.033000 0.038400 0.038700 0.032900 0.044300 0.013500 0.061400 0.064200 0.047200 0.047100 0.013600 0.033100 0.064500 0.055800 0.035900 0.008100 0.044400 0.052800 0.024500 0.050000 0.055800 0.035800 0.087700 0.041600 0.033100 0.035800 0.033000 0.047100 0.027300 0.082000 0.061600 0.000000 0.052900 0.058500 0.041400 0.027400 0.019100 0.032800 0.038600 0.058600 0.052900 0.047100
MuntiacusC 0.049800 0.154600 0.044000 0.106800 0.047000 0.041700 0.055600 0.047500 0.041700 0.002700 0.038900 0.035700 0.047600 0.046800 0.049500 0.047200 0.050100 0.052900 0.050500 0.044500 0.056100 0.039100 0.038900 0.030400 0.041800 0.057900 0.050500 0.050200 0.067400 0.047400 0.008200 0.049800 0.079100 0.047700 0.041900 0.033200 0.038900 0.050400 0.055300 0.053100 0.036000 0.052900 0.000000 0.030300 0.038800 0.041800 0.050300 0.043700 0.047500 0.044600 0.050300 0.050200
WhiteTaile 0.046900 0.147700 0.044000 0.103500 0.046900 0.038800 0.055600 0.053100 0.041600 0.027600 0.041700 0.035900 0.053300 0.046800 0.055300 0.049900 0.052900 0.050000 0.053300 0.044400 0.061800 0.041800 0.044500 0.013700 0.038900 0.061200 0.053300 0.050200 0.073100 0.047400 0.027600 0.046900 0.084900 0.050500 0.041800 0.033200 0.036000 0.047400 0.061000 0.033200 0.041600 0.058500 0.030300 0.000000 0.038700 0.041700 0.056000 0.043700 0.053100 0.044600 0.050200 0.050100
Cattle 0.033100 0.141300 0.019200 0.100300 0.041900 0.027500 0.030300 0.041600 0.019100 0.036000 0.030300 0.013600 0.036100 0.027500 0.035900 0.038500 0.052900 0.050000 0.041800 0.021900 0.044500 0.030400 0.050200 0.036000 0.027600 0.044000 0.041700 0.027500 0.055700 0.024700 0.041700 0.033100 0.067300 0.039000 0.024800 0.005400 0.024800 0.038800 0.047100 0.055900 0.047300 0.041400 0.038800 0.038700 0.000000 0.024800 0.038800 0.024600 0.041600 0.033100 0.027500 0.027500
RoyalAntel 0.030300 0.141900 0.027600 0.106800 0.033400 0.024800 0.022000 0.027600 0.027600 0.039000 0.022000 0.022000 0.024900 0.016400 0.035000 0.024600 0.050200 0.047300 0.036100 0.030400 0.032300 0.022100 0.053300 0.038900 0.019300 0.030100 0.030500 0.036000 0.043400 0.033200 0.044700 0.019200 0.076300 0.027700 0.016500 0.019200 0.016500 0.030400 0.033000 0.064900 0.050400 0.027400 0.041800 0.041700 0.024800 0.000000 0.024800 0.021900 0.027600 0.043700 0.036100 0.030400
Steenbok 0.041500 0.154700 0.041700 0.116100 0.041900 0.036000 0.035900 0.013700 0.041700 0.053300 0.027600 0.035800 0.033300 0.030300 0.041700 0.021800 0.058900 0.061700 0.041800 0.044500 0.022000 0.030500 0.067800 0.047400 0.030400 0.021800 0.038900 0.050200 0.033000 0.047400 0.053200 0.033200 0.076200 0.036200 0.027600 0.033200 0.027600 0.044500 0.024700 0.079500 0.064800 0.019100 0.050300 0.056000 0.038800 0.024800 0.000000 0.030200 0.036000 0.050300 0.050300 0.044500
Impala 0.035700 0.153000 0.027400 0.111500 0.038900 0.030200 0.033000 0.033000 0.027400 0.040900 0.027400 0.021800 0.033100 0.024600 0.032900 0.030000 0.057700 0.054800 0.038800 0.030100 0.035800 0.027500 0.055300 0.040700 0.024700 0.035500 0.038700 0.035800 0.046900 0.033000 0.046500 0.030200 0.077900 0.036000 0.022000 0.019100 0.021900 0.035900 0.038500 0.066600 0.052200 0.032800 0.043700 0.043700 0.024600 0.021900 0.030200 0.000000 0.038600 0.041400 0.035800 0.030200
Klipspring 0.041500 0.154700 0.044500 0.113000 0.044800 0.036000 0.038800 0.033200 0.044500 0.050400 0.027600 0.038600 0.039000 0.033100 0.044500 0.035800 0.056000 0.053000 0.041800 0.047300 0.041700 0.027600 0.059000 0.053000 0.036100 0.041300 0.044600 0.053100 0.047100 0.050300 0.050400 0.036000 0.082200 0.041900 0.033300 0.036000 0.033200 0.047400 0.044300 0.076600 0.056100 0.038600 0.047500 0.053100 0.041600 0.027600 0.036000 0.038600 0.000000 0.053200 0.053200 0.041600
ForestMusk 0.050200 0.150700 0.036000 0.110300 0.053500 0.044600 0.053100 0.058800 0.036000 0.041800 0.041700 0.030300 0.053400 0.044500 0.053100 0.055700 0.064600 0.061700 0.053400 0.038800 0.061900 0.041900 0.050400 0.036100 0.044700 0.061300 0.059200 0.044500 0.067400 0.041700 0.047500 0.044600 0.067500 0.056400 0.041900 0.027600 0.041800 0.056200 0.058700 0.061900 0.047500 0.058600 0.044600 0.044600 0.033100 0.043700 0.050300 0.041400 0.053200 0.000000 0.044500 0.038800
Bushbuck 0.050200 0.135200 0.013700 0.103600 0.053500 0.038900 0.047400 0.053200 0.008200 0.047500 0.041700 0.024700 0.047600 0.038800 0.041600 0.050000 0.058700 0.055800 0.053400 0.005300 0.056100 0.041900 0.061900 0.047400 0.039000 0.055500 0.053300 0.010700 0.061500 0.013700 0.053200 0.044500 0.079100 0.050600 0.036200 0.022000 0.036100 0.050400 0.058700 0.061900 0.059000 0.052900 0.050300 0.050200 0.027500 0.036100 0.050300 0.035800 0.053200 0.044500 0.000000 0.016400
GreaterKud 0.044400 0.135100 0.013700 0.103500 0.047600 0.033200 0.041600 0.047400 0.008200 0.047400 0.030400 0.024700 0.041800 0.033100 0.035900 0.044200 0.058700 0.055700 0.041800 0.010900 0.050300 0.030500 0.056000 0.047400 0.033200 0.049700 0.047500 0.016400 0.050000 0.013700 0.053100 0.033200 0.073100 0.044700 0.030500 0.022000 0.030400 0.044600 0.052800 0.061800 0.053100 0.047100 0.050200 0.050100 0.027500 0.030400 0.044500 0.030200 0.041600 0.038800 0.016400 0.000000
