1
52 1
Argali 0.000000 0.156400 0.031200 0.185800 0.030200 0.000000 0.000000 0.090400 0.030500 0.032100 0.032000 0.030200 0.030000 0.030300 0.032200 0.059900 0.097300 0.063700 0.063300 0.030500 0.127300 0.000000 0.031500 0.098800 0.032000 0.123700 0.030000 0.030200 0.090300 0.030500 0.063100 0.060300 0.179900 0.030000 0.000000 0.030200 0.000000 0.000100 0.030000 0.062000 0.000000 0.059900 0.032100 0.066000 0.030200 0.030700 0.000000 0.099300 0.000000 0.150400 0.030900 0.030500
LesserMous 0.156400 0.000000 0.192800 0.240100 0.154100 0.156400 0.156400 0.146800 0.188800 0.198400 0.198400 0.188100 0.118600 0.153600 0.199000 0.149100 0.271200 0.232600 0.231200 0.188800 0.221400 0.156400 0.195200 0.274800 0.198400 0.215800 0.118600 0.188000 0.181800 0.188800 0.229600 0.116700 0.333400 0.118600 0.156400 0.119000 0.156400 0.122100 0.186500 0.225200 0.156400 0.149100 0.198400 0.238200 0.119000 0.155600 0.156400 0.237100 0.156400 0.299300 0.191200 0.188800
LesserKudu 0.031200 0.192800 0.000000 0.153200 0.062200 0.031200 0.031200 0.123900 0.062700 0.066000 0.065900 0.062000 0.061700 0.062300 0.066300 0.092400 0.133600 0.098400 0.097600 0.062700 0.163600 0.031200 0.064800 0.135700 0.065900 0.158900 0.061700 0.062000 0.123600 0.062700 0.097400 0.093000 0.222500 0.061400 0.031200 0.062100 0.031200 0.030900 0.061600 0.095500 0.031200 0.092400 0.066000 0.102000 0.062100 0.063200 0.031200 0.136500 0.031200 0.194300 0.063600 0.062700
KillerWhal 0.185800 0.240100 0.153200 0.000000 0.215400 0.185800 0.185800 0.140600 0.218300 0.229100 0.228900 0.216100 0.146400 0.217100 0.230100 0.176200 0.300700 0.261500 0.223300 0.218300 0.249500 0.185800 0.225700 0.305100 0.228900 0.242800 0.146400 0.216100 0.135600 0.218300 0.257800 0.112300 0.311800 0.146400 0.185800 0.146500 0.185800 0.181100 0.214000 0.254000 0.185800 0.176200 0.229100 0.269800 0.146500 0.219900 0.185800 0.258800 0.185800 0.337900 0.221000 0.218300
DefassaWat 0.030200 0.154100 0.062200 0.215400 0.000000 0.030200 0.030200 0.089400 0.060700 0.063800 0.063700 0.060100 0.029600 0.060400 0.064100 0.059200 0.129000 0.095300 0.094300 0.060700 0.125900 0.030200 0.030700 0.131400 0.063700 0.121900 0.029600 0.060100 0.089200 0.060700 0.094400 0.059600 0.216200 0.029600 0.030200 0.040200 0.030200 0.028700 0.059700 0.092600 0.030200 0.059200 0.063800 0.098600 0.040200 0.061000 0.030200 0.131800 0.030200 0.187000 0.061400 0.060700
Sheep 0.000000 0.156400 0.031200 0.185800 0.030200 0.000000 0.000000 0.090400 0.030500 0.032100 0.032000 0.030200 0.030000 0.030300 0.032200 0.059900 0.097300 0.063700 0.063300 0.030500 0.127300 0.000000 0.031500 0.098800 0.032000 0.123700 0.030000 0.030200 0.090300 0.030500 0.063100 0.060300 0.179900 0.030000 0.000000 0.030200 0.000000 0.000100 0.030000 0.062000 0.000000 0.059900 0.032100 0.066000 0.030200 0.030700 0.000000 0.099300 0.000000 0.150400 0.030900 0.030500
MaxwellsDu 0.000000 0.156400 0.031200 0.185800 0.030200 0.000000 0.000000 0.090400 0.030500 0.032100 0.032000 0.030200 0.030000 0.030300 0.032200 0.059900 0.097300 0.063700 0.063300 0.030500 0.127300 0.000000 0.031500 0.098800 0.032000 0.123700 0.030000 0.030200 0.090300 0.030500 0.063100 0.060300 0.179900 0.030000 0.000000 0.030200 0.000000 0.000100 0.030000 0.062000 0.000000 0.059900 0.032100 0.066000 0.030200 0.030700 0.000000 0.099300 0.000000 0.150400 0.030900 0.030500
GazellaPrz 0.090400 0.146800 0.123900 0.140600 0.089400 0.090400 0.090400 0.000000 0.121200 0.127300 0.127100 0.120300 0.057100 0.120700 0.127700 0.027300 0.194700 0.158900 0.158100 0.121200 0.086400 0.090400 0.125200 0.197200 0.127100 0.084300 0.056900 0.120200 0.055000 0.121200 0.157200 0.027400 0.201800 0.057100 0.090400 0.057600 0.090400 0.059100 0.119300 0.154300 0.090400 0.027300 0.127300 0.163800 0.057600 0.122600 0.090400 0.124800 0.090400 0.219200 0.123000 0.121200
MountainNy 0.030500 0.188800 0.062700 0.218300 0.060700 0.030500 0.030500 0.121200 0.000000 0.064400 0.064300 0.060600 0.060200 0.060800 0.064600 0.090200 0.130400 0.096000 0.095200 0.000000 0.160000 0.030500 0.063200 0.132400 0.064300 0.088800 0.060200 0.060500 0.120800 0.000000 0.095000 0.090900 0.218000 0.060200 0.030500 0.060600 0.030500 0.030100 0.060100 0.093200 0.030500 0.090200 0.064400 0.099400 0.060600 0.061700 0.030500 0.133300 0.030500 0.189500 0.000100 0.000000
MuntiacusM 0.032100 0.198400 0.066000 0.229100 0.063800 0.032100 0.032100 0.127300 0.064400 0.000000 0.067800 0.063700 0.063200 0.063900 0.068300 0.094700 0.065400 0.032100 0.100400 0.064400 0.168500 0.032100 0.066600 0.066500 0.067800 0.163600 0.063200 0.063600 0.126900 0.064400 0.031800 0.095500 0.144900 0.063200 0.032100 0.063700 0.032100 0.031700 0.063100 0.098100 0.032100 0.094700 0.000000 0.033400 0.063700 0.064900 0.032100 0.140800 0.032100 0.113700 0.065300 0.064400
goat 0.032000 0.198400 0.065900 0.228900 0.063700 0.032000 0.032000 0.127100 0.064300 0.067800 0.000000 0.063600 0.063100 0.063800 0.068100 0.094600 0.137500 0.101100 0.100200 0.064300 0.168300 0.032000 0.066500 0.139600 0.000000 0.163400 0.063100 0.063500 0.126700 0.064300 0.100000 0.095300 0.184400 0.063100 0.032000 0.063600 0.032000 0.031600 0.063100 0.097900 0.032000 0.094600 0.067800 0.104900 0.063600 0.064800 0.032000 0.140600 0.032000 0.201800 0.065200 0.064300
AfricanBuf 0.030200 0.188100 0.062000 0.216100 0.060100 0.030200 0.030200 0.120300 0.060600 0.063700 0.063600 0.000000 0.059700 0.060300 0.063900 0.093100 0.129000 0.095100 0.094400 0.060600 0.158600 0.030200 0.062600 0.131000 0.063600 0.154300 0.059700 0.060000 0.120300 0.060600 0.094200 0.090100 0.215300 0.059700 0.030200 0.060100 0.030200 0.029900 0.059700 0.092400 0.030200 0.089600 0.063700 0.098300 0.060100 0.061100 0.030200 0.132000 0.030200 0.186900 0.061400 0.060600
Topi 0.030000 0.118600 0.061700 0.146400 0.029600 0.030000 0.030000 0.057100 0.060200 0.063200 0.063100 0.059700 0.000000 0.059900 0.063500 0.028400 0.128200 0.094500 0.093900 0.060200 0.090100 0.030000 0.062200 0.130100 0.063100 0.087800 0.000000 0.059700 0.057200 0.060200 0.093600 0.028600 0.213300 0.000000 0.030000 0.000100 0.030000 0.000100 0.059300 0.091900 0.030000 0.028400 0.063200 0.097600 0.000100 0.060800 0.030000 0.131000 0.030000 0.185400 0.061000 0.060200
CommonDuik 0.030300 0.153600 0.062300 0.217100 0.060400 0.030300 0.030300 0.120700 0.060800 0.063900 0.063800 0.060300 0.059900 0.000000 0.064200 0.090000 0.129700 0.095500 0.094900 0.060800 0.159300 0.030300 0.062800 0.131600 0.066900 0.155000 0.059900 0.060200 0.120700 0.060800 0.094600 0.090400 0.216500 0.059900 0.030300 0.060300 0.030300 0.030000 0.059900 0.092800 0.030300 0.090000 0.063900 0.098700 0.060300 0.000100 0.030300 0.132600 0.030300 0.188100 0.061700 0.060800
Suni 0.032200 0.199000 0.066300 0.230100 0.064100 0.032200 0.032200 0.127700 0.064600 0.068300 0.068100 0.063900 0.063500 0.064200 0.000000 0.095100 0.138400 0.101700 0.100800 0.064600 0.169200 0.032200 0.066900 0.140600 0.068100 0.164200 0.063500 0.063800 0.127300 0.064600 0.100600 0.095800 0.233600 0.063500 0.032200 0.063900 0.032200 0.031800 0.063400 0.098500 0.032200 0.095100 0.068300 0.105600 0.063900 0.065200 0.032200 0.141500 0.032200 0.203500 0.065600 0.064600
Springbuck 0.059900 0.149100 0.092400 0.176200 0.059200 0.059900 0.059900 0.027300 0.090200 0.094700 0.094600 0.093100 0.028400 0.090000 0.095100 0.000000 0.160600 0.126100 0.125500 0.090200 0.057300 0.059900 0.093200 0.162800 0.094600 0.055900 0.028400 0.089600 0.027400 0.090200 0.124800 0.057100 0.250200 0.028400 0.059900 0.028600 0.059900 0.029400 0.089000 0.122600 0.059900 0.000000 0.094700 0.130000 0.028600 0.091300 0.059900 0.164500 0.059900 0.223200 0.091500 0.090200
Okapi 0.097300 0.271200 0.133600 0.300700 0.129000 0.097300 0.097300 0.194700 0.130400 0.065400 0.137500 0.129000 0.128200 0.129700 0.138400 0.160600 0.000000 0.030800 0.169000 0.130400 0.240800 0.097300 0.135100 0.134600 0.137500 0.232200 0.128200 0.129000 0.193900 0.130400 0.096500 0.161700 0.221800 0.128200 0.097300 0.128600 0.097300 0.095800 0.127900 0.166000 0.097300 0.160600 0.065400 0.101100 0.128600 0.130700 0.097300 0.134600 0.097300 0.192000 0.131400 0.130400
Giraffe 0.063700 0.232600 0.098400 0.261500 0.095300 0.063700 0.063700 0.158900 0.096000 0.032100 0.101100 0.095100 0.094500 0.095500 0.101700 0.126100 0.030800 0.000000 0.133500 0.096000 0.201900 0.063700 0.099300 0.099100 0.101100 0.196300 0.094500 0.095000 0.158500 0.096000 0.063300 0.126900 0.180300 0.094500 0.063700 0.095100 0.063700 0.063000 0.094300 0.130300 0.063700 0.126100 0.032100 0.066200 0.095100 0.097000 0.063700 0.175800 0.063700 0.150700 0.097500 0.096000
TibetanAnt 0.063300 0.231200 0.097600 0.223300 0.094300 0.063300 0.063300 0.158100 0.095200 0.100400 0.100200 0.094400 0.093900 0.094900 0.100800 0.125500 0.169000 0.133500 0.000000 0.095200 0.200700 0.063300 0.098600 0.172800 0.100200 0.193400 0.093900 0.094400 0.158000 0.095200 0.132100 0.126100 0.267000 0.093900 0.063300 0.094300 0.063300 0.062300 0.093800 0.129400 0.063300 0.125500 0.100400 0.138000 0.094300 0.095600 0.063300 0.136100 0.063300 0.237700 0.095900 0.095200
Sitatunga 0.030500 0.188800 0.062700 0.218300 0.060700 0.030500 0.030500 0.121200 0.000000 0.064400 0.064300 0.060600 0.060200 0.060800 0.064600 0.090200 0.130400 0.096000 0.095200 0.000000 0.160000 0.030500 0.063200 0.132400 0.064300 0.088800 0.060200 0.060500 0.120800 0.000000 0.095000 0.090900 0.218000 0.060200 0.030500 0.060600 0.030500 0.030100 0.060100 0.093200 0.030500 0.090200 0.064400 0.099400 0.060600 0.061700 0.030500 0.133300 0.030500 0.189500 0.000100 0.000000
Oribi 0.127300 0.221400 0.163600 0.249500 0.125900 0.127300 0.127300 0.086400 0.160000 0.168500 0.168300 0.158600 0.090100 0.159300 0.169200 0.057300 0.240800 0.201900 0.200700 0.160000 0.000000 0.127300 0.165500 0.243800 0.168300 0.118000 0.090100 0.158400 0.086400 0.160000 0.199300 0.121000 0.350200 0.090100 0.127300 0.090900 0.127300 0.093600 0.157000 0.195400 0.127300 0.057300 0.168500 0.208300 0.090900 0.161800 0.127300 0.247500 0.127300 0.323700 0.162400 0.160000
BarbaryShe 0.000000 0.156400 0.031200 0.185800 0.030200 0.000000 0.000000 0.090400 0.030500 0.032100 0.032000 0.030200 0.030000 0.030300 0.032200 0.059900 0.097300 0.063700 0.063300 0.030500 0.127300 0.000000 0.031500 0.098800 0.032000 0.123700 0.030000 0.030200 0.090300 0.030500 0.063100 0.060300 0.179900 0.030000 0.000000 0.030200 0.000000 0.000100 0.030000 0.062000 0.000000 0.059900 0.032100 0.066000 0.030200 0.030700 0.000000 0.099300 0.000000 0.150400 0.030900 0.030500
Daviddeer 0.031500 0.195200 0.064800 0.225700 0.030700 0.031500 0.031500 0.125200 0.063200 0.066600 0.066500 0.062600 0.062200 0.062800 0.066900 0.093200 0.135100 0.099300 0.098600 0.063200 0.165500 0.031500 0.000000 0.137100 0.066500 0.160900 0.062200 0.062500 0.124800 0.063200 0.098300 0.093900 0.226500 0.062200 0.031500 0.062600 0.031500 0.031100 0.062100 0.096400 0.031500 0.093200 0.066600 0.103000 0.062600 0.063800 0.031500 0.138100 0.031500 0.197100 0.064200 0.063200
Reindeer 0.098800 0.274800 0.135700 0.305100 0.131400 0.098800 0.098800 0.197200 0.132400 0.066500 0.139600 0.131000 0.130100 0.131600 0.140600 0.162800 0.134600 0.099100 0.172800 0.132400 0.243800 0.098800 0.137100 0.000000 0.139600 0.236800 0.130100 0.130800 0.196300 0.132400 0.098100 0.164000 0.224600 0.130100 0.098800 0.131000 0.098800 0.097600 0.129800 0.096600 0.098800 0.162800 0.066500 0.032800 0.131000 0.133700 0.098800 0.219300 0.098800 0.196100 0.134500 0.132400
Ibex 0.032000 0.198400 0.065900 0.228900 0.063700 0.032000 0.032000 0.127100 0.064300 0.067800 0.000000 0.063600 0.063100 0.066900 0.068100 0.094600 0.137500 0.101100 0.100200 0.064300 0.168300 0.032000 0.066500 0.139600 0.000000 0.163400 0.063100 0.063500 0.126700 0.064300 0.100000 0.095300 0.184400 0.063100 0.032000 0.063600 0.032000 0.031600 0.063100 0.097900 0.032000 0.094600 0.067800 0.104900 0.063600 0.064800 0.032000 0.140600 0.032000 0.201800 0.065200 0.064300
GyrantGaze 0.123700 0.215800 0.158900 0.242800 0.121900 0.123700 0.123700 0.084300 0.088800 0.163600 0.163400 0.154300 0.087800 0.155000 0.164200 0.055900 0.232200 0.196300 0.193400 0.088800 0.118000 0.123700 0.160900 0.236800 0.163400 0.000000 0.087800 0.154200 0.084300 0.088800 0.193800 0.117800 0.245100 0.087800 0.123700 0.088100 0.123700 0.090600 0.153000 0.190100 0.123700 0.055900 0.163600 0.202100 0.088100 0.156100 0.123700 0.239200 0.123700 0.311500 0.089400 0.088800
Hartebeest 0.030000 0.118600 0.061700 0.146400 0.029600 0.030000 0.030000 0.056900 0.060200 0.063200 0.063100 0.059700 0.000000 0.059900 0.063500 0.028400 0.128200 0.094500 0.093900 0.060200 0.090100 0.030000 0.062200 0.130100 0.063100 0.087800 0.000000 0.059700 0.057200 0.064500 0.093600 0.028600 0.213300 0.000000 0.030000 0.000100 0.030000 0.000100 0.059300 0.091900 0.030000 0.028400 0.063200 0.097600 0.000100 0.060800 0.030000 0.131000 0.030000 0.185400 0.061000 0.060200
Bongo 0.030200 0.188000 0.062000 0.216100 0.060100 0.030200 0.030200 0.120200 0.060500 0.063600 0.063500 0.060000 0.059700 0.060200 0.063800 0.089600 0.129000 0.095000 0.094400 0.060500 0.158400 0.030200 0.062500 0.130800 0.063500 0.154200 0.059700 0.000000 0.120200 0.060500 0.094100 0.090000 0.215000 0.059700 0.030200 0.060000 0.030200 0.029800 0.059600 0.029500 0.030200 0.089600 0.063600 0.102800 0.060000 0.061100 0.030200 0.131900 0.030200 0.186800 0.061400 0.060500
Gerenuk 0.090300 0.181800 0.123600 0.135600 0.089200 0.090300 0.090300 0.055000 0.120800 0.126900 0.126700 0.120300 0.057200 0.120700 0.127300 0.027400 0.193900 0.158500 0.158000 0.120800 0.086400 0.090300 0.124800 0.196300 0.126700 0.084300 0.057200 0.120200 0.000000 0.120800 0.156900 0.086200 0.287900 0.057200 0.090300 0.057600 0.090300 0.059100 0.119400 0.154000 0.090300 0.027400 0.126900 0.162900 0.057600 0.122500 0.090300 0.198700 0.090300 0.261800 0.122600 0.120800
CommonElan 0.030500 0.188800 0.062700 0.218300 0.060700 0.030500 0.030500 0.121200 0.000000 0.064400 0.064300 0.060600 0.060200 0.060800 0.064600 0.090200 0.130400 0.096000 0.095200 0.000000 0.160000 0.030500 0.063200 0.132400 0.064300 0.088800 0.064500 0.060500 0.120800 0.000000 0.095000 0.090900 0.218000 0.060200 0.030500 0.060600 0.030500 0.030100 0.060100 0.093200 0.030500 0.090200 0.064400 0.099400 0.060600 0.061700 0.030500 0.133300 0.030500 0.189500 0.000100 0.000000
MuntiacusR 0.063100 0.229600 0.097400 0.257800 0.094400 0.063100 0.063100 0.157200 0.095000 0.031800 0.100000 0.094200 0.093600 0.094600 0.100600 0.124800 0.096500 0.063300 0.132100 0.095000 0.199300 0.063100 0.098300 0.098100 0.100000 0.193800 0.093600 0.094100 0.156900 0.095000 0.000000 0.125500 0.177700 0.093600 0.063100 0.094200 0.063100 0.062400 0.093400 0.128900 0.063100 0.124800 0.031800 0.065500 0.094200 0.096000 0.063100 0.173500 0.063100 0.148600 0.096500 0.095000
HarveysDui 0.060300 0.116700 0.093000 0.112300 0.059600 0.060300 0.060300 0.027400 0.090900 0.095500 0.095300 0.090100 0.028600 0.090400 0.095800 0.057100 0.161700 0.126900 0.126100 0.090900 0.121000 0.060300 0.093900 0.164000 0.095300 0.117800 0.028600 0.090000 0.086200 0.090900 0.125500 0.000000 0.167900 0.028600 0.060300 0.028800 0.060300 0.029600 0.089400 0.123300 0.060300 0.057100 0.095500 0.131100 0.028800 0.091800 0.060300 0.093500 0.060300 0.182200 0.092200 0.090900
Pronghorn 0.179900 0.333400 0.222500 0.311800 0.216200 0.179900 0.179900 0.201800 0.218000 0.144900 0.184400 0.215300 0.213300 0.216500 0.233600 0.250200 0.221800 0.180300 0.267000 0.218000 0.350200 0.179900 0.226500 0.224600 0.184400 0.245100 0.213300 0.215000 0.287900 0.218000 0.177700 0.167900 0.000000 0.213300 0.179900 0.215600 0.179900 0.177500 0.212300 0.258300 0.179900 0.250200 0.144900 0.186900 0.215600 0.220400 0.179900 0.225800 0.179900 0.157700 0.221800 0.218000
BlueWildeb 0.030000 0.118600 0.061400 0.146400 0.029600 0.030000 0.030000 0.057100 0.060200 0.063200 0.063100 0.059700 0.000000 0.059900 0.063500 0.028400 0.128200 0.094500 0.093900 0.060200 0.090100 0.030000 0.062200 0.130100 0.063100 0.087800 0.000000 0.059700 0.057200 0.060200 0.093600 0.028600 0.213300 0.000000 0.030000 0.000100 0.030000 0.000100 0.059300 0.091900 0.030000 0.028400 0.063200 0.102900 0.000100 0.060800 0.030000 0.131000 0.030000 0.185400 0.061000 0.060200
Gemsbok 0.000000 0.156400 0.031200 0.185800 0.030200 0.000000 0.000000 0.090400 0.030500 0.032100 0.032000 0.030200 0.030000 0.030300 0.032200 0.059900 0.097300 0.063700 0.063300 0.030500 0.127300 0.000000 0.031500 0.098800 0.032000 0.123700 0.030000 0.030200 0.090300 0.030500 0.063100 0.060300 0.179900 0.030000 0.000000 0.030200 0.000000 0.000100 0.030000 0.062000 0.000000 0.059900 0.032100 0.066000 0.030200 0.030700 0.000000 0.099300 0.000000 0.150400 0.030900 0.030500
Yak 0.030200 0.119000 0.062100 0.146500 0.040200 0.030200 0.030200 0.057600 0.060600 0.063700 0.063600 0.060100 0.000100 0.060300 0.063900 0.028600 0.128600 0.095100 0.094300 0.060600 0.090900 0.030200 0.062600 0.131000 0.063600 0.088100 0.000100 0.060000 0.057600 0.060600 0.094200 0.028800 0.215600 0.000100 0.030200 0.000000 0.030200 0.000200 0.059700 0.092500 0.030200 0.028600 0.063700 0.098300 0.000000 0.061000 0.030200 0.131500 0.030200 0.186400 0.061200 0.060600
BlueSheep 0.000000 0.156400 0.031200 0.185800 0.030200 0.000000 0.000000 0.090400 0.030500 0.032100 0.032000 0.030200 0.030000 0.030300 0.032200 0.059900 0.097300 0.063700 0.063300 0.030500 0.127300 0.000000 0.031500 0.098800 0.032000 0.123700 0.030000 0.030200 0.090300 0.030500 0.063100 0.060300 0.179900 0.030000 0.000000 0.030200 0.000000 0.000100 0.030000 0.062000 0.000000 0.059900 0.032100 0.066000 0.030200 0.030700 0.000000 0.099300 0.000000 0.150400 0.030900 0.030500
BohorReedb 0.000100 0.122100 0.030900 0.181100 0.028700 0.000100 0.000100 0.059100 0.030100 0.031700 0.031600 0.029900 0.000100 0.030000 0.031800 0.029400 0.095800 0.063000 0.062300 0.030100 0.093600 0.000100 0.031100 0.097600 0.031600 0.090600 0.000100 0.029800 0.059100 0.030100 0.062400 0.029600 0.177500 0.000100 0.000100 0.000200 0.000100 0.000000 0.029700 0.061300 0.000100 0.029400 0.031700 0.065200 0.000200 0.030300 0.000100 0.097700 0.000100 0.147500 0.030400 0.030100
KirksDik 0.030000 0.186500 0.061600 0.214000 0.059700 0.030000 0.030000 0.119300 0.060100 0.063100 0.063100 0.059700 0.059300 0.059900 0.063400 0.089000 0.127900 0.094300 0.093800 0.060100 0.157000 0.030000 0.062100 0.129800 0.063100 0.153000 0.059300 0.059600 0.119400 0.060100 0.093400 0.089400 0.212300 0.059300 0.030000 0.059700 0.030000 0.029700 0.000000 0.091800 0.030000 0.089000 0.063100 0.097400 0.059700 0.060800 0.030000 0.130700 0.030000 0.184500 0.061000 0.060100
RoeDeer 0.062000 0.225200 0.095500 0.254000 0.092600 0.062000 0.062000 0.154300 0.093200 0.098100 0.097900 0.092400 0.091900 0.092800 0.098500 0.122600 0.166000 0.130300 0.129400 0.093200 0.195400 0.062000 0.096400 0.096600 0.097900 0.190100 0.091900 0.029500 0.154000 0.093200 0.128900 0.123300 0.258300 0.091900 0.062000 0.092500 0.062000 0.061300 0.091800 0.000000 0.062000 0.122600 0.098100 0.064500 0.092500 0.094200 0.062000 0.169900 0.062000 0.231500 0.094600 0.093200
WhiteLippe 0.000000 0.156400 0.031200 0.185800 0.030200 0.000000 0.000000 0.090400 0.030500 0.032100 0.032000 0.030200 0.030000 0.030300 0.032200 0.059900 0.097300 0.063700 0.063300 0.030500 0.127300 0.000000 0.031500 0.098800 0.032000 0.123700 0.030000 0.030200 0.090300 0.030500 0.063100 0.060300 0.179900 0.030000 0.000000 0.030200 0.000000 0.000100 0.030000 0.062000 0.000000 0.059900 0.032100 0.066000 0.030200 0.030700 0.000000 0.099300 0.000000 0.150400 0.030900 0.030500
ThomsonGaz 0.059900 0.149100 0.092400 0.176200 0.059200 0.059900 0.059900 0.027300 0.090200 0.094700 0.094600 0.089600 0.028400 0.090000 0.095100 0.000000 0.160600 0.126100 0.125500 0.090200 0.057300 0.059900 0.093200 0.162800 0.094600 0.055900 0.028400 0.089600 0.027400 0.090200 0.124800 0.057100 0.250200 0.028400 0.059900 0.028600 0.059900 0.029400 0.089000 0.122600 0.059900 0.000000 0.098600 0.130000 0.028600 0.091300 0.059900 0.164500 0.059900 0.223200 0.091500 0.090200
MuntiacusC 0.032100 0.198400 0.066000 0.229100 0.063800 0.032100 0.032100 0.127300 0.064400 0.000000 0.067800 0.063700 0.063200 0.063900 0.068300 0.094700 0.065400 0.032100 0.100400 0.064400 0.168500 0.032100 0.066600 0.066500 0.067800 0.163600 0.063200 0.063600 0.126900 0.064400 0.031800 0.095500 0.144900 0.063200 0.032100 0.063700 0.032100 0.031700 0.063100 0.098100 0.032100 0.098600 0.000000 0.033400 0.063700 0.064900 0.032100 0.140800 0.032100 0.113700 0.065300 0.064400
WhiteTaile 0.066000 0.238200 0.102000 0.269800 0.098600 0.066000 0.066000 0.163800 0.099400 0.033400 0.104900 0.098300 0.097600 0.098700 0.105600 0.130000 0.101100 0.066200 0.138000 0.099400 0.208300 0.066000 0.103000 0.032800 0.104900 0.202100 0.097600 0.102800 0.162900 0.099400 0.065500 0.131100 0.186900 0.102900 0.066000 0.098300 0.066000 0.065200 0.097400 0.064500 0.066000 0.130000 0.033400 0.000000 0.098300 0.100300 0.066000 0.181900 0.066000 0.156900 0.101000 0.104500
Cattle 0.030200 0.119000 0.062100 0.146500 0.040200 0.030200 0.030200 0.057600 0.060600 0.063700 0.063600 0.060100 0.000100 0.060300 0.063900 0.028600 0.128600 0.095100 0.094300 0.060600 0.090900 0.030200 0.062600 0.131000 0.063600 0.088100 0.000100 0.060000 0.057600 0.060600 0.094200 0.028800 0.215600 0.000100 0.030200 0.000000 0.030200 0.000200 0.059700 0.092500 0.030200 0.028600 0.063700 0.098300 0.000000 0.061000 0.030200 0.131500 0.030200 0.186400 0.061200 0.060600
RoyalAntel 0.030700 0.155600 0.063200 0.219900 0.061000 0.030700 0.030700 0.122600 0.061700 0.064900 0.064800 0.061100 0.060800 0.000100 0.065200 0.091300 0.130700 0.097000 0.095600 0.061700 0.161800 0.030700 0.063800 0.133700 0.064800 0.156100 0.060800 0.061100 0.122500 0.061700 0.096000 0.091800 0.220400 0.060800 0.030700 0.061000 0.030700 0.030300 0.060800 0.094200 0.030700 0.091300 0.064900 0.100300 0.061000 0.000000 0.030700 0.134100 0.030700 0.190600 0.062100 0.061700
Steenbok 0.000000 0.156400 0.031200 0.185800 0.030200 0.000000 0.000000 0.090400 0.030500 0.032100 0.032000 0.030200 0.030000 0.030300 0.032200 0.059900 0.097300 0.063700 0.063300 0.030500 0.127300 0.000000 0.031500 0.098800 0.032000 0.123700 0.030000 0.030200 0.090300 0.030500 0.063100 0.060300 0.179900 0.030000 0.000000 0.030200 0.000000 0.000100 0.030000 0.062000 0.000000 0.059900 0.032100 0.066000 0.030200 0.030700 0.000000 0.099300 0.000000 0.150400 0.030900 0.030500
Impala 0.099300 0.237100 0.136500 0.258800 0.131800 0.099300 0.099300 0.124800 0.133300 0.140800 0.140600 0.132000 0.131000 0.132600 0.141500 0.164500 0.134600 0.175800 0.136100 0.133300 0.247500 0.099300 0.138100 0.219300 0.140600 0.239200 0.131000 0.131900 0.198700 0.133300 0.173500 0.093500 0.225800 0.131000 0.099300 0.131500 0.099300 0.097700 0.130700 0.169900 0.099300 0.164500 0.140800 0.181900 0.131500 0.134100 0.099300 0.000000 0.099300 0.246300 0.134700 0.133300
Klipspring 0.000000 0.156400 0.031200 0.185800 0.030200 0.000000 0.000000 0.090400 0.030500 0.032100 0.032000 0.030200 0.030000 0.030300 0.032200 0.059900 0.097300 0.063700 0.063300 0.030500 0.127300 0.000000 0.031500 0.098800 0.032000 0.123700 0.030000 0.030200 0.090300 0.030500 0.063100 0.060300 0.179900 0.030000 0.000000 0.030200 0.000000 0.000100 0.030000 0.062000 0.000000 0.059900 0.032100 0.066000 0.030200 0.030700 0.000000 0.099300 0.000000 0.150400 0.030900 0.030500
ForestMusk 0.150400 0.299300 0.194300 0.337900 0.187000 0.150400 0.150400 0.219200 0.189500 0.113700 0.201800 0.186900 0.185400 0.188100 0.203500 0.223200 0.192000 0.150700 0.237700 0.189500 0.323700 0.150400 0.197100 0.196100 0.201800 0.311500 0.185400 0.186800 0.261800 0.189500 0.148600 0.182200 0.157700 0.185400 0.150400 0.186400 0.150400 0.147500 0.184500 0.231500 0.150400 0.223200 0.113700 0.156900 0.186400 0.190600 0.150400 0.246300 0.150400 0.000000 0.192000 0.189500
Bushbuck 0.030900 0.191200 0.063600 0.221000 0.061400 0.030900 0.030900 0.123000 0.000100 0.065300 0.065200 0.061400 0.061000 0.061700 0.065600 0.091500 0.131400 0.097500 0.095900 0.000100 0.162400 0.030900 0.064200 0.134500 0.065200 0.089400 0.061000 0.061400 0.122600 0.000100 0.096500 0.092200 0.221800 0.061000 0.030900 0.061200 0.030900 0.030400 0.061000 0.094600 0.030900 0.091500 0.065300 0.101000 0.061200 0.062100 0.030900 0.134700 0.030900 0.192000 0.000000 0.000100
GreaterKud 0.030500 0.188800 0.062700 0.218300 0.060700 0.030500 0.030500 0.121200 0.000000 0.064400 0.064300 0.060600 0.060200 0.060800 0.064600 0.090200 0.130400 0.096000 0.095200 0.000000 0.160000 0.030500 0.063200 0.132400 0.064300 0.088800 0.060200 0.060500 0.120800 0.000000 0.095000 0.090900 0.218000 0.060200 0.030500 0.060600 0.030500 0.030100 0.060100 0.093200 0.030500 0.090200 0.064400 0.104500 0.060600 0.061700 0.030500 0.133300 0.030500 0.189500 0.000100 0.000000
